"","year","month","avg_rating","no_ratings","avg_rating_owned","avg_rating_not_owned","avg_rating_prev_owned","avg_rating_comment","avg_rating_no_comment","no_ratings_owned","no_ratings_not_owned","no_ratings_prev_owned","no_ratings_comment","no_ratings_no_comment","cum_no_ratings","cum_no_ratings_owned","cum_no_ratings_not_owned","cum_no_ratings_prev_owned","cum_no_ratings_comment","cum_no_ratings_no_comment","cum_avg_rating","cum_avg_rating_owned","cum_avg_rating_not_owned","cum_avg_rating_prev_owned","cum_avg_rating_comment","cum_avg_rating_no_comment","month_after_release"
"1",2003,10,8.125,4,8,8.16666666666667,NA,8.33333333333333,7.5,1,3,0,3,1,4,1,3,0,3,1,8.125,8,8.16666666666667,NA,8.33333333333333,7.5,0
"2",2003,11,8.58333333333333,6,9.16666666666667,8,NA,8.625,8.5,3,3,0,4,2,10,4,6,0,7,3,8.4,8.875,8.08333333333333,NA,8.5,8.16666666666667,1
"3",2003,12,8.125,12,8.92857142857143,7,NA,8.16666666666667,8.11111111111111,7,5,0,3,9,22,11,11,0,10,12,8.25,8.90909090909091,7.59090909090909,NA,8.4,8.125,2
"4",2004,1,7.85,10,8.3125,6,NA,8.1,7.6,8,2,0,5,5,32,19,13,0,15,17,8.125,8.6578947368421,7.34615384615385,NA,8.3,7.97058823529412,3
"5",2004,2,7.8,5,8,7,NA,7.75,8,4,1,0,4,1,37,23,14,0,19,18,8.08108108108108,8.54347826086956,7.32142857142857,NA,8.18421052631579,7.97222222222222,4
"6",2004,3,8.61111111111111,9,8.6875,8,8,8.33333333333333,8.75,8,1,1,3,6,46,31,15,1,22,24,8.18478260869565,8.58064516129032,7.36666666666667,8,8.20454545454546,8.16666666666667,5
"7",2004,4,7.5,10,7.5,NA,NA,NA,7.5,10,0,0,0,10,56,41,15,1,22,34,8.0625,8.31707317073171,7.36666666666667,8,8.20454545454546,7.97058823529412,6
"8",2004,5,8.36363636363636,11,8.44444444444444,8,9,8.75,8.14285714285714,9,2,1,4,7,67,50,17,2,26,41,8.11194029850746,8.34,7.44117647058824,8.5,8.28846153846154,8,7
"9",2004,6,7.875,8,9,6,NA,7.5,8,5,3,0,2,6,75,55,20,2,28,47,8.08666666666667,8.4,7.225,8.5,8.23214285714286,8,8
"10",2004,7,8.83333333333333,6,8.83333333333333,NA,NA,9.5,8.5,6,0,0,2,4,81,61,20,2,30,51,8.14197530864197,8.44262295081967,7.225,8.5,8.31666666666667,8.03921568627451,9
"11",2004,8,8.88888888888889,9,8.88888888888889,NA,NA,8.875,8.9,9,0,0,4,5,90,70,20,2,34,56,8.21666666666667,8.5,7.225,8.5,8.38235294117647,8.11607142857143,10
"12",2004,9,8.07894736842105,19,8.16666666666667,7.75,NA,8.6,7.5,15,4,0,10,9,109,85,24,2,44,65,8.19266055045872,8.44117647058824,7.3125,8.5,8.43181818181818,8.03076923076923,11
"13",2004,10,7.8125,16,7.92307692307692,7.33333333333333,9,7.5,8,13,3,1,6,10,125,98,27,3,50,75,8.144,8.37244897959184,7.31481481481481,8.66666666666667,8.32,8.02666666666667,12
"14",2004,11,7.92857142857143,14,8.66666666666667,3.5,NA,8.875,6.66666666666667,12,2,0,8,6,139,110,29,3,58,81,8.12230215827338,8.40454545454545,7.05172413793103,8.66666666666667,8.39655172413793,7.92592592592593,13
"15",2004,12,8.23,10,8.64285714285714,7.26666666666667,NA,8.5,8.1625,7,3,0,2,8,149,117,32,3,60,89,8.12953020134228,8.41880341880342,7.071875,8.66666666666667,8.4,7.94719101123595,14
"16",2005,1,7.36,20,7.62941176470588,5.83333333333333,NA,6.75714285714286,7.68461538461538,17,3,0,7,13,169,134,35,3,67,102,8.03846153846154,8.31865671641791,6.96571428571429,8.66666666666667,8.22835820895522,7.91372549019608,15
"17",2005,2,8.18421052631579,19,8.64285714285714,6.9,6.5,8.1875,8.18181818181818,14,5,1,8,11,188,148,40,4,75,113,8.0531914893617,8.34932432432432,6.9575,8.125,8.224,7.93982300884956,16
"18",2005,3,8.375,22,8.64473684210526,6.66666666666667,NA,8.5,8.19444444444444,19,3,0,13,9,210,167,43,4,88,122,8.08690476190476,8.38293413173653,6.93720930232558,8.125,8.26477272727273,7.95860655737705,17
"19",2005,4,8.17647058823529,17,8.28571428571429,7.66666666666667,10,8.125,8.22222222222222,14,3,1,8,9,227,181,46,5,96,131,8.09361233480176,8.37541436464089,6.98478260869565,8.5,8.253125,7.97671755725191,18
"20",2005,5,8.41666666666667,12,8.36363636363636,9,NA,9.25,8,11,1,0,4,8,239,192,47,5,100,139,8.10983263598326,8.37473958333334,7.02765957446809,8.5,8.293,7.97805755395683,19
"21",2005,6,7.783,10,7.88833333333333,7.625,6.5,7.44333333333333,7.92857142857143,6,4,1,3,7,249,198,51,6,103,146,8.09670682730924,8.36,7.07450980392157,8.16666666666667,8.26825242718447,7.97568493150685,20
"22",2005,7,7.28125,16,7.63636363636364,6.5,7,6.58333333333333,7.7,11,5,1,6,10,265,209,56,7,109,156,8.04747169811321,8.32191387559809,7.02321428571429,8,8.17550458715596,7.95801282051282,21
"23",2005,8,8.05555555555556,18,8.33333333333333,6.66666666666667,NA,8.03571428571429,8.125,15,3,0,14,4,283,224,59,7,123,160,8.04798586572438,8.32267857142857,7.00508474576271,8,8.15959349593496,7.9621875,22
"24",2005,9,7.80555555555556,18,8.25,6.25,6,8.33333333333333,7.54166666666667,14,4,1,6,12,301,238,63,8,129,172,8.03348837209302,8.31840336134454,6.95714285714286,7.75,8.16767441860465,7.9328488372093,23
"25",2005,10,7.62592592592593,27,8.46875,6.4,7.33333333333333,8.23076923076923,7.06428571428571,16,11,3,13,14,328,254,74,11,142,186,7.99993902439024,8.32787401574803,6.87432432432433,7.63636363636364,8.17345070422535,7.86747311827957,24
"26",2005,11,8.225,20,8.32352941176471,7.66666666666667,7,8.11111111111111,8.31818181818182,17,3,1,9,11,348,271,77,12,151,197,8.01287356321839,8.32760147601476,6.90519480519481,7.58333333333333,8.16973509933775,7.89263959390863,25
"27",2005,12,8.28888888888889,18,8.3875,7.5,NA,8.5,8.18333333333333,16,2,0,6,12,366,287,79,12,157,209,8.02644808743169,8.33094076655052,6.92025316455696,7.58333333333333,8.18235668789809,7.90933014354067,26
"28",2006,1,7.84210526315789,19,7.89285714285714,7.7,8,7.57142857142857,8,14,5,2,7,12,385,301,84,14,164,221,8.01735064935065,8.31056478405316,6.96666666666667,7.64285714285714,8.15628048780488,7.91425339366516,27
"29",2006,2,8.09473684210526,19,8.23571428571429,7.7,NA,8.11818181818182,8.0625,14,5,0,11,8,404,315,89,14,175,229,8.0209900990099,8.3072380952381,7.00786516853933,7.64285714285714,8.15388571428571,7.91943231441048,28
"30",2006,3,7.95,12,8.15555555555556,7.33333333333333,9,8,7.91428571428571,9,3,2,5,7,416,324,92,16,180,236,8.01894230769231,8.30302469135803,7.01847826086957,7.8125,8.14961111111111,7.91927966101695,29
"31",2006,4,7.44375,16,8.22222222222222,6.44285714285714,NA,8.1875,6.7,9,7,0,8,8,432,333,99,16,188,244,7.99763888888889,8.30084084084084,6.97777777777778,7.8125,8.15122340425532,7.87930327868852,30
"32",2006,5,7.8125,16,7.89285714285714,7.25,NA,8,7.5,14,2,0,10,6,448,347,101,16,198,250,7.99102678571429,8.28438040345821,6.98316831683168,7.8125,8.14358585858586,7.8702,31
"33",2006,6,7.88125,16,7.88125,NA,NA,7.33333333333333,8.21,16,0,0,6,10,464,363,101,16,204,260,7.98724137931035,8.26661157024794,6.98316831683168,7.8125,8.11975490196078,7.88326923076923,32
"34",2006,7,7.9,21,8.05625,7.4,8,7.83333333333333,7.95,16,5,1,9,12,485,379,106,17,213,272,7.98346391752577,8.2577308707124,7.00283018867925,7.82352941176471,8.10765258215962,7.88621323529412,33
"35",2006,8,7.39705882352941,17,7.63461538461539,6.625,NA,7.91666666666667,7.11363636363636,13,4,0,6,11,502,392,110,17,219,283,7.96360557768925,8.23706632653061,6.98909090909091,7.82352941176471,8.1024200913242,7.85618374558304,34
"36",2006,9,7.56,25,7.80555555555556,6.92857142857143,NA,7.39285714285714,7.77272727272727,18,7,0,14,11,527,410,117,17,233,294,7.94445920303606,8.21812195121951,6.98547008547009,7.82352941176471,8.05978540772532,7.8530612244898,35
"37",2006,10,8.12931034482759,29,8.22222222222222,7.97727272727273,8.16666666666667,8.57142857142857,7.71666666666667,18,11,3,14,15,556,428,128,20,247,309,7.95410071942446,8.21829439252336,7.070703125,7.875,8.08878542510121,7.84644012944984,36
"38",2006,11,8.2,15,8.44444444444444,7.83333333333333,8,7.8,8.4,9,6,2,5,10,571,437,134,22,252,319,7.96056042031524,8.22295194508009,7.10485074626866,7.88636363636364,8.08305555555556,7.86379310344828,37
"39",2006,12,7.94354838709677,31,8.25,6.89285714285714,7.5,7.67857142857143,8.16176470588235,24,7,3,14,17,602,461,141,25,266,336,7.95968438538206,8.22436008676789,7.09432624113475,7.84,8.06176691729323,7.87886904761905,38
"40",2007,1,7.63235294117647,34,7.92857142857143,7.15384615384615,8,7.875,7.5,21,13,2,12,22,636,482,154,27,278,358,7.9421855345912,8.21147302904564,7.09935064935065,7.85185185185185,8.05370503597122,7.85558659217877,39
"41",2007,2,7.67844419354839,31,8.075,6.70908555555556,8,7.27777777777778,7.84235318181818,22,9,2,9,22,667,504,163,29,287,380,7.92992769115442,8.20551587301587,7.07780226993865,7.86206896551724,8.02937282229965,7.85482044736842,40
"42",2007,3,7.88625,24,8.11421052631579,7.02,6.55,7.88888888888889,7.88466666666667,19,5,2,9,15,691,523,168,31,296,395,7.92841066570188,8.20219885277247,7.07608196428571,7.77741935483871,8.02510135135135,7.85595384810127,41
"43",2007,4,7.934375,32,8.29166666666667,6.8625,9,7.88235294117647,7.99333333333333,24,8,1,17,15,723,547,176,32,313,410,7.92867464730291,8.20612431444241,7.06637369318182,7.815625,8.0173482428115,7.86097992682927,42
"44",2007,5,7.31538461538462,26,8.01666666666667,6.71428571428571,7,7.59090909090909,7.11333333333333,12,14,2,11,15,749,559,190,34,324,425,7.90738554072096,8.2020572450805,7.04043036842105,7.76764705882353,8.00287037037037,7.8345924,43
"45",2007,6,7.765625,32,7.9,7.50909090909091,8.05,8,7.60526315789474,21,11,2,13,19,781,580,201,36,337,444,7.9015771702945,8.19112068965517,7.06607845771144,7.78333333333333,8.00275964391691,7.82477876126126,44
"46",2007,7,7.7,23,8.10588235294118,6.55,7,8.22727272727273,7.21666666666667,17,6,1,11,12,804,597,207,37,348,456,7.89581065920398,8.18869346733668,7.05111966183575,7.76216216216216,8.00985632183908,7.80877581140351,45
"47",2007,8,7.94565217391304,23,8.16176470588235,7.33333333333333,NA,7.85714285714286,7.984375,17,6,0,7,16,827,614,213,37,355,472,7.89719681983071,8.18794788273615,7.059069342723,7.76216216216216,8.00684507042254,7.81472832627119,46
"48",2007,9,7.94444444444444,18,8.10714285714286,7.375,8,8,7.875,14,4,2,10,8,845,628,217,39,365,480,7.89820327810651,8.18614649681528,7.06489294930875,7.77435897435898,8.00665753424658,7.81573285416667,47
"49",2007,10,7.76,30,8.26521739130435,6.1,6,8.35555555555556,7.5047619047619,23,7,1,9,21,875,651,224,40,374,501,7.89346488,8.1889400921659,7.03474004464286,7.73,8.01505347593583,7.80269814371257,48
"50",2007,11,7.95454545454545,33,8.01724137931035,7.5,9,8.06666666666667,7.86111111111111,29,4,1,15,18,908,680,228,41,389,519,7.89568476872247,8.18161764705882,7.0429025,7.7609756097561,8.01704370179949,7.80472402697495,49
"51",2007,12,7.61515151515152,33,8.2,6.91333333333333,NA,7.54,7.67777777777778,18,15,0,15,18,941,698,243,41,404,537,7.88584672688629,8.18209169054441,7.03490440329218,7.7609756097561,7.99933168316832,7.80046884543762,50
"52",2008,1,8.09393939393939,33,8.20740740740741,7.58333333333333,7,8.41666666666667,7.90952380952381,27,6,1,12,21,974,725,249,42,416,558,7.89289709445585,8.18303448275862,7.04811955823293,7.74285714285714,8.01137019230769,7.80457306451613,51
"53",2008,2,7.88,25,8.32142857142857,7.31818181818182,8,7.73076923076923,8.04166666666667,14,11,1,13,12,999,739,260,43,429,570,7.89257434434435,8.18565629228688,7.05954526923077,7.74883720930233,8.00286713286713,7.80956450877193,52
"54",2008,3,7.68,20,8.33333333333333,6.7,8,8.0625,7.425,12,8,1,8,12,1019,751,268,44,437,582,7.88840212953877,8.18801597869507,7.04881257462687,7.75454545454546,8.00395881006865,7.80163534364261,53
"55",2008,4,7.72941176470588,34,8.12727272727273,7,7.25,7.53846153846154,7.84761904761905,22,12,2,13,21,1053,773,280,46,450,603,7.88326853751187,8.1862871927555,7.04672060714286,7.73260869565217,7.99051111111111,7.80323676616916,54
"56",2008,5,7.61552631578947,38,8.24238095238095,6.84117647058823,7,7.52727272727273,7.65148148148148,21,17,2,11,27,1091,794,297,48,461,630,7.87394296058662,8.18777078085643,7.03495545454545,7.70208333333333,7.97945770065076,7.79673296825397,55
"57",2008,6,7.96,15,8.29,7.3,7,7.84285714285714,8.0625,10,5,1,7,8,1106,804,302,49,468,638,7.87511009945751,8.18904228855722,7.03934360927152,7.68775510204082,7.97741452991453,7.80006547021944,56
"58",2008,7,7.7741935483871,31,7.93181818181818,7.38888888888889,6.5,7.5,7.925,22,9,4,11,20,1137,826,311,53,479,658,7.87235863676341,8.18219128329298,7.04945906752412,7.59811320754717,7.9664509394572,7.80386287234043,57
"59",2008,8,7.775,18,8.06333333333333,6.33333333333333,6,7.91666666666667,7.63333333333333,15,3,1,9,9,1155,841,314,54,488,667,7.87084135930736,8.18007134363853,7.04261710191083,7.56851851851852,7.96553278688525,7.80156187406297,58
"60",2008,9,7.44,25,7.97222222222222,6.07142857142857,7.5,7.16666666666667,7.52631578947368,18,7,2,6,19,1180,859,321,56,494,686,7.86171336440678,8.17571594877765,7.02143853582554,7.56607142857143,7.95582995951417,7.79393844023324,59
"61",2008,10,7.54230769230769,26,7.9,6.57142857142857,6.75,7.375,7.61666666666667,19,7,4,8,18,1206,878,328,60,502,704,7.85482733830846,8.16974943052392,7.01183466463415,7.51166666666667,7.94657370517928,7.78940592329546,60
"62",2008,11,7.63913043478261,23,8.05384615384615,7.1,NA,7.71428571428571,7.60625,13,10,0,7,16,1229,891,338,60,509,720,7.8507906997559,8.1680583613917,7.01444310650888,7.51166666666667,7.94337917485265,7.78533579166667,61
"63",2008,12,7.71794871794872,39,7.94642857142857,7.13636363636364,7.1,7.89090909090909,7.65,28,11,5,11,28,1268,919,349,65,520,748,7.8467048659306,8.1613057671382,7.0182858739255,7.48,7.94226923076923,7.78026974598931,62
"64",2009,1,7.6195652173913,46,8.03030303030303,6.57692307692308,6.875,7.35294117647059,7.77586206896552,33,13,4,17,29,1314,952,362,69,537,777,7.83875324961948,8.15676470588236,7.00243582872928,7.44492753623188,7.92361266294227,7.78010523809524,63
"65",2009,2,7.3712962962963,54,7.906,6.91034482758621,6.5,7.69444444444444,7.30666666666667,25,29,3,9,45,1368,977,391,72,546,822,7.82030100146199,8.15034800409417,6.99560554987212,7.40555555555556,7.91983516483516,7.75418706812652,64
"66",2009,3,7.71951219512195,41,8.09545454545455,7.28421052631579,7.3,7.55,7.7741935483871,22,19,5,10,31,1409,999,410,77,556,853,7.81736818310859,8.14913913913914,7.00897992682927,7.3987012987013,7.91318345323741,7.75491415005862,65
"67",2009,4,7.69140625,64,7.9546875,7.428125,6.75,7.75,7.68181818181818,32,32,2,9,55,1473,1031,442,79,565,908,7.81189529531568,8.14310378273521,7.03932527149321,7.38227848101266,7.91058407079646,7.75048653083701,66
"68",2009,5,7.622,50,8.07692307692308,7.12916666666667,7,7.69230769230769,7.5972972972973,26,24,2,13,37,1523,1057,466,81,578,945,7.80566104399212,8.14147587511826,7.04395229613734,7.37283950617284,7.90567474048443,7.74448864550265,67
"69",2009,6,7.59431818181818,44,8,7.286,7.3,7.23571428571429,7.66216216216216,19,25,3,7,37,1567,1076,491,84,585,982,7.79972671984684,8.13897769516729,7.05627651731161,7.3702380952381,7.89765811965812,7.7413867311609,68
"70",2009,7,7.57857142857143,42,7.6,7.55263157894737,7.25,7.05,7.74375,23,19,4,10,32,1609,1099,510,88,595,1014,7.79395386575513,8.12769790718835,7.07476817647059,7.36477272727273,7.88341176470588,7.74146131163708,69
"71",2009,8,7.68529411764706,34,8.13888888888889,7.175,6.66666666666667,7.67692307692308,7.69047619047619,18,16,3,13,21,1643,1117,526,91,608,1035,7.79170527693244,8.12787824529991,7.07781705323194,7.34175824175824,7.87899671052632,7.74042683091788,70
"72",2009,9,7.4375,40,7.61764705882353,7.30434782608696,6.25,7.44444444444444,7.43548387096774,17,23,4,9,31,1683,1134,549,95,617,1066,7.78328685086156,8.12022927689594,7.08730741347905,7.29578947368421,7.87265802269044,7.7315588836773,71
"73",2009,10,7.52765957446809,47,7.7875,6.97333333333333,7.15,7.31,7.58648648648649,32,15,4,10,37,1730,1166,564,99,627,1103,7.77634206358382,8.11109777015438,7.08427618794326,7.28989898989899,7.86368421052632,7.72669244786945,72
"74",2009,11,7.382,50,7.675,6.86111111111111,6,7.61428571428571,7.29166666666667,32,18,3,14,36,1780,1198,582,102,641,1139,7.76526503932584,8.09944908180301,7.07737417525773,7.25196078431373,7.85823712948518,7.71294273046532,73
"75",2009,12,7.32244897959184,49,7.75909090909091,6.96666666666667,6.76666666666667,7.7875,7.23170731707317,22,27,6,8,41,1829,1220,609,108,649,1180,7.75340173318753,8.09331147540984,7.07246596059113,7.225,7.85736517719569,7.69622183898305,74
"76",2010,1,7.46666666666667,51,8.21153846153846,6.692,7.65,7.9,7.3609756097561,26,25,2,10,41,1880,1246,634,110,659,1221,7.74562328191489,8.09577849117175,7.05746335962145,7.23272727272727,7.85801213960546,7.6849645945946,75
"77",2010,2,7.73529411764706,34,8.2,7.36842105263158,7.9,8,7.625,15,19,5,10,24,1914,1261,653,115,669,1245,7.74543979623824,8.09701823949247,7.06651113323124,7.26173913043478,7.86013452914798,7.68380865060241,76
"78",2010,3,7.31818181818182,33,8,6.67647058823529,7.75,7.57142857142857,7.25,16,17,2,7,26,1947,1277,670,117,676,1271,7.73819813559322,8.09580266249021,7.05661458208955,7.27008547008547,7.8571449704142,7.67493451612903,77
"79",2010,4,7.75,18,8.35,7,7,7.7,7.76923076923077,10,8,2,5,13,1965,1287,678,119,681,1284,7.73830624427481,8.09777777777778,7.05594656342183,7.26554621848739,7.85599118942731,7.67588922897196,78
"80",2010,5,7.33292682926829,41,7.53653846153846,6.98,8.25,7.05555555555556,7.4109375,26,15,2,9,32,2006,1313,693,121,690,1316,7.7300208225324,8.08666412795126,7.0543026984127,7.28181818181818,7.84555072463768,7.6694466337386,79
"81",2010,6,7.54230769230769,26,7.50555555555556,7.625,7.125,7.6,7.52857142857143,18,8,4,5,21,2032,1331,701,125,695,1337,7.72761898129921,8.07880540946657,7.06081564907275,7.2768,7.84378417266187,7.667233934181,80
"82",2010,7,7.7,20,7.92857142857143,7.16666666666667,7,8.33333333333333,7.58823529411765,14,6,1,3,17,2052,1345,707,126,698,1354,7.72734979044834,8.07724163568773,7.06171396039604,7.27460317460317,7.845888252149,7.66624207533235,81
"83",2010,8,7.19047619047619,21,7.875,6.27777777777778,6.66666666666667,8.0625,6.65384615384615,12,9,3,8,13,2073,1357,716,129,706,1367,7.72191112879884,8.07545320560059,7.05186001396648,7.26046511627907,7.84834277620397,7.65661431602048,82
"84",2010,9,7.4125,32,7.85454545454545,6.44,7.25,8.125,7.31071428571429,22,10,4,4,28,2105,1379,726,133,710,1395,7.71720749168646,8.07192893401015,7.04343219008264,7.26015037593985,7.8499014084507,7.64967151971326,83
"85",2010,10,7.65,30,8.05555555555556,7.04166666666667,7,7.9,7.6,18,12,2,5,25,2135,1397,738,135,715,1420,7.71626312412178,8.0717179670723,7.04340348238482,7.2562962962963,7.85025174825175,7.64879702112676,84
"86",2010,11,7.4375,32,7.36842105263158,7.53846153846154,7,7,7.51851851851852,19,13,1,5,27,2167,1416,751,136,720,1447,7.71214664051684,8.06228107344633,7.05197306258322,7.25441176470588,7.84434722222222,7.64636611610228,85
"87",2010,12,7.40555555555556,45,7.93269230769231,6.68421052631579,6,7.91666666666667,7.21969696969697,26,19,3,12,33,2212,1442,770,139,732,1480,7.7059094801085,8.05994452149792,7.0428984025974,7.2273381294964,7.84553278688525,7.6368525472973,86
"88",2011,1,7.69830508474576,59,8.10810810810811,7.00909090909091,7.5,7.77777777777778,7.684,37,22,4,9,50,2271,1479,792,143,741,1530,7.70571191985909,8.06114942528736,7.04195930555555,7.23496503496503,7.84470985155196,7.63839331372549,87
"89",2011,2,7.58866666666667,30,8.27411764705882,6.69230769230769,NA,8.096,7.335,17,13,0,10,20,2301,1496,805,143,751,1550,7.70418590612777,8.06356951871658,7.03631275776397,7.23496503496503,7.84805592543276,7.63447856129033,88
"90",2011,3,7.65555555555556,27,8,7.38,7.66666666666667,7.66666666666667,7.65416666666667,12,15,3,3,24,2328,1508,820,146,754,1574,7.7036218943299,8.06306366047745,7.04259971951219,7.24383561643836,7.84733421750663,7.63477876111817,89
"91",2011,4,7.34,25,7.95454545454545,6.85714285714286,7,7.625,7.28571428571429,11,14,2,4,21,2353,1519,834,148,758,1595,7.69975850828729,8.06227781435154,7.03948653477218,7.24054054054054,7.84616094986807,7.63018292789969,90
"92",2011,5,7.57037037037037,27,8.35454545454546,7.03125,7,7.4,7.60909090909091,11,16,2,5,22,2380,1530,850,150,763,1617,7.69829065966387,8.06437908496732,7.03933149411765,7.23733333333333,7.8432372214941,7.62989596165739,91
"93",2011,6,7.82352941176471,17,8.45833333333333,6.3,6,9,7.75,12,5,1,1,16,2397,1542,855,151,764,1633,7.69917887776387,8.0674448767834,7.03500791812865,7.22913907284768,7.84475130890052,7.63107273116963,92
"94",2011,7,7.41346153846154,26,7.98333333333333,6.63636363636364,7.25,8,7.36458333333333,15,11,2,2,24,2423,1557,866,153,766,1657,7.69611298803137,8.06663455362877,7.02994430715935,7.22941176470588,7.84515665796345,7.62721289680145,93
"95",2011,8,7.47222222222222,18,7.5,7.4,NA,7.2,7.57692307692308,13,5,0,5,13,2441,1570,871,153,771,1670,7.69446201147071,8.06194267515924,7.03206862227325,7.22941176470588,7.84097276264592,7.62682141916168,94
"96",2011,9,7.9462962962963,27,8,7.83888888888889,8.08333333333333,8.28125,7.80526315789474,18,9,3,8,19,2468,1588,880,156,779,1689,7.69721708670989,8.06124055415617,7.04032019318182,7.24583333333333,7.84549422336329,7.62882875666075,95
"97",2011,10,7.21875,16,7.4,6.91666666666667,NA,7,7.31818181818182,10,6,0,5,11,2484,1598,886,156,784,1700,7.69413517310789,8.05710262828536,7.03948281038375,7.24583333333333,7.84010204081633,7.6268186882353,96
"98",2011,11,7.49117647058824,34,8.10526315789474,6.71333333333333,5.5,8.2,7.36896551724138,19,15,2,5,29,2518,1617,901,158,789,1729,7.69139466640191,8.05766852195424,7.03405301886792,7.22373417721519,7.84238276299113,7.62249379410064,97
"99",2011,12,7.17027027027027,37,7.87777777777778,6.5,6.7,6.9,7.2125,18,19,5,5,32,2555,1635,920,163,794,1761,7.68384805088063,8.0556880733945,7.02302366304348,7.20766871165644,7.8364483627204,7.61504359454855,98
"100",2012,1,7.36388888888889,36,8.125,6.755,6.33333333333333,7.98,7.26451612903226,16,20,3,5,31,2591,1651,940,166,799,1792,7.67940245851023,8.05635978195033,7.01732103191489,7.19186746987952,7.83734668335419,7.60897978236607,99
"101",2012,2,7.4258064516129,31,7.88235294117647,6.87142857142857,8.15,6.6,7.66666666666667,17,14,2,7,24,2622,1668,954,168,806,1816,7.67640418382914,8.05458633093525,7.0151800524109,7.20327380952381,7.82660049627792,7.60974216409692,100
"102",2012,3,7.02380952380952,21,7.79166666666667,6,6.5,7.33333333333333,6.97222222222222,12,9,2,3,18,2643,1680,963,170,809,1834,7.67121898221718,8.05270833333334,7.00569238836968,7.195,7.82477132262052,7.60348515267176,101
"103",2012,4,7.5,24,7.83571428571429,7.03,7.25,7.6,7.48,14,10,2,4,20,2667,1694,973,172,813,1854,7.6696782039745,8.05091499409681,7.00594220966084,7.19563953488372,7.82366543665437,7.60215305825243,102
"104",2012,5,7.36785714285714,28,8.11333333333333,6.50769230769231,6,8.25,7.3,15,13,2,2,26,2695,1709,986,174,815,1880,7.66654240074212,8.05146284376829,6.99937299188641,7.18189655172414,7.82471165644172,7.59797434574468,103
"105",2012,6,7.58333333333333,24,8.03333333333333,6.83333333333333,8.33333333333333,7.33333333333333,7.66666666666667,15,9,3,6,18,2719,1724,995,177,821,1898,7.66580793306363,8.05130510440836,6.99787112562814,7.20141242937853,7.82112058465286,7.59862580084299,104
"106",2012,7,7.25172413793103,29,7.89285714285714,6.65333333333333,7.65,6.5,7.44782608695652,14,15,2,6,23,2748,1738,1010,179,827,1921,7.66143805312955,8.05002876869966,6.99275422772277,7.20642458100559,7.81153567110036,7.59682028630922,105
"107",2012,8,7.48529411764706,34,8.32352941176471,6.64705882352941,8,8.25,7.38333333333333,17,17,1,4,30,2782,1755,1027,180,831,1951,7.65928532350827,8.05267806267807,6.98703190847128,7.21083333333333,7.81364620938628,7.59353755509995,106
"108",2012,9,8.10483870967742,31,8.61764705882353,7.48214285714286,7.75,7.39285714285714,8.3125,17,14,4,7,24,2813,1772,1041,184,838,1975,7.66419543903306,8.05809819413093,6.9936904610951,7.22255434782609,7.81013126491647,7.60227431392405,107
"109",2012,10,7.63513513513514,37,7.94827586206897,6.5,5.66666666666667,7.41666666666667,7.74,29,8,3,12,25,2850,1801,1049,187,850,2000,7.66381816491228,8.05632981676846,6.98992542421354,7.1975935828877,7.80457647058824,7.603995885,108
"110",2012,11,7.46666666666667,21,7.98,7,NA,8.4,7.175,10,11,0,5,16,2871,1811,1060,187,855,2016,7.66237609543713,8.05590833793485,6.99002997169811,7.1975935828877,7.80805847953216,7.60059115575397,109
"111",2012,12,7.51346153846154,26,7.88235294117647,6.81666666666667,8.25,7.125,7.68611111111111,17,9,2,8,18,2897,1828,1069,189,863,2034,7.66103961684501,8.0542943107221,6.98857041159963,7.20873015873016,7.80172653534183,7.60134796951819,110
"112",2013,1,6.93571428571429,28,7.6,6.16923076923077,NA,7.78571428571429,6.65238095238095,15,13,0,7,21,2925,1843,1082,189,870,2055,7.65409633162393,8.05059685295714,6.97872621996303,7.20873015873016,7.80159770114942,7.59165049635037,111
"113",2013,2,7.44516129032258,31,8.21428571428571,6.81176470588235,8,7.2,7.54545454545455,14,17,1,9,22,2956,1857,1099,190,879,2077,7.65190519959405,8.05183091007001,6.9761435577798,7.2128947368421,7.79543799772469,7.59116117958594,112
"114",2013,3,8.1734375,32,8.62368421052632,7.51538461538462,NA,8.5875,8.03541666666667,19,13,0,8,24,2988,1876,1112,190,887,2101,7.65749055220883,8.05762260127932,6.98244763489209,7.2128947368421,7.8025817361894,7.59623596858639,113
"115",2013,4,7.58333333333333,18,8.075,6.6,NA,9,7.3,12,6,0,3,15,3006,1888,1118,190,890,2116,7.65704649700599,8.05773305084746,6.9803951431127,7.2128947368421,7.80661797752809,7.59413599716446,114
"116",2013,5,7.45,18,8.00714285714286,5.5,6,6.6,7.77692307692308,14,4,1,5,13,3024,1902,1122,191,895,2129,7.65581407738095,8.05736067297582,6.97511744206774,7.2065445026178,7.79987709497207,7.59525212306247,115
"117",2013,6,7.69444444444444,18,8.04545454545454,7.14285714285714,7.33333333333333,7.9,7.61538461538461,11,7,3,5,13,3042,1913,1129,194,900,2142,7.65604265943458,8.05729221118662,6.97615745792737,7.20850515463917,7.80043333333333,7.59537430905696,116
"118",2013,7,7.52666666666667,30,7.78666666666667,7.26666666666667,7.5,8.3,7.372,15,15,3,5,25,3072,1928,1144,197,905,2167,7.65477922200521,8.0551867219917,6.97996658216783,7.21294416243655,7.80319337016575,7.59279730964467,117
"119",2013,8,7.67888888888889,27,7.92222222222222,7.19222222222222,6.25,7.8125,7.62263157894737,18,9,2,8,19,3099,1946,1153,199,913,2186,7.65498927718619,8.05395683453238,6.98162339115351,7.20326633165829,7.80327491785323,7.59305661939616,118
"120",2013,9,7.90178571428571,28,8.16666666666667,7.425,7.8125,7.625,7.94791666666667,18,10,4,4,24,3127,1964,1163,203,917,2210,7.65719915893828,8.05498981670061,6.98543574376612,7.21527093596059,7.80249727371865,7.59691030316742,119
"121",2013,10,7.59444444444444,27,7.99285714285714,7.16538461538462,7.4,7.4,7.63863636363636,14,13,5,5,22,3154,1978,1176,208,922,2232,7.65666194356373,8.05455005055612,6.9874249744898,7.21971153846154,7.80031453362256,7.59732158154122,120
"122",2013,11,7.34459459459459,37,7.88095238095238,6.640625,6.66666666666667,7.42857142857143,7.29347826086957,21,16,3,14,23,3191,1999,1192,211,936,2255,7.65304348793482,8.05272636318159,6.98276994127517,7.21184834123223,7.79475427350427,7.59422251441242,121
"123",2013,12,7.53846153846154,26,7.96666666666667,6.95454545454545,8.125,7.78571428571429,7.44736842105263,15,11,4,7,19,3217,2014,1203,215,943,2274,7.65211742928194,8.05208540218471,6.98251186201164,7.22883720930232,7.79468716861082,7.59299550131926,122
"124",2014,1,7.69315789473684,38,8.094,6.92230769230769,8.16333333333333,8.62,7.55272727272727,25,13,3,5,33,3255,2039,1216,218,948,2307,7.65259654992319,8.05259931338892,6.98186823190789,7.24169724770642,7.79904008438819,7.59241949284786,123
"125",2014,2,7.81935483870968,31,8.25652173913043,6.5625,6.5,7.64285714285714,7.87083333333333,23,8,2,7,24,3286,2062,1224,220,955,2331,7.65416974132684,8.05487390882639,6.9791272630719,7.23495454545454,7.79789528795811,7.59528604461605,124
"126",2014,3,7.62285714285714,35,7.64347826086957,7.58333333333333,7.2,7.85,7.532,23,12,5,10,25,3321,2085,1236,225,965,2356,7.65383973803071,8.05033573141487,6.98499334142395,7.23417777777778,7.79843523316062,7.59461450339559,125
"127",2014,4,7.8225,40,8.1,7.30714285714286,6.2,7.84166666666667,7.81428571428571,26,14,3,12,28,3361,2111,1250,228,977,2384,7.65584700089259,8.05094741828517,6.988601416,7.2205701754386,7.79896622313204,7.59719453439598,126
"128",2014,5,7.42777777777778,36,7.84210526315789,6.96470588235294,6.58333333333333,7.25,7.47857142857143,19,17,6,8,28,3397,2130,1267,234,985,2412,7.65343001766264,8.04908450704225,6.98828079715864,7.20423076923077,7.7945076142132,7.59581748341626,127
"129",2014,6,7.42083333333333,24,7.79375,6.675,8.2,8.01666666666667,7.22222222222222,16,8,2,6,18,3421,2146,1275,236,991,2430,7.6517982373575,8.04718080149115,6.98631511372549,7.21266949152542,7.7958526740666,7.59305011111112,128
"130",2014,7,7.90724137931034,29,8.07277777777778,7.63636363636364,8,7.7,7.95041666666667,18,11,1,5,24,3450,2164,1286,237,996,2454,7.65394544057971,8.04739371534196,6.99187540435459,7.21599156118143,7.79537148594378,7.59654513854931,129
"131",2014,8,6.68055555555556,18,7.22916666666667,5.58333333333333,NA,8,6.515625,12,6,0,2,16,3468,2176,1292,237,998,2470,7.64889324394464,8.04288143382353,6.9853341873065,7.21599156118143,7.79578156312625,7.58954322672065,130
"132",2014,9,7.32758620689655,29,7.79545454545455,5.85714285714286,6,7.41666666666667,7.30434782608696,22,7,1,6,23,3497,2198,1299,238,1004,2493,7.64622870174435,8.04040491355778,6.9792546343341,7.21088235294118,7.79351593625498,7.58691206177297,131
"133",2014,10,7.86829268292683,41,7.95172413793103,7.66666666666667,8,8.32857142857143,7.77352941176471,29,12,3,7,34,3538,2227,1311,241,1011,2527,7.6488020830978,8.03925011225865,6.98554673531655,7.22070539419087,7.79722057368942,7.58942294024535,132
"134",2014,11,7.62173913043478,23,8.28666666666667,6.375,8,8.42857142857143,7.26875,15,8,2,7,16,3561,2242,1319,243,1018,2543,7.64862728727885,8.04090544157003,6.98184364670205,7.22711934156379,7.80156188605108,7.58740533621707,133
"135",2014,12,7.7474358974359,39,7.97272727272727,7.45588235294118,7.07,7.075,7.82428571428571,22,17,5,4,35,3600,2264,1336,248,1022,2578,7.64969771388889,8.04024293286219,6.9878755763473,7.22395161290322,7.79871819960861,7.5906213227308,134
"136",2015,1,7.36341463414634,41,7.9448275862069,5.95833333333333,5.75,7.8,7.25757575757576,29,12,2,8,33,3641,2293,1348,250,1030,2611,7.64647398242241,8.03903619712167,6.97871051186944,7.21216,7.79872815533981,7.58641201455381,135
"137",2015,2,7.54358974358974,39,7.88333333333333,7,7.41666666666667,8.33333333333333,7.4,24,15,6,6,33,3680,2317,1363,256,1036,2644,7.64538363315217,8.03742339231765,6.97894480557593,7.216953125,7.80182432432432,7.58408538956127,136
"138",2015,3,7.50857142857143,35,7.78260869565217,6.98333333333333,7.125,7.41666666666667,7.52758620689655,23,12,4,6,29,3715,2340,1375,260,1042,2673,7.64409468909825,8.0349188034188,6.97898310545454,7.21553846153846,7.79960652591171,7.5834724167602,137
"139",2015,4,7.36060606060606,33,7.85416666666667,6.04444444444444,7,8,7.156,24,9,1,8,25,3748,2364,1384,261,1050,2698,7.64159865795091,8.03308375634518,6.97290590317919,7.21471264367816,7.80113333333333,7.57951140474426,138
"140",2015,5,7.55555555555556,27,8.33333333333333,6.58333333333333,7,7.625,7.54347826086957,15,12,5,4,23,3775,2379,1396,266,1054,2721,7.64098325033113,8.03497688104246,6.96955714183381,7.21067669172932,7.80046489563567,7.57920682469681,139
"141",2015,6,7.55,24,7.66666666666667,7.43333333333333,8.33333333333333,7.6875,7.5225,12,12,3,4,20,3799,2391,1408,269,1058,2741,7.6404084680179,8.03312839815977,6.97350977982954,7.2231970260223,7.80003780718337,7.57879305727837,140
"142",2015,7,7.83333333333333,33,8.18333333333333,7.41333333333333,7,7.4375,7.96,18,15,5,8,25,3832,2409,1423,274,1066,2766,7.64206987734864,8.03425072644251,6.97814600843289,7.21912408759124,7.79731707317073,7.5822385285611,141
"143",2015,8,8.17777777777778,36,8.27407407407407,7.88888888888889,7.5,8.70833333333333,7.9125,27,9,2,12,24,3868,2436,1432,276,1078,2790,7.64705578335057,8.03690886699507,6.98386995111732,7.22115942028985,7.80745825602969,7.5850794874552,142
"144",2015,9,7.81,35,8.054,7.2,8.5,7.88571428571429,7.79107142857143,25,10,2,7,28,3903,2461,1442,278,1085,2818,7.64851697924673,8.03708248679399,6.98536877253814,7.23035971223021,7.80796313364055,7.58712624911285,143
"145",2015,10,7.735,20,8.05833333333333,7.25,NA,9,7.66842105263158,12,8,0,1,19,3923,2473,1450,278,1086,2837,7.64895788172317,8.03718560452891,6.98682880689655,7.23035971223021,7.80906077348066,7.58767069792034,144
"146",2015,11,7.5,24,8.11538461538461,6.77272727272727,6,7.5,7.5,13,11,1,6,18,3947,2486,1461,279,1092,2855,7.64805213326577,8.03759452936444,6.98521681724846,7.22594982078853,7.80736263736264,7.58711795796848,145
"147",2015,12,7.90625,24,8.23611111111111,6.91666666666667,6.5,8.65,7.71052631578947,18,6,1,5,19,3971,2504,1467,280,1097,2874,7.64961263409721,8.03902156549521,6.98493644853442,7.22335714285714,7.8112032816773,7.58793381002088,146
"148",2016,1,7.46257142857143,35,8.0095,6.73333333333333,6,8.258,7.33,20,15,3,5,30,4006,2524,1482,283,1102,2904,7.64797847478782,8.03878763866878,6.98238985829959,7.2103886925795,7.81323049001815,7.58526920454546,147
"149",2016,2,7.5,34,7.8875,7.15555555555556,6.85714285714286,7.525,7.49230769230769,16,18,7,8,26,4040,2540,1500,290,1110,2930,7.64673311138614,8.03783464566929,6.98446784666667,7.20186206896552,7.81115315315316,7.58444429010239,148
"150",2016,3,7.37564102564103,39,8.05882352941176,6.84772727272727,6.7,7.99444444444444,7.19,17,22,5,9,30,4079,2557,1522,295,1119,2960,7.64414115469478,8.03797418850215,6.98249130749014,7.19335593220339,7.81262734584451,7.58044654391892,149
"151",2016,4,7.25714285714286,28,7.96,6.44615384615385,7,8.03333333333333,7.164,15,13,2,3,25,4107,2572,1535,297,1122,2985,7.64150274409545,8.03751944012442,6.97794903583062,7.19205387205387,7.81321746880571,7.57695871691793,150
"152",2016,5,7.87,24,7.94444444444444,7.64666666666667,6.5,7,7.90782608695652,18,6,2,1,23,4131,2590,1541,299,1123,3008,7.64283025175502,8.03687258687259,6.9805527384815,7.18742474916388,7.81249332146038,7.57948862034575,151
"153",2016,6,7.19259259259259,27,7.86153846153846,6.57142857142857,6.5,6.925,7.23913043478261,13,14,2,4,23,4158,2603,1555,301,1127,3031,7.63990663059163,8.03599692662313,6.97686930546624,7.18285714285714,7.80934338952973,7.57690589574398,152
"154",2016,7,7.83823529411765,34,8.29565217391304,6.88181818181818,7,7.625,7.86666666666667,23,11,1,4,30,4192,2626,1566,302,1131,3061,7.64151521230916,8.03827113480579,6.97620164112388,7.18225165562914,7.80869142351901,7.57974575955571,153
"155",2016,8,7.75081967213115,61,8.24,7.09230769230769,6.95,8.23076923076923,7.62083333333333,35,26,6,13,48,4253,2661,1592,308,1144,3109,7.64308294615566,8.04092446448704,6.97809784547738,7.17772727272727,7.81348776223777,7.5803801125764,154
"156",2016,9,8.08055555555556,36,8.57608695652174,7.20384615384615,NA,8.575,7.89038461538462,23,13,0,10,26,4289,2684,1605,308,1154,3135,7.6467549009093,8.04551043219076,6.9799263364486,7.17772727272727,7.82008665511266,7.58295112280702,155
"157",2016,10,7.87083333333333,36,8.16730769230769,7.1,6,7.45454545454545,8.054,26,10,1,11,25,4325,2710,1615,309,1165,3160,7.64862006242775,8.04667896678967,6.98066982662538,7.17391585760518,7.81663519313305,7.58667777531646,156
"158",2016,11,7.82,50,8.25,7.175,6.66666666666667,8.5625,7.67857142857143,30,20,3,8,42,4375,2740,1635,312,1173,3202,7.65057869028571,8.04890510948905,6.98304695412844,7.16903846153846,7.82172208013641,7.58788312617115,157
"159",2016,12,7.5898275862069,58,7.92777777777778,7.03681818181818,7.75,7.54166666666667,7.60239130434783,36,22,4,12,46,4433,2776,1657,316,1185,3248,7.64978384164223,8.04733429394813,6.98376087507543,7.17639240506329,7.81888607594937,7.58808859913794,158
"160",2017,1,7.81976744186047,86,8.16111111111111,7.24375,6.87142857142857,8.21538461538461,7.74931506849315,54,32,7,13,73,4519,2830,1689,323,1198,3321,7.65301875857491,8.04950530035336,6.988686660746,7.16978328173375,7.82318864774625,7.59163257151461,159
"161",2017,2,7.97752941176471,85,8.39813559322034,7.02307692307692,7.2,8.1,7.9612,59,26,5,10,75,4604,2889,1715,328,1208,3396,7.65900994135534,8.0566251298027,6.98920802915452,7.17024390243902,7.82548013245033,7.59979439634865,160
"162",2017,3,7.90909090909091,55,8.14512195121951,7.21785714285714,8,7.82142857142857,7.921875,41,14,1,7,48,4659,2930,1729,329,1215,3444,7.66196217428633,8.05786348122867,6.99105943898207,7.17276595744681,7.82545679012346,7.60428332462254,161
"163",2017,4,7.83880597014925,67,8.26046511627907,7.08333333333333,7.33333333333333,7.16666666666667,7.90491803278689,43,24,9,6,61,4726,2973,1753,338,1221,3505,7.66446926999577,8.06079381096536,6.99232274386765,7.17704142011834,7.8222194922195,7.60951548359487,162
"164",2017,5,7.614,50,7.82,7.13333333333333,7.5,7.52222222222222,7.63414634146341,35,15,4,9,41,4776,3008,1768,342,1230,3546,7.66394090661641,8.0579920212766,6.99351910067873,7.18081871345029,7.82002439024391,7.60980027354766,163
"165",2017,6,7.74074074074074,54,7.93611111111111,7.35,8.5,8.17142857142857,7.67659574468085,36,18,2,7,47,4830,3044,1786,344,1237,3593,7.66479953830228,8.0565505913272,6.99711185330347,7.18848837209302,7.822012934519,7.61067402449207,164
"166",2017,7,8.07181818181818,44,8.42606060606061,7.00909090909091,6.4,8.3,8.02864864864865,33,11,4,7,37,4874,3077,1797,348,1244,3630,7.66847389618383,8.06051348716282,6.99718518085698,7.17942528735632,7.82470257234727,7.61493437190083,165
"167",2017,8,7.68793103448276,58,8.10263157894737,6.9,5.25,7.59090909090909,7.71063829787234,38,20,4,11,47,4932,3115,1817,352,1255,3677,7.6687027108678,8.06102728731942,6.99611544854155,7.1575,7.82265338645419,7.61615767473484,166
"168",2017,9,7.66217391304348,46,7.89,7.01666666666667,7,7.68571428571429,7.65794871794872,34,12,1,7,39,4978,3149,1829,353,1262,3716,7.66864238047409,8.05918069228327,6.99625028430836,7.15705382436261,7.82189381933439,7.61659627825619,167
"169",2017,10,7.73245283018868,53,8.14,6.7,7.25,8.9,7.61083333333333,38,15,2,5,48,5031,3187,1844,355,1267,3764,7.66931460345856,8.06014433636649,6.99384043926247,7.15757746478873,7.82614838200474,7.6165227869288,168
"170",2017,11,7.78790322580645,62,7.83139534883721,7.68947368421053,7.5,7.85416666666667,7.772,43,19,2,12,50,5093,3230,1863,357,1279,3814,7.67075825053996,8.05709907120743,7.00093492753623,7.15949579831933,7.82641125879594,7.61856103041427,169
"171",2017,12,7.90298507462687,67,8.1,7.59230769230769,7.91428571428571,7.61111111111111,7.94827586206897,41,26,7,9,58,5160,3271,1889,364,1288,3872,7.67377359883721,8.0576368083155,7.00907452091053,7.17401098901099,7.82490683229814,7.62349994059918,170
"172",2018,1,8.22802816901408,71,8.25076923076923,8.16578947368421,8.58333333333333,8.41833333333333,8.18932203389831,52,19,6,12,59,5231,3323,1908,370,1300,3931,7.68129645765628,8.0606590430334,7.02059317085954,7.19686486486486,7.83038461538462,7.63199230984483,171
"173",2018,2,8.02962962962963,54,8.23823529411765,7.675,7.625,8.27272727272727,7.96744186046512,34,20,4,11,43,5285,3357,1928,374,1311,3974,7.68485558561968,8.06245755138517,7.02738162344398,7.20144385026738,7.83409610983982,7.63562198540514,172
"174",2018,3,7.892,50,8.51666666666667,6.955,7.15,8,7.8875,30,20,4,2,48,5335,3387,1948,378,1313,4022,7.68679695782568,8.06648066135223,7.02663848562628,7.20089947089947,7.83434881949734,7.63862798856291,173
"175",2018,4,7.665625,48,8.21296296296296,6.96190476190476,7.08333333333333,7.75,7.65357142857143,27,21,6,6,42,5383,3414,1969,384,1319,4064,7.68660816830763,8.06763913298184,7.02594808024378,7.1990625,7.83396512509477,7.63878242372048,174
"176",2018,5,7.80392156862745,51,8.548,7.08846153846154,7.4,8.26,7.69268292682927,25,26,5,10,41,5434,3439,1995,389,1329,4105,7.68770919580419,8.07113114277406,7.02676279197995,7.20164524421594,7.83717080511663,7.63932077222899,175
"177",2018,6,7.65171428571429,35,8.11545454545455,6.86692307692308,7.2,7.69571428571429,7.64071428571429,22,13,2,7,28,5469,3461,2008,391,1336,4133,7.68747883891022,8.071412886449,7.02572797310757,7.2016368286445,7.83642964071857,7.6393302129204,176
"178",2018,7,7.752,25,8.625,6.94615384615385,7,8.4,7.59,12,13,2,5,20,5494,3473,2021,393,1341,4153,7.68777243720422,8.07332565505327,7.02521611578426,7.2006106870229,7.83853094705444,7.6390926486877,177
"179",2018,8,7.4675,40,7.75384615384615,6.93571428571429,6.75,8.1,7.37714285714286,26,14,4,5,35,5534,3499,2035,397,1346,4188,7.68618029815685,8.07095170048585,7.02460037837838,7.19607052896725,7.83950222882616,7.63690347898759,178
"180",2018,9,7.29318181818182,44,7.73333333333333,6.89130434782609,7,6.5,7.41842105263158,21,23,3,6,38,5578,3520,2058,400,1352,4226,7.68308027429186,8.0689375,7.02311067541302,7.1946,7.8335576923077,7.63493889493611,179
"181",2018,10,7.4375,44,7.92115384615385,6.73888888888889,6,7.42857142857143,7.43918918918919,26,18,3,7,37,5622,3546,2076,403,1359,4263,7.68115826574173,8.06785391990976,7.02064632466281,7.18570719602978,7.83147167034585,7.6332399178982,180
"182",2018,11,7.58146341463415,41,7.76074074074074,7.23571428571429,7.26666666666667,7.64285714285714,7.56882352941176,27,14,3,7,34,5663,3573,2090,406,1366,4297,7.68043647713226,8.06553316540722,7.02208697129186,7.18630541871921,7.83050512445096,7.63273022341169,181
"183",2018,12,7.47023809523809,42,7.79347826086957,7.07894736842105,6.76666666666667,8,7.38194444444444,23,19,3,6,36,5705,3596,2109,409,1372,4333,7.67888900438212,8.06379310344827,7.02259922712186,7.18322738386308,7.83124635568514,7.63064661204708,182
"184",2019,1,7.60487804878049,41,7.88965517241379,6.91666666666667,6.33333333333333,8.08333333333333,7.52285714285714,29,12,3,6,35,5746,3625,2121,412,1378,4368,7.67836090671771,8.0624,7.02199989156058,7.17703883495146,7.83234397677794,7.62978291437729,183
"185",2019,2,7.5531914893617,47,7.859375,6.9,7,7.125,7.64102564102564,32,15,2,8,39,5793,3657,2136,414,1386,4407,7.67734537717935,8.06062346185398,7.02114315074906,7.17618357487923,7.82826118326119,7.62988240753347,184
"186",2019,3,7.65,39,8.14565217391304,6.9375,6.5,7.68571428571429,7.6421875,23,16,4,7,32,5832,3680,2152,418,1393,4439,7.67716251200274,8.06115489130435,7.02052126858736,7.16971291866029,7.82754486719311,7.62997111286326,185
"187",2019,4,7.5390243902439,41,7.815,7.27619047619048,7.5,7.61428571428571,7.52352941176471,20,21,4,7,34,5873,3700,2173,422,1400,4473,7.67619815596799,8.05982432432432,7.02299207086976,7.17284360189573,7.82647857142858,7.62916203219316,186
"188",2019,5,7.33974358974359,39,7.92045454545455,6.58823529411765,6.16666666666667,7.41666666666667,7.32575757575758,22,17,3,6,33,5912,3722,2190,425,1406,4506,7.6739786485115,8.05900053734551,7.01961724657534,7.16574117647059,7.82472972972973,7.62694002885043,187
"189",2019,6,7.69390243902439,41,8.02083333333333,7.23235294117647,7.41666666666667,8.3125,7.54393939393939,24,17,3,8,33,5953,3746,2207,428,1414,4539,7.67411586930959,8.05875600640683,7.02125589941096,7.1675,7.82748939179633,7.62633658735405,188
"190",2019,7,7.61770833333333,48,8.0046875,6.84375,6.66666666666667,8.85714285714286,7.40609756097561,32,16,3,7,41,6001,3778,2223,431,1421,4580,7.67366468421929,8.05829804129169,7.01997830409356,7.16401392111369,7.83256157635468,7.62436501528385,189
"191",2019,8,8.03829787234043,47,8.2125,7.66666666666667,8.5,7.82222222222222,8.08947368421053,32,15,1,9,38,6048,3810,2238,432,1430,4618,7.67649830853174,8.05959317585302,7.02431267649687,7.16710648148148,7.83249650349651,7.62819224122997,190
"192",2019,9,8,40,8.5,7.25,9,7.8,8.02857142857143,24,16,1,5,35,6088,3834,2254,433,1435,4653,7.67862381241787,8.06235002608242,7.02591471606033,7.17133949191686,7.83238327526133,7.63120390500753,191
"193",2019,10,7.52363636363636,55,7.92777777777778,6.7578947368421,6.875,7.14285714285714,7.57916666666667,36,19,4,7,48,6143,3870,2273,437,1442,4701,7.67723616636822,8.06109819121447,7.02367433787945,7.16862700228833,7.82903606102636,7.63067257392045,192
"194",2019,11,7.73913043478261,46,8.09615384615385,7.275,7.4,7.76666666666667,7.73720930232558,26,20,2,3,43,6189,3896,2293,439,1445,4744,7.67769619809339,8.06133213552362,7.02586645006541,7.16968109339408,7.82890657439447,7.63163823145026,193
"195",2019,12,7.94032258064516,62,8.31707317073171,7.2047619047619,7.25714285714286,8.36363636363636,7.84901960784314,41,21,7,11,51,6251,3937,2314,446,1456,4795,7.68030103503439,8.06399542799086,7.02748996110631,7.17105381165919,7.83294642857143,7.63395031699688,194
"196",2020,1,7.66253275,80,8.01320385964912,6.79347826086957,7.17857142857143,8.14113333333333,7.55208646153846,57,23,7,15,65,6331,3994,2337,453,1471,4860,7.68007651081977,8.06327056084126,7.02518689345314,7.17116997792495,7.83608905506459,7.63285543004116,195
"197",2020,2,7.56941176470588,51,8.003,6.95,6.41666666666667,7.83333333333333,7.53422222222222,30,21,3,6,45,6382,4024,2358,456,1477,4905,7.67919216389846,8.0628212276342,7.02451729007633,7.16620614035088,7.8360778605281,7.63195053822631,196
"198",2020,3,7.76466661538462,65,8.10240302325581,7.10454545454545,7.21428571428571,7.95833333333333,7.74497169491525,43,22,7,6,59,6447,4067,2380,463,1483,4964,7.68005393516364,8.06323972215392,7.02525704621848,7.16693304535637,7.8365724881996,7.6332938597905,197
"199",2020,4,7.76587576271186,59,8.13869926829268,6.91666666666667,5.66666666666667,7.4125,7.82130725490196,41,18,3,8,51,6506,4108,2398,466,1491,5015,7.68083221487857,8.06399284810127,7.02444193911593,7.15727467811159,7.83429711602951,7.63520586041875,198
"200",2020,5,7.83888888888889,54,7.99487179487179,7.43333333333333,6.5,8.1,7.77954545454545,39,15,3,10,44,6560,4147,2413,469,1501,5059,7.68213329115854,8.06334280684833,7.02698374222959,7.15307036247335,7.83606728847435,7.63646123542203,199
"201",2020,6,7.7874358974359,39,7.94111111111111,7.44166666666667,6.75,8.375,7.72028571428571,27,12,2,4,35,6599,4174,2425,471,1505,5094,7.68275562812547,8.06255213703882,7.0290357814433,7.15135881104034,7.83749966777409,7.63703717903416,200
"202",2020,7,7.55428571428571,35,8.01818181818182,6.76923076923077,6.5,8.5,7.43225806451613,22,13,4,4,31,6634,4196,2438,475,1509,5125,7.68207783991559,8.06231949952336,7.02765043888433,7.14587368421053,7.83925579854208,7.63579851512196,201
"203",2020,8,7.54142857142857,35,8.18333333333333,7.06,7.16,7.81111111111111,7.44807692307692,15,20,5,9,26,6669,4211,2458,480,1518,5151,7.68133968960864,8.06275056281169,7.02791365744507,7.14602083333333,7.83908893280633,7.63485097845079,202
"204",2020,9,7.846,50,8.159375,7.28888888888889,5.16666666666667,6.66666666666667,8.00681818181818,32,18,3,6,44,6719,4243,2476,483,1524,5195,7.68256502306891,8.06347928823946,7.02981089256866,7.13372670807454,7.83447309711286,7.63800142252166,203
"205",2020,10,7.79230769230769,65,8.15714285714286,7.12608695652174,7.375,8.19285714285714,7.74396551724138,42,23,2,7,58,6784,4285,2499,485,1531,5253,7.68361650795991,8.06439734422404,7.03069698679472,7.13472164948454,7.83611169170477,7.63917140491149,204
"206",2020,11,8.013125,48,8.238,7.40769230769231,7,8.25,7.97928571428571,35,13,1,6,42,6832,4320,2512,486,1537,5295,7.68593155591335,8.06580384722223,7.03264799761146,7.13444444444445,7.83772739102147,7.64186919546743,205
"207",2020,12,7.675,68,8.01136363636364,7.05833333333333,6.2,6.57142857142857,7.80163934426229,44,24,5,7,61,6900,4364,2536,491,1544,5356,7.68582382463768,8.06525495417049,7.03289107649842,7.12492871690428,7.83198639896373,7.6436888330844,206
"208",2021,1,7.6280701754386,57,8.00238095238095,6.58,5.16666666666667,7.75,7.60816326530612,42,15,3,8,49,6957,4406,2551,494,1552,5405,7.68535063820612,8.0646556105311,7.03022805566444,7.11303643724696,7.8315637886598,7.64336676965773,207
"209",2021,2,7.33584905660377,53,7.71875,6.75238095238095,7.5,6.95454545454545,7.43571428571429,32,21,2,11,42,7010,4438,2572,496,1563,5447,7.68270818687589,8.06216147363678,7.02795947511664,7.11459677419355,7.8253915547025,7.64176563062237,208
"210",2021,3,7.8134445,60,8.13736441860465,6.99411764705882,7.66666666666667,8.58333333333333,7.7279012962963,43,17,3,6,54,7070,4481,2589,499,1569,5501,7.68381768882603,8.06288312653426,7.02773726149092,7.11791583166333,7.82828999362652,7.6426111725141,209
"211",2021,4,7.67950819672131,61,8.08170731707317,6.855,6.875,7.5625,7.69716981132075,41,20,4,8,53,7131,4522,2609,503,1577,5554,7.68378082456878,8.06305380141531,7.02641309697202,7.11598409542744,7.82694166138237,7.64313180770616,210
"212",2021,5,7.86546875,64,8.162,7.16315789473684,7,7.88888888888889,7.86163636363636,45,19,4,9,55,7195,4567,2628,507,1586,5609,7.68539695066018,8.06402874753668,7.02740173896499,7.11506903353057,7.82729319041614,7.64527439115707,211
"213",2021,6,7.911875,48,8.37416666666667,6.525,7.5,8.66666666666667,7.80404761904762,36,12,2,6,42,7243,4603,2640,509,1592,5651,7.68689784067375,8.06645433195742,7.02511809469697,7.1165815324165,7.83045665829146,7.64645444346134,212
"214",2021,7,7.94170081632653,49,8.170762,7.36904785714286,8,8.49375,7.83398390243902,35,14,1,8,41,7292,4638,2654,510,1600,5692,7.68861003839824,8.06724147477361,7.02693234363225,7.1183137254902,7.833773125,7.64780523541814,213
"215",2021,8,7.97533333333333,60,8.25581395348837,7.26588235294118,7.41666666666667,8.25,7.93307692307692,43,17,6,8,52,7352,4681,2671,516,1608,5744,7.69095,8.06897371501816,7.0284531785848,7.12178294573644,7.83584390547264,7.65038777855154,214
"216",2021,9,7.53492063492063,63,8.03255813953488,6.465,7.33333333333333,8.33333333333333,7.40185185185185,43,20,3,9,54,7415,4724,2691,519,1617,5798,7.68962432906271,8.06864224386114,7.02426549238201,7.12300578034682,7.83861286332715,7.6480730251811,215
"217",2021,10,7.63095238095238,42,7.87931034482759,7.07692307692308,6,7,7.73611111111111,29,13,1,6,36,7457,4753,2704,520,1623,5834,7.6892938715301,8.06748705238797,7.02451865384615,7.12084615384615,7.83551263093038,7.64861628385328,216
"218",2021,11,7.76304347826087,46,8.05666666666667,7.2125,6,7.07142857142857,7.88717948717949,30,16,1,7,39,7503,4783,2720,521,1630,5873,7.68974602159136,8.06741918461217,7.02562442647059,7.11869481765835,7.83223128834356,7.65020047675805,217
"219",2021,12,7.89540229885057,87,8.22115384615385,7.41142857142857,7,7.96153846153846,7.88378378378378,52,35,2,13,74,7590,4835,2755,523,1643,5947,7.69210334650856,8.06907258738366,7.03052574954628,7.11824091778203,7.83325441265977,7.6531070119388,218
"220",2022,1,7.81778519230769,104,8.04868181818182,7.41675421052632,6.83333333333333,7.57142857142857,7.85610733333333,66,38,6,14,90,7694,4901,2793,529,1657,6037,7.69380219131791,8.06879799224648,7.0357805585392,7.11500945179584,7.83104224502113,7.65613335431506,219
"221",2022,2,7.88831168831169,77,7.92627118644068,7.76388888888889,6.5,8.225,7.83805970149254,59,18,2,10,67,7771,4960,2811,531,1667,6104,7.69572951486295,8.06710261290323,7.04044293845606,7.11269303201507,7.83340551889622,7.65813025229358,220
"222",2022,3,7.86445945945946,74,8.15563636363636,7.02157894736842,7.8,8.3425,7.77193548387097,55,19,5,12,62,7845,5015,2830,536,1679,6166,7.69732110388783,8.06807357128614,7.04031628975265,7.11910447761194,7.83704407385349,7.65927457995459,221
"223",2022,4,7.57363636363636,55,7.97432432432432,6.75,6.75,7.50833333333333,7.58163265306122,37,18,4,6,49,7900,5052,2848,540,1685,6215,7.69646000759494,8.06738696753761,7.0384814255618,7.11637037037037,7.83587359050445,7.65866243925986,222
"224",2022,5,7.78342857142857,70,8.22769230769231,6.5,7.5,7.7,7.78984615384615,52,18,2,5,65,7970,5104,2866,542,1690,6280,7.69722384692597,8.0690201724138,7.03509947662247,7.11778597785978,7.83547159763314,7.66002023248408,223
"225",2022,6,8.1212962962963,54,8.37361111111111,7.61666666666667,7.66666666666667,7.96875,8.14782608695652,36,18,3,8,46,8024,5140,2884,545,1698,6326,7.70007777417747,8.07115349416343,7.03872923023578,7.12080733944954,7.83609952885748,7.66356735061651,224
"226",2022,7,7.76792452830189,53,7.95172413793103,7.54583333333333,7.25,7.57142857142857,7.79782608695652,29,24,4,7,46,8077,5169,2908,549,1705,6372,7.70052297387644,8.07048345134456,7.04291440852819,7.12174863387978,7.83501290322581,7.66453657564344,225
"227",2022,8,7.90694444444444,72,8.13658536585366,7.60322580645161,7,7.75,7.91617647058824,41,31,4,4,68,8149,5210,2939,553,1709,6440,7.70234679838017,8.07100363915547,7.04882446410343,7.12086799276673,7.83481392627268,7.66719364285715,226
"228",2022,9,7.74545454545455,55,8.22258064516129,7.12916666666667,6.6,7.83636363636364,7.72272727272727,31,24,5,11,44,8204,5241,2963,558,1720,6484,7.70263579473427,8.07190020225148,7.04947522780965,7.11620071684588,7.8348238372093,7.667570490438,227
"229",2022,10,7.785215,62,8.07355065217391,6.95625,6.33333333333333,6.41666666666667,7.93184517857143,46,16,3,6,56,8266,5287,2979,561,1726,6540,7.7032551887249,8.07191456213354,7.04897452165156,7.11201426024956,7.82989397450753,7.66983339296636,228
"230",2022,11,7.80983606557377,61,8.22432432432432,7.17083333333333,7.33333333333333,8.11111111111111,7.75769230769231,37,24,3,9,52,8327,5324,3003,564,1735,6592,7.70403595412513,8.07297375845229,7.04994841824841,7.1131914893617,7.83135273775216,7.67052645479369,229
"231",2022,12,7.72596774193548,62,8.29742857142857,6.98518518518518,6.83333333333333,8.02777777777778,7.67471698113208,35,27,3,9,53,8389,5359,3030,567,1744,6645,7.70419804386697,8.0744396883747,7.04937132013201,7.11171075837743,7.83236639908257,7.67055987810384,230
