"","year","month","avg_rating","no_ratings","avg_rating_owned","avg_rating_not_owned","avg_rating_prev_owned","avg_rating_comment","avg_rating_no_comment","no_ratings_owned","no_ratings_not_owned","no_ratings_prev_owned","no_ratings_comment","no_ratings_no_comment","cum_no_ratings","cum_no_ratings_owned","cum_no_ratings_not_owned","cum_no_ratings_prev_owned","cum_no_ratings_comment","cum_no_ratings_no_comment","cum_avg_rating","cum_avg_rating_owned","cum_avg_rating_not_owned","cum_avg_rating_prev_owned","cum_avg_rating_comment","cum_avg_rating_no_comment","month_after_release"
"1",2001,6,6.5,5,7,6.375,7,5,6.875,1,4,1,1,4,5,1,4,1,1,4,6.5,7,6.375,7,5,6.875,0
"2",2001,7,4,1,4,NA,NA,NA,4,1,0,0,0,1,6,2,4,1,1,5,6.08333333333333,5.5,6.375,7,5,6.3,1
"3",2001,8,6.5,2,7,6,NA,NA,6.5,1,1,0,0,2,8,3,5,1,1,7,6.1875,6,6.3,7,5,6.35714285714286,2
"4",2001,9,6.33333333333333,3,8,5.5,NA,6.5,6,1,2,0,2,1,11,4,7,1,3,8,6.22727272727273,6.5,6.07142857142857,7,6,6.3125,3
"5",2001,10,6,1,6,NA,NA,NA,6,1,0,0,0,1,12,5,7,1,3,9,6.20833333333333,6.4,6.07142857142857,7,6,6.27777777777778,4
"6",2001,11,7,5,6.75,8,NA,6.5,7.33333333333333,4,1,0,2,3,17,9,8,1,5,12,6.44117647058824,6.55555555555556,6.3125,7,6.2,6.54166666666667,5
"7",2001,12,6.8,5,6.5,7,NA,5,7.25,2,3,0,1,4,22,11,11,1,6,16,6.52272727272727,6.54545454545455,6.5,7,6,6.71875,6
"8",2002,1,6.5,4,6.66666666666667,6,NA,9,5.66666666666667,3,1,0,1,3,26,14,12,1,7,19,6.51923076923077,6.57142857142857,6.45833333333333,7,6.42857142857143,6.55263157894737,7
"9",2002,2,7,1,7,NA,NA,7,NA,1,0,0,1,0,27,15,12,1,8,19,6.53703703703704,6.6,6.45833333333333,7,6.5,6.55263157894737,8
"10",2002,3,9.5,2,9.5,NA,NA,10,9,2,0,0,1,1,29,17,12,1,9,20,6.74137931034483,6.94117647058824,6.45833333333333,7,6.88888888888889,6.675,9
"11",2002,5,6.5,2,9,4,NA,NA,6.5,1,1,0,0,2,31,18,13,1,9,22,6.7258064516129,7.05555555555556,6.26923076923077,7,6.88888888888889,6.65909090909091,11
"12",2002,6,7,4,7,7,NA,NA,7,3,1,0,0,4,35,21,14,1,9,26,6.75714285714286,7.04761904761905,6.32142857142857,7,6.88888888888889,6.71153846153846,12
"13",2002,7,7.33333333333333,3,7.33333333333333,NA,NA,8,6,3,0,0,2,1,38,24,14,1,11,27,6.80263157894737,7.08333333333333,6.32142857142857,7,7.09090909090909,6.68518518518519,13
"14",2002,8,7.66666666666667,3,7.66666666666667,NA,NA,8,7.5,3,0,0,1,2,41,27,14,1,12,29,6.86585365853659,7.14814814814815,6.32142857142857,7,7.16666666666667,6.74137931034483,14
"15",2002,9,7,2,7,7,NA,7,7,1,1,0,1,1,43,28,15,1,13,30,6.87209302325581,7.14285714285714,6.36666666666667,7,7.15384615384615,6.75,15
"16",2002,10,6.66666666666667,3,6.66666666666667,NA,NA,6,7,3,0,0,1,2,46,31,15,1,14,32,6.85869565217391,7.09677419354839,6.36666666666667,7,7.07142857142857,6.765625,16
"17",2002,11,7.75,4,7.75,NA,NA,8,7.66666666666667,4,0,0,1,3,50,35,15,1,15,35,6.93,7.17142857142857,6.36666666666667,7,7.13333333333333,6.84285714285714,17
"18",2002,12,8,1,8,NA,NA,NA,8,1,0,0,0,1,51,36,15,1,15,36,6.95098039215686,7.19444444444444,6.36666666666667,7,7.13333333333333,6.875,18
"19",2003,1,7.125,8,7.125,NA,NA,10,6.71428571428571,8,0,0,1,7,59,44,15,1,16,43,6.97457627118644,7.18181818181818,6.36666666666667,7,7.3125,6.84883720930233,19
"20",2003,2,7.16666666666667,3,7.75,6,6,NA,7.16666666666667,2,1,1,0,3,62,46,16,2,16,46,6.98387096774194,7.20652173913043,6.34375,6.5,7.3125,6.8695652173913,20
"21",2003,3,6.25,4,7,4,NA,6.33333333333333,6,3,1,0,3,1,66,49,17,2,19,47,6.93939393939394,7.19387755102041,6.20588235294118,6.5,7.15789473684211,6.85106382978723,21
"22",2003,4,5.5,2,5.5,NA,NA,9,2,2,0,0,1,1,68,51,17,2,20,48,6.89705882352941,7.12745098039216,6.20588235294118,6.5,7.25,6.75,22
"23",2003,5,6.58823529411765,17,6.875,5.9,6,6.7,6.42857142857143,12,5,1,10,7,85,63,22,3,30,55,6.83529411764706,7.07936507936508,6.13636363636364,6.33333333333333,7.06666666666667,6.70909090909091,23
"24",2003,6,5.25,4,2,6.33333333333333,NA,4.5,6,1,3,0,2,2,89,64,25,3,32,57,6.76404494382022,7,6.16,6.33333333333333,6.90625,6.68421052631579,24
"25",2003,7,6.40909090909091,22,6.16666666666667,6.7,7,6.42857142857143,6.4,12,10,1,7,15,111,76,35,4,39,72,6.69369369369369,6.86842105263158,6.31428571428571,6.5,6.82051282051282,6.625,25
"26",2003,8,7.33333333333333,9,7.5,6,NA,9,7.125,8,1,0,1,8,120,84,36,4,40,80,6.74166666666667,6.92857142857143,6.30555555555556,6.5,6.875,6.675,26
"27",2003,9,6.90909090909091,11,7.25,6,NA,6.66666666666667,7,8,3,0,3,8,131,92,39,4,43,88,6.75572519083969,6.95652173913043,6.28205128205128,6.5,6.86046511627907,6.70454545454545,27
"28",2003,10,5.75,4,6,5.66666666666667,NA,NA,5.75,1,3,0,0,4,135,93,42,4,43,92,6.72592592592593,6.94623655913978,6.23809523809524,6.5,6.86046511627907,6.66304347826087,28
"29",2003,11,8,2,8,NA,NA,9,7,2,0,0,1,1,137,95,42,4,44,93,6.74452554744526,6.96842105263158,6.23809523809524,6.5,6.90909090909091,6.66666666666667,29
"30",2003,12,7.07142857142857,7,7.3,6.5,NA,7.33333333333333,6.875,5,2,0,3,4,144,100,44,4,47,97,6.76041666666667,6.985,6.25,6.5,6.93617021276596,6.67525773195876,30
"31",2004,1,7.2,10,7,8,NA,7.5,7,8,2,0,4,6,154,108,46,4,51,103,6.78896103896104,6.98611111111111,6.32608695652174,6.5,6.98039215686275,6.69417475728155,31
"32",2004,2,6.8,5,7,6.5,6,6,7,3,2,1,1,4,159,111,48,5,52,107,6.78930817610063,6.98648648648649,6.33333333333333,6.4,6.96153846153846,6.70560747663551,32
"33",2004,3,6.42857142857143,7,6.42857142857143,NA,NA,7,6.2,7,0,0,2,5,166,118,48,5,54,112,6.77409638554217,6.95338983050847,6.33333333333333,6.4,6.96296296296296,6.68303571428571,33
"34",2004,4,6.42857142857143,7,5.5,7.66666666666667,9,5.33333333333333,7.25,4,3,1,3,4,173,122,51,6,57,116,6.76011560693642,6.90573770491803,6.41176470588235,6.83333333333333,6.87719298245614,6.70258620689655,34
"35",2004,5,7.07142857142857,7,7.1,7,NA,7.33333333333333,6.875,5,2,0,3,4,180,127,53,6,60,120,6.77222222222222,6.91338582677165,6.43396226415094,6.83333333333333,6.9,6.70833333333333,35
"36",2004,6,6.75,8,6.6,7,NA,6.66666666666667,6.8,5,3,0,3,5,188,132,56,6,63,125,6.77127659574468,6.90151515151515,6.46428571428571,6.83333333333333,6.88888888888889,6.712,36
"37",2004,7,6.5,6,6.6,6,6,6.4,7,5,1,1,5,1,194,137,57,7,68,126,6.76288659793814,6.89051094890511,6.45614035087719,6.71428571428571,6.85294117647059,6.71428571428571,37
"38",2004,8,8,8,8,8,NA,9,7,7,1,0,4,4,202,144,58,7,72,130,6.81188118811881,6.94444444444444,6.48275862068965,6.71428571428571,6.97222222222222,6.72307692307692,38
"39",2004,9,6.4,5,6.25,7,NA,8,6,4,1,0,1,4,207,148,59,7,73,134,6.80193236714976,6.92567567567568,6.49152542372881,6.71428571428571,6.98630136986301,6.70149253731343,39
"40",2004,10,6.625,8,7.33333333333333,4.5,NA,7.5,6.33333333333333,6,2,0,2,6,215,154,61,7,75,140,6.7953488372093,6.94155844155844,6.42622950819672,6.71428571428571,7,6.68571428571429,40
"41",2004,11,6.83333333333333,12,7.1,5.5,6,6.83333333333333,6.83333333333333,10,2,1,6,6,227,164,63,8,81,146,6.79735682819383,6.95121951219512,6.3968253968254,6.625,6.98765432098765,6.69178082191781,41
"42",2004,12,8.4,4,8.4,NA,NA,9,7.8,4,0,0,2,2,231,168,63,8,83,148,6.82510822510822,6.98571428571428,6.3968253968254,6.625,7.03614457831325,6.70675675675676,42
"43",2005,1,6.75,16,6.92307692307692,6,NA,5.9,7.13636363636364,13,3,0,5,11,247,181,66,8,88,159,6.82024291497976,6.98121546961326,6.37878787878788,6.625,6.97159090909091,6.73647798742138,43
"44",2005,2,6.5,6,6.5,6.5,NA,8,6.2,4,2,0,1,5,253,185,68,8,89,164,6.81264822134387,6.97081081081081,6.38235294117647,6.625,6.98314606741573,6.72012195121951,44
"45",2005,3,7.08333333333333,6,6.9,8,8,6.875,7.5,5,1,1,4,2,259,190,69,9,93,166,6.81891891891892,6.96894736842105,6.40579710144928,6.77777777777778,6.97849462365591,6.72951807228916,45
"46",2005,4,7,10,7.625,4.5,NA,6.5,7.33333333333333,8,2,0,4,6,269,198,71,9,97,172,6.82565055762082,6.99545454545455,6.35211267605634,6.77777777777778,6.95876288659794,6.75058139534884,46
"47",2005,5,6.4,12,7.24285714285714,5.22,NA,7.56666666666667,6.01111111111111,7,5,0,3,9,281,205,76,9,100,181,6.80747330960854,7.00390243902439,6.27763157894737,6.77777777777778,6.977,6.71381215469613,47
"48",2005,6,6.17857142857143,14,6.6875,5.5,5,5.75,7.25,8,6,1,10,4,295,213,82,10,110,185,6.77762711864407,6.99201877934272,6.22073170731707,6.6,6.86545454545455,6.7254054054054,48
"49",2005,7,6.65,10,6.65,NA,NA,6.5,6.8,10,0,0,5,5,305,223,82,10,115,190,6.77344262295082,6.97668161434978,6.22073170731707,6.6,6.84956521739131,6.72736842105263,49
"50",2005,8,7.3,15,7.45454545454545,6.875,7,7.72222222222222,6.66666666666667,11,4,1,9,6,320,234,86,11,124,196,6.798125,6.9991452991453,6.25116279069767,6.63636363636364,6.91290322580645,6.72551020408163,50
"51",2005,9,6.77272727272727,11,6.78571428571429,6.75,NA,7,6.64285714285714,7,4,0,4,7,331,241,90,11,128,203,6.79728096676737,6.99294605809129,6.27333333333333,6.63636363636364,6.915625,6.72266009852217,51
"52",2005,10,6.61111111111111,9,6.92857142857143,5.5,NA,6,6.91666666666667,7,2,0,3,6,340,248,92,11,131,209,6.79235294117647,6.99112903225806,6.25652173913044,6.63636363636364,6.89465648854962,6.72822966507177,52
"53",2005,11,6.875,8,7.2,6.33333333333333,5,7,6.8,5,3,1,3,5,348,253,95,12,134,214,6.79425287356322,6.99525691699605,6.25894736842105,6.5,6.89701492537313,6.72990654205607,53
"54",2005,12,6.3,10,7.16666666666667,5,NA,7,6.22222222222222,6,4,0,1,9,358,259,99,12,135,223,6.7804469273743,6.9992277992278,6.20808080808081,6.5,6.89777777777778,6.70941704035874,54
"55",2006,1,6.59722222222222,18,6.78333333333333,5.66666666666667,6,6.77777777777778,6.41666666666667,15,3,1,9,9,376,274,102,13,144,232,6.77167553191489,6.98740875912409,6.1921568627451,6.46153846153846,6.89027777777778,6.69806034482759,55
"56",2006,2,6.75,8,6.85714285714286,6,NA,7.2,6,7,1,0,5,3,384,281,103,13,149,235,6.77122395833333,6.98416370106762,6.19029126213592,6.46153846153846,6.9006711409396,6.68914893617021,56
"57",2006,3,7.325,8,7.37142857142857,7,NA,7.6,7.28571428571429,7,1,0,1,7,392,288,104,13,150,242,6.78252551020408,6.99357638888889,6.19807692307692,6.46153846153846,6.90533333333333,6.70640495867768,57
"58",2006,4,6.4222,5,6.52775,6,NA,5.70366666666667,7.5,4,1,0,3,2,397,292,105,13,153,244,6.77798740554156,6.98719520547945,6.19619047619048,6.46153846153846,6.88177124183007,6.71290983606557,58
"59",2006,5,7.9,5,8.125,7,NA,7,8.125,4,1,0,1,4,402,296,106,13,154,248,6.79194278606965,7.00257094594595,6.20377358490566,6.46153846153846,6.88253896103896,6.73568548387097,59
"60",2006,6,6.5,14,6.72222222222222,6.1,6,6.25,6.6875,9,5,2,6,8,416,305,111,15,160,256,6.78211778846154,6.99429836065574,6.1990990990991,6.4,6.85881875,6.7341796875,60
"61",2006,7,6.41875,16,6.60909090909091,6,6,6.5,6.39166666666667,11,5,2,4,12,432,316,116,17,164,268,6.76865972222222,6.98088924050633,6.19051724137931,6.35294117647059,6.85006707317073,6.71884328358209,61
"62",2006,8,6.44736842105263,19,6.4,6.625,5.5,6,6.77272727272727,15,4,1,8,11,451,331,120,18,172,279,6.75512416851441,6.95456495468278,6.205,6.30555555555556,6.81052906976744,6.72096774193548,62
"63",2006,9,6.25,18,6.70833333333333,5.33333333333333,3,6.40909090909091,6,12,6,1,11,7,469,343,126,19,183,286,6.73573773987207,6.94595043731778,6.16349206349206,6.13157894736842,6.78639890710383,6.70332167832168,63
"64",2006,10,7.20454545454545,22,7.34375,6.83333333333333,6,7.375,7.10714285714286,16,6,1,8,14,491,359,132,20,191,300,6.7567433808554,6.96367966573816,6.19393939393939,6.125,6.81105235602094,6.72216666666667,64
"65",2006,11,7.09642857142857,14,7.36,6.4375,6.375,7.03888888888889,7.2,10,4,2,9,5,505,369,136,22,200,305,6.7661603960396,6.97442005420054,6.20110294117647,6.14772727272727,6.821305,6.73,65
"66",2006,12,6.8,20,6.91666666666667,6.625,6.5,6.83333333333333,6.78571428571429,12,8,4,6,14,525,381,144,26,206,319,6.76744952380952,6.97260104986877,6.22465277777778,6.20192307692308,6.82165533980583,6.73244514106583,66
"67",2007,1,6.46666666666667,15,6.45,6.5,6,6.9,6.25,10,5,1,5,10,540,391,149,27,211,329,6.75909444444444,6.95923529411765,6.23389261744966,6.19444444444444,6.82351184834123,6.7177811550152,67
"68",2007,2,6.461943,20,6.62352941176471,5.54628666666667,6,6.38333333333333,6.5798575,17,3,1,12,8,560,408,152,28,223,337,6.74848189285714,6.94524754901961,6.22032144736842,6.1875,6.79982511210762,6.71450700296736,68
"69",2007,3,6.56060606060606,33,6.875,6.07692307692308,6.33333333333333,6.36363636363636,6.65909090909091,20,13,6,11,22,593,428,165,34,234,359,6.73802674536256,6.94196495327103,6.20902339393939,6.21323529411765,6.77932051282051,6.71111103064067,69
"70",2007,4,6.4,5,6.33333333333333,6.5,5,5.5,7,3,2,1,2,3,598,431,167,35,236,362,6.73520043478261,6.93772853828306,6.21250814371257,6.17857142857143,6.76847881355932,6.71350513812155,70
"71",2007,5,6.23076923076923,13,6.6,5,NA,6.21428571428571,6.25,10,3,0,7,6,611,441,170,35,243,368,6.72446785597381,6.93007029478458,6.19111094117647,6.17857142857143,6.75251440329218,6.70594798913043,71
"72",2007,6,7,14,7,7,NA,7.8,6.55555555555556,12,2,0,5,9,625,453,172,35,248,377,6.730639776,6.93192273730684,6.20051662790698,6.17857142857143,6.77363306451613,6.70235771883289,72
"73",2007,7,7.01538461538462,13,7.10909090909091,6.5,6.5,7.03333333333333,7,11,2,2,6,7,638,464,174,37,254,384,6.73644178683386,6.93612284482758,6.20395896551724,6.19594594594595,6.77976771653543,6.70778348958333,73
"74",2007,8,6.616,25,6.86111111111111,5.98571428571429,7,6.42857142857143,6.68888888888889,18,7,2,7,18,663,482,181,39,261,402,6.7319002413273,6.93332157676348,6.19551856353591,6.23717948717949,6.77034865900383,6.70693746268657,74
"75",2007,9,6.53842105263158,19,6.55615384615385,6.5,6.5,6.24777777777778,6.8,13,6,2,9,10,682,495,187,41,270,412,6.72651005865102,6.92341616161616,6.20528802139037,6.25,6.75292962962963,6.70919626213592,75
"76",2007,10,6.71,19,6.89933333333333,6,6,6.72714285714286,6.7,15,4,1,7,12,701,510,191,42,277,424,6.72606256776034,6.92270784313725,6.20098879581152,6.24404761904762,6.75227797833935,6.70893599056604,76
"77",2007,11,6.456,25,6.62666666666667,6.2,6.625,6.21818181818182,6.64285714285714,15,10,4,11,14,726,525,201,46,288,438,6.71676289256198,6.91424952380952,6.20093960199005,6.27717391304348,6.73187847222222,6.70682388127854,77
"78",2007,12,6.390625,32,6.54347826086957,6,6,6.5,6.31578947368421,23,9,5,13,19,758,548,210,51,301,457,6.70299453825857,6.89868795620438,6.19232790476191,6.25,6.72186378737542,6.69056643326039,78
"79",2008,1,6.44565217391304,23,6.63888888888889,5.75,5.91666666666667,5.55,6.69444444444444,18,5,3,5,18,781,566,215,54,306,475,6.69541595390525,6.890425795053,6.18204120930233,6.23148148148148,6.70271568627451,6.69071338947368,79
"80",2008,2,6.61166666666667,30,6.71904761904762,6.36111111111111,7.25,6.8,6.5175,21,9,1,10,20,811,587,224,55,316,495,6.69231795314426,6.88429471890971,6.18923598214286,6.25,6.70579430379747,6.68371486868687,80
"81",2008,3,7.05,10,7.05555555555556,7,NA,6.5,7.41666666666667,9,1,0,4,6,821,596,225,55,320,501,6.69667461632156,6.88688087248322,6.19283937777778,6.25,6.703221875,6.69249273453094,81
"82",2008,4,6.84545454545455,22,7.04,6.42857142857143,6.5,6.28571428571429,7.10666666666667,15,7,3,7,15,843,611,232,58,327,516,6.70055736654804,6.89063993453355,6.19995198275862,6.26293103448276,6.69428440366972,6.7045326744186,82
"83",2008,5,6.72941176470588,17,7.49090909090909,5.33333333333333,7,6.21111111111111,7.3125,11,6,1,9,8,860,622,238,59,336,524,6.70112774418604,6.90125562700965,6.17810445378151,6.27542372881356,6.68134226190476,6.71381461832061,83
"84",2008,6,6.52941176470588,17,6.45454545454545,6.66666666666667,9,7,5.85714285714286,11,6,1,10,7,877,633,244,60,346,531,6.69779915621436,6.89349289099526,6.19011827868852,6.32083333333333,6.69055202312139,6.70252139359699,84
"85",2008,7,5.88235294117647,17,6.71428571428571,5.3,5.3,5.625,6.11111111111111,7,10,10,8,9,894,640,254,70,354,540,6.6822929082774,6.8915328125,6.1550742519685,6.175,6.66647175141243,6.69266455555556,85
"86",2008,8,6.20588235294118,17,6.40909090909091,5.83333333333333,NA,6.4,6.125,11,6,0,5,12,911,651,260,70,359,552,6.67340270032931,6.88338095238095,6.14764946153846,6.175,6.66276044568245,6.68032402173913,86
"87",2008,9,6.84210526315789,19,7.03333333333333,6.125,5,6.25,7.5,15,4,2,10,9,930,666,264,72,369,561,6.67684931182796,6.88675825825826,6.14730628787879,6.14236111111111,6.65157452574526,6.69347390374331,87
"88",2008,10,6.92307692307692,13,6.91666666666667,7,7,6.2,7.375,12,1,1,5,8,943,678,265,73,374,569,6.68024375397667,6.88728761061947,6.150524,6.1541095890411,6.64553743315508,6.70305599297012,88
"89",2008,11,6.84666666666667,15,6.89166666666667,6.66666666666667,6.75,6.85714285714286,6.8375,12,3,2,7,8,958,690,268,75,381,577,6.68284954070981,6.88736376811594,6.15630171641791,6.17,6.64942519685039,6.70492003466204,89
"90",2008,12,6.70588235294118,17,6.69230769230769,6.75,5,6.75,6.68181818181818,13,4,1,6,11,975,703,272,76,387,588,6.68325113846154,6.88375675675676,6.16503257352941,6.15460526315789,6.65098449612403,6.70448785714286,90
"91",2009,1,6.3258064516129,31,6.525,5.64285714285714,5.8,5.81538461538462,6.69444444444444,24,7,5,13,18,1006,727,279,81,400,606,6.67223644135189,6.87191334250344,6.15193139784946,6.13271604938272,6.6238275,6.70418953795379,91
"92",2009,2,6.404,25,6.71176470588235,5.75,6.25,6.65,6.24,17,8,4,10,15,1031,744,287,85,410,621,6.66573216294859,6.86825403225806,6.14072773519164,6.13823529411765,6.62446585365854,6.69297723027375,92
"93",2009,3,6.87115384615385,26,7.13235294117647,6.37777777777778,6.28,6.41666666666667,7.0075,17,9,5,6,20,1057,761,296,90,416,641,6.67078510879849,6.87415374507227,6.14793533783784,6.14611111111111,6.62146875,6.70279073322933,93
"94",2009,4,5.94166666666667,15,6.390625,5.42857142857143,4,6.5625,5.84615384615385,8,7,1,2,13,1072,769,303,91,418,654,6.66058289179104,6.86912353706112,6.13131636963696,6.12252747252747,6.62118660287081,6.68576278287462,94
"95",2009,5,6.14814814814815,27,6.31578947368421,5.75,6.2,5.77777777777778,6.33333333333333,19,8,5,9,18,1099,788,311,96,427,672,6.64799350318471,6.85578172588832,6.12150758842444,6.1265625,6.60340983606557,6.67632270833333,95
"96",2009,6,6.28571428571429,14,6.28571428571429,6.28571428571429,6.25,6.4,6.22222222222222,7,7,4,5,9,1113,795,318,100,432,681,6.64343653189578,6.85076226415094,6.12512220125786,6.1315,6.60105555555556,6.67032138032305,96
"97",2009,7,6.33333333333333,12,6.14285714285714,6.6,8,5.6,6.85714285714286,7,5,1,5,7,1125,802,323,101,437,688,6.64012876444444,6.84458354114713,6.13247325077399,6.15,6.58960183066362,6.67222218023256,97
"98",2009,8,6.43181818181818,22,6.55555555555556,5.875,6.25,6.07142857142857,6.6,18,4,2,7,15,1147,820,327,103,444,703,6.63613326939843,6.83823902439024,6.12932373088685,6.15194174757282,6.58143243243243,6.67068116642959,98
"99",2009,9,6.38684210526316,19,6.91153846153846,5.25,NA,5.4625,6.63333333333333,13,6,0,4,15,1166,833,333,103,448,718,6.63207106346484,6.83938295318127,6.11348006006006,6.15194174757282,6.57144196428571,6.66990091922005,99
"100",2009,10,6.54347826086957,23,7.10714285714286,5.66666666666667,6.25,6.6875,6.46666666666667,14,9,4,8,15,1189,847,342,107,456,733,6.6303573254836,6.84380873671783,6.1017218128655,6.15560747663551,6.57347807017544,6.66574196452933,100
"101",2009,11,6.20588235294118,17,6.77777777777778,5.5625,5.33333333333333,6.7,6,9,8,3,5,12,1206,856,350,110,461,745,6.62437384742952,6.84311448598131,6.08939674285714,6.13318181818182,6.57485032537961,6.65501860402684,101
"102",2009,12,6.27083333333333,24,6.625,5.91666666666667,6,5.68181818181818,6.76923076923077,12,12,5,11,13,1230,868,362,115,472,758,6.61747549593496,6.84009907834101,6.0836708839779,6.12739130434783,6.55403813559322,6.6569773878628,102
"103",2010,1,6.51136363636364,22,6.98333333333333,5.5,7.5,8,6.3625,15,7,1,2,20,1252,883,369,116,474,778,6.61561091054313,6.84253227633069,6.07259853658536,6.13922413793103,6.56013924050633,6.64940727506427,103
"104",2010,2,6.23421052631579,19,6.38076923076923,5.91666666666667,5.33333333333333,5.8,6.35,13,6,3,4,15,1271,896,375,119,478,793,6.60990940991345,6.83583258928571,6.07010362666667,6.11890756302521,6.55377824267782,6.64374383354351,104
"105",2010,3,6.11,10,6.7,5.52,6.53333333333333,6.86,5.36,5,5,3,5,5,1281,901,380,122,483,798,6.60600691647151,6.83507880133185,6.06286542105263,6.12909836065574,6.55694824016563,6.63570032581454,105
"106",2010,4,6.4,12,7,5.56,4,6.25,6.475,7,5,2,4,8,1293,908,385,124,487,806,6.60409501933488,6.83635022026432,6.0563347012987,6.09475806451613,6.55442710472279,6.6341052853598,106
"107",2010,5,7.00769230769231,13,7.4,6.125,6,7.16666666666667,6.87142857142857,9,4,1,6,7,1306,917,389,125,493,813,6.60811245022971,6.84188222464558,6.05704077120823,6.094,6.56187829614604,6.63614865928659,107
"108",2010,6,6.76,15,6.95,6,5,6.62857142857143,6.875,12,3,1,7,8,1321,929,392,126,500,821,6.60983713853142,6.84327879440258,6.05660423469388,6.08531746031746,6.562812,6.63847607795372,108
"109",2010,7,6.74545454545455,11,6.75,6.74,6.625,6,6.82,6,5,4,1,10,1332,935,397,130,501,831,6.6109571021021,6.84268021390374,6.06521123425693,6.10192307692308,6.56168862275449,6.64066048134777,109
"110",2010,8,6.78571428571429,14,7.22222222222222,6,5.875,6.66666666666667,6.81818181818182,9,5,4,3,11,1346,944,402,134,504,842,6.61277478454681,6.84629872881356,6.06440014925373,6.09514925373134,6.56231349206349,6.64297964370546,110
"111",2010,9,6.58,10,6.57142857142857,6.6,6.4,6.6,6.57142857142857,7,3,2,3,7,1356,951,405,136,507,849,6.61253308259587,6.84427549947424,6.06836755555555,6.09963235294118,6.56253648915187,6.64238970553592,111
"112",2010,10,6.64285714285714,14,6.77777777777778,6.4,6.5,6.25,6.8,9,5,1,4,10,1370,960,410,137,511,859,6.61284296350365,6.84365208333333,6.07241185365854,6.10255474452555,6.56009001956947,6.64422451688009,112
"113",2010,11,6.114,25,6.23846153846154,5.97916666666667,5.78571428571429,6,6.13571428571429,13,12,7,4,21,1395,973,422,144,515,880,6.60390312544803,6.83556628982528,6.06976033175355,6.08715277777778,6.55573980582524,6.63208961363636,113
"114",2010,12,6.34375,16,7.0625,5.625,5,5.16666666666667,6.61538461538461,8,8,4,3,13,1411,981,430,148,518,893,6.60095312544295,6.83741692150867,6.06148572093023,6.05777027027027,6.54769498069498,6.63184642777156,114
"115",2011,1,6.71052631578947,19,6.92307692307692,6.25,6,5.625,7,13,6,5,4,15,1430,994,436,153,522,908,6.60240899300699,6.83853722334004,6.06407995412844,6.05588235294118,6.5406245210728,6.63792825991189,115
"116",2011,2,5.89230769230769,13,6.43333333333333,5.42857142857143,5.5,5,6.28888888888889,6,7,4,4,9,1443,1000,443,157,526,917,6.59601168399168,6.836106,6.05403805869074,6.04171974522293,6.52890874524715,6.6345025736096,116
"117",2011,3,6.69230769230769,13,7,5.66666666666667,6,7,6.55555555555556,10,3,1,4,9,1456,1010,446,158,530,926,6.59687146978022,6.83772871287129,6.05143242152466,6.04145569620253,6.5324641509434,6.6337352699784,117
"118",2011,4,6.67857142857143,14,6.77777777777778,6.5,6.83333333333333,7.125,6.5,9,5,3,4,10,1470,1019,451,161,534,936,6.59764956462585,6.83719921491659,6.05640545454545,6.05621118012422,6.53690262172285,6.63230647435898,118
"119",2011,5,6.78125,16,6.88888888888889,6.64285714285714,6.16666666666667,6.41666666666667,7,9,7,3,6,10,1486,1028,458,164,540,946,6.59962641991925,6.83765175097276,6.06536868995633,6.05823170731707,6.53556666666667,6.63619329809725,119
"120",2011,6,7.34615384615385,13,7.2,7.83333333333333,9,7.5,7.27777777777778,10,3,1,4,9,1499,1038,461,165,544,955,6.60610064042695,6.84114258188825,6.07687388286334,6.07606060606061,6.54265808823529,6.64223964397906,120
"121",2011,7,6.83846153846154,13,6.92,6.56666666666667,7,6.4,7.1125,10,3,2,5,8,1512,1048,464,167,549,963,6.60809845238095,6.84189503816794,6.08004064655172,6.08712574850299,6.54135883424408,6.64614627206646,121
"122",2011,8,6.93157894736842,19,6.91666666666667,6.95714285714286,7.125,6.75,7.01538461538462,12,7,4,6,13,1531,1060,471,171,555,976,6.612112906597,6.84274150943396,6.0930761358811,6.11140350877193,6.54361441441441,6.65106440573771,122
"123",2011,9,7.06071428571429,14,7.25909090909091,6.33333333333333,NA,6.71428571428571,7.40714285714286,11,3,0,7,7,1545,1071,474,171,562,983,6.61617790291262,6.84701774042951,6.09459675105485,6.11140350877193,6.54574021352313,6.65644848423194,123
"124",2011,10,6.53333333333333,12,7.1125,5.375,5.16666666666667,5.78,7.07142857142857,8,4,3,5,7,1557,1079,478,174,567,990,6.6155394091201,6.84898609823911,6.0885750209205,6.09511494252874,6.53898765432099,6.65938268686869,124
"125",2011,11,6.625,16,6.61538461538461,6.66666666666667,6,6.22222222222222,7.14285714285714,13,3,1,9,7,1573,1092,481,175,576,997,6.61563563890655,6.84620512820513,6.09218058212058,6.09457142857143,6.53403819444445,6.66277719157473,125
"126",2011,12,5.52083333333333,12,5.75,5.2,5,5.5625,5.5,7,5,1,4,8,1585,1099,486,176,580,1005,6.6073469148265,6.83922292993631,6.08300176954732,6.08835227272727,6.52733793103448,6.65352125373134,126
"127",2012,1,5.91666666666667,18,5.79166666666667,6.16666666666667,7,5.75,6,12,6,2,6,12,1603,1111,492,178,586,1017,6.59959130380537,6.82790819081908,6.08402207317073,6.09859550561798,6.51937883959045,6.64581008849558,127
"128",2012,2,6.59375,16,6.72727272727273,6.3,7.25,5.4,7.13636363636364,11,5,2,5,11,1619,1122,497,180,591,1028,6.59953357628166,6.82692156862745,6.08619488933601,6.11138888888889,6.50990862944163,6.65105920233463,128
"129",2012,3,6.13636363636364,11,6.3125,5.66666666666667,NA,6.33333333333333,6.0625,8,3,0,3,8,1630,1130,500,180,594,1036,6.59640788957055,6.8232796460177,6.08367772,6.11138888888889,6.50901683501684,6.64651434362934,129
"130",2012,4,6.09090909090909,22,6.32352941176471,5.3,5.75,6.6,5.94117647058824,17,5,2,5,17,1652,1147,505,182,599,1053,6.5896760653753,6.8158727114211,6.07591853465346,6.10741758241758,6.50977629382304,6.63512712250712,130
"131",2012,5,6.5,8,6.33333333333333,7,7,7,6.42857142857143,6,2,1,1,7,1660,1153,507,183,600,1060,6.58924389156626,6.81336166522116,6.07956382642998,6.11229508196721,6.51059333333334,6.6337630754717,131
"132",2012,6,6.38888888888889,9,7.16666666666667,6,5,6.75,6.28571428571429,3,6,1,2,7,1669,1156,513,184,602,1067,6.58816348711803,6.8142785467128,6.07863325536062,6.10625,6.51138870431894,6.63147971883786,132
"133",2012,7,6.285625,16,6.5625,6.00875,5.9,6.25,6.307,8,8,5,6,10,1685,1164,521,189,608,1077,6.58529071810089,6.81254810996564,6.07756019193858,6.10079365079365,6.50880921052632,6.62846690807799,133
"134",2012,8,5.72727272727273,11,6.125,4.66666666666667,4,6,5.57142857142857,8,3,2,4,7,1696,1172,524,191,612,1084,6.57972574292453,6.80785494880546,6.06948255725191,6.07879581151833,6.50548366013072,6.62164101476015,134
"135",2012,9,6.625,12,6.86363636363636,4,4,7,6.5,11,1,1,3,9,1708,1183,525,192,615,1093,6.58004382903981,6.80837362637363,6.06554068571428,6.06796875,6.50789593495935,6.62063939615737,135
"136",2012,10,6.60625,16,7.16666666666667,5.88571428571429,6,6.81428571428571,6.44444444444444,9,7,5,7,9,1724,1192,532,197,622,1102,6.58028704176334,6.8110788590604,6.06317454887218,6.06624365482234,6.51134405144695,6.61920041742287,136
"137",2012,11,6.125,12,7,5.25,5.125,6,6.21428571428571,6,6,4,5,7,1736,1198,538,201,627,1109,6.57713989631336,6.81202504173623,6.05410568773234,6.04751243781095,6.5072663476874,6.6166445987376,137
"138",2012,12,6.96875,16,7.25,6.125,6,6.625,7.08333333333333,12,4,1,4,12,1752,1210,542,202,631,1121,6.58071624429224,6.81636859504132,6.05462889298893,6.04727722772277,6.50801267828843,6.62164037466548,138
"139",2013,1,6.215,24,7.20461538461538,5.04545454545455,3,6.625,6.133,13,11,2,4,20,1776,1223,553,204,635,1141,6.57577413288288,6.82049550286182,6.03455490054249,6.01740196078431,6.50874960629921,6.61307524978089,139
"140",2013,2,6.30263157894737,19,6.63636363636364,5.84375,5.375,5.66666666666667,6.421875,11,8,2,3,16,1795,1234,561,206,638,1157,6.57288293036212,6.81885413290113,6.03183397504456,6.01116504854369,6.50478996865204,6.61043116681072,140
"141",2013,3,6.33,10,6.18571428571429,6.66666666666667,6.66666666666667,5.25,6.6,7,3,3,2,8,1805,1241,564,209,640,1165,6.57153731855956,6.81528283642224,6.03521074468085,6.02057416267943,6.50086875,6.61035953648069,141
"142",2013,4,7.23529411764706,17,7,8.33333333333333,8,7.33333333333333,7.18181818181818,14,3,1,6,11,1822,1255,567,210,646,1176,6.57773043907794,6.81734342629482,6.04737012345679,6.03,6.50860061919505,6.61570481292517,142
"143",2013,5,6.45,10,6.68571428571429,5.9,5,6.23333333333333,6.54285714285714,7,3,1,3,7,1832,1262,570,211,649,1183,6.57703322052402,6.81661331220285,6.04659449122807,6.02511848341232,6.5073281972265,6.61527376162299,143
"144",2013,6,6.52666666666667,15,6.74444444444444,6.2,6,6.34,6.62,9,6,3,5,10,1847,1271,576,214,654,1193,6.57662417975095,6.81610228166798,6.04819246527778,6.02476635514019,6.50604892966361,6.61531337803856,144
"145",2013,7,5.85,10,6.41666666666667,5,5,5.625,6,6,4,3,4,6,1857,1277,580,217,658,1199,6.57271128702208,6.81422552858262,6.04096355172414,6.01059907834101,6.50069300911854,6.61223424520434,145
"146",2013,8,7.04,10,7.34285714285714,6.33333333333333,6,7.68,6.4,7,3,2,5,5,1867,1284,583,219,663,1204,6.5752141724692,6.81710747663551,6.04246802744425,6.01050228310502,6.50958672699849,6.61135287375415,146
"147",2013,9,6.22727272727273,11,6.4375,5.66666666666667,NA,6,6.25,8,3,0,1,10,1878,1292,586,219,664,1214,6.57317617678381,6.81475696594427,6.04054412969283,6.01050228310502,6.50881927710843,6.6083763261944,147
"148",2013,10,6.5,19,6.73076923076923,6,6.2,7.2,6.25,13,6,5,5,14,1897,1305,592,224,669,1228,6.57244325777543,6.81392030651341,6.04013320945946,6.01473214285714,6.51398505231689,6.60429060260586,148
"149",2013,11,6.33333333333333,18,6.80769230769231,5.1,5.25,6.16666666666667,6.36666666666667,13,5,4,3,15,1915,1318,597,228,672,1243,6.57019574934726,6.81385887708649,6.03225939698492,6.00131578947368,6.51243452380952,6.60142305711987,149
"150",2013,12,6.35,20,6.85714285714286,5.16666666666667,5,5.33333333333333,6.52941176470588,14,6,2,3,17,1935,1332,603,230,675,1260,6.56791982428941,6.81431381381381,6.02364653399668,5.99260869565217,6.50719407407407,6.60045147619048,150
"151",2014,1,6.3125,16,6.45833333333333,5.875,6,6.25,6.33333333333333,12,4,1,4,12,1951,1344,607,231,679,1272,6.56582514607893,6.81113541666667,6.02266698517298,5.99264069264069,6.50567893961708,6.59793149371069,151
"152",2014,2,6.29375,24,6.45714285714286,6.065,6.375,6.33333333333333,6.28809523809524,14,10,4,3,21,1975,1358,617,235,682,1293,6.5625189164557,6.80748600883652,6.02335309562399,5.99914893617021,6.50492082111437,6.59289935034803,152
"153",2014,3,5.94117647058824,17,5.83333333333333,6.2,6,6.33333333333333,5.85714285714286,12,5,1,3,14,1992,1370,622,236,685,1307,6.55721629518072,6.79895328467153,6.02477308681672,5.99915254237288,6.50416934306569,6.58501825554705,153
"154",2014,4,6.425,20,6.63333333333333,5.8,6,6.91666666666667,6.21428571428571,15,5,3,6,14,2012,1385,627,239,691,1321,6.55590201789264,6.797159566787,6.02298063795853,5.99916317991632,6.5077510853835,6.58108922028766,154
"155",2014,5,6.94444444444444,9,7.5,5.83333333333333,6.25,8,6.8125,6,3,2,1,8,2021,1391,630,241,692,1329,6.55763229094508,6.80019122933142,6.02207755555555,6.00124481327801,6.50990751445087,6.58248221218961,155
"156",2014,6,7.1,10,7.57142857142857,6,6,8,7,7,3,2,1,9,2031,1398,633,243,693,1338,6.5603027375677,6.80405293276109,6.02197292259084,6.00123456790124,6.51205772005772,6.58529062780269,156
"157",2014,7,6.49705882352941,17,6.72692307692308,5.75,6,5,6.590625,13,4,3,1,16,2048,1411,637,246,694,1354,6.55977776367187,6.80334231041814,6.02026508634223,6.00121951219512,6.50987896253602,6.58535366322009,157
"158",2014,8,6.66666666666667,15,6.68181818181818,6.625,5.625,6.125,6.86363636363636,11,4,4,4,11,2063,1422,641,250,698,1365,6.56055494910325,6.80240225035162,6.02403878315132,5.9952,6.50767335243553,6.58759623443223,158
"159",2014,9,6.3,10,6.5,5.5,6,6.75,6.1875,8,2,1,2,8,2073,1430,643,251,700,1373,6.55929805113362,6.80071048951049,6.02240880248833,5.99521912350598,6.50836571428571,6.58526501092498,159
"160",2014,10,6.125,12,6.04545454545455,7,7,7,5.95,11,1,1,2,10,2085,1441,644,252,702,1383,6.5567984940048,6.79494517696044,6.02392680124223,5.99920634920635,6.50976638176638,6.58067162689805,160
"161",2014,11,6.25,10,6.0625,7,7,6.33333333333333,6.21428571428571,8,2,1,3,7,2095,1449,646,253,705,1390,6.55533406205251,6.79090131124914,6.0269486996904,6.00316205533597,6.50901560283688,6.57882651798561,161
"162",2014,12,5.55555555555556,18,5.95,5.0625,5.7,5.64285714285714,5.5,10,8,5,7,11,2113,1459,654,258,712,1401,6.54681725508755,6.78513776559287,6.01515116207951,5.99728682170543,6.5005,6.57035607423269,162
"163",2015,1,6.50666666666667,15,6.96,5.6,5.33333333333333,5.66666666666667,6.71666666666667,10,5,3,3,12,2128,1469,659,261,715,1413,6.5465342387218,6.78632811436351,6.01200130500759,5.98965517241379,6.4970013986014,6.57159862703468,163
"164",2015,2,6.95454545454545,11,7.05555555555556,6.5,6.5,7.16666666666667,6.875,9,2,2,3,8,2139,1478,661,263,718,1421,6.54863247311828,6.78796752368065,6.01347785173979,5.993536121673,6.49979944289694,6.57330672765658,164
"165",2015,3,6.375,14,6.27777777777778,6.55,6.16666666666667,5.75,6.54545454545455,9,5,3,3,11,2153,1487,666,266,721,1432,6.54750341848583,6.78487962340282,6.01750579579579,5.99548872180451,6.49667961165049,6.57309277932961,165
"166",2015,4,6.16666666666667,9,6.1,6.25,7,5.66666666666667,6.41666666666667,5,4,2,3,6,2162,1492,670,268,724,1438,6.54591806660499,6.78258445040214,6.01889382089552,6.00298507462687,6.49324033149171,6.57244009735744,166
"167",2015,5,6.75,14,6.90909090909091,6.16666666666667,6,7,6.70833333333333,11,3,1,2,12,2176,1503,673,269,726,1450,6.54723109375,6.78351031270792,6.01955254086181,6.00297397769517,6.49463636363636,6.57356473103448,167
"168",2015,6,5.88888888888889,9,6.25,5.6,5.66666666666667,6,5.85714285714286,4,5,3,2,7,2185,1507,678,272,728,1457,6.54451938672769,6.78209422694094,6.01645849557522,5.99926470588235,6.49327747252747,6.57012275909403,168
"169",2015,7,5.65384615384615,13,5.9,4.83333333333333,NA,6.2,5.3125,10,3,0,5,8,2198,1517,681,272,733,1465,6.53925152866242,6.77627949901121,6.01124649045521,5.99926470588235,6.49127694406548,6.56325519453925,169
"170",2015,8,6.63888888888889,18,6.58333333333333,6.75,6,6.83333333333333,6.6,12,6,2,3,15,2216,1529,687,274,736,1480,6.54006085740072,6.774765206017,6.01769848617176,5.9992700729927,6.49267119565217,6.56362760810811,170
"171",2015,9,6.17307692307692,13,6.525,5,5.5,4,6.35416666666667,10,3,2,1,12,2229,1539,690,276,737,1492,6.53792052938537,6.77314230019493,6.01327371014493,5.99565217391304,6.48928900949796,6.56194293565684,171
"172",2015,10,6.64285714285714,7,6.58333333333333,7,NA,8,6.1,6,1,0,2,5,2236,1545,691,276,739,1497,6.53824904293381,6.77240517799353,6.01470167872648,5.99565217391304,6.49337753721245,6.56040004008016,172
"173",2015,11,6.90666666666667,15,7,6.72,6.5,6.8,6.96,10,5,2,5,10,2251,1555,696,278,744,1507,6.54070406930253,6.77386881028939,6.01976847701149,5.99928057553957,6.49543817204301,6.56305166556072,173
"174",2015,12,6.16521739130435,23,6.20625,6.07142857142857,5.6,6.16666666666667,6.16470588235294,16,7,5,6,17,2274,1571,703,283,750,1524,6.5369062708883,6.76808784213876,6.02028287339972,5.99222614840989,6.492808,6.55860817585302,174
"175",2016,1,6.425,20,7.07692307692308,5.21428571428571,4.83333333333333,6.66666666666667,6.38235294117647,13,7,3,3,17,2294,1584,710,286,753,1541,6.5359306277245,6.77062247474747,6.01233642253521,5.98006993006993,6.49350066401062,6.55666376378975,175
"176",2016,2,6.89285714285714,14,7.05,6.5,6.75,6.5,6.92307692307692,10,4,2,1,13,2308,1594,714,288,754,1554,6.5380956932409,6.77237515683814,6.01506843137255,5.98541666666667,6.49350928381963,6.559728996139,176
"177",2016,3,5.9125,16,6.18181818181818,5.32,5.2,5.5,5.97142857142857,11,5,3,2,14,2324,1605,719,291,756,1568,6.53378866609294,6.7683277258567,6.01023485396384,5.97731958762887,6.49088095238095,6.55447631377551,177
"178",2016,4,5.66666666666667,12,5.25,5.875,5.2,6,5.63636363636364,4,8,5,1,11,2336,1609,727,296,757,1579,6.52933427226027,6.7645531385954,6.00874671251719,5.96418918918919,6.49023249669749,6.5480803419886,178
"179",2016,5,6.27272727272727,11,6.25,6.33333333333333,NA,5,6.4,8,3,0,1,10,2347,1617,730,296,758,1589,6.52813159778441,6.76200742115028,6.01008063013699,5.96418918918919,6.48826649076517,6.54714843297671,179
"180",2016,6,6.36363636363636,11,6.0625,7.16666666666667,7.16666666666667,6.6,6.16666666666667,8,3,3,5,6,2358,1625,733,299,763,1595,6.52736423240034,6.75856369230769,6.01481427012278,5.97625418060201,6.48899868938401,6.54571715360502,180
"181",2016,7,6.17857142857143,14,6.875,5.25,NA,NA,6.17857142857143,8,6,0,0,14,2372,1633,739,299,763,1609,6.52530559021922,6.75913410900184,6.00860468200271,5.97625418060201,6.48899868938401,6.54252259788689,181
"182",2016,8,6.31052631578947,19,6.89333333333333,4.125,4.5,5.575,6.50666666666667,15,4,1,4,15,2391,1648,743,300,767,1624,6.52359885403597,6.76035558252427,5.99846414535666,5.97133333333333,6.48423207301173,6.54219141625616,182
"183",2016,9,5.97826086956522,23,6.625,5.27272727272727,4.5,6.5,5.79411764705882,12,11,4,6,17,2414,1660,754,304,773,1641,6.5184030074565,6.75937710843373,5.98787647214854,5.95197368421053,6.48435446313066,6.53444171846435,183
"184",2016,10,6.65,20,6.7,6.5,7,6.75,6.63888888888889,15,5,3,2,18,2434,1675,759,307,775,1659,6.51948433032046,6.75884537313433,5.99125014492754,5.96221498371335,6.48504,6.53557496081977,184
"185",2016,11,6.79473684210526,19,6.88125,6.33333333333333,NA,7.75,6.54,16,3,0,4,15,2453,1691,762,307,779,1674,6.52161633102324,6.76000354819633,5.99259692913386,5.96221498371335,6.49153530166881,6.53561461170848,185
"186",2016,12,6.57692307692308,13,6.77272727272727,5.5,NA,6.16666666666667,6.7,11,2,0,3,10,2466,1702,764,307,782,1684,6.52190789132198,6.76008578143361,5.99130740837696,5.96221498371335,6.49028900255755,6.5365907719715,186
"187",2017,1,7,15,7.16666666666667,6.33333333333333,6.5,6,7.07142857142857,12,3,2,1,14,2481,1714,767,309,783,1698,6.52479841193067,6.76293232205368,5.99264518904824,5.96569579288026,6.48966283524904,6.54100050647821,187
"188",2017,2,6.03571428571429,14,6.55555555555556,5.1,4.75,4,6.375,9,5,2,2,12,2495,1723,772,311,785,1710,6.52205405210421,6.76184910040627,5.98686380829016,5.95787781350482,6.48331974522293,6.53983559064327,188
"189",2017,3,6.76470588235294,17,7.26923076923077,5.125,5.25,6.85,6.71818181818182,13,4,2,6,11,2512,1736,776,313,791,1721,6.5236962022293,6.76564861751152,5.98242121134021,5.95335463258786,6.48610113780025,6.54097551423591,189
"190",2017,4,5.875,12,6.58333333333333,5.16666666666667,5,6.5,5.75,6,6,4,2,10,2524,1742,782,317,793,1731,6.5206120681458,6.76502066590126,5.97616222506394,5.94132492113565,6.48613619167718,6.53640604274986,190
"191",2017,5,6.14285714285714,7,6.14285714285714,NA,NA,NA,6.14285714285714,7,0,0,0,7,2531,1749,782,317,793,1738,6.51956730936389,6.76253058890795,5.97616222506394,5.94132492113565,6.48613619167718,6.53482097813579,191
"192",2017,6,6.05555555555556,9,6.2,5.875,6,5,6.1875,5,4,1,1,8,2540,1754,786,318,794,1746,6.51792317322835,6.76092702394527,5.97564740458015,5.94150943396226,6.4842644836272,6.53322958762887,192
"193",2017,7,6.04684210526316,19,6.59888888888889,5.55,5.5,5.598,6.20714285714286,9,10,9,5,14,2559,1763,796,327,799,1760,6.51442550214928,6.76009982983551,5.97030007537689,5.92935779816514,6.4787183979975,6.53063571590909,193
"194",2017,8,6.44705882352941,17,6.48571428571429,6.26666666666667,6.4,5.91666666666667,6.73636363636364,14,3,2,6,11,2576,1777,799,329,805,1771,6.51398092391304,6.75793809791784,5.97141284105131,5.9322188449848,6.47452919254658,6.53191352907962,194
"195",2017,9,6.125,8,5.85714285714286,8,NA,5,6.5,7,1,0,2,6,2584,1784,800,329,807,1777,6.51277664860681,6.75440358744394,5.973948575,5.9322188449848,6.47087484510533,6.53180577377603,195
"196",2017,10,6.47058823529412,17,6.5,6.41666666666667,6.125,6.83333333333333,6.27272727272727,11,6,4,6,11,2601,1795,806,333,813,1788,6.51250090734333,6.75284456824512,5.97724424317618,5.93453453453453,6.47354981549816,6.53021189038031,196
"197",2017,11,6.98307692307692,13,7.3225,6.44,5.5,7.75,6.84363636363636,8,5,2,2,11,2614,1803,811,335,815,1799,6.51484118592196,6.75537215751525,5.98009723797781,5.93194029850746,6.47668220858896,6.53212832684825,197
"198",2017,12,6.64952380952381,21,7.24166666666667,5.86,4.33333333333333,7.33333333333333,6.376,12,9,3,6,15,2635,1815,820,338,821,1814,6.51591455787476,6.75858732782369,5.97877909756098,5.91775147928994,6.48294275274056,6.53083729878721,198
"199",2018,1,6.15,22,6.34117647058823,5.5,5.33333333333333,6.54285714285714,5.96666666666667,17,5,3,7,15,2657,1832,825,341,828,1829,6.51288477982687,6.75471397379912,5.97587740606061,5.91260997067449,6.48344927536232,6.52621042099508,199
"200",2018,2,7.33333333333333,6,8.33333333333333,6.33333333333333,5,NA,7.33333333333333,3,3,1,0,6,2663,1835,828,342,828,1835,6.51473333082989,6.75729482288828,5.97717253623188,5.90994152046784,6.48344927536232,6.52884951498638,200
"201",2018,3,6.35714285714286,14,6.8,5.25,6,2,6.69230769230769,10,4,1,1,13,2677,1845,832,343,829,1848,6.51390917444901,6.75752628726287,5.97367651442308,5.91020408163265,6.478041013269,6.52999938311688,201
"202",2018,4,6.51058823529412,17,6.50571428571429,6.53333333333333,6.3,6.02666666666667,6.61428571428571,14,3,3,3,14,2694,1859,835,346,832,1862,6.5138882182628,6.75562990855298,5.97568725748503,5.9135838150289,6.47641346153846,6.53063311493018,202
"203",2018,5,6.84615384615385,13,6.84615384615385,NA,NA,8.5,6.54545454545455,13,0,0,2,11,2707,1872,835,346,834,1873,6.51548387883265,6.75625854700855,5.97568725748503,5.9135838150289,6.48126618705036,6.53072016017085,203
"204",2018,6,7.26315789473684,19,7.60714285714286,6.3,6.16666666666667,7.75,7.03846153846154,14,5,3,6,13,2726,1886,840,349,840,1886,6.52069510638298,6.76257476139979,5.97761769047619,5.91575931232092,6.49032857142857,6.53421996818664,204
"205",2018,7,6.25,8,6.57142857142857,4,4,6,6.28571428571429,7,1,1,1,7,2734,1893,841,350,841,1893,6.51990302121434,6.76186793449551,5.97526618311534,5.91028571428572,6.48974554102259,6.53330103539356,205
"206",2018,8,6.43,10,6.97142857142857,5.16666666666667,5,7,6.2875,7,3,2,2,8,2744,1900,844,352,843,1901,6.51957538629737,6.76264,5.97239201421801,5.90511363636364,6.49095610913405,6.53226662809048,206
"207",2018,9,6,17,6.33333333333333,5.625,5,5.375,6.19230769230769,9,8,4,4,13,2761,1909,852,356,847,1914,6.51637626222383,6.76061602933473,5.96913011737089,5.89494382022472,6.48568595041322,6.52995760710554,207
"208",2018,10,6.32352941176471,17,6.45833333333333,6,5.75,7,6.11538461538461,12,5,4,4,13,2778,1921,857,360,851,1927,6.51519613390928,6.75872774596564,5.96931022170362,5.89333333333333,6.48810340775558,6.52716079916969,208
"209",2018,11,6.88888888888889,9,6.875,7,NA,7,6.875,8,1,0,1,8,2787,1929,858,360,852,1935,6.51640289199856,6.7592099533437,5.97051149184149,5.89333333333333,6.48870422535211,6.52859889405685,209
"210",2018,12,6.17857142857143,14,6.15,6.25,6.5,6,6.20833333333333,10,4,2,2,12,2801,1939,862,362,854,1947,6.51471433773652,6.756068076328,5.97180842227378,5.89668508287293,6.48755971896956,6.52662499229584,210
"211",2019,1,6.60714285714286,14,7.16666666666667,5.6,7,6.75,6.58333333333333,9,5,1,2,12,2815,1948,867,363,856,1959,6.51517401776199,6.75796509240246,5.96966419838524,5.89972451790634,6.48817289719626,6.52697236345074,211
"212",2019,2,6.98,10,6.96666666666667,7,5.5,5.5,7.35,6,4,2,2,8,2825,1954,871,365,858,1967,6.51681941946902,6.75860593654043,5.97439593570609,5.89753424657534,6.48586946386946,6.53031970513472,212
"213",2019,3,6.57647058823529,17,6.98333333333333,5.6,4.66666666666667,5,6.78666666666667,12,5,3,2,15,2842,1966,876,368,860,1982,6.51717623504574,6.75997761953204,5.97225897260274,5.8875,6.48241395348837,6.5322597679112,213
"214",2019,4,6.44444444444444,9,6.5,6.25,NA,6.5,6.4375,7,2,0,1,8,2851,1973,878,368,861,1990,6.51694663626797,6.75905524581855,5.97289164009112,5.8875,6.4824343786295,6.5318788241206,214
"215",2019,5,6.42857142857143,7,7,5,5,5,6.66666666666667,5,2,2,1,6,2858,1978,880,370,862,1996,6.51673018194541,6.75966430738119,5.97068052272727,5.8827027027027,6.48071461716937,6.53228399799599,215
"216",2019,6,6.07142857142857,14,6.35714285714286,5.78571428571429,4.5,5.75,6.125,7,7,2,2,12,2872,1985,887,372,864,2008,6.51455949164345,6.75824483627204,5.96922081172492,5.8752688172043,6.47902314814815,6.52985002988048,216
"217",2019,7,6.46363636363636,11,6.67777777777778,5.5,5,6,6.51,9,2,1,1,10,2883,1994,889,373,865,2018,6.51436519597641,6.7578816449348,5.96816519685039,5.87292225201073,6.47846936416185,6.52975166501487,217
"218",2019,8,6.23076923076923,13,6.375,6,5,5.66666666666667,6.4,8,5,3,3,10,2896,2002,894,376,868,2028,6.51309214779005,6.75635164835165,5.96834324384788,5.86595744680851,6.47566359447005,6.52911186390532,218
"219",2019,9,7.42307692307692,13,7.63636363636364,6.25,6,9,6.72222222222222,11,2,1,4,9,2909,2013,896,377,872,2037,6.51715876933654,6.76116045702931,5.96897194196429,5.86631299734748,6.48724311926606,6.52996507609229,219
"220",2019,10,6.23333333333333,15,6.19230769230769,6.5,7,5.66666666666667,6.375,13,2,1,3,12,2924,2026,898,378,875,2049,6.51570275649794,6.75751036525172,5.9701546325167,5.86931216931217,6.48442971428571,6.52905752074182,220
"221",2019,11,6.75,14,6.79166666666667,6.5,7,7,6.70833333333333,12,2,1,2,12,2938,2038,900,379,877,2061,6.51681921715452,6.75771148184494,5.97133206666667,5.87229551451187,6.4856054732041,6.53010133915575,221
"222",2019,12,6.75794846153846,13,6.71393909090909,7,NA,6,6.82111083333333,11,2,0,1,12,2951,2049,902,379,878,2073,6.51788146052185,6.7574764909712,5.97361292682927,5.87229551451187,6.48505239179954,6.53178590931018,222
"223",2020,1,6.56333333333333,24,6.50111111111111,6.75,7.16666666666667,6,6.58782608695652,18,6,3,1,23,2975,2067,908,382,879,2096,6.51824813109243,6.75524399129173,5.97874323788546,5.88246073298429,6.48450056882821,6.53240085400763,223
"224",2020,2,6.71176470588235,17,7.19090909090909,5.83333333333333,5.5,6.83333333333333,6.68571428571429,11,6,1,3,14,2992,2078,914,383,882,2110,6.51934765708556,6.75755020692974,5.97778868708972,5.88146214099217,6.48568707482993,6.53341809952607,224
"225",2020,3,6.55,10,6.61111111111111,6,6,6.5,6.5625,9,1,1,2,8,3002,2087,915,384,884,2118,6.519449763491,6.75691870148538,5.97781296174863,5.88177083333333,6.48571945701357,6.53352794617564,225
"226",2020,4,6.75130166666667,12,7.11284666666667,5.66666666666667,4,8.8,6.56505636363636,9,3,1,1,11,3014,2096,918,385,885,2129,6.52037286330457,6.75844701812977,5.97679614379085,5.87688311688312,6.48833446327684,6.53369084546736,226
"227",2020,5,7.33846153846154,13,7.33846153846154,NA,NA,8,7.14,13,0,0,3,10,3027,2109,918,385,888,2139,6.52388629335976,6.76202226173542,5.97679614379085,5.87688311688312,6.49344144144144,6.53652539036933,227
"228",2020,6,6.65,10,6.71428571428571,6.5,NA,NA,6.65,7,3,0,0,10,3037,2116,921,385,888,2149,6.52430155087257,6.76186434310019,5.97850039087948,5.87688311688312,6.49344144144144,6.53705342484877,228
"229",2020,7,6.75,10,6.8125,6.5,7,8,6.61111111111111,8,2,1,1,9,3047,2124,923,386,889,2158,6.52504227436823,6.76205506120527,5.97963040086674,5.87979274611399,6.4951361079865,6.53736228452271,229
"230",2020,8,6.43666666666667,12,6.11555555555556,7.4,8,NA,6.43666666666667,9,3,1,0,12,3059,2133,926,387,889,2170,6.52469559006211,6.75932721518987,5.98423203023758,5.88527131782946,6.4951361079865,6.53680544239631,230
"231",2020,9,6.37333333333333,15,6.54545454545455,5.9,5.5,6,6.56,11,4,2,5,10,3074,2144,930,389,894,2180,6.52395699739752,6.75822992070895,5.98386974193548,5.88329048843188,6.49236689038031,6.53691183944954,231
"232",2020,10,5.75,8,6.5,5,NA,2,6.28571428571429,4,4,0,1,7,3082,2148,934,389,895,2187,6.52194802401038,6.75774904562383,5.97965616702356,5.88329048843188,6.48734748603352,6.53610782350252,232
"233",2020,11,6.75,12,6.54545454545455,9,9,6,6.81818181818182,11,1,1,1,11,3094,2159,935,390,896,2198,6.52283251777634,6.75666741547012,5.98288648128342,5.89128205128205,6.48680357142857,6.53751947679709,233
"234",2020,12,6.28095238095238,21,6.41111111111111,5.5,NA,6.75,6.23157894736842,18,3,0,2,19,3115,2177,938,390,898,2217,6.52120186516854,6.75381026642168,5.98134206823028,5.89128205128205,6.48738975501114,6.53489752368065,234
"235",2021,1,7.07407407407407,27,7.2,6.71428571428571,5.5,6,7.20833333333333,20,7,2,3,24,3142,2197,945,392,901,2241,6.52595283577339,6.75787207555758,5.98677128042328,5.88928571428572,6.48576692563818,6.54210968763945,235
"236",2021,2,6.19230769230769,13,6.35714285714286,6,6,5.125,6.66666666666667,7,6,2,4,9,3155,2204,951,394,905,2250,6.52457806973058,6.75659934210526,5.98685474237645,5.88984771573604,6.47975248618785,6.54260791555556,236
"237",2021,3,6.17076923076923,13,6.722,4.33333333333333,4,3,6.435,10,3,2,1,12,3168,2214,954,396,906,2262,6.52312620265151,6.75644306684733,5.98165498951782,5.88030303030303,6.47591169977925,6.54203705128205,237
"238",2021,4,6.68,10,6.85,6,5,5.93333333333333,7,8,2,1,3,7,3178,2222,956,397,909,2269,6.52361982693518,6.75677990549055,5.98169336820084,5.87808564231738,6.47412101210121,6.54344989422653,238
"239",2021,5,7,10,7.11111111111111,6,6,8.5,6.625,9,1,1,2,8,3188,2231,957,398,911,2277,6.52511411856963,6.75820930076199,5.98171249738767,5.878391959799,6.47856860592755,6.54373641194554,239
"240",2021,6,6.05,16,6.45833333333333,4.825,6.5,6,6.05333333333333,12,4,2,1,15,3204,2243,961,400,912,2292,6.52274151373283,6.75660497102095,5.97689787721124,5.8815,6.47804385964912,6.54052696771379,240
"241",2021,7,7.08461538461538,13,7.11,7,NA,NA,7.08461538461538,10,3,0,0,13,3217,2253,964,400,912,2305,6.52501206403481,6.75817352418997,5.98008180497925,5.8815,6.47804385964912,6.54359557917571,241
"242",2021,8,6.15384615384615,13,6.57142857142857,5.66666666666667,6.25,4.66666666666667,6.6,7,6,4,3,10,3230,2260,970,404,915,2315,6.52351820743034,6.75759511061947,5.97814315463918,5.88514851485149,6.47210491803279,6.54383922678186,242
"243",2021,9,7.13333333333333,15,7.66666666666667,6.33333333333333,6.33333333333333,9,7,9,6,3,1,14,3245,2269,976,407,916,2329,6.52633707550077,6.76120094755399,5.98032670081967,5.88845208845209,6.47486462882096,6.5465812838128,243
"244",2021,10,6.44444444444444,9,6.5,6,NA,NA,6.44444444444444,8,1,0,0,9,3254,2277,977,407,916,2338,6.52611057467732,6.76028324549846,5.98034683725691,5.88845208845209,6.47486462882096,6.54618811377246,244
"245",2021,11,5.64285714285714,14,5.5,5.9,5.75,6.375,5.35,9,5,2,4,10,3268,2286,982,409,920,2348,6.52232674724602,6.75532150043744,5.97993773930754,5.8877750611247,6.47443043478261,6.54109361584327,245
"246",2021,12,6.37894736842105,19,6.4,6.33333333333333,6,7,6.30588235294118,13,6,1,2,17,3287,2299,988,410,922,2365,6.52149796470946,6.75331228795128,5.98208386639676,5.88804878048781,6.4755704989154,6.5394028794926,246
"247",2022,1,6.48354347826087,23,6.90008823529412,5.30333333333333,2.25,6.25,6.53271052631579,17,6,2,4,19,3310,2316,994,412,926,2384,6.5212342326284,6.75438965889464,5.97798678068411,5.87038834951456,6.47459611231102,6.53934954278524,247
"248",2022,2,6.5,20,6.73076923076923,6.07142857142857,6.66666666666667,NA,6.5,13,7,3,0,20,3330,2329,1001,415,926,2404,6.5211066996997,6.75425781451267,5.97864021978022,5.87614457831325,6.47459611231102,6.53902217554077,248
"249",2022,3,6.63888888888889,18,6.42307692307692,7.2,5,5.33333333333333,6.9,13,5,1,3,15,3348,2342,1006,416,929,2419,6.52173993727598,6.75241949188727,5.98471059642147,5.87403846153846,6.47091065662002,6.54126056634973,249
"250",2022,4,6.36363636363636,11,6.33333333333333,6.5,NA,4,6.6,9,2,0,1,10,3359,2351,1008,416,930,2429,6.52122218219708,6.7508151637601,5.98573299603175,5.87403846153846,6.46825376344086,6.54150239193084,250
"251",2022,5,6.725667,10,6.60809571428571,7,NA,3,7.13963,7,3,0,1,9,3369,2358,1011,416,931,2438,6.52182902344909,6.75039148430873,5.98874269040554,5.87403846153846,6.46452846401719,6.54371041017227,251
"252",2022,6,6.80588235294118,17,6.87142857142857,6.5,6,6.5,6.87142857142857,14,3,1,3,14,3386,2372,1014,417,934,2452,6.52325516243355,6.75110586846543,5.99025528599606,5.87434052757794,6.46464239828694,6.54558155791191,252
"253",2022,7,7.05555555555556,9,7.6,6.375,6,8,6.9375,5,4,1,1,8,3395,2377,1018,418,935,2460,6.52466626804123,6.75289151030711,5.99176705304519,5.87464114832536,6.46628449197861,6.5468560894309,253
"254",2022,8,7.11666666666667,12,6.93,8.05,NA,7.5,6.925,10,2,0,4,8,3407,2387,1020,418,939,2468,6.52675138831817,6.75363348135735,5.99580280392157,5.87464114832536,6.47068796592119,6.54808183954619,254
"255",2022,9,7.40909090909091,11,7.83333333333333,5.5,6,6.25,7.66666666666667,9,2,1,2,9,3418,2396,1022,419,941,2477,6.52959098303101,6.75768911519199,5.99483254403131,5.87494033412888,6.47021891604676,6.55214613645539,255
"256",2022,10,6.5625,16,7.22222222222222,5.71428571428571,5,7.16666666666667,6.42307692307692,9,7,2,3,13,3434,2405,1029,421,944,2490,6.52974431566686,6.75942749272349,5.99292406219631,5.870783847981,6.47243220338983,6.5514722811245,256
"257",2022,11,6.02461538461538,13,6.31333333333333,5.375,6,5.75,6.07454545454545,9,4,2,2,11,3447,2414,1033,423,946,2501,6.52783927473165,6.75776434134217,5.99053132623427,5.87139479905437,6.47090486257928,6.54937464214314,257
"258",2022,12,7.75,6,7.9,7,NA,7,7.9,5,1,0,1,5,3453,2419,1034,423,947,2506,6.52996292499276,6.7601253079785,5.99150760154739,5.87139479905437,6.47146356916579,6.55206942537909,258
