"","year","month","avg_rating","no_ratings","avg_rating_owned","avg_rating_not_owned","avg_rating_prev_owned","avg_rating_comment","avg_rating_no_comment","no_ratings_owned","no_ratings_not_owned","no_ratings_prev_owned","no_ratings_comment","no_ratings_no_comment","cum_no_ratings","cum_no_ratings_owned","cum_no_ratings_not_owned","cum_no_ratings_prev_owned","cum_no_ratings_comment","cum_no_ratings_no_comment","cum_avg_rating","cum_avg_rating_owned","cum_avg_rating_not_owned","cum_avg_rating_prev_owned","cum_avg_rating_comment","cum_avg_rating_no_comment","month_after_release"
"1",2003,10,8.2,5,8.75,7.83333333333333,NA,8.5,7.75,2,3,0,3,2,5,2,3,0,3,2,8.2,8.75,7.83333333333333,NA,8.5,7.75,0
"2",2003,11,7.26153846153846,13,7.7,6.75,NA,7.4,7.175,7,6,0,5,8,18,9,9,0,8,10,7.52222222222222,7.93333333333333,7.11111111111111,NA,7.8125,7.29,1
"3",2003,12,6.5,8,7,5.66666666666667,NA,5.83333333333333,6.9,5,3,0,3,5,26,14,12,0,11,15,7.20769230769231,7.6,6.75,NA,7.27272727272727,7.16,2
"4",2004,1,7.53518518518518,27,7.99666666666667,6.95833333333333,8,7.13636363636364,7.809375,15,12,1,11,16,53,29,24,1,22,31,7.37452830188679,7.8051724137931,6.85416666666667,8,7.20454545454545,7.49516129032258,3
"5",2004,2,7.56666666666667,30,7.82352941176471,7.23076923076923,8.2,7.95454545454545,7.34210526315789,17,13,5,11,19,83,46,37,6,33,50,7.44397590361446,7.81195652173913,6.98648648648649,8.16666666666667,7.45454545454545,7.437,4
"6",2004,3,8.03947368421053,38,8.26785714285714,7.4,8,8.26923076923077,7.92,28,10,1,13,25,121,74,47,7,46,75,7.63099173553719,7.98445945945946,7.07446808510638,8.14285714285714,7.68478260869565,7.598,5
"7",2004,4,7.74,25,8.1578947368421,6.41666666666667,7,7.42307692307692,8.08333333333333,19,6,1,13,12,146,93,53,8,59,87,7.64965753424657,8.01989247311828,7,8,7.6271186440678,7.66494252873563,6
"8",2004,5,7.33375,40,7.85178571428571,6.125,7,6.83333333333333,7.74318181818182,28,12,1,18,22,186,121,65,9,77,109,7.58172043010753,7.98099173553719,6.83846153846154,7.88888888888889,7.44155844155844,7.68073394495413,7
"9",2004,6,7.48076923076923,26,8.21875,6.3,6.5,7.375,7.52777777777778,16,10,2,8,18,212,137,75,11,85,127,7.56933962264151,8.00875912408759,6.76666666666667,7.63636363636364,7.43529411764706,7.65905511811024,8
"10",2004,7,7.60892857142857,28,7.84761904761905,6.89285714285714,7,7.44230769230769,7.75333333333333,21,7,1,13,15,240,158,82,12,98,142,7.57395833333333,7.9873417721519,6.77743902439024,7.58333333333333,7.43622448979592,7.66901408450704,9
"11",2004,8,6.67241379310345,29,7.80769230769231,5.75,7,6.67857142857143,6.66666666666667,13,16,3,14,15,269,171,98,15,112,157,7.4767657992565,7.97368421052632,6.60969387755102,7.46666666666667,7.34151785714286,7.57324840764331,10
"12",2004,9,7.40645161290323,31,7.57777777777778,6.25,NA,7.54615384615385,7.30555555555556,27,4,0,13,18,300,198,102,15,125,175,7.4695,7.91969696969697,6.59558823529412,7.46666666666667,7.3628,7.54571428571429,11
"13",2004,10,7.6875,24,7.88888888888889,7.08333333333333,NA,7.4375,7.8125,18,6,0,8,16,324,216,108,15,133,191,7.48564814814815,7.91712962962963,6.62268518518519,7.46666666666667,7.36729323308271,7.56806282722513,12
"14",2004,11,7.24,25,7.73684210526316,5.66666666666667,9,7.25,7.23333333333333,19,6,1,10,15,349,235,114,16,143,206,7.46805157593123,7.90255319148936,6.57236842105263,7.5625,7.35909090909091,7.54368932038835,13
"15",2004,12,7.8804347826087,23,8.03947368421053,7.125,7,7.88636363636364,7.875,19,4,1,11,12,372,254,118,17,154,218,7.49354838709677,7.91279527559055,6.59110169491525,7.52941176470588,7.39675324675325,7.56192660550459,14
"16",2005,1,7.25,38,7.40384615384615,6.91666666666667,7,7.38461538461539,7.18,26,12,1,13,25,410,280,130,18,167,243,7.4709756097561,7.86553571428571,6.62115384615385,7.5,7.39580838323353,7.52263374485597,15
"17",2005,2,7.04166666666667,24,7.40625,6.3125,6,7.05,7.03571428571429,16,8,1,10,14,434,296,138,19,177,257,7.44723502304147,7.84070945945946,6.60326086956522,7.42105263157895,7.37627118644068,7.49610894941634,16
"18",2005,3,7.34285714285714,35,7.66666666666667,6.63636363636364,7,7.17857142857143,7.45238095238095,24,11,2,14,21,469,320,149,21,191,278,7.43944562899787,7.82765625,6.60570469798658,7.38095238095238,7.36178010471204,7.49280575539568,17
"19",2005,4,7.04545454545455,22,7.75,6.2,NA,7,7.07692307692308,12,10,0,9,13,491,332,159,21,200,291,7.42179226069246,7.82484939759036,6.58018867924528,7.38095238095238,7.3455,7.47422680412371,18
"20",2005,5,7.52236842105263,38,7.7537037037037,6.95454545454545,7,7.71923076923077,7.42,27,11,2,13,25,529,359,170,23,213,316,7.42901701323251,7.81949860724234,6.60441176470588,7.34782608695652,7.36830985915493,7.46993670886076,19
"21",2005,6,7.475,20,7.78125,6.25,8,7.75,7.2,16,4,1,10,10,549,375,174,24,223,326,7.43069216757741,7.81786666666667,6.59626436781609,7.375,7.38542600896861,7.46165644171779,20
"22",2005,7,7.275,20,7.45,7.1,8.75,7.13636363636364,7.44444444444444,10,10,2,11,9,569,385,184,26,234,335,7.42521968365554,7.80831168831169,6.62364130434783,7.48076923076923,7.37371794871795,7.46119402985075,21
"23",2005,8,7.57083333333333,36,7.92608695652174,6.94230769230769,7,7.71052631578947,7.41470588235294,23,13,3,19,17,605,408,197,29,253,352,7.43388429752066,7.81495098039216,6.64467005076142,7.43103448275862,7.39901185770751,7.45894886363636,22
"24",2005,9,7.25,36,7.52173913043478,6.76923076923077,7.5,7.05882352941176,7.42105263157895,23,13,4,17,19,641,431,210,33,270,371,7.42355694227769,7.79930394431554,6.65238095238095,7.43939393939394,7.37759259259259,7.45700808625337,23
"25",2005,10,7.03428571428571,35,7.54166666666667,5.92727272727273,8,6.72222222222222,7.36470588235294,24,11,1,18,17,676,455,221,34,288,388,7.40340236686391,7.78571428571429,6.61628959276018,7.45588235294118,7.33663194444444,7.45296391752577,24
"26",2005,11,7.1530612244898,49,7.53846153846154,6.71739130434783,7.5,6.8695652173913,7.40384615384615,26,23,2,23,26,725,481,244,36,311,414,7.38648275862069,7.77234927234927,6.62581967213115,7.45833333333333,7.30209003215434,7.44987922705314,25
"27",2005,12,7.53333333333333,30,7.67307692307692,6.625,NA,7.35714285714286,7.6875,26,4,0,14,16,755,507,248,36,325,430,7.3923178807947,7.767258382643,6.6258064516129,7.45833333333333,7.30446153846154,7.45872093023256,26
"28",2006,1,7.12391304347826,46,7.38461538461539,6.785,7,7.016,7.25238095238095,26,20,3,25,21,801,533,268,39,350,451,7.3769038701623,7.74859287054409,6.63768656716418,7.42307692307692,7.28385714285714,7.44911308203991,27
"29",2006,2,7.14285714285714,21,7.60714285714286,6.21428571428571,7,7.11538461538461,7.1875,14,7,2,13,8,822,547,275,41,363,459,7.37092457420925,7.74497257769653,6.62690909090909,7.40243902439024,7.27782369146006,7.44455337690632,28
"30",2006,3,7.53952941176471,34,7.78836363636364,7.08333333333333,7,7.36021052631579,7.76666666666667,22,12,2,19,15,856,569,287,43,382,474,7.3776214953271,7.74665026362039,6.64599303135889,7.38372093023256,7.28192146596859,7.45474683544304,29
"31",2006,4,6.90476190476191,21,7.25,6.21428571428571,6,7.07142857142857,6.82142857142857,14,7,2,7,14,877,583,294,45,389,488,7.36629874572406,7.73472384219554,6.63571428571429,7.32222222222222,7.27813367609255,7.43657786885246,30
"32",2006,5,7.078125,32,7.57142857142857,6.13636363636364,7,6.72727272727273,7.26190476190476,21,11,1,11,21,909,604,305,46,400,509,7.35615401540154,7.72904635761589,6.61770491803279,7.31521739130435,7.262985,7.42937131630648,31
"33",2006,6,7.125,28,7.76923076923077,6.56666666666667,7,6.59090909090909,7.47058823529412,13,15,1,11,17,937,617,320,47,411,526,7.34924653148346,7.72989303079417,6.6153125,7.30851063829787,7.24499756690998,7.43070342205323,32
"34",2006,7,7.36470588235294,34,7.68181818181818,6.78333333333333,7,7.68181818181818,7.21304347826087,22,12,1,11,23,971,639,332,48,422,549,7.34978784757981,7.72823787167449,6.62138554216868,7.30208333333333,7.25638388625592,7.42158469945355,33
"35",2006,8,7.38571428571429,35,7.82291666666667,6.43181818181818,7.25,7.26785714285714,7.46428571428571,24,11,4,14,21,1006,663,343,52,436,570,7.35103777335984,7.73166515837104,6.61530612244898,7.29807692307692,7.25675229357798,7.42315789473684,34
"36",2006,9,7.19767441860465,43,7.61538461538461,6.55882352941176,7.5,6.825,7.52173913043478,26,17,2,20,23,1049,689,360,54,456,593,7.34475119161106,7.72727721335268,6.61263888888889,7.30555555555556,7.23781578947368,7.42698145025295,35
"37",2006,10,6.89189189189189,37,7.4,6.29411764705882,NA,7.13157894736842,6.63888888888889,20,17,0,19,18,1086,709,377,54,475,611,7.32932228360958,7.71804513399154,6.59827586206897,7.30555555555556,7.23356631578947,7.4037643207856,36
"38",2006,11,7.26,40,7.38,6.9,5.5,7.38888888888889,7.22258064516129,30,10,1,9,31,1126,739,387,55,484,642,7.32685968028419,7.70432205683356,6.60607235142119,7.27272727272727,7.23645454545455,7.39501557632399,37
"39",2006,12,7.24354838709677,62,7.75897435897436,6.3695652173913,5,7.544,7.04054054054054,39,23,2,25,37,1188,778,410,57,509,679,7.32251178451178,7.7070616966581,6.59280487804878,7.19298245614035,7.25155992141454,7.37569955817379,38
"40",2007,1,7.37260273972603,73,7.70227272727273,6.87241379310345,7.18333333333333,7.61071428571429,7.22444444444444,44,29,6,28,45,1261,822,439,63,537,724,7.32541157811261,7.70680535279805,6.61127562642369,7.19206349206349,7.27028677839851,7.36629834254144,39
"41",2007,2,7.57890511627907,43,7.904,7.12738444444444,7,7.60833333333333,7.5577168,25,18,1,18,25,1304,847,457,64,555,749,7.33377064417178,7.71262573789847,6.63160376367615,7.1890625,7.28125045045045,7.37268747663552,40
"42",2007,3,7.38260869565217,46,7.66129032258065,6.80666666666667,8,7.875,7.12,31,15,3,16,30,1350,878,472,67,571,779,7.33543475555556,7.7108132118451,6.63716720338983,7.22537313432836,7.29788791593695,7.36295625160462,41
"43",2007,4,7.27291666666667,48,7.61481481481481,6.83333333333333,7,7.36111111111111,7.22,27,21,3,18,30,1398,905,493,70,589,809,7.33328821173105,7.70794917127072,6.6455231643002,7.21571428571429,7.29982003395586,7.35765503090235,42
"44",2007,5,7.09166666666667,48,7.496875,6.28125,7,7.275,6.96071428571429,32,16,4,20,28,1446,937,509,74,609,837,7.32526757952974,7.70074066168623,6.63407253438114,7.20405405405405,7.29900492610837,7.34437624850657,43
"45",2007,6,7.28970588235294,34,7.5425,6.92857142857143,7.5,6.975,7.42083333333333,20,14,2,10,24,1480,957,523,76,619,861,7.32445062162162,7.69743364681296,6.64195586998088,7.21184210526316,7.29377059773829,7.346507456446,44
"46",2007,7,7.22674418604651,43,7.5,6.765625,6.75,7.35,7.18939393939394,27,16,2,10,33,1523,984,539,78,629,894,7.3216920026264,7.6920162601626,6.64562693877551,7.2,7.29466454689984,7.34070796420582,45
"47",2007,8,7.71666666666667,36,7.80357142857143,7.4125,7.33333333333333,8.23333333333333,7.45833333333333,28,8,3,12,24,1559,1012,547,81,641,918,7.33081264913406,7.69510276679842,6.65684263254113,7.20493827160494,7.31223712948518,7.3437831372549,46
"48",2007,9,7.43604651162791,43,7.64285714285714,7.23863636363636,7.25,7.44166666666667,7.43387096774194,21,22,4,12,31,1602,1033,569,85,653,949,7.333637278402,7.69404065827686,6.67933729349736,7.20705882352941,7.31461562021439,7.346725943098,47
"49",2007,10,7.4156862745098,51,7.59333333333333,7.16190476190476,8.05,7.36666666666667,7.45,30,21,4,21,30,1653,1063,590,89,674,979,7.33616873563219,7.69119849482597,6.69651342372881,7.24494382022472,7.31623738872403,7.34989062308478,48
"50",2007,11,6.62428571428571,70,7.14468085106383,5.56086956521739,7.125,7.11052631578947,6.44313725490196,47,23,4,19,51,1723,1110,613,93,693,1030,7.30724719674986,7.66805765765766,6.65390362153344,7.23978494623656,7.3105974025974,7.30499312621359,49
"51",2007,12,7,73,7.26511627906977,6.62,7.075,6.97058823529412,7.02564102564103,43,30,8,34,39,1796,1153,643,101,727,1069,7.29475886414254,7.6530303555941,6.65232180404355,7.22673267326733,7.29469601100413,7.29480160898036,50
"52",2008,1,7.19027777777778,72,7.55333333333333,6.58518518518519,6.7,7.10344827586207,7.24883720930233,45,27,5,29,43,1868,1198,670,106,756,1112,7.29073175588865,7.64928547579299,6.64961629850746,7.20188679245283,7.28735978835979,7.2930242086331,51
"53",2008,2,7.13414634146341,41,7.725,6.57142857142857,7.25,7.07692307692308,7.16071428571429,20,21,4,13,28,1909,1218,691,110,769,1140,7.28736873755893,7.65052873563218,6.64724011577424,7.20363636363636,7.28380234070221,7.28977449122807,52
"54",2008,3,6.76521739130435,46,7.17777777777778,6.17894736842105,6.9,6.5125,7.04090909090909,27,19,5,24,22,1955,1245,710,115,793,1162,7.27508282352941,7.64027630522088,6.63470833802817,7.1904347826087,7.26045901639344,7.28506275387264,53
"55",2008,4,7.22272727272727,44,7.56666666666667,6.67647058823529,6.83333333333333,7.23333333333333,7.21724137931034,27,17,6,15,29,1999,1272,727,121,808,1191,7.27393042521261,7.63871383647799,6.63568489683631,7.17272727272727,7.25995544554455,7.28341135180521,54
"56",2008,5,7.13488372093023,43,7.52173913043478,6.69,7,7.12777777777778,7.14,23,20,1,18,25,2042,1295,747,122,826,1216,7.27100240940255,7.63663629343629,6.63713911646586,7.17131147540984,7.25707506053269,7.28046292763158,55
"57",2008,6,6.94210526315789,38,7.51875,6.52272727272727,6.66666666666667,6.66666666666667,7.06923076923077,16,22,6,12,26,2080,1311,769,128,838,1242,7.26499371153846,7.63519755911518,6.63386595578674,7.14765625,7.24862052505967,7.27604099838969,56
"58",2008,7,7.0530612244898,49,7.53636363636364,6.65925925925926,6.32,6.92608695652174,7.16538461538462,22,27,15,23,26,2129,1333,796,143,861,1268,7.26011597933302,7.6335663915979,6.63472728643216,7.06083916083916,7.24000464576074,7.27377201892744,57
"59",2008,8,7.23846153846154,52,7.86521739130435,6.74137931034483,6.61538461538461,7.06521739130435,7.37586206896552,23,29,13,23,29,2181,1356,825,156,884,1297,7.25959968821642,7.63749557522124,6.63847626666667,7.02371794871795,7.23545701357466,7.27605468003084,58
"60",2008,9,7.125,44,7.41666666666667,6.775,7,6.86666666666667,7.25862068965517,24,20,11,15,29,2225,1380,845,167,899,1326,7.25693794157303,7.63365507246376,6.64170759763314,7.02215568862275,7.22930367074527,7.27567339366516,59
"61",2008,10,7.13936170212766,47,7.72321428571429,6.27894736842105,6.07272727272727,7.025,7.22407407407407,28,19,11,20,27,2272,1408,864,178,919,1353,7.25450568661972,7.63543607954545,6.63373023148148,6.96348314606742,7.22485745375408,7.2746436954915,60
"62",2008,11,7.15111111111111,45,7.57272727272727,6.74782608695652,6.38181818181818,6.43333333333333,7.51,22,23,11,15,30,2317,1430,887,189,934,1383,7.25249759171342,7.63447132867133,6.63668874859076,6.92962962962963,7.21214561027837,7.27974903832249,61
"63",2008,12,6.85,42,7.21923076923077,6.25,6.125,7,6.79,26,16,8,12,30,2359,1456,903,197,946,1413,7.2453314624841,7.62705631868132,6.62983712070875,6.89695431472081,7.20945454545455,7.26935096956829,62
"64",2009,1,6.97323943661972,71,7.39459459459459,6.51470588235294,6.59375,6.91071428571429,7.01395348837209,37,34,16,28,43,2430,1493,937,213,974,1456,7.23738144855967,7.62129537843268,6.62565946638207,6.87417840375587,7.20086652977413,7.26180832417582,63
"65",2009,2,6.64770114942529,87,7.28571428571429,6.34491525423729,6.246875,6.48636363636364,6.70230769230769,28,59,16,22,65,2517,1521,996,229,996,1521,7.21699917361939,7.61511768573307,6.60902903614458,6.83034934497817,7.1850843373494,7.23789804076266,64
"66",2009,3,7.09044117647059,68,7.48703703703704,6.82926829268293,6.84210526315789,7.16666666666667,7.0563829787234,27,41,19,21,47,2585,1548,1037,248,1017,1568,7.21366998839459,7.61288372093023,6.61773666345227,6.83125,7.18470403146509,7.23245721938775,65
"67",2009,4,7.03720930232558,86,7.40263157894737,6.74791666666667,6.58333333333333,7.48,6.85573770491803,38,48,12,25,61,2671,1586,1085,260,1042,1629,7.20798836390865,7.60784615384615,6.62349577880184,6.81980769230769,7.19178886756238,7.21835047268263,66
"68",2009,5,6.70378787878788,66,7.19047619047619,6.47666666666667,7.05416666666667,6.92884615384615,6.5575,21,45,12,26,40,2737,1607,1130,272,1068,1669,7.19583007672634,7.60239203484754,6.61764860176991,6.83014705882353,7.18538764044944,7.20251223487118,67
"69",2009,6,7.06833333333333,60,7.24285714285714,6.915625,6.73333333333333,6.82727272727273,7.12244897959184,28,32,9,11,49,2797,1635,1162,281,1079,1718,7.19309507329281,7.59623486238532,6.62585449225473,6.8270462633452,7.18173679332715,7.20022870779977,68
"70",2009,7,6.89074074074074,54,7.81739130434783,6.20322580645161,6.28666666666667,6.66666666666667,7.00277777777778,23,31,15,18,36,2851,1658,1193,296,1097,1754,7.1873682637671,7.59930277442702,6.61487252305113,6.79966216216216,7.17328532360985,7.19617612314709,69
"71",2009,8,6.61428571428571,56,7.13636363636364,6.27647058823529,6.08333333333333,5.91666666666667,6.94473684210526,22,34,12,18,38,2907,1680,1227,308,1115,1792,7.17632848985208,7.59324047619047,6.60549545232274,6.77175324675325,7.15299910313901,7.19084426339286,70
"72",2009,9,6.97788461538462,52,7.16607142857143,6.75833333333333,6.63333333333333,7.23846153846154,6.89102564102564,28,24,9,13,39,2959,1708,1251,317,1128,1831,7.17284113551876,7.58623770491803,6.60842759392486,6.76782334384858,7.15398404255319,7.18445817586019,71
"73",2009,10,7.03387096774194,62,7.40322580645161,6.66451612903226,6.86923076923077,6.90909090909091,7.06078431372549,31,31,13,11,51,3021,1739,1282,330,1139,1882,7.16998904998345,7.58297527314548,6.60978386895476,6.77181818181818,7.15161896400351,7.18110675876727,72
"74",2009,11,6.65915492957746,71,7.16071428571429,6.33255813953488,5.68666666666667,6.36111111111111,6.76037735849057,28,43,15,18,53,3092,1767,1325,345,1157,1935,7.1582590297542,7.57628409734012,6.60078710943396,6.72463768115942,7.13932065687122,7.16958290439276,73
"75",2009,12,6.94366197183099,71,7.425,6.69787234042553,6.83636363636364,7.26,6.81960784313725,24,47,22,20,51,3163,1791,1372,367,1177,1986,7.1534419601644,7.57425683975432,6.60411291545189,6.73133514986376,7.14137128292268,7.16059562940584,74
"76",2010,1,7.00704225352113,71,7.425,6.73488372093023,6.675,6.65714285714286,7.09298245614035,28,43,8,14,57,3234,1819,1415,375,1191,2043,7.15022786641929,7.57195931830676,6.60808686925795,6.73013333333333,7.13567926112511,7.15870921194322,75
"77",2010,2,6.72708333333333,48,7.27272727272727,6.26538461538462,6.44444444444444,6.83,6.7,22,26,9,10,38,3282,1841,1441,384,1201,2081,7.14403928092626,7.5683834872352,6.60190348369188,6.7234375,7.1331340549542,7.15033297453147,76
"78",2010,3,6.93913043478261,46,7.43421052631579,6.59074074074074,6.5,7.23888888888889,6.86621621621622,19,27,5,9,37,3328,1860,1468,389,1210,2118,7.14120700721154,7.5670129032258,6.60169817438692,6.72056555269923,7.13392066115702,7.14536965061378,77
"79",2010,4,6.89655172413793,29,7.41666666666667,6.04545454545455,NA,6.52857142857143,7.01363636363636,18,11,0,7,22,3357,1878,1479,389,1217,2140,7.13909351206434,7.56557188498402,6.59756113590264,6.72056555269923,7.13043878389482,7.14401538317757,78
"80",2010,5,6.8375,34,7.40625,6.33194444444444,6,6.2975,7.0625,16,18,4,10,24,3391,1894,1497,393,1227,2164,7.13606957239752,7.56422597676874,6.59436734802939,6.71323155216285,7.12365036674817,7.14311133086876,79
"81",2010,6,6.95483870967742,31,6.86666666666667,7.0375,7.16666666666667,7,6.944,15,16,3,6,25,3422,1909,1513,396,1233,2189,7.13442779661017,7.55874489261393,6.59905348314607,6.71666666666667,7.12304866180049,7.14083733211512,80
"82",2010,7,6.9375,32,7.33333333333333,6.7,6.28571428571429,7.2,6.88888888888889,12,20,7,5,27,3454,1921,1533,403,1238,2216,7.13260333526346,7.55733680374805,6.60037046314416,6.70918114143921,7.12335945072698,7.13776756317689,81
"83",2010,8,7.16769230769231,26,7.27928571428571,7.0375,6.33333333333333,7.4,7.13739130434783,14,12,3,3,23,3480,1935,1545,406,1241,2239,7.13286549425287,7.55532506459948,6.60376564401295,6.7064039408867,7.12402820306205,7.1377636980795,82
"84",2010,9,6.8425,40,7.34444444444444,6.43181818181818,6.8,6.80769230769231,6.85925925925926,18,22,5,13,27,3520,1953,1567,411,1254,2266,7.12956588636364,7.55338146441372,6.60135157626037,6.70754257907543,7.12074880382775,7.13444524271844,83
"85",2010,10,6.6075,32,7.276,6.01764705882353,5.625,6.96727272727273,6.41904761904762,15,17,4,11,21,3552,1968,1584,415,1265,2287,7.12486259009009,7.55126727642276,6.59508707070707,6.69710843373494,7.11941422924901,7.12787622212505,84
"86",2010,11,7.03414634146341,41,7.43125,6.78,6.9375,7.05454545454545,7.02666666666667,16,25,8,11,30,3593,1984,1609,423,1276,2317,7.1238274199833,7.55029939516129,6.59796017402113,6.7016548463357,7.11885501567398,7.12656578334052,85
"87",2010,12,6.78867924528302,53,7.16666666666667,6.540625,6.66666666666667,6.125,6.90666666666667,21,32,9,8,45,3646,2005,1641,432,1284,2362,7.11895554580362,7.5462812967581,6.59684212065814,6.70092592592593,7.11266277258567,7.12237634208298,86
"88",2011,1,6.96428571428571,42,6.99545454545455,6.93,6.25,6.975,6.96176470588235,22,20,4,8,34,3688,2027,1661,436,1292,2396,7.11719412147505,7.54030291070547,6.60085365442505,6.69678899082569,7.11181037151703,7.12009721202003,87
"89",2011,2,6.60953488372093,43,7.18666666666667,6.194,6.15909090909091,6.85083333333333,6.51612903225806,18,25,11,12,31,3731,2045,1686,447,1304,2427,7.11134331814527,7.5371902200489,6.59482083036773,6.68355704697987,7.10940874233129,7.11238274412855,88
"90",2011,3,6.8037037037037,27,6.92727272727273,6.71875,6.25,6.35714285714286,6.96,11,16,8,7,20,3758,2056,1702,455,1311,2447,7.10913302820649,7.53392704280155,6.5959858519389,6.67593406593407,7.10539206712433,7.11113727829996,89
"91",2011,4,6.89663333333333,30,7.15333333333333,6.63993333333333,6.45,6.6625,6.98177272727273,15,15,4,8,22,3788,2071,1717,459,1319,2469,7.1074500844773,7.53117044905842,6.59636978450786,6.6739651416122,7.10270583775587,7.10998457675172,90
"92",2011,5,6.76111111111111,36,7.46,6.26190476190476,5.2,6.94,6.69230769230769,15,21,5,10,26,3824,2086,1738,464,1329,2495,7.10418957112971,7.53065867689357,6.59232849252014,6.65808189655173,7.10148156508653,7.10563203206413,91
"93",2011,6,6.76923076923077,26,7.64285714285714,6.44736842105263,6.1875,6.31818181818182,7.1,7,19,8,11,15,3850,2093,1757,472,1340,2510,7.10192751168831,7.53103392259914,6.59076091064314,6.65010593220339,7.09505149253731,7.10559837450199,92
"94",2011,7,6.58448275862069,29,6.9375,6.33529411764706,5.375,6.625,6.57391304347826,12,17,4,6,23,3879,2105,1774,476,1346,2533,7.09805901521011,7.52765035629453,6.58831280721533,6.63939075630252,7.09295616641902,7.10077059613107,93
"95",2011,8,6.77424242424242,33,6.96666666666667,6.61388888888889,6.0625,5.91666666666667,6.96481481481481,15,18,4,6,27,3912,2120,1792,480,1352,2560,7.09532743353783,7.52368113207547,6.58856970982143,6.63458333333334,7.08773594674556,7.0993366875,94
"96",2011,9,6.938,25,7.65,6.46333333333333,6.75,7.7,6.7475,10,15,4,5,20,3937,2130,1807,484,1357,2580,7.0943284023368,7.52427417840375,6.58753011621472,6.63553719008265,7.08999189388357,7.09660927131783,95
"97",2011,10,6.87368421052632,38,7.28125,6.57727272727273,6.5625,6.92,6.85714285714286,16,22,8,10,28,3975,2146,1829,492,1367,2608,7.09221909937107,7.5224622553588,6.58740673592127,6.63434959349594,7.08874835405998,7.09403831288343,96
"98",2011,11,6.78636363636364,44,7.27058823529412,6.48148148148148,6.7,7.05,6.70882352941176,17,27,10,10,34,4019,2163,1856,502,1377,2642,7.08887059467529,7.5204826629681,6.58586579741379,6.63565737051793,7.08846695715323,7.0890809689629,97
"99",2011,12,6.67692307692308,26,7.1,5.87777777777778,6.225,6.63636363636364,6.70666666666667,17,9,4,11,15,4045,2180,1865,506,1388,2657,7.08622272435105,7.51720366972477,6.58244875067024,6.63241106719368,7.08488400576369,7.08692206247647,98
"100",2012,1,6.73414634146341,41,7.625,6.36551724137931,6.25,6.9,6.71111111111111,12,29,8,5,36,4086,2192,1894,514,1393,2693,7.08268989720998,7.51779379562043,6.57912720168955,6.62645914396887,7.08422038765255,7.08189822502785,99
"101",2012,2,6.99285714285714,28,7.96666666666667,5.86923076923077,6.33333333333333,6.22222222222222,7.35789473684211,15,13,3,9,19,4114,2207,1907,517,1402,2712,7.0820784929509,7.52084458541006,6.57428784478238,6.6247582205029,7.07868687589158,7.08383182890855,100
"102",2012,3,6.675,20,6.91666666666667,6.57142857142857,6.5,6.6,6.7,6,14,4,5,15,4134,2213,1921,521,1407,2727,7.08010907595549,7.51920650700406,6.57426700676731,6.62380038387716,7.07698578535892,7.08172054272094,101
"103",2012,4,6.97142857142857,28,7.3,6.53333333333333,6.08,6.56666666666667,7.08181818181818,16,12,5,6,22,4162,2229,1933,526,1413,2749,7.07937792407496,7.51763301929116,6.57401289187791,6.61863117870723,7.07481882519462,7.08172132411786,102
"104",2012,5,6.98823529411765,17,7.85,6.22222222222222,5.5,7.15714285714286,6.87,8,9,4,7,10,4179,2237,1942,530,1420,2759,7.07900715960756,7.5188216361198,6.57238255406797,6.61018867924528,7.07522464788732,7.08095393983327,103
"105",2012,6,6.73214285714286,28,7.19230769230769,6.33333333333333,7,6.91666666666667,6.68181818181818,13,15,3,6,22,4207,2250,1957,533,1426,2781,7.07669857855954,7.51693511111111,6.57055029126214,6.61238273921201,7.07455750350631,7.0777964473211,104
"106",2012,7,7.05818181818182,22,7.72222222222222,6.59846153846154,5.94,6.2,7.31058823529412,9,13,5,5,17,4229,2259,1970,538,1431,2798,7.0766022511232,7.51775298804781,6.57073447715736,6.60613382899628,7.07150174703005,7.07921083631165,105
"107",2012,8,6.92941176470588,17,7.475,6.44444444444444,6.375,6.36,7.16666666666667,8,9,4,5,12,4246,2267,1979,542,1436,2810,7.07601293452661,7.51760211733568,6.5701601414856,6.60442804428044,7.06902437325905,7.07958431316726,106
"108",2012,9,6.72222222222222,18,7.16666666666667,6.5,7,6.375,6.82142857142857,6,12,3,4,14,4264,2273,1991,545,1440,2824,7.07451944652908,7.51667575890893,6.56973727774988,6.60660550458716,7.06709652777778,7.07830450424929,107
"109",2012,10,7,24,7.13333333333333,6.77777777777778,7.5,7.2,6.94736842105263,15,9,3,5,19,4288,2288,2000,548,1445,2843,7.07410236007463,7.51416258741258,6.57067346,6.61149635036497,7.06755640138408,7.07742944776644,108
"110",2012,11,6.5,17,6.66666666666667,6.40909090909091,6.41666666666667,6.28571428571429,6.65,6,11,6,7,10,4305,2294,2011,554,1452,2853,7.0718352891986,7.51194594594594,6.56978961710592,6.60938628158845,7.06378719008264,7.0759312723449,109
"111",2012,12,6.78676470588235,34,6.765625,6.80555555555556,6.83333333333333,6.525,6.89583333333333,16,18,6,10,24,4339,2310,2029,560,1462,2877,7.06960150265038,7.50677662337662,6.57188118284869,6.61178571428572,7.06010191518468,7.07442889120611,110
"112",2013,1,6.95,35,7.765625,6.26315789473684,6.4375,6.78571428571429,6.99107142857143,16,19,8,7,28,4374,2326,2048,568,1469,2905,7.06864447187928,7.50855717970765,6.56901705078125,6.60933098591549,7.05879441797141,7.07362544578313,111
"113",2013,2,6.9375,32,7.28125,6.59375,7.5,7,6.91304347826087,16,16,4,9,23,4406,2342,2064,572,1478,2928,7.06769199273717,7.50700426985482,6.56920877906977,6.61555944055944,7.05843640054127,7.07236404371584,112
"114",2013,3,6.745,20,7.32,6.55333333333333,6.8125,6.64285714285714,6.8,5,15,8,7,13,4426,2347,2079,580,1485,2941,7.06623382738364,7.50660587984661,6.56909423761424,6.61827586206897,7.05647744107744,7.07116012240734,113
"115",2013,4,6.435,20,7.31428571428571,5.96153846153846,5.875,5.875,6.575,7,13,4,4,16,4446,2354,2092,584,1489,2957,7.06339426900585,7.50603398470688,6.56531879541109,6.61318493150685,7.05330355943586,7.06847545485289,114
"116",2013,5,6.64,25,6.86363636363636,6.46428571428571,6,5.33333333333333,6.81818181818182,11,14,5,3,22,4471,2365,2106,589,1492,2979,7.0610268217401,7.50304608879492,6.56464716049383,6.60797962648557,7.04984517426273,7.06662702920443,115
"117",2013,6,7.45263157894737,19,7.875,6.72857142857143,7.03333333333333,8.2,7.18571428571429,12,7,3,5,14,4490,2377,2113,592,1497,2993,7.06268394654788,7.50492385359697,6.56519021296735,6.61013513513514,7.05368670674683,7.06718406949549,116
"118",2013,7,6.70666666666667,15,6.94285714285714,6.5,6.7,6.5,6.78181818181818,7,8,5,4,11,4505,2384,2121,597,1501,3004,7.06149853940066,7.50327348993288,6.5649443281471,6.61088777219431,7.05221119253831,7.06613912117177,117
"119",2013,8,6.83333333333333,21,7.375,6.5,6.66666666666667,6.66666666666667,6.86111111111111,8,13,3,3,18,4526,2392,2134,600,1504,3022,7.06043988510826,7.50284448160535,6.5645486972821,6.61116666666667,7.05144215425532,7.06491790866975,118
"120",2013,9,6.56,25,6.89285714285714,6.13636363636364,6.75,5.66666666666667,6.68181818181818,14,11,4,3,22,4551,2406,2145,604,1507,3044,7.05769081960008,7.49929509559434,6.56235287645688,6.61208609271523,7.04868546781685,7.0621491195795,119
"121",2013,10,7,25,7.04545454545455,6.96428571428571,7.14285714285714,7,7,11,14,7,9,16,4576,2417,2159,611,1516,3060,7.05737563811189,7.4972296235002,6.56495920333488,6.61816693944354,7.04839643799472,7.06182415686274,120
"122",2013,11,6.86470588235294,34,7.7,6.20526315789474,6.5,6.72,6.925,15,19,5,10,24,4610,2432,2178,616,1526,3084,7.05595464642082,7.49848026315789,6.561821359045,6.61720779220779,7.04624442988204,7.0607593774319,121
"123",2013,12,6.60454545454545,22,7.05,6.23333333333333,6.56,7.16666666666667,6.51578947368421,10,12,5,3,19,4632,2442,2190,621,1529,3103,7.05381064766839,7.49664373464373,6.56002142465753,6.61674718196458,7.04648070634402,7.05742246857879,122
"124",2014,1,6.98095238095238,21,7.31538461538462,6.4375,7.75,7.16666666666667,6.90666666666667,13,8,2,6,15,4653,2455,2198,623,1535,3118,7.05348182248012,7.49568391038696,6.55957548680619,6.62038523274478,7.04695048859935,7.0566972161642,123
"125",2014,2,6.65714285714286,21,6.99166666666667,6.21111111111111,6.725,6.48,6.7125,12,9,4,5,16,4674,2467,2207,627,1540,3134,7.05170109542148,7.49323226591001,6.55815447213412,6.62105263157895,7.04510974025974,7.05493998723675,124
"126",2014,3,7.48,20,7.86666666666667,7.16363636363636,7,8.66666666666667,7.27058823529412,9,11,3,3,17,4694,2476,2218,630,1543,3151,7.0535259735833,7.49458966074313,6.5611573128945,6.62285714285714,7.04826247569669,7.05610343383053,125
"127",2014,4,6.69080555555556,18,7.3,6.4565,6,7.33333333333333,6.5623,5,13,3,3,15,4712,2481,2231,633,1546,3166,7.05214036926995,7.49419750100765,6.56054747646795,6.61990521327014,7.04881565329883,7.05376387239418,126
"128",2014,5,7.4,27,7.60833333333333,7.23333333333333,7.42,8.525,6.92631578947368,12,15,5,8,19,4739,2493,2246,638,1554,3185,7.05412226630091,7.49474689129562,6.56504070347284,6.62617554858934,7.05641505791506,7.0530035855573,127
"129",2014,6,7.29,10,7.56,7.02,8.4,6.93333333333333,7.44285714285714,5,5,2,3,7,4749,2498,2251,640,1557,3192,7.05461895556959,7.4948775020016,6.56605127498889,6.63171875,7.05617790622993,7.05385852756892,128
"130",2014,7,6.98333333333333,21,6.94,7.02272727272727,7.75,6.7,7.05,10,11,3,4,17,4770,2508,2262,643,1561,3209,7.05430511949686,7.49266507177033,6.56827206896552,6.63693623639191,7.05526521460602,7.05383808663134,129
"131",2014,8,6.68636363636364,11,7.375,6.53333333333333,6.325,6.9625,6.52857142857143,2,9,4,4,7,4781,2510,2271,647,1565,3216,7.05345856933696,7.49257131474103,6.56813360634082,6.63500772797527,7.05502811501597,7.0526947823383,130
"132",2014,9,6.55,14,6.9,6.35555555555556,6.4,5.75,6.87,5,9,3,4,10,4795,2515,2280,650,1569,3226,7.0519886173097,7.49139324055666,6.56729448245614,6.63392307692308,7.05170108349267,7.05212846249225,131
"133",2014,10,6.97083333333333,24,7.25,6.77142857142857,6.65,6.47142857142857,7.17647058823529,10,14,2,7,17,4819,2525,2294,652,1576,3243,7.05158444075534,7.49043722772277,6.56854028770706,6.63397239263804,7.04912373096447,7.05278027135368,132
"134",2014,11,6.58518518518519,27,7.42307692307692,5.80714285714286,5.8,6.65714285714286,6.56,13,14,6,7,20,4846,2538,2308,658,1583,3263,7.04898584812216,7.49009219858156,6.56392175909879,6.62636778115502,7.04739039797852,7.04975985902543,133
"135",2014,12,6.77058823529412,17,6.97,6.48571428571429,4.9,6.48,6.89166666666667,10,7,1,5,12,4863,2548,2315,659,1588,3275,7.04801263006375,7.48805102040816,6.56368527861771,6.62374810318665,7.04560390428211,7.04918058625954,134
"136",2015,1,6.85357142857143,28,7.19333333333333,6.46153846153846,6.41666666666667,6.6125,6.95,15,13,6,8,20,4891,2563,2328,665,1596,3295,7.04689949294623,7.48632618025751,6.56311487113402,6.62187969924812,7.04343295739348,7.04857857966616,135
"137",2015,2,6.29565217391304,23,7.04166666666667,5.48181818181818,5.66666666666667,6.4,6.26666666666667,12,11,6,5,18,4914,2575,2339,671,1601,3313,7.04338327635328,7.48425398058252,6.55802967935015,6.61333830104322,7.04142348532167,7.04433034108059,136
"138",2015,3,7.05769230769231,26,7.33333333333333,6.82142857142857,6.66666666666667,7,7.075,12,14,3,6,20,4940,2587,2353,674,1607,3333,7.04345858704454,7.48355392346347,6.55959686357841,6.61357566765579,7.04126882389546,7.04451437743774,137
"139",2015,4,6.35526315789474,19,6.92857142857143,6.02083333333333,5.75,5.7,6.58928571428571,7,12,6,5,14,4959,2594,2365,680,1612,3347,7.04082182294818,7.48205628373169,6.55686317970402,6.60595588235294,7.03710856079404,7.04261022408126,138
"140",2015,5,7.22866666666667,15,7.57142857142857,6.92875,6.986,7.83333333333333,7.0775,7,8,5,3,12,4974,2601,2373,685,1615,3359,7.04138830317652,7.48229680891964,6.55811690686894,6.6087299270073,7.03858761609907,7.04273486752009,139
"141",2015,6,7.37,10,7.61666666666667,7,7,7,7.4625,6,4,2,2,8,4984,2607,2377,687,1617,3367,7.0420476364366,7.48260606060606,6.55886050483803,6.60986899563319,7.03853988868274,7.04373223047223,140
"142",2015,7,6.82142857142857,14,7.71428571428571,5.92857142857143,5.5,7.5,6.76923076923077,7,7,3,1,13,4998,2614,2384,690,1618,3380,7.04142965586235,7.48322647283856,6.5570098238255,6.60504347826087,7.03882509270704,7.0426764556213,141
"143",2015,8,7.17142857142857,21,7.71,6.68181818181818,6.1,7.07142857142857,7.22142857142857,10,11,5,7,14,5019,2624,2395,695,1625,3394,7.04197358437936,7.48409070121951,6.55758305636743,6.60141007194245,7.03896553846154,7.04341379493223,142
"144",2015,9,6.876,25,7.30833333333333,6.47692307692308,6.83333333333333,6.83636363636364,6.90714285714286,12,13,6,11,14,5044,2636,2408,701,1636,3408,7.0411509555908,7.48329059180576,6.55714759966777,6.60339514978602,7.0376033007335,7.04285399647887,143
"145",2015,10,7.46111111111111,27,7.56590909090909,7,8,7.41666666666667,7.47380952380952,22,5,2,6,21,5071,2658,2413,703,1642,3429,7.04338698875961,7.48397441685477,6.55806523829258,6.60736842105263,7.03898842874543,7.04549326917468,144
"146",2015,11,7,17,7.61111111111111,6.3125,5.75,7.18571428571429,6.87,9,8,4,7,10,5088,2667,2421,707,1649,3439,7.04324202437107,7.4844034495688,6.55725378769104,6.60251768033946,7.03961127956337,7.04498296597848,145
"147",2015,12,6.78095238095238,21,6.96363636363636,6.58,6.9,6.875,6.75882352941176,11,10,2,4,17,5109,2678,2431,709,1653,3456,7.04216391074574,7.48226437640029,6.55734735499794,6.60335684062059,7.0392129461585,7.04357535300926,146
"148",2016,1,6.8241935483871,31,7.12368421052632,6.35,6.375,7,6.74047619047619,19,12,8,10,21,5140,2697,2443,717,1663,3477,7.04084930350195,7.47973822766036,6.55632886614818,6.60080892608089,7.0389771497294,7.04174472821397,147
"149",2016,2,7.15,12,7.63333333333333,6.66666666666667,6.66666666666667,6.5,7.475,6,6,3,4,8,5152,2703,2449,720,1667,3485,7.04110353649069,7.48007917129115,6.55659919150674,6.60108333333334,7.03768386322735,7.04273928837876,148
"150",2016,3,7.08333333333333,18,7.875,6.45,6.5,6.25,7.32142857142857,8,10,2,4,14,5170,2711,2459,722,1671,3499,7.04125056479691,7.48124455920324,6.5561656852379,6.60080332409972,7.03579832435667,7.04385436410403,149
"151",2016,4,6.76785714285714,14,7.375,6.3125,6,6,6.97727272727273,6,8,3,3,11,5184,2717,2467,725,1674,3510,7.0405122337963,7.48100993743099,6.55537552492906,6.59831724137931,7.03394205495818,7.0436457037037,150
"152",2016,5,6.6,8,7.5,6.3,6.66666666666667,7,6.46666666666667,2,6,3,2,6,5192,2719,2473,728,1676,3516,7.03983347842835,7.48102390584773,6.55475593206632,6.5985989010989,7.03390155131265,7.04266109783845,151
"153",2016,6,6.73571428571429,14,6.725,6.75,6.5,6.83333333333333,6.70909090909091,8,6,3,3,11,5206,2727,2479,731,1679,3527,7.03901563964657,7.47880601393472,6.55522848729326,6.59819425444597,7.03354318046456,7.04162075985256,152
"154",2016,7,6.69318181818182,22,7.35,6.14583333333333,6.5,6.75,6.67647058823529,10,12,1,5,17,5228,2737,2491,732,1684,3544,7.03756033282326,7.4783354037267,6.55325629064633,6.59806010928962,7.0327013064133,7.03986919300225,153
"155",2016,8,6.45,15,7.5,6.28846153846154,6.4,6.2,6.575,2,13,5,5,10,5243,2739,2504,737,1689,3554,7.0358793477017,7.47835122307411,6.55188155750799,6.59671641791045,7.03023623445826,7.03856117613956,154
"156",2016,9,6.94318181818182,22,7.4375,6.66071428571429,7,7.875,6.73611111111111,8,14,5,4,18,5265,2747,2518,742,1693,3572,7.03549200759734,7.47823225336731,6.55248666401906,6.59943396226415,7.03223213230951,7.03703707166853,155
"157",2016,10,6.84375,24,7.64285714285714,6.51470588235294,6.33333333333333,6.9,6.82894736842105,7,17,3,5,19,5289,2754,2535,745,1698,3591,7.03462193609378,7.47865068990559,6.55223330177515,6.59836241610738,7.03184275618374,7.03593606794764,156
"158",2016,11,6.94210526315789,38,7.98461538461538,6.4,6.61428571428571,7.38461538461539,6.712,13,25,7,13,25,5327,2767,2560,752,1711,3616,7.03396197109067,7.48102782797253,6.5507466484375,6.59851063829788,7.03452308591467,7.03369646570796,157
"159",2016,12,6.94666666666667,30,7.18181818181818,6.81052631578947,6,7.75,6.82307692307692,11,19,1,4,26,5357,2778,2579,753,1715,3642,7.03347310434945,7.47984305255579,6.5526604963164,6.59771580345286,7.03619183673469,7.03219286655683,158
"160",2017,1,7.02058823529412,34,7.65625,6.45555555555556,5.675,7.45,6.84166666666667,16,18,4,10,24,5391,2794,2597,757,1725,3666,7.03339184195882,7.48085325697924,6.55198745475549,6.59284015852048,7.03859072463768,7.03094555919258,159
"161",2017,2,6.91,20,7.6,6.22,8,7.5,6.71333333333333,10,10,1,5,15,5411,2804,2607,758,1730,3681,7.03293576418407,7.48127817403708,6.55071400843882,6.59469656992085,7.03992427745665,7.02965129584352,160
"162",2017,3,6.26428571428571,14,6.2,6.3125,5.75,5.78571428571429,6.74285714285714,6,8,4,7,7,5425,2810,2615,762,1737,3688,7.03095215115208,7.47854234875444,6.54998524665392,6.5902624671916,7.034869890616,7.02910694685466,161
"163",2017,4,6.662,25,7.11111111111111,6.409375,6,5.66666666666667,6.97631578947368,9,16,7,6,19,5450,2819,2631,769,1743,3707,7.02925971009175,7.47736927988648,6.54913014823261,6.58488946684005,7.03016006884681,7.02883636903156,162
"164",2017,5,6.15625,16,7.28571428571429,5.27777777777778,4.8,5.75,6.29166666666667,7,9,5,4,12,5466,2826,2640,774,1747,3719,7.02670424807904,7.47689455060155,6.54479599242424,6.57335917312662,7.02722896393818,7.02645776283947,163
"165",2017,6,7.09285714285714,14,7.64285714285714,6.54285714285714,6.83333333333333,6.9,7.2,7,7,3,5,9,5480,2833,2647,777,1752,3728,7.02687325182482,7.47730462407342,6.54479086513034,6.57436293436294,7.02686586757991,7.026876722103,164
"166",2017,7,6.62941176470588,17,6.71428571428571,6.57,6.85,6.4,6.725,7,10,2,5,12,5497,2840,2657,779,1757,3740,7.02564406403493,7.47542394366197,6.54488574331953,6.57507060333761,7.02508195788275,7.02590813368984,165
"167",2017,8,7.05588235294118,17,7,7.095,6.825,7,7.06333333333333,7,10,6,2,15,5514,2847,2667,785,1759,3755,7.02573729053319,7.4742550052687,6.54694841394826,6.57698089171975,7.02505343945423,7.02605763515313,166
"168",2017,9,6.92857142857143,14,7.57142857142857,6.28571428571429,5.33333333333333,6.9,6.94444444444444,7,7,3,5,9,5528,2854,2674,788,1764,3764,7.02549121201158,7.47449334267694,6.54626455497382,6.5722461928934,7.02469897959184,7.02586249202975,167
"169",2017,10,6.42952380952381,21,6.58333333333333,6.22444444444444,7,6.33333333333333,6.44555555555556,12,9,1,3,18,5549,2866,2683,789,1767,3782,7.02323579383673,7.47076203768318,6.54518502422661,6.57278833967047,7.02352518392756,7.02310058699101,168
"170",2017,11,7.29,20,7.44615384615385,7,6.5,8.5,7.15555555555556,13,7,2,2,18,5569,2879,2690,791,1769,3800,7.02419382653978,7.47065092045849,6.54636855762082,6.57260429835651,7.02519446014697,7.02372800526315,169
"171",2017,12,6.68695652173913,23,6.57142857142857,6.7375,5.875,6.33333333333333,6.74,7,16,4,3,20,5592,2886,2706,795,1772,3820,7.02280676323319,7.46846985446985,6.54749867701404,6.56909433962264,7.02402313769752,7.0222425183246,170
"172",2018,1,6.81071428571429,28,7.16875,6.33333333333333,6.25,6.2,6.94347826086956,16,12,2,5,23,5620,2902,2718,797,1777,3843,7.0217500747331,7.46681736733287,6.54655313465784,6.56829360100377,7.02170455824423,7.02177112151964,171
"173",2018,2,6.88642857142857,14,6.91666666666667,6.86375,8,7.382,6.61111111111111,6,8,1,5,9,5634,2908,2726,798,1782,3852,7.02141381256656,7.46568225584594,6.54748401320616,6.57008771929825,7.02271548821549,7.02081163551401,172
"174",2018,3,6.65909090909091,22,6.9375,6.5,5.66666666666667,6.91666666666667,6.5625,8,14,3,6,16,5656,2916,2740,801,1788,3868,7.02000449434229,7.46423319615912,6.54724139416058,6.56670411985019,7.0223596196868,7.01891582730093,173
"175",2018,4,7.081875,16,8.21666666666667,6.401,6.625,7.78875,6.375,6,10,4,8,8,5672,2922,2750,805,1796,3876,7.02017902327222,7.46577823408624,6.54670960727273,6.56699378881988,7.02577338530067,7.01758679566563,174
"176",2018,5,6.38235294117647,17,7,5.83333333333333,7,6.66666666666667,6.32142857142857,8,9,1,3,14,5689,2930,2759,806,1799,3890,7.01827305677624,7.46450648464163,6.54438253715114,6.56753101736973,7.02517454141189,7.01508134190231,175
"177",2018,6,7.39285714285714,14,8.1,7,6.8,7.1,7.55555555555556,5,9,5,5,9,5703,2935,2768,811,1804,3899,7.01919260389269,7.46558909710391,6.54586395231214,6.56896424167694,7.02538192904656,7.01632890997691,176
"178",2018,7,6.90909090909091,11,7.5,6.57142857142857,6.33333333333333,7.5,6.77777777777778,4,7,3,2,9,5714,2939,2775,814,1806,3908,7.01898064753238,7.46563593058863,6.54592843963964,6.56809582309582,7.02590753045404,7.01577953428863,177
"179",2018,8,7.17647058823529,17,7.41666666666667,6.6,7,6.5,7.26666666666667,12,5,1,2,15,5731,2951,2780,815,1808,3923,7.01944781364509,7.46543680108437,6.54602569064748,6.56862576687117,7.02532577433628,7.01673882742799,178
"180",2018,9,7.22727272727273,11,7.64285714285714,6.5,8,7.26666666666667,7.2125,7,4,2,3,8,5742,2958,2784,817,1811,3931,7.01984594566353,7.46585665990534,6.54595956178161,6.57212974296206,7.02572556598564,7.01713722208089,179
"181",2018,10,6.47916666666667,12,6.97222222222222,5,NA,6.75,6.28571428571429,9,3,0,5,7,5754,2967,2787,817,1816,3938,7.01871835592631,7.46435928547354,6.54429545030499,6.57212974296206,7.02496640969163,7.0158370797359,180
"182",2018,11,6.84375,16,7.14285714285714,6.61111111111111,5.83333333333333,6.83333333333333,6.84615384615385,7,9,3,3,13,5770,2974,2796,820,1819,3951,7.01823317504333,7.46360255548083,6.54451052217453,6.56942682926829,7.02465035733919,7.01527876993166,181
"183",2018,12,6.87391304347826,23,7.16153846153846,6.5,5,6.66666666666667,6.905,13,10,2,3,20,5793,2987,2806,822,1822,3971,7.01766017952702,7.46228791429527,6.54435189593728,6.56560827250608,7.02406092206366,7.01472334928229,182
"184",2019,1,6.37615384615385,13,6.5,6.29875,7,6.39,6.375,5,8,1,1,12,5806,2992,2814,823,1823,3983,7.01622380640717,7.46067981283422,6.5436536673774,6.56613608748481,7.02371311025781,7.01279598794878,183
"185",2019,2,6.53318181818182,22,6.83333333333333,6.32538461538462,5.066,6.83333333333333,6.420625,9,13,5,6,16,5828,3001,2827,828,1829,3999,7.0144003809197,7.45879840053315,6.54264995401486,6.55707729468599,7.0230885729907,7.01042671167792,184
"186",2019,3,6.68,16,7.1075,6.5375,6.625,6,6.90666666666667,4,12,4,4,12,5844,3005,2839,832,1833,4011,7.01348484257358,7.45833078202994,6.54262818598098,6.55740384615385,7.02085597381342,7.01011628521565,185
"187",2019,4,6.71428571428571,7,7,6.6,7,NA,6.71428571428571,2,5,1,0,7,5851,3007,2844,833,1833,4018,7.0131268877115,7.45802593947455,6.54272905063291,6.55793517406963,7.02085597381342,7.00960090094574,186
"188",2019,5,6.64285714285714,14,6.8125,6.41666666666667,6.25,6,6.75,8,6,4,2,12,5865,3015,2850,837,1835,4030,7.01224303836317,7.45631310116086,6.54246365614035,6.55646356033453,7.01974332425068,7.00882789578163,187
"189",2019,6,6.67272727272727,11,7.78,5.75,6,7,6.64,5,6,1,1,10,5876,3020,2856,838,1836,4040,7.01160745745405,7.45684900662251,6.54079881652661,6.55579952267303,7.0197325708061,7.00791495544554,188
"190",2019,7,6.83333333333333,12,7,6.6,6.33333333333333,7,6.8,7,5,3,2,10,5888,3027,2861,841,1838,4050,7.01124412703805,7.4557925338619,6.54090227892345,6.55500594530321,7.01971109902067,7.00740158518518,189
"191",2019,8,6.76190476190476,21,7.66666666666667,6.08333333333333,5.83333333333333,6.5,6.86666666666667,9,12,6,6,15,5909,3036,2873,847,1844,4065,7.01035799966154,7.45641765480895,6.5389910964149,6.54989374262102,7.01802006507592,7.00688226814268,190
"192",2019,9,6.8,10,7.25,6.5,NA,NA,6.8,4,6,0,0,10,5919,3040,2879,847,1844,4075,7.01000260516979,7.45614605263157,6.53890983674887,6.54989374262102,7.01802006507592,7.00637458159509,191
"193",2019,10,7.19611111111111,18,7.63583333333333,6.31666666666667,7,7.875,7.00214285714286,12,6,3,4,14,5937,3052,2885,850,1848,4089,7.01056685531413,7.45685255570118,6.53844763258232,6.55148235294118,7.019875,7.00636009293225,192
"194",2019,11,7.25,14,7.65,6.71666666666667,7,6.675,7.48,8,6,1,4,10,5951,3060,2891,851,1852,4099,7.0111301327508,7.45735751633987,6.53881750951228,6.55200940070505,7.01913012958963,7.00751559404732,193
"195",2019,12,6.86111111111111,9,7.66666666666667,6.45833333333333,6.33333333333333,6.375,7,3,6,3,2,7,5960,3063,2897,854,1854,4106,7.01090359395973,7.45756252040483,6.53865081808768,6.5512412177986,7.0184352750809,7.00750278129566,194
"196",2020,1,6.92391304347826,23,7.125,6.70454545454545,6.25,7.32857142857143,6.746875,12,11,3,7,16,5983,3075,2908,857,1861,4122,7.01056918268427,7.45626471544715,6.53927834250344,6.55018669778296,7.01960182697474,7.00649112566715,195
"197",2020,2,7.03,9,7.50333333333333,6.08333333333333,NA,9,6.78375,6,3,0,1,8,5992,3081,2911,857,1862,4130,7.01059836782377,7.45635637779941,6.53880845757472,6.55018669778296,7.02066541353383,7.00605966585956,196
"198",2020,3,6.98333333333333,18,7.54,6.76923076923077,5.75,9.2,6.85294117647059,5,13,4,1,17,6010,3086,2924,861,1863,4147,7.01051670881864,7.45649189889825,6.53983290697674,6.54646922183508,7.02183521202362,7.00543197974439,197
"199",2020,4,6.23076923076923,13,6.42857142857143,6,7,6.2,6.25,7,6,2,5,8,6023,3093,2930,863,1868,4155,7.00883370745476,7.45416553507921,6.53872744709898,6.54752027809965,7.01963543897216,7.00397747773766,198
"200",2020,5,6.04166666666667,12,5.91666666666667,6.16666666666667,8,6.6,5.64285714285714,6,6,1,5,7,6035,3099,2936,864,1873,4162,7.0069105915493,7.45118877057115,6.53796710490463,6.54920138888889,7.01851521623064,7.00168823161941,199
"201",2020,6,7.08333333333333,12,8.25,6.5,7.16666666666667,7.33333333333333,7,4,8,3,3,9,6047,3103,2944,867,1876,4171,7.00706224904912,7.45221849822752,6.53786393342391,6.55133794694348,7.01901865671642,7.00168458882762,200
"202",2020,7,7.07142857142857,14,6.85714285714286,7.28571428571429,7.75,7.375,6.95,7,7,2,4,10,6061,3110,2951,869,1880,4181,7.00721092558984,7.45087909967845,6.53963789223992,6.55409666283084,7.01977606382979,7.00156097105955,201
"203",2020,8,6.45333333333333,15,6.77777777777778,5.96666666666667,4,6.8,6.42857142857143,9,6,1,1,14,6076,3119,2957,870,1881,4195,7.00584355167874,7.44893683873036,6.5384752857626,6.55116091954023,7.01965922381712,6.99964872943981,202
"204",2020,9,7.18888888888889,18,8.05714285714286,6.63636363636364,6.25,7.25,7.17142857142857,7,11,2,4,14,6094,3126,2968,872,1885,4209,7.00638421726288,7.45029878438899,6.53883807951482,6.55047018348624,7.02014801061008,7.00022010453789,203
"205",2020,10,6.97222222222222,18,6.7375,7.16,6,5.45,7.1625,8,10,1,2,16,6112,3134,2978,873,1887,4225,7.0062836092932,7.44847925973197,6.54092391537945,6.54983963344788,7.01848383677795,7.0008346556213,204
"206",2020,11,6.92666666666667,15,7.7,6.54,6.25,7,6.90833333333333,5,10,2,3,12,6127,3139,2988,875,1890,4237,7.00608869267178,7.4488798980567,6.54092082329317,6.54915428571429,7.01845449735449,7.00057267406183,205
"207",2020,12,6.5,18,7,6.18181818181818,5.8,6.33333333333333,6.58333333333333,7,11,5,6,12,6145,3146,2999,880,1896,4249,7.00460625223759,7.44788111888112,6.53960367455818,6.54489772727273,7.01628639240506,6.99939430924923,206
"208",2021,1,6.05555555555556,18,6.75,5.70833333333333,5,5.75,6.09375,6,12,4,2,16,6163,3152,3011,884,1898,4265,7.00183440207691,7.44655266497462,6.53629074061773,6.53790723981901,7.01495205479452,6.99599681594373,207
"209",2021,2,6.65625,16,7.5,6.15,6.125,5.5,6.82142857142857,6,10,4,2,14,6179,3158,3021,888,1900,4279,7.0009395403787,7.44665421152628,6.53501205561072,6.5360472972973,7.01335736842105,6.99542566487497,208
"210",2021,3,7.01538461538462,13,7.175,6.94444444444444,7,NA,7.01538461538462,4,9,1,0,13,6192,3162,3030,889,1900,4292,7.00096986757106,7.44631056293485,6.53622819141914,6.53656917885264,7.01335736842105,6.99548611835974,209
"211",2021,4,6.70588235294118,17,7.4,6.41666666666667,7,6.9,6.625,5,12,4,5,12,6209,3167,3042,893,1905,4304,7.00016192945724,7.44623744868961,6.53575654832347,6.53864501679731,7.01305984251968,6.99445316449814,210
"212",2021,5,6.96153846153846,13,7.5,6.33333333333333,6.5,7,6.95,7,6,1,3,10,6222,3174,3048,894,1908,4314,7.0000812311154,7.44635601764335,6.53535807742782,6.53860178970917,7.0130393081761,6.99435012053778,211
"213",2021,6,6.4375,8,8,5.91666666666667,NA,5.25,6.83333333333333,2,6,0,2,6,6230,3176,3054,894,1910,4320,6.99935881540931,7.44670465994962,6.53414257367387,6.53860178970917,7.01119319371727,6.99412648611111,212
"214",2021,7,6.96666666666667,18,7.225,6.76,6.53333333333333,7.23333333333333,6.91333333333333,8,10,3,3,15,6248,3184,3064,897,1913,4335,6.9992646318822,7.44614761306532,6.53487970626632,6.53858416945374,7.01154155776267,6.99384692502883,213
"215",2021,8,7.1,14,7.1,7.1,8,7.5,7.03333333333333,9,5,1,2,12,6262,3193,3069,898,1915,4347,6.99948984669435,7.44517193861572,6.53580039752362,6.54021158129176,7.01205169712794,6.99395592822636,214
"216",2021,9,5.25,6,4.75,5.5,NA,5.125,5.5,2,4,0,4,2,6268,3195,3073,898,1919,4349,6.99781515954052,7.4434848200313,6.53445213797592,6.54021158129176,7.00811829077644,6.99326889399862,215
"217",2021,10,6.8125,16,7.25,6.55,6.5,6.5,6.95454545454545,6,10,2,5,11,6284,3201,3083,900,1924,4360,6.9973433195417,7.44312214932833,6.53450256892637,6.54012222222222,7.00679781704781,6.9931711972477,216
"218",2021,11,6.28571428571429,14,6.5,6.16666666666667,6,7,6.23076923076923,5,9,1,1,13,6298,3206,3092,901,1925,4373,6.99576141949826,7.44165127885215,6.53343189521345,6.53952275249723,7.00679428571428,6.99090473816602,217
"219",2021,12,6.86305555555556,18,7.46125,5.66666666666667,6.66666666666667,7.21428571428571,6.63954545454545,12,6,3,7,11,6316,3218,3098,904,1932,4384,6.99538322039266,7.44172436295836,6.53175320206585,6.53994469026549,7.00754606625259,6.99002313412409,218
"220",2022,1,6.8001,20,7.03333333333333,6.45025,6.33333333333333,6,6.889,12,8,3,2,18,6336,3230,3106,907,1934,4402,6.99476679608586,7.44020712074303,6.53154327752736,6.53926130099228,7.00650413650465,6.98961004543389,219
"221",2022,2,6.87,20,6.99090909090909,6.72222222222222,7,6.5,6.9625,11,9,2,4,16,6356,3241,3115,909,1938,4418,6.99437420075519,7.43868219685282,6.53209419582664,6.54027502750275,7.00545872033024,6.98951186509733,220
"222",2022,3,6.36666666666667,15,6.28571428571429,6.4375,5,7,6.32142857142857,7,8,1,1,14,6371,3248,3123,910,1939,4432,6.99289631455031,7.43619735221675,6.53185187960294,6.53858241758242,7.00545590510572,6.98740149368231,221
"223",2022,4,6.4,10,6.83333333333333,5.75,NA,5,6.55555555555556,6,4,0,1,9,6381,3254,3127,910,1940,4441,6.99196715561824,7.43508574062692,6.53085174928046,6.53858241758242,7.00442216494845,6.98652632740374,222
"224",2022,5,6.80875,16,7.35714285714286,6.38222222222222,6.75,6.75,6.82833333333333,7,9,2,4,12,6397,3261,3136,912,1944,4453,6.9915088979209,7.43491842992947,6.53042519770408,6.53904605263158,7.00389866255144,6.98610002694812,223
"225",2022,6,6.58333333333333,12,6.8,6.42857142857143,6,8.5,6.2,5,7,3,2,10,6409,3266,3143,915,1946,4463,6.99074464347012,7.43394641763625,6.53019835189309,6.53727868852459,7.00543627954779,6.98433865561281,224
"226",2022,7,7.45,14,7.96666666666667,7.0625,4,7.875,7.28,6,8,1,4,10,6423,3272,3151,916,1950,4473,6.99174566713374,7.43492328850856,6.53154980006347,6.53450873362446,7.00722,6.9849996467695,225
"227",2022,8,7.37777777777778,9,7.92,6.7,6.65,7.75,7.27142857142857,5,4,2,2,7,6432,3277,3155,918,1952,4480,6.99228582400498,7.435663411657,6.53176336608558,6.53476034858388,7.00798104508196,6.98544719196428,226
"228",2022,9,6.64444444444444,9,6.96,6.25,NA,6,6.725,5,4,0,1,8,6441,3282,3159,918,1953,4488,6.99179978574756,7.43493875685557,6.53140659069325,6.53476034858388,7.00746492575525,6.98498293672014,227
"229",2022,10,6.54166666666667,12,6.59090909090909,6,NA,7,6.45,11,1,0,2,10,6453,3293,3160,918,1955,4498,6.99096271811561,7.43211934406316,6.53123842405063,6.53476034858388,7.00745728900256,6.9837935571365,228
"230",2022,11,6.57071428571429,14,6.74833333333333,6.4375,6,6.75,6.43625,6,8,3,6,8,6467,3299,3168,921,1961,4506,6.99005294881708,7.43087571991512,6.53100171085858,6.53301845819761,7.0066695563488,6.98282144252108,229
"231",2022,12,7.25,20,7.83333333333333,6.77272727272727,7,7.42857142857143,7.15384615384615,9,11,3,7,13,6487,3308,3179,924,1968,4519,6.99085438877756,7.43197067714631,6.53183813148789,6.53453463203463,7.00817022357723,6.98331343660102,230
