"","year","month","avg_rating","no_ratings","avg_rating_owned","avg_rating_not_owned","avg_rating_prev_owned","avg_rating_comment","avg_rating_no_comment","no_ratings_owned","no_ratings_not_owned","no_ratings_prev_owned","no_ratings_comment","no_ratings_no_comment","cum_no_ratings","cum_no_ratings_owned","cum_no_ratings_not_owned","cum_no_ratings_prev_owned","cum_no_ratings_comment","cum_no_ratings_no_comment","cum_avg_rating","cum_avg_rating_owned","cum_avg_rating_not_owned","cum_avg_rating_prev_owned","cum_avg_rating_comment","cum_avg_rating_no_comment","month_after_release"
"1",2003,10,7.5,2,8,7,NA,8,7,1,1,0,1,1,2,1,1,0,1,1,7.5,8,7,NA,8,7,0
"2",2003,11,9,3,9,NA,NA,9,NA,3,0,0,3,0,5,4,1,0,4,1,8.4,8.75,7,NA,8.75,7,1
"3",2003,12,7.33333333333333,3,8.5,5,NA,NA,7.33333333333333,2,1,0,0,3,8,6,2,0,4,4,8,8.66666666666667,6,NA,8.75,7.25,2
"4",2004,1,7.5,2,7.5,NA,NA,NA,7.5,2,0,0,0,2,10,8,2,0,4,6,7.9,8.375,6,NA,8.75,7.33333333333333,3
"5",2004,3,6,4,5.66666666666667,7,7,6,6,3,1,1,1,3,14,11,3,1,5,9,7.35714285714286,7.63636363636364,6.33333333333333,7,8.2,6.88888888888889,5
"6",2004,4,7.4,5,7.4,NA,NA,7.33333333333333,7.5,5,0,0,3,2,19,16,3,1,8,11,7.36842105263158,7.5625,6.33333333333333,7,7.875,7,6
"7",2004,5,6.66,5,6.66666666666667,6.65,NA,6.66666666666667,6.65,3,2,0,3,2,24,19,5,1,11,13,7.22083333333333,7.42105263157895,6.46,7,7.54545454545455,6.94615384615385,7
"8",2004,6,8.5,2,8,9,NA,8.5,NA,1,1,0,2,0,26,20,6,1,13,13,7.31923076923077,7.45,6.88333333333333,7,7.69230769230769,6.94615384615385,8
"9",2004,7,6,1,NA,6,6,6,NA,0,1,1,1,0,27,20,7,2,14,13,7.27037037037037,7.45,6.75714285714286,6.5,7.57142857142857,6.94615384615385,9
"10",2004,9,6.75,2,6.75,NA,NA,NA,6.75,2,0,0,0,2,29,22,7,2,14,15,7.23448275862069,7.38636363636364,6.75714285714286,6.5,7.57142857142857,6.92,11
"11",2004,10,6.33333333333333,3,6.33333333333333,NA,NA,5,7,3,0,0,1,2,32,25,7,2,15,17,7.15,7.26,6.75714285714286,6.5,7.4,6.92941176470588,12
"12",2004,11,5,2,NA,5,NA,5,NA,0,2,0,2,0,34,25,9,2,17,17,7.02352941176471,7.26,6.36666666666667,6.5,7.11764705882353,6.92941176470588,13
"13",2004,12,7.16666666666667,6,7.25,7,NA,NA,7.16666666666667,4,2,0,0,6,40,29,11,2,17,23,7.045,7.25862068965517,6.48181818181818,6.5,7.11764705882353,6.99130434782609,14
"14",2005,1,7.1875,8,7.07142857142857,8,NA,7.5,7,7,1,0,3,5,48,36,12,2,20,28,7.06875,7.22222222222222,6.60833333333333,6.5,7.175,6.99285714285714,15
"15",2005,2,7.57142857142857,7,8.25,6.66666666666667,7,8.33333333333333,7,4,3,2,3,4,55,40,15,4,23,32,7.13272727272727,7.325,6.62,6.75,7.32608695652174,6.99375,16
"16",2005,3,8.875,4,8.875,NA,NA,8.25,9.5,4,0,0,2,2,59,44,15,4,25,34,7.25084745762712,7.46590909090909,6.62,6.75,7.4,7.14117647058824,17
"17",2005,4,6.5,4,6.66666666666667,6,NA,6,6.66666666666667,3,1,0,1,3,63,47,16,4,26,37,7.2031746031746,7.41489361702128,6.58125,6.75,7.34615384615385,7.1027027027027,18
"18",2005,5,6.57142857142857,7,7.4,4.5,6,6.75,6.33333333333333,5,2,1,4,3,70,52,18,5,30,40,7.14,7.41346153846154,6.35,6.6,7.26666666666667,7.045,19
"19",2005,6,6.2,5,6,6.25,8,6.2,NA,1,4,1,5,0,75,53,22,6,35,40,7.07733333333333,7.38679245283019,6.33181818181818,6.83333333333333,7.11428571428571,7.045,20
"20",2005,7,7.14285714285714,7,7.75,6.33333333333333,NA,8,6.5,4,3,0,3,4,82,57,25,6,38,44,7.08292682926829,7.41228070175439,6.332,6.83333333333333,7.18421052631579,6.99545454545455,21
"21",2005,8,7,4,7.33333333333333,6,NA,6,7.33333333333333,3,1,0,1,3,86,60,26,6,39,47,7.07906976744186,7.40833333333333,6.31923076923077,6.83333333333333,7.15384615384615,7.01702127659575,22
"22",2005,9,6.25,4,7.5,5,NA,5,6.66666666666667,2,2,0,1,3,90,62,28,6,40,50,7.04222222222222,7.41129032258065,6.225,6.83333333333333,7.1,6.996,23
"23",2005,10,7.375,4,7.83333333333333,6,NA,7.83333333333333,6,3,1,0,3,1,94,65,29,6,43,51,7.0563829787234,7.43076923076923,6.21724137931035,6.83333333333333,7.15116279069767,6.97647058823529,24
"24",2005,11,6.93333333333333,12,7.1,6.1,6,6.66666666666667,7.02222222222222,10,2,1,3,9,106,75,31,7,46,60,7.04245283018868,7.38666666666667,6.20967741935484,6.71428571428571,7.1195652173913,6.98333333333333,25
"25",2005,12,7.6,5,8,7,8,9,6.66666666666667,3,2,1,2,3,111,78,33,8,48,63,7.06756756756757,7.41025641025641,6.25757575757576,6.875,7.19791666666667,6.96825396825397,26
"26",2006,1,6.55555555555556,9,6.79166666666667,6.08333333333333,6.25,6.58333333333333,6.54166666666667,6,3,1,3,6,120,84,36,9,51,69,7.02916666666667,7.36607142857143,6.24305555555556,6.80555555555556,7.16176470588235,6.93115942028986,27
"27",2006,2,7.75,6,8.125,7,6,7.125,9,4,2,1,4,2,126,88,38,10,55,71,7.06349206349206,7.40056818181818,6.28289473684211,6.725,7.15909090909091,6.98943661971831,28
"28",2006,3,7,7,7,7,NA,8,6.83333333333333,5,2,0,1,6,133,93,40,10,56,77,7.06015037593985,7.37903225806452,6.31875,6.725,7.17410714285714,6.97727272727273,29
"29",2006,4,6,4,7,5.66666666666667,NA,5,6.33333333333333,1,3,0,1,3,137,94,43,10,57,80,7.02919708029197,7.375,6.27325581395349,6.725,7.1359649122807,6.953125,30
"30",2006,5,6.19230769230769,13,7.4375,4.2,NA,5.9375,6.6,8,5,0,8,5,150,102,48,10,65,85,6.95666666666667,7.37990196078431,6.05729166666667,6.725,6.98846153846154,6.93235294117647,31
"31",2006,6,7,8,7.14285714285714,6,NA,7,7,7,1,0,6,2,158,109,49,10,71,87,6.95886075949367,7.36467889908257,6.05612244897959,6.725,6.98943661971831,6.93390804597701,32
"32",2006,7,5.75625,16,6.46363636363636,4.2,NA,6.45,5.525,11,5,0,4,12,174,120,54,10,75,99,6.84827586206896,7.28208333333333,5.88425925925926,6.725,6.96066666666667,6.76313131313131,33
"33",2006,8,7.6875,8,7.5,8.25,NA,6.5,8.08333333333333,6,2,0,2,6,182,126,56,10,77,105,6.88516483516483,7.29246031746032,5.96875,6.725,6.9487012987013,6.83857142857143,34
"34",2006,9,6.81818181818182,11,7.83333333333333,5.6,7,6.6,7,6,5,1,5,6,193,132,61,11,82,111,6.88134715025907,7.31704545454545,5.93852459016393,6.75,6.92743902439024,6.8472972972973,35
"35",2006,10,6.725,10,7.13888888888889,3,NA,5.58333333333333,7.21428571428571,9,1,0,3,7,203,141,62,11,85,118,6.87364532019704,7.30567375886525,5.89112903225806,6.75,6.88,6.86906779661017,36
"36",2006,11,6.54545454545455,11,7,6.16666666666667,NA,6.2,6.83333333333333,5,6,0,5,6,214,146,68,11,90,124,6.85677570093458,7.29520547945205,5.91544117647059,6.75,6.84222222222222,6.86733870967742,37
"37",2006,12,6.71578947368421,19,7.35384615384615,5.33333333333333,NA,6.35714285714286,6.925,13,6,0,7,12,233,159,74,11,97,136,6.84527896995708,7.3,5.86824324324324,6.75,6.80721649484536,6.87242647058823,38
"38",2007,1,6.78260869565217,23,7.3,5.8125,NA,6.1875,7.1,15,8,0,8,15,256,174,82,11,105,151,6.8396484375,7.3,5.86280487804878,6.75,6.76,6.89503311258278,39
"39",2007,2,6.84790636363636,22,7.76428571428571,5.2442425,6,6.13333333333333,7.34261076923077,14,8,1,9,13,278,188,90,12,114,164,6.84030194244604,7.33457446808511,5.80782155555556,6.6875,6.71052631578947,6.93051182926829,40
"40",2007,3,6.49789473684211,19,7.66222222222222,5.45,5,6.48666666666667,6.50307692307692,9,10,1,6,13,297,197,100,13,120,177,6.8183971043771,7.34954314720812,5.7720394,6.55769230769231,6.69933333333333,6.89911830508475,41
"41",2007,4,7.06666666666667,15,7.125,6.83333333333333,NA,7.25,7,12,3,0,4,11,312,209,103,13,124,188,6.83033314102564,7.33665071770335,5.80295087378641,6.55769230769231,6.71709677419355,6.90502095744681,42
"42",2007,5,7.57272727272727,11,7.9,7,NA,8.1,7.13333333333333,7,4,0,5,6,323,216,107,13,129,194,6.85561591331269,7.35490740740741,5.84770037383178,6.55769230769231,6.7706976744186,6.91208216494845,43
"43",2007,6,6.69444444444444,18,7.58181818181818,5.3,NA,6.27777777777778,7.11111111111111,11,7,0,9,9,341,227,114,13,138,203,6.84710832844575,7.36590308370044,5.81406964912281,6.55769230769231,6.73855072463768,6.92090610837438,44
"44",2007,7,6.77083333333333,24,7.21875,5.875,NA,7.5,6.625,16,8,0,4,20,365,243,122,13,142,223,6.84209298630137,7.35621399176955,5.81806508196721,6.55769230769231,6.76,6.89436744394619,45
"45",2007,8,7.11904761904762,21,7.17857142857143,7,7,7.5,6.83333333333333,14,7,2,9,12,386,257,129,15,151,235,6.85716046632124,7.34653696498054,5.88220108527132,6.61666666666667,6.8041059602649,6.89125080851064,46
"46",2007,9,7.23333333333333,24,7.38125,6.9375,6.75,6.8125,7.44375,16,8,2,8,16,410,273,137,17,159,251,6.87918034146341,7.34857142857143,5.94382437956205,6.63235294117647,6.80452830188679,6.92646988047809,47
"47",2007,10,7.13636363636364,22,7.60714285714286,6.3125,6,7.28571428571429,7.06666666666667,14,8,1,7,15,432,287,145,18,166,266,6.89227763888889,7.36118466898955,5.96416510344828,6.59722222222222,6.82481927710843,6.93437571428571,48
"48",2007,11,7.10606060606061,33,7.08333333333333,7.33333333333333,7,6.92857142857143,7.15384615384615,30,3,1,7,26,465,317,148,19,173,292,6.90744933333333,7.33488958990536,5.99191851351352,6.61842105263158,6.82901734104046,6.95391760273973,49
"49",2007,12,6.22727272727273,33,7.02941176470588,5.375,6.5,6.36842105263158,6.03571428571429,17,16,1,19,14,498,334,164,20,192,306,6.86237738955823,7.31934131736527,5.93173134146342,6.6125,6.7834375,6.91190830065359,50
"50",2008,1,7.03823529411765,34,7.412,6,5.5,7.025,7.04545454545455,25,9,4,12,22,532,359,173,24,204,328,6.87361642857143,7.3257938718663,5.93528289017341,6.42708333333333,6.79764705882353,6.92086567073171,51
"51",2008,2,6.96428571428571,28,6.97727272727273,6.91666666666667,7,7.375,6.8,22,6,1,8,20,560,381,179,25,212,348,6.87814989285714,7.30566929133858,5.96817843575419,6.45,6.81943396226415,6.91391936781609,52
"52",2008,3,6.68965517241379,29,6.73333333333333,6.64285714285714,NA,5.875,7,15,14,0,8,21,589,396,193,25,220,369,6.86886916808149,7.2839898989899,6.01711886010363,6.45,6.78509090909091,6.91881826558266,53
"53",2008,4,6.92857142857143,21,7.07692307692308,6.6875,NA,6.8125,7,13,8,0,8,13,610,409,201,25,228,382,6.87092449180328,7.27740831295844,6.04380069651741,6.45,6.78605263157895,6.9215809947644,54
"54",2008,5,6.7037037037037,27,6.94117647058824,6.3,6.8,6.1875,6.92105263157895,17,10,5,8,19,637,426,211,30,236,401,6.86383664050236,7.26399061032864,6.0559428436019,6.50833333333333,6.76576271186441,6.92155596009975,55
"55",2008,6,7.81333333333333,15,8.02,7.4,9,8.5,7.02857142857143,10,5,1,8,7,652,436,216,31,244,408,6.88568088957055,7.28133027522936,6.08705527777778,6.58870967741935,6.82262295081967,6.92339200980392,56
"56",2008,7,6.73809523809524,21,7.30769230769231,5.8125,8,6.4375,6.92307692307692,13,8,1,8,13,673,449,224,32,252,421,6.88107569093611,7.28209354120267,6.07724973214286,6.6328125,6.81039682539683,6.92338228028504,57
"57",2008,8,6.69193548387097,31,7.06904761904762,5.9,4.5,6.125,6.88913043478261,21,10,2,8,23,704,470,234,34,260,444,6.87274707386364,7.27257446808511,6.06967495726496,6.50735294117647,6.78930769230769,6.92160797297297,58
"58",2008,9,6.60909090909091,22,6.92,6.35,5,5.625,6.82777777777778,10,12,2,4,18,726,480,246,36,264,462,6.86475749311295,7.26522916666667,6.0833493495935,6.42361111111111,6.77166666666667,6.91795225108225,59
"59",2008,10,6.44375,32,7.11578947368421,5.46153846153846,4,5.40909090909091,6.98571428571429,19,13,4,11,21,758,499,259,40,275,483,6.84698408970976,7.25953907815631,6.05213876447877,6.18125,6.71716363636364,6.92089842650103,60
"60",2008,11,7.16666666666667,21,7.57142857142857,6.35714285714286,7.5,6.5,7.32352941176471,14,7,2,4,17,779,513,266,42,279,500,6.85560197689345,7.26805068226121,6.06016518796993,6.24404761904762,6.71405017921147,6.93458788,61
"61",2008,12,7.0948275862069,29,7.28409090909091,6.5,7,7.2,7.07291666666667,22,7,2,5,24,808,535,273,44,284,524,6.86418804455446,7.26871028037383,6.07144300366301,6.27840909090909,6.72260563380282,6.94092354961832,62
"62",2009,1,6.90588235294118,51,7.06285714285714,6.5625,6,7.36666666666667,6.76410256410256,35,16,2,12,39,859,570,289,46,296,563,6.86666349243306,7.25607017543859,6.09862955017301,6.26630434782609,6.74871621621622,6.92867484902309,63
"63",2009,2,6.7125,40,6.97826086956522,6.35294117647059,7.25,6.65,6.73333333333333,23,17,4,10,30,899,593,306,50,306,593,6.85980416017798,7.24529510961214,6.11275797385621,6.345,6.74549019607843,6.91879247892074,64
"64",2009,3,6.59302325581395,43,7.04,5.97222222222222,5.75,7.27272727272727,6.359375,25,18,4,11,32,942,618,324,54,317,625,6.84762626326964,7.23699029126213,6.10495043209877,6.30092592592593,6.76378548895899,6.890150304,65
"65",2009,4,6.39189189189189,37,6.76470588235294,6.075,6,6.1,6.4375,17,20,3,5,32,979,635,344,57,322,657,6.83040239019408,7.22434645669291,6.10320912790698,6.28508771929825,6.75347826086956,6.86810340943683,66
"66",2009,5,6.28297872340426,47,7.17857142857143,5.9030303030303,6.2,6.27777777777778,6.28620689655172,14,33,5,18,29,1026,649,377,62,340,686,6.80532547758285,7.22335901386749,6.08568684350133,6.27822580645161,6.72829411764706,6.84350428571429,67
"67",2009,6,6.6047619047619,42,6.71304347826087,6.47368421052632,6.2,6.2375,6.69117647058824,23,19,2,8,34,1068,672,396,64,348,720,6.79743814606742,7.20589285714285,6.10430287878788,6.27578125,6.71701149425287,6.83631102777778,68
"68",2009,7,6.77439024390244,41,7.2625,6.30952380952381,4,6.875,6.74193548387097,20,21,1,10,31,1109,692,417,65,358,751,6.79658605951307,7.2075289017341,6.11463774580336,6.24076923076923,6.72142458100559,6.83241536617843,69
"69",2009,8,6.73152173913043,46,7.056,6.34523809523809,6,6.52083333333333,6.80588235294118,25,21,2,12,34,1155,717,438,67,370,785,6.79399475324675,7.20224546722454,6.12569392694064,6.23358208955224,6.71491891891892,6.8312661656051,70
"70",2009,9,6.62631578947368,38,7.40909090909091,5.55,5,6.61111111111111,6.63103448275862,22,16,2,9,29,1193,739,454,69,379,814,6.78865376362112,7.20840324763193,6.10540515418502,6.19782608695652,6.71245382585752,6.8241326044226,71
"71",2009,10,6.90075,40,7.15947368421053,6.66666666666667,6.5,7.13636363636364,6.81137931034483,19,21,6,11,29,1233,758,475,75,390,843,6.7922903000811,7.20717678100264,6.13021882105263,6.222,6.72441025641026,6.82369387900356,72
"72",2009,11,6.46914893617021,47,6.89791666666667,6.02173913043478,8,6.15,6.525,24,23,1,7,40,1280,782,498,76,397,883,6.780424953125,7.19768542199488,6.12520871485944,6.2453947368421,6.71428211586902,6.81016301245753,73
"73",2009,12,6.59803921568627,51,7.1,6.11538461538461,6.6,7.44444444444444,6.41666666666667,25,26,5,9,42,1331,807,524,81,406,925,6.77343646882044,7.19465923172243,6.12472125954199,6.26728395061728,6.73046798029557,6.79229615135135,74
"74",2010,1,6.87857142857143,70,7.06590909090909,6.56153846153846,7.26666666666667,7.32352941176471,6.73584905660377,44,26,3,17,53,1401,851,550,84,423,978,6.77868946466809,7.18800235017626,6.1453708,6.30297619047619,6.75430260047281,6.78923715746421,75
"75",2010,2,6.69714285714286,35,7.37647058823529,6.05555555555556,NA,6.44285714285714,6.76071428571429,17,18,0,7,28,1436,868,568,84,430,1006,6.77670190807799,7.19169354838709,6.14252454225352,6.30297619047619,6.74923255813953,6.78844328031809,76
"76",2010,3,6.46764705882353,34,7.16190476190476,5.34615384615385,5.875,5.125,6.88076923076923,21,13,4,8,26,1470,889,581,88,438,1032,6.76955370068027,7.19098987626546,6.12470557659208,6.28352272727273,6.71956621004566,6.79076932170543,77
"77",2010,4,6.90714285714286,35,7.47222222222222,6.30882352941176,6,7.03571428571429,6.875,18,17,2,7,28,1505,907,598,90,445,1060,6.77275344850498,7.19657111356119,6.12993969899666,6.27722222222222,6.7245393258427,6.79299428301887,78
"78",2010,5,6.3469387755102,49,6.78214285714286,5.76666666666667,5.8,6.45454545454545,6.31578947368421,28,21,5,11,38,1554,935,619,95,456,1098,6.75932685971686,7.18416042780748,6.11761541195477,6.25210526315789,6.71802631578947,6.77647899817851,79
"79",2010,6,6.92878787878788,33,6.88636363636364,7.01363636363636,8,6.87777777777778,6.94791666666667,22,11,1,9,24,1587,957,630,96,465,1122,6.76285062381852,7.1773145245559,6.13326022222222,6.2703125,6.72111827956989,6.780146114082,80
"80",2010,7,6.94558823529412,34,7.52631578947368,6.21,5.25,6.8125,6.98653846153846,19,15,2,8,26,1621,976,645,98,473,1148,6.76668349167181,7.18410860655737,6.13504486821706,6.24948979591837,6.72266384778013,6.78482050522648,81
"81",2010,8,6.47380952380952,42,6.79166666666667,6.05,6.35,6.5,6.46451612903226,24,18,4,11,31,1663,1000,663,102,484,1179,6.75928679494889,7.17469,6.13273595776772,6.25343137254902,6.71760330578512,6.77639859202714,82
"82",2010,9,6.62659574468085,47,7.36111111111111,5.635,7.06666666666667,6.51538461538462,6.66911764705882,27,20,3,13,34,1710,1027,683,105,497,1213,6.75563973099415,7.17959104186952,6.11816096632504,6.27666666666667,6.7123138832998,6.77339154163231,83
"83",2010,10,6.91739130434783,46,7.20666666666667,6.375,7.16666666666667,6.92857142857143,6.91538461538462,30,16,3,7,39,1756,1057,699,108,504,1252,6.75987695899772,7.18035950804162,6.1240399713877,6.30138888888889,6.71531746031746,6.7778146485623,84
"84",2010,11,6.7421052631579,76,7.34615384615385,6.10540540540541,7.93333333333333,6.71111111111111,6.75172413793103,39,37,3,18,58,1832,1096,736,111,522,1310,6.75913970524017,7.18625912408759,6.12310317934783,6.34549549549549,6.7151724137931,6.77665949618321,85
"85",2010,12,6.60942028985507,69,7.05833333333333,6.11969696969697,6.3,5.91071428571429,6.78727272727273,36,33,5,14,55,1901,1132,769,116,536,1365,6.75370538663861,7.18219081272085,6.12295700910273,6.34353448275862,6.69416044776119,6.77708713553113,86
"86",2011,1,7.02974025974026,77,7.42596153846154,6.2056,6.125,6.92307692307692,7.05140625,52,25,4,13,64,1978,1184,794,120,549,1429,6.76445093023256,7.19289695945946,6.12555911838791,6.33625,6.6995810564663,6.78937294611616,87
"87",2011,2,6.36244186046512,43,7.06521739130435,5.55425,6.3,4.973125,6.68,23,20,5,8,35,2021,1207,814,125,557,1464,6.75589754576942,7.19046396023198,6.11152203931204,6.3348,6.67478456014363,6.7867581557377,88
"88",2011,3,6.46875,64,6.98636363636364,5.91774193548387,5.5,6.92777777777778,6.28913043478261,33,31,4,18,46,2085,1240,845,129,575,1510,6.74708342446043,7.18503225806451,6.10441294674556,6.30891472868217,6.68270434782609,6.77159863576159,89
"89",2011,4,6.93,53,7.33685714285714,6.13888888888889,6.66666666666667,6.68181818181818,6.995,35,18,3,11,42,2138,1275,863,132,586,1552,6.75161783910196,7.1892,6.10513202780997,6.31704545454545,6.68268771331058,6.77764429123711,90
"90",2011,5,6.81086934782609,46,7.61428535714286,5.56111111111111,4.98333333333333,8.23333166666667,6.5975,28,18,6,6,40,2184,1303,881,138,592,1592,6.75286581043956,7.19833460475825,6.09401695800227,6.25905797101449,6.69840369932432,6.77311805276382,91
"91",2011,6,6.79431818181818,44,7.318,6.10526315789474,7,6.1,6.88333333333333,25,19,2,5,39,2228,1328,900,140,597,1631,6.75368443895871,7.20058734186747,6.09425437777778,6.26964285714286,6.69339194304858,6.77575348865726,92
"92",2011,7,6.62682926829268,41,7.328,5.53125,5.33333333333333,6.8,6.57096774193548,25,16,3,10,31,2269,1353,916,143,607,1662,6.75139221242838,7.20294160384331,6.08442024017467,6.25,6.69514825370675,6.77193377858002,93
"93",2011,8,6.68518518518519,54,7.27931034482759,5.996,6.3,6.76666666666667,6.65384615384615,29,25,4,15,39,2323,1382,941,147,622,1701,6.74985317692639,7.2045441316932,6.0820711370882,6.25136054421769,6.69687297427653,6.76922630217519,94
"94",2011,9,6.52380952380952,42,7.07142857142857,6.25,6.25,5.5,6.66216216216216,14,28,4,5,37,2365,1396,969,151,627,1738,6.74583887103594,7.20320916189112,6.08692357069144,6.25132450331126,6.68732853269537,6.7669470310702,95
"95",2011,10,6.77384615384615,65,7.45526315789474,5.81481481481481,7,6.83333333333333,6.76037735849057,38,27,1,12,53,2430,1434,996,152,639,1791,6.74658803703704,7.20988841701534,6.07954712851406,6.25625,6.69007040688576,6.7667526186488,96
"96",2011,11,6.758,50,7.15,6.33333333333333,6.5,6.625,6.78333333333333,26,24,2,8,42,2480,1460,1020,154,647,1833,6.74681811693548,7.2088219109589,6.08551856862745,6.25941558441558,6.68926582689335,6.76713253682488,97
"97",2011,12,6.71691176470588,68,7.03846153846154,6.28448275862069,6.8,6.38461538461539,6.79545454545455,39,29,5,13,55,2548,1499,1049,159,660,1888,6.74601998822606,7.20438958639093,6.0910190085796,6.27641509433962,6.68326513636364,6.76795759533898,98
"98",2012,1,6.51428571428571,70,6.92972972972973,6.04848484848485,6.33333333333333,6.4,6.53114754098361,37,33,3,9,61,2618,1536,1082,162,669,1949,6.73982388464477,7.19777343098958,6.0897217560074,6.27746913580247,6.67945439461883,6.7605458902001,99
"99",2012,2,6.27788461538462,52,6.76730769230769,5.78846153846154,6.8,5.5625,6.40795454545455,26,26,5,8,44,2670,1562,1108,167,677,1993,6.73082731460674,7.19060818822023,6.08265247292419,6.29311377245509,6.66625552437223,6.75276163572504,100
"100",2012,3,6.87467741935484,62,7.37447368421053,6.08333333333333,7.3,7.42857142857143,6.713125,38,24,5,14,48,2732,1600,1132,172,691,2041,6.73409184846266,7.19497499375,6.08266690812721,6.32238372093023,6.68170041968162,6.75182946594806,101
"101",2012,4,6.48333333333333,57,6.78513513513514,5.925,6,7.20833333333333,6.29,37,20,5,12,45,2789,1637,1152,177,703,2086,6.7289669881678,7.18571166157605,6.07992963541667,6.31327683615819,6.69068988620199,6.74186670182167,102
"102",2012,5,6.65769230769231,52,6.97241379310345,6.26086956521739,6.66666666666667,7.2,6.6,29,23,3,5,47,2841,1666,1175,180,708,2133,6.72766241816262,7.18199879351741,6.08347143829787,6.31916666666667,6.69428670903955,6.73874071261134,103
"103",2012,6,6.63793103448276,29,7.11764705882353,5.95833333333333,7,7.75,6.34782608695652,17,12,1,6,23,2870,1683,1187,181,714,2156,6.72675572473868,7.18134877599524,6.08220635214828,6.32292817679558,6.70315824929972,6.73457047309833,104
"104",2012,7,6.65692307692308,52,7.11034482758621,6.08521739130435,6.9,3,6.72862745098039,29,23,4,1,51,2922,1712,1210,185,715,2207,6.72551298083504,7.18014602219626,6.08226358677686,6.3354054054054,6.69797900699301,6.73443314000906,105
"105",2012,8,6.19883720930233,43,6.6,5.91,7.16666666666667,6.0625,6.23,18,25,3,8,35,2965,1730,1235,188,723,2242,6.71787484991568,7.17410982080925,6.07877646963563,6.34867021276596,6.69094742738589,6.72655840321142,106
"106",2012,9,6.22934782608696,46,6.38620689655172,5.96176470588235,5.76666666666667,6.22222222222222,6.23108108108108,29,17,6,9,37,3011,1759,1252,194,732,2279,6.71041146795085,7.16111994883456,6.07718765175719,6.33067010309278,6.68518441256831,6.71851423431329,107
"107",2012,10,6.43636363636364,55,7.24074074074074,5.66071428571429,6,5.72222222222222,6.57608695652174,27,28,4,9,46,3066,1786,1280,198,741,2325,6.7054954109589,7.16232362262038,6.068077296875,6.3239898989899,6.67348851551957,6.71569631827957,108
"108",2012,11,6.30689655172414,58,6.87666666666667,5.69642857142857,6.21428571428571,6.13,6.34375,30,28,7,10,48,3124,1816,1308,205,751,2373,6.69809504801536,7.15760462004405,6.06012151376147,6.32024390243902,6.66625165113182,6.70817275179098,109
"109",2012,12,6.44878048780488,82,6.88372093023256,5.96923076923077,5.625,5.96875,6.56515151515152,43,39,8,16,66,3206,1859,1347,213,767,2439,6.69171831877729,7.1512694943518,6.05748993318486,6.29413145539906,6.65170142112125,6.70430255842558,110
"110",2013,1,6.62784810126582,79,7.08367346938776,5.88333333333333,6.71428571428571,5.5,6.85,49,30,7,13,66,3285,1908,1377,220,780,2505,6.69018232267884,7.14953353773585,6.05369567175018,6.3075,6.6325063974359,6.70814129341317,111
"111",2013,2,6.77230769230769,65,6.92,6.536,7.1,6.95555555555556,6.74285714285714,40,25,5,9,56,3350,1948,1402,225,789,2561,6.6917758,7.14482032340862,6.06229596291013,6.32511111111111,6.63619136882129,6.70890040609137,112
"112",2013,3,6.80223880597015,67,7.05813953488372,6.34375,6,6.3,6.89035087719298,43,24,6,10,57,3417,1991,1426,231,799,2618,6.69394174129353,7.14294826217981,6.06703291725105,6.31666666666666,6.63198371714643,6.71285100840336,113
"113",2013,4,6.46666666666667,60,6.82647058823529,5.99615384615385,5.35714285714286,6.7,6.42,34,26,7,10,50,3477,2025,1452,238,809,2668,6.6900198245614,7.13763456296296,6.06576373278237,6.28844537815126,6.63282446229914,6.70736279610195,114
"114",2013,5,6.97213114754098,61,7.60857142857143,6.11538461538461,6,6.11818181818182,7.16,35,26,8,11,50,3538,2060,1478,246,820,2718,6.69488381288864,7.14563591747573,6.06663663058187,6.2790650406504,6.6259207195122,6.71568945548197,115
"115",2013,6,6.52619047619048,42,7.05769230769231,5.6625,6.95,6.86666666666667,6.46944444444444,26,16,2,6,36,3580,2086,1494,248,826,2754,6.69290472905028,7.14453978427612,6.06230852744311,6.28447580645161,6.62766947941889,6.7124705664488,116
"116",2013,7,6.59344262295082,61,7.14722222222222,5.796,5.13333333333333,6.31818181818182,6.654,36,25,3,11,50,3641,2122,1519,251,837,2804,6.69123837681955,7.14458529217719,6.05792556945359,6.2707171314741,6.6236021385902,6.71142793865906,117
"117",2013,8,6.653125,48,7.245,5.66666666666667,6,6.7375,6.63625,30,18,3,8,40,3689,2152,1537,254,845,2844,6.69074245866088,7.14598512546468,6.05334348731295,6.26751968503937,6.62468046153846,6.71037058368495,118
"118",2013,9,6.72166666666667,60,7.0575,6.05,6.66666666666667,7.25,6.64038461538462,40,20,3,8,52,3749,2192,1557,257,853,2896,6.69123737796746,7.14437043339416,6.05330053949904,6.27217898832685,6.63054512309496,6.70911392955801,119
"119",2013,10,6.69245283018868,53,6.7547619047619,6.45454545454545,NA,6.79090909090909,6.66666666666667,42,11,0,11,42,3802,2234,1568,257,864,2938,6.69125432140978,7.13704565353626,6.05611539540817,6.27217898832685,6.63258679398148,6.70850712729748,120
"120",2013,11,6.43037974683544,79,6.71555555555556,6.05294117647059,6.45,5.65384615384615,6.58333333333333,45,34,8,13,66,3881,2279,1602,265,877,3004,6.68594406853903,7.12872311978938,6.05604802746567,6.27754716981132,6.6180786659065,6.70575697070572,121
"121",2013,12,6.41381578947368,76,6.84342105263158,5.98421052631579,5.5,6.05,6.50327868852459,38,38,7,15,61,3957,2317,1640,272,892,3065,6.68071744503411,7.12404401812689,6.0543835,6.25753676470588,6.6085257735426,6.70172722349103,122
"122",2014,1,6.47445544554455,101,6.8171875,5.88162162162162,6.01833333333333,6.45894736842105,6.47804878048781,64,37,12,19,82,4058,2381,1677,284,911,3147,6.67558376786594,7.1157958798824,6.05057181872391,6.24742957746479,6.60540613611416,6.69589893231649,123
"123",2014,2,6.70730158730159,63,6.98717948717949,6.2525,6.08333333333333,5.95833333333333,6.88352941176471,39,24,6,12,51,4121,2420,1701,290,923,3198,6.6760686556661,7.11372313636363,6.05342089359201,6.24403448275862,6.59699348862405,6.69889116322702,124
"124",2014,3,6.82954545454545,44,7.25,6.22222222222222,5.9375,6.5,6.8625,26,18,8,4,40,4165,2446,1719,298,927,3238,6.67769001920768,7.1151717048242,6.05518844677138,6.23580536912752,6.5965749622438,6.70091227300803,125
"125",2014,4,6.7030303030303,66,7.1875,5.95769230769231,6.8,6.71818181818182,6.7,40,26,5,11,55,4231,2486,1745,303,938,3293,6.67808530607421,7.11633547465808,6.05373578223496,6.24511551155115,6.5980010554371,6.70089703613726,126
"126",2014,5,6.69827586206897,58,6.82978723404255,6.13636363636364,5,6.85,6.66666666666667,47,11,1,10,48,4289,2533,1756,304,948,3341,6.67835834227092,7.11101855112515,6.05425338268793,6.2410197368421,6.6006592721519,6.70040524992517,127
"127",2014,6,6.38030303030303,66,6.81666666666667,5.85666666666667,6,6.8375,6.31724137931035,36,30,3,8,58,4355,2569,1786,307,956,3399,6.67384131572905,7.10689372907746,6.0509344568869,6.238664495114,6.60264120292887,6.69386700205943,128
"128",2014,7,6.06271186440678,59,6.68684210526316,4.93333333333333,5.5,5.76,6.16590909090909,38,21,3,15,44,4414,2607,1807,310,971,3443,6.66567261667422,7.10077099731492,6.03794628666298,6.23151612903226,6.58962408856848,6.68711993610224,129
"129",2014,8,6.51268656716418,67,6.89642857142857,5.868,6.41666666666667,6.7,6.46759259259259,42,25,6,13,54,4481,2649,1832,316,984,3497,6.66338516625753,7.09753114005285,6.03562715065502,6.23503164556962,6.59108230691057,6.68373003717472,130
"130",2014,9,6.36194029850746,67,6.96547619047619,5.348,6.23333333333333,6.07916666666667,6.42363636363636,42,25,3,12,55,4548,2691,1857,319,996,3552,6.65894435576077,7.09547008175399,6.02636991922456,6.23501567398119,6.58491464859438,6.67970268581081,131
"131",2014,10,6.735,60,6.915,6.375,7,6.85714285714286,6.7188679245283,40,20,2,7,53,4608,2731,1877,321,1003,3605,6.65993466362847,7.09282679970707,6.03008467767715,6.23978193146417,6.58681454636092,6.68027848543689,132
"132",2014,11,6.50466666666667,75,6.97840909090909,5.83225806451613,5.88,6.19583333333333,6.56349206349206,44,31,5,12,63,4683,2775,1908,326,1015,3668,6.65744798846893,7.09101260900901,6.02687051362684,6.23426380368098,6.58219210837438,6.67827261177753,133
"133",2014,12,6.474375,80,6.8625,5.75357142857143,5.0125,6.33333333333333,6.49926470588235,52,28,8,12,68,4763,2827,1936,334,1027,3736,6.65437306949401,7.08680933498408,6.02291784090909,6.205,6.57928431353457,6.6750144379015,134
"134",2015,1,6.39666666666667,120,6.86962025316456,5.48536585365854,6,6.28333333333333,6.40925925925926,79,41,9,12,108,4883,2906,1977,343,1039,3844,6.64803992013106,7.08090502064694,6.01176982296409,6.19962099125364,6.5758662078922,6.66754785119667,135
"135",2015,2,6.671,80,6.99791666666667,6.180625,6.25,7.5625,6.57194444444444,48,32,6,8,72,4963,2954,2009,349,1047,3916,6.6484100201491,7.07955653012864,6.01445940268791,6.20048710601719,6.58340495702006,6.66579007660878,136
"136",2015,3,6.60915492957746,71,6.855,6.02380952380952,6,6.56818181818182,6.61666666666667,50,21,3,11,60,5034,3004,2030,352,1058,3976,6.64785636273341,7.07581890479361,6.01455612807882,6.19877840909091,6.58324668241966,6.665048777666,137
"137",2015,4,6.4,74,6.6093023255814,6.10967741935484,5.42857142857143,6.3,6.40724637681159,43,31,7,5,69,5108,3047,2061,359,1063,4045,6.64426564800313,7.06923531014112,6.01598687045124,6.18376044568245,6.58191438381938,6.66065115945612,138
"138",2015,5,6.3995,60,6.88147058823529,5.76923076923077,5.425,5.92444444444444,6.48333333333333,34,26,4,9,51,5168,3081,2087,363,1072,4096,6.64142394156346,7.06716325543655,6.01291276473407,6.17539944903581,6.57639458022388,6.65844334472656,139
"139",2015,6,6.65853658536585,41,7.25652173913043,5.89444444444444,5,5.375,6.7972972972973,23,18,2,4,37,5209,3104,2105,365,1076,4133,6.64155863505471,7.06856636275773,6.01189973396675,6.16895890410959,6.57192842936803,6.6596864118074,140
"140",2015,7,6.60818181818182,55,7.28870967741936,5.72916666666667,5.76666666666667,7.58333333333333,6.48877551020408,31,24,6,6,49,5264,3135,2129,371,1082,4182,6.6412099031155,7.0707432185008,6.00871251291686,6.16245283018868,6.57753695933457,6.65768386896222,141
"141",2015,8,6.272,75,6.785,5.68571428571429,5.79166666666667,6.36363636363636,6.25625,40,35,12,11,64,5339,3175,2164,383,1093,4246,6.63602339951301,7.06714330393701,6.00348841959335,6.15083550913838,6.57538425434584,6.6516330522845,142
"142",2015,9,6.255,58,6.63076923076923,5.48368421052632,5.5,5.75,6.29240740740741,39,19,4,4,54,5397,3214,2183,387,1097,4300,6.63192865110246,7.06184816116988,5.99896424186899,6.14410852713178,6.57237464904285,6.64712184651163,143
"143",2015,10,6.17440476190476,84,6.73804347826087,5.4921052631579,5.66666666666667,5.61538461538461,6.27676056338028,46,38,9,13,71,5481,3260,2221,396,1110,4371,6.62491679073161,7.05727913803681,5.99029218370104,6.13325757575758,6.56116665765766,6.64110591169069,144
"144",2015,11,6.16588235294118,85,6.88181818181818,4.85333333333333,6.4,6.91666666666667,6.10886075949367,55,30,4,6,79,5566,3315,2251,400,1116,4450,6.61790674272368,7.05436802111614,5.9751394669036,6.135925,6.56307794802867,6.63165706516854,145
"145",2015,12,6.40227272727273,88,6.88,5.60606060606061,5.80769230769231,6.60833333333333,6.36973684210526,55,33,13,12,76,5654,3370,2284,413,1128,4526,6.61455057127697,7.05152225222552,5.96980689141857,6.12559322033898,6.56355938829787,6.62725893504198,146
"146",2016,1,6.45,120,6.78421052631579,5.87272727272727,5.7,5.68461538461538,6.54299065420561,76,44,10,13,107,5774,3446,2328,423,1141,4633,6.6111307464496,7.04562681079512,5.96797205326461,6.11553191489362,6.55354512708151,6.62531274336283,147
"147",2016,2,6.38561643835616,73,7.04431818181818,5.38620689655172,5.55555555555556,6.45384615384615,6.37083333333333,44,29,9,13,60,5847,3490,2357,432,1154,4693,6.60831519240636,7.04561031232092,5.96081414509971,6.10386574074074,6.5524220017331,6.62205922437673,148
"148",2016,3,6.2936,75,6.51666666666667,6.00969696969697,6.1,5.77272727272727,6.383125,42,33,10,11,64,5922,3532,2390,442,1165,4757,6.60432943768997,7.03932049546999,5.96148909623431,6.10377828054299,6.54506007725322,6.6188446373765,149
"149",2016,4,6.02727272727273,77,6.8948717948718,5.13684210526316,4.77777777777778,7,5.98783783783784,39,38,9,3,74,5999,3571,2428,451,1168,4831,6.59692264210701,7.03774292635116,5.94858275947282,6.07731707317073,6.54622858732877,6.60917903953633,150
"150",2016,5,6.73373493975904,83,7.00645161290323,5.92857142857143,3.8,6.375,6.772,62,21,5,8,75,6082,3633,2449,456,1176,4906,6.59878969582374,7.03720891549684,5.9484111637403,6.05234649122807,6.5450637670068,6.61166814920505,151
"151",2016,6,6.2304347826087,69,6.83333333333333,5.44666666666667,6,5.375,6.34262295081967,39,30,5,8,61,6151,3672,2479,461,1184,4967,6.59465760526743,7.03504357026144,5.94233922549415,6.05177874186551,6.53715793074324,6.60836399033622,152
"152",2016,7,6.66851851851852,81,6.88139534883721,6.42763157894737,5.34375,6.26666666666667,6.71875,43,38,8,9,72,6232,3715,2517,469,1193,5039,6.59561760750962,7.03326513862719,5.94966584823202,6.03970149253731,6.53511734283319,6.60994124627902,153
"153",2016,8,6.56185567010309,97,6.77777777777778,6.16176470588235,5.5,6.27272727272727,6.59883720930233,63,34,6,11,86,6329,3778,2551,475,1204,5125,6.59510016274293,7.02900476177872,5.9524927244218,6.03288421052632,6.53272009136213,6.60975491512195,154
"154",2016,9,6.62941176470588,68,6.93720930232558,6.1,6.2,6,6.71333333333333,43,25,5,8,60,6397,3821,2576,480,1212,5185,6.59546489448179,7.02797173253075,5.95392427795031,6.034625,6.52920378712871,6.61095350819672,155
"155",2016,10,6.23463917525773,97,6.59242424242424,5.47290322580645,5.27,5.76923076923077,6.30666666666667,66,31,8,13,84,6494,3887,2607,488,1225,5269,6.590075289498,7.02057627733471,5.94820442654392,6.02209016393443,6.52113876734694,6.60610247485291,156
"156",2016,11,6.39626923076923,104,6.72675,5.8675,6.22,5.668,6.46526315789474,64,40,10,9,95,6598,3951,2647,498,1234,5364,6.5870204501364,7.01581675272083,5.94698486588591,6.02606425702811,6.51491652350081,6.60360811707681,157
"157",2016,12,6.62630927835052,97,7.08632258064516,5.81142857142857,5.67142857142857,5.943,6.74156626506024,62,35,7,14,83,6695,4013,2682,505,1248,5447,6.58758968334578,7.01690605282831,5.94521586129754,6.02114851485148,6.50850079326923,6.60571028823205,158
"158",2017,1,6.35416666666667,144,6.86470588235294,5.61864406779661,5.65,5.625,6.39705882352941,85,59,10,8,136,6839,4098,2741,515,1256,5583,6.58267479602281,7.01374914348463,5.93818640642102,6.01394174757281,6.50287339968153,6.60062760881247,159
"159",2017,2,6.11685393258427,89,6.59803921568627,5.47105263157895,4.58333333333333,5.71428571428571,6.15121951219512,51,38,6,7,82,6928,4149,2779,521,1263,5665,6.5766906654157,7.00863918775609,5.93179882691616,5.99746641074856,6.49850276326208,6.59412249602824,160
"160",2017,3,6.34652631578947,95,6.67868852459016,5.75058823529412,6.5,6.28,6.36315789473684,61,34,2,19,76,7023,4210,2813,523,1282,5741,6.57357723622383,7.00385842992874,5.9296085815855,5.99938814531549,6.49526442277691,6.59106496080822,161
"161",2017,4,6.32977528089888,89,6.78452380952381,5.92340425531915,5.31,6.18636363636364,6.35,42,47,10,11,78,7112,4252,2860,533,1293,5819,6.57052628374578,7.00169190733772,5.92950662237762,5.98645403377111,6.49263649651972,6.58783363808215,162
"162",2017,5,6.49701492537313,67,6.925,5.86296296296296,5,6.09090909090909,6.57678571428571,40,27,5,11,56,7179,4292,2887,538,1304,5875,6.56984021869341,7.00097716449208,5.92888428818843,5.97728624535316,6.48924769171779,6.58772833021277,163
"163",2017,6,6.65546875,64,7.35,5.81724137931035,5.4,7.16666666666667,6.57181818181818,35,29,5,9,55,7243,4327,2916,543,1313,5930,6.57059684246859,7.00380032123873,5.92777398491084,5.97197053406998,6.49389108149276,6.58758076559865,164
"164",2017,7,6.33714285714286,70,6.945,5.52666666666667,6.16666666666667,5.78,6.43,40,30,9,10,60,7313,4367,2946,552,1323,5990,6.56836222207028,7.00326173345546,5.92368938900204,5.97514492753623,6.48849507936508,6.58600232721202,165
"165",2017,8,6.75180722891566,83,7.416,5.74545454545455,6.66666666666667,6.91666666666667,6.73896103896104,50,33,3,6,77,7396,4417,2979,555,1329,6067,6.57042089372634,7.00793388951777,5.92171498489426,5.97888288288288,6.49042813393529,6.58794361958134,166
"166",2017,9,6.23666666666667,84,6.45192307692308,5.886875,5.75,5.75,6.24853658536585,52,32,8,2,82,7480,4469,3011,563,1331,6149,6.56667285160428,7.00146430745133,5.92134471604118,5.97563055062167,6.48931554470323,6.58341745649699,167
"167",2017,10,6.44753086419753,81,6.88839285714286,5.46,7,6.5,6.44178082191781,56,25,1,8,73,7561,4525,3036,564,1339,6222,6.56539649914032,7.00006497016575,5.91754576416337,5.97744680851064,6.48937938013443,6.58175569591771,168
"168",2017,11,6.6063829787234,94,6.85344827586207,6.20833333333333,6.25,6.46818181818182,6.62469879518072,58,36,7,11,83,7655,4583,3072,571,1350,6305,6.56589979490529,6.99820946759764,5.92095343098959,5.9807880910683,6.48920665925926,6.58232100555115,169
"169",2017,12,6.43888888888889,108,6.67605633802817,5.98378378378378,6.18,5.67857142857143,6.55212765957447,71,37,5,14,94,7763,4654,3109,576,1364,6399,6.56413280046374,6.99329479802321,5.92170117079447,5.98251736111111,6.48088635630498,6.58187747147992,170
"170",2018,1,6.33565891472868,129,6.5943661971831,6.01896551724138,6.2,6.15833333333333,6.35384615384615,71,58,16,12,117,7892,4725,3167,592,1376,6516,6.56039824252407,6.98730031534391,5.92348245658352,5.98839527027027,6.47807339389535,6.57778298649478,171
"171",2018,2,6.60647058823529,85,7.02589285714286,5.79655172413793,5.75714285714286,7.15,6.534,56,29,14,10,75,7977,4781,3196,606,1386,6591,6.56088917262128,6.9877523509726,5.92233070713392,5.98305280528053,6.48292134920635,6.57728477317554,172
"172",2018,3,6.64849315068493,73,6.95090909090909,6.18965517241379,6.625,6.375,6.66434782608696,44,29,8,4,69,8050,4825,3225,614,1390,6660,6.56168359378882,6.98741637098445,5.92473455503876,5.99141693811075,6.48261078417266,6.57818677777778,173
"173",2018,4,6.10533333333333,75,6.6531914893617,5.18571428571429,5.5,6.125,6.10298507462687,47,28,4,8,67,8125,4872,3253,618,1398,6727,6.55747112984615,6.98419211617405,5.91837348293883,5.98823624595469,6.48056437052933,6.57345383380407,174
"174",2018,5,6.25582417582418,91,6.40192307692308,6.06102564102564,6.18,6.20769230769231,6.26384615384615,52,39,11,13,78,8216,4924,3292,629,1411,6805,6.55413010345667,6.97804305239642,5.9200634690158,5.99158982511924,6.47805031183558,6.56990506098457,175
"175",2018,6,6.43141666666667,60,6.76709302325581,5.58235294117647,6.25,6,6.46223214285714,43,17,2,4,56,8276,4967,3309,631,1415,6861,6.55324044586757,6.97621682907187,5.9183284799033,5.9924088748019,6.47669893286219,6.5690262264976,176
"176",2018,7,6.22109375,64,6.65333333333333,5.19736842105263,5.5,5.59375,6.31071428571429,45,19,2,8,56,8340,5012,3328,633,1423,6917,6.55069159832134,6.97331783519553,5.914212421875,5.99085308056872,6.47173505973296,6.56693493422004,177
"177",2018,8,6.41973684210526,76,6.87755102040816,5.58888888888889,6.625,6.85714285714286,6.37536231884058,49,27,4,7,69,8416,5061,3355,637,1430,6986,6.54950902210076,6.97239063228611,5.91159431892698,5.99483516483516,6.47362167132867,6.56504279129688,178
"178",2018,9,6.15972972972973,74,6.63227272727273,5.46666666666667,5.25,6.5,6.12970588235294,44,30,4,6,68,8490,5105,3385,641,1436,7054,6.54611165253239,6.96945915572968,5.9076510901034,5.9901872074883,6.47373188718663,6.56084617805501,179
"179",2018,10,6.39266666666667,90,6.7053125,5.62307692307692,5.4375,6.4,6.39108108108108,64,26,8,16,74,8580,5169,3411,649,1452,7128,6.54450208974359,6.96618862255755,5.9054819525066,5.98337442218798,6.47291941460055,6.55908374579125,180
"180",2018,11,6.27764705882353,85,6.3719298245614,6.08571428571429,8,6.44444444444444,6.2578947368421,57,28,1,9,76,8665,5226,3439,650,1461,7204,6.5418843542989,6.95970703980099,5.90694938644955,5.98647692307692,6.47274400410677,6.55590629372571,181
"181",2018,12,6.57247191011236,89,6.89722222222222,6.07142857142857,6.79166666666667,6.9375,6.49246575342466,54,35,12,16,73,8754,5280,3474,662,1477,7277,6.54219533127713,6.9590679905303,5.90860648819805,6.00107250755287,6.47777859851049,6.55526988319362,182
"182",2019,1,6.2530534351145,131,6.53651685393258,5.65238095238095,5.4375,6.0625,6.2795652173913,89,42,8,16,115,8885,5369,3516,670,1493,7392,6.53793223747889,6.95206351089588,5.90554577360637,5.99434328358209,6.47332819156061,6.55098064664502,183
"183",2019,2,6.52710843373494,83,6.67058823529412,6.2984375,4.5,5.5,6.57911392405063,51,32,2,4,79,8968,5420,3548,672,1497,7471,6.5378320617752,6.94941494280442,5.90908932919955,5.98989583333333,6.47072744822979,6.55127813411859,184
"184",2019,3,6.62363636363636,77,7.0704,5.7962962962963,5.75,6.2,6.68686567164179,50,27,6,10,67,9045,5470,3575,678,1507,7538,6.5385625129906,6.95052083912248,5.90823746573427,5.98777286135693,6.46893098208361,6.55248327673123,185
"185",2019,4,6.30307692307692,78,6.7728,5.46428571428571,5.75,6.6,6.24909090909091,50,28,8,12,66,9123,5520,3603,686,1519,7604,6.53654915378713,6.94891104891304,5.90478738273661,5.985,6.46996641869651,6.54984993950552,186
"186",2019,5,6.36031746031746,63,6.57727272727273,5.85789473684211,5,5.8,6.40862068965517,44,19,3,5,58,9186,5564,3622,689,1524,7662,6.53534051055954,6.94597214054637,5.90454139701823,5.98071117561683,6.46776836614173,6.54878085878361,187
"187",2019,6,6.43875,72,6.86880952380952,5.83666666666667,6.16666666666667,6.68333333333333,6.38983333333333,42,30,6,12,60,9258,5606,3652,695,1536,7722,6.5345893205876,6.94539404031395,5.90398382803943,5.98231654676259,6.46945246744792,6.54754583527584,188
"188",2019,7,6.3831556,75,6.75958339285714,5.27368421052632,6.26666666666667,7.14285714285714,6.30495102941176,56,19,3,7,68,9333,5662,3671,698,1543,7790,6.53337239901425,6.94355628046626,5.90072158539908,5.98353868194842,6.47250744653273,6.54542819127086,189
"189",2019,8,6.4215,80,6.63272727272727,5.9568,6.66666666666667,6.78571428571429,6.38657534246575,55,25,6,7,73,9413,5717,3696,704,1550,7863,6.53242160841389,6.94056597166346,5.90110090367966,5.98936079545454,6.47392192903226,6.54395340328119,190
"190",2019,9,6.50263157894737,76,6.93,5.68076923076923,4.75,6.65,6.48030303030303,50,26,4,10,66,9489,5767,3722,708,1560,7929,6.53218301190852,6.9404743644876,5.89956177861365,5.98235875706215,6.47505063461538,6.54342358557195,191
"191",2019,10,6.4105376344086,93,6.7528125,5.6551724137931,7,6.375,6.41388235294118,64,29,3,8,85,9582,5831,3751,711,1568,8014,6.53100235858902,6.93841462184874,5.89767233804319,5.98665260196906,6.47454017219388,6.54204961442476,192
"192",2019,11,6.45139534883721,86,6.82588235294118,5.90571428571429,5.125,6.25,6.47205128205128,51,35,8,8,78,9668,5882,3786,719,1576,8092,6.53029422838229,6.93743890853451,5.89774668251453,5.97706536856745,6.47340037436548,6.54137489001483,193
"193",2019,12,6.21415094339623,106,6.6768115942029,5.35135135135135,5.33333333333333,5.82777777777778,6.29318181818182,69,37,6,18,88,9774,5951,3823,725,1594,8180,6.52686562308164,6.93441701562762,5.89245852471881,5.97173793103448,6.4661097804266,6.53870484229829,194
"194",2020,1,6.46589552238806,134,6.98607142857143,5.592,5.78888888888889,6.30769230769231,6.48289256198347,84,50,9,13,121,9908,6035,3873,734,1607,8301,6.52604103754541,6.93513598342999,5.88857963852311,5.96949591280654,6.46482824517735,6.53789129141067,195
"195",2020,2,6.33969537634409,93,6.58875666666667,5.81666666666667,4.5,6.61,6.32754685393258,63,30,3,4,89,10001,6098,3903,737,1611,8390,6.52430819618038,6.9315574499836,5.88802688701,5.96351424694708,6.46518869646182,6.53565998569726,196
"196",2020,3,6.11918604651163,86,6.48584905660377,5.53030303030303,5.7,5.6875,6.16346153846154,53,33,5,8,78,10087,6151,3936,742,1619,8468,6.52085419549915,6.92771701024223,5.88502767784553,5.96173854447439,6.4613458863496,6.53223161076996,197
"197",2020,4,6.40149253731343,67,6.84893617021277,5.35,5,6.525,6.38474576271186,47,20,2,8,59,10154,6198,3956,744,1627,8527,6.52006660133937,6.92711960793804,5.88232278564207,5.95915322580645,6.46165887523049,6.53121112700833,198
"198",2020,5,6.31071428571429,70,6.559375,5.76818181818182,6,6,6.31521739130435,48,22,5,1,69,10224,6246,3978,749,1628,8596,6.51863324237089,6.92429352065322,5.88169153846154,5.9594259012016,6.4613753009828,6.52947734760354,199
"199",2020,6,6.29545454545455,66,6.70652173913043,5.35,5.33333333333333,6.8125,6.22413793103448,46,20,3,8,58,10290,6292,3998,752,1636,8654,6.5172017755102,6.92270141926255,5.87903175087544,5.95692819148936,6.46309229217604,6.52743093136122,200
"200",2020,7,6.43,72,6.75756097560976,5.99677419354839,5.86666666666667,6.31666666666667,6.44030303030303,41,31,6,6,66,10362,6333,4029,758,1642,8720,6.51659585697741,6.92163229591031,5.87993768677091,5.95621372031662,6.46255724116931,6.52677147706422,201
"201",2020,8,6.65456144736842,76,7.03207547169811,5.78463782608696,6.25,6.5,6.66780957142857,53,23,6,6,70,10438,6386,4052,764,1648,8790,6.5176003966277,6.92254890854995,5.87939674481738,5.95852094240838,6.4626935618932,6.52789464732651,202
"202",2020,9,6.31183333333333,60,6.62394736842105,5.77272727272727,5.75,5.86,6.35290909090909,38,22,2,5,55,10498,6424,4074,766,1653,8845,6.51642436083063,6.92078258561643,5.8788207191949,5.95797650130548,6.4608705323654,6.52680655172414,203
"203",2020,10,6.33373333333333,75,6.66403846153846,5.58695652173913,5.08333333333333,6.42857142857143,6.32397058823529,52,23,6,7,68,10573,6476,4097,772,1660,8913,6.51512843469214,6.91872102069178,5.87718223334147,5.95117875647668,6.4607343313253,6.52525905419051,204
"204",2020,11,6.15873684210526,95,6.573,5.44857142857143,4.875,4.31666666666667,6.28292134831461,60,35,4,6,89,10668,6536,4132,776,1666,9002,6.51195471878515,6.91554732711138,5.87355169651501,5.94563144329897,6.45301259903962,6.52286313596978,205
"205",2020,12,6.21713729411765,85,6.65362578947368,5.32857142857143,2.5,5.98,6.26795242857143,57,28,2,15,70,10753,6593,4160,778,1681,9072,6.50962425462661,6.91328287577734,5.86988356009616,5.93677377892031,6.44879178465199,6.52089623236332,206
"206",2021,1,6.30146768656716,134,6.56027494845361,5.62297297297297,5.18181818181818,5.39090909090909,6.38289975609756,97,37,11,11,123,10887,6690,4197,789,1692,9195,6.5070622099752,6.90816452466367,5.86770684060043,5.9262484157161,6.44191429669031,6.51905027623709,207
"207",2021,2,6.578125,64,6.88775510204082,5.56666666666667,6.25,6.83333333333333,6.55172413793103,49,15,2,6,58,10951,6739,4212,791,1698,9253,6.50747751620856,6.90801612553791,5.86663476020893,5.92706700379267,6.44329740282685,6.51925508375662,208
"208",2021,3,6.20291358024691,81,6.46840677966102,5.49090909090909,5.4,5.64844444444444,6.27222222222222,59,22,2,9,72,11032,6798,4234,793,1707,9325,6.50524132342277,6.90420074580759,5.86468247756259,5.92573770491803,6.43910661394259,6.51734769865952,209
"209",2021,4,6.54944444444444,72,6.8392,5.89090909090909,5.925,6.57,6.54791044776119,50,22,2,5,67,11104,6848,4256,795,1712,9392,6.50552794308357,6.90372614924065,5.86481804746241,5.9257358490566,6.43948889602804,6.51756572508518,210
"210",2021,5,6.30826666666667,75,6.75192307692308,5.30521739130435,5.35714285714286,6.22222222222222,6.32,52,23,7,9,66,11179,6900,4279,802,1721,9458,6.50420451560962,6.90258212608695,5.86181014489367,5.92077306733167,6.43835269610691,6.51618706809051,211
"211",2021,6,6.28448275862069,58,6.72857142857143,5.60869565217391,6.5,6,6.33,35,23,2,8,50,11237,6935,4302,804,1729,9508,6.50307041737118,6.90170391780821,5.86045690609019,5.92221393034826,6.43632445922499,6.5152079606647,212
"212",2021,7,6.71345454545455,55,6.93891891891892,6.25,6.5,7.35714285714286,6.61958333333333,37,18,2,7,48,11292,6972,4320,806,1736,9556,6.50409513637973,6.90190141566265,5.86208000231482,5.9236476426799,6.44003743663594,6.51573224047719,213
"213",2021,8,6.15194444444444,72,6.37866666666667,5.77407407407407,6.25,4.5,6.24911764705882,45,27,2,4,68,11364,7017,4347,808,1740,9624,6.50186398099261,6.89854591278324,5.86153338164251,5.92445544554455,6.43557758045977,6.51384842996675,214
"214",2021,9,6.16542372881356,59,6.50684210526316,5.54761904761905,4,7,6.12071428571429,38,21,1,3,56,11423,7055,4368,809,1743,9680,6.50012626105226,6.89643609780297,5.86002417811356,5.92207663782447,6.43654904761905,6.51157410020661,215
"215",2021,10,6.20958904109589,73,6.75531914893617,5.22307692307692,4.3,6.75,6.17826086956522,47,26,5,4,69,11496,7102,4394,814,1747,9749,6.49828133959638,6.89550220642072,5.8562552594447,5.91211302211302,6.43726673726388,6.50921502615653,216
"216",2021,11,6.18,68,6.48232558139535,5.66,5.25,6.5,6.16,43,25,4,4,64,11564,7145,4419,818,1751,9813,6.4964097440332,6.89301562911126,5.85514496718715,5.90887530562347,6.43741004568818,6.50693745949251,217
"217",2021,12,6.3526333,100,6.72342718309859,5.4448275862069,4.33333333333333,6.61538461538461,6.3133716091954,71,29,3,13,87,11664,7216,4448,821,1764,9900,6.49517709276406,6.89134700665188,5.85246978642087,5.90311814859927,6.43872164965986,6.50523642626263,218
"218",2022,1,6.55044446666667,150,6.78294875,6.02478260869565,5.96666666666667,7.15,6.48872551470588,104,46,6,14,136,11814,7320,4494,827,1778,10036,6.49587881157948,6.88980692213114,5.85423355807744,5.9035792019347,6.44432226659168,6.50501268333998,219
"219",2022,2,6.40084392405063,79,6.68014191489362,5.990625,6.33333333333333,6.9,6.36711716216216,47,32,3,5,74,11893,7367,4526,830,1783,10110,6.49524753636593,6.88846930093661,5.85519788113124,5.90513253012048,6.44560010656197,6.50400335905045,220
"220",2022,3,6.503125,80,6.72,6.14166666666667,6,7,6.30263157894737,50,30,1,23,57,11973,7417,4556,831,1806,10167,6.49530017121857,6.88733360388297,5.85708419885865,5.90524669073406,6.45266057032115,6.50287439362644,221
"221",2022,4,6.3830985915493,71,6.86122448979592,5.31818181818182,5,5.55555555555556,6.50322580645161,49,22,4,9,62,12044,7466,4578,835,1815,10229,6.49463873713052,6.8871622475221,5.85449445391001,5.90091017964072,6.44821211570248,6.50287652360935,222
"222",2022,5,6.22596774193548,62,6.36525,5.97272727272727,5.66666666666667,6.84285714285714,6.14745454545455,40,22,3,7,55,12106,7506,4600,838,1822,10284,6.49326275813646,6.88438094058086,5.85505991521739,5.90007159904535,6.44972831503842,6.50097568650331,223
"223",2022,6,6.32727272727273,66,6.63571428571429,5.7875,7,6.8,6.28852459016393,42,24,1,5,61,12172,7548,4624,839,1827,10345,6.49236271360499,6.88299726285108,5.854709258218,5.90138259833135,6.45068691297208,6.4997229540841,224
"224",2022,7,6.11020408163265,49,6.80322580645161,4.91666666666667,4,5,6.18260869565217,31,18,2,3,46,12221,7579,4642,841,1830,10391,6.49083045168153,6.88267097770154,5.85107186772943,5.89686087990488,6.44830873770492,6.49831911846791,225
"225",2022,8,6.39896103896104,77,6.61803921568627,5.96923076923077,5.5,6.2625,6.41478260869565,51,26,2,8,69,12298,7630,4668,843,1838,10460,6.49025524068954,6.88090214154652,5.85172999357327,5.89591933570581,6.4474999945593,6.49776806500956,226
"226",2022,9,6.20965517241379,58,6.79193548387097,5.54111111111111,6.66666666666667,6.58125,6.1502,31,27,3,8,50,12356,7661,4695,846,1846,10510,6.48893808271285,6.8805421407127,5.84994368690096,5.8986524822695,6.44807962621885,6.49611455375833,227
"227",2022,10,6.52063492063492,63,6.85111111111111,5.69444444444444,6,6.85714285714286,6.47857142857143,45,18,1,7,56,12419,7706,4713,847,1853,10566,6.48909887672115,6.8803702751103,5.84934980055167,5.89877213695395,6.44962492714517,6.49602157486277,228
"228",2022,11,6.19235294117647,85,6.38469387755102,5.93055555555556,5,6,6.19939024390244,49,36,3,3,82,12504,7755,4749,850,1856,10648,6.48708164987204,6.87723834171502,5.84996538429143,5.8956,6.44889816271552,6.49373722389181,229
"229",2022,12,6.48615384615385,65,7.1125,5.70862068965517,6,6.76,6.46333333333333,36,29,1,5,60,12569,7791,4778,851,1861,10708,6.48707685177818,6.87832541907329,5.84910749476769,5.89572267920094,6.44973400859753,6.49356686215913,230
