"","year","month","avg_rating","no_ratings","avg_rating_owned","avg_rating_not_owned","avg_rating_prev_owned","avg_rating_comment","avg_rating_no_comment","no_ratings_owned","no_ratings_not_owned","no_ratings_prev_owned","no_ratings_comment","no_ratings_no_comment","cum_no_ratings","cum_no_ratings_owned","cum_no_ratings_not_owned","cum_no_ratings_prev_owned","cum_no_ratings_comment","cum_no_ratings_no_comment","cum_avg_rating","cum_avg_rating_owned","cum_avg_rating_not_owned","cum_avg_rating_prev_owned","cum_avg_rating_comment","cum_avg_rating_no_comment","month_after_release"
"1",2003,11,8.5,2,8.5,NA,NA,8.5,NA,2,0,0,2,0,2,2,0,0,2,0,8.5,8.5,NA,NA,8.5,NA,-1
"2",2003,12,7.42857142857143,7,6.66666666666667,8,7.33333333333333,6.75,8.33333333333333,3,4,3,4,3,9,5,4,3,6,3,7.66666666666667,7.4,8,7.33333333333333,7.33333333333333,8.33333333333333,0
"3",2004,1,8.4375,8,8.5,8,NA,8.83333333333333,8.2,7,1,0,3,5,17,12,5,3,9,8,8.02941176470588,8.04166666666667,8,7.33333333333333,7.83333333333333,8.25,1
"4",2004,2,7.75,4,7.75,NA,NA,8,7.66666666666667,4,0,0,1,3,21,16,5,3,10,11,7.97619047619048,7.96875,8,7.33333333333333,7.85,8.09090909090909,2
"5",2004,3,6,9,6,6,NA,7.25,5,7,2,0,4,5,30,23,7,3,14,16,7.38333333333333,7.3695652173913,7.42857142857143,7.33333333333333,7.67857142857143,7.125,3
"6",2004,4,7.5,5,7.375,8,NA,NA,7.5,4,1,0,0,5,35,27,8,3,14,21,7.4,7.37037037037037,7.5,7.33333333333333,7.67857142857143,7.21428571428571,4
"7",2004,5,7.5,4,7.5,NA,NA,7.5,7.5,4,0,0,2,2,39,31,8,3,16,23,7.41025641025641,7.38709677419355,7.5,7.33333333333333,7.65625,7.23913043478261,5
"8",2004,6,6.91111111111111,9,7.6,4.5,NA,6.33333333333333,7.2,7,2,0,3,6,48,38,10,3,19,29,7.31666666666667,7.42631578947368,6.9,7.33333333333333,7.44736842105263,7.23103448275862,6
"9",2004,7,7.125,8,7.125,NA,NA,6,7.28571428571429,8,0,0,1,7,56,46,10,3,20,36,7.28928571428571,7.37391304347826,6.9,7.33333333333333,7.375,7.24166666666667,7
"10",2004,8,7.5,3,7.5,NA,NA,6.5,9.5,3,0,0,2,1,59,49,10,3,22,37,7.3,7.38163265306122,6.9,7.33333333333333,7.29545454545455,7.3027027027027,8
"11",2004,9,5,4,5,NA,NA,5,NA,4,0,0,4,0,63,53,10,3,26,37,7.15396825396825,7.20188679245283,6.9,7.33333333333333,6.94230769230769,7.3027027027027,9
"12",2004,10,7.5,12,7.5,NA,NA,7.58333333333333,7.41666666666667,12,0,0,6,6,75,65,10,3,32,43,7.20933333333333,7.25692307692308,6.9,7.33333333333333,7.0625,7.31860465116279,10
"13",2004,11,7,9,6.9375,7.5,7.5,7,7,8,1,1,5,4,84,73,11,4,37,47,7.18690476190476,7.22191780821918,6.95454545454545,7.375,7.05405405405405,7.29148936170213,11
"14",2004,12,6.66666666666667,9,6.91666666666667,6.16666666666667,5.5,7.375,6.1,6,3,2,4,5,93,79,14,6,41,52,7.13655913978495,7.19873417721519,6.78571428571429,6.75,7.08536585365854,7.17692307692308,12
"15",2005,1,7.07894736842105,19,7.25,6.16666666666667,6.5,6.65714285714286,7.325,16,3,2,7,12,112,95,17,8,48,64,7.12678571428571,7.20736842105263,6.67647058823529,6.6875,7.02291666666667,7.2046875,13
"16",2005,2,6.92857142857143,7,6.83333333333333,7.5,7.5,6.83333333333333,7,6,1,1,3,4,119,101,18,9,51,68,7.11512605042017,7.18514851485149,6.72222222222222,6.77777777777778,7.01176470588235,7.19264705882353,14
"17",2005,3,6.85555555555556,9,7.45,5.66666666666667,7,7.54,6,6,3,1,5,4,128,107,21,10,56,72,7.096875,7.2,6.57142857142857,6.8,7.05892857142857,7.12638888888889,15
"18",2005,4,5.82142857142857,14,6.5,5.44444444444444,5.5,6.6,5.38888888888889,5,9,4,5,9,142,112,30,14,61,81,6.97112676056338,7.16875,6.23333333333333,6.42857142857143,7.02131147540984,6.93333333333333,16
"19",2005,5,7.13636363636364,11,7,7.25,6.33333333333333,7.21428571428571,7,5,6,3,7,4,153,117,36,17,68,85,6.98300653594771,7.16153846153846,6.40277777777778,6.41176470588235,7.04117647058824,6.93647058823529,17
"20",2005,6,6.15,10,6.38888888888889,4,NA,5.66666666666667,6.35714285714286,9,1,0,3,7,163,126,37,17,71,92,6.9319018404908,7.10634920634921,6.33783783783784,6.41176470588235,6.9830985915493,6.89239130434783,18
"21",2005,7,6.3,10,6.57142857142857,5.66666666666667,6,6.4,6.2,7,3,1,5,5,173,133,40,18,76,97,6.89537572254335,7.07819548872181,6.2875,6.38888888888889,6.94473684210526,6.85670103092784,19
"22",2005,8,6.8,5,6.8,NA,NA,8,6.5,5,0,0,1,4,178,138,40,18,77,101,6.89269662921348,7.06811594202899,6.2875,6.38888888888889,6.95844155844156,6.84257425742574,20
"23",2005,9,6.77777777777778,9,6.75,7,NA,7,6.71428571428571,8,1,0,2,7,187,146,41,18,79,108,6.88716577540107,7.05068493150685,6.30487804878049,6.38888888888889,6.95949367088608,6.83425925925926,21
"24",2005,10,6.75,6,6.7,7,NA,6.75,6.75,5,1,0,2,4,193,151,42,18,81,112,6.88290155440415,7.03907284768212,6.32142857142857,6.38888888888889,6.95432098765432,6.83125,22
"25",2005,11,6.56666666666667,15,7.4,4.9,NA,6.125,7.07142857142857,10,5,0,8,7,208,161,47,18,89,119,6.86009615384615,7.06149068322981,6.17021276595745,6.38888888888889,6.87977528089888,6.8453781512605,23
"26",2005,12,7.05333333333333,15,7.38,6.4,7.5,6.66,7.25,10,5,2,5,10,223,171,52,20,94,129,6.87309417040359,7.08011695906433,6.19230769230769,6.5,6.86808510638298,6.87674418604651,24
"27",2006,1,6.33846153846154,13,6.45,5,5,6.08,6.5,12,1,1,5,8,236,183,53,21,99,137,6.84364406779661,7.03879781420765,6.16981132075472,6.42857142857143,6.82828282828283,6.85474452554745,25
"28",2006,2,6.30714285714286,14,6.42857142857143,6.18571428571429,5.5,5,7.03333333333333,7,7,2,5,9,250,190,60,23,104,146,6.8136,7.01631578947369,6.17166666666667,6.34782608695652,6.74038461538461,6.86575342465753,26
"29",2006,3,6,10,6.25,5,7,5,6.25,8,2,1,2,8,260,198,62,24,106,154,6.78230769230769,6.98535353535354,6.13387096774194,6.375,6.70754716981132,6.83376623376623,27
"30",2006,4,6.78571428571429,7,6.75,7,NA,6.83333333333333,6.75,6,1,0,3,4,267,204,63,24,109,158,6.78239700374532,6.97843137254902,6.14761904761905,6.375,6.71100917431193,6.83164556962025,28
"31",2006,5,7.35714285714286,14,7.35714285714286,NA,NA,7.41666666666667,7.3125,14,0,0,6,8,281,218,63,24,115,166,6.81103202846975,7.00275229357798,6.14761904761905,6.375,6.74782608695652,6.85481927710843,29
"32",2006,6,6.68181818181818,11,7.16666666666667,4.5,NA,6.1,7.16666666666667,9,2,0,5,6,292,227,65,24,120,172,6.80616438356164,7.00925110132159,6.09692307692308,6.375,6.72083333333333,6.86569767441861,30
"33",2006,7,6.29090909090909,11,6.13333333333333,7,7,6,6.35555555555556,9,2,1,2,9,303,236,67,25,122,181,6.78745874587459,6.97584745762712,6.12388059701493,6.4,6.70901639344262,6.84033149171271,31
"34",2006,8,6.78571428571429,7,6.75,6.83333333333333,7.25,7,6.7,4,3,2,2,5,310,240,70,27,124,186,6.78741935483871,6.97208333333333,6.15428571428571,6.46296296296296,6.71370967741935,6.83655913978495,32
"35",2006,9,6.15,12,6.28571428571429,5.96,6,5.33333333333333,6.42222222222222,7,5,2,3,9,322,247,75,29,127,195,6.76366459627329,6.95263157894737,6.14133333333333,6.43103448275862,6.68110236220472,6.8174358974359,33
"36",2006,10,5.5,8,6,4,NA,5.66666666666667,5.4,6,2,0,3,5,330,253,77,29,130,200,6.7330303030303,6.9300395256917,6.08571428571429,6.43103448275862,6.65769230769231,6.782,34
"37",2006,11,6.47058823529412,17,6.65384615384615,5.875,5.5,6.6,6.41666666666667,13,4,3,5,12,347,266,81,32,135,212,6.72017291066283,6.91654135338346,6.07530864197531,6.34375,6.65555555555556,6.76132075471698,35
"38",2006,12,6.05,20,6.17647058823529,5.33333333333333,NA,5.5,6.28571428571429,17,3,0,6,14,367,283,84,32,141,226,6.68365122615804,6.87208480565371,6.04880952380952,6.34375,6.6063829787234,6.73185840707965,36
"39",2007,1,6.02222222222222,18,6.24285714285714,5.25,6,6.66666666666667,5.89333333333333,14,4,2,3,15,385,297,88,34,144,241,6.65272727272727,6.84242424242424,6.0125,6.32352941176471,6.60763888888889,6.67966804979253,37
"40",2007,2,6.508083125,16,6.75,4.814665,NA,7,6.39456384615385,14,2,0,3,13,401,311,90,34,147,254,6.6469559351621,6.83826366559486,5.98588144444444,6.32352941176471,6.6156462585034,6.6650761023622,38
"41",2007,3,6.78,10,7.46666666666667,5.75,5.5,6.75,6.8,6,4,2,4,6,411,317,94,36,151,260,6.65019301703163,6.85015772870663,5.97584393617021,6.27777777777778,6.61920529801324,6.66818973076923,39
"42",2007,4,6.42307692307692,13,6.59090909090909,5.5,4,5.9,6.75,11,2,1,5,8,424,328,96,37,156,268,6.64322955188679,6.84146341463415,5.96593052083333,6.21621621621622,6.59615384615385,6.67063182835821,40
"43",2007,5,6.4,10,6.83333333333333,5.75,6.5,6.3,6.5,6,4,2,5,5,434,334,100,39,161,273,6.6376251843318,6.84131736526946,5.9572933,6.23076923076923,6.58695652173913,6.6675067032967,41
"44",2007,6,6.35384615384615,13,6.16,7,7,7.66666666666667,5.96,10,3,3,3,10,447,344,103,42,164,283,6.62937210290828,6.82151162790698,5.98766339805825,6.28571428571429,6.60670731707317,6.6425064664311,42
"45",2007,7,5.78888888888889,18,5.83636363636364,5.71428571428571,4.25,5.625,5.83571428571429,11,7,2,4,14,465,355,110,44,168,297,6.59683726881721,6.79098591549296,5.97026663636364,6.19318181818182,6.58333333333333,6.60447585858586,43
"46",2007,8,6.31578947368421,19,6.93333333333333,4,2,6.375,6.27272727272727,15,4,1,8,11,484,370,114,45,176,308,6.58580440082645,6.79675675675676,5.90113447368421,6.1,6.57386363636364,6.59262769480519,44
"47",2007,9,7.08333333333333,12,7.08333333333333,NA,NA,7,7.125,12,0,0,4,8,496,382,114,45,180,316,6.59784139112903,6.80575916230367,5.90113447368421,6.1,6.58333333333333,6.60610547468355,45
"48",2007,10,7.0625,16,7.375,6.125,5,7.35714285714286,6.83333333333333,12,4,1,7,9,512,394,118,46,187,325,6.61236197265625,6.82309644670051,5.90872313559322,6.07608695652174,6.61229946524064,6.61239793846154,46
"49",2007,11,6.53125,16,6.45833333333333,6.75,6,5.9,6.81818181818182,12,4,2,5,11,528,406,122,48,192,336,6.60990403409091,6.81231527093596,5.93630598360656,6.07291666666667,6.59375,6.61913491071429,47
"50",2007,12,6.65294117647059,17,6.72142857142857,6.33333333333333,6,6.4,6.75833333333333,14,3,1,5,12,545,420,125,49,197,348,6.61124647706422,6.80928571428571,5.94583464,6.07142857142857,6.58883248730965,6.62393485632184,48
"51",2008,1,7.17647058823529,17,7.2,7,NA,6.16666666666667,7.72727272727273,15,2,0,6,11,562,435,127,49,203,359,6.62834400355872,6.82275862068966,5.96243566929134,6.07142857142857,6.57635467980296,6.65774186629527,49
"52",2008,2,6.68,15,6.63076923076923,7,8,6.63333333333333,6.69166666666667,13,2,1,3,12,577,448,129,50,206,371,6.62968688041595,6.8171875,5.9785219379845,6.11,6.57718446601942,6.65883916442049,50
"53",2008,3,6.225,20,6.13333333333333,6.5,6.16666666666667,6.13636363636364,6.33333333333333,15,5,3,11,9,597,463,134,53,217,380,6.61612953098828,6.79503239740821,5.99798007462687,6.11320754716981,6.55483870967742,6.65112981578948,51
"54",2008,4,6,17,6.08333333333333,5.8,6,6.41666666666667,5.77272727272727,12,5,2,6,11,614,475,139,55,223,391,6.59907057003257,6.77705263157895,5.99085848920863,6.10909090909091,6.55112107623318,6.62641772378517,52
"55",2008,5,6.22727272727273,22,6.5,5.3,5.75,6.21428571428571,6.23333333333333,17,5,2,7,15,636,492,144,57,230,406,6.58620963836478,6.76747967479675,5.96687034722222,6.09649122807018,6.54086956521739,6.61189490147783,53
"56",2008,6,6.425,20,6.59375,5.75,7,6.25,6.46875,16,4,1,4,16,656,508,148,58,234,422,6.58129471036585,6.76200787401575,5.96100898648649,6.11206896551724,6.53589743589744,6.60646760663507,54
"57",2008,7,6.33076923076923,13,6.66363636363636,4.5,4,6.25,6.4,11,2,1,6,7,669,519,150,59,240,429,6.57642650224215,6.75992292870906,5.94152886666667,6.07627118644068,6.52875,6.60309867132867,55
"58",2008,8,6.35,10,6.35,NA,NA,6.25,6.375,10,0,0,2,8,679,529,150,59,242,437,6.57309179675994,6.75217391304348,5.94152886666667,6.07627118644068,6.52644628099174,6.59892295194508,56
"59",2008,9,6.47222222222222,18,6.45454545454545,6.5,5.9,7.14285714285714,6.04545454545455,11,7,5,7,11,697,540,157,64,249,448,6.5704868436155,6.74611111111111,5.96642885350319,6.0625,6.54377510040161,6.58533332589286,57
"60",2008,10,6.35454545454545,11,6.81666666666667,5.8,5,5.5,6.84285714285714,6,5,4,4,7,708,546,162,68,253,455,6.5671318220339,6.74688644688645,5.96129216049383,6,6.52727272727273,6.58929523076923,58
"61",2008,11,5.76923076923077,13,6.5,5.14285714285714,5.33333333333333,6.1,5.5625,6,7,3,5,8,721,552,169,71,258,463,6.55274525658807,6.74420289855072,5.9273924852071,5.97183098591549,6.51899224806202,6.57155362850972,59
"62",2008,12,5.90833333333333,12,6.32222222222222,4.66666666666667,6,5.62857142857143,6.3,9,3,2,7,5,733,561,172,73,265,468,6.54219553888131,6.73743315508021,5.90540308139535,5.97260273972603,6.49547169811321,6.56865241452992,60
"63",2009,1,6.18095238095238,21,6.92,4.33333333333333,5.66666666666667,7.5,5.96111111111111,15,6,3,3,18,754,576,178,76,268,486,6.53213438992042,6.7421875,5.85241196629214,5.96052631578947,6.50671641791045,6.54615088477366,61
"64",2009,2,6.08823529411765,17,6.25,5.33333333333333,7,6.5,5.91666666666667,14,3,1,5,12,771,590,181,77,273,498,6.52234673151751,6.73050847457627,5.84380845303867,5.97402597402597,6.50659340659341,6.53098259036145,62
"65",2009,3,5.79090909090909,22,6.15,4.83333333333333,6,5.33333333333333,5.9625,16,6,1,6,16,793,606,187,78,279,514,6.5020546406053,6.71518151815182,5.81138679144385,5.97435897435897,6.48136200716846,6.51328663424125,63
"66",2009,4,6.72222222222222,18,6.8,6.625,5.66666666666667,6.2,6.92307692307692,10,8,3,5,13,811,616,195,81,284,527,6.50694122071517,6.71655844155844,5.8447657948718,5.96296296296296,6.47640845070423,6.52339531309298,64
"67",2009,5,6.73684210526316,19,6.9375,5.66666666666667,6.5,6.83333333333333,6.69230769230769,16,3,2,6,13,830,632,198,83,290,540,6.51220401204819,6.72215189873418,5.84206732323232,5.97590361445783,6.48379310344828,6.52746172222222,65
"68",2009,6,6.3625,16,6.36363636363636,6.36,5,6.25,6.37857142857143,11,5,1,2,14,846,643,203,84,292,554,6.50937273049645,6.71601866251944,5.85482428571429,5.96428571428571,6.48219178082192,6.52369915162455,66
"69",2009,7,6.48823529411765,17,6.84,5.98571428571429,5.56666666666667,6,6.59285714285714,10,7,3,3,14,863,653,210,87,295,568,6.50895634994206,6.71791730474732,5.85918728571429,5.95057471264368,6.47728813559322,6.52540375,67
"70",2009,8,6.65294117647059,17,6.875,6.45555555555556,6.02,6.7,6.61111111111111,8,9,5,8,9,880,661,219,92,303,577,6.511737875,6.71981845688351,5.88369557077626,5.95434782608696,6.48316831683168,6.52674060658579,68
"71",2009,9,6.09117647058823,17,6.35,5.25,5,6,6.10333333333333,13,4,2,2,15,897,674,223,94,305,592,6.5037673690078,6.71268545994065,5.87232883408072,5.93404255319149,6.48,6.51601238175676,69
"72",2009,10,6.640625,16,7.125,6.15625,7,6,6.85416666666667,8,8,2,4,12,913,682,231,96,309,604,6.50616575027382,6.7175219941349,5.8821616017316,5.95625,6.47378640776699,6.52273067880795,70
"73",2009,11,6.08095238095238,21,6.5,5.76666666666667,6.94,6.46666666666667,5.79166666666667,9,12,5,9,12,934,691,243,101,318,616,6.49660527837259,6.71468885672938,5.87645814814815,6.00495049504951,6.47358490566038,6.50848917207792,71
"74",2009,12,5.77083333333333,24,5.97222222222222,5.16666666666667,6,5.59090909090909,5.92307692307692,18,6,2,11,13,958,709,249,103,329,629,6.47842310020877,6.69583921015515,5.85935473895582,6.00485436893204,6.44407294832827,6.4963900317965,72
"75",2010,1,6.825,20,7,6.41666666666667,6,5.5,6.97222222222222,14,6,3,2,18,978,723,255,106,331,647,6.48551056237219,6.70172890733057,5.87246796078431,6.00471698113208,6.43836858006042,6.50962802163833,73
"76",2010,2,6.41176470588235,17,6.625,6.10714285714286,4.66666666666667,7.25,6.3,10,7,3,2,15,995,733,262,109,333,662,6.48425058291457,6.70068212824011,5.87873790076336,5.96788990825688,6.44324324324324,6.50487814199396,74
"77",2010,3,6.01176470588235,17,6.58333333333333,4.64,5.06666666666667,4,6.63076923076923,12,5,3,4,13,1012,745,267,112,337,675,6.47631356719368,6.69879194630873,5.85554056179775,5.94375,6.41424332344214,6.50730271111111,75
"78",2010,4,6.365625,16,6.625,5.93333333333333,7,6.5,6.34642857142857,10,6,1,2,14,1028,755,273,113,339,689,6.47459078793774,6.69781456953642,5.85725029304029,5.95309734513275,6.41474926253687,6.50403386066764,76
"79",2010,5,7,7,6.66666666666667,7.25,7,7,7,3,4,2,4,3,1035,758,277,115,343,692,6.47814428019324,6.69769129287599,5.87736220216606,5.97130434782609,6.42157434402332,6.50618400289018,77
"80",2010,6,6.325,12,6.925,5.125,5,6,6.43333333333333,8,4,1,3,9,1047,766,281,116,346,701,6.47638904489016,6.70006527415144,5.86665241992883,5.96293103448276,6.41791907514451,6.50524868758916,78
"81",2010,7,6.31578947368421,19,6.41176470588235,5.5,5.5,5.85714285714286,6.58333333333333,17,2,2,7,12,1066,783,283,118,353,713,6.47352657598499,6.69380587484036,5.86406123674912,5.95508474576271,6.40679886685552,6.50656287517532,79
"82",2010,8,5.92857142857143,14,6.875,4.66666666666667,5,6.16666666666667,5.75,8,6,3,6,8,1080,791,289,121,359,721,6.46646234259259,6.6956384323641,5.83920183391003,5.93140495867769,6.40278551532033,6.49816828016644,80
"83",2010,9,6.203125,16,7.25,4.85714285714286,6.25,6.75,5.77777777777778,9,7,4,7,9,1096,800,296,125,366,730,6.46261800182482,6.701875,5.81597746621622,5.9416,6.4094262295082,6.48928675342466,81
"84",2010,10,7.25,6,7.3,7,NA,6,7.875,5,1,0,2,4,1102,805,297,125,368,734,6.46690501814882,6.7055900621118,5.81996407407407,5.9416,6.40720108695652,6.49683832425068,82
"85",2010,11,6.16666666666667,15,6.22222222222222,6.08333333333333,5.875,6.33333333333333,6.125,9,6,4,3,12,1117,814,303,129,371,746,6.46287316920322,6.7002457002457,5.82517930693069,5.93953488372093,6.40660377358491,6.49085701072386,83
"86",2010,12,5.925,20,6.55,5.3,4.8,6.66666666666667,5.79411764705882,10,10,5,3,17,1137,824,313,134,374,763,6.45341189973615,6.69842233009709,5.80840041533546,5.89701492537314,6.40868983957219,6.47533332896462,84
"87",2011,1,6.36666666666667,21,6.6375,5.5,5.75,5.3,6.7,16,5,2,5,16,1158,840,318,136,379,779,6.45183879965458,6.6972619047619,5.80355135220126,5.89485294117647,6.39406332453826,6.47994779204108,85
"88",2011,2,6.83,25,7.04166666666667,6.28571428571429,6.875,7.75,6.6,18,7,4,5,20,1183,858,325,140,384,799,6.45983037193576,6.70448717948718,5.8139364,5.92285714285714,6.41171875,6.48295285356696,86
"89",2011,3,7.09470588235294,17,7.288125,4,6.31,7.625,6.93153846153846,16,1,1,4,13,1200,874,326,141,388,812,6.46882444166667,6.71517162471396,5.80837217791411,5.92560283687943,6.42422680412371,6.49013464285714,87
"90",2011,4,7.54166666666667,12,7.59090909090909,7,7,6.83333333333333,7.77777777777778,11,1,1,3,9,1212,885,327,142,391,821,6.47944664191419,6.72605649717514,5.81201629969419,5.93316901408451,6.42736572890026,6.50425009744214,88
"91",2011,5,6.52888866666667,15,6.5777775,6.33333333333333,7,7.47777666666667,6.29166666666667,12,3,1,3,12,1227,897,330,143,394,833,6.48005106764466,6.72407283166109,5.81675554545454,5.94062937062937,6.43536378172589,6.50118767106843,89
"92",2011,6,6.43333333333333,15,6.7,5.9,6.625,7,6.39285714285714,10,5,4,1,14,1242,907,335,147,395,847,6.47948684380032,6.72380742006615,5.817998,5.95925170068027,6.43679324050633,6.49939708382527,90
"93",2011,7,6.42857142857143,7,7.2,4.5,NA,7.33333333333333,5.75,5,2,0,3,4,1249,912,337,147,398,851,6.47920148919135,6.726418125,5.81017605341246,5.95925170068027,6.44355108040201,6.495874653349,91
"94",2011,8,5.53333333333333,12,6.05,4.5,NA,7.75,5.09,8,4,0,2,10,1261,920,341,147,400,861,6.47020036478985,6.72053622826087,5.79480741935484,5.95925170068027,6.450083325,6.4795462601626,92
"95",2011,9,6.80588235294118,17,6.81818181818182,6.78333333333333,5.66666666666667,6.3,6.96153846153846,11,6,3,4,13,1278,931,347,150,404,874,6.47466561815336,6.72168993555317,5.81190008645533,5.9534,6.44859735148515,6.4867154805492,93
"96",2011,10,6.60714285714286,14,6.85,6,5.66666666666667,6,6.94444444444444,10,4,3,5,9,1292,941,351,153,409,883,6.47610113003096,6.72305348565356,5.81404367521367,5.94777777777778,6.44311327628362,6.49138089467724,94
"97",2011,11,6.57142857142857,21,6.875,5.6,5.5,6.75,6.46153846153846,16,5,4,8,13,1313,957,356,157,417,896,6.47762578827113,6.72559386624869,5.81103744382022,5.93636942675159,6.44900079136691,6.49094791294643,95
"98",2011,12,6.12105263157895,19,6.35714285714286,5.46,5.5,5.42857142857143,6.525,14,5,2,7,12,1332,971,361,159,424,908,6.47253953453453,6.72028149330587,5.80617542936288,5.93088050314466,6.43215408018868,6.49139794052864,96
"99",2012,1,6.08571428571429,35,6.41666666666667,5.36363636363636,5.66666666666667,5.875,6.14814814814815,24,11,6,8,27,1367,995,372,165,432,935,6.46263544989027,6.71295812060301,5.79308959677419,5.92127272727273,6.42183641203704,6.4814859144385,97
"100",2012,2,6.53333333333333,15,6.7,6.2,7.75,6.75,6.38888888888889,10,5,2,6,9,1382,1005,377,167,438,944,6.46340279305354,6.7128291840796,5.79848628647215,5.94317365269461,6.42633180365297,6.48060310381356,98
"101",2012,3,6.95,12,7.38888888888889,5.63333333333333,5.75,8.25,6.3,9,3,2,4,8,1394,1014,380,169,442,952,6.46759157819225,6.71882971400394,5.79718244736842,5.9408875739645,6.44283558823529,6.47908543067227,99
"102",2012,4,5.9,10,6.71428571428571,4,5,7,5.77777777777778,7,3,1,1,9,1404,1021,383,170,443,961,6.4635489031339,6.71879856023506,5.7831053002611,5.93535294117647,6.44409329571106,6.47251751300728,100
"103",2012,5,6.79166666666667,12,7.11111111111111,5.83333333333333,6.25,7,6.72222222222222,9,3,2,3,9,1416,1030,386,172,446,970,6.46632956214689,6.72222653398058,5.78349567357513,5.93901162790698,6.44783257847534,6.47483436082474,101
"104",2012,6,6.95833333333333,18,7.08928571428571,6.5,5,7.05,6.92307692307692,14,4,1,5,13,1434,1044,390,173,451,983,6.47250534170153,6.7271487835249,5.79084443589743,5.9335838150289,6.45450849223947,6.4807622889115,102
"105",2012,7,6.61111111111111,9,6.66666666666667,6.5,6,7,6.5,6,3,1,2,7,1443,1050,393,174,453,990,6.47336982674982,6.72680317142857,5.79625783715013,5.93396551724138,6.45691684326711,6.48089831313131,103
"106",2012,8,6.85833333333333,12,7.75714285714286,5.6,5.25,6.83333333333333,6.86666666666667,7,5,4,3,9,1455,1057,398,178,456,999,6.47654478350515,6.73362661305582,5.79379228643216,5.91859550561798,6.45939326754386,6.4843737037037,104
"107",2012,9,6.625,16,7.08333333333333,5.25,5.66666666666667,6.5,6.65384615384615,12,4,3,3,13,1471,1069,402,181,459,1012,6.47815952413324,6.73755222637979,5.78838141791045,5.91441988950276,6.45965867102396,6.48655072134387,105
"108",2012,10,6.33333333333333,6,6.5,6,6,6,6.4,4,2,2,1,5,1477,1073,404,183,460,1017,6.47757119837508,6.73666666356011,5.78942903465346,5.91535519125683,6.45865941304348,6.48612520157326,106
"109",2012,11,6.11538461538461,13,6.28571428571429,5.91666666666667,5.75,6.1,6.125,7,6,2,5,8,1490,1080,410,185,465,1025,6.47441118120805,6.73374382407407,5.79129104878049,5.91356756756757,6.45480286021505,6.48330666341464,107
"110",2012,12,6.34772727272727,22,6.85,5.27142857142857,6.15,5.7625,6.68214285714286,15,7,2,8,14,1512,1095,417,187,473,1039,6.4725678968254,6.73533637442922,5.78256434052758,5.91609625668449,6.44309372093023,6.48598588065448,108
"111",2013,1,6.48928571428571,28,6.41818181818182,6.75,6.83333333333333,6.14285714285714,6.6047619047619,22,6,3,7,21,1540,1117,423,190,480,1060,6.47287185714286,6.72908982094897,5.7962868321513,5.93057894736842,6.43871527083333,6.48833899056604,109
"112",2013,2,6.8125,8,6.81428571428571,6.8,6.8,6.66666666666667,6.9,7,1,1,3,5,1548,1124,424,191,483,1065,6.47462704134367,6.72962040035587,5.79865408018868,5.93513089005236,6.44013111801242,6.4902716713615,110
"113",2013,3,6.1,15,5.85,6.6,6,5.5,6.19230769230769,10,5,3,2,13,1563,1134,429,194,485,1078,6.47103177223288,6.72186360670194,5.80799377622378,5.93613402061856,6.43625428865979,6.48667841372913,111
"114",2013,4,6.4,10,6.77777777777778,3,3,10,6,9,1,1,1,9,1573,1143,430,195,486,1087,6.47058020343293,6.72230387576553,5.80146355813953,5.92107692307692,6.44358709876543,6.48264887764489,112
"115",2013,5,7.03888888888889,18,7.225,6.66666666666667,6.66666666666667,7.8,6.74615384615385,12,6,3,5,13,1591,1155,436,198,491,1100,6.47700984286612,6.72752669264069,5.81337002293578,5.93237373737374,6.45739985743381,6.48576302727273,113
"116",2013,6,6.11111111111111,9,7,5.4,6,6,6.125,4,5,3,1,8,1600,1159,441,201,492,1108,6.4749516625,6.72846706643658,5.80868328798186,5.93338308457712,6.45647018292683,6.4831582400722,114
"117",2013,7,5.85714285714286,7,6.25,5.33333333333333,5,NA,5.85714285714286,4,3,2,0,7,1607,1163,444,203,492,1115,6.47226052271313,6.72682143594153,5.80547146396396,5.92418719211823,6.45647018292683,6.47922809865471,115
"118",2013,8,5.83333333333333,18,5.86666666666667,5.76666666666667,5.5,5.875,5.82142857142857,12,6,4,4,14,1625,1175,450,207,496,1129,6.46518317538461,6.71803687659574,5.80495406666667,5.91599033816425,6.45178090725806,6.47107115146147,116
"119",2013,9,7.15789473684211,19,7.71428571428571,5.6,5.66666666666667,6.71428571428571,7.41666666666667,14,5,3,7,12,1644,1189,455,210,503,1141,6.47318896593674,6.72976730866274,5.80270182417582,5.91242857142857,6.455434055666,6.48101606485539,117
"120",2013,10,6.65333333333333,15,6.85714285714286,6.475,6.5,6,6.7,7,8,6,1,14,1659,1196,463,216,504,1155,6.47481775768535,6.73051281772575,5.81431820734341,5.92875,6.45453041666667,6.48367041558442,118
"121",2013,11,6.66,20,6.5875,6.95,6,7.26666666666667,6.55294117647059,16,4,1,3,17,1679,1212,467,217,507,1172,6.4770236212031,6.72862485973597,5.8240456745182,5.92907834101383,6.45933595660749,6.48467519624573,119
"122",2013,12,6.09090909090909,11,6.16666666666667,5.75,6.5,5.5,6.3125,9,2,1,3,8,1690,1221,469,218,510,1180,6.47451044970414,6.72448266175266,5.82372991471215,5.93169724770642,6.45369280392157,6.48350790677966,120
"123",2014,1,7.07333333333333,30,7.17391304347826,6.74285714285714,6,7.5,6.96666666666667,23,7,2,6,24,1720,1244,476,220,516,1204,6.48495503488372,6.7327920659164,5.83724649159664,5.93231818181818,6.46585916666667,6.49313897840532,121
"124",2014,2,6.41666666666667,18,6.41666666666667,6.41666666666667,4.5,6.5,6.41176470588235,12,6,2,1,17,1738,1256,482,222,517,1221,6.48424779056387,6.72977175955414,5.84445919087137,5.91941441441442,6.46592520309478,6.492006003276,122
"125",2014,3,6.64285714285714,21,6.5,7.1,6.16666666666667,6.5,6.6875,16,5,3,5,16,1759,1272,487,225,522,1237,6.4861413644116,6.72688154874214,5.85734975359343,5.92271111111111,6.46625159003831,6.49453462409054,123
"126",2014,4,6.63636363636364,11,7,5.66666666666667,5,6.5,6.75,8,3,2,5,6,1770,1280,490,227,527,1243,6.48707494915254,6.7285885390625,5.85618230612245,5.91458149779736,6.46657178368121,6.49576776347546,124
"127",2014,5,6.5,13,6.40909090909091,7,8,5.5,6.68181818181818,11,2,1,2,11,1783,1291,492,228,529,1254,6.48716918676388,6.72586625096824,5.86083197154472,5.92372807017544,6.46291744801512,6.497399784689,125
"128",2014,6,6.51764705882353,17,6.48333333333333,6.6,NA,7,6.41428571428571,12,5,0,3,14,1800,1303,497,228,532,1268,6.48745703333333,6.7236326400614,5.86826826961771,5.92372807017544,6.46594610902256,6.4964821214511,126
"129",2014,7,5.625,8,6.4,4.33333333333333,4.5,6.16666666666667,5.3,5,3,1,3,5,1808,1308,500,229,535,1273,6.48364085176991,6.72239551223242,5.85905866,5.91751091703057,6.46426790654206,6.49178266300079,127
"130",2014,8,6.26190476190476,21,6.57142857142857,5.64285714285714,5.875,6.75,6.14705882352941,14,7,4,4,17,1829,1322,507,233,539,1290,6.48109494805905,6.72079677004538,5.85607362919132,5.91678111587983,6.46638836734694,6.48723979069767,128
"131",2014,9,6.98333333333333,6,7.63333333333333,6.33333333333333,NA,NA,6.98333333333333,3,3,0,0,6,1835,1325,510,233,539,1296,6.48273714441417,6.72286289056604,5.85888103921569,5.91678111587983,6.46638836734694,6.48953652006173,129
"132",2014,10,6.3,10,6.25,6.375,7,7.5,6,6,4,1,2,8,1845,1331,514,234,541,1304,6.48174669918699,6.72073127723516,5.86289752918288,5.92141025641026,6.47020948243993,6.48653322852761,130
"133",2014,11,6.44230769230769,13,6.54545454545455,5.875,5.875,6,6.52272727272727,11,2,2,2,11,1858,1342,516,236,543,1315,6.48147075349838,6.71929458271237,5.8629444379845,5.92101694915254,6.46847758747698,6.48683599239544,131
"134",2014,12,5.925,12,6.16666666666667,5.68333333333333,6.5,5.1,6,6,6,2,1,11,1870,1348,522,238,544,1326,6.47789981818182,6.71683481454006,5.86087994252873,5.92588235294118,6.46596200367647,6.48279738310709,132
"135",2015,1,6.45789473684211,19,6.46666666666667,6.425,NA,7.25,6.24666666666667,15,4,0,4,15,1889,1363,526,238,548,1341,6.47769860243515,6.71408168011739,5.86516982889734,5.92588235294118,6.47168490875912,6.48015609992543,133
"136",2015,2,6.7461,20,7.3435,5.85,6.1,6.78,6.7348,12,8,5,5,15,1909,1375,534,243,553,1356,6.48051056050288,6.71957478545454,5.86494256554307,5.92946502057613,6.47447256781193,6.48297295722714,134
"137",2015,3,6.1,16,6.50769230769231,4.33333333333333,5,5.775,6.20833333333333,13,3,2,4,12,1925,1388,537,245,557,1368,6.47734787532467,6.71759029538905,5.85638608938548,5.92187755102041,6.46944942549372,6.4805638377193,135
"138",2015,4,6.27647058823529,17,6.55,5,6,6.5,6.24666666666667,14,3,2,2,15,1942,1402,540,247,559,1383,6.47558942327497,6.7159167831669,5.85162838888889,5.92251012145749,6.46955872987478,6.47802699204628,136
"139",2015,5,5.85,15,5.85,NA,NA,6,5.82692307692308,15,0,0,2,13,1957,1417,540,247,561,1396,6.47079440981094,6.70675040931545,5.85162838888889,5.92251012145749,6.46788472370767,6.4719637034384,137
"140",2015,6,7.29285714285714,14,7.36363636363636,7.03333333333333,7.5,6.9,7.45,11,3,1,4,10,1971,1428,543,248,565,1406,6.47663351598174,6.71181045518207,5.85815714548803,5.92887096774194,6.47094394690266,6.47891986486487,138
"141",2015,7,5.95833333333333,12,6.4375,5,6,4.33333333333333,6.5,8,4,2,3,9,1983,1436,547,250,568,1415,6.47349705496722,6.7102822632312,5.85188177330896,5.92944,6.45965375,6.4790539434629,139
"142",2015,8,6.54166666666667,24,6.8,5.25,6,7,6.5,20,4,1,2,22,2007,1456,551,251,570,1437,6.47431223716991,6.71151464972527,5.84751239564428,5.92972111553785,6.46154970175439,6.47937462073765,140
"143",2015,9,6.90909090909091,11,7.11111111111111,6,4,NA,6.90909090909091,9,2,1,0,11,2018,1465,553,252,570,1448,6.47668219028741,6.71396950853242,5.84806388788427,5.92206349206349,6.46154970175439,6.48263904005525,141
"144",2015,10,6.26451612903226,31,6.28181818181818,6.22222222222222,6,6.125,6.28518518518518,22,9,7,4,27,2049,1487,562,259,574,1475,6.47347225963885,6.70757587760592,5.85405574733096,5.92416988416988,6.45920440766551,6.47902463050848,142
"145",2015,11,5.98333333333333,18,6.28461538461538,5.2,5.33333333333333,6.625,5.8,13,5,3,4,14,2067,1500,567,262,578,1489,6.46920399612966,6.70391022,5.84828805996473,5.91740458015267,6.46035178200692,6.47264024848892,143
"146",2015,12,6.52380952380952,21,6.75,6.07142857142857,5.875,6.5,6.52631578947368,14,7,4,2,19,2088,1514,574,266,580,1508,6.46975318965517,6.70433641347424,5.85100928571429,5.91676691729323,6.4604885,6.47331653183024,144
"147",2016,1,6.2625,20,6.21333333333333,6.41,6,6.18333333333333,6.27647058823529,15,5,2,3,17,2108,1529,579,268,583,1525,6.46778684060721,6.69951950948332,5.8558364939551,5.91738805970149,6.45906231560892,6.47112218360656,145
"148",2016,2,6.95526315789474,19,7.13928571428571,6.44,6,7,6.946875,14,5,1,3,16,2127,1543,584,269,586,1541,6.47214135401975,6.70350961114712,5.86083789383562,5.91769516728625,6.46183162116041,6.476061862427,146
"149",2016,3,5.32142857142857,14,5.38888888888889,5.2,5.25,5,5.34615384615385,9,5,4,1,13,2141,1552,589,273,587,1554,6.46461684259692,6.69588616623711,5.85522806451613,5.90791208791209,6.45934127768314,6.46660960746461,147
"150",2016,4,6.296,25,6.3047619047619,6.25,6,6.8,6.17,21,4,1,5,20,2166,1573,593,274,592,1574,6.46267066481995,6.69066454545455,5.85789094435076,5.90824817518248,6.46221846283784,6.4628407433291,148
"151",2016,5,7.23888888888889,18,7.31176470588235,6,NA,8.4,7.09375,17,1,0,2,16,2184,1590,594,274,594,1590,6.46906806776557,6.69730523899371,5.85813018518519,5.90824817518248,6.46874297979798,6.46918951572327,149
"152",2016,6,6.65625,16,6.66666666666667,6.64285714285714,5.83333333333333,6.3,6.81818181818182,9,7,3,5,11,2200,1599,601,277,599,1601,6.47042939090909,6.69713278924328,5.86727009983361,5.90743682310469,6.46733444073456,6.47158733916303,150
"153",2016,7,6.26333333333333,15,6.72272727272727,5,6.5,7.33333333333333,5.99583333333333,11,4,2,3,12,2215,1610,605,279,602,1613,6.46902693453725,6.69730765838509,5.86153608264463,5.91168458781362,6.47165004983389,6.4680479417235,151
"154",2016,8,6.15806451612903,31,6.30869565217391,5.725,5.65,5.5,6.25555555555556,23,8,4,4,27,2246,1633,613,283,606,1640,6.4647349332146,6.69183424984691,5.85975420880914,5.90798586572438,6.46523651815182,6.46454959146342,152
"155",2016,9,6.21875,16,6.29166666666667,6,5.66666666666667,6,6.25,12,4,3,2,14,2262,1645,617,286,608,1654,6.4629949867374,6.68891509422493,5.8606634197731,5.90545454545455,6.46370613486842,6.46273357315599,153
"156",2016,10,6.625,12,7.1875,5.5,5.5,6.16666666666667,6.77777777777778,8,4,2,3,9,2274,1653,621,288,611,1663,6.4638498944591,6.69132808832426,5.85834030595813,5.90263888888889,6.46224767594108,6.46443856283825,154
"157",2016,11,6.83333333333333,24,7.05263157894737,6,4.66666666666667,5.66666666666667,7,19,5,3,3,21,2298,1672,626,291,614,1684,6.46770872932985,6.69543380980861,5.85947177316294,5.8898969072165,6.4583604723127,6.47111717933492,155
"158",2016,12,6.36086956521739,23,6.75263157894737,4.5,4.5,5.45,6.55263157894737,19,4,2,4,19,2321,1691,630,293,618,1703,6.46665000430849,6.69607648137197,5.85084020634921,5.88040955631399,6.45183386731392,6.47202661773341,156
"159",2017,1,6.87027027027027,37,7.38214285714286,5.27777777777778,4.375,6.9125,6.85862068965517,28,9,4,8,29,2358,1719,639,297,626,1732,6.47298331636981,6.7072515008726,5.84276890453834,5.86013468013468,6.4577209744409,6.47849961316397,157
"160",2017,2,6.55714285714286,21,7.14375,4.68,NA,5.5,6.66842105263158,16,5,0,2,19,2379,1735,644,297,628,1751,6.47372621269441,6.71127684726225,5.83374119565218,5.86013468013468,6.45467090764331,6.48056043974872,158
"161",2017,3,6.72068965517241,29,6.956,5.25,6,6.42857142857143,6.81363636363636,25,4,2,7,22,2408,1760,648,299,635,1773,6.47670044019934,6.71475302840909,5.83013785493827,5.86107023411371,6.45438319685039,6.48469336153412,159
"162",2017,4,6.11538461538461,13,6.125,6,6,5.5,6.22727272727273,12,1,1,2,11,2421,1772,649,300,637,1784,6.47476028913672,6.71075921557562,5.83039958397535,5.86153333333333,6.4513867032967,6.48310612668162,160
"163",2017,5,6.25,27,6.31,5.5,5,6.25,6.25,25,2,1,2,25,2448,1797,651,301,639,1809,6.47228131535948,6.7051838230384,5.82938453149002,5.85867109634551,6.45075638497653,6.47988464897734,161
"164",2017,6,6.1425,12,6.03,6.3,6.16666666666667,5.9275,6.25,7,5,3,4,8,2460,1804,656,304,643,1817,6.47067262601626,6.70256393015521,5.83297153963415,5.86171052631579,6.44750129082426,6.47887249862411,162
"165",2017,7,6.08333333333333,12,6.625,5,4,7,5.9,8,4,1,2,10,2472,1812,660,305,645,1827,6.4687923381877,6.70222148454746,5.82792322727273,5.85560655737705,6.44921446511628,6.47570406677614,163
"166",2017,8,6.59523809523809,21,6.625,6.55555555555556,7.33333333333333,6.5,6.63333333333333,12,9,6,6,15,2493,1824,669,311,651,1842,6.46985746490173,6.70171344846491,5.83771200298954,5.88411575562701,6.44968253456221,6.4769876927253,164
"167",2017,9,6.1375,16,6.51666666666667,5,5,5.5,6.22857142857143,12,4,4,2,14,2509,1836,673,315,653,1856,6.46773800717417,6.70050399237473,5.83273303120357,5.87288888888889,6.44677385911179,6.47511386314655,165
"168",2017,10,6.13333333333333,15,6.54545454545455,5,7,7,6.07142857142857,11,4,1,1,14,2524,1847,677,316,654,1870,6.46575065768621,6.69958057931781,5.82781289512555,5.87645569620253,6.4476197706422,6.47209162032086,166
"169",2017,11,6.86363636363636,22,6.94736842105263,6.33333333333333,6.5,7.4375,6.53571428571429,19,3,2,8,14,2546,1866,680,318,662,1884,6.46918879025923,6.70210360664523,5.83004313235294,5.88037735849057,6.45958206948641,6.47256440021232,167
"170",2017,12,7.42105263157895,19,7.76470588235294,4.5,4.5,6.75,7.6,17,2,2,4,15,2565,1883,682,320,666,1899,6.47623963352827,6.71169693574084,5.82614271260997,5.87175,6.46132632132132,6.48146989468141,168
"171",2018,1,7.14166666666667,24,7.23684210526316,6.78,4.5,7.25,7.10555555555556,19,5,2,6,18,2589,1902,687,322,672,1917,6.48240813441483,6.71694286540484,5.83308490538574,5.8632298136646,6.46836805059524,6.48732985393845,169
"172",2018,2,6.11666666666667,24,6.51764705882353,5.14285714285714,4.75,5.33333333333333,6.22857142857143,17,7,4,3,21,2613,1919,694,326,675,1938,6.47904885572139,6.71517734757686,5.82612295389049,5.84957055214724,6.46332345185185,6.48452597007224,170
"173",2018,3,6.06666666666667,15,6.5,5.57142857142857,5,4,6.38461538461539,8,7,3,2,13,2628,1927,701,329,677,1951,6.4766950761035,6.71428403217436,5.82357964336662,5.84182370820669,6.45604627769572,6.4838602409021,171
"174",2018,4,7.41666666666667,18,7.40625,7.5,7,6.66666666666667,7.56666666666667,16,2,1,3,15,2646,1943,703,330,680,1966,6.48308944066516,6.71998215645908,5.82834897581792,5.84533333333333,6.45697548529412,6.49212173448627,172
"175",2018,5,5.64285714285714,14,6.71428571428571,4.57142857142857,5.33333333333333,6,5.54545454545455,7,7,3,3,11,2660,1950,710,333,683,1977,6.47866716541354,6.71996170769231,5.8159568028169,5.84072072072072,6.45496827232797,6.48685449165402,173
"176",2018,6,7.21428571428571,14,7.58333333333333,5,7,8.5,7,12,2,1,2,12,2674,1962,712,334,685,1989,6.48251857142857,6.72524226809378,5.81366478932584,5.84419161676646,6.46093916788321,6.48995039215686,174
"177",2018,7,6.32666666666667,15,6.42142857142857,5,5,6.95,6.23076923076923,14,1,1,2,13,2689,1976,713,335,687,2002,6.48164918557085,6.72308974190283,5.81252360448808,5.84167164179104,6.46236292576419,6.4882673976024,175
"178",2018,8,6.28888888888889,18,6.2625,6.5,6,7,6.14666666666667,16,2,1,3,15,2707,1992,715,336,690,2017,6.48036743997045,6.71939022590361,5.81444661538462,5.84214285714286,6.46470047826087,6.48572698562221,176
"179",2018,9,7.15384615384615,13,7.04545454545455,7.75,7.5,7.5,7.05,11,2,1,3,10,2720,2003,717,337,693,2027,6.48358627205883,6.72118089365951,5.81984564853557,5.84706231454006,6.46918229437229,6.48851076961026,177
"180",2018,10,5.66666666666667,15,6.44444444444444,4.5,4.33333333333333,5,5.76923076923077,9,6,3,2,13,2735,2012,723,340,695,2040,6.47910590859232,6.71994300695825,5.80889257261411,5.83370588235294,6.46495443165468,6.48392712254902,178
"181",2018,11,7.07777777777778,18,7.13571428571429,6.875,6,8.125,6.77857142857143,14,4,1,4,14,2753,2026,727,341,699,2054,6.48302021794406,6.72281605626851,5.81475836313618,5.8341935483871,6.47445397711016,6.48593540895813,179
"182",2018,12,6.50952380952381,21,6.44666666666667,6.66666666666667,6,6.06,6.65,15,6,1,5,16,2774,2041,733,342,704,2070,6.48322085796684,6.72078654091132,5.82173169167804,5.8346783625731,6.47151041193182,6.4872035410628,180
"183",2019,1,6.61206896551724,29,6.90217391304348,5.5,5,6.95833333333333,6.52173913043478,23,6,1,6,23,2803,2064,739,343,710,2093,6.48455392793436,6.72280781492248,5.81911952638701,5.83224489795918,6.4756244084507,6.48758305303392,181
"184",2019,2,7.1,14,7.30909090909091,6.33333333333333,7,8,6.85454545454545,11,3,2,3,11,2817,2075,742,345,713,2104,6.48761258785943,6.72591582168675,5.82119855795148,5.83901449275362,6.48203833099579,6.48950158269962,182
"185",2019,3,6.91875,16,7.625,4.8,5.35,8.05,6.54166666666667,12,4,2,4,12,2833,2087,746,347,717,2116,6.4900475326509,6.7310854480115,5.81572296246649,5.83619596541787,6.49078567642957,6.48979741493384,183
"186",2019,4,6.36785714285714,14,6.64,5.6875,6.25,6.8,6.12777777777778,10,4,3,5,9,2847,2097,750,350,722,2125,6.48944666666667,6.73065108726753,5.81503910666667,5.83974285714286,6.4929270498615,6.48826415529412,184
"187",2019,5,6.64285714285714,14,6.64285714285714,NA,NA,7,6.58333333333333,14,0,0,2,12,2861,2111,750,350,724,2137,6.49019736455785,6.73006884414969,5.81503910666667,5.83974285714286,6.4943278038674,6.48879800187178,185
"188",2019,6,6.90909090909091,11,6.9,7,7,8,6.8,10,1,1,1,10,2872,2121,751,351,725,2147,6.49180176183844,6.73087002828854,5.81661695073236,5.84304843304843,6.49640459310345,6.49024747554728,186
"189",2019,7,6.71536217391304,23,7.02666647058824,5.83333333333333,5.33333333333333,6.4,6.80296277777778,17,6,3,5,18,2895,2138,757,354,730,2165,6.4935778894646,6.73322201122544,5.81674944517834,5.83872881355932,6.49574428767123,6.49284741801386,187
"190",2019,8,6.61739130434783,23,6.625,6.6,6.54,8,6.48571428571429,16,7,5,2,21,2918,2154,764,359,732,2186,6.49455380054832,6.73241813370474,5.82392582460733,5.84849582172702,6.49985427595628,6.49277889295517,188
"191",2019,9,6.71411764705882,17,6.595,7,6.25,7,6.676,12,5,4,2,15,2935,2166,769,363,734,2201,6.49582555025554,6.73165681440443,5.83157260078023,5.85292011019284,6.50121707084469,6.49402756019991,189
"192",2019,10,6.60526315789474,19,6.92857142857143,5.7,5.83333333333333,6.16666666666667,6.6875,14,5,3,3,16,2954,2180,774,366,737,2217,6.49652944820583,6.73292140366972,5.83072264857881,5.85275956284153,6.49985526458616,6.49542384303112,190
"193",2019,11,6.5,16,7,6,6,6,6.57142857142857,8,8,4,2,14,2970,2188,782,370,739,2231,6.49654814478115,6.7338979250457,5.83245438618926,5.85435135135135,6.49850247631935,6.49590078888391,191
"194",2019,12,6.67272727272727,22,6.55,7,7.5,7,6.64,16,6,2,2,20,2992,2204,788,372,741,2251,6.49784357954546,6.73256291288566,5.84134432741117,5.86319892473118,6.49985604588394,6.49718110173256,192
"195",2020,1,7.13333333333333,30,7.07407407407407,7.66666666666667,7.5,7.25,7.10416666666667,27,3,2,6,24,3022,2231,791,374,747,2275,6.50415221376572,6.73669594800538,5.84826716814159,5.87195187165775,6.50588129852744,6.50358446593407,193
"196",2020,2,6.45652173913043,23,6.5,6.25,7,7.5,6.35714285714286,19,4,2,2,21,3045,2250,795,376,749,2296,6.50379244334976,6.73469718222222,5.8502884654088,5.87795212765957,6.50853582109479,6.50224506097561,194
"197",2020,3,6.67678571428571,28,6.89210526315789,6.22222222222222,6.2,6.1875,6.75833333333333,19,9,5,4,24,3073,2269,804,381,753,2320,6.50536869183209,6.73601527545174,5.85445190298507,5.88217847769029,6.50683045152722,6.50489425,195
"198",2020,4,6.71875,16,6.83333333333333,5,NA,7,6.67857142857143,15,1,0,2,14,3089,2284,805,381,755,2334,6.50647393654905,6.73665440455342,5.85339047204969,5.88217847769029,6.50813686092715,6.50593601542416,196
"199",2020,5,6.76,25,6.89473684210526,6.33333333333333,5,7,6.7,19,6,1,5,20,3114,2303,811,382,760,2354,6.50850930956969,6.73795860182371,5.85694122071517,5.87986910994764,6.51137280263158,6.5075848173322,197
"200",2020,6,7.53333333333333,15,7.58333333333333,7.33333333333333,NA,NA,7.53333333333333,12,3,0,0,15,3129,2315,814,382,760,2369,6.51342217641419,6.74234067386609,5.86238246928747,5.87986910994764,6.51137280263158,6.51407963697763,198
"201",2020,7,6.84615384615385,13,7.16666666666667,3,NA,6.875,6.83333333333333,12,1,0,4,9,3142,2327,815,382,764,2378,6.51479885105029,6.74452886119467,5.85887034355828,5.87986910994764,6.51327660994764,6.51528791421363,199
"202",2020,8,6.88333333333333,24,7.15,5.55,6.6,6.5,6.98421052631579,20,4,2,5,19,3166,2347,819,384,769,2397,6.51759254264056,6.74798409032808,5.85736181929182,5.88361979166666,6.51319028608583,6.51900486441385,200
"203",2020,9,5.96315789473684,19,6.21538461538462,5.41666666666667,5.25,5.96,5.96428571428571,13,6,2,5,14,3185,2360,825,386,774,2411,6.51428508320252,6.74505027966102,5.85415676363636,5.88033678756476,6.50961670542636,6.51578376607217,201
"204",2020,10,6.48611111111111,18,6.67307692307692,6,5.5,5.83333333333333,6.61666666666667,13,5,2,3,15,3203,2373,830,388,777,2426,6.51412675304402,6.74465598820059,5.8550353373494,5.87837628865979,6.50700557271557,6.51640752679308,202
"205",2020,11,6.7037037037037,27,6.8,5.5,NA,6.75,6.69565217391304,25,2,0,4,23,3230,2398,832,388,781,2449,6.51571145201239,6.74523296914095,5.85418188701923,5.87837628865979,6.50825010243278,6.51809091874234,203
"206",2020,12,7.24318826086957,23,7.46470588235294,6.615555,5.89777666666667,7.875,7.11017526315789,17,6,3,4,19,3253,2415,838,391,785,2468,6.52085500153705,6.75029758178054,5.85963324582339,5.87852514066496,6.51521443312102,6.52264910453809,204
"207",2021,1,6.544,25,6.73,5.8,10,6,6.68,20,5,1,5,20,3278,2435,843,392,790,2488,6.52103151921904,6.75013086652977,5.85927954922894,5.88903910714285,6.51195358227848,6.52391398311897,205
"208",2021,2,6.42592592592593,27,6.66666666666667,5.94444444444444,5.41666666666667,7.125,6.30434782608696,18,9,6,4,23,3305,2453,852,398,794,2511,6.52025455975795,6.74951841011007,5.86017917840376,5.88191791457286,6.51504197732998,6.52190282357626,206
"209",2021,3,6.55555555555556,18,6.55,6.5625,7,6.66666666666667,6.53333333333333,10,8,4,3,15,3323,2463,860,402,797,2526,6.52044577791153,6.74870834754365,5.86671239534884,5.89304310945273,6.51561271016311,6.52197070071259,207
"210",2021,4,6.59090909090909,22,6.8875,5.8,4.5,6.25,6.66666666666667,16,6,2,4,18,3345,2479,866,404,801,2544,6.52090921375187,6.74960413876563,5.86625018475751,5.88614685643564,6.51428630461923,6.52299449292453,208
"211",2021,5,5.73076923076923,13,5.86363636363636,5,6,5.5,5.77272727272727,11,2,1,2,11,3358,2490,868,405,803,2555,6.51785030375224,6.7456902248996,5.86425421658986,5.88642797530864,6.5117600622665,6.51976437964775,209
"212",2021,6,6.545,20,6.68125,6,5,7,6.52105263157895,16,4,2,1,19,3378,2506,872,407,804,2574,6.51801104795737,6.74527879489226,5.86487690366972,5.88207206388206,6.51236732587065,6.51977388888889,210
"213",2021,7,6.8125,8,6.35714285714286,10,NA,6,7.08333333333333,7,1,0,2,6,3386,2513,873,407,806,2580,6.51870682811577,6.74419763629129,5.86961358533792,5.88207206388206,6.51109594292804,6.52108449224806,211
"214",2021,8,6.30555555555556,18,6.59090909090909,5.85714285714286,7,5.875,6.42857142857143,11,7,3,4,14,3404,2524,880,410,810,2594,6.51757970622797,6.7435295800317,5.86951438636364,5.89025202439024,6.50795472839506,6.52058519275251,212
"215",2021,9,6.88888888888889,18,7.33333333333333,6,5,5.25,7.09375,12,6,1,2,16,3422,2536,886,411,812,2610,6.51953282291058,6.74632044952681,5.87039803611738,5.88808596107056,6.50485631773399,6.5240988467433,213
"216",2021,10,6.25,18,6.53846153846154,5.5,1,6.25,6.25,13,5,1,4,14,3440,2549,891,412,816,2624,6.51812247674419,6.74526036092585,5.86831948372615,5.87622167475728,6.50360702205882,6.52263642911586,214
"217",2021,11,6.4325,8,6.57666666666667,6,6,5,6.91,6,2,2,2,6,3448,2555,893,414,818,2630,6.51792381670534,6.74486444618395,5.86861440089586,5.87681963768116,6.49993072127139,6.52352014828898,215
"218",2021,12,6.30986125,24,6.50350894736842,5.574,4.81,5.66666666666667,6.40174619047619,19,5,2,3,21,3472,2574,898,416,821,2651,6.51648559619816,6.74308287878788,5.86697400890869,5.87169069711538,6.49688590742996,6.52255551112788,216
"219",2022,1,6.671875,32,6.76,6.35714285714286,5.33333333333333,7.4,6.53703703703704,25,7,3,5,27,3504,2599,905,419,826,2678,6.51790467751142,6.74324560600231,5.87076537016575,5.8678361097852,6.50235269975787,6.52270151605676,217
"220",2022,2,7.672,15,8,6.36,5.28,8,7.62153846153846,12,3,1,2,13,3519,2611,908,420,828,2691,6.52282409491333,6.74902157410954,5.87238178414097,5.8664365,6.50597020531401,6.52800990709773,218
"221",2022,3,7.03684210526316,19,7.33333333333333,5.925,5,7.5,6.98235294117647,15,4,1,2,17,3538,2626,912,421,830,2708,6.52558450819672,6.75235922696116,5.87261256578947,5.864378456057,6.50836545783133,6.53086213441655,219
"222",2022,4,6.32222222222222,18,6.45,5.875,4.83333333333333,NA,6.32222222222222,14,4,3,0,18,3556,2640,916,424,830,2726,6.52455511529809,6.75075580681818,5.87262299126638,5.8570833254717,6.50836545783133,6.52948446808511,220
"223",2022,5,7.34375,16,7.59090909090909,6.8,6.33333333333333,NA,7.34375,11,5,3,0,16,3572,2651,921,427,830,2742,6.5282245212766,6.75424192003018,5.87765761129207,5.86042934426229,6.50836545783133,6.53423583515682,221
"224",2022,6,6.40909090909091,11,6.8125,5.33333333333333,5.33333333333333,7.5,6.3,8,3,3,1,10,3583,2659,924,430,831,2752,6.52785877476975,6.75441719819481,5.87589032467532,5.85675193023256,6.50955876052948,6.5333846875,222
"225",2022,7,6.18421052631579,19,6.13333333333333,6.375,5.25,6.2,6.17857142857143,15,4,2,5,14,3602,2674,928,432,836,2766,6.52604608273182,6.75093318249813,5.87804165948276,5.85394289351852,6.50770733253588,6.53158881417209,223
"226",2022,8,7.48,15,7.8,6.84,9,10,7.3,10,5,1,1,14,3617,2684,933,433,837,2780,6.530002209013,6.75484177719821,5.8831968488746,5.8612086143187,6.51187972520908,6.53545851079137,224
"227",2022,9,7.25633333333333,30,7.50791666666667,6.25,5.16666666666667,6,7.39592592592593,24,6,3,3,27,3647,2708,939,436,840,2807,6.53597696462846,6.76151600073855,5.88554063897764,5.8564296559633,6.51005158333333,6.5437351834699,225
"228",2022,11,7.64285714285714,14,7.7,7.5,6.5,8,7.58333333333333,10,4,2,2,12,3661,2718,943,438,842,2819,6.54020977601748,6.76496884841795,5.89238882290562,5.85936833333333,6.51359065320665,6.54816057467187,227
"229",2022,12,6.79285714285714,28,6.50952380952381,7.64285714285714,7.16666666666667,6.83333333333333,6.788,21,7,3,3,25,3689,2739,950,441,845,2844,6.54212740309027,6.76301034319095,5.90528701052632,5.86826151927438,6.51472583431953,6.55026886779184,228
