"","year","month","avg_rating","no_ratings","avg_rating_owned","avg_rating_not_owned","avg_rating_prev_owned","avg_rating_comment","avg_rating_no_comment","no_ratings_owned","no_ratings_not_owned","no_ratings_prev_owned","no_ratings_comment","no_ratings_no_comment","cum_no_ratings","cum_no_ratings_owned","cum_no_ratings_not_owned","cum_no_ratings_prev_owned","cum_no_ratings_comment","cum_no_ratings_no_comment","cum_avg_rating","cum_avg_rating_owned","cum_avg_rating_not_owned","cum_avg_rating_prev_owned","cum_avg_rating_comment","cum_avg_rating_no_comment","month_after_release"
"1",2001,6,5.33333333333333,3,6,4,NA,NA,5.33333333333333,2,1,0,0,3,3,2,1,0,0,3,5.33333333333333,6,4,NA,NA,5.33333333333333,1
"2",2001,8,6,4,5.5,6.5,6,6,6,2,2,1,1,3,7,4,3,1,1,6,5.71428571428571,5.75,5.66666666666667,6,6,5.66666666666667,3
"3",2001,9,6,1,6,NA,NA,6,NA,1,0,0,1,0,8,5,3,1,2,6,5.75,5.8,5.66666666666667,6,6,5.66666666666667,4
"4",2001,10,6,3,6.5,5,NA,NA,6,2,1,0,0,3,11,7,4,1,2,9,5.81818181818182,6,5.5,6,6,5.77777777777778,5
"5",2001,11,5.66666666666667,3,7,5,NA,NA,5.66666666666667,1,2,0,0,3,14,8,6,1,2,12,5.78571428571429,6.125,5.33333333333333,6,6,5.75,6
"6",2001,12,6.33333333333333,3,6.33333333333333,NA,NA,NA,6.33333333333333,3,0,0,0,3,17,11,6,1,2,15,5.88235294117647,6.18181818181818,5.33333333333333,6,6,5.86666666666667,7
"7",2002,1,8.5,2,8.5,NA,NA,NA,8.5,2,0,0,0,2,19,13,6,1,2,17,6.15789473684211,6.53846153846154,5.33333333333333,6,6,6.17647058823529,8
"8",2002,2,7,4,7,7,NA,7,7,3,1,0,1,3,23,16,7,1,3,20,6.30434782608696,6.625,5.57142857142857,6,6.33333333333333,6.3,9
"9",2002,3,5,1,5,NA,NA,5,NA,1,0,0,1,0,24,17,7,1,4,20,6.25,6.52941176470588,5.57142857142857,6,6,6.3,10
"10",2002,5,6,1,6,NA,NA,NA,6,1,0,0,0,1,25,18,7,1,4,21,6.24,6.5,5.57142857142857,6,6,6.28571428571429,12
"11",2002,6,4,1,NA,4,NA,NA,4,0,1,0,0,1,26,18,8,1,4,22,6.15384615384615,6.5,5.375,6,6,6.18181818181818,13
"12",2002,7,6.2,5,6.2,NA,NA,6,6.25,5,0,0,1,4,31,23,8,1,5,26,6.16129032258065,6.43478260869565,5.375,6,6,6.19230769230769,14
"13",2002,8,6.125,4,6.66666666666667,4.5,NA,6,6.16666666666667,3,1,0,1,3,35,26,9,1,6,29,6.15714285714286,6.46153846153846,5.27777777777778,6,6,6.18965517241379,15
"14",2002,10,4.33333333333333,3,4.5,4,NA,4,4.5,2,1,0,1,2,38,28,10,1,7,31,6.01315789473684,6.32142857142857,5.15,6,5.71428571428571,6.08064516129032,17
"15",2002,11,7,4,6.66666666666667,8,NA,8,6.66666666666667,3,1,0,1,3,42,31,11,1,8,34,6.10714285714286,6.35483870967742,5.40909090909091,6,6,6.13235294117647,18
"16",2002,12,5.66666666666667,3,7,3,NA,4.5,8,2,1,0,2,1,45,33,12,1,10,35,6.07777777777778,6.39393939393939,5.20833333333333,6,5.7,6.18571428571429,19
"17",2003,1,5.28571428571429,7,6,3.5,NA,4.5,5.6,5,2,0,2,5,52,38,14,1,12,40,5.97115384615385,6.34210526315789,4.96428571428571,6,5.5,6.1125,20
"18",2003,2,5.6,5,6.25,3,NA,NA,5.6,4,1,0,0,5,57,42,15,1,12,45,5.93859649122807,6.33333333333333,4.83333333333333,6,5.5,6.05555555555556,21
"19",2003,3,6.5,4,6.5,NA,NA,NA,6.5,4,0,0,0,4,61,46,15,1,12,49,5.97540983606557,6.34782608695652,4.83333333333333,6,5.5,6.09183673469388,22
"20",2003,4,6,3,6,6,NA,6,6,2,1,0,1,2,64,48,16,1,13,51,5.9765625,6.33333333333333,4.90625,6,5.53846153846154,6.08823529411765,23
"21",2003,5,6.2,5,6.2,NA,NA,8,5,5,0,0,2,3,69,53,16,1,15,54,5.99275362318841,6.32075471698113,4.90625,6,5.86666666666667,6.02777777777778,24
"22",2003,6,7.4,5,7.75,6,6,8,7,4,1,1,2,3,74,57,17,2,17,57,6.08783783783784,6.42105263157895,4.97058823529412,6,6.11764705882353,6.07894736842105,25
"23",2003,7,5.875,16,6,5.5,NA,5.7,5.95454545454545,12,4,0,5,11,90,69,21,2,22,68,6.05,6.34782608695652,5.07142857142857,6,6.02272727272727,6.05882352941176,26
"24",2003,8,5.78571428571429,14,6.25,3,3,7,5.58333333333333,12,2,1,2,12,104,81,23,3,24,80,6.01442307692308,6.33333333333333,4.89130434782609,5,6.10416666666667,5.9875,27
"25",2003,9,6.4,10,6.625,5.5,8,9,6.11111111111111,8,2,1,1,9,114,89,25,4,25,89,6.04824561403509,6.35955056179775,4.94,5.75,6.22,6,28
"26",2003,10,7.25,4,7.25,NA,NA,NA,7.25,4,0,0,0,4,118,93,25,4,25,93,6.08898305084746,6.39784946236559,4.94,5.75,6.22,6.05376344086022,29
"27",2003,11,6.5,6,6.5,NA,NA,6.75,6,6,0,0,4,2,124,99,25,4,29,95,6.10887096774194,6.4040404040404,4.94,5.75,6.29310344827586,6.05263157894737,30
"28",2003,12,5.95,10,6.0625,5.5,NA,3,6.27777777777778,8,2,0,1,9,134,107,27,4,30,104,6.09701492537313,6.3785046728972,4.98148148148148,5.75,6.18333333333333,6.07211538461539,31
"29",2004,1,6,8,6.33333333333333,5,5,5,6.14285714285714,6,2,1,1,7,142,113,29,5,31,111,6.09154929577465,6.37610619469027,4.98275862068965,5.6,6.14516129032258,6.07657657657658,32
"30",2004,2,6.5,6,6.8,5,NA,6.66666666666667,6.33333333333333,5,1,0,3,3,148,118,30,5,34,114,6.10810810810811,6.39406779661017,4.98333333333333,5.6,6.19117647058824,6.08333333333333,33
"31",2004,3,7.6,5,7.6,NA,NA,8,7.5,5,0,0,1,4,153,123,30,5,35,118,6.15686274509804,6.44308943089431,4.98333333333333,5.6,6.24285714285714,6.13135593220339,34
"32",2004,4,6.5,6,6.5,NA,NA,7,6.4,6,0,0,1,5,159,129,30,5,36,123,6.16981132075472,6.44573643410853,4.98333333333333,5.6,6.26388888888889,6.14227642276423,35
"33",2004,5,5.33333333333333,9,5.5,5,NA,5.25,5.4,6,3,0,4,5,168,135,33,5,40,128,6.125,6.4037037037037,4.98484848484848,5.6,6.1625,6.11328125,36
"34",2004,6,5.95454545454545,11,6.5625,4.33333333333333,NA,NA,5.95454545454545,8,3,0,0,11,179,143,36,5,40,139,6.1145251396648,6.41258741258741,4.93055555555556,5.6,6.1625,6.10071942446043,37
"35",2004,7,6.33333333333333,6,6.8,4,NA,5.5,6.75,5,1,0,2,4,185,148,37,5,42,143,6.12162162162162,6.42567567567568,4.90540540540541,5.6,6.13095238095238,6.11888111888112,38
"36",2004,8,5.44444444444444,9,6.66666666666667,3,NA,4.75,6,6,3,0,4,5,194,154,40,5,46,148,6.09020618556701,6.43506493506494,4.7625,5.6,6.01086956521739,6.11486486486486,39
"37",2004,9,5.97777777777778,9,6.26,5.625,7,6.5,5.56,5,4,1,4,5,203,159,44,6,50,153,6.08522167487685,6.42955974842767,4.84090909090909,5.83333333333333,6.05,6.09673202614379,40
"38",2004,10,6.18181818181818,11,6.33333333333333,5.5,NA,6,6.33333333333333,9,2,0,5,6,214,168,46,6,55,159,6.09018691588785,6.42440476190476,4.8695652173913,5.83333333333333,6.04545454545455,6.10566037735849,41
"39",2004,11,6.625,20,6.63888888888889,6.5,NA,6.8,6.56666666666667,18,2,0,5,15,234,186,48,6,60,174,6.13589743589744,6.44516129032258,4.9375,5.83333333333333,6.10833333333333,6.14540229885057,42
"40",2004,12,6.4,5,6.5,6.33333333333333,5.45,5.45,7.03333333333333,2,3,2,2,3,239,188,51,8,62,177,6.14142259414226,6.44574468085106,5.01960784313725,5.7375,6.08709677419355,6.16045197740113,43
"41",2005,1,6.05555555555556,18,5.78571428571429,7,NA,5.33333333333333,6.2,14,4,0,3,15,257,202,55,8,65,192,6.13540856031128,6.4,5.16363636363636,5.7375,6.05230769230769,6.16354166666667,44
"42",2005,2,5.5,16,5.58333333333333,5.25,NA,5.6,5.45454545454545,12,4,0,5,11,273,214,59,8,70,203,6.0981684981685,6.35420560747664,5.16949152542373,5.7375,6.02,6.12512315270936,45
"43",2005,3,6.10714285714286,14,6.1875,6,NA,6.07142857142857,6.14285714285714,8,6,0,7,7,287,222,65,8,77,210,6.098606271777,6.3481981981982,5.24615384615385,5.7375,6.02467532467532,6.12571428571429,46
"44",2005,4,6.25,10,6.41666666666667,6,NA,6.6,5.9,6,4,0,5,5,297,228,69,8,82,215,6.1037037037037,6.35,5.28985507246377,5.7375,6.05975609756098,6.12046511627907,47
"45",2005,5,6.6,10,6.85714285714286,6,6,6.5,6.61111111111111,7,3,1,1,9,307,235,72,9,83,224,6.11986970684039,6.36510638297872,5.31944444444444,5.76666666666667,6.06506024096385,6.14017857142857,48
"46",2005,6,6.367,10,6.58375,5.5,4,5.55666666666667,6.71428571428571,8,2,1,3,7,317,243,74,10,86,231,6.12766561514196,6.37230452674897,5.32432432432432,5.59,6.04732558139535,6.15757575757576,49
"47",2005,7,5.96153846153846,13,5.95,6,NA,6.25,5.90909090909091,10,3,0,2,11,330,253,77,10,88,242,6.12112121212121,6.35561264822134,5.35064935064935,5.59,6.05193181818182,6.14628099173554,50
"48",2005,8,6.18695652173913,23,6.37777777777778,5.5,NA,6.6,6.07222222222222,18,5,0,5,18,353,271,82,10,93,260,6.12541076487252,6.35708487084871,5.35975609756098,5.59,6.08139784946237,6.14115384615385,51
"49",2005,9,5.96153846153846,13,6.27777777777778,5.25,NA,4.6,6.8125,9,4,0,5,8,366,280,86,10,98,268,6.11959016393443,6.35453571428571,5.3546511627907,5.59,6.00581632653061,6.16119402985075,52
"50",2005,10,6.38181818181818,22,6.41578947368421,6.16666666666667,NA,6.84285714285714,6.16666666666667,19,3,0,7,15,388,299,89,10,105,283,6.1344587628866,6.35842809364549,5.38202247191011,5.59,6.06161904761905,6.16148409893993,53
"51",2005,11,6.65789473684211,19,7,5.375,7,6.07142857142857,7,15,4,1,7,12,407,314,93,11,112,295,6.15889434889435,6.38907643312102,5.38172043010753,5.71818181818182,6.06223214285714,6.19559322033898,54
"52",2005,12,5.45833333333333,12,5.9,3.25,NA,5.7,5.28571428571429,10,2,0,5,7,419,324,95,11,117,302,6.13883054892602,6.37398148148148,5.33684210526316,5.71818181818182,6.04675213675214,6.17450331125828,55
"53",2006,1,6.33333333333333,30,6.71428571428571,5.44444444444444,6.5,6.08823529411765,6.65384615384615,21,9,2,17,13,449,345,104,13,134,315,6.15182628062361,6.39469565217391,5.34615384615385,5.83846153846154,6.05201492537313,6.19428571428571,56
"54",2006,2,5.78,15,5.975,5,NA,5.625,5.83636363636364,12,3,0,4,11,464,357,107,13,138,326,6.13980603448276,6.38058823529412,5.33644859813084,5.83846153846154,6.03963768115942,6.18220858895705,57
"55",2006,3,6.10625,16,6.24666666666667,4,6,6,6.17,15,1,1,6,10,480,372,108,14,144,336,6.1386875,6.37518817204301,5.32407407407407,5.85,6.03798611111111,6.18184523809524,58
"56",2006,4,6,17,5.77777777777778,6.25,6,5.75,6.22222222222222,9,8,3,8,9,497,381,116,17,152,345,6.13394366197183,6.36107611548556,5.38793103448276,5.87647058823529,6.02282894736842,6.18289855072464,59
"57",2006,5,5.14285714285714,7,5.8,3.5,NA,4.8,6,5,2,0,5,2,504,386,118,17,157,347,6.12017857142857,6.35380829015544,5.35593220338983,5.87647058823529,5.98388535031847,6.18184438040346,60
"58",2006,6,6.04166666666667,12,6.3125,5.5,6,5.6,6.35714285714286,8,4,2,5,7,516,394,122,19,162,354,6.11835271317829,6.35296954314721,5.36065573770492,5.88947368421053,5.97203703703704,6.18531073446328,61
"59",2006,7,5.86785714285714,28,6,5.47142857142857,3,6.5,5.81923076923077,21,7,1,2,26,544,415,129,20,164,380,6.10545955882353,6.33510843373494,5.36666666666667,5.745,5.9784756097561,6.16026315789474,62
"60",2006,8,5.77272727272727,22,6.03846153846154,5.38888888888889,4.66666666666667,5.5,5.85294117647059,13,9,3,5,17,566,428,138,23,169,397,6.09252650176678,6.32609813084112,5.36811594202899,5.60434782608696,5.96431952662722,6.14710327455919,63
"61",2006,9,6.19047619047619,21,6.3125,5.8,NA,6,6.22222222222222,16,5,0,3,18,587,444,143,23,172,415,6.09603066439523,6.32560810810811,5.38321678321678,5.60434782608696,5.96494186046511,6.15036144578313,64
"62",2006,10,6.45,30,6.60526315789474,6.18181818181818,NA,7.125,6.20454545454545,19,11,0,8,22,617,463,154,23,180,437,6.1132414910859,6.33708423326134,5.44025974025974,5.60434782608696,6.0165,6.15308924485126,65
"63",2006,11,6.11333333333333,15,6.55833333333333,4.33333333333333,NA,5,6.67,12,3,0,5,10,632,475,157,23,185,447,6.11324367088608,6.34267368421053,5.41910828025478,5.60434782608696,5.98902702702703,6.16465324384787,66
"64",2006,12,6.04878048780488,41,6.46666666666667,4.90909090909091,5.5,5.88888888888889,6.09375,30,11,2,9,32,673,505,168,25,194,479,6.10931649331352,6.3500396039604,5.38571428571429,5.596,5.98438144329897,6.15991649269311,67
"65",2007,1,6.04444444444444,45,6.2741935483871,5.53571428571429,4.5,5.81818181818182,6.11764705882353,31,14,1,11,34,718,536,182,26,205,513,6.10525069637883,6.34565298507463,5.39725274725275,5.55384615384615,5.97546341463415,6.15711500974659,68
"66",2007,2,6.01851851851852,27,6.30555555555556,5.44444444444444,7,5.83333333333333,6.07142857142857,18,9,3,6,21,745,554,191,29,211,534,6.10210738255034,6.34435018050541,5.39947643979058,5.70344827586207,5.97142180094787,6.15374531835206,69
"67",2007,3,5.9,21,5.92142857142857,5.85714285714286,5.66666666666667,6.05714285714286,5.82142857142857,14,7,3,7,14,766,568,198,32,218,548,6.09656657963446,6.33392605633803,5.41565656565657,5.7,5.97417431192661,6.14525547445255,70
"68",2007,4,5.59565217391304,23,5.74705882352941,5.16666666666667,4.33333333333333,4.28571428571429,6.16875,17,6,3,7,16,789,585,204,35,225,564,6.08196451204056,6.31687179487179,5.40833333333333,5.58285714285714,5.92164444444444,6.1459219858156,71
"69",2007,5,6.064,25,6.34117647058823,5.475,NA,5.625,6.27058823529412,17,8,0,8,17,814,602,212,35,233,581,6.08141277641278,6.31755813953488,5.41084905660377,5.58285714285714,5.91145922746781,6.14956970740103,72
"70",2007,6,6.53478260869565,23,6.55555555555556,6.46,NA,6.5,6.54705882352941,18,5,0,6,17,837,620,217,35,239,598,6.09387096774194,6.32446774193548,5.43502304147465,5.58285714285714,5.92623430962343,6.16086956521739,73
"71",2007,7,5.86666666666667,30,6.23913043478261,4.64285714285714,5,5.54166666666667,6.08333333333333,23,7,2,12,18,867,643,224,37,251,616,6.0860092272203,6.32141524105754,5.41026785714286,5.55135135135135,5.90784860557769,6.1586038961039,74
"72",2007,8,6.1375,24,6.48947368421053,4.8,NA,4.875,6.39,19,5,0,4,20,891,662,229,37,255,636,6.08739618406285,6.32623867069486,5.39694323144105,5.55135135135135,5.89164705882353,6.16588050314465,75
"73",2007,9,6.36206896551724,29,6.60869565217391,5.41666666666667,5,6.38461538461539,6.34375,23,6,2,13,16,920,685,235,39,268,652,6.09605434782609,6.33572262773723,5.39744680851064,5.52307692307692,5.91555970149254,6.17024539877301,76
"74",2007,10,6.4703125,32,6.46875,6.475,6.15,6.72916666666667,6.315,24,8,2,12,20,952,709,243,41,280,672,6.10863445378151,6.34022566995769,5.43292181069959,5.55365853658537,5.95042857142857,6.17455357142857,77
"75",2007,11,6.1,30,6.26086956521739,5.57142857142857,4.33333333333333,5.6,6.35,23,7,3,10,20,982,732,250,44,290,692,6.10837067209776,6.33773224043716,5.4368,5.47045454545454,5.93834482758621,6.17962427745665,78
"76",2007,12,6.01875,48,6.18157894736842,5.4,4,6.02631578947368,6.01379310344828,38,10,1,19,29,1030,770,260,45,309,721,6.10419417475728,6.33002597402597,5.43538461538462,5.43777777777778,5.94375404530744,6.17295423023578,79
"77",2008,1,6.23529411764706,51,6.17441860465116,6.5625,6.5,6.54545454545455,6,43,8,2,22,29,1081,813,268,47,331,750,6.11037927844588,6.32179581795818,5.46902985074627,5.48297872340425,5.98374622356495,6.16626666666667,80
"78",2008,2,6.23958333333333,48,6.61290322580645,5.55882352941176,6.375,5.9,6.39393939393939,31,17,4,15,33,1129,844,285,51,346,783,6.11587245349867,6.33248815165877,5.47438596491228,5.55294117647059,5.98011560693642,6.17586206896552,81
"79",2008,3,5.52173913043478,23,5.53571428571429,5.5,5,6,5.35294117647059,14,9,1,6,17,1152,858,294,52,352,800,6.10401041666667,6.31948717948718,5.47517006802721,5.54230769230769,5.98045454545455,6.158375,82
"80",2008,4,6.28225806451613,31,6.70238095238095,5.4,2,6.225,6.30952380952381,21,10,1,10,21,1183,879,304,53,362,821,6.10868131868132,6.32863481228669,5.47269736842105,5.47547169811321,5.98720994475138,6.16224116930572,83
"81",2008,5,6.52083333333333,36,7.31590909090909,5.27142857142857,4.875,6.19230769230769,6.70652173913043,22,14,4,13,23,1219,901,318,57,375,844,6.1208531583265,6.35274139844617,5.46383647798742,5.43333333333333,5.99432,6.17707345971564,84
"82",2008,6,6.12857142857143,28,6.52727272727273,4.66666666666667,4,5.71666666666667,6.24090909090909,22,6,1,6,22,1247,923,324,58,381,866,6.12102646351243,6.3569014084507,5.44907407407407,5.40862068965517,5.98994750656168,6.17869515011547,85
"83",2008,7,5.925,42,5.99464285714286,5.78571428571429,6.125,6.01315789473684,5.85217391304348,28,14,4,19,23,1289,951,338,62,400,889,6.11463925523662,6.34623554153523,5.46301775147929,5.45483870967742,5.99105,6.17024746906637,86
"84",2008,8,6.21794871794872,39,6.46153846153846,5.73076923076923,5.5,5.35,6.51724137931035,26,13,7,10,29,1328,977,351,69,410,918,6.11767319277108,6.34930399181167,5.47293447293447,5.45942028985507,5.97541463414634,6.1812091503268,87
"85",2008,9,6.09459459459459,37,6.25185185185185,5.67,5,6.1625,6.07586206896552,27,10,4,8,29,1365,1004,361,73,418,947,6.11704761904762,6.34668326693227,5.47839335180055,5.43424657534247,5.97899521531101,6.17798310454065,88
"86",2008,10,5.71739130434783,23,6.26666666666667,4.6875,4.375,3.83333333333333,6,15,8,4,3,20,1388,1019,369,77,421,967,6.11042507204611,6.34550539744848,5.46124661246612,5.37922077922078,5.9637054631829,6.17430196483971,89
"87",2008,11,5.496875,32,6.145,4.41666666666667,4.5,4.28571428571429,5.836,20,12,5,7,25,1420,1039,381,82,428,992,6.0965985915493,6.341645813282,5.42834645669291,5.32560975609756,5.93626168224299,6.16577620967742,90
"88",2008,12,6,45,6.07258064516129,5.83928571428571,5.6,5.875,6.04545454545455,31,14,5,12,33,1465,1070,395,87,440,1025,6.09363139931741,6.33385046728972,5.44291139240506,5.34137931034483,5.93459090909091,6.16190243902439,91
"89",2009,1,6.26818181818182,66,6.4625,5.75,5.85,6.08333333333333,6.30925925925926,48,18,10,12,54,1531,1118,413,97,452,1079,6.10115610711953,6.33937388193202,5.45629539951574,5.39381443298969,5.93853982300885,6.16927710843374,92
"90",2009,2,6.11176470588235,51,6.25757575757576,5.84444444444444,5.83333333333333,5.53571428571429,6.32972972972973,33,18,6,14,37,1582,1151,431,103,466,1116,6.10149810366625,6.33702867072111,5.47250580046404,5.41941747572815,5.92643776824034,6.17459677419355,93
"91",2009,3,6.2469387755102,49,6.58125,5.61764705882353,6,6.15,6.27179487179487,32,17,4,10,39,1631,1183,448,107,476,1155,6.10586756591049,6.34363482671175,5.47801339285714,5.4411214953271,5.93113445378151,6.17787878787879,94
"92",2009,4,6.26382978723404,47,6.4962962962963,5.95,6,6.68888888888889,6.16315789473684,27,20,3,9,38,1678,1210,468,110,485,1193,6.11029201430274,6.34704132231405,5.49818376068376,5.45636363636363,5.94519587628866,6.17740989103101,95
"93",2009,5,6.29574468085106,47,6.48,5.97058823529412,NA,5.46666666666667,6.4921052631579,30,17,0,9,38,1725,1240,485,110,494,1231,6.11534492753623,6.35025806451613,5.51474226804124,5.45636363636363,5.93647773279352,6.18712428919578,96
"94",2009,6,6.32045454545455,44,6.48571428571429,6.03125,6.4,6.86666666666667,6.18,28,16,5,9,35,1769,1268,501,115,503,1266,6.12044657998869,6.35324921135647,5.5312375249501,5.49739130434782,5.9531212723658,6.18692733017378,97
"95",2009,7,6.38039215686275,51,6.55277777777778,5.96666666666667,6.25,6.54545454545455,6.335,36,15,6,11,40,1820,1304,516,121,514,1306,6.12773076923077,6.35875766871166,5.54389534883721,5.53471074380165,5.96579766536965,6.19146248085758,98
"96",2009,8,6.26176470588235,34,6.52173913043478,5.71818181818182,6,5.94,6.39583333333333,23,11,2,10,24,1854,1327,527,123,524,1330,6.13018878101402,6.36158251695554,5.54753320683112,5.54227642276423,5.96530534351145,6.19515037593985,99
"97",2009,9,6.37368421052632,38,6.52692307692308,6.04166666666667,6.6,6,6.47333333333333,26,12,5,8,30,1892,1353,539,128,532,1360,6.13507928118393,6.36475979305248,5.55853432282004,5.58359375,5.96582706766917,6.20128676470588,100
"98",2009,10,6.21481481481482,54,6.60588235294118,5.55,5.2,6.27272727272727,6.2,34,20,5,11,43,1946,1387,559,133,543,1403,6.13729188078109,6.37067051189618,5.558228980322,5.56917293233083,5.97204419889503,6.20124732715609,101
"99",2009,11,5.89423076923077,52,5.9,5.88235294117647,6,5.88235294117647,5.9,35,17,6,17,35,1998,1422,576,139,560,1438,6.13096596596597,6.35908579465542,5.56779513888889,5.58776978417266,5.96932142857143,6.19391515994437,102
"100",2009,12,6.18,60,6.41315789473684,5.77727272727273,6.35714285714286,6.57142857142857,6.12830188679245,38,22,7,7,53,2058,1460,598,146,567,1491,6.13239552964043,6.36049315068493,5.5755016722408,5.62465753424657,5.97675485008818,6.19158283031522,103
"101",2010,1,6.3015873015873,63,6.628,5.04615384615385,5.08333333333333,5.69166666666667,6.44509803921569,50,13,6,12,51,2121,1510,611,152,579,1542,6.13742102781707,6.36935099337748,5.56423895253682,5.60328947368421,5.97084628670121,6.19996757457847,104
"102",2010,2,6.22325581395349,43,6.54583333333333,5.81578947368421,6,5.70454545454545,6.4015625,24,19,2,11,32,2164,1534,630,154,590,1574,6.13912661737523,6.37211212516297,5.5718253968254,5.60844155844156,5.9658813559322,6.20406607369759,105
"103",2010,3,6.33157894736842,38,6.44615384615385,6.08333333333333,5.875,7.2,6.2,26,12,4,5,33,2202,1560,642,158,595,1607,6.14244777475023,6.37334615384616,5.58138629283489,5.61518987341772,5.97625210084034,6.203982576229,106
"104",2010,4,6.02682926829268,41,6.28928571428571,5.46153846153846,4,5.725,6.15172413793103,28,13,2,12,29,2243,1588,655,160,607,1636,6.14033437360678,6.37186397984887,5.57900763358778,5.595,5.97128500823723,6.20305623471883,107
"105",2010,5,6.39736842105263,38,6.79583333333333,5.71428571428571,6.5,7.25,6.17,24,14,2,8,30,2281,1612,669,162,615,1666,6.14461639631741,6.37817617866005,5.58183856502242,5.60617283950617,5.98791869918699,6.20246098439376,108
"106",2010,6,6.26060606060606,33,6.41666666666667,5.84444444444444,6,6,6.30714285714286,24,9,3,5,28,2314,1636,678,165,620,1694,6.14627052722558,6.37874083129585,5.58532448377581,5.61333333333333,5.98801612903226,6.20419126328217,109
"107",2010,7,6.14333333333333,30,6.325,5.78,6.5,7.125,5.99230769230769,20,10,1,4,26,2344,1656,688,166,624,1720,6.14623293515358,6.37809178743962,5.58815406976744,5.61867469879518,5.99530448717949,6.20098837209302,110
"108",2010,8,6.2625,36,6.438,5.86363636363636,5.375,6.45454545454545,6.178,25,11,4,11,25,2380,1681,699,170,635,1745,6.14799159663866,6.37898274836407,5.59248927038627,5.61294117647059,6.00325984251968,6.20065902578797,111
"109",2010,9,6.14285714285714,28,6.42105263157895,5.55555555555556,4.5,6.125,6.15,19,9,2,8,20,2408,1700,708,172,643,1765,6.14793189368771,6.37945294117647,5.5920197740113,5.6,6.00477449455676,6.2000849858357,112
"110",2010,10,6.7875,40,6.92592592592593,6.5,7,6.72222222222222,6.80645161290323,27,13,5,9,31,2448,1727,721,177,652,1796,6.15838235294118,6.38799652576723,5.60839112343967,5.63954802259887,6.01467791411043,6.21055122494432,113
"111",2010,11,6.22980769230769,52,6.6,5.31666666666667,5.75,6.33333333333333,6.19875,37,15,5,12,40,2500,1764,736,182,664,1836,6.159868,6.3924433106576,5.60244565217391,5.64258241758242,6.02043674698795,6.21029411764706,114
"112",2010,12,6.14545454545455,55,6.38461538461539,5.5625,6,5.45454545454545,6.31818181818182,39,16,2,11,44,2555,1803,752,184,675,1880,6.15955772994129,6.39227398779812,5.60159574468085,5.64646739130435,6.01121481481481,6.21281914893617,115
"113",2011,1,6.57457627118644,59,6.71063829787234,6.04166666666667,6,6.5,6.588,47,12,2,9,50,2614,1850,764,186,684,1930,6.16892501912778,6.40036216216216,5.60850785340314,5.6502688172043,6.01764619883041,6.22253886010363,116
"114",2011,2,6.44615384615385,52,6.84594594594595,5.46,4.8,4.78571428571429,6.70444444444444,37,15,5,7,45,2666,1887,779,191,691,1975,6.17433233308327,6.4090990990991,5.60564826700899,5.62801047120419,6.00516642547033,6.23351898734177,117
"115",2011,3,6.33875,64,6.53906976744186,5.92857142857143,6.11111111111111,6.13,6.37740740740741,43,21,9,10,54,2730,1930,800,200,701,2029,6.17818681318681,6.41199481865285,5.614125,5.64975,6.00694721825963,6.23734844751109,118
"116",2011,4,5.84358974358974,39,6.336,4.96428571428571,5.07142857142857,5.72222222222222,5.88,25,14,7,9,30,2769,1955,814,207,710,2059,6.17347417840376,6.41102301790281,5.6029484029484,5.63019323671497,6.00333802816901,6.23214181641574,119
"117",2011,5,6.5,32,6.775,6.04166666666667,6.5,6.83333333333333,6.42307692307692,20,12,2,6,26,2801,1975,826,209,716,2085,6.1772045697965,6.41470886075949,5.6093220338983,5.63851674641148,6.01029329608938,6.23452278177458,120
"118",2011,6,6.46153846153846,39,6.59677419354839,5.9375,5,7.125,6.29032258064516,31,8,2,8,31,2840,2006,834,211,724,2116,6.18110915492958,6.4175224327019,5.61247002398081,5.6324644549763,6.02261049723757,6.23534026465028,121
"119",2011,7,6.49230769230769,39,7.128,5.35714285714286,5.25,5.9,6.57941176470588,25,14,4,5,34,2879,2031,848,215,729,2150,6.18532476554359,6.42626784835057,5.60825471698113,5.6253488372093,6.0217695473251,6.24078139534884,122
"120",2011,8,6.19428571428571,56,6.53953488372093,5.05230769230769,5.75,5.78909090909091,6.29333333333333,43,13,2,11,45,2935,2074,861,217,740,2195,6.18549574105622,6.42861620057859,5.5998606271777,5.62649769585253,6.01831081081081,6.24185876993166,123
"121",2011,9,6.39634146341463,41,6.75,5.71428571428571,5.4,6.75,6.31060606060606,27,14,5,8,33,2976,2101,875,222,748,2228,6.18840053763441,6.43274631128034,5.60169142857143,5.6213963963964,6.02613636363636,6.24287701974866,124
"122",2011,10,6.32,45,6.54545454545455,5.7,6.13333333333333,5.95,6.42571428571429,33,12,3,10,35,3021,2134,887,225,758,2263,6.19036080767958,6.43448922211809,5.6030214205186,5.62822222222222,6.02513192612137,6.24570481661511,125
"123",2011,11,6.00425531914894,47,6.45806451612903,5.125,4.42857142857143,5.62,6.10810810810811,31,16,7,10,37,3068,2165,903,232,768,2300,6.18750977835724,6.43482678983834,5.59455149501661,5.59202586206897,6.01985677083333,6.24349130434783,126
"124",2011,12,5.95754716981132,53,6.27857142857143,5.33333333333333,5.58333333333333,5.375,6.1280487804878,35,18,6,12,41,3121,2200,921,238,780,2341,6.1836046139058,6.43234090909091,5.58944625407166,5.59180672268907,6.0099358974359,6.2414694574968,127
"125",2012,1,6.34649122807018,57,6.73648648648649,5.625,4.9,5.625,6.53888888888889,37,20,5,12,45,3178,2237,941,243,792,2386,6.18652611705475,6.43737147966026,5.59020191285866,5.5775720164609,6.00410353535354,6.24707879295893,128
"126",2012,2,6.71702127659574,47,6.80909090909091,6.5,7,6.86363636363636,6.67222222222222,33,14,5,11,36,3225,2270,955,248,803,2422,6.19425736434109,6.44277533039648,5.60353926701571,5.60625,6.01587795765878,6.25339801816681,129
"127",2012,3,6.77543859649123,57,6.9925,6.26470588235294,5.6,6.75,6.78085106382979,40,17,5,10,47,3282,2310,972,253,813,2469,6.20435100548446,6.45229437229438,5.61510288065844,5.60612648221344,6.02490774907749,6.26343863912515,130
"128",2012,4,6.36458333333333,48,6.70833333333333,5.33333333333333,5.2,6.6875,6.3,36,12,5,8,40,3330,2346,984,258,821,2509,6.20666066066066,6.45622335890878,5.61166666666667,5.59825581395349,6.03136419001218,6.26402152251893,131
"129",2012,5,6.19166666666667,54,6.29054054054054,5.97647058823529,5.8,6.13461538461539,6.20975609756098,37,17,5,13,41,3384,2383,1001,263,834,2550,6.20642139479906,6.45365086026018,5.61786213786214,5.60209125475285,6.03297362110312,6.26314901960784,132
"130",2012,6,6.86888888888889,45,6.93939393939394,6.675,6.75,6.75,6.91212121212121,33,12,4,12,33,3429,2416,1013,267,846,2583,6.21511519393409,6.46028559602649,5.63038499506417,5.61928838951311,6.04314420803783,6.27144018583043,133
"131",2012,7,6.22607843137255,51,6.50882352941176,5.66058823529412,5.5,5.825,6.3006976744186,34,17,3,8,43,3480,2450,1030,270,854,2626,6.21527586206897,6.46095918367347,5.63088349514563,5.61796296296296,6.04110070257611,6.27191926884996,134
"132",2012,8,6.3953488372093,43,6.58333333333333,5.96153846153846,6,6.71428571428571,6.33333333333333,30,13,3,7,36,3523,2480,1043,273,861,2662,6.21747374396821,6.46243951612903,5.63500479386385,5.62216117216117,6.0465737514518,6.2727498121713,135
"133",2012,9,6.40208333333333,48,6.57222222222222,5.89166666666667,5.675,6.6,6.38409090909091,36,12,4,4,44,3571,2516,1055,277,865,2706,6.21995519462336,6.46401033386328,5.63792417061611,5.62292418772563,6.04913294797688,6.27456023651146,136
"134",2012,10,6.49090909090909,44,6.90689655172414,5.68666666666667,5.6,5.33333333333333,6.57560975609756,29,15,5,3,41,3615,2545,1070,282,868,2747,6.2232531120332,6.46905697445973,5.63860747663551,5.62251773049645,6.04665898617511,6.27905351292319,137
"135",2012,11,6.435,50,6.9765625,5.47222222222222,5.21428571428571,5.65384615384615,6.70945945945946,32,18,7,13,37,3665,2577,1088,289,881,2784,6.22614188267394,6.47535894450912,5.63585477941176,5.61262975778547,6.04086265607264,6.28477370689655,138
"136",2012,12,6.29057971014493,69,6.42410714285714,5.71538461538462,6.14285714285714,7.21875,6.16885245901639,56,13,7,8,61,3734,2633,1101,296,889,2845,6.22733261917515,6.47426889479681,5.63679382379655,5.62516891891892,6.05146231721035,6.28228822495606,139
"137",2013,1,6.30555555555556,72,6.44791666666667,6.02083333333333,6.14285714285714,6.25,6.30970149253731,48,24,7,5,67,3806,2681,1125,303,894,2912,6.22881240147136,6.47379709063782,5.64498666666667,5.63712871287129,6.05257270693512,6.28291895604396,140
"138",2013,2,6.32685185185185,54,6.67030303030303,5.78714285714286,5.21428571428571,5,6.433,33,21,7,4,50,3860,2714,1146,310,898,2962,6.23018393782384,6.47618644067797,5.64759162303665,5.62758064516129,6.04788418708241,6.28545239702903,141
"139",2013,3,6.57547169811321,53,6.7972972972973,6.0625,6,5.92857142857143,6.67391304347826,37,16,2,7,46,3913,2751,1162,312,905,3008,6.23486072067468,6.48050527081062,5.65330464716007,5.62996794871795,6.04696132596685,6.29139295212766,142
"140",2013,4,6.564,50,6.76764705882353,6.13125,6,7.33333333333333,6.51489361702128,34,16,3,3,47,3963,2785,1178,315,908,3055,6.23901337370679,6.48401077199282,5.65979626485569,5.63349206349206,6.05121145374449,6.29483142389525,143
"141",2013,5,6.42340425531915,47,6.64166666666667,5.70909090909091,5.5375,5.56111111111111,6.62763157894737,36,11,8,9,38,4010,2821,1189,323,917,3093,6.24117456359102,6.48602268699043,5.66025231286796,5.63111455108359,6.04640130861505,6.29892014225671,144
"142",2013,6,6.36818181818182,44,6.63333333333333,5.8,5.7,7,6.24864864864865,30,14,6,7,37,4054,2851,1203,329,924,3130,6.24255303404046,6.48757278148018,5.66187863674148,5.63237082066869,6.05362554112554,6.29832587859425,145
"143",2013,7,6.36739130434783,46,6.45428571428571,6.09090909090909,6.08333333333333,5.64285714285714,6.4974358974359,35,11,6,7,39,4100,2886,1214,335,931,3169,6.24395365853659,6.48716909216909,5.66576606260296,5.64044776119403,6.05053705692804,6.30077627011676,146
"144",2013,8,6.60267857142857,56,6.90121951219512,5.78666666666667,6.83333333333333,6.9,6.57352941176471,41,15,3,5,51,4156,2927,1229,338,936,3220,6.24878729547642,6.49296891014691,5.66724165988609,5.65103550295858,6.05507478632479,6.30509627329193,147
"145",2013,9,6.4364406779661,59,6.48372093023256,6.309375,7.375,6.45454545454545,6.43229166666667,43,16,4,11,48,4215,2970,1245,342,947,3268,6.25141399762752,6.49283501683502,5.67549397590361,5.67119883040936,6.05971488912355,6.30696450428397,148
"146",2013,10,6.25438596491228,57,6.28571428571429,6.16666666666667,5.4,5.81818181818182,6.35869565217391,42,15,5,11,46,4272,3012,1260,347,958,3314,6.2514536516854,6.48994687915007,5.68134126984127,5.66729106628242,6.05694154488518,6.30768255884128,149
"147",2013,11,6.45098039215686,51,6.875,5.43333333333333,4.91666666666667,6.71875,6.40116279069767,36,15,3,8,43,4323,3048,1275,350,966,3357,6.25380754105945,6.49449475065617,5.67842352941176,5.66085714285714,6.06242236024845,6.3088799523384,150
"148",2013,12,6.35797101449275,69,6.48333333333333,6.07142857142857,5.6,6.05,6.43636363636364,48,21,5,14,55,4392,3096,1296,355,980,3412,6.25544398907104,6.49432170542636,5.68479166666666,5.66,6.06224489795918,6.31093493552169,151
"149",2014,1,6.07556818181818,88,6.33852459016393,5.48148148148148,5.94444444444444,5.17692307692308,6.23133333333333,61,27,9,13,75,4480,3157,1323,364,993,3487,6.25191071428572,6.49131137155528,5.68064247921391,5.66703296703296,6.05065458207452,6.30922282764554,152
"150",2014,2,6.4463768115942,69,6.616,6,5.75,7.07142857142857,6.3758064516129,50,19,6,7,62,4549,3207,1342,370,1000,3549,6.25486040888108,6.49325537885875,5.68516393442623,5.66837837837838,6.0578,6.31038602423218,153
"151",2014,3,6.29814814814815,54,6.57948717948718,5.56666666666667,6,5.375,6.372,39,15,2,4,50,4603,3246,1357,372,1004,3599,6.25536823810559,6.49429143561306,5.6838540899042,5.67016129032258,6.0550796812749,6.31124201166991,154
"152",2014,4,6.12884615384615,52,6.4,5.225,5.5,5.35,6.27045454545455,40,12,2,8,44,4655,3286,1369,374,1012,3643,6.25395488721805,6.49314363968351,5.67983199415632,5.66925133689839,6.04950592885376,6.31074938237716,155
"153",2014,5,6.425,54,6.65731707317073,5.69230769230769,5.7,6.75,6.384375,41,13,5,6,48,4709,3327,1382,379,1018,3691,6.25591633043109,6.49516681695221,5.6799493487699,5.66965699208443,6.05363457760314,6.31170685451097,156
"154",2014,6,6.27272727272727,33,6.5,5.875,6.3,6.74,6.18928571428571,21,12,5,5,28,4742,3348,1394,384,1023,3719,6.25603331927457,6.49519713261649,5.68162840746054,5.67786458333333,6.05698924731183,6.31078515730035,157
"155",2014,7,6.22,40,6.29642857142857,6.04166666666667,6.5,5.75,6.24473684210526,28,12,5,2,38,4782,3376,1406,389,1025,3757,6.25573191133417,6.49354857819905,5.68470128022759,5.68843187660668,6.05639024390244,6.31011711471919,158
"156",2014,8,6.006,65,6.32790697674419,5.37681818181818,4.33333333333333,6.68777777777778,5.89642857142857,43,22,6,9,56,4847,3419,1428,395,1034,3813,6.25238291726841,6.49146534074291,5.67995798319328,5.66784810126582,6.06188588007737,6.30404143718857,159
"157",2014,9,5.98877551020408,49,6.35147058823529,5.16666666666667,5,6.66875,5.85609756097561,34,15,2,8,41,4896,3453,1443,397,1042,3854,6.24974468954248,6.49008688097307,5.67462231462231,5.66448362720403,6.06654510556622,6.29927607680332,160
"158",2014,10,6.21517857142857,56,6.64404761904762,4.92857142857143,4.83333333333333,6.48888888888889,6.16276595744681,42,14,6,9,47,4952,3495,1457,403,1051,3901,6.24935379644588,6.49193705293276,5.66745367192862,5.65210918114144,6.0701617507136,6.29763137657011,161
"159",2014,11,6.40939393939394,66,6.6068085106383,5.92105263157895,7.5,6.16888888888889,6.44736842105263,47,19,2,9,57,5018,3542,1476,405,1060,3958,6.25145874850538,6.49346132128741,5.67071815718157,5.66123456790123,6.071,6.29978777160182,162
"160",2014,12,6.46428571428571,70,6.81666666666667,5.69545454545455,5.27142857142857,6.24166666666667,6.51034482758621,48,22,7,12,58,5088,3590,1498,412,1072,4016,6.25438679245283,6.49778272980502,5.67108144192256,5.65461165048544,6.07291044776119,6.30282868525896,163
"161",2015,1,6.21515151515151,99,6.21772151898734,6.205,5.71428571428571,6.1,6.22808988764045,79,20,7,10,89,5187,3669,1518,419,1082,4105,6.25363794100636,6.49175252112292,5.67811594202898,5.65560859188544,6.07316081330869,6.30120828258222,164
"162",2015,2,6.53432835820896,67,6.68490566037736,5.96428571428571,5.625,6.46153846153846,6.55185185185185,53,14,4,13,54,5254,3722,1532,423,1095,4159,6.25721735820327,6.49450295540032,5.68073107049608,5.65531914893617,6.07777168949772,6.30446261120462,165
"163",2015,3,6.22121212121212,66,6.44186046511628,5.80869565217391,5.18333333333333,6.76111111111111,6.1359649122807,43,23,6,9,57,5320,3765,1555,429,1104,4216,6.25677067669173,6.49390172642762,5.68262379421222,5.64871794871795,6.08334239130435,6.30218453510436,166
"164",2015,4,6.57206896551724,58,6.86904761904762,5.7925,5.33333333333333,6.12857142857143,6.63294117647059,42,16,3,7,51,5378,3807,1571,432,1111,4267,6.26017106731127,6.49804045179932,5.68374283895608,5.64652777777778,6.08362736273627,6.30613780173424,167
"165",2015,5,6.80757575757576,66,6.97446808510638,6.39473684210526,6,6.04166666666667,6.97777777777778,47,19,5,12,54,5444,3854,1590,437,1123,4321,6.26680749448935,6.50385054488843,5.69223899371069,5.65057208237986,6.08317898486198,6.31453135848183,168
"166",2015,6,6.4359649122807,57,6.55590909090909,6.03,6.5,6.226,6.48063829787234,44,13,4,10,47,5501,3898,1603,441,1133,4368,6.26856026177059,6.50443817342227,5.69497816593886,5.65827664399093,6.08443954104148,6.31631868131868,169
"167",2015,7,6.515625,64,6.47916666666667,6.625,6.75,6.68181818181818,6.4811320754717,48,16,4,11,53,5565,3946,1619,445,1144,4421,6.27140161725067,6.50413076533198,5.70416924027177,5.66808988764045,6.09018356643357,6.31829450350599,170
"168",2015,8,6.521,70,6.790625,5.93272727272727,5.22,6.28571428571429,6.57982142857143,48,22,5,14,56,5635,3994,1641,450,1158,4477,6.27450221827862,6.50757386079119,5.70723339427178,5.66311111111111,6.09254749568221,6.32156578065669,171
"169",2015,9,6.26481481481482,54,6.55434782608696,4.6,6,5.64285714285714,6.35744680851064,46,8,3,7,47,5689,4040,1649,453,1165,4524,6.27441026542451,6.50810643564357,5.70186173438447,5.66534216335541,6.08984549356223,6.32193854995579,172
"170",2015,10,6.25483870967742,62,6.51388888888889,5.89615384615385,6.11111111111111,5.66666666666667,6.35471698113208,36,26,9,9,53,5751,4076,1675,462,1174,4577,6.27419926969223,6.50815750736016,5.7048776119403,5.67402597402597,6.08660136286201,6.32231811230063,173
"171",2015,11,6.18333333333333,51,6.32903225806452,5.9575,6.55,5.5,6.24148936170213,31,20,3,4,47,5802,4107,1695,465,1178,4624,6.27340055153396,6.50680545410275,5.70785840707964,5.67967741935484,6.08460950764007,6.32149653979239,174
"172",2015,12,6.24024390243902,82,6.58103448275862,5.41666666666667,5.55555555555556,6.24285714285714,6.24,58,24,9,7,75,5884,4165,1719,474,1185,4699,6.27293847722638,6.50783913565426,5.70379290285049,5.67732067510548,6.08554430379747,6.32019578633752,175
"173",2016,1,6.42723214285714,112,6.662,5.95135135135135,5.71428571428571,7.07857142857143,6.33418367346939,75,37,7,14,98,5996,4240,1756,481,1199,4797,6.27582054703136,6.51056603773585,5.70900911161731,5.67785862785863,6.09713928273561,6.32048155096935,176
"174",2016,2,6.35810810810811,74,6.60384615384615,5.77727272727273,5.6,6,6.3955223880597,52,22,5,7,67,6070,4292,1778,486,1206,4864,6.276823723229,6.51169617893756,5.70985376827896,5.67705761316872,6.09657545605307,6.32151521381579,177
"175",2016,3,6.06136363636364,88,6.49056603773585,5.41142857142857,4.92857142857143,6.22857142857143,6.02972972972973,53,35,7,14,74,6158,4345,1813,493,1220,4938,6.27374472231244,6.51143843498274,5.70409266409266,5.66643002028397,6.09809016393443,6.31714256784123,178
"176",2016,4,6.53292682926829,82,6.77,5.88636363636364,5,6.75,6.52179487179487,60,22,5,4,78,6240,4405,1835,498,1224,5016,6.27715064102564,6.51496027241771,5.70627792915531,5.65973895582329,6.10022058823529,6.32032496012759,179
"177",2016,5,6.54058823529412,85,6.67265625,6.13809523809524,5.9,6.45833333333333,6.5541095890411,64,21,5,12,73,6325,4469,1856,503,1236,5089,6.28069090909091,6.5172186171403,5.71116379310345,5.66212723658052,6.10369741100324,6.32367852230301,180
"178",2016,6,5.79850746268657,67,5.9469387755102,5.39444444444444,6.66666666666667,5.33333333333333,5.87068965517241,49,18,3,9,58,6392,4518,1874,506,1245,5147,6.27563673341677,6.51103364320496,5.70812166488794,5.66808300395257,6.09812851405623,6.31857392655916,181
"179",2016,7,6.5218253968254,63,6.81337209302326,5.895,5.4375,5.8,6.58405172413793,43,20,4,5,58,6455,4561,1894,510,1250,5205,6.27803950426026,6.51388401666301,5.71009503695881,5.66627450980392,6.096936,6.32153218059558,182
"180",2016,8,6.3703488372093,86,6.56212121212121,5.7375,5.55555555555556,6.5,6.34932432432432,66,20,9,12,74,6541,4627,1914,519,1262,5279,6.27925317229781,6.5145720769397,5.71038140020898,5.66435452793834,6.10076862123613,6.32192176548589,183
"181",2016,9,6.209375,80,6.38181818181818,5.83,7.4,5.94117647058824,6.28174603174603,55,25,5,17,63,6621,4682,1939,524,1279,5342,6.27840885062679,6.51301260145237,5.71192367199587,5.68091603053435,6.09864738076622,6.32144795956571,184
"182",2016,10,6.62011494252874,87,6.8844262295082,6,5.8,6.925,6.56164383561644,61,26,5,14,73,6708,4743,1965,529,1293,5415,6.28284063804413,6.51778937381404,5.71573536895674,5.6820415879017,6.10759474091261,6.32468605724838,185
"183",2016,11,6.7010989010989,91,6.7987012987013,6.16428571428571,6.3,7.05,6.65802469135802,77,14,5,10,81,6799,4820,1979,534,1303,5496,6.28843874099132,6.52227697095436,5.7189085396665,5.6878277153558,6.11482732156562,6.32959879912664,186
"184",2016,12,6.33221276595745,94,6.59273846153846,5.74827586206897,5.76,5.6875,6.39218604651163,65,29,5,8,86,6893,4885,2008,539,1311,5582,6.28903568837952,6.52321453428864,5.71933266932271,5.68849721706864,6.11221967963387,6.33056305983518,187
"185",2017,1,6.49496644295302,149,6.74698275862069,5.60909090909091,5.8,6.04285714285714,6.54185185185185,116,33,5,14,135,7042,5001,2041,544,1325,5717,6.29339292814541,6.5284049190162,5.71755022048015,5.68952205882353,6.11148679245283,6.33555238761588,188
"186",2017,2,6.29368421052632,95,6.6695652173913,5.29615384615385,4.83333333333333,6.02727272727273,6.32857142857143,69,26,9,11,84,7137,5070,2067,553,1336,5801,6.29339680538041,6.53032603550296,5.7122496371553,5.6755877034358,6.11079341317365,6.33545130149974,189
"187",2017,3,6.26419540229885,87,6.50303278688525,5.70384615384615,7,5.61428571428571,6.3210625,61,26,3,7,80,7224,5131,2093,556,1343,5881,6.29304512735327,6.53000155915027,5.71214524605829,5.68273381294964,6.10820551005212,6.33525556878082,190
"188",2017,4,6.37674418604651,86,6.70833333333333,5.61153846153846,5.33333333333333,6.38461538461539,6.37534246575343,60,26,3,13,73,7310,5191,2119,559,1356,5954,6.29402982216142,6.53206280100174,5.71091080698442,5.68085867620751,6.11085545722714,6.33574706079946,191
"189",2017,5,6.22560975609756,82,6.53728813559322,5.42608695652174,6.5,6.53076923076923,6.16811594202899,59,23,7,13,69,7392,5250,2142,566,1369,6023,6.29327083333333,6.53212152380952,5.70785247432306,5.69098939929328,6.11484295105917,6.33382666445293,192
"190",2017,6,6.66935483870968,62,6.81818181818182,6.30555555555556,5.2,6.1,6.71929824561404,44,18,5,5,57,7454,5294,2160,571,1374,6080,6.2963989804132,6.53449905553457,5.71283333333333,5.68669001751313,6.11478893740902,6.33744046052632,193
"191",2017,7,6.59731182795699,93,6.81041666666667,5.86666666666667,5,7.29230769230769,6.484375,72,21,6,13,80,7547,5366,2181,577,1387,6160,6.30010706240891,6.53820126723817,5.71431453461715,5.67954939341421,6.12582552271089,6.3393487012987,194
"192",2017,8,6.4226582278481,79,6.66166666666667,5.66789473684211,5,6.4,6.42418918918919,60,19,6,5,74,7626,5426,2200,583,1392,6234,6.30137660634671,6.53956653151493,5.71391363636363,5.67255574614065,6.12681034482759,6.34035579082451,195
"193",2017,9,6.48915662650602,83,6.8265306122449,6.00294117647059,5.66666666666667,6.11111111111111,6.53513513513514,49,34,6,9,74,7709,5475,2234,589,1401,6308,6.30339836554676,6.54213479452055,5.71831244404655,5.67249575551782,6.12670949321913,6.3426407736208,196
"194",2017,10,6.27789473684211,95,6.4875,5.84516129032258,5.64,6.54166666666667,6.23975903614458,64,31,5,12,83,7804,5539,2265,594,1413,6391,6.30308790363916,6.54150352049106,5.72004856512141,5.67222222222222,6.13023354564756,6.34130464716007,197
"195",2017,11,6.70066666666667,90,6.82028985507246,6.30761904761905,6.8,6.13636363636364,6.77924050632911,69,21,5,11,79,7894,5608,2286,599,1424,6470,6.30762072460096,6.54493366619116,5.72544619422572,5.68163606010016,6.1302808988764,6.34665193199382,198
"196",2017,12,6.75405882352941,119,6.7588024691358,6.74394736842105,6.5,6.20666666666667,6.83300961538462,81,38,8,15,104,8013,5689,2324,607,1439,6574,6.31425071758393,6.54797873088416,5.74209982788296,5.69242174629324,6.13107713690062,6.3543460602373,199
"197",2018,1,6.33032467532468,154,6.55275862068966,5.65131578947368,5.57142857142857,6.246875,6.34,116,38,7,16,138,8167,5805,2362,614,1455,6712,6.31455381413004,6.54807424633936,5.74063928873836,5.69104234527687,6.13235051546392,6.35405110250298,200
"198",2018,2,6.16290697674419,86,6.45396825396825,5.36565217391304,5.35714285714286,6.8625,6.09115384615385,63,23,7,8,78,8253,5868,2385,621,1463,6790,6.3129735853629,6.54706390593047,5.73702306079664,5.68727858293075,6.13634313055366,6.35103107511046,201
"199",2018,3,6.50481730769231,104,6.71388888888889,6.03440625,5.5,5.937625,6.55208333333333,72,32,3,8,96,8357,5940,2417,624,1471,6886,6.3153610147182,6.54908602693603,5.7409602813405,5.6863782051282,6.13526240652617,6.35383401103689,202
"200",2018,4,6.51973684210526,76,6.62222222222222,6.26818181818182,5.44444444444444,6.625,6.51388888888889,54,22,9,4,72,8433,5994,2439,633,1475,6958,6.317202893395,6.54974491157825,5.74571586715867,5.68293838862559,6.13659050847458,6.35549022707675,203
"201",2018,5,6.345,72,6.52271186440678,5.53846153846154,5.33333333333333,6.58333333333333,6.32333333333333,59,13,3,6,66,8505,6053,2452,636,1481,7024,6.31743821281599,6.54948141417479,5.74461704730832,5.6812893081761,6.13840040513167,6.35518806947608,204
"202",2018,6,6.32028926470588,68,6.59726522727273,5.8125,6,6.67,6.25999431034483,44,24,4,10,58,8573,6097,2476,640,1491,7082,6.31746082701505,6.54982625389536,5.74527504038772,5.68328125,6.14196579476861,6.3544084538266,205
"203",2018,7,6.51931818181818,88,6.81746031746032,5.768,4.75,6,6.57848101265823,63,25,2,9,79,8661,6160,2501,642,1500,7161,6.31951179655929,6.55256342045455,5.74550219912035,5.6803738317757,6.141114,6.35688041753945,206
"204",2018,8,6.4885,100,6.81928571428571,5.71666666666667,5.8125,7.32727272727273,6.38483146067416,70,30,8,11,89,8761,6230,2531,650,1511,7250,6.32144066544915,6.55556030016051,5.74516041090478,5.682,6.14974917273329,6.35722354068965,207
"205",2018,9,6.505666625,80,6.74922216666667,5.775,6,7.1,6.42076185714286,60,20,3,10,70,8841,6290,2551,653,1521,7320,6.32310768012668,6.55740763116057,5.74539435515484,5.68346094946401,6.15599671268902,6.35783114754098,208
"206",2018,10,6.58765957446809,94,6.61323943661972,6.50869565217391,6.7,6.67857142857143,6.57175,71,23,5,14,80,8935,6361,2574,658,1535,7400,6.32589087856743,6.55803081276529,5.75221484071484,5.69118541033435,6.16076286644951,6.36014378378378,209
"207",2018,11,6.42735849056604,106,6.644,5.90322580645161,5.5,5.3,6.54479166666667,75,31,8,10,96,9041,6436,2605,666,1545,7496,6.32708052206614,6.55903262896209,5.75401190019194,5.68888888888889,6.15519158576052,6.36250853788687,210
"208",2018,12,6.38760683760684,117,6.58961538461538,5.98358974358974,5.92727272727273,6,6.40132743362832,78,39,11,4,113,9158,6514,2644,677,1549,7609,6.32785378903691,6.55939883328216,5.7573982602118,5.69276218611521,6.15479083279535,6.36308503088448,211
"209",2019,1,6.40436129251701,147,6.54614254716981,6.03780487804878,6.41666666666667,6.05294117647059,6.45031623076923,106,41,9,17,130,9305,6620,2685,686,1566,7739,6.32906245137023,6.55918657250755,5.7616800744879,5.70225947521866,6.15368518518519,6.36455034371366,212
"210",2019,2,6.62397159574468,94,6.81201873239437,6.04347826086957,6.33333333333333,6.6,6.62620151162791,71,23,3,8,86,9399,6691,2708,689,1574,7825,6.33201185658049,6.56186944253475,5.7640734859675,5.70500725689405,6.15595362134689,6.36742599872204,213
"211",2019,3,6.45252252252252,111,6.61013698630137,6.14973684210526,6.05555555555556,6.36666666666667,6.46009803921569,73,38,9,9,102,9510,6764,2746,698,1583,7927,6.33341844794953,6.56239036664695,5.76941041514931,5.70952722063037,6.15715161086544,6.36861844834111,214
"212",2019,4,6.31287128712871,101,6.60323943661972,5.62566666666667,5.33333333333333,6,6.35909090909091,71,30,6,13,88,9611,6835,2776,704,1596,8015,6.33320252211008,6.56281469495245,5.76785698847262,5.70632102272727,6.15587155388471,6.3685138415471,215
"213",2019,5,6.75935483870968,93,7.08885245901639,6.13125,4.33333333333333,7.01666666666667,6.72123456790123,61,32,3,12,81,9704,6896,2808,707,1608,8096,6.33728662819456,6.5674678712297,5.77199821937322,5.70049504950495,6.16229539800995,6.37204279150197,216
"214",2019,6,6.37386363636364,88,6.74561403508772,5.69032258064516,4.4,5.55555555555556,6.46708860759494,57,31,5,9,79,9792,6953,2839,712,1617,8175,6.33761534313725,6.5689282956997,5.77110637548433,5.69136235955056,6.15891836734694,6.37296127706422,217
"215",2019,7,6.6160396039604,101,6.82742857142857,6.13870967741935,6,7,6.59178947368421,70,31,6,6,95,9893,7023,2870,718,1623,8270,6.34045784291924,6.57150483269258,5.77507700348432,5.69394150417827,6.16202772643253,6.37547502297461,218
"216",2019,8,6.28414414414414,111,6.59461538461538,5.55030303030303,6,6.47692307692308,6.25857142857143,78,33,8,13,98,10004,7101,2903,726,1636,8368,6.33983301079568,6.5717586875088,5.77252187392353,5.69731404958678,6.16452995110024,6.37410593212237,219
"217",2019,9,6.19659090909091,88,6.425,5.70714285714286,5.75,6.46666666666667,6.15394736842105,60,28,4,12,76,10092,7161,2931,730,1648,8444,6.33858397146254,6.57052903784388,5.77189730467417,5.69760273972603,6.16672997572816,6.37212440075793,220
"218",2019,10,6.67567567567568,111,6.90476190476191,5.96296296296296,6,6.26666666666667,6.72525252525253,84,27,6,12,99,10203,7245,2958,736,1660,8543,6.34225124375184,6.57440420151829,5.77364131169709,5.70006793478261,6.16745240963856,6.37621660306684,221
"219",2019,11,6.7915,119,7.04985975609756,6.21891891891892,6.2125,6.5,6.83678155339806,82,37,8,16,103,10322,7327,2995,744,1676,8646,6.34743053090486,6.57972525453801,5.77914223706177,5.70557795698925,6.17062708830549,6.3817033240805,222
"220",2019,12,6.62859259259259,135,6.87333333333333,5.95555555555556,5.625,7.08333333333333,6.58422764227642,99,36,8,12,123,10457,7426,3031,752,1688,8769,6.35106033661662,6.5836395017506,5.78123754536457,5.70472074468085,6.17711552132702,6.384544068879,223
"221",2020,1,6.55463544444444,180,6.68898030075188,6.17446808510638,6.08333333333333,6.14285714285714,6.60902125786164,133,47,12,21,159,10637,7559,3078,764,1709,8928,6.35450524772022,6.58549296467787,5.7872420402859,5.71066753926702,6.17669455822118,6.38854181451613,224
"222",2020,2,6.42719424460432,139,6.67727272727273,5.9956862745098,4.36666666666667,6.375,6.43212598425197,88,51,6,12,127,10776,7647,3129,770,1721,9055,6.35544286562732,6.58654914607035,5.79063950143816,5.7001948051948,6.17807728065079,6.38915309994478,225
"223",2020,3,6.55713470149254,134,6.8690875,5.87380952380952,6.05,6.36666666666667,6.58114327731092,92,42,8,15,119,10910,7739,3171,778,1736,9174,6.35792010724106,6.58990791704354,5.79174109113844,5.70379177377892,6.17970679723502,6.39164348920863,226
"224",2020,4,6.65498664,125,6.75545135416667,6.32241379310345,6.3,6.4,6.67959061403509,96,29,5,11,114,11035,7835,3200,783,1747,9288,6.3612851563208,6.59193627313338,5.7965503125,5.70759897828863,6.18109387521465,6.39517772394487,227
"225",2020,5,6.65193203821656,157,6.78752870689655,6.26829268292683,5.66666666666667,7.14666666666667,6.59967133802817,116,41,9,15,142,11192,7951,3241,792,1762,9430,6.36536231504646,6.59478984152937,5.80251804998457,5.70713383838384,6.18931384790011,6.39825705514316,228
"226",2020,6,6.62541941666667,120,6.8753622826087,5.80417857142857,7.017,7.29166666666667,6.55139194444444,92,28,1,12,108,11312,8043,3269,793,1774,9538,6.36812105374823,6.5979991744374,5.80253227286632,5.70878562421185,6.19677057497182,6.39999102117844,229
"227",2020,7,6.5,120,6.79880952380952,5.80277777777778,5.375,6.93888888888889,6.42254901960784,84,36,4,18,102,11432,8127,3305,797,1792,9640,6.36950536738978,6.60007473360403,5.80253494704992,5.7071104140527,6.20422488839286,6.40022970539419,230
"228",2020,8,6.40684563758389,149,6.67134615384615,5.79555555555556,4.85714285714286,6.12105263157895,6.44861538461538,104,45,7,19,130,11581,8231,3350,804,1811,9770,6.36998578361109,6.60097525938525,5.80244119402985,5.69971019900497,6.20335229155163,6.40087352712384,231
"229",2020,9,6.60406504065041,123,6.91648351648352,5.715625,5.6,6.55,6.61214953271028,91,32,4,16,107,11704,8322,3382,808,1827,9877,6.37244577580314,6.60442530161019,5.80161975162626,5.69921658415841,6.20638806787083,6.40316233269211,232
"230",2020,10,6.50239726027397,146,6.57037037037037,6.30921052631579,6.21666666666667,6.46190476190476,6.5092,108,38,9,21,125,11850,8430,3420,817,1848,10002,6.37404686582278,6.60398901067616,5.80725964912281,5.70491676866585,6.20929166666667,6.4044875384923,233
"231",2020,11,6.58797687861272,173,6.84219512195122,5.9626,6.01625,6.88181818181818,6.56802469135802,123,50,8,11,162,12023,8553,3470,825,1859,10164,6.37712512351327,6.60741463346194,5.80949798270893,5.70793575757576,6.21327111350188,6.40709409287682,234
"232",2020,12,6.4422641509434,212,6.67903448275862,5.92985074626866,5.45833333333333,6.57,6.4251871657754,145,67,12,25,187,12235,8698,3537,837,1884,10351,6.37825380956273,6.60860857208554,5.81177777777778,5.70435722819594,6.21800477707006,6.40742096029369,235
"233",2021,1,6.57691564315353,241,6.72182541666667,6.24342465753425,6.17647058823529,6.82692307692308,6.54668218604651,168,73,17,26,215,12476,8866,3610,854,1910,10566,6.38209137784546,6.61075389465373,5.82050637119114,5.71375526932084,6.22629371727749,6.41025468767745,236
"234",2021,2,6.6513958125,160,6.95426423423423,5.96530612244898,5.5,7.33157894736842,6.55973992907801,111,49,7,19,141,12636,8977,3659,861,1929,10707,6.38550137385248,6.61500137685195,5.82244547690626,5.71201742160279,6.23718040435459,6.41222325207808,237
"235",2021,3,6.7,150,6.85094339622642,6.33636363636364,5.46,6.63333333333333,6.70909090909091,106,44,5,18,132,12786,9083,3703,866,1947,10839,6.38919094009072,6.617754856325,5.82855198487713,5.7105623556582,6.24084283513097,6.41583857920472,238
"236",2021,4,6.495,116,6.6304347826087,5.97583333333333,5.5,6.375,6.50388888888889,92,24,2,8,108,12902,9175,3727,868,1955,10947,6.39014225391412,6.61788200108992,5.82950040246847,5.71007718894009,6.24139181585678,6.41670725860966,239
"237",2021,5,6.72383333333333,120,6.9653164556962,6.25853658536585,6.025,7.5,6.69706896551724,79,41,4,4,116,13022,9254,3768,872,1959,11063,6.39321727538012,6.62084799654203,5.83416878980892,5.71152178899082,6.2439617151608,6.41964696375305,240
"238",2021,6,6.39271681415929,113,6.75836,5.67105263157895,5,6.55682608695652,6.35077777777778,75,38,5,23,90,13135,9329,3806,877,1982,11153,6.39321296992767,6.62195351699003,5.83254019968471,5.70746522234892,6.24759233097881,6.41909121850623,241
"239",2021,7,6.65648715384615,130,6.88818181818182,6.17103166666667,5.49047571428571,7.10714285714286,6.60209767241379,88,42,7,14,116,13265,9417,3848,884,1996,11269,6.39579311647192,6.62444136773919,5.8362347531185,5.70574697963801,6.25362124248497,6.42097503682669,242
"240",2021,8,6.65383561643836,146,6.90767676767677,6.11914893617021,5.42222222222222,6.24,6.7012213740458,99,47,9,15,131,13411,9516,3895,893,2011,11400,6.39860231824621,6.6273880159731,5.8396486084724,5.70288950727883,6.25351964196917,6.42419541140351,243
"241",2021,9,6.51327959677419,124,6.77767072289157,5.97804878048781,6.7,7.00357142857143,6.45087881818182,83,41,5,14,110,13535,9599,3936,898,2025,11510,6.39965292648689,6.62868747056985,5.84109027693089,5.70844134743875,6.25870518518519,6.42445042224153,244
"242",2021,10,6.51068181818182,132,6.80397727272727,5.92409090909091,3.58,6.75,6.4776724137931,88,44,2,16,116,13667,9687,3980,900,2041,11626,6.40072527694446,6.63027986270259,5.84200787185929,5.70371147777778,6.26255658990691,6.42498145191811,245
"243",2021,11,6.37719222972973,148,6.45296296296296,6.17261125,5.92857142857143,6.38888888888889,6.37557269230769,108,40,7,18,130,13815,9795,4020,907,2059,11756,6.40047316757148,6.62832476059214,5.84529745771144,5.70544689084895,6.26366100048567,6.4244350808098,246
"244",2021,12,6.49816581280788,203,6.66935875,6.08033898305085,6.3,6.31333333333333,6.51614951351351,144,59,5,18,185,14018,9939,4079,912,2077,11941,6.401887891996,6.62891927658718,5.84869717577837,5.70870650219298,6.2640914780934,6.42585599782263,247
"245",2022,1,6.41988311688312,308,6.5928779342723,6.03201052631579,5.94444444444444,6.66857142857143,6.388,213,95,18,35,273,14326,10152,4174,930,2112,12214,6.40227477802597,6.62816309003152,5.85286937709631,5.71326917204301,6.27079450757576,6.42500986327165,248
"246",2022,2,6.55058823529412,170,6.80877192982456,6.025,5.88888888888889,7.11764705882353,6.48758169934641,114,56,9,17,153,14496,10266,4230,939,2129,12367,6.40401410527042,6.63016868205727,5.8551481749409,5.71495242811501,6.27755659934242,6.42578397913803,249
"247",2022,3,6.43150795918367,147,6.68030161904762,5.80952380952381,5.4,5.308,6.51351583941606,105,42,5,10,137,14643,10371,4272,944,2139,12504,6.40429011404767,6.63067624722784,5.85469962078652,5.71328424788136,6.27302384291725,6.42674521273192,250
"248",2022,4,6.64398014285714,140,6.88539603960396,6.01877487179487,6,6.33333333333333,6.65078262773723,101,39,2,3,137,14783,10472,4311,946,2142,12641,6.40656005952783,6.63313296027502,5.8561839480399,5.71389041226216,6.27310830999066,6.42917327426628,251
"249",2022,5,6.49255479452055,146,6.6858380952381,5.99756097560976,4.5,5.95238095238095,6.583304,105,41,3,21,125,14929,10577,4352,949,2163,12766,6.40740105566347,6.63365617471873,5.85751585477941,5.71005303477344,6.26999445214979,6.43068246592511,252
"250",2022,6,6.61744966442953,149,6.80096153846154,6.19333333333333,5,6.3,6.6330985915493,104,45,4,7,142,15078,10681,4397,953,2170,12908,6.40947674492638,6.63528521299504,5.86095269501933,5.70707274921301,6.27009124423963,6.43290923148435,253
"251",2022,7,6.90669014084507,142,7.1540404040404,6.33720930232558,6.5,7,6.90111940298507,99,43,4,8,134,15220,10780,4440,957,2178,13042,6.4141156609724,6.64004929128015,5.86556509009009,5.71038696969697,6.27277226813591,6.43771985585033,254
"252",2022,8,6.48212895104895,143,6.76464646464646,5.84646454545455,5.375,6.5,6.48092865671642,99,44,4,9,134,15363,10879,4484,961,2187,13176,6.41474873397123,6.64118313815608,5.86537766280107,5.70899097814776,6.27370736168267,6.43815928961749,255
"253",2022,9,6.64198412698413,126,6.85722222222222,6.10388888888889,4.625,6.53571428571429,6.65526785714286,90,36,4,14,112,15489,10969,4520,965,2201,13288,6.41659724966105,6.64295572613729,5.86727730973451,5.70449775129534,6.27537392094503,6.43998922335942,256
"254",2022,10,6.50383333333333,150,6.6168137254902,6.26375,6.5,6.2375,6.53563432835821,102,48,7,16,134,15639,11071,4568,972,2217,13422,6.41743396636614,6.64271487309186,5.87144339754816,5.71022667695473,6.27510058637799,6.44094410669051,257
"255",2022,11,6.57341772151899,158,6.74414414414414,6.17021276595745,4,6.61538461538461,6.56965517241379,111,47,5,13,145,15797,11182,4615,977,2230,13567,6.4189941001456,6.64372172777678,5.8744861191766,5.70147423746162,6.27708430493274,6.44231973170192,258
"256",2022,12,6.77340540540541,185,7.02161290322581,6.26885245901639,6.43,7.16666666666667,6.7230487804878,124,61,4,21,164,15982,11306,4676,981,2251,13731,6.42309659617069,6.64786629754113,5.87963076133447,5.70444478083588,6.28538338516215,6.44567269681742,259
