"","year","month","avg_rating","no_ratings","avg_rating_owned","avg_rating_not_owned","avg_rating_prev_owned","avg_rating_comment","avg_rating_no_comment","no_ratings_owned","no_ratings_not_owned","no_ratings_prev_owned","no_ratings_comment","no_ratings_no_comment","cum_no_ratings","cum_no_ratings_owned","cum_no_ratings_not_owned","cum_no_ratings_prev_owned","cum_no_ratings_comment","cum_no_ratings_no_comment","cum_avg_rating","cum_avg_rating_owned","cum_avg_rating_not_owned","cum_avg_rating_prev_owned","cum_avg_rating_comment","cum_avg_rating_no_comment","month_after_release"
"1",2003,11,7.07142857142857,7,7.25,7,NA,7,7.125,2,5,0,3,4,7,2,5,0,3,4,7.07142857142857,7.25,7,NA,7,7.125,0
"2",2003,12,7.58,5,7.3,8,NA,8,7.475,3,2,0,1,4,12,5,7,0,4,8,7.28333333333333,7.28,7.28571428571429,NA,7.25,7.3,1
"3",2004,1,7.3,5,8,6.83333333333333,6.5,6.83333333333333,8,2,3,1,3,2,17,7,10,1,7,10,7.28823529411765,7.48571428571429,7.15,6.5,7.07142857142857,7.44,2
"4",2004,2,6.66666666666667,3,NA,6.66666666666667,NA,6,7,0,3,0,1,2,20,7,13,1,8,12,7.195,7.48571428571429,7.03846153846154,6.5,6.9375,7.36666666666667,3
"5",2004,3,7.64285714285714,7,7.875,7.33333333333333,NA,8.5,7,4,3,0,3,4,27,11,16,1,11,16,7.31111111111111,7.62727272727273,7.09375,6.5,7.36363636363636,7.275,4
"6",2004,4,7.53571428571429,14,7.90909090909091,6.16666666666667,6.5,7.78571428571429,7.28571428571429,11,3,1,7,7,41,22,19,2,18,23,7.38780487804878,7.76818181818182,6.94736842105263,6.5,7.52777777777778,7.27826086956522,5
"7",2004,5,7.75,8,8.5,7.3,NA,8,7,3,5,0,6,2,49,25,24,2,24,25,7.4469387755102,7.856,7.02083333333333,6.5,7.64583333333333,7.256,6
"8",2004,6,7.55555555555556,9,8,7,NA,7,7.83333333333333,5,4,0,3,6,58,30,28,2,27,31,7.46379310344828,7.88,7.01785714285714,6.5,7.57407407407407,7.36774193548387,7
"9",2004,7,7.33333333333333,6,8.33333333333333,6.33333333333333,NA,8,6,3,3,0,4,2,64,33,31,2,31,33,7.4515625,7.92121212121212,6.95161290322581,6.5,7.62903225806452,7.28484848484849,8
"10",2004,8,7.5,6,8.33333333333333,6.66666666666667,8,7,8.5,3,3,1,4,2,70,36,34,3,35,35,7.45571428571429,7.95555555555555,6.92647058823529,7,7.55714285714286,7.35428571428571,9
"11",2004,9,7.8125,8,7.78571428571429,8,NA,8.25,7.66666666666667,7,1,0,2,6,78,43,35,3,37,41,7.49230769230769,7.92790697674419,6.95714285714286,7,7.59459459459459,7.4,10
"12",2004,10,7.25,4,6.75,7.75,NA,6.5,7.5,2,2,0,1,3,82,45,37,3,38,44,7.48048780487805,7.87555555555555,7,7,7.56578947368421,7.40681818181818,11
"13",2004,11,7.77777777777778,9,7.85714285714286,7.5,NA,7.83333333333333,7.66666666666667,7,2,0,6,3,91,52,39,3,44,47,7.50989010989011,7.87307692307692,7.02564102564103,7,7.60227272727273,7.42340425531915,12
"14",2004,12,7.375,8,7.9,6.5,6,7.625,7.125,5,3,1,4,4,99,57,42,4,48,51,7.4989898989899,7.87543859649123,6.98809523809524,6.75,7.60416666666667,7.4,13
"15",2005,1,7.29411764705882,17,7.5,6.91666666666667,7,7.11111111111111,7.5,11,6,1,9,8,116,68,48,5,57,59,7.46896551724138,7.81470588235294,6.97916666666667,6.8,7.52631578947368,7.4135593220339,14
"16",2005,2,7.35714285714286,7,7.25,7.5,NA,7.66666666666667,7.125,4,3,0,3,4,123,72,51,5,60,63,7.46260162601626,7.78333333333333,7.00980392156863,6.8,7.53333333333333,7.39523809523809,15
"17",2005,3,6.875,8,7.75,6,NA,5.66666666666667,7.6,4,4,0,3,5,131,76,55,5,63,68,7.42671755725191,7.78157894736842,6.93636363636364,6.8,7.44444444444444,7.41029411764706,16
"18",2005,4,7.8875,8,8.66666666666667,7.42,8,7.5,8.275,3,5,1,4,4,139,79,60,6,67,72,7.45323741007194,7.81518987341772,6.97666666666667,7,7.44776119402985,7.45833333333333,17
"19",2005,5,7.05833333333333,12,8,6.87,NA,7.08333333333333,7.03333333333333,2,10,0,6,6,151,81,70,6,73,78,7.42185430463576,7.81975308641975,6.96142857142857,7,7.41780821917808,7.42564102564103,18
"20",2005,6,7.96875,8,8.16666666666667,7.375,NA,8.2,7.58333333333333,6,2,0,5,3,159,87,72,6,78,81,7.44937106918239,7.84367816091954,6.97291666666667,7,7.46794871794872,7.43148148148148,19
"21",2005,7,7.13636363636364,11,7.08333333333333,7.2,NA,7,7.16666666666667,6,5,0,2,9,170,93,77,6,80,90,7.42911764705882,7.79462365591398,6.98766233766234,7,7.45625,7.405,20
"22",2005,8,7.40909090909091,22,7.6,7.25,7,7.42857142857143,7.375,10,12,4,14,8,192,103,89,10,94,98,7.42682291666667,7.77572815533981,7.02303370786517,7,7.45212765957447,7.40255102040816,21
"23",2005,9,7.72727272727273,11,8.3,7.25,9,7.78571428571429,7.625,5,6,1,7,4,203,108,95,11,101,102,7.44310344827586,7.8,7.03736842105263,7.18181818181818,7.47524752475248,7.41127450980392,22
"24",2005,10,7.671875,32,8.07142857142857,6.90909090909091,7,7.625,7.7,21,11,2,12,20,235,129,106,13,113,122,7.47425531914894,7.84418604651163,7.02405660377358,7.15384615384615,7.49115044247788,7.45860655737705,23
"25",2005,11,7.68695652173913,23,7.90625,7.18571428571429,7.25,7.45833333333333,7.93636363636364,16,7,2,12,11,258,145,113,15,125,133,7.49321705426357,7.85103448275862,7.03407079646018,7.16666666666667,7.488,7.49812030075188,24
"26",2005,12,7.625,20,7.86666666666667,6.9,7,7.57692307692308,7.71428571428571,15,5,1,13,7,278,160,118,16,138,140,7.50269784172662,7.8525,7.02838983050847,7.15625,7.4963768115942,7.50892857142857,25
"27",2006,1,7.5875,24,7.85714285714286,7.21,7.33333333333333,7.4375,7.6625,14,10,3,8,16,302,174,128,19,146,156,7.50943708609272,7.85287356321839,7.042578125,7.18421052631579,7.49315068493151,7.52467948717949,26
"28",2006,2,7.34705882352941,17,7.9875,6.77777777777778,7.5,7.29,7.42857142857143,8,9,2,10,7,319,182,137,21,156,163,7.50078369905956,7.85879120879121,7.02518248175182,7.21428571428571,7.48012820512821,7.52055214723926,27
"29",2006,3,7.22222222222222,18,7.64285714285714,6.95454545454545,NA,7.2125,7.23,7,11,0,8,10,337,189,148,21,164,173,7.48590504451039,7.85079365079365,7.01993243243243,7.21428571428571,7.46707317073171,7.50375722543353,28
"30",2006,4,7.15833333333333,24,7.36666666666667,6.81111111111111,7.5,7,7.29230769230769,15,9,1,11,13,361,204,157,22,175,186,7.46412742382272,7.81519607843137,7.00796178343949,7.22727272727273,7.43771428571429,7.48897849462366,29
"31",2006,5,7.91666666666667,12,8.22222222222222,7,NA,8.14285714285714,7.6,9,3,0,7,5,373,213,160,22,182,191,7.47868632707775,7.83239436619718,7.0078125,7.22727272727273,7.46483516483517,7.49188481675393,30
"32",2006,6,7.29384615384615,13,7.6025,6.8,NA,6.91666666666667,7.61714285714286,8,5,0,6,7,386,221,165,22,188,198,7.47246113989637,7.82407239819005,7.00151515151515,7.22727272727273,7.44734042553192,7.49631313131313,31
"33",2006,7,7.69375,16,8.42857142857143,7.12222222222222,NA,7.6,7.73636363636364,7,9,0,5,11,402,228,174,22,193,209,7.48126865671642,7.84263157894737,7.00775862068965,7.22727272727273,7.45129533678757,7.50894736842105,32
"34",2006,8,7.7,20,8.04545454545454,7.27777777777778,8,7.91666666666667,7.60714285714286,11,9,1,6,14,422,239,183,23,199,223,7.49163507109005,7.85196652719665,7.02103825136612,7.26086956521739,7.46532663316583,7.51511210762332,33
"35",2006,9,7.625,16,8.125,7.125,6.5,7.83333333333333,7.5,8,8,3,6,10,438,247,191,26,205,233,7.49650684931507,7.86080971659919,7.02539267015707,7.17307692307692,7.47609756097561,7.5144635193133,34
"36",2006,10,7.66153846153846,26,7.8875,7.3,8,7.5,7.82307692307692,16,10,1,13,13,464,263,201,27,218,246,7.50575431034483,7.86243346007605,7.03905472636816,7.2037037037037,7.47752293577982,7.53077235772358,35
"37",2006,11,7.325,30,8.02333333333333,6.62666666666667,6.5,7.625,7.175,15,15,1,10,20,494,278,216,28,228,266,7.49477732793522,7.87111510791367,7.01041666666667,7.17857142857143,7.48399122807018,7.50402255639098,36
"38",2006,12,7.13548387096774,31,7.74705882352941,6.39285714285714,6,7.20833333333333,7.08947368421053,17,14,1,12,19,525,295,230,29,240,285,7.4735619047619,7.86396610169492,6.97282608695652,7.13793103448276,7.47020833333333,7.47638596491228,37
"39",2007,1,7.20294117647059,34,7.9,6.65263157894737,7,7.57142857142857,7.10740740740741,15,19,1,7,27,559,310,249,30,247,312,7.45710196779964,7.86570967741935,6.94839357429719,7.13333333333333,7.47307692307692,7.44445512820513,38
"40",2007,2,7.1836625,36,7.83,6.375740625,NA,6.92307692307692,7.33095,20,16,0,13,23,595,330,265,30,260,335,7.44055773109244,7.86354545454545,6.91381830188679,7.13333333333333,7.44557692307692,7.43666223880597,39
"41",2007,3,7.38666666666667,30,7.70588235294118,6.96923076923077,7,7.68571428571429,7.125,17,13,3,14,16,625,347,278,33,274,351,7.43797096,7.85582132564841,6.9164095323741,7.12121212121212,7.45784671532847,7.42245541310541,40
"42",2007,4,7.11818181818182,22,7.425,6.75,7,7.0125,7.17857142857143,12,10,2,8,14,647,359,288,35,282,365,7.42709714064915,7.84142061281337,6.91063142361111,7.11428571428571,7.44521276595745,7.41310095890411,41
"43",2007,5,7.30357142857143,28,7.26666666666667,7.34615384615385,7.4,7.25,7.325,15,13,5,8,20,675,374,301,40,290,385,7.42197311111111,7.81836898395722,6.92944136212625,7.15,7.4398275862069,7.40852428571428,42
"44",2007,6,7.048,25,7.725,6.42307692307692,7.5,7.38181818181818,6.78571428571429,12,13,2,11,14,700,386,314,42,301,399,7.40861692857143,7.81546632124352,6.90847722929936,7.16666666666667,7.43770764119601,7.38667130325814,43
"45",2007,7,7.0765625,32,7.45833333333333,6.58571428571429,7.23333333333333,7.08571428571429,7.06944444444444,18,14,3,14,18,732,404,328,45,315,417,7.39410088797814,7.79955445544554,6.89470076219512,7.17111111111111,7.42206349206349,7.37297805755396,44
"46",2007,8,7.19354838709677,31,7.3,7.09375,7.5,6.94444444444444,7.29545454545455,15,16,1,9,22,763,419,344,46,324,439,7.38595262123198,7.78167064439141,6.90395886627907,7.17826086956522,7.4087962962963,7.3690930523918,45
"47",2007,9,7.31590909090909,22,7.95416666666667,6.55,6.83333333333333,6.975,7.6,12,10,3,10,12,785,431,354,49,334,451,7.38398961783439,7.78647331786543,6.89396002824859,7.15714285714286,7.39580838323353,7.37523691796009,46
"48",2007,10,7.361875,32,7.74461538461538,7.1,7.125,7.4425,7.28125,13,19,4,16,16,817,444,373,53,350,467,7.38312343941248,7.78524774774775,6.90445536193029,7.15471698113208,7.39794285714286,7.37201680942184,47
"49",2007,11,6.86304347826087,46,7.10526315789474,6.69259259259259,8,7.62,6.65277777777778,19,27,2,10,36,863,463,400,55,360,503,7.35540191193511,7.757343412527,6.890154625,7.18545454545455,7.40411111111111,7.32054045725646,48
"50",2007,12,6.84642857142857,56,7.73076923076923,6.08,6,7.225,6.63611111111111,26,30,3,20,36,919,489,430,58,380,539,7.32438721436344,7.75593047034765,6.83363220930232,7.12413793103448,7.39468421052631,7.27482717996289,49
"51",2008,1,6.75102564102564,39,7.73,5.34375,NA,6.875,6.69592592592593,23,16,0,12,27,958,512,446,58,392,566,7.30104577244259,7.754765625,6.78018352017937,7.12413793103448,7.37877551020408,7.24721174911661,50
"52",2008,2,7.04242424242424,33,7.78461538461538,6.56,5,7.075,7.01176470588235,13,20,1,16,17,991,525,466,59,408,583,7.29243375378406,7.75550476190476,6.77073358369099,7.08813559322034,7.36686274509804,7.24034622641509,51
"53",2008,3,7.07894736842105,19,7.55555555555556,6.65,7.33333333333333,6.75,7.31818181818182,9,10,3,8,11,1010,534,476,62,416,594,7.28841767326733,7.75213483146067,6.76819716386554,7.1,7.355,7.24178762626263,52
"54",2008,4,7.47708333333333,24,7.96111111111111,7.18666666666667,7.1,7.25714285714286,7.56764705882353,9,15,4,7,17,1034,543,491,66,423,611,7.29279676015474,7.7555985267035,6.78098136456212,7.1,7.35338061465721,7.25085409165303,53
"55",2008,5,7.209375,32,7.53571428571429,6.95555555555556,8,7.5,6.98333333333333,14,18,2,14,18,1066,557,509,68,437,629,7.29029254221388,7.75007181328546,6.78715491159135,7.12647058823529,7.35807780320366,7.24319848966613,54
"56",2008,6,7.2348275862069,29,8.8525,6.976,7.925,7.72,6.97947368421053,4,25,4,10,19,1095,561,534,72,447,648,7.28882360730594,7.75793226381461,6.79599597378277,7.17083333333333,7.36617449664429,7.23546581790123,55
"57",2008,7,7.15967741935484,31,7.31785714285714,7.02941176470588,7.1,7,7.275,14,17,5,13,18,1126,575,551,77,460,666,7.28526807282416,7.74721739130435,6.80319754990925,7.16623376623377,7.35582608695652,7.23653430930931,56
"58",2008,8,7.15454545454545,33,7.72352941176471,6.55,6.38333333333333,7.25555555555556,7.11666666666667,17,16,6,9,24,1159,592,567,83,469,690,7.28154603106126,7.74653716216216,6.79605264550265,7.10963855421687,7.35390191897655,7.232365,57
"59",2008,9,7.55769230769231,26,7.96428571428571,7.08333333333333,7,7.69090909090909,7.46,14,12,6,11,15,1185,606,579,89,480,705,7.28760493670886,7.75156765676567,6.80200664939551,7.10224719101123,7.361625,7.23720829787234,58
"60",2008,10,7.25306060606061,33,7.69006666666667,6.88888888888889,6.5,7.4651,7.16086956521739,15,18,3,10,23,1218,621,597,92,490,728,7.28666900656814,7.75008212560386,6.80462621440536,7.08260869565217,7.36373673469388,7.23479649725274,59
"61",2008,11,7.09428571428571,35,7.8,6.42777777777778,5.16666666666667,7.34545454545455,6.97916666666667,17,18,3,11,24,1253,638,615,95,501,752,7.28129517158819,7.75141222570533,6.79359650406504,7.02210526315789,7.36333532934132,7.22663809840425,60
"62",2008,12,7.07586206896552,29,7.875,6.77142857142857,6.9375,7.125,7.05714285714286,8,21,8,8,21,1282,646,636,103,509,773,7.27664808892356,7.7529427244582,6.79286454402516,7.01553398058252,7.35958939096267,7.22203344113842,61
"63",2009,1,7.32432432432432,37,7.80952380952381,6.6875,7.7,7.38235294117647,7.275,21,16,5,17,20,1319,667,652,108,526,793,7.27798548142532,7.75472413793103,6.79027891104294,7.04722222222222,7.36032509505703,7.22336929382093,62
"64",2009,2,6.99084507042254,71,7.30714285714286,6.78488372093023,6.56818181818182,7.08928571428571,6.96666666666667,28,43,11,14,57,1390,695,695,119,540,850,7.2633185971223,7.73669208633093,6.78994510791367,7.00294117647059,7.35329814814815,7.20615511764706,63
"65",2009,3,7.32045454545455,44,7.88333333333333,6.93076923076923,6.88571428571429,7.5,7.27428571428571,18,26,7,9,35,1434,713,721,126,549,885,7.26507172245467,7.74039410939691,6.795023370319,6.99642857142857,7.35570309653916,7.2088495480226,64
"66",2009,4,6.93590909090909,55,7.44791666666667,6.79302325581395,6.5375,7.19642857142857,6.89791666666667,12,43,8,7,48,1489,725,764,134,556,933,7.25291326393553,7.73555310344827,6.79491079842932,6.96902985074627,7.35369784172662,7.19285300107181,65
"67",2009,5,7.07868421052632,57,7.611875,6.69090909090909,6.8,7.4678125,6.92682926829268,24,33,8,16,41,1546,749,797,142,572,974,7.24648955368694,7.73159012016021,6.79060457967378,6.95950704225352,7.35688986013986,7.18165487679671,66
"68",2009,6,6.72244897959184,49,7.80555555555556,6.09354838709677,5.75,6.85714285714286,6.66857142857143,18,31,12,14,35,1595,767,828,154,586,1009,7.2303905015674,7.7333259452412,6.76450706521739,6.86525974025974,7.34495051194539,7.163857135778,67
"69",2009,7,7.1609756097561,41,7.36923076923077,7.06428571428571,6.97142857142857,7.33333333333333,7.08965517241379,13,28,7,12,29,1636,780,856,161,598,1038,7.22865088630807,7.72725769230769,6.77431290887851,6.86987577639752,7.34471739130435,7.16178405587669,68
"70",2009,8,7.33055555555556,36,7.99047619047619,6.40666666666667,6.76,7.53333333333333,7.22916666666667,21,15,5,12,24,1672,801,871,166,610,1062,7.23084500598086,7.73415855181024,6.76798145809415,6.86656626506024,7.34842786885246,7.163306826742,69
"71",2009,9,6.97368421052632,38,7.44166666666667,6.75769230769231,7,7.39090909090909,6.8037037037037,12,26,6,11,27,1710,813,897,172,621,1089,7.22513032163743,7.72984132841328,6.76768322185061,6.87122093023256,7.34918035426731,7.15439104683195,70
"72",2009,10,7.26,30,7.83125,6.60714285714286,6.575,7.4375,7.19545454545455,16,14,4,8,22,1740,829,911,176,629,1111,7.22573152298851,7.73179855247286,6.76521608122942,6.86448863636364,7.35030365659777,7.15520418541854,71
"73",2009,11,7.0344262295082,61,7.61363636363636,6.70769230769231,7.14615384615385,7.43913043478261,6.78947368421053,22,39,13,23,38,1801,851,950,189,652,1149,7.21925199888951,7.72874383078731,6.76285457894737,6.88386243386243,7.35343711656442,7.14310865970409,72
"74",2009,12,7.104,50,7.64375,6.85,6.91,7,7.13333333333333,16,34,10,11,39,1851,867,984,199,663,1188,7.2161387628309,7.7271753171857,6.76586570121951,6.88517587939698,7.34757315233786,7.14278775252525,73
"75",2010,1,6.91333333333333,45,7.52,6.428,7.25,6.98888888888889,6.89444444444444,20,25,4,9,36,1896,887,1009,203,672,1224,7.20895192510549,7.72250394588501,6.75749440039643,6.8923645320197,7.34276934523809,7.1354835375817,74
"76",2010,2,7.36346153846154,26,7.59666666666667,7.04545454545455,7.16666666666667,7.45,7.3,15,11,3,11,15,1922,902,1020,206,683,1239,7.21104206555671,7.72041130820399,6.76059985294118,6.89635922330097,7.34449633967789,7.13747526230831,75
"77",2010,3,7.33142857142857,35,7.95,6.91904761904762,6.7,7.45,7.284,14,21,4,10,25,1957,916,1041,210,693,1264,7.21319512008176,7.72392030567686,6.76379620557157,6.89261904761905,7.34601875901876,7.14037329905063,76
"78",2010,4,7.05,34,7.496875,6.65277777777778,6.33333333333333,7.2875,6.92045454545455,16,18,3,12,22,1991,932,1059,213,705,1286,7.21040826217981,7.72002253218884,6.76190920679887,6.88474178403756,7.34502269503546,7.13661108087092,77
"79",2010,5,7.16785714285714,28,7.69230769230769,6.71333333333333,6.7,7.1125,7.19,13,15,5,8,20,2019,945,1074,218,713,1306,7.20981815255077,7.71964126984127,6.76123077281192,6.88050458715596,7.34241374474053,7.13742867534456,78
"80",2010,6,7.32058823529412,17,7.49545454545455,7,7.25,6.91666666666667,7.40714285714286,11,6,2,3,14,2036,956,1080,220,716,1320,7.21074305009823,7.71706171548117,6.76255726851852,6.88386363636364,7.34062988826815,7.14028928030303,79
"81",2010,7,6.93275862068965,29,7.60714285714286,6.30333333333333,6,7.25,6.882,14,15,2,4,25,2065,970,1095,222,720,1345,7.20683915254238,7.71547525773196,6.75626652968037,6.8759009009009,7.34012638888889,7.13548836431227,80
"82",2010,8,6.77777777777778,27,7.22,6.51764705882353,6.83333333333333,5.975,6.91739130434783,10,17,3,4,23,2092,980,1112,225,724,1368,7.20130155353729,7.7104193877551,6.75261857014389,6.87533333333333,7.33258425414364,7.13182152777778,81
"83",2010,9,6.9741935483871,31,7.61818181818182,6.62,6.92857142857143,6.88888888888889,7.00909090909091,11,20,7,9,22,2123,991,1132,232,733,1390,7.19798532736694,7.70939556004036,6.75027548586572,6.87693965517241,7.32713642564802,7.12987902877698,82
"84",2010,10,6.96282051282051,39,8.1,6.25208333333333,6.7,7.61363636363636,6.70714285714286,15,24,5,11,28,2162,1006,1156,237,744,1418,7.19374322386679,7.71521968190855,6.73993239619377,6.87320675105485,7.33137231182795,7.12153162905501,83
"85",2010,11,7.025,44,7.675,6.65357142857143,7.1,7.33333333333333,6.97631578947368,16,28,9,6,38,2206,1022,1184,246,750,1456,7.19037753853128,7.71459001956947,6.73789007601351,6.88150406504065,7.331388,7.11774165521978,84
"86",2010,12,6.89677419354839,31,7.51428571428571,6.38823529411765,6.6,6.16666666666667,7.072,14,17,6,6,25,2237,1036,1201,252,756,1481,7.18630882878856,7.7118832046332,6.73294075770192,6.87480158730159,7.32214417989418,7.116969513842,85
"87",2011,1,7.03461538461538,39,7.61388888888889,6.53809523809524,6.71428571428571,7.33333333333333,6.945,18,21,7,9,30,2276,1054,1222,259,765,1511,7.18370951230229,7.71020967741935,6.72959234860884,6.87046332046332,7.32227581699346,7.11355516214428,86
"88",2011,2,6.75,27,7,6.625,6.75,6,6.92045454545455,9,18,4,5,22,2303,1063,1240,263,770,1533,7.17862477203648,7.70419661335842,6.72807407258064,6.86863117870722,7.31368961038961,7.11078398564905,87
"89",2011,3,7.325,28,7.72307692307692,6.98,7,7.8125,7.13,13,15,2,8,20,2331,1076,1255,265,778,1553,7.18038303303304,7.70442472118959,6.73108513944223,6.86962264150943,7.31881876606684,7.11103145524791,88
"90",2011,4,7.07139285714286,28,8.42,6.32216666666667,6.96666666666667,8.3,6.866625,10,18,3,4,24,2359,1086,1273,268,782,1577,7.17908938109369,7.7110138121547,6.72530310290652,6.87070895522388,7.32383759590793,7.10731188966392,89
"91",2011,5,7.00909090909091,22,7.38888888888889,6.74615384615385,6.4,7.875,6.81666666666667,9,13,2,4,18,2381,1095,1286,270,786,1595,7.17751862662747,7.70836621004566,6.72551388024884,6.86722222222222,7.32664249363867,7.10403188087774,90
"92",2011,6,7.33970588235294,34,7.76666666666667,6.859375,6.75,7.91363636363636,7.06521739130435,18,16,2,11,23,2415,1113,1302,272,797,1618,7.17980200828158,7.70930907457323,6.72715887096774,6.86636029411765,7.33474404015056,7.10348012978987,91
"93",2011,7,7.17205882352941,34,7.94375,6.48611111111111,5.75,7.09090909090909,7.21086956521739,16,18,4,11,23,2449,1129,1320,276,808,1641,7.17969450796244,7.7126315323295,6.72387185606061,6.85018115942029,7.33142450495049,7.1049852833638,92
"94",2011,8,7.21176470588235,34,7.65,7.02916666666667,7.5,6.77777777777778,7.368,10,24,8,9,25,2483,1139,1344,284,817,1666,7.18013364881192,7.71208165057068,6.72932354910715,6.86848591549296,7.32532558139535,7.10893208283314,93
"95",2011,9,7.192,25,7.56153846153846,6.79166666666667,6.83333333333333,7.56,7.1,13,12,3,5,20,2508,1152,1356,287,822,1686,7.1802519338118,7.7103828125,6.7298752581121,6.86811846689895,7.32675304136253,7.10882612692764,94
"96",2011,10,6.97771428571429,35,7.18421052631579,6.7325,6.25,7.192,6.892,19,16,2,10,25,2543,1171,1372,289,832,1711,7.17746435312623,7.70184543125534,6.72990586734694,6.86384083044983,7.32513341346154,7.10565800701344,95
"97",2011,11,6.86785714285714,28,7.90909090909091,6.19411764705882,5.9,7.03333333333333,6.78947368421053,11,17,5,9,19,2571,1182,1389,294,841,1730,7.174092512641,7.70377411167513,6.72334834413247,6.84744897959184,7.32201070154578,7.10218546242775,96
"98",2011,12,7.04166666666667,30,7.46428571428571,6.671875,7,7.09090909090909,7.01315789473684,14,16,2,11,19,2601,1196,1405,296,852,1749,7.17256510957324,7.70097073578595,6.72276217081851,6.84847972972973,7.31902699530516,7.10121832475701,97
"99",2012,1,7.04838709677419,31,7.44285714285714,6.72352941176471,6.83333333333333,7.5,6.91666666666667,14,17,3,7,24,2632,1210,1422,299,859,1773,7.17110252659575,7.69798429752066,6.72277134317862,6.84832775919732,7.32050174621653,7.09872016356458,98
"100",2012,2,6.96969696969697,33,7.67857142857143,6.44736842105263,7.4,6.95454545454545,6.97727272727273,14,19,5,11,22,2665,1224,1441,304,870,1795,7.16860857410882,7.69776225490196,6.71914007633588,6.85740131578947,7.31587471264368,7.09723167130919,99
"101",2012,3,7.18965517241379,29,7.82142857142857,6.6,6.83333333333333,6.6,7.3125,14,15,3,5,24,2694,1238,1456,307,875,1819,7.16883513363029,7.69916074313409,6.7179126717033,6.8571661237785,7.311784,7.10007193512919,100
"102",2012,4,7.592,25,7.84615384615385,7.31666666666667,7.5,8,7.49,13,12,2,5,20,2719,1251,1468,309,880,1839,7.17272594703935,7.70068824940048,6.72280711852861,6.86132686084142,7.31569431818182,7.10431258836324,101
"103",2012,5,6.8475,20,7.52222222222222,6.29545454545455,7.75,7.625,6.653125,9,11,1,4,16,2739,1260,1479,310,884,1855,7.1703511683096,7.69941349206349,6.71962870182556,6.8641935483871,7.31709389140271,7.10042094339623,102
"104",2012,6,7.36,20,7.55,7.17,7,7.68571428571429,7.18461538461538,10,10,1,7,13,2759,1270,1489,311,891,1868,7.17172593330917,7.69823700787402,6.72265335795836,6.86463022508038,7.3199898989899,7.10100687901499,103
"105",2012,7,7.06666666666667,24,7.3,6.79090909090909,7,7.575,6.965,13,11,2,4,20,2783,1283,1500,313,895,1888,7.17081992454186,7.69420187061574,6.7231539,6.86549520766773,7.32112960893855,7.09956612817797,104
"106",2012,8,6.954,25,7.14285714285714,6.88055555555556,7.8875,6.95,6.9547619047619,7,18,4,4,21,2808,1290,1518,317,899,1909,7.1688895477208,7.69121007751938,6.72502032279315,6.87839116719243,7.31947830923248,7.09797320586695,105
"107",2012,9,7.395,20,7.82222222222222,7.04545454545455,7.5,7.5,7.35,9,11,2,6,14,2828,1299,1529,319,905,1923,7.17048863154173,7.69211778290993,6.72732560497057,6.88228840125392,7.32067513812155,7.09980803432137,106
"108",2012,10,6.868,30,7.28571428571429,6.5025,5.92333333333333,6.76,6.88461538461539,14,16,6,4,26,2858,1313,1545,325,909,1949,7.16731345346396,7.68778446306169,6.72499731391586,6.86458461538462,7.31820792079208,7.09693732683427,107
"109",2012,11,7.25862068965517,29,7.77272727272727,6.94444444444444,6.91666666666667,7.44444444444444,7.175,11,18,6,9,20,2887,1324,1563,331,918,1969,7.1682306373398,7.68849018126888,6.72752453614843,6.86552870090634,7.31944553376906,7.09773024377857,108
"110",2012,12,6.94583333333333,24,7.8,6.72105263157895,6.84,7.24285714285714,6.82352941176471,5,19,5,7,17,2911,1329,1582,336,925,1986,7.166397062865,7.68890970654628,6.72744680783818,6.86514880952381,7.31886594594595,7.09538310674723,109
"111",2013,1,6.64772727272727,22,7.7,6.33823529411765,6.75,6.65625,6.64285714285714,5,17,4,8,14,2933,1334,1599,340,933,2000,7.16250659734061,7.68895127436282,6.7233088492808,6.86379411764706,7.31318435155413,7.092215425,110
"112",2013,2,7.3,23,7.8125,7.02666666666667,7.5,7.48,7.25,8,15,1,5,18,2956,1342,1614,341,938,2018,7.16357640392422,7.68968777943368,6.7261281598513,6.86565982404692,7.31407356076759,7.09362281962339,111
"113",2013,3,6.70833333333333,12,7.25,6.4375,NA,7,6.65,4,8,0,2,10,2968,1346,1622,341,940,2028,7.16173579851752,7.68838112927192,6.72470459309495,6.86565982404692,7.31340531914894,7.09143533037475,112
"114",2013,4,6.68125,16,7.9,5.73333333333333,7.33333333333333,8.33333333333333,6.3,7,9,3,3,13,2984,1353,1631,344,943,2041,7.15915946715818,7.68947597930525,6.71923412017168,6.86973837209302,7.31665005302227,7.08639434100931,113
"115",2013,5,7.40869565217391,23,7.83571428571429,6.74444444444444,6.125,7.375,7.41578947368421,14,9,4,4,19,3007,1367,1640,348,947,2060,7.16106812437646,7.69097366495977,6.7193724695122,6.86117816091954,7.31689651531151,7.08943245145631,114
"116",2013,6,6.99,20,7,6.98461538461538,6.675,8,6.93684210526316,7,13,4,1,19,3027,1374,1653,352,948,2079,7.1599378427486,7.68745342066958,6.72145846944949,6.8590625,7.31761708860759,7.08803792688793,115
"117",2013,7,6.748,25,7.32307692307692,6.125,7.5,6.85,6.72857142857143,13,12,1,4,21,3052,1387,1665,353,952,2100,7.1565635157274,7.68403821196828,6.71715966966967,6.86087818696884,7.31565231092437,7.08444326190476,116
"118",2013,8,7.53181818181818,22,7.9125,7.31428571428571,7.36,7.46666666666667,7.55625,8,14,5,6,16,3074,1395,1679,358,958,2116,7.15924913793104,7.68534838709677,6.72213868374032,6.86784916201117,7.31659812108559,7.08801079867675,117
"119",2013,9,6.93684210526316,19,7.08,6.77777777777778,7.1,6.9,6.95,10,9,5,5,14,3093,1405,1688,363,963,2130,7.15788291302942,7.68103985765124,6.72243533767773,6.87104683195592,7.31443509865005,7.08710368544601,118
"120",2013,10,7.23529411764706,17,7.85,6.35714285714286,6,6.6,7.5,10,7,3,5,12,3110,1415,1695,366,968,2142,7.15830606109325,7.68223392226148,6.72092675516224,6.86390710382514,7.31074483471074,7.08941683006536,119
"121",2013,11,6.89473684210526,19,7.5,6.22222222222222,6.66666666666667,7.125,6.83333333333333,10,9,3,4,15,3129,1425,1704,369,972,2157,7.15670560882071,7.6809550877193,6.71829275234742,6.86230352303523,7.3099804526749,7.08763599907279,120
"122",2013,12,6.88483870967742,31,7.55928571428571,6.32941176470588,6.16666666666667,7.14714285714286,6.80833333333333,14,17,3,7,24,3160,1439,1721,372,979,2181,7.15403856012659,7.67977136900625,6.71445139453806,6.8566935483871,7.30881613891726,7.08456251719395,121
"123",2014,1,7.36896551724138,29,7.625,7.18823529411765,6.8,7.77272727272727,7.12222222222222,12,17,5,11,18,3189,1451,1738,377,990,2199,7.15599305424898,7.67931840110269,6.71908564441887,6.85594164456233,7.31397070707071,7.08487078217371,122
"124",2014,2,7.18,20,7.33333333333333,7.11428571428571,7.66666666666667,7.41666666666667,7.07857142857143,6,14,3,6,14,3209,1457,1752,380,996,2213,7.15614267684637,7.67789361702128,6.72224363584475,6.86234210526316,7.31458935742972,7.08483093086308,123
"125",2014,3,7.17777777777778,18,7.43333333333333,7.05,6.43333333333333,6.875,7.215625,6,12,3,2,16,3227,1463,1764,383,998,2229,7.15626335605826,7.67689063568011,6.72447327097506,6.8589817232376,7.31370841683367,7.0857697846568,124
"126",2014,4,6.95833333333333,24,7.75714285714286,6.62941176470588,7.4,7.6,6.78947368421053,7,17,5,5,19,3251,1470,1781,388,1003,2248,7.15480216856352,7.67727278911565,6.72356588994947,6.86595360824742,7.31513559322034,7.08326550266904,125
"127",2014,5,6.98684210526316,19,8.125,6.46153846153846,6.8,6.8,7.05357142857143,6,13,5,5,14,3270,1476,1794,393,1008,2262,7.15382625382263,7.67909281842818,6.72166714046823,6.86511450381679,7.31258035714286,7.08308171971706,126
"128",2014,6,7.41470588235294,17,8.3,7.04583333333333,NA,7.25,7.45,5,12,0,3,14,3287,1481,1806,393,1011,2276,7.15517549437177,7.68118906144497,6.72382106866003,6.86511450381679,7.31239465875371,7.08533868629174,127
"129",2014,7,6.875,16,7.41666666666667,6.55,6.375,6.375,7.04166666666667,6,10,4,4,12,3303,1487,1816,397,1015,2288,7.15381830154405,7.68012172158709,6.72286390418502,6.86017632241814,7.30870049261084,7.08510963723776,128
"130",2014,8,7.29411764705882,17,7.78571428571429,6.95,7,8.1,6.95833333333333,7,10,3,5,12,3320,1494,1826,400,1020,2300,7.15453670180723,7.68061646586345,6.72410780394305,6.861225,7.3125794117647,7.08444819565217,129
"131",2014,9,7.455,20,8.22857142857143,7.03846153846154,6.625,7.4,7.46875,7,13,4,4,16,3340,1501,1839,404,1024,2316,7.15633588323354,7.68317188540973,6.72632998912453,6.85888613861386,7.3129208984375,7.08710313039724,130
"132",2014,10,6.94047619047619,21,7.55555555555556,6.47916666666667,8.25,6,7.03947368421053,9,12,2,2,19,3361,1510,1851,406,1026,2335,7.15498716155906,7.68241125827814,6.72472763371151,6.86573891625616,7.31036159844054,7.08671556745182,131
"133",2014,11,7.11571428571429,21,7.87,6.43,7.5,6.783,7.41818181818182,10,11,2,10,11,3382,1520,1862,408,1036,2346,7.15474330277942,7.68364539473684,6.72298649301826,6.86884803921569,7.30527123552123,7.08826975703325,132
"134",2014,12,6.99444444444444,18,7.16666666666667,6.82222222222222,7.4,6.6,7.14615384615385,9,9,1,5,13,3400,1529,1871,409,1041,2359,7.15389466176471,7.68060235448005,6.72346384286478,6.8701466992665,7.30188376560999,7.08858874523103,133
"135",2015,1,6.7675,20,7.41818181818182,5.97222222222222,5.5,6.715,6.82,11,9,1,10,10,3420,1540,1880,410,1051,2369,7.15163504385965,7.67872792207792,6.71986747340426,6.86680487804878,7.29629971455756,7.08745498100464,134
"136",2015,2,7.062,20,7.73625,6.6125,7.1,7.4975,6.953125,8,12,1,4,16,3440,1548,1892,411,1055,2385,7.15111390988372,7.67902519379845,6.71918649577167,6.86737226277372,7.2970625592417,7.08655381551363,135
"137",2015,3,7.368,25,7.46923076923077,7.25833333333333,7.04,7.81428571428571,7.19444444444444,13,12,5,7,18,3465,1561,1904,416,1062,2403,7.15267874458875,7.67727802690583,6.72258448004202,6.86944711538461,7.30047175141243,7.08736198501873,136
"138",2015,4,6.87222222222222,18,8,6.55,7,6.5,6.91875,4,14,3,2,16,3483,1565,1918,419,1064,2419,7.15122935687626,7.67810287539936,6.72132473931179,6.87038186157518,7.29896710526316,7.08624673418768,137
"139",2015,5,7.28235294117647,17,8.3,6.72727272727273,6.5,7.975,6.66666666666667,6,11,2,8,9,3500,1571,1929,421,1072,2428,7.15186624285715,7.68047803946531,6.72135865733541,6.86862232779097,7.30401212686567,7.0846914538715,138
"140",2015,6,7.13,20,8,6.55,6.16666666666667,8.66666666666667,6.85882352941176,8,12,3,3,17,3520,1579,1941,424,1075,2445,7.15174200284091,7.68209689677011,6.72029925296239,6.86365566037736,7.30781488372093,7.08312100204499,139
"141",2015,7,6.96875,16,6.625,7.08333333333333,7.66666666666667,7.5,6.93333333333333,4,12,3,1,15,3536,1583,1953,427,1076,2460,7.15091398472851,7.67942577384713,6.72252987711214,6.86929742388759,7.30799349442379,7.08220766260163,140
"142",2015,8,6.94052631578947,19,7.85,6.61571428571429,6.2775,7.125,6.85538461538462,5,14,4,6,13,3555,1588,1967,431,1082,2473,7.14978954992968,7.67996284634761,6.72176962379258,6.86380510440835,7.30697874306839,7.08101530529721,141
"143",2015,9,6.88235294117647,17,7.58333333333333,6.5,7,6.33333333333333,7,6,11,2,3,14,3572,1594,1978,433,1085,2487,7.14851675531915,7.6795991217064,6.72053632457028,6.86443418013857,7.3042866359447,7.08055924809007,142
"144",2015,10,6.72777777777778,18,7.0125,6.5,6,7.36666666666667,6.6,8,10,1,3,15,3590,1602,1988,434,1088,2502,7.14640720055711,7.67626779026217,6.71942698692153,6.86244239631336,7.30445863970588,7.07767819744205,143
"145",2015,11,7.23809523809524,21,7.91111111111111,6.73333333333333,7.9,8.1,6.96875,9,12,2,5,16,3611,1611,2000,436,1093,2518,7.14694041816671,7.67757976412166,6.719510425,6.86720183486239,7.30809789569991,7.07698604050834,144
"146",2015,12,6.80454545454545,22,7.43,6.28333333333333,5.975,7.225,6.56428571428571,10,12,4,8,14,3633,1621,2012,440,1101,2532,7.14486701073493,7.67605243676743,6.71690897117297,6.85909090909091,7.30749409627611,7.07415120458136,145
"147",2016,1,7.28,25,8.1875,6.85294117647059,6.8,7.25,7.28571428571429,8,17,5,4,21,3658,1629,2029,445,1105,2553,7.14579055494806,7.67856414978514,6.71804871858058,6.85842696629213,7.30728597285068,7.07589144144144,146
"148",2016,2,7.18947368421053,19,7.61111111111111,6.81,6,8.33333333333333,6.975,9,10,1,3,16,3677,1638,2039,446,1108,2569,7.14601627685613,7.67819352869353,6.71849968121629,6.85650224215247,7.31006407942238,7.07526307901907,147
"149",2016,3,7.10588235294118,17,7.3125,6.92222222222222,7.66666666666667,8,7.05,8,9,3,1,16,3694,1646,2048,449,1109,2585,7.14583157823498,7.67641616038882,6.71939494628907,6.8619153674833,7.31068620378719,7.07510671179884,148
"150",2016,4,6.94,25,7.14285714285714,6.68181818181818,7.125,7.33333333333333,6.81578947368421,14,11,4,6,19,3719,1660,2059,453,1115,2604,7.14444792955096,7.67191626506024,6.71919419621176,6.86423841059603,7.31080807174888,7.07321461213518,149
"151",2016,5,6.76923076923077,13,7.4375,5.7,NA,7.66666666666667,6.5,8,5,0,3,10,3732,1668,2064,453,1118,2614,7.14314090300107,7.67079196642686,6.71672521802326,6.86423841059603,7.31176296958855,7.0710217482785,150
"152",2016,6,7.02631578947368,19,7.83333333333333,6.65384615384615,7.375,7.125,7,6,13,4,4,15,3751,1674,2077,457,1122,2629,7.14254914689416,7.67137455197133,6.71633165623496,6.86870897155361,7.31109714795009,7.07061652719665,151
"153",2016,7,7.30185185185185,27,7.67272727272727,7.046875,6.33333333333333,7.14285714285714,7.3575,11,16,3,7,20,3778,1685,2093,460,1129,2649,7.1436876257279,7.67138338278932,6.71885850453894,6.86521739130435,7.31005403011515,7.07278250283126,152
"154",2016,8,7.0125,20,8.05,5.975,NA,6.75,7.078125,10,10,0,4,16,3798,1695,2103,460,1133,2665,7.14299680094787,7.67361710914454,6.7153213742273,6.86521739130435,7.30807678729038,7.07281457786116,153
"155",2016,9,6.8375,20,6.66666666666667,6.91071428571429,6.5,6.25,6.94117647058824,6,14,3,3,17,3818,1701,2117,463,1136,2682,7.14139650340493,7.67006525573192,6.71661353330185,6.86285097192225,7.30528257042254,7.07198018269948,154
"156",2016,10,6.6224,25,8.04,6.268,6.125,6.052,6.765,5,20,4,5,20,3843,1706,2137,467,1141,2702,7.13802025761124,7.67114947245018,6.71241499766027,6.85653104925054,7.29979053461876,7.06970793856403,155
"157",2016,11,7.184375,32,7.58461538461538,6.91052631578947,7.64285714285714,8,7.03333333333333,13,19,7,5,27,3875,1719,2156,474,1146,2729,7.13840305806452,7.67049505526469,6.71416087662338,6.86814345991561,7.30284554973822,7.06934805789667,156
"158",2016,12,7.31666666666667,12,8.4,6.54285714285714,6,8.5,7.08,5,7,1,2,10,3887,1724,2163,475,1148,2739,7.13895339593517,7.67261078886311,6.71360649560795,6.86631578947368,7.30493118466899,7.06938694779116,157
"159",2017,1,6.58455555555556,18,7.2644,6.32307692307692,6.8,6.72033333333333,6.51666666666667,5,13,5,6,12,3905,1729,2176,480,1154,2751,7.13639791293214,7.67143030653557,6.71127336856618,6.865625,7.30189168110919,7.06697595419847,158
"160",2017,2,6.67058823529412,17,7.91666666666667,5.99090909090909,6.95,7,6.49090909090909,6,11,2,6,11,3922,1735,2187,482,1160,2762,7.13437885007649,7.67227838616715,6.70765013717421,6.86597510373444,7.30033017241379,7.0646816980449,159
"161",2017,3,6.86363636363636,22,7.5,6.33333333333333,5.875,7.5,6.625,10,12,4,6,16,3944,1745,2199,486,1166,2778,7.13286862322516,7.67129111747851,6.70560748067304,6.85781893004115,7.3013576329331,7.06214933405328,160
"162",2017,4,7.225,16,7.42857142857143,7.06666666666667,8,6.5,7.27333333333333,7,9,2,1,15,3960,1752,2208,488,1167,2793,7.13324087121212,7.67032134703196,6.7070791893116,6.8625,7.30067095115681,7.06328351235231,161
"163",2017,5,6.92647058823529,17,7.59375,6.33333333333333,5.5,6.85,6.95833333333333,8,9,2,5,12,3977,1760,2217,490,1172,2805,7.1323570153382,7.66997329545455,6.70556195308976,6.8569387755102,7.29874829351536,7.06283452762923,162
"164",2017,6,7.14583333333333,12,7.625,6.90625,NA,10,6.88636363636364,4,8,0,1,11,3989,1764,2225,490,1173,2816,7.13239755577839,7.66987131519274,6.70628352808989,6.8569387755102,7.30105115089514,7.06214518821023,163
"165",2017,7,7.03846153846154,26,7.57142857142857,6.84210526315789,7,7.2,7,7,19,6,5,21,4015,1771,2244,496,1178,2837,7.13178925280199,7.66948221343874,6.7074335338681,6.85866935483871,7.30062224108659,7.06168517800494,164
"166",2017,8,7.44652173913043,23,7.67909090909091,7.23333333333333,7,7.375,7.46157894736842,11,12,2,4,19,4038,1782,2256,498,1182,2856,7.13358193412581,7.66954152637486,6.71023087322695,6.85923694779116,7.30087394247039,7.06434553571429,165
"167",2017,9,6.60869565217391,23,6.61428571428571,6.60625,6.7,6.76666666666667,6.585,7,16,5,3,20,4061,1789,2272,503,1185,2876,7.13060917261758,7.66541252096143,6.70949861355634,6.85765407554672,7.29952151898734,7.06101211752434,166
"168",2017,10,6.14,15,7.01111111111111,4.83333333333333,NA,3,6.62307692307692,9,6,0,2,13,4076,1798,2278,503,1187,2889,7.12696365309127,7.66213737486096,6.70455700175593,6.85765407554672,7.29227716933446,7.05904148494289,167
"169",2017,11,7.27115384615385,26,7.67333333333333,6.72272727272727,7,8.03333333333333,7.17173913043478,15,11,4,3,23,4102,1813,2289,507,1190,2912,7.12787758410532,7.66223000551572,6.70464432066405,6.85877712031558,7.29414537815126,7.05993161057692,168
"170",2017,12,6.84375,16,7.35,6,7,8,6.76666666666667,10,6,1,1,15,4118,1823,2295,508,1191,2927,7.12677364011656,7.66051727921009,6.70280211328976,6.85905511811024,7.29473803526448,7.05842871540827,169
"171",2018,1,6.36111111111111,18,6.625,6.28571428571429,4.66666666666667,7,6.32352941176471,4,14,3,1,17,4136,1827,2309,511,1192,2944,7.12344145309478,7.65825013683634,6.70027321351235,6.84618395303327,7.29449077181208,7.05418507133152,170
"172",2018,2,6.68526315789474,19,7.21428571428571,6.37666666666667,6.6,6.4,6.78714285714286,7,12,5,5,14,4155,1834,2321,516,1197,2958,7.12143774969916,7.65655561613959,6.6986001077122,6.8437984496124,7.29075438596491,7.05292117985125,171
"173",2018,3,6.83333333333333,12,7.7,6.21428571428571,7.25,8,6.44444444444444,5,7,2,3,9,4167,1839,2328,518,1200,2967,7.12060807535397,7.65667373572594,6.69714383591066,6.8453667953668,7.2925275,7.05107544657904,172
"174",2018,4,6.95714285714286,14,7.25,6.7375,7.58,7.95,6.79166666666667,6,8,5,2,12,4181,1845,2336,523,1202,2979,7.12006071513992,7.65535121951219,6.69728204195206,6.85239005736138,7.29362146422629,7.05003049681101,173
"175",2018,5,6.6875,8,7.125,6.25,4,7.33333333333333,6.3,4,4,1,3,5,4189,1849,2340,524,1205,2984,7.11923462640249,7.65420389399675,6.69651745726496,6.8469465648855,7.29372033195021,7.04877374329759,174
"176",2018,6,7.07142857142857,14,8,6.81818181818182,6.75,7.25,7,3,11,4,4,10,4203,1852,2351,528,1209,2994,7.1190753866286,7.65476403887689,6.69708670778393,6.84621212121212,7.29357568238213,7.04861083834335,175
"177",2018,7,7.13,10,7.75714285714286,5.66666666666667,5,6.9,7.1875,7,3,1,2,8,4213,1859,2354,529,1211,3002,7.11910131735106,7.65514954276493,6.69577351316908,6.84272211720227,7.29292568125516,7.04898096269154,176
"178",2018,8,7.27894736842105,19,8,6.75454545454545,7,8.2,6.95,8,11,2,5,14,4232,1867,2365,531,1216,3016,7.11981896266541,7.65662720942689,6.69604687103594,6.84331450094162,7.29665542763158,7.04852150198939,177
"179",2018,9,7.24705882352941,17,8.58333333333333,6.51818181818182,6.35,7.33333333333333,7.22857142857143,6,11,2,3,14,4249,1873,2376,533,1219,3030,7.12032804189221,7.65959583555793,6.69522342171718,6.84146341463415,7.29674569319114,7.04935341584158,178
"180",2018,10,6.77619047619048,21,6.9,6.66363636363636,6.75,7.2,6.64375,10,11,4,5,16,4270,1883,2387,537,1224,3046,7.11863556206089,7.65556186935741,6.69507785923754,6.84078212290503,7.29635049019608,7.04722286605384,179
"181",2018,11,6.85714285714286,7,6.83333333333333,6.875,7,6.75,6.9,3,4,1,2,5,4277,1886,2391,538,1226,3051,7.11820758709376,7.6542539766702,6.69537885821832,6.8410780669145,7.29545921696574,7.04698159619797,180
"182",2018,12,6.62727272727273,11,7.7,5.73333333333333,5.5,6,6.69,5,6,2,1,10,4288,1891,2397,540,1227,3061,7.1169481926306,7.65437493389741,6.69297073425115,6.83611111111111,7.29440342298288,7.04581537079386,181
"183",2019,1,6.76666666666667,21,7.0625,6.58461538461538,5.66666666666667,5.66666666666667,6.95,8,13,3,3,18,4309,1899,2410,543,1230,3079,7.11524108841959,7.65188151658768,6.69238624481328,6.82965009208103,7.29043333333333,7.04525522897045,182
"184",2019,2,7.26315789473684,19,7.78571428571429,6.95833333333333,8.16666666666667,8.125,7.03333333333333,7,12,3,4,15,4328,1906,2422,546,1234,3094,7.11589044593346,7.65237303252886,6.69370390173411,6.83699633699634,7.29313857374392,7.04519743051067,183
"185",2019,3,7.16470588235294,17,7.4375,6.92222222222222,NA,7.83333333333333,7.02142857142857,8,9,0,3,14,4345,1914,2431,546,1237,3108,7.11608143843498,7.65147492163009,6.69454991772933,6.83699633699634,7.29444866612773,7.04509036357786,184
"186",2019,4,7.42941176470588,17,8.05555555555556,6.725,6.5,7,7.52142857142857,9,8,2,3,14,4362,1923,2439,548,1240,3122,7.11730257909216,7.65336609464379,6.69464979499795,6.83576642335766,7.29373629032258,7.04722640935298,185
"187",2019,5,7.53888888888889,18,7.725,7.16666666666667,7,8,7.44666666666667,12,6,1,3,15,4380,1935,2445,549,1243,3137,7.11903512557078,7.65381033591731,6.69580811860941,6.83606557377049,7.29544086886565,7.04913638826905,186
"188",2019,6,7.232,10,7.684,6.78,6.2,7.9,7.065,5,5,2,2,8,4390,1940,2450,551,1245,3145,7.11929244874715,7.6538881443299,6.69597993877551,6.83375680580762,7.29641204819277,7.04917674085851,187
"189",2019,7,6.87619047619048,21,7.08,6.69090909090909,7,6.66666666666667,6.91111111111111,10,11,2,3,18,4411,1950,2461,553,1248,3163,7.11813508274768,7.65094512820513,6.69595727346607,6.83435804701628,7.29489823717949,7.0483910369902,188
"190",2019,8,7.58333333333333,12,8.2,7.14285714285714,7,7.66666666666667,7.55555555555556,5,7,1,3,9,4423,1955,2468,554,1251,3172,7.11939720777753,7.65234936061381,6.69722481766613,6.83465703971119,7.29578976818545,7.04983002837327,189
"191",2019,9,7.09411764705882,17,7.5125,6.72222222222222,NA,4.5,7.44,8,9,0,2,15,4440,1963,2477,554,1253,3187,7.11930041666667,7.65177941925624,6.6973156439241,6.83465703971119,7.29132721468475,7.05166641041732,190
"192",2019,10,7.18611111111111,18,7.92142857142857,6.71818181818182,8,6,7.334375,7,11,1,2,16,4458,1970,2488,555,1255,3203,7.11957017720951,7.65273756345178,6.69740789790997,6.83675675675676,7.28926932270916,7.05307862940993,191
"193",2019,11,6.82142857142857,14,6.75,6.85,6,7.16,6.63333333333333,4,10,2,5,9,4472,1974,2498,557,1260,3212,7.11863681797854,7.65090830800405,6.69801875500401,6.83375224416517,7.28875634920635,7.05190250622665,192
"194",2019,12,7.13529411764706,17,7.79090909090909,5.93333333333333,NA,8.36,6.625,11,6,0,5,12,4489,1985,2504,557,1265,3224,7.11869989975496,7.65168413098237,6.69618644169329,6.83375224416517,7.29299051383399,7.05031353908189,193
"195",2020,1,6.50833333333333,24,6.76666666666667,6.35333333333333,6.36,6.9,6.34705882352941,9,15,5,7,17,4513,1994,2519,562,1272,3241,7.11545398847773,7.64768956870612,6.69414483922191,6.82953736654804,7.29082783018868,7.04662476087627,194
"196",2020,2,7.06,25,7.52,6.75333333333333,6.66666666666667,8.75,6.91304347826087,10,15,3,2,23,4538,2004,2534,565,1274,3264,7.11514849052446,7.64705239520958,6.69449520520916,6.82867256637168,7.29311852433281,7.04568347120098,195
"197",2020,3,6.42666666666667,15,7.13333333333333,6.25,6.16666666666667,4.9,6.98181818181818,3,12,6,4,11,4553,2007,2546,571,1278,3275,7.11288026575884,7.64628450423518,6.69240017674784,6.82171628721541,7.2856283255086,7.04546896183206,196
"198",2020,4,7.65,6,7.8,7.5,NA,7,7.78,3,3,0,1,5,4559,2010,2549,571,1279,3280,7.11358715727133,7.64651393034826,6.69335066692821,6.82171628721541,7.2854050039093,7.04658867378049,197
"199",2020,5,7.79545454545455,11,7.95,7.66666666666667,7.5,7.9375,7.71428571428571,5,6,2,4,7,4570,2015,2555,573,1283,3287,7.11522841356674,7.64726699751861,6.69563634050881,6.82408376963351,7.28743803585346,7.04801060237298,198
"200",2020,6,6.92307692307692,13,7.25,5.83333333333333,4,9,6.75,10,3,1,1,12,4583,2025,2558,574,1284,3299,7.11468336242636,7.64530518518518,6.69462503909304,6.8191637630662,7.28877180685358,7.04692659896939,199
"201",2020,7,7.47,10,8,7.3375,5,7.16666666666667,7.6,2,8,1,3,7,4593,2027,2566,575,1287,3306,7.11545696712389,7.64565515540207,6.69662932579891,6.816,7.28848717948718,7.04809765577737,200
"202",2020,8,7.24705882352941,17,8.07142857142857,6.67,7.16666666666667,7.55,7.15384615384615,7,10,3,4,13,4610,2034,2576,578,1291,3319,7.11594226681128,7.64712045231072,6.69652595108696,6.81782006920415,7.28929744384198,7.04851185598072,201
"203",2020,9,6.76923076923077,13,7.16666666666667,6.65,6.2,6.78571428571429,6.75,3,10,5,7,6,4623,2037,2586,583,1298,3325,7.11496730478045,7.64641286205204,6.69634603634958,6.81252144082333,7.28658166409861,7.04797318796993,202
"204",2020,10,6.5,12,6,6.66666666666667,7,NA,6.5,3,9,2,0,12,4635,2040,2595,585,1298,3337,7.11337515641856,7.64399166666667,6.69624310211946,6.81316239316239,7.28658166409861,7.04600265208271,203
"205",2020,11,7.26470588235294,17,8,6.95833333333333,6.5,6.75,7.33333333333333,5,12,3,2,15,4652,2045,2607,588,1300,3352,7.11392817067928,7.64486210268949,6.69744950134254,6.81156462585034,7.28575615384615,7.04728843973747,204
"206",2020,12,6.89473684210526,19,7.44444444444444,6.4,5,5.5,7.05882352941176,9,10,1,2,17,4671,2054,2617,589,1302,3369,7.11303657675017,7.64398393378773,6.69631289644631,6.80848896434635,7.28301305683563,7.04734664588899,205
"207",2021,1,6.82777777777778,18,7.48888888888889,6.16666666666667,7,7.1,6.75,9,9,1,4,14,4689,2063,2626,590,1306,3383,7.11194153337599,7.64330731943771,6.69449765803504,6.80881355932203,7.28245252679938,7.04611612474135,206
"208",2021,2,7.53846153846154,13,8.25,6.4,4.5,9,7.1,8,5,2,3,10,4702,2071,2631,592,1309,3393,7.11312076775841,7.64565089328827,6.69393798935766,6.80101351351351,7.28638884644767,7.046274933687,207
"209",2021,3,7.1,14,7.05,7.16666666666667,8,NA,7.1,8,6,2,0,14,4716,2079,2637,594,1309,3407,7.11308181721799,7.64335882635883,6.69501359499431,6.8050505050505,7.28638884644767,7.04649570002935,208
"210",2021,4,6.88888888888889,9,7.875,6.1,6.75,NA,6.88888888888889,4,5,2,0,9,4725,2083,2642,596,1309,3416,7.11265478306879,7.64380364858377,6.69388752838759,6.80486577181208,7.28638884644767,7.04608045960187,209
"211",2021,5,6.92777777777778,18,7.36666666666667,6.70833333333333,7,7.05,6.89285714285714,6,12,4,4,14,4743,2089,2654,600,1313,3430,7.11195316255535,7.64300765916707,6.69395284476262,6.80616666666667,7.28566869763899,7.04545505830904,210
"212",2021,6,7.04545454545455,11,8.25,6.77777777777778,6.75,3,7.45,2,9,2,1,10,4754,2091,2663,602,1314,3440,7.11179929533025,7.64358823529412,6.69423614344724,6.80598006644518,7.28240715372907,7.04663106104651,211
"213",2021,7,6.23684210526316,19,7.44444444444444,5.15,4.5,7,6.09375,9,10,2,3,16,4773,2100,2673,604,1317,3456,7.10831633144773,7.64273476190476,6.68845897867565,6.79834437086093,7.28176385725133,7.04221957465278,212
"214",2021,8,6.9,15,7.08333333333333,6.77777777777778,7.1,6.5,6.96153846153846,6,9,5,2,13,4788,2106,2682,609,1319,3469,7.10766371136174,7.64114102564103,6.68875870618941,6.8008210180624,7.28057846853677,7.04191722398386,213
"215",2021,9,6.66666666666667,15,7.5,5.71428571428571,5,9,6.5,8,7,2,1,14,4803,2114,2689,611,1320,3483,7.10628645638143,7.64060690633869,6.68622195983637,6.7949263502455,7.28188106060606,7.03973897502153,214
"216",2021,10,7.165,20,7.63333333333333,6.96428571428571,6,7.7,7.03125,6,14,2,4,16,4823,2120,2703,613,1324,3499,7.10652992950446,7.64058632075472,6.68766217166112,6.79233278955954,7.28314425981873,7.03970015718777,215
"217",2021,11,7.06,20,7.28333333333333,6.96428571428571,6.33333333333333,8,6.89411764705882,6,14,3,3,17,4843,2126,2717,616,1327,3516,7.1063377761718,7.6395780809031,6.68908754140596,6.7900974025974,7.28476488319517,7.0389962599545,216
"218",2021,12,7.1695652173913,23,7.55555555555556,6.92142857142857,6,7.6,7.05,9,14,1,5,18,4866,2135,2731,617,1332,3534,7.10663663173038,7.63922388758782,6.6902785975833,6.78881685575365,7.2859481981982,7.03905230616865,217
"219",2022,1,7.33428571428571,35,7.88947368421053,6.675,7.36,7.85714285714286,7.20357142857143,19,16,5,7,28,4901,2154,2747,622,1339,3562,7.10826236482351,7.6414312906221,6.69018960684383,6.79340836012862,7.28893427931292,7.04034555025267,218
"220",2022,2,6.94285714285714,14,7.04,6.88888888888889,NA,7.6,6.83333333333333,5,9,0,2,12,4915,2159,2756,622,1341,3574,7.1077912207528,7.64003844372395,6.6908384796807,6.79340836012862,7.28939821029083,7.03965048964746,219
"221",2022,3,7.17923076923077,13,7.675,6.95888888888889,NA,8.04333333333333,6.92,4,9,0,3,10,4928,2163,2765,622,1344,3584,7.1079796773539,7.6401030975497,6.69171097649186,6.79340836012862,7.29108110119047,7.03931664341518,220
"222",2022,4,7.00588235294118,17,7.62857142857143,6.57,NA,7.2,6.98,7,10,0,2,15,4945,2170,2775,622,1346,3599,7.10762868554095,7.64006589861751,6.69127237837838,6.79340836012862,7.29094576523031,7.03906942206169,221
"223",2022,5,7.64333333333333,30,7.80714285714286,7.5,8,7.22222222222222,7.82380952380952,14,16,1,9,21,4975,2184,2791,623,1355,3620,7.11085906532664,7.64113690476191,6.69590858115371,6.79534510433387,7.29048929889299,7.04362178176796,222
"224",2022,6,7.35714285714286,14,8.375,6.95,7,7.3,7.38888888888889,4,10,2,5,9,4989,2188,2801,625,1360,3629,7.11155018039688,7.64247851919561,6.69681572652624,6.796,7.29052426470588,7.04447805180491,223
"225",2022,7,7.30095238095238,21,7.85,6.80181818181818,7,7.23333333333333,7.328,10,11,1,6,15,5010,2198,2812,626,1366,3644,7.11234408183633,7.64342265696087,6.69722647581793,6.79632587859425,7.29027306002928,7.04564512897915,224
"226",2022,8,7.51538461538462,13,7.775,7.1,10,7.125,7.68888888888889,8,5,1,4,9,5023,2206,2817,627,1370,3653,7.11338718893092,7.64389981867634,6.69794137380192,6.80143540669856,7.2897905109489,7.04722990692582,225
"227",2022,9,7.76428571428571,14,8.26875,7.09166666666667,6,9.2,7.525,8,6,1,2,12,5037,2214,2823,628,1372,3665,7.11519631725234,7.646157633243,6.6987781969536,6.80015923566879,7.29257507288629,7.04879422919509,226
"228",2022,10,7.30769230769231,13,7.57142857142857,7,NA,7.625,7.16666666666667,7,6,0,4,9,5050,2221,2829,628,1376,3674,7.11569185148515,7.64592210715894,6.69941705549664,6.80015923566879,7.2935414244186,7.04908297495917,227
"229",2022,11,7.61935483870968,31,8.3,7.245,6.25,8.1,7.52692307692308,11,20,2,5,26,5081,2232,2849,630,1381,3700,7.11876478055501,7.649145609319,6.70324705159705,6.7984126984127,7.29646125995655,7.05244077027027,228
"230",2022,12,7.71363636363636,22,8.88888888888889,6.9,5.6,8.4,7.645,9,13,3,2,20,5103,2241,2862,633,1383,3720,7.12132938467568,7.65412449799197,6.70414075821104,6.79273301737757,7.29805712219812,7.05562657258065,229
