"","year","month","avg_rating","no_ratings","avg_rating_owned","avg_rating_not_owned","avg_rating_prev_owned","avg_rating_comment","avg_rating_no_comment","no_ratings_owned","no_ratings_not_owned","no_ratings_prev_owned","no_ratings_comment","no_ratings_no_comment","cum_no_ratings","cum_no_ratings_owned","cum_no_ratings_not_owned","cum_no_ratings_prev_owned","cum_no_ratings_comment","cum_no_ratings_no_comment","cum_avg_rating","cum_avg_rating_owned","cum_avg_rating_not_owned","cum_avg_rating_prev_owned","cum_avg_rating_comment","cum_avg_rating_no_comment","month_after_release"
"1",2001,6,7.5,2,7.5,NA,NA,NA,7.5,2,0,0,0,2,2,2,0,0,0,2,7.5,7.5,NA,NA,NA,7.5,0
"2",2001,7,5.5,2,NA,5.5,NA,NA,5.5,0,2,0,0,2,4,2,2,0,0,4,6.5,7.5,5.5,NA,NA,6.5,1
"3",2001,9,7,1,7,NA,NA,NA,7,1,0,0,0,1,5,3,2,0,0,5,6.6,7.33333333333333,5.5,NA,NA,6.6,3
"4",2001,10,6,1,6,NA,NA,NA,6,1,0,0,0,1,6,4,2,0,0,6,6.5,7,5.5,NA,NA,6.5,4
"5",2001,11,7.25,4,7.25,NA,NA,7.66666666666667,6,4,0,0,3,1,10,8,2,0,3,7,6.8,7.125,5.5,NA,7.66666666666667,6.42857142857143,5
"6",2001,12,7,1,7,NA,NA,NA,7,1,0,0,0,1,11,9,2,0,3,8,6.81818181818182,7.11111111111111,5.5,NA,7.66666666666667,6.5,6
"7",2002,1,6,4,7,5,NA,7,5.66666666666667,2,2,0,1,3,15,11,4,0,4,11,6.6,7.09090909090909,5.25,NA,7.5,6.27272727272727,7
"8",2002,2,5,1,NA,5,NA,NA,5,0,1,0,0,1,16,11,5,0,4,12,6.5,7.09090909090909,5.2,NA,7.5,6.16666666666667,8
"9",2002,5,4,4,8,2.66666666666667,NA,2.66666666666667,8,1,3,0,3,1,20,12,8,0,7,13,6,7.16666666666667,4.25,NA,5.42857142857143,6.30769230769231,11
"10",2002,6,6,3,6,NA,NA,6,6,3,0,0,2,1,23,15,8,0,9,14,6,6.93333333333333,4.25,NA,5.55555555555556,6.28571428571429,12
"11",2002,7,6.4,5,7.5,5.66666666666667,NA,8.5,5,2,3,0,2,3,28,17,11,0,11,17,6.07142857142857,7,4.63636363636364,NA,6.09090909090909,6.05882352941176,13
"12",2002,8,7,2,7,NA,NA,NA,7,2,0,0,0,2,30,19,11,0,11,19,6.13333333333333,7,4.63636363636364,NA,6.09090909090909,6.15789473684211,14
"13",2002,9,7.2,5,7.66666666666667,6.5,NA,8.5,6.33333333333333,3,2,0,2,3,35,22,13,0,13,22,6.28571428571429,7.09090909090909,4.92307692307692,NA,6.46153846153846,6.18181818181818,15
"14",2002,10,9.5,2,9.5,NA,NA,10,9,2,0,0,1,1,37,24,13,0,14,23,6.45945945945946,7.29166666666667,4.92307692307692,NA,6.71428571428571,6.30434782608696,16
"15",2002,11,6.6,5,7,5,NA,6.5,6.66666666666667,4,1,0,2,3,42,28,14,0,16,26,6.47619047619048,7.25,4.92857142857143,NA,6.6875,6.34615384615385,17
"16",2002,12,7.33333333333333,3,7.33333333333333,NA,NA,7.5,7,3,0,0,2,1,45,31,14,0,18,27,6.53333333333333,7.25806451612903,4.92857142857143,NA,6.77777777777778,6.37037037037037,18
"17",2003,1,7.21428571428571,7,8.875,5,NA,NA,7.21428571428571,4,3,0,0,7,52,35,17,0,18,34,6.625,7.44285714285714,4.94117647058824,NA,6.77777777777778,6.54411764705882,19
"18",2003,2,6.5,4,7,6,6,6,6.66666666666667,2,2,2,1,3,56,37,19,2,19,37,6.61607142857143,7.41891891891892,5.05263157894737,6,6.73684210526316,6.55405405405405,20
"19",2003,3,5.57142857142857,7,6.6,3,NA,5.5,5.66666666666667,5,2,0,4,3,63,42,21,2,23,40,6.5,7.32142857142857,4.85714285714286,6,6.52173913043478,6.4875,21
"20",2003,4,6.6,5,6,7,7.5,NA,6.6,2,3,2,0,5,68,44,24,4,23,45,6.50735294117647,7.26136363636364,5.125,6.75,6.52173913043478,6.5,22
"21",2003,5,6.04166666666667,12,6.5,5.4,6,6.25,5.9375,7,5,1,4,8,80,51,29,5,27,53,6.4375,7.15686274509804,5.17241379310345,6.6,6.48148148148148,6.41509433962264,23
"22",2003,6,6,4,5.5,6.5,NA,5.33333333333333,8,2,2,0,3,1,84,53,31,5,30,54,6.41666666666667,7.09433962264151,5.25806451612903,6.6,6.36666666666667,6.44444444444444,24
"23",2003,7,5.94444444444444,27,6.61764705882353,4.8,NA,5,6.21428571428571,17,10,0,6,21,111,70,41,5,36,75,6.3018018018018,6.97857142857143,5.14634146341463,6.6,6.13888888888889,6.38,25
"24",2003,8,5.58333333333333,6,6,5.5,NA,4.25,6.25,1,5,0,2,4,117,71,46,5,38,79,6.26495726495726,6.96478873239437,5.18478260869565,6.6,6.03947368421053,6.37341772151899,26
"25",2003,9,6.86,10,7.22857142857143,6,6,6,7.075,7,3,1,2,8,127,78,49,6,40,87,6.31181102362205,6.98846153846154,5.23469387755102,6.5,6.0375,6.43793103448276,27
"26",2003,10,4.83333333333333,6,5.2,3,NA,4.25,6,5,1,0,4,2,133,83,50,6,44,89,6.24511278195489,6.88072289156627,5.19,6.5,5.875,6.42808988764045,28
"27",2003,12,6.35,10,6.91666666666667,5.5,NA,5.9,6.8,6,4,0,5,5,143,89,54,6,49,94,6.25244755244755,6.88314606741573,5.21296296296296,6.5,5.87755102040816,6.44787234042553,30
"28",2004,1,6.58333333333333,12,7.14285714285714,5.8,7,6,6.77777777777778,7,5,2,3,9,155,96,59,8,52,103,6.27806451612903,6.90208333333333,5.26271186440678,6.625,5.88461538461539,6.47669902912621,31
"29",2004,2,5.625,8,6.8,3.66666666666667,NA,4.5,6.75,5,3,0,4,4,163,101,62,8,56,107,6.24601226993865,6.8970297029703,5.18548387096774,6.625,5.78571428571429,6.48691588785047,32
"30",2004,3,5.7,14,6.75555555555556,3.8,4,4.82857142857143,6.57142857142857,9,5,1,7,7,177,110,67,9,63,114,6.20282485875706,6.88545454545454,5.08208955223881,6.33333333333333,5.67936507936508,6.4921052631579,33
"31",2004,4,6.76875,16,6.89090909090909,6.5,NA,6.58888888888889,7,11,5,0,9,7,193,121,72,9,72,121,6.24974093264249,6.88595041322314,5.18055555555556,6.33333333333333,5.79305555555556,6.52148760330579,34
"32",2004,5,6.38888888888889,9,6.75,5.66666666666667,NA,6.3,6.5,6,3,0,5,4,202,127,75,9,77,125,6.25594059405941,6.87952755905512,5.2,6.33333333333333,5.82597402597403,6.5208,35
"33",2004,6,5.4,10,6.14285714285714,3.66666666666667,NA,5,5.57142857142857,7,3,0,3,7,212,134,78,9,80,132,6.21556603773585,6.8410447761194,5.14102564102564,6.33333333333333,5.795,6.47045454545455,36
"34",2004,7,5.9,10,6.14285714285714,5.33333333333333,7,6,5.83333333333333,7,3,1,4,6,222,141,81,10,84,138,6.20135135135135,6.8063829787234,5.14814814814815,6.4,5.80476190476191,6.44275362318841,37
"35",2004,8,7.3125,8,7.6,6.83333333333333,NA,7.33333333333333,7.3,5,3,0,3,5,230,146,84,10,87,143,6.24,6.83356164383562,5.20833333333333,6.4,5.85747126436782,6.47272727272727,38
"36",2004,9,6.16666666666667,12,6.44444444444444,5.33333333333333,NA,6,6.4,9,3,0,7,5,242,155,87,10,94,148,6.23636363636364,6.81096774193548,5.21264367816092,6.4,5.86808510638298,6.47027027027027,39
"37",2004,10,6.86363636363636,11,8.125,6.14285714285714,6.66666666666667,6.6,7.08333333333333,4,7,3,5,6,253,159,94,13,99,154,6.26363636363636,6.8440251572327,5.28191489361702,6.46153846153846,5.90505050505051,6.49415584415584,40
"38",2004,11,5.42307692307692,13,6.66666666666667,4.35714285714286,4,4.25,6.42857142857143,6,7,2,6,7,266,165,101,15,105,161,6.22255639097744,6.83757575757576,5.21782178217822,6.13333333333333,5.81047619047619,6.49130434782609,41
"39",2004,12,7,10,6.91666666666667,7.125,NA,6,7.25,6,4,0,2,8,276,171,105,15,107,169,6.25072463768116,6.84035087719298,5.29047619047619,6.13333333333333,5.81401869158879,6.52721893491124,42
"40",2005,1,6.56521739130435,23,6.88888888888889,5.4,5,7.33333333333333,6.29411764705882,18,5,1,6,17,299,189,110,16,113,186,6.27491638795987,6.84497354497354,5.29545454545455,6.0625,5.89469026548673,6.50591397849462,43
"41",2005,2,6.45384615384615,13,6.575,5,NA,6.28,6.5625,12,1,0,5,8,312,201,111,16,118,194,6.2823717948718,6.82885572139304,5.29279279279279,6.0625,5.91101694915254,6.50824742268041,44
"42",2005,3,5.91666666666667,6,6.7,2,NA,4,6.875,5,1,0,2,4,318,206,112,16,120,198,6.27547169811321,6.82572815533981,5.26339285714286,6.0625,5.87916666666667,6.51565656565657,45
"43",2005,4,6.11538461538461,13,6.75,4,NA,4.83333333333333,7.21428571428571,10,3,0,6,7,331,216,115,16,126,205,6.26918429003021,6.82222222222222,5.2304347826087,6.0625,5.82936507936508,6.53951219512195,46
"44",2005,5,5.95833333333333,12,7.07142857142857,4.4,NA,5.5625,6.75,7,5,0,8,4,343,223,120,16,134,209,6.25830903790088,6.83004484304933,5.19583333333333,6.0625,5.8134328358209,6.54354066985646,47
"45",2005,6,6.8,10,7.14285714285714,6,6,6.5,7.25,7,3,1,6,4,353,230,123,17,140,213,6.27365439093485,6.83956521739131,5.21544715447155,6.05882352941176,5.84285714285714,6.55680751173709,48
"46",2005,7,6.33333333333333,15,6.66666666666667,5,4,7.5,6.15384615384615,12,3,1,2,13,368,242,126,18,142,226,6.27608695652174,6.83099173553719,5.21031746031746,5.94444444444444,5.86619718309859,6.53362831858407,49
"47",2005,8,6.68181818181818,11,6.88888888888889,5.75,7.5,7,6.41666666666667,9,2,1,5,6,379,251,128,19,147,232,6.28786279683377,6.83306772908367,5.21875,6.02631578947368,5.90476190476191,6.53060344827586,50
"48",2005,9,5.83333333333333,12,6.25,5,5.5,5.57142857142857,6.2,8,4,2,7,5,391,259,132,21,154,237,6.27391304347826,6.81505791505792,5.21212121212121,5.97619047619048,5.88961038961039,6.52362869198312,51
"49",2005,10,5.66666666666667,15,7.07142857142857,4.4375,5.5,4.75,6.71428571428571,7,8,2,8,7,406,266,140,23,162,244,6.25147783251232,6.8218045112782,5.16785714285714,5.93478260869565,5.83333333333333,6.52909836065574,52
"50",2005,11,6.15384615384615,13,6.625,5.4,6,5.92857142857143,6.41666666666667,8,5,1,7,6,419,274,145,24,169,250,6.24844868735084,6.81605839416059,5.17586206896552,5.9375,5.83727810650888,6.5264,53
"51",2005,12,6.33913043478261,23,6.67647058823529,5.38333333333333,4.5,6.7,6.23888888888889,17,6,2,5,18,442,291,151,26,174,268,6.25316742081448,6.80790378006873,5.1841059602649,5.82692307692308,5.86206896551724,6.50708955223881,54
"52",2006,1,5.76923076923077,13,6.38888888888889,4.375,NA,5.58333333333333,5.92857142857143,9,4,0,6,7,455,300,155,26,180,275,6.23934065934066,6.79533333333333,5.16322580645161,5.82692307692308,5.85277777777778,6.49236363636364,55
"53",2006,2,5.86666666666667,15,5.90909090909091,5.75,6,5.75,5.90909090909091,11,4,1,4,11,470,311,159,27,184,286,6.22744680851064,6.76398713826367,5.17798742138365,5.83333333333333,5.85054347826087,6.46993006993007,56
"54",2006,3,6.30526315789474,19,6.63846153846154,5.58333333333333,NA,5.74,6.50714285714286,13,6,0,5,14,489,324,165,27,189,300,6.23047034764826,6.75895061728395,5.19272727272727,5.83333333333333,5.84761904761905,6.47166666666667,57
"55",2006,4,5.9375,8,6.3,5.33333333333333,NA,5.5,6.66666666666667,5,3,0,5,3,497,329,168,27,194,303,6.22575452716298,6.75197568389058,5.19523809523809,5.83333333333333,5.83865979381443,6.47359735973597,58
"56",2006,5,6.19230769230769,13,6.25,5.5,NA,4.75,6.45454545454545,12,1,0,2,11,510,341,169,27,196,314,6.22490196078432,6.73431085043988,5.19704142011834,5.83333333333333,5.82755102040816,6.47292993630573,59
"57",2006,6,5.71428571428571,7,5.75,5.5,NA,NA,5.71428571428571,6,1,0,0,7,517,347,170,27,196,321,6.21798839458414,6.71729106628242,5.19882352941176,5.83333333333333,5.82755102040816,6.45638629283489,60
"58",2006,7,6.64583333333333,24,7.2,5.72222222222222,7,6.7,6.60714285714286,15,9,2,10,14,541,362,179,29,206,335,6.2369685767098,6.73729281767956,5.22513966480447,5.91379310344828,5.86990291262136,6.46268656716418,61
"59",2006,8,5.88888888888889,9,6.125,4,NA,6.66666666666667,5.5,8,1,0,3,6,550,370,180,29,209,341,6.23127272727273,6.72405405405406,5.21833333333333,5.91379310344828,5.88133971291866,6.44574780058651,62
"60",2006,9,6.71428571428571,21,6.86666666666667,6.33333333333333,7,7.25,6.58823529411765,15,6,1,4,17,571,385,186,30,213,358,6.24903677758319,6.72961038961039,5.25430107526882,5.95,5.90704225352113,6.45251396648045,63
"61",2006,10,5.5625,16,5.66666666666667,5.25,7,5.38888888888889,5.78571428571429,12,4,1,9,7,587,397,190,31,222,365,6.23032367972743,6.69748110831234,5.25421052631579,5.98387096774194,5.88603603603604,6.43972602739726,64
"62",2006,11,6.53571428571429,14,6.95454545454545,5,4,7.25,6.25,11,3,1,4,10,601,408,193,32,226,375,6.23743760399335,6.70441176470588,5.25025906735751,5.921875,5.91017699115044,6.43466666666667,65
"63",2006,12,6.58333333333333,24,6.82352941176471,6,5,6,6.93333333333333,17,7,2,9,15,625,425,200,34,235,390,6.25072,6.70917647058824,5.2765,5.86764705882353,5.9136170212766,6.45384615384615,66
"64",2007,1,6.5,23,6.86111111111111,5.2,5,6.375,6.56666666666667,18,5,2,8,15,648,443,205,36,243,405,6.25956790123457,6.71534988713318,5.27463414634146,5.81944444444444,5.92880658436214,6.45802469135803,67
"65",2007,2,6.15714285714286,21,6.93636363636364,5.3,5,4.5,6.675,11,10,1,5,16,669,454,215,37,248,421,6.25635276532137,6.72070484581498,5.27581395348837,5.7972972972973,5.9,6.46627078384798,68
"66",2007,3,6.63684210526316,19,7.3,5.2,5.85,6.4,6.80909090909091,13,6,2,8,11,688,467,221,39,256,432,6.26686046511628,6.73683083511777,5.2737556561086,5.8,5.915625,6.475,69
"67",2007,4,6.25,20,6.5,5.66666666666667,6,6.72222222222222,5.86363636363636,14,6,2,9,11,708,481,227,41,265,443,6.26638418079096,6.72993762993763,5.284140969163,5.80975609756098,5.94301886792453,6.45981941309255,70
"68",2007,5,6.06842105263158,19,6.21875,5.26666666666667,NA,6.1875,5.98181818181818,16,3,0,8,11,727,497,230,41,273,454,6.26121045392022,6.71348088531187,5.28391304347826,5.80975609756098,5.95018315018315,6.44823788546256,71
"69",2007,6,6.375,24,6.85294117647059,5.21428571428571,6.5,6.1875,6.46875,17,7,2,8,16,751,514,237,43,281,470,6.26484687083888,6.71809338521401,5.28185654008439,5.84186046511628,5.95693950177936,6.44893617021277,72
"70",2007,7,6.64782608695652,23,7.03333333333333,5.925,6.7,7.33333333333333,6.40588235294118,15,8,2,6,17,774,529,245,45,287,487,6.27622739018088,6.72703213610586,5.30285714285714,5.88,5.98571428571429,6.44743326488706,73
"71",2007,8,6.625,20,6.90625,5.5,NA,6.33333333333333,6.75,16,4,0,6,14,794,545,249,45,293,501,6.28501259445844,6.73229357798165,5.30602409638554,5.88,5.99283276450512,6.4558882235529,74
"72",2007,9,6.352,25,6.9875,5.22222222222222,6,5.97142857142857,6.5,16,9,3,7,18,819,561,258,48,300,519,6.28705738705739,6.73957219251337,5.3031007751938,5.8875,5.99233333333333,6.45741811175337,75
"73",2007,10,6.5,19,7.25,4.4,NA,6.35714285714286,6.58333333333333,14,5,0,7,12,838,575,263,48,307,531,6.29188544152745,6.752,5.28593155893536,5.8875,6.00065146579805,6.46026365348399,76
"74",2007,11,6.00657894736842,38,6.55769230769231,4.8125,6,5.6375,6.41666666666667,26,12,2,20,18,876,601,275,50,327,549,6.27950913242009,6.74359400998336,5.26527272727273,5.892,5.97844036697248,6.45883424408015,77
"75",2007,12,6.32222222222222,27,6.81333333333333,5.70833333333333,6.5,6.43846153846154,6.21428571428571,15,12,2,13,14,903,616,287,52,340,563,6.28078626799557,6.74529220779221,5.28379790940767,5.91538461538461,5.99602941176471,6.45275310834814,78
"76",2008,1,6.41935483870968,31,6.97058823529412,5.75,6,6.58333333333333,6.31578947368421,17,14,1,12,19,934,633,301,53,352,582,6.28538543897216,6.75134281200632,5.30548172757475,5.91698113207547,6.01605113636364,6.44828178694158,79
"77",2008,2,5.94736842105263,19,6.27272727272727,5.5,4,6,5.88888888888889,11,8,1,10,9,953,644,309,54,362,591,6.2786463798531,6.74316770186336,5.31051779935275,5.88148148148148,6.01560773480663,6.43976311336718,80
"78",2008,3,5.78260869565217,23,5.9,5.5625,NA,5.375,6,15,8,0,8,15,976,659,317,54,370,606,6.26695696721312,6.72397572078908,5.31687697160883,5.88148148148148,6.00175675675676,6.42887788778878,81
"79",2008,4,6.25714285714286,21,6.72,5.1,5,6.3125,6.22307692307692,15,6,2,8,13,997,674,323,56,378,619,6.26675025075226,6.72388724035609,5.31284829721362,5.85,6.00833333333333,6.42455573505654,82
"80",2008,5,5.88076923076923,26,6.2,5.44545454545455,5.33333333333333,4.8125,6.35555555555556,15,11,3,8,18,1023,689,334,59,386,637,6.2569403714565,6.71248185776488,5.31721556886228,5.82372881355932,5.98354922279793,6.42260596546311,83
"81",2008,6,5.68333333333333,12,6.64,5,NA,4,6.24444444444444,5,7,0,3,9,1035,694,341,59,389,646,6.25028985507246,6.71195965417868,5.31070381231672,5.82372881355932,5.96825192802057,6.42012383900929,84
"82",2008,7,5.78571428571429,21,6.75,4.90909090909091,4.55555555555556,5.91666666666667,5.73333333333333,10,11,9,6,15,1056,704,352,68,395,661,6.24105113636364,6.7125,5.29815340909091,5.65588235294118,5.96746835443038,6.40453857791226,85
"83",2008,8,6.62903225806452,31,7.02941176470588,6.14285714285714,5.4,6.57777777777778,6.65,17,14,5,9,22,1087,721,366,73,404,683,6.25211591536338,6.71997226074896,5.33046448087432,5.63835616438356,5.98106435643564,6.41244509516838,86
"84",2008,9,6.82608695652174,23,7.06666666666667,6.375,5.25,6.75,6.86666666666667,15,8,4,8,15,1110,736,374,77,412,698,6.26400900900901,6.72703804347826,5.35280748663102,5.61818181818182,5.99599514563107,6.42220630372493,87
"85",2008,10,6.02631578947368,19,6.53571428571429,4.6,6,5.64285714285714,6.25,14,5,1,7,12,1129,750,379,78,419,710,6.26000885739592,6.72346666666667,5.34287598944591,5.62307692307692,5.99009546539379,6.41929577464789,88
"86",2008,11,5.57692307692308,26,6.60714285714286,4.375,4.83333333333333,4.85714285714286,6.41666666666667,14,12,6,14,12,1155,764,391,84,433,722,6.24463203463203,6.72133507853403,5.31317135549872,5.56666666666667,5.95346420323326,6.41925207756233,89
"87",2008,12,6.33333333333333,24,6.64705882352941,5.57142857142857,5.5,6.54545454545455,6.15384615384615,17,7,4,11,13,1179,781,398,88,444,735,6.24643765903308,6.71971830985916,5.3177135678392,5.56363636363636,5.96813063063063,6.41455782312925,90
"88",2009,1,5.78333333333333,42,6.40869565217391,5.02631578947368,4.72727272727273,5.4,6.1,23,19,11,19,23,1221,804,417,99,463,758,6.23050778050778,6.71082089552239,5.30443645083933,5.47070707070707,5.94481641468682,6.40501319261214,91
"89",2009,2,6.0421875,32,6.82631578947368,4.89615384615385,5.25,5,6.334,19,13,4,7,25,1253,823,430,103,470,783,6.22569832402235,6.7134872417983,5.29209302325581,5.4621359223301,5.93074468085106,6.40274584929758,92
"90",2009,3,6.31818181818182,33,6.66666666666667,5.38888888888889,5,6.10714285714286,6.47368421052632,24,9,1,14,19,1286,847,439,104,484,802,6.22807153965785,6.71216056670602,5.29407744874715,5.45769230769231,5.93584710743802,6.40442643391521,93
"91",2009,4,6.2962962962963,27,6.88235294117647,5.3,5,5.59090909090909,6.78125,17,10,3,11,16,1313,864,449,107,495,818,6.22947448591013,6.71550925925926,5.29420935412027,5.44485981308411,5.92818181818182,6.41179706601467,94
"92",2009,5,6.13076923076923,26,6.70588235294118,5.04444444444444,5.2,6.175,6.11111111111111,17,9,5,8,18,1339,881,458,112,503,836,6.22755787901419,6.71532349602724,5.28930131004367,5.43392857142857,5.93210735586481,6.40532296650718,95
"93",2009,6,6.18571428571429,28,6.85625,5.29166666666667,5.375,5.86363636363636,6.39411764705882,16,12,4,11,17,1367,897,470,116,514,853,6.22670080468178,6.71783723522854,5.28936170212766,5.43189655172414,5.9306420233463,6.40509964830012,96
"94",2009,7,6.3,29,6.8,5.35,5.33333333333333,6,6.51176470588235,19,10,3,12,17,1396,916,480,119,526,870,6.228223495702,6.71954148471616,5.290625,5.42941176470588,5.93222433460076,6.40718390804598,97
"95",2009,8,6.54705882352941,17,6.95454545454545,5.8,6,6.3,6.68181818181818,11,6,3,6,11,1413,927,486,122,532,881,6.23205944798301,6.72233009708738,5.29691358024691,5.44344262295082,5.93637218045113,6.41061293984109,98
"96",2009,9,5.53703703703704,27,6.33333333333333,4.54166666666667,4.38,4.95454545454545,5.9375,15,12,5,11,16,1440,942,498,127,543,897,6.21902777777778,6.71613588110403,5.27871485943775,5.40157480314961,5.91648250460405,6.40217391304348,99
"97",2009,10,6.70555555555556,27,6.97058823529412,6.255,6.5,4.5,6.882,17,10,2,2,25,1467,959,508,129,545,922,6.22798227675528,6.72064650677789,5.29793307086614,5.41860465116279,5.91128440366972,6.41518438177874,100
"98",2009,11,5.52173913043478,23,6.33333333333333,4.63636363636364,4,5.66666666666667,5.47058823529412,12,11,2,6,17,1490,971,519,131,551,939,6.21708053691275,6.71585993820803,5.28391136801542,5.3969465648855,5.90862068965517,6.39808306709265,101
"99",2009,12,6.42666666666667,30,6.64375,6.17857142857143,5.8125,6.83333333333333,6.325,16,14,8,6,24,1520,987,533,139,557,963,6.22121710526316,6.71469098277609,5.30741088180113,5.42086330935252,5.91858168761221,6.39626168224299,102
"100",2010,1,6.13611111111111,36,6.44761904761905,5.7,6,5.68333333333333,6.3625,21,15,6,12,24,1556,1008,548,145,569,987,6.21924807197943,6.70912698412698,5.31815693430657,5.4448275862069,5.91362038664323,6.39544072948329,103
"101",2010,2,6.234375,32,6.5,5.65,5.75,5.60714285714286,6.72222222222222,22,10,6,14,18,1588,1030,558,151,583,1005,6.21955289672544,6.70466019417476,5.32410394265233,5.45695364238411,5.90626072041166,6.40129353233831,104
"102",2010,3,6.70769230769231,26,7.19333333333333,6.04545454545455,6,6.5875,6.76111111111111,15,11,1,8,18,1614,1045,569,152,591,1023,6.22741635687732,6.71167464114833,5.33804920913884,5.46052631578947,5.91548223350254,6.40762463343109,105
"103",2010,4,6.54166666666667,24,7.06666666666667,5.66666666666667,5.75,6.875,6.475,15,9,4,4,20,1638,1060,578,156,595,1043,6.23202075702075,6.71669811320755,5.3431660899654,5.46794871794872,5.92193277310924,6.40891658676894,106
"104",2010,5,6.53125,16,7.71428571428571,5.61111111111111,5.75,6.5625,6.5,7,9,2,8,8,1654,1067,587,158,603,1051,6.234915356711,6.7232427366448,5.34727427597956,5.47151898734177,5.9304311774461,6.40960989533778,107
"105",2010,6,6.42857142857143,28,6.475,6.3125,7.5,5.83333333333333,6.59090909090909,20,8,2,6,22,1682,1087,595,160,609,1073,6.23813912009512,6.71867525298988,5.36025210084034,5.496875,5.92947454844006,6.41332712022367,108
"106",2010,7,6.40166666666667,30,6.94444444444444,5.5875,6.125,5.93636363636364,6.67105263157895,18,12,2,11,19,1712,1105,607,162,620,1092,6.24100467289719,6.72235294117647,5.36474464579901,5.50462962962963,5.92959677419355,6.41781135531136,109
"107",2010,8,5.74090909090909,22,6.6,5.25,5.42857142857143,5.07142857142857,6.05333333333333,8,14,7,7,15,1734,1113,621,169,627,1107,6.23465974625144,6.7214734950584,5.3621578099839,5.50147928994083,5.92001594896332,6.41287262872629,110
"108",2010,9,6.380756,25,6.6875,5.83543333333333,5.5,6.66981666666667,6.28947368421053,16,9,2,6,19,1759,1129,630,171,633,1126,6.23673615690733,6.72099202834367,5.36891888888889,5.50146198830409,5.92712306477093,6.41079040852576,111
"109",2010,10,6.54166666666667,24,7,6,6,5.92857142857143,6.79411764705882,13,11,3,7,17,1783,1142,641,174,640,1143,6.24084066180594,6.72416812609457,5.37974867394696,5.51005747126437,5.92713890625,6.41649168853893,112
"110",2010,11,6.30405405405405,37,6.70833333333333,5.55769230769231,6,6.5,6.24107142857143,24,13,2,9,28,1820,1166,654,176,649,1171,6.24212576923077,6.72384219554031,5.38328577981652,5.515625,5.93508305084746,6.41229718189582,113
"111",2010,12,6.32105263157895,38,6.77272727272727,5.7,5.32857142857143,6.23,6.35357142857143,22,16,7,10,28,1858,1188,670,183,659,1199,6.24373998923573,6.72474747474748,5.39084910447761,5.50846994535519,5.93955827010622,6.41092577147623,114
"112",2011,1,6.21276595744681,47,6.92,5.40909090909091,5.125,6.08333333333333,6.25714285714286,25,22,8,12,35,1905,1213,692,191,671,1234,6.24297580052493,6.72877164056059,5.39142904624278,5.49240837696335,5.94212950819672,6.40656401944895,115
"113",2011,2,6.43229166666667,48,6.8203125,5.65625,5.57142857142857,6.41666666666667,6.43452380952381,32,16,7,6,42,1953,1245,708,198,677,1276,6.2476287250384,6.73112449799197,5.39741370056497,5.49520202020202,5.94633515509601,6.40748432601881,116
"114",2011,3,5.63809523809524,21,6.1,4.71428571428571,5,4.66666666666667,5.8,14,7,3,3,18,1974,1259,715,201,680,1294,6.24114432624113,6.72410643367752,5.39072573426574,5.48781094527363,5.94068955882353,6.39903400309119,117
"115",2011,4,6.415,20,6.42857142857143,6.38333333333333,6.5,6.57142857142857,6.33076923076923,14,6,2,7,13,1994,1273,721,203,687,1307,6.24288811434303,6.72085624509034,5.39898599167823,5.49778325123153,5.94711630276565,6.39835501147667,118
"116",2011,5,6.02272727272727,22,7.1,5.125,6.25,4,6.61764705882353,10,12,2,5,17,2016,1283,733,205,692,1324,6.24048556547619,6.72381137957911,5.39450054570259,5.50512195121951,5.9330475433526,6.40117069486405,119
"117",2011,6,6.04545454545455,22,6.0625,6,6.5,5.5,6.25,16,6,2,6,16,2038,1299,739,207,698,1340,6.23838022571148,6.71566589684373,5.39941664411367,5.51473429951691,5.92932507163324,6.39936567164179,120
"118",2011,7,6.30769230769231,26,6.69444444444444,5.4375,5.625,5.85714285714286,6.47368421052632,18,8,4,7,19,2064,1317,747,211,705,1359,6.23925334302325,6.71537585421412,5.39982449799197,5.51682464454976,5.92860836879433,6.40040470934511,121
"119",2011,8,6.06,25,6.75,5.42307692307692,5.83333333333333,5.22222222222222,6.53125,12,13,3,9,16,2089,1329,760,214,714,1375,6.237108137865,6.71568848758465,5.40022223684211,5.52126168224299,5.91970434173669,6.40192727272727,122
"120",2011,9,5.84137931034483,29,6.53684210526316,4.52,4.35,5,6.01666666666667,19,10,2,5,24,2118,1348,770,216,719,1399,6.23168975448536,6.71316765578635,5.38879077922078,5.51041666666667,5.91330862308762,6.39531808434596,123
"121",2011,10,5.93571428571429,28,6.475,5.21666666666667,4.83333333333333,6.12,5.89565217391304,16,12,3,5,23,2146,1364,782,219,724,1422,6.2278280055918,6.71037390029326,5.38614948849105,5.50114155251142,5.91473604972376,6.38723628691983,124
"122",2011,11,6.104,25,6.96923076923077,5.16666666666667,5,6,6.14444444444444,13,12,3,7,18,2171,1377,794,222,731,1440,6.22640207277752,6.71281771968047,5.38283236775819,5.49436936936937,5.91555253077975,6.38420138888889,125
"123",2011,12,6.50208333333333,24,6.7,5.75,6.375,6.6,6.47631578947368,19,5,2,5,19,2195,1396,799,224,736,1459,6.22941635535307,6.71264326647565,5.38513003754693,5.50223214285714,5.92020230978261,6.38540095956134,126
"124",2012,1,6.31555555555556,45,6.81034482758621,5.41875,6,6,6.39444444444444,29,16,5,9,36,2240,1425,815,229,745,1495,6.23114683035714,6.71463157894737,5.38579006134969,5.51310043668122,5.92116630872483,6.38561872909699,127
"125",2012,2,6.54642857142857,28,6.965,5.5,4.66666666666667,6.075,6.625,20,8,3,4,24,2268,1445,823,232,749,1519,6.23503919753086,6.71809688581315,5.38690024301337,5.50215517241379,5.92198785046729,6.38940092165899,128
"126",2012,3,5.84516129032258,31,6.71363636363636,3.72222222222222,4.75,5.375,6.00869565217391,22,9,2,8,23,2299,1467,832,234,757,1542,6.22978203566768,6.71802999318337,5.36889290865385,5.4957264957265,5.9162072655218,6.3837224383917,129
"127",2012,4,6.18064516129032,31,6.40555555555556,5.86923076923077,5.25,4.75,6.27931034482759,18,13,4,2,29,2330,1485,845,238,759,1571,6.2291282832618,6.71424242424242,5.37659041420118,5.49159663865546,5.91313425559947,6.38179503500955,130
"128",2012,5,6.81071428571429,42,7.1109375,5.85,6.375,6.38125,6.91176470588235,32,10,4,8,34,2372,1517,855,242,767,1605,6.23942618043845,6.72261041529334,5.38212736842105,5.50619834710744,5.91801681877445,6.39302180685358,131
"129",2012,6,6.5,27,6.65625,6.27272727272727,5,5,6.6875,16,11,2,3,24,2399,1533,866,244,770,1629,6.24235885785744,6.72191780821918,5.39343983833718,5.50204918032787,5.91444012987013,6.39736034376919,132
"130",2012,7,6.09566666666667,30,6.36190476190476,5.47444444444444,6,6.58,5.8535,21,9,1,10,20,2429,1554,875,245,780,1649,6.24054709757101,6.71705276705277,5.39427302857143,5.50408163265306,5.92297294871795,6.39076409945422,133
"131",2012,8,6.025,16,6.22727272727273,5.58,5.9,6.225,5.95833333333333,11,5,1,4,12,2445,1565,880,246,784,1661,6.23913656441718,6.71361022364217,5.39532829545455,5.50569105691057,5.92451390306123,6.38763997591812,134
"132",2012,9,6.54074074074074,27,6.82105263157895,5.875,6.25,6.25,6.66315789473684,19,8,4,8,19,2472,1584,888,250,792,1680,6.24243078478964,6.71489898989899,5.39964966216216,5.5176,5.92780164141414,6.39075595238095,135
"133",2012,10,5.95,20,6.63636363636364,5.11111111111111,6.5,5,6.46153846153846,11,9,2,7,13,2492,1595,897,252,799,1693,6.2400838282504,6.71435736677116,5.39675462653289,5.52539682539683,5.91967321652065,6.39129946839929,136
"134",2012,11,6.05,20,6.5,5.21428571428571,5.125,6.42857142857143,5.84615384615385,13,7,4,7,13,2512,1608,904,256,806,1706,6.23857042197452,6.71262437810945,5.39534170353982,5.519140625,5.9240929280397,6.38714536928488,137
"135",2012,12,6.25,40,6.96153846153846,4.92857142857143,4.25,4.91666666666667,6.48529411764706,26,14,4,6,34,2552,1634,918,260,812,1740,6.23874956896552,6.71658506731946,5.38822320261438,5.49961538461539,5.91664889162562,6.38906321839081,138
"136",2013,1,6.39510204081633,49,6.72275862068966,5.92,5.57777777777778,5.5,6.49681818181818,29,20,9,5,44,2601,1663,938,269,817,1784,6.24169507881584,6.71669272399278,5.39956172707889,5.50223048327138,5.91409902080783,6.39172085201794,139
"137",2013,2,6.14285714285714,21,6.71428571428571,5,5,6.42857142857143,6,14,7,4,7,14,2622,1677,945,273,824,1798,6.2409034706331,6.71667262969588,5.39660201058201,5.4948717948718,5.91846953883495,6.38867074527253,140
"138",2013,3,6.24827586206897,29,6.98333333333333,5.04545454545455,5.75,5.8,6.34166666666667,18,11,4,5,24,2651,1695,956,277,829,1822,6.2409841192003,6.71950442477876,5.39256161087866,5.4985559566787,5.91775500603136,6.38805159165752,141
"139",2013,4,6.25217391304348,23,7.36363636363636,5.23333333333333,4.8,3.75,6.49047619047619,11,12,5,2,21,2674,1706,968,282,831,1843,6.24108036649214,6.72365767878077,5.39058770661157,5.48617021276596,5.91253778580024,6.38921866521975,142
"140",2013,5,6.146,25,6.3575,5.3,4.75,5.82142857142857,6.27222222222222,20,5,2,7,18,2699,1726,973,284,838,1861,6.24019966654316,6.71941483198146,5.39012219938335,5.48098591549296,5.91177673031026,6.38808704997313,143
"141",2013,6,6.33225806451613,31,6.83913043478261,4.875,2.75,5.44444444444444,6.69545454545455,23,8,2,9,22,2730,1749,981,286,847,1883,6.24124501831502,6.72098913664951,5.38592140672783,5.46188811188811,5.90681097992916,6.39167817312799,144
"142",2013,7,6.18125,32,6.38636363636364,5.73,5.33333333333333,5.70833333333333,6.465,22,10,3,12,20,2762,1771,991,289,859,1903,6.2405499275887,6.71683229813665,5.38939344096872,5.46055363321799,5.90403830034924,6.39244876510773,145
"143",2013,8,5.98214285714286,28,6.64705882352941,4.95454545454545,1.5,5.14285714285714,6.26190476190476,17,11,2,7,21,2790,1788,1002,291,866,1924,6.23795659498208,6.71616890380313,5.38461966067864,5.43333333333333,5.89788556581986,6.39102390852391,146
"144",2013,9,6.31730769230769,26,6.10526315789474,6.89285714285714,7,6.66666666666667,6.27173913043478,19,7,2,3,23,2816,1807,1009,293,869,1947,6.23868924005682,6.70974543442169,5.39508315163528,5.44402730375427,5.90053958573073,6.38961479198767,147
"145",2013,10,6.50384615384615,26,7.1,5.55,5.64285714285714,6.46,6.53125,16,10,7,10,16,2842,1823,1019,300,879,1963,6.24111502463054,6.71317059791552,5.39660343473994,5.44866666666667,5.90690432309443,6.39076923076923,148
"146",2013,11,5.97068965517241,29,6.43125,5.40384615384615,6.5,7,5.93392857142857,16,13,1,1,28,2871,1839,1032,301,880,1991,6.23838345524207,6.71071778140294,5.39669467054264,5.45215946843854,5.90814647727273,6.38434455047715,149
"147",2013,12,6.28378378378378,37,6.78571428571429,4.72222222222222,4.5,3,6.47142857142857,28,9,4,2,35,2908,1867,1041,305,882,2026,6.23896110729023,6.71184252811998,5.39086349663785,5.43967213114754,5.90155204081633,6.38584896347483,150
"148",2014,1,6.294,50,6.68648648648649,5.17692307692308,5.5,5.57142857142857,6.41162790697674,37,13,4,7,43,2958,1904,1054,309,889,2069,6.2398914469236,6.71134978991597,5.38822476280835,5.44045307443366,5.89895264341957,6.38638472692122,151
"149",2014,2,6.63888888888889,36,7.15217391304348,5.73076923076923,5,5.85714285714286,6.82758620689655,23,13,5,7,29,2994,1927,1067,314,896,2098,6.24468901135604,6.71661131292164,5.39239821930647,5.43343949044586,5.89862600446429,6.39248331744519,152
"150",2014,3,6.33870967741935,31,6.84090909090909,5.11111111111111,4.125,5,6.88636363636364,22,9,4,9,22,3025,1949,1076,318,905,2120,6.24565252892562,6.71801436634171,5.39004544609665,5.41698113207547,5.88968939226519,6.39760849056604,153
"151",2014,4,6.27586206896552,29,6.56190476190476,5.525,4,6.275,6.276,21,8,2,4,25,3054,1970,1084,320,909,2145,6.24593939096267,6.71635025380711,5.39104142066421,5.408125,5.89138492849285,6.39619114219114,154
"152",2014,5,6.03035714285714,28,6.60277777777778,5,5.5,5.42857142857143,6.23095238095238,18,10,5,7,21,3082,1988,1094,325,916,2166,6.24398082414017,6.71532193158954,5.38746700182815,5.40953846153846,5.8878481441048,6.3945891043398,155
"153",2014,6,6.5,32,7.1,5.5,5.33333333333333,7.25,6.39285714285714,20,12,6,4,28,3114,2008,1106,331,920,2194,6.24661172125883,6.71915338645418,5.38868797468355,5.40815709969789,5.89377054347826,6.39456700091158,156
"154",2014,7,6.2953488372093,43,6.83448275862069,5.17857142857143,5.3125,6,6.35277777777778,29,14,8,7,36,3157,2037,1120,339,927,2230,6.24727554640481,6.72079528718704,5.38606151785714,5.40589970501475,5.89457270765912,6.39389237668162,157
"155",2014,8,6.24516129032258,31,6.4,5.92,NA,5.85,6.3037037037037,21,10,0,4,27,3188,2058,1130,339,931,2257,6.24725498745295,6.71752186588921,5.39078663716814,5.40589970501475,5.89438120300752,6.39281346920691,158
"156",2014,9,5.964,25,6.73076923076923,5.13333333333333,5.18333333333333,5.01666666666667,6.26315789473684,13,12,6,6,19,3213,2071,1142,345,937,2276,6.24505101151571,6.71760502172863,5.38808134851138,5.40202898550725,5.88876083244397,6.39173110720563,159
"157",2014,10,6.44565217391304,23,6.55882352941176,6.125,5.91666666666667,6,6.5125,17,6,3,3,20,3236,2088,1148,348,940,2296,6.24647679233621,6.7163122605364,5.39193283972125,5.40646551724138,5.88911585106383,6.3927831010453,160
"158",2014,11,5.65,30,6.22222222222222,4.79166666666667,4.58333333333333,4,5.98,18,12,6,5,25,3266,2106,1160,354,945,2321,6.24099782608695,6.71208926875593,5.38572318965517,5.39251412429379,5.87912052910053,6.38833692373977,161
"159",2014,12,5.60227272727273,44,6.17241379310345,4.5,3.6,4.8125,5.77777777777778,29,15,5,8,36,3310,2135,1175,359,953,2357,6.2325072205438,6.7047587822014,5.37441608510638,5.36754874651811,5.8701667366212,6.37901145523971,162
"160",2015,1,5.96666666666667,45,6.58928571428571,4.94117647058824,5,6.07142857142857,5.94736842105263,28,17,7,7,38,3355,2163,1192,366,960,2395,6.22894154992548,6.70326398520573,5.36823733221477,5.36051912568306,5.87163427083333,6.37216283924844,163
"161",2015,2,6.46875,32,6.84210526315789,5.92307692307692,6.1875,6.4,6.48148148148148,19,13,8,5,27,3387,2182,1205,374,965,2422,6.23120723354,6.70447296058662,5.37422315352697,5.37820855614973,5.87437191709845,6.37338150289018,164
"162",2015,3,6.33928571428571,28,6.94117647058824,5.40909090909091,5.8125,7.125,6.20833333333333,17,11,8,4,24,3415,2199,1216,382,969,2446,6.23209338213763,6.70630286493861,5.37453856907895,5.38730366492147,5.87953446852425,6.37176206050695,165
"163",2015,4,5.95675675675676,37,6.23478260869565,5.5,4,5.16666666666667,6.21071428571429,23,14,3,9,28,3452,2222,1230,385,978,2474,6.22914220741599,6.70142214221422,5.37596658536586,5.37649350649351,5.87297433537832,6.3699393694422,166
"164",2015,5,6.63870967741935,31,6.79565217391304,6.1875,6.75,6.75,6.62222222222222,23,8,2,4,27,3483,2245,1238,387,982,2501,6.23278751076658,6.70238752783964,5.38121074313409,5.38359173126615,5.8765467413442,6.37266293482607,167
"165",2015,6,5.952,25,6.87857142857143,4.77272727272727,5.125,4.4,6.34,14,11,4,5,20,3508,2259,1249,391,987,2521,6.23078645952109,6.70347941567065,5.37585180144115,5.3809462915601,5.86906676798379,6.37240380801269,168
"166",2015,7,6.2962962962963,27,6.75,5.63636363636364,5.66666666666667,4,6.38461538461539,16,11,3,1,26,3535,2275,1260,394,988,2547,6.23128681753889,6.70380659340659,5.37812611111111,5.38312182741117,5.867175,6.37252846486062,169
"167",2015,8,6.28809523809524,42,6.76666666666667,5.42666666666667,4.66666666666667,6.3,6.28684210526316,27,15,3,4,38,3577,2302,1275,397,992,2585,6.23195384400335,6.7045438748914,5.37869717647059,5.37770780856423,5.86892026209677,6.37126885880078,170
"168",2015,9,6.35441176470588,34,6.72954545454545,5.66666666666667,6.16666666666667,6.06428571428571,6.42962962962963,22,12,6,7,27,3611,2324,1287,403,999,2612,6.23310686790362,6.70478055077452,5.38138220668221,5.3894540942928,5.87028918918919,6.37187212863706,171
"169",2015,10,6.3695652173913,23,6.40625,6.28571428571429,6.5,6.5,6.32352941176471,16,7,2,6,17,3634,2340,1294,405,1005,2629,6.23397052834342,6.70273931623931,5.38627426584235,5.39493827160494,5.87404865671642,6.37155952833777,172
"170",2015,11,6.32285714285714,35,6.27777777777778,6.475,5,6.15,6.392,27,8,1,10,25,3669,2367,1302,406,1015,2654,6.23481845189425,6.69789184621884,5.39296382488479,5.39396551724138,5.87676738916256,6.37175207234363,173
"171",2015,12,6.04130434782609,46,6.71428571428571,4.99444444444444,5.27142857142857,5.59090909090909,6.18285714285714,28,18,7,11,35,3715,2395,1320,413,1026,2689,6.23242231493943,6.69808350730689,5.38752946969697,5.39188861985472,5.87370263157895,6.36929341762737,174
"172",2016,1,6.28090909090909,33,6.5808,5.34375,6.25,5,6.36354838709677,25,8,4,2,31,3748,2420,1328,417,1028,2720,6.232849226254,6.69687190082644,5.38726573795181,5.40011990407674,5.87200282101167,6.36922794117647,175
"173",2016,2,5.60285714285714,35,6.255,4.73333333333333,4,5.44444444444444,5.65769230769231,20,15,3,9,26,3783,2440,1343,420,1037,2746,6.22702059212265,6.69325,5.37996195085629,5.39011904761905,5.86829209257474,6.36249089584851,176
"174",2016,3,6.20740740740741,27,6.52941176470588,5.66,5.33333333333333,6,6.25454545454545,17,10,3,5,22,3810,2457,1353,423,1042,2768,6.22688160104986,6.6921164021164,5.38203170731707,5.38971631205674,5.86892408829175,6.36163294797688,177
"175",2016,4,5.98703703703704,27,6.46904761904762,4.3,3.5,6.15,5.95,21,6,1,5,22,3837,2478,1359,424,1047,2790,6.2251938754235,6.69022598870056,5.37725452538631,5.38525943396226,5.87026638013372,6.35838709677419,178
"176",2016,5,6.19166666666667,36,6.97391304347826,4.80769230769231,5.33333333333333,7.96666666666667,6.03030303030303,23,13,3,3,33,3873,2501,1372,427,1050,2823,6.22488223599277,6.69283486605358,5.37185779883382,5.38489461358314,5.8762560952381,6.35455189514701,179
"177",2016,6,6.02051282051282,39,6.24166666666667,5.66666666666667,5.9,6.16666666666667,6.00833333333333,24,15,5,3,36,3912,2525,1387,432,1053,2859,6.22284481083844,6.68854653465346,5.37504607065609,5.39085648148148,5.87708347578348,6.35019237495628,180
"178",2016,7,5.5,27,6.1,4.75,5.5,5.28571428571429,5.575,15,12,2,7,20,3939,2540,1399,434,1060,2879,6.21789004823559,6.68507086614173,5.36968470335954,5.39135944700461,5.87317820754717,6.34480722473081,181
"179",2016,8,6.11,35,6.64807692307692,4.55555555555556,4.5,5.91666666666667,6.15,26,9,2,6,29,3974,2566,1408,436,1066,2908,6.21693983392048,6.68469602494154,5.36448075284091,5.38727064220183,5.87342298311445,6.34286451169188,182
"180",2016,9,5.66666666666667,27,5.93333333333333,5.33333333333333,5.5,5.22222222222222,5.88888888888889,15,12,4,9,18,4001,2581,1420,440,1075,2926,6.2132264183954,6.68032932971716,5.36421753521127,5.38829545454545,5.86797106976744,6.34007177033493,183
"181",2016,10,6.36666666666667,24,6.42941176470588,6.21428571428571,6.83333333333333,6.625,6.315,17,7,3,4,20,4025,2598,1427,443,1079,2946,6.2141413416149,6.67868745188606,5.36838745620182,5.39808126410835,5.87077747914736,6.33990156143924,184
"182",2016,11,6.55,34,7.02916666666667,5.4,5,6.38888888888889,6.608,24,10,2,9,25,4059,2622,1437,445,1088,2971,6.21695464400098,6.68189549961861,5.3686074460682,5.39629213483146,5.87506332720588,6.34215752271962,185
"183",2016,12,6.453125,32,6.73913043478261,5.72222222222222,6.5,7.2,6.31481481481481,23,9,4,5,27,4091,2645,1446,449,1093,2998,6.218801979956,6.68239319470699,5.37080836791148,5.40612472160356,5.88112433668802,6.34191127418279,186
"184",2017,1,6.18666666666667,45,6.69393939393939,4.79166666666667,4.1,5.8,6.29714285714286,33,12,5,10,35,4136,2678,1458,454,1103,3033,6.21845234526112,6.6825354742345,5.36604176954733,5.39174008810573,5.88038884859474,6.34139465875371,187
"185",2017,2,6.31333333333333,30,7.13333333333333,5.08333333333333,5.07142857142857,5,6.40714285714286,18,12,7,2,28,4166,2696,1470,461,1105,3061,6.21913559769563,6.68554525222552,5.36373394557823,5.38687635574837,5.87879538461539,6.34199607971251,188
"186",2017,3,6.06,25,6.89285714285714,5,4.875,4.875,6.28571428571429,14,11,4,4,21,4191,2710,1481,465,1109,3082,6.21818632784538,6.68661623616236,5.36103234301148,5.38247311827957,5.87517484220018,6.34161258922777,189
"187",2017,4,6.61666666666667,30,6.71428571428571,6.38888888888889,7,6,6.71153846153846,21,9,2,4,26,4221,2731,1490,467,1113,3108,6.22101845534233,6.68682900036616,5.36724087248322,5.38940042826552,5.87562345013477,6.34470720720721,190
"188",2017,5,6.27045454545455,22,6.52666666666667,5.72142857142857,6.25,5,6.55277777777778,15,7,1,4,18,4243,2746,1497,468,1117,3126,6.22127478199387,6.68595411507647,5.36889706078824,5.39123931623932,5.87248782452999,6.3459053103007,191
"189",2017,6,6.85,20,7.3125,5,3.5,6.375,6.96875,16,4,2,4,16,4263,2762,1501,470,1121,3142,6.22422446633826,6.68958363504707,5.36791399067288,5.3831914893617,5.87428090990187,6.34907702100573,192
"190",2017,7,6.33478260869565,23,6.61111111111111,5.34,6.6,6.83333333333333,6.15882352941177,18,5,2,6,17,4286,2780,1506,472,1127,3159,6.22481775548297,6.68907553956834,5.36782131474104,5.38834745762712,5.87938677905945,6.34805318138652,193
"191",2017,8,6.96052631578947,19,7.23076923076923,6.375,6.5,9,6.72058823529412,13,6,3,2,17,4305,2793,1512,475,1129,3176,6.22806478513356,6.69159684926602,5.37181805555556,5.39536842105263,5.88491488042516,6.35004722921914,194
"192",2017,9,6.64761904761905,21,7.07692307692308,5.95,6,7,6.61052631578947,13,8,2,2,19,4326,2806,1520,477,1131,3195,6.23010145631068,6.69338203848895,5.37486111842105,5.3979035639413,5.88688673740053,6.35159624413146,195
"193",2017,10,6.0825,24,6.56875,5.11,NA,5.08333333333333,6.41555555555556,16,8,0,6,18,4350,2822,1528,477,1137,3213,6.22928710344827,6.6926754075124,5.37347441099476,5.3979035639413,5.88264635004398,6.35195455960162,196
"194",2017,11,5.46818181818182,22,5.72352941176471,4.6,4.5,3.5,5.665,17,5,2,2,20,4372,2839,1533,479,1139,3233,6.22545720494053,6.68687213807679,5.37095166340509,5.39415448851774,5.87846259877085,6.34770491803279,197
"195",2017,12,5.95333333333333,33,6.67428571428571,4.69166666666667,5.83333333333333,4.5,6.15379310344828,21,12,3,4,29,4405,2860,1545,482,1143,3262,6.22341859250851,6.68677972027972,5.36567566343042,5.39688796680498,5.87363858267717,6.34598099325567,198
"196",2018,1,6.18928571428571,28,6.64,5.0625,5.5,5.6,6.31739130434783,20,8,1,5,23,4433,2880,1553,483,1148,3285,6.22320300022558,6.68645486111111,5.36411390856407,5.39710144927536,5.87244677700348,6.34578082191781,199
"197",2018,2,6.09090909090909,22,6.71428571428571,5,5,5.125,6.30555555555556,14,8,1,4,18,4455,2894,1561,484,1152,3303,6.22254969696969,6.68658949550795,5.36224785393978,5.39628099173554,5.86985147569444,6.34556161065698,200
"198",2018,3,5.98275862068965,29,6.54,4.74444444444444,2.85,4.54,6.28333333333333,20,9,2,5,24,4484,2914,1570,486,1157,3327,6.22099886262266,6.68558339052848,5.35870630573248,5.3858024691358,5.86410449438202,6.3451127141569,201
"199",2018,4,6.61111111111111,18,6.5,6.7,7.33333333333333,6.57142857142857,6.63636363636364,8,10,3,7,11,4502,2922,1580,489,1164,3338,6.22255861839182,6.68507529089664,5.36719550632911,5.39775051124744,5.86835816151203,6.3460724985021,202
"200",2018,5,5.99565217391304,23,6.25882352941176,5.25,4.33333333333333,5.66666666666667,6.20714285714286,17,6,3,9,14,4525,2939,1586,492,1173,3352,6.22140528176795,6.68260973120109,5.36675214375788,5.39126016260163,5.86681065643649,6.34549224343675,203
"201",2018,6,5.71052631578947,19,5.95454545454545,5.375,5.66666666666667,NA,5.71052631578947,11,8,3,0,19,4544,2950,1594,495,1173,3371,6.21926912411972,6.67989491525424,5.36679353826851,5.39292929292929,5.86681065643649,6.34191337881934,204
"202",2018,7,6,26,6.52380952380952,3.8,4.25,5.08333333333333,6.275,21,5,4,6,20,4570,2971,1599,499,1179,3391,6.21802164113785,6.67879165264221,5.361894246404,5.38376753507014,5.86282349448685,6.34151872603952,205
"203",2018,8,5.9,20,6.46666666666667,4.2,5,4.33333333333333,6.17647058823529,15,5,2,3,17,4590,2986,1604,501,1182,3408,6.21663592592592,6.67772605492297,5.35827238154613,5.38223552894211,5.85894153976311,6.34069542253521,206
"204",2018,9,6.16666666666667,27,6.77777777777778,4.94444444444444,NA,4.3125,6.94736842105263,18,9,0,8,19,4617,3004,1613,501,1190,3427,6.21634370803552,6.67832556591212,5.35596336019839,5.38223552894211,5.84854529411765,6.34405894368252,207
"205",2018,10,5.70689655172414,29,6.07894736842105,5,5.3,6.1,5.625,19,10,5,5,24,4646,3023,1623,506,1195,3451,6.21316377529057,6.67455838570956,5.35377011706716,5.38142292490118,5.84959740585774,6.33905824398725,208
"206",2018,11,5.80416666666667,24,5.98888888888889,5.25,7.5,6.125,5.74,18,6,1,4,20,4670,3041,1629,507,1199,3471,6.21106186295503,6.6704998355804,5.35338790669122,5.38560157790927,5.85051618015012,6.33560645347162,209
"207",2018,12,5.74,13,6.22222222222222,4.655,5.85,6.56666666666667,5.492,9,4,2,3,10,4683,3050,1633,509,1202,3481,6.20975419602818,6.66917704918033,5.35167721984078,5.38742632612967,5.85230357737105,6.3331829933927,210
"208",2019,1,6.16296296296296,27,6.63333333333333,5.22222222222222,4.5,7,6.096,18,9,2,2,25,4710,3068,1642,511,1204,3506,6.20948596602972,6.6689667535854,5.35096766138855,5.3839530332681,5.85421004983389,6.33149172846549,211
"209",2019,2,6.6,17,7.47,5.35714285714286,3.5,7.5,6.32307692307692,10,7,2,4,13,4727,3078,1649,513,1208,3519,6.21089039559974,6.67156920077973,5.3509938750758,5.3766081871345,5.85965968543046,6.33146064222791,212
"210",2019,3,5.46260869565217,23,5.55,5.32666666666667,5,4.66666666666667,5.74352941176471,14,9,1,6,17,4750,3092,1658,514,1214,3536,6.2072671368421,6.66649094437257,5.35086182147165,5.37587548638132,5.85376350906095,6.32863404977376,213
"211",2019,4,6.17857142857143,14,6.29166666666667,5.5,NA,7.5,5.95833333333333,12,2,0,2,12,4764,3104,1660,514,1216,3548,6.20718280856423,6.6650418814433,5.3510415060241,5.37587548638132,5.85647113486842,6.32738162344983,214
"212",2019,5,5.78571428571429,14,5.8,5.75,6,6.5,5.5,10,4,1,4,10,4778,3114,1664,515,1220,3558,6.20594786521557,6.66226396917148,5.35200054086538,5.37708737864078,5.85858106557377,6.32505621135469,215
"213",2019,6,6.04545454545455,11,7.25,4.6,5,4.33333333333333,6.6875,6,5,1,3,8,4789,3120,1669,516,1223,3566,6.20557922321987,6.66339423076923,5.34974769322948,5.37635658914729,5.85483965658217,6.32586932136848,216
"214",2019,7,6.36363636363636,22,6.4375,6.16666666666667,4,6,6.42105263157895,16,6,1,3,19,4811,3136,1675,517,1226,3585,6.20630199542714,6.66224170918367,5.35267397014925,5.37369439071567,5.85519486133768,6.32637377963738,217
"215",2019,8,6.1304347826087,23,6.475,3.83333333333333,4.75,4,6.33333333333333,20,3,2,2,21,4834,3156,1678,519,1228,3606,6.20594102192801,6.66105513307985,5.34995762812872,5.37129094412331,5.8521733713355,6.32641430948419,218
"216",2019,9,5.93636363636364,22,6.6,4.51428571428571,NA,5.25,6.08888888888889,15,7,0,4,18,4856,3171,1685,519,1232,3624,6.20471970757825,6.66076631977294,5.34648599406528,5.37129094412331,5.85021826298701,6.32523454746137,219
"217",2019,10,5.02428571428571,7,5.5425,4.33333333333333,5,4.33333333333333,5.5425,4,3,1,3,4,4863,3175,1688,520,1235,3628,6.20302054287476,6.65935748031496,5.34468536729858,5.37057692307692,5.84653352226721,6.32437155457552,220
"218",2019,11,6.04818181818182,11,6.43285714285714,5.375,4.75,6,6.053,7,4,2,1,10,4874,3182,1692,522,1236,3638,6.20267109150595,6.65885920804525,5.34475703309693,5.36819923371647,5.84665768608414,6.32362561847169,221
"219",2019,12,5.76315789473684,19,5.96666666666667,5,4,5,5.80555555555556,15,4,2,1,18,4893,3197,1696,524,1237,3656,6.20096441855712,6.65561151079137,5.34394392688679,5.36297709923664,5.84597324171382,6.3210749452954,222
"220",2020,1,6.61034482758621,29,6.87272727272727,5.78571428571429,5,6.54,6.625,22,7,2,5,24,4922,3219,1703,526,1242,3680,6.20337645266152,6.6570953712333,5.34575977686436,5.3615969581749,5.84876723027375,6.32305706521739,223
"221",2020,2,5.97619047619048,21,6.3,5.16666666666667,4,6.125,5.94117647058824,15,6,1,4,17,4943,3234,1709,527,1246,3697,6.20241126846045,6.6554390847248,5.34513101228789,5.35901328273245,5.84965401284109,6.32130105490938,224
"222",2020,3,5,11,6.4,3.83333333333333,5,4,5.22222222222222,5,6,1,2,9,4954,3239,1715,528,1248,3706,6.19974140088817,6.65504476690336,5.33984192419825,5.35833333333333,5.84668982371795,6.31863194819212,225
"223",2020,4,6,15,6.27272727272727,5.25,6,10,5.71428571428571,11,4,2,1,14,4969,3250,1719,530,1249,3720,6.19913843831756,6.65375076923077,5.33963286794648,5.36075471698113,5.85001513210568,6.31635752688172,226
"224",2020,5,6.36363636363636,11,6.55555555555556,5.5,5.5,7,6.3,9,2,2,1,10,4980,3259,1721,532,1250,3730,6.19950178714859,6.65347959496778,5.33981923300407,5.36127819548872,5.85093512,6.31631367292225,227
"225",2020,6,6.14761904761905,21,6.35882352941176,5.25,4,6.25,6.12352941176471,17,4,1,4,17,5001,3276,1725,533,1254,3747,6.19928392321535,6.65195054945055,5.33961095652174,5.35872420262664,5.85220805422647,6.31543901788097,228
"226",2020,7,6.43333333333333,15,6.9,5.5,6,5,6.65384615384615,10,5,1,2,13,5016,3286,1730,534,1256,3760,6.19998383173843,6.65270541692027,5.34007450867052,5.35992509363296,5.85085103503185,6.31660904255319,229
"227",2020,8,6.2037037037037,27,6.64285714285714,4.66666666666667,NA,7,6.17307692307692,21,6,0,1,26,5043,3307,1736,534,1257,3786,6.20000374776918,6.65264287874206,5.33774706221198,5.35992509363296,5.85176523468576,6.31562334918119,230
"228",2020,9,5.975,10,6.03571428571429,5.83333333333333,NA,3,6.30555555555556,7,3,0,1,9,5053,3314,1739,534,1258,3795,6.1995584603206,6.65133977066988,5.33860201265095,5.35992509363296,5.84949833068362,6.31559947299078,231
"229",2020,10,6.05882352941176,17,6.13333333333333,5.5,4,NA,6.05882352941176,15,2,1,0,17,5070,3329,1741,535,1258,3812,6.19908656804733,6.64900570741964,5.3387874210224,5.35738317757009,5.84949833068362,6.31445435466946,232
"230",2020,11,5.47368421052632,19,5.64285714285714,5,6,6.5,5.41666666666667,14,5,1,1,18,5089,3343,1746,536,1259,3830,6.19637824719984,6.64479210290158,5.33781723940435,5.35858208955224,5.85001501191422,6.31023498694517,233
"231",2020,12,6.14,25,6.44117647058824,5.5,5.5,6.6,6.025,17,8,2,5,20,5114,3360,1754,538,1264,3850,6.19610263981227,6.6437619047619,5.33855695553022,5.35910780669145,5.85298172468354,6.30875324675324,234
"232",2021,1,5.84615384615385,26,6.23809523809524,4.2,6,6.5,5.79166666666667,21,5,1,2,24,5140,3381,1759,539,1266,3874,6.19433247081712,6.64124223602484,5.33532057987493,5.36029684601113,5.85400387045813,6.30554981930821,235
"233",2021,2,5.5,15,6.375,4.5,5.33333333333333,5.5,5.5,8,7,3,4,11,5155,3389,1766,542,1270,3885,6.19231210475266,6.64061375036884,5.33200956964892,5.36014760147601,5.85288889763779,6.30326898326898,236
"234",2021,3,5.65222222222222,18,6.56166666666667,3.83333333333333,4.5,5.91333333333333,5.6,12,6,2,3,15,5173,3401,1772,544,1273,3900,6.19043280494877,6.64033519553073,5.32693504514673,5.35698529411765,5.85303134328358,6.3005641025641,237
"235",2021,4,6.30769230769231,13,6.72727272727273,4,NA,6,6.4,11,2,0,3,10,5186,3412,1774,544,1276,3910,6.19072674508291,6.64061547479484,5.32543906426156,5.35698529411765,5.85337688087774,6.30081841432225,238
"236",2021,5,6.23076923076923,13,6.22222222222222,6.25,6.5,6,6.25,9,4,2,1,12,5199,3421,1778,546,1277,3922,6.19082687055202,6.63951476176556,5.3275190663667,5.36117216117216,5.85349169929522,6.30066292707802,239
"237",2021,6,5.94230769230769,13,5.85714285714286,6.04166666666667,NA,7,5.75,7,6,0,2,11,5212,3428,1784,546,1279,3933,6.19020700306983,6.63791715285881,5.32992090807175,5.36117216117216,5.85528451915559,6.29912280701754,240
"238",2021,7,6.85,10,6.85714285714286,6.83333333333333,6.75,7,6.83333333333333,7,3,2,1,9,5222,3435,1787,548,1280,3942,6.19147049023362,6.63836390101892,5.33244482372692,5.36624087591241,5.856178828125,6.30034246575342,241
"239",2021,8,6.70588235294118,17,7.27272727272727,5.66666666666667,8,6,6.8,11,6,1,2,15,5239,3446,1793,549,1282,3957,6.19313970223325,6.64038885664538,5.3335632459565,5.37103825136612,5.85640319812792,6.30223654283548,242
"240",2021,9,6.34,20,7.2,4.33333333333333,1,6.26666666666667,6.35294117647059,14,6,1,3,17,5259,3460,1799,550,1285,3974,6.19369821258794,6.64265317919075,5.33022729294052,5.36309090909091,5.85736101167315,6.30245344740815,243
"241",2021,10,5.34375,16,5.54166666666667,4.75,5.5,5,5.36666666666667,12,4,2,1,15,5275,3472,1803,552,1286,3989,6.19112017061611,6.63884792626728,5.32894004437049,5.36358695652174,5.85669432348367,6.29893457006768,244
"242",2021,11,6.05882352941176,17,6.81818181818182,4.66666666666667,4,6.66666666666667,5.92857142857143,11,6,4,3,14,5292,3483,1809,556,1289,4003,6.19069518140589,6.63941429801895,5.32674344941957,5.35377697841727,5.85857944142746,6.29763927054709,245
"243",2021,12,6.20588235294118,17,6.86363636363636,5,6.75,8,6.09375,11,6,2,1,16,5309,3494,1815,558,1290,4019,6.19074381239404,6.64012020606754,5.32566330578512,5.35878136200717,5.86023945736434,6.29682756904703,246
"244",2022,1,5.84444444444444,18,6.04285714285714,5.15,4.86666666666667,NA,5.84444444444444,14,4,3,0,18,5327,3508,1819,561,1290,4037,6.18957366247418,6.63773660205245,5.32527702034085,5.35614973262032,5.86023945736434,6.29481050284865,247
"245",2022,2,6,11,6.1,5,5,7,5.77777777777778,10,1,1,2,9,5338,3518,1820,562,1292,4046,6.18918300861746,6.63620807276862,5.3250982967033,5.35551601423487,5.86200379256966,6.2936604053386,248
"246",2022,3,6.58385,20,6.97846666666667,5.4,NA,9,6.45668421052632,15,5,0,1,19,5358,3533,1825,562,1293,4065,6.19065619634191,6.6376611944523,5.32530350684932,5.35551601423487,5.86443070378964,6.29442238622386,249
"247",2022,4,6.57272727272727,11,7.0375,5.33333333333333,4,5.3,6.7,8,3,1,1,10,5369,3541,1828,563,1294,4075,6.19143898305084,6.63856452979384,5.32531668490153,5.35310834813499,5.86399451313756,6.29541766871165,250
"248",2022,5,5.86363636363636,11,6.0625,5.33333333333333,NA,8,5.38888888888889,8,3,0,2,9,5380,3549,1831,563,1296,4084,6.19076875464684,6.63726599041983,5.32532981977062,5.35310834813499,5.86729081790123,6.29341993143976,251
"249",2022,6,6.05111111111111,18,6.40909090909091,5.48857142857143,NA,6.95,5.93875,11,7,0,2,16,5398,3560,1838,563,1298,4100,6.19030305668766,6.63656095505618,5.32595152339499,5.35310834813499,5.86895909090909,6.29203585365854,252
"250",2022,7,6.5,6,7,6.25,7.5,NA,6.5,2,4,2,0,6,5404,3562,1842,565,1298,4106,6.19064690969652,6.63676501965188,5.32795814332248,5.36070796460177,5.86895909090909,6.29233974671213,253
"251",2022,8,5.85555555555556,18,6.05,5.7,6,6,5.84705882352941,8,10,2,1,17,5422,3570,1852,567,1299,4123,6.18953447067502,6.63545014005602,5.32996700863931,5.36296296296296,5.86905996920708,6.2905037593985,254
"252",2022,9,6.55555555555556,9,7.08333333333333,5.5,NA,6.25,6.64285714285714,6,3,0,2,7,5431,3576,1855,567,1301,4130,6.19014102375253,6.63620162192394,5.33024199460916,5.36296296296296,5.86964558032283,6.291100968523,255
"253",2022,10,5.58071428571429,7,6.5,4.355,4.065,5,5.813,4,3,1,2,5,5438,3580,1858,568,1303,4135,6.18935654652446,6.63604944134078,5.32866733046286,5.36067781690141,5.86831074443592,6.29052285368803,256
"254",2022,11,6.56933333333333,15,7.13,5.92857142857143,4.625,NA,6.56933333333333,8,7,4,0,15,5453,3588,1865,572,1303,4150,6.19040177883733,6.63715078037904,5.33091898123324,5.35553321678322,5.86831074443592,6.29153060240964,257
"255",2022,12,6.15384615384615,13,6.5,5.6,6,6.75,5.88888888888889,8,5,2,4,9,5466,3596,1870,574,1307,4159,6.19031483717526,6.63684566184649,5.33163844919786,5.3577787456446,5.8710091048202,6.2906592930993,258
