"","year","month","avg_rating","no_ratings","avg_rating_owned","avg_rating_not_owned","avg_rating_prev_owned","avg_rating_comment","avg_rating_no_comment","no_ratings_owned","no_ratings_not_owned","no_ratings_prev_owned","no_ratings_comment","no_ratings_no_comment","cum_no_ratings","cum_no_ratings_owned","cum_no_ratings_not_owned","cum_no_ratings_prev_owned","cum_no_ratings_comment","cum_no_ratings_no_comment","cum_avg_rating","cum_avg_rating_owned","cum_avg_rating_not_owned","cum_avg_rating_prev_owned","cum_avg_rating_comment","cum_avg_rating_no_comment","month_after_release"
"1",2003,11,7.5,1,7.5,NA,NA,NA,7.5,1,0,0,0,1,1,1,0,0,0,1,7.5,7.5,NA,NA,NA,7.5,-23
"2",2003,12,6,1,NA,6,NA,6,NA,0,1,0,1,0,2,1,1,0,1,1,6.75,7.5,6,NA,6,7.5,-22
"3",2004,2,5,1,NA,5,NA,5,NA,0,1,0,1,0,3,1,2,0,2,1,6.16666666666667,7.5,5.5,NA,5.5,7.5,-20
"4",2004,3,6.5,2,7,6,NA,NA,6.5,1,1,0,0,2,5,2,3,0,2,3,6.3,7.25,5.66666666666667,NA,5.5,6.83333333333333,-19
"5",2004,4,7,1,7,NA,NA,NA,7,1,0,0,0,1,6,3,3,0,2,4,6.41666666666667,7.16666666666667,5.66666666666667,NA,5.5,6.875,-18
"6",2004,5,8.6,1,8.6,NA,NA,8.6,NA,1,0,0,1,0,7,4,3,0,3,4,6.72857142857143,7.525,5.66666666666667,NA,6.53333333333333,6.875,-17
"7",2004,7,7,1,7,NA,NA,7,NA,1,0,0,1,0,8,5,3,0,4,4,6.7625,7.42,5.66666666666667,NA,6.65,6.875,-15
"8",2004,8,6.33333333333333,3,6,7,NA,7,6,2,1,0,1,2,11,7,4,0,5,6,6.64545454545454,7.01428571428571,6,NA,6.72,6.58333333333333,-14
"9",2004,11,6.75,2,6.75,NA,NA,6.75,NA,2,0,0,2,0,13,9,4,0,7,6,6.66153846153846,6.95555555555556,6,NA,6.72857142857143,6.58333333333333,-11
"10",2005,2,8,1,8,NA,NA,8,NA,1,0,0,1,0,14,10,4,0,8,6,6.75714285714286,7.06,6,NA,6.8875,6.58333333333333,-8
"11",2005,4,8,1,8,NA,NA,NA,8,1,0,0,0,1,15,11,4,0,8,7,6.84,7.14545454545454,6,NA,6.8875,6.78571428571429,-6
"12",2005,5,8,1,8,NA,NA,8,NA,1,0,0,1,0,16,12,4,0,9,7,6.9125,7.21666666666667,6,NA,7.01111111111111,6.78571428571429,-5
"13",2005,10,7.14285714285714,14,8,6.28571428571429,6,6.75,7.4375,7,7,1,6,8,30,19,11,1,15,15,7.02,7.50526315789474,6.18181818181818,6,6.90666666666667,7.13333333333333,0
"14",2005,11,6.76,5,7,6.6,NA,6.4,7,2,3,0,2,3,35,21,14,1,17,18,6.98285714285714,7.45714285714286,6.27142857142857,6,6.84705882352941,7.11111111111111,1
"15",2005,12,7.45454545454545,11,8,7.14285714285714,9,6.83333333333333,8.2,4,7,1,6,5,46,25,21,2,23,23,7.09565217391304,7.544,6.56190476190476,7.5,6.84347826086956,7.34782608695652,2
"16",2006,1,6.83333333333333,9,7.07142857142857,6,NA,6.7,7,7,2,0,5,4,55,32,23,2,28,27,7.05272727272727,7.440625,6.51304347826087,7.5,6.81785714285714,7.2962962962963,3
"17",2006,2,7.13333333333333,18,7.325,6.75,8,7.61666666666667,6.16666666666667,12,6,1,12,6,73,44,29,3,40,33,7.07260273972603,7.40909090909091,6.56206896551724,7.66666666666667,7.0575,7.09090909090909,4
"18",2006,3,6.49473684210526,19,7.17272727272727,5.5625,5,6.44444444444444,6.54,11,8,2,9,10,92,55,37,5,49,43,6.95326086956522,7.36181818181818,6.34594594594595,6.6,6.94489795918367,6.96279069767442,5
"19",2006,4,6.91,25,7.14583333333333,6.69230769230769,NA,6.95,6.88333333333333,12,13,0,10,15,117,67,50,5,59,58,6.94401709401709,7.32313432835821,6.436,6.6,6.94576271186441,6.94224137931034,6
"20",2006,5,6.92307692307692,13,7.28571428571429,6.5,NA,7,6.75,7,6,0,9,4,130,74,56,5,68,62,6.94192307692308,7.31959459459459,6.44285714285714,6.6,6.95294117647059,6.92983870967742,7
"21",2006,6,7.01785714285714,28,7.44117647058824,6.36363636363636,6.66666666666667,7.22727272727273,6.88235294117647,17,11,3,11,17,158,91,67,8,79,79,6.95537974683544,7.34230769230769,6.42985074626866,6.625,6.99113924050633,6.91962025316456,8
"22",2006,7,7.435,40,7.6551724137931,6.85454545454545,NA,7.4375,7.43333333333333,29,11,0,16,24,198,120,78,8,95,103,7.05227272727273,7.41791666666667,6.48974358974359,6.625,7.06631578947368,7.03932038834951,9
"23",2006,8,7.08636363636364,44,7.39285714285714,6.55,6.25,7.17826086956522,6.98571428571429,28,16,4,23,21,242,148,94,12,118,124,7.05847107438017,7.41317567567568,6.5,6.5,7.08813559322034,7.03024193548387,10
"24",2006,9,7.20535714285714,56,7.34210526315789,6.91666666666667,7.375,7.2,7.20967741935484,38,18,4,25,31,298,186,112,16,143,155,7.08607382550335,7.3986559139785,6.56696428571429,6.71875,7.10769230769231,7.06612903225806,11
"25",2006,10,7.15789473684211,57,7.4,6.58823529411765,6.5,7,7.28125,40,17,2,25,32,355,226,129,18,168,187,7.09760563380282,7.39889380530973,6.56976744186047,6.69444444444444,7.09166666666667,7.10294117647059,12
"26",2006,11,7.59433962264151,53,7.72857142857143,7.33333333333333,7.33333333333333,7.80769230769231,7.38888888888889,35,18,3,26,27,408,261,147,21,194,214,7.16213235294118,7.44310344827586,6.66326530612245,6.78571428571429,7.18762886597938,7.13901869158879,13
"27",2006,12,7.17222222222222,108,7.38648648648649,6.70588235294118,7.11428571428571,7.18888888888889,7.16388888888889,74,34,7,36,72,516,335,181,28,230,286,7.16424418604651,7.43059701492537,6.67127071823204,6.86785714285714,7.18782608695652,7.14527972027972,14
"28",2007,1,7.2,111,7.47638888888889,6.68974358974359,7.0625,7.08297872340426,7.2859375,72,39,8,47,64,627,407,220,36,277,350,7.17057416267943,7.43869778869779,6.67454545454545,6.91111111111111,7.17003610108303,7.171,15
"29",2007,2,7.1731975,84,7.33541666666667,6.95690527777778,7,7.19230769230769,7.16463086206897,48,36,8,26,58,711,455,256,44,303,408,7.170884092827,7.4278021978022,6.7142523046875,6.92727272727273,7.17194719471947,7.17009458333333,16
"30",2007,3,7.21536585365854,82,7.22212121212121,7.1875,7,7.06486486486487,7.33911111111111,66,16,4,37,45,793,521,272,48,340,453,7.17548372005044,7.40174664107486,6.74209040441176,6.93333333333333,7.16029411764706,7.18688430463576,17
"31",2007,4,7.158125,80,7.22090909090909,7.02,7.6,7.28783783783784,7.04651162790698,55,25,5,37,43,873,576,297,53,377,496,7.17389300114548,7.38447916666667,6.76548346801347,6.99622641509434,7.17281167108753,7.17471489919355,18
"32",2007,5,7.1,57,7.3,6.42307692307692,6.66666666666667,6.96153846153846,7.21612903225806,44,13,3,26,31,930,620,310,56,403,527,7.16936407526882,7.37848387096774,6.75112448387097,6.97857142857143,7.15918114143921,7.17715102466793,19
"33",2007,6,7.33484848484848,66,7.52156862745098,6.7,6.5,7.252,7.38536585365854,51,15,2,25,41,996,671,325,58,428,568,7.18032990963855,7.38935916542474,6.74876489230769,6.96206896551724,7.16460280373832,7.19218061619718,20
"34",2007,7,7.0536231884058,69,7.29761904761905,6.67407407407407,6.96666666666667,6.94117647058824,7.16285714285714,42,27,6,34,35,1065,713,352,64,462,603,7.17212074178404,7.38395511921459,6.74303576704545,6.9625,7.14816017316017,7.19047859038143,21
"35",2007,8,6.82533333333333,75,7.16808510638298,6.25,7.33333333333333,6.77027027027027,6.87894736842105,47,28,3,37,38,1140,760,380,67,499,641,7.14930578070175,7.37060526315789,6.70670681578947,6.97910447761194,7.12014028056112,7.17201028081123,22
"36",2007,9,7.22685185185185,54,7.38076923076923,6.82666666666667,6.33333333333333,7.36041666666667,7.12,39,15,3,24,30,1194,799,395,70,523,671,7.15281288944723,7.3711013767209,6.71126225316456,6.95142857142857,7.13116634799235,7.16968493293592,23
"37",2007,10,7.12424242424242,66,7.5046511627907,6.41304347826087,7.2,7.19642857142857,7.07105263157895,43,23,4,28,38,1260,842,418,74,551,709,7.15131634126984,7.3779216152019,6.6948530861244,6.96486486486486,7.13448275862069,7.16439857545839,24
"38",2007,11,6.79945054945055,91,7.36176470588235,6.0825,7.01111111111111,7.26571428571429,6.50803571428571,51,40,9,35,56,1351,893,458,83,586,765,7.12761553663953,7.37699888017917,6.64137246724891,6.96987951807229,7.14232081911263,7.11635109803922,25
"39",2007,12,7.13592233009709,103,7.3955223880597,6.65277777777778,6.85714285714286,7.34285714285714,7.02941176470588,67,36,7,35,68,1454,960,494,90,621,833,7.12820398211829,7.37829166666667,6.64220362348178,6.96111111111111,7.1536231884058,7.10925400960384,26
"40",2008,1,6.94971048387097,124,7.26818720930233,6.22894736842105,6.9,6.91145833333333,6.97386973684211,86,38,5,48,76,1578,1046,532,95,669,909,7.11417787705957,7.36923910133843,6.61268531954887,6.95789473684211,7.13624813153961,7.09793475247525,27
"41",2008,2,6.69615384615385,78,6.97254901960784,6.17407407407407,7,6.79393939393939,6.62444444444444,51,27,4,33,45,1656,1097,559,99,702,954,7.09448833937198,7.3507968094804,6.59150016100179,6.95959595959596,7.1201566951567,7.07560030398323,28
"42",2008,3,6.79090909090909,77,7.00754716981132,6.3125,7.25,7.05357142857143,6.64081632653061,53,24,4,28,49,1733,1150,583,103,730,1003,7.08099982111944,7.33497747826087,6.58001473413379,6.97087378640777,7.11760273972603,7.0543596111665,29
"43",2008,4,7.04179104477612,67,7.15957446808511,6.765,6.83333333333333,7.18,6.95952380952381,47,20,3,25,42,1800,1197,603,106,755,1045,7.07954038333333,7.3280903091061,6.58615023217247,6.96698113207547,7.11966887417219,7.05054802870813,30
"44",2008,5,7.21451612903226,62,7.475,6.74090909090909,7.04285714285714,7.2037037037037,7.22285714285714,40,22,7,27,35,1862,1237,625,113,782,1080,7.08403474221267,7.33284082457559,6.591597744,6.9716814159292,7.12257033248082,7.05613212037037,31
"45",2008,6,7.00555555555556,72,7.32978723404255,6.396,6.9,7.36,6.81702127659574,47,25,5,25,47,1934,1284,650,118,807,1127,7.08111307652533,7.33272904984424,6.58407475384615,6.96864406779661,7.12992565055762,7.04616032830524,32
"46",2008,7,6.97326732673267,101,7.16911764705882,6.56969696969697,6.55,7.08974358974359,6.9,68,33,22,39,62,2035,1352,683,140,846,1189,7.07576053562653,7.3245000739645,6.58338007320644,6.90285714285714,7.12807328605201,7.03853884777124,33
"47",2008,8,6.84980392156863,102,6.97898550724638,6.57969696969697,7.08888888888889,6.81212121212121,6.86782608695652,69,33,9,33,69,2137,1421,716,149,879,1258,7.06497552175947,7.30772280084448,6.58321032122905,6.91409395973154,7.11621160409556,7.02917542925278,34
"48",2008,9,6.96266666666667,75,7.21632653061225,6.48461538461538,6.65833333333333,6.9,7.00217391304348,49,26,12,29,46,2212,1470,742,161,908,1304,7.06150664104882,7.3046762585034,6.57975551212938,6.89503105590062,7.10930616740088,7.02822292177914,35
"49",2008,10,6.81158536585366,82,7.11415094339623,6.25862068965517,6.83333333333333,6.85178571428571,6.79074074074074,53,29,12,28,54,2294,1523,771,173,936,1358,7.05257309938971,7.29804602757715,6.56767651102464,6.89075144508671,7.10160256410257,7.01877959499264,36
"50",2008,11,6.93666666666667,90,7.14,6.53,6.46,6.93571428571429,6.93709677419355,60,30,10,28,62,2384,1583,801,183,964,1420,7.04819743708054,7.29205565382186,6.56626540574282,6.8672131147541,7.09678423236515,7.01521316197183,37
"51",2008,12,6.83012048192771,83,7.13818181818182,6.225,6.625,6.96,6.77413793103448,55,28,8,25,58,2467,1638,829,191,989,1478,7.04086043372517,7.28688894993895,6.55473895054282,6.85706806282723,7.0933265925177,7.00575283491204,38
"52",2009,1,6.80208333333333,120,6.95666666666667,6.54444444444444,6.56666666666667,6.71710526315789,6.84146341463415,75,45,15,38,82,2587,1713,874,206,1027,1560,7.02978457286432,7.27243088149445,6.55420891304348,6.83592233009709,7.07940603700097,6.99711710897436,39
"53",2009,2,6.765,136,7.01492537313433,6.52231884057971,6.60416666666667,6.89818181818182,6.72233009708738,67,69,12,33,103,2723,1780,943,218,1060,1663,7.01655993022402,7.26273825842697,6.5518754931071,6.82316513761468,7.0737641509434,6.98009782922429,40
"54",2009,3,6.91504424778761,113,7.16461538461538,6.57708333333333,6.15,6.42083333333333,7.04831460674157,65,48,10,24,89,2836,1845,991,228,1084,1752,7.0125150528914,7.25928135501355,6.55309645812311,6.79364035087719,7.05930811808118,6.98356317922374,41
"55",2009,4,6.86896551724138,116,7.1,6.5530612244898,6.3,6.55666666666667,6.97790697674419,67,49,10,30,86,2952,1912,1040,238,1114,1838,7.00687421747967,7.25369984309623,6.55309479807692,6.77289915966387,7.04577199281867,6.98329852557127,42
"56",2009,5,6.7274,100,6.90526315789474,6.49162790697674,6.4,6.95,6.6021875,57,43,10,36,64,3052,1969,1083,248,1150,1902,6.99771713302752,7.24361305231082,6.5506542843952,6.75786290322581,7.04277391304348,6.97047460042061,43
"57",2009,6,6.79411764705882,102,6.97647058823529,6.61176470588235,6.70555555555556,6.85714285714286,6.77777777777778,51,51,18,21,81,3154,2020,1134,266,1171,1983,6.9911327488903,7.23686836633663,6.5534026366843,6.75432330827068,7.03944491887276,6.96260347453354,44
"58",2009,7,6.66380952380952,105,7.0125,6.26530612244898,6.78571428571429,7.13428571428571,6.42857142857143,56,49,7,35,70,3259,2076,1183,273,1206,2053,6.98058689475299,7.23081604046243,6.54146964497041,6.75512820512821,7.04219734660033,6.94439488066245,45
"59",2009,8,6.76595744680851,94,7.05102040816327,6.45555555555556,6.86363636363636,7.32,6.61621621621622,49,45,11,20,74,3353,2125,1228,284,1226,2127,6.974569844915,7.22667016470588,6.53832132736156,6.75933098591549,7.04672920065253,6.93297728725905,46
"60",2009,9,6.87522935779817,109,7.07835820895522,6.55119047619048,6.95263157894737,7.26621621621622,6.67430555555556,67,42,19,37,72,3462,2192,1270,303,1263,2199,6.97144214038128,7.22213690693431,6.53874692125984,6.77145214521452,7.05315914489311,6.92450781718963,47
"61",2009,10,6.91693069306931,101,7.2421052631579,6.49568181818182,6.30769230769231,7.1448275862069,6.82513888888889,57,44,13,29,72,3563,2249,1314,316,1292,2271,6.96989690990738,7.2226429968875,6.5373048630137,6.75237341772152,7.05521671826626,6.92135741523558,48
"62",2009,11,6.80888888888889,108,7.15706896551724,6.405,6.70833333333333,6.85833333333333,6.78987179487179,58,50,12,30,78,3671,2307,1364,328,1322,2349,6.96516008989376,7.2209944083225,6.53245497800587,6.75076219512195,7.05074886535552,6.91699135376756,49
"63",2009,12,6.6709219858156,141,6.95076923076923,6.43157894736842,6.32758620689655,6.86829268292683,6.59,65,76,29,41,100,3812,2372,1440,357,1363,2449,6.95427667628542,7.21358941821248,6.52713096527778,6.71638655462185,7.04526045487895,6.90363931808902,50
"64",2010,1,6.70765765765766,111,6.97954545454545,6.30888888888889,6.74166666666667,6.77826086956522,6.68920454545455,66,45,12,23,88,3923,2438,1485,369,1386,2537,6.94729867193474,7.20725352748154,6.52051756902357,6.71720867208672,7.04082972582973,6.89620129680725,51
"65",2010,2,6.92857142857143,77,7.1734693877551,6.5,6.5,7.26666666666667,6.84677419354839,49,28,8,15,62,4000,2487,1513,377,1401,2599,6.9469381725,7.20658789706474,6.52013786516854,6.71259946949602,7.04324768022841,6.89502219699885,52
"66",2010,3,6.62151162790698,86,7.06666666666667,6.301,6.55555555555556,6.6,6.62846153846154,36,50,9,21,65,4086,2523,1563,386,1422,2664,6.94008876407244,7.20459139912802,6.51312769673704,6.7089378238342,7.03670182841069,6.88851827702703,53
"67",2010,4,6.53698630136986,73,6.953125,6.21219512195122,6.03846153846154,6.55333333333333,6.53275862068966,32,41,13,15,58,4159,2555,1604,399,1437,2722,6.93301339023804,7.20144191780822,6.50543552992519,6.68709273182957,7.03165622825331,6.8809377994122,54
"68",2010,5,6.77060810810811,74,7.13388888888889,6.20689655172414,6.55555555555556,6.99625,6.68703703703704,45,29,9,20,54,4233,2600,1633,408,1457,2776,6.93017427120246,7.20027273076923,6.50013385793019,6.68419117647059,7.03117021276596,6.87716595461095,55
"69",2010,6,6.84583333333333,72,7.048,6.38636363636364,6,6.82142857142857,6.85172413793103,50,22,3,14,58,4305,2650,1655,411,1471,2834,6.92876369105691,7.19739966037736,6.49862150453172,6.67919708029197,7.02917403127125,6.8766452681722,56
"70",2010,7,6.59915254237288,59,6.85,6.40151515151515,6.625,6.375,6.6563829787234,26,33,4,12,47,4364,2676,1688,415,1483,2881,6.92430744500458,7.19402432735426,6.49672309834123,6.67867469879518,7.02388064733648,6.87305195765359,57
"71",2010,8,6.63706896551724,58,6.8375,6.39038461538462,6.925,6.93235294117647,6.51463414634146,32,26,8,17,41,4422,2708,1714,423,1500,2922,6.92053995703302,7.18981133677991,6.49511002917153,6.68333333333333,7.02284333333334,6.86802282340862,58
"72",2010,9,6.70760869565217,46,7.14642857142857,6.025,6.38571428571429,6.51785714285714,6.790625,28,18,7,14,32,4468,2736,1732,430,1514,2954,6.91834773724262,7.18936736111111,6.4902243591224,6.67848837209302,7.01817371202114,6.86718439065674,59
"73",2010,10,6.45553571428571,56,6.677,6.2,6.5875,6.74789473684211,6.30540540540541,30,26,8,19,37,4524,2766,1758,438,1533,2991,6.91261885278515,7.18381023138106,6.48593207622298,6.67682648401826,7.01482387475538,6.86023493480441,60
"74",2010,11,6.71855670103093,97,6.968,6.4531914893617,6.6875,6.81666666666667,6.68630136986301,50,47,16,24,73,4621,2816,1805,454,1557,3064,6.9085452694222,7.17997837357955,6.48507955124654,6.67720264317181,7.01176942838793,6.85609095626632,61
"75",2010,12,6.66134020618557,97,6.91147540983607,6.2375,5.45,6.69318181818182,6.652,61,36,9,22,75,4718,2877,1841,463,1579,3139,6.90346284230606,7.17428540145985,6.48023823465508,6.65334773218143,7.00733058898037,6.85121461930551,62
"76",2011,1,6.64579439252336,107,6.92980769230769,6.37727272727273,6.44583333333333,6.56153846153846,6.67283950617284,52,55,12,26,81,4825,2929,1896,475,1605,3220,6.89774874404145,7.16994506657562,6.47725136603375,6.64810526315789,7.00010903426791,6.84672754347826,63
"77",2011,2,6.79295774647887,71,7.02826086956522,6.36,6.75,7.1,6.67254901960784,46,25,6,20,51,4896,2975,1921,481,1625,3271,6.89622910334967,7.16775431932773,6.47572545028631,6.6493762993763,7.00133846153846,6.8440118281871,64
"78",2011,3,7.01540540540541,74,7.20862745098039,6.58695652173913,6.28571428571429,7.07692307692308,7.00229508196721,51,23,7,13,61,4970,3026,1944,488,1638,3332,6.89800355935614,7.16844319233311,6.47704145576132,6.64415983606557,7.00193833943834,6.84690957082833,65
"79",2011,4,6.78585365853659,41,6.99285714285714,6.34,7,6.975,6.74,28,13,2,8,33,5011,3054,1957,490,1646,3365,6.89708594891239,7.16683336607727,6.47613111394992,6.64561224489796,7.00180741190766,6.84586112630015,66
"80",2011,5,6.76144578313253,83,7.19268292682927,6.34047619047619,5.55555555555556,6.875,6.72539682539683,41,42,9,20,63,5094,3095,1999,499,1666,3428,6.89487587161366,7.1671757996769,6.47328093546773,6.62595190380762,7.00028511404562,6.84364722578763,67
"81",2011,6,6.84106964285714,56,7.15134864864865,6.23684210526316,5.875,7.16666666666667,6.72194878048781,37,19,4,15,41,5150,3132,2018,503,1681,3469,6.89429079417476,7.16698882503193,6.47105480178394,6.61998011928429,7.00176977989292,6.8422088757567,68
"82",2011,7,6.66137254901961,51,6.97648648648649,5.82857142857143,5.94285714285714,6.925,6.58025641025641,37,14,7,12,39,5201,3169,2032,510,1693,3508,6.89200684291483,7.16476459450931,6.46662824311024,6.6106862745098,7.00122563496751,6.83929663340935,69
"83",2011,8,6.97440476190476,84,7.35408163265306,6.44285714285714,6.88461538461539,6.76315789473684,7.03615384615385,49,35,13,19,65,5285,3218,2067,523,1712,3573,6.89331647871334,7.16764729645743,6.4662257329463,6.61749521988528,6.99858352803738,6.84287785894206,70
"84",2011,9,6.86933333333333,75,7.30232558139535,6.2875,6.01111111111111,6.85909090909091,6.87358490566038,43,32,9,22,53,5360,3261,2099,532,1734,3626,6.89298089365672,7.16942318307268,6.46350099571224,6.60723684210526,6.9968137254902,6.84332669332598,71
"85",2011,10,6.71683168316832,101,7.125,6.11951219512195,6.5,6.76923076923077,6.70909090909091,60,41,12,13,88,5461,3321,2140,544,1747,3714,6.88972305255448,7.16862059620596,6.45691055607477,6.60487132352941,6.99512020606755,6.84014609316101,72
"86",2011,11,6.84516129032258,124,7.03541666666667,6.58173076923077,6.5125,6.71666666666667,6.88617021276596,72,52,8,30,94,5585,3393,2192,552,1777,3808,6.88873367770815,7.16579398762157,6.45987161952555,6.60353260869565,6.99041924592009,6.8412821927521,73
"87",2011,12,6.83373015873016,126,6.93607594936709,6.66170212765957,6.61764705882353,6.96206896551724,6.79536082474227,79,47,17,29,97,5711,3472,2239,569,1806,3905,6.8875201523376,7.16056710829493,6.46410834747655,6.60395430579965,6.98996400885936,6.84014150832266,74
"88",2012,1,6.73062015503876,129,7.04213483146067,6.0375,6.03846153846154,6.82,6.70913461538461,89,40,13,25,104,5840,3561,2279,582,1831,4009,6.88405438184932,7.15760713282786,6.4566207064502,6.59132302405498,6.98764336428181,6.83674297580444,75
"89",2012,2,6.66117647058824,85,6.95652173913043,6.31282051282051,6.15384615384615,6.31578947368421,6.76060606060606,46,39,13,19,66,5925,3607,2318,595,1850,4075,6.88085697721519,7.15504269476019,6.45420128990509,6.58176470588235,6.98074324324324,6.83550983803681,76
"90",2012,3,7.01971153846154,104,7.22391304347826,6.61714285714286,7,7.45185185185185,6.86818181818182,69,35,12,27,77,6029,3676,2353,607,1877,4152,6.88325221263891,7.15633541893362,6.45662498512537,6.59003294892916,6.9875199786894,6.83611574903661,77
"91",2012,4,6.58225806451613,93,6.72457627118644,6.33529411764706,6.68181818181818,6.8125,6.48307692307692,59,34,11,28,65,6122,3735,2387,618,1905,4217,6.87867977621692,7.14951512717537,6.45489677000419,6.59166666666667,6.98494750656168,6.83067407872895,78
"92",2012,5,6.91720430107527,93,7.15862068965517,6.51714285714286,6.85,6.91041666666667,6.9195652173913,58,35,10,24,69,6215,3793,2422,628,1929,4286,6.87925624939662,7.14965436330082,6.45579627993394,6.59578025477707,6.98402021772939,6.83210513065796,79
"93",2012,6,6.75104166666667,96,7.04915254237288,6.27567567567568,6.65625,7.16153846153846,6.59857142857143,59,37,16,26,70,6311,3852,2459,644,1955,4356,6.87730590873079,7.14811500519211,6.45308604717365,6.59728260869565,6.9863810741688,6.82835229338843,80
"94",2012,7,6.90851063829787,94,7.1051724137931,6.59166666666667,6.81818181818182,7.09523809523809,6.85479452054795,58,36,11,21,73,6405,3910,2495,655,1976,4429,6.87776387041374,7.14747800511509,6.45508560721443,6.60099236641221,6.98753795546559,6.82878812147212,81
"95",2012,8,6.7371186440678,118,7.00347222222222,6.32021739130435,6.37357142857143,6.63483870967742,6.7735632183908,72,46,14,31,87,6523,3982,2541,669,2007,4516,6.87521962133988,7.14487418382722,6.45264407319953,6.5962331838565,6.98209018435476,6.82772422276351,82
"96",2012,9,6.82823529411765,85,6.84117647058823,6.80882352941176,6.68333333333333,6.73181818181818,6.86190476190476,51,34,12,22,63,6608,4033,2575,681,2029,4579,6.87461525272397,7.14103372179519,6.45734702524272,6.59776798825257,6.97937654016757,6.8281944944311,83
"97",2012,10,6.68817204301075,93,7.05090909090909,6.16315789473684,6.0625,6.76911764705882,6.64152542372881,55,38,8,34,59,6701,4088,2613,689,2063,4638,6.87202769586629,7.13982118395303,6.45306872942978,6.59155297532656,6.9759112942317,6.8258198771022,84
"98",2012,11,6.67545454545455,110,6.81803278688525,6.49795918367347,6.91071428571429,6.64791666666667,6.68313953488372,61,49,14,24,86,6811,4149,2662,703,2087,4724,6.86885297166349,7.13509014220294,6.45389503756574,6.59790896159317,6.97213943459511,6.82322239415749,85
"99",2012,12,6.85897435897436,117,7.06547619047619,6.33333333333333,6.41666666666667,7.3,6.70689655172414,84,33,12,30,87,6928,4233,2695,715,2117,4811,6.86868614174365,7.13370871722183,6.45241877179963,6.59486713286713,6.97678554558337,6.82111880897942,86
"100",2013,1,6.74296551724138,145,6.91177083333333,6.41224489795918,6.475,7.04361111111111,6.64366972477064,96,49,12,36,109,7073,4329,2744,727,2153,4920,6.86610880672982,7.12878701778702,6.45170138119534,6.59288858321871,6.97790292614956,6.81718751829268,87
"101",2013,2,6.98839285714286,112,7.19710144927536,6.65348837209302,7.27272727272727,7.168,6.9367816091954,69,43,11,25,87,7185,4398,2787,738,2178,5007,6.86801497425192,7.1298587994543,6.45481470757087,6.6030216802168,6.98008494031221,6.81926554623527,88
"102",2013,3,6.68516949152542,118,6.80923076923077,6.53301886792453,6.66666666666667,6.76923076923077,6.66141304347826,65,53,15,26,92,7303,4463,2840,753,2204,5099,6.86506060386143,7.12518911046381,6.45627415140845,6.60428950863214,6.97759754990926,6.81641745244166,89
"103",2013,4,6.99382352941176,102,7.05524590163934,6.90243902439024,6.96578947368421,7.15925925925926,6.93426666666667,61,41,19,27,75,7405,4524,2881,772,2231,5174,6.86683424577988,7.12424602122016,6.46262359944464,6.61318652849741,6.97979605558046,6.8181257421724,90
"104",2013,5,6.84908256880734,109,6.97,6.58235294117647,7.01818181818182,7.34107142857143,6.67901234567901,75,34,11,28,81,7514,4599,2915,783,2259,5255,6.86657673542721,7.1217305936073,6.46402009948542,6.61887611749681,6.98427401505091,6.81598146336822,91
"105",2013,6,6.78427419354839,124,7.0172619047619,6.295,6.5,6.67368421052632,6.80428571428571,84,40,12,19,105,7638,4683,2955,795,2278,5360,6.86524058523174,7.11985671578048,6.46173217935702,6.61708176100629,6.98168349429324,6.8157523488806,92
"106",2013,7,6.72432692307692,104,6.93301587301587,6.40365853658537,6.06176470588235,6.86111111111111,6.67636363636364,63,41,17,27,77,7742,4746,2996,812,2305,5437,6.86334766081116,7.11737652760219,6.46093744659546,6.60545566502463,6.98027114967462,6.81377829501563,93
"107",2013,8,7.01050420168067,119,7.24935064935065,6.57261904761905,6.88888888888889,7.22321428571429,6.94505494505495,77,42,9,28,91,7861,4823,3038,821,2333,5528,6.86557531993385,7.11948351648352,6.46248143186307,6.60856272838002,6.98318688384055,6.81593932525326,94
"108",2013,9,6.68345864661654,133,6.99047619047619,6.15714285714286,6.42,6.83448275862069,6.64134615384615,84,49,15,29,104,7994,4907,3087,836,2362,5632,6.86254535776833,7.11727511717954,6.45763478781989,6.60517942583732,6.98136113463167,6.81271530362216,95
"109",2013,10,6.64957264957265,117,6.94078947368421,6.10975609756098,6.65625,6.525,6.67525773195876,76,41,16,20,97,8111,4983,3128,852,2382,5729,6.8594732573049,7.11458338350391,6.45307499680307,6.60613849765258,6.97752938706969,6.81038795426776,96
"110",2013,11,6.64108527131783,129,6.83103448275862,6.24761904761905,6.38888888888889,6.58387096774194,6.65918367346939,87,42,9,31,98,8240,5070,3170,861,2413,5827,6.85605431917476,7.10971775147929,6.45035286750789,6.60386759581881,6.972472026523,6.80784496138665,97
"111",2013,12,6.7,151,6.91720430107527,6.35172413793103,5.84210526315789,6.78928571428571,6.67967479674797,93,58,19,28,123,8391,5163,3228,880,2441,5950,6.85324604814683,7.10625004842146,6.44858072800496,6.58742045454545,6.97037074969275,6.80519539327731,98
"112",2014,1,6.77865168539326,178,7.04698275862069,6.27661290322581,6.41190476190476,6.93461538461538,6.75197368421053,116,62,21,26,152,8569,5279,3290,901,2467,6102,6.85169653285098,7.10494771737071,6.44533999696049,6.58332963374029,6.96999391974057,6.80386964765651,99
"113",2014,2,6.73714285714286,140,6.89263157894737,6.40888888888889,6.14705882352941,7.00645161290323,6.6605504587156,95,45,17,31,109,8709,5374,3335,918,2498,6211,6.84985504535538,7.10119445478228,6.44484815292354,6.57525054466231,6.97044635708567,6.80135446626952,100
"114",2014,3,6.75321848739496,119,6.97710843373494,6.23702777777778,5.85275,6.82344444444444,6.73260869565217,83,36,12,27,92,8828,5457,3371,930,2525,6303,6.84855240031717,7.09930712845886,6.44262877187778,6.56592795698925,6.96887445544554,6.80035103760114,101
"115",2014,4,6.73170731707317,123,6.94936708860759,6.34090909090909,6.14285714285714,6.72727272727273,6.73267326732673,79,44,14,22,101,8951,5536,3415,944,2547,6404,6.84694677577925,7.09716744942196,6.44131818155198,6.55965360169491,6.96678759324696,6.79928366489694,102
"116",2014,5,6.94912280701754,114,7.03188405797101,6.82222222222222,6.2875,7.01578947368421,6.93578947368421,69,45,16,19,95,9065,5605,3460,960,2566,6499,6.84823172531716,7.0963637823372,6.44627213583815,6.55511770833333,6.96715042868277,6.80127905677797,103
"117",2014,6,6.69174311926606,109,6.89652777777778,6.29324324324324,6.45,6.92222222222222,6.61585365853659,72,37,15,27,82,9174,5677,3497,975,2593,6581,6.84637242097232,7.09382931125594,6.44465301401201,6.55350051282051,6.9666826070189,6.79896863546573,104
"118",2014,7,6.78047619047619,105,7.096875,6.28658536585366,6.84090909090909,6.94722222222222,6.74597701149425,64,41,11,18,87,9279,5741,3538,986,2611,6668,6.84562674749434,7.09386326423968,6.44282125211984,6.55670689655172,6.96654844887016,6.79827723305339,105
"119",2014,8,6.62836206896552,116,6.97486111111111,6.06136363636364,6.085,6.81,6.59278350515464,72,44,20,19,97,9395,5813,3582,1006,2630,6765,6.84294418201171,7.09238929984517,6.43813556393077,6.54732902584493,6.9654174904943,6.79533075979305,106
"120",2014,9,6.67840909090909,132,6.82647058823529,6.41063829787234,6.44117647058824,6.73939393939394,6.65808080808081,85,47,17,33,99,9527,5898,3629,1023,2663,6864,6.84066448934607,7.08855696846388,6.43777944061725,6.54556500488759,6.96261659782201,6.79335119318182,107
"121",2014,10,6.60190789473684,152,6.87071428571429,6.26985294117647,6.41666666666667,6.5359375,6.6195,84,68,21,32,120,9679,5982,3697,1044,2695,6984,6.83691503151152,7.08549799398194,6.4346907195023,6.54297222222222,6.95755027829314,6.79036405927835,108
"122",2014,11,6.71314685314685,143,6.98966292134832,6.25740740740741,6.56666666666667,7.01371428571429,6.61574074074074,89,54,18,35,108,9822,6071,3751,1062,2730,7092,6.83511307167583,7.08409306539285,6.43213852039456,6.54337382297552,6.95827032967033,6.78770482092499,109
"123",2014,12,6.70006993006993,143,6.86235294117647,6.46224137931034,6.55555555555556,6.7421875,6.68792792792793,85,58,18,32,111,9965,6156,3809,1080,2762,7203,6.83317517210236,7.08103135152697,6.43259689944868,6.54357685185185,6.95576683562636,6.78616723448563,110
"124",2015,1,6.66937172774869,191,6.83516949152542,6.4013698630137,6.31923076923077,6.45333333333333,6.70962732919255,118,73,26,30,161,10156,6274,3882,1106,2792,7364,6.83009458349744,7.07640723621294,6.43200968315301,6.53830289330922,6.95036819484241,6.78449383351439,111
"125",2015,2,6.76854961832061,131,6.87423913043478,6.51923076923077,6.48333333333333,6.74,6.77528301886792,92,39,15,25,106,10287,6366,3921,1121,2817,7470,6.82931083795081,7.07348554822495,6.43287722264729,6.53756735057984,6.94850124245651,6.78436313119143,112
"126",2015,3,6.68740740740741,135,6.88765432098765,6.38703703703704,6.25,6.88095238095238,6.65175438596491,81,54,12,21,114,10422,6447,3975,1133,2838,7584,6.82747271061217,7.07115076779898,6.43225448805032,6.53452162400706,6.94800140944327,6.78236980353376,113
"127",2015,4,6.58971153846154,104,6.81153846153846,6.22,6.20833333333333,6.88235294117647,6.53252873563218,65,39,12,17,87,10526,6512,4014,1145,2855,7671,6.8251235597568,7.06855942874693,6.4301922247135,6.53110305676856,6.94761050788091,6.77953625211837,114
"128",2015,5,6.63901785714286,112,6.90635135135135,6.11842105263158,6.25,6.63157894736842,6.6405376344086,74,38,12,19,93,10638,6586,4052,1157,2874,7764,6.82316418405716,7.06673686607956,6.42726840819349,6.52818755401901,6.94552122477383,6.77787127640392,115
"129",2015,6,6.58842105263158,95,6.7719298245614,6.31315789473684,6.33076923076923,6.29230769230769,6.63536585365854,57,38,13,13,82,10733,6643,4090,1170,2887,7846,6.82108642411255,7.06420728586482,6.42620821271394,6.52599401709402,6.94257984066505,6.77638192582207,116
"130",2015,7,6.54509090909091,110,6.72514705882353,6.25357142857143,6.39583333333333,6.46190476190476,6.5647191011236,68,42,12,21,89,10843,6711,4132,1182,2908,7935,6.81828650650189,7.0607717180748,6.42445343417232,6.52467258883249,6.93910866574966,6.77400788783869,117
"131",2015,8,6.48217054263566,129,6.55714285714286,6.39322033898305,6.35454545454545,6.43939393939394,6.496875,70,59,22,33,96,10972,6781,4191,1204,2941,8031,6.81433472384251,7.05557277687657,6.42401374135052,6.52156395348837,6.93350153009181,6.77069513012078,118
"132",2015,9,6.49764150943396,106,6.91779661016949,5.97021276595745,6.12941176470588,6.17916666666667,6.59085365853659,59,47,17,24,82,11078,6840,4238,1221,2965,8113,6.81130444033219,7.05438435672515,6.41898102642756,6.51610401310401,6.92739561551433,6.76887743005054,119
"133",2015,10,6.67340425531915,94,6.83134328358209,6.28148148148148,6.09090909090909,6.595,6.6827380952381,67,27,11,10,84,11172,6907,4265,1232,2975,8197,6.81014416308629,7.05222079050239,6.41811057209848,6.51230762987013,6.92627831932773,6.76799470416006,120
"134",2015,11,6.49329496402878,139,6.692975,6.22254237288136,6.26666666666667,6.379,6.51478632478632,80,59,15,22,117,11311,6987,4324,1247,2997,8314,6.80625042790204,7.0481074853299,6.41544208834413,6.5093528468324,6.92226092759426,6.76443139162858,121
"135",2015,12,6.63124223602484,161,6.78877551020408,6.38619047619048,6.34736842105263,7.01058823529412,6.58645833333333,98,63,19,17,144,11472,7085,4387,1266,3014,8458,6.803794333159,7.04452039520113,6.41502201732391,6.50692180094787,6.92275912408759,6.76140134665406,122
"136",2016,1,6.54488636363636,176,6.75454545454545,6.19545454545455,6.20588235294118,6.3625,6.57368421052632,110,66,17,24,152,11648,7195,4453,1283,3038,8610,6.79988226219094,7.0400871438499,6.41176770491804,6.50293296960249,6.91833311389072,6.75808740882694,123
"137",2016,2,6.71778813559322,118,6.92962962962963,6.25402702702703,6.5,6.704,6.72149462365591,81,37,10,25,93,11766,7276,4490,1293,3063,8703,6.79905894866565,7.03885747663552,6.41046783741648,6.50291028615623,6.91658374142997,6.7576963794094,124
"138",2016,3,6.61239669421488,121,6.9578125,6.22456140350877,6.38235294117647,6.34,6.66633663366337,64,57,17,20,101,11887,7340,4547,1310,3083,8804,6.79715887860688,7.03815081743869,6.40813736309655,6.50134580152672,6.91284333441453,6.75664829509314,125
"139",2016,4,6.55858333333333,120,6.92472972972973,5.9695652173913,5.87058823529412,6.76153846153846,6.50244680851064,74,46,17,26,94,12007,7414,4593,1327,3109,8898,6.79477451403348,7.037018748314,6.40374495754409,6.49326525998493,6.91157799935671,6.75396286693639,126
"140",2016,5,6.788,125,6.91686046511628,6.50384615384615,6.47222222222222,7.00208333333333,6.73712871287129,86,39,9,24,101,12132,7500,4632,1336,3133,8999,6.79470471397956,7.03564093333333,6.40458777849741,6.49312350299401,6.91227130545803,6.75377392932548,127
"141",2016,6,6.69016393442623,122,6.96319444444444,6.297,6.24090909090909,6.736,6.67835051546392,72,50,11,25,97,12254,7572,4682,1347,3158,9096,6.793663913008,7.03495206022187,6.40343882742418,6.49106384558278,6.91087587080431,6.75296961191733,128
"142",2016,7,6.71465753424658,146,6.92247311827957,6.35,6.42894736842105,6.87692307692308,6.6795,93,53,19,26,120,12400,7665,4735,1366,3184,9216,6.79273367661291,7.03358734507502,6.40284067370644,6.49019985358712,6.91059861809045,6.75201297634549,129
"143",2016,8,6.61488549618321,131,6.75608108108108,6.43157894736842,6.19444444444444,6.58409090909091,6.62110091743119,74,57,18,22,109,12531,7739,4792,1384,3206,9325,6.79087443859229,7.0309338415816,6.40318251043406,6.48635332369942,6.90835807860262,6.75048274423593,130
"144",2016,9,6.53449612403101,129,6.6078313253012,6.40217391304348,6.61538461538461,6.53653846153846,6.53398058252427,83,46,13,26,103,12660,7822,4838,1397,3232,9428,6.78826205292259,7.02644425978011,6.40317292062836,6.48755404438082,6.90536695544554,6.74811747878659,131
"145",2016,10,6.52089552238806,134,6.71648351648352,6.10697674418605,6,6.30952380952381,6.56017699115044,91,43,14,21,113,12794,7913,4881,1411,3253,9541,6.78546174691262,7.02287969164666,6.40056353001434,6.48271651311127,6.90152044266831,6.74589158264333,132
"146",2016,11,6.69328767123288,146,6.82289156626506,6.52253968253968,6.175,6.43333333333333,6.72984375,83,63,16,18,128,12940,7996,4944,1427,3271,9669,6.78442176120557,7.02080377688844,6.40211783778317,6.47926629292221,6.89894405380617,6.74567913848381,133
"147",2016,12,6.62503703703704,135,6.73047619047619,6.45137254901961,6.53846153846154,6.72448275862069,6.59783018867925,84,51,13,29,106,13075,8080,4995,1440,3300,9775,6.78277610630975,7.01778551980198,6.40262073873874,6.47980069444444,6.89741090909091,6.74407586598465,134
"148",2017,1,6.47842105263158,190,6.71150793650794,6.01953125,5.8,6.2859375,6.51740506329114,126,64,19,32,158,13265,8206,5059,1459,3332,9933,6.77841670486242,7.01308274433342,6.39777438031232,6.47094790952707,6.89153841536615,6.74047031007752,135
"149",2017,2,6.66330578512397,121,6.80134146341463,6.37307692307692,5.66666666666667,6.58928571428571,6.67299065420561,82,39,9,14,107,13386,8288,5098,1468,3346,10040,6.77737618332586,7.01098781370656,6.3975854433111,6.46601702997275,6.89027375971309,6.73975115438247,136
"150",2017,3,6.56319672131148,122,6.90081081081081,6.04270833333333,5.95,6.425,6.59704081632653,74,48,14,24,98,13508,8362,5146,1482,3370,10138,6.77544178190702,7.01001279598182,6.39427527982899,6.46114237516869,6.88696023738872,6.73837163049911,137
"151",2017,4,6.48609090909091,110,6.56666666666667,6.36522727272727,6.35625,6.96875,6.40393617021277,66,44,16,16,94,13618,8428,5190,1498,3386,10232,6.773104537377,7.00654093497864,6.39402901541426,6.4600220293725,6.88734672179563,6.73529921716184,138
"152",2017,5,6.575,124,6.92948717948718,5.97391304347826,6.15384615384615,6.39655172413793,6.62947368421053,78,46,13,29,95,13742,8506,5236,1511,3415,10327,6.77131695459176,7.00583435222196,6.39033815699007,6.45738782263402,6.88317891654466,6.73432570833737,139
"153",2017,6,6.66228070175439,114,6.875,6.39,5.8,6.75,6.64247311827957,64,50,10,21,93,13856,8570,5286,1521,3436,10420,6.77041986071016,7.00485729288215,6.39033495838063,6.45306574621959,6.88236495925495,6.73350591074856,140
"154",2017,7,6.5553781512605,119,6.87928571428571,6.09265306122449,5.85529411764706,6.39571428571429,6.57666666666667,70,49,17,14,105,13975,8640,5335,1538,3450,10525,6.76858873631485,7.00383993055556,6.38760086035614,6.44645838751626,6.88039014492754,6.73194124370546,141
"155",2017,8,6.21282051282051,117,6.56449275362319,5.70729166666667,5.63214285714286,6.7,6.12424242424242,69,48,14,18,99,14092,8709,5383,1552,3468,10624,6.76397442449617,7.00035905385234,6.38153456994241,6.43911275773196,6.8794538638985,6.72627838761295,142
"156",2017,9,6.49545454545455,110,6.86909090909091,6.12181818181818,6.30526315789474,6.84285714285714,6.44479166666667,55,55,19,14,96,14202,8764,5438,1571,3482,10720,6.76189463385439,6.99953525787312,6.37890779514527,6.43749395289624,6.8793067202757,6.72375761100746,143
"157",2017,10,6.57916030534351,131,6.85939024390244,6.11020408163265,6.08333333333333,6.91166666666667,6.52619469026549,82,49,12,18,113,14333,8846,5487,1583,3500,10833,6.76022448824391,6.99823615193308,6.37650821760525,6.43480922299431,6.87947314285714,6.72169681436352,144
"158",2017,11,6.42310344827586,145,6.78711340206186,5.6875,5.5625,6.72941176470588,6.382421875,97,48,8,17,128,14478,8943,5535,1591,3517,10961,6.75684815513193,6.9959462149167,6.37053307859079,6.43042300439975,6.8787477964174,6.7177348407992,145
"159",2017,12,6.63548387096774,124,6.71975308641975,6.47674418604651,6.40909090909091,6.575,6.65,81,43,11,24,100,14602,9024,5578,1602,3541,11061,6.75581753116012,6.99346708776596,6.37135184474722,6.43027652933833,6.87668907088393,6.71712246541904,146
"160",2018,1,6.52324431818182,176,6.69182644628099,6.15236363636364,6.32,6.76481481481482,6.47946979865772,121,55,19,27,149,14778,9145,5633,1621,3568,11210,6.75304767830559,6.98947599781301,6.36921366767264,6.4289839605182,6.87584248878924,6.71396365655665,147
"161",2018,2,6.65192307692308,104,6.8044776119403,6.37567567567568,6.53333333333333,6.47058823529412,6.68735632183908,67,37,12,17,87,14882,9212,5670,1633,3585,11297,6.75234098844242,6.98813048198003,6.36925583597884,6.42975076546234,6.87392078103208,6.71375874922546,148
"162",2018,3,6.44867256637168,113,6.45324675324675,6.43888888888889,6.61111111111111,7.02222222222222,6.39903846153846,77,36,9,9,104,14995,9289,5706,1642,3594,11401,6.75005259019673,6.98369663042308,6.36969516123379,6.43074482338611,6.87429215358932,6.71088786860802,149
"163",2018,4,6.60504672897196,107,6.9890625,6.03348837209302,6.5625,6.98533333333333,6.54304347826087,64,43,8,15,92,15102,9353,5749,1650,3609,11493,6.74902520129784,6.98373334758901,6.36718048182293,6.43138363636364,6.87475367137711,6.70954429565823,150
"164",2018,5,6.28153846153846,104,6.59033898305085,5.87666666666667,5.63846153846154,6.91875,6.16568181818182,59,45,13,16,88,15206,9412,5794,1663,3625,11581,6.74582786991977,6.98126731831704,6.36337083016914,6.4251852074564,6.87494786206897,6.70541167343062,151
"165",2018,6,6.52894736842105,76,6.82790697674419,6.13939393939394,6.45833333333333,6.2,6.590625,43,33,12,12,64,15282,9455,5827,1675,3637,11645,6.74474928608821,6.98056985721841,6.36210238373091,6.42542268656716,6.87272092383833,6.70478081494204,152
"166",2018,7,6.37928571428571,70,6.67926829268293,5.9551724137931,5.88181818181818,6.16153846153846,6.42894736842105,41,29,11,13,57,15352,9496,5856,1686,3650,11702,6.74308289408546,6.97926895534962,6.3600871909153,6.42187603795967,6.87018794520548,6.70343724064263,153
"167",2018,8,6.67647058823529,85,7.04565217391304,6.24102564102564,6.2,7.4375,6.5974025974026,46,39,13,8,77,15437,9542,5895,1699,3658,11779,6.74271610999547,6.97958897505764,6.35929950636132,6.42017834020012,6.87142864953526,6.70274408608541,154
"168",2018,9,6.57644444444444,90,6.672,6.457,6.412,6.71428571428571,6.56481927710843,50,40,15,7,83,15527,9592,5935,1714,3665,11862,6.74175234043924,6.97798561301085,6.35995797641112,6.42010676779463,6.87112851296044,6.70177900775586,155
"169",2018,10,6.60863636363636,110,6.77241379310345,6.42596153846154,6.509375,6.55263157894737,6.62032967032967,58,52,16,19,91,15637,9650,5987,1730,3684,11953,6.74081592313104,6.97675005181348,6.36053124937364,6.4209323699422,6.86948588490771,6.70115892160964,156
"170",2018,11,6.68973214285714,112,6.96904761904762,6.33061224489796,6.44444444444444,6.89,6.64619565217391,63,49,9,20,92,15749,9713,6036,1739,3704,12045,6.74045263762779,6.97670009265933,6.36028836812459,6.42105405405405,6.86959665226782,6.70073911083437,157
"171",2018,12,6.52458333333333,120,6.8246835443038,5.94634146341463,6.19,6.4375,6.53798076923077,79,41,10,16,104,15869,9792,6077,1749,3720,12149,6.73882025269393,6.97547365196079,6.35749557182821,6.41973299028016,6.86773817204301,6.69934583834061,158
"172",2019,1,6.44190478571429,140,6.63978723404255,6.03753630434783,5.55588235294118,6.725,6.40013663934426,94,46,17,18,122,16009,9886,6123,1766,3738,12271,6.73622370291711,6.97228181266438,6.35509182753552,6.41141732729332,6.86705082932049,6.69637105859343,159
"173",2019,2,6.53505050505051,99,6.77777777777778,6.11027777777778,6.37125,6.72611111111111,6.49259259259259,63,36,8,18,81,16108,9949,6159,1774,3756,12352,6.73498728954557,6.97105015579456,6.35366086377659,6.41123618940248,6.86637539936102,6.69503475226684,160
"174",2019,3,6.5019696969697,132,6.73411764705882,6.08212765957447,5.75533333333333,6.41304347826087,6.52073394495413,85,47,15,23,109,16240,10034,6206,1789,3779,12461,6.73309330418719,6.9690430536177,6.35160445697712,6.40573672442705,6.86361630060863,6.69351009228794,161
"175",2019,4,6.64298969072165,97,6.92830188679245,6.29931818181818,6.45833333333333,6.85,6.60807228915663,53,44,12,14,83,16337,10087,6250,1801,3793,12544,6.73255831915284,6.96882898780609,6.3512363616,6.40608717379234,6.86356604271026,6.69294477519133,162
"176",2019,5,6.49095744680851,94,6.67380952380952,6.11935483870968,6.29090909090909,6.79473684210526,6.414,63,31,11,19,75,16431,10150,6281,1812,3812,12619,6.73117614630881,6.96699783251232,6.35009190574749,6.40538796909492,6.86322298006296,6.6912868896109,163
"177",2019,6,6.66978021978022,91,7.01666666666667,6.16351351351351,5.77272727272727,6.74736842105263,6.64930555555556,54,37,11,19,72,16522,10204,6318,1823,3831,12691,6.73083798934754,6.96726068208546,6.34899924976258,6.40157048820625,6.86264839467502,6.69104871641321,164
"178",2019,7,6.71375,88,6.91413793103448,6.32633333333333,6.50222222222222,6.65882352941177,6.7269014084507,58,30,9,17,71,16610,10262,6348,1832,3848,12762,6.73074745695364,6.96696043656208,6.34889213295526,6.40206495633188,6.86174792099792,6.69124817896881,165
"179",2019,8,6.68826923076923,104,7.01129032258065,6.21142857142857,5.92857142857143,6.90952380952381,6.63228915662651,62,42,7,21,83,16714,10324,6390,1839,3869,12845,6.73048314347254,6.96722665633476,6.34798861658842,6.40026264274062,6.86200723701215,6.6908672059167,166
"180",2019,9,6.52944447916667,96,6.60439158730159,6.38636363636364,6.5,6.62722222222222,6.50688038461538,63,33,11,18,78,16810,10387,6423,1850,3887,12923,6.72933503450327,6.96502596226052,6.34818577923089,6.40085567567568,6.86091998970929,6.68975670742088,167
"181",2019,10,6.50643564356436,101,6.67177419354839,6.24358974358974,5.75,6.11,6.57558139534884,62,39,8,15,86,16911,10449,6462,1858,3902,13009,6.72800378037963,6.96328592879702,6.34755451253482,6.39805328310011,6.85803331624808,6.68900191636559,168
"182",2019,11,6.7490099009901,101,7.13951612903226,6.12820512820513,6.38461538461539,6.80277777777778,6.73734939759036,62,39,13,18,83,17012,10511,6501,1871,3920,13092,6.72812849341641,6.96432543716107,6.34623861867405,6.39795991448423,6.85777959183673,6.68930842728384,169
"183",2019,12,6.73131782945736,129,6.8161038961039,6.60576923076923,6.33333333333333,6.62,6.75174311926606,77,52,9,20,109,17141,10588,6553,1880,3940,13201,6.72815249577037,6.96324751322252,6.34829807111247,6.39765053191489,6.85657258883249,6.68982394742823,170
"184",2020,1,6.48357142857143,154,6.6715625,6.17241379310345,5.78125,6.40909090909091,6.49598484848485,96,58,16,22,132,17295,10684,6611,1896,3962,13333,6.72597467071408,6.960626607076,6.34675499319316,6.39244883966245,6.85408783442706,6.68790489237231,171
"185",2020,2,6.37257608695652,115,6.53981666666667,6.059,5.28571428571429,6.36923076923077,6.37300245098039,75,40,7,13,102,17410,10759,6651,1903,3975,13435,6.72364033199311,6.95769317966354,6.34502439633138,6.38837782448765,6.85250213836478,6.6855141183476,172
"186",2020,3,6.57061621848739,119,6.83674792682927,5.98081081081081,5.88090909090909,7.1,6.46367,82,37,11,20,99,17529,10841,6688,1914,3995,13534,6.72260148953163,6.95677836454202,6.34300945873206,6.38546133751306,6.85374117647059,6.68389134845574,173
"187",2020,4,6.40126126126126,111,6.58586666666667,6.01666666666667,6.03846153846154,6.465,6.38725274725275,75,36,13,20,91,17640,10916,6724,1927,4015,13625,6.72057945068027,6.95422996060828,6.34126223378941,6.38312039439543,6.85180473225405,6.68191012917431,174
"188",2020,5,6.49569607843137,102,6.73031343283582,6.04657142857143,6.50272727272727,6.70666666666667,6.45932183908046,67,35,11,15,87,17742,10983,6759,1938,4030,13712,6.71928658043062,6.95286399435491,6.33973624204764,6.38379927760578,6.85126451612903,6.68049784932905,175
"189",2020,6,6.53246637362637,91,6.73373923076923,6.26410256410256,5.58333333333333,6.77083333333333,6.49625873417722,52,39,12,12,79,17833,11035,6798,1950,4042,13791,6.71833325576179,6.95183141730856,6.33930233303913,6.37887333333333,6.85102572983671,6.67944245884997,176
"190",2020,7,6.37354838709677,93,6.68754098360656,5.775,5.61818181818182,6.63157894736842,6.3072972972973,61,32,11,19,74,17926,11096,6830,1961,4061,13865,6.71654451355573,6.95037848684211,6.3366584568082,6.37460632330444,6.84999901502093,6.67745625315543,177
"191",2020,8,6.38369565217391,92,6.6625,5.95,5.74444444444444,6.90769230769231,6.29746835443038,56,36,9,13,79,18018,11152,6866,1970,4074,13944,6.71484498556999,6.94893289903156,6.3346311185552,6.37172741116751,6.85018311242023,6.67530342441193,178
"192",2020,9,6.45606060606061,99,6.69590163934426,6.07105263157895,6.06818181818182,6.35416666666667,6.47011494252874,61,38,11,12,87,18117,11213,6904,1981,4086,14031,6.71343086327758,6.94755638009453,6.33318036790266,6.3700418980313,6.84872638277043,6.67403114175754,179
"193",2020,10,6.33,107,6.79593220338983,5.75729166666667,5.32142857142857,6.46666666666667,6.30771739130435,59,48,14,15,92,18224,11272,6952,1995,4101,14123,6.71117959558824,6.94676274751597,6.32920415132336,6.36268320802005,6.84732894415996,6.67164490193302,180
"194",2020,11,6.63343592307692,130,6.76052083333333,6.27460794117647,6.16666666666667,6.86470588235294,6.59864309734513,96,34,6,17,113,18354,11368,6986,2001,4118,14236,6.7106289430097,6.94518997976777,6.32893843830518,6.36209545227386,6.84740067994172,6.67106544113515,181
"195",2020,12,6.41217707317073,123,6.70376936708861,5.88863636363636,5.88888888888889,7.13411764705882,6.2963941509434,79,44,9,17,106,18477,11447,7030,2010,4135,14342,6.70864217134816,6.94352384642264,6.32618263584637,6.35997661691542,6.84857944377267,6.66829629061498,182
"196",2021,1,6.74520112068966,116,6.88948714285714,6.22,6.21428571428571,6.86363636363636,6.73279361904762,91,25,7,11,105,18593,11538,7055,2017,4146,14447,6.70887025923735,6.9430976599064,6.32580636853295,6.3594709965295,6.84861939218524,6.66876505364436,183
"197",2021,2,6.44137254901961,102,6.49848484848485,6.33666666666667,5.95,6.27142857142857,6.46840909090909,66,36,10,14,88,18695,11604,7091,2027,4160,14535,6.70741079058572,6.94056883833161,6.3258615047243,6.35745091267884,6.84667692307692,6.66755202820777,184
"198",2021,3,6.53203260869565,92,6.85411666666667,5.928125,5.14285714285714,6.24621428571429,6.58333333333333,60,32,14,14,78,18787,11664,7123,2041,4174,14613,6.70655196305956,6.9401241255144,6.32407467780429,6.34911954924057,6.84466291327264,6.6671024929857,185
"199",2021,4,6.43284210526316,95,6.59923076923077,6.07233333333333,6.20625,6.61923076923077,6.40329268292683,65,30,8,13,82,18882,11729,7153,2049,4187,14695,6.70517486124351,6.93823495609174,6.32301886341395,6.34856173743289,6.84396298065441,6.6656304001361,186
"200",2021,5,6.54343434343434,99,6.705,6.29487179487179,6.4,6.76923076923077,6.5093023255814,60,39,10,13,86,18981,11789,7192,2059,4200,14781,6.70433126442232,6.93704790906777,6.32286623053392,6.34881155900923,6.84373166666667,6.66472083959137,187
"201",2021,6,6.58253968253968,63,6.69130434782609,6.28823529411765,6.2,6.4,6.60909090909091,46,17,6,8,55,19044,11835,7209,2065,4208,14836,6.70392836221382,6.93609275876637,6.32278456512692,6.34837917675545,6.8428880703422,6.66451460838501,188
"202",2021,7,6.69267326732673,101,6.85014925373134,6.38235294117647,6.22727272727273,6.88333333333333,6.65132530120482,67,34,11,18,83,19145,11902,7243,2076,4226,14919,6.70386898563594,6.9356089564779,6.32306419025266,6.34773747591522,6.84306034074775,6.66444123131577,189
"203",2021,8,6.54774774774775,111,6.72089552238806,6.28409090909091,5.625,6.19230769230769,6.59489795918367,67,44,16,13,98,19256,11969,7287,2092,4239,15017,6.70296903458662,6.93440703484,6.32282886372993,6.34220984703633,6.84106463788629,6.66398739628421,190
"204",2021,9,6.85731707317073,82,6.88229508196721,6.7847619047619,6.66666666666667,6.975,6.84097222222222,61,21,6,10,72,19338,12030,7308,2098,4249,15089,6.70362352518358,6.93414279301746,6.324156257526,6.34313775023832,6.84137985408331,6.6648319126516,191
"205",2021,10,6.27655172413793,87,6.35535714285714,6.1341935483871,5.8125,5.91666666666667,6.3704347826087,56,31,8,18,69,19425,12086,7339,2106,4267,15158,6.70171077117117,6.93146101274202,6.32335385338602,6.3411220322887,6.83747902507617,6.66349180168888,192
"206",2021,11,6.58724489795918,98,6.67,6.42424242424242,6.04545454545455,6.91666666666667,6.54127906976744,65,33,11,12,86,19523,12151,7372,2117,4279,15244,6.70113618450033,6.93006236523743,6.32380547069994,6.33958573453,6.83770109838747,6.66280233075308,193
"207",2021,12,6.58691729927007,137,6.76043298850575,6.285,5.91666666666667,6.77636842105263,6.55641245762712,87,50,12,19,118,19660,12238,7422,2129,4298,15362,6.7003402543235,6.92885646919431,6.32354404877391,6.33720197275716,6.83742996742671,6.66198511912511,194
"208",2022,1,6.49260810810811,148,6.72643956043956,6.11929824561404,5.27777777777778,6.54705882352941,6.48554198473282,91,57,9,17,131,19808,12329,7479,2138,4315,15493,6.69878813610663,6.92736243572066,6.32198742211526,6.33274228250702,6.83628597914253,6.66049321629123,195
"209",2022,2,6.60682692307692,104,6.83927536231884,6.14857142857143,5.5,7.134,6.51797752808989,69,35,8,15,89,19912,12398,7514,2146,4330,15582,6.69830782442748,6.92687219470883,6.32117965531009,6.32963793103448,6.83731732101617,6.65967920677705,196
"210",2022,3,6.57660194174757,103,6.75,6.22470588235294,5.88888888888889,6.58764705882353,6.57441860465116,69,34,9,17,86,20015,12467,7548,2155,4347,15668,6.69768150886835,6.92589327584824,6.32074508876523,6.32779721577726,6.83634092477571,6.65921122032168,197
"211",2022,4,6.67261904761905,84,6.7156862745098,6.60606060606061,6.7,7.03571428571429,6.6,51,33,5,14,70,20099,12518,7581,2160,4361,15738,6.69757676501319,6.9250368645151,6.32198706371191,6.3286587962963,6.83698096766796,6.65894785868598,198
"212",2022,5,6.51107142857143,70,6.66489361702128,6.19673913043478,5.9,6.89285714285714,6.46865079365079,47,23,5,7,63,20169,12565,7604,2165,4368,15801,6.6969294660122,6.92406378591325,6.32160822330352,6.3276688221709,6.83707051282051,6.65818912727043,199
"213",2022,6,6.44117647058824,85,6.69090909090909,5.98333333333333,5.66666666666667,6.77142857142857,6.41153846153846,55,30,3,7,78,20254,12620,7634,2168,4375,15879,6.69585614693394,6.92304766006339,6.32027887477076,6.32675415129151,6.83696548571428,6.65697754266642,200
"214",2022,7,6.4827408,75,6.73490347826087,6.08275862068966,5.5,6.50909090909091,6.478211875,46,29,6,11,64,20329,12666,7663,2174,4386,15943,6.69506989817502,6.92236436365072,6.31937999869503,6.32447240110396,6.83614318285453,6.65625992347739,201
"215",2022,8,6.6020987654321,81,6.69632653061224,6.4578125,6.33333333333333,6.5,6.61026666666667,49,32,3,6,75,20410,12715,7695,2177,4392,16018,6.69470092895639,6.92149327801809,6.31995567641326,6.32448461185117,6.8356839708561,6.6560445723561,202
"216",2022,9,6.342,75,6.51960784313725,5.96458333333333,5.625,6.375,6.3344262295082,51,24,6,14,61,20485,12766,7719,2183,4406,16079,6.69340961484013,6.9198877510575,6.31885074880166,6.32256207054512,6.834220154335,6.65482442689222,203
"217",2022,10,6.54681944444444,72,6.53268888888889,6.57037037037037,6.2,6.49666666666667,6.56001754385965,45,27,5,15,57,20557,12811,7746,2188,4421,16136,6.69289618913266,6.91852767387402,6.31972746320682,6.32228199268739,6.83307486993893,6.65448952404561,204
"218",2022,11,6.46714285714286,91,6.79435483870968,5.76758620689655,4.825,6.42631578947368,6.47791666666667,62,29,8,19,72,20648,12873,7775,2196,4440,16208,6.69190124757846,6.91792962246563,6.31766802958199,6.31682741347905,6.83133423423423,6.65370514313919,205
"219",2022,12,6.66724770642202,109,6.83513888888889,6.34054054054054,5.125,5.93588235294118,6.80239130434783,72,37,4,17,92,20757,12945,7812,2200,4457,16300,6.69177178590355,6.91746914098108,6.31777636072709,6.31466045454545,6.82791877944806,6.65454435337423,206
