"","year","month","avg_rating","no_ratings","avg_rating_owned","avg_rating_not_owned","avg_rating_prev_owned","avg_rating_comment","avg_rating_no_comment","no_ratings_owned","no_ratings_not_owned","no_ratings_prev_owned","no_ratings_comment","no_ratings_no_comment","cum_no_ratings","cum_no_ratings_owned","cum_no_ratings_not_owned","cum_no_ratings_prev_owned","cum_no_ratings_comment","cum_no_ratings_no_comment","cum_avg_rating","cum_avg_rating_owned","cum_avg_rating_not_owned","cum_avg_rating_prev_owned","cum_avg_rating_comment","cum_avg_rating_no_comment","month_after_release"
"1",2004,2,7.74285714285714,7,7.94,7.25,NA,7.74,7.75,5,2,0,5,2,7,5,2,0,5,2,7.74285714285714,7.94,7.25,NA,7.74,7.75,0
"2",2004,3,7.53947368421053,19,7.828125,6,NA,7.60714285714286,7.5,16,3,0,7,12,26,21,5,0,12,14,7.59423076923077,7.8547619047619,6.5,NA,7.6625,7.53571428571429,1
"3",2004,4,7.66363636363636,55,7.97297297297297,7.02777777777778,6.5,7.66,7.66666666666667,37,18,4,25,30,81,58,23,4,37,44,7.64135802469136,7.9301724137931,6.91304347826087,6.5,7.66081081081081,7.625,2
"4",2004,5,7.94957446808511,47,8,7.70375,NA,7.67636363636364,8.19,39,8,0,22,25,128,97,31,4,59,69,7.75453125,7.95824742268041,7.11709677419355,6.5,7.66661016949153,7.82971014492754,3
"5",2004,6,7.83088235294118,34,7.91379310344828,7.35,NA,7.83823529411765,7.82352941176471,29,5,0,17,17,162,126,36,4,76,86,7.77055555555556,7.94801587301587,7.14944444444444,6.5,7.705,7.82848837209302,4
"6",2004,7,7.91794871794872,39,7.984375,7.61428571428571,7.75,7.965,7.86842105263158,32,7,2,20,19,201,158,43,6,96,105,7.79915422885572,7.95537974683544,7.22511627906977,6.91666666666667,7.75916666666667,7.83571428571429,5
"7",2004,8,7.51923076923077,26,7.69444444444444,7.125,7,7.07142857142857,7.68421052631579,18,8,1,7,19,227,176,51,7,103,124,7.76709251101322,7.92869318181818,7.20941176470588,6.92857142857143,7.71242718446602,7.8125,6
"8",2004,9,7.44047619047619,42,7.69642857142857,6.92857142857143,8,7.41304347826087,7.47368421052632,28,14,1,23,19,269,204,65,8,126,143,7.71609665427509,7.8968137254902,7.14892307692308,7.0625,7.65777777777778,7.76748251748252,7
"9",2004,10,7.53636363636364,33,7.67407407407407,6.91666666666667,7,7.72222222222222,7.46666666666667,27,6,1,9,24,302,231,71,9,135,167,7.69645695364238,7.87077922077922,7.12929577464789,7.05555555555556,7.66207407407407,7.72425149700599,8
"10",2004,11,7.68367346938776,49,7.87179487179487,6.95,8,7.72727272727273,7.64814814814815,39,10,3,22,27,351,270,81,12,157,194,7.69467236467236,7.87092592592593,7.10716049382716,7.29166666666667,7.6712101910828,7.71365979381443,9
"11",2004,12,7.82941176470588,34,8.00769230769231,7.25,6.5,7.85625,7.80555555555556,26,8,2,16,18,385,296,89,14,173,212,7.70657142857143,7.88293918918919,7.12,7.17857142857143,7.68832369942197,7.72146226415094,10
"12",2005,1,7.71803278688525,61,7.82857142857143,7.26666666666667,NA,7.675,7.74594594594595,49,12,0,24,37,446,345,101,14,197,249,7.70813901345291,7.87521739130435,7.13742574257426,7.17857142857143,7.68670050761421,7.72510040160643,11
"13",2005,2,7.51147540983607,61,7.69574468085106,6.89285714285714,7.5,7.54545454545455,7.49230769230769,47,14,2,22,39,507,392,115,16,219,288,7.68447731755424,7.85369897959184,7.10765217391304,7.21875,7.67251141552511,7.69357638888889,12
"14",2005,3,7.69298245614035,57,7.80232558139535,7.35714285714286,7.71428571428571,7.92307692307692,7.5,43,14,7,26,31,564,435,129,23,245,319,7.68533687943262,7.84862068965517,7.13472868217054,7.3695652173913,7.69910204081633,7.67476489028213,13
"15",2005,4,7.65098039215686,51,7.78947368421053,7.24615384615385,9,7.57391304347826,7.71428571428571,38,13,2,23,28,615,473,142,25,268,347,7.68248780487805,7.8438689217759,7.14492957746479,7.5,7.68835820895522,7.67795389048991,14
"16",2005,5,7.625,48,7.78571428571429,7.19230769230769,7,7.78125,7.546875,35,13,2,16,32,663,508,155,27,284,379,7.6783257918552,7.83986220472441,7.14890322580645,7.46296296296296,7.69359154929577,7.66688654353562,15
"17",2005,6,7.53,50,7.72222222222222,7.03571428571429,9,7.54347826086957,7.51851851851852,36,14,1,23,27,713,544,169,28,307,406,7.66792426367461,7.83207720588235,7.13952662721894,7.51785714285714,7.68234527687296,7.6570197044335,16
"18",2005,7,7.5195652173913,46,7.56666666666667,7.35,7.75,7.52857142857143,7.515625,36,10,2,14,32,759,580,179,30,321,438,7.65893280632411,7.81560344827586,7.15128491620112,7.53333333333333,7.67563862928349,7.64668949771689,17
"19",2005,8,7.65089285714286,56,7.96309523809524,6.71428571428571,8,7.93965517241379,7.34074074074074,42,14,1,29,27,815,622,193,31,350,465,7.65838036809816,7.82556270096463,7.11958549222798,7.54838709677419,7.69751428571429,7.6289247311828,18
"20",2005,9,7.68955223880597,67,7.94433962264151,6.725,7.75,7.58548387096774,7.77916666666667,53,14,4,31,36,882,675,207,35,381,501,7.66074829931973,7.83488888888889,7.09289855072464,7.57142857142857,7.68839895013123,7.63972055888224,19
"21",2005,10,7.40405405405405,74,7.70535714285714,6.46666666666667,6.75,7.61428571428571,7.21538461538462,56,18,6,35,39,956,731,225,41,416,540,7.64087866108786,7.8249658002736,7.0428,7.45121951219512,7.68216346153846,7.60907407407407,20
"22",2005,11,7.60322580645161,62,7.97209302325581,6.76842105263158,6.91666666666667,7.58928571428571,7.61470588235294,43,19,6,28,34,1018,774,244,47,444,574,7.63858546168959,7.83313953488372,7.02143442622951,7.38297872340426,7.67630630630631,7.60940766550523,21
"23",2005,12,7.53424657534247,73,7.70357142857143,6.97647058823529,7,7.44230769230769,7.58510638297872,56,17,2,26,47,1091,830,261,49,470,621,7.63160403299725,7.82439759036144,7.01850574712644,7.36734693877551,7.66336170212766,7.60756843800322,22
"24",2006,1,7.4640243902439,82,7.54649122807018,7.276,7.75,7.23703703703704,7.57545454545455,57,25,4,27,55,1173,887,286,53,497,676,7.61988917306053,7.8065388951522,7.04101398601399,7.39622641509434,7.64020120724346,7.60495562130177,23
"25",2006,2,7.72462121212121,66,7.82083333333333,7.29166666666667,8.25,7.65785714285714,7.8,54,12,2,35,31,1239,941,298,55,532,707,7.62546811945117,7.80735919234856,7.05110738255034,7.42727272727273,7.64136278195489,7.61350777934936,24
"26",2006,3,7.50078125,64,7.51063829787234,7.47352941176471,7.05,7.52631578947368,7.49,47,17,4,19,45,1303,988,315,59,551,752,7.61934382194935,7.7932439271255,7.07390476190476,7.40169491525424,7.63739564428312,7.60611702127659,25
"27",2006,4,7.48166666666667,60,7.71428571428571,6.93888888888889,7.18,7.276,7.62857142857143,42,18,5,25,35,1363,1030,333,64,576,787,7.61328319882612,7.79002427184466,7.06660660660661,7.384375,7.62171006944444,7.60711562897077,26
"28",2006,5,7.68983050847458,59,7.814,7,7,7.56785714285714,7.8,50,9,4,28,31,1422,1080,342,68,604,818,7.61645921237693,7.79113425925926,7.06485380116959,7.36176470588235,7.61921357615894,7.61442542787286,27
"29",2006,6,7.6319298245614,57,7.71916666666667,7.16666666666667,7.25,7.76923076923077,7.51677419354839,48,9,2,26,31,1479,1128,351,70,630,849,7.6170554428668,7.78807180851064,7.06746438746439,7.35857142857143,7.62540476190476,7.61085983510012,28
"30",2006,7,7.40923076923077,65,7.60217391304348,6.94210526315789,7,7.51,7.36444444444444,46,19,1,20,45,1544,1174,370,71,650,894,7.60830634715026,7.78078790459966,7.06102702702703,7.35352112676056,7.62185384615384,7.59845637583892,29
"31",2006,8,7.67931034482759,58,7.76666666666667,7.37692307692308,8,7.84375,7.61666666666667,45,13,2,16,42,1602,1219,383,73,666,936,7.61087702871411,7.78026661197703,7.07174934725849,7.37123287671233,7.62718468468468,7.5992735042735,30
"32",2006,9,7.7625,64,8.12340425531915,6.76470588235294,9,7.992,7.61538461538461,47,17,1,25,39,1666,1266,400,74,691,975,7.61670168067227,7.79300552922591,7.0587,7.39324324324324,7.64038350217077,7.59991794871795,31
"33",2006,10,7.6027027027027,74,7.69661016949153,7.23333333333333,7.33333333333333,7.60869565217391,7.6,59,15,3,23,51,1740,1325,415,77,714,1026,7.61610632183908,7.78871320754717,7.06501204819277,7.39090909090909,7.63936274509804,7.59992202729045,32
"34",2006,11,7.55697402597403,77,7.84909090909091,6.82668181818182,7.5,7.48748,7.59038461538462,55,22,2,25,52,1817,1380,437,79,739,1078,7.61360044028619,7.79111956521739,7.05301372997712,7.39367088607595,7.63422462787551,7.59946196660482,33
"35",2006,12,7.58396226415094,106,7.81518987341772,6.90740740740741,6,7.98571428571429,7.48470588235294,79,27,1,21,85,1923,1459,464,80,760,1163,7.61196671866875,7.79242289239205,7.04454094827586,7.37625,7.64393684210526,7.59107480653482,34
"36",2007,1,7.53558558558559,111,7.66730769230769,7.22424242424242,6.9375,7.54186046511628,7.53161764705882,78,33,8,43,68,2034,1537,497,88,803,1231,7.60779842674533,7.78607351984385,7.05647283702213,7.33636363636364,7.63847073474471,7.58779041429732,35
"37",2007,2,7.35217858823529,85,7.63174603174603,6.55159909090909,7.33333333333333,7.48,7.2627036,63,22,3,35,50,2119,1600,519,91,838,1281,7.59754468145352,7.779996875,7.03507163776493,7.33626373626374,7.63185202863962,7.57510162373146,36
"38",2007,3,7.46385542168675,83,7.60338983050847,7.12083333333333,7.25,7.42222222222222,7.48392857142857,59,24,2,27,56,2202,1659,543,93,865,1337,7.59250553133515,7.77371609403255,7.03886220994475,7.33440860215054,7.62530867052023,7.57128285714286,37
"39",2007,4,7.43166666666667,90,7.63828125,6.92307692307692,7.5,7.57931034482759,7.36147540983607,64,26,4,29,61,2292,1723,569,97,894,1398,7.58618986910995,7.76868543238537,7.03357149384886,7.34123711340206,7.62381655480984,7.56212816881259,38
"40",2007,5,7.343875,80,7.56150943396226,6.91666666666667,6.45833333333333,7.26888888888889,7.38207547169811,53,27,6,27,53,2372,1776,596,103,921,1451,7.5780173608769,7.76250281531532,7.02827546979866,7.28980582524272,7.6134115092291,7.55555146795314,39
"41",2007,6,7.56329113924051,79,7.79298245614035,6.96818181818182,7,7.636,7.52962962962963,57,22,3,25,54,2451,1833,618,106,946,1505,7.57754270909833,7.7634506273868,7.02613621359224,7.28160377358491,7.61400845665962,7.5546213820598,40
"42",2007,7,7.73506493506494,77,7.81451612903226,7.40666666666667,7,7.784,7.71153846153846,62,15,1,25,52,2528,1895,633,107,971,1557,7.58234065664557,7.76512137203166,7.0351535229068,7.27897196261682,7.61838516992791,7.55986202954399,41
"43",2007,8,7.79722222222222,90,7.98897058823529,7.20454545454545,7.5,7.80921052631579,7.78846153846154,68,22,7,38,52,2618,1963,655,114,1009,1609,7.58972772345302,7.77287570045848,7.04084302290077,7.29254385964912,7.62557185332012,7.56724995649472,42
"44",2007,9,7.65903614457831,83,7.9135593220339,7.03333333333333,7.42857142857143,7.28333333333333,7.81186440677966,59,24,7,24,59,2701,2022,679,121,1033,1668,7.59185752684191,7.77698071216617,7.04057758468336,7.3004132231405,7.61762052274927,7.57590238609113,43
"45",2007,10,7.67009615384615,104,7.73547945205479,7.51612903225806,8,7.79333333333333,7.62013513513514,73,31,2,30,74,2805,2095,710,123,1063,1742,7.59475835294117,7.77553460620525,7.06134109859155,7.31178861788618,7.62257949200376,7.57778138920781,44
"46",2007,11,7.4953781512605,119,7.71352941176471,6.95,7.14285714285714,7.64204545454545,7.40933333333333,85,34,7,44,75,2924,2180,744,130,1107,1817,7.59071380984952,7.77311697247706,7.05625293010753,7.30269230769231,7.6233532068654,7.57082838745184,45
"47",2007,12,7.35714285714286,133,7.58229166666667,6.77297297297297,6.4125,7.22982456140351,7.45263157894737,96,37,8,57,76,3057,2276,781,138,1164,1893,7.58055190709846,7.76506810193322,7.04283249679898,7.25108695652174,7.6040824742268,7.56608303222398,46
"48",2008,1,7.36296052631579,152,7.62894736842105,6.565,7.16666666666667,7.57448979591837,7.26233009708738,114,38,6,49,103,3209,2390,819,144,1213,1996,7.57024530383297,7.75857531380753,7.02066200244201,7.24756944444444,7.60288705688376,7.55040840681363,47
"49",2008,2,7.35436893203883,103,7.64492753623188,6.76470588235294,7.375,7.39655172413793,7.33783783783784,69,34,8,29,74,3312,2459,853,152,1242,2070,7.56353175724638,7.75538633590891,7.01045976553342,7.25427631578947,7.5980692431562,7.54280926570048,48
"50",2008,3,7.39441441441441,111,7.71,6.73694444444444,6.83333333333333,7.23809523809524,7.4895652173913,75,36,3,42,69,3423,2534,889,155,1284,2139,7.55804767163307,7.75404301499605,6.99938377952756,7.24612903225806,7.58629439252336,7.54109171575503,49
"51",2008,4,7.58721804511278,133,7.6840206185567,7.32638888888889,7.5,7.53909090909091,7.62115384615385,97,36,10,55,78,3556,2631,925,165,1339,2217,7.55913868953881,7.75146142151273,7.01211046486487,7.26151515151515,7.58435548917102,7.54390851601263,50
"52",2008,5,7.4452380952381,84,7.55423728813559,7.188,8,7.26363636363636,7.645,59,25,6,44,40,3640,2690,950,171,1383,2257,7.55651021428571,7.74713568773234,7.01673913684211,7.28742690058479,7.57415184381779,7.54570012405848,51
"53",2008,6,7.49336283185841,113,7.50316455696202,7.47058823529412,7.38888888888889,7.66153846153846,7.40472972972973,79,34,9,39,74,3753,2769,984,180,1422,2331,7.55460889421796,7.74017515348501,7.03242091463415,7.2925,7.57654852320675,7.54122487344487,52
"54",2008,7,7.36378787878788,132,7.65547368421053,6.61486486486486,6.4375,7.4954,7.28353658536585,95,37,16,50,82,3885,2864,1021,196,1472,2413,7.5481254002574,7.7373655726257,7.01728910871695,7.22270408163265,7.57379211956522,7.53246795690012,53
"55",2008,8,7.22917910447761,134,7.54044943820225,6.61355555555556,6.31578947368421,6.9,7.39561797752809,89,45,19,45,89,4019,2953,1066,215,1517,2502,7.53749121174421,7.73143074839147,7.00024594746717,7.14255813953488,7.55380487804878,7.52759999200639,54
"56",2008,9,7.4295,100,7.58380281690141,7.05172413793103,7.04166666666667,7.28589743589744,7.52131147540984,71,29,12,39,61,4119,3024,1095,227,1556,2563,7.53486942947317,7.72796461640212,7.00160929680366,7.13722466960352,7.54708997429306,7.52745032383925,55
"57",2008,10,7.2547619047619,84,7.4728813559322,6.74,6.69230769230769,7.28846153846154,7.23965517241379,59,25,13,26,58,4203,3083,1120,240,1582,2621,7.52927127765881,7.72308303600389,6.99576980357143,7.113125,7.5428394437421,7.52108171690195,56
"58",2008,11,7.3197247706422,109,7.4455223880597,7.11904761904762,7.27272727272727,7.41081081081081,7.27291666666667,67,42,11,37,72,4312,3150,1162,251,1619,2693,7.52397429962894,7.71717936507937,7.0002256282272,7.12011952191235,7.53982211241507,7.51444678054215,57
"59",2008,12,7.35625190839695,131,7.50198823529412,7.08695652173913,7.07142857142857,7.38616666666667,7.34213483146067,85,46,14,42,89,4443,3235,1208,265,1661,2782,7.51902907494936,7.71152519319938,7.00352829470199,7.11754716981132,7.53593678506923,7.50893428468728,58
"60",2009,1,7.48815789473684,152,7.5716814159292,7.24615384615385,6.96428571428571,7.68529411764706,7.38861386138614,113,39,14,51,101,4595,3348,1247,279,1712,2883,7.51800787377584,7.70680525686977,7.0111164234162,7.10985663082437,7.54038609813084,7.50471910509886,59
"61",2009,2,7.23224299065421,214,7.47913043478261,6.94545454545455,6.84090909090909,7.15576923076923,7.25679012345679,115,99,22,52,162,4809,3463,1346,301,1764,3045,7.50529136618839,7.69924458561941,7.00628690936107,7.09019933554817,7.52904818594104,7.49152879474548,60
"62",2009,3,7.06350574712644,174,7.38478260869565,6.7030487804878,6.7,6.76388888888889,7.14166666666667,92,82,17,36,138,4983,3555,1428,318,1800,3183,7.48986477623921,7.69110661040788,6.98887407563025,7.06933962264151,7.513745,7.47636040841973,61
"63",2009,4,7.21,205,7.28282828282828,7.14198113207547,7.03809523809524,7.01860465116279,7.2608024691358,99,106,21,43,162,5188,3654,1534,339,1843,3345,7.47880612567463,7.68004488232075,6.99945383311604,7.06740412979351,7.50219262072708,7.46592083109118,62
"64",2009,5,7.31187878787879,165,7.6134328358209,7.10571428571429,6.69809523809524,7.12829268292683,7.37258064516129,67,98,21,41,124,5353,3721,1632,360,1884,3469,7.47366078460676,7.67884547164741,7.00583466911765,7.04586111111111,7.49405573248408,7.46258437013549,63
"65",2009,6,7.19168831168831,154,7.48682926829268,6.85555555555556,6.36666666666667,6.85344827586207,7.27016,82,72,15,29,125,5507,3803,1704,375,1913,3594,7.46577559106592,7.67470523271102,6.99948484741784,7.01869333333333,7.48434448510193,7.45589181413467,64
"66",2009,7,7.33037974683544,158,7.51022727272727,7.10428571428571,6.74583333333333,7.0452380952381,7.43362068965517,88,70,24,42,116,5665,3891,1774,399,1955,3710,7.46199932568402,7.67098535080956,7.00362016910936,7.00228070175439,7.47491099744245,7.45519546630728,65
"67",2009,8,7.33843537414966,147,7.51744186046512,7.08606557377049,7.21875,7.125,7.40765765765766,86,61,16,36,111,5812,3977,1835,415,1991,3821,7.45887408465244,7.66766507417652,7.00636086103542,7.0106265060241,7.4685841285786,7.45381449358807,66
"68",2009,9,7.12625,160,7.41043956043956,6.75144927536232,6.83823529411765,6.90975609756098,7.20084033613445,91,69,17,41,119,5972,4068,1904,432,2032,3940,7.44996252176825,7.66191101278269,6.99712299369748,7.00384259259259,7.45730856299213,7.4461739035533,67
"69",2009,10,6.97640845070423,142,7.29,6.50877192982456,6.53333333333333,6.9,6.99954128440367,85,57,15,33,109,6114,4153,1961,447,2065,4049,7.43896404645077,7.65429906091982,6.98292818969913,6.98805369127517,7.44840242130751,7.43415045196345,68
"70",2009,11,7.33152866242038,157,7.71833333333333,6.81194029850746,6.66666666666667,7.35294117647059,7.32560975609756,90,67,21,34,123,6271,4243,2028,468,2099,4172,7.43627430712805,7.65565731793542,6.97727918145957,6.97363247863248,7.44685612196284,7.43095042665388,69
"71",2009,12,7.1625,172,7.57613636363636,6.72916666666667,6.73913043478261,7.15384615384615,7.16503759398496,88,84,23,39,133,6443,4331,2112,491,2138,4305,7.42896572714574,7.65404156084045,6.96741107007576,6.96264765784114,7.44151122544434,7.42273523344948,70
"72",2010,1,7.1741935483871,217,7.53048780487805,6.70797872340426,7.15,7.31904761904762,7.13942857142857,123,94,18,42,175,6660,4454,2206,509,2180,4480,7.42066459159159,7.65062954647508,6.95635638259293,6.96927308447937,7.43915183486238,7.41166856696429,71
"73",2010,2,7.09809160305343,131,7.480625,6.49803921568627,7.1,7.40454545454545,7.03623853211009,80,51,9,22,109,6791,4534,2257,518,2202,4589,7.41444208216757,7.64762990736656,6.94600007975188,6.9715444015444,7.43880608537693,7.40275118326433,72
"74",2010,3,7.2280303030303,132,7.52887323943662,6.87786885245902,6.6,7.37068965517241,7.1878640776699,71,61,15,29,103,6923,4605,2318,533,2231,4692,7.4108877914199,7.64579891422367,6.94420715271786,6.96108818011257,7.43792066337965,7.3980339258312,73
"75",2010,4,7.09419642857143,112,7.42857142857143,6.53690476190476,6.05,6.71521739130435,7.19213483146067,70,42,15,23,89,7035,4675,2360,548,2254,4781,7.40584593887704,7.64254631016043,6.93695855084746,6.9361496350365,7.43054614019521,7.39420104162309,74
"76",2010,5,7.32435897435897,117,7.91461538461538,6.58653846153846,6.83333333333333,7.51896551724138,7.26022727272727,65,52,15,29,88,7152,4740,2412,563,2283,4869,7.40451288870246,7.64627721518987,6.92940388888889,6.93341030195382,7.43166929478756,7.39177966317519,75
"77",2010,6,7.09255319148936,94,7.39122807017544,6.63243243243243,6.22222222222222,6.89444444444444,7.13947368421053,57,37,9,18,76,7246,4797,2449,572,2301,4945,7.40046593706873,7.64324661246613,6.92491718252348,6.92222027972028,7.4274667535854,7.38790195753286,76
"78",2010,7,7.15614035087719,114,7.45862068965517,6.84285714285714,6.66666666666667,6.77272727272727,7.24782608695652,58,56,18,22,92,7360,4855,2505,590,2323,5037,7.39668154619565,7.64104098867147,6.92308270658683,6.91442372881356,7.42126603529918,7.38534349414334,77
"79",2010,8,7.22616822429907,107,7.60833333333333,6.73829787234043,6.40909090909091,7.3,7.19871794871795,60,47,11,29,78,7467,4915,2552,601,2352,5115,7.39423813847596,7.64064170905392,6.91967953761756,6.90517470881864,7.41977083333333,7.38249759139785,78
"80",2010,9,7.297,100,7.4962962962963,7.06304347826087,6.75,7.125,7.34,54,46,12,20,80,7567,4969,2598,613,2372,5195,7.39295310955464,7.63907305292815,6.92221792917629,6.90213703099511,7.41728541315346,7.38184315303176,79
"81",2010,10,7.23076923076923,104,7.571875,6.685,6.95833333333333,7.45,7.14189189189189,64,40,12,30,74,7671,5033,2638,625,2402,5269,7.39075429279103,7.63821855752037,6.91862099317665,6.903216,7.41769400499583,7.37847317897134,80
"82",2010,11,7.02062937062937,143,7.38356164383562,6.64214285714286,6.56666666666667,6.70921052631579,7.13333333333333,73,70,18,38,105,7814,5106,2708,643,2440,5374,7.38398082672127,7.63457775166471,6.91147421713442,6.89379471228616,7.40666024590164,7.37368350949014,81
"83",2010,12,7.17475,160,7.62367816091954,6.63972602739726,6.73125,7.00208333333333,7.20522058823529,87,73,16,24,136,7974,5193,2781,659,2464,5510,7.37978256583897,7.63439514731369,6.90434094929882,6.88984825493171,7.40271956168831,7.36952544101633,82
"84",2011,1,7.12272727272727,165,7.36612903225806,6.80833333333333,6.76470588235294,7.04838709677419,7.13992537313433,93,72,17,31,134,8139,5286,2853,676,2495,5644,7.37457134537412,7.62967536889898,6.90191804416404,6.88670118343195,7.39831703406813,7.36407427002126,83
"85",2011,2,7.19704,125,7.53915492957746,6.74722222222222,6.78125,7.07371428571429,7.245,71,54,16,35,90,8264,5357,2907,692,2530,5734,7.37188603339787,7.62847563935038,6.8990444375645,6.88426300578035,7.39382648221344,7.36220529822114,84
"86",2011,3,7.06625,120,7.54375,6.52053571428571,6.495,6.98,7.095,64,56,20,30,90,8384,5421,2963,712,2560,5824,7.36751147185114,7.62747537354732,6.8918907121161,6.87332865168539,7.388976953125,7.35807609546703,85
"87",2011,4,7.24174757281553,103,7.62413793103448,6.74888888888889,6.58,7.39090909090909,7.20123456790123,58,45,10,22,81,8487,5479,3008,722,2582,5905,7.36598517497349,7.62744004380361,6.88975138962766,6.86926592797784,7.38899341595662,7.35592467061812,86
"88",2011,5,7.15362903225806,124,7.6387323943662,6.50377358490566,6.73846153846154,7.3109375,7.09891304347826,71,53,13,32,92,8611,5550,3061,735,2614,5997,7.36292720706073,7.62758450450451,6.88306833714473,6.86695238095238,7.38803787299158,7.35198185426047,87
"89",2011,6,7.08590909090909,110,7.475,6.405,6.22666666666667,6.9969696969697,7.12402597402597,70,40,15,33,77,8721,5620,3101,750,2647,6074,7.35943311317509,7.62568398576513,6.87690170267656,6.85414666666667,7.3831624480544,7.34909206124465,88
"90",2011,7,7.28873873873874,111,7.70483870967742,6.76224489795918,6.46111111111111,7.24166666666667,7.30617283950617,62,49,18,30,81,8832,5682,3150,768,2677,6155,7.35854463088768,7.62654769447378,6.87511815238096,6.84493489583333,7.38157676503549,7.34852724289196,89
"91",2011,8,7.13218852459016,122,7.41656451612903,6.83833333333333,6.585,7.20384848484848,7.10561797752809,62,60,20,33,89,8954,5744,3210,788,2710,6244,7.35546048469957,7.62428116295265,6.87443058566978,6.83833756345178,7.37941254612546,7.34506489109545,90
"92",2011,9,7.01951219512195,82,7.19528301886792,6.69827586206897,6.71875,6.86458333333333,7.08362068965517,53,29,8,24,58,9036,5797,3239,796,2734,6302,7.35241181717574,7.62035897878213,6.87285340537203,6.83713567839196,7.37489319678127,7.34265870834656,91
"93",2011,10,7.12183486238532,109,7.41238095238095,6.72391304347826,6.52142857142857,6.7304347826087,7.22651162790698,63,46,14,23,86,9145,5860,3285,810,2757,6388,7.34966355166757,7.61812303754266,6.8707677869102,6.83167901234568,7.36951686615887,7.34109505009393,92
"94",2011,11,7.27062937062937,143,7.68475609756098,6.71393442622951,6.53571428571429,7.14,7.30530973451327,82,61,14,30,113,9288,5942,3346,824,2787,6501,7.3484467248062,7.61904257825648,6.867908601315,6.82665048543689,7.36704628632939,7.34047303184126,93
"95",2011,12,7.17706766917293,133,7.44176470588235,6.70833333333333,6.79090909090909,7.22142857142857,7.1652380952381,85,48,11,28,105,9421,6027,3394,835,2815,6606,7.34602729858826,7.61654239256678,6.86565179139658,6.82617964071856,7.36559786856128,7.33768773539207,94
"96",2012,1,6.93923076923077,130,7.38684210526316,6.30925925925926,6.92666666666667,7.375,6.81960784313725,76,54,15,28,102,9551,6103,3448,850,2843,6708,7.34049033399644,7.61368195969196,6.85693798723898,6.82795294117647,7.36569046781569,7.32980995527728,95
"97",2012,2,7.06581632653061,98,7.29821428571429,6.75595238095238,6.67307692307692,6.67857142857143,7.17142857142857,56,42,13,21,77,9649,6159,3490,863,2864,6785,7.33770060938957,7.61081360610489,6.85572268767909,6.82561993047509,7.36065223463687,7.3280125541636,96
"98",2012,3,7.2,104,7.55593220338983,6.73333333333333,6.46153846153846,6.66666666666667,7.28988764044944,59,45,13,15,89,9753,6218,3535,876,2879,6874,7.33623225469086,7.61029285944034,6.85416469024045,6.82021689497717,7.35703647099687,7.32751893802735,97
"99",2012,4,7.12184466019418,103,7.34435483870968,6.78536585365854,6.08,7.1952380952381,7.10304878048781,62,41,10,21,82,9856,6280,3576,886,2900,6956,7.33399179991883,7.6076673566879,6.85337588926175,6.81186230248307,7.35586482758621,7.32487279758482,98
"100",2012,5,7.23641304347826,92,7.56818181818182,6.74324324324324,6.59090909090909,6.965,7.31180555555556,55,37,11,20,72,9948,6335,3613,897,2920,7028,7.33308938279051,7.60732454617206,6.85224804317742,6.80915273132664,7.35318767123288,7.32473892714855,99
"101",2012,6,7.15161290322581,93,7.716,6.4953488372093,6.49,7.16470588235294,7.14868421052632,50,43,20,17,76,10041,6385,3656,917,2937,7104,7.33140854297381,7.60817556773688,6.84805037746171,6.8021919302072,7.35209669731018,7.3228554588964,100
"102",2012,7,7.3165306122449,98,7.57894736842105,6.95170731707317,6.79166666666667,7.22222222222222,7.33775,57,41,12,18,80,10139,6442,3697,929,2955,7184,7.33126473813986,7.60791695125737,6.84919994049229,6.80205597416577,7.35130558375634,7.32302132238307,101
"103",2012,8,7.21981132075472,106,7.3198275862069,7.09895833333333,6.85333333333333,6.756,7.36296296296296,58,48,15,25,81,10245,6500,3745,944,2980,7265,7.33011158418741,7.60534630769231,6.85240111615488,6.80287076271186,7.34631140939597,7.32346664556091,102
"104",2012,9,7.12096774193548,93,7.421875,6.8,6.93846153846154,7.32142857142857,7.0625,48,45,13,21,72,10338,6548,3790,957,3001,7337,7.32823013929193,7.60400137446549,6.85177893931399,6.80471264367816,7.34613728757081,7.32090570805507,103
"105",2012,10,7.16277372262774,137,7.50625,6.86164383561644,7.03,7.04857142857143,7.20196078431373,64,73,25,35,102,10475,6612,3863,982,3036,7439,7.32606617470167,7.60305520266183,6.85196535852964,6.81044806517312,7.34270685111989,7.3192747923108,104
"106",2012,11,7.09818181818182,110,7.29508196721311,6.8530612244898,6.63333333333333,7.3125,7.03837209302326,61,49,6,24,86,10585,6673,3912,988,3060,7525,7.323697985829,7.60023992207403,6.85197908486708,6.80937246963563,7.34246993464052,7.31606447574751,105
"107",2012,12,7.22421875,128,7.54594594594595,6.78333333333333,6.73333333333333,6.903125,7.33125,74,54,15,32,96,10713,6747,3966,1003,3092,7621,7.32250939792775,7.59964443456351,6.85104442259203,6.80823529411765,7.33792302716688,7.31625576433539,106
"108",2013,1,7.12777777777778,144,7.45842696629213,6.59272727272727,6.89285714285714,6.95833333333333,7.18425925925926,89,55,14,36,108,10857,6836,4021,1017,3128,7729,7.31992660771852,7.59780588063195,6.84751111166377,6.80940019665683,7.33355434782609,7.31441133134946,107
"109",2013,2,7.11047619047619,105,7.51875,6.76666666666667,6.85,7.51363636363636,7.00361445783133,48,57,23,22,83,10962,6884,4078,1040,3150,7812,7.31792037766831,7.5972546484602,6.84638111329083,6.81029807692308,7.33481206349206,7.3111092140297,108
"110",2013,3,7.18103076923077,130,7.5281975308642,6.60714285714286,6.825,7.46284615384615,7.11057692307692,81,49,10,26,104,11092,6965,4127,1050,3176,7916,7.31631600973675,7.59645154343145,6.84354062999758,6.8104380952381,7.33586020151133,7.30847463112683,109
"111",2013,4,7.18629032258065,124,7.40655737704918,6.97301587301587,6.75,7.03529411764706,7.21028037383178,61,63,18,17,107,11216,7026,4190,1068,3193,8023,7.31487849322397,7.59480287503558,6.84548739379475,6.80941947565543,7.33425994362668,7.30716504798704,110
"112",2013,5,7.36774193548387,124,7.58860759493671,6.98,7.04666666666667,7.228,7.4030303030303,79,45,15,25,99,11340,7105,4235,1083,3218,8122,7.31545654144621,7.59473399014779,6.84691668949233,6.8127054478301,7.3334344313238,7.30833356069934,111
"113",2013,6,7.13666666666667,105,7.26102941176471,6.90810810810811,6.51,7.14090909090909,7.1355421686747,68,37,10,22,83,11445,7173,4272,1093,3240,8205,7.31381626736566,7.59157047260561,6.84744667134832,6.80993595608417,7.33212716049383,7.30658564046314,112
"114",2013,7,7.2837962962963,108,7.52142857142857,6.95111111111111,7.08695652173913,7.42592592592593,7.23641975308642,63,45,23,27,81,11553,7236,4317,1116,3267,8286,7.31353563403445,7.59095978441128,6.84852725967107,6.81564516129032,7.33290235690236,7.30589973207821,113
"115",2013,8,7.30571428571429,119,7.55298507462687,6.98711538461538,6.83125,7.11809523809524,7.34591836734694,67,52,16,21,98,11672,7303,4369,1132,3288,8384,7.31345589273475,7.5906113925784,6.85017674067292,6.81586572438163,7.3315304136253,7.30636750715649,114
"116",2013,9,7.16126126126126,111,7.37413793103448,6.92830188679245,6.98823529411765,6.96315789473684,7.20217391304348,58,53,17,19,92,11783,7361,4422,1149,3307,8476,7.31202216583213,7.58890571933162,6.85111311171416,6.81841601392515,7.32941397036589,7.30523657149599,115
"117",2013,10,7.26507936507937,126,7.588,6.79019607843137,6.68666666666667,6.82666666666667,7.32432432432432,75,51,15,15,111,11909,7436,4473,1164,3322,8587,7.31152550004199,7.58889658418505,6.85041855130785,6.81671821305842,7.32714388922336,7.30548330965413,116
"118",2013,11,7.3,145,7.71625,6.78769230769231,6.6,7,7.3595041322314,80,65,12,24,121,12054,7516,4538,1176,3346,8708,7.3113868574747,7.59025212879191,6.84952009255179,6.81450680272109,7.32479736999402,7.30623394350023,117
"119",2013,12,7.10846153846154,130,7.23227848101266,6.91666666666667,6.78571428571429,7.55681818181818,7.01712962962963,79,51,14,22,108,12184,7595,4589,1190,3368,8816,7.30922169894944,7.58652863726136,6.85026632817607,6.81416806722689,7.32631294536817,7.30269228448276,118
"120",2014,1,7.21461538461538,195,7.45140186915888,6.92670454545455,7.0547619047619,7.51842105263158,7.18181818181818,107,88,21,19,176,12379,7702,4677,1211,3387,8992,7.30773141449229,7.58465138924955,6.85170454992517,6.8183402146986,7.32739061116032,7.30032642126335,119
"121",2014,2,7.25652173913043,138,7.49710144927536,7.01594202898551,7.05882352941176,7.39852941176471,7.21009615384615,69,69,17,34,104,12517,7771,4746,1228,3421,9096,7.30716682751458,7.5838740187878,6.85409232616941,6.82166938110749,7.32809763227126,7.29929476473175,120
"122",2014,3,7.29024390243902,123,7.55416666666667,7.03888888888889,6.95,7.12608695652174,7.328,60,63,17,23,100,12640,7831,4809,1245,3444,9196,7.30700215031646,7.58364640531222,6.85651324183822,6.82342168674699,7.32674854819977,7.2996069138756,121
"123",2014,4,7.326,105,7.71272727272727,6.9006,7.1,7.13533333333333,7.35777777777778,55,50,18,15,90,12745,7886,4859,1263,3459,9286,7.30715866457434,7.58454666497591,6.85696690265487,6.82736342042755,7.32591847354727,7.3001707064398,122
"124",2014,5,7.23784946236559,93,7.72972972972973,6.91285714285714,6.97894736842105,7.50769230769231,7.194,37,56,19,13,80,12838,7923,4915,1282,3472,9366,7.30665658046425,7.58522466237537,6.85760369888098,6.82960998439938,7.32659907834101,7.29926384582533,123
"125",2014,6,7.2012987012987,77,7.67,6.69459459459459,6.82727272727273,7.44444444444444,7.1271186440678,40,37,11,18,59,12915,7963,4952,1293,3490,9425,7.30602843050716,7.58565050860229,6.85638573909532,6.82959010054138,7.32720687679083,7.2981862259947,124
"126",2014,7,7.14368932038835,103,7.41372549019608,6.87884615384615,7.25,6.976,7.1974358974359,51,52,16,25,78,13018,8014,5004,1309,3515,9503,7.30474398371486,7.58455640129773,6.85661914068745,6.83472880061115,7.32470896159317,7.2973592739135,125
"127",2014,8,7.16340659340659,91,7.41744680851064,6.89204545454545,6.96875,7.510625,7.08933333333333,47,44,8,16,75,13109,8061,5048,1317,3531,9578,7.30376284842475,7.58358206177894,6.85692792789223,6.83554290053151,7.32555140186916,7.29573033827522,126
"128",2014,9,7.1835,100,7.52708333333333,6.86634615384615,7.15833333333333,7.11111111111111,7.19939024390244,48,52,12,18,82,13209,8109,5100,1329,3549,9660,7.30285238700886,7.58324762609447,6.85702395686275,6.83845748683221,7.32446379261764,7.29491254451346,127
"129",2014,10,7.50903225806452,124,7.93569230769231,7.03898305084746,7.065,7.32222222222222,7.54075471698113,65,59,20,18,106,13333,8174,5159,1349,3567,9766,7.30476990774769,7.58605028137999,6.85910490017445,6.84181616011861,7.32445248107653,7.29758091132501,128
"130",2014,11,7.18114285714286,105,7.48490566037736,6.87153846153846,6.77142857142857,6.80571428571429,7.275,53,52,14,21,84,13438,8227,5211,1363,3588,9850,7.30380392766781,7.5853986872493,6.85922897332566,6.84109317681585,7.32141638795986,7.29738834314721,129
"131",2014,12,7.42327586206897,116,7.709375,7.07115384615385,7.43571428571429,7.51944444444444,7.40561224489796,64,52,14,18,98,13554,8291,5263,1377,3606,9948,7.30482641139147,7.5863556868894,6.86132285388562,6.84713870733479,7.3224048807543,7.29845448130278,130
"132",2015,1,7.24433333333333,150,7.65067567567568,6.84868421052632,6.80833333333333,7.246,7.244,74,76,24,25,125,13704,8365,5339,1401,3631,10073,7.30416427174548,7.58692468619247,6.86114294437161,6.84647394718059,7.32187882126136,7.2977787332473,131
"133",2015,2,7.20743801652893,121,7.62352941176471,6.90428571428571,7.1,7.01333333333333,7.23490566037736,51,70,23,15,106,13825,8416,5409,1424,3646,10179,7.30331769837251,7.587146506654,6.86170127195415,6.85056882022472,7.32060943499726,7.29712399842814,132
"134",2015,3,7.23893442622951,122,7.70564516129032,6.75666666666667,6.44117647058824,6.64285714285714,7.36287128712871,62,60,17,21,101,13947,8478,5469,1441,3667,10280,7.30275451208145,7.58801309271055,6.86054894496252,6.84573907009021,7.31672811562585,7.29776995914397,133
"135",2015,4,7.32008403361344,119,7.73611111111111,6.97446153846154,7.38888888888889,7.41111111111111,7.29336956521739,54,65,9,27,92,14066,8532,5534,1450,3694,10372,7.30290112185412,7.58895042194093,6.86188691362486,6.84911034482759,7.31741797509475,7.29773092749711,134
"136",2015,5,7.16309278350515,97,7.60672727272727,6.58214285714286,6.66666666666667,7.08823529411765,7.179,55,42,9,17,80,14163,8587,5576,1459,3711,10452,7.30194359810775,7.58906428321882,6.85977980272597,6.84798492117889,7.31636809485314,7.29682215652507,135
"137",2015,6,7.23772727272727,110,7.42403846153846,7.07068965517241,6.77272727272727,6.83611111111111,7.31630434782609,52,58,11,18,92,14273,8639,5634,1470,3729,10544,7.30144869193582,7.58807095728673,6.86195104366347,6.84742176870748,7.31404987932421,7.29699214529591,136
"138",2015,7,7.31470588235294,102,7.57142857142857,7.07735849056604,7.30666666666667,6.8625,7.39883720930233,49,53,15,16,86,14375,8688,5687,1485,3745,10630,7.30154276034783,7.58797709484347,6.86395853349745,6.85206060606061,7.31212069425901,7.29781610348072,137
"139",2015,8,7.19198113207547,106,7.50357142857143,6.843,7.03928571428571,7.50526315789474,7.1235632183908,56,50,14,19,87,14481,8744,5737,1499,3764,10717,7.30074077618949,7.58743652790485,6.86377587240718,6.85380920613742,7.31309564293305,7.29640152841281,138
"140",2015,9,7.275,106,7.653125,6.96206896551724,6.6375,7.72947368421053,7.17574712643678,48,58,16,19,87,14587,8792,5795,1515,3783,10804,7.30055372454926,7.58779515468608,6.86475965142364,6.85152475247525,7.31518688871266,7.29542995001852,139
"141",2015,10,7.22276785714286,112,7.45727272727273,6.99649122807018,7.36923076923077,6.99615384615385,7.29127906976744,55,57,13,26,86,14699,8847,5852,1528,3809,10890,7.29996103000204,7.58698372329604,6.86604275119617,6.85592931937173,7.31300918876345,7.29539716988063,140
"142",2015,11,7.21033333333333,150,7.3734375,7.08895348837209,7.35238095238095,6.9925,7.24384615384615,64,86,21,20,130,14849,8911,5938,1549,3829,11020,7.29905563876355,7.58545000561104,6.86927116537555,6.86265978050355,7.31133507443196,7.29478903629764,141
"143",2015,12,7.14089171974522,157,7.41111111111111,6.912,7.22222222222222,7.38071428571429,7.08883720930233,72,85,18,28,129,15006,8983,6023,1567,3857,11149,7.29740085165934,7.58405265501503,6.86987417898057,6.86679004467135,7.31183873476795,7.29240606153019,142
"144",2016,1,7.26301369863014,146,7.45902777777778,7.0722972972973,7.34615384615385,6.89285714285714,7.3252,72,74,13,21,125,15152,9055,6097,1580,3878,11274,7.29706950765575,7.58305853119824,6.8723310119731,6.87073417721519,7.30956988138215,7.29276966294128,143
"145",2016,2,7.47920792079208,101,7.69803921568627,7.256,6.33,7.53636363636364,7.47222222222222,51,50,10,11,90,15253,9106,6147,1590,3889,11364,7.29827556415131,7.58370250384362,6.87545179437124,6.86733333333333,7.31021136538956,7.29419088173179,144
"146",2016,3,7.13953846153846,130,7.51875,6.85256756756757,6.65384615384615,6.85952380952381,7.19348623853211,56,74,13,21,109,15383,9162,6221,1603,3910,11473,7.29693409477995,7.58330550098232,6.87517958206076,6.86560199625702,7.30779079283887,7.29323413056742,145
"147",2016,4,7.24893023255814,86,7.45128205128205,7.08102127659574,6.80830769230769,7.57105882352941,7.1695652173913,39,47,13,17,69,15469,9201,6268,1616,3927,11542,7.29666721701467,7.58274589718509,6.87672306636886,6.86514108910891,7.30893048128342,7.2924948171894,146
"148",2016,5,7.15798319327731,119,7.43879310344828,6.89098360655738,6.93928571428571,7.56666666666667,7.09903846153846,58,61,14,15,104,15588,9259,6329,1630,3942,11646,7.29560849243007,7.58184415163625,6.87686051192921,6.86577791411043,7.30991121258244,7.29076723166753,147
"149",2016,6,7.176,100,7.55263157894737,6.94516129032258,6.9,7.45714285714286,7.13023255813953,38,62,20,14,86,15688,9297,6391,1650,3956,11732,7.29484607215706,7.58172474991933,6.87752310749491,6.86619272727273,7.31043225480283,7.28959045175588,148
"150",2016,7,7.12772277227723,101,7.56595744680851,6.7462962962963,6.8125,6.76666666666667,7.1906976744186,47,54,8,15,86,15789,9344,6445,1658,3971,11818,7.29377700804357,7.58164544092466,6.8764236121024,6.86593365500603,7.30837824225636,7.28887080555086,149
"151",2016,8,7.36943396226415,106,7.52086956521739,7.25333333333333,6.83333333333333,6.77777777777778,7.42432989690722,46,60,12,9,97,15895,9390,6505,1670,3980,11915,7.29428154639824,7.58134771033014,6.87990010453497,6.8656994011976,7.3071783919598,7.28997357784306,150
"152",2016,9,7.02548672566372,113,7.41296296296296,6.67084745762712,6.61083333333333,7.58333333333333,6.94010204081633,54,59,12,15,98,16008,9444,6564,1682,3995,12013,7.29238413168416,7.58038490046591,6.8780210511883,6.86388109393579,7.30821526908636,7.28711938566553,151
"153",2016,10,7.17053571428571,112,7.49426229508197,6.78333333333333,6.86363636363636,7.46666666666667,7.12474226804124,61,51,11,15,97,16120,9505,6615,1693,4010,12110,7.29153754218362,7.57983219358233,6.87729103250189,6.86387950383934,7.30880798004987,7.28581875970273,152
"154",2016,11,7.14929104477612,134,7.58536764705882,6.7,7.08823529411765,6.6375,7.26095454545455,68,66,17,24,110,16254,9573,6681,1710,4034,12220,7.29036484434601,7.57987151363209,6.87553961682383,6.86610994152047,7.3048140803173,7.2855949410802,153
"155",2016,12,7.16904761904762,126,7.48416666666667,6.88257575757576,6.590625,7.15,7.17307692307692,60,66,16,22,104,16380,9633,6747,1726,4056,12324,7.28943163492063,7.57927540745355,6.87560844523492,6.86355619930475,7.30397435897436,7.28464542194093,154
"156",2017,1,7.30373417721519,158,7.65,6.966125,6.85190476190476,7.20777777777778,7.31607142857143,78,80,21,18,140,16538,9711,6827,1747,4074,12464,7.28956827790543,7.57984347646999,6.87666913431961,6.86341614195764,7.30354933726067,7.28499840982029,155
"157",2017,2,7.28598484848485,132,7.62452830188679,7.05886075949367,6.6025,7.30357142857143,7.28389830508475,53,79,20,14,118,16670,9764,6906,1767,4088,12582,7.28953990281944,7.58008603031545,6.87875328410078,6.86046293152235,7.30354941291585,7.28498809251312,156
"158",2017,3,7.08072727272727,110,7.6175,6.59948275862069,6.25,7.43333333333333,7.03755102040816,52,58,8,12,98,16780,9816,6964,1775,4100,12680,7.2881710476758,7.58028422982886,6.87642736645606,6.85771154929577,7.30392926829268,7.28307572397477,157
"159",2017,4,7.31655172413793,116,7.52732142857143,7.11983333333333,7,7.21538461538462,7.32932038834951,56,60,8,13,103,16896,9872,7024,1783,4113,12783,7.28836589607008,7.57998379254458,6.87850657460137,6.85834997195737,7.30364940432774,7.28344834389424,158
"160",2017,5,7.26333333333333,129,7.60904761904762,6.93333333333333,6.63636363636364,7.16214285714286,7.27565217391304,63,66,11,14,115,17025,9935,7090,1794,4127,12898,7.28817622202643,7.58016809260192,6.8790169506347,6.85698885172798,7.30316937242549,7.28337883237712,159
"161",2017,6,7.18372549019608,102,7.57375,6.83703703703704,7.47777777777778,7.025,7.20488888888889,48,54,9,12,90,17127,9983,7144,1803,4139,12988,7.28755416476908,7.58013723329661,6.87869963325868,6.8600876317249,7.30236288958685,7.28283493840468,160
"162",2017,7,6.92747747747748,111,7.363,6.57049180327869,7,7.11363636363636,6.907,50,61,11,11,100,17238,10033,7205,1814,4150,13088,7.28523553660518,7.57905511811024,6.87609024011103,6.86093605292172,7.30186265060241,7.27996333893643,161
"163",2017,8,7.16371681415929,113,7.625,6.71052631578947,6.79,7.625,7.06451612903226,56,57,10,20,93,17351,10089,7262,1824,4170,13181,7.28444413463201,7.57931013975617,6.87479071605618,6.8605471491228,7.30341247002398,7.27844322737274,162
"164",2017,9,7.28878504672897,107,7.45294117647059,7.13928571428571,7.2,7.31111111111111,7.28673469387755,51,56,10,9,98,17458,10140,7318,1834,4179,13279,7.28447074006186,7.57867455621302,6.87681472806778,6.86239803707742,7.30342905001196,7.27850441900746,163
"165",2017,10,7.18362831858407,113,7.603125,6.87384615384615,6.4125,6.90133333333333,7.22683673469388,48,65,8,15,98,17571,10188,7383,1842,4194,13377,7.28382221728985,7.57878975265018,6.87678859271299,6.860444082519,7.30199093943729,7.27812590117366,164
"166",2017,11,7.02327586206897,116,7.33653846153846,6.76875,6.63076923076923,6.55555555555556,7.10918367346939,52,64,13,18,98,17687,10240,7447,1855,4212,13475,7.28211342681065,7.5775595703125,6.87586010205452,6.85883450134771,7.29880104463438,7.27689723042672,165
"167",2017,12,7.09285714285714,91,7.44473684210526,6.84056603773585,7.31111111111111,7.17857142857143,7.07727272727273,38,53,9,14,77,17778,10278,7500,1864,4226,13552,7.28114468331646,7.57706849581631,6.87561069066667,6.86101824034334,7.29840274491244,7.27576300029516,166
"168",2018,1,7.09006849315069,146,7.32345679012346,6.79923076923077,6.81,7.75909090909091,7.03555555555556,81,65,10,11,135,17924,10359,7565,1874,4237,13687,7.27958827159116,7.57508543295685,6.87495441903503,6.86074599786553,7.29959877271654,7.27339374442902,167
"169",2018,2,6.85565217391304,92,7.30657894736842,6.53833333333333,6.57909090909091,6.60909090909091,6.88913580246914,38,54,11,11,81,18016,10397,7619,1885,4248,13768,7.27742341141208,7.57410406848129,6.87256860217876,6.8591023872679,7.29781073446327,7.27113307524695,168
"170",2018,3,7.00570300884956,113,7.23857433962264,6.8,6.57142857142857,6.99333333333333,7.00759632653061,53,60,14,15,98,18129,10450,7679,1899,4263,13866,7.27572974902091,7.57240233875598,6.87200158614403,6.85698156924697,7.29673938540933,7.2692704904082,169
"171",2018,4,7.2945,100,7.64021739130435,7,6.702,7.46666666666667,7.26411764705882,46,54,15,15,85,18229,10496,7733,1914,4278,13951,7.27583271819628,7.5726995464939,6.87289540669856,6.85576698014629,7.29733520336606,7.26923909540535,170
"172",2018,5,6.94468085106383,94,7.30571428571429,6.73050847457627,6.8,7.05,6.93214285714286,35,59,8,10,84,18323,10531,7792,1922,4288,14035,7.27413385471811,7.57181221536417,6.87181727156057,6.85553485952133,7.29675839552239,7.26722156180976,171
"173",2018,6,7.178125,80,7.39222222222222,6.90285714285714,6.5,7.88636363636364,7.06521739130435,45,35,8,11,69,18403,10576,7827,1930,4299,14104,7.2737164929631,7.57104807488654,6.87195607256931,6.85406113989637,7.29826703884624,7.26623331111742,172
"174",2018,7,7.12955819277108,83,7.57447146341463,6.6952380952381,6.2,7.3,7.10621,41,42,5,10,73,18486,10617,7869,1935,4309,14177,7.27306923888348,7.57106129509278,6.87101285805058,6.85237105943152,7.2982710605709,7.26540932143613,173
"175",2018,8,7.31255102040816,98,7.67954545454545,7.01351851851852,6.81818181818182,7.426875,7.29024390243902,44,54,11,16,82,18584,10661,7923,1946,4325,14259,7.2732774402712,7.57150903010975,6.87198411965165,6.85217780061665,7.29874682080925,7.26555213899993,174
"176",2018,9,6.9843,100,7.32733333333333,6.70363636363636,6.71428571428571,7.178,6.96277777777778,45,55,14,10,90,18684,10706,7978,1960,4335,14349,7.27173078302291,7.57048269848683,6.87082353722737,6.85119285714286,7.29846828143022,7.26365307338491,175
"177",2018,10,7.04113423423423,111,7.33392545454545,6.75357142857143,6.83333333333333,7.0319125,7.04367816091954,55,56,12,24,87,18795,10761,8034,1972,4359,14436,7.27036891992551,7.56927364278413,6.87000624595469,6.85108417849898,7.2970006652902,7.26232737254087,176
"178",2018,11,7.15340776699029,103,7.76132075471698,6.50902,6.375,6.8325,7.21242528735632,53,50,10,16,87,18898,10814,8084,1982,4375,14523,7.26973144512647,7.57021487608656,6.86777352548243,6.84868213925328,7.29530192,7.26202843420781,177
"179",2018,12,7.16752577319588,97,7.47755555555556,6.89923076923077,7.125,6.76875,7.2462962962963,45,52,4,16,81,18995,10859,8136,1986,4391,14604,7.26920952092656,7.56983089326826,6.86797457964602,6.84923867069486,7.29338326121612,7.26194117707478,178
"180",2019,1,7.056537,120,7.36514523076923,6.69181818181818,6.20666666666667,7.07857142857143,7.05362679245283,65,55,15,14,106,19115,10924,8191,2001,4405,14710,7.2678744070102,7.56861297235445,6.86679174459773,6.84442178910545,7.29270054483541,7.26044006730116,179
"181",2019,2,7.36924752475247,101,7.5711,7.23688524590164,7.29,7.36,7.37026373626374,40,61,15,10,91,19216,10964,8252,2016,4415,14801,7.26840722783097,7.56862204578621,6.86952753029568,6.8477371031746,7.29285297848244,7.26111528883184,180
"182",2019,3,7.06038834951456,103,7.39977272727273,6.80728813559322,7.26923076923077,7.34444444444444,7.00023529411765,44,59,13,18,85,19319,11008,8311,2029,4433,14886,7.26729816708939,7.5679471393532,6.86908569125255,6.85043765401676,7.29306246334311,7.25962564758834,181
"183",2019,4,7.13964915789474,95,7.35957446808511,6.924305625,6.58333333333333,7.30909090909091,7.11746035714286,47,48,12,11,84,19414,11055,8359,2041,4444,14970,7.26667353250232,7.5670612492085,6.86940278143318,6.84886722195002,7.29310213771377,7.25882792651971,182
"184",2019,5,7.36449438202247,89,7.54731707317073,7.20833333333333,7.20833333333333,7.36571428571429,7.36426666666667,41,48,12,14,75,19503,11096,8407,2053,4458,15045,7.26711992821617,7.56698829397981,6.87133791483288,6.85096833901607,7.29333017048003,7.25935354336989,183
"185",2019,6,7.07761904761905,84,7.54342857142857,6.74489795918367,6.42307692307692,7.45,7.0272972972973,35,49,13,10,74,19587,11131,8456,2066,4468,15119,7.26630724255884,7.56691421345791,6.87060523297067,6.84827589545014,7.29368081915846,7.25821774323699,184
"186",2019,7,6.98707865168539,89,7.49189189189189,6.62788461538462,6.07142857142857,7.46,6.89121621621622,37,52,7,15,74,19676,11168,8508,2073,4483,15193,7.26504421427119,7.56666566171203,6.86912175011754,6.8456526772793,7.29423731875976,7.25643020206674,185
"187",2019,8,7.23375,96,7.56625,6.90125,6.8,7.61764705882353,7.15113924050633,48,48,10,17,79,19772,11216,8556,2083,4500,15272,7.26489226987659,7.56666388284593,6.86930199275362,6.8454335093615,7.29545908888889,7.25588554609744,186
"188",2019,9,6.93908045977012,87,7.24305555555556,6.72450980392157,6.5,7.45625,6.82253521126761,36,51,9,16,71,19859,11252,8607,2092,4516,15343,7.26346492572637,7.56562852026306,6.8684440397351,6.84394741873805,7.29602876439327,7.2538802098677,187
"189",2019,10,7.32735632183908,87,7.59512195121951,7.08869565217391,7.05555555555556,7.05555555555556,7.35871794871795,41,46,9,9,78,19946,11293,8653,2101,4525,15421,7.26374360573549,7.56573559815815,6.86961491390269,6.84485387910519,7.29555047513812,7.25441048310745,188
"190",2019,11,6.82265957446809,94,7.102,6.50522727272727,5.61857142857143,6.10375,6.88953488372093,50,44,7,8,86,20040,11343,8697,2108,4533,15507,7.26167464870259,7.56369144935202,6.86777139818328,6.84078178368121,7.29344714317229,7.25238692590443,189
"191",2019,12,7.29368421052632,95,7.57727272727273,7.04901960784314,6.73636363636364,6.91428571428571,7.32386363636364,44,51,11,7,88,20135,11387,8748,2119,4540,15595,7.2618256746958,7.56374392816369,6.86882805784179,6.8402397357244,7.29286253303965,7.2527902571337,190
"192",2020,1,7.05095864661654,133,7.37084745762712,6.79591216216216,7.15454545454545,7.22954545454545,7.01556306306306,59,74,11,22,111,20268,11446,8822,2130,4562,15706,7.2604419508585,7.5627496164599,6.86821643051462,6.84186291079812,7.29255718982902,7.25111368648924,191
"193",2020,2,6.94256198347107,121,7.15754385964912,6.75109375,6.28571428571429,6.26923076923077,7.02361111111111,57,64,14,13,108,20389,11503,8886,2144,4575,15814,7.25855546912551,7.56074172911414,6.86737287305874,6.83823134328358,7.28964937704918,7.24955998229417,192
"194",2020,3,7.34944444444444,90,7.65227272727273,7.05978260869565,6.71428571428571,7.06875,7.41013513513514,44,46,14,16,74,20479,11547,8932,2158,4591,15888,7.25895490307144,7.56109050922317,6.8683637875056,6.83742724745134,7.28887952515792,7.25030787764351,193
"195",2020,4,7.05701754385965,114,7.55510204081633,6.68153846153846,6.21666666666667,6.22,7.18383838383838,49,65,12,15,99,20593,11596,8997,2170,4606,15987,7.25783700577866,7.56106520438082,6.86701404357008,6.83399447004608,7.28539858879722,7.24989626321386,194
"196",2020,5,7.07469387755102,98,7.17125,6.982,6.6875,6.83,7.13354430379747,48,50,8,19,79,20691,11644,9047,2178,4625,16066,7.25696957421101,7.55945827121264,6.86764953575771,6.83345638200184,7.28352776216216,7.24932413544131,195
"197",2020,6,7.30713452631579,95,7.54081632653061,7.05821260869565,7.5,7.13636363636364,7.32949738095238,49,46,9,11,84,20786,11693,9093,2187,4636,16150,7.25719884730107,7.55938015137261,6.86861356318047,6.83619935985368,7.28317858067299,7.24974113560372,196
"198",2020,7,6.9986170212766,94,7.51851063829787,6.47872340425532,6.36363636363636,7.03571428571429,6.992125,47,47,11,14,80,20880,11740,9140,2198,4650,16230,7.25603473371647,7.55921653407155,6.86660865754923,6.83383439490446,7.28243352688172,7.24847130868762,197
"199",2020,8,7.12901234567901,81,7.42659574468085,6.71764705882353,6.9625,7.23,7.11478873239437,47,34,8,10,71,20961,11787,9174,2206,4660,16301,7.25554387863175,7.55868771612794,6.86605658709396,6.83430099728014,7.28232100858369,7.24788904607079,198
"200",2020,9,7.01617647058824,68,7.321875,6.74444444444444,7,7.75,6.99393939393939,32,36,3,2,66,21029,11819,9210,2209,4662,16367,7.25476985306006,7.55804654454692,6.86558123018458,6.83452602987777,7.28252164307164,7.24686499297367,199
"201",2020,10,7.26315789473684,95,7.53191489361702,7,6.92142857142857,6.81111111111111,7.31046511627907,47,48,14,9,86,21124,11866,9258,2223,4671,16453,7.25480757621663,7.55794303977751,6.86627815186865,6.83507332433648,7.28161333761507,7.24719743147147,200
"202",2020,11,7.13461538461539,104,7.48793103448276,6.68913043478261,7.2625,7.51176470588235,7.06091954022988,58,46,8,17,87,21228,11924,9304,2231,4688,16540,7.25421873186358,7.55760249161355,6.86540231405847,6.83660600627521,7.28244793088737,7.24621761426844,201
"203",2020,12,6.97,110,7.35160714285714,6.57425925925926,6.44444444444444,7.07333333333333,6.95368421052632,56,54,9,15,95,21338,11980,9358,2240,4703,16635,7.25275354953604,7.55663957512521,6.86372228360761,6.83503035714286,7.28178096959388,7.24454699969943,202
"204",2021,1,7.20413223140496,121,7.47301587301587,6.91206896551724,6.05555555555556,7.54615384615385,7.16296296296296,63,58,9,13,108,21459,12043,9416,2249,4716,16743,7.25247939046554,7.55620211824296,6.86402008602379,6.83191107158737,7.28250973282443,7.24402074538613,203
"205",2021,2,7.10052083333333,96,7.275,6.87619047619048,6.6,7.32142857142857,7.08314606741573,54,42,5,7,89,21555,12097,9458,2254,4723,16832,7.25180260913941,7.5549468554187,6.86407413089448,6.8313966282165,7.28256741477874,7.24317011288023,204
"206",2021,3,7.23941176470588,85,7.60833333333333,6.96836734693878,6.6,6.86363636363636,7.29527027027027,36,49,8,11,74,21640,12133,9507,2262,4734,16906,7.25175393900185,7.55510525921042,6.86461166824445,6.83057824933687,7.28159397972117,7.24339816278245,205
"207",2021,4,6.96642857142857,70,7.02432432432432,6.90151515151515,7.20555555555556,7.27777777777778,6.92049180327869,37,33,9,9,61,21710,12170,9540,2271,4743,16967,7.25083395854445,7.55349154560394,6.86473932180293,6.83206428885953,7.28158673835125,7.24223724524076,206
"208",2021,5,6.74430379746835,79,7.18709677419355,6.45833333333333,6.38181818181818,6.4,6.7830985915493,31,48,11,8,71,21789,12201,9588,2282,4751,17038,7.24899744091055,7.55256061880174,6.86270474864414,6.82989395267309,7.28010227320564,7.24032394295105,207
"209",2021,6,7.46923698795181,83,7.66907808510638,7.20833333333333,6.75,7.45833333333333,7.47107985915493,47,36,4,12,71,21872,12248,9624,2286,4763,17109,7.249833207297,7.55300773840627,6.86399762364921,6.82975415573053,7.28055131219819,7.24128154830791,208
"210",2021,7,6.97279411764706,68,7.40769230769231,6.38793103448276,6.33333333333333,7.19,6.93534482758621,39,29,3,10,58,21940,12287,9653,2289,4773,17167,7.24897456289882,7.55254649466916,6.86256740184399,6.82910353866317,7.2803615964802,7.24024791809868,209
"211",2021,8,7.15972222222222,72,7.45121951219512,6.7741935483871,6.83333333333333,7.33,7.13225806451613,41,31,3,10,62,22012,12328,9684,2292,4783,17229,7.24868262356896,7.55220950519143,6.86228450330442,6.82910907504363,7.28046537737822,7.23985930756283,210
"212",2021,9,7.1830985915493,71,7.60571428571429,6.77222222222222,7.125,7.5,7.13709677419355,35,36,4,9,62,22083,12363,9720,2296,4792,17291,7.24847176153602,7.55236097872685,6.86195093930041,6.82962456445993,7.28087769198665,7.23949083395987,211
"213",2021,10,6.96567567567568,74,7.49,6.62777777777778,5.91666666666667,6.61666666666667,7.03322580645161,29,45,6,12,62,22157,12392,9765,2302,4804,17353,7.24752727851243,7.55221504034861,6.86087180030722,6.82724500434405,7.27921854704413,7.23875387598686,212
"214",2021,11,6.92739726027397,73,7.13513513513514,6.71388888888889,6.8,7.1,6.89,37,36,10,13,60,22230,12429,9801,2312,4817,17413,7.24647601934323,7.55097343149087,6.86033191817161,6.82712716262976,7.27873487647914,7.23755217423764,213
"215",2021,12,6.95224719101124,89,7.18571428571429,6.80092592592593,6.57692307692308,6,7.03353658536585,35,54,13,7,82,22319,12464,9855,2325,4824,17495,7.24530274250639,7.54994775192555,6.86000640588534,6.82572817204301,7.27687933250415,7.23659594226922,214
"216",2022,1,7.2006902919708,137,7.6894285483871,6.79666666666667,6.98823529411765,8.04230769230769,7.11245620967742,62,75,17,13,124,22456,12526,9930,2342,4837,17619,7.24503057000356,7.55063814066741,6.85952800906344,6.82690777113578,7.27893651023362,7.23572226460072,215
"217",2022,2,7.10793103448276,87,7.37159090909091,6.83813953488372,6.96666666666667,6.48333333333333,7.1541975308642,44,43,6,6,81,22543,12570,9973,2348,4843,17700,7.24450146298186,7.55001140413683,6.85943578963201,6.82726490630324,7.27795083625852,7.23534918531074,216
"218",2022,3,7.18703125,64,7.81481481481481,6.72891891891892,7.25,7.495,7.1551724137931,27,37,4,6,58,22607,12597,10010,2352,4849,17758,7.24433876586898,7.55057897515281,6.85895335964036,6.82798384353741,7.27821940606311,7.23508731726546,217
"219",2022,4,7.03283582089552,67,7.440625,6.66,6.1,7.4125,6.98135593220339,32,35,5,8,59,22674,12629,10045,2357,4857,17817,7.24371379024434,7.55030036820017,6.85826014235938,6.82643954179041,7.27844058060531,7.23424709996071,218
"220",2022,5,7.00485294117647,68,7.24923076923077,6.85357142857143,6.71428571428571,7.75,6.99373134328358,26,42,7,1,67,22742,12655,10087,2364,4858,17884,7.24299958139126,7.54968181351245,6.8582406196094,6.82610744500846,7.27853764923837,7.23334604003579,219
"221",2022,6,6.86209677419355,62,7.24677419354839,6.47741935483871,6.25,7.01818181818182,6.82843137254902,31,31,2,11,51,22804,12686,10118,2366,4869,17935,7.24196397474128,7.54894161674287,6.85707384166831,6.82562045646661,7.2779494557404,7.23219462391971,220
"222",2022,7,6.93461538461538,65,7.30166666666667,6.62,5.56,7.69444444444444,6.8125,30,35,5,9,56,22869,12716,10153,2371,4878,17991,7.24109040535223,7.54835823765335,6.8562565872156,6.82295149725854,7.27871789667897,7.23088825412707,221
"223",2022,8,7.15,66,7.49666666666667,6.86111111111111,5.33333333333333,7.45714285714286,7.1135593220339,30,36,3,7,59,22935,12746,10189,2374,4885,18050,7.24082827468934,7.54823657225796,6.85627373932673,6.82106908171862,7.27897357215967,7.23050474127424,222
"224",2022,9,6.53496191780822,73,7.22885515151515,5.9625,5.88888888888889,6.00375,6.60034184615385,33,40,9,8,65,23008,12779,10229,2383,4893,18115,7.23858869523644,7.54741181391345,6.85277868120051,6.81754846831724,7.2768885959534,7.22824359922716,223
"225",2022,10,7.22978873239437,71,7.35551282051282,7.0765625,7.525,7.26,7.22483606557377,39,32,2,10,61,23079,12818,10261,2385,4903,18176,7.23856162312059,7.54682794273678,6.85347657440795,6.81814171907757,7.27685415052009,7.22823216329226,224
"226",2022,11,7.05888888888889,90,7.5,6.73653846153846,6.11428571428571,7.83333333333333,7.00357142857143,38,52,7,6,84,23169,12856,10313,2392,4909,18260,7.23786368423325,7.54668952784692,6.85288695142054,6.81608193979933,7.27753430433897,7.2271986746988,225
"227",2022,12,7.27121212121212,66,7.37878787878788,7.16363636363636,7,7.21428571428571,7.27796610169491,33,33,8,7,59,23235,12889,10346,2400,4916,18319,7.23795841187863,7.54625964543409,6.85387812971197,6.816695,7.27744424328723,7.22736218134178,226
