"","year","month","avg_rating","no_ratings","avg_rating_owned","avg_rating_not_owned","avg_rating_prev_owned","avg_rating_comment","avg_rating_no_comment","no_ratings_owned","no_ratings_not_owned","no_ratings_prev_owned","no_ratings_comment","no_ratings_no_comment","cum_no_ratings","cum_no_ratings_owned","cum_no_ratings_not_owned","cum_no_ratings_prev_owned","cum_no_ratings_comment","cum_no_ratings_no_comment","cum_avg_rating","cum_avg_rating_owned","cum_avg_rating_not_owned","cum_avg_rating_prev_owned","cum_avg_rating_comment","cum_avg_rating_no_comment","month_after_release"
"1",2001,5,5,1,5,NA,NA,NA,5,1,0,0,0,1,1,1,0,0,0,1,5,5,NA,NA,NA,5,0
"2",2001,6,7.57142857142857,7,7.57142857142857,NA,NA,7,7.8,7,0,0,2,5,8,8,0,0,2,6,7.25,7.25,NA,NA,7,7.33333333333333,1
"3",2001,7,7.8,5,8.25,6,NA,NA,7.8,4,1,0,0,5,13,12,1,0,2,11,7.46153846153846,7.58333333333333,6,NA,7,7.54545454545455,2
"4",2001,8,6.8,5,6.75,7,7,6.66666666666667,7,4,1,1,3,2,18,16,2,1,5,13,7.27777777777778,7.375,6.5,7,6.8,7.46153846153846,3
"5",2001,9,8.66666666666667,9,8.66666666666667,NA,NA,9.33333333333333,8.33333333333333,9,0,0,3,6,27,25,2,1,8,19,7.74074074074074,7.84,6.5,7,7.75,7.73684210526316,4
"6",2001,10,7.5,8,8,4,NA,7,8,7,1,0,4,4,35,32,3,1,12,23,7.68571428571429,7.875,5.66666666666667,7,7.5,7.78260869565217,5
"7",2001,11,8.26666666666667,15,8.26666666666667,NA,NA,8.5,8.18181818181818,15,0,0,4,11,50,47,3,1,16,34,7.86,8,5.66666666666667,7,7.75,7.91176470588235,6
"8",2001,12,8.33333333333333,6,8.33333333333333,NA,NA,8.5,8.25,6,0,0,2,4,56,53,3,1,18,38,7.91071428571429,8.0377358490566,5.66666666666667,7,7.83333333333333,7.94736842105263,7
"9",2002,1,7.77777777777778,9,8,7,NA,8,7.6,7,2,0,4,5,65,60,5,1,22,43,7.89230769230769,8.03333333333333,6.2,7,7.86363636363636,7.90697674418605,8
"10",2002,2,7.22222222222222,9,7.16666666666667,7.33333333333333,NA,7,7.33333333333333,6,3,0,3,6,74,66,8,1,25,49,7.81081081081081,7.95454545454545,6.625,7,7.76,7.83673469387755,9
"11",2002,3,8.57142857142857,7,8.83333333333333,7,NA,10,8.33333333333333,6,1,0,1,6,81,72,9,1,26,55,7.87654320987654,8.02777777777778,6.66666666666667,7,7.84615384615385,7.89090909090909,10
"12",2002,4,8.5,2,8.5,NA,NA,8,9,2,0,0,1,1,83,74,9,1,27,56,7.89156626506024,8.04054054054054,6.66666666666667,7,7.85185185185185,7.91071428571429,11
"13",2002,5,7.81818181818182,11,7.88888888888889,7.5,8,7.2,8.33333333333333,9,2,1,5,6,94,83,11,2,32,62,7.88297872340426,8.02409638554217,6.81818181818182,7.5,7.75,7.95161290322581,12
"14",2002,6,8.65384615384615,13,8.79166666666667,7,NA,8.75,8.61111111111111,12,1,0,4,9,107,95,12,2,36,71,7.97663551401869,8.12105263157895,6.83333333333333,7.5,7.86111111111111,8.03521126760563,13
"15",2002,7,8.15384615384615,13,8.25,7,NA,8.5,7.85714285714286,12,1,0,6,7,120,107,13,2,42,78,7.99583333333333,8.13551401869159,6.84615384615385,7.5,7.95238095238095,8.01923076923077,14
"16",2002,8,7.86666666666667,15,7.78571428571429,9,NA,7.66666666666667,7.91666666666667,14,1,0,3,12,135,121,14,2,45,90,7.98148148148148,8.09504132231405,7,7.5,7.93333333333333,8.00555555555556,15
"17",2002,9,7.97058823529412,17,8.11538461538461,7.5,NA,7.83333333333333,8.04545454545454,13,4,0,6,11,152,134,18,2,51,101,7.98026315789474,8.09701492537313,7.11111111111111,7.5,7.92156862745098,8.00990099009901,16
"18",2002,10,8.7,15,8.95454545454546,8,10,7.9,9.1,11,4,1,5,10,167,145,22,3,56,111,8.04491017964072,8.16206896551724,7.27272727272727,8.33333333333333,7.91964285714286,8.10810810810811,17
"19",2002,11,8.36538461538461,26,8.40476190476191,8.2,NA,8.25,8.41666666666667,21,5,0,8,18,193,166,27,3,64,129,8.0880829015544,8.19277108433735,7.44444444444444,8.33333333333333,7.9609375,8.15116279069767,18
"20",2002,12,8.13333333333333,30,8.21428571428571,7,5,8.3,8.05,28,2,1,10,20,223,194,29,4,74,149,8.09417040358744,8.19587628865979,7.41379310344828,7.5,8.00675675675676,8.13758389261745,19
"21",2003,1,7.99459459459459,37,8.11515151515152,7,8,8.31666666666667,7.84,33,4,1,12,25,260,227,33,5,86,174,8.08,8.18414096916299,7.36363636363636,7.6,8.05,8.0948275862069,20
"22",2003,2,7.84,25,7.97619047619048,7.125,7,7.6,8,21,4,1,10,15,285,248,37,6,96,189,8.05894736842105,8.16653225806452,7.33783783783784,7.5,8.003125,8.08730158730159,21
"23",2003,3,8.5,25,8.56818181818182,8,8,8.59090909090909,8.42857142857143,22,3,1,11,14,310,270,40,7,107,203,8.09451612903226,8.19925925925926,7.3875,7.57142857142857,8.06355140186916,8.11083743842365,22
"24",2003,4,8.05,30,8.01851851851852,8.33333333333333,NA,8.75,7.7,27,3,0,10,20,340,297,43,7,117,223,8.09058823529412,8.18282828282828,7.45348837209302,7.57142857142857,8.12222222222222,8.07399103139014,23
"25",2003,5,7.71296296296296,54,7.95121951219512,6.96153846153846,7,7.77272727272727,7.61904761904762,41,13,1,33,21,394,338,56,8,150,244,8.03883248730964,8.15473372781065,7.33928571428571,7.5,8.04533333333333,8.03483606557377,24
"26",2003,6,8.23958333333333,48,8.32432432432432,7.95454545454545,8,8.34,8.1304347826087,37,11,2,25,23,442,375,67,10,175,267,8.0606334841629,8.17146666666667,7.44029850746269,7.6,8.08742857142857,8.04307116104869,25
"27",2003,7,7.67088607594937,79,7.85,6.27777777777778,NA,7.54166666666667,7.72727272727273,70,9,0,24,55,521,445,76,10,199,322,8.00153550863723,8.12089887640449,7.30263157894737,7.6,8.021608040201,7.98913043478261,26
"28",2003,8,7.76363636363636,55,7.95348837209302,7.08333333333333,8.5,7.5625,7.84615384615385,43,12,2,16,39,576,488,88,12,215,361,7.97881944444444,8.10614754098361,7.27272727272727,7.75,7.98744186046511,7.97368421052632,27
"29",2003,9,7.18181818181818,44,7.42857142857143,6.22222222222222,6.66666666666667,6.63636363636364,7.36363636363636,35,9,3,11,33,620,523,97,15,226,394,7.92225806451613,8.06080305927342,7.17525773195876,7.53333333333333,7.9216814159292,7.92258883248731,28
"30",2003,10,7.31666666666667,30,7.69230769230769,4.875,6,7.31818181818182,7.31578947368421,26,4,1,11,19,650,549,101,16,237,413,7.89430769230769,8.04335154826958,7.08415841584158,7.4375,7.89367088607595,7.89467312348668,29
"31",2003,11,7.82692307692308,26,8,7.25,6.875,7.58333333333333,8.03571428571429,20,6,4,12,14,676,569,107,20,249,427,7.89171597633136,8.04182776801406,7.09345794392523,7.325,7.87871485943775,7.89929742388759,30
"32",2003,12,7.88953488372093,43,7.97972972972973,7.33333333333333,7,7.6,8.04464285714286,37,6,1,15,28,719,606,113,21,264,455,7.89158553546592,8.03803630363036,7.10619469026549,7.30952380952381,7.86287878787879,7.90824175824176,31
"33",2004,1,7.94067796610169,59,8.12745098039216,6.75,5,7.55555555555556,8.10975609756098,51,8,1,18,41,778,657,121,22,282,496,7.89530848329049,8.04497716894977,7.08264462809917,7.20454545454545,7.84326241134752,7.92489919354839,32
"34",2004,2,7.81147540983607,61,7.88888888888889,7.21428571428571,7,7.52272727272727,7.97435897435897,54,7,1,22,39,839,711,128,23,304,535,7.88921334922527,8.0331223628692,7.08984375,7.19565217391304,7.82006578947368,7.9285046728972,33
"35",2004,3,7.47142857142857,70,7.76315789473684,6.19230769230769,NA,7.68333333333333,7.3125,57,13,0,30,40,909,768,141,23,334,575,7.85704070407041,8.0130859375,7.00709219858156,7.19565217391304,7.80778443113772,7.88565217391304,34
"36",2004,4,7.45862068965517,58,7.53018867924528,6.7,7,7.58181818181818,7.38333333333333,53,5,1,22,36,967,821,146,24,356,611,7.83314374353671,7.98191230207064,6.99657534246575,7.1875,7.7938202247191,7.85605564648118,35
"37",2004,5,7.5274,50,7.69318181818182,6.31166666666667,NA,7.45291666666667,7.59615384615385,44,6,0,24,26,1017,865,152,24,380,637,7.81811209439528,7.96722543352601,6.96953947368421,7.1875,7.77228947368421,7.84544740973312,36
"38",2004,6,7.3277027027027,74,7.47222222222222,6.5,7,7.625,7.14673913043478,63,11,2,28,46,1091,928,163,26,408,683,7.78484876260312,7.93362068965517,6.9378527607362,7.17307692307692,7.76218137254902,7.79838945827233,37
"39",2004,7,7.56746031746032,63,7.60964912280702,7.16666666666667,9,7.15625,7.82051282051282,57,6,1,24,39,1154,985,169,27,432,722,7.77298093587522,7.9148730964467,6.94597633136095,7.24074074074074,7.72851851851852,7.79958448753463,38
"40",2004,8,7.64189189189189,74,7.63768115942029,7.7,7.16666666666667,7.54166666666667,7.69,69,5,3,24,50,1228,1054,174,30,456,772,7.76508143322476,7.89672675521821,6.96764367816092,7.23333333333333,7.71868421052632,7.79248704663212,39
"41",2004,9,7.51388888888889,72,7.69166666666667,6.625,5.66666666666667,7.75,7.30263157894737,60,12,3,34,38,1300,1114,186,33,490,810,7.75116923076923,7.88568222621185,6.9455376344086,7.09090909090909,7.72085714285714,7.76950617283951,40
"42",2004,10,7.5875,80,7.75735294117647,6.625,6,7.40909090909091,7.6551724137931,68,12,1,22,58,1380,1182,198,34,512,868,7.74168115942029,7.87829949238578,6.92611111111111,7.05882352941176,7.7074609375,7.761866359447,41
"43",2004,11,7.57536082474227,97,7.79623376623377,6.725,6.5,7.4075,7.69315789473684,77,20,6,40,57,1477,1259,218,40,552,925,7.73075829383886,7.87328038125496,6.90766055045871,6.975,7.68572463768116,7.75763243243243,42
"44",2004,12,7.66365247524752,101,7.83941264367816,6.57142857142857,9,7.61330277777778,7.69153846153846,87,14,1,36,65,1578,1346,232,41,588,990,7.72646318124208,7.87109130757801,6.88737068965517,7.02439024390244,7.6812906462585,7.75329292929293,43
"45",2005,1,7.46895161290323,124,7.55801886792453,6.94444444444444,8.5,7.49090909090909,7.46098901098901,106,18,1,33,91,1702,1452,250,42,621,1081,7.70770205640423,7.84823615702479,6.89148,7.05952380952381,7.67117375201288,7.72868640148011,44
"46",2005,2,7.43235294117647,102,7.57857142857143,6.75,5.5,7.32307692307692,7.5,84,18,2,39,63,1804,1536,268,44,660,1144,7.69213353658537,7.8334888671875,6.8819776119403,6.98863636363636,7.65060439393939,7.71609265734266,45
"47",2005,3,7.50144230769231,104,7.70523255813954,6.52777777777778,8,7.22073170731707,7.68412698412698,86,18,1,41,63,1908,1622,286,45,701,1207,7.6817394654088,7.82668859432799,6.85968531468531,7.01111111111111,7.62546205420827,7.7144241922121,46
"48",2005,4,7.69141414141414,99,7.78693181818182,6.92727272727273,NA,7.60675675675676,7.74193548387097,88,11,0,37,62,2007,1710,297,45,738,1269,7.68221669157947,7.82464263157895,6.86218855218855,7.01111111111111,7.62452425474255,7.715768321513,47
"49",2005,5,7.38295454545455,88,7.55915492957747,6.64705882352941,7.5,7.44705882352941,7.34259259259259,71,17,2,34,54,2095,1781,314,47,772,1323,7.66964625298329,7.81405889949466,6.85054140127389,7.03191489361702,7.61670841968912,7.70053665910809,48
"50",2005,6,7.54123711340206,97,7.56875,7.41176470588235,6.33333333333333,7.48684210526316,7.57627118644068,80,17,3,38,59,2192,1861,331,50,810,1382,7.66396391423358,7.80351364857603,6.87936555891239,6.99,7.61061592592593,7.69523154848046,49
"51",2005,7,7.48387096774194,93,7.62692307692308,6.74,6.9,7.46571428571429,7.4948275862069,78,15,4,35,58,2285,1939,346,54,845,1440,7.65663409190372,7.79640995358432,6.87332369942197,6.98333333333333,7.60461408284024,7.68715972222222,50
"52",2005,8,7.496875,112,7.66479591836735,6.32142857142857,NA,7.58469387755102,7.42857142857143,98,14,0,49,63,2397,2037,360,54,894,1503,7.64916933667084,7.79007800687285,6.85186111111111,6.98333333333333,7.60352225950783,7.67632069194944,51
"53",2005,9,7.40677966101695,118,7.56060606060606,6.60526315789474,7.16666666666667,7.14795918367347,7.59057971014493,99,19,6,49,69,2515,2136,379,60,943,1572,7.63779677932406,7.77944236891386,6.83949868073879,7.00166666666667,7.57985037115589,7.6725572519084,52
"54",2005,10,7.47298387096774,124,7.67451923076923,6.425,5.78571428571429,7.51574074074074,7.44,104,20,7,54,70,2639,2240,399,67,997,1642,7.63005263357333,7.7745709375,6.81872180451128,6.87462686567164,7.57637803410231,7.6626431181486,53
"55",2005,11,7.61950354609929,141,7.84194915254237,6.47826086956522,8.5,7.43297872340426,7.71276595744681,118,23,3,47,94,2780,2358,422,70,1044,1736,7.62951758992806,7.77794270568278,6.80016587677725,6.94428571428571,7.56992231800766,7.66535714285714,54
"56",2005,12,7.3744966442953,149,7.61111111111111,6.07826086956522,6.35,7.39545454545455,7.36571428571429,126,23,4,44,105,2929,2484,445,74,1088,1841,7.6165445203141,7.76948023349436,6.76285393258427,6.91216216216216,7.56286663602941,7.64826724606192,55
"57",2006,1,7.61778350515464,194,7.80515151515151,6.55172413793103,6.33333333333333,7.71984126984127,7.56870229007634,165,29,3,63,131,3123,2649,474,77,1151,1972,7.61662148575088,7.77170211400528,6.74993670886076,6.88961038961039,7.57145864465682,7.64298174442191,56
"58",2006,2,7.68896551724138,145,7.80530303030303,6.50769230769231,7,7.49,7.7647619047619,132,13,1,40,105,3268,2781,487,78,1191,2077,7.61983136474908,7.77329697950377,6.74347022587269,6.89102564102564,7.5687228379513,7.64913818006741,57
"59",2006,3,7.58805031446541,159,7.65357142857143,7.10526315789474,7,7.50106382978723,7.62455357142857,140,19,5,47,112,3427,2921,506,83,1238,2189,7.61835684271958,7.76755867853475,6.75705533596838,6.89759036144578,7.5661542003231,7.64788031064413,58
"60",2006,4,7.83729473684211,95,7.83598823529412,7.8484,7.08333333333333,7.76230555555556,7.88305084745763,85,10,3,36,59,3522,3006,516,86,1274,2248,7.62426232254401,7.76949364604125,6.77820542635659,6.90406976744186,7.57169693877551,7.6540524911032,59
"61",2006,5,7.66885964912281,114,7.81052631578947,6.96052631578947,7.125,7.68478260869565,7.65808823529412,95,19,2,46,68,3636,3101,535,88,1320,2316,7.62566058855886,7.77075069332473,6.78468037383178,6.90909090909091,7.5756378030303,7.65417098445596,60
"62",2006,6,7.67707547169811,106,7.83955056179775,6.82647058823529,6,7.61875,7.71242424242424,89,17,3,40,66,3742,3190,552,91,1360,2382,7.62711702298236,7.77267018808777,6.78596739130435,6.87912087912088,7.57690580882353,7.65578505457599,61
"63",2006,7,7.52441860465116,172,7.70694444444444,6.58571428571429,6.875,7.5547619047619,7.51461538461538,144,28,4,42,130,3914,3334,580,95,1402,2512,7.62260396014308,7.76983140371926,6.7763,6.87894736842105,7.57624243937232,7.64847929936306,62
"64",2006,8,7.46107518796993,133,7.615625,6.63680952380952,6.5,7.29166666666667,7.55674117647059,112,21,2,48,85,4047,3446,601,97,1450,2597,7.61729550284161,7.76481947185142,6.77142595673877,6.87113402061856,7.566822,7.6454767038891,63
"65",2006,9,7.57727272727273,132,7.69237288135593,6.60714285714286,6.5,7.17567567567568,7.73368421052632,118,14,2,37,95,4179,3564,615,99,1487,2692,7.61603132328308,7.76242084736251,6.76768617886179,6.86363636363636,7.55708937457969,7.64858952451709,64
"66",2006,10,7.51538461538462,156,7.59117647058823,7,6.66666666666667,7.33142857142857,7.56859504132231,136,20,3,35,121,4335,3700,635,102,1522,2813,7.61240943483276,7.75612645945946,6.7750031496063,6.8578431372549,7.55190006570302,7.64514859580519,65
"67",2006,11,7.47771084337349,166,7.59103448275862,6.6952380952381,6,7.376,7.52155172413793,145,21,3,50,116,4501,3845,656,105,1572,2929,7.60744165740947,7.74990062418726,6.77244969512195,6.83333333333333,7.54630527989822,7.64025367019461,66
"68",2006,12,7.56742081447964,221,7.65081081081081,7.13888888888889,7,7.48888888888889,7.59281437125748,185,36,1,54,167,4722,4030,692,106,1626,3096,7.60556859381618,7.74535183622829,6.79151300578035,6.83490566037736,7.54439846248462,7.63769476744186,67
"69",2007,1,7.62990654205607,321,7.80444444444444,6.70588235294118,7,7.72093023255814,7.59659574468085,270,51,9,86,235,5043,4300,743,115,1712,3331,7.60711776720206,7.74906230232558,6.78563526244953,6.84782608695652,7.55326629672897,7.63479525667968,68
"70",2007,2,7.3167474301676,179,7.51483870967742,6.03740791666667,6.225,7.08909090909091,7.41772411290323,155,24,4,55,124,5222,4455,767,119,1767,3455,7.59716443699732,7.74091310886644,6.76222267275098,6.82689075630252,7.53881827956989,7.62700457018813,69
"71",2007,3,7.52857601895735,211,7.65111111111111,6.81708193548387,6.16666666666667,7.56312746268657,7.5125,180,31,6,67,144,5433,4635,798,125,1834,3599,7.59450068654519,7.73742565264294,6.76435379699248,6.7952,7.53970634678299,7.6224231147541,70
"72",2007,4,7.45148936170213,188,7.66385093167702,6.18518518518519,7,7.15410714285714,7.57765151515152,161,27,1,56,132,5621,4796,825,126,1890,3731,7.58971752890945,7.73495577564637,6.74539918787879,6.7968253968254,7.52828118518518,7.62083912891986,71
"73",2007,5,7.4409756097561,205,7.49298245614035,7.17941176470588,6.6,7.21290322580645,7.53986013986014,171,34,5,62,143,5826,4967,859,131,1952,3874,7.58448373326468,7.72662530702637,6.76257779976717,6.78931297709924,7.51826405737705,7.61784997160558,72
"74",2007,6,7.37212643678161,174,7.57391304347826,6.59861111111111,7.13333333333333,7.18541666666667,7.44325396825397,138,36,6,48,126,6000,5105,895,137,2000,4000,7.57832537166667,7.72249714005877,6.75598249162011,6.8043795620438,7.51027572,7.6123501975,73
"75",2007,7,7.54090909090909,220,7.63101604278075,7.03030303030303,7,7.39272727272727,7.59030303030303,187,33,3,55,165,6220,5292,928,140,2055,4165,7.57700196623794,7.7192645313681,6.76573742456897,6.80857142857143,7.50712965450122,7.61147678031212,74
"76",2007,8,7.59767441860465,215,7.7280701754386,7.09090909090909,7.28571428571429,7.31724137931035,7.70127388535032,171,44,7,58,157,6435,5463,972,147,2113,4322,7.57769265423466,7.71954016108365,6.78045712962963,6.8312925170068,7.50191738760057,7.61473872975474,75
"77",2007,9,7.60798969072165,194,7.74813664596273,6.92424242424242,7,7.69732142857143,7.57173913043478,161,33,5,56,138,6629,5624,1005,152,2169,4460,7.57857930758787,7.72035880156472,6.78517843781095,6.83684210526316,7.50696239741816,7.61340824887892,76
"78",2007,10,7.49959821428571,224,7.59689473684211,6.95588235294118,7.21428571428571,7.29927272727273,7.56479289940828,190,34,7,55,169,6853,5814,1039,159,2224,4629,7.57599769881804,7.71632402820777,6.79076451395573,6.85345911949685,7.50182618705036,7.61163335277598,77
"79",2007,11,7.51121323529412,272,7.6341628959276,6.97843137254902,6.71428571428571,7.48392857142857,7.52340425531915,221,51,14,84,188,7125,6035,1090,173,2308,4817,7.57352452350877,7.71331531068766,6.79954525688073,6.84219653179191,7.50117480069324,7.60818990865684,78
"80",2007,12,7.65630372492837,349,7.83446428571429,6.93333333333333,7.18181818181818,7.47226890756303,7.75152173913043,280,69,11,119,230,7474,6315,1159,184,2427,5047,7.57738991570779,7.71868692003167,6.80751020707507,6.8625,7.49975749484961,7.61472177333069,79
"81",2008,1,7.53791348600509,393,7.70572289156626,6.62459016393443,6.3125,7.47589285714286,7.5626334519573,332,61,8,112,281,7867,6647,1220,192,2539,5328,7.57541785051481,7.71803940123364,6.79836420491803,6.83958333333333,7.49870478141,7.61197462274775,80
"82",2008,2,7.71020761245675,289,7.83433734939759,6.9375,7,7.66712328767123,7.72476851851852,249,40,7,73,216,8156,6896,1260,199,2612,5544,7.58019399583129,7.72223867459397,6.80278121428571,6.84522613065327,7.50341173047473,7.61636919011544,81
"83",2008,3,7.53308270676692,266,7.70688888888889,6.57926829268293,6.8125,7.58736263736264,7.50485714285714,225,41,12,91,175,8422,7121,1301,211,2703,5719,7.57870603538352,7.72175367223705,6.79573737893928,6.84336492890995,7.50623804661487,7.61295694876727,82
"84",2008,4,7.52092592592593,270,7.62676991150443,6.97727272727273,6.85,7.43692307692308,7.54756097560976,226,44,10,65,205,8692,7347,1345,221,2768,5924,7.57691120915785,7.71883189056758,6.80167608178439,6.84366515837104,7.50461034682081,7.61069392133693,83
"85",2008,5,7.58215767634855,241,7.78376963350785,6.812,6.89285714285714,7.74935064935065,7.50365853658537,191,50,14,77,164,8933,7538,1395,235,2845,6088,7.57705275159521,7.72047730167153,6.80204611469534,6.84659574468085,7.51123424956063,7.60781057654402,84
"86",2008,6,7.66986301369863,219,7.75652173913043,7.21428571428571,6.16666666666667,7.63709677419355,7.6828025477707,184,35,3,62,157,9152,7722,1430,238,2907,6245,7.57927362652972,7.72133616938617,6.8121358951049,6.83802521008403,7.51391862401101,7.60969588310648,85
"87",2008,7,7.47290076335878,262,7.6462962962963,6.65869565217391,6.25,7.24698795180723,7.57765363128492,216,46,14,83,179,9414,7938,1476,252,2990,6424,7.57631317505843,7.7192942680776,6.80735388211382,6.80535714285714,7.50650884280937,7.60880304950187,86
"88",2008,8,7.50678431372549,255,7.65509900990099,6.94150943396226,6.71333333333333,7.34507042253521,7.5691847826087,202,53,15,71,184,9669,8140,1529,267,3061,6608,7.57447949426001,7.71770121621622,6.81200413996076,6.8001872659176,7.50276427311336,7.60769987742131,87
"89",2008,9,7.47282051282051,195,7.62549668874172,6.94886363636364,6.25,7.1515625,7.62977099236641,151,44,12,64,131,9864,8291,1573,279,3125,6739,7.57246981244931,7.71602193945242,6.81583237762238,6.77652329749104,7.4955716608,7.60812891972103,88
"90",2008,10,7.48719806763285,207,7.63848484848485,6.89285714285714,7.06666666666667,7.42460317460317,7.51458333333333,165,42,15,63,144,10071,8456,1615,294,3188,6883,7.57071713136729,7.71450897587512,6.81783549845201,6.79132653061224,7.49416920953576,7.60617184221996,89
"91",2008,11,7.52811475409836,244,7.78377142857143,6.87971014492754,6.335,7.05968253968254,7.69116022099448,175,69,20,63,181,10315,8631,1684,314,3251,7064,7.56970937760543,7.71591332406442,6.82037074228028,6.76226114649682,7.48574944324823,7.6083494889581,90
"92",2008,12,7.46174698795181,332,7.58382352941176,6.90833333333333,6.77777777777778,7.14097222222222,7.55057692307692,272,60,18,72,260,10647,8903,1744,332,3323,7324,7.56634284117592,7.71187778276985,6.82339697821101,6.76310240963855,7.47827909720132,7.60629857864555,91
"93",2009,1,7.36640449438202,445,7.56373937677054,6.60923913043478,6.35555555555556,7.23553719008264,7.41527777777778,353,92,36,121,324,11092,9256,1836,368,3444,7648,7.55832151370357,7.70622816551426,6.81266575708061,6.72323369565217,7.46975070847851,7.59820617024059,92
"94",2009,2,7.34365,400,7.52952380952381,6.94409448818898,6.39285714285714,7.50804597701149,7.2979552715655,273,127,28,87,313,11492,9529,1963,396,3531,7961,7.55084948050818,7.70116569419666,6.82116878757004,6.69987373737374,7.47069426224866,7.58640130511242,93
"95",2009,3,7.36164772727273,352,7.56597510373444,6.91801801801802,6.48620689655172,7.26928571428571,7.38457446808511,241,111,29,70,282,11844,9770,2074,425,3601,8243,7.54522646318811,7.69783090071648,6.82635213596914,6.68529411764706,7.46677907247987,7.57949663835982,94
"96",2009,4,7.52566579634465,383,7.65532319391635,7.2415,6.3,7.26602564102564,7.59206557377049,263,120,25,78,305,12227,10033,2194,450,3679,8548,7.54461374253701,7.69671662513705,6.84905849134002,6.66388888888889,7.4625228159826,7.57994510879738,95
"97",2009,5,7.25222222222222,378,7.42305220883534,6.92248062015504,6.35185185185185,6.96430107526882,7.34617543859649,249,129,27,93,285,12605,10282,2323,477,3772,8833,7.53584547639826,7.69008927251507,6.85313574257426,6.64622641509434,7.45023898197243,7.57240244424318,96
"98",2009,6,7.3671009771987,307,7.52890995260663,7.01145833333333,6.58461538461538,6.97260273972603,7.49017094017094,211,96,26,73,234,12912,10493,2419,503,3845,9067,7.53183335114622,7.68684817497379,6.85941890450599,6.64304174950298,7.44117072561769,7.57028022388883,97
"99",2009,7,7.248753894081,321,7.64354066985646,6.51205357142857,6.228125,7.03571428571429,7.30077519379845,209,112,32,63,258,13233,10702,2531,535,3908,9325,7.52496654046702,7.68600242010839,6.84404754247333,6.61822429906542,7.43463445240532,7.5628236772118,98
"100",2009,8,7.24240924092409,303,7.48634259259259,6.6367816091954,6.05555555555556,7.01171875,7.30418410041841,216,87,18,64,239,13536,10918,2618,553,3972,9564,7.51864156545509,7.68205238138853,6.83715978991597,6.5999095840868,7.42782010070494,7.55636039209536,99
"101",2009,9,7.37655080213904,374,7.59186046511628,6.8976724137931,6.05555555555556,7.24074074074074,7.41409556313993,258,116,27,81,293,13910,11176,2734,580,4053,9857,7.51482115240834,7.6799702845383,6.83972726042429,6.57456896551724,7.42408128300025,7.55213156031247,100
"102",2009,10,7.29950777202073,386,7.50057915057915,6.88944881889764,6.57361111111111,7.02831325301205,7.37379537953795,259,127,36,83,303,14296,11435,2861,616,4136,10160,7.50900757064913,7.67590711849585,6.84193440405453,6.57451298701299,7.41613912959381,7.54681306988189,101
"103",2009,11,7.39708121827411,394,7.67555147058824,6.77622950819672,6.29189189189189,7.19097222222222,7.44316770186335,272,122,37,72,322,14690,11707,2983,653,4208,10482,7.5060055976855,7.67589885538567,6.83924717733825,6.55849923430322,7.41228646387833,7.54362915378745,102
"104",2009,12,7.35990990990991,444,7.52308917197452,6.96576923076923,6.45689655172414,7.46826923076923,7.32676470588235,314,130,29,104,340,15134,12021,3113,682,4312,10822,7.50171945486983,7.67190732052242,6.84453078380983,6.5541788856305,7.41363669758813,7.53681581870264,103
"105",2010,1,7.33378006872852,582,7.56150110375276,6.53410852713178,6.50294117647059,7.30609756097561,7.34119825708061,453,129,34,123,459,15716,12474,3242,716,4435,11281,7.49550026915246,7.66789785954786,6.83217900370142,6.55174581005587,7.41065421420519,7.52885655438348,104
"106",2010,2,7.4225313283208,399,7.65190812720848,6.86293103448276,6.5,7.47666666666667,7.40809523809524,283,116,19,84,315,16115,12757,3358,735,4519,11596,7.49369359168477,7.66754314494003,6.83324131328171,6.55040816326531,7.41188126576676,7.52557612883753,105
"107",2010,3,7.4687106918239,318,7.68739130434783,6.89715909090909,6.85238095238095,7.54426229508197,7.45077821011673,230,88,21,61,257,16433,12987,3446,756,4580,11853,7.49321013996227,7.66789465619466,6.83487357225769,6.5587962962963,7.41364441921397,7.52395433982958,106
"108",2010,4,7.35556363636364,275,7.54334975369458,6.82611111111111,6.46666666666667,7.29074074074074,7.37140271493213,203,72,21,54,221,16708,13190,3518,777,4634,12074,7.49094459121379,7.66597785443518,6.83469423820352,6.55630630630631,7.41221222270177,7.52116206642372,107
"109",2010,5,7.38141762452107,261,7.58025641025641,6.79393939393939,5.99090909090909,7.18518518518519,7.43260869565217,195,66,11,54,207,16969,13385,3584,788,4688,12281,7.489259958159,7.66472901755697,6.83394373046875,6.54841370558376,7.40959715017065,7.51966947235567,108
"110",2010,6,7.36410447761194,268,7.6256157635468,6.54738461538462,6,7.18966666666667,7.41442307692308,203,65,19,60,208,17237,13588,3649,807,4748,12489,7.48731404710797,7.66414467912864,6.82883922444505,6.53550185873606,7.40681791069924,7.51791662983426,109
"111",2010,7,7.60372881355932,295,7.81973094170404,6.93472222222222,6.55294117647059,7.6669014084507,7.58370535714286,223,72,17,71,224,17532,13811,3721,824,4819,12713,7.48927288558065,7.66665686047354,6.83088802203709,6.53586165048544,7.41064981116414,7.51907581137418,110
"112",2010,8,7.29139072847682,302,7.57444933920705,6.43466666666667,6.46052631578947,7.3296875,7.28109243697479,227,75,19,64,238,17834,14038,3796,843,4883,12951,7.48592195973982,7.66516582846559,6.82305962328767,6.53416370106762,7.40958866270735,7.51470240058683,111
"113",2010,9,7.23373015873016,252,7.42089947089947,6.67222222222222,6.38333333333333,7.19038461538462,7.245,189,63,18,52,200,18086,14227,3859,861,4935,13151,7.48240806314276,7.66192084768398,6.82059713138119,6.53101045296167,7.40727891388044,7.51060077484602,112
"114",2010,10,7.37310469314079,277,7.56151960784314,6.84657534246575,6.775,7.33840579710145,7.38461538461539,204,73,20,69,208,18363,14431,3932,881,5004,13359,7.48075925665741,7.66050155221398,6.8210794328586,6.53654937570942,7.4063292246203,7.50863917883075,113
"115",2010,11,7.32666590909091,440,7.46836842105263,6.93547008547009,6.5,7.12864583333333,7.3819273255814,323,117,22,96,344,18803,14754,4049,903,5100,13703,7.47715339201191,7.65629530296869,6.82438486786861,6.53565891472868,7.40110224313725,7.50545820550245,114
"116",2010,12,7.47515463917526,485,7.65744680851064,6.84633027522936,6.34516129032258,7.21028037383178,7.55013227513227,376,109,31,107,378,19288,15130,4158,934,5207,14081,7.47710313303609,7.6563239193655,6.82496015632516,6.52933618843683,7.39718099481467,7.50665746679923,115
"117",2011,1,7.50587044534413,494,7.67373333333333,6.97689075630252,6.6,7.37,7.53613861386139,375,119,28,90,404,19782,15505,4277,962,5297,14485,7.47782151602467,7.65674497903902,6.82918735796119,6.53139293139293,7.39671916934113,7.50747972316189,116
"118",2011,2,7.4469945945946,370,7.66114801444043,6.80913978494624,6.54090909090909,7.47243835616438,7.44074074074074,277,93,22,73,297,20152,15782,4370,984,5370,14782,7.47725551955141,7.65682225953618,6.82876071624714,6.53160569105691,7.3977484990689,7.50613880327425,117
"119",2011,3,7.46790322580645,372,7.72392592592593,6.79019607843137,6.6796875,7.47705128205128,7.46547619047619,270,102,32,78,294,20524,16052,4472,1016,5448,15076,7.47708600808809,7.65795096561176,6.82788111135957,6.53626968503937,7.39888389133627,7.50534583377554,118
"120",2011,4,7.45540540540541,333,7.59581673306773,7.02560975609756,6.39130434782609,7.38461538461539,7.46850533807829,251,82,23,52,281,20857,16303,4554,1039,5500,15357,7.47673985856068,7.65699435073299,6.83144144268775,6.53306063522618,7.39874898909091,7.50467173210914,119
"121",2011,5,7.237,300,7.51013824884793,6.52289156626506,6.03125,7.325,7.21854838709677,217,83,16,52,248,21157,16520,4637,1055,5552,15605,7.47334041830127,7.65506530871671,6.82591855294371,6.52545023696682,7.39805825648415,7.50012456199936,120
"122",2011,6,7.50153583617747,293,7.78190476190476,6.79216867469879,6.06818181818182,7.44622641509434,7.51375,210,83,22,53,240,21450,16730,4720,1077,5605,15845,7.47372555850816,7.65665743574417,6.82532506991525,6.5161095636026,7.39851372702944,7.50033094288419,121
"123",2011,7,7.43658536585366,328,7.65978723404255,6.87258064516129,7.02173913043478,7.21885245901639,7.48632958801498,235,93,23,61,267,21778,16965,4813,1100,5666,16112,7.47316618743687,7.65670078986148,6.82623817369624,6.52668181818182,7.39657949876456,7.50009891943893,122
"124",2011,8,7.37437209302326,387,7.56417361111111,6.82222222222222,6.828125,7.2051875,7.40789473684211,288,99,32,64,323,22165,17253,4912,1132,5730,16435,7.4714412465599,7.65515625688286,6.82615723330619,6.53520318021201,7.39444178708551,7.49828681411622,123
"125",2011,9,7.37261538461538,325,7.58760504201681,6.78448275862069,6.42608695652174,7.19296875,7.41666666666667,238,87,23,64,261,22490,17491,4999,1155,5794,16696,7.47001312716763,7.65423708764508,6.82543195239048,6.5330303030303,7.39221633413876,7.4970108882367,124
"126",2011,10,7.37356948228883,367,7.57862453531598,6.81071428571429,6.85925925925926,7.28239436619718,7.39543918918919,269,98,27,71,296,22857,17760,5097,1182,5865,16992,7.46846459421622,7.65309182995496,6.82514897586816,6.54048223350254,7.39088686104007,7.49524151306497,125
"127",2011,11,7.29373464373464,407,7.47220338983051,6.82366071428571,6.47222222222222,7.36296296296296,7.27653374233129,295,112,18,81,326,23264,18055,5209,1200,5946,17318,7.46540772137208,7.65013630019385,6.82511697638702,6.53945833333333,7.39050646485032,7.49112448261924,126
"128",2011,12,7.44095238095238,420,7.60764331210191,6.94716981132075,6.8,7.46688311688312,7.43513119533528,314,106,22,77,343,23684,18369,5315,1222,6023,17661,7.46497404281372,7.64940992432903,6.82755114393227,6.54414893617021,7.39148288892578,7.49003701885511,127
"129",2012,1,7.40656862745098,510,7.59467532467532,6.8272,6.46388888888889,7.47666666666667,7.39154761904762,385,125,36,90,420,24194,18754,5440,1258,6113,18081,7.46374287963958,7.64828628026021,6.82754307536765,6.54185214626391,7.39273702601014,7.48774922791881,128
"130",2012,2,7.3796976744186,430,7.55568862275449,6.76739583333333,6.64285714285714,7.17682926829268,7.4275,334,96,21,82,348,24624,19088,5536,1279,6195,18429,7.46227522863873,7.64666601529757,6.82650005960983,6.54351055512119,7.38987916707022,7.48661152477074,129
"131",2012,3,7.46418733850129,387,7.65030267558528,6.83181818181818,6.71428571428571,7.56641791044776,7.4427828125,299,88,21,67,320,25011,19387,5624,1300,6262,18749,7.46230481508137,7.64672210243978,6.82658327347084,6.54626923076923,7.39176803577132,7.48586347485199,130
"132",2012,4,7.43979381443299,388,7.66636065573771,6.60722891566265,6.94166666666667,7.4958904109589,7.42679365079365,305,83,30,73,315,25399,19692,5707,1330,6335,19064,7.46196093271389,7.64702627462929,6.82339308393201,6.55518796992481,7.39296786740331,7.48488744702056,131
"133",2012,5,7.33778378378378,370,7.54140740740741,6.788,6.92592592592593,7.47904761904762,7.30879478827362,270,100,27,63,307,25769,19962,5807,1357,6398,19371,7.46017795529513,7.64559770564072,6.82278359393835,6.56256448047163,7.39381547983745,7.48209665427701,132
"134",2012,6,7.45835913312693,323,7.62610441767068,6.89391891891892,6.28947368421053,7.38867924528302,7.47203703703704,249,74,19,53,270,26092,20211,5881,1376,6451,19641,7.46015543959835,7.64535754786997,6.82367868219691,6.55879360465116,7.39377328166175,7.48195836719108,133
"135",2012,7,7.4467701863354,322,7.57991967871486,6.99260273972603,6.93333333333333,7.37543859649123,7.46211320754717,249,73,15,57,265,26414,20460,5954,1391,6508,19906,7.45999226660105,7.64456116324536,6.82574980349345,6.5628324946082,7.39361269821758,7.48169417713252,134
"136",2012,8,7.38544751381215,362,7.68517786561265,6.68974311926605,6.82068965517241,7.38985507246377,7.38440955631399,253,109,29,69,293,26776,20713,6063,1420,6577,20199,7.45898445361518,7.64505727803795,6.82330468909781,6.56809859154929,7.39357327656986,7.4802829986633,135
"137",2012,9,7.50941358024691,324,7.77256097560976,6.67948717948718,6.05263157894737,7.62307692307692,7.48088803088803,246,78,19,65,259,27100,20959,6141,1439,6642,20458,7.4595873701107,7.64655381459039,6.82147798892689,6.56129256428075,7.39581924721469,7.48029065842213,136
"138",2012,10,7.38038961038961,385,7.53484320557491,6.9280612244898,6.7725,7.17597402597403,7.43149350649351,287,98,20,77,308,27485,21246,6239,1459,6719,20766,7.45847799636166,7.64504478019392,6.82315216060266,6.56418779986292,7.39329981247209,7.47956690214774,137
"139",2012,11,7.30672451193059,461,7.51686217008798,6.70958333333333,6.34814814814815,7.40892857142857,7.28395225464191,341,120,27,84,377,27946,21587,6359,1486,6803,21143,7.45597465576469,7.6430199379256,6.82100901556849,6.56026244952894,7.39349278847567,7.47607890507497,138
"140",2012,12,7.48017408123791,517,7.67770780856423,6.82666666666667,6.66666666666667,7.35166666666667,7.50725995316159,397,120,27,90,427,28463,21984,6479,1513,6893,21570,7.45641421248639,7.64364635189228,6.82111380305603,6.56216126900198,7.39294667633831,7.47669616550765,139
"141",2013,1,7.42692424242424,660,7.61101960784314,6.801,6.70731707317073,7.31979381443299,7.44538188277087,510,150,41,97,563,29123,22494,6629,1554,6990,22133,7.4557458960272,7.64290661509736,6.8206586709911,6.56599099099099,7.39193153648068,7.4758996200244,140
"142",2013,2,7.43424947145877,473,7.65589887640449,6.75982905982906,6.60909090909091,7.52647058823529,7.41876543209877,356,117,33,68,405,29596,22850,6746,1587,7058,22538,7.45540234254629,7.64310903282276,6.81960366587607,6.56688720856963,7.39322774723718,7.4748729385926,141
"143",2013,3,7.43229934924078,461,7.6135798816568,6.93414634146342,7.05333333333333,7.52486842105263,7.41402597402597,338,123,30,76,385,30057,23188,6869,1617,7134,22923,7.45504799980038,7.64267860100052,6.82165472849032,6.57591218305504,7.39463014297729,7.47385099201675,142
"144",2013,4,7.41657142857143,420,7.51923780487805,7.05054347826087,6.66666666666667,7.4203125,7.41589887640449,328,92,18,64,356,30477,23516,6961,1635,7198,23279,7.45451775863766,7.6409568549073,6.82467983479385,6.57691131498471,7.39485849402612,7.47296474461961,143
"145",2013,5,7.43053824362606,353,7.61620689655172,6.90380434782609,6.55263157894737,7.37307692307692,7.44046511627907,261,92,19,52,301,30830,23777,7053,1654,7250,23580,7.45424319591308,7.6406851747487,6.82571194243584,6.57663240628779,7.39470226758621,7.47254988507209,144
"146",2013,6,7.34155672823219,379,7.55904436860068,6.60058139534884,6.48235294117647,7.16842105263158,7.3722049689441,293,86,17,57,322,31209,24070,7139,1671,7307,23902,7.45287473901759,7.63969137515579,6.82299990614932,6.57567324955117,7.39293710688381,7.47119807087273,145
"147",2013,7,7.35670886075949,395,7.60670289855072,6.77689075630252,6.27321428571429,7.45666666666667,7.33880597014925,276,119,28,60,335,31604,24346,7258,1699,7367,24237,7.45167281768131,7.63931739916208,6.82224391430146,6.57068864037669,7.39345614768562,7.46936816809011,146
"148",2013,8,7.37900232018561,431,7.60501672240803,6.86704545454545,6.58064516129032,7.05283018867925,7.42473544973545,299,132,31,53,378,32035,24645,7390,1730,7420,24615,7.45069510629,7.63890125380401,6.82304415832206,6.57086705202312,7.39102310512129,7.46868276619947,147
"149",2013,9,7.31485148514852,404,7.49197324414716,6.81047619047619,6.90909090909091,7.44848484848485,7.2887573964497,299,105,22,66,338,32439,24944,7495,1752,7486,24953,7.44900329017541,7.63714004971135,6.82286808939293,6.57511415525114,7.39152971413305,7.46624559331543,148
"150",2013,10,7.31419068736142,451,7.56073619631902,6.6712,6.62619047619048,7.286,7.31981382978723,326,125,42,75,376,32890,25270,7620,1794,7561,25329,7.44715468926726,7.63615438860308,6.82038009580052,6.5763099219621,7.39048293082925,7.46407186584547,149
"151",2013,11,7.3132683982684,462,7.48322289156626,6.87923076923077,6.46060606060606,7.46772151898734,7.28140992167102,332,130,33,79,383,33352,25602,7750,1827,7640,25712,7.44530006386424,7.63417121318647,6.8213672683871,6.57422003284072,7.39128160209424,7.46135097580896,150
"152",2013,12,7.36798493408663,531,7.60155440414508,6.74620689655172,6.69354838709677,7.39358974358974,7.3635761589404,386,145,31,78,453,33883,25988,7895,1858,7718,26165,7.4440884139539,7.63368675542558,6.81998686890437,6.5762109795479,7.39130492873801,7.45965818039366,151
"153",2014,1,7.4594335839599,798,7.67691210613599,6.78692307692308,6.723,7.42326732673267,7.46467431850789,603,195,50,101,697,34681,26591,8090,1908,7819,26862,7.44444150197515,7.63466697002745,6.81918990482077,6.58005765199161,7.39171779511446,7.45978833631152,152
"154",2014,2,7.39972727272727,550,7.60088383838384,6.88246753246753,6.87058823529412,7.25882352941176,7.42548387096774,396,154,34,85,465,35231,26987,8244,1942,7904,27327,7.44374345689876,7.63417124541446,6.82037194687045,6.58514418125644,7.39028864372469,7.45920460679914,153
"155",2014,3,7.52441810344828,464,7.68823699421965,7.04406779661017,6.93333333333333,7.795,7.47307692307692,346,118,27,74,390,35695,27333,8362,1969,7978,27717,7.44479214820003,7.63485564702008,6.82352862114327,6.5899187404774,7.39404254700426,7.45939980120504,154
"156",2014,4,7.40815217391304,460,7.54866071428571,7.02741935483871,6.80277777777778,7.1268115942029,7.45780051150895,336,124,36,69,391,36155,27669,8486,2005,8047,28108,7.44432597787305,7.63380893418627,6.82650793424464,6.59374064837905,7.39175114204051,7.45937755407713,155
"157",2014,5,7.40497757847534,446,7.65036363636364,6.70689655172414,6.536,7.31780821917808,7.42203753351206,330,116,25,73,373,36601,27999,8602,2030,8120,28481,7.4438464995492,7.63400405014465,6.82489494652406,6.59302955665025,7.39108638423645,7.4588885323549,156
"158",2014,6,7.35952879581152,382,7.54771535580524,6.92260869565217,6.8375,7.3225,7.36642857142857,267,115,28,60,322,36983,28266,8717,2058,8180,28803,7.4429755760755,7.63318896907946,6.82618404611678,6.5963556851312,7.39058330562347,7.45785488629657,157
"159",2014,7,7.39681434599156,474,7.60097142857143,6.82056451612903,6.74375,7.28855421686747,7.41979539641944,350,124,32,83,391,37457,28616,8841,2090,8263,29194,7.44239142830446,7.63279491892647,6.82610522904649,6.59861244019139,7.38955844608495,7.45734514934576,158
"160",2014,8,7.52568134171908,477,7.72342465753425,6.88125,6.59117647058823,7.50671641791045,7.52878048780488,365,112,34,67,410,37934,28981,8953,2124,8330,29604,7.4434387549428,7.63393635140264,6.82679507762761,6.5984934086629,7.39050077310924,7.45833449162275,159
"161",2014,9,7.43238396624473,474,7.6844776119403,6.82482014388489,7.1,7.35142857142857,7.44641089108911,335,139,30,70,404,38408,29316,9092,2154,8400,30008,7.44330232581754,7.63451389684814,6.82676488451386,6.60547818012999,7.39017517142857,7.45817396327646,160
"162",2014,10,7.41280334728033,478,7.64650837988827,6.71558333333333,6.72162162162162,7.34651162790698,7.42734693877551,358,120,37,86,392,38886,29674,9212,2191,8486,30400,7.44292742195135,7.63465860349127,6.82531657946157,6.6074395253309,7.38973267028046,7.45777645690789,161
"163",2014,11,7.35014553014553,481,7.57110169491525,6.73425196850394,6.46764705882353,7.55796875,7.31824940047962,354,127,34,64,417,39367,30028,9339,2225,8550,30817,7.44179377981559,7.63390933129079,6.82407820216297,6.60530337078652,7.39099198128655,7.45588844761008,162
"164",2014,12,7.3943557168784,551,7.51029055690073,7.04739130434783,7.08088235294118,7.46176470588235,7.38486542443064,413,138,34,68,483,39918,30441,9477,2259,8618,31300,7.44113897815522,7.632232167143,6.82732999155851,6.61246126604692,7.39155041076816,7.45479246932907,163
"165",2015,1,7.46287469287469,814,7.69305,6.81752336448598,6.758,7.195,7.50039215686274,600,214,50,100,714,40732,31041,9691,2309,8718,32014,7.44157335092802,7.63340773170967,6.82711343824167,6.61561281940234,7.38929587520073,7.4558094674205,164
"166",2015,2,7.40528545119705,543,7.66248756218905,6.67198581560284,6.91969696969697,7.34285714285714,7.41671023965142,402,141,33,84,459,41275,31443,9832,2342,8802,32473,7.44109595953968,7.63377951849378,6.82488876423922,6.6198975234842,7.38885269711429,7.45525680688572,165
"167",2015,3,7.40971223021583,556,7.55841121495327,6.9125,6.59459459459459,7.35853658536585,7.41856540084388,428,128,37,82,474,41831,31871,9960,2379,8884,32947,7.44067882025293,7.63276738727997,6.82601469176707,6.61950399327449,7.38857287708239,7.45472893708077,166
"168",2015,4,7.47231884057971,552,7.66667532467532,7.02425149700599,6.68620689655172,7.30661764705882,7.49559917355372,385,167,29,68,484,42383,32256,10127,2408,8952,33431,7.44109090272043,7.63317210441468,6.82928372963365,6.6203073089701,7.38795033958892,7.45532063922706,167
"169",2015,5,7.46733254716981,424,7.65880188679245,6.89292452830189,6.94230769230769,7.42173913043478,7.47619436619718,318,106,26,69,355,42807,32574,10233,2434,9021,33786,7.44135082416428,7.63342231227359,6.82994296198573,6.62374691865242,7.38820878394856,7.45553996596223,168
"170",2015,6,7.3862962962963,405,7.58233438485804,6.68011363636364,6.68958333333333,7.47881355932203,7.37052023121387,317,88,24,59,346,43212,32891,10321,2458,9080,34132,7.44083483129686,7.6329299322003,6.82866547136905,6.62438974776241,7.3887975154185,7.45467811115669,169
"171",2015,7,7.33901960784314,408,7.61684210526316,6.52692307692308,6.37,7.51203703703704,7.31262711864407,304,104,30,54,354,43620,33195,10425,2488,9134,34486,7.43988250183402,7.63278259978912,6.82565528345324,6.62132234726688,7.38952610466389,7.45321995273444,170
"172",2015,8,7.41477186311787,526,7.60790523690773,6.7952,6.875,7.12894736842105,7.46304444444444,401,125,36,76,450,44146,33596,10550,2524,9210,34936,7.43958330834051,7.63248566496011,6.82529443886256,6.62494057052298,7.387375834962,7.45334649902679,171
"173",2015,9,7.42546201232033,487,7.64058171745152,6.80912698412698,6.76129032258065,7.36381578947368,7.43686131386861,361,126,31,76,411,44633,33957,10676,2555,9286,35347,7.43942922792553,7.63257173484112,6.82510362776321,6.62659491193738,7.38718301098428,7.45315481625032,172
"174",2015,10,7.336,520,7.5687338501292,6.6587969924812,6.47380952380952,7.11,7.38651764705882,387,133,42,95,425,45153,34344,10809,2597,9381,35772,7.43823809558612,7.63185238760773,6.82305729762235,6.62412398921833,7.38437601961411,7.45236311332886,173
"175",2015,11,7.28357026143791,612,7.44191011235955,6.86164670658683,6.8453488372093,7.37022471910112,7.2688240917782,445,167,43,89,523,45765,34789,10976,2640,9470,36295,7.43616977450017,7.62942276006784,6.82364443604227,6.62772727272727,7.38424302428722,7.44971837140102,174
"176",2015,12,7.35466666666667,660,7.54508368200837,6.85456043956044,6.57727272727273,7.26550561797753,7.36856392294221,478,182,44,89,571,46425,35267,11158,2684,9559,36866,7.43501108734518,7.62827964953072,6.82414871213479,6.6269001490313,7.38313750810754,7.44846140861498,175
"177",2016,1,7.41607013301088,827,7.55445987654321,6.91508379888268,6.7936170212766,7.53934426229508,7.39473758865248,648,179,47,122,705,47252,35915,11337,2731,9681,37571,7.43467958456785,7.62694774885145,6.82558448707771,6.62976931526913,7.38510602623696,7.44745330946741,176
"178",2016,2,7.35847222222222,576,7.61788235294118,6.62834437086093,6.29488372093023,7.40857142857143,7.35154150197628,425,151,43,70,506,47828,36340,11488,2774,9751,38077,7.43376180751861,7.62684172812328,6.82299193332173,6.62457822638789,7.38527447851502,7.44617875068939,177
"179",2016,3,7.36996466431095,566,7.61026894865526,6.74394904458599,6.645,7.26760563380282,7.38464646464646,409,157,40,71,495,48394,36749,11645,2814,9822,38572,7.43301565751953,7.62665728047021,6.82192626277372,6.62486851457001,7.38442388922826,7.4453890980504,178
"180",2016,4,7.41213395638629,642,7.61010224948875,6.77941176470588,6.605,7.31540540540541,7.42473591549296,489,153,40,74,568,49036,37238,11798,2854,9896,39140,7.43274226547843,7.62643988398947,6.82137492202068,6.62459004905396,7.38390778496362,7.44508937889627,179
"181",2016,5,7.5448125,640,7.77251509054326,6.75342657342657,6.44736842105263,7.5636231884058,7.54253940455342,497,143,38,69,571,49676,37735,11941,2892,9965,39711,7.43418612066189,7.62836381078574,6.8205612034168,6.62226141078838,7.38515217661816,7.44649060184835,180
"182",2016,6,7.45303951367781,658,7.66886409736308,6.80818181818182,6.83152173913043,7.5234693877551,7.44071428571429,493,165,46,98,560,50334,38228,12106,2938,10063,40271,7.43443258493265,7.62888611488961,6.82039247728399,6.62553778080327,7.38649919904601,7.44641027761913,181
"183",2016,7,7.45607717041801,622,7.71251626898048,6.72180124223603,6.61944444444444,7.48941176470588,7.45198555956679,461,161,36,68,554,50956,38689,12267,2974,10131,40825,7.43469679193815,7.62988261262891,6.81909850248635,6.62546402151984,7.38718995558188,7.44648593484385,182
"184",2016,8,7.43058510638298,752,7.61817375886525,6.86781914893617,6.81636363636364,7.44263157894737,7.42884322678843,564,188,55,95,657,51708,39253,12455,3029,10226,41482,7.43463699485573,7.62971437597126,6.81983390847049,6.62893034004622,7.38770501075689,7.44620650619546,183
"185",2016,9,7.44718518518519,675,7.6247553816047,6.89390243902439,6.88529411764706,7.41981132075472,7.45228471001758,511,164,34,106,569,52383,39764,12619,3063,10332,42051,7.43479868907852,7.62965064882808,6.82079652349632,6.63177603656546,7.3880344018583,7.44628875151602,184
"186",2016,10,7.4156976744186,774,7.60017152658662,6.85261780104712,7.03846153846154,7.53963963963964,7.39494720965309,583,191,52,111,663,53157,40347,12810,3115,10443,42714,7.43452056605903,7.62922468585025,6.82127098594848,6.63856500802568,7.38964583357273,7.44549183616613,185
"187",2016,11,7.38679611650485,824,7.57519047619048,6.775,6.53333333333333,7.44159574468085,7.3797397260274,630,194,51,94,730,53981,40977,13004,3166,10537,43444,7.43379206998759,7.62839393806281,6.82058069286374,6.63686986734049,7.39010927588498,7.44438698761624,186
"188",2016,12,7.43449822904368,847,7.661171875,6.73367149758454,6.64314814814815,7.50480769230769,7.42465679676985,640,207,54,104,743,54828,41617,13211,3220,10641,44187,7.43380297895236,7.62889800802557,6.81921893346454,6.6369751552795,7.39123028286815,7.44405522642406,187
"189",2017,1,7.51714605263158,1140,7.71219338565022,6.81560483870968,6.47234042553191,7.62990559440559,7.50097291875627,892,248,47,143,997,55968,42509,13459,3267,10784,45184,7.43550057586478,7.63064586087652,6.81915233895535,6.63460667278849,7.39439520956973,7.44531113425106,188
"190",2017,2,7.43619930475087,863,7.62735384615385,6.85286384976526,6.71372549019608,7.59429824561404,7.41213618157543,650,213,51,114,749,56831,43159,13672,3318,10898,45933,7.43551118632437,7.6305962811928,6.81967754022821,6.63582278481013,7.39648632226096,7.44477017155422,189
"191",2017,3,7.38570754716981,848,7.57787365177196,6.75899497487437,6.14883720930233,7.62096385542169,7.36018300653595,649,199,43,83,765,57679,43808,13871,3361,10981,46698,7.43477897033583,7.62981521411614,6.81880695912335,6.62959238321928,7.39818303797468,7.44338447663711,190
"192",2017,4,7.4444502617801,764,7.58449050086356,7.00616216216216,6.83555555555556,7.49939393939394,7.43627067669173,579,185,45,99,665,58443,44387,14056,3406,11080,47363,7.43490539893572,7.62922398224705,6.82127286070006,6.6323135642983,7.39908735920577,7.44328459535925,191
"193",2017,5,7.40707756232687,722,7.63521072796935,6.81165,6.57758620689655,7.44506024096386,7.40214397496088,522,200,58,83,639,59165,44909,14256,3464,11163,48002,7.43456581137497,7.62929356921775,6.82113785984849,6.63139722863741,7.39942918032787,7.44273693366943,192
"194",2017,6,7.47725538461538,650,7.69407659574468,6.91111111111111,6.2125,7.45982926829268,7.47977112676056,470,180,40,82,568,59815,45379,14436,3504,11245,48570,7.43502971211235,7.62996454086692,6.8222597208368,6.62661529680365,7.39986962561138,7.44317002861849,193
"195",2017,7,7.39713296398892,722,7.63597302504817,6.78650246305419,6.88205128205128,7.4972972972973,7.38569444444444,519,203,39,74,648,60537,45898,14639,3543,11319,49218,7.43457773312189,7.63003248289686,6.82176387253228,6.62942703923229,7.4005065765527,7.4424133099679,194
"196",2017,8,7.47904055766793,789,7.66050343642612,6.96884057971014,6.59487179487179,7.33865979381443,7.49871820809249,582,207,39,97,692,61326,46480,14846,3582,11416,49910,7.43514977709291,7.63041402538726,6.82381458507342,6.62905080960357,7.39998107393132,7.44319397495492,195
"197",2017,9,7.47363507779349,707,7.72144787644788,6.79444444444444,6.61333333333333,7.28275862068966,7.50041935483871,518,189,45,87,620,62033,46998,15035,3627,11503,50530,7.43558840020634,7.63141737733521,6.82344538277353,6.62885580369451,7.39909449187169,7.44389612685533,196
"198",2017,10,7.31685019206146,781,7.53841155234657,6.77612334801762,7.015,7.35020408163265,7.31206442166911,554,227,48,98,683,62814,47552,15262,3675,11601,51213,7.43411206466711,7.63033382192127,6.82274153649587,6.63389931972789,7.39868148780278,7.44213795891668,197
"199",2017,11,7.36313271245634,859,7.58385483870968,6.79054811715481,6.74903278688525,7.40348214285714,7.35708299866131,620,239,61,112,747,63673,48172,15501,3736,11713,51960,7.43315449609725,7.62973561197376,6.82224516676344,6.63577917558887,7.3987273917869,7.44091517109315,198
"200",2017,12,7.50146100116414,859,7.6990859375,6.92392694063927,6.62906976744186,7.65257731958763,7.48222440944882,640,219,43,97,762,64532,48812,15720,3779,11810,52722,7.43406373938511,7.63064490084405,6.82366172582697,6.63570283143689,7.4008123573243,7.44151222051515,199
"201",2018,1,7.40406902086677,1246,7.60558212058212,6.72147887323944,6.5632,7.54734848484848,7.38709156193896,962,284,75,132,1114,65778,49774,16004,3854,11942,53836,7.43349556432242,7.63016050347571,6.82184843351662,6.63429190451479,7.40243208340312,7.44038612248309,200
"202",2018,2,7.45567885117493,766,7.68211367673179,6.82768472906404,6.67368421052632,7.38957446808511,7.4649255952381,563,203,57,94,672,66544,50337,16207,3911,12036,54508,7.43375092014306,7.63074157975247,6.82192153575616,6.63486601892099,7.40233166666667,7.44068865652748,201
"203",2018,3,7.4269906291834,747,7.63862132352941,6.85986206896552,6.32679069767442,7.26060606060606,7.44311600587371,544,203,43,66,681,67291,50881,16410,3954,12102,55189,7.43367587389101,7.6308258269295,6.82239087934187,6.63151568032372,7.40155874566187,7.44071860859954,202
"204",2018,4,7.46862562248996,747,7.63475390654206,7.04938679245283,6.6,7.655625,7.44619691154423,535,212,52,80,667,68038,51416,16622,4006,12182,55856,7.43405959272759,7.63086669985997,6.82528602635062,6.63110659011483,7.40322721556395,7.44078402732025,203
"205",2018,5,7.4358803898051,667,7.58325597046414,7.07393207253886,6.64666666666667,7.23363364864865,7.46111860033727,474,193,30,74,593,68705,51890,16815,4036,12256,56449,7.43407726933993,7.63043178974754,6.82813994766578,6.63122224975223,7.40220323351828,7.44099764318234,204
"206",2018,6,7.5086529318542,631,7.6593762993763,7.02533333333333,7.14473684210526,7.6695652173913,7.48889679715302,481,150,38,69,562,69336,52371,16965,4074,12325,57011,7.43475595347294,7.63069762979512,6.82988347892721,6.63601202749141,7.40370002677485,7.44146982091175,205
"207",2018,7,7.4024219047619,651,7.57132087136929,6.9207100591716,6.88333333333333,7.42283950617284,7.39952045614035,482,169,39,81,570,69987,52853,17134,4113,12406,57581,7.43445519096404,7.63015613550792,6.83077934049259,6.63835716022368,7.40382499032726,7.44105456001111,206
"208",2018,8,7.34854992319508,651,7.64032258064516,6.61911827956989,6.4280487804878,7.3640243902439,7.34631985940246,465,186,41,82,569,70638,53318,17320,4154,12488,58150,7.43366348778278,7.63024479969241,6.82850630600462,6.63628141550313,7.4035636475016,7.44012757730008,207
"209",2018,9,7.38637417218543,604,7.64070953436807,6.63666666666667,6.85702702702703,7.76757575757576,7.33960966542751,451,153,37,66,538,71242,53769,17473,4191,12554,58688,7.43326256211224,7.63033257508974,6.82682648772392,6.638230255309,7.40547736418671,7.43920611743457,208
"210",2018,10,7.38086570460705,738,7.53470085664336,6.85078313253012,6.78088235294118,7.45625,7.37170044072948,572,166,34,80,658,71980,54341,17639,4225,12634,59346,7.43272534509586,7.62932594394656,6.82705194285391,6.63937822485207,7.405798862593,7.43845764685067,209
"211",2018,11,7.31079563658838,809,7.53592460884354,6.71180995475113,6.557,7.52040816326531,7.28190389592124,588,221,50,98,711,72789,54929,17860,4275,12732,60057,7.43137017969748,7.62832610806678,6.82562593617021,6.63841473684211,7.40668102654728,7.43660424563331,210
"212",2018,12,7.31897204693612,767,7.52512301785714,6.76126893719807,6.98933333333333,7.60989010989011,7.27981,560,207,36,91,676,73556,55489,18067,4311,12823,60733,7.43019815609876,7.62728457315864,6.82488857530304,6.64134516353514,7.40812312485378,7.4348590179968,211
"213",2019,1,7.39645765917603,1068,7.555729,6.86983467741936,6.47070909090909,7.70521621621622,7.36064553814002,820,248,55,111,957,74624,56309,18315,4366,12934,61690,7.42971527055639,7.62624254488625,6.82549718209118,6.63919560238204,7.41067278722746,7.43370774063867,212
"214",2019,2,7.46627097468354,790,7.69724713798978,6.79837438423645,6.52,7.73907894736842,7.43723259103641,587,203,50,76,714,75414,56896,18518,4416,13010,62404,7.43009821014666,7.62697510422525,6.8251998536559,6.63784601449276,7.41259122444274,7.43374807047625,213
"215",2019,3,7.3006275579809,733,7.53655493482309,6.65423469387755,6.7825,7.30752688172043,7.299625,537,196,40,93,640,76147,57433,18714,4456,13103,63044,7.42885191038386,7.62612967335852,6.82340925991237,6.63914452423699,7.41184551858353,7.4323865013324,214
"216",2019,4,7.3469757489301,701,7.56161354581673,6.80552763819095,6.79333333333333,7.7538961038961,7.29676282051282,502,199,45,77,624,76848,57935,18913,4501,13180,63668,7.42810504398293,7.62557064865798,6.82322111193359,6.64068606976228,7.4138438414264,7.43105727508324,215
"217",2019,5,7.35001481481481,675,7.56681553398058,6.6521875,6.91363636363636,7.14647887323944,7.37394039735099,515,160,33,71,604,77523,58450,19073,4534,13251,64272,7.42742510506559,7.62505296030796,6.82178634142505,6.64267269519189,7.41241127688476,7.4305205157767,216
"218",2019,6,7.38678861280488,656,7.62538830927835,6.71005847953216,6.434375,7.44190476190476,7.37869463286713,485,171,48,84,572,78179,58935,19244,4582,13335,64844,7.42708412425332,7.62505572003054,6.82079354032426,6.64049061545177,7.41259706261717,7.43006335081118,217
"219",2019,7,7.37750975146199,684,7.56195850194552,6.81982352941176,6.50540540540541,7.13223684210526,7.40816886513158,514,170,37,76,608,78863,59449,19414,4619,13411,65452,7.42665415239085,7.62451017729482,6.8207850463583,6.63940852998485,7.41100826411155,7.42985996745707,218
"220",2019,8,7.30748625,808,7.54839463793103,6.69464912280702,6.45116279069767,7.46376470588235,7.28911326417704,580,228,43,85,723,79671,60029,19642,4662,13496,66175,7.42544558634886,7.62377474920455,6.8193208884024,6.63767224367225,7.41134053275044,7.42832222863619,219
"221",2019,9,7.33701930263158,760,7.5260904159132,6.83191628019324,6.47450980392157,7.47359036144578,7.32027573116691,553,207,51,83,677,80431,60582,19849,4713,13579,66852,7.42461003816936,7.62288307451058,6.81945224243035,6.63590664120518,7.4117210273216,7.42722805824807,220
"222",2019,10,7.35067011673152,771,7.51666077601411,6.8893137254902,6.86944444444444,7.69066176470588,7.31778330014225,567,204,36,68,703,81202,61149,20053,4749,13647,67555,7.42390799044359,7.62189813537425,6.82016294619259,6.63767698462834,7.41311092767641,7.42608913936792,221
"223",2019,11,7.30212916981132,795,7.49550541595925,6.74922330097087,6.67755102040816,7.56158536585366,7.27228988779804,589,206,49,82,713,81997,61738,20259,4798,13729,68268,7.42272728673,7.62069230895073,6.81944160916136,6.63808420175073,7.41399772962342,7.42448283969063,222
"224",2019,12,7.35803886965377,982,7.55638850558659,6.82413533834586,6.21296296296296,7.67849557522124,7.31636843498274,716,266,54,113,869,82979,62454,20525,4852,13842,69137,7.42196174333265,7.61995510199507,6.81950243897686,6.63335284418797,7.41615697370322,7.42312392308026,223
"225",2020,1,7.40579431283219,1317,7.59806664278403,6.85329411764706,6.78047619047619,7.54607843137255,7.38735490549828,977,340,63,153,1164,84296,63431,20865,4915,13995,70301,7.42170915120528,7.61961796361401,6.82005308219507,6.63523865717192,7.41757733690604,7.42253168205289,224
"226",2020,2,7.31077453,1000,7.56385261971831,6.69116955172414,6.19882352941177,7.28129032258065,7.31379771775083,710,290,51,93,907,85296,64141,21155,4966,14088,71208,7.42040856710749,7.6190006767902,6.81828630252896,6.63075674587193,7.4166776568711,7.42114670135378,225
"227",2020,3,7.44929071585903,908,7.63627296923077,6.97821139534884,6.84961538461538,7.65565217391304,7.41936440100883,650,258,52,115,793,86204,64791,21413,5018,14203,72001,7.42071278722565,7.61917395687673,6.82021320085929,6.63302471104026,7.41861260508343,7.42112707156845,226
"228",2020,4,7.3557813003096,969,7.56067486049927,6.87129340277778,6.48362068965517,7.06383050420168,7.39665441176471,681,288,58,119,850,87173,65472,21701,5076,14322,72851,7.41999102004061,7.61856548478739,6.82089110041012,6.63131757289204,7.4156647577154,7.42084153312926,227
"229",2020,5,7.47680720730397,931,7.6538958788774,7.0048031496063,6.94960784313725,7.74273936170213,7.44694146953405,677,254,51,94,837,88104,66149,21955,5127,14416,73688,7.42059139993644,7.61892707266928,6.82301880072877,6.63448371367271,7.41779745837958,7.42113799451742,228
"230",2020,6,7.29224124156545,741,7.53658037593985,6.67028708133971,6.49860465116279,7.39985915492958,7.28083695522388,532,209,43,71,670,88845,66681,22164,5170,14487,74358,7.41952091237549,7.61827008728124,6.82157858554413,6.63335357833656,7.41770954372886,7.41987381720864,229
"231",2020,7,7.35616922193878,784,7.60082746478873,6.71280865740741,6.6530612244898,7.43461538461538,7.34417157352941,568,216,49,104,680,89629,67249,22380,5219,14591,75038,7.41896676444008,7.61812276301506,6.820528795353,6.63353860892892,7.4178300431773,7.41918779778246,230
"232",2020,8,7.40977477886978,814,7.65214448805461,6.78684210526316,6.72934782608696,7.61782178217822,7.38030388499299,586,228,46,101,713,90443,67835,22608,5265,14692,75751,7.41888403524872,7.61841666337437,6.8201890675867,6.63437568850902,7.41920488429077,7.41882180618077,231
"233",2020,9,7.36655569667078,811,7.55553491554054,6.85570776255708,6.79583333333333,7.33315021978022,7.37077777777778,592,219,48,91,720,91254,68427,22827,5313,14783,76471,7.41841897856533,7.6178726384322,6.82052983046393,6.63583436853002,7.41867515592234,7.41836945561062,232
"234",2020,10,7.39911359776536,895,7.58357623255814,6.9232,6.87931034482759,7.75813953488372,7.36094767614339,645,250,58,86,809,92149,69072,23077,5371,14869,77280,7.41823147445985,7.61755237578179,6.82164208692638,6.63846360081922,7.42063856547179,7.41776833993271,233
"235",2020,11,7.44818204301075,1023,7.59830086500655,7.00764103846154,6.55397442307692,7.58232291666667,7.43429043149946,763,260,52,96,927,93172,69835,23337,5423,14965,78207,7.41856032252179,7.61734203851937,6.82371432103527,6.63765345196386,7.42167576545272,7.41796417890981,234
"236",2020,12,7.43683096226415,1060,7.63299596446701,6.86852941176471,6.6958064516129,7.73359649122807,7.40106852008457,788,272,62,114,946,94232,70623,23609,5485,15079,79153,7.418765845891,7.61751670249069,6.8242306370452,6.63831078760255,7.42403394323231,7.41776224981997,235
"237",2021,1,7.47797541316527,1428,7.67541833179723,6.8534110787172,6.55230769230769,7.55584415584416,7.46856270800628,1085,343,65,154,1274,95660,71708,23952,5550,15233,80427,7.41964971858666,7.61839280094271,6.82464850993654,6.63730354414415,7.42536649576577,7.4185669520186,236
"238",2021,2,7.43961459375,960,7.67387158640227,6.78849082677165,6.49770833333333,7.7490990990991,7.39915195524146,706,254,48,111,849,96620,72414,24206,5598,15344,81276,7.41984808621404,7.61893369113708,6.82426909774436,6.63610658628082,7.42770840915016,7.41836414513509,237
"239",2021,3,7.46005393743258,927,7.62926756352765,7.02127906976744,6.86,7.55764705882353,7.44798787878788,669,258,50,102,825,97547,73083,24464,5648,15446,82101,7.42023016689391,7.61902828715297,6.82634678629823,6.63808864553824,7.42856647869999,7.41866182214589,238
"240",2021,4,7.42930031839623,848,7.60427164852255,6.88048780487805,6.70606060606061,7.41638888888889,7.43049828608247,643,205,33,72,776,98395,73726,24669,5681,15518,82877,7.42030833639921,7.61889958739115,6.8267966995014,6.63848348354163,7.42850997744555,7.41877265019245,239
"241",2021,5,7.38980856429463,801,7.63308619217082,6.81774987447699,6.32948717948718,7.6608,7.36181358126722,562,239,39,75,726,99196,74288,24908,5720,15593,83603,7.42006205310698,7.61900691121043,6.82670989240405,6.63637669055944,7.42962725774386,7.41827802339629,240
"242",2021,6,7.44979139813582,751,7.613257731569,7.06027027027027,6.89148936170213,7.02686746987952,7.50234032934132,529,222,47,83,668,99947,74817,25130,5767,15676,84271,7.42028543888261,7.61896626114386,6.82877317946677,6.63845581238079,7.42749475822914,7.41894436911867,241
"243",2021,7,7.33025936599424,694,7.56618257261411,6.7938679245283,6.37894736842105,7.60416666666667,7.29855305466238,482,212,38,72,622,100641,75299,25342,5805,15748,84893,7.41966463727507,7.61862838497191,6.82848117749191,6.63675704909561,7.42830250381001,7.41806227757294,242
"244",2021,8,7.46702857142857,805,7.74807628524046,6.62805940594059,6.21458333333333,7.65805882352941,7.44447638888889,603,202,48,85,720,101446,75902,25544,5853,15833,85613,7.420040482227,7.61965677795052,6.82689625743815,6.63329483512729,7.42953595844123,7.41828441860465,243
"245",2021,9,7.42568632373114,729,7.63107377470356,6.95965022421525,6.90636363636364,7.58207792207792,7.40721676380368,506,223,44,77,652,102175,76408,25767,5897,15910,86265,7.42008076427698,7.61973238522144,6.82804517405984,6.63533231643209,7.43027421935889,7.4182007680983,244
"246",2021,10,7.37190293742018,783,7.55875438596491,6.8718779342723,6.4025,7.38734939759036,7.37007142857143,570,213,40,83,700,102958,76978,25980,5937,15993,86965,7.41971436984013,7.61928086063551,6.82840454195535,6.63376362977935,7.43005144938411,7.41781336468694,245
"247",2021,11,7.29720531003382,887,7.55881456521739,6.75588235294118,6.20333333333333,7.42045454545455,7.2836309261577,598,289,60,88,799,103845,77576,26269,5997,16081,87764,7.41866794934759,7.61881475198515,6.82760668468537,6.6294571735868,7.42999893228033,7.41659177305045,246
"248",2021,12,7.34087311146752,1247,7.53134373759647,6.83276470588235,6.58015873015873,7.42963703703704,7.33009691546763,907,340,63,135,1112,105092,78483,26609,6060,16216,88876,7.4177448518441,7.61780388071302,6.82767259198016,6.6289446650165,7.42999591946226,7.41550956546199,247
"249",2022,1,7.33042817485641,1567,7.5055316235504,6.89031390134529,6.66926829268293,7.43414473684211,7.31928689045936,1121,446,82,152,1415,106659,79604,27055,6142,16368,90291,7.41646202308291,7.6162228395558,6.82870523008686,6.62948301367633,7.43003444709189,7.41400160691541,248
"250",2022,2,7.43098600818833,977,7.67963175035868,6.81203571428571,6.52368421052632,7.3601030927835,7.43879923863636,697,280,57,97,880,107636,80301,27335,6199,16465,91171,7.41659385568026,7.61677321888893,6.8285344796049,6.62851019035328,7.42962246158518,7.41424095841879,249
"251",2022,3,7.38621628706999,843,7.61953543189369,6.80340248962656,6.41459459459459,7.21917894736842,7.40743092245989,602,241,37,95,748,108479,80903,27576,6236,16560,91919,7.4163577888808,7.61679377254243,6.82831483899043,6.627240966966,7.4284152071256,7.4141855410742,250
"252",2022,4,7.40458142694064,876,7.5447137399679,7.05951252964427,6.83877551020408,7.39022988505747,7.40616391634981,623,253,49,87,789,109355,81526,27829,6285,16647,92708,7.41626345306571,7.61624295611216,6.83041671170362,6.62889016229117,7.42821564426023,7.41411727229581,251
"253",2022,5,7.34514654161782,853,7.4855612244898,7.03358490566038,6.87037037037037,7.27584269662921,7.35321989528796,588,265,54,89,764,110208,82114,28094,6339,16736,93472,7.41571301457245,7.6153071734418,6.83233311988325,6.63094725824263,7.42740534357075,7.4136195232797,252
"254",2022,6,7.35877289836888,797,7.61493647912886,6.7850081300813,6.67059459459459,7.35311764705882,7.35930041152263,551,246,37,68,729,111005,82665,28340,6376,16804,94201,7.41530419269403,7.61530470259481,6.83192232427664,6.63117733218319,7.42710472685075,7.41319916009384,253
"255",2022,7,7.38510822888283,734,7.52213250972763,7.06496968181818,7.00375,7.42640243902439,7.37991478527607,514,220,40,82,652,111739,83179,28560,6416,16886,94853,7.41510583905351,7.6147289502158,6.8337175070028,6.63350010442643,7.42710131647519,7.41297037015171,254
"256",2022,8,7.4098353373494,830,7.59653424870466,6.97916334661355,6.6475,7.5989156626506,7.38882641231593,579,251,40,83,747,112569,83758,28811,6456,16969,95600,7.41506697829776,7.61460317438334,6.83498462392836,6.63358684479554,7.42794170723083,7.41278171391213,255
"257",2022,9,7.29453843110505,733,7.53902832046332,6.70548837209302,6.55282051282051,7.09651162790698,7.32086038639876,518,215,39,86,647,113302,84276,29026,6495,17055,96247,7.4142872266156,7.61413865572642,6.8340254254806,6.63310187374904,7.42627046789798,7.41216379232599,256
"258",2022,10,7.38294674556213,845,7.56712605042017,6.9446,6.86486486486486,7.39675324675325,7.3815625,595,250,37,77,768,114147,84871,29276,6532,17132,97015,7.4140552213374,7.61380906729036,6.83496966798743,6.63441467697489,7.42613780235816,7.4119215432665,257
"259",2022,11,7.29599044101433,907,7.473669328,6.90219858156028,6.835,7.388,7.28769631009615,625,282,32,75,832,115054,85496,29558,6564,17207,97847,7.41312448658891,7.61278460606344,6.83561106976115,6.63539254570384,7.42597157145348,7.4108652472738,258
"260",2022,12,7.36357018034265,1109,7.53901042553191,6.91138709677419,6.65576923076923,7.43693577981651,7.35557333,799,310,52,109,1000,116163,86295,29868,6616,17316,98847,7.4126513951086,7.61210153554667,6.83639754921655,6.63555270102781,7.42604058847309,7.41030587858003,259
