"","year","month","avg_rating","no_ratings","avg_rating_owned","avg_rating_not_owned","avg_rating_prev_owned","avg_rating_comment","avg_rating_no_comment","no_ratings_owned","no_ratings_not_owned","no_ratings_prev_owned","no_ratings_comment","no_ratings_no_comment","cum_no_ratings","cum_no_ratings_owned","cum_no_ratings_not_owned","cum_no_ratings_prev_owned","cum_no_ratings_comment","cum_no_ratings_no_comment","cum_avg_rating","cum_avg_rating_owned","cum_avg_rating_not_owned","cum_avg_rating_prev_owned","cum_avg_rating_comment","cum_avg_rating_no_comment","month_after_release"
"1",2001,6,7,8,7.6,6,NA,8,6.85714285714286,5,3,0,1,7,8,5,3,0,1,7,7,7.6,6,NA,8,6.85714285714286,0
"2",2001,7,8.5,4,8.5,NA,NA,8,8.66666666666667,4,0,0,1,3,12,9,3,0,2,10,7.5,8,6,NA,8,7.4,1
"3",2001,8,6.90909090909091,11,6.88888888888889,7,8,8,6.5,9,2,1,3,8,23,18,5,1,5,18,7.21739130434783,7.44444444444444,6.4,8,8,7,2
"4",2001,9,6.6,5,6.6,NA,NA,8.5,5.33333333333333,5,0,0,2,3,28,23,5,1,7,21,7.10714285714286,7.26086956521739,6.4,8,8.14285714285714,6.76190476190476,3
"5",2001,10,5.8,5,7,4,NA,4,7,3,2,0,2,3,33,26,7,1,9,24,6.90909090909091,7.23076923076923,5.71428571428571,8,7.22222222222222,6.79166666666667,4
"6",2001,11,6.28571428571429,7,6.28571428571429,NA,NA,5.5,6.6,7,0,0,2,5,40,33,7,1,11,29,6.8,7.03030303030303,5.71428571428571,8,6.90909090909091,6.75862068965517,5
"7",2001,12,7.66666666666667,6,8,6,NA,6,8.5,5,1,0,2,4,46,38,8,1,13,33,6.91304347826087,7.15789473684211,5.75,8,6.76923076923077,6.96969696969697,6
"8",2002,1,7.81818181818182,11,8.125,7,NA,7.33333333333333,8,8,3,0,3,8,57,46,11,1,16,41,7.08771929824561,7.32608695652174,6.09090909090909,8,6.875,7.17073170731707,7
"9",2002,2,7.22222222222222,9,7.14285714285714,7.5,NA,8,7,7,2,0,2,7,66,53,13,1,18,48,7.10606060606061,7.30188679245283,6.30769230769231,8,7,7.14583333333333,8
"10",2002,3,7.33333333333333,3,7.33333333333333,NA,NA,NA,7.33333333333333,3,0,0,0,3,69,56,13,1,18,51,7.11594202898551,7.30357142857143,6.30769230769231,8,7,7.15686274509804,9
"11",2002,4,9,1,9,NA,NA,NA,9,1,0,0,0,1,70,57,13,1,18,52,7.14285714285714,7.33333333333333,6.30769230769231,8,7,7.19230769230769,10
"12",2002,5,8,6,8,NA,NA,6,8.4,6,0,0,1,5,76,63,13,1,19,57,7.21052631578947,7.3968253968254,6.30769230769231,8,6.94736842105263,7.29824561403509,11
"13",2002,6,7.55,10,7.55,NA,NA,7,7.78571428571429,10,0,0,3,7,86,73,13,1,22,64,7.25,7.41780821917808,6.30769230769231,8,6.95454545454545,7.3515625,12
"14",2002,7,7.6,5,7.66666666666667,7.5,NA,7.5,7.66666666666667,3,2,0,2,3,91,76,15,1,24,67,7.26923076923077,7.42763157894737,6.46666666666667,8,7,7.36567164179105,13
"15",2002,8,7.44117647058824,17,7.8,4.75,4,8,7.20833333333333,15,2,1,5,12,108,91,17,2,29,79,7.2962962962963,7.48901098901099,6.26470588235294,6,7.17241379310345,7.34177215189873,14
"16",2002,9,7.45454545454545,11,7.375,7.66666666666667,NA,9,7.11111111111111,8,3,0,2,9,119,99,20,2,31,88,7.3109243697479,7.47979797979798,6.475,6,7.29032258064516,7.31818181818182,15
"17",2002,10,8.6875,8,8.8,8.5,NA,9.125,8.25,5,3,0,4,4,127,104,23,2,35,92,7.39763779527559,7.54326923076923,6.73913043478261,6,7.5,7.35869565217391,16
"18",2002,11,7.68181818181818,11,8.21428571428571,6.75,NA,7.83333333333333,7.5,7,4,0,6,5,138,111,27,2,41,97,7.42028985507246,7.58558558558559,6.74074074074074,6,7.54878048780488,7.3659793814433,17
"19",2002,12,7.03571428571429,14,7.45454545454545,5.5,NA,6.83333333333333,7.1875,11,3,0,6,8,152,122,30,2,47,105,7.38486842105263,7.57377049180328,6.61666666666667,6,7.45744680851064,7.35238095238095,18
"20",2003,1,7.52777777777778,18,7.96428571428571,6,7.5,7.92857142857143,7.27272727272727,14,4,2,7,11,170,136,34,4,54,116,7.4,7.61397058823529,6.54411764705882,6.75,7.51851851851852,7.3448275862069,19
"21",2003,2,8.04545454545454,11,8.5,6,NA,7.8,8.25,9,2,0,5,6,181,145,36,4,59,122,7.43922651933702,7.66896551724138,6.51388888888889,6.75,7.54237288135593,7.38934426229508,20
"22",2003,3,6.44444444444444,18,6.86666666666667,4.33333333333333,NA,6.4,6.5,15,3,0,10,8,199,160,39,4,69,130,7.34924623115578,7.59375,6.34615384615385,6.75,7.3768115942029,7.33461538461538,21
"23",2003,4,7.46428571428571,14,7.5,7,7,8.375,7.1,13,1,1,4,10,213,173,40,5,73,140,7.35680751173709,7.58670520231214,6.3625,6.8,7.43150684931507,7.31785714285714,22
"24",2003,5,7.075,20,7.32352941176471,5.66666666666667,NA,7.15,7,17,3,0,10,10,233,190,43,5,83,150,7.33261802575107,7.56315789473684,6.31395348837209,6.8,7.39759036144578,7.29666666666667,23
"25",2003,6,7.1,20,8.45833333333333,5.0625,NA,6.27777777777778,7.77272727272727,12,8,0,9,11,253,202,51,5,92,161,7.31422924901186,7.61633663366337,6.11764705882353,6.8,7.28804347826087,7.32919254658385,24
"26",2003,7,6.87017543859649,57,7.4,5.62352941176471,7.66666666666667,7.58823529411765,6.565,40,17,3,17,40,310,242,68,8,109,201,7.23258064516129,7.58057851239669,5.99411764705882,7.125,7.3348623853211,7.1771144278607,25
"27",2003,8,7.53846115384615,26,7.99999941176471,6.66666666666667,10,7.53846076923077,7.53846153846154,17,9,1,13,13,336,259,77,9,122,214,7.25624997023809,7.60810806949807,6.07272727272727,7.44444444444444,7.35655729508197,7.19906542056075,26
"28",2003,9,7.15555555555556,18,7.525,6.41666666666667,7,6.88888888888889,7.42222222222222,12,6,1,9,9,354,271,83,10,131,223,7.25112991525424,7.60442800738007,6.09759036144578,7.4,7.32442740458015,7.20807174887892,27
"29",2003,10,7.04347826086957,23,7.26315789473684,6,NA,6.9,7.15384615384615,19,4,0,10,13,377,290,87,10,141,236,7.23846151193634,7.58206893103448,6.09310344827586,7.4,7.29432617021277,7.20508474576271,28
"30",2003,11,6.66666666666667,9,6.83333333333333,6.33333333333333,NA,5.5,7.6,6,3,0,4,5,386,296,90,10,145,241,7.22512950777202,7.56689185810811,6.10111111111111,7.4,7.24482751724138,7.21327800829875,29
"31",2003,12,7.73529411764706,17,8.15384615384615,6.375,7,7.42857142857143,7.95,13,4,1,7,10,403,309,94,11,152,251,7.24665009925558,7.59158572815534,6.11276595744681,7.36363636363636,7.25328940789474,7.24262948207171,30
"32",2004,1,7.31944444444444,36,7.66071428571429,6.125,8,6.45454545454545,7.7,28,8,1,11,25,439,337,102,12,163,276,7.25261956719818,7.59732934718101,6.11372549019608,7.41666666666667,7.19938644171779,7.28405797101449,31
"33",2004,2,7.275,20,7.63888888888889,4,NA,5.6,7.83333333333333,18,2,0,5,15,459,355,104,12,168,291,7.25359474945534,7.5994365915493,6.07307692307692,7.41666666666667,7.1517856547619,7.31237113402062,32
"34",2004,3,7.45454545454545,33,7.66666666666667,6.5,8,8,7.30769230769231,27,6,2,7,26,492,382,110,14,175,317,7.2670731504065,7.60418845549738,6.09636363636364,7.5,7.18571422857143,7.31198738170347,33
"35",2004,4,7.31578947368421,38,7.62068965517241,6.33333333333333,6,7.57142857142857,7.16666666666667,29,9,1,14,24,530,411,119,15,189,341,7.27056601886792,7.60535277372263,6.11428571428572,7.4,7.21428566137566,7.30175953079179,34
"36",2004,5,7.09090909090909,22,7.47058823529412,5.8,NA,6.71428571428571,7.26666666666667,17,5,0,7,15,552,428,124,15,196,356,7.26340577898551,7.59999997663551,6.10161290322581,7.4,7.19642852040816,7.3002808988764,35
"37",2004,6,7.44117647058824,34,7.61666666666667,6.125,NA,7.31818181818182,7.5,30,4,0,11,23,586,458,128,15,207,379,7.27372011945392,7.60109168122271,6.10234375,7.4,7.20289850241546,7.31240105540897,36
"38",2004,7,7.76315789473684,19,7.55882352941176,9.5,NA,7.625,7.86363636363636,17,2,0,8,11,605,475,130,15,215,390,7.28909089256198,7.59957892631579,6.15461538461539,7.4,7.21860460465116,7.32794871794872,37
"39",2004,8,7.62272727272727,22,7.61578947368421,7.66666666666667,8,7.33636363636364,7.90909090909091,19,3,1,11,11,627,494,133,16,226,401,7.30079743221691,7.60020240890688,6.18872180451128,7.4375,7.22433623893805,7.34389027431421,38
"40",2004,9,7.09,40,7.29411764705882,5.93333333333333,8,7.47368421052632,6.74285714285714,34,6,1,19,21,667,528,139,17,245,422,7.28815590704648,7.58049240530303,6.17769784172662,7.47058823529412,7.24367342857143,7.31398104265403,39
"41",2004,10,7.18965517241379,29,7.38,6,NA,6.95833333333333,7.35294117647059,25,4,0,12,17,696,553,143,17,257,439,7.28405170977012,7.57142855334539,6.17272727272727,7.47058823529412,7.23035015564202,7.31548974943052,40
"42",2004,11,7.20689655172414,29,7.32,6.5,6,6.81818181818182,7.44444444444444,25,4,2,11,18,725,578,147,19,268,457,7.28096550344828,7.56055361591696,6.18163265306123,7.31578947368421,7.21343279850746,7.32056892778993,41
"43",2004,12,7.19090909090909,22,7.34705882352941,6.66,6,7.18333333333333,7.2,17,5,2,12,10,747,595,152,21,280,467,7.27831323962517,7.55445376470588,6.19736842105263,7.19047619047619,7.21214282142857,7.31798715203426,42
"44",2005,1,7.106,50,7.53170731707317,5.16666666666667,2,7.31176470588235,7,41,9,1,17,33,797,636,161,22,297,500,7.26750312421581,7.55298740566038,6.13975155279503,6.95454545454545,7.21784508417508,7.297,43
"45",2005,2,7.01960784313725,51,7.35897435897436,5.91666666666667,7,7.18421052631579,6.921875,39,12,2,19,32,848,675,173,24,316,532,7.25259432783019,7.54177776296296,6.1242774566474,6.95833333333333,7.21582275316456,7.27443609022556,44
"46",2005,3,7.44736842105263,38,7.9,6.57692307692308,7.375,7.46,7.42307692307692,25,13,4,25,13,886,700,186,28,341,545,7.26094806997743,7.55457141428571,6.15591397849462,7.01785714285714,7.23372431085044,7.27798165137615,45
"47",2005,4,7.01666666666667,42,7.37333333333333,6.125,5.33333333333333,7.25,6.84166666666667,30,12,3,18,24,928,730,198,31,359,569,7.24989223060345,7.5471232739726,6.1540404040404,6.85483870967742,7.23454036211699,7.25957820738137,46
"48",2005,5,7.24324324324324,37,7.31666666666667,6.92857142857143,8,7.88888888888889,6.63157894736842,30,7,2,18,19,965,760,205,33,377,588,7.24963729533679,7.53802630263158,6.18048780487805,6.92424242424242,7.2657824668435,7.23928571428571,47
"49",2005,6,7.38108108108108,37,7.65,6.74545454545455,7.23333333333333,7.16875,7.54285714285714,26,11,3,16,21,1002,786,216,36,393,609,7.25449100798403,7.54173026717557,6.20925925925926,6.95,7.26183203562341,7.24975369458128,48
"50",2005,7,7.15238095238095,42,7.73870967741935,5.5,5.5,6.97,7.31818181818182,31,11,2,20,22,1044,817,227,38,413,631,7.25038313218391,7.54920439412485,6.17488986784141,6.87368421052632,7.24769973365617,7.25213946117274,49
"51",2005,8,6.8046875,64,7.23255813953488,5.92857142857143,7.2,6.83823529411765,6.76666666666667,43,21,5,34,30,1108,860,248,43,447,661,7.2246389801444,7.53337208139535,6.15403225806452,6.91162790697674,7.21655478747204,7.23010590015129,50
"52",2005,9,7.28409090909091,44,7.51388888888889,6.25,6.07142857142857,7.275,7.29166666666667,36,8,7,20,24,1152,896,256,50,467,685,7.22690971354167,7.53258927455357,6.15703125,6.794,7.21905779443255,7.23226277372263,51
"53",2005,10,6.94035087719298,57,7.47804878048781,5.5625,7.5,6.61304347826087,7.16176470588235,41,16,2,23,34,1209,937,272,52,490,719,7.21339949545079,7.53020276414087,6.12205882352941,6.82115384615385,7.1906122244898,7.22892906815021,52
"54",2005,11,6.88829787234043,47,7.06875,5.85714285714286,3,6.75,6.953125,40,7,2,15,32,1256,977,279,54,505,751,7.20123406847134,7.51131012282497,6.11541218637993,6.67962962962963,7.17752473267327,7.21717709720373,53
"55",2005,12,6.83522727272727,44,7.68103448275862,5.2,7.25,6.40277777777778,7.13461538461539,29,15,4,18,26,1300,1006,294,58,523,777,7.18884614615385,7.51620277335984,6.0687074829932,6.71896551724138,7.15086040152964,7.21441441441441,54
"56",2006,1,7.03692307692308,65,7.18627450980392,6.49285714285714,6.66666666666667,6.94444444444444,7.10263157894737,51,14,6,27,38,1365,1057,308,64,550,815,7.18161171428571,7.50028381267739,6.08798701298701,6.7140625,7.14072725454545,7.20920245398773,55
"57",2006,2,6.76190476190476,42,6.90909090909091,6.22222222222222,7.66666666666667,6.52777777777778,6.9375,33,9,3,18,24,1407,1090,317,67,568,839,7.169083148543,7.48238531192661,6.09179810725552,6.75671641791045,7.12130279929577,7.20143027413588,56
"58",2006,3,6.92391304347826,46,7.46875,5.67857142857143,7.25,6.84210526315789,6.98148148148148,32,14,2,19,27,1453,1122,331,69,587,866,7.16132139710943,7.48199642602496,6.07432024169184,6.77101449275362,7.11226574105622,7.1945727482679,57
"59",2006,4,6.94324324324324,37,6.94285714285714,6.94444444444444,8,7.38235294117647,6.57,28,9,2,17,20,1490,1150,340,71,604,886,7.15590603355705,7.46886955652174,6.09735294117647,6.8056338028169,7.11986753311258,7.18047404063205,58
"60",2006,5,6.78048780487805,41,7.46666666666667,4.90909090909091,4.66666666666667,7,6.60869565217391,30,11,3,18,23,1531,1180,351,74,622,909,7.14585237753102,7.46881355084746,6.06011396011396,6.71891891891892,7.1163986977492,7.16600660066006,59
"61",2006,6,7.29032258064516,31,7.58333333333333,6.28571428571429,7,6.85,7.5,24,7,1,10,21,1562,1204,358,75,632,930,7.14871958386684,7.4710963372093,6.06452513966481,6.72266666666667,7.11218352848101,7.17354838709677,60
"62",2006,7,7.42459016393443,61,7.69555555555556,6.6625,7.33333333333333,7.49545454545455,7.38461538461539,45,16,9,22,39,1623,1249,374,84,654,969,7.15908810227973,7.47918333867094,6.09010695187166,6.78809523809524,7.12507643730887,7.18204334365325,61
"63",2006,8,6.944,50,7.18947368421053,6.16666666666667,6.66666666666667,6.8125,7.00588235294118,38,12,3,16,34,1673,1287,386,87,670,1003,7.15265988643156,7.47062936285936,6.09248704663213,6.78390804597701,7.11761192537313,7.17607178464606,62
"64",2006,9,6.70135135135135,37,7.19565217391304,5.88928571428571,4,6.39666666666667,6.90909090909091,23,14,1,15,22,1710,1310,400,88,685,1025,7.14289473099415,7.46580151908397,6.085375,6.75227272727273,7.10182480291971,7.17034146341463,63
"65",2006,10,6.8448275862069,29,7.175,6.11111111111111,7.5,7.35,6.57894736842105,20,9,2,10,19,1739,1330,409,90,695,1044,7.13792408855664,7.46142856390977,6.0859413202934,6.76888888888889,7.10539566906475,7.1595785440613,64
"66",2006,11,6.712,50,6.9,6.3125,7,6.21875,6.94411764705882,34,16,4,16,34,1789,1364,425,94,711,1078,7.12602011738401,7.44743401026393,6.09447058823529,6.77872340425532,7.08544302390998,7.15278293135436,65
"67",2006,12,7.21857142857143,70,7.49074074074074,6.3,6.93333333333333,7.06,7.30666666666667,54,16,3,25,45,1859,1418,441,97,736,1123,7.12950510489511,7.44908320874471,6.10192743764172,6.78350515463917,7.08457879076087,7.15894924309884,66
"68",2007,1,6.83733333333333,75,7.125,5.98947368421053,5.5,6.70833333333333,6.89803921568627,56,19,4,24,51,1934,1474,460,101,760,1174,7.11817476215098,7.43677068521031,6.09728260869565,6.73267326732673,7.07269735526316,7.14761499148211,67
"69",2007,2,6.45047589285714,56,7.003125,5.71361041666667,6.28,6.81176470588235,6.29299102564103,32,24,5,17,39,1990,1506,484,106,777,1213,7.09938524623116,7.42755643426295,6.07825754132232,6.71132075471698,7.0669884041184,7.12013738664468,68
"70",2007,3,7.20530303030303,66,7.40869565217391,6.7375,7.7,7.29464285714286,7.13947368421053,46,20,5,28,38,2056,1552,504,111,805,1251,7.1027853307393,7.42699741623711,6.10441795634921,6.75585585585586,7.07490681987578,7.12072474020783,69
"71",2007,4,6.778125,64,7.27560975609756,5.89130434782609,6.3,6.47307692307692,6.98684210526316,41,23,5,26,38,2120,1593,527,116,831,1289,7.09298426415094,7.4231010608914,6.0951169829222,6.73620689655172,7.05607700361011,7.11677785104732,70
"72",2007,5,6.84057971014493,69,7.132,6.07368421052632,6.5,6.81428571428571,6.85208333333333,50,19,4,21,48,2189,1643,546,120,852,1337,7.0850281589767,7.41424223371881,6.09437115384616,6.72833333333333,7.05011735915493,7.10727498130142,71
"73",2007,6,6.83953488372093,43,7.19117647058824,5.51111111111111,5.7,6.25,7.12413793103448,34,9,3,14,29,2232,1677,555,123,866,1366,7.08029867383513,7.40971973166368,6.08491288288288,6.70325203252032,7.03718243648961,7.10763297950219,72
"74",2007,7,6.67021276595745,47,7.01515151515152,5.85714285714286,7,6.83333333333333,6.5,33,14,1,24,23,2279,1710,569,124,890,1389,7.07184143922773,7.40210525730994,6.07930869947276,6.70564516129032,7.03168538202247,7.09757138228942,73
"75",2007,8,6.76271186440678,59,6.76595744680851,6.75,8,7.17368421052632,6.5675,47,12,3,19,40,2338,1757,581,127,909,1429,7.06404047904192,7.38508821286283,6.09316118760757,6.73622047244094,7.03465345434543,7.08273383484954,74
"76",2007,9,7.01896551724138,58,7.5225,5.9,5.64,6.67037037037037,7.32258064516129,40,18,5,27,31,2396,1797,599,132,936,1460,7.06294934891486,7.38814690595437,6.08735667779633,6.69469696969697,7.02414528846154,7.08782647260274,75
"77",2007,10,6.87125,56,7.26625,5.88375,6.27333333333333,6.87578947368421,6.86891891891892,40,16,6,19,37,2452,1837,615,138,955,1497,7.05857122349103,7.38549264561785,6.08205959349593,6.6763768115942,7.02119370680628,7.08241593186373,76
"78",2007,11,6.98533333333333,75,7.17962962962963,6.48571428571429,6.18333333333333,6.56,7.198,54,21,6,25,50,2527,1891,636,144,980,1547,7.05639756232687,7.37961395557906,6.09538781446541,6.65583333333333,7.00942856122449,7.08615168067227,77
"79",2007,12,6.71111111111111,72,7.06530612244898,5.95652173913043,6,6.70294117647059,6.71842105263158,49,23,8,34,38,2599,1940,659,152,1014,1585,7.04683210465564,7.37167525257732,6.09054119878604,6.62131578947368,6.99915186390533,7.07733542586751,78
"80",2008,1,6.94554455445545,101,7.28787878787879,6.3,6.5,6.77674418604651,7.07068965517241,66,35,14,43,58,2700,2006,694,166,1057,1643,7.0430432,7.36891824027916,6.10110468299712,6.6110843373494,6.99010405865658,7.07710082166768,79
"81",2008,2,6.95975609756098,82,7.42105263157895,5.908,7.1,6.54838709677419,7.20980392156863,57,25,10,31,51,2782,2063,719,176,1088,1694,7.04058829618979,7.37035869607368,6.09439033379694,6.63886363636364,6.97751837316176,7.08109601534829,80
"82",2008,3,7.04477611940298,67,7.41489361702128,6.175,7,7.15,6.97804878048781,47,20,5,26,41,2849,2110,739,181,1114,1735,7.04068678132678,7.37135070616114,6.09657192151556,6.64883977900553,6.98154397666068,7.07866089337176,81
"83",2008,4,7.01785714285714,84,7.29032258064516,6.25,6.85714285714286,6.94444444444444,7.05263157894737,62,22,7,27,57,2933,2172,761,188,1141,1792,7.04003294919877,7.36903774861878,6.10100742444152,6.65659574468085,6.98066607361963,7.07783295200893,82
"84",2008,5,6.94893617021277,47,7.29411764705882,6.04615384615385,6.1,6.69047619047619,7.15769230769231,34,13,5,21,26,2980,2206,774,193,1162,1818,7.03859618791946,7.36788304170444,6.10008611111111,6.64217616580311,6.97542167814114,7.0789750550055,83
"85",2008,6,6.83478260869565,69,7.03555555555556,6.45833333333333,6.9,7.31764705882353,6.67692307692308,45,24,5,17,52,3049,2251,798,198,1179,1870,7.0339838110856,7.36123944469125,6.11086046365915,6.64868686868687,6.98035622561493,7.067795,84
"86",2008,7,6.69161764705882,68,7.01729166666667,5.91,6.01818181818182,6.60085714285714,6.78787878787879,48,20,11,35,33,3117,2299,818,209,1214,1903,7.0265148026949,7.35405828186168,6.10594944987775,6.6155023923445,6.96941514827018,7.06294096163952,85
"87",2008,8,6.97297297297297,74,7.43725490196078,5.94347826086956,5.34444444444444,7.11481481481481,6.89148936170213,51,23,9,27,47,3191,2350,841,218,1241,1950,7.02527315575055,7.35586382553191,6.10150612366231,6.56302752293578,6.97257855761483,7.05880853846154,86
"88",2008,9,6.95106382978723,47,7.52592592592593,6.175,5.875,7.28947368421053,6.72142857142857,27,20,12,19,28,3238,2377,861,230,1260,1978,7.02419599752934,7.35779553639041,6.10321329849013,6.52713043478261,6.97735713492063,7.05403268452983,87
"89",2008,10,6.92040816326531,49,7.14838709677419,6.52777777777778,5.72727272727273,7.10526315789474,6.80333333333333,31,18,11,19,30,3287,2408,879,241,1279,2008,7.02264881046547,7.35509966362126,6.1119074516496,6.490622406639,6.97925722439406,7.05028717629482,88
"90",2008,11,6.74302325581395,86,7.17735849056604,6.04545454545455,6.36842105263158,6.95769230769231,6.65,53,33,19,26,60,3373,2461,912,260,1305,2068,7.015519312185,7.35127183665177,6.10950290570175,6.48169230769231,6.97882757854406,7.03867342843327,89
"91",2008,12,6.95,80,7.39836065573771,5.51052631578947,5.67,6.875,6.98214285714286,61,19,10,24,56,3453,2522,931,270,1329,2124,7.01400134375905,7.35241078112609,6.09727889366273,6.45162962962963,6.97695258841234,7.03718298022599,90
"92",2009,1,6.66037735849057,106,7.10073529411765,5.87236842105263,5.44130434782609,5.97105263157895,7.04558823529412,68,38,23,38,68,3559,2590,969,293,1367,2192,7.00346913177859,7.34580308494208,6.088458875129,6.37232081911263,6.94899048280907,7.03744372718978,91
"93",2009,2,6.716015625,128,7.08766233766234,6.15490196078431,5.80434782608696,6.75,6.70112359550562,77,51,23,39,89,3687,2667,1020,316,1406,2281,6.99348973148902,7.33835020247469,6.09178102941176,6.33098101265823,6.94347083214794,7.02432119684349,92
"94",2009,3,6.74179245283019,106,7.12890625,6.15190476190476,6.2,7.12096774193548,6.58506666666667,64,42,20,31,75,3793,2731,1062,336,1437,2356,6.98645574479304,7.33344195898938,6.09415880414312,6.32318452380952,6.94729992345163,7.01033813667233,93
"95",2009,4,6.72771084337349,83,7.22682926829268,6.24047619047619,6.375,6.6625,6.75423728813559,41,42,12,24,59,3876,2772,1104,348,1461,2415,6.98091502579979,7.33186507575757,6.09972522644927,6.32497126436782,6.94262148528405,7.00408142857143,94
"96",2009,5,6.7979381443299,97,7.15952380952381,6.52181818181818,6.16666666666667,6.61739130434783,6.85405405405405,42,55,15,23,74,3973,2814,1159,363,1484,2489,6.97644768185251,7.32929281805259,6.11975552200172,6.31842975206612,6.93758085579515,6.99962099236641,95
"97",2009,6,6.88253012048193,83,7.20714285714286,6.55,6.675,7.27272727272727,6.74180327868852,42,41,10,22,61,4056,2856,1200,373,1506,2550,6.97452579881657,7.32749649509804,6.13445554166667,6.32798927613941,6.94247675298805,6.99345358823529,96
"98",2009,7,6.67434210526316,76,7.05104166666667,6.02857142857143,5.29090909090909,6.76470588235294,6.64830508474576,48,28,11,17,59,4132,2904,1228,384,1523,2609,6.96900451113263,7.32292699380165,6.13204124592834,6.29828125,6.9404924425476,6.98564839018781,97
"99",2009,8,6.72710843373494,83,7.20795454545455,6.18461538461538,5.51333333333333,6.54166666666667,6.80254237288136,44,39,15,24,59,4215,2948,1267,399,1547,2668,6.96424119572954,7.32121098710991,6.13365955011839,6.26877192982456,6.93430510019392,6.98159919415292,98
"100",2009,9,6.66703296703297,91,7.16727272727273,5.90277777777778,6.02941176470588,7.01818181818182,6.55507246376812,55,36,17,22,69,4306,3003,1303,416,1569,2737,6.957960204366,7.31839160506161,6.12728062164236,6.25899038461538,6.93548119184194,6.97084641943734,99
"101",2009,10,6.75729166666667,96,7.274,6.19565217391304,5.95789473684211,6.73809523809524,6.76266666666667,50,46,19,21,75,4402,3053,1349,435,1590,2812,6.95358397092231,7.31766458892892,6.12961204595997,6.24583908045977,6.93287420754717,6.96529397226174,100
"102",2009,11,6.53058823529412,85,6.83913043478261,6.16666666666667,5.94117647058824,6.04545454545455,6.7,46,39,17,22,63,4487,3099,1388,452,1612,2875,6.94557090260753,7.31056146821555,6.13065320605187,6.23438053097345,6.92076302109181,6.95948057391304,101
"103",2009,12,6.32663043478261,92,7.08636363636364,5.63020833333333,5.36111111111111,6.33035714285714,6.325,44,48,27,28,64,4579,3143,1436,479,1640,2939,6.93313532212273,7.30742284123449,6.11392524373259,6.18515657620042,6.91068292073171,6.94566405239877,102
"104",2010,1,6.7015873015873,126,6.95764705882353,6.17073170731707,5.92105263157895,6.90384615384615,6.649,85,41,19,26,100,4705,3228,1477,498,1666,3039,6.92693446121148,7.29821251239157,6.11550213270142,6.17508032128514,6.9105762244898,6.93590215531425,103
"105",2010,2,6.70547945205479,73,6.84130434782609,6.47407407407407,6.21428571428571,6.5,6.75862068965517,46,27,7,15,58,4778,3274,1504,505,1681,3097,6.92355099204688,7.29179291081246,6.12193926196808,6.17562376237624,6.90691254610351,6.93258206328705,104
"106",2010,3,6.70564516129032,62,7.12837837837838,6.08,5.9125,6.83928571428571,6.66666666666667,37,25,8,14,48,4840,3311,1529,513,1695,3145,6.92075963636364,7.2899667743884,6.12125353172008,6.17152046783626,6.90635397640118,6.92852357710652,105
"107",2010,4,6.86904761904762,42,6.98,6.70588235294118,6.5,6.6875,6.91176470588235,25,17,7,8,34,4882,3336,1546,520,1703,3179,6.92031475624744,7.28764388189448,6.12768217981889,6.17594230769231,6.90532588960658,6.92834433784209,106
"108",2010,5,6.365,40,7.075,5.49722222222222,5.31875,6.36153846153846,6.36666666666667,22,18,8,13,27,4922,3358,1564,528,1716,3206,6.91580183665177,7.28625074151281,6.12042624680307,6.16295454545455,6.90120628787879,6.92361405177792,107
"109",2010,6,6.88571428571429,35,7.23809523809524,6.35714285714286,6.61111111111111,6.95454545454545,6.85416666666667,21,14,9,11,24,4957,3379,1578,537,1727,3230,6.91558939681259,7.285951461971,6.12252639416983,6.17046554934823,6.90154602779386,6.92309803405573,108
"110",2010,7,6.47452830188679,53,7.34259259259259,5.57307692307692,5.5,6.765625,6.34864864864865,27,26,11,16,37,5010,3406,1604,548,1743,3267,6.91092348103793,7.28640046682325,6.11362010598504,6.15700729927007,6.90029833046472,6.91659217936945,109
"111",2010,8,7.15454545454545,66,7.67948717948718,6.3962962962963,6.71428571428571,7.05294117647059,7.18979591836735,39,27,7,17,49,5076,3445,1631,555,1760,3316,6.914091142632,7.29085050507983,6.11829960147149,6.16403603603604,6.90177272159091,6.92062926718939,110
"112",2010,9,6.83175675675676,74,7.20555555555556,6.25172413793103,6.25,6.69047619047619,6.8877358490566,45,29,14,21,53,5150,3490,1660,569,1781,3369,6.91290808543689,7.28975071346705,6.12063051204819,6.16615114235501,6.89928129702414,6.92011179875334,111
"113",2010,10,6.79918032786885,61,7.19571428571429,6.26538461538462,5.85714285714286,6.73,6.84722222222222,35,26,14,25,36,5211,3525,1686,583,1806,3405,6.91157678756477,7.28881701843972,6.12286278173191,6.15873070325901,6.89693797895903,6.91934116005874,112
"114",2010,11,6.75478723404255,94,7.44150943396226,5.86707317073171,5.56842105263158,6.335,6.86824324324324,53,41,19,20,74,5305,3578,1727,602,1826,3479,6.9087986126296,7.29107881218558,6.11679018529241,6.14009966777409,6.89078312705367,6.9182542828399,113
"115",2010,12,6.88931506849315,73,7.34893617021277,6.05846153846154,5.76666666666667,6.806,6.92075471698113,47,26,9,20,53,5378,3625,1753,611,1846,3532,6.90853414652287,7.29182896275862,6.11592507130633,6.13459901800327,6.88986456663055,6.91829180351076,114
"116",2011,1,6.79166666666667,84,7.14,6.27941176470588,6,6.58947368421053,6.85076923076923,50,34,12,19,65,5462,3675,1787,623,1865,3597,6.90673684364702,7.28976326258504,6.11903561835478,6.13200642054575,6.88680428418231,6.91707162913539,115
"117",2011,2,6.47209302325581,86,6.726,6.11944444444444,6.53846153846154,6.6,6.41967213114754,50,36,13,25,61,5548,3725,1823,636,1890,3658,6.89999939437635,7.2821959704698,6.11904369171695,6.14031446540881,6.88301057671958,6.9087771049754,116
"118",2011,3,6.57763157894737,76,6.86170212765957,6.11724137931034,6.14285714285714,7.03076923076923,6.48412698412698,47,29,7,13,63,5624,3772,1852,643,1903,3721,6.89564307254623,7.27695651908802,6.11901546976242,6.14034214618974,6.88401996321598,6.90158738242408,117
"119",2011,4,6.94294366197183,71,6.93823529411765,6.95495,7.275,6.83214285714286,6.97015789473684,51,20,8,14,57,5695,3823,1872,651,1917,3778,6.89623277260755,7.27243787339786,6.12794639423077,6.15428571428571,6.88364110067814,6.90262192959238,118
"120",2011,5,6.94230769230769,65,7.25,6.25,6.375,7,6.925,45,20,8,15,50,5760,3868,1892,659,1932,3828,6.89675271527778,7.27217683298863,6.12923660147991,6.15696509863429,6.88454450828157,6.90291422413793,119
"121",2011,6,6.86666666666667,57,7.03194444444444,6.58333333333333,6.17857142857143,7.10555555555556,6.821875,36,21,7,9,48,5817,3904,1913,666,1941,3876,6.89645790613718,7.26996157530738,6.13422145844224,6.15719219219219,6.88556928902628,6.90191064241486,120
"122",2011,7,6.6974025974026,77,7.12666666666667,6.09375,5.54545454545455,6.77222222222222,6.67457627118644,45,32,11,18,59,5894,3949,1945,677,1959,3935,6.89385742110621,7.26832868827551,6.13355560411311,6.14725258493353,6.88452781521184,6.89850207115629,121
"123",2011,8,7.09078947368421,76,7.214,6.85384615384615,7,7.525,6.93571428571429,50,26,11,20,56,5970,3999,1971,688,1979,3991,6.89636442881072,7.26764940985246,6.14305715372907,6.16088662790698,6.89100050025265,6.89902421698822,122
"124",2011,9,6.34528301886792,53,6.85,5.78,5.76666666666667,5.77272727272727,6.4952380952381,28,25,15,11,42,6023,4027,1996,703,1990,4033,6.89151513199402,7.26474546560715,6.13850984468938,6.15247510668563,6.88481909045226,6.89481915447558,123
"125",2011,10,6.69936708860759,79,7.2,5.83620689655172,5.64285714285714,6.05,6.8515625,50,29,14,15,64,6102,4077,2025,717,2005,4097,6.88902747295969,7.2639514324258,6.13418056790123,6.14252440725244,6.87857356109726,6.89414343422016,124
"126",2011,11,6.57555555555556,90,7.09038461538462,5.87105263157895,6.05,6.50909090909091,6.59705882352941,52,38,16,22,68,6192,4129,2063,733,2027,4165,6.88447119509044,7.26176555824655,6.12933380998546,6.14050477489768,6.87456338924519,6.88929307322929,125
"127",2011,12,6.75,70,7.11538461538461,5.69444444444444,6,6.6875,6.76851851851852,52,18,7,16,54,6262,4181,2081,740,2043,4219,6.88296800383264,7.25994498684525,6.12557215281115,6.13917567567568,6.87309837983358,6.8877472505333,126
"128",2012,1,6.94784482758621,116,7.2625,6.35,6.06666666666667,6.75454545454545,6.99308510638298,76,40,18,22,94,6378,4257,2121,758,2065,4313,6.88414795233616,7.25999060136246,6.12980464403583,6.13745382585752,6.87183534624697,6.89004304428472,127
"129",2012,2,6.84461538461538,65,7.12619047619048,6.3304347826087,6.5,6.90625,6.82448979591837,42,23,11,16,49,6443,4299,2144,769,2081,4362,6.8837491292876,7.25868341242149,6.13195692630597,6.14263979193758,6.8720999471408,6.88930665978909,128
"130",2012,3,6.70026849315069,73,6.99835918367347,6.09166666666667,6.32307692307692,6.22666666666667,6.82275172413793,49,24,13,15,58,6516,4348,2168,782,2096,4420,6.88169356046654,7.25574967571297,6.13151090867159,6.14563938618926,6.86748091125954,6.88843331447964,129
"131",2012,4,6.72258064516129,62,7.04186046511628,6,6,6.73461538461538,6.71938775510204,43,19,5,13,49,6578,4391,2187,787,2109,4469,6.88019386439647,7.2536551104532,6.13036838134431,6.14471410419314,6.86666192034139,6.88657982770195,130
"132",2012,5,6.81166666666667,60,7.02826086956522,6.1,6.6,6.61333333333333,6.87777777777778,46,14,9,15,45,6638,4437,2201,796,2124,4514,6.8795744561615,7.25131836601307,6.13017521581099,6.14986180904523,6.86487287664784,6.88649208019495,131
"133",2012,6,6.77592592592593,54,6.8051282051282,6.7,6.5,6.53333333333333,6.84523809523809,39,15,7,12,42,6692,4476,2216,803,2136,4556,6.87873808129109,7.24743065013405,6.13403233303249,6.15291407222914,6.86301029494382,6.88611177568042,132
"134",2012,7,6.94307692307692,65,7.24255319148936,6.16111111111111,6.29166666666667,7.28235294117647,6.82291666666667,47,18,12,17,48,6757,4523,2234,815,2153,4604,6.87935699866805,7.24737996683617,6.13425051477171,6.15495705521472,6.8663214073386,6.88545292137272,133
"135",2012,8,6.72538461538462,65,6.99605263157895,6.34444444444444,6.28,6.64642857142857,6.74705882352941,38,27,10,14,51,6822,4561,2261,825,2167,4655,6.87788995016124,7.24528603157202,6.136760570544,6.15647272727273,6.86490077988002,6.88393668098818,134
"136",2012,9,7.13796296296296,54,7.38461538461539,6.49666666666667,6.54090909090909,7.22222222222222,7.12111111111111,39,15,11,9,45,6876,4600,2276,836,2176,4700,6.87993240837696,7.24646730217391,6.13913253514938,6.16153110047847,6.866378671875,6.8862075,135
"137",2012,10,6.07142857142857,70,6.65555555555556,5.02,5.76923076923077,6,6.09090909090909,45,25,13,15,55,6946,4645,2301,849,2191,4755,6.87178451482868,7.24074264585576,6.12697333767927,6.15552414605418,6.86044727978092,6.87700846477392,136
"138",2012,11,6.60384615384615,78,6.97962962962963,5.75833333333333,6.03,6.54736842105263,6.62203389830508,54,24,10,19,59,7024,4699,2325,859,2210,4814,6.86880911731207,7.23774198552884,6.12316802150537,6.15406286379511,6.85775565158371,6.87388351682592,137
"139",2012,12,6.82402173913044,92,7.12622950819672,6.22935483870968,6.02941176470588,7.1004347826087,6.73188405797101,61,31,17,23,69,7116,4760,2356,876,2233,4883,6.8682300786959,7.23631293907563,6.12456521646859,6.15164383561644,6.86025525750112,6.87187697112431,138
"140",2013,1,6.83645833333333,96,7.30298507462687,5.75862068965517,5.875,6.94545454545455,6.80405405405405,67,29,24,22,74,7212,4827,2385,900,2255,4957,6.86780716028841,7.23723836544438,6.12011557651991,6.14426666666667,6.86108647006652,6.87086448456728,139
"141",2013,2,6.60208333333333,72,6.84268292682927,6.28387096774194,6.30833333333333,6.075,6.68709677419355,41,31,12,10,62,7284,4868,2416,912,2265,5019,6.86518056562328,7.23391528142975,6.12221674254967,6.14642543859649,6.85761588962472,6.86859439131301,140
"142",2013,3,6.39527027027027,74,6.89473684210526,5.86805555555556,5.55263157894737,6.06666666666667,6.47881355932203,38,36,19,15,59,7358,4906,2452,931,2280,5078,6.86045463984779,7.23128813493681,6.11848517536705,6.13430719656284,6.85241227631579,6.8640656262308,141
"143",2013,4,6.68727272727273,55,6.94358974358974,6.0625,5.88888888888889,7.5,6.52826086956522,39,16,9,9,46,7413,4945,2468,940,2289,5124,6.85916973425064,7.22901912841254,6.11812222447326,6.13195744680851,6.85495849279161,6.86105098555816,142
"144",2013,5,6.73384615384615,65,6.91666666666667,6.4,6.35,6.13333333333333,6.914,42,23,12,15,50,7478,4987,2491,952,2304,5174,6.85808040117679,7.22638852817325,6.12072486953031,6.13470588235294,6.85026041232639,6.8615626691148,143
"145",2013,6,6.73636363636364,55,6.96153846153846,6.1875,6.44444444444444,6.31818181818182,6.84090909090909,39,16,9,11,44,7533,5026,2507,961,2315,5218,6.8571917217576,7.22433338440112,6.12115103709613,6.13760665972945,6.84773217710583,6.86138851092372,144
"146",2013,7,6.6485,60,7.15153846153846,5.71428571428571,5.6,6.34375,6.75931818181818,39,21,10,16,44,7593,5065,2528,971,2331,5262,6.85554263663901,7.22377287068115,6.11777122231013,6.13207003089598,6.84427283998284,6.86053501520334,145
"147",2013,8,6.89220779220779,77,7.33222222222222,6.2734375,6.0625,6.66388888888889,6.96186440677966,45,32,12,18,59,7670,5110,2560,983,2349,5321,6.85591072229466,7.22472790410959,6.11971705078125,6.13122075279756,6.84289058748404,6.8616585698177,146
"148",2013,9,6.83333333333333,57,7.15789473684211,6.18421052631579,6.14285714285714,7.27272727272727,6.72826086956522,38,19,7,11,46,7727,5148,2579,990,2360,5367,6.85574417497088,7.22423457459208,6.12019218689414,6.13130303030303,6.84489406355932,6.86051523197317,147
"149",2013,10,6.69787234042553,47,6.95454545454545,6.09285714285714,5.78571428571429,6.75,6.68717948717949,33,14,7,8,39,7774,5181,2593,997,2368,5406,6.85478971443273,7.22251680949624,6.12004460084844,6.12887662988967,6.84457347550676,6.85926475212726,148
"150",2013,11,6.8668115942029,69,7.28119047619048,6.22222222222222,6.4,7.26470588235294,6.73673076923077,42,27,10,17,52,7843,5223,2620,1007,2385,5458,6.85489547877088,7.22298862531112,6.12109757633588,6.13156901688183,6.84756812997904,6.85809733418835,149
"151",2013,12,6.80886075949367,79,7.17894736842105,5.85,5.9625,6.41176470588235,6.91774193548387,57,22,8,17,62,7922,5280,2642,1015,2402,5520,6.85443640999748,7.22251317992424,6.11884014004542,6.13023645320197,6.84448375936719,6.85876725543478,150
"152",2014,1,6.54866071428571,112,6.81521739130435,6.12093023255814,6,6.30076923076923,6.62360465116279,69,43,17,26,86,8034,5349,2685,1032,2428,5606,6.85017366691561,7.21725922415405,6.11887361266294,6.12809108527132,6.83866144563427,6.85515969496967,151
"153",2014,2,6.58035714285714,84,6.82314814814815,6.14333333333333,6.14705882352941,6.18333333333333,6.64652777777778,54,30,17,12,72,8118,5403,2715,1049,2440,5678,6.84738177383592,7.21332030168425,6.11914388581952,6.12839847473785,6.8354385204918,6.85251413349771,152
"154",2014,3,6.53430555555556,72,7.00686274509804,5.38666666666667,5.062,5.80894736842105,6.79433962264151,51,21,10,19,53,8190,5454,2736,1059,2459,5731,6.84462945543346,7.21138973047305,6.11352180190058,6.11832861189802,6.82750711264742,6.85197613854476,153
"155",2014,4,6.8463768115942,69,7.26976744186047,6.14615384615385,6.26923076923077,6.75294117647059,6.87692307692308,43,26,13,17,52,8259,5497,2762,1072,2476,5783,6.84464405375954,7.21184638712025,6.11382898262129,6.12015858208955,6.82699514943457,6.85220045823967,154
"156",2014,5,6.63048780487805,41,6.84791666666667,6.32352941176471,6.57142857142857,6.63636363636364,6.62833333333333,24,17,7,11,30,8300,5521,2779,1079,2487,5813,6.84358617349398,7.21026437058504,6.11511178481468,6.12308619091752,6.82615198632891,6.85104511439876,155
"157",2014,6,6.553,50,6.76612903225806,6.20526315789474,6.31428571428571,6.52777777777778,6.55853658536585,31,19,7,9,41,8350,5552,2798,1086,2496,5854,6.84184613652695,7.2077845082853,6.11572396354539,6.12431860036832,6.82507611778846,6.8489964554151,156
"158",2014,7,6.34019230769231,52,6.70344827586207,5.88217391304348,5.34454545454545,6.03222222222222,6.4046511627907,29,23,11,9,43,8402,5581,2821,1097,2505,5897,6.83874139966675,7.20516387564952,6.11381979794399,6.11649954421148,6.82222754091816,6.84575635916568,157
"159",2014,8,6.33641791044776,67,6.73422222222222,5.52272727272727,5.42307692307692,6.63666666666667,6.27090909090909,45,22,13,12,55,8469,5626,2843,1110,2517,5952,6.83476741527925,7.20139701208674,6.10924574393246,6.10837837837838,6.82134286452126,6.84044443044355,158
"160",2014,9,6.4375,48,6.85294117647059,5.42857142857143,5.5,6.41666666666667,6.44047619047619,34,14,6,6,42,8517,5660,2857,1116,2523,5994,6.83252850064577,7.19930381448763,6.10591027301365,6.10510752688172,6.82038049544193,6.83764185018352,159
"161",2014,10,6.11475409836066,61,6.31818181818182,5.875,5.38461538461539,5.53333333333333,6.30434782608696,33,28,13,15,46,8578,5693,2885,1129,2538,6040,6.82742425273957,7.1941963095029,6.10366920277296,6.09681133746678,6.81277383372734,6.83358033940397,160
"162",2014,11,6.64402985074627,67,7.13194444444444,6.07741935483871,5.74666666666667,7.03333333333333,6.55909090909091,36,31,15,12,55,8645,5729,2916,1144,2550,6095,6.82600291960671,7.19380513004015,6.10339014060357,6.09222027972028,6.81381176078431,6.83110340442986,161
"163",2014,12,6.50066666666667,75,7.01739130434783,5.68103448275862,5.66666666666667,6.425,6.52118644067797,46,29,9,16,59,8720,5775,2945,1153,2566,6154,6.8232047293578,7.19239992900433,6.09923112054329,6.08889852558543,6.81138736944661,6.82813214982125,162
"164",2015,1,6.28023255813954,86,6.51929824561403,5.81034482758621,5.72222222222222,6.62857142857143,6.2125,57,29,9,14,72,8806,5832,2974,1162,2580,6226,6.81790202589144,7.18582126028807,6.09641413920646,6.08605851979346,6.81039534496124,6.82101272887889,163
"165",2015,2,6.77230769230769,65,7.05238095238095,6.26086956521739,6.37272727272727,6.75,6.77457627118644,42,23,11,6,59,8871,5874,2997,1173,2586,6285,6.81756794498929,7.18486714164113,6.09767622622623,6.08874680306905,6.81025521655066,6.82057680986476,164
"166",2015,3,6.48815789473684,76,6.83181818181818,6.015625,6.42941176470588,6.96666666666667,6.30545454545455,44,32,17,21,55,8947,5918,3029,1190,2607,6340,6.81476978204985,7.18224224231159,6.09680939253879,6.09361344537815,6.81151514767932,6.81610808359621,165
"167",2015,4,6.84677419354839,62,7.09333333333333,6.19411764705882,5.5375,7.22105263157895,6.68139534883721,45,17,8,19,43,9009,5963,3046,1198,2626,6383,6.81499003663004,7.18157128794231,6.09735247866054,6.08989983305509,6.81447829017517,6.81520057183143,166
"168",2015,5,6.50204081632653,49,6.96071428571429,5.89047619047619,6.1,6.72222222222222,6.4525,28,21,10,9,40,9058,5991,3067,1208,2635,6423,6.81329711194524,7.18053907361041,6.09593597978481,6.08998344370861,6.81416318406072,6.81294181068037,167
"169",2015,6,6.56492537313433,67,6.98555555555556,5.70454545454545,5.78571428571429,6.8,6.49711538461538,45,22,14,15,52,9125,6036,3089,1222,2650,6475,6.8114734509589,7.17908541915175,6.093148478472,6.08649754500818,6.81408301509434,6.81040544401544,168
"170",2015,7,6.91949152542373,59,7.27307692307692,6.23,5.95555555555556,7.01071428571429,6.89111111111111,39,20,9,14,45,9184,6075,3109,1231,2664,6520,6.81216738240418,7.17968882139918,6.09402883563847,6.0855402112104,6.81511636261261,6.81096246165644,169
"171",2015,8,6.89709677419355,62,7.19605263157895,6.42375,6.69230769230769,7.257,6.82788461538462,38,24,13,10,52,9246,6113,3133,1244,2674,6572,6.81273688513952,7.17979054310486,6.09655462815193,6.09188102893891,6.81676888182498,6.81109635575167,170
"172",2015,9,6.90686274509804,51,7.31818181818182,6.15277777777778,5.55555555555556,6.88888888888889,6.91071428571429,33,18,9,9,42,9297,6146,3151,1253,2683,6614,6.81325322577175,7.18053361373251,6.09687580133291,6.08802873104549,6.81701080506895,6.81172894617478,171
"173",2015,10,6.77311884057971,69,7.04523720930233,6.32307692307692,5.98333333333333,6.75634666666667,6.77777777777778,43,26,12,15,54,9366,6189,3177,1265,2698,6668,6.81295755285074,7.17959359993537,6.09872699087189,6.08703557312253,6.81667353224611,6.81145399670066,172
"174",2015,11,6.51835443037975,79,6.81,6.13235294117647,5.61538461538461,6.878125,6.42698412698413,45,34,13,16,63,9445,6234,3211,1278,2714,6731,6.81049342932769,7.17692569618222,6.09908304266584,6.08223787167449,6.81703581061164,6.80785548209776,173
"175",2015,12,6.67266666666667,75,6.94642857142857,6.32424242424242,6.05,6.8625,6.63650793650794,42,33,10,12,63,9520,6276,3244,1288,2726,6794,6.8094076092437,7.1753831724028,6.10137350493218,6.08198757763975,6.81723594644167,6.80626659552546,174
"176",2016,1,6.33971962616822,107,6.60214285714286,5.84324324324324,5.77777777777778,6.48611111111111,6.31011235955056,70,37,18,18,89,9627,6346,3281,1306,2744,6883,6.80418722758907,7.16906000472739,6.09846255714721,6.07779479326187,6.81506384475219,6.79985111869824,175
"177",2016,2,6.50098039215686,51,6.78939393939394,5.97222222222222,6.08333333333333,6.4375,6.51279069767442,33,18,6,8,43,9678,6379,3299,1312,2752,6926,6.80258942343459,7.16709590688196,6.0977737647772,6.07782012195122,6.81396627543605,6.79806890701704,176
"178",2016,3,6.73827160493827,81,7.15,6.03833333333333,6.72083333333333,6.725,6.74057971014493,51,30,12,12,69,9759,6430,3329,1324,2764,6995,6.80205558356389,7.16696030948678,6.0972381045359,6.08364803625378,6.81358002532561,6.79750182273052,177
"179",2016,4,6.5608,75,6.8552,5.972,5.6,6.72666666666667,6.51933333333333,50,25,5,15,60,9834,6480,3354,1329,2779,7055,6.80021562334757,7.16455475154321,6.09630460644007,6.08182844243792,6.81311089960417,6.79513610914245,178
"180",2016,5,6.85461538461538,65,7.10909090909091,6.32142857142857,6.025,6.5375,6.89912280701754,44,21,10,8,57,9899,6524,3375,1339,2787,7112,6.80057282957875,7.16418068516248,6.09770537777778,6.08140403286034,6.81231976677431,6.79596952334083,179
"181",2016,6,6.64032258064516,62,7.23658536585366,5.47619047619048,5.5,7.66666666666667,6.46603773584906,41,21,12,9,53,9961,6565,3396,1351,2796,7165,6.79957538801325,7.1646328697639,6.09386208775029,6.07623982235381,6.81506981044349,6.79352899511514,180
"182",2016,7,6.79692307692308,65,7.16976744186046,6.06818181818182,6,6.55,6.84181818181818,43,22,8,10,55,10026,6608,3418,1359,2806,7220,6.79955819269898,7.16466628177966,6.09369679637215,6.07579102281089,6.81412515680684,6.79389684903047,181
"183",2016,8,6.52,75,6.812,5.936,6.06666666666667,6.72222222222222,6.49242424242424,50,25,15,9,66,10101,6658,3443,1374,2815,7286,6.79748247104247,7.1620178416942,6.09255174266628,6.07569141193595,6.8138313285968,6.79116596898161,182
"184",2016,9,6.54893939393939,66,6.98166666666667,5.79166666666667,5.92307692307692,6.83,6.49272727272727,42,24,13,11,55,10167,6700,3467,1387,2826,7341,6.79586903117931,7.16088728208955,6.09046889241419,6.07426099495314,6.81389426397735,6.78893001634655,183
"185",2016,10,6.52529411764706,85,6.66864406779661,6.2,5.92307692307692,6.84375,6.45144927536232,59,26,13,16,69,10252,6759,3493,1400,2842,7410,6.79362567694108,7.15659044089362,6.09128418265102,6.07285714285714,6.81406234693878,6.7857874831309,184
"186",2016,11,6.40705128205128,78,6.50980392156863,6.21296296296296,6.28333333333333,6.27777777777778,6.42391304347826,51,27,15,9,69,10330,6810,3520,1415,2851,7479,6.79070672216844,7.15174666519824,6.09221751420455,6.07508833922262,6.81236941073308,6.78244889022597,185
"187",2016,12,6.475,86,6.59396551724138,6.22857142857143,5.875,6.66666666666667,6.44391891891892,58,28,20,12,74,10416,6868,3548,1435,2863,7553,6.78810008064516,7.14703622451951,6.09329358793687,6.07229965156795,6.81175871114216,6.77913216602674,186
"188",2017,1,6.45656862745098,102,6.9815625,5.57236842105263,5.55,6.34615384615385,6.47269662921348,64,38,15,13,89,10518,6932,3586,1450,2876,7642,6.78488500095075,7.14550848095788,6.08777346625767,6.06689655172414,6.80965409944367,6.77556336691965,187
"189",2017,2,6.52375,72,6.93333333333333,5.84111111111111,5.771,6.57142857142857,6.51861538461538,45,27,10,7,65,10590,6977,3613,1460,2883,7707,6.78310957884797,7.14414000143328,6.08593015499585,6.0648698630137,6.80907568158169,6.77339629557545,188
"190",2017,3,6.5,65,6.73469387755102,5.78125,4.85714285714286,6.2,6.54821428571429,49,16,7,9,56,10655,7026,3629,1467,2892,7763,6.78138249084937,7.14128448477085,6.08458684210526,6.05910702113156,6.80718021784232,6.77177189875048,189
"191",2017,4,6.68235294117647,68,6.76530612244898,6.46842105263158,6.15714285714286,6.54545454545455,6.70877192982456,49,19,7,11,57,10723,7075,3648,1474,2903,7820,6.78075449407815,7.13868053568905,6.08658597861842,6.05957259158752,6.80618849121598,6.77131269181586,190
"192",2017,5,6.61506849315068,73,6.69148936170213,6.47692307692308,6.22307692307692,6.81818181818182,6.57903225806452,47,26,13,11,62,10796,7122,3674,1487,2914,7882,6.77963416450537,7.13572940044931,6.08934829885683,6.06100201748487,6.80623376458476,6.76980020933773,191
"193",2017,6,6.65676470588235,68,6.87659574468085,6.1647619047619,5.9375,6.66363636363636,6.65543859649123,47,21,8,11,57,10864,7169,3695,1495,2925,7939,6.7788650994109,7.13403051890082,6.08977690121786,6.06034113712375,6.8056975008547,6.76897912205567,192
"194",2017,7,6.76153846153846,65,7.21341463414634,5.98958333333333,5.625,6.8,6.75454545454545,41,24,10,10,55,10929,7210,3719,1505,2935,7994,6.77876204959283,7.13448194036061,6.0891303172896,6.05744850498339,6.80567808858603,6.76887981611208,193
"195",2017,8,6.67910447761194,67,7.01704545454545,6.03260869565217,5.95454545454545,6.94666666666667,6.60192307692308,44,23,11,15,52,10996,7254,3742,1516,2950,8046,6.77815482357221,7.13376961538461,6.08878291020845,6.0567018469657,6.80639497966102,6.76780080164057,194
"196",2017,9,6.67058823529412,68,7.082,5.52777777777778,5.42857142857143,5.88,6.80689655172414,50,18,7,10,58,11064,7304,3760,1523,2960,8104,6.77749371294288,7.13341522316539,6.08609724734043,6.05381483913329,6.80326526689189,6.76808060834156,195
"197",2017,10,6.77901234567901,81,7.21090909090909,5.86538461538461,5.95454545454545,6.86071428571429,6.76194029850746,55,26,11,14,67,11145,7359,3786,1534,2974,8171,6.77750475011216,7.13399440005435,6.08458152403592,6.05310299869622,6.8035357061197,6.76803025945417,196
"198",2017,11,6.37088607594937,79,6.63559322033898,5.59,6.125,6.14285714285714,6.39305555555556,59,20,8,7,72,11224,7418,3806,1542,2981,8243,6.77464276906629,7.13003030331626,6.08198256699947,6.05347600518807,6.8019842972157,6.76475497391726,197
"199",2017,12,6.29946376811594,69,6.624075,5.85172413793103,5.5,6.08,6.33666101694915,40,29,18,10,59,11293,7458,3835,1560,2991,8302,6.77173943504826,7.12731667873424,6.08024136897001,6.04708974358974,6.79957044132397,6.76171262948687,198
"200",2018,1,6.57979381443299,97,6.71653333333333,6.11363636363636,5.85714285714286,7.08,6.48829268292683,75,22,7,15,82,11390,7533,3857,1567,3006,8384,6.77010477963126,7.12322684056817,6.08043185117967,6.04624122527122,6.80096979041916,6.75903843630725,199
"201",2018,2,6.66871428571429,70,6.90714285714286,6.11238095238095,5.81818181818182,6.19230769230769,6.77736842105263,49,21,11,13,57,11460,7582,3878,1578,3019,8441,6.76948546596859,7.12183036006331,6.08060486075297,6.04465145754119,6.79834885392514,6.75916221419263,200
"202",2018,3,6.64117647058824,51,6.85714285714286,6.16875,6.05555555555556,6.75,6.63191489361702,35,16,9,4,47,11511,7617,3894,1587,3023,8488,6.76891698722961,7.12061412498359,6.08096703903441,6.04471329552615,6.79828487925901,6.75845761663525,201
"203",2018,4,6.61040816326531,49,6.862,6.21315789473684,6.4125,6.61428571428571,6.60976190476191,30,19,8,7,42,11560,7647,3913,1595,3030,8530,6.76824510726644,7.11959955407349,6.08160890621007,6.04655799373041,6.79785979867987,6.75772546893318,202
"204",2018,5,6.37445454545455,55,6.94857142857143,5.36975,5.08136363636364,6.125,6.44406976744186,35,20,11,12,43,11615,7682,3933,1606,3042,8573,6.76638040809299,7.1188203319448,6.07798897787948,6.03994707347447,6.79520551939513,6.75615225125394,203
"205",2018,6,6.70714285714286,42,7.11851851851852,5.96666666666667,5.64285714285714,6.11111111111111,6.86969696969697,27,15,7,9,33,11657,7709,3948,1613,3051,8606,6.76616697606588,7.11881927487352,6.07756602077001,6.03822380657161,6.79318754178958,6.75658764234255,204
"206",2018,7,6.68673469387755,49,6.95909090909091,6.125,5.77777777777778,7.62857142857143,6.52976190476191,33,16,9,7,42,11706,7742,3964,1622,3058,8648,6.7658344814625,7.11813843838801,6.07775747981837,6.03677866831073,6.79509980052322,6.75548603723404,205
"207",2018,8,6.69285714285714,56,7.06052631578947,5.91666666666667,5.64285714285714,6.97142857142857,6.6530612244898,38,18,7,7,49,11762,7780,3982,1629,3065,8697,6.76548702941677,7.11785704241645,6.07702929432446,6.03508594229589,6.79550250897227,6.75490896286076,206
"208",2018,9,6.84392857142857,56,6.82468085106383,6.94444444444444,8.5,7.55,6.78961538461538,47,9,2,4,52,11818,7827,3991,1631,3069,8749,6.76585872736504,7.11609656190111,6.07898537960411,6.03810852237891,6.79648588791137,6.75511524174191,207
"209",2018,10,6.47111111111111,72,6.58127659574468,6.264,6.39090909090909,6.85714285714286,6.42953846153846,47,25,11,7,65,11890,7874,4016,1642,3076,8814,6.76407388057191,7.11290421513843,6.08013711404383,6.04047198538368,6.79662392392718,6.75271423303835,208
"210",2018,11,6.63594594594595,74,6.9362962962963,5.825,5.1875,6.83333333333333,6.5725,54,20,8,18,56,11964,7928,4036,1650,3094,8870,6.76328138080909,7.11170128531786,6.07887280723489,6.03633636363636,6.79683748868778,6.75157646561443,209
"211",2018,12,6.24117647058824,68,6.55952380952381,5.72692307692308,5.88888888888889,6.6,6.13962264150943,42,26,9,15,53,12032,7970,4062,1659,3109,8923,6.76033065492021,7.10879144165621,6.07662005169867,6.03553646775166,6.79588780636861,6.7479416395831,210
"212",2019,1,6.69707068181818,88,6.9510035483871,6.09153846153846,5.94444444444444,6.88461538461539,6.66456293333333,62,26,9,13,75,12120,8032,4088,1668,3122,8998,6.75987134158416,7.10757345742032,6.07671493395303,6.03504496402878,6.79625726777707,6.74724666259169,211
"213",2019,2,6.68625,48,6.77828571428571,6.43846153846154,6.2,6.87272727272727,6.63081081081081,35,13,5,11,37,12168,8067,4101,1673,3133,9035,6.75958092209073,7.1061447886451,6.07786165569374,6.03553795576808,6.79652575486754,6.74676983619258,212
"214",2019,3,6.79107142857143,56,7.03571428571429,6.05714285714286,5.88333333333333,7.1,6.6780487804878,42,14,6,15,41,12224,8109,4115,1679,3148,9076,6.7597251848822,7.1057799987668,6.07779116646416,6.03499404407385,6.7979717884371,6.74645939510798,213
"215",2019,4,6.3875,52,6.61666666666667,5.98947368421053,5.42222222222222,6.7,6.33068181818182,33,19,9,8,44,12276,8142,4134,1688,3156,9120,6.75814847344412,7.10379759395726,6.07738525641026,6.0317268957346,6.79772344423321,6.74445345065789,214
"216",2019,5,6.50666666666667,45,6.91071428571429,5.84117647058823,5.71428571428571,6.66666666666667,6.48205128205128,28,17,7,6,39,12321,8170,4151,1695,3162,9159,6.75722998620242,7.10313586413708,6.07641788725608,6.03041592920354,6.79747475964579,6.74333611420461,215
"217",2019,6,6.63771929824561,57,7.15454545454545,5.92708333333333,5.41666666666667,6.15,6.74148936170213,33,24,15,10,47,12378,8203,4175,1710,3172,9206,6.75667964614639,7.10334268072656,6.07555943712575,6.02503216374269,6.79543354035309,6.74332668585705,216
"218",2019,7,6.71014492753623,69,7.06666666666667,6.04166666666667,6.05555555555556,6.34375,6.82075471698113,45,24,9,16,53,12447,8248,4199,1719,3188,9259,6.75642168072628,7.10314258123181,6.0753657180281,6.02519197207679,6.7931666217064,6.7437698963171,217
"219",2019,8,7.05733333333333,60,7.27631578947368,6.67909090909091,6.25,7.4375,6.99884615384615,38,22,6,8,52,12507,8286,4221,1725,3196,9311,6.75786524826098,7.1039367620082,6.07851235489221,6.02597391304348,6.79477947121402,6.74519444420578,218
"220",2019,9,6.58491228070175,57,6.971,5.67647058823529,5.2,5.875,6.77422222222222,40,17,10,12,45,12564,8326,4238,1735,3208,9356,6.75708060012735,7.10329810353111,6.07689963426145,6.02121325648415,6.79133889962593,6.74533406049594,219
"221",2019,10,6.85,54,7.04736842105263,6.38125,6.7,7.9,6.74285714285714,38,16,6,5,49,12618,8364,4254,1741,3213,9405,6.75747825804406,7.10304399928264,6.07804434649741,6.0235525560023,6.79306417366947,6.74532115576821,220
"222",2019,11,6.51372549019608,51,6.63823529411765,6.26470588235294,6.64285714285714,7.4875,6.33255813953488,34,17,7,8,43,12669,8398,4271,1748,3221,9448,6.75649701318178,7.10116218266254,6.07878732147038,6.02603260869565,6.7947889444272,6.74344257726503,221
"223",2019,12,6.30735294117647,68,6.27083333333333,6.395,6.5,6.7,6.23965517241379,48,20,8,10,58,12737,8446,4291,1756,3231,9506,6.75409913323389,7.09644328794696,6.08026116289909,6.02819191343963,6.79449557103064,6.74036876393856,222
"224",2020,1,6.4714953271028,107,7.02741935483871,5.70555555555556,5.56521739130435,6.21428571428571,6.51021505376344,62,45,23,14,93,12844,8508,4336,1779,3245,9599,6.75174483494238,7.09594029266572,6.07637238238007,6.02220629567173,6.79199235439137,6.73813891759558,223
"225",2020,2,6.48285714285714,70,6.86,5.54,5.07142857142857,5.92857142857143,6.54444444444444,50,20,7,7,63,12914,8558,4356,1786,3252,9662,6.75028733622425,7.09456181467632,6.07390969926538,6.01847984322508,6.79013382226322,6.73687595425378,224
"226",2020,3,6.79761194029851,67,6.96941176470588,6.25,6.1,7.66666666666667,6.71213114754098,51,16,5,6,61,12981,8609,4372,1791,3258,9723,6.75053159694939,7.09382042165176,6.07455412854529,6.01870742601898,6.79174806322897,6.736720710686,225
"227",2020,4,6.6020175,76,6.86022593220339,5.70588235294118,6.08333333333333,6.59090909090909,6.60389738461538,59,17,6,11,65,13057,8668,4389,1797,3269,9788,6.74966715095351,7.0922304268574,6.07312614490772,6.01892320534224,6.79107225145304,6.73583865958316,226
"228",2020,5,6.53910447761194,67,6.4924,6.67647058823529,6.33333333333333,6.42666666666667,6.56363636363636,50,17,6,12,55,13124,8718,4406,1803,3281,9843,6.7485921967388,7.08879024317504,6.07545407399001,6.01996949528563,6.78973946662603,6.73487644010972,227
"229",2020,6,6.30327272727273,55,7.09684210526316,4.52941176470588,4.125,5.6,6.3736,38,17,8,5,50,13179,8756,4423,1811,3286,9893,6.74673374231732,7.08882518730014,6.06951179063984,6.0115985643291,6.7879291509434,6.7330505205701,228
"230",2020,7,6.63328358208955,67,6.9046511627907,6.14708333333333,5.5275,6.34846153846154,6.70185185185185,43,24,12,13,54,13246,8799,4447,1823,3299,9947,6.74615989657255,7.08792514376634,6.06993043624916,6.00841195831048,6.78619739011822,6.7328811500955,229
"231",2020,8,6.7340888,50,7.087611,5.32,5,6.88181818181818,6.69242153846154,40,10,5,11,39,13296,8839,4457,1828,3310,9986,6.746114502858,7.08792372214051,6.06824784608481,6.00565371991247,6.78651516314199,6.73272313639095,230
"232",2020,9,6.78066666666667,75,7.10803571428571,5.81578947368421,5.5,7.12,6.69583333333333,56,19,8,15,60,13371,8895,4476,1836,3325,10046,6.74630831127066,7.08805034064081,6.06717619526363,6.00345043572985,6.78801960601504,6.73250281106908,231
"233",2020,10,6.79616438356164,73,7.06117647058824,6.18181818181818,5.59090909090909,7.25,6.74030769230769,51,22,11,8,65,13444,8946,4498,1847,3333,10111,6.74657902633145,7.08789713615023,6.06773691640729,6.0009935029778,6.78912846984698,6.73255298585699,232
"234",2020,11,6.85405063291139,79,7.038,6,5.4,6.55,6.89811594202899,65,14,5,10,69,13523,9011,4512,1852,3343,10180,6.74720686460105,7.08753720785706,6.06752673980496,5.99937095032397,6.78841315883937,6.73367517092338,233
"235",2020,12,6.73597741935484,93,7.01779857142857,5.87826086956522,5.47272727272727,6.90833333333333,6.71044320987654,70,23,11,12,81,13616,9081,4535,1863,3355,10261,6.74713016524677,7.0869996344015,6.06656684674752,5.99626140633387,6.78884208345753,6.73349177857908,234
"236",2021,1,6.84081632653061,98,7.05714285714286,6.04761904761905,5.44444444444444,7.23636363636364,6.72631578947368,77,21,9,22,76,13714,9158,4556,1872,3377,10337,6.74779964488843,7.08674860013103,6.06647951053556,5.99360844017094,6.79175753331359,6.73343901905775,235
"237",2021,2,6.65152777777778,72,7.00891304347826,6.01923076923077,5.88461538461539,7.216,6.56048387096774,46,26,13,10,62,13786,9204,4582,1885,3387,10399,6.7472968468011,7.08635959148196,6.06621140331733,5.99285676392573,6.79301009447889,6.73240784113857,236
"238",2021,3,6.72785542168675,83,7.15914285714286,5.83333333333333,5.9,6.351,6.79154929577465,56,27,10,12,71,13869,9260,4609,1895,3399,10470,6.74718049823347,7.08679974946004,6.06484717943155,5.99236675461741,6.79144959988232,6.73280889589303,237
"239",2021,4,6.72260273972603,73,7.09224137931034,5.29333333333333,5.35,6.85,6.69754098360656,58,15,4,12,61,13942,9318,4624,1899,3411,10531,6.74705180963994,7.0868336209487,6.06234443122837,5.99101369141653,6.79165558194078,6.73260460924888,238
"240",2021,5,6.66307692307692,65,6.97254901960784,5.53571428571429,5,6.8375,6.63859649122807,51,14,9,8,57,14007,9369,4638,1908,3419,10588,6.74666212108232,7.08621151456933,6.06075477576542,5.98633909853249,6.79176285171103,6.73209852096713,239
"241",2021,6,7.03650793650794,63,7.5046511627907,6.03,5.7,7.8,6.89245283018868,43,20,5,10,53,14070,9412,4658,1913,3429,10641,6.74795993816631,7.08812321291968,6.06062272434521,5.98559069524307,6.79470317585302,6.73289720327037,240
"242",2021,7,6.53962264150943,53,6.59230769230769,6.39285714285714,6.3125,6.33333333333333,6.56595744680851,39,14,8,6,47,14123,9451,4672,1921,3435,10688,6.74717810167811,7.0860772066448,6.06161828981164,5.98695210827694,6.79389728966521,6.73216309318862,241
"243",2021,8,6.75474358974359,78,7.09771929824561,5.82380952380952,5.28,6.5,6.78797101449275,57,21,10,9,69,14201,9508,4693,1931,3444,10757,6.74721965565805,7.0861470004207,6.06055415512465,5.98329104091144,6.79312926538908,6.7325210690713,242
"244",2021,9,6.69090909090909,55,6.56756756756757,6.94444444444444,6.75,6.92857142857143,6.65625,37,18,6,7,48,14256,9545,4711,1937,3451,10805,6.74700240810887,7.08413679203772,6.06393136276799,5.98566597831698,6.7934039959432,6.73218224340583,243
"245",2021,10,6.79848893333333,75,7.03345685185185,6.19428571428571,6.07090909090909,6.70833333333333,6.80632855072464,54,21,11,6,69,14331,9599,4732,1948,3457,10874,6.74727185820948,7.0838516876758,6.06450985841082,5.98614733059548,6.79325634654325,6.73265273220526,244
"246",2021,11,6.44869492063492,63,6.66517681818182,5.94736842105263,5.1875,6.2,6.47013413793103,44,19,8,5,58,14394,9643,4751,1956,3462,10932,6.74596503959983,7.08194131805455,6.06404139128604,5.9828808793456,6.79239953495089,6.73125993322356,245
"247",2021,12,6.36838235294118,68,7.0875,5.05,5.475,7.17222222222222,6.24576271186441,44,24,12,9,59,14462,9687,4775,1968,3471,10991,6.74418965426635,7.08196656653247,6.05894463874346,5.97978404471545,6.79338438202247,6.72865377035756,246
"248",2022,1,6.57310924369748,119,6.66904761904762,6.34285714285714,5.7,6.55555555555556,6.57623762376238,84,35,10,18,101,14581,9771,4810,1978,3489,11092,6.74279341471778,7.0784167567291,6.06101053014553,5.97836956521739,6.79215740613356,6.72726592048323,247
"249",2022,2,6.76609375,64,7.00428571428571,6.31136363636364,5.5,6.81636363636364,6.75566037735849,42,22,9,11,53,14645,9813,4832,1987,3500,11145,6.74289523933083,7.07809947314787,6.06215038286424,5.97620281831907,6.79223348285714,6.72740095020188,248
"250",2022,3,6.81137773333333,75,7.31658906976744,6.1325,5.8,7.054,6.77405123076923,43,32,14,10,65,14720,9856,4864,2001,3510,11210,6.74324416508152,7.07913996144481,6.06261320929276,5.9749700149925,6.79297925641026,6.72767144692239,249
"251",2022,4,6.7344262295082,61,7.06222222222222,5.8125,5.33333333333333,8.08333333333333,6.58727272727273,45,16,3,6,55,14781,9901,4880,2004,3516,11265,6.74320777416954,7.07906307039693,6.06179316598361,5.97400948103792,6.7951812258248,6.7269859671549,250
"252",2022,5,6.25555555555556,72,6.72978723404255,5.364,5.74,6.83333333333333,6.17301587301587,47,25,10,9,63,14853,9948,4905,2014,3525,11328,6.74084387733118,7.07741289304383,6.05823662589195,5.97284756703078,6.79527863546099,6.72390509533898,251
"253",2022,6,6.90483870967742,62,7.09574468085106,6.30666666666667,6.83333333333333,7.3,6.82884615384615,47,15,3,10,52,14915,9995,4920,2017,3535,11380,6.74152558565203,7.07749909554778,6.05899403455285,5.97412741695588,6.79670641867044,6.72438461511423,252
"254",2022,7,7.11190476190476,42,7.06666666666667,7.27777777777778,4,6.6,7.18108108108108,33,9,1,5,37,14957,10028,4929,2018,3540,11417,6.74256562880257,7.07746344834464,6.06121944613512,5.97314915758176,6.79642858474576,6.72586466847683,253
"255",2022,8,6.55896288888889,45,6.82282818181818,5.83333333333333,4,6.44,6.59295228571429,33,12,2,10,35,15002,10061,4941,2020,3550,11452,6.74201489401413,7.07662824669516,6.06066598866626,5.97119554455446,6.79542456056338,6.72545845703807,254
"256",2022,9,6.75873015873016,63,7.19555555555556,5.66666666666667,5.35714285714286,6.8625,6.74363636363636,45,18,7,8,55,15065,10106,4959,2027,3558,11507,6.74208479522071,7.07715780625371,6.0592358640855,5.9690749876665,6.79557537661608,6.72554534196576,255
"257",2022,10,6.695,60,7.075,5.935,5.52222222222222,6.2,6.74,40,20,9,5,55,15125,10146,4979,2036,3563,11562,6.74189801256198,7.07714929923123,6.05873682466359,5.96709970530452,6.79473959865282,6.72561410223145,256
"258",2022,11,6.55933333333333,60,6.71,6.23421052631579,6.1,6.88636363636364,6.48591836734694,41,19,5,11,49,15185,10187,4998,2041,3574,11611,6.74117665064208,7.0756716197114,6.05940389155662,5.96742528172465,6.79502159764969,6.72460255361295,257
"259",2022,12,6.96492537313433,67,7.28586956521739,6.26190476190476,6.16666666666667,6,7.05983606557377,46,21,6,6,61,15252,10233,5019,2047,3580,11672,6.74215954891162,7.07661651421871,6.06025117553297,5.96800928187592,6.79368915921788,6.72635454506511,258
