"","year","month","avg_rating","no_ratings","avg_rating_owned","avg_rating_not_owned","avg_rating_prev_owned","avg_rating_comment","avg_rating_no_comment","no_ratings_owned","no_ratings_not_owned","no_ratings_prev_owned","no_ratings_comment","no_ratings_no_comment","cum_no_ratings","cum_no_ratings_owned","cum_no_ratings_not_owned","cum_no_ratings_prev_owned","cum_no_ratings_comment","cum_no_ratings_no_comment","cum_avg_rating","cum_avg_rating_owned","cum_avg_rating_not_owned","cum_avg_rating_prev_owned","cum_avg_rating_comment","cum_avg_rating_no_comment","month_after_release"
"1",2001,5,8,1,8,NA,NA,8,NA,1,0,0,1,0,1,1,0,0,1,0,8,8,NA,NA,8,NA,0
"2",2001,6,7,1,7,NA,NA,NA,7,1,0,0,0,1,2,2,0,0,1,1,7.5,7.5,NA,NA,8,7,1
"3",2001,7,3.5,2,1,6,NA,NA,3.5,1,1,0,0,2,4,3,1,0,1,3,5.5,5.33333333333333,6,NA,8,4.66666666666667,2
"4",2001,8,5.5,2,6,5,NA,NA,5.5,1,1,0,0,2,6,4,2,0,1,5,5.5,5.5,5.5,NA,8,5,3
"5",2001,9,6.66666666666667,3,7,6,NA,NA,6.66666666666667,2,1,0,0,3,9,6,3,0,1,8,5.88888888888889,6,5.66666666666667,NA,8,5.625,4
"6",2001,10,7,1,7,NA,NA,NA,7,1,0,0,0,1,10,7,3,0,1,9,6,6.14285714285714,5.66666666666667,NA,8,5.77777777777778,5
"7",2001,11,7.4,5,7.4,NA,NA,7.5,7.33333333333333,5,0,0,2,3,15,12,3,0,3,12,6.46666666666667,6.66666666666667,5.66666666666667,NA,7.66666666666667,6.16666666666667,6
"8",2001,12,7.5,4,7.5,7.5,NA,NA,7.5,2,2,0,0,4,19,14,5,0,3,16,6.68421052631579,6.78571428571429,6.4,NA,7.66666666666667,6.5,7
"9",2002,1,6.5,2,7,6,NA,6,7,1,1,0,1,1,21,15,6,0,4,17,6.66666666666667,6.8,6.33333333333333,NA,7.25,6.52941176470588,8
"10",2002,2,6.5,4,8,5,NA,6,7,2,2,0,2,2,25,17,8,0,6,19,6.64,6.94117647058824,6,NA,6.83333333333333,6.57894736842105,9
"11",2002,4,7.5,2,7,8,NA,7.5,NA,1,1,0,2,0,27,18,9,0,8,19,6.7037037037037,6.94444444444444,6.22222222222222,NA,7,6.57894736842105,11
"12",2002,5,7,5,7.5,5,NA,NA,7,4,1,0,0,5,32,22,10,0,8,24,6.75,7.04545454545455,6.1,NA,7,6.66666666666667,12
"13",2002,6,6.6,5,6.33333333333333,7,7,NA,6.6,3,2,1,0,5,37,25,12,1,8,29,6.72972972972973,6.96,6.25,7,7,6.6551724137931,13
"14",2002,7,6.66666666666667,6,6.75,6.5,NA,7,6.6,4,2,0,1,5,43,29,14,1,9,34,6.72093023255814,6.93103448275862,6.28571428571429,7,7,6.64705882352941,14
"15",2002,8,6.25,4,6.25,NA,NA,4,7,4,0,0,1,3,47,33,14,1,10,37,6.68085106382979,6.84848484848485,6.28571428571429,7,6.7,6.67567567567568,15
"16",2002,9,6.5,2,6.5,NA,NA,7,6,2,0,0,1,1,49,35,14,1,11,38,6.6734693877551,6.82857142857143,6.28571428571429,7,6.72727272727273,6.65789473684211,16
"17",2002,10,6.6,5,6.6,NA,NA,7,6.33333333333333,5,0,0,2,3,54,40,14,1,13,41,6.66666666666667,6.8,6.28571428571429,7,6.76923076923077,6.63414634146341,17
"18",2002,11,7.35714285714286,7,7.35714285714286,NA,NA,6.66666666666667,7.875,7,0,0,3,4,61,47,14,1,16,45,6.74590163934426,6.88297872340426,6.28571428571429,7,6.75,6.74444444444444,18
"19",2002,12,6.66666666666667,6,6.66666666666667,NA,NA,7,6.5,6,0,0,2,4,67,53,14,1,18,49,6.73880597014925,6.85849056603774,6.28571428571429,7,6.77777777777778,6.72448979591837,19
"20",2003,1,6.66666666666667,9,7,6,NA,6.66666666666667,6.66666666666667,6,3,0,3,6,76,59,17,1,21,55,6.73026315789474,6.8728813559322,6.23529411764706,7,6.76190476190476,6.71818181818182,20
"21",2003,2,7.5,8,7.66666666666667,7,7,7,7.66666666666667,6,2,1,2,6,84,65,19,2,23,61,6.80357142857143,6.94615384615385,6.31578947368421,7,6.78260869565217,6.81147540983607,21
"22",2003,3,6.6,5,6.66666666666667,6.5,NA,6.33333333333333,7,3,2,0,3,2,89,68,21,2,26,63,6.79213483146067,6.93382352941176,6.33333333333333,7,6.73076923076923,6.81746031746032,22
"23",2003,4,5.5,7,5.75,4,NA,5.25,5.6,6,1,0,2,5,96,74,22,2,28,68,6.69791666666667,6.83783783783784,6.22727272727273,7,6.625,6.72794117647059,23
"24",2003,5,7,12,7.375,6.25,NA,7,7,8,4,0,6,6,108,82,26,2,34,74,6.73148148148148,6.89024390243902,6.23076923076923,7,6.69117647058824,6.75,24
"25",2003,6,6.83333333333333,12,6.875,6.75,NA,6.71428571428571,7,8,4,0,7,5,120,90,30,2,41,79,6.74166666666667,6.88888888888889,6.3,7,6.69512195121951,6.76582278481013,25
"26",2003,7,6.70967741935484,31,7.25,6.13333333333333,NA,6.77777777777778,6.68181818181818,16,15,0,9,22,151,106,45,2,50,101,6.73509933774834,6.94339622641509,6.24444444444444,7,6.71,6.74752475247525,26
"27",2003,8,6.3,10,7.6,5,NA,5.66666666666667,6.57142857142857,5,5,0,3,7,161,111,50,2,53,108,6.70807453416149,6.97297297297297,6.12,7,6.65094339622642,6.73611111111111,27
"28",2003,9,6.43,10,7.16,5.7,NA,6.66666666666667,6.32857142857143,5,5,0,3,7,171,116,55,2,56,115,6.69181286549708,6.98103448275862,6.08181818181818,7,6.65178571428571,6.71130434782609,28
"29",2003,10,6.82142857142857,14,7.42857142857143,6.21428571428571,NA,6.75,6.83333333333333,7,7,0,2,12,185,123,62,2,58,127,6.70162162162162,7.00650406504065,6.09677419354839,7,6.6551724137931,6.72283464566929,29
"30",2003,11,7.6,5,7.6,NA,NA,7.33333333333333,8,5,0,0,3,2,190,128,62,2,61,129,6.72526315789474,7.0296875,6.09677419354839,7,6.68852459016393,6.74263565891473,30
"31",2003,12,6.92307692307692,13,7.28571428571429,6.5,8,6.75,7,7,6,1,4,9,203,135,68,3,65,138,6.73793103448276,7.04296296296296,6.13235294117647,7.33333333333333,6.69230769230769,6.75942028985507,31
"32",2004,1,7.04166666666667,12,7.04545454545455,7,NA,7,7.04545454545455,11,1,0,1,11,215,146,69,3,66,149,6.75488372093023,7.04315068493151,6.14492753623188,7.33333333333333,6.6969696969697,6.78053691275168,32
"33",2004,2,6.92307692307692,13,7.2,6,NA,6,7.2,10,3,0,3,10,228,156,72,3,69,159,6.76447368421053,7.05320512820513,6.13888888888889,7.33333333333333,6.66666666666667,6.80691823899371,33
"34",2004,3,6.72413793103448,29,6.78571428571429,6.5625,6,7,6.63636363636364,21,8,1,7,22,257,177,80,4,76,181,6.75992217898833,7.02146892655367,6.18125,7,6.69736842105263,6.78618784530387,34
"35",2004,4,6.34375,16,6.5,6.14285714285714,7,6.33333333333333,6.35,9,7,1,6,10,273,186,87,5,82,191,6.73553113553114,6.99623655913978,6.17816091954023,7,6.67073170731707,6.76335078534031,35
"36",2004,5,7.20833333333333,12,6.875,7.875,NA,7.5,7.0625,8,4,0,4,8,285,194,91,5,86,199,6.75543859649123,6.99123711340206,6.25274725274725,7,6.7093023255814,6.77537688442211,36
"37",2004,6,6.69565217391304,23,6.92307692307692,6.4,7,6.75,6.68421052631579,13,10,1,4,19,308,207,101,6,90,218,6.75097402597403,6.98695652173913,6.26732673267327,7,6.71111111111111,6.76743119266055,37
"38",2004,7,7.5,11,7.35,9,NA,7.83333333333333,7.375,10,1,0,3,8,319,217,102,6,93,226,6.77680250783699,7.0036866359447,6.29411764705882,7,6.74731182795699,6.78893805309735,38
"39",2004,8,7.19230769230769,13,7.38888888888889,6.75,7,6.91666666666667,7.42857142857143,9,4,2,6,7,332,226,106,8,99,233,6.79307228915663,7.01902654867257,6.31132075471698,7,6.75757575757576,6.80815450643777,39
"40",2004,9,7.29166666666667,12,7.40909090909091,6,6,7,7.5,11,1,1,5,7,344,237,107,9,104,240,6.81046511627907,7.03713080168776,6.30841121495327,6.88888888888889,6.76923076923077,6.82833333333333,40
"41",2004,10,6.70454545454545,22,6.79411764705882,6.4,NA,6.16666666666667,7.07692307692308,17,5,0,9,13,366,254,112,9,113,253,6.80409836065574,7.02086614173228,6.3125,6.88888888888889,6.7212389380531,6.84110671936759,41
"42",2004,11,7.13157894736842,19,7.34615384615385,6.66666666666667,8,7.375,6.95454545454545,13,6,1,8,11,385,267,118,10,121,264,6.82025974025974,7.03670411985019,6.33050847457627,7,6.76446280991736,6.84583333333333,42
"43",2004,12,6.69444444444444,18,7,6.21428571428571,NA,6.6,6.8125,11,7,0,10,8,403,278,125,10,131,272,6.81464019851117,7.03525179856115,6.324,7,6.75190839694656,6.84485294117647,43
"44",2005,1,6.34090909090909,22,7.09090909090909,5.59090909090909,NA,5.58333333333333,6.625,11,11,0,6,16,425,289,136,10,137,288,6.79011764705882,7.03737024221453,6.26470588235294,7,6.7007299270073,6.83263888888889,44
"45",2005,2,7.05,32,7.35217391304348,6.27777777777778,6.5,7.46923076923077,6.76315789473684,23,9,1,13,19,457,312,145,11,150,307,6.80831509846827,7.06057692307692,6.26551724137931,6.95454545454545,6.76733333333333,6.82833876221498,45
"46",2005,3,7.07206896551724,29,7.4295,6.27777777777778,6.5,6.81111111111111,7.49909090909091,20,9,2,18,11,486,332,154,13,168,318,6.82405349794239,7.08280120481928,6.26623376623377,6.88461538461539,6.77202380952381,6.85154088050314,46
"47",2005,4,7.36923076923077,13,7.70909090909091,5.5,NA,7.375,7.36666666666667,11,2,0,4,9,499,343,156,13,172,327,6.83825651302605,7.10288629737609,6.25641025641026,6.88461538461539,6.78604651162791,6.86571865443425,47
"48",2005,5,7.12962962962963,27,7.31578947368421,6.6875,6,7.03571428571429,7.23076923076923,19,8,1,14,13,526,362,164,14,186,340,6.85321292775665,7.11406077348066,6.27743902439024,6.82142857142857,6.80483870967742,6.87967647058824,48
"49",2005,6,7.325,20,7.63333333333333,6.4,7,8.04545454545454,6.44444444444444,15,5,1,11,9,546,377,169,15,197,349,6.87049450549451,7.13472148541114,6.2810650887574,6.83333333333333,6.8741116751269,6.86845272206304,49
"50",2005,7,6.75869565217391,23,7.05384615384615,6.375,7.33333333333333,6.92,6.63461538461539,13,10,3,10,13,569,390,179,18,207,362,6.86597539543058,7.13202564102564,6.28631284916201,6.91666666666667,6.87632850241546,6.86005524861879,50
"51",2005,8,6.7962962962963,27,7.30555555555556,5.77777777777778,7,6.85714285714286,6.73076923076923,18,9,1,14,13,596,408,188,19,221,375,6.86281879194631,7.13968137254902,6.26196808510638,6.92105263157895,6.87511312217195,6.85557333333333,51
"52",2005,9,7.20192307692308,26,7.13235294117647,7.33333333333333,7,7.34090909090909,7.1,17,9,2,11,15,622,425,197,21,232,390,6.87699356913183,7.13938823529412,6.31091370558376,6.92857142857143,6.89719827586207,6.86497435897436,52
"53",2005,10,6.47037037037037,27,6.98235294117647,5.6,6,5.97857142857143,7,17,10,2,14,13,649,442,207,23,246,403,6.86007704160247,7.13334841628959,6.27657004830918,6.84782608695652,6.84491869918699,6.8693300248139,53
"54",2005,11,6.82941176470588,34,7.32631578947368,6.2,7.33333333333333,6.9,6.75,19,15,3,18,16,683,461,222,26,264,419,6.85855051244509,7.14130151843818,6.2713963963964,6.90384615384615,6.84867424242424,6.86477326968974,54
"55",2005,12,6.875,22,7.28333333333333,6,7,6.80555555555556,6.92307692307692,15,7,1,9,13,705,476,229,27,273,432,6.85906382978723,7.14577731092437,6.26310043668122,6.90740740740741,6.84725274725275,6.86652777777778,55
"56",2006,1,6.76923076923077,26,7.10526315789474,5.85714285714286,6,7.13636363636364,6.5,19,7,1,11,15,731,495,236,28,284,447,6.85586867305061,7.14422222222222,6.2510593220339,6.875,6.85845070422535,6.85422818791946,56
"57",2006,2,6.53076923076923,26,6.46315789473684,6.71428571428571,7,6.66666666666667,6.45882352941176,19,7,2,9,17,757,514,243,30,293,464,6.84470277410832,7.119046692607,6.26440329218107,6.88333333333333,6.85255972696246,6.83974137931035,57
"58",2006,3,6.8,22,7.07857142857143,6.3125,5,6,7.1,14,8,2,6,16,779,528,251,32,299,480,6.84344030808729,7.11797348484849,6.26593625498008,6.765625,6.83545150501672,6.84841666666667,58
"59",2006,4,6.535,20,6.76428571428571,6,NA,6.94545454545455,6.03333333333333,14,6,0,11,9,799,542,257,32,310,489,6.83571964956195,7.10883763837638,6.25972762645914,6.765625,6.83935483870968,6.83341513292434,59
"60",2006,5,6.57692307692308,26,6.8125,6.2,5.16666666666667,6.63636363636364,6.53333333333333,16,10,3,11,15,825,558,267,35,321,504,6.82756363636364,7.10034050179211,6.25749063670412,6.62857142857143,6.83239875389408,6.82448412698413,60
"61",2006,6,6.46,20,7.4,5.83333333333333,7,6.18181818181818,6.8,8,12,4,11,9,845,566,279,39,332,513,6.81886390532544,7.10457597173145,6.23924731182796,6.66666666666667,6.81084337349398,6.82405458089669,61
"62",2006,7,6.81666666666667,24,7.43571428571429,5.95,NA,7.38888888888889,6.47333333333333,14,10,0,9,15,869,580,289,39,341,528,6.81880322209436,7.11256896551724,6.22923875432526,6.66666666666667,6.82609970674487,6.81409090909091,62
"63",2006,8,6.72727272727273,22,7.22727272727273,6.22727272727273,6.66666666666667,6.6,6.83333333333333,11,11,3,10,12,891,591,300,42,351,540,6.81654320987654,7.11470389170897,6.22916666666667,6.66666666666667,6.81965811965812,6.81451851851852,63
"64",2006,9,6.66,25,6.89285714285714,6.36363636363636,NA,6.125,6.91176470588235,14,11,0,8,17,916,605,311,42,359,557,6.81227074235808,7.10957024793388,6.23392282958199,6.66666666666667,6.8041782729805,6.81748653500898,64
"65",2006,10,6.84516129032258,31,7.09565217391304,6.125,NA,6.7625,6.93333333333333,23,8,0,16,15,947,628,319,42,375,572,6.81334741288279,7.10906050955414,6.23119122257053,6.66666666666667,6.8024,6.82052447552448,65
"66",2006,11,6.7390243902439,41,7.05769230769231,6.18666666666667,7.5,6.56153846153846,6.82142857142857,26,15,1,13,28,988,654,334,43,388,600,6.81026315789474,7.10701834862385,6.22919161676647,6.68604651162791,6.79432989690722,6.82056666666667,66
"67",2006,12,7.07636363636364,55,7.43846153846154,6.19375,6.25,7.0962962962963,7.05714285714286,39,16,4,27,28,1043,693,350,47,415,628,6.82429530201342,7.125670995671,6.22757142857143,6.64893617021277,6.81397590361446,6.83111464968153,67
"68",2007,1,6.70483870967742,62,6.97142857142857,6.35925925925926,6,6.86428571428571,6.57352941176471,35,27,1,28,34,1105,728,377,48,443,662,6.81759276018099,7.11825549450549,6.23700265251989,6.63541666666667,6.81715575620767,6.81788519637462,68
"69",2007,2,6.53854432432432,37,6.8375,5.98662615384615,6.5,6.64545454545455,6.49331307692308,24,13,1,11,26,1142,752,390,49,454,688,6.80855178633975,7.10929521276596,6.22865676923077,6.63265306122449,6.81299559471366,6.80561938953488,69
"70",2007,3,6.66767441860465,43,7.16181818181818,6.15,6,6.85714285714286,6.57620689655172,22,21,4,14,29,1185,774,411,53,468,717,6.80343978059072,7.11078811369509,6.22463781021898,6.58490566037736,6.81431623931624,6.79634050209205,70
"71",2007,4,6.77857142857143,49,7.335,5.9,6.33333333333333,7.1452380952381,6.50357142857143,30,19,3,21,28,1234,804,430,56,489,745,6.80245230145867,7.11915422885572,6.21029334883721,6.57142857142857,6.82852760736196,6.78533710067114,71
"72",2007,5,6.81176470588235,34,6.78,6.85714285714286,NA,7.2,6.65,20,14,0,10,24,1268,824,444,56,499,769,6.80270200315457,7.11092233009709,6.2306895045045,6.57142857142857,6.83597194388777,6.7811133159948,72
"73",2007,6,7.22058823529412,34,7.392,6.74444444444444,NA,7.46428571428571,7.05,25,9,0,14,20,1302,849,453,56,513,789,6.813614546851,7.11919905771496,6.24089655629139,6.57142857142857,6.85311890838207,6.78792920152091,73
"74",2007,7,6.6797619047619,42,6.971875,6.5,6.5,6.13636363636364,6.87258064516129,16,26,2,11,31,1344,865,479,58,524,820,6.80943165178571,7.11647398843931,6.2549606263048,6.56896551724138,6.83807251908397,6.79112943902439,74
"75",2007,8,6.64594594594595,37,6.92,6.32352941176471,7.25,6.35833333333333,6.784,20,17,2,12,25,1381,885,496,60,536,845,6.80505151339609,7.11203389830509,6.25731076612903,6.59166666666667,6.82733208955224,6.79091850887574,75
"76",2007,9,6.74324324324324,37,7.02173913043478,6.28571428571429,6,6.70833333333333,6.76,23,14,2,12,25,1418,908,510,62,548,870,6.80343874471086,7.10974669603524,6.25809047058824,6.57258064516129,6.82472627737226,6.79003004597701,76
"77",2007,10,6.95108695652174,46,7.27826086956522,6.62391304347826,6.66666666666667,7.27916666666667,6.83529411764706,23,23,3,12,34,1464,931,533,65,560,904,6.80807796448087,7.11390977443609,6.27387643527204,6.57692307692308,6.83446428571429,6.79173245575221,77
"78",2007,11,6.73046875,64,7.19594594594595,6.09259259259259,6.6,6.5,6.80102040816327,37,27,5,15,49,1528,968,560,70,575,953,6.80482731675393,7.11704545454546,6.26513596428571,6.57857142857143,6.82573913043478,6.79221001049318,78
"79",2007,12,6.89666666666667,45,7.26060606060606,5.89583333333333,8,7.10789473684211,6.74230769230769,33,12,1,19,26,1573,1001,572,71,594,979,6.80745463445645,7.12177822177822,6.25738835664336,6.59859154929577,6.83476430976431,6.79088471910113,79
"80",2008,1,6.75984848484848,66,7.1,6.03095238095238,6.33333333333333,6.61527777777778,6.93333333333333,45,21,3,36,30,1639,1046,593,74,630,1009,6.80553760829774,7.12084130019121,6.24936954468803,6.58783783783784,6.82222222222222,6.79512005946482,80
"81",2008,2,6.81627906976744,43,7.11785714285714,6.25333333333333,6,6.94375,6.74074074074074,28,15,1,16,27,1682,1074,608,75,646,1036,6.80581221165279,7.1207635009311,6.24946733552632,6.58,6.82523219814242,6.79370283783784,81
"82",2008,3,7.01111111111111,36,7.20454545454545,6.70714285714286,7.2,7.55714285714286,6.87931034482759,22,14,2,7,29,1718,1096,622,77,653,1065,6.81011416763679,7.12244525547445,6.25976871382637,6.5961038961039,6.83307810107198,6.7960339342723,82
"83",2008,4,6.9725,40,7.2,6.59333333333333,5.4,6.66,7.16,25,15,2,15,25,1758,1121,637,79,668,1090,6.81380895335609,7.12417484388939,6.26762345368917,6.56582278481013,6.82919161676647,6.80438177981652,83
"84",2008,5,6.82432432432432,37,7.14285714285714,6.40625,6.75,7,6.675,21,16,8,17,20,1795,1142,653,87,685,1110,6.81402570473537,7.1245183887916,6.27102012251149,6.58275862068966,6.83343065693431,6.80205057657658,84
"85",2008,6,6.76486486486487,37,7.25263157894737,6.25,6.5,7.26875,6.38095238095238,19,18,2,16,21,1832,1161,671,89,701,1131,6.81303282751092,7.1266149870801,6.27045624441133,6.5808988764045,6.84336661911555,6.79423177718833,85
"86",2008,7,6.68979591836735,49,7.20714285714286,6,6,6.71052631578947,6.67666666666667,28,21,7,19,30,1881,1189,692,96,720,1161,6.80982250930356,7.12851135407906,6.26224875722543,6.53854166666667,6.83986111111111,6.79119391903532,86
"87",2008,8,6.79545454545455,44,6.98214285714286,6.46875,5.58333333333333,6.39285714285714,6.98333333333333,28,16,6,14,30,1925,1217,708,102,734,1191,6.8094940987013,7.12514379622021,6.2669154519774,6.48235294117647,6.83133514986376,6.79603370277078,87
"88",2008,9,6.76515151515152,33,7.025,6.36538461538461,7,6.93333333333333,6.625,20,13,7,15,18,1958,1237,721,109,749,1209,6.80874675178754,7.12352465642684,6.26869090152566,6.51559633027523,6.83337783711615,6.79348729528536,88
"89",2008,10,6.71142857142857,35,6.76,6.59,6.975,6.86111111111111,6.55294117647059,25,10,4,18,17,1993,1262,731,113,767,1226,6.80703770195685,7.11632329635499,6.273086374829,6.53185840707965,6.83402868318123,6.79015182707994,89
"90",2008,11,6.66153846153846,39,7.152,5.78571428571429,6.5,6.98571428571429,6.48,25,14,2,14,25,2032,1287,745,115,781,1251,6.80424514763779,7.11701631701632,6.26392770469799,6.53130434782609,6.83674775928297,6.7839537490008,90
"91",2008,12,6.92682926829268,41,7.2037037037037,6.39285714285714,6.125,6.90909090909091,6.93333333333333,27,14,4,11,30,2073,1314,759,119,792,1281,6.80666962855764,7.11879756468798,6.26630584980237,6.51764705882353,6.83775252525253,6.78745209992194,91
"92",2009,1,6.61481481481481,54,6.90882352941177,6.115,5,6.90555555555556,6.46944444444444,34,20,4,18,36,2127,1348,779,123,810,1317,6.80179884344146,7.11350148367953,6.26242123234917,6.46829268292683,6.83925925925926,6.77875940774488,92
"93",2009,2,6.53308823529412,68,6.96666666666667,6.19078947368421,5.75,6.875,6.4875,30,38,4,8,60,2195,1378,817,127,818,1377,6.79347432346241,7.11030478955007,6.25908952264382,6.44566929133858,6.83960880195599,6.76606836601307,93
"94",2009,3,6.42147540983607,61,6.75357142857143,6.13969696969697,6,6.78272727272727,6.342,28,33,3,11,50,2256,1406,850,130,829,1427,6.78341584219858,7.10320056899004,6.25445428235294,6.43538461538462,6.83885404101327,6.75120962859145,94
"95",2009,4,6.44925373134328,67,6.74838709677419,6.19166666666667,6.33333333333333,6.19230769230769,6.51111111111111,31,36,3,13,54,2323,1437,886,133,842,1481,6.77377793370641,7.0955462769659,6.25190309255079,6.43308270676692,6.82887173396675,6.74245519243754,95
"96",2009,5,6.77777777777778,45,7.175,6.32380952380952,6.08333333333333,6.54166666666667,6.86363636363636,24,21,6,12,33,2368,1461,907,139,854,1514,6.77385394425676,7.0968514715948,6.25356796030871,6.41798561151079,6.82483606557377,6.74509652575958,96
"97",2009,6,6.69772727272727,44,6.52222222222222,6.81923076923077,6.15714285714286,6.45833333333333,6.7875,18,26,7,12,32,2412,1479,933,146,866,1546,6.77246523217247,7.08985801217039,6.2693313397642,6.4054794520548,6.81975750577367,6.74597421733506,97
"98",2009,7,6.37450980392157,51,7.11904761904762,5.85333333333333,6.6,6.54545454545455,6.3275,21,30,5,11,40,2463,1500,963,151,877,1586,6.76422498578969,7.09026666666667,6.25637190031153,6.41192052980132,6.81631698973774,6.73542001261034,98
"99",2009,8,7.00897435897436,39,7.41590909090909,6.48235294117647,6.88333333333333,7.34375,6.92258064516129,22,17,6,8,31,2502,1522,980,157,885,1617,6.76804002398081,7.09497371879107,6.26029197959184,6.42993630573248,6.82108474576271,6.73900812615956,99
"100",2009,9,6.83333333333333,42,7.26086956521739,6.31578947368421,6.66666666666667,6.95454545454545,6.79032258064516,23,19,6,11,31,2544,1545,999,163,896,1648,6.76911797955975,7.09744336569579,6.26134748748749,6.43865030674847,6.82272321428571,6.73997338592233,100
"101",2009,10,6.71703703703704,54,6.96448275862069,6.43,6.58333333333333,7.06818181818182,6.62720930232558,29,25,3,11,43,2598,1574,1024,166,907,1691,6.76803546574288,7.09499364675985,6.26546498046875,6.44126506024096,6.82570011025358,6.7371059373152,101
"102",2009,11,6.70161290322581,62,7.42857142857143,6.32926829268293,6.71428571428571,6.5,6.74509803921569,21,41,7,11,51,2660,1595,1065,173,918,1742,6.76648727067669,7.0993855799373,6.26792125821596,6.45231213872832,6.82179738562091,6.73733991963261,102
"103",2009,12,6.86968253968254,63,7.2,6.60542857142857,6.244,6.72347826086957,6.95375,28,35,10,23,40,2723,1623,1100,183,941,1782,6.76887482188762,7.1011213801602,6.27866012727273,6.44092896174863,6.81939426142402,6.74219760942761,103
"104",2010,1,6.44035087719298,57,6.8375,6.22567567567568,6.35833333333333,6.36538461538461,6.4625,20,37,12,13,44,2780,1643,1137,195,954,1826,6.76213889928057,7.09791235544735,6.27693591908531,6.43584615384615,6.81320754716981,6.73545790799562,104
"105",2010,2,6.6972972972973,37,7.11764705882353,6.34,6.5,6.6,6.7125,17,20,2,5,32,2817,1660,1157,197,959,1858,6.76128723464679,7.09811445783133,6.27802605012965,6.43649746192893,6.81209593326382,6.7350625080732,105
"106",2010,3,6.58205128205128,39,6.95714285714286,6.14444444444444,6.25,7.24,6.48529411764706,21,18,4,5,34,2856,1681,1175,201,964,1892,6.75883968487395,7.09635336109459,6.27597969361702,6.43278606965174,6.8143153526971,6.73057406976744,106
"107",2010,4,6.93333333333333,30,7.05882352941176,6.76923076923077,6,6.97777777777778,6.91428571428571,17,13,1,9,21,2886,1698,1188,202,973,1913,6.76065354816355,7.09597762073027,6.28137722222222,6.43064356435644,6.8158273381295,6.73259076842656,107
"108",2010,5,6.61724137931034,29,7,6.14615384615385,4,6.71111111111111,6.575,16,13,1,9,20,2915,1714,1201,203,982,1933,6.75922680617496,7.09508168028005,6.27991352206495,6.41866995073892,6.81486761710794,6.73096023797206,108
"109",2010,6,6.825,36,7.335,6.1875,5.83333333333333,6.45833333333333,7.00833333333333,20,16,3,12,24,2951,1734,1217,206,994,1957,6.76002919010505,7.09784890426759,6.27869855382087,6.41014563106796,6.81056338028169,6.73436184977006,109
"110",2010,7,6.60581395348837,43,7.2304347826087,5.8875,NA,7.54545454545455,6.2828125,23,20,0,11,32,2994,1757,1237,206,1005,1989,6.75781434201737,7.09958451906659,6.2723735974131,6.41014563106796,6.81860696517413,6.7270971040724,110
"111",2010,8,6.60416666666667,48,7.10869565217391,6.14,6.4,6.07692307692308,6.8,23,25,5,13,35,3042,1780,1262,211,1018,2024,6.75538992110454,7.09970224719101,6.26975129952456,6.40990521327014,6.80913555992141,6.72835777667984,111
"112",2010,9,6.96428571428571,28,7.25333333333333,6.63076923076923,6.5,7.0625,6.925,15,13,2,8,20,3070,1795,1275,213,1026,2044,6.75729515960912,7.1009860724234,6.27343226666667,6.41075117370892,6.81111111111111,6.73028186888454,112
"113",2010,10,6.91944444444444,36,7.08888888888889,6.75,6.625,7.28571428571429,6.83103448275862,18,18,4,7,29,3106,1813,1293,217,1033,2073,6.75917454603992,7.10086596800883,6.28006662026295,6.41470046082949,6.81432720232333,6.73169133622769,113
"114",2010,11,6.62857142857143,49,7.072,6.16666666666667,6.33333333333333,6.721875,6.58333333333333,25,24,6,16,33,3155,1838,1317,223,1049,2106,6.75714616164818,7.1004733405876,6.2780001063022,6.41251121076233,6.81291706387035,6.72936663817664,114
"115",2010,12,6.87,40,7.25,6.3,6.6,7.2,6.82285714285714,24,16,2,5,35,3195,1862,1333,225,1054,2141,6.75855904225352,7.10240064446831,6.27826417104276,6.41417777777778,6.81475332068311,6.73089497431107,115
"116",2011,1,6.81475409836066,61,7.13170731707317,6.165,6.375,7.29285714285714,6.67234042553191,41,20,4,14,47,3256,1903,1353,229,1068,2188,6.75961183660934,7.10303205465055,6.27658990391722,6.41349344978166,6.82102059925094,6.72963717550274,116
"117",2011,2,6.8325,40,7.36666666666667,6.03125,6.83333333333333,6.725,6.84444444444444,24,16,3,4,36,3296,1927,1369,232,1072,2224,6.76049640169903,7.10631551634665,6.27372252739226,6.4189224137931,6.82066231343284,6.73149556654676,117
"118",2011,3,6.98023255813953,43,6.9675,6.99130434782609,6.9,6.47222222222222,7.11470588235294,20,23,5,9,34,3339,1947,1392,237,1081,2258,6.76332618748128,7.10488957370313,6.28557912356322,6.42907172995781,6.81776133209991,6.73726578387954,118
"119",2011,4,6.71818181818182,22,7.44444444444444,6.21538461538462,6.25,6.91666666666667,6.64375,9,13,2,6,16,3361,1956,1405,239,1087,2274,6.76303068729545,7.10645194274029,6.28492963701067,6.42757322175732,6.81830726770929,6.73660780123131,119
"120",2011,5,6.475,30,6.93055555555556,5.79166666666667,4,6.70833333333333,6.41666666666667,18,12,1,6,24,3391,1974,1417,240,1093,2298,6.76048249483928,7.10484802431611,6.28075239237826,6.41745833333333,6.81770356816102,6.7332663794604,120
"121",2011,6,6.776,25,7.16666666666667,6.41538461538462,6.33333333333333,6.71666666666667,6.79473684210526,12,13,3,6,19,3416,1986,1430,243,1099,2317,6.76059605971897,7.10522155085599,6.28197632167832,6.41641975308642,6.81715195632393,6.73377045317221,121
"122",2011,7,6.61428571428571,35,6.88888888888889,6.32352941176471,6.66666666666667,6.78571428571429,6.5,18,17,6,14,21,3451,2004,1447,249,1113,2338,6.75911218197624,7.10327844311377,6.28246450587422,6.42244979919679,6.81675651392633,6.73167071856287,122
"123",2011,8,6.52619047619048,42,6.90416666666667,6.02222222222222,6.1,6.53333333333333,6.52222222222222,24,18,5,15,27,3493,2028,1465,254,1128,2365,6.75631152018322,7.10092209072978,6.27926698976109,6.41610236220472,6.81298758865248,6.72927955179704,123
"124",2011,9,6.60714285714286,35,7.00277777777778,6.18823529411765,6,7.02083333333333,6.39130434782609,18,17,4,12,23,3528,2046,1482,258,1140,2388,6.7548316723356,7.10005865102639,6.27822276653171,6.4096511627907,6.81517543859649,6.72602434673367,124
"125",2011,10,6.89,40,7.3,6.38888888888889,6.75,7.04545454545455,6.83103448275862,22,18,4,11,29,3568,2068,1500,262,1151,2417,6.75634701233184,7.10218568665377,6.27955076,6.41484732824428,6.81737619461338,6.72728429458006,125
"126",2011,11,6.70434782608696,46,7.08333333333333,6.29090909090909,6.5,6.9375,6.65526315789474,24,22,1,8,38,3614,2092,1522,263,1159,2455,6.75568515218594,7.10196940726577,6.27971494086728,6.4151711026616,6.81820534943917,6.72616950712831,126
"127",2011,12,6.50185185185185,54,6.86538461538461,6.16428571428571,6.125,6.59090909090909,6.47906976744186,26,28,8,11,43,3668,2118,1550,271,1170,2498,6.75194823882224,7.09906515580737,6.27762976774193,6.40660516605166,6.81606837606838,6.72191598879103,127
"128",2012,1,6.62777777777778,36,7.18,5.9375,6.3,7.05,6.54333333333333,20,16,5,6,30,3704,2138,1566,276,1176,2528,6.75074139848812,7.09982226379794,6.27415462324393,6.40467391304348,6.8172619047619,6.71979673259494,128
"129",2012,2,6.25405405405405,37,6.47368421052632,6.02222222222222,6,5.5,6.46206896551724,19,18,4,8,29,3741,2157,1584,280,1184,2557,6.74582896017108,7.09430690774223,6.2712917550505,6.39889285714286,6.80836148648649,6.71687373484552,129
"130",2012,3,6.7974358974359,39,6.84736842105263,6.75,7,6.8,6.79705882352941,19,20,3,5,34,3780,2176,1604,283,1189,2591,6.74636141269841,7.09215073529412,6.27726068578553,6.40526501766785,6.80832632464256,6.71792595137013,130
"131",2012,4,6.65121951219512,41,7.2,5.95,6.8,6.4,6.73225806451613,23,18,5,10,31,3821,2199,1622,288,1199,2622,6.74534052342319,7.09327876307412,6.27362893958076,6.41211805555556,6.80492076730609,6.71809540045767,131
"132",2012,5,6.67291666666667,24,6.85,6.425,6.5,6.96666666666667,6.63095238095238,14,10,2,3,21,3845,2213,1632,290,1202,2643,6.74488846293888,7.09173971983732,6.27455645833333,6.41272413793103,6.80532445923461,6.71740300416194,132
"133",2012,6,6.734375,32,7.14210526315789,6.13846153846154,6.83333333333333,6.95833333333333,6.6,19,13,3,12,20,3877,2232,1645,293,1214,2663,6.74480168687129,7.09216845878136,6.27348093617021,6.41703071672355,6.80683690280066,6.71652126924521,133
"134",2012,7,6.82407407407407,27,6.85,6.80882352941176,7.25,6.6875,6.88157894736842,10,17,4,8,19,3904,2242,1662,297,1222,2682,6.74534993340164,7.09108831400535,6.27895676293622,6.42824915824916,6.80605564648118,6.71769058165548,134
"135",2012,8,6.2,43,6.38947368421053,6.05,6,5.58333333333333,6.43870967741935,19,24,8,12,31,3947,2261,1686,305,1234,2713,6.73940870027869,7.08519239274657,6.27569759193357,6.41701639344262,6.79416531604538,6.71450281607077,135
"136",2012,9,6.61111111111111,36,7.10714285714286,6.29545454545455,7.5,6.33333333333333,6.7037037037037,14,22,5,9,27,3983,2275,1708,310,1243,2740,6.738249093648,7.08532747252747,6.27595207259953,6.43448387096774,6.79082864038616,6.71439640145985,136
"137",2012,10,6.571875,32,7.19230769230769,6.14736842105263,6.825,7.1,6.47407407407407,13,19,4,5,27,4015,2288,1727,314,1248,2767,6.73692307347447,7.08593531468531,6.27453742906775,6.43945859872612,6.79206730769231,6.71205136971449,137
"138",2012,11,6.87659574468085,47,7.09655172413793,6.52222222222222,6.95,7,6.84324324324324,29,18,2,10,37,4062,2317,1745,316,1258,2804,6.73853917774495,7.0860681916271,6.27709234383954,6.44268987341772,6.79372019077901,6.71378250356633,138
"139",2012,12,6.90238095238095,42,7.23461538461538,6.3625,5.71666666666667,7.41428571428571,6.8,26,16,6,7,35,4104,2343,1761,322,1265,2839,6.74021592105263,7.08771660264618,6.27786833617263,6.42916149068323,6.79715415019763,6.71484541740049,139
"140",2013,1,6.8125,48,7.31428571428571,6.11,7,6.6125,6.9125,28,20,3,16,32,4152,2371,1781,325,1281,2871,6.74105157514451,7.09039223956136,6.27598323413812,6.43443076923077,6.79484777517564,6.71704846394984,140
"141",2013,2,6.64763157894737,38,7.24263157894737,6.05263157894737,6.6,6.4375,6.70366666666667,19,19,5,8,30,4190,2390,1800,330,1289,2901,6.74020432935561,7.09160251046025,6.27362563333333,6.43693939393939,6.79262994569433,6.71691007928301,141
"142",2013,3,6.81333333333333,30,7.23157894736842,6.09090909090909,6.14285714285714,7.38,6.7,19,11,7,5,25,4220,2409,1811,337,1294,2926,6.74072420379147,7.09270651722706,6.27251581446714,6.43083086053413,6.79489953632148,6.71676559808613,142
"143",2013,4,6.61111111111111,36,6.9625,6.33,6.5,7,6.5,16,20,2,8,28,4256,2425,1831,339,1302,2954,6.73962785244361,7.09184742268041,6.27314371381758,6.4312389380531,6.79615975422427,6.7147109478673,143
"144",2013,5,6.13333333333333,24,6.9375,5.73125,5.5,6.42857142857143,6.01176470588235,8,16,4,7,17,4280,2433,1847,343,1309,2971,6.73622807009346,7.09133990957665,6.2684494531673,6.42037900874636,6.79419404125286,6.71068870414002,144
"145",2013,6,6.81710526315789,38,7.27380952380952,6.25294117647059,6.83333333333333,7.625,6.72205882352941,21,17,3,4,34,4318,2454,1864,346,1313,3005,6.73693981936081,7.09290138549307,6.26830801502146,6.42395953757225,6.79672505712109,6.71081735108153,145
"146",2013,7,6.30806451612903,31,7.16470588235294,5.26785714285714,5.25,6.15,6.37272727272727,17,14,5,9,22,4349,2471,1878,351,1322,3027,6.73388276385376,7.0933953864832,6.26084991480298,6.40723646723647,6.79232223903177,6.70836013875124,146
"147",2013,8,6.78064516129032,31,7.22380952380952,5.85,6.25,6.83333333333333,6.74736842105263,21,10,4,12,19,4380,2492,1888,355,1334,3046,6.73421373059361,7.09449438202247,6.2586738029661,6.40546478873239,6.79269115442279,6.70860346027577,147
"148",2013,9,6.45185185185185,27,7.1375,5.45454545454545,5.5,6.76666666666667,6.36190476190476,16,11,2,6,21,4407,2508,1899,357,1340,3067,6.73248380757885,7.0947687400319,6.25401587151132,6.40039215686275,6.79257462686567,6.70622958591458,148
"149",2013,10,6.8,29,7.10625,6.42307692307692,5.66666666666667,6.41666666666667,6.9,16,13,3,6,23,4436,2524,1912,360,1346,3090,6.73292518935978,7.09484152139461,6.25516534518828,6.39427777777778,6.79089895988113,6.70767188996764,149
"150",2013,11,6.486,50,7.03076923076923,5.89583333333333,5.66666666666667,6.05555555555556,6.58048780487805,26,24,6,9,41,4486,2550,1936,366,1355,3131,6.73017301382078,7.09418823529412,6.2507108161157,6.38234972677596,6.7860147601476,6.7060064324497,150
"151",2013,12,6.82558139534884,43,7.32,6.13888888888889,6,6.89090909090909,6.803125,25,18,5,11,32,4529,2575,1954,371,1366,3163,6.73107885625966,7.09638058252427,6.24968072671443,6.37719676549865,6.78685944363104,6.70698897881758,151
"152",2014,1,6.51304347826087,46,7.1125,5.85909090909091,6.375,6.33076923076923,6.58484848484848,24,22,4,13,33,4575,2599,1976,375,1379,3196,6.72888658797814,7.09652943439784,6.24533205465587,6.37717333333333,6.78255982596084,6.70572782853567,152
"153",2014,2,6.52972972972973,37,6.75,6.32105263157895,6.8,6.4875,6.54137931034483,18,19,5,8,29,4612,2617,1995,380,1387,3225,6.72728884215091,7.09414596866641,6.24605320300752,6.38273684210526,6.78085796683489,6.70424996589147,153
"154",2014,3,6.60588235294118,34,7.36315789473684,5.64666666666667,5.33333333333333,6.5,6.644,19,15,3,9,25,4646,2636,2010,383,1396,3250,6.72640037451571,7.09608497723824,6.24158016915423,6.37451697127937,6.77904727793696,6.70378650461539,154
"155",2014,4,6.65657894736842,38,7.01428571428571,6.21470588235294,5.88,6,6.86034482758621,21,17,5,9,29,4684,2657,2027,388,1405,3279,6.72583393253629,7.09543846443357,6.24135478046374,6.36814432989691,6.77405693950178,6.70517113144251,155
"156",2014,5,6.41875,24,6.89583333333333,5.94166666666667,5.66666666666667,6.375,6.4275,12,12,3,4,20,4708,2669,2039,391,1409,3299,6.72426850892098,7.09454102660172,6.23959104462972,6.3627621483376,6.77292405961675,6.70348776598969,156
"157",2014,6,6.62105263157895,19,6.83333333333333,6.52307692307692,6.7,7,6.55,6,13,5,3,16,4727,2675,2052,396,1412,3315,6.72385363655595,7.09395514018691,6.24138700779727,6.3670202020202,6.77340651558073,6.70274695022624,157
"158",2014,7,6.77916666666667,24,7.30833333333333,6.25,7,6.1,7.05882352941176,12,12,1,7,17,4751,2687,2064,397,1419,3332,6.72413305409387,7.09491254186825,6.24143708333333,6.36861460957179,6.77008456659619,6.70456366746699,158
"159",2014,8,6.87826086956522,23,7.12,6.69230769230769,6.66666666666667,7.16666666666667,6.77647058823529,10,13,3,6,17,4774,2697,2077,400,1425,3349,6.72487560536238,7.09500556173526,6.24425909484834,6.37085,6.77175438596491,6.70492867721708,159
"160",2014,9,6.64727272727273,33,7.19125,6.13529411764706,5.85,7.15166666666667,6.53518518518518,16,17,5,6,27,4807,2713,2094,405,1431,3376,6.7243428624922,7.09557316623664,6.24337446991404,6.36441975308642,6.77334730957372,6.70357113151659,160
"161",2014,10,6.41756756756757,37,6.72391304347826,5.91428571428571,5.75,6.625,6.34074074074074,23,14,4,10,27,4844,2736,2108,409,1441,3403,6.72199961601982,7.09244883040936,6.24118887096774,6.35841075794621,6.77231783483692,6.70069237143697,161
"162",2014,11,6.60789473684211,38,6.65333333333333,6.57826086956522,6.825,6.525,6.63,15,23,4,8,30,4882,2751,2131,413,1449,3433,6.72111145841868,7.09005452562705,6.24482690755514,6.36292978208233,6.77095238095238,6.7000746111273,162
"163",2014,12,6.74767391304348,46,7.09976666666667,6.0875,6.33333333333333,7.15477777777778,6.64864864864865,30,16,3,9,37,4928,2781,2147,416,1458,3470,6.72135940340909,7.09015929521755,6.24365446669771,6.36271634615385,6.77332167352538,6.69952626512968,163
"164",2015,1,6.5547619047619,42,6.78703703703704,6.13666666666667,6.20714285714286,5.97272727272727,6.76129032258065,27,15,7,11,31,4970,2808,2162,423,1469,3501,6.71995153722334,7.08724465811966,6.24291218316373,6.36014184397163,6.76732675289312,6.70007316195373,164
"165",2015,2,6.63333333333333,27,7.10666666666667,6.04166666666667,5.9,6.57142857142857,6.655,15,12,5,7,20,4997,2823,2174,428,1476,3521,6.71948351811087,7.08734785688983,6.2418013523459,6.35476635514019,6.76639769647696,6.69981713717694,165
"166",2015,3,6.47567567567568,37,6.855,6.02941176470588,6,6.75,6.4,20,17,3,8,29,5034,2843,2191,431,1484,3550,6.71769152562574,7.08571333098839,6.24015341853035,6.3522969837587,6.76630929919137,6.69736792676056,166
"167",2015,4,6.85235294117647,34,7.1,6.33454545454545,6.66666666666667,6.5,6.9792,23,11,3,9,25,5068,2866,2202,434,1493,3575,6.71859493685872,7.08582798325192,6.24062495004541,6.35447004608295,6.76470395177495,6.69933878041958,167
"168",2015,5,6.83735294117647,34,6.86684210526316,6.8,6.64285714285714,7.21428571428571,6.73962962962963,19,15,7,7,27,5102,2885,2217,441,1500,3602,6.71938634653077,7.08438578856152,6.2444096256202,6.35904761904762,6.766802,6.69964079400333,168
"169",2015,6,7.10428571428571,28,7.13888888888889,7.042,8,7.21,7.09615384615385,18,10,1,2,26,5130,2903,2227,442,1502,3628,6.72148716179337,7.0847237340682,6.24799108217332,6.36276018099548,6.76739214380825,6.70248239801544,169
"170",2015,7,6.34782608695652,23,6.4375,6.14285714285714,6,6.5,6.29411764705882,16,7,3,6,17,5153,2919,2234,445,1508,3645,6.71981935571512,7.08117608770127,6.24766165622202,6.36031460674157,6.76632824933687,6.70057781618656,170
"171",2015,8,6.55641025641026,39,6.98636363636364,6,NA,6.33333333333333,6.5969696969697,22,17,0,6,33,5192,2941,2251,445,1514,3678,6.7185918990755,7.08046684801088,6.24579126610395,6.36031460674157,6.76461228533685,6.69964821642197,171
"172",2015,9,7.184,25,7.29047619047619,6.625,6,7.73333333333333,7.01052631578947,21,4,1,6,19,5217,2962,2255,446,1520,3697,6.72082214682768,7.08195577312627,6.24646392017738,6.3595067264574,6.76843618421052,6.70124591290235,172
"173",2015,10,6.70697674418605,43,7.05357142857143,6.06,7,5.8625,6.9,28,15,3,8,35,5260,2990,2270,449,1528,3732,6.72070896197719,7.08168996655518,6.24523177973568,6.36378619153675,6.76369306282722,6.70310989817792,173
"174",2015,11,6.92682926829268,41,7.34545454545455,6.44210526315789,6.58333333333333,6.48888888888889,7.05,22,19,6,9,32,5301,3012,2289,455,1537,3764,6.7223031767591,7.08361653386454,6.24686594145915,6.36668131868132,6.76208392973324,6.70605901700319,174
"175",2015,12,6.62488372093023,43,6.9925,6.16052631578947,6.52142857142857,6.54333333333333,6.65645161290323,24,19,7,12,31,5344,3036,2308,462,1549,3795,6.7215193001497,7.08289624505929,6.24615517331022,6.36902597402597,6.76038928340865,6.70565379183136,175
"176",2016,1,6.72203389830509,59,7.08620689655172,6.37,5.9,6.5,6.74716981132075,29,30,8,6,53,5403,3065,2338,470,1555,3848,6.72152491948917,7.08292756933116,6.24774428571428,6.36104255319149,6.7593845659164,6.70622560810811,176
"177",2016,2,6.72638888888889,36,6.73529411764706,6.71842105263158,6.60625,6.47,6.76774193548387,17,19,8,5,31,5439,3082,2357,478,1560,3879,6.72155711343997,7.08101005840363,6.25153845566398,6.36514644351464,6.75845705128205,6.70671723124517,177
"178",2016,3,6.54270833333333,48,6.85892857142857,6.1,5.71,7.3125,6.38875,28,20,10,8,40,5487,3110,2377,488,1568,3919,6.71999255330782,7.07901061093247,6.25026341607068,6.35172131147541,6.76128380102041,6.70347183975504,178
"179",2016,4,6.09464285714286,28,6.42142857142857,5.76785714285714,6,6.07142857142857,6.10238095238095,14,14,6,7,21,5515,3124,2391,494,1575,3940,6.7168176137806,7.07606370038412,6.24743878711836,6.34744939271255,6.75821777777778,6.70026805583756,179
"180",2016,5,6.59318181818182,44,6.86296296296296,6.16470588235294,6.26,6,6.66923076923077,27,17,5,5,39,5559,3151,2408,499,1580,3979,6.7158390250045,7.07423770231672,6.24685470930232,6.34657314629259,6.75581835443038,6.69996384518723,180
"181",2016,6,6.76666666666667,33,7.36111111111111,6.05333333333333,6.7,6.08333333333333,6.91851851851852,18,15,5,6,27,5592,3169,2423,504,1586,4006,6.71613897353362,7.07586715052067,6.24565668179942,6.35007936507936,6.75327427490542,6.70143687968048,181
"182",2016,7,6.52727272727273,33,6.5,6.54736842105263,5.875,6.96,6.45,14,19,4,5,28,5625,3183,2442,508,1591,4034,6.71503095822222,7.0733342758404,6.24800415233415,6.34633858267717,6.75392394720302,6.69969165592464,182
"183",2016,8,6.54268292682927,41,7.15869565217391,5.75555555555556,6,7.33333333333333,6.48026315789474,23,18,3,3,38,5666,3206,2460,511,1594,4072,6.71378382280268,7.0739466625078,6.2444008699187,6.34430528375734,6.75501442910916,6.69764394400786,183
"184",2016,9,6.576,25,7.26363636363636,6.03571428571429,6,6.33333333333333,6.60909090909091,11,14,6,3,22,5691,3217,2474,517,1597,4094,6.71317855209981,7.07459527510103,6.24321994341148,6.34030947775629,6.75422229179712,6.69716808500244,184
"185",2016,10,6.66521739130435,46,7.064,6.19047619047619,6.5,6.68888888888889,6.65945945945946,25,21,5,9,37,5737,3242,2495,522,1606,4131,6.71279399337633,7.07451357186922,6.24277600801603,6.34183908045977,6.75385616438356,6.69683034132171,185
"186",2016,11,6.58909090909091,55,6.85161290322581,6.25,6.21428571428571,6.91666666666667,6.54897959183673,31,24,7,6,49,5792,3273,2519,529,1612,4180,6.71161932665746,7.07240238313474,6.24284483525208,6.34015122873346,6.75446215880893,6.69509716267943,186
"187",2016,12,6.47121212121212,33,6.81578947368421,6.00357142857143,6.15,6.675,6.42592592592593,19,14,2,6,27,5825,3292,2533,531,1618,4207,6.71025736309013,7.07092132442284,6.24152236083695,6.33943502824859,6.75416749072929,6.69336965533634,187
"188",2017,1,6.68541666666667,48,6.859375,6.3375,6.125,6.25,6.7725,32,16,4,8,40,5873,3324,2549,535,1626,4247,6.71005434020092,7.06888477737665,6.2421248097293,6.33783177570094,6.75168696186962,6.69411493760301,188
"189",2017,2,6.59411764705882,34,7.075,6.16666666666667,5.7,7,6.54,16,18,5,4,30,5907,3340,2567,540,1630,4277,6.70938702217708,7.06891407185629,6.24159569146864,6.33192592592593,6.7522963190184,6.69303393500117,189
"190",2017,3,6.71714285714286,35,7.05263157894737,6.31875,6.5,7.125,6.66451612903226,19,16,2,4,31,5942,3359,2583,542,1634,4308,6.70943270615954,7.06882197082465,6.24207361207898,6.33254612546126,6.75320869033048,6.69282872330548,190
"191",2017,4,6.73555555555556,45,7.36086956521739,6.08181818181818,6.01428571428571,7.8,6.46944444444444,23,22,7,9,36,5987,3382,2605,549,1643,4344,6.70962905294805,7.07080810171496,6.24072020729366,6.32848816029144,6.75894278758369,6.69097747237569,191
"192",2017,5,6.59642857142857,28,6.78947368421053,6.18888888888889,5.5,6.68,6.57826086956522,19,9,2,5,23,6015,3401,2614,551,1648,4367,6.70910210141313,7.06923640105851,6.24054175210405,6.32548094373866,6.75870327669903,6.69038381955576,192
"193",2017,6,6.86153846153846,26,7.08333333333333,6.67142857142857,7,9,6.68333333333333,12,14,1,2,24,6041,3413,2628,552,1650,4391,6.70975817579871,7.06928596542631,6.24283719178082,6.32670289855072,6.76142,6.6903452835345,193
"194",2017,7,6.39714285714286,35,6.75,6.21304347826087,6.5,6.37777777777778,6.40384615384615,12,23,3,9,26,6076,3425,2651,555,1659,4417,6.70795739631336,7.06816729927007,6.24257870237646,6.32763963963964,6.75933875828812,6.68865884989812,194
"195",2017,8,6.38513513513514,37,6.98809523809524,5.59375,5.8,6.58333333333333,6.34677419354839,21,16,5,6,31,6113,3446,2667,560,1665,4448,6.70600345820383,7.06767933836332,6.23868621672291,6.32292857142857,6.7587045045045,6.68627611061151,195
"196",2017,9,6.68205128205128,39,7.2875,6.26086956521739,5,7.16666666666667,6.59393939393939,16,23,2,6,33,6152,3462,2690,562,1671,4481,6.70585161573472,7.06869526285384,6.23887588847584,6.31822064056939,6.76016935966487,6.68559610354831,196
"197",2017,10,6.4308,50,6.5304347826087,6.34592592592593,6.65666666666667,6.288,6.44666666666667,23,27,6,5,45,6202,3485,2717,568,1676,4526,6.70363417284747,7.06514289813486,6.23993969083548,6.32179577464789,6.7587607398568,6.68322053468847,197
"198",2017,11,6.611,50,7.06666666666667,6.07608695652174,5.94285714285714,6.175,6.69404761904762,27,23,7,8,42,6252,3512,2740,575,1684,4568,6.70289333653231,7.06515461275626,6.23856428467153,6.31718260869565,6.75598752969121,6.68332008318739,198
"199",2017,12,6.59090909090909,33,6.745,6.35384615384615,6.4,6.4125,6.648,20,13,5,8,25,6285,3532,2753,580,1692,4593,6.70230535242641,7.06334173272933,6.23910865964402,6.31789655172414,6.7543634751773,6.68312783365992,199
"200",2018,1,6.83162790697674,43,7.11083333333333,6.47894736842105,5.8,5.83333333333333,6.99351351351351,24,19,5,6,37,6328,3556,2772,585,1698,4630,6.70318412452592,7.06366226096738,6.24075257575757,6.31347008547008,6.75110895170789,6.68560823758099,200
"201",2018,2,6.57142857142857,28,6.84375,6.20833333333333,6.4,7,6.5,16,12,5,4,24,6356,3572,2784,590,1702,4654,6.70260370358716,7.06267721164614,6.24061283764368,6.31420338983051,6.75169388954171,6.68465108293941,201
"202",2018,3,6.86,30,7.09473684210526,6.45454545454545,NA,6.6,6.912,19,11,0,5,25,6386,3591,2795,590,1707,4679,6.70334311619167,7.06284683932052,6.24145479069767,6.31420338983051,6.75124956063269,6.68586581320795,202
"203",2018,4,6.71269230769231,26,7.703,6.09375,6.12857142857143,7.4,6.58772727272727,10,16,7,4,22,6412,3601,2811,597,1711,4701,6.70338102620087,7.06462454873646,6.24061406616862,6.31202680067002,6.75276621858562,6.68540653903425,203
"204",2018,5,6.06611111111111,18,6.58625,5.65,4,6.5,5.94214285714286,8,10,2,4,14,6430,3609,2821,599,1715,4715,6.70159706687403,7.06356414519257,6.23852043247075,6.30430717863105,6.75217667638484,6.68319960551431,204
"205",2018,6,6.77058823529412,34,7.23333333333333,6.25,6.0625,6.6,6.8,18,16,8,5,29,6464,3627,2837,607,1720,4744,6.70195995358911,7.06440667218086,6.23858517448008,6.30112026359143,6.75173430232558,6.68391360455312,205
"206",2018,7,6.5625,24,6.84615384615385,6.22727272727273,6.25,6.25,6.625,13,11,4,4,20,6488,3640,2848,611,1724,4764,6.70144407213317,7.0636271978022,6.23854148174157,6.30078559738134,6.75057018561485,6.68366627623845,206
"207",2018,8,6.62272727272727,22,7.4,5.975,6,6.2,6.74705882352941,10,12,1,5,17,6510,3650,2860,612,1729,4781,6.70117805529954,7.06454876712329,6.23743571328671,6.30029411764706,6.74897802197802,6.68389168374817,207
"208",2018,9,6.6875,16,7.08333333333333,6.45,6.5,7,6.66666666666667,6,10,4,1,15,6526,3656,2870,616,1730,4796,6.70114452038002,7.06457959518599,6.23817635540069,6.30159090909091,6.74912312138728,6.68383781067556,208
"209",2018,10,7.1625,24,7.58333333333333,6.46111111111111,6.25,7.45,7.08684210526316,15,9,2,5,19,6550,3671,2879,618,1735,4815,6.70283498320611,7.06669926450558,6.238873268496,6.30142394822006,6.75114293948127,6.68542806645898,209
"210",2018,11,6.7275,32,7.345,6.11,6.012,8.2,6.45481481481481,16,16,5,5,27,6582,3687,2895,623,1740,4842,6.70295489820723,7.06790697043667,6.23816101554404,6.29910112359551,6.75530632183908,6.68414211895911,210
"211",2018,12,6.44193548387097,31,6.71428571428571,6.21764705882353,6.75,7,6.38214285714286,14,17,4,3,28,6613,3701,2912,627,1743,4870,6.70173130802964,7.06656930559308,6.23804125686813,6.30197767145136,6.75572748135399,6.68240577823409,211
"212",2019,1,6.950694375,32,7.20643263157895,6.57692307692308,6.1,6.66666666666667,6.98007655172414,19,13,5,3,29,6645,3720,2925,632,1746,4899,6.70293022723853,7.06728366129032,6.2395473982906,6.30037974683544,6.7555744558992,6.68416786282915,212
"213",2019,2,6.90384615384615,26,7.25384615384615,6.55384615384615,6.5,6.54285714285714,7.03684210526316,13,13,3,7,19,6671,3733,2938,635,1753,4918,6.70371329036127,7.06793335654969,6.24093810074881,6.30132283464567,6.7547250427838,6.68553037006913,213
"214",2019,3,6.20689655172414,29,6.83076923076923,5.7,6.65,5.875,6.33333333333333,13,16,2,8,21,6700,3746,2954,637,1761,4939,6.70156288955224,7.06711030966364,6.23800817197021,6.30241758241758,6.7507285633163,6.68403287305122,214
"215",2019,4,6.3515625,32,6.60625,6.096875,6.83333333333333,5.5,6.54807692307692,16,16,3,6,26,6732,3762,2970,640,1767,4965,6.69989919191919,7.06515024455077,6.23724785858586,6.30490625,6.74648160724391,6.683320918429,215
"216",2019,5,6.70454545454545,22,7.22222222222222,6.34615384615385,5,6.33333333333333,6.76315789473684,9,13,2,3,19,6754,3771,2983,642,1770,4984,6.69991432632514,7.06552511800583,6.23772247401944,6.30084112149533,6.7457813559322,6.68362527287319,216
"217",2019,6,6.59148148148148,27,6.62846153846154,6.55714285714286,7.05,7.5,6.55653846153846,13,14,4,1,26,6781,3784,2997,646,1771,5010,6.69948257779089,7.0640235782241,6.23921459459459,6.30547987616099,6.74620722755505,6.68296574051896,217
"218",2019,7,5.93157894736842,19,6.35714285714286,5.68333333333333,5.5,3.5,6.21764705882353,7,12,1,2,17,6800,3791,3009,647,1773,5027,6.69733696470588,7.06271833816935,6.23699772017281,6.30423493044822,6.74254540327129,6.68139215436642,218
"219",2019,8,6.828125,32,7.30555555555556,6.21428571428571,6.66666666666667,6.58333333333333,6.88461538461539,18,14,3,6,26,6832,3809,3023,650,1779,5053,6.69794955503513,7.0638659018115,6.23689253721469,6.30590769230769,6.7420084317032,6.68243783099149,219
"220",2019,9,6.21034482758621,29,7.00625,5.23076923076923,6,5,6.25357142857143,16,13,1,1,28,6861,3825,3036,651,1780,5081,6.69588855268911,7.06362489411764,6.23258436758893,6.30543778801843,6.7410297752809,6.68007446565636,220
"221",2019,10,6.36111111111111,36,6.72777777777778,5.99444444444444,6,6.9,6.23103448275862,18,18,3,7,29,6897,3843,3054,654,1787,5110,6.69414112802668,7.06205183970856,6.2311807924034,6.30403669724771,6.74165249020705,6.67752609784736,221
"222",2019,11,6.62648911764706,34,6.60591941176471,6.64705882352941,6.625,6.5,6.65928259259259,17,17,4,7,27,6931,3860,3071,658,1794,5137,6.69380926128986,7.06004296632124,6.23348295017909,6.30598784194529,6.74070958751393,6.67743021023944,222
"223",2019,12,6.50333333333333,30,6.85,6.33,6.75,6.5,6.50416666666667,10,20,2,6,24,6961,3870,3091,660,1800,5161,6.69298836230427,7.05950021963824,6.23410745389841,6.30733333333333,6.73990722222222,6.67662448944003,223
"224",2020,1,6.403125,32,6.63125,6.175,5.83333333333333,4.75,6.78461538461538,16,16,3,6,26,6993,3886,3107,663,1806,5187,6.69166194623195,7.05773696603191,6.233803070486,6.30518853695324,6.73329623477298,6.67716579718527,224
"225",2020,2,6.92769230769231,26,7.05894736842105,6.57142857142857,NA,8.6,6.78833333333333,19,7,0,2,24,7019,3905,3114,663,1808,5211,6.69253625730161,7.0577428553137,6.23456202312139,6.30518853695324,6.73536117256637,6.67767779504893,225
"226",2020,3,5.92692307692308,26,6.10909090909091,5.79333333333333,6,6.1,5.89545454545455,11,15,3,4,22,7045,3916,3129,666,1812,5233,6.68971071540099,7.05507810265577,6.23244683285395,6.30381381381381,6.73395860927152,6.6743892585515,226
"227",2020,4,6.74565217391304,23,6.9,6.60416666666667,6.625,7.875,6.5078947368421,11,12,4,4,19,7068,3927,3141,670,1816,5252,6.68989275466893,7.05464371021136,6.23386696593442,6.30573134328358,6.73647191629956,6.67378693640518,227
"228",2020,5,6.47894736842105,19,6.825,6.22727272727273,6.16666666666667,6,6.53529411764706,8,11,3,2,17,7087,3935,3152,673,1818,5269,6.68932721744038,7.0541768360864,6.23384395304568,6.30511144130758,6.73566171617161,6.67334010058834,228
"229",2020,6,6.77291666666667,24,6.921875,6.475,5.9,6.6,6.79761904761905,16,8,2,3,21,7111,3951,3160,675,1821,5290,6.68960933623963,7.05364106555302,6.23445447468354,6.30391111111111,6.73543822075782,6.67383345746692,229
"230",2020,7,6.495,20,6.64285714285714,6.41538461538462,6.5,6.45,6.5,7,13,2,2,18,7131,3958,3173,677,1823,5308,6.68906352404992,7.05291456543709,6.23519575795777,6.30449039881832,6.73512506856829,6.67324396948003,230
"231",2020,8,6.05714285714286,21,6.47272727272727,5.6,5,6,6.06666666666667,11,10,4,3,18,7152,3969,3183,681,1826,5326,6.68720805229307,7.05130658856135,6.23320016965127,6.2968281938326,6.73391730558598,6.67119395230942,231
"232",2020,9,6.84497333333333,21,7.16767636363636,6.49,6,6.730555,6.91538461538462,11,10,2,8,13,7173,3980,3193,683,1834,5339,6.68766993308239,7.05162821356784,6.23400442843721,6.29595900439239,6.73390263904035,6.67178853530623,232
"233",2020,10,6.53793103448276,29,6.9,6.025,5.75,7.5,6.42692307692308,17,12,2,3,26,7202,3997,3205,685,1837,5365,6.68706698555957,7.05098330998248,6.23322188455538,6.29436496350365,6.73515375068045,6.67060186206896,233
"234",2020,11,6.38846153846154,26,6.8,5.73,5.33333333333333,6,6.42083333333333,16,10,3,2,24,7228,4013,3215,688,1839,5389,6.68599286524626,7.04998262895589,6.23165665318818,6.29017441860465,6.73435423599782,6.66948951382445,234
"235",2020,12,6.73156666666667,30,7.2117619047619,5.61111111111111,7.5,7.86175,6.55769230769231,21,9,2,4,26,7258,4034,3224,690,1843,5415,6.68618123863323,7.05082481160139,6.22992436104218,6.29368115942029,6.73680110689094,6.66895272206832,235
"236",2021,1,6.34180189189189,37,7.06561421052632,5.57777777777778,5.3,5.2,6.40704771428571,19,18,3,2,35,7295,4053,3242,693,1845,5450,6.68443455791638,7.05089414261041,6.22630355953115,6.28937950937951,6.73513519783198,6.66727076330275,236
"237",2021,2,6.97058823529412,17,7.15,6.71428571428571,6.5,6.5,7.3,10,7,2,7,10,7312,4063,3249,695,1852,5460,6.68509984956236,7.05113806546886,6.22735492151431,6.28998561151079,6.73424645788337,6.6684296080586,237
"238",2021,3,6.92857142857143,21,7,6.86363636363636,6,7,6.91666666666667,10,11,2,3,18,7333,4073,3260,697,1855,5478,6.68579709532252,7.05101251166216,6.22950188343558,6.28915351506456,6.73467624797843,6.66924528294998,238
"239",2021,4,6.63333333333333,15,7.07142857142857,6.25,8,7,6.57692307692308,7,8,1,2,13,7348,4080,3268,698,1857,5491,6.68568999727817,7.05104753921568,6.2295520624235,6.29160458452722,6.73496200323101,6.66902670916044,239
"240",2021,5,7.13157894736842,19,7.27777777777778,7,6,7.1,7.14285714285714,9,10,5,5,14,7367,4089,3278,703,1862,5505,6.68683997556672,7.05154657862558,6.23190242220866,6.28953058321479,6.73594223415682,6.67023172752043,240
"241",2021,6,6.44545454545455,11,7.08,5.91666666666667,7.25,7,6.39,5,6,2,1,10,7378,4094,3284,705,1863,5515,6.68648008945514,7.05158132877381,6.23132647381242,6.29225531914894,6.73608397208803,6.66972360108794,241
"242",2021,7,6.76363636363636,22,6.95333333333333,6.35714285714286,7,7.5,6.64736842105263,15,7,1,3,19,7400,4109,3291,706,1866,5534,6.68670947297297,7.05122267218301,6.23159408690368,6.29325779036827,6.73731213290461,6.66964684857246,242
"243",2021,8,6.83157894736842,19,6.9,6.71428571428571,6.25,6.33333333333333,6.925,12,7,2,3,16,7419,4121,3298,708,1869,5550,6.68708048254482,7.05078232467847,6.232618599151,6.29313559322034,6.7366636918138,6.6703830018018,243
"244",2021,9,6.6,15,6.77777777777778,6.33333333333333,8,4,7,9,6,2,2,13,7434,4130,3304,710,1871,5563,6.68690477535647,7.05018739951574,6.23280149515738,6.29794366197183,6.73373834313201,6.67115327341362,244
"245",2021,10,6.154375,16,6.35,6.06545454545455,6.5,6.49,6.00181818181818,5,11,2,5,11,7450,4135,3315,712,1876,5574,6.68576108724832,7.04934074002418,6.23224619607843,6.29851123595506,6.7330887206823,6.66983237531395,245
"246",2021,11,6.4006665,20,6.88564076923077,5.5,5.5,NA,6.4006665,13,7,2,0,20,7470,4148,3322,714,1876,5594,6.68499778179384,7.04882769768563,6.23070323299217,6.29627450980392,6.7330887206823,6.66887003754022,246
"247",2021,12,6.75946428571429,28,7.176,6.52805555555556,6.8,6.17625,6.85666666666667,10,18,1,4,24,7498,4158,3340,715,1880,5618,6.68527586423046,7.04913354737855,6.23230573053892,6.29697902097902,6.73190395744681,6.66967230153079,247
"248",2022,1,6.45806451612903,31,6.63333333333333,6.21538461538462,5.26666666666667,6,6.47333333333333,18,13,3,1,30,7529,4176,3353,718,1881,5648,6.68434034134679,7.04734130507663,6.23224012526096,6.29267409470752,6.73151485380117,6.66862942457507,248
"249",2022,2,6.61857142857143,28,6.868,6.33076923076923,6.575,7.00666666666667,6.572,15,13,4,3,25,7557,4191,3366,722,1884,5673,6.68409665608046,7.04669942495824,6.23262065953654,6.29423822714682,6.73195299363057,6.66820359421822,249
"250",2022,3,6.5804347826087,23,6.675,6.47727272727273,4,6.47,6.61111111111111,12,11,2,5,18,7580,4203,3377,724,1889,5691,6.68378211477573,7.04563818463002,6.2334175718093,6.28790055248619,6.73125962943356,6.66802301704445,250
"251",2022,4,6.525,20,6.84444444444444,6.26363636363636,6.7,8.5,6.42105263157895,9,11,2,1,19,7600,4212,3388,726,1890,5710,6.68336426710526,7.04520828347578,6.23351568476978,6.28903581267218,6.73219547089947,6.66720122416812,251
"252",2022,5,6.75529411764706,17,6.79538461538462,6.625,6.5,7.9,6.68375,13,4,2,1,16,7617,4225,3392,728,1891,5726,6.6835248037285,7.04443959526627,6.23397734080189,6.28961538461538,6.73281303014278,6.66724746594481,252
"253",2022,6,6.93888888888889,18,7.12666666666667,6,NA,7,6.93529411764706,15,3,0,1,17,7635,4240,3395,728,1892,5743,6.68412684086444,7.04473049292453,6.23377058615611,6.28961538461538,6.73295424947146,6.66804091763886,253
"254",2022,7,6.35789473684211,19,6.77142857142857,5.2,7,7,6.2375,14,5,1,3,16,7654,4254,3400,729,1895,5759,6.68331701463287,7.04383105077574,6.23225033529412,6.29058984910837,6.73337701319261,6.66684476297968,254
"255",2022,8,6.82727272727273,22,6.875,6.8,6,8,6.56666666666667,8,14,4,4,18,7676,4262,3414,733,1899,5777,6.68372960265763,7.04351414594087,6.23457854130053,6.28900409276944,6.7360449921011,6.66653262766141,255
"256",2022,9,6.67555555555556,18,7.01777777777778,6.33333333333333,NA,NA,6.67555555555556,9,9,0,0,18,7694,4271,3423,733,1899,5795,6.68371047959449,7.04345991336923,6.23483819456617,6.28900409276944,6.7360449921011,6.66656065401208,256
"257",2022,10,6.41578947368421,19,6.9,5.87777777777778,6,6.63333333333333,6.375,10,9,2,3,16,7713,4281,3432,735,1902,5811,6.68305049008168,7.04312480495211,6.23390184731935,6.28821768707483,6.73588298633018,6.66575787127861,257
"258",2022,11,6.72105263157895,19,6.65454545454545,6.8125,7,7.33333333333333,6.60625,11,8,2,3,16,7732,4292,3440,737,1905,5827,6.68314387351268,7.04212891192917,6.23524742441861,6.29014925373134,6.73682385301837,6.66559447228419,258
"259",2022,12,6.38333333333333,24,5.93,6.70714285714286,5.33333333333333,6.8,6.32380952380952,10,14,3,3,21,7756,4302,3454,740,1908,5848,6.68221614620939,7.03954376801487,6.2371601447597,6.28627027027027,6.73692318658281,6.66436713235294,259
