"","year","month","avg_rating","no_ratings","avg_rating_owned","avg_rating_not_owned","avg_rating_prev_owned","avg_rating_comment","avg_rating_no_comment","no_ratings_owned","no_ratings_not_owned","no_ratings_prev_owned","no_ratings_comment","no_ratings_no_comment","cum_no_ratings","cum_no_ratings_owned","cum_no_ratings_not_owned","cum_no_ratings_prev_owned","cum_no_ratings_comment","cum_no_ratings_no_comment","cum_avg_rating","cum_avg_rating_owned","cum_avg_rating_not_owned","cum_avg_rating_prev_owned","cum_avg_rating_comment","cum_avg_rating_no_comment","month_after_release"
"1",2010,10,10,1,NA,10,NA,NA,10,0,1,0,0,1,1,0,1,0,0,1,10,NA,10,NA,NA,10,-4
"2",2010,11,9.625,4,9.625,NA,NA,NA,9.625,4,0,0,0,4,5,4,1,0,0,5,9.7,9.625,10,NA,NA,9.7,-3
"3",2010,12,7.75,2,8.5,7,NA,NA,7.75,1,1,0,0,2,7,5,2,0,0,7,9.14285714285714,9.4,8.5,NA,NA,9.14285714285714,-2
"4",2011,1,8.5,1,NA,8.5,8.5,8.5,NA,0,1,1,1,0,8,5,3,1,1,7,9.0625,9.4,8.5,8.5,8.5,9.14285714285714,-1
"5",2011,2,7.86111111111111,18,8.5,7.45454545454545,8,7.125,8.45,7,11,1,8,10,26,12,14,2,9,17,8.23076923076923,8.875,7.67857142857143,8.25,7.27777777777778,8.73529411764706,0
"6",2011,3,7.62100377358491,265,8.27703496503496,6.85204918032787,7.67391304347826,7.63373170731707,7.61530054644809,143,122,23,82,183,291,155,136,25,91,200,7.67548453608247,8.32332903225806,6.93713235294118,7.72,7.59852747252747,7.7105,1
"7",2011,4,7.575,202,8.31090909090909,6.69510869565217,7.58695652173913,7.35625,7.64318181818182,110,92,23,48,154,493,265,228,48,139,354,7.63431237322515,8.31817358490566,6.83947368421053,7.65625,7.51486330935252,7.68121468926554,2
"8",2011,5,7.4524,150,8.27457627118644,6.91934065934066,7.39423076923077,6.94631578947368,7.62410714285714,59,91,26,38,112,643,324,319,74,177,466,7.59187558320373,8.31023456790123,6.86225705329154,7.56418918918919,7.39280225988701,7.66748927038627,3
"9",2011,6,7.43301886792453,106,8.18365384615385,6.71018518518519,6.9375,7.55555555555556,7.40795454545455,52,54,12,18,88,749,376,373,86,195,554,7.56939385847797,8.29272872340425,6.84024128686327,7.47674418604651,7.40782564102564,7.62626353790614,4
"10",2011,7,7.4794964028777,139,7.98913043478261,6.97714285714286,7.515625,7.01666666666667,7.57608695652174,69,70,16,24,115,888,445,443,102,219,669,7.55532207207207,8.24565393258427,6.86187358916479,7.4828431372549,7.36495890410959,7.61763826606876,5
"11",2011,8,7.59546666666667,150,8.12921052631579,7.0472972972973,8,7.48214285714286,7.62147540983607,76,74,21,28,122,1038,521,517,123,247,791,7.56112331406551,8.2286679462572,6.88841392649903,7.57113821138211,7.37824291497976,7.61823008849557,6
"12",2011,9,7.50445859872611,157,8.08470588235294,6.81944444444444,7.36363636363636,6.61666666666667,7.71417322834646,85,72,22,30,127,1195,606,589,145,277,918,7.55367866108787,8.20847524752475,6.87998302207131,7.53965517241379,7.29576173285199,7.63150326797386,7
"13",2011,10,7.61117647058824,170,8.10738636363636,7.07865853658537,7.68666666666667,7.73484848484848,7.58138686131387,88,82,15,33,137,1365,694,671,160,310,1055,7.56083956043956,8.19565706051873,6.90426229508197,7.5534375,7.34250322580645,7.62499526066351,8
"14",2011,11,7.59166666666667,144,8.19444444444444,6.98888888888889,7.18571428571429,7.16666666666667,7.70350877192982,72,72,14,30,114,1509,766,743,174,340,1169,7.56378131212724,8.19554308093995,6.91246298788695,7.52385057471264,7.32698823529412,7.63265183917879,9
"15",2011,12,7.45894039735099,151,7.96962025316456,6.89861111111111,6.83157894736842,6.66129032258065,7.665,79,72,19,31,120,1660,845,815,193,371,1289,7.55424457831325,8.17442130177515,6.91123926380368,7.45569948186528,7.27136388140162,7.63566330488751,10
"16",2012,1,7.4549504950495,202,8.11546391752577,6.8447619047619,7.30434782608696,7.06666666666667,7.52267441860465,97,105,23,30,172,1862,942,920,216,401,1461,7.54347261009667,8.16835031847134,6.90365217391304,7.43958333333333,7.25604987531172,7.6223613963039,11
"17",2012,2,6.99044117647059,136,7.57142857142857,6.48904109589041,6.92307692307692,6.704,7.05495495495495,63,73,26,25,111,1998,1005,993,242,426,1572,7.50582882882883,8.13093134328358,6.87317220543807,7.38409090909091,7.22365258215962,7.58229643765903,12
"18",2012,3,7.26739130434783,115,7.81349206349206,6.60576923076923,6.57352941176471,6.07272727272727,7.55,63,52,17,22,93,2113,1068,1045,259,448,1665,7.49285186938003,8.11220599250936,6.85986602870813,7.33088803088803,7.16713392857143,7.58049249249249,13
"19",2012,4,7.29754098360656,122,7.9046875,6.62758620689655,6.48235294117647,7.13181818181818,7.334,64,58,17,22,100,2235,1132,1103,276,470,1765,7.48219060402685,8.10047349823321,6.84765185856754,7.2786231884058,7.16548085106383,7.5665269121813,14
"20",2012,5,7.29576271186441,118,7.68428571428571,6.72916666666667,6.5,7.28260869565217,7.29894736842105,70,48,13,23,95,2353,1202,1151,289,493,1860,7.47284147896303,8.07623627287853,6.84271068635969,7.24359861591695,7.17094523326572,7.55286021505376,15
"21",2012,6,7.12783505154639,97,7.57037037037037,6.57209302325581,7.02941176470588,6.59473684210526,7.25769230769231,54,43,17,19,78,2450,1256,1194,306,512,1938,7.45918204081633,8.05448726114649,6.8329648241206,7.23169934640523,7.1495625,7.54098039215686,16
"22",2012,7,7.15760416666667,96,7.802,6.45717391304348,7.15,6.89473684210526,7.22246753246753,50,46,10,19,77,2546,1306,1240,316,531,2015,7.44781068342498,8.04482082695252,6.81902419354839,7.22911392405063,7.14044444444445,7.52880893300248,17
"23",2012,8,7.42211538461538,104,8.12,6.63877551020408,6.7375,7.48333333333333,7.4093023255814,55,49,8,18,86,2650,1361,1289,324,549,2101,7.44680226415095,8.04785892725936,6.8121722265322,7.21697530864197,7.15168670309654,7.52391718229415,18
"24",2012,9,7.53648936170213,94,8.16,6.73048780487805,6.6,6.91666666666667,7.68328947368421,53,41,10,18,76,2744,1414,1330,334,567,2177,7.44987463556852,8.0520622347949,6.80965413533835,7.19850299401198,7.14422574955908,7.52948093706936,19
"25",2012,10,7.40421052631579,95,8,6.71363636363636,6.63846153846154,6.85714285714286,7.49876543209877,51,44,13,14,81,2839,1465,1374,347,581,2258,7.44834660091582,8.05024982935153,6.80657933042213,7.17752161383285,7.13730808950086,7.52837909654561,20
"26",2012,11,7.63349593495935,123,7.83611111111111,7.34745098039216,7.125,7.52608695652174,7.6582,72,51,12,23,100,2962,1537,1425,359,604,2358,7.45603511141121,8.04021860767729,6.82593684210526,7.17576601671309,7.15211258278146,7.53388464800678,21
"27",2012,12,7.26157894736842,95,7.92450980392157,6.49318181818182,7.25,6.51333333333333,7.401875,51,44,10,15,80,3057,1588,1469,369,619,2438,7.44999214916585,8.03650251889169,6.81597004765146,7.17777777777778,7.13663327948304,7.52955291222313,22
"28",2013,1,7.69841772151899,158,8.07,6.9622641509434,6.94444444444444,7.20681818181818,7.77794117647059,105,53,18,22,136,3215,1693,1522,387,641,2574,7.46220093312597,8.03858003544005,6.82106438896189,7.16692506459948,7.13904212168487,7.54267676767677,23
"29",2013,2,7.49908256880734,109,7.92666666666667,6.97551020408163,6.28888888888889,7.75555555555556,7.44835164835165,60,49,9,18,91,3324,1753,1571,396,659,2665,7.46341034897714,8.03474957216201,6.82588160407384,7.1469696969697,7.15588163884674,7.53945590994371,24
"30",2013,3,7.53076923076923,91,8.27551020408163,6.66190476190476,6.88888888888889,7.33333333333333,7.56973684210526,49,42,9,15,76,3415,1802,1613,405,674,2741,7.46520527086384,8.04129633740288,6.8216119032858,7.14123456790123,7.15983086053413,7.54029551258665,25
"31",2013,4,7.6924427480916,131,8.09158536585366,7.02448979591837,7.55,7.55882352941176,7.71236842105263,82,49,14,17,114,3546,1884,1662,419,691,2855,7.47360011280316,8.04348513800424,6.82759326113117,7.15489260143198,7.16964688856729,7.54716637478108,26
"32",2013,5,7.46261682242991,107,7.86065573770492,6.93478260869565,7.03846153846154,7.61363636363636,7.42352941176471,61,46,13,22,85,3653,1945,1708,432,713,2940,7.47327840131399,8.03775115681234,6.83048009367681,7.15138888888889,7.18334642356241,7.54359183673469,27
"33",2013,6,7.49627659574468,94,8.09090909090909,6.65769230769231,7.18888888888889,8.165625,7.35897435897436,55,39,9,16,78,3747,2000,1747,441,729,3018,7.47385535094743,8.039213,6.82662278191185,7.15215419501134,7.20490534979424,7.53882041086812,28
"34",2013,7,7.35186274509804,102,7.94788461538462,6.732,7.56666666666667,7.22,7.3840243902439,52,50,9,20,82,3849,2052,1797,450,749,3100,7.47062249935048,8.03689863547758,6.82398998330551,7.16044444444444,7.20530841121495,7.53472580645161,29
"35",2013,8,7.44592592592593,135,7.86571428571429,6.99384615384615,7.14,7.03125,7.50168067226891,70,65,25,16,119,3984,2122,1862,475,765,3219,7.46978564257028,8.03125164938737,6.82991944146079,7.15936842105263,7.20166797385621,7.53350419384902,30
"36",2013,9,7.35318181818182,110,7.8327868852459,6.75612244897959,6.80714285714286,6.96111111111111,7.42989130434783,61,49,14,18,92,4094,2183,1911,489,783,3311,7.46665266243283,8.02570590929913,6.82802721088435,7.14928425357873,7.19613793103448,7.53062518876472,31
"37",2013,10,7.38796992481203,133,7.82945205479452,6.85083333333333,6.92,6.91304347826087,7.48727272727273,73,60,15,23,110,4227,2256,1971,504,806,3421,7.46417695765318,8.0193554964539,6.82872146118721,7.14246031746032,7.18805955334988,7.52923121894183,32
"38",2013,11,7.28385321100917,109,7.98118644067797,6.461,6.59166666666667,7.14761904761905,7.31636363636364,59,50,12,21,88,4336,2315,2021,516,827,3509,7.45964391143911,8.01838272138229,6.81962394854033,7.1296511627907,7.18703264812576,7.52389284696495,33
"39",2013,12,7.15731707317073,123,7.87538461538462,6.35258620689655,6.5625,6.3625,7.35,65,58,16,24,99,4459,2380,2079,532,851,3608,7.45130432832474,8.01447731092437,6.80659451659452,7.11259398496241,7.16377908343126,7.51912139689579,34
"40",2014,1,7.44043715846994,183,7.88602150537634,6.98,7.53571428571429,7.41052631578947,7.44390243902439,93,90,28,19,164,4642,2473,2169,560,870,3772,7.45087591555364,8.00964658309745,6.8137897648686,7.13375,7.16916781609195,7.51585100742312,35
"41",2014,2,7.45648854961832,131,7.93378378378378,6.83684210526316,6.53846153846154,6.65789473684211,7.59196428571429,74,57,13,19,112,4773,2547,2226,573,889,3884,7.45102996019275,8.00744248135061,6.81438005390836,7.12024432809773,7.15824071991001,7.51804582904222,36
"42",2014,3,7.47413793103448,116,8.0327868852459,6.85454545454545,7.23809523809524,7.80769230769231,7.43203883495146,61,55,21,13,103,4889,2608,2281,594,902,3987,7.45157823685825,8.00803527607362,6.8153485313459,7.12441077441077,7.16760088691796,7.51582392776524,37
"43",2014,4,7.31100917431193,109,7.84736842105263,6.72307692307692,6.65,6.84166666666667,7.44352941176471,57,52,14,24,85,4998,2665,2333,608,926,4072,7.44851260504202,8.00459887429643,6.81329189884269,7.11348684210526,7.15915334773218,7.51431483300589,38
"44",2014,5,7.30223214285714,112,8.06037735849057,6.62118644067797,6.76666666666667,7,7.34540816326531,53,59,15,14,98,5110,2718,2392,623,940,4170,7.44530645792564,8.00568653421633,6.80855351170569,7.10513643659711,7.1567829787234,7.51034532374101,39
"45",2014,6,7.55567010309278,97,7.73636363636364,7.31904761904762,7.06428571428571,6.91666666666667,7.64588235294118,55,42,14,12,85,5207,2773,2434,637,952,4255,7.44736239677357,8.00034475297512,6.81736236647494,7.10423861852433,7.15375630252101,7.51305287896592,40
"46",2014,7,7.47701149425287,87,7.81132075471698,6.95588235294118,6.65384615384615,7.16666666666667,7.52666666666667,53,34,13,12,75,5294,2826,2468,650,964,4330,7.44784964110314,7.99679971691436,6.81927066450567,7.09523076923077,7.15391701244813,7.51328868360277,41
"47",2014,8,7.44960784313725,102,8.03050847457627,6.65255813953488,6.1875,7.66235294117647,7.40705882352941,59,43,8,17,85,5396,2885,2511,658,981,4415,7.4478828762046,7.9974890814558,6.81641577060932,7.08419452887538,7.16272782874618,7.51124348810872,42
"48",2014,9,7.35,102,7.82181818181818,6.79787234042553,6.89090909090909,6.92857142857143,7.41704545454545,55,47,11,14,88,5498,2940,2558,669,995,4503,7.44606693343034,7.99420272108843,6.81607505863956,7.08101644245142,7.15943316582915,7.50940262047524,43
"49",2014,10,7.46701030927835,97,8.0078431372549,6.86739130434783,7.09090909090909,7.05882352941176,7.55375,51,46,11,17,80,5595,2991,2604,680,1012,4583,7.44643002680965,7.99443530591775,6.81698156682028,7.08117647058824,7.15774308300395,7.51017674012655,44
"50",2014,11,7.18719008264463,121,7.63032786885246,6.73666666666667,6.92222222222222,7.18333333333333,7.18761467889908,61,60,18,12,109,5716,3052,2664,698,1024,4692,7.44094226731981,7.98715792922674,6.81517267267267,7.07707736389685,7.15804296875,7.50268329070759,45
"51",2014,12,7.42815217391304,92,7.80925925925926,6.88657894736842,7.375,7.80769230769231,7.36569620253165,54,38,12,13,79,5808,3106,2702,710,1037,4771,7.44073966942149,7.98406503541532,6.81617690599556,7.08211267605634,7.16618707810993,7.50041500733599,46
"52",2015,1,7.42707006369427,157,8.1359756097561,6.652,6.69565217391304,6.85789473684211,7.5054347826087,82,75,23,19,138,5965,3188,2777,733,1056,4909,7.44037988264879,7.98797239648683,6.81174288800864,7.0699863574352,7.16064015151515,7.50055612140966,47
"53",2015,2,7.52554347826087,92,7.8051724137931,7.04852941176471,6.99583333333333,7.70555555555556,7.48175675675676,58,34,12,18,74,6057,3246,2811,745,1074,4983,7.44167343569424,7.98470609981516,6.81460690145856,7.06879194630872,7.16977281191806,7.50027694160144,48
"54",2015,3,7.59095744680851,94,7.99038461538461,7.09642857142857,7.11363636363636,7.53571428571429,7.59540229885057,52,42,11,7,87,6151,3298,2853,756,1081,5070,7.4439548040969,7.9847956337174,6.81875569575885,7.06944444444444,7.17214246068455,7.50190927021696,49
"55",2015,4,7.32075471698113,106,7.63461538461539,7.01851851851852,6.75,6.72307692307692,7.40430107526882,52,54,12,13,93,6257,3350,2907,768,1094,5163,7.4418676682116,7.97936,6.82246646026832,7.064453125,7.16680621572212,7.50015107495642,50
"56",2015,5,7.14226804123711,97,7.96938775510204,6.29791666666667,6.71428571428571,6.37272727272727,7.2406976744186,49,48,14,11,86,6354,3399,2955,782,1105,5249,7.43729398803903,7.97921624007061,6.81394585448393,7.05818414322251,7.15890135746606,7.49590017146123,51
"57",2015,6,7.00224719101124,89,7.63690476190476,6.43510638297872,6.75,6.22058823529412,7.18680555555556,42,47,12,17,72,6443,3441,3002,794,1122,5321,7.43128449480056,7.97503807032839,6.8080146568954,7.05352644836272,7.14468449197861,7.49171772223266,52
"58",2015,7,7.59893617021277,94,8.23703703703704,6.7375,7.68666666666667,8.1,7.51851851851852,54,40,15,13,81,6537,3495,3042,809,1135,5402,7.43369527306104,7.9790861230329,6.80708744247206,7.06526576019778,7.15562643171806,7.49211958533876,53
"59",2015,8,6.99090909090909,88,7.34,6.40909090909091,7.05714285714286,6.44285714285714,7.09459459459459,55,33,14,14,74,6625,3550,3075,823,1149,5476,7.42781373584906,7.96918478873239,6.8028162601626,7.06512758201701,7.14694168842472,7.48674762600438,54
"60",2015,9,7.08761904761905,105,7.53983050847458,6.50760869565217,5.75384615384615,6.32307692307692,7.19565217391304,59,46,13,13,92,6730,3609,3121,836,1162,5568,7.42250609212482,7.96216569686894,6.79846523550144,7.04473684210526,7.13772461273666,7.4819378591954,55
"61",2015,10,6.97479674796748,123,7.47459016393443,6.48306451612903,6.57142857142857,6.4804347826087,7.0885,61,62,14,23,100,6853,3670,3183,850,1185,5668,7.41447045089742,7.95406158038147,6.79232170907949,7.03694117647059,7.12496708860759,7.47499647141849,56
"62",2015,11,7.42253521126761,142,7.77171052631579,7.02045454545455,6.686,7.52368421052632,7.40691056910569,76,66,25,19,123,6995,3746,3249,875,1204,5791,7.41463416726233,7.95036198611853,6.79695598645737,7.02691428571429,7.13125913621262,7.47355033672941,57
"63",2015,12,7.32165354330709,127,7.64328358208955,6.9625,7.22916666666667,6.9,7.39583333333333,67,60,12,19,108,7122,3813,3309,887,1223,5899,7.41297613030048,7.94496616837136,6.79995769114536,7.02965050732807,7.12766639411284,7.47212747923377,58
"64",2016,1,7.25329192546584,161,7.85024390243902,6.63367088607595,6.545,7.03,7.27965277777778,82,79,28,17,144,7283,3895,3388,915,1240,6043,7.40944610737334,7.94297201540437,6.79608028335301,7.01481967213115,7.12632741935484,7.46754095647857,59
"65",2016,2,7.15233644859813,107,7.69148936170213,6.73,6.61538461538461,6.87,7.18144329896907,47,60,13,10,97,7390,3942,3448,928,1250,6140,7.40572341001353,7.93997361745307,6.79493039443155,7.00922413793104,7.1242768,7.46302117263843,60
"66",2016,3,7.16039603960396,101,7.52641509433962,6.75625,7.48181818181818,6.93,7.18571428571429,53,48,11,10,91,7491,3995,3496,939,1260,6231,7.40241569883861,7.93448710888611,6.79439931350114,7.01476038338658,7.12273492063492,7.45897127266891,61
"67",2016,4,7.6224,125,8.1421875,7.07704918032787,7.23333333333333,7.03846153846154,7.69017857142857,64,61,15,13,112,7616,4059,3557,954,1273,6343,7.4060262605042,7.93776201034738,6.79924655608659,7.01819706498952,7.12187431264729,7.46305376005045,62
"68",2016,5,7.86299212598425,127,8.24024390243902,7.17555555555556,7.41666666666667,8,7.84736842105263,82,45,12,13,114,7743,4141,3602,966,1286,6457,7.41352137414439,7.94375175078483,6.80394780677402,7.02314699792961,7.13075116640747,7.4698389344897,63
"69",2016,6,7.07052631578947,95,7.81698113207547,6.12857142857143,6,5.5,7.21494252873563,53,42,7,8,87,7838,4194,3644,973,1294,6544,7.40936412350089,7.94214973772055,6.79616355653129,7.01578622816033,7.12066924265842,7.46645018337408,64
"70",2016,7,7.15051546391753,97,7.86363636363636,6.21666666666667,5.66666666666667,7.47142857142857,7.12555555555556,55,42,6,7,90,7935,4249,3686,979,1301,6634,7.40619987397606,7.9411334431631,6.78956049918611,7.00751787538304,7.12255649500384,7.46182544467893,65
"71",2016,8,7.55906432748538,171,7.92228260869565,7.13607594936709,7.00454545454545,7.42894736842105,7.57532894736842,92,79,22,19,152,8106,4341,3765,1001,1320,6786,7.4094246237355,7.94073393227367,6.79683134130146,7.00745254745255,7.12696666666667,7.46436781609195,66
"72",2016,9,7.31538461538462,156,7.65764705882353,6.9056338028169,7.03076923076923,6.80526315789474,7.38613138686131,85,71,26,19,137,8262,4426,3836,1027,1339,6923,7.40764899540063,7.93529733393583,6.79884515119917,7.00804284323272,7.12240179238237,7.4628195868843,67
"73",2016,10,7.27532894736842,152,7.72857142857143,6.59918032786885,6.71739130434783,7.458,7.23937007874016,91,61,23,25,127,8414,4517,3897,1050,1364,7050,7.40525861659139,7.93113261013947,6.79571978444958,7.00167619047619,7.12855278592375,7.45879432624113,68
"74",2016,11,7.00735294117647,153,7.36174698795181,6.58714285714286,6.54,6.18970588235294,7.10955882352941,83,70,25,17,136,8567,4600,3967,1075,1381,7186,7.39815232870316,7.92085891304348,6.79203932442652,6.99093953488372,7.11699565532223,7.45218480378514,69
"75",2016,12,6.9748275862069,145,7.53860759493671,6.3,6.07692307692308,6.58823529411765,7.026171875,79,66,13,17,128,8712,4679,4033,1088,1398,7314,7.39110663452709,7.91440500106861,6.78398710637243,6.98001838235294,7.11056580829757,7.44472928630025,70
"76",2017,1,6.95958579881657,169,7.61666666666667,6.35477272727273,6.26190476190476,6.03260869565217,7.10561643835616,81,88,21,23,146,8881,4760,4121,1109,1421,7460,7.38289505686297,7.90933844537815,6.77482164523174,6.96642019837692,7.09311822660099,7.43809249329759,71
"77",2017,2,7.23870967741935,124,7.49810126582279,6.78333333333333,6.79166666666667,7.57142857142857,7.19636363636364,79,45,12,14,110,9005,4839,4166,1121,1435,7570,7.38090960577457,7.90262471585038,6.77491358617379,6.96454950936664,7.09778466898955,7.43457992073976,72
"78",2017,3,7.47592592592593,108,7.70634920634921,7.15333333333333,7.09090909090909,7.33333333333333,7.48888888888889,63,45,11,9,99,9113,4902,4211,1132,1444,7669,7.38203566333809,7.90010220318238,6.77895749228212,6.96577738515901,7.0992527700831,7.43528100143434,73
"79",2017,4,7.54666666666667,105,7.73913043478261,7.17777777777778,7.44285714285714,7.875,7.51958762886598,69,36,14,8,97,9218,4971,4247,1146,1452,7766,7.38391093512692,7.89786783343392,6.78233812102661,6.97160558464223,7.10352685950413,7.43633402008756,74
"80",2017,5,7.25101851851852,108,7.48014285714286,6.82894736842105,6.66666666666667,7.00083333333333,7.28229166666667,70,38,9,12,96,9326,5041,4285,1155,1464,7862,7.38237197083423,7.8920672485618,6.78275145857643,6.96922943722944,7.10268510928962,7.43445306537776,75
"81",2017,6,7.04397590361446,83,7.26636363636364,6.60714285714286,5.625,5.875,7.16866666666667,55,28,8,8,75,9409,5096,4313,1163,1472,7937,7.37938686364119,7.88531416797488,6.78161140737306,6.95998280309544,7.0960129076087,7.43194153962454,76
"82",2017,7,7.12551020408163,98,7.48305084745763,6.58461538461538,5.8,5.8,7.24333333333333,59,39,5,8,90,9507,5155,4352,1168,1480,8027,7.37676985379194,7.8807101842871,6.77984604779412,6.95501712328767,7.08900743243243,7.42982683443379,77
"83",2017,8,7.03711111111111,90,7.4021568627451,6.55974358974359,6.91666666666667,8.08,6.97576470588235,51,39,6,5,85,9597,5206,4391,1174,1485,8112,7.37358455767427,7.87602208989628,6.77789114097017,6.95482112436116,7.09234410774411,7.42506903353057,78
"84",2017,9,7.27191011235955,89,7.718,6.7,6.72083333333333,6.25,7.43116883116883,50,39,12,12,77,9686,5256,4430,1186,1497,8189,7.37265032004955,7.87451883561644,6.77720541760722,6.95245362563238,7.0855918503674,7.42512638905849,79
"85",2017,10,7.33556701030928,97,7.68272727272727,6.88095238095238,6.3125,7,7.37848837209302,55,42,8,11,86,9783,5311,4472,1194,1508,8275,7.37228263313912,7.87253266804745,6.77817978533095,6.94816582914573,7.0849675066313,7.4246416918429,80
"86",2017,11,7.088,100,7.525,6.375,6.1,6.69166666666667,7.14204545454545,62,38,15,12,88,9883,5373,4510,1209,1520,8363,7.36940615197814,7.86852242694957,6.77478270509978,6.93764267990074,7.0818625,7.42166806170035,81
"87",2017,12,6.85337209302326,86,7.12707317073171,6.604,7.1375,4.61444444444444,7.11506493506494,41,45,8,9,77,9969,5414,4555,1217,1529,8440,7.36495445882235,7.86290746213521,6.77309549945115,6.93895645028759,7.06733878351864,7.41887085308057,82
"88",2018,1,7.22703703703704,135,7.59024390243902,6.66509433962264,6.65625,7.57692307692308,7.18975409836066,82,53,16,13,122,10104,5496,4608,1233,1542,8562,7.36311173792557,7.85883933770015,6.77185329861111,6.93528791565288,7.07163488975357,7.41560616678346,83
"89",2018,2,7.36329113924051,79,7.86170212765957,6.63125,6.65,7.84545454545455,7.28529411764706,47,32,10,11,68,10183,5543,4640,1243,1553,8630,7.36311312972601,7.85886361176259,6.77088362068966,6.93299275945294,7.07711590470058,7.41457937427578,84
"90",2018,3,7.47722950819672,61,7.93543243243243,6.77083333333333,6.875,7.25,7.51152830188679,37,24,8,8,53,10244,5580,4664,1251,1561,8683,7.36379265911753,7.85937132616488,6.7708833619211,6.93262190247802,7.07800192184497,7.41517113900726,85
"91",2018,4,7.10823529411765,85,7.53469387755102,6.52777777777778,6.78571428571429,7.05555555555556,7.11447368421053,49,36,7,9,76,10329,5629,4700,1258,1570,8759,7.36168961177268,7.85654503464203,6.76902127659575,6.93180445151033,7.07787324840764,7.41256205046238,86
"92",2018,5,6.81971830985916,71,7.43030303030303,6.28947368421053,5.375,5.3125,7.01111111111111,33,38,8,8,63,10400,5662,4738,1266,1578,8822,7.35798961538461,7.85406075591664,6.76517517940059,6.92196682464455,7.06892332065906,7.4096951938336,87
"93",2018,6,7.01016949152542,59,7.61379310344828,6.42666666666667,5.5,5.36,7.16296296296296,29,30,4,5,54,10459,5691,4768,1270,1583,8876,7.35602753609331,7.85283640836409,6.76304530201342,6.91748818897638,7.06352558433354,7.40819411897251,88
"94",2018,7,6.95597222222222,72,7.18472222222222,6.72722222222222,6.65,6.926,6.95820895522388,36,36,10,5,67,10531,5727,4804,1280,1588,8943,7.35329237489317,7.84863663349049,6.76277685262282,6.9153984375,7.06309256926952,7.40482287822878,89
"95",2018,8,7.10923076923077,65,7.5,6.484,6.59090909090909,6.5,7.17118644067797,40,25,11,6,59,10596,5767,4829,1291,1594,9002,7.35179520573801,7.84621848448067,6.76133360944295,6.91263361735089,7.0609730238394,7.40329160186625,90
"96",2018,9,7.03793103448276,58,7.788,6.46969696969697,6.45454545454545,8,7.02105263157895,25,33,11,1,57,10654,5792,4862,1302,1595,9059,7.35008654026656,7.8459671961326,6.75935417523653,6.90876344086022,7.06156175548589,7.40088652169114,91
"97",2018,10,6.94705882352941,68,7.13170731707317,6.66666666666667,5.58333333333333,7.25,6.91774193548387,41,27,6,6,62,10722,5833,4889,1308,1601,9121,7.34753049804141,7.84094668266758,6.75884229903866,6.90268348623853,7.06226795752654,7.39760234623396,92
"98",2018,11,6.91752385714286,70,7.45609756097561,6.15609206896552,6.402667,6.71619071428571,6.96785714285714,41,29,10,14,56,10792,5874,4918,1318,1615,9177,7.34474135192735,7.83826046986721,6.75528805815372,6.89888973444613,7.05926790712074,7.39497994987468,93
"99",2018,12,7.05188679245283,53,7.36481481481481,6.72692307692308,6.1,6.95,7.0625,27,26,5,5,48,10845,5901,4944,1323,1620,9225,7.34331015859843,7.83609422131842,6.75513888956311,6.89587049886621,7.05893066049383,7.39324997289973,94
"100",2019,1,7.28481481481481,81,7.79439024390244,6.7625,6.65,6.55555555555556,7.37597222222222,41,40,10,9,72,10926,5942,4984,1333,1629,9297,7.34287650283727,7.83580646247055,6.75519796749599,6.89402600900225,7.05614958256599,7.39311616650532,95
"101",2019,2,6.9,55,7.33333333333333,6.56451612903226,6.45,6.57142857142857,6.94791666666667,24,31,10,7,48,10981,5966,5015,1343,1636,9345,7.34065828886258,7.83378511565538,6.75401927617149,6.89071978406553,7.05407559290953,7.39082942750134,96
"102",2019,3,7.10363636363636,55,7.60294117647059,6.2952380952381,6.25,5.42857142857143,7.34791666666667,34,21,4,7,48,11036,6000,5036,1347,1643,9393,7.33947704512504,7.832477,6.75210616957903,6.88881712694878,7.0471501339014,7.39061013520707,97
"103",2019,4,7.33061224489796,49,7.27428571428571,7.47142857142857,7.4,6.275,7.42444444444444,35,14,4,4,45,11085,6035,5050,1351,1647,9438,7.33943785926928,7.82923976801989,6.75410033069307,6.89033062176166,7.04527484517304,7.39077145581691,98
"104",2019,5,7.21744186046512,43,7.45238095238095,6.99318181818182,6.82142857142857,7.25,7.21585365853659,21,22,7,2,41,11128,6056,5072,1358,1649,9479,7.33896645129403,7.82793295904888,6.75513735607256,6.88997545655376,7.04552314736204,7.39001487498681,99
"105",2019,6,6.84020833333333,48,7.08,6.5795652173913,6.4,6.4,6.89139534883721,25,23,5,5,43,11176,6081,5095,1363,1654,9522,7.33682432623479,7.82485808255221,6.75434478312071,6.88817804108584,7.04357174727932,7.3877631800042,100
"106",2019,7,7.4071935483871,62,7.83637837837838,6.772,6.41666666666667,4.5,7.5041,37,25,6,2,60,11238,6118,5120,1369,1656,9582,7.33721255294536,7.82492775416803,6.75443099023438,6.8861115193572,7.04049980072464,7.38849165101232,101
"107",2019,8,6.35516129032258,62,6.84848484848485,5.79379310344828,6.005,7.9,6.21964912280702,33,29,4,5,57,11300,6151,5149,1373,1661,9639,7.33182430707965,7.81968915623476,6.74902052243154,6.88354455207575,7.04308709813365,7.38157972818757,102
"108",2019,9,6.86818181818182,66,7.37777777777778,6.25666666666667,5.85,7.24,6.83770491803279,36,30,10,5,61,11366,6187,5179,1383,1666,9700,7.32913203149745,7.81711782770325,6.74616850164124,6.87607134490239,7.04367807322929,7.37815948453608,103
"109",2019,10,6.90189655172414,58,7.0615625,6.70538461538462,6.29,6.86666666666667,6.91108695652174,32,26,6,12,46,11424,6219,5205,1389,1678,9746,7.32696294380252,7.81323010130246,6.74596477809798,6.87353971922246,7.04241219904648,7.37595495587934,104
"110",2019,11,6.97142857142857,77,7.4,6.55384615384615,6.19230769230769,7.25,6.94788732394366,38,39,13,6,71,11501,6257,5244,1402,1684,9817,7.32458261629424,7.81072047307016,6.74453597826087,6.8672230171184,7.04315182304038,7.37285902006723,105
"111",2019,12,6.9530303030303,66,7.43548387096774,6.52571428571429,5.83333333333333,7.38888888888889,6.88421052631579,31,35,6,9,57,11567,6288,5279,1408,1693,9874,7.32246258061727,7.80887054707379,6.74308518090547,6.86281723721591,7.04498976373302,7.37003818108163,106
"112",2020,1,6.95698795180723,83,7.63095238095238,6.26658536585366,6.45363636363636,6.37375,7.0192,42,41,11,8,75,11650,6330,5320,1419,1701,9949,7.31985876995708,7.80769004739337,6.73941290789474,6.85964529245948,7.04183284538507,7.3673934063725,107
"113",2020,2,6.71652173913043,69,7.15789473684211,6.17548387096774,6.5,6.85714285714286,6.70064516129032,38,31,4,7,62,11719,6368,5351,1423,1708,10011,7.31630639730352,7.8038125,6.73614589235657,6.85863434293746,7.04107591920375,7.36326410947957,108
"114",2020,3,7.14120689655172,58,7.33939393939394,6.8796,7.8125,7,7.14890909090909,33,25,8,3,55,11777,6401,5376,1431,1711,10066,7.31544405790948,7.80141821590377,6.73681299665179,6.86396692522711,7.04100389830508,7.36209288694616,109
"115",2020,4,6.52073170731707,41,6.87954545454545,6.10526315789474,5.14285714285714,6.25,6.55,22,19,7,4,37,11818,6423,5395,1438,1715,10103,7.31268697495346,7.79826062587576,6.73458881742354,6.85558878303199,7.03915899125364,7.35911877660101,110
"116",2020,5,6.53666666666667,51,7.19259259259259,5.79875,6.5175,6.6875,6.50860465116279,27,24,4,8,43,11869,6450,5419,1442,1723,10146,7.3093524871514,7.79572527131783,6.73044411699576,6.85465095006935,7.03752621590249,7.35551419278534,111
"117",2020,6,7.22553191489362,47,7.23846153846154,7.20952380952381,6.91428571428571,7.1,7.24047619047619,26,21,7,5,42,11916,6476,5440,1449,1728,10188,7.30902187562941,7.7934879555281,6.73229350551471,6.85493904071774,7.0377069849537,7.35503994895956,112
"118",2020,7,7.2047619047619,42,7.54761904761905,6.86190476190476,6.35714285714286,7.4,7.17837837837838,21,21,7,5,37,11958,6497,5461,1456,1733,10225,7.30865568406088,7.79269324303525,6.73279191906244,6.85254578983516,7.03875226197346,7.35440068459658,113
"119",2020,8,6.86413043478261,46,7.48809523809524,6.34,5.5,5.75,6.97023809523809,21,25,2,4,42,12004,6518,5486,1458,1737,10267,7.30695223842053,7.79171187480822,6.73100194495078,6.85069044581619,7.03578449625791,7.35282916139087,114
"120",2020,9,6.92240302325581,43,7.39833318181818,6.42380952380952,7,6.3,7.04342583333333,22,21,6,7,36,12047,6540,5507,1464,1744,10303,7.30557964638499,7.79038858256881,6.72983051933902,6.85130237021858,7.03283123279816,7.35174806658255,115
"121",2020,10,7.24040740740741,54,7.59937931034483,6.824,6.5,6.25,7.31964,29,25,4,4,50,12101,6569,5532,1468,1748,10353,7.30528881910586,7.78954533871213,6.73025608640636,6.85034514305177,7.0310398569794,7.35159300009659,116
"122",2020,11,6.81893939393939,66,7.51666666666667,6.12121212121212,7,6,6.91610169491525,33,33,5,7,59,12167,6602,5565,1473,1755,10412,7.30265061231199,7.78818135867919,6.7266445049416,6.85085313645621,7.02692744729345,7.34912527180177,117
"123",2020,12,6.93934426229508,61,7.43548387096774,6.42666666666667,5.4,6.66666666666667,6.95344827586207,31,30,5,3,58,12228,6633,5595,1478,1758,10470,7.30083824010468,7.78653299110508,6.72503604468275,6.8459449729364,7.02631266780432,7.34693336485196,118
"124",2021,1,7.03,70,7.37567567567568,6.64242424242424,5.77777777777778,4.75,7.16818181818182,37,33,9,4,66,12298,6670,5628,1487,1762,10536,7.29929663359896,7.78425387256372,6.72455164712153,6.83947993947545,7.02114510215664,7.34581362281701,119
"125",2021,2,7.06991461538462,39,7.37393954545455,6.67647058823529,6.2,7.66666666666667,7.02018527777778,22,17,5,3,36,12337,6692,5645,1492,1765,10572,7.29857150603875,7.78290496114764,6.72440685031001,6.83733691018767,7.02224230594901,7.34470478622778,120
"126",2021,3,7.17857142857143,56,7.38333333333333,6.94230769230769,6.44444444444444,5.5,7.38,30,26,9,6,50,12393,6722,5671,1501,1771,10622,7.2980292641007,7.78112168997322,6.72540586669018,6.83498112591606,7.01708507622812,7.3448709282621,121
"127",2021,4,6.84772727272727,44,7.56190476190476,6.19565217391304,6.35714285714286,5.5,7.06052631578947,21,23,7,6,38,12437,6743,5694,1508,1777,10660,7.29643617190641,7.78043897375056,6.72326601159115,6.83276304376658,7.01196267304446,7.34385731707318,122
"128",2021,5,7.37758620689655,58,7.70606060606061,6.944,6.9375,7.2,7.39074074074074,33,25,8,4,54,12495,6776,5719,1516,1781,10714,7.2968128587435,7.78007674144038,6.72423092673544,6.83331574538259,7.01238499157776,7.34409361582976,123
"129",2021,6,7.24324324324324,37,7.55,6.88235294117647,7.5,8,7.17647058823529,20,17,2,3,34,12532,6796,5736,1518,1784,10748,7.29665469757421,7.77939964685109,6.72469955892608,6.83419411725955,7.01404577914798,7.34356336062524,124
"130",2021,7,7.15434782608696,46,7.48518518518518,6.68421052631579,6.08333333333333,6,7.18,27,19,6,1,45,12578,6823,5755,1524,1785,10793,7.29613425584354,7.77823538033123,6.72456588531711,6.83123797244094,7.01347768627451,7.34288140461411,125
"131",2021,8,7.18478260869565,46,7.53846153846154,6.725,5.75,6.125,7.28571428571429,26,20,4,4,42,12624,6849,5775,1528,1789,10835,7.29572850681242,7.77732515695722,6.72456738874459,6.8284075065445,7.01149115148127,7.34265980618367,126
"132",2021,9,7.1265306122449,49,7.64583333333333,6.628,6.2,7.46666666666667,7.07906976744186,24,25,5,6,43,12673,6873,5800,1533,1795,10878,7.29507430521581,7.77686599738106,6.72415115,6.82635790606654,7.01301262952646,7.34161785254643,127
"133",2021,10,6.82446428571429,56,7.4,6.36032258064516,6.3,6.66714285714286,6.8469387755102,25,31,5,7,49,12729,6898,5831,1538,1802,10927,7.29300390211329,7.77550014496956,6.72221688732636,6.82464672951886,7.01166907325194,7.33939956072116,128
"134",2021,11,7.05740740740741,54,7.41071428571429,6.67692307692308,7.14285714285714,7.2,7.04285714285714,28,26,7,5,49,12783,6926,5857,1545,1807,10976,7.29200865759212,7.77402541149293,6.72201582209322,6.82608845954693,7.01219018815716,7.33807571064141,129
"135",2021,12,6.81090909090909,55,6.956,6.69,5.9375,7.3,6.762,25,30,8,5,50,12838,6951,5887,1553,1812,11026,7.28994755179935,7.77108329736729,6.72185267029047,6.82151105602061,7.01298436534216,7.33546335933249,130
"136",2022,1,7.02030612244898,98,7.458125,6.6,6.09090909090909,6.36708375,7.07837033333333,48,50,11,8,90,12936,6999,5937,1564,1820,11116,7.28790481369821,7.76893699099871,6.72082645612262,6.8163725511509,7.01014524175824,7.33338182169846,131
"137",2022,2,6.79916666666667,36,7.40666666666667,6.3652380952381,6.91714285714286,6.085,6.84117647058823,15,21,7,2,34,12972,7014,5958,1571,1822,11150,7.28654846361394,7.7681622469347,6.71957312353138,6.81682155951623,7.00912971459934,7.33188092645741,132
"138",2022,3,7.325,36,8.18421052631579,6.36470588235294,6,9,7.17272727272727,19,17,1,3,33,13008,7033,5975,1572,1825,11183,7.28665487930505,7.76928622209583,6.71856345941422,6.81630195292621,7.01240237808219,7.33141127872665,133
"139",2022,4,6.796875,32,7.35714285714286,6.36111111111111,6.4,4.16666666666667,7.06896551724138,14,18,5,3,29,13040,7047,5993,1577,1828,11212,7.2854529654908,7.76846743295019,6.71748984982479,6.81498203551046,7.00773213347921,7.33073245897254,134
"140",2022,5,6.98214285714286,56,7.35555555555556,6.63448275862069,6.85714285714286,6.2,7.05882352941176,27,29,7,5,51,13096,7074,6022,1584,1833,11263,7.28415597663409,7.76689143341815,6.71709011457987,6.81516835227273,7.00552882705946,7.32950122791442,135
"141",2022,6,6.69259259259259,27,7.22307692307692,6.2,8,5.83333333333333,6.8,13,14,1,3,24,13123,7087,6036,1585,1836,11287,7.28293886077879,7.76589389022153,6.71589076706428,6.81591588012618,7.00361347494553,7.32837532825375,136
"142",2022,7,7.38145161290323,31,7.73529411764706,6.95178571428571,6.2,8,7.33879310344828,17,14,5,2,29,13154,7104,6050,1590,1838,11316,7.28317102554356,7.76582066441441,6.71643663966942,6.81397903773585,7.00469768226333,7.3284020263344,137
"143",2022,8,6.75975609756098,41,7.37631578947368,6.22727272727273,6.4,7.125,6.72027027027027,19,22,5,4,37,13195,7123,6072,1595,1842,11353,7.28154465100417,7.76478169310684,6.71466430665349,6.81268129780564,7.00495892508143,7.32642009424822,138
"144",2022,9,7.02307692307692,39,7.83684210526316,6.25,6.75,5.75,7.16857142857143,19,20,4,4,35,13234,7142,6092,1599,1846,11388,7.28078295828926,7.76497339680762,6.71313881648063,6.81252449656035,7.00223962080173,7.32593496048473,139
"145",2022,10,6.98974358974359,39,7.20909090909091,6.70588235294118,7.83333333333333,6.83333333333333,7.00277777777778,22,17,6,3,36,13273,7164,6109,1605,1849,11424,7.27992779853839,7.76326633165829,6.71311862334261,6.81634060436137,7.00196557057869,7.32491660801821,140
"146",2022,11,6.74419551020408,49,7.404,6.05689916666667,7.5,7,6.72751260869565,25,24,3,3,46,13322,7189,6133,1608,1852,11470,7.27795730746134,7.7620169703714,6.71055066851459,6.81761608830846,7.00196238660907,7.32252074193549,141
"147",2022,12,6.51627906976744,43,6.77368421052632,6.3125,6.5,6.5,6.5175,19,24,8,3,40,13365,7208,6157,1616,1855,11510,7.27550671530116,7.75941176470588,6.70899906610362,6.81604373143564,7.00115058760108,7.31972310251955,142
