"","year","month","avg_rating","no_ratings","avg_rating_owned","avg_rating_not_owned","avg_rating_prev_owned","avg_rating_comment","avg_rating_no_comment","no_ratings_owned","no_ratings_not_owned","no_ratings_prev_owned","no_ratings_comment","no_ratings_no_comment","cum_no_ratings","cum_no_ratings_owned","cum_no_ratings_not_owned","cum_no_ratings_prev_owned","cum_no_ratings_comment","cum_no_ratings_no_comment","cum_avg_rating","cum_avg_rating_owned","cum_avg_rating_not_owned","cum_avg_rating_prev_owned","cum_avg_rating_comment","cum_avg_rating_no_comment","month_after_release"
"1",2011,5,8,1,NA,8,NA,NA,8,0,1,0,0,1,1,0,1,0,0,1,8,NA,8,NA,NA,8,-3
"2",2011,7,9,1,9,NA,NA,NA,9,1,0,0,0,1,2,1,1,0,0,2,8.5,9,8,NA,NA,8.5,-1
"3",2011,8,8.47727272727273,22,8.67647058823529,7.8,7,8.375,8.53571428571429,17,5,1,8,14,24,18,6,1,8,16,8.47916666666667,8.69444444444444,7.83333333333333,7,8.375,8.53125,0
"4",2011,9,7.49294117647059,85,8.174,6.52,7.36923076923077,7.75,7.41384615384615,50,35,13,20,65,109,68,41,14,28,81,7.71009174311927,8.31176470588235,6.71219512195122,7.34285714285714,7.92857142857143,7.63456790123457,1
"5",2011,10,7.69166666666667,78,8.2425,7.11184210526316,7.48214285714286,7.54761904761905,7.74473684210526,40,38,14,21,57,187,108,79,28,49,138,7.7024064171123,8.28611111111111,6.90443037974684,7.4125,7.76530612244898,7.68007246376812,2
"6",2011,11,7.35777777777778,45,8.44166666666667,6.11904761904762,7,6.875,7.62413793103448,24,21,6,16,29,232,132,100,34,65,167,7.63556034482759,8.31439393939394,6.7395,7.33970588235294,7.54615384615385,7.67035928143713,3
"7",2011,12,7.29090909090909,33,8.13684210526316,6.14285714285714,6.5,6.625,7.67142857142857,19,14,5,12,21,265,151,114,39,77,188,7.59264150943396,8.29205298013245,6.66622807017544,7.23205128205128,7.4025974025974,7.67047872340425,4
"8",2012,1,7.17571428571429,35,7.73823529411765,6.64444444444444,6.83333333333333,7.11,7.202,17,18,6,10,25,300,168,132,45,87,213,7.544,8.2360119047619,6.66325757575758,7.17888888888889,7.36896551724138,7.61549295774648,5
"9",2012,2,7.38918918918919,37,8.04259259259259,5.625,6.33333333333333,6.67727272727273,7.69038461538462,27,10,3,11,26,337,195,142,48,98,239,7.52700296735905,8.20923076923077,6.59014084507042,7.12604166666667,7.29132653061224,7.62364016736402,6
"10",2012,3,7.80333333333333,30,8.044,6.6,6.5,7,8.04782608695652,25,5,2,7,23,367,220,147,50,105,262,7.54959128065395,8.19045454545455,6.59047619047619,7.101,7.27190476190476,7.66087786259542,7
"11",2012,4,7.47321428571429,28,8.23214285714286,6.71428571428571,4.5,7.525,7.44444444444444,14,14,4,10,18,395,234,161,54,115,280,7.54417721518987,8.19294871794872,6.60124223602485,6.90833333333333,7.29391304347826,7.64696428571429,8
"12",2012,5,8.295,30,8.51458333333333,7.41666666666667,6.5,8.64166666666667,8.20833333333333,24,6,2,6,24,425,258,167,56,121,304,7.59717647058823,8.22286821705426,6.63053892215569,6.89375,7.36074380165289,7.69128289473684,9
"13",2012,6,7.444,25,8,6.73636363636364,6.5,7.8,7.30555555555556,14,11,4,7,18,450,272,178,60,128,322,7.58866666666667,8.21139705882353,6.63707865168539,6.8675,7.384765625,7.66972049689441,10
"14",2012,7,7.39695652173913,23,8.23333333333333,6.48454545454545,6.96428571428571,7.58333333333333,7.33117647058824,12,11,7,6,17,473,284,189,67,134,339,7.57934460887949,8.21232394366197,6.62820105820106,6.87761194029851,7.39365671641791,7.65274336283186,11
"15",2012,8,7.66071428571429,28,8.27777777777778,6.55,6.5,7.65,7.66666666666667,18,10,6,10,18,501,302,199,73,144,357,7.58389221556886,8.21622516556291,6.62427135678392,6.84657534246575,7.41145833333333,7.65344537815126,12
"16",2012,9,7.02173913043478,23,7.84615384615385,5.95,6.58333333333333,6.5,7.3,13,10,6,8,15,524,315,209,79,152,372,7.55921755725191,8.20095238095238,6.59200956937799,6.82658227848101,7.36348684210526,7.6391935483871,13
"17",2012,10,7.6375,24,8.27272727272727,7.1,7,7.6875,7.6125,11,13,6,8,16,548,326,222,85,160,388,7.56264598540146,8.20337423312884,6.62175675675676,6.83882352941176,7.3796875,7.63809278350516,14
"18",2012,11,7.02297297297297,37,7.47173913043478,6.28571428571429,7,6.67333333333333,7.26136363636364,23,14,4,15,22,585,349,236,89,175,410,7.52851282051282,8.15515759312321,6.6018220338983,6.84606741573034,7.31914285714286,7.61787804878049,15
"19",2012,12,7.70606060606061,33,7.95,7.05555555555556,7.375,7.8,7.66521739130435,24,9,4,10,23,618,373,245,93,185,433,7.53799352750809,8.14195710455764,6.61848979591837,6.86881720430107,7.34513513513514,7.62039260969977,16
"20",2013,1,7.94615384615385,26,8.09411764705882,7.66666666666667,6.83333333333333,8.4,7.83809523809524,17,9,3,5,21,644,390,254,96,190,454,7.55447204968944,8.1398717948718,6.65562992125984,6.86770833333333,7.37289473684211,7.63046255506608,17
"21",2013,2,8.07741935483871,31,8.60555555555556,7.34615384615385,6.8,8.24285714285714,7.94117647058824,18,13,5,14,17,675,408,267,101,204,471,7.57848888888889,8.16041666666667,6.68925093632959,6.86435643564356,7.43259803921569,7.64167728237792,18
"22",2013,3,7.68682857142857,35,8.375,7.10731578947368,8.04128571428571,7.75557142857143,7.66964285714286,16,19,7,7,28,710,424,286,108,211,499,7.58382957746479,8.1685141509434,6.71702447552448,6.94063888888889,7.44331279620853,7.64324649298597,19
"23",2013,4,7.91666666666667,21,7.54545454545455,8.325,8.33333333333333,8.5,7.68333333333333,11,10,3,6,15,731,435,296,111,217,514,7.59339124487004,8.15275862068966,6.77134797297297,6.97827927927928,7.47252995391705,7.64441634241245,20
"24",2013,5,7.47916666666667,36,8.1195652173913,6.34615384615385,7,7,7.55645161290323,23,13,4,5,31,767,458,309,115,222,545,7.58802998696219,8.15109170305677,6.75345954692557,6.9790347826087,7.46188738738739,7.6394128440367,21
"25",2013,6,7.555,20,8.4,6.71,7.25,8,7.47647058823529,10,10,4,3,17,787,468,319,119,225,562,7.58719059720458,8.15641025641026,6.75209717868339,6.98814285714286,7.46906222222222,7.63448398576513,22
"26",2013,7,7.52857142857143,28,8.05714285714286,7,7.64285714285714,7.9375,7.365,14,14,7,8,20,815,482,333,126,233,582,7.58517668711657,8.15352697095436,6.76251951951952,7.02451587301587,7.48514592274678,7.6252233676976,23
"27",2013,8,7.13636363636364,22,8.05,6.375,6.75,6.4,7.35294117647059,10,12,4,5,17,837,492,345,130,238,599,7.57337992831541,8.15142276422764,6.74904057971014,7.01606923076923,7.4623487394958,7.6174958263773,24
"28",2013,9,7.7,18,8.53333333333333,6.86666666666667,6.5,7.6,7.73846153846154,9,9,1,5,13,855,501,354,131,243,612,7.57604561403509,8.15828343313373,6.75203107344633,7.01212977099237,7.46518106995885,7.62006535947713,25
"29",2013,10,7.60606060606061,33,8.15,6.76923076923077,7.83333333333333,8.71428571428571,7.30769230769231,20,13,3,7,26,888,521,367,134,250,638,7.57716103603604,8.15796545105566,6.75264032697548,7.03051492537313,7.500156,7.60733542319749,26
"30",2013,11,7.39655172413793,29,7.97058823529412,6.58333333333333,7,7.4375,7.38095238095238,17,12,5,8,21,917,538,379,139,258,659,7.57144929116685,8.15204460966543,6.74727968337731,7.02941726618705,7.49821317829457,7.60012139605463,27
"31",2013,12,7.584,25,7.9,7.18181818181818,7,7.97,7.32666666666667,14,11,4,10,15,942,552,390,143,268,674,7.57178237791932,8.14565217391305,6.7595358974359,7.02859440559441,7.5158171641791,7.59403560830861,28
"32",2014,1,7.73552631578947,38,8.288,6.67307692307692,7.0625,7.95833333333333,7.63269230769231,25,13,8,12,26,980,577,403,151,280,700,7.57813163265306,8.15181975736569,6.75674689826303,7.03039072847682,7.53478214285714,7.59547142857143,29
"33",2014,2,7.3,28,7.73333333333333,6.8,6.25,7.26,7.30869565217391,15,13,6,5,23,1008,592,416,157,285,723,7.57040575396825,8.14121621621622,6.75809855769231,7.00056687898089,7.52996140350877,7.58634854771784,30
"34",2014,3,7.69444444444444,18,7.9,6.66666666666667,6.66666666666667,7.75,7.67857142857143,15,3,3,4,14,1026,607,419,160,289,737,7.57258187134503,8.13525535420099,6.75744391408115,6.99430625,7.53300692041523,7.58810040705563,31
"35",2014,4,6.82142857142857,21,8.175,5.59090909090909,5.5,6.83333333333333,6.81666666666667,10,11,9,6,15,1047,617,430,169,295,752,7.55751575931232,8.13589951377634,6.7276023255814,6.91472781065089,7.51877627118644,7.57271276595745,32
"36",2014,5,7.568,25,7.92777777777778,6.64285714285714,6.75,7,7.78888888888889,18,7,4,7,18,1072,635,437,173,302,770,7.55776026119403,8.13,6.72624485125858,6.91091907514451,7.50675165562914,7.57776623376624,33
"37",2014,6,7.975,12,8.15,7.625,NA,7,8.06363636363636,8,4,0,1,11,1084,643,441,173,303,781,7.56237915129151,8.13024883359254,6.73439682539683,6.91091907514451,7.50507920792079,7.58460947503201,34
"38",2014,7,7.6875,16,7.91666666666667,7,NA,8.3,7.40909090909091,12,4,0,5,11,1100,655,445,173,308,792,7.56419909090909,8.1263358778626,6.73678426966292,6.91091907514451,7.51798376623377,7.58217171717172,35
"39",2014,8,7.04,20,7.69166666666667,6.0625,8.5,7.875,6.83125,12,8,1,4,16,1120,667,453,174,312,808,7.55483839285714,8.11851574212894,6.72487637969095,6.92005172413793,7.5225608974359,7.56730198019802,36
"40",2014,9,7.824,25,8.61538461538461,6.96666666666667,7.43333333333333,7.8,7.83,13,12,6,5,20,1145,680,465,180,317,828,7.56071528384279,8.12801470588236,6.73111612903226,6.93716111111111,7.52693690851735,7.57364734299517,37
"41",2014,10,7.73529411764706,17,8.04166666666667,7,7.5,7.3,7.91666666666667,12,5,2,5,12,1162,692,470,182,322,840,7.56326936316695,8.12651734104046,6.73397659574468,6.94334615384615,7.52341304347826,7.57854761904762,38
"42",2014,11,7.27777777777778,18,7.61538461538461,6.4,8,8.33333333333333,7.06666666666667,13,5,2,3,15,1180,705,475,184,325,855,7.55891440677966,8.11709219858156,6.73046105263158,6.95483152173913,7.53088923076923,7.56956725146199,39
"43",2014,12,7.50454545454545,22,7.725,6.91666666666667,5,7.1,7.62352941176471,16,6,2,5,17,1202,721,481,186,330,872,7.55791930116473,8.10839112343967,6.73278378378378,6.93381182795699,7.52436060606061,7.57061926605505,40
"44",2015,1,7.28260869565217,23,8,6.625,8.25,5.625,7.63157894736842,11,12,4,4,19,1225,732,493,190,334,891,7.55275020408163,8.10676229508197,6.73016024340771,6.96152105263158,7.50161377245509,7.57191919191919,41
"45",2015,2,7.205,14,8,6.60875,6,6.75,7.28083333333333,6,8,1,2,12,1239,738,501,191,336,903,7.54882082324455,8.10589430894309,6.72822155688623,6.95648691099476,7.49713988095238,7.56805094130676,42
"46",2015,3,7.62857142857143,21,7.99333333333333,6.71666666666667,7.95,8.16666666666667,7.53888888888889,15,6,4,3,18,1260,753,507,195,339,921,7.55015,8.10365205843294,6.72808481262327,6.97686666666667,7.50306489675516,7.56748099891422,43
"47",2015,4,7.68421052631579,19,8.55,6.72222222222222,7.5,6.66666666666667,7.875,10,9,2,3,16,1279,763,516,197,342,937,7.55214151681001,8.10950196592399,6.72798255813954,6.98217766497462,7.49572807017544,7.57273212379936,44
"48",2015,5,7.23076923076923,13,7.9375,6.1,6.25,6.25,7.40909090909091,8,5,2,2,11,1292,771,521,199,344,948,7.54890789473684,8.10771725032426,6.72195585412668,6.97481909547739,7.48848546511628,7.57083333333333,45
"49",2015,6,7.69821428571429,28,7.996875,7.3,7,7.5,7.73125,16,12,3,4,24,1320,787,533,202,348,972,7.552075,8.10546378653113,6.73496998123827,6.97519306930693,7.48861781609195,7.57479423868313,46
"50",2015,7,7.23333333333333,18,8.025,6.6,6.33333333333333,6.54,7.5,8,10,3,5,13,1338,795,543,205,353,985,7.5477869955157,8.10465408805032,6.73248434622468,6.9658,7.47518130311615,7.57380710659899,47
"51",2015,8,8.09375,16,8.52857142857143,7.75555555555556,7.5,8.5,7.95833333333333,7,9,2,4,12,1354,802,552,207,357,997,7.55423855243722,8.10835411471322,6.74916485507246,6.970961352657,7.48666386554622,7.57843530591775,48
"52",2015,9,8.28125,16,8.5,8,9.5,9,8.23333333333333,9,7,2,1,15,1370,811,559,209,358,1012,7.56272919708029,8.11270036991369,6.7648282647585,6.99516267942584,7.49089106145251,7.58814229249012,49
"53",2015,10,7.20714285714286,14,7.45,6.6,6.5,9.5,7.03076923076923,10,4,1,1,13,1384,821,563,210,359,1025,7.55913222543353,8.10462850182704,6.76365719360568,6.99280476190476,7.49648746518106,7.58107317073171,50
"54",2015,11,7.372,25,7.52142857142857,7.18181818181818,6.9,7,7.48947368421053,14,11,5,6,19,1409,835,574,215,365,1044,7.55581192334989,8.0948502994012,6.77167073170732,6.99064651162791,7.48832602739726,7.5794061302682,51
"55",2015,12,7.64,30,7.95789473684211,7.09090909090909,7,6.9625,7.88636363636364,19,11,3,8,22,1439,854,585,218,373,1066,7.55756706045865,8.09180327868853,6.7776735042735,6.9907752293578,7.47704825737265,7.58574108818011,52
"56",2016,1,7.2962962962963,27,7.63888888888889,6.61111111111111,NA,7,7.34782608695652,18,9,0,4,23,1466,872,594,218,377,1089,7.5527551159618,8.08245412844037,6.77514983164983,6.9907752293578,7.47198673740053,7.58071625344353,53
"57",2016,2,7.27631578947368,19,7.875,6.25,7,7,7.35,12,7,2,4,15,1485,884,601,220,381,1104,7.54921818181818,8.07963800904978,6.76903327787022,6.99085909090909,7.46703149606299,7.57758152173913,54
"58",2016,3,7.84166666666667,18,8.41666666666667,7.26666666666667,6.58,7.71,7.89230769230769,9,9,5,5,13,1503,893,610,225,386,1117,7.55272055888224,8.08303471444569,6.77637540983607,6.98172888888889,7.47017875647668,7.58124440465533,55
"59",2016,4,7.89814814814815,27,8.39705882352941,7.05,6.75,8.25,7.775,17,10,2,7,20,1530,910,620,227,393,1137,7.55881633986928,8.0889010989011,6.78078870967742,6.9796872246696,7.48406870229008,7.58465259454706,56
"60",2016,5,7.515625,16,8.13888888888889,6.71428571428571,6,8.5,7.375,9,7,1,2,14,1546,919,627,228,395,1151,7.55836934023286,8.08939064200218,6.78004625199362,6.97539035087719,7.48921265822785,7.58210251954822,57
"61",2016,6,7.61538461538461,13,8.15,5.83333333333333,7,7,7.66666666666667,10,3,1,1,12,1559,929,630,229,396,1163,7.55884477228993,8.0900430570506,6.77553809523809,6.97549781659389,7.48797727272727,7.58297506448839,58
"62",2016,7,7.58823529411765,17,8.33333333333333,6.75,7,8.25,7.38461538461539,9,8,1,4,13,1576,938,638,230,400,1176,7.55916180203046,8.09237739872069,6.77521786833856,6.97560434782609,7.4955975,7.58078231292517,59
"63",2016,8,7.56428571428571,14,7.8,6.975,7.5,7.83333333333333,7.49090909090909,10,4,1,3,11,1590,948,642,231,403,1187,7.55920691823899,8.08929324894515,6.77646261682243,6.97787445887446,7.49811166253102,7.57994945240101,60
"64",2016,9,8.125,12,8.55555555555556,6.83333333333333,6,NA,8.125,9,3,2,0,12,1602,957,645,233,403,1199,7.56344506866417,8.09367816091955,6.77672713178294,6.96948068669528,7.49811166253102,7.58540450375313,61
"65",2016,10,6.67142857142857,7,7.125,6.06666666666667,NA,NA,6.67142857142857,4,3,0,0,7,1609,961,648,233,403,1206,7.55956432566812,8.08964620187306,6.77343981481481,6.96948068669528,7.49811166253102,7.58009950248756,62
"66",2016,11,8.00625,16,8.52,7.15,7.475,9.45,7.8,10,6,4,2,14,1625,971,654,237,405,1220,7.56396246153846,8.09407826982493,6.77689449541284,6.97801265822785,7.50775061728395,7.58262295081967,63
"67",2016,12,7.48333333333333,15,7.91666666666667,6.83333333333333,6,7.875,7.42307692307692,9,6,1,2,13,1640,980,660,238,407,1233,7.563225,8.09244897959184,6.77740757575757,6.97390336134454,7.50955528255528,7.58094079480941,64
"68",2017,1,7.23461538461538,26,7.84166666666667,6.71428571428571,7.8,8.07142857142857,6.92631578947368,12,14,5,7,19,1666,992,674,243,414,1252,7.55809663865546,8.08941532258065,6.77609643916914,6.9909012345679,7.51905555555556,7.57100638977636,65
"69",2017,2,7.77333333333333,15,7.86,7.6,9,7.93333333333333,7.66666666666667,10,5,1,6,9,1681,1002,679,244,420,1261,7.56001725163593,8.087125748503,6.78216347569956,6.99913524590164,7.52497380952381,7.57168913560666,66
"70",2017,3,8.30526315789474,19,8.38666666666667,8,8,8,8.38666666666667,15,4,1,4,15,1700,1017,683,245,424,1276,7.56834647058824,8.09154375614553,6.78929575402635,7.00322040816327,7.52945518867925,7.58126959247649,67
"71",2017,4,7.5,11,7.85714285714286,6.875,6,8,7.38888888888889,7,4,2,2,9,1711,1024,687,247,426,1285,7.56790707188779,8.08994140625001,6.78979475982533,6.9950971659919,7.53166431924883,7.57992217898833,68
"72",2017,5,8.03636363636364,11,8.15555555555556,7.5,NA,9.1875,7.37857142857143,9,2,0,4,7,1722,1033,689,247,430,1292,7.57089953542393,8.09051306873185,6.79185631349782,6.9950971659919,7.54706744186046,7.57883126934985,69
"73",2017,6,8.51785714285714,14,8.775,7.875,6.5,8.375,8.54166666666667,10,4,1,2,12,1736,1043,693,248,432,1304,7.57853629032258,8.0970757430489,6.79810822510822,6.99310080645161,7.55090046296296,7.58769171779141,70
"74",2017,7,7.28571428571429,14,7.36363636363636,7,8,7.5,7.25,11,3,2,2,12,1750,1054,696,250,434,1316,7.57619371428571,8.08942125237192,6.79897844827586,7.001156,7.55066589861751,7.58461246200608,71
"75",2017,8,7.3,10,8.25,3.5,NA,9.5,6.75,8,2,0,2,8,1760,1062,698,250,436,1324,7.57462443181818,8.09063088512242,6.78952578796561,7.001156,7.55960779816514,7.57956948640484,72
"76",2017,9,7.32857142857143,21,7.86666666666667,5.98333333333333,5.725,7.08333333333333,7.42666666666667,15,6,4,6,15,1781,1077,704,254,442,1339,7.57172318921954,8.08751160631384,6.78265482954545,6.98105905511811,7.55314253393665,7.57785660941001,73
"77",2017,10,7.92857142857143,21,8.125,7.3,6.75,7.75,7.97058823529412,16,5,2,4,17,1802,1093,709,256,446,1356,7.57588179800222,8.0880603842635,6.78630324400564,6.97925390625,7.55490807174888,7.5827802359882,74
"78",2017,11,8.60869565217391,23,8.825,7.16666666666667,7.25,9.07142857142857,8.40625,20,3,2,7,16,1825,1113,712,258,453,1372,7.58889808219178,8.10130278526506,6.7879058988764,6.9813527131783,7.57834216335541,7.5923833819242,75
"79",2017,12,7.74814814814815,27,8.04117647058824,7.25,7,7.92857142857143,7.685,17,10,1,7,20,1852,1130,722,259,460,1392,7.59121976241901,8.1003982300885,6.79430609418282,6.98142471042471,7.58367173913043,7.59371408045977,76
"80",2018,1,7.67619047619048,42,7.96666666666667,7.15333333333333,6.75,8.375,7.51176470588235,27,15,6,8,34,1894,1157,737,265,468,1426,7.5931040126716,8.09727744165947,6.80161329715061,6.97618490566038,7.59719871794872,7.59176016830295,77
"81",2018,2,7.48387096774194,31,7.97727272727273,6.27777777777778,6.66666666666667,7.77777777777778,7.36363636363636,22,9,3,9,22,1925,1179,746,268,477,1448,7.59134493506494,8.09503816793894,6.79529356568364,6.97272014925373,7.60060587002096,7.58829419889503,78
"82",2018,3,7.927430625,32,8.3471112,6.42857142857143,6,8.1,7.89547333333333,25,7,1,5,27,1957,1204,753,269,482,1475,7.59684045988758,8.10027224252492,6.79188446215139,6.96910408921933,7.60578630705394,7.59391713898305,79
"83",2018,4,8.05217391304348,23,8.59230769230769,7.35,7.25,8.41666666666667,7.92352941176471,13,10,5,6,17,1980,1217,763,274,488,1492,7.60212968686869,8.10552816762532,6.7991992136304,6.9742299270073,7.61575614754098,7.59767277479893,80
"84",2018,5,7.95454545454545,22,8.11538461538461,7.72222222222222,9.5,8.07142857142857,7.9,13,9,1,7,15,2002,1230,772,275,495,1507,7.60600238761239,8.10563234146342,6.80995984455958,6.98341454545455,7.6222,7.60068200398142,81
"85",2018,6,7.99526315789474,19,8.41615384615385,7.08333333333333,7,7.375,8.16066666666667,13,6,3,4,15,2021,1243,778,278,499,1522,7.60966193963385,8.10887995172969,6.81206812339332,6.98359352517986,7.62021843687375,7.60620090670171,82
"86",2018,7,7.8695652173913,23,8,7.4,9,8.58333333333333,7.61764705882353,18,5,1,6,17,2044,1261,783,279,505,1539,7.61258648727984,8.10732575733546,6.81582247765006,6.99082078853047,7.63166138613861,7.60632734243015,83
"87",2018,8,7.91666666666667,24,8.55555555555556,6,7.25,9.625,7.575,18,6,2,4,20,2068,1279,789,281,509,1559,7.61611546421664,8.11363391712276,6.80961850443599,6.99266548042705,7.64732612966601,7.60592545221296,84
"88",2018,9,7.96875,16,8.22727272727273,7.4,9,7,8.19230769230769,11,5,2,3,13,2084,1290,794,283,512,1572,7.61882283109405,8.11460293023257,6.8133362720403,7.00685159010601,7.643533203125,7.6107746692112,85
"89",2018,10,7.74285714285714,35,7.94642857142857,6.92857142857143,7.5,7.7,7.75,28,7,2,5,30,2119,1318,801,285,517,1602,7.62087153374233,8.11103018209409,6.81434332084894,7.01031228070175,7.64407930367505,7.61338188514357,86
"90",2018,11,8.20740740740741,27,8.39444444444444,7.83333333333333,7,7.4,8.39090909090909,18,9,3,5,22,2146,1336,810,288,522,1624,7.62825106244175,8.11484863772456,6.82566543209876,7.01020486111111,7.64174137931034,7.62391488916256,87
"91",2018,12,7.91414634146341,41,8.24266666666667,7.01818181818182,6.5,7.81142857142857,7.93529411764706,30,11,4,7,34,2187,1366,821,292,529,1658,7.63361078189301,8.11765576866765,6.82824482338611,7.00321575342466,7.64398676748582,7.6303002291918,88
"92",2019,1,7.632,25,8.30769230769231,6.9,4,7.375,7.68095238095238,13,12,1,4,21,2212,1379,833,293,533,1679,7.63359257685353,8.11944726613489,6.82927851140456,6.99296587030717,7.64196810506567,7.6309337581894,89
"93",2019,2,6.96666666666667,15,7.5,6.35714285714286,6.5,6,7.20833333333333,8,7,2,3,12,2227,1387,840,295,536,1691,7.62910048495734,8.11587439077146,6.82534404761905,6.98962372881356,7.63277798507463,7.62793481963335,90
"94",2019,3,8.18892857142857,28,8.6645,7,7.5,8.76333333333333,8.12,20,8,3,3,25,2255,1407,848,298,539,1716,7.63605178713969,8.12367290689411,6.82699174528302,6.99476174496644,7.63907050092764,7.6351036013986,91
"95",2019,4,7.74,25,8.34375,6.66666666666667,5.83333333333333,7.66666666666667,7.76315789473684,16,9,3,6,19,2280,1423,857,301,545,1735,7.63719157017544,8.12614742094168,6.82530805134189,6.98318604651163,7.63937431192661,7.63650592507205,92
"96",2019,5,8.55,26,8.96111111111111,7.625,NA,8.33333333333333,8.57826086956522,18,8,0,3,23,2306,1441,865,301,548,1758,7.64748342584562,8.1365772241499,6.83270404624277,6.98318604651163,7.64317335766423,7.64882695108077,93
"97",2019,6,7.13684210526316,19,8.16,6,3.66666666666667,6.5,7.36428571428571,10,9,3,5,14,2325,1451,874,304,553,1772,7.64331044301075,8.13673864920745,6.82412929061785,6.95045723684211,7.63283725135624,7.64657888261851,94
"98",2019,7,8.22590909090909,22,8.83133333333333,6.92857142857143,6.875,8.18375,8.25,15,7,4,8,14,2347,1466,881,308,561,1786,7.64877152961227,8.14384568894953,6.82495913734393,6.94947727272727,7.64069340463458,7.65130894736842,95
"99",2019,8,7.75631578947368,38,7.916,7.44923076923077,7.83333333333333,7.05666666666667,7.8875,25,13,3,6,32,2385,1491,894,311,567,1818,7.6504850230608,8.14002533869887,6.83403691275168,6.95800321543408,7.63451322751323,7.65546632563256,96
"100",2019,9,7.97058823529412,17,8.58333333333333,6.5,6.16666666666667,7.125,8.23076923076923,12,5,3,4,13,2402,1503,899,314,571,1831,7.65275053288926,8.14356472388557,6.83217908787542,6.95044267515923,7.63094395796848,7.65955094483889,97
"101",2019,10,7.78071428571429,28,8.61625,6.66666666666667,7.625,7.25,7.86916666666667,16,12,4,4,24,2430,1519,911,318,575,1855,7.65422501234568,8.14854363396972,6.82999890230516,6.95892767295597,7.62829391304348,7.6622629541779,98
"102",2019,11,7.47368421052632,19,8,7.09090909090909,7.1,7.33333333333333,7.5,8,11,5,3,16,2449,1527,922,323,578,1871,7.65282432829727,8.14776540929929,6.83311171366594,6.96111145510836,7.62676297577855,7.66087535008017,99
"103",2019,12,8.32727272727273,11,8.56,6,NA,6,8.56,10,1,0,1,10,2460,1537,923,323,579,1881,7.65584015447155,8.15044748210801,6.8322091007584,6.96111145510836,7.62395336787565,7.66565538543328,100
"104",2020,1,7.96543962962963,27,8.55555555555556,6.78520777777778,6.6,7.75,8.05615105263158,18,9,5,8,19,2487,1555,932,328,587,1900,7.65920130679534,8.15513683601287,6.83175522532189,6.95560670731707,7.62567120954003,7.66956034210526,101
"105",2020,2,8.17252941176471,17,8.24441666666667,8,4,8.933,8.125,12,5,1,1,16,2504,1567,937,329,588,1916,7.66268636182109,8.15582053605617,6.83798918890075,6.94662310030395,7.62789455782313,7.6733635960334,102
"106",2020,3,7.1875,8,7.1,7.33333333333333,7,6.16666666666667,7.8,5,3,1,3,5,2512,1572,940,330,591,1921,7.6611730294586,8.15246232824428,6.83957007446808,6.94678484848485,7.62047715736041,7.6736932066632,103
"107",2020,4,7.59375,16,8.22222222222222,6.78571428571429,6.83333333333333,8.4,7.22727272727273,9,7,3,5,11,2528,1581,947,333,596,1932,7.66074630142405,8.15285944339027,6.83917198521647,6.94576276276276,7.62701677852349,7.67115147515528,104
"108",2020,5,8.06363636363636,22,8.36,7.42857142857143,8,8.75,7.91111111111111,15,7,2,4,18,2550,1596,954,335,600,1950,7.66422221568628,8.15480625313284,6.84349671907757,6.95205671641791,7.63450333333333,7.67336648717949,105
"109",2020,6,8.2,19,8.55714285714286,7.2,5.66666666666667,8.5,8.12,14,5,3,4,15,2569,1610,959,338,604,1965,7.66818476060724,8.15830483229814,6.84535544316997,6.94064792899408,7.64023509933775,7.67677590330789,106
"110",2020,7,7.92105263157895,19,8.77272727272727,6.75,6,7.5,7.97058823529412,11,8,3,2,17,2588,1621,967,341,606,1982,7.67004120942813,8.16247426280075,6.84456656670114,6.9323724340176,7.63977227722772,7.6792959889001,107
"111",2020,8,8.0875,32,8.45,7,7,8.6,7.99259259259259,24,8,2,5,27,2620,1645,975,343,611,2009,7.67513994274809,8.16666916717326,6.84584191794872,6.9327667638484,7.64763011456628,7.68350654554505,108
"112",2020,9,8.2025,36,8.29967741935484,7.6,7,8.4,8.17064516129032,31,5,2,5,31,2656,1676,980,345,616,2040,7.68228789533133,8.16912934367543,6.8496896632653,6.93315652173913,7.65373701298701,7.69090914215686,109
"113",2020,10,7.48484848484848,33,8.02272727272727,6.40909090909091,6.5,7.66666666666667,7.44444444444444,22,11,2,6,27,2689,1698,991,347,622,2067,7.67986487541837,8.16723249705537,6.84479906155398,6.93065994236311,7.65386173633441,7.6876897194001,110
"114",2020,11,7.41176470588235,34,8.125,5.7,5.875,8.16666666666667,7.25,24,10,4,6,28,2723,1722,1001,351,628,2095,7.67651731546089,8.16664389082463,6.83336250749251,6.91862962962963,7.65876114649682,7.68183992840096,111
"115",2020,12,8.24186046511628,43,8.33030303030303,7.95,7.875,9.33333333333333,8.16,33,10,4,3,40,2766,1755,1011,355,631,2135,7.68530609182936,8.16972124216525,6.84440738872403,6.92940563380282,7.66672266244057,7.69079843091335,112
"116",2021,1,8.025,32,8.40833333333333,6.875,7,8.5,7.91538461538462,24,8,2,6,26,2798,1779,1019,357,637,2161,7.68919108291637,8.17294029229905,6.84464756624141,6.92980112044818,7.67457142857143,7.69350053216104,113
"117",2021,2,7.8390243902439,41,7.99705882352941,7.07142857142857,6,7.5,7.92121212121212,34,7,3,8,33,2839,1813,1026,360,645,2194,7.69135493131385,8.16964190843906,6.84619480506823,6.92205277777778,7.67240620155039,7.69692554694622,114
"118",2021,3,7.94058823529412,34,8.50652173913043,6.75727272727273,6.22166666666667,7.72571428571429,7.9962962962963,23,11,6,7,27,2873,1836,1037,366,652,2221,7.69430443786982,8.17386208061003,6.84525156219865,6.91057103825137,7.67297852760736,7.70056490319676,115
"119",2021,4,7.92045454545455,22,8.609375,6.08333333333333,7.25,8.91666666666667,7.76315789473684,16,6,2,3,19,2895,1852,1043,368,655,2240,7.69602302245251,8.17762461123111,6.84086852348993,6.91241576086956,7.67867480916031,7.70109582589286,116
"120",2021,5,7.56074074074074,27,7.95473684210526,6.625,6.66666666666667,6.21333333333333,7.72916666666667,19,8,3,3,24,2922,1871,1051,371,658,2264,7.69477298083505,8.17536118653127,6.83922537583254,6.91042857142857,7.67199392097265,7.70139339664311,117
"121",2021,6,7.93333333333333,33,8.26086956521739,7.18,7.125,7.41666666666667,8.04814814814815,23,10,4,6,27,2955,1894,1061,375,664,2291,7.69743710659899,8.17639956705386,6.842437200754,6.91271733333333,7.66968674698795,7.70547998690528,118
"122",2021,7,8.41923076923077,26,8.66190476190476,7.4,NA,8.78,8.33333333333333,21,5,0,5,21,2981,1915,1066,375,669,2312,7.70373252264341,8.18172364490862,6.8450524108818,6.91271733333333,7.67798505231689,7.71118280709343,119
"123",2021,8,8.00810810810811,37,8.1551724137931,7.475,7.34,6.64285714285714,8.32666666666667,29,8,5,7,30,3018,1944,1074,380,676,2342,7.70746409874089,8.1813275617284,6.84974475791434,6.91833947368421,7.66726627218935,7.71906688727583,120
"124",2021,9,7.62068965517241,29,8.3,6.11111111111111,7.75,7.9,7.5625,20,9,4,5,24,3047,1964,1083,384,681,2366,7.70663821791927,8.18253603869654,6.84360652816251,6.92700260416667,7.66897503671072,7.71747871935757,121
"125",2021,10,7.91724137931034,29,8.61666666666667,6.77272727272727,7,7.625,8.02857142857143,18,11,5,8,21,3076,1982,1094,389,689,2387,7.70862374837451,8.18647869828456,6.84289384826325,6.92794087403599,7.66846444121916,7.72021560536238,122
"126",2021,11,7.47777777777778,36,7.87777777777778,6.27777777777778,5.5,7.02857142857143,7.58620689655172,27,9,3,7,29,3112,2009,1103,392,696,2416,7.7059532937018,8.18232990542559,6.83828274705349,6.91701275510204,7.66202873563218,7.71860705711921,123
"127",2021,12,7.97272727272727,44,8.35166666666667,7.16071428571429,7.5,8.7,7.9,30,14,4,4,40,3156,2039,1117,396,700,2456,7.70967257604563,8.18482137322217,6.8423239659803,6.92290151515151,7.66796,7.72156133957655,124
"128",2022,1,7.81242857142857,49,8.39411764705882,6.49393333333333,7,7.22222222222222,7.945225,34,15,3,9,40,3205,2073,1132,399,709,2496,7.7112435725429,8.18825411480946,6.83770748233215,6.92348120300752,7.66230183356841,7.72514569310898,125
"129",2022,2,7.56346153846154,52,8.6375,6.64285714285714,5,7.03333333333333,7.67441860465116,24,28,1,9,43,3257,2097,1160,400,718,2539,7.70888414184833,8.19339569861707,6.83300419827586,6.9186725,7.65441782729805,7.72428658920835,126
"130",2022,3,8.01212121212121,33,8.64375,7.41764705882353,7,7.9125,8.044,16,17,4,8,25,3290,2113,1177,404,726,2564,7.71192572948328,8.19680585896829,6.84144848768054,6.91947772277228,7.65726170798898,7.72740391965679,127
"131",2022,4,8.03128205128205,39,8.67692307692308,6.74,8,7.65,8.12967741935484,26,13,2,8,31,3329,2139,1190,406,734,2595,7.71566706218084,8.20264178588126,6.84034022689076,6.92480049261084,7.6571825613079,7.73220949903661,128
"132",2022,5,7.26571428571429,35,8.05909090909091,5.92307692307692,2,7.14285714285714,7.29642857142857,22,13,1,7,28,3364,2161,1203,407,741,2623,7.71098562722949,8.20118037019898,6.83042798836243,6.91270024570025,7.65232388663968,7.72755762485703,129
"133",2022,6,7.01527777777778,36,7.8275,6,3,5.8,7.21129032258064,20,16,2,5,31,3400,2181,1219,409,746,2654,7.70361930882353,8.19775368179734,6.819528195242,6.89356723716381,7.63990884718499,7.72152737377543,130
"134",2022,7,8.04285714285714,28,8.48888888888889,7.24,3,8.07142857142857,8.03333333333333,18,10,1,7,21,3428,2199,1229,410,753,2675,7.70639021295216,8.20013678035471,6.82294944670464,6.88407073170732,7.6439203187251,7.72397519626168,131
"135",2022,8,7.7,38,7.96,7.2,7.625,8.5,7.65555555555556,25,13,4,2,36,3466,2224,1242,414,755,2711,7.70632015291402,8.19743740107914,6.82689603059581,6.89122946859903,7.6461880794702,7.7230666359277,132
"136",2022,9,7.75,32,8.26190476190476,6.77272727272727,6.5,6.8,7.92592592592593,21,11,4,5,27,3498,2245,1253,418,760,2738,7.70671973985135,8.19804043652561,6.8264204868316,6.88748564593301,7.64062105263158,7.72506707450694,133
"137",2022,10,7.5328125,32,7.88863636363636,6.75,6.66666666666667,6.84375,7.7625,22,10,3,8,24,3530,2267,1263,421,768,2762,7.70514324362606,8.19503783855315,6.82581541567696,6.88591211401425,7.6323203125,7.72539234250543,134
"138",2022,11,7.53264838709677,31,8.190605,6.33636363636364,6.4,7.5,7.540484,20,11,3,6,25,3561,2287,1274,424,774,2787,7.70364160348217,8.19499907302142,6.82158937990581,6.88247405660377,7.63129457364341,7.72373367420165,135
"139",2022,12,7.44857142857143,35,7.62272727272727,7.15384615384615,9,7.66666666666667,7.428125,22,13,1,3,32,3596,2309,1287,425,777,2819,7.70115899610679,8.18954650498051,6.82494550893551,6.88745647058823,7.63143114543115,7.7203780595956,136
