"","year","month","avg_rating","no_ratings","avg_rating_owned","avg_rating_not_owned","avg_rating_prev_owned","avg_rating_comment","avg_rating_no_comment","no_ratings_owned","no_ratings_not_owned","no_ratings_prev_owned","no_ratings_comment","no_ratings_no_comment","cum_no_ratings","cum_no_ratings_owned","cum_no_ratings_not_owned","cum_no_ratings_prev_owned","cum_no_ratings_comment","cum_no_ratings_no_comment","cum_avg_rating","cum_avg_rating_owned","cum_avg_rating_not_owned","cum_avg_rating_prev_owned","cum_avg_rating_comment","cum_avg_rating_no_comment","month_after_release"
"1",2010,10,8.75,4,8.5,9,NA,NA,8.75,2,2,0,0,4,4,2,2,0,0,4,8.75,8.5,9,NA,NA,8.75,-4
"2",2011,2,7.9,10,8.3125,6.25,NA,7.66666666666667,8,8,2,0,3,7,14,10,4,0,3,11,8.14285714285714,8.35,7.625,NA,7.66666666666667,8.27272727272727,0
"3",2011,3,7.89426229508197,61,8.325,7.07380952380952,6.75,7.078125,8.18444444444444,40,21,4,16,45,75,50,25,4,19,56,7.94066666666667,8.33,7.162,6.75,7.17105263157895,8.20178571428571,1
"4",2011,4,7.72142857142857,56,8.08787878787879,7.19565217391304,6.66666666666667,7.275,7.9,33,23,3,16,40,131,83,48,7,35,96,7.84694656488549,8.23373493975904,7.178125,6.71428571428571,7.21857142857143,8.07604166666667,2
"5",2011,5,7.87785714285714,70,8.23513513513513,7.47727272727273,6.92857142857143,7.5,7.99905660377359,37,33,7,17,53,201,120,81,14,52,149,7.85771144278607,8.23416666666667,7.3,6.82142857142857,7.31057692307692,8.04865771812081,3
"6",2011,6,7.98174603174603,63,8.23571428571429,7.47380952380952,8.66666666666667,7.75454545454545,8.02980769230769,42,21,3,11,52,264,162,102,17,63,201,7.8873106060606,8.23456790123457,7.33578431372549,7.14705882352941,7.38809523809524,8.04378109452736,4
"7",2011,7,8.019,50,8.23676470588235,7.55625,8.33333333333333,7.85384615384615,8.07702702702703,34,16,3,13,37,314,196,118,20,76,238,7.90828025477707,8.23494897959183,7.36567796610169,7.325,7.46776315789474,8.04894957983193,5
"8",2011,8,8.17358490566038,53,8.40909090909091,7.785,7.33333333333333,8.25,8.15581395348837,33,20,3,10,43,367,229,138,23,86,281,7.94659400544959,8.26004366812227,7.42644927536232,7.32608695652174,7.55872093023256,8.0653024911032,6
"9",2011,9,8.07076923076923,65,8.41388888888889,7.6448275862069,8.08333333333333,8.01666666666667,8.08301886792453,36,29,6,12,53,432,265,167,29,98,334,7.96527777777778,8.28094339622641,7.46437125748503,7.48275862068965,7.61479591836735,8.06811377245509,7
"10",2011,10,7.9815873015873,63,8.40358974358974,7.29583333333333,8,8.04545454545454,7.96807692307692,39,24,6,11,52,495,304,191,35,109,386,7.96735353535353,8.29667763157894,7.44319371727749,7.57142857142857,7.65825688073395,8.05463730569948,8
"11",2011,11,7.96348314606742,89,8.50087719298246,7.00625,8,7.89473684210526,7.98214285714286,57,32,7,19,70,584,361,223,42,128,456,7.96676369863014,8.32891966759002,7.3804932735426,7.64285714285714,7.693359375,8.04350877192983,9
"12",2011,12,8.04952380952381,105,8.37753623188406,7.42083333333333,9,7.53809523809524,8.17738095238095,69,36,3,21,84,689,430,259,45,149,540,7.97937590711175,8.33672093023256,7.38610038610039,7.73333333333333,7.67147651006711,8.06433333333333,10
"13",2012,1,8.10834316546763,139,8.68202247191011,7.087194,7.33333333333333,8.1203125,8.10476355140187,89,50,6,32,107,828,519,309,51,181,647,8.00102620772947,8.39593448940269,7.33773365695793,7.68627450980392,7.75082872928177,8.07101962905719,11
"14",2012,2,8.0924,125,8.378125,7.58444444444444,8.2,7.89666666666667,8.15421052631579,80,45,5,30,95,953,599,354,56,211,742,8.01301122770199,8.39355592654424,7.36909519774011,7.73214285714286,7.77156398104265,8.08167075471698,12
"15",2012,3,8.17019230769231,104,8.41066666666667,7.54827586206897,7.78571428571429,8.13809523809524,8.17831325301205,75,29,7,21,83,1057,674,383,63,232,825,8.02847653736991,8.39545994065282,7.38266240208877,7.73809523809524,7.80474137931035,8.09139357575758,13
"16",2012,4,7.93373983739837,123,8.36726190476191,7,7.25,8.04285714285714,7.90157894736842,84,39,6,28,95,1180,758,422,69,260,920,8.01860144067797,8.39233509234828,7.34729786729858,7.69565217391304,7.83038461538462,8.07179315217391,14
"17",2012,5,8.11678832116788,137,8.4,7.49767441860465,7.62307692307692,8.41,8.03457943925234,94,43,13,30,107,1317,852,465,82,290,1027,8.028815261959,8.39318075117371,7.36120365591398,7.68414634146342,7.89034482758621,8.06791596884129,15
"18",2012,6,7.98125984251968,127,8.32926829268293,7.34711111111111,8.38,7.76333333333333,8.03203883495146,82,45,10,24,103,1444,934,510,92,314,1130,8.02463275623269,8.38756959314775,7.35996019607843,7.75978260869565,7.88063694267516,8.06464575221239,16
"19",2012,7,8.03357142857143,140,8.42315789473684,7.21111111111111,7.35714285714286,8.16470588235294,7.99150943396226,95,45,7,34,106,1584,1029,555,99,348,1236,8.02542279040404,8.39085519922254,7.34789135135135,7.73131313131313,7.9083908045977,8.05837354368932,17
"20",2012,8,8.04787234042553,141,8.39257425742574,7.1775,8.225,8.00588235294118,8.06121495327103,101,40,4,34,107,1725,1130,595,103,382,1343,8.02725779710145,8.39100884955752,7.33643647058824,7.7504854368932,7.91706806282723,8.05859992553984,18
"21",2012,9,7.95339285714286,140,8.42774725274725,7.07244897959184,7.57777777777778,7.71875,8.02291666666667,91,49,9,32,108,1865,1221,644,112,414,1451,8.02171297587132,8.39374692874693,7.31635046583851,7.73660714285714,7.90173913043478,8.05594396967608,19
"22",2012,10,7.97005988023952,167,8.29626168224299,7.38833333333333,7.67,7.92647058823529,7.9812030075188,107,60,10,34,133,2032,1328,704,122,448,1584,8.01746786417323,8.38589231927711,7.32248536931818,7.73114754098361,7.90361607142857,8.04966837121212,20
"23",2012,11,8.07615384615385,195,8.447265625,7.36716417910448,7.36666666666667,7.74074074074074,8.13005952380952,128,67,6,27,168,2227,1456,771,128,475,1752,8.02260651100135,8.39128777472527,7.32636796368353,7.7140625,7.89435789473684,8.05737711187214,21
"24",2012,12,7.9758064516129,186,8.34770992366412,7.09,7.04090909090909,7.9359375,7.98409090909091,131,55,11,32,154,2413,1587,826,139,507,1906,8.01899904682968,8.38769061121613,7.31062917675545,7.66079136690648,7.89698224852071,8.05145577124869,22
"25",2013,1,8.25205761316872,243,8.51832298136646,7.72926829268293,8.125,8.5175,8.19975369458128,161,82,16,40,203,2656,1748,908,155,547,2109,8.0403217996988,8.39972254004577,7.34843579295154,7.70870967741936,7.94235831809872,8.06573006164058,23
"26",2013,2,8.17056074766355,214,8.47891156462585,7.49402985074627,7.72105263157895,8.07647058823529,8.2,147,67,19,51,163,2870,1895,975,174,598,2272,8.05003299651568,8.4058654353562,7.35844071794872,7.71005747126437,7.95379598662207,8.07536298415493,24
"27",2013,3,8.17247441860465,215,8.48263888888889,7.54340845070423,7.85909090909091,8.17879166666667,8.17065868263473,144,71,22,48,167,3085,2039,1046,196,646,2439,8.05856619124797,8.41128739578225,7.37099588910134,7.72678571428572,7.97051393188855,8.08188794587945,25
"28",2013,4,8.11894736842105,190,8.50534351145038,7.26101694915254,7.75,8.04285714285714,8.13612903225807,131,59,8,35,155,3275,2170,1105,204,681,2594,8.06206922137405,8.41696543778802,7.36512371040724,7.72769607843137,7.97423201174743,8.08512902852737,26
"29",2013,5,8.06082474226804,194,8.43076923076923,7.309375,8.19444444444444,8.44852941176471,7.9784375,130,64,18,34,160,3469,2300,1169,222,715,2754,8.06199962525224,8.41774565217391,7.36207159965783,7.76554054054054,7.99678601398601,8.07893053740014,27
"30",2013,6,8.11016335078534,191,8.52175572519084,7.21152,7,7.67474117647059,8.20445859872611,131,60,7,34,157,3660,2431,1229,229,749,2911,8.0645130874317,8.42335047305636,7.35472164361269,7.74213973799127,7.98216715620828,8.08570068704912,28
"31",2013,7,8.10190114068441,263,8.47755681818182,7.34195402298851,7.34210526315789,8.045,8.11525821596244,176,87,19,50,213,3923,2607,1316,248,799,3124,8.06701960234514,8.42700997314921,7.35387758358663,7.71149193548387,7.98609912390488,8.08771597311139,29
"32",2013,8,8.09272300469484,213,8.32040816326531,7.58560606060606,7.5,8.01470588235294,8.10754189944134,147,66,16,34,179,4136,2754,1382,264,833,3303,8.06834330270793,8.4213198983297,7.36494421128799,7.69867424242424,7.98726674669868,8.08879040266424,30
"33",2013,9,7.98075221238938,226,8.3682119205298,7.20066666666667,7.028125,7.83142857142857,8.00811518324607,151,75,16,35,191,4362,2905,1457,280,868,3494,8.06380511233379,8.41855938037866,7.35648792038435,7.66035714285714,7.98098294930876,8.08438028048082,31
"34",2013,10,8.04009009009009,222,8.42801418439716,7.36481481481481,7.61842105263158,8.22424242424242,8.00793650793651,141,81,19,33,189,4584,3046,1538,299,901,3683,8.06265660994764,8.41899704530532,7.35692646293888,7.65769230769231,7.98989256381798,8.0804574260114,32
"35",2013,11,7.92865168539326,267,8.30511363636364,7.20054945054945,7.26,7.71621621621622,7.96282608695652,176,91,25,37,230,4851,3222,1629,324,938,3913,8.05528095238095,8.41277622594662,7.34819085328422,7.62700617283951,7.97909722814499,8.07354324048045,33
"36",2013,12,8.02602272727273,264,8.39355191256831,7.19567901234568,7.34375,8.08367346938775,8.01288372093023,183,81,16,49,215,5115,3405,1710,340,987,4128,8.05377085043988,8.41174302496329,7.34096660818713,7.61367647058824,7.98428895643364,8.07038389050387,34
"37",2014,1,8.10143229166667,384,8.47746212121212,7.27416666666667,7.45185185185185,7.89196428571429,8.13719512195122,264,120,27,56,328,5499,3669,1830,367,1043,4456,8.05709909074377,8.41647179067866,7.336586284153,7.60177111716621,7.97933192713327,8.07530177289048,35
"38",2014,2,8.07354948805461,293,8.35047393364929,7.3609756097561,7.96666666666667,8.15510204081633,8.05717213114754,211,82,15,49,244,5792,3880,1912,382,1092,4700,8.05793126726519,8.41288273195877,7.33763226987448,7.61609947643979,7.98721904761905,8.07436057446808,36
"39",2014,3,8.21696261682243,214,8.46258741258741,7.72225352112676,7.59666666666667,8.42,8.17028735632184,143,71,15,40,174,6006,4023,1983,397,1132,4874,8.06359771894772,8.4146495152871,7.35140337871911,7.61536523929471,8.00251166077739,8.07778512515387,37
"40",2014,4,8.12728504672897,214,8.40918367346939,7.50879104477612,7.70666666666667,8.1828947368421,8.11527840909091,147,67,15,38,176,6220,4170,2050,412,1170,5050,8.06578889067524,8.41445683453238,7.35654726829268,7.61868932038835,8.00837025641026,8.07909182178217,38
"41",2014,5,8.20990521327014,211,8.47573248407643,7.43703703703704,7.70588235294118,8.17675675675676,8.21695402298851,157,54,17,37,174,6431,4327,2104,429,1207,5224,8.07051732234489,8.41668014790848,7.35861307034221,7.62214452214452,8.01353206296603,8.08368370980091,39
"42",2014,6,8.09010101010101,198,8.43201492537314,7.37421875,7.22647058823529,8.12234042553191,8.08006622516556,134,64,17,47,151,6629,4461,2168,446,1254,5375,8.07110226278474,8.41714077561085,7.35907375461255,7.60706278026906,8.01761020733652,8.08358208372093,40
"43",2014,7,8.10248868778281,221,8.40986394557823,7.49189189189189,7.65263157894737,7.745,8.1586387434555,147,74,19,30,191,6850,4608,2242,465,1284,5566,8.07211487591241,8.41690863715278,7.36345758251561,7.6089247311828,8.01124080996885,8.08615768954365,41
"44",2014,8,7.96398305084746,236,8.2527950310559,7.344,7.28571428571429,7.75526315789474,8.0040404040404,161,75,14,38,198,7086,4769,2317,479,1322,5764,8.06851353372848,8.41136821136507,7.36282775140268,7.59947807933194,8.00388290468987,8.08333686675919,42
"45",2014,9,8.23567049808429,261,8.53333333333333,7.53730769230769,7.14705882352941,8.26785714285714,8.22949771689498,183,78,17,42,219,7347,4952,2395,496,1364,5983,8.07445173540221,8.41587540387722,7.36851018789144,7.58397177419355,8.01201114369502,8.08868689620591,43
"46",2014,10,7.88512931034483,232,8.32708333333333,7.16193181818182,7.06,7.75510204081633,7.91994535519126,144,88,25,49,183,7579,5096,2483,521,1413,6166,8.0686564058583,8.41336636577708,7.36118884414015,7.55882917466411,8.00310205237084,8.08367883554978,44
"47",2014,11,8.04183673469388,294,8.35862745098039,7.32377777777778,7.28260869565217,8.01696428571429,8.04768907563025,204,90,23,56,238,7873,5300,2573,544,1469,6404,8.06765488378001,8.41125943396226,7.35988025650991,7.54715073529412,8.00363049693669,8.08234130231105,45
"48",2014,12,8.15285234899329,298,8.33958333333333,7.6609756097561,7.74444444444444,8.04791666666667,8.173,216,82,18,48,250,8171,5516,2655,562,1517,6654,8.07076207318566,8.4084526831037,7.36917962335217,7.55346975088968,8.00503177323665,8.08574747520288,46
"49",2015,1,8.25936438356164,365,8.45256818181818,7.75435643564356,7.76785714285714,8.19370149253731,8.27412751677852,264,101,28,67,298,8536,5780,2756,590,1584,6952,8.07882672211809,8.41046764705882,7.38329531930334,7.56364406779661,8.01301212121212,8.09382245397008,47
"50",2015,2,8.07783699059561,319,8.42230769230769,7.30102040816327,7.359375,7.8936170212766,8.10966911764706,221,98,32,47,272,8855,6001,2854,622,1631,7224,8.07879106719368,8.41090368271955,7.38047018220042,7.55313504823151,8.00957155119559,8.09441911683278,48
"51",2015,3,8.13725913621263,301,8.51856435643564,7.35924242424242,6.9066,8.35909090909091,8.09928015564202,202,99,25,44,257,9156,6203,2953,647,1675,7481,8.0807131826125,8.41440964049653,7.37975851676261,7.52815301391035,8.01875295522388,8.09458611148242,49
"52",2015,4,8.18004807692308,312,8.46037946428571,7.46647727272727,7.60192307692308,8.22021276595745,8.17292452830189,224,88,26,47,265,9468,6427,3041,673,1722,7746,8.08398657583439,8.41601182511281,7.38226797106215,7.5310029717682,8.02425156794425,8.09726616318099,50
"53",2015,5,8.20763358778626,262,8.49378531073446,7.61176470588235,7.73888888888889,7.92972972972973,8.25333333333333,177,85,18,37,225,9730,6604,3126,691,1759,7971,8.08731602261049,8.41809630526953,7.38850828534869,7.53641823444284,8.02226333143832,8.1016715217664,51
"54",2015,6,7.97473484848485,264,8.3514606741573,7.195,7.44782608695652,7.73361111111111,8.01280701754386,178,86,23,36,228,9994,6782,3212,714,1795,8199,8.08434209525716,8.4163473901504,7.38332717932752,7.53356442577031,8.01647420612814,8.09920035370167,52
"55",2015,7,8.16014652014652,273,8.4328729281768,7.62358695652174,7.57727272727273,8.12933333333333,8.16622807017544,181,92,22,45,228,10267,6963,3304,736,1840,8427,8.08635773838512,8.41677696395232,7.39001722154964,7.53487092391304,8.01923434782609,8.1010138483446,53
"56",2015,8,8.13260355029586,338,8.43576612903226,7.29722222222222,7.24666666666667,8.25363636363636,8.10908127208481,248,90,15,55,283,10605,7211,3394,751,1895,8710,8.08783167373881,8.4174300374428,7.38755654095463,7.52911451398136,8.02603757255937,8.10127597014925,54
"57",2015,9,8.14949838187702,309,8.49306451612903,7.33913043478261,7.70714285714286,8.22625,8.13250988142292,217,92,28,56,253,10914,7428,3486,779,1951,8963,8.08957759758109,8.41963960689284,7.38627851405622,7.535513478819,8.03178431573552,8.10215761463795,55
"58",2015,10,8.1993137254902,306,8.45545871559633,7.56477272727273,8.1,8.24125,8.19300751879699,218,88,19,40,266,11220,7646,3574,798,1991,9229,8.09257040106952,8.42066086842794,7.39067344711807,7.54895363408521,8.03599256654948,8.10477610792068,56
"59",2015,11,8.082,425,8.36543859649123,7.505,7.68157894736842,8.16428571428571,8.06577464788732,285,140,38,70,355,11645,7931,3714,836,2061,9584,8.09218462000859,8.41867645946287,7.39498301023156,7.55498205741627,8.0403499272198,8.10333145868113,57
"60",2015,12,8.22644913627639,521,8.60894308943089,7.2978947368421,7.64305555555556,8.40261363636364,8.19064665127021,369,152,36,88,433,12166,8300,3866,872,2149,10017,8.09793439914516,8.42713530120482,7.39116577858251,7.55861811926605,8.05518436482085,8.10710579015673,58
"61",2016,1,8.17642676311031,553,8.46592207792208,7.513,7.18139534883721,8.03309523809524,8.20209808102345,385,168,43,84,469,12719,8685,4034,915,2233,10486,8.10134711062191,8.4288546919977,7.39623968765493,7.54089071038251,8.05435342588446,8.1113544440206,59
"62",2016,2,8.19848717948718,390,8.47448905109489,7.54655172413793,7.54285714285714,8.31525423728814,8.17767371601208,274,116,28,59,331,13109,8959,4150,943,2292,10817,8.10423708139447,8.4302503627637,7.40044118072289,7.54094909862142,8.06106945898778,8.11338381251733,60
"63",2016,3,8.17785185185185,405,8.46459363957597,7.51270491803279,7.60625,8.15,8.18159663865546,283,122,32,48,357,13514,9242,4272,975,2340,11174,8.10644323664349,8.43130199091106,7.40364721441948,7.54309230769231,8.06289367521368,8.11556315553964,61
"64",2016,4,8.20910669975186,403,8.48335616438356,7.48765765765766,7.69242424242424,8.43965517241379,8.17034782608696,292,111,33,58,345,13917,9534,4383,1008,2398,11519,8.10941610260833,8.43289626599538,7.40577478895734,7.54798115079365,8.07200633861551,8.11720398472089,62
"65",2016,5,8.27178663239074,389,8.56809090909091,7.55701754385965,7.24038461538461,8.29107142857143,8.26854354354354,275,114,26,56,333,14306,9809,4497,1034,2454,11852,8.11383118272054,8.43668651238658,7.40960882810763,7.54024661508704,8.07700537897311,8.12145610023624,63
"66",2016,6,8.18232876712329,365,8.47865384615385,7.44857142857143,7.69705882352941,7.92340425531915,8.22059748427673,260,105,17,47,318,14671,10069,4602,1051,2501,12170,8.11553533501466,8.43777018571854,7.41049780530204,7.54278306374881,8.07411883246701,8.12404664749383,64
"67",2016,7,8.161475,400,8.41636690647482,7.58065573770492,7.63241379310345,8.23454545454545,8.14982608695652,278,122,29,55,345,15071,10347,4724,1080,2556,12515,8.11675462145844,8.4371951290229,7.41489223116003,7.54518981481481,8.07757089201878,8.12475730723132,65
"68",2016,8,8.09280208333333,480,8.31524709302326,7.53014705882353,7.584375,8.04714285714286,8.09970023980815,344,136,32,63,417,15551,10691,4860,1112,2619,12932,8.11601529805158,8.4332712561968,7.4181174691358,7.54631744604316,8.07683894616266,8.12394932725023,66
"69",2016,9,8.11753807106599,394,8.40035842293907,7.43139130434783,7.567,8.17181818181818,8.10873156342183,279,115,30,55,339,15945,10970,4975,1142,2674,13271,8.11605292568204,8.43243418413856,7.41842430150754,7.54686077057793,8.07879252056844,8.12356059829704,67
"70",2016,10,8.10260493827161,405,8.39401818181818,7.48615384615385,7.57241379310345,8.01415094339623,8.11592329545454,275,130,29,53,352,16350,11245,5105,1171,2727,13623,8.11571981039756,8.43149470875945,7.42014904995103,7.54749359521776,8.07753619361936,8.12336326066211,68
"71",2016,11,8.11495454545454,506,8.44213483146067,7.33844666666667,7.09833333333333,7.908,8.15096751740139,356,150,30,75,431,16856,11601,5255,1201,2802,14054,8.11569683792122,8.43182122230842,7.41781691722169,7.53627393838468,8.0729982869379,8.12420981215312,69
"72",2016,12,8.06419953596288,431,8.34836734693878,7.4543795620438,7.23142857142857,8.09365079365079,8.05915760869565,294,137,35,63,368,17287,11895,5392,1236,2865,14422,8.11441290565165,8.42975855401429,7.41874590133531,7.52764158576052,8.07345242582898,8.12254990292608,70
"73",2017,1,8.18746902654867,565,8.52678304239402,7.35780487804878,6.85714285714286,8.13445945945946,8.19545824847251,401,164,35,74,491,17852,12296,5556,1271,2939,14913,8.11672506721936,8.43292273910215,7.4169470662347,7.50917781274587,8.07498849948963,8.1249503587474,71
"74",2017,2,8.16546698734177,395,8.39716652329749,7.60818965517241,7.33846153846154,8.15887096774193,8.16669507507508,279,116,26,62,333,18247,12575,5672,1297,3001,15246,8.11778020277306,8.43212942027833,7.42085823342736,7.50575558982267,8.07672149283573,8.12586213826577,72
"75",2017,3,8.13191082802548,471,8.4379754601227,7.44379310344828,7.22285714285714,7.98032786885246,8.15446341463415,326,145,35,61,410,18718,12901,5817,1332,3062,15656,8.1181357709157,8.43227714595768,7.42142992951693,7.49832207207207,8.07480117570216,8.12661114971896,73
"76",2017,4,8.1557805907173,474,8.47375757575758,7.42708333333333,7.55882352941176,7.98965517241379,8.17894230769231,330,144,34,58,416,19192,13231,5961,1366,3120,16072,8.11906551479784,8.43331172700476,7.42156649890958,7.49982796486091,8.07321833333334,8.1279656645097,74
"77",2017,5,8.17867432150313,479,8.43441690962099,7.53367647058823,7.61951219512195,8.16401315789474,8.18143920595534,343,136,41,76,403,19671,13574,6097,1407,3196,16475,8.12051702302883,8.43333965374982,7.42406722978514,7.50331556503198,8.07537740926158,8.12927369711684,75
"78",2017,6,8.05569587628866,388,8.45718146718147,7.24961240310077,7.78333333333333,8.0625,8.05454819277108,259,129,24,56,332,20059,13833,6226,1431,3252,16807,8.11926319158483,8.43378605219403,7.42045260199165,7.50801187980433,8.07515565805658,8.1277975938597,76
"79",2017,7,8.20584112149533,428,8.50505050505051,7.52748091603053,7.46538461538462,8.28818181818182,8.19369973190349,297,131,26,55,373,20487,14130,6357,1457,3307,17180,8.12107191682531,8.43528396744515,7.42265815636306,7.50725120109815,8.0786985787723,8.12922841443539,77
"80",2017,8,8.03138424821002,419,8.36184668989547,7.31287878787879,7.18260869565217,7.68055555555556,8.08328767123288,287,132,23,54,365,20906,14417,6489,1480,3361,17545,8.11927438821391,8.43382204758271,7.42042501155802,7.50220608108108,8.07230175542993,8.12827267939583,78
"81",2017,9,8.12492385786802,394,8.47089147286822,7.46860294117647,7.52297297297297,8.075,8.13152298850575,258,136,37,46,348,21300,14675,6625,1517,3407,17893,8.11937889014085,8.43447376218058,7.42141402264151,7.50271259063942,8.07233818608747,8.12833589448387,79
"82",2017,10,8.17769049603175,504,8.52960294117647,7.44811591463415,7.51212121212121,8.24340277777778,8.16673844907407,340,164,33,72,432,21804,15015,6789,1550,3479,18325,8.12072676435517,8.43662786946387,7.42205905287966,7.50291290322581,8.07587847082495,8.12924120982264,80
"83",2017,11,8.12341463414634,574,8.46874384236453,7.28886904761905,7.37,8.27507692307692,8.10404715127701,406,168,30,65,509,22378,15421,6957,1580,3544,18834,8.12079570873179,8.43747341028468,7.41884273537444,7.50038924050633,8.07953194130926,8.1285603254752,81
"84",2017,12,8.05740066225166,604,8.399825,7.38598039215686,7.3051282051282,8.01911392405063,8.06316190476191,400,204,39,79,525,22982,15821,7161,1619,3623,19359,8.11912959577061,8.43652155110296,7.4179065647256,7.49568560840025,8.07821451835496,8.12678677462679,82
"85",2018,1,8.17501792573623,781,8.46995887850467,7.53358130081301,7.81161764705882,8.35988235294118,8.15244109195402,535,246,68,85,696,23763,16356,7407,1687,3708,20055,8.12096643395195,8.43761527635119,7.42174833400837,7.50842027267338,8.08467130528587,8.12767709648466,83
"86",2018,2,8.24868263473054,501,8.48040229885057,7.7216339869281,7.49189189189189,8.07118644067797,8.27237556561086,348,153,37,59,442,24264,16704,7560,1724,3767,20497,8.12360350189582,8.43850667265326,7.4278174484127,7.50806554524362,8.08446010087603,8.13079739327706,84
"87",2018,3,8.201806400818,489,8.47940762048193,7.61477707006369,7.79864864864865,8.23179104477612,8.1970458056872,332,157,37,67,422,24753,17036,7717,1761,3834,20919,8.12514841433362,8.43930375616342,7.43162108461837,7.51417092561045,8.08703474178404,8.13213382570868,85
"88",2018,4,8.19737875,504,8.49559162337662,7.72875852040816,7.59210526315789,8.27924528301887,8.18775807095344,308,196,38,53,451,25257,17344,7913,1799,3887,21370,8.12658976085838,8.44030333314115,7.43898099077467,7.51581712062257,8.08965556984822,8.13330773935423,86
"89",2018,5,8.20941929133858,508,8.45204402515723,7.80334210526316,7.7,8.24423076923077,8.20544956140351,318,190,24,52,456,25765,17662,8103,1823,3939,21826,8.12822288336892,8.44051472143585,7.44752456867826,7.51824190894131,8.09169616653973,8.13481496334646,87
"90",2018,6,8.18470284237726,387,8.44520754716981,7.61885245901639,7.42142857142857,8.33085106382979,8.1645,265,122,28,47,340,26152,17927,8225,1851,3986,22166,8.1290586796421,8.44058409159369,7.4500658455927,7.5167774176121,8.09451610637231,8.13527029639989,88
"91",2018,7,8.08566585784314,408,8.39476886861314,7.45361940298507,7.29453125,7.99951612903226,8.10110309248555,274,134,32,62,346,26560,18201,8359,1883,4048,22512,8.12839210316266,8.43989438382507,7.45012281134107,7.51300053106744,8.09306106719368,8.13474516080312,89
"92",2018,8,8.11005200854701,468,8.50176295031056,7.24614157534247,7.01117647058823,7.83160714285714,8.14789888349515,322,146,34,56,412,27028,18523,8505,1917,4104,22924,8.12807453751665,8.44096989418561,7.44662119341564,7.50410015649452,8.08949346978558,8.13498156517187,90
"93",2018,9,8.20545691906005,383,8.51388235294118,7.591015625,8.02307692307692,8.17358490566038,8.21057575757576,255,128,26,53,330,27411,18778,8633,1943,4157,23254,8.12915576228522,8.44196002502929,7.44876210471447,7.5110447761194,8.09056560019245,8.13605433043777,91
"94",2018,10,8.1096186440678,472,8.42488599348534,7.5230303030303,7.46875,7.88421052631579,8.15287878787879,307,165,32,76,396,27883,19085,8798,1975,4233,23650,8.12882504034717,8.44168537332984,7.45015494998863,7.51035949367088,8.08686066619419,8.1363360422833,92
"95",2018,11,8.23256004016064,498,8.49594365781711,7.67100628930818,7.83815789473684,8.29679136363636,8.2227469212963,339,159,38,66,432,28381,19424,8957,2013,4299,24082,8.13064527324619,8.44263232341434,7.45407538796472,7.51654744162941,8.09008360781577,8.13788614193173,93
"96",2018,12,8.18804469273743,537,8.4711320754717,7.55536144578313,7.45625,8.29971428571429,8.17130620985011,371,166,40,70,467,28918,19795,9123,2053,4369,24549,8.13171116605575,8.44316646880526,7.45591836566919,7.5153726254262,8.09344230487526,8.13852189783698,94
"97",2019,1,8.20562,638,8.4810936036036,7.57515463917526,7.56666666666667,8.17650602409639,8.20997398198198,444,194,42,83,555,29556,20239,9317,2095,4452,25104,8.13330657260794,8.44399850832551,7.45840112160567,7.51640095465394,8.09499088724169,8.14010156269917,95
"98",2019,2,8.1818485515873,504,8.40787582633053,7.63292517006803,7.8125,8.25245614035088,8.17284489932886,357,147,40,57,447,30060,20596,9464,2135,4509,25551,8.13412045009981,8.44337237716062,7.46111192413356,7.52194847775175,8.09698146595698,8.14067438847794,96
"99",2019,3,8.20232740740741,486,8.41792025641026,7.81574712643678,7.82021276595745,8.06549295774648,8.22573763855422,312,174,47,71,415,30546,20908,9638,2182,4580,25966,8.13520565213122,8.4429925674383,7.46751434426229,7.52837305224564,8.09649332532751,8.14203390664715,97
"100",2019,4,8.07272967532468,462,8.41526820689655,7.49519377906977,7.6969696969697,8.27566666666667,8.0424405721393,290,172,33,60,402,31008,21198,9810,2215,4640,26368,8.13427479876161,8.44261328332862,7.46799965137615,7.5308848758465,8.09881022198276,8.14051553132585,98
"101",2019,5,8.06498484090909,440,8.39429118773946,7.5848230726257,7.63923604166667,8.09887,8.0597375328084,261,179,48,59,381,31448,21459,9989,2263,4699,26749,8.13330533865429,8.44202555477888,7.47009309340274,7.53318308882015,8.09881097254735,8.13936496803619,99
"102",2019,6,8.18284610208817,431,8.49891359259259,7.6527950310559,7.50135135135135,8.1563768115942,8.18789135359116,270,161,37,69,362,31879,21729,10150,2300,4768,27111,8.13397512343549,8.44273243361407,7.47299112413793,7.53267101304348,8.0996440352349,8.14001291726605,100
"103",2019,7,8.06131581339713,418,8.37178325174825,7.38863636363636,7.075,7.88191489361702,8.08404315363881,286,132,34,47,371,32297,22015,10282,2334,4815,27482,8.13303473913986,8.44181072268908,7.47190818031511,7.5260039974293,8.09751874558671,8.13925733971326,101
"104",2019,8,8.21704460966543,538,8.4650139275766,7.71972067039106,7.52193548387097,8.3184375,8.20335443037975,359,179,31,64,474,32835,22374,10461,2365,4879,27956,8.13441123709457,8.44218302762135,7.47614854316031,7.52595066807611,8.10041663455627,8.14034411968808,102
"105",2019,9,8.05663704444444,450,8.33084745762712,7.53475270967742,7.79021739130435,8.25393945454545,8.02916455696202,295,155,46,55,395,33285,22669,10616,2411,4934,28351,8.13335976085324,8.44073417707001,7.47700419932178,7.53099267109083,8.10212797527362,8.13879511163627,103
"106",2019,10,8.16822299781182,457,8.49937640410959,7.58218181818182,7.61410256410256,7.94375,8.1995708478803,292,165,39,56,401,33742,22961,10781,2450,4990,28752,8.13383194683185,8.44147994294674,7.47861391151099,7.53231564489796,8.10035058717435,8.13964274207012,104
"107",2019,11,8.19821227005871,511,8.50034255882353,7.59748538011696,7.4109756097561,8.09610169491526,8.21154086283186,340,171,41,59,452,34253,23301,10952,2491,5049,29204,8.13479239833008,8.44233884554312,7.48046992147553,7.53031847852268,8.10030093681918,8.14075553314614,105
"108",2019,12,8.09360830122592,571,8.34522105121294,7.62686665,7.62047607142857,7.92754636363636,8.11531144554455,371,200,28,66,505,34824,23672,11152,2519,5115,29709,8.13411711348496,8.44081676453194,7.48309540082496,7.53132062723303,8.0980718455523,8.14032302904844,106
"109",2020,1,8.10001842318059,742,8.44108549568966,7.53075539568345,7.54732142857143,7.94484536082474,8.12335452713178,464,278,56,97,645,35566,24136,11430,2575,5212,30354,8.13340572541192,8.44082193072589,7.48425458530184,7.53166860582524,8.09522016308519,8.13996246096066,107
"110",2020,2,8.11369551779935,618,8.39751989769821,7.62481740088106,7.60647846153846,8.26696428571429,8.09842318505338,391,227,52,56,562,36184,24527,11657,2627,5268,30916,8.13306908744197,8.44013162637095,7.48699180406623,7.53314942519984,8.09704584092635,8.13920734797516,108
"111",2020,3,8.07977852772466,523,8.37265020348837,7.51694134078212,7.41707317073171,8.07916666666667,8.07985781857451,344,179,41,60,463,36707,24871,11836,2668,5328,31379,8.1323098054867,8.4391982658518,7.48744474146671,7.53136564467766,8.09684449887388,8.13833164026897,109
"112",2020,4,8.17176028680688,523,8.41766656593407,7.60880503144654,8.04838709677419,7.98114754098361,8.19692777056277,364,159,31,61,462,37230,25235,11995,2699,5389,31841,8.1328639983884,8.43888768377255,7.48905343559817,7.53730401630233,8.09553488402302,8.13918184636161,110
"113",2020,5,8.14528637596899,516,8.42261879056047,7.61412429378531,7.19848484848485,8.14529411764706,8.14528552688172,339,177,33,51,465,37746,25574,12172,2732,5440,32306,8.13303381629842,8.43867202901385,7.4908721623398,7.53321139824304,8.09600137683824,8.13926970036526,111
"114",2020,6,8.21564059642147,503,8.45022513119534,7.71275,7.29615384615385,8.07105263157895,8.23411932735426,343,160,26,57,446,38249,25917,12332,2758,5497,32752,8.13412015085362,8.43882492919706,7.49375088874473,7.53097662799129,8.0957426760051,8.14056131411822,112
"115",2020,7,8.16929515418502,454,8.46686206896552,7.64310975609756,7.45142857142857,8.11644444444445,8.17511002444988,290,164,35,45,409,38703,26207,12496,2793,5542,33161,8.13453276619384,8.43913518105851,7.49571110435339,7.52997978517723,8.09591077047998,8.14098742981213,113
"116",2020,8,8.16209615384615,520,8.42344720496894,7.73707070707071,7.87906976744186,8.11967213114754,8.16773420479303,322,198,43,61,459,39223,26529,12694,2836,5603,33620,8.13489818856284,8.43894476572808,7.49947581219474,7.53527275740479,8.09616946100304,8.14135259250446,114
"117",2020,9,8.23921778,500,8.48811966153846,7.77697142857143,7.875,8.20590909090909,8.24428315668203,325,175,32,66,434,39723,26854,12869,2868,5669,34054,8.13621127659039,8.43953990392494,7.5032493558163,7.53906329846583,8.09744707884989,8.14266438744347,115
"118",2020,10,8.14443801541426,519,8.38858616099071,7.74209183673469,7.88292682926829,8.53551020408163,8.10366665957447,323,196,41,49,470,40242,27177,13065,2909,5718,34524,8.13631737662144,8.43893431614969,7.50683245005741,7.54390977655551,8.10120103008045,8.14213348337389,116
"119",2020,11,8.14148739495798,595,8.36607049608355,7.73575471698113,7.78631578947368,8.00818181818182,8.15506481481481,383,212,38,55,540,40837,27560,13277,2947,5773,35064,8.13639270441022,8.43792173113208,7.51048775777661,7.54703547336274,8.10031482591374,8.14233263118868,117
"120",2020,12,8.05526960784314,612,8.36440568475452,7.52355555555556,7.22894736842105,7.71118644067797,8.0919801084991,387,225,38,59,553,41449,27947,13502,2985,5832,35617,8.13519491109557,8.43690370737468,7.51070552214487,7.54298611055276,8.09637817043896,8.14155084313671,118
"121",2021,1,8.11487541778976,742,8.34334201232033,7.67854901960784,7.67617021276596,8.17602352941176,8.10696432267884,487,255,47,85,657,42191,28434,13757,3032,5917,36274,8.13483755848404,8.43530124041641,7.51381667223959,7.54505063984169,8.09752230691229,8.14092440701329,119
"122",2021,2,8.20826856596558,523,8.44302381231672,7.76842494505494,7.71470588235294,8.18338983050847,8.21143202586207,341,182,34,59,464,42714,28775,13939,3066,5976,36738,8.13573666455963,8.43539275725457,7.51714106463878,7.54693200913242,8.09837006191433,8.1418149164353,120
"123",2021,3,8.21890662674651,501,8.47051012578616,7.78169398907104,7.53676470588235,8.16468085106383,8.22452030837004,318,183,34,47,454,43215,29093,14122,3100,6023,37192,8.13670087029967,8.43577660640017,7.52056927489024,7.54682049677419,8.09888751286734,8.1428244950527,121
"124",2021,4,8.08594334056399,461,8.46517563380282,7.47745762711864,6.87333333333333,8.30477272727273,8.0628534292566,284,177,30,44,417,43676,29377,14299,3130,6067,37609,8.13616512478249,8.43606081934847,7.52003561787538,7.54036534824281,8.10038066424922,8.14193779414502,122
"125",2021,5,8.20405705636743,479,8.49972027972028,7.76592398963731,7.40384615384615,8.08255319148936,8.21727622685185,286,193,39,47,432,44155,29663,14492,3169,6114,38041,8.13690162654286,8.43667460101811,7.52331028360475,7.53868524455664,8.10024361956166,8.14279335006966,123
"126",2021,6,8.10356608108108,444,8.37939615942029,7.65041666666667,7.31621621621622,7.76160714285714,8.15292097938144,276,168,37,56,388,44599,29939,14660,3206,6170,38429,8.13656975851477,8.43614656568356,7.52476689154161,7.53611776044916,8.09717009562399,8.14289560410107,124
"127",2021,7,7.98026541176471,510,8.38004864963504,7.51611029661017,6.902685,7.82078548387097,8.00233629464286,274,236,38,62,448,45109,30213,14896,3244,6232,38877,8.13480258972711,8.43563781683382,7.52462974355532,7.52869777127003,8.09442044127086,8.14127586567894,125
"128",2021,8,8.12088983050847,472,8.42361010830325,7.69087179487179,7.65757575757576,8.06519230769231,8.12778571428571,277,195,33,52,420,45581,30490,15091,3277,6284,39297,8.13465852043615,8.43552854575271,7.52677785832616,7.52999559658224,8.09417857893062,8.14113168511592,126
"129",2021,9,8.0927378435518,473,8.41019352059925,7.68127830097087,7.249,7.99988372093023,8.10202325581395,267,206,30,43,430,46054,30757,15297,3307,6327,39727,8.13422797194598,8.43530861364893,7.52885846832712,7.52744649833686,8.09353772562036,8.14070838044655,127
"130",2021,10,8.07604868913858,534,8.37885416666667,7.72154471544715,7.54375,8.20075471698113,8.06230769230769,288,246,40,53,481,46588,31045,15543,3347,6380,40208,8.13356111058642,8.43478489386375,7.53190812520106,7.52764134149985,8.09442839968652,8.13977048920613,128
"131",2021,11,7.97595348511383,571,8.29503367003367,7.63008919708029,7.09952380952381,7.91571428571429,7.98250376699029,297,274,42,56,515,47159,31342,15817,3389,6436,40723,8.13165280137408,8.43346059696254,7.53360892900044,7.52233566538802,8.09287339807334,8.13778162880928,129
"132",2021,12,8.04461339488636,704,8.34942613744076,7.58847517730496,7.23780487804878,8.19492753623188,8.02828004724409,422,282,41,69,635,47863,31764,16099,3430,6505,41358,8.13037256941688,8.43234415879612,7.53457,7.51893456851312,8.09395590930054,8.13610036994053,130
"133",2022,1,8.10519098922625,1021,8.40432246998285,7.70703196347032,7.7537037037037,8.22944444444444,8.09049288061336,583,438,54,108,913,48884,32347,16537,3484,6613,42271,8.12984662241224,8.43183911521934,7.53913783818105,7.52257335533869,8.09616863601996,8.13511530600176,131
"134",2022,2,8.11783171521036,618,8.4231498470948,7.77474226804124,7.26829268292683,7.96877192982456,8.13297682709447,327,291,41,57,561,49502,32674,16828,3525,6670,42832,8.1296966241768,8.43175215339414,7.54321205312574,7.51961576453901,8.09507993853074,8.13508729688084,132
"135",2022,3,8.02013383252818,621,8.35930826219512,7.64044368600683,7.084375,7.70166666666667,8.05419449197861,328,293,32,60,561,50123,33002,17121,3557,6730,43393,8.12833919358378,8.43103214865766,7.54487602534899,7.51570018836098,8.09157253937593,8.13404148618441,133
"136",2022,4,8.06057781201849,649,8.40650442477876,7.68229032258064,7.3109756097561,8.00992307692308,8.06621575342466,339,310,41,65,584,50772,33341,17431,3598,6795,43977,8.12747302450169,8.43078275906542,7.54731985715105,7.51336730683713,8.09079149227373,8.13314078290925,134
"137",2022,5,8.14743714071856,668,8.41460574285714,7.85338364779874,7.66366666666667,7.81484263888889,8.18761634228188,350,318,48,72,596,51440,33691,17749,3646,6867,44573,8.12773227857698,8.43061470363005,7.55280344977182,7.51534601481075,8.08789818843746,8.13386919323358,135
"138",2022,6,8.21004769230769,650,8.57369207317073,7.83962732919255,7.82758620689655,8.01931034482759,8.2287347972973,328,322,29,58,592,52090,34019,18071,3675,6925,45165,8.12875944346324,8.43199420853053,7.5579142510099,7.51780995102041,8.08732373429603,8.13511264363999,136
"139",2022,7,8.16137574225122,613,8.41462074850299,7.85820788530466,7.64305555555556,8.3971037704918,8.13532608695652,334,279,36,61,552,52703,34353,18350,3711,6986,45717,8.12913881069389,8.4318252935697,7.56248002343324,7.51902494475882,8.0900286558832,8.13511522081502,137
"140",2022,8,8.06858069164265,694,8.35922058823529,7.78943502824859,7.29756097560976,7.929375,8.08272222222222,340,354,41,64,630,53397,34693,18704,3752,7050,46347,8.12835173773807,8.43111374945955,7.56677547209153,7.51660489605544,8.08857023971632,8.13440303687402,138
"141",2022,9,8.06364820846906,307,8.43238461538462,7.79282485875706,7.5,7.79266666666667,8.0929963898917,130,177,19,30,277,53704,34823,18881,3771,7080,46624,8.12798185870698,8.43111849381156,7.56889457285101,7.51652123309467,8.08731641101695,8.13415703393103,139
"142",2022,10,8.01285714285714,7,8.01285714285714,NA,7,8.118,7.75,7,0,1,5,2,53711,34830,18881,3772,7085,46626,8.1279668548342,8.4310344332472,7.56889457285101,7.51638429745493,8.0873380649259,8.13414055569854,140
"143",2022,11,8.20644986449864,369,8.49692045685279,7.87375970930233,7.36470588235294,7.89461538461538,8.24330303030303,197,172,17,39,330,54080,35027,19053,3789,7124,46956,8.12850236205621,8.43140499157793,7.57164672754947,7.51570376616521,8.08628301375632,8.13490773383594,141
"144",2022,12,8.21400875518672,723,8.45075526582279,7.92890243902439,7.82882352941176,8.11928571428571,8.2230505,395,328,34,63,660,54803,35422,19381,3823,7187,47616,8.12963042296954,8.4316207715544,7.57769284866622,7.51848850902433,8.0865723097259,8.13612947076613,142
