"","year","month","avg_rating","no_ratings","avg_rating_owned","avg_rating_not_owned","avg_rating_prev_owned","avg_rating_comment","avg_rating_no_comment","no_ratings_owned","no_ratings_not_owned","no_ratings_prev_owned","no_ratings_comment","no_ratings_no_comment","cum_no_ratings","cum_no_ratings_owned","cum_no_ratings_not_owned","cum_no_ratings_prev_owned","cum_no_ratings_comment","cum_no_ratings_no_comment","cum_avg_rating","cum_avg_rating_owned","cum_avg_rating_not_owned","cum_avg_rating_prev_owned","cum_avg_rating_comment","cum_avg_rating_no_comment","month_after_release"
"1",2011,2,7.93,10,8.47142857142857,6.66666666666667,NA,7.6,8.26,7,3,0,5,5,10,7,3,0,5,5,7.93,8.47142857142857,6.66666666666667,NA,7.6,8.26,0
"2",2011,3,8.25901639344262,61,8.49,7.81904761904762,8.03846153846154,7.95,8.33469387755102,40,21,13,12,49,71,47,24,13,17,54,8.21267605633803,8.48723404255319,7.675,8.03846153846154,7.84705882352941,8.32777777777778,1
"3",2011,4,8.22153846153846,65,8.34222222222222,7.95,8.31818181818182,7.92666666666667,8.31,45,20,11,15,50,136,92,44,24,32,104,8.21691176470588,8.41630434782609,7.8,8.16666666666667,7.884375,8.31923076923077,2
"4",2011,5,7.70444444444444,45,8.224,7.055,7.35714285714286,7.83333333333333,7.67222222222222,25,20,7,9,36,181,117,64,31,41,140,8.08950276243094,8.37521367521368,7.5671875,7.98387096774194,7.87317073170732,8.15285714285714,3
"5",2011,6,8.05666666666667,75,8.47340425531915,7.35714285714286,7.65882352941177,7.97857142857143,8.07459016393443,47,28,17,14,61,256,164,92,48,55,201,8.0798828125,8.40335365853659,7.50326086956522,7.86875,7.9,8.12910447761194,4
"6",2011,7,7.99183673469388,49,8.09310344827586,7.845,8.0625,7.92857142857143,8.00238095238095,29,20,8,7,42,305,193,112,56,62,243,8.06573770491803,8.35673575129534,7.56428571428571,7.89642857142857,7.90322580645161,8.10720164609053,5
"7",2011,8,7.63492063492064,63,8.1475,6.74347826086957,7.66666666666667,7.05,7.74528301886792,40,23,6,10,53,368,233,135,62,72,296,7.99198369565217,8.32081545064378,7.42444444444444,7.8741935483871,7.78472222222222,8.04239864864865,6
"8",2011,9,7.84642857142857,70,8.14342105263158,7.49375,7.0625,7.6,7.8875,38,32,8,10,60,438,271,167,70,82,356,7.96872146118721,8.2959409594096,7.4377245508982,7.78142857142857,7.76219512195122,8.01629213483146,7
"9",2011,10,7.74923076923077,65,8.20975609756097,6.9625,7.73076923076923,7.38888888888889,7.80714285714286,41,24,13,9,56,503,312,191,83,91,412,7.9403578528827,8.28461538461539,7.37801047120419,7.77349397590362,7.72527472527473,7.9878640776699,8
"10",2011,11,7.91538461538462,65,8.26052631578947,7.42962962962963,7.72222222222222,7.83333333333333,7.92857142857143,38,27,9,9,56,568,350,218,92,100,468,7.9375,8.282,7.38440366972477,7.76847826086957,7.735,7.98076923076923,9
"11",2011,12,7.25277777777778,72,7.890625,6.7425,6.69230769230769,7.5625,7.2140625,32,40,13,8,64,640,382,258,105,108,532,7.86046875,8.24921465968586,7.28488372093023,7.6352380952381,7.72222222222222,7.88853383458647,10
"12",2012,1,7.50625,88,8.06086956521739,6.89880952380952,6.90833333333333,7.785,7.47051282051282,46,42,18,10,78,728,428,300,123,118,610,7.8176510989011,8.22897196261682,7.23083333333333,7.52886178861789,7.72754237288136,7.83508196721311,11
"13",2012,2,7.35806451612903,62,7.75142857142857,6.84814814814815,6.85,7.19,7.39038461538462,35,27,10,10,52,790,463,327,133,128,662,7.78158227848101,8.19287257019439,7.19923547400612,7.47781954887218,7.685546875,7.80015105740181,12
"14",2012,3,7.19014745762712,59,7.84,6.51788620689655,6.25,7.25,7.18075882352941,30,29,10,8,51,849,493,356,143,136,713,7.74048138987044,8.17139959432049,7.14373230337079,7.39195804195804,7.65992647058824,7.75584670406732,13
"15",2012,4,7.48444444444444,45,8.21481481481482,6.38888888888889,6.75,8.26666666666667,7.36410256410256,27,18,6,6,39,894,520,374,149,142,752,7.72759362416107,8.17365384615385,7.10740294117647,7.36610738255034,7.68556338028169,7.73553018617021,14
"16",2012,5,7.54666666666667,45,7.87916666666667,7.16666666666667,7.85714285714286,7.65,7.53658536585366,24,21,7,4,41,939,544,395,156,146,793,7.71892300319489,8.16066176470588,7.11055367088608,7.38814102564103,7.68458904109589,7.72524426229508,15
"17",2012,6,7.16969696969697,33,7.63333333333333,6.78333333333333,7.35714285714286,6.7,7.25357142857143,15,18,7,5,28,972,559,413,163,151,821,7.70027644032922,8.14651162790698,7.09629225181598,7.38680981595092,7.65198675496689,7.70915797807552,16
"18",2012,7,7.42,39,7.71764705882353,7.19,7.1,7.1875,7.48,17,22,10,8,31,1011,576,435,173,159,852,7.68946458951533,8.13385416666667,7.10103149425287,7.37023121387283,7.62861635220126,7.70082007042254,17
"19",2012,8,7.37380952380952,42,7.52380952380952,7.22380952380952,7.8125,7.3,7.38378378378378,21,21,8,5,37,1053,597,456,181,164,889,7.67687435897436,8.11239530988275,7.10668574561403,7.38977900552486,7.61859756097561,7.68762508436445,18
"20",2012,9,7.5,36,7.86363636363636,6.92857142857143,6.66666666666667,6.9375,7.66071428571429,22,14,6,8,28,1089,619,470,187,172,917,7.67102727272727,8.10355411954766,7.10138021276596,7.36657754010695,7.58691860465116,7.68680338058888,19
"21",2012,10,6.99411764705882,34,7.94615384615385,6.40476190476191,7.375,7.18571428571429,6.94444444444444,13,21,8,7,27,1123,632,491,195,179,944,7.65053312555654,8.1003164556962,7.07158594704684,7.36692307692308,7.57122905027933,7.66557065677966,20
"22",2012,11,7.30526315789474,38,8.03,6.5,7.16666666666667,7.7125,7.19666666666667,20,18,6,8,30,1161,652,509,201,187,974,7.6392322997416,8.09815950920246,7.05137269155206,7.36094527363184,7.57727272727273,7.65112802874743,21
"23",2012,12,7.19428571428571,35,7.65555555555556,6.70588235294118,7.0625,6.33333333333333,7.37241379310345,18,17,8,6,29,1196,670,526,209,193,1003,7.62621128762542,8.08626865671642,7.04020665399239,7.34952153110048,7.53860103626943,7.64306949152542,22
"24",2013,1,7.28974358974359,39,8.075,6.74347826086957,7.01428571428571,6.375,7.39428571428571,16,23,7,4,35,1235,686,549,216,197,1038,7.61558599190283,8.08600583090379,7.02777540983606,7.33865740740741,7.51497461928934,7.63468082851638,23
"25",2013,2,7.07,30,7.89285714285714,6.35,7.1,NA,7.07,14,16,5,0,30,1265,700,565,221,197,1068,7.60264719367589,8.08214285714286,7.0085817699115,7.33325791855204,7.51497461928934,7.61881900749064,24
"26",2013,3,7.45833333333333,30,8.08333333333333,7.04166666666667,6.97916666666667,8,7.35,12,18,12,5,25,1295,712,583,233,202,1093,7.59930401544401,8.08216292134832,7.00960325900514,7.31502145922747,7.5269801980198,7.6126703568161,25
"27",2013,4,7.31851851851852,27,8.06153846153846,6.62857142857143,7.21666666666667,6.25,7.50434782608696,13,14,6,4,23,1322,725,597,239,206,1116,7.59356936459909,8.08179310344828,7.00066783919598,7.31255230125523,7.50218446601942,7.61043790322581,26
"28",2013,5,7.08088235294118,34,7.63095238095238,6.19230769230769,6.1,6.58333333333333,7.1875,21,13,5,6,28,1356,746,610,244,212,1144,7.58071438053097,8.0691018766756,6.98344049180328,7.28770491803279,7.47617924528302,7.60008627622378,27
"29",2013,6,7.5,26,7.86363636363636,7.23333333333333,7.6875,NA,7.5,11,15,8,0,26,1382,757,625,252,212,1170,7.57919587554269,8.06611624834875,6.98943792,7.30039682539683,7.47617924528302,7.59786213675214,28
"30",2013,7,7.02857142857143,28,7.87272727272727,6.48235294117647,6.35,8.05,6.95,11,17,4,2,26,1410,768,642,256,214,1196,7.5682614893617,8.06334635416667,6.97601043613707,7.285546875,7.48154205607477,7.58377817725753,29
"31",2013,8,6.93421052631579,19,6.92857142857143,6.9375,6.66666666666667,6.67857142857143,7.08333333333333,7,12,6,7,12,1429,775,654,262,221,1208,7.5598311406578,8.05309677419355,6.97530382262997,7.27137404580153,7.45610859728507,7.57880687086093,30
"32",2013,9,7.2258064516129,31,7.375,7.06666666666667,6.625,6.5,7.30357142857143,16,15,8,3,28,1460,791,669,270,224,1236,7.55273883561644,8.03938053097345,6.97735231689088,7.25222222222222,7.44330357142857,7.57257176375405,31
"33",2013,10,7.33928571428571,28,8,6.45833333333333,7.3,7,7.35185185185185,16,12,5,1,27,1488,807,681,275,225,1263,7.54872224462365,8.03859975216853,6.96820660792952,7.25309090909091,7.44133333333333,7.5678532858274,32
"34",2013,11,6.78125,32,7.67857142857143,6.08333333333333,6.66666666666667,7.2,6.7037037037037,14,18,9,5,27,1520,821,699,284,230,1290,7.53256493421052,8.03246041412911,6.94542017167382,7.23450704225352,7.43608695652174,7.54976643410853,33
"35",2013,12,7.276,25,7.76,6.55,6.35714285714286,6.8,7.29583333333333,15,10,7,1,24,1545,836,709,291,231,1314,7.52841339805825,8.02757177033493,6.93984301833568,7.21340206185567,7.43333333333333,7.54512838660579,34
"36",2014,1,7.0547619047619,42,7.452,6.47058823529412,5.92857142857143,6.625,7.15588235294118,25,17,7,8,34,1587,861,726,298,239,1348,7.51587819785759,8.01085946573752,6.92885495867769,7.18322147651007,7.40627615062761,7.53531060830861,35
"37",2014,2,7.2,25,7.54166666666667,6.88461538461539,7.16666666666667,6.28,7.43,12,13,9,5,20,1612,873,739,307,244,1368,7.51097934243176,8.00441008018328,6.92807672530447,7.18273615635179,7.38319672131147,7.53377097953217,36
"38",2014,3,7.08333333333333,18,7.6875,6.6,6.6,8.5,6.90625,8,10,5,2,16,1630,881,749,312,246,1384,7.50625687116564,8.00153234960272,6.92369652870494,7.17339743589744,7.39227642276423,7.52651640173411,37
"39",2014,4,7.15,14,7.41666666666667,6.95,6.16666666666667,8,7.08461538461538,6,8,3,1,13,1644,887,757,315,247,1397,7.50322305352798,7.99757609921082,6.92397450462351,7.16380952380952,7.39473684210526,7.52240422333572,38
"40",2014,5,6.42307692307692,13,7.14285714285714,5.58333333333333,6.5,NA,6.42307692307692,7,6,4,0,13,1657,894,763,319,247,1410,7.49474876282438,7.9908836689038,6.91343211009174,7.15548589341693,7.39473684210526,7.51226858156029,39
"41",2014,6,7.81428571428571,7,7.75,7.9,7.5,NA,7.81428571428571,4,3,2,0,7,1664,898,766,321,247,1417,7.49609296875,7.98981069042316,6.91729595300261,7.15763239875389,7.39473684210526,7.51376055045872,40
"42",2014,7,6.83333333333333,15,7.27777777777778,6.16666666666667,4.66666666666667,2,7.17857142857143,9,6,3,1,14,1679,907,772,324,248,1431,7.49017194758785,7.98274531422271,6.91146204663212,7.13456790123457,7.37298387096774,7.51048127183788,41
"43",2014,8,7.42307692307692,13,7.42857142857143,7.41666666666667,7.33333333333333,7.66666666666667,7.35,7,6,3,3,10,1692,914,778,327,251,1441,7.48965644208038,7.9785010940919,6.91535822622108,7.13639143730887,7.37649402390438,7.50936759195004,42
"44",2014,9,7.16,15,7.3625,6.92857142857143,7.08333333333333,7.13333333333333,7.16666666666667,8,7,6,3,12,1707,922,785,333,254,1453,7.48675963678969,7.97315618221258,6.91547605095541,7.13543543543544,7.37362204724409,7.50653730213352,43
"45",2014,10,6.64444444444444,18,7.85,6.04166666666667,6.75,5.375,7.00714285714286,6,12,6,4,14,1725,928,797,339,258,1467,7.47797026086956,7.9723599137931,6.90231957340025,7.12861356932153,7.34263565891473,7.50177143830948,44
"46",2014,11,7.125,24,7.46428571428571,6.65,6.5,7.5,7.09090909090909,14,10,3,2,22,1749,942,807,342,260,1489,7.47312675814751,7.96480891719745,6.89919293680297,7.12309941520468,7.34384615384615,7.49570094022834,45
"47",2014,12,7.07777777777778,18,7.71111111111111,6.44444444444444,6.5,7.75,6.99375,9,9,3,2,16,1767,951,816,345,262,1505,7.46909943406904,7.9624079915878,6.89417732843137,7.11768115942029,7.3469465648855,7.49036458471761,46
"48",2015,1,6.91818181818182,22,7.4,6.22222222222222,5.83333333333333,6,7.06315789473684,13,9,6,3,19,1789,964,825,351,265,1524,7.46232459474567,7.95482365145228,6.88684690909091,7.0957264957265,7.33169811320755,7.48503851706037,47
"49",2015,2,7.25,12,7.75,6.25,5.5,5,7.7,8,4,2,2,10,1801,972,829,353,267,1534,7.46090988339811,7.9531378600823,6.88377406513872,7.08668555240793,7.31423220973783,7.48643983050848,48
"50",2015,3,7.6,22,8.01538461538462,7,7.25,7,7.825,13,9,4,6,16,1823,985,838,357,273,1550,7.46258842567197,7.95395939086294,6.8850223150358,7.08851540616246,7.30732600732601,7.48993464516129,49
"51",2015,4,7.33846153846154,13,7.48888888888889,7,NA,NA,7.33846153846154,9,4,0,0,13,1836,994,842,357,273,1563,7.46170953159041,7.94974849094567,6.88556852731591,7.08851540616246,7.30732600732601,7.48867479206654,50
"52",2015,5,7.27272727272727,11,8.42857142857143,5.25,6.5,9,7.1,7,4,2,1,10,1847,1001,846,359,274,1573,7.46058402815376,7.9530969030969,6.8778353427896,7.08523676880223,7.31350364963504,7.48620387794024,51
"53",2015,6,6.35,16,7.64166666666667,5.575,5.95,NA,6.35,6,10,5,0,16,1863,1007,856,364,274,1589,7.45104600107354,7.95124131082423,6.86261530373832,7.06964285714286,7.31350364963504,7.4747631843927,52
"54",2015,7,7.40625,16,7.44444444444444,7.35714285714286,7.5,8,7.36666666666667,9,7,2,1,15,1879,1016,863,366,275,1604,7.45066455561469,7.94675196850394,6.86662653534183,7.07199453551913,7.316,7.47375230673317,53
"55",2015,8,6.985625,16,7.47125,6.5,6.25,6.714,7.10909090909091,8,8,4,5,11,1895,1024,871,370,280,1615,7.44673810026385,7.943037109375,6.86325912743972,7.06310810810811,7.30525,7.47126854489164,54
"56",2015,9,7.27777777777778,9,6.625,7.8,7.25,5.5,7.78571428571429,4,5,4,2,7,1904,1028,876,374,282,1622,7.44593944327731,7.93790856031128,6.86860582191781,7.06510695187166,7.29244680851064,7.47262558569667,55
"57",2015,10,6.3125,16,7.21428571428571,5.61111111111111,6,5.66666666666667,6.46153846153846,7,9,5,3,13,1920,1035,885,379,285,1635,7.43649411458333,7.93301449275362,6.85581774011299,7.05105540897098,7.27533333333333,7.46458636085627,56
"58",2015,11,7.15714285714286,14,7.87142857142857,6.44285714285714,5.66666666666667,7.7,6.75,7,7,3,6,8,1934,1042,892,382,291,1643,7.43447192347466,7.93260076775432,6.85257701793722,7.0401832460733,7.28408934707904,7.46110693852709,57
"59",2015,12,7.0025,20,7.77777777777778,6.36818181818182,6.33333333333333,8,6.95,9,11,6,1,19,1954,1051,903,388,292,1662,7.43005051177073,7.93127497621313,6.84667630121816,7.02925257731959,7.28654109589041,7.45526395908544,58
"60",2016,1,7.29947368421053,19,7.58333333333333,6.81285714285714,8,6,7.37166666666667,12,7,2,1,18,1973,1063,910,390,293,1680,7.4287930562595,7.927347130762,6.84641615384615,7.03423076923077,7.28215017064846,7.45436827380953,59
"61",2016,2,6.5,7,6.66666666666667,6.375,6.5,6.33333333333333,6.625,3,4,3,3,4,1980,1066,914,393,296,1684,7.42550944444444,7.92379924953096,6.84435306345733,7.03015267175573,7.27253378378378,7.45239827790974,60
"62",2016,3,7.32142857142857,14,7.28571428571429,7.35714285714286,7,NA,7.32142857142857,7,7,1,0,14,1994,1073,921,394,296,1698,7.42477868605817,7.91963653308481,6.84825048859935,7.03007614213198,7.27253378378378,7.45131843345112,61
"63",2016,4,6.83333333333333,9,7,6.78571428571429,7.1,7.5,6.75,2,7,5,1,8,2003,1075,928,399,297,1706,7.42212116824763,7.91792558139535,6.84777877155172,7.03095238095238,7.27329966329966,7.4480297186401,62
"64",2016,5,6.80769230769231,13,7.05,6,6,8.25,6.54545454545455,10,3,3,2,11,2016,1085,931,402,299,1717,7.41815907738095,7.90992626728111,6.84504693877551,7.02325870646766,7.27983277591973,7.44224735002912,63
"65",2016,6,7.53333333333333,9,7.5,7.65,NA,NA,7.53333333333333,7,2,0,0,9,2025,1092,933,402,299,1726,7.41867096296296,7.90729853479854,6.84677245444802,7.02325870646766,7.27983277591973,7.44272230590962,64
"66",2016,7,7.57777777777778,9,8.2,6.33333333333333,7.5,9,7.17142857142857,6,3,2,2,7,2034,1098,936,404,301,1733,7.4193749754179,7.90889799635701,6.84512681623932,7.02561881188119,7.29126245847176,7.44162648586267,65
"67",2016,8,6.8125,8,6.625,7,7.5,7,6.78571428571429,4,4,2,1,7,2042,1102,940,406,302,1740,7.41699740450539,7.90423774954628,6.84578585106383,7.02795566502463,7.29029801324503,7.43898775862069,66
"68",2016,9,6.6875,16,7.6875,5.6875,6.35714285714286,4.75,6.96428571428571,8,8,7,2,14,2058,1110,948,413,304,1754,7.411325898931,7.90267567567568,6.83601128691983,7.01658595641646,7.27358552631579,7.4351988027366,67
"69",2016,10,7.35294117647059,17,7.5,6.66666666666667,7,9,7.25,14,3,2,1,16,2075,1124,951,415,305,1770,7.41084756626506,7.89766014234876,6.8354770767613,7.01650602409639,7.27924590163934,7.43352468926554,68
"70",2016,11,6.94444444444444,9,7.5,6.5,7,NA,6.94444444444444,4,5,2,0,9,2084,1128,956,417,305,1779,7.40883334932821,7.89625,6.83372248953975,7.01642685851319,7.27924590163934,7.43105042158516,69
"71",2016,12,6.375,12,7.3,5.71428571428571,6.75,NA,6.375,5,7,4,0,12,2096,1133,963,421,305,1791,7.40291445610687,7.8936187113857,6.82558535825545,7.01389548693587,7.27924590163934,7.42397470686767,70
"72",2017,1,7.02272727272727,22,7.5,6.33333333333333,6,6,7.125,13,9,4,2,20,2118,1146,972,425,307,1811,7.39896539187913,7.88915357766143,6.8210274691358,7.00435294117647,7.27091205211726,7.42067294312535,71
"73",2017,2,6.79166666666667,12,7.91666666666667,5.66666666666667,5.66666666666667,7,6.77272727272727,6,6,3,1,11,2130,1152,978,428,308,1822,7.39554399061033,7.889296875,6.81394550102249,6.99497663551402,7.27003246753247,7.4167610867179,72
"74",2017,3,6.78076923076923,13,7.20833333333333,6.41428571428571,6.31666666666667,7.35,6.52777777777778,6,7,6,4,9,2143,1158,985,434,312,1831,7.39181460569295,7.88576856649396,6.81110527918782,6.98559907834101,7.27105769230769,7.41239142545058,73
"75",2017,4,7.22727272727273,11,7.5625,6.33333333333333,6.33333333333333,8,7.15,8,3,3,1,10,2154,1166,988,437,313,1841,7.3909743268338,7.88355060034305,6.80965455465587,6.98112128146453,7.27338658146965,7.41096615969582,74
"76",2017,5,7.33333333333333,12,7.5,7.25,6.33333333333333,7.5,7.3,4,8,3,2,10,2166,1170,996,440,315,1851,7.39065498614958,7.88223931623932,6.81319146586345,6.97670454545455,7.2748253968254,7.41036666666667,75
"77",2017,6,7.4375,8,8.83333333333333,6.6,6.66666666666667,7.75,7.33333333333333,3,5,3,2,6,2174,1173,1001,443,317,1857,7.39082736890524,7.88467178175618,6.81212657342657,6.97460496613995,7.27782334384858,7.41011777059774,76
"78",2017,7,7.23333333333333,15,7.5,6.7,6.83333333333333,7.66666666666667,7.125,10,5,3,3,12,2189,1183,1006,446,320,1869,7.38974814984011,7.8814201183432,6.81156928429423,6.97365470852018,7.28146875,7.40828715890851,77
"79",2017,8,7.68181818181818,11,8.35714285714286,6.5,6,6.5,7.94444444444444,7,4,3,2,9,2200,1190,1010,449,322,1878,7.3912085,7.88421848739496,6.81033534653465,6.96714922048998,7.2766149068323,7.41085660276891,78
"80",2017,9,6.85882352941176,17,7.28888888888889,6.375,6.75,NA,6.85882352941176,9,8,2,0,17,2217,1199,1018,451,322,1895,7.38712616147948,7.87974979149291,6.80691424361493,6.96618625277162,7.2766149068323,7.40590432717678,79
"81",2017,10,7.11052631578947,19,8.06666666666667,6.25,5.9,5.5,7.54,9,10,5,4,15,2236,1208,1028,456,326,1910,7.38477580500894,7.88114238410596,6.80149678988327,6.95449561403509,7.25481595092024,7.40695743455498,80
"82",2017,11,6.9,5,8.25,6,5,7.5,6,2,3,2,3,2,2241,1210,1031,458,329,1912,7.38369419901829,7.8817520661157,6.79916459747818,6.94596069868996,7.25705167173252,7.40548572175733,81
"83",2017,12,7.4,10,7.33333333333333,7.5,NA,7,7.57142857142857,6,4,0,3,7,2251,1216,1035,458,332,1919,7.3837666370502,7.87904605263158,6.80187314009662,6.94596069868996,7.25472891566265,7.40609103699844,82
"84",2018,1,6.96666666666667,9,7.54,6.25,NA,NA,6.96666666666667,5,4,0,0,9,2260,1221,1039,458,332,1928,7.38210561946903,7.87765765765766,6.79974850818094,6.94596069868996,7.25472891566265,7.40403978215768,83
"85",2018,2,6.80769230769231,13,7.08333333333333,6.57142857142857,6.66666666666667,NA,6.80769230769231,6,7,3,0,13,2273,1227,1046,461,332,1941,7.37882036955565,7.87377343113285,6.79822055449331,6.9441431670282,7.25472891566265,7.40004569809377,84
"86",2018,3,6.9475,8,7.645,6.25,6.25,6,7.26333333333333,4,4,4,2,6,2281,1231,1050,465,334,1947,7.37730762823323,7.87303005686434,6.79613209523809,6.93817204301075,7.24721556886227,7.39962439650745,85
"87",2018,4,7.77272727272727,11,7.75,7.83333333333333,8.25,NA,7.77272727272727,8,3,2,0,11,2292,1239,1053,467,334,1958,7.37920536649215,7.87223567393059,6.79908708452042,6.94379014989293,7.24721556886227,7.40172048008172,86
"88",2018,5,7,10,8,6.33333333333333,5.66666666666667,5,7.22222222222222,4,6,3,1,9,2302,1243,1059,470,335,1967,7.37755807993049,7.87264682220435,6.79644825306893,6.93563829787234,7.24050746268657,7.40089918657855,87
"89",2018,6,7.4,5,8,5,NA,NA,7.4,4,1,0,0,5,2307,1247,1060,470,335,1972,7.37760671868227,7.87305533279872,6.79475349056604,6.93563829787234,7.24050746268657,7.40089690669372,88
"90",2018,7,6.5,6,6.5,6.5,6,6,6.6,4,2,1,1,5,2313,1251,1062,471,336,1977,7.37533017725897,7.86866506794565,6.7941983992467,6.93365180467091,7.23681547619048,7.39887137076379,89
"91",2018,8,6.33333333333333,3,7,6,5,NA,6.33333333333333,1,2,1,0,3,2316,1252,1064,472,336,1980,7.37398044041451,7.86797124600639,6.79270554511278,6.92955508474576,7.23681547619048,7.39725691919192,90
"92",2018,9,7.58333333333333,6,7.125,8.5,NA,NA,7.58333333333333,4,2,0,0,6,2322,1256,1066,472,336,1986,7.3745214039621,7.8656050955414,6.79590872420263,6.92955508474576,7.23681547619048,7.3978190835851,91
"93",2018,10,6.4,10,6.83333333333333,5.75,7,8,6.22222222222222,6,4,1,1,9,2332,1262,1070,473,337,1995,7.37034249571184,7.86069730586371,6.79199878504673,6.92970401691332,7.23908011869436,7.39251563909775,92
"94",2018,11,7,5,7,7,7,NA,7,4,1,1,0,5,2337,1266,1071,474,337,2000,7.36955014976466,7.85797788309637,6.79219299719888,6.92985232067511,7.23908011869436,7.39153435,93
"95",2018,12,7.14333333333333,9,7.1,7.1975,6.8,6.8,7.18625,5,4,1,1,8,2346,1271,1075,475,338,2008,7.36868231031543,7.8549960660897,6.79370111627907,6.92957894736842,7.23778106508876,7.39071648406375,94
"96",2019,1,7.735,10,8.37142857142857,6.25,7,8.1,7.69444444444444,7,3,1,1,9,2356,1278,1078,476,339,2017,7.37023713921901,7.85782472613459,6.79218803339518,6.9297268907563,7.24032448377581,7.39207174020823,95
"97",2019,2,8.11666666666667,6,7.425,9.5,9,9,7.94,4,2,1,1,5,2362,1282,1080,477,340,2022,7.37213323454699,7.85647425897036,6.7972025,6.93406708595388,7.2455,7.39342665677547,96
"98",2019,3,6.475,10,7.66666666666667,5.96428571428571,6.66666666666667,NA,6.475,3,7,3,0,10,2372,1285,1087,480,340,2032,7.3683510539629,7.85603112840467,6.79183873045078,6.93239583333333,7.2455,7.38890684055118,97
"99",2019,4,7.75,4,8.33333333333333,6,6,NA,7.75,3,1,1,0,4,2376,1288,1088,481,340,2036,7.36899356060606,7.85714285714286,6.7911109375,6.93045738045738,7.2455,7.38961625736739,98
"100",2019,5,7.71,6,7.71,NA,NA,NA,7.71,6,0,0,0,6,2382,1294,1088,481,340,2042,7.36985251889169,7.85646058732612,6.7911109375,6.93045738045738,7.2455,7.39055763956905,99
"101",2019,6,6.83333333333333,6,6.5,7,6,6,7,2,4,3,1,5,2388,1296,1092,484,341,2047,7.36850448073702,7.85436728395062,6.7918760989011,6.92469008264463,7.24184750733138,7.38960366389839,100
"102",2019,7,7.33333333333333,12,7.71428571428571,6.8,6,8,7.27272727272727,7,5,4,1,11,2400,1303,1097,488,342,2058,7.368328625,7.8536147352264,6.79191312670921,6.91711065573771,7.24406432748538,7.38897896015549,101
"103",2019,8,6.98,10,8,6.3,7.26666666666667,7,6.97777777777778,4,6,3,1,9,2410,1307,1103,491,343,2067,7.36671730290456,7.85406273909717,6.78923726201269,6.91924643584521,7.2433527696793,7.38718853410741,102
"104",2019,9,6.66666666666667,6,6,10,NA,3,7.4,5,1,0,1,5,2416,1312,1104,491,344,2072,7.36497876655629,7.84699695121952,6.7921455615942,6.91924643584521,7.23101744186046,7.38721944980695,103
"105",2019,10,7.08888888888889,9,7.13333333333333,7,7,7,7.1,6,3,3,1,8,2425,1318,1107,494,345,2080,7.36395410309278,7.84374810318665,6.79270885275519,6.91973684210526,7.23034782608696,7.38611475961539,104
"106",2019,11,7.1,10,7.83333333333333,6,5,7,7.11111111111111,6,4,2,1,9,2435,1324,1111,496,346,2089,7.3628701026694,7.84370090634441,6.78985481548155,6.91199596774194,7.22968208092485,7.38492996649115,105
"107",2019,12,6.8,10,7.66666666666667,5.5,5,3,7.22222222222222,6,4,3,1,9,2445,1330,1115,499,347,2098,7.36056797546012,7.8429022556391,6.78522753363229,6.90050100200401,7.21749279538905,7.3842319828408,106
"108",2020,1,6.86769230769231,13,7.2225,6.3,5,7,6.85666666666667,8,5,1,1,12,2458,1338,1120,500,348,2110,7.35796122864117,7.83919282511211,6.78306133928571,6.8967,7.21686781609195,7.38123161137441,107
"109",2020,2,5.83333333333333,6,7.16666666666667,4.5,4.75,NA,5.83333333333333,3,3,2,0,6,2464,1341,1123,502,348,2116,7.35424866071428,7.83768829231917,6.77696233303651,6.88814741035857,7.21686781609195,7.37684248582231,108
"110",2020,3,7.4,5,7.5,7.33333333333333,7.5,NA,7.4,2,3,2,0,5,2469,1343,1126,504,348,2121,7.35434131227217,7.8371854058079,6.7784446714032,6.8905753968254,7.21686781609195,7.37689707685055,109
"111",2020,4,7.475,8,8.83333333333333,6.66,6.5,NA,7.475,3,5,2,0,8,2477,1346,1131,506,348,2129,7.35473100524828,7.83940564635959,6.77792104332449,6.88903162055336,7.21686781609195,7.37726571160169,110
"112",2020,5,7.94444444444444,9,8.25,7.33333333333333,7,NA,7.94444444444444,6,3,2,0,9,2486,1352,1134,508,348,2138,7.35686592920354,7.84122781065089,6.77939038800705,6.88946850393701,7.21686781609195,7.37965327408794,111
"113",2020,6,6.07142857142857,7,6.25,6,6.5,4,6.41666666666667,2,5,2,1,6,2493,1354,1139,510,349,2144,7.35325659847573,7.83887740029542,6.77596900790167,6.88794117647059,7.20765042979943,7.3769583488806,112
"114",2020,7,7.45,10,7.41666666666667,7.5,7,NA,7.45,6,4,1,0,10,2503,1360,1143,511,349,2154,7.35364310827007,7.83701470588236,6.77850279965004,6.88816046966732,7.20765042979943,7.37729744661096,113
"115",2020,8,7.525,8,7.5,7.55,9,9,7.31428571428571,4,4,1,1,7,2511,1364,1147,512,350,2161,7.35418904818797,7.83602639296188,6.78119328683522,6.89228515625,7.21277142857143,7.37709333641833,114
"116",2020,9,6.1,5,7,5.5,7,NA,6.1,2,3,1,0,5,2516,1366,1150,513,350,2166,7.35169662162162,7.83480234260615,6.77785104347826,6.89249512670565,7.21277142857143,7.37414529085873,115
"117",2020,10,7,6,7,7,7,NA,7,5,1,1,0,6,2522,1371,1151,514,350,2172,7.35085991276764,7.83175784099198,6.77804404865334,6.89270428015564,7.21277142857143,7.37311174033149,116
"118",2020,11,7,10,7.6,6.4,NA,6,7.11111111111111,5,5,0,1,9,2532,1376,1156,514,351,2181,7.34947421011058,7.83091569767442,6.7764089100346,6.89270428015564,7.20931623931624,7.3720305823017,117
"119",2020,12,8.33333333333333,9,8.9,7.625,NA,9.5,8.1875,5,4,0,1,8,2541,1381,1160,514,352,2189,7.35295895316804,7.83478638667632,6.7793350862069,6.89270428015564,7.21582386363636,7.37501082686158,118
"120",2021,1,6.88888888888889,9,7,6.66666666666667,6.66666666666667,7,6.875,6,3,3,1,8,2550,1387,1163,517,353,2197,7.35132105882353,7.83117519826965,6.77904445399828,6.89139264990329,7.21521246458923,7.37319012289486,119
"121",2021,2,6.5,6,7.33333333333333,5.66666666666667,5.5,7,6.4,3,3,2,1,5,2556,1390,1166,519,354,2202,7.34932265258216,7.83010071942446,6.77618241852487,6.88603082851638,7.21460451977401,7.37098033605813,120
"122",2021,3,7,4,8,6,6,NA,7,2,2,2,0,4,2560,1392,1168,521,354,2206,7.3487768359375,7.83034482758621,6.77485333904109,6.88262955854127,7.21460451977401,7.37030766092475,121
"123",2021,4,6.4,5,6.75,5,NA,NA,6.4,4,1,0,0,5,2565,1396,1169,521,354,2211,7.34692736842105,7.82724928366762,6.77333507271172,6.88262955854127,7.21460451977401,7.36811338760742,122
"124",2021,5,7.41666666666667,12,7.6,6.5,6,NA,7.41666666666667,10,2,1,0,12,2577,1406,1171,522,354,2223,7.34725211486224,7.82563300142248,6.7728682322801,6.88093869731801,7.21460451977401,7.36837548358075,123
"125",2021,6,6.95833333333333,12,7.3125,6.25,5,NA,6.95833333333333,8,4,1,0,12,2589,1414,1175,523,354,2235,7.34544947856315,7.82272984441302,6.77108825531915,6.87734225621415,7.21460451977401,7.36617391498882,124
"126",2021,7,6.475,4,6.95,6,NA,5,6.96666666666667,2,2,0,1,3,2593,1416,1177,523,355,2238,7.34410671037408,7.82149717514125,6.76977799490229,6.87734225621415,7.2083661971831,7.36563838248436,125
"127",2021,8,7.5,6,7.6,7,NA,6.66666666666667,8.33333333333333,5,1,0,3,3,2599,1421,1178,523,358,2241,7.34446660253944,7.82071780436313,6.7699734295416,6.87734225621415,7.20382681564246,7.36693382418563,126
"128",2021,9,5.5,4,6.75,4.25,NA,2,6.66666666666667,2,2,0,1,3,2603,1423,1180,523,359,2244,7.34163223203995,7.81921293042867,6.76570228813559,6.87734225621415,7.18933147632312,7.36599763814617,127
"129",2021,10,7.125,4,7.5,6,6,6.5,7.75,3,1,1,2,2,2607,1426,1181,524,361,2246,7.34129984656693,7.81854137447406,6.76505393734124,6.8756679389313,7.18551246537396,7.36633958147819,128
"130",2021,11,6.8,5,8,5,8,5,8,3,2,1,2,3,2612,1429,1183,525,363,2249,7.34026366768759,7.81892232330301,6.76206990701606,6.87780952380952,7.17347107438016,7.36718483770565,129
"131",2021,12,7.08333333333333,6,8.25,6.5,7,10,6.5,2,4,1,1,5,2618,1431,1187,526,364,2254,7.33967482811306,7.8195248078267,6.76118677337826,6.87804182509506,7.18123626373626,7.36526118012423,130
"132",2022,1,7.83575727272727,11,8.14916625,7,7,8.25,7.74370333333333,8,3,3,2,9,2629,1439,1190,529,366,2263,7.34175048687714,7.82135742182071,6.76178882352941,6.87873345935728,7.18707650273224,7.36676625276182,131
"133",2022,2,6.55555555555556,9,7,6.33333333333333,7,NA,6.55555555555556,3,6,2,0,9,2638,1442,1196,531,366,2272,7.33906824488249,7.81964863384189,6.7596393812709,6.87919020715631,7.18707650273224,7.36355283010564,132
"134",2022,3,7,8,7.4,6.33333333333333,7,NA,7,5,3,1,0,8,2646,1447,1199,532,366,2280,7.33804309523809,7.81819856945405,6.75857272727273,6.87941729323308,7.18707650273224,7.36227720614035,133
"135",2022,4,8.0625,8,8.5,6.75,6.75,10,7.41666666666667,6,2,2,2,6,2654,1453,1201,534,368,2286,7.34022683873398,7.82101399174123,6.75855845129059,6.87893258426966,7.20236413043478,7.36241996062992,134
"136",2022,5,4.4,5,NA,4.4,5,5,4.25,0,5,1,1,4,2659,1453,1206,535,369,2290,7.3346980180519,7.82101399174123,6.74878001658375,6.87542056074766,7.19639566395664,7.35698341921398,135
"137",2022,6,5.44444444444444,9,6.5,4.125,5.75,NA,5.44444444444444,5,4,2,0,9,2668,1458,1210,537,369,2299,7.32832160044977,7.8164837654321,6.74010636363636,6.87122905027933,7.19639566395664,7.34949631578948,136
"138",2022,7,7.66666666666667,3,7,8,7,7,8,1,2,1,1,2,2671,1459,1212,538,370,2301,7.32870162111568,7.81592414667581,6.7421853960396,6.87146840148699,7.19586486486486,7.35006172533681,137
"139",2022,8,7.08333333333333,3,7.08333333333333,NA,NA,NA,7.08333333333333,3,0,0,0,3,2674,1462,1212,538,370,2304,7.32842633881825,7.81442088235294,6.7421853960396,6.87146840148699,7.19586486486486,7.34971442274306,138
"140",2022,9,6.8,5,8,6,3,3,7.75,2,3,1,1,4,2679,1464,1215,539,371,2308,7.32744010078387,7.81467440573771,6.74035283950617,6.86428571428571,7.18455525606469,7.35040815857886,139
"141",2022,10,7,6,7,7,8,8,6.8,1,5,1,1,5,2685,1465,1220,540,372,2313,7.32670839106145,7.81411831399318,6.74141696721311,6.86638888888889,7.18674731182796,7.34921834414181,140
"142",2022,11,6.66666666666667,6,6.66666666666667,6.66666666666667,7,NA,6.66666666666667,3,3,1,0,6,2691,1468,1223,541,372,2319,7.32523672612412,7.81177338555859,6.74123360588716,6.86663585951941,7.18674731182796,7.34745236308754,141
"143",2022,12,6.87777777777778,9,7.52,6.075,5,5,7.1125,5,4,1,1,8,2700,1473,1227,542,373,2327,7.3237451962963,7.81078298031229,6.73906169519152,6.86319188191882,7.18088471849866,7.346644619682,142
