"","year","month","avg_rating","no_ratings","avg_rating_owned","avg_rating_not_owned","avg_rating_prev_owned","avg_rating_comment","avg_rating_no_comment","no_ratings_owned","no_ratings_not_owned","no_ratings_prev_owned","no_ratings_comment","no_ratings_no_comment","cum_no_ratings","cum_no_ratings_owned","cum_no_ratings_not_owned","cum_no_ratings_prev_owned","cum_no_ratings_comment","cum_no_ratings_no_comment","cum_avg_rating","cum_avg_rating_owned","cum_avg_rating_not_owned","cum_avg_rating_prev_owned","cum_avg_rating_comment","cum_avg_rating_no_comment","month_after_release"
"1",2010,12,7.92857142857143,14,8.14285714285714,7.71428571428571,7,6.66666666666667,8.27272727272727,7,7,2,3,11,14,7,7,2,3,11,7.92857142857143,8.14285714285714,7.71428571428571,7,6.66666666666667,8.27272727272727,-10
"2",2011,1,7.89583333333333,12,8.95,7.14285714285714,7.5,7.08333333333333,8.16666666666667,5,7,2,3,9,26,12,14,4,6,20,7.91346153846154,8.47916666666667,7.42857142857143,7.25,6.875,8.225,-9
"3",2011,2,6.625,4,8,6.16666666666667,7.5,3,7.83333333333333,1,3,1,1,3,30,13,17,5,7,23,7.74166666666667,8.44230769230769,7.20588235294118,7.3,6.32142857142857,8.17391304347826,-8
"4",2011,3,8.25,4,8,8.33333333333333,7.5,7,8.66666666666667,1,3,2,1,3,34,14,20,7,8,26,7.80147058823529,8.41071428571428,7.375,7.35714285714286,6.40625,8.23076923076923,-7
"5",2011,4,6.75,6,7,6.625,6.25,7,6.7,2,4,2,1,5,40,16,24,9,9,31,7.64375,8.234375,7.25,7.11111111111111,6.47222222222222,7.98387096774194,-6
"6",2011,5,7.5,4,7,8,NA,NA,7.5,2,2,0,0,4,44,18,26,9,9,35,7.63068181818182,8.09722222222222,7.30769230769231,7.11111111111111,6.47222222222222,7.92857142857143,-5
"7",2011,6,7.625,4,6.5,8,NA,NA,7.625,1,3,0,0,4,48,19,29,9,9,39,7.63020833333333,8.01315789473684,7.37931034482759,7.11111111111111,6.47222222222222,7.8974358974359,-4
"8",2011,7,6.5,2,8,5,NA,NA,6.5,1,1,0,0,2,50,20,30,9,9,41,7.585,8.0125,7.3,7.11111111111111,6.47222222222222,7.82926829268293,-3
"9",2011,8,7.5,4,8,7,7,NA,7.5,2,2,2,0,4,54,22,32,11,9,45,7.5787037037037,8.01136363636364,7.28125,7.09090909090909,6.47222222222222,7.8,-2
"10",2011,9,6.81666666666667,6,8.75,5.85,NA,9.5,6.28,2,4,0,1,5,60,24,36,11,10,50,7.5025,8.07291666666667,7.12222222222222,7.09090909090909,6.775,7.648,-1
"11",2011,10,7.56666666666667,15,7.875,7.21428571428571,9,7.44,7.63,8,7,1,5,10,75,32,43,12,15,60,7.51533333333333,8.0234375,7.13720930232558,7.25,6.99666666666667,7.645,0
"12",2011,11,7.52777777777778,45,8.29761904761905,6.85416666666667,7.8,7.26923076923077,7.6328125,21,24,5,13,32,120,53,67,17,28,92,7.52,8.13207547169811,7.03582089552239,7.41176470588235,7.12321428571429,7.64076086956522,1
"13",2011,12,7.7547619047619,21,7.8625,7.68846153846154,7.90714285714286,7.85,7.70714285714286,8,13,7,7,14,141,61,80,24,35,106,7.55496453900709,8.09672131147541,7.141875,7.55625,7.26857142857143,7.64952830188679,2
"14",2012,1,7.54558823529412,34,7.8125,7.16428571428571,7.33333333333333,7.21428571428571,7.63148148148148,20,14,3,7,27,175,81,94,27,42,133,7.55314285714286,8.02654320987654,7.14521276595745,7.53148148148148,7.25952380952381,7.64586466165414,3
"15",2012,2,7.67666666666667,30,8.11818181818182,7.42105263157895,7.0625,7.61428571428571,7.69565217391304,11,19,8,7,23,205,92,113,35,49,156,7.57121951219512,8.0375,7.19159292035398,7.42428571428572,7.31020408163265,7.65320512820513,4
"16",2012,3,7.7,31,8.27272727272727,7.385,7.425,6.82,7.86923076923077,11,20,4,5,26,236,103,133,39,54,182,7.58813559322034,8.0626213592233,7.22067669172932,7.42435897435897,7.26481481481482,7.68406593406593,5
"17",2012,4,6.85178571428571,28,7.05454545454545,6.72058823529412,8,8,6.714,11,17,2,3,25,264,114,150,41,57,207,7.51003787878788,7.96535087719298,7.164,7.45243902439024,7.30350877192982,7.56690821256039,6
"18",2012,5,7.29117647058824,34,8.02857142857143,6.775,7.66666666666667,6.71428571428571,7.44074074074074,14,20,3,7,27,298,128,170,44,64,234,7.48506711409396,7.972265625,7.11823529411765,7.46704545454546,7.2390625,7.55235042735043,7
"19",2012,6,7.5825,20,8.59285714285714,7.03846153846154,7.5,7.3,7.67666666666667,7,13,6,5,15,318,135,183,50,69,249,7.49119496855346,8.00444444444444,7.11256830601093,7.471,7.24347826086957,7.55983935742972,8
"20",2012,7,7.413125,16,7.85714285714286,7.06777777777778,7,7.75,7.30083333333333,7,9,1,4,12,334,142,192,51,73,261,7.48745508982036,7.99718309859155,7.11046875,7.46176470588235,7.27123287671233,7.54793103448276,9
"21",2012,8,7.15238095238095,21,7.47272727272727,6.8,8.5,7.3,7.11764705882353,11,10,2,4,17,355,153,202,53,77,278,7.4676338028169,7.95947712418301,7.09509900990099,7.50094339622642,7.27272727272727,7.52161870503597,10
"22",2012,9,6.55555555555556,18,7.92857142857143,5.68181818181818,6,6.25,6.8,7,11,3,8,10,373,160,213,56,85,288,7.42361930294906,7.958125,7.02211267605634,7.42053571428571,7.17647058823529,7.4965625,11
"23",2012,10,6.28571428571429,14,7.66666666666667,5.90909090909091,7,6.08333333333333,6.4375,3,11,2,6,8,387,163,224,58,91,296,7.38245478036176,7.95276073619632,6.96745535714286,7.40603448275862,7.1043956043956,7.46793918918919,12
"24",2012,11,7.2,15,6.75,7.36363636363636,8.25,8,7,4,11,2,3,12,402,167,235,60,94,308,7.37564676616915,7.92395209580838,6.986,7.43416666666667,7.13297872340426,7.44970779220779,13
"25",2012,12,7.33157894736842,19,7.88125,6.93181818181818,7.4375,7.25,7.36923076923077,8,11,4,6,13,421,175,246,64,100,321,7.37365795724466,7.922,6.98357723577236,7.434375,7.14,7.44644859813084,14
"26",2013,1,7.27058823529412,17,7.58333333333333,7.1,6.66666666666667,6.75,7.34,6,11,3,2,15,438,181,257,67,102,336,7.36965753424658,7.91077348066298,6.98856031128405,7.4,7.13235294117647,7.44169642857143,15
"27",2013,2,6.61538461538461,13,7.5,6.45454545454545,7.1,5.375,7.16666666666667,2,11,5,4,9,451,183,268,72,106,345,7.34791574279379,7.90628415300546,6.96664179104478,7.37916666666667,7.06603773584906,7.43452173913043,16
"28",2013,3,6.91666666666667,12,8.1,6.07142857142857,6.5,7.5,6.8,5,7,2,2,10,463,188,275,74,108,355,7.33673866090713,7.91143617021277,6.94385454545455,7.3554054054054,7.07407407407407,7.41664788732394,17
"29",2013,4,7.09230769230769,13,7.44,6.875,6.83333333333333,6.875,7.18888888888889,5,8,3,4,9,476,193,283,77,112,364,7.33006302521008,7.89922279792746,6.94190812720848,7.33506493506493,7.06696428571429,7.41101648351648,18
"30",2013,5,7.14285714285714,7,7.5,7.08333333333333,7.5,4,7.66666666666667,1,6,1,1,6,483,194,289,78,113,370,7.32734989648033,7.89716494845361,6.94484429065744,7.33717948717949,7.03982300884956,7.41516216216216,19
"31",2013,6,7.90833333333333,12,8.41428571428571,7.2,NA,8.14,7.74285714285714,7,5,0,5,7,495,201,294,78,118,377,7.34143434343434,7.91517412935323,6.94918367346939,7.33717948717949,7.0864406779661,7.42124668435013,20
"32",2013,7,6.46875,16,7.5,6.32142857142857,7.16666666666667,6.08333333333333,6.7,2,14,3,6,10,511,203,308,81,124,387,7.3141095890411,7.91108374384237,6.92064935064935,7.33086419753086,7.03790322580645,7.40260981912145,21
"33",2013,8,7.43333333333333,15,8.0625,6.71428571428571,6.75,7.75,7.38461538461539,8,7,2,2,13,526,211,315,83,126,400,7.31750950570342,7.91682464454976,6.91606349206349,7.31686746987952,7.04920634920635,7.402025,22
"34",2013,9,7.55,14,7.75,7.4,7.75,7.875,7.42,6,8,2,4,10,540,217,323,85,130,410,7.32353703703704,7.91221198156682,6.92804953560371,7.32705882352941,7.07461538461538,7.40246341463414,23
"35",2013,10,6.96666666666667,15,7.78,6.56,8.025,7.8,6.75833333333333,5,10,4,3,12,555,222,333,89,133,422,7.31389189189189,7.90923423423424,6.91699699699699,7.35842696629213,7.09097744360902,7.38414691943128,24
"36",2013,11,7.24117647058824,17,7.85,6.90909090909091,6.78333333333333,7.5,7.16153846153846,6,11,6,4,13,572,228,344,95,137,435,7.31173076923077,7.90767543859649,6.91674418604651,7.3221052631579,7.1029197080292,7.37749425287356,25
"37",2013,12,7.325,12,7.475,7.25,7.75,7,7.43333333333333,4,8,2,3,9,584,232,352,97,140,444,7.31200342465753,7.90021551724138,6.92431818181818,7.33092783505155,7.10071428571429,7.37862612612612,26
"38",2014,1,6.32307692307692,13,7.9,5.3375,7,9.5,6.05833333333333,5,8,1,1,12,597,237,360,98,141,456,7.29046901172529,7.90021097046414,6.88905555555555,7.32755102040816,7.1177304964539,7.34388157894737,27
"39",2014,2,7.36428571428571,14,8.2625,6.16666666666667,4,8,7.31538461538462,8,6,2,1,13,611,245,366,100,142,469,7.29216039279869,7.91204081632653,6.8772131147541,7.261,7.12394366197183,7.34309168443497,28
"40",2014,3,7.375,12,8.6,6.5,7.25,8,7.0625,5,7,2,4,8,623,250,373,102,146,477,7.29375601926164,7.9258,6.87013404825737,7.26078431372549,7.14794520547945,7.3383857442348,29
"41",2014,4,6.78846153846154,13,8,6.56818181818182,6.4,5.5,7.02272727272727,2,11,5,2,11,636,252,384,107,148,488,7.28342767295598,7.92638888888889,6.861484375,7.22056074766355,7.12567567567567,7.33127049180328,30
"42",2014,5,7.346875,16,7.56875,7.125,6.9,7.125,7.42083333333333,8,8,5,4,12,652,260,392,112,152,500,7.28498466257669,7.91538461538462,6.86686224489796,7.20625,7.12565789473684,7.33342,31
"43",2014,6,6.6,10,7.125,6.25,NA,6,6.66666666666667,4,6,0,1,9,662,264,398,112,153,509,7.27463746223565,7.90340909090909,6.85756281407035,7.20625,7.11830065359477,7.32163064833006,32
"44",2014,7,7.44642857142857,14,8.35714285714286,6.53571428571429,6.33333333333333,8.5,7.36538461538461,7,7,3,1,13,676,271,405,115,154,522,7.27819526627219,7.91512915129151,6.852,7.18347826086957,7.12727272727273,7.32272030651341,33
"45",2014,8,7.62666666666667,15,7.75,7.58181818181818,7.5,8,7.53333333333333,4,11,6,3,12,691,275,416,121,157,534,7.28575976845152,7.91272727272727,6.87129807692307,7.19917355371901,7.14394904458599,7.3274531835206,34
"46",2014,9,7.175,20,8.3,6.05,5.5,6.75,7.22222222222222,10,10,1,2,18,711,285,426,122,159,552,7.28264416315049,7.92631578947368,6.85201877934272,7.18524590163934,7.13899371069182,7.32402173913043,35
"47",2014,10,7.6875,8,7.9,7.33333333333333,7.33333333333333,8,7.64285714285714,5,3,3,1,7,719,290,429,125,160,559,7.2871488178025,7.92586206896552,6.85538461538461,7.1888,7.144375,7.32801431127012,36
"48",2014,11,7.09047619047619,21,7.77,6.47272727272727,6.875,7.37142857142857,6.95,10,11,4,7,14,740,300,440,129,167,573,7.28156756756757,7.92066666666667,6.84581818181818,7.17906976744186,7.15389221556886,7.31877835951134,37
"49",2014,12,7.22222222222222,9,8.125,6.5,6.5,6,7.57142857142857,4,5,1,2,7,749,304,445,130,169,580,7.28085447263017,7.92335526315789,6.84193258426966,7.17384615384615,7.14023668639053,7.32182758620689,38
"50",2015,1,7.12578947368421,19,7.775,6.82615384615385,6.6875,6.715,7.58222222222222,6,13,8,10,9,768,310,458,138,179,589,7.27701822916667,7.92048387096774,6.8414847161572,7.14565217391304,7.11648044692737,7.3258064516129,39
"51",2015,2,7.57142857142857,7,8,6.5,8,7.16666666666667,7.875,5,2,1,3,4,775,315,460,139,182,593,7.27967741935484,7.92174603174603,6.84,7.15179856115108,7.11730769230769,7.32951096121416,40
"52",2015,3,6.9,10,8.125,6.08333333333333,7,6.25,7.0625,4,6,2,2,8,785,319,466,141,184,601,7.27484076433121,7.9242946708464,6.83025751072961,7.14964539007092,7.10788043478261,7.32595673876872,41
"53",2015,4,7.35666666666667,9,7.6,7.0525,NA,7.25,7.38714285714286,5,4,0,2,7,794,324,470,141,186,608,7.27576826196474,7.91929012345679,6.83214893617021,7.14964539007092,7.10940860215054,7.32666118421052,42
"54",2015,5,7.64714285714286,7,7.51,7.75,7,7,7.755,3,4,2,1,6,801,327,474,143,187,614,7.27901373283396,7.91553516819572,6.83989451476793,7.14755244755245,7.10882352941176,7.33084690553746,43
"55",2015,6,7.82916666666667,12,8.14285714285714,7.39,7.65,7.83333333333333,7.82777777777778,7,5,3,3,9,813,334,479,146,190,623,7.28713407134071,7.9202994011976,6.84563674321503,7.15787671232877,7.12026315789474,7.33802568218298,44
"56",2015,7,6.78333333333333,12,7.51428571428571,5.76,8.5,7.03333333333333,6.7,7,5,1,3,9,825,341,484,147,193,632,7.27980606060606,7.91196480938416,6.8344214876033,7.16700680272109,7.11891191709844,7.32893987341772,45
"57",2015,8,7.60833333333333,12,8.3875,6.05,4,5,8.13,8,4,2,2,10,837,349,488,149,195,642,7.28451612903226,7.92286532951289,6.82799180327869,7.1244966442953,7.09717948717949,7.34141744548286,46
"58",2015,9,7.46666666666667,15,7.25,7.9,7.75,6.33333333333333,7.75,10,5,2,3,12,852,359,493,151,198,654,7.28772300469484,7.90412256267409,6.83886409736308,7.13278145695364,7.08560606060606,7.34891437308868,47
"59",2015,10,7.41333333333333,15,7.34285714285714,7.475,7.6,7.5,7.38181818181818,7,8,5,4,11,867,366,501,156,202,665,7.28989619377163,7.89338797814208,6.84902195608782,7.14775641025641,7.09381188118812,7.34945864661654,48
"60",2015,11,7.3,15,8.04285714285714,6.65,6.7,7.5,7.22727272727273,7,8,2,4,11,882,373,509,158,206,676,7.29006802721088,7.89619302949062,6.84589390962672,7.14208860759494,7.10169902912621,7.34747041420118,49
"61",2015,12,7.54166666666667,12,7.57142857142857,7.5,8,9,7.40909090909091,7,5,1,1,11,894,380,514,159,207,687,7.2934451901566,7.89021052631579,6.85225680933852,7.14748427672956,7.11086956521739,7.34845705967976,50
"62",2016,1,6.5,12,6.75,6.375,7,6.6,6.42857142857143,4,8,5,5,7,906,384,522,164,212,694,7.28293598233996,7.87833333333333,6.84494252873563,7.14298780487805,7.09882075471698,7.33917867435158,51
"63",2016,2,6.6,5,8,6.25,10,6,7,1,4,1,2,3,911,385,526,165,214,697,7.27918770581778,7.87864935064935,6.84041825095057,7.16030303030303,7.08855140186916,7.337718794835,52
"64",2016,3,7.79090909090909,11,7.83333333333333,7.74,8,8.75,7.24285714285714,6,5,3,4,7,922,391,531,168,218,704,7.28529284164859,7.87795396419437,6.84888888888889,7.17529761904762,7.11903669724771,7.33677556818182,53
"65",2016,4,7.6875,8,8.16666666666667,7.4,7,8,7.5,3,5,2,3,5,930,394,536,170,221,709,7.28875268817204,7.88015228426396,6.85402985074627,7.17323529411765,7.13099547511312,7.33792665726375,54
"66",2016,5,7.33333333333333,6,8,7,7.33333333333333,7.5,7.25,2,4,3,2,4,936,396,540,173,223,713,7.28903846153846,7.88075757575758,6.85511111111111,7.17601156069364,7.13430493273543,7.33743338008415,55
"67",2016,6,6.64285714285714,7,7.5,6.3,6,3.5,7.16666666666667,2,5,1,1,6,943,398,545,174,224,719,7.28424178154825,7.87884422110553,6.85001834862385,7.16925287356322,7.11808035714286,7.3360083449235,56
"68",2016,7,7.04375,8,7.5875,6.5,6,7,7.05,4,4,1,1,7,951,402,549,175,225,726,7.28221871713985,7.87594527363184,6.84746812386156,7.16257142857143,7.11755555555555,7.33325068870523,57
"69",2016,8,7,7,8,6.6,8.5,8,6.83333333333333,2,5,2,1,6,958,404,554,177,226,732,7.28015657620042,7.87655940594059,6.84523465703971,7.17768361581921,7.12146017699115,7.32915300546448,58
"70",2016,9,7.05833333333333,12,7.3,6.9375,7,6.8,7.24285714285714,4,8,3,5,7,970,408,562,180,231,739,7.27741237113402,7.8709068627451,6.84654804270462,7.17472222222222,7.11450216450216,7.32833558863329,59
"71",2016,10,6.83333333333333,9,6.75,6.9,7.75,7.5,6.5,4,5,2,3,6,979,412,567,182,234,745,7.27332992849847,7.86002427184466,6.84701940035273,7.18104395604396,7.11944444444444,7.3216644295302,60
"72",2016,11,7.56818181818182,11,8.58333333333333,7.1875,8,8.5,7.36111111111111,3,8,1,2,9,990,415,575,183,236,754,7.27660606060606,7.86525301204819,6.85175652173913,7.18551912568306,7.13114406779661,7.32213527851459,61
"73",2016,12,7.15,12,8.3,6,NA,NA,7.15,6,6,0,0,12,1002,421,581,183,236,766,7.27508982035928,7.87144893111639,6.84296041308089,7.18551912568306,7.13114406779661,7.31943864229765,62
"74",2017,1,6.625,8,8,6.16666666666667,6.5,NA,6.625,2,6,2,0,8,1010,423,587,185,236,774,7.26994059405941,7.87205673758865,6.83604770017036,7.17810810810811,7.13114406779661,7.31226098191214,63
"75",2017,2,7.73571428571429,7,7.875,7.55,7.825,7,7.85833333333333,4,3,2,1,6,1017,427,590,187,237,780,7.2731465093412,7.87208430913349,6.83967796610169,7.18502673796791,7.13059071729958,7.31646153846154,64
"76",2017,3,7.5,6,8,6.5,8,NA,7.5,4,2,1,0,6,1023,431,592,188,237,786,7.274477028348,7.87327146171694,6.8385304054054,7.18936170212766,7.13059071729958,7.31786259541984,65
"77",2017,4,6.58333333333333,6,8,5.16666666666667,6.75,6.5,6.6,3,3,2,1,5,1029,434,595,190,238,791,7.27044703595724,7.87414746543779,6.83010084033613,7.18473684210526,7.12794117647059,7.31332490518331,66
"78",2017,5,6.93333333333333,15,7,6.9,7.66666666666667,6,7,5,10,3,1,14,1044,439,605,193,239,805,7.26560344827586,7.86419134396355,6.8312561983471,7.19222797927461,7.12322175732217,7.30787577639751,67
"79",2017,6,6.0625,8,5.33333333333333,6.5,5,1,6.78571428571429,3,5,1,1,7,1052,442,610,194,240,812,7.25645437262357,7.84701357466063,6.82854098360655,7.18092783505155,7.09770833333333,7.30337438423645,68
"80",2017,7,7.37272727272727,11,7.5,7.26666666666667,NA,NA,7.37272727272727,5,6,0,0,11,1063,447,616,194,240,823,7.25765757290687,7.84313199105145,6.83280844155844,7.18092783505155,7.09770833333333,7.30430133657351,69
"81",2017,8,6.71428571428571,7,6.66666666666667,6.75,NA,7.25,6.5,3,4,0,2,5,1070,450,620,194,242,828,7.25410280373832,7.83528888888889,6.83227419354838,7.18092783505155,7.09896694214876,7.29944444444444,70
"82",2017,9,6.45454545454545,11,7,6.33333333333333,6.75,5,6.77777777777778,2,9,4,2,9,1081,452,629,198,244,837,7.24596669750231,7.83159292035398,6.82513513513513,7.17222222222222,7.08176229508197,7.29383512544803,71
"83",2017,10,7,2,9,5,NA,NA,7,1,1,0,0,2,1083,453,630,198,244,839,7.24551246537396,7.83417218543046,6.82223809523809,7.17222222222222,7.08176229508197,7.29313468414779,72
"84",2017,11,7,11,7.42857142857143,6.25,7,8,6.9,7,4,1,1,10,1094,460,634,199,245,849,7.24304387568556,7.828,6.81862776025236,7.1713567839196,7.08551020408163,7.28850412249705,73
"85",2017,12,7.22222222222222,9,7.66666666666667,7,6.9,7.25,7.21428571428571,3,6,5,2,7,1103,463,640,204,247,856,7.2428739800544,7.82695464362851,6.820328125,7.16470588235294,7.08684210526316,7.28789719626168,74
"86",2018,1,7.0875,8,7.84,5.83333333333333,NA,7.23333333333333,7,5,3,0,3,5,1111,468,643,204,250,861,7.24175517551755,7.82709401709402,6.8157231726283,7.16470588235294,7.0886,7.28622531939605,75
"87",2018,2,8.0125,4,8.08333333333333,7.8,7.65,8.75,7.76666666666667,3,1,2,1,3,1115,471,644,206,251,864,7.2445201793722,7.82872611464968,6.81725155279503,7.16941747572816,7.09521912350598,7.28789351851852,76
"88",2018,3,6.75,4,8,5.5,7,NA,6.75,2,2,1,0,4,1119,473,646,207,251,868,7.24275245755138,7.82945031712474,6.813173374613,7.16859903381643,7.09521912350598,7.28541474654378,77
"89",2018,4,7.4,9,7.25,7.52,7.53333333333333,NA,7.4,4,5,3,0,9,1128,477,651,210,251,877,7.24400709219858,7.82459119496855,6.81860215053763,7.17380952380952,7.09521912350598,7.28659064994299,78
"90",2018,5,8.33333333333333,3,9.5,6,6,9.5,6,2,1,1,2,1,1131,479,652,211,253,878,7.24689655172414,7.8315866388309,6.81734662576687,7.16824644549763,7.11422924901186,7.28512528473804,79
"91",2018,6,6.25,2,7.5,5,NA,NA,6.25,1,1,0,0,2,1133,480,653,211,253,880,7.24513680494263,7.83089583333333,6.81456355283308,7.16824644549763,7.11422924901186,7.28277272727273,80
"92",2018,7,6.625,4,6.25,7,8,NA,6.625,2,2,1,0,4,1137,482,655,212,253,884,7.24295514511873,7.82433609958506,6.81512977099236,7.17216981132075,7.11422924901186,7.2797963800905,81
"93",2018,8,7.3125,8,8,7.21428571428571,7,NA,7.3125,1,7,3,0,8,1145,483,662,215,253,892,7.24344104803493,7.82469979296066,6.8193504531722,7.16976744186046,7.11422924901186,7.28008968609865,82
"94",2018,9,6.4,5,6.33333333333333,6.5,NA,NA,6.4,3,2,0,0,5,1150,486,664,215,253,897,7.23977391304348,7.81549382716049,6.81838855421687,7.16976744186046,7.11422924901186,7.27518394648829,83
"95",2018,10,8.025,4,8,8.1,NA,8,8.03333333333333,3,1,0,1,3,1154,489,665,215,254,900,7.24249566724437,7.81662576687117,6.82031578947368,7.16976744186046,7.11771653543307,7.27771111111111,84
"96",2018,11,6.28125,8,7.625,4.9375,NA,8.5,4.95,4,4,0,3,5,1162,493,669,215,257,905,7.23587779690189,7.81507099391481,6.80905829596412,7.16976744186046,7.13385214007782,7.26485082872928,85
"97",2018,12,7.14285714285714,7,7.5,6.66666666666667,6.5,NA,7.14285714285714,4,3,2,0,7,1169,497,672,217,257,912,7.23532078699743,7.81253521126761,6.80842261904762,7.16359447004608,7.13385214007782,7.26391447368421,86
"98",2019,1,6.97833333333333,12,7.448,6.64285714285714,NA,NA,6.97833333333333,5,7,0,0,12,1181,502,679,217,257,924,7.23270956816257,7.80890438247012,6.80671575846833,7.16359447004608,7.13385214007782,7.26020562770563,87
"99",2019,2,7.324,10,7.868,6.78,7,7.9,7.26,5,5,1,1,9,1191,507,684,218,258,933,7.23347607052897,7.80948717948718,6.80652046783626,7.16284403669725,7.13682170542636,7.26020364415863,88
"100",2019,3,6.85,12,7.53333333333333,6.16666666666667,6.5,7,6.83636363636364,6,6,2,1,11,1203,513,690,220,259,944,7.22965087281796,7.80625730994152,6.80095652173913,7.15681818181818,7.13629343629344,7.25526483050847,89
"101",2019,4,6.75,2,NA,6.75,NA,NA,6.75,0,2,0,0,2,1205,513,692,220,259,946,7.22885477178423,7.80625730994152,6.80080924855491,7.15681818181818,7.13629343629344,7.25419661733615,90
"102",2019,5,7.2875,8,8.15,6.425,5.65,7.5,7.21666666666667,4,4,2,2,6,1213,517,696,222,261,952,7.22924154987634,7.808916827853,6.79864942528735,7.14324324324324,7.13908045977012,7.25396008403361,91
"103",2019,6,7.01,5,6.9375,7.3,NA,8,6.35,4,1,0,2,3,1218,521,697,222,263,955,7.22834154351396,7.80222648752399,6.79936872309899,7.14324324324324,7.14562737642586,7.25112041884817,92
"104",2019,7,7.36111111111111,36,8.3,7,3.25,5.375,7.609375,10,26,4,4,32,1254,531,723,226,267,987,7.23215311004785,7.81160075329567,6.8065836791148,7.07433628318584,7.11910112359551,7.26273556231003,93
"105",2019,8,6.07142857142857,7,7.5,5,8.5,7,5.91666666666667,3,4,1,1,6,1261,534,727,227,268,993,7.22570975416336,7.80985018726592,6.79664374140302,7.08061674008811,7.11865671641791,7.25460221550856,94
"106",2019,9,7.958,9,8.6555,7.4,NA,NA,7.958,4,5,0,0,9,1270,538,732,227,268,1002,7.23089921259842,7.8161375464684,6.8007650273224,7.08061674008811,7.11865671641791,7.26092015968064,95
"107",2019,10,7.63453594771242,153,8.23294117647059,6.88652941176471,7.11494736842105,7.48133333333333,7.67666666666667,85,68,19,33,120,1423,623,800,246,301,1122,7.274297962052,7.87300481540931,6.808055,7.08326829268293,7.15841860465116,7.30538502673797,96
"108",2019,11,7.4714944549763,211,8.17966980952381,6.77,7.29862735294118,7.45897435897436,7.47433331395349,105,106,34,39,172,1634,728,906,280,340,1294,7.29976213586291,7.91723534340659,6.80360264900662,7.10941903571429,7.19289411764706,7.32784183153014,97
"109",2019,12,7.51581606896552,145,7.97463597701149,6.82758620689655,7.09375,7.04086956521739,7.60535516393443,87,58,16,23,122,1779,815,964,296,363,1416,7.31737192804947,7.92336277300614,6.80504564315353,7.10857206081081,7.18326170798898,7.35175187853107,98
"110",2020,1,7.58183908045977,174,8.09278350515464,6.93818181818182,6.97222222222222,6.91666666666667,7.63111111111111,97,77,18,12,162,1953,912,1041,314,375,1578,7.34093428571428,7.94138230263158,6.81489337175792,7.10075582802548,7.17473066666667,7.38043134347275,99
"111",2020,2,7.35593220338983,118,7.99779411764706,6.483,6.5125,6.71904761904762,7.49381443298969,68,50,16,21,97,2071,980,1091,330,396,1675,7.34178882665379,7.94529659183674,6.79968285976168,7.07223433333333,7.15056565656566,7.38699740895522,100
"112",2020,3,7.41497523809524,105,7.79502121212121,6.77182051282051,6.62,7.27692307692308,7.43448260869565,66,39,10,13,92,2176,1046,1130,340,409,1767,7.34532034007353,7.93581458891014,6.79872123893805,7.05893332352941,7.15458190709047,7.38946975664969,101
"113",2020,4,7.65057471264368,87,8.01964285714286,6.98387096774194,7.04444444444444,7.58333333333333,7.65555555555556,56,31,18,6,81,2263,1102,1161,358,415,1848,7.35705570481661,7.9400744646098,6.80366494401378,7.05820483240223,7.16078072289157,7.40113260822511,102
"114",2020,5,7.53353178571429,84,8.0078014893617,6.93108108108108,6.9125,7.62222222222222,7.52288893333333,47,37,16,9,75,2347,1149,1198,374,424,1923,7.36337184916915,7.94284484769365,6.80760016694491,7.05197147058824,7.17057547169811,7.40588129485179,103
"115",2020,6,7.63066666666667,75,7.9936170212766,7.02142857142857,6.99166666666667,7.16428571428571,7.73770491803279,47,28,12,14,61,2422,1196,1226,386,438,1984,7.37164893889348,7.94484007525084,6.81248368678629,7.05009670984456,7.17037442922375,7.41608353326613,104
"116",2020,7,7.57734210526316,76,7.95272340425532,6.96896551724138,6.98,8.33333333333333,7.51254285714286,47,29,10,6,70,2498,1243,1255,396,444,2054,7.37790701761409,7.94513815768303,6.81609960159362,7.04832659090909,7.18609009009009,7.41937085199611,105
"117",2020,8,7.43558823529412,68,7.86621621621622,6.92161290322581,6.97941176470588,8,7.39079365079365,37,31,17,5,63,2566,1280,1286,413,449,2117,7.37943559236165,7.9428568203125,6.81864307931571,7.0454899031477,7.19515367483296,7.41852042040624,106
"118",2020,9,7.65075757575758,66,8.11538461538461,6.97962962962963,7.1,7.08125,7.72931034482759,39,27,7,8,58,2632,1319,1313,420,457,2175,7.38623925911854,7.94795809704322,6.821953541508,7.0463984047619,7.19315973741794,7.42680815172414,107
"119",2020,10,7.43171052631579,76,8.12394736842105,6.73947368421053,6.77,7.51666666666667,7.41578125,38,38,10,12,64,2708,1357,1351,430,469,2239,7.3875154098966,7.95288631540162,6.81963360473723,7.03997053488372,7.20143710021322,7.42649295667709,108
"120",2020,11,7.14855769230769,104,7.74166666666667,6.11842105263158,6.31818181818182,6.4,7.2281914893617,66,38,11,10,94,2812,1423,1389,441,479,2333,7.37867771337127,7.94308976106817,6.80044996400288,7.02196673469388,7.18470563674322,7.41850309901415,109
"121",2020,12,7.41791208791209,91,7.89480769230769,6.78205128205128,6.38888888888889,7.359,7.43450704225352,52,39,9,20,71,2903,1475,1428,450,499,2404,7.37990758870134,7.94138761355932,6.7999474789916,7.00930517777778,7.19169138276553,7.41897576123128,110
"122",2021,1,7.37988372093023,86,7.73229508196721,6.52,5.93846153846154,7.72727272727273,7.32893333333333,61,25,13,11,75,2989,1536,1453,463,510,2479,7.3799069019739,7.93308380859375,6.79513076393668,6.9792382937365,7.2032431372549,7.41625160548608,111
"123",2021,2,7.455,72,7.93976744186047,6.73620689655172,6.5,7.7,7.41548387096774,43,29,15,10,62,3061,1579,1482,478,520,2541,7.38167322116955,7.93326582013933,6.79397773279352,6.96419943514644,7.21279615384615,7.41623287288469,112
"124",2021,3,7.398395,54,7.8294790625,6.77136363636364,6.93636363636364,7.45,7.38666659090909,32,22,11,10,44,3115,1611,1504,489,530,2585,7.38196310112359,7.93120425822471,6.79364694148936,6.96357327198364,7.21727169811321,7.41572961702128,113
"125",2021,4,7.19967213114754,61,7.8427027027027,6.20833333333333,5.94444444444444,7.5,7.17859649122807,37,24,9,4,57,3176,1648,1528,498,534,2642,7.37846192065491,7.92921726941748,6.78445353403141,6.9451552811245,7.21938951310861,7.41061357305072,114
"126",2021,5,7.45454545454545,55,7.67741935483871,7.16666666666667,7.26666666666667,7.25,7.47058823529412,31,24,6,4,51,3231,1679,1552,504,538,2693,7.37975705973383,7.92456823108994,6.79036404639175,6.94898279761905,7.21961710037175,7.41174937244708,115
"127",2021,6,7.09285714285714,56,7.63846153846154,6.62,7.2,7.625,7.05192307692308,26,30,10,4,52,3287,1705,1582,514,542,2745,7.37486919987831,7.92020531378299,6.78713337547408,6.95386640077821,7.22260885608856,7.40493299089253,116
"128",2021,7,7.1046,50,7.44909090909091,6.83392857142857,6.83333333333333,8.04333333333333,7.04468085106383,22,28,6,3,47,3337,1727,1610,520,545,2792,7.37081961642193,7.91420385639838,6.78794720496894,6.95247563461538,7.22712660550459,7.39886857449857,117
"129",2021,8,7.47066666666667,45,7.7032,7.18,7.64,6.75,7.5409756097561,25,20,5,4,41,3382,1752,1630,525,549,2833,7.37214815493791,7.91119295662101,6.79275766871166,6.95902348571428,7.22365027322404,7.40092518884575,118
"130",2021,9,7.09098360655738,61,7.53125,6.25238095238095,7.2,7.25,7.06698113207547,40,21,6,8,53,3443,1792,1651,531,557,2886,7.36716673250073,7.90271208705357,6.78588431253786,6.96174638418079,7.22402872531418,7.39479246708247,119
"131",2021,10,7.11463768115942,69,7.35688888888889,6.66041666666667,6.30833333333333,8.16666666666667,7.01444444444444,45,24,6,6,63,3512,1837,1675,537,563,2949,7.36220531321184,7.88934135002722,6.78408656716418,6.95444567970205,7.23407460035524,7.38666702611054,120
"132",2021,11,7.49028169014085,71,7.81108695652174,6.9,6.525,7.06153846153846,7.58637931034483,46,25,8,13,58,3583,1883,1700,545,576,3007,7.3647432486743,7.88742966542751,6.78579117647059,6.94814188990826,7.23018055555556,7.39051914200199,121
"133",2021,12,7.45743243243243,74,7.92058823529412,6.4304347826087,5.93333333333333,6.625,7.505,51,23,9,4,70,3657,1934,1723,554,580,3077,7.36661882964178,7.88830406411582,6.78104759141033,6.93165583032491,7.22600689655172,7.39312351641209,122
"134",2022,1,7.49138024691358,81,7.62938695652174,7.31,7.14285714285714,7.6,7.48423421052632,46,35,7,5,76,3738,1980,1758,561,585,3153,7.36932232744783,7.88228881818182,6.79157849829352,6.93429114081996,7.22920341880342,7.39531965112591,123
"135",2022,2,7.4804347826087,69,7.99054054054054,6.890625,6.28888888888889,9.0375,7.38461538461539,37,32,9,4,65,3807,2017,1790,570,589,3218,7.37133618597321,7.88427459593456,6.79334916201117,6.92410057894737,7.24148387096774,7.39510343691734,124
"136",2022,3,7.40689655172414,58,7.98974358974359,6.21052631578947,6,7.41666666666667,7.40576923076923,39,19,5,6,52,3865,2056,1809,575,595,3270,7.37186982147477,7.88627522373541,6.7872277501382,6.91606492173913,7.24325042016807,7.39527304587156,125
"137",2022,4,7.37426470588235,68,7.77065217391304,6.54545454545455,6.64285714285714,7.2125,7.39583333333333,46,22,7,8,60,3933,2102,1831,582,603,3330,7.37191122807018,7.88374493815414,6.7843227744402,6.91277891752577,7.24284245439469,7.39528314114114,126
"138",2022,5,6.98148148148148,54,7.35714285714286,6.28947368421053,6.66666666666667,6.96666666666667,6.98444444444444,35,19,6,9,45,3987,2137,1850,588,612,3375,7.36662324053173,7.8751201965372,6.77924054054054,6.91026756802721,7.23878104575163,7.38980529185185,127
"139",2022,6,7.24846054545455,55,7.79866657142857,6.2856,6.34457142857143,6.875,7.27775156862745,35,20,7,4,51,4042,2172,1870,595,616,3426,7.36501538594755,7.87388820902394,6.77396096256684,6.90361231932773,7.23641883116883,7.38813724168126,128
"140",2022,7,7.46916393442623,61,7.65217073170732,7.094,7,7.325,7.49092452830189,41,20,4,8,53,4103,2213,1890,599,624,3479,7.36656378016086,7.86978047446905,6.77734761904762,6.90425597662771,7.23755448717949,7.38970313020983,129
"141",2022,8,7.22957746478873,71,7.54861111111111,6.90142857142857,6.7,6.60714285714286,7.29765625,36,35,5,7,64,4174,2249,1925,604,631,3543,7.36423363440345,7.86463947976879,6.77960363636364,6.90256511589404,7.23056101426307,7.38804041490262,130
"142",2022,9,7.29910714285714,56,7.51027027027027,6.8878947368421,7.4675,7.21,7.31183673469388,37,19,4,7,49,4230,2286,1944,608,638,3592,7.36337143971631,7.85890384514436,6.78066203703704,6.90628179276316,7.23033542319749,7.38700088808463,131
"143",2022,10,7.20728571428571,70,7.65139534883721,6.5,5.67777777777778,7.38888888888889,7.18049180327869,43,27,9,9,61,4300,2329,1971,617,647,3653,7.36083050930232,7.85507264491198,6.77681735159817,6.88836196110211,7.23254095826893,7.38355247467834,132
"144",2022,11,7.31435483870968,62,7.73769230769231,6.59652173913044,6.875,6.534,7.38280701754386,39,23,4,5,57,4362,2368,1994,621,652,3710,7.36016991976158,7.8531394383446,6.77473771313942,6.88827589371981,7.22718404907975,7.38354102156334,133
"145",2022,12,7.25240322580645,62,7.7014,6.67037037037037,6.175,7.518625,7.21296296296296,35,27,8,8,54,4424,2403,2021,629,660,3764,7.35865962703436,7.85092933416563,6.77334339435923,6.87920402225755,7.23071666666667,7.38109383368756,134
