"","year","month","avg_rating","no_ratings","avg_rating_owned","avg_rating_not_owned","avg_rating_prev_owned","avg_rating_comment","avg_rating_no_comment","no_ratings_owned","no_ratings_not_owned","no_ratings_prev_owned","no_ratings_comment","no_ratings_no_comment","cum_no_ratings","cum_no_ratings_owned","cum_no_ratings_not_owned","cum_no_ratings_prev_owned","cum_no_ratings_comment","cum_no_ratings_no_comment","cum_avg_rating","cum_avg_rating_owned","cum_avg_rating_not_owned","cum_avg_rating_prev_owned","cum_avg_rating_comment","cum_avg_rating_no_comment","month_after_release"
"1",2001,6,8,4,8,NA,NA,8,8,4,0,0,1,3,4,4,0,0,1,3,8,8,NA,NA,8,8,-11
"2",2001,7,8,1,8,NA,NA,NA,8,1,0,0,0,1,5,5,0,0,1,4,8,8,NA,NA,8,8,-10
"3",2001,8,8.5,2,8.5,NA,NA,NA,8.5,2,0,0,0,2,7,7,0,0,1,6,8.14285714285714,8.14285714285714,NA,NA,8,8.16666666666667,-9
"4",2001,9,7.5,2,7,8,NA,8,7,1,1,0,1,1,9,8,1,0,2,7,8,8,8,NA,8,8,-8
"5",2001,10,7,2,7,NA,NA,NA,7,2,0,0,0,2,11,10,1,0,2,9,7.81818181818182,7.8,8,NA,8,7.77777777777778,-7
"6",2001,11,8,4,8,NA,NA,8.5,7.5,4,0,0,2,2,15,14,1,0,4,11,7.86666666666667,7.85714285714286,8,NA,8.25,7.72727272727273,-6
"7",2001,12,8,2,8,8,NA,8,8,1,1,0,1,1,17,15,2,0,5,12,7.88235294117647,7.86666666666667,8,NA,8.2,7.75,-5
"8",2002,1,9,1,9,NA,NA,NA,9,1,0,0,0,1,18,16,2,0,5,13,7.94444444444444,7.9375,8,NA,8.2,7.84615384615385,-4
"9",2002,2,7.5,4,7.5,7.5,7.5,9,7,2,2,2,1,3,22,18,4,2,6,16,7.86363636363636,7.88888888888889,7.75,7.5,8.33333333333333,7.6875,-3
"10",2002,3,6.5,2,9,4,NA,NA,6.5,1,1,0,0,2,24,19,5,2,6,18,7.75,7.94736842105263,7,7.5,8.33333333333333,7.55555555555556,-2
"11",2002,4,7,2,7,NA,NA,NA,7,2,0,0,0,2,26,21,5,2,6,20,7.69230769230769,7.85714285714286,7,7.5,8.33333333333333,7.5,-1
"12",2002,5,7.5,4,8.33333333333333,5,NA,9,7,3,1,0,1,3,30,24,6,2,7,23,7.66666666666667,7.91666666666667,6.66666666666667,7.5,8.42857142857143,7.43478260869565,0
"13",2002,6,7.5,5,7.5,NA,NA,8,7.375,5,0,0,1,4,35,29,6,2,8,27,7.64285714285714,7.8448275862069,6.66666666666667,7.5,8.375,7.42592592592593,1
"14",2002,7,6.8,5,7,6.66666666666667,7,7,6.75,2,3,1,1,4,40,31,9,3,9,31,7.5375,7.79032258064516,6.66666666666667,7.33333333333333,8.22222222222222,7.33870967741935,2
"15",2002,8,7.6875,8,7.83333333333333,7.25,NA,7.83333333333333,7.6,6,2,0,3,5,48,37,11,3,12,36,7.5625,7.7972972972973,6.77272727272727,7.33333333333333,8.125,7.375,3
"16",2002,9,7.25,4,8,6.5,7,NA,7.25,2,2,1,0,4,52,39,13,4,12,40,7.53846153846154,7.80769230769231,6.73076923076923,7.25,8.125,7.3625,4
"17",2002,10,7.25,4,7.25,NA,NA,7.5,7,4,0,0,2,2,56,43,13,4,14,42,7.51785714285714,7.75581395348837,6.73076923076923,7.25,8.03571428571429,7.34523809523809,5
"18",2002,11,7.28571428571429,7,7.28571428571429,NA,NA,8,6.33333333333333,7,0,0,4,3,63,50,13,4,18,45,7.49206349206349,7.69,6.73076923076923,7.25,8.02777777777778,7.27777777777778,6
"19",2002,12,7.4375,8,7.58333333333333,7,NA,7.25,7.5,6,2,0,2,6,71,56,15,4,20,51,7.48591549295775,7.67857142857143,6.76666666666667,7.25,7.95,7.30392156862745,7
"20",2003,1,6.66666666666667,3,6.66666666666667,NA,NA,5,7.5,3,0,0,1,2,74,59,15,4,21,53,7.4527027027027,7.6271186440678,6.76666666666667,7.25,7.80952380952381,7.31132075471698,8
"21",2003,2,7.375,8,7.6,7,NA,6.66666666666667,7.8,5,3,0,3,5,82,64,18,4,24,58,7.44512195121951,7.625,6.80555555555556,7.25,7.66666666666667,7.35344827586207,9
"22",2003,3,7.14285714285714,7,7.14285714285714,NA,NA,6.33333333333333,7.75,7,0,0,3,4,89,71,18,4,27,62,7.42134831460674,7.57746478873239,6.80555555555556,7.25,7.51851851851852,7.37903225806452,10
"23",2003,4,7.5,6,7.4,8,NA,8,7.4,5,1,0,1,5,95,76,19,4,28,67,7.42631578947368,7.56578947368421,6.86842105263158,7.25,7.53571428571429,7.38059701492537,11
"24",2003,5,7.70588235294118,17,7.85714285714286,7,7,8,7.375,14,3,1,9,8,112,90,22,5,37,75,7.46875,7.61111111111111,6.88636363636364,7.2,7.64864864864865,7.38,12
"25",2003,6,8.09090909090909,11,8,8.5,8,8.25,8,9,2,1,4,7,123,99,24,6,41,82,7.52439024390244,7.64646464646465,7.02083333333333,7.33333333333333,7.70731707317073,7.43292682926829,13
"26",2003,7,7.5546875,32,7.75,6.85714285714286,7,8,7.3804347826087,25,7,1,9,23,155,124,31,7,50,105,7.53064516129032,7.66733870967742,6.98387096774194,7.28571428571429,7.76,7.42142857142857,14
"27",2003,8,7,15,7.44444444444444,6.33333333333333,7,7.5,6.66666666666667,9,6,1,6,9,170,133,37,8,56,114,7.48382352941176,7.65225563909774,6.87837837837838,7.25,7.73214285714286,7.36184210526316,15
"28",2003,9,7.3125,16,7.58333333333333,6.5,NA,7.4,7.27272727272727,12,4,0,5,11,186,145,41,8,61,125,7.46908602150538,7.64655172413793,6.84146341463415,7.25,7.70491803278689,7.354,16
"29",2003,10,7.66666666666667,6,7.66666666666667,NA,NA,7,7.8,6,0,0,1,5,192,151,41,8,62,130,7.47526041666667,7.64735099337748,6.84146341463415,7.25,7.69354838709677,7.37115384615385,17
"30",2003,11,7.46,5,7.825,6,6,7.65,7.33333333333333,4,1,1,2,3,197,155,42,9,64,133,7.4748730964467,7.65193548387097,6.82142857142857,7.11111111111111,7.6921875,7.3703007518797,18
"31",2003,12,7.43333333333333,15,7.5,7.16666666666667,NA,6.75,7.68181818181818,12,3,0,4,11,212,167,45,9,68,144,7.47193396226415,7.64101796407186,6.84444444444444,7.11111111111111,7.63676470588235,7.39409722222222,19
"32",2004,1,7.19230769230769,13,7.29166666666667,6,NA,6.5,7.5,12,1,0,4,9,225,179,46,9,72,153,7.45577777777778,7.61759776536313,6.82608695652174,7.11111111111111,7.57361111111111,7.40032679738562,20
"33",2004,2,7.26470588235294,17,7.23333333333333,7.5,NA,7.71428571428571,6.95,15,2,0,7,10,242,194,48,9,79,163,7.44235537190083,7.58788659793814,6.85416666666667,7.11111111111111,7.58607594936709,7.37269938650307,21
"34",2004,3,7.40909090909091,22,7.38888888888889,7.5,NA,7.57142857142857,7.33333333333333,18,4,0,7,15,264,212,52,9,86,178,7.43958333333333,7.57099056603774,6.90384615384615,7.11111111111111,7.58488372093023,7.36938202247191,22
"35",2004,4,6.9,15,7.31818181818182,5.75,6,7.375,6.72727272727273,11,4,1,4,11,279,223,56,10,90,189,7.41057347670251,7.5585201793722,6.82142857142857,7,7.57555555555555,7.33201058201058,23
"36",2004,5,7.07894736842105,19,7.3,6.25,7,7.22222222222222,6.95,15,4,1,9,10,298,238,60,11,99,199,7.38942953020134,7.5422268907563,6.78333333333333,7,7.54343434343434,7.31281407035176,24
"37",2004,6,7.2,12,7.8,6,NA,7.06666666666667,7.33333333333333,8,4,0,6,6,310,246,64,11,105,205,7.38209677419355,7.55060975609756,6.734375,7,7.51619047619048,7.31341463414634,25
"38",2004,7,7.09,20,7.3,6.25,NA,7.4,6.92307692307692,16,4,0,7,13,330,262,68,11,112,218,7.36439393939394,7.53530534351145,6.70588235294118,7,7.50892857142857,7.2901376146789,26
"39",2004,8,6.88888888888889,9,7.16666666666667,6.33333333333333,8,7,6.8,6,3,1,4,5,339,268,71,12,116,223,7.35176991150443,7.52705223880597,6.69014084507042,7.08333333333333,7.49137931034483,7.27914798206278,27
"40",2004,9,6.76666666666667,15,7.07692307692308,4.75,NA,5.8,7.25,13,2,0,5,10,354,281,73,12,121,233,7.32697740112994,7.50622775800712,6.63698630136986,7.08333333333333,7.42148760330578,7.27789699570815,28
"41",2004,10,7.16666666666667,27,7.23809523809524,6.91666666666667,7.25,7.33333333333333,7.08333333333333,21,6,2,9,18,381,302,79,14,130,251,7.31561679790026,7.48758278145695,6.65822784810127,7.10714285714286,7.41538461538461,7.26394422310757,29
"42",2004,11,6.85714285714286,21,6.83333333333333,7,8,6.4375,7.11538461538461,18,3,1,8,13,402,320,82,15,138,264,7.29166666666667,7.45078125,6.67073170731707,7.16666666666667,7.35869565217391,7.25662878787879,30
"43",2004,12,7.7,10,7.875,7,7,8.16666666666667,7,8,2,1,6,4,412,328,84,16,144,268,7.30157766990291,7.46112804878049,6.67857142857143,7.15625,7.39236111111111,7.25279850746269,31
"44",2005,1,6.47727272727273,22,6.96428571428571,5.625,NA,6.0625,6.71428571428571,14,8,0,8,14,434,342,92,16,152,282,7.25979262672811,7.44078947368421,6.58695652173913,7.15625,7.32236842105263,7.22606382978723,32
"45",2005,2,7.325,20,7.5,6.8,6,7.11111111111111,7.5,15,5,1,9,11,454,357,97,17,161,293,7.26266519823789,7.44327731092437,6.5979381443299,7.08823529411765,7.31055900621118,7.23634812286689,33
"46",2005,3,7.23888888888889,18,7.40769230769231,6.8,6.33333333333333,7.28571428571429,7.20909090909091,13,5,3,7,11,472,370,102,20,168,304,7.26175847457627,7.44202702702703,6.6078431372549,6.975,7.30952380952381,7.23536184210526,34
"47",2005,4,6.36666666666667,15,6.75,5.6,6.5,6.3125,6.42857142857143,10,5,1,8,7,487,380,107,21,176,311,7.23418891170431,7.42381578947368,6.5607476635514,6.95238095238095,7.26420454545455,7.21720257234727,35
"48",2005,5,7.26470588235294,17,7.32142857142857,7,8,7.5625,7,14,3,1,8,9,504,394,110,22,184,320,7.23521825396826,7.42017766497462,6.57272727272727,7,7.27717391304348,7.21109375,36
"49",2005,6,7.34375,16,7.72727272727273,6.5,NA,7.16666666666667,7.57142857142857,11,5,0,9,7,520,405,115,22,193,327,7.23855769230769,7.42851851851852,6.5695652173913,7,7.2720207253886,7.21880733944954,37
"50",2005,7,7.22222222222222,18,7.63636363636364,6.57142857142857,6.66666666666667,7.5,7,11,7,3,8,10,538,416,122,25,201,337,7.23801115241636,7.43401442307692,6.56967213114754,6.96,7.28109452736318,7.21231454005935,38
"51",2005,8,7.11521739130435,23,7.31388888888889,6.4,NA,7.045,7.16923076923077,18,5,0,10,13,561,434,127,25,211,350,7.23297682709448,7.42903225806452,6.56299212598425,6.96,7.26990521327014,7.21071428571429,39
"52",2005,9,7.13888888888889,18,7.46428571428571,6,7,7.16666666666667,7.11111111111111,14,4,1,9,9,579,448,131,26,220,359,7.2300518134715,7.43013392857143,6.54580152671756,6.96153846153846,7.26568181818182,7.20821727019499,40
"53",2005,10,6.855,20,7.28181818181818,6.33333333333333,6.25,7.16,6.55,11,9,4,10,10,599,459,140,30,230,369,7.21752921535893,7.42657952069717,6.53214285714286,6.86666666666667,7.26108695652174,7.19037940379404,41
"54",2005,11,6.53333333333333,15,6.88888888888889,6,5,7,6.41666666666667,9,6,1,3,12,614,468,146,31,233,381,7.20081433224756,7.41623931623932,6.51027397260274,6.80645161290323,7.25772532188841,7.16601049868766,42
"55",2005,12,7.23653846153846,26,7.54166666666667,6.55,7,7.26666666666667,7.19545454545455,18,8,2,15,11,640,486,154,33,248,392,7.202265625,7.42088477366255,6.51233766233766,6.81818181818182,7.25826612903226,7.16683673469388,43
"56",2006,1,7.034375,32,7.42083333333333,5.875,6.5,6.93636363636364,7.08571428571429,24,8,2,11,21,672,510,162,35,259,413,7.19427083333334,7.42088235294118,6.48086419753086,6.8,7.24459459459459,7.16271186440678,44
"57",2006,2,7.06666666666667,15,7.5,6.2,6,6.94444444444444,7.25,10,5,1,9,6,687,520,167,36,268,419,7.19148471615721,7.42240384615385,6.47245508982036,6.77777777777778,7.23451492537313,7.16396181384248,45
"58",2006,3,6.92105263157895,19,7.625,5.71428571428571,NA,6.55,7.33333333333333,12,7,0,10,9,706,532,174,36,278,428,7.18420679886686,7.42697368421053,6.44195402298851,6.77777777777778,7.20989208633094,7.16752336448598,46
"59",2006,4,7.16666666666667,18,7.26923076923077,6.9,6.5,7.33333333333333,7.13333333333333,13,5,2,3,15,724,545,179,38,281,443,7.18377071823205,7.42321100917431,6.45474860335196,6.76315789473684,7.21120996441281,7.16636568848759,47
"60",2006,5,6.9375,16,7.38461538461539,5,NA,6.77272727272727,7.3,13,3,0,11,5,740,558,182,38,292,448,7.17844594594595,7.42231182795699,6.43076923076923,6.76315789473684,7.19469178082192,7.16785714285714,48
"61",2006,6,6.9,22,6.92,6.85714285714286,7,6.875,6.93,15,7,2,12,10,762,573,189,40,304,458,7.17040682414698,7.40916230366492,6.44656084656085,6.775,7.18207236842105,7.16266375545852,49
"62",2006,7,7.09130434782609,23,7.375,6.78181818181818,7.5,7.30769230769231,6.81,12,11,2,13,10,785,585,200,42,317,468,7.16808917197452,7.40846153846154,6.465,6.80952380952381,7.18722397476341,7.15512820512821,50
"63",2006,8,7.005,20,7.07857142857143,6.83333333333333,6.5,6.88888888888889,7.1,14,6,2,9,11,805,599,206,44,326,479,7.16403726708075,7.40075125208681,6.47572815533981,6.79545454545455,7.17898773006135,7.15386221294363,51
"64",2006,9,7.28076923076923,26,7.47368421052632,6.75714285714286,6,7.45454545454545,7.15333333333333,19,7,1,11,15,831,618,213,45,337,494,7.16768953068592,7.40299352750809,6.4849765258216,6.77777777777778,7.1879821958457,7.15384615384616,52
"65",2006,10,6.64285714285714,14,7.21428571428571,6.07142857142857,6,7.5,6.40909090909091,7,7,1,3,11,845,625,220,46,340,505,7.15899408284024,7.40088,6.47181818181818,6.76086956521739,7.19073529411765,7.13762376237624,53
"66",2006,11,6.68533333333333,21,7.57181818181818,5.7102,NA,6.87688888888889,6.54166666666667,11,10,0,9,12,866,636,230,46,349,517,7.14750808314088,7.40383647798742,6.43870434782609,6.76086956521739,7.18264183381089,7.12379110251451,54
"67",2006,12,6.83035714285714,28,6.86111111111111,6.775,8,7.66666666666667,6.60227272727273,18,10,1,6,22,894,654,240,47,355,539,7.13757494407159,7.38889908256881,6.45271666666667,6.78723404255319,7.19082253521127,7.10250463821892,55
"68",2007,1,6.72368421052632,38,7.02083333333333,6.21428571428571,6.66666666666667,6.86666666666667,6.6304347826087,24,14,3,15,23,932,678,254,50,370,562,7.12069957081545,7.37587020648968,6.43957480314961,6.78,7.17768108108108,7.08318505338078,56
"69",2007,2,6.85675407407407,27,7.215625,6.33476,6.5,6.78125,6.88854526315789,16,11,2,8,19,959,694,265,52,378,581,7.113268362878,7.3721757925072,6.435224,6.76923076923077,7.169291005291,7.07681989672978,57
"70",2007,3,7.02380952380952,21,7.25,6.3,5,7.125,6.96153846153846,16,5,1,8,13,980,710,270,53,386,594,7.1113513877551,7.36942253521127,6.43271985185185,6.73584905660377,7.16837305699482,7.0742969023569,58
"71",2007,4,6.98958333333333,24,7.33823529411765,6.14285714285714,NA,6.725,7.17857142857143,17,7,0,10,14,1004,727,277,53,396,608,7.10844059760956,7.36869325997249,6.42539480144404,6.73584905660377,7.15717676767677,7.07669796052632,59
"72",2007,5,6.28125,16,6.5,6.0625,6.66666666666667,6.28571428571429,6.27777777777778,8,8,3,7,9,1020,735,285,56,403,617,7.09546505882353,7.3592380952381,6.41520828070175,6.73214285714286,7.14203970223325,7.06504434359806,60
"73",2007,6,6.82307692307692,26,7.33125,6.01,5.75,7.57142857142857,6.54736842105263,16,10,4,7,19,1046,751,295,60,410,636,7.08869441682601,7.35864181091878,6.40147240677966,6.66666666666667,7.14937073170732,7.04957918238994,61
"74",2007,7,6.688,25,6.94615384615385,6.40833333333333,7.5,6.51818181818182,6.82142857142857,13,12,2,11,14,1071,764,307,62,421,650,7.07934113912232,7.35162303664922,6.40174058631922,6.69354838709677,7.13287885985748,7.04466516923077,62
"75",2007,8,6.8,25,7.22222222222222,5.71428571428571,8,7.15,6.56666666666667,18,7,1,10,15,1096,782,314,63,431,665,7.07296930656934,7.34864450127877,6.38641515923567,6.71428571428571,7.13327610208817,7.0338832481203,63
"76",2007,9,6.8,15,7.1875,6.35714285714286,7,7,6.7,8,7,1,5,10,1111,790,321,64,436,675,7.06928385238524,7.34701265822785,6.38577682242991,6.71875,7.13174770642202,7.02893682962963,64
"77",2007,10,6.68565217391304,23,7.06666666666667,5.97125,6.4175,7.5,6.39823529411765,15,8,4,6,17,1134,805,329,68,442,692,7.06150296296296,7.34178881987578,6.37569714285714,6.70102941176471,7.13674660633484,7.01344271676301,65
"78",2007,11,6.63513513513514,37,6.89473684210526,6.36111111111111,6.875,7.04166666666667,6.44,19,18,4,12,25,1171,824,347,72,454,717,7.04803105038429,7.33148058252427,6.37494051873199,6.71069444444444,7.13423348017621,6.99344820083682,66
"79",2007,12,6.45111111111111,45,6.7962962962963,5.93333333333333,7,6.54,6.38,27,18,3,20,25,1216,851,365,75,474,742,7.02594108552632,7.31450058754407,6.35316263013699,6.72226666666667,7.10916033755274,6.97277946091644,67
"80",2008,1,6.81818181818182,33,6.95652173913043,6.5,6.33333333333333,6.85714285714286,6.78947368421053,23,10,3,14,19,1249,874,375,78,488,761,7.02045184947958,7.30508009153318,6.35707829333333,6.70730769230769,7.10193032786885,6.96820283837057,68
"81",2008,2,6.78,20,7.13333333333333,6.25,7,6.82727272727273,6.72222222222222,12,8,2,11,9,1269,886,383,80,499,770,7.01666222222222,7.3027539503386,6.35484167101828,6.714625,7.09587575150301,6.96532774025974,69
"82",2008,3,6.9,21,6.84,6.95454545454545,6,6.6,7.125,10,11,1,9,12,1290,896,394,81,508,782,7.01476306976744,7.29758928571429,6.37158467005076,6.7058024691358,7.0870905511811,6.9677779539642,70
"83",2008,4,7.265625,16,7.60416666666667,6.25,7,7.58333333333333,6.85714285714286,12,4,3,9,7,1306,908,398,84,517,789,7.01783641653905,7.301640969163,6.37036271356784,6.71630952380952,7.09572920696325,6.96679640050697,71
"84",2008,5,6.92608695652174,23,7.41428571428571,6.16666666666667,5.66666666666667,6.5,7.2,14,9,3,9,14,1329,922,407,87,526,803,7.0162485778781,7.30335140997831,6.36585837837838,6.68011494252874,7.085536121673,6.97086221668742,72
"85",2008,6,6.75,16,7.2,6,7.5,7.42857142857143,6.22222222222222,10,6,1,7,9,1345,932,413,88,533,812,7.01308130855019,7.30224248927039,6.36054324455206,6.68943181818182,7.09004127579737,6.96256448275862,73
"86",2008,7,6.72,20,7.2,6,5.25,6.55714285714286,6.80769230769231,12,8,4,7,13,1365,944,421,92,540,825,7.00878707692308,7.30094279661017,6.35369206650831,6.62684782608696,7.08313333333333,6.96012407272727,74
"87",2008,8,6.80357142857143,28,6.95833333333333,6.6875,6.57142857142857,6.78333333333333,6.80909090909091,12,16,7,6,22,1393,956,437,99,546,847,7.00466213926777,7.29664225941423,6.36591386727689,6.62292929292929,7.07983882783883,6.95620113341204,75
"88",2008,9,6.5421875,32,6.685,6.30416666666667,5.82222222222222,6.759375,6.325,20,12,9,16,16,1425,976,449,108,562,863,6.99427674385965,7.28410860655738,6.36426360801782,6.5562037037037,7.0707153024911,6.94449867902665,76
"89",2008,10,6.86944444444444,18,7.06818181818182,6.55714285714286,6.78,7.27142857142857,6.61363636363636,11,7,5,7,11,1443,987,456,113,569,874,6.99271958419958,7.28170212765957,6.36722447368421,6.56610619469027,7.07318453427065,6.94033450800915,77
"90",2008,11,6.54782608695652,23,7.30769230769231,5.56,6.52,5.77777777777778,7.04285714285714,13,10,5,9,14,1466,1000,466,118,578,888,6.98573967257844,7.28204,6.34990206008584,6.56415254237288,7.05301384083045,6.94195085585586,78
"91",2008,12,6.54814814814815,27,6.85294117647059,6.03,5.75,6.8,6.4,17,10,4,10,17,1493,1017,476,122,588,905,6.97782609511051,7.27486725663717,6.34318142857143,6.53745901639344,7.04871088435374,6.93177056353591,79
"92",2009,1,6.88793103448276,29,7.31944444444444,6.18181818181818,5.75,7.30555555555556,6.7,18,11,4,9,20,1522,1035,487,126,597,925,6.9761132457293,7.27564251207729,6.33953667351129,6.51246031746032,7.05258291457287,6.92675930810811,80
"93",2009,2,6.3,44,6.58181818181818,6.01818181818182,6.5,5.4,6.41538461538462,22,22,2,5,39,1566,1057,509,128,602,964,6.957116449553,7.26120151371807,6.32564707269155,6.512265625,7.03885714285714,6.90607091286307,81
"94",2009,3,7.04027777777778,36,7.48863636363636,6.33571428571429,6.2,7,7.05178571428571,22,14,5,8,28,1602,1079,523,133,610,992,6.95898524344569,7.26583873957368,6.3259165583174,6.50052631578947,7.03834754098361,6.91018383064516,82
"95",2009,4,6.58723404255319,47,7.19375,6.2741935483871,5.5,6.06,6.72972972972973,16,31,4,10,37,1649,1095,554,137,620,1029,6.9483895451789,7.26478538812785,6.32302231046931,6.47131386861314,7.02256774193549,6.90369519922255,83
"96",2009,5,6.766,45,7.06047619047619,6.50833333333333,6.875,6.80166666666667,6.7530303030303,21,24,8,12,33,1694,1116,578,145,632,1062,6.94354448642267,7.26094086021505,6.33071688581315,6.49358620689655,7.01837341772152,6.89901352165725,84
"97",2009,6,6.86451612903226,31,7.12666666666667,6.61875,7.17142857142857,7.275,6.72173913043478,15,16,7,8,23,1725,1131,594,152,640,1085,6.94212426666667,7.25916003536693,6.33847535353535,6.52480263157895,7.02158125,6.89525563133641,85
"98",2009,7,6.51212121212121,33,6.94210526315789,5.92857142857143,5.72222222222222,6.13636363636364,6.7,19,14,9,11,22,1758,1150,608,161,651,1107,6.93405253697383,7.25392173913044,6.32903677631579,6.47993788819876,7.00662365591398,6.89137521228546,86
"99",2009,8,7.07407407407407,27,7.17647058823529,6.9,8,7.66666666666667,7,17,10,2,3,24,1785,1167,618,163,654,1131,6.93617050980392,7.25279348757498,6.33827566343042,6.49858895705521,7.00965137614679,6.89368024756852,87
"100",2009,9,6.69025806451613,31,6.875,6.4932,6.75,6.414,6.77083333333333,16,15,4,7,24,1816,1183,633,167,661,1155,6.93197266519824,7.24768385460693,6.34194685624013,6.50461077844311,7.00334341906203,6.89112758441559,88
"101",2009,10,6.73,30,6.72666666666667,6.73333333333333,6.5,6.4375,6.83636363636364,15,15,4,8,22,1846,1198,648,171,669,1177,6.92869033586132,7.24116026711185,6.35100672839506,6.50450292397661,6.99657698056801,6.89010395921835,89
"102",2009,11,6.28571428571429,42,6.85,5.77272727272727,6.28571428571429,6.05555555555556,6.34848484848485,20,22,7,9,33,1888,1218,670,178,678,1210,6.91438684322034,7.23473727422003,6.33201844776119,6.49589887640449,6.98408554572272,6.87533252892562,90
"103",2009,12,6.71451612903226,31,7.46428571428571,6.09705882352941,6.05555555555556,6.90384615384615,6.57777777777778,14,17,9,13,18,1919,1232,687,187,691,1228,6.91115808233455,7.23734577922078,6.32620430858806,6.47470588235294,6.98257597684515,6.8709709771987,91
"104",2010,1,6.68,35,6.90454545454545,6.3,6,6.65833333333333,6.69130434782609,22,13,4,12,23,1954,1254,700,191,703,1251,6.90701758444217,7.23150717703349,6.32571765714286,6.46476439790576,6.9770412517781,6.86766775379696,92
"105",2010,2,6.47741935483871,31,7.02777777777778,5.71538461538462,6.66666666666667,6.88333333333333,6.38,18,13,3,6,25,1985,1272,713,194,709,1276,6.90030849370277,7.22862421383648,6.31458956521739,6.46788659793814,6.97624823695346,6.85811313479624,93
"106",2010,3,7.07692307692308,26,7.24375,6.81,6.625,7.75,7.02083333333333,16,10,4,2,24,2011,1288,723,198,711,1300,6.90259192441571,7.22881211180124,6.32144171507607,6.47106060606061,6.97842475386779,6.8611172,94
"107",2010,4,7.64285714285714,14,7.8,7.25,8,7.66666666666667,7.625,10,4,1,6,8,2025,1298,727,199,717,1308,6.90770980740741,7.2332126348228,6.32655070151307,6.47874371859296,6.98418410041841,6.86578926605505,95
"108",2010,5,7,19,7.11538461538461,6.75,6.875,7.25,6.91071428571429,13,6,2,5,14,2044,1311,733,201,722,1322,6.90856769080235,7.23204424103738,6.3300168622101,6.48268656716418,6.98602493074792,6.86626502269289,96
"109",2010,6,6.92647058823529,17,7.16111111111111,6.6625,7,7.04285714285714,6.845,9,8,2,7,10,2061,1320,741,203,729,1332,6.90871536147501,7.23156060606061,6.33360642375169,6.48778325123153,6.98657064471879,6.86610537537538,97
"110",2010,7,6.51875,16,7.35,5.6875,5.33333333333333,6.4,6.57272727272727,8,8,3,5,11,2077,1328,749,206,734,1343,6.90571129513721,7.23227409638554,6.32670542056075,6.47097087378641,6.98257493188011,6.86370242740134,98
"111",2010,8,6.18055555555556,18,7.6,4.40625,5.33333333333333,4.9375,6.53571428571429,10,8,3,4,14,2095,1338,757,209,738,1357,6.89948084009546,7.23502242152466,6.30640998678996,6.45464114832536,6.97149051490515,6.86031861459101,99
"112",2010,9,6.62352941176471,17,6.73,6.47142857142857,5.5,5.5,6.77333333333333,10,7,2,2,15,2112,1348,764,211,740,1372,6.89725964015151,7.23127596439169,6.30792193717278,6.44559241706161,6.96751351351351,6.85936760932945,100
"113",2010,10,6.596875,16,7.08,5.79166666666667,6,7.0625,6.44166666666667,10,6,1,4,12,2128,1358,770,212,744,1384,6.89500110902255,7.23016200294551,6.30389916883117,6.44349056603774,6.96802419354839,6.85574592485549,101
"114",2010,11,6.97878787878788,33,7.375,6.36923076923077,NA,7.1875,6.912,20,13,0,8,25,2161,1378,783,212,752,1409,6.89628059231837,7.23226415094339,6.30498385696041,6.44349056603774,6.97035904255319,6.85674404542228,102
"115",2010,12,6.60161290322581,31,6.75714285714286,6.47352941176471,6.66666666666667,6.13636363636364,6.8575,14,17,6,11,20,2192,1392,800,218,763,1429,6.8921133029197,7.22748563218391,6.30856545,6.44963302752294,6.95833551769332,6.85675462561231,103
"116",2011,1,6.51666666666667,24,6.66666666666667,6.26666666666667,6.13333333333333,6.375,6.545,15,9,3,4,20,2216,1407,809,221,767,1449,6.88804709386281,7.22150675195451,6.30809933250927,6.44533936651584,6.95529335071708,6.8524515942029,104
"117",2011,2,7.0390625,32,7.45,6.43846153846154,7,7.07777777777778,7.02391304347826,19,13,1,9,23,2248,1426,822,222,776,1472,6.89019677935943,7.22455119214586,6.31016102189781,6.44783783783784,6.95671391752577,6.85513067934782,105
"118",2011,3,7.05294117647059,17,7.325,6.4,6,7.6,6.825,12,5,3,5,12,2265,1438,827,225,781,1484,6.89141826048565,7.22538942976356,6.31070418379686,6.44186666666667,6.96083226632522,6.85488703504043,106
"119",2011,4,6.61421428571429,14,6.18333333333333,6.937375,7,7.15,6.52491666666667,6,8,1,2,12,2279,1444,835,226,783,1496,6.88971538394032,7.2210595567867,6.31670821556886,6.44433628318584,6.96131545338442,6.85224021390374,107
"120",2011,5,6.7,16,7.3125,6.0875,6,7.375,6.475,8,8,3,4,12,2295,1452,843,229,787,1508,6.88839274945533,7.22156336088154,6.31453304863582,6.4385152838428,6.96341804320203,6.84923830238727,108
"121",2011,6,7.12,10,7.24444444444444,6,6,7.31428571428571,6.66666666666667,9,1,1,7,3,2305,1461,844,230,794,1511,6.88939755314533,7.22170431211499,6.31416037914692,6.43660869565217,6.9665113350126,6.84887581733951,109
"122",2011,7,6.85869473684211,19,7.34565,6.50454545454545,6.33333333333333,6.82142857142857,6.88043333333333,8,11,3,7,12,2324,1469,855,233,801,1523,6.8891465404475,7.2223793056501,6.31660977777778,6.43527896995708,6.96524344569288,6.84912446487196,110
"123",2011,8,6.71034482758621,29,7.175,6.38235294117647,6.25,7.12222222222222,6.525,12,17,4,9,20,2353,1481,872,237,810,1543,6.88694286442839,7.22199540850776,6.31789146788991,6.43215189873418,6.96698765432099,6.8449232404407,111
"124",2011,9,6.79,20,8.01666666666667,6.26428571428571,6.83333333333333,7.32857142857143,6.5,6,14,6,7,13,2373,1487,886,243,817,1556,6.88612581542351,7.22520188298588,6.31704442437923,6.44205761316872,6.97008567931457,6.84204149100257,112
"125",2011,10,6.69444444444444,18,6.81818181818182,6.5,6,6.5,6.73333333333333,11,7,4,3,15,2391,1498,893,247,820,1571,6.88468279381012,7.22221308411215,6.31847856662934,6.4348987854251,6.96836585365854,6.84100353914704,113
"126",2011,11,6.7,19,6.70833333333333,6.68571428571429,6,7.125,6.58666666666667,12,7,1,4,15,2410,1510,900,248,824,1586,6.88322678838174,7.21812927152318,6.32133484444444,6.43314516129032,6.96912621359223,6.83859808322824,114
"127",2011,12,6.42105263157895,19,6.71428571428571,6.25,5.93333333333333,6.55,6.38666666666667,7,12,3,4,15,2429,1517,912,251,828,1601,6.87961159324825,7.21580435069215,6.32039622807018,6.42717131474104,6.96710144927536,6.83436387257963,115
"128",2012,1,6.84423076923077,26,7.13,6.45454545454545,6.25,6.38571428571429,7.01315789473684,15,11,4,7,19,2455,1532,923,255,835,1620,6.8792368879837,7.21496422976501,6.32199497291441,6.42439215686275,6.96222754491018,6.83646083950617,116
"129",2012,2,6.96428571428571,14,7.5625,6.16666666666667,6.5,6,7.03846153846154,8,6,2,1,13,2469,1540,929,257,836,1633,6.87971914135277,7.21676961038961,6.32099177610334,6.42498054474708,6.96107655502392,6.83806892835272,117
"130",2012,3,6.54117647058824,17,7.33636363636364,5.08333333333333,4,5.33333333333333,6.8,11,6,2,3,14,2486,1551,935,259,839,1647,6.87740408688656,7.21761779497099,6.3130495828877,6.40625482625483,6.95525625744935,6.83774533090467,118
"131",2012,4,6.4375,8,6.64285714285714,5,5,7,6.25,7,1,1,2,6,2494,1558,936,260,841,1653,6.87599300721732,7.21503543003851,6.31164675213675,6.40084615384615,6.95536266349584,6.83561195402299,119
"132",2012,5,7.01111111111111,18,7.05,6.875,NA,6.8,7.07142857142857,14,4,0,4,14,2512,1572,940,260,845,1667,6.87696121019108,7.21356564885496,6.314044,6.40084615384615,6.95462721893491,6.83759241751649,120
"133",2012,6,6.46428571428571,14,6.92857142857143,6,6,6.7,6.33333333333333,7,7,5,5,9,2526,1579,947,265,850,1676,6.87467401425178,7.21230221659278,6.31172266103485,6.39328301886792,6.95312941176471,6.8348845823389,121
"134",2012,7,6.49,11,6.3,6.64833333333333,7.5,6,6.59888888888889,5,6,2,2,9,2537,1584,953,267,852,1685,6.87300613322822,7.20942247474748,6.31384193074502,6.40157303370786,6.95089201877934,6.83362407121661,122
"135",2012,8,6.61111111111111,9,7,5.83333333333333,5,6,6.91666666666667,6,3,2,3,6,2546,1590,956,269,855,1691,6.87208034564022,7.20863220125786,6.31233405857741,6.39115241635688,6.94755555555556,6.83391872264932,123
"136",2012,9,6.41666666666667,12,7.66666666666667,6,5.5,5.5,7.33333333333333,3,9,3,6,6,2558,1593,965,272,861,1697,6.86994392494136,7.20949478970496,6.3094210984456,6.38132352941177,6.93746806039489,6.83568447849145,124
"137",2012,10,6.57692307692308,13,6.95,5.33333333333333,NA,6.5,6.59090909090909,10,3,0,2,11,2571,1603,968,272,863,1708,6.86846229482691,7.20787598253275,6.30639603305785,6.38132352941177,6.93645422943221,6.83410805620609,125
"138",2012,11,7.09375,8,6.96428571428571,8,NA,6.75,7.14285714285714,7,1,0,1,7,2579,1610,969,272,864,1715,6.86916113222179,7.20681689440994,6.30814381836945,6.38132352941177,6.93623842592593,6.83536825655976,126
"139",2012,12,7.05555555555556,9,7.3125,5,NA,7,7.0625,8,1,0,1,8,2588,1618,970,272,865,1723,6.86980933539412,7.20733943139679,6.30679521649485,6.38132352941177,6.93631213872832,6.83642284387696,127
"140",2013,1,6.73636363636364,22,7.32,6.25,6.6,6,6.9,10,12,5,4,18,2610,1628,982,277,869,1741,6.86868450574712,7.20803144963145,6.30610118126273,6.38527075812274,6.93200230149597,6.83708016082711,128
"141",2013,2,6.61666666666667,12,6.48333333333333,6.75,7.125,6.9,6.33333333333333,6,6,4,6,6,2622,1634,988,281,875,1747,6.86753110602593,7.20537037943696,6.30879692307692,6.39580071174377,6.93178285714286,6.83535006296508,129
"142",2013,3,6.35789473684211,19,6.56,6.28571428571429,6.08333333333333,6.16666666666667,6.39375,5,14,6,3,16,2641,1639,1002,287,878,1763,6.86386465732677,7.20340158633313,6.30847441117765,6.38926829268293,6.92916856492027,6.83134234826999,130
"143",2013,4,6.80769230769231,13,7.5,5.7,5,7.2,6.5625,8,5,1,5,8,2654,1647,1007,288,883,1771,6.86358951017332,7.20484225865209,6.3054531876862,6.38444444444444,6.93070215175538,6.83012792772445,131
"144",2013,5,5.90625,16,6.05555555555556,5.71428571428571,5.5,7.08333333333333,5.2,9,7,2,6,10,2670,1656,1014,290,889,1781,6.85785264419475,7.1985961352657,6.30137214990138,6.37834482758621,6.93173228346457,6.82097504772599,132
"145",2013,6,7.04166666666667,12,7.5,6.58333333333333,6.33333333333333,6.9,7.14285714285714,6,6,3,5,7,2682,1662,1020,293,894,1788,6.85867507829977,7.19968423586041,6.30303074509804,6.37788395904437,6.9315548098434,6.82223521252796,133
"146",2013,7,6.675,8,7.46666666666667,6.2,6.33333333333333,6.5,6.73333333333333,3,5,3,2,6,2690,1665,1025,296,896,1794,6.85812883271375,7.20016528528529,6.30252815609756,6.37743243243243,6.93059151785714,6.82193788182831,134
"147",2013,8,7.125,16,7.33636363636364,6.66,NA,8.24,6.61818181818182,11,5,0,5,11,2706,1676,1030,296,901,1805,6.85970678492239,7.20105918854415,6.30426345631068,6.37743243243243,6.93785793562708,6.82069615512465,135
"148",2013,9,6.68125,16,7.34285714285714,6.16666666666667,6.4,6.8,6.62727272727273,7,9,5,5,11,2722,1683,1039,301,906,1816,6.8586578104335,7.20164896019014,6.30307156881617,6.3778073089701,6.93709713024283,6.81952453744493,136
"149",2013,10,6.54166666666667,12,6.5,6.57142857142857,6.25,6.25,6.6,5,7,2,2,10,2734,1688,1046,303,908,1826,6.85726648134601,7.19957061611374,6.30486745697897,6.37696369636964,6.93558370044053,6.81832232201533,137
"150",2013,11,6.16388888888889,18,6.6,5.815,5.5,6.25,6.13928571428571,8,10,2,4,14,2752,1696,1056,305,912,1840,6.85273130813953,7.19674245283019,6.30022856060606,6.3712131147541,6.93257675438597,6.81315573913043,138
"151",2013,12,6.92307692307692,13,7.22222222222222,6.25,6,7.5,6.81818181818182,9,4,2,2,11,2765,1705,1060,307,914,1851,6.85306204701627,7.19687695014663,6.30003901886792,6.36879478827361,6.93381838074398,6.81318560777958,139
"152",2014,1,6.58928571428571,14,7.4375,6.25,6.5,8,6.48076923076923,4,10,1,1,13,2779,1709,1070,308,915,1864,6.85173319899244,7.197440140433,6.29957136448598,6.36922077922078,6.93498360655738,6.81086725321888,140
"153",2014,2,6.25263157894737,19,6.6,5.86666666666667,5.45,5.83333333333333,6.33125,10,9,4,3,16,2798,1719,1079,312,918,1880,6.8476649606862,7.19396463059919,6.29596048192771,6.3574358974359,6.9313834422658,6.80678540425532,141
"154",2014,3,6.87,10,7.8,6.25,7.75,7.3,6.68571428571429,4,6,2,3,7,2808,1723,1085,314,921,1887,6.8477445014245,7.19537156123041,6.29570632258065,6.36630573248408,6.93258414766558,6.80633627980922,142
"155",2014,4,6.11666666666667,12,6.55714285714286,5.5,NA,4.33333333333333,6.71111111111111,7,5,0,3,9,2820,1730,1090,314,924,1896,6.84463353191489,7.19278913294798,6.29205629357798,6.36630573248408,6.92414502164502,6.80588426160337,143
"156",2014,5,5.6875,8,5,5.91666666666667,NA,NA,5.6875,2,6,0,0,8,2828,1732,1096,314,924,1904,6.84136016973126,7.19025704387991,6.29000124087591,6.36630573248408,6.92414502164502,6.80118516806722,144
"157",2014,6,7.14285714285714,7,7.66666666666667,6.75,5.5,8,6.8,3,4,1,2,5,2835,1735,1100,315,926,1909,6.84210460670194,7.19108080691643,6.29167396363636,6.36355555555556,6.9264686825054,6.8011820639078,145
"158",2014,7,6.63888888888889,9,6.75,6.55,6.5,7.5,6.39285714285714,4,5,1,2,7,2844,1739,1105,316,928,1916,6.84146151898734,7.19006624496837,6.29284285972851,6.36398734177215,6.92770474137931,6.79969027139874,146
"159",2014,8,6.63181818181818,11,7.02222222222222,4.875,6.25,7.1,6.52777777777778,9,2,1,2,9,2855,1748,1107,317,930,1925,6.84065378633975,7.18920205949657,6.29028126467931,6.36362776025237,6.9280752688172,6.79841899220779,147
"160",2014,9,6.91428571428571,7,7.25,6.46666666666667,7,8,6.73333333333333,4,3,1,1,6,2862,1752,1110,318,931,1931,6.84083387840671,7.18934086757991,6.29075798198198,6.36562893081761,6.92922663802363,6.79821675815639,148
"161",2014,10,6.91111111111111,9,7.2,6.33333333333333,6,6.6,7,6,3,1,2,7,2871,1758,1113,319,933,1938,6.84105418321143,7.18937724687145,6.29087274034142,6.36448275862069,6.92852090032154,6.79894559339525,149
"162",2014,11,6.33857142857143,7,6.33333333333333,6.3425,8,6.33333333333333,6.3425,3,4,1,3,4,2878,1761,1117,320,936,1942,6.83983202223767,7.18791890971039,6.29105761862131,6.36959375,6.92661324786325,6.7980054376931,150
"163",2014,12,7.17391304347826,23,7.57142857142857,6.55555555555556,6.125,6.81428571428571,7.33125,14,9,4,7,16,2901,1775,1126,324,943,1958,6.84248071699414,7.19094377464789,6.29317172291297,6.36657407407407,6.92577942735949,6.8023629009193,151
"164",2015,1,7.00666666666667,15,7.62222222222222,6.08333333333333,6.33333333333333,6.42,7.3,9,6,3,5,10,2916,1784,1132,327,948,1968,6.84332529492455,7.19311950672646,6.29205950530035,6.36626911314985,6.92311181434599,6.80489154471544,152
"165",2015,2,6.53125,16,7.22222222222222,5.64285714285714,5.2,6.375,6.58333333333333,9,7,5,4,12,2932,1793,1139,332,952,1980,6.84162229195089,7.19326558839933,6.28806967515364,6.34870481927711,6.92080882352941,6.80354876767676,153
"166",2015,3,7.4,13,7.95714285714286,6.75,6.875,7,7.43333333333333,7,6,4,1,12,2945,1800,1145,336,953,1992,6.84408711714771,7.19623622222222,6.29049027074236,6.35497023809524,6.92089192025184,6.80734265060241,154
"167",2015,4,7,9,7.25,6.8,NA,6.5,7.14285714285714,4,5,0,2,7,2954,1804,1150,336,955,1999,6.8445621394719,7.19635543237251,6.29270553043478,6.35497023809524,6.92001047120419,6.80851753876938,155
"168",2015,5,7.03571428571429,14,7.3125,6.66666666666667,7.375,7,7.05,8,6,4,4,10,2968,1812,1156,340,959,2009,6.84546380053908,7.19686821192053,6.29464650519031,6.36697058823529,6.9203441084463,6.80971954206072,156
"169",2015,6,7.49166666666667,12,7.75,7.23333333333333,8,7.875,7.3,6,6,2,4,8,2980,1818,1162,342,963,2017,6.84806595973154,7.19869372937294,6.29949342512909,6.37652046783626,6.92430944963655,6.81166413485374,157
"170",2015,7,6.82142857142857,14,7.6875,5.66666666666667,7,6.9,6.77777777777778,8,6,3,5,9,2994,1826,1168,345,968,2026,6.84794140280561,7.20083526834611,6.29624260273973,6.38194202898551,6.92418388429752,6.81151360315893,158
"171",2015,8,6.55882352941176,17,7.13636363636364,5.5,6.5,6.875,6.46153846153846,11,6,2,4,13,3011,1837,1174,347,972,2039,6.84630905347061,7.20044921066957,6.2921732197615,6.38262247838617,6.92398148148148,6.8092822756253,159
"172",2015,9,6.81818181818182,11,7.4,6.33333333333333,6,7,6.66666666666667,5,6,1,5,6,3022,1842,1180,348,977,2045,6.84620667107876,7.20099087947883,6.29238250847458,6.38152298850575,6.92437052200614,6.80886384352078,160
"173",2015,10,7.83529411764706,17,8.09230769230769,7,6.5,7.425,7.96153846153846,13,4,2,4,13,3039,1855,1184,350,981,2058,6.85173957222771,7.20723730458221,6.29477310810811,6.3822,6.9264118246687,6.81614507288629,161
"174",2015,11,6.75,16,6.89166666666667,6.325,6.5,7,6.71428571428571,12,4,1,2,14,3055,1867,1188,351,983,2072,6.8512067299509,7.20520899839315,6.29487488215488,6.38253561253561,6.92656154628688,6.81545683397683,162
"175",2015,12,7.11428571428571,21,7.36,6.5,7.5,7.5,7.02352941176471,15,6,2,4,17,3076,1882,1194,353,987,2089,6.85300278283485,7.2064427205101,6.29590566164154,6.38886685552408,6.92888551165147,6.81715010052656,163
"176",2016,1,7.24705882352941,17,7.44285714285714,6.33333333333333,NA,7.4625,7.05555555555556,14,3,0,8,9,3093,1896,1197,353,995,2098,6.85516862592952,7.20818839662448,6.29599946532999,6.38886685552408,6.93317587939698,6.81817281220209,164
"177",2016,2,6.85384615384615,13,7.51428571428571,6.08333333333333,6.5,7.5,6.8,7,6,1,1,12,3106,1903,1203,354,996,2110,6.85516309079202,7.20931434576984,6.29493878636741,6.38918079096045,6.93374497991968,6.81806945971564,165
"178",2016,3,7.07647058823529,17,7.58888888888889,6.5,6,7.76666666666667,6.92857142857143,9,8,2,3,14,3123,1912,1211,356,999,2124,6.85636777457573,7.21110104602511,6.29629344343518,6.38699438202247,6.93624624624625,6.81879781544256,166
"179",2016,4,6.77272727272727,11,6.5,6.92857142857143,7,9,6.55,4,7,4,1,10,3134,1916,1218,360,1000,2134,6.85607420548819,7.20961649269311,6.29992722495895,6.39380555555556,6.93831,6.81753821930646,167
"180",2016,5,7.05846153846154,13,7.57142857142857,6.46,7.03333333333333,NA,7.05846153846154,7,6,3,0,13,3147,1923,1224,363,1000,2147,6.85691025103273,7.21093354134166,6.30071189542484,6.39909090909091,6.93831,6.81899700046576,168
"181",2016,6,6.27272727272727,11,7.33333333333333,5,2,5,6.55555555555556,6,5,1,2,9,3158,1929,1229,364,1002,2156,6.85487541481951,7.21131425609124,6.29542014646054,6.38700549450549,6.93444111776447,6.81789729128015,169
"182",2016,7,6.84666666666667,15,7.2375,6.4,6.5,6.68,6.93,8,7,2,5,10,3173,1937,1236,366,1007,2166,6.85483660888749,7.21142240578214,6.29601242718447,6.38762295081967,6.93317775571003,6.81841484764543,170
"183",2016,8,6.88235294117647,17,7.20833333333333,6.1,7,7.5,6.8,12,5,1,2,15,3190,1949,1241,367,1009,2181,6.8549832476489,7.21140338635198,6.29522269137792,6.38929155313352,6.93430128840436,6.81828819807428,171
"184",2016,9,6.60833333333333,12,7.35,5.125,6.5,7,6.57272727272727,8,4,3,1,11,3202,1957,1245,370,1010,2192,6.85405888819488,7.21196995401124,6.29146293975904,6.39018918918919,6.93436633663366,6.81705591240876,172
"185",2016,10,6.76923076923077,13,7.3125,5.9,7,6.9,6.6875,8,5,1,5,8,3215,1965,1250,371,1015,2200,6.85371588180404,7.21237923664122,6.289897088,6.39183288409703,6.93419704433497,6.8165848,173
"186",2016,11,6.50952380952381,21,7.43846153846154,5,5.4,7.08333333333333,6.28,13,8,5,6,15,3236,1978,1258,376,1021,2215,6.85148224969098,7.21386511627907,6.28169424483307,6.37864361702128,6.93507345739471,6.81295104288939,174
"187",2016,12,6.9,10,7.6,6.2,6.16666666666667,8,6.77777777777778,5,5,3,1,9,3246,1983,1263,379,1022,2224,6.85163171903882,7.21483872919819,6.28137083135392,6.37696569920844,6.93611545988258,6.81280870503597,175
"188",2017,1,7.18214285714286,28,7.55263157894737,6.4,6.5,7.33333333333333,7.14090909090909,19,9,3,6,22,3274,2002,1272,382,1028,2246,6.85445832620648,7.21804455544456,6.28221018867924,6.37793193717277,6.93843385214008,6.8160225111309,176
"189",2017,2,6.9375,8,7.21428571428571,5,5,7.33333333333333,6.7,7,1,1,3,5,3282,2009,1273,383,1031,2251,6.85466074344912,7.21803145843703,6.28120295365279,6.37433420365535,6.93958292919496,6.81576479786761,177
"190",2017,3,6.618,15,7.80125,5.26571428571429,5.375,6.15666666666667,6.73333333333333,8,7,4,3,12,3297,2017,1280,387,1034,2263,6.85358403397028,7.22034467030243,6.2756495,6.36400516795866,6.93731141199226,6.81532768890853,178
"191",2017,4,7.37692307692308,13,7.9875,6.4,7.5,8,7.26363636363636,8,5,2,2,11,3310,2025,1285,389,1036,2274,6.85563944410876,7.22337540740741,6.2761333540856,6.36984575835476,6.93936293436293,6.81749628847845,179
"192",2017,5,7.03,10,7.1625,6.5,7,7.43333333333333,6.85714285714286,8,2,1,3,7,3320,2033,1287,390,1039,2281,6.85616462650602,7.22313585833743,6.27648124320124,6.37146153846154,6.94078922040423,6.81761795703638,180
"193",2017,6,6.58333333333333,6,7,6.16666666666667,6,6,6.7,3,3,1,1,5,3326,2036,1290,391,1040,2286,6.85567244738425,7.22280707269155,6.27622586046512,6.37051150895141,6.93988461538461,6.81736069991251,181
"194",2017,7,7.29833333333333,12,7.6,6.695,5,7.89,7.18,8,4,1,2,10,3338,2044,1294,392,1042,2296,6.85726379868185,7.22428336594912,6.27752037094281,6.36701530612245,6.94170825335892,6.81894013937282,182
"195",2017,8,7.26923076923077,13,7.45,6.66666666666667,6,8.16666666666667,7,10,3,1,3,10,3351,2054,1297,393,1045,2306,6.85886199940316,7.22538227848101,6.27842047802621,6.36608142493639,6.94522488038277,6.81972530789245,183
"196",2017,9,7,6,7.75,6.625,NA,5.5,7.3,2,4,0,1,5,3357,2056,1301,393,1046,2311,6.85911425677689,7.22589260700389,6.27948605687932,6.36608142493639,6.94384321223709,6.82076441367373,184
"197",2017,10,6.23,10,7.25,5.55,NA,6,6.25555555555556,4,6,0,1,9,3367,2060,1307,393,1047,2320,6.85724578556579,7.22593941747573,6.27613723029839,6.36608142493639,6.9429417382999,6.81857179310344,185
"198",2017,11,6.96153846153846,13,7.25,6.5,5.75,7.25,6.90909090909091,8,5,2,2,11,3380,2068,1312,395,1049,2331,6.8576469112426,7.22603249516441,6.27699036585366,6.36296202531646,6.94352716873213,6.81899895323895,186
"199",2017,12,7.08,15,7.2,7,6,6.66666666666667,7.18333333333333,6,9,2,3,12,3395,2074,1321,397,1052,2343,6.85862932547865,7.22595718418515,6.28191624526873,6.36113350125945,6.94273764258555,6.82086494238156,187
"200",2018,1,6.97222222222222,18,7.5,6.14285714285714,5.66666666666667,6.5,7.10714285714286,11,7,3,4,14,3413,2085,1328,400,1056,2357,6.85922840902432,7.2274029736211,6.28118325301205,6.355925,6.94106060606061,6.82256536274925,188
"201",2018,2,6.19444444444444,9,6.83333333333333,5.875,5.9375,5.375,6.42857142857143,3,6,4,2,7,3422,2088,1334,404,1058,2364,6.85748,7.2268367816092,6.27935634182908,6.35178217821782,6.93810018903592,6.82139871404399,189
"202",2018,3,6.77142857142857,7,7.35,6,7,8.5,6.48333333333333,4,3,1,1,6,3429,2092,1337,405,1059,2370,6.85730433362497,7.22707227533461,6.27872951383695,6.35338271604938,6.93957507082153,6.82054285232067,190
"203",2018,4,7.875,8,7.8,8,NA,9,7.71428571428571,5,3,0,1,7,3437,2097,1340,405,1060,2377,6.8596731335467,7.22843834048641,6.28258310447761,6.35338271604938,6.94151886792453,6.82317482541018,191
"204",2018,5,7.0625,8,8.1,5.33333333333333,5,7.83333333333333,6.6,5,3,1,3,5,3445,2102,1343,406,1063,2382,6.86014413933237,7.23051151284491,6.28046266567386,6.35004926108374,6.94403574788335,6.82270636439966,192
"205",2018,6,6.92857142857143,7,7.41666666666667,4,NA,7,6.91666666666667,6,1,0,1,6,3452,2108,1344,406,1064,2388,6.86028289687138,7.23104136622391,6.27876589285714,6.35004926108374,6.94408834586466,6.82294244556114,193
"206",2018,7,8.56666666666667,3,9.35,7,7,10,7.85,2,1,1,1,2,3455,2110,1345,407,1065,2390,6.86176456150507,7.23304985781991,6.27930212639405,6.35164619164619,6.94695774647887,6.82380190794979,194
"207",2018,8,6.645,9,7.48,5.60125,NA,7.75,6.32928571428571,5,4,0,2,7,3464,2115,1349,407,1067,2397,6.86120137413395,7.2336336643026,6.27729159377316,6.35164619164619,6.94846298031865,6.8223577638715,195
"208",2018,9,6.87428571428571,7,7.28,6.33333333333333,NA,NA,6.87428571428571,4,3,0,0,7,3471,2119,1352,407,1067,2404,6.86122776145203,7.23372118924021,6.27741594674556,6.35164619164619,6.94846298031865,6.82250896838602,196
"209",2018,10,6.66666666666667,12,6.91666666666667,6.41666666666667,NA,6,6.72727272727273,6,6,0,1,11,3483,2125,1358,407,1068,2415,6.86055743898938,7.23282597647059,6.27803119293078,6.35164619164619,6.94757490636704,6.82207518012422,197
"210",2018,11,6.28085714285714,14,6.8864,5.94444444444444,5.8,6.75,6.0932,5,9,5,4,10,3497,2130,1367,412,1072,2425,6.85823664855591,7.23201276995305,6.27583493782004,6.34495145631068,6.94683768656716,6.81906950927835,198
"211",2018,12,6.78333333333333,15,6.88888888888889,6.625,7,8,6.47916666666667,9,6,2,3,12,3512,2139,1373,414,1075,2437,6.85791673120729,7.23056905095839,6.27736078659869,6.34811594202899,6.94977674418605,6.81739579811243,199
"212",2019,1,6.42,15,6.52727272727273,6.125,6.5,8,6.17692307692308,11,4,1,2,13,3527,2150,1377,415,1077,2450,6.85605431244684,7.22697079069768,6.2769181989833,6.34848192771084,6.95172701949861,6.81399737142857,200
"213",2019,2,6.2,9,6.33333333333333,6.13333333333333,6,3,6.6,3,6,3,1,8,3536,2153,1383,418,1078,2458,6.85438449095023,7.22572559219694,6.27629527114967,6.34598086124402,6.9480612244898,6.81330087876322,201
"214",2019,3,6.53333333333333,6,6.675,6.25,NA,6,6.64,4,2,0,1,5,3542,2157,1385,418,1079,2463,6.85384064370412,7.22470431154381,6.27625729963899,6.34598086124402,6.94718257645968,6.81294907023954,202
"215",2019,4,6.52857142857143,14,6.25,6.64,7,6.8,6.37777777777778,4,10,2,5,9,3556,2161,1395,420,1084,2472,6.85256005624297,7.22290013882462,6.27886477419355,6.34909523809524,6.9465036900369,6.81136470873786,203
"216",2019,5,7,8,7,7,NA,6,7.14285714285714,7,1,0,1,7,3564,2168,1396,420,1085,2479,6.85289101010101,7.22218044280443,6.27938134670487,6.34909523809524,6.94563133640553,6.81230075030254,204
"217",2019,6,6.41428571428571,7,7.13333333333333,5.875,6,NA,6.41428571428571,3,4,1,0,7,3571,2171,1400,421,1085,2486,6.85203124054887,7.22205766927683,6.27822597142857,6.34826603325416,6.94563133640553,6.81118003218021,205
"218",2019,7,6.41666666666667,12,6.55555555555556,6,7,6.75,6.35,9,3,1,2,10,3583,2180,1403,422,1087,2496,6.85057313982696,7.21930605504587,6.27763104775481,6.34981042654028,6.94527138914443,6.80933235576923,206
"219",2019,8,7.1,17,7.54545454545455,6.28333333333333,6.35,7.33333333333333,6.97272727272727,11,6,2,6,11,3600,2191,1409,424,1093,2507,6.85175098888889,7.22094349612049,6.27765533002129,6.34981132075472,6.94740164684355,6.8100492859992,207
"220",2019,9,6.89285714285714,14,7.66666666666667,6.3125,5.66666666666667,6,6.96153846153846,6,8,3,1,13,3614,2197,1417,427,1094,2520,6.85191022689541,7.22216076467911,6.27785205363444,6.34501170960187,6.94653564899451,6.81083077777778,208
"221",2019,10,7.28333333333333,12,7.39,6.75,NA,6.5,7.35454545454545,10,2,0,1,11,3626,2207,1419,427,1095,2531,6.85333799227799,7.22292125056638,6.27851751937984,6.34501170960187,6.94612785388128,6.81319382062426,209
"222",2019,11,6.8125,8,7,6.25,6,6.5,6.91666666666667,6,2,1,2,6,3634,2213,1421,428,1097,2537,6.85324809025867,7.22231685494804,6.27847738212526,6.34420560747663,6.94531449407475,6.81343853370122,210
"223",2019,12,6.29,10,6.5,6.2375,6.6,7.1,6.0875,2,8,2,2,8,3644,2215,1429,430,1099,2545,6.8517024039517,7.22166465011287,6.27824797760672,6.34539534883721,6.94559599636033,6.81115660510805,211
"224",2020,1,6.39333333333333,15,6.49,6.2,6,6.16666666666667,6.45,10,5,2,3,12,3659,2225,1434,432,1102,2557,6.84982332877836,7.21837626966292,6.27797514644351,6.3437962962963,6.94347549909256,6.80946169730153,212
"225",2020,2,6.45833333333333,12,7,5.91666666666667,4.5,7.16666666666667,6.22222222222222,6,6,1,3,9,3671,2231,1440,433,1105,2566,6.84854360119859,7.21778897355446,6.27646969444444,6.33953810623556,6.9440814479638,6.80740201091193,213
"226",2020,3,6.04166666666667,12,5.83333333333333,6.25,NA,5.83333333333333,6.11111111111111,6,6,0,3,9,3683,2237,1446,433,1108,2575,6.84591462394787,7.21407563701386,6.27635986168741,6.33953810623556,6.94107400722022,6.80496837281553,214
"227",2020,4,7.04285714285714,7,7.21666666666667,6,NA,7,7.05,6,1,0,1,6,3690,2243,1447,433,1109,2581,6.84628822764228,7.2140825679893,6.27616887353144,6.33953810623556,6.94112714156898,6.80553799302596,215
"228",2020,5,6.81,10,6.83333333333333,6.775,NA,NA,6.81,6,4,0,0,10,3700,2249,1451,433,1109,2591,6.84619015135135,7.21306678523788,6.27754401102688,6.33953810623556,6.94112714156898,6.80555521420301,216
"229",2020,6,7.315,10,7.58125,6.25,7,8.375,7.05,8,2,1,2,8,3710,2257,1453,434,1111,2599,6.84745378975742,7.21437182100133,6.27750609772884,6.3410599078341,6.94370837083708,6.80630764140054,217
"230",2020,7,6.1,8,6.4,6,6,6.8,6,2,6,3,1,7,3718,2259,1459,437,1112,2606,6.84584549757935,7.21365081894644,6.27636488005483,6.33871853546911,6.94357913669065,6.80414181120491,218
"231",2020,8,6.64285714285714,7,7.25,5.83333333333333,5.5,7.5,6.5,4,3,2,1,6,3725,2263,1462,439,1113,2612,6.84546404295302,7.21371506849315,6.27545578659371,6.33489749430524,6.9440790655885,6.80344316998469,219
"232",2020,9,7.05,10,6.92857142857143,7.33333333333333,NA,9,6.83333333333333,7,3,0,1,9,3735,2270,1465,439,1114,2621,6.84601166265061,7.21283577092511,6.2776220887372,6.33489749430524,6.94592459605027,6.80354580694391,220
"233",2020,10,7.16363636363636,11,7.5,6.76,6,7,7.18,6,5,1,1,10,3746,2276,1470,440,1115,2631,6.84694435664709,7.2135927943761,6.27926282993197,6.33413636363636,6.9459730941704,6.80497664766249,221
"234",2020,11,6.38571428571429,14,6.38888888888889,6.38,6.53333333333333,NA,6.38571428571429,9,5,3,0,14,3760,2285,1475,443,1115,2645,6.8452270106383,7.21034450765864,6.27960431186441,6.33548532731377,6.9459730941704,6.80275748960303,222
"235",2020,12,7,11,7.42857142857143,6.25,7,7,7,7,4,1,1,10,3771,2292,1479,444,1116,2655,6.84567848316097,7.2110109947644,6.27952424611224,6.33698198198198,6.94602150537634,6.8035003992467,223
"236",2021,1,6.92857142857143,14,8,5.85714285714286,6.2,6,7,7,7,5,1,13,3785,2299,1486,449,1117,2668,6.84598508850727,7.21341331013484,6.27753456258412,6.3354565701559,6.9451745747538,6.80445785607196,224
"237",2021,2,5.41363636363636,11,6.3,4.35,6.75,8,5.155,6,5,1,1,10,3796,2305,1491,450,1118,2678,6.84183444678609,7.2110356616052,6.2710706639839,6.33637777777778,6.94611806797853,6.7982985660941,225
"238",2021,3,7.5,2,6,9,NA,NA,7.5,1,1,0,0,2,3798,2306,1492,450,1118,2680,6.84218103212217,7.21051049436253,6.27289970509383,6.33637777777778,6.94611806797853,6.7988222238806,226
"239",2021,4,6.2,10,6.5,5.5,6,7,6,7,3,1,2,8,3808,2313,1495,451,1120,2688,6.84049463235294,7.20836022481625,6.27134873578595,6.33563192904656,6.94621428571428,6.79644477678572,227
"240",2021,5,6.26666666666667,9,6.53333333333333,5.73333333333333,NA,NA,6.26666666666667,6,3,0,0,9,3817,2319,1498,451,1120,2697,6.83914161907257,7.20661371280724,6.27027126835781,6.33563192904656,6.94621428571428,6.79467688542825,228
"241",2021,6,7.04545454545455,11,7.38888888888889,5.5,NA,7.5,6.66666666666667,9,2,0,5,6,3828,2328,1500,451,1125,2703,6.8397344723093,7.20731838487972,6.26924424,6.33563192904656,6.94867555555555,6.79439273399926,229
"242",2021,7,6.68571428571429,7,7.16,5.5,6,7,6.56,5,2,1,2,5,3835,2333,1502,452,1127,2708,6.83945334028683,7.20721697385341,6.26821994673768,6.33488938053097,6.94876663708962,6.79395995568685,230
"243",2021,8,6.36363636363636,11,7.28571428571429,4.75,7,4.5,6.77777777777778,7,4,2,2,9,3846,2340,1506,454,1129,2717,6.83809244929797,7.20745179487179,6.26418749003984,6.33781938325991,6.9444286979628,6.79390635259477,231
"244",2021,9,5.79166666666667,12,7,4.1,3,6,5.77272727272727,7,5,1,1,11,3858,2347,1511,455,1130,2728,6.83483762571281,7.2068330634853,6.25702604897419,6.33048351648352,6.94359292035398,6.78978869501466,232
"245",2021,10,6.57692307692308,13,7.45,3.66666666666667,NA,8,6.31818181818182,10,3,0,2,11,3871,2357,1514,455,1132,2739,6.83397146990442,7.20786474331778,6.25189323645971,6.33048351648352,6.94545936395759,6.78789469149325,233
"246",2021,11,6.33333333333333,9,6.4,6.25,6.5,NA,6.33333333333333,5,4,2,0,9,3880,2362,1518,457,1132,2748,6.83281019587629,7.20615461473328,6.25188824769433,6.33122538293216,6.94545936395759,6.78640595342067,234
"247",2021,12,5.87857142857143,14,6.4375,5.13333333333333,4,4.625,6.38,8,6,3,4,10,3894,2370,1524,460,1136,2758,6.82937944530047,7.20356,6.24748448818897,6.31602173913043,6.93728873239436,6.78493240029007,235
"248",2022,1,6.94615384615385,13,7.14545454545455,5.85,5.85,NA,6.94615384615385,11,2,2,0,13,3907,2381,1526,462,1136,2771,6.82976799590479,7.20329155816883,6.24696353866317,6.31400432900433,6.93728873239436,6.78568876217972,236
"249",2022,2,6.90769230769231,13,7.7875,5.5,NA,8.5,6.61818181818182,8,5,0,2,11,3920,2389,1531,462,1138,2782,6.83002641836735,7.20524788614483,6.24452407576747,6.31400432900433,6.94003514938488,6.78502644140906,237
"250",2022,3,5.865,10,7.025,5.09166666666667,5,5.55,5.9,4,6,1,1,9,3930,2393,1537,463,1139,2791,6.82757088040713,7.20494659423318,6.24002365647365,6.31116630669546,6.93881474978051,6.78217254030813,238
"251",2022,4,7.04166666666667,12,7.35714285714286,6.6,6,8.33333333333333,6.61111111111111,7,5,1,3,9,3942,2400,1542,464,1142,2800,6.82822261796043,7.2053905,6.24119089494163,6.31049568965517,6.94247810858143,6.7816227,239
"252",2022,5,6.42857142857143,7,6.6,6,NA,10,5.83333333333333,5,2,0,1,6,3949,2405,1544,464,1143,2806,6.82751419599899,7.20413189189189,6.24087847150259,6.31049568965517,6.94515310586176,6.77959499643621,240
"253",2022,6,7.125,8,7.83333333333333,5,NA,4,7.57142857142857,6,2,0,1,7,3957,2411,1546,464,1144,2813,6.82811563305535,7.20569771878888,6.23927319534282,6.31049568965517,6.94257867132867,6.78156543192321,241
"254",2022,7,7.38888888888889,9,7.64285714285714,6.5,6.5,7.5,7.35714285714286,7,2,2,2,7,3966,2418,1548,466,1146,2820,6.8293881896117,7.20696327543424,6.23961005167958,6.31130901287553,6.94355148342059,6.78299417021277,242
"255",2022,8,7.92,10,7.78571428571429,8.23333333333333,NA,7,8.02222222222222,7,3,0,1,9,3976,2425,1551,466,1147,2829,6.83213117706238,7.20863389690721,6.24346638297872,6.31130901287553,6.94360069747166,6.78693657122658,243
"256",2022,9,7.03333333333333,6,7.73333333333333,6.33333333333333,6,NA,7.03333333333333,3,3,2,0,6,3982,2428,1554,468,1147,2835,6.83243434455048,7.20928220757825,6.24363987129987,6.30997863247863,6.94360069747166,6.78745804585538,244
"257",2022,10,6.56133333333333,15,7.21333333333333,5.58333333333333,5.75,3,6.81571428571429,9,6,2,1,14,3997,2437,1560,470,1148,2849,6.83141695271454,7.20929716864998,6.24110023076923,6.30759574468085,6.94016550522648,6.7875968971569,245
"258",2022,11,6.495,10,6.56666666666667,6.3875,6,6,6.55,6,4,1,1,9,4007,2443,1564,471,1149,2858,6.83057737958573,7.2077188702415,6.24147465473146,6.30694267515923,6.93934725848564,6.78684869139258,246
"259",2022,12,7.02777777777778,9,7.05,7,7.5,7.75,6.66666666666667,5,4,2,3,6,4016,2448,1568,473,1152,2864,6.83101931274901,7.20739673202614,6.24340966836735,6.31198731501057,6.94145833333333,6.78659691340782,247
