"","year","month","avg_rating","no_ratings","avg_rating_owned","avg_rating_not_owned","avg_rating_prev_owned","avg_rating_comment","avg_rating_no_comment","no_ratings_owned","no_ratings_not_owned","no_ratings_prev_owned","no_ratings_comment","no_ratings_no_comment","cum_no_ratings","cum_no_ratings_owned","cum_no_ratings_not_owned","cum_no_ratings_prev_owned","cum_no_ratings_comment","cum_no_ratings_no_comment","cum_avg_rating","cum_avg_rating_owned","cum_avg_rating_not_owned","cum_avg_rating_prev_owned","cum_avg_rating_comment","cum_avg_rating_no_comment","month_after_release"
"1",2001,5,9.5,1,9.5,NA,NA,NA,9.5,1,0,0,0,1,1,1,0,0,0,1,9.5,9.5,NA,NA,NA,9.5,0
"2",2001,6,6.83333333333333,6,6.8,7,7,NA,6.83333333333333,5,1,1,0,6,7,6,1,1,0,7,7.21428571428571,7.25,7,7,NA,7.21428571428571,1
"3",2001,7,7,2,7,7,NA,NA,7,1,1,0,0,2,9,7,2,1,0,9,7.16666666666667,7.21428571428571,7,7,NA,7.16666666666667,2
"4",2001,8,7.35714285714286,7,7.91666666666667,4,NA,8,6.875,6,1,0,3,4,16,13,3,1,3,13,7.25,7.53846153846154,6,7,8,7.07692307692308,3
"5",2001,9,7.66666666666667,3,8.5,6,6,8,7.5,2,1,1,1,2,19,15,4,2,4,15,7.31578947368421,7.66666666666667,6,6.5,8,7.13333333333333,4
"6",2001,10,8,2,8,NA,NA,NA,8,2,0,0,0,2,21,17,4,2,4,17,7.38095238095238,7.70588235294118,6,6.5,8,7.23529411764706,5
"7",2001,11,8.25,8,8.14285714285714,9,NA,8,8.4,7,1,0,3,5,29,24,5,2,7,22,7.62068965517241,7.83333333333333,6.6,6.5,8,7.5,6
"8",2001,12,8,2,8,8,NA,NA,8,1,1,0,0,2,31,25,6,2,7,24,7.64516129032258,7.84,6.83333333333333,6.5,8,7.54166666666667,7
"9",2002,1,8,4,8,NA,NA,NA,8,4,0,0,0,4,35,29,6,2,7,28,7.68571428571429,7.86206896551724,6.83333333333333,6.5,8,7.60714285714286,8
"10",2002,2,10,1,10,NA,NA,10,NA,1,0,0,1,0,36,30,6,2,8,28,7.75,7.93333333333333,6.83333333333333,6.5,8.25,7.60714285714286,9
"11",2002,3,8,1,8,NA,NA,NA,8,1,0,0,0,1,37,31,6,2,8,29,7.75675675675676,7.93548387096774,6.83333333333333,6.5,8.25,7.62068965517241,10
"12",2002,4,8.75,4,8.75,NA,NA,8.5,9,4,0,0,2,2,41,35,6,2,10,31,7.85365853658537,8.02857142857143,6.83333333333333,6.5,8.3,7.70967741935484,11
"13",2002,5,7.75,4,7.75,NA,NA,8,7.66666666666667,4,0,0,1,3,45,39,6,2,11,34,7.84444444444444,8,6.83333333333333,6.5,8.27272727272727,7.70588235294118,12
"14",2002,6,7.625,8,7.85714285714286,6,NA,8.5,7.33333333333333,7,1,0,2,6,53,46,7,2,13,40,7.81132075471698,7.97826086956522,6.71428571428571,6.5,8.30769230769231,7.65,13
"15",2002,7,7.3,10,7.16666666666667,7.5,7,7,7.375,6,4,1,2,8,63,52,11,3,15,48,7.73015873015873,7.88461538461539,7,6.66666666666667,8.13333333333333,7.60416666666667,14
"16",2002,8,7.4,5,7.25,8,NA,NA,7.4,4,1,0,0,5,68,56,12,3,15,53,7.70588235294118,7.83928571428571,7.08333333333333,6.66666666666667,8.13333333333333,7.58490566037736,15
"17",2002,9,7.83333333333333,12,7.90909090909091,7,7,8.66666666666667,7.55555555555556,11,1,1,3,9,80,67,13,4,18,62,7.725,7.85074626865672,7.07692307692308,6.75,8.22222222222222,7.58064516129032,16
"18",2002,10,8.44444444444444,9,8.625,7,7,9.5,8.14285714285714,8,1,1,2,7,89,75,14,5,20,69,7.79775280898876,7.93333333333333,7.07142857142857,6.8,8.35,7.63768115942029,17
"19",2002,11,6.36363636363636,11,7,5.25,8,5.8,6.83333333333333,7,4,1,5,6,100,82,18,6,25,75,7.64,7.85365853658537,6.66666666666667,7,7.84,7.57333333333333,18
"20",2002,12,8,10,8,8,8,8.33333333333333,7.85714285714286,9,1,1,3,7,110,91,19,7,28,82,7.67272727272727,7.86813186813187,6.73684210526316,7.14285714285714,7.89285714285714,7.59756097560976,19
"21",2003,1,8.19230769230769,13,8.41666666666667,5.5,NA,8.75,7.94444444444444,12,1,0,4,9,123,103,20,7,32,91,7.72764227642276,7.93203883495146,6.675,7.14285714285714,8,7.63186813186813,20
"22",2003,2,8.42857142857143,7,8.5,8,NA,9,8.2,6,1,0,2,5,130,109,21,7,34,96,7.76538461538462,7.96330275229358,6.73809523809524,7.14285714285714,8.05882352941176,7.66145833333333,21
"23",2003,3,6.22222222222222,9,7.75,5,4.5,6.5,6.14285714285714,4,5,2,2,7,139,113,26,9,36,103,7.66546762589928,7.95575221238938,6.40384615384615,6.55555555555556,7.97222222222222,7.55825242718447,22
"24",2003,4,7.6,10,7.66666666666667,7,NA,7,7.66666666666667,9,1,0,1,9,149,122,27,9,37,112,7.66107382550336,7.9344262295082,6.42592592592593,6.55555555555556,7.94594594594595,7.56696428571429,23
"25",2003,5,6.21428571428571,7,6.875,5.33333333333333,NA,2,6.91666666666667,4,3,0,1,6,156,126,30,9,38,118,7.59615384615385,7.90079365079365,6.31666666666667,6.55555555555556,7.78947368421053,7.53389830508475,24
"26",2003,6,7.92307692307692,13,8,7,NA,7.5,8,12,1,0,2,11,169,138,31,9,40,129,7.62130177514793,7.90942028985507,6.33870967741935,6.55555555555556,7.775,7.57364341085271,25
"27",2003,7,7.45454545454545,44,7.4375,7.5,7.83333333333333,7.3125,7.48611111111111,32,12,3,8,36,213,170,43,12,48,165,7.5868544600939,7.82058823529412,6.66279069767442,6.875,7.69791666666667,7.55454545454545,26
"28",2003,8,7.55882352941176,17,7.5,7.64285714285714,6.5,7.25,7.6,10,7,1,2,15,230,180,50,13,50,180,7.58478260869565,7.80277777777778,6.8,6.84615384615385,7.68,7.55833333333333,27
"29",2003,9,7.57647058823529,17,8.02727272727273,6.75,6,7.75714285714286,7.45,11,6,1,7,10,247,191,56,14,57,190,7.58421052631579,7.81570680628272,6.79464285714286,6.78571428571429,7.68947368421053,7.55263157894737,28
"30",2003,10,7.14285714285714,14,7.3,6.75,NA,7,7.18181818181818,10,4,0,3,11,261,201,60,14,60,201,7.56053639846743,7.79004975124378,6.79166666666667,6.78571428571429,7.655,7.53233830845771,29
"31",2003,11,7.16666666666667,6,8.33333333333333,6,7,7,7.33333333333333,3,3,1,3,3,267,204,63,15,63,204,7.55168539325843,7.79803921568627,6.75396825396825,6.8,7.62380952380952,7.52941176470588,30
"32",2003,12,7.34615384615385,13,7.6875,6.8,NA,8,7.15,8,5,0,3,10,280,212,68,15,66,214,7.54214285714286,7.7938679245283,6.75735294117647,6.8,7.64090909090909,7.51168224299065,31
"33",2004,1,7.5625,16,7.75,6.25,NA,7.5,7.58333333333333,14,2,0,4,12,296,226,70,15,70,226,7.54324324324324,7.79115044247788,6.74285714285714,6.8,7.63285714285714,7.51548672566372,32
"34",2004,2,6.77272727272727,11,6.72222222222222,7,NA,7.33333333333333,6.5625,9,2,0,3,8,307,235,72,15,73,234,7.51563517915309,7.75021276595745,6.75,6.8,7.62054794520548,7.48290598290598,33
"35",2004,3,7.66666666666667,18,7.66666666666667,NA,NA,7.83333333333333,7.58333333333333,18,0,0,6,12,325,253,72,15,79,246,7.524,7.74426877470356,6.75,6.8,7.63670886075949,7.48780487804878,34
"36",2004,4,7.28333333333333,15,7.5625,6.16666666666667,NA,6.4,7.725,12,3,0,5,10,340,265,75,15,84,256,7.51338235294118,7.73603773584906,6.72666666666667,6.8,7.56309523809524,7.4970703125,35
"37",2004,5,7.11363636363636,22,7.60714285714286,6.25,NA,6.9,7.29166666666667,14,8,0,10,12,362,279,83,15,94,268,7.48908839779006,7.72956989247312,6.68072289156626,6.8,7.49255319148936,7.48787313432836,36
"38",2004,6,7.4,10,8.42857142857143,5,NA,8.5,6.66666666666667,7,3,0,4,6,372,286,86,15,98,274,7.4866935483871,7.74667832167832,6.62209302325581,6.8,7.53367346938775,7.4698905109489,37
"39",2004,7,7.13888888888889,18,7.1,7.33333333333333,7,6.375,7.35714285714286,15,3,1,4,14,390,301,89,16,102,288,7.47064102564103,7.71445182724253,6.64606741573034,6.8125,7.48823529411765,7.46440972222222,38
"40",2004,8,7.375,16,7.68181818181818,6.7,6,9,6.83333333333333,11,5,1,4,12,406,312,94,17,106,300,7.46687192118227,7.71330128205128,6.64893617021277,6.76470588235294,7.54528301886792,7.43916666666667,39
"41",2004,9,7.11764705882353,17,7.2,6.5,NA,7.4,7,15,2,0,5,12,423,327,96,17,111,312,7.45283687943262,7.68975535168196,6.64583333333333,6.76470588235294,7.53873873873874,7.42227564102564,40
"42",2004,10,7.75625,16,7.55454545454545,8.2,8,7.83333333333333,7.71,11,5,2,6,10,439,338,101,19,117,322,7.46389521640091,7.6853550295858,6.72277227722772,6.89473684210526,7.55384615384615,7.43121118012422,41
"43",2004,11,7.41666666666667,21,7.71875,6.45,7.125,6.96428571428571,7.64285714285714,16,5,2,7,14,460,354,106,21,124,336,7.46173913043478,7.68686440677966,6.70990566037736,6.91666666666667,7.52056451612903,7.44002976190476,42
"44",2004,12,7.25,24,7.82352941176471,5.85714285714286,6,6.71428571428571,7.47058823529412,17,7,4,7,17,484,371,113,25,131,353,7.45123966942149,7.69312668463612,6.6570796460177,6.77,7.47748091603053,7.44150141643059,43
"45",2005,1,7.52173913043478,23,7.83333333333333,6.4,NA,7.85714285714286,7.375,18,5,0,7,16,507,389,118,25,138,369,7.45443786982249,7.69961439588689,6.64618644067797,6.77,7.49673913043478,7.43861788617886,44
"46",2005,2,7.35714285714286,21,7.55882352941176,6.5,5,7.625,7.19230769230769,17,4,1,8,13,528,406,122,26,146,382,7.45056818181818,7.69371921182266,6.64139344262295,6.70192307692308,7.50376712328767,7.43023560209424,45
"47",2005,3,7.17391304347826,23,7.47058823529412,6.33333333333333,7,7.125,7.2,17,6,3,8,15,551,423,128,29,154,397,7.43901996370236,7.68475177304965,6.626953125,6.73275862068965,7.48409090909091,7.42153652392947,46
"48",2005,4,7.35714285714286,21,7.8,6.25,7,7,7.41666666666667,15,6,1,3,18,572,438,134,30,157,415,7.43601398601399,7.68869863013699,6.61007462686567,6.74166666666667,7.47484076433121,7.42132530120482,47
"49",2005,5,7.75,15,8,7.375,7,8.16666666666667,7.47222222222222,9,6,1,6,9,587,447,140,31,163,424,7.44403747870528,7.69496644295302,6.64285714285714,6.75,7.50030674846626,7.42240566037736,48
"50",2005,6,7.10714285714286,14,7.5,6.88888888888889,7.16666666666667,6.5,7.35,5,9,3,4,10,601,452,149,34,167,434,7.43618968386023,7.69280973451327,6.65771812080537,6.78676470588235,7.47634730538922,7.42073732718894,49
"51",2005,7,7.895,20,8.05,6.5,7,7.83333333333333,7.92142857142857,18,2,1,6,14,621,470,151,35,173,448,7.45096618357488,7.70648936170213,6.65562913907285,6.79285714285714,7.48872832369942,7.43638392857143,50
"52",2005,8,7.60975609756098,41,7.85714285714286,7.07692307692308,8,7.60526315789474,7.61363636363636,28,13,2,19,22,662,498,164,37,192,470,7.46080060422961,7.71495983935743,6.6890243902439,6.85810810810811,7.50026041666667,7.44468085106383,51
"53",2005,9,7.58260869565217,23,7.8,6.8,8,6.875,7.73157894736842,18,5,1,4,19,685,516,169,38,196,489,7.4648905109489,7.71792635658915,6.69230769230769,6.88815789473684,7.4875,7.4558282208589,52
"54",2005,10,7.290625,32,7.64285714285714,6.61818181818182,8,7.19230769230769,7.35789473684211,21,11,2,13,19,717,537,180,40,209,508,7.4571129707113,7.71499068901304,6.68777777777778,6.94375,7.46913875598086,7.45216535433071,53
"55",2005,11,7.475,40,7.484375,7.4375,8,7.64285714285714,7.38461538461539,32,8,1,14,26,757,569,188,41,223,534,7.45805812417437,7.70202108963093,6.71968085106383,6.96951219512195,7.48004484304933,7.44887640449438,54
"56",2005,12,6.99032258064516,31,7.42727272727273,5.92222222222222,6.86,7.43,6.78095238095238,22,9,5,10,21,788,591,197,46,233,555,7.43965736040609,7.69179357021997,6.68324873096447,6.95760869565217,7.47789699570815,7.4236036036036,55
"57",2006,1,7.31224489795918,49,7.52631578947368,6.57272727272727,7.33333333333333,7.45333333333333,7.25,38,11,3,15,34,837,629,208,49,248,589,7.43219832735962,7.68179650238474,6.67740384615385,6.98061224489796,7.47641129032258,7.41358234295416,56
"58",2006,2,7.28181818181818,22,7.71875,6.11666666666667,NA,6.92,7.58333333333333,16,6,0,10,12,859,645,214,49,258,601,7.42834691501746,7.68271317829457,6.66168224299065,6.98061224489796,7.45484496124031,7.41697171381032,57
"59",2006,3,7.67586206896552,29,7.79583333333333,7.1,6,8.16,7.42105263157895,24,5,1,10,19,888,669,219,50,268,620,7.43643018018018,7.68677130044843,6.67168949771689,6.961,7.48115671641791,7.41709677419355,58
"60",2006,4,7.85384615384615,26,8.17777777777778,7.125,8.16666666666667,8.1375,7.4,18,8,3,16,10,914,687,227,53,284,630,7.44830415754923,7.69963609898108,6.68766519823788,7.02924528301887,7.5181338028169,7.4168253968254,59
"61",2006,5,7.37391304347826,23,7.725,6.57142857142857,7.16666666666667,7.4,7.36666666666667,16,7,3,5,18,937,703,234,56,289,648,7.44647812166489,7.700213371266,6.68418803418803,7.03660714285714,7.51608996539792,7.41543209876543,60
"62",2006,6,7.10433333333333,30,7.45421052631579,6.5,7.5,7.03846153846154,7.15470588235294,19,11,2,13,17,967,722,245,58,302,665,7.43586349534643,7.69373961218837,6.67591836734694,7.05258620689655,7.4955298013245,7.40876691729323,61
"63",2006,7,7.21451612903226,31,7.4,6.825,7,7.53636363636364,7.0375,21,10,2,11,20,998,743,255,60,313,685,7.4289879759519,7.68543741588156,6.68176470588235,7.05083333333333,7.49696485623003,7.39792700729927,62
"64",2006,8,7.64444444444444,36,7.68518518518519,7.52222222222222,8.16666666666667,7.88333333333333,7.525,27,9,3,12,24,1034,770,264,63,325,709,7.43648936170213,7.68542857142857,6.71041666666667,7.10396825396825,7.51123076923077,7.40222849083216,63
"65",2006,9,7.65833333333333,30,7.85227272727273,7.125,7,7.625,7.68055555555556,22,8,3,12,18,1064,792,272,66,337,727,7.44274436090225,7.69006313131313,6.72261029411765,7.09924242424242,7.51528189910979,7.40911966987621,64
"66",2006,10,7.05111111111111,45,7.5037037037037,6.37222222222222,6,6.78888888888889,7.22592592592593,27,18,1,18,27,1109,819,290,67,355,754,7.4268530207394,7.68391941391942,6.70086206896552,7.08283582089552,7.47845070422535,7.40255968169761,65
"67",2006,11,7.12051282051282,39,7.23636363636364,6.97058823529412,7.5,6.67,7.27586206896552,22,17,4,10,29,1148,841,307,71,365,783,7.41644599303136,7.67221165279429,6.71579804560261,7.10633802816901,7.45630136986301,7.39786717752235,66
"68",2006,12,7.68622,50,7.90620588235294,7.21875,7.66666666666667,8.00091666666667,7.58684210526316,34,16,3,12,38,1198,875,323,74,377,821,7.42770534223706,7.681304,6.74071207430341,7.12905405405405,7.47363660477453,7.40661388550548,67
"69",2007,1,7.1968253968254,63,7.34444444444444,6.82777777777778,7,7.71304347826087,6.9,45,18,1,23,40,1261,920,341,75,400,861,7.41617049960349,7.66482717391304,6.74530791788856,7.12733333333333,7.4874025,7.38307781649245,68
"70",2007,2,6.95789333333333,39,7.17619047619048,6.70321333333333,6.875,6.57692307692308,7.14837846153846,21,18,4,13,26,1300,941,359,79,413,887,7.40242218461538,7.6539224229543,6.74319732590529,7.11455696202532,7.45874334140436,7.37619824126268,69
"71",2007,3,7.48837209302326,43,7.5,7.45454545454545,7.5,7.86666666666667,7.28571428571429,32,11,2,15,28,1343,973,370,81,428,915,7.40517411764706,7.64886022610483,6.76434551351351,7.12407407407407,7.47303971962617,7.37342933333333,70
"72",2007,4,7.05294117647059,51,7.15625,6.87894736842105,7.2,7.52941176470588,6.81470588235294,32,19,5,17,34,1394,1005,389,86,445,949,7.39228754662841,7.63317512437811,6.76994303341902,7.12848837209302,7.47519325842697,7.35341184404637,71
"73",2007,5,6.95945945945946,37,7.275,6.58823529411765,7,7.21875,6.76190476190476,20,17,2,16,21,1431,1025,406,88,461,970,7.38109632424878,7.62618634146341,6.76233458128079,7.12556818181818,7.46629284164859,7.34060602061856,72
"74",2007,6,7.38666666666667,45,7.79310344827586,6.65,6.45,7.15714285714286,7.49032258064516,29,16,6,14,31,1476,1054,422,94,475,1001,7.38126615176152,7.6307789373814,6.75807545023697,7.08244680851064,7.45718105263158,7.3452425974026,73
"75",2007,7,7.29142857142857,35,7.5304347826087,6.83333333333333,7,6.96153846153846,7.48636363636364,23,12,2,13,22,1511,1077,434,96,488,1023,7.37918520185308,7.62863602599814,6.76015631336405,7.08072916666667,7.44397745901639,7.34827745845552,74
"76",2007,8,7.44634146341463,41,7.72307692307692,6.96666666666667,6.66666666666667,6.61538461538461,7.83214285714286,26,15,3,13,28,1552,1103,449,99,501,1051,7.38095930412371,7.63086219401632,6.76705532293987,7.06818181818182,7.42247704590818,7.36116825880114,75
"77",2007,9,7.26346153846154,26,7.36052631578947,7,7.625,7.03125,7.36666666666667,19,7,4,8,18,1578,1122,456,103,509,1069,7.3790233460076,7.62628431372549,6.77063122807018,7.08980582524272,7.41632809430255,7.36126084190833,76
"78",2007,10,7.54542857142857,35,7.77458333333333,7.04545454545455,6.25,7.9375,7.42925925925926,24,11,4,8,27,1613,1146,467,107,517,1096,7.38263412275264,7.62939005235602,6.77710458244111,7.05841121495327,7.42439264990329,7.36293598540146,77
"79",2007,11,7.357,60,7.56410256410256,6.97238095238095,7.06,7.375,7.35045454545455,39,21,7,16,44,1673,1185,488,114,533,1140,7.38171478780634,7.62724135021097,6.78550786885246,7.05850877192982,7.42290994371482,7.36245424561404,78
"80",2007,12,7.1635593220339,59,7.54230769230769,6.425,6.14285714285714,7.514,6.90588235294118,39,20,7,25,34,1732,1224,508,121,558,1174,7.37428339491917,7.62453513071895,6.77131464566929,7.00553719008264,7.42699103942652,7.34923155025554,79
"81",2008,1,6.83283582089552,67,7.51515151515152,6.17058823529412,6.78,6.4,7.09047619047619,33,34,10,25,42,1799,1257,542,131,583,1216,7.35411831017232,7.62166348448687,6.73363070110701,6.98832061068702,7.38295197255575,7.34029427631579,80
"82",2008,2,7.22372881355932,59,7.7,6.52916666666667,6.8,7.46153846153846,7.15652173913043,35,24,5,13,46,1858,1292,566,136,596,1262,7.34997784714747,7.62378560371517,6.72496084805654,6.98139705882353,7.38466610738255,7.33359575277338,81
"83",2008,3,7.17926829268293,41,7.53541666666667,6.67647058823529,6.75,7.39761904761905,6.95,24,17,2,21,20,1899,1316,583,138,617,1282,7.34629217482886,7.62217401215806,6.72354689536878,6.97804347826087,7.38510696920583,7.32761141965679,82
"84",2008,4,7.46944444444444,36,7.69545454545455,7.11428571428571,7.86666666666667,7.88571428571429,7.20454545454545,22,14,6,14,22,1935,1338,597,144,631,1304,7.34858337984496,7.62337892376682,6.73270994974874,7.01506944444444,7.39621394611727,7.32553515337423,83
"85",2008,5,7.37096774193548,31,7.55263157894737,7.08333333333333,7.4,7.13333333333333,7.59375,19,12,5,15,16,1966,1357,609,149,646,1320,7.34893633774161,7.62238835666912,6.73961878489327,7.02798657718121,7.39010990712074,7.32878624242424,84
"86",2008,6,6.91612903225806,31,7.27272727272727,6.72,7.83333333333333,7.19,6.78571428571429,11,20,3,10,21,1997,1368,629,152,656,1341,7.34221774661993,7.61957675438596,6.73899497615262,7.04388157894737,7.38705945121951,7.32028175988069,85
"87",2008,7,6.90392156862745,51,7.55416666666667,6.32592592592593,5.21428571428571,6.76315789473684,6.9875,24,27,7,19,32,2048,1392,656,159,675,1373,7.33130314453125,7.61844899425287,6.72199365853659,6.96333333333333,7.36949777777778,7.3125257392571,86
"88",2008,8,6.93240740740741,54,7.47068965517241,6.308,6.4,6.82105263157895,6.99285714285714,29,25,13,19,35,2102,1421,681,172,694,1408,7.32105558515699,7.61543349753695,6.70679565345081,6.92075581395349,7.35448270893372,7.30457943181818,87
"89",2008,9,7.42738095238095,42,7.918,6.70588235294118,6.05555555555556,6.88333333333333,7.72962962962963,25,17,9,15,27,2144,1446,698,181,709,1435,7.32313845149254,7.62066459197787,6.70677340974212,6.87773480662984,7.34451480959097,7.31257689198606,88
"90",2008,10,7.12638888888889,36,7.36388888888889,6.88888888888889,6.85714285714286,6.66666666666667,7.21833333333333,18,18,7,6,30,2180,1464,716,188,715,1465,7.31988937614679,7.6175075136612,6.71135173184358,6.87696808510638,7.33882657342657,7.31064698976109,89
"91",2008,11,7.23529411764706,51,7.648,6.83846153846154,6.1,7.41666666666667,7.17948717948718,25,26,10,12,39,2231,1489,742,198,727,1504,7.31795555356342,7.6180194761585,6.71580571428571,6.83772727272727,7.34011141678129,7.30724590425532,90
"92",2008,12,7.15128205128205,39,7.516,6.5,6.66666666666667,7.07692307692308,7.18846153846154,25,14,9,13,26,2270,1514,756,207,740,1530,7.315092,7.61633487450462,6.71180931216931,6.83028985507246,7.33548783783784,7.30522734640523,91
"93",2009,1,7.22279411764706,68,7.62738095238095,6.56923076923077,6.61111111111111,6.58823529411765,7.4343137254902,42,26,18,17,51,2338,1556,782,225,757,1581,7.31240754491018,7.61663303341902,6.70706884910486,6.81275555555556,7.31870673712021,7.30939142314991,92
"94",2009,2,7.01969696969697,66,7.27777777777778,6.71,6.42857142857143,7.03,7.01785714285714,36,30,7,10,56,2404,1592,812,232,767,1637,7.30437139767055,7.60897047738693,6.70717714285714,6.80116379310345,7.31494263363755,7.29941835064142,93
"95",2009,3,7.25597014925373,67,7.68571428571429,6.7859375,6.88888888888889,6.91666666666667,7.33,35,32,9,12,55,2471,1627,844,241,779,1692,7.30305902063942,7.61062138905962,6.71016331753555,6.8044398340249,7.30880744544288,7.30041243498818,94
"96",2009,4,7.33133333333333,75,7.30735294117647,7.35121951219512,6.94444444444444,7.76153846153846,7.24112903225806,34,41,9,13,62,2546,1661,885,250,792,1754,7.30389192458759,7.60441360626129,6.73986196610169,6.80948,7.31623863636364,7.29831689851767,95
"97",2009,5,7.3,69,7.3125,7.28918918918919,6.55,7.34117647058823,7.28653846153846,32,37,6,17,52,2615,1693,922,256,809,1806,7.30378923135755,7.59889604252806,6.76190655097614,6.8033984375,7.31676266996292,7.29797776301218,96
"98",2009,6,7.11397058823529,68,7.38064516129032,6.89054054054054,7,7.31818181818182,7.07456140350877,31,37,10,11,57,2683,1724,959,266,820,1863,7.29897832277302,7.59497157772622,6.76686948905109,6.81078947368421,7.31678170731707,7.29114215780998,97
"99",2009,7,6.83166666666667,60,7.38684210526316,6.57439024390244,6.31944444444444,6.2,6.958,19,41,18,10,50,2743,1743,1000,284,830,1913,7.28875641268684,7.59270281124498,6.75897784,6.77964788732394,7.3033265060241,7.28243483533717,98
"100",2009,8,7.02857142857143,56,7.36363636363636,6.81176470588235,7,6.43333333333333,7.24634146341463,22,34,8,15,41,2799,1765,1034,292,845,1954,7.28355085387639,7.58984759206799,6.76071357833656,6.78568493150685,7.28788284023669,7.28167750255885,99
"101",2009,9,6.92166666666667,60,7.46,6.53714285714286,6,6.63636363636364,6.98571428571429,25,35,14,11,49,2859,1790,1069,306,856,2003,7.27595622245541,7.58803407821229,6.75339367633302,6.7497385620915,7.27951051401869,7.27443726410384,100
"102",2009,10,7.23055555555556,72,7.6275,6.734375,7.35,7.86363636363636,7.11639344262295,40,32,10,11,61,2931,1830,1101,316,867,2064,7.27484095530536,7.58889672131148,6.75284090826521,6.76873417721519,7.28692156862745,7.26976639534884,101
"103",2009,11,7.05526315789474,76,7.48717948717949,6.6,6.21818181818182,7.16666666666667,7.04029850746269,39,37,11,9,67,3007,1869,1138,327,876,2131,7.26929126704357,7.58677421080792,6.74787156414763,6.75021406727829,7.28568607305936,7.26255177850774,102
"104",2009,12,7.04444444444444,72,7.472,6.81702127659574,6.91176470588235,6.86363636363636,7.07704918032787,25,47,17,11,61,3079,1894,1185,344,887,2192,7.26403340045469,7.58525923970433,6.75061421097046,6.75819767441861,7.28045208568207,7.25738952554745,103
"105",2010,1,7.1,61,7.46896551724138,6.765625,6.84615384615385,7.13333333333333,7.08913043478261,29,32,13,15,46,3140,1923,1217,357,902,2238,7.26084676433121,7.58350546021841,6.75100890714873,6.76140056022409,7.27800554323725,7.25393111706881,104
"106",2010,2,7.17692307692308,52,7.53636363636364,6.55263157894737,7.25,7.47333333333333,7.05675675675676,33,19,2,15,37,3192,1956,1236,359,917,2275,7.25947958646617,7.58271012269939,6.74795941747573,6.7641225626741,7.28120065430752,7.25072432527473,105
"107",2010,3,6.94583333333333,48,7.28421052631579,6.72413793103448,6.90909090909091,7.12727272727273,6.89189189189189,19,29,11,11,37,3240,1975,1265,370,928,2312,7.25483297530864,7.57983848101266,6.74741331225296,6.76843243243243,7.27937607758621,7.24498176470588,106
"108",2010,4,7.17638888888889,36,7.425,6.9775,7.19,6.46,7.29193548387097,16,20,5,5,31,3276,1991,1285,375,933,2343,7.25397095238095,7.57859417378202,6.75099442801556,6.77405333333333,7.27498499464094,7.24560300469484,107
"109",2010,5,6.81842105263158,38,7.13157894736842,6.50526315789474,5.5,7.31818181818182,6.61481481481481,19,19,2,11,27,3314,2010,1304,377,944,2370,7.24897671695836,7.57436865671642,6.74741398773006,6.76729442970822,7.27548834745763,7.23841681012658,108
"110",2010,6,7.15652173913043,23,7.32142857142857,6.9,7.375,7.33333333333333,7.13,14,9,4,3,20,3337,2024,1313,381,947,2390,7.24833947857357,7.57261907114624,6.74845989337395,6.77367454068242,7.27567159450898,7.23750955648535,109
"111",2010,7,7.1125,52,7.625,6.6,6.44444444444444,7.55,6.98125,26,26,9,12,40,3389,2050,1339,390,959,2430,7.24625519032163,7.57328341463415,6.74557717699776,6.76607692307692,7.27910427528676,7.23329129218107,110
"112",2010,8,7.2325,40,7.845,6.62,6.98888888888889,6.66666666666667,7.33235294117647,20,20,9,6,34,3429,2070,1359,399,965,2464,7.24609473315835,7.57590869565217,6.74372909492274,6.77110275689223,7.275296373057,7.23465821428571,111
"113",2010,9,7.014,50,7.43478260869565,6.65555555555556,6.9,6.6,7.1175,23,27,5,10,40,3479,2093,1386,404,975,2504,7.24275908019546,7.57435785953177,6.74201142857143,6.77269801980198,7.26837025641026,7.23278667731629,112
"114",2010,10,6.99714285714286,35,7.36315789473684,6.5625,6.6,6.71428571428571,7.06785714285714,19,16,5,7,28,3514,2112,1402,409,982,2532,7.24031270347183,7.57245785984848,6.73996279600571,6.77058679706601,7.26442057026477,7.23096281200632,113
"115",2010,11,6.90428571428571,70,7.75833333333333,6.26375,6.35416666666667,6.91666666666667,6.90090909090909,30,40,12,15,55,3584,2142,1442,421,997,2587,7.23374967633929,7.57506115779645,6.72675300970874,6.75871733966746,7.25918856569709,7.22394582141477,114
"116",2010,12,7.04718309859155,71,7.22567567567568,6.85294117647059,6.85714285714286,6.73333333333333,7.11101694915254,37,34,7,12,59,3655,2179,1476,428,1009,2646,7.2301255376197,7.56912849931161,6.72965978319783,6.76032710280374,7.25293458870169,7.22142775510204,115
"117",2011,1,6.95645161290323,62,7.38709677419355,6.5258064516129,6.42307692307692,6.75,7.006,31,31,13,12,50,3717,2210,1507,441,1021,2696,7.22556062415927,7.56657511312217,6.72546638354346,6.75038548752834,7.24702350636631,7.21743243323442,116
"118",2011,2,7.29772727272727,44,7.55925925925926,6.88235294117647,6.875,7.28461538461538,7.30322580645161,27,17,4,13,31,3761,2237,1524,445,1034,2727,7.22640490295134,7.56648681269557,6.72721643044619,6.75150561797753,7.24749613152805,7.21840771543821,117
"119",2011,3,6.72222222222222,45,7.51904761904762,6.025,5.6,6.6875,6.72972972972973,21,24,10,8,37,3806,2258,1548,455,1042,2764,7.22044373095113,7.56604561558902,6.71632935400517,6.7261978021978,7.24319673704415,7.21186607814761,118
"120",2011,4,7.303125,32,7.45238095238095,7.01818181818182,6.7,7.14285714285714,7.348,21,11,6,7,25,3838,2279,1559,461,1049,2789,7.22113310057321,7.56499824484423,6.71845916613214,6.7258568329718,7.24252716873213,7.21308635353173,119
"121",2011,5,7.04651162790698,43,7.39,6.74782608695652,6.2,7.24,7.02105263157895,20,23,5,5,38,3881,2299,1582,466,1054,2827,7.2191983612471,7.56347585906916,6.71888611883692,6.72021459227468,7.24251518026565,7.21050507251503,120
"122",2011,6,7.3952380952381,42,7.82727272727273,6.92,6.51111111111111,7.00833333333333,7.55,22,20,9,12,30,3923,2321,1602,475,1066,2857,7.22108305888351,7.56597630331753,6.72139690387016,6.71625263157895,7.23987898686679,7.21406994749737,121
"123",2011,7,7.0325,40,7.46875,6.74166666666667,6.25,7.57142857142857,6.91818181818182,16,24,6,7,33,3963,2337,1626,481,1073,2890,7.21917962149886,7.56531065468549,6.72169608856089,6.71043659043659,7.24204193849021,7.21069129411765,122
"124",2011,8,7.32424242424242,33,8.1,6.5,6.1875,6.77777777777778,7.52916666666667,17,16,8,9,24,3996,2354,1642,489,1082,2914,7.22004725725726,7.56917204757859,6.71953583434836,6.70188139059305,7.23818022181146,7.21331428963624,123
"125",2011,9,7.06451612903226,31,7.79166666666667,6.60526315789474,6.61111111111111,7.33333333333333,7,12,19,9,6,25,4027,2366,1661,498,1088,2939,7.21884997268438,7.57030050718512,6.71822868151716,6.70024096385542,7.23870496323529,7.21149977543382,124
"126",2011,10,6.86057692307692,52,7.17045454545455,6.63333333333333,6.65,6.64583333333333,6.925,22,30,10,12,40,4079,2388,1691,508,1100,2979,7.21428262809512,7.56661683417085,6.71672255470136,6.69925196850394,7.23223727272727,7.20765284994965,125
"127",2011,11,7.3265306122449,49,7.603125,6.80588235294118,6,7.425,7.31279069767442,32,17,2,6,43,4128,2420,1708,510,1106,3022,7.21561502906977,7.56709958677686,6.7176099765808,6.69650980392157,7.23328300180832,7.20914885506287,126
"128",2011,12,6.96829268292683,41,7.38636363636364,6.48421052631579,6,7.09090909090909,6.92333333333333,22,19,7,11,30,4169,2442,1727,517,1117,3052,7.21318273926601,7.56547133497133,6.71504217718587,6.68707930367505,7.23188093106535,7.20633939711665,127
"129",2012,1,6.98703703703704,54,7.32692307692308,6.67142857142857,6.92,7.03571428571429,6.97,26,28,5,14,40,4223,2468,1755,522,1131,3092,7.21029098744968,7.56295826580227,6.71434634757835,6.68931034482759,7.22945269672856,7.20328196636481,128
"130",2012,2,7.14047619047619,42,7.34210526315789,6.97391304347826,7.73333333333333,6.75,7.20555555555556,19,23,3,6,36,4265,2487,1778,525,1137,3128,7.20960347948417,7.56127100924809,6.717704071991,6.69527619047619,7.22692260334213,7.20330813299233,129
"131",2012,3,7.01219512195122,41,6.87619047619048,7.155,7.125,6.66666666666667,7.03947368421053,21,20,4,3,38,4306,2508,1798,529,1140,3166,7.2077238365072,7.55553468899522,6.72256832035595,6.69852551984877,7.22544824561404,7.20134170562224,130
"132",2012,4,7.17571428571429,35,7.63947368421053,6.625,6.95833333333333,7.71111111111111,6.99038461538461,19,16,6,9,26,4341,2527,1814,535,1149,3192,7.20746575443446,7.55616580925999,6.72170773980154,6.70143925233645,7.22925239338555,7.19962338345865,131
"133",2012,5,6.984375,32,7.34375,6.625,6.875,6.75,7.0625,16,16,4,8,24,4373,2543,1830,539,1157,3216,7.20583325863252,7.55482933543059,6.72086220765027,6.70272727272727,7.22593863439931,7.19860007462687,132
"134",2012,6,7.19911764705882,34,7.20739130434783,7.18181818181818,6.625,7.07125,7.23846153846154,23,11,4,8,26,4407,2566,1841,543,1165,3242,7.20578144769685,7.5517151208106,6.72361642585551,6.7021546961326,7.22487639484978,7.19891975323874,133
"135",2012,7,7.20424242424242,33,7.395,6.91076923076923,6.66666666666667,6.07142857142857,7.50923076923077,20,13,3,7,26,4440,2586,1854,546,1172,3268,7.20577000900901,7.55050309358082,6.7249287162891,6.70195970695971,7.21798720136519,7.20138856793146,134
"136",2012,8,7.1953125,32,7.66176470588235,6.66666666666667,6.66666666666667,7,7.26041666666667,17,15,3,8,24,4472,2603,1869,549,1180,3292,7.20569517889088,7.55122973492125,6.72446112359551,6.70176684881603,7.2165093220339,7.20181890643986,135
"137",2012,9,6.95714285714286,35,7.04545454545455,6.91666666666667,7.25,6.66666666666667,7.05769230769231,11,24,6,9,26,4507,2614,1893,555,1189,3318,7.20376499667185,7.54910137719969,6.72689796090861,6.70769369369369,7.21234735071489,7.20068952380952,136
"138",2012,10,7.37613636363636,44,7.575,7.1375,7.05,7.11333333333333,7.51206896551724,24,20,6,15,29,4551,2638,1913,561,1204,3347,7.20543151834762,7.54933699772555,6.73119071615264,6.71135472370766,7.21111378737542,7.20338746340006,137
"139",2012,11,7.09736842105263,38,7.60526315789474,6.58947368421053,6.75,7.24285714285714,7.06451612903226,19,19,4,7,31,4589,2657,1932,565,1211,3378,7.20453668337328,7.54973692133986,6.72979701863354,6.71162831858407,7.21129727497936,7.20211303730018,138
"140",2012,12,7.32820512820513,39,7.69090909090909,6.85882352941176,6,7.71,7.19655172413793,22,17,1,10,29,4628,2679,1949,566,1221,3407,7.20557883318928,7.55089622993654,6.73092244227809,6.71037102473498,7.21538165438166,7.20206570002935,139
"141",2013,1,6.8078431372549,51,7.3037037037037,6.25,6.3125,6.66666666666667,6.85128205128205,27,24,8,12,39,4679,2706,1973,574,1233,3446,7.20124360760846,7.54842978566149,6.72507239736442,6.70482578397213,7.21004136253041,7.19809571677307,140
"142",2013,2,7.13142857142857,35,7.47222222222222,6.77058823529412,6.9,7.07142857142857,7.14642857142857,18,17,5,7,28,4714,2724,1990,579,1240,3474,7.20072525243954,7.54792621145375,6.72546122613065,6.70651122625216,7.20925887096774,7.1976792861255,141
"143",2013,3,7.08727906976744,43,7.6875,6.56534782608696,6.5506,6.95858333333333,7.13709677419355,20,23,5,12,31,4757,2744,2013,584,1252,3505,7.19969977717049,7.54894351311953,6.72363181321411,6.70517636986301,7.20685623003195,7.1971434636234,142
"144",2013,4,6.97441860465116,43,7.39166666666667,6.44736842105263,6.8125,7.025,6.96285714285714,24,19,8,8,35,4800,2768,2032,592,1260,3540,7.19768163333333,7.54757984104046,6.72104864173228,6.70662668918919,7.20570158730159,7.19482707344633,143
"145",2013,5,7.13103448275862,29,7.46875,6.71538461538462,6.9,7.075,7.14,16,13,5,4,25,4829,2784,2045,597,1264,3565,7.19728139159246,7.54712679597701,6.72101263569682,6.70824623115578,7.20528797468355,7.19444259186536,144
"146",2013,6,7.15365853658537,41,7.54347826086957,6.65555555555556,6.66666666666667,8.1,7.02222222222222,23,18,3,5,36,4870,2807,2063,600,1269,3601,7.19691413552362,7.54709690060563,6.72044151236064,6.70803833333333,7.20881323877069,7.19272086642599,145
"147",2013,7,6.74090909090909,22,7,6.56153846153846,6.83333333333333,6.16666666666667,6.95625,9,13,3,6,16,4892,2816,2076,603,1275,3617,7.19486341782502,7.54534836647727,6.71944645472062,6.70866169154229,7.20390901960784,7.19167482444014,146
"148",2013,8,7.06190476190476,42,7.4,6.56470588235294,6.57142857142857,7.25,7.01764705882353,25,17,7,8,34,4934,2841,2093,610,1283,3651,7.19373162545602,7.54406934178106,6.71818960344004,6.7070868852459,7.20419641465316,7.19005418789373,147
"149",2013,9,6.72571428571429,35,7.36666666666667,6.39130434782609,6,5.78571428571429,6.96071428571429,12,23,6,7,28,4969,2853,2116,616,1290,3679,7.19043506540552,7.54332316859446,6.71463650283554,6.70019967532468,7.1964992248062,7.18830873606958,148
"150",2013,10,7.1304347826087,23,7.76923076923077,6.3,6.58333333333333,7.58333333333333,6.97058823529412,13,10,6,6,17,4992,2866,2126,622,1296,3696,7.19015862179487,7.54434787159805,6.71268619002822,6.69907234726688,7.19829012345679,7.18730731601732,149
"151",2013,11,6.77222222222222,54,7.26785714285714,6.23846153846154,6.825,7.0625,6.72173913043478,28,26,4,8,46,5046,2894,2152,626,1304,3742,7.18568605628221,7.54167277125087,6.70695671003718,6.69987699680511,7.19745705521473,7.18158413682523,150
"152",2013,12,7.11627906976744,43,7.61904761904762,6.63636363636364,6.3,6.7,7.22647058823529,21,22,10,9,34,5089,2915,2174,636,1313,3776,7.18509959520535,7.54223018867925,6.70624233670653,6.69358962264151,7.19404722010663,7.18198830508475,151
"153",2014,1,6.84444444444444,45,7.53125,6.46551724137931,6.70833333333333,7.33333333333333,6.76923076923077,16,29,12,6,39,5134,2931,2203,648,1319,3815,7.18211372029607,7.54217024906176,6.70307346345892,6.69386265432099,7.19468081880212,7.17776876539974,152
"154",2014,2,7.09090909090909,44,7.37727272727273,6.80454545454545,6.60714285714286,7.25,7.075,22,22,7,4,40,5178,2953,2225,655,1323,3855,7.18133870992661,7.54094175414833,6.70407678202247,6.6929358778626,7.19484807256236,7.1767024228275,153
"155",2014,3,6.97272727272727,22,7.475,6.37,6.33333333333333,6.66666666666667,7.0875,12,10,3,6,16,5200,2965,2235,658,1329,3871,7.18045612307692,7.54067487352445,6.70258203131991,6.69129635258359,7.19246350639579,7.17633372255231,154
"156",2014,4,6.74637931034483,29,7.26923076923077,6.3215625,6,7.1875,6.57833333333333,13,16,4,8,21,5229,2978,2251,662,1337,3892,7.17804873589597,7.53948992612492,6.6998737627721,6.68711933534743,7.19243380703067,7.17310710174718,155
"157",2014,5,7.18,30,7.71428571428571,6.7125,6.1,7.5,7.08260869565217,14,16,4,7,23,5259,2992,2267,666,1344,3915,7.17805986689485,7.54030782085562,6.69996287604764,6.68359309309309,7.19403571428572,7.17257543805875,156
"158",2014,6,6.68148148148148,27,7.07692307692308,6.31428571428571,6.66666666666667,6.33333333333333,6.78095238095238,13,14,3,6,21,5286,3005,2281,669,1350,3936,7.17552342792282,7.53830316139767,6.69759572117492,6.68351718983558,7.19021037037037,7.17048598577236,157
"159",2014,7,7.24642857142857,28,7.34705882352941,7.09090909090909,6.625,7.25,7.24615384615385,17,11,4,2,26,5314,3022,2292,673,1352,3962,7.17589703424915,7.53722733289213,6.69948335078534,6.68316939078752,7.19029881656805,7.17098254416961,158
"160",2014,8,7.02777777777778,18,7.29166666666667,6.5,5,7,7.03571428571429,12,6,2,4,14,5332,3034,2298,675,1356,3976,7.17539700675169,7.53625609756098,6.69896250652742,6.67818222222222,7.18973746312684,7.17050624748491,159
"161",2014,9,7.35909090909091,22,7.7,6.95,6.7,7.33333333333333,7.37692307692308,12,10,5,9,13,5354,3046,2308,680,1365,3989,7.1761518192006,7.53690118187788,6.70005019064125,6.67834264705882,7.19068424908425,7.17117895211833,160
"162",2014,10,7.04285714285714,28,7.28571428571429,6.8,5.6,5.9,7.18,14,14,2,3,25,5382,3060,2322,682,1368,4014,7.17545835005574,7.53575196078432,6.70065281653747,6.67518035190616,7.18785380116959,7.17123389138017,161
"163",2014,11,7.08461538461538,39,7.576,6.20714285714286,6.625,6.92857142857143,7.11875,25,14,4,7,32,5421,3085,2336,686,1375,4046,7.17480480354178,7.53607811993517,6.6976951369863,6.67488775510204,7.18653381818182,7.17081879387049,162
"164",2014,12,7.29333333333333,30,7.71052631578947,6.57272727272727,6.83333333333333,7.5,7.21818181818182,19,11,3,8,22,5451,3104,2347,689,1383,4068,7.17545713447074,7.53714594072165,6.69710943331913,6.67557764876633,7.18834707158352,7.17107493608653,163
"165",2015,1,7.07560975609756,41,7.77368421052632,6.47272727272727,6.91666666666667,6.45,7.22727272727273,19,22,6,8,33,5492,3123,2369,695,1391,4101,7.17471173343045,7.53858501440923,6.69502568172225,6.67765899280576,7.18410064701654,7.17152714947574,164
"166",2015,2,7.14655172413793,29,7.76875,6.38076923076923,6.49333333333333,7.3,7.12884615384615,16,13,6,3,26,5521,3139,2382,701,1394,4127,7.17456381814889,7.53975820324945,6.6933105961377,6.67608131241084,7.18435007173601,7.17125826023746,165
"167",2015,3,7.06470588235294,34,7.73529411764706,6.39411764705882,6.2,6.55555555555556,7.248,17,17,5,9,25,5555,3156,2399,706,1403,4152,7.17389142034204,7.54081147021547,6.69119042934556,6.67270963172805,7.18031646471846,7.1717203371869,166
"168",2015,4,7.04333333333333,30,7.925,6.03571428571429,6.4,7.46,6.96,16,14,5,5,25,5585,3172,2413,711,1408,4177,7.17319012354521,7.54274936948298,6.68738741815168,6.67079184247539,7.18130965909091,7.17045315776874,167
"169",2015,5,6.72903225806452,31,7.21428571428571,6.32941176470588,6.46666666666667,7.07142857142857,6.62916666666667,14,17,9,7,24,5616,3186,2430,720,1415,4201,7.1707383974359,7.54130602636535,6.6848830617284,6.66824027777778,7.18076607773852,7.1673608283742,168
"170",2015,6,7.5,31,7.91111111111111,6.93076923076923,6.675,7.76,7.37619047619048,18,13,4,10,21,5647,3204,2443,724,1425,4222,7.17254592527006,7.54338358302123,6.68619150225133,6.66827762430939,7.18483087719298,7.16839953576504,169
"171",2015,7,7.05344827586207,29,7.71153846153846,6.51875,6.3,8.1625,6.876,13,16,5,4,25,5676,3217,2459,729,1429,4247,7.17193742776603,7.5440631022692,6.68510200894673,6.66575171467764,7.18756752974108,7.16667832352249,170
"172",2015,8,7.29473684210526,38,7.78181818181818,6.625,6.875,8.1,7.17272727272727,22,16,8,5,33,5714,3239,2475,737,1434,4280,7.17275408470424,7.54567798703304,6.68471347070707,6.66802306648575,7.1907489539749,7.16672496261682,171
"173",2015,9,6.76296296296296,27,7.9,6.19444444444444,6.71428571428571,6.65714285714286,6.8,9,18,7,7,20,5741,3248,2493,744,1441,4300,7.17082683156245,7.5466597906404,6.681173622142,6.66845833333333,7.18815683553088,7.16501926511628,172
"174",2015,10,7.46206896551724,29,7.82777777777778,6.86363636363636,7,6,7.57037037037037,18,11,3,2,27,5770,3266,2504,747,1443,4327,7.1722906135182,7.54820912431109,6.68197517571885,6.66978982597055,7.18651004851005,7.16754861104692,173
"175",2015,11,7.08157894736842,38,7.5,6.44,6.875,7.08888888888889,7.07931034482759,23,15,4,9,29,5808,3289,2519,751,1452,4356,7.17169711432507,7.54787199756765,6.68053427550615,6.6708828229028,7.18590495867769,7.16696116620753,174
"176",2015,12,6.97142857142857,28,7.6,6.5,6.58333333333333,7.14,6.93478260869565,12,16,6,5,23,5836,3301,2535,757,1457,4379,7.17073626456477,7.54806149651621,6.6793948086785,6.67018890356671,7.18574742621826,7.16574168531629,175
"177",2016,1,7.04270833333333,48,7.19838709677419,6.75882352941176,6.42857142857143,7.175,7.01625,31,17,7,8,40,5884,3332,2552,764,1465,4419,7.16969184908226,7.54480822328932,6.6799239184953,6.66797513089005,7.18568873720137,7.16438851323829,176
"178",2016,2,7.12878787878788,33,7.39705882352941,6.84375,7.33333333333333,7.40909090909091,6.98863636363636,17,16,6,11,22,5917,3349,2568,770,1476,4441,7.16946372148048,7.54405822633622,6.68094464174455,6.67315974025974,7.18735365853659,7.16351786534565,177
"179",2016,3,6.89428571428571,35,6.97894736842105,6.79375,5.5,5.91666666666667,7.09655172413793,19,16,4,6,29,5952,3368,2584,774,1482,4470,7.16784557123656,7.54087024940618,6.68164312693499,6.66709689922481,7.18220917678812,7.16308340939598,178
"180",2016,4,7.2,26,7.41764705882353,6.78888888888889,6.73333333333333,NA,7.2,17,9,3,0,26,5978,3385,2593,777,1482,4496,7.16798541987287,7.54025140324963,6.68201536444273,6.66735263835264,7.18220917678812,7.1632968950178,179
"181",2016,5,7.1796875,32,7.26428571428571,7.01818181818182,6.55,7.25,7.15625,21,11,4,8,24,6010,3406,2604,781,1490,4520,7.16804772712147,7.53854991192014,6.68343542242704,6.66675160051216,7.18257315436242,7.16325947787611,180
"182",2016,6,6.74342105263158,38,7.546875,6.15909090909091,5.5,7.4,6.64393939393939,16,22,4,5,33,6048,3422,2626,785,1495,4553,7.16537976851852,7.53858883693747,6.67904258948972,6.66080636942675,7.18330033444816,7.15949546233253,181
"183",2016,7,7.0448275862069,29,7.57692307692308,6.6125,8,7.3125,6.94285714285714,13,16,1,8,21,6077,3435,2642,786,1503,4574,7.16480448247491,7.53873391557497,6.67863960635882,6.66251017811705,7.1839880239521,7.15850083952777,182
"184",2016,8,7.17435897435897,39,7.7,6.88,5.91666666666667,7.08333333333333,7.21481481481481,14,25,6,12,27,6116,3449,2667,792,1515,4601,7.1648654087639,7.53938851841114,6.68052712410949,6.65685984848485,7.18319075907591,7.15883130623778,183
"185",2016,9,7.12178571428571,28,7.81823529411765,6.04545454545455,6.66666666666667,7.66666666666667,6.97318181818182,17,11,3,6,22,6144,3466,2678,795,1521,4623,7.16466908203125,7.54075620311599,6.67791853622106,6.65689685534591,7.18509796186719,7.15794783473935,184
"186",2016,10,6.67888888888889,45,7.246,5.97,6.5,5.9,6.77625,25,20,8,5,40,6189,3491,2698,803,1526,4663,7.16113699143642,7.53864537381839,6.67267080800593,6.65533374844334,7.1808872870249,7.15467356637358,185
"187",2016,11,6.82967647058824,34,7.2375,6.46716666666667,6.5718,6.5,6.91514814814815,16,18,5,7,27,6223,3507,2716,808,1533,4690,7.15932602281858,7.53727145708583,6.67130885125184,6.65481683168317,7.17777821265493,7.15329463539446,186
"188",2016,12,6.88387096774194,31,7.45714285714286,6.41176470588235,6.7,6.5,6.91034482758621,14,17,5,2,29,6254,3521,2733,813,1535,4719,7.15796063959067,7.53695285430276,6.66969441639224,6.65509471094711,7.17689511400652,7.15180161898708,187
"189",2017,1,7.10609756097561,41,7.63888888888889,6.68913043478261,6.40625,7.46428571428571,7.03235294117647,18,23,8,7,34,6295,3539,2756,821,1542,4753,7.15762284988086,7.53747131958181,6.66985661828737,6.65266991473812,7.17819974059663,7.15094715758469,188
"190",2017,2,7.12825641025641,39,7.6301,6.6,5.75,6.75,7.1970303030303,20,19,4,6,33,6334,3559,2775,825,1548,4786,7.15744203347016,7.53799185164372,6.66937832072072,6.64829333333333,7.17654005167959,7.15126490597577,189
"191",2017,3,7.4,29,7.99285714285714,6.84666666666667,7,8,7.304,14,15,1,4,25,6363,3573,2790,826,1552,4811,7.15854751532296,7.53977413937868,6.67033148387097,6.6487191283293,7.17866237113402,7.1520585824153,190
"192",2017,4,7.42682926829268,41,7.86086956521739,6.87222222222222,7,7.54285714285714,7.40294117647059,23,18,5,7,34,6404,3596,2808,831,1559,4845,7.16026512179888,7.54182786429366,6.67162565527066,6.65083273164862,7.18029762668377,7.15381916202271,191
"193",2017,5,6.85,35,7.26153846153846,6.60681818181818,6.8,5.4,6.9859375,13,22,5,3,32,6439,3609,2830,836,1562,4877,7.15857863643423,7.54081823219729,6.67112185159011,6.65172488038277,7.17687836107554,7.15271762148862,192
"194",2017,6,6.79615384615385,26,7.04545454545455,6.61333333333333,5.78833333333333,6.6,6.84285714285714,11,15,6,5,21,6465,3620,2845,842,1567,4898,7.15712108894045,7.53931298342542,6.67081716695958,6.64557244655582,7.1750376515635,7.15138910575746,193
"195",2017,7,7.12291666666667,24,7.51538461538462,6.65909090909091,6.8125,7.25,7.11136363636364,13,11,4,2,22,6489,3633,2856,846,1569,4920,7.15699458159963,7.53922736030829,6.67077200280112,6.64636170212766,7.17513320586361,7.1512101300813,194
"196",2017,8,6.94222222222222,45,7.5,6.40869565217391,7,7.66666666666667,6.89047619047619,22,23,4,3,42,6534,3655,2879,850,1572,4962,7.15551543311907,7.53899124487004,6.66867830496701,6.64802588235294,7.17607124681934,7.14900319226119,195
"197",2017,9,6.87254901960784,51,7.18333333333333,6.7030303030303,6.27272727272727,6.4,6.92391304347826,18,33,11,5,46,6585,3673,2912,861,1577,5008,7.1533238936978,7.53724829839369,6.66906759615385,6.64323112659698,7.17361065313887,7.14693567092652,196
"198",2017,10,7.21746031746032,63,7.37878787878788,7.04,7.15,6.96,7.23965517241379,33,30,8,5,58,6648,3706,2942,869,1582,5066,7.15393168471721,7.53583729087966,6.67285004758668,6.64789643268124,7.17293552465234,7.14799720489538,197
"199",2017,11,7.21178571428571,56,7.678125,6.59,6.3125,7.35714285714286,7.19102040816326,32,24,8,7,49,6704,3738,2966,877,1589,5115,7.15441495226731,7.53705537720707,6.67217964935941,6.64483694412771,7.17374701069855,7.14840935288368,198
"200",2017,12,7.25612244897959,49,7.37878787878788,7.003125,7.4375,7.66666666666667,7.19883720930233,33,16,4,6,43,6753,3771,2982,881,1595,5158,7.15515294535762,7.53567037920976,6.67395534540577,6.64843586833144,7.1756012539185,7.14882974796433,199
"201",2018,1,7.24491525423729,59,7.66805555555556,6.58260869565217,6.43333333333333,7.17222222222222,7.258,36,23,9,9,50,6812,3807,3005,890,1604,5208,7.15593039342337,7.53692224848963,6.67325618635608,6.6462606741573,7.17558229426434,7.14987784946237,200
"202",2018,2,7.16672131147541,61,7.34,7.01969696969697,7.11111111111111,7.02222222222222,7.19173076923077,28,33,9,9,52,6873,3835,3038,899,1613,5260,7.15602616615743,7.53548448500652,6.67701936800527,6.65091434927697,7.17472659640422,7.15029160456274,201
"203",2018,3,6.99038461538461,52,7.3125,6.71428571428571,6.76666666666667,6.7,7.05952380952381,24,28,9,10,42,6925,3859,3066,908,1623,5302,7.15478235956679,7.53409769370304,6.67735969993477,6.65206167400881,7.17180160197166,7.1495725839306,202
"204",2018,4,7.03055555555556,36,7.62666666666667,6.6047619047619,6.74285714285714,7.425,6.98125,15,21,7,4,32,6961,3874,3087,915,1627,5334,7.15413989943974,7.5344561177078,6.67686583738258,6.652756284153,7.17242409342348,7.14856277465317,203
"205",2018,5,6.7953488372093,43,7.4,6.47142857142857,5.75,5.75,6.9025641025641,15,28,4,4,39,7004,3889,3115,919,1631,5373,7.15193715591091,7.53393751607097,6.67501921027288,6.64882698585419,7.1689356223176,7.14677718965197,204
"206",2018,6,7.3725,36,7.66470588235294,7.11105263157895,6.9,6.5,7.51322580645161,17,19,4,5,31,7040,3906,3134,923,1636,5404,7.15306503409091,7.53450665642602,6.6776626802808,6.64991549295774,7.16689119804401,7.14887931902295,205
"207",2018,7,7.10375,40,7.53421052631579,6.71428571428571,6.66666666666667,7.625,7.07631578947368,19,21,6,2,38,7080,3925,3155,929,1638,5442,7.1527864180791,7.53450522292994,6.67790644690967,6.65002368137782,7.16745054945055,7.14837262771041,206
"208",2018,8,6.856,50,7.21538461538462,6.46666666666667,6.75,7.23,6.7625,26,24,6,10,40,7130,3951,3179,935,1648,5482,7.15070516690042,7.53240521386991,6.67631168291916,6.65066524064171,7.16783009708738,7.14555706676396,207
"209",2018,9,7.01753630434783,46,7.54839518518519,6.26315789473684,6.58333333333333,7.4375,6.92912289473684,27,19,6,8,38,7176,3978,3198,941,1656,5520,7.1498515203456,7.53251374308698,6.6738570481551,6.65023591923485,7.16913285024155,7.14406712137682,208
"210",2018,10,7.202,50,7.31034482758621,7.05238095238095,7.14285714285714,7.25,7.19285714285714,29,21,7,8,42,7226,4007,3219,948,1664,5562,7.15021235953501,7.53090583229349,6.67632644920783,6.65387341772152,7.16952163461538,7.14443554656599,209
"211",2018,11,7.16222222222222,45,7.58,6.64,6.25,7,7.1780487804878,25,20,6,4,41,7271,4032,3239,954,1668,5603,7.15028668821345,7.53121023561508,6.67610214263662,6.65133333333333,7.16911510791367,7.14468151169017,210
"212",2018,12,7.06333333333333,42,7.3695652173913,6.69263157894737,6.6,7.08333333333333,7.06,23,19,10,6,36,7313,4055,3258,964,1674,5639,7.14978729796254,7.53029338347719,6.67619853898097,6.65080082987552,7.16880764635603,7.14414089554886,211
"213",2019,1,6.71240740740741,54,6.99194444444444,6.15333333333333,5.33333333333333,6.28571428571429,6.77595744680851,36,18,3,7,47,7367,4091,3276,967,1681,5686,7.14658130989548,7.52555601808849,6.67332565323566,6.64671354705274,7.16513027959548,7.14109752198383,212
"214",2019,2,6.84583333333333,36,7.14047619047619,6.43333333333333,5.66666666666667,7.31428571428571,6.73275862068965,21,15,3,7,29,7403,4112,3291,970,1688,5715,7.1451188045387,7.52358941391051,6.67223179580675,6.6436824742268,7.16574881516588,7.13902546106737,213
"215",2019,3,6.60021739130435,46,7.17772727272727,6.07083333333333,5.16666666666667,5.726,6.70682926829268,22,24,9,5,41,7449,4134,3315,979,1693,5756,7.14175386092093,7.52174883164006,6.66787777978884,6.63010418794688,7.161496751329,7.1359469266852,214
"216",2019,4,6.98114285714286,35,7.45722222222222,6.47705882352941,6.3,6.9,6.99466666666667,18,17,5,5,30,7484,4152,3332,984,1698,5786,7.1410027405131,7.52146909200386,6.66690421368548,6.62842682926829,7.16072673733805,7.13521439854823,215
"217",2019,5,6.76,30,7.34545454545455,6.42105263157895,7,7.25,6.58181818181818,11,19,5,8,22,7514,4163,3351,989,1706,5808,7.13948156907107,7.52100400432381,6.66551024768726,6.63030535894843,7.16114536928488,7.13311820075758,216
"218",2019,6,7.32142857142857,28,7.82352941176471,6.54545454545455,6.25,6.125,7.52083333333333,17,11,6,4,24,7542,4180,3362,995,1710,5832,7.14015705515779,7.5222343708134,6.66511744199881,6.62801206030151,7.1587216374269,7.13471373628258,217
"219",2019,7,6.75957446808511,47,7.04761904761905,6.52692307692308,6,6.5,6.78372093023256,21,26,6,4,43,7589,4201,3388,1001,1714,5875,7.1378000408486,7.51986185908117,6.66405691853601,6.62424775224775,7.15718436406068,7.13214476765958,218
"220",2019,8,7.31434782608696,46,7.74333333333333,6.51,6.8,7.3,7.3165,30,16,3,6,40,7635,4231,3404,1004,1720,5915,7.13886372102161,7.52144638856063,6.66333279670976,6.62477290836653,7.15768255813953,7.13339146407439,219
"221",2019,9,6.97526315789474,38,7.38583333333333,6.27142857142857,6.5,6.76,7.00787878787879,24,14,4,5,33,7673,4255,3418,1008,1725,5948,7.13805350058647,7.52068147356052,6.66172757167935,6.62427777777778,7.15652985507246,7.13269510928044,220
"222",2019,10,6.85363636363636,44,7.05185185185185,6.53882352941176,7,6.96666666666667,6.84536585365854,27,17,3,3,41,7717,4282,3435,1011,1728,5989,7.1364318400933,7.51772528491359,6.66111931295488,6.62539268051434,7.15620023148148,7.13072808649191,221
"223",2019,11,7.07271111111111,54,7.74875555555556,6.39666666666667,6.81111111111111,7.00166666666667,7.08159166666667,27,27,9,6,48,7771,4309,3462,1020,1734,6037,7.13598905031528,7.51917291018798,6.65905685730792,6.62703137254902,7.15566551326413,7.13033740433991,222
"224",2019,12,6.99318181818182,44,7.38928571428571,6.3,6.3,6.5,7.08648648648649,28,16,10,7,37,7815,4337,3478,1030,1741,6074,7.13518501727447,7.51833434862809,6.65740507188039,6.62385631067961,7.15302929350948,7.13007028482055,223
"225",2020,1,6.71207547169811,53,6.92142857142857,6.4776,6.61428571428571,6.38888888888889,6.77818181818182,28,25,7,9,44,7868,4365,3503,1037,1750,6118,7.13233488942552,7.51450539977091,6.65612184984299,6.62379170684667,7.14909942857143,7.12753954069958,224
"226",2020,2,7.33636363636364,44,7.94137931034483,6.16666666666667,5.875,7.5,7.31052631578947,29,15,4,6,38,7912,4394,3518,1041,1756,6156,7.13346952856421,7.51732272872099,6.6540349175668,6.62091450528338,7.15029840546697,7.12866908869396,225
"227",2020,3,6.65470212765957,47,7.11569565217391,6.21291666666667,6.41666666666667,7.1435,6.58317073170732,23,24,6,6,41,7959,4417,3542,1047,1762,6197,7.13064228043724,7.51523139461173,6.65104597402598,6.61974403056351,7.1502752553916,7.12506001452316,226
"228",2020,4,7.04615384615385,52,7.54516129032258,6.30952380952381,6.8,7.5,7.00833333333333,31,21,5,4,48,8011,4448,3563,1052,1766,6245,7.13009385969292,7.515439988759,6.64903307325288,6.62060076045627,7.15106738391846,7.1241628358687,227
"229",2020,5,6.96666666666667,39,7.03571428571429,6.79090909090909,6.73333333333333,6.25,7.15161290322581,28,11,3,8,31,8050,4476,3574,1055,1774,6276,7.12930210062112,7.51243902368186,6.64946973698937,6.62092132701422,7.14700394588501,7.12429842415552,228
"230",2020,6,6.74509803921569,51,7.23333333333333,6.04761904761905,6.25,7.2,6.69565217391304,30,21,8,5,46,8101,4506,3595,1063,1779,6322,7.12688333662511,7.51058079671549,6.64595405841447,6.61812982126058,7.14715289488477,7.12117951755774,229
"231",2020,7,7.12692307692308,26,7.27142857142857,6.52,6,6.425,7.25454545454545,21,5,2,4,22,8127,4527,3600,1065,1783,6344,7.12688346376277,7.50947140932185,6.64577912222222,6.61696901408451,7.145532809871,7.12164200977302,230
"232",2020,8,6.7125,32,7.15555555555556,6.14285714285714,6.3,6.33333333333333,6.75172413793103,18,14,5,3,29,8159,4545,3614,1070,1786,6373,7.12525823140091,7.50806976237624,6.64383089097953,6.61548785046729,7.14416853303471,7.11995871802919,231
"233",2020,9,6.75909090909091,44,6.98148148148148,6.40588235294118,6.75,7.33333333333333,6.61142857142857,27,17,4,9,35,8203,4572,3631,1074,1795,6408,7.12329414970133,7.50495998906387,6.64271683833655,6.61598882681564,7.14511699164345,7.11718116573034,232
"234",2020,10,6.74888888888889,45,7.312,6.045,5.5,6.84444444444444,6.725,25,20,8,9,36,8248,4597,3651,1082,1804,6444,7.12125144398642,7.50391060909289,6.63944257463709,6.60773752310536,7.14361696230599,7.11499020949721,233
"235",2020,11,6.81090909090909,55,7.05,6.35789473684211,8.3,7.41666666666667,6.73673469387755,36,19,1,6,49,8303,4633,3670,1083,1810,6493,7.11919570155366,7.50038356788259,6.63798497002725,6.6093000923361,7.14452209944751,7.11213567072232,234
"236",2020,12,6.94847614285714,70,7.39983731707317,6.31034482758621,5.875,6.68888888888889,6.98677590163934,41,29,8,9,61,8373,4674,3699,1091,1819,6554,7.11776845097337,7.49950158322636,6.63541628548257,6.60391567369386,7.14226772952172,7.11096891058896,235
"237",2021,1,6.7125,52,7.35166666666667,5.84090909090909,6.33333333333333,7.07142857142857,6.65666666666667,30,22,3,7,45,8425,4704,3721,1094,1826,6599,7.11526709080119,7.49855875850341,6.63071884977157,6.60317367458866,7.14199616648412,7.10787092589787,236
"238",2021,2,6.88780487804878,41,7.23214285714286,6.14615384615385,4.66666666666667,7.58333333333333,6.76857142857143,28,13,3,6,35,8466,4732,3734,1097,1832,6634,7.11416551381999,7.49698233305157,6.62903182645956,6.59787784867821,7.14344159388646,7.10608083207719,237
"239",2021,3,7.00285714285714,35,7.48095238095238,6.28571428571429,6,7.775,6.77407407407407,21,14,3,8,27,8501,4753,3748,1100,1840,6661,7.11370723914834,7.49691150852094,6.62774942369264,6.59624727272727,7.1461875,7.10473506080169,238
"240",2021,4,6.6195652173913,46,6.93478260869565,6.30434782608696,6.66666666666667,7.38888888888889,6.43243243243243,23,23,6,9,37,8547,4776,3771,1106,1849,6698,7.11104776412776,7.49420443886098,6.62577693980377,6.59662929475588,7.14736884802596,7.10102123618991,239
"241",2021,5,6.7896123255814,43,7.32597689655172,5.67857142857143,5.21428571428571,8,6.76079357142857,29,14,7,1,42,8590,4805,3785,1113,1850,6740,7.10943871594878,7.49318912174818,6.62227340554822,6.58793530997304,7.14782972972973,7.09890112314541,240
"242",2021,6,7.29,30,7.58095238095238,6.61111111111111,7.125,6.66666666666667,7.44583333333333,21,9,4,6,24,8620,4826,3794,1117,1856,6764,7.11006711948956,7.49357101740572,6.62224692672641,6.58985854968666,7.14627424568966,7.10013210674158,241
"243",2021,7,6.875,40,7.06086956521739,6.62352941176471,6.72,7.45555555555556,6.70645161290323,23,17,5,9,31,8660,4849,3811,1122,1865,6795,7.1089813591224,7.49151860796041,6.62225264759906,6.5904385026738,7.14776675603217,7.09833606622517,242
"244",2021,8,6.99603594594595,37,7.65696954545455,6.02666666666667,5.1,6.725,7.02888878787879,22,15,4,4,33,8697,4871,3826,1126,1869,6828,7.10850085086812,7.4922658714843,6.61991762676425,6.58514387211368,7.14686195826645,7.09800042472174,243
"245",2021,9,7.27,30,7.67333333333333,6.86666666666667,6.1,7.34,7.256,15,15,5,5,25,8727,4886,3841,1131,1874,6853,7.10905602154234,7.49282174785101,6.62088123926061,6.5829991158267,7.1473772678762,7.09857681307457,244
"246",2021,10,7.11184210526316,38,7.15217391304348,7.05,6.97222222222222,6.85,7.15151515151515,23,15,9,5,33,8765,4909,3856,1140,1879,6886,7.10906810039932,7.49122572010593,6.62255052904565,6.58607192982456,7.14658594997339,7.09883051118211,245
"247",2021,11,7.08645833333333,48,7.23793103448276,6.85526315789474,6.58333333333333,7.375,7.01052631578947,29,19,3,10,38,8813,4938,3875,1143,1889,6924,7.10894495631454,7.48973816524909,6.62369157161291,6.58606474190726,7.14779512969825,7.09834588388216,246
"248",2021,12,6.76735849056604,53,7.13518518518519,6.38538461538462,5.84666666666667,7.36666666666667,6.64477272727273,27,26,9,9,44,8866,4965,3901,1152,1898,6968,7.10690298894654,7.48781008257805,6.62210326582928,6.58028819444444,7.14883298208641,7.09548175947188,247
"249",2022,1,6.72458211267606,71,6.93154463414634,6.44173333333333,5.66666666666667,5.66666666666667,6.77125485294118,41,30,3,3,68,8937,5006,3931,1155,1901,7036,7.10386564059528,7.48325417299241,6.62072674637497,6.57791515151515,7.14649395055234,7.09234824189881,248
"250",2022,2,6.92441860465116,43,7.21428571428571,6.38333333333333,5.1,6.84375,6.94285714285714,28,15,5,8,35,8980,5034,3946,1160,1909,7071,7.10300637305123,7.4817581227652,6.61982433857071,6.57154482758621,7.14522524882137,7.09160829161364,249
"251",2022,3,6.76331707317073,41,6.912,6.531,6.4,6.25857142857143,6.86723529411765,25,16,5,7,34,9021,5059,3962,1165,1916,7105,7.10146250193992,7.47894255584108,6.61946563351843,6.57080858369099,7.14198590814196,7.09053458550317,250
"252",2022,4,7.02906976744186,43,7.33392857142857,6.46,6.925,7.5,6.99375,28,15,4,3,40,9064,5087,3977,1169,1919,7145,7.10111906774051,7.47814436603106,6.61886417902942,6.57202053036783,7.14254559666493,7.08999275437369,251
"253",2022,5,7.72626315789474,38,7.8695652173913,7.50653333333333,6.58333333333333,8.15685714285714,7.62903225806452,23,15,6,7,31,9102,5110,3992,1175,1926,7176,7.10372898593716,7.47990614285715,6.62219960921844,6.57207829787234,7.14623208722741,7.0923213809922,252
"254",2022,6,6.95,31,7.43809523809524,5.925,6,6.5,6.98103448275862,21,10,1,2,29,9133,5131,4002,1176,1928,7205,7.10320718602869,7.47973502046385,6.62045748125937,6.57159183673469,7.1455617219917,7.09187345315754,253
"255",2022,7,7.19677419354839,31,7.63333333333333,6.59230769230769,6.5,8.5,7.10689655172414,18,13,2,2,29,9164,5149,4015,1178,1930,7234,7.1035237047141,7.48027197319868,6.62036633623911,6.57147028862479,7.14696528497409,7.09193367846282,254
"256",2022,8,6.76153846153846,39,6.92,6.47857142857143,5.6,7.75,6.64857142857143,25,14,2,4,35,9203,5174,4029,1180,1934,7269,7.1020744572422,7.47756482218787,6.61987362620998,6.56982372881356,7.14821251292658,7.08979890356308,255
"257",2022,9,7,17,7.7,6,6.25,7.6,6.75,10,7,2,5,12,9220,5184,4036,1182,1939,7281,7.1018862505423,7.47799390239198,6.61879852329039,6.56928257191201,7.14937751418257,7.08923887240764,256
"258",2022,10,7.4,18,7.54666666666667,6.66666666666667,NA,8,7.22857142857143,15,3,0,4,14,9238,5199,4039,1182,1943,7295,7.10246711734141,7.47819203500674,6.61883407774202,6.56928257191201,7.15112866700978,7.08950626867718,257
"259",2022,11,6.93234042553191,47,7.25941176470588,6.07692307692308,7,6.28571428571429,7.0455,34,13,2,7,40,9285,5233,4052,1184,1950,7335,7.10160594830372,7.47677056946303,6.61709546890425,6.57001013513513,7.14802205128205,7.08926628902523,258
"260",2022,12,6.992,50,7.528125,6.03888888888889,6.3,6.5875,7.06904761904762,32,18,5,8,42,9335,5265,4070,1189,1958,7377,7.10101887841457,7.4770826951567,6.61453828992629,6.56887468460891,7.14573186925434,7.08915117663007,259
