"","year","month","avg_rating","no_ratings","avg_rating_owned","avg_rating_not_owned","avg_rating_prev_owned","avg_rating_comment","avg_rating_no_comment","no_ratings_owned","no_ratings_not_owned","no_ratings_prev_owned","no_ratings_comment","no_ratings_no_comment","cum_no_ratings","cum_no_ratings_owned","cum_no_ratings_not_owned","cum_no_ratings_prev_owned","cum_no_ratings_comment","cum_no_ratings_no_comment","cum_avg_rating","cum_avg_rating_owned","cum_avg_rating_not_owned","cum_avg_rating_prev_owned","cum_avg_rating_comment","cum_avg_rating_no_comment","month_after_release"
"1",2001,5,6,1,6,NA,NA,6,NA,1,0,0,1,0,1,1,0,0,1,0,6,6,NA,NA,6,NA,0
"2",2001,6,8,1,8,NA,NA,8,NA,1,0,0,1,0,2,2,0,0,2,0,7,7,NA,NA,7,NA,1
"3",2001,8,6,1,6,NA,NA,6,NA,1,0,0,1,0,3,3,0,0,3,0,6.66666666666667,6.66666666666667,NA,NA,6.66666666666667,NA,3
"4",2001,9,5.33333333333333,3,7,2,NA,5,6,2,1,0,2,1,6,5,1,0,5,1,6,6.8,2,NA,6,6,4
"5",2001,10,6.83333333333333,3,6.83333333333333,NA,NA,NA,6.83333333333333,3,0,0,0,3,9,8,1,0,5,4,6.27777777777778,6.8125,2,NA,6,6.625,5
"6",2001,11,3,2,NA,3,NA,2,4,0,2,0,1,1,11,8,3,0,6,5,5.68181818181818,6.8125,2.66666666666667,NA,5.33333333333333,6.1,6
"7",2002,1,7,2,7,NA,NA,6,8,2,0,0,1,1,13,10,3,0,7,6,5.88461538461539,6.85,2.66666666666667,NA,5.42857142857143,6.41666666666667,8
"8",2002,3,6,1,6,NA,NA,6,NA,1,0,0,1,0,14,11,3,0,8,6,5.89285714285714,6.77272727272727,2.66666666666667,NA,5.5,6.41666666666667,10
"9",2002,4,10,1,10,NA,NA,NA,10,1,0,0,0,1,15,12,3,0,8,7,6.16666666666667,7.04166666666667,2.66666666666667,NA,5.5,6.92857142857143,11
"10",2002,5,9,1,9,NA,NA,9,NA,1,0,0,1,0,16,13,3,0,9,7,6.34375,7.19230769230769,2.66666666666667,NA,5.88888888888889,6.92857142857143,12
"11",2002,6,8.5,2,8.5,NA,NA,10,7,2,0,0,1,1,18,15,3,0,10,8,6.58333333333333,7.36666666666667,2.66666666666667,NA,6.3,6.9375,13
"12",2002,7,7.33333333333333,3,8,6,NA,NA,7.33333333333333,2,1,0,0,3,21,17,4,0,10,11,6.69047619047619,7.44117647058824,3.5,NA,6.3,7.04545454545455,14
"13",2002,8,6.25,4,7,5.5,NA,6,6.33333333333333,2,2,0,1,3,25,19,6,0,11,14,6.62,7.39473684210526,4.16666666666667,NA,6.27272727272727,6.89285714285714,15
"14",2002,9,5.125,4,7,4.5,NA,5.5,4.75,1,3,0,2,2,29,20,9,0,13,16,6.41379310344828,7.375,4.27777777777778,NA,6.15384615384615,6.625,16
"15",2002,10,8,1,8,NA,NA,8,NA,1,0,0,1,0,30,21,9,0,14,16,6.46666666666667,7.40476190476191,4.27777777777778,NA,6.28571428571429,6.625,17
"16",2002,11,6,4,6,6,NA,6.5,5.5,3,1,0,2,2,34,24,10,0,16,18,6.41176470588235,7.22916666666667,4.45,NA,6.3125,6.5,18
"17",2002,12,4.85714285714286,7,6.25,3,NA,4,5.5,4,3,0,3,4,41,28,13,0,19,22,6.14634146341463,7.08928571428571,4.11538461538461,NA,5.94736842105263,6.31818181818182,19
"18",2003,1,4.27272727272727,11,5.4,3.33333333333333,NA,3,5,5,6,0,4,7,52,33,19,0,23,29,5.75,6.83333333333333,3.86842105263158,NA,5.43478260869565,6,20
"19",2003,2,6,4,6.5,5.5,NA,NA,6,2,2,0,0,4,56,35,21,0,23,33,5.76785714285714,6.81428571428571,4.02380952380952,NA,5.43478260869565,6,21
"20",2003,3,6.66666666666667,3,6.66666666666667,NA,NA,8,6,3,0,0,1,2,59,38,21,0,24,35,5.8135593220339,6.80263157894737,4.02380952380952,NA,5.54166666666667,6,22
"21",2003,4,3.83333333333333,6,4.25,3,NA,NA,3.83333333333333,4,2,0,0,6,65,42,23,0,24,41,5.63076923076923,6.55952380952381,3.93478260869565,NA,5.54166666666667,5.68292682926829,23
"22",2003,5,5.57142857142857,14,6.28571428571429,4.85714285714286,NA,5.54545454545455,5.66666666666667,7,7,0,11,3,79,49,30,0,35,44,5.62025316455696,6.52040816326531,4.15,NA,5.54285714285714,5.68181818181818,24
"23",2003,6,5.57692307692308,13,7.6,4.3125,NA,5.21428571428571,6,5,8,0,7,6,92,54,38,0,42,50,5.61413043478261,6.62037037037037,4.18421052631579,NA,5.48809523809524,5.72,25
"24",2003,7,5.81818181818182,33,6.57142857142857,5.26315789473684,7,6.33076923076923,5.485,14,19,2,13,20,125,68,57,2,55,70,5.668,6.61029411764706,4.54385964912281,7,5.68727272727273,5.65285714285714,26
"25",2003,8,6.6875,8,7.25,5,NA,6.875,6.5,6,2,0,4,4,133,74,59,2,59,74,5.72932330827068,6.66216216216216,4.55932203389831,7,5.76779661016949,5.69864864864865,27
"26",2003,9,6.44444444444444,9,7,5.33333333333333,7,4,7.14285714285714,6,3,1,2,7,142,80,62,3,61,81,5.77464788732394,6.6875,4.59677419354839,7,5.70983606557377,5.82345679012346,28
"27",2003,10,4.83333333333333,6,6,4.25,NA,5,4.5,2,4,0,4,2,148,82,66,3,65,83,5.73648648648649,6.67073170731707,4.57575757575758,7,5.66615384615385,5.79156626506024,29
"28",2003,11,5.75,4,6,5.5,NA,NA,5.75,2,2,0,0,4,152,84,68,3,65,87,5.73684210526316,6.65476190476191,4.60294117647059,7,5.66615384615385,5.78965517241379,30
"29",2003,12,6.41666666666667,12,7.66666666666667,5.16666666666667,NA,6.66666666666667,6.33333333333333,6,6,0,3,9,164,90,74,3,68,96,5.78658536585366,6.72222222222222,4.64864864864865,7,5.71029411764706,5.840625,31
"30",2004,1,5.275,20,6.4,4.9,NA,4.875,5.54166666666667,5,15,0,8,12,184,95,89,3,76,108,5.73097826086957,6.70526315789474,4.69101123595506,7,5.62236842105263,5.80740740740741,32
"31",2004,2,6.20454545454545,22,6.71428571428571,5.3125,4,6,6.23684210526316,14,8,2,3,19,206,109,97,5,79,127,5.78155339805825,6.70642201834862,4.74226804123711,5.8,5.63670886075949,5.87165354330709,33
"32",2004,3,7.83333333333333,6,8.5,6.5,NA,7.33333333333333,8.33333333333333,4,2,0,3,3,212,113,99,5,82,130,5.83962264150943,6.76991150442478,4.77777777777778,5.8,5.69878048780488,5.92846153846154,34
"33",2004,4,6.57692307692308,13,6.61111111111111,6.5,NA,6.625,6.5,9,4,0,8,5,225,122,103,5,90,135,5.88222222222222,6.75819672131148,4.84466019417476,5.8,5.78111111111111,5.94962962962963,35
"34",2004,5,5.80769230769231,13,5.86363636363636,5.5,NA,5.4,6.0625,11,2,0,5,8,238,133,105,5,95,143,5.8781512605042,6.68421052631579,4.85714285714286,5.8,5.76105263157895,5.95594405594406,36
"35",2004,6,6.07142857142857,14,6.44444444444444,5.4,5.66666666666667,6.2,6,9,5,3,5,9,252,142,110,8,100,152,5.88888888888889,6.66901408450704,4.88181818181818,5.75,5.783,5.95855263157895,37
"36",2004,7,6,11,6.125,5.66666666666667,6,5.92857142857143,6.125,8,3,1,7,4,263,150,113,9,107,156,5.893536121673,6.64,4.90265486725664,5.77777777777778,5.79252336448598,5.96282051282051,38
"37",2004,8,6.86363636363636,11,7.5,4,4,6.3,7.33333333333333,9,2,1,5,6,274,159,115,10,112,162,5.93248175182482,6.68867924528302,4.88695652173913,5.6,5.81517857142857,6.01358024691358,39
"38",2004,9,5.79166666666667,12,6.42857142857143,4.9,NA,5.33333333333333,6.25,7,5,0,6,6,286,166,120,10,118,168,5.92657342657343,6.67771084337349,4.8875,5.6,5.79067796610169,6.02202380952381,40
"39",2004,10,6.03571428571429,14,6.16666666666667,5.8,7,6.6,5.72222222222222,9,5,1,5,9,300,175,125,11,123,177,5.93166666666667,6.65142857142857,4.924,5.72727272727273,5.82357723577236,6.00677966101695,41
"40",2004,11,6.5,19,6.84615384615385,5.75,7,6.41666666666667,6.53846153846154,13,6,1,6,13,319,188,131,12,129,190,5.96551724137931,6.66489361702128,4.9618320610687,5.83333333333333,5.85116279069767,6.04315789473684,42
"41",2004,12,5.77272727272727,11,5.78571428571429,5.75,6,6.1,5.5,7,4,2,5,6,330,195,135,14,134,196,5.95909090909091,6.63333333333333,4.98518518518518,5.85714285714286,5.86044776119403,6.0265306122449,43
"42",2005,1,6.36764705882353,34,6.61904761904762,5.96153846153846,7,6.70833333333333,6.18181818181818,21,13,1,12,22,364,216,148,15,146,218,5.99725274725275,6.63194444444444,5.07094594594595,5.93333333333333,5.93013698630137,6.04220183486238,44
"43",2005,2,5.39473684210526,19,5.78571428571429,4.3,NA,4.625,6.71428571428571,14,5,0,12,7,383,230,153,15,158,225,5.96736292428198,6.5804347826087,5.04575163398693,5.93333333333333,5.83101265822785,6.06311111111111,45
"44",2005,3,6.04,20,6.48,5.6,6,5.98461538461538,6.14285714285714,10,10,2,13,7,403,240,163,17,171,232,5.97096774193548,6.57625,5.07975460122699,5.94117647058824,5.84269005847953,6.06551724137931,46
"45",2005,4,5.71428571428571,21,6.38461538461539,4.625,4.33333333333333,5.36363636363636,6.1,13,8,3,11,10,424,253,171,20,182,242,5.95825471698113,6.56640316205534,5.05847953216374,5.7,5.81373626373626,6.06694214876033,47
"46",2005,5,6.1,15,6.85714285714286,5.4375,NA,4,6.86363636363636,7,8,0,4,11,439,260,179,20,186,253,5.96309794988611,6.57423076923077,5.07541899441341,5.7,5.7747311827957,6.10158102766798,48
"47",2005,6,5.76666666666667,15,6.11111111111111,5.25,4.5,3.8,6.75,9,6,2,5,10,454,269,185,22,191,263,5.95660792951542,6.55873605947955,5.08108108108108,5.59090909090909,5.72303664921466,6.12623574144487,49
"48",2005,7,5.63157894736842,19,6.07142857142857,4.4,NA,5.66666666666667,5.61538461538461,14,5,0,6,13,473,283,190,22,197,276,5.94355179704017,6.53462897526502,5.06315789473684,5.59090909090909,5.72131979695431,6.10217391304348,50
"49",2005,8,5.75833333333333,30,6.125,5.4375,5.2,5.57692307692308,5.89705882352941,14,16,5,13,17,503,297,206,27,210,293,5.93250497017893,6.51531986531987,5.09223300970874,5.51851851851852,5.71238095238095,6.09027303754266,51
"50",2005,9,5.719,25,6.51,5.19166666666667,6.875,5.36666666666667,6.2475,10,15,4,15,10,528,307,221,31,225,303,5.92239583333333,6.51514657980456,5.09898190045249,5.69354838709677,5.68933333333333,6.09546204620462,52
"51",2005,10,5.24285714285714,35,5.925,4.33333333333333,5,4.78571428571429,5.54761904761905,20,15,2,14,21,563,327,236,33,239,324,5.88015097690941,6.47905198776758,5.05031779661017,5.65151515151515,5.63640167364017,6.0599537037037,53
"52",2005,11,6.33333333333333,24,7.38461538461539,5.09090909090909,6,6.07142857142857,6.44117647058824,13,11,1,7,17,587,340,247,34,246,341,5.8986797274276,6.51367647058823,5.05212550607287,5.66176470588235,5.64878048780488,6.07895894428152,54
"53",2005,12,6.18055555555556,36,6.58333333333333,5.375,5,6.36666666666667,6.04761904761905,24,12,2,15,21,623,364,259,36,261,362,5.91496789727127,6.51826923076923,5.06708494208494,5.625,5.69003831417624,6.0771408839779,55
"54",2006,1,6.125,32,6.2,6,4.5,5.71428571428571,6.44444444444444,20,12,3,14,18,655,384,271,39,275,380,5.92522900763359,6.50169270833333,5.10839483394834,5.53846153846154,5.69127272727273,6.09453947368421,56
"55",2006,2,6.17391304347826,23,6.67647058823529,4.75,NA,5.5,6.79166666666667,17,6,0,11,12,678,401,277,39,286,392,5.93366519174041,6.50910224438903,5.10063176895307,5.53846153846154,5.68391608391608,6.11588010204082,57
"56",2006,3,5.56333333333333,30,5.8047619047619,5,6.5,4.95384615384615,6.02941176470588,21,9,2,13,17,708,422,286,41,299,409,5.91797316384181,6.47405213270142,5.09746503496504,5.58536585365854,5.65217391304348,6.11228606356968,58
"57",2006,4,5.69166666666667,24,6.3,4.67777777777778,6.5,4.82,5.92105263157895,15,9,2,5,19,732,437,295,43,304,428,5.91055327868852,6.46807780320366,5.08466101694915,5.62790697674419,5.63848684210526,6.10379672897196,59
"58",2006,5,5.56666666666667,15,6.55555555555556,4.08333333333333,4,5.42857142857143,5.6875,9,6,1,7,8,747,446,301,44,311,436,5.90364792503347,6.46984304932735,5.06470099667774,5.59090909090909,5.63376205787781,6.09615825688073,60
"59",2006,6,6.41666666666667,18,6.88461538461539,5.2,NA,5.5,7.5625,13,5,0,10,8,765,459,306,44,321,444,5.91571895424837,6.48159041394335,5.06691176470588,5.59090909090909,5.62959501557632,6.12257882882883,61
"60",2006,7,5.66666666666667,30,6.65,3.7,4,6.16666666666667,5.33333333333333,20,10,3,12,18,795,479,316,47,333,462,5.90632075471698,6.48862212943633,5.02365506329114,5.48936170212766,5.64894894894895,6.091829004329,62
"61",2006,8,5.70625,16,6.45,4.46666666666667,4.5,4.2,6.20833333333333,10,6,2,4,12,811,489,322,49,337,474,5.90237361282367,6.48783231083845,5.01327639751553,5.44897959183673,5.63175074183976,6.09477848101266,63
"62",2006,9,5.30740740740741,27,6.30714285714286,4.23076923076923,4.75,4.44166666666667,6,14,13,2,12,15,838,503,335,51,349,489,5.88320405727924,6.48280318091451,4.98291044776119,5.42156862745098,5.59083094555874,6.09187116564417,64
"63",2006,10,6.5,18,7,5.71428571428571,5,4.75,7,11,7,2,4,14,856,514,342,53,353,503,5.89617406542056,6.49387159533074,4.99788011695906,5.40566037735849,5.58130311614731,6.11714711729622,65
"64",2006,11,5.85384615384615,26,6.41333333333333,5.09090909090909,4.5,5.82307692307692,5.88461538461539,15,11,2,13,13,882,529,353,55,366,516,5.89492630385488,6.49158790170132,5.0007790368272,5.37272727272727,5.58989071038251,6.11128875968992,66
"65",2006,12,6.06481481481481,54,6.703125,5.13636363636364,5.4,5.65789473684211,6.28571428571429,32,22,5,19,35,936,561,375,60,385,551,5.90472756410256,6.50365418894831,5.00873333333333,5.375,5.59324675324675,6.12236842105263,67
"66",2007,1,5.38425925925926,54,5.79411764705882,4.6875,5.5,5.63333333333333,5.28846153846154,34,20,3,15,39,990,595,395,63,400,590,5.87633838383838,6.46310924369748,4.99246835443038,5.38095238095238,5.59475,6.06724576271186,68
"67",2007,2,6.06451612903226,31,6.3125,5.8,6,6.34615384615385,5.86111111111111,16,15,5,13,18,1021,611,410,68,413,608,5.88205190989226,6.45916530278232,5.02201219512195,5.42647058823529,5.618401937046,6.06114309210526,69
"68",2007,3,6.48709677419355,31,6.96666666666667,5.82307692307692,5.5,6.95714285714286,6.35,18,13,1,7,24,1052,629,423,69,420,632,5.89988117870722,6.47368839427663,5.04663120567376,5.42753623188406,5.64071428571429,6.07211234177215,70
"69",2007,4,5.48387096774194,31,6,4.54545454545455,NA,5.23333333333333,5.71875,20,11,0,15,16,1083,649,434,69,435,648,5.88797322253001,6.45909090909091,5.03392857142857,5.42753623188406,5.62666666666667,6.06338734567901,71
"70",2007,5,6.15135135135135,37,6.42916666666667,5.63846153846154,6.2,5.74545454545455,6.32307692307692,24,13,5,11,26,1120,673,447,74,446,674,5.89667410714286,6.45802377414562,5.05151006711409,5.47972972972973,5.62959641255605,6.07340504451039,72
"71",2007,6,5.6,27,6.47692307692308,4.78571428571429,5,5.47,5.67647058823529,13,14,4,10,17,1147,686,461,78,456,691,5.88969049694856,6.45838192419825,5.04343817787419,5.4551282051282,5.62609649122807,6.06363965267728,73
"72",2007,7,5.47058823529412,17,5.5,5.42857142857143,7,4,6.5,10,7,1,7,10,1164,696,468,79,463,701,5.88356958762887,6.44461206896552,5.04919871794872,5.4746835443038,5.60151187904968,6.06986447931526,74
"73",2007,8,5.92,25,6.52941176470588,4.625,5,5.5,6.08333333333333,17,8,1,7,18,1189,713,476,80,470,719,5.88433557611438,6.44663394109397,5.04206932773109,5.46875,5.6,6.0702016689847,75
"74",2007,9,6.23529411764706,34,6.57692307692308,5.125,4.5,5.97368421052632,6.56666666666667,26,8,2,19,15,1223,739,484,82,489,734,5.89409239574816,6.45121786197564,5.04344008264463,5.44512195121951,5.61451942740286,6.08034741144414,76
"75",2007,10,6.325,32,6.66111111111111,5.89285714285714,9,5.98888888888889,6.45652173913043,18,14,2,9,23,1255,757,498,84,498,757,5.9050796812749,6.45620871862616,5.06731927710843,5.5297619047619,5.62128514056225,6.09177675033025,77
"76",2007,11,5.30232558139535,43,6.09615384615385,4.08823529411765,6,5.07692307692308,5.4,26,17,4,13,30,1298,783,515,88,511,787,5.88511171032357,6.44425287356322,5.035,5.55113636363636,5.60743639921722,6.06540660736976,78
"77",2007,12,5.71384615384615,65,5.7025641025641,5.73076923076923,6,5.49130434782609,5.83571428571429,39,26,3,23,42,1363,822,541,91,534,829,5.87694424064563,6.40906326034063,5.06843807763401,5.56593406593407,5.60243445692884,6.05376960193004,79
"78",2008,1,5.9012987012987,77,6.30392156862745,5.11153846153846,5,5.94666666666667,5.87234042553191,51,26,3,30,47,1440,873,567,94,564,876,5.87824652777778,6.40292096219931,5.07041446208113,5.54787234042553,5.62074468085106,6.04403538812785,80
"79",2008,2,5.59142857142857,35,6.3,4.64666666666667,5.875,5.11904761904762,6.3,20,15,4,21,14,1475,893,582,98,585,890,5.8714406779661,6.40061590145577,5.05949312714777,5.56122448979592,5.60273504273504,6.04806179775281,81
"80",2008,3,5.77941176470588,34,6.41176470588235,5.14705882352941,5.25,5.25,6.25,17,17,6,16,18,1509,910,599,104,601,908,5.86936713055003,6.40082417582417,5.06197829716194,5.54326923076923,5.59334442595674,6.05206497797357,82
"81",2008,4,5.38541666666667,24,5.59210526315789,4.6,6,5.45,5.33928571428571,19,5,1,10,14,1533,929,604,105,611,922,5.86179060665362,6.38428417653391,5.05815397350993,5.54761904761905,5.59099836333879,6.04124186550976,83
"82",2008,5,5.93125,32,6.66666666666667,4.98571428571429,5.25,5.30769230769231,6.35789473684211,18,14,4,13,19,1565,947,618,109,624,941,5.86321086261981,6.389651531151,5.05651294498382,5.53669724770642,5.58509615384615,6.04763549415515,84
"83",2008,6,6.10185185185185,27,6.33333333333333,5.63888888888889,6.5,6.8,5.94318181818182,18,9,2,5,22,1592,965,627,111,629,963,5.86725816582915,6.38860103626943,5.06487240829346,5.55405405405405,5.59475357710652,6.0452492211838,85
"84",2008,7,5.6,40,6.57142857142857,4.52631578947368,4.75,5.46666666666667,5.68,21,19,4,15,25,1632,986,646,115,644,988,5.86070772058823,6.39249492900608,5.04903250773994,5.52608695652174,5.5917701863354,6.03600708502024,86
"85",2008,8,5.90476190476191,21,6.16666666666667,5.70833333333333,5.55,5.05,6.10588235294118,9,12,6,4,17,1653,995,658,121,648,1005,5.86126739261948,6.39045226130653,5.06105623100304,5.52727272727273,5.58842592592593,6.03718905472637,87
"86",2008,9,5.67777777777778,27,5.94736842105263,5.0375,4,6.3,5.5,19,8,1,6,21,1680,1014,666,122,654,1026,5.85831845238095,6.38214990138067,5.06077327327327,5.51475409836066,5.59495412844037,6.02619395711501,88
"87",2008,10,5.95652173913043,23,6,5.85714285714286,5.66666666666667,6.4,5.83333333333333,16,7,3,5,18,1703,1030,673,125,659,1044,5.85964474456841,6.37621359223301,5.06905646359584,5.5184,5.601062215478,6.02286877394636,89
"88",2008,11,4.8609756097561,41,5.2304347826087,4.38888888888889,5.16666666666667,4.25384615384615,5.14285714285714,23,18,6,13,28,1744,1053,691,131,672,1072,5.83616685779816,6.35118708452042,5.05133863965268,5.50229007633588,5.575,5.99988339552239,90
"89",2008,12,5.68157894736842,38,6.056,4.96153846153846,5.33333333333333,4.8125,5.91333333333333,25,13,3,8,30,1782,1078,704,134,680,1102,5.83287037037037,6.3443413729128,5.04968039772727,5.49850746268657,5.56602941176471,5.99752722323049,91
"90",2009,1,5.48833333333333,60,6.04814814814815,5.03030303030303,5.35714285714286,4.85294117647059,5.73953488372093,27,33,14,17,43,1842,1105,737,148,697,1145,5.82164766558089,6.33710407239819,5.04881275440977,5.48513513513513,5.54863701578192,5.9878384279476,92
"91",2009,2,5.78928571428571,56,6.29722222222222,4.875,3.9375,5.51052631578947,5.93243243243243,36,20,8,19,37,1898,1141,757,156,716,1182,5.8206928345627,6.33584574934268,5.04422060766182,5.40576923076923,5.54762569832402,5.98610406091371,93
"92",2009,3,5.76666666666667,51,6.01875,5.34210526315789,5.5,6.06666666666667,5.67435897435897,32,19,9,12,39,1949,1173,776,165,728,1221,5.81927911749615,6.32719522591645,5.05151417525773,5.41090909090909,5.55618131868132,5.9761466011466,94
"93",2009,4,5.875,34,6.38461538461539,5.55952380952381,5.75,7,5.725,13,21,4,4,30,1983,1186,797,169,732,1251,5.82023449319213,6.32782462057336,5.06489962358846,5.4189349112426,5.56407103825137,5.9701239008793,95
"94",2009,5,5.6,41,6.28125,5.164,4.96363636363636,5.76923076923077,5.52142857142857,16,25,11,13,28,2024,1202,822,180,745,1279,5.81577322134387,6.32720465890183,5.06791362530414,5.39111111111111,5.56765100671141,5.96030101641908,96
"95",2009,6,5.57352941176471,34,5.91176470588235,5.23529411764706,5,6.1,5.15789473684211,17,17,5,15,19,2058,1219,839,185,760,1298,5.81177113702624,6.3214109926169,5.07130512514899,5.38054054054054,5.57815789473684,5.94855546995378,97
"96",2009,7,5.29903846153846,52,6.16904761904762,4.70967741935484,4.9,4.68333333333333,5.625,21,31,10,18,34,2110,1240,870,195,778,1332,5.79913507109005,6.31883064516129,5.05841954022989,5.35589743589744,5.55745501285347,5.94029654654655,98
"97",2009,8,5.31666666666667,30,6.20833333333333,4.72222222222222,5.33333333333333,4.8,5.575,12,18,6,10,20,2140,1252,888,201,788,1352,5.7923714953271,6.31777156549521,5.05160472972973,5.35522388059702,5.54784263959391,5.93489275147929,99
"98",2009,9,5.85806451612903,31,6.25,5.53529411764706,5.5,5.41666666666667,6.13684210526316,14,17,9,12,19,2171,1266,905,210,800,1371,5.7933095347766,6.31702211690363,5.06069060773481,5.36142857142857,5.545875,5.93769146608315,100
"99",2009,10,5.73484818181818,33,6.42857095238095,4.52083333333333,5.25,5.60714214285714,5.82894736842105,21,12,4,14,19,2204,1287,917,214,814,1390,5.79243420598911,6.31884226107226,5.05362595419847,5.35934579439252,5.54692873464374,5.93620503597123,101
"100",2009,11,5.69512195121951,41,6.22222222222222,5.28260869565217,5.83333333333333,4.6,6.04838709677419,18,23,6,10,31,2245,1305,940,220,824,1421,5.79065701113586,6.31750957088123,5.05922872340426,5.37227272727273,5.53543688106796,5.93865235749472,102
"101",2009,12,5.36842105263158,57,5.86363636363636,4.6875,5.8,4.94117647058824,5.55,33,24,5,17,40,2302,1338,964,225,841,1461,5.78020199391833,6.30631538863976,5.04997406639004,5.38177777777778,5.52342448275862,5.92801163586585,103
"102",2010,1,5.71,45,6.19354838709677,4.63928571428571,4.75,4.70454545454545,6.03529411764706,31,14,6,11,34,2347,1369,978,231,852,1495,5.77885598210481,6.30376186267348,5.04409509202454,5.36536796536797,5.51285210093897,5.93045150501673,104
"103",2010,2,5.65540540540541,37,6.06578947368421,5.22222222222222,5.83333333333333,5.75,5.61,19,18,6,12,25,2384,1388,996,237,864,1520,5.77694001258389,6.30050431556196,5.04731425702811,5.37721518987342,5.51614582175926,5.92518092105263,105
"104",2010,3,6.03448275862069,29,6.16666666666667,5.6875,5.66666666666667,5.16666666666667,6.13461538461539,21,8,3,3,26,2413,1409,1004,240,867,1546,5.78003522171571,6.29850957416607,5.05241533864542,5.38083333333333,5.51493655132641,5.92870310478655,106
"105",2010,4,6.1,23,6,6.20909090909091,6.06,6,6.12777777777778,12,11,5,5,18,2436,1421,1015,245,872,1564,5.78305623563218,6.29598873328642,5.06495073891626,5.39469387755102,5.51771787844037,5.9309942455243,107
"106",2010,5,6.07666666666667,30,6.05416666666667,6.16666666666667,6,5.9,6.165,24,6,2,10,20,2466,1445,1021,247,882,1584,5.78662813868613,6.29197231141868,5.0714250734574,5.3995951417004,5.52205214285714,5.93394886363637,108
"107",2010,6,5.05,17,5.05,5.05,3.91666666666667,4.7,5.19583333333333,10,7,3,5,12,2483,1455,1028,250,887,1596,5.78158477245268,6.28343641924399,5.07127918287938,5.3818,5.51741825253664,5.92839912280702,109
"108",2010,7,5.88709677419355,31,6.22727272727273,5.05555555555556,6,5.75,5.90740740740741,22,9,1,4,27,2514,1477,1037,251,891,1623,5.78288583532219,6.2825998578199,5.07114271938284,5.38426294820717,5.51846239057239,5.92804990757856,110
"109",2010,8,5.79666666666667,30,6.03125,5.52857142857143,5,5.8125,5.79090909090909,16,14,3,8,22,2544,1493,1051,254,899,1645,5.78304834512578,6.27990622237106,5.07723596574691,5.37972440944882,5.52107896551724,5.92621580547113,111
"110",2010,9,5.40833333333333,30,6.56666666666667,4.25,4.53571428571429,5.38888888888889,5.41666666666667,15,15,7,9,21,2574,1508,1066,261,908,1666,5.77868103729604,6.28275861405835,5.065595684803,5.35708812260536,5.51976871145375,5.91979291716687,112
"111",2010,10,6.02631578947368,19,6.53846153846154,4.91666666666667,5.5,6,6.03846153846154,13,6,5,6,13,2593,1521,1072,266,914,1679,5.78049556112611,6.28494410913872,5.06476212686567,5.35977443609023,5.52292121444201,5.92071173317451,113
"112",2010,11,5.96969696969697,33,6.525,5.11538461538461,5.5,5.71428571428571,6.15789473684211,20,13,3,14,19,2626,1541,1085,269,928,1698,5.7828731873572,6.28805969500324,5.06536866359447,5.36133828996283,5.52580817887931,5.92336572438163,114
"113",2010,12,5.79090909090909,44,6.31739130434783,5.21428571428571,4.71428571428571,6.21428571428571,5.71081081081081,23,21,7,7,37,2670,1564,1106,276,935,1735,5.78300561423221,6.28849104219949,5.06819620253165,5.34492753623188,5.53096255614973,5.91883285302594,115
"114",2011,1,6.23846153846154,65,6.71428571428571,5.3695652173913,4.88888888888889,5.44736842105263,6.56521739130435,42,23,9,19,46,2735,1606,1129,285,954,1781,5.79382997806216,6.29962639476961,5.07433569530558,5.33052631578947,5.52929768343816,5.93552779337451,116
"115",2011,2,5.69897959183673,49,5.90151515151515,5.28125,5.375,5.25,5.84459459459459,33,16,4,12,37,2784,1639,1145,289,966,1818,5.79216055675287,6.29161073215375,5.07722707423581,5.33114186851211,5.52582814699793,5.93367711771177,117
"116",2011,3,5.953125,32,5.97826086956522,5.88888888888889,5.5,6.25,5.93333333333333,23,9,2,2,30,2816,1662,1154,291,968,1848,5.79398969815341,6.2872743622142,5.08355719237435,5.33230240549828,5.52732436983471,5.93367153679654,118
"117",2011,4,5.64827586206897,29,5.9,5.08888888888889,5,5,5.85454545454545,20,9,3,7,22,2845,1682,1163,294,975,1870,5.79250439015817,6.28266943519619,5.08359845227859,5.32891156462585,5.52353845128205,5.93274064171123,119
"118",2011,5,5.89090909090909,22,6.15555555555556,4.7,4,6.46,5.72352941176471,18,4,1,5,17,2867,1700,1167,295,980,1887,5.79325950122079,6.28132352352941,5.08228363324764,5.32440677966102,5.52831631632653,5.93085585585586,120
"119",2011,6,5.4,25,5.57142857142857,5.18181818181818,4.6,4.5,5.57142857142857,14,11,5,4,21,2892,1714,1178,300,984,1908,5.78985995504841,6.27552508168028,5.08321307300509,5.31233333333333,5.52413616869919,5.9268998951782,121
"120",2011,7,5.99464285714286,28,6.75588235294118,4.81818181818182,5.66666666666667,6.06666666666667,5.975,17,11,3,6,22,2920,1731,1189,303,990,1930,5.79182362671233,6.28024262853842,5.08076114381833,5.31584158415842,5.52742423232323,5.9274481865285,122
"121",2011,8,5.76666666666667,36,5.92962962962963,5.27777777777778,5.6,5.16666666666667,5.88666666666667,27,9,5,6,30,2956,1758,1198,308,996,1960,5.7915172496617,6.27485778725825,5.08224123539232,5.32045454545455,5.5252509939759,5.92682397959184,123
"122",2011,9,5.60434782608696,23,5.7,5.425,5,5.5,5.63333333333333,15,8,3,5,18,2979,1773,1206,311,1001,1978,5.79007216851292,6.26999435420192,5.08451492537313,5.31736334405145,5.52512486513487,5.92415318503539,124
"123",2011,10,5.51219512195122,41,6.03703703703704,4.5,4.6,5.2,5.61290322580645,27,14,5,10,31,3020,1800,1220,316,1011,2009,5.78629966556291,6.26649999444444,5.07780737704918,5.30601265822785,5.52190899109792,5.91935042309607,125
"124",2011,11,5.61111111111111,36,6.10416666666667,4.625,4.5,6.3125,5.41071428571429,24,12,3,8,28,3056,1824,1232,319,1019,2037,5.78423592604712,6.26436402960526,5.07339691558442,5.29843260188088,5.52811578999019,5.9123588610702,126
"125",2011,12,5.76829268292683,41,5.87096774193548,5.45,6,4.96153846153846,6.14285714285714,31,10,5,13,28,3097,1855,1242,324,1032,2065,5.78402485954149,6.25778975202156,5.07642914653784,5.30925925925926,5.52097867248062,5.91548426150121,127
"126",2012,1,5.4051724137931,58,5.48717948717949,5.23684210526316,5.6875,5,5.53409090909091,39,19,8,14,44,3155,1894,1261,332,1046,2109,5.77706021870047,6.2419218532207,5.07884615384615,5.3183734939759,5.51400572657744,5.90752726410621,128
"127",2012,2,5.2175,40,5.38,4.94666666666667,5.75,5.35714285714286,5.18787878787879,25,15,4,7,33,3195,1919,1276,336,1053,2142,5.77005476995305,6.23069306409588,5.07729231974922,5.32351190476191,5.51296295346629,5.89644024276377,129
"128",2012,3,6.140625,32,6.35,5.79166666666667,6.3,5.35714285714286,6.36,20,12,5,7,25,3227,1939,1288,341,1060,2167,5.77372946699721,6.23192366683858,5.08394798136646,5.33782991202346,5.51193395283019,5.90178818643286,130
"129",2012,4,6.08823529411765,34,6.34,5.38888888888889,2,5.9,6.12068965517241,25,9,1,5,29,3261,1964,1297,342,1065,2196,5.77700858325667,6.23329938391039,5.08606399383192,5.3280701754386,5.51375585915493,5.90467896174864,131
"130",2012,5,6,26,6.15625,5.75,5.875,6.66666666666667,5.8,16,10,4,6,20,3287,1980,1307,346,1071,2216,5.77877243383024,6.23267676262626,5.09114384085692,5.33439306358382,5.52021474323063,5.90373420577617,132
"131",2012,6,6.08,30,6.595,5.05,5,6.875,5.79090909090909,20,10,5,8,22,3317,2000,1317,351,1079,2238,5.78149683147422,6.236299995,5.09083143507973,5.32962962962963,5.53025949026877,5.90262511170688,133
"132",2012,7,5.48,35,5.72727272727273,5.06153846153846,5.2,6.16666666666667,5.33793103448276,22,13,5,6,29,3352,2022,1330,356,1085,2267,5.77834874403341,6.23076161721068,5.09054511278195,5.32780898876405,5.53377879262673,5.89540141155712,134
"133",2012,8,5.85185185185185,27,6.05,5.28571428571429,5.125,5.35714285714286,6.025,20,7,4,7,20,3379,2042,1337,360,1092,2287,5.7789360728026,6.22899118021547,5.09156694091249,5.32555555555556,5.53264651098901,5.89653476169655,135
"134",2012,9,4.91,20,5.1375,4,6,4.8,4.94666666666667,16,4,1,5,15,3399,2058,1341,361,1097,2302,5.77382318034716,6.22050534013605,5.08831096196868,5.32742382271468,5.52930719234275,5.89034535186794,136
"135",2012,10,6.05740740740741,27,6.19117647058824,5.83,5.66666666666667,5.5,6.15434782608696,17,10,3,4,23,3426,2075,1351,364,1101,2325,5.77605808231173,6.22026505542169,5.09380088823094,5.33021978021978,5.52920071752952,5.89295698924731,137
"136",2012,11,5.73913043478261,46,6,5.14285714285714,4.33333333333333,5.5,5.83333333333333,32,14,3,13,33,3472,2107,1365,367,1114,2358,5.77556883352534,6.2169197864262,5.09430402930403,5.32207084468665,5.5288599551167,5.89212256149279,138
"137",2012,12,5.47413793103448,58,5.7,5.1304347826087,5.55,5.27272727272727,5.52127659574468,35,23,10,11,47,3530,2142,1388,377,1125,2405,5.77061614447592,6.20847338468721,5.09490273775216,5.32811671087533,5.52635554666667,5.88487525987526,139
"138",2013,1,6.15957446808511,47,6.25757575757576,5.92857142857143,6.375,4.85714285714286,6.3875,33,14,4,7,40,3577,2175,1402,381,1132,2445,5.77572686329326,6.2092183862069,5.103227532097,5.33910761154856,5.52221730565371,5.8930981595092,140
"139",2013,2,5.58783783783784,37,6.15714285714286,4.840625,4.83333333333333,5.975,5.48103448275862,21,16,6,8,29,3614,2196,1418,387,1140,2474,5.77380326231322,6.20872039617486,5.10026445698166,5.3312661498708,5.52539472807018,5.88826798706548,141
"140",2013,3,6.11184210526316,38,6.32407407407407,5.59090909090909,5.375,5.2,6.25,27,11,4,5,33,3652,2223,1429,391,1145,2507,5.77732064348302,6.21012145299145,5.10404128761372,5.33171355498721,5.52397379039301,5.89302951735142,142
"141",2013,4,5.8027027027027,37,6.08,5.225,5.16666666666667,6,5.78529411764706,25,12,6,3,34,3689,2248,1441,397,1148,2541,5.77757522092708,6.2086743727758,5.10504857737682,5.32921914357683,5.52521776132404,5.89158795749705,143
"142",2013,5,6.26785714285714,28,6.5,5.85,5.8125,4.5,6.40384615384615,18,10,8,2,26,3717,2266,1451,405,1150,2567,5.78126849340866,6.21098852162401,5.11018263266713,5.33876543209877,5.52343477391304,5.89677639267628,144
"143",2013,6,5.20967741935484,31,5.11111111111111,5.34615384615385,5.5,4.75,5.3695652173913,18,13,6,8,23,3748,2284,1464,411,1158,2590,5.77654081910352,6.20232048598949,5.11227800546448,5.34111922141119,5.51809152849741,5.8920945945946,145
"144",2013,7,6.04615384615385,39,6.5125,5.3,6,6.25,6.02285714285714,24,15,4,4,35,3787,2308,1479,415,1162,2625,5.77931739899657,6.20554592287695,5.11418187964841,5.34746987951807,5.52061100688468,5.8938380952381,146
"145",2013,8,5.27837837837838,37,5.55,4.95882352941176,5.42857142857143,4.875,5.38965517241379,20,17,7,8,29,3824,2328,1496,422,1170,2654,5.77447044717573,6.19991408505155,5.11241644385027,5.34881516587678,5.51619657264957,5.8883289374529,147
"146",2013,9,6.14242424242424,33,6.4,5.55,8,6,6.17407407407407,23,10,1,6,27,3857,2351,1506,423,1176,2681,5.77761861291159,6.20187153977031,5.11532204515272,5.35508274231679,5.51866495748299,5.89120663931369,148
"147",2013,10,5.7,40,6.19642857142857,4.54166666666667,4,5,5.8,28,12,3,5,35,3897,2379,1518,426,1181,2716,5.77682191172697,6.2018074779319,5.11078722002635,5.34553990610329,5.51646908552075,5.89003129602356,149
"148",2013,11,5.25116279069767,43,5.7,4.21538461538462,2.9,4.66666666666667,5.34594594594595,30,13,2,6,37,3940,2409,1531,428,1187,2753,5.77108502284264,6.19555831880448,5.10318419333769,5.33411214953271,5.51217353833193,5.88271885216128,150
"149",2013,12,5.85526315789474,38,6.04347826086957,5.56666666666667,5.6,5,5.90277777777778,23,15,5,2,36,3978,2432,1546,433,1189,2789,5.77188913775767,6.19412006167763,5.10768111254851,5.33718244803695,5.51131201850295,5.88297776980997,151
"150",2014,1,6.0724358974359,78,6.201,5.84285714285714,6.06,5.22222222222222,6.18333333333333,50,28,10,9,69,4056,2482,1574,443,1198,2858,5.77766888313609,6.19425865834005,5.12075921219822,5.35349887133183,5.50914022537563,5.89022918124563,152
"151",2014,2,5.38658536585366,41,5.80208333333333,4.8,4.21,4.8,5.46805555555556,24,17,10,5,36,4097,2506,1591,453,1203,2894,5.77375518428118,6.19050278930567,5.11733186675047,5.32825607064018,5.50619284289277,5.88497753973739,153
"152",2014,3,5.74468085106383,47,5.9,5.47058823529412,5.35714285714286,6.5,5.69318181818182,30,17,7,3,44,4144,2536,1608,460,1206,2938,5.77342543194981,6.18706624211356,5.12106654228856,5.32869565217391,5.508665,5.88210517358747,154
"153",2014,4,5.4551724137931,29,5.275,5.85555555555556,5.45,4.74,5.60416666666667,20,9,6,5,24,4173,2556,1617,466,1211,2962,5.7712137526959,6.17992957355242,5.12515460729747,5.33025751072961,5.50549132122213,5.87985313977043,155
"154",2014,5,5.18378378378378,37,5.365,4.97058823529412,5.14285714285714,3.75,5.35757575757576,20,17,7,4,33,4210,2576,1634,473,1215,2995,5.76605106650831,6.17360248059006,5.12354651162791,5.32748414376321,5.49971192592593,5.87409849749583,156
"155",2014,6,5.48333333333333,30,5.96666666666667,5,5.09090909090909,6,5.35416666666667,15,15,11,6,24,4240,2591,1649,484,1221,3019,5.76405070518868,6.17240447317638,5.12242268041237,5.32210743801653,5.50217034398035,5.86996522027161,157
"156",2014,7,4.95816326530612,49,5.37307692307692,4.48913043478261,5.71428571428571,4.05555555555556,5.16125,26,23,7,9,40,4289,2617,1672,491,1230,3059,5.75484378409886,6.1644631218953,5.11371112440191,5.32769857433809,5.49158535772358,5.86069794050343,158
"157",2014,8,5.64775862068965,58,5.96025641025641,5.00631578947368,4.87428571428571,5.5,5.67489795918367,39,19,7,9,49,4347,2656,1691,498,1239,3108,5.75341499654934,6.16146460466867,5.11250443524542,5.32132530120482,5.49164648103309,5.85776866151866,159
"158",2014,9,5.54871794871795,39,5.82608695652174,5.15,5.9,4.33333333333333,5.76969696969697,23,16,6,6,33,4386,2679,1707,504,1245,3141,5.75159484496124,6.15858528928705,5.11285588752197,5.32821428571429,5.48606424899599,5.85684336198663,160
"159",2014,10,5.30967741935484,31,5.4,5.14545454545455,5.5,4.4,5.68181818181818,20,11,5,9,22,4417,2699,1718,509,1254,3163,5.74849331899479,6.15296405705817,5.11306461001164,5.32990176817289,5.47826952950558,5.85562598798609,161
"160",2014,11,5.7015,40,6,5.204,5.012,5.1075,5.85,25,15,5,8,32,4457,2724,1733,514,1262,3195,5.74807157056316,6.15156020190896,5.11385170225043,5.3268093385214,5.47591916798732,5.8555696400626,162
"161",2014,12,5.45372881355932,59,5.95833333333333,4.66391304347826,5.0275,4.66,5.61571428571429,36,23,8,10,49,4516,2760,1756,522,1272,3244,5.74422608281665,6.14903985144928,5.10795842824602,5.32222222222222,5.4695047091195,5.85194667077682,163
"162",2015,1,5.61470588235294,68,6.04285714285714,4.92307692307692,4.61111111111111,5.02727272727273,5.7280701754386,42,26,9,11,57,4584,2802,1782,531,1283,3301,5.7423047534904,6.14744824768023,5.10526094276094,5.31016949152542,5.4657131644583,5.84980763405029,164
"163",2015,2,5.45175438596491,57,5.79864864864865,4.81,4.5,5.48,5.44574468085106,37,20,6,10,47,4641,2839,1802,537,1293,3348,5.73873626158155,6.14290242691088,5.10198390677026,5.30111731843575,5.46582365815932,5.8441353046595,165
"164",2015,3,5.67833333333333,60,5.98139534883721,4.91176470588235,4.58333333333333,5.78125,5.64090909090909,43,17,6,16,44,4701,2882,1819,543,1309,3392,5.73796532439906,6.14049270992366,5.10020615722925,5.29318600368324,5.46967913674561,5.84149911556604,166
"165",2015,4,6.13708333333333,48,6.2372972972973,5.8,5.68571428571429,4.875,6.3895,37,11,7,8,40,4749,2919,1830,550,1317,3432,5.74199936618235,6.14171976361768,5.10441256830601,5.29818181818182,5.46606681093394,5.84788607226107,167
"166",2015,5,5.525,32,5.98947368421053,4.84615384615385,5.5,3.875,5.76071428571429,19,13,4,4,28,4781,2938,1843,554,1321,3460,5.74054695461201,6.14073519060585,5.10259088442757,5.29963898916968,5.46124904617714,5.84718063583815,168
"167",2015,6,5.26388888888889,36,5.88636363636364,4.28571428571429,5.5,3.66666666666667,5.58333333333333,22,14,4,6,30,4817,2960,1857,558,1327,3490,5.73698463566535,6.13884459121622,5.0964324178783,5.3010752688172,5.45313488319518,5.84491260744986,169
"168",2015,7,5.49047619047619,42,6.00344827586207,4.34615384615385,3.9,6.18571428571429,5.35142857142857,29,13,5,7,35,4859,2989,1870,563,1334,3525,5.73485387734102,6.13753094345935,5.09121657754011,5.28863232682061,5.4569790029985,5.84001276595745,170
"169",2015,8,5.38888888888889,45,5.77407407407407,4.81111111111111,5.8,5.76363636363636,5.26764705882353,27,18,7,11,34,4904,3016,1888,570,1345,3559,5.73167923939641,6.13427718501326,5.08854608050848,5.29491228070176,5.45948698141264,5.83454481595954,171
"170",2015,9,5.22619047619048,42,5.44642857142857,4.78571428571429,5.25,5.16666666666667,5.23611111111111,28,14,4,6,36,4946,3044,1902,574,1351,3595,5.72738677517186,6.12795006241787,5.08631703470032,5.29459930313589,5.45818652109549,5.82855215577191,172
"171",2015,10,5.68301886792453,53,5.90294117647059,5.28947368421053,4.6,6.1,5.58604651162791,34,19,5,10,43,4999,3078,1921,579,1361,3638,5.72691638127626,6.12546458414555,5.08832639250391,5.28860103626943,5.46290227038942,5.82568581638263,173
"172",2015,11,5.36046511627907,43,5.57142857142857,4.96666666666667,5.07142857142857,4.92857142857143,5.44444444444444,28,15,7,7,36,5042,3106,1936,586,1368,3674,5.72379115232051,6.12047005473278,5.08738378099174,5.28600682593857,5.46016812134503,5.82195019052804,174
"173",2015,12,5.29929577464789,71,5.65,4.91764705882353,4.90625,4.9,5.36475409836066,37,34,16,10,61,5113,3143,1970,602,1378,3735,5.71789653628007,6.11493159083678,5.08445431472081,5.27591362126246,5.45610304063861,5.81448326639893,175
"174",2016,1,5.45301204819277,83,5.64791666666667,5.18571428571429,5.35714285714286,5.65384615384615,5.41571428571429,48,35,14,13,70,5196,3191,2005,616,1391,3805,5.71366531755196,6.10790660921341,5.08622194513716,5.27775974025974,5.45795110711718,5.80714717477004,176
"175",2016,2,5.39056603773585,53,5.91034482758621,4.7625,3.8,4.2,5.51458333333333,29,24,5,5,48,5249,3220,2029,621,1396,3853,5.71040293198705,6.10612732608696,5.08239280433711,5.2658615136876,5.45344555157593,5.80350246561121,177
"176",2016,3,5.67021276595745,47,6.078125,4.8,4.91666666666667,4.7,5.78571428571429,32,15,6,5,42,5296,3252,2044,627,1401,3895,5.71004625944109,6.1058517804428,5.08032045009785,5.26251993620415,5.45075659528908,5.80331065468549,178
"177",2016,4,5.46935483870968,62,5.96153846153846,4.63478260869565,4.64545454545455,5.40714285714286,5.4875,39,23,11,14,48,5358,3291,2067,638,1415,3943,5.70726110302352,6.1041415952598,5.07536284470247,5.25188087774295,5.45032508127209,5.79946614253107,179
"178",2016,5,5.33673076923077,52,5.52805555555556,4.90625,4.71428571428571,5.15,5.38119047619048,36,16,7,10,42,5410,3327,2083,645,1425,3985,5.7036996284658,6.09790802224226,5.07406385021604,5.24604651162791,5.44821753684211,5.79505771643664,180
"179",2016,6,5.87151785714286,56,6.00526315789474,5.58916666666667,5.6105,6.225,5.77511363636364,38,18,10,12,44,5466,3365,2101,655,1437,4029,5.70541895170143,6.09686180980683,5.0784769157544,5.2516106870229,5.45470423799583,5.7948399106478,181
"180",2016,7,5.34545454545455,33,5.775,4.68461538461538,5.06666666666667,4.375,5.47931034482759,20,13,6,4,29,5499,3385,2114,661,1441,4058,5.70325877250409,6.09496011521418,5.07605487228004,5.24993192133132,5.45170714087439,5.79258501724988,182
"181",2016,8,5.55714285714286,63,5.9875,4.80869565217391,4.83333333333333,5.27777777777778,5.6037037037037,40,23,12,9,54,5562,3425,2137,673,1450,4112,5.70160373786408,6.09370510656934,5.07317735142724,5.24250371471025,5.45062757931035,5.79010457198444,183
"182",2016,9,5.51372549019608,51,5.77777777777778,4.88,4.6,5.5,5.51428571428571,36,15,7,2,49,5613,3461,2152,680,1452,4161,5.69989666666667,6.09041895117018,5.07183085501859,5.23588970588235,5.45069558539945,5.78685652487383,184
"183",2016,10,5.65373134328358,67,6.02051282051282,5.14285714285714,4.91666666666667,5.42857142857143,5.68,39,28,12,7,60,5680,3500,2180,692,1459,4221,5.69935211091549,6.08963999714286,5.07274311926606,5.23035404624278,5.45058943797121,5.78533759772566,185
"184",2016,11,5.74180327868852,61,5.92777777777778,5.21875,4.90909090909091,5.55,5.77941176470588,45,16,11,10,51,5741,3545,2196,703,1469,4272,5.69980316843755,6.08758532863188,5.07380692167578,5.22532716927454,5.45126616065351,5.78526685393258,186
"185",2016,12,5.38909090909091,55,5.61904761904762,4.64615384615385,5.4,5.5,5.37551020408163,42,13,6,6,49,5796,3587,2209,709,1475,4321,5.69685472567288,6.08209924449401,5.07129017655048,5.2268053596615,5.4514644,5.78062022679935,187
"186",2017,1,5.66179775280899,89,5.88985507246377,4.875,5.57142857142857,5.35,5.70126582278481,69,20,7,10,79,5885,3656,2229,716,1485,4400,5.69632455225149,6.07847100382932,5.06952893674294,5.23017458100559,5.45078113804714,5.77919545454546,188
"187",2017,2,5.91842105263158,76,6.34444444444444,5.3,5.41428571428571,6.25,5.85625,45,31,14,12,64,5961,3701,2260,730,1497,4464,5.69915618017111,6.08170494190759,5.07269026548673,5.23370547945206,5.45718770207081,5.78030017921147,189
"188",2017,3,5.96142857142857,49,5.97647058823529,5.92733333333333,5.16666666666667,5.86363636363636,5.98973684210526,34,15,6,11,38,6010,3735,2275,736,1508,4502,5.70129450748752,6.08074698527443,5.07832527472528,5.23315896739131,5.4601525132626,5.7820679697912,190
"189",2017,4,6.0578,50,6.16410256410256,5.68090909090909,5.78571428571429,5.71428571428571,6.11372093023256,39,11,7,7,43,6060,3774,2286,743,1515,4545,5.7042359719472,6.08160837042925,5.08122484689414,5.23836473755047,5.46132672607261,5.78520572057206,191
"190",2017,5,5.33469387755102,49,5.46896551724138,5.14,5.0125,4.7,5.45853658536585,29,20,8,8,41,6109,3803,2306,751,1523,4586,5.70127189229007,6.07693662634762,5.08173460537728,5.2359587217044,5.45732763624426,5.7822852158744,192
"191",2017,6,5.52857142857143,35,6.09523809523809,4.67857142857143,5.75,5.16666666666667,5.5625,21,14,4,3,32,6144,3824,2320,755,1526,4618,5.7002880843099,6.07703713127615,5.07930172413793,5.2386821192053,5.45675621887287,5.78076223473365,193
"192",2017,7,5.33823529411765,34,6.04761904761905,4.19230769230769,3.625,4.5,5.45,21,13,4,4,30,6178,3845,2333,759,1530,4648,5.69829556328909,6.0768764603381,5.0743591941706,5.23017786561265,5.45425489542484,5.77862736660929,194
"193",2017,8,5.74642857142857,56,6.24285714285714,4.91904761904762,5.625,5.72222222222222,5.75106382978723,35,21,8,9,47,6234,3880,2354,767,1539,4695,5.69872794193135,6.07837370876289,5.07297366185217,5.23429595827901,5.45582195581547,5.77835143769968,195
"194",2017,9,5.85555555555556,45,6.40909090909091,5.32608695652174,4.4875,5,6.04054054054054,22,23,8,8,37,6279,3902,2377,775,1547,4732,5.69985188565058,6.08023833675038,5.07542280185107,5.22658709677419,5.45346476405947,5.78040152155537,196
"195",2017,10,5.46746031746032,63,5.90897435897436,4.75,4.54545454545455,6.75,5.38050847457627,39,24,11,4,59,6342,3941,2401,786,1551,4791,5.69754336013876,6.07854351433646,5.07216992919617,5.21705470737914,5.45680850419085,5.77547693592152,197
"196",2017,11,5.3375,48,6.06538461538462,4.47727272727273,4.75,5.9375,5.2175,26,22,4,8,40,6390,3967,2423,790,1559,4831,5.69483880907668,6.07845726997731,5.06676846884028,5.21468987341772,5.45927516998076,5.77085696543159,198
"197",2017,12,5.63793103448276,58,5.91666666666667,5.18181818181818,4.83333333333333,5.26666666666667,5.70612244897959,36,22,9,9,49,6448,4003,2445,799,1568,4880,5.69432692152606,6.07700224581564,5.0678036809816,5.21039424280351,5.45816963647959,5.77020696721311,199
"198",2018,1,5.83013698630137,73,6.10392156862745,5.19545454545455,5.61428571428571,5.82857142857143,5.83030303030303,51,22,7,7,66,6521,4054,2467,806,1575,4946,5.69584726115627,6.07734089541194,5.06894203486015,5.21390198511166,5.45981586666667,5.77100889607764,200
"199",2018,2,5.46938775510204,49,5.58571428571429,5.17857142857143,4.91666666666667,5,5.53488372093023,35,14,6,6,43,6570,4089,2481,812,1581,4989,5.69415829375951,6.07313279285889,5.06956066102378,5.21170566502463,5.45807083491461,5.76897374223291,201
"200",2018,3,5.60975609756098,41,5.89285714285714,5,5.33333333333333,4.5625,5.86363636363636,28,13,3,8,33,6611,4117,2494,815,1589,5022,5.69363484949327,6.07190672577119,5.06919807538091,5.21215337423313,5.45356198237886,5.76959577857427,202
"201",2018,4,5.61016949152542,59,6.03947368421053,4.83333333333333,4.85,5.5,5.63541666666667,38,21,10,11,48,6670,4155,2515,825,1600,5070,5.69289655022489,6.07161010589651,5.06722862823062,5.20776363636364,5.45388124375,5.76832544378698,203
"202",2018,5,5.32318181818182,44,5.61,5.03636363636364,4.91666666666667,4.75,5.45055555555556,22,22,6,8,36,6714,4177,2537,831,1608,5106,5.69047363568663,6.06917883409145,5.06696097753252,5.20566185318893,5.45037934701493,5.76608499804152,204
"203",2018,6,5.15985714285714,35,5.483125,4.45454545454545,4.8,5,5.18048387096774,24,11,5,4,31,6749,4201,2548,836,1612,5137,5.68772188324196,6.06583075220186,5.06431711145997,5.20323564593301,5.44926178039702,5.76255109986374,205
"204",2018,7,5.43333333333333,36,5.74782608695652,4.87692307692308,5,5,5.4875,23,13,3,4,32,6785,4224,2561,839,1616,5169,5.68637214296242,6.06409919270833,5.06336587270597,5.20250893921335,5.44814974628713,5.7608483265622,206
"205",2018,8,5.954035,38,6.53275347826087,5.06666666666667,5.25,6.125,5.93392147058824,23,15,6,4,34,6823,4247,2576,845,1620,5203,5.68786286384289,6.06663723098658,5.0633850931677,5.20284615384615,5.44982098148148,5.76197930616952,207
"206",2018,9,5.86947368421053,38,6.16,5.31076923076923,5.51,5.83333333333333,5.87625,25,13,4,6,32,6861,4272,2589,849,1626,5235,5.6888687246757,6.06718359550562,5.06462726921591,5.20429328621908,5.45123615621156,5.76267780897804,208
"207",2018,10,5.17857142857143,42,5.375,4.78571428571429,5,5.42857142857143,5.12857142857143,28,14,7,7,35,6903,4300,2603,856,1633,5270,5.68576391713748,6.06267635348837,5.06312716096811,5.2026226635514,5.45113900183711,5.75846647628084,209
"208",2018,11,6.09977272727273,44,6.24114285714286,5.55,4.84,6.5,6.07048780487805,35,9,5,3,41,6947,4335,2612,861,1636,5311,5.68838611199079,6.06411725951557,5.06480474732006,5.2005168408827,5.4530623410758,5.76087522688759,210
"209",2018,12,5.84090909090909,44,6.14814814814815,5.35294117647059,5.2,5.4,5.8974358974359,27,17,10,5,39,6991,4362,2629,871,1641,5350,5.68934606207982,6.06463739569005,5.06666793457588,5.20051090700345,5.45290066422913,5.76187071588785,211
"210",2019,1,5.68243141176471,85,5.8834445,5.2,5,5.27272727272727,5.74333337837838,60,25,13,11,74,7076,4422,2654,884,1652,5424,5.68926300028265,6.06217887607417,5.06792388847023,5.19756221719457,5.45170096246974,5.76161780973452,212
"211",2019,2,6.05045454545455,44,6.224,5.67857142857143,6.1,5.625,6.093,30,14,5,4,40,7120,4452,2668,889,1656,5464,5.69149508286517,6.06326931491464,5.07112818590705,5.20263779527559,5.45211955917875,5.7640437408492,213
"212",2019,3,5.89581395348837,43,5.98285714285714,5.73333333333333,5.58333333333333,5.875,5.89794871794872,28,15,6,4,39,7163,4480,2683,895,1660,5503,5.69272162362139,6.06276673883929,5.07483041371599,5.20518994413408,5.45313854819277,5.76499273123751,214
"213",2019,4,5.34615384615385,39,5.73913043478261,4.78125,5.08333333333333,3.62,5.6,23,16,6,5,34,7202,4503,2699,901,1665,5537,5.69084490280478,6.06111369975572,5.07309003334568,5.20437846836848,5.44763362762763,5.76397959183674,215
"214",2019,5,5.32535714285714,42,5.96818181818182,4.61825,5.108125,6.16666666666667,5.26064102564103,22,20,8,3,39,7244,4525,2719,909,1668,5576,5.68872584069575,6.06066187624309,5.06974439132034,5.20353135313531,5.44892685251799,5.76045911047346,216
"215",2019,6,5.40243902439024,41,6.18421052631579,4.72727272727273,3.5,4.5,5.52777777777778,19,22,8,5,36,7285,4544,2741,917,1673,5612,5.68711461770762,6.06117847491197,5.06699562203575,5.18866957470011,5.44609084877466,5.75896650035638,217
"216",2019,7,5.79880952380952,42,6.08035714285714,5.23571428571429,5.56,5.73333333333333,5.80384615384615,28,14,5,3,39,7327,4572,2755,922,1676,5651,5.68775487784905,6.0612959295713,5.06785299455535,5.19068329718004,5.44660500596659,5.75927623429482,218
"217",2019,8,5.62037037037037,54,5.8974358974359,4.9,5,5.25,5.65,39,15,3,4,50,7381,4611,2770,925,1680,5701,5.68726188727815,6.05990999566255,5.0669440433213,5.19006486486487,5.44613689880953,5.75831783897562,219
"218",2019,9,6.01282051282051,39,6.42307692307692,5.19230769230769,4,6.16666666666667,6,26,13,2,3,36,7420,4637,2783,927,1683,5737,5.68897304447439,6.06194629933146,5.06752964426878,5.18749730312837,5.44742126559715,5.7598344082273,220
"219",2019,10,5.48070175438597,57,6.09714285714286,4.5,3.5,5.4,5.48846153846154,35,22,6,5,52,7477,4672,2805,933,1688,5789,5.68738531362846,6.06220997217466,5.06307843137255,5.17664523043944,5.44728079976304,5.75739678700985,221
"220",2019,11,5.80581553191489,47,6.05720419354839,5.31875,5.4125,5.825,5.80403093023256,31,16,8,4,43,7524,4703,2821,941,1692,5832,5.68812510898458,6.06217697639804,5.06452853598015,5.17865037194474,5.44817375295508,5.75774062585734,222
"221",2019,12,5.73069444444444,72,6.1565306122449,4.82347826086956,4.22222222222222,6.8,5.65089552238806,49,23,9,5,67,7596,4752,2844,950,1697,5899,5.68852860979463,6.0631498989899,5.06257911392405,5.16958947368421,5.45215674130819,5.75652709442279,223
"222",2020,1,5.82121035714286,84,6.10512127272727,5.28275862068966,4.60909090909091,5.20833333333333,5.92335652777778,55,29,11,12,72,7680,4807,2873,961,1709,5971,5.68997981640625,6.06363012065737,5.06480160111382,5.1631737773153,5.45044469865419,5.75853877072517,224
"223",2020,2,5.64857142857143,56,6.003,4.7625,4.94,5,5.69846153846154,40,16,5,4,52,7736,4847,2889,966,1713,6023,5.68968006592555,6.06312976892923,5.06312737971617,5.16201863354037,5.44939287215412,5.75802008965632,225
"224",2020,3,5.36412511111111,45,5.429521,5.23333333333333,5.58333333333333,5.44444444444444,5.34404527777778,30,15,6,9,36,7781,4877,2904,972,1722,6059,5.68779727798484,6.05923223703096,5.06400654269973,5.16461934156379,5.44936700929152,5.75556042746328,226
"225",2020,4,5.73809523809524,63,5.93421052631579,5.44,5.66666666666667,5.2,5.83962264150943,38,25,15,10,53,7844,4915,2929,987,1732,6112,5.68820125191229,6.05826563987792,5.06721577330147,5.17224924012158,5.44792724595843,5.75628937009162,227
"226",2020,5,5.85208333333333,48,6.175,5.4,6,5.5,5.88409090909091,28,20,3,4,44,7892,4943,2949,990,1736,6156,5.68919800050684,6.05892689055229,5.06947270261106,5.17475757575758,5.44804722926267,5.75720283138402,228
"227",2020,6,5.69,35,6.45714285714286,4.53928571428571,3.3875,4,5.73970588235294,21,14,4,1,34,7927,4964,2963,994,1737,6190,5.6892015415668,6.06061152699436,5.066967600405,5.16756539235412,5.44721358088659,5.75710672536349,229
"228",2020,7,5.73444452380952,42,5.984889,5.10833333333333,5.16,5,5.907255,30,12,5,8,34,7969,4994,2975,999,1745,6224,5.68943999121596,6.06015664597517,5.06713445378151,5.16752752752753,5.44516331805158,5.75792694408741,230
"229",2020,8,5.57846153846154,39,6.13692307692308,4.46153846153846,4.1,4.5,5.814375,26,13,5,7,32,8008,5020,2988,1004,1752,6256,5.68889951173826,6.06055424103586,5.06449966532798,5.16221115537849,5.44138698059361,5.75821568094629,231
"230",2020,9,5.51410256410256,39,5.94230769230769,4.65769230769231,4.47142857142857,6.83333333333333,5.40416666666667,26,13,7,3,36,8047,5046,3001,1011,1755,6292,5.68805235367218,6.05994496432818,5.06273742085971,5.15742828882295,5.44376637606838,5.75618997139225,232
"231",2020,10,5.9,30,5.97058823529412,5.80769230769231,5.5,5,5.93103448275862,17,13,7,1,29,8077,5063,3014,1018,1756,6321,5.68883958028971,6.05964493185858,5.06595056403451,5.15978388998035,5.44351366173121,5.75699213732005,233
"232",2020,11,5.50943396226415,53,5.8125,5.04761904761905,4.71428571428571,4.25,5.61224489795918,32,21,7,4,49,8130,5095,3035,1025,1760,6370,5.68767002337024,6.05809269676153,5.06582372322899,5.15674146341463,5.44080113068182,5.75587869701727,234
"233",2020,12,5.32815384615385,65,5.45473684210526,5.15,5.31818181818182,4.125,5.40704918032787,38,27,11,4,61,8195,5133,3062,1036,1764,6431,5.68481846125687,6.05362600623417,5.06656596995428,5.1584555984556,5.43781745464853,5.75256994246618,235
"234",2021,1,5.89446153846154,65,6.09627906976744,5.5,6,5.33333333333333,5.92161290322581,43,22,5,3,62,8260,5176,3084,1041,1767,6493,5.68646819491526,6.05398034969088,5.06965791180285,5.16249759846302,5.43764006225241,5.75418409055907,236
"235",2021,2,5.70238095238095,42,5.88709677419355,5.18181818181818,4,5.28571428571429,5.78571428571429,31,11,2,7,35,8302,5207,3095,1043,1774,6528,5.68654869790412,6.0529868043019,5.07005654281098,5.16026845637584,5.4370405806088,5.75435314031863,237
"236",2021,3,5.3504347826087,46,5.70941176470588,4.33333333333333,4.42857142857143,6.08333333333333,5.2405,34,12,7,6,40,8348,5241,3107,1050,1780,6568,5.68469660876857,6.05075792596833,5.06721113614419,5.15539047619048,5.43921909550562,5.75122370584653,238
"237",2021,4,5.73333333333333,45,6.109375,4.80769230769231,5,5,5.80487804878049,32,13,5,4,41,8393,5273,3120,1055,1784,6609,5.68495737995949,6.05111365256969,5.06612980769231,5.15465402843602,5.43823429932736,5.75155655923741,239
"238",2021,5,6.075,36,6.21111111111111,5.66666666666667,5.5,6.5,6.05,27,9,4,2,34,8429,5300,3129,1059,1786,6643,5.68662324000475,6.05192873396226,5.06785714285714,5.15595845136922,5.43942328667413,5.75308404335391,240
"239",2021,6,5.08717948717949,39,5.93478260869565,3.86875,3.57142857142857,6,4.95294117647059,23,16,7,5,34,8468,5323,3145,1066,1791,6677,5.68386245748701,6.05142256058613,5.06175675675675,5.14555347091933,5.4409882691234,5.74900963007339,241
"240",2021,7,5.23538461538462,39,6,4.43052631578947,4.56666666666667,1,5.34684210526316,20,19,6,1,38,8507,5343,3164,1072,1792,6715,5.68180642882332,6.05123007486431,5.05796618204804,5.14231343283582,5.4385100390625,5.74673377513031,242
"241",2021,8,5.87878787878788,33,6.39166666666667,4.51111111111111,3.33333333333333,3.75,6.01612903225806,24,9,3,2,31,8540,5367,3173,1075,1794,6746,5.68256759836066,6.05275242966275,5.05641506460763,5.13726511627907,5.43662764214047,5.74797173139639,243
"242",2021,9,5.89806451612903,31,6.15181818181818,5.27777777777778,5.125,3.33333333333333,6.17285714285714,22,9,4,3,28,8571,5389,3182,1079,1797,6774,5.68334701785089,6.05315685470403,5.05704116907605,5.13721964782206,5.43311629938787,5.7497279746088,244
"243",2021,10,5.68152173913044,46,5.83636363636364,5.28846153846154,5.29166666666667,5.8,5.66707317073171,33,13,6,5,41,8617,5422,3195,1085,1802,6815,5.68333727399327,6.05183738288454,5.0579827856025,5.13807373271889,5.43413428967814,5.74923071166545,245
"244",2021,11,5.8376,50,5.89692307692308,5.62727272727273,6.475,5.2,5.90844444444444,39,11,4,5,45,8667,5461,3206,1089,1807,6860,5.68422721703012,6.05073105475188,5.05993605739239,5.14298438934803,5.43348643608191,5.75027511661808,246
"245",2021,12,5.73529411764706,51,5.88333333333333,5.52380952380952,5.08333333333333,4.78571428571429,5.88636363636364,30,21,6,7,44,8718,5491,3227,1095,1814,6904,5.68452595664143,6.04981647969404,5.06295475674001,5.14265753424658,5.43098676405733,5.75114242468135,247
"246",2022,1,5.60708860759494,79,5.9622641509434,4.88307692307692,4.9,5.5,5.6158904109589,53,26,10,6,73,8797,5544,3253,1105,1820,6977,5.68383054336706,6.04897948953824,5.0615170611743,5.14046153846154,5.43121428021978,5.74972728966605,248
"247",2022,2,5.93023255813953,43,6,5.78571428571429,5.64285714285714,6.66666666666667,5.875,29,14,7,3,40,8840,5573,3267,1112,1823,7017,5.68502910520362,6.04872461690292,5.06462044689317,5.14362410071942,5.43324738891937,5.75044139945846,249
"248",2022,3,6.02162162162162,37,6.24,5.56666666666667,6,4.5,6.10857142857143,25,12,4,2,35,8877,5598,3279,1116,1825,7052,5.68643204798919,6.04957882993926,5.06645776151266,5.1466935483871,5.4322246520548,5.75221884571753,250
"249",2022,4,5.43157894736842,38,5.97,4.83333333333333,4.6875,5,5.4969696969697,20,18,8,5,33,8915,5618,3297,1124,1830,7085,5.68534574200785,6.04929553043788,5.06518501668183,5.14342526690391,5.43104371038252,5.75102996471419,251
"250",2022,5,5.15263157894737,38,5.32608695652174,4.88666666666667,4.93333333333333,6,5.12972972972973,23,15,3,1,37,8953,5641,3312,1127,1831,7122,5.68308469674969,6.04634679843999,5.06437650966183,5.14286601597161,5.43135444565811,5.74780220443696,252
"251",2022,6,5.16666666666667,30,5.79411764705882,4.34615384615385,4.2,4,5.34615384615385,17,13,5,4,26,8983,5658,3325,1132,1835,7148,5.68136004564177,6.04558895192648,5.06156842105263,5.13870141342756,5.42823432697548,5.74634125629547,253
"252",2022,7,5.96153846153846,39,6.24193548387097,4.875,5.33333333333333,6.66666666666667,5.90277777777778,31,8,3,3,36,9022,5689,3333,1135,1838,7184,5.68257119153181,6.04665886623308,5.06112061206121,5.13921585903084,5.43025570729054,5.74712518095769,254
"253",2022,8,5.784375,32,5.93636363636364,5.45,5.33333333333333,6,5.77,22,10,3,2,30,9054,5711,3343,1138,1840,7214,5.68293100176718,6.04623398529154,5.0622838767574,5.13972759226713,5.43087499456522,5.74722030773496,255
"254",2022,9,5.88571428571429,35,6.52631578947368,5.125,3.8,5.5,5.921875,19,16,5,3,32,9089,5730,3359,1143,1843,7246,5.68371188139509,6.04782587958115,5.06258261387318,5.13386701662292,5.43098751492133,5.7479916229644,256
"255",2022,10,5.80496875,32,5.96079166666667,5.3375,6.5,7.25,5.70863333333333,24,8,2,2,30,9121,5754,3367,1145,1845,7276,5.68413729744546,6.04746285888078,5.06323581823582,5.13625327510917,5.43295934417344,5.74782934304563,257
"256",2022,11,5.61176470588235,34,5.99130434782609,4.81818181818182,6.66666666666667,4.7,5.73333333333333,23,11,3,4,30,9155,5777,3378,1148,1849,7306,5.68386851884216,6.04723927471006,5.0624378330373,5.14025261324042,5.43137371011358,5.74776981932658,258
"257",2022,12,5.46938775510204,49,5.43333333333333,5.52631578947368,4.5,6.5,5.42553191489362,30,19,2,2,47,9204,5807,3397,1150,1851,7353,5.68272667209909,6.04406772688135,5.0650323815131,5.13913913043478,5.43252835764452,5.74571009111927,259
