"","year","month","avg_rating","no_ratings","avg_rating_owned","avg_rating_not_owned","avg_rating_prev_owned","avg_rating_comment","avg_rating_no_comment","no_ratings_owned","no_ratings_not_owned","no_ratings_prev_owned","no_ratings_comment","no_ratings_no_comment","cum_no_ratings","cum_no_ratings_owned","cum_no_ratings_not_owned","cum_no_ratings_prev_owned","cum_no_ratings_comment","cum_no_ratings_no_comment","cum_avg_rating","cum_avg_rating_owned","cum_avg_rating_not_owned","cum_avg_rating_prev_owned","cum_avg_rating_comment","cum_avg_rating_no_comment","month_after_release"
"1",2004,2,7,1,7,NA,NA,NA,7,1,0,0,0,1,1,1,0,0,0,1,7,7,NA,NA,NA,7,-21
"2",2004,3,4,1,NA,4,NA,NA,4,0,1,0,0,1,2,1,1,0,0,2,5.5,7,4,NA,NA,5.5,-20
"3",2004,4,6.5,2,NA,6.5,8,6.5,NA,0,2,1,2,0,4,1,3,1,2,2,6,7,5.66666666666667,8,6.5,5.5,-19
"4",2004,5,7.5,4,7.5,NA,NA,7,9,4,0,0,3,1,8,5,3,1,5,3,6.75,7.4,5.66666666666667,8,6.8,6.66666666666667,-18
"5",2004,6,7,1,7,NA,NA,7,NA,1,0,0,1,0,9,6,3,1,6,3,6.77777777777778,7.33333333333333,5.66666666666667,8,6.83333333333333,6.66666666666667,-17
"6",2004,8,4,1,4,NA,NA,4,NA,1,0,0,1,0,10,7,3,1,7,3,6.5,6.85714285714286,5.66666666666667,8,6.42857142857143,6.66666666666667,-15
"7",2004,9,8,1,8,NA,NA,NA,8,1,0,0,0,1,11,8,3,1,7,4,6.63636363636364,7,5.66666666666667,8,6.42857142857143,7,-14
"8",2004,10,7.375,2,7.375,NA,NA,NA,7.375,2,0,0,0,2,13,10,3,1,7,6,6.75,7.075,5.66666666666667,8,6.42857142857143,7.125,-13
"9",2004,11,7,1,7,NA,NA,NA,7,1,0,0,0,1,14,11,3,1,7,7,6.76785714285714,7.06818181818182,5.66666666666667,8,6.42857142857143,7.10714285714286,-12
"10",2005,2,8,2,8,8,NA,8,8,1,1,0,1,1,16,12,4,1,8,8,6.921875,7.14583333333333,6.25,8,6.625,7.21875,-9
"11",2005,3,8,1,8,NA,NA,8,NA,1,0,0,1,0,17,13,4,1,9,8,6.98529411764706,7.21153846153846,6.25,8,6.77777777777778,7.21875,-8
"12",2005,4,6.625,4,7.25,6,NA,6.5,7,2,2,0,3,1,21,15,6,1,12,9,6.91666666666667,7.21666666666667,6.16666666666667,8,6.70833333333333,7.19444444444444,-7
"13",2005,5,7.5,1,7.5,NA,NA,NA,7.5,1,0,0,0,1,22,16,6,1,12,10,6.94318181818182,7.234375,6.16666666666667,8,6.70833333333333,7.225,-6
"14",2005,6,6,2,6,6,NA,6,6,1,1,0,1,1,24,17,7,1,13,11,6.86458333333333,7.16176470588235,6.14285714285714,8,6.65384615384615,7.11363636363636,-5
"15",2005,7,6,3,6,NA,NA,7,5.5,3,0,0,1,2,27,20,7,1,14,13,6.76851851851852,6.9875,6.14285714285714,8,6.67857142857143,6.86538461538461,-4
"16",2005,8,7.2,5,7.25,7,NA,7,7.5,4,1,0,3,2,32,24,8,1,17,15,6.8359375,7.03125,6.25,8,6.73529411764706,6.95,-3
"17",2005,9,3,1,NA,3,NA,NA,3,0,1,0,0,1,33,24,9,1,17,16,6.71969696969697,7.03125,5.88888888888889,8,6.73529411764706,6.703125,-2
"18",2005,10,7,1,7,NA,NA,NA,7,1,0,0,0,1,34,25,9,1,17,17,6.72794117647059,7.03,5.88888888888889,8,6.73529411764706,6.72058823529412,-1
"19",2005,11,6.86666666666667,3,6.8,7,NA,6.6,7,2,1,0,1,2,37,27,10,1,18,19,6.73918918918919,7.01296296296296,6,8,6.72777777777778,6.75,0
"20",2005,12,7.3,5,7.3,NA,NA,7.125,8,5,0,0,4,1,42,32,10,1,22,20,6.80595238095238,7.0578125,6,8,6.8,6.8125,1
"21",2006,1,8.6,5,8.5,9,NA,8.5,8.66666666666667,4,1,0,2,3,47,36,11,1,24,23,6.9968085106383,7.21805555555556,6.27272727272727,8,6.94166666666667,7.05434782608696,2
"22",2006,2,6,1,6,NA,NA,6,NA,1,0,0,1,0,48,37,11,1,25,23,6.97604166666667,7.18513513513514,6.27272727272727,8,6.904,7.05434782608696,3
"23",2006,5,6.5,3,7.5,6,6,6.75,6,1,2,1,2,1,51,38,13,2,27,24,6.94803921568627,7.19342105263158,6.23076923076923,7,6.89259259259259,7.01041666666667,6
"24",2006,6,7.25,4,7,8,8,7.5,7,3,1,1,2,2,55,41,14,3,29,26,6.97,7.17926829268293,6.35714285714286,7.33333333333333,6.93448275862069,7.00961538461539,7
"25",2006,7,5.66666666666667,3,5.5,6,NA,5.5,6,2,1,0,2,1,58,43,15,3,31,27,6.90258620689655,7.10116279069767,6.33333333333333,7.33333333333333,6.84193548387097,6.97222222222222,8
"26",2006,8,7.25,5,7.3125,7,7,6.41666666666667,8.5,4,1,1,3,2,63,47,16,4,34,29,6.93015873015873,7.11914893617021,6.375,7.25,6.80441176470588,7.07758620689655,9
"27",2006,9,5.5,4,7,4,NA,7,5,2,2,0,1,3,67,49,18,4,35,32,6.84477611940299,7.11428571428571,6.11111111111111,7.25,6.81,6.8828125,10
"28",2006,10,7.16666666666667,3,7.75,6,NA,6,7.75,2,1,0,1,2,70,51,19,4,36,34,6.85857142857143,7.13921568627451,6.10526315789474,7.25,6.7875,6.93382352941176,11
"29",2006,11,6.16666666666667,3,6.75,5,NA,6.75,5,2,1,0,2,1,73,53,20,4,38,35,6.83013698630137,7.12452830188679,6.05,7.25,6.78552631578947,6.87857142857143,12
"30",2006,12,8,1,8,NA,NA,8,NA,1,0,0,1,0,74,54,20,4,39,35,6.84594594594595,7.14074074074074,6.05,7.25,6.81666666666667,6.87857142857143,13
"31",2007,1,6.4,7,6.63333333333333,5,5,5.76,8,6,1,1,5,2,81,60,21,5,44,37,6.80740740740741,7.09,6,6.8,6.69659090909091,6.93918918918919,14
"32",2007,2,6.7832175,4,7.1,6.466435,NA,NA,6.7832175,2,2,0,0,4,85,62,23,5,44,41,6.80626905882353,7.09032258064516,6.04055956521739,6.8,6.69659090909091,6.92397243902439,15
"33",2007,3,6.5,5,8.16666666666667,4,NA,6.5,6.5,3,2,0,3,2,90,65,25,5,47,43,6.78925411111111,7.14,5.8773148,6.8,6.68404255319149,6.90425279069767,16
"34",2007,4,6.2,5,6.33333333333333,6,7,6.2,NA,3,2,1,5,0,95,68,27,6,52,43,6.75824073684211,7.10441176470588,5.88640259259259,6.83333333333333,6.6375,6.90425279069767,17
"35",2007,5,7.14285714285714,7,7.33333333333333,6,6,7.33333333333333,7,6,1,1,3,4,102,74,28,7,55,47,6.78463598039216,7.12297297297297,5.89045964285714,6.71428571428571,6.67545454545455,6.9124014893617,18
"36",2007,6,6.68571428571429,7,7.2,6,NA,6.95,6.33333333333333,4,3,0,4,3,109,78,31,7,59,50,6.77828321100917,7.12692307692308,5.90106032258065,6.71428571428571,6.69406779661017,6.8776574,19
"37",2007,7,6.125,4,7,5.83333333333333,5.75,5.83333333333333,7,1,3,2,3,1,113,79,34,9,62,51,6.75515814159292,7.1253164556962,5.89508441176471,6.5,6.65241935483871,6.8800562745098,20
"38",2007,8,7.625,4,7,7.83333333333333,7,8.25,7,1,3,2,2,2,117,80,37,11,64,53,6.78489632478632,7.12375,6.05223972972973,6.59090909090909,6.70234375,6.88458245283019,21
"39",2007,9,7,6,7.33333333333333,6.66666666666667,NA,6.5,7.25,3,3,0,2,4,123,83,40,11,66,57,6.79538918699187,7.13132530120482,6.09832175,6.59090909090909,6.69621212121212,6.91022578947368,22
"40",2007,10,6.09090909090909,11,6.75,5.3,6,7,6,6,5,1,1,10,134,89,45,12,67,67,6.73755873134328,7.10561797752809,6.00961933333333,6.54166666666667,6.70074626865672,6.77437119402985,23
"41",2007,11,6.5,6,6.75,6,6,6.5,6.5,4,2,1,2,4,140,93,47,13,69,71,6.72737764285714,7.09032258064516,6.00921,6.5,6.69492753623188,6.75891366197183,24
"42",2007,12,7.64,10,7.67142857142857,7.56666666666667,NA,7.62857142857143,7.66666666666667,7,3,0,7,3,150,100,50,13,76,74,6.78821913333333,7.131,6.1026574,6.5,6.78092105263158,6.79571445945946,25
"43",2008,1,6.78666666666667,15,6.84285714285714,6,NA,7.1,6.63,14,1,0,5,10,165,114,51,13,81,84,6.788078,7.09561403508772,6.10064450980392,6.5,6.80061728395062,6.77598654761905,26
"44",2008,2,6.66666666666667,12,7.125,5.75,5.66666666666667,6.42857142857143,7,8,4,3,7,5,177,122,55,16,88,89,6.77984672316384,7.09754098360656,6.07514309090909,6.34375,6.77102272727273,6.78857157303371,27
"45",2008,3,6.88,10,6.28571428571429,8.26666666666667,6.8,6,7.25714285714286,7,3,1,3,7,187,129,58,17,91,96,6.78520251336898,7.05348837209302,6.18849775862069,6.37058823529412,6.7456043956044,6.82273822916667,28
"46",2008,4,6.65,10,6.5625,7,8,6.33333333333333,6.78571428571429,8,2,1,3,7,197,137,60,18,94,103,6.77833944162437,7.02481751824817,6.21554783333333,6.46111111111111,6.73244680851064,6.82022203883495,29
"47",2008,5,6.27777777777778,9,8,5.41666666666667,NA,6.5,5.83333333333333,3,6,0,6,3,206,140,66,18,100,106,6.75647024271845,7.04571428571429,6.14292227272727,6.46111111111111,6.7185,6.79229122641509,30
"48",2008,6,6.625,12,5.83333333333333,7.41666666666667,8,7.21428571428571,5.8,6,6,2,7,5,218,146,72,20,107,111,6.74923334862385,6.9958904109589,6.24906763888889,6.615,6.75093457943925,6.74759342342342,31
"49",2008,7,6.42,10,6.4,6.5,5,5.5,6.65,8,2,1,2,8,228,154,74,21,109,119,6.73479328947368,6.96493506493506,6.2558495945946,6.53809523809524,6.72798165137615,6.7410325210084,32
"50",2008,8,6.25,7,7.9375,4,NA,5.66666666666667,6.6875,4,3,0,3,4,235,158,77,21,112,123,6.72035263829787,6.98955696202532,6.16795935064935,6.53809523809524,6.69955357142857,6.73929162601626,33
"51",2008,9,7.0625,4,7.0625,NA,NA,6.875,7.25,4,0,0,2,2,239,162,77,21,114,125,6.7260789539749,6.99135802469136,6.16795935064935,6.53809523809524,6.70263157894737,6.74746296,34
"52",2008,10,6.777125,8,6.83333333333333,6.6085,NA,7.07233333333333,6.6,6,2,0,3,5,247,168,79,21,117,130,6.72773226720648,6.98571428571428,6.17911227848101,6.53809523809524,6.71211111111111,6.74179130769231,35
"53",2008,11,6.65789473684211,19,6.77777777777778,6.55,7,7.5,6.26923076923077,9,10,2,6,13,266,177,89,23,123,143,6.72274387218045,6.97514124293785,6.22078505617978,6.57826086956522,6.75054471544715,6.69883125874126,36
"54",2008,12,6.40625,16,6.25,6.875,NA,6.125,6.5,12,4,0,4,12,282,189,93,23,127,155,6.70478677304965,6.92910052910053,6.24892333333333,6.57826086956522,6.73084251968504,6.68343787096774,37
"55",2009,1,6.3,13,6.16666666666667,6.41428571428571,NA,7.33333333333333,5.99,6,7,0,3,10,295,195,100,23,130,165,6.68694871186441,6.90564102564103,6.2604987,6.57826086956522,6.74474615384615,6.64141133333333,38
"56",2009,2,6.43,10,6.75,5.95,6.8,6.125,6.63333333333333,6,4,1,4,6,305,201,104,24,134,171,6.67852416393443,6.90099502487562,6.24855644230769,6.5875,6.72624626865672,6.64112789473684,39
"57",2009,3,6.55,10,7.08333333333333,5.75,5,6.5,6.625,6,4,1,6,4,315,207,108,25,140,175,6.67444403174603,6.90628019323671,6.23009138888889,6.524,6.71655,6.64075925714286,40
"58",2009,4,6.40625,16,6.83333333333333,5.85714285714286,7,6.66666666666667,6.34615384615385,9,7,2,3,13,331,216,115,27,143,188,6.66147996978852,6.90324074074074,6.20739017391304,6.55925925925926,6.7155034965035,6.62038760638298,41
"59",2009,5,7.3,11,7.475,7.2,8,7.54,7.1,4,7,1,5,6,342,220,122,28,148,194,6.68201716374269,6.91363636363636,6.26434319672131,6.61071428571429,6.74335810810811,6.63522097938144,42
"60",2009,6,6.64285714285714,14,6.83333333333333,5.5,NA,6.07142857142857,7.21428571428571,12,2,0,7,7,356,232,124,28,155,201,6.68047716292135,6.90948275862069,6.25201508064516,6.61071428571429,6.71301290322581,6.65538741293532,43
"61",2009,7,6.34375,8,6.42857142857143,5.75,5.75,7,6.25,7,1,1,1,7,364,239,125,29,156,208,6.67307656593407,6.89539748953975,6.24799896,6.58103448275862,6.71485256410257,6.64174456730769,44
"62",2009,8,6.18181818181818,11,6.66666666666667,4,NA,6.5,6.11111111111111,9,2,0,2,9,375,248,127,29,158,217,6.65866632,6.88709677419355,6.2125974015748,6.58103448275862,6.71213291139241,6.6197367281106,45
"63",2009,9,6.07272727272727,11,7.5,4.88333333333333,4,NA,6.07272727272727,5,6,1,0,11,386,253,133,30,158,228,6.64196857512954,6.89920948616601,6.15263060150376,6.495,6.71213291139241,6.59334592105263,46
"64",2009,10,6.625,12,6.42857142857143,6.9,7.5,8,6.5,7,5,2,1,11,398,260,138,32,159,239,6.641456959799,6.88653846153846,6.17970920289855,6.5578125,6.72023270440252,6.58904966527197,47
"65",2009,11,6.48235294117647,17,6.97,5.78571428571429,8,7.28571428571429,5.92,10,7,1,7,10,415,270,145,33,166,249,6.63493944578313,6.88962962962963,6.16068875862069,6.60151515151515,6.74407831325301,6.56218020080321,48
"66",2009,12,6.42,15,6.725,6.07142857142857,NA,6.825,6.27272727272727,8,7,0,4,11,430,278,152,33,170,260,6.62744155813954,6.88489208633094,6.15657809210526,6.60151515151515,6.74598235294118,6.54993411538462,49
"67",2010,1,6.5,11,6.625,6.16666666666667,8,6.125,6.71428571428571,8,3,1,4,7,441,286,155,34,174,267,6.62426274376417,6.87762237762238,6.15677335483871,6.64264705882353,6.73170689655173,6.5542429588015,50
"68",2010,2,5.79166666666667,12,5.88888888888889,5.5,6.25,5.66666666666667,5.83333333333333,9,3,2,3,9,453,295,158,36,177,276,6.60220721854305,6.84745762711864,6.14430297468354,6.62083333333333,6.71365536723164,6.53073503623189,51
"69",2010,3,6.02727272727273,11,5.9,6.25,NA,7.15,5.77777777777778,7,4,0,2,9,464,302,162,36,179,285,6.58857730603448,6.82549668874172,6.14691277777778,6.62083333333333,6.71853072625698,6.50695743859649,52
"70",2010,4,6.33571428571429,7,5.8375,7,6,7.625,5.82,4,3,1,2,5,471,306,165,37,181,290,6.58481925690021,6.81258169934641,6.16242345454545,6.60405405405406,6.72854696132597,6.49511334482759,53
"71",2010,5,6.5,12,6.66666666666667,6.33333333333333,5.5,6.1,6.78571428571429,6,6,2,5,7,483,312,171,39,186,297,6.58271194616977,6.80977564102564,6.16842029239766,6.5474358974359,6.71165053763441,6.50196252525253,54
"72",2010,6,6.05555555555556,9,6.64285714285714,4,NA,5.375,6.6,7,2,0,4,5,492,319,173,39,190,302,6.57306884146342,6.80611285266458,6.14335184971098,6.5474358974359,6.68351052631579,6.50358566225166,55
"73",2010,7,6.14285714285714,14,6.375,5.83333333333333,4,5.625,6.35,8,6,1,4,10,506,327,179,40,194,312,6.56116575098814,6.79556574923547,6.13296016759776,6.48375,6.66168556701031,6.4986630448718,56
"74",2010,8,6.41666666666667,6,6.4,6.5,NA,6,6.625,5,1,0,2,4,512,332,180,40,196,316,6.55947240234375,6.78960843373494,6.13499927777778,6.48375,6.65493367346939,6.50026224683544,57
"75",2010,9,6.63888888888889,9,6.75,6.55,NA,7,6.59375,4,5,0,1,8,521,336,185,40,197,324,6.56084428023033,6.78913690476191,6.14621551351351,6.48375,6.65668527918782,6.50257058641975,58
"76",2010,10,6.5625,20,6.69642857142857,6.25,NA,6,6.66176470588235,14,6,0,3,17,541,350,191,40,200,341,6.56090548983364,6.78542857142857,6.1494757591623,6.48375,6.646835,6.51050695014663,59
"77",2010,11,6.61538461538461,26,6.91666666666667,6.35714285714286,4,6.5,6.66666666666667,12,14,3,8,18,567,362,205,43,208,359,6.56340365079365,6.78977900552486,6.16365790243902,6.31046511627907,6.6411875,6.51833668523677,60
"78",2010,12,6.72916666666667,12,7.075,5,NA,7,6.675,10,2,0,2,10,579,372,207,43,210,369,6.5668391537133,6.79744623655914,6.15241483091787,6.31046511627907,6.64460476190476,6.52258230352304,61
"79",2011,1,6.7,15,6.88888888888889,6.41666666666667,5,NA,6.7,9,6,2,0,15,594,381,213,45,210,384,6.5702018013468,6.7996062992126,6.15985854460094,6.25222222222222,6.64460476190476,6.52951268229167,62
"80",2011,2,6.66666666666667,15,6.9,6.2,5,6.5,6.72727272727273,10,5,1,4,11,609,391,218,46,214,395,6.57257778325123,6.80217391304348,6.16077922018349,6.225,6.64190186915888,6.53501992405063,63
"81",2011,3,6.56363636363636,11,7.21428571428571,5.425,5.5,9,6.32,7,4,2,1,10,620,398,222,48,215,405,6.57241914516129,6.80942211055276,6.14752193693694,6.19479166666667,6.65286976744186,6.52971079012346,64
"82",2011,4,6.04,10,6.775,3.1,5.2,6.48,5.6,8,2,1,5,5,630,406,224,49,220,410,6.56396804761905,6.80874384236453,6.12031191964286,6.17448979591837,6.64894090909091,6.51837285365854,65
"83",2011,5,7.05,10,7.07142857142857,7,7,9,6.83333333333333,7,3,1,1,9,640,413,227,50,221,419,6.571562296875,6.81319612590799,6.13193775330396,6.191,6.65957918552036,6.52513811455847,66
"84",2011,6,6.75,8,7.33333333333333,6.4,6.5,7.33333333333333,6.4,3,5,1,3,5,648,416,232,51,224,424,6.57376523148148,6.81694711538462,6.13771495689655,6.19705882352941,6.66860267857143,6.52366242924528,67
"85",2011,7,6.5,9,6.4,6.625,7.25,6.7,6.25,5,4,2,5,4,657,421,236,53,229,428,6.57275474885845,6.81199524940618,6.14597402542373,6.23679245283019,6.66928820960699,6.5211048364486,68
"86",2011,8,6.66,7,6.305,7.13333333333333,6,NA,6.66,4,3,1,0,7,664,425,239,54,229,435,6.57367450301205,6.80722352941176,6.15836765690377,6.23240740740741,6.66928820960699,6.52333993103448,69
"87",2011,9,6.62,10,6.8,6.44,6.4,6.83333333333333,6.52857142857143,5,5,3,3,7,674,430,244,57,232,442,6.57436182492582,6.80713953488372,6.16413881147541,6.24122807017544,6.67140948275862,6.52342278280543,70
"88",2011,10,6.4,20,7.33333333333333,6,7.33333333333333,6.33333333333333,6.42857142857143,6,14,3,6,14,694,436,258,60,238,456,6.56933698847262,6.81438073394495,6.15523205426357,6.29583333333333,6.66288655462185,6.52051067982456,71
"89",2011,11,6.385,20,6.45833333333333,6.275,6.25,6.08333333333333,6.51428571428571,12,8,2,6,14,714,448,266,62,244,470,6.56417348739496,6.80484375,6.15883409774436,6.29435483870968,6.64863524590164,6.52032525531915,72
"90",2011,12,6.3,15,6.85,5.2,6,6.85714285714286,5.8125,10,5,1,7,8,729,458,271,63,251,478,6.55873781893004,6.80582969432314,6.14114343173432,6.28968253968254,6.65445019920319,6.50847880753138,73
"91",2012,1,5.54,15,5.5,5.58571428571429,8,5,5.81,8,7,1,5,10,744,466,278,64,256,488,6.53819875,6.78341201716738,6.1271578057554,6.31640625,6.62213671875,6.49416571721311,74
"92",2012,2,7.08333333333333,6,7,7.16666666666667,6,6.5,7.375,3,3,1,2,4,750,469,281,65,258,492,6.54255982666667,6.7847974413646,6.13825576512456,6.31153846153846,6.62118992248062,6.50132697154471,75
"93",2012,3,7.3125,8,7.4,7.16666666666667,7,7.25,7.33333333333333,5,3,1,2,6,758,474,284,66,260,498,6.55068584432718,6.79128691983122,6.14911926056338,6.3219696969697,6.62602692307692,6.51135114457831,76
"94",2012,4,6.65,10,6.6,6.7,7.5,6.375,6.83333333333333,5,5,1,4,6,768,479,289,67,264,504,6.55197899739583,6.78929018789144,6.15865006920415,6.33955223880597,6.62222348484849,6.51518426587301,77
"95",2012,5,6.61538461538461,13,7,6.16666666666667,5.33333333333333,6,6.66666666666667,7,6,3,1,12,781,486,295,70,265,516,6.55303440460948,6.79232510288066,6.15881311864407,6.29642857142857,6.61987547169811,6.5187071124031,78
"96",2012,6,6.16666666666667,9,5.66666666666667,6.41666666666667,6,6,6.1875,3,6,1,1,8,790,489,301,71,266,524,6.54863274683544,6.78541922290388,6.16395305647841,6.29225352112676,6.61754511278196,6.51365051526717,79
"97",2012,7,6.51666666666667,6,6.16666666666667,6.86666666666667,7,6.25,6.65,3,3,1,2,4,796,492,304,72,268,528,6.54839179648241,6.78164634146341,6.17088773026316,6.30208333333333,6.61480223880597,6.51468346590909,80
"98",2012,8,6.33333333333333,6,6.8,4,NA,6,6.5,5,1,0,2,4,802,497,305,72,270,532,6.54678288029925,6.78183098591549,6.16377006557377,6.30208333333333,6.61024814814815,6.51457306390977,81
"99",2012,9,6.4,5,7,6,6.5,7,5.5,2,3,2,3,2,807,499,308,74,273,534,6.5458734448575,6.78270541082164,6.1621749025974,6.30743243243243,6.61453113553114,6.51077316479401,82
"100",2012,10,6.92,15,6.86666666666667,7,6.5,6.63333333333333,7.11111111111111,9,6,4,6,9,822,508,314,78,279,543,6.55270057177616,6.78419291338583,6.17818429936306,6.31730769230769,6.61493548387097,6.52072351749539,83
"101",2012,11,6.17777777777778,9,6.5,6.08571428571429,7.3,6.53333333333333,6,2,7,2,3,6,831,510,321,80,282,549,6.54864003610108,6.78307843137255,6.17616781931464,6.341875,6.61406737588652,6.51503255009107,84
"102",2012,12,7.17857142857143,7,7.375,6,NA,7.375,7.1,6,1,0,2,5,838,516,322,80,284,554,6.5539019928401,6.78996124031008,6.17562071428571,6.341875,6.61942605633803,6.52031203971119,85
"103",2013,1,6.6,15,6.8125,6.35714285714286,6.25,6.5,6.61538461538461,8,7,2,2,13,853,524,329,82,286,567,6.55471262602579,6.79030534351145,6.17948288753799,6.33963414634146,6.61859090909091,6.52249183421517,86
"104",2013,2,6.83333333333333,12,6.71428571428571,7,7.33333333333333,6.5,7,7,5,3,4,8,865,531,334,85,290,575,6.55857788439306,6.78930320150659,6.19176607784431,6.37470588235294,6.61695517241379,6.52913542608696,87
"105",2013,3,6.44,15,6.71666666666667,5.33333333333333,NA,6.26666666666667,6.55555555555556,12,3,0,6,9,880,543,337,85,296,584,6.55655667045455,6.78769797421731,6.18412424332344,6.37470588235294,6.60985472972973,6.52954258561644,88
"106",2013,4,6.7,14,7.41666666666667,6.1625,7.5,7.25,6.2875,6,8,2,6,8,894,549,345,87,302,592,6.55880298657718,6.79457194899818,6.1836228115942,6.40057471264368,6.62257284768212,6.52627173986486,89
"107",2013,5,7,5,7.625,4.5,NA,NA,7,4,1,0,0,5,899,553,346,87,302,597,6.56125680756396,6.80057866184448,6.17875684971098,6.40057471264368,6.62257284768212,6.53023931323283,90
"108",2013,6,6.36363636363636,11,6.33333333333333,6.375,7.25,NA,6.36363636363636,3,8,2,0,11,910,556,354,89,302,608,6.55886798901099,6.79805755395683,6.18319172316384,6.41966292134831,6.62257284768212,6.52722511513158,91
"109",2013,7,5.68181818181818,11,6.0625,4.66666666666667,4.66666666666667,4.75,5.88888888888889,8,3,3,2,9,921,564,357,92,304,617,6.54839290988057,6.78762411347518,6.17044781512605,6.3625,6.61025328947368,6.5179138897893,92
"110",2013,8,6.53157894736842,19,6.55454545454545,6.5,5,6.25,6.60666666666667,11,8,1,4,15,940,575,365,93,308,632,6.54805305319149,6.7831652173913,6.17767087671233,6.34784946236559,6.60557467532468,6.52002036392405,93
"111",2013,9,6.44230769230769,13,7.03125,5.5,5,6.66666666666667,6.375,8,5,2,3,10,953,583,370,95,311,642,6.54661056663169,6.78656946826758,6.16851316216216,6.31947368421053,6.60616398713826,6.51776147975078,94
"112",2013,10,6.34615384615385,13,6.375,6.3,7.5,6.1,6.5,8,5,2,5,8,966,591,375,97,316,650,6.54391290890269,6.78099830795262,6.17026632,6.34381443298969,6.59815506329114,6.51754287692308,95
"113",2013,11,6.12833333333333,12,6.86285714285714,5.1,6,6.67333333333333,5.58333333333333,7,5,1,6,6,978,598,380,98,322,656,6.53881377300614,6.78195652173913,6.15618386842105,6.34030612244898,6.59955590062112,6.50899827743902,96
"114",2013,12,6.3125,8,7.5,5.125,6,6,6.35714285714286,4,4,2,1,7,986,602,384,100,323,663,6.53697755578093,6.78672757475083,6.14544236979167,6.3335,6.59769969040248,6.50739497737557,97
"115",2014,1,6.52105263157895,19,7.24444444444444,5.87,6.5,6.34,6.58571428571429,9,10,3,5,14,1005,611,394,103,328,677,6.53667648756219,6.79346972176759,6.13845144670051,6.33834951456311,6.59377134146341,6.50901457902511,98
"116",2014,2,6.83333333333333,12,6.85,6.75,6.5,5.83333333333333,7.16666666666667,10,2,1,3,9,1017,621,396,104,331,686,6.5401768633235,6.79438003220612,6.14154007575758,6.33990384615385,6.58687915407855,6.51764266763848,99
"117",2014,3,6.65,10,6.66666666666667,6.625,6,7,6.5625,6,4,1,2,8,1027,627,400,105,333,694,6.54124622200584,6.79315789473684,6.146374675,6.33666666666667,6.58936036036036,6.51815975504323,100
"118",2014,4,5.75,12,5.9,5.64285714285714,7,6.66666666666667,5.44444444444444,5,7,1,3,9,1039,632,407,106,336,703,6.53210767083734,6.7860917721519,6.13771466830467,6.34292452830189,6.59005059523809,6.50441375533428,101
"119",2014,5,6.9,15,7.35,6,5.5,8.66666666666667,6.45833333333333,10,5,2,3,12,1054,642,412,108,339,715,6.53734333017078,6.7948753894081,6.13604337378641,6.32731481481482,6.60842772861357,6.50364037762238,102
"120",2014,6,6.91666666666667,3,6.91666666666667,NA,NA,8,6.375,3,0,0,1,2,1057,645,412,108,340,717,6.53841993377484,6.79544186046512,6.13604337378641,6.32731481481482,6.61252058823529,6.50328154811715,103
"121",2014,7,6.29545454545455,11,6.20833333333333,6.4,6,5.91666666666667,6.4375,6,5,2,3,8,1068,651,417,110,343,725,6.53591748127341,6.7900307219662,6.13920832134293,6.32136363636364,6.60643440233236,6.50255568275862,104
"122",2014,8,6.408,10,7,5.816,6,6.5,6.385,5,5,1,2,8,1078,656,422,111,345,733,6.53473086270872,6.79163109756098,6.13537883886256,6.31846846846847,6.60581739130435,6.5012726739427,105
"123",2014,9,6.20833333333333,12,6.6875,5.25,6,5.5,6.35,8,4,2,2,10,1090,664,426,113,347,743,6.53113749541285,6.7903765060241,6.12706542253521,6.31283185840708,6.59944380403458,6.4992367025572,106
"124",2014,10,6,10,6.25,5,NA,5.33333333333333,6.28571428571429,8,2,0,3,7,1100,672,428,113,350,750,6.52630897272727,6.78394345238095,6.12179876168224,6.31283185840708,6.58859142857143,6.49724382666667,107
"125",2014,11,6.5625,12,6.46875,6.75,6,6.5,6.575,8,4,1,2,10,1112,680,432,114,352,760,6.5266995233813,6.78023529411765,6.12761543981481,6.31008771929825,6.58808806818182,6.49826693421053,108
"126",2014,12,6.83333333333333,6,6.8,7,NA,NA,6.83333333333333,5,1,0,0,6,1118,685,433,114,352,766,6.5283451431127,6.78037956204379,6.1296301847575,6.31008771929825,6.58808806818182,6.50089147519582,109
"127",2015,1,6.30909090909091,11,6.5,5.8,NA,6,6.34,8,3,0,1,10,1129,693,436,114,353,776,6.5262089193977,6.77714285714286,6.12736208715596,6.31008771929825,6.58642209631728,6.4988181314433,110
"128",2015,2,6.61764705882353,17,7.21,5.77142857142857,6.36666666666667,6.68333333333333,6.58181818181818,10,7,3,6,11,1146,703,443,117,359,787,6.52756533158813,6.78330014224751,6.12173785553047,6.31153846153846,6.5880417827298,6.49997823379924,111
"129",2015,3,6.81818181818182,11,6.66666666666667,7,6,6,6.9,6,5,1,1,10,1157,709,448,118,360,797,6.53032832324979,6.78231311706629,6.13153988839286,6.30889830508475,6.58640833333333,6.50499732747804,112
"130",2015,4,6.825,10,7.125,6.375,NA,7.75,6.42857142857143,6,4,0,3,7,1167,715,452,118,363,804,6.53285335904028,6.78518881118881,6.13369440265487,6.30889830508475,6.59602479338843,6.5043319278607,113
"131",2015,5,6.36363636363636,11,6.33333333333333,6.4,6.5,6,6.4,6,5,2,1,10,1178,721,457,120,364,814,6.53127323429542,6.78142857142857,6.13660803063457,6.31208333333333,6.59438736263736,6.50305020884521,114
"132",2015,6,6.37857142857143,14,6.38333333333333,6.375,5.875,5.88333333333333,6.75,6,8,4,6,8,1192,727,465,124,370,822,6.52947975671141,6.77814305364512,6.14070939784946,6.29798387096774,6.58285675675676,6.50545361313868,115
"133",2015,7,6.39,10,6.28,6.5,6.5,6.66666666666667,6.27142857142857,5,5,3,3,7,1202,732,470,127,373,829,6.528319359401,6.77474043715847,6.14453163829787,6.30275590551181,6.58353083109919,6.50347752714113,116
"134",2015,8,6.07894736842105,19,6.40909090909091,5.625,NA,6.1,6.07142857142857,11,8,0,5,14,1221,743,478,127,378,843,6.52132667485668,6.76932705248991,6.13583654811715,6.30275590551181,6.57713492063492,6.49630233689205,117
"135",2015,9,6.278125,16,6.5625,5.99375,5.6875,6.1,6.35909090909091,8,8,4,5,11,1237,751,486,131,383,854,6.518180978173,6.76712383488682,6.13349767489712,6.28396946564886,6.57090600522193,6.49453497658079,118
"136",2015,10,6.125,16,6.31818181818182,5.7,6.5,6.3,6.04545454545455,11,5,1,5,11,1253,762,491,132,388,865,6.51316031125299,6.76064304461942,6.1290832382892,6.28560606060606,6.56741494845361,6.48882412716763,119
"137",2015,11,6.85,18,6.97272727272727,6.65714285714286,6.5,7,6.84117647058823,11,7,2,1,17,1271,773,498,134,389,882,6.51793066089693,6.76366106080207,6.13650576305221,6.28880597014925,6.56852699228792,6.49561549886621,120
"138",2015,12,6.33333333333333,21,6.33333333333333,6.33333333333333,6.5,6.25,6.36666666666667,15,6,4,6,15,1292,788,504,138,395,897,6.51493023993808,6.75546954314721,6.1388489484127,6.29492753623188,6.56368860759494,6.4934591638796,121
"139",2016,1,6.68347826086957,23,6.685,6.68181818181818,6.83333333333333,6.55555555555556,6.76571428571429,12,11,3,9,14,1315,800,515,141,404,911,6.51787822813688,6.7544125,6.15044634951456,6.3063829787234,6.56350742574257,6.4976431064764,122
"140",2016,2,6.15625,16,6.54166666666667,5,5,5.75,6.29166666666667,12,4,1,4,12,1331,812,519,142,408,923,6.51353108189331,6.7512684729064,6.14157971098266,6.29718309859155,6.5555318627451,6.49496518959913,123
"141",2016,3,6.125,16,6.55555555555556,5.57142857142857,4.66666666666667,7,6,9,7,3,2,14,1347,821,526,145,410,937,6.50891601336303,6.74912302070646,6.13399214828897,6.26344827586207,6.5577,6.48756976520811,124
"142",2016,4,5.67333333333333,15,5.91666666666667,5.51111111111111,6.5,7.3,5.42307692307692,6,9,2,2,13,1362,827,535,147,412,950,6.49971356093979,6.74308343409915,6.12351377570093,6.26666666666667,6.56130339805825,6.47300302105263,125
"143",2016,5,6.5,17,6.88888888888889,6.0625,5.7,6,6.56666666666667,9,8,5,2,15,1379,836,543,152,414,965,6.49971709209572,6.74465311004785,6.12261486187845,6.24802631578947,6.55859178743961,6.47445893264249,126
"144",2016,6,6.025,14,6.35625,5.58333333333333,7,6.8,5.89583333333333,8,6,2,2,12,1393,844,549,154,416,977,6.49494606604451,6.74097156398104,6.11672107468124,6.25779220779221,6.55975240384615,6.46735196519959,127
"145",2016,7,6.26470588235294,17,6.77777777777778,5.6875,NA,6,6.28125,9,8,0,1,16,1410,853,557,154,417,993,6.49217012056738,6.74135990621336,6.11055631956912,6.25779220779221,6.55841007194245,6.46435334340383,128
"146",2016,8,6.27391304347826,23,6.38461538461539,6.13,6.375,6.5,6.25238095238095,13,10,4,2,21,1433,866,567,158,419,1014,6.48866704117237,6.73600461893764,6.11089924162257,6.26075949367089,6.55813126491647,6.459963382643,129
"147",2016,9,6.59090909090909,11,7.25,6.21428571428571,5.5,5.5,6.7,4,7,1,1,10,1444,870,574,159,420,1024,6.4894458933518,6.73836781609195,6.11216005226481,6.2559748427673,6.5556119047619,6.46230749023437,130
"148",2016,10,5.53571428571429,14,6.0625,4.83333333333333,4,5.75,5.45,8,6,2,4,10,1458,878,580,161,424,1034,6.48028797668038,6.73220956719818,6.09893081034483,6.22795031055901,6.54801179245283,6.45251728239845,131
"149",2016,11,6.18888888888889,18,6.03333333333333,6.5,6,6.33333333333333,6.16,12,6,2,3,15,1476,890,586,163,427,1049,6.47673432926829,6.72278651685393,6.10303732081911,6.22515337423313,6.54650351288056,6.44833448045758,132
"150",2016,12,6.4,15,6.25,6.57142857142857,6.66666666666667,7.16666666666667,6.20833333333333,8,7,3,3,12,1491,898,593,166,430,1061,6.47596235412475,6.71857461024499,6.10856639123103,6.23313253012048,6.55083023255814,6.44562004712535,133
"151",2017,1,6.21875,16,6.59090909090909,5.4,6,7,6.10714285714286,11,5,3,2,14,1507,909,598,169,432,1075,6.47323149966821,6.7170297029703,6.10264192307692,6.22899408284024,6.55290972222222,6.44121197209302,134
"152",2017,2,6.5625,16,6.38461538461539,7.33333333333333,NA,9,6.21428571428571,13,3,0,2,14,1523,922,601,169,434,1089,6.47416931713723,6.71234273318872,6.10878514143095,6.22899408284024,6.5641866359447,6.43829464646465,135
"153",2017,3,6.46,12,6.54444444444444,6.20666666666667,5.6,NA,6.46,9,3,1,0,12,1535,931,604,170,434,1101,6.47405854723127,6.71071965628357,6.10927130794702,6.22529411764706,6.5641866359447,6.43853121707539,136
"154",2017,4,6.70625,16,6.88,6.41666666666667,NA,6.26666666666667,6.80769230769231,10,6,0,3,13,1551,941,610,170,437,1114,6.47645381689233,6.71251859723698,6.11229486885246,6.22529411764706,6.56214416475972,6.4428392010772,137
"155",2017,5,7.41111111111111,9,6.94,8,NA,6.75,7.94,5,4,0,4,5,1560,946,614,170,441,1119,6.48184607051282,6.71372093023256,6.12459262214984,6.22529411764706,6.56384807256236,6.44952892761394,138
"156",2017,6,6.61538461538461,13,6.9,5.66666666666667,7,6,6.72727272727273,10,3,1,2,11,1573,956,617,171,443,1130,6.4829496948506,6.71566945606695,6.12236607779579,6.22982456140351,6.56130248306998,6.45223262831858,139
"157",2017,7,6.38,15,6.60909090909091,5.75,5,7,6.33571428571429,11,4,1,1,14,1588,967,621,172,444,1144,6.48197724811083,6.71445708376422,6.11996758454106,6.22267441860465,6.56229054054054,6.45080670454545,140
"158",2017,8,6.49411764705882,17,7.09,5.64285714285714,5.66666666666667,7,6.38571428571429,10,7,3,3,14,1605,977,628,175,447,1158,6.48210583800623,6.71830092118731,6.11464947452229,6.21314285714286,6.56522818791946,6.45001974956822,141
"159",2017,9,5.89,15,6.25,5.47857142857143,4.83333333333333,6.25,5.83461538461538,8,7,3,2,13,1620,985,635,178,449,1171,6.47662337654321,6.71449746192893,6.10763759055118,6.18988764044944,6.56382405345212,6.44318776259607,142
"160",2017,10,5.25066666666667,15,5.9075,4.5,4.625,5.5,5.21230769230769,8,7,4,2,13,1635,993,642,182,451,1184,6.46537606727829,6.70799597180262,6.0901088317757,6.1554945054945,6.55910643015521,6.42967303209459,143
"161",2017,11,5.88235294117647,17,5.75,6.2,5.5,4.75,6.23076923076923,12,5,2,4,13,1652,1005,647,184,455,1197,6.4593764346247,6.69655721393035,6.09095806800618,6.14836956521739,6.5432021978022,6.42751284043442,144
"162",2017,12,5.89444444444444,18,6.75,5.21,5.33333333333333,6.6,5.85294117647059,8,10,3,1,17,1670,1013,657,187,456,1214,6.45328734730539,6.69697926949654,6.07754926940639,6.13529411764706,6.54332675438596,6.41946694398682,145
"163",2018,1,5.52777777777778,18,5.75,4.75,4,4.83333333333333,5.66666666666667,14,4,2,3,15,1688,1027,661,189,459,1229,6.44341816943128,6.68407010710808,6.06951568835098,6.11269841269841,6.53215032679738,6.41027898291293,146
"164",2018,2,6.03125,16,6.33333333333333,5.125,4,6,6.05,12,4,1,6,10,1704,1039,665,190,465,1239,6.43954804577465,6.68001924927815,6.06383439097744,6.10157894736842,6.52528387096774,6.4073711622276,147
"165",2018,3,7.18181818181818,11,7.42857142857143,6.75,NA,6.8,7.5,7,4,0,5,6,1715,1046,669,190,470,1245,6.44430896209913,6.68502868068834,6.06793702541106,6.10157894736842,6.52820638297872,6.41263684337349,148
"166",2018,4,5.61666666666667,12,5.5,5.85,NA,6.33333333333333,5.37777777777778,8,4,0,3,9,1727,1054,673,190,473,1254,6.43855811812391,6.67603415559772,6.06664170876672,6.10157894736842,6.52697040169133,6.40520962519936,149
"167",2018,5,6.11818181818182,11,6.66,5.66666666666667,7.33333333333333,5.4,6.27777777777778,5,6,3,2,9,1738,1059,679,193,475,1263,6.43653042002301,6.67595845136921,6.06310731958763,6.12072538860104,6.52222526315789,6.4043015597783,150
"168",2018,6,6.039,20,6.38909090909091,5.61111111111111,6,6,6.04588235294118,11,9,3,3,17,1758,1070,688,196,478,1280,6.43200788964733,6.67300934579439,6.05719457848837,6.11887755102041,6.51894769874477,6.3995413046875,151
"169",2018,7,6.75,12,6.75,6.75,NA,6.2,7.14285714285714,8,4,0,5,7,1770,1078,692,196,483,1287,6.43416376836158,6.67358070500927,6.06119923410405,6.11887755102041,6.51564596273292,6.4035842035742,152
"170",2018,8,6.9,10,7.66666666666667,5.75,5,NA,6.9,6,4,1,0,10,1780,1084,696,197,483,1297,6.4367808258427,6.67907749077491,6.05941073275862,6.11319796954315,6.51564596273292,6.40741161912105,153
"171",2018,9,6.1875,8,7,3.75,1,NA,6.1875,6,2,1,0,8,1788,1090,698,198,483,1305,6.4356654753915,6.68084403669724,6.05279351002865,6.08737373737374,6.51564596273292,6.40606350191571,154
"172",2018,10,6.4375,16,6.35714285714286,7,7,5.83333333333333,6.57692307692308,14,2,2,3,13,1804,1104,700,200,486,1318,6.43568174611973,6.67673913043478,6.05549981428571,6.0965,6.5114341563786,6.40774876327769,155
"173",2018,11,6.77777777777778,9,7.16666666666667,6,5,6,6.875,6,3,1,1,8,1813,1110,703,201,487,1326,6.43737996138996,6.67938738738738,6.05526297297297,6.0910447761194,6.5103839835729,6.41056777526395,156
"174",2018,12,6.625,8,6.5,7,NA,6,6.71428571428571,6,2,0,1,7,1821,1116,705,201,488,1333,6.43820421197144,6.6784229390681,6.05794307801418,6.0910447761194,6.5093381147541,6.41216269317329,157
"175",2019,1,6.4304347826087,23,6.46470588235294,6.33333333333333,4.5,6,6.52105263157895,17,6,2,4,19,1844,1133,711,203,492,1352,6.43810730477223,6.67521624007061,6.0602670464135,6.07536945812808,6.50519715447154,6.41369295118343,158
"176",2019,2,5.59722222222222,18,6.06923076923077,4.37,5,5.5,5.625,13,5,1,4,14,1862,1146,716,204,496,1366,6.42997844790548,6.66834205933682,6.04846350558659,6.07009803921568,6.49709072580645,6.40560971449487,159
"177",2019,3,5.88095238095238,21,6.06666666666667,5.41666666666667,NA,6,5.86842105263158,15,6,0,2,19,1883,1161,722,204,498,1385,6.42385548061604,6.66056847545219,6.04321311634349,6.07009803921568,6.49509437751004,6.39824033935018,160
"178",2019,4,5.93,10,6.06,5.8,5,5.7,6.08333333333333,5,5,1,4,6,1893,1166,727,205,502,1391,6.42124662968833,6.65799313893653,6.04154039889959,6.06487804878049,6.48875896414343,6.39688200575126,161
"179",2019,5,6.05,14,6.74285714285714,5.35714285714286,5.33333333333333,5.9,6.09090909090909,7,7,3,3,11,1907,1173,734,208,505,1402,6.41852116937598,6.65849957374254,6.03501344686649,6.05432692307692,6.48526138613861,6.39448136233951,162
"180",2019,6,5.77272727272727,11,6.28571428571429,4.875,NA,8,5.55,7,4,0,1,10,1918,1180,738,208,506,1412,6.41481745046924,6.65628813559322,6.02872611111111,6.05432692307692,6.48825494071146,6.38850061614731,163
"181",2019,7,6.27272727272727,11,6.66666666666667,4.5,5,5.5,6.44444444444444,9,2,1,2,9,1929,1189,740,209,508,1421,6.41400719025402,6.65636669470143,6.02459441891892,6.04928229665072,6.48436417322835,6.38885494018297,164
"182",2019,8,6.03846153846154,13,6.35714285714286,5.66666666666667,6,6.3,6.01666666666667,7,6,1,1,12,1942,1196,746,210,509,1433,6.41149323892894,6.65461538461538,6.02171564343164,6.04904761904762,6.48400196463654,6.3857382205164,165
"183",2019,9,6.38333333333333,12,6.375,6.4,NA,NA,6.38333333333333,8,4,0,0,12,1954,1204,750,210,509,1445,6.41132030194473,6.65275747508305,6.02373316,6.04904761904762,6.48400196463654,6.38571824913495,166
"184",2019,10,6.32666666666667,12,7.13142857142857,5.2,4.5,6.855,6.0625,7,5,2,4,8,1966,1211,755,212,513,1453,6.41080359613428,6.65552436003303,6.01827797350993,6.03443396226415,6.48689473684211,6.38393865794907,167
"185",2019,11,5.89090909090909,11,6.42857142857143,4.95,4.66666666666667,5,6.08888888888889,7,4,3,2,9,1977,1218,759,215,515,1462,6.40791091047041,6.65422003284072,6.01264805006588,6.0153488372093,6.48112038834951,6.38212234610123,168
"186",2019,12,5.5,10,5.625,5,NA,5.75,5.4375,8,2,0,2,8,1987,1226,761,215,517,1470,6.40334165576246,6.64750407830342,6.00998668856768,6.0153488372093,6.4782920696325,6.37698154421768,169
"187",2020,1,5.74912263157895,19,6.4777775,4.5,4.75,3,5.90185166666667,12,7,4,1,18,2006,1238,768,219,518,1488,6.39714516450648,6.6458589095315,5.9962237890625,5.99223744292237,6.47157722007722,6.37123400537634,170
"188",2020,2,6.6,9,6.57142857142857,6.7,7,8,6.425,7,2,1,1,8,2015,1245,770,220,519,1496,6.39805121588089,6.64544042570281,5.99805177922078,5.99681818181818,6.47452215799615,6.37152152406417,171
"189",2020,3,5.85,20,6.16666666666667,5.375,5.75,5.33333333333333,5.94117647058824,12,8,4,3,17,2035,1257,778,224,522,1513,6.39266496314496,6.64086979315831,5.99164507712082,5.99241071428571,6.46796360153257,6.36668618638466,172
"190",2020,4,6.22941176470588,17,6.27272727272727,6.15,6.95,4,6.36875,11,6,2,1,16,2052,1268,784,226,523,1529,6.39131247563353,6.63767612776025,5.99285697704082,6.00088495575221,6.46324474187381,6.36670778286461,173
"191",2020,5,6.27777777777778,9,6.3125,6,NA,NA,6.27777777777778,8,1,0,0,9,2061,1276,785,226,523,1538,6.39081669092673,6.63563740595611,5.99286607643312,6.00088495575221,6.46324474187381,6.36618738621586,174
"192",2020,6,5.625,8,6.16666666666667,4,4,NA,5.625,6,2,2,0,8,2069,1282,787,228,523,1546,6.38785558240696,6.6334425351014,5.987801613723,5.98333333333333,6.46324474187381,6.36235200517464,175
"193",2020,7,5.75,8,6.08333333333333,4.75,NA,5.83333333333333,5.7,6,2,0,3,5,2077,1288,789,228,526,1551,6.38539874819451,6.63087991459627,5.9846639670469,5.98333333333333,6.45965209125475,6.36021676337846,176
"194",2020,8,5.4,5,7,3,3,8,4.75,3,2,1,1,4,2082,1291,791,229,527,1555,6.38303227665706,6.63173766847405,5.97711740834387,5.97030567685589,6.46257495256167,6.3560747266881,177
"195",2020,9,6.5,5,6.83333333333333,6,NA,6,6.625,3,2,0,1,4,2087,1294,793,229,528,1559,6.38331250598946,6.63220504636785,5.97717511979824,5.97030567685589,6.46169886363636,6.35676472097498,178
"196",2020,10,7,8,6.5,7.5,8,7,7,4,4,1,1,7,2095,1298,797,230,529,1566,6.38566739856802,6.6317976348228,5.98481790464241,5.97913043478261,6.46271644612476,6.35963997445721,179
"197",2020,11,5.83125,16,6.77777777777778,4.61428571428571,3.66666666666667,5,5.95,9,7,3,2,14,2111,1307,804,233,531,1580,6.38146527711985,6.63280285386381,5.97288541044776,5.94935622317596,6.45720715630885,6.35601025316455,180
"198",2020,12,6.21764705882353,17,7.31428571428571,5.45,6.25,9.5,5.78,7,10,2,2,15,2128,1314,814,235,533,1595,6.38015657894737,6.63643328006088,5.96646175675676,5.95191489361702,6.46862476547842,6.35059322884012,181
"199",2021,1,5.59375,16,5.9375,5.25,5,5,5.67857142857143,8,8,2,2,14,2144,1322,822,237,535,1609,6.37428787313433,6.63220372919818,5.95948889294404,5.94388185654008,6.46313457943925,6.34474592914854,182
"200",2021,2,6.15,12,6.2,6,5,6,6.16363636363636,9,3,1,1,11,2156,1331,825,238,536,1620,6.37303951762523,6.62928123966942,5.95963620606061,5.93991596638655,6.46227052238806,6.3435161728395,183
"201",2021,3,5.92307692307692,13,6.87142857142857,4.81666666666667,5.225,7.5,5.45,7,6,4,3,10,2169,1338,831,242,539,1630,6.37034264638082,6.63054807922272,5.95138371841155,5.92809917355372,6.46804638218924,6.3380344785276,184
"202",2021,4,5.16666666666667,6,6,4.33333333333333,3,4.5,5.5,3,3,1,2,4,2175,1341,834,243,541,1634,6.36702216091954,6.62913745712155,5.94556339328537,5.91604938271605,6.4607707948244,6.3359829865361,185
"203",2021,5,6,6,6.25,5.5,7,6,6,4,2,1,1,5,2181,1345,836,244,542,1639,6.36601247134342,6.62800991078067,5.94449745215311,5.92049180327869,6.45992066420664,6.33495802318487,186
"204",2021,6,6,4,6.33333333333333,5,NA,NA,6,3,1,0,0,4,2185,1348,837,244,542,1643,6.36534242562929,6.62735410237389,5.94336902031063,5.92049180327869,6.45992066420664,6.33414254412659,187
"205",2021,7,6.25285714285714,7,6.404,5.875,NA,NA,6.25285714285714,5,2,0,0,7,2192,1353,839,244,542,1650,6.36498321167883,6.62652869918699,5.94320604290822,5.92049180327869,6.45992066420664,6.33379769696969,188
"206",2021,8,6.39454545454545,11,8,4.468,4.17,6.67,6.33333333333333,6,5,2,2,9,2203,1359,844,246,544,1659,6.3651308216069,6.63259259013981,5.93446667061611,5.90626016260163,6.46069301470588,6.33379517781796,189
"207",2021,9,5.5,7,6.2,3.75,NA,5.83333333333333,5.25,5,2,0,3,4,2210,1364,846,246,547,1663,6.36239058823529,6.63100684017595,5.92930244680851,5.90626016260163,6.45725228519196,6.33118833433554,190
"208",2021,10,6.71428571428571,7,6.8,6.5,NA,NA,6.71428571428571,5,2,0,0,7,2217,1369,848,246,547,1670,6.36350166892197,6.63162405405405,5.93064843160377,5.90626016260163,6.45725228519196,6.33279413173652,191
"209",2021,11,7,4,7.33333333333333,6,6,NA,7,3,1,1,0,4,2221,1372,849,247,547,1674,6.36464799639802,6.63315840379009,5.93073011778563,5.90663967611336,6.45725228519196,6.33438841099163,192
"210",2021,12,6.3,10,6.625,5,5,5,6.44444444444444,8,2,1,1,9,2231,1380,851,248,548,1683,6.36435822501121,6.63311110869565,5.92854273795535,5.90298387096774,6.45459306569343,6.33497694592988,193
"211",2022,1,5.9,11,5.91428571428571,5.875,7,6.225,5.71428571428571,7,4,1,4,7,2242,1387,855,249,552,1690,6.36207992863515,6.62948329488104,5.92829224561404,5.90738955823293,6.45292934782609,6.33240603550295,194
"212",2022,2,5.5,4,5,7,NA,7,5,3,1,0,1,3,2246,1390,856,249,553,1693,6.3605446126447,6.62596642446043,5.92954424065421,5.90738955823293,6.45391862567812,6.33004500886001,195
"213",2022,3,6.6,5,6.6,NA,NA,7,6.5,5,0,0,1,4,2251,1395,856,249,554,1697,6.36107649933363,6.62587335483871,5.92954424065421,5.90738955823293,6.45490433212996,6.33044560989982,196
"214",2022,4,5.1,5,5.5,4.5,NA,NA,5.1,3,2,0,0,5,2256,1398,858,249,554,1702,6.35828156028369,6.62345731759657,5.92621196969697,5.90738955823293,6.45490433212996,6.32683090481786,197
"215",2022,5,5.875,4,6.75,5,5,5.5,6.25,2,2,2,2,2,2260,1400,860,251,556,1704,6.35742619469027,6.62363809285714,5.92405798837209,5.9001593625498,6.45146942446043,6.32674072769953,198
"216",2022,6,5.58181818181818,11,5.73333333333333,5.4,5,4,5.93333333333333,6,5,2,2,9,2271,1406,865,253,558,1713,6.35366939674152,6.61983878378378,5.92102875144509,5.89304347826087,6.44268279569892,6.32467378867484,199
"217",2022,7,6.66666666666667,3,6.66666666666667,NA,NA,NA,6.66666666666667,3,0,0,0,3,2274,1409,865,253,558,1716,6.35408232189974,6.61993848828957,5.92102875144509,5.89304347826087,6.44268279569892,6.32527167832168,200
"218",2022,8,6.29166666666667,12,6.27777777777778,6.33333333333333,NA,5,6.40909090909091,9,3,0,1,11,2286,1418,868,253,559,1727,6.35375468066492,6.61776680535966,5.92245376728111,5.89304347826087,6.44010196779964,6.32580555877243,201
"219",2022,9,4.78725,4,4.78725,NA,NA,7.149,4,4,0,0,1,3,2290,1422,868,253,560,1730,6.3510184279476,6.61261767229254,5.92245376728111,5.89304347826087,6.44136785714286,6.32177236994219,202
"220",2022,10,6,8,6,6,4,6,6,3,5,1,1,7,2298,1425,873,254,561,1737,6.34979643167972,6.61132795087719,5.92289790378007,5.8855905511811,6.44058110516934,6.32047564766839,203
"221",2022,11,5.05,8,6.1,4,2,7.4,4.71428571428571,4,4,1,1,7,2306,1429,877,255,562,1744,6.34528716392021,6.6098966620014,5.91412755986317,5.87035294117647,6.44228825622776,6.31402878440367,204
"222",2022,12,6.18571428571429,7,6.55,4,NA,NA,6.18571428571429,6,1,0,0,7,2313,1435,878,255,562,1751,6.34480423692175,6.60964622299651,5.91194746013667,5.87035294117647,6.44228825622776,6.31351581953169,205
