"","year","month","avg_rating","no_ratings","avg_rating_owned","avg_rating_not_owned","avg_rating_prev_owned","avg_rating_comment","avg_rating_no_comment","no_ratings_owned","no_ratings_not_owned","no_ratings_prev_owned","no_ratings_comment","no_ratings_no_comment","cum_no_ratings","cum_no_ratings_owned","cum_no_ratings_not_owned","cum_no_ratings_prev_owned","cum_no_ratings_comment","cum_no_ratings_no_comment","cum_avg_rating","cum_avg_rating_owned","cum_avg_rating_not_owned","cum_avg_rating_prev_owned","cum_avg_rating_comment","cum_avg_rating_no_comment","month_after_release"
"1",2004,2,8.3,1,8.3,NA,NA,NA,8.3,1,0,0,0,1,1,1,0,0,0,1,8.3,8.3,NA,NA,NA,8.3,-1
"2",2004,3,7.5625,8,8.16666666666667,7.2,7,7.25,7.875,3,5,1,4,4,9,4,5,1,4,5,7.64444444444444,8.2,7.2,7,7.25,7.96,0
"3",2004,4,7.28787878787879,33,7.75,6.85294117647059,7,7.3,7.27777777777778,16,17,3,15,18,42,20,22,4,19,23,7.36428571428571,7.84,6.93181818181818,7,7.28947368421053,7.42608695652174,1
"4",2004,5,7.49411764705882,17,8.03076923076923,5.75,NA,7,7.84,13,4,0,7,10,59,33,26,4,26,33,7.40169491525424,7.91515151515152,6.75,7,7.21153846153846,7.55151515151515,2
"5",2004,6,7.35714285714286,21,7.54166666666667,7.11111111111111,7.66666666666667,7.7,7.04545454545455,12,9,3,10,11,80,45,35,7,36,44,7.39,7.81555555555556,6.84285714285714,7.28571428571429,7.34722222222222,7.425,3
"6",2004,7,7.10666666666667,15,7.41818181818182,6.25,8,7.3125,6.87142857142857,11,4,1,8,7,95,56,39,8,44,51,7.34526315789474,7.7375,6.78205128205128,7.375,7.34090909090909,7.34901960784314,4
"7",2004,8,7.44615384615385,13,7.88888888888889,6.45,NA,7.7,7.2875,9,4,0,5,8,108,65,43,8,49,59,7.35740740740741,7.75846153846154,6.75116279069767,7.375,7.37755102040816,7.3406779661017,5
"8",2004,9,7.29545454545455,22,7.6875,6.25,6,7.31818181818182,7.27272727272727,16,6,1,11,11,130,81,49,9,60,70,7.34692307692308,7.74444444444445,6.68979591836735,7.22222222222222,7.36666666666667,7.33,6
"9",2004,10,7.21428571428571,21,7.63636363636364,6.75,7,7.3,7.13636363636364,11,10,1,10,11,151,92,59,10,70,81,7.32847682119205,7.73152173913044,6.7,7.2,7.35714285714286,7.30370370370371,7
"10",2004,11,6.95333333333333,15,7.67777777777778,5.86666666666667,NA,7.0375,6.85714285714286,9,6,0,8,7,166,101,65,10,78,88,7.29457831325301,7.72673267326733,6.62307692307692,7.2,7.32435897435897,7.26818181818182,8
"11",2004,12,7.72222222222222,9,7.78571428571429,7.5,8,7.92857142857143,7,7,2,1,7,2,175,108,67,11,85,90,7.31657142857143,7.73055555555556,6.64925373134328,7.27272727272727,7.37411764705882,7.26222222222222,9
"12",2005,1,7.142,25,7.375,6.92692307692308,6.75,7.28846153846154,6.98333333333333,12,13,2,13,12,200,120,80,13,98,102,7.29475,7.695,6.694375,7.19230769230769,7.36275510204082,7.22941176470588,10
"13",2005,2,7.11,20,7.57,6.65,7,6.33333333333333,7.24705882352941,10,10,1,3,17,220,130,90,14,101,119,7.27795454545454,7.68538461538462,6.68944444444444,7.17857142857143,7.33217821782178,7.23193277310924,11
"14",2005,3,7.41666666666667,18,8,6.5,7,8.07142857142857,7,11,7,2,7,11,238,141,97,16,108,130,7.28844537815126,7.70992907801419,6.67577319587629,7.15625,7.38009259259259,7.21230769230769,12
"15",2005,4,7.012,25,7.26875,6.55555555555556,6.75,6.76666666666667,7.38,16,9,2,15,10,263,157,106,18,123,140,7.26216730038023,7.66496815286624,6.66556603773585,7.11111111111111,7.30528455284553,7.22428571428572,13
"16",2005,5,6.90833333333333,12,7.91428571428571,5.5,6,6.5,7.2,7,5,1,5,7,275,164,111,19,128,147,7.24672727272727,7.67560975609756,6.61306306306306,7.05263157894737,7.273828125,7.22312925170068,14
"17",2005,6,6.73333333333333,15,7.5,6.35,NA,6.35714285714286,7.0625,5,10,0,7,8,290,169,121,19,135,155,7.2201724137931,7.67041420118343,6.59132231404959,7.05263157894737,7.2262962962963,7.21483870967742,15
"18",2005,7,7.32352941176471,17,7.75,6.71428571428571,NA,7.33333333333333,7.3125,10,7,0,9,8,307,179,128,19,144,163,7.22589576547231,7.67486033519553,6.598046875,7.05263157894737,7.23298611111111,7.21963190184049,16
"19",2005,8,7.46,25,7.9,6.8,6.5,7.625,7.30769230769231,15,10,2,12,13,332,194,138,21,156,176,7.24352409638554,7.69226804123711,6.61268115942029,7,7.26314102564103,7.22613636363636,17
"20",2005,9,7.26315789473684,19,7.30769230769231,7.16666666666667,7.5,7.41666666666667,7.19230769230769,13,6,1,6,13,351,207,144,22,162,189,7.24458689458689,7.66811594202899,6.63576388888889,7.02272727272727,7.26882716049383,7.22380952380952,18
"21",2005,10,7.41818181818182,22,7.40625,7.45,7.23333333333333,7.375,7.47,16,6,3,12,10,373,223,150,25,174,199,7.25482573726542,7.64932735426009,6.66833333333333,7.048,7.27614942528736,7.23618090452261,19
"22",2005,11,7.14736842105263,19,7.36363636363636,6.85,7.5,6.6875,7.48181818181818,11,8,2,8,11,392,234,158,27,182,210,7.24961734693878,7.63589743589744,6.67753164556962,7.08148148148148,7.25027472527472,7.24904761904762,20
"23",2005,12,7.34090909090909,22,7.63888888888889,6,7,6.78571428571429,7.6,18,4,1,7,15,414,252,162,28,189,225,7.25446859903382,7.63611111111111,6.6608024691358,7.07857142857143,7.23306878306878,7.27244444444444,21
"24",2006,1,6.8125,24,7.26666666666667,6.05555555555556,7,6.75,6.85714285714286,15,9,1,10,14,438,267,171,29,199,239,7.23025114155251,7.61535580524345,6.62894736842105,7.07586206896552,7.20879396984925,7.24811715481172,22
"25",2006,2,7.3804347826087,23,7.46875,7.17857142857143,8,7.46153846153846,7.275,16,7,1,13,10,461,283,178,30,212,249,7.23774403470716,7.60706713780919,6.65056179775281,7.10666666666667,7.22429245283019,7.24919678714859,23
"26",2006,3,7.5,23,7.59375,7.28571428571429,5,7.6875,7.4,16,7,1,8,15,484,299,185,31,220,264,7.25020661157025,7.60635451505017,6.67459459459459,7.03870967741935,7.24113636363636,7.25776515151515,24
"27",2006,4,7.24,15,7.55555555555556,6.76666666666667,8,7,7.51428571428571,9,6,1,8,7,499,308,191,32,228,271,7.2498997995992,7.60487012987013,6.67748691099476,7.06875,7.23267543859649,7.26439114391144,25
"28",2006,5,7.79166666666667,12,7.77272727272727,8,NA,7.4,8.07142857142857,11,1,0,5,7,511,319,192,32,233,278,7.26262230919765,7.61065830721003,6.684375,7.06875,7.2362660944206,7.28471223021583,26
"29",2006,6,7.55625,16,7.63571428571429,7,NA,7.675,7.4375,14,2,0,8,8,527,333,194,32,241,286,7.27153700189753,7.61171171171171,6.68762886597938,7.06875,7.25082987551867,7.28898601398601,27
"30",2006,7,7.37391304347826,23,7.81875,6.35714285714286,8,7.14285714285714,7.475,16,7,1,7,16,550,349,201,33,248,302,7.27581818181818,7.62120343839542,6.67611940298507,7.0969696969697,7.24778225806452,7.29884105960265,28
"31",2006,8,6.75,27,7.27083333333333,6.33333333333333,6.33333333333333,6.5,6.95,12,15,6,12,15,577,361,216,39,260,317,7.25121317157712,7.6095567867036,6.65231481481481,6.97948717948718,7.21326923076923,7.28233438485804,29
"32",2006,9,7.125,16,7.71428571428571,6.66666666666667,6.5,6.75,7.5,7,9,2,8,8,593,368,225,41,268,325,7.24780775716695,7.61154891304348,6.65288888888889,6.95609756097561,7.19944029850746,7.28769230769231,30
"33",2006,10,7.15459459459459,37,7.30086956521739,6.91428571428571,7,7.02333333333333,7.27894736842105,23,14,3,18,19,630,391,239,44,286,344,7.24233333333333,7.593273657289,6.66820083682008,6.95909090909091,7.18835664335664,7.28720930232558,31
"34",2006,11,7.02,25,7.44444444444444,5.92857142857143,7,7.375,6.85294117647059,18,7,1,8,17,655,409,246,45,294,361,7.23384732824428,7.58672371638142,6.64715447154471,6.96,7.19343537414966,7.26675900277008,32
"35",2006,12,6.90606060606061,33,7.41111111111111,6.3,7,6.64,7.12777777777778,18,15,5,15,18,688,427,261,50,309,379,7.218125,7.57932084309134,6.6272030651341,6.964,7.16656957928803,7.26015831134565,33
"36",2007,1,7.14848484848485,33,7.57368421052632,6.57142857142857,7,7.22727272727273,7.10909090909091,19,14,2,11,22,721,446,275,52,320,401,7.21493758668516,7.57908071748879,6.62436363636364,6.96538461538462,7.16865625,7.25187032418953,34
"37",2007,2,7.01014137931034,29,7.40588235294118,6.44950833333333,NA,6.975,7.03494705882353,17,12,0,12,17,750,463,287,52,332,418,7.2070188,7.57272138228942,6.61705261324042,6.96538461538462,7.16165662650602,7.2430480861244,35
"38",2007,3,7.34210526315789,19,7.72727272727273,6.8125,7,7.3,7.38888888888889,11,8,2,10,9,769,474,295,54,342,427,7.21035643693108,7.57630801687764,6.62235288135593,6.96666666666667,7.16570175438596,7.24612201405152,36
"39",2007,4,7.01428571428571,28,7.36111111111111,6.39,NA,7.26153846153846,6.8,18,10,0,13,15,797,492,305,54,355,442,7.20346813048933,7.56843495934959,6.61473475409836,6.96666666666667,7.16921126760563,7.23098212669683,37
"40",2007,5,6.81212121212121,33,7.21052631578947,6.27142857142857,7.5,6.73333333333333,6.87777777777778,19,14,2,15,18,830,511,319,56,370,460,7.18790855421687,7.55512720156556,6.59966802507837,6.98571428571429,7.15154054054054,7.21716108695652,38
"41",2007,6,6.93461538461538,26,7.39333333333333,6.30909090909091,NA,7.16666666666667,6.81176470588235,15,11,0,9,17,856,526,330,56,379,477,7.18021507009346,7.55051330798479,6.58998212121212,6.98571428571429,7.15189973614776,7.20271299790357,39
"42",2007,7,7.05555555555556,27,7.5,6,NA,7.27777777777778,6.94444444444444,19,8,0,9,18,883,545,338,56,388,495,7.17640328425821,7.54875229357798,6.57601804733728,6.98571428571429,7.15481958762887,7.19332141414142,40
"43",2007,8,7.05434782608696,46,7.32,6.73809523809524,6.95,6.85294117647059,7.17241379310345,25,21,10,17,29,929,570,359,66,405,524,7.17035963401507,7.53871929824562,6.58549888579387,6.98030303030303,7.14214814814815,7.1921643129771,41
"44",2007,9,7.26944444444444,36,7.54782608695652,6.77692307692308,6.775,7.26666666666667,7.27142857142857,23,13,4,15,21,965,593,372,70,420,545,7.17405606217616,7.53907251264756,6.59218844086022,6.96857142857143,7.14659523809524,7.19521853211009,42
"45",2007,10,7.21943243243243,37,7.431,6.99611111111111,6.75,7.49325,7.088,19,18,4,12,25,1002,612,390,74,432,570,7.17573163672655,7.53571732026144,6.61083102564103,6.95675675675676,7.15622453703704,7.19051596491228,43
"46",2007,11,7.09181818181818,44,7.38727272727273,6.79636363636364,7.50666666666667,7.325,7.004375,22,22,3,12,32,1046,634,412,77,444,602,7.17220181644359,7.53056624605679,6.62073810679612,6.97818181818182,7.16078603603604,7.18062142857143,44
"47",2007,12,6.6468085106383,47,7.09615384615385,6.09047619047619,7.2,6.59782608695652,6.69375,26,21,7,23,24,1093,660,433,84,467,626,7.14960942360476,7.51345303030303,6.59502101616628,6.99666666666667,7.13305995717345,7.1619554313099,45
"48",2008,1,7.05555555555556,54,7.37096774193548,6.6304347826087,7.58333333333333,7.08333333333333,7.03333333333333,31,23,6,24,30,1147,691,456,90,491,656,7.14518142981691,7.50706078147612,6.59680723684211,7.03577777777778,7.13062932790224,7.15607332317073,46
"49",2008,2,6.78157894736842,38,7.21739130434783,6.11333333333333,5.66666666666667,6.57142857142857,6.90416666666667,23,15,6,14,24,1185,714,471,96,505,680,7.13352160337553,7.49772969187675,6.58140997876858,6.95020833333333,7.11512673267327,7.1471825,47
"50",2008,3,7.39166666666667,36,7.48947368421053,7.28235294117647,6.75,7.36923076923077,7.40434782608696,19,17,6,13,23,1221,733,488,102,518,703,7.14113276003276,7.49751568894952,6.60582807377049,6.93843137254902,7.12150386100386,7.15559615931721,48
"51",2008,4,7.15978260869565,46,7.43461538461538,6.8025,7.11111111111111,7.21052631578947,7.12407407407407,26,20,9,19,27,1267,759,508,111,537,730,7.14180986582478,7.49536100131753,6.61357106299213,6.95243243243243,7.12465363128492,7.1544302739726,49
"52",2008,5,7.01347368421053,38,7.188,6.71428571428571,6.625,6.73809523809524,7.35364705882353,24,14,4,21,17,1305,783,522,115,558,747,7.13807287356322,7.48593997445722,6.61627222222222,6.94104347826087,7.11010573476702,7.1589639892905,50
"53",2008,6,6.84375,32,7.06521739130435,6.27777777777778,8,7.38888888888889,6.6304347826087,23,9,2,9,23,1337,806,531,117,567,770,7.13102849663426,7.47393424317618,6.61053502824859,6.9591452991453,7.11453086419753,7.14317675324675,51
"54",2008,7,7.29479166666667,48,7.57916666666667,7.01041666666667,6.6,7.44411764705882,7.21290322580645,24,24,10,17,31,1385,830,555,127,584,801,7.1367040433213,7.47697710843374,6.62782720720721,6.93086614173228,7.124125,7.14587528089888,52
"55",2008,8,7.06666666666667,51,7.42916666666667,6.74444444444444,6.725,7.1875,7.01142857142857,24,27,16,16,35,1436,854,582,143,600,836,7.13421664345404,7.47563348946136,6.63323728522337,6.90783216783217,7.125815,7.14024653110048,53
"56",2008,9,7.06388888888889,36,7.42608695652174,6.42307692307692,7.16666666666667,7.09090909090909,7.052,23,13,3,11,25,1472,877,595,146,611,861,7.13249667119565,7.47433409350057,6.62864554621849,6.91315068493151,7.12518657937807,7.13768420441347,54
"57",2008,10,7.26724137931035,29,7.38235294117647,7.10416666666667,7.1,7.08333333333333,7.39705882352941,17,12,5,12,17,1501,894,607,151,623,878,7.1351,7.47258501118568,6.63804629324547,6.91933774834437,7.12438041733547,7.1427062642369,55
"58",2008,11,6.96488372093023,43,7.45409090909091,6.45238095238095,6.32142857142857,6.84117647058823,7.04576923076923,22,21,14,17,26,1544,916,628,165,640,904,7.13035952072539,7.47214082969433,6.6318377388535,6.86860606060606,7.1168578125,7.13991825221239,56
"59",2008,12,6.83914285714286,35,7.4,6.24529411764706,6.73857142857143,6.52125,6.93333333333333,18,17,7,8,27,1579,934,645,172,648,931,7.12390443318556,7.47075053533191,6.62164976744186,6.86331395348837,7.10950462962963,7.13392706766917,57
"60",2009,1,7.24891304347826,46,7.48793103448276,6.84117647058823,7,7.72307692307692,7.06212121212121,29,17,5,13,33,1625,963,662,177,661,964,7.12744313846154,7.47126791277259,6.62728716012085,6.86717514124294,7.12157186081694,7.13146898340249,58
"61",2009,2,6.7169014084507,71,7.22857142857143,6.38372093023256,6.38333333333333,6.65217391304348,6.74791666666667,28,43,12,23,48,1696,991,705,189,684,1012,7.11025654481132,7.4644106962664,6.61243134751773,6.83645502645503,7.10578801169591,7.11327677865613,59
"62",2009,3,7.07681818181818,55,7.647,6.60166666666667,6.80357142857143,6.85576923076923,7.1452380952381,25,30,14,13,42,1751,1016,735,203,697,1054,7.10920622501428,7.46890354330709,6.61199197278912,6.83418719211823,7.10112482065997,7.11455037950664,60
"63",2009,4,6.89811320754717,53,7.144,6.67857142857143,6.78571428571429,7.11538461538461,6.8275,25,28,7,13,40,1804,1041,763,210,710,1094,7.10300449002217,7.46110086455332,6.61443525557012,6.83257142857143,7.10138591549296,7.10405493601463,61
"64",2009,5,6.77096153846154,52,7.0947619047619,6.55161290322581,6.54545454545455,6.76666666666667,6.77186046511628,21,31,11,9,43,1856,1062,794,221,719,1137,7.0937015625,7.45385687382298,6.61198249370277,6.81828054298643,7.09719610570236,7.09149173262973,62
"65",2009,6,6.88125,48,7.20869565217391,6.58,7.35714285714286,7.22222222222222,6.8025641025641,23,25,7,9,39,1904,1085,819,228,728,1176,7.0883456407563,7.4486599078341,6.61100622710623,6.83482456140351,7.09874175824176,7.08190994897959,63
"66",2009,7,6.9,52,7.25384615384615,6.54615384615385,6.675,6.975,6.88636363636364,26,26,8,8,44,1956,1111,845,236,736,1220,7.08333849693252,7.44410081008101,6.60901076923077,6.82940677966102,7.09739673913043,7.07485745901639,64
"67",2009,8,6.87,35,7.28928571428571,6.59047619047619,6.36363636363636,7.0625,6.81296296296296,14,21,11,8,27,1991,1125,866,247,744,1247,7.07958819688599,7.44217422222222,6.60856131639723,6.80866396761134,7.09702150537634,7.06918692862871,65
"68",2009,9,6.84555555555556,45,7.14411764705882,6.66428571428571,6.76470588235294,6.93333333333333,6.81363636363636,17,28,17,12,33,2036,1142,894,264,756,1280,7.0744155697446,7.43773730297723,6.61030659955257,6.80583333333333,7.09442328042328,7.062598515625,66
"69",2009,10,7.06923076923077,39,7.52631578947368,6.635,6.51,6.1375,7.30967741935484,19,20,10,8,31,2075,1161,914,274,764,1311,7.07431812048193,7.43918690783807,6.61084693654267,6.79503649635036,7.08440314136126,7.0684409610984,67
"70",2009,11,6.60633802816901,71,7.14,6.21585365853659,6.46428571428571,6.36590909090909,6.71428571428571,30,41,14,22,49,2146,1191,955,288,786,1360,7.05883508853681,7.43165071368598,6.59388910994764,6.77895833333333,7.06429262086514,7.05568095588235,68
"71",2009,12,7.13522727272727,44,7.35,6.98653846153846,6.71470588235294,7.06818181818182,7.15757575757576,18,26,17,11,33,2190,1209,981,305,797,1393,7.0603699086758,7.43043507030604,6.60429571865444,6.77537704918033,7.06434629861982,7.05809483129936,69
"72",2010,1,6.75254237288136,59,7.19230769230769,6.40606060606061,6.19230769230769,6.875,6.70697674418605,26,33,13,16,43,2249,1235,1014,318,813,1436,7.05229439751,7.42542186234818,6.5978442800789,6.75154088050314,7.06061992619926,7.04758084958217,70
"73",2010,2,6.98243243243243,37,7.36153846153846,6.77708333333333,7.1625,6.94444444444444,6.99464285714286,13,24,4,9,28,2286,1248,1038,322,822,1464,7.05116364829396,7.42475641025641,6.60198853564547,6.75664596273292,7.05934793187348,7.04656837431694,71
"74",2010,3,6.61612903225806,31,7.21875,5.97333333333333,5.83333333333333,6.45,6.6952380952381,16,15,6,10,21,2317,1264,1053,328,832,1485,7.04534315925766,7.42214873417722,6.59303333333333,6.73975609756098,7.05202403846154,7.04160006734007,72
"75",2010,4,6.75588235294118,34,7.32142857142857,6.36,6.1,6.22727272727273,7.00869565217391,14,20,12,11,23,2351,1278,1073,340,843,1508,7.04115699702254,7.42104538341158,6.58868974836906,6.71717647058823,7.04126215895611,7.04109820954907,73
"76",2010,5,6.66315789473684,19,7,6.08571428571429,5.8,6.46666666666667,6.75384615384615,12,7,1,6,13,2370,1290,1080,341,849,1521,7.03812662447257,7.41712868217054,6.58542972222222,6.71448680351906,7.03720141342756,7.03864306377383,74
"77",2010,6,6.92391304347826,23,7.38846153846154,6.32,6.75,6.65,7,13,10,4,5,18,2393,1303,1090,345,854,1539,7.03702887588801,7.41684267075979,6.58299458715596,6.71489855072464,7.03493442622951,7.03819109811566,75
"78",2010,7,6.88333333333333,30,7.30555555555556,6.25,4.8,7.08333333333333,6.83333333333333,18,12,5,6,24,2423,1321,1102,350,860,1563,7.03512591828312,7.4153262679788,6.57936851179673,6.68754285714286,7.03527209302326,7.03504548944338,76
"79",2010,8,6.68461538461538,39,7.1375,6.3695652173913,6.71428571428571,6.45454545454545,6.775,16,23,7,11,28,2462,1337,1125,357,871,1591,7.02957355808286,7.41200149588631,6.5750792,6.68806722689076,7.02793800229621,7.0304689503457,77
"80",2010,9,6.72391304347826,23,6.90555555555556,6.60714285714286,6.42857142857143,6.65909090909091,6.78333333333333,9,14,7,11,12,2485,1346,1139,364,882,1603,7.02674450704225,7.40861515601783,6.57547330992098,6.68307692307692,7.02333786848073,7.02861890205864,78
"81",2010,10,6.7375,24,7.05454545454545,6.46923076923077,6.72,6.75,6.72857142857143,11,13,5,10,14,2509,1357,1152,369,892,1617,7.02397772020725,7.40574502579219,6.57427439236111,6.68357723577236,7.0202735426009,7.02602108843538,79
"82",2010,11,6.755,40,7.08260869565217,6.31176470588235,6.5,6.70909090909091,6.77241379310345,23,17,3,11,29,2549,1380,1169,372,903,1646,7.01975680659082,7.40035942028986,6.57045688622755,6.68209677419355,7.01648283499446,7.02155291616039,80
"83",2010,12,6.66444444444444,45,7.24705882352941,6.31071428571429,6.13636363636364,6.4,6.74,17,28,11,10,35,2594,1397,1197,383,913,1681,7.01359294525829,7.39849391553329,6.56438103592314,6.6664229765013,7.00973055859803,7.01569071980964,81
"84",2011,1,6.61951219512195,41,7.375,6.30689655172414,6.35384615384615,6.125,6.73939393939394,12,29,13,8,33,2635,1409,1226,396,921,1714,7.00746113851993,7.39829382540809,6.55829045676998,6.65616161616162,7.00204560260586,7.0103711201867,82
"85",2011,2,6.89331428571429,35,7.20526315789474,6.522875,6.625,6.60507692307692,7.06363636363636,19,16,4,13,22,2670,1428,1242,400,934,1736,7.00596483146068,7.39572549019608,6.55783421900161,6.65585,6.99652034261242,7.011046140553,83
"86",2011,3,6.38571428571429,28,7.25,5.90555555555556,5.36,6.07142857142857,6.49047619047619,10,18,5,7,21,2698,1438,1260,405,941,1757,6.99952783543366,7.39471210013908,6.54851595238095,6.63985185185185,6.98963868225292,7.00482418895845,84
"87",2011,4,6.58636363636364,22,7.17857142857143,5.55,4.88,5.78571428571429,6.96,14,8,5,7,15,2720,1452,1268,410,948,1772,6.99618606617647,7.39262809917355,6.54221616719243,6.61839024390244,6.98074894514768,7.004444751693,85
"88",2011,5,6.8695652173913,23,6.6875,6.96666666666667,7.0625,6.875,6.86666666666667,8,15,8,8,15,2743,1460,1283,418,956,1787,6.99512435289829,7.38876438356164,6.54717856586126,6.62688995215311,6.9798640167364,7.00328824846111,86
"89",2011,6,6.62222222222222,18,7.525,5.9,5.5,6.16666666666667,6.71333333333333,8,10,4,3,15,2761,1468,1293,422,959,1802,6.9926932633104,7.3895068119891,6.54217331786543,6.61620853080569,6.97732012513034,7.00087463928968,87
"90",2011,7,6.78,25,7.32,6.42,6.4,6.52857142857143,6.87777777777778,10,15,7,7,18,2786,1478,1308,429,966,1820,6.99078467336684,7.38903653585927,6.54077224770642,6.61268065268065,6.97406832298137,6.9996571978022,88
"91",2011,8,7,27,7.5,6.6,6.75,6.5,7.14285714285714,12,15,6,6,21,2813,1490,1323,435,972,1841,6.99087312477782,7.38993020134228,6.54144376417234,6.61457471264368,6.97114197530864,7.00129065725149,89
"92",2011,9,6.558,25,6.93846153846154,6.14583333333333,5.9,6.375,6.64411764705882,13,12,5,8,17,2838,1503,1335,440,980,1858,6.98705993657506,7.3860252827678,6.5378877153558,6.60645454545455,6.96627551020408,6.99802265877288,90
"93",2011,10,6.8625,32,7.29285714285714,6.52777777777778,6.875,6.85,6.86538461538461,14,18,8,6,26,2870,1517,1353,448,986,1884,6.98567111498258,7.38516545814107,6.5377532150776,6.61125,6.96556795131846,6.99619219745223,91
"94",2011,11,6.91315789473684,38,7.24761904761905,6.5,6.35714285714286,7.15,6.82857142857143,21,17,7,10,28,2908,1538,1370,455,996,1912,6.98472355570839,7.38328738621587,6.53728474452555,6.60734065934066,6.96741967871486,6.9937375,92
"95",2011,12,7.02857142857143,28,7.03333333333333,7.02307692307692,6.75,7.05555555555556,7.01578947368421,15,13,4,9,19,2936,1553,1383,459,1005,1931,6.98514172343324,7.37990727623954,6.54185112075199,6.60858387799564,6.96820895522388,6.99395447954428,93
"96",2012,1,6.78548387096774,31,7.23,6.36875,6.57142857142857,6.25,6.97173913043478,15,16,7,8,23,2967,1568,1399,466,1013,1954,6.9830556454331,7.37847321428572,6.53987140814868,6.60802575107296,6.96253701875617,6.99369298874104,94
"97",2012,2,6.93648648648649,37,7.43181818181818,6.21,6.13333333333333,6.875,6.95344827586207,22,15,3,8,29,3004,1590,1414,469,1021,1983,6.98248205725699,7.37921132075472,6.53637206506365,6.60498933901919,6.96185112634672,6.99310443772063,95
"98",2012,3,7.075,24,7.22727272727273,6.94615384615385,6.76666666666667,6.53333333333333,7.15238095238095,11,13,6,3,21,3028,1601,1427,475,1024,2004,6.98321535667107,7.37816739537789,6.54010518570427,6.60703157894737,6.960595703125,6.99477350299401,96
"99",2012,4,7.01904761904762,21,7.49166666666667,6.38888888888889,6,7,7.025,12,9,2,5,16,3049,1613,1436,477,1029,2020,6.98346215152509,7.37901177929325,6.53915745125348,6.60448637316562,6.96078717201166,6.99501292079208,97
"100",2012,5,6.51538461538462,26,6.7,6.16666666666667,5.8,6.7,6.41764705882353,17,9,5,9,17,3075,1630,1445,482,1038,2037,6.97950442276423,7.3719300613497,6.53683743944636,6.59614107883817,6.95852601156069,6.99019445262641,98
"101",2012,6,6.375,16,6.625,6.29166666666667,6,5.875,6.54166666666667,4,12,3,4,12,3091,1634,1457,485,1042,2049,6.9763753154319,7.37010159118727,6.53481818805765,6.59245360824742,6.95436660268714,6.98756764275256,99
"102",2012,7,7.235625,16,7.75,6.72125,7.15,7,7.377,8,8,2,6,10,3107,1642,1465,487,1048,2059,6.97771036369488,7.37195249695494,6.53583624573379,6.59474332648871,6.95462786259542,6.98945900922778,100
"103",2012,8,6.03333333333333,21,5.92727272727273,6.15,5.75,5.72222222222222,6.26666666666667,11,10,6,9,12,3128,1653,1475,493,1057,2071,6.97137023657289,7.36233877797943,6.53322040677966,6.58446247464503,6.94413434247871,6.98527093191695,101
"104",2012,9,6.56521739130435,23,6.81818181818182,6.33333333333333,7.05,6.5,6.58333333333333,11,12,6,5,18,3151,1664,1487,499,1062,2089,6.96840561726436,7.35874158653847,6.53160733019502,6.59006012024048,6.94204331450094,6.98180761129727,102
"105",2012,10,6.83055555555556,18,7.08636363636364,6.42857142857143,7,6.65,6.9,11,7,3,5,13,3169,1675,1494,502,1067,2102,6.96762262543389,7.3569528358209,6.53112456492637,6.59250996015936,6.9406747891284,6.98130166508088,103
"106",2012,11,6.518,25,7.08,6.14333333333333,6.7,6.33333333333333,6.54318181818182,10,15,5,3,22,3194,1685,1509,507,1070,2124,6.96410335003131,7.35530919881306,6.52726978131213,6.59357001972387,6.93897196261682,6.97676370056497,104
"107",2012,12,7.21333333333333,15,7.17,7.3,9,7.75,7.01818181818182,10,5,1,4,11,3209,1695,1514,508,1074,2135,6.96526833904644,7.35421592920354,6.52982173051519,6.59830708661417,6.94199255121043,6.97697709601874,105
"108",2013,1,6.04545454545455,22,6.66666666666667,5.61538461538461,5.75,6.27777777777778,5.88461538461539,9,13,4,9,13,3231,1704,1527,512,1083,2148,6.95900529247911,7.35058450704226,6.52203673870334,6.5916796875,6.93647276084949,6.97036596834265,106
"109",2013,2,6.34,20,6.28571428571429,6.36923076923077,6.75,7,6.22352941176471,7,13,6,3,17,3251,1711,1540,518,1086,2165,6.95519720086128,7.34622793687902,6.52074681818182,6.59351351351351,6.93664825046041,6.96450166281755,107
"110",2013,3,6.77777777777778,18,7.2125,6.43,6.25,6.75,6.78571428571429,8,10,4,4,14,3269,1719,1550,522,1090,2179,6.95422028143163,7.34560558464224,6.52016135483871,6.59088122605364,6.93596330275229,6.96335296007343,108
"111",2013,4,5.96315789473684,19,6.91666666666667,5.52307692307692,6,6.33333333333333,5.89375,6,13,3,3,16,3288,1725,1563,525,1093,2195,6.94849333941606,7.34411362318841,6.51186826615483,6.58750476190476,6.93430924062214,6.95555630979499,109
"112",2013,5,7.06,20,7.15714285714286,6.83333333333333,6.66666666666667,7.05,7.0625,14,6,3,4,16,3308,1739,1569,528,1097,2211,6.94916750302298,7.34260839562968,6.5130975780752,6.58795454545455,6.93473108477666,6.9563302125735,110
"113",2013,6,6.52,15,6.64285714285714,6.4125,6.5,5.5,6.89090909090909,7,8,4,4,11,3323,1746,1577,532,1101,2222,6.94723024375565,7.33980297823597,6.51258725428027,6.58729323308271,6.92951861943688,6.95600634563457,111
"114",2013,7,6.98529411764706,17,7.34375,6.66666666666667,6.625,6.75,7.08333333333333,8,9,4,5,12,3340,1754,1586,536,1106,2234,6.94742398203593,7.33982098061574,6.51346160151324,6.58757462686567,6.92870705244123,6.95669028648165,112
"115",2013,8,7.01666666666667,18,7.2,6.375,7,7.24285714285714,6.87272727272727,14,4,2,7,11,3358,1768,1590,538,1113,2245,6.94779514592019,7.33871380090498,6.51311327044025,6.58910780669145,6.93068283917341,6.95627888641426,113
"116",2013,9,6.3125,16,6.64285714285714,6.05555555555556,5.625,6.35714285714286,6.27777777777778,7,9,4,7,9,3374,1775,1599,542,1120,2254,6.94478248369888,7.33596957746479,6.51053789868668,6.5819926199262,6.92709821428571,6.95356969831411,114
"117",2013,10,6.13333333333333,12,6.8,5.2,5.2,6.25,6.075,7,5,5,4,8,3386,1782,1604,547,1124,2262,6.94190670407561,7.33386419753087,6.506452680798,6.56936014625229,6.92468861209964,6.9504624668435,115
"118",2013,11,6.28695652173913,23,7,6.08888888888889,6.2375,6.65,6.15882352941177,5,18,8,6,17,3409,1787,1622,555,1130,2279,6.93748785567615,7.33293005036374,6.50181880394574,6.56457657657658,6.92323008849558,6.9445573058359,116
"119",2013,12,6.35045454545455,22,7.25,5.60083333333333,5.33333333333333,6.36833333333333,6.34375,10,12,3,6,16,3431,1797,1634,558,1136,2295,6.93372372486156,7.33246855870896,6.49520201958384,6.55795698924731,6.92029929577465,6.94036867102397,117
"120",2014,1,6.51428571428571,14,7.28571428571429,5.74285714285714,6.73333333333333,5.5,6.79090909090909,7,7,3,3,11,3445,1804,1641,561,1139,2306,6.93201918722787,7.33228713968958,6.49199274832419,6.55889483065954,6.91655838454785,6.93965572419775,118
"121",2014,2,6.51666666666667,27,7.31,6.05,6.53,6.83333333333333,6.42619047619048,10,17,5,6,21,3472,1814,1658,566,1145,2327,6.92878919930876,7.33216427783903,6.48746085645356,6.55863957597173,6.91612227074236,6.93502195960464,119
"122",2014,3,6.99444444444444,18,7.2375,6.8,7,7.2,6.91538461538462,8,10,4,5,13,3490,1822,1668,570,1150,2340,6.92912782234957,7.33174862788145,6.48933459232614,6.56173684210526,6.91735652173913,6.93491286324787,120
"123",2014,4,6.81111111111111,18,7.5,6.12222222222222,6.45,6.96666666666667,6.78,9,9,2,3,15,3508,1831,1677,572,1153,2355,6.92852226339795,7.33257564172584,6.48736440071556,6.56134615384615,6.91748482220295,6.93392615711253,121
"124",2014,5,6.9375,12,6.99166666666667,6.88333333333333,7.5,7.23333333333333,6.83888888888889,6,6,3,3,9,3520,1837,1683,575,1156,2364,6.92855286931818,7.33146216657594,6.48877605466429,6.56624347826087,6.9183044982699,6.93356434010153,122
"125",2014,6,6.87857142857143,14,7.2,6.7,6.55,6.75,6.93,5,9,6,4,10,3534,1842,1692,581,1160,2374,6.92835486700623,7.33110532030402,6.48989958628841,6.56607573149742,6.91772413793103,6.93354932603202,123
"126",2014,7,6.91041666666667,24,7.00357142857143,6.78,6.9,6.33333333333333,7.10277777777778,14,10,7,6,18,3558,1856,1702,588,1166,2392,6.9282338673412,7.32863469827587,6.49160405405405,6.57005102040817,6.91471698113208,6.93482278428094,124
"127",2014,8,6.915,20,7.57777777777778,6.37272727272727,7.02,6.46666666666667,6.99411764705882,9,11,5,3,17,3578,1865,1713,593,1169,2409,6.92815989379542,7.32983699731904,6.49084068884997,6.57384485666105,6.91356715141146,6.93524122042342,125
"128",2014,9,7.12352941176471,17,7.575,6.72222222222222,7,7.26,7.06666666666667,8,9,3,5,12,3595,1873,1722,596,1174,2421,6.92908375521558,7.33088414308596,6.49205,6.57598993288591,6.91504258943782,6.93589264766626,126
"129",2014,10,6.71176470588235,17,6.72222222222222,6.7,6.25,7.125,6.58461538461538,9,8,2,4,13,3612,1882,1730,598,1178,2434,6.92806093576966,7.3279734325186,6.49301161849711,6.57489966555184,6.91575551782683,6.93401647493838,127
"130",2014,11,6.61111111111111,27,7.11538461538461,6.14285714285714,6.27272727272727,6.5,6.65,13,14,11,7,20,3639,1895,1744,609,1185,2454,6.92570928826601,7.32651503957784,6.49020074541284,6.56944170771757,6.91329957805907,6.93170175224124,128
"131",2014,12,7.06363636363636,22,7.60714285714286,6.1125,5.63333333333333,6.7,7.23333333333333,14,8,3,7,15,3661,1909,1752,612,1192,2469,6.92653813165802,7.32857307490833,6.48847608447488,6.56485294117647,6.91204697986577,6.93353426488457,129
"132",2015,1,6.94074074074074,27,7.17142857142857,6.69230769230769,6.75,7.675,6.81304347826087,14,13,6,4,23,3688,1923,1765,618,1196,2492,6.92664210954447,7.32742901716069,6.4899773937677,6.5666504854369,6.91459866220736,6.93242219101124,130
"133",2015,2,6.16428571428571,14,6.26,6.11111111111111,6.6,6.15,6.16666666666667,5,9,5,2,12,3702,1928,1774,623,1198,2504,6.92375907617504,7.32466078838175,6.48805529875986,6.56691813804174,6.91332220367279,6.92875243610224,131
"134",2015,3,6.46875,16,6.75,6.375,5.91666666666667,6.33333333333333,6.5,4,12,6,3,13,3718,1932,1786,629,1201,2517,6.92180099515869,7.32347101449276,6.48729568868981,6.56071542130366,6.911873438801,6.92653798172428,132
"135",2015,4,6.72857142857143,21,7.61111111111111,6.06666666666667,6.11428571428571,6,6.95625,9,12,7,5,16,3739,1941,1798,636,1206,2533,6.92071572612998,7.32480473982484,6.4844883759733,6.55580188679246,6.90809286898839,6.92672566127122,133
"136",2015,5,6.80038461538462,26,7.10647058823529,6.22222222222222,6.25,7,6.71166666666667,17,9,4,8,18,3765,1958,1807,640,1214,2551,6.91988475431607,7.32290909090909,6.48318212506917,6.553890625,6.90869851729819,6.92520819286555,134
"137",2015,6,7.00772727272727,22,7.405,6.3125,5.66666666666667,7.14285714285714,6.94466666666667,14,8,3,7,15,3787,1972,1815,643,1221,2566,6.9203950620544,7.32349188640974,6.48242980716253,6.54975116640747,6.91004095004095,6.92532194076384,135
"138",2015,7,6.86111111111111,18,6.9,6.83,6.5,7.6,6.76875,8,10,4,2,16,3805,1980,1825,647,1223,2582,6.92011461235217,7.32178080808081,6.48433430136986,6.54944358578053,6.91116925592805,6.92435170410535,136
"139",2015,8,6.96846153846154,26,7.45714285714286,6.39833333333333,6.30888888888889,6.5,7.0295652173913,14,12,9,3,23,3831,1994,1837,656,1226,2605,6.92044273035761,7.32273119358075,6.4837725095264,6.54614329268293,6.91016313213703,6.92528065259117,137
"140",2015,9,7.10526315789474,19,7.44444444444444,6.8,7,7.375,7.03333333333333,9,10,4,4,15,3850,2003,1847,660,1230,2620,6.92135483116883,7.32327808287569,6.48548462371413,6.54889393939394,6.91167479674797,6.92589927480916,138
"141",2015,10,6.97368421052632,19,7.375,6.28571428571429,6,7,6.96875,12,7,1,3,16,3869,2015,1854,661,1233,2636,6.92161181183768,7.32358610421837,6.48473036677454,6.54806354009077,6.9118896999189,6.92615937025797,139
"142",2015,11,6.89791666666667,24,7.41071428571429,6.18,6.75,6.58333333333333,7.00277777777778,14,10,4,6,18,3893,2029,1864,665,1239,2654,6.92146573336758,7.32418728437654,6.4830955472103,6.54927819548872,6.91029862792575,6.92667901281085,140
"143",2015,12,7.02941176470588,17,7.09090909090909,6.91666666666667,6.7,6.83333333333333,7.07142857142857,11,6,2,3,14,3910,2040,1870,667,1242,2668,6.92193506393862,7.32292941176471,6.48448668449197,6.54973013493254,6.91011272141707,6.92743856821589,141
"144",2016,1,6.22631578947368,19,6.55555555555556,5.93,6.2,5.875,6.32,9,10,4,4,15,3929,2049,1880,671,1246,2683,6.91857116314584,7.31955880917521,6.48153728723404,6.54764530551416,6.90678972712681,6.92404252702199,142
"145",2016,2,6.36666666666667,18,6.775,6.04,5.75,6.4,6.35384615384615,8,10,4,5,13,3947,2057,1890,675,1251,2696,6.91605424372941,7.31744093339816,6.47920111111111,6.54291851851852,6.90476418864908,6.92129306379822,143
"146",2016,3,6.76388888888889,18,7.11666666666667,6.41111111111111,5.33333333333333,5.25,7.19642857142857,9,9,3,4,14,3965,2066,1899,678,1255,2710,6.91536345523329,7.31656631171346,6.47887840968931,6.53756637168142,6.89949003984064,6.92271442804428,144
"147",2016,4,6.87777777777778,18,7.0375,6.75,6,7.5,6.8,8,10,3,2,16,3983,2074,1909,681,1257,2726,6.91519359779061,7.31548987463838,6.48029863803038,6.53519823788546,6.90044550517104,6.92199416727806,145
"148",2016,5,6.25555555555556,9,7.06,5.25,5,6.25,6.25714285714286,5,4,3,2,7,3992,2079,1913,684,1259,2733,6.91370643787575,7.31487542087542,6.47772613695765,6.5284649122807,6.89941223193011,6.92029129162093,146
"149",2016,6,7.17619047619048,21,7.58333333333333,6.63333333333333,6.55,6.83333333333333,7.23333333333333,12,9,4,3,18,4013,2091,1922,688,1262,2751,6.91508001495141,7.31641606886657,6.47845478668054,6.52859011627907,6.89925515055468,6.92233954925482,147
"150",2016,7,7.3625,16,7.35,7.38333333333333,7,6.66666666666667,7.52307692307692,10,6,1,3,13,4029,2101,1928,689,1265,2764,6.91685681310499,7.31657591623037,6.48127079875518,6.52927431059507,6.89870355731226,6.92516501447178,148
"151",2016,8,6.90277777777778,18,6.75,7.025,6.83333333333333,7.5,6.78333333333333,8,10,3,3,15,4047,2109,1938,692,1268,2779,6.91679419322955,7.31442674253201,6.48407641898864,6.53059248554913,6.9001261829653,6.9243994602375,149
"152",2016,9,6.765625,16,7.15625,6.375,6.375,6.41666666666667,6.84615384615385,8,8,4,3,13,4063,2117,1946,696,1271,2792,6.91619889244401,7.31382900330657,6.48362800616649,6.52969827586207,6.89898505114084,6.92403513610315,150
"153",2016,10,6.19444444444444,18,6.8125,5.7,7,5,6.53571428571429,8,10,1,4,14,4081,2125,1956,697,1275,2806,6.91301546189659,7.31194164705883,6.47962172801636,6.53037302725969,6.89302745098039,6.92209768353528,151
"154",2016,11,6.42173913043478,23,6.80833333333333,6,6.16666666666667,6.5,6.40526315789474,12,11,6,4,19,4104,2137,1967,703,1279,2825,6.91026220760234,7.30911371080955,6.4769395526182,6.52726884779517,6.89179827990618,6.91862162831858,152
"155",2016,12,6.62857142857143,14,6.7,6.58888888888889,7.4,8.3,6.5,5,9,2,1,13,4118,2142,1976,705,1280,2838,6.90930454103934,7.3076918767507,6.47744944331983,6.52974468085107,6.8928984375,6.9167040521494,153
"156",2017,1,6.5888,25,6.912,6.37333333333333,5.91,6.625,6.57176470588235,10,15,10,8,17,4143,2152,1991,715,1288,2855,6.90737052860246,7.3058531598513,6.47666504269211,6.52107692307692,6.89123447204969,6.91465012259194,154
"157",2017,2,7.22857142857143,21,7.5,6.7875,7.16666666666667,7.3,7.20625,13,8,3,5,16,4164,2165,1999,718,1293,2871,6.90899041786743,7.30701893764435,6.47790900450225,6.52377437325906,6.89281515854602,6.91627520027865,155
"158",2017,3,6.57894736842105,19,7.23076923076923,5.16666666666667,5,6.92857142857143,6.375,13,6,4,7,12,4183,2178,2005,722,1300,2883,6.9074912981114,7.30656382001837,6.47398508728179,6.5153324099723,6.89300769230769,6.91402223378425,156
"159",2017,4,6.60714285714286,14,6.75,6.25,6.5,6.91666666666667,6.375,10,4,2,6,8,4197,2188,2009,724,1306,2891,6.90648942101501,7.30402010968922,6.47353912394226,6.51529005524862,6.89311638591118,6.91253064683501,157
"160",2017,5,6.61111111111111,18,6.83333333333333,6.38888888888889,6.4,6.9,6.5,9,9,5,5,13,4215,2197,2018,729,1311,2904,6.90522801897983,7.3020919435594,6.47316159563924,6.51449931412895,6.89314263920671,6.91068391873278,158
"161",2017,6,7.04615384615385,13,7.46,5.66666666666667,6,7.05,7.04444444444444,10,3,2,4,9,4228,2207,2021,731,1315,2913,6.90566132923368,7.30280743090168,6.47196442355269,6.51309165526676,6.89361977186312,6.91109718503261,159
"162",2017,7,6.421875,16,6.95833333333333,6.1,6.21428571428571,6.29166666666667,6.5,6,10,7,6,10,4244,2213,2031,738,1321,2923,6.90383744109331,7.30187347492093,6.47013298867552,6.51025745257453,6.89088569265708,6.90969076291481,160
"163",2017,8,6.7304347826087,23,7.03333333333333,6.1625,6.575,7.5,6.615,15,8,4,3,20,4267,2228,2039,742,1324,2943,6.90290276540895,7.30006552962298,6.46892599313388,6.5106064690027,6.89226586102719,6.90768810737343,161
"164",2017,9,6.43846153846154,13,7.08333333333333,5.88571428571429,5.5,6,6.57,6,7,2,3,10,4280,2234,2046,744,1327,2953,6.90149207943925,7.29948343777977,6.46693064516129,6.50788978494624,6.89024868123587,6.90654456484931,162
"165",2017,10,6.658125,16,7.28111111111111,5.85714285714286,5.6,7,6.60928571428571,9,7,5,2,14,4296,2243,2053,749,1329,2967,6.90058568435754,7.29940971912617,6.46485148563078,6.50182910547397,6.89041384499624,6.90514192787327,163
"166",2017,11,6.72521739130435,23,7.17307692307692,6.143,6.16666666666667,6.75,6.72285714285714,13,10,6,2,21,4319,2256,2063,755,1331,2988,6.89965179439685,7.29868173758866,6.46329137178865,6.49916556291391,6.89020285499624,6.90386080990629,164
"167",2017,12,6.43571428571429,14,7.25,5.825,6.125,6.125,6.56,6,8,4,4,10,4333,2262,2071,759,1335,2998,6.89815280406185,7.29855260831123,6.46082573635924,6.49719367588933,6.88791011235955,6.90271384256171,165
"168",2018,1,7.06315789473684,19,7.36363636363636,6.65,6.375,7.5,6.94666666666667,11,8,4,4,15,4352,2273,2079,763,1339,3013,6.89887318474265,7.2988675758909,6.46155367965368,6.49655307994758,6.88973861090366,6.90293265847992,166
"169",2018,2,7.325,6,7.66666666666667,6.98333333333333,7.125,7.39,7,3,3,2,5,1,4358,2276,2082,765,1344,3014,6.89945986691143,7.29935237258348,6.46230552353506,6.49819607843137,6.89159970238095,6.90296486396815,167
"170",2018,3,7.02142857142857,14,7.6,6.25,6.5,6.125,7.38,8,6,3,4,10,4372,2284,2088,768,1348,3024,6.89985043458371,7.30040542907181,6.46169545019157,6.498203125,6.88932492581603,6.90454236111111,168
"171",2018,4,7.01666666666667,12,7.3125,6.425,6,7.06666666666667,7,8,4,1,3,9,4384,2292,2092,769,1351,3033,6.9001701870438,7.30044764397906,6.46162528680688,6.49755526657998,6.88971872686899,6.9048256181998,169
"172",2018,5,7.05714285714286,14,7.23,6.625,6,7.36666666666667,6.97272727272727,10,4,1,3,11,4398,2302,2096,770,1354,3044,6.9006698726694,7.3001416159861,6.46193707061068,6.49690909090909,6.89077548005909,6.90507099211564,170
"173",2018,6,6.9125,16,7.25,6.71,6,7.33333333333333,6.81538461538462,6,10,1,3,13,4414,2308,2106,771,1357,3057,6.90071275487086,7.30001126516465,6.46311495726495,6.49626459143969,6.8917538688283,6.90468959764475,171
"174",2018,7,6.2462,10,6.8924,5.6,6,NA,6.2462,5,5,2,0,10,4424,2313,2111,773,1357,3067,6.89923329566004,7.29913013402508,6.46107063003316,6.49498059508409,6.8917538688283,6.90254258232801,172
"175",2018,8,6.88636363636364,11,6.9375,6.85714285714286,8,7.375,6.77777777777778,4,7,1,2,9,4435,2317,2118,774,1359,3076,6.89920137542277,7.29850582649979,6.46237965061378,6.49692506459949,6.89246504782929,6.90217753576073,173
"176",2018,9,6.64285714285714,7,6.75,6.5,6,NA,6.64285714285714,4,3,1,0,7,4442,2321,2121,775,1359,3083,6.89879741107609,7.29756053425248,6.46243286185761,6.49628387096774,6.89246504782929,6.90158874472916,174
"177",2018,10,6.69166666666667,12,7,6.26,6.8,6.9,6.65,7,5,1,2,10,4454,2328,2126,776,1361,3093,6.89823935788056,7.29666580756014,6.46195677328316,6.49667525773196,6.89247612049964,6.90077533139347,175
"178",2018,11,5.94615384615385,13,6.88333333333333,5.14285714285714,5,6.33333333333333,5.83,6,7,3,3,10,4467,2334,2133,779,1364,3103,6.89546856950974,7.29560325621251,6.45762780121894,6.49091142490373,6.89124633431085,6.89732455688044,176
"179",2018,12,6.71666666666667,12,6.96,5.5,5.5,7,6.66,10,2,2,2,10,4479,2344,2135,781,1366,3113,6.8949895289127,7.29417150170649,6.45673072599531,6.48837387964149,6.89140556368961,6.89656219081272,177
"180",2019,1,6.48095238095238,21,6.65,6.32727272727273,6.33333333333333,6.5,6.47333333333333,10,11,3,6,15,4500,2354,2146,784,1372,3128,6.89305735555555,7.29143500424809,6.45606714818266,6.4877806122449,6.88969387755102,6.89453264066496,178
"181",2019,2,6.19416666666667,12,6.33333333333333,6.14777777777778,5.77666666666667,6.5,6.133,3,9,3,2,10,4512,2357,2155,787,1374,3138,6.8911986037234,7.29021552821383,6.4547796287703,6.48506988564168,6.88912663755459,6.89210583173996,179
"182",2019,3,6.83125,16,7.58888888888889,5.85714285714286,5.83333333333333,6.41666666666667,7.08,9,7,3,6,10,4528,2366,2162,790,1380,3148,6.89098677120141,7.29135164835165,6.45284463459759,6.48259493670886,6.88707246376812,6.89270270012706,180
"183",2019,4,5.98181818181818,11,6.83333333333333,4.96,5.5,6.15,5.94444444444444,6,5,2,2,9,4539,2372,2167,792,1382,3157,6.8887834545054,7.29019308600337,6.44940013844024,6.48011363636364,6.88600578871201,6.88999939816281,181
"184",2019,5,6.84615384615385,13,7.25,6.2,NA,7.5,6.79166666666667,8,5,0,1,12,4552,2380,2172,792,1383,3169,6.88866170913884,7.29005798319328,6.44882601289134,6.48011363636364,6.88644974692697,6.8896270432313,182
"185",2019,6,6.79090909090909,11,7.2,6.3,NA,7.25,6.68888888888889,6,5,0,2,9,4563,2386,2177,792,1385,3178,6.88842605741836,7.28983151718357,6.44848419843821,6.48011363636364,6.88697472924188,6.88905855884204,183
"186",2019,7,5.92307692307692,13,6.16666666666667,5.71428571428571,5.5,4.66666666666667,6.3,6,7,2,3,10,4576,2392,2184,794,1388,3188,6.88568358828671,7.28701421404682,6.44613099816849,6.47764483627204,6.88217579250721,6.88721082183187,184
"187",2019,8,6.5,13,7.78571428571429,5,6,4.5,7.1,7,6,4,3,10,4589,2399,2190,798,1391,3198,6.88459100021791,7.28846936223427,6.44216899543379,6.47525062656642,6.87703810208483,6.88787620387742,185
"188",2019,9,6.8125,16,7.09090909090909,6.2,6.75,7.75,6.67857142857143,11,5,2,2,14,4605,2410,2195,800,1393,3212,6.88434052117264,7.28756763485477,6.44161735763098,6.4759375,6.87829145728643,6.88696391656289,186
"189",2019,10,6.56666666666667,9,6.71428571428571,6.05,5.5,6,6.72857142857143,7,2,1,2,7,4614,2417,2197,801,1395,3219,6.88372087126138,7.28590732312785,6.44126085571233,6.4747191011236,6.87703225806452,6.88661947809879,187
"190",2019,11,6.57272727272727,11,6.6,6.55,5.9,6.5,6.58888888888889,5,6,2,2,9,4625,2422,2203,803,1397,3228,6.88298121081081,7.28449132947977,6.44155701316386,6.47328767123288,6.87649248389406,6.88578937422553,188
"191",2019,12,6.48181818181818,11,7.41428571428571,4.85,NA,7.4,6.39,7,4,0,1,10,4636,2429,2207,803,1398,3238,6.88202935720448,7.28486537669823,6.43867245129134,6.47328767123288,6.8768669527897,6.8842582149475,189
"192",2020,1,6.5,14,6.62857142857143,6.37142857142857,NA,6.7,6.46666666666667,7,7,0,2,12,4650,2436,2214,803,1400,3250,6.88087916129032,7.28297947454844,6.43845984643179,6.47328767123288,6.87661428571429,6.88271633846154,190
"193",2020,2,6.40909090909091,11,6.91666666666667,5.8,5.66666666666667,6.33333333333333,6.4375,6,5,3,3,8,4661,2442,2219,806,1403,3258,6.87976573696631,7.28207944307945,6.43702122577737,6.47028535980149,6.87545260156807,6.88162311233886,191
"194",2020,3,6.65833333333333,12,7.2,6.27142857142857,5.65,7.25,6.3625,5,7,2,4,8,4673,2447,2226,808,1407,3266,6.87919711106356,7.28191172864733,6.43650049415992,6.46825495049505,6.87651741293532,6.88035153092468,192
"195",2020,4,7.10714285714286,14,7,7.21428571428571,6.125,8.16666666666667,6.81818181818182,7,7,4,3,11,4687,2454,2233,812,1410,3277,6.87987798165137,7.28110757946211,6.43893869234214,6.46656403940887,6.87926241134752,6.88014284406469,193
"196",2020,5,6.42857142857143,14,6.9,5.25,3,5.5,6.58333333333333,10,4,1,2,12,4701,2464,2237,813,1412,3289,6.87853395022336,7.27956087662338,6.43681274027715,6.46230012300123,6.87730878186969,6.87905992702949,194
"197",2020,6,7.18833333333333,12,7.38,6.805,6.74,7,7.20545454545455,8,4,3,1,11,4713,2472,2241,816,1413,3300,6.87932274559728,7.2798859223301,6.437469924141,6.46332107843138,6.87739561217268,6.88014790909091,195
"198",2020,7,6.56923076923077,13,6.675,6.4,6.5,6.125,6.76666666666667,8,5,3,4,9,4726,2480,2246,819,1417,3309,6.87846976301312,7.27793467741936,6.43738650934995,6.46345543345544,6.87527170077629,6.87983925657298,196
"199",2020,8,6.9,5,7,6.83333333333333,5.75,NA,6.9,2,3,2,0,5,4731,2482,2249,821,1417,3314,6.87849251743817,7.27771071716358,6.43791467318808,6.46171741778319,6.87527170077629,6.87986967410984,197
"200",2020,9,7.02777777777778,9,7.41666666666667,6.83333333333333,6.5,7.0625,7,3,6,2,4,5,4740,2485,2255,823,1421,3319,6.87877597046413,7.27787847082495,6.43896678492239,6.46181044957473,6.87579873328642,6.88005064778548,198
"201",2020,10,6.925,24,7.45454545454545,6.47692307692308,6.83333333333333,NA,6.925,11,13,6,0,24,4764,2496,2268,829,1421,3343,6.87900883711167,7.27865705128205,6.43918434744268,6.46449939686369,6.87579873328642,6.88037334729285,199
"202",2020,11,7.41444444444444,18,7.65076923076923,6.8,7.33333333333333,7.625,7.35428571428571,13,5,3,4,14,4782,2509,2273,832,1425,3357,6.88102427854454,7.28058509366282,6.4399780466344,6.46763221153846,6.87790175438597,6.88234974679774,200
"203",2020,12,6.63333333333333,15,6.91666666666667,6.44444444444444,6.125,6,6.67857142857143,6,9,4,1,14,4797,2515,2282,836,1426,3371,6.88024976026683,7.27971689860835,6.43999566170026,6.46599282296651,6.87728611500701,6.8815034411154,201
"204",2021,1,7.0125,16,7.39166666666667,5.875,6.25,6.875,7.05833333333333,12,4,2,4,12,4813,2527,2286,838,1430,3383,6.88068940369832,7.28024851602691,6.43900704286964,6.46547732696898,6.87727972027972,6.88213068282589,202
"205",2021,2,6.9625,8,6.94,7,6.5,7,6.95,5,3,2,2,6,4821,2532,2289,840,1432,3389,6.88082516075503,7.27957661927331,6.43974228920926,6.46555952380953,6.87745111731844,6.88225084095603,203
"206",2021,3,6.21428571428571,7,7.5,5.7,5,5.66666666666667,6.625,2,5,3,3,4,4828,2534,2294,843,1435,3393,6.87985876139188,7.27975059194949,6.43812994768962,6.46034400948992,6.87491986062718,6.88194756852343,204
"207",2021,4,5.65,10,5.8,5.5,5.83333333333333,NA,5.65,5,5,3,0,10,4838,2539,2299,846,1435,3403,6.87731668044646,7.27683654982277,6.4360896476729,6.45812056737589,6.87491986062718,6.87832738759918,205
"208",2021,5,7.1,10,7.75,6.125,6,7.33333333333333,7,6,4,2,3,7,4848,2545,2303,848,1438,3410,6.87777601072607,7.27795206286837,6.43554932696482,6.45704009433963,6.87587621696801,6.87857715542522,206
"209",2021,6,7,13,7.66666666666667,6.42857142857143,6.5,6.5,7.09090909090909,6,7,4,2,11,4861,2551,2310,852,1440,3421,6.87810288006583,7.27886632693062,6.43552818181818,6.45724178403756,6.87535416666667,6.87925989476761,207
"210",2021,7,7.61111111111111,9,8.2,6.875,6,9,7.21428571428571,5,4,1,2,7,4870,2556,2314,853,1442,3428,6.87945751540041,7.2806682316119,6.43628785652549,6.45670574443142,6.87830097087379,6.87994401983664,208
"211",2021,8,6.975,12,7.66666666666667,6.28333333333333,7.06666666666667,4.75,7.42,6,6,3,2,10,4882,2562,2320,856,1444,3438,6.87969235968865,7.28157220921156,6.43589228448276,6.45884345794393,6.87535318559557,6.88151486329261,209
"212",2021,9,6.95454545454545,11,7.16666666666667,6.7,6.5,6.5,7.05555555555556,6,5,4,2,9,4893,2568,2325,860,1446,3447,6.87986063764561,7.28130373831776,6.43646025806451,6.45903488372093,6.87483402489627,6.88196927763272,210
"213",2021,10,6.88888888888889,9,7.33333333333333,6,4,7.5,6.8125,6,3,1,1,8,4902,2574,2328,861,1447,3455,6.87987721338229,7.28142501942502,6.43589780927835,6.45617886178862,6.87526606772633,6.88180842257598,211
"214",2021,11,6.4,11,7.18,5.75,NA,6.5,6.37777777777778,5,6,0,2,9,4913,2579,2334,861,1449,3464,6.87880278852025,7.28122838309423,6.43413457583547,6.45617886178862,6.87474810213941,6.88049887413395,212
"215",2021,12,6.85714285714286,14,7.28571428571429,6.42857142857143,6.5,6.66666666666667,7,7,7,4,6,8,4927,2586,2341,865,1455,3472,6.87874124213517,7.28124052590874,6.43411794105083,6.45638150289018,6.87389003436426,6.88077422235023,213
"216",2022,1,6.95333333333333,15,7.4,6.73,6.43333333333333,6,7.02142857142857,5,10,3,1,14,4942,2591,2351,868,1456,3486,6.87896764467827,7.28146970281745,6.43537647809442,6.45630184331798,6.87328983516484,6.88133909925416,214
"217",2022,2,6.95238095238095,21,7.16923076923077,6.6,6.56,6.7,7.03125,13,8,5,5,16,4963,2604,2359,873,1461,3502,6.87927827926657,7.2809093701997,6.43593476049173,6.45689576174113,6.87269678302533,6.88202401484866,215
"218",2022,3,7.05315789473684,19,7.53461538461538,6.01,5.75,7.48166666666667,6.85538461538462,13,6,3,6,13,4982,2617,2365,876,1467,3515,6.87994140907266,7.28216965991594,6.43485416490486,6.45447488584475,6.87518745739605,6.88192549075391,216
"219",2022,4,6.13636363636364,11,6.5,5.5,NA,5.75,6.35714285714286,7,4,0,4,7,4993,2624,2369,876,1471,3522,6.87830324454236,7.2800830792683,6.43327568594343,6.45447488584475,6.87212780421482,6.88088248154458,217
"220",2022,5,6.703125,16,7.175,5.91666666666667,6.5,6.82142857142857,6.61111111111111,10,6,2,7,9,5009,2634,2375,878,1478,3531,6.87774368137353,7.27968413059985,6.43197056842105,6.45457858769932,6.87188768606225,6.88019487397338,218
"221",2022,6,6.82727272727273,11,7.65714285714286,5.375,NA,7.5,6.76,7,4,0,1,10,5020,2641,2379,878,1479,3541,6.8776330876494,7.28068458917077,6.43019340058848,6.45457858769932,6.87231237322515,6.87985543631742,219
"222",2022,7,7,7,7.08333333333333,6.5,NA,6.5,7.2,6,1,0,2,5,5027,2647,2380,878,1481,3546,6.87780348120151,7.28023724971666,6.43022273109243,6.45457858769932,6.87180958811614,6.88030685279188,220
"223",2022,8,6.52,10,6.84,6.2,7,6.6,6.5,5,5,1,2,8,5037,2652,2385,879,1483,3554,6.87709313083184,7.27940723981901,6.42974008385744,6.45519908987486,6.87144302090358,6.87945078784468,221
"224",2022,9,7.54285714285714,14,7.66666666666667,7.32,7,7.68333333333333,7.4375,9,5,2,6,8,5051,2661,2390,881,1489,3562,6.87893844783211,7.28071702367531,6.43160255230125,6.45643586833144,6.87471457353929,6.880704126895,222
"225",2022,10,7.43333333333333,9,7.28,7.625,NA,7.3,7.47142857142857,5,4,0,2,7,5060,2666,2394,881,1491,3569,6.8799245256917,7.28071567891974,6.43359653299916,6.45643586833144,6.8752850435949,6.88186273465957,223
"226",2022,11,7.07583333333333,12,7.98714285714286,5.8,NA,6.33333333333333,7.32333333333333,7,5,0,3,9,5072,2673,2399,881,1494,3578,6.88038803233438,7.28256565656566,6.43227598999583,6.45643586833144,6.8741967871486,6.88297319731694,224
"227",2022,12,7.28571428571429,14,7.25,7.33333333333333,6.83333333333333,7.66666666666667,7.18181818181818,8,6,3,3,11,5086,2681,2405,884,1497,3589,6.881503755407,7.28246848190974,6.43452395010395,6.4577149321267,6.87578490313961,6.88388913346336,225
