"","year","month","avg_rating","no_ratings","avg_rating_owned","avg_rating_not_owned","avg_rating_prev_owned","avg_rating_comment","avg_rating_no_comment","no_ratings_owned","no_ratings_not_owned","no_ratings_prev_owned","no_ratings_comment","no_ratings_no_comment","cum_no_ratings","cum_no_ratings_owned","cum_no_ratings_not_owned","cum_no_ratings_prev_owned","cum_no_ratings_comment","cum_no_ratings_no_comment","cum_avg_rating","cum_avg_rating_owned","cum_avg_rating_not_owned","cum_avg_rating_prev_owned","cum_avg_rating_comment","cum_avg_rating_no_comment","month_after_release"
"1",2004,2,9,1,9,NA,NA,9,NA,1,0,0,1,0,1,1,0,0,1,0,9,9,NA,NA,9,NA,-1
"2",2004,3,7.32857142857143,14,7.66,6.5,NA,6.875,7.93333333333333,10,4,0,8,6,15,11,4,0,9,6,7.44,7.78181818181818,6.5,NA,7.11111111111111,7.93333333333333,0
"3",2004,4,6.975,30,7.6875,6.5,NA,7.19230769230769,6.80882352941176,12,18,0,13,17,45,23,22,0,22,23,7.13,7.73260869565217,6.5,NA,7.15909090909091,7.10217391304348,1
"4",2004,5,6.80666666666667,15,7.575,5.92857142857143,NA,6.58571428571429,7,8,7,0,7,8,60,31,29,0,29,31,7.04916666666667,7.69193548387097,6.36206896551724,NA,7.02068965517241,7.0758064516129,2
"5",2004,6,6.71428571428571,7,7.33333333333333,6.25,8,6.83333333333333,6,3,4,1,6,1,67,34,33,1,35,32,7.01417910447761,7.66029411764706,6.34848484848485,8,6.98857142857143,7.0421875,3
"6",2004,7,7.325,14,7.35,7.29166666666667,7,7.32857142857143,7.32142857142857,8,6,1,7,7,81,42,39,2,42,39,7.0679012345679,7.60119047619048,6.49358974358974,7.5,7.0452380952381,7.09230769230769,4
"7",2004,8,6.125,8,6.4,5.66666666666667,NA,6.66666666666667,5.8,5,3,0,3,5,89,47,42,2,45,44,6.98314606741573,7.47340425531915,6.43452380952381,7.5,7.02,6.94545454545455,5
"8",2004,9,6.16666666666667,3,6,6.25,NA,5.75,7,1,2,0,2,1,92,48,44,2,47,45,6.95652173913043,7.44270833333333,6.42613636363636,7.5,6.96595744680851,6.94666666666667,6
"9",2004,10,6.6,5,7,6.33333333333333,7,6,7,2,3,1,2,3,97,50,47,3,49,48,6.93814432989691,7.425,6.42021276595745,7.33333333333333,6.9265306122449,6.95,7
"10",2004,11,6.27777777777778,9,7.33333333333333,5.75,NA,5.5,6.9,3,6,0,4,5,106,53,53,3,53,53,6.88207547169811,7.41981132075472,6.34433962264151,7.33333333333333,6.8188679245283,6.94528301886792,8
"11",2004,12,6.53571428571429,14,7,5.91666666666667,NA,6.58333333333333,6.5,8,6,0,6,8,120,61,59,3,59,61,6.84166666666667,7.36475409836066,6.30084745762712,7.33333333333333,6.79491525423729,6.88688524590164,9
"12",2005,1,7.15,10,7.41666666666667,6.75,NA,7.66666666666667,6.92857142857143,6,4,0,3,7,130,67,63,3,62,68,6.86538461538461,7.36940298507463,6.32936507936508,7.33333333333333,6.83709677419355,6.89117647058824,10
"13",2005,2,7,6,7.5,6.5,NA,6.83333333333333,7.16666666666667,3,3,0,3,3,136,70,66,3,65,71,6.87132352941176,7.375,6.33712121212121,7.33333333333333,6.83692307692308,6.90281690140845,11
"14",2005,3,6.16666666666667,3,6.5,6,NA,6,6.25,1,2,0,1,2,139,71,68,3,66,73,6.85611510791367,7.36267605633803,6.32720588235294,7.33333333333333,6.82424242424242,6.88493150684931,12
"15",2005,4,6.875,12,7.75,6,NA,6.75,6.9375,6,6,0,4,8,151,77,74,3,70,81,6.85761589403973,7.39285714285714,6.30067567567568,7.33333333333333,6.82,6.89012345679012,13
"16",2005,5,6.55833333333333,12,7.38571428571429,5.4,7,6.25,6.7125,7,5,1,4,8,163,84,79,4,74,89,6.83558282208589,7.3922619047619,6.24367088607595,7.25,6.78918918918919,6.87415730337079,14
"17",2005,6,6.525,8,6.94,5.83333333333333,NA,5.875,7.175,5,3,0,4,4,171,89,82,4,78,93,6.82105263157895,7.36685393258427,6.22865853658537,7.25,6.74230769230769,6.88709677419355,15
"18",2005,7,7.15454545454545,11,7.61666666666667,6.6,8,6.66666666666667,7.3375,6,5,1,3,8,182,95,87,5,81,101,6.84120879120879,7.38263157894737,6.25,7.4,6.73950617283951,6.92277227722772,16
"19",2005,8,6.85,10,7.33333333333333,6.125,NA,7.2,6.5,6,4,0,5,5,192,101,91,5,86,106,6.84166666666667,7.37970297029703,6.24450549450549,7.4,6.76627906976744,6.90283018867925,17
"20",2005,9,7.3,10,7.57142857142857,6.66666666666667,7,7.75,7,7,3,1,4,6,202,108,94,6,90,112,6.86435643564356,7.39212962962963,6.25797872340426,7.33333333333333,6.81,6.90803571428571,18
"21",2005,10,6.75,6,6.5,7.25,7.5,6.33333333333333,7.16666666666667,4,2,1,3,3,208,112,96,7,93,115,6.86105769230769,7.36026785714286,6.27864583333333,7.35714285714286,6.79462365591398,6.91478260869565,19
"22",2005,11,7,9,7,7,7,6,7.125,6,3,1,1,8,217,118,99,8,94,123,6.8668202764977,7.34194915254237,6.30050505050505,7.3125,6.78617021276596,6.92845528455285,20
"23",2005,12,6.28571428571429,7,6.5,6,NA,6.1,6.75,4,3,0,5,2,224,122,102,8,99,125,6.84866071428571,7.31434426229508,6.29166666666667,7.3125,6.75151515151515,6.9256,21
"24",2006,1,6.35,8,6.5,6.3,7,6.16,6.66666666666667,2,6,1,5,3,232,124,108,9,104,128,6.83146551724138,7.30120967741936,6.29212962962963,7.27777777777778,6.72307692307692,6.91953125,22
"25",2006,2,6.83333333333333,6,7.33333333333333,6.33333333333333,7,6.6,8,3,3,1,5,1,238,127,111,10,109,129,6.83151260504202,7.30196850393701,6.29324324324324,7.25,6.71743119266055,6.92790697674419,23
"26",2006,3,6.77272727272727,11,8.16666666666667,6.25,NA,5.875,7.28571428571429,3,8,0,4,7,249,130,119,10,113,136,6.8289156626506,7.32192307692308,6.29033613445378,7.25,6.68761061946903,6.94632352941176,24
"27",2006,4,7.85,10,8.375,7.5,NA,7.375,8.16666666666667,4,6,0,4,6,259,134,125,10,117,142,6.86833976833977,7.35335820895522,6.3484,7.25,6.71111111111111,6.99788732394366,25
"28",2006,5,7.33333333333333,15,7.45,7.1,NA,8.16666666666667,7.125,10,5,0,3,12,274,144,130,10,120,154,6.89379562043796,7.36006944444444,6.37730769230769,7.25,6.7475,7.00779220779221,26
"29",2006,6,7.13623076923077,13,7.61014285714286,6.58333333333333,NA,7.11014285714286,7.16666666666667,7,6,0,7,6,287,151,136,10,127,160,6.90477700348432,7.37166225165563,6.38639705882353,7.25,6.76748818897638,7.01375,27
"30",2006,7,7.18571428571429,7,7.3,6.9,NA,7.16666666666667,7.2,5,2,0,3,4,294,156,138,10,130,164,6.91146598639456,7.36936538461539,6.39384057971014,7.25,6.7767,7.01829268292683,28
"31",2006,8,6.92352941176471,17,7.4,6.725,7.5,7.16666666666667,6.65,5,12,3,9,8,311,161,150,13,139,172,6.91212540192926,7.37031677018634,6.42033333333333,7.30769230769231,6.80194964028777,7.00116279069767,29
"32",2006,9,6.5,5,9,5.875,6.5,5,7.5,1,4,1,2,3,316,162,154,14,141,175,6.90560443037975,7.38037654320988,6.40616883116883,7.25,6.77639007092198,7.00971428571429,30
"33",2006,10,6.57692307692308,13,6.42857142857143,6.75,7,6.91666666666667,6.28571428571429,7,6,1,6,7,329,169,160,15,147,182,6.8926170212766,7.34095266272189,6.4190625,7.23333333333333,6.7821156462585,6.98186813186813,31
"34",2006,11,6.85,28,7.07692307692308,6.65333333333333,7.9,7.11818181818182,6.67647058823529,13,15,2,11,17,357,182,175,17,158,199,6.88927450980392,7.32209340659341,6.43914285714286,7.31176470588235,6.80551265822785,6.95577889447236,32
"35",2006,12,7.11111111111111,36,7.41666666666667,6.5,6.58333333333333,7.05,7.13461538461539,24,12,6,10,26,393,206,187,23,168,225,6.90959541984733,7.33311165048544,6.44304812834225,7.12173913043478,6.82006547619048,6.97644444444444,33
"36",2007,1,7.09285714285714,35,7.30961538461538,6.46666666666667,6.83333333333333,7.06578947368421,7.125,26,9,3,19,16,428,232,196,26,187,241,6.92458177570093,7.33047844827586,6.44413265306122,7.08846153846154,6.8450320855615,6.98630705394191,34
"37",2007,2,6.63089473684211,19,7.375,6.43246666666667,6,6.0625,7.04427272727273,4,15,3,8,11,447,236,211,29,195,252,6.91209843400447,7.33123305084746,6.44330331753554,6.97586206896552,6.8129282051282,6.9888373015873,35
"38",2007,3,6.72,20,7.075,6.1875,NA,6.60769230769231,6.92857142857143,12,8,0,13,7,467,248,219,29,208,259,6.90387152034261,7.31883467741936,6.43395890410959,6.97586206896552,6.80010096153846,6.98720849420849,36
"39",2007,4,7.15384615384615,13,7.05,7.5,8,6.66666666666667,7.3,10,3,1,3,10,480,258,222,30,211,269,6.91064166666667,7.30841472868217,6.44836486486486,7.01,6.79820379146919,6.99883643122677,37
"40",2007,5,6.865,20,7.18181818181818,6.47777777777778,7.25,6.91666666666667,6.84285714285714,11,9,2,6,14,500,269,231,32,217,283,6.908816,7.30323791821561,6.44951082251082,7.025,6.80147926267281,6.99112014134276,38
"41",2007,6,6.53157894736842,19,7.2,6.29285714285714,5.5,6.66666666666667,6.46923076923077,5,14,2,6,13,519,274,245,34,223,296,6.89500578034682,7.30135401459854,6.44055918367347,6.93529411764706,6.79785201793722,6.96819932432432,39
"42",2007,7,6.73333333333333,15,7.625,5.71428571428571,7,6.25,6.90909090909091,8,7,1,4,11,534,282,252,35,227,307,6.89046441947566,7.31053546099291,6.42038492063492,6.93714285714286,6.78819823788546,6.96608143322476,40
"43",2007,8,7.05416666666667,24,7.45,6.5,6.66666666666667,6.95,7.12857142857143,14,10,3,10,14,558,296,262,38,237,321,6.89750537634409,7.31713175675676,6.42342366412214,6.91578947368421,6.7950253164557,6.97316822429907,41
"44",2007,9,6.22941176470588,17,7.18,5.83333333333333,6.33333333333333,5.85714285714286,6.49,5,12,3,7,10,575,301,274,41,244,331,6.87775304347826,7.31485382059801,6.3975802919708,6.87317073170732,6.76811885245902,6.95857099697885,42
"45",2007,10,6.75,16,7,6.63636363636364,NA,7,6.63636363636364,5,11,0,5,11,591,306,285,41,249,342,6.87429441624366,7.3097091503268,6.40679649122807,6.87317073170732,6.77277510040161,6.94820760233918,43
"46",2007,11,6.65789473684211,19,6.83333333333333,6.35714285714286,8,7.5,6.35714285714286,12,7,1,5,14,610,318,292,42,254,356,6.86755409836066,7.29173270440252,6.40560616438356,6.9,6.7870905511811,6.92496348314607,44
"47",2007,12,7,29,7.30555555555556,6.5,7.5,6.42857142857143,7.18181818181818,18,11,4,7,22,639,336,303,46,261,378,6.87356494522692,7.29247321428571,6.40903300330033,6.95217391304348,6.77747509578544,6.9399126984127,45
"48",2008,1,6.702,25,7.52727272727273,6.05357142857143,6.25,6.95,6.50714285714286,11,14,4,11,14,664,347,317,50,272,392,6.86710542168675,7.29991642651297,6.39333438485804,6.896,6.78445220588235,6.92445663265306,46
"49",2008,2,7.09210526315789,19,7.33888888888889,6.87,7.25,7.105,7.07777777777778,9,10,4,10,9,683,356,327,54,282,401,6.87336456808199,7.30090168539326,6.40791131498471,6.92222222222222,6.79581914893617,6.92789775561097,47
"50",2008,3,6.95454545454545,11,7.25,6.6,7,7.25,6.78571428571429,6,5,1,4,7,694,362,332,55,286,408,6.87465129682997,7.30005801104973,6.41080421686747,6.92363636363636,6.80217132867133,6.92545833333333,48
"51",2008,4,6.92708333333333,24,7.30357142857143,6.4,7,6.75,7.015625,14,10,2,8,16,718,376,342,57,294,424,6.87640389972145,7.30018882978724,6.41048830409357,6.92631578947368,6.80075170068027,6.9288608490566,49
"52",2008,5,6.81818181818182,22,7.18181818181818,6.45454545454545,6.8,7,6.69230769230769,11,11,5,9,13,740,387,353,62,303,437,6.87467297297297,7.29682428940569,6.4118611898017,6.91612903225806,6.8066699669967,6.921823798627,50
"53",2008,6,6.25384615384615,13,7.55,5.14285714285714,6.16666666666667,5.63333333333333,6.78571428571429,6,7,3,6,7,753,393,360,65,309,444,6.86395484727756,7.30068956743003,6.38718611111111,6.88153846153846,6.78388673139159,6.91967792792793,51
"54",2008,7,6.45,22,6.91666666666667,6.275,6.44545454545455,5.85,6.95,6,16,11,10,12,775,399,376,76,319,456,6.85220387096774,7.29491478696742,6.38241223404255,6.81842105263158,6.75461128526646,6.92047587719298,52
"55",2008,8,6.73333333333333,21,7.27272727272727,6.14,6.08,6.83333333333333,6.65833333333333,11,10,5,9,12,796,410,386,81,328,468,6.84906783919598,7.29431951219512,6.37613212435233,6.77283950617284,6.75677134146342,6.91375427350427,53
"56",2008,9,6.88461538461539,13,6.71428571428571,7.08333333333333,6.41666666666667,7.28571428571429,6.41666666666667,7,6,3,7,6,809,417,392,84,335,474,6.8496390605686,7.28458273381295,6.38695663265306,6.76011904761905,6.76782388059702,6.90746202531646,54
"57",2008,10,6.61875,16,7.41666666666667,6.14,6.6,6.48,6.68181818181818,6,10,4,5,11,825,423,402,88,340,485,6.84516121212121,7.28645626477542,6.38081343283582,6.75284090909091,6.76359117647059,6.90234432989691,55
"58",2008,11,7.25217391304348,23,7.2,7.3,6.94285714285714,7.22222222222222,7.27142857142857,11,12,7,9,14,848,434,414,95,349,499,6.85620047169811,7.28426497695853,6.40745652173913,6.76684210526316,6.77541833810888,6.9126993987976,56
"59",2008,12,6.57692307692308,13,6.64285714285714,6.5,7,6.83333333333333,6.5,7,6,4,3,10,861,441,420,99,352,509,6.8519837398374,7.27408390022676,6.40877857142857,6.77626262626263,6.77591193181818,6.90459135559921,57
"60",2009,1,6.93783783783784,37,7.225,6.40769230769231,6.8,7.3,6.74166666666667,24,13,6,13,24,898,465,433,105,365,533,6.85552115812918,7.27155053763441,6.40874595842956,6.77761904761905,6.79457808219178,6.89725515947467,58
"61",2009,2,6.40454545454545,33,7.21785714285714,5.80526315789474,6.3,6.65625,6.324,14,19,4,8,25,931,479,452,109,373,558,6.83953598281418,7.26998121085595,6.38337831858407,6.76009174311927,6.79161126005362,6.87157168458781,59
"62",2009,3,6.86857142857143,35,6.99333333333333,6.775,7.14285714285714,6.88888888888889,6.86153846153846,15,20,7,9,26,966,494,472,116,382,584,6.84058799171843,7.26158097165992,6.39997245762712,6.78318965517241,6.79390314136126,6.871125,60
"63",2009,4,6.68235294117647,34,6.89166666666667,6.56818181818182,6.11111111111111,5.97777777777778,6.936,12,22,9,9,25,1000,506,494,125,391,609,6.835208,7.25280830039526,6.40746356275304,6.7348,6.77511764705883,6.8737881773399,61
"64",2009,5,6.46969696969697,33,7.37142857142857,6.22692307692308,6.4,5.94545454545455,6.73181818181818,7,26,5,11,22,1033,513,520,130,402,631,6.82353146176186,7.2544269005848,6.39843653846154,6.72192307692308,6.75241542288557,6.86883835182251,62
"65",2009,6,6.84375,32,6.95833333333333,6.775,6.92857142857143,7.27777777777778,6.67391304347826,12,20,7,9,23,1065,525,540,137,411,654,6.82413896713615,7.24765904761905,6.41238333333333,6.73248175182482,6.7639197080292,6.86198318042814,63
"66",2009,7,6.70192307692308,26,7.02083333333333,6.42857142857143,6.25,6.57142857142857,6.75,12,14,4,7,19,1091,537,554,141,418,673,6.82122639780018,7.24259031657356,6.41279241877256,6.71879432624113,6.76069617224881,6.85882169390788,64
"67",2009,8,6.83333333333333,24,7.36363636363636,6.38461538461539,7,7,6.78947368421053,11,13,7,5,19,1115,548,567,148,423,692,6.8214869955157,7.2450200729927,6.41214638447972,6.73209459459459,6.76352482269504,6.85691763005781,65
"68",2009,9,6.65,34,7.1,6.40454545454545,6.975,7.125,6.50384615384615,12,22,8,8,26,1149,560,589,156,431,718,6.81641253263708,7.2419125,6.41186247877759,6.74455128205128,6.7702343387471,6.84413231197772,66
"69",2009,10,6.93052631578947,19,7.1875,6.74363636363636,7,7.25,6.78307692307692,8,11,3,6,13,1168,568,600,159,437,731,6.81826883561644,7.24114612676056,6.417945,6.74937106918239,6.77682151029749,6.84304651162791,67
"70",2009,11,6.85,26,6.85,6.85,6.85,6.5,6.93333333333333,10,16,10,5,21,1194,578,616,169,442,752,6.81895979899498,7.23437889273356,6.42916720779221,6.75532544378698,6.77369004524887,6.84556781914894,68
"71",2009,12,6.73035714285714,28,7.23636363636364,6.40294117647059,6.52857142857143,7.025,6.6125,11,17,7,8,20,1222,589,633,176,450,772,6.81692962356792,7.23441595925297,6.42846287519747,6.74630681818182,6.77815777777778,6.83952979274612,69
"72",2010,1,6.39333333333333,30,6.98461538461538,5.94117647058824,6,7.03,6.075,13,17,6,10,20,1252,602,650,182,460,792,6.80677955271566,7.22902159468439,6.41571846153846,6.7217032967033,6.78363260869565,6.82022348484849,70
"73",2010,2,6.90476190476191,21,7.35714285714286,6.67857142857143,7.1,7,6.88235294117647,7,14,5,4,17,1273,609,664,187,464,809,6.80839591516104,7.23049425287356,6.42126054216867,6.73181818181818,6.78549784482759,6.82152904820767,71
"74",2010,3,6.65217391304348,23,7.25,6.33333333333333,6.66666666666667,6.25,6.73684210526316,8,15,3,4,19,1296,617,679,190,468,828,6.80562345679012,7.2307471636953,6.41931811487482,6.73078947368421,6.78092094017094,6.81958574879227,72
"75",2010,4,6.52916666666667,24,6.25,6.72857142857143,6.82,7,6.46190476190476,10,14,5,3,21,1320,627,693,195,471,849,6.80059696969697,7.2151052631579,6.42556565656566,6.73307692307692,6.78231634819533,6.81073851590106,73
"76",2010,5,6,5,7.5,5,7,3,6.75,2,3,1,1,4,1325,629,696,196,472,853,6.79757584905661,7.21601112877584,6.41942097701149,6.7344387755102,6.7743029661017,6.81045369284877,74
"77",2010,6,6.83333333333333,3,7,6.5,6.5,7,6.75,2,1,1,1,2,1328,631,697,197,473,855,6.79765662650603,7.2153264659271,6.41953658536585,6.73324873096447,6.7747801268499,6.81031228070176,75
"78",2010,7,6.53846153846154,13,7,6.14285714285714,6,6.1,6.8125,6,7,2,5,8,1341,637,704,199,478,863,6.79514392244594,7.21329827315542,6.41678551136364,6.72587939698492,6.76772175732218,6.8103325608343,76
"79",2010,8,7.46,15,7.74,6.9,6.5,6,7.68461538461538,10,5,3,2,13,1356,647,709,202,480,876,6.80249852507375,7.22143894899536,6.42019322990127,6.72252475247525,6.76452291666667,6.82330707762557,77
"80",2010,9,6.51666666666667,18,7,6.33076923076923,7.43333333333333,5,6.60588235294118,5,13,3,1,17,1374,652,722,205,481,893,6.79875400291121,7.21974079754601,6.41858310249307,6.73292682926829,6.76085446985447,6.8191679731243,78
"81",2010,10,6.38888888888889,9,7,5.9,NA,5.66666666666667,6.75,4,5,0,3,6,1383,656,727,205,484,899,6.79608676789588,7.21840091463415,6.41501650618982,6.73292682926829,6.75407231404959,6.8187063403782,79
"82",2010,11,6.29411764705882,17,6.875,5.77777777777778,5,6.42857142857143,6.2,8,9,2,7,10,1400,664,736,207,491,909,6.78999142857143,7.21426355421687,6.40722418478261,6.71618357487923,6.7494317718941,6.811899889989,80
"83",2010,12,6.91842105263158,19,7.3125,6.63181818181818,7.17142857142857,7.35714285714286,6.6625,8,11,7,7,12,1419,672,747,214,498,921,6.79171106412967,7.21543303571429,6.41053145917001,6.73107476635514,6.75797389558233,6.80995331161781,81
"84",2011,1,6.57777777777778,18,7.05,6.2,5.66666666666667,6.5,6.5875,8,10,3,2,16,1437,680,757,217,500,937,6.78903131524008,7.21348676470588,6.40775033025099,6.71635944700461,6.756942,6.80615474919957,82
"85",2011,2,6.31818181818182,11,7.3,5.5,6,5.5,6.78571428571429,5,6,2,4,7,1448,685,763,219,504,944,6.7854544198895,7.21411824817518,6.4006120576671,6.70981735159817,6.74696626984127,6.8060031779661,83
"86",2011,3,6.38888888888889,9,6.75,5.66666666666667,4,4,6.6875,6,3,1,1,8,1457,691,766,220,505,952,6.78300480439259,7.21008827785818,6.39773759791123,6.6975,6.74152673267327,6.80500735294118,84
"87",2011,4,6.49223076923077,13,6.35,6.55544444444444,7.16666666666667,6.25,6.53627272727273,4,9,3,2,11,1470,695,775,223,507,963,6.78043333333333,7.2051381294964,6.39956903225806,6.70381165919282,6.73958777120316,6.80193769470405,85
"88",2011,5,6.8875,8,7.16666666666667,6.05,NA,7.25,6.76666666666667,6,2,0,2,6,1478,701,777,223,509,969,6.78101285520974,7.20480884450785,6.39866924066924,6.70381165919282,6.74159332023576,6.80171929824562,86
"89",2011,6,6.41666666666667,6,7.75,5.75,5.66666666666667,6,6.5,2,4,3,1,5,1484,703,781,226,510,974,6.7795397574124,7.20635988620199,6.39534699103713,6.69004424778761,6.74013921568628,6.8001704312115,87
"90",2011,7,5.93333333333333,6,7.5,5.62,4,5.65,6.5,1,5,2,4,2,1490,704,786,228,514,976,6.7761322147651,7.20677698863636,6.39041475826972,6.66644736842105,6.73165564202335,6.79955532786885,88
"91",2011,8,6.52272727272727,11,7.05,6.08333333333333,6,6,6.71875,5,6,1,3,8,1501,709,792,229,517,984,6.77427514990007,7.20567136812412,6.38808838383838,6.66353711790393,6.72741005802708,6.79889837398374,89
"92",2011,9,6.64444444444444,9,7.26666666666667,6.33333333333333,7.5,7.26666666666667,6.33333333333333,3,6,2,3,6,1510,712,798,231,520,990,6.77350132450331,7.20592837078652,6.38767669172932,6.67077922077922,6.73052115384616,6.79607676767677,90
"93",2011,10,6.61111111111111,18,7.21875,6.125,6.75,6.5,6.64285714285714,8,10,2,4,14,1528,720,808,233,524,1004,6.77158835078534,7.20607083333333,6.38442574257426,6.67145922746781,6.72876145038168,6.79394023904383,91
"94",2011,11,5.875,8,6.6,4.66666666666667,NA,NA,5.875,5,3,0,0,8,1536,725,811,233,524,1012,6.76691861979167,7.20189103448276,6.37807151664612,6.67145922746781,6.72876145038168,6.78667588932807,92
"95",2011,12,6.4375,8,6.25,6.625,6.5,6.5,6.375,4,4,2,4,4,1544,729,815,235,528,1016,6.76521178756477,7.19666803840878,6.37928343558282,6.67,6.72702840909091,6.78505511811024,93
"96",2012,1,5.57142857142857,7,7,5,6,7,5.33333333333333,2,5,1,1,6,1551,731,820,236,529,1022,6.75982398452611,7.19612995896033,6.37087317073171,6.66716101694915,6.72754442344046,6.77653228962818,94
"97",2012,2,6.55,10,7.125,6.16666666666667,6.66666666666667,8,6.38888888888889,4,6,3,1,9,1561,735,826,239,530,1031,6.7584798206278,7.19574285714286,6.36938983050847,6.66715481171548,6.72994528301887,6.77314839961203,95
"98",2012,3,6.86363636363636,11,7.25,6.4,6.5,9.5,6.6,6,5,2,1,10,1572,741,831,241,531,1041,6.75921564885496,7.19618218623482,6.36957400722022,6.66576763485477,6.73516195856874,6.7714851104707,96
"99",2012,4,6,7,6,6,6.5,6,6,3,4,2,2,5,1579,744,835,243,533,1046,6.75584990500317,7.19135887096774,6.36780359281437,6.66440329218107,6.7324033771107,6.76779732313576,97
"100",2012,5,6.6,10,7.1,6.1,6.5,6.25,6.6875,5,5,3,2,8,1589,749,840,246,535,1054,6.75486910006293,7.19074899866489,6.36620952380952,6.66239837398374,6.7306,6.76718785578748,98
"101",2012,6,6.9625,8,6.625,7.3,7.3,7.175,6.75,4,4,4,4,4,1597,753,844,250,539,1058,6.75590920475892,7.18774369189907,6.37063507109005,6.6726,6.73389795918368,6.76712287334594,99
"102",2012,7,6.70818181818182,11,6.6,6.79833333333333,6.75,6.6,6.79833333333333,5,6,2,5,6,1608,758,850,252,544,1064,6.75558271144279,7.18386675461741,6.37365411764706,6.67321428571428,6.73266727941177,6.76729887218045,100
"103",2012,8,7.375,6,7.625,6.875,6.875,7.33333333333333,7.41666666666667,4,2,2,3,3,1614,762,852,254,547,1067,6.757885377943,7.18618241469816,6.37483098591549,6.6748031496063,6.73596160877514,6.76912464854733,101
"104",2012,9,6.225,4,7,5.96666666666667,6,6.33333333333333,5.9,1,3,2,3,1,1618,763,855,256,550,1068,6.75656798516687,7.18593840104849,6.37339883040936,6.66953125,6.73376545454546,6.76831086142322,102
"105",2012,10,6.6375,8,7.33333333333333,6.22,6.03333333333333,6,6.85,3,5,3,2,6,1626,766,860,259,552,1074,6.75598216482165,7.18651566579635,6.37250697674419,6.66216216216216,6.73110688405797,6.76876722532589,103
"106",2012,11,6.6,5,7,6.5,NA,NA,6.6,1,4,0,0,5,1631,767,864,259,552,1079,6.7555039852851,7.18627249022164,6.37309722222222,6.66216216216216,6.73110688405797,6.76798517145505,104
"107",2012,12,6.38888888888889,9,6.625,6.2,6,7,6.3125,4,5,1,1,8,1640,771,869,260,553,1087,6.75349207317073,7.18336057068742,6.37210126582278,6.65961538461538,6.7315931283906,6.76463293468261,105
"108",2013,1,6.9,10,7,6.83333333333333,6,6.5,7.16666666666667,4,6,1,4,6,1650,775,875,261,557,1093,6.75438,7.18241419354839,6.375264,6.65708812260536,6.72992998204668,6.76683989021043,106
"109",2013,2,6.68125,8,6.8625,6.5,7,7.5,6.40833333333333,4,4,2,2,6,1658,779,879,263,559,1099,6.7540271411339,7.18077150192555,6.37583162684869,6.65969581749049,6.73268515205725,6.76488262056415,107
"110",2013,3,6.84,5,7.5,6.4,7.2,6.33333333333333,7.6,2,3,1,3,2,1663,781,882,264,562,1101,6.75428562838244,7.18158898847631,6.37591383219955,6.66174242424242,6.73055338078292,6.76639963669392,108
"111",2013,4,6.66666666666667,3,7.5,5,5,6.5,7,2,1,1,2,1,1666,783,883,265,564,1102,6.75412785114046,7.18240229885057,6.37435560588901,6.65547169811321,6.72973581560284,6.76661161524501,109
"112",2013,5,7.225,4,7.5,6.95,NA,NA,7.225,2,2,0,0,4,1670,785,885,265,564,1106,6.75525568862276,7.18321146496815,6.37565649717514,6.65547169811321,6.72973581560284,6.76826943942134,110
"113",2013,6,6.60833333333333,12,7.1625,5.5,NA,6.3,6.63636363636364,8,4,0,1,11,1682,793,889,265,565,1117,6.75420749108205,7.1830025220681,6.37171653543307,6.65547169811321,6.72897522123894,6.76697045658013,111
"114",2013,7,6.42857142857143,7,6.875,5.83333333333333,6.5,6.25,6.5,4,3,1,2,5,1689,797,892,266,567,1122,6.75285790408526,7.18145671267252,6.36990582959641,6.65488721804511,6.72728571428572,6.7657807486631,112
"115",2013,8,6.61875,8,7.125,6.1125,6.08333333333333,5.6,6.95833333333333,4,4,3,2,6,1697,801,896,269,569,1128,6.75222569239835,7.1811747815231,6.36875669642857,6.64851301115242,6.72332337434095,6.76680496453901,113
"116",2013,9,7.4,5,7.66666666666667,7,NA,7.33333333333333,7.5,3,2,0,3,2,1702,804,898,269,572,1130,6.75412867215041,7.18298631840796,6.37016258351893,6.64851301115242,6.72652272727273,6.76810265486726,114
"117",2013,10,6.30555444444444,9,7.4374975,5.4,5.5,6.9999975,5.75,4,5,2,4,5,1711,808,903,271,576,1135,6.75176913500877,7.18424627475248,6.36479069767442,6.640036900369,6.72842185763889,6.76361762114537,115
"118",2013,11,7.3,10,8,6.6,7,8.5,6.78571428571429,5,5,3,3,7,1721,813,908,274,579,1142,6.7549546717025,7.1892632103321,6.3660859030837,6.64397810218978,6.73760101899827,6.7637530647986,116
"119",2013,12,6.84166666666667,12,7.51666666666667,6.16666666666667,5.66666666666667,6.25,6.96,6,6,3,2,10,1733,819,914,277,581,1152,6.75555510098096,7.19166177045177,6.36477680525164,6.63339350180505,6.73592253012048,6.76545659722222,117
"120",2014,1,5.2,5,NA,5.2,6,6,5,0,5,2,1,4,1738,819,919,279,582,1156,6.7510799712313,7.19166177045177,6.35843960826986,6.62885304659498,6.73465805841925,6.75934775086505,118
"121",2014,2,7.14090909090909,11,8.00833333333333,6.1,NA,8.525,6.83333333333333,6,5,0,2,9,1749,825,924,279,584,1165,6.75353172670097,7.1976012,6.35704112554112,6.62885304659498,6.74078936643836,6.75991931330472,119
"122",2014,3,5.57142857142857,7,7,5.33333333333333,6,7,5.33333333333333,1,6,1,1,6,1756,826,930,280,585,1171,6.74881947038725,7.19736197336562,6.35043655913978,6.62660714285714,6.74123246153846,6.752609735269,120
"123",2014,4,6,4,6,6,6,6,6,1,3,1,1,3,1760,827,933,281,586,1174,6.74711760795455,7.19591413542926,6.34930975348339,6.62437722419929,6.73996755972696,6.75068654173765,121
"124",2014,5,6.35714285714286,7,7.125,5.33333333333333,NA,6.5,6.3,4,3,0,2,5,1767,831,936,281,588,1179,6.74557271646859,7.19557279181709,6.34605341880342,6.62437722419929,6.73915134353742,6.74877523324851,122
"125",2014,6,6.66666666666667,6,8.16666666666667,5.16666666666667,4,6.75,6.625,3,3,1,2,4,1773,834,939,282,590,1183,6.74530569091935,7.1990659352518,6.34228541001065,6.61507092198582,6.73918811864407,6.74835672020287,123
"126",2014,7,6.98333333333333,6,6.66666666666667,7.3,NA,NA,6.98333333333333,3,3,0,0,6,1779,837,942,282,590,1189,6.74610848229343,7.19715769414576,6.34533545647558,6.61507092198582,6.73918811864407,6.7495424726661,124
"127",2014,8,6.625,4,5.5,7,NA,5.5,7,1,3,0,1,3,1783,838,945,282,591,1192,6.7458367863152,7.19513244630072,6.34741375661376,6.61507092198582,6.7370913536379,6.75017281879194,125
"128",2014,9,7,1,NA,7,NA,NA,7,0,1,0,0,1,1784,838,946,282,591,1193,6.74597925448431,7.19513244630072,6.34810359408034,6.61507092198582,6.7370913536379,6.75038222967309,126
"129",2014,10,6.625,4,7,6.25,6.5,NA,6.625,2,2,1,0,4,1788,840,948,283,591,1197,6.74570860738255,7.1946678452381,6.34789662447257,6.61466431095406,6.7370913536379,6.74996324143692,127
"130",2014,11,5.83333333333333,6,7.5,5,2,5,6.25,2,4,1,2,4,1794,842,952,284,593,1201,6.74265718506132,7.19539309976247,6.34223319327731,6.59841549295775,6.73123269814503,6.74829808492922,128
"131",2014,12,7.2,4,7.75,6.65,6.3,7.15,7.25,2,2,1,2,2,1798,844,954,285,595,1203,6.74367463292547,7.19670733412322,6.34287840670859,6.59736842105263,6.73264031932773,6.74913216957606,129
"132",2015,1,7.09090909090909,11,7.83333333333333,6.8125,6,8,6.88888888888889,3,8,3,2,9,1809,847,962,288,597,1212,6.74578606412383,7.19896220779221,6.34678378378378,6.59114583333333,6.73688608040201,6.7501699669967,130
"133",2015,2,6.75,2,6,7.5,7.5,NA,6.75,1,1,1,0,2,1811,848,963,289,597,1214,6.74579071783545,7.19754833726415,6.34798130841121,6.59429065743945,6.73688608040201,6.75016968698517,131
"134",2015,3,5.98,10,6.1,5.9,5,NA,5.98,4,6,1,0,10,1821,852,969,290,597,1224,6.74158538714992,7.19239552816901,6.34520743034056,6.58879310344828,6.73688608040201,6.74387745098039,132
"135",2015,4,6.9,3,8,6.35,NA,6,7.35,1,2,0,1,2,1824,853,971,290,598,1226,6.7418459375,7.1933423094959,6.34521730175077,6.58879310344828,6.73565382943144,6.74486623164763,133
"136",2015,5,7.96666666666667,3,7.95,8,NA,8,7.95,2,1,0,1,2,1827,855,972,290,599,1228,6.74385713738369,7.19511226900585,6.34691975308642,6.58879310344828,6.73776459098498,6.74682899022801,134
"137",2015,6,6.66,5,7.43333333333333,5.5,NA,5.5,7.43333333333333,3,2,0,2,3,1832,858,974,290,601,1231,6.74362826965066,7.19594520979021,6.34518069815195,6.58879310344828,6.73364557404326,6.74850203086921,135
"138",2015,7,7.32,5,7.2,7.5,NA,7.53333333333333,7,3,2,0,3,2,1837,861,976,290,604,1233,6.74519705498095,7.19595933797909,6.34754713114754,6.58879310344828,6.73761753311258,6.7489099756691,136
"139",2015,8,6.66666666666667,6,6.33333333333333,7,7,6.33333333333333,7,3,3,1,3,3,1843,864,979,291,607,1236,6.74494139446555,7.1929641087963,6.34954647599591,6.59020618556701,6.73561942339374,6.74951941747573,137
"140",2015,9,5.5,2,7,4,NA,NA,5.5,1,1,0,0,2,1845,865,980,291,607,1238,6.74359186449865,7.19274102890174,6.34714897959183,6.59020618556701,6.73561942339374,6.74750080775444,138
"141",2015,10,5.83333333333333,9,6.25,5.71428571428571,5,5.5,5.92857142857143,2,7,1,2,7,1854,867,987,292,609,1245,6.73917313376483,7.19056630911188,6.34266058763931,6.5847602739726,6.73156155993432,6.74289638554217,139
"142",2015,11,6.4,5,7.33333333333333,5,6,8,6,3,2,1,1,4,1859,870,989,293,610,1249,6.73826088757397,7.1910586091954,6.33994539939332,6.58276450511945,6.73364096721312,6.74051721377101,140
"143",2015,12,7,2,7,7,7,7,7,1,1,1,1,1,1861,871,990,294,611,1250,6.73854217624933,7.19083925373134,6.34061212121212,6.58418367346939,6.73407690671031,6.7407248,141
"144",2016,1,6.83333333333333,6,7.33333333333333,6.33333333333333,NA,6.83333333333333,6.83333333333333,3,3,0,3,3,1867,874,993,294,614,1253,6.73884680771291,7.19132836384439,6.34059013091641,6.58418367346939,6.73456187296417,6.740946528332,142
"145",2016,2,6.25,6,8.16666666666667,4.33333333333333,NA,7.75,5.5,3,3,0,2,4,1873,877,996,294,616,1257,6.73728082754939,7.19466475484607,6.33454417670683,6.58418367346939,6.73785875,6.73699761336515,143
"146",2016,3,6.75,4,7,6.5,6.5,8,6.33333333333333,2,2,2,1,3,1877,879,998,296,617,1260,6.7373079328716,7.19422183162685,6.334875751503,6.58361486486487,6.73990435980551,6.73603650793651,144
"147",2016,4,6.58333333333333,6,6.5,7,NA,NA,6.58333333333333,5,1,0,0,6,1883,884,999,296,617,1266,6.73681730748805,7.19029523755656,6.33554154154154,6.58361486486487,6.73990435980551,6.73531279620853,145
"148",2016,5,5.75,2,6.5,5,NA,NA,5.75,1,1,0,0,2,1885,885,1000,296,617,1268,6.73577028647215,7.18951524293785,6.334206,6.58361486486487,6.73990435980551,6.73375867507886,146
"149",2016,6,6.72598333333333,6,8,6.088975,6,9,6.27118,2,4,1,1,5,1891,887,1004,297,618,1273,6.73573923320994,7.19134271702368,6.33322898406374,6.58164983164983,6.74356147249191,6.73194179104477,147
"150",2016,7,6.625,4,8,6.16666666666667,NA,6.5,6.66666666666667,1,3,0,1,3,1895,888,1007,297,619,1276,6.73550548284961,7.19225336711712,6.33273277060576,6.58164983164983,6.74316799676898,6.73178832288401,148
"151",2016,8,5.65,5,7.25,5.25,NA,4,6.0625,1,4,0,1,4,1900,889,1011,297,620,1280,6.73264888947369,7.19231832395951,6.32844896142433,6.58164983164983,6.73874353225807,6.729696796875,149
"152",2016,9,6.875,4,6,7.16666666666667,7,6,7.16666666666667,1,3,2,1,3,1904,890,1014,299,621,1283,6.73294794642857,7.19097864044944,6.33092889546351,6.58444816053512,6.73755392914654,6.7307185502728,150
"153",2016,10,6.8125,12,6.95833333333333,6.66666666666667,6,7,6.775,6,6,1,2,10,1916,896,1020,300,623,1293,6.73344618475992,7.18942074776786,6.33290382352941,6.5825,6.73839645264848,6.73106102088167,151
"154",2016,11,5.625,4,5.5,6,6,7,5.16666666666667,3,1,1,1,3,1920,899,1021,301,624,1296,6.731136921875,7.18378308120134,6.3325777668952,6.58056478405316,6.73881568910257,6.72743973765432,152
"155",2016,12,6.7,5,7.75,6,6,6.83333333333333,6.5,2,3,1,3,2,1925,901,1024,302,627,1298,6.73105604675325,7.18503994450611,6.33160341796875,6.57864238410596,6.73926792663477,6.72708929121726,153
"156",2017,1,7.01666666666667,12,7.58333333333333,6.45,NA,6.9,7.05555555555556,6,6,0,3,9,1937,907,1030,302,630,1307,6.73282544656686,7.18767474090408,6.33229310679611,6.57864238410596,6.74003331746032,6.72935110941086,154
"157",2017,2,7,8,7.75,6.25,NA,6,7.14285714285714,4,4,0,1,7,1945,911,1034,302,631,1314,6.73392436503856,7.1901437870472,6.3319747582205,6.57864238410596,6.7388605229794,6.73155395738204,155
"158",2017,3,5.95,10,7,5.83333333333333,7,4,6.16666666666667,1,9,1,1,9,1955,912,1043,303,632,1323,6.72991452173913,7.18993529605263,6.32767200383509,6.58003300330033,6.73452688291139,6.7277111866969,156
"159",2017,4,7.4,2,NA,7.4,NA,NA,7.4,0,2,0,0,2,1957,912,1045,303,632,1325,6.73059933060807,7.18993529605263,6.32972430622009,6.58003300330033,6.73452688291139,6.72872596226415,157
"160",2017,5,6.8125,8,7.75,6.5,6.66666666666667,6.83333333333333,6.8,2,6,3,3,5,1965,914,1051,306,635,1330,6.73093276844784,7.19116082056893,6.33069638439581,6.58088235294118,6.73499368503937,6.72899390977443,158
"161",2017,6,6.5,3,NA,6.5,NA,5,7.25,0,3,0,1,2,1968,914,1054,306,636,1332,6.73058073678862,7.19116082056893,6.33117827324478,6.58088235294118,6.73226570754717,6.7297762012012,159
"162",2017,7,6.975,4,7.3,6,NA,6,7.3,3,1,0,1,3,1972,917,1055,306,637,1335,6.73107651622718,7.19151689203926,6.33086436018957,6.58088235294118,6.73111615384615,6.73105760299625,160
"163",2017,8,6.5,2,7,6,6,NA,6.5,1,1,1,0,2,1974,918,1056,307,637,1337,6.73084239614995,7.19130826797386,6.33055104166666,6.57899022801303,6.73111615384615,6.7307119670905,161
"164",2017,9,6.24444444444444,9,6.675,5.9,6.5,6.375,6.14,4,5,1,4,5,1983,922,1061,308,641,1342,6.72863484114977,7.18906831887202,6.32852205466541,6.57873376623377,6.72889390015601,6.72851110283159,162
"165",2017,10,6.2,7,5.96666666666667,6.375,5.5,6.75,5.98,3,4,1,2,5,1990,925,1065,309,643,1347,6.72677532160804,7.18510377297297,6.32869661971831,6.5752427184466,6.72895954898911,6.72573266518188,163
"166",2017,11,7.4,5,7.66666666666667,7,NA,10,5.66666666666667,3,2,0,2,3,1995,928,1067,309,645,1350,6.72846260150376,7.18666054956897,6.32995492033739,6.5752427184466,6.73910231007752,6.72337918518518,164
"167",2017,12,7.48,5,9,7.1,NA,9,7.1,1,4,0,1,4,2000,929,1071,309,646,1354,6.730341445,7.18861247578041,6.33283090569561,6.5752427184466,6.74260215170279,6.72449180206794,165
"168",2018,1,6.3,5,6.75,4.5,NA,NA,6.3,4,1,0,0,5,2005,933,1072,309,646,1359,6.72926827431422,7.18673203644159,6.33112117537313,6.5752427184466,6.74260215170279,6.72293002207505,166
"169",2018,2,7,4,7,NA,NA,6.5,7.16666666666667,4,0,0,1,3,2009,937,1072,309,647,1362,6.72980731209557,7.18593488794023,6.33112117537313,6.5752427184466,6.742227187017,6.72390741556534,167
"170",2018,3,6.8,5,7,6.66666666666667,7,6,7,2,3,2,1,4,2014,939,1075,311,648,1366,6.72998157398213,7.18553886048988,6.33205758139535,6.57797427652733,6.74108177469136,6.72471588579795,168
"171",2018,4,6.4,5,6,8,NA,7.25,5.83333333333333,4,1,0,2,3,2019,943,1076,311,650,1369,6.7291643833581,7.18051006362672,6.33360771375464,6.57797427652733,6.74264767692308,6.72276252739225,169
"172",2018,5,5.42857142857143,7,7.16666666666667,4.125,5,5.33333333333333,5.5,3,4,1,3,4,2026,946,1080,312,653,1373,6.72467072556762,7.1804661627907,6.32542768518518,6.57291666666667,6.73617303215927,6.71920021849963,170
"173",2018,6,6.33333333333333,3,NA,6.33333333333333,6,NA,6.33333333333333,0,3,1,0,3,2029,946,1083,313,653,1376,6.72409210941351,7.1804661627907,6.32544958448753,6.57108626198083,6.73617303215927,6.71835893895349,171
"174",2018,7,6.32333333333333,9,7.4775,5.4,6,6.4775,6.2,4,5,2,4,5,2038,950,1088,315,657,1381,6.72232232090285,7.18171683157895,6.3211965992647,6.56746031746032,6.73459815829528,6.71648218682114,172
"175",2018,8,6.9,1,6.9,NA,NA,NA,6.9,1,0,0,0,1,2039,951,1088,315,657,1382,6.72240946051986,7.18142059936908,6.3211965992647,6.56746031746032,6.73459815829528,6.71661497829233,173
"176",2018,9,7,1,NA,7,NA,7,NA,0,1,0,1,0,2040,951,1089,315,658,1382,6.72254553431373,7.18142059936908,6.32181992653811,6.56746031746032,6.73500150455927,6.71661497829233,174
"177",2018,10,6.375,2,6.75,6,NA,6.75,6,1,1,0,1,1,2042,952,1090,315,659,1383,6.72220513712047,7.18096742647059,6.32152467889908,6.56746031746032,6.73502426403642,6.71609681851048,175
"178",2018,11,6,6,6,6,6,NA,6,2,4,1,0,6,2048,954,1094,316,659,1389,6.72008930175781,7.17849160377358,6.32034908592321,6.56566455696202,6.73502426403642,6.71300352771778,176
"179",2018,12,6.66666666666667,3,7,6.5,NA,6,7,1,2,0,1,2,2051,955,1096,316,660,1391,6.72001116040956,7.17830470157068,6.32067691605839,6.56566455696202,6.73391059090909,6.71341617541337,177
"180",2019,1,6.53333333333333,3,6.8,6,NA,7,6.3,2,1,0,1,2,2054,957,1097,316,661,1393,6.71973850535541,7.17751409613375,6.32038459434822,6.56566455696202,6.73431314674735,6.71282261306532,178
"181",2019,2,8,1,8,NA,NA,NA,8,1,0,0,0,1,2055,958,1097,316,661,1394,6.72036150364964,7.17837264091858,6.32038459434822,6.56566455696202,6.73431314674735,6.71374598278335,179
"182",2019,3,6.125,4,NA,6.125,NA,5.75,6.5,0,4,0,2,2,2059,958,1101,316,663,1396,6.71920490043711,7.17837264091858,6.31967475022706,6.56566455696202,6.73134387631976,6.71343975644699,180
"183",2019,4,6,1,6,NA,NA,NA,6,1,0,0,0,1,2060,959,1101,316,663,1397,6.71885577184466,7.1771438894682,6.31967475022706,6.56566455696202,6.73134387631976,6.7129290622763,181
"184",2019,5,6,1,NA,6,NA,NA,6,0,1,0,0,1,2061,959,1102,316,663,1398,6.71850698204755,7.1771438894682,6.31938466424682,6.56566455696202,6.73134387631976,6.71241909871244,182
"185",2019,6,6.5,2,6.5,NA,NA,NA,6.5,2,0,0,0,2,2063,961,1102,316,663,1400,6.71829514784295,7.17573464099896,6.31938466424682,6.56566455696202,6.73134387631976,6.71211564285714,183
"186",2019,7,7,4,7.75,6.25,5.5,7.75,6.25,2,2,1,2,2,2067,963,1104,317,665,1402,6.71884029511369,7.17692730010384,6.3192589673913,6.56230283911672,6.7344075037594,6.71145641940085,184
"187",2019,9,7,6,7.5,6.75,7.25,7,7,2,4,2,1,5,2073,965,1108,319,666,1407,6.71965407139412,7.17759688082902,6.32081398916967,6.5666144200627,6.73480629129129,6.71248180525942,186
"188",2019,10,5.975,4,6,5.96666666666667,5,NA,5.975,1,3,1,0,4,2077,966,1111,320,666,1411,6.71821997592682,7.17637783643892,6.31985769576957,6.56171875,6.73480629129129,6.71039114103472,187
"189",2019,11,6.47166666666667,6,6.8325,5.75,NA,6.5,6.4575,4,2,0,2,4,2083,970,1113,320,668,1415,6.7175097887662,7.17495978350515,6.31883369272237,6.56171875,6.73410327844311,6.70967625441696,188
"190",2020,1,6.82857142857143,7,7.075,6.5,NA,7.43333333333333,6.375,4,3,0,3,4,2090,974,1116,320,671,1419,6.71788176555024,7.17454927104723,6.31932069892473,6.56171875,6.73722949329359,6.70873284002819,190
"191",2020,2,7,6,7.2,6,6,NA,7,5,1,1,0,6,2096,979,1117,321,671,1425,6.71868935591603,7.17467925434116,6.31903482542524,6.55996884735202,6.73722949329359,6.70995922807017,191
"192",2020,3,4,1,NA,4,NA,NA,4,0,1,0,0,1,2097,979,1118,321,671,1426,6.71739288984263,7.17467925434116,6.31696055456171,6.55996884735202,6.73722949329359,6.70805883590463,192
"193",2020,4,5.5,5,5.66666666666667,5.25,5.5,NA,5.5,3,2,1,0,5,2102,982,1120,322,671,1431,6.71449709324453,7.17007229124236,6.31505526785714,6.55667701863354,6.73722949329359,6.70383780573026,193
"194",2020,5,6,1,NA,6,NA,NA,6,0,1,0,0,1,2103,982,1121,322,671,1432,6.71415734189253,7.17007229124236,6.31477421944692,6.55667701863354,6.73722949329359,6.70334629888268,194
"195",2020,6,7.625,4,7.83333333333333,7,NA,NA,7.625,3,1,0,0,4,2107,985,1122,322,671,1436,6.71588651637399,7.17209237563452,6.31538493761141,6.55667701863354,6.73722949329359,6.70591357938718,195
"196",2020,7,6,1,NA,6,NA,NA,6,0,1,0,0,1,2108,985,1123,322,671,1437,6.71554691176471,7.17209237563452,6.31510409617097,6.55667701863354,6.73722949329359,6.70542233820459,196
"197",2020,8,6,4,6.5,5.5,5,NA,6,2,2,1,0,4,2112,987,1125,323,671,1441,6.7141917092803,7.17073048632219,6.31365502222222,6.55185758513932,6.73722949329359,6.70346419153365,197
"198",2020,9,9,1,9,NA,NA,NA,9,1,0,0,0,1,2113,988,1125,323,671,1442,6.71527349266446,7.17258197368421,6.31365502222222,6.55185758513932,6.73722949329359,6.7050567961165,198
"199",2020,10,7.06666666666667,3,8,6.6,NA,NA,7.06666666666667,1,2,0,0,3,2116,989,1127,323,671,1445,6.71577168714556,7.17341859453994,6.31416317657497,6.55185758513932,6.73722949329359,6.70580754325259,199
"200",2020,11,5.75,2,NA,5.75,NA,NA,5.75,0,2,0,0,2,2118,989,1129,323,671,1447,6.71485972143532,7.17341859453994,6.31316377325066,6.55185758513932,6.73722949329359,6.70448645473393,200
"201",2020,12,5.33333333333333,3,5.33333333333333,NA,NA,NA,5.33333333333333,3,0,0,0,3,2121,992,1129,323,671,1450,6.71290565299387,7.16785382056452,6.31316377325066,6.55185758513932,6.73722949329359,6.70164958620689,201
"202",2021,1,6.4,5,6.75,6.16666666666667,NA,7.5,6.125,2,3,0,1,4,2126,994,1132,323,672,1454,6.71216975070555,7.16701306841046,6.31277553003533,6.55185758513932,6.73836456845238,6.70006320495185,202
"203",2021,2,6,2,NA,6,NA,NA,6,0,2,0,0,2,2128,994,1134,323,672,1456,6.71150041823308,7.16701306841046,6.31222389770723,6.55185758513932,6.73836456845238,6.69910157967033,203
"204",2021,3,4.511,1,NA,4.511,4.511,4.511,NA,0,1,1,1,0,2129,994,1135,324,673,1456,6.71046683419446,7.16701306841046,6.31063691629956,6.54555864197531,6.7350549628529,6.69910157967033,204
"205",2021,4,5,1,5,NA,NA,NA,5,1,0,0,0,1,2130,995,1135,324,673,1457,6.70966379812207,7.16483516582915,6.31063691629956,6.54555864197531,6.7350549628529,6.69793541523679,205
"206",2021,5,7.5,2,9,6,NA,NA,7.5,1,1,0,0,2,2132,996,1136,324,673,1459,6.71040520168856,7.16667770080321,6.31036346830986,6.54555864197531,6.7350549628529,6.69903488690884,206
"207",2021,6,6.5,2,6.5,NA,NA,NA,6.5,2,0,0,0,2,2134,998,1136,324,673,1461,6.71020800843486,7.16534167334669,6.31036346830986,6.54555864197531,6.7350549628529,6.69876242299794,207
"208",2021,7,6.5,2,6,7,NA,NA,6.5,1,1,0,0,2,2136,999,1137,324,673,1463,6.71001118445693,7.16417516516517,6.31097000879507,6.54555864197531,6.7350549628529,6.69849070403281,208
"209",2021,8,6.78571428571429,7,7.16666666666667,6.5,NA,6,6.91666666666667,3,4,0,1,6,2143,1002,1141,324,674,1469,6.71025846476902,7.1641826247505,6.31163269062226,6.54555864197531,6.7339643768546,6.69938182437032,209
"210",2021,9,7,2,7,NA,NA,NA,7,2,0,0,0,2,2145,1004,1141,324,674,1471,6.71052862004662,7.16385556772908,6.31163269062226,6.54555864197531,6.7339643768546,6.69979055064582,210
"211",2021,10,5.38333333333333,6,5.5,5.325,NA,4,6.075,2,4,0,2,4,2151,1006,1145,324,676,1475,6.70682654114365,7.16054770377734,6.30818593886463,6.54555864197531,6.72587572485207,6.69809620338983,211
"212",2021,11,5.75,4,5.5,6,NA,6,5.66666666666667,2,2,0,1,3,2155,1008,1147,324,677,1478,6.70505052900232,7.15725296626984,6.30764856146469,6.54555864197531,6.72480353028065,6.69600263870094,212
"213",2021,12,5.9,5,7.25,5,5,5,6.125,2,3,1,1,4,2160,1010,1150,325,678,1482,6.70318698611111,7.15743662376238,6.30423730434782,6.54080307692308,6.72225957227139,6.69446147098515,213
"214",2022,1,6.72222222222222,9,7,6.58333333333333,6.83333333333333,6.5,6.75,3,6,3,1,8,2169,1013,1156,328,679,1490,6.70326597049332,7.1569703751234,6.30568589965398,6.54347865853659,6.72193223858616,6.69475966442953,214
"215",2022,2,6.625,4,6.625,NA,NA,NA,6.625,4,0,0,0,4,2173,1017,1156,328,679,1494,6.70312190059825,7.15487806293019,6.30568589965398,6.54347865853659,6.72193223858616,6.69457289156626,215
"216",2022,3,7.006,5,7.5,6.67666666666667,NA,6.515,7.33333333333333,2,3,0,2,3,2178,1019,1159,328,681,1497,6.70381721303949,7.15555543670265,6.30664616048317,6.54347865853659,6.72132450807636,6.69585297261189,216
"217",2022,4,6.66666666666667,3,6.5,7,NA,NA,6.66666666666667,2,1,0,0,3,2181,1021,1160,328,681,1500,6.70376611187529,7.15427129285015,6.30724387931034,6.54347865853659,6.72132450807636,6.6957946,217
"218",2022,5,6.375,4,7.5,5.25,5.5,NA,6.375,2,2,1,0,4,2185,1023,1162,329,681,1504,6.70316425171625,7.15494720430107,6.30542418244406,6.54030699088146,6.72132450807636,6.69494142287234,218
"219",2022,6,1.57,1,NA,1.57,NA,NA,1.57,0,1,0,0,1,2186,1023,1163,329,681,1505,6.70081605215005,7.15494720430107,6.3013524505589,6.54030699088146,6.72132450807636,6.6915361461794,219
"220",2022,7,6.5,1,NA,6.5,6.5,6.5,NA,0,1,1,1,0,2187,1023,1164,330,682,1505,6.70072422953818,7.15494720430107,6.30152310996563,6.54018484848485,6.72099998533724,6.6915361461794,220
"221",2022,8,6.3375,8,6.1,6.73333333333333,7.2,8,6.1,5,3,1,1,7,2195,1028,1167,331,683,1512,6.69940040546697,7.1498161381323,6.30263316195372,6.54217824773414,6.72287260614934,6.68879755291005,221
"222",2022,10,7.5,2,6,9,NA,NA,7.5,1,1,0,0,2,2197,1029,1168,331,683,1514,6.70012921711425,7.14869872691934,6.30494255136986,6.54217824773414,6.72287260614934,6.68986915455746,223
"223",2022,11,6.605625,8,7.21125,6,NA,7,6.54928571428571,4,4,0,1,7,2205,1033,1172,331,684,1521,6.6997863446712,7.14894093901258,6.30390179180887,6.54217824773414,6.7232777631579,6.689222156476,224
"224",2022,12,7.5,1,7.5,NA,NA,7.5,NA,1,0,0,1,0,2206,1034,1172,331,685,1521,6.70014908884859,7.14928045454545,6.30390179180887,6.54217824773414,6.72441166423358,6.689222156476,225
