"","year","month","avg_rating","no_ratings","avg_rating_owned","avg_rating_not_owned","avg_rating_prev_owned","avg_rating_comment","avg_rating_no_comment","no_ratings_owned","no_ratings_not_owned","no_ratings_prev_owned","no_ratings_comment","no_ratings_no_comment","cum_no_ratings","cum_no_ratings_owned","cum_no_ratings_not_owned","cum_no_ratings_prev_owned","cum_no_ratings_comment","cum_no_ratings_no_comment","cum_avg_rating","cum_avg_rating_owned","cum_avg_rating_not_owned","cum_avg_rating_prev_owned","cum_avg_rating_comment","cum_avg_rating_no_comment","month_after_release"
"1",2004,2,6.41666666666667,6,7.75,5.75,NA,6.1,8,2,4,0,5,1,6,2,4,0,5,1,6.41666666666667,7.75,5.75,NA,6.1,8,0
"2",2004,3,6.77777777777778,18,7.05,6.4375,NA,6.1,7.03846153846154,10,8,0,5,13,24,12,12,0,10,14,6.6875,7.16666666666667,6.20833333333333,NA,6.1,7.10714285714286,1
"3",2004,4,6.58888888888889,18,7.17777777777778,6,NA,6.72857142857143,6.5,9,9,0,7,11,42,21,21,0,17,25,6.6452380952381,7.17142857142857,6.11904761904762,NA,6.35882352941176,6.84,2
"4",2004,5,6.31944444444444,18,7.02272727272727,5.21428571428571,7,5.55,7.28125,11,7,1,10,8,60,32,28,1,27,33,6.5475,7.1203125,5.89285714285714,7,6.05925925925926,6.9469696969697,3
"5",2004,6,6.1,10,7.33333333333333,5.57142857142857,NA,6.5,5.5,3,7,0,6,4,70,35,35,1,33,37,6.48357142857143,7.13857142857143,5.82857142857143,7,6.13939393939394,6.79054054054054,4
"6",2004,7,6.67,10,7.2125,4.5,NA,6.75,6.55,8,2,0,6,4,80,43,37,1,39,41,6.506875,7.15232558139535,5.75675675675676,7,6.23333333333333,6.76707317073171,5
"7",2004,8,6.40909090909091,11,6.92857142857143,5.5,NA,5,7.21428571428571,7,4,0,4,7,91,50,41,1,43,48,6.49505494505495,7.121,5.73170731707317,7,6.11860465116279,6.83229166666667,6
"8",2004,9,5.83333333333333,6,6.16666666666667,5.5,8.5,4.83333333333333,6.83333333333333,3,3,1,3,3,97,53,44,2,46,51,6.45412371134021,7.06698113207547,5.71590909090909,7.75,6.03478260869565,6.83235294117647,7
"9",2004,10,6.15,10,6.625,5.83333333333333,NA,6,6.21428571428571,4,6,0,3,7,107,57,50,2,49,58,6.42570093457944,7.0359649122807,5.73,7.75,6.03265306122449,6.75775862068966,8
"10",2004,11,5.83333333333333,6,6.5,4.5,NA,NA,5.83333333333333,4,2,0,0,6,113,61,52,2,49,64,6.39424778761062,7.00081967213115,5.68269230769231,7.75,6.03265306122449,6.67109375,9
"11",2004,12,5.525,4,7.55,3.5,2,5.7,5,2,2,1,3,1,117,63,54,3,52,65,6.36452991452992,7.01825396825397,5.60185185185185,5.83333333333333,6.01346153846154,6.64538461538462,10
"12",2005,1,5.6,5,7,4.66666666666667,NA,5.25,7,2,3,0,4,1,122,65,57,3,56,66,6.33319672131148,7.01769230769231,5.55263157894737,5.83333333333333,5.95892857142857,6.65075757575758,11
"13",2005,2,6.42307692307692,13,7,6.0625,6,6.75,6.27777777777778,5,8,1,4,9,135,70,65,4,60,75,6.34185185185185,7.01642857142857,5.61538461538461,5.875,6.01166666666667,6.606,12
"14",2005,3,6,15,6.71428571428571,5.375,7,5.8,6.4,7,8,3,10,5,150,77,73,7,70,80,6.30766666666667,6.98896103896104,5.58904109589041,6.35714285714286,5.98142857142857,6.593125,13
"15",2005,4,6,14,6.4,5.77777777777778,6,6,6,5,9,1,4,10,164,82,82,8,74,90,6.28140243902439,6.95304878048781,5.60975609756098,6.3125,5.98243243243243,6.52722222222222,14
"16",2005,5,6.288,10,6.576,6,6,8,6.09777777777778,5,5,1,1,9,174,87,87,9,75,99,6.2817816091954,6.93137931034483,5.63218390804598,6.27777777777778,6.00933333333333,6.48818181818182,15
"17",2005,6,5.0625,8,6.625,3.5,NA,5.1,5,4,4,0,5,3,182,91,91,9,80,102,6.22818681318681,6.91791208791209,5.53846153846154,6.27777777777778,5.9525,6.44441176470588,16
"18",2005,7,5.45,10,NA,5.45,5,5.07142857142857,6.33333333333333,0,10,2,7,3,192,91,101,11,87,105,6.18765625,6.91791208791209,5.52970297029703,6.04545454545455,5.8816091954023,6.4412380952381,17
"19",2005,8,6.91666666666667,9,7.35,6.375,NA,6.875,7,5,4,0,6,3,201,96,105,11,93,108,6.22029850746269,6.94041666666667,5.56190476190476,6.04545454545455,5.94569892473118,6.45675925925926,18
"20",2005,9,6.08333333333333,6,7.75,5.25,6.5,5.875,6.5,2,4,2,4,2,207,98,109,13,97,110,6.21632850241546,6.9569387755102,5.55045871559633,6.11538461538461,5.94278350515464,6.45754545454546,19
"21",2005,10,6.1,7,6.33333333333333,5.925,6.5,6.375,5.73333333333333,3,4,1,4,3,214,101,113,14,101,113,6.21252336448598,6.93841584158416,5.56371681415929,6.14285714285714,5.95990099009901,6.4383185840708,20
"22",2005,11,7,12,7.42857142857143,6.4,7.25,7.28571428571429,6.6,7,5,2,7,5,226,108,118,16,108,118,6.25433628318584,6.97018518518519,5.59915254237288,6.28125,6.04583333333333,6.44516949152542,21
"23",2005,12,5.375,12,6.07142857142857,4.4,5,5.33333333333333,5.41666666666667,7,5,1,6,6,238,115,123,17,114,124,6.21,6.91547826086957,5.55040650406504,6.20588235294118,6.00833333333333,6.39540322580645,22
"24",2006,1,6.8125,8,6.9,6.66666666666667,6.5,7.125,6.5,5,3,2,4,4,246,120,126,19,118,128,6.22959349593496,6.91483333333333,5.57698412698413,6.23684210526316,6.04618644067797,6.398671875,23
"25",2006,2,6.65,10,7.0625,5,5,6.375,6.83333333333333,8,2,1,4,6,256,128,128,20,122,134,6.246015625,6.9240625,5.56796875,6.175,6.05696721311475,6.41813432835821,24
"26",2006,3,5.66666666666667,6,6.5,4,NA,7,5,4,2,0,2,4,262,132,130,20,124,138,6.23274809160305,6.91121212121212,5.54384615384615,6.175,6.07217741935484,6.37702898550725,25
"27",2006,4,6.77777777777778,9,6.85714285714286,6.5,NA,6.83333333333333,6.66666666666667,7,2,0,6,3,271,139,132,20,130,141,6.25084870848709,6.90848920863309,5.55833333333333,6.175,6.10730769230769,6.3831914893617,26
"28",2006,5,6.73076923076923,13,6.88888888888889,6.375,7,8,6.5,9,4,1,2,11,284,148,136,21,132,152,6.27281690140845,6.9072972972973,5.58235294117647,6.21428571428571,6.13598484848485,6.3916447368421,27
"29",2006,6,6.12727272727273,11,6.675,4.66666666666667,NA,5.5,6.88,8,3,0,6,5,295,156,139,21,138,157,6.26738983050848,6.89538461538462,5.56258992805755,6.21428571428571,6.10833333333333,6.4071974522293,28
"30",2006,7,6.048,15,6.74571428571429,5.4375,NA,6.125,6.02,7,8,0,4,11,310,163,147,21,142,168,6.25677419354839,6.88895705521472,5.55578231292517,6.21428571428571,6.10880281690141,6.38184523809524,29
"31",2006,8,6,10,6.7,5.3,NA,6.1,5.9,5,5,0,5,5,320,168,152,21,147,173,6.24875,6.88333333333333,5.54736842105263,6.21428571428571,6.10850340136054,6.36791907514451,30
"32",2006,9,5.75,6,5.75,5.75,6.5,5.16666666666667,6.33333333333333,4,2,1,3,3,326,172,154,22,150,176,6.23957055214724,6.85697674418605,5.55,6.22727272727273,6.08966666666667,6.36732954545454,31
"33",2006,10,6,8,7,5.4,4.5,5.75,6.08333333333333,3,5,1,2,6,334,175,159,23,152,182,6.23383233532934,6.85942857142857,5.54528301886793,6.15217391304348,6.08519736842105,6.35796703296703,32
"34",2006,11,6.12666666666667,15,7.2375,4.85714285714286,6.5,6.5,5.87777777777778,8,7,2,6,9,349,183,166,25,158,191,6.22922636103152,6.87595628415301,5.51626506024096,6.18,6.10094936708861,6.33534031413613,33
"35",2006,12,6.57142857142857,14,7.22222222222222,5.4,7,6.8,6.44444444444444,9,5,1,5,9,363,192,171,26,163,200,6.24242424242424,6.8921875,5.51286549707602,6.21153846153846,6.12239263803681,6.34025,34
"36",2007,1,6.2625,24,7.3125,5.7375,7,6.22222222222222,6.28666666666667,8,16,2,9,15,387,200,187,28,172,215,6.243669250646,6.909,5.53208556149733,6.26785714285714,6.12761627906977,6.33651162790698,35
"37",2007,2,6.37635583333333,24,6.90714285714286,5.633254,NA,6.01666666666667,6.736045,14,10,0,12,12,411,214,197,28,184,227,6.25141737226278,6.9088785046729,5.53722101522843,6.26785714285714,6.12038043478261,6.35763233480176,36
"38",2007,3,6.46934146341463,41,6.9105652173913,5.90555555555556,6.55,6.56215,6.38095238095238,23,18,4,20,21,452,237,215,32,204,248,6.27118482300885,6.90904219409283,5.5680583255814,6.303125,6.16369117647059,6.35960701612903,37
"39",2007,4,6.59074074074074,27,7.18846153846154,6.03571428571429,6,6.71071428571429,6.46153846153846,13,14,2,14,13,479,250,229,34,218,261,6.28919736951983,6.923572,5.59664864628821,6.28529411764706,6.19882110091743,6.36468406130268,38
"40",2007,5,6.53846153846154,26,7.1,5.77272727272727,6.83333333333333,6.33333333333333,6.6,15,11,3,6,20,505,265,240,37,224,281,6.30203077227723,6.93355849056604,5.60471891666667,6.32972972972973,6.20242410714286,6.38143252669039,39
"41",2007,6,6.12083333333333,24,6.86923076923077,5.23636363636364,6,5.57142857142857,6.34705882352941,13,11,1,7,17,529,278,251,38,231,298,6.29381009451796,6.93055035971223,5.58857585657371,6.32105263157895,6.18330303030303,6.37947161073825,40
"42",2007,7,6.675,24,7.32,5.6,6.65,6.4,6.87142857142857,15,9,2,10,14,553,293,260,40,241,312,6.31035359855335,6.95048805460751,5.58897130769231,6.3375,6.19229460580913,6.4015466025641,41
"43",2007,8,6.45588235294118,17,6.84090909090909,5.75,7,6.64583333333333,6,11,6,1,12,5,570,304,266,41,253,317,6.31469392982456,6.94652302631579,5.59260353383459,6.35365853658537,6.21380632411067,6.39521305993691,42
"44",2007,9,6.6448275862069,29,6.96,5.94444444444444,6.5,6.31666666666667,6.87647058823529,20,9,1,12,17,599,324,275,42,265,334,6.33067702838064,6.94735493827161,5.60411832727273,6.35714285714286,6.2184641509434,6.41970820359281,43
"45",2007,10,6.53571428571429,28,6.86666666666667,6.15384615384615,6.125,6.27777777777778,6.65789473684211,15,13,4,9,19,627,339,288,46,274,353,6.33983339712919,6.94378466076696,5.62893243055556,6.33695652173913,6.22041240875912,6.43252844192634,44
"46",2007,11,6.60714285714286,28,7.13636363636364,6.26470588235294,6.375,6.79166666666667,6.46875,11,17,4,12,16,655,350,305,50,286,369,6.35126036641222,6.94983714285714,5.66436898360656,6.34,6.24438111888112,6.43409902439024,45
"47",2007,12,6.13,25,6.39285714285714,5.79545454545455,6,5.83333333333333,6.22368421052632,14,11,1,6,19,680,364,316,51,292,388,6.34312579411765,6.92841483516484,5.6689320886076,6.33333333333333,6.23593493150685,6.42379520618557,46
"48",2008,1,6.5,24,7.15,6.03571428571429,6.5,6.15,6.75,10,14,4,10,14,704,374,330,55,302,402,6.34847377840909,6.93433957219251,5.68449254545455,6.34545454545455,6.23308940397351,6.4351555721393,47
"49",2008,2,6.5047619047619,21,6.68571428571429,6.14285714285714,7.25,6.35,6.56666666666667,14,7,2,6,15,725,388,337,57,308,417,6.35300074482759,6.92536855670103,5.69401347181009,6.37719298245614,6.23536688311688,6.43988618705036,48
"50",2008,3,6.64230769230769,26,7.31428571428571,5.85833333333333,6.45,6.88461538461539,6.4,14,12,4,13,13,751,402,349,61,321,430,6.36301669773635,6.93891293532338,5.69966343839542,6.38196721311475,6.26166043613707,6.43868032558139,49
"51",2008,4,6.59,30,7.16842105263158,5.59090909090909,6.83333333333333,5.75,6.89545454545455,19,11,3,8,22,781,421,360,64,329,452,6.37173564660691,6.94927078384798,5.69634038888889,6.403125,6.2492188449848,6.46091269911504,50
"52",2008,5,6.50481481481481,27,7.20866666666667,5.625,6.33333333333333,6.85,6.30176470588235,15,12,3,10,17,808,436,372,67,339,469,6.3761825990099,6.95819495412844,5.69403908602151,6.4,6.26694100294985,6.45514400852878,51
"53",2008,6,6.57142857142857,14,6.71428571428571,6.42857142857143,5.83333333333333,6.5,6.6,7,7,3,4,10,822,443,379,70,343,479,6.37950795620438,6.95434085778781,5.707605646438,6.37571428571429,6.26965889212828,6.45816814196242,52
"54",2008,7,5.96470588235294,17,6.87777777777778,4.9375,4.66666666666667,5.675,6.22222222222222,9,8,6,8,9,839,452,387,76,351,488,6.3711031466031,6.95281637168142,5.6916861498708,6.24078947368421,6.25610541310541,6.45381668032787,53
"55",2008,8,5.953125,16,6.59375,5.3125,5.41666666666667,6.27777777777778,5.53571428571429,8,8,6,9,7,855,460,395,82,360,495,6.36328133333333,6.94657173913044,5.68400643037975,6.18048780487805,6.25664722222222,6.44083341414141,54
"56",2008,9,6.35416666666667,24,6.53125,6,6.5,6.125,6.46875,16,8,2,8,16,879,476,403,84,368,511,6.36303246871445,6.93261134453782,5.69027925558313,6.18809523809524,6.25378532608696,6.4417075146771,55
"57",2008,10,6.06818181818182,11,6.79166666666667,5.2,5.5,6.5,6.025,6,5,1,1,10,890,482,408,85,369,521,6.35938824719101,6.93085684647303,5.68427093137255,6.18,6.25445257452574,6.43370928982725,56
"58",2008,11,6.19642857142857,28,6.84615384615385,5.63333333333333,5.65,5.88888888888889,6.34210526315789,13,15,10,9,19,918,495,423,95,378,540,6.35441779956427,6.92863232323232,5.68246463356974,6.12421052631579,6.24574867724868,6.43048618518518,57
"59",2008,12,6.255,20,6.28888888888889,6.22727272727273,5.7,5.75,6.59166666666667,9,11,5,8,12,938,504,434,100,386,552,6.35229801705757,6.91720833333333,5.69627313364055,6.103,6.23547409326425,6.43399010869565,58
"60",2009,1,6.34193548387097,31,6.63214285714286,6.10294117647059,6.15,5.785,6.60714285714286,14,17,10,10,21,969,518,451,110,396,573,6.35196650154799,6.90950386100386,5.71160208425721,6.10727272727273,6.22409848484848,6.44033602094241,59
"61",2009,2,5.44,20,6.47142857142857,4.88461538461539,4.66666666666667,5.07142857142857,5.63846153846154,7,13,6,7,13,989,525,464,116,403,586,6.33352430738119,6.90366285714286,5.68843219827586,6.03275862068965,6.20407692307692,6.42254699658703,60
"62",2009,3,5.90166666666667,30,6.35416666666667,5.6,5.36,5.39285714285714,6.05652173913044,12,18,5,7,23,1019,537,482,121,410,609,6.32081014720314,6.89138361266294,5.68512975103735,6.00495867768595,6.19022682926829,6.40872338259442,61
"63",2009,4,6.00675675675676,37,6.56818181818182,5.76923076923077,5.16666666666667,5.61363636363636,6.17307692307692,11,26,9,11,26,1056,548,508,130,421,635,6.30980638257576,6.88489598540146,5.68943413385827,5.94692307692308,6.17516152019002,6.39907486614173,62
"64",2009,5,6.46428571428571,21,6.84375,6.23076923076923,5,6.0625,6.55882352941176,8,13,1,4,17,1077,556,521,131,425,652,6.31281851439183,6.88430395683453,5.70294153550864,5.93969465648855,6.17410117647059,6.40324009202454,63
"65",2009,6,6.35263157894737,38,6.85,5.99090909090909,6.1,6.2,6.47619047619048,16,22,11,17,21,1115,572,543,142,442,673,6.31417537219731,6.88334440559441,5.71460872928177,5.95211267605634,6.17509728506787,6.40551640416047,64
"66",2009,7,6.28947368421053,19,6.5,6.23333333333333,6.16666666666667,6.38888888888889,6.2,4,15,9,9,10,1134,576,558,151,451,683,6.31376149911817,6.88068229166667,5.7285529390681,5.96490066225166,6.17936363636364,6.40250737920937,65
"67",2009,8,6.26666666666667,18,6.42857142857143,6.16363636363636,6,6,6.36923076923077,7,11,4,5,13,1152,583,569,155,456,696,6.31302564236111,6.8752538593482,5.73696404217926,5.9658064516129,6.17739692982456,6.40188583333333,66
"68",2009,9,6.61904761904762,21,6.81818181818182,6.4,6.75,6.35714285714286,6.75,11,10,4,7,14,1173,594,579,159,463,710,6.31850429667519,6.87419696969697,5.74841544041451,5.98553459119497,6.18011447084233,6.40875005633803,67
"69",2009,10,6.48148148148148,27,7.61111111111111,5.91666666666667,5.75,5.90909090909091,6.875,9,18,8,11,16,1200,603,597,167,474,726,6.32217128333333,6.88519568822554,5.75348834170854,5.97425149700599,6.17382489451477,6.41902553719008,68
"70",2009,11,6.4,28,6.73333333333333,6.15,5.98,6.63333333333333,6.28947368421053,12,16,5,9,19,1228,615,613,172,483,745,6.32394587947883,6.8822325203252,5.76383774877651,5.97441860465116,6.18238716356108,6.41572153020134,69
"71",2009,12,5.65,20,7.25,5.25,4.875,4.25,6,4,16,8,4,16,1248,619,629,180,487,761,6.31314546474359,6.88460904684976,5.75076715421304,5.92555555555556,6.16651540041068,6.40698099868594,70
"72",2010,1,6.10185185185185,27,6.47916666666667,5.8,5.625,5.69444444444444,6.30555555555556,12,15,8,9,18,1275,631,644,188,496,779,6.30867101176471,6.87689857369255,5.75191388198758,5.91276595744681,6.15794959677419,6.40463740693196,71
"73",2010,2,5.81,20,5.85,5.78333333333333,6.35,5.6,5.8625,8,12,4,4,16,1295,639,656,192,500,795,6.30096952895753,6.86404225352113,5.75248862804878,5.921875,6.153486,6.3937264654088,72
"74",2010,3,6.52941176470588,17,6.83333333333333,6.36363636363636,6.25,6.83333333333333,6.46428571428571,6,11,2,3,14,1312,645,667,194,503,809,6.30392952743903,6.86375658914729,5.76256752623688,5.92525773195876,6.1575407554672,6.39494751545117,73
"75",2010,4,6.46315789473684,19,7,6.21538461538462,6.25,6.06,6.60714285714286,6,13,4,5,14,1331,651,680,198,508,823,6.30620250939144,6.86501228878648,5.77122432352941,5.93181818181818,6.15658070866142,6.39855715674362,74
"76",2010,5,6.2,21,6.26363636363636,6.13,6.1,6.55,6.06,11,10,5,6,15,1352,662,690,203,514,838,6.30455291420119,6.85501963746224,5.7764239710145,5.93596059113301,6.16117315175097,6.39249706443914,75
"77",2010,6,6.35,10,6.91666666666667,5.5,6,6.91666666666667,5.5,6,4,1,6,4,1362,668,694,204,520,842,6.30488659324523,6.85557335329341,5.77483074927954,5.93627450980392,6.16989038461538,6.38825717339667,76
"78",2010,7,5.55,8,6,5.1,3,5.33333333333333,5.68,4,4,1,3,5,1370,672,698,205,523,847,6.30047849635037,6.85048065476191,5.7709635243553,5.9219512195122,6.16509177820268,6.38407619834711,77
"79",2010,8,6.1,15,6.5,5.83333333333333,4.5,5.33333333333333,6.29166666666667,6,9,2,3,12,1385,678,707,207,526,859,6.29830724909747,6.8473790560472,5.77175748231966,5.90821256038647,6.16034790874525,6.38278526193248,78
"80",2010,9,6.2,5,6.33333333333333,6,6,6.33333333333333,6,3,2,2,3,2,1390,681,709,209,529,861,6.29795362589928,6.84511453744493,5.77240132581101,5.90909090909091,6.16132892249527,6.38189609756097,79
"81",2010,10,6.05555555555556,9,7.125,5.2,6,5.125,6.8,4,5,1,4,5,1399,685,714,210,533,866,6.29639423874196,6.84674890510949,5.76839291316527,5.90952380952381,6.15355159474672,6.38431009237875,80
"82",2010,11,6.29411764705882,17,7.0625,5.61111111111111,5.5,8.625,5.98333333333333,8,9,2,2,15,1416,693,723,212,535,881,6.29636690677966,6.84923953823954,5.76643504840941,5.90566037735849,6.16279065420561,6.37748301929625,81
"83",2010,12,6.02857142857143,14,7.5,5.44,4.975,5.475,6.25,4,10,4,4,10,1430,697,733,216,539,891,6.29374513286713,6.85297417503587,5.76198163710778,5.88842592592593,6.15768645640074,6.37605223344557,82
"84",2011,1,5.8375,24,6.3125,5.6,5,4.91666666666667,6.14444444444444,8,16,7,6,18,1454,705,749,223,545,909,6.28621426409904,6.84684113475177,5.7585214152203,5.86053811659193,6.14402385321101,6.37146594059406,83
"85",2011,2,5.70454545454545,11,6.2,5.29166666666667,6.5,6,5.63888888888889,5,6,2,2,9,1465,710,755,225,547,918,6.28184678498294,6.84228591549296,5.75481131125828,5.86622222222222,6.14349725776965,6.36428381263616,84
"86",2011,3,6.59,10,6.975,6.33333333333333,6,5.75,7.15,4,6,2,4,6,1475,714,761,227,551,924,6.28393595932203,6.84302941176471,5.75937258869908,5.86740088105727,6.14064065335753,6.36938586580087,85
"87",2011,4,5.41111111111111,9,5.25,5.45714285714286,5,5.64,5.125,2,7,3,5,4,1484,716,768,230,556,928,6.27864254716981,6.83857960893855,5.756617890625,5.85608695652174,6.13613848920863,6.36402213362069,86
"88",2011,5,6.375,12,7.25,5.5,6.5,5,6.65,6,6,2,2,10,1496,722,774,232,558,938,6.27941546791444,6.84199861495845,5.75462860465117,5.86163793103448,6.13206630824373,6.36707093816631,87
"89",2011,6,6.10714285714286,14,6.57142857142857,5.64285714285714,5.7,5.625,6.3,7,7,5,4,10,1510,729,781,237,562,948,6.2778182384106,6.83940054869684,5.75362681177977,5.85822784810127,6.12845729537367,6.36636343881856,88
"90",2011,7,5.64285714285714,14,6,5.54545454545455,5.25,5.5,5.78571428571429,3,11,4,7,7,1524,732,792,241,569,955,6.27198526246719,6.83596038251366,5.75073553030303,5.84813278008299,6.12072583479789,6.36210737172775,89
"91",2011,8,6.05,12,6.2625,5.625,NA,5.86666666666667,6.11111111111111,8,4,0,3,9,1536,740,796,241,572,964,6.27025100260417,6.82976081081081,5.75010369346734,5.84813278008299,6.11939335664336,6.35976404564315,90
"92",2011,9,5.9375,8,6.25,5.83333333333333,6.25,6.25,5.83333333333333,2,6,4,2,6,1544,742,802,245,574,970,6.26852690414508,6.82819811320755,5.75072635910225,5.85469387755102,6.11984843205575,6.35650777319588,91
"93",2011,10,5.81818181818182,11,7,5.55555555555556,6,6,5.8,2,9,1,1,10,1555,744,811,246,575,980,6.26534118327974,6.82865994623656,5.74856046855734,5.85528455284553,6.11964,6.35082912244898,92
"94",2011,11,5.72222222222222,9,6.33333333333333,5.41666666666667,NA,5,5.8125,3,6,0,1,8,1564,747,817,246,576,988,6.26221581841432,6.82667068273092,5.74612305997552,5.85528455284553,6.11769618055555,6.34647018218623,93
"95",2011,12,5.21666666666667,6,6.15,4.75,6,5.76666666666667,4.66666666666667,2,4,2,3,3,1570,749,821,248,579,991,6.25822008917198,6.82486381842457,5.74126984165652,5.85645161290323,6.11587737478411,6.34138500504541,94
"96",2012,1,5.86666666666667,9,6.93333333333333,5.33333333333333,5,6,5.8,3,6,2,3,6,1579,752,827,250,582,997,6.25598830905637,6.82529654255319,5.73831020556228,5.8496,6.11528006872852,6.33812692076229,95
"97",2012,2,5.21428571428571,7,6,5.08333333333333,6,6,4.9,1,6,2,2,5,1586,753,833,252,584,1002,6.25139063051702,6.8242005312085,5.733592484994,5.85079365079365,6.1148852739726,6.33095063872255,96
"98",2012,3,6.93333333333333,9,7.725,6.3,6,6.5,6.9875,4,5,2,1,8,1595,757,838,254,585,1010,6.2552385830721,6.82896036988111,5.73697200477327,5.85196850393701,6.11554358974359,6.33615102970297,97
"99",2012,4,6.425,10,7,6.28125,5.75,6,6.60714285714286,2,8,4,3,7,1605,759,846,258,588,1017,6.25629628660436,6.82941106719368,5.74211884160757,5.85038759689922,6.11495408163265,6.33801626352016,98
"100",2012,5,7.11111111111111,9,7.33333333333333,6.66666666666667,7,7,7.125,6,3,2,1,8,1614,765,849,260,589,1025,6.26106291201983,6.83336339869281,5.74538579505301,5.85923076923077,6.11645670628183,6.34415857560975,99
"101",2012,6,6.4375,8,7.75,5.125,6,6.25,6.5,4,4,2,2,6,1622,769,853,262,591,1031,6.26193313193588,6.83813133940182,5.74247660023447,5.86030534351145,6.11690862944162,6.34506550921435,100
"102",2012,7,6.59625,8,6.58333333333333,6.635,7,NA,6.59625,6,2,1,0,8,1630,775,855,263,591,1039,6.26357395092025,6.83615870967742,5.74456437426901,5.86463878326996,6.11690862944162,6.3469995572666,101
"103",2012,8,5.92857142857143,7,8,5.58333333333333,5.83333333333333,5.5,6.1,1,6,3,2,5,1637,776,861,266,593,1044,6.26214144166158,6.83765850515464,5.74344081300813,5.86428571428571,6.11482799325464,6.3458166091954,102
"104",2012,9,6.375,6,6.91666666666667,5.83333333333333,6,6,6.75,3,3,2,3,3,1643,779,864,268,596,1047,6.26255358490566,6.83796277278562,5.74375293981482,5.86529850746269,6.11425,6.3469747277937,103
"105",2012,10,5.3,10,6,5.125,4.66666666666667,4.66666666666667,5.57142857142857,2,8,3,3,7,1653,781,872,271,599,1054,6.25673051421658,6.83581690140845,5.73807630733945,5.8520295202952,6.107,6.34182404174573,104
"106",2012,11,6.225,12,6.7,5.9875,5.9,6.2,6.26,4,8,5,7,5,1665,785,880,276,606,1059,6.25650182582583,6.83512484076433,5.74034379545455,5.85289855072464,6.10807425742574,6.34143771482531,105
"107",2012,12,6,5,6.5,5.66666666666667,5,6,6,2,3,2,3,2,1670,787,883,278,609,1061,6.25573385628743,6.83427318932656,5.74009347678369,5.84676258992806,6.10754187192118,6.34079409990575,106
"108",2013,1,6.83272727272727,11,5.915,7.35714285714286,7.25,8,6.716,4,7,2,1,10,1681,791,890,280,610,1071,6.25950954193932,6.82962452591656,5.75281184269663,5.85678571428571,6.11064426229508,6.34429742296919,107
"109",2013,2,5.57142857142857,7,7.5,4.8,4.66666666666667,5.83333333333333,5.375,2,5,3,3,4,1688,793,895,283,613,1075,6.25665612559242,6.83131525851198,5.74748887150838,5.84416961130742,6.10928711256118,6.34069073488372,108
"110",2013,3,6.71428571428571,7,7.66666666666667,6,6,7.25,6.5,3,4,4,2,5,1695,796,899,287,615,1080,6.25854604129794,6.8344635678392,5.74861239154616,5.84634146341463,6.11299674796748,6.34142827777778,109
"111",2013,4,7,1,7,NA,NA,NA,7,1,0,0,0,1,1696,797,899,287,615,1081,6.25898321933962,6.8346712672522,5.74861239154616,5.84634146341463,6.11299674796748,6.34203750231267,110
"112",2013,5,5.9375,8,7.5,5,5.66666666666667,3.5,6.75,3,5,3,2,6,1704,800,904,290,617,1087,6.2574739084507,6.83716625,5.74447183628319,5.84448275862069,6.10452674230146,6.34428936522539,111
"113",2013,6,6.5,5,6.25,6.66666666666667,NA,NA,6.5,2,3,0,0,5,1709,802,907,290,617,1092,6.25818346401404,6.83570199501247,5.74752209481808,5.84448275862069,6.10452674230146,6.34500232600733,112
"114",2013,7,5.5,9,5.8,5.125,6.16666666666667,6.83333333333333,4.83333333333333,5,4,3,3,6,1718,807,911,293,620,1098,6.25421160651921,6.82928500619579,5.74478873765094,5.84778156996587,6.10805322580645,6.33674183970856,113
"115",2013,8,5.44444444444444,9,5.75,5.2,6,5.25,5.6,4,5,1,4,5,1727,811,916,294,624,1103,6.24999162709902,6.8239617755857,5.741815,5.84829931972789,6.10255288461539,6.33340212148685,114
"116",2013,9,5.57692307692308,13,6.9,4.75,4.5,3.5,5.95454545454545,5,8,2,2,11,1740,816,924,296,626,1114,6.24496295402299,6.82442769607843,5.73322785714286,5.83918918918919,6.09423801916933,6.32966116696589,115
"117",2013,10,6.5,6,6.6,6,NA,6.66666666666667,6.33333333333333,5,1,0,3,3,1746,821,925,296,629,1117,6.24583936998855,6.82306090133983,5.73351625945946,5.83918918918919,6.09696820349762,6.32967102954342,116
"118",2013,11,6.37307692307692,13,7.14285714285714,5.475,7.1,8,6.2375,7,6,1,1,12,1759,828,931,297,630,1129,6.24677972711768,6.82576449275362,5.73185020408164,5.84343434343434,6.09998888888889,6.32869135518158,117
"119",2013,12,5.83333333333333,6,6.25,5,5,6.5,5.5,4,2,1,2,4,1765,832,933,298,632,1133,6.24537424362606,6.82299639423077,5.73028139335477,5.84060402684564,6.10125474683544,6.32576570167696,118
"120",2014,1,6.30294117647059,17,6.755,5.65714285714286,NA,6.66666666666667,6.10454545454545,10,7,0,6,11,1782,842,940,298,638,1144,6.24592342312009,6.82218883610451,5.72973674468085,5.84060402684564,6.10657210031348,6.32363858391608,119
"121",2014,2,5.7,8,5.86666666666667,5.6,5,4,5.94285714285714,3,5,3,1,7,1790,845,945,301,639,1151,6.24348354189944,6.81879644970414,5.72905030687831,5.83222591362126,6.10327543035994,6.32132279756733,120
"122",2014,3,6.16,5,7.66666666666667,3.9,NA,8,5.7,3,2,0,1,4,1795,848,947,301,640,1155,6.24325099721448,6.82179599056604,5.72518747624076,5.83222591362126,6.1062390625,6.31917103030303,121
"123",2014,4,5.71454545454545,11,6.5,5.54,5,4.33333333333333,6.2325,2,9,3,3,8,1806,850,956,304,643,1163,6.24003075304541,6.82103882352941,5.72344407949791,5.82401315789474,6.09796734059098,6.31857484092863,122
"124",2014,5,5.75,8,6.66666666666667,5.2,5,NA,5.75,3,5,2,0,8,1814,853,961,306,643,1171,6.23786964718853,6.8204958968347,5.72072064516129,5.81862745098039,6.09796734059098,6.31469046968403,123
"125",2014,6,6.25,6,6.5,6,7,6.75,6,3,3,1,2,4,1820,856,964,307,645,1175,6.23790963736264,6.8193726635514,5.72158977178424,5.82247557003257,6.09998914728682,6.31361918297872,124
"126",2014,7,7.1,5,8.75,6,4.5,5.25,8.33333333333333,2,3,1,2,3,1825,858,967,308,647,1178,6.24027152876712,6.82387296037296,5.7224535056877,5.81818181818182,6.09736166924266,6.31876276740238,125
"127",2014,8,6.525,4,7.3,5.75,5,5,7.03333333333333,2,2,1,1,3,1829,860,969,309,648,1181,6.2408942263532,6.82498023255814,5.72251036119711,5.81553398058252,6.09566820987654,6.32057793395428,126
"128",2014,9,6.5,7,7.25,5.5,6.5,NA,6.5,4,3,1,0,7,1836,864,972,310,648,1188,6.24188210239652,6.82694791666667,5.72182360082305,5.81774193548387,6.09566820987654,6.32163513468013,127
"129",2014,10,6.33333333333333,3,8,5.5,NA,8,5.5,1,2,0,1,2,1839,865,974,310,649,1190,6.24203128874388,6.82830404624278,5.72136811088296,5.81774193548387,6.09860246533128,6.32025423529412,128
"130",2014,11,5.68,8,NA,5.68,5.5,5.5,5.74,0,8,2,2,6,1847,865,982,312,651,1196,6.2395969355712,6.82830404624278,5.72103109979634,5.81570512820513,6.09676344086021,6.31734326086956,129
"131",2014,12,5.36666666666667,9,5.4,5.325,4.15,3.65,5.85714285714286,5,4,2,2,7,1856,870,986,314,653,1203,6.2353639762931,6.82009540229885,5.71942448275862,5.80509554140127,6.08926952526799,6.31466545303408,130
"132",2015,1,6,7,6.6,4.5,4,4,6.33333333333333,5,2,1,1,6,1863,875,988,315,654,1209,6.23447962426194,6.81883771428572,5.71695601214575,5.79936507936508,6.0860749235474,6.31475809760132,131
"133",2015,2,6.07142857142857,7,7,5.7,5.5,5.5,6.3,2,5,2,2,5,1870,877,993,317,656,1214,6.23386927272727,6.81925085518814,5.71687063444109,5.79747634069401,6.0842881097561,6.31469731466227,132
"134",2015,3,6,5,7,5.33333333333333,4,NA,6,2,3,1,0,5,1875,879,996,318,656,1219,6.23324562133333,6.81966211604096,5.71571540160643,5.79182389937107,6.0842881097561,6.31340651353568,133
"135",2015,4,6.07142857142857,7,7.83333333333333,4.75,5,6,6.125,3,4,2,3,4,1882,882,1000,320,659,1223,6.23264375132838,6.82310997732426,5.71185254,5.786875,6.08390440060698,6.31279030253475,134
"136",2015,5,5.16666666666667,12,8,4.90909090909091,5.25,4.25,5.625,1,11,4,4,8,1894,883,1011,324,663,1231,6.22588993664203,6.82444280860702,5.70311823936697,5.78024691358025,6.07284012066365,6.30832050365556,135
"137",2015,6,6.28181818181818,11,7.2,5.9375,6.83333333333333,7.16666666666667,5.95,3,8,3,3,8,1905,886,1019,327,666,1239,6.22621288188977,6.8257144469526,5.70495833169775,5.78990825688073,6.07776726726727,6.30600689265537,136
"138",2015,7,5.125,4,6,4.83333333333333,4.75,6,4.83333333333333,1,3,2,1,3,1909,887,1022,329,667,1242,6.22390546883185,6.82478354002255,5.70239974559687,5.78358662613982,6.07765067466267,6.30244971014493,137
"139",2015,8,4.975,4,6.9,4.33333333333333,4,4,5.95,1,3,2,2,2,1913,888,1025,331,669,1244,6.22129406168322,6.82486824324324,5.69839272195122,5.77280966767372,6.07143946188341,6.30188307073955,138
"140",2015,9,6.2,7,6.88,4.5,3,5.85,6.66666666666667,5,2,1,4,3,1920,893,1027,332,673,1247,6.22121642708333,6.82517693169093,5.69605894839338,5.7644578313253,6.07012332838039,6.30276065757819,139
"141",2015,10,6.2,5,6.66666666666667,5.5,NA,5,6.5,3,2,0,1,4,1925,896,1029,332,674,1251,6.22116131948052,6.82464620535714,5.69567788143829,5.7644578313253,6.06853560830861,6.30339131894484,140
"142",2015,11,6.5125,8,6.5,6.51666666666667,NA,NA,6.5125,2,6,0,0,8,1933,898,1035,332,674,1259,6.22236706673564,6.82392316258352,5.70043723671498,5.7644578313253,6.06853560830861,6.30472004765687,141
"143",2015,12,5.21428571428571,7,6,4.9,4,5.5,5,2,5,1,3,4,1940,900,1040,333,677,1263,6.21872965979382,6.82209222222222,5.69658898076923,5.75915915915916,6.06601624815362,6.30058791765637,142
"144",2016,1,5.7,10,5.75,5.6875,5.5,6.5,5.5,2,8,2,2,8,1950,902,1048,335,679,1271,6.21606950769231,6.81971507760532,5.69651959923664,5.75761194029851,6.06729455081001,6.29554881195909,143
"145",2016,2,6.65,6,7.1,5.75,6.5,5,6.98,4,2,1,1,5,1956,906,1050,336,680,1276,6.21740058282209,6.82095253863135,5.69662146666667,5.75982142857143,6.065725,6.298230830721,144
"146",2016,3,6,5,5,6.25,6,6.5,5.66666666666667,1,4,3,2,3,1961,907,1054,339,682,1279,6.21684627231005,6.81894487320838,5.69872157495257,5.76194690265487,6.06699853372434,6.29674944487881,145
"147",2016,4,5,2,NA,5,4,NA,5,0,2,1,0,2,1963,907,1056,340,682,1281,6.21560649006623,6.81894487320838,5.69739823863637,5.75676470588235,6.06699853372434,6.29472485558158,146
"148",2016,5,5.75,4,7,4.5,5,8,5,2,2,1,1,3,1967,909,1058,341,683,1284,6.21465965429588,6.81934323432343,5.69513472589792,5.75454545454546,6.06982869692533,6.29169979750779,147
"149",2016,6,6.64285714285714,7,7.1,5.5,5,7.5,6.3,5,2,1,2,5,1974,914,1060,342,685,1289,6.21617808510638,6.82087855579869,5.69476654716981,5.75233918128655,6.07400437956204,6.29173199379364,148
"150",2016,7,7.25,4,8,7,NA,NA,7.25,1,3,0,0,4,1978,915,1063,342,685,1293,6.21826872598584,6.82216721311475,5.69845017873942,5.75233918128655,6.07400437956204,6.29469647331787,149
"151",2016,8,5.42857142857143,7,6,5,NA,7,5.16666666666667,3,4,0,1,6,1985,918,1067,342,686,1299,6.21548389924433,6.81948039215686,5.69583180880975,5.75233918128655,6.07535422740525,6.28948617397999,150
"152",2016,9,5.25,4,5,5.33333333333333,5,5,5.5,1,3,1,2,2,1989,919,1070,343,688,1301,6.21354225238814,6.81750054406964,5.69481545794393,5.75014577259475,6.07222819767442,6.28827251345119,151
"153",2016,10,5.92857142857143,7,6.75,4.83333333333333,4,4.25,6.6,4,3,2,2,5,1996,923,1073,345,690,1306,6.21254285571142,6.81720801733478,5.69240684063374,5.74,6.06694637681159,6.28946595712098,152
"154",2016,11,6.7,10,7.3,6.1,5.5,6,7,5,5,2,3,7,2006,928,1078,347,693,1313,6.21497285144566,6.81980926724138,5.69429734693878,5.73861671469741,6.06665656565657,6.29325402894136,153
"155",2016,12,6.54255555555556,9,6.69757142857143,6,NA,6.864,6.45071428571429,7,2,0,2,7,2015,935,1080,347,695,1320,6.216436,6.81889411764706,5.69486346296297,5.73861671469741,6.06895107913669,6.29408904545455,154
"156",2017,1,7.05555555555556,9,6.8,7.375,7,7,7.07142857142857,5,4,1,2,7,2024,940,1084,348,697,1327,6.22016726284585,6.81879361702128,5.70106322878229,5.74224137931035,6.07162266857963,6.29818955538809,155
"157",2017,2,6.28571428571429,7,7,6,4,4,6.66666666666667,2,5,1,1,6,2031,942,1089,349,698,1333,6.22039317577548,6.81917834394905,5.70243575757576,5.73724928366762,6.0686547277937,6.29984811702926,156
"158",2017,3,6.14285714285714,7,6.25,6,NA,6,6.25,4,3,0,3,4,2038,946,1092,349,701,1337,6.22012685966634,6.81677167019027,5.70325324175825,5.73724928366762,6.06836091298146,6.29969898279731,157
"159",2017,4,5.92857142857143,7,6.75,5.6,5.33333333333333,6.33333333333333,5.625,2,5,3,3,4,2045,948,1097,352,704,1341,6.21912887041565,6.81663080168776,5.70278262534184,5.73380681818182,6.06949005681818,6.29768645786726,158
"160",2017,5,6.81666666666667,6,7.6,5.25,5.5,5.95,7.25,4,2,1,2,4,2051,952,1099,353,706,1345,6.22087690882496,6.81992226890756,5.70195863512284,5.73314447592068,6.06915155807365,6.30051861710037,159
"161",2017,6,6.8,5,7.25,6.5,NA,NA,6.8,2,3,0,0,5,2056,954,1102,353,706,1350,6.22228528210117,6.82082389937107,5.7041311615245,5.73314447592068,6.06915155807365,6.30236854814815,160
"162",2017,7,6.3,5,7.5,4.5,6,NA,6.3,3,2,1,0,5,2061,957,1104,354,706,1355,6.22247381853469,6.82295297805643,5.70194976449276,5.73389830508475,6.06915155807365,6.30235980811808,161
"163",2017,8,6.25,4,9,3.5,1,6.33333333333333,6,2,2,1,3,1,2065,959,1106,355,709,1356,6.22252713801453,6.82749322210636,5.69796793851718,5.72056338028169,6.07026939351199,6.30213682890856,162
"164",2017,9,6.825,10,7.54166666666667,5.75,5.75,6.16666666666667,7.10714285714286,6,4,2,3,7,2075,965,1110,357,712,1363,6.22543062168675,6.83193367875648,5.69815544144145,5.72072829131653,6.07067556179775,6.30627112252385,163
"165",2017,10,8,1,8,NA,NA,NA,8,1,0,0,0,1,2076,966,1110,357,712,1364,6.2262854238921,6.83314285714286,5.69815544144145,5.72072829131653,6.07067556179775,6.30751285923754,164
"166",2017,11,6.875,8,7.125,6.625,6.25,6.75,6.91666666666667,4,4,2,2,6,2084,970,1114,359,714,1370,6.22877569097889,6.83434639175258,5.70148342908438,5.72367688022284,6.07257843137255,6.31018068613139,165
"167",2017,12,6.78571428571429,7,8.5,6.1,5.66666666666667,5.5,7.3,2,5,3,2,5,2091,972,1119,362,716,1375,6.23064014347202,6.83777366255144,5.70326411081323,5.7232044198895,6.07097905027933,6.31378002909091,166
"168",2018,1,6,6,7,5.8,5,5.5,6.25,1,5,2,2,4,2097,973,1124,364,718,1379,6.22998022889843,6.83794039054471,5.70369443060499,5.71923076923077,6.06938857938719,6.31359502538071,167
"169",2018,2,6.5,4,6.5,NA,NA,6,6.66666666666667,4,0,0,1,3,2101,977,1124,364,719,1382,6.23049430747263,6.83655680655067,5.70369443060499,5.71923076923077,6.06929207232267,6.31436146164978,168
"170",2018,3,6.5,5,6.83333333333333,6,6,6,6.83333333333333,3,2,2,2,3,2106,980,1126,366,721,1385,6.23113415954416,6.83654693877551,5.70422072824157,5.7207650273224,6.06909986130374,6.31548558844765,169
"171",2018,4,7.2,5,7.66666666666667,6.5,6,7,7.25,3,2,1,1,4,2111,983,1128,367,722,1389,6.23342896257698,6.83908036622584,5.70563168439717,5.72152588555858,6.0703891966759,6.31817677465803,170
"172",2018,5,5.35,8,7,4.8,4,5,5.4,2,6,2,1,7,2119,985,1134,369,723,1396,6.23009369513922,6.83940710659898,5.70083998236332,5.71219512195122,6.06890871369295,6.31357273638968,171
"173",2018,6,7.08,7,7.212,6.75,7.5,8,6.92666666666667,5,2,1,1,6,2126,990,1136,370,724,1402,6.2328920696143,6.84128888888889,5.70268709507043,5.71702702702703,6.07157596685083,6.31619653352354,172
"174",2018,7,5.5,4,7,5,5,5,6,1,3,2,2,2,2130,991,1139,372,726,1404,6.23151574647887,6.84144904137235,5.70083629499561,5.71317204301075,6.06862396694215,6.31574611111111,173
"175",2018,8,5.625,4,5.5,5.75,6.5,8,4.83333333333333,2,2,1,1,3,2134,993,1141,373,727,1407,6.23037888472352,6.8387472306143,5.70092247151622,5.71528150134048,6.07128060522696,6.31258531627576,174
"176",2018,9,6.75,2,6.5,7,NA,6.5,7,1,1,0,1,1,2136,994,1142,373,728,1408,6.23086542134831,6.83840643863179,5.70206001751314,5.71528150134048,6.07186950549451,6.31307353693182,175
"177",2018,10,5.83333333333333,6,7,5.6,6,6,5.8,1,5,1,1,5,2142,995,1147,374,729,1413,6.22975188608777,6.83856884422111,5.70161511769835,5.71604278074866,6.07177091906722,6.311257990092,176
"178",2018,11,7,1,7,NA,NA,NA,7,1,0,0,0,1,2143,996,1147,374,729,1414,6.23011131124592,6.83873092369478,5.70161511769835,5.71604278074866,6.07177091906722,6.31174507779349,177
"179",2018,12,7,1,NA,7,NA,NA,7,0,1,0,0,1,2144,996,1148,374,729,1415,6.2304704011194,6.83873092369478,5.70274611498258,5.71604278074866,6.07177091906722,6.3122314770318,178
"180",2019,1,7.26666666666667,3,7.25,7.3,NA,7.65,6.5,2,1,0,2,1,2147,998,1149,374,731,1416,6.23191827666511,6.83955511022044,5.70413624020888,5.71604278074866,6.07608891928865,6.3123640819209,179
"181",2019,2,5.6,5,6.5,5,4,4,6.66666666666667,2,3,2,2,3,2152,1000,1152,376,733,1419,6.23045006505576,6.838876,5.70230255208334,5.70691489361702,6.07042428376535,6.31311313601128,180
"182",2019,3,5.3,5,6.75,4.33333333333333,4.33333333333333,6.75,4.33333333333333,2,3,3,2,3,2157,1002,1155,379,735,1422,6.2282932498841,6.83869860279441,5.69874678787879,5.69604221635884,6.07227346938776,6.30893638537271,181
"183",2019,4,6.5,3,6.75,6,NA,NA,6.5,2,1,0,0,3,2160,1004,1156,379,735,1425,6.22867062037037,6.8385219123506,5.69900738754326,5.69604221635884,6.07227346938776,6.3093386245614,182
"184",2019,5,5.5,5,7,5.125,4.25,NA,5.5,1,4,2,0,5,2165,1005,1160,381,735,1430,6.22698777829099,6.83868258706468,5.69702805172414,5.68845144356955,6.07227346938776,6.30650876923077,183
"185",2019,6,6.4,5,5.5,7,NA,NA,6.4,2,3,0,0,5,2170,1007,1163,381,735,1435,6.22738642396313,6.83602383316783,5.70038911435942,5.68845144356955,6.07227346938776,6.30683452264808,184
"186",2019,7,5.83333333333333,6,6.25,5,5,NA,5.83333333333333,4,2,2,0,6,2176,1011,1165,383,735,1441,6.2262998805147,6.83370524233432,5.69918672961374,5.68485639686684,6.07227346938776,6.30486297015961,185
"187",2019,8,5,3,5,5,NA,NA,5,2,1,0,0,3,2179,1013,1166,383,735,1444,6.22461153740248,6.83008489634748,5.69858708404803,5.68485639686684,6.07227346938776,6.30215203601108,186
"188",2019,9,5,2,6,4,4,4,6,1,1,1,1,1,2181,1014,1167,384,736,1445,6.22348855570839,6.82926627218935,5.6971315681234,5.68046875,6.06945788043478,6.30194293425606,187
"189",2019,10,5.725,4,5.96666666666667,5,NA,NA,5.725,3,1,0,0,4,2185,1017,1168,384,736,1449,6.22257599084668,6.82672173058014,5.69653470890411,5.68046875,6.06945788043478,6.30035026915114,188
"190",2019,11,6.92857142857143,7,7,6.9,6.25,6.5,7,2,5,2,1,6,2192,1019,1173,386,737,1455,6.22483053832117,6.82706182531894,5.70166456947997,5.68341968911917,6.0700420624152,6.30323542268041,189
"191",2019,12,6.5,2,NA,6.5,NA,NA,6.5,0,2,0,0,2,2194,1019,1175,386,737,1457,6.22508137648131,6.82706182531894,5.70302343829788,5.68341968911917,6.0700420624152,6.30350551818806,190
"192",2020,1,5.65625,8,4,5.89285714285714,5,5.41666666666667,5.8,1,7,2,3,5,2202,1020,1182,388,740,1462,6.22301477747502,6.82429019607843,5.70414766497462,5.6798969072165,6.06739324324324,6.30178354309165,191
"193",2020,2,5.64285714285714,7,6.375,4.66666666666667,3.5,NA,5.64285714285714,4,3,2,0,7,2209,1024,1185,390,740,1469,6.2211763422363,6.82253515625,5.70152113080169,5.66871794871795,6.06739324324324,6.29864366235534,192
"194",2020,3,6.5,2,6.5,NA,NA,8,5,2,0,0,1,1,2211,1026,1185,390,741,1470,6.22142855721393,6.82190643274854,5.70152113080169,5.66871794871795,6.07000134952767,6.29776023129252,193
"195",2020,4,6.5,4,7.5,5.5,6,NA,6.5,2,2,1,0,4,2215,1028,1187,391,741,1474,6.22193162076749,6.82322568093385,5.70118158382477,5.6695652173913,6.07000134952767,6.29830905020353,194
"196",2020,5,4,1,NA,4,NA,NA,4,0,1,0,0,1,2216,1028,1188,391,741,1475,6.22092894404332,6.82322568093385,5.69974961279462,5.6695652173913,6.07000134952767,6.29675087457627,195
"197",2020,6,6.75,4,6.75,NA,NA,2,8.33333333333333,4,0,0,1,3,2220,1032,1188,391,742,1478,6.22188222522522,6.82294186046512,5.69974961279462,5.6695652173913,6.06451617250674,6.30088466847091,196
"198",2020,7,7.125,4,7.33333333333333,6.5,NA,NA,7.125,3,1,0,0,4,2224,1035,1189,391,742,1482,6.22350653776978,6.82442125603865,5.70042265769555,5.6695652173913,6.06451617250674,6.30310900134953,197
"199",2020,8,6,2,6,6,6,NA,6,1,1,1,0,2,2226,1036,1190,392,742,1484,6.22330572327044,6.82362548262548,5.70067440336135,5.67040816326531,6.06451617250674,6.30270049865229,198
"200",2020,9,6.7,5,8,6.375,NA,7,6.5,1,4,0,2,3,2231,1037,1194,392,744,1487,6.2243740654415,6.82475988428158,5.70293345058627,5.67040816326531,6.06703091397849,6.30309854741089,199
"201",2020,10,6.5,4,7.5,5.5,NA,9,5.66666666666667,2,2,0,1,3,2235,1039,1196,392,745,1490,6.2248673557047,6.82605967276227,5.70259409698997,5.67040816326531,6.0709677852349,6.3018171409396,200
"202",2020,11,6.75,4,7,6.5,NA,7.5,6,2,2,0,2,2,2239,1041,1198,392,747,1492,6.22580551138901,6.82639385206532,5.70392532554257,5.67040816326531,6.07479384203481,6.30141256032172,201
"203",2020,12,6.16666666666667,6,6.75,5,6,6,6.2,4,2,1,1,5,2245,1045,1200,393,748,1497,6.22564745657015,6.8261014354067,5.70275211666667,5.67124681933842,6.07469385026738,6.30107384101536,202
"204",2021,1,7.5,2,10,5,NA,NA,7.5,1,1,0,0,2,2247,1046,1201,393,748,1499,6.22678172674677,6.82913575525813,5.70216697751874,5.67124681933842,6.07469385026738,6.30267347565043,203
"205",2021,2,6.83333333333333,3,7.5,5.5,5.5,7,6.75,2,1,1,1,2,2250,1048,1202,394,749,1501,6.22759046222222,6.83041603053435,5.70199878535774,5.67081218274112,6.07592923898531,6.30326951365756,204
"206",2021,3,5,4,5,5,5,5,5,1,3,1,1,3,2254,1049,1205,395,750,1504,6.22541195208518,6.82867111534795,5.70025107053942,5.66911392405063,6.07449466666667,6.30066990691489,205
"207",2021,4,4,2,NA,4,3,NA,4,0,2,1,0,2,2256,1049,1207,396,750,1506,6.22343906914893,6.82867111534795,5.69743375310688,5.66237373737374,6.07449466666667,6.29761456839309,206
"208",2021,5,5.78571428571429,7,6.375,5,NA,5.5,5.83333333333333,4,3,0,1,6,2263,1053,1210,396,751,1512,6.22208508174989,6.8269477682811,5.6957045785124,5.66237373737374,6.07372969374168,6.29577218253968,207
"209",2021,6,7,1,NA,7,NA,NA,7,0,1,0,0,1,2264,1053,1211,396,751,1513,6.22242868374558,6.8269477682811,5.69678161849711,5.66237373737374,6.07372969374168,6.29623763384005,208
"210",2021,7,6,3,6.5,5,5,7,5.5,2,1,1,1,2,2267,1055,1212,397,752,1515,6.22213433612704,6.82632796208531,5.69620671617162,5.66070528967254,6.07496143617021,6.2951864950495,209
"211",2021,8,6.45,4,5.6,9,NA,5.8,6.66666666666667,3,1,0,1,3,2271,1058,1213,397,753,1518,6.22253568472039,6.82285066162571,5.69893037098104,5.66070528967254,6.07459628154051,6.2959206455863,210
"212",2021,9,5,4,7,3,NA,2,6,2,2,0,1,3,2275,1060,1215,397,754,1521,6.22038617142857,6.82318490566038,5.6944876872428,5.66070528967254,6.06919230769231,6.2953369756739,211
"213",2021,10,5.5,1,NA,5.5,NA,5.5,NA,0,1,0,1,0,2276,1060,1216,397,755,1521,6.2200696572935,6.82318490566038,5.69432774671053,5.66070528967254,6.06843841059603,6.2953369756739,212
"214",2021,11,9,1,9,NA,NA,NA,9,1,0,0,0,1,2277,1061,1216,397,755,1522,6.22129053140096,6.82523656927427,5.69432774671053,5.66070528967254,6.06843841059603,6.29711402102497,213
"215",2021,12,5.5,2,5.5,NA,NA,5.5,NA,2,0,0,2,0,2279,1063,1216,397,757,1522,6.22065754278192,6.82274317968015,5.69432774671053,5.66070528967254,6.06693659180978,6.29711402102497,214
"216",2022,1,5.71428571428571,7,6.2,4.5,3,7,5.5,5,2,1,1,6,2286,1068,1218,398,758,1528,6.21910697287839,6.81982771535581,5.69236661740559,5.65402010050251,6.06816754617414,6.2939839921466,215
"217",2022,2,5.6,5,7,4.66666666666667,3.5,7,4.66666666666667,2,3,2,2,3,2291,1070,1221,400,760,1531,6.21775580096028,6.82016448598131,5.68984647010647,5.64325,6.07061973684211,6.29079525800131,216
"218",2022,3,6.25,2,7,5.5,NA,5.5,7,1,1,0,1,1,2293,1071,1222,400,761,1532,6.2177839249891,6.82033239962652,5.68969111292963,5.64325,6.06986990801577,6.29125818537859,217
"219",2022,4,6.5,4,7.33333333333333,4,NA,8,6,3,1,0,1,3,2297,1074,1223,400,762,1535,6.21827537657814,6.82176536312849,5.68830951757973,5.64325,6.07240288713911,6.29068895114006,218
"220",2022,5,4,1,NA,4,NA,NA,4,0,1,0,0,1,2298,1074,1224,400,762,1536,6.21731006962576,6.82176536312849,5.68693017973857,5.64325,6.07240288713911,6.2891976171875,219
"221",2022,6,8,1,NA,8,NA,NA,8,0,1,0,0,1,2299,1074,1225,400,762,1537,6.21808548934319,6.82176536312849,5.6888184,5.64325,6.07240288713911,6.29031069616135,220
"222",2022,7,7.66666666666667,3,7,8,NA,NA,7.66666666666667,1,2,0,0,3,2302,1075,1227,400,762,1540,6.21997330147697,6.8219311627907,5.69258560717197,5.64325,6.07240288713911,6.29299190909091,221
"223",2022,8,6.95,4,7.8,6.66666666666667,6.5,NA,6.95,1,3,2,0,4,2306,1076,1230,402,762,1544,6.22123960971379,6.82284014869889,5.69496141463415,5.64751243781095,6.07240288713911,6.29469400259067,222
"224",2022,9,7.16666666666667,6,NA,7.16666666666667,NA,NA,7.16666666666667,0,6,0,0,6,2312,1076,1236,402,762,1550,6.22369314013841,6.82284014869889,5.70210561488673,5.64751243781095,6.07240288713911,6.29806938064516,223
"225",2022,10,5,1,NA,5,5,NA,5,0,1,1,0,1,2313,1076,1237,403,762,1551,6.2231640899265,6.82284014869889,5.70153802748586,5.64590570719603,6.07240288713911,6.29723245647969,224
"226",2022,11,5.25,4,6,4.5,5,4,5.66666666666667,2,2,1,1,3,2317,1078,1239,404,763,1554,6.22148404833837,6.82131354359926,5.69959849878935,5.64430693069307,6.06968676277851,6.29601514800515,225
"227",2022,12,5.126665,2,NA,5.126665,5,NA,5.126665,0,2,1,0,2,2319,1078,1241,405,763,1556,6.22053983182406,6.82131354359926,5.69867515713135,5.64271604938272,6.06968676277851,6.29451212724936,226
