"","year","month","avg_rating","no_ratings","avg_rating_owned","avg_rating_not_owned","avg_rating_prev_owned","avg_rating_comment","avg_rating_no_comment","no_ratings_owned","no_ratings_not_owned","no_ratings_prev_owned","no_ratings_comment","no_ratings_no_comment","cum_no_ratings","cum_no_ratings_owned","cum_no_ratings_not_owned","cum_no_ratings_prev_owned","cum_no_ratings_comment","cum_no_ratings_no_comment","cum_avg_rating","cum_avg_rating_owned","cum_avg_rating_not_owned","cum_avg_rating_prev_owned","cum_avg_rating_comment","cum_avg_rating_no_comment","month_after_release"
"1",2001,6,6,1,6,NA,NA,NA,6,1,0,0,0,1,1,1,0,0,0,1,6,6,NA,NA,NA,6,1
"2",2001,10,10,1,10,NA,NA,NA,10,1,0,0,0,1,2,2,0,0,0,2,8,8,NA,NA,NA,8,5
"3",2001,11,7,3,7,NA,NA,8,6.5,3,0,0,1,2,5,5,0,0,1,4,7.4,7.4,NA,NA,8,7.25,6
"4",2002,3,7.5,3,7.5,NA,NA,NA,7.5,3,0,0,0,3,8,8,0,0,1,7,7.4375,7.4375,NA,NA,8,7.35714285714286,10
"5",2002,5,9,1,9,NA,NA,NA,9,1,0,0,0,1,9,9,0,0,1,8,7.61111111111111,7.61111111111111,NA,NA,8,7.5625,12
"6",2002,6,6.33333333333333,3,6.33333333333333,NA,NA,7,6,3,0,0,1,2,12,12,0,0,2,10,7.29166666666667,7.29166666666667,NA,NA,7.5,7.25,13
"7",2002,7,7,1,7,NA,NA,NA,7,1,0,0,0,1,13,13,0,0,2,11,7.26923076923077,7.26923076923077,NA,NA,7.5,7.22727272727273,14
"8",2002,9,8,1,8,NA,NA,NA,8,1,0,0,0,1,14,14,0,0,2,12,7.32142857142857,7.32142857142857,NA,NA,7.5,7.29166666666667,16
"9",2002,10,7.33333333333333,3,7.33333333333333,NA,NA,8,7,3,0,0,1,2,17,17,0,0,3,14,7.32352941176471,7.32352941176471,NA,NA,7.66666666666667,7.25,17
"10",2002,11,6.6,5,6.33333333333333,7,7,6.66666666666667,6.5,3,2,1,3,2,22,20,2,1,6,16,7.15909090909091,7.175,7,7,7.16666666666667,7.15625,18
"11",2003,1,6.8,5,6.75,7,NA,7,6.75,4,1,0,1,4,27,24,3,1,7,20,7.09259259259259,7.10416666666667,7,7,7.14285714285714,7.075,20
"12",2003,2,6.5,2,6.5,NA,NA,NA,6.5,2,0,0,0,2,29,26,3,1,7,22,7.05172413793103,7.05769230769231,7,7,7.14285714285714,7.02272727272727,21
"13",2003,3,7,3,7,NA,NA,7,7,3,0,0,1,2,32,29,3,1,8,24,7.046875,7.05172413793103,7,7,7.125,7.02083333333333,22
"14",2003,4,7.5,4,8,6,6,9,7,3,1,1,1,3,36,32,4,2,9,27,7.09722222222222,7.140625,6.75,6.5,7.33333333333333,7.01851851851852,23
"15",2003,5,7.66666666666667,3,7.5,8,NA,8,7.5,2,1,0,1,2,39,34,5,2,10,29,7.14102564102564,7.16176470588235,7,6.5,7.4,7.05172413793103,24
"16",2003,6,7.71428571428571,7,7.83333333333333,7,NA,9,7.5,6,1,0,1,6,46,40,6,2,11,35,7.22826086956522,7.2625,7,6.5,7.54545454545455,7.12857142857143,25
"17",2003,7,7.2,15,7.36363636363636,6.75,7,7.6,7,11,4,1,5,10,61,51,10,3,16,45,7.22131147540984,7.2843137254902,6.9,6.66666666666667,7.5625,7.1,26
"18",2003,8,7.11111111111111,9,8.5,6,8,6.5,7.28571428571429,4,5,1,2,7,70,55,15,4,18,52,7.20714285714286,7.37272727272727,6.6,7,7.44444444444444,7.125,27
"19",2003,9,7.9,5,8,7.5,NA,9.5,7.5,4,1,0,1,4,75,59,16,4,19,56,7.25333333333333,7.41525423728814,6.65625,7,7.55263157894737,7.15178571428571,28
"20",2003,10,7.66666666666667,3,7.66666666666667,NA,NA,NA,7.66666666666667,3,0,0,0,3,78,62,16,4,19,59,7.26923076923077,7.42741935483871,6.65625,7,7.55263157894737,7.17796610169492,29
"21",2003,11,6.75,6,6.9,6,6,6.5,6.875,5,1,1,2,4,84,67,17,5,21,63,7.23214285714286,7.38805970149254,6.61764705882353,6.8,7.45238095238095,7.15873015873016,30
"22",2003,12,7,6,7.4,5,NA,7.5,6.75,5,1,0,2,4,90,72,18,5,23,67,7.21666666666667,7.38888888888889,6.52777777777778,6.8,7.45652173913043,7.13432835820895,31
"23",2004,1,8,2,9,7,NA,NA,8,1,1,0,0,2,92,73,19,5,23,69,7.23369565217391,7.41095890410959,6.55263157894737,6.8,7.45652173913043,7.15942028985507,32
"24",2004,2,6.75,4,6.75,NA,NA,NA,6.75,4,0,0,0,4,96,77,19,5,23,73,7.21354166666667,7.37662337662338,6.55263157894737,6.8,7.45652173913043,7.13698630136986,33
"25",2004,3,7.55,10,7.55,NA,NA,8,7.4375,10,0,0,2,8,106,87,19,5,25,81,7.24528301886792,7.39655172413793,6.55263157894737,6.8,7.5,7.16666666666667,34
"26",2004,4,6.95,10,7,6.83333333333333,NA,6.3,7.6,7,3,0,5,5,116,94,22,5,30,86,7.2198275862069,7.36702127659574,6.59090909090909,6.8,7.3,7.19186046511628,35
"27",2004,5,7.0625,8,7.25,6.5,NA,6.875,7.25,6,2,0,4,4,124,100,24,5,34,90,7.20967741935484,7.36,6.58333333333333,6.8,7.25,7.19444444444444,36
"28",2004,6,7,11,7.35714285714286,6.375,NA,7.5,6.71428571428571,7,4,0,4,7,135,107,28,5,38,97,7.19259259259259,7.35981308411215,6.55357142857143,6.8,7.27631578947368,7.15979381443299,37
"29",2004,7,7.625,12,7.625,NA,NA,7.58333333333333,7.66666666666667,12,0,0,6,6,147,119,28,5,44,103,7.22789115646258,7.38655462184874,6.55357142857143,6.8,7.31818181818182,7.18932038834951,38
"30",2004,8,7.5,9,7.57142857142857,7.25,NA,8.5,7,7,2,0,3,6,156,126,30,5,47,109,7.24358974358974,7.3968253968254,6.6,6.8,7.3936170212766,7.17889908256881,39
"31",2004,9,6.69230769230769,13,7.33333333333333,5.25,NA,7.41666666666667,6.07142857142857,9,4,0,6,7,169,135,34,5,53,116,7.20118343195266,7.39259259259259,6.44117647058824,6.8,7.39622641509434,7.11206896551724,40
"32",2004,10,7,9,7.16666666666667,6.66666666666667,7,7.2,6.75,6,3,1,5,4,178,141,37,6,58,120,7.19101123595506,7.38297872340426,6.45945945945946,6.83333333333333,7.37931034482759,7.1,41
"33",2004,11,7.41666666666667,6,7.41666666666667,NA,NA,8.5,7.2,6,0,0,1,5,184,147,37,6,59,125,7.19836956521739,7.3843537414966,6.45945945945946,6.83333333333333,7.39830508474576,7.104,42
"34",2004,12,6.63636363636364,11,6.77777777777778,6,NA,6,6.77777777777778,9,2,0,2,9,195,156,39,6,61,134,7.16666666666667,7.34935897435897,6.43589743589744,6.83333333333333,7.35245901639344,7.08208955223881,43
"35",2005,1,7.46428571428571,14,7.375,8,7,6.5,7.625,12,2,1,2,12,209,168,41,7,63,146,7.1866028708134,7.35119047619048,6.51219512195122,6.85714285714286,7.32539682539683,7.12671232876712,44
"36",2005,2,7.16923076923077,13,7.37,6.5,NA,7.53333333333333,6.85714285714286,10,3,0,6,7,222,178,44,7,69,153,7.18558558558559,7.35224719101124,6.51136363636364,6.85714285714286,7.34347826086957,7.11437908496732,45
"37",2005,3,7.16666666666667,6,7.33333333333333,7,7,7,7.5,3,3,1,4,2,228,181,47,8,73,155,7.18508771929825,7.35193370165746,6.54255319148936,6.875,7.32465753424658,7.11935483870968,46
"38",2005,4,6.95833333333333,12,7.5,6.2,8,7,6.95,7,5,1,2,10,240,188,52,9,75,165,7.17375,7.35744680851064,6.50961538461539,7,7.316,7.10909090909091,47
"39",2005,5,7.98,10,7.76,8.2,8,7.5,8.3,5,5,1,4,6,250,193,57,10,79,171,7.206,7.36787564766839,6.65789473684211,7.1,7.3253164556962,7.15087719298246,48
"40",2005,6,7.6,5,7.5,8,NA,7,7.75,4,1,0,1,4,255,197,58,10,80,175,7.21372549019608,7.37055837563452,6.68103448275862,7.1,7.32125,7.16457142857143,49
"41",2005,7,7.18181818181818,11,7.16666666666667,7.2,NA,7.2,7.16666666666667,6,5,0,5,6,266,203,63,10,85,181,7.21240601503759,7.36453201970443,6.72222222222222,7.1,7.31411764705882,7.1646408839779,50
"42",2005,8,6.58823529411765,17,6.9,6.14285714285714,6.33333333333333,7,6.3,10,7,3,7,10,283,213,70,13,92,191,7.17491166077739,7.34272300469484,6.66428571428571,6.92307692307692,7.29021739130435,7.11937172774869,51
"43",2005,9,7.1,10,6.91666666666667,7.375,8,6.75,7.1875,6,4,1,2,8,293,219,74,14,94,199,7.17235494880546,7.3310502283105,6.7027027027027,7,7.27872340425532,7.12211055276382,52
"44",2005,10,7.1,10,7.14285714285714,7,8,7.25,6.5,7,3,2,8,2,303,226,77,16,102,201,7.16996699669967,7.32522123893805,6.71428571428571,7.125,7.27647058823529,7.11592039800995,53
"45",2005,11,7.41176470588235,17,7.65,7.07142857142857,7.5,7.875,7,10,7,2,8,9,320,236,84,18,110,210,7.1828125,7.33898305084746,6.74404761904762,7.16666666666667,7.32,7.11095238095238,54
"46",2005,12,7.17857142857143,14,7.31818181818182,6.66666666666667,5,6.91666666666667,7.375,11,3,1,6,8,334,247,87,19,116,218,7.18263473053892,7.33805668016194,6.74137931034483,7.05263157894737,7.29913793103448,7.12064220183486,55
"47",2006,1,7.54666666666667,15,7.66923076923077,6.75,8,6.96666666666667,7.93333333333333,13,2,1,6,9,349,260,89,20,122,227,7.19828080229226,7.35461538461538,6.74157303370786,7.1,7.2827868852459,7.15286343612335,56
"48",2006,2,7.33333333333333,6,8,6.66666666666667,6,7.66666666666667,7,3,3,1,3,3,355,263,92,21,125,230,7.20056338028169,7.36197718631179,6.73913043478261,7.04761904761905,7.292,7.15086956521739,57
"49",2006,3,7.4,12,7.52727272727273,6,NA,7.7875,6.625,11,1,0,8,4,367,274,93,21,133,234,7.20708446866485,7.36861313868613,6.73118279569892,7.04761904761905,7.3218045112782,7.14188034188034,58
"50",2006,4,7.07,10,7.45,6.5,6,7.5,6.425,6,4,1,6,4,377,280,97,22,139,238,7.20344827586207,7.37035714285714,6.72164948453608,7,7.3294964028777,7.12983193277311,59
"51",2006,5,7.67857142857143,7,7.67857142857143,NA,NA,NA,7.67857142857143,7,0,0,0,7,384,287,97,22,139,245,7.212109375,7.37787456445993,6.72164948453608,7,7.3294964028777,7.14551020408163,60
"52",2006,6,7.2,5,7.2,NA,NA,NA,7.2,5,0,0,0,5,389,292,97,22,139,250,7.21195372750643,7.37482876712329,6.72164948453608,7,7.3294964028777,7.1466,61
"53",2006,7,7.14705882352941,17,7.34285714285714,6.23333333333333,NA,8.125,6.84615384615385,14,3,0,4,13,406,306,100,22,143,263,7.20923645320197,7.3733660130719,6.707,7,7.35174825174825,7.13174904942966,62
"54",2006,8,7.35714285714286,14,7.27777777777778,7.5,8.5,8.16666666666667,7.13636363636364,9,5,1,3,11,420,315,105,23,146,274,7.21416666666667,7.37063492063492,6.7447619047619,7.06521739130435,7.36849315068493,7.13193430656934,63
"55",2006,9,7.54166666666667,12,7.45454545454545,8.5,NA,7.5,7.55555555555556,11,1,0,3,9,432,326,106,23,149,283,7.22326388888889,7.37346625766871,6.76132075471698,7.06521739130435,7.37114093959732,7.14540636042403,64
"56",2006,10,6.5,11,8.3,5,6.5,5.66666666666667,6.8125,5,6,2,3,8,443,331,112,25,152,291,7.20530474040632,7.38746223564955,6.66696428571429,7.02,7.3375,7.13625429553265,65
"57",2006,11,7.53333333333333,15,7.64285714285714,6,NA,7.4,7.6,14,1,0,5,10,458,345,113,25,157,301,7.2160480349345,7.39782608695652,6.66106194690266,7.02,7.33949044585987,7.15166112956811,66
"58",2006,12,7.01785714285714,28,7.01190476190476,7.03571428571429,7.625,7.96875,6.6375,21,7,2,8,20,486,366,120,27,165,321,7.20462962962963,7.37568306010929,6.68291666666667,7.06481481481481,7.37,7.1196261682243,67
"59",2007,1,7.18421052631579,19,7.79166666666667,6.14285714285714,NA,6.58333333333333,7.46153846153846,12,7,0,6,13,505,378,127,27,171,334,7.20386138613861,7.38888888888889,6.65314960629921,7.06481481481481,7.34239766081871,7.13293413173653,68
"60",2007,2,7.020995,14,7.5,6.38232166666667,NA,7.6,6.69932555555556,8,6,0,5,9,519,386,133,27,176,343,7.19892857418112,7.39119170984456,6.64093180451128,7.06481481481481,7.34971590909091,7.12155664723032,69
"61",2007,3,7.02631578947368,19,7.15625,6.33333333333333,6.5,6.94444444444444,7.1,16,3,2,9,10,538,402,136,29,185,353,7.19283258364312,7.3818407960199,6.63414654411765,7.02586206896552,7.33,7.12094597733711,70
"62",2007,4,7.70555555555556,18,7.74705882352941,7,NA,8.02857142857143,7.5,17,1,0,7,11,556,419,137,29,192,364,7.20943152877698,7.39665871121718,6.63681700729927,7.02586206896552,7.35546875,7.13240090659341,71
"63",2007,5,7.15217391304348,23,7.55333333333333,6.4,7.1,7.2,7.13888888888889,15,8,2,5,18,579,434,145,31,197,382,7.20715704663212,7.40207373271889,6.62375124137931,7.03064516129032,7.35152284263959,7.13270662303665,72
"64",2007,6,7.2,15,7.42857142857143,4,NA,7.25,7.18181818181818,14,1,0,4,11,594,448,146,31,201,393,7.20697631313131,7.40290178571429,6.60578034246575,7.03064516129032,7.34950248756219,7.13408124681934,73
"65",2007,7,7.5,23,7.53571428571429,7.44444444444444,6.5,6.66666666666667,7.625,14,9,2,3,20,617,462,155,33,204,413,7.21789940032415,7.40692640692641,6.65447696774194,6.99848484848485,7.33946078431373,7.15785455205811,74
"66",2007,8,7.75833333333333,24,8.03888888888889,6.91666666666667,7,8.07,7.53571428571429,18,6,1,10,14,641,480,161,34,214,427,7.23813405616225,7.430625,6.66424801242236,6.99852941176471,7.37359813084112,7.17024339578454,75
"67",2007,9,6.87857142857143,14,6.92222222222222,6.8,5.5,NA,6.87857142857143,9,5,2,0,14,655,489,166,36,214,441,7.2304487480916,7.42126789366053,6.66833692771084,6.91527777777778,7.37359813084112,7.16098396825397,76
"68",2007,10,7.35913043478261,23,7.57142857142857,7.02888888888889,7,7.0325,7.53333333333333,14,9,2,8,15,678,503,175,38,222,456,7.2348140560472,7.42544731610338,6.6868796,6.91973684210526,7.36130630630631,7.17323230263158,77
"69",2007,11,6.42,25,7.31818181818182,5.71428571428571,7.66666666666667,7.5,6.21428571428571,11,14,3,4,21,703,514,189,41,226,477,7.20583773826458,7.42315175097276,6.61483560846561,6.97439024390244,7.3637610619469,7.13101452830189,78
"70",2007,12,6.88888888888889,18,7.4,6.69230769230769,6.5,6.6,7,5,13,3,5,13,721,519,202,44,231,490,7.19792500693481,7.42292870905588,6.61982143564356,6.94204545454545,7.34722943722944,7.12753863265306,79
"71",2008,1,7.23928571428571,28,7.34090909090909,6.86666666666667,NA,7.45454545454545,7.1,22,6,0,11,17,749,541,208,44,242,507,7.19947120160214,7.41959334565619,6.62694197115385,6.94204545454545,7.35210743801653,7.12661524654832,80
"72",2008,2,7.19047619047619,21,7.17857142857143,7.21428571428571,7,7.11111111111111,7.25,14,7,2,9,12,770,555,215,46,251,519,7.19922588311688,7.41351351351351,6.64606479069768,6.9445652173913,7.34346613545817,7.12946807321773,81
"73",2008,3,6.29230769230769,13,6.64444444444444,5.5,6.5,7.075,5.94444444444444,9,4,2,4,9,783,564,219,48,255,528,7.18416849297573,7.40124113475177,6.62513210045662,6.92604166666667,7.33925490196078,7.10926880681818,82
"74",2008,4,7.0125,20,7.109375,6.625,6.25,6.21428571428571,7.44230769230769,16,4,2,7,13,803,580,223,50,262,541,7.17989281444583,7.39318965517241,6.6251297309417,6.899,7.30919847328244,7.1172715896488,83
"75",2008,5,6.9,18,7.68333333333333,5.33333333333333,6,6.71428571428571,7.01818181818182,12,6,2,7,11,821,592,229,52,269,552,7.17375630937881,7.39907094594595,6.5912835371179,6.86442307692308,7.29371747211896,7.11529697463768,84
"76",2008,6,7.37333333333333,15,7.8875,6.78571428571429,6.75,6.8,7.66,8,7,2,5,10,836,600,236,54,274,562,7.1773372368421,7.40558333333333,6.59705055084746,6.86018518518518,7.28470802919708,7.12498919928825,85
"77",2008,7,7.08857142857143,35,7.23461538461538,6.66666666666667,6.2,7.12857142857143,7.06190476190476,26,9,5,14,21,871,626,245,59,288,583,7.17377029850746,7.39848242811502,6.59960787755102,6.80423728813559,7.27711805555556,7.12271686106346,86
"78",2008,8,6.77391304347826,23,7.40769230769231,5.95,5.625,5.75,7.32,13,10,4,8,15,894,639,255,63,296,598,7.16348314317673,7.39866979655712,6.57413305882353,6.72936507936508,7.23584459459459,7.12766543478261,87
"79",2008,9,7.3,10,7.3,7.3,6.75,8.5,7,5,5,2,2,8,904,644,260,65,298,606,7.16499328539823,7.39790372670808,6.58809203846154,6.73,7.2443288590604,7.12598008250825,88
"80",2008,10,7.1875,16,7.45454545454545,6.6,7.33333333333333,8.125,6.875,11,5,3,4,12,920,655,265,68,302,618,7.16538470652174,7.39885496183206,6.58831671698113,6.75661764705882,7.25599337748344,7.12110668284789,89
"81",2008,11,6.95,24,7.33076923076923,6.5,6.125,6.88333333333333,6.97222222222222,13,11,4,6,18,944,668,276,72,308,636,7.15990882415254,7.39752994011976,6.58479684782609,6.72152777777778,7.24873376623377,7.11689297169811,90
"82",2008,12,7.37272727272727,11,7.31,8,NA,7.525,7.28571428571429,10,1,0,4,7,955,678,277,72,312,643,7.16236013612566,7.3962389380531,6.58990588447653,6.72152777777778,7.25227564102564,7.11873083981337,91
"83",2009,1,7.24,20,7.46,6.58,NA,7.25,7.23888888888889,15,5,0,2,18,975,693,282,72,314,661,7.16395274871795,7.39761904761905,6.58973024822695,6.72152777777778,7.25226114649682,7.12200291981846,92
"84",2009,2,7.10909090909091,44,7.36206896551724,6.62,6.2,6.54285714285714,7.21621621621622,29,15,4,7,37,1019,722,297,76,321,698,7.16158383709519,7.39619113573407,6.59125902356902,6.69407894736842,7.23679127725857,7.12699703438395,93
"85",2009,3,7.07105263157895,38,7.36,6.51538461538462,6,7.19230769230769,7.008,25,13,5,13,25,1057,747,310,81,334,723,7.15832916745506,7.39497991967872,6.58807719354839,6.65123456790123,7.23505988023952,7.12288233748271,94
"86",2009,4,6.66206896551724,58,7.2,6.25454545454545,6.175,7.27777777777778,6.54897959183673,25,33,8,9,49,1115,772,343,89,343,772,7.13251473542601,7.38866580310881,6.55598813411079,6.60842696629213,7.23618075801749,7.08645586787565,95
"87",2009,5,6.65,26,7.1,6.2,7,7.45,6.50454545454545,13,13,1,4,22,1141,785,356,90,347,794,7.12151965819457,7.38388535031847,6.54298856741573,6.61277777777778,7.23864553314121,7.07033240554156,96
"88",2009,6,7.13846153846154,26,7.35263157894737,6.55714285714286,6.38,6.8,7.21904761904762,19,7,5,5,21,1167,804,363,95,352,815,7.12189711225364,7.38314676616916,6.54326151515152,6.60052631578947,7.23241477272727,7.07416433128834,97
"89",2009,7,7.14423076923077,26,7.484375,6.6,7.4,8.1875,6.95454545454545,16,10,5,4,22,1193,820,373,100,356,837,7.12238384744342,7.38512195121951,6.5447826541555,6.6405,7.24314606741573,7.07102022700119,98
"90",2009,8,6.9112,25,7.21384615384615,6.58333333333333,7,6.75,6.94190476190476,13,12,5,4,21,1218,833,385,105,360,858,7.11804920361248,7.38244897959184,6.54598423376623,6.65761904761905,7.23766666666667,7.06786005827506,99
"91",2009,9,6.89047619047619,21,7.14166666666667,6.55555555555556,6,6.75,6.92352941176471,12,9,3,4,17,1239,845,394,108,364,875,7.11419203389831,7.37902958579882,6.5462028680203,6.63935185185185,7.23230769230769,7.06505592,100
"92",2009,10,7.47368421052632,19,7.625,7.21428571428571,6,7.3,7.53571428571429,12,7,2,5,14,1258,857,401,110,369,889,7.11962156597774,7.38247374562427,6.55786516209476,6.62772727272727,7.23322493224932,7.07246786276715,101
"93",2009,11,6.56451612903226,31,6.75,6.44736842105263,6.75,6.625,6.55555555555556,12,19,6,4,27,1289,869,420,116,373,916,7.10627147401086,7.37373993095512,6.5528665,6.63405172413793,7.22670241286863,7.05723136462882,102
"94",2009,12,6.784375,32,7.41666666666667,6.405,6.16666666666667,6.71428571428571,6.804,12,20,6,7,25,1321,881,440,122,380,941,7.09847383043149,7.37432463110102,6.54614529545455,6.61106557377049,7.21726315789474,7.05050364505845,103
"95",2010,1,6.44871794871795,39,7.02631578947368,5.9,5.4375,6.18181818181818,6.55357142857143,19,20,8,11,28,1360,900,460,130,391,969,7.079841125,7.36697777777778,6.51805202173913,6.53884615384615,7.18813299232737,7.03614440660475,104
"96",2010,2,7.15,22,7.37058823529412,6.4,6,7,7.20625,17,5,1,6,16,1382,917,465,131,397,985,7.08095798118669,7.36704471101418,6.51678264516129,6.53473282442748,7.18528967254408,7.03890754314721,105
"97",2010,3,6.85769230769231,26,7,6.66363636363636,7,7,6.79444444444444,15,11,1,8,18,1408,932,476,132,405,1003,7.07683517755682,7.3611373390558,6.52017632352941,6.53825757575758,7.18162962962963,7.03452036889332,106
"98",2010,4,7.1304347826087,23,7.36666666666667,6.6875,6.66666666666667,6.875,7.18421052631579,15,8,3,4,19,1431,947,484,135,409,1022,7.07769666666667,7.36122492080254,6.52294200413223,6.54111111111111,7.17863080684597,7.03730325831703,107
"99",2010,5,7.5,19,7.7,6.75,NA,7.72222222222222,7.3,15,4,0,9,10,1450,962,488,135,418,1032,7.08323029655172,7.36650727650728,6.5248031352459,6.54111111111111,7.19033492822967,7.03984876937984,108
"100",2010,6,7.175,20,7.23076923076923,7.07142857142857,5.5,8,7.08333333333333,13,7,2,2,18,1470,975,495,137,420,1050,7.08447886394558,7.36469743589744,6.53253319191919,6.52591240875912,7.19419047619048,7.04059421904762,109
"101",2010,7,6.94375,24,7.06,6.75,6.95,8,6.89782608695652,15,9,5,1,23,1494,990,504,142,421,1073,7.08221815930388,7.36008080808081,6.53641652777778,6.54084507042253,7.19610451306413,7.03753395153774,110
"102",2010,8,7.06315789473684,19,7.22,6.88888888888889,6.5,7.25,7.04117647058824,10,9,2,2,17,1513,1000,513,144,423,1090,7.08197880370126,7.35868,6.54260025341131,6.54027777777778,7.19635933806147,7.03759076146789,111
"103",2010,9,6.35,15,7.28125,5.28571428571429,5,7,6.11363636363636,8,7,1,4,11,1528,1008,520,145,427,1101,7.07479314790576,7.35806547619048,6.52568063461538,6.52965517241379,7.19451990632319,7.02835960944596,112
"104",2010,10,6.98529411764706,17,7.20454545454545,6.58333333333333,5.5,6.45,7.20833333333333,11,6,2,5,12,1545,1019,526,147,432,1113,7.07380836893204,7.35640824337586,6.52633826996198,6.5156462585034,7.18590277777778,7.03030002695418,113
"105",2010,11,6.73478260869565,23,6.83333333333333,6.67142857142857,6.5,6.83333333333333,6.72,9,14,6,3,20,1568,1028,540,153,435,1133,7.06883541454082,7.35182879377432,6.53009987037037,6.51503267973856,7.18347126436782,7.02482253309797,114
"106",2010,12,6.87916666666667,24,7.24,6.27777777777778,6,7.6,6.63888888888889,15,9,3,6,18,1592,1043,549,156,441,1151,7.06597608668342,7.3502205177373,6.52596344262295,6.50512820512821,7.18913832199547,7.0187870807993,115
"107",2011,1,7,27,7.28571428571429,6.69230769230769,5.66666666666667,6,7.03846153846154,14,13,3,1,26,1619,1057,562,159,442,1177,7.06487580605312,7.34936613055818,6.5298112633452,6.48930817610063,7.18644796380091,7.01922169073917,116
"108",2011,2,6.43452380952381,21,6.8125,6.09090909090909,6.25,6.04166666666667,6.5,10,11,4,3,18,1640,1067,573,163,445,1195,7.05680422560976,7.34433458294283,6.52138556719023,6.48343558282209,7.17873033707865,7.01140077824268,117
"109",2011,3,6.60294117647059,17,7.3125,5.97222222222222,6,7.125,6.44230769230769,8,9,2,4,13,1657,1075,582,165,449,1208,7.05214781532891,7.34409767441861,6.51289335051546,6.47757575757576,7.17825167037862,7.0052764321192,118
"110",2011,4,6.375,8,7.25,6.08333333333333,5.75,6.5,6.35714285714286,2,6,2,1,7,1665,1077,588,167,450,1215,7.04889425225225,7.34392293407614,6.50851008503401,6.4688622754491,7.17674444444445,7.0015423292181,119
"111",2011,5,7.392,15,7.39818181818182,7.375,NA,6.25,7.56769230769231,11,4,0,2,13,1680,1088,592,167,452,1228,7.05195769642857,7.34447150735294,6.51436474662162,6.4688622754491,7.17264380530974,7.00753577361563,120
"112",2011,6,6.93333333333333,15,7.21428571428571,6.6875,6,7.25,6.81818181818182,7,8,2,4,11,1695,1095,600,169,456,1239,7.05090792330383,7.34363926940639,6.51667321666667,6.46331360946746,7.17332236842105,7.00585466505246,121
"113",2011,7,7.22222222222222,18,7.375,6.91666666666667,NA,7.4,7.15384615384615,12,6,0,5,13,1713,1107,606,169,461,1252,7.05270807355517,7.34397922312557,6.52063354785479,6.46331360946746,7.17578091106291,7.00739131789137,122
"114",2011,8,6.73333333333333,15,7.64285714285714,5.9375,5.83333333333333,7,6.71428571428571,7,8,3,1,14,1728,1114,614,172,462,1266,7.04993572337963,7.34585727109515,6.51303571661238,6.45232558139535,7.17540043290043,7.00415002369668,123
"115",2011,9,7.26666666666667,15,7.78,6.24,6.73333333333333,8,7.15384615384615,10,5,3,2,13,1743,1124,619,175,464,1279,7.0518008777969,7.34971975088968,6.51083025848142,6.45714285714286,7.17895474137931,7.00567156372166,124
"116",2011,10,7.15,20,7.5,6.1,5.33333333333333,7.375,7.09375,15,5,3,4,16,1763,1139,624,178,468,1295,7.05291487804878,7.35169885864794,6.50753834935897,6.43820224719101,7.18063034188034,7.00675979150579,125
"117",2011,11,6.8304125,24,7.6209,6.16153846153846,6.8,6.31666666666667,7.00166111111111,11,13,3,6,18,1787,1150,637,181,474,1313,7.04992659764969,7.35427382608696,6.50047712715856,6.44419889502762,7.16969409282701,7.00668989337395,126
"118",2011,12,7.06,25,7.1875,6.83333333333333,5.75,6.9375,7.11764705882353,16,9,2,8,17,1812,1166,646,183,482,1330,7.0500655794702,7.35198533447685,6.50511444272446,6.43661202185792,7.16584024896266,7.00810814285714,127
"119",2012,1,7.10178571428571,28,7.59615384615385,6.67333333333333,6.5,7.25,7.09038461538462,13,15,2,2,26,1840,1179,661,185,484,1356,7.050852625,7.3546776081425,6.50893181543117,6.4372972972973,7.16618801652893,7.00968571533923,128
"120",2012,2,6.965,20,7.64444444444444,6.40909090909091,6.25,6.25,7.04444444444444,9,11,2,2,18,1860,1188,672,187,486,1374,7.04992947849462,7.35687281144781,6.50729751488095,6.43529411764706,7.16241769547325,7.01014106986899,129
"121",2012,3,6.98823529411765,17,6.91818181818182,7.11666666666667,8,NA,6.98823529411765,11,6,1,0,17,1877,1199,678,188,486,1391,7.04937071390517,7.3528481234362,6.51269016224189,6.4436170212766,7.16241769547325,7.00987335010783,130
"122",2012,4,6.45833333333333,12,7.57142857142857,4.9,6,6.5,6.4375,7,5,1,4,8,1889,1206,683,189,490,1399,7.04561610905241,7.35411683250415,6.50088423133236,6.44126984126984,7.15701020408163,7.0066003073624,131
"123",2012,5,7.54,10,7.56666666666667,7.5,NA,NA,7.54,6,4,0,0,10,1899,1212,687,189,490,1409,7.0482194997367,7.35516905940594,6.5067014992722,6.44126984126984,7.15701020408163,7.01038596877218,132
"124",2012,6,6.65384615384615,13,7.125,5.9,6.5,6,6.94444444444444,8,5,1,4,9,1912,1220,692,190,494,1418,7.04553809100418,7.35365975409836,6.50231781791908,6.44157894736842,7.14764170040486,7.00996744005641,133
"125",2012,7,6.89842105263158,19,6.88888888888889,6.907,7.33333333333333,6.9,6.89785714285714,9,10,3,5,14,1931,1229,702,193,499,1432,7.04409053858105,7.35025622457282,6.50808252136752,6.45544041450777,7.14516032064128,7.0088713896648,134
"126",2012,8,7.08461538461538,13,7.82,6.625,6,7.3,6.83333333333333,5,8,1,7,6,1944,1234,710,194,506,1438,7.04436153806584,7.3521595623987,6.50939990140845,6.45309278350515,7.1473023715415,7.00813896383866,135
"127",2012,9,6.925,20,7.5,6.0625,6.5,7.375,6.8125,12,8,2,4,16,1964,1246,718,196,510,1454,7.04314604378819,7.35358338683788,6.50442051532033,6.45357142857143,7.14908823529412,7.00598612792297,136
"128",2012,10,6.63636363636364,11,6.8,6.5,5,6,6.875,5,6,1,3,8,1975,1251,724,197,513,1462,7.04088042025316,7.35137082334133,6.50438388121547,6.44619289340102,7.14236842105263,7.00526937756498,137
"129",2012,11,7.02857142857143,14,7.26666666666667,6.6,9,NA,7.02857142857143,9,5,1,0,14,1989,1260,729,198,513,1476,7.04079378079437,7.35076579365079,6.50503968449931,6.45909090909091,7.14236842105263,7.00549039972899,138
"130",2012,12,6.95333333333333,15,7.36666666666667,6.33333333333333,5,8,6.69166666666667,9,6,2,3,12,2004,1269,735,200,516,1488,7.04013913672655,7.35087856579984,6.503638,6.4445,7.14735465116279,7.00295956317204,139
"131",2013,1,6.572,25,7.07692307692308,6.025,6,7.2,6.415,13,12,1,5,20,2029,1282,747,201,521,1508,7.03437103499261,7.34810054602184,6.49594903614458,6.44228855721393,7.14785988483685,6.99516169098143,140
"132",2013,2,6.60666666666667,15,7.3875,5.71428571428571,6.5,8,6.39230769230769,8,7,1,2,13,2044,1290,754,202,523,1521,7.03123230430528,7.34834488372093,6.48869221485411,6.44257425742574,7.15111854684513,6.99000909270217,141
"133",2013,3,6.375,12,6.58333333333333,6.16666666666667,4.5,5,6.5,6,6,2,1,11,2056,1296,760,204,524,1532,7.02740215466926,7.34480316358025,6.48614990789474,6.42352941176471,7.14701335877863,6.98649075065274,142
"134",2013,4,7.25,8,7.5,7,7.3,NA,7.25,4,4,1,0,8,2064,1300,764,205,524,1540,7.0282649370155,7.34528069230769,6.48884022251309,6.42780487804878,7.14701335877863,6.98785962987013,143
"135",2013,5,6.59090909090909,11,7,6.1,7.25,7,6.4375,6,5,2,3,8,2075,1306,769,207,527,1548,7.02594642409638,7.34369441041348,6.48631200260078,6.43574879227053,7.14617647058824,6.98501539405684,144
"136",2013,6,6.89117647058824,17,6.92916666666667,6.8,6.33333333333333,7.25,6.84333333333333,12,5,3,2,15,2092,1318,774,210,529,1563,7.02485125717017,7.33992025796662,6.48833841085271,6.43428571428571,7.14656899810964,6.98365568138195,145
"137",2013,7,6.78,10,6.5,6.96666666666667,6.5,6.5,6.85,4,6,3,2,8,2102,1322,780,213,531,1571,7.02368640818268,7.33737889561271,6.49201785897436,6.43521126760563,7.14413370998117,6.98297506683641,146
"138",2013,8,6.63076923076923,13,7.14285714285714,6.03333333333333,5.4,6.8,6.61666666666667,7,6,1,1,12,2115,1329,786,214,532,1583,7.0212713144208,7.33635432656132,6.48851645038168,6.4303738317757,7.14348684210526,6.98019825015792,147
"139",2013,9,6.15625,8,7.41666666666667,5.4,5.5,6,6.20833333333333,3,5,2,2,6,2123,1332,791,216,534,1589,7.01801169571361,7.33653521021021,6.48163581542351,6.42175925925926,7.13920411985019,6.97728371932032,148
"140",2013,10,7.375,8,7.42857142857143,7,NA,8,7.28571428571429,7,1,0,1,7,2131,1339,792,216,535,1596,7.01935186766776,7.33701635548917,6.48229031565657,6.42175925925926,7.14081308411215,6.9786364849624,149
"141",2013,11,6.54761904761905,21,7.20833333333333,5.66666666666667,5.5,7.25,6.26666666666667,12,9,2,6,15,2152,1351,801,218,541,1611,7.01474852695167,7.3358733530718,6.47312600499376,6.41330275229358,7.14202402957486,6.97200734326505,150
"142",2013,12,6.68478260869565,23,6.98333333333333,6.125,5.33333333333333,6.1,6.84722222222222,15,8,3,5,18,2175,1366,809,221,546,1629,7.01125923218391,7.33200212298682,6.46968347342398,6.39864253393665,7.13248168498169,6.97062850214855,151
"143",2014,1,6.01875,16,6.33,5.5,6,6.55,5.94285714285714,10,6,1,2,14,2191,1376,815,222,548,1643,7.00401133272478,7.32472013081395,6.4625446993865,6.39684684684685,7.13035583941606,6.96187086427267,152
"144",2014,2,6.36,15,6.51428571428571,6.225,NA,7,6.31428571428571,7,8,0,1,14,2206,1383,823,222,549,1657,6.99963228921124,7.32061814895155,6.46023563791009,6.39684684684685,7.13011839708561,6.9563994146047,153
"145",2014,3,6.93,15,6.96666666666667,6.875,6,6,7.1625,9,6,2,3,12,2221,1392,829,224,552,1669,6.99916201260693,7.31832966954023,6.46323755126659,6.39330357142857,7.12397644927536,6.95788126423007,154
"146",2014,4,6.68529411764706,17,8,6.28076923076923,6.9125,6.725,6.67307692307692,4,13,4,4,13,2238,1396,842,228,556,1682,6.9967778507596,7.32028287965616,6.46042034441805,6.40241228070176,7.12110611510791,6.95568004161712,155
"147",2014,5,6.71428571428571,7,7.5,6.4,6,6,6.83333333333333,2,5,1,1,6,2245,1398,847,229,557,1688,6.99589702895323,7.32053998569385,6.46006367178276,6.40065502183406,7.1190933572711,6.9552451599526,156
"148",2014,6,7.43333333333333,12,7.35555555555556,7.66666666666667,9,7.3,7.5,9,3,1,4,8,2257,1407,850,230,561,1696,6.99822278688524,7.32076396588486,6.46432227058824,6.41195652173913,7.12038324420677,6.95781475825471,157
"149",2014,7,6.5,8,6.75,6.25,NA,6.25,6.75,4,4,0,4,4,2265,1411,854,230,565,1700,6.99646305960265,7.31914592487598,6.46331841920375,6.41195652173913,7.11422123893805,6.95732578235294,158
"150",2014,8,6.50666666666667,15,6.83,5.86,5.5,NA,6.50666666666667,10,5,1,0,15,2280,1421,859,231,565,1715,6.99324071491228,7.31570365939479,6.45980667054715,6.40800865800866,7.11422123893805,6.9533841574344,159
"151",2014,9,6.63636363636364,11,6.88571428571429,6.2,6.23333333333333,6,6.875,7,4,3,3,8,2291,1428,863,234,568,1723,6.99152720646006,7.31359586834734,6.45860246813441,6.40576923076923,7.10833626760563,6.95302021474173,160
"152",2014,10,6.98958333333333,24,7.575,6.57142857142857,6.75,7.25,6.88235294117647,10,14,6,7,17,2315,1438,877,240,575,1740,6.99150705399568,7.31541369958275,6.46040356898518,6.414375,7.11006086956522,6.95232978735632,161
"153",2014,11,6.66666666666667,21,7.07692307692308,6,5.75,6.71428571428571,6.64285714285714,13,8,4,7,14,2336,1451,885,244,582,1754,6.98858682791096,7.31327698139214,6.45624172881356,6.40348360655738,7.10530068728522,6.94985965222349,162
"154",2014,12,6.47142857142857,14,6.94444444444444,5.62,5.36666666666667,6.02,6.72222222222222,9,5,3,5,9,2350,1460,890,247,587,1763,6.98550588510638,7.31100335616438,6.45154374157303,6.39089068825911,7.09605621805792,6.94869757799206,163
"155",2015,1,6.53684210526316,19,7.25,6.01818181818182,5.5,7,6.41333333333333,8,11,2,4,15,2369,1468,901,249,591,1778,6.98190748417053,7.31067091280654,6.44625297447281,6.38373493975904,7.09540609137056,6.94418100674915,164
"156",2015,2,7.115,20,7.18181818181818,7.03333333333333,NA,7.5,7.01875,11,9,0,4,16,2389,1479,910,249,595,1794,6.98302169526999,7.30971257606491,6.45205926373626,6.38373493975904,7.09812605042017,6.94484605908584,165
"157",2015,3,6.61111111111111,9,7.125,6.2,NA,7,6.5625,4,5,0,1,8,2398,1483,915,249,596,1802,6.98162586738949,7.30921436277815,6.45068189071038,6.38373493975904,7.09796140939597,6.94314862930077,166
"158",2015,4,6.62631578947368,19,7.41666666666667,5.27142857142857,5.63333333333333,5,6.81764705882353,12,7,3,2,17,2417,1495,922,252,598,1819,6.97883278030616,7.31007685618729,6.44172877440347,6.37480158730159,7.09094481605351,6.94197571742715,167
"159",2015,5,6.48133333333333,15,7,5.88857142857143,6.055,6.9,6.272,8,7,4,5,10,2432,1503,929,256,603,1829,6.97576432154605,7.30842641383899,6.43756074273412,6.3698046875,7.08936152570481,6.93831264625478,168
"160",2015,6,6.78888888888889,18,7.06363636363636,6.35714285714286,7,7.66666666666667,6.61333333333333,11,7,2,3,15,2450,1514,936,258,606,1844,6.97439135918367,7.30664788639366,6.43695932692308,6.37468992248062,7.0922194719472,6.93566910520607,169
"161",2015,7,7.38666666666667,15,7.65,6.33333333333333,NA,9.25,7.1,12,3,0,2,13,2465,1526,939,258,608,1857,6.97690013387424,7.30934790301442,6.43662825346113,6.37468992248062,7.09931743421053,6.9368195099623,170
"162",2015,8,6.86428571428571,14,7.23333333333333,6.2,5.66666666666667,7.3,6.74545454545455,9,5,3,3,11,2479,1535,944,261,611,1868,6.97626415086728,7.30890221498371,6.43537492584746,6.36655172413793,7.10030278232406,6.93569262847965,171
"163",2015,9,6.87307692307692,13,7.19285714285714,6.5,7.25,7.5,6.75909090909091,7,6,2,2,11,2492,1542,950,263,613,1879,6.97572585473515,7.30837542153048,6.43578308421053,6.37326996197719,7.10160685154976,6.93465877062267,172
"164",2015,10,6.73333333333333,12,7.04285714285714,6.3,6.83333333333333,7.26666666666667,6.55555555555556,7,5,3,3,9,2504,1549,955,266,616,1888,6.97456422923322,7.30717553260168,6.43507217801047,6.37845864661654,7.10241071428571,6.93285160487288,173
"165",2015,11,6.67333333333333,15,6.77777777777778,6.51666666666667,5,7,6.65,9,6,2,1,14,2519,1558,961,268,617,1902,6.97277047637951,7.30411739409499,6.43558161290323,6.36817164179105,7.10224473257699,6.93076962670872,174
"166",2015,12,6.66111111111111,18,6.925,6.45,6,6,6.7,8,10,2,1,17,2537,1566,971,270,618,1919,6.97055925502562,7.302180651341,6.43573010298661,6.36544444444445,7.10046116504854,6.92872528921313,175
"167",2016,1,6.33333333333333,24,6.45,6.25,5.75,5,6.39130434782609,10,14,4,1,23,2561,1576,985,274,619,1942,6.96458759468957,7.29677341370558,6.43309028426396,6.3564598540146,7.09706785137318,6.92236036560247,176
"168",2016,2,6.84285714285714,21,7.24545454545455,6.4,6.3,7.16666666666667,6.78888888888889,11,10,5,3,18,2582,1587,995,279,622,1960,6.96359753292021,7.29641770636421,6.43275771859297,6.35544802867384,7.09740353697749,6.92113460714285,177
"169",2016,3,6.90588235294118,17,7.03,6.72857142857143,5.63333333333333,7.21428571428571,6.69,10,7,3,7,10,2599,1597,1002,282,629,1970,6.96322001923817,7.29474946775204,6.43482428143713,6.34776595744681,7.09870429252782,6.91996133502538,178
"170",2016,4,6.42857142857143,21,6.86363636363636,5.95,5.25,6.2,6.5,11,10,2,5,16,2620,1608,1012,284,634,1986,6.95893466793893,7.29180031094527,6.43003352766799,6.34003521126761,7.0916167192429,6.91657796072507,179
"171",2016,5,6.73333333333333,15,7.41666666666667,6.27777777777778,6,6.75,6.72727272727273,6,9,2,4,11,2635,1614,1021,286,638,1997,6.95765040986717,7.29226449814126,6.42869141038198,6.33765734265735,7.08947492163009,6.91553521782674,180
"172",2016,6,6.79545454545455,11,7.39285714285714,5.75,5.5,6.25,7,7,4,2,3,8,2646,1621,1025,288,641,2005,6.95697612622827,7.29269888957434,6.42604285853659,6.33184027777778,7.08554602184087,6.91587223441396,181
"173",2016,7,6.16666666666667,12,6.875,5.8125,7,7,6,4,8,1,2,10,2658,1625,1033,289,643,2015,6.95340813769752,7.29167070769231,6.42129131655373,6.33415224913495,7.0852799377916,6.91132696277915,182
"174",2016,8,6.72916666666667,12,6.7,6.875,7,NA,6.72916666666667,10,2,1,0,12,2670,1635,1035,290,643,2027,6.95240031086142,7.28805192660551,6.42216804830918,6.33644827586207,7.0852799377916,6.91024855944746,183
"175",2016,9,6.5,8,6.6,6.33333333333333,6.5,7,6.33333333333333,5,3,2,2,6,2678,1640,1038,292,645,2033,6.9510488536221,7.28595420731707,6.42191130057804,6.33756849315069,7.08501550387597,6.90854590752582,184
"176",2016,10,6.69230769230769,13,6.76,6.46666666666667,NA,6.5,6.72727272727273,10,3,0,2,11,2691,1650,1041,292,647,2044,6.94979889632107,7.28276660606061,6.42204027857829,6.33756849315069,7.08320710973725,6.90757036692759,185
"177",2016,11,6.425,20,7.04545454545455,5.66666666666667,6,6.25,6.46875,11,9,5,4,16,2711,1661,1050,297,651,2060,6.94592727037993,7.28119500301024,6.41556564761905,6.33188552188552,7.07808755760369,6.90416205339806,186
"178",2016,12,6.78846153846154,13,7.02777777777778,6.25,5,7.16666666666667,6.675,9,4,2,3,10,2724,1670,1054,299,654,2070,6.94517578193832,7.27982928143713,6.41493731499051,6.32297658862876,7.07849388379205,6.90305499033816,187
"179",2017,1,7,17,7.11538461538461,6.625,NA,6,7.0625,13,4,0,1,16,2741,1683,1058,299,655,2086,6.94551580809923,7.27855906120024,6.41573150283554,6.32297658862876,7.07684732824428,6.90427796260786,188
"180",2017,2,7.35714285714286,14,7.5,7,7.16666666666667,6.5,7.42307692307692,10,4,3,1,13,2755,1693,1062,302,656,2099,6.94760756079855,7.27986704075605,6.41793213747646,6.33135761589404,7.07596798780488,6.90749110528823,189
"181",2017,3,6.98571428571429,7,8.03333333333333,6.2,3,NA,6.98571428571429,3,4,1,0,7,2762,1696,1066,303,656,2106,6.94770413830557,7.28119982311321,6.41711438086304,6.32036303630363,7.07596798780488,6.90775110636277,190
"182",2017,4,6.35,12,6.27142857142857,6.46,6,NA,6.35,7,5,1,0,12,2774,1703,1071,304,656,2118,6.94511854001442,7.27704926600117,6.41731459383754,6.31930921052632,7.07596798780488,6.9045910434372,191
"183",2017,5,6.87,15,6.875,6.86,7.125,8,6.78928571428571,10,5,4,1,14,2789,1713,1076,308,657,2132,6.94471453209035,7.27470221833042,6.41937168215613,6.32977272727273,7.07737442922374,6.90383387898686,192
"184",2017,6,6.41666666666667,6,7.5,5.33333333333333,5,7,6.3,3,3,2,1,5,2795,1716,1079,310,658,2137,6.94358097674418,7.2750960955711,6.41635211306766,6.3211935483871,7.07725683890578,6.90242107159569,193
"185",2017,7,6.41666666666667,6,7,6.3,6.5,6.25,6.5,1,5,1,2,4,2801,1717,1084,311,660,2141,6.94245227775794,7.27493587652883,6.41581543357934,6.32176848874598,7.07475,6.9016692340028,194
"186",2017,8,6.16666666666667,15,7.5,5,4,3,6.39285714285714,7,8,2,1,14,2816,1724,1092,313,661,2155,6.93831989701704,7.2758497099768,6.40544315934066,6.30693290734825,7.06858547655068,6.89836372621809,195
"187",2017,9,6.9,12,7.26,6.64285714285714,7,6.65,6.95,5,7,1,2,10,2828,1729,1099,314,663,2165,6.93815729490806,7.2758038750723,6.40695535031847,6.30914012738854,7.06732277526395,6.89860223094688,196
"188",2017,10,6.66666666666667,12,6.83333333333333,6.5,6,7,6.6,6,6,1,2,10,2840,1735,1105,315,665,2175,6.93701015140845,7.27427371757925,6.40746057013575,6.30815873015873,7.06712030075188,6.89722934712643,197
"189",2017,11,6.7375,8,7.15,5.5,6,6.33333333333333,6.98,6,2,1,3,5,2848,1741,1107,316,668,2180,6.93644972963483,7.27384543365882,6.40582107497742,6.3071835443038,7.0638248502994,6.89741918807339,198
"190",2017,12,6.24545454545455,11,7.675,5.42857142857143,5.66666666666667,7.56666666666667,5.75,4,7,3,3,8,2859,1745,1114,319,671,2188,6.93379112626793,7.27476498567335,6.39968036804309,6.30115987460815,7.06607302533532,6.89322387111517,199
"191",2018,1,6.98,10,7.33333333333333,6.45,5,7,6.975,6,4,1,2,8,2869,1751,1118,320,673,2196,6.933952188916,7.27496567675614,6.39986040250447,6.29709375,7.06587667161961,6.89352178051002,200
"192",2018,2,6.57,10,6.78571428571429,6.06666666666667,4,6.375,6.7,7,3,1,4,6,2879,1758,1121,321,677,2202,6.93268802709274,7.27301757679181,6.39896871543265,6.28993769470405,7.06179468242245,6.89299447320617,201
"193",2018,3,7.14285714285714,7,7.5,6.875,NA,NA,7.14285714285714,3,4,0,0,7,2886,1761,1125,321,677,2209,6.93319779279279,7.27340425894378,6.40066127111111,6.28993769470405,7.06179468242245,6.8937862516976,202
"194",2018,4,6.07809571428571,7,6.273335,6,5.5,6.5,5.909334,2,5,2,2,5,2893,1763,1130,323,679,2214,6.93112875907363,7.27226975042541,6.39888843362832,6.28504643962849,7.06013991163476,6.89156300813008,203
"195",2018,5,6.59090909090909,11,7.08333333333333,6,6,8,6.45,6,5,1,1,10,2904,1769,1135,324,680,2224,6.92984004820937,7.27162892594686,6.39713121585903,6.28416666666667,7.06152205882353,6.88957756294964,204
"196",2018,6,6.5,3,6.75,6,NA,NA,6.5,2,1,0,0,3,2907,1771,1136,324,680,2227,6.92939645682835,7.27103984754376,6.39678162852113,6.28416666666667,7.06152205882353,6.88905276156264,205
"197",2018,7,7,4,7,7,7,7,7,3,1,1,1,3,2911,1774,1137,325,681,2230,6.92949347303332,7.27058149379932,6.39731216358839,6.28636923076923,7.06143171806167,6.88920201793722,206
"198",2018,8,7,1,7,NA,NA,NA,7,1,0,0,0,1,2912,1775,1137,325,681,2231,6.92951768543956,7.27042905352113,6.39731216358839,6.28636923076923,7.06143171806167,6.8892516808606,207
"199",2018,9,4.83333333333333,3,6.75,1,NA,NA,4.83333333333333,2,1,0,0,3,2915,1777,1138,325,681,2234,6.92736037735849,7.26984331457513,6.39256935852373,6.28636923076923,7.06143171806167,6.88649082363473,208
"200",2018,10,5.83333333333333,6,7,5.25,7,7,5.6,2,4,1,1,5,2921,1779,1142,326,682,2239,6.92511314618281,7.26953994940978,6.38856736427321,6.28855828220859,7.06134164222874,6.88361790978115,209
"201",2018,11,6.08333333333333,6,6.16666666666667,6,6,NA,6.08333333333333,3,3,1,0,6,2927,1782,1145,327,682,2245,6.92338759822344,7.26768326038159,6.3875492838428,6.2876758409786,7.06134164222874,6.88147906458797,210
"202",2018,12,7,6,7,7,NA,7,7,5,1,0,1,5,2933,1787,1146,327,683,2250,6.92354432321855,7.26693428651371,6.38808370855148,6.2876758409786,7.06125183016105,6.88174244444444,211
"203",2019,1,6.44705882352941,17,6.75714285714286,5,4.5,6.6,6.38333333333333,14,3,2,5,12,2950,1801,1149,329,688,2262,6.92079847457627,7.26297144364242,6.38445946910357,6.2768085106383,7.05789970930233,6.8790983642794,212
"204",2019,2,5.88888888888889,9,6.66666666666667,5.5,6,6.125,5.7,3,6,2,4,5,2959,1804,1155,331,692,2267,6.91765985130111,7.2619798059867,6.37986487445887,6.27513595166164,7.05250722543353,6.87649779444199,213
"205",2019,3,6.575,8,6.4,6.75,NA,NA,6.575,4,4,0,0,8,2967,1808,1159,331,692,2275,6.91673592854735,7.2600727710177,6.38114230371009,6.27513595166164,7.05250722543353,6.87543758241758,214
"206",2019,4,6.5,7,8.5,6.16666666666667,6,NA,6.5,1,6,2,0,7,2974,1809,1165,333,692,2282,6.91575504371217,7.26075819237148,6.38003770815451,6.27348348348349,7.05250722543353,6.87428593339176,215
"207",2019,5,6,2,6,6,NA,NA,6,1,1,0,0,2,2976,1810,1166,333,692,2284,6.91513961693548,7.26006164088398,6.37971177530017,6.27348348348349,7.05250722543353,6.87352035901926,216
"208",2019,6,7.4,5,8.33333333333333,6,NA,NA,7.4,3,2,0,0,5,2981,1813,1168,333,692,2289,6.91595286816504,7.26183760066189,6.37906158390411,6.27348348348349,7.05250722543353,6.87467038007863,217
"209",2019,7,6.412,10,6.39,6.5,NA,6.76666666666667,6.26,8,2,0,3,7,2991,1821,1170,333,695,2296,6.9142679705784,7.25800745194948,6.37926831623932,6.27348348348349,7.05127338129496,6.87279638501742,218
"210",2019,8,6.1,10,6.75,5.66666666666667,6,7,5.71428571428571,4,6,2,3,7,3001,1825,1176,335,698,2303,6.91155464845052,7.2568940109589,6.37563259353741,6.27185074626866,7.05105300859599,6.86927507598784,219
"211",2019,9,5.5,8,7,5,5,7,5.28571428571429,2,6,2,1,7,3009,1827,1182,337,699,2310,6.90780176138252,7.25661279146141,6.36864968697124,6.26430267062315,7.0509799713877,6.8644764069264,220
"212",2019,10,6.52083333333333,12,6.89285714285714,6,5,6.66666666666667,6.47222222222222,7,5,1,3,9,3021,1834,1187,338,702,2319,6.90626464746772,7.25522441112323,6.36709682392586,6.26056213017752,7.04933760683761,6.86295407503234,221
"213",2019,11,7.19444444444444,9,7.9375,6.6,6.5,7.91666666666667,6.83333333333333,4,5,2,3,6,3030,1838,1192,340,705,2325,6.9071206270627,7.25670923286181,6.36807376677852,6.2619705882353,7.05302836879433,6.8628776344086,222
"214",2019,12,6.325,8,6.3,6.5,NA,NA,6.325,7,1,0,0,8,3038,1845,1193,340,705,2333,6.90558772218565,7.25307944173442,6.3681843503772,6.2619705882353,7.05302836879433,6.86103321903129,223
"215",2020,1,6.53333333333333,15,7.01,5.58,4.5,5,6.91666666666667,10,5,2,3,12,3053,1855,1198,342,708,2345,6.90375876187356,7.25176904043127,6.36489476627713,6.25166666666667,7.0443290960452,6.86131791044776,224
"216",2020,2,5.7,9,5.93333333333333,5.58333333333333,6,6.5,5.47142857142857,3,6,2,2,7,3062,1858,1204,344,710,2352,6.90022060744611,7.24964024219591,6.36099994186047,6.2502034883721,7.04279577464789,6.85718133503401,225
"217",2020,3,6.6,12,6.7125,6.375,6,5.9,7.1,8,4,4,5,7,3074,1866,1208,348,715,2359,6.89904863370201,7.24733739013934,6.36104629966888,6.2473275862069,7.0348041958042,6.85790186519711,226
"218",2020,4,5.33333333333333,9,5.4,5.25,5,4,5.5,5,4,1,1,8,3083,1871,1212,349,716,2367,6.89447794356146,7.24240062533405,6.35737948019802,6.2437535816619,7.0305656424581,6.8533124207858,227
"219",2020,5,6.81428571428571,7,7.175,6.33333333333333,8,7.7,6.66666666666667,4,3,1,1,6,3090,1875,1215,350,717,2373,6.89429627831715,7.24225683733334,6.35732010699589,6.24877142857143,7.03149930264993,6.85284049726085,228
"220",2020,6,5.5,2,5.5,NA,NA,NA,5.5,2,0,0,0,2,3092,1877,1215,350,717,2375,6.89339440491591,7.24040041022909,6.35732010699589,6.24877142857143,7.03149930264993,6.85170126315789,229
"221",2020,7,6.82857142857143,7,6.96,6.5,7,6.8,6.83333333333333,5,2,1,1,6,3099,1882,1217,351,718,2381,6.89324798322039,7.23965545696068,6.35755458504519,6.25091168091169,7.03117688022284,6.85165497690046,230
"222",2020,8,6.16666666666667,6,6,6.5,5,6,6.33333333333333,4,2,1,3,3,3105,1886,1219,352,721,2384,6.89184396135265,7.23702628313892,6.35778829368335,6.24735795454546,7.02688626907074,6.85100272651006,231
"223",2020,9,6.96875,16,7.05,6.83333333333333,7,6.25,7.07142857142857,10,6,2,2,14,3121,1896,1225,354,723,2398,6.89223822492791,7.23603985759494,6.36011749387755,6.25161016949153,7.02473720608575,6.85228961634695,232
"224",2020,10,6.33333333333333,6,6.5,6.25,6.5,7,6.2,2,4,2,1,5,3127,1898,1229,356,724,2403,6.89116581387912,7.23526426238146,6.35975909682669,6.25300561797753,7.02470303867403,6.85093237619642,233
"225",2020,11,6.55714285714286,7,7.3,6,5,6.63333333333333,6.5,3,4,2,3,4,3134,1901,1233,358,727,2407,6.89041975111678,7.2353664229353,6.35859199513382,6.24600558659218,7.02308803301238,6.8503491898629,234
"226",2020,12,4.875,8,7,4.57142857142857,5,NA,4.875,1,7,1,0,8,3142,1902,1240,359,727,2415,6.88528819223424,7.23524267613039,6.34850316935484,6.24253481894151,7.02308803301238,6.84380559006211,235
"227",2021,1,6.875,8,7.2,6.33333333333333,7,6,7,5,3,2,1,7,3150,1907,1243,361,728,2422,6.88526206349206,7.2351502726796,6.34846655671762,6.24673130193906,7.02168269230769,6.84425701899256,236
"228",2021,2,7.575,4,7.575,NA,NA,NA,7.575,4,0,0,0,4,3154,1911,1243,361,728,2426,6.88613681039949,7.2358616274202,6.34846655671762,6.24673130193906,7.02168269230769,6.84546187139324,237
"229",2021,3,6.44444444444444,9,6.83333333333333,5.66666666666667,4,5.66666666666667,6.83333333333333,6,3,1,3,6,3163,1917,1246,362,731,2432,6.88488001896933,7.23460175795514,6.34682498394864,6.24052486187846,7.01612175102599,6.84543194901315,238
"230",2021,4,5.91666666666667,6,5.66666666666667,6.16666666666667,5,6,5.9,3,3,1,1,5,3169,1920,1249,363,732,2437,6.88304686020827,7.232151859375,6.34639225780625,6.23710743801653,7.01473360655738,6.84349220352893,239
"231",2021,5,7.31,6,7.572,6,NA,NA,7.31,5,1,0,0,6,3175,1925,1250,363,732,2443,6.8838537007874,7.23303458181818,6.346115144,6.23710743801653,7.01473360655738,6.8446379451494,240
"232",2021,6,6,3,6.5,5,5,NA,6,2,1,1,0,3,3178,1927,1251,364,732,2446,6.88301935179358,7.2322737778931,6.34503911270983,6.2337087912088,7.01473360655738,6.84360200327064,241
"233",2021,7,7.21,7,7.214,7.2,NA,9.07,6.9,5,2,0,1,6,3185,1932,1253,364,733,2452,6.88373799058085,7.23222648550725,6.34640377494014,6.2337087912088,7.01753751705321,6.8437400081566,242
"234",2021,8,5.7,10,6.33333333333333,4.75,NA,2,6.11111111111111,6,4,0,1,9,3195,1938,1257,364,734,2461,6.88003302034429,7.22944353457172,6.34132373110581,6.2337087912088,7.01070163487738,6.84106074766355,243
"235",2021,9,7,2,7,NA,NA,NA,7,2,0,0,0,2,3197,1940,1257,364,734,2463,6.88010807006569,7.22920699484536,6.34132373110581,6.2337087912088,7.01070163487738,6.8411898091758,244
"236",2021,10,5.66666666666667,6,6,5,NA,5.5,5.75,4,2,0,2,4,3203,1944,1259,364,736,2467,6.87783499843896,7.22667776234568,6.33919295472597,6.2337087912088,7.0065964673913,6.83942055127685,245
"237",2021,11,7.15,8,7.24,7,6,7,7.24,5,3,1,3,5,3211,1949,1262,365,739,2472,6.87851308003737,7.22671193945613,6.34076381141046,6.23306849315069,7.00656968876861,6.84023078478964,246
"238",2021,12,6.56428571428571,14,6.69,6.25,5,5.5,6.74166666666667,10,4,2,2,12,3225,1959,1266,367,741,2484,6.87714899224806,7.22397221541603,6.34047703791469,6.22634877384197,7.00250337381916,6.83975462962963,247
"239",2022,1,6.88235294117647,17,6.66923076923077,7.575,7.15,6.33333333333333,7,13,4,2,3,14,3242,1972,1270,369,744,2498,6.87717628007403,7.22031519776876,6.3443652992126,6.23135501355014,6.99980510752688,6.84065272217774,248
"240",2022,2,6.13636363636364,11,6.3125,5.66666666666667,4.5,5,6.25,8,3,2,1,10,3253,1980,1273,371,745,2508,6.8746712265601,7.21664725757576,6.34276820895523,6.22202156334232,6.99712080536913,6.83829764752791,249
"241",2022,3,5.85,6,6,5.7,NA,5.55,6,3,3,0,2,4,3259,1983,1276,371,747,2512,6.87278474992329,7.21480664145235,6.3412569984326,6.22202156334232,6.99324631860776,6.83696277866242,250
"242",2022,4,6.33333333333333,3,6.33333333333333,NA,NA,7,6,3,0,0,1,2,3262,1986,1276,371,748,2514,6.87228862660944,7.21347511077543,6.3412569984326,6.22202156334232,6.99325534759358,6.83629693715195,251
"243",2022,5,6.75,4,7.33333333333333,5,NA,7,6.66666666666667,3,1,0,1,3,3266,1989,1277,371,749,2517,6.87213885486834,7.21365589240825,6.34020667971809,6.22202156334232,6.99326435246996,6.8360947556615,252
"244",2022,6,6.5,3,6.75,6,NA,NA,6.5,2,1,0,0,3,3269,1991,1278,371,749,2520,6.87179733863567,7.21319014063285,6.3399404773083,6.22202156334232,6.99326435246996,6.83569464285714,253
"245",2022,7,5.96666666666667,3,5.95,6,NA,NA,5.96666666666667,2,1,0,0,3,3272,1993,1279,371,749,2523,6.87096745110024,7.2119225137983,6.33967469116497,6.22202156334232,6.99326435246996,6.83466131589378,254
"246",2022,8,7.06666666666667,6,7.06666666666667,NA,NA,NA,7.06666666666667,6,0,0,0,6,3278,1999,1279,371,749,2529,6.87132565588774,7.21148652826413,6.33967469116497,6.22202156334232,6.99326435246996,6.83521174377224,255
"247",2022,9,7.55,4,7.1,8,NA,NA,7.55,2,2,0,0,4,3282,2001,1281,371,749,2533,6.8721528031688,7.21137509745128,6.34226692427791,6.22202156334232,6.99326435246996,6.83634050532965,256
"248",2022,10,7.5,5,7.5,NA,NA,NA,7.5,5,0,0,0,5,3287,2006,1281,371,749,2538,6.87310784910253,7.21209450149551,6.34226692427791,6.22202156334232,6.99326435246996,6.83764795114263,257
"249",2022,11,6.4,5,6.5,6.33333333333333,6,NA,6.4,2,3,1,0,5,3292,2008,1284,372,749,2543,6.87238927703524,7.21138524402391,6.34224605140187,6.2214247311828,6.99326435246996,6.83678745576091,258
"250",2022,12,8.5,2,9,8,NA,NA,8.5,1,1,0,0,2,3294,2009,1285,372,749,2545,6.87337750455373,7.21227554504729,6.34353613229572,6.2214247311828,6.99326435246996,6.83809449901768,259
