"","year","month","avg_rating","no_ratings","avg_rating_owned","avg_rating_not_owned","avg_rating_prev_owned","avg_rating_comment","avg_rating_no_comment","no_ratings_owned","no_ratings_not_owned","no_ratings_prev_owned","no_ratings_comment","no_ratings_no_comment","cum_no_ratings","cum_no_ratings_owned","cum_no_ratings_not_owned","cum_no_ratings_prev_owned","cum_no_ratings_comment","cum_no_ratings_no_comment","cum_avg_rating","cum_avg_rating_owned","cum_avg_rating_not_owned","cum_avg_rating_prev_owned","cum_avg_rating_comment","cum_avg_rating_no_comment","month_after_release"
"1",2001,8,8,1,8,NA,NA,NA,8,1,0,0,0,1,1,1,0,0,0,1,8,8,NA,NA,NA,8,0
"2",2001,9,7.5,2,8,7,NA,7,8,1,1,0,1,1,3,2,1,0,1,2,7.66666666666667,8,7,NA,7,8,1
"3",2001,10,8,1,NA,8,NA,NA,8,0,1,0,0,1,4,2,2,0,1,3,7.75,8,7.5,NA,7,8,2
"4",2001,11,8,1,8,NA,NA,NA,8,1,0,0,0,1,5,3,2,0,1,4,7.8,8,7.5,NA,7,8,3
"5",2002,2,8,1,8,NA,NA,NA,8,1,0,0,0,1,6,4,2,0,1,5,7.83333333333333,8,7.5,NA,7,8,6
"6",2002,3,8,2,8,NA,NA,NA,8,2,0,0,0,2,8,6,2,0,1,7,7.875,8,7.5,NA,7,8,7
"7",2002,6,8.2,5,8.2,NA,NA,10,7.75,5,0,0,1,4,13,11,2,0,2,11,8,8.09090909090909,7.5,NA,8.5,7.90909090909091,10
"8",2002,7,6.33333333333333,3,7,6,NA,NA,6.33333333333333,1,2,0,0,3,16,12,4,0,2,14,7.6875,8,6.75,NA,8.5,7.57142857142857,11
"9",2002,8,7.5,2,7.5,NA,NA,NA,7.5,2,0,0,0,2,18,14,4,0,2,16,7.66666666666667,7.92857142857143,6.75,NA,8.5,7.5625,12
"10",2002,9,8,2,8,8,8,8,8,1,1,1,1,1,20,15,5,1,3,17,7.7,7.93333333333334,7,8,8.33333333333333,7.58823529411765,13
"11",2002,10,7,5,7,7,7,8,6.75,2,3,1,1,4,25,17,8,2,4,21,7.56,7.82352941176471,7,7.5,8.25,7.42857142857143,14
"12",2002,11,7.625,4,7.625,NA,NA,7.75,7.5,4,0,0,2,2,29,21,8,2,6,23,7.56896551724138,7.78571428571429,7,7.5,8.08333333333333,7.43478260869565,15
"13",2002,12,7.2,5,7.25,7,NA,8,7,4,1,0,1,4,34,25,9,2,7,27,7.51470588235294,7.7,7,7.5,8.07142857142857,7.37037037037037,16
"14",2003,1,6.625,4,8.25,5,NA,6.25,7,2,2,0,2,2,38,27,11,2,9,29,7.42105263157895,7.74074074074074,6.63636363636364,7.5,7.66666666666667,7.3448275862069,17
"15",2003,2,7.25,4,7,7.5,NA,7.5,7,2,2,0,2,2,42,29,13,2,11,31,7.40476190476191,7.68965517241379,6.76923076923077,7.5,7.63636363636364,7.32258064516129,18
"16",2003,3,6.83333333333333,3,6.83333333333333,NA,NA,6,7.25,3,0,0,1,2,45,32,13,2,12,33,7.36666666666667,7.609375,6.76923076923077,7.5,7.5,7.31818181818182,19
"17",2003,4,7.85714285714286,7,7.85714285714286,NA,NA,7,8.2,7,0,0,2,5,52,39,13,2,14,38,7.43269230769231,7.65384615384615,6.76923076923077,7.5,7.42857142857143,7.43421052631579,20
"18",2003,5,7,3,7.5,6,NA,7,NA,2,1,0,3,0,55,41,14,2,17,38,7.40909090909091,7.64634146341463,6.71428571428571,7.5,7.35294117647059,7.43421052631579,21
"19",2003,6,6.25,4,7,6,NA,NA,6.25,1,3,0,0,4,59,42,17,2,17,42,7.33050847457627,7.63095238095238,6.58823529411765,7.5,7.35294117647059,7.32142857142857,22
"20",2003,7,7.41,25,7.95588235294118,6.25,NA,7.25,7.46052631578947,17,8,0,6,19,84,59,25,2,23,61,7.35416666666667,7.72457627118644,6.48,7.5,7.32608695652174,7.36475409836066,23
"21",2003,8,7.20833333333333,12,7.41666666666667,7,NA,6.66666666666667,7.38888888888889,6,6,0,3,9,96,65,31,2,26,70,7.3359375,7.69615384615385,6.58064516129032,7.5,7.25,7.36785714285714,24
"22",2003,9,8.1,8,8.05,8.25,9,8.16666666666667,8.06,6,2,1,3,5,104,71,33,3,29,75,7.39471153846154,7.72605633802817,6.68181818181818,8,7.3448275862069,7.414,25
"23",2003,10,7.57142857142857,7,7.8,7,NA,8.5,7.2,5,2,0,2,5,111,76,35,3,31,80,7.40585585585586,7.73092105263158,6.7,8,7.41935483870968,7.400625,26
"24",2003,11,8.1,5,8.1,NA,NA,8.16666666666667,8,5,0,0,3,2,116,81,35,3,34,82,7.43577586206897,7.7537037037037,6.7,8,7.48529411764706,7.41524390243902,27
"25",2003,12,7.64285714285714,7,8.125,7,NA,7.83333333333333,7.5,4,3,0,3,4,123,85,38,3,37,86,7.44756097560976,7.77117647058823,6.72368421052632,8,7.51351351351351,7.41918604651163,28
"26",2004,1,6.25,6,5,6.5,NA,6.83333333333333,5.66666666666667,1,5,0,3,3,129,86,43,3,40,89,7.39186046511628,7.73895348837209,6.69767441860465,8,7.4625,7.36011235955056,29
"27",2004,2,8.13,10,8.47142857142857,7.33333333333333,NA,8,8.1625,7,3,0,2,8,139,93,46,3,42,97,7.44496402877698,7.79408602150538,6.73913043478261,8,7.48809523809524,7.42628865979381,30
"28",2004,3,8.2,10,8,10,NA,9,7.85714285714286,9,1,0,3,7,149,102,47,3,45,104,7.49563758389262,7.81225490196078,6.80851063829787,8,7.58888888888889,7.45528846153846,31
"29",2004,4,7.35,10,8.2,6.5,NA,9,7.16666666666667,5,5,0,1,9,159,107,52,3,46,113,7.48647798742138,7.8303738317757,6.77884615384615,8,7.6195652173913,7.43230088495575,32
"30",2004,5,6.41857142857143,7,7.66666666666667,5.4825,NA,6.7325,6,3,4,0,4,3,166,110,56,3,50,116,7.44144578313253,7.82590909090909,6.68625,8,7.5486,7.39525862068965,33
"31",2004,6,6.66666666666667,6,7.8,1,NA,8,6.4,5,1,0,1,5,172,115,57,3,51,121,7.41441860465116,7.82478260869565,6.58649122807018,8,7.55745098039216,7.35413223140496,34
"32",2004,7,8,5,8,NA,NA,7,8.66666666666667,5,0,0,2,3,177,120,57,3,53,124,7.4309604519774,7.83208333333333,6.58649122807018,8,7.53641509433962,7.38588709677419,35
"33",2004,8,7.5,8,8,6.66666666666667,NA,8,7.2,5,3,0,3,5,185,125,60,3,56,129,7.43394594594595,7.8388,6.5905,8,7.56125,7.37868217054263,36
"34",2004,9,7.73076923076923,13,7.65,8,7,7.92857142857143,7.5,10,3,1,7,6,198,135,63,4,63,135,7.45343434343434,7.82481481481481,6.65761904761905,7.75,7.60206349206349,7.38407407407407,37
"35",2004,10,7.5,4,7.33333333333333,8,NA,7.5,7.5,3,1,0,2,2,202,138,64,4,65,137,7.45435643564356,7.81413043478261,6.67859375,7.75,7.59892307692308,7.38576642335766,38
"36",2004,11,7.42307692307692,13,7.94444444444444,6.25,NA,7.75,7.27777777777778,9,4,0,4,9,215,147,68,4,69,146,7.45246511627907,7.82210884353741,6.65338235294118,7.75,7.60768115942029,7.3791095890411,39
"37",2004,12,7.28571428571429,7,7.5,7,NA,7.33333333333333,7.25,4,3,0,3,4,222,151,71,4,72,150,7.44720720720721,7.8135761589404,6.66802816901409,7.75,7.59625,7.37566666666667,40
"38",2005,1,7.64285714285714,7,7.7,7.5,NA,7,7.75,5,2,0,1,6,229,156,73,4,73,156,7.45318777292576,7.8099358974359,6.69082191780822,7.75,7.58808219178082,7.3900641025641,41
"39",2005,2,6.25,6,6.875,5,NA,5,6.875,4,2,0,2,4,235,160,75,4,75,160,7.42246808510638,7.7865625,6.64573333333333,7.75,7.51906666666667,7.3771875,42
"40",2005,3,7.77272727272727,11,8.21428571428571,7,NA,7.875,7.71428571428571,7,4,0,4,7,246,167,79,4,79,167,7.43813008130081,7.80449101796407,6.66367088607595,7.75,7.53708860759494,7.39131736526946,43
"41",2005,4,7.66666666666667,12,7.71428571428571,7.6,8,8.33333333333333,7.44444444444444,7,5,1,3,9,258,174,84,5,82,176,7.44875968992248,7.80086206896552,6.71940476190476,7.8,7.56621951219512,7.39403409090909,44
"42",2005,5,7.46593909090909,11,7.64285714285714,7.1563325,NA,8.125,7.08933285714286,7,4,0,4,7,269,181,88,5,86,183,7.44946219330855,7.79475138121547,6.73926511363636,7.8,7.59220930232558,7.38237885245902,45
"43",2005,6,7.65625,16,7.95454545454545,7,7,8.1875,7.125,11,5,1,8,8,285,192,93,6,94,191,7.46107133333333,7.80390625,6.75328311827957,7.66666666666667,7.64287234042553,7.37159858638743,46
"44",2005,7,7.5,13,8,6.375,6.25,7.375,7.7,9,4,2,8,5,298,201,97,8,102,196,7.46276956375839,7.81268656716418,6.73768381443299,7.3125,7.62186274509804,7.37997617346939,47
"45",2005,8,6.8125,8,7.125,6.5,NA,6.91666666666667,6.5,4,4,0,6,2,306,205,101,8,108,198,7.44576905228758,7.79926829268293,6.72827059405941,7.3125,7.58268518518519,7.37108752525253,48
"46",2005,9,7.07142857142857,14,7.5,6.75,8,7.16666666666667,7,6,8,1,6,8,320,211,109,9,114,206,7.42939165625,7.79075829383886,6.72986541284404,7.38888888888889,7.56078947368421,7.3566763592233,49
"47",2005,10,8,7,8.2,7.5,9,8.16666666666667,7,5,2,1,6,1,327,216,111,10,120,207,7.44160651376147,7.80023148148148,6.74374171171171,7.55,7.59108333333333,7.35495328502415,50
"48",2005,11,7.375,12,7.75,7,7,7.33333333333333,7.41666666666667,6,6,1,6,6,339,222,117,11,126,213,7.43924876106195,7.79887387387387,6.75688316239316,7.5,7.57880952380952,7.35669169014084,51
"49",2005,12,7.72857142857143,14,8.3,6.96666666666667,7.5,8.65,7.0375,8,6,1,6,8,353,230,123,12,132,221,7.45072331444759,7.81630434782609,6.76711650406504,7.5,7.6275,7.345137239819,52
"50",2006,1,7.69230769230769,13,7.6875,7.7,NA,7.33333333333333,7.8,8,5,0,3,10,366,238,128,12,135,231,7.45930418032787,7.81197478991597,6.803557265625,7.5,7.62096296296296,7.36482826839827,53
"51",2006,2,8.04545454545454,11,8.4375,7,6,8.64285714285714,7,8,3,1,7,4,377,246,131,13,142,235,7.47640671087533,7.83231707317073,6.80805595419847,7.38461538461539,7.67133802816901,7.35861842553191,54
"52",2006,3,7.4875,20,7.875,6.58333333333333,NA,7.5,7.475,14,6,0,10,10,397,260,137,13,152,245,7.47696556675063,7.83461538461538,6.79821408759124,7.38461538461539,7.66006578947368,7.36336869387755,55
"53",2006,4,7.56333333333333,15,8,7.18125,7,7.65,7.4875,7,8,1,7,8,412,267,145,14,159,253,7.48011002427184,7.83895131086142,6.81934710344828,7.35714285714286,7.65962264150943,7.3672937944664,56
"54",2006,5,7.1,10,6.875,7.25,7.5,6.5,7.35714285714286,4,6,1,3,7,422,271,151,15,162,260,7.47110267772512,7.82472324723247,6.83645913907285,7.36666666666667,7.63814814814815,7.3670205,57
"55",2006,6,7.44444444444444,9,8.2,6.5,6,8,7.16666666666667,5,4,1,3,6,431,276,155,16,165,266,7.47054600928074,7.83152173913043,6.82777632258065,7.28125,7.64472727272727,7.3625012406015,58
"56",2006,7,7.42105263157895,19,7.75,7.05555555555556,7.33333333333333,8.41666666666667,6.96153846153846,10,9,3,6,13,450,286,164,19,171,279,7.46845628888889,7.82867132867133,6.84027640243903,7.28947368421053,7.67181286549707,7.34381838709677,59
"57",2006,8,7.28125,16,7.68181818181818,6.4,6,7.8,7.04545454545455,11,5,1,5,11,466,297,169,20,176,290,7.46202860515021,7.82323232323232,6.82725047337278,7.225,7.67545454545454,7.33250113793103,60
"58",2006,9,7.92222222222222,9,8.75,7.26,7,9,7.38333333333333,4,5,1,3,6,475,301,174,21,179,296,7.47074806315789,7.83554817275748,6.8396858045977,7.21428571428571,7.69765363128492,7.33353152027027,61
"59",2006,10,7.5,14,8.125,6.66666666666667,7.5,7.85714285714286,7.14285714285714,8,6,1,7,7,489,309,180,22,186,303,7.47158554192229,7.84304207119741,6.8339185,7.22727272727273,7.70365591397849,7.32912650165017,62
"60",2006,11,7.84883720930233,43,8.1551724137931,7.21428571428571,8,7.96428571428571,7.63333333333333,29,14,3,28,15,532,338,194,25,214,318,7.50207768796992,7.8698224852071,6.86136768041237,7.32,7.73775700934579,7.34347588050315,63
"61",2006,12,7.56216216216216,37,7.81923076923077,6.95454545454545,8,7.4,7.8,26,11,1,22,15,569,364,205,26,236,333,7.50598476274165,7.86620879120879,6.86636746341463,7.34615384615385,7.70627118644068,7.36404003003003,64
"62",2007,1,7.42820512820513,39,7.6304347826087,7.1375,7,7.425,7.43157894736842,23,16,4,20,19,608,387,221,30,256,352,7.50099560855263,7.85219638242894,6.88599696832579,7.3,7.684296875,7.36768559659091,65
"63",2007,2,7.48287903225806,31,7.66363636363636,7.04102777777778,NA,7.625,7.39311842105263,22,9,0,12,19,639,409,230,30,268,371,7.50011671361502,7.84205378973105,6.89206339130435,7.3,7.68164179104478,7.36898808625337,66
"64",2007,3,7.33139534883721,43,7.44814814814815,7.134375,7.5,7.66111111111111,7.094,27,16,5,18,25,682,436,246,35,286,396,7.48947885630498,7.81766055045872,6.90782349593496,7.32857142857143,7.68034965034965,7.35162772727273,67
"65",2007,4,7.28181818181818,22,7.69285714285714,6.5625,NA,7.35714285714286,7.24666666666667,14,8,0,7,15,704,450,254,35,293,411,7.48298946022727,7.81377777777778,6.89694716535433,7.32857142857143,7.67262798634812,7.34779703163017,68
"66",2007,5,7.30714285714286,28,7.575,6.6375,7,7.66666666666667,7.13684210526316,20,8,1,9,19,732,470,262,36,302,430,7.47626308743169,7.8036170212766,6.88902511450382,7.31944444444444,7.67245033112583,7.33847576744186,69
"67",2007,6,7.3,25,7.52631578947368,6.58333333333333,8.16666666666667,7.38888888888889,7.25,19,6,3,9,16,757,489,268,39,311,446,7.47044198150594,7.79284253578732,6.88218126865672,7.38461538461539,7.66424437299035,7.33530174887892,70
"68",2007,7,7.52564102564103,39,7.69565217391304,7.28125,8,7.55882352941176,7.5,23,16,3,17,22,796,512,284,42,328,468,7.47314645728643,7.7884765625,6.90466401408451,7.42857142857143,7.65878048780488,7.34304397435897,71
"69",2007,8,7.32234042553192,47,7.555,6.91176470588235,7.25,7.21,7.45,30,17,4,25,22,843,542,301,46,353,490,7.46473852906287,7.77555350553505,6.90506504983389,7.41304347826087,7.62699716713881,7.34784608163265,72
"70",2007,9,7.51515151515151,33,7.81578947368421,7.10714285714286,6.8,7.88461538461538,7.275,19,14,5,13,20,876,561,315,51,366,510,7.46663764840183,7.77691622103387,6.91404628571429,7.35294117647059,7.63614754098361,7.34498937254902,73
"71",2007,10,7.44718604651163,43,7.65688461538462,7.12647058823529,7.0875,7.6586,7.33392857142857,26,17,4,15,28,919,587,332,55,381,538,7.46572750816104,7.7715996592845,6.92492343373494,7.33363636363636,7.63703149606299,7.34441371747212,74
"72",2007,11,7.24102564102564,39,7.58421052631579,6.915,7.5,7.28235294117647,7.20909090909091,19,20,4,17,22,958,606,352,59,398,560,7.45657993736952,7.76572442244224,6.92435960227273,7.34491525423729,7.62188190954774,7.33909746428571,75
"73",2007,12,7.40923076923077,65,7.58571428571429,7.08695652173913,7.625,7.58333333333333,7.26,42,23,4,30,35,1023,648,375,63,428,595,7.45357143695015,7.75405709876543,6.93433221333333,7.36269841269841,7.61917990654206,7.33444467226891,76
"74",2008,1,7.14701492537313,67,7.61829268292683,6.40384615384615,6.90909090909091,7.18918918918919,7.095,41,26,11,37,30,1090,689,401,74,465,625,7.43472805504587,7.74597822931785,6.8999366084788,7.29527027027027,7.58496559139785,7.322951328,77
"75",2008,2,7.47531914893617,47,7.728,7.02941176470588,7.5625,7.73260869565217,7.22875,30,17,4,23,24,1137,719,418,78,488,649,7.43640596306069,7.7452280945758,6.90520234449761,7.30897435897436,7.59192418032787,7.31946776579353,78
"76",2008,3,6.97368421052632,38,7.25,6.5,7.66666666666667,7.34615384615385,6.78,24,14,3,13,25,1175,743,432,81,501,674,7.42144134468085,7.72923149394347,6.89207078703704,7.32222222222222,7.58554690618762,7.29945783382789,79
"77",2008,4,7.2578431372549,51,7.39166666666667,7.13888888888889,6.53571428571429,7.36458333333333,7.16296296296296,24,27,7,24,27,1226,767,459,88,525,701,7.41463587275693,7.71866883963494,6.90658949891068,7.25965909090909,7.57544571428571,7.29420054208274,80
"78",2008,5,7.33552631578947,38,7.525,7.01071428571429,7.45833333333333,7.49347826086957,7.09333333333333,24,14,6,23,15,1264,791,473,94,548,716,7.41225757911392,7.71279266750948,6.90967141649049,7.27234042553192,7.57200547445255,7.2899924301676,81
"79",2008,6,7.11794871794872,39,7.324,6.75,7.375,7.27058823529412,7,25,14,4,17,22,1303,816,487,98,565,738,7.40344864159632,7.70088112745098,6.90508127310062,7.2765306122449,7.56293628318584,7.28134766937669,82
"80",2008,7,7.27692307692308,39,7.71111111111111,6.90476190476191,6.79166666666667,7.1304347826087,7.4875,18,21,12,23,16,1342,834,508,110,588,754,7.39977166915052,7.70110191846523,6.90506807086614,7.22363636363636,7.54601870748299,7.28572225464191,83
"81",2008,8,7.3025,40,7.64347826086957,6.84117647058823,7.14285714285714,7.60714285714286,7.13846153846154,23,17,7,14,26,1382,857,525,117,602,780,7.39695628075253,7.69955542590432,6.9029992,7.21880341880342,7.54744019933555,7.28081356410256,84
"82",2008,9,6.79102564102564,39,7.245,6.31315789473684,6.70384615384615,6.59411764705882,6.94318181818182,20,19,13,17,22,1421,877,544,130,619,802,7.38032623504574,7.68918928164196,6.882398125,7.16730769230769,7.52125848142165,7.27155184538653,85
"83",2008,10,6.90322580645161,31,7.03846153846154,6.80555555555556,6.4,7.19230769230769,6.69444444444444,13,18,5,13,18,1452,890,562,135,632,820,7.37014020661157,7.67968426966292,6.87993697508897,7.13888888888889,7.5144920886076,7.25888363414634,86
"84",2008,11,6.99390243902439,41,7.518,6.175,5.9,7.34375,6.77,25,16,5,16,25,1493,915,578,140,648,845,7.359808158071,7.67526666666667,6.86042314878893,7.09464285714286,7.5102762345679,7.24441962130178,87
"85",2008,12,7.02333333333333,30,7.27777777777778,6.64166666666667,6.5,7.07692307692308,6.98235294117647,18,12,2,13,17,1523,933,590,142,661,862,7.35318028890348,7.66759807073955,6.85597386440678,7.0862676056338,7.50175340393344,7.23925125290023,88
"86",2009,1,7.015,50,7.21875,6.82692307692308,6.83333333333333,7.015625,7.01470588235294,24,26,9,16,34,1573,957,616,151,677,896,7.34243075651621,7.65634169278997,6.8547476948052,7.07119205298013,7.49026440177253,7.23073055803571,89
"87",2009,2,6.94029850746269,67,7.40689655172414,6.58421052631579,6.57142857142857,7.20869565217391,6.8,29,38,14,23,44,1640,986,654,165,700,940,7.32600218292683,7.64900507099392,6.83902840978593,7.02878787878788,7.48101285714286,7.21056870212766,90
"88",2009,3,7.06071428571429,28,7.20833333333333,6.95,6.975,7.4875,6.89,12,16,4,8,20,1668,998,670,169,708,960,7.3215489088729,7.64370641282565,6.84167847761194,7.02751479289941,7.48108615819209,7.2038901875,91
"89",2009,4,7.08979591836735,49,7.485,6.81724137931035,6.35,7.16470588235294,7.05,20,29,16,17,32,1717,1018,699,185,725,992,7.31493510774607,7.6405884086444,6.84066463519313,6.96891891891892,7.4736675862069,7.19892598790323,92
"90",2009,5,6.98275862068965,58,7.23,6.79545454545455,6.83076923076923,6.96904761904762,6.99054054054054,25,33,13,21,37,1775,1043,732,198,746,1029,7.30408089014085,7.6307468839885,6.83862647540984,6.95984848484848,7.45946246648794,7.1914330223518,93
"91",2009,6,7.29,40,7.82352941176471,6.89565217391304,6.27777777777778,7.28571428571429,7.29230769230769,17,23,9,14,26,1815,1060,755,207,760,1055,7.30377056749311,7.63383867924528,6.84036368211921,6.93019323671498,7.45626184210526,7.19391903317536,94
"92",2009,7,6.85657894736842,38,7.28684210526316,6.42631578947368,7.08571428571429,6.45555555555556,6.98103448275862,19,19,7,9,29,1853,1079,774,214,769,1084,7.29459988127361,7.62772845227062,6.83019971576228,6.93528037383177,7.44455006501951,7.18822378228782,95
"93",2009,8,7.06428571428571,35,7.0625,7.06578947368421,6.3,7.275,6.98,16,19,5,10,25,1888,1095,793,219,779,1109,7.29033028601695,7.6194694063927,6.83584436317781,6.92077625570776,7.44237355584082,7.18352982867448,96
"94",2009,9,6.6030303030303,33,7.25,6.23333333333333,6.35714285714286,6.53333333333333,6.66111111111111,12,21,7,15,18,1921,1107,814,226,794,1127,7.2785234669443,7.61546431797651,6.82030046683047,6.9033185840708,7.42520025188917,7.17518596273292,97
"95",2009,10,6.76447368421053,38,7.14285714285714,6.54375,6.75,6.47058823529412,7.00238095238095,14,24,10,17,21,1959,1121,838,236,811,1148,7.26855210821848,7.60956199821588,6.81238016706444,6.8968220338983,7.4051898890259,7.17202489547038,98
"96",2009,11,7.22666666666667,45,7.48928571428571,6.79411764705882,6.6875,7.68421052631579,6.89230769230769,28,17,8,19,26,2004,1149,855,244,830,1174,7.26761156686627,7.60663098346388,6.81201705263158,6.88995901639344,7.41157710843374,7.1658301362862,99
"97",2009,12,6.87173913043478,46,7.3,6.47916666666667,6.5,6.53571428571429,7.01875,22,24,10,14,32,2050,1171,879,254,844,1206,7.25872857560976,7.60087019641332,6.80292898748578,6.8746062992126,7.39704857819905,7.16192751243781,100
"98",2010,1,7.24074074074074,54,7.46,7.05172413793103,7.25,7.35714285714286,7.2,25,29,12,14,40,2104,1196,908,266,858,1246,7.25826691064639,7.59792558528428,6.81087508810573,6.89154135338346,7.39639743589744,7.16314974317817,101
"99",2010,2,7.07954545454545,44,7.6,6.39473684210526,6.5,7.08,7.07931034482759,25,19,5,15,29,2148,1221,927,271,873,1275,7.25460594972067,7.59796805896806,6.80234582524272,6.88431734317343,7.39096105383734,7.16124280784314,102
"100",2010,3,7.21041666666667,24,7.64285714285714,7.03235294117647,6.79166666666667,7.5,7.1525,7,17,6,4,20,2172,1228,944,277,877,1295,7.25411767034991,7.59822394136808,6.80648790254237,6.88231046931408,7.39145838084379,7.16110778378378,103
"101",2010,4,7.04761904761905,21,7.14583333333333,6.91666666666667,6.75,7.41,6.934375,12,9,4,5,16,2193,1240,953,281,882,1311,7.25214025535796,7.59384596774194,6.80752841552991,6.88042704626334,7.39156349206349,7.15834064073227,104
"102",2010,5,7.24516129032258,31,7.70833333333333,6.95263157894737,6.9,7.64285714285714,7.12916666666667,12,19,2,7,24,2224,1252,972,283,889,1335,7.2520429766187,7.59494329073483,6.81036479423868,6.88056537102473,7.39354218222722,7.15781616479401,105
"103",2010,6,6.925,32,7.125,6.805,6.25,6.42857142857143,7.064,12,20,6,7,25,2256,1264,992,289,896,1360,7.24740406914894,7.59048180379747,6.81025663306452,6.86747404844291,7.38600334821429,7.15609160294118,106
"104",2010,7,6.8,15,6.92857142857143,6.6875,7,7.625,6.5,7,8,1,4,11,2271,1271,1000,290,900,1371,7.24444895640687,7.58683634933124,6.80927458,6.86793103448276,7.38706555555556,7.15082755652808,107
"105",2010,8,7.18333333333333,24,7.28333333333333,7.08333333333333,7.5,6.5,7.32,12,12,2,4,20,2295,1283,1012,292,904,1391,7.24380983877996,7.58399766173032,6.81252428853755,6.8722602739726,7.38314048672567,7.15325994248742,108
"106",2010,9,6.8,26,7.2,6.33333333333333,6,6.4,6.8952380952381,14,12,3,5,21,2321,1297,1024,295,909,1412,7.23883825075399,7.57985273708558,6.80690876953125,6.86338983050848,7.37773267326733,7.14942250708215,109
"107",2010,10,6.69861111111111,36,6.775,6.6375,6.5,6.71153846153846,6.69130434782609,16,20,6,13,23,2357,1313,1044,301,922,1435,7.23058700890963,7.57004493526276,6.8036633908046,6.85614617940199,7.36833947939263,7.1420798466899,110
"108",2010,11,6.534375,32,7.06666666666667,6.06470588235294,6.9,6.64285714285714,6.504,15,17,4,7,25,2389,1328,1061,305,929,1460,7.22126143993303,7.56435918674699,6.79182335532517,6.85672131147541,7.36287298170075,7.13115382191781,111
"109",2010,12,7.325,32,7.78095238095238,6.45454545454545,6.6,7.75,6.9,21,11,5,16,16,2421,1349,1072,310,945,1476,7.22263262288311,7.56773091178651,6.78836248134329,6.85258064516129,7.36942751322751,7.12864808943089,112
"110",2011,1,7.12613636363636,44,7.34791666666667,6.86,7,6.93181818181818,7.19090909090909,24,20,7,11,33,2465,1373,1092,317,956,1509,7.22091017444219,7.56388856518573,6.78967452380953,6.85583596214511,7.36439225941423,7.13000966202783,113
"111",2011,2,7.03142857142857,35,7.26,6.86,6.48888888888889,7.47142857142857,6.92142857142857,15,20,9,7,28,2500,1388,1112,326,963,1537,7.218257432,7.56060446685879,6.7909393705036,6.84570552147239,7.36517030114226,7.12620987638256,114
"112",2011,3,6.80483870967742,31,7.52,6.46428571428571,6.5,7.28125,6.63913043478261,10,21,3,8,23,2531,1398,1133,329,971,1560,7.21319382852627,7.56031402002861,6.78488488967344,6.84255319148936,7.36447888774459,7.11902857692308,115
"113",2011,4,6.73181818181818,22,7.15,6.63888888888889,7.05,6.25,6.83888888888889,4,18,6,4,18,2553,1402,1151,335,975,1578,7.20904566392479,7.55914336661912,6.78260172024327,6.84626865671642,7.35990666666667,7.11583306717364,116
"114",2011,5,6.94285714285714,28,6.95833333333333,6.93125,6.4,6.78888888888889,7.01578947368421,12,16,4,9,19,2581,1414,1167,339,984,1597,7.20615791553661,7.55404455445545,6.78463974293059,6.84100294985251,7.35468394308943,7.11464281778334,117
"115",2011,6,6.76458333333333,24,7.59444444444444,6.26666666666667,6.66666666666667,6.37142857142857,6.92647058823529,9,15,3,7,17,2605,1423,1182,342,991,1614,7.20208966602687,7.55430007027407,6.77806648054146,6.83947368421053,7.34773864783048,7.11266083023544,118
"116",2011,7,7.12666666666667,30,7.58333333333333,6.82222222222222,6.33333333333333,7.25,7.04444444444444,12,18,3,12,18,2635,1435,1200,345,1003,1632,7.2012309601518,7.55454285714286,6.77872881666667,6.83507246376812,7.34656929212363,7.11190844362745,119
"117",2011,8,6.63391304347826,23,6.89076923076923,6.3,6.16666666666667,6.4375,6.73866666666667,13,10,3,8,15,2658,1448,1210,348,1011,1647,7.19632188863807,7.54858356353591,6.77477238016529,6.82931034482759,7.33937586547973,7.10850915604129,120
"118",2011,9,7.2921875,32,7.75,6.93611111111111,6.875,7.75,7.18653846153846,14,18,4,6,26,2690,1462,1228,352,1017,1673,7.19746229739777,7.55051231190151,6.77713728013029,6.82982954545454,7.34179842674533,7.10972180514046,121
"119",2011,10,6.9375,32,7.5,6.3,6.375,6.66666666666667,7.04347826086957,17,15,4,9,23,2722,1479,1243,356,1026,1696,7.19440616458486,7.54993171061528,6.77137938857603,6.82471910112359,7.33587621832359,7.10882345518868,122
"120",2011,11,6.66538461538462,26,7.03333333333333,6.47058823529412,7.2,7.16666666666667,6.515,9,17,5,6,20,2748,1488,1260,361,1032,1716,7.18940086608442,7.54680712365592,6.7673210952381,6.82991689750692,7.33489244186047,7.10190243589743,123
"121",2011,12,6.87142857142857,35,7.34615384615385,6.59090909090909,6.83333333333333,6.85,6.88,13,22,6,10,25,2783,1501,1282,367,1042,1741,7.18540193316565,7.54506928714191,6.76429374414977,6.8299727520436,7.33023896353167,7.09871601378518,124
"122",2012,1,6.56129032258065,31,6.86923076923077,6.33888888888889,5.6,6.11111111111111,6.74545454545455,13,18,5,9,22,2814,1514,1300,372,1051,1763,7.17852650319829,7.53926618229855,6.75840352307693,6.81344086021505,7.31979923882017,7.09430775950085,125
"123",2012,2,6.68928571428571,28,7.16666666666667,6.46315789473684,6.85714285714286,6.41666666666667,6.76363636363636,9,19,7,6,22,2842,1523,1319,379,1057,1785,7.17370639690359,7.53706434668418,6.75415055344958,6.81424802110818,7.31467265846736,7.09023225770308,126
"124",2012,3,7.26034482758621,29,7.58333333333333,7.03235294117647,6.85,7,7.34318181818182,12,17,5,7,22,2871,1535,1336,384,1064,1807,7.17458153256705,7.53742605863192,6.75769055389222,6.81471354166667,7.31260244360902,7.0933118871057,127
"125",2012,4,6.68,25,7,6.46666666666667,6.83333333333333,6.78571428571429,6.63888888888889,10,15,3,7,18,2896,1545,1351,387,1071,1825,7.17031200966851,7.53394757281553,6.75445934863065,6.81485788113695,7.30915873015873,7.08882990684931,128
"126",2012,5,6.6,20,7.5,5.7,8,6.75,6.5625,10,10,1,4,16,2916,1555,1361,388,1075,1841,7.16640040466392,7.53372926045016,6.74671166789126,6.81791237113402,7.30707813953489,7.08425561108093,129
"127",2012,6,7.48214285714286,14,7.39583333333333,8,7.375,7.875,7.1875,12,2,2,6,8,2930,1567,1363,390,1081,1849,7.16790907167235,7.5326732610083,6.74855068231842,6.82076923076923,7.31023034227567,7.08470231476474,130
"128",2012,7,7.14533333333333,15,7.16666666666667,7.13111111111111,7,7,7.19818181818182,6,9,3,4,11,2945,1573,1372,393,1085,1860,7.16779408488964,7.53127717736809,6.75106018950437,6.82213740458015,7.3090866359447,7.08537343010752,131
"129",2012,8,7.034375,16,7.35,6.71875,7,8.3,6.85357142857143,8,8,1,2,14,2961,1581,1380,394,1087,1874,7.16707314420804,7.53035989879823,6.75087288405797,6.82258883248731,7.31090984360626,7.08364171824973,132
"130",2012,9,6.37142857142857,14,6.66666666666667,6.29090909090909,7.5,6.175,6.45,3,11,1,4,10,2975,1584,1391,395,1091,1884,7.16332893445378,7.52872411616162,6.74723549964055,6.82430379746835,7.30674518790101,7.08027843949044,133
"131",2012,10,6.44038461538462,26,6.75,6.3475,5.44,6.53333333333333,6.4125,6,20,5,6,20,3001,1590,1411,400,1097,1904,7.15706550483172,7.5257855345912,6.74156951098512,6.807,7.30251504102097,7.07326396008403,134
"132",2012,11,6.72380952380952,21,7.4,6.10909090909091,6.425,6.74285714285714,6.71428571428571,10,11,4,7,14,3022,1600,1422,404,1104,1918,7.15405479152879,7.524999375,6.73667691983123,6.80321782178218,7.29896648550725,7.07064368091762,135
"133",2012,12,7.0875,28,7.434375,6.625,6.25,7.08333333333333,7.08863636363636,16,12,4,6,22,3050,1616,1434,408,1110,1940,7.15344379672131,7.5241021039604,6.73574238493724,6.79779411764706,7.2978009009009,7.07084772164948,136
"134",2013,1,6.916,25,7.1,6.8125,6.75,7,6.90454545454545,9,16,4,3,22,3075,1625,1450,412,1113,1962,7.15151335934959,7.52175323076923,6.73658936551724,6.79733009708738,7.29699820305481,7.06898296636085,137
"135",2013,2,6.95714285714286,14,7.42857142857143,6.48571428571429,6.38,6.58,7.16666666666667,7,7,5,5,9,3089,1632,1457,417,1118,1971,7.15063243120751,7.52135355392157,6.73538406314345,6.79232613908873,7.2937915921288,7.06942901065449,138
"136",2013,3,6.83529411764706,17,6.88,6.81666666666667,6.26,5.825,7.14615384615385,5,12,5,4,13,3106,1637,1469,422,1122,1984,7.14890649710238,7.51939462431277,6.73604804629,6.78601895734597,7.28855525846703,7.06993174395161,139
"137",2013,4,7.25,20,7.475,7.1,6.78,7.38333333333333,7.19285714285714,8,12,5,6,14,3126,1645,1481,427,1128,1998,7.14955328854767,7.51917872340425,6.73899701553005,6.78594847775176,7.28905939716312,7.07079308308308,140
"138",2013,5,7.02,25,7.05,7,6.5,6.91666666666667,7.05263157894737,10,15,9,6,19,3151,1655,1496,436,1134,2017,7.14852541415424,7.51634380664652,6.74161402406417,6.78004587155963,7.28708906525573,7.07062200297471,141
"139",2013,6,6.85,22,7.22,6.54166666666667,6.75,7.28571428571429,6.64666666666667,10,12,4,7,15,3173,1665,1508,440,1141,2032,7.14645558777183,7.51456396396396,6.74002293103448,6.77977272727273,7.28708063102542,7.06749241141732,142
"140",2013,7,6.64166666666667,24,7.3,6.3125,6.15,7.4,6.53333333333333,8,16,10,3,21,3197,1673,1524,450,1144,2053,7.14266611823585,7.51353795576808,6.73553450131234,6.76577777777778,7.28737674825175,7.0620285338529,143
"141",2013,8,6.83333333333333,18,7.9,6.42307692307692,6.16666666666667,6.9,6.80769230769231,5,13,6,5,13,3215,1678,1537,456,1149,2066,7.14093423950233,7.514689511323,6.73289172413793,6.7578947368421,7.28569103568321,7.060428160697,144
"142",2013,9,7.41,20,7.68181818181818,7.07777777777778,7.03333333333333,6.57142857142857,7.86153846153846,11,9,6,7,13,3235,1689,1546,462,1156,2079,7.14259770633694,7.51577797513321,6.73489946959897,6.76147186147186,7.28136591695502,7.06543750841751,145
"143",2013,10,6.91071428571429,28,7.4,6.63888888888889,6.7,7.83333333333333,6.8,10,18,5,3,25,3263,1699,1564,467,1159,2104,7.14060790070488,7.51509652736904,6.73379448849105,6.76081370449679,7.28279465056083,7.06228354562738,146
"144",2013,11,6.81521739130435,23,7.39583333333333,6.18181818181818,6.375,6.75,6.84375,12,11,4,7,16,3286,1711,1575,471,1166,2120,7.13833036518564,7.51426008182349,6.72993941587302,6.75753715498938,7.27959605488851,7.06063423584906,147
"145",2013,12,7.00037037037037,27,7.325,6.74066666666667,6.375,7.5325,6.77631578947368,12,15,4,8,19,3313,1723,1590,475,1174,2139,7.13720603078781,7.51294196169472,6.7300406163522,6.75431578947368,7.28131942078365,7.05810873305283,148
"146",2014,1,7.06714285714286,35,7.40277777777778,6.71176470588235,6.15,7.3,7.00892857142857,18,17,4,7,28,3348,1741,1607,479,1181,2167,7.13647359020311,7.5118029867892,6.72984728064717,6.74926931106472,7.28143014394581,7.05747327180434,149
"147",2014,2,6.548,25,6.77,6.4,6.05,6.4,6.585,10,15,10,5,20,3373,1751,1622,489,1186,2187,7.13211194189149,7.50756653340948,6.72679690505549,6.73496932515337,7.27771416526139,7.05315252857796,150
"148",2014,3,6.86086956521739,23,7.22857142857143,6.28888888888889,6.625,7.525,6.72105263157895,14,9,4,4,19,3396,1765,1631,493,1190,2206,7.1302749057715,7.50535354107649,6.72438049049663,6.7340770791075,7.27854537815126,7.05029219401632,151
"149",2014,4,7.21611111111111,18,7.21666666666667,7.21583333333333,7.16666666666667,7.1625,7.259,6,12,6,8,10,3414,1771,1643,499,1198,2216,7.13072746924429,7.50437549407115,6.72796992087645,6.73927855711423,7.27777045075126,7.05123401624549,152
"150",2014,5,6.524,20,6.78571428571429,6.38307692307692,6.216,6.75,6.44866666666667,7,13,5,5,15,3434,1778,1656,504,1203,2231,7.12719382061736,7.5015461192351,6.72526242753623,6.7340873015873,7.27557689110557,7.04718268937696,153
"151",2014,6,6.38571428571429,7,7.4,5.625,6.75,4.75,7.04,3,4,2,2,5,3441,1781,1660,506,1205,2236,7.12568543446673,7.50137507018529,6.72261119277109,6.73415019762846,7.27138506224067,7.04716662790698,154
"152",2014,7,7.04166666666667,12,7.3,6.85714285714286,6.5,10,6.77272727272727,5,7,2,1,11,3453,1786,1667,508,1206,2247,7.12539344917463,7.50081131019037,6.72317611277745,6.73322834645669,7.27364759535655,7.04582313306631,155
"153",2014,8,6.53095238095238,21,7.19444444444444,6.03333333333333,5.65,5.625,7.08846153846154,9,12,6,8,13,3474,1795,1679,514,1214,2260,7.121800109384,7.49927520891365,6.71824572960096,6.72058365758755,7.26278336079078,7.04606839823009,156
"154",2014,9,6.88,15,7.925,6.5,6.25,7.625,6.60909090909091,4,11,4,4,11,3489,1799,1690,518,1218,2271,7.12076055603325,7.50022178988327,6.71682519526628,6.71694980694981,7.26397290640394,7.04395181858212,157
"155",2014,10,7.42,15,7.5,7.39090909090909,7.32857142857143,7.48,7.39,4,11,7,5,10,3504,1803,1701,525,1223,2281,7.12204154680365,7.50022129783694,6.72118435038213,6.72510476190476,7.26485609157809,7.04546890837352,158
"156",2014,11,6.588,25,7.38888888888889,6.1375,6.14285714285714,6.70833333333333,6.47692307692308,9,16,7,12,13,3529,1812,1717,532,1235,2294,7.1182583111363,7.49966832229581,6.71574524170064,6.71744360902256,7.25944858299595,7.04224698343505,159
"157",2014,12,6.85833333333333,12,7.375,5.825,5.83333333333333,7.75,6.68,8,4,3,2,10,3541,1820,1721,535,1237,2304,7.1173774583451,7.49912032967033,6.71367494479954,6.71248598130841,7.26024171382377,7.04067473090278,160
"158",2015,1,6.26153846153846,26,6.45,6.04166666666667,6.9,5.86666666666667,6.31304347826087,14,12,5,3,23,3567,1834,1733,540,1240,2327,7.11113921502663,7.49111177753544,6.70902168493941,6.71422222222222,7.25687016129033,7.03348284486463,161
"159",2015,2,6.61111111111111,9,7.125,6.2,6,7,6.5625,4,5,2,1,8,3576,1838,1738,542,1241,2335,7.10988075503356,7.49031501632209,6.70755729574223,6.71158671586716,7.25666317485899,7.03186919914347,162
"160",2015,3,7.06428571428571,14,7.8625,6,6.66666666666667,8.2,6.43333333333333,8,6,3,5,9,3590,1846,1744,545,1246,2344,7.10970294707521,7.49192795232936,6.70512303899083,6.71133944954128,7.26044863563403,7.0295710665529,163
"161",2015,4,7.03125,16,8.16,6.51818181818182,6.75,7,7.03846153846154,5,11,4,3,13,3606,1851,1755,549,1249,2357,7.10935484747643,7.49373257698541,6.70395132763533,6.71162112932605,7.25982305844676,7.02962010182436,164
"162",2015,5,6.7,20,7,6.53846153846154,6.7,6.5,6.72222222222222,7,13,5,2,18,3626,1858,1768,554,1251,2375,7.10709696083839,7.49187244348762,6.70273449095023,6.71151624548736,7.25860831334932,7.02729034947369,165
"163",2015,6,6.47090909090909,11,6.47666666666667,6.46875,7.1875,7.47666666666667,6.09375,3,8,4,3,8,3637,1861,1776,558,1254,2383,7.10517282925488,7.49023589468028,6.70168050675676,6.71492831541219,7.25912998405104,7.02415634913974,166
"164",2015,7,7.0625,24,7.9375,6.625,6.76666666666667,6.6,7.155,8,16,9,4,20,3661,1869,1792,567,1258,2403,7.10489308385687,7.49215034777956,6.700995859375,6.71574955908289,7.25703418124007,7.02524535164378,167
"165",2015,8,6.81153846153846,26,7.44444444444444,6.47647058823529,6.15,7.17142857142857,6.67894736842105,9,17,8,7,19,3687,1878,1809,575,1265,2422,7.10282440466504,7.49192172523962,6.69888589275843,6.70787826086957,7.2565604743083,7.0225287283237,168
"166",2015,9,6.875,12,7,6.625,7.5,6.825,6.9,8,4,1,4,8,3699,1886,1813,576,1269,2430,7.10208531494999,7.48983510074231,6.69872287920574,6.70925347222222,7.25520015760442,7.02212534156379,169
"167",2015,10,6.63857142857143,21,7.21222222222222,6.20833333333333,6.5,5.91571428571429,7,9,12,3,7,14,3720,1895,1825,579,1276,2444,7.09946870430108,7.48851662269129,6.6954984,6.70816925734024,7.24785188087775,7.02199860065467,170
"168",2015,11,6.60833333333333,24,7,6.27692307692308,7.2,6.92857142857143,6.47647058823529,11,13,3,7,17,3744,1906,1838,582,1283,2461,7.09632040064103,7.48569727177335,6.69253785636562,6.71070446735395,7.24610989867498,7.01823022348639,171
"169",2015,12,7.33157894736842,19,7.64285714285714,7.15,6.56,6.5,7.71538461538462,7,12,5,6,13,3763,1913,1850,587,1289,2474,7.09750825936753,7.4862723470988,6.69550517837838,6.70942078364565,7.24263692785105,7.02189352465643,172
"170",2016,1,6.204,25,6.75555555555556,5.89375,5.8125,6.66666666666667,6.05789473684211,9,16,8,6,19,3788,1922,1866,595,1295,2493,7.09161129355861,7.48285067637877,6.68863053590568,6.69736134453781,7.23996833976834,7.01454656237465,173
"171",2016,2,6.88125,16,7.01111111111111,6.71428571428571,6.83333333333333,6.66666666666667,6.93076923076923,9,7,3,3,13,3804,1931,1873,598,1298,2506,7.09072649316509,7.4806519937856,6.68872641751202,6.69804347826087,7.23864329738059,7.01411196328811,174
"172",2016,3,7.315,20,7.42222222222222,7.22727272727273,6.125,6.5,7.58666666666667,9,11,4,5,15,3824,1940,1884,602,1303,2521,7.09189947175732,7.48038092783505,6.69187079617835,6.69423588039867,7.23580890253262,7.01751867512892,175
"173",2016,4,6.75384615384615,13,7.07142857142857,6.38333333333333,6,8,6.65,7,6,1,1,12,3837,1947,1890,603,1304,2533,7.09075412561897,7.47891063174114,6.69089131216931,6.69308457711443,7.23639493865031,7.01577756810107,176
"174",2016,5,6.66666666666667,27,6.58333333333333,6.73333333333333,6.5,6.83333333333333,6.64583333333333,12,15,8,3,24,3864,1959,1905,611,1307,2557,7.0877907815735,7.4734247064829,6.69122550131234,6.69055646481178,7.23546977811783,7.01230527180289,177
"175",2016,6,6.49565217391304,23,6.5,6.49411764705882,6.25,6.4,6.52222222222222,6,17,4,5,18,3887,1965,1922,615,1312,2575,7.08428700282995,7.4704524173028,6.68948209157128,6.68769105691057,7.23228582317073,7.00887944854369,178
"176",2016,7,6.916,25,7.3,6.34,6.1,7.875,6.73333333333333,15,10,1,4,21,3912,1980,1932,616,1316,2596,7.08321154907975,7.46916111111111,6.68767317805383,6.68673701298701,7.23423936170213,7.00665045454546,179
"177",2016,8,6.70192307692308,26,7.43181818181818,6.16666666666667,6.7,6,6.96052631578947,11,15,5,7,19,3938,1991,1947,621,1323,2615,7.08069415439309,7.46895479658463,6.68365926040062,6.68684380032206,7.227708994709,7.00631532695985,180
"178",2016,9,6.91176470588235,17,7.3,6.75,6.75,6.5,7,5,12,4,3,14,3955,1996,1959,625,1326,2629,7.07996803539823,7.46853156312625,6.68406563552833,6.687248,7.22606259426848,7.00628169646253,181
"179",2016,10,6.44705882352941,17,7.21428571428571,5.91,6.25,6.125,6.54615384615385,7,10,4,4,13,3972,2003,1969,629,1330,2642,7.07725920946626,7.46764303544683,6.68013437277806,6.68446740858506,7.22275112781955,7.00401763058289,182
"180",2016,11,6.905,20,7.13,6.68,7.2,7.6,6.78235294117647,10,10,4,3,17,3992,2013,1979,633,1333,2659,7.07639618737475,7.46596572280179,6.68013369378474,6.68772511848341,7.22360015003751,7.00260044377586,183
"181",2016,12,6.9125,24,7.60714285714286,5.94,6.8,7.85,6.725,14,10,3,4,20,4016,2027,1989,636,1337,2679,7.07541672808765,7.46694079921066,6.67641255907491,6.68825471698113,7.22547419596111,7.00052802538261,184
"182",2017,1,6.47058823529412,17,6.92857142857143,6.15,5.9,6.5,6.46153846153846,7,10,5,4,13,4033,2034,1999,641,1341,2692,7.07286724026779,7.46508800393314,6.6737791795898,6.68210608424337,7.22331021625653,6.99792517830609,185
"183",2017,2,6.975,20,7.5,6.54545454545455,6.625,7,6.96428571428571,9,11,4,6,14,4053,2043,2010,645,1347,2706,7.07238430298544,7.46524180127264,6.67307690547264,6.6817519379845,7.2223155159614,6.99775113821138,186
"184",2017,3,7.22727272727273,11,7.22727272727273,NA,NA,7.5,7,11,0,0,5,6,4064,2054,2010,645,1352,2712,7.07280353838583,7.46396738072054,6.67307690547264,6.6817519379845,7.2233424556213,6.99775611356932,187
"185",2017,4,7.48736842105263,19,7.34375,7.59181818181818,7.16666666666667,8.01666666666667,7.388125,8,11,3,3,16,4083,2062,2021,648,1355,2728,7.0747326916483,7.4635009699321,6.67807747649678,6.68399691358025,7.22509889298893,7.00004566715543,188
"186",2017,5,7.13333333333333,24,7.64166666666667,6.625,6,6.8,7.22105263157895,12,12,6,5,19,4107,2074,2033,654,1360,2747,7.07507513513514,7.46453182256509,6.67776418101328,6.67772171253823,7.22353602941177,7.00157429195486,189
"187",2017,6,6.57692307692308,13,7,6.3125,5,6.64285714285714,6.5,5,8,1,7,6,4120,2079,2041,655,1367,2753,7.0735032961165,7.46341462241462,6.67633247427732,6.67516030534351,7.22056254572056,7.00048114057392,190
"188",2017,7,5.984375,16,7.25,4.71875,7,7.95,5.70357142857143,8,8,1,2,14,4136,2087,2049,656,1369,2767,7.06929003384913,7.46259655007187,6.66868939970718,6.67565548780488,7.22162819576333,6.99391925551138,191
"189",2017,8,7.015,14,7.8,6.57888888888889,6.66666666666667,6.73666666666667,7.09090909090909,5,9,3,3,11,4150,2092,2058,659,1372,2778,7.06910688674699,7.46340296367113,6.66829668610301,6.67561456752656,7.22056778425656,6.99430330453564,192
"190",2017,9,6.785,20,6.7125,6.83333333333333,6.66666666666667,5,6.87894736842105,8,12,6,1,19,4170,2100,2070,665,1373,2797,7.06774426378897,7.46054238095238,6.66925342028986,6.67553383458647,7.21895047341588,6.99351969252771,193
"191",2017,10,6.45833333333333,12,7.16666666666667,5.75,4.75,8,6.31818181818182,6,6,2,1,11,4182,2106,2076,667,1374,2808,7.06599559540889,7.45970512820513,6.66659661849711,6.66976011994003,7.21951892285298,6.99087413817664,194
"192",2017,11,6.95833333333333,12,7,6.94444444444444,7.3,7.5,6.85,3,9,5,2,10,4194,2109,2085,672,1376,2818,7.06568754887935,7.45905120910384,6.6677959616307,6.6744494047619,7.21992659883721,6.99037422995032,195
"193",2017,12,6.45416666666667,24,6.89,6.14285714285714,6.1,6.5,6.445,10,14,5,4,20,4218,2119,2099,677,1380,2838,7.06220805595069,7.45636573855592,6.66429470223916,6.67020679468242,7.21783985507246,6.9865308597604,196
"194",2018,1,7.4301,10,7.1335,7.875,NA,7.5,7.42233333333333,6,4,0,1,9,4228,2125,2103,677,1381,2847,7.06307818826869,7.45545411764706,6.66659751783167,6.67020679468242,7.21804417089066,6.98790852827538,197
"195",2018,2,7.06923076923077,13,7.625,6.18,NA,6.6,7.27777777777778,8,5,0,4,9,4241,2133,2108,677,1385,2856,7.06309704786607,7.4560900140647,6.66544334914611,6.67020679468242,7.21625920577617,6.98882198179272,198
"196",2018,3,6.72242105263158,19,8.1815,6.33333333333333,6.08333333333333,5.9,7.01614285714286,4,15,6,5,14,4260,2137,2123,683,1390,2870,7.06157760093897,7.45744782405241,6.66309683466792,6.66505124450952,7.21152446043165,6.9889552543554,199
"197",2018,4,6.45833333333333,12,6.6,6.35714285714286,6.33333333333333,6,6.6875,5,7,3,4,8,4272,2142,2130,686,1394,2878,7.05988309456929,7.45544631185808,6.66209135211268,6.66360058309038,7.20804806312769,6.98811729673384,200
"198",2018,5,6.84444444444444,18,8.3,6.28461538461538,5,9.5,6.68823529411765,5,13,3,1,17,4290,2147,2143,689,1395,2895,7.05897915617716,7.45741313460643,6.65980148390107,6.65635703918723,7.20969103942652,6.98635633160622,201
"199",2018,6,6.82,10,7.56666666666667,6.5,5.5,NA,6.82,3,7,3,0,10,4300,2150,2150,692,1395,2905,7.05842339069767,7.45756558139535,6.6592812,6.65134393063584,7.20969103942652,6.98578367641997,202
"200",2018,7,6.85714285714286,7,7.66666666666667,6.25,5.83333333333333,7.5,6,3,4,3,4,3,4307,2153,2154,695,1399,2908,7.05809625725563,7.45785694379935,6.65852116063138,6.64781294964029,7.21052108649035,6.98476670563961,203
"201",2018,8,6.98235294117647,17,7.3,6.4,6.55,7.1,6.975,11,6,2,1,16,4324,2164,2160,697,1400,2924,7.05779846901018,7.45705452865065,6.6578030462963,6.64753228120516,7.21044214285714,6.9847132626539,204
"202",2018,9,6.9,13,7.1,6.66666666666667,7,6.4,7.2125,7,6,1,5,8,4337,2171,2166,698,1405,2932,7.05732547382984,7.45590327038231,6.65782759926131,6.64803724928367,7.20755800711744,6.98533478171896,205
"203",2018,10,6.98476190476191,21,7.18166666666667,6.72222222222222,6.5,7,6.98,12,9,2,5,16,4358,2183,2175,700,1410,2948,7.05697581000459,7.45439578561613,6.65809405977012,6.64761428571429,7.2068219858156,6.98530582767978,206
"204",2018,11,6.96379310344828,29,7.51470588235294,6.18333333333333,5.5,7.2125,6.86904761904762,17,12,4,8,21,4387,2200,2187,704,1418,2969,7.05635983131981,7.45486181818182,6.65548906264289,6.64109375,7.20685401974612,6.98448352307174,207
"205",2018,12,7.10333333333333,30,7.57272727272727,6.83157894736842,6.75,7.43333333333333,7.02083333333333,11,19,4,6,24,4417,2211,2206,708,1424,2993,7.05667887253792,7.45544821347807,6.65700570262919,6.64170903954802,7.20780828651685,6.98477500167056,208
"206",2019,1,7.07037037037037,27,7.68571428571429,6.40769230769231,6.8,7.88333333333333,6.83809523809524,14,13,5,6,21,4444,2225,2219,713,1430,3014,7.05676205670567,7.45689707865169,6.65554510139703,6.6428190743338,7.21064265734266,6.98375301260783,209
"207",2019,2,7.27294117647059,34,7.5904347826087,6.60909090909091,6.9,6.93142857142857,7.36148148148148,23,11,1,7,27,4478,2248,2230,714,1437,3041,7.058403434569,7.45826334519573,6.65531595515695,6.64317927170868,7.20928253305498,6.98710673462677,210
"208",2019,3,6.81777777777778,18,7.44571428571429,6.41818181818182,6.36666666666667,6.40333333333333,7.025,7,11,3,6,12,4496,2255,2241,717,1443,3053,7.05744007562278,7.4582243902439,6.65415197679607,6.64202231520223,7.20593139293139,6.98725567638388,211
"209",2019,4,7.06944444444444,18,7.38636363636364,6.57142857142857,6,6,7.13235294117647,11,7,3,1,17,4514,2266,2248,720,1444,3070,7.05748794417368,7.45787555163283,6.653894386121,6.63934722222222,7.20509626038781,6.9880591465798,212
"210",2019,5,6.95952380952381,21,7.37857142857143,6.75,7,6.75,7.00882352941176,7,14,1,4,17,4535,2273,2262,721,1448,3087,7.05703430650496,7.45763132424109,6.65448920424403,6.63984743411928,7.20383908839779,6.98817349530288,213
"211",2019,6,7.06041666666667,24,7.29733333333333,6.66555555555556,7,6.83333333333333,7.13611111111111,15,9,1,6,18,4559,2288,2271,722,1454,3105,7.05705211230533,7.45658041958042,6.65453306032585,6.64034626038781,7.20231017881706,6.98903110466989,214
"212",2019,7,6.95619047619048,21,6.79818181818182,7.13,6.66666666666667,7,6.95157894736842,11,10,3,2,19,4580,2299,2281,725,1456,3124,7.05658964628821,7.45343018703784,6.65661752740026,6.64045517241379,7.20203228021978,6.98880332266325,215
"213",2019,8,7.10294117647059,17,7.40625,6.83333333333333,6.33333333333333,7.25,7.05769230769231,8,9,3,4,13,4597,2307,2290,728,1460,3137,7.05676105721123,7.45326657997399,6.65731204366812,6.63918956043956,7.20216369863014,6.98908880459037,216
"214",2019,9,6.96129032258064,31,7.875,6.38421052631579,6.2,7.42857142857143,6.825,12,19,5,7,24,4628,2319,2309,733,1467,3161,7.05612156006915,7.4554489003881,6.6550647812906,6.63619372442019,7.20324403544649,6.98784295476115,217
"215",2019,10,6.72692307692308,13,6.925,6.55714285714286,6,6.575,6.79444444444444,6,7,2,4,9,4641,2325,2316,735,1471,3170,7.0551994354665,7.45408,6.65476881692573,6.63446258503401,7.2015356900068,6.98729387381703,218
"216",2019,11,6.88823529411765,17,7.14545454545455,6.41666666666667,5.55,6.66666666666667,6.93571428571429,11,6,2,3,14,4658,2336,2322,737,1474,3184,7.05459007728639,7.45262671232877,6.65415356589147,6.6315196743555,7.20044708276798,6.98706707914573,219
"217",2019,12,6.91,20,7.15714285714286,6.33333333333333,5.66666666666667,6.7,6.98,14,6,3,5,15,4678,2350,2328,740,1479,3199,7.05397190679778,7.45086638297872,6.65332670962199,6.62760810810811,7.19875524002705,6.98703394185683,220
"218",2020,1,6.74264705882353,34,7.39210526315789,5.92,6.8875,6.925,6.71833333333333,19,15,4,4,30,4712,2369,2343,744,1483,3229,7.05172550509338,7.45039510341916,6.64863191634656,6.62900537634409,7.19801685772084,6.9845374976773,221
"219",2020,2,7.05769230769231,26,6.95833333333333,7.14285714285714,6.83333333333333,7.125,7.04545454545455,12,14,3,4,22,4738,2381,2357,747,1487,3251,7.05175824820599,7.44791516169677,6.65156749257531,6.62982597054886,7.19782044384667,6.98494973239003,222
"220",2020,3,7.18,20,7.45833333333333,6.7625,6.4,6,7.31111111111111,12,8,5,2,18,4758,2393,2365,752,1489,3269,7.05229730559058,7.44796740493105,6.65194273995772,6.62829787234043,7.19621155137676,6.98674566534108,223
"221",2020,4,6.56818181818182,11,7.03571428571429,5.75,NA,NA,6.56818181818182,7,4,0,0,11,4769,2400,2369,752,1489,3280,7.05118066261271,7.446765,6.65041983115239,6.62829787234043,7.19621155137676,6.98534194512195,224
"222",2020,5,7.12,15,7.7,6.25,5.9,7.63333333333333,6.99166666666667,9,6,5,3,12,4784,2409,2375,757,1492,3292,7.05139644230769,7.44771108343711,6.64940824421053,6.62348745046235,7.19709048257373,6.985365,225
"223",2020,6,7.1,20,7.72727272727273,6.33333333333333,6,7.725,6.94375,11,9,1,4,16,4804,2420,2384,758,1496,3308,7.05159878850958,7.44898181818182,6.64821500838926,6.62266490765172,7.19850200534759,6.98516371825877,226
"224",2020,7,6.89333333333333,15,7.1,6.58333333333333,6.25,7.25,6.83846153846154,9,6,4,2,13,4819,2429,2390,762,1498,3321,7.05110615895414,7.44768876080692,6.64805212552301,6.62070866141732,7.19857076101469,6.98458945498344,227
"225",2020,8,6.97222222222222,18,7.5,6.44444444444444,5.25,5.25,7.1875,9,9,2,2,16,4837,2438,2399,764,1500,3337,7.0508126069878,7.44788187038556,6.64728827844935,6.61712041884817,7.19597266666667,6.98556235540905,228
"226",2020,9,7.05333333333333,15,7.61428571428571,6.5625,NA,7,7.05714285714286,7,8,0,1,14,4852,2445,2407,764,1501,3351,7.05082039983512,7.44835828220859,6.6470064727877,6.61712041884817,7.19584210526316,6.98586140853477,229
"227",2020,10,6.86764705882353,17,7.175,6.42857142857143,6,8.5,6.65,10,7,1,2,15,4869,2455,2414,765,1503,3366,7.05018085438489,7.44724480651731,6.64637306545153,6.6163137254902,7.19757751164338,6.98436469994058,230
"228",2020,11,7.06666666666667,18,7.46363636363636,6.44285714285714,5.66666666666667,7.5,6.98,11,7,3,3,15,4887,2466,2421,768,1506,3381,7.05024157560876,7.44731792376318,6.64578462618753,6.61260416666667,7.19817994687915,6.9843453356995,231
"229",2020,12,6.44166666666667,12,7.54285714285714,4.9,4.5,6.5,6.42222222222222,7,5,1,3,9,4899,2473,2426,769,1509,3390,7.04875088385385,7.44758835422564,6.64218655399835,6.60985695708713,7.19679191517561,6.98285297345133,232
"230",2021,1,7.00869565217391,23,7.225,6.77272727272727,6.5,7.25,6.98571428571429,12,11,4,2,21,4922,2485,2437,773,1511,3411,7.04856370987404,7.44651348088531,6.64277578169881,6.60928848641656,7.19686234281933,6.98287058927001,233
"231",2021,2,6.51875,16,6.84285714285714,6.26666666666667,5.66666666666667,6.38,6.58181818181818,7,9,3,5,11,4938,2492,2446,776,1516,3422,7.04684701903605,7.44481781701445,6.64139189697465,6.60564432989691,7.19416820580475,6.98158140853302,234
"232",2021,3,7.04105263157895,19,6.91285714285714,7.4,9,6.66666666666667,7.11125,14,5,1,3,16,4957,2506,2451,777,1519,3438,7.0468248093605,7.44184596967279,6.64293944512444,6.60872586872587,7.19312639894668,6.98218486910995,235
"233",2021,4,6.85333333333333,15,7.25,6.58888888888889,6.4,6.4,6.92307692307692,6,9,2,2,13,4972,2512,2460,779,1521,3451,7.04624106596943,7.4413877388535,6.64274169918699,6.60818998716303,7.19208349769888,6.98196220805564,236
"234",2021,5,7.07142857142857,14,7.5,6,6,8.25,6.875,10,4,2,2,12,4986,2522,2464,781,1523,3463,7.04631178900923,7.44162014274385,6.64169828733766,6.60663252240717,7.19347275114905,6.98159156222928,237
"235",2021,6,6.25,8,7.66666666666667,5.4,6,4,6.57142857142857,3,5,2,1,7,4994,2525,2469,783,1524,3470,7.04503615939127,7.44188752475247,6.63918371000405,6.60508301404853,7.19137729658793,6.98076414409222,238
"236",2021,7,7.37,18,7.82,6.2,6,7,7.51230769230769,13,5,4,5,13,5012,2538,2474,787,1529,3483,7.0462032282522,7.44382427107959,6.63829611156023,6.60200762388818,7.19075147155003,6.98274808498421,239
"237",2021,8,7.14375,16,7.43636363636364,6.5,6,6.33333333333333,7.33076923076923,11,5,2,3,13,5028,2549,2479,789,1532,3496,7.04651363961814,7.44379207532366,6.63801717628076,6.60048162230672,7.18907245430809,6.98404221395881,240
"238",2021,9,7.025,12,7.35,6.375,6.5,7.5,6.98181818181818,8,4,2,1,11,5040,2557,2483,791,1533,3507,7.04646241666667,7.44349863120845,6.63759346757954,6.60022756005057,7.18927527723418,6.98403523809524,241
"239",2021,10,7.24285714285714,14,7.4,7.08571428571429,6.5,6.75,7.325,7,7,2,2,12,5054,2564,2490,793,1535,3519,7.04700644637911,7.44337987519501,6.63885324497992,6.59997477931904,7.18870293159609,6.98519794828076,242
"240",2021,11,7.08333333333333,12,7,7.5,7,8,7,10,2,1,1,11,5066,2574,2492,794,1536,3530,7.04709249506514,7.44165734265734,6.63954437399679,6.60047858942066,7.18923111979167,6.98524407365439,243
"241",2021,12,6.38095238095238,21,6.6625,6.20769230769231,5.5,7.1,6.15625,8,13,6,5,16,5087,2582,2505,800,1541,3546,7.04434255553372,7.43924322230829,6.6373032255489,6.592225,7.188941596366,6.98150354765933,244
"242",2022,1,7.18695652173913,23,7.59285714285714,6.55555555555556,5.66666666666667,8.2,6.90555555555556,14,9,3,5,18,5110,2596,2514,803,1546,3564,7.04498445792564,7.44007164869029,6.63701057279236,6.58876712328767,7.19221151358344,6.98111997194164,245
"243",2022,2,7.032,20,6.814,7.25,NA,7.21333333333333,7,10,10,0,3,17,5130,2606,2524,803,1549,3581,7.04493383625731,7.43766922486569,6.6394392155309,6.58876712328767,7.19225242091672,6.9812096006702,246
"244",2022,3,6.79705882352941,17,6.94375,6.66666666666667,5,7.05,6.69166666666667,8,9,1,5,12,5147,2614,2533,804,1554,3593,7.04411513114436,7.43615761285386,6.63953595736281,6.58679104477612,7.19179472329472,6.98024257723351,247
"245",2022,4,7.01176470588235,17,7.775,6.33333333333333,6.75,6.73333333333333,7.07142857142857,8,9,2,3,14,5164,2622,2542,806,1557,3607,7.04400863284276,7.43719145690313,6.63845184107002,6.58719602977668,7.19091136801541,6.98059650124757,248
"246",2022,5,6.7384,30,7.4826,5.25,6.75,8.213,6.51153846153846,20,10,2,4,26,5194,2642,2552,808,1561,3633,7.04224346938776,7.4375352006056,6.63301119905956,6.58759900990099,7.19353042921204,6.97723963115882,249
"247",2022,6,6.43666666666667,15,6.56111111111111,6.25,7.5,6,6.50384615384615,9,6,2,2,13,5209,2651,2558,810,1563,3646,7.04049963140719,7.43455978875896,6.63211281469898,6.58985185185185,7.19200319897633,6.97555172243554,250
"248",2022,7,7.09375,16,7.7,6.81818181818182,4,6.375,7.33333333333333,5,11,3,4,12,5225,2656,2569,813,1567,3658,7.04066269473685,7.4350594879518,6.63290952899961,6.58029520295203,7.18991767708998,6.97672541826134,251
"249",2022,8,7.5,32,8.11176470588235,6.80666666666667,6.95,7.48571428571429,7.504,17,15,2,7,25,5257,2673,2584,815,1574,3683,7.0434587369222,7.43936326225215,6.63391818111455,6.58120245398773,7.1912331639136,6.98030452891664,252
"250",2022,9,7.58333333333333,18,7.34545454545455,7.95714285714286,NA,7.625,7.57142857142857,11,7,0,4,14,5275,2684,2591,815,1578,3697,7.04530096303318,7.43897839046199,6.63749308375145,6.58120245398773,7.19233269961977,6.98254302948336,253
"251",2022,10,7.4715,20,7.92090909090909,6.92222222222222,5,7.26666666666667,7.50764705882353,11,9,1,3,17,5295,2695,2600,816,1581,3714,7.04691077998112,7.44094545454545,6.63847868461538,6.57926470588235,7.19247375079064,6.98494657512116,254
"252",2022,11,7.06764705882353,34,7.41176470588235,6.72352941176471,5.5,7.05,7.075,17,17,2,10,24,5329,2712,2617,818,1591,3738,7.04704308125352,7.44076253687315,6.63903117309897,6.57662591687042,7.19157825267128,6.98552476725522,255
"253",2022,12,6.85172413793103,29,7.49285714285714,6.25333333333333,6.16666666666667,9,6.775,14,15,3,1,28,5358,2726,2632,821,1592,3766,7.04598592385219,7.44103008070433,6.63683304711246,6.57512789281364,7.1927141959799,6.98395952734997,256
