"","year","month","avg_rating","no_ratings","avg_rating_owned","avg_rating_not_owned","avg_rating_prev_owned","avg_rating_comment","avg_rating_no_comment","no_ratings_owned","no_ratings_not_owned","no_ratings_prev_owned","no_ratings_comment","no_ratings_no_comment","cum_no_ratings","cum_no_ratings_owned","cum_no_ratings_not_owned","cum_no_ratings_prev_owned","cum_no_ratings_comment","cum_no_ratings_no_comment","cum_avg_rating","cum_avg_rating_owned","cum_avg_rating_not_owned","cum_avg_rating_prev_owned","cum_avg_rating_comment","cum_avg_rating_no_comment","month_after_release"
"1",2001,5,7.9,1,7.9,NA,NA,NA,7.9,1,0,0,0,1,1,1,0,0,0,1,7.9,7.9,NA,NA,NA,7.9,0
"2",2001,8,7.5,2,7,8,NA,NA,7.5,1,1,0,0,2,3,2,1,0,0,3,7.63333333333333,7.45,8,NA,NA,7.63333333333333,3
"3",2001,10,7,1,7,NA,NA,NA,7,1,0,0,0,1,4,3,1,0,0,4,7.475,7.3,8,NA,NA,7.475,5
"4",2001,11,5,1,5,NA,NA,NA,5,1,0,0,0,1,5,4,1,0,0,5,6.98,6.725,8,NA,NA,6.98,6
"5",2001,12,7,1,7,NA,NA,NA,7,1,0,0,0,1,6,5,1,0,0,6,6.98333333333333,6.78,8,NA,NA,6.98333333333333,7
"6",2002,2,6,1,6,NA,NA,6,NA,1,0,0,1,0,7,6,1,0,1,6,6.84285714285714,6.65,8,NA,6,6.98333333333333,9
"7",2002,3,6,1,6,NA,NA,NA,6,1,0,0,0,1,8,7,1,0,1,7,6.7375,6.55714285714286,8,NA,6,6.84285714285714,10
"8",2002,4,7,2,7,NA,NA,8,6,2,0,0,1,1,10,9,1,0,2,8,6.79,6.65555555555556,8,NA,7,6.7375,11
"9",2002,5,7,1,7,NA,NA,NA,7,1,0,0,0,1,11,10,1,0,2,9,6.80909090909091,6.69,8,NA,7,6.76666666666667,12
"10",2002,6,7,3,6.5,7.25,7,7,7,1,2,1,1,2,14,11,3,1,3,11,6.85,6.67272727272727,7.5,7,7,6.80909090909091,13
"11",2002,7,6,2,7,5,NA,NA,6,1,1,0,0,2,16,12,4,1,3,13,6.74375,6.7,6.875,7,7,6.68461538461538,14
"12",2002,8,6,5,6,NA,NA,6.25,5,5,0,0,4,1,21,17,4,1,7,14,6.56666666666667,6.49411764705882,6.875,7,6.57142857142857,6.56428571428571,15
"13",2002,9,7,1,7,NA,NA,NA,7,1,0,0,0,1,22,18,4,1,7,15,6.58636363636364,6.52222222222222,6.875,7,6.57142857142857,6.59333333333333,16
"14",2002,10,6,4,6,6,NA,6.5,5.5,3,1,0,2,2,26,21,5,1,9,17,6.49615384615385,6.44761904761905,6.7,7,6.55555555555556,6.46470588235294,17
"15",2002,11,7,2,7,NA,NA,6,8,2,0,0,1,1,28,23,5,1,10,18,6.53214285714286,6.49565217391304,6.7,7,6.5,6.55,18
"16",2002,12,7.75,2,7.75,NA,NA,7.5,8,2,0,0,1,1,30,25,5,1,11,19,6.61333333333333,6.596,6.7,7,6.59090909090909,6.62631578947368,19
"17",2003,1,5.28571428571429,7,5.5,5,4,5.5,5.2,4,3,1,2,5,37,29,8,2,13,24,6.36216216216216,6.4448275862069,6.0625,5.5,6.42307692307692,6.32916666666667,20
"18",2003,3,6.8,5,7.5,6.33333333333333,8,8,6,2,3,1,2,3,42,31,11,3,15,27,6.41428571428571,6.51290322580645,6.13636363636364,6.33333333333333,6.63333333333333,6.29259259259259,22
"19",2003,4,5.875,8,6.5,4,NA,5.8,6,6,2,0,5,3,50,37,13,3,20,30,6.328,6.51081081081081,5.80769230769231,6.33333333333333,6.425,6.26333333333333,23
"20",2003,5,4.66666666666667,3,NA,4.66666666666667,5,5,4.5,0,3,1,1,2,53,37,16,4,21,32,6.23396226415094,6.51081081081081,5.59375,6,6.35714285714286,6.153125,24
"21",2003,6,5.2,5,5.66666666666667,4.5,5,4.33333333333333,6.5,3,2,1,3,2,58,40,18,5,24,34,6.1448275862069,6.4475,5.47222222222222,5.8,6.10416666666667,6.17352941176471,25
"22",2003,7,6.05555555555556,9,6.07142857142857,6,NA,6,6.125,7,2,0,5,4,67,47,20,5,29,38,6.13283582089552,6.39148936170213,5.525,5.8,6.08620689655172,6.16842105263158,26
"23",2003,8,6.15384615384615,13,6.6,4.66666666666667,NA,6.25,6.11111111111111,10,3,0,4,9,80,57,23,5,33,47,6.13625,6.4280701754386,5.41304347826087,5.8,6.10606060606061,6.15744680851064,27
"24",2003,9,6.13333333333333,6,6.95,4.5,NA,6.5,5.95,4,2,0,2,4,86,61,25,5,35,51,6.13604651162791,6.46229508196721,5.34,5.8,6.12857142857143,6.14117647058824,28
"25",2003,10,6.9,5,9,6.375,5,7,6.83333333333333,1,4,1,2,3,91,62,29,6,37,54,6.17802197802198,6.50322580645161,5.48275862068965,5.66666666666667,6.17567567567568,6.17962962962963,29
"26",2003,11,4.28571428571429,7,NA,4.28571428571429,7,5,2.5,0,7,1,5,2,98,62,36,7,42,56,6.04285714285714,6.50322580645161,5.25,5.85714285714286,6.03571428571429,6.04821428571429,30
"27",2003,12,5.16666666666667,6,5.5,4.5,NA,5.33333333333333,5,4,2,0,3,3,104,66,38,7,45,59,5.99230769230769,6.44242424242424,5.21052631578947,5.85714285714286,5.98888888888889,5.99491525423729,31
"28",2004,1,7.1,5,7.375,6,NA,8,6.875,4,1,0,1,4,109,70,39,7,46,63,6.04311926605505,6.49571428571429,5.23076923076923,5.85714285714286,6.03260869565217,6.05079365079365,32
"29",2004,2,5,1,NA,5,5,5,NA,0,1,1,1,0,110,70,40,8,47,63,6.03363636363636,6.49571428571429,5.225,5.75,6.01063829787234,6.05079365079365,33
"30",2004,3,5.4,5,6,4.5,NA,NA,5.4,3,2,0,0,5,115,73,42,8,47,68,6.00608695652174,6.47534246575342,5.19047619047619,5.75,6.01063829787234,6.00294117647059,34
"31",2004,4,6.38888888888889,9,6.64285714285714,5.5,NA,6.5,6,7,2,0,7,2,124,80,44,8,54,70,6.03387096774193,6.49,5.20454545454545,5.75,6.07407407407407,6.00285714285714,35
"32",2004,5,6.29166666666667,6,6.4375,6,6,7,5.9375,4,2,2,2,4,130,84,46,10,56,74,6.04576923076923,6.4875,5.23913043478261,5.8,6.10714285714286,5.99932432432433,36
"33",2004,6,6.4375,8,6.6,6.16666666666667,7,6.375,6.5,5,3,1,4,4,138,89,49,11,60,78,6.06847826086956,6.4938202247191,5.29591836734694,5.90909090909091,6.125,6.025,37
"34",2004,7,5.16666666666667,6,5,5.25,NA,4.8,7,2,4,0,5,1,144,91,53,11,65,79,6.03090277777778,6.46098901098901,5.29245283018868,5.90909090909091,6.02307692307692,6.0373417721519,38
"35",2004,8,6.28571428571429,7,6.16666666666667,7,NA,6.5,6.125,6,1,0,3,4,151,97,54,11,68,83,6.04271523178808,6.44278350515464,5.32407407407407,5.90909090909091,6.04411764705882,6.04156626506024,39
"36",2004,9,6.5,6,6.5,6.5,NA,6.5,6.5,4,2,0,4,2,157,101,56,11,72,85,6.06019108280255,6.4450495049505,5.36607142857143,5.90909090909091,6.06944444444444,6.05235294117647,40
"37",2004,10,6.75,8,6.75,NA,NA,7.25,6.58333333333333,8,0,0,2,6,165,109,56,11,74,91,6.09363636363636,6.46743119266055,5.36607142857143,5.90909090909091,6.10135135135135,6.08736263736264,41
"38",2004,11,5.33333333333333,3,5.5,5,5,NA,5.33333333333333,2,1,1,0,3,168,111,57,12,74,94,6.08005952380952,6.45,5.35964912280702,5.83333333333333,6.10135135135135,6.06329787234043,42
"39",2004,12,7.9,5,9,7.16666666666667,8,8.125,7,2,3,1,4,1,173,113,60,13,78,95,6.13265895953757,6.49513274336283,5.45,6,6.20512820512821,6.07315789473684,43
"40",2005,1,6.475,8,6.8,5.5,NA,7.2,5.75,6,2,0,4,4,181,119,62,13,82,99,6.14779005524862,6.51050420168067,5.45161290322581,6,6.25365853658537,6.06010101010101,44
"41",2005,2,6,4,5.5,6.5,NA,6,NA,2,2,0,4,0,185,121,64,13,86,99,6.14459459459459,6.49380165289256,5.484375,6,6.24186046511628,6.06010101010101,45
"42",2005,3,4.8,5,5.66666666666667,3.5,NA,4.5,6,3,2,0,4,1,190,124,66,13,90,100,6.10921052631579,6.47379032258065,5.42424242424242,6,6.16444444444445,6.0595,46
"43",2005,4,5.125,4,6.75,3.5,NA,4.33333333333333,7.5,2,2,0,3,1,194,126,68,13,93,101,6.0889175257732,6.4781746031746,5.36764705882353,6,6.10537634408602,6.07376237623762,47
"44",2005,5,5.5,4,6.5,4.5,NA,NA,5.5,2,2,0,0,4,198,128,70,13,93,105,6.0770202020202,6.478515625,5.34285714285714,6,6.10537634408602,6.05190476190476,48
"45",2005,6,6.25,4,NA,6.25,8,5.66666666666667,8,0,4,2,3,1,202,128,74,15,96,106,6.08044554455445,6.478515625,5.39189189189189,6.26666666666667,6.09166666666667,6.07028301886792,49
"46",2005,7,5.25,4,5.5,5,NA,3.5,7,2,2,0,2,2,206,130,76,15,98,108,6.06432038834951,6.46346153846154,5.38157894736842,6.26666666666667,6.03877551020408,6.0875,50
"47",2005,8,6.17857142857143,14,6.59090909090909,4.66666666666667,NA,6.21428571428571,6.14285714285714,11,3,0,7,7,220,141,79,15,105,115,6.07159090909091,6.47340425531915,5.35443037974684,6.26666666666667,6.05047619047619,6.09086956521739,51
"48",2005,9,5.7,8,5.53333333333333,5.8,6.75,5.16666666666667,6.02,3,5,2,3,5,228,144,84,17,108,120,6.05855263157895,6.45381944444444,5.38095238095238,6.32352941176471,6.02592592592593,6.08791666666667,52
"49",2005,10,6.4,5,7,6,7.5,7.33333333333333,5,2,3,2,3,2,233,146,87,19,111,122,6.06587982832618,6.46130136986301,5.40229885057471,6.44736842105263,6.06126126126126,6.07008196721311,53
"50",2005,11,6.125,12,6.375,5.625,NA,7.25,5.5625,8,4,0,4,8,245,154,91,19,115,130,6.06877551020408,6.45681818181818,5.41208791208791,6.44736842105263,6.10260869565217,6.03884615384615,54
"51",2005,12,6,6,6,6,NA,5.5,6.25,2,4,0,2,4,251,156,95,19,117,134,6.06713147410358,6.45096153846154,5.43684210526316,6.44736842105263,6.09230769230769,6.04514925373134,55
"52",2006,1,5.9,10,6.8,5,NA,5.83333333333333,6,5,5,0,6,4,261,161,100,19,123,138,6.06072796934866,6.46180124223603,5.415,6.44736842105263,6.07967479674797,6.04384057971015,56
"53",2006,2,6,4,6,6,NA,6,6,3,1,0,2,2,265,164,101,19,125,140,6.05981132075472,6.45335365853659,5.42079207920792,6.44736842105263,6.0784,6.04321428571429,57
"54",2006,3,5.84615384615385,13,6.58333333333333,5.21428571428571,NA,5.4375,6.5,6,7,0,8,5,278,170,108,19,133,145,6.04982014388489,6.45794117647059,5.40740740740741,6.44736842105263,6.03984962406015,6.05896551724138,58
"55",2006,4,6.5,5,6.625,6,NA,6.5,6.5,4,1,0,3,2,283,174,109,19,136,147,6.05777385159011,6.4617816091954,5.41284403669725,6.44736842105263,6.05,6.06496598639456,59
"56",2006,5,6.6,5,6.6,NA,NA,7,6,5,0,0,3,2,288,179,109,19,139,149,6.0671875,6.46564245810056,5.41284403669725,6.44736842105263,6.0705035971223,6.06409395973154,60
"57",2006,6,5.8125,8,6.2,5.16666666666667,NA,4.75,6.16666666666667,5,3,0,2,6,296,184,112,19,141,155,6.06030405405405,6.45842391304348,5.40625,6.44736842105263,6.05177304964539,6.06806451612903,61
"58",2006,7,6.55555555555556,9,6.625,6,NA,7,6.33333333333333,8,1,0,3,6,305,192,113,19,144,161,6.07491803278688,6.46536458333334,5.41150442477876,6.44736842105263,6.07152777777778,6.07795031055901,62
"59",2006,8,6.06666666666667,3,6.1,6,6,6,6.2,2,1,1,2,1,308,194,114,20,146,162,6.07483766233766,6.46159793814433,5.41666666666667,6.425,6.07054794520548,6.0787037037037,63
"60",2006,9,6.27142857142857,7,5.975,6.66666666666667,NA,6,6.31666666666667,4,3,0,1,6,315,198,117,20,147,168,6.07920634920635,6.45176767676768,5.44871794871795,6.425,6.07006802721089,6.08720238095238,64
"61",2006,10,6.25,18,6.11538461538461,6.6,NA,6.16666666666667,6.29166666666667,13,5,0,6,12,333,211,122,20,153,180,6.08843843843844,6.43104265402844,5.49590163934426,6.425,6.07385620915033,6.10083333333333,65
"62",2006,11,5.625,8,6.2,4.66666666666667,5,5.5,5.66666666666667,5,3,1,2,6,341,216,125,21,155,186,6.07756598240469,6.42569444444445,5.476,6.35714285714286,6.06645161290323,6.08682795698925,66
"63",2006,12,6.48333333333333,18,6.725,6,NA,7.02222222222222,5.94444444444444,12,6,0,9,9,359,228,131,21,164,195,6.09791086350975,6.44144736842105,5.5,6.35714285714286,6.11890243902439,6.08025641025641,67
"64",2007,1,7,12,7.09090909090909,6,6,7.66666666666667,6.77777777777778,11,1,1,3,9,371,239,132,22,167,204,6.12708894878706,6.47133891213389,5.50378787878788,6.34090909090909,6.14670658682635,6.11102941176471,68
"65",2007,2,5.96153846153846,13,6.9,5.375,5.5,6.33333333333333,5.85,5,8,2,3,10,384,244,140,24,170,214,6.121484375,6.48012295081967,5.49642857142857,6.27083333333333,6.15,6.09883177570094,69
"66",2007,3,5.80769230769231,13,6.35714285714286,5.16666666666667,6,5.61111111111111,6.25,7,6,1,9,4,397,251,146,25,179,218,6.11120906801007,6.47669322709164,5.48287671232877,6.26,6.12290502793296,6.10160550458716,70
"67",2007,4,6.2,10,6.6875,4.25,5.5,5.83333333333333,6.35714285714286,8,2,1,3,7,407,259,148,26,182,225,6.11339066339066,6.48320463320464,5.46621621621622,6.23076923076923,6.11813186813187,6.10955555555556,71
"68",2007,5,6.1,10,6.4,5.8,6,5.875,6.25,5,5,1,4,6,417,264,153,27,186,231,6.11306954436451,6.48162878787879,5.47712418300654,6.22222222222222,6.11290322580645,6.11320346320346,72
"69",2007,6,6.80769230769231,13,6.71428571428571,6.91666666666667,6,6,7.16666666666667,7,6,1,4,9,430,271,159,28,190,240,6.13406976744186,6.48763837638377,5.5314465408805,6.21428571428571,6.11052631578947,6.15270833333333,73
"70",2007,7,5.94444444444444,9,6.16666666666667,5.5,5,5.83333333333333,6,6,3,1,3,6,439,277,162,29,193,246,6.13018223234624,6.48068592057762,5.53086419753086,6.17241379310345,6.10621761658031,6.1489837398374,74
"71",2007,8,5.53846153846154,13,6.14285714285714,4.83333333333333,6,5.2,5.75,7,6,3,5,8,452,284,168,32,198,254,6.11316371681416,6.47235915492958,5.50595238095238,6.15625,6.08333333333333,6.13641732283465,75
"72",2007,9,6.05,20,6.16666666666667,5.875,NA,5.35714285714286,6.42307692307692,12,8,0,7,13,472,296,176,32,205,267,6.11048728813559,6.45996621621622,5.52272727272727,6.15625,6.05853658536585,6.15037453183521,76
"73",2007,10,7.0625,8,7.3,6.66666666666667,NA,7.33333333333333,6.9,5,3,0,3,5,480,301,179,32,208,272,6.12635416666667,6.47392026578073,5.54189944134078,6.15625,6.07692307692308,6.16415441176471,77
"74",2007,11,5.25,10,5.7,4.8,5,4.8,5.7,5,5,1,5,5,490,306,184,33,213,277,6.1084693877551,6.46127450980392,5.52173913043478,6.12121212121212,6.04694835680751,6.1557761732852,78
"75",2007,12,6.21052631578947,19,6.44444444444444,6,6,6.375,6.09090909090909,9,10,2,8,11,509,315,194,35,221,288,6.112278978389,6.46079365079365,5.54639175257732,6.11428571428571,6.05882352941177,6.15329861111111,79
"76",2008,1,6.72727272727273,11,6.92857142857143,6.375,7,7.1,6.41666666666667,7,4,2,5,6,520,322,198,37,226,294,6.12528846153846,6.47096273291926,5.56313131313131,6.16216216216216,6.08185840707965,6.15867346938776,80
"77",2008,2,5.85,10,7.83333333333333,5,6,6,5.75,3,7,2,4,6,530,325,205,39,230,300,6.12009433962264,6.48353846153846,5.54390243902439,6.15384615384615,6.0804347826087,6.1505,81
"78",2008,3,6.14285714285714,14,6.25,6.0625,6,6.625,5.95,6,8,1,4,10,544,331,213,40,234,310,6.12068014705882,6.47930513595166,5.56338028169014,6.15,6.08974358974359,6.14403225806452,82
"79",2008,4,5.6875,8,8,5.35714285714286,NA,3.875,7.5,1,7,0,4,4,552,332,220,40,238,314,6.11440217391304,6.48388554216868,5.55681818181818,6.15,6.05252100840336,6.16130573248408,83
"80",2008,5,5.89,10,6.48333333333333,5,5,6.225,5.66666666666667,6,4,1,4,6,562,338,224,41,242,320,6.11040925266904,6.48387573964497,5.546875,6.1219512195122,6.05537190082645,6.15203125,84
"81",2008,6,6.22222222222222,9,6.8,5.5,7,6.5,6.14285714285714,5,4,1,2,7,571,343,228,42,244,327,6.11217162872154,6.48848396501458,5.54605263157895,6.14285714285714,6.05901639344262,6.15183486238532,85
"82",2008,7,5.90909090909091,11,6.33333333333333,5.4,5.25,6,5.85714285714286,6,5,4,4,7,582,349,233,46,248,334,6.10833333333333,6.48581661891118,5.54291845493562,6.06521739130435,6.05806451612903,6.14565868263473,86
"83",2008,8,6.23684210526316,19,6.95,5.44444444444444,5.5,5.875,6.5,10,9,2,8,11,601,359,242,48,256,345,6.11239600665557,6.49874651810585,5.53925619834711,6.04166666666667,6.05234375,6.15695652173913,87
"84",2008,9,6.15625,16,6.8125,5.5,5,5.5,6.45454545454545,8,8,5,5,11,617,367,250,53,261,356,6.11353322528363,6.50558583106267,5.538,5.94339622641509,6.04176245210728,6.16615168539326,88
"85",2008,10,6.32142857142857,14,6.36363636363636,6.16666666666667,6.25,5.875,6.5,11,3,2,4,10,631,378,253,55,265,366,6.11814580031696,6.50145502645503,5.54545454545454,5.95454545454545,6.03924528301887,6.17527322404372,89
"86",2008,11,6.17857142857143,14,6.83333333333333,5.6875,6,6,6.27777777777778,6,8,3,5,9,645,384,261,58,270,375,6.11945736434109,6.506640625,5.54980842911877,5.95689655172414,6.03851851851852,6.17773333333333,90
"87",2008,12,5.425,8,6.5,5.27142857142857,4.98,5.48,5.33333333333333,1,7,5,5,3,653,385,268,63,275,378,6.11094946401225,6.50662337662338,5.54253731343284,5.87936507936508,6.02836363636364,6.17103174603175,91
"88",2009,1,6.51071428571429,14,7.075,5.1,4.2,6,6.89375,10,4,2,6,8,667,395,272,65,281,386,6.11934032983508,6.52101265822785,5.53602941176471,5.82769230769231,6.02775800711744,6.1860103626943,92
"89",2009,2,6.35714285714286,21,6.85,5.90909090909091,7.5,8,6.08333333333333,10,11,2,3,18,688,405,283,67,284,404,6.1265988372093,6.52913580246914,5.55053003533569,5.87761194029851,6.04859154929578,6.18143564356436,93
"90",2009,3,6.15909090909091,22,7.1,5.375,6.16666666666667,5.83333333333333,6.21052631578947,10,12,3,3,19,710,415,295,70,287,423,6.12760563380282,6.54289156626506,5.54338983050847,5.89,6.04634146341464,6.18274231678487,94
"91",2009,4,5.9375,24,6.13333333333333,5.61111111111111,5.5,5.83333333333333,5.97222222222222,15,9,4,6,18,734,430,304,74,293,441,6.12138964577657,6.52860465116279,5.54539473684211,5.86891891891892,6.0419795221843,6.17414965986395,95
"92",2009,5,6.06315789473684,19,6.18888888888889,5.95,6.5,5.75,6.29090909090909,9,10,4,8,11,753,439,314,78,301,452,6.1199203187251,6.52164009111617,5.55828025477707,5.90128205128205,6.03421926910299,6.17699115044248,96
"93",2009,6,6.15652173913043,23,6.8875,5.76666666666667,6,5.71428571428571,6.35,8,15,5,7,16,776,447,329,83,308,468,6.12100515463918,6.52818791946309,5.5677811550152,5.90722891566265,6.02694805194805,6.18290598290598,97
"94",2009,7,5.88636363636364,22,6.4,5.45833333333333,5.66666666666667,5.41666666666667,6.45,10,12,6,12,10,798,457,341,89,320,478,6.11453634085213,6.5253829321663,5.56392961876833,5.89101123595506,6.0040625,6.18849372384937,98
"95",2009,8,5.25,18,5.75,4.625,4.66666666666667,5.5,5.15384615384615,10,8,6,5,13,816,467,349,95,325,491,6.09546568627451,6.50877944325482,5.54240687679083,5.81368421052631,5.99630769230769,6.16109979633401,99
"96",2009,9,6,14,7.08333333333333,5.1875,5.5,6.625,5.75,6,8,4,4,10,830,473,357,99,329,501,6.09385542168675,6.51606765327696,5.53445378151261,5.8010101010101,6.00395136778116,6.15289421157685,100
"97",2009,10,5.27272727272727,22,6.4,4.33333333333333,4.33333333333333,5.64285714285714,5.1,10,12,3,7,15,852,483,369,102,336,516,6.07265258215963,6.51366459627329,5.49539295392954,5.7578431372549,5.99642857142857,6.12228682170543,101
"98",2009,11,5.79642857142857,28,6.85,5.375,5.41666666666667,5.58333333333333,5.85454545454545,8,20,6,6,22,880,491,389,108,342,538,6.06386363636364,6.51914460285133,5.4892030848329,5.73888888888889,5.98918128654971,6.11133828996283,102
"99",2009,12,6.11111111111111,18,6.27777777777778,5.94444444444444,5.25,6.27777777777778,5.94444444444444,9,9,2,9,9,898,500,398,110,351,547,6.06481069042316,6.5148,5.49949748743719,5.73,5.9965811965812,6.10859232175503,103
"100",2010,1,6.15277777777778,18,6.225,6.0625,5,6,6.171875,10,8,3,2,16,916,510,406,113,353,563,6.06653930131004,6.50911764705883,5.51059113300493,5.71061946902655,5.99660056657224,6.11039076376554,104
"101",2010,2,6.25,8,6.33333333333333,6,6,6.5,6.16666666666667,6,2,1,2,6,924,516,408,114,355,569,6.06812770562771,6.50707364341085,5.51299019607843,5.71315789473684,5.99943661971831,6.1109841827768,105
"102",2010,3,6.53076923076923,13,6.43333333333333,6.75,NA,4.93333333333333,7.01,9,4,0,3,10,937,525,412,114,358,579,6.07454642475987,6.50580952380952,5.525,5.71315789473684,5.99050279329609,6.12651122625216,106
"103",2010,4,6.5,6,7,5.5,NA,6,7,4,2,0,3,3,943,529,414,114,361,582,6.07725344644751,6.50954631379962,5.52487922705314,5.71315789473684,5.99058171745153,6.13101374570447,107
"104",2010,5,6.2,8,6.86666666666667,5.8,NA,NA,6.2,3,5,0,0,8,951,532,419,114,361,590,6.07828601472135,6.51156015037594,5.52816229116945,5.71315789473684,5.99058171745153,6.13194915254237,108
"105",2010,6,6,10,5.875,6.08333333333333,NA,4.6,6.15555555555556,4,6,0,1,9,961,536,425,114,362,599,6.07747138397503,6.50680970149254,5.536,5.71315789473684,5.98674033149172,6.13230383973289,109
"106",2010,7,7,6,7,NA,NA,7,7,6,0,0,2,4,967,542,425,114,364,603,6.08319544984488,6.51226937269373,5.536,5.71315789473684,5.99230769230769,6.13805970149254,110
"107",2010,8,5.78461538461538,13,5.74285714285714,5.83333333333333,8,7,5.42,7,6,1,3,10,980,549,431,115,367,613,6.07923469387755,6.50245901639344,5.54013921113689,5.73304347826087,6.00054495912807,6.12634584013051,111
"108",2010,9,6,11,6.3,5.75,5,5.16666666666667,6.3125,5,6,2,3,8,991,554,437,117,370,621,6.07835519677094,6.50063176895307,5.54302059496568,5.72051282051282,5.99378378378379,6.12874396135266,112
"109",2010,10,5.55714285714286,14,6.46,5.05555555555556,5,6,5.52307692307692,5,9,3,1,13,1005,559,446,120,371,634,6.07109452736318,6.50026833631485,5.53318385650224,5.7025,5.99380053908356,6.11632492113565,113
"110",2010,11,6.20588235294118,17,6.45,5.85714285714286,6,6.41666666666667,6.09090909090909,10,7,3,6,11,1022,569,453,123,377,645,6.07333659491194,6.4993848857645,5.53818984547461,5.70975609756097,6.00053050397878,6.11589147286822,114
"111",2010,12,5.55555555555556,9,6,5.2,6,4,6,4,5,1,2,7,1031,573,458,124,379,652,6.0688166828322,6.49589877835951,5.53449781659389,5.71209677419355,5.98997361477573,6.1146472392638,115
"112",2011,1,6.71428571428571,14,6.8,6.66666666666667,6.375,7.5,6.5,5,9,4,3,11,1045,578,467,128,382,663,6.07746411483254,6.49852941176471,5.55631691648822,5.7328125,6.00183246073299,6.1210407239819,116
"113",2011,2,6.13888888888889,18,6.54166666666667,5.33333333333333,4.5,6.3,6.07692307692308,12,6,2,5,13,1063,590,473,130,387,676,6.07850423330198,6.49940677966102,5.55348837209302,5.71384615384615,6.00568475452197,6.12019230769231,117
"114",2011,3,6.50833333333333,12,6.85714285714286,6.02,5,8,6.21,7,5,1,2,10,1075,597,478,131,389,686,6.0833023255814,6.5036013400335,5.55836820083682,5.70839694656488,6.0159383033419,6.12150145772595,118
"115",2011,4,6.0999,10,6.49983333333333,5.5,4,NA,6.0999,6,4,1,0,10,1085,603,482,132,389,696,6.08345529953917,6.50356384742952,5.55788381742739,5.69545454545455,6.0159383033419,6.12119109195402,119
"116",2011,5,5.41,10,5.5,5.275,5,NA,5.41,6,4,1,0,10,1095,609,486,133,389,706,6.07730502283105,6.49367651888342,5.55555555555556,5.69022556390977,6.0159383033419,6.11111756373938,120
"117",2011,6,5.9,10,6,5.83333333333333,5,6.66666666666667,5.57142857142857,4,6,3,3,7,1105,613,492,136,392,713,6.07570045248869,6.49045513866232,5.55894308943089,5.675,6.02091836734694,6.1058190743338,121
"118",2011,7,6.5,11,7,5.9,6,4.75,6.88888888888889,6,5,2,2,9,1116,619,497,138,394,722,6.07988261648746,6.49539418416801,5.56237424547284,5.67971014492754,6.01446700507614,6.11558033240997,122
"119",2011,8,6.615,10,7.0625,6.31666666666667,5,6,6.68333333333333,4,6,1,1,9,1126,623,503,139,395,731,6.08463499111901,6.49903531300161,5.5713717693837,5.67482014388489,6.01443037974684,6.12257045143639,123
"120",2011,9,5.97,10,6.94,5,5,6.11666666666667,5.75,5,5,1,6,4,1136,628,508,140,401,735,6.08362588028169,6.50254617834395,5.56574803149606,5.67,6.01596009975062,6.12054285714286,124
"121",2011,10,6.18888888888889,9,6.2,6.16666666666667,6.25,6.5,6.1,6,3,2,2,7,1145,634,511,142,403,742,6.08445327510917,6.49968296529968,5.5692759295499,5.67816901408451,6.01836228287841,6.12034905660377,125
"122",2011,11,5.83333333333333,12,6.125,5.25,NA,6.5,5.5,8,4,0,4,8,1157,642,515,142,407,750,6.08184874675886,6.49501401869159,5.56679611650485,5.67816901408451,6.02309582309582,6.113732,126
"123",2011,12,6.23333333333333,12,6.46666666666667,6,6.25,7,5.97777777777778,6,6,4,3,9,1169,648,521,146,410,759,6.08340376390077,6.49475154320988,5.57178502879079,5.69383561643836,6.03024390243903,6.11211989459816,127
"124",2012,1,6.30588235294118,17,6.64285714285714,6.07,6.16666666666667,6.58333333333333,6.15454545454545,7,10,3,6,11,1186,655,531,149,416,770,6.08659274873525,6.49633435114504,5.58116760828625,5.70335570469799,6.03822115384616,6.11272597402597,128
"125",2012,2,5.96875,16,6.55555555555556,5.21428571428571,5.5,4.66666666666667,6.26923076923077,9,7,5,3,13,1202,664,538,154,419,783,6.08502412645591,6.49713704819277,5.57639405204461,5.69675324675325,6.02840095465394,6.11532439335888,129
"126",2012,3,5.9375,12,6.7,5.39285714285714,6.16666666666667,5.95,5.92857142857143,5,7,3,5,7,1214,669,545,157,424,790,6.08356589785832,6.49865321375187,5.57403669724771,5.70573248407643,6.02747641509434,6.11366962025316,130
"127",2012,4,5.99,10,6.48,5.5,6.5,5.475,6.33333333333333,5,5,1,4,6,1224,674,550,158,428,796,6.08280147058824,6.49851483679525,5.57336363636364,5.71075949367089,6.02231308411215,6.11532537688442,131
"128",2012,5,6.05,10,6.375,5.83333333333333,7,7,5.94444444444444,4,6,2,1,9,1234,678,556,160,429,805,6.08253565640195,6.49778613569321,5.5761690647482,5.726875,6.02459207459208,6.1134149068323,132
"129",2012,6,6.18333333333333,15,6.66666666666667,5.86111111111111,7,6.6,5.975,6,9,1,5,10,1249,684,565,161,434,815,6.08374619695757,6.49926754385965,5.58070796460177,5.73478260869565,6.03122119815668,6.11171656441718,133
"130",2012,7,6.17777777777778,9,6.66666666666667,5.93333333333333,6,6.5,6.1375,3,6,1,1,8,1258,687,571,162,435,823,6.08441891891892,6.49999854439592,5.58441330998249,5.73641975308642,6.03229885057471,6.11196719319563,134
"131",2012,8,5.88666666666667,15,6.28,5.1,5.5,5.6,6.03,10,5,3,5,10,1273,697,576,165,440,833,6.08208876669285,6.49684218077475,5.58020833333333,5.73212121212121,6.02738636363637,6.11098319327731,135
"132",2012,9,5.9375,8,6.33333333333333,5.7,6.5,6,5.83333333333333,3,5,1,5,3,1281,700,581,166,445,836,6.08118579234973,6.49614142857143,5.58123924268503,5.73674698795181,6.02707865168539,6.10998684210526,136
"133",2012,10,5.5,9,6.625,4.6,6,4.75,5.71428571428571,4,5,1,2,7,1290,704,586,167,447,843,6.07713100775194,6.49687357954545,5.57286689419795,5.73832335329341,6.02136465324385,6.10670106761566,137
"134",2012,11,6.12083333333333,12,6.63571428571429,5.4,7,5.91666666666667,6.18888888888889,7,5,1,3,9,1302,711,591,168,450,852,6.07753379416283,6.49824050632911,5.57140439932318,5.74583333333333,6.02066666666667,6.10756924882629,138
"135",2012,12,5.94210526315789,19,6.59,5.22222222222222,4.5,6,5.93888888888889,10,9,1,1,18,1321,721,600,169,451,870,6.07558591975776,6.49951317614424,5.56616666666667,5.73846153846154,6.02062084257206,6.10407931034483,139
"136",2013,1,6.0375,20,6.5625,5.25,5,5.75,6.109375,12,8,3,4,16,1341,733,608,172,455,886,6.07501789709172,6.50054433833561,5.56200657894737,5.72558139534884,6.01824175824176,6.10417494356659,140
"137",2013,2,5.96923076923077,13,6.22857142857143,5.66666666666667,6,4.92,6.625,7,6,1,5,8,1354,740,614,173,460,894,6.07400221565731,6.49797162162162,5.56302931596091,5.7271676300578,6.00630434782609,6.1088355704698,141
"138",2013,3,6.33333333333333,15,7,5.75,6.33333333333333,6.625,6.22727272727273,7,8,3,4,11,1369,747,622,176,464,905,6.07684368151936,6.50267603748326,5.56543408360129,5.7375,6.01163793103448,6.11027513812155,142
"139",2013,4,6.32857142857143,7,6.5,5.9,6,6,6.46,5,2,1,2,5,1376,752,624,177,466,910,6.07812427325581,6.50265824468085,5.56650641025641,5.73898305084746,6.01158798283262,6.1121967032967,143
"140",2013,5,5.86363636363636,11,6.7,5.16666666666667,7,6.25,5.64285714285714,5,6,2,4,7,1387,757,630,179,470,917,6.07642321557318,6.50396169088507,5.56269841269841,5.75307262569832,6.0136170212766,6.10861395856052,144
"141",2013,6,6.48888888888889,9,7.375,5.78,NA,10,6.05,4,5,0,1,8,1396,761,635,179,471,925,6.0790823782235,6.50854007884362,5.5644094488189,5.75307262569832,6.02208067940552,6.10810702702703,145
"142",2013,7,6.03333333333333,3,6.5,5.8,6,NA,6.03333333333333,1,2,1,0,3,1399,762,637,180,471,928,6.07898427448177,6.50852887139107,5.56514913657771,5.75444444444444,6.02208067940552,6.10786530172414,146
"143",2013,8,5.97222222222222,9,5.95,6,5,NA,5.97222222222222,5,4,1,0,9,1408,767,641,181,471,937,6.07830184659091,6.50488787483703,5.56786271450858,5.75027624309392,6.02208067940552,6.10656243329776,147
"144",2013,9,5.19230769230769,13,5.35714285714286,5,4.5,3,5.375,7,6,2,1,12,1421,774,647,183,472,949,6.07019634060521,6.49450775193798,5.56259659969088,5.73661202185792,6.0156779661017,6.09731190727081,148
"145",2013,10,6.40454545454545,11,7,5.90833333333333,NA,7,6.345,5,6,0,1,10,1432,779,653,183,473,959,6.07276466480447,6.49775224646983,5.56577335375191,5.73661202185792,6.01775898520085,6.09989468196038,149
"146",2013,11,5.68181818181818,22,5.94444444444444,5.5,4.9,4.875,5.86111111111111,9,13,5,4,18,1454,788,666,188,477,977,6.06684938101788,6.49143274111675,5.56448948948949,5.71436170212766,6.00817610062893,6.09549539406346,150
"147",2013,12,5.27142857142857,14,6.3,4.7,4.575,4.93333333333333,5.36363636363636,5,9,4,3,11,1468,793,675,192,480,988,6.0592636239782,6.49022572509458,5.55296296296296,5.690625,6.00145833333333,6.0873471659919,151
"148",2014,1,6.55,10,7.08333333333333,5.75,6,7,6.4375,6,4,1,2,8,1478,799,679,193,482,996,6.06258389715832,6.49467959949937,5.55412371134021,5.69222797927461,6.00560165975104,6.09015963855422,152
"149",2014,2,5.94,10,5.85,6,7,8,5.71111111111111,4,6,4,1,9,1488,803,685,197,483,1005,6.06176008064516,6.49146824408468,5.55802919708029,5.71878172588832,6.00973084886129,6.08676517412935,153
"150",2014,3,6.5,11,6.58333333333333,6.4,NA,7,6.45,6,5,0,1,10,1499,809,690,197,484,1015,6.06497598398933,6.49214956736712,5.56413043478261,5.71878172588832,6.01177685950413,6.09034384236453,154
"151",2014,4,6.66666666666667,9,6.85714285714286,6,NA,8,6.5,7,2,0,1,8,1508,816,692,197,485,1023,6.06856697612732,6.4952806372549,5.5653901734104,5.71878172588832,6.0158762886598,6.09354740957967,155
"152",2014,5,5.75,6,6,5.7,5.5,6,5.7,1,5,2,1,5,1514,817,697,199,486,1028,6.06730449141347,6.49467441860465,5.56635581061693,5.71658291457286,6.01584362139918,6.09163326848249,156
"153",2014,6,6.73333333333333,3,7.5,6.35,6,6,7.1,1,2,1,1,2,1517,818,699,200,487,1030,6.06862162162162,6.49590342298288,5.56859799713877,5.718,6.01581108829569,6.09359126213592,157
"154",2014,7,6.15,6,8,5.78,NA,5.45,6.5,1,5,0,2,4,1523,819,704,200,489,1034,6.06894221930401,6.49773992673992,5.57009943181818,5.718,6.01349693251534,6.09516344294004,158
"155",2014,8,6.48888888888889,9,6.65,6.16666666666667,NA,7.95,6.07142857142857,6,3,0,2,7,1532,825,707,200,491,1041,6.0714092689295,6.49884727272727,5.57263083451202,5.718,6.02138492871691,6.09500384245917,159
"156",2014,9,6.44545454545455,11,7.5,6.05,4.95,5.7,6.61111111111111,3,8,2,2,9,1543,828,715,202,493,1050,6.07407582631238,6.50247463768116,5.57797202797203,5.71039603960396,6.02008113590264,6.09942761904762,160
"157",2014,10,6.01875,16,6.4375,5.6,5.66666666666667,5.33333333333333,6.17692307692308,8,8,3,3,13,1559,836,723,205,496,1063,6.07350801796023,6.5018528708134,5.57821576763486,5.70975609756098,6.01592741935484,6.10037535277516,161
"158",2014,11,5.68181818181818,11,5.83333333333333,5.625,6.25,6,5.61111111111111,3,8,4,2,9,1570,839,731,209,498,1072,6.07076369426751,6.49946245530393,5.57872777017784,5.7200956937799,6.01586345381526,6.0962677238806,162
"159",2014,12,5.8,10,5.66666666666667,6,7,5,5.88888888888889,6,4,1,1,9,1580,845,735,210,499,1081,6.06905,6.49354911242603,5.58102040816327,5.72619047619048,6.01382765531062,6.09454116558742,163
"160",2015,1,5.55555555555556,9,6.5,4.8,6.5,5,5.71428571428571,4,5,1,2,7,1589,849,740,211,501,1088,6.06614159848962,6.49357950530035,5.57574324324324,5.72985781990521,6.00978043912176,6.09209466911765,164
"161",2015,2,6,10,6.91666666666667,4.625,4,6.5,5.94444444444444,6,4,1,1,9,1599,855,744,212,502,1097,6.06572795497186,6.49654853801169,5.57063172043011,5.72169811320755,6.01075697211156,6.09088331814038,165
"162",2015,3,5.44444444444444,9,3.5,6,5.66666666666667,5.2,5.75,2,7,3,5,4,1608,857,751,215,507,1101,6.06225062189055,6.48955542590432,5.57463382157124,5.72093023255814,6.00276134122288,6.08964486830154,166
"163",2015,4,4.94444444444444,9,NA,4.94444444444444,5.5,5,4.91666666666667,0,9,2,3,6,1617,857,760,217,510,1107,6.05602906617192,6.48955542590432,5.56717105263158,5.71889400921659,5.99686274509804,6.08328726287263,167
"164",2015,5,6.38,10,6.3,6.46,7,3,6.75555555555556,5,5,1,1,9,1627,862,765,218,511,1116,6.05802028272895,6.48845591647332,5.57300653594771,5.72477064220184,5.99099804305284,6.08870878136201,168
"165",2015,6,5.87142857142857,14,5.81666666666667,5.9125,NA,4,6.01538461538462,6,8,0,1,13,1641,868,773,218,512,1129,6.05642839731871,6.48381221198156,5.57652005174644,5.72477064220184,5.987109375,6.08786448184234,169
"166",2015,7,6.3125,8,7.4,5.66,5,6,6.35714285714286,3,5,3,1,7,1649,871,778,221,513,1136,6.05767070952092,6.48696785304248,5.57705655526992,5.71493212669683,5.98713450292398,6.08952376760563,170
"167",2015,8,5.89583333333333,12,6.66666666666667,5.125,5.4375,4,6.06818181818182,6,6,4,1,11,1661,877,784,225,514,1147,6.0565015051174,6.48819726339794,5.57359693877551,5.71,5.98326848249027,6.08931909328683,171
"168",2015,9,6.04166666666667,12,6.5625,5,NA,5.33333333333333,6.27777777777778,8,4,0,3,9,1673,885,788,225,517,1156,6.05639509862522,6.48886892655367,5.57068527918782,5.71,5.97949709864604,6.09078633217993,172
"169",2015,10,6.16666666666667,12,6.85714285714286,5.2,6,7,5.88888888888889,7,5,2,3,9,1685,892,793,227,520,1165,6.05718041543027,6.49175896860986,5.56834804539723,5.71255506607929,5.98538461538462,6.08922660944206,173
"170",2015,11,6.9,10,7,6.66666666666667,6,8.5,6.5,7,3,2,2,8,1695,899,796,229,522,1173,6.06215280235988,6.49571635150167,5.57248743718593,5.71506550218341,5.99501915708813,6.09202813299233,174
"171",2015,12,5.75,16,5.95454545454545,5.3,NA,5,5.85714285714286,11,5,0,2,14,1711,910,801,229,524,1187,6.05923378141438,6.48917472527472,5.57078651685393,5.71506550218341,5.9912213740458,6.08925779275484,175
"172",2016,1,5.83230769230769,13,6.38857142857143,5.18333333333333,5.33333333333333,5.97428571428571,5.66666666666667,7,6,3,7,6,1724,917,807,232,531,1193,6.05752262180974,6.48840676117775,5.56790582403966,5.71012931034483,5.99099811676083,6.08713243922883,176
"173",2016,2,5.08333333333333,6,4.75,5.25,6,4.75,5.25,2,4,1,2,4,1730,919,811,233,533,1197,6.05414393063584,6.48462350380848,5.56633785450062,5.71137339055794,5.98634146341464,6.08433500417711,177
"174",2016,3,5.33333333333333,12,6.28571428571429,4,4.33333333333333,5.83333333333333,5.16666666666667,7,5,3,3,9,1742,926,816,236,536,1206,6.0491785304248,6.48311987041036,5.55674019607843,5.69385593220339,5.98548507462687,6.07748673300166,178
"175",2016,4,5.91176470588235,17,6.83333333333333,4.875,5,4.16666666666667,6.28571428571429,9,8,2,3,14,1759,935,824,238,539,1220,6.04785048322911,6.48649090909091,5.5501213592233,5.68802521008403,5.97536178107607,6.0798762295082,179
"176",2016,5,6.30357142857143,14,7.02777777777778,5,7,3,6.85416666666667,9,5,1,2,12,1773,944,829,239,541,1232,6.04986971235194,6.49165148305085,5.54680337756333,5.69351464435146,5.96436229205176,6.08741801948052,180
"177",2016,6,6.1375,16,6.92857142857143,5.52222222222222,6.9,2.5,6.65714285714286,7,9,1,2,14,1789,951,838,240,543,1246,6.05065343767468,6.49486750788643,5.54653937947494,5.69854166666667,5.95160220994475,6.09381942215088,181
"178",2016,7,6.56,10,6.7,6.42,6.03333333333333,7,6.51111111111111,5,5,3,1,9,1799,956,843,243,544,1255,6.05348471372985,6.49594037656904,5.55172004744959,5.70267489711934,5.95352941176471,6.09681195219123,182
"179",2016,8,6.84090909090909,22,7.28571428571429,6.0625,5.5,6.3,7,14,8,2,5,17,1821,970,851,245,549,1272,6.06299780340472,6.50733917525773,5.55652173913044,5.70102040816327,5.95668488160292,6.10888286163522,183
"180",2016,9,6.31666666666667,12,6.68571428571429,5.8,6,6,6.34545454545455,7,5,2,1,11,1833,977,856,247,550,1283,6.06465848336061,6.50861719549642,5.55794392523365,5.70344129554656,5.95676363636364,6.11091114575214,184
"181",2016,10,6.66071428571429,14,6.91666666666667,5.125,NA,6.25,6.69230769230769,12,2,0,1,13,1847,989,858,247,551,1296,6.06917650243638,6.51356825075834,5.55693473193473,5.70344129554656,5.95729582577133,6.11674305555555,185
"182",2016,11,6.425,20,6.46428571428571,6.33333333333333,6,7.33333333333333,6.26470588235294,14,6,2,3,17,1867,1003,864,249,554,1313,6.07298821638993,6.51288035892323,5.56232638888889,5.70582329317269,5.96474729241878,6.11865879664889,186
"183",2016,12,5.82142857142857,14,6.4,5.5,5.25,5,5.95833333333333,5,9,6,2,12,1881,1008,873,255,556,1325,6.07111589580011,6.51232043650793,5.56168384879725,5.69509803921569,5.96127697841727,6.11720679245283,187
"184",2017,1,6.61666666666667,24,6.94117647058824,5.82857142857143,6.5,6.625,6.6125,17,7,2,8,16,1905,1025,880,257,564,1341,6.07798897637795,6.51943317073171,5.56380681818182,5.70136186770428,5.97069148936171,6.1231163310962,188
"185",2017,2,6.95833333333333,12,7.04545454545455,6,NA,6.75,7.0625,11,1,0,4,8,1917,1036,881,257,568,1349,6.08349973917579,6.52501833976834,5.56430192962543,5.70136186770428,5.97617957746479,6.12868717568569,189
"186",2017,3,6.55,20,6.53333333333333,6.6,6,6,6.57894736842105,15,5,3,1,19,1937,1051,886,260,569,1368,6.08831646876613,6.52513701236917,5.5701467268623,5.70480769230769,5.97622144112478,6.13494078947368,190
"187",2017,4,6.04166666666667,24,6.5625,5,4.75,6.5,6,16,8,4,2,22,1961,1067,894,264,571,1390,6.08774553799082,6.52569728209934,5.56504474272931,5.69034090909091,5.97805604203153,6.13280503597122,191
"188",2017,5,6.27727272727273,22,6.37058823529412,5.96,5.93333333333333,6,6.32105263157895,17,5,3,3,19,1983,1084,899,267,574,1409,6.08984820978316,6.5232647601476,5.56724137931035,5.69307116104869,5.97817073170732,6.13534350603265,192
"189",2017,6,6.26,15,6.65833333333333,4.66666666666667,5,5,6.45384615384615,12,3,1,2,13,1998,1096,902,268,576,1422,6.09112562562562,6.52474361313868,5.56424611973393,5.69048507462687,5.97477430555556,6.1382552742616,193
"190",2017,7,6.19117647058824,17,6.28125,6.11111111111111,6.38,5.6,6.4375,8,9,5,5,12,2015,1104,911,273,581,1434,6.09196972704714,6.52297916666666,5.56964873765094,5.70311355311355,5.97154905335629,6.14075941422594,194
"191",2017,8,6.125,18,6.325,5.875,6.5,6.33333333333333,6.08333333333333,10,8,2,3,15,2033,1114,919,275,584,1449,6.0922621741269,6.52120197486535,5.57230685527748,5.70890909090909,5.97340753424658,6.14016494133885,195
"192",2017,9,6.94,10,6.91428571428571,7,6,9,6.71111111111111,7,3,1,1,9,2043,1121,922,276,585,1458,6.096411649535,6.52365655664585,5.57695227765727,5.70996376811594,5.9785811965812,6.14368930041152,196
"193",2017,10,6.21875,20,6.45192307692308,5.78571428571429,5.75,6.95833333333333,6.08823529411765,13,7,2,3,17,2063,1134,929,278,588,1475,6.09759767329132,6.52283421516755,5.57852529601723,5.71025179856115,5.98357993197279,6.14305016949152,197
"194",2017,11,6.41666666666667,18,6.55,6.25,6.33333333333333,5.875,6.57142857142857,10,8,6,4,14,2081,1144,937,284,592,1489,6.10035752042287,6.52307167832168,5.58425827107791,5.72341549295775,5.98284628378379,6.14707790463398,198
"195",2017,12,6.55833333333333,12,6.85555555555556,5.66666666666667,5.5,7.75,6.32,9,3,2,2,10,2093,1153,940,286,594,1499,6.10298327759197,6.52566695576756,5.58452127659575,5.72185314685315,5.9887962962963,6.14823148765844,199
"196",2018,1,6.24782608695652,23,6.775,5.04285714285714,4.66666666666667,7.1,6.06842105263158,16,7,3,4,19,2116,1169,947,289,598,1518,6.10455765595463,6.52907955517536,5.58051742344245,5.71089965397924,5.99622909698997,6.1472325428195,200
"197",2018,2,6.33076923076923,13,6.35833333333333,6,7,6.5,6.31666666666667,12,1,1,1,12,2129,1181,948,290,599,1530,6.10593893846876,6.52734462320068,5.58095991561182,5.71534482758621,5.99707011686144,6.1485614379085,201
"198",2018,3,6.36,25,6.54545454545455,5,5,5.5,6.52380952380952,22,3,1,4,21,2154,1203,951,291,603,1551,6.10888765088208,6.52767581047381,5.57912723449001,5.71288659793814,5.99377280265341,6.15364216634429,202
"199",2018,4,6.47285714285714,14,7.31714285714286,5.62857142857143,4,6.22,6.49230769230769,7,7,3,1,13,2168,1210,958,294,604,1564,6.11123800738007,6.53224297520661,5.5794885177453,5.69540816326531,5.99414735099338,6.15645716112532,203
"200",2018,5,6.32727272727273,11,6.92857142857143,5.275,6,5,6.46,7,4,1,1,10,2179,1217,962,295,605,1574,6.11232859109683,6.53452259654889,5.57822245322246,5.6964406779661,5.99250413223141,6.15838564167725,204
"201",2018,6,6.28571428571429,14,6.75,5.66666666666667,6,5.66666666666667,6.45454545454545,8,6,1,3,11,2193,1225,968,296,608,1585,6.11343547651619,6.53592979591837,5.57877066115703,5.69746621621622,5.99089638157895,6.16044100946372,205
"202",2018,7,6.13,8,6.26,6,6,6,6.208,4,4,1,3,5,2201,1229,972,297,611,1590,6.1134956837801,6.53503173311635,5.58050411522634,5.69848484848485,5.9909410801964,6.16059056603773,206
"203",2018,8,5.65384615384615,13,6.21428571428571,5,4.66666666666667,6,5.59090909090909,7,6,3,2,11,2214,1236,978,300,613,1601,6.11079674796748,6.53321521035599,5.5769427402863,5.68816666666667,5.99097063621534,6.15667645221736,207
"204",2018,9,6.51,10,6.75,6.15,5.5,7.5,6.4,6,4,2,1,9,2224,1242,982,302,614,1610,6.1125917266187,6.53426247987117,5.57927698574338,5.68692052980132,5.99342833876222,6.15803664596273,208
"205",2018,10,6.45,12,6.82222222222222,5.33333333333333,NA,5.83333333333333,6.65555555555556,9,3,0,3,9,2236,1251,985,302,617,1619,6.11440250447227,6.53633413269384,5.57852791878173,5.68692052980132,5.99264991896273,6.16080234712786,209
"206",2018,11,6.57894736842105,19,6.42857142857143,7,6.33333333333333,6.83333333333333,6.53125,14,5,3,3,16,2255,1265,990,305,620,1635,6.11831662971175,6.53514150197628,5.58570707070707,5.69327868852459,5.99671774193549,6.16442752293578,210
"207",2018,12,6.21428571428571,14,6.33333333333333,5.5,6,6,6.25,12,2,1,2,12,2269,1277,992,306,622,1647,6.11890877038343,6.53324510571652,5.58553427419355,5.69428104575163,5.99672829581994,6.16505100182149,211
"208",2019,1,6.46428571428571,14,6.58333333333333,6.375,5.5,8,6.20833333333333,6,8,2,2,12,2283,1283,1000,308,624,1659,6.12102671922908,6.53347934528449,5.59185,5.69301948051948,6.00314903846154,6.16536407474382,212
"209",2019,2,6.85,10,7.25,6.25,6,NA,6.85,6,4,1,0,10,2293,1289,1004,309,624,1669,6.12420584387265,6.53681458494957,5.59447211155379,5.69401294498382,6.00314903846154,6.16946614739365,213
"210",2019,3,6.1875,16,8,5.58333333333333,6,5.33333333333333,6.38461538461539,4,12,6,3,13,2309,1293,1016,315,627,1682,6.12464443482027,6.54134106728538,5.59434055118111,5.69984126984127,5.99994417862839,6.17112901307967,214
"211",2019,4,6.41666666666667,6,6.625,6,6,NA,6.41666666666667,4,2,1,0,6,2315,1297,1018,316,627,1688,6.12540129589633,6.54159907478797,5.59513752455796,5.70079113924051,5.99994417862839,6.17200177725118,215
"212",2019,5,7,7,7.66666666666667,6.5,6.5,NA,7,3,4,2,0,7,2322,1300,1022,318,627,1695,6.12803789836348,6.54419538461538,5.59867906066536,5.70581761006289,5.99994417862839,6.17542123893805,216
"213",2019,6,5.44444444444444,9,6.6,4,3,NA,5.44444444444444,5,4,1,0,9,2331,1305,1026,319,627,1704,6.12539854139854,6.5444091954023,5.59244639376219,5.69733542319749,5.99994417862839,6.17156044600939,217
"214",2019,7,6.61538461538461,13,6.75,6.4,NA,6,6.66666666666667,8,5,0,1,12,2344,1313,1031,319,628,1716,6.12811604095563,6.54566184310739,5.59636275460718,5.69733542319749,5.99994426751593,6.17502272727273,218
"215",2019,8,6.71428571428571,14,7.35714285714286,6.07142857142857,6.375,6.8,6.66666666666667,7,7,4,5,9,2358,1320,1038,323,633,1725,6.13159626802375,6.54996515151515,5.59956647398844,5.70572755417957,6.00626382306478,6.17758782608696,219
"216",2019,9,5.7,10,5.6,5.8,6,6,5.66666666666667,5,5,3,1,9,2368,1325,1043,326,634,1734,6.12977364864865,6.54638037735849,5.60052732502397,5.70843558282209,6.00625394321767,6.17493598615917,220
"217",2019,10,5.81818181818182,22,6.11111111111111,4.5,4.66666666666667,5.5,5.88888888888889,18,4,3,4,18,2390,1343,1047,329,638,1752,6.12690543933054,6.54054653760238,5.59632282712512,5.69893617021277,6.00307993730408,6.17199714611872,221
"218",2019,11,7.36666666666667,9,7.36666666666667,NA,NA,6.8,7.4375,9,0,0,1,8,2399,1352,1047,329,639,1760,6.13155648186744,6.54604585798816,5.59632282712512,5.69893617021277,6.00432707355243,6.17774943181818,222
"219",2019,12,6.06,15,6.56666666666667,5.72222222222222,5.16666666666667,5.5,6.1,6,9,3,1,14,2414,1358,1056,332,640,1774,6.13111184755592,6.54613696612665,5.59739583333334,5.6941265060241,6.00353906250001,6.17713585118376,223
"220",2020,1,6.59375,16,7.72222222222222,5.14285714285714,4.8,7.125,6.41666666666667,9,7,5,4,12,2430,1367,1063,337,644,1786,6.13415802469136,6.55388002926115,5.59440263405457,5.68086053412463,6.0105046583851,6.17874524076148,224
"221",2020,2,6.28482954545455,22,6.71108333333333,5.37142857142857,5,7,6.25077380952381,15,7,1,1,21,2452,1382,1070,338,645,1807,6.13550988988581,6.55558628798842,5.59294392523365,5.67884615384615,6.01203875968993,6.17958231876038,225
"222",2020,3,6.02142857142857,14,6.18571428571429,5.85714285714286,5.5,5.825,6.1,7,7,2,4,10,2466,1389,1077,340,649,1817,6.13486222627737,6.55372228221742,5.59466109563603,5.67779411764706,6.01088597842836,6.17914433131535,226
"223",2020,4,5.81904761904762,21,6.27,5.40909090909091,4.7,5,6.01176470588235,10,11,5,4,17,2487,1399,1088,345,653,1834,6.13219551668677,6.55169424588992,5.59278492647059,5.6636231884058,6.00469372128638,6.17759282988004,227
"224",2020,5,6.21052631578947,19,6.73333333333333,4.25,4,6.7,6.08,15,4,2,4,15,2506,1414,1092,347,657,1849,6.13278940542697,6.55362111032532,5.5878663003663,5.65403458213256,6.00892694063927,6.17680110870741,228
"225",2020,6,6.62727272727273,11,6.875,5.96666666666667,NA,NA,6.62727272727273,8,3,0,0,11,2517,1422,1095,347,657,1860,6.13495043702821,6.55542914908579,5.58890410958904,5.65403458213256,6.00892694063927,6.17946518817204,229
"226",2020,7,5.78571428571429,14,6.35,4.375,4,6.75,5.4,10,4,2,4,10,2531,1432,1099,349,661,1870,6.13301866851047,6.55399458798883,5.58448589626934,5.6445558739255,6.01341149773072,6.17529692513369,230
"227",2020,8,6.03333333333333,15,7.08333333333333,5.33333333333333,5.5,NA,6.03333333333333,6,9,3,0,15,2546,1438,1108,352,661,1885,6.13243136292223,6.55620323365786,5.58244584837545,5.64332386363636,6.01341149773072,6.17416724137931,231
"228",2020,9,6.27272727272727,11,6.91666666666667,5.5,5.25,5.5,6.35,6,5,2,1,10,2557,1444,1113,354,662,1895,6.13303490418459,6.55770100415512,5.58207547169812,5.64110169491525,6.01263595166164,6.17509511873351,232
"229",2020,10,6.24444444444444,9,6.2,6.3,6,NA,6.24444444444444,5,4,2,0,9,2566,1449,1117,356,662,1904,6.13342566250974,6.55646670117322,5.58464637421665,5.64311797752809,6.01263595166164,6.17542292542017,233
"230",2020,11,6.27380952380952,21,6.71153846153846,5.5625,7,NA,6.27380952380952,13,8,1,0,21,2587,1462,1125,357,662,1925,6.13456522999613,6.55784558823529,5.58448888888889,5.646918767507,6.01263595166164,6.17649623376623,234
"231",2020,12,6.65789473684211,19,7.20833333333333,5.71428571428571,7,7,6.61764705882353,12,7,1,2,17,2606,1474,1132,358,664,1942,6.13838075594781,6.56314128222524,5.58529151943463,5.65069832402235,6.01560993975904,6.18035800720906,235
"232",2021,1,6.47826086956522,23,6.84375,5.64285714285714,6.5,NA,6.47826086956522,16,7,2,0,23,2629,1490,1139,360,664,1965,6.14135422213769,6.56615453020134,5.58564530289728,5.65541666666667,6.01560993975904,6.18384491094148,236
"233",2021,2,5.93636363636364,11,7,4.66,7,5,6.14444444444444,6,5,2,2,9,2640,1496,1144,362,666,1974,6.14050009469697,6.56789455213904,5.58159965034965,5.6628453038674,6.01256006006006,6.18366527355623,237
"234",2021,3,6.25,8,6.5,6,6,NA,6.25,4,4,1,0,8,2648,1500,1148,363,666,1982,6.14083091012084,6.5677135,5.5830574912892,5.6637741046832,6.01256006006006,6.1839330221998,238
"235",2021,4,6,13,6.28571428571429,5.66666666666667,5.33333333333333,6.66666666666667,5.8,7,6,3,3,10,2661,1507,1154,366,669,1992,6.14014289740699,6.56640361645653,5.58349220103986,5.66106557377049,6.0154932735426,6.18200564759036,239
"236",2021,5,6.66875,16,6.74545454545455,6.5,6.16666666666667,5.73333333333333,6.88461538461539,11,5,3,3,13,2677,1518,1159,369,672,2005,6.14330229734777,6.56770108695652,5.5874460742019,5.66517615176152,6.01423363095238,6.18656122194514,240
"237",2021,6,7.04545454545455,11,7.3125,6.33333333333333,NA,5.66666666666667,7.5625,8,3,0,3,8,2688,1526,1162,369,675,2013,6.146994140625,6.57160566841415,5.58937177280551,5.66517615176152,6.01268888888889,6.19202943368107,241
"238",2021,7,6.44230769230769,13,6.80555555555556,5.625,5,7,6.275,9,4,2,3,10,2701,1535,1166,371,678,2023,6.14841549426138,6.57297736156352,5.58949399656947,5.66159029649596,6.0170575221239,6.19243956994563,242
"239",2021,8,5.76333333333333,18,6.38545454545455,4.78571428571429,5,4.75,5.89,11,7,3,2,16,2719,1546,1173,374,680,2039,6.14586621919823,6.57164311125485,5.58469735720375,5.65628342245989,6.01333088235294,6.19006633153507,243
"240",2021,9,6.68181818181818,11,6.75,6.5,NA,7.5,6.5,8,3,0,2,9,2730,1554,1176,374,682,2048,6.14802573260073,6.57256129343629,5.58703231292517,5.65628342245989,6.01769061583578,6.19142834472656,244
"241",2021,10,5.90833333333333,12,5.74285714285714,6.14,5,5.4,6.07777777777778,7,5,1,3,9,2742,1561,1181,375,685,2057,6.14697675054704,6.56884064702114,5.58937341236241,5.65453333333333,6.01498540145986,6.19093108896451,245
"242",2021,11,6.56,10,7.07142857142857,5.36666666666667,5.55,NA,6.56,7,3,2,0,10,2752,1568,1184,377,685,2067,6.14847756177325,6.57108434311224,5.58880912162163,5.65397877984085,6.01498540145986,6.19271661828737,246
"243",2021,12,5.53866666666667,15,6.08285714285714,5.0625,3.5,5.33333333333333,5.59,7,8,2,3,12,2767,1575,1192,379,688,2079,6.14517175641489,6.56891444444444,5.58527684563759,5.64261213720317,6.01201308139535,6.18923773448773,247
"244",2022,1,6.67647058823529,17,6.83333333333333,6.3,7.5,5.66666666666667,6.89285714285714,12,5,1,3,14,2784,1587,1197,380,691,2093,6.14841603807471,6.57091383112791,5.58826232247285,5.6475,6.01051374819103,6.19394421882465,248
"245",2022,2,6.3875,20,6.30357142857143,6.58333333333333,5,6.25,6.41176470588235,14,6,1,3,17,2804,1601,1203,381,694,2110,6.15012134450784,6.56857604622111,5.59322527015794,5.64580052493438,6.01154899135447,6.19569917061611,249
"246",2022,3,6.695,4,6.695,NA,NA,5.89,7.5,4,0,0,2,2,2808,1605,1203,381,696,2112,6.15089752492877,6.56889112149533,5.59322527015794,5.64580052493438,6.01119971264368,6.19693430397727,250
"247",2022,4,5.640625,16,5.4,6.04166666666667,NA,5.9,5.52272727272727,10,6,0,5,11,2824,1615,1209,381,701,2123,6.14800646246459,6.56165340557275,5.59545078577337,5.64580052493438,6.01040656205421,6.19344100329722,251
"248",2022,5,6.0625,16,6.41666666666667,5,4.875,6.5,6.03333333333333,12,4,2,1,15,2840,1627,1213,383,702,2138,6.14752473591549,6.56058405039951,5.59348722176423,5.64177545691906,6.01110398860399,6.19231770346118,252
"249",2022,6,5.825,12,6.33333333333333,5.31666666666667,7,4.5,6.09,6,6,1,2,10,2852,1633,1219,384,704,2148,6.14616768934081,6.55974908144519,5.5921246923708,5.6453125,6.00681107954546,6.19184136405959,253
"250",2022,7,6.37777777777778,9,6.62857142857143,5.5,NA,6.7,6.28571428571429,7,2,0,2,7,2861,1640,1221,384,706,2155,6.14689627752534,6.56004283536585,5.5919737919738,5.6453125,6.00877478753541,6.19214628770302,254
"251",2022,8,6.56153846153846,13,7.21428571428571,5.8,5.9,NA,6.56153846153846,7,6,2,0,13,2874,1647,1227,386,706,2168,6.14877183368128,6.56282346690953,5.59299103504483,5.64663212435233,6.00877478753541,6.19436127767528,255
"252",2022,9,6.90714285714286,14,7.09090909090909,6.23333333333333,NA,6.35,7,11,3,0,2,12,2888,1658,1230,386,708,2180,6.15244814750692,6.56632705066345,5.59455284552846,5.64663212435233,6.00973870056497,6.19879598623853,256
"253",2022,10,5.67647058823529,17,6.55555555555556,4.6875,4.33333333333333,5.25,5.80769230769231,9,8,3,4,13,2905,1667,1238,389,712,2193,6.14966273666093,6.56626889622076,5.58869143780291,5.63650385604113,6.00547050561798,6.19647754217966,257
"254",2022,11,6.5,5,6.875,5,NA,6.5,6.5,4,1,0,2,3,2910,1671,1239,389,714,2196,6.15026469072165,6.5670079293836,5.58821630347054,5.63650385604113,6.00685574229692,6.19689219034608,258
"255",2022,12,6.39846153846154,13,6.56181818181818,5.5,5,8.58,6.21666666666667,11,2,1,1,12,2923,1682,1241,390,715,2208,6.15136854259323,6.56697398929845,5.5880741337631,5.63487179487179,6.01045454545455,6.19699966032609,259
