"","year","month","avg_rating","no_ratings","avg_rating_owned","avg_rating_not_owned","avg_rating_prev_owned","avg_rating_comment","avg_rating_no_comment","no_ratings_owned","no_ratings_not_owned","no_ratings_prev_owned","no_ratings_comment","no_ratings_no_comment","cum_no_ratings","cum_no_ratings_owned","cum_no_ratings_not_owned","cum_no_ratings_prev_owned","cum_no_ratings_comment","cum_no_ratings_no_comment","cum_avg_rating","cum_avg_rating_owned","cum_avg_rating_not_owned","cum_avg_rating_prev_owned","cum_avg_rating_comment","cum_avg_rating_no_comment","month_after_release"
"1",2011,1,7,3,NA,7,NA,7,7,0,3,0,2,1,3,0,3,0,2,1,7,NA,7,NA,7,7,-8
"2",2011,2,7.6,2,8,7.2,NA,7.6,NA,1,1,0,2,0,5,1,4,0,4,1,7.24,8,7.05,NA,7.3,7,-7
"3",2011,3,6.8,5,7.5,6.625,NA,7,6.75,1,4,0,1,4,10,2,8,0,5,5,7.02,7.75,6.8375,NA,7.24,6.8,-6
"4",2011,4,7.43333333333333,3,NA,7.43333333333333,NA,7.43333333333333,NA,0,3,0,3,0,13,2,11,0,8,5,7.11538461538461,7.75,7,NA,7.3125,6.8,-5
"5",2011,5,6.8,5,7.5,6.33333333333333,NA,6.66666666666667,7,2,3,0,3,2,18,4,14,0,11,7,7.02777777777778,7.625,6.85714285714286,NA,7.13636363636364,6.85714285714286,-4
"6",2011,6,6.68181818181818,11,7.75,6.44444444444444,NA,5.375,7.42857142857143,2,9,0,4,7,29,6,23,0,15,14,6.89655172413793,7.66666666666667,6.69565217391304,NA,6.66666666666667,7.14285714285714,-3
"7",2011,7,6.925,4,NA,6.925,6.5,4,7.9,0,4,2,1,3,33,6,27,2,16,17,6.9,7.66666666666667,6.72962962962963,6.5,6.5,7.27647058823529,-2
"8",2011,8,5.8,5,NA,5.8,NA,3,6.5,0,5,0,1,4,38,6,32,2,17,21,6.75526315789474,7.66666666666667,6.584375,6.5,6.29411764705882,7.12857142857143,-1
"9",2011,9,6.77407407407407,81,7.82972972972973,5.88636363636364,6.25,6.67142857142857,6.85217391304348,37,44,8,35,46,119,43,76,10,52,67,6.76806722689076,7.80697674418605,6.18026315789474,6.3,6.54807692307692,6.93880597014925,0
"10",2011,10,6.95927272727273,275,7.67991803278689,6.38464052287582,6.84516129032258,6.564375,7.12128205128205,122,153,31,80,195,394,165,229,41,132,262,6.90152284263959,7.7130303030303,6.31681222707424,6.71219512195122,6.55795454545455,7.07461832061069,1
"11",2011,11,7.05268292682927,205,7.69666666666667,6.54869565217391,7.73333333333333,6.64444444444444,7.1675,90,115,15,45,160,599,255,344,56,177,422,6.95325542570952,7.70725490196078,6.39433139534884,6.98571428571429,6.57994350282486,7.10983412322275,2
"12",2011,12,7.18520710059172,169,7.68296703296703,6.60448717948718,6.90714285714286,7.14333333333333,7.20040322580645,91,78,21,45,124,768,346,422,77,222,546,7.004296875,7.70086705202312,6.43317535545024,6.96428571428571,6.69414414414415,7.13040293040293,3
"13",2012,1,7.23026315789474,152,7.71772151898734,6.7027397260274,7.25,7.11129032258065,7.26074380165289,79,73,15,31,121,920,425,495,92,253,667,7.04163043478261,7.704,6.47292929292929,7.01086956521739,6.74525691699605,7.15404797601199,4
"14",2012,2,7.06632653061224,147,7.6625,6.55316455696203,7.03846153846154,6.57575757575758,7.20833333333333,68,79,13,33,114,1067,493,574,105,286,781,7.0450328022493,7.69827586206897,6.48397212543554,7.01428571428571,6.7256993006993,7.16197183098592,5
"15",2012,3,7.23137254901961,102,7.91444444444444,6.69210526315789,6.88888888888889,7.03181818181818,7.28625,45,57,9,22,80,1169,538,631,114,308,861,7.06129170230967,7.71635687732342,6.50277337559429,7.00438596491228,6.74756493506494,7.17351916376307,6
"16",2012,4,7.20181818181818,110,7.71938775510204,6.78606557377049,7.25,6.996875,7.23670212765957,49,61,12,16,94,1279,587,692,126,324,955,7.0733776387803,7.71660988074957,6.52774566473988,7.02777777777778,6.75987654320988,7.17973821989529,7
"17",2012,5,6.92076086956522,92,7.56577777777778,6.3031914893617,6.66666666666667,6.15333333333333,7.07025974025974,45,47,9,15,77,1371,632,739,135,339,1032,7.06313639679066,7.70587025316456,6.51346414073072,7.0037037037037,6.7330383480826,7.17156976744186,8
"18",2012,6,7.03366336633663,101,7.68367346938776,6.42115384615385,7.03571428571429,7.0695652173913,7.02307692307692,49,52,14,23,78,1472,681,791,149,362,1110,7.06111413043478,7.7042731277533,6.50739570164349,7.00671140939597,6.75441988950276,7.16113513513513,9
"19",2012,7,7.30823529411765,85,7.83333333333333,6.52058823529412,6.26,7.05227272727273,7.39761904761905,51,34,5,22,63,1557,732,825,154,384,1173,7.07460500963391,7.7132650273224,6.50793939393939,6.98246753246753,6.771484375,7.17383631713555,10
"20",2012,8,7.13052631578947,95,7.62826086956522,6.66326530612245,6.5,7.09615384615385,7.14347826086957,46,49,6,26,69,1652,778,874,160,410,1242,7.07782082324455,7.70823907455013,6.516647597254,6.964375,6.79207317073171,7.17214975845411,11
"21",2012,9,6.98658536585366,82,7.8027027027027,6.31555555555556,6.35,6.90625,7.00606060606061,37,45,10,16,66,1734,815,919,170,426,1308,7.07350634371396,7.71252760736196,6.50680087051142,6.92823529411765,6.79636150234742,7.16376911314985,12
"22",2012,10,7.31857142857143,105,7.88301886792453,6.74326923076923,7.325,7.53965517241379,7.23421052631579,53,52,8,29,76,1839,868,971,178,455,1384,7.08749864056553,7.72293778801843,6.51946446961895,6.94606741573034,6.84373626373626,7.16763728323699,13
"23",2012,11,7.13961038961039,77,7.9,6.31756756756757,6.29166666666667,7.30555555555556,7.08898305084746,40,37,12,18,59,1916,908,1008,190,473,1443,7.08959290187892,7.73073788546255,6.51205357142857,6.90473684210526,6.86131078224101,7.16442134442134,14
"24",2012,12,7.181875,80,7.82790697674419,6.43108108108108,6.38888888888889,7.33333333333333,7.14692307692308,43,37,9,15,65,1996,951,1045,199,488,1508,7.09329158316633,7.73513144058885,6.50918660287081,6.88140703517588,6.87581967213115,7.16366710875331,15
"25",2013,1,7.34117647058823,102,7.81016949152542,6.69767441860465,6.81818181818182,7.5,7.31797752808989,59,43,11,13,89,2098,1010,1088,210,501,1597,7.10534318398475,7.73951485148515,6.51663602941176,6.87809523809524,6.89201596806387,7.17226675015654,16
"26",2013,2,7.17882352941176,85,7.69230769230769,6.74347826086957,6.375,6.86111111111111,7.26417910447761,39,46,8,18,67,2183,1049,1134,218,519,1664,7.10820430600092,7.73775977121068,6.52583774250441,6.85963302752294,6.89094412331407,7.17596754807692,17
"27",2013,3,7.28714285714286,70,7.8953125,6.775,6.15,7.15,7.31551724137931,32,38,5,12,58,2253,1081,1172,223,531,1722,7.11376387039503,7.74242368177613,6.53391638225256,6.84372197309417,6.89679849340866,7.18066782810685,18
"28",2013,4,7.16024096385542,83,7.8,6.36486486486486,6.8,7.03125,7.1910447761194,46,37,5,16,67,2336,1127,1209,228,547,1789,7.11541523972603,7.74477373558119,6.52874276261373,6.84276315789474,6.90073126142596,7.18105645612074,19
"29",2013,5,7.04065934065934,91,7.52659574468085,6.52159090909091,7.57142857142857,7.04285714285714,7.04025974025974,47,44,7,14,77,2427,1174,1253,235,561,1866,7.11261227853317,7.73603918228279,6.52849162011173,6.86446808510638,6.90427807486631,7.17524651661307,20
"30",2013,6,7.11830985915493,71,7.66216216216216,6.52647058823529,7.13333333333333,5.94444444444444,7.28870967741936,37,34,6,9,62,2498,1211,1287,241,570,1928,7.1127742193755,7.73378199834847,6.52843822843823,6.87116182572614,6.88912280701754,7.17889522821577,21
"31",2013,7,7.03967391304348,92,7.62424242424242,6.71271186440678,7.2,7.13,7.01458333333333,33,59,10,20,72,2590,1244,1346,251,590,2000,7.11017760617761,7.73087620578778,6.53651560178306,6.88426294820717,6.89728813559322,7.17298,22
"32",2013,8,7.36052631578947,95,7.86923076923077,6.7453488372093,6.675,7.29210526315789,7.37763157894737,52,43,12,19,76,2685,1296,1389,263,609,2076,7.11903538175047,7.7364274691358,6.54298056155507,6.87471482889734,6.90960591133005,7.18047206165703,23
"33",2013,9,7.32933333333333,75,7.85641025641026,6.75833333333333,7.25,7.45833333333333,7.3047619047619,39,36,8,12,63,2760,1335,1425,271,621,2139,7.12475,7.73993258426966,6.54842105263158,6.88579335793358,6.92020933977456,7.18413277232351,24
"34",2013,10,7.32236842105263,76,7.63636363636364,6.890625,6.25,7.25,7.3359375,44,32,6,12,64,2836,1379,1457,277,633,2203,7.13004583921016,7.73662799129804,6.55593685655456,6.87202166064982,6.92646129541864,7.18854289605084,25
"35",2013,11,6.87333333333333,90,7.31836734693878,6.34146341463415,6.81666666666667,6.96190476190476,6.8463768115942,49,41,12,21,69,2926,1428,1498,289,654,2272,7.12214969241285,7.72227591036415,6.55006675567423,6.869723183391,6.9275993883792,7.1781514084507,26
"36",2013,12,7.23012048192771,83,7.80652173913044,6.51351351351351,6.625,7.73076923076923,7.13714285714286,46,37,8,13,70,3009,1474,1535,297,667,2342,7.12512794948488,7.72490502035278,6.54918566775244,6.86313131313131,6.94325337331334,7.17692570452604,27
"37",2014,1,7.32543103448276,116,7.69921875,6.86538461538461,7.1875,7,7.35952380952381,64,52,8,11,105,3125,1538,1587,305,678,2447,7.1325632,7.72383615084525,6.55954631379962,6.87163934426229,6.94417404129793,7.18476093175316,28
"38",2014,2,7.46043956043956,91,7.83272727272727,6.89166666666667,7.16666666666667,7.59230769230769,7.43846153846154,55,36,6,13,78,3216,1593,1623,311,691,2525,7.1418407960199,7.72759573132454,6.56691312384473,6.87733118971061,6.95636758321273,7.19259801980198,29
"39",2014,3,7.22931034482759,58,7.55454545454545,6.8,7,6.63636363636364,7.36808510638298,33,25,8,11,47,3274,1626,1648,319,702,2572,7.14339034819792,7.72408364083641,6.57044902912621,6.88040752351097,6.95135327635328,7.19580482115085,30
"40",2014,4,6.91521739130435,69,7.6962962962963,6.41309523809524,6.2,6.75,6.94322033898305,27,42,10,10,59,3343,1653,1690,329,712,2631,7.13868082560574,7.72362976406533,6.56653846153846,6.859726443769,6.94852528089888,7.1901406309388,31
"41",2014,5,7.23529411764706,68,7.58181818181818,6.90857142857143,7,7.28571428571429,7.22950819672131,33,35,11,7,61,3411,1686,1725,340,719,2692,7.14060686015831,7.72085409252669,6.57347826086956,6.86426470588235,6.95180806675939,7.19103268945022,32
"42",2014,6,7.28448275862069,58,7.86,6.84848484848485,7.44444444444444,7.31818181818182,7.27659574468085,25,33,9,11,47,3469,1711,1758,349,730,2739,7.14301239550303,7.72288720046756,6.57864050056883,6.87922636103152,6.95732876712329,7.19250091274187,33
"43",2014,7,7.06897058823529,68,7.75148148148148,6.61951219512195,6.48888888888889,7.19230769230769,7.03981818181818,27,41,9,13,55,3537,1738,1799,358,743,2794,7.14158891716144,7.72333141542002,6.5795719844358,6.86941340782123,6.9614401076716,7.18949534717251,34
"44",2014,8,6.97368421052632,76,7.31190476190476,6.55588235294118,7.15555555555556,7.03846153846154,6.96031746031746,42,34,9,13,63,3613,1780,1833,367,756,2857,7.13805701632992,7.71362359550562,6.5791325695581,6.87643051771117,6.96276455026455,7.1844417220861,35
"45",2014,9,7.12931034482759,58,7.61290322580645,6.57407407407407,6.775,6.6,7.23958333333333,31,27,4,10,48,3671,1811,1860,371,766,2905,7.13791882320894,7.711899503037,6.57905913978494,6.87533692722372,6.95802872062663,7.18535283993115,36
"46",2014,10,7.36048387096774,62,7.57682926829268,6.93809523809524,7.3,6.64285714285714,7.45181818181818,41,21,5,7,55,3733,1852,1881,376,773,2960,7.14161532279668,7.70890928725702,6.58306751727804,6.88098404255319,6.95517464424321,7.19030405405405,37
"47",2014,11,7.30753086419753,81,7.66704545454545,6.88,7.50666666666667,7.38095238095238,7.28183333333333,44,37,9,21,60,3814,1896,1918,385,794,3020,7.14513896171998,7.70793776371308,6.58879562043795,6.89561038961039,6.96643576826196,7.19212251655629,38
"48",2014,12,6.96410256410256,78,7.42432432432432,6.54878048780488,6.83,6.47333333333333,7.08095238095238,37,41,10,15,63,3892,1933,1959,395,809,3083,7.14151079136691,7.70250905328505,6.58795814190914,6.89394936708861,6.95729295426452,7.1898507946805,39
"49",2015,1,7.10754716981132,106,7.3265625,6.77380952380952,7.55,7.2,7.09462365591398,64,42,10,13,93,3998,1997,2001,405,822,3176,7.14061030515258,7.69046069103655,6.59185907046477,6.91014814814815,6.96113138686131,7.18706234256927,40
"50",2015,2,7.37692307692308,65,7.87297297297297,6.72142857142857,7.64285714285714,7.5625,7.35087719298246,37,28,7,8,57,4063,2034,2029,412,830,3233,7.14439084420379,7.69378072763029,6.59364711680631,6.92259708737864,6.96692771084337,7.18995051036189,41
"51",2015,3,7.28967391304348,92,7.73867924528302,6.67948717948718,6.33333333333333,7.23913043478261,7.30652173913044,53,39,12,23,69,4155,2087,2068,424,853,3302,7.14760770156438,7.6949209391471,6.59526595744681,6.90591981132075,6.9742672919109,7.19238643246517,42
"52",2015,4,6.9027027027027,74,7.52837837837838,6.27702702702703,6.875,6.45,6.9734375,37,37,4,10,64,4229,2124,2105,428,863,3366,7.1433222984157,7.6920197740113,6.58967220902613,6.90563084112149,6.96819235225956,7.18822341057635,43
"53",2015,5,7.03333333333333,57,7.37727272727273,6.81714285714286,7.15714285714286,7.15,7.02452830188679,22,35,7,4,53,4286,2146,2140,435,867,3419,7.14185954269715,7.68879310344828,6.59339252336448,6.90967816091954,6.96903114186851,7.1856858730623,44
"54",2015,6,6.95735294117647,68,7.5741935483871,6.44054054054054,6.81818181818182,6.45454545454545,7.05438596491228,31,37,11,11,57,4354,2177,2177,446,878,3476,7.13897795130914,7.68716123105191,6.59079467156637,6.90742152466368,6.9625854214123,7.1835327963176,45
"55",2015,7,7.10216666666667,60,7.67735294117647,6.35,6.16666666666667,6.5,7.16907407407407,34,26,6,6,54,4414,2211,2203,452,884,3530,7.13847757136384,7.68701040253279,6.58795279164775,6.89758849557522,6.95944570135747,7.18331161473087,46
"56",2015,8,7.00714285714286,70,7.59625,6.22166666666667,6.375,6.83333333333333,7.05454545454545,40,30,4,15,55,4484,2251,2233,456,899,3585,7.1364272970562,7.68539760106619,6.58303179579041,6.89300438596491,6.95734149054505,7.18133612273361,47
"57",2015,9,7.16438356164384,73,8.14285714285714,6.26315789473684,6.45,6.95384615384615,7.21,35,38,10,13,60,4557,2286,2271,466,912,3645,7.13687513715164,7.69240157480315,6.57767943637164,6.88349785407725,6.95729166666667,7.18180795610425,48
"58",2015,10,7.24785714285714,70,7.64148936170213,6.44347826086956,6.64,7.52727272727273,7.19576271186441,47,23,5,11,59,4627,2333,2294,471,923,3704,7.13855413875081,7.6913759108444,6.57633391455972,6.88091295116773,6.96408450704225,7.18203023758099,49
"59",2015,11,7.07137931034483,87,7.53254901960784,6.41805555555556,6.74,7.74181818181818,6.97434210526316,51,36,5,11,76,4714,2384,2330,476,934,3780,7.13731438268986,7.68797818791946,6.57388841201717,6.87943277310924,6.97324411134904,7.17785449735449,50
"60",2015,12,6.93045977011494,87,7.39583333333333,6.35769230769231,6.5,6.71,6.95909090909091,48,39,6,10,77,4801,2432,2369,482,944,3857,7.13356592376588,7.68221217105263,6.5703292528493,6.87470954356846,6.97045550847458,7.17348716619134,51
"61",2016,1,7.24327731092437,119,7.6675,6.81186440677966,6.72142857142857,6.77272727272727,7.2912037037037,60,59,14,11,108,4920,2492,2428,496,955,3965,7.13621951219512,7.68185794542536,6.57619851729819,6.87038306451613,6.96817801047121,7.17669356872635,52
"62",2016,2,7.19565217391304,69,7.79024390243902,6.325,6.425,7.70909090909091,7.09827586206897,41,28,8,11,58,4989,2533,2456,504,966,4023,7.13704149128082,7.68361231741018,6.57333469055374,6.86331349206349,6.9766149068323,7.1755630126771,53
"63",2016,3,7.18450704225352,71,7.665,6.56451612903226,7.25,6.58571428571429,7.25,40,31,4,7,64,5060,2573,2487,508,973,4087,7.13770750988142,7.68332296929654,6.57322476879775,6.86635826771653,6.973802672148,7.17672865182285,54
"64",2016,4,7.26808510638298,94,7.53225806451613,6.75625,6.33333333333333,6.64285714285714,7.3775,62,32,3,14,80,5154,2635,2519,511,987,4167,7.14008537058595,7.67976850094876,6.57554982135768,6.863228962818,6.96910840932118,7.18058315334773,55
"65",2016,5,7.3669696969697,66,7.90625,6.85941176470588,7.2,7.6,7.34786885245902,32,34,5,5,61,5220,2667,2553,516,992,4228,7.1429540229885,7.68248593925759,6.57933019976498,6.86649224806201,6.97228830645161,7.18299668874172,56
"66",2016,6,7.34038961038961,77,7.71111111111111,6.8190625,6.5,7.55,7.30910447761194,45,32,8,10,67,5297,2712,2585,524,1002,4295,7.14582405134982,7.68296091445428,6.58229787234042,6.86089694656488,6.97805389221557,7.18496391152503,57
"67",2016,7,7.35632183908046,87,7.75818181818182,6.665625,8.06666666666667,7.46,7.34285714285714,55,32,3,10,77,5384,2767,2617,527,1012,4372,7.14922548291233,7.68445608962775,6.58331677493313,6.86776091081594,6.9828162055336,7.18774473924977,58
"68",2016,8,7.24932432432432,74,7.78829787234043,6.31111111111111,7.08333333333333,6.90384615384615,7.32295081967213,47,27,6,13,61,5458,2814,2644,533,1025,4433,7.15058263100036,7.68619047619047,6.58053706505295,6.87018761726079,6.98181463414634,7.1896052334762,59
"69",2016,9,7.19140625,64,7.78448275862069,6.7,6,6.52222222222222,7.30090909090909,29,35,7,9,55,5522,2843,2679,540,1034,4488,7.15105577689243,7.68719310587407,6.5820977976857,6.85890740740741,6.97781431334623,7.1909692513369,60
"70",2016,10,7.23170731707317,82,7.59555555555556,6.78918918918919,6.25,6.55,7.32638888888889,45,37,6,10,72,5604,2888,2716,546,1044,4560,7.15223590292648,7.68576523545706,6.58491899852725,6.85221611721612,6.97371647509579,7.19310745614035,61
"71",2016,11,7.03970588235294,68,7.7,6.63095238095238,6.56666666666667,7,7.04655172413793,26,42,12,10,58,5672,2914,2758,558,1054,4618,7.15088681241185,7.68589224433768,6.58562001450326,6.8460752688172,6.97396584440228,7.19126678215678,62
"72",2016,12,7.20878787878788,99,7.78368421052632,6.42857142857143,6.65,7.08363636363636,7.22443181818182,57,42,10,11,88,5771,2971,2800,568,1065,4706,7.1518800901057,7.68776842813867,6.58326428571429,6.84262323943662,6.9750985915493,7.19188695282618,63
"73",2017,1,7.42921348314607,89,7.78035714285714,6.83333333333333,6.64285714285714,7.3,7.44556962025316,56,33,7,10,79,5860,3027,2833,575,1075,4785,7.15609215017065,7.68948133465477,6.58617719731733,6.84019130434783,6.97812093023256,7.19607523510972,64
"74",2017,2,7.24466666666667,75,7.92560975609756,6.42352941176471,5.71428571428571,6.5625,7.32611940298507,41,34,7,8,67,5935,3068,2867,582,1083,4852,7.15721145745577,7.6926368970013,6.58424834321591,6.82664948453608,6.97505078485688,7.19787098103874,65
"75",2017,3,7.64137931034483,58,7.83421052631579,7.275,7.375,8,7.5921568627451,38,20,4,7,51,5993,3106,2887,586,1090,4903,7.16189721341565,7.69436896329684,6.58903359889158,6.83039249146758,6.98163302752294,7.20197226188048,66
"76",2017,4,7.32121212121212,66,7.68235294117647,6.9375,6.8,7.125,7.34827586206897,34,32,5,8,58,6059,3140,2919,591,1098,4961,7.16363261264235,7.69423885350318,6.59285371702638,6.83013536379018,6.98267759562842,7.203682725257,67
"77",2017,5,7.51811594202899,69,8.08333333333333,6.90151515151515,6,7.41666666666667,7.52777777777778,36,33,5,6,63,6128,3176,2952,596,1104,5024,7.16762402088772,7.69864924433249,6.59630420054201,6.8231711409396,6.98503623188406,7.20774681528662,68
"78",2017,6,7.42352941176471,68,7.86829268292683,6.74814814814815,6.64285714285714,7.45454545454545,7.41754385964912,41,27,7,11,57,6196,3217,2979,603,1115,5081,7.17043253712072,7.70081131488965,6.59768042967439,6.82107794361526,6.98966816143498,7.21010037394213,69
"79",2017,7,7.49275362318841,69,8.040625,7.01891891891892,7.25,7.5,7.4921875,32,37,4,5,64,6265,3249,3016,607,1120,5145,7.17398244213886,7.70415820252385,6.60284814323608,6.82390444810543,6.99194642857143,7.21360932944606,70
"80",2017,8,7.40921052631579,76,7.96842105263158,6.85,7.16666666666667,8,7.2984375,38,38,3,12,64,6341,3287,3054,610,1132,5209,7.17680176628292,7.70721326437481,6.60592337917485,6.82559016393442,7.00263250883392,7.21465156459973,71
"81",2017,9,7.0793,70,7.76284615384615,6.21935483870968,7.16666666666667,6.78571428571429,7.11192063492063,39,31,3,7,63,6411,3326,3085,613,1139,5272,7.17573717048822,7.70786560432952,6.60203889789303,6.82725938009788,7.00129938542581,7.21342393778452,72
"82",2017,10,7.363625,80,7.65604166666667,6.925,6.25,6.44444444444444,7.48014084507042,48,32,4,9,71,6491,3374,3117,617,1148,5343,7.17805284239716,7.70712833432128,6.6053545075393,6.8235170178282,6.99693379790941,7.21696818266891,73
"83",2017,11,7.47093023255814,86,7.91525423728814,6.5,6.5,7,7.5472972972973,59,27,3,12,74,6577,3433,3144,620,1160,5417,7.18188246921088,7.71070521409845,6.60444974554707,6.82195161290322,6.99696551724138,7.22148070887945,74
"84",2017,12,7.36285714285714,70,7.66111111111111,7.04705882352941,7.44,7.3125,7.36935483870968,36,34,5,8,62,6647,3469,3178,625,1168,5479,7.1837883255604,7.7101905448256,6.60918502202643,6.826896,6.99912671232877,7.22315404270852,75
"85",2018,1,7.125,100,7.65490196078431,6.5734693877551,6.94,7,7.13736263736264,51,49,5,9,91,6747,3520,3227,630,1177,5570,7.18291700014821,7.70938948863636,6.60864270220018,6.82779365079365,6.99913338997451,7.22175242369838,76
"86",2018,2,7.49722222222222,72,7.8,7.11875,7.8,7.95,7.4241935483871,40,32,5,10,62,6819,3560,3259,635,1187,5632,7.18623566505352,7.71040758426966,6.61365142681804,6.83544881889764,7.00714406065712,7.22398100142045,77
"87",2018,3,7.475,76,7.98510638297872,6.64827586206897,5,7.975,7.41617647058824,47,29,3,8,68,6895,3607,3288,638,1195,5700,7.18941856417694,7.71398696978098,6.61395681265207,6.82681818181818,7.01362343096234,7.22627385964912,78
"88",2018,4,7.21938775510204,49,7.69444444444444,6.94354838709677,7.58333333333333,6.5,7.33928571428571,18,31,6,7,42,6944,3625,3319,644,1202,5742,7.18963004032258,7.71388993103448,6.6170352515818,6.83386645962733,7.01063227953411,7.22710048763497,79
"89",2018,5,7.44625,64,7.89882352941176,6.93333333333333,7.21428571428571,7.55,7.42703703703704,34,30,7,10,54,7008,3659,3349,651,1212,5796,7.19197360159817,7.71560836294069,6.61986861749776,6.83795698924731,7.01508250825083,7.2289632505176,80
"90",2018,6,7.21145833333333,48,7.65625,6.76666666666667,5,6.59375,7.335,24,24,1,8,40,7056,3683,3373,652,1220,5836,7.19210615079365,7.71522155851208,6.62091313370886,6.83513803680981,7.01231967213115,7.22969002741604,81
"91",2018,7,7.69,55,7.725,7.648,7.4,8.6,7.599,30,25,5,5,50,7111,3713,3398,657,1225,5886,7.19595710870482,7.71530056558039,6.62846968805179,6.83943683409437,7.0188,7.23282721712538,82
"92",2018,8,7.6037037037037,54,8.33333333333333,6.87407407407407,6.66666666666667,8.08181818181818,7.48139534883721,27,27,3,11,43,7165,3740,3425,660,1236,5929,7.1990301465457,7.71976229946524,6.63040583941606,6.83865151515151,7.02826051779935,7.23462995446112,83
"93",2018,9,6.92,74,7.91891891891892,5.92108108108108,6.9,6.57142857142857,6.95641791044776,37,37,5,7,67,7239,3777,3462,665,1243,5996,7.19617778698715,7.72171326449563,6.62282495667244,6.83911278195488,7.02568785197104,7.23152118078719,84
"94",2018,10,7.27549019607843,51,7.85740740740741,6.62083333333333,6.18,7.83333333333333,7.20111111111111,27,24,5,6,45,7290,3804,3486,670,1249,6041,7.19673264746227,7.72267639327024,6.62281124497992,6.83419402985074,7.0295676541233,7.23129465320311,85
"95",2018,11,7.17051282051282,78,7.93214285714286,6.744,6.5,6.65,7.23,28,50,9,8,70,7368,3832,3536,679,1257,6111,7.19645507600434,7.72420694154488,6.62452488687783,6.82976435935199,7.02715194908512,7.23127982326951,86
"96",2018,12,7.39347826086957,46,7.70535714285714,6.90833333333333,7,8.25,7.2890243902439,28,18,1,5,41,7414,3860,3554,680,1262,6152,7.1976775020232,7.72407020725389,6.6259622960045,6.83001470588235,7.03199683042789,7.23166466189857,87
"97",2019,1,7.37482989795918,98,7.98148148148148,6.63030295454545,6.1875,6.90625,7.46626012195122,54,44,8,16,82,7512,3914,3598,688,1278,6234,7.1999885955804,7.7276216147164,6.62601537798777,6.82254360465116,7.03042253521127,7.23475045396214,88
"98",2019,2,7.66153846153846,52,7.916,7.42592592592593,7.375,7.4,7.68936170212766,25,27,4,5,47,7564,3939,3625,692,1283,6281,7.20316159836065,7.72881721249048,6.63197333241379,6.82573699421965,7.03186282151208,7.23815225760229,89
"99",2019,3,7.28842105263158,57,7.95275862068966,6.60035714285714,6.4,7,7.31615384615385,29,28,5,5,52,7621,3968,3653,697,1288,6333,7.20379928224642,7.73045388104839,6.63173099644128,6.82268292682927,7.03173913043478,7.2387927254066,90
"100",2019,4,7.41774193548387,62,7.74848484848485,7.04137931034483,6.75,7.70714285714286,7.33333333333333,33,29,4,14,48,7683,4001,3682,701,1302,6381,7.20552574905636,7.73060259935016,6.63495744975557,6.82226818830242,7.03900153609831,7.23950389123962,91
"101",2019,5,7.10127659574468,47,7.60869565217391,6.615,6.74,7.5,7.0315,23,24,4,7,40,7730,4024,3706,705,1309,6421,7.20489189262613,7.72990581510934,6.63482820561252,6.82180141843971,7.04146676852559,7.2382081186731,92
"102",2019,6,6.91276595744681,47,7.57916666666667,6.21739130434783,5.83333333333333,6.92857142857143,6.91,24,23,6,7,40,7777,4048,3729,711,1316,6461,7.20312644078693,7.72901210474308,6.6322535076428,6.81345991561181,7.04086626139818,7.23617618480111,93
"103",2019,7,7.68604651162791,43,8.23684210526316,7.25,7.75,8.08333333333333,7.62162162162162,19,24,4,6,37,7820,4067,3753,715,1322,6498,7.20578188363171,7.73138455864273,6.63620392486011,6.8186993006993,7.04559757942511,7.23837093413358,94
"104",2019,8,7.22608695652174,46,7.23,7.22307692307692,7.5,7.25,7.22380952380952,20,26,4,4,42,7866,4087,3779,719,1326,6540,7.20590062674803,7.72893100073403,6.64024168563112,6.82248956884562,7.04621417797888,7.2382774204893,95
"105",2019,9,7.20573770491803,61,7.49375,6.88793103448276,6.54166666666667,7.375,7.18018867924528,32,29,6,8,53,7927,4119,3808,725,1334,6593,7.20589937302889,7.72710390871571,6.64212797531512,6.82016551724138,7.04818590704648,7.23781045502806,96
"106",2019,10,7.5,65,7.90263157894737,6.93333333333333,8,6.75,7.54918032786885,38,27,3,4,61,7992,4157,3835,728,1338,6654,7.20829133258258,7.72870844358913,6.64417818252933,6.82502747252747,7.04729446935725,7.24066491283438,97
"107",2019,11,7.26,65,7.61621621621622,6.78928571428571,5.75,7.4,7.24833333333333,37,28,4,5,60,8057,4194,3863,732,1343,6714,7.20870849323569,7.72771602288984,6.64522995858141,6.81915300546448,7.04860759493671,7.24073344206136,98
"108",2019,12,7.31846153846154,65,7.92307692307692,6.91538461538462,7.15,7.5,7.3,26,39,8,6,59,8122,4220,3902,740,1349,6773,7.20958684191086,7.72891966824645,6.64793012045105,6.82272972972973,7.05061527057079,7.24124971652148,99
"109",2020,1,7.47028108433735,83,8.02296288888889,6.81578947368421,6.8,7.85,7.41826479452055,45,38,5,10,73,8205,4265,3940,745,1359,6846,7.212223968312,7.73202211723329,6.64954906852792,6.82257718120805,7.0564974245769,7.24313725679229,100
"110",2020,2,7.24507462686567,67,7.72297297297297,6.65566666666667,6.6,6.25,7.30825396825397,37,30,5,4,63,8272,4302,3970,750,1363,6909,7.2124900459381,7.73194428870293,6.64959529722922,6.82109333333333,7.05413059427733,7.24373102619771,101
"111",2020,3,7.3796875,64,7.59705882352941,7.13333333333333,6.875,6.57142857142857,7.47894736842105,34,30,4,7,57,8336,4336,4000,754,1370,6966,7.21377371161228,7.73088660747232,6.6532233325,6.82137931034482,7.05166423357664,7.24565570772323,102
"112",2020,4,7.4364,50,7.78592592592593,7.02608695652174,6.92,6.5,7.51782608695652,27,23,5,4,46,8386,4363,4023,759,1374,7012,7.21510108037205,7.73122721292689,6.65535504101417,6.82202898550724,7.05005822416303,7.24744119509412,103
"113",2020,5,7.54313725490196,51,8.25925925925926,6.7375,6.45,8.65,7.39555555555556,27,24,4,6,45,8437,4390,4047,763,1380,7057,7.21708399431077,7.7344747904328,6.65584218680504,6.82007863695937,7.05701449275362,7.24838566813093,104
"114",2020,6,7.43653846153846,52,7.83461538461538,7.03846153846154,7,7.4375,7.43636363636364,26,26,2,8,44,8489,4416,4073,765,1388,7101,7.21842827894923,7.73506438632246,6.65828463785907,6.82054901960784,7.05920749279539,7.24955043796648,105
"115",2020,7,7.12820512820513,39,7.75,6.59523809523809,6.5,5.9,7.19459459459459,18,21,3,2,37,8528,4434,4094,768,1390,7138,7.21801567307692,7.7351250180424,6.65796124328285,6.819296875,7.05753956834532,7.24926557298963,106
"116",2020,8,7.47395833333333,48,8.14285714285714,6.9537037037037,7.5,8.125,7.41477272727273,21,27,2,4,44,8576,4455,4121,770,1394,7182,7.21944818796642,7.73704698765432,6.65989889104586,6.82106493506493,7.06060258249641,7.25027954051796,107
"117",2020,9,7.31131578947368,38,8.10166666666667,6.6,5.5,7.33333333333333,7.3071875,18,20,2,6,32,8614,4473,4141,772,1400,7214,7.21985345484096,7.73851427006483,6.65960959430089,6.81764248704663,7.06177142857143,7.25053197393956,108
"118",2020,10,7.69660377358491,53,8.1888,7.25714285714286,6.41666666666667,7.8125,7.676,25,28,6,8,45,8667,4498,4169,778,1408,7259,7.22276885427483,7.74101696976434,6.66362277044855,6.8145501285347,7.06603693181818,7.25316953574872,109
"119",2020,11,7.43296875,64,7.88777777777778,6.84821428571429,6.75,7.5,7.4285,36,28,2,4,60,8731,4534,4197,780,1412,7319,7.22430966212347,7.74218225187472,6.66485426018585,6.81438461538461,7.06726628895184,7.25460686705834,110
"120",2020,12,7.63870967741935,62,8.11388888888889,6.98076923076923,6.33333333333333,7.2,7.67719298245614,36,26,3,5,57,8793,4570,4223,783,1417,7376,7.22723162288184,7.74511035667396,6.66679927302865,6.81254150702426,7.06773465067043,7.25787251355748,111
"121",2021,1,7.54347826086957,69,7.89189189189189,7.140625,7,7.5,7.54838709677419,37,32,7,7,62,8862,4607,4255,790,1424,7438,7.22969393590611,7.74628919687432,6.67036270975323,6.81420253164557,7.0698595505618,7.26029411938693,112
"122",2021,2,7.30204081632653,49,7.73636363636364,6.40625,6,6.5,7.35434782608696,33,16,3,3,46,8911,4640,4271,793,1427,7484,7.23009175850073,7.74621860560345,6.66937329196909,6.81112232030265,7.06866152768045,7.26087221539284,113
"123",2021,3,7.39341666666667,60,7.7795,7.00733333333333,7.04,7.3325,7.40018518518518,30,30,5,6,54,8971,4670,4301,798,1433,7538,7.23118411102441,7.74643240471092,6.67173060451058,6.81255639097744,7.06976622470342,7.26187021225789,114
"124",2021,4,7.24489795918367,49,7.73636363636364,6.84444444444444,7.14285714285714,8.5,7.13333333333333,22,27,7,4,45,9020,4692,4328,805,1437,7583,7.2312586097561,7.74638519394714,6.6728080707024,6.81542857142857,7.07374739039666,7.26110743241461,115
"125",2021,5,7.12222222222222,45,7.6875,6.81034482758621,6.66666666666667,6.7,7.175,16,29,6,5,40,9065,4708,4357,811,1442,7623,7.23071733701048,7.74618507434155,6.67372350929539,6.81432799013563,7.07245145631068,7.26065560278106,116
"126",2021,6,7.43747756756757,37,7.95215705882353,7,6.75,6.864445,7.54838709677419,17,20,4,6,31,9102,4725,4377,815,1448,7654,7.23155782575258,7.74692613756614,6.67521437742746,6.81401226993865,7.07158955110497,7.26182096420172,117
"127",2021,7,7.3875,40,7.97619047619048,6.73684210526316,6.4,7.625,7.36111111111111,21,19,5,4,36,9142,4746,4396,820,1452,7690,7.23224013673157,7.74794058154235,6.67548073930846,6.81148780487805,7.07311409779614,7.26228578153446,118
"128",2021,8,7.39821428571429,56,7.88333333333333,6.83846153846154,6.75,7.42857142857143,7.39387755102041,30,26,4,7,49,9198,4776,4422,824,1459,7739,7.23325063383344,7.74879103852596,6.67643901628222,6.81118932038835,7.07481951336532,7.2631189636904,119
"129",2021,9,7.61201886792453,53,7.86206896551724,7.309875,6,7.18333333333333,7.66674468085106,29,24,1,6,47,9251,4805,4446,825,1465,7786,7.23542063884985,7.74947471383975,6.67985837381916,6.81020606060606,7.07526393856655,7.26555544053429,120
"130",2021,10,7.40808090909091,44,7.56616181818182,7.25,7,7.9,7.34501435897436,22,22,1,5,39,9295,4827,4468,826,1470,7825,7.23623796557289,7.74863922933499,6.68266569606088,6.81043583535109,7.07806916326531,7.2659514658147,121
"131",2021,11,7.37170731707317,41,7.84375,7.0696,6.435,6,7.44205128205128,16,25,4,2,39,9336,4843,4493,830,1472,7864,7.23683289310197,7.7489534503407,6.68481868016915,6.80862650602409,7.07660439538043,7.26682479908443,122
"132",2021,12,6.94796610169491,59,7.69,6.321875,6.4,8.08714285714286,6.79461538461538,27,32,5,7,52,9395,4870,4525,835,1479,7916,7.23501882810005,7.7486266036961,6.68225200662983,6.80617964071856,7.08138720081136,7.2637228676099,123
"133",2022,1,7.37776470588235,85,7.698,7.0175,NA,8.40909090909091,7.22445945945946,45,40,0,11,74,9480,4915,4565,835,1490,7990,7.23629872257384,7.7481630844354,6.68518955750274,6.80617964071856,7.09118904026846,7.26335922653317,124
"134",2022,2,7.17045982758621,58,7.73523821428571,6.64333333333333,5.66666666666667,7.18333333333333,7.16897442307692,28,30,3,6,52,9538,4943,4595,838,1496,8042,7.23589836024324,7.74808987052397,6.68491628509249,6.80210023866348,7.09155860294118,7.2627489293708,125
"135",2022,3,7.27777777777778,45,8.38095238095238,6.3125,7.16666666666667,6.6,7.3625,21,24,3,5,40,9583,4964,4619,841,1501,8082,7.23609501826151,7.75076716962127,6.68298123619831,6.80340071343638,7.08992116588941,7.26324262435041,126
"136",2022,4,7.38139534883721,43,7.90869565217391,6.775,7.16666666666667,7.28571428571429,7.4,23,20,3,7,36,9626,4987,4639,844,1508,8118,7.23674408477041,7.75149553438941,6.6833779543005,6.80469194312796,7.0908300198939,7.2638490872136,127
"137",2022,5,7.22180796610169,59,7.9793335,6.83333333333333,7,7.5,7.21701155172414,20,39,2,1,58,9685,5007,4678,846,1509,8176,7.23665309550852,7.752405612143,6.68462811671654,6.8051536643026,7.09110117296223,7.26351682485323,128
"138",2022,6,7.2437037037037,54,7.84516129032258,6.43304347826087,6.5,6.78571428571429,7.31191489361702,31,23,4,7,47,9739,5038,4701,850,1516,8223,7.23669218913646,7.75297635966653,6.68339721974048,6.80371764705882,7.08969107519789,7.26379345251125,129
"139",2022,7,7.03333333333333,48,7.35,6.80714285714286,6.66666666666667,6.8,7.06046511627907,20,28,3,5,43,9787,5058,4729,853,1521,8266,7.23569482272402,7.75138293792013,6.68412990695707,6.80323563892145,7.08873877054569,7.26273573191386,130
"140",2022,8,7.67065217391304,46,8.36458333333333,6.91363636363636,6,8.75,7.5390243902439,24,22,1,5,41,9833,5082,4751,854,1526,8307,7.23772960744432,7.75427880755608,6.68519266049253,6.80229508196721,7.09418195937091,7.26409938124473,131
"141",2022,9,7.4845652173913,46,8.05238095238095,7.0076,6.83333333333333,7.625,7.47119047619048,21,25,3,4,42,9879,5103,4776,857,1530,8349,7.2388789583966,7.75550556535371,6.68688030360134,6.80240373395566,7.09556971895425,7.26514116181579,132
"142",2022,10,7.5833,50,8.5,6.86303571428571,5.66666666666667,7.425,7.5970652173913,22,28,3,4,46,9929,5125,4804,860,1534,8395,7.24061337798368,7.75870144390244,6.6879070212323,6.79844186046511,7.09642872881356,7.26695992376414,133
"143",2022,11,7.4386,50,7.67090909090909,7.25607142857143,7.31,8.25,7.36804347826087,22,28,7,4,46,9979,5147,4832,867,1538,8441,7.24160539432809,7.7583261900136,6.69119936465232,6.80257208765859,7.09942891417425,7.26751078782135,134
"144",2022,12,7.59063829787234,47,8.14818181818182,7.1,7.5,8.31666666666667,7.48439024390244,22,25,2,6,41,10026,5169,4857,869,1544,8482,7.24324159485338,7.75998547107758,6.69330354745728,6.80417721518987,7.1041591126943,7.26855913228012,135
