"","year","month","avg_rating","no_ratings","avg_rating_owned","avg_rating_not_owned","avg_rating_prev_owned","avg_rating_comment","avg_rating_no_comment","no_ratings_owned","no_ratings_not_owned","no_ratings_prev_owned","no_ratings_comment","no_ratings_no_comment","cum_no_ratings","cum_no_ratings_owned","cum_no_ratings_not_owned","cum_no_ratings_prev_owned","cum_no_ratings_comment","cum_no_ratings_no_comment","cum_avg_rating","cum_avg_rating_owned","cum_avg_rating_not_owned","cum_avg_rating_prev_owned","cum_avg_rating_comment","cum_avg_rating_no_comment","month_after_release"
"1",2002,3,8,1,8,NA,NA,NA,8,1,0,0,0,1,1,1,0,0,0,1,8,8,NA,NA,NA,8,10
"2",2002,5,7,1,7,NA,NA,7,NA,1,0,0,1,0,2,2,0,0,1,1,7.5,7.5,NA,NA,7,8,12
"3",2002,8,7,1,7,NA,NA,NA,7,1,0,0,0,1,3,3,0,0,1,2,7.33333333333333,7.33333333333333,NA,NA,7,7.5,15
"4",2002,10,6,1,NA,6,NA,NA,6,0,1,0,0,1,4,3,1,0,1,3,7,7.33333333333333,6,NA,7,7,17
"5",2003,5,8,8,8.42857142857143,5,NA,7.85714285714286,9,7,1,0,7,1,12,10,2,0,8,4,7.66666666666667,8.1,5.5,NA,7.75,7.5,24
"6",2003,6,7.1,5,7.83333333333333,6,7,6.75,8.5,3,2,1,4,1,17,13,4,1,12,5,7.5,8.03846153846154,5.75,7,7.41666666666667,7.7,25
"7",2003,7,6.73214285714286,28,7.70833333333333,6,5,7.16666666666667,6.40625,12,16,2,12,16,45,25,20,3,24,21,7.02222222222222,7.88,5.95,5.66666666666667,7.29166666666667,6.71428571428571,26
"8",2003,8,6.8125,16,8,6.1,NA,6.16666666666667,7.2,6,10,0,6,10,61,31,30,3,30,31,6.9672131147541,7.90322580645161,6,5.66666666666667,7.06666666666667,6.87096774193548,27
"9",2003,9,7.05,8,7.73333333333333,5,NA,6.98,7.16666666666667,6,2,0,5,3,69,37,32,3,35,34,6.9768115942029,7.87567567567567,5.9375,5.66666666666667,7.05428571428571,6.89705882352941,28
"10",2003,10,6.16666666666667,6,8,5.25,6,5,7.33333333333333,2,4,1,3,3,75,39,36,4,38,37,6.912,7.88205128205128,5.86111111111111,5.75,6.89210526315789,6.93243243243243,29
"11",2003,11,6.85714285714286,7,7.6,5,NA,6.375,7.5,5,2,0,4,3,82,44,38,4,42,40,6.90731707317073,7.85,5.81578947368421,5.75,6.84285714285714,6.975,30
"12",2003,12,6.33333333333333,9,6.41666666666667,6.16666666666667,NA,6.25,6.4,6,3,0,4,5,91,50,41,4,46,45,6.85054945054945,7.678,5.84146341463415,5.75,6.79130434782609,6.91111111111111,31
"13",2004,1,6.72222222222222,18,7.61111111111111,5.83333333333333,6.5,7.05555555555556,6.38888888888889,9,9,2,9,9,109,59,50,6,55,54,6.82935779816514,7.66779661016949,5.84,6,6.83454545454545,6.82407407407407,32
"14",2004,2,7.40909090909091,11,7.61111111111111,6.5,NA,7.125,7.57142857142857,9,2,0,4,7,120,68,52,6,59,61,6.8825,7.66029411764706,5.86538461538461,6,6.85423728813559,6.90983606557377,33
"15",2004,3,7.23529411764706,17,7.5,6.6,NA,7.75,7.07692307692308,12,5,0,4,13,137,80,57,6,63,74,6.92627737226277,7.63625,5.92982456140351,6,6.91111111111111,6.93918918918919,34
"16",2004,4,6.375,8,7.75,5,7,5.6,7.66666666666667,4,4,1,5,3,145,84,61,7,68,77,6.89586206896552,7.64166666666667,5.86885245901639,6.14285714285714,6.81470588235294,6.96753246753247,35
"17",2004,5,7.02631578947368,19,7.19230769230769,6.66666666666667,6,7,7.0625,13,6,2,11,8,164,97,67,9,79,85,6.9109756097561,7.58144329896907,5.94029850746269,6.11111111111111,6.84050632911392,6.97647058823529,36
"18",2004,6,7.17647058823529,17,7.5,6.71428571428571,7.25,6.71428571428571,7.5,10,7,4,7,10,181,107,74,13,86,95,6.93591160220994,7.57383177570093,6.01351351351351,6.46153846153846,6.83023255813953,7.03157894736842,37
"19",2004,7,6.92857142857143,14,7.09090909090909,6.33333333333333,NA,6.5,7.5,11,3,0,8,6,195,118,77,13,94,101,6.93538461538462,7.52881355932203,6.02597402597403,6.46153846153846,6.80212765957447,7.05940594059406,38
"20",2004,8,7.43333333333333,15,7.68181818181818,6.75,6.5,7.1875,7.71428571428571,11,4,1,8,7,210,129,81,14,102,108,6.97095238095238,7.54186046511628,6.06172839506173,6.46428571428571,6.83235294117647,7.10185185185185,39
"21",2004,9,6.44444444444444,18,6.7,6.125,6.5,6.6,6.25,10,8,1,10,8,228,139,89,15,112,116,6.92938596491228,7.48129496402878,6.06741573033708,6.46666666666667,6.81160714285714,7.04310344827586,40
"22",2004,10,7.04166666666667,12,7.25,6.625,7,7,7.05555555555556,8,4,1,3,9,240,147,93,16,115,125,6.935,7.4687074829932,6.09139784946237,6.5,6.81652173913043,7.044,41
"23",2004,11,6.96521739130435,23,7.42352941176471,5.66666666666667,6.5,6.33636363636364,7.54166666666667,17,6,2,11,12,263,164,99,18,126,137,6.93764258555133,7.4640243902439,6.06565656565657,6.5,6.77460317460317,7.08759124087591,42
"24",2004,12,6.12666666666667,15,6.59,5.2,NA,5.7,6.5,10,5,0,7,8,278,174,104,18,133,145,6.89388489208633,7.41379310344828,6.02403846153846,6.5,6.71804511278195,7.0551724137931,43
"25",2005,1,6.80740740740741,27,6.94,6.42857142857143,6.5,6.75,6.89090909090909,20,7,3,16,11,305,194,111,21,149,156,6.88622950819672,7.36494845360825,6.04954954954955,6.5,6.72147651006711,7.04358974358974,44
"26",2005,2,6.68518518518519,27,7.19230769230769,6.21428571428571,6.5,6.71428571428571,6.65384615384615,13,14,5,14,13,332,207,125,26,163,169,6.86987951807229,7.35410628019324,6.068,6.5,6.72085889570552,7.01360946745562,45
"27",2005,3,6.51086956521739,23,6.63461538461539,6.35,7.5,5.80769230769231,7.425,13,10,4,13,10,355,220,135,30,176,179,6.84661971830986,7.31159090909091,6.08888888888889,6.63333333333333,6.65340909090909,7.03659217877095,46
"28",2005,4,6.83333333333333,21,7.80769230769231,5.25,6.33333333333333,6.78571428571429,6.85714285714286,13,8,3,7,14,376,233,143,33,183,193,6.84587765957447,7.3392703862661,6.04195804195804,6.60606060606061,6.65846994535519,7.02357512953368,47
"29",2005,5,6.675,24,7.19285714285714,5.95,6,7.13636363636364,6.28461538461538,14,10,2,11,13,400,247,153,35,194,206,6.835625,7.33097165991903,6.0359477124183,6.57142857142857,6.68556701030928,6.97694174757282,48
"30",2005,6,5.84166666666667,18,7.1875,4.765,5.9,5.365,6.4375,8,10,5,10,8,418,255,163,40,204,214,6.79282296650718,7.32647058823529,5.9579754601227,6.4875,6.62083333333333,6.95677570093458,49
"31",2005,7,6.73809523809524,21,6.85294117647059,6.25,NA,6.28571428571429,6.96428571428571,17,4,0,7,14,439,272,167,40,211,228,6.79020501138952,7.296875,5.96497005988024,6.4875,6.60971563981043,6.95723684210526,50
"32",2005,8,6.34285714285714,28,6.96666666666667,5.62307692307692,7,6.35,6.33333333333333,15,13,2,16,12,467,287,180,42,227,240,6.76338329764454,7.27961672473868,5.94027777777778,6.51190476190476,6.59140969162996,6.92604166666667,51
"33",2005,9,6.16129032258065,31,6.44444444444444,5.76923076923077,7,5.88888888888889,6.53846153846154,18,13,3,18,13,498,305,193,45,245,253,6.72590361445783,7.23032786885246,5.92875647668394,6.54444444444444,6.53979591836735,6.90612648221344,52
"34",2005,10,6.65666666666667,30,7.15238095238095,5.5,6.5,6.77647058823529,6.5,21,9,2,17,13,528,326,202,47,262,266,6.7219696969697,7.22530674846626,5.90965346534653,6.54255319148936,6.55515267175573,6.88627819548872,53
"35",2005,11,6.8875,40,7.125,6.33333333333333,6.5,7.15625,6.70833333333333,28,12,2,16,24,568,354,214,49,278,290,6.73362676056338,7.21737288135593,5.93341121495327,6.54081632653061,6.58974820143885,6.87155172413793,54
"36",2005,12,6.72222222222222,36,7.42105263157895,5.94117647058824,6.5,6.97058823529412,6.5,19,17,3,17,19,604,373,231,52,295,309,6.73294701986755,7.22774798927614,5.93398268398268,6.53846153846154,6.61169491525424,6.84870550161812,55
"37",2006,1,6.94838709677419,31,7.31818181818182,6.04444444444444,6.75,7.26363636363636,6.775,22,9,2,11,20,635,395,240,54,306,329,6.74346456692913,7.23278481012658,5.938125,6.5462962962963,6.63513071895425,6.84422492401216,56
"38",2006,2,6.89655172413793,29,7.11111111111111,6.54545454545455,7.5,6.5,7.38461538461539,18,11,2,16,13,664,413,251,56,322,342,6.75015060240964,7.2274818401937,5.96474103585657,6.58035714285714,6.62841614906832,6.86476608187134,57
"39",2006,3,6.44651162790698,43,6.80666666666667,5.61538461538461,5.33333333333333,6.04166666666667,6.60322580645161,30,13,3,12,31,707,443,264,59,334,373,6.73168316831683,7.1989841986456,5.94753787878788,6.51694915254237,6.60733532934132,6.84302949061662,58
"40",2006,4,7.25925925925926,27,7.45454545454545,6.4,NA,7.38888888888889,7.19444444444444,22,5,0,9,18,734,465,269,59,343,391,6.75108991825613,7.2110752688172,5.95594795539033,6.51694915254237,6.62784256559767,6.85920716112532,59
"41",2006,5,6.39772727272727,22,6.65,5.85714285714286,5,6.16071428571429,6.8125,15,7,1,14,8,756,480,276,60,357,399,6.74080687830688,7.19354166666667,5.95344202898551,6.49166666666667,6.60952380952381,6.85827067669173,60
"42",2006,6,6.715,20,6.8,6.46,6.5,7.14285714285714,6.48461538461538,15,5,2,7,13,776,495,281,62,364,412,6.74014175257732,7.18161616161616,5.96245551601424,6.49193548387097,6.61978021978022,6.84648058252427,61
"43",2006,7,6.446875,32,6.97058823529412,5.85333333333333,6.66666666666667,6.31666666666667,6.525,17,15,3,12,20,808,512,296,65,376,432,6.72852722772277,7.174609375,5.95692567567568,6.5,6.61010638297873,6.83159722222222,62
"44",2006,8,6.44516129032258,31,6.86315789473684,5.78333333333333,6.46666666666667,6.55714285714286,6.35294117647059,19,12,3,14,17,839,531,308,68,390,449,6.71805721096544,7.16346516007533,5.95016233766234,6.49852941176471,6.60820512820513,6.81347438752784,63
"45",2006,9,6.3037037037037,27,7.1375,5.09090909090909,5,6.35,6.26666666666667,16,11,1,12,15,866,547,319,69,402,464,6.70513856812933,7.16270566727605,5.9205329153605,6.4768115942029,6.60049751243781,6.7957974137931,64
"46",2006,10,6.4469696969697,33,6.9125,5.73076923076923,6,6.1875,6.53,20,13,2,8,25,899,567,332,71,410,489,6.69566184649611,7.15388007054674,5.91310240963855,6.46338028169014,6.59243902439025,6.78220858895706,65
"47",2006,11,6.51612903225806,31,6.91176470588235,6.03571428571429,6.33333333333333,5.5,6.8125,17,14,3,7,24,930,584,346,74,417,513,6.68967741935484,7.14683219178082,5.91806358381503,6.45810810810811,6.57410071942446,6.78362573099415,66
"48",2006,12,6.39622641509434,53,6.64516129032258,6.04545454545455,6.92857142857143,6.16666666666667,6.48684210526316,31,22,7,15,38,983,615,368,81,432,551,6.67385554425229,7.12154471544715,5.92567934782609,6.49876543209877,6.55995370370371,6.76315789473684,67
"49",2007,1,6.26037735849057,53,6.6375,5.94827586206897,6.25,6.13157894736842,6.33235294117647,24,29,4,19,34,1036,639,397,85,451,585,6.6527027027027,7.10336463223787,5.92732997481108,6.48705882352941,6.54190687361419,6.73811965811966,68
"50",2007,2,6.38224852941176,34,6.60952380952381,6.01511153846154,7.375,6.24285714285714,6.4798225,21,13,4,14,20,1070,660,410,89,465,605,6.6441088317757,7.08765151515152,5.93011329268293,6.52696629213483,6.53290322580645,6.72958090909091,69
"51",2007,3,6.61142857142857,35,6.875,6.26,7.18,7.06,6.275,20,15,5,15,20,1105,680,425,94,480,625,6.64307371040724,7.08139705882353,5.94175635294118,6.56170212765957,6.549375,6.71503432,70
"52",2007,4,6.62564102564103,39,7.10434782608696,5.9375,6.66666666666667,6.375,6.88947368421053,23,16,3,20,19,1144,703,441,97,500,644,6.64247941433566,7.0821479374111,5.94160192743764,6.56494845360825,6.5424,6.72018082298137,71
"53",2007,5,6.04878048780488,41,6.48,5.375,6,5.87058823529412,6.175,25,16,3,17,24,1185,728,457,100,517,668,6.62193793248945,7.06146978021978,5.92176466083151,6.548,6.52030947775629,6.70059348802395,72
"54",2007,6,6.54883720930233,43,6.95416666666667,6.03684210526316,6.5,5.92307692307692,6.82,24,19,4,13,30,1228,752,476,104,530,698,6.61937821661238,7.05804521276596,5.92635808823529,6.54615384615385,6.50566037735849,6.7057255730659,73
"55",2007,7,6.56216216216216,37,6.74137931034483,5.9125,5.75,5.90909090909091,6.83846153846154,29,8,2,11,26,1265,781,484,106,541,724,6.61770470355731,7.04628681177977,5.92612902892562,6.5311320754717,6.49353049907579,6.71049233425414,74
"56",2007,8,6.53409090909091,44,6.44444444444444,6.59615384615385,7.875,6.44736842105263,6.6,18,26,4,19,25,1309,799,510,110,560,749,6.61489415584416,7.03272841051314,5.96028715686275,6.58,6.49196428571429,6.70680433911883,75
"57",2007,9,6.57692307692308,39,7.14583333333333,5.66666666666667,6,6.34347826086957,6.9125,24,15,3,23,16,1348,823,525,113,583,765,6.61379558605341,7.03602673147023,5.951898,6.5646017699115,6.48610634648371,6.71110647058824,76
"58",2007,10,6.72868421052632,38,7.04347826086957,6.246,5,6.71125,6.73333333333333,23,15,1,8,30,1386,846,540,114,591,795,6.61694549062049,7.0362293144208,5.9600675,6.55087719298246,6.48915397631134,6.71194522012579,77
"59",2007,11,6.81772727272727,66,7.12487179487179,6.37407407407407,6.65,6.92481481481482,6.74358974358974,39,27,4,27,39,1452,885,567,118,618,834,6.62607193526171,7.04013559322034,5.97978209876543,6.55423728813559,6.50818770226537,6.713425,78
"60",2007,12,6.61212121212121,66,6.81904761904762,6.25,6.83333333333333,6.59230769230769,6.625,42,24,3,26,40,1518,927,591,121,644,874,6.62546538208169,7.03011866235167,5.99075541455161,6.56115702479339,6.51158385093168,6.70937808924485,79
"61",2008,1,6.87325581395349,86,7.23660714285714,6.195,6.5,6.7875,6.91465517241379,56,30,6,28,58,1604,983,621,127,672,932,6.63875090399002,7.04188199389624,6.00062230273752,6.55826771653543,6.52308035714286,6.72215284334764,80
"62",2008,2,6.45098039215686,51,6.92592592592593,5.91666666666667,6,6.40625,6.47142857142857,27,24,7,16,35,1655,1010,645,134,688,967,6.6329646223565,7.03878217821782,5.99749837209302,6.52910447761194,6.52036337209302,6.71307802481903,81
"63",2008,3,6.536,50,6.81724137931035,6.14761904761905,7.025,6.37222222222222,6.628125,29,21,4,18,32,1705,1039,666,138,706,999,6.63012108504399,7.03259865255053,6.00223190690691,6.54347826086957,6.51658640226629,6.71035680680681,82
"64",2008,4,6.78076923076923,39,7.13541666666667,6.21333333333333,5.33333333333333,6.82307692307692,6.75961538461539,24,15,3,13,26,1744,1063,681,141,719,1025,6.63348993692661,7.03492003762935,6.00688171806167,6.5177304964539,6.52212795549374,6.71160629268293,83
"65",2008,5,6.35121951219512,41,7.04166666666667,5.37647058823529,7.5,6.72222222222222,6.06086956521739,24,17,2,18,23,1785,1087,698,143,737,1048,6.62700641456583,7.03506899724011,5.99152786532951,6.53146853146853,6.52701492537314,6.69732485687023,84
"66",2008,6,6.44892857142857,42,7.0687037037037,5.33333333333333,5.75,6.57033333333333,6.38148148148148,27,15,2,15,27,1827,1114,713,145,752,1075,6.62291267104543,7.0358842010772,5.97768085553997,6.52068965517241,6.5278789893617,6.68939204651163,85
"67",2008,7,6.45902777777778,72,7.1,5.91666666666667,5.89,6.16129032258065,6.68414634146342,33,39,25,31,41,1899,1147,752,170,783,1116,6.61669902580305,7.03772885789015,5.97451655585106,6.42794117647059,6.51336526181354,6.68919932795699,86
"68",2008,8,6.42788461538461,52,6.89,6,6.04545454545455,6.36842105263158,6.46212121212121,25,27,11,19,33,1951,1172,779,181,802,1149,6.61166655561251,7.03457764505119,5.97539980744544,6.40469613259669,6.50993142144639,6.68267750217581,87
"69",2008,9,6.55681818181818,44,7.26470588235294,6.11111111111111,5.5,6.27272727272727,6.65151515151515,17,27,8,11,33,1995,1189,806,189,813,1182,6.61045686716792,7.03786795626577,5.97994596774193,6.36640211640212,6.50672201722017,6.68180748730965,88
"70",2008,10,6.3695652173913,46,7.15217391304348,5.58695652173913,5.64285714285714,5.76666666666667,6.66129032258065,23,23,14,15,31,2041,1212,829,203,828,1213,6.60502765801078,7.04003712871287,5.96904276236429,6.31650246305419,6.49331521739131,6.6812831409728,89
"71",2008,11,6.6375,40,7.11666666666667,6.24545454545455,6.1375,6.89090909090909,6.54137931034483,18,22,8,11,29,2081,1230,851,211,839,1242,6.60565182604517,7.04115853658536,5.97618854289072,6.30971563981043,6.49852800953516,6.67801646537842,90
"72",2008,12,6.20327868852459,61,6.825,5.51724137931035,5.82142857142857,6.225,6.19268292682927,32,29,14,20,41,2142,1262,880,225,859,1283,6.59419302054155,7.03567749603803,5.96106414772727,6.27933333333333,6.49215948777649,6.66250697583788,91
"73",2009,1,6.58953488372093,86,7.07596153846154,5.84558823529412,5.5,6.37068965517241,6.70087719298246,52,34,21,29,57,2228,1314,914,246,888,1340,6.59401321813285,7.03727168949772,5.95676854485777,6.21280487804878,6.48819256756757,6.66413914179105,92
"74",2009,2,6.6156,75,7.06076923076923,6.13333333333333,6.12727272727273,6.51818181818182,6.65603773584906,39,36,11,22,53,2303,1353,950,257,910,1393,6.59471621797655,7.03794900221729,5.96345942105263,6.2091439688716,6.48891758241758,6.66383090452262,93
"75",2009,3,6.15576923076923,78,6.72926829268293,5.52027027027027,5.39583333333333,5.71818181818182,6.32767857142857,41,37,12,22,56,2381,1394,987,269,932,1449,6.58033660226795,7.02887015781922,5.94684544072948,6.1728624535316,6.47072424892704,6.6508395100069,94
"76",2009,4,6.44276315789474,76,6.9448275862069,6.13297872340426,6.11538461538461,6.65789473684211,6.37105263157895,29,47,13,19,57,2457,1423,1034,282,951,1506,6.57608117623118,7.02715741391426,5.95530604448743,6.17021276595745,6.47446372239748,6.64024996679947,95
"77",2009,5,6.54305555555556,72,7.11071428571429,6.18181818181818,6.2,5.93888888888889,6.74444444444444,28,44,15,18,54,2529,1451,1078,297,969,1560,6.57514094503756,7.02876981392143,5.96455143784786,6.17171717171717,6.46451496388029,6.64385669871795,96
"78",2009,6,6.63965517241379,58,6.97931034482759,6.3,6.03076923076923,6.75,6.60116279069767,29,29,13,15,43,2587,1480,1107,310,984,1603,6.5765873405489,7.02780067567567,5.9733391598916,6.1658064516129,6.4688668699187,6.64271144728634,97
"79",2009,7,6.40223880597015,67,6.96470588235294,5.82272727272727,5.75,6.15,6.45727272727273,34,33,12,12,55,2654,1514,1140,322,996,1658,6.57218592690279,7.02638375165125,5.96897934210526,6.15031055900621,6.46502510040161,6.63655998190591,98
"80",2009,8,6.77844827586207,58,7.02173913043478,6.61857142857143,6.26666666666667,6.1,7.01511627906977,23,35,15,15,43,2712,1537,1175,337,1011,1701,6.57659714233038,7.02631424853611,5.98832889361702,6.15548961424332,6.45960929772503,6.64612960023516,99
"81",2009,9,6.488,50,6.7,6.34666666666667,6.51,5.91666666666667,6.73285714285714,20,30,15,15,35,2762,1557,1205,352,1026,1736,6.57499328385228,7.02212267180475,5.9972501659751,6.17059659090909,6.45167153996101,6.64787813940092,100
"82",2009,10,6.47402985074627,67,6.91090909090909,6.05,5.9,6.14285714285714,6.56150943396226,33,34,10,14,53,2829,1590,1239,362,1040,1789,6.57260213856486,7.0198144654088,5.99869769975787,6.16312154696133,6.44751442307692,6.64531942425937,101
"83",2009,11,6.35277777777778,72,7.20344827586207,5.77906976744186,5.40476190476191,5.94444444444444,6.48888888888889,29,43,21,18,54,2901,1619,1282,383,1058,1843,6.56714631161668,7.02310376775787,5.99133108424337,6.12154046997389,6.43895557655955,6.64073600108519,102
"84",2009,12,6.4798717948718,78,6.89794117647059,6.15681818181818,6.34705882352941,6.67647058823529,6.42508196721311,34,44,17,17,61,2979,1653,1326,400,1075,1904,6.56486117824773,7.02052934059286,5.99682236048265,6.131125,6.44271162790698,6.63382691701681,103
"85",2010,1,6.71337209302326,86,6.84181818181818,6.48548387096774,6.18571428571429,6.21666666666667,6.87384615384615,55,31,14,21,65,3065,1708,1357,414,1096,1969,6.56902820554649,7.01477459016393,6.00798559322034,6.13297101449275,6.43838047445256,6.64175035551041,104
"86",2010,2,6.16489361702128,47,6.9,5.62037037037037,5.8125,6.265625,6.11290322580645,20,27,12,16,31,3112,1728,1384,426,1112,2000,6.56292463046272,7.01344618055555,6.00042373554913,6.12394366197183,6.43589478417266,6.633553225,105
"87",2010,3,6.26078431372549,51,6.772,5.76923076923077,6.66666666666667,7.5,6.03023255813954,25,26,6,8,43,3163,1753,1410,432,1120,2043,6.5580529402466,7.01000285225328,5.99616060283688,6.13148148148148,6.44349553571429,6.62085484581498,106
"88",2010,4,6.24259259259259,54,6.74193548387097,5.5695652173913,5.3,6.33333333333333,6.21666666666667,31,23,10,12,42,3217,1784,1433,442,1132,2085,6.55275767796083,7.0053447309417,5.9893136427076,6.11266968325792,6.4423277385159,6.61271292565947,107
"89",2010,5,6.50263157894737,38,6.79411764705882,6.26666666666667,6.8,6.56,6.48214285714286,17,21,5,10,28,3255,1801,1454,447,1142,2113,6.55217248847926,7.00335091615769,5.99331942916093,6.12035794183445,6.44335814360771,6.61098270231898,108
"90",2010,6,6.225,20,6.85,5.6,6.5,6.1,6.26666666666667,10,10,2,5,15,3275,1811,1464,449,1147,2128,6.55017448854962,7.00250414135836,5.99063282103825,6.12204899777283,6.44186137750654,6.60855566259399,109
"91",2010,7,6.30285714285714,35,6.9,5.90476190476191,6.15,6.3,6.30333333333333,14,21,10,5,30,3310,1825,1485,459,1152,2158,6.54755935045317,7.00171780821918,5.98941848484848,6.12265795206972,6.44124565972222,6.6043125347544,110
"92",2010,8,6.58648648648649,37,7.09,5.99411764705882,6.12857142857143,5.625,6.85172413793103,20,17,7,8,29,3347,1845,1502,466,1160,2187,6.54798967732297,7.00267479674797,5.98947167110519,6.12274678111588,6.43561637931035,6.60759325560128,111
"93",2010,9,6.29,30,7.15714285714286,5.53125,5.08333333333333,5.82,6.525,14,16,6,10,20,3377,1859,1518,472,1170,2207,6.54569779389991,7.00383808499193,5.98464193017128,6.10953389830509,6.4303547008547,6.60684478930675,112
"94",2010,10,6.12272727272727,22,6.875,5.69285714285714,5.8125,5.86666666666667,6.21875,8,14,8,6,16,3399,1867,1532,480,1176,2223,6.54296012062371,7.00328602035351,5.98197548955613,6.10458333333334,6.4274787414966,6.60405148448043,113
"95",2010,11,6.06304347826087,46,6.67619047619048,5.548,5.78571428571429,5.88157894736842,6.19074074074074,21,25,14,19,27,3445,1888,1557,494,1195,2250,6.5365519448476,6.99964777542373,5.97500735388568,6.09554655870445,6.41879916317992,6.59909175555556,114
"96",2010,12,6.65625,56,7.07142857142857,6.24107142857143,6.04166666666667,7.36363636363636,6.48333333333333,28,28,12,11,45,3501,1916,1585,506,1206,2295,6.53846656669523,7.00069676409186,5.97970753943218,6.09426877470356,6.42741708126037,6.59682198257081,115
"97",2011,1,6.32258064516129,62,7.016,5.85405405405405,6.26875,6.03684210526316,6.44883720930233,25,37,16,19,43,3563,1941,1622,522,1225,2338,6.53470992141454,7.00089386913962,5.97684121454994,6.09961685823755,6.42135918367347,6.5941002780154,116
"98",2011,2,6.48,49,6.91448275862069,5.85,5.6,6.96,6.4,29,20,7,7,42,3612,1970,1642,529,1232,2380,6.53396773255814,6.99962182741117,5.9752962545676,6.09300567107751,6.42441964285715,6.5906749789916,117
"99",2011,3,6.88980769230769,52,7.41727272727273,5.97368421052632,6.42857142857143,6.94117647058824,6.86485714285714,33,19,7,17,35,3664,2003,1661,536,1249,2415,6.53901786299127,7.00650274588118,5.97527781456954,6.09738805970149,6.43145316253003,6.59464863354037,118
"100",2011,4,6.54137931034483,29,6.86875,6.13846153846154,5.58333333333333,6.26363636363636,6.71111111111111,16,13,6,11,18,3693,2019,1674,542,1260,2433,6.53903640671541,7.00541109460129,5.97654507168459,6.09169741697417,6.4299880952381,6.59551025482943,119
"101",2011,5,6.38636363636364,44,7.24705882352941,5.84444444444444,6.28,5.45,6.7375,17,27,5,12,32,3737,2036,1701,547,1272,2465,6.53723881455713,7.00742878192534,5.97444823633157,6.09341864716636,6.4207429245283,6.59735352941177,120
"102",2011,6,6.45833333333333,24,6.72727272727273,6.23076923076923,6,7,6.27777777777778,11,13,6,6,18,3761,2047,1714,553,1278,2483,6.53673529646371,7.00592330239375,5.97639232788798,6.09240506329114,6.42346244131456,6.59503683044704,121
"103",2011,7,6.62222222222222,36,7.13888888888889,6.10555555555556,6.5,6.75,6.59666666666667,18,18,4,6,30,3797,2065,1732,557,1284,2513,6.53754581248354,7.0070823244552,5.97773467090069,6.09533213644524,6.42498831775701,6.59505628730601,122
"104",2011,8,6.51323529411765,34,7.25,5.684375,5.96428571428571,5.725,6.84166666666667,18,16,7,10,24,3831,2083,1748,564,1294,2537,6.53733005742626,7.00918146903504,5.97504945652174,6.09370567375887,6.41957882534776,6.59738921955065,123
"105",2011,9,5.7962962962963,27,6.83333333333333,4.96666666666667,5.7,5.58333333333333,5.96666666666667,12,15,5,12,15,3858,2095,1763,569,1306,2552,6.53214397356143,7.00817422434367,5.9664699092456,6.0902460456942,6.41189509954058,6.59368199451411,124
"106",2011,10,6.34210526315789,38,7.4,5.65217391304348,5.55,6.3,6.35714285714286,15,23,10,10,28,3896,2110,1786,579,1316,2580,6.53029041324435,7.01095971563981,5.96242242441209,6.08091537132988,6.41104483282675,6.59111490310078,125
"107",2011,11,6.45365853658537,41,7.07777777777778,5.96521739130435,5.42857142857143,5.61428571428571,6.62647058823529,18,23,7,7,34,3937,2128,1809,586,1323,2614,6.52949236728473,7.01152490601504,5.962457960199,6.0731228668942,6.40682917611489,6.59157477046672,126
"108",2011,12,6.109375,32,6.30555555555556,5.85714285714286,4.5,4.875,6.28571428571429,18,14,2,4,28,3969,2146,1823,588,1327,2642,6.52610517762661,7.00560344827586,5.96164917718047,6.06777210884354,6.40221175584024,6.58833325132475,127
"109",2012,1,6.42045454545455,44,6.73478260869565,6.07619047619048,6,6.45,6.41176470588235,23,21,4,10,34,4013,2169,1844,592,1337,2676,6.5249467854473,7.00273167358229,5.96295360629067,6.06731418918919,6.40256918474196,6.58608985426009,128
"110",2012,2,6.18064516129032,31,7.0375,5.26666666666667,5.64285714285714,5.44444444444444,6.48181818181818,16,15,7,9,22,4044,2185,1859,599,1346,2698,6.52230748021761,7.00298627002288,5.95733536847768,6.06235392320534,6.39616270430907,6.58523960340993,129
"111",2012,3,6.9828125,32,7.16458333333333,6.4375,6.125,6.66666666666667,7.05576923076923,24,8,4,6,26,4076,2209,1867,603,1352,2724,6.52592282875368,7.0047419646899,5.95939284949116,6.06276948590382,6.39736316568048,6.58973070851689,130
"112",2012,4,5.946875,32,6.665,4.75,5.625,6.225,5.85416666666667,20,12,4,8,24,4108,2229,1879,607,1360,2748,6.5214122322298,7.00169358456707,5.95166921234699,6.05988467874794,6.39634926470588,6.58330656841339,131
"113",2012,5,6.55454545454545,33,7.02777777777778,5.98666666666667,5.5,7.66666666666667,6.44333333333333,18,15,5,3,30,4141,2247,1894,612,1363,2778,6.5216762738469,7.00190253671562,5.95194638331573,6.05531045751634,6.39914526779164,6.58179497840173,132
"114",2012,6,6.16216216216216,37,6.65,5.58823529411765,6.07142857142857,6.08333333333333,6.17741935483871,20,17,7,6,31,4178,2267,1911,619,1369,2809,6.51849244853997,6.99879797088663,5.94871085818943,6.05549273021002,6.3977611395179,6.57733230687077,133
"115",2012,7,7.03925925925926,27,7.46875,6.41454545454545,6.375,6.5,7.19333333333333,16,11,4,6,21,4205,2283,1922,623,1375,2830,6.52183625445898,7.00209154621112,5.95137692507804,6.05754414125201,6.39820727272727,6.58190333922261,134
"116",2012,8,6.64088235294118,34,6.86357142857143,6.485,6.4875,6.8125,6.58807692307692,14,20,8,8,26,4239,2297,1942,631,1383,2856,6.52279109459778,7.00124727905964,5.95687252832132,6.06299524564184,6.40060375994216,6.58195954131653,135
"117",2012,9,6.43947368421053,19,6.91153846153846,5.41666666666667,6,7.25,6.34411764705882,13,6,2,2,17,4258,2310,1948,633,1385,2873,6.52241931658055,7.00074242424242,5.95520864989733,6.06279620853081,6.40183032490975,6.58055219282979,136
"118",2012,10,6.3125,40,7.02777777777778,5.72727272727273,5.875,6.33333333333333,6.30645161290323,18,22,8,9,31,4298,2328,1970,641,1394,2904,6.52046567007911,7.0009514604811,5.95266317258883,6.06045241809672,6.4013880918221,6.57762618801653,137
"119",2012,11,6.1780487804878,41,7.22352941176471,5.4375,5.75,5.45454545454545,6.44333333333333,17,24,8,11,30,4339,2345,1994,649,1405,2934,6.51723011062457,7.00256503198294,5.94646261283851,6.05662557781202,6.39397508896797,6.57625305044308,138
"120",2012,12,6.53194444444444,36,7.02941176470588,6.08684210526316,6.01153846153846,6.5,6.53965517241379,17,19,13,7,29,4375,2362,2013,662,1412,2963,6.51735118857143,7.0027582557155,5.94778760556383,6.05574018126888,6.3945007082153,6.57589485318934,139
"121",2013,1,6.29711538461538,52,6.76724137931035,5.70434782608696,6.28571428571429,6.25,6.30975609756098,29,23,7,11,41,4427,2391,2036,669,1423,3004,6.51476427603343,6.9999017147637,5.94503754911591,6.05814648729447,6.39338369641602,6.57226246671105,140
"122",2013,2,6.56818181818182,33,6.45588235294118,6.6875,6.625,6,6.66964285714286,17,16,4,5,28,4460,2408,2052,673,1428,3032,6.51515951793722,6.99606104651163,5.95082673001949,6.06151560178306,6.39200630252101,6.57316175791557,141
"123",2013,3,6.27931034482759,29,7,5.69375,6.25,6.75,6.204,13,16,4,4,25,4489,2421,2068,677,1432,3057,6.51363587658721,6.99608219743907,5.9488377417795,6.06262924667652,6.3930062849162,6.57014277069022,142
"124",2013,4,6.42620689655172,29,7.09066666666667,5.71428571428571,6.33333333333333,6.472,6.41666666666667,15,14,6,5,24,4518,2436,2082,683,1437,3081,6.51307469012838,6.99666461412151,5.94726054274736,6.06500732064422,6.39328114126653,6.56894724115547,143
"125",2013,5,6.26,35,7.03,5.23333333333333,6.3,6.0125,6.33333333333333,20,15,5,8,27,4553,2456,2097,688,1445,3108,6.51112924445421,6.99693607491857,5.9421537672866,6.06671511627907,6.39117301038062,6.5669004021879,144
"126",2013,6,6.37037037037037,27,6.875,5.96666666666667,7,6.58333333333333,6.30952380952381,12,15,4,6,21,4580,2468,2112,692,1451,3129,6.51029944323144,6.99634319286872,5.94232786458333,6.0721098265896,6.39196760854583,6.56517304250559,145
"127",2013,7,6.40789473684211,38,7.23684210526316,5.57894736842105,4.75,6.28571428571429,6.43548387096774,19,19,4,7,31,4618,2487,2131,696,1458,3160,6.5094567886531,6.99818053880177,5.93908796339747,6.06451149425288,6.39145747599451,6.56390077531646,146
"128",2013,8,6.853125,32,7.2425,6.20416666666667,6.2,7.28181818181818,6.62857142857143,20,12,6,11,21,4650,2507,2143,702,1469,3181,6.5118218172043,7.00012963701635,5.94057230517965,6.06566951566952,6.39812457454051,6.56432771141151,147
"129",2013,9,6.67903225806452,31,7.15333333333333,6.234375,6.375,6.28571428571429,6.79375,15,16,8,7,24,4681,2522,2159,710,1476,3205,6.51292917111728,7.00104084060269,5.94274962945808,6.06915492957747,6.39759146341464,6.56604569422777,148
"130",2013,10,6.70645161290323,31,7.02631578947368,6.2,5.45,6.3,6.78461538461538,19,12,6,5,26,4712,2541,2171,716,1481,3231,6.5142023450764,7.00122983077528,5.94417155688623,6.06396648044693,6.39726198514517,6.56780453419994,149
"131",2013,11,6.20512820512821,39,6.7,5.68421052631579,5.8125,6.28571428571429,6.1875,20,19,8,7,32,4751,2561,2190,724,1488,3263,6.51166521784887,6.99887739164389,5.94191618721461,6.06118784530387,6.3967372311828,6.56407491572173,150
"132",2013,12,6.70125,40,6.932,6.31666666666667,5.5,7,6.6265625,25,15,4,8,32,4791,2586,2205,728,1496,3295,6.51324805886036,6.99823085846868,5.94446551020408,6.0581043956044,6.39996323529412,6.5646817754173,151
"133",2014,1,6.50087719298246,57,6.98714285714286,5.72727272727273,6.3125,6.25,6.54183673469388,35,22,8,8,49,4848,2621,2227,736,1504,3344,6.51310260932343,6.99808279282716,5.94231991468343,6.06086956521739,6.39916555851064,6.56434702452153,152
"134",2014,2,6.653125,32,7.12352941176471,6.12,4.5,5.4,6.88518518518519,17,15,5,5,27,4880,2638,2242,741,1509,3371,6.51402078893442,6.99889120545868,5.94350867528992,6.05033738191633,6.39585487077535,6.56691677543756,153
"135",2014,3,6.81818181818182,33,7.10869565217391,6.15,5,7.28571428571429,6.69230769230769,23,10,1,7,26,4913,2661,2252,742,1516,3397,6.51606380012212,6.99984028560691,5.94442559946714,6.0489218328841,6.39996372031662,6.56787649396526,154
"136",2014,4,6.19615384615385,26,6.45454545454545,6.00666666666667,6.44,5.725,6.28181818181818,11,15,5,4,22,4939,2672,2267,747,1520,3419,6.51437972261591,6.99759543413173,5.94483742831936,6.05153949129853,6.3981875,6.56603581456566,155
"137",2014,5,6.4241724137931,29,6.83333333333333,5.98578571428571,6.25,5.6501,6.83157894736842,15,14,6,10,19,4968,2687,2281,753,1530,3438,6.51385315016103,6.99667845180498,5.94508875493205,6.0531208499336,6.39329803921569,6.56750333042467,156
"138",2014,6,6.38709677419355,31,6.95333333333333,5.85625,6.18888888888889,7.125,6.27777777777778,15,16,9,4,27,4999,2702,2297,762,1534,3465,6.51306710342068,6.99643782383419,5.94446993905094,6.05472440944882,6.39520599739244,6.56524572871573,157
"139",2014,7,7.03333333333333,21,7.39230769230769,6.45,6.16666666666667,7.375,6.95294117647059,13,8,3,4,17,5020,2715,2305,765,1538,3482,6.51524351593625,6.99833333333333,5.94622449023861,6.05516339869281,6.39775422626788,6.56713855542792,158
"140",2014,8,6.846875,32,7.13,6.375,6.33333333333333,6.46666666666667,6.93461538461538,20,12,3,6,26,5052,2735,2317,768,1544,3508,6.51734411124307,6.99929616087751,5.94844516616314,6.05625,6.39802202072539,6.56986215792474,159
"141",2014,9,6.82173913043478,23,7.69230769230769,5.69,6.7,7.4,6.66111111111111,13,10,2,5,18,5075,2748,2327,770,1549,3526,6.51872363546798,7.00257459970888,5.94733452943704,6.05792207792208,6.40125629438347,6.57032797787862,160
"142",2014,10,6.7469696969697,33,7.17058823529412,6.296875,6.5,6.325,6.882,17,16,4,8,25,5108,2765,2343,774,1557,3551,6.52019820869225,7.00360759493671,5.94972148954332,6.06020671834625,6.40086448298009,6.57252223317375,161
"143",2014,11,6.22692307692308,26,6.93076923076923,5.52307692307692,6.16,6.12857142857143,6.26315789473684,13,13,5,7,19,5134,2778,2356,779,1564,3570,6.51871298208025,7.0032667386609,5.94736733870968,6.06084724005135,6.39964578005115,6.57087575630252,162
"144",2014,12,6.74571428571429,35,6.6875,6.82333333333333,6.43333333333333,6.44285714285714,6.82142857142857,20,15,6,7,28,5169,2798,2371,785,1571,3598,6.5202500386922,7.00100964974982,5.95290908899199,6.06369426751592,6.39983831954169,6.57282558365759,163
"145",2015,1,6.80714285714286,49,7.08035714285714,6.44285714285714,5.66666666666667,6.69642857142857,6.85142857142857,28,21,6,14,35,5218,2826,2392,791,1585,3633,6.52294412610196,7.0017958244869,5.95721047240803,6.06068268015171,6.40245804416404,6.57550962014864,164
"146",2015,2,6.48846153846154,39,6.78125,6.28478260869565,5.805,6.4,6.50147058823529,16,23,10,5,34,5257,2842,2415,801,1590,3667,6.52268831082366,7.00055418719211,5.96033020703934,6.05749063670412,6.40245031446541,6.57482313880556,165
"147",2015,3,6.91176470588235,34,7.185,6.52142857142857,6.38888888888889,6.96,6.90344827586207,20,14,9,5,29,5291,2862,2429,810,1595,3696,6.52518851823852,7.0018431167016,5.96356420337587,6.06117283950617,6.40419811912226,6.57740163690476,166
"148",2015,4,6.62903225806452,31,7.16153846153846,6.24444444444444,6,6.5625,6.65217391304348,13,18,4,8,23,5322,2875,2447,814,1603,3719,6.5257933953401,7.0025652173913,5.96563034327748,6.06087223587224,6.40498814722396,6.57786406292014,167
"149",2015,5,6.75960975609756,41,7.308,6.3304347826087,6,7.28571428571429,6.65129411764706,18,23,4,7,34,5363,2893,2470,818,1610,3753,6.52758091553235,7.00446560663671,5.96902730769231,6.06057457212714,6.40881739130435,6.57852929656275,168
"150",2015,6,6.38735294117647,34,6.81666666666667,6.04842105263158,6.08857142857143,5.625,6.55071428571429,15,19,7,6,28,5397,2908,2489,825,1616,3781,6.52669750787475,7.00349690508941,5.96963336681398,6.06081212121212,6.40590717821782,6.57832331393811,169
"151",2015,7,6.48484848484848,33,6.86842105263158,5.96428571428571,5.33333333333333,6.375,6.5,19,14,9,4,29,5430,2927,2503,834,1620,3810,6.52644317679558,7.00262008882815,5.96960345585298,6.05296163069545,6.40583086419753,6.57772715223097,170
"152",2015,8,6.1,32,6.79166666666667,5.685,5.375,5.1875,6.40416666666667,12,20,8,8,24,5462,2939,2523,842,1628,3834,6.52394479128524,7.00175876148349,5.96734738406659,6.04652019002375,6.39984398034398,6.57664070161711,171
"153",2015,9,6.38064516129032,31,7.04545454545455,6.015,6.45,4.5,6.65925925925926,11,20,4,4,27,5493,2950,2543,846,1632,3861,6.52313607318405,7.00192169491525,5.96772215886748,6.04842789598109,6.3951875,6.57721845376845,172
"154",2015,10,6.71111111111111,27,6.92727272727273,6.5625,6.25,6.7,6.71363636363636,11,16,6,5,22,5520,2961,2559,852,1637,3883,6.52405551630435,7.00164437689969,5.97144097303634,6.04984741784038,6.39611850946854,6.57799135977337,173
"155",2015,11,6.314,40,7.28125,5.66916666666667,6.3125,7.25,6.14882352941176,16,24,8,6,34,5560,2977,2583,860,1643,3917,6.52254432553957,7.00314712798119,5.96863238482385,6.05229069767442,6.39923676202069,6.57426613479704,174
"156",2015,12,6.67894736842105,38,7.30526315789474,6.05263157894737,6.25,6.28571428571429,6.76774193548387,19,19,10,7,31,5598,2996,2602,870,1650,3948,6.52360601107538,7.00506308411215,5.96924575326672,6.05456321839081,6.39875515151515,6.57578532168186,175
"157",2016,1,6.32435897435897,39,7.06428571428571,5.91,6.22727272727273,6.5,6.25535714285714,14,25,11,11,28,5637,3010,2627,881,1661,3976,6.52222750576548,7.00533853820598,5.96868193757137,6.05671963677639,6.39942564720048,6.57352878521127,176
"158",2016,2,7.02702702702703,37,7.475,6.2,6,6.5,7.15,24,13,5,7,30,5674,3034,2640,886,1668,4006,6.52551928974269,7.00905372445616,5.96982100378788,6.05639954853273,6.39984772182254,6.5778458437344,177
"159",2016,3,6.753125,48,6.926,6.56521739130435,6.25,6.71428571428571,6.75975609756098,25,23,6,7,41,5722,3059,2663,892,1675,4047,6.52742860013981,7.00837495913697,5.97496336838152,6.05770179372197,6.40116179104478,6.57968876945886,178
"160",2016,4,6.32435897435897,39,6.82368421052632,5.85,6.14285714285714,5.5,6.41857142857143,19,20,7,4,35,5761,3078,2683,899,1679,4082,6.52605388821385,7.00723489278752,5.97403184867685,6.05836484983315,6.39901488981537,6.57830731259187,179
"161",2016,5,7.04166666666667,42,7.44565217391304,6.55263157894737,6.46666666666667,7.54285714285714,6.94142857142857,23,19,6,7,35,5803,3101,2702,905,1686,4117,6.52978570566948,7.01048661722025,5.97810046262028,6.06107182320442,6.40376393831554,6.58139432839446,180
"162",2016,6,6.605,40,7.05,5.9375,5.375,5.28571428571429,6.88484848484848,24,16,4,7,33,5843,3125,2718,909,1693,4150,6.53030060756461,7.01079008,5.97786146063282,6.05805280528053,6.39914116952156,6.5838073373494,181
"163",2016,7,6.51755319148936,47,7.05,5.85833333333333,5.625,6.25,6.58986486486486,26,21,7,10,37,5890,3151,2739,916,1703,4187,6.53019888794567,7.01111361472548,5.97694503468419,6.05474344978166,6.39826541397534,6.58386086696919,182
"164",2016,8,6.64,40,6.904,6.2,6.5,6.75,6.62058823529412,25,15,8,6,34,5930,3176,2754,924,1709,4221,6.53093953625632,7.01027046599496,5.97815993100944,6.05859848484849,6.39950029256875,6.58415670457238,183
"165",2016,9,6.51162790697674,43,6.725,6.32608695652174,6.25,6.25,6.53846153846154,20,23,4,4,39,5973,3196,2777,928,1713,4260,6.53080051063117,7.00848529411765,5.98104157364062,6.05942349137931,6.39915119673088,6.5837383685446,184
"166",2016,10,6.68055555555556,36,7.38235294117647,6.05263157894737,6.75,5.58333333333333,6.9,17,19,6,6,30,6009,3213,2796,934,1719,4290,6.53169769512398,7.01046342981637,5.98152805793991,6.06385974304069,6.39630366492147,6.58594998834499,185
"167",2016,11,6.5,41,7.2375,6.028,6.21428571428571,6.1,6.6125,16,25,7,9,32,6050,3229,2821,941,1728,4322,6.53148288429752,7.01158841746671,5.98193989719957,6.06497874601488,6.39476041666667,6.5861465640907,186
"168",2016,12,6.68372093023256,43,6.99642857142857,6.1,6,6.91666666666667,6.64594594594595,28,15,2,6,37,6093,3257,2836,943,1734,4359,6.53255727063844,7.01145809026712,5.98256433356841,6.06484093319194,6.39656632064591,6.58665415232852,187
"169",2017,1,6.81981132075472,53,7.17096774193548,6.325,6.57222222222222,7.11111111111111,6.76022727272727,31,22,9,9,44,6146,3288,2858,952,1743,4403,6.53503440449072,7.01296198296837,5.98520029741078,6.06963760504202,6.40025588066552,6.58838870088576,188
"170",2017,2,6.76,25,7.3,5.95,5.75,6.75,6.76086956521739,15,10,4,2,23,6171,3303,2868,956,1745,4426,6.53594578674445,7.0142655161974,5.98507756276151,6.06830020920502,6.40065673352436,6.58928500903751,189
"171",2017,3,6.49242424242424,33,6.55,6.44444444444444,5.66666666666667,6.75,6.44642857142857,15,18,3,5,28,6204,3318,2886,959,1750,4454,6.53571428916828,7.01216666666667,5.98794263686764,6.06704379562044,6.40165485714286,6.58838694431971,190
"172",2017,4,6.5360303030303,33,6.8,6.12992307692308,6.34285714285714,7,6.48963333333333,20,13,7,3,30,6237,3338,2899,966,1753,4484,6.53571596119929,7.01089544637507,5.98857932045533,6.06904244306418,6.40267883628066,6.58772623773417,191
"173",2017,5,6.58974358974359,39,7.03125,6.28260869565217,6.72222222222222,6.75,6.54838709677419,16,23,9,8,31,6276,3354,2922,975,1761,4515,6.53605169694073,7.01099254621348,5.99089372005476,6.0750717948718,6.40425667234526,6.58745613510521,192
"174",2017,6,6.49411764705882,34,6.73684210526316,6.18666666666667,6.5,6.42857142857143,6.51111111111111,19,15,3,7,27,6310,3373,2937,978,1768,4542,6.53582574484945,7.0094482656389,5.99189358188628,6.07637525562372,6.40435294117647,6.58700230074857,193
"175",2017,7,6.53076923076923,39,6.91904761904762,6.07777777777778,5.6875,5,6.80909090909091,21,18,8,6,33,6349,3394,2955,986,1774,4575,6.53579468420224,7.0088889216264,5.99241673434856,6.0732200811359,6.399603156708,6.58860425136612,194
"176",2017,8,6.1,32,6.76666666666667,5.51176470588235,5.6,6,6.12307692307692,15,17,5,6,26,6381,3409,2972,991,1780,4601,6.53360922269237,7.00782311528307,5.98966737886945,6.07083249243189,6.39825617977528,6.58597358183004,195
"177",2017,9,6.7962962962963,27,7.11764705882353,6.25,6.25,6.83333333333333,6.79166666666667,17,10,2,3,24,6408,3426,2982,993,1783,4625,6.53471605024969,7.00836806771745,5.99054039235413,6.07119335347432,6.39898822209759,6.58704096216216,196
"178",2017,10,6.66833333333333,30,7.15,6.18666666666667,5.75,7.5,6.502,15,15,4,5,25,6438,3441,2997,997,1788,4650,6.53533868437403,7.00898546934031,5.99152200533867,6.06990471414243,6.40206711409396,6.58658375268817,197
"179",2017,11,6.63846153846154,26,7.24615384615385,6.03076923076923,5.8,7.125,6.55,13,13,5,4,22,6464,3454,3010,1002,1792,4672,6.53575347308168,7.00987811233353,5.99169151162791,6.06855788423154,6.40368080357143,6.5864114833048,198
"180",2017,12,6.73354838709677,31,7.36055555555556,5.86538461538461,5.5,8.2,6.45153846153846,18,13,2,5,26,6495,3472,3023,1004,1797,4698,6.53669752886836,7.01169614055299,5.99114834601389,6.06742529880478,6.40867890929327,6.58566505959983,199
"181",2018,1,6.37277777777778,54,6.81388888888889,5.49055555555556,5.58333333333333,6.36363636363636,6.37511627906977,36,18,6,11,43,6549,3508,3041,1010,1808,4741,6.53534592304168,7.00966619156214,5.98818528444591,6.0645495049505,6.40840486725664,6.5837554207973,200
"182",2018,2,6.988,25,7.28,6.79333333333333,6.7375,6.7,7.01304347826087,10,15,8,2,23,6574,3518,3056,1018,1810,4764,6.53706730301186,7.01043462194429,5.99213725458115,6.06983791748527,6.40872707182321,6.58582797019312,201
"183",2018,3,6.65882352941177,34,7.38235294117647,5.93529411764706,5.6125,6.14285714285714,6.79259259259259,17,17,8,7,27,6608,3535,3073,1026,1817,4791,6.53769377269976,7.01222319660537,5.99182279531403,6.06627192982456,6.40770280682444,6.58699320601127,202
"184",2018,4,6.52631578947368,19,6.75,6.36363636363636,6.5,NA,6.52631578947368,8,11,3,0,19,6627,3543,3084,1029,1817,4810,6.53766115135053,7.01163110358453,5.99314897859922,6.06753644314869,6.40770280682444,6.58675352390853,203
"185",2018,5,7.375,20,7.95454545454545,6.66666666666667,7,7,7.39473684210526,11,9,1,1,19,6647,3554,3093,1030,1818,4829,6.5401806002708,7.01454952166573,5.99510877788555,6.06844174757282,6.40802860286029,6.589932584386,204
"186",2018,6,6.02,25,7,5.36666666666667,4.66666666666667,5.2,6.225,10,15,3,5,20,6672,3564,3108,1033,1823,4849,6.53823148231415,7.01450869809203,5.99207575611326,6.06437076476283,6.40471530444323,6.58842739740153,205
"187",2018,7,6.68636363636364,22,7.10909090909091,6.26363636363636,7,8.5,6.505,11,11,4,2,20,6694,3575,3119,1037,1825,4869,6.53871832237825,7.01479972027972,5.99303348829753,6.06797974927676,6.40701150684932,6.58808470938591,206
"188",2018,8,6.14516129032258,31,6.6,5.71875,5,6.16666666666667,6.14285714285714,15,16,2,3,28,6725,3590,3135,1039,1828,4897,6.53690415613383,7.01306657381615,5.99163363636364,6.0659239653513,6.4066170678337,6.58553899326118,207
"189",2018,9,6.98387096774194,31,7.275,6.45454545454545,6.33333333333333,7.33333333333333,6.94642857142857,20,11,6,3,28,6756,3610,3146,1045,1831,4925,6.53895506956779,7.01451772853185,5.99325220915448,6.06745933014354,6.40813544511196,6.58759075126904,208
"190",2018,10,6.78526315789474,38,7.18285714285714,6.29411764705882,6.375,6.3,6.85878787878788,21,17,4,5,33,6794,3631,3163,1049,1836,4958,6.54033271268766,7.01549132470394,5.99486925387291,6.06863203050524,6.40784095860566,6.5893958148447,209
"191",2018,11,6.3,37,6.78571428571429,5.6625,5.525,5.96363636363636,6.44230769230769,21,16,4,11,26,6831,3652,3179,1053,1847,4984,6.53903095447226,7.01417004381161,5.99319642969487,6.06656695156695,6.40519545208446,6.58862850120385,210
"192",2018,12,6.91111111111111,27,7.38235294117647,6.11,5.16666666666667,6.275,7.02173913043478,17,10,3,4,23,6858,3669,3189,1056,1851,5007,6.54049583697871,7.01587598800763,5.99356269990593,6.06401041666667,6.40491410048622,6.59061802476533,211
"193",2019,1,6.5430303030303,33,6.63272727272727,6.36363636363636,6.16666666666667,6.42857142857143,6.57384615384615,22,11,3,7,26,6891,3691,3200,1059,1858,5033,6.5405079741692,7.01359225142238,5.994834828125,6.06430122757318,6.40500322927879,6.59053138287304,212
"194",2019,2,6.52413793103448,29,6.85625,6.11538461538461,5.83333333333333,6.34,6.5625,16,13,3,5,24,6920,3707,3213,1062,1863,5057,6.54043937138728,7.01291313730779,5.99532258014317,6.06364877589454,6.40482877079979,6.59039834882341,213
"195",2019,3,6.38037037037037,27,6.81666666666667,5.835,5.875,6.58333333333333,6.32238095238095,15,12,4,6,21,6947,3722,3225,1066,1869,5078,6.53981725205124,7.01212224610424,5.99472603100775,6.06294090056285,6.40540181915463,6.58928996652225,214
"196",2019,4,6.68421052631579,19,6.64285714285714,6.8,6.33333333333333,6,6.72222222222222,14,5,3,1,18,6966,3736,3230,1069,1870,5096,6.54021108957795,7.01073849036402,5.99597258513932,6.06369971936389,6.40518502673797,6.58975950745683,215
"197",2019,5,6.825,20,7.36363636363636,6.16666666666667,5.85,6.75,6.84375,11,9,2,4,16,6986,3747,3239,1071,1874,5112,6.54102640280561,7.01177448625567,5.99644688175363,6.06330065359477,6.40592102454643,6.5905544698748,216
"198",2019,6,6.52777777777778,18,6.70833333333333,6.16666666666667,5,7,6.5,12,6,1,1,17,7004,3759,3245,1072,1875,5129,6.54099235436893,7.01080579941474,5.99676161787365,6.06230876865672,6.40623786666667,6.59025432832911,217
"199",2019,7,7.31944444444444,18,7.195,7.475,6.5,7.15,7.35333333333333,10,8,2,3,15,7022,3769,3253,1074,1878,5144,6.54298781686129,7.01129450782701,6.00039700276668,6.06312383612663,6.40742598509052,6.59247948094868,218
"200",2019,8,6.38947368421053,19,7.23,5.45555555555556,5,6.5,6.37647058823529,10,9,1,2,17,7041,3779,3262,1075,1880,5161,6.54257356199403,7.01187324689071,5.99889376149602,6.06213488372093,6.40752446808511,6.59176796163534,219
"201",2019,9,5.93653846153846,26,7.14,5.184375,5.48333333333333,7.31666666666667,5.75652173913043,10,16,3,3,23,7067,3789,3278,1078,1883,5184,6.54034391538135,7.01221140142518,5.99491807504576,6.0605241187384,6.40897291556028,6.58806220100309,220
"202",2019,10,6.3296875,32,6.38333333333333,6.22727272727273,6.83333333333333,5.66666666666667,6.39827586206897,21,11,3,3,29,7099,3810,3289,1081,1886,5213,6.53939434427384,7.00874514435695,5.99569518090605,6.06266882516189,6.40779215270414,6.58700641665068,221
"203",2019,11,7,20,7.5,6.5,6.25,6.2,7.26666666666667,10,10,2,5,15,7119,3820,3299,1083,1891,5228,6.54068836212951,7.01003115183246,5.99722384055775,6.06301477377655,6.40724272871497,6.58895647475134,222
"204",2019,12,6.575,24,7.00666666666667,5.85555555555556,4.33333333333333,NA,6.575,15,9,3,0,24,7143,3835,3308,1086,1891,5252,6.54080364692706,7.01001799217731,5.99683840689238,6.05823664825046,6.40724272871497,6.58889269801981,223
"205",2020,1,6.70647058823529,34,7.176,6.03571428571429,5,6.6,6.7248275862069,20,14,4,5,29,7177,3855,3322,1090,1896,5281,6.54158847011286,7.01087911802853,5.99700224262493,6.05435321100917,6.40775105485232,6.58963916871805,224
"206",2020,2,6.30457142857143,35,6.70058823529412,5.93055555555556,5.33333333333333,6.29166666666667,6.30724137931035,17,18,6,6,29,7212,3872,3340,1096,1902,5310,6.54043822102052,7.00951678719008,5.99664414670659,6.05040602189781,6.40738485804417,6.58809688323917,225
"207",2020,3,6.06896551724138,29,6.83333333333333,5.52941176470588,4.625,5.35714285714286,6.29545454545455,12,17,4,7,22,7241,3884,3357,1100,1909,5332,6.53854998618975,7.00897245108136,5.99427806076854,6.04522272727273,6.40353378732321,6.58688943173294,226
"208",2020,4,6.61,20,7.125,6.26666666666667,6.11666666666667,6.35,6.63888888888889,8,12,6,2,18,7261,3892,3369,1106,1911,5350,6.53874679107561,7.00921094552929,5.9952482784209,6.0456103074141,6.4034777603349,6.58706438317757,227
"209",2020,5,6.94,20,6.825,7.1125,7,8.8,6.61176470588235,12,8,2,3,17,7281,3904,3377,1108,1914,5367,6.53984898365609,7.00864472336065,5.99789501036423,6.04733303249097,6.40723406478579,6.5871426215763,228
"210",2020,6,6.37894736842105,19,7.18888888888889,5.65,5.83333333333333,6.5,6.34666666666667,9,10,6,4,15,7300,3913,3387,1114,1918,5382,6.53943019863013,7.00905928954766,5.99686786241512,6.04618043087971,6.40742752867571,6.58647239873653,229
"211",2020,7,6.28965517241379,29,6.625,5.87692307692308,6.68,6.42857142857143,6.24545454545455,16,13,5,7,22,7329,3929,3400,1119,1925,5404,6.53844186792195,7.00749529142275,5.99640925,6.04901251117069,6.40750441558442,6.58508409511473,230
"212",2020,8,6.60961538461538,26,6.96388888888889,5.8125,6.125,6.85,6.5375,18,8,4,6,20,7355,3947,3408,1123,1931,5424,6.53869346702923,7.00729642766658,5.99597753814554,6.04928317008014,6.40887933713102,6.58490863753688,231
"213",2020,9,6.34090909090909,22,6.63636363636364,6.04545454545455,5,6,6.41666666666667,11,11,4,4,18,7377,3958,3419,1127,1935,5442,6.53810362613528,7.00626553815058,5.99613672126353,6.04555900621118,6.40803410852713,6.58435215913268,232
"214",2020,10,6.09523809523809,21,6.54166666666667,5.5,5.25,6,6.11111111111111,12,9,2,3,18,7398,3970,3428,1129,1938,5460,6.53684650581238,7.00486120906801,5.99483414527421,6.04414968999114,6.40740247678019,6.58279202380953,233
"215",2020,11,6.44791666666667,24,7,5.52777777777778,5.5,5,6.51086956521739,15,9,2,1,23,7422,3985,3437,1131,1939,5483,6.53655893963891,7.00484291091593,5.99361112889148,6.04318744473917,6.40667663744198,6.5824903246398,234
"216",2020,12,5.91964285714286,28,6.47916666666667,5.5,5.14285714285714,NA,5.91964285714286,12,16,7,0,28,7450,3997,3453,1138,1939,5511,6.53424032885906,7.00326469852389,5.99132390674776,6.03764938488576,6.40667663744198,6.57912256396299,235
"217",2021,1,6.63888888888889,36,6.90384615384615,5.95,6.83333333333333,6.33333333333333,6.66666666666667,26,10,3,3,33,7486,4023,3463,1141,1942,5544,6.53474358135185,7.00262217250808,5.9912045769564,6.03974145486415,6.40656333676622,6.57964365981241,236
"218",2021,2,6.23809523809524,21,6.92857142857143,4.85714285714286,4.66666666666667,6,6.26315789473684,14,7,3,2,19,7507,4037,3470,1144,1944,5563,6.53391374050886,7.0023653703245,5.98891684438041,6.03614073426573,6.4061450617284,6.5785627269459,237
"219",2021,3,6.76733333333333,24,6.75663157894737,6.808,NA,7.1065,6.6995,19,5,0,4,20,7531,4056,3475,1144,1948,5583,6.53465760855132,7.0012142504931,5.99009538129497,6.03614073426573,6.40758316221766,6.57899596095289,238
"220",2021,4,6.06666666666667,15,7,5.25,6.5,7.5,5.84615384615385,7,8,2,2,13,7546,4063,3483,1146,1950,5596,6.53372733236151,7.00121215850357,5.98839547803618,6.0369502617801,6.40870358974359,6.57729350428878,239
"221",2021,5,6.33333333333333,12,6.78571428571429,5.7,6.5,7,6.27272727272727,7,5,1,1,11,7558,4070,3488,1147,1951,5607,6.53340916247684,7.00084152334152,5.98798206708716,6.0373539668701,6.40900666324962,6.57669599607634,240
"222",2021,6,6.68421052631579,19,7,6.25,7,7.5,6.58823529411765,11,8,1,2,17,7577,4081,3496,1148,1953,5624,6.53378731028111,7.00083925508454,5.98858165045767,6.0381925087108,6.41012391193037,6.57673087660029,241
"223",2021,7,5.825,16,7.07142857142857,4.85555555555556,5.08,6.86,5.35454545454545,7,9,5,5,11,7593,4088,3505,1153,1958,5635,6.53229375082312,7.00096012720156,5.98567231098431,6.03403729401561,6.41127272727273,6.57434506654836,242
"224",2021,8,6.40909090909091,22,6.90909090909091,5.90909090909091,6.125,5.5,6.55263157894737,11,11,4,3,19,7615,4099,3516,1157,1961,5654,6.53193781352593,7.00071358868017,5.98543272184301,6.03435177182368,6.40987863335033,6.57427209939866,243
"225",2021,9,6.55555555555556,18,6.95,6.0625,6.16666666666667,6.33333333333333,6.6,10,8,3,3,15,7633,4109,3524,1160,1964,5669,6.53199350845015,7.00059016792407,5.98560767593644,6.03469396551724,6.4097617107943,6.57434017463398,244
"226",2021,10,6.55,18,7.19,5.75,5.66666666666667,7.66666666666667,6.32666666666667,10,8,3,3,15,7651,4119,3532,1163,1967,5684,6.53203587112795,7.00105001213887,5.98507402321631,6.03374462596732,6.41167869852567,6.57368656755806,245
"227",2021,11,6.845,20,7.4,6.29,6.5,7,6.81764705882353,10,10,3,3,17,7671,4129,3542,1166,1970,5701,6.53285183809151,7.00201622668927,5.98593490965556,6.03494425385935,6.41257461928934,6.57441404139625,246
"228",2021,12,6.79038461538462,26,7.50357142857143,5.95833333333333,6.375,6.33333333333333,6.85,14,12,4,3,23,7697,4143,3554,1170,1973,5724,6.53372176822138,7.00371107892831,5.98584171356219,6.03610683760684,6.41245413076533,6.57552139238295,247
"229",2022,1,6.28836607843137,51,6.60410269230769,5.96,5.33333333333333,5.28571428571429,6.44787886363636,26,25,6,7,44,7748,4169,3579,1176,1980,5768,6.53210675271037,7.0012189182058,5.985661204247,6.0325212585034,6.40847070707071,6.57454769764217,248
"230",2022,2,6.94074074074074,27,7.2,5.8,3.5,NA,6.94074074074074,22,5,2,0,27,7775,4191,3584,1178,1980,5795,6.53352580321543,7.00226238845144,5.98540219029018,6.02822156196944,6.40847070707071,6.57625386022433,249
"231",2022,3,6.58217391304348,23,7.19230769230769,5.789,4,4.71333333333333,6.8625,13,10,2,3,20,7798,4204,3594,1180,1983,5815,6.53366928956142,7.00285006422455,5.98485571786311,6.02478389830508,6.40590620272315,6.57723836973345,250
"232",2022,4,7.148125,16,7.237,7,7,7.65,7.07642857142857,10,6,3,2,14,7814,4214,3600,1183,1985,5829,6.53492745328897,7.00340571191267,5.986547625,6.02725697379543,6.407159697733,6.57843731686396,251
"233",2022,5,6.725,20,6.84615384615385,6.5,6.75,5.66666666666667,6.91176470588235,13,7,2,3,17,7834,4227,3607,1185,1988,5846,6.53541270359969,7.00292208895197,5.98754406709177,6.02847679324895,6.40604225352113,6.5794066233322,252
"234",2022,6,7.02777777777778,9,7.41666666666667,6.25,6.75,10,6.65625,6,3,1,1,8,7843,4233,3610,1186,1989,5854,6.53597770240979,7.0035085447673,5.98776217451524,6.02908516020236,6.40784917043741,6.57951163648787,253
"235",2022,7,5.7325,12,5.5,5.89857142857143,6,NA,5.7325,5,7,1,0,12,7855,4238,3617,1187,1989,5866,6.53475023806492,7.00173470268995,5.9875895631739,6.02906065711879,6.40784917043741,6.57777891578589,254
"236",2022,8,6.6375,16,7,6.275,5.75,6.375,6.725,8,8,4,4,12,7871,4246,3625,1191,1993,5878,6.53495910557743,7.0017314342911,5.98822384827587,6.02812342569269,6.40778324134471,6.57807946920722,255
"237",2022,9,7.01875,16,7.13,6.83333333333333,6,6.4,7.06,10,6,2,1,15,7887,4256,3631,1193,1994,5893,6.5359405502726,7.00203281719925,5.98962033874966,6.02807627829002,6.40777933801404,6.57930614627525,256
"238",2022,10,6.65789473684211,19,6.89285714285714,6,6,6.5,6.6875,14,5,1,3,16,7906,4270,3636,1194,1997,5909,6.53623363521376,7.00167486416862,5.98963461221122,6.02805276381909,6.40791787681522,6.5795991064478,257
"239",2022,11,6.34444444444444,18,6.33333333333333,6.35555555555556,5.25,NA,6.34444444444444,9,9,2,0,18,7924,4279,3645,1196,1997,5927,6.53579797072185,7.00026914465997,5.99053812071331,6.0267516722408,6.40791787681522,6.57888495360216,258
"240",2022,12,6.85661764705882,34,7.245,5.77777777777778,5.66666666666667,8,6.74596774193548,25,9,3,3,31,7958,4304,3654,1199,2000,5958,6.53716865041467,7.00169067611524,5.99001408045977,6.0258507089241,6.410306,6.57975430010071,259
