"","year","month","avg_rating","no_ratings","avg_rating_owned","avg_rating_not_owned","avg_rating_prev_owned","avg_rating_comment","avg_rating_no_comment","no_ratings_owned","no_ratings_not_owned","no_ratings_prev_owned","no_ratings_comment","no_ratings_no_comment","cum_no_ratings","cum_no_ratings_owned","cum_no_ratings_not_owned","cum_no_ratings_prev_owned","cum_no_ratings_comment","cum_no_ratings_no_comment","cum_avg_rating","cum_avg_rating_owned","cum_avg_rating_not_owned","cum_avg_rating_prev_owned","cum_avg_rating_comment","cum_avg_rating_no_comment","month_after_release"
"1",2001,7,7,1,NA,7,NA,NA,7,0,1,0,0,1,1,0,1,0,0,1,7,NA,7,NA,NA,7,0
"2",2001,8,5,1,NA,5,NA,NA,5,0,1,0,0,1,2,0,2,0,0,2,6,NA,6,NA,NA,6,1
"3",2001,10,3,1,3,NA,NA,3,NA,1,0,0,1,0,3,1,2,0,1,2,5,3,6,NA,3,6,3
"4",2001,12,3,3,3.5,2,NA,4,1,2,1,0,2,1,6,3,3,0,3,3,4,3.33333333333333,4.66666666666667,NA,3.66666666666667,4.33333333333333,5
"5",2002,1,6,1,NA,6,NA,6,NA,0,1,0,1,0,7,3,4,0,4,3,4.28571428571429,3.33333333333333,5,NA,4.25,4.33333333333333,6
"6",2002,2,5,1,5,NA,NA,5,NA,1,0,0,1,0,8,4,4,0,5,3,4.375,3.75,5,NA,4.4,4.33333333333333,7
"7",2002,3,6,1,6,NA,NA,6,NA,1,0,0,1,0,9,5,4,0,6,3,4.55555555555556,4.2,5,NA,4.66666666666667,4.33333333333333,8
"8",2002,4,6,1,NA,6,6,NA,6,0,1,1,0,1,10,5,5,1,6,4,4.7,4.2,5.2,6,4.66666666666667,4.75,9
"9",2002,5,4,1,NA,4,NA,4,NA,0,1,0,1,0,11,5,6,1,7,4,4.63636363636364,4.2,5,6,4.57142857142857,4.75,10
"10",2002,6,6.66666666666667,3,7,6,NA,NA,6.66666666666667,2,1,0,0,3,14,7,7,1,7,7,5.07142857142857,5,5.14285714285714,6,4.57142857142857,5.57142857142857,11
"11",2002,7,5.25,4,5.5,5,NA,5,5.33333333333333,2,2,0,1,3,18,9,9,1,8,10,5.11111111111111,5.11111111111111,5.11111111111111,6,4.625,5.5,12
"12",2002,8,7.5,1,7.5,NA,NA,NA,7.5,1,0,0,0,1,19,10,9,1,8,11,5.23684210526316,5.35,5.11111111111111,6,4.625,5.68181818181818,13
"13",2002,9,8,2,6,10,NA,NA,8,1,1,0,0,2,21,11,10,1,8,13,5.5,5.40909090909091,5.6,6,4.625,6.03846153846154,14
"14",2002,11,5.83333333333333,6,6.5,4.5,2,5,6.25,4,2,1,2,4,27,15,12,2,10,17,5.57407407407407,5.7,5.41666666666667,4,4.7,6.08823529411765,16
"15",2002,12,5,2,5,NA,NA,5,5,2,0,0,1,1,29,17,12,2,11,18,5.53448275862069,5.61764705882353,5.41666666666667,4,4.72727272727273,6.02777777777778,17
"16",2003,1,6.25,4,6.33333333333333,6,NA,NA,6.25,3,1,0,0,4,33,20,13,2,11,22,5.62121212121212,5.725,5.46153846153846,4,4.72727272727273,6.06818181818182,18
"17",2003,2,4,1,4,NA,NA,4,NA,1,0,0,1,0,34,21,13,2,12,22,5.57352941176471,5.64285714285714,5.46153846153846,4,4.66666666666667,6.06818181818182,19
"18",2003,3,5.33333333333333,3,5.5,5,NA,7,4.5,2,1,0,1,2,37,23,14,2,13,24,5.55405405405405,5.6304347826087,5.42857142857143,4,4.84615384615385,5.9375,20
"19",2003,4,6.6,5,6.75,6,NA,6,6.75,4,1,0,1,4,42,27,15,2,14,28,5.67857142857143,5.7962962962963,5.46666666666667,4,4.92857142857143,6.05357142857143,21
"20",2003,5,7,1,7,NA,NA,7,NA,1,0,0,1,0,43,28,15,2,15,28,5.7093023255814,5.83928571428571,5.46666666666667,4,5.06666666666667,6.05357142857143,22
"21",2003,6,6.5,10,7,5.33333333333333,7,6.6,6.4,7,3,1,5,5,53,35,18,3,20,33,5.85849056603774,6.07142857142857,5.44444444444444,5,5.45,6.10606060606061,23
"22",2003,7,5.375,8,6,5,6,6,4.75,3,5,1,4,4,61,38,23,4,24,37,5.79508196721311,6.06578947368421,5.34782608695652,5.25,5.54166666666667,5.95945945945946,24
"23",2003,8,6.2,10,6.5,5.75,NA,6,6.25,6,4,0,2,8,71,44,27,4,26,45,5.85211267605634,6.125,5.40740740740741,5.25,5.57692307692308,6.01111111111111,25
"24",2003,9,4.5,2,NA,4.5,NA,4.5,NA,0,2,0,2,0,73,44,29,4,28,45,5.81506849315068,6.125,5.3448275862069,5.25,5.5,6.01111111111111,26
"25",2003,10,5.6,5,5.66666666666667,5.5,NA,5,6,3,2,0,2,3,78,47,31,4,30,48,5.80128205128205,6.09574468085106,5.35483870967742,5.25,5.46666666666667,6.01041666666667,27
"26",2003,11,5,4,6,4,NA,7,4.33333333333333,2,2,0,1,3,82,49,33,4,31,51,5.76219512195122,6.09183673469388,5.27272727272727,5.25,5.51612903225806,5.91176470588235,28
"27",2003,12,6,3,7,5.5,4,4,7,1,2,1,1,2,85,50,35,5,32,53,5.77058823529412,6.11,5.28571428571429,5,5.46875,5.95283018867925,29
"28",2004,1,6.14285714285714,7,7,4,4,6.25,6,5,2,1,4,3,92,55,37,6,36,56,5.79891304347826,6.19090909090909,5.21621621621622,4.83333333333333,5.55555555555556,5.95535714285714,30
"29",2004,2,5.25,4,6,5,5,NA,5.25,1,3,1,0,4,96,56,40,7,36,60,5.77604166666667,6.1875,5.2,4.85714285714286,5.55555555555556,5.90833333333333,31
"30",2004,3,6.25,4,6.66666666666667,5,NA,5,6.66666666666667,3,1,0,1,3,100,59,41,7,37,63,5.795,6.21186440677966,5.19512195121951,4.85714285714286,5.54054054054054,5.94444444444444,32
"31",2004,4,6.5,2,6.5,NA,NA,NA,6.5,2,0,0,0,2,102,61,41,7,37,65,5.80882352941176,6.22131147540984,5.19512195121951,4.85714285714286,5.54054054054054,5.96153846153846,33
"32",2004,5,5.6,5,7,4.66666666666667,4,6,4,2,3,1,4,1,107,63,44,8,41,66,5.79906542056075,6.24603174603175,5.15909090909091,4.75,5.58536585365854,5.93181818181818,34
"33",2004,6,5.16666666666667,6,5.4,4,NA,8,4.6,5,1,0,1,5,113,68,45,8,42,71,5.76548672566372,6.18382352941176,5.13333333333333,4.75,5.64285714285714,5.83802816901408,35
"34",2004,7,5.75,4,5.75,NA,NA,5.33333333333333,7,4,0,0,3,1,117,72,45,8,45,72,5.76495726495726,6.15972222222222,5.13333333333333,4.75,5.62222222222222,5.85416666666667,36
"35",2004,8,4.83333333333333,6,5.75,3,2,3,5.75,4,2,1,2,4,123,76,47,9,47,76,5.71951219512195,6.13815789473684,5.04255319148936,4.44444444444444,5.51063829787234,5.84868421052632,37
"36",2004,9,5.57142857142857,7,5.57142857142857,NA,NA,5.25,6,7,0,0,4,3,130,83,47,9,51,79,5.71153846153846,6.09036144578313,5.04255319148936,4.44444444444444,5.49019607843137,5.85443037974684,38
"37",2004,10,5.5,2,5.5,NA,NA,NA,5.5,2,0,0,0,2,132,85,47,9,51,81,5.70833333333333,6.07647058823529,5.04255319148936,4.44444444444444,5.49019607843137,5.84567901234568,39
"38",2004,11,5.88888888888889,9,5.8,6,5,5,6.6,5,4,1,4,5,141,90,51,10,55,86,5.71985815602837,6.06111111111111,5.11764705882353,4.5,5.45454545454545,5.88953488372093,40
"39",2004,12,6.8,5,7.33333333333333,6,NA,10,6,3,2,0,1,4,146,93,53,10,56,90,5.75684931506849,6.10215053763441,5.15094339622642,4.5,5.53571428571429,5.89444444444445,41
"40",2005,1,6.45454545454545,11,6.45454545454545,NA,NA,6,6.5,11,0,0,1,10,157,104,53,10,57,100,5.80573248407643,6.13942307692308,5.15094339622642,4.5,5.54385964912281,5.955,42
"41",2005,2,5.25,8,6.2,3.66666666666667,4,4,5.42857142857143,5,3,1,1,7,165,109,56,11,58,107,5.77878787878788,6.14220183486239,5.07142857142857,4.45454545454545,5.51724137931035,5.92056074766355,43
"42",2005,3,4.56666666666667,3,4.56666666666667,NA,NA,4.56666666666667,NA,3,0,0,3,0,168,112,56,11,61,107,5.75714285714286,6.1,5.07142857142857,4.45454545454545,5.47049180327869,5.92056074766355,44
"43",2005,4,4,1,4,NA,NA,4,NA,1,0,0,1,0,169,113,56,11,62,107,5.74674556213018,6.08141592920354,5.07142857142857,4.45454545454545,5.44677419354839,5.92056074766355,45
"44",2005,5,6.22222222222222,9,6.42857142857143,5.5,6,5,6.375,7,2,1,1,8,178,120,58,12,63,115,5.77078651685393,6.10166666666667,5.08620689655172,4.58333333333333,5.43968253968254,5.95217391304348,46
"45",2005,6,4.95454545454545,11,5.5,3.5,NA,4.3,5.5,8,3,0,5,6,189,128,61,12,68,121,5.72328042328042,6.0640625,5.00819672131148,4.58333333333333,5.35588235294118,5.9297520661157,47
"46",2005,7,4.75,4,4,5,NA,5,4,1,3,0,3,1,193,129,64,12,71,122,5.70310880829016,6.04806201550388,5.0078125,4.58333333333333,5.34084507042254,5.91393442622951,48
"47",2005,8,4.66666666666667,9,5,4.25,5,4.33333333333333,5.33333333333333,5,4,1,6,3,202,134,68,13,77,125,5.65693069306931,6.0089552238806,4.96323529411765,4.61538461538461,5.26233766233766,5.9,49
"48",2005,9,5,2,NA,5,5,NA,5,0,2,1,0,2,204,134,70,14,77,127,5.65049019607843,6.0089552238806,4.96428571428571,4.64285714285714,5.26233766233766,5.88582677165355,50
"49",2005,10,5.66666666666667,6,5.75,5.5,4,5.33333333333333,6,4,2,1,3,3,210,138,72,15,80,130,5.65095238095238,6.00144927536232,4.97916666666667,4.6,5.265,5.88846153846154,51
"50",2005,11,4.875,4,NA,4.875,7,3.5,6.25,0,4,1,2,2,214,138,76,16,82,132,5.63644859813084,6.00144927536232,4.97368421052632,4.75,5.22195121951219,5.8939393939394,52
"51",2005,12,5.71875,16,5.89285714285714,4.5,5,5.5,5.79166666666667,14,2,1,4,12,230,152,78,17,86,144,5.64217391304348,5.99144736842105,4.96153846153846,4.76470588235294,5.23488372093023,5.88541666666667,53
"52",2006,1,5.94444444444444,9,5.25,6.14285714285714,6,6.33333333333333,5.75,2,7,3,3,6,239,154,85,20,89,150,5.65355648535565,5.98181818181818,5.05882352941176,4.95,5.27191011235955,5.88,54
"53",2006,2,5.33333333333333,9,5.42857142857143,5,NA,6,4.8,7,2,0,4,5,248,161,87,20,93,155,5.64193548387097,5.95776397515528,5.05747126436782,4.95,5.30322580645161,5.84516129032258,55
"54",2006,3,5.55555555555556,9,5.75,5.16666666666667,5,5,5.71428571428571,6,3,1,2,7,257,167,90,21,95,162,5.63891050583658,5.95029940119761,5.06111111111111,4.95238095238095,5.29684210526316,5.83950617283951,56
"55",2006,4,5.66666666666667,6,5.6,6,NA,5.5,5.75,5,1,0,2,4,263,172,91,21,97,166,5.63954372623574,5.94011627906977,5.07142857142857,4.95238095238095,5.30103092783505,5.83734939759036,57
"56",2006,5,5.3,5,5.33333333333333,5.25,NA,5.5,5.16666666666667,3,2,0,2,3,268,175,93,21,99,169,5.63320895522388,5.92971428571429,5.0752688172043,4.95238095238095,5.30505050505051,5.82544378698225,58
"57",2006,6,5.83333333333333,6,6,5.5,NA,5.66666666666667,6,4,2,0,3,3,274,179,95,21,102,172,5.63759124087591,5.93128491620112,5.08421052631579,4.95238095238095,5.3156862745098,5.82848837209302,59
"58",2006,7,5.52,10,5.66666666666667,5.3,5,3,5.8,6,4,1,1,9,284,185,99,22,103,181,5.63345070422535,5.9227027027027,5.09292929292929,4.95454545454545,5.29320388349515,5.82707182320442,60
"59",2006,8,6.5,9,6.75,6,NA,5.625,7.2,6,3,0,4,5,293,191,102,22,107,186,5.66006825938567,5.94869109947644,5.11960784313726,4.95454545454545,5.30560747663551,5.86397849462366,61
"60",2006,9,6.11538461538461,13,6.25,5.66666666666667,5.5,7.25,5.90909090909091,10,3,1,2,11,306,201,105,23,109,197,5.67941176470588,5.9636815920398,5.1352380952381,4.97826086956522,5.34128440366973,5.86649746192893,62
"61",2006,10,5.5,9,5.64285714285714,5,NA,6,5.25,7,2,0,3,6,315,208,107,23,112,203,5.67428571428572,5.95288461538462,5.13271028037383,4.97826086956522,5.35892857142857,5.84827586206897,63
"62",2006,11,6,1,6,NA,NA,NA,6,1,0,0,0,1,316,209,107,23,112,204,5.6753164556962,5.95311004784689,5.13271028037383,4.97826086956522,5.35892857142857,5.84901960784314,64
"63",2006,12,5.33333333333333,12,6,3.33333333333333,NA,3,6.11111111111111,9,3,0,3,9,328,218,110,23,115,213,5.66280487804878,5.95504587155963,5.08363636363636,4.97826086956522,5.29739130434783,5.86009389671362,65
"64",2007,1,5.56071428571429,14,5.77272727272727,4.78333333333333,5,5.875,5.435,11,3,1,4,10,342,229,113,24,119,223,5.65862573099415,5.94628820960699,5.07566371681416,4.97916666666667,5.31680672268908,5.84103139013453,66
"65",2007,2,4.81818181818182,11,5.125,4,NA,4.66666666666667,4.875,8,3,0,3,8,353,237,116,24,122,231,5.63243626062323,5.91856540084388,5.04784482758621,4.97916666666667,5.30081967213115,5.80757575757576,67
"66",2007,3,5.26363636363636,11,5.4,5.15,5,4.33333333333333,5.6125,5,6,2,3,8,364,242,122,26,125,239,5.62129120879121,5.90785123966942,5.05286885245902,4.98076923076923,5.2776,5.8010460251046,68
"67",2007,4,5.5,5,5.5,NA,NA,5.16666666666667,6,5,0,0,3,2,369,247,122,26,128,241,5.61964769647697,5.8995951417004,5.05286885245902,4.98076923076923,5.275,5.80269709543569,69
"68",2007,5,5.4,10,5.33333333333333,6,6,4.8,6,9,1,1,5,5,379,256,123,27,133,246,5.61385224274407,5.8796875,5.06056910569106,5.01851851851852,5.25714285714286,5.80670731707317,70
"69",2007,6,5.5,5,4.16666666666667,7.5,NA,5.375,6,3,2,0,4,1,384,259,125,27,137,247,5.61236979166667,5.85984555984556,5.0996,5.01851851851852,5.26058394160584,5.80748987854251,71
"70",2007,7,5.27777777777778,9,5.16666666666667,5.33333333333333,5,4.25,6.1,3,6,2,4,5,393,262,131,29,141,252,5.60470737913486,5.85190839694657,5.11030534351145,5.01724137931035,5.23191489361702,5.81329365079365,72
"71",2007,8,5.66666666666667,3,5.66666666666667,NA,NA,NA,5.66666666666667,3,0,0,0,3,396,265,131,29,141,255,5.60517676767677,5.84981132075472,5.11030534351145,5.01724137931035,5.23191489361702,5.81156862745098,73
"72",2007,9,6.3125,8,6.41666666666667,6,6,6.66666666666667,6.1,6,2,1,3,5,404,271,133,30,144,260,5.61918316831683,5.86236162361624,5.12368421052632,5.05,5.26180555555556,5.81711538461539,74
"73",2007,10,6.38888888888889,9,6.375,6.5,NA,5.75,6.57142857142857,8,1,0,2,7,413,279,134,30,146,267,5.63595641646489,5.87706093189964,5.1339552238806,5.05,5.26849315068493,5.83689138576779,75
"74",2007,11,5.55555555555556,9,5.85714285714286,4.5,NA,5.83333333333333,5.41666666666667,7,2,0,3,6,422,286,136,30,149,273,5.63424170616114,5.87657342657343,5.12463235294118,5.05,5.27986577181208,5.82765567765568,76
"75",2007,12,5.08,15,5.32,4.6,NA,4.98,5.13,10,5,0,5,10,437,296,141,30,154,283,5.61521739130435,5.85777027027027,5.10602836879433,5.05,5.27012987012987,5.8030035335689,77
"76",2008,1,6.34210526315789,19,6.20833333333333,6.57142857142857,6,6.08333333333333,6.46153846153846,12,7,2,6,13,456,308,148,32,160,296,5.64550438596491,5.87142857142857,5.17533783783784,5.109375,5.300625,5.83192567567568,78
"77",2008,2,6.5,17,6.46428571428571,6.66666666666667,NA,6.5,6.5,14,3,0,4,13,473,322,151,32,164,309,5.6762156448203,5.8972049689441,5.20496688741722,5.109375,5.32987804878049,5.86003236245955,79
"78",2008,3,5.69230769230769,13,6,4.66666666666667,6,6,5.63636363636364,10,3,1,2,11,486,332,154,33,166,320,5.67664609053498,5.90030120481928,5.19448051948052,5.13636363636364,5.33795180722892,5.85234375,80
"79",2008,4,6.11111111111111,9,6,6.33333333333333,6,5.5,6.41666666666667,6,3,1,3,6,495,338,157,34,169,326,5.68454545454546,5.90207100591716,5.21624203821656,5.16176470588235,5.34082840236686,5.86273006134969,81
"80",2008,5,5.375,8,6,4.75,NA,5.66666666666667,5.2,4,4,0,3,5,503,342,161,34,172,331,5.67962226640159,5.90321637426901,5.20465838509317,5.16176470588235,5.34651162790698,5.85271903323263,82
"81",2008,6,5.33333333333333,9,5.83333333333333,4.33333333333333,6,5.66666666666667,5.16666666666667,6,3,1,3,6,512,348,164,35,175,337,5.67353515625,5.90201149425287,5.18871951219512,5.18571428571429,5.352,5.84050445103858,83
"82",2008,7,4.76,10,5.15,4.5,5,4.4,5.12,4,6,4,5,5,522,352,170,39,180,342,5.65603448275862,5.89346590909091,5.16441176470588,5.16666666666667,5.32555555555556,5.82997076023392,84
"83",2008,8,5.875,16,6.27777777777778,5.35714285714286,4.7,6.375,5.70833333333333,9,7,5,4,12,538,361,177,44,184,354,5.66254646840149,5.90304709141274,5.17203389830509,5.11363636363636,5.34836956521739,5.82584745762712,85
"84",2008,9,5.5625,8,5.125,6,6.5,NA,5.5625,4,4,2,0,8,546,365,181,46,184,362,5.66108058608059,5.89452054794521,5.19033149171271,5.17391304347826,5.34836956521739,5.82002762430939,86
"85",2008,10,5.66666666666667,6,6,5,NA,5,5.8,4,2,0,1,5,552,369,183,46,185,367,5.66114130434783,5.89566395663957,5.18825136612022,5.17391304347826,5.34648648648649,5.81975476839237,87
"86",2008,11,4.44444444444444,9,4,6,NA,5.5,4.14285714285714,7,2,0,2,7,561,376,185,46,187,374,5.64162210338681,5.86037234042553,5.19702702702703,5.17391304347826,5.34812834224599,5.78836898395722,88
"87",2008,12,4.87272727272727,11,5.01428571428571,4.625,6,4.75,4.94285714285714,7,4,1,4,7,572,383,189,47,191,381,5.62683566433566,5.84490861618799,5.18492063492064,5.19148936170213,5.33560209424084,5.77283464566929,89
"88",2009,1,5.23157894736842,19,5.77777777777778,4.74,5.35714285714286,4.41666666666667,5.60769230769231,9,10,7,6,13,591,392,199,54,197,394,5.61412859560068,5.84336734693878,5.16256281407035,5.21296296296296,5.30761421319797,5.76738578680203,90
"89",2009,2,5.11764705882353,17,5.3,4.85714285714286,4,5,5.25,10,7,1,9,8,608,402,206,55,206,402,5.60024671052632,5.82985074626866,5.15218446601942,5.19090909090909,5.29417475728155,5.75708955223881,91
"90",2009,3,5.33,10,5.75,5.05,5.4,NA,5.33,4,6,2,0,10,618,406,212,57,206,412,5.59587378640777,5.82906403940887,5.14929245283019,5.19824561403509,5.29417475728155,5.74672330097087,92
"91",2009,4,4.75,8,5.4,3.66666666666667,3,NA,4.75,5,3,1,0,8,626,411,215,58,206,420,5.58506389776358,5.82384428223844,5.12860465116279,5.16034482758621,5.29417475728155,5.7277380952381,93
"92",2009,5,5.37272727272727,11,5.33333333333333,5.42,6,5.525,5.28571428571429,6,5,1,4,7,637,417,220,59,210,427,5.58139717425432,5.81678657074341,5.13522727272727,5.17457627118644,5.29857142857143,5.72049180327869,94
"93",2009,6,5.64705882352941,17,6.33333333333333,4.875,4.75,5.66666666666667,5.63636363636364,9,8,4,6,11,654,426,228,63,216,438,5.58310397553517,5.82769953051643,5.12609649122807,5.14761904761905,5.3087962962963,5.71837899543379,95
"94",2009,7,5.90909090909091,11,5.85714285714286,6,6,6.66666666666667,5.625,7,4,4,3,8,665,433,232,67,219,446,5.5884962406015,5.82817551963049,5.14116379310345,5.19850746268657,5.32739726027397,5.71670403587444,96
"95",2009,8,5.42,5,5.7,5,NA,5.55,5.33333333333333,3,2,0,2,3,670,436,234,67,221,449,5.58723880597015,5.82729357798165,5.13995726495726,5.19850746268657,5.32941176470588,5.7141425389755,97
"96",2009,9,5.85714285714286,7,6.25,5.33333333333333,6,6,5.83333333333333,4,3,1,1,6,677,440,237,68,222,455,5.59002954209749,5.83113636363636,5.14240506329114,5.21029411764706,5.33243243243243,5.71571428571429,98
"97",2009,10,5.625,12,5.46428571428571,5.85,5.625,8.5,5.05,7,5,2,2,10,689,447,242,70,224,465,5.59063860667634,5.82539149888143,5.15702479338843,5.22214285714286,5.36071428571429,5.70139784946237,99
"98",2009,11,5.25,8,5.6,4.66666666666667,5,5.66666666666667,5,5,3,3,3,5,697,452,245,73,227,470,5.58672883787661,5.8228982300885,5.15102040816326,5.21301369863014,5.3647577092511,5.69393617021277,100
"99",2009,12,5.94,10,5.8,6.5,NA,6.33333333333333,5.77142857142857,8,2,0,3,7,707,460,247,73,230,477,5.59172560113154,5.8225,5.16194331983806,5.21301369863014,5.37739130434783,5.69507337526206,101
"100",2010,1,6.2,12,6.16666666666667,6.23333333333333,6,5.66666666666667,6.37777777777778,6,6,1,3,9,719,466,253,74,233,486,5.6018776077886,5.8269313304721,5.18735177865613,5.22364864864865,5.38111587982833,5.70771604938272,102
"101",2010,2,4.71428571428571,7,5,3,NA,5,4.6,6,1,0,2,5,726,472,254,74,235,491,5.59331955922865,5.81641949152542,5.17874015748032,5.22364864864865,5.37787234042553,5.69643584521385,103
"102",2010,3,6.40909090909091,11,6.14285714285714,6.875,NA,5.75,6.55555555555556,7,4,0,2,9,737,479,258,74,237,500,5.60549525101764,5.82118997912317,5.20503875968992,5.22364864864865,5.38101265822785,5.7119,104
"103",2010,4,5.95454545454545,11,6.1875,5.33333333333333,5,6.16666666666667,5.875,8,3,2,3,8,748,487,261,76,240,508,5.61062834224599,5.82720739219713,5.20651340996169,5.21776315789474,5.39083333333333,5.71446850393701,105
"104",2010,5,5.39181818181818,11,5.87285714285714,4.55,4.73333333333333,5.24,5.51833333333333,7,4,3,5,6,759,494,265,79,245,514,5.60745718050066,5.82785425101215,5.19660377358491,5.1993670886076,5.38775510204082,5.71217898832685,106
"105",2010,6,6.35,6,6.375,6.3,NA,NA,6.35,4,2,0,0,6,765,498,267,79,245,520,5.61328104575164,5.83224899598394,5.20486891385768,5.1993670886076,5.38775510204082,5.71953846153846,107
"106",2010,7,5.66666666666667,6,6,5,NA,NA,5.66666666666667,4,2,0,0,6,771,502,269,79,245,526,5.61369649805448,5.83358565737052,5.20334572490706,5.1993670886076,5.38775510204082,5.71893536121673,108
"107",2010,8,5.455,10,5.25,5.59166666666667,6.4,6.75,5.31111111111111,4,6,2,1,9,781,506,275,81,246,535,5.61166453265045,5.82897233201581,5.21181818181818,5.22901234567901,5.39329268292683,5.71207476635514,109
"108",2010,9,4.6,5,4.66666666666667,4.5,6,4.5,4.66666666666667,3,2,1,2,3,786,509,277,82,248,538,5.60522900763359,5.82212180746562,5.20667870036101,5.23841463414634,5.38608870967742,5.70624535315985,110
"109",2010,10,5.77142857142857,14,5.98333333333333,4.5,NA,5.4,5.97777777777778,12,2,0,5,9,800,521,279,82,253,547,5.6081375,5.8258349328215,5.20161290322581,5.23841463414634,5.38636363636364,5.71071297989031,111
"110",2010,11,5.85,12,6.13333333333333,5,NA,7,5.74545454545455,9,3,0,1,11,812,530,282,82,254,558,5.6117118226601,5.83105660377359,5.19946808510638,5.23841463414634,5.39271653543307,5.71139784946237,112
"111",2010,12,5.37777777777778,9,5.58333333333333,4.96666666666667,5.45,5.875,4.98,6,3,2,4,5,821,536,285,84,258,563,5.60914738124239,5.82828358208955,5.19701754385965,5.24345238095238,5.40019379844961,5.70490230905862,113
"112",2011,1,6.065,20,6.34615384615385,5.54285714285714,4.6,5,6.25294117647059,13,7,3,3,17,841,549,292,87,261,580,5.61998810939358,5.84054644808743,5.20530821917808,5.22126436781609,5.3955938697318,5.72096551724138,114
"113",2011,2,4.91666666666667,9,5.05,4.75,5,5,4.875,5,4,3,3,6,850,554,296,90,264,586,5.61254117647059,5.83341155234657,5.19915540540541,5.21388888888889,5.39109848484849,5.71230375426621,115
"114",2011,3,5.79785714285714,14,6.18454545454545,4.38,4.14,5.535,5.903,11,3,1,4,10,864,565,299,91,268,596,5.61554398148148,5.84024778761062,5.1909364548495,5.20208791208791,5.39324626865672,5.7155033557047,116
"115",2011,4,4.73363636363636,11,5.5,4.095,5,3.7675,5.28571428571429,5,6,1,4,7,875,570,305,92,272,603,5.60445714285714,5.83726315789474,5.16937704918033,5.19989130434783,5.36933823529412,5.71051409618574,117
"116",2011,5,7.3,2,6.6,8,8,NA,7.3,1,1,1,0,2,877,571,306,93,272,605,5.60832383124288,5.83859894921191,5.17862745098039,5.23,5.36933823529412,5.71576859504133,118
"117",2011,6,6.08461538461538,13,6.1375,6,6,5.7,6.2,8,5,2,3,10,890,579,311,95,275,615,5.61528089887641,5.84272884283247,5.19183279742765,5.24621052631579,5.37294545454546,5.72364227642277,119
"118",2011,7,4.875,12,5.42857142857143,4.1,5.5,4.8,4.92857142857143,7,5,1,5,7,902,586,316,96,280,622,5.60543237250555,5.83778156996587,5.17455696202532,5.24885416666667,5.36271428571429,5.71469453376206,120
"119",2011,8,5.70333333333333,15,6.27727272727273,4.125,4.5,5.25,5.86818181818182,11,4,3,4,11,917,597,320,99,284,633,5.60703380588877,5.84587939698493,5.1614375,5.22616161616162,5.36112676056338,5.71736176935229,121
"120",2011,9,6.08333333333333,6,6.1,6,6,5.5,6.2,5,1,1,1,5,923,602,321,100,285,638,5.61013001083424,5.84799003322259,5.16404984423676,5.2339,5.36161403508772,5.72114420062696,122
"121",2011,10,6.66666666666667,6,6.8,6,6,6.5,6.75,5,1,1,2,4,929,607,322,101,287,642,5.61695371367062,5.85583196046129,5.16664596273292,5.24148514851485,5.36954703832753,5.72755451713396,123
"122",2011,11,5.21428571428571,7,5.875,4.33333333333333,3.5,5.5,5.1,4,3,2,2,5,936,611,325,103,289,647,5.61394230769231,5.85595744680851,5.15895384615385,5.20766990291262,5.37044982698962,5.72270479134467,124
"123",2011,12,6.21538461538462,13,6.78,4.33333333333333,5,6.75,5.97777777777778,10,3,2,4,9,949,621,328,105,293,656,5.62218124341412,5.87083735909823,5.15140243902439,5.20371428571429,5.38928327645051,5.72620426829269,125
"124",2012,1,5.76315789473684,19,6.18181818181818,5.1875,4,5.25,6,11,8,1,6,13,968,632,336,106,299,669,5.62494834710744,5.87625,5.1522619047619,5.19235849056604,5.38648829431438,5.73152466367713,126
"125",2012,2,6.25,14,6.5,5.625,5.5,6.25,6.25,10,4,3,4,10,982,642,340,109,303,679,5.63385947046843,5.88596573208723,5.15782352941176,5.2008256880734,5.39788778877888,5.73916053019146,127
"126",2012,3,5.29090909090909,11,5.03333333333333,5.6,6.5,5.83333333333333,5.0875,6,5,1,3,8,993,648,345,110,306,687,5.63006042296073,5.87807098765432,5.16423188405797,5.21263636363636,5.4021568627451,5.73157205240175,128
"127",2012,4,5.5625,12,6,4.95,5.41666666666667,4.75,5.96875,7,5,3,4,8,1005,655,350,113,310,695,5.62925373134329,5.87937404580153,5.16117142857143,5.21805309734513,5.39374193548387,5.73430215827338,129
"128",2012,5,5.36153846153846,13,5.07777777777778,6,6,5,5.42727272727273,9,4,2,2,11,1018,664,354,115,312,706,5.62583497053045,5.86850903614458,5.17064971751412,5.23165217391304,5.39121794871795,5.72951841359774,130
"129",2012,6,5.64285714285714,7,5.625,5.66666666666667,5,4,5.91666666666667,4,3,1,1,6,1025,668,357,116,313,712,5.6259512195122,5.86705089820359,5.17481792717087,5.22965517241379,5.3867731629393,5.73109550561798,131
"130",2012,7,6.263,10,5.85714285714286,7.21,NA,5,6.57875,7,3,0,2,8,1035,675,360,116,315,720,5.63210628019324,5.86694814814815,5.19177777777778,5.22965517241379,5.38431746031746,5.74051388888889,132
"131",2012,8,5.33333333333333,9,5.16666666666667,5.66666666666667,NA,5,5.375,6,3,0,1,8,1044,681,363,116,316,728,5.629530651341,5.86077826725404,5.19570247933884,5.22965517241379,5.38310126582279,5.73649725274725,133
"132",2012,9,6.71666666666667,6,7.26,4,NA,7,6.66,5,1,0,1,5,1050,686,364,116,317,733,5.63574285714286,5.87097667638484,5.19241758241758,5.22965517241379,5.38820189274448,5.74279672578445,134
"133",2012,10,4.91666666666667,12,4.6875,5.375,5,4,5.1,8,4,2,2,10,1062,694,368,118,319,743,5.62761770244821,5.85733429394813,5.19440217391305,5.22576271186441,5.37949843260188,5.73414535666218,135
"134",2012,11,5.5,7,5.5,NA,NA,6.5,5.1,7,0,0,2,5,1069,701,368,118,321,748,5.62678203928906,5.85376604850214,5.19440217391305,5.22576271186441,5.38647975077882,5.7299064171123,136
"135",2012,12,6,15,6.6,4.8,5,5,6.25,10,5,4,3,12,1084,711,373,122,324,760,5.63194649446495,5.86426160337553,5.18911528150134,5.21836065573771,5.3829012345679,5.73811842105263,137
"136",2013,1,5,5,5.66666666666667,4,NA,4,5.25,3,2,0,1,4,1089,714,375,122,325,764,5.62904499540863,5.86343137254902,5.18277333333334,5.21836065573771,5.37864615384616,5.73556282722513,138
"137",2013,2,5.8125,8,6.41666666666667,4,NA,4.33333333333333,6.7,6,2,0,3,5,1097,720,377,122,328,769,5.63038286235187,5.86804166666667,5.17649867374005,5.21836065573771,5.36908536585366,5.74183355006502,139
"138",2013,3,6.19230769230769,13,6.1875,6.2,4,6.625,6,8,5,1,4,9,1110,728,382,123,332,778,5.63696396396397,5.8715521978022,5.18989528795812,5.20845528455285,5.38421686746988,5.74482005141388,140
"139",2013,4,5.77272727272727,11,6.0625,5,5,4,5.95,8,3,1,1,10,1121,736,385,124,333,788,5.63829616413916,5.87362771739131,5.18841558441559,5.20677419354839,5.38006006006006,5.74742385786802,141
"140",2013,5,5.88,10,6.73333333333333,5.51428571428571,5.775,5.86666666666667,5.88571428571429,3,7,4,3,7,1131,739,392,128,336,795,5.64043324491601,5.87711772665765,5.19423469387755,5.22453125,5.38440476190476,5.74864150943396,142
"141",2013,6,5.5,13,5.7,4.83333333333333,5.5,5,5.59090909090909,10,3,1,2,11,1144,749,395,129,338,806,5.63883741258741,5.87475300400534,5.19149367088608,5.22666666666667,5.38213017751479,5.7464888337469,143
"142",2013,7,6.16666666666667,9,6.25,6.1,6.75,7,5.92857142857143,4,5,2,2,7,1153,753,400,131,340,813,5.64295750216826,5.87674634794157,5.20285,5.24992366412214,5.39164705882353,5.74805658056581,144
"143",2013,8,5.28055555555556,18,6.22,4.10625,3.16666666666667,4.875,5.33125,10,8,3,2,16,1171,763,408,134,342,829,5.63738684884714,5.88124508519004,5.18134803921569,5.20328358208955,5.38862573099415,5.74001206272618,145
"144",2013,9,5.72727272727273,11,6,5.5,5.5,5,5.88888888888889,5,6,4,2,9,1182,768,414,138,344,838,5.63822335025381,5.88201822916667,5.18596618357488,5.21188405797102,5.38636627906977,5.74161097852029,146
"145",2013,10,5.54545454545455,11,6.5,5,5.5,5,5.66666666666667,4,7,2,2,9,1193,772,421,140,346,847,5.63736797988265,5.88522020725389,5.18287410926366,5.216,5.38413294797688,5.74081463990555,147
"146",2013,11,4.85416666666667,12,5.1875,4.1875,NA,4.5,4.97222222222222,8,4,0,3,9,1205,780,425,140,349,856,5.62956846473029,5.8780641025641,5.17350588235294,5.216,5.3765329512894,5.73273364485981,148
"147",2013,12,5.47916666666667,12,5.17857142857143,5.9,NA,5.5,5.47727272727273,7,5,0,1,11,1217,787,430,140,350,867,5.62808545603944,5.87184243964422,5.18195348837209,5.216,5.37688571428571,5.72949250288351,149
"148",2014,1,6.01666666666667,18,5.86923076923077,6.4,6,5.5,6.12,13,5,3,3,15,1235,800,435,143,353,882,5.63374898785425,5.8718,5.19595402298851,5.23244755244755,5.37793201133144,5.73613378684807,150
"149",2014,2,4.89285714285714,14,4.88461538461539,5,5,5.5,4.84615384615385,13,1,1,1,13,1249,813,436,144,354,895,5.62544435548439,5.8560147601476,5.19550458715596,5.23083333333333,5.37827683615819,5.72320670391062,151
"150",2014,3,6.1,13,6.475,5.5,6,7.5,5.84545454545455,8,5,1,2,11,1262,821,441,145,356,906,5.63033280507132,5.86204628501827,5.19895691609977,5.23613793103448,5.39019662921348,5.72469094922737,152
"151",2014,4,5.90769230769231,13,5.8,6.5,NA,6.075,5.83333333333333,11,2,0,4,9,1275,832,443,145,360,915,5.63316078431373,5.86122596153846,5.20483069977427,5.23613793103448,5.39780555555556,5.72575956284153,153
"152",2014,5,6.15555555555556,9,6.175,6,NA,7.2,6.025,8,1,0,1,8,1284,840,444,145,361,923,5.63682242990654,5.86421428571429,5.20662162162162,5.23613793103448,5.40279778393352,5.72835319609968,154
"153",2014,6,6.1,10,6.5,4.5,4.5,6.5,6,8,2,2,2,8,1294,848,446,147,363,931,5.64040185471407,5.87021226415095,5.20345291479821,5.22612244897959,5.40884297520661,5.73068743286789,155
"154",2014,7,5.66,6,6.24,4.5,4,6,5.592,4,2,1,1,5,1300,852,448,148,364,936,5.64049230769231,5.87194835680751,5.2003125,5.21783783783784,5.41046703296703,5.72994658119658,156
"155",2014,8,5.5975,12,5.74111111111111,5.16666666666667,NA,5.7925,5.5,9,3,0,4,8,1312,861,451,148,368,944,5.64009908536586,5.87058072009292,5.20008869179601,5.21783783783784,5.41461956521739,5.72799788135593,157
"156",2014,9,5.9,5,5.5,7.5,NA,NA,5.9,4,1,0,0,5,1317,865,452,148,368,949,5.64108580106302,5.86886705202312,5.20517699115044,5.21783783783784,5.41461956521739,5.72890410958904,158
"157",2014,10,6.1,5,6.125,6,NA,7,5.875,4,1,0,1,4,1322,869,453,148,369,953,5.64282148260212,5.87004602991945,5.20693156732892,5.21783783783784,5.41891598915989,5.72951731374607,159
"158",2014,11,6.25,12,6.5,5,6,6,6.27272727272727,10,2,1,1,11,1334,879,455,149,370,964,5.64828335832084,5.87721274175199,5.20602197802198,5.22308724832215,5.42048648648649,5.73571576763486,160
"159",2014,12,5.94,10,6.3,4.5,4,5.5,5.98888888888889,8,2,1,1,9,1344,887,457,150,371,973,5.65045386904762,5.88102593010147,5.20293216630197,5.21493333333333,5.42070080862534,5.73805755395684,161
"160",2015,1,5.26666666666667,15,6,3.8,5.5,4.5,5.54545454545455,10,5,1,4,11,1359,897,462,151,375,984,5.64621780721119,5.88235228539576,5.18774891774892,5.21682119205298,5.41088,5.73590447154472,162
"161",2015,2,5.275,20,5.71875,3.5,3,4.75,5.40625,16,4,2,4,16,1379,913,466,153,379,1000,5.64083393763597,5.8794852135816,5.17326180257511,5.1878431372549,5.40390501319261,5.73063,163
"162",2015,3,5.8,5,5.8,NA,NA,6,5.75,5,0,0,1,4,1384,918,466,153,380,1004,5.64140895953757,5.8790522875817,5.17326180257511,5.1878431372549,5.40547368421053,5.73070717131474,164
"163",2015,4,5.73333333333333,6,6.175,4.85,4.2,6,5.68,4,2,1,1,5,1390,922,468,154,381,1009,5.64180575539569,5.88033622559653,5.17188034188034,5.18142857142857,5.40703412073491,5.73045589692765,165
"164",2015,5,5.44444444444444,9,4.8,6.25,6.5,5.66666666666667,5.33333333333333,5,4,2,3,6,1399,927,472,156,384,1015,5.6405360972123,5.87450916936354,5.18101694915254,5.19833333333334,5.4090625,5.72810837438424,166
"165",2015,6,6.0875,8,6.0875,NA,NA,6,6.1,8,0,0,1,7,1407,935,472,156,385,1022,5.64307746979389,5.87633155080214,5.18101694915254,5.19833333333334,5.4105974025974,5.73065557729941,167
"166",2015,7,5.92666666666667,15,6.2,4.83333333333333,NA,5.6,6.04545454545455,12,3,0,4,11,1422,947,475,156,389,1033,5.64606891701829,5.88043294614572,5.17882105263158,5.19833333333334,5.41254498714653,5.73400774443369,168
"167",2015,8,5.75,15,5.75,5.75,6,5.5,5.78846153846154,13,2,1,2,13,1437,960,477,157,391,1046,5.64715379262352,5.87866666666667,5.18121593291405,5.20343949044586,5.41299232736573,5.7346845124283,169
"168",2015,9,6.03333333333333,18,6.23846153846154,5.5,6,6.43333333333333,5.95333333333333,13,5,1,3,15,1455,973,482,158,394,1061,5.65193127147767,5.88347379239466,5.18452282157676,5.20848101265823,5.4207614213198,5.73777568331763,170
"169",2015,10,6.28272727272727,11,6.875,4.70333333333333,NA,6.375,6.23,8,3,0,4,7,1466,981,485,158,398,1068,5.65666439290587,5.89155963302752,5.18154639175258,5.20848101265823,5.43035175879397,5.74100187265918,171
"170",2015,11,5.93571428571429,14,5.95555555555556,5.9,5.5,6.83333333333333,5.69090909090909,9,5,2,3,11,1480,990,490,160,401,1079,5.65930405405406,5.89214141414142,5.18887755102041,5.212125,5.44084788029925,5.74049119555144,172
"171",2015,12,5.55714285714286,21,5.68,5.25,4.5,5.425,5.58823529411765,15,6,3,4,17,1501,1005,496,163,405,1096,5.65787475016656,5.88897512437811,5.18961693548387,5.19901840490798,5.44069135802469,5.7381295620438,173
"172",2016,1,5.71212121212121,33,5.95833333333333,5.05555555555556,4.83333333333333,6,5.64814814814815,24,9,6,6,27,1534,1029,505,169,411,1123,5.65904172099088,5.89059280855199,5.18722772277228,5.18603550295858,5.44885644768856,5.7359661620659,174
"173",2016,2,5.50666666666667,15,5.8,4.33333333333333,4.25,6,5.43076923076923,12,3,2,2,13,1549,1041,508,171,413,1136,5.6575661717237,5.88954851104707,5.18218503937008,5.17508771929825,5.45152542372881,5.7324735915493,175
"174",2016,3,6.2,16,6.37,5.91666666666667,6,4,6.51428571428571,10,6,2,2,14,1565,1051,514,173,415,1150,5.66311182108627,5.89411988582303,5.19075875486381,5.18462427745665,5.44453012048193,5.74199130434783,176
"175",2016,4,5.65238095238095,21,5.70555555555556,5.33333333333333,6,5.4,5.69444444444444,18,3,1,3,18,1586,1069,517,174,418,1168,5.66296973518285,5.89094480823199,5.19158607350097,5.18931034482759,5.44421052631579,5.74125856164384,177
"176",2016,5,5.36111111111111,18,5.81818181818182,4.64285714285714,5.66666666666667,5.66666666666667,5.3,11,7,3,3,15,1604,1080,524,177,421,1183,5.65958229426434,5.8902037037037,5.18425572519084,5.1974011299435,5.44579572446556,5.73566356720203,178
"177",2016,6,5.80555555555556,18,6.26923076923077,4.6,4.5,5.25,5.96428571428571,13,5,2,4,14,1622,1093,529,179,425,1197,5.66120221948213,5.89471180237878,5.17873345935728,5.18960893854749,5.44395294117647,5.73833751044277,179
"178",2016,7,6.15,10,6.5,3,3,8.5,5.5625,9,1,1,2,8,1632,1102,530,180,427,1205,5.66419730392157,5.89965517241379,5.17462264150943,5.17744444444445,5.45826697892272,5.73717012448133,180
"179",2016,8,6.08333333333333,12,6.27272727272727,4,NA,7.125,5.5625,11,1,0,4,8,1644,1113,531,180,431,1213,5.66725669099757,5.9033423180593,5.17241054613936,5.17744444444445,5.47373549883991,5.73601813685078,181
"180",2016,9,5.70714285714286,14,6.25,4.98333333333333,4.975,5.4,5.87777777777778,8,6,4,5,9,1658,1121,537,184,436,1222,5.66759348612787,5.90581623550401,5.17029795158287,5.17304347826087,5.47288990825688,5.73706219312602,182
"181",2016,10,5.24375,16,5.59,4.66666666666667,NA,5.6,5.22,10,6,0,1,15,1674,1131,543,184,437,1237,5.66354241338113,5.90302387267904,5.16473296500921,5.17304347826087,5.47318077803204,5.7307922392886,183
"182",2016,11,5.83333333333333,12,5.9,5.5,NA,6,5.81818181818182,10,2,0,1,11,1686,1141,545,184,438,1248,5.66475088967972,5.90299737072743,5.16596330275229,5.17304347826087,5.47438356164383,5.7315625,184
"183",2016,12,5.05555555555556,18,5.46153846153846,4,NA,3.75,5.42857142857143,13,5,0,4,14,1704,1154,550,184,442,1262,5.65831572769953,5.89802426343154,5.15536363636364,5.17304347826087,5.45877828054298,5.72820126782884,185
"184",2017,1,5.98823529411765,17,6.23333333333333,5.4,4.66666666666667,6,5.98461538461538,12,5,3,4,13,1721,1166,555,187,446,1275,5.66157466589193,5.90147512864494,5.15756756756757,5.16491978609626,5.46363228699551,5.73081568627451,186
"185",2017,2,6.08333333333333,12,6.42857142857143,5.6,5,4,6.27272727272727,7,5,2,1,11,1733,1173,560,189,447,1286,5.66449509521062,5.90462063086104,5.16151785714286,5.1631746031746,5.46035794183445,5.73545101088647,187
"186",2017,3,5.67857142857143,14,6.27777777777778,4.6,5,5.375,5.8,9,5,1,4,10,1747,1182,565,190,451,1296,5.66460789925587,5.90746192893401,5.15654867256637,5.16231578947369,5.45960088691796,5.73594907407407,188
"187",2017,4,5.84615384615385,13,6.11111111111111,5.25,6,7,5.75,9,4,2,1,12,1760,1191,569,192,452,1308,5.66594886363637,5.90900083963056,5.15720562390158,5.17104166666667,5.46300884955752,5.73607798165138,189
"188",2017,5,6.17692307692308,13,6.6,5.5,6.25,5.8,6.20833333333333,8,5,2,1,12,1773,1199,574,194,453,1320,5.66969543147208,5.91361134278565,5.16019163763066,5.18216494845361,5.4637527593819,5.74037121212121,190
"189",2017,6,5.9375,8,6.25,5,8,NA,5.9375,6,2,1,0,8,1781,1205,576,195,453,1328,5.67089837170129,5.91528630705394,5.15963541666667,5.19661538461539,5.4637527593819,5.74155873493976,191
"190",2017,7,6.21764705882353,17,6.80833333333333,4.8,2,6.5,6.18,12,5,1,2,15,1798,1217,581,196,455,1343,5.67606785317019,5.92409202958094,5.1565404475043,5.18030612244898,5.46830769230769,5.74645569620253,192
"191",2017,8,5.52631578947368,19,5.5,5.6,5.5,5.83333333333333,5.46875,14,5,3,3,16,1817,1231,586,199,458,1359,5.67450192625207,5.91926888708367,5.16032423208191,5.1851256281407,5.47069868995633,5.74318616629875,193
"192",2017,9,6.04545454545455,11,6.05555555555556,6,NA,8,5.85,9,2,0,1,10,1828,1240,588,199,459,1369,5.6767341356674,5.92025806451613,5.16318027210884,5.1851256281407,5.4762091503268,5.74396639883126,194
"193",2017,10,5.36153846153846,13,6.025,4.3,4.75,7,5.225,8,5,2,1,12,1841,1248,593,201,460,1381,5.67450841933732,5.92092948717949,5.15590219224283,5.1807960199005,5.47952173913043,5.73945691527878,195
"194",2017,11,5.11764705882353,17,4.96153846153846,5.625,6,5.375,5.03846153846154,13,4,1,4,13,1858,1261,597,202,464,1394,5.66941334768569,5.91103885804917,5.15904522613065,5.18485148514852,5.47862068965517,5.73291965566714,196
"195",2017,12,6.27777777777778,18,6.375,5.5,6,7.5,6.125,16,2,1,2,16,1876,1277,599,203,466,1410,5.67525053304904,5.91685199686766,5.160183639399,5.18886699507389,5.48729613733905,5.73736879432624,197
"196",2018,1,5.66,25,5.84782608695652,3.5,5,5.41666666666667,5.73684210526316,23,2,1,6,19,1901,1300,601,204,472,1429,5.67504997369806,5.91563076923077,5.15465890183028,5.18794117647059,5.48639830508474,5.73736179146256,198
"197",2018,2,6.2,15,6.36363636363636,5.75,6,6,6.21428571428571,11,4,1,1,14,1916,1311,605,205,473,1443,5.67915970772443,5.91938977879481,5.15859504132231,5.19190243902439,5.48748414376321,5.74198891198891,199
"198",2018,3,6,14,6.11111111111111,5.8,6,5.2,6.44444444444444,9,5,1,5,9,1930,1320,610,206,478,1452,5.68148704663213,5.92069696969697,5.16385245901639,5.19582524271845,5.4844769874477,5.74634297520661,200
"199",2018,4,6.21666666666667,12,5.975,6.7,6.25,6,6.26,8,4,2,2,10,1942,1328,614,208,480,1462,5.68479402677652,5.92102409638554,5.17385993485342,5.20596153846154,5.486625,5.74985636114911,201
"200",2018,5,5.615,16,5.77428571428571,4.5,NA,5.5,5.63142857142857,14,2,0,2,14,1958,1342,616,208,482,1476,5.68422369765067,5.91949329359166,5.17167207792208,5.20596153846154,5.48668049792531,5.74873306233062,202
"201",2018,6,4.9,10,5.66666666666667,3.75,3.33333333333333,5,4.875,6,4,3,2,8,1968,1348,620,211,484,1484,5.68023882113821,5.91836795252226,5.1625,5.179336492891,5.4846694214876,5.74402291105121,203
"202",2018,7,6.31833333333333,12,6.6025,5.75,6,6,6.34727272727273,8,4,1,1,11,1980,1356,624,212,485,1495,5.68410606060606,5.92240412979351,5.16626602564103,5.18320754716981,5.48573195876289,5.74846153846154,204
"203",2018,8,6.062,10,6.2025,5.5,NA,6.064,6.06,8,2,0,5,5,1990,1364,626,212,490,1500,5.68600502512563,5.92404692082112,5.16733226837061,5.18320754716981,5.49163265306122,5.7495,205
"204",2018,9,5.58355533333333,15,6.06848454545455,4.25,NA,4,5.69666642857143,11,4,0,1,14,2005,1375,630,212,491,1514,5.68523856857856,5.92520242181818,5.16150793650794,5.18320754716981,5.48859470468432,5.74901144649934,206
"205",2018,10,5.81818181818182,11,5.875,5.66666666666667,NA,5,6,8,3,0,2,9,2016,1383,633,212,493,1523,5.68596395337302,5.92491202458424,5.16390205371248,5.18320754716981,5.48661257606491,5.75049463558766,207
"206",2018,11,5.86363636363636,11,6.0625,5.33333333333333,5.33333333333333,5.9,5.83333333333333,8,3,3,5,6,2027,1391,636,215,498,1529,5.68692813517514,5.92570332854062,5.16470125786163,5.1853023255814,5.49076305220883,5.75081970568999,208
"207",2018,12,5.77476142857143,14,6.08969636363636,4.62,3.68,4.4499975,6.304667,11,3,2,4,10,2041,1402,639,217,502,1539,5.68753061734444,5.92699000713267,5.16214397496087,5.17142857142857,5.48247009960159,5.75441845354126,209
"208",2019,1,5.59032258064516,31,5.78260869565217,5.0375,3.93333333333333,5.6,5.58846153846154,23,8,3,5,26,2072,1425,647,220,507,1565,5.68607625,5.92465964210527,5.1606027820711,5.15454545454545,5.48362917159763,5.75166134185303,210
"209",2019,2,5.67647058823529,17,6.11538461538461,4.25,2.25,7.16666666666667,5.35714285714286,13,4,2,3,14,2089,1438,651,222,510,1579,5.68599808042126,5.92638385952712,5.15500768049155,5.12837837837838,5.49352939215686,5.74816339455351,211
"210",2019,3,5.5,12,6.4,4.85714285714286,6,6,5.4,5,7,1,2,10,2101,1443,658,223,512,1589,5.68493574012375,5.92802494109494,5.15183890577507,5.1322869955157,5.49550779296875,5.7459723096287,212
"211",2019,4,6.68181818181818,11,7.0625,5.66666666666667,5.66666666666667,NA,6.68181818181818,8,3,3,0,11,2112,1451,661,226,512,1600,5.69012783617424,5.93427980013784,5.15417549167927,5.13938053097345,5.49550779296875,5.75240625,213
"212",2019,5,6.25833333333333,12,6.5125,5.75,7,7,6.11,8,4,2,2,10,2124,1459,665,228,514,1610,5.69333803672317,5.93745030157642,5.15775939849624,5.15570175438596,5.50136184824903,5.75462732919255,214
"213",2019,6,6.16666666666667,12,6.4375,5.625,5,NA,6.16666666666667,8,4,1,0,12,2136,1467,669,229,514,1622,5.69599718632959,5.94017722563054,5.16055306427504,5.15502183406114,5.50136184824903,5.75767570900123,215
"214",2019,7,6.21333333333333,15,6.70769230769231,3,NA,4,6.55384615384615,13,2,0,2,13,2151,1480,671,229,516,1635,5.69960483031149,5.94691891216217,5.15411326378539,5.15502183406114,5.49554261627907,5.76400611620795,216
"215",2019,8,5.96416666666667,12,6.51,5.2,4.16666666666667,7,5.87,7,5,3,1,11,2163,1487,676,232,517,1646,5.70107257975035,5.94956959650303,5.15445266272189,5.14224137931035,5.49845259187621,5.76471445929526,217
"216",2019,9,6.17473684210526,19,6.25636363636364,6.0625,5.5,6.66666666666667,6.0825,11,8,3,3,16,2182,1498,684,235,520,1662,5.70519706232814,5.95182242323098,5.1650730994152,5.1468085106383,5.50519228846154,5.76777376654633,218
"217",2019,10,5.828125,16,5.88333333333333,5,NA,6,5.81666666666667,15,1,0,1,15,2198,1513,685,235,521,1677,5.70609189717926,5.95114341705222,5.16483211678832,5.1468085106383,5.50614201535509,5.76821109123435,219
"218",2019,11,6.04545454545455,11,6.5625,4.66666666666667,NA,NA,6.04545454545455,8,3,0,0,11,2209,1521,688,235,521,1688,5.7077817971933,5.95435896778435,5.16265988372093,5.1468085106383,5.50614201535509,5.77001777251185,220
"219",2019,12,5.6775,20,5.93333333333333,4.91,NA,6.66666666666667,5.50294117647059,15,5,0,3,17,2229,1536,693,235,524,1705,5.70751008972633,5.95415363932292,5.16083694083694,5.1468085106383,5.51278624045801,5.76735483870968,221
"220",2020,1,6.37933333333333,30,6.47416666666667,6,5.2,4.66666666666667,6.56962962962963,24,6,5,3,27,2259,1560,699,240,527,1732,5.71643204515272,5.96215383974359,5.16804005722461,5.14791666666667,5.50796962049336,5.77986143187067,222
"221",2020,2,6.0625,16,6.28571428571429,4.5,NA,4.66666666666667,6.38461538461539,14,2,0,3,13,2275,1574,701,240,530,1745,5.71886592967033,5.96503175984752,5.16613409415121,5.14791666666667,5.50320752830189,5.78436676217765,223
"222",2020,3,5.97826086956522,23,6.07142857142857,5,NA,6.66666666666667,5.875,21,2,0,3,20,2298,1595,703,240,533,1765,5.72146213664056,5.96643259561129,5.16566145092461,5.14791666666667,5.50975607879925,5.78539376770538,224
"223",2020,4,6.11111111111111,18,6.26666666666667,5.33333333333333,6,6.75,5.92857142857143,15,3,2,4,14,2316,1610,706,242,537,1779,5.72449049654577,5.96922980745342,5.16637393767705,5.15495867768595,5.51899439478585,5.78652051714446,225
"224",2020,5,6.58333333333333,12,7.5625,4.625,4.5,8.5,6.40909090909091,8,4,2,1,11,2328,1618,710,244,538,1790,5.72891752147766,5.97710753399259,5.16332394366197,5.14959016393443,5.52453529739777,5.79034636871508,226
"225",2020,6,5.83,17,6.25916666666667,4.8,5.66666666666667,5.625,5.89307692307692,12,5,3,4,13,2345,1630,715,247,542,1803,5.72965031556503,5.97918404294479,5.16078321678322,5.15587044534413,5.52527673431734,5.79108707709373,227
"226",2020,7,5.84615384615385,13,6,5.33333333333333,6,6.25,5.77272727272727,10,3,1,2,11,2358,1640,718,248,544,1814,5.73029261662426,5.9793109695122,5.16150417827298,5.15927419354839,5.52794115808823,5.79097574421169,228
"227",2020,8,6.41428571428571,14,6.73333333333333,4.5,NA,7.125,6.13,12,2,0,4,10,2372,1652,720,248,548,1824,5.73432967537943,5.98478812953995,5.15966666666667,5.15927419354839,5.53959852189781,5.79283442982456,229
"228",2020,9,6.09725470588235,17,6.3877775,5.4,NA,6,6.110222,12,5,0,2,15,2389,1664,725,248,550,1839,5.73691223105902,5.98769430288462,5.16132413793103,5.15927419354839,5.54127270909091,5.79542323545405,230
"229",2020,10,6.5,19,6.46428571428571,6.6,5.5,6.33333333333333,6.53125,14,5,2,3,16,2408,1678,730,250,553,1855,5.74293327242525,5.99167063170441,5.17117808219178,5.162,5.54556960216998,5.80176998921833,231
"230",2020,11,6.10833333333333,24,6.13181818181818,5.85,6.7,NA,6.10833333333333,22,2,1,0,24,2432,1700,732,251,553,1879,5.74653919407895,5.99348430588235,5.17303278688524,5.16812749003984,5.54556960216998,5.80568564662054,232
"231",2020,12,6.189375,32,6.43739130434783,5.55555555555556,6,3.5,6.27612903225806,23,9,3,1,31,2464,1723,741,254,554,1910,5.75229030844156,5.99940993615786,5.17767881241565,5.17795275590551,5.54187723826715,5.81332111518324,233
"232",2021,1,5.93275862068965,29,6.16666666666667,5.55,3,5.5,5.96481481481482,18,11,1,2,27,2493,1741,752,255,556,1937,5.75438961893301,6.0011391843768,5.183125,5.16941176470588,5.54172660071942,5.81543279814145,234
"233",2021,2,5.695,20,6.06,4.6,NA,4.8,5.99333333333333,15,5,0,5,15,2513,1756,757,255,561,1952,5.75391695980899,6.00164198177677,5.17927344782034,5.16941176470588,5.53511584670232,5.81679986168033,235
"234",2021,3,5.80739130434783,23,5.91571428571429,5.63888888888889,3,7,5.75318181818182,14,9,2,1,22,2536,1770,766,257,562,1974,5.75440194006309,6.00096232768362,5.18467362924282,5.15252918287938,5.53772240213523,5.81609084599797,236
"235",2021,4,7,12,7,7,NA,7.5,6.9,9,3,0,2,10,2548,1779,769,257,564,1984,5.76026817896389,6.0060164811692,5.191755526658,5.15252918287938,5.54468083333333,5.82155409778226,237
"236",2021,5,6.26923076923077,13,6.92857142857143,5.5,6,7,6.20833333333333,7,6,2,1,12,2561,1786,775,259,565,1996,5.76285174541195,6.00963231802912,5.19414193548387,5.15907335907336,5.54725661946903,5.82387942384769,238
"237",2021,6,6.05882352941176,17,6.30769230769231,5.25,6,5.5,6.13333333333333,13,4,3,2,15,2578,1799,779,262,567,2011,5.76480346004655,6.0117861700945,5.19442875481386,5.16870229007634,5.54708992945326,5.8261876330184,239
"238",2021,7,5.89333333333333,15,5.88571428571429,6,NA,6.16666666666667,5.825,14,1,0,3,12,2593,1813,780,262,570,2023,5.76554698033166,6.01081264202979,5.19546153846154,5.16870229007634,5.55035085964912,5.82618058823529,240
"239",2021,8,6.47,22,6.77833333333333,6.1,NA,4.33333333333333,6.80736842105263,12,10,0,3,19,2615,1825,790,262,573,2042,5.77147354493308,6.01585935342466,5.20691139240506,5.16870229007634,5.54397904013961,5.83531015181195,241
"240",2021,9,5.68421052631579,19,5.76666666666667,5.375,NA,5.5,5.70588235294118,15,4,0,2,17,2634,1840,794,262,575,2059,5.77084408504176,6.01382789130435,5.20775818639799,5.16870229007634,5.54382606956522,5.83424153958232,242
"241",2021,10,6.21875,16,6.90909090909091,4.7,5.5,7,6.10714285714286,11,5,1,2,14,2650,1851,799,263,577,2073,5.77354842264151,6.01914820097245,5.20458072590738,5.16996197718631,5.5488734662045,5.83608457790641,243
"242",2021,11,6.05909090909091,22,6.07222222222222,6,NA,5.66666666666667,6.12105263157895,18,4,0,3,19,2672,1869,803,263,580,2092,5.77589944610778,6.01965934724452,5.20854296388543,5.16996197718631,5.54948274137931,5.83867271988527,244
"243",2021,12,6.22258064516129,31,6.30833333333333,5.92857142857143,5.5,5.875,6.27407407407407,24,7,1,4,27,2703,1893,810,264,584,2119,5.78102231594524,6.02331923930269,5.21476543209877,5.17121212121212,5.55171231164384,5.84422054270882,245
"244",2022,1,5.72333333333333,27,6.10684210526316,4.8125,4,5.5,5.7412,19,8,1,2,25,2730,1912,818,265,586,2144,5.78045176556776,6.02414922594142,5.21083129584352,5.16679245283019,5.55153581911263,5.84301927705224,246
"245",2022,2,5.64962944444444,18,6.3077775,4.33333333333333,4.33333333333333,5.5,5.668333125,12,6,3,2,16,2748,1924,824,268,588,2160,5.77959485080058,6.02591821725572,5.20444174757282,5.15746268656717,5.55136052721088,5.84172530555555,247
"246",2022,3,6.45294117647059,17,6.77,6,7,6.25,6.51538461538462,10,7,1,4,13,2765,1934,831,269,592,2173,5.78373477396021,6.02976558945191,5.2111432009627,5.16431226765799,5.55608106418919,5.84575548090198,248
"247",2022,4,6.575,12,6.87777777777778,5.66666666666667,NA,NA,6.575,9,3,0,0,12,2777,1943,834,269,592,2185,5.78715399711919,6.03369359238291,5.21278177458034,5.16431226765799,5.55608106418919,5.84976048512586,249
"248",2022,5,6.35294117647059,17,6.76923076923077,5,5.5,5.875,6.5,13,4,1,4,13,2794,1956,838,270,596,2198,5.79059651037938,6.03858213190184,5.2117661097852,5.16555555555556,5.55822145973154,5.85360630573248,250
"249",2022,6,6.29,10,6,6.58,NA,NA,6.29,5,5,0,0,10,2804,1961,843,270,596,2208,5.79237754992867,6.03848375828659,5.21988137603796,5.16555555555556,5.55822145973154,5.85558272644927,251
"250",2022,7,6.235,20,6.38,5.8,7,NA,6.235,15,5,1,0,20,2824,1976,848,271,596,2228,5.79551226983003,6.04107623987854,5.22330188679245,5.17232472324723,5.55822145973154,5.85898862657091,252
"251",2022,8,6.43814814814815,27,6.851875,5.83636363636364,6,6.25,6.47086956521739,16,11,2,4,23,2851,1992,859,273,600,2251,5.8015982637671,6.04758867971888,5.23115250291036,5.17838827838828,5.56283331666667,5.86524063083074,253
"252",2022,9,5.675,12,6.38333333333333,4.96666666666667,6,NA,5.675,6,6,1,0,12,2863,1998,865,274,600,2263,5.80106763884038,6.04859692192192,5.22931791907514,5.18138686131387,5.56283331666667,5.8642318426867,254
"253",2022,10,6.28571428571429,14,6.63636363636364,5,7,6.4,6.22222222222222,11,3,1,5,9,2877,2009,868,275,605,2272,5.80342601668404,6.05181515679442,5.22852534562212,5.188,5.56975204958678,5.86564993838028,255
"254",2022,11,6.09565217391304,23,7,5.10909090909091,4.1,8.5,5.86666666666667,12,11,2,2,21,2900,2021,879,277,607,2293,5.80574367241379,6.05744515091539,5.22703071672355,5.18014440433213,5.57940690280066,5.86565924989097,256
"255",2022,12,6.23571428571429,35,6.48958333333333,5.68181818181818,3,6,6.25,24,11,1,2,33,2935,2045,890,278,609,2326,5.81087109028961,6.0625166992665,5.23265168539326,5.17230215827338,5.58078816091954,5.87111206362855,257
