"","year","month","avg_rating","no_ratings","avg_rating_owned","avg_rating_not_owned","avg_rating_prev_owned","avg_rating_comment","avg_rating_no_comment","no_ratings_owned","no_ratings_not_owned","no_ratings_prev_owned","no_ratings_comment","no_ratings_no_comment","cum_no_ratings","cum_no_ratings_owned","cum_no_ratings_not_owned","cum_no_ratings_prev_owned","cum_no_ratings_comment","cum_no_ratings_no_comment","cum_avg_rating","cum_avg_rating_owned","cum_avg_rating_not_owned","cum_avg_rating_prev_owned","cum_avg_rating_comment","cum_avg_rating_no_comment","month_after_release"
"1",2011,4,7.25161290322581,31,7.975,6.79473684210526,7.55,6.25,7.32068965517241,12,19,2,2,29,31,12,19,2,2,29,7.25161290322581,7.975,6.79473684210526,7.55,6.25,7.32068965517241,0
"2",2011,5,7.0925,40,7.88235294117647,6.50869565217391,7,7.75555555555556,6.9,17,23,1,9,31,71,29,42,3,11,60,7.16197183098592,7.92068965517241,6.63809523809524,7.36666666666667,7.48181818181818,7.10333333333333,1
"3",2011,6,7.13518518518519,54,7.97916666666667,6.89404761904762,7.04285714285714,6.775,7.28684210526316,12,42,7,16,38,125,41,84,10,27,98,7.1504,7.93780487804878,6.76607142857143,7.14,7.06296296296296,7.17448979591837,2
"4",2011,7,7.1875,32,7.61333333333333,6.81176470588235,7,7,7.22222222222222,15,17,3,5,27,157,56,101,13,32,125,7.15796178343949,7.85089285714286,6.77376237623762,7.10769230769231,7.053125,7.1848,3
"5",2011,8,6.94634146341463,41,7.63846153846154,6.625,7.66666666666667,7.6,6.73548387096774,13,28,6,10,31,198,69,129,19,42,156,7.11414141414141,7.81086956521739,6.74147286821705,7.28421052631579,7.18333333333333,7.09551282051282,4
"6",2011,9,7.02,45,7.80833333333333,6.73333333333333,7.5,6.91,7.05142857142857,12,33,6,10,35,243,81,162,25,52,191,7.09670781893004,7.81049382716049,6.73981481481481,7.336,7.13076923076923,7.08743455497382,5
"7",2011,10,7.10350877192982,57,7.625,6.82162162162162,7.6,6.82142857142857,7.1953488372093,20,37,9,14,43,300,101,199,34,66,234,7.098,7.77376237623762,6.75502512562814,7.40588235294118,7.06515151515151,7.10726495726496,6
"8",2011,11,6.89354838709677,62,7.94210526315789,6.43023255813953,7.3,6.06,7.05384615384615,19,43,6,10,52,362,120,242,40,76,286,7.06298342541437,7.80041666666667,6.69731404958678,7.39,6.9328947368421,7.09755244755245,7
"9",2011,12,7.35111111111111,45,7.89473684210526,6.95384615384615,7.3,7.375,7.34242424242424,19,26,6,12,33,407,139,268,46,88,319,7.0948402948403,7.81330935251799,6.72220149253731,7.37826086956522,6.99318181818182,7.12288401253918,8
"10",2012,1,7.61794871794872,39,8.00769230769231,7.42307692307692,7.71666666666667,7.64,7.61470588235294,13,26,6,5,34,446,152,294,52,93,353,7.14058295964126,7.82993421052632,6.78418367346939,7.41730769230769,7.02795698924731,7.17025495750708,9
"11",2012,2,7.3775,40,8.1625,6.85416666666667,7.07142857142857,7.25714285714286,7.4030303030303,16,24,7,7,33,486,168,318,59,100,386,7.16008230452675,7.86160714285714,6.78946540880503,7.37627118644068,7.044,7.19015544041451,10
"12",2012,3,7.36714285714286,35,7.85714285714286,7.04047619047619,7.25,7.21875,7.41111111111111,14,21,2,8,27,521,182,339,61,108,413,7.17399232245681,7.86126373626374,6.80501474926254,7.37213114754098,7.05694444444444,7.2046004842615,11
"13",2012,4,7.47222222222222,27,7.925,7.20588235294118,7.33333333333333,7.5,7.46428571428571,10,17,3,6,21,548,192,356,64,114,434,7.18868613138686,7.86458333333333,6.82415730337079,7.3703125,7.08026315789474,7.21716589861751,12
"14",2012,5,6.97205882352941,34,7.26785714285714,6.765,6.83333333333333,6.55,7.0625,14,20,3,6,28,582,206,376,67,120,462,7.17603092783505,7.82402912621359,6.82101063829787,7.34626865671642,7.05375,7.20779220779221,13
"15",2012,6,7.30925925925926,27,7.56666666666667,7.18055555555556,7,7.58333333333333,7.23095238095238,9,18,4,6,21,609,215,394,71,126,483,7.18193760262726,7.81325581395349,6.83743654822335,7.32676056338028,7.07896825396825,7.20879917184265,14
"16",2012,7,7.21344827586207,29,7.5,7.03833333333333,7,6.7375,7.3947619047619,11,18,2,8,21,638,226,412,73,134,504,7.18336990595611,7.79800884955752,6.84621359223301,7.31780821917808,7.05858208955224,7.21654761904762,15
"17",2012,8,7.25333333333333,30,7.86363636363636,6.9,7,6.6875,7.45909090909091,11,19,1,8,22,668,237,431,74,142,526,7.1865119760479,7.80105485232068,6.84858468677494,7.31351351351351,7.03767605633803,7.22669201520913,16
"18",2012,9,7.17272727272727,22,8.08888888888889,6.53846153846154,7.66666666666667,7.08333333333333,7.20625,9,13,3,6,16,690,246,444,77,148,542,7.18607246376812,7.81158536585366,6.8395045045045,7.32727272727273,7.03952702702703,7.22608856088561,17
"19",2012,10,7.22333333333333,30,7.325,7.10714285714286,7,7.56666666666667,7.18518518518519,16,14,2,3,27,720,262,458,79,151,569,7.187625,7.78187022900763,6.84768558951965,7.31898734177215,7.05,7.22414762741652,18
"20",2012,11,7.41891891891892,37,7.97058823529412,6.95,7.5,7.11111111111111,7.51785714285714,17,20,4,9,28,757,279,478,83,160,597,7.19892998678996,7.79336917562724,6.85196652719665,7.32771084337349,7.0534375,7.2379229480737,19
"21",2012,12,7.3921875,32,7.70833333333333,7.2025,7.54166666666667,7.21428571428571,7.442,12,20,6,7,25,789,291,498,89,167,622,7.2067680608365,7.78986254295533,6.86604417670683,7.34213483146067,7.06017964071856,7.24612540192926,20
"22",2013,1,7.08369565217391,46,7.66428571428571,6.8296875,7.41666666666667,7.32142857142857,7.04102564102564,14,32,6,7,39,835,305,530,95,174,661,7.1999880239521,7.78409836065574,6.86384905660378,7.34684210526316,7.07068965517241,7.23402420574887,21
"23",2013,2,7.3075,20,7.37142857142857,7.27307692307692,7.83333333333333,7.875,7.165625,7,13,3,4,16,855,312,543,98,178,677,7.20250292397661,7.77483974358974,6.87364640883978,7.36173469387755,7.08876404494382,7.23240768094535,22
"24",2013,3,7.16612903225806,31,7.36363636363636,7.0575,7.03,7,7.19074074074074,11,20,5,4,27,886,323,563,103,182,704,7.201230248307,7.76083591331269,6.88017761989343,7.34563106796117,7.08681318681319,7.23080965909091,23
"25",2013,4,6.92272727272727,22,7.18571428571429,6.8,7.5,7.16666666666667,6.88421052631579,7,15,2,3,19,908,330,578,105,185,723,7.19448237885463,7.74863636363636,6.87809688581315,7.34857142857143,7.08810810810811,7.22170124481328,24
"26",2013,5,7.14384615384615,26,7.94545454545455,6.556,6.75,7.188,7.13333333333333,11,15,2,5,21,934,341,593,107,190,744,7.19307280513919,7.7549853372434,6.86994940978078,7.33738317757009,7.09073684210526,7.21920698924731,25
"27",2013,6,7.01333333333333,15,7.875,6.7,7.05,8,6.94285714285714,4,11,4,1,14,949,345,604,111,191,758,7.19023182297155,7.7563768115942,6.86685430463576,7.32702702702703,7.09549738219895,7.21410290237467,26
"28",2013,7,6.89285714285714,14,7.25,6.625,NA,7.75,6.75,6,8,0,2,12,963,351,612,111,193,770,7.18590861889927,7.7477207977208,6.86369281045752,7.32702702702703,7.10227979274611,7.20687012987013,27
"29",2013,8,7.36111111111111,27,8.13636363636364,6.828125,7.375,7.91666666666667,7.20238095238095,11,16,4,6,21,990,362,628,115,199,791,7.19068686868687,7.75953038674033,6.86278662420382,7.32869565217391,7.12683417085427,7.20675094816688,28
"30",2013,9,6.75555555555556,18,7.56666666666667,6.59333333333333,6.375,6.64,6.8,3,15,4,5,13,1008,365,643,119,204,804,7.18291666666667,7.75794520547945,6.85650077760498,7.29663865546219,7.11490196078431,7.20017412935323,29
"31",2013,10,7.19318181818182,22,7.35,7.0625,7.125,7.16666666666667,7.19736842105263,10,12,4,3,19,1030,375,655,123,207,823,7.1831359223301,7.74706666666667,6.86027480916031,7.29105691056911,7.11565217391304,7.20010935601458,30
"32",2013,11,6.98783783783784,37,7.75,6.622,6.93333333333333,7,6.9875,12,25,3,1,36,1067,387,680,126,208,859,7.17636363636364,7.74715762273902,6.85151470588235,7.28253968253968,7.11509615384615,7.19119906868452,31
"33",2013,12,6.94090909090909,22,7.07142857142857,6.88,7.83333333333333,7.25,6.87222222222222,7,15,3,4,18,1089,394,695,129,212,877,7.17160697887971,7.73515228426396,6.85212949640288,7.2953488372093,7.11764150943396,7.18465222348917,32
"34",2014,1,7.30151515151515,33,7.52058823529412,7.06875,7,7.0625,7.33448275862069,17,16,3,4,29,1122,411,711,132,216,906,7.17542780748663,7.72627737226277,6.85700421940928,7.28863636363636,7.11662037037037,7.18944812362031,33
"35",2014,2,7.47777777777778,18,8.91666666666667,7.19,7.5,7.65,7.42857142857143,3,15,3,4,14,1140,414,726,135,220,920,7.18020175438597,7.73490338164251,6.86388429752066,7.29333333333333,7.12631818181818,7.19308695652174,34
"36",2014,3,7.22631578947368,19,7.70909090909091,6.5625,6.625,6.125,7.52,11,8,4,4,15,1159,425,734,139,224,935,7.18095772217429,7.73423529411765,6.86059945504087,7.27410071942446,7.1084375,7.19833155080214,35
"37",2014,4,7.13611111111111,18,7.425,7.05357142857143,6.66666666666667,7.24,7.09615384615385,4,14,3,5,13,1177,429,748,142,229,948,7.18027187765506,7.73135198135198,6.86421122994653,7.2612676056338,7.11131004366812,7.19693037974683,36
"38",2014,5,7.57894736842105,19,8.0625,7.22727272727273,7.625,7,7.6875,8,11,2,3,16,1196,437,759,144,232,964,7.18660535117057,7.73741418764302,6.86947299077734,7.26631944444444,7.10987068965517,7.20507261410788,37
"39",2014,6,7.08125,16,7.91666666666667,6.58,7,7.5,7.02142857142857,6,10,3,2,14,1212,443,769,147,234,978,7.18521452145214,7.73984198645598,6.86570871261379,7.2608843537415,7.11320512820513,7.20244376278119,38
"40",2014,7,7.43846153846154,13,8.02857142857143,6.75,7.5,9.7,7.25,7,6,1,1,12,1225,450,775,148,235,990,7.18790204081633,7.74433333333333,6.86481290322581,7.2625,7.12421276595745,7.2030202020202,39
"41",2014,8,7.35,14,7.8,6.75,6.625,7.75,7.28333333333333,8,6,4,2,12,1239,458,781,152,237,1002,7.18973365617433,7.74530567685589,6.86393085787452,7.24572368421053,7.12949367088608,7.20398203592814,40
"42",2014,9,6.62894736842105,19,7.08333333333333,6.41923076923077,NA,6,6.70294117647059,6,13,0,2,17,1258,464,794,152,239,1019,7.18126391096979,7.73674568965517,6.85664987405542,7.24572368421053,7.12004184100418,7.19562315996075,41
"43",2014,10,6.89722222222222,18,7.5,6.66538461538462,6.875,6.25,6.978125,5,13,2,2,16,1276,469,807,154,241,1035,7.17725705329154,7.73422174840085,6.8535687732342,7.24090909090909,7.11282157676349,7.19226086956522,42
"44",2014,11,7.38269230769231,26,7.62083333333333,7.17857142857143,7.5,6.83333333333333,7.5475,12,14,2,6,20,1302,481,821,156,247,1055,7.18135944700461,7.73139293139293,6.85911084043849,7.24423076923077,7.10603238866397,7.19899526066351,43
"45",2014,12,6.87837837837838,37,7.5,6.45454545454545,6.7,7.16666666666667,6.85294117647059,15,22,10,3,34,1339,496,843,166,250,1089,7.17298730395818,7.72439516129032,6.84855278766311,7.21144578313253,7.10676,7.18819100091827,44
"46",2015,1,7.39583333333333,24,8.16666666666667,6.625,7.16666666666667,6.42857142857143,7.79411764705882,12,12,3,7,17,1363,508,855,169,257,1106,7.17691122523845,7.73484251968504,6.84541520467836,7.21065088757396,7.08828793774319,7.19750452079566,45
"47",2015,2,7.12173913043478,23,7.54545454545455,6.73333333333333,6.75,7.5,7.065,11,12,2,3,20,1386,519,867,171,260,1126,7.17599567099567,7.73082851637765,6.84386389850058,7.20526315789474,7.09303846153846,7.19515097690941,46
"48",2015,3,6.74375,32,7.50909090909091,6.34285714285714,7.33333333333333,7.25,6.67142857142857,11,21,3,4,28,1418,530,888,174,264,1154,7.16624118476728,7.72622641509434,6.83201576576577,7.20747126436782,7.09541666666667,7.18244367417678,47
"49",2015,4,7.29090909090909,22,7.76666666666667,6.96153846153846,7,7,7.32,9,13,2,2,20,1440,539,901,176,266,1174,7.16814583333333,7.72690166975881,6.833884572697,7.20511363636364,7.0946992481203,7.1847870528109,48
"50",2015,5,7.0625,20,7.5,6.953125,6.8,6.8125,7.125,4,16,5,4,16,1460,543,917,181,270,1190,7.16669863013699,7.72523020257827,6.83596510359869,7.1939226519337,7.09051851851852,7.18398319327731,49
"51",2015,6,7.31818181818182,11,8.75,6.5,6,7.5,7.27777777777778,4,7,2,2,9,1471,547,924,183,272,1199,7.16783140720598,7.7327239488117,6.83341991341991,7.18087431693989,7.09352941176471,7.18468723936614,50
"52",2015,7,7.52666666666667,15,7.91666666666667,7.26666666666667,7.8,7.75,7.49230769230769,6,9,2,2,13,1486,553,933,185,274,1212,7.1714535666218,7.73471971066908,6.83759914255091,7.18756756756757,7.09832116788321,7.18798679867987,51
"53",2015,8,7.579375,16,7.777,7.25,7.25,7.75,7.555,10,6,2,2,14,1502,563,939,187,276,1226,7.17579893475366,7.73547069271758,6.84023429179979,7.18823529411765,7.10304347826087,7.19217781402936,52
"54",2015,9,7.875,16,8.1,7.7,7.575,8.4,7.8,7,9,4,2,14,1518,570,948,191,278,1240,7.18316864295125,7.73994736842105,6.84839662447257,7.19633507853403,7.11237410071942,7.19904032258064,53
"55",2015,10,7.28666666666667,15,7.66,7.1,7.625,7.5,7.25384615384615,5,10,4,2,13,1533,575,958,195,280,1253,7.18418134377038,7.73925217391304,6.8510229645094,7.2051282051282,7.11514285714286,7.19960893854748,54
"56",2015,11,6.87916666666667,24,7.7,6.38666666666667,5.84,4,7.00434782608696,9,15,5,1,23,1557,584,973,200,281,1276,7.17947976878613,7.73864726027397,6.84386433710175,7.171,7.10405693950178,7.19608934169279,55
"57",2015,12,6.82105263157895,19,7.5125,6.31818181818182,7.33333333333333,4.5,7.09411764705882,8,11,3,2,17,1576,592,984,203,283,1293,7.17515862944162,7.73559121621622,6.83798780487805,7.17339901477832,7.08565371024735,7.19474864655839,56
"58",2016,1,7.07878787878788,33,7.81875,6.38235294117647,6.5,7.3,7.03928571428571,16,17,2,5,28,1609,608,1001,205,288,1321,7.17318210068365,7.73777960526316,6.83024975024975,7.16682926829268,7.089375,7.19145344436033,57
"59",2016,2,6.92272727272727,11,7.6,6.53571428571429,7.5,6.4,7.55,4,7,3,6,5,1620,612,1008,208,294,1326,7.17148148148148,7.73687908496732,6.82820436507937,7.17163461538461,7.07530612244898,7.19280542986425,58
"60",2016,3,7.13157894736842,19,7.44444444444444,6.85,7,7,7.14705882352941,9,10,1,2,17,1639,621,1018,209,296,1343,7.17101891397193,7.73264090177134,6.8284184675835,7.17081339712919,7.0747972972973,7.19222635889799,59
"61",2016,4,7.315,20,7.48181818181818,7.11111111111111,7,8.66666666666667,7.07647058823529,11,9,1,3,17,1659,632,1027,210,299,1360,7.17275467148885,7.7282753164557,6.83089581304771,7.17,7.09076923076923,7.19077941176471,60
"62",2016,5,7.36428571428571,14,7.66666666666667,7.1375,NA,7,7.39230769230769,6,8,0,1,13,1673,638,1035,210,300,1373,7.17435744172146,7.72769592476489,6.83326570048309,7.17,7.09046666666667,7.19268754552076,61
"63",2016,6,7.428,25,7.80833333333333,7.07692307692308,6.75,7.07142857142857,7.56666666666667,12,13,4,7,18,1698,650,1048,214,307,1391,7.17809187279152,7.72918461538462,6.83628816793893,7.16214953271028,7.0900325732899,7.19752695902229,62
"64",2016,7,7.23888888888889,18,8.13333333333333,7.06,NA,6.78333333333333,7.46666666666667,3,15,0,6,12,1716,653,1063,214,313,1403,7.1787296037296,7.73104134762634,6.83944496707432,7.16214953271028,7.08415335463259,7.19982893799002,63
"65",2016,8,6.97916666666667,12,7.5,6.45833333333333,7,7,6.97727272727273,6,6,1,1,11,1728,659,1069,215,314,1414,7.17734375,7.728937784522,6.83730589335828,7.16139534883721,7.08388535031847,7.19809759547383,64
"66",2016,9,7.06666666666667,15,7.5,6.90909090909091,7,6.33333333333333,7.25,4,11,2,3,12,1743,663,1080,217,317,1426,7.17639127940333,7.72755656108597,6.83803703703704,7.15990783410138,7.07678233438486,7.19853436185133,65
"67",2016,10,7.19047619047619,21,7.94444444444444,6.625,6,8.83333333333333,6.91666666666667,9,12,2,3,18,1764,672,1092,219,320,1444,7.1765589569161,7.73046130952381,6.83569597069597,7.14931506849315,7.09325,7.19502077562327,66
"68",2016,11,7.31,20,7.27777777777778,7.33636363636364,7.5,7,7.34444444444444,9,11,1,2,18,1784,681,1103,220,322,1462,7.17805493273543,7.72447870778267,6.84068902991841,7.15090909090909,7.09267080745342,7.19686046511628,67
"69",2016,12,6.55333333333333,15,7.21428571428571,5.975,4.5,7,6.48461538461538,7,8,2,2,13,1799,688,1111,222,324,1475,7.17284602556976,7.71928779069767,6.83445544554456,7.12702702702703,7.0920987654321,7.19058305084746,68
"70",2017,1,7.5828,25,8.01923076923077,7.11,4,9.16,7.44565217391304,13,12,1,2,23,1824,701,1123,223,326,1498,7.1784649122807,7.72485021398003,6.83739982190561,7.11300448430493,7.10478527607362,7.19449933244326,69
"71",2017,2,7.3425,20,7.5,7.275,7.4625,7,7.36052631578947,6,14,4,1,19,1844,707,1137,227,327,1517,7.18024403470716,7.72294200848656,6.84278803869833,7.11916299559471,7.10446483180428,7.19657877389585,70
"72",2017,3,6.61818181818182,11,7.05,6.1,5,7,6.58,6,5,2,1,10,1855,713,1142,229,328,1527,7.17691105121294,7.71727910238429,6.83953590192645,7.10065502183406,7.10414634146341,7.19254092992796,71
"73",2017,4,7.22666666666667,15,7.73333333333333,6.88888888888889,7.75,7.5,7.18461538461538,6,9,2,2,13,1870,719,1151,231,330,1540,7.17731016042781,7.71741307371349,6.83992180712424,7.10627705627706,7.10654545454545,7.19247402597403,72
"74",2017,5,6.74545454545455,11,7.5,6.57777777777778,7.35,NA,6.74545454545455,2,9,2,0,11,1881,721,1160,233,330,1551,7.17478468899521,7.71680998613037,6.83788793103448,7.10836909871245,7.10654545454545,7.18930367504836,73
"75",2017,6,7.25,8,7.83333333333333,6.9,6,6,7.42857142857143,3,5,1,1,7,1889,724,1165,234,331,1558,7.17510322922181,7.71729281767956,6.83815450643777,7.10363247863248,7.10320241691843,7.19037869062901,74
"76",2017,7,6.91176470588235,17,7.11666666666667,6.8,6,7,6.89285714285714,6,11,1,3,14,1906,730,1176,235,334,1572,7.17275445960126,7.71235616438356,6.83779761904762,7.09893617021276,7.1022754491018,7.18772900763359,75
"77",2017,8,7.11352941176471,17,7.49,6.85,6.7,6.66666666666667,7.20928571428571,7,10,5,3,14,1923,737,1186,240,337,1586,7.17223088923557,7.71024423337856,6.83790050590219,7.090625,7.09839762611276,7.18791929382093,76
"78",2017,9,7.52,15,7.65,7.43333333333333,6.83333333333333,7.3,7.575,6,9,3,3,12,1938,743,1195,243,340,1598,7.17492260061919,7.70975773889637,6.84238493723849,7.08744855967078,7.10017647058824,7.19082603254068,77
"79",2017,10,6.82875,20,7.621875,6.3,7.3,4.83333333333333,7.18088235294118,8,12,1,3,17,1958,751,1207,244,343,1615,7.17138661899898,7.70882157123835,6.83699254349627,7.08831967213115,7.08034985422741,7.1907213622291,78
"80",2017,11,7.3,12,7.78333333333333,6.81666666666667,7.5,NA,7.3,6,6,3,0,12,1970,757,1213,247,343,1627,7.17217005076142,7.70941215323646,6.83689200329761,7.09331983805668,7.08034985422741,7.19152735095267,79
"81",2017,12,7.428125,16,7.75,7.28181818181818,7,7.41666666666667,7.43076923076923,5,11,3,3,13,1986,762,1224,250,346,1640,7.17423212487412,7.70967847769029,6.84089052287582,7.0922,7.08326589595376,7.19342378048781,80
"82",2018,1,7.2875,20,7.64583333333333,6.75,7,6,7.35526315789474,12,8,2,1,19,2006,774,1232,252,347,1659,7.17536141575274,7.70868863049096,6.84030032467532,7.09146825396825,7.08014409221902,7.19527727546715,81
"83",2018,2,6.95555555555556,9,8.2,6.33333333333333,6.83333333333333,9.1,6.6875,3,6,3,1,8,2015,777,1238,255,348,1667,7.17437965260546,7.71058558558559,6.83784329563813,7.08843137254902,7.08594827586207,7.19284043191362,82
"84",2018,3,7.16904761904762,21,7.775,6.61818181818182,6.5,6.875,7.23823529411765,10,11,2,4,17,2036,787,1249,257,352,1684,7.17432465618861,7.7114040660737,6.83590872698159,7.08385214007782,7.08355113636364,7.1932986935867,83
"85",2018,4,7.07,10,7.7,6.125,NA,6.5,7.13333333333333,6,4,0,1,9,2046,793,1253,257,353,1693,7.17381476050831,7.71131778058008,6.83363926576217,7.08385214007782,7.08189801699717,7.19297991730656,84
"86",2018,5,6.92307692307692,13,7.5,6.81818181818182,7.5,7.66666666666667,6.7,2,11,2,3,10,2059,795,1264,259,356,1703,7.17223166585721,7.71078616352201,6.83350474683544,7.08706563706564,7.08682584269663,7.19008514386377,85
"87",2018,6,7.00833333333333,12,7.7,6.31666666666667,6.7,7.3,6.95,6,6,2,2,10,2071,801,1270,261,358,1713,7.17128198937711,7.71070536828964,6.83106299212598,7.08409961685824,7.08801675977654,7.18868359603036,86
"88",2018,7,7.31818181818182,11,8,6.75,8,NA,7.31818181818182,5,6,2,0,11,2082,806,1276,263,358,1724,7.172058117195,7.7125,6.83068181818182,7.09106463878327,7.08801675977654,7.18950986078886,87
"89",2018,8,6.850625,16,7.28571428571429,6.51222222222222,6,7,6.82928571428571,7,9,2,2,14,2098,813,1285,265,360,1738,7.16960676835081,7.70882533825338,6.8284513618677,7.08283018867924,7.08752777777778,7.1866081703107,88
"90",2018,9,7.35714285714286,7,8.16666666666667,6.75,6.5,NA,7.35714285714286,3,4,2,0,7,2105,816,1289,267,360,1745,7.17023040380048,7.71050857843137,6.82820791311094,7.07846441947565,7.08752777777778,7.18729226361032,89
"91",2018,10,7.25,16,7.41666666666667,7.15,7,7,7.28571428571429,6,10,3,2,14,2121,822,1299,270,362,1759,7.17083215464404,7.70836374695864,6.83068514241724,7.07759259259259,7.08704419889503,7.1880756111427,90
"92",2018,11,7.64375,16,8.58333333333333,7.08,6.75,7,7.79230769230769,6,10,2,3,13,2137,828,1309,272,365,1772,7.17437295273748,7.71470410628019,6.832589763178,7.07518382352941,7.08632876712329,7.19250846501129,91
"93",2018,12,7.05333333333333,15,8.13333333333333,6.33333333333333,7,NA,7.05333333333333,6,9,1,0,15,2152,834,1318,273,365,1787,7.17352927509294,7.71771582733813,6.82918057663126,7.07490842490842,7.08632876712329,7.19134023503078,92
"94",2019,1,7.21428571428571,14,7.78571428571429,6.64285714285714,6.5,7.16666666666667,7.22727272727273,7,7,2,3,11,2166,841,1325,275,368,1798,7.17379270544783,7.71828180737218,6.82819622641509,7.07072727272727,7.08698369565217,7.19156006674082,93
"95",2019,2,7.334,20,7.3125,7.34833333333333,7.5,7.5,7.27866666666667,8,12,1,5,15,2186,849,1337,276,373,1813,7.17525846294602,7.7144581861013,6.83286462228871,7.07228260869565,7.09252010723861,7.19228075013789,94
"96",2019,3,7.125,12,8,6.83333333333333,7,7.5,7.05,3,9,3,2,10,2198,852,1346,279,375,1823,7.17498407643312,7.71546361502347,6.83286775631501,7.07150537634408,7.09469333333333,7.19150027427318,95
"97",2019,4,7.25454545454545,11,7.2,7.26666666666667,6.75,6,7.38,2,9,2,1,10,2209,854,1355,281,376,1833,7.17538026256225,7.71425644028103,6.83574907749077,7.06921708185053,7.09178191489362,7.1925286415712,96
"98",2019,5,7.27777777777778,9,8,7.07142857142857,7.75,7,7.35714285714286,2,7,2,2,7,2218,856,1362,283,378,1840,7.1757957619477,7.71492406542056,6.83696035242291,7.07402826855124,7.0912962962963,7.19315489130435,97
"99",2019,6,6.25,6,6.875,5,5,NA,6.25,4,2,2,0,6,2224,860,1364,285,378,1846,7.17329811151079,7.71101744186046,6.83426686217009,7.05947368421053,7.0912962962963,7.19008938244854,98
"100",2019,7,7.37,10,7.6,7.14,NA,NA,7.37,5,5,0,0,10,2234,865,1369,285,378,1856,7.17417860340197,7.71037572254335,6.83538349159971,7.05947368421053,7.0912962962963,7.19105872844828,99
"101",2019,8,7.125,12,7.5,6.75,7.125,7.25,7.1,6,6,4,2,10,2246,871,1375,289,380,1866,7.17391585040071,7.70892652123995,6.83501090909091,7.06038062283737,7.09213157894737,7.19057073954984,100
"102",2019,9,6.92857142857143,7,7.66666666666667,6.375,7,7,6.91666666666667,3,4,1,1,6,2253,874,1379,290,381,1872,7.17315357301376,7.70878146453089,6.83367657722988,7.0601724137931,7.09188976377953,7.18969284188034,101
"103",2019,10,6.7,8,7.8,6.04,4.25,4.5,7.43333333333333,3,5,2,2,6,2261,877,1384,292,383,1878,7.17147943387882,7.70909350057012,6.83080924855491,7.04092465753425,7.07835509138381,7.19047124600639,102
"104",2019,11,7.18038461538462,13,7.88,6.743125,7.5,6.6,7.3545,5,8,1,3,10,2274,882,1392,293,386,1888,7.17153034300792,7.71006235827664,6.83030531609195,7.04249146757679,7.07463730569948,7.19134004237288,103
"105",2019,12,7.28571428571429,7,7.33333333333333,7.25,7,NA,7.28571428571429,3,4,1,0,7,2281,885,1396,294,386,1895,7.17188075405524,7.70878531073446,6.83150787965616,7.04234693877551,7.07463730569948,7.19168865435356,104
"106",2020,1,7.21875,16,7.6,6.92222222222222,6.5,7.3,7.20714285714286,7,9,2,2,14,2297,892,1405,296,388,1909,7.17220722681759,7.70793161434977,6.83208896797153,7.03868243243243,7.07579896907216,7.19180199057098,105
"107",2020,2,6.92727272727273,11,7.4,6.53333333333333,8,NA,6.92727272727273,5,6,1,0,11,2308,897,1411,297,388,1920,7.17103986135182,7.70621516164994,6.83081856839121,7.04191919191919,7.07579896907216,7.19028645833333,106
"108",2020,3,7.45,4,8,7.26666666666667,NA,NA,7.45,1,3,0,0,4,2312,898,1414,297,388,1924,7.17152249134948,7.70654231625835,6.831743281471,7.04191919191919,7.07579896907216,7.1908264033264,107
"109",2020,4,6.825,12,7.3125,5.85,2,6,6.9,8,4,1,1,11,2324,906,1418,298,389,1935,7.16973321858864,7.70306291390728,6.82897390691114,7.025,7.07303341902314,7.18917312661499,108
"110",2020,5,8.105,10,8.3,7.8125,6.75,7.75,8.25714285714286,6,4,1,3,7,2334,912,1422,299,392,1942,7.17374035989717,7.70699013157895,6.83174050632911,7.02408026755853,7.07821428571429,7.19302265705458,109
"111",2020,6,7.11111111111111,9,7.66666666666667,6.83333333333333,7,7,7.14285714285714,3,6,1,2,7,2343,915,1428,300,394,1949,7.17349978659838,7.70685792349727,6.83174719887955,7.024,7.07781725888325,7.19284248332478,110
"112",2020,7,6.5,7,NA,6.5,6.5,6.5,6.5,0,7,2,2,5,2350,915,1435,302,396,1954,7.17149361702128,7.70685792349727,6.83012891986063,7.0205298013245,7.07489898989899,7.19106960081883,111
"113",2020,8,7.16666666666667,9,7,7.21428571428571,6.66666666666667,NA,7.16666666666667,2,7,3,0,9,2359,917,1442,305,396,1963,7.17147520135651,7.70531624863686,6.83199375866852,7.01704918032787,7.07489898989899,7.19095771777891,112
"114",2020,9,7.46538461538462,13,7.75,7.13333333333333,6.93333333333333,6.4,7.65909090909091,7,6,3,2,11,2372,924,1448,308,398,1974,7.17308600337268,7.70565476190476,6.83324240331492,7.01623376623377,7.07150753768844,7.1935663627153,113
"115",2020,10,7.1,11,7.425,6.91428571428571,NA,6.85,7.15555555555556,4,7,0,2,9,2383,928,1455,308,400,1983,7.17274863617289,7.70444504310345,6.8336323024055,7.01623376623377,7.0704,7.1933938477055,114
"116",2020,11,7.35789473684211,19,7.40909090909091,7.2875,7.66666666666667,7,7.45333333333333,11,8,3,4,15,2402,939,1463,311,404,1998,7.17421315570358,7.70098509052183,6.83611414900888,7.02250803858521,7.06970297029703,7.19534534534534,115
"117",2020,12,7.14285714285714,7,8.5,6.125,6,6.5,7.25,3,4,1,1,6,2409,942,1467,312,405,2004,7.17412204234122,7.70352972399151,6.83417518745739,7.01923076923077,7.0682962962963,7.19550898203593,116
"118",2021,1,6.37272727272727,11,6,6.5125,7.5,6,6.41,3,8,3,1,10,2420,945,1475,315,406,2014,7.17047933884297,7.69812169312169,6.83243050847457,7.02380952380952,7.06566502463054,7.1916087388282,117
"119",2021,2,7.49,10,7.9,6.875,6,6.83333333333333,7.77142857142857,6,4,1,3,7,2430,951,1479,316,409,2021,7.17179423868313,7.69939537329127,6.83254563894523,7.02056962025316,7.0639608801956,7.1936170212766,118
"120",2021,3,7.22625,8,8.27,6.6,4,7.93666666666667,6.8,3,5,1,3,5,2438,954,1484,317,412,2026,7.17197292863002,7.70118972746331,6.83176212938005,7.01104100946372,7.07031553398058,7.1926456071076,119
"121",2021,4,6.97,10,9,6.4625,NA,7.5,6.8375,2,8,0,2,8,2448,956,1492,317,414,2034,7.17114787581699,7.70390690376569,6.82978217158177,7.01104100946372,7.07239130434783,7.19124877089479,120
"122",2021,5,7.35714285714286,7,7.33333333333333,7.375,8,NA,7.35714285714286,3,4,1,0,7,2455,959,1496,318,414,2041,7.17167820773931,7.70274765380605,6.83123997326203,7.01415094339623,7.07239130434783,7.19181773640372,121
"123",2021,6,7.33333333333333,3,9,6.5,6,NA,7.33333333333333,1,2,1,0,3,2458,960,1498,319,414,2044,7.17187550854353,7.70409895833333,6.83079773030707,7.01097178683386,7.07239130434783,7.19202544031311,122
"124",2021,7,7.39666666666667,9,7.714,7,5,8.835,6.98571428571429,5,4,1,2,7,2467,965,1502,320,416,2051,7.17269558167815,7.70415025906736,6.8312483355526,7.0046875,7.08086538461538,7.19132130667967,123
"125",2021,8,7,11,7.16666666666667,6.9375,7,7.5,6.95,3,8,2,1,10,2478,968,1510,322,417,2061,7.17192897497982,7.70248450413223,6.83181125827814,7.00465838509317,7.08187050359712,7.19015041242116,124
"126",2021,9,5.75,4,8,5,NA,2,7,1,3,0,1,3,2482,969,1513,322,418,2064,7.16963738920226,7.7027915376677,6.82817911434236,7.00465838509317,7.06971291866029,7.18987403100775,125
"127",2021,10,7.35714285714286,7,7.625,7,NA,7.5,7.33333333333333,4,3,0,1,6,2489,973,1516,322,419,2070,7.17016472478907,7.7024717368962,6.8285191292876,7.00465838509317,7.07073985680191,7.19028985507246,126
"128",2021,11,7.46666666666667,15,8.3,7.05,NA,7.125,7.59090909090909,5,10,0,4,11,2504,978,1526,322,423,2081,7.17194089456869,7.70552658486707,6.82997051114023,7.00465838509317,7.07125295508274,7.19240749639596,127
"129",2021,12,6.96,15,6.83333333333333,7.04444444444444,7.5,7.16666666666667,6.90833333333333,6,9,1,3,12,2519,984,1535,323,426,2093,7.17067884080985,7.70020833333333,6.83122801302931,7.0061919504644,7.07192488262911,7.19077878643096,128
"130",2022,1,6.77111764705882,17,6.91666666666667,6.69172727272727,6.5,7.8,6.7068125,6,11,4,1,16,2536,990,1546,327,427,2109,7.16800039432177,7.69545959595959,6.83023544631306,7,7.0736299765808,7.18710715979137,129
"131",2022,2,6.71363636363636,22,7.18888888888889,6.38461538461539,6.5,7.625,6.51111111111111,9,13,2,4,18,2558,999,1559,329,431,2127,7.16409265050821,7.69089589589589,6.82651956382296,6.99696048632219,7.07874709976798,7.18138645980254,130
"132",2022,3,7.18181818181818,11,7.7,6.75,NA,6,7.44444444444444,5,6,0,2,9,2569,1004,1565,329,433,2136,7.16416854807318,7.69094123505976,6.82622619808307,6.99696048632219,7.07376443418014,7.18249485018727,131
"133",2022,4,7.7,5,8.16666666666667,7,7,NA,7.7,3,2,1,0,5,2574,1007,1567,330,433,2141,7.1652094017094,7.69235849056604,6.82644798978941,6.9969696969697,7.07376443418014,7.18370340962167,132
"134",2022,5,7.11111111111111,9,7,7.14285714285714,NA,8,7,2,7,0,1,8,2583,1009,1574,330,434,2149,7.16502090592335,7.69098612487611,6.82785514612452,6.9969696969697,7.07589861751152,7.18301954397394,133
"135",2022,6,5.9,4,5.86666666666667,6,NA,NA,5.9,3,1,0,0,4,2587,1012,1575,330,434,2153,7.16306494008504,7.68557806324111,6.82732952380952,6.9969696969697,7.07589861751152,7.1806358569438,134
"136",2022,7,7.375,8,7.83333333333333,7.1,7,8.5,7,3,5,1,2,6,2595,1015,1580,331,436,2159,7.1637183044316,7.68601477832512,6.82819240506329,6.99697885196375,7.08243119266055,7.18013385826772,135
"137",2022,8,7.26363636363636,11,8.05,6.81428571428571,6.9,NA,7.26363636363636,4,7,1,0,11,2606,1019,1587,332,436,2170,7.16414006139678,7.68744357212954,6.82813106490233,6.99668674698795,7.08243119266055,7.18055714285714,136
"138",2022,9,7.225,8,8.25,6.88333333333333,7.3,7.5,7.18571428571429,2,6,1,1,7,2614,1021,1593,333,437,2177,7.16432631981637,7.68854554358472,6.82833898305085,6.9975975975976,7.08338672768879,7.18057372531006,137
"139",2022,10,6.88181818181818,11,7.6,6.72222222222222,6,NA,6.88181818181818,2,9,1,0,11,2625,1023,1602,334,437,2188,7.16314247619048,7.68837243401759,6.82774282147316,6.99461077844311,7.08338672768879,7.17907175502742,138
"140",2022,11,6.68,15,7.625,6.33636363636364,6.5,7.1,6.61538461538461,4,11,1,2,13,2640,1027,1613,335,439,2201,7.16039734848485,7.68812560856864,6.82439181649101,6.99313432835821,7.08346241457859,7.17574238982281,139
"141",2022,12,7.425,16,7.5,7.36666666666667,8,8,7.38666666666667,7,9,1,1,15,2656,1034,1622,336,440,2216,7.16199134036145,7.68685203094777,6.82740073982737,6.99613095238095,7.08554545454545,7.17717012635379,140
