"","year","month","avg_rating","no_ratings","avg_rating_owned","avg_rating_not_owned","avg_rating_prev_owned","avg_rating_comment","avg_rating_no_comment","no_ratings_owned","no_ratings_not_owned","no_ratings_prev_owned","no_ratings_comment","no_ratings_no_comment","cum_no_ratings","cum_no_ratings_owned","cum_no_ratings_not_owned","cum_no_ratings_prev_owned","cum_no_ratings_comment","cum_no_ratings_no_comment","cum_avg_rating","cum_avg_rating_owned","cum_avg_rating_not_owned","cum_avg_rating_prev_owned","cum_avg_rating_comment","cum_avg_rating_no_comment","month_after_release"
"1",2001,5,10,1,10,NA,NA,NA,10,1,0,0,0,1,1,1,0,0,0,1,10,10,NA,NA,NA,10,0
"2",2001,8,9,1,9,NA,NA,NA,9,1,0,0,0,1,2,2,0,0,0,2,9.5,9.5,NA,NA,NA,9.5,3
"3",2001,9,9,1,9,NA,NA,NA,9,1,0,0,0,1,3,3,0,0,0,3,9.33333333333333,9.33333333333333,NA,NA,NA,9.33333333333333,4
"4",2001,10,10,1,10,NA,NA,10,NA,1,0,0,1,0,4,4,0,0,1,3,9.5,9.5,NA,NA,10,9.33333333333333,5
"5",2002,4,10,1,10,NA,NA,10,NA,1,0,0,1,0,5,5,0,0,2,3,9.6,9.6,NA,NA,10,9.33333333333333,11
"6",2002,5,10,2,10,NA,NA,NA,10,2,0,0,0,2,7,7,0,0,2,5,9.71428571428571,9.71428571428571,NA,NA,10,9.6,12
"7",2002,6,9.16666666666667,3,9.16666666666667,NA,NA,NA,9.16666666666667,3,0,0,0,3,10,10,0,0,2,8,9.55,9.55,NA,NA,10,9.4375,13
"8",2002,7,1,1,1,NA,NA,NA,1,1,0,0,0,1,11,11,0,0,2,9,8.77272727272727,8.77272727272727,NA,NA,10,8.5,14
"9",2002,8,8.25,4,8.33333333333333,8,NA,8,8.33333333333333,3,1,0,1,3,15,14,1,0,3,12,8.63333333333333,8.67857142857143,8,NA,9.33333333333333,8.45833333333333,15
"10",2002,9,8.5,2,8.5,NA,NA,9,8,2,0,0,1,1,17,16,1,0,4,13,8.61764705882353,8.65625,8,NA,9.25,8.42307692307692,16
"11",2002,10,6,2,NA,6,NA,NA,6,0,2,0,0,2,19,16,3,0,4,15,8.3421052631579,8.65625,6.66666666666667,NA,9.25,8.1,17
"12",2002,11,7.5,4,9.5,5.5,NA,9,7,2,2,0,1,3,23,18,5,0,5,18,8.19565217391304,8.75,6.2,NA,9.2,7.91666666666667,18
"13",2002,12,4,1,4,NA,NA,NA,4,1,0,0,0,1,24,19,5,0,5,19,8.02083333333333,8.5,6.2,NA,9.2,7.71052631578947,19
"14",2003,1,7.5,2,9,6,6,9,6,1,1,1,1,1,26,20,6,1,6,20,7.98076923076923,8.525,6.16666666666667,6,9.16666666666667,7.625,20
"15",2003,2,10,2,10,NA,NA,10,10,2,0,0,1,1,28,22,6,1,7,21,8.125,8.65909090909091,6.16666666666667,6,9.28571428571429,7.73809523809524,21
"16",2003,3,9,1,9,NA,NA,9,NA,1,0,0,1,0,29,23,6,1,8,21,8.1551724137931,8.67391304347826,6.16666666666667,6,9.25,7.73809523809524,22
"17",2003,4,8.5,2,8.5,NA,NA,NA,8.5,2,0,0,0,2,31,25,6,1,8,23,8.17741935483871,8.66,6.16666666666667,6,9.25,7.80434782608696,23
"18",2003,5,8,5,8,NA,NA,6,8.5,5,0,0,1,4,36,30,6,1,9,27,8.15277777777778,8.55,6.16666666666667,6,8.88888888888889,7.90740740740741,24
"19",2003,6,9.5,2,9.5,NA,NA,9,10,2,0,0,1,1,38,32,6,1,10,28,8.22368421052632,8.609375,6.16666666666667,6,8.9,7.98214285714286,25
"20",2003,7,8.5,10,8.55555555555556,8,NA,9,8.16666666666667,9,1,0,4,6,48,41,7,1,14,34,8.28125,8.59756097560976,6.42857142857143,6,8.92857142857143,8.01470588235294,26
"21",2003,8,7.5,2,8,7,NA,7,8,1,1,0,1,1,50,42,8,1,15,35,8.25,8.58333333333333,6.5,6,8.8,8.01428571428571,27
"22",2003,9,9,1,9,NA,NA,9,NA,1,0,0,1,0,51,43,8,1,16,35,8.26470588235294,8.59302325581395,6.5,6,8.8125,8.01428571428571,28
"23",2003,10,8.66666666666667,3,8.66666666666667,NA,NA,10,8,3,0,0,1,2,54,46,8,1,17,37,8.28703703703704,8.59782608695652,6.5,6,8.88235294117647,8.01351351351351,29
"24",2003,12,8.5,5,8.5,NA,NA,9,8.16666666666667,5,0,0,2,3,59,51,8,1,19,40,8.30508474576271,8.58823529411765,6.5,6,8.89473684210526,8.025,31
"25",2004,1,8.625,8,8.85714285714286,7,7,9.125,8.125,7,1,1,4,4,67,58,9,2,23,44,8.34328358208955,8.62068965517241,6.55555555555556,6.5,8.93478260869565,8.03409090909091,32
"26",2004,2,9.95,2,9.95,NA,NA,9.9,10,2,0,0,1,1,69,60,9,2,24,45,8.38985507246377,8.665,6.55555555555556,6.5,8.975,8.07777777777778,33
"27",2004,3,8.625,4,8.16666666666667,10,NA,9,8.25,3,1,0,2,2,73,63,10,2,26,47,8.4027397260274,8.64126984126984,6.9,6.5,8.97692307692308,8.08510638297872,34
"28",2004,4,8.2,5,8.25,8,NA,9.5,7.33333333333333,4,1,0,2,3,78,67,11,2,28,50,8.38974358974359,8.6179104477612,7,6.5,9.01428571428571,8.04,35
"29",2004,5,7.66666666666667,6,9.33333333333333,6,NA,8,6,3,3,0,5,1,84,70,14,2,33,51,8.33809523809524,8.64857142857143,6.78571428571429,6.5,8.86060606060606,8,36
"30",2004,6,6.91666666666667,6,8.1,1,NA,7,6.9,5,1,0,1,5,90,75,15,2,34,56,8.24333333333333,8.612,6.4,6.5,8.80588235294118,7.90178571428571,37
"31",2004,7,8.07142857142857,7,8.8,6.25,NA,9.5,7.5,5,2,0,2,5,97,80,17,2,36,61,8.23092783505155,8.62375,6.38235294117647,6.5,8.84444444444444,7.86885245901639,38
"32",2004,8,7,3,10,1,NA,10,5.5,2,1,0,1,2,100,82,18,2,37,63,8.194,8.65731707317073,6.08333333333333,6.5,8.87567567567567,7.79365079365079,39
"33",2004,9,8.33333333333333,6,8.2,9,NA,8,9,5,1,0,4,2,106,87,19,2,41,65,8.20188679245283,8.63103448275862,6.23684210526316,6.5,8.79024390243902,7.83076923076923,40
"34",2004,10,7.87857142857143,7,9.1,4.825,NA,8.575,7.6,5,2,0,2,5,113,92,21,2,43,70,8.18185840707964,8.65652173913044,6.10238095238095,6.5,8.78023255813953,7.81428571428571,41
"35",2004,11,8.35714285714286,7,8.25,9,9,8.66666666666667,8.125,6,1,1,3,4,120,98,22,3,46,74,8.19208333333333,8.63163265306123,6.23409090909091,7.33333333333333,8.77282608695652,7.83108108108108,42
"36",2004,12,7.375,4,8.16666666666667,5,NA,6.75,8,3,1,0,2,2,124,101,23,3,48,76,8.16572580645161,8.61782178217822,6.1804347826087,7.33333333333333,8.68854166666667,7.83552631578947,43
"37",2005,1,8,9,8.16666666666667,7.66666666666667,8,8.4,7.5,6,3,1,5,4,133,107,26,4,53,80,8.15451127819549,8.59252336448598,6.35192307692308,7.5,8.66132075471698,7.81875,44
"38",2005,2,8.875,8,9.14285714285714,7,NA,8.75,9,7,1,0,4,4,141,114,27,4,57,84,8.19539007092199,8.62631578947368,6.37592592592593,7.5,8.66754385964912,7.875,45
"39",2005,3,8.41666666666667,6,9.1,5,NA,8.75,8.25,5,1,0,2,4,147,119,28,4,59,88,8.20442176870748,8.64621848739496,6.32678571428571,7.5,8.67033898305085,7.89204545454545,46
"40",2005,4,7.59090909090909,11,8.05555555555556,5.5,NA,8.25,7.44444444444444,9,2,0,2,9,158,128,30,4,61,97,8.16170886075949,8.6046875,6.27166666666667,7.5,8.65655737704918,7.85051546391752,47
"41",2005,5,8.9,10,8.64285714285714,9.5,NA,9.5,8.64285714285714,7,3,0,3,7,168,135,33,4,64,104,8.20565476190476,8.60666666666667,6.56515151515152,7.5,8.69609375,7.90384615384615,48
"42",2005,6,8.72222222222222,9,8.72222222222222,NA,NA,8.25,9.1,9,0,0,4,5,177,144,33,4,68,109,8.2319209039548,8.61388888888889,6.56515151515152,7.5,8.66985294117647,7.95871559633027,49
"43",2005,7,9,10,8.875,9.5,NA,9,9,8,2,0,7,3,187,152,35,4,75,112,8.27299465240642,8.62763157894737,6.73285714285714,7.5,8.70066666666667,7.98660714285714,50
"44",2005,8,6.6,10,6.77777777777778,5,NA,7.64285714285714,4.16666666666667,9,1,0,7,3,197,161,36,4,82,115,8.18807106598985,8.52422360248447,6.68472222222222,7.5,8.61036585365854,7.88695652173913,51
"45",2005,9,8.8,5,8.75,9,9,9,8.5,4,1,1,3,2,202,165,37,5,85,117,8.20321782178218,8.52969696969697,6.7472972972973,7.8,8.62411764705882,7.8974358974359,52
"46",2005,10,8.82142857142857,14,8.80769230769231,9,NA,9.04545454545454,8,13,1,0,11,3,216,178,38,5,96,120,8.24328703703704,8.55,6.80657894736842,7.8,8.67239583333333,7.9,53
"47",2005,11,8.28571428571429,7,9.16666666666667,3,NA,8,8.66666666666667,6,1,0,4,3,223,184,39,5,100,123,8.24461883408072,8.57010869565218,6.70897435897436,7.8,8.6455,7.91869918699187,54
"48",2005,12,8.35714285714286,14,9,6.75,8,8.57142857142857,8.14285714285714,10,4,1,7,7,237,194,43,6,107,130,8.25126582278481,8.59226804123712,6.71279069767442,7.83333333333333,8.64065420560748,7.93076923076923,55
"49",2006,1,8.3,15,8.875,7.64285714285714,8,8,8.5625,8,7,2,7,8,252,202,50,8,114,138,8.25416666666667,8.60346534653466,6.843,7.875,8.60131578947368,7.96739130434783,56
"50",2006,2,9.125,4,9.125,NA,NA,9.75,8.5,4,0,0,2,2,256,206,50,8,116,140,8.2677734375,8.61359223300971,6.843,7.875,8.62112068965517,7.975,57
"51",2006,3,8.30769230769231,13,8.66666666666667,7.5,7,7.83333333333333,8.71428571428571,9,4,1,6,7,269,215,54,9,122,147,8.26970260223048,8.61581395348837,6.89166666666667,7.77777777777778,8.58237704918033,8.01020408163265,58
"52",2006,4,9,7,9,9,10,9.4,8,4,3,1,5,2,276,219,57,10,127,149,8.28822463768116,8.62283105022831,7.00263157894737,8,8.61456692913386,8.01006711409396,59
"53",2006,5,8.69230769230769,13,8.75,8,NA,8.33333333333333,9,12,1,0,6,7,289,231,58,10,133,156,8.30640138408304,8.62943722943723,7.0198275862069,8,8.60187969924812,8.05448717948718,60
"54",2006,6,8.94444444444444,9,9.0625,8,NA,9.25,8.7,8,1,0,4,5,298,239,59,10,137,161,8.3256711409396,8.64393305439331,7.0364406779661,8,8.62080291970803,8.07453416149068,61
"55",2006,7,8.46,10,8.51111111111111,8,8,8.62,8.3,9,1,1,5,5,308,248,60,11,142,166,8.33003246753247,8.63911290322581,7.0525,8,8.62077464788732,8.08132530120482,62
"56",2006,8,8,12,7.66666666666667,9,8.5,7.85714285714286,8.2,9,3,2,7,5,320,257,63,13,149,171,8.31765625,8.60505836575876,7.14523809523809,8.07692307692308,8.58489932885906,8.08479532163743,63
"57",2006,9,7.4,5,7.4,NA,NA,6,7.75,5,0,0,1,4,325,262,63,13,150,175,8.30353846153846,8.58206106870229,7.14523809523809,8.07692307692308,8.56766666666667,8.07714285714286,64
"58",2006,10,7.36363636363636,11,8.33333333333333,6.2,8,6.5,7.85714285714286,6,5,1,4,7,336,268,68,14,154,182,8.27276785714286,8.57649253731343,7.07573529411765,8.07142857142857,8.51396103896104,8.06868131868132,65
"59",2006,11,7.98181818181818,11,8.075,7.92857142857143,8.5,7.66666666666667,8.1,4,7,1,3,8,347,272,75,15,157,190,8.2635446685879,8.56911764705883,7.15533333333333,8.1,8.49777070063694,8.07,66
"60",2006,12,7.86666666666667,15,8,7,8,7.8,7.9,13,2,1,5,10,362,285,77,16,162,200,8.24709944751381,8.54315789473684,7.1512987012987,8.09375,8.47623456790124,8.0615,67
"61",2007,1,7.77368421052632,19,7.91875,7,8,8.34,7.57142857142857,16,3,1,5,14,381,301,80,17,167,214,8.22349081364829,8.50996677740864,7.145625,8.08823529411765,8.47215568862276,8.02943925233645,68
"62",2007,2,8.37722,16,8.69,7.85592,10,8.625,8.12944,10,6,1,8,8,397,311,86,18,175,222,8.22968644836272,8.51575562700965,7.19518046511628,8.19444444444444,8.47914285714286,8.03304288288288,69
"63",2007,3,8.31818181818182,11,8.5625,7.66666666666667,7,7.16666666666667,8.75,8,3,2,3,8,408,319,89,20,178,230,8.23207235294117,8.51692789968652,7.21107325842697,8.075,8.45702247191011,8.05798052173913,70
"64",2007,4,8.10526315789474,19,8.375,6.66666666666667,6,7.66666666666667,8.30769230769231,16,3,2,6,13,427,335,92,22,184,243,8.22642978922716,8.51014925373135,7.19332086956522,7.88636363636364,8.43125,8.07133958847736,71
"65",2007,5,7.93636363636364,11,7.93636363636364,NA,NA,7.81111111111111,8.5,11,0,0,9,2,438,346,92,22,193,245,8.21914502283105,8.49190751445087,7.19332086956522,7.88636363636364,8.40233160621762,8.07483885714286,72
"66",2007,6,7.95454545454545,11,7.95,8,NA,8.5,7.3,10,1,0,6,5,449,356,93,22,199,250,8.21266262806236,8.47668539325843,7.20199483870968,7.88636363636364,8.40527638190955,8.05934208,73
"67",2007,7,8.03333333333333,15,8.375,6.66666666666667,8,7.74285714285714,8.2875,12,3,2,7,8,464,368,96,24,206,258,8.20686534482758,8.47336956521739,7.18526583333333,7.89583333333333,8.38276699029126,8.06641674418605,74
"68",2007,8,8.83529411764706,17,8.83529411764706,NA,NA,9.375,8.66923076923077,17,0,0,4,13,481,385,96,24,210,271,8.22907592515592,8.48935064935065,7.18526583333333,7.89583333333333,8.40166666666667,8.09533402214022,75
"69",2007,9,7.91666666666667,12,7.88888888888889,8,8.5,7.83333333333333,8,9,3,2,6,6,493,394,99,26,216,277,8.22147164300202,8.4756345177665,7.20995474747475,7.94230769230769,8.38587962962963,8.09326902527076,76
"70",2007,10,8.21739130434783,23,8.21739130434783,NA,NA,7.91666666666667,8.32352941176471,23,0,0,6,17,516,417,99,26,222,294,8.22128976744186,8.46139088729017,7.20995474747475,7.94230769230769,8.3731981981982,8.10658340136054,77
"71",2007,11,8.4,20,8.15384615384615,8.85714285714286,NA,8.66666666666667,8.18181818181818,13,7,0,9,11,536,430,106,26,231,305,8.22795805970149,8.45209302325582,7.31873132075472,7.94230769230769,8.38463203463204,8.10929678688525,78
"72",2007,12,7.80357142857143,28,8.56818181818182,5,6,7.90625,7.66666666666667,22,6,1,16,12,564,452,112,27,247,317,8.20688921985815,8.45774336283186,7.19451357142857,7.87037037037037,8.35364372469636,8.09254107255521,79
"73",2008,1,8,29,8.11538461538461,7,NA,8.88888888888889,7.6,26,3,0,9,20,593,478,115,27,256,337,8.19677153456998,8.43912133891214,7.18943930434783,7.87037037037037,8.3724609375,8.06331014836795,80
"74",2008,2,7.77777777777778,18,8,7,8,7.9375,7.65,14,4,1,8,10,611,492,119,28,264,347,8.18442801963993,8.42662601626017,7.18307159663866,7.875,8.3592803030303,8.05139919308357,81
"75",2008,3,8.3425,40,8.60666666666667,7.55,9.4,8.5,8.16842105263158,30,10,5,21,19,651,522,129,33,285,366,8.19414058371735,8.43697318007663,7.21151565891473,8.10606060606061,8.36964912280702,8.05747409836066,82
"76",2008,4,8.2,20,8.43333333333333,7.5,7,8.07692307692308,8.42857142857143,15,5,2,13,7,671,537,134,35,298,373,8.19431523099851,8.43687150837989,7.22228,8.04285714285714,8.35687919463087,8.06443839142091,83
"77",2008,5,8.375,16,8.61538461538461,7.33333333333333,NA,7.83333333333333,8.7,13,3,0,6,10,687,550,137,35,304,383,8.19852331877729,8.44109090909091,7.22471182481752,8.04285714285714,8.34654605263158,8.08103268929504,84
"78",2008,6,7.78235294117647,17,8.05714285714286,6.5,NA,7.75,7.8,14,3,0,6,11,704,564,140,35,310,394,8.18847375,8.43156028368795,7.20918228571429,8.04285714285714,8.335,8.07318659898477,85
"79",2008,7,7.98076923076923,26,8.08823529411765,7.77777777777778,6.7,7.81818181818182,8.1,17,9,5,11,15,730,581,149,40,321,409,8.18107605479452,8.42151462994837,7.24352697986577,7.875,8.31728971962617,8.07416997555012,86
"80",2008,8,8.4,17,8.83076923076923,7,4,8.4,8.4,13,4,1,5,12,747,594,153,41,326,421,8.18605825970548,8.43047138047138,7.23716026143791,7.78048780487805,8.31855828220859,8.08345729216152,87
"81",2008,9,8.125,16,8.25,8,7,7.92857142857143,8.27777777777778,8,8,4,7,9,763,602,161,45,333,430,8.18477787680209,8.428073089701,7.27506534161491,7.71111111111111,8.31036036036036,8.08752446511628,88
"82",2008,10,8.5,10,8.5,8.5,8.5,8.25,8.66666666666667,8,2,2,4,6,773,610,163,47,337,436,8.18885578266494,8.42901639344262,7.29009521472393,7.74468085106383,8.30964391691395,8.09549431192661,89
"83",2008,11,8.38095238095238,21,8.43333333333333,8.25,7.75,8.64285714285714,8.25,15,6,2,7,14,794,625,169,49,344,450,8.1939364231738,8.42912,7.32417467455621,7.74489795918367,8.31642441860465,8.10030115555556,90
"84",2008,12,8.02777777777778,18,8.25,7.25,7,8.125,8,14,4,1,4,14,812,639,173,50,348,464,8.19025310344827,8.42519561815337,7.32245965317919,7.73,8.31422413793103,8.09727482758621,91
"85",2009,1,8.32352941176471,17,8.32142857142857,8.33333333333333,9,7.5,8.57692307692308,14,3,2,4,13,829,653,176,52,352,477,8.19298615199035,8.42297090352221,7.33969045454545,7.77884615384615,8.30497159090909,8.11034700209644,92
"86",2009,2,7.59090909090909,22,8.15,7.125,8.66666666666667,8,7.4375,10,12,3,6,16,851,663,188,55,358,493,8.17742129259694,8.41885369532429,7.32598680851064,7.82727272727273,8.29986033519553,8.08851018255578,93
"87",2009,3,7.47892857142857,28,7.66368421052632,7.08888888888889,7.9,8.06375,7.245,19,9,2,8,20,879,682,197,57,366,513,8.1551712400455,8.39781524926686,7.31515492385787,7.82982456140351,8.29469945355192,8.05562479532164,94
"88",2009,4,8.29166666666667,24,8.5,8,8,8.83333333333333,8.11111111111111,14,10,2,6,18,903,696,207,59,372,531,8.15879902547065,8.39987068965517,7.34823922705314,7.83559322033898,8.3033870967742,8.0575056873823,95
"89",2009,5,7.47727272727273,22,8.53846153846154,5.94444444444444,6.25,7.88888888888889,7.19230769230769,13,9,4,9,13,925,709,216,63,381,544,8.14258975135135,8.40241184767278,7.28974777777778,7.73492063492063,8.29359580052494,8.03683,96
"90",2009,6,8.19565217391304,23,8.41666666666667,7.4,7.33333333333333,8.3,8.16666666666667,18,5,3,5,18,948,727,221,66,386,562,8.14387713080169,8.40276478679505,7.2922421719457,7.71666666666667,8.29367875647669,8.04098846975089,97
"91",2009,7,7.78260869565217,23,8.71875,5.64285714285714,5.625,8.18571428571429,7.15555555555556,16,7,4,14,9,971,743,228,70,400,571,8.13531979402677,8.40956931359354,7.24160315789474,7.59714285714286,8.2899,8.02703243432574,98
"92",2009,8,8.234375,32,8.76923076923077,5.91666666666667,4.66666666666667,8.16666666666667,8.32142857142857,26,6,3,18,14,1003,769,234,73,418,585,8.13848007976071,8.42172951885566,7.20763042735043,7.47671232876712,8.28459330143541,8.03407781196581,99
"93",2009,9,8.08333333333333,24,8,8.2,8,8,8.10526315789474,14,10,2,5,19,1027,783,244,75,423,604,8.13719135345667,8.41418901660281,7.24830131147541,7.49066666666667,8.28122931442081,8.03631708609272,100
"94",2009,10,7.98913043478261,23,8.625,6.53571428571429,8,9.22222222222222,7.19642857142857,16,7,1,9,14,1050,799,251,76,432,618,8.13394811428571,8.41841051314143,7.22842836653386,7.49736842105263,8.30083333333334,8.01729048543689,101
"95",2009,11,7.39024390243902,41,8.18181818181818,6.47368421052632,9,7.42857142857143,7.38235294117647,22,19,2,7,34,1091,821,270,78,439,652,8.10599956003666,8.4120706455542,7.17531674074074,7.53589743589743,8.28692482915718,7.98418024539877,102
"96",2009,12,7.44230769230769,26,8.375,6.64285714285714,6.66666666666667,7.75,7.35,12,14,3,6,20,1117,833,284,81,445,672,8.09055104744852,8.41153661464586,7.14906873239437,7.5037037037037,8.27968539325843,7.96530583333333,103
"97",2010,1,8.13666666666667,30,8.392,6.86,6,8.42857142857143,8.04782608695652,25,5,2,7,23,1147,858,289,83,452,695,8.09175721011334,8.41096736596737,7.14406754325259,7.46746987951807,8.28199115044248,7.96803671942446,104
"98",2010,2,7.825,20,8.32142857142857,6.66666666666667,6.5,8.2,7.7,14,6,2,5,15,1167,872,295,85,457,710,8.08718553556127,8.40952981651376,7.13435769491525,7.44470588235294,8.28109409190372,7.96237397183099,105
"99",2010,3,8.42857142857143,14,8.46153846153846,8,8,8.25,8.5,13,1,1,4,10,1181,885,296,86,461,720,8.09123244707875,8.41029378531073,7.13728216216216,7.45116279069767,8.28082429501085,7.969841,106
"100",2010,4,8.76666666666667,15,9.18181818181818,7.625,8.5,9.25,8.59090909090909,11,4,1,4,11,1196,896,300,87,465,731,8.09970361204013,8.419765625,7.14378506666667,7.4632183908046,8.28916129032258,7.97918675786594,107
"101",2010,5,8.30769230769231,13,8.41666666666667,7,7,8.25,8.33333333333333,12,1,1,4,9,1209,908,301,88,469,740,8.10194004962779,8.41972466960353,7.14330737541528,7.45795454545454,8.28882729211088,7.98349394594595,108
"102",2010,6,8.41666666666667,12,8.63636363636364,6,NA,8.25,8.5,11,1,0,4,8,1221,919,302,88,473,748,8.10503318591318,8.42231773667029,7.13952158940397,7.45795454545454,8.28849894291755,7.98901807486631,109
"103",2010,7,7.71666666666667,12,8.125,6.9,7.5,7.75,7.7,8,4,2,4,8,1233,927,306,90,477,756,8.10125346309813,8.41975188781014,7.13639058823529,7.45888888888889,8.28398322851153,7.98595968253968,110
"104",2010,8,7.76470588235294,17,8.5,6.41666666666667,7.75,8.58333333333333,7.31818181818182,11,6,2,6,11,1250,938,312,92,483,767,8.096676416,8.42069296375267,7.12254974358974,7.46521739130435,8.28770186335404,7.97638268578879,111
"105",2010,9,8.07692307692308,13,8.77777777777778,6.5,7.5,9.5,7.65,9,4,2,3,10,1263,947,316,94,486,777,8.09647309580364,8.42408658922914,7.11466936708861,7.46595744680851,8.29518518518518,7.97218213642214,112
"106",2010,10,8.5,15,9.0625,7.85714285714286,8,7.66666666666667,9.05555555555556,8,7,4,6,9,1278,955,323,98,492,786,8.10120932707355,8.42943455497382,7.13076012383901,7.48775510204082,8.28752032520325,7.98458717557252,113
"107",2010,11,8.57533333333333,30,9.04590909090909,7.28125,7.9375,9,8.46916666666667,22,8,4,6,24,1308,977,331,102,498,810,8.11208373088685,8.44331627430911,7.13439734138973,7.50539215686274,8.29610441767068,7.99894508641975,114
"108",2010,12,8.10641025641026,39,8.46730769230769,7.38461538461539,7.25,8,8.1537037037037,26,13,2,12,27,1347,1003,344,104,510,837,8.11191946547884,8.44393818544367,7.14385325581395,7.50048076923077,8.28913725490196,8.00393729988053,115
"109",2011,1,8.67916666666667,36,8.8962962962963,8.02777777777778,9,8.32,8.81730769230769,27,9,3,10,26,1383,1030,353,107,520,863,8.12668511930586,8.45579611650485,7.16638957507082,7.54252336448598,8.28973076923077,8.02844208574739,116
"110",2011,2,7.75,26,8.375,5.66666666666667,6,7.33333333333333,7.97058823529412,20,6,4,9,17,1409,1050,359,111,529,880,8.11973422285309,8.45425714285714,7.14132456824512,7.48693693693694,8.27345935727788,8.02732445454546,117
"111",2011,3,8.29130434782609,23,8.55555555555556,7.34,NA,8.83333333333333,8.1,18,5,0,6,17,1432,1068,364,111,535,897,8.12248988826816,8.45596441947565,7.14405362637363,7.48693693693694,8.27973831775701,8.02870180602007,118
"112",2011,4,8.27391304347826,23,8.425,7.92857142857143,7.125,8.57142857142857,8.14375,16,7,4,7,16,1455,1084,371,115,542,913,8.12488351890034,8.4555073800738,7.1588558490566,7.47434782608696,8.28350553505535,8.03071798466594,119
"113",2011,5,8.17142857142857,21,8.46666666666667,7.77777777777778,7,7.83333333333333,8.22777777777778,12,9,3,3,18,1476,1096,380,118,545,931,8.12554574525745,8.45562956204379,7.17351452631579,7.46228813559322,8.28102752293578,8.03452794844253,120
"114",2011,6,8.1,30,8.54761904761905,7.05555555555556,6.125,7.5,8.4,21,9,4,10,20,1506,1117,389,122,555,951,8.12503686586985,8.45735899731423,7.17078539845758,7.41844262295082,8.26695495495495,8.04221400630915,121
"115",2011,7,8.30147058823529,34,8.47321428571429,7.5,8.5,7.77777777777778,8.49,28,6,1,9,25,1540,1145,395,123,564,976,8.12893215584415,8.45774672489082,7.17578612658228,7.42723577235772,8.25914893617021,8.05368393442623,122
"116",2011,8,8.64086956521739,23,8.74952380952381,7.5,6,9.03428571428571,8.46875,21,2,2,7,16,1563,1166,397,125,571,992,8.13646546385157,8.46300171526586,7.17741944584383,7.4044,8.26865148861646,8.0603785483871,123
"117",2011,9,7.97826086956522,23,8.55882352941176,6.33333333333333,8.5,7.875,8.03333333333333,17,6,1,8,15,1586,1183,403,126,579,1007,8.13417119798234,8.46437869822485,7.16485240694789,7.41309523809524,8.26321243523316,8.05997569016882,124
"118",2011,10,8.22592592592593,27,8.75789473684211,6.9625,8,8.4625,8.12631578947368,19,8,2,8,19,1613,1202,411,128,587,1026,8.1357070799752,8.46901830282861,7.16091367396594,7.422265625,8.26592844974446,8.06120421052631,125
"119",2011,11,8.11290322580645,31,8.5,7.3,7.07142857142857,7.64285714285714,8.25,21,10,7,7,24,1644,1223,421,135,594,1050,8.13527708029197,8.46955028618152,7.1642173871734,7.40407407407407,8.25858585858586,8.06551954285714,126
"120",2011,12,7.95416666666667,24,8.9,6.0625,6.66666666666667,8.3125,7.775,16,8,3,8,16,1668,1239,429,138,602,1066,8.13267117505995,8.47510895883777,7.14367254079254,7.38804347826087,8.2593023255814,8.06115902439024,127
"121",2012,1,7.75,44,8.55384615384615,6.58888888888889,7,7.17857142857143,8.01666666666667,26,18,5,14,30,1712,1265,447,143,616,1096,8.1228361682243,8.47672727272727,7.12133225950783,7.37447552447552,8.23474025974026,8.05994116788321,128
"122",2012,2,7.90625,24,8.2875,6,NA,7,8.03571428571429,20,4,0,3,21,1736,1285,451,143,619,1117,8.11984188940092,8.47378210116731,7.11138696230598,7.37447552447552,8.22875605815832,8.05948569382274,129
"123",2012,3,8.05263157894737,19,8.58333333333333,7.14285714285714,6,8.25,8,12,7,1,4,15,1755,1297,458,144,623,1132,8.11911425641025,8.47479568234387,7.11186794759825,7.36493055555556,8.22889245585875,8.05869745583039,130
"124",2012,4,7.91304347826087,23,8.73333333333333,6.375,NA,6.375,8.23684210526316,15,8,0,4,19,1778,1312,466,144,627,1151,8.11644854893138,8.47775152439024,7.09921785407725,7.36493055555556,8.2170653907496,8.06163815812337,131
"125",2012,5,7.26666666666667,30,7.45909090909091,6.7375,7.45,7.5,7.20833333333333,22,8,2,6,24,1808,1334,474,146,633,1175,8.10234818584071,8.460952023988,7.0931129113924,7.36609589041096,8.21026856240126,8.04420895319149,132
"126",2012,6,8.17142857142857,21,8.14444444444444,8.33333333333333,7,8.5,8.04,18,3,1,6,15,1829,1352,477,147,639,1190,8.10314134499726,8.45673816568047,7.10091303983228,7.36360544217687,8.21298904538341,8.04415589915966,133
"127",2012,7,8.5,19,8.54545454545454,8.4375,8.83333333333333,7.92857142857143,8.83333333333333,11,8,3,7,12,1848,1363,485,150,646,1202,8.1072216017316,8.45745414526779,7.12295983505155,7.393,8.20990712074303,8.05203454242928,134
"128",2012,8,7.91379310344828,29,8.72222222222222,6.59090909090909,9,8.6,7.42941176470588,18,11,2,12,17,1877,1381,496,152,658,1219,8.10423309536494,8.46090514120202,7.11116032258064,7.41414473684211,8.21702127659574,8.0433515340443,135
"129",2012,9,8.07954545454546,22,8.40882352941176,6.96,7.5,7.63333333333333,8.38846153846154,17,5,2,9,13,1899,1398,501,154,667,1232,8.10394708794102,8.46027181688125,7.10965173652695,7.41525974025974,8.20914542728635,8.04699311688311,136
"130",2012,10,8.44444444444444,18,8.42857142857143,8.5,7,9,8.41176470588235,14,4,1,1,17,1917,1412,505,155,668,1249,8.10714424621805,8.45995750708215,7.1206643960396,7.41258064516129,8.21032934131736,8.05195798238591,137
"131",2012,11,7.47222222222222,18,8.75,4.91666666666667,7.5,9.5,7.35294117647059,12,6,1,1,17,1935,1424,511,156,669,1266,8.10123799483204,8.46240168539325,7.09478575342466,7.41314102564103,8.21225710014947,8.04257150078989,138
"132",2012,12,8.52083333333333,24,8.72222222222222,7.91666666666667,8,9.16666666666667,8.30555555555556,18,6,2,6,18,1959,1442,517,158,675,1284,8.10637851965288,8.46564493758668,7.10432402321083,7.42056962025316,8.22074074074074,8.04625819314641,139
"133",2013,1,8.02307692307692,26,8.45263157894737,6.85714285714286,7.5,8.72,7.85714285714286,19,7,1,5,21,1985,1461,524,159,680,1305,8.10528741561713,8.46547570157426,7.10102198473282,7.42106918238994,8.22441176470588,8.0432149578544,140
"134",2013,2,7.21923076923077,26,8.17333333333333,5.91818181818182,5,8.4,6.93809523809524,15,11,2,5,21,2011,1476,535,161,685,1326,8.09383168572849,8.46250677506775,7.07670190654205,7.39099378881988,8.22569343065693,8.02571306184012,141
"135",2013,3,8.38421052631579,19,8.84615384615385,7.38333333333333,8.3,8,8.40555555555556,13,6,1,1,18,2030,1489,541,162,686,1344,8.09654951724138,8.46585627938213,7.08010262476895,7.39660493827161,8.22536443148688,8.03080023809524,142
"136",2013,4,7.92105263157895,19,8.81818181818182,6.6875,6,7,8.16666666666667,11,8,1,4,15,2049,1500,549,163,690,1359,8.09492216691069,8.46844,7.07438163934426,7.38803680981595,8.21826086956521,8.03229986754967,143
"137",2013,5,7.775,20,7.92307692307692,7.5,9.5,7.83333333333333,7.75,13,7,1,6,14,2069,1513,556,164,696,1373,8.09182963750604,8.46375413086583,7.07974014388489,7.40091463414634,8.21494252873563,8.02942135469774,144
"138",2013,6,7.89333333333333,15,8.3,7.62222222222222,7.675,8,7.87692307692308,6,9,4,2,13,2084,1519,565,168,698,1386,8.09040092130518,8.4631073074391,7.08838145132743,7.40744047619048,8.21432664756447,8.02799099567099,145
"139",2013,7,8.18,20,8.37333333333333,7.6,9.5,8.58333333333333,8.00714285714286,15,5,2,6,14,2104,1534,570,170,704,1400,8.09125262357414,8.4622294654498,7.09286933333333,7.43205882352941,8.21747159090909,8.02778251428571,146
"140",2013,8,7.89107142857143,28,8.34565217391304,5.8,7.5,9.09375,7.41,23,5,2,8,20,2132,1557,575,172,712,1420,8.08862360225141,8.46050738599871,7.08162699130435,7.4328488372093,8.22731741573033,8.01908135211267,147
"141",2013,9,7.13499966666667,30,8.02894684210526,5.59090909090909,6,7.72222111111111,6.88333333333333,19,11,3,9,21,2162,1576,586,175,721,1441,8.07539107770583,8.45530456218274,7.05364423208191,7.40828571428571,8.22101246879334,8.00252985426787,148
"142",2013,10,8.78947368421053,19,8.66666666666667,9.25,9,8.25,8.93333333333333,15,4,1,4,15,2181,1591,590,176,725,1456,8.08161187987162,8.45729729101194,7.06853477966102,7.41732954545455,8.2211724,8.01211917582417,149
"143",2013,11,7.75897435897436,39,8.23571428571429,6.54545454545455,6.33333333333333,7.46,7.86206896551724,28,11,3,10,29,2220,1619,601,179,735,1485,8.07594392342343,8.45346509573811,7.05896093178037,7.39916201117318,8.21081631292516,8.0091889023569,150
"144",2013,12,8.41904761904762,21,8.55,8,8,8.16666666666667,8.46111111111111,16,5,1,3,18,2241,1635,606,180,738,1503,8.07915908522981,8.45440977981651,7.06672528052805,7.4025,8.21063684281842,8.0146011443779,151
"145",2014,1,6.76428571428571,28,8.2,4.54545454545455,8,8.42,6.40434782608696,17,11,1,5,23,2269,1652,617,181,743,1526,8.06293323490525,8.45179176150121,7.02177555915721,7.40580110497238,8.21204574697173,7.9903312712975,152
"146",2014,2,7.32142857142857,14,9,5.08333333333333,4,7.625,7.2,8,6,1,4,10,2283,1660,623,182,747,1536,8.05838611914148,8.45443372891566,7.00310677367576,7.38708791208791,8.20890226238286,7.98518588541666,153
"147",2014,3,7.83333333333333,27,8.5,7.11538461538461,7.33333333333333,6.5,7.94,14,13,3,2,25,2310,1674,636,185,749,1561,8.05575563203464,8.4548148088411,7.00540176100629,7.38621621621622,8.20433910547396,7.98446221652786,154
"148",2014,4,7.65263157894737,19,8.27857142857143,5.9,7.5,6.83333333333333,7.80625,14,5,1,3,16,2329,1688,641,186,752,1577,8.05246694289395,8.45335307464455,6.99677928237129,7.38682795698925,8.19886966755319,7.98265410272669,155
"149",2014,5,8.08823529411765,17,8.54166666666667,7,7.2,7.66666666666667,8.17857142857143,12,5,5,3,14,2346,1700,646,191,755,1591,8.05272613384485,8.45397646470588,6.99680421052632,7.38193717277487,8.19675495364238,7.98437807668133,156
"150",2014,6,8.05336789473684,19,8.532124375,5.5,NA,8.085665,8.03846153846154,16,3,0,6,13,2365,1716,649,191,761,1604,8.0527312896406,8.45470511655011,6.98988523882897,7.38193717277487,8.19587908015768,7.98481640897755,157
"151",2014,7,8.25,14,8.86363636363636,6,9,9,8.04545454545454,11,3,1,3,11,2379,1727,652,192,764,1615,8.05389218158891,8.45730977417487,6.98533055214724,7.39036458333333,8.19903662303664,7.9852294241486,158
"152",2014,8,7.75647058823529,17,8.62363636363636,6.16666666666667,7,6,8.29692307692308,11,6,1,4,13,2396,1738,658,193,768,1628,8.05178192821369,8.45836247410817,6.97786553191489,7.38834196891192,8.18758330729166,7.98771837837837,159
"153",2014,9,7.838,25,8.46428571428571,7.04090909090909,6.99,6.75,7.98636363636364,14,11,5,3,22,2421,1752,669,198,771,1650,8.04957434944238,8.45840980593607,6.978902122571,7.37828282828283,8.18198959792477,7.98770031515151,160
"154",2014,10,8.44117647058824,17,8.5,8.25,8.25,7.875,8.61538461538461,13,4,2,4,13,2438,1765,673,200,775,1663,8.0523049630845,8.45871613597733,6.98645693907875,7.387,8.18040513548386,7.9926070475045,161
"155",2014,11,8.59473684210526,19,8.76875,7.66666666666667,7,8.55,8.61538461538461,16,3,1,6,13,2457,1781,676,201,781,1676,8.0564995929996,8.46150139247613,6.98947562130178,7.38507462686567,8.18324453265044,7.99743766109785,162
"156",2014,12,8.025,16,8.44545454545455,7.1,6.9,8.1,7.99090909090909,11,5,2,5,11,2473,1792,681,203,786,1687,8.05629579458148,8.461402890625,6.9902871071953,7.38029556650246,8.18271498727735,7.99739509187907,163
"157",2015,1,7.962,25,8.18333333333333,7.63,7.5,7.9,7.98611111111111,15,10,4,7,18,2498,1807,691,207,793,1705,8.05535208166534,8.45909462091865,6.99954489146165,7.38260869565217,8.18021939470365,7.99727596480938,164
"158",2015,2,7.1125,16,8,6.42222222222222,6.825,7.875,6.85833333333333,7,9,4,4,12,2514,1814,700,211,797,1717,8.04935143198091,8.45732303197354,6.99212217142857,7.37203791469194,8.17868755332496,7.98931596971461,165
"159",2015,3,8.38888888888889,18,8.46153846153846,8.2,8,7.66666666666667,8.53333333333333,13,5,1,3,15,2532,1827,705,212,800,1732,8.05176520537125,8.45735302681992,7.00068868085106,7.375,8.17676747499999,7.9940274364896,166
"160",2015,4,7.14705882352941,17,7.95,6,7,8.41666666666667,6.875,10,7,2,3,14,2549,1837,712,214,803,1746,8.04573146331895,8.4545911703865,6.9908504494382,7.3714953271028,8.17766373599003,7.98505470790377,167
"161",2015,5,8.32857142857143,28,8.65,7.525,9.66666666666667,8.5,8.24736842105263,20,8,3,9,19,2577,1857,720,217,812,1765,8.04880461777261,8.45669573505654,6.99678544444444,7.40322580645161,8.18123642857142,7.9878784815864,168
"162",2015,6,7.98423076923077,26,8.725,6.3175,7.58333333333333,8.33333333333333,7.8795,18,8,3,6,20,2603,1875,728,220,818,1785,8.04815962351134,8.459271456,6.98932076923077,7.40568181818182,8.18235205378973,7.98666415686274,169
"163",2015,7,7.78,25,7.87222222222222,7.54285714285714,7.95,7.8,7.775,18,7,4,5,20,2628,1893,735,224,823,1805,8.04560863774734,8.4536893713682,6.99459254421769,7.41540178571429,8.18002913730255,7.98431884764542,170
"164",2015,8,7.89,19,8.32733333333333,6.25,3,8.082,7.82142857142857,15,4,1,5,14,2647,1908,739,225,828,1819,8.0444916887042,8.4526960062893,6.99056227334235,7.39577777777778,8.17943717391304,7.98306515667949,171
"165",2015,9,8.49090909090909,11,8.45,8.9,NA,7,8.64,10,1,0,1,10,2658,1918,740,225,829,1829,8.04633916478556,8.45268194994786,6.99314259459459,7.39577777777778,8.17801445114595,7.98665692728266,172
"166",2015,10,7.84736842105263,19,8.63636363636364,6.7625,10,5,8.18235294117647,11,8,1,2,17,2677,1929,748,226,831,1846,8.04492697048936,8.45372938310005,6.99067582887701,7.40730088495575,8.17036580024067,7.98845911159263,173
"167",2015,11,8.165,30,8.52647058823529,7.69230769230769,7.5,7.875,8.20961538461538,17,13,3,4,26,2707,1946,761,229,835,1872,8.04625766531216,8.45436484069887,7.00266165571616,7.40851528384279,8.16895087425149,7.99153072649572,174
"168",2015,12,8.04038461538462,26,8.6175,6.11666666666667,7,8.55,7.8875,20,6,1,6,20,2733,1966,767,230,841,1892,8.04620179290158,8.45602440488301,6.99573079530639,7.40673913043478,8.17166941736028,7.9904310359408,175
"169",2016,1,7.772,25,8.4375,6.58888888888889,4,7.2,8.09375,16,9,1,9,16,2758,1982,776,231,850,1908,8.04371627991298,8.45587486377396,6.99101226804124,7.39199134199134,8.16138115294117,7.991297442348,176
"170",2016,2,7.868,25,8.32352941176471,6.9,6.2,8,7.84285714285714,17,8,1,4,21,2783,1999,784,232,854,1929,8.04213780093425,8.45474936468234,6.99008357142857,7.38685344827586,8.16062526932084,7.98968145152929,177
"171",2016,3,7.71875,16,8.83333333333333,6.28571428571429,7.5,7.5,7.73333333333333,9,7,2,1,15,2799,2008,791,234,855,1944,8.0402892104323,8.45644620517928,6.98385021491783,7.38782051282051,8.15985260818713,7.98770345679012,178
"172",2016,4,8.10555555555556,18,8.43125,5.5,5.5,9.5,7.93125,16,2,2,2,16,2817,2024,793,236,857,1960,8.04070624778133,8.4562470256917,6.98010784363178,7.37182203389831,8.16298014002333,7.98724261224489,179
"173",2016,5,8.42857142857143,28,8.80555555555556,7.75,7,8.6,8.39130434782609,18,10,1,5,23,2845,2042,803,237,862,1983,8.04452355008788,8.45932614103819,6.98969554171856,7.37025316455696,8.16551505800464,7.99192915784165,180
"174",2016,6,7.88888888888889,18,8.08333333333333,7.5,10,8,7.875,12,6,1,2,16,2863,2054,809,238,864,1999,8.04354505763186,8.45712949367088,6.99348024721879,7.3813025210084,8.16513192129629,7.99099325662831,181
"175",2016,7,8.0530303030303,33,8.38636363636364,7.38636363636364,8.125,8.3,8.00892857142857,22,11,4,5,28,2896,2076,820,242,869,2027,8.0436531422652,8.45637956647398,6.99875063414634,7.39359504132231,8.16590791714614,7.99124100641341,182
"176",2016,8,8.0625,24,8.75,6.6875,NA,9.33333333333333,7.88095238095238,16,8,0,3,21,2920,2092,828,242,872,2048,8.04380804794521,8.4586252294455,6.99574338164251,7.39359504132231,8.16992428899082,7.9901101171875,183
"177",2016,9,8.37777777777778,36,8.652,7.75454545454545,8,8.68571428571429,8.30344827586207,25,11,1,7,29,2956,2117,839,243,879,2077,8.047875338295,8.46090882380727,7.00569191895113,7.39609053497942,8.17403183162684,7.99448508425613,184
"178",2016,10,8.4375,32,8.7962962962963,6.5,6.5,8.55,8.38636363636364,27,5,2,10,22,2988,2144,844,245,889,2099,8.05204802543508,8.4651324533582,7.00269611374408,7.38877551020408,8.17826094488189,7.99859243449261,185
"179",2016,11,8.01363636363636,22,8.60588235294118,6,5.5,8.61428571428571,7.73333333333333,17,5,2,7,15,3010,2161,849,247,896,2114,8.05176727574751,8.46623969458584,6.9967909540636,7.37348178137652,8.18166738839285,7.9967102743614,186
"180",2016,12,8.325,22,8.4075,7.5,NA,9.29166666666667,7.9625,20,2,0,6,16,3032,2181,851,247,902,2130,8.05374983509235,8.46570104539202,6.9979735840188,7.37348178137652,8.18905097560975,7.99645329577464,187
"181",2017,1,7.84294117647059,34,8.31384615384615,6.3125,5.33333333333333,7.215,8.10458333333333,26,8,3,10,24,3066,2207,859,250,912,2154,8.05141210045663,8.46391208880833,6.99158966239814,7.349,8.17837059210526,7.99765808727948,188
"182",2017,2,7.74615384615385,26,8.52,6.69090909090909,7.025,7.66666666666667,7.75652173913043,15,11,4,3,23,3092,2222,870,254,915,2177,8.04884524579561,8.464290720072,6.98778795402299,7.34389763779528,8.17669287431694,7.99511048231511,189
"183",2017,3,7.87210714285714,28,8.37363157894737,6.81333333333333,6.66666666666667,8.4,7.66095,19,9,3,8,20,3120,2241,879,257,923,2197,8.04725913461539,8.46352207942882,6.98600172923777,7.33599221789883,8.17862836403033,7.99206851160673,190
"184",2017,4,8.06923076923077,26,8.72631578947368,6.28571428571429,NA,8.325,8.02272727272727,19,7,0,4,22,3146,2260,886,257,927,2219,8.04744071837254,8.46573140707964,6.98046898419865,7.33599221789883,8.17925995685005,7.99237247408742,191
"185",2017,5,7.48888888888889,27,8.54375,5.95454545454545,6.66666666666667,7.84,7.40909090909091,16,11,3,5,22,3173,2276,897,260,932,2241,8.04268783485661,8.4662798681898,6.96788798216276,7.32826923076923,8.17743989270386,7.98664637215529,192
"186",2017,6,7.53888888888889,18,8.18333333333333,6.25,4,6.925,7.71428571428571,12,6,1,4,14,3191,2288,903,261,936,2255,8.03984597304921,8.46479588286713,6.96311796234773,7.31551724137931,8.17208758547008,7.98495544124168,193
"187",2017,7,7.56923076923077,26,8.12105263157895,6.07142857142857,7.16666666666667,8.08333333333333,7.415,19,7,3,6,20,3217,2307,910,264,942,2275,8.03604243083619,8.46196488079757,6.95625881318681,7.31382575757576,8.17152227176221,7.97994484395604,194
"188",2017,8,7.6875,24,8.46153846153846,6.77272727272727,6,6.875,7.85,13,11,3,4,20,3241,2320,921,267,946,2295,8.0334614316569,8.46196249137931,6.95406679695983,7.29906367041198,8.16604014799154,7.97881242701525,195
"189",2017,9,8.21296296296296,27,8.43181818181818,7.25,6.625,8.2,8.21590909090909,22,5,2,5,22,3268,2342,926,269,951,2317,8.03494446144432,8.46167932536293,6.95566470842333,7.29405204460967,8.16621869610936,7.9810636685369,196
"190",2017,10,8.00380952380952,21,8.56666666666667,7.25333333333333,NA,9.5,7.929,12,9,0,1,20,3289,2354,935,269,952,2337,8.03474566737611,8.46221451996601,6.95852996791444,7.29405204460967,8.16761972689076,7.98061810868635,197
"191",2017,11,7.80357142857143,28,8.33333333333333,6.85,7.5,6.8,8.02173913043478,18,10,2,5,23,3317,2372,945,271,957,2360,8.03279424178475,8.46123650084317,6.9573815026455,7.29557195571956,8.16047437826541,7.98101886440678,198
"192",2017,12,8.38888888888889,27,8.525,8,7.5,8.25,8.41304347826087,20,7,1,4,23,3344,2392,952,272,961,2383,8.03566940789474,8.46176964046822,6.96504781512605,7.29632352941176,8.16084701352758,7.98518863617289,199
"193",2018,1,8.25585695652174,23,8.4567355,6.91666666666667,NA,8.16666666666667,8.28733588235294,20,3,0,6,17,3367,2412,955,272,967,2400,8.03717351054352,8.46172789800995,6.96489583246073,7.29632352941176,8.16088312306102,7.98732884583333,200
"194",2018,2,7.53703703703704,27,8.41176470588235,6.05,5,9,7.35416666666667,17,10,2,3,24,3394,2429,965,274,970,2424,8.03319481732469,8.4613782173734,6.95541504663212,7.27956204379562,8.16347832989691,7.98105991336633,201
"195",2018,3,7.61521739130435,23,8.20384615384615,6.85,7.5,6.83333333333333,7.89117647058824,13,10,2,6,17,3417,2442,975,276,976,2441,8.03038139010829,8.46000724406224,6.95433386666667,7.28115942028986,8.15530120901639,7.98043393281442,202
"196",2018,4,7.53620689655172,29,8.23529411764706,6.54583333333333,7.5,8.275,7.48148148148148,17,12,3,2,27,3446,2459,987,279,978,2468,8.02622263784098,8.45845371695811,6.94936729483283,7.28351254480287,8.15554599182004,7.97497537682334,203
"197",2018,5,8.4,25,8.73333333333333,7.9,NA,8.6,8.35,15,10,0,5,20,3471,2474,997,279,983,2488,8.02891478248344,8.46012032740501,6.95890222668004,7.28351254480287,8.15780669379451,7.97799004421222,204
"198",2018,6,6.85416666666667,12,7.69444444444444,4.33333333333333,NA,6,6.93181818181818,9,3,0,1,11,3483,2483,1000,279,984,2499,8.02486741602068,8.45734502215062,6.95102552,7.28351254480287,8.15561380081301,7.97338504601841,205
"199",2018,7,8.33333333333333,18,8.28571428571429,8.5,6,8.25,8.35714285714286,14,4,1,4,14,3501,2497,1004,280,988,2513,8.02645335904028,8.45638273528233,6.95719673306773,7.27892857142857,8.15599593117409,7.97552297254278,206
"200",2018,8,7.42857142857143,14,8.625,5.83333333333333,6.66666666666667,8.5,7.25,8,6,3,2,12,3515,2505,1010,283,990,2525,8.02407203698436,8.45692123353293,6.95052031683168,7.27243816254417,8.15669088888889,7.97207494257426,207
"201",2018,9,8.225,20,8.9,7.55,8.5,7,8.63333333333333,10,10,1,5,15,3535,2515,1020,284,995,2540,8.02520882885432,8.45868297813121,6.95639756862745,7.27676056338028,8.1508783718593,7.97598001181102,208
"202",2018,10,8.41666666666667,24,8.6875,7.875,7.5,9,8.3,16,8,4,4,20,3559,2531,1028,288,999,2560,8.02784861196966,8.46012947056499,6.96354622568093,7.27986111111111,8.15427825825826,7.97851141796875,209
"203",2018,11,7.84210526315789,19,7.85714285714286,7.8,NA,10,7.4375,14,5,0,3,16,3578,2545,1033,288,1002,2576,8.02686227221912,8.4568124518664,6.96759488867377,7.27986111111111,8.15980437125748,7.97515109860248,210
"204",2018,12,8.5625,24,9.02631578947368,6.8,7,8.4,8.60526315789474,19,5,1,5,19,3602,2564,1038,289,1007,2595,8.03043120766242,8.46103264040561,6.96678759152216,7.27889273356401,8.16099700099305,7.97976463583815,211
"205",2019,1,8.17586206896552,29,8.28571428571429,7.8875,6.25,7.5625,8.40952380952381,21,8,2,8,21,3631,2585,1046,291,1015,2616,8.03159273202975,8.45960839071566,6.97382936902486,7.27182130584192,8.15627978325123,7.98321453746177,212
"206",2019,2,8.78571428571429,21,8.97058823529412,8,7,9.66666666666667,8.43333333333333,17,4,1,6,15,3652,2602,1050,292,1021,2631,8.03592913745893,8.46294684473481,6.97773859047619,7.2708904109589,8.16515571008815,7.98578077917142,213
"207",2019,3,8.52083333333333,24,8.63888888888889,8.16666666666667,NA,8.3,8.57894736842105,18,6,0,5,19,3676,2620,1056,292,1026,2650,8.03909499727966,8.46415560687022,6.98449386363636,7.2708904109589,8.1658128460039,7.99003367169811,214
"208",2019,4,8.5,24,8.875,7.75,7,8.5,8.5,16,8,3,4,20,3700,2636,1064,295,1030,2670,8.04208465135136,8.46664935128983,6.99024954887218,7.26813559322034,8.16711066019418,7.99385364419475,215
"209",2019,5,8.18,25,8.5,6.9,NA,8.4,8.125,20,5,0,5,20,3725,2656,1069,295,1035,2690,8.04301025771812,8.46690048569276,6.98982742750234,7.26813559322034,8.1682357294686,7.99482871003717,216
"210",2019,6,8.21304347826087,23,8.31052631578947,7.75,NA,7.27142857142857,8.625,19,4,0,7,16,3748,2675,1073,295,1042,2706,8.04405368463181,8.4657897906542,6.99266124883504,7.26813559322034,8.16221111324376,7.99855477827051,217
"211",2019,7,8.375,28,8.34090909090909,8.5,8,8.625,8.275,22,6,4,8,20,3776,2697,1079,299,1050,2726,8.04650773569916,8.46477111234705,7.00104311399444,7.27792642140468,8.16573712380952,8.00058298972854,218
"212",2019,8,8.1171875,32,8.45,7.5625,8.1875,8.1,8.125,20,12,4,10,22,3808,2717,1091,303,1060,2748,8.04710168329832,8.4646623813029,7.00721862511457,7.28993399339934,8.16511696226415,8.00157905021834,219
"213",2019,9,8.45238095238095,21,8.67857142857143,8,8,8.4,8.46875,14,7,1,5,16,3829,2731,1098,304,1065,2764,8.04932442151998,8.46575894910289,7.01354783242259,7.2922697368421,8.16621969953052,8.0042833683068,220
"214",2019,10,7.99379310344828,29,8.64380952380952,6.2875,7,6,8.3128,21,8,1,4,25,3858,2752,1106,305,1069,2789,8.04890700103681,8.46711761991278,7.00829613019892,7.29131147540984,8.15811410664172,8.00704884546432,221
"215",2019,11,7.96551724137931,29,8.35,7.11111111111111,5.66666666666667,8.14285714285714,7.90909090909091,20,9,3,7,22,3887,2772,1115,308,1076,2811,8.04828484949833,8.46627261544011,7.00912602690583,7.27548701298701,8.15801485130111,8.00628218783351,222
"216",2019,12,8.60833333333333,24,8.63684210526316,8.5,NA,8.5,8.63,19,5,0,4,20,3911,2791,1120,308,1080,2831,8.05172160828433,8.4674337835901,7.01578171428572,7.27548701298701,8.15928146296296,8.01068853055457,223
"217",2020,1,8.22564102564102,39,8.20714285714286,8.27272727272727,5,7.55555555555556,8.42666666666667,28,11,1,9,30,3950,2819,1131,309,1089,2861,8.05343878734178,8.46484841787867,7.0280066489832,7.26812297734628,8.15429199265381,8.0150504124432,224
"218",2020,2,8.18724137931035,29,8.705,7.03666666666667,4.77666666666667,8.106,8.20416666666667,20,9,3,5,24,3979,2839,1140,312,1094,2885,8.05441397587334,8.46654022190912,7.02807501754386,7.24416666666667,8.1540712797075,8.01662364991334,225
"219",2020,3,8.4625,24,8.9,6.8,6,7.51111111111111,9.03333333333333,19,5,1,9,15,4003,2858,1145,313,1103,2900,8.05686065700725,8.46942186494051,7.02707905676856,7.24019169329073,8.14882500453309,8.02188249310344,226
"220",2020,4,8.21647058823529,34,8.38785714285714,7.41666666666667,7,8.9,7.93166666666667,28,6,1,10,24,4037,2886,1151,314,1113,2924,8.05820490710924,8.46863052321551,7.02910992180713,7.23942675159236,8.15557410601977,8.02114200752394,227
"221",2020,5,8.01666666666667,42,8.55483870967742,6.5,7.375,9,7.78529411764706,31,11,4,8,34,4079,2917,1162,318,1121,2958,8.05777720274578,8.46954668837846,7.02410113597246,7.2411320754717,8.16160033898305,8.018431112238,228
"222",2020,6,8.2125,24,8.50625,7.625,7.66666666666667,7,8.38571428571429,16,8,3,3,21,4103,2933,1170,321,1124,2979,8.05868223495004,8.46974691101261,7.02820984615385,7.24510903426791,8.15849998220641,8.02102021819402,229
"223",2020,7,8.45769230769231,26,8.71111111111111,7.8875,8,8.54285714285714,8.42631578947368,18,8,1,7,19,4129,2951,1178,322,1131,2998,8.06119477113103,8.47121914266349,7.03404543293718,7.24745341614907,8.16087885057471,8.02358880253502,230
"224",2020,8,8.08409090909091,22,8.59642857142857,7.1875,NA,9.175,7.975,14,8,0,2,20,4151,2965,1186,322,1133,3018,8.06131611900747,8.47181035075884,7.03508053962901,7.24745341614907,8.16266900264784,8.02326680914513,231
"225",2020,9,8.17894736842105,19,8.34615384615385,7.81666666666667,NA,9,8.025,13,6,0,3,16,4170,2978,1192,322,1136,3034,8.06185208872902,8.47126181665547,7.03901469798658,7.24745341614907,8.16488026408451,8.02327594924192,232
"226",2020,10,7.90645161290323,31,8.20454545454546,7.17777777777778,NA,6.675,8.08888888888889,22,9,0,4,27,4201,3000,1201,322,1140,3061,8.06070535824804,8.46930589666666,7.04005455453789,7.24745341614907,8.15965261403509,8.02385469781117,233
"227",2020,11,7.7,37,8.07307692307692,6.81818181818182,7.42857142857143,6.5,7.84545454545455,26,11,7,4,33,4238,3026,1212,329,1144,3094,8.05755620811704,8.46590141771314,7.03804085808581,7.25130699088146,8.15384963286713,8.0219519166128,234
"228",2020,12,8.38709677419355,31,8.70833333333333,7.28571428571429,5.5,8.08333333333333,8.46,24,7,2,6,25,4269,3050,1219,331,1150,3119,8.05994921761537,8.46780907868852,7.03946310090238,7.2407250755287,8.15348172173913,8.02546304264187,235
"229",2021,1,8.16585365853659,41,8.415625,7.27777777777778,6.33333333333333,8.41666666666667,8.12285714285714,32,9,3,6,35,4310,3082,1228,334,1156,3154,8.06095666125291,8.46726725827384,7.04120970684039,7.2325748502994,8.15484773356402,8.02654382688649,236
"230",2021,2,8.33214285714286,28,8.68095238095238,7.28571428571429,8,5.5,8.55,21,7,1,2,26,4338,3103,1235,335,1158,3180,8.06270705624713,8.46871340315823,7.04259556275304,7.23486567164179,8.15026250431779,8.0308236572327,237
"231",2021,3,8.02927521739131,23,8.95407388888889,4.7,7.5,9.26666666666667,7.59254882352941,18,5,1,6,17,4361,3121,1240,336,1164,3197,8.06253073606971,8.47151266260813,7.03314961290323,7.23565476190476,8.15601716494846,8.02849313731623,238
"232",2021,4,7.33333333333333,21,7.76470588235294,5.5,5,6.5,7.66666666666667,17,4,3,6,15,4382,3138,1244,339,1170,3212,8.05903617982657,8.46768356277883,7.02821987138264,7.21587020648967,8.14752476923077,8.02680341220423,239
"233",2021,5,8.26315789473684,19,8.46875,7.16666666666667,7,8.2,8.28571428571429,16,3,1,5,14,4401,3154,1247,340,1175,3226,8.05991741422405,8.46768897273303,7.02855294306335,7.21523529411765,8.14774806808511,8.02792701797892,240
"234",2021,6,8.14705882352941,17,8.81818181818182,6.91666666666667,7.5,8.375,8.07692307692308,11,6,2,4,13,4418,3165,1253,342,1179,3239,8.06025272521503,8.46890711532385,7.02801717478053,7.21690058479532,8.14851906700594,8.0281236677987,241
"235",2021,7,7.85714285714286,21,7.96875,7.5,8.5,7.25,8,16,5,2,4,17,4439,3181,1258,344,1183,3256,8.05929185402118,8.46639139264382,7.02989310015898,7.22436046511628,8.14548096365173,8.02797683046683,242
"236",2021,8,7.93,20,8.16666666666667,7.575,6.33333333333333,6.96666666666667,8.1,12,8,3,3,17,4459,3193,1266,347,1186,3273,8.05871193989684,8.46526496085186,7.03333769352291,7.21665706051873,8.14249913996627,8.02835091964558,243
"237",2021,9,8.22916666666667,24,8.42105263157895,7.5,NA,8.33333333333333,8.21428571428571,19,5,0,3,21,4483,3212,1271,347,1189,3294,8.05962447914344,8.46500343088418,7.03517350118018,7.21665706051873,8.1429806391926,8.02953629629629,244
"238",2021,10,7.63,28,7.67333333333333,7.5,7.5,7.8125,7.557,21,7,2,8,20,4511,3233,1278,349,1197,3314,8.05695777876303,8.45986112588926,7.03771949921753,7.21828080229226,8.14077191311613,8.02668453832226,245
"239",2021,11,8.09090909090909,33,8.17391304347826,7.9,8.5,8.35714285714286,8.01923076923077,23,10,2,7,26,4544,3256,1288,351,1204,3340,8.05720434419015,8.45784122235871,7.04441422360249,7.22558404558405,8.14202988372093,8.02662651497005,246
"240",2021,12,8.31851851851852,27,8.83,6.85714285714286,5.5,7.52,8.5,20,7,2,5,22,4571,3276,1295,353,1209,3362,8.05874787573835,8.46011325396825,7.04340194594595,7.21580736543909,8.13945738626965,8.02972414039262,247
"241",2022,1,7.46,35,7.88888888888889,7.00588235294118,7.32,5.5,7.86551724137931,18,17,5,6,29,4606,3294,1312,358,1215,3391,8.05419811984368,8.45699180935033,7.04291579268293,7.2172625698324,8.12642302880659,8.02831983485697,248
"242",2022,2,8.01225806451613,31,8.36869565217391,6.9875,6,8.2,7.97615384615385,23,8,1,5,26,4637,3317,1320,359,1220,3417,8.05391773560492,8.45637956587277,7.04257993939394,7.21387186629526,8.1267245737705,8.0279229031314,249
"243",2022,3,7.96363636363636,22,8.12941176470588,7.4,6,7.64,8.05882352941176,17,5,1,5,17,4659,3334,1325,360,1225,3434,8.05349142305216,8.45471236352729,7.04392869433963,7.2105,8.12473794285715,8.02807587652883,250
"244",2022,4,8.11111111111111,18,8.46666666666667,7.4,6,7,8.25,12,6,1,2,16,4677,3346,1331,361,1227,3450,8.0537131793885,8.4547552361028,7.04553382419234,7.20714681440443,8.12290462917686,8.02910508985507,251
"245",2022,5,8.25806451612903,31,8.6,7.63636363636364,8,8.27272727272727,8.25,20,11,3,11,20,4708,3366,1342,364,1238,3470,8.05505873831776,8.45561824717765,7.05037669150522,7.21368131868132,8.12423584814217,8.03037825936599,252
"246",2022,6,8.51764705882353,17,8.87857142857143,6.83333333333333,NA,8.75,8.44615384615385,14,3,0,4,13,4725,3380,1345,364,1242,3483,8.05672307724868,8.45737012426034,7.04989257992565,7.21368131868132,8.12625119162641,8.03193010623026,253
"247",2022,7,7.7962962962963,27,8.5,6.91666666666667,3.5,6,8.10869565217391,15,12,2,4,23,4752,3395,1357,366,1246,3506,8.05524337962963,8.45755847422679,7.04871445836404,7.19338797814208,8.11942534510434,8.03243370222475,254
"248",2022,8,7.82142857142857,42,8.548,6.75294117647059,6.125,6.84444444444444,8.08787878787879,25,17,4,9,33,4794,3420,1374,370,1255,3539,8.05319493950772,8.45821959649122,7.0450549636099,7.18183783783784,8.1102820557769,8.03295070923989,255
"249",2022,9,8.03448275862069,29,8.425,7.16666666666667,5,8.5,7.96,20,9,1,4,25,4823,3440,1383,371,1259,3564,8.05308242587602,8.45802645930232,7.04584636297903,7.17595687331536,8.11152023828436,8.03243898989899,256
"250",2022,10,7.64516129032258,31,8.18181818181818,6.33333333333333,7,8.14285714285714,7.5,22,9,1,7,24,4854,3462,1392,372,1266,3588,8.05047724351051,8.4562712362796,7.04123959770115,7.17548387096774,8.11169350710901,8.02887752508361,257
"251",2022,11,7.79333333333333,30,8.04210526315789,7.36363636363636,7.66666666666667,7.95,7.76923076923077,19,11,3,4,26,4884,3481,1403,375,1270,3614,8.04889773546274,8.45401063487502,7.04376729864576,7.17941333333333,8.11118423622048,8.02700956281129,258
"252",2022,12,8.2875,24,8.69333333333333,7.61111111111111,8,8.61666666666667,8.17777777777778,15,9,1,6,18,4908,3496,1412,376,1276,3632,8.05006449470253,8.45503747711669,7.04738351274788,7.18159574468085,8.11356111285267,8.02775676211454,259
