"","year","month","avg_rating","no_ratings","avg_rating_owned","avg_rating_not_owned","avg_rating_prev_owned","avg_rating_comment","avg_rating_no_comment","no_ratings_owned","no_ratings_not_owned","no_ratings_prev_owned","no_ratings_comment","no_ratings_no_comment","cum_no_ratings","cum_no_ratings_owned","cum_no_ratings_not_owned","cum_no_ratings_prev_owned","cum_no_ratings_comment","cum_no_ratings_no_comment","cum_avg_rating","cum_avg_rating_owned","cum_avg_rating_not_owned","cum_avg_rating_prev_owned","cum_avg_rating_comment","cum_avg_rating_no_comment","month_after_release"
"1",2004,3,8.66666666666667,3,8.66666666666667,NA,NA,9,8,3,0,0,2,1,3,3,0,0,2,1,8.66666666666667,8.66666666666667,NA,NA,9,8,0
"2",2004,4,8.1,10,8.125,8,NA,8,8.25,8,2,0,6,4,13,11,2,0,8,5,8.23076923076923,8.27272727272727,8,NA,8.25,8.2,1
"3",2004,5,8.36666666666667,3,8.36666666666667,NA,NA,9,8.05,3,0,0,1,2,16,14,2,0,9,7,8.25625,8.29285714285714,8,NA,8.33333333333333,8.15714285714286,2
"4",2004,6,7.39615384615385,26,7.64736842105263,6.71428571428571,8.5,7.39375,7.4,19,7,2,16,10,42,33,9,2,25,17,7.72380952380952,7.92121212121212,7,8.5,7.732,7.71176470588235,3
"5",2004,7,7.20588235294118,17,7.4,6.92857142857143,7,6.875,7.5,10,7,1,8,9,59,43,16,3,33,26,7.57457627118644,7.8,6.96875,8,7.52424242424242,7.63846153846154,4
"6",2004,8,6.77272727272727,11,7.28571428571429,5.875,NA,5.75,7.35714285714286,7,4,0,4,7,70,50,20,3,37,33,7.44857142857143,7.728,6.75,8,7.33243243243243,7.57878787878788,5
"7",2004,9,6.6,10,7.28571428571429,5,NA,6.33333333333333,7,7,3,0,6,4,80,57,23,3,43,37,7.3425,7.67368421052632,6.52173913043478,8,7.19302325581395,7.51621621621622,6
"8",2004,10,7.17857142857143,21,7.42647058823529,6.125,7,7.275,7.09090909090909,17,4,1,10,11,101,74,27,4,53,48,7.30841584158416,7.61689189189189,6.46296296296296,7.75,7.20849056603774,7.41875,7
"9",2004,11,6.39473684210526,19,7.25,5.44444444444444,4.5,5.5625,7,10,9,2,8,11,120,84,36,6,61,59,7.16375,7.57321428571429,6.20833333333333,6.66666666666667,6.99262295081967,7.34067796610169,8
"10",2004,12,7.321875,16,7.48333333333333,6.8375,9,7.39375,7.25,12,4,1,8,8,136,96,40,7,69,67,7.18235294117647,7.56197916666667,6.27125,7,7.03913043478261,7.32985074626866,9
"11",2005,1,7.31818181818182,11,7.5,7,7.5,7.75,7.07142857142857,7,4,2,4,7,147,103,44,9,73,74,7.19251700680272,7.55776699029126,6.3375,7.11111111111111,7.07808219178082,7.3054054054054,10
"12",2005,2,7.13333333333333,15,7.21875,7.03571428571429,7.5,6.9,7.6,8,7,2,10,5,162,111,51,11,83,79,7.18703703703704,7.53333333333333,6.43333333333333,7.18181818181818,7.0566265060241,7.32405063291139,11
"13",2005,3,7,21,7.1,6.75,NA,6.78571428571429,7.10714285714286,15,6,0,7,14,183,126,57,11,90,93,7.1655737704918,7.48174603174603,6.46666666666667,7.18181818181818,7.03555555555556,7.29139784946236,12
"14",2005,4,7.26190476190476,21,7.39285714285714,7,NA,7.57692307692308,6.75,14,7,0,13,8,204,140,64,11,103,101,7.17549019607843,7.47285714285714,6.525,7.18181818181818,7.10388349514563,7.24851485148515,13
"15",2005,5,6.41666666666667,15,6.85714285714286,6.03125,7,7.03571428571429,5.875,7,8,1,7,8,219,147,72,12,110,109,7.12351598173516,7.44353741496599,6.47013888888889,7.16666666666667,7.09954545454545,7.14770642201835,14
"16",2005,6,7.32142857142857,14,7.5,6.66666666666667,7,7.0625,7.66666666666667,11,3,1,8,6,233,158,75,13,118,115,7.13540772532189,7.44746835443038,6.478,7.15384615384615,7.09703389830509,7.17478260869565,15
"17",2005,7,6.90909090909091,11,7.05555555555556,6.25,7.5,6.8,7,9,2,1,5,6,244,167,77,14,123,121,7.12520491803279,7.42634730538922,6.47207792207792,7.17857142857143,7.0849593495935,7.16611570247934,16
"18",2005,8,7.05,20,7.41666666666667,6.5,7,6.75,7.5,12,8,1,12,8,264,179,85,15,135,129,7.11950757575758,7.42569832402235,6.47470588235294,7.16666666666667,7.05518518518519,7.18682170542636,17
"19",2005,9,7.03125,16,7.54166666666667,5.5,5.5,7.16666666666667,6.85714285714286,12,4,2,9,7,280,191,89,17,144,136,7.11446428571429,7.43298429319372,6.43089887640449,6.97058823529412,7.06215277777778,7.16985294117647,18
"20",2005,10,7.26315789473684,19,7.36666666666667,6.875,6.25,7.25,7.27272727272727,15,4,2,8,11,299,206,93,19,152,147,7.12391304347826,7.42815533980582,6.45,6.89473684210526,7.07203947368421,7.17755102040816,19
"21",2005,11,6.96666666666667,15,7.15384615384615,5.75,NA,6.91666666666667,7,13,2,0,6,9,314,219,95,19,158,156,7.11640127388535,7.41187214611872,6.43526315789474,6.89473684210526,7.06613924050633,7.16730769230769,20
"22",2005,12,7.57142857142857,7,7.57142857142857,NA,NA,7.5,7.66666666666667,7,0,0,4,3,321,226,95,19,162,159,7.12632398753894,7.41681415929203,6.43526315789474,6.89473684210526,7.07685185185185,7.17672955974843,21
"23",2006,1,6.88529411764706,34,7.22380952380952,6.33846153846154,7.08333333333333,6.70526315789474,7.11333333333333,21,13,6,19,15,355,247,108,25,181,174,7.10323943661972,7.40040485829959,6.42361111111111,6.94,7.0378453038674,7.17126436781609,22
"24",2006,2,7.10526315789474,19,7.5,6.66666666666667,7,7.04545454545455,7.1875,10,9,1,11,8,374,257,117,26,192,182,7.1033422459893,7.40428015564202,6.44230769230769,6.94230769230769,7.03828125,7.17197802197802,23
"25",2006,3,7.22352941176471,17,7.45454545454545,6.8,7,6.75,7.48181818181818,11,6,1,6,11,391,268,123,27,198,193,7.10856777493606,7.40634328358209,6.45975609756097,6.94444444444444,7.02954545454546,7.18963730569948,24
"26",2006,4,6.94117647058824,17,7.54545454545455,5.83333333333333,6,6.25,7.55555555555556,11,6,1,8,9,408,279,129,28,206,202,7.1015931372549,7.41182795698925,6.43062015503876,6.91071428571429,6.99927184466019,7.20594059405941,25
"27",2006,5,7,20,7.375,6.4375,7.125,7,7,12,8,4,10,10,428,291,137,32,216,212,7.09684579439252,7.41030927835051,6.43102189781022,6.9375,6.99930555555556,7.19622641509434,26
"28",2006,6,6.78125,16,7,6.41666666666667,6,6.78571428571429,6.77777777777778,10,6,1,7,9,444,301,143,33,223,221,7.08547297297297,7.39667774086379,6.43041958041958,6.90909090909091,6.99260089686099,7.17918552036199,27
"29",2006,7,6.91145,20,7.06666666666667,6.4458,6.75,7.31842857142857,6.69230769230769,15,5,2,7,13,464,316,148,35,230,234,7.07797198275862,7.38101265822785,6.43093918918919,6.9,7.00251739130435,7.15213675213675,28
"30",2006,8,6.71875,16,6.95454545454545,6.2,6.5,6.5,6.85,11,5,2,6,10,480,327,153,37,236,244,7.06599791666667,7.36666666666667,6.42339215686275,6.87837837837838,6.98974152542373,7.13975409836066,29
"31",2006,9,7.02631578947368,19,7,7.07142857142857,7,7.1,6.94444444444444,12,7,1,10,9,499,339,160,38,246,253,7.0644869739479,7.35368731563422,6.45174375,6.88157894736842,6.99422357723577,7.13280632411067,30
"32",2006,10,6.91851851851852,27,7.37857142857143,6.42307692307692,6.75,6.7,7.15384615384615,14,13,4,14,13,526,353,173,42,260,266,7.05699429657795,7.35467422096317,6.44958959537572,6.86904761904762,6.97838076923077,7.13383458646616,31
"33",2006,11,6.91379310344828,29,7.08333333333333,6.63636363636364,7.25,6.66666666666667,7.08823529411765,18,11,4,12,17,555,371,184,46,272,283,7.04951171171171,7.34150943396226,6.46075543478261,6.90217391304348,6.96462867647059,7.13109540636042,32
"34",2006,12,7,28,7.09523809523809,6.71428571428571,6.66666666666667,7.20833333333333,6.84375,21,7,3,12,16,583,392,191,49,284,299,7.04713379073756,7.32831632653061,6.47004712041885,6.88775510204082,6.97492605633803,7.11571906354515,33
"35",2007,1,6.82258064516129,31,7.04545454545455,6.27777777777778,NA,6.76666666666667,6.875,22,9,0,15,16,614,414,200,49,299,315,7.03579641693811,7.31328502415459,6.461395,6.88775510204082,6.96447826086957,7.10349206349206,34
"36",2007,2,6.77319,33,7.36842105263158,5.96537642857143,NA,6.91666666666667,6.69120333333333,19,14,0,12,21,647,433,214,49,311,336,7.02240227202473,7.31570438799076,6.42894518691589,6.88775510204082,6.96263344051447,7.07772401785714,35
"37",2007,3,7.125,24,7.5,6,6.83333333333333,6.9,7.28571428571429,18,6,3,10,14,671,451,220,52,321,350,7.02607193740686,7.32305986696231,6.41724668181818,6.88461538461539,6.96068224299066,7.08604362857143,36
"38",2007,4,7.04285714285714,35,7.25,6.76666666666667,7.16666666666667,7,7.06,20,15,3,10,25,706,471,235,55,331,375,7.02690406515581,7.31995753715499,6.43955008510638,6.9,6.96187009063444,7.08430738666667,37
"39",2007,5,7.17441860465116,43,7.2037037037037,7.125,7.6,7.61111111111111,6.86,27,16,5,18,25,749,498,251,60,349,400,7.03537285714286,7.31365461847389,6.48324410358566,6.95833333333333,6.9953553008596,7.070288175,38
"40",2007,6,7.08137254901961,51,7.43,6.31875,6.26666666666667,7.55555555555556,6.82272727272727,35,16,3,18,33,800,533,267,63,367,433,7.0383053375,7.32129455909944,6.47338677902622,6.92539682539683,7.0228310626703,7.05142094688222,39
"41",2007,7,7.42948717948718,39,7.45526315789474,7.405,7.5,7.46875,7.40217391304348,19,20,4,16,23,839,552,287,67,383,456,7.0564889988081,7.32590579710145,6.53830756097561,6.95970149253731,7.04145953002611,7.06911243421053,40
"42",2007,8,7.11470588235294,34,7.32608695652174,6.67272727272727,6,7.03125,7.18888888888889,23,11,1,16,18,873,575,298,68,399,474,7.05875632302405,7.32591304347826,6.54326936241611,6.94558823529412,7.04105012531328,7.073660907173,41
"43",2007,9,7.24193548387097,31,7.5,6.7,7,7.08333333333333,7.34210526315789,21,10,2,12,19,904,596,308,70,411,493,7.06503790929203,7.33204697986577,6.54835801948052,6.94714285714286,7.04228467153285,7.08400663286004,42
"44",2007,10,6.92625,40,7.02291666666667,6.78125,7.16666666666667,7.44642857142857,6.64615384615385,24,16,6,14,26,944,620,324,76,425,519,7.05915706567797,7.32008064516129,6.55985885802469,6.96447368421053,7.05559764705882,7.06207181117534,43
"45",2007,11,7.03409090909091,44,7.20689655172414,6.7,6,6.84,7.13448275862069,29,15,1,15,29,988,649,339,77,440,548,7.05804075910931,7.31502311248074,6.56605979351032,6.95194805194805,7.04824772727273,7.06590377737226,44
"46",2007,12,6.84210526315789,38,7.16071428571429,5.95,6,6.73076923076923,6.9,28,10,2,13,25,1026,677,349,79,453,573,7.05004314814815,7.30864106351551,6.5484076504298,6.92784810126582,7.03913686534216,7.05866539267016,45
"47",2008,1,7.25344827586207,58,7.28947368421053,7.185,6.21428571428571,6.91875,7.38095238095238,38,20,7,16,42,1084,715,369,86,469,615,7.06092644833948,7.30762237762238,6.58291130081301,6.86976744186046,7.03502985074627,7.08067523577236,46
"48",2008,2,7.42647058823529,34,7.55263157894737,7.26666666666667,8.625,7.56923076923077,7.33809523809524,19,15,4,13,21,1118,734,384,90,482,636,7.07204317531306,7.31396457765668,6.60962049479167,6.94777777777778,7.0494377593361,7.08917495283019,47
"49",2008,3,7.28297872340426,47,7.39655172413793,7.1,6.75,7.39473684210526,7.20714285714286,29,18,6,19,28,1165,763,402,96,501,664,7.08055302145923,7.31710353866317,6.63157778606965,6.93541666666667,7.06253293413174,7.09414950301205,48
"50",2008,4,6.96744186046512,43,7.02307692307692,6.88235294117647,7.625,7.18571428571429,6.86206896551724,26,17,4,14,29,1208,789,419,100,515,693,7.07652671357616,7.3074144486692,6.64175243436754,6.963,7.06588155339806,7.08443761904762,49
"51",2008,5,7.05892857142857,28,7.68928571428571,6.42857142857143,8,7.29444444444444,6.94736842105263,14,14,2,9,19,1236,803,433,102,524,712,7.07612805016181,7.31407222914072,6.63485974595843,6.98333333333333,7.0698072519084,7.08077987359551,50
"52",2008,6,6.859375,32,7.51470588235294,6.11666666666667,6.75,7.31818181818182,6.61904761904762,17,15,4,11,21,1268,820,448,106,535,733,7.07065794164038,7.31823170731707,6.61750953125,6.97452830188679,7.07491401869159,7.06755152796726,51
"53",2008,7,6.77717391304348,46,7.275,5.84375,6.125,6.90588235294118,6.70172413793103,30,16,8,17,29,1314,850,464,114,552,762,7.06038376712329,7.31670588235294,6.59082816810345,6.91491228070175,7.06970833333333,7.05362896325459,52
"54",2008,8,7.04166666666667,36,7.60526315789474,6.41176470588235,6.5,6.42857142857143,7.43181818181818,19,17,8,14,22,1350,869,481,122,566,784,7.05988464444444,7.32301495972382,6.58449952182952,6.88770491803279,7.05384982332156,7.06424141581633,53
"55",2008,9,7.10277777777778,36,7.64210526315789,6.5,6.25,7.1,7.1047619047619,19,17,10,15,21,1386,888,498,132,581,805,7.06099875180375,7.32984234234234,6.581615,6.83939393939394,7.0550413080895,7.06529847204969,54
"56",2008,10,6.97368421052632,38,7.22,6.5,6.2,6.75,7.07692307692308,25,13,5,12,26,1424,913,511,137,593,831,7.05866872893258,7.32683461117196,6.5795386888454,6.81605839416058,7.04886846543002,7.06566217809868,55
"57",2008,11,6.67692307692308,39,7.07,6.26315789473684,6,7.28333333333333,6.40740740740741,20,19,5,12,27,1463,933,530,142,605,858,7.0484923239918,7.32132904608789,6.56819673584906,6.78732394366197,7.05351900826446,7.04494786713287,56
"58",2008,12,6.99358974358974,39,7.20192307692308,6.57692307692308,6.7,7.44642857142857,6.74,26,13,5,14,25,1502,959,543,147,619,883,7.04706675765646,7.31809176225235,6.56840565377532,6.7843537414966,7.06240549273021,7.03631400906002,57
"59",2009,1,6.86206896551724,58,7.11666666666667,6.58928571428571,6.06666666666667,6.76086956521739,6.92857142857143,30,28,15,23,35,1560,989,571,162,642,918,7.04018863461538,7.31198179979777,6.56942954465849,6.7179012345679,7.05160280373832,7.03220617647059,58
"60",2009,2,6.73382352941176,68,6.96774193548387,6.53783783783784,6.62727272727273,6.74166666666667,6.73214285714286,31,37,11,12,56,1628,1020,608,173,654,974,7.02739205773956,7.30151960784314,6.56750702302632,6.7121387283237,7.04591590214067,7.01495407597536,59
"61",2009,3,6.71969696969697,66,7.1734375,6.29264705882353,5.97222222222222,7,6.67543859649123,32,34,18,9,57,1694,1052,642,191,663,1031,7.01540393742621,7.29762357414449,6.55295057632399,6.64240837696335,7.04529260935143,6.99618357904947,60
"62",2009,4,7.11904761904762,42,7.77272727272727,6.4,5.66666666666667,7.50625,6.88076923076923,22,20,3,16,26,1736,1074,662,194,679,1057,7.01791144585253,7.30735567970205,6.54832971299094,6.62731958762887,7.05615463917526,6.99334462630085,61
"63",2009,5,6.94705882352941,51,7.58333333333333,6.38148148148148,6.08571428571429,7.13333333333333,6.88974358974359,24,27,7,12,39,1787,1098,689,201,691,1096,7.01588935086737,7.31338797814208,6.54179139332366,6.60845771144279,7.05749493487699,6.98965809306569,62
"64",2009,6,6.81086956521739,46,7.38095238095238,6.332,6.27777777777778,6.31818181818182,6.96571428571429,21,25,9,11,35,1833,1119,714,210,702,1131,7.01074428259683,7.31465594280608,6.53444575630252,6.59428571428571,7.04591025641026,6.98891712643678,63
"65",2009,7,6.7,56,7.15757575757576,6.04347826086957,6.65,6.5,6.78,33,23,10,16,40,1889,1152,737,220,718,1171,7.00153217046056,7.31015625,6.51912383989145,6.59681818181818,7.03374512534819,6.98178076003416,64
"66",2009,8,6.77222222222222,45,7.02272727272727,6.53260869565217,6.05,7.42307692307692,6.5078125,22,23,5,13,32,1934,1174,760,225,731,1203,6.99619662357808,7.30477001703577,6.51953193421053,6.58466666666667,7.04066894664843,6.96917312551954,65
"67",2009,9,6.84054054054054,37,7.23,6.38235294117647,6.375,7.25,6.68888888888889,20,17,4,10,27,1971,1194,777,229,741,1230,6.99327461694571,7.3035175879397,6.51653059202059,6.58100436681223,7.04349392712551,6.96302054471545,66
"68",2009,10,6.63787878787879,66,6.98055555555556,6.22666666666667,6.16428571428571,6.52941176470588,6.67551020408163,36,30,14,17,49,2037,1230,807,243,758,1279,6.98175958271969,7.29406504065041,6.50575498141264,6.55699588477366,7.03196437994723,6.95200568412823,67
"69",2009,11,6.63333333333333,57,6.9,6.35714285714286,6.56666666666667,6.95833333333333,6.54666666666667,29,28,15,12,45,2094,1259,835,258,770,1324,6.97227520057307,7.28498808578237,6.50077158083832,6.55755813953488,7.03081688311688,6.93822905589124,68
"70",2009,12,6.62090909090909,55,6.9875,6.24074074074074,6.2,6.79545454545455,6.57727272727273,28,27,10,11,44,2149,1287,862,268,781,1368,6.96328258259656,7.27851592851593,6.49262676334107,6.54421641791045,7.0275019206146,6.92661934941521,69
"71",2010,1,7.06048387096774,62,7.2241935483871,6.89677419354839,6.61538461538461,6.9375,7.10326086956522,31,31,13,16,46,2211,1318,893,281,797,1414,6.96600826322931,7.27723823975721,6.50665651735722,6.54750889679715,7.02569510664994,6.93236582036775,70
"72",2010,2,6.84227272727273,44,7.07428571428571,6.6304347826087,7,7,6.81736842105263,21,23,7,6,38,2255,1339,916,288,803,1452,6.9635939113082,7.27405526512323,6.50976448689956,6.55850694444444,7.02550311332503,6.92935624655648,71
"73",2010,3,6.73295454545455,44,6.79545454545455,6.67045454545455,6.72222222222222,6.875,6.6796875,22,22,9,12,32,2299,1361,938,297,815,1484,6.95917976076555,7.26631888317414,6.51353333688699,6.56346801346801,7.02328711656442,6.92397255390836,72
"74",2010,4,6.94574468085106,47,7.40555555555556,6.66034482758621,6.54166666666667,6.75,6.99864864864865,18,29,12,10,37,2346,1379,967,309,825,1521,6.95891060102302,7.2681363306744,6.51793616339193,6.5626213592233,7.01997454545455,6.9257891321499,73
"75",2010,5,6.7,36,7.06190476190476,6.19333333333333,6,6.82,6.65384615384615,21,15,3,10,26,2382,1400,982,312,835,1547,6.95499759445844,7.26504285714286,6.51297787169043,6.55721153846154,7.01757964071856,6.92121866192631,74
"76",2010,6,7.19807692307692,26,7.29,7.140625,7.1,7.4,7.1375,10,16,10,6,20,2408,1410,998,322,841,1567,6.9576222051495,7.26521985815603,6.5230403507014,6.57406832298137,7.0203079667063,6.92397911295469,75
"77",2010,7,6.68055555555556,36,7.55,5.59375,6.5,7.15,6.5,20,16,2,10,26,2444,1430,1014,324,851,1593,6.95354102700491,7.2692027972028,6.50837699211045,6.57361111111111,7.02183196239718,6.91705917765223,76
"78",2010,8,7.02903225806452,31,7.15,6.9,6.66666666666667,7.25,6.95217391304348,16,15,3,8,23,2475,1446,1029,327,859,1616,6.95448657373738,7.26788381742738,6.51408578231293,6.57446483180428,7.02395692665891,6.91755895420792,77
"79",2010,9,6.68518518518519,27,7.09375,6.09090909090909,6.08333333333333,7.625,6.52173913043478,16,11,6,4,23,2502,1462,1040,333,863,1639,6.95158044364508,7.2659781121751,6.509609875,6.56561561561562,7.02674275782155,6.91200443563148,78
"80",2010,10,7.2948275862069,29,7.71578947368421,6.495,6.69166666666667,7.25,7.30416666666667,19,10,6,5,24,2531,1481,1050,339,868,1663,6.95551334255235,7.27174881836597,6.50947073333333,6.56784660766962,7.02802880184332,6.91766402285027,79
"81",2010,11,7.08333333333333,48,7.54838709677419,6.23529411764706,6.91666666666667,6.875,7.11309523809524,31,17,3,6,42,2579,1512,1067,342,874,1705,6.95789231097325,7.27742063492063,6.50510240862231,6.57090643274854,7.02697826086956,6.92247816422287,80
"82",2010,12,7.01228070175439,57,7.55333333333333,6.41111111111111,6.50833333333333,7.05,7.00222222222222,30,27,12,12,45,2636,1542,1094,354,886,1750,6.95906838770865,7.28278858625162,6.50278269652651,6.56878531073446,7.02729006772009,6.92452872571429,81
"83",2011,1,7.18666666666667,45,7.51,6.54,6.75,6.58,7.36,30,15,6,10,35,2681,1572,1109,360,896,1785,6.96288857515852,7.28712468193384,6.50328608656447,6.57180555555556,7.02229799107143,6.93306737815126,82
"84",2011,2,7.05945945945946,37,7.54285714285714,6.425,6.5,6.55555555555556,7.22142857142857,21,16,3,9,28,2718,1593,1125,363,905,1813,6.96420318984548,7.29049591964846,6.50217268444444,6.57121212121212,7.01765635359116,6.93752083287369,83
"85",2011,3,6.995,34,7.50157894736842,6.35333333333333,6.475,6,7.12766666666667,19,15,4,4,30,2752,1612,1140,367,909,1843,6.96458367369186,7.29298387096774,6.50021427192983,6.57016348773842,7.01317821782178,6.94061599023332,84
"86",2011,4,6.87946153846154,39,7.38888888888889,6.44280952380952,7.33333333333333,6.48461538461538,7.07688461538461,18,21,6,13,26,2791,1630,1161,373,922,1869,6.96339422070943,7.29404294478527,6.49917594315246,6.58243967828418,7.00572559652928,6.94251164794008,85
"87",2011,5,6.81,30,7.13529411764706,6.38461538461539,6.2,7.25,6.74230769230769,17,13,5,4,26,2821,1647,1174,378,926,1895,6.96176294576392,7.2924043715847,6.49790738500852,6.57738095238095,7.0067807775378,6.93976478627968,86
"88",2011,6,6.5051724137931,29,6.97307692307692,6.125,6,6.4,6.52708333333333,13,16,7,5,24,2850,1660,1190,385,931,1919,6.95711693684211,7.28990361445783,6.49289350420168,6.56688311688312,7.00352201933405,6.93460357998958,87
"89",2011,7,6.29090909090909,22,6.75,6.02857142857143,5.96666666666667,5.75,6.41111111111111,8,14,3,4,18,2872,1668,1204,388,935,1937,6.95201367339833,7.28731414868105,6.487494410299,6.56224226804124,6.99815935828877,6.92973891068663,88
"90",2011,8,6.725,32,7.27647058823529,6.1,5.375,5.75,6.95,17,15,4,6,26,2904,1685,1219,392,941,1963,6.94951214531681,7.28720474777448,6.4827262264151,6.55012755102041,6.99020085015941,6.93000726948548,89
"91",2011,9,6.825,20,7.05,6.6,6.08333333333333,7.3,6.66666666666667,10,10,6,5,15,2924,1695,1229,398,946,1978,6.94866048905609,7.28580530973451,6.48368044751831,6.54309045226131,6.99183826638478,6.92801024772498,90
"92",2011,10,6.74814814814815,27,7.17142857142857,6.6,6.4375,6.91666666666667,6.7,7,20,8,6,21,2951,1702,1249,406,952,1999,6.94682591324975,7.28533490011751,6.48554305044035,6.54100985221675,6.99136449579832,6.92561494247124,91
"93",2011,11,6.6,32,7.5,6.12857142857143,6.35714285714286,6.58888888888889,6.60434782608696,11,21,7,9,23,2983,1713,1270,413,961,2022,6.9431053536708,7.2867133683596,6.47964037007874,6.53789346246973,6.98759521331946,6.92196056874382,92
"94",2011,12,6.51315789473684,19,6.975,6,5.75,7.58333333333333,6.3125,10,9,4,3,16,3002,1723,1279,417,964,2038,6.94038416722186,7.28490423679628,6.47626526192338,6.53033573141487,6.98944917012448,6.91717579489696,93
"95",2012,1,6.82317073170732,41,6.95192307692308,6.6,6.5,7,6.78676470588235,26,15,2,7,34,3043,1749,1294,419,971,2072,6.93880488662504,7.2799542595769,6.47769959041731,6.53019093078759,6.98952523171988,6.9150358445946,94
"96",2012,2,6.72083333333333,24,6.95833333333333,6.48333333333333,6,7.1,6.66666666666667,12,12,4,3,21,3067,1761,1306,423,974,2093,6.93709920769482,7.27776263486655,6.47775135528331,6.52517730496454,6.98986550308008,6.91254384615385,95
"97",2012,3,6.9,24,7.36428571428571,6.25,6.2,7.65,6.75,14,10,5,4,20,3091,1775,1316,428,978,2113,6.93681115173083,7.27844507042253,6.4760207218845,6.5213785046729,6.9925654396728,6.91100533364884,96
"98",2012,4,6.83131578947368,38,7.15,6.59954545454545,6.265,6.8,6.84407407407407,16,22,6,11,27,3129,1791,1338,434,989,2140,6.93552996804091,7.27729759910664,6.47805177130045,6.51783410138249,6.99042366026289,6.91016087383178,97
"99",2012,5,7.24,25,7.30555555555556,7.07142857142857,7,7,7.25,18,7,2,1,24,3154,1809,1345,436,990,2164,6.93794333227648,7.27757877280265,6.48113997769517,6.52004587155963,6.99043333333333,6.9139298844732,98
"100",2012,6,6.84615384615385,26,6.78125,6.95,7.25,7,6.83333333333333,16,10,2,2,24,3180,1825,1355,438,992,2188,6.93719285220126,7.27322739726027,6.48460019926199,6.52337899543379,6.99045262096774,6.91304582723949,99
"101",2012,7,6.82619047619048,21,7.11111111111111,6.6125,6.8,6.71428571428571,6.88214285714286,9,12,5,7,14,3201,1834,1367,443,999,2202,6.93646462667917,7.27243184296619,6.48572294806145,6.52650112866817,6.98851751751752,6.91284935059037,100
"102",2012,8,7.02777777777778,18,7.125,6.83333333333333,7,6.9,7.07692307692308,12,6,1,5,13,3219,1846,1373,444,1004,2215,6.93697523143834,7.27147345612134,6.48724200291333,6.52756756756757,6.98807669322709,6.91381231151242,101
"103",2012,9,6.63461538461539,26,6.96153846153846,6.30769230769231,6.5,6.25,6.70454545454545,13,13,6,4,22,3245,1859,1386,450,1008,2237,6.93455262557781,7.26930607853685,6.48555791486292,6.5272,6.98514781746032,6.9117542556996,102
"104",2012,10,6.52222222222222,27,6.84615384615385,6.22142857142857,5,5.92857142857143,6.73,13,14,4,7,20,3272,1872,1400,454,1015,2257,6.93115014364303,7.26636752136752,6.48291662142857,6.51374449339207,6.97786108374384,6.91014367301728,103
"105",2012,11,6.41739130434783,23,6.82857142857143,5.77777777777778,5.5,6.5,6.405,14,9,2,3,20,3295,1886,1409,456,1018,2277,6.92756396661609,7.26311770943796,6.47841254080909,6.50929824561404,6.97645284872299,6.9057067501098,104
"106",2012,12,6.6,30,6.93333333333333,6.26666666666667,6,5.75,6.73076923076923,15,15,8,4,26,3325,1901,1424,464,1022,2303,6.92460850225564,7.26051551814834,6.47618207162922,6.50051724137931,6.97165264187867,6.90373177160226,105
"107",2013,1,6.8725,40,7.26666666666667,6.28125,7.25,7.57142857142857,6.72424242424242,24,16,4,7,33,3365,1925,1440,468,1029,2336,6.9239890846954,7.26059220779221,6.47401615972222,6.50692307692308,6.97573275024296,6.90119617722603,106
"108",2013,2,6.5125,24,7.01875,5.5,4.5,5.7,6.72631578947368,16,8,2,5,19,3389,1941,1448,470,1034,2355,6.92107502803187,7.25859866048429,6.46863485497238,6.4983829787234,6.96956382978724,6.89978525265393,107
"109",2013,3,6.80357142857143,28,7.3,6.30714285714286,6.16,6.88571428571429,6.77619047619048,14,14,5,7,21,3417,1955,1462,475,1041,2376,6.92011216564238,7.25889514066496,6.46708841997264,6.49482105263158,6.969,6.89869287457913,108
"110",2013,4,6.91578947368421,19,6.9,6.93333333333333,7,6.98,6.89285714285714,10,9,2,5,14,3436,1965,1471,477,1046,2390,6.92008826251455,7.25706870229008,6.46994104010877,6.4969392033543,6.96905258126195,6.89865869037657,109
"111",2013,5,6.94444444444444,27,7.71428571428571,6.11538461538461,5.85714285714286,7,6.93181818181818,14,13,7,5,22,3463,1979,1484,484,1051,2412,6.92027816055443,7.26030318342597,6.46683508760108,6.48768595041322,6.96919980970504,6.89896114013267,110
"112",2013,6,6.8,10,7.66666666666667,5.5,6,8,6.66666666666667,6,4,3,1,9,3473,1985,1488,487,1052,2421,6.91993183702851,7.26153148614609,6.46423606854839,6.484681724846,6.97017965779468,6.89809759190417,111
"113",2013,7,6.15384615384615,13,6,6.4,5,5.5,6.20833333333333,8,5,2,1,12,3486,1993,1493,489,1053,2433,6.91707494836489,7.25646763672855,6.46402094440723,6.47860940695297,6.96878347578348,6.8946955487053,112
"114",2013,8,6.465625,16,6.45,6.49166666666667,6.75,6.58333333333333,6.43846153846154,10,6,1,3,13,3502,2003,1499,490,1056,2446,6.91501235579669,7.25244133799301,6.46413160106738,6.47916326530612,6.9676884469697,6.89227075633688,113
"115",2013,9,7.2,15,7.33333333333333,7,7.5,6.66666666666667,7.33333333333333,9,6,2,3,12,3517,2012,1505,492,1059,2458,6.91622782769406,7.25280318091451,6.46626795348837,6.48331300813008,6.96683569405099,6.89442403173312,114
"116",2013,10,7.02941176470588,17,7.60714285714286,4.33333333333333,5,7.66666666666667,6.89285714285714,14,3,1,3,14,3534,2026,1508,493,1062,2472,6.91677228919072,7.25525172754195,6.46202471485411,6.48030425963489,6.96881261770245,6.89441515776699,115
"117",2013,11,6.53333333333333,15,7.25,5.1,5.25,8,6.42857142857143,10,5,2,1,14,3549,2036,1513,495,1063,2486,6.91515166807552,7.25522593320236,6.45752364177132,6.47533333333333,6.96978269049859,6.89179174175382,116
"118",2013,12,6.26363636363636,22,6.9,5.5,5.2,5,6.63529411764706,12,10,5,5,17,3571,2048,1523,500,1068,2503,6.91113785214226,7.25314453125,6.45123655285621,6.46258,6.96056086142322,6.89004964842189,117
"119",2014,1,6.20357142857143,28,6.73125,5.5,6,5.8,6.29130434782609,16,12,3,5,23,3599,2064,1535,503,1073,2526,6.90563302861906,7.2490988372093,6.44380017589577,6.45982107355865,6.95515284249767,6.88459788994458,118
"120",2014,2,6.565625,32,6.80625,6.325,6.5,7,6.33809523809524,16,16,6,11,21,3631,2080,1551,509,1084,2547,6.90263653814376,7.24569230769231,6.44257464216635,6.46029469548134,6.95560793357934,6.88009197879859,119
"121",2014,3,6.59722222222222,18,6.75,6.44444444444444,6.64285714285714,7,6.51666666666667,9,9,7,3,15,3649,2089,1560,516,1087,2562,6.90112997259523,7.24355672570608,6.44258542948718,6.46277131782946,6.95573045078197,6.87796419594067,120
"122",2014,4,6.83888888888889,18,8.01666666666667,6.25,6.625,7.45,6.66428571428571,6,12,4,4,14,3667,2095,1572,520,1091,2576,6.90082445323153,7.24577088305489,6.44111531170484,6.46401923076923,6.95754262144821,6.87680289984472,121
"123",2014,5,7.22727272727273,11,7.66666666666667,6.7,5,7,7.25,6,5,1,1,10,3678,2101,1577,521,1092,2586,6.90180078031539,7.24697287006187,6.44193612555485,6.46120921305182,6.9575815018315,6.87824604408353,122
"124",2014,6,7.8125,4,8.375,7.25,NA,8,7.75,2,2,0,1,3,3682,2103,1579,521,1093,2589,6.90279013307985,7.24804564907275,6.44295963901203,6.46120921305182,6.9585352241537,6.87925618771727,123
"125",2014,7,7.0125,16,7.10909090909091,6.8,7,7,7.01538461538462,11,5,2,3,13,3698,2114,1584,523,1096,2602,6.90326481070849,7.24732261116367,6.44408666035354,6.46326959847036,6.95864872262774,6.87993630668716,124
"126",2014,8,7.449,10,8.8,6.54833333333333,6,5,7.72111111111111,4,6,2,1,9,3708,2118,1590,525,1097,2611,6.90473658845739,7.25025495750708,6.44448004402516,6.46150476190476,6.95686326344576,6.88283579854462,125
"127",2014,9,6.0625,8,6.66666666666667,5.7,6.5,NA,6.0625,3,5,2,0,8,3716,2121,1595,527,1097,2619,6.90292337728741,7.24942951438001,6.4421462507837,6.46165085388994,6.95686326344576,6.88033,126
"128",2014,10,6.28947368421053,19,6.16666666666667,6.4,6.625,5.7,6.5,9,10,4,5,14,3735,2130,1605,531,1102,2633,6.89980274966533,7.2448544600939,6.44188365732087,6.4628813559322,6.95116061705989,6.87830773642233,127
"129",2014,11,6.31818181818182,11,7.6,5.25,5.66666666666667,6.91666666666667,5.6,5,6,3,6,5,3746,2135,1611,534,1108,2638,6.89809483982915,7.24568618266979,6.43744461204221,6.45840823970038,6.9509738267148,6.87588486353298,128
"130",2014,12,6.45,14,7.0625,5.63333333333333,5.33333333333333,5.9,6.54166666666667,8,6,3,2,12,3760,2143,1617,537,1110,2650,6.89642640159575,7.24500233317779,6.43446089672233,6.45212290502793,6.94908018018018,6.87437142264151,129
"131",2015,1,6.8,15,7,6.25,6,6.33333333333333,6.91666666666667,11,4,2,3,12,3775,2154,1621,539,1113,2662,6.89604325033113,7.24375116063138,6.43400571869217,6.4504452690167,6.9474204851752,6.87456208489857,130
"132",2015,2,6.55555555555556,9,7,6.2,7,6.5,6.57142857142857,4,5,1,2,7,3784,2158,1626,540,1115,2669,6.89523342230444,7.24329935125116,6.43328614391144,6.45146296296296,6.94661793721973,6.87376705507681,131
"133",2015,3,6.75,11,6.65625,7,8,6,6.825,8,3,1,1,10,3795,2166,1629,541,1116,2679,6.89481245586298,7.24113111726685,6.43432981583794,6.45432532347505,6.94576971326165,6.87358502053005,132
"134",2015,4,6.5,10,7.6,5.4,5.66666666666667,7.6,5.4,5,5,3,5,5,3805,2171,1634,544,1121,2684,6.89377484099869,7.24195762321511,6.43116479192167,6.44998161764706,6.94868777876896,6.87083989195231,133
"135",2015,5,6.95555555555556,18,7.46666666666667,6.44444444444444,5.875,5.5,7.1375,9,9,4,2,16,3823,2180,1643,548,1123,2700,6.89406572586974,7.24288532110092,6.43123753499696,6.44578467153285,6.94610774710597,6.8724201,134
"136",2015,6,6.975,6,6.8,7.0625,7,6,7.17,2,4,1,1,5,3829,2182,1647,549,1124,2705,6.8941925489684,7.24247937671861,6.43277065573771,6.4467941712204,6.94526601423488,6.87297015526802,135
"137",2015,7,7.08333333333333,12,7.44444444444444,6,6,9,6.90909090909091,9,3,1,1,11,3841,2191,1650,550,1125,2716,6.89478346003645,7.24330899132816,6.4319838,6.44598181818182,6.94709244444444,6.87311644698086,136
"138",2015,8,6.1875,8,6.3,6,6,6,6.21428571428571,5,3,2,1,7,3849,2196,1653,552,1126,2723,6.89331339828527,7.24116120218579,6.43119980036298,6.44436594202899,6.9462513321492,6.87142279471172,137
"139",2015,9,7.28571428571429,7,7.8,6,7,8,7,5,2,1,2,5,3856,2201,1655,553,1128,2728,6.89402574429461,7.24243071331213,6.43067871299094,6.44537070524412,6.94811968085106,6.87165845674487,138
"140",2015,10,6.24,15,6.84285714285714,5.7125,5,6,6.27692307692308,7,8,1,2,13,3871,2208,1663,554,1130,2741,6.89149141565487,7.24116394927536,6.42722385447986,6.44276173285199,6.94644159292035,6.86883774899672,139
"141",2015,11,6.47272727272727,11,6.66666666666667,5.6,NA,7.25,6.3,9,2,0,2,9,3882,2217,1665,554,1132,2750,6.89030480937661,7.23883175462336,6.42623019219219,6.44276173285199,6.94697791519435,6.86697609818182,140
"142",2015,12,6.1,10,6.5,5.5,6,7,6,6,4,2,1,9,3892,2223,1669,556,1133,2759,6.88827422147996,7.23683760683761,6.42401034751348,6.4411690647482,6.94702471315093,6.86414797752809,141
"143",2016,1,6.45,20,7.3,5.6,5,6.4,6.46666666666667,10,10,3,5,15,3912,2233,1679,559,1138,2774,6.88603355572597,7.23712046574115,6.41910260273973,6.43343470483005,6.94462126537785,6.86199865537131,142
"144",2016,2,6.06666666666667,15,6.95,4.3,4.66666666666667,6.6,5.8,10,5,3,5,10,3927,2243,1684,562,1143,2784,6.88290381207028,7.2358403923317,6.4128107304038,6.42400355871886,6.94311373578303,6.85818400502874,143
"145",2016,3,6.38461538461539,13,6.66666666666667,6.3,6.66666666666667,5.83333333333333,6.85714285714286,3,10,3,6,7,3940,2246,1694,565,1149,2791,6.88125971319797,7.23508014247551,6.41214478748524,6.42529203539823,6.93731853785901,6.85818139376568,144
"146",2016,4,6.56470588235294,17,6.66153846153846,6.25,6,7.53333333333333,6.35714285714286,13,4,1,3,14,3957,2259,1698,566,1152,2805,6.87989973970179,7.23177954847278,6.41176282096585,6.4245406360424,6.93887065972222,6.85568066666667,145
"147",2016,5,7.4,5,7.4,NA,NA,7,7.5,5,0,0,1,4,3962,2264,1698,566,1153,2809,6.88055610045432,7.23215106007067,6.41176282096585,6.4245406360424,6.9389236773634,6.85659817372731,146
"148",2016,6,6.70833333333333,12,6.85,6,7,6.25,6.8,10,2,1,2,10,3974,2274,1700,567,1155,2819,6.88003605183694,7.23047053649956,6.41127839411765,6.42555555555555,6.93773073593074,6.85639739978716,147
"149",2016,7,7.45,10,7.91666666666667,6.75,NA,7.375,7.5,6,4,0,4,6,3984,2280,1704,567,1159,2825,6.88146668423695,7.23227631578948,6.41207351525822,6.42555555555555,6.93923986194996,6.85776434336283,148
"150",2016,8,6.9375,16,7.16666666666667,6.25,7,7.33333333333333,6.7,12,4,1,6,10,4000,2292,1708,568,1165,2835,6.8816908175,7.23193280977313,6.41169395199064,6.42656690140845,6.94126952789699,6.85720785537919,149
"151",2016,9,7.54166666666667,12,8,6.9,5.5,6.75,7.7,7,5,2,2,10,4012,2299,1713,570,1167,2845,6.88366482303091,7.23427142235755,6.4131192469352,6.42331578947368,6.94094173093402,6.86017021792619,150
"152",2016,10,6.96153846153846,13,7.55555555555556,5.625,5.5,6.25,7.27777777777778,9,4,2,4,9,4025,2308,1717,572,1171,2854,6.88391634037267,7.23552426343154,6.41128320908562,6.42008741258741,6.93858155422715,6.86148713034338,151
"153",2016,11,6.97,10,6.875,7.35,NA,5,7.18888888888889,8,2,0,1,9,4035,2316,1719,572,1172,2863,6.88412968277571,7.23427892918826,6.41237537521815,6.42008741258741,6.93692747440273,6.86251633601118,152
"154",2016,12,7.02941176470588,17,7.625,5.6,4.5,6.5,7.19230769230769,12,5,2,4,13,4052,2328,1724,574,1176,2876,6.88473920779862,7.23629295532646,6.41001929814385,6.41339721254355,6.93544132653061,6.86400704798331,153
"155",2017,1,5.91176470588235,17,6.44444444444444,5.3125,5,4.875,6.23076923076923,9,8,3,4,13,4069,2337,1732,577,1180,2889,6.88067418776112,7.23324347454001,6.40494992494227,6.40604852686308,6.92845677966102,6.86115758740049,154
"156",2017,2,7.16666666666667,9,8,6.75,6,6.5,7.35714285714286,3,6,2,2,7,4078,2340,1738,579,1182,2896,6.881305362923,7.2342264957265,6.40614112197929,6.40464594127806,6.92773181049069,6.86235644682321,155
"157",2017,3,6.8125,8,6.875,6.75,6,7,6.78571428571429,4,4,1,1,7,4086,2344,1742,580,1183,2903,6.88117064855605,7.23361348122867,6.40693069460391,6.40394827586207,6.92779289940828,6.86217163968309,156
"158",2017,4,6.88888888888889,18,7.0625,5.5,NA,7.4,6.69230769230769,16,2,0,5,13,4104,2360,1744,580,1188,2916,6.88120450048733,7.23245338983051,6.40589063646789,6.40394827586207,6.9297803030303,6.86141435871056,157
"159",2017,5,7.38571428571429,7,7.7,6.6,NA,8,7.28333333333333,5,2,0,1,6,4111,2365,1746,580,1189,2922,6.88206355387984,7.23344186046512,6.40611298396335,6.40394827586207,6.93068040370059,6.86228072210815,158
"160",2017,6,6.95454545454545,11,7.21428571428571,6.5,6,NA,6.95454545454545,7,4,1,0,11,4122,2372,1750,581,1189,2933,6.88225697962154,7.23338532883643,6.40632758285715,6.40325301204819,6.93068040370059,6.86262675417661,159
"161",2017,7,5.79166666666667,12,7.71428571428571,3.1,4,5.6,5.92857142857143,7,5,1,5,7,4134,2379,1755,582,1194,2940,6.8790912602806,7.23480033627575,6.39690784615385,6.3991237113402,6.92510804020101,6.86040281292517,160
"162",2017,8,6.92857142857143,14,7.625,6,6,5.625,7.45,8,6,3,4,10,4148,2387,1761,585,1198,2950,6.87925826181292,7.23610808546293,6.39555551959115,6.39707692307692,6.92076711185309,6.86240144745763,161
"163",2017,9,6.3125,8,6.8,5.5,5,4,6.64285714285714,5,3,2,1,7,4156,2392,1764,587,1199,2957,6.87816729307026,7.23519648829432,6.3940324659864,6.39231686541738,6.91833110925771,6.86188172810281,162
"164",2017,10,7.53846153846154,13,6.875,8.6,9,9,7.41666666666667,8,5,1,1,12,4169,2400,1769,588,1200,2969,6.88022625809547,7.23399583333333,6.4002675353307,6.39675170068027,6.92006583333333,6.86412403839677,163
"165",2017,11,6.5,7,6.41666666666667,7,NA,6.5,6.5,6,1,0,2,5,4176,2406,1770,588,1202,2974,6.87958890565134,7.23195760598504,6.40060636723164,6.39675170068027,6.91936688851913,6.86351185944855,164
"166",2017,12,7.32222222222222,9,8.66666666666667,6.65,6.33333333333333,6.9,7.375,3,6,3,1,8,4185,2409,1776,591,1203,2982,6.88054080525687,7.23374429223744,6.40144891328829,6.39642978003384,6.91935078969243,6.86488406103286,165
"167",2018,1,6.47222222222222,18,6.63636363636364,6.21428571428571,3.5,5.6,6.80769230769231,11,7,2,5,13,4203,2420,1783,593,1208,2995,6.87879211753509,7.23102892561984,6.40071411665732,6.3866610455312,6.91388990066225,6.8646358163606,166
"168",2018,2,5.88461538461539,13,6.72222222222222,4,4,5,6.04545454545455,9,4,2,2,11,4216,2429,1787,595,1210,3006,6.87572658206831,7.22914368052697,6.395340386122,6.37863865546218,6.91072644628099,6.86163814703926,167
"169",2018,3,6.375,12,7.1875,4.75,6,4,6.59090909090909,8,4,1,1,11,4228,2437,1791,596,1211,3017,6.87430540917692,7.22900697578991,6.39166570072585,6.3780033557047,6.90832287365813,6.86065106728538,168
"170",2018,4,6,4,5.75,6.25,NA,5.5,6.16666666666667,2,2,0,1,3,4232,2439,1793,596,1212,3020,6.87347903355388,7.22779417794178,6.39150767986615,6.3780033557047,6.90716089108911,6.85996167880795,169
"171",2018,5,6.85714285714286,14,7,6.6,6.5,7,6.81818181818182,9,5,2,3,11,4246,2448,1798,598,1215,3031,6.87342516957136,7.22695669934641,6.39208746941046,6.37841137123746,6.90739012345679,6.85981005278786,170
"172",2018,6,7.08333333333333,6,7.125,7,NA,NA,7.08333333333333,4,2,0,0,6,4252,2452,1800,598,1215,3037,6.87372137111947,7.22679037520392,6.39276292777778,6.37841137123746,6.90739012345679,6.86025165294699,171
"173",2018,7,6.6,5,7,6.33333333333333,6,NA,6.6,2,3,1,0,5,4257,2454,1803,599,1215,3042,6.87339987549918,7.22660554197229,6.39266404326123,6.3777796327212,6.90739012345679,6.85982388888889,172
"174",2018,8,7.14285714285714,7,7,7.25,6,6.5,7.4,3,4,1,2,5,4264,2457,1807,600,1217,3047,6.87384223030019,7.22632885632886,6.3945618539015,6.37715,6.90672062448644,6.8607102953725,173
"175",2018,9,6.25,4,8,5.66666666666667,5,7,6,1,3,1,1,3,4268,2458,1810,601,1218,3050,6.87325756091846,7.22664361269325,6.39335539779006,6.37485856905158,6.90679720853859,6.85986369508197,174
"176",2018,10,7.30769230769231,13,8.5,5.91666666666667,5.25,6.5,7.55,7,6,2,3,10,4281,2465,1816,603,1221,3060,6.87457679747723,7.23025963488844,6.39178043502203,6.37112769485904,6.90579770679771,6.86211904248366,175
"177",2018,11,6.25277777777778,9,7.75,5.825,7.5,6.3875,6.21428571428571,2,7,1,2,7,4290,2467,1823,604,1223,3067,6.87327232400933,7.23068098905553,6.38960409764125,6.37299668874172,6.90495012264922,6.86064045321161,176
"178",2018,12,6.09090909090909,11,6.85714285714286,4.75,3.5,6,6.125,7,4,2,3,8,4301,2474,1827,606,1226,3075,6.87127139502441,7.22962409054163,6.386014378763,6.36351485148515,6.90273572593801,6.85872659186992,177
"179",2019,1,6.48571428571429,7,6.1,7,5.5,5,6.73333333333333,4,3,2,1,6,4308,2478,1830,608,1227,3081,6.87064490947075,7.227800645682,6.38702091256831,6.36067434210526,6.90118500407498,6.85848239857189,178
"180",2019,2,6.71428571428571,7,7.5,6.125,6.5,4,7.16666666666667,3,4,1,1,6,4315,2481,1834,609,1228,3087,6.87039125608343,7.22812978637646,6.38644943838604,6.36090311986864,6.89882247557003,6.85908139617752,179
"181",2019,3,6.6,15,6.95,5.9,6.16666666666667,6.25,6.65384615384615,10,5,3,2,13,4330,2491,1839,612,1230,3100,6.86945456581986,7.22701324769169,6.38512684611202,6.35995098039216,6.8977674796748,6.85822073225807,180
"182",2019,4,7.14285714285714,7,7,7.33333333333333,6,6.66666666666667,7.5,4,3,1,3,4,4337,2495,1842,613,1233,3104,6.86989584274844,7.2266492985972,6.38667115635179,6.35936378466558,6.89720519059205,6.85904776739691,181
"183",2019,5,6.6,5,7,6.5,8.5,7,6,1,4,2,3,2,4342,2496,1846,615,1236,3106,6.86958504606172,7.22655849358975,6.38691672264356,6.36632520325203,6.89745469255663,6.858494613651,182
"184",2019,6,7,7,7,7,NA,7.5,6.8,5,2,0,2,5,4349,2501,1848,615,1238,3111,6.86979495746149,7.22610555777689,6.38758023268399,6.36632520325203,6.8984281098546,6.8584006010929,183
"185",2019,7,6.1,5,6.5,5.83333333333333,6,6,6.125,2,3,1,1,4,4354,2503,1851,616,1239,3115,6.86891094855306,7.22552536955653,6.38668193949217,6.36573051948052,6.89770298627926,6.85745883467095,184
"186",2019,8,6.375,12,6.57142857142857,6.1,6.5,7,6.31818181818182,7,5,1,1,11,4366,2510,1856,617,1240,3126,6.86755342876775,7.22370119521913,6.38590962823276,6.36594813614263,6.89778548387097,6.85556118682022,185
"187",2019,9,6.625,8,6.6,6.66666666666667,NA,7,6.57142857142857,5,3,0,1,7,4374,2515,1859,617,1241,3133,6.86710980109739,7.22246123260438,6.38636270575579,6.36594813614263,6.89786784850927,6.85492635493138,186
"188",2019,10,6.8,6,7.93333333333333,5.66666666666667,NA,6.5,6.95,3,3,0,2,4,4380,2518,1862,617,1243,3137,6.86701786986302,7.22330818109611,6.38520315252417,6.36594813614263,6.89722767497989,6.85504758367868,187
"189",2019,11,6.13333333333333,9,6.64,5.5,6,6.5,6.0875,5,4,1,1,8,4389,2523,1866,618,1244,3145,6.86551339029392,7.22215219976219,6.38330561093248,6.36535598705502,6.89690836012862,6.85309515739269,188
"190",2019,12,6.22222222222222,9,7.33333333333333,5.66666666666667,NA,8,6,3,6,0,1,8,4398,2526,1872,618,1245,3153,6.86419696907685,7.22228424386382,6.38100869123932,6.36535598705502,6.89779437751004,6.85093062797336,189
"191",2020,1,6.39230769230769,13,7.14285714285714,5.51666666666667,5.75,6,6.425,7,6,2,1,12,4411,2533,1878,620,1246,3165,6.86280622761279,7.22206474536123,6.37824721512247,6.36337096774194,6.89707383627608,6.84931572511848,190
"192",2020,2,7,7,8.66666666666667,5.75,4.5,NA,7,3,4,2,0,7,4418,2536,1882,622,1246,3172,6.863023601177,7.223773659306,6.37691193942615,6.35737942122187,6.89707383627608,6.84964825662043,191
"193",2020,3,7,8,7.8,5.66666666666667,NA,6.5,7.16666666666667,5,3,0,2,6,4426,2541,1885,622,1248,3178,6.86327118617262,7.2249075167257,6.37578157559682,6.35737942122187,6.8964375,6.85024678099434,192
"194",2020,4,5.61111111111111,9,6.83333333333333,5,4.66666666666667,5.75,5.57142857142857,3,6,3,2,7,4435,2544,1891,625,1250,3185,6.86073016234498,7.22444575471698,6.37141632469593,6.349264,6.8946032,6.84743619152276,193
"195",2020,5,7.10714285714286,14,7.21428571428571,7,5.5,7.5,7,7,7,2,3,11,4449,2551,1898,627,1253,3196,6.86150556754327,7.22441787534301,6.37373459957851,6.34655502392345,6.8960526735834,6.84796128598248,194
"196",2020,6,6.33333333333333,6,6.66666666666667,6,5,NA,6.33333333333333,3,3,1,0,6,4455,2554,1901,628,1253,3202,6.86079422446689,7.22376272513704,6.37314480273541,6.34441082802548,6.8960526735834,6.8469969612742,195
"197",2020,7,6.82,10,6.45714285714286,7.66666666666667,7,7,6.8,7,3,1,1,9,4465,2561,1904,629,1254,3211,6.8607028600224,7.22166731745412,6.37518291491597,6.34545310015898,6.8961355661882,6.84686523512924,196
"198",2020,8,6.5625,8,6.5,6.58333333333333,6.5,NA,6.5625,2,6,3,0,8,4473,2563,1910,632,1254,3219,6.86016952157389,7.22110417479516,6.37583679057592,6.34618670886076,6.8961355661882,6.84615851817335,197
"199",2020,9,7.59090909090909,11,8.14285714285714,6.625,7,8.33333333333333,7.3125,7,4,1,3,8,4484,2570,1914,633,1257,3227,6.86196214763604,7.22361478599222,6.37635750783699,6.3472195892575,6.89956563245823,6.8473146172916,198
"200",2020,10,7,4,7,NA,NA,NA,7,4,0,0,0,4,4488,2574,1914,633,1257,3231,6.86208517602496,7.22326728826729,6.37635750783699,6.3472195892575,6.89956563245823,6.84750364283504,199
"201",2020,11,7,11,7.9,6.25,5.5,6.25,7.16666666666667,5,6,2,2,9,4499,2579,1920,635,1259,3240,6.86242237608357,7.22457929430012,6.375962640625,6.34455118110236,6.89853375694996,6.84839020679012,200
"202",2020,12,6.48235294117647,17,6.76666666666667,5.8,5.66666666666667,6,6.54666666666667,12,5,3,2,15,4516,2591,1925,638,1261,3255,6.86099164526129,7.22245851022771,6.37446663376624,6.34136363636364,6.89710864393339,6.84699977572965,201
"203",2021,1,6.66666666666667,12,7,6.33333333333333,6.83333333333333,6.33333333333333,6.77777777777778,6,6,3,3,9,4528,2597,1931,641,1264,3264,6.86047664973498,7.22194455140547,6.3743388244433,6.34366614664587,6.89577056962025,6.84680890625,202
"204",2021,2,7.5,4,7,8,6,NA,7.5,2,2,1,0,4,4532,2599,1933,642,1264,3268,6.86104110105914,7.22177375913813,6.37602083290223,6.34313084112149,6.89577056962025,6.84760840575276,203
"205",2021,3,7.76923076923077,13,7.9,7.33333333333333,NA,7.6,7.875,10,3,0,5,8,4545,2609,1936,642,1269,3276,6.86363878327833,7.22437332311231,6.37750427169422,6.34313084112149,6.89854531126872,6.8501172985348,204
"206",2021,4,5.95,10,6.1,5.8,5.33333333333333,NA,5.95,5,5,3,0,10,4555,2614,1941,645,1269,3286,6.86163299012075,7.22222264728386,6.3760166254508,6.33843410852713,6.89854531126872,6.84737804930006,205
"207",2021,5,6.2625,8,6.82,5.33333333333333,NA,6.1,6.28571428571429,5,3,0,1,7,4563,2619,1944,645,1270,3293,6.86058257067719,7.2214547537228,6.3744075462963,6.33843410852713,6.89791653543307,6.84618410871546,206
"208",2021,6,7.4,5,7.33333333333333,7.5,NA,NA,7.4,3,2,0,0,5,4568,2622,1946,645,1270,3298,6.86117300131349,7.22158276125096,6.37556437307297,6.33843410852713,6.89791653543307,6.84702373256519,207
"209",2021,7,7,7,7,7,NA,NA,7,6,1,0,0,7,4575,2628,1947,645,1270,3305,6.86138541420765,7.22107686453577,6.37588508988187,6.33843410852713,6.89791653543307,6.84734773676248,208
"210",2021,8,5.795,7,7.5,5.113,5.5,3.7825,6.6,2,5,2,2,5,4582,2630,1952,647,1272,3310,6.8597562789175,7.22128897338403,6.37265024077869,6.33584234930448,6.89301808176101,6.84697409969789,209
"211",2021,9,5.4,5,6,5.25,5,5.5,5.33333333333333,1,4,2,2,3,4587,2631,1956,649,1274,3313,6.85816509047308,7.22082478145192,6.37035443251534,6.33172573189522,6.89083124018838,6.84560346211893,210
"212",2021,10,8.015,6,8.22,6.99,NA,8,8.018,5,1,0,1,5,4593,2636,1957,649,1275,3318,6.85967630524712,7.22272003034901,6.37067106285131,6.33172573189522,6.89170117647059,6.84737018384569,211
"213",2021,11,5.8,5,7,4,NA,NA,5.8,3,2,0,0,5,4598,2639,1959,649,1275,3323,6.85852398216616,7.22246684350133,6.36825077590608,6.33172573189522,6.89170117647059,6.84579424315378,212
"214",2021,12,6.5,9,6.33333333333333,6.83333333333333,6,7.5,6.375,6,3,1,1,8,4607,2645,1962,650,1276,3331,6.85782358801823,7.22044990548204,6.36896191131499,6.33121538461538,6.89217789968652,6.84466354548184,213
"215",2022,1,5.5,8,6.66666666666667,4.8,4.5,7,5.28571428571429,3,5,2,1,7,4615,2648,1967,652,1277,3338,6.85546983098592,7.21982250755287,6.36497370106762,6.3255981595092,6.89226233359436,6.84139432893949,214
"216",2022,2,7.1,11,7.82,6.5,5.5,10,6.81,5,6,2,1,10,4626,2653,1973,654,1278,3348,6.85605129053178,7.22095363739163,6.36538432336544,6.32307339449541,6.89469405320814,6.84130055854241,215
"217",2022,3,5.32857142857143,7,5.075,5.66666666666667,NA,4.65,5.6,4,3,0,2,5,4633,2657,1976,654,1280,3353,6.85374342110943,7.21772299585999,6.36432351720648,6.32307339449541,6.89118671875,6.8394495287802,216
"218",2022,4,7.2,5,6.66666666666667,8,NA,6,7.5,3,2,0,1,4,4638,2660,1978,654,1281,3357,6.8541167033204,7.2171015037594,6.36597738624874,6.32307339449541,6.89049102263856,6.84023660113196,217
"219",2022,5,7.15,10,7.92857142857143,5.33333333333333,5,7.125,7.16666666666667,7,3,2,4,6,4648,2667,1981,656,1285,3363,6.85475328528399,7.21896887889014,6.36441356385664,6.31903963414634,6.89122101167315,6.84081899197145,218
"220",2022,6,6,5,6,6,5,5.66666666666667,6.5,1,4,2,3,2,4653,2668,1985,658,1288,3365,6.85383478830862,7.218511994003,6.36367922921915,6.31503039513678,6.88836878881988,6.84061642496285,219
"221",2022,7,6.72222222222222,9,6.5,6.9,6.66666666666667,4,7.0625,4,5,3,1,8,4662,2672,1990,661,1289,3373,6.85358070999571,7.21743637724551,6.36502676884422,6.31662632375189,6.88612800620636,6.84114268307145,220
"222",2022,8,8.01666666666667,6,8.25,7.55,NA,10,7.62,4,2,0,1,5,4668,2676,1992,661,1290,3378,6.85507567909169,7.2189798206278,6.36621650100402,6.31662632375189,6.88854186046512,6.84229552101835,221
"223",2022,9,8.35714285714286,7,8.1,9,8,8,8.41666666666667,5,2,1,1,6,4675,2681,1994,662,1291,3384,6.85732476363636,7.22062290190228,6.36885820962889,6.31916918429003,6.88940278853602,6.84508695921986,222
"224",2022,10,7.6875,8,7.2,8.5,NA,NA,7.6875,5,3,0,0,8,4683,2686,1997,662,1291,3392,6.85874295750587,7.22058451228593,6.37205972458688,6.31916918429003,6.88940278853602,6.84707378242925,223
"225",2022,11,6.5625,8,6.5,6.66666666666667,7,7,6.5,5,3,1,1,7,4691,2691,2000,663,1292,3399,6.85823774674909,7.21924563359346,6.372501635,6.32019607843137,6.88948839009288,6.84635900853192,224
"226",2022,12,7.2,5,7,7.5,NA,7,7.25,3,2,0,1,4,4696,2694,2002,663,1293,3403,6.85860163330494,7.219001484781,6.37362800699301,6.32019607843137,6.88957385924207,6.84683346165148,225
