"","year","month","avg_rating","no_ratings","avg_rating_owned","avg_rating_not_owned","avg_rating_prev_owned","avg_rating_comment","avg_rating_no_comment","no_ratings_owned","no_ratings_not_owned","no_ratings_prev_owned","no_ratings_comment","no_ratings_no_comment","cum_no_ratings","cum_no_ratings_owned","cum_no_ratings_not_owned","cum_no_ratings_prev_owned","cum_no_ratings_comment","cum_no_ratings_no_comment","cum_avg_rating","cum_avg_rating_owned","cum_avg_rating_not_owned","cum_avg_rating_prev_owned","cum_avg_rating_comment","cum_avg_rating_no_comment","month_after_release"
"1",2004,3,9.04545454545454,11,9.57142857142857,8.125,NA,8.875,9.5,7,4,0,8,3,11,7,4,0,8,3,9.04545454545454,9.57142857142857,8.125,NA,8.875,9.5,0
"2",2004,4,8.07142857142857,49,8.1578947368421,7.77272727272727,8,8.38888888888889,7.88709677419355,38,11,2,18,31,60,45,15,2,26,34,8.25,8.37777777777778,7.86666666666667,8,8.53846153846154,8.02941176470588,1
"3",2004,5,8.01779661016949,59,8.34204545454545,7.06666666666667,6,7.87692307692308,8.12878787878788,44,15,1,26,33,119,89,30,3,52,67,8.13487394957983,8.36011235955056,7.46666666666667,7.33333333333333,8.20769230769231,8.07835820895522,2
"4",2004,6,7.73684210526316,57,8.17777777777778,6.08333333333333,7,7.52272727272727,7.87142857142857,45,12,1,22,35,176,134,42,4,74,102,8.00596590909091,8.29888059701493,7.07142857142857,7.25,8.00405405405405,8.00735294117647,3
"5",2004,7,8.23775510204082,49,8.46538461538461,7.35,9,8.27380952380952,8.21071428571429,39,10,1,21,28,225,173,52,5,95,130,8.05644444444445,8.3364161849711,7.125,7.6,8.06368421052631,8.05115384615385,4
"6",2004,8,7.897,50,8.1445945945946,7.19230769230769,NA,7.942,7.852,37,13,0,25,25,275,210,65,5,120,155,8.02745454545455,8.30261904761905,7.13846153846154,7.6,8.03833333333333,8.01903225806452,5
"7",2004,9,7.85849056603774,53,8.0375,7.30769230769231,NA,7.775,7.90909090909091,40,13,0,20,33,328,250,78,5,140,188,8.00015243902439,8.2602,7.16666666666667,7.6,8.00071428571428,7.99973404255319,6
"8",2004,10,7.80833333333333,54,7.893,6.75,NA,7.87,7.77205882352941,50,4,0,20,34,382,300,82,5,160,222,7.97303664921466,8.199,7.14634146341463,7.6,7.984375,7.96486486486487,7
"9",2004,11,7.87236842105263,76,7.98852459016393,7.4,7.33333333333333,7.74516129032258,7.96,61,15,3,31,45,458,361,97,8,191,267,7.95633187772926,8.16343490304709,7.18556701030928,7.5,7.94554973821989,7.96404494382022,8
"10",2004,12,7.82203389830508,59,8.06976744186047,7.15625,6.66666666666667,7.81034482758621,7.83333333333333,43,16,3,29,30,517,404,113,11,220,297,7.94100580270793,8.15346534653465,7.18141592920354,7.27272727272727,7.92772727272727,7.95084175084175,9
"11",2005,1,7.92276785714286,112,8.02422680412371,7.26666666666667,NA,7.93181818181818,7.91691176470588,97,15,0,44,68,629,501,128,11,264,365,7.93775834658188,8.12844311377246,7.19140625,7.27272727272727,7.92840909090909,7.94452054794521,10
"12",2005,2,7.67464788732394,71,7.79464285714286,7.22666666666667,7.625,7.75588235294118,7.6,56,15,4,34,37,700,557,143,15,298,402,7.91107142857143,8.09488330341113,7.1951048951049,7.36666666666667,7.90872483221476,7.91281094527363,11
"13",2005,3,7.95769230769231,78,8.26034482758621,7.08,7.75,7.75294117647059,8.11590909090909,58,20,4,34,44,778,615,163,19,332,446,7.91574550128535,8.11048780487805,7.18098159509202,7.44736842105263,7.89277108433735,7.93284753363229,12
"14",2005,4,7.66144578313253,83,8.06769230769231,6.19444444444444,NA,7.57435897435897,7.73863636363636,65,18,0,39,44,861,680,181,19,371,490,7.89123112659698,8.10639705882353,7.0828729281768,7.44736842105263,7.85929919137466,7.91540816326531,13
"15",2005,5,7.49602150537634,93,7.86057971014493,6.44791666666667,8.25,7.48717948717949,7.50240740740741,69,24,1,39,54,954,749,205,20,410,544,7.85270440251572,8.08375166889186,7.00853658536585,7.4875,7.82390243902439,7.87441176470588,14
"16",2005,6,7.72641791044776,67,8.06957446808511,6.92,8,7.71193548387097,7.73888888888889,47,20,2,31,36,1021,796,225,22,441,580,7.84441723800196,8.08291457286432,7.00066666666667,7.53409090909091,7.81603174603175,7.866,15
"17",2005,7,7.38205128205128,78,7.64285714285714,6.28666666666667,6.43333333333333,7.24324324324324,7.50731707317073,63,15,3,37,41,1099,859,240,25,478,621,7.81160145586897,8.05064027939465,6.95604166666667,7.402,7.77169456066946,7.84231884057971,16
"18",2005,8,7.86575342465753,73,8.07833333333333,6.88461538461539,6.75,7.9,7.81935483870968,60,13,2,42,31,1172,919,253,27,520,652,7.81497440273038,8.05244831338411,6.95237154150198,7.3537037037037,7.78205769230769,7.84122699386503,17
"19",2005,9,7.77659574468085,94,7.92948717948718,7.03125,7.66666666666667,7.9375,7.65740740740741,78,16,3,40,54,1266,997,269,30,560,706,7.81212480252765,8.04282848545637,6.95706319702602,7.385,7.79316071428571,7.8271671388102,18
"20",2005,10,7.60866666666667,75,7.78114754098361,6.85714285714286,7.5,7.62166666666667,7.6,61,14,2,30,45,1341,1058,283,32,590,751,7.80074571215511,8.02774102079395,6.95212014134276,7.3921875,7.7844406779661,7.81355525965379,19
"21",2005,11,7.73924050632911,79,7.94,7.10526315789474,NA,7.87037037037037,7.67115384615385,60,19,0,27,52,1420,1118,302,32,617,803,7.79732394366197,8.02303220035778,6.96175496688742,7.3921875,7.78820097244733,7.80433374844334,20
"22",2005,12,7.6745,100,7.91975308641975,6.62894736842105,6.975,7.50757575757576,7.75671641791045,81,19,2,33,67,1520,1199,321,34,650,870,7.78924342105263,8.01605504587156,6.94205607476635,7.36764705882353,7.77395384615385,7.80066666666667,21
"23",2006,1,7.79823357664234,137,7.89151351351351,7.4,8,7.8848813559322,7.73269230769231,111,26,3,59,78,1657,1310,347,37,709,948,7.78998672299336,8.00550229007634,6.97636887608069,7.41891891891892,7.78318476727785,7.79507383966245,22
"24",2006,2,7.86989795918367,98,8.01506024096386,7.06666666666667,7.5,7.97142857142857,7.81349206349206,83,15,2,35,63,1755,1393,362,39,744,1011,7.794449002849,8.00607178750898,6.98011049723757,7.42307692307692,7.79204032258064,7.7962215628091,23
"25",2006,3,7.62264150943396,106,7.81164383561644,7.20454545454545,7.70833333333333,7.39285714285714,7.7734375,73,33,6,42,64,1861,1466,395,45,786,1075,7.78466308436325,7.99639017735334,6.99886075949367,7.46111111111111,7.77070992366412,7.79486511627907,24
"26",2006,4,7.55375,80,7.7593220338983,6.97619047619048,6.75,7.47878787878788,7.6063829787234,59,21,2,33,47,1941,1525,416,47,819,1122,7.77514580113344,7.98721836065574,6.99771634615385,7.43085106382979,7.7589474969475,7.7869696969697,25
"27",2006,5,7.38513513513514,74,7.66981132075472,6.66666666666667,5,7.35416666666667,7.4,53,21,1,24,50,2015,1578,437,48,843,1172,7.76082282878412,7.9765576679341,6.98180778032037,7.38020833333333,7.74742348754448,7.77046075085324,26
"28",2006,6,7.70755813953488,86,7.85,7.12941176470588,6,7.81060606060606,7.64339622641509,69,17,1,33,53,2101,1647,454,49,876,1225,7.75864255116611,7.97125561627201,6.98733480176211,7.35204081632653,7.74980365296804,7.76496326530612,27
"29",2006,7,7.63820754716981,106,8.07666666666667,6.57741935483871,7.375,7.33139534883721,7.84761904761905,75,31,4,43,63,2207,1722,485,53,919,1288,7.75285817852288,7.97584668989547,6.96113402061856,7.35377358490566,7.73022633297062,7.76900621118012,28
"30",2006,8,7.46306306306306,111,7.64529411764706,6.86730769230769,7.25,7.28877551020408,7.6008064516129,85,26,3,49,62,2318,1807,511,56,968,1350,7.73898101811907,7.96029773104593,6.95636007827789,7.34821428571429,7.70788016528926,7.76128148148148,29
"31",2006,9,7.57325581395349,86,7.80461538461538,6.85714285714286,NA,7.35882352941176,7.71346153846154,65,21,0,34,52,2404,1872,532,56,1002,1402,7.73305241264559,7.95489209401709,6.95244360902256,7.34821428571429,7.69603592814371,7.75950784593438,30
"32",2006,10,7.41318181818182,110,7.76518987341772,6.51612903225806,6.21428571428571,7.10428571428571,7.55733333333333,79,31,7,35,75,2514,1951,563,63,1037,1477,7.71905648369133,7.94721066119939,6.92841918294849,7.22222222222222,7.67606364513018,7.74924170616114,31
"33",2006,11,7.461,100,7.64657534246575,6.95925925925926,7.5,7.44634146341463,7.47118644067797,73,27,4,41,59,2614,2024,590,67,1078,1536,7.7091843917368,7.93636758893281,6.92983050847458,7.23880597014925,7.66732653061224,7.73856119791667,32
"34",2006,12,7.51988304093567,171,7.7890625,6.71860465116279,6.66666666666667,7.38,7.57768595041322,128,43,6,50,121,2785,2152,633,73,1128,1657,7.69756122082585,7.92760594795539,6.91548183254344,7.19178082191781,7.65459042553191,7.72681351840676,33
"35",2007,1,7.56641414141414,198,7.81870503597122,6.97203389830509,7,7.3171875,7.68544776119403,139,59,4,64,134,2983,2291,692,77,1192,1791,7.68885618504861,7.92099869052815,6.92030346820809,7.18181818181818,7.63647483221476,7.72371859296482,34
"36",2007,2,7.60345716216216,148,7.80126050420168,6.79178137931035,6.8,7.48272727272727,7.67485655913979,119,29,1,55,93,3131,2410,721,78,1247,1884,7.68481943787927,7.91508630705394,6.91513406380028,7.17692307692308,7.62969366479551,7.72130661358811,35
"37",2007,3,7.54377192982456,114,7.72324675324675,7.17027027027027,8.25,7.54054054054054,7.54532467532468,77,37,4,37,77,3245,2487,758,82,1284,1961,7.67986430200308,7.90914676316848,6.92758794195251,7.22926829268293,7.6271246105919,7.71439656297807,36
"38",2007,4,7.6400826446281,121,7.99166666666667,6.61935483870968,6.3125,7.83809523809524,7.53481012658228,90,31,8,42,79,3366,2577,789,90,1326,2040,7.67843424242424,7.91202871556073,6.91547738910013,7.14777777777778,7.63380693815988,7.70744199019608,37
"39",2007,5,7.48282442748092,131,7.6140625,7.12285714285714,7,7.31521739130435,7.57352941176471,96,35,3,46,85,3497,2673,824,93,1372,2125,7.67110656562768,7.90132734754957,6.92428599514563,7.14301075268817,7.62312536443149,7.70208548705882,38
"40",2007,6,7.76725663716814,113,7.86555555555556,7.38260869565217,6.5,7.8375,7.72876712328767,90,23,2,40,73,3610,2763,847,95,1412,2198,7.67411624930748,7.90016214259863,6.93673159386069,7.12947368421053,7.62919830028329,7.70297163785259,39
"41",2007,7,7.38690476190476,126,7.64838709677419,6.65,8,7.25,7.45058139534884,93,33,1,40,86,3736,2856,880,96,1452,2284,7.66442978051392,7.89196358543417,6.92597915909091,7.13854166666667,7.6187520661157,7.69346832749562,40
"42",2007,8,7.53496503496504,143,7.77358490566038,6.85135135135135,6.25,7.218,7.70537634408602,106,37,4,50,93,3879,2962,917,100,1502,2377,7.65965704047435,7.88772721134369,6.92296800436205,7.103,7.60541145139813,7.69393422801851,41
"43",2007,9,7.68372093023256,129,7.91340206185567,6.9875,6.91666666666667,7.65384615384615,7.69666666666667,97,32,6,39,90,4008,3059,949,106,1541,2467,7.66043155189621,7.88854135338346,6.92514400421496,7.09245283018868,7.60663724853991,7.69403391163356,42
"44",2007,10,7.59391025641026,156,7.7771186440678,7.025,7.5,7.37790697674419,7.67610619469027,118,38,5,43,113,4164,3177,987,111,1584,2580,7.65793939961576,7.88440289581366,6.9289885106383,7.11081081081081,7.60042803030303,7.69324870542636,43
"45",2007,11,7.63058823529412,170,7.73969465648855,7.26410256410256,9,7.58448275862069,7.65446428571429,131,39,1,58,112,4334,3308,1026,112,1642,2692,7.6568665574527,7.8786723095526,6.94172676413255,7.12767857142857,7.59986479902558,7.69163508915305,44
"46",2007,12,7.61860986547085,223,7.78803680981595,7.15833333333333,7.95,7.50975609756098,7.68191489361702,163,60,10,82,141,4557,3471,1086,122,1724,2833,7.65499443932412,7.87441601843849,6.95369397790055,7.19508196721311,7.5955788863109,7.69115130956583,45
"47",2008,1,7.66232142857143,280,7.91979695431472,7.05120481927711,8,7.59615384615385,7.68787128712871,197,83,7,78,202,4837,3668,1169,129,1802,3035,7.65541857763076,7.87685332606325,6.96061733105218,7.23875968992248,7.5956037735849,7.69093300164745,46
"48",2008,2,7.44005524861878,181,7.84541984732824,6.378,7.41666666666667,7.44857142857143,7.43468468468468,131,50,6,70,111,5018,3799,1219,135,1872,3146,7.64765039059386,7.87576941300342,6.93671998359311,7.24666666666667,7.59010576923077,7.68189181818182,47
"49",2008,3,7.57253658536585,205,7.79644295302013,6.97678571428571,7.15,7.6071875,7.5568085106383,149,56,10,64,141,5223,3948,1275,145,1936,3287,7.64470221328738,7.87277558257346,6.93847973333333,7.24,7.59067045454545,7.67652621235169,48
"50",2008,4,7.5635838150289,173,7.85853658536585,6.838,7.52857142857143,7.42264150943396,7.62583333333333,123,50,7,53,120,5396,4071,1325,152,1989,3407,7.64210149369904,7.87234536968804,6.93468804528302,7.25328947368421,7.58619306184012,7.67474072791312,49
"51",2008,5,7.3472972972973,148,7.80943396226415,6.18095238095238,6.76,7.20178571428571,7.43586956521739,106,42,5,56,92,5544,4177,1367,157,2045,3499,7.63423154040404,7.87074886282021,6.91153010972933,7.23757961783439,7.57566650366748,7.66846003429551,50
"52",2008,6,7.52777777777778,144,7.76095238095238,6.9,6.85,7.52244897959184,7.53052631578947,105,39,6,49,95,5688,4282,1406,163,2094,3594,7.63153650843882,7.8680565156469,6.91121028449502,7.22331288343558,7.57442120343839,7.66481404006678,51
"53",2008,7,7.60027472527473,182,7.82062937062937,6.79230769230769,7.1,7.25096153846154,7.74,143,39,10,52,130,5870,4425,1445,173,2146,3724,7.63056723339012,7.86652384180791,6.90800114878893,7.21618497109827,7.5665834109972,7.66743868421053,52
"54",2008,8,7.5183606557377,183,7.67106870229008,7.13365384615385,7.58181818181818,7.46454545454545,7.541484375,131,52,11,55,128,6053,4556,1497,184,2201,3852,7.62717489839749,7.86090386303775,6.91583945223781,7.23804347826087,7.56403362108132,7.66325328660436,53
"55",2008,9,7.39878787878788,165,7.67327586206897,6.74897959183673,6.54666666666667,7.28163265306122,7.44827586206897,116,49,15,49,116,6218,4672,1546,199,2250,3968,7.62111445159215,7.85624529109589,6.91055087968952,7.18592964824121,7.55788355555555,7.65696866431452,54
"56",2008,10,7.54117647058824,136,7.78446601941748,6.78181818181818,6.40909090909091,7.05405405405405,7.72323232323232,103,33,11,37,99,6354,4775,1579,210,2287,4067,7.61940347182877,7.85469696335079,6.9078604559848,7.1452380952381,7.5497324005247,7.6585816719941,55
"57",2008,11,7.47194444444444,180,7.76129032258065,6.83125,6.64285714285714,7.49659090909091,7.46397058823529,124,56,7,44,136,6534,4899,1635,217,2331,4203,7.61534123966942,7.85233272096346,6.90523648929664,7.12903225806452,7.5487293007293,7.65228447775398,56
"58",2008,12,7.52804597701149,174,7.69186046511628,7.05844444444444,7.04166666666667,7.45568181818182,7.55253846153846,129,45,12,44,130,6708,5028,1680,229,2375,4333,7.61307687239118,7.84821559268099,6.90934027380952,7.12445414847162,7.54700547368421,7.6492918670667,57
"59",2009,1,7.55604240282686,283,7.85883838383838,6.85070588235294,6.72727272727273,7.29179104477612,7.63800925925926,198,85,22,67,216,6991,5226,1765,251,2442,4549,7.61076808181948,7.84861806352851,6.90651652124646,7.08964143426295,7.54000327600327,7.64875613541438,58
"60",2009,2,7.32272727272727,297,7.63352601156069,6.88911290322581,7.05789473684211,7.26101694915254,7.33802521008403,173,124,19,59,238,7288,5399,1889,270,2501,4787,7.59902986553238,7.84172587516207,6.90537409211223,7.08740740740741,7.53342183126749,7.63330721955295,59
"61",2009,3,7.33069958847737,243,7.62561151079137,6.93653846153846,6.61764705882353,6.88897959183673,7.44226804123711,139,104,17,49,194,7531,5538,1993,287,2550,4981,7.59037175142743,7.83630155290719,6.90700033115906,7.0595818815331,7.52103843137255,7.62586662517567,60
"62",2009,4,7.36708812260536,261,7.65862068965517,7.0026724137931,6.59090909090909,7.58490566037736,7.31158653846154,145,116,11,53,208,7792,5683,2109,298,2603,5189,7.58289266683778,7.83176808023931,6.91226252252252,7.04228187919463,7.52233883980023,7.61326877240316,61
"63",2009,5,7.49004149377593,241,7.65223880597015,7.28691588785047,7.09375,7.42545454545455,7.50913978494624,134,107,16,55,186,8033,5817,2216,314,2658,5375,7.58010701605876,7.82763245659275,6.93035273465704,7.04490445859873,7.52033408577878,7.60966542511628,62
"64",2009,6,7.39803493449782,229,7.60457516339869,6.98223684210526,6.85714285714286,7.56632653061224,7.35222222222222,153,76,14,49,180,8262,5970,2292,328,2707,5555,7.57506047688211,7.82191591289782,6.93207315008726,7.03689024390244,7.52116660509789,7.60132343114311,63
"65",2009,7,7.28914342629482,251,7.54133333333333,6.91460396039604,7.41666666666667,7.07149122807018,7.35309278350515,150,101,15,57,194,8513,6120,2393,343,2764,5749,7.56663040761189,7.81503888888889,6.93133583786043,7.05349854227405,7.51189327062229,7.59294688815446,64
"66",2009,8,7.28395454545455,220,7.53201612903226,6.96354166666667,6.85714285714286,7.23976190476191,7.29438202247191,124,96,14,42,178,8733,6244,2489,357,2806,5927,7.55950929348448,7.80941832158873,6.93257800723182,7.04579831932773,7.50782002851033,7.58398037118272,65
"67",2009,9,7.37717948717949,234,7.74143835616438,6.77284090909091,6.3,7.22522727272727,7.41236842105263,146,88,15,44,190,8967,6390,2577,372,2850,6117,7.5547512724434,7.80786510172144,6.92712326736515,7.01572580645161,7.50345719298245,7.57864993624326,66
"68",2009,10,7.24131687242798,243,7.58957142857143,6.76796116504854,6.96176470588235,7.23333333333333,7.2434375,140,103,17,51,192,9210,6530,2680,389,2901,6309,7.54648150488599,7.80318499234303,6.92100621641791,7.0133676092545,7.49870837642192,7.56844851165002,67
"69",2009,11,7.30286738351254,279,7.63571428571429,6.84872881355932,6.83695652173913,7.15522388059702,7.34952830188679,161,118,23,67,212,9489,6691,2798,412,2968,6521,7.53931864896196,7.79915528321626,6.91795806290207,7.00351941747573,7.4909545148248,7.56133133875172,68
"70",2009,12,7.34195583596215,317,7.67760416666667,6.8264,6.91666666666667,7.40583333333333,7.32704280155642,192,125,12,60,257,9806,6883,2923,424,3028,6778,7.53293847236386,7.79576463751271,6.91404264796442,7.00106132075472,7.4892678335535,7.55244786957805,69
"71",2010,1,7.49826666666667,375,7.71158536585366,7.09147286821705,6.875,7.40958904109589,7.51970198675497,246,129,24,73,302,10181,7129,3052,448,3101,7080,7.53166139475493,7.7928598681442,6.9215421559633,6.99430803571429,7.48739213157046,7.5510510819209,70
"72",2010,2,7.29504132231405,242,7.61044776119403,6.9037037037037,6.97222222222222,7.24468085106383,7.30717948717949,134,108,18,47,195,10423,7263,3160,466,3148,7275,7.52616757747289,7.78949442379182,6.92093248734177,6.99345493562232,7.48376842439644,7.54451431752577,71
"73",2010,3,7.60514018691589,214,7.89847328244275,7.1421686746988,7.43076923076923,7.55714285714286,7.61686046511628,131,83,13,42,172,10637,7394,3243,479,3190,7447,7.52775638431889,7.79142520962943,6.92659471477027,7.0053235908142,7.48473448275862,7.54618526386464,72
"74",2010,4,7.55295698924731,186,7.77368421052632,6.99905660377359,6.33333333333333,7.96551724137931,7.47675159235669,133,53,3,29,157,10823,7527,3296,482,3219,7604,7.52818947241985,7.79111173110137,6.92775990898058,7.00114107883817,7.48906585896241,7.5447516649132,73
"75",2010,5,7.50230263157895,152,7.66595744680851,7.23706896551724,6.5,7.42407407407407,7.5192,94,58,8,27,125,10975,7621,3354,490,3246,7729,7.52783094851936,7.78956803569086,6.93310872391175,6.99295918367347,7.48852526186075,7.5443384215293,74
"76",2010,6,7.64428571428571,140,8.004,6.745,6.3,7.45178571428571,7.69241071428571,100,40,5,28,112,11115,7721,3394,495,3274,7841,7.52929776518219,7.79234529206062,6.93089176782557,6.9859595959596,7.48821105681124,7.54645347022063,75
"77",2010,7,7.59248554913295,173,7.81991150442478,7.16416666666667,6.79166666666667,7.853125,7.53333333333333,113,60,12,32,141,11288,7834,3454,507,3306,7982,7.53026618178597,7.79274291549656,6.93494402431963,6.98136094674556,7.49174319419238,7.54622170633926,76
"78",2010,8,7.2561170212766,188,7.50193798449612,6.71864406779661,6.33333333333333,7.02857142857143,7.32157534246575,129,59,12,42,146,11476,7963,3513,519,3348,8128,7.52577506622516,7.78803189752606,6.93131131796185,6.96637764932563,7.48593279569893,7.54218647391732,77
"79",2010,9,7.44294871794872,156,7.58333333333333,7.21833333333333,6.71428571428571,7.63225806451613,7.396,96,60,7,31,125,11632,8059,3573,526,3379,8253,7.52466425894085,7.7855934979526,6.93613116708648,6.96302281368821,7.4872752293578,7.53997233248516,78
"80",2010,10,7.41964705882353,170,7.83382352941176,6.79838235294118,6.47375,7.33333333333333,7.44283582089552,102,68,8,36,134,11802,8161,3641,534,3415,8387,7.52315155566853,7.78619629947311,6.93355854435594,6.95569288389513,7.48565241581259,7.53842037200429,79
"81",2010,11,7.24444705882353,255,7.5955,6.7588785046729,6.58928571428571,7.16269841269841,7.27127083333333,148,107,14,63,192,12057,8309,3748,548,3478,8579,7.5172570838517,7.78279961487544,6.92857168089648,6.94633211678832,7.47980247268545,7.53244150367176,80
"82",2010,12,7.46326530612245,294,7.78218085106383,6.89764150943396,6.73125,7.47222222222222,7.46125,188,106,16,54,240,12351,8497,3854,564,3532,8819,7.51597187758076,7.78278592444392,6.92772098079917,6.9402304964539,7.47968657984145,7.53050410023812,81
"83",2011,1,7.34846742946708,319,7.62458263681592,6.87813559322034,7.075,7.3119298245614,7.35641645038168,201,118,12,57,262,12670,8698,3972,576,3589,9081,7.51175452012628,7.77913004253852,6.92624790030211,6.94303819444444,7.47702229033157,7.5254814194472,82
"84",2011,2,7.4262443438914,221,7.5806338028169,7.14873417721519,6.66666666666667,7.29487179487179,7.4543956043956,142,79,12,39,182,12891,8840,4051,588,3628,9263,7.51028855558141,7.77594152828054,6.93058668476919,6.93739795918367,7.47506422271224,7.52408472093274,83
"85",2011,3,7.44872881355932,236,7.69833333333333,7.01337209302326,6.66363636363636,7.415625,7.45718085106383,150,86,11,48,188,13127,8990,4137,599,3676,9451,7.50918182143673,7.77464661957731,6.93230762871646,6.93237061769616,7.47428808487486,7.52275386414136,84
"86",2011,4,7.48279620853081,211,7.72904761904762,6.9171875,7.8,7.2390243902439,7.54158823529412,147,64,10,41,170,13338,9137,4201,609,3717,9621,7.50876441520468,7.77391300317391,6.93207728159962,6.94661740558292,7.47169303201507,7.5230866614697,85
"87",2011,5,7.41490384615385,208,7.6912,6.99879518072289,7.375,7.4972972972973,7.39707602339181,125,83,12,37,171,13546,9262,4284,621,3754,9792,7.50732317805994,7.77279670805442,6.93336990196078,6.95489533011272,7.47194539158231,7.52088610804738,86
"88",2011,6,7.30732984293194,191,7.67058823529412,6.70694444444444,7.1,7.4390243902439,7.27133333333333,119,72,10,41,150,13737,9381,4356,631,3795,9942,7.50454245978015,7.7715001716235,6.92962733241506,6.95719492868463,7.47158972332016,7.51712097867632,87
"89",2011,7,7.62146892655367,177,7.97981651376147,7.04705882352941,7.14285714285714,7.805,7.56788321167883,109,68,7,40,137,13914,9490,4424,638,3835,10079,7.5060298814144,7.77389284615385,6.93143233725136,6.95923197492163,7.47506727509778,7.51781097033436,88
"90",2011,8,7.3984649122807,228,7.73266666666667,6.75576923076923,6.84523809523809,7.22209302325581,7.43945945945946,150,78,21,43,185,14142,9640,4502,659,3878,10264,7.5042956986282,7.77325135995851,6.92838886272768,6.95559939301973,7.47226224858174,7.51639875,89
"91",2011,9,7.50027173913043,184,7.75176991150443,7.1,7.3,7.68035714285714,7.46794871794872,113,71,10,28,156,14326,9753,4573,669,3906,10420,7.50424401577551,7.77300247205988,6.93105328230921,6.96074738415546,7.47375396825397,7.51567339443378,90
"92",2011,10,7.51349557522124,226,7.83993288590604,6.88181818181818,6.99230769230769,7.20810810810811,7.57328042328042,149,77,13,37,189,14552,9902,4650,682,3943,10609,7.50438769722375,7.77400960513028,6.93023799139785,6.96134897360704,7.47126122241948,7.51669966726364,91
"93",2011,11,7.38423728813559,295,7.66424731182796,6.90642201834862,6.65294117647059,7.29384615384615,7.40978260869565,186,109,17,65,230,14847,10088,4759,699,4008,10839,7.5020003886307,7.77198583564631,6.92969251103173,6.95384835479256,7.46838398203593,7.51443092259434,92
"94",2011,12,7.49354304635762,302,7.72363184079602,7.03564356435644,6.91666666666667,7.33412698412698,7.53556485355648,201,101,24,63,239,15149,10289,4860,723,4071,11078,7.50183178889696,7.77104121974925,6.9318943744856,6.95261410788382,7.46630631294522,7.51488687217909,93
"95",2012,1,7.43815718157182,369,7.68733905579399,7.01125,6.545,7.21513157894737,7.49600682593857,233,136,20,76,293,15518,10522,4996,743,4147,11371,7.50031768075783,7.76918771241209,6.93405457566053,6.94164199192463,7.46170315891005,7.51440038431097,94
"96",2012,2,7.50934545454545,275,7.78351648351648,6.97279569892473,7.28333333333333,7.26666666666667,7.55682608695652,182,93,12,45,230,15793,10704,5089,755,4192,11601,7.50047487937694,7.76943134435725,6.93476255845942,6.94707284768212,7.45960949427481,7.51524151107663,95
"97",2012,3,7.43051643192488,213,7.56821428571429,7.16643835616438,7.1,7.41162790697674,7.43529411764706,140,73,11,43,170,16006,10844,5162,766,4235,11771,7.49954390666,7.76683355864994,6.93803887253003,6.94926892950392,7.45912231404959,7.5140868889644,96
"98",2012,4,7.50502092050209,239,7.73888888888889,7.01298701298701,7,7.4675,7.51256281407035,162,77,13,40,199,16245,11006,5239,779,4275,11970,7.4996244856879,7.76642223423587,6.93914041992747,6.95011553273427,7.45920070175439,7.51406155137845,97
"99",2012,5,7.39163179916318,239,7.74933333333333,6.78876404494382,7.06875,7.52325581395349,7.36275510204082,150,89,16,43,196,16484,11156,5328,795,4318,12166,7.49805870965785,7.7661924623521,6.93662850225225,6.95250314465409,7.45983858267716,7.51162393309222,98
"100",2012,6,7.46129032258064,248,7.73806451612903,7,6.62142857142857,7.31944444444444,7.48537735849057,155,93,14,36,212,16732,11311,5421,809,4354,12378,7.49751373236911,7.76580701175846,6.93771567238517,6.94677379480841,7.45867776757005,7.5111744037809,99
"101",2012,7,7.41941176470588,255,7.68471337579618,6.99438775510204,6.98461538461538,7.23863636363636,7.45710900473934,157,98,13,44,211,16987,11468,5519,822,4398,12589,7.49634130629305,7.76469681810254,6.93872198949085,6.94737226277372,7.45647635288768,7.51026823178966,100
"102",2012,8,7.60204460966543,269,7.91878612716763,7.03125,6.92857142857143,7.36666666666667,7.64559471365639,173,96,14,42,227,17256,11641,5615,836,4440,12816,7.49798909191006,7.76698678034533,6.94030394657168,6.94705741626794,7.4556268018018,7.5126651661985,101
"103",2012,9,7.4686320754717,212,7.63426573426573,7.12536231884058,7.48333333333333,7.33589743589744,7.4985549132948,143,69,6,39,173,17468,11784,5684,842,4479,12989,7.49763280112205,7.76537619738628,6.94255043279381,6.95087885985748,7.45458428220585,7.51247723227346,102
"104",2012,10,7.38584229390681,279,7.76329113924051,6.89297520661157,6.82352941176471,7.55232558139535,7.35550847457627,158,121,17,43,236,17747,11942,5805,859,4522,13225,7.4958753462557,7.76534861078546,6.94151708182601,6.948358556461,7.45551371074746,7.50967612627599,103
"105",2012,11,7.33315789473684,285,7.69285714285714,6.81666666666667,7.13333333333333,7.45102040816327,7.30868644067797,168,117,15,49,236,18032,12110,5922,874,4571,13461,7.49330355867347,7.76434294880264,6.93905043228639,6.95153318077803,7.45546554364472,7.50615234900825,104
"106",2012,12,7.58493506493507,385,7.9219557195572,6.78377192982456,7.23571428571429,7.44393939393939,7.6141065830721,271,114,14,66,319,18417,12381,6036,888,4637,13780,7.49521907856871,7.76779283660447,6.93611773691186,6.95601351351351,7.45530148803105,7.50865143468795,105
"107",2013,1,7.50359408033827,473,7.78927444794953,6.92307692307692,7.49655172413793,7.35,7.53580562659847,317,156,29,82,391,18890,12698,6192,917,4719,14171,7.49542878613023,7.76832911560876,6.93578918927649,6.97310796074155,7.45347171010807,7.50940066120951,106
"108",2013,2,7.5446602739726,365,7.87453777777778,7.0145,6.84545454545455,7.47115384615385,7.55687220447284,225,140,22,52,313,19255,12923,6332,939,4771,14484,7.4963620238899,7.77017829528747,6.93752947883765,6.97011714589989,7.45366443093691,7.51042652375035,107
"109",2013,3,7.46720689655172,290,7.75678974358974,6.8728,6.859375,7.43411538461538,7.47443697478992,195,95,16,52,238,19545,13118,6427,955,4823,14722,7.4959294331031,7.7699792735173,6.93657268710129,6.96826178010471,7.453453659548,7.50984470656161,108
"110",2013,4,7.65016611295681,301,7.86690476190476,7.15,7.22727272727273,7.5890243902439,7.65980769230769,210,91,11,41,260,19846,13328,6518,966,4864,14982,7.49826870754812,7.77150646083433,6.93955241791961,6.97121118012422,7.45459642269737,7.51244718795888,109
"111",2013,5,7.48826530612245,294,7.72751322751323,7.05761904761905,6.88235294117647,7.53409090909091,7.4802,189,105,17,44,250,20140,13517,6623,983,4908,15232,7.49812267974181,7.77089133017681,6.94142422769138,6.96967446592065,7.45530908720456,7.51191792082458,110
"112",2013,6,7.4861328125,256,7.72869318181818,6.9525,6.58333333333333,7.01142857142857,7.56131221719457,176,80,12,35,221,20396,13693,6703,995,4943,15453,7.49797218915474,7.77034894544658,6.94155641652991,6.96501507537688,7.45216609346551,7.51262432990358,111
"113",2013,7,7.49751552795031,322,7.80759803921569,6.9614406779661,7.075,7.67959183673469,7.46483516483516,204,118,20,49,273,20718,13897,6821,1015,4992,15726,7.4979650917077,7.77089574080737,6.94190040463275,6.96718226600985,7.4543984375,7.51179472020857,112
"114",2013,8,7.53407738095238,336,7.89762931034483,6.72307692307692,6.71875,7.28723404255319,7.5742214532872,232,104,16,47,289,21054,14129,6925,1031,5039,16015,7.49854140638359,7.77297672234411,6.93861410252708,6.9633268671193,7.4528392538202,7.51292124695598,113
"115",2013,9,7.52896341463415,328,7.7493023255814,7.10973451327434,6.975,7.2890243902439,7.56324041811847,215,113,20,41,287,21382,14344,7038,1051,5080,16302,7.49900808016088,7.77262187046849,6.9413615601023,6.96354900095147,7.45151712598425,7.51380712611949,114
"116",2013,10,7.61601796407186,334,7.87599118942731,7.06448598130841,6.91666666666667,7.19883720930233,7.67766323024055,227,107,18,43,291,21716,14571,7145,1069,5123,16593,7.50080773484988,7.77423224967401,6.94320541077677,6.96275958840037,7.44939625219598,7.51668075513771,115
"117",2013,11,7.27793565683646,373,7.61337837837838,6.78476821192053,7.09655172413793,7.33888888888889,7.26554838709677,222,151,29,63,310,22089,14793,7296,1098,5186,16903,7.49704426501879,7.77181829987156,6.93992635142544,6.96629326047359,7.44805379868878,7.51207500266225,116
"118",2013,12,7.57625899280576,417,7.79035714285714,7.13868613138686,7.14827586206897,7.21525423728814,7.63575418994413,280,137,29,59,358,22506,15073,7433,1127,5245,17261,7.49851198658136,7.77216268227957,6.94358975649132,6.97097604259095,7.44543508102955,7.51464015816001,117
"119",2014,1,7.5564774624374,599,7.7721686746988,7.07,6.97027777777778,7.59511627906977,7.55,415,184,36,86,513,23105,15488,7617,1163,5331,17774,7.50001474875568,7.77216284284607,6.94664338453459,6.97095442820292,7.44784974676421,7.51566072746709,118
"120",2014,2,7.62157303370787,445,7.85104895104895,7.20880503144654,7.07638888888889,7.36533333333333,7.67351351351351,286,159,36,75,370,23550,15774,7776,1199,5406,18144,7.50231170997877,7.77359313490554,6.95200394290123,6.9741201000834,7.44670495745468,7.51887972718254,119
"121",2014,3,7.65644562334217,377,7.9634126984127,7.0376,6.875,7.59916666666667,7.66728706624606,252,125,20,60,317,23927,16026,7901,1219,5466,18461,7.50474028377983,7.77657794271808,6.95335813947602,6.97249384741592,7.44837852177095,7.52142807919398,120
"122",2014,4,7.56685082872928,362,7.90635964912281,6.98917910447761,7.47115384615385,7.28363636363636,7.61758957654723,228,134,26,55,307,24289,16254,8035,1245,5521,18768,7.50566597101569,7.77839843177064,6.95395552706907,6.98290763052209,7.44673736641913,7.52300105338875,121
"123",2014,5,7.64960526315789,380,7.84515503875969,7.23606557377049,7.0625,7.7877358490566,7.62721712538226,258,122,16,53,327,24669,16512,8157,1261,5574,19095,7.50788320442661,7.77944150375484,6.95817490008582,6.9839175257732,7.44997972730535,7.52478574338832,122
"124",2014,6,7.57484567901235,324,7.8988038277512,6.98608695652174,7.43333333333333,7.80588235294118,7.53168498168498,209,115,15,51,273,24993,16721,8272,1276,5625,19368,7.50875128115873,7.78093344357395,6.95856294245648,6.98920062695925,7.45320657777778,7.52488299101611,123
"125",2014,7,7.5264039408867,406,7.89596638655462,7.00285714285714,7.15486486486486,7.43839285714286,7.54048571428571,238,168,37,56,350,25399,16959,8440,1313,5681,19718,7.50903345682901,7.78254779821923,6.95944462796209,6.99386900228484,7.45306055271959,7.52515994370626,124
"126",2014,8,7.69153266331658,398,7.94281138790036,7.08803418803419,7.44444444444444,7.71471698113208,7.68797101449275,281,117,18,53,345,25797,17240,8557,1331,5734,20063,7.51184908206381,7.78515998317865,6.96120283510576,6.99996243425996,7.45547907220091,7.52795961571051,125
"127",2014,9,7.50787965616046,349,7.82188940092166,6.99166666666667,7.425,7.53301886792453,7.50337837837838,217,132,20,53,296,26146,17457,8689,1351,5787,20359,7.51179609768225,7.7856165498081,6.96166563010703,7.00625462620281,7.45618921721099,7.52760222849846,126
"128",2014,10,7.39002680965147,373,7.68906382978723,6.88079710144928,7.28333333333333,7.44915254237288,7.37891719745223,235,138,30,59,314,26519,17692,8827,1381,5846,20673,7.51008336551152,7.78433405550531,6.96040134360485,7.01227371469949,7.45611820047896,7.52534386736323,127
"129",2014,11,7.49273809523809,420,7.7937037037037,6.951,7.01153846153846,7.35583333333333,7.51555555555556,270,150,26,60,360,26939,17962,8977,1407,5906,21033,7.50981293923309,7.78447489756152,6.96024425309123,7.01226012793177,7.45509939045039,7.52517633100366,128
"130",2014,12,7.47730263157895,456,7.70065573770492,7.02615894039735,7.59090909090909,7.67230769230769,7.44488491048593,305,151,22,65,391,27395,18267,9128,1429,5971,21424,7.50927179302793,7.78307538785788,6.96133464723926,7.02116864940518,7.45746390889298,7.52371096760643,129
"131",2015,1,7.5776798825257,681,7.89215246636771,6.98085106382979,7.14387755102041,7.22611111111111,7.63121827411168,446,235,49,90,591,28076,18713,9363,1478,6061,22015,7.51093107173387,7.78567509806017,6.96182448574175,7.02523680649526,7.45402854314469,7.52659703702022,130
"132",2015,2,7.50282490272374,514,7.73039520958084,7.08055555555556,7.14545454545455,7.34065573770492,7.52466225165563,334,180,33,61,453,28590,19047,9543,1511,6122,22468,7.51078533648129,7.78470573371134,6.96406399035943,7.02786234281932,7.45289888925188,7.52655802786185,131
"133",2015,3,7.45488069414317,461,7.77672131147541,6.82564102564103,6.80625,7.70666666666667,7.41720698254364,305,156,16,60,401,29051,19352,9699,1527,6182,22869,7.50989820556952,7.78457989406779,6.9618375770698,7.02554027504911,7.4553618570042,7.52464059512878,132
"134",2015,4,7.48066954643629,463,7.70996563573883,7.09273255813954,6.90384615384615,7.625,7.46240875912409,291,172,26,52,411,29514,19643,9871,1553,6234,23280,7.50943968184591,7.78347452578526,6.96411839327323,7.02350289761751,7.45677686878409,7.5235419145189,133
"135",2015,5,7.37521126760563,355,7.66126126126126,6.89774436090226,6.63636363636364,7.1734693877551,7.40751633986928,222,133,22,49,306,29869,19865,10004,1575,6283,23586,7.50784434597744,7.78210873949156,6.96323597161136,7.01809523809524,7.45456740410632,7.52203662214873,134
"136",2015,6,7.47433229813665,322,7.70300925925926,7.00834905660377,6.62142857142857,6.87986111111111,7.54916083916084,216,106,14,36,286,30191,20081,10110,1589,6319,23872,7.50748692557385,7.78125791096061,6.96370896735905,7.01460037759597,7.45129324260168,7.52236158553955,135
"137",2015,7,7.46187347931873,411,7.84897727272727,6.76666666666667,6.52631578947368,7.51491228070175,7.45333333333333,264,147,19,57,354,30602,20345,10257,1608,6376,24226,7.5068743144239,7.78213664831654,6.96088502096129,7.00883084577114,7.45186198243413,7.52135291711385,136
"138",2015,8,7.38006479481641,463,7.56714743589744,6.99350993377483,7.025,7.45740740740741,7.36366492146597,312,151,32,81,382,31065,20657,10408,1640,6457,24608,7.50498431578948,7.77888948588856,6.96135834550346,7.00914634146341,7.45193154715812,7.51890506217491,137
"139",2015,9,7.40392670157068,382,7.73888888888889,6.81834532374101,7.16666666666667,7.85816326530612,7.33708708708709,243,139,15,49,333,31447,20900,10547,1655,6506,24941,7.5037567262378,7.77842440717703,6.95947356215037,7.01057401812689,7.45499108515217,7.51647751774187,138
"140",2015,10,7.41789719626168,428,7.67225806451613,6.94161073825503,6.81,7.345,7.43414285714286,279,149,25,78,350,31875,21179,10696,1680,6584,25291,7.50260385160784,7.77702583266443,6.95922472513089,7.00758928571428,7.45368803159174,7.5153380953699,139
"141",2015,11,7.43032380952381,525,7.6842671009772,7.07270642201835,6.98333333333333,7.33898305084746,7.44188841201717,307,218,36,59,466,32400,21486,10914,1716,6643,25757,7.50143264722222,7.77570046123057,6.96149144768188,7.00708041958042,7.45266927592955,7.51400923127694,140
"142",2015,12,7.31030063291139,632,7.63581081081081,6.8506106870229,7.12407407407407,7.34318181818182,7.30498161764706,370,262,54,88,544,33032,21856,11176,1770,6731,26301,7.49777572565997,7.77333227077233,6.95889205977094,7.01064971751412,7.45123785470212,7.50968578266986,141
"143",2016,1,7.50086036671368,709,7.72019027484144,7.06127118644068,6.8925,7.46695652173913,7.50591572123177,473,236,40,92,617,33741,22329,11412,1810,6823,26918,7.49784054325598,7.7722065524654,6.96100925867508,7.00803867403315,7.45144980213982,7.50959936733784,142
"144",2016,2,7.52016210526316,475,7.7773152866242,7.01863354037267,7.10416666666667,7.32307692307692,7.55140731707317,314,161,24,65,410,34216,22643,11573,1834,6888,27328,7.49815041997896,7.77227739742967,6.96181090987644,7.00929661941112,7.45023838559814,7.51022660897249,143
"145",2016,3,7.42770786516854,445,7.73122807017544,6.8870625,6.85103448275862,7.50666666666667,7.418825,285,160,29,45,400,34661,22928,11733,1863,6933,27728,7.49724603358241,7.77176714541172,6.96079158442001,7.00683306494901,7.45060464445406,7.50890806296884,144
"146",2016,4,7.44808966861598,513,7.67632768361582,6.93993710691824,7.20526315789474,7.19952380952381,7.48288888888889,354,159,19,63,450,35174,23282,11892,1882,6996,28178,7.49652910587366,7.77031599991409,6.96051275311134,7.00883634431456,7.44834362492853,7.50849253921499,145
"147",2016,5,7.46217625899281,556,7.82050420168067,6.81934673366834,6.68571428571429,7.21929824561404,7.48991983967936,357,199,28,57,499,35730,23639,12091,1910,7053,28677,7.49599453596418,7.7710739502517,6.95818936895211,7.00409947643979,7.446492556359,7.50816936116051,146
"148",2016,6,7.48339694656489,524,7.72755681818182,6.98372093023256,7.35416666666667,7.56779661016949,7.47268817204301,352,172,24,59,465,36254,23991,12263,1934,7112,29142,7.49581245572902,7.77043545954733,6.95854747288592,7.00844364012409,7.44749887514061,7.50760321082973,147
"149",2016,7,7.39277671755725,524,7.73349112426035,6.77362903225806,6.76666666666667,7.68583333333333,7.35488146551724,338,186,18,60,464,36778,24329,12449,1952,7172,29606,7.49434443879493,7.76992219614452,6.95578461402522,7.00621413934426,7.44949274958171,7.50520967945687,148
"150",2016,8,7.36194610778443,668,7.58584862385321,6.94116379310345,6.91463414634146,7.32317073170732,7.36737201365188,436,232,41,82,586,37446,24765,12681,1993,7254,30192,7.49198258211825,7.76668149040985,6.95551712483243,7.00433015554441,7.44806479183899,7.50253437235029,149
"151",2016,9,7.40494791666667,576,7.6877358490566,6.89317073170732,6.79310344827586,7.38363636363636,7.40719769673704,371,205,29,55,521,38022,25136,12886,2022,7309,30713,7.49066408316238,7.76551627585932,6.95452527238864,7.00130069238378,7.44757996990012,7.50091712857748,150
"152",2016,10,7.37076538461538,520,7.71691463414634,6.77942708333333,6.63333333333333,7.32094594594595,7.37903139013453,328,192,30,74,446,38542,25464,13078,2052,7383,31159,7.48904643687406,7.76489024151743,6.95195463067747,6.99592105263158,7.44631071380198,7.49917249494528,151
"153",2016,11,7.45691693290735,626,7.71870283018868,6.90742574257426,6.876,7.35333333333333,7.4729704797048,424,202,25,84,542,39168,25888,13280,2077,7467,31701,7.48853292917688,7.76413377279048,6.95127730873494,6.9944776119403,7.44526476496585,7.49872451247595,152
"154",2016,12,7.3953701399689,643,7.6957602739726,6.75356097560976,6.77857142857143,7.46455696202532,7.38567907801418,438,205,35,79,564,39811,26326,13485,2112,7546,32265,7.48702822762553,7.7629962056522,6.94827160993697,6.99089962121212,7.44546673734429,7.49674845095305,153
"155",2017,1,7.42733955659277,857,7.68580101180438,6.8467803030303,6.96111111111111,7.54653465346535,7.41141534391534,593,264,45,101,756,40668,26919,13749,2157,7647,33021,7.48577040351136,7.76129566885843,6.94632283511528,6.99027816411683,7.44680162155093,7.49479479028497,154
"156",2017,2,7.43557210031348,638,7.6885,6.91269230769231,6.77352941176471,7.19256944444444,7.46648409893993,430,208,34,72,566,41306,27349,13957,2191,7719,33587,7.48499505568198,7.76015112472119,6.94582164218672,6.98691465084436,7.44443023707734,7.49431770536219,155
"157",2017,3,7.41115384615385,572,7.67482142857143,6.83694444444444,6.76086956521739,7.52037037037037,7.39976833976834,392,180,23,54,518,41878,27741,14137,2214,7773,34105,7.48398647905822,7.75894535561083,6.94443535827969,6.98456639566396,7.4449578026502,7.49288165283683,156
"158",2017,4,7.35497076023392,513,7.59752186588921,6.86558823529412,6.76774193548387,7.34051724137931,7.35681318681319,343,170,31,58,455,42391,28084,14307,2245,7831,34560,7.48242517916539,7.75697383243128,6.94349847347452,6.9815723830735,7.44418426765419,7.4910902421875,157
"159",2017,5,7.43934823091248,537,7.7076902173913,6.85502958579882,6.96805555555556,7.319,7.45738758029979,368,169,36,70,467,42928,28452,14476,2281,7901,35027,7.48188631592434,7.75633639498102,6.94246564382426,6.98135905304691,7.44307518035692,7.49064089902076,158
"160",2017,6,7.47656565656566,495,7.69703264094955,7.00632911392405,6.58,7.16442307692308,7.51320541760722,337,158,25,52,443,43423,28789,14634,2306,7953,35470,7.48182566312784,7.75564219354614,6.9431551633183,6.9770078057242,7.44125323777191,7.4909227169439,159
"161",2017,7,7.33518297101449,552,7.64019718309859,6.78553807106599,6.48,7.22394366197183,7.35160291060291,355,197,30,71,481,43975,29144,14831,2336,8024,35951,7.4799849180216,7.75423597001098,6.94106153732048,6.970625,7.43933038384845,7.48905871241412,160
"162",2017,8,7.43463793103448,580,7.69704,6.95463414634146,6.73076923076923,7.69649122807018,7.40609942638623,375,205,26,57,523,44555,29519,15036,2362,8081,36474,7.47939460823701,7.75350937057488,6.94124658552807,6.96798475867908,7.44114428907313,7.48786916077206,161
"163",2017,9,7.40139105058366,514,7.57745508982036,7.07469444444444,6.84932432432432,7.55833333333333,7.38410367170626,334,180,37,51,463,45069,29853,15216,2399,8132,36937,7.47850499833589,7.75153964794158,6.94282522739222,6.9661546477699,7.44187924249877,7.48656847524163,162
"164",2017,10,7.34066780821918,584,7.59701298701299,6.84472361809045,6.96,7.00576271186441,7.37830476190476,385,199,30,59,525,45653,30238,15415,2429,8191,37462,7.47674176439665,7.749572164495,6.94155878430101,6.96607863318238,7.43873788304236,7.48505124579574,163
"165",2017,11,7.29896068376068,585,7.63313782991202,6.83193442622951,6.81484848484848,7.53772727272727,7.26859730250482,341,244,33,66,519,46238,30579,15659,2462,8257,37981,7.47449249037588,7.74827375355636,6.93985060731848,6.96405158407798,7.4395291268015,7.48209346173086,164
"166",2017,12,7.3424568288854,637,7.61157451923077,6.83588235294118,6.91153846153846,7.35102739726027,7.3413475177305,416,221,26,73,564,46875,30995,15880,2488,8330,38545,7.47269821376,7.74643904210356,6.93840369395466,6.96350281350482,7.43875354141657,7.48003403217019,165
"167",2018,1,7.37201080432173,833,7.60907570422535,6.86388679245283,6.66904761904762,7.67448453608247,7.33214673913043,568,265,42,97,736,47708,31563,16145,2530,8427,39281,7.47094017292697,7.74396708519469,6.93718059213379,6.95861462450593,7.44146695146553,7.47726309844454,166
"168",2018,2,7.33508050089445,559,7.56234501347709,6.88659574468085,6.56875,7.34109589041096,7.33417695473251,371,188,24,73,486,48267,31934,16333,2554,8500,39767,7.46936672612758,7.74185705235799,6.93659833833344,6.95495105716523,7.44060494117647,7.47551441572158,167
"169",2018,3,7.34129390018484,541,7.66204545454545,6.74391534391534,6.8,7.08571428571429,7.36674796747968,352,189,26,49,492,48808,32286,16522,2580,8549,40259,7.46794713510081,7.74098690175308,6.93439418109188,6.95338953488372,7.43857082699731,7.47418519511165,168
"170",2018,4,7.27996666,500,7.66499498498499,6.51221556886228,6.55769230769231,7.203125,7.29124616972477,333,167,26,64,436,49308,32619,16689,2606,8613,40695,7.46604094873043,7.74021111744688,6.93016961231949,6.94944167306216,7.43682131661442,7.4722252143998,169
"171",2018,5,7.21636226027397,438,7.57128571428571,6.58738398734177,5.94545454545455,6.88444444444444,7.25436811704835,280,158,22,45,393,49746,32899,16847,2628,8658,41088,7.4638425957866,7.73877341074197,6.9269547889832,6.94103691019787,7.43395033495033,7.47014144689447,170
"172",2018,6,7.33922692488263,426,7.65648317073171,6.6841726618705,5.95454545454545,7.41512820512821,7.33157795865633,287,139,11,39,387,50172,33186,16986,2639,8697,41475,7.46278451008531,7.73806174621828,6.92496805192512,6.93692497158014,7.43386593078073,7.4688485217601,171
"173",2018,7,7.36728184549356,466,7.61477596721311,6.89842652173913,6.35833333333333,7.69307692307692,7.31447216957606,305,161,24,65,401,50638,33491,17147,2663,8762,41876,7.46190563963822,7.73693899196799,6.92471884294629,6.93171047690574,7.43578886099064,7.46737023068106,172
"174",2018,8,7.30774245472837,497,7.60751622418879,6.66455696202532,6.455,7.36139534883721,7.30266079295154,339,158,20,43,454,51135,33830,17305,2683,8805,42330,7.46040727055833,7.73564208631392,6.92234348454204,6.92815691390235,7.43542555366269,7.46560368013229,173
"175",2018,9,7.24128798488665,397,7.50272906382979,6.86203703703704,7.18333333333333,7.30828571428571,7.23336149295775,235,162,24,42,355,51532,34065,17467,2707,8847,42685,7.45871918633082,7.7340353180684,6.92178416442434,6.93041928333949,7.43482197355036,7.46367218249971,174
"176",2018,10,7.30913223140496,484,7.5087106918239,6.92680722891566,6.75416666666667,7.41333333333333,7.29438679245283,318,166,24,60,424,52016,34383,17633,2731,8907,43109,7.45732730525223,7.73195134543234,6.92183145239041,6.92887037715122,7.43467722016392,7.46200717042845,175
"177",2018,11,7.32618538324421,561,7.56872093023256,6.94170506912442,6.63448275862069,7.132,7.35615226337449,344,217,29,75,486,52577,34727,17850,2760,8982,43595,7.4559280124389,7.73033441155297,6.92207305322129,6.92577717391304,7.43214985526609,7.46082709278587,176
"178",2018,12,7.394688057041,561,7.7021038961039,6.72221590909091,6.32333333333333,7.45,7.38806387225549,385,176,30,60,501,53138,35112,18026,2790,9042,44096,7.45528147672099,7.73002486642743,6.92012171308111,6.91929928315412,7.43226830347268,7.46000038801705,177
"179",2019,1,7.40125792767733,719,7.65291472945892,6.83045454545455,6.74,7.59846153846154,7.3772612324493,499,220,25,78,641,53857,35611,18246,2815,9120,44737,7.45456025326327,7.72894435876555,6.91904055683438,6.91770692717584,7.43368969298245,7.45881488611217,178
"180",2019,2,7.25527478494624,558,7.53720036516854,6.75841584158416,6.29545454545455,7.3159375,7.24741564777328,356,202,22,64,494,54415,35967,18448,2837,9184,45231,7.45251667536525,7.72704648399922,6.91728176496097,6.91288156503348,7.43286912020906,7.4565060443059,179
"181",2019,3,7.30650294695481,509,7.59037974683544,6.84170984455959,6.66,7.16272727272727,7.32392070484581,316,193,25,55,454,54924,36283,18641,2862,9239,45685,7.45116351485689,7.72585621062206,6.91649932943512,6.91067260656883,7.43126095897824,7.45518846207727,180
"182",2019,4,7.31138580931264,451,7.56292096219931,6.85390625,6.71428571428571,7.05238095238095,7.33798288508557,291,160,21,42,409,55375,36574,18801,2883,9281,46094,7.45002509959368,7.72455982091103,6.91596665071007,6.90924210891432,7.42954638508781,7.45414847680826,181
"183",2019,5,7.38718604651163,430,7.56688405797101,7.06512987012987,7.1952380952381,7.45423076923077,7.37796296296296,276,154,21,52,378,55805,36850,18955,2904,9333,46472,7.44954089938178,7.72337885725916,6.91717852809285,6.91131026170799,7.42968391728276,7.45352878916337,182
"184",2019,6,7.31810502283105,438,7.5878431372549,6.69280303030303,7.05769230769231,7.46622222222222,7.30114503816794,306,132,26,45,393,56243,37156,19087,2930,9378,46865,7.44851732464485,7.72226264640973,6.91562681406193,6.91260921501706,7.42985924504158,7.45225093118532,183
"185",2019,7,7.3676819057377,488,7.5969424251497,6.87045454545455,6.605,7.54116290322581,7.34243349765258,334,154,20,62,426,56731,37490,19241,2950,9440,47291,7.44782197845975,7.72114616324353,6.91526526687802,6.91052372881356,7.43059026483051,7.45126168953924,184
"186",2019,8,7.32388379816514,545,7.66632150887574,6.76473429951691,6.84565217391304,7.351,7.32114478787879,338,207,23,50,495,57276,37828,19448,2973,9490,47786,7.44664266586354,7.72065629507243,6.91366305018511,6.9100218634376,7.43017092729188,7.44991384987235,185
"187",2019,9,7.26264744230769,520,7.52435897435897,6.87008014423077,6.94571428571429,7.14086206896552,7.27793651515151,312,208,35,58,462,57796,38140,19656,3008,9548,48248,7.44498723095024,7.71905050681699,6.91320185541311,6.91043716755319,7.42841350020946,7.4482670763555,186
"188",2019,10,7.08384207983193,476,7.34310300970874,6.60413173652695,6.825,7.16109090909091,7.07375019002375,309,167,20,55,421,58272,38449,19823,3028,9603,48669,7.44203718475426,7.71602915966605,6.91059807647682,6.90987285336856,7.42688244298656,7.44502740409706,187
"189",2019,11,7.29062919413919,546,7.56533591715976,6.84423076923077,6.46774193548387,7.32090909090909,7.28723735234216,338,208,31,55,491,58818,38787,20031,3059,9658,49160,7.44063168366826,7.71471597958079,6.90990892466677,6.90539228506047,7.42627895009318,7.44345142941416,188
"190",2019,12,7.32605062947067,699,7.62352936575053,6.70345132743363,6.58214285714286,7.56675324675325,7.29625303858521,473,226,28,77,622,59517,39260,20257,3087,9735,49782,7.43928598148428,7.71361737366276,6.90760555215481,6.90246031746031,7.42739004622496,7.44161226266522,189
"191",2020,1,7.37740751406074,889,7.63805274873524,6.85523648648649,6.64285714285714,7.45724137931034,7.3687472319202,593,296,35,87,802,60406,39853,20553,3122,9822,50584,7.43837531106181,7.71249299601034,6.90685134384275,6.89954996796925,7.42765445937691,7.44045700102799,190
"192",2020,2,7.32184402597403,693,7.66841478651685,6.69997310483871,6.59677419354839,7.58754385964912,7.29803130503145,445,248,31,57,636,61099,40298,20801,3153,9879,51220,7.43705358434672,7.71200625217133,6.90438483726744,6.89657310497938,7.42857699159834,7.43868849765716,191
"193",2020,3,7.2324816969697,660,7.54800679389313,6.76805711610487,6.88695652173913,7.14230769230769,7.24233263865546,393,267,23,65,595,61759,40691,21068,3176,9944,51815,7.4348673856442,7.71042231992333,6.90265712217581,6.89650346347607,7.4267057622687,7.43643371166651,192
"194",2020,4,7.43292277408638,602,7.64250489051095,6.98193717277487,6.89230769230769,7.31463768115942,7.44823547842401,411,191,26,69,533,62361,41102,21259,3202,10013,52348,7.43484861339619,7.70974317867744,6.90336940825063,6.89646939412867,7.42593349645461,7.43655387560174,193
"195",2020,5,7.3890359168242,529,7.61897360703812,6.97196808510638,6.72352941176471,7.16576923076923,7.41337526205451,341,188,34,52,477,62890,41443,21447,3236,10065,52825,7.43446325934171,7.70899631131916,6.90397073017205,6.89465234857849,7.42458937903626,7.43634457699953,194
"196",2020,6,7.27012098790323,496,7.48740301492537,6.81801242236025,6.678,7.30573105263158,7.26549735763098,335,161,25,57,439,63386,41778,21608,3261,10122,53264,7.43317726927082,7.7072194489923,6.90333025962607,6.89299141367678,7.42392005236119,7.43493646027335,195
"197",2020,7,7.31163333333333,540,7.68000586510264,6.68040201005025,6.67105263157895,7.25446428571429,7.3182479338843,341,199,38,56,484,63926,42119,21807,3299,10178,53748,7.43215055517317,7.70699912486052,6.90129592562022,6.89043498029706,7.422987696011,7.43388568169978,196
"198",2020,8,7.40781400362319,552,7.69616888,6.79689265536723,6.85185185185185,7.26139240506329,7.43226919661734,375,177,27,79,473,64478,42494,21984,3326,10257,54221,7.43194220850523,7.70690355038359,6.90045534252184,6.89012176788935,7.42174307984791,7.43387158019955,197
"199",2020,9,7.34893209259259,540,7.65550854984894,6.8633971291866,6.85135135135135,7.67692307692308,7.30404911578947,331,209,37,65,475,65018,42825,22193,3363,10322,54696,7.43125277692331,7.7065063117338,6.9001063511017,6.88969521260779,7.42335000678163,7.43274415459997,198
"200",2020,10,7.39566600397614,503,7.7400625,6.79344262295082,6.50263157894737,7.3625,7.40015801354402,320,183,38,60,443,65521,43145,22376,3401,10382,55139,7.43097957982937,7.70675519295399,6.89923401188774,6.8853704792708,7.42299834039684,7.43248234969804,199
"201",2020,11,7.37005004504505,666,7.60762546067416,6.8916742081448,6.76764705882353,7.29807692307692,7.37614548859935,445,221,34,52,614,66187,43590,22597,3435,10434,55753,7.43036648254189,7.70574320096353,6.89916007655884,6.88420524017467,7.42237576864098,7.43186191971733,200
"202",2020,12,7.25899821236559,744,7.564805,6.654724,6.66666666666667,7.43391549295775,7.24054482912333,494,250,33,71,673,66931,44084,22847,3468,10505,56426,7.42846156564223,7.70416386444062,6.89648537007047,6.88213523644752,7.42245376201808,7.42958005671144,201
"203",2021,1,7.31261098863636,880,7.50080945392491,6.93749431972789,6.97793642857143,7.38318666666667,7.30603561490683,586,294,42,75,805,67811,44670,23141,3510,10580,57231,7.42695814425388,7.70149617506156,6.89700637742535,6.88328157549857,7.42217540359168,7.42784230486974,202
"204",2021,2,7.33555025477707,628,7.64698713947991,6.69292682926829,6.60344827586207,7.34907407407407,7.33427797909408,423,205,29,54,574,68439,45093,23346,3539,10634,57805,7.4261193804702,7.70098484687202,6.89521436563009,6.88098850805312,7.42180419127327,7.42691321702275,203
"205",2021,3,7.34232692844677,573,7.60726315789474,6.82069082901554,6.54761904761905,7.37126984126984,7.33875162745098,380,193,21,63,510,69012,45473,23539,3560,10697,58315,7.4254236597983,7.70020165152948,6.89460333531586,6.87902200280899,7.42150656913153,7.42614219051702,204
"206",2021,4,7.47732272365805,503,7.72213798833819,6.9525,6.39166666666667,7.63586956521739,7.46136396061269,343,160,24,46,457,69515,45816,23699,3584,10743,58772,7.42579919355535,7.70036587720447,6.89499421536774,6.8757584626116,7.42242444103137,7.42641606836589,205
"207",2021,5,7.29272908366534,502,7.59468390804598,6.61038961038961,6.81578947368421,7.90204081632653,7.22682119205298,348,154,19,49,453,70017,46164,23853,3603,10792,59225,7.42484512247026,7.69956921042371,6.89315674799816,6.87544222314737,7.42460209136397,7.42488940768257,206
"208",2021,6,7.28745652173913,460,7.64829813380282,6.705189375,6.54405782608696,7.1796875,7.29551401869159,284,176,23,32,428,70477,46448,24029,3626,10824,59653,7.42394839366034,7.69925572037548,6.89177998418578,6.87334022614451,7.42387802753141,7.42396116155097,207
"209",2021,7,7.27006744186046,473,7.60895765472313,6.64332469879518,6.16,7.46116388888889,7.25432494279176,307,166,25,36,437,70950,46755,24195,3651,10860,60090,7.42292252064834,7.69866281039461,6.89007535193222,6.86845567241851,7.42400162707182,7.42272749492428,208
"210",2021,8,7.28583501006036,497,7.60918181818182,6.64688622754491,6.425,6.89333333333333,7.32491150442478,330,167,20,45,452,71447,47085,24362,3671,10905,60542,7.42196891178076,7.69803567378146,6.88840830555784,6.8660396785617,7.42181179917469,7.4219972113574,209
"211",2021,9,7.31820406451613,465,7.50982881756757,6.98257727810651,7.07407407407407,7.31368888888889,7.31868783333333,296,169,27,45,420,71912,47381,24531,3698,10950,60962,7.42129794373679,7.69685990228151,6.88905705841588,6.86755858842617,7.42136745844749,7.42128545749811,210
"212",2021,10,7.24050505050505,495,7.47190476190476,6.83555555555556,6.55652173913044,6.89387755102041,7.27858744394619,315,180,23,49,446,72407,47696,24711,3721,10999,61408,7.42006197922853,7.69537422488259,6.88866734247906,6.86563602794947,7.419017517047,7.42024905647473,211
"213",2021,11,7.22560582914573,597,7.51597119592875,6.66622549019608,6.66666666666667,7.30779661016949,7.21659234200744,393,204,24,59,538,73004,48089,24915,3745,11058,61946,7.41847178798422,7.69390808105804,6.88684602448325,6.86436092389853,7.41842409748598,7.4184803012301,212
"214",2021,12,7.26178977932636,861,7.44532798932384,6.91681160535117,6.32333342105263,7.51422368421053,7.23735031847134,562,299,38,76,785,73865,48651,25214,3783,11134,62731,7.4166454397888,7.69103656738814,6.8872013710637,6.85892633624108,7.41907801957966,7.41621368605634,213
"215",2022,1,7.308928457539,1154,7.54934317460317,6.85226130653266,6.5046875,7.23199309278351,7.31598875118259,756,398,32,97,1057,75019,49407,25612,3815,11231,63788,7.41498845425825,7.68886844941001,6.88665841675777,6.85595500131061,7.41746220283145,7.41455290728664,214
"216",2022,2,7.36906583460949,653,7.56543621923937,6.94296116504854,6.53076923076923,7.42101621951219,7.36160535901926,447,206,26,82,571,75672,49854,25818,3841,11313,64359,7.4145921720055,7.6877617336623,6.88710765241305,6.85375379588649,7.41748796340493,7.41408315091906,215
"217",2022,3,7.34658170967742,620,7.53782994949495,7.00848214285714,7.52903225806452,7.57569014084507,7.31695202185792,396,224,31,71,549,76292,50250,26042,3872,11384,64908,7.41403947333928,7.68658018169155,6.88815165386683,6.85916020919421,7.41847464248067,7.4132616036544,216
"218",2022,4,7.31173451327434,565,7.60243626062323,6.82768867924528,6.37894736842105,7.24843137254902,7.31801556420233,353,212,19,51,514,76857,50603,26254,3891,11435,65422,7.41328739737435,7.68599320455309,6.88766341776491,6.85681529940889,7.41771625098382,7.412513285592,217
"219",2022,5,7.2612905982906,585,7.54028571428571,6.84576595744681,6.28125,7.23645833333333,7.26351024208566,350,235,32,48,537,77442,50953,26489,3923,11483,65959,7.41213920740683,7.68499232881283,6.88729171995923,6.85212040020392,7.41695857615605,7.41130018905684,218
"220",2022,6,7.35133870967742,558,7.62884840425532,6.77802197802198,6.375,7.73625,7.32161583011583,376,182,20,40,518,78000,51329,26671,3943,11523,66477,7.41170425,7.68458105807633,6.88654607513779,6.84970031194522,7.41806693829732,7.41060135340043,219
"221",2022,7,7.21895238095238,525,7.49753623188406,6.685,6.07647058823529,6.9998,7.24202105263158,345,180,17,50,475,78525,51674,26851,3960,11573,66952,7.41041555555556,7.68333225858265,6.88519497858553,6.84638089141414,7.41625985742677,7.40940533770463,220
"222",2022,8,7.17374300699301,572,7.44622099447514,6.70404285714286,6.07884615384615,7.056,7.18728460038986,362,210,26,59,513,79097,52036,27061,3986,11632,67465,7.40870402796566,7.68168274137136,6.88378919367355,6.84137439287506,7.41443254212517,7.40771634432669,221
"223",2022,9,7.24049877289377,546,7.51383903426791,6.85053333333333,7.02380952380952,7.25609259259259,7.23878725609756,321,225,21,54,492,79643,52357,27286,4007,11686,67957,7.40755088118228,7.68065369406192,6.88351496628308,6.84233050411779,7.41370086684922,7.40649331930486,222
"224",2022,10,7.21824404761905,672,7.43994565217391,6.94986842105263,6.375,7.21967741935484,7.21809836065574,368,304,20,62,610,80315,52725,27590,4027,11748,68567,7.4059669405466,7.67897364551921,6.88424608082639,6.8400095182518,7.41267690926115,7.40481728090773,223
"225",2022,11,7.16365267801858,646,7.46318332402235,6.79131944444444,6.3,7.03991228070175,7.17562755517827,358,288,24,57,589,80961,53083,27878,4051,11805,69156,7.40403347858846,7.67751832206168,6.88328608113925,6.83681025178968,7.4108770292249,7.40286527748858,224
"226",2022,12,7.18750300842359,831,7.39626908396947,6.83117263843648,7.04259259259259,7.33378048780488,7.17148865153538,524,307,27,82,749,81792,53607,28185,4078,11887,69905,7.40183354680164,7.67476915496111,6.88271844491751,6.83817271456596,7.41034519475057,7.40038618310564,225
