"","year","month","avg_rating","no_ratings","avg_rating_owned","avg_rating_not_owned","avg_rating_prev_owned","avg_rating_comment","avg_rating_no_comment","no_ratings_owned","no_ratings_not_owned","no_ratings_prev_owned","no_ratings_comment","no_ratings_no_comment","cum_no_ratings","cum_no_ratings_owned","cum_no_ratings_not_owned","cum_no_ratings_prev_owned","cum_no_ratings_comment","cum_no_ratings_no_comment","cum_avg_rating","cum_avg_rating_owned","cum_avg_rating_not_owned","cum_avg_rating_prev_owned","cum_avg_rating_comment","cum_avg_rating_no_comment","month_after_release"
"1",2004,4,8.875,4,9.16666666666667,8,NA,9.5,8.66666666666667,3,1,0,1,3,4,3,1,0,1,3,8.875,9.16666666666667,8,NA,9.5,8.66666666666667,0
"2",2004,5,8.42631578947368,19,8.54,8,NA,8.8,8.25384615384615,15,4,0,6,13,23,18,5,0,7,16,8.50434782608696,8.64444444444444,8,NA,8.9,8.33125,1
"3",2004,6,8.12837837837838,37,8.575,7.30384615384615,NA,7.79117647058824,8.415,24,13,0,17,20,60,42,18,0,24,36,8.2725,8.6047619047619,7.49722222222222,NA,8.11458333333333,8.37777777777778,2
"4",2004,7,8.05769230769231,39,8.31896551724138,7.3,8,8.375,7.83695652173913,29,10,1,16,23,99,71,28,1,40,59,8.18787878787879,8.48802816901408,7.42678571428571,8,8.21875,8.16694915254237,3
"5",2004,8,8.06,20,8.6375,5.75,NA,7.5,8.3,16,4,0,6,14,119,87,32,1,46,73,8.16638655462185,8.51551724137931,7.2171875,8,8.125,8.19246575342466,4
"6",2004,9,8.25,32,8.65,7.58333333333333,NA,7.94117647058824,8.6,20,12,0,17,15,151,107,44,1,63,88,8.1841059602649,8.54065420560747,7.31704545454545,8,8.07539682539683,8.26193181818182,5
"7",2004,10,7.66666666666667,24,8.29411764705882,6.14285714285714,8,7.61111111111111,7.7,17,7,1,9,15,175,124,51,2,72,103,8.11314285714286,8.50685483870967,7.15588235294118,8,8.01736111111111,8.18009708737864,6
"8",2004,11,7.62727272727273,22,8.05,6.5,NA,7.98,7.33333333333333,16,6,0,10,12,197,140,57,2,82,115,8.05888324873096,8.45464285714285,7.08684210526316,8,8.01280487804878,8.09173913043478,7
"9",2004,12,7.87333333333333,30,8.29545454545454,6.7125,9,7.84210526315789,7.92727272727273,22,8,1,19,11,227,162,65,3,101,126,8.03436123348018,8.43302469135802,7.04076923076923,8.33333333333333,7.98069306930693,8.07738095238095,8
"10",2005,1,7.8,31,8.2,6.13333333333333,7,7.26923076923077,8.18333333333333,25,6,1,13,18,258,187,71,4,114,144,8.0062015503876,8.40187165775401,6.96408450704225,8,7.89956140350877,8.090625,9
"11",2005,2,7.63571428571429,42,8.13793103448276,6.51538461538462,7,7.2952380952381,7.97619047619048,29,13,2,21,21,300,216,84,6,135,165,7.95433333333333,8.36643518518518,6.89464285714286,7.66666666666667,7.80555555555556,8.07606060606061,10
"12",2005,3,7.41891891891892,37,7.75,6.80769230769231,8.5,6.83333333333333,7.81818181818182,24,13,2,15,22,337,240,97,8,150,187,7.89554896142433,8.30479166666666,6.88298969072165,7.875,7.70833333333333,8.04572192513369,11
"13",2005,4,7.75,38,8.16666666666667,7.03571428571429,7,7.5,7.95238095238095,24,14,2,17,21,375,264,111,10,167,208,7.8808,8.29223484848485,6.90225225225225,7.7,7.68712574850299,8.03629807692308,12
"14",2005,5,7.7027027027027,37,8.5,6.76470588235294,NA,8,7.52173913043478,20,17,0,14,23,412,284,128,10,181,231,7.86480582524272,8.3068661971831,6.883984375,7.7,7.71132596685083,7.98506493506494,13
"15",2005,6,7.63888888888889,18,7.88461538461539,7,NA,8.08333333333333,7.41666666666667,13,5,0,6,12,430,297,133,10,187,243,7.8553488372093,8.28838383838384,6.88834586466165,7.7,7.72326203208556,7.95699588477366,14
"16",2005,7,7.871875,32,8.18333333333333,6.9375,7.5,8.4,7.59523809523809,24,8,1,11,21,462,321,141,11,198,264,7.85649350649351,8.28052959501558,6.89113475177305,7.68181818181818,7.76085858585859,7.9282196969697,15
"17",2005,8,8.1948275862069,29,8.34772727272727,7.71428571428571,8,8.17857142857143,8.21,22,7,1,14,15,491,343,148,12,212,279,7.87647657841141,8.28483965014577,6.93006756756757,7.70833333333333,7.78844339622642,7.94336917562724,16
"18",2005,9,8.07903225806452,31,8.26052631578947,7.79166666666667,8.33333333333333,8.34090909090909,7.935,19,12,3,11,20,522,362,160,15,223,299,7.88850574712644,8.2835635359116,6.9946875,7.83333333333333,7.81569506726457,7.94280936454849,17
"19",2005,10,8.00512820512821,39,8.408,7.28571428571429,7.83333333333333,8.01052631578947,8,25,14,3,19,20,561,387,174,18,242,319,7.89661319073084,8.29160206718346,7.01810344827586,7.83333333333333,7.83099173553719,7.94639498432602,18
"20",2005,11,7.47941176470588,34,7.68695652173913,7.04545454545455,7,6.83333333333333,7.98947368421053,23,11,1,15,19,595,410,185,19,257,338,7.8727731092437,8.25768292682927,7.01972972972973,7.78947368421053,7.7727626459144,7.94881656804734,19
"21",2005,12,8.03684210526316,38,8.44444444444444,7.03636363636364,7.4,8.38888888888889,7.92758620689655,27,11,1,9,29,633,437,196,20,266,367,7.8826224328594,8.26922196796338,7.02066326530612,7.77,7.79360902255639,7.94713896457766,20
"22",2006,1,7.8030303030303,33,8.325,7,6,7.59090909090909,7.90909090909091,20,13,1,11,22,666,457,209,21,277,389,7.87867867867868,8.27166301969365,7.01937799043062,7.68571428571429,7.78555956678701,7.94498714652956,21
"23",2006,2,8.04347826086956,23,8.73076923076923,7.15,8,7.9,8.15384615384615,13,10,2,10,13,689,470,219,23,287,402,7.88417997097242,8.28436170212766,7.02534246575343,7.71304347826087,7.78954703832753,7.95174129353234,22
"24",2006,3,7.8,30,8,7.33333333333333,NA,7.42857142857143,8.125,21,9,0,14,16,719,491,228,23,301,418,7.88066759388039,8.27219959266802,7.0375,7.71304347826087,7.77275747508306,7.95837320574163,23
"25",2006,4,7.79166666666667,24,7.77777777777778,7.83333333333333,8,7.9,7.71428571428571,18,6,1,10,14,743,509,234,24,311,432,7.87779273216689,8.25471512770137,7.05790598290598,7.725,7.77684887459807,7.95046296296296,24
"26",2006,5,7.7,25,8.25,7,7,7.70833333333333,7.69230769230769,14,11,1,12,13,768,523,245,25,323,445,7.87200520833333,8.25458891013384,7.05530612244898,7.696,7.77430340557276,7.94292134831461,25
"27",2006,6,7.842,25,8.11388888888889,7.14285714285714,NA,8.3,7.53666666666667,18,7,0,10,15,793,541,252,25,333,460,7.87105926860025,8.24990757855822,7.0577380952381,7.696,7.79009009009009,7.92967391304348,26
"28",2006,7,8.01666666666667,42,8.22413793103448,7.55384615384615,8,8.1578947368421,7.9,29,13,1,19,23,835,570,265,26,352,483,7.87838323353293,8.24859649122807,7.08207547169811,7.70769230769231,7.80994318181818,7.92826086956522,27
"29",2006,8,8.22619047619048,42,8.36,8.02941176470588,9,8.71428571428571,7.98214285714286,25,17,2,14,28,877,595,282,28,366,511,7.89503990877993,8.25327731092437,7.13918439716312,7.8,7.84453551912568,7.93121330724071,28
"30",2006,9,7.97073170731707,41,8.4,6.8,7.76666666666667,7.95333333333333,7.98076923076923,30,11,3,15,26,918,625,293,31,381,537,7.89842047930283,8.26032,7.12645051194539,7.79677419354839,7.8488188976378,7.93361266294227,29
"31",2006,10,7.97441860465116,43,8.22258064516129,7.33333333333333,7.66666666666667,8.55,7.56,31,12,3,18,25,961,656,305,34,399,562,7.90182101977107,8.25853658536585,7.13459016393443,7.78529411764706,7.88045112781955,7.91699288256228,30
"32",2006,11,7.84416666666667,60,8.1375,7.2575,7.16666666666667,7.77,7.88125,40,20,3,20,40,1021,696,325,37,419,602,7.89843290891283,8.25158045977011,7.14215384615385,7.73513513513514,7.87517899761337,7.91461794019934,31
"33",2006,12,8.1804347826087,46,8.29189189189189,7.72222222222222,8,8.53846153846154,8.03939393939394,37,9,1,13,33,1067,733,334,38,432,635,7.91059044048735,8.25361527967258,7.15778443113773,7.7421052631579,7.89513888888889,7.92110236220473,32
"34",2007,1,7.98461538461538,65,8.23658536585366,7.55416666666667,7.875,7.83333333333333,8.05681818181818,41,24,4,21,44,1132,774,358,42,453,679,7.91484098939929,8.25271317829457,7.18435754189944,7.75476190476191,7.89227373068433,7.9298969072165,33
"35",2007,2,7.8368684,50,8.12857142857143,7.156228,7,7.73529411764706,7.88919454545455,35,15,1,17,33,1182,809,373,43,470,712,7.91154265651438,8.24734239802225,7.18322632707775,7.73720930232558,7.88659574468085,7.92801042134832,34
"36",2007,3,7.18269230769231,52,8.075,6.41785714285714,7.58333333333333,6.92857142857143,7.35483870967742,24,28,6,21,31,1234,833,401,49,491,743,7.88082935170178,8.24237695078031,7.12978408977556,7.71836734693878,7.84562118126273,7.90409612382234,35
"37",2007,4,8.27604166666667,48,8.40714285714286,7.92307692307692,7.5,8.26923076923077,8.27857142857143,35,13,2,13,35,1282,868,414,51,504,778,7.8956266926677,8.24902073732719,7.15469425120773,7.70980392156863,7.85654761904762,7.92094269922879,36
"38",2007,5,7.666,50,8.32068965517241,6.76190476190476,7.16666666666667,7.32,8.012,29,21,3,25,25,1332,897,435,54,529,803,7.88700707207207,8.25133779264214,7.135732,7.67962962962963,7.83119092627599,7.92377760896638,37
"39",2007,6,7.85444444444444,45,8.15571428571429,6.8,6.5,7.8875,7.81666666666667,35,10,3,24,21,1377,932,445,57,553,824,7.88594293391431,8.24774678111588,7.12818746067416,7.61754385964912,7.83363471971067,7.92104783980583,38
"40",2007,7,8.21089743589744,78,8.41122448979592,7.87241379310345,8,7.86153846153846,8.38557692307692,49,29,3,26,52,1455,981,474,60,579,876,7.90336317525773,8.2559123343527,7.17372029535865,7.63666666666667,7.83488773747841,7.94862262557078,39
"41",2007,8,8.02672413793104,58,8.34444444444444,7.50681818181818,7.2,8.0275,8.02631578947368,36,22,5,20,38,1513,1017,496,65,599,914,7.90809214805023,8.25904621435595,7.1884947983871,7.60307692307692,7.84131886477463,7.9518527571116,40
"42",2007,9,8.13461538461539,39,8.33214285714286,7.63181818181818,8,8.30882352941176,8,28,11,1,17,22,1552,1045,507,66,616,936,7.91378442010309,8.26100478468899,7.19811325443787,7.60909090909091,7.85422077922078,7.95298442307692,41
"43",2007,10,7.43303571428571,56,7.65178571428571,7.21428571428571,8.5,6.96739130434783,7.75757575757576,28,28,3,23,33,1608,1073,535,69,639,969,7.89704192786069,8.24510717614166,7.1989596635514,7.64782608695652,7.82230046948357,7.94632963880289,42
"44",2007,11,7.94166666666667,84,8.38269230769231,7.225,8.3,8.06666666666667,7.87222222222222,52,32,5,30,54,1692,1125,567,74,669,1023,7.89925734042553,8.25146666666666,7.20042931216931,7.69189189189189,7.83325859491779,7.94241781036168,43
"45",2007,12,7.67258064516129,93,8.12727272727273,7.01447368421053,7.29166666666667,7.5258064516129,7.74596774193548,55,38,6,31,62,1785,1180,605,80,700,1085,7.88744729411765,8.24567796610169,7.18874945454546,7.661875,7.81964285714286,7.9311920921659,44
"46",2008,1,7.63529411764706,85,8.00192307692308,7.05757575757576,7.24,7.71428571428571,7.59649122807018,52,33,5,28,57,1870,1232,638,85,728,1142,7.87598578609626,8.23538961038961,7.18196460815047,7.63705882352941,7.81559065934066,7.91448635726795,45
"47",2008,2,7.85089285714286,56,7.94864864864865,7.66052631578947,6.5,8.01521739130435,7.73636363636364,37,19,1,23,33,1926,1269,657,86,751,1175,7.87525618899273,8.22702915681639,7.19580429223744,7.62383720930233,7.82170439414115,7.90948376170213,46
"48",2008,3,7.91320754716981,53,8.2375,7.41904761904762,7.7,7.91666666666667,7.91142857142857,32,21,3,18,35,1979,1301,678,89,769,1210,7.87627257200606,8.22728670253651,7.20271890855457,7.62640449438202,7.82392717815345,7.90954001652893,47
"49",2008,4,7.75344827586207,58,7.92307692307692,7.40526315789474,7,7.60526315789474,7.82564102564103,39,19,4,19,39,2037,1340,697,93,788,1249,7.87277536573392,8.2184328358209,7.20824020086083,7.5994623655914,7.81865482233503,7.90692027221777,48
"50",2008,5,7.80245901639344,61,8.18055555555556,7.258,7,7.58870967741935,8.02333333333333,36,25,2,31,30,2098,1376,722,95,819,1279,7.87073089609151,8.21744186046512,7.20996318559557,7.58684210526316,7.80995115995116,7.90965083659109,49
"51",2008,6,7.4,38,8.32,6.8,8,7.91111111111111,6.94,15,23,7,18,20,2136,1391,745,102,837,1299,7.86235647003745,8.21854780733285,7.19730660402685,7.61519607843137,7.8121266427718,7.89472164742109,50
"52",2008,7,7.546,50,7.76923076923077,7.30416666666667,7.01666666666667,7.60555555555556,7.5125,26,24,12,18,32,2186,1417,769,114,855,1331,7.85512050320219,8.21030345800988,7.20064163849155,7.55219298245614,7.80777777777778,7.88553224643126,51
"53",2008,8,7.63606557377049,61,8.37777777777778,7.04705882352941,7.22222222222222,7.35384615384615,7.84571428571429,27,34,9,26,35,2247,1444,803,123,881,1366,7.84917375166889,8.21343490304709,7.19413875466999,7.52804878048781,7.79438138479001,7.8845120204978,52
"54",2008,9,7.65454545454545,44,8.3421052631579,7.132,7.75,7.56923076923077,7.69032258064516,19,25,8,13,31,2291,1463,828,131,894,1397,7.84543580096028,8.21510594668489,7.19226258454106,7.54160305343512,7.79110738255034,7.88020287759485,53
"55",2008,10,7.55731707317073,41,8.41176470588235,6.95208333333333,7.75,7.63888888888889,7.534375,17,24,3,9,32,2332,1480,852,134,903,1429,7.84037024871355,8.21736486486486,7.18549697183099,7.54626865671642,7.78959025470653,7.87245865640308,54
"56",2008,11,8.00416666666667,48,8.34090909090909,7.71923076923077,8.33333333333333,8.37222222222222,7.78333333333333,22,26,3,18,30,2380,1502,878,137,921,1459,7.84367370588235,8.21917443408788,7.20130230068337,7.56350364963504,7.80097719869707,7.87062605894448,55
"57",2008,12,7.45,43,7.97619047619048,6.94772727272727,7.3,6.78,7.6530303030303,21,22,3,10,33,2423,1523,900,140,931,1492,7.83668733801073,8.21582403151674,7.1951038,7.55785714285714,7.79001074113856,7.86581328418231,56
"58",2009,1,7.56027777777778,72,8.1151282051282,6.90454545454545,6.9375,7.29166666666667,7.69458333333333,39,33,8,24,48,2495,1562,933,148,955,1540,7.82871078957916,8.21330985915493,7.18482681672026,7.52432432432433,7.77748691099476,7.86047624675325,57
"59",2009,2,7.56697247706422,109,8.19166666666667,7.07540983606557,7.45833333333333,7.696,7.52857142857143,48,61,12,25,84,2604,1610,994,160,980,1624,7.81775476958525,8.21266459627329,7.17811209255533,7.519375,7.77540816326531,7.84330875615764,58
"60",2009,3,7.7512987012987,77,7.95,7.53648648648649,7.34166666666667,7.6875,7.78018867924528,40,37,12,24,53,2681,1650,1031,172,1004,1677,7.81584610966057,8.20629696969697,7.19097324927255,7.50697674418605,7.77330677290837,7.84131390578414,59
"61",2009,4,7.63602150537634,93,8.0796875,7.40327868852459,7.25,6.65714285714286,7.80949367088608,32,61,12,14,79,2774,1682,1092,184,1018,1756,7.80981738284066,8.20388822829964,7.2028328021978,7.49021739130435,7.75795677799607,7.83988235763098,60
"62",2009,5,7.89666666666667,90,8.171875,7.7448275862069,8.14285714285714,7.75263157894737,7.93521126760563,32,58,7,19,71,2864,1714,1150,191,1037,1827,7.81254658519553,8.20329054842474,7.23016819130435,7.51413612565445,7.75785920925747,7.84358698412698,61
"63",2009,6,7.98409090909091,88,8.21794871794872,7.79795918367347,7.32727272727273,8.02083333333333,7.9703125,39,49,11,24,64,2952,1753,1199,202,1061,1891,7.81766037262872,8.20361665715916,7.25337232693912,7.5039603960396,7.76380772855796,7.84787594923321,62
"64",2009,7,7.88333333333333,72,8.08157894736842,7.66176470588235,7.83333333333333,7.78571428571429,7.90689655172414,38,34,6,14,58,3024,1791,1233,208,1075,1949,7.81922401455026,8.20102735901731,7.26463375506894,7.51346153846154,7.76409302325581,7.84963233453053,63
"65",2009,8,7.46795774647887,71,8.16357142857143,6.79166666666667,6.75,7.45138888888889,7.47358490566038,35,36,10,18,53,3095,1826,1269,218,1093,2002,7.81116588691437,8.20030941949617,7.25121624901498,7.47844036697248,7.75894327538884,7.83967703296703,64
"66",2009,9,7.54375,88,8.05853658536585,7.09468085106383,7.575,7.47368421052632,7.56304347826087,41,47,10,19,69,3183,1867,1316,228,1112,2071,7.80377267357838,8.19719603642207,7.24562569908815,7.48267543859649,7.75406924460432,7.83046036697248,65
"67",2009,10,7.58908045977012,87,8.30384615384615,7.00833333333333,7.35,7.68260869565217,7.55546875,39,48,10,23,64,3270,1906,1364,238,1135,2135,7.79806067889908,8.19937827911857,7.23727523460411,7.47710084033613,7.75262114537445,7.82221705854801,66
"68",2009,11,7.52477477477477,111,8.06914893617021,7.125,7.19230769230769,7.4975,7.53076923076923,47,64,13,20,91,3381,1953,1428,251,1155,2226,7.78908855959775,8.19624423963134,7.23224329131653,7.46235059760956,7.74820346320346,7.810302524708,67
"69",2009,12,7.7051724137931,87,8.16875,7.31063829787234,7.25333333333333,7.592,7.7508064516129,40,47,15,25,62,3468,1993,1475,266,1180,2288,7.78698339677047,8.19569242348219,7.23474130169492,7.45056390977444,7.74489406779661,7.80869030594406,68
"70",2010,1,7.62409638554217,83,7.82631578947368,7.45333333333333,7.12222222222222,7.11333333333333,7.73676470588235,38,45,9,15,68,3551,2031,1520,275,1195,2356,7.7831761250352,8.18878138847859,7.24121277631579,7.43981818181818,7.73696652719665,7.80661435483871,69
"71",2010,2,7.81904761904762,63,8.34516129032258,7.309375,7.14285714285714,8.25,7.64666666666667,31,32,7,18,45,3614,2062,1552,282,1213,2401,7.78380144438295,8.1911323957323,7.24261818298969,7.43244680851064,7.74457955482275,7.80361658475635,70
"72",2010,3,7.27954545454545,44,8.14210526315789,6.624,5.625,7.24285714285714,7.28648648648649,19,25,4,7,37,3658,2081,1577,286,1220,2438,7.77773603608529,8.19068476693898,7.23281129993659,7.40716783216783,7.74170081967213,7.79576842493847,71
"73",2010,4,7.55151515151515,33,7.625,7.50952380952381,7.3,7.83333333333333,7.48888888888889,12,21,5,6,27,3691,2093,1598,291,1226,2465,7.77571347060417,8.18744147157191,7.23644769712141,7.4053264604811,7.74214926590539,7.79240706693712,72
"74",2010,5,7.76904761904762,42,8.30526315789474,7.32608695652174,7.4,8.2875,7.64705882352941,19,23,5,8,34,3733,2112,1621,296,1234,2499,7.77563847307795,8.18850142045455,7.2377195681678,7.40523648648649,7.7456847649919,7.79042953981592,73
"75",2010,6,7.61923076923077,26,7.75,7.56111111111111,7,7.16666666666667,7.755,8,18,3,6,20,3759,2120,1639,299,1240,2519,7.77455664272412,8.18684669811321,7.24127115314216,7.40117056856187,7.74288306451613,7.79014824136562,74
"76",2010,7,7.77878787878788,33,8.1375,7.44117647058824,7.5,7.24,7.875,16,17,2,5,28,3792,2136,1656,301,1245,2547,7.77459346518987,8.1864770599251,7.24332332125604,7.40182724252492,7.74086345381526,7.79108104436592,75
"77",2010,8,7.24807692307692,52,8.05263157894737,6.78484848484849,6.33333333333333,7.20588235294118,7.26857142857143,19,33,3,17,35,3844,2155,1689,304,1262,2582,7.76747097294485,8.1852969837587,7.234365553582,7.39128289473684,7.73365689381934,7.78399822618125,76
"78",2010,9,7.70261363636364,44,8.12423076923077,7.5258064516129,7.66666666666667,7.33,7.85887096774194,13,31,6,13,31,3888,2168,1720,310,1275,2613,7.76673699074074,8.18493081180812,7.23961826744186,7.39661290322581,7.72954117647059,7.78488649827784,77
"79",2010,10,7.7345,50,8.1,7.3054347826087,7.5,7.86363636363636,7.69807692307692,27,23,2,11,39,3938,2195,1743,312,1286,2652,7.7663276841036,8.1838861047836,7.24048675846242,7.39727564102564,7.73068818040436,7.78360988687783,78
"80",2010,11,7.596,75,8.23888888888889,7.234375,6.84090909090909,7.61578947368421,7.58928571428571,27,48,11,19,56,4013,2222,1791,323,1305,2708,7.76314438574632,8.18455445544555,7.24032295924065,7.37832817337461,7.7290153256705,7.77959136632201,79
"81",2010,12,7.82672413793103,58,8.05512820512821,7.35789473684211,6.5,8.16538461538462,7.72888888888889,39,19,2,13,45,4071,2261,1810,325,1318,2753,7.7640502137067,8.18232198142415,7.24155713812155,7.37292307692308,7.73331942336874,7.77876259353432,80
"82",2011,1,7.90666666666667,75,8.23023255813954,7.471875,7,7.39285714285714,8.02459016393443,43,32,6,14,61,4146,2304,1842,331,1332,2814,7.76663010612638,8.18321614583334,7.24555831704669,7.36616314199396,7.72974099099099,7.78409147832267,81
"83",2011,2,7.8434,50,8.35083333333333,7.375,8,8.73083333333333,7.56315789473684,24,26,2,12,38,4196,2328,1868,333,1344,2852,7.76754490467111,8.18494415807561,7.24735996788009,7.36996996996997,7.73867931547619,7.78114776297335,82
"84",2011,3,7.64134615384615,52,8.22954545454546,7.21,6.78571428571429,7.93125,7.58863636363636,22,30,7,8,44,4248,2350,1898,340,1352,2896,7.76600009887005,8.18536170212766,7.2467694520548,7.35794117647059,7.73981878698225,7.7782228660221,83
"85",2011,4,7.30725454545455,55,8.27368421052632,6.79719444444444,7.5,7.05,7.39509756097561,19,36,4,14,41,4303,2369,1934,344,1366,2937,7.76013651405995,8.18607007176024,7.23840094105481,7.35959302325581,7.73274890190337,7.77287450459653,84
"86",2011,5,7.34487037037037,54,8.03295454545455,6.8718125,6.16666666666667,7.85,7.23006818181818,22,32,3,10,44,4357,2391,1966,347,1376,2981,7.75498976818912,8.18466122961105,7.23243408952187,7.3492795389049,7.73360101744186,7.7648626031533,85
"87",2011,6,7.44186046511628,43,8.40833333333333,7.06774193548387,6.88888888888889,7.41538461538462,7.45333333333333,12,31,9,13,30,4400,2403,1997,356,1389,3011,7.75192964090909,8.18577819392427,7.22987752628944,7.3376404494382,7.73062275017999,7.76175869146463,86
"88",2011,7,7.812,50,8.3,7.45862068965517,7.18571428571429,8.11428571428571,7.69444444444444,21,29,7,14,36,4450,2424,2026,363,1403,3047,7.75260458876404,8.18676773927393,7.23315173741362,7.33471074380165,7.73445117605132,7.76096338037414,87
"89",2011,8,7.4875,48,7.95454545454545,7.09230769230769,6.85,7.39285714285714,7.52647058823529,22,26,6,14,34,4498,2446,2052,369,1417,3081,7.74977554913294,8.18467906786591,7.23136716374269,7.32682926829268,7.73107621736062,7.75837566374554,88
"90",2011,9,7.54390243902439,41,8.16666666666667,7.18461538461538,7.16666666666667,7.45,7.5741935483871,15,26,6,10,31,4539,2461,2078,375,1427,3112,7.74791593302489,8.18456928078017,7.23078220404235,7.32426666666667,7.72910651716889,7.75654094473008,89
"91",2011,10,7.65480192307692,52,8.29473684210526,7.28635454545455,7.25,7.7825,7.59804722222222,19,33,2,16,36,4591,2480,2111,377,1443,3148,7.74686127641036,8.18541330645162,7.23165093320701,7.32387267904509,7.72969854469855,7.75472843710292,90
"92",2011,11,7.72959183673469,49,8.45434782608696,7.08846153846154,7.3,8.16111111111111,7.6325,23,26,5,9,40,4640,2503,2137,382,1452,3188,7.74667890517241,8.18788453855374,7.22990880673842,7.32356020942408,7.73237258953168,7.7531948306148,91
"93",2011,12,7.72931034482759,58,7.92916666666667,7.58823529411765,7.94444444444444,7.33333333333333,7.83260869565217,24,34,9,12,46,4698,2527,2171,391,1464,3234,7.74646447850149,8.1854273842501,7.23552055274067,7.33785166240409,7.72910177595629,7.75432440321583,92
"94",2012,1,7.2952380952381,63,7.80147058823529,6.70172413793103,6.82,7.13333333333333,7.33333333333333,34,29,5,12,51,4761,2561,2200,396,1476,3285,7.74049361898761,8.18032994923858,7.22848414545454,7.33131313131313,7.72425813008131,7.74778846879756,93
"95",2012,2,7.54607843137255,51,7.83666666666667,7.13095238095238,7.05,7.66666666666667,7.5202380952381,30,21,5,9,42,4812,2591,2221,401,1485,3327,7.73843310889443,8.17635082979545,7.22756196307969,7.32780548628429,7.7239090909091,7.74491587616471,94
"96",2012,3,7.6475,40,8.34705882352941,7.1304347826087,6.375,7.85,7.58,17,23,4,10,30,4852,2608,2244,405,1495,3357,7.73768345424567,8.17746357361963,7.22656645276292,7.31839506172839,7.72475250836121,7.74344209711051,95
"97",2012,4,7.92,40,8.02380952380952,7.80526315789474,6.6,8.23333333333333,7.82903225806452,21,19,5,9,31,4892,2629,2263,410,1504,3388,7.73917418642682,8.17623621148726,7.2314251524525,7.30963414634146,7.72779587765958,7.7442252420307,96
"98",2012,5,7.44642857142857,56,7.81935483870968,6.984,6.75,7.5,7.4375,31,25,4,8,48,4948,2660,2288,414,1512,3436,7.735860978173,8.17207706766918,7.22872164335664,7.3042270531401,7.72659060846561,7.73994037252619,97
"99",2012,6,7.88787878787879,66,8.11951219512195,7.508,7.57142857142857,7.75,7.91851851851852,41,25,7,12,54,5014,2701,2313,421,1524,3490,7.73786201037096,8.1712791558682,7.23174021616948,7.30866983372922,7.72677493438321,7.74270347277937,98
"100",2012,7,7.38357142857143,70,8.21111111111111,6.86395348837209,7.23076923076923,7.28333333333333,7.4265306122449,27,43,13,21,49,5084,2728,2356,434,1545,3539,7.7329838945712,8.17167338709678,7.22502764006791,7.30633640552995,7.72074757281554,7.73832583215597,99
"101",2012,8,7.80074626865672,67,8.09074074074074,7.605,7.95,7.65384615384615,7.83611111111111,27,40,10,13,54,5151,2755,2396,444,1558,3593,7.73386529217627,8.17088021778585,7.2313710851419,7.32083333333333,7.72018934531451,7.73979546896744,100
"102",2012,9,7.29097222222222,72,7.96451612903226,6.78170731707317,7.175,7.58235294117647,7.20090909090909,31,41,8,17,55,5223,2786,2437,452,1575,3648,7.72775993107409,8.1685839913855,7.22380595814526,7.31825221238938,7.71870158730159,7.73167081140351,101
"103",2012,10,8.01904761904762,84,8.30760869565217,7.66973684210526,8.08333333333333,8.39,7.903125,46,38,6,20,64,5307,2832,2475,458,1595,3712,7.73237047672885,8.17084216101695,7.23065257373737,7.32827510917031,7.72711912225706,7.73462691810345,102
"104",2012,11,7.67202380952381,84,8.20714285714286,7.28979591836735,7.83333333333333,7.96153846153846,7.61901408450704,35,49,6,13,71,5391,2867,2524,464,1608,3783,7.7314301836394,8.17128531566098,7.23180076069731,7.33480603448276,7.72901430348259,7.73245707639439,103
"105",2012,12,7.8219512195122,82,8.10365853658537,7.54024390243902,7.35714285714286,7.85294117647059,7.81384615384615,41,41,7,17,65,5473,2908,2565,471,1625,3848,7.73278642791887,8.1703318431912,7.23673104093567,7.33513800424628,7.73031076923077,7.73383189189189,104
"106",2013,1,7.80306097560976,82,7.9510625,7.59411764705882,8.25,7.65918181818182,7.82535211267606,48,34,6,11,71,5555,2956,2599,477,1636,3919,7.7338237839784,8.16677131258458,7.24140635629088,7.34664570230608,7.72983251833741,7.73548995151824,105
"107",2013,2,7.49347826086957,69,7.7859375,7.24054054054054,6.83333333333333,7.73461538461538,7.4375,32,37,6,13,56,5624,2988,2636,483,1649,3975,7.73087502133712,8.16269277108434,7.24139420333839,7.34026915113872,7.72987022437841,7.73129185408805,106
"108",2013,3,7.51583333333333,60,7.98275862068965,7.07903225806452,7.58333333333333,7.42222222222222,7.53235294117647,29,31,12,9,51,5684,3017,2667,495,1658,4026,7.72860505277973,8.16096320848526,7.2395069816273,7.34616161616162,7.72820024125453,7.72877176353701,107
"109",2013,4,7.66140350877193,57,8.053125,7.16,7,7.71428571428571,7.654,32,25,4,7,50,5741,3049,2692,499,1665,4076,7.72793783661383,8.15983142013776,7.23876861812779,7.34338677354709,7.72814174174175,7.72785454367026,108
"110",2013,5,7.25507246376812,69,8.1171875,6.50945945945946,5.92222222222222,7.18888888888889,7.265,32,37,9,9,60,5810,3081,2729,508,1674,4136,7.72232205163511,8.15938851022396,7.22888058629535,7.31820866141732,7.72524253285544,7.72114001934236,109
"111",2013,6,7.69111111111111,45,8.13809523809524,7.3,8,7.6,7.7025,21,24,1,5,40,5855,3102,2753,509,1679,4176,7.72208217250213,8.15924435847841,7.22950058844897,7.31954813359529,7.72486956521739,7.72096147509578,110
"112",2013,7,7.59072727272727,55,7.9776,7.26833333333333,8.055,8.00384615384615,7.46285714285714,25,30,10,13,42,5910,3127,2783,519,1692,4218,7.72085974957698,8.15779213303487,7.22991919511319,7.33371868978805,7.72701300236407,7.71839144618302,111
"113",2013,8,7.59430175438596,57,8.18076923076923,7.10242580645161,7.5,7.74501333333333,7.54047619047619,26,31,6,15,42,5967,3153,2814,525,1707,4260,7.71965079939668,8.15798160482081,7.22851468372424,7.33561904761905,7.7271711775044,7.71663735211268,112
"114",2013,9,7.65,48,8.13888888888889,7.35666666666667,7.81428571428571,7.88461538461539,7.56285714285714,18,30,7,13,35,6015,3171,2844,532,1720,4295,7.71909498254364,8.15787322611164,7.2298664978903,7.34191729323308,7.7283611627907,7.71538419557625,113
"115",2013,10,7.56578947368421,57,8.01785714285714,7.12931034482759,7.44444444444444,7.92222222222222,7.49895833333333,28,29,9,9,48,6072,3199,2873,541,1729,4343,7.71765584980237,8.15664770240701,7.22885148625131,7.34362292051756,7.72937027183343,7.71299219894082,114
"116",2013,11,7.56392405063291,79,8.00138888888889,7.19767441860465,7.46153846153846,7.875,7.50820895522388,36,43,13,12,67,6151,3235,2916,554,1741,4410,7.71568140464965,8.1549199381762,7.22839174211248,7.34638989169675,7.73037403790925,7.70988097959184,115
"117",2013,12,7.56854838709677,62,8.01805555555556,6.94615384615385,6.75,7.58333333333333,7.5625,36,26,8,18,44,6213,3271,2942,562,1759,4454,7.71421315306615,8.15341363497402,7.2258974575119,7.33790035587189,7.72886935758954,7.70842503816794,116
"118",2014,1,7.63469387755102,98,7.97083333333333,7.312,7.41428571428571,8.02727272727273,7.58505747126437,48,50,14,11,87,6311,3319,2992,576,1770,4541,7.71297834257645,8.15077312443507,7.2273363368984,7.33975694444444,7.73072384180791,7.7060614666373,117
"119",2014,2,7.51379310344828,58,8.01818181818182,7.20555555555556,7.5,6.225,7.72,22,36,6,8,50,6369,3341,3028,582,1778,4591,7.71116444025749,8.14990002993116,7.22707738441215,7.3414089347079,7.72394893138358,7.70621326944021,118
"120",2014,3,7.88467741935484,62,8.109375,7.645,8,8.36,7.79326923076923,32,30,7,10,52,6431,3373,3058,589,1788,4643,7.71283724459648,8.14951556477913,7.23117734466972,7.34923599320883,7.7275062639821,7.70718826620719,119
"121",2014,4,7.31666666666667,48,7.78125,7.084375,7.29166666666667,6.94444444444444,7.4025641025641,16,32,12,9,39,6479,3389,3090,601,1797,4682,7.70990219478314,8.14777692534671,7.22965706148867,7.34808652246256,7.72358441847524,7.70465081589064,120
"122",2014,5,7.23349056603774,53,7.93,6.81136363636364,7.271875,6.9375,7.28611111111111,20,33,8,8,45,6532,3409,3123,609,1805,4727,7.7060366380894,8.14649926664711,7.22523705411463,7.34708538587849,7.72010038781164,7.70066640998519,121
"123",2014,6,7.5,38,7.885,7.07222222222222,7.76666666666667,7.56428571428571,7.4625,20,18,6,14,24,6570,3429,3141,615,1819,4751,7.70484494977169,8.14497404491106,7.22436017828717,7.35117886178862,7.71890115448049,7.69946329614818,122
"124",2014,7,7.482,50,8.16551724137931,6.53809523809524,7.16666666666667,7.28181818181818,7.53846153846154,29,21,9,11,39,6620,3458,3162,624,1830,4790,7.70316183081571,8.14514632735686,7.21980244149273,7.34851762820513,7.71627387978142,7.69815242588726,123
"125",2014,8,7.38775510204082,49,7.7175,7.16034482758621,7.34090909090909,6.95,7.4375,20,29,11,5,44,6669,3478,3191,635,1835,4834,7.70084440245914,8.14268717653824,7.21926208712003,7.34838582677165,7.7141859400545,7.69577991725279,124
"126",2014,9,7.596,50,8.15652173913043,7.11851851851852,6.33333333333333,8.02857142857143,7.52558139534884,23,27,6,7,43,6719,3501,3218,641,1842,4877,7.7000641940765,8.14277806341046,7.21841681789932,7.33888455538222,7.71538067318133,7.69427929464835,125
"127",2014,10,7.58354838709677,62,8.424375,6.68666666666667,6.38888888888889,7.118,7.67307692307692,32,30,9,10,52,6781,3533,3248,650,1852,4929,7.69899886742368,8.14532861590716,7.21350533251232,7.32573076923077,7.71215507559395,7.69405561371475,126
"128",2014,11,7.75306451612903,62,8.01815789473684,7.33333333333333,7.75555555555556,7.99666666666667,7.67531914893617,38,24,9,15,47,6843,3571,3272,659,1867,4976,7.69948872132105,8.14397535704285,7.21438426650367,7.33160091047041,7.71444092126406,7.6938786414791,127
"129",2014,12,7.55909090909091,55,7.77321428571429,7.33703703703704,7.55,7.78076923076923,7.49047619047619,28,27,10,13,42,6898,3599,3299,669,1880,5018,7.69836928385039,8.14109085857183,7.21538809336163,7.33486547085202,7.71489957446809,7.69217618971702,128
"130",2015,1,7.45461538461538,65,8.05714285714286,6.75166666666667,7.38888888888889,7.5,7.43979591836735,35,30,9,16,49,6963,3634,3329,678,1896,5067,7.69609382737326,8.14028233351679,7.21120916791829,7.33558259587021,7.71308607594937,7.68973556739688,129
"131",2015,2,7.42028985507246,69,8.04285714285714,6.77941176470588,7.38,7.22916666666667,7.46052631578947,35,34,10,12,57,7032,3669,3363,688,1908,5124,7.69338755972696,8.13935295720905,7.20684368718406,7.33622819767442,7.71004255765199,7.68718581576893,130
"132",2015,3,7.63926607142857,56,7.95380384615385,7.36666666666667,7.21,8.175,7.49315681818182,26,30,10,12,44,7088,3695,3393,698,1920,5168,7.69295996331828,8.13804733423546,7.20825679929266,7.33441977077364,7.71294854166667,7.68553386609907,131
"133",2015,4,7.35686274509804,51,7.94807692307692,6.742,6.78571428571429,7.453125,7.31285714285714,26,25,7,16,35,7139,3721,3418,705,1936,5203,7.69055893262361,8.13671994087611,7.20484649502633,7.32897163120568,7.71080123966942,7.68302691139727,132
"134",2015,5,7.61098039215686,51,8.35652173913043,6.99857142857143,6.91222222222222,7.96428571428571,7.55477272727273,23,28,9,7,44,7190,3744,3446,714,1943,5247,7.68999446731571,8.1380702190171,7.20317043528729,7.32371848739496,7.7117144621719,7.68195140461216,133
"135",2015,6,7.14904761904762,63,8.29428571428571,6.57642857142857,6.75,6.79166666666667,7.23313725490196,21,42,10,12,51,7253,3765,3488,724,1955,5298,7.68529577002619,8.13894154050465,7.19562365825688,7.31579419889503,7.70606710997443,7.67763099660249,134
"136",2015,7,7.36785714285714,56,7.72708333333333,7.0984375,7.22222222222222,7.20769230769231,7.41627906976744,24,32,9,13,43,7309,3789,3520,733,1968,5341,7.68286362293063,8.13633277909739,7.19474014772727,7.31464529331515,7.702775,7.6755268713724,135
"137",2015,8,7.23032258064516,62,7.736,6.88864864864865,6.868,6.83333333333333,7.25050847457627,25,37,10,3,59,7371,3814,3557,743,1971,5400,7.67905714557048,8.1337086785527,7.19155617655328,7.30863391655451,7.70145164890919,7.67088315185185,136
"138",2015,9,7.56492537313433,67,7.98870967741935,7.2,7.12222222222222,7.65909090909091,7.54642857142857,31,36,9,11,56,7438,3845,3593,752,1982,5456,7.67802906964237,8.13253963589077,7.19164077929307,7.30640292553192,7.70121654894047,7.66960575879765,137
"139",2015,10,7.50793650793651,63,8.0469696969697,6.915,6.74375,6.9,7.666,33,30,8,13,50,7501,3878,3623,760,1995,5506,7.67660048260232,8.13181147498711,7.18935007452388,7.3004802631579,7.69599558897243,7.66957301489284,138
"140",2015,11,7.50087719298246,57,7.97894736842105,7.26184210526316,6.94583333333333,7.02142857142857,7.568,19,38,12,7,50,7558,3897,3661,772,2002,5556,7.67527523418894,8.13106617911214,7.19010251843759,7.29496761658031,7.69363696303697,7.66865893088553,139
"141",2015,12,7.55704225352113,71,7.87051282051282,7.175,6.925,7.64285714285714,7.54765625,39,32,8,7,64,7629,3936,3693,780,2009,5620,7.67417488792764,8.12848447662602,7.18997165448145,7.29117307692308,7.69346002986561,7.66728096441281,140
"142",2016,1,7.28915662650602,83,8.00285714285714,6.76875,6.79411764705882,7.04444444444444,7.35692307692308,35,48,17,18,65,7712,3971,3741,797,2027,5685,7.67003114885892,8.12737720977084,7.18456704624432,7.28057089084065,7.6876966946226,7.66373245734389,141
"143",2016,2,7.33515625,64,7.76774193548387,6.92878787878788,7.28125,7.575,7.29074074074074,31,33,8,10,54,7776,4002,3774,805,2037,5739,7.66727497685185,8.12459142928536,7.18233050344462,7.28057763975155,7.68714344624448,7.66022286461056,142
"144",2016,3,7.278,50,8.05909090909091,6.66428571428571,7.05555555555556,7,7.33095238095238,22,28,9,8,42,7826,4024,3802,814,2045,5781,7.66478791464349,8.1242333250497,7.17851533929511,7.27808968058968,7.68445535452323,7.65783065559592,143
"145",2016,4,7.45953125,64,8.17096774193548,6.79121212121212,6.59090909090909,7.82857142857143,7.41421052631579,31,33,11,7,57,7890,4055,3835,825,2052,5838,7.66312296831432,8.12459060419236,7.17518261277705,7.26892727272727,7.68494697855751,7.65545204179513,144
"146",2016,5,7.43620689655172,58,7.61290322580645,7.23333333333333,6.97777777777778,7.5,7.42448979591837,31,27,9,9,49,7948,4086,3862,834,2061,5887,7.66146706341218,8.12070849241312,7.17558915587778,7.26578537170264,7.68413934983018,7.65352964498047,145
"147",2016,6,7.37659574468085,47,7.78571428571429,7.04615384615385,6.86,7.35,7.38378378378378,21,26,5,10,37,7995,4107,3888,839,2071,5924,7.65979239774859,8.11899559289019,7.17472359053498,7.26336710369488,7.68252592950266,7.6518448717083,146
"148",2016,7,7.512,50,7.97692307692308,7.00833333333333,6.86666666666667,7.33,7.5575,26,24,6,10,40,8045,4133,3912,845,2081,5964,7.6588738620261,8.11810183885797,7.17370279141104,7.26055029585799,7.68083190773667,7.6512121093226,147
"149",2016,8,7.40461538461538,65,7.85185185185185,7.08684210526316,6.91833333333333,6.902,7.496,27,38,12,10,55,8110,4160,3950,857,2091,6019,7.65683603205918,8.11637377403846,7.17286716962025,7.25575845974329,7.67710722142516,7.64979382289417,148
"150",2016,9,7.4375,64,7.99615384615385,7.05526315789474,7.6,7.6,7.42372881355932,26,38,5,5,59,8174,4186,3988,862,2096,6078,7.65511869586494,8.11562706641185,7.17174656970913,7.25775522041764,7.67692328244275,7.6475993780849,149
"151",2016,10,7.28492307692308,65,7.681875,6.9,7,6.81071428571429,7.41509803921569,32,33,6,14,51,8239,4218,4021,868,2110,6129,7.65219810899381,8.11233639165481,7.16951636906242,7.25597350230415,7.67117592417062,7.6456647120248,150
"152",2016,11,7.37045454545455,88,7.85106382978723,6.81951219512195,7.08,6.71428571428571,7.42716049382716,47,41,15,7,81,8327,4265,4062,883,2117,6210,7.6492206340819,8.10945718640094,7.16598358444116,7.25298414496037,7.66801190363722,7.64281465700483,151
"153",2016,12,7.21842105263158,57,7.91129032258065,6.39230769230769,6.625,7.23076923076923,7.21477272727273,31,26,12,13,44,8384,4296,4088,895,2130,6254,7.64629177242366,8.10802721135941,7.16106294520548,7.24456424581006,7.66534328638498,7.63980316917173,152
"154",2017,1,7.21134328358209,67,7.84722222222222,6.47290322580645,7.00909090909091,6.5,7.29433333333333,36,31,11,7,60,8451,4332,4119,906,2137,6314,7.64284347651165,8.10585985687904,7.15588378732702,7.24170529801325,7.66152606457651,7.63652027557808,153
"155",2017,2,7.3625,64,7.99852941176471,6.64166666666667,6.75,6.25,7.47758620689655,34,30,5,6,58,8515,4366,4149,911,2143,6372,7.6407363734586,8.10502402656894,7.15216565919499,7.23900658616905,7.657574055063,7.63507360640301,154
"156",2017,3,7.39094339622642,53,8.02692307692308,6.77851851851852,6.75,7.62857142857143,7.35478260869565,26,27,6,7,46,8568,4392,4176,917,2150,6418,7.63919120214752,8.10456168032787,7.14974983716475,7.23580697928026,7.65747962790698,7.63306466500467,155
"157",2017,4,7.11428571428571,49,7.65833333333333,6.592,6.5875,7.03333333333333,7.12558139534884,24,25,8,6,43,8617,4416,4201,925,2156,6461,7.63620636184287,8.10213652626812,7.14643068793145,7.2302,7.6557426716141,7.62968720321931,156
"158",2017,5,7.48421052631579,57,7.76,7.17777777777778,7.18571428571429,7.125,7.58,30,27,7,12,45,8674,4446,4228,932,2168,6506,7.63520754207978,8.09982791273055,7.14663087038789,7.22986587982833,7.65280498154982,7.62934353212419,157
"159",2017,6,7.16944444444444,36,8.08461538461538,6.65217391304348,6.4375,7.25,7.159375,13,23,8,4,32,8710,4459,4251,940,2172,6538,7.63328245924225,8.09978356133662,7.14395561514938,7.22312234042553,7.65206316758748,7.62704328846742,158
"160",2017,7,7.27058823529412,51,7.97727272727273,6.73448275862069,6.75,7.60714285714286,7.14324324324324,22,29,4,14,37,8761,4481,4280,944,2186,6575,7.63117112430088,8.09918207989288,7.14118114953271,7.22111758474577,7.65177548032937,7.6243207634981,159
"161",2017,8,7.14285714285714,49,7.5,7,7.5,6.375,7.21111111111111,14,35,4,4,45,8810,4495,4315,948,2190,6620,7.62845518955732,8.09731588431591,7.14003599536501,7.22229430379747,7.64944347031964,7.62151193655589,160
"162",2017,9,7.41035087719298,57,7.91903225806452,6.80384615384615,6.2,7.68888888888889,7.358125,31,26,5,9,48,8867,4526,4341,953,2199,6668,7.62705314311492,8.09609476358816,7.13802241879751,7.21693074501574,7.64960491132333,7.61961592981404,161
"163",2017,10,7.11194029850746,67,7.70769230769231,6.73414634146341,7.0875,7.05,7.12280701754386,26,41,8,10,57,8934,4552,4382,961,2209,6725,7.62319008506828,8.09387629613357,7.13424356914651,7.21585327783559,7.6468905387053,7.61540505873606,162
"164",2017,11,7.28885714285714,70,7.84285714285714,6.91952380952381,7.18888888888889,8.11428571428571,7.19714285714286,28,42,9,7,63,9004,4580,4424,970,2216,6788,7.62059087294536,8.09234168122271,7.13220509041591,7.21560309278351,7.64836696750903,7.61152313199764,163
"165",2017,12,7.375,66,7.79545454545455,6.95454545454545,7.25,7.83,7.29375,33,33,8,10,56,9070,4613,4457,978,2226,6844,7.61880377287762,8.09021784088446,7.13088968364371,7.21588445807771,7.64918292902067,7.60892300116891,164
"166",2018,1,7.67899961538462,78,8.14358974358974,7.21440948717949,7.28466333333333,6.9375,7.76374242857143,39,39,9,8,70,9148,4652,4496,987,2234,6914,7.6193170299519,8.09066528374892,7.13161416592527,7.21651162107396,7.64663437779768,7.61049045270466,165
"167",2018,2,7.59918367346939,49,8.06666666666667,7.1504,7.8,7.87142857142857,7.55380952380952,24,25,5,7,42,9197,4676,4521,992,2241,6956,7.61920976296619,8.09054210863986,7.13171804689228,7.21945259072581,7.64733654618474,7.61014821592869,166
"168",2018,3,7.54081632653061,49,7.755,7.39310344827586,7.22857142857143,7.67,7.50769230769231,20,29,7,10,39,9246,4696,4550,999,2251,6995,7.61879430997188,8.08911305366269,7.13338401978022,7.21951648648649,7.64743722789872,7.60957698213009,167
"169",2018,4,6.86538461538461,39,7.5375,6.39782608695652,6.86666666666667,7.8,6.69545454545455,16,23,9,6,33,9285,4712,4573,1008,2257,7028,7.6156297458266,8.08724000424448,7.12968451563525,7.21636604166667,7.64784280017723,7.6052847168469,168
"170",2018,5,7.27053571428571,56,8.01304347826087,6.7530303030303,6.52727272727273,7.9375,7.159375,23,33,11,8,48,9341,4735,4606,1019,2265,7076,7.61356088106198,8.08687959873284,7.12698595093357,7.20892735034348,7.64886587196468,7.60225989118146,169
"171",2018,6,7.68666666666667,30,8.075,7.42777777777778,7.41666666666667,7.5,7.7,12,18,6,2,28,9371,4747,4624,1025,2267,7104,7.61379491943229,8.0868495681483,7.1281568533737,7.21014338536586,7.64873453903838,7.60264512809685,170
"172",2018,7,7.23947368421053,38,7.83076923076923,6.932,6.83333333333333,6.7,7.32121212121212,13,25,6,5,33,9409,4760,4649,1031,2272,7137,7.6122831533638,8.08615018907563,7.1271020197892,7.2079505043647,7.64664665492958,7.60134384054925,171
"173",2018,8,7.33181818181818,44,7.755,6.97916666666667,7.07692307692308,7.34444444444444,7.32857142857143,20,24,13,9,35,9453,4780,4673,1044,2281,7172,7.61097769914313,8.08476462343096,7.12634224053071,7.20631893678161,7.64545427444104,7.6000126868377,172
"174",2018,9,7.384,40,7.94210526315789,6.87904761904762,6.85714285714286,8.25,7.23117647058824,19,21,7,6,34,9493,4799,4694,1051,2287,7206,7.61002129885179,8.08419981246093,7.12523589475927,7.20399331113226,7.64704031482291,7.59827241049126,173
"175",2018,10,7.414,50,7.69230769230769,7.1125,7.18888888888889,7.35,7.43,26,24,9,10,40,9543,4825,4718,1060,2297,7246,7.60899425652311,8.08208806217617,7.12517110852056,7.20386506603774,7.64574714845451,7.59734349848192,174
"176",2018,11,7.55416666666667,48,7.9375,7.17083333333333,7.18571428571429,8.25,7.4547619047619,24,24,7,6,42,9591,4849,4742,1067,2303,7288,7.60871986132833,8.0813724273046,7.12540221214677,7.20374598875352,7.64732140686062,7.59652181531284,175
"177",2018,12,7.58034482758621,29,7.6,7.56833333333333,7.05,8,7.53192307692308,11,18,6,3,26,9620,4860,4760,1073,2306,7314,7.60863432328483,8.08028290123457,7.12707716176471,7.20288627213421,7.6477802254987,7.59629217801476,176
"178",2019,1,7.21837209302326,43,7.71117647058824,6.89615384615385,7.13333333333333,7.4475,7.1948717948718,17,26,6,4,39,9663,4877,4786,1079,2310,7353,7.60689767049571,8.07899628870207,7.12582266819892,7.20249950880445,7.64743341991342,7.59416306133551,177
"179",2019,2,7.56136363636364,44,8.16875,7.21428571428571,6.94444444444444,7.53333333333333,7.56578947368421,16,28,9,6,38,9707,4893,4814,1088,2316,7391,7.60669127330792,8.07928978132025,7.12633720191109,7.20036486213236,7.6471378238342,7.59401718170748,178
"180",2019,3,7.34,42,7.76866666666667,7.10185185185185,7.40625,7.71,7.29,15,27,8,5,37,9749,4908,4841,1096,2321,7428,7.60554233152118,8.07834044417278,7.12620063829787,7.20186767335767,7.64727324429126,7.59250282579429,179
"181",2019,4,7.07541666666667,48,7.63666666666667,6.63888888888889,6.35714285714286,5.86111111111111,7.35564102564103,21,27,7,9,39,9797,4929,4868,1103,2330,7467,7.6029450025518,8.07645869344694,7.12349779991783,7.19650677243881,7.6403739055794,7.59126570108477,180
"182",2019,5,7.53676470588235,34,8.09375,7.04166666666667,7,8.10714285714286,7.38888888888889,16,18,2,7,27,9831,4945,4886,1105,2337,7494,7.60271612145255,8.07651464105157,7.12319633442489,7.1961511040724,7.64177201540437,7.590536561249,181
"183",2019,6,7.21086956521739,46,7.85,6.8,6.76666666666667,7.33333333333333,7.1925,18,28,9,6,40,9877,4963,4914,1114,2343,7534,7.6008911805204,8.07569310900665,7.12135475986976,7.1926813016158,7.64098215962442,7.58842327979825,182
"184",2019,7,7.19558823529412,34,7.8,6.82142857142857,7.33333333333333,7.39166666666667,7.08863636363636,13,21,6,12,22,9911,4976,4935,1120,2355,7556,7.59950077590556,8.07497284967846,7.12007847821682,7.19343479464286,7.63971176220807,7.58696810349391,183
"185",2019,8,6.99230769230769,52,7.38823529411765,6.8,6.75,7.27272727272727,6.91707317073171,17,35,6,11,41,9963,4993,4970,1126,2366,7597,7.59633164609054,8.07263466853595,7.11782440442656,7.19107190941386,7.63800557903635,7.58335276951428,184
"186",2019,9,7.34268292682927,41,7.88055555555556,6.92173913043478,7.5,8,7.30897435897436,18,23,3,2,39,10004,5011,4993,1129,2368,7636,7.59529210215914,8.07194470165635,7.11692114760665,7.19189279893711,7.63831131756757,7.58195141304348,185
"187",2019,10,7.28444444444444,45,7.804,6.635,6.7,7.075,7.32972972972973,25,20,5,8,37,10049,5036,5013,1134,2376,7673,7.59390010846851,8.07061455520254,7.1149984619988,7.18972395943563,7.63641464646465,7.5807351739867,186
"188",2019,11,7.27717391304348,46,7.39047619047619,7.182,6.955,7.225,7.28815789473684,21,25,10,8,38,10095,5057,5038,1144,2384,7711,7.5924568786528,8.06779017203876,7.11533094283446,7.18767217657343,7.63503406040269,7.57929334586953,187
"189",2019,12,7.63170731707317,41,7.90217391304348,7.28611111111111,7.625,6.91666666666667,7.75428571428571,23,18,8,6,35,10136,5080,5056,1152,2390,7746,7.59261564621152,8.06704033464567,7.11593894185127,7.19070917534722,7.63323062761506,7.58008404208624,188
"190",2020,1,7.07346153846154,52,7.46869565217391,6.76,6.66666666666667,6.91,7.10318181818182,23,29,9,8,44,10188,5103,5085,1161,2398,7790,7.58996586081665,8.06434350382128,7.11390900491642,7.18664683031869,7.63081784820684,7.57739037098844,189
"191",2020,2,7.48632653061224,49,7.815,7.25965517241379,7.106,7.05,7.59820512820513,20,29,5,10,39,10237,5123,5114,1166,2408,7829,7.58946978509329,8.06337007612727,7.11473548885413,7.18630100343053,7.62840581395349,7.57749405926683,190
"192",2020,3,7.50285714285714,28,7.55882352941176,7.41636363636364,7.5,9,7.44740740740741,17,11,2,1,27,10265,5140,5125,1168,2409,7856,7.58923353044326,8.06170134241245,7.11538288585366,7.18683815924658,7.62897517642175,7.57704696919552,191
"193",2020,4,7.28448275862069,29,7.80769230769231,6.859375,6.5,6.8125,7.46428571428571,13,16,9,8,21,10294,5153,5141,1177,2417,7877,7.58837499417136,8.06106052784785,7.11458612915775,7.18158621070519,7.6262727347952,7.57674634886378,192
"194",2020,5,7.22045454545455,22,7.875,6.975,6.35714285714286,6.85,7.32941176470588,6,16,7,5,17,10316,5159,5157,1184,2422,7894,7.58759036351299,8.06084413646055,7.11415305216211,7.17671196790541,7.62467018992568,7.57621370534583,193
"195",2020,6,7.55424242424242,33,7.76263157894737,7.27142857142857,8,7.53,7.56076923076923,19,14,2,7,26,10349,5178,5171,1186,2429,7920,7.58748402647599,8.05974988412514,7.11457886095533,7.17810031197302,7.62439736517085,7.57616300378788,194
"196",2020,7,7.64333333333333,30,8.22,7.06666666666667,7.6,8.14285714285714,7.49130434782609,15,15,5,7,23,10379,5193,5186,1191,2436,7943,7.58764545620966,8.0602127671866,7.11444027959892,7.17987151133502,7.62588719211823,7.57591728440136,195
"197",2020,8,7.47674418604651,43,7.80263157894737,7.21875,7.05909090909091,7.51666666666667,7.47027027027027,19,24,11,6,37,10422,5212,5210,1202,2442,7980,7.5871878900403,8.05927377206447,7.11492078502879,7.17876619800333,7.62561883701884,7.57542744235589,196
"198",2020,9,7.36111111111111,18,7.8125,7,7,8,7.28125,8,10,1,2,16,10440,5220,5220,1203,2444,7996,7.58679810249042,8.05889557471264,7.1147006302682,7.17861759767249,7.62592520458265,7.57483879314657,197
"199",2020,10,7.22619047619048,42,7.88,6.86296296296296,6.42857142857143,7.5,7.16176470588235,15,27,7,8,34,10482,5235,5247,1210,2452,8030,7.58535319500096,8.05838297994269,7.1134052391843,7.17427848760331,7.62551435562806,7.57308978704857,198
"200",2020,11,7.47107142857143,28,7.92071428571429,7.02142857142857,6.26,6.875,7.57041666666667,14,14,5,4,24,10510,5249,5261,1215,2456,8054,7.58504873358706,8.05801579348447,7.11316048089717,7.17051602469136,7.62429201954397,7.57308182145518,199
"201",2020,12,7.0931914893617,47,7.78,6.58444444444444,6,6.58333333333333,7.16780487804878,20,27,6,6,41,10557,5269,5288,1221,2462,8095,7.58285897414038,8.05696050483963,7.11046090960666,7.1647641031941,7.6217551584078,7.57102915256331,200
"202",2021,1,7.07692307692308,39,7.325,6.81578947368421,6.9375,6.5,7.14285714285714,20,19,8,4,35,10596,5289,5307,1229,2466,8130,7.58099680917328,8.0541926451125,7.10940593367251,7.16328475996746,7.61993560421736,7.56918585362854,201
"203",2021,2,7.65714285714286,35,8.09523809523809,7,6.25,7.71428571428571,7.64285714285714,21,14,6,7,28,10631,5310,5321,1235,2473,8158,7.58124750164613,8.05435497175141,7.10911807742906,7.15884774898786,7.62020266882329,7.56943870924246,202
"204",2021,3,7.49285714285714,28,8.40909090909091,6.9,6.83333333333333,7.875,7.42916666666667,11,17,3,4,24,10659,5321,5338,1238,2477,8182,7.58101531006661,8.05508831046795,7.10845209629075,7.15805894184168,7.62061412999596,7.56902725372769,203
"205",2021,4,7.15135135135135,37,7.45625,6.91904761904762,6.1375,6.33333333333333,7.22352941176471,16,21,8,3,34,10696,5337,5359,1246,2480,8216,7.57952900056096,8.05329302979202,7.10770988803882,7.1515063964687,7.61905693548387,7.56759749148004,204
"206",2021,5,7.13030303030303,33,7.75,6.38666666666667,5.375,6.3,7.27857142857143,18,15,4,5,28,10729,5355,5374,1250,2485,8244,7.57814728213254,8.05227355742297,7.10569729996279,7.145821576,7.61640289738431,7.56661584061135,205
"207",2021,6,7.22826086956522,23,7.94230769230769,6.3,5.6,8.5,7.10714285714286,13,10,5,2,21,10752,5368,5384,1255,2487,8265,7.57739882719495,8.05200724664679,7.10420083395246,7.13966292430279,7.61711347004423,7.56544839564428,206
"208",2021,7,7.16518235294118,17,7.36162,7.08333333333333,7,8.0081,7.1125,5,12,1,1,16,10769,5373,5396,1256,2488,8281,7.57674810010215,8.05136478689745,7.1041544273536,7.13955172770701,7.61727061897106,7.56457323873928,207
"209",2021,8,7.21433333333333,30,7.91866666666667,6.51,6.12,6.68333333333333,7.27333333333333,15,15,5,3,27,10799,5388,5411,1261,2491,8308,7.57574129919437,8.05099536005939,7.10250735353909,7.13550909595559,7.61614584504215,7.56362674410207,208
"210",2021,9,7.21304347826087,23,7.41666666666667,7.14117647058824,7.2,6.66666666666667,7.295,6,17,4,3,20,10822,5394,5428,1265,2494,8328,7.57497045740159,8.05028976640712,7.10262846168018,7.13571301976285,7.61500372894948,7.56298162704131,209
"211",2021,10,7.7125,24,8.00909090909091,7.46153846153846,8.75,8.3,7.68695652173913,11,13,2,1,23,10846,5405,5441,1267,2495,8351,7.57527478240826,8.05020592044403,7.10348599338357,7.13826122336228,7.61527827655311,7.56332307388337,210
"212",2021,11,7.74387096774194,31,7.92705882352941,7.52142857142857,7.375,7.825,7.73185185185185,17,14,4,4,27,10877,5422,5455,1271,2499,8378,7.5757552900616,8.04981980818886,7.1045586232814,7.13900627065303,7.61561396558623,7.5638661959895,211
"213",2021,12,7.659375,32,7.925,7.39375,6,7.5875,7.68333333333333,16,16,2,8,24,10909,5438,5471,1273,2507,8402,7.57600057658814,8.04945255608679,7.10540436666058,7.13721678711705,7.61552425209414,7.56420744941681,212
"214",2022,1,7.30982142857143,56,7.834,6.88709677419355,6.96,7.68,7.27352941176471,25,31,5,5,51,10965,5463,5502,1278,2512,8453,7.57464115731875,8.04846659344682,7.10417435296257,7.13652345070423,7.61565258757962,7.56245368389921,213
"215",2022,2,7.32903225806452,31,7.65714285714286,7.05882352941176,5.5,7.75,7.3,14,17,1,2,29,10996,5477,5519,1279,2514,8482,7.57394873499455,8.04746631367537,7.10403466026455,7.13524391712275,7.61575946698488,7.56155635345437,214
"216",2022,3,7.29826086956522,23,7.86,6.86615384615385,6.33333333333333,6.98666666666667,7.345,10,13,3,3,20,11019,5487,5532,1282,2517,8502,7.57337329067974,8.04712465828321,7.10347564895156,7.13336737129485,7.61500965435042,7.56104692895789,215
"217",2022,4,7.11111111111111,27,7.61111111111111,6.86111111111111,6.33333333333333,7.875,6.97826086956522,9,18,3,4,23,11046,5496,5550,1285,2521,8525,7.57224337226146,8.04641066229985,7.10268960180181,7.13149958754864,7.61542217374058,7.55947460293255,216
"218",2022,5,7.15911764705882,34,7.75,6.83681818181818,8,7.625,7.097,12,22,2,4,30,11080,5508,5572,1287,2525,8555,7.57097565794224,8.04576488743645,7.10163985821968,7.13284923853924,7.61543734653465,7.55785283343074,217
"219",2022,6,7.33557142857143,35,7.97026315789474,6.581875,7.625,7.875,7.26596774193548,19,16,4,4,31,11115,5527,5588,1291,2529,8586,7.57023439406208,8.04550533743441,7.10015162670008,7.13437410534469,7.61584788453934,7.55679897391102,218
"220",2022,7,7.38076923076923,26,7.76153846153846,7,5,8.225,7.22727272727273,13,13,1,4,22,11141,5540,5601,1292,2533,8608,7.56979223498789,8.04483898916967,7.09991917336191,7.1327221130031,7.61680983024082,7.55595678322491,219
"221",2022,8,7.43333333333333,33,8.28666666666667,6.72222222222222,6.57142857142857,7.7,7.33333333333333,15,18,7,9,24,11174,5555,5619,1299,2542,8632,7.56938923304099,8.04549198919891,7.09870925253604,7.12969743648961,7.61710436664044,7.55533781163114,220
"222",2022,9,7.3051282051282,39,7.94545454545455,6.47647058823529,7,7.75,7.19032258064516,22,17,2,8,31,11213,5577,5636,1301,2550,8663,7.568470105235,8.04509736417428,7.09683237934706,7.12949805534205,7.61752129411765,7.55403162761168,221
"223",2022,10,7.86333333333333,30,8.02941176470588,7.64615384615385,7,8.08333333333333,7.80833333333333,17,13,1,6,24,11243,5594,5649,1302,2556,8687,7.56925689673575,8.04504969610296,7.09809652858914,7.12939859447005,7.61861474960876,7.55473419937838,222
"224",2022,11,7.26111111111111,36,8.07058823529412,6.53684210526316,6,7.075,7.284375,17,19,4,4,32,11279,5611,5668,1306,2560,8719,7.56827336554659,8.0451270718232,7.09621511820749,7.12593948698316,7.6177653515625,7.55374194173644,223
"225",2022,12,7.32603448275862,29,7.39791666666667,7.27529411764706,7.32166666666667,7.32166666666667,7.32717391304348,12,17,6,6,23,11308,5623,5685,1312,2566,8742,7.5676521303502,8.04374586519651,7.0967506226913,7.12683458079268,7.61707299298519,7.55314584648822,224
