"","year","month","avg_rating","no_ratings","avg_rating_owned","avg_rating_not_owned","avg_rating_prev_owned","avg_rating_comment","avg_rating_no_comment","no_ratings_owned","no_ratings_not_owned","no_ratings_prev_owned","no_ratings_comment","no_ratings_no_comment","cum_no_ratings","cum_no_ratings_owned","cum_no_ratings_not_owned","cum_no_ratings_prev_owned","cum_no_ratings_comment","cum_no_ratings_no_comment","cum_avg_rating","cum_avg_rating_owned","cum_avg_rating_not_owned","cum_avg_rating_prev_owned","cum_avg_rating_comment","cum_avg_rating_no_comment","month_after_release"
"1",2004,4,8,3,8.5,7,NA,8,8,2,1,0,1,2,3,2,1,0,1,2,8,8.5,7,NA,8,8,0
"2",2004,5,7.84375,16,7.95833333333333,7.5,NA,8.125,7.75,12,4,0,4,12,19,14,5,0,5,14,7.86842105263158,8.03571428571429,7.4,NA,8.1,7.78571428571429,1
"3",2004,6,7.8046875,32,8.21428571428571,7.02272727272727,NA,7.765625,7.84375,21,11,0,16,16,51,35,16,0,21,30,7.82843137254902,8.14285714285714,7.140625,NA,7.84523809523809,7.81666666666667,2
"4",2004,7,7.53225806451613,31,7.95833333333333,6.07142857142857,NA,7.64285714285714,7.44117647058824,24,7,0,14,17,82,59,23,0,35,47,7.71646341463415,8.06779661016949,6.81521739130435,NA,7.76428571428571,7.68085106382979,3
"5",2004,8,7.85428571428571,35,7.9962962962963,7.375,9,7.82777777777778,7.88235294117647,27,8,1,18,17,117,86,31,1,53,64,7.75769230769231,8.0453488372093,6.95967741935484,9,7.78584905660377,7.734375,4
"6",2004,9,7.55882352941176,34,7.64583333333333,7.35,7,7.26470588235294,7.85294117647059,24,10,1,17,17,151,110,41,2,70,81,7.71291390728477,7.95818181818182,7.05487804878049,8,7.65928571428571,7.75925925925926,5
"7",2004,10,8.06052631578947,38,8.512,7.19230769230769,7.5,7.85,8.25,25,13,2,18,20,189,135,54,4,88,101,7.78280423280423,8.06074074074074,7.08796296296296,7.75,7.69829545454545,7.85643564356436,6
"8",2004,11,7.22727272727273,44,7.68965517241379,6.33333333333333,7.5,7.10869565217391,7.35714285714286,29,15,2,23,21,233,164,69,6,111,122,7.67789699570815,7.99512195121951,6.92391304347826,7.66666666666667,7.57612612612613,7.77049180327869,7
"9",2004,12,7.32,25,7.77777777777778,6.14285714285714,7.5,6.66666666666667,7.6875,18,7,2,9,16,258,182,76,8,120,138,7.64321705426357,7.97362637362637,6.85197368421053,7.625,7.50791666666667,7.76086956521739,8
"10",2005,1,7.44565217391304,46,7.8,6.78125,7,7.81333333333333,7.26774193548387,30,16,1,15,31,304,212,92,9,135,169,7.61332236842105,7.94905660377359,6.83967391304348,7.55555555555556,7.54185185185185,7.67041420118343,9
"11",2005,2,7.49555555555556,45,7.65,7.11538461538461,8,7.75,7.292,32,13,1,20,25,349,244,105,10,155,194,7.59813753581662,7.90983606557377,6.87380952380952,7.6,7.56870967741936,7.62164948453608,10
"12",2005,3,7.3030303030303,33,7.5,7.09375,7.6,6.89285714285714,7.60526315789474,17,16,5,14,19,382,261,121,15,169,213,7.57264397905759,7.88314176245211,6.90289256198347,7.6,7.51272189349112,7.62018779342723,11
"13",2005,4,7.128125,32,7.80555555555556,6.25714285714286,7.5,6.59166666666667,7.45,18,14,2,12,20,414,279,135,17,181,233,7.53828502415459,7.87813620071685,6.83592592592593,7.58823529411765,7.45165745856354,7.60557939914163,12
"14",2005,5,7.375,40,7.86842105263158,6.92857142857143,6,6.80769230769231,7.64814814814815,19,21,2,13,27,454,298,156,19,194,260,7.5238986784141,7.87751677852349,6.84839743589743,7.42105263157895,7.40850515463918,7.61,13
"15",2005,6,7.3972972972973,37,7.78260869565217,6.76428571428571,8.35,7.41,7.38235294117647,23,14,2,20,17,491,321,170,21,214,277,7.51435845213849,7.87071651090343,6.84147058823529,7.50952380952381,7.40864485981308,7.59602888086643,14
"16",2005,7,6.9925,40,7.54285714285714,5.70833333333333,NA,6.98,7.005,28,12,0,20,20,531,349,182,21,234,297,7.47504708097928,7.84441260744986,6.76675824175824,7.50952380952381,7.37200854700855,7.55622895622896,15
"17",2005,8,7.58369565217391,46,8.15344827586207,6.61176470588235,6.96666666666667,7.41896551724138,7.86470588235294,29,17,3,29,17,577,378,199,24,263,314,7.48370883882149,7.86812169312169,6.7535175879397,7.44166666666667,7.37718631178707,7.57292993630573,16
"18",2005,9,7.82173913043478,46,8.18,6.68181818181818,7.375,7.8625,7.8,35,11,4,16,30,623,413,210,28,279,344,7.50866773675762,7.89455205811138,6.7497619047619,7.43214285714286,7.40501792114696,7.59273255813953,17
"19",2005,10,7.22051282051282,39,7.98571428571429,5.27272727272727,6,7.07857142857143,7.3,28,11,3,14,25,662,441,221,31,293,369,7.4916918429003,7.90034013605442,6.6762443438914,7.29354838709677,7.38941979522184,7.57289972899729,18
"20",2005,11,7.46222222222222,45,8.01851851851852,6.62777777777778,8,7.04545454545455,7.86086956521739,27,18,2,22,23,707,468,239,33,315,392,7.48981612446959,7.90715811965812,6.67259414225941,7.33636363636364,7.36539682539683,7.58979591836735,19
"21",2005,12,7.44594594594595,37,7.79166666666667,6.80769230769231,7,6.85714285714286,7.80434782608696,24,13,1,14,23,744,492,252,34,329,415,7.48763440860215,7.9015243902439,6.67956349206349,7.32647058823529,7.34376899696049,7.60168674698795,20
"22",2006,1,6.965625,48,7.69166666666667,6.23958333333333,6.25,6.645,7.5,24,24,4,30,18,792,516,276,38,359,433,7.45599747474748,7.89176356589147,6.64130434782609,7.21315789473684,7.28537604456825,7.59745958429561,21
"23",2006,2,7.69310344827586,29,8.00454545454545,6.71428571428571,6.5,7.16666666666667,8.06470588235294,22,7,2,12,17,821,538,283,40,371,450,7.46437271619976,7.89637546468401,6.64310954063604,7.1775,7.28153638814016,7.61511111111111,22
"24",2006,3,7.34,40,7.75,6.57857142857143,8,7.43571428571429,7.28846153846154,26,14,1,14,26,861,564,297,41,385,476,7.45859465737515,7.88962765957447,6.64006734006734,7.19756097560976,7.28714285714286,7.59726890756302,23
"25",2006,4,6.98275862068965,29,7.54117647058824,6.19166666666667,7,6.54166666666667,7.29411764705882,17,12,2,12,17,890,581,309,43,397,493,7.44308988764045,7.87943201376936,6.62265372168285,7.18837209302326,7.26460957178841,7.5868154158215,24
"26",2006,5,7.173,37,7.696,6.08341666666667,8,6.25721428571429,7.7304347826087,25,12,1,14,23,927,606,321,44,411,516,7.432309600863,7.87186468646865,6.6024953271028,7.20681818181818,7.23029440389294,7.59321705426357,25
"27",2006,6,7.13081081081081,37,7.41090909090909,6.72,7.4,7.17692307692308,7.10583333333333,22,15,2,13,24,964,628,336,46,424,540,7.42073755186722,7.85571656050955,6.60774107142857,7.21521739130435,7.22865801886793,7.57155555555556,26
"28",2006,7,7.46065573770492,61,7.95714285714286,6.79230769230769,7.33333333333333,7.225,7.57560975609756,35,26,3,20,41,1025,663,362,49,444,581,7.42311317073171,7.86107088989442,6.62099723756906,7.22244897959184,7.22849324324324,7.57184165232358,27
"29",2006,8,7.417,50,7.78970588235294,6.625,7.5,7.14473684210526,7.58387096774194,34,16,2,19,31,1075,697,378,51,463,612,7.4228288372093,7.85758967001435,6.62116666666667,7.23333333333333,7.22505615550756,7.57245098039216,28
"30",2006,9,7.31666666666667,42,7.5,6.8,7.83333333333333,7.4875,7.21153846153846,31,11,3,16,26,1117,728,389,54,479,638,7.41883706356312,7.84236263736264,6.6262236503856,7.26666666666667,7.23382254697286,7.55774294670846,29
"31",2006,10,7.04468085106383,47,7.48461538461538,6.5,6,6.63888888888889,7.29655172413793,26,21,3,18,29,1164,754,410,57,497,667,7.4037293814433,7.83002652519894,6.61975853658537,7.2,7.21227565392354,7.5463868065967,30
"32",2006,11,7.30975609756098,41,7.38148148148148,7.17142857142857,6.8,6.84117647058823,7.64166666666667,27,14,2,17,24,1205,781,424,59,514,691,7.40053195020747,7.81451984635083,6.63797405660377,7.1864406779661,7.20000194552529,7.54969609261939,31
"33",2006,12,7.00538461538462,65,7.6,6.31166666666667,6.25,6.6,7.13775510204082,35,30,4,16,49,1270,816,454,63,530,740,7.38030787401575,7.80531862745098,6.61641189427313,7.12698412698413,7.18188867924528,7.52241891891892,32
"34",2007,1,7.32569444444444,72,7.76351351351351,6.86285714285714,6.75,7.14761904761905,7.39901960784314,37,35,4,21,51,1342,853,489,67,551,791,7.37737779433681,7.80350527549824,6.63405112474438,7.1044776119403,7.18058257713249,7.51446270543616,33
"35",2007,2,7.3732687755102,49,7.83846153846154,6.84739869565217,7.125,7.87857142857143,7.17114771428571,26,23,4,14,35,1391,879,512,71,565,826,7.37723304816679,7.80453924914676,6.64363509765625,7.1056338028169,7.1978778761062,7.49991546004843,34
"36",2007,3,7.38148148148148,54,7.96206896551724,6.708,6.9,6.70833333333333,7.57380952380952,29,25,5,12,42,1445,908,537,76,577,868,7.37739181314879,7.8095704845815,6.64663160148976,7.09210526315789,7.18769670710572,7.50349097926267,35
"37",2007,4,7.20634920634921,63,7.84634146341463,6.01363636363636,6,7.64705882352941,7.04347826086957,41,22,2,17,46,1508,949,559,78,594,914,7.37024613395226,7.81115911485774,6.62171944543828,7.06410256410256,7.20084343434344,7.48033935448578,36
"38",2007,5,7.4531914893617,47,7.78,7.08181818181818,7,7.15,7.55714285714286,25,22,1,12,35,1555,974,581,79,606,949,7.37275316398714,7.81035934291581,6.63914142857143,7.06329113924051,7.19983663366337,7.48317193888304,37
"39",2007,6,7.40701754385965,57,7.98181818181818,6.61666666666667,NA,7.1125,7.5219512195122,33,24,0,16,41,1612,1007,605,79,622,990,7.37396474565757,7.81597815292949,6.6382498677686,7.06329113924051,7.19759003215434,7.48477794949495,38
"40",2007,7,7.46311475409836,61,7.93571428571429,6.82692307692308,6.64285714285714,7.21875,7.55,35,26,7,16,45,1673,1042,631,86,638,1035,7.3772152839211,7.82,6.64602404120444,7.02906976744186,7.19812068965518,7.48761369082126,39
"41",2007,8,7.2968253968254,63,7.75,6.608,7.08,7.17,7.35581395348837,38,25,5,20,43,1736,1080,656,91,658,1078,7.37429790898618,7.81753703703704,6.64457495426829,7.03186813186813,7.19726595744681,7.4823563729128,40
"42",2007,9,7.71694915254237,59,7.93235294117647,7.424,7.66666666666667,7.38333333333333,7.86341463414634,34,25,3,18,41,1795,1114,681,94,676,1119,7.38556054038997,7.82104129263914,6.67318820851689,7.05212765957447,7.20222041420118,7.49631829311886,41
"43",2007,10,7.55703125,64,7.78026315789474,7.23076923076923,8,7.62619047619048,7.52325581395349,38,26,3,21,43,1859,1152,707,97,697,1162,7.39146378160302,7.81969618055555,6.69369330975955,7.08144329896907,7.21499426111908,7.49731512048193,42
"44",2007,11,7.11551724137931,87,7.63148148148148,6.27121212121212,7.05,6.96551724137931,7.19051724137931,54,33,4,29,58,1946,1206,740,101,726,1220,7.37912701438849,7.81126865671642,6.67485293243243,7.08019801980198,7.20502892561984,7.48272964754098,43
"45",2007,12,7.4875,76,7.82790697674419,7.04393939393939,7.41666666666667,7.53103448275862,7.46063829787234,43,33,6,29,47,2022,1249,773,107,755,1267,7.38320038081108,7.81184147317854,6.69060953428202,7.09906542056075,7.21755099337748,7.4819101578532,44
"46",2008,1,7.44174757281553,103,7.70945945945946,6.75862068965517,7,7.17619047619048,7.62459016393443,74,29,7,42,61,2125,1323,802,114,797,1328,7.38603819764706,7.8061148904006,6.69306879052369,7.09298245614035,7.21537139272271,7.48846398343373,45
"47",2008,2,7.59807692307692,52,7.84852941176471,7.125,6.875,7.67105263157895,7.55606060606061,34,18,4,19,33,2177,1357,820,118,816,1361,7.39110297197979,7.80717759764186,6.70255020731707,7.08559322033898,7.22598161764706,7.4901029904482,46
"48",2008,3,7.25595238095238,84,7.95833333333333,6.31944444444444,6.78571428571429,6.82692307692308,7.44827586206897,48,36,7,26,58,2261,1405,856,125,842,1419,7.38608189739054,7.81234163701068,6.68643828271028,7.0688,7.21365914489311,7.48839335447498,47
"49",2008,4,7.425,64,7.755,6.875,6.5,7.1375,7.52083333333333,40,24,3,16,48,2325,1445,880,128,858,1467,7.38715319139785,7.81075432525952,6.691580875,7.05546875,7.21223892773893,7.48945478527607,48
"50",2008,5,7.34909090909091,55,7.65952380952381,6.34615384615385,7,7.07368421052632,7.49444444444444,42,13,1,19,36,2380,1487,893,129,877,1503,7.38627360084034,7.80648285137862,6.68655226203807,7.05503875968992,7.20923717217788,7.48957429807052,49
"51",2008,6,7.3695652173913,46,7.95652173913043,6.78260869565217,6.3,7.1,7.5,23,23,5,15,31,2426,1510,916,134,892,1534,7.38595678895301,7.80876821192053,6.68896415938865,7.02686567164179,7.20740022421525,7.48978498696219,50
"52",2008,7,7.298125,80,8.00697674418605,6.47432432432432,6.35789473684211,6.74193548387097,7.65,43,37,19,31,49,2506,1553,953,153,923,1583,7.38315290103751,7.81425627817128,6.680630818468,6.9437908496732,7.19176706392199,7.49474426405559,51
"53",2008,8,7.38227272727273,66,7.60394736842105,7.08142857142857,7.0625,7.40714285714286,7.37066666666667,38,28,8,21,45,2572,1591,981,161,944,1628,7.38313031493002,7.80923318667505,6.692070509684,6.94968944099379,7.19655826271186,7.4913146007371,52
"54",2008,9,7.35921052631579,76,7.73589743589744,6.96216216216216,6.90769230769231,7.45652173913043,7.31698113207547,39,37,13,23,53,2648,1630,1018,174,967,1681,7.38244379531722,7.80747852760736,6.70188720039293,6.94655172413793,7.20274146845915,7.48581806662701,53
"55",2008,10,7.46517857142857,56,7.77763157894737,6.80555555555556,7.1,7.21666666666667,7.55609756097561,38,18,5,15,41,2704,1668,1036,179,982,1722,7.38415723742604,7.80679856115108,6.70368838803089,6.95083798882682,7.20295417515275,7.48749138792102,54
"56",2008,11,7.384,75,7.995,6.68571428571429,6.4,7.1375,7.5,40,35,5,24,51,2779,1708,1071,184,1006,1773,7.38415299388269,7.81120608899298,6.70310099906629,6.93586956521739,7.20139264413519,7.48785119571348,55
"57",2008,12,6.93461538461538,65,7.69285714285714,6.05,6.5,7.03333333333333,6.905,35,30,7,15,50,2844,1743,1101,191,1021,1823,7.37387875175809,7.80882960413081,6.6853053315168,6.91989528795812,7.1989236043095,7.47186515085025,56
"58",2009,1,7.29622641509434,106,7.7890625,6.5452380952381,6.65,7.16379310344828,7.3461038961039,64,42,8,29,77,2950,1807,1143,199,1050,1900,7.37108853220339,7.80812949640288,6.68015850393701,6.90904522613065,7.19795333333333,7.46676851052631,57
"59",2009,2,7.21985815602837,141,7.66290322580645,6.87215189873418,6.70666666666667,6.86315789473684,7.27540983606557,62,79,15,19,122,3091,1869,1222,214,1069,2022,7.36418996117761,7.80331193151418,6.69257051554828,6.89485981308411,7.19200280636108,7.45522263600396,58
"60",2009,3,7.04044117647059,136,7.83050847457627,6.43506493506494,6.33333333333333,6.37777777777778,7.2045871559633,59,77,15,27,109,3227,1928,1299,229,1096,2131,7.35054576076852,7.80414419087137,6.67730652040031,6.85807860262009,7.17194434306569,7.44240270764899,59
"61",2009,4,7.26434108527132,129,7.70425531914894,7.01219512195122,6.59523809523809,6.92692307692308,7.3495145631068,47,82,21,26,103,3356,1975,1381,250,1122,2234,7.34723217222884,7.8017670886076,6.69719128892107,6.836,7.16626648841355,7.43812004028648,60
"62",2009,5,7.53342592592593,108,8.07913043478261,7.12854838709677,7.18181818181818,6.26315789473684,7.80460674157303,46,62,11,19,89,3464,2021,1443,261,1141,2323,7.35303728926097,7.80808015833746,6.715724996535,6.85057471264368,7.15122787028922,7.4521610718898,61
"63",2009,6,7.26024590163934,122,7.64,6.94850746268657,7.34615384615385,6.79411764705882,7.33571428571429,55,67,13,17,105,3586,2076,1510,274,1158,2428,7.34988041550474,7.80362716763006,6.72605375496689,6.87408759124088,7.14598531951641,7.44712527594728,62
"64",2009,7,7.32606837606838,117,7.597,7.12388059701493,7.11538461538461,7.45322580645161,7.28023255813954,50,67,13,31,86,3703,2126,1577,287,1189,2514,7.34912805022954,7.79876763875823,6.74295571972099,6.88501742160279,7.15399579478553,7.44141613762927,63
"65",2009,8,7.36346153846154,104,7.98958333333333,6.82678571428571,7.40909090909091,7.42413793103448,7.34,48,56,11,29,75,3807,2174,1633,298,1218,2589,7.34951961386919,7.80298068077277,6.7458304776485,6.90436241610738,7.16042775041051,7.43847824256469,64
"66",2009,9,7.40892857142857,112,7.74,7.1865671641791,6.83125,6.94285714285714,7.47551020408163,45,67,16,14,98,3919,2219,1700,314,1232,2687,7.35121744577698,7.80170347003155,6.76320068823529,6.90063694267516,7.15795535714286,7.43982886862672,65
"67",2009,10,7.24674074074074,135,7.76339285714286,6.88050632911392,7.39473684210526,6.92692307692308,7.32302752293578,56,79,19,26,109,4054,2275,1779,333,1258,2796,7.347738325111,7.80076043956044,6.76840987633502,6.92882882882883,7.15318044515103,7.43527545422031,66
"68",2009,11,7.37533333333333,150,7.6948717948718,7.02916666666667,6.77777777777778,7.092,7.432,78,72,18,25,125,4204,2353,1851,351,1283,2921,7.34872292340628,7.79725031874203,6.77855276607239,6.92108262108262,7.1519883086516,7.435135285861,67
"69",2009,12,7.25524193548387,124,7.66315789473684,6.90820895522388,7.45833333333333,6.77083333333333,7.3715,57,67,12,24,100,4328,2410,1918,363,1307,3021,7.34604463262477,7.79407883817427,6.7830819447341,6.93884297520661,7.14498928844682,7.43302885468388,68
"70",2010,1,7.34565217391304,138,7.87647058823529,6.83,7.25454545454545,7.55833333333333,7.30087719298246,68,70,11,24,114,4466,2478,1988,374,1331,3135,7.34603250559785,7.79633979015335,6.7847339889336,6.94812834224599,7.15244252441773,7.42822333971292,69
"71",2010,2,7.24591836734694,98,7.62391304347826,6.91153846153846,6.3625,6.78333333333333,7.32951807228916,46,52,8,15,83,4564,2524,2040,382,1346,3218,7.34388281551271,7.79319730586371,6.78796625980392,6.93586387434555,7.14832912332838,7.4256774922312,70
"72",2010,3,7.35432098765432,81,8.08409090909091,6.48648648648649,7,7.18181818181818,7.38142857142857,44,37,3,11,70,4645,2568,2077,385,1357,3288,7.34406483745963,7.79818146417445,6.78259565238324,6.93636363636364,7.14860058953574,7.42473545316301,71
"73",2010,4,7.59041095890411,73,8.06969696969697,7.195,7,7.40909090909091,7.62258064516129,33,40,4,11,62,4718,2601,2117,389,1368,3350,7.34787646672319,7.80162629757785,6.79038789324516,6.93701799485861,7.1506951754386,7.42839706567164,72
"74",2010,5,7.33552631578947,76,7.57058823529412,7.1452380952381,7.65555555555556,6.38888888888889,7.46268656716418,34,42,9,9,67,4794,2635,2159,398,1377,3417,7.34768067793075,7.79864516129032,6.79729095414544,6.95326633165829,7.14571604938271,7.42906940883816,73
"75",2010,6,7.37088607594937,79,8.01470588235294,6.88444444444444,6.92857142857143,7.42307692307692,7.36060606060606,34,45,7,13,66,4873,2669,2204,405,1390,3483,7.34805687871947,7.80139752716373,6.79907040381125,6.95283950617284,7.14831007194244,7.42777208440999,74
"76",2010,7,7.20731707317073,82,7.65416666666667,6.57647058823529,6.545,7.06315789473684,7.25079365079365,48,34,10,19,63,4955,2717,2238,415,1409,3546,7.34572778405651,7.7987964666912,6.79568863717605,6.94301204819277,7.14716181689141,7.42462779751833,75
"77",2010,8,7.05121951219512,82,7.696875,6.638,6.99285714285714,5.9,7.21111111111111,32,50,14,10,72,5037,2749,2288,429,1419,3618,7.34093332737741,7.79761004001455,6.79224264423077,6.9446386946387,7.13837279774489,7.42037870923162,76
"78",2010,9,7.11594202898551,69,8.11666666666667,6.34615384615385,5.625,6.42307692307692,7.27678571428571,30,39,8,13,56,5106,2779,2327,437,1432,3674,7.33789290442616,7.80105433609212,6.78476629565965,6.92048054919909,7.13187918994413,7.41819002994012,77
"79",2010,10,7.30402298850575,87,8.17439024390244,6.52826086956522,7.04166666666667,6.859375,7.40422535211268,41,46,6,16,71,5193,2820,2373,443,1448,3745,7.33732547082611,7.80648226950355,6.77979400337126,6.92212189616253,7.12886809392265,7.41792527903872,78
"80",2010,11,7.53307692307692,130,7.92537313432836,7.11587301587302,7,7.32941176470588,7.60520833333333,67,63,10,34,96,5323,2887,2436,453,1482,3841,7.34210617508923,7.80924142708694,6.78848570197044,6.92384105960265,7.1334689608637,7.4226061364228,79
"81",2010,12,7.4372,125,7.85769230769231,6.98166666666667,7.29166666666667,7.13,7.53421052631579,65,60,12,30,95,5448,2952,2496,465,1512,3936,7.34428802679882,7.81030826558266,6.79312947516026,6.93333333333333,7.13340013227513,7.42529983993902,80
"82",2011,1,7.48492063492063,126,7.91136363636364,7.01583333333333,6.78571428571429,7.63571428571429,7.46607142857143,66,60,7,14,112,5574,3018,2556,472,1526,4048,7.34746702009329,7.8125182239894,6.79835726525822,6.93114406779661,7.13800851900393,7.42642790760869,81
"83",2011,2,7.29462962962963,108,8.03571428571429,6.8230303030303,6.76666666666667,7.26551724137931,7.3053164556962,42,66,15,29,79,5682,3060,2622,487,1555,4127,7.34646271911299,7.81558169934641,6.79897832570557,6.92607802874743,7.14038649517685,7.42410956384783,82
"84",2011,3,7.34629213483146,89,7.67711111111111,7.00795454545455,6.8,7.45833333333333,7.32883116883117,45,44,5,12,77,5771,3105,2666,492,1567,4204,7.3464600883729,7.81357487922705,6.80242729557389,6.92479674796748,7.14282131461391,7.42236445528068,83
"85",2011,4,7.36214285714286,70,7.86216216216216,6.80151515151515,6.6,7.5,7.32454545454545,37,33,11,15,55,5841,3142,2699,503,1582,4259,7.34664803458312,7.81414704010185,6.80241614301593,6.91769383697813,7.14620796460177,7.42110123737966,84
"86",2011,5,7.2843023255814,86,7.76585365853659,6.84555555555556,6.78181818181818,6.88,7.40681818181818,41,45,11,20,66,5927,3183,2744,514,1602,4325,7.34574340644508,7.81352497643733,6.8031236042274,6.9147859922179,7.14288451935081,7.42088327630057,85
"87",2011,6,7.46589333333333,75,7.80375,7.07977142857143,7.07142857142857,6.9728,7.58916666666667,40,35,7,15,60,6002,3223,2779,521,1617,4385,7.34724478007331,7.81340366118523,6.80660783375315,6.9168905950096,7.14130674087817,7.42318589965792,86
"88",2011,7,7.47654761904762,84,8.04815789473684,7.00434782608696,6.9,7.18333333333333,7.55651515151515,38,46,10,18,66,6086,3261,2825,531,1635,4451,7.34902943969767,7.81613922109783,6.80982767079646,6.9165725047081,7.14176941896024,7.42516292293866,87
"89",2011,8,7.501875,80,7.96944444444444,7.11931818181818,6.77307692307692,7.68653846153846,7.41296296296296,36,44,13,26,54,6166,3297,2869,544,1661,4505,7.35101251540707,7.81781316348196,6.81457412687347,6.91314338235294,7.15029680915111,7.42501668590455,88
"90",2011,9,7.35859375,64,7.8,7.05657894736842,6.95,7.1875,7.39807692307692,26,38,10,12,52,6230,3323,2907,554,1673,4557,7.3510903964687,7.81767378874511,6.81773758857929,6.91380866425993,7.15056365809922,7.42470927583936,89
"91",2011,10,7.30722891566265,83,7.69642857142857,6.90853658536585,7.375,7.11111111111111,7.33108108108108,42,41,8,9,74,6313,3365,2948,562,1682,4631,7.35051372881356,7.81616047548292,6.81900039687924,6.92037366548043,7.15035255648038,7.42321316562297,90
"92",2011,11,7.30280373831776,107,7.834,6.83684210526316,7.33333333333333,7.55882352941176,7.25444444444444,50,57,12,17,90,6420,3415,3005,574,1699,4721,7.34971856230529,7.81642166910689,6.81933882529118,6.92900696864112,7.15443967039435,7.41999579961872,91
"93",2011,12,7.18963414634146,82,7.59512195121951,6.78414634146341,6.80909090909091,6.77857142857143,7.27426470588235,41,41,11,14,68,6502,3456,3046,585,1713,4789,7.34769965702861,7.8137962962963,6.81886512475378,6.92675213675214,7.15136777583187,7.41792653372311,92
"94",2012,1,7.4027027027027,111,8.06603773584906,6.79655172413793,6.7,7.63703703703704,7.32738095238095,53,58,15,27,84,6613,3509,3104,600,1740,4873,7.34862288976259,7.81760615559989,6.81844818621134,6.92108333333334,7.15890402298851,7.41636572337369,93
"95",2012,2,7.47957746478873,71,8.06666666666667,7.05,7,7.58529411764706,7.4462962962963,30,41,10,17,54,6684,3539,3145,610,1757,4927,7.35001393925793,7.81971743430348,6.82146682670906,6.92237704918033,7.16302959590211,7.41669376293891,94
"96",2012,3,7.3458904109589,73,8.01296296296296,6.95434782608696,6.66666666666667,7.735,7.28412698412698,27,46,9,10,63,6757,3566,3191,619,1767,4990,7.34996939026195,7.82118059450365,6.82338237856471,6.9186591276252,7.16626655348048,7.41502007414829,95
"97",2012,4,7.19092105263158,76,7.60789473684211,6.77394736842105,7.28538461538462,6.72652173913044,7.39245283018868,38,38,13,23,53,6833,3604,3229,632,1790,5043,7.34820037611591,7.81893174250833,6.82280061009601,6.92620253164557,7.16061620111732,7.41478290105096,96
"98",2012,5,7.16849315068493,73,7.70357142857143,6.83555555555556,6.35714285714286,6.94166666666667,7.21311475409836,28,45,7,12,61,6906,3632,3274,639,1802,5104,7.34630077758471,7.81804240088106,6.82297592241906,6.91996870109546,7.15915815760266,7.41237268221003,97
"99",2012,6,7.32571428571429,70,7.89210526315789,6.653125,6.5,7.08571428571429,7.38571428571429,38,32,5,14,56,6976,3670,3306,644,1816,5160,7.34609420441514,7.81880926430518,6.8213318723533,6.91670807453416,7.15859196035242,7.41208336627907,98
"100",2012,7,7.2920987654321,81,8.00731707317073,6.559,6.6,7.66428571428571,7.21432835820896,41,40,5,14,67,7057,3711,3346,649,1830,5227,7.34547444664872,7.82089194287254,6.81819580693365,6.91426810477658,7.16246065573771,7.40954853070595,99
"101",2012,8,7.44666666666667,75,7.916,7.212,7.11538461538461,6.95833333333333,7.53968253968254,25,50,13,12,63,7132,3736,3396,662,1842,5290,7.34653858244532,7.82152837259101,6.82399386631331,6.91821752265861,7.16113083604777,7.41109833081285,100
"102",2012,9,7.4843137254902,51,7.83333333333333,7.24,7.5,7.44444444444444,7.49285714285714,21,30,4,9,42,7183,3757,3426,666,1851,5332,7.34751679938744,7.8215943571999,6.82763665207239,6.92171171171171,7.16250837385197,7.41174234246061,101
"103",2012,10,7.60824742268041,97,7.862,7.33829787234043,7.21111111111111,7.91875,7.54691358024691,50,47,9,16,81,7280,3807,3473,675,1867,5413,7.35099082005495,7.82212503283426,6.83454741433919,6.92557037037037,7.16898928762721,7.4137650415666,102
"104",2012,11,7.24036144578313,83,7.80142857142857,6.83125,6.55,6.8625,7.33059701492537,35,48,10,16,67,7363,3842,3521,685,1883,5480,7.34974374168138,7.82193649141073,6.83450246236865,6.92008759124088,7.16638502389803,7.41274820620438,103
"105",2012,12,7.58783783783784,74,7.87241379310345,7.40444444444444,7,7.54166666666667,7.59677419354839,29,45,11,12,62,7437,3871,3566,696,1895,5542,7.35211283716552,7.82231464737794,6.8416946634885,6.92135057471264,7.16876147757256,7.41480695958138,104
"106",2013,1,7.42727272727273,88,7.98333333333333,6.9195652173913,6.38888888888889,7.75,7.36095890410959,42,46,9,15,73,7525,3913,3612,705,1910,5615,7.3529917833887,7.82404293381038,6.8426863704319,6.91455319148936,7.17332617801047,7.41410688691006,105
"107",2013,2,7.21328767123288,73,7.91,6.85041666666667,7.24272727272727,6.65,7.35896551724138,25,48,11,15,58,7598,3938,3660,716,1925,5673,7.35164953540405,7.82458862366684,6.84278775136612,6.91959497206704,7.16924831168831,7.41354312885598,106
"108",2013,3,7.34189189189189,74,7.78076923076923,7.10416666666667,7.29230769230769,7.15625,7.39310344827586,26,48,13,16,58,7672,3964,3708,729,1941,5731,7.35155541840459,7.82430121089808,6.84617129719526,6.9262414266118,7.16914116434827,7.41333627115687,107
"109",2013,4,7.18888888888889,63,7.90434782608696,6.7775,7,6.19166666666667,7.42352941176471,23,40,10,12,51,7735,3987,3748,739,1953,5782,7.35023053264383,7.82476297968398,6.84543841248666,6.92723951285521,7.16313517665131,7.41342617952265,108
"110",2013,5,7.05538461538462,65,7.31166666666667,6.83571428571429,7.11111111111111,7.3625,6.98584905660377,30,35,9,12,53,7800,4017,3783,748,1965,5835,7.34777348333333,7.82093104306697,6.84534844567803,6.92945187165776,7.16435267175572,7.40954244558697,109
"111",2013,6,7.32543859649123,57,7.68421052631579,7.14605263157895,6.9,6.65454545454545,7.48586956521739,19,38,9,11,46,7857,4036,3821,757,1976,5881,7.34761145093547,7.82028741328048,6.84833896100497,6.92910171730515,7.16151467611336,7.41013946097602,110
"112",2013,7,6.95211267605634,71,7.61612903225806,6.4375,7,7.05263157894737,6.91538461538462,31,40,8,19,52,7928,4067,3861,765,1995,5933,7.34406952194753,7.81873125153676,6.84408266511267,6.9298431372549,7.16047769423559,7.40580316366088,111
"113",2013,8,7.16246376811594,69,7.93827586206897,6.6,7,6.65083333333333,7.27017543859649,29,40,6,12,57,7997,4096,3901,771,2007,5990,7.34250258471927,7.81957763671875,6.84157989489874,6.93038910505837,7.15743049327354,7.40451254924875,112
"114",2013,9,7.378125,64,8.15185185185185,6.81351351351351,6.55,7.48333333333333,7.35384615384615,27,37,10,12,52,8061,4123,3938,781,2019,6042,7.34278540751768,7.82175357749212,6.84131619349924,6.9255185659411,7.15936750866766,7.40407649288315,113
"115",2013,10,7.27941176470588,68,8.02391304347826,6.89888888888889,6.86,6.81666666666667,7.37857142857143,23,45,10,12,56,8129,4146,3983,791,2031,6098,7.34225527986222,7.82287506029908,6.84196665076576,6.92469026548673,7.15734268833087,7.40384227123647,114
"116",2013,11,7.2725,100,7.93720930232558,6.77105263157895,7.26666666666667,7.47058823529412,7.23192771084337,43,57,9,17,83,8229,4189,4040,800,2048,6181,7.34140760359703,7.8240486989735,6.84096613118812,6.9285375,7.15994287109375,7.4015337599094,115
"117",2013,12,7.475,72,7.82941176470588,7.15789473684211,7.5,7.55,7.46290322580645,34,38,4,10,62,8301,4223,4078,804,2058,6243,7.34256633779063,7.82409187781198,6.84391936488475,6.93138059701493,7.16183819241982,7.40214322761493,116
"118",2014,1,7.44024390243902,82,7.92777777777778,7.05869565217391,7.27777777777778,7.89285714285714,7.34705882352941,36,46,9,14,68,8383,4259,4124,813,2072,6311,7.34352179052845,7.82496830241841,6.84631502667313,6.93521525215252,7.16677750965251,7.40154970210743,117
"119",2014,2,7.30595238095238,84,7.88888888888889,6.86875,6.67857142857143,7.26666666666667,7.32166666666667,36,48,14,24,60,8467,4295,4172,827,2096,6371,7.34314906932798,7.82550407450524,6.84657314717162,6.93087061668682,7.16792127862595,7.40079738973473,118
"120",2014,3,7.38695652173913,69,7.8962962962963,7.05952380952381,7.35,7.13333333333333,7.425,27,42,10,9,60,8536,4322,4214,837,2105,6431,7.34350318298969,7.82594632114762,6.84869557902231,6.93587813620072,7.16777339667458,7.40102319545949,119
"121",2014,4,7.52761194029851,67,8.06875,7.03285714285714,7.275,7.55555555555556,7.52327586206897,32,35,10,9,58,8603,4354,4249,847,2114,6489,7.34493701848192,7.82773082223243,6.8502125606025,6.93988193624558,7.1694243140965,7.40211591462475,120
"122",2014,5,7.28607594936709,79,7.859375,6.89574468085106,6.925,7.31818181818182,7.28088235294118,32,47,8,11,68,8682,4386,4296,855,2125,6557,7.34440142478691,7.82796169630643,6.85071070065177,6.93974269005848,7.17019435294118,7.40085865029739,121
"123",2014,6,7.48867924528302,53,7.74074074074074,7.22692307692308,8.5,6.77777777777778,7.63409090909091,27,26,1,9,44,8735,4413,4322,856,2134,6601,7.34527683686319,7.82742805347836,6.85297389403054,6.94156542056075,7.16853936269916,7.40241329647023,122
"124",2014,7,7.20671232876712,73,7.78333333333333,6.92428571428571,7.23846153846154,7.17058823529412,7.21767857142857,24,49,13,17,56,8808,4437,4371,869,2151,6657,7.34412842529518,7.82718954248366,6.85377331731869,6.94600690448792,7.16855555555555,7.40085927144359,123
"125",2014,8,7.025,48,7.5325,6.6625,6.4,7.35,6.8625,20,28,5,16,32,8856,4457,4399,874,2167,6689,7.34239873193315,7.82586717522998,6.85255584678336,6.94288329519451,7.16989524688509,7.39828377485424,124
"126",2014,9,7.26907894736842,76,7.77931034482759,6.95425531914894,6.79230769230769,7.45357142857143,7.22741935483871,29,47,13,14,62,8932,4486,4446,887,2181,6751,7.34177487348858,7.82556620597414,6.85363094242016,6.94067643742954,7.17171618523613,7.39671458598726,125
"127",2014,10,7.54918032786885,61,7.97333333333333,7.13870967741935,6.66666666666667,7.88888888888889,7.49038461538461,30,31,6,9,52,8993,4516,4477,893,2190,6803,7.34318171577894,7.826547829938,6.855604907304,6.93883538633819,7.17466347031963,7.39743057033661,126
"128",2014,11,7.16510416666667,96,7.77777777777778,6.92536231884058,7.04230769230769,6.978125,7.2025,27,69,13,16,80,9089,4543,4546,906,2206,6883,7.34130082187259,7.82625797930883,6.85666369775627,6.94032008830022,7.17323798730734,7.39516492372512,127
"129",2014,12,7.6213908045977,87,8.08666666666667,7.37650877192982,7.71546153846154,8.73009090909091,7.46092105263158,30,57,13,11,76,9176,4573,4603,919,2217,6959,7.34395642654751,7.8279663240761,6.86310105800565,6.95128509249184,7.18096256202075,7.39588305359965,128
"130",2015,1,7.3911,100,7.59102564102564,7.26327868852459,7.186,7.52058823529412,7.36457831325301,39,61,10,17,83,9276,4612,4664,929,2234,7042,7.34446465825787,7.82596270598439,6.86833494210978,6.95381162540366,7.18354700089526,7.39551408264697,129
"131",2015,2,7.06823529411765,85,7.78035714285714,6.71842105263158,6.925,6.95,7.08581081081081,28,57,12,11,74,9361,4640,4721,941,2245,7116,7.34195643307339,7.8256875,6.86652492480407,6.95344420828906,7.18240267260579,7.39229344716132,130
"132",2015,3,7.50411764705882,85,8.07592592592593,7.23793103448276,6.73076923076923,7.65,7.46764705882353,27,58,13,17,68,9446,4667,4779,954,2262,7184,7.34341564365869,7.82713520462824,6.8710324691358,6.95040985324948,7.18591688770999,7.39300670517817,131
"133",2015,4,7.16708860759494,79,7.84193548387097,6.73125,6.8,7.17647058823529,7.16451612903226,31,48,10,17,62,9525,4698,4827,964,2279,7246,7.34195319370079,7.82723286504896,6.86964246322768,6.94884958506224,7.18584642387012,7.39105163814518,132
"134",2015,5,7.37130434782609,69,7.95357142857143,6.97365853658537,7.34,7.41666666666667,7.36175438596491,28,41,8,12,57,9594,4726,4868,972,2291,7303,7.34216428705441,7.8279813796022,6.8705185230074,6.95206893004115,7.18705543430816,7.39082297275092,133
"135",2015,6,7.20526315789474,57,7.96111111111111,6.85641025641026,6.71111111111111,7.15833333333333,7.21777777777778,18,39,9,12,45,9651,4744,4907,981,2303,7348,7.34135573204849,7.82848650927487,6.87040639290809,6.94985830784914,7.18690577507599,7.38976322400653,134
"136",2015,7,7.49290322580645,62,8.11384615384615,7.04444444444444,7.14,7.14444444444444,7.55207547169811,26,36,5,9,53,9713,4770,4943,986,2312,7401,7.34232308967363,7.83004192872117,6.87167391664981,6.95082251521298,7.18674048442907,7.39092557357114,135
"137",2015,8,7.21666666666667,66,7.712,6.91463414634146,6.6,7.5,7.18305084745763,25,41,8,7,59,9779,4795,4984,994,2319,7460,7.34147501482769,7.82942648592284,6.87202732142857,6.94799899396379,7.18768607158258,7.38928152412869,136
"138",2015,9,6.81254901960784,51,7.40875,6.54,6.78571428571429,6.51111111111111,6.87714285714286,16,35,7,9,42,9830,4811,5019,1001,2328,7502,7.33873084130213,7.82802743712326,6.86971192867105,6.94686413586414,7.1850704467354,7.38641431218342,137
"139",2015,10,7.48481012658228,79,8.12833333333333,7.09081632653061,7.46666666666667,8.5,7.43066666666667,30,49,6,4,75,9909,4841,5068,1007,2332,7577,7.33989546573822,7.82988845279901,6.87184967837411,6.94996127110229,7.18732590051458,7.38685233865646,138
"140",2015,11,7.2625,72,7.65714285714286,7.01136363636364,7.42857142857143,7.8125,7.19375,28,44,7,8,64,9981,4869,5112,1014,2340,7641,7.33933715759944,7.82889505031834,6.87305050273866,6.95326528599606,7.18946324786325,7.38523493914409,139
"141",2015,12,7.36153846153846,91,7.78181818181818,6.96808510638298,6.65,6.6875,7.42650602409639,44,47,4,8,83,10072,4913,5159,1018,2348,7724,7.33953774523431,7.82847343781803,6.87391629579376,6.95207367387034,7.18775298126065,7.38567842698084,140
"142",2016,1,7.37964285714286,112,7.91409090909091,7.03382352941177,6.38888888888889,7.10588235294118,7.42863157894737,44,68,9,17,95,10184,4957,5227,1027,2365,7819,7.33997880695208,7.8292334073028,6.87599658886551,6.9471382667965,7.1871644820296,7.38620030310781,141
"143",2016,2,7.38240506329114,79,7.87366666666667,7.08163265306122,7.07,8.25125,7.28450704225352,30,49,10,8,71,10263,4987,5276,1037,2373,7890,7.3403053853649,7.82950070182474,6.87790640068234,6.94832304725169,7.19075179098188,7.38528519264892,142
"144",2016,3,7.27391304347826,69,7.81428571428571,7.0375,6.75,7.71428571428571,7.2241935483871,21,48,7,7,62,10332,5008,5324,1044,2380,7952,7.33986199864498,7.82943690095847,6.8793452610819,6.94699329501916,7.19229159663865,7.38402919642857,143
"145",2016,4,7.555,60,8.075,7.20833333333333,7.39,7.04166666666667,7.68333333333333,24,36,10,12,48,10392,5032,5360,1054,2392,8000,7.34110413491147,7.83060810810811,6.88155488246269,6.95119639468691,7.19153595317726,7.38582502125,144
"146",2016,5,7.16206896551724,58,7.86470588235294,6.87073170731707,7.14285714285714,7.1875,7.158,17,41,7,8,50,10450,5049,5401,1061,2400,8050,7.34011044688995,7.8307229154288,6.8814727217182,6.95246088595665,7.1915225,7.38440995900621,145
"147",2016,6,7.02352941176471,51,7.81333333333333,6.69444444444444,6,6.28571428571429,7.14090909090909,15,36,3,7,44,10501,5064,5437,1064,2407,8094,7.33857291400819,7.83067140600316,6.88023435166452,6.94977537593985,7.18888824262567,7.38308625772177,146
"148",2016,7,7.47590909090909,66,7.94615384615385,7.17025,6.91428571428571,6.84333333333333,7.66196078431373,26,40,7,15,51,10567,5090,5477,1071,2422,8145,7.33943069650799,7.83126129666012,6.88235241373015,6.94954341736695,7.18674814203138,7.38483243339472,147
"149",2016,8,7.29846153846154,65,8.0921052631579,6.97065217391304,6.5625,6.9,7.37090909090909,19,46,8,10,55,10632,5109,5523,1079,2432,8200,7.33918022667419,7.83223135642983,6.88308784537389,6.94667377201112,7.18556907894737,7.38473904512195,148
"150",2016,9,7.30625,64,7.64444444444444,7.17391304347826,7,7.2625,7.3125,18,46,7,8,56,10696,5127,5569,1086,2440,8256,7.33898318717277,7.83157206943632,6.88549006464356,6.94701749539595,7.18582131147541,7.38424905159884,149
"151",2016,10,7.55,78,8.26428571428571,7.15,6.95,7.75,7.51,28,50,10,13,65,10774,5155,5619,1096,2453,8321,7.34051087525524,7.83392240543162,6.88784377469301,6.9470447080292,7.18881125152874,7.38523136281697,150
"152",2016,11,7.28533333333333,60,7.78347826086957,6.97567567567568,7.125,7.42857142857143,7.26641509433962,23,37,8,7,53,10834,5178,5656,1104,2460,8374,7.34020529536644,7.83369833912707,6.88841834688826,6.94833423913044,7.18949349593496,7.38447936111775,151
"153",2016,12,7.13371212121212,66,7.60192307692308,6.829375,6.54166666666667,7.28125,7.11336206896552,26,40,6,8,58,10900,5204,5696,1110,2468,8432,7.33895496972477,7.83254035357417,6.88800371664326,6.94613603603604,7.18979092382496,7.38261446513283,152
"154",2017,1,7.35579710144928,69,7.87903225806452,6.92894736842105,7.625,7.29,7.37407407407407,31,38,8,15,54,10969,5235,5734,1118,2483,8486,7.33906091439511,7.83281566380134,6.88827505580747,6.95099373881932,7.19039629480467,7.38256011901956,153
"155",2017,2,7.40661764705882,68,7.828,7.16162790697674,6.63636363636364,7.325,7.42777777777778,25,43,11,14,54,11037,5260,5777,1129,2497,8540,7.33947713780918,7.8327927756654,6.89030970572962,6.947928255093,7.19115098117741,7.38284603864169,154
"156",2017,3,7.08571428571429,77,7.42692307692308,6.91176470588235,6.21428571428571,7.05,7.08985507246377,26,51,7,8,69,11114,5286,5828,1136,2505,8609,7.33771901835522,7.83079644343549,6.89049745538779,6.94340757042254,7.1907001996008,7.38049775467534,155
"157",2017,4,6.85932203389831,59,7.37894736842105,6.6125,6.04545454545455,6.12,7.01020408163265,19,40,11,10,49,11173,5305,5868,1147,2515,8658,7.33519280139622,7.829178133836,6.88860244887526,6.93479598953793,7.18644294234592,7.37840207553707,156
"158",2017,5,7.23633846153846,65,7.54833333333333,6.96891428571429,6.875,7.62083333333333,7.14928301886792,30,35,8,12,53,11238,5335,5903,1155,2527,8711,7.33462103310197,7.82759887535145,6.88907863289853,6.93438181818182,7.18850573802928,7.37700805533234,157
"159",2017,6,7.30406779661017,59,7.36363636363636,7.26864864864865,7.5,7.35,7.29469387755102,22,37,6,10,49,11297,5357,5940,1161,2537,8760,7.3344614649907,7.8256934851596,6.89144295791246,6.93730490956073,7.18914229404809,7.37654762214612,158
"160",2017,7,7.08790322580645,62,7.84318181818182,6.6725,7.25,7.10416666666667,7.084,22,40,8,12,50,11359,5379,5980,1169,2549,8810,7.33311569416322,7.82576501208403,6.88997845652174,6.93944482463644,7.18874225186348,7.37488730646992,159
"161",2017,8,7.04157142857143,70,7.625,6.8082,7.07142857142857,7.85714285714286,6.95095238095238,20,50,7,7,63,11429,5399,6030,1176,2556,8873,7.33133005249803,7.82502130024078,6.88930035986733,6.94023044217687,7.19057276995305,7.371877287276,160
"162",2017,9,6.87417910447761,67,7.61125,6.46279069767442,6.3,7.10833333333333,6.85114754098361,24,43,5,6,61,11496,5423,6073,1181,2562,8934,7.32866572459986,7.82407523510972,6.88628044953071,6.9375198983912,7.19038017174083,7.36832182337139,161
"163",2017,10,7.274,75,7.78,7.021,7.12857142857143,7.3,7.27,25,50,7,10,65,11571,5448,6123,1188,2572,8999,7.32831139659493,7.82387298091042,6.88738056018292,6.93864562289563,7.19080637636081,7.36761164240471,162
"164",2017,11,7.20232558139535,86,7.759375,6.87222222222222,6.94444444444444,7,7.232,32,54,9,11,75,11657,5480,6177,1197,2583,9074,7.32738193102856,7.82349635036496,6.88724804435811,6.93868922305765,7.18999380565234,7.36649076151642,163
"165",2017,12,6.93333333333333,66,7.24761904761905,6.78666666666667,6.83333333333333,6.7,6.97017543859649,21,45,6,9,57,11723,5501,6222,1203,2592,9131,7.32516345389405,7.82129794582803,6.8865205994857,6.93816375727349,7.18829243827161,7.36401677472347,164
"166",2018,1,7.18291139240506,79,7.63875,6.71538461538462,6.75,7.28571428571429,7.17291666666667,40,39,10,7,72,11802,5541,6261,1213,2599,9203,7.32421124978817,7.81998014798773,6.88545458712666,6.93661253091509,7.1885548287803,7.36252169618602,165
"167",2018,2,7.33909090909091,55,7.825,7.06142857142857,7,6.5,7.44183673469388,20,35,7,6,49,11857,5561,6296,1220,2605,9252,7.32428027072615,7.81999820176227,6.88643284148666,6.9369762295082,7.1869689059501,7.36294176070039,166
"168",2018,3,7.39722222222222,72,7.86,7.06666666666667,7.02857142857143,7.31818181818182,7.41147540983607,30,42,7,11,61,11929,5591,6338,1227,2616,9313,7.32472052728644,7.82021284206761,6.88762719627643,6.93749877750612,7.18752064220183,7.36325965532052,167
"169",2018,4,7.23965517241379,58,8.13095238095238,6.73378378378378,7.66666666666667,7.6,7.20566037735849,21,37,6,5,53,11987,5612,6375,1233,2621,9366,7.32430893217652,7.82137562366358,6.88673430117647,6.94104703974047,7.18830751621519,7.3623678379244,168
"170",2018,5,7.2,50,7.83888888888889,6.840625,8.5,4.86666666666667,7.34893617021277,18,32,2,3,47,12037,5630,6407,1235,2624,9413,7.32379257040791,7.82143161634103,6.88650400655533,6.94357165991903,7.18565320121951,7.36230077233613,169
"171",2018,6,7.39090909090909,55,8.13157894736842,7,6.71428571428571,6.86363636363636,7.52272727272727,19,36,7,11,44,12092,5649,6443,1242,2635,9457,7.32409784733708,7.82247477429633,6.88713816079466,6.94227938808374,7.18430891840607,7.36304717880934,170
"172",2018,7,7.16170212765957,47,7.75714285714286,6.68076923076923,6.52857142857143,7.08571428571429,7.175,21,26,7,7,40,12139,5670,6469,1249,2642,9497,7.32346908064915,7.8222328042328,6.88630872932447,6.9399607686149,7.18404769114307,7.36225515110034,171
"173",2018,8,7.32682926829268,41,7.9,6.87826086956522,7.5,7.66666666666667,7.23125,18,23,2,9,32,12180,5688,6492,1251,2651,9529,7.32348039162561,7.82247890295358,6.88628021719039,6.94085611510792,7.18568615616748,7.36181521355861,172
"174",2018,9,7.17189583333333,48,8.21361111111111,6.54686666666667,7.83333333333333,8,7.07560465116279,18,30,3,5,43,12228,5706,6522,1254,2656,9572,7.3228853590121,7.82371275849982,6.88471897730758,6.94299122807018,7.18721912650602,7.36052947868784,173
"175",2018,10,7.0591713559322,59,7.6276444,6.64117647058824,6.42,6.86363636363636,7.10398145833333,25,34,5,11,48,12287,5731,6556,1259,2667,9620,7.32161905102954,7.82285746117606,6.88345594417328,6.94091421763305,7.18588451443569,7.3592494054054,174
"176",2018,11,6.99879310344828,58,7.70666666666667,6.75186046511628,6.66625,7.5,6.94096153846154,15,43,8,6,52,12345,5746,6599,1267,2673,9672,7.32010233130822,7.82255414375217,6.88259844976512,6.93917995264404,7.18658959970071,7.3570005459057,175
"177",2018,12,6.97159090909091,44,7.62941176470588,6.55740740740741,6.66666666666667,7.61666666666667,6.86973684210526,17,27,3,6,38,12389,5763,6626,1270,2679,9710,7.31886457986924,7.82198440222106,6.88127334289164,6.93853622047244,7.18755281821575,7.35509364366632,176
"178",2019,1,7.06984126984127,63,7.54782608695652,6.795,6.66666666666667,6.3875,7.16909090909091,23,40,6,8,55,12452,5786,6666,1276,2687,9765,7.31760466431095,7.82089459211891,6.88075565106511,6.9372578369906,7.1851708224786,7.35404600921659,177
"179",2019,2,7.03772727272727,44,7.65733333333333,6.71724137931034,7.13333333333333,6.5,7.0915,15,29,6,4,40,12496,5801,6695,1282,2691,9805,7.31661918053777,7.82047166178245,6.88004737415983,6.93817550702028,7.18415235971758,7.35297493931667,178
"180",2019,3,7.06068965517241,58,8.04181818181818,6.46111111111111,5.66666666666667,7.3,7.01083333333333,22,36,6,10,48,12554,5823,6731,1288,2701,9853,7.31543677552971,7.82130793577194,6.87780674045462,6.93225232919255,7.1845812661977,7.35130815792144,179
"181",2019,4,7.16384615384615,39,7.20266666666667,7.13958333333333,7.4,8.5,7.09162162162162,15,24,5,2,37,12593,5838,6755,1293,2703,9890,7.31496730564599,7.81971841555327,6.87873681273132,6.93406109822119,7.18555456899741,7.35033663094034,180
"182",2019,5,7.31,42,8.02,6.91555555555556,6.78571428571429,7.125,7.31925,15,27,7,2,40,12635,5853,6782,1300,2705,9930,7.31495079382667,7.82023169485734,6.87888339280449,6.93326230769231,7.18550979667283,7.35021140785498,181
"183",2019,6,7.3362,50,7.85625,6.85615384615385,8,7.83444444444444,7.22682926829268,24,26,1,9,41,12685,5877,6808,1301,2714,9971,7.31503455104454,7.82037878339289,6.87879658783784,6.93408224442737,7.18766175386883,7.34970406980243,182
"184",2019,7,7.32741935483871,31,8.225,6.9,5.5,5.7,7.43965517241379,10,21,2,2,29,12716,5887,6829,1303,2716,10000,7.31506474363007,7.82106609648378,6.87886179089179,6.93188104374521,7.18656627393225,7.349964928,183
"185",2019,8,7.3890625,64,7.75909090909091,7.1952380952381,6.17142857142857,7.15454545454545,7.4377358490566,22,42,7,11,53,12780,5909,6871,1310,2727,10053,7.3154353114241,7.82083535454391,6.88079568767283,6.92781755725191,7.1864371103777,7.35042766139461,184
"186",2019,9,7.55480769230769,52,7.91111111111111,7.17,6.25,8.25,7.527,27,25,2,2,50,12832,5936,6896,1312,2729,10103,7.31640533665835,7.82124597540431,6.88184413718098,6.92678429878049,7.18721656284353,7.3513015223201,185
"187",2019,10,7.24166666666667,48,8.015,6.68928571428571,6.83333333333333,5.8,7.4093023255814,20,28,3,5,43,12880,5956,6924,1315,2734,10146,7.31612680745341,7.82189659335124,6.88106544916234,6.9265711026616,7.18467959034382,7.35154733688153,186
"188",2019,11,7.39833333333333,60,7.668,7.20571428571429,6.88888888888889,6.76,7.526,25,35,9,10,50,12940,5981,6959,1324,2744,10196,7.31650798145286,7.82125332051496,6.88269825693347,6.92631495468278,7.18313192419825,7.35240283248333,187
"189",2019,12,7.08666666666667,60,7.67,6.83666666666667,6.25,6.9375,7.10961538461538,18,42,4,8,52,13000,5999,7001,1328,2752,10248,7.31544717538461,7.82079948491415,6.88242210684188,6.92427786144579,7.18241787790697,7.35117088992974,188
"190",2020,1,7.09325581395349,86,7.94518518518518,6.70338983050847,6.70909090909091,7.04769230769231,7.1013698630137,27,59,11,13,73,13086,6026,7060,1339,2765,10321,7.31398695399663,7.82135680550946,6.88092594475921,6.92251008215086,7.18178444846293,7.34940405774634,189
"191",2020,2,7.16363636363636,77,7.48108108108108,6.87,5.16666666666667,7.3,7.14328358208955,37,40,3,10,67,13163,6063,7100,1342,2775,10388,7.31310744359188,7.81928024245423,6.88086439014085,6.91858494783905,7.18221045045045,7.348074632268,190
"192",2020,3,7.30173913043478,46,7.80952380952381,6.8752,7.33333333333333,7.32857142857143,7.29692307692308,21,25,3,7,39,13209,6084,7125,1345,2782,10427,7.31306785373609,7.81924656640368,6.88084451508772,6.91951003717472,7.18257872034507,7.34788331063585,191
"193",2020,4,7.209,50,7.65555555555556,6.9578125,6.33125,7.06363636363636,7.25,18,32,8,11,39,13259,6102,7157,1353,2793,10466,7.31267541141866,7.81876370206489,6.88118865027247,6.91603178122691,7.18211027568922,7.34751856296579,192
"194",2020,5,7.18703703703704,54,7.70454545454545,6.83125,7.5,6.88461538461539,7.28292682926829,22,32,7,13,41,13313,6124,7189,1360,2806,10507,7.31216579884323,7.81835338177661,6.88096636110725,6.9190375,7.18073200285103,7.34726651565623,193
"195",2020,6,7.295,45,7.28229166666667,7.30952380952381,7.16666666666667,7.83333333333333,7.25654761904762,24,21,3,3,42,13358,6148,7210,1363,2809,10549,7.31210797125318,7.81626075309043,6.88221458668516,6.91958253851798,7.18142897828409,7.34690532562328,194
"196",2020,7,7.28070175438596,57,7.71153846153846,6.91935483870968,6.6,7.3875,7.26326530612245,26,31,5,8,49,13415,6174,7241,1368,2817,10598,7.31197452702199,7.8158197457078,6.88237359066428,6.91841447368421,7.18201419950301,7.34651861483299,195
"197",2020,8,7.25746268656716,67,8.225,6.84574468085106,7.6,7.28846153846154,7.25,20,47,7,13,54,13482,6194,7288,1375,2830,10652,7.31170362557484,7.81714096060704,6.88213737239298,6.92188436363637,7.18250318021201,7.34602931656027,196
"198",2020,9,7.21923076923077,65,7.60555555555556,7.07127659574468,7.625,7.46333333333333,7.146,18,47,6,15,50,13547,6212,7335,1381,2845,10702,7.31125993061194,7.81652786703155,6.88334930743013,6.92493917451123,7.18398383128295,7.34509477480845,197
"199",2020,10,7.23620689655172,87,8.02692307692308,6.89918032786885,6.66666666666667,7.27272727272727,7.23092105263158,26,61,9,11,76,13634,6238,7396,1390,2856,10778,7.3107810092416,7.81740479480603,6.88347987696052,6.92326690647482,7.1843256302521,7.34428969010948,198
"200",2020,11,7.13494505494505,91,7.59189189189189,6.82185185185185,6.1875,7.19230769230769,7.12538461538462,37,54,8,13,78,13725,6275,7450,1398,2869,10856,7.30961517522768,7.81607507729083,6.88303317718121,6.919056509299,7.18436179853607,7.34271686440678,199
"201",2020,12,6.95921985815603,141,7.90606060606061,6.66990740740741,7.1375,6.77272727272727,6.9936974789916,33,108,8,22,119,13866,6308,7558,1406,2891,10975,7.30605209000433,7.81654583227647,6.87998771765018,6.92029943100996,7.18122933241093,7.33893250842825,200
"202",2021,1,7.0453125,128,7.79166666666667,6.75326086956522,5,6.23076923076923,7.13739130434783,36,92,5,13,115,13994,6344,7650,1411,2904,11090,7.30366716306989,7.81640465163934,6.87846368235295,6.91349468462084,7.17697451790633,7.33684258611362,201
"203",2021,2,7.15083516483516,91,7.992,6.83221212121212,7,7.30833333333333,7.12691139240506,25,66,3,12,79,14085,6369,7716,1414,2916,11169,7.30267975008874,7.81709390956194,6.8780680624676,6.91367821782179,7.17751508916324,7.33535771152297,202
"204",2021,3,7.01242253521127,71,7.59095238095238,6.76944,7,6.51707692307692,7.12344827586207,21,50,2,13,58,14156,6390,7766,1416,2929,11227,7.30122395309409,7.81635072143975,6.87736868014422,6.91380014124294,7.17458381700239,7.33426296250111,203
"205",2021,4,7.0375,80,7.9952380952381,6.69661016949153,6.45833333333333,7.125,7.02205882352941,21,59,12,12,68,14236,6411,7825,1428,2941,11295,7.29974194155661,7.81693668850413,6.87600577252397,6.90997268907563,7.17438150289017,7.33238338025675,204
"206",2021,5,7.13823529411765,68,7.7304347826087,6.83555555555556,5.25,7.3125,7.115,23,45,2,8,60,14304,6434,7870,1430,2949,11355,7.29897415268456,7.81662746502953,6.87577448157561,6.90765104895105,7.17475618853849,7.3312347230295,205
"207",2021,6,7.325,46,8.1,6.95,6.6,7.87857142857143,7.22564102564103,15,31,5,7,39,14350,6449,7901,1435,2956,11394,7.2990575804878,7.81728657311211,6.87606570940388,6.90657909407666,7.17642286874154,7.3308732912059,206
"208",2021,7,7.1,54,7.62727272727273,6.96511627906977,6.4,7.78571428571429,6.99787234042553,11,43,5,7,47,14404,6460,7944,1440,2963,11441,7.29831132185504,7.81696302012384,6.87654773036254,6.90482013888889,7.17786230172123,7.32950531247269,207
"209",2021,8,6.97595744680851,47,7.96833333333333,6.36,4.5,6.3,7.07487804878049,18,29,2,6,41,14451,6478,7973,1442,2969,11482,7.29726290775725,7.8173836230318,6.87466890380033,6.90148474341193,7.1760882452004,7.32859608778958,208
"210",2021,9,7.04105263157895,57,7.31,6.95348837209302,8,6.56363636363636,7.15521739130435,14,43,1,11,46,14508,6492,8016,1443,2980,11528,7.29625629170113,7.81628945009242,6.87509171282435,6.90224601524602,7.17382751677852,7.3279042574601,209
"211",2021,10,6.82004561643836,73,7.4756665,6.57264150943396,7,6.5625,6.85174353846154,20,53,6,8,65,14581,6512,8069,1449,2988,11593,7.29387213565599,7.81524331081081,6.87310511463627,6.9026507936508,7.17219076305221,7.32523450444234,210
"212",2021,11,6.84019607843137,51,8.1,6.4525641025641,6.42857142857143,6.69375,6.86744186046512,12,39,7,8,43,14632,6524,8108,1456,2996,11636,7.29229084267359,7.81576708154506,6.87108228539714,6.90037156593407,7.1709132176235,7.32354276469577,211
"213",2021,12,7.02453125,64,7.70304347826087,6.64390243902439,7.5,7.32,6.99949152542373,23,41,5,5,59,14696,6547,8149,1461,3001,11695,7.29112476932498,7.81537107682908,6.86993927721193,6.90242368240931,7.17116161279573,7.32190796152202,212
"214",2022,1,6.75063373626374,91,7.50020212121212,6.32415517241379,5.6,6.6,6.75939151162791,33,58,5,5,86,14787,6580,8207,1466,3006,11781,7.287798558193,7.81379044224924,6.86608214572926,6.89798158253752,7.17021157684631,7.31780165350989,213
"215",2022,2,7.13757142857143,70,7.95,6.71369565217391,6.3,7.80375,7.05161290322581,24,46,5,8,62,14857,6604,8253,1471,3014,11843,7.28709075048798,7.81428544972744,6.86523278444202,6.89594901427601,7.17189316522893,7.31640811280925,214
"216",2022,3,6.87639285714286,56,7.48823529411765,6.60969230769231,6.5776,5.809,7.1084347826087,17,39,5,10,46,14913,6621,8292,1476,3024,11889,7.28554853349426,7.81344828726778,6.86403089363242,6.89487059620597,7.16738624338624,7.31560343847254,215
"217",2022,4,7.17456140350877,57,7.71590909090909,6.83428571428571,5.125,6.1,7.27788461538462,22,35,4,5,52,14970,6643,8327,1480,3029,11941,7.28512593720775,7.81312526117718,6.86390586886034,6.89008716216217,7.16562429844833,7.31543918264802,216
"218",2022,5,6.86533333333333,75,7.51363636363636,6.59622641509434,6.75,6.97777777777778,6.85,22,53,4,9,66,15045,6665,8380,1484,3038,12007,7.28303325224327,7.81213670067517,6.86221290811456,6.88970956873316,7.16506780776827,7.31288075955692,217
"219",2022,6,7.05245901639344,61,7.9125,6.74666666666667,6.58333333333333,7.66666666666667,6.90204081632653,16,45,6,12,49,15106,6681,8425,1490,3050,12056,7.28210216337879,7.81237705582997,6.86159574718101,6.88847583892618,7.16704131147541,7.31121095554081,218
"220",2022,7,7.2028813559322,59,7.83684210526316,6.90175,6,6.825,7.2621568627451,19,40,4,8,51,15165,6700,8465,1494,3058,12107,7.28179395186284,7.81244643432836,6.86178548966332,6.88609705488622,7.16614650098103,7.31100431816304,219
"221",2022,8,6.96031746031746,63,7.8625,6.6531914893617,6.84,7.85,6.83090909090909,16,47,5,8,55,15228,6716,8512,1499,3066,12162,7.28046396637772,7.81256568046456,6.86063371358083,6.88594329553036,7.16793085453359,7.30883319190922,220
"222",2022,9,7.09264705882353,34,8.23181818181818,6.54782608695652,NA,8.18333333333333,6.98709677419355,11,23,0,3,31,15262,6727,8535,1499,3069,12193,7.28004555628358,7.81325124275309,6.8597907639133,6.88594329553036,7.16892342782665,7.30801519560403,221
"223",2022,10,7.01525423728814,59,7.71666666666667,6.70731707317073,6.9,7.4,6.946,18,41,5,9,50,15321,6745,8576,1504,3078,12243,7.2790258651524,7.81299349295775,6.8590618201959,6.88599002659575,7.16959909031839,7.30653673772768,222
"224",2022,11,7.04435897435897,78,7.876,6.65207547169811,6.83333333333333,6.4,7.12840579710145,25,53,3,9,69,15399,6770,8629,1507,3087,12312,7.27783721540359,7.81322616100443,6.85779049368409,6.88588520238886,7.16735536119209,7.30553844054581,223
"225",2022,12,7.3983908045977,87,7.714,7.27112903225806,7.3125,7.68333333333333,7.3528,25,62,8,12,75,15486,6795,8691,1515,3099,12387,7.27851448275862,7.81286109050773,6.86073917500863,6.88813795379538,7.16935333978703,7.30582459675466,224
