"","year","month","avg_rating","no_ratings","avg_rating_owned","avg_rating_not_owned","avg_rating_prev_owned","avg_rating_comment","avg_rating_no_comment","no_ratings_owned","no_ratings_not_owned","no_ratings_prev_owned","no_ratings_comment","no_ratings_no_comment","cum_no_ratings","cum_no_ratings_owned","cum_no_ratings_not_owned","cum_no_ratings_prev_owned","cum_no_ratings_comment","cum_no_ratings_no_comment","cum_avg_rating","cum_avg_rating_owned","cum_avg_rating_not_owned","cum_avg_rating_prev_owned","cum_avg_rating_comment","cum_avg_rating_no_comment","month_after_release"
"1",2004,4,5,1,NA,5,5,NA,5,0,1,1,0,1,1,0,1,1,0,1,5,NA,5,5,NA,5,-6
"2",2004,5,7.33333333333333,3,7.33333333333333,NA,NA,7,7.5,3,0,0,1,2,4,3,1,1,1,3,6.75,7.33333333333333,5,5,7,6.66666666666667,-5
"3",2004,6,5.875,4,6.5,5.25,NA,7,5.5,2,2,0,1,3,8,5,3,1,2,6,6.3125,7,5.16666666666667,5,7,6.08333333333333,-4
"4",2004,7,7.25,2,8,6.5,NA,6.5,8,1,1,0,1,1,10,6,4,1,3,7,6.5,7.16666666666667,5.5,5,6.83333333333333,6.35714285714286,-3
"5",2004,8,6.625,4,6.83333333333333,6,NA,6,6.83333333333333,3,1,0,1,3,14,9,5,1,4,10,6.53571428571429,7.05555555555556,5.6,5,6.625,6.5,-2
"6",2004,9,7,1,NA,7,NA,7,NA,0,1,0,1,0,15,9,6,1,5,10,6.56666666666667,7.05555555555556,5.83333333333333,5,6.7,6.5,-1
"7",2004,10,7.3,5,7.125,8,8,7,7.375,4,1,1,1,4,20,13,7,2,6,14,6.75,7.07692307692308,6.14285714285714,6.5,6.75,6.75,0
"8",2004,11,6,7,7.25,4.33333333333333,NA,5.5,6.2,4,3,0,2,5,27,17,10,2,8,19,6.55555555555556,7.11764705882353,5.6,6.5,6.4375,6.60526315789474,1
"9",2004,12,5.83333333333333,3,6.25,5,NA,5.5,6.5,2,1,0,2,1,30,19,11,2,10,20,6.48333333333333,7.02631578947368,5.54545454545455,6.5,6.25,6.6,2
"10",2005,1,6.2,5,7,5.66666666666667,NA,5,7,2,3,0,2,3,35,21,14,2,12,23,6.44285714285714,7.02380952380952,5.57142857142857,6.5,6.04166666666667,6.65217391304348,3
"11",2005,2,7,2,8,6,6,6,8,1,1,1,1,1,37,22,15,3,13,24,6.47297297297297,7.06818181818182,5.6,6.33333333333333,6.03846153846154,6.70833333333333,4
"12",2005,3,6.52,5,6.86666666666667,6,NA,NA,6.52,3,2,0,0,5,42,25,17,3,13,29,6.47857142857143,7.044,5.64705882352941,6.33333333333333,6.03846153846154,6.67586206896552,5
"13",2005,4,4.66666666666667,3,6,4,NA,5,4.5,1,2,0,1,2,45,26,19,3,14,31,6.35777777777778,7.00384615384615,5.47368421052632,6.33333333333333,5.96428571428571,6.53548387096774,6
"14",2005,5,6.49705882352941,17,6.89166666666667,5.55,5.5,6.34375,6.63333333333333,12,5,1,8,9,62,38,24,4,22,40,6.39596774193548,6.96842105263158,5.48958333333333,6.125,6.10227272727273,6.5575,7
"15",2005,6,6.15,10,6.875,5.66666666666667,7,6.41666666666667,5.75,4,6,1,6,4,72,42,30,5,28,44,6.36180555555556,6.95952380952381,5.525,6.3,6.16964285714286,6.48409090909091,8
"16",2005,7,6.70454545454545,11,6.90625,6.16666666666667,NA,6.75,6.66666666666667,8,3,0,5,6,83,50,33,5,33,50,6.40722891566265,6.951,5.58333333333333,6.3,6.25757575757576,6.506,9
"17",2005,8,6.3,20,6.68181818181818,5.83333333333333,NA,6.23076923076923,6.42857142857143,11,9,0,13,7,103,61,42,5,46,57,6.38640776699029,6.90245901639344,5.63690476190476,6.3,6.25,6.49649122807018,10
"18",2005,9,6.8125,24,7.32142857142857,6.1,6,6.89285714285714,6.7,14,10,1,14,10,127,75,52,6,60,67,6.46692913385827,6.98066666666667,5.72596153846154,6.25,6.4,6.52686567164179,11
"19",2005,10,6.12142857142857,14,6.37,5.5,NA,6.16666666666667,6.0875,10,4,0,6,8,141,85,56,6,66,75,6.43262411347518,6.90882352941177,5.70982142857143,6.25,6.37878787878788,6.48,12
"20",2005,11,6.66666666666667,18,6.92307692307692,6,8.5,6.57142857142857,6.72727272727273,13,5,1,7,11,159,98,61,7,73,86,6.45911949685535,6.91071428571429,5.73360655737705,6.57142857142857,6.3972602739726,6.51162790697674,13
"21",2005,12,6.58823529411765,17,6.9375,6.27777777777778,NA,6.1875,6.94444444444444,8,9,0,8,9,176,106,70,7,81,95,6.47159090909091,6.9127358490566,5.80357142857143,6.57142857142857,6.37654320987654,6.55263157894737,14
"22",2006,1,7.09545454545455,22,7.18,6.25,7.5,7.36363636363636,6.82727272727273,20,2,1,11,11,198,126,72,8,92,106,6.54090909090909,6.95515873015873,5.81597222222222,6.6875,6.4945652173913,6.5811320754717,15
"23",2006,2,6.34615384615385,13,6.6,5.5,NA,5.91666666666667,6.71428571428571,10,3,0,6,7,211,136,75,8,98,113,6.52890995260663,6.92904411764706,5.80333333333333,6.6875,6.45918367346939,6.58938053097345,16
"24",2006,3,6.24,15,6.51,5.7,NA,6.02,6.35,10,5,0,5,10,226,146,80,8,103,123,6.50973451327434,6.90034246575343,5.796875,6.6875,6.4378640776699,6.56991869918699,17
"25",2006,4,6.4,10,6.42857142857143,6.33333333333333,7,6.5,6.35714285714286,7,3,1,3,7,236,153,83,9,106,130,6.50508474576271,6.87875816993464,5.81626506024096,6.72222222222222,6.43962264150943,6.55846153846154,18
"26",2006,5,6.4,20,6.8,5.2,7,5.81818181818182,7.11111111111111,15,5,1,11,9,256,168,88,10,117,139,6.496875,6.87172619047619,5.78125,6.75,6.38119658119658,6.59424460431655,19
"27",2006,6,6.47619047619048,21,6.83333333333333,6,NA,6.45454545454545,6.5,12,9,0,11,10,277,180,97,10,128,149,6.49530685920578,6.86916666666667,5.80154639175258,6.75,6.3875,6.58791946308725,20
"28",2006,7,6.5,15,6.95454545454545,5.25,NA,6.91666666666667,6.22222222222222,11,4,0,6,9,292,191,101,10,134,158,6.49554794520548,6.87408376963351,5.77970297029703,6.75,6.41119402985075,6.56708860759494,21
"29",2006,8,6.61666666666667,21,7.19666666666667,5.16666666666667,NA,6,6.925,15,6,0,7,14,313,206,107,10,141,172,6.50367412140575,6.89757281553398,5.74532710280374,6.75,6.39078014184397,6.59622093023256,22
"30",2006,9,6.356,25,6.82,5.66,6.16666666666667,6.46923076923077,6.23333333333333,15,10,3,13,12,338,221,117,13,154,184,6.49275147928994,6.89230769230769,5.73803418803419,6.61538461538461,6.3974025974026,6.57255434782609,23
"31",2006,10,6.91034482758621,29,7.02352941176471,6.75,6.5,7.06666666666667,6.74285714285714,17,12,2,15,14,367,238,129,15,169,198,6.52574931880109,6.90168067226891,5.83217054263566,6.6,6.45680473372781,6.58459595959596,24
"32",2006,11,6.80666666666667,30,7.26315789473684,6.01818181818182,6,6.83333333333333,6.78,19,11,2,15,15,397,257,140,17,184,213,6.54697732997481,6.9284046692607,5.84678571428571,6.52941176470588,6.4875,6.59835680751174,25
"33",2006,12,6.83157894736842,38,6.96896551724138,6.38888888888889,6,6.66666666666667,6.88275862068966,29,9,1,9,29,435,286,149,18,193,242,6.57183908045977,6.93251748251748,5.87953020134228,6.5,6.49585492227979,6.63243801652893,26
"34",2007,1,6.88620689655172,58,7.1219512195122,6.31764705882353,6,6.88823529411765,6.88536585365854,41,17,1,17,41,493,327,166,19,210,283,6.60882352941176,6.95626911314985,5.92439759036145,6.47368421052632,6.52761904761905,6.66908127208481,27
"35",2007,2,6.63247571428571,28,7.26666666666667,5.90071692307692,6.5,7.01111111111111,6.45312210526316,15,13,2,9,19,521,342,179,21,219,302,6.61009466410748,6.96988304093567,5.92267776536313,6.47619047619048,6.54748858447489,6.65549443708609,28
"36",2007,3,6.540625,32,6.92222222222222,6.05,6.25,6.27272727272727,6.68095238095238,18,14,2,11,21,553,360,193,23,230,323,6.60607471971067,6.9675,5.93191357512953,6.45652173913043,6.53434782608696,6.65714959752322,29
"37",2007,4,6.75911764705882,34,7.03375,6.1,5,6.60916666666667,6.84090909090909,24,10,1,12,22,587,384,203,24,242,345,6.61493921635434,6.971640625,5.94019369458128,6.39583333333333,6.53805785123967,6.6688675942029,30
"38",2007,5,6.21818181818182,33,7.00909090909091,4.63636363636364,4,6.36153846153846,6.125,22,11,1,13,20,620,406,214,25,255,365,6.59382148387097,6.97366995073892,5.87317439252336,6.3,6.52905882352941,6.63906663013699,31
"39",2007,6,6.49428571428571,35,6.92608695652174,5.66666666666667,6.25,6.60714285714286,6.41904761904762,23,12,4,14,21,655,429,226,29,269,386,6.58850277862595,6.97111888111888,5.86220938053097,6.29310344827586,6.53312267657993,6.62709668393782,32
"40",2007,7,6.19594594594595,37,6.7625,5.52941176470588,5.125,5.80882352941176,6.525,20,17,4,17,20,692,449,243,33,286,406,6.56751346820809,6.96182628062361,5.83892724279835,6.15151515151515,6.49006993006993,6.62206729064039,33
"41",2007,8,6.48611111111111,36,6.69230769230769,5.95,4,6.78571428571429,6.29545454545455,26,10,1,14,22,728,475,253,34,300,428,6.56348807692308,6.94707368421053,5.84331747035573,6.08823529411765,6.50386666666667,6.60527878504673,34
"42",2007,9,6.51935483870968,31,6.71578947368421,6.20833333333333,NA,6.5,6.52727272727273,19,12,0,9,22,759,494,265,34,309,450,6.56168553359684,6.93817813765182,5.85984649056604,6.08823529411765,6.50375404530744,6.60146515555556,35
"43",2007,10,6.54615384615385,39,6.85769230769231,5.92307692307692,6,6.54545454545455,6.54642857142857,26,13,1,11,28,798,520,278,35,320,478,6.56092646616541,6.93415384615385,5.86280330935252,6.08571428571429,6.5051875,6.59824125523013,36
"44",2007,11,6.48529411764706,51,6.47916666666667,6.5,6.5,6.60714285714286,6.43918918918919,36,15,2,14,37,849,556,293,37,334,515,6.55638318021201,6.90469424460432,5.8954243003413,6.10810810810811,6.50946107784431,6.58681421359223,37
"45",2007,12,6.55384615384615,52,6.92903225806452,6,7,6.58888888888889,6.53529411764706,31,21,2,18,34,901,587,314,39,352,549,6.55623675915649,6.90597955706985,5.90241821656051,6.15384615384615,6.51352272727273,6.58362353369763,38
"46",2008,1,6.70204081632653,49,6.90666666666667,6.37894736842105,6.44,6.91666666666667,6.57741935483871,30,19,5,18,31,950,617,333,44,370,580,6.56375717894737,6.90601296596434,5.92960756756757,6.18636363636364,6.53313513513513,6.58329193103448,39
"47",2008,2,6.63617021276596,47,7.01612903225806,5.9,6.3,6.43181818181818,6.816,31,16,3,22,25,997,648,349,47,392,605,6.56717083249749,6.91128086419753,5.92825020057307,6.1936170212766,6.52744897959184,6.59290796694215,40
"48",2008,3,6.88823529411765,34,7.16818181818182,6.375,7,6.78461538461538,6.95238095238095,22,12,1,13,21,1031,670,361,48,405,626,6.57775879728419,6.91971641791045,5.94310060941828,6.21041666666667,6.5357037037037,6.60496696485623,41
"49",2008,4,6.5,31,6.6952380952381,6.09,6,6.54166666666667,6.47368421052632,21,10,1,12,19,1062,691,371,49,417,645,6.57548900188324,6.91289435600579,5.94706016172507,6.20612244897959,6.53587529976019,6.60109972093023,42
"50",2008,5,6.64782608695652,46,6.97096774193548,5.98,NA,6.98461538461538,6.51515151515152,31,15,0,13,33,1108,722,386,49,430,678,6.57849216606498,6.91538781163435,5.94834020725389,6.20612244897959,6.54944186046512,6.59691640117994,43
"51",2008,6,6.73055555555556,36,6.95384615384615,6.15,NA,6.65333333333333,6.78571428571429,26,10,0,15,21,1144,748,396,49,445,699,6.58327737762238,6.91672459893048,5.95343262626263,6.20612244897959,6.55294382022472,6.60258844062947,44
"52",2008,7,6.65744680851064,47,7.11666666666667,5.84705882352941,5.5625,6.88888888888889,6.60263157894737,30,17,8,9,38,1191,778,413,57,454,737,6.58620429890848,6.92443444730077,5.94905404358354,6.11578947368421,6.55960352422907,6.60259066485753,45
"53",2008,8,6.69905660377358,53,6.93333333333333,6.3125,6.15,6.76388888888889,6.66571428571429,33,20,8,18,35,1244,811,433,65,472,772,6.59101231511254,6.92479654747226,5.96584138568129,6.12,6.56739406779661,6.60545248704663,46
"54",2008,9,6.56603773584906,53,6.77931034482759,6.30833333333333,6.54166666666667,6.51739130434783,6.60333333333333,29,24,12,23,30,1297,840,457,77,495,802,6.58999176561295,6.91977380952381,5.98382783369803,6.18571428571429,6.56507070707071,6.60537321695761,47
"55",2008,10,6.66517857142857,56,6.91176470588235,6.28409090909091,6.3125,6.89772727272727,6.51470588235294,34,22,8,22,34,1353,874,479,85,517,836,6.59310371027347,6.91946224256293,5.99761862212944,6.19764705882353,6.57922630560928,6.60168578947368,48
"56",2008,11,6.642,50,7.19310344827586,5.88095238095238,6,6.46666666666667,6.71714285714286,29,21,6,15,35,1403,903,500,91,532,871,6.5948462722737,6.92825027685493,5.99271864,6.18461538461538,6.57605263157895,6.60632528128588,49
"57",2008,12,6.83125,64,7.34285714285714,5.85454545454545,5.16666666666667,6.71428571428571,6.88837209302326,42,22,3,21,43,1467,945,522,94,553,914,6.6051597273347,6.94667724867725,5.98689524904215,6.15212765957447,6.58130198915009,6.61959444201313,50
"58",2009,1,6.75882352941176,85,7.00535714285714,6.28275862068966,6.61538461538461,6.86451612903226,6.69814814814815,56,29,13,31,54,1552,1001,551,107,584,968,6.6135755927835,6.94996003996004,6.00246700544465,6.20841121495327,6.59633561643836,6.62397657024793,51
"59",2009,2,6.32935483870968,93,6.60754716981132,5.96075,5.72222222222222,5.90625,6.41727272727273,53,40,9,16,77,1645,1054,591,116,600,1045,6.59750718541033,6.93274193548387,5.99964351945854,6.17068965517241,6.57793333333333,6.60874576076555,52
"60",2009,3,6.73827160493827,81,7.01818181818182,6.14615384615385,6,6.70909090909091,6.74915254237288,55,26,6,22,59,1726,1109,617,122,622,1104,6.60411316338354,6.93697926059513,6.00581737439222,6.16229508196721,6.58257234726688,6.61624938405797,53
"61",2009,4,6.61089743589744,78,6.88068181818182,6.26176470588235,6.42857142857143,6.895,6.51293103448276,44,34,7,20,58,1804,1153,651,129,642,1162,6.60440649667406,6.93483087597572,6.01918482334869,6.17674418604651,6.59230529595016,6.61109235800344,54
"62",2009,5,6.76287878787879,66,7.09473684210526,6.3125,6.55,7.046875,6.672,38,28,5,16,50,1870,1191,679,134,658,1212,6.60999963636363,6.939932829555,6.03128029455081,6.19067164179104,6.60335866261398,6.61360504950495,55
"63",2009,6,6.78658536585366,82,7.17,6.1875,6.10833333333333,6.78260869565217,6.78813559322034,50,32,6,23,59,1952,1241,711,140,681,1271,6.61741768442623,6.94920225624496,6.03831127988748,6.18714285714286,6.60941262848752,6.62170678206137,56
"64",2009,7,6.86465647058824,85,7.14375,6.32571724137931,5.75,6.85945384615385,6.86694915254237,56,29,8,26,59,2037,1297,740,148,707,1330,6.62773447226313,6.95760215882806,6.04957448648649,6.16351351351351,6.61860792079208,6.63258595488722,57
"65",2009,8,6.5320987654321,81,6.87083333333333,6.03939393939394,6.2,6.82631578947368,6.44193548387097,48,33,11,19,62,2118,1345,773,159,726,1392,6.62407701605288,6.95450557620818,6.0491398706339,6.16603773584906,6.62404380165289,6.62409433908046,58
"66",2009,9,6.55434782608696,92,6.93396226415094,6.03846153846154,6.25833333333333,6.42105263157895,6.58904109589041,53,39,12,19,73,2210,1398,812,171,745,1465,6.62117426244344,6.95372675250358,6.04862699507389,6.17251461988304,6.61886684563758,6.62234765870307,59
"67",2009,10,6.60121951219512,82,6.77962962962963,6.25714285714286,5.92727272727273,6.40434782608696,6.67796610169492,54,28,11,23,59,2292,1452,840,182,768,1524,6.62046034904014,6.9472520661157,6.05557752380953,6.15769230769231,6.61244244791667,6.62450086614173,60
"68",2009,11,6.74529914529915,117,6.98169014084507,6.3804347826087,6.39285714285714,7,6.69591836734694,71,46,14,19,98,2409,1523,886,196,787,1622,6.62652350352843,6.94885751805647,6.0724437020316,6.17448979591837,6.62179898348158,6.62881585696671,61
"69",2009,12,6.76775700934579,107,7.14769230769231,6.1797619047619,5.83928571428571,6.99545454545455,6.70882352941176,65,42,14,22,85,2516,1588,928,210,809,1707,6.63252985691574,6.95699622166247,6.07730077586207,6.15214285714286,6.63196019777503,6.63279983596954,62
"70",2010,1,6.71327433628319,113,7.10067567567568,5.97820512820513,5.8,6.70384615384615,6.71609195402299,74,39,12,26,87,2629,1662,967,222,835,1794,6.6360004260175,6.96339350180506,6.07330415718718,6.13310810810811,6.63419856287425,6.63683908584169,63
"71",2010,2,6.61395348837209,86,7.0265306122449,6.06756756756757,5.9,6.86923076923077,6.56849315068493,49,37,5,13,73,2715,1711,1004,227,848,1867,6.63530206998158,6.9652016364699,6.07309274900398,6.12797356828194,6.6378016509434,6.63416674879486,64
"72",2010,3,7.02777777777778,81,7.184375,6.8,6.425,7.40476190476191,6.89583333333333,48,33,8,21,60,2796,1759,1037,235,869,1927,6.64667207439199,6.97118249005117,6.09622480231437,6.13808510638298,6.65633578826237,6.64231412558381,65
"73",2010,4,6.79683544303797,79,7.07959183673469,6.335,6.00714285714286,6.825,6.78968253968254,49,30,7,16,63,2875,1808,1067,242,885,1990,6.6507983026087,6.97412057522124,6.10293825679475,6.13429752066116,6.65938508474576,6.64697955778894,66
"74",2010,5,6.792,75,7.15,6.28387096774194,6.2,6.44444444444444,6.90175438596491,44,31,5,18,57,2950,1852,1098,247,903,2047,6.65438817627119,6.97829913606911,6.10804655737705,6.13562753036437,6.65510055370986,6.65407392281387,67
"75",2010,6,6.40803571428571,56,6.73833333333333,6.02692307692308,6.05555555555556,6,6.457,30,26,9,6,50,3006,1882,1124,256,909,2097,6.64979877578177,6.97447396386823,6.10617003558719,6.1328125,6.65077645764576,6.64937497377206,68
"76",2010,7,6.55357142857143,56,7.11111111111111,6.03448275862069,5.86363636363636,6.40909090909091,6.64705882352941,27,29,11,22,34,3062,1909,1153,267,931,2131,6.64803890267799,6.97640649554741,6.10436697311362,6.12172284644195,6.64506530612245,6.64933801970906,69
"77",2010,8,6.7455,100,7.05094339622642,6.40106382978723,6.37692307692308,6.47,6.814375,53,47,13,20,80,3162,1962,1200,280,951,2211,6.65112116382037,6.97841997961264,6.1159876,6.13357142857143,6.64138359621451,6.6553095070104,70
"78",2010,9,6.55945945945946,74,6.95121951219512,6.07272727272727,6.20416666666667,6.42647058823529,6.59912280701754,41,33,12,17,57,3236,2003,1233,292,968,2268,6.64902506798517,6.97786320519221,6.1148297810219,6.13647260273973,6.63760929752066,6.65389740740741,71
"79",2010,10,6.72411764705882,85,7.31170212765957,5.99736842105263,5.42857142857143,6.69722222222222,6.73134328358209,47,38,7,18,67,3321,2050,1271,299,986,2335,6.65094704004818,6.98551707317073,6.11131795436664,6.11989966555184,6.63869756592292,6.65611962312634,72
"80",2010,11,6.52631578947368,114,7.00862068965517,6.02678571428571,6.19230769230769,6.31666666666667,6.58222222222222,58,56,13,24,90,3435,2108,1327,312,1010,2425,6.64681080640466,6.98615275142315,6.10775065561417,6.12291666666667,6.63104534653465,6.65337703917526,73
"81",2010,12,6.79260869565217,115,7.18521126760563,6.15909090909091,6.27777777777778,7.136,6.69722222222222,71,44,18,25,90,3550,2179,1371,330,1035,2515,6.65153383661972,6.99263882514915,6.10939833698031,6.13136363636364,6.64324231884058,6.65494605168986,74
"82",2011,1,6.76532258064516,124,7.17037037037037,6.00232558139535,6,7.03809523809524,6.70970873786408,81,43,7,21,103,3674,2260,1414,337,1056,2618,6.65537428415896,6.99900884955752,6.10614223479491,6.12863501483679,6.65109450757576,6.65710058059587,75
"83",2011,2,6.74854368932039,103,7.08833333333333,6.27441860465116,6.27777777777778,6.42307692307692,6.79555555555556,60,43,9,13,90,3777,2320,1457,346,1069,2708,6.65791504368547,7.00131896551724,6.11110852436513,6.13251445086705,6.64832160898036,6.66170211225997,76
"84",2011,3,6.92129310344828,116,7.30802816901408,6.31111111111111,6.06,7.1625,6.85836956521739,71,45,15,24,92,3893,2391,1502,361,1093,2800,6.66576293860776,7.01042659974906,6.11710061251664,6.12950138504155,6.65961189387008,6.66816404285714,77
"85",2011,4,6.84769879518072,83,7.04240740740741,6.48513793103448,6.375,6.716,6.88950793650794,54,29,10,20,63,3976,2445,1531,371,1113,2863,6.66956089537223,7.01113292433538,6.1240719268452,6.13611859838275,6.6606251572327,6.67303469088369,78
"86",2011,5,6.73045454545455,110,7.1578125,6.13586956521739,5.11111111111111,6.836,6.69941176470588,64,46,9,25,85,4086,2509,1577,380,1138,2948,6.67120022515908,7.0148744519729,6.12441605580215,6.11184210526316,6.66447785588752,6.6737952238806,79
"87",2011,6,6.94611650485437,103,7.18,6.45,6.025,6.94565217391304,6.94625,70,33,10,23,80,4189,2579,1610,390,1161,3028,6.67795992360945,7.01935633966654,6.13108951552795,6.10961538461538,6.6700480620155,6.6809935006605,80
"88",2011,7,6.51571428571429,84,6.92333333333333,5.97222222222222,6.15,6.12052631578947,6.63123076923077,48,36,10,19,65,4273,2627,1646,400,1180,3093,6.67477044699274,7.01760182717929,6.12761489671932,6.110625,6.66119983050847,6.67994772712577,81
"89",2011,8,6.60247619047619,105,6.95835616438356,5.790625,5.5,6.438,6.64117647058824,73,32,5,20,85,4378,2700,1678,405,1200,3178,6.67303657377798,7.016,6.1211883909416,6.10308641975308,6.65747983333333,6.67891073631214,82
"90",2011,9,6.47173913043478,92,7.26458333333333,5.60681818181818,5.45,5.95652173913043,6.64347826086957,48,44,20,23,69,4470,2748,1722,425,1223,3247,6.66889353914989,7.02034206695779,6.10804536585366,6.07235294117647,6.64429746524939,6.67815778256852,83
"91",2011,10,6.63715596330275,109,7.24083333333333,5.89795918367347,5.61538461538461,6.35625,6.68548387096774,60,49,13,16,93,4579,2808,1771,438,1239,3340,6.66813804760865,7.02505341880342,6.10223270468662,6.0587899543379,6.64057772397094,6.67836177245509,84
"92",2011,11,6.70701754385965,114,7.18833333333333,6.17222222222222,6.32727272727273,6.52777777777778,6.740625,60,54,11,18,96,4693,2868,1825,449,1257,3436,6.66908248881312,7.02846931659693,6.10430362739726,6.06536748329621,6.63896245027844,6.68010137369034,85
"93",2011,12,6.63347457627119,118,6.90208333333333,6.21304347826087,6.48333333333333,6.79375,6.59255319148936,72,46,12,24,94,4811,2940,1871,461,1281,3530,6.66820912907919,7.02537414965986,6.10697708177445,6.07624728850325,6.64186245120999,6.67777006232295,86
"94",2012,1,6.77327044025157,159,7.08666666666667,6.16388888888889,5.89090909090909,6.615,6.79604316546763,105,54,11,20,139,4970,3045,1925,472,1301,3669,6.67157024547284,7.02748768472906,6.10857356883117,6.07192796610169,6.64144950038432,6.68225083674026,87
"95",2012,2,6.45797872340426,94,6.87545454545455,5.86923076923077,5.69090909090909,5.66666666666667,6.60822784810127,55,39,11,15,79,5064,3100,1964,483,1316,3748,6.66760547393365,7.02479032258064,6.10382083503055,6.06325051759834,6.63033875379939,6.68069058697972,88
"96",2012,3,6.71527777777778,108,6.92421875,6.41136363636364,6.34615384615385,6.33333333333333,6.76302083333333,64,44,13,12,96,5172,3164,2008,496,1328,3844,6.6686009512761,7.02275600505689,6.11055982071713,6.07066532258064,6.62765496987952,6.68274670135276,89
"97",2012,4,6.88969072164948,97,7.10163934426229,6.53055555555556,5.94444444444444,6.76666666666667,6.91219512195122,61,36,9,15,82,5269,3225,2044,505,1343,3926,6.67267111785918,7.0242480620155,6.11795700587084,6.06841584158416,6.62920759493671,6.68753905247071,90
"98",2012,5,7.05842105263158,95,7.25181818181818,6.7925,6.08333333333333,7.09642857142857,7.05185185185185,55,40,6,14,81,5364,3280,2084,511,1357,4007,6.67950300521999,7.02806402439024,6.13090408829175,6.06859099804305,6.63402785556374,6.69490349887696,91
"99",2012,6,6.72739726027397,73,7.15454545454545,6.07931034482759,6.47777777777778,6.59285714285714,6.7593220338983,44,29,9,14,59,5437,3324,2113,520,1371,4066,6.68014605848814,7.02973826714801,6.1301959867487,6.07567307692308,6.63360743982494,6.69583824889326,92
"100",2012,7,6.70464646464646,99,7.05,6.01393939393939,6.16666666666667,6.41666666666667,6.74436781609195,66,33,9,12,87,5536,3390,2146,529,1383,4153,6.68058419797688,7.03013274336283,6.12840825722274,6.07722117202268,6.63172509038322,6.69685488080905,93
"101",2012,8,6.42177678571429,112,6.78360655737705,5.989,6,6.21875,6.45561458333333,61,51,6,16,96,5648,3451,2197,535,1399,4249,6.67545203966006,7.02577513764126,6.12517210741921,6.07635514018692,6.62700200142959,6.69140440574253,94
"102",2012,9,6.81896551724138,87,6.99074074074074,6.53787878787879,6.53571428571429,6.73,6.8375,54,33,7,15,72,5735,3505,2230,542,1414,4321,6.67762914036617,7.02523537803138,6.13127942600897,6.08228782287823,6.6280946251768,6.69383876880352,95
"103",2012,10,6.43526785714286,112,6.828125,5.91145833333333,6.33333333333333,6.20454545454545,6.49166666666667,64,48,15,22,90,5847,3569,2278,557,1436,4411,6.6729866803489,7.02170075651443,6.12664755048288,6.08904847396768,6.62160571030641,6.68971374291544,96
"104",2012,11,6.68538461538462,130,6.85121951219512,6.40208333333333,6.31818181818182,6.38461538461539,6.71880341880342,82,48,11,13,117,5977,3651,2326,568,1449,4528,6.67325633595449,7.01787181594084,6.13233152192605,6.09348591549296,6.61947950310559,6.6904653975265,97
"105",2012,12,6.51508064516129,124,6.98189873417722,5.69555555555556,5.84615384615385,6.28,6.57444444444444,79,45,13,25,99,6101,3730,2371,581,1474,4627,6.67004148828061,7.01710991957104,6.12404180514551,6.08795180722892,6.61372170963365,6.68798299546142,98
"106",2013,1,6.74691011235955,178,7.01280991735537,6.18245614035088,6.24166666666667,6.61451612903226,6.77482993197279,121,57,12,31,147,6279,3851,2428,593,1505,4774,6.67222059563625,7.01697481173721,6.12541314662273,6.09106239460371,6.6137380730897,6.6906571679933,99
"107",2013,2,6.71623931623932,117,7.04264705882353,6.26326530612245,5.76666666666667,6.77777777777778,6.70505050505051,68,49,12,18,99,6396,3919,2477,605,1523,4873,6.67302581613509,7.01742026027048,6.12814013726282,6.08462809917355,6.61567682206172,6.69094958341884,100
"108",2013,3,6.55116279069767,129,6.87948717948718,6.04901960784314,6.27272727272727,6.54782608695652,6.55188679245283,78,51,11,23,106,6525,3997,2528,616,1546,4979,6.67061657011494,7.01472854640981,6.1265439556962,6.08798701298701,6.61466739974127,6.68798901787507,101
"109",2013,4,6.5646017699115,113,6.87183098591549,6.0452380952381,5.59545454545455,6.45,6.57572815533981,71,42,11,10,103,6638,4068,2570,627,1556,5082,6.66881185899367,7.01223451327433,6.12521522178988,6.07934609250399,6.61360912596401,6.68571375836285,102
"110",2013,5,6.59148148148148,108,6.96527777777778,5.84388888888889,5.82571428571429,6.85666666666667,6.54870967741935,72,36,7,15,93,6746,4140,2606,634,1571,5175,6.66757383931219,7.01141787439613,6.12132890253262,6.07654574132492,6.61592985359643,6.68325165603865,103
"111",2013,6,6.77338709677419,124,6.94285714285714,6.49574468085106,6.16666666666667,6.86428571428571,6.76181818181818,77,47,9,14,110,6870,4217,2653,643,1585,5285,6.6694837147016,7.01016599478302,6.1279619751225,6.07780715396578,6.61812353312303,6.68488691012299,104
"112",2013,7,6.45451127819549,133,6.66,6.090625,6.54545454545455,6.31666666666667,6.49466019417476,85,48,11,30,103,7003,4302,2701,654,1615,5388,6.66540098814794,7.00324732682473,6.12729845242503,6.08567278287462,6.61252371517028,6.68125043058649,105
"113",2013,8,6.44869565217391,115,6.81076923076923,5.978,5.65714285714286,6.72222222222222,6.3979381443299,65,50,14,18,97,7118,4367,2751,668,1633,5485,6.66189984827199,7.00038241355622,6.1245849218466,6.07669161676647,6.61373288426209,6.67624016773017,106
"114",2013,9,6.52991071428571,112,6.81666666666667,6.06976744186047,6.09090909090909,6.42857142857143,6.54438775510204,69,43,11,14,98,7230,4436,2794,679,1647,5583,6.6598552033195,6.99752479711452,6.12374127415891,6.07692194403535,6.61215895567699,6.67392572452087,107
"115",2013,10,6.61112068965517,116,6.91587301587302,6.2488679245283,5.499,6.70588235294118,6.59484848484848,63,53,10,17,99,7346,4499,2847,689,1664,5682,6.65908564116526,6.99638141809291,6.12607064278187,6.06853410740203,6.61311646634615,6.67254792678634,108
"116",2013,11,6.55828220858896,163,6.90909090909091,6.015625,5.97692307692308,6.63157894736842,6.54861111111111,99,64,13,19,144,7509,4598,2911,702,1683,5826,6.65689747236649,6.99450195737277,6.1236424321539,6.06683760683761,6.61332489601901,6.66948460693443,109
"117",2013,12,6.65095541401274,157,6.9125,6.07448979591837,5.9,6.08181818181818,6.7437037037037,108,49,13,22,135,7666,4706,2960,715,1705,5961,6.65677577876337,6.99262005949851,6.12282875675676,6.06380419580419,6.60646674486803,6.67116546217078,110
"118",2014,1,6.65636363636364,220,7.01439393939394,6.11931818181818,6.06666666666667,6.5,6.67823834196891,132,88,21,27,193,7886,4838,3048,736,1732,6154,6.65676428100431,6.99321413807358,6.1227274015748,6.06388586956522,6.60480704387991,6.671387279818,111
"119",2014,2,6.8064161849711,173,7.10868421052632,6.22237288135593,6.52846153846154,6.62260869565217,6.8346,114,59,13,23,150,8059,4952,3107,749,1755,6304,6.65997681101874,6.99587237479806,6.12461960733827,6.07194926568758,6.60504034188034,6.67527083121827,112
"120",2014,3,6.70646258503401,147,6.98541666666667,6.18137254901961,6.24666666666667,6.744,6.69877049180328,96,51,15,25,122,8206,5048,3158,764,1780,6426,6.66080954423593,6.9956735340729,6.12553613679544,6.07537958115183,6.60699202247191,6.67571698101463,113
"121",2014,4,6.74072847682119,151,7.07151162790698,6.30307692307692,6.70588235294118,6.54545454545455,6.77403100775194,86,65,17,22,129,8357,5134,3223,781,1802,6555,6.66225357424913,6.99694390338917,6.12911669872789,6.08910371318822,6.60624073251942,6.67765176506484,114
"122",2014,5,6.90963768115942,138,7.18768421052632,6.2953488372093,6.24545454545455,6.57407407407407,6.99126126126126,95,43,11,27,111,8495,5229,3266,792,1829,6666,6.66627229193643,7.00040925607191,6.13130530312309,6.09127525252525,6.60576588299617,6.68287388538854,115
"123",2014,6,6.7827868852459,122,6.97721518987342,6.42558139534884,6.14285714285714,7.1,6.73490566037736,79,43,7,16,106,8617,5308,3309,799,1845,6772,6.66792191249855,7.00006405425772,6.13512938047749,6.09172715894868,6.61005192411924,6.68368832250443,116
"124",2014,7,6.629296875,128,6.95375,6.08854166666667,5.58461538461538,6.56388888888889,6.64,80,48,13,18,110,8745,5388,3357,812,1863,6882,6.66735656032018,6.99937639198218,6.13446324694668,6.08360837438423,6.60960590445518,6.68299002034292,117
"125",2014,8,6.49577639751553,161,6.65798165137615,6.15576923076923,6,6.26666666666667,6.54194029850746,109,52,10,27,134,8906,5497,3409,822,1890,7016,6.66425478553784,6.99260687647808,6.13478824288648,6.08259124087591,6.60470677248677,6.68029608323831,118
"126",2014,9,6.70650684931507,146,7.08125,6.25227272727273,6.55555555555556,6.41153846153846,6.77041666666667,80,66,18,26,120,9052,5577,3475,840,1916,7136,6.66493627043747,6.99387842926304,6.1370196028777,6.09272619047619,6.60208549060543,6.68181156390134,119
"127",2014,10,6.69274193548387,124,7.03766233766234,6.12765957446809,6.75,6.36304347826087,6.76782178217822,77,47,10,23,101,9176,5654,3522,850,1939,7237,6.66531202266783,6.99447470817121,6.13689469619534,6.10045882352941,6.59925002578649,6.68301192759431,120
"128",2014,11,6.65329268292683,164,6.97794392523365,6.04385964912281,5.5,6.485,6.68214285714286,107,57,13,24,140,9340,5761,3579,863,1963,7377,6.6651009764454,6.99416767922236,6.13541299804415,6.09141367323291,6.59785318390219,6.68299543445845,121
"129",2014,12,6.61582278481013,158,6.96222222222222,6.03457627118644,5.90526315789474,6.61666666666667,6.61567164179105,99,59,19,24,134,9498,5860,3638,882,1987,7511,6.66428122973258,6.99362798634812,6.13377765805387,6.08740362811791,6.59808042274786,6.68179434429503,122
"130",2015,1,6.8162447257384,237,7.00880503144654,6.42371794871795,6.16666666666667,6.82857142857143,6.81358974358974,159,78,24,42,195,9735,6019,3716,906,2029,7706,6.66798080328711,6.99402890845655,6.13986359526372,6.08950331125828,6.60285155248891,6.68512942123021,123
"131",2015,2,6.5853216374269,171,6.96405660377359,5.96769230769231,6.11764705882353,6.15625,6.62961290322581,106,65,17,16,155,9906,6125,3781,923,2045,7861,6.66655391883707,6.99351020408163,6.13690376090981,6.09002166847237,6.5993573594132,6.68403476911335,124
"132",2015,3,6.70793650793651,189,7.02881355932203,6.17464788732394,6.09090909090909,6.50925925925926,6.74104938271605,118,71,22,27,162,10095,6243,3852,945,2072,8023,6.66732868945022,6.99417747877623,6.13759946002077,6.09004232804233,6.5981833011583,6.68518600523495,125
"133",2015,4,6.64458064516129,155,6.98210526315789,6.11016666666667,5.61764705882353,6.44285714285714,6.67619402985075,95,60,17,21,134,10250,6338,3912,962,2093,8157,6.66698469463415,6.99399652887346,6.13717871165644,6.08169438669438,6.5966248447205,6.68503828858649,126
"134",2015,5,6.55196078431373,153,6.84615384615385,5.92755102040816,6.12,6.51785714285714,6.55539568345324,104,49,10,14,139,10403,6442,3961,972,2107,8296,6.66529300394117,6.9916097485253,6.134585488513,6.08208847736625,6.59610147128619,6.68286611861138,127
"135",2015,6,6.43659420289855,138,6.75361445783133,5.95818181818182,6.41666666666667,6.19230769230769,6.49330357142857,83,55,12,26,112,10541,6525,4016,984,2133,8408,6.66229893937957,6.98858237547893,6.13216960159363,6.08616869918699,6.59117946554149,6.6803410228354,128
"136",2015,7,6.6478102189781,137,6.97197802197802,6.00652173913043,6.19230769230769,7,6.59453781512605,91,46,13,18,119,10678,6616,4062,997,2151,8527,6.66211304738715,6.98835399032648,6.13074670605613,6.08755265797392,6.59460055788005,6.67914358156444,129
"137",2015,8,6.51258064516129,155,6.7895,6.00909090909091,6.37857142857143,6.47826086956522,6.51856060606061,100,55,14,23,132,10833,6716,4117,1011,2174,8659,6.6599735179544,6.98539309112567,6.1291214768035,6.09158259149357,6.59336973321067,6.67669561381222,130
"138",2015,9,6.50769230769231,130,6.76428571428571,6.03913043478261,5.5,6.48888888888889,6.51071428571429,84,46,6,18,112,10963,6800,4163,1017,2192,8771,6.65816775700082,6.98266176470588,6.12812710064857,6.0880924287119,6.59251177007299,6.67457613955079,131
"139",2015,10,6.76105263157895,152,6.93558823529412,6.405,7.05,7.0404347826087,6.71124031007752,102,50,10,23,129,11115,6902,4213,1027,2215,8900,6.65957472964462,6.98196609678354,6.13141303584144,6.09745861733203,6.59716288939052,6.67510756404494,132
"140",2015,11,6.47175141242938,177,6.85607476635514,5.88428571428571,5.96428571428571,6.60714285714286,6.4601226993865,107,70,14,14,163,11292,7009,4283,1041,2229,9063,6.65663063407722,6.98004422884862,6.12737406490778,6.09566762728146,6.59722557200538,6.67124101511641,133
"141",2015,12,6.45079365079365,189,6.95810810810811,5.72884615384615,6,6.57608695652174,6.43343373493976,111,78,22,23,166,11481,7120,4361,1063,2252,9229,6.65324214963853,6.97970224719101,6.12024607200183,6.09368767638758,6.59700968028419,6.66696362769531,134
"142",2016,1,6.58669201520913,263,6.91518987341772,6.09238095238095,6.19583333333333,6.5,6.59827586206897,158,105,24,31,232,11744,7278,4466,1087,2283,9461,6.65175179836512,6.97830173124485,6.11959093596059,6.09594296228151,6.59569242225142,6.66527928548779,135
"143",2016,2,6.5891061452514,179,6.902,6.19303797468354,5.83333333333333,6.38809523809524,6.61582278481013,100,79,18,21,158,11923,7378,4545,1105,2304,9619,6.65081129916967,6.97726755218216,6.12086757315732,6.09166515837104,6.59380026041666,6.66446692171743,136
"144",2016,3,6.57044025157233,159,6.95885416666667,5.97857142857143,6.4,6.46,6.5863309352518,96,63,13,20,139,12082,7474,4608,1118,2324,9758,6.64975361032941,6.97703104094193,6.11892211805556,6.09525044722719,6.59264879518072,6.66335389629022,137
"145",2016,4,6.52915789473684,190,6.89252173913043,5.972,5.47777777777778,6.43529411764706,6.53838150289017,115,75,18,17,173,12272,7589,4683,1136,2341,9931,6.64788649934811,6.97575042825142,6.1165691052744,6.08546654929577,6.59150610850064,6.66117685228074,138
"146",2016,5,6.54623115577889,199,6.78488372093023,6.10642857142857,5.87777777777778,6.70277777777778,6.53066298342541,129,70,18,18,181,12471,7718,4753,1154,2359,10112,6.64626438296848,6.97256024876911,6.11641976015148,6.08222703639515,6.59235515048749,6.65884071598101,139
"147",2016,6,6.48298611111111,144,6.90722222222222,5.77592592592593,5.37272727272727,6.70454545454545,6.44303278688525,90,54,11,22,122,12615,7808,4807,1165,2381,10234,6.64440056440745,6.97180712090164,6.1125947826087,6.07552789699571,6.59339176816463,6.65626805940981,140
"148",2016,7,6.34426829268293,164,6.68395833333333,5.86470588235294,6,6.322,6.34651006711409,96,68,11,15,149,12779,7904,4875,1176,2396,10383,6.64054880037562,6.96831098178138,6.10913705025641,6.07482142857143,6.59169273789649,6.65182291437928,141
"149",2016,8,6.38769230769231,169,6.52616822429907,6.14870967741935,5.79166666666667,5.86842105263158,6.45346666666667,107,62,12,19,150,12948,8011,4937,1188,2415,10533,6.63724846462774,6.96240544251654,6.10963401255824,6.07196127946128,6.58600240165631,6.64899813158644,142
"150",2016,9,6.72784810126582,158,6.88482142857143,6.34565217391304,6.35833333333333,7.09736842105263,6.6773381294964,112,46,12,19,139,13106,8123,4983,1200,2434,10672,6.63834069281245,6.96133571340638,6.11181278747743,6.074825,6.58999416598192,6.64936725262369,143
"151",2016,10,6.55181347150259,193,6.83650793650794,6.01641791044776,6.16666666666667,6.12,6.63128834355828,126,67,15,30,163,13299,8249,5050,1215,2464,10835,6.63708497781788,6.9594290216996,6.11054715247525,6.07595884773663,6.58427183441558,6.64909527641901,144
"152",2016,11,6.4794930875576,217,6.79444444444444,5.9609756097561,5.73076923076923,6.16578947368421,6.50959595959596,135,82,13,19,198,13516,8384,5132,1228,2483,11033,6.63455483279077,6.95677242366412,6.10815727201871,6.07230456026059,6.58106959323399,6.64659179914801,145
"153",2016,12,6.54918367346939,196,6.95338983050847,5.93769230769231,5.56666666666667,6.3836,6.5733918128655,118,78,18,25,171,13712,8502,5210,1246,2508,11204,6.63333453325554,6.9567254763585,6.10560520537428,6.065,6.57910119617225,6.64547459121742,146
"154",2017,1,6.49512987012987,308,6.83056994818653,5.93217391304348,5.52142857142857,6.378125,6.50869565217391,193,115,28,32,276,14020,8695,5325,1274,2540,11480,6.63029836804565,6.95392524439333,6.10185974084507,6.05305337519623,6.57656921259842,6.64218617770035,147
"155",2017,2,6.69164179104478,201,6.9993984962406,6.08970588235294,5.3125,6.332,6.74272727272727,133,68,16,25,176,14221,8828,5393,1290,2565,11656,6.63116539765136,6.95461033076575,6.10170649360282,6.04386821705426,6.57418549707602,6.64370429993137,148
"156",2017,3,6.5175,212,6.85244604316547,5.87972602739726,5.85,6.72526315789474,6.49704663212435,139,73,12,19,193,14433,8967,5466,1302,2584,11849,6.62949581653156,6.95302665328426,6.09874188071716,6.04208141321045,6.5752963622291,6.64131549666638,149
"157",2017,4,6.61139303482587,201,6.87153846153846,6.13507042253521,6.06428571428571,6.8952380952381,6.57827777777778,130,71,14,21,180,14634,9097,5537,1316,2605,12029,6.62924717233839,6.95186215235792,6.09920771536933,6.04231762917933,6.57787554702495,6.64037221049131,150
"158",2017,5,6.42804020100503,199,6.635,6.11367088607595,5.75384615384615,6.485,6.42167597765363,120,79,13,20,179,14833,9217,5616,1329,2625,12208,6.62654777320839,6.94773679071281,6.09941116809117,6.03949586155004,6.57716792380952,6.63716557339449,151
"159",2017,6,6.54216867469879,166,6.98655913978495,5.97602739726027,5.64666666666667,6.63157894736842,6.53061224489796,93,73,15,19,147,14999,9310,5689,1344,2644,12355,6.62561391559437,6.9481245972073,6.09782793461065,6.03511160714286,6.57755892586989,6.63589780008094,152
"160",2017,7,6.82990338164251,207,7.13425373134328,6.27123287671233,6.22105263157895,7.03703703703704,6.79883333333333,134,73,19,27,180,15206,9444,5762,1363,2671,12535,6.62839491779561,6.95076556543837,6.10002483859771,6.037703595011,6.58220359415949,6.63823752054248,153
"161",2017,8,6.56351674641148,209,6.84832089552239,6.05466666666667,5.38888888888889,6.64347826086957,6.55362903225806,134,75,9,23,186,15415,9578,5837,1372,2694,12721,6.6275152851119,6.94933232407601,6.09944202843927,6.03344752186589,6.5827267260579,6.63700041820611,154
"162",2017,9,6.62122222222222,180,6.82025641025641,6.2515873015873,5.98214285714286,6.82875,6.58929487179487,117,63,14,24,156,15595,9695,5900,1386,2718,12877,6.62744264956717,6.94777462609593,6.10106663050848,6.03292929292929,6.58489911699779,6.63642248349771,155
"163",2017,10,6.42334728033473,239,6.64380281690141,6.10061855670103,6.03913043478261,6.70217391304348,6.39365740740741,142,97,23,23,216,15834,9837,5997,1409,2741,13093,6.62436201338891,6.94338670326319,6.10105938302485,6.03303051809794,6.58588318132068,6.63241749942717,156
"164",2017,11,6.37779922779923,259,6.6961935483871,5.90326923076923,6.15217391304348,5.61111111111111,6.46702586206897,155,104,23,27,232,16093,9992,6101,1432,2768,13325,6.6203938432859,6.93955214171337,6.09768777577446,6.03494413407821,6.57637492774566,6.62953788517823,157
"165",2017,12,6.43931506849315,219,6.93781512605042,5.8461,5.56666666666667,6.55,6.42819095477387,119,100,21,20,199,16312,10111,6201,1453,2788,13524,6.61796273418342,6.93953169815053,6.09363056281245,6.0281761871989,6.57618572453371,6.62657514936409,158
"166",2018,1,6.55010452961672,287,6.81574585635359,6.09650943396226,6.1875,6.44285714285714,6.55857142857143,181,106,24,21,266,16599,10292,6307,1477,2809,13790,6.61678945237665,6.93735474154683,6.09367894720152,6.03076506431957,6.57518896404414,6.62526340246555,159
"167",2018,2,6.49142156862745,204,6.80503875968992,5.952,6,7.07142857142857,6.42486338797814,129,75,17,21,183,16803,10421,6382,1494,2830,13973,6.61526739986907,6.93571682180213,6.09201396427452,6.03041499330656,6.57887130742049,6.62263882630788,160
"168",2018,3,6.4495,220,6.83873134328358,5.84302325581395,5.375,5.988,6.50866666666667,134,86,16,25,195,17023,10555,6468,1510,2855,14168,6.61312507313635,6.93448555187115,6.08870332714904,6.0234701986755,6.57369730297723,6.62107018068888,161
"169",2018,4,6.5091797382199,191,6.75675067226891,6.1,5.92941176470588,6.49,6.51142298245614,119,72,17,20,171,17214,10674,6540,1527,2875,14339,6.61197173521552,6.93250405939667,6.0888276941896,6.02242305173543,6.57311506086956,6.6197625810726,162
"170",2018,5,6.46854430379747,158,6.87457142857143,5.66415094339623,5.69230769230769,6.94736842105263,6.40309352517986,105,53,13,19,139,17372,10779,6593,1540,2894,14478,6.61066724902141,6.93193972817516,6.08541379038374,6.01963636363636,6.57557214927436,6.61768239052355,163
"171",2018,6,6.446645,154,6.91662790697674,5.85225485294118,5.94444444444444,6.04375,6.52102561538462,86,68,9,24,130,17526,10865,6661,1549,2918,14608,6.60922599452242,6.93181853014266,6.08303354601411,6.01919948353776,6.57119801233721,6.61682221933187,164
"172",2018,7,6.5710843373494,166,6.84054054054054,6.02727272727273,5.61111111111111,6.47368421052632,6.58367346938776,111,55,9,19,147,17692,10976,6716,1558,2937,14755,6.60886812005426,6.93089543822886,6.08257689845146,6.01684210526316,6.57056717739189,6.61649196746865,165
"173",2018,8,6.43903614457831,166,6.74084210526316,6.03521126760563,6.17857142857143,6.16153846153846,6.46261437908497,95,71,14,13,153,17858,11071,6787,1572,2950,14908,6.60728943778699,6.92926459488755,6.08208139826138,6.01828244274809,6.5687646779661,6.61491273007781,166
"174",2018,9,6.52510791366907,139,6.79988636363636,6.05098039215686,5.9,6.9,6.492890625,88,51,10,11,128,17997,11159,6838,1582,2961,15036,6.60665470800689,6.92824431669505,6.08184943696987,6.01753476611884,6.56999520432286,6.61387396781059,167
"175",2018,10,6.3398452238806,201,6.5652778125,5.94456616438356,5.77777777777778,6.5,6.3211605,128,73,18,21,180,18198,11287,6911,1600,2982,15216,6.60370775195076,6.92412810224152,6.08039933150051,6.0148375,6.56950228034876,6.61041126905889,168
"176",2018,11,6.69255319148936,235,6.87664473684211,6.35542168674699,6.13333333333333,6.53958333333333,6.70995260663507,152,83,15,24,211,18433,11439,6994,1615,3006,15427,6.60484043129171,6.92349714922633,6.08366310837861,6.01593808049535,6.56926340652029,6.61177272768523,169
"177",2018,12,6.54079187817259,197,6.90350442477876,6.05285714285714,5.84375,6.57142857142857,6.53844808743169,113,84,16,14,183,18630,11552,7078,1631,3020,15610,6.60416315995706,6.92330158327562,6.08329751059621,6.01424892703863,6.56927344370861,6.61091312427931,170
"178",2019,1,6.7056834868421,304,6.94699886597938,6.28009090909091,6.375,6.87333333333333,6.68732766423358,194,110,16,30,274,18934,11746,7188,1647,3050,15884,6.60579314724834,6.92369297377831,6.08630909571508,6.01775349119611,6.57226419672131,6.61223127990431,171
"179",2019,2,6.51206395348837,172,6.82945544554455,6.06056338028169,5.4375,6.9,6.48811728395062,101,71,8,10,162,19106,11847,7259,1655,3060,16046,6.60494935884016,6.9228895644467,6.08605727786196,6.01494864048338,6.57333522875817,6.61097822821887,172
"180",2019,3,6.37969696969697,198,6.68902654867257,5.96847058823529,5.82476190476191,6.44333333333333,6.37214689265537,113,85,21,21,177,19304,11960,7344,1676,3081,16223,6.602638958247,6.92067998913044,6.0846963208061,6.01256563245823,6.57244913988964,6.60837247426493,173
"181",2019,4,6.46314432989691,194,6.93521739130435,5.77594936708861,5.78947368421053,5.04411764705882,6.59943502824859,115,79,19,17,177,19498,12075,7423,1695,3098,16400,6.60125102318187,6.92081844057971,6.08141045130001,6.01006489675516,6.56406255648805,6.6082760152439,174
"182",2019,5,6.48980198019802,202,6.68945736434109,6.13698630136986,6.25,6.20952380952381,6.52232044198895,129,73,16,21,181,19700,12204,7496,1711,3119,16581,6.60010824619289,6.91837288348083,6.08195167822839,6.01230859146698,6.56167547290798,6.60733771485435,175
"183",2019,6,6.68690875,168,6.99355555555556,6.1349445,5.84,6.58571428571429,6.70136510204082,108,60,15,21,147,19868,12312,7556,1726,3140,16728,6.60084221461647,6.91903238060429,6.08237247882478,6.01081112398609,6.56183624203821,6.60816399569584,176
"184",2019,7,6.35507772020725,193,6.56923076923077,5.9131746031746,5.333,6.165625,6.37220338983051,130,63,10,16,177,20061,12442,7619,1736,3156,16905,6.59847779871392,6.91537748513101,6.08097341514635,6.00690668202765,6.55982756653992,6.60569342324756,177
"185",2019,8,6.45087155963303,218,6.7515503875969,6.01505617977528,5.7845,6.10454545454545,6.48974489795918,129,89,20,22,196,20279,12571,7708,1756,3178,17101,6.59689102618472,6.9136963383979,6.08021230539699,6.00437357630979,6.55667583385777,6.60436450032162,178
"186",2019,9,6.52205129807692,208,6.75106282608696,6.07057142857143,6.28571428571429,6.45,6.52887721052632,138,70,7,18,190,20487,12709,7778,1763,3196,17291,6.59613119490409,6.91193039106145,6.08012553998457,6.00549064095292,6.55607503128911,6.60353501763923,179
"187",2019,10,6.53297021276596,235,6.882175,5.788,6.08125,6.03592,6.59214285714286,160,75,16,25,210,20722,12869,7853,1779,3221,17501,6.59541491120548,6.91156044292486,6.07733559786069,6.00617200674536,6.55203781434337,6.6033983195246,180
"188",2019,11,6.36963862831858,226,6.72306932885906,5.68572727272727,6.14175421052632,5.64347826086957,6.45191295566502,149,77,19,23,203,20948,13018,7930,1798,3244,17704,6.59297909681115,6.90940303195576,6.07353309583859,6.00760474416018,6.54559611590629,6.60166133755084,181
"189",2019,12,6.59369047619048,252,6.82651162790698,6.093125,5.76153846153846,6.52380952380952,6.60004329004329,172,80,13,21,231,21200,13190,8010,1811,3265,17935,6.59298755283019,6.90832211296437,6.07372877028714,6.00583839315295,6.54545598774885,6.60164049735155,182
"190",2020,1,6.36663286956522,345,6.71112957345972,5.82417910447761,5.86363636363636,6.30441176470588,6.37343517684887,211,134,22,34,311,21545,13401,8144,1833,3299,18246,6.58936293618009,6.90521729796284,6.06962272224951,6.00413165848336,6.54297174901485,6.59775077606051,183
"191",2020,2,6.41648170403587,223,6.84617531034483,5.61769230769231,6.02,6.808,6.36704757575758,145,78,10,25,198,21768,13546,8222,1843,3324,18444,6.58759187247336,6.90458529676658,6.06533537460472,6.00421775908844,6.54496504211793,6.59527413142485,184
"192",2020,3,6.57549945606695,239,6.92249565517241,6.04023936170213,6,6.10869565217391,6.62520541666667,145,94,18,23,216,22007,13691,8316,1861,3347,18660,6.58746054664425,6.90477498356585,6.0650517015392,6.00417696399785,6.54196707499253,6.59562060289389,185
"193",2020,4,6.38004132231405,242,6.76281690140845,5.8365,4.94615384615385,6.27037037037037,6.39381395348837,142,100,13,27,215,22249,13833,8416,1874,3374,18875,6.58520446986381,6.90331774018651,6.0623360206749,5.9968374226254,6.53979365737996,6.5933218781457,186
"194",2020,5,6.551625,240,6.92013986013986,6.00835051546392,6.12142857142857,6.608,6.54506976744186,143,97,14,25,215,22489,13976,8513,1888,3399,19090,6.58484611365556,6.90348986119062,6.06172089157759,5.99776129766949,6.54029532215357,6.59277844159246,187
"195",2020,6,6.50206030150754,199,6.84137931034483,6.0278313253012,5.52,6.46,6.50810344827586,116,83,15,25,174,22688,14092,8596,1903,3424,19264,6.58411998633639,6.90297859068976,6.06139366565845,5.99399544403573,6.53970905373832,6.59201362385797,188
"196",2020,7,6.59513812154696,181,6.88109090909091,6.15211267605634,5.69411764705882,6.51333333333333,6.60253012048193,110,71,17,15,166,22869,14202,8667,1920,3439,19430,6.58420719095719,6.90280906210393,6.06213683512173,5.99134027604167,6.53959400988659,6.59210347143593,189
"197",2020,8,6.49886363636364,220,6.8291095890411,5.8472972972973,4.96153846153846,6.3703125,6.52074468085106,146,74,13,32,188,23089,14348,8741,1933,3471,19618,6.58339400796916,6.90205912322275,6.06031803569386,5.98441455250905,6.53803336214347,6.59141963757774,190
"198",2020,9,6.41943005181347,193,6.77512396694215,5.82166666666667,5.61578947368421,6.2421052631579,6.43879310344828,121,72,19,19,174,23282,14469,8813,1952,3490,19792,6.58203480156344,6.9009976017693,6.05836831385453,5.98082650102459,6.53642229226361,6.59007783195231,191
"199",2020,10,6.46004975124378,201,6.66597122302158,5.99838709677419,6.18333333333333,6.53571428571429,6.45438502673797,139,62,12,14,187,23483,14608,8875,1964,3504,19979,6.58099068475067,6.89876124726178,6.05794929014085,5.98206381364562,6.53641946347032,6.58880777065919,192
"200",2020,11,6.52681053956834,278,6.8889012849162,5.87212121212121,6.01076923076923,6.32941176470588,6.53966793103448,179,99,13,17,261,23761,14787,8974,1977,3521,20240,6.58035678548883,6.89864189017381,6.05589925897036,5.98225256954982,6.53541999431979,6.58817409980237,193
"201",2020,12,6.3485559566787,277,6.72685714285714,5.69950980392157,5.7,5.98484848484848,6.39774590163934,175,102,25,33,244,24038,14962,9076,2002,3554,20484,6.57768564689242,6.89663264469991,6.05189400066108,5.97872793706294,6.53030776589758,6.58590576938098,194
"202",2021,1,6.58185544198895,362,6.79016601593626,6.11081081081081,5.48823529411765,6.42068965517241,6.5958909009009,251,111,17,29,333,24400,15213,9187,2019,3583,20817,6.5777475102459,6.89487604680208,6.05260585065854,5.97459798415057,6.52942054144571,6.58606549694961,195
"203",2021,2,6.51970431451613,248,6.82658283018868,5.9714606741573,5.78235294117647,6.07692307692308,6.57156157657658,159,89,17,26,222,24648,15372,9276,2036,3609,21039,6.57716349886401,6.89416965716888,6.05182729085813,5.97299279469548,6.52616065392075,6.58591245401398,196
"204",2021,3,6.44274336283186,226,6.74794326241135,5.93647058823529,6.21875,6.78888888888889,6.39577889447236,141,85,16,27,199,24874,15513,9361,2052,3636,21238,6.57594218541449,6.89284058338168,6.0507798258733,5.97490903021442,6.52811160616061,6.58413090309822,197
"205",2021,4,6.48727272727273,220,6.7525,6.023125,6.140625,6.502,6.48619512195122,140,80,16,15,205,25094,15653,9441,2068,3651,21443,6.57516481708775,6.89158538107711,6.05054548776613,5.97619116537717,6.52800432758148,6.58319461455953,198
"206",2021,5,6.30478468899522,209,6.61615384615385,5.79240506329114,5.69411764705882,7.21428571428571,6.23948717948718,130,79,17,14,195,25303,15783,9520,2085,3665,21638,6.57293150693594,6.88931673129317,6.04840335609244,5.9738912853717,6.53062586630286,6.58009714945929,199
"207",2021,6,6.40541329268293,164,6.65173205882353,6.00017919354839,5.79166666666667,5.63636363636364,6.52456183098592,102,62,12,22,142,25467,15885,9582,2097,3687,21780,6.5718527388385,6.88779116399119,6.04809132331455,5.97284851216023,6.52528988337401,6.57973507346189,200
"208",2021,7,6.46436046511628,172,6.80767857142857,5.8235,5.85,6.85625,6.42416666666667,112,60,10,16,156,25639,15997,9642,2107,3703,21936,6.57113162369827,6.88723027067576,6.04669374196225,5.97226546274323,6.52671990278153,6.57862873358862,201
"209",2021,8,6.34261138248848,217,6.57727272727273,5.88914418918919,5.625,6.23888888888889,6.35199331658291,143,74,10,18,199,25856,16140,9716,2117,3721,22135,6.56921373646349,6.88448405452293,6.04549379682997,5.97062509683514,6.5253275463585,6.57659121617348,202
"210",2021,9,6.38187505208333,192,6.68994629032258,5.82009808823529,5.40909090909091,5.6,6.47279075581395,124,68,11,20,172,26048,16264,9784,2128,3741,22307,6.56783286164005,6.88300085956715,6.04392726901063,5.96772242951128,6.52038059342421,6.57579085399202,203
"211",2021,10,6.45182926829268,246,6.77211538461538,5.89666666666667,5.73684210526316,6.14705882352941,6.47445414847162,156,90,19,17,229,26294,16420,9874,2147,3758,22536,6.56674756142086,6.88194738002437,6.04258501114037,5.96567924080112,6.51869180415114,6.57476111909833,204
"212",2021,11,6.48658536585366,246,6.79090909090909,5.97717391304348,5.73076923076923,6.23333333333333,6.51780821917808,154,92,13,27,219,26540,16574,9966,2160,3785,22755,6.56600453579503,6.88110148304574,6.04198117599839,5.96426543055555,6.51665622192866,6.5742129896726,205
"213",2021,12,6.34218867924528,265,6.64586206896552,5.76153846153846,5.65,6.59090909090909,6.319670781893,174,91,10,22,243,26805,16748,10057,2170,3807,22998,6.56379184405894,6.87865751015047,6.03944361141493,5.96281720276497,6.51708531652219,6.57152346204018,206
"214",2022,1,6.45711217183771,419,6.69443262411348,5.96861313868613,6.02380952380952,6.63235294117647,6.44163636363636,282,137,21,34,385,27224,17030,10194,2191,3841,23383,6.5621499551866,6.87560692777452,6.03849170100059,5.9634017937015,6.51810564957042,6.56938487704743,207
"215",2022,2,6.43960866396761,247,6.89989039473684,5.70315789473684,5.72727272727273,6.01578947368421,6.47492692982456,152,95,11,19,228,27471,17182,10289,2202,3860,23611,6.56104814968512,6.87582175066931,6.03539550976771,5.96222222070844,6.51563310880829,6.56847274236585,208
"216",2022,3,6.40408367965368,231,6.63822147651007,5.97863817073171,5.22222222222222,6.6715,6.37873616113744,149,82,9,20,211,27702,17331,10371,2211,3880,23822,6.55973926250812,6.87377902717674,6.03494674862598,5.95921000904568,6.51643654639175,6.56679217739905,209
"217",2022,4,6.55303097345133,226,6.86522580645161,5.87147887323944,5.58333333333333,6.56739130434783,6.5514039408867,155,71,9,23,203,27928,17486,10442,2220,3903,24025,6.55968497744199,6.87370320942469,6.03383525474047,5.95768618468468,6.51673681783243,6.56666215400625,210
"218",2022,5,6.46559090909091,220,6.70139534883721,6.13131868131868,5.57692307692308,6.42777777777778,6.4689603960396,129,91,13,18,202,28148,17615,10533,2233,3921,24227,6.55894955414239,6.87244134657962,6.03467746416026,5.95546947156292,6.51632843662331,6.56584753580716,211
"219",2022,6,6.37751295336788,193,6.68313043478261,5.92692307692308,5.42307692307692,6.26388888888889,6.3892,115,78,13,18,175,28341,17730,10611,2246,3939,24402,6.55771398503934,6.87121344162437,6.03388537649609,5.95238794746215,6.51517486671744,6.56458070035243,212
"220",2022,7,6.59102272727273,176,6.84752212389381,6.13095238095238,6.05555555555556,7.03333333333333,6.54981366459627,113,63,9,15,161,28517,17843,10674,2255,3954,24563,6.55791955850896,6.87106340413608,6.03445828461683,5.95279970288248,6.51714056651492,6.56448390872451,213
"221",2022,8,6.57793103448276,232,6.77664516129032,6.17792207792208,6.51818181818182,6.88277777777778,6.55228971962617,155,77,11,18,214,28749,17998,10751,2266,3972,24777,6.55808104803645,6.87025026780754,6.03548579015906,5.95554427625772,6.5187975327291,6.56437858699601,214
"222",2022,9,6.52074129353234,201,6.70056097560976,6.23717948717949,5.54166666666667,6.62956,6.50528409090909,123,78,12,25,176,28950,18121,10829,2278,3997,24953,6.55782179792746,6.86909846697203,6.03693856588789,5.95336406057945,6.5194903177383,6.56396177814291,215
"223",2022,10,6.52334801762115,227,6.84557823129252,5.93125,6.02666666666667,6.475,6.5280193236715,147,80,15,20,207,29177,18268,10909,2293,4017,25160,6.55755358844295,6.86890920297789,6.03616350994592,5.95384358046227,6.51926880756783,6.56366606717011,216
"224",2022,11,6.38557077625571,219,6.6109219858156,5.97820512820513,6.3125,6.54705882352941,6.3719801980198,141,78,8,17,202,29396,18409,10987,2301,4034,25362,6.55627231766227,6.86693320223804,6.03575204605443,5.95509053889613,6.51938591968269,6.56213935218043,217
"225",2022,12,6.42313237588652,282,6.68350773255814,6.016,6.12333333333333,6.36206896551724,6.43013173913043,172,110,15,29,253,29678,18581,11097,2316,4063,25615,6.55500722353258,6.86523527528121,6.03555625214022,5.95618019430052,6.51826305685454,6.56083550966231,218
