"","year","month","avg_rating","no_ratings","avg_rating_owned","avg_rating_not_owned","avg_rating_prev_owned","avg_rating_comment","avg_rating_no_comment","no_ratings_owned","no_ratings_not_owned","no_ratings_prev_owned","no_ratings_comment","no_ratings_no_comment","cum_no_ratings","cum_no_ratings_owned","cum_no_ratings_not_owned","cum_no_ratings_prev_owned","cum_no_ratings_comment","cum_no_ratings_no_comment","cum_avg_rating","cum_avg_rating_owned","cum_avg_rating_not_owned","cum_avg_rating_prev_owned","cum_avg_rating_comment","cum_avg_rating_no_comment","month_after_release"
"1",2001,6,6.5,6,6,7.5,NA,10,5.8,4,2,0,1,5,6,4,2,0,1,5,6.5,6,7.5,NA,10,5.8,0
"2",2001,7,7,3,8.5,4,NA,NA,7,2,1,0,0,3,9,6,3,0,1,8,6.66666666666667,6.83333333333333,6.33333333333333,NA,10,6.25,1
"3",2001,8,6.5,6,8,5,3,7,6.4,3,3,1,1,5,15,9,6,1,2,13,6.6,7.22222222222222,5.66666666666667,3,8.5,6.30769230769231,2
"4",2001,9,4.33333333333333,3,8,2.5,NA,2.5,8,1,2,0,2,1,18,10,8,1,4,14,6.22222222222222,7.3,4.875,3,5.5,6.42857142857143,3
"5",2001,10,7,3,7,NA,NA,NA,7,3,0,0,0,3,21,13,8,1,4,17,6.33333333333333,7.23076923076923,4.875,3,5.5,6.52941176470588,4
"6",2001,11,6.5,2,NA,6.5,NA,6,7,0,2,0,1,1,23,13,10,1,5,18,6.34782608695652,7.23076923076923,5.2,3,5.6,6.55555555555556,5
"7",2001,12,8,1,8,NA,NA,NA,8,1,0,0,0,1,24,14,10,1,5,19,6.41666666666667,7.28571428571429,5.2,3,5.6,6.63157894736842,6
"8",2002,1,3,1,NA,3,NA,NA,3,0,1,0,0,1,25,14,11,1,5,20,6.28,7.28571428571429,5,3,5.6,6.45,7
"9",2002,2,7.57142857142857,7,7.66666666666667,7,NA,7,7.8,6,1,0,2,5,32,20,12,1,7,25,6.5625,7.4,5.16666666666667,3,6,6.72,8
"10",2002,3,7,3,8,5,NA,10,5.5,2,1,0,1,2,35,22,13,1,8,27,6.6,7.45454545454545,5.15384615384615,3,6.5,6.62962962962963,9
"11",2002,4,6.5,2,6.5,NA,NA,6,7,2,0,0,1,1,37,24,13,1,9,28,6.59459459459459,7.375,5.15384615384615,3,6.44444444444444,6.64285714285714,10
"12",2002,5,6.66666666666667,3,6.5,7,NA,NA,6.66666666666667,2,1,0,0,3,40,26,14,1,9,31,6.6,7.30769230769231,5.28571428571429,3,6.44444444444444,6.64516129032258,11
"13",2002,6,7.07142857142857,7,7.07142857142857,NA,NA,6,7.25,7,0,0,1,6,47,33,14,1,10,37,6.67021276595745,7.25757575757576,5.28571428571429,3,6.4,6.74324324324324,12
"14",2002,7,7.2,5,7.25,7,NA,NA,7.2,4,1,0,0,5,52,37,15,1,10,42,6.72115384615385,7.25675675675676,5.4,3,6.4,6.79761904761905,13
"15",2002,8,6.3,5,7.33333333333333,4.75,NA,8,5.875,3,2,0,1,4,57,40,17,1,11,46,6.68421052631579,7.2625,5.32352941176471,3,6.54545454545455,6.71739130434783,14
"16",2002,9,7.78571428571429,7,8.4,6.25,5.5,7.25,8,5,2,1,2,5,64,45,19,2,13,51,6.8046875,7.38888888888889,5.42105263157895,4.25,6.65384615384615,6.84313725490196,15
"17",2002,10,6,7,6.66666666666667,5.5,NA,3.5,7,3,4,0,2,5,71,48,23,2,15,56,6.72535211267606,7.34375,5.43478260869565,4.25,6.23333333333333,6.85714285714286,16
"18",2002,11,7.66666666666667,3,9.5,4,4,9.5,4,2,1,1,2,1,74,50,24,3,17,57,6.76351351351351,7.43,5.375,4.16666666666667,6.61764705882353,6.80701754385965,17
"19",2002,12,6.16666666666667,6,7,5.33333333333333,9,6,6.25,3,3,1,2,4,80,53,27,4,19,61,6.71875,7.40566037735849,5.37037037037037,5.375,6.55263157894737,6.77049180327869,18
"20",2003,1,7.25,10,7.6875,5.5,NA,10,6.94444444444444,8,2,0,1,9,90,61,29,4,20,70,6.77777777777778,7.44262295081967,5.37931034482759,5.375,6.725,6.79285714285714,19
"21",2003,2,7,5,6.75,8,NA,8,6.75,4,1,0,1,4,95,65,30,4,21,74,6.78947368421053,7.4,5.46666666666667,5.375,6.78571428571429,6.79054054054054,20
"22",2003,3,6.75,8,7,6.5,7,6.66666666666667,6.8,4,4,1,3,5,103,69,34,5,24,79,6.78640776699029,7.3768115942029,5.58823529411765,5.7,6.77083333333333,6.79113924050633,21
"23",2003,4,7,4,6.66666666666667,8,NA,NA,7,3,1,0,0,4,107,72,35,5,24,83,6.79439252336449,7.34722222222222,5.65714285714286,5.7,6.77083333333333,6.80120481927711,22
"24",2003,5,5.22222222222222,9,5.6,4.75,NA,4.75,5.6,5,4,0,4,5,116,77,39,5,28,88,6.67241379310345,7.23376623376623,5.56410256410257,5.7,6.48214285714286,6.73295454545455,23
"25",2003,6,7,4,7.33333333333333,6,NA,NA,7,3,1,0,0,4,120,80,40,5,28,92,6.68333333333333,7.2375,5.575,5.7,6.48214285714286,6.7445652173913,24
"26",2003,7,5.93103448275862,29,6.63888888888889,4.77272727272727,NA,6.125,5.85714285714286,18,11,0,8,21,149,98,51,5,36,113,6.53691275167785,7.12755102040816,5.40196078431373,5.7,6.40277777777778,6.57964601769912,25
"27",2003,8,6.39285714285714,14,6.45,6.25,NA,6.5,6.375,10,4,0,2,12,163,108,55,5,38,125,6.52453987730061,7.06481481481481,5.46363636363636,5.7,6.40789473684211,6.56,26
"28",2003,9,6.13333333333333,15,6.25,5.66666666666667,7,6,6.2,12,3,1,5,10,178,120,58,6,43,135,6.49157303370786,6.98333333333333,5.47413793103448,5.91666666666667,6.36046511627907,6.53333333333333,27
"29",2003,10,7.8,5,8.33333333333333,7,NA,9.5,6.66666666666667,3,2,0,2,3,183,123,60,6,45,138,6.52732240437158,7.01626016260163,5.525,5.91666666666667,6.5,6.53623188405797,28
"30",2003,11,7,6,7,7,NA,6.66666666666667,7.33333333333333,4,2,0,3,3,189,127,62,6,48,141,6.54232804232804,7.01574803149606,5.57258064516129,5.91666666666667,6.51041666666667,6.5531914893617,29
"31",2003,12,6.375,8,6.83333333333333,5,NA,6,6.5,6,2,0,2,6,197,133,64,6,50,147,6.53553299492386,7.00751879699248,5.5546875,5.91666666666667,6.49,6.55102040816327,30
"32",2004,1,6.33333333333333,12,6.88888888888889,4.66666666666667,6,7,6.11111111111111,9,3,1,3,9,209,142,67,7,53,156,6.52392344497608,7,5.51492537313433,5.92857142857143,6.5188679245283,6.52564102564103,31
"33",2004,2,6.57142857142857,14,6.66666666666667,6,NA,6,6.72727272727273,12,2,0,3,11,223,154,69,7,56,167,6.52690582959641,6.97402597402597,5.52898550724638,5.92857142857143,6.49107142857143,6.53892215568862,32
"34",2004,3,6.2,5,6.2,NA,NA,6,6.33333333333333,5,0,0,2,3,228,159,69,7,58,170,6.51973684210526,6.94968553459119,5.52898550724638,5.92857142857143,6.47413793103448,6.53529411764706,33
"35",2004,4,6.94444444444444,9,6.94444444444444,NA,NA,7.66666666666667,6.58333333333333,9,0,0,3,6,237,168,69,7,61,176,6.53586497890295,6.94940476190476,5.52898550724638,5.92857142857143,6.5327868852459,6.53693181818182,34
"36",2004,5,5.77777777777778,9,6,5.33333333333333,NA,6,5.6,6,3,0,4,5,246,174,72,7,65,181,6.50813008130081,6.91666666666667,5.52083333333333,5.92857142857143,6.5,6.51104972375691,35
"37",2004,6,7,9,7.4,6.5,6,10,6.625,5,4,1,1,8,255,179,76,8,66,189,6.52549019607843,6.93016759776536,5.57236842105263,5.9375,6.5530303030303,6.51587301587302,36
"38",2004,7,6.14285714285714,7,6.66666666666667,3,NA,6,6.25,6,1,0,3,4,262,185,77,8,69,193,6.51526717557252,6.92162162162162,5.53896103896104,5.9375,6.52898550724638,6.51036269430052,37
"39",2004,8,6.55,10,6.55,NA,NA,7,6.4375,10,0,0,2,8,272,195,77,8,71,201,6.51654411764706,6.9025641025641,5.53896103896104,5.9375,6.54225352112676,6.50746268656716,38
"40",2004,9,6.3125,8,6.3125,NA,NA,7,6.08333333333333,8,0,0,2,6,280,203,77,8,73,207,6.51071428571429,6.87931034482759,5.53896103896104,5.9375,6.55479452054795,6.4951690821256,39
"41",2004,10,7.55555555555556,9,7.25,10,NA,8.5,6.8,8,1,0,4,5,289,211,78,8,77,212,6.54325259515571,6.89336492890995,5.59615384615385,5.9375,6.65584415584416,6.50235849056604,40
"42",2004,11,6.57142857142857,14,7,6,5,6.8,6.44444444444444,8,6,2,5,9,303,219,84,10,82,221,6.54455445544554,6.8972602739726,5.625,5.75,6.66463414634146,6.5,41
"43",2004,12,7,13,7.77777777777778,5.25,5,7.4,6.75,9,4,1,5,8,316,228,88,11,87,229,6.56329113924051,6.93201754385965,5.60795454545455,5.68181818181818,6.70689655172414,6.50873362445415,42
"44",2005,1,6.425,20,6.625,5.625,NA,6,6.56666666666667,16,4,0,5,15,336,244,92,11,92,244,6.55505952380952,6.91188524590164,5.60869565217392,5.68181818181818,6.66847826086957,6.51229508196721,43
"45",2005,2,7,21,7.53125,5.3,NA,7,7,16,5,0,8,13,357,260,97,11,100,257,6.5812324929972,6.95,5.59278350515464,5.68181818181818,6.695,6.53696498054475,44
"46",2005,3,6.76071428571429,14,6.81923076923077,6,NA,6.67857142857143,6.84285714285714,13,1,0,7,7,371,273,98,11,107,264,6.58800539083558,6.94377289377289,5.59693877551021,5.68181818181818,6.69392523364486,6.54507575757576,45
"47",2005,4,6.92857142857143,7,8.16666666666667,6,7,8.33333333333333,5.875,3,4,2,3,4,378,276,102,13,110,268,6.59431216931217,6.95706521739131,5.61274509803922,5.88461538461539,6.73863636363636,6.53507462686567,46
"48",2005,5,6.875,20,7.3,5.6,6,7.25,6.78125,15,5,1,4,16,398,291,107,14,114,284,6.60841708542714,6.97474226804124,5.61214953271028,5.89285714285714,6.75657894736842,6.54894366197183,47
"49",2005,6,4.8125,8,6.875,2.75,5,4.4,5.5,4,4,1,5,3,406,295,111,15,119,287,6.57302955665025,6.97338983050847,5.50900900900901,5.83333333333333,6.65756302521008,6.53797909407666,48
"50",2005,7,6.35625,16,6.69230769230769,4.9,NA,5.4625,7.25,13,3,0,8,8,422,308,114,15,127,295,6.56481042654028,6.96152597402597,5.49298245614035,5.83333333333333,6.58228346456693,6.55728813559322,49
"51",2005,8,6.62142857142857,14,6.95,6.375,5,6.875,6.52,6,8,1,4,10,436,314,122,16,131,305,6.56662844036697,6.96130573248408,5.55081967213115,5.78125,6.5912213740458,6.55606557377049,50
"52",2005,9,7.34375,16,7.57692307692308,6.33333333333333,7,6.83333333333333,7.65,13,3,2,6,10,452,327,125,18,137,315,6.59413716814159,6.98577981651376,5.5696,5.91666666666667,6.60182481751825,6.59079365079365,51
"53",2005,10,7.37142857142857,14,7.625,7.03333333333333,7,6.9625,7.91666666666667,8,6,1,8,6,466,335,131,19,145,321,6.61748927038627,7.0010447761194,5.63664122137405,5.97368421052632,6.62172413793103,6.61557632398754,52
"54",2005,11,6.38,25,6.67647058823529,5.75,5.5,6.27777777777778,6.4375,17,8,2,9,16,491,352,139,21,154,337,6.60539714867617,6.98536931818182,5.6431654676259,5.92857142857143,6.60162337662338,6.60712166172107,53
"55",2005,12,6.80434782608696,23,7.29411764705882,5.41666666666667,4,6.23076923076923,7.55,17,6,1,13,10,514,369,145,22,167,347,6.61429961089494,6.99959349593496,5.63379310344828,5.84090909090909,6.57275449101796,6.6342939481268,54
"56",2006,1,7.12096774193548,31,7.61,5.08333333333333,5,7.15,7.09375,25,6,1,15,16,545,394,151,23,182,363,6.64311926605505,7.03832487309645,5.61192052980133,5.80434782608696,6.62032967032967,6.65454545454546,55
"57",2006,2,7,19,6.88461538461539,7.25,NA,7.07142857142857,6.8,13,6,0,14,5,564,407,157,23,196,368,6.65514184397163,7.03341523341523,5.67452229299363,5.80434782608696,6.65255102040816,6.65652173913044,56
"58",2006,3,6.92941176470588,17,7.48333333333333,5.6,8,7.33333333333333,6.70909090909091,12,5,1,6,11,581,419,162,24,202,379,6.6631669535284,7.04630071599045,5.67222222222222,5.89583333333333,6.67277227722772,6.6580474934037,57
"59",2006,4,6.38095238095238,21,6.41176470588235,6.25,7,6.16666666666667,6.46666666666667,17,4,1,6,15,602,436,166,25,208,394,6.65332225913621,7.02155963302752,5.68614457831325,5.94,6.65817307692308,6.6507614213198,58
"60",2006,5,5.81818181818182,11,6,5.33333333333333,NA,5.75,5.85714285714286,8,3,0,4,7,613,444,169,25,212,401,6.63833605220228,7.00315315315315,5.67988165680474,5.94,6.64103773584906,6.63690773067332,59
"61",2006,6,7.013125,16,7.214,4,NA,8.14285714285714,6.13444444444444,15,1,0,7,9,629,459,170,25,219,410,6.64786963434022,7.01004357298475,5.67,5.94,6.68904109589041,6.62587804878049,60
"62",2006,7,6.05263157894737,19,6.36666666666667,4.875,NA,5.66666666666667,6.23076923076923,15,4,0,6,13,648,474,174,25,225,423,6.63041666666667,6.9896835443038,5.65172413793104,5.94,6.66177777777778,6.61373522458629,61
"63",2006,8,6.3695652173913,23,7,4.92857142857143,7,6.2,6.5,16,7,1,10,13,671,490,181,26,235,436,6.62147540983606,6.99002040816327,5.62375690607735,5.98076923076923,6.64212765957447,6.61034403669725,62
"64",2006,9,6.27083333333333,24,6.75,5.6,4.5,5.8,6.60714285714286,14,10,2,10,14,695,504,191,28,245,450,6.60936690647482,6.98335317460317,5.62251308900524,5.875,6.60775510204082,6.61024444444445,63
"65",2006,10,6.53846153846154,26,6.52941176470588,6.55555555555556,7,6.63636363636364,6.46666666666667,17,9,1,11,15,721,521,200,29,256,465,6.60680998613037,6.96854126679463,5.6645,5.91379310344828,6.608984375,6.60561290322581,64
"66",2006,11,6.88235294117647,17,6.95833333333333,6.7,6,6.8125,6.94444444444444,12,5,1,8,9,738,533,205,30,264,474,6.61315718157181,6.96831144465291,5.68975609756098,5.91666666666667,6.61515151515152,6.61204641350211,65
"67",2006,12,6.48275862068965,29,6.83333333333333,5.90909090909091,6,6.32142857142857,6.63333333333333,18,11,2,14,15,767,551,216,32,278,489,6.60822685788787,6.96390199637024,5.70092592592593,5.921875,6.60035971223022,6.61269938650307,66
"68",2007,1,6.64509803921569,51,6.80789473684211,6.16923076923077,NA,7.04666666666667,6.47777777777778,38,13,0,15,36,818,589,229,32,293,525,6.61052567237164,6.95383701188455,5.72751091703057,5.921875,6.62320819112628,6.60344761904762,67
"69",2007,2,6.65634967741935,31,6.98636363636364,5.84964888888889,7,6.48125,6.84312266666667,22,9,1,16,15,849,611,238,33,309,540,6.61219886925795,6.95500818330606,5.73212957983194,5.95454545454545,6.61585760517799,6.61010525925926,68
"70",2007,3,6.57083333333333,24,7.03571428571429,5.92,NA,6.01666666666667,7.125,14,10,0,12,12,873,625,248,33,321,552,6.61106167239404,6.956816,5.739705,5.95454545454545,6.59345794392523,6.62129862318841,69
"71",2007,4,6.5625,24,6.84375,6,5,6.22222222222222,6.76666666666667,16,8,1,9,15,897,641,256,34,330,567,6.60976236343367,6.95399375975039,5.74783921875,5.92647058823529,6.58333333333333,6.62514433862434,70
"72",2007,5,6.76774193548387,31,6.992,5.83333333333333,6,6.86363636363636,6.715,25,6,1,11,20,928,666,262,35,341,587,6.61503969827586,6.95542042042042,5.74979709923664,5.92857142857143,6.59237536656892,6.62820586030664,71
"73",2007,6,6.73461538461538,26,7.255,5,NA,5.8,7.015,20,6,0,6,20,954,686,268,35,347,607,6.61829857442348,6.96415451895044,5.73301059701493,5.92857142857143,6.57867435158501,6.64095031301483,72
"74",2007,7,6.58695652173913,23,7,5.64285714285714,5.5,6.28571428571429,6.71875,16,7,2,7,16,977,702,275,37,354,623,6.61756073694985,6.96497150997151,5.73071578181818,5.90540540540541,6.5728813559322,6.6429483788122,73
"75",2007,8,6.5,25,6.58333333333333,6.28571428571429,6,6.3,6.63333333333333,18,7,1,10,15,1002,720,282,38,364,638,6.61462758483034,6.95543055555556,5.74449234042553,5.90789473684211,6.56538461538462,6.64272231974922,74
"76",2007,9,6.64,35,6.6625,6.59090909090909,6,6.42857142857143,6.78095238095238,24,11,2,14,21,1037,744,293,40,378,659,6.61548393442623,6.9459811827957,5.7762690784983,5.9125,6.56031746031746,6.64712722306525,75
"77",2007,10,6.32925925925926,27,6.75823529411765,5.6,6,5.84142857142857,6.5,17,10,2,7,20,1064,761,303,42,385,679,6.60822071428571,6.94178712220762,5.77045161716172,5.91666666666667,6.54724675324675,6.64279357879234,76
"78",2007,11,6.55882352941176,34,6.71428571428571,5.83333333333333,5.75,6.95833333333333,6.34090909090909,28,6,2,12,22,1098,789,309,44,397,701,6.60669111111111,6.93371356147022,5.77167262135923,5.90909090909091,6.5596725440806,6.63331931526391,77
"79",2007,12,6.36,50,6.83333333333333,5.14285714285714,4,6.13888888888889,6.484375,36,14,4,18,32,1148,825,323,48,415,733,6.59594672473868,6.92933333333333,5.74441746130031,5.75,6.54142168674699,6.62681697135061,78
"80",2008,1,6.70322580645161,31,6.88636363636364,6.25555555555556,NA,6.22222222222222,6.9,22,9,0,9,22,1179,847,332,48,424,755,6.5987674639525,6.92821723730815,5.75827361445783,5.75,6.53464622641509,6.63477727152318,79
"81",2008,2,6.94117647058824,34,7.54347826086957,5.68181818181818,5.16666666666667,6.25,7.31818181818182,23,11,3,12,22,1213,870,343,51,436,777,6.60836507831822,6.94448275862069,5.7558216909621,5.7156862745098,6.5268119266055,6.65412720720721,80
"82",2008,3,6.30588571428571,35,6.875,5.54706666666667,5.45,5.95373333333333,6.57,20,15,2,15,20,1248,890,358,53,451,797,6.59988208333333,6.94292134831461,5.74707497206704,5.70566037735849,6.50775166297118,6.65201611041405,81
"83",2008,4,6.625,24,6.66666666666667,6.33333333333333,6,6.85,6.46428571428571,21,3,1,10,14,1272,911,361,54,461,811,6.60035600628931,6.93655323819978,5.75194692520776,5.71111111111111,6.51517570498915,6.64877538840937,82
"84",2008,5,6.67857142857143,28,7.13157894736842,5.72222222222222,NA,6.64285714285714,6.69047619047619,19,9,0,7,21,1300,930,370,54,468,832,6.60204064615385,6.9405376344086,5.75122389189189,5.71111111111111,6.51708547008547,6.64982793269231,83
"85",2008,6,7,32,7.33333333333333,6.36363636363636,6,7.6,6.72727272727273,21,11,1,10,22,1332,951,381,55,478,854,6.61160123123123,6.94921135646688,5.76890509186352,5.71636363636364,6.53974058577406,6.65182299765808,84
"86",2008,7,6.45416666666667,24,7.05294117647059,5,5,5.41666666666667,6.8,17,7,5,6,18,1356,968,388,60,484,872,6.60881477876106,6.95103305785124,5.75503309278351,5.65666666666667,6.52581818181818,6.65488169724771,85
"87",2008,8,5.95161290322581,31,6.26470588235294,5.57142857142857,5.1,5.58333333333333,6.18421052631579,17,14,5,12,19,1387,985,402,65,496,891,6.59412605623648,6.93918781725888,5.74863890547264,5.61384615384615,6.50301612903226,6.64484493827161,86
"88",2008,9,6.90416666666667,24,6.87222222222222,7,5,6.42857142857143,7.1,18,6,1,7,17,1411,1003,408,66,503,908,6.59939960311836,6.93798604187438,5.76704127450981,5.60454545454545,6.50198011928429,6.65336656387665,87
"89",2008,10,6.7962962962963,27,6.88636363636364,6.4,4.33333333333333,6.55,6.94117647058824,22,5,3,10,17,1438,1025,413,69,513,925,6.60309655076495,6.93687804878049,5.77470421307506,5.54927536231884,6.50291617933723,6.65865604324324,88
"90",2008,11,6.13714285714286,35,6.865,5.16666666666667,4.75,5.75,6.292,20,15,4,10,25,1473,1045,428,73,523,950,6.5920250101833,6.9355023923445,5.75339448598131,5.50547945205479,6.48852007648184,6.6490072,89
"91",2008,12,6.50967741935484,31,7.21578947368421,5.39166666666667,3,5.83636363636364,6.88,19,12,2,11,20,1504,1064,440,75,534,970,6.59032768617021,6.94050751879699,5.74352918181818,5.43866666666667,6.4750861423221,6.65376993814433,90
"92",2009,1,6.6224,50,7.071875,5.82333333333333,6.25,6.33333333333333,6.74628571428571,32,18,6,15,35,1554,1096,458,81,549,1005,6.59135961389961,6.94434306569343,5.74666558951965,5.49876543209877,6.4712131147541,6.65699188059702,91
"93",2009,2,6.35847457627119,59,6.94848484848485,5.60961538461538,5.25,7.13846153846154,6.13804347826087,33,26,4,13,46,1613,1129,484,85,562,1051,6.58284119032858,6.9444641275465,5.73930338842975,5.48705882352941,6.48664768683274,6.63427862987631,92
"94",2009,3,6.55172413793103,58,6.73953488372093,6.01333333333333,7.6,6.59375,6.53571428571429,43,15,2,16,42,1671,1172,499,87,578,1093,6.5817611250748,6.93694539249147,5.74754076152305,5.53563218390804,6.48961245674741,6.63049116193962,93
"95",2009,4,5.96184210526316,38,6.73947368421053,5.18421052631579,5,5.75454545454545,6.0462962962963,19,19,3,11,27,1709,1191,518,90,589,1120,6.56797708601521,6.93379513014274,5.72687806949807,5.51777777777778,6.47588455008489,6.61640789285714,94
"96",2009,5,6.36363636363636,55,7.03870967741936,5.49166666666667,5.14285714285714,6.38461538461539,6.35714285714286,31,24,7,13,42,1764,1222,542,97,602,1162,6.56160591836735,6.93645662847791,5.71646280442805,5.49072164948454,6.47391362126246,6.60703686746988,95
"97",2009,6,6.86,40,7.24615384615385,6.14285714285714,NA,6.75,6.89666666666667,26,14,0,10,30,1804,1248,556,97,612,1192,6.56822219512195,6.94290865384615,5.72719935251799,5.49072164948454,6.47842483660131,6.61432620805369,96
"98",2009,7,6.29545454545455,44,7.13461538461539,5.08333333333333,4.21428571428571,6.35,6.27941176470588,26,18,7,10,34,1848,1274,574,104,622,1226,6.56172772727273,6.94682103610675,5.70700843205575,5.40480769230769,6.47636012861736,6.60503820554649,97
"99",2009,8,6.621875,32,6.95652173913043,5.76666666666667,5.5,6.3,6.76818181818182,23,9,4,10,22,1880,1297,583,108,632,1248,6.5627515106383,6.94699306090979,5.70792939965695,5.40833333333333,6.47356962025316,6.60791413461538,98
"100",2009,9,6.62162162162162,37,7.32608695652174,5.46428571428571,5,5.75,6.94444444444444,23,14,3,10,27,1917,1320,597,111,642,1275,6.56388776212832,6.95359848484848,5.70221581239531,5.3972972972973,6.46229906542056,6.61504065882353,99
"101",2009,10,6.41315789473684,38,7.14545454545455,5.40625,4.8,6.16666666666667,6.52692307692308,22,16,5,12,26,1955,1342,613,116,654,1301,6.56095797442455,6.9567436661699,5.69449076672104,5.37155172413793,6.456874617737,6.61327966179862,100
"102",2009,11,6.64583333333333,48,7.10714285714286,6,6.375,5.83333333333333,6.83333333333333,28,20,4,9,39,2003,1370,633,120,663,1340,6.56299193210185,6.95981751824818,5.70414350710901,5.405,6.44841025641026,6.61968420895522,101
"103",2009,12,6.4109756097561,41,6.70208333333333,6,4.6,5.75,6.596875,24,17,5,9,32,2044,1394,650,125,672,1372,6.55994268101761,6.95538020086083,5.71188129230769,5.3728,6.43905654761905,6.61915221574344,102
"104",2010,1,6.59090909090909,44,7.375,5.65,5.21428571428571,5.33333333333333,6.91428571428571,24,20,7,9,35,2088,1418,670,132,681,1407,6.56059522988506,6.96248236953456,5.71003408955224,5.36439393939394,6.42444346549192,6.62649384506041,103
"105",2010,2,6.44642857142857,42,6.8125,6.11363636363636,5,6.625,6.41666666666667,20,22,3,6,36,2130,1438,692,135,687,1443,6.55834405633803,6.96039638386648,5.72286537572254,5.3562962962963,6.42619505094614,6.62125907137907,104
"106",2010,3,6.41032258064516,31,6.915,5.49272727272727,3.5,4.23,6.73333333333333,20,11,2,4,27,2161,1458,703,137,691,1470,6.55622065710319,6.95977366255144,5.71926435277383,5.32919708029197,6.41348191027496,6.62331757823129,105
"107",2010,4,6.11363636363636,22,6.30769230769231,5.83333333333333,4,6.55,6.01666666666667,13,9,1,4,18,2183,1471,712,138,695,1488,6.55176034814475,6.95401087695445,5.72070623595506,5.3195652173913,6.41426762589928,6.61597905913978,106
"108",2010,5,5.89,30,7.43333333333333,4.86111111111111,4.2,6,5.85652173913043,12,18,1,7,23,2213,1483,730,139,702,1511,6.54278935381835,6.95788941335132,5.69951073972603,5.31151079136691,6.41013675213675,6.6044188219722,107
"109",2010,6,6.89090909090909,22,7.14444444444444,5.75,NA,7.125,6.75714285714286,18,4,0,8,14,2235,1501,734,139,710,1525,6.54621603579418,6.96012658227848,5.69978588555858,5.31151079136691,6.41819154929578,6.60582087868853,108
"110",2010,7,5.96590909090909,22,6.59375,5.60714285714286,5.16666666666667,4.9375,6.19444444444444,8,14,6,4,18,2257,1509,748,145,714,1543,6.5405595214887,6.95818422796554,5.69805192513369,5.30551724137931,6.40989635854342,6.60102193130266,109
"111",2010,8,6.14459459459459,37,6.86666666666667,5.46052631578947,5.91666666666667,5.54166666666667,6.26129032258065,18,19,3,6,31,2294,1527,767,148,720,1574,6.53417299040976,6.95710543549443,5.69216797913951,5.3179054054054,6.40266111111111,6.5943309021601,110
"112",2010,9,6.58333333333333,36,7.3,5.6875,5.2,6.5,6.60714285714286,20,16,5,8,28,2330,1547,783,153,728,1602,6.53493254935622,6.96153846153846,5.69207259259259,5.3140522875817,6.40373076923077,6.59455483146068,111
"113",2010,10,6.43823529411765,34,7.08571428571429,5.39230769230769,5.25,7,6.36333333333333,21,13,4,4,30,2364,1568,796,157,732,1632,6.53354181049069,6.96320153061225,5.68717693467337,5.3124203821656,6.40698907103825,6.59030443627451,112
"114",2010,11,6.6025641025641,39,6.8448275862069,5.9,5,6.5,6.61764705882353,29,10,2,5,34,2403,1597,806,159,737,1666,6.53466202247191,6.96105197244834,5.68981741935484,5.30849056603773,6.40762008141113,6.59086244897959,113
"115",2010,12,6.45555555555556,36,6.74583333333333,5.875,5,4.66666666666667,6.61818181818182,24,12,1,3,33,2439,1621,818,160,740,1699,6.53349439934399,6.95786551511413,5.69253403422983,5.3065625,6.40056216216216,6.59139307828134,114
"116",2011,1,6.54146341463415,41,7.06,5.73125,6.1,5.85714285714286,6.68235294117647,25,16,5,7,34,2480,1646,834,165,747,1733,6.53362614516129,6.95941676792224,5.69327678657074,5.33060606060606,6.39546987951807,6.59317763416042,115
"117",2011,2,6.21317948717949,39,6.56147826086957,5.7125,5.83333333333333,6.0535,6.23142857142857,23,16,3,4,35,2519,1669,850,168,751,1768,6.52866488289003,6.95393289394847,5.69363863529412,5.33958333333333,6.39364846870839,6.5860163122172,116
"118",2011,3,6.30576923076923,26,7.45416666666667,5.32142857142857,4,6.6,6.23571428571429,12,14,1,5,21,2545,1681,864,169,756,1789,6.52638775638507,6.95750386674599,5.6876074537037,5.33165680473373,6.39501322751323,6.58190432643935,117
"119",2011,4,6.65347826086956,23,7.26866666666667,5.5,5.25,5.646,6.93333333333333,15,8,4,5,18,2568,1696,872,173,761,1807,6.52752602803738,6.96025589622642,5.68588628440367,5.32976878612717,6.39009198423127,6.58540500276702,118
"120",2011,5,6.57407407407407,27,6.8,5.92857142857143,5,8.16666666666667,6.375,20,7,1,3,24,2595,1716,879,174,764,1831,6.52801034296724,6.95838811188811,5.68781893060296,5.32787356321839,6.39706806282722,6.58264709994539,119
"121",2011,6,6.42068965517241,29,6.9375,5.78461538461538,6.25,5.83333333333333,6.57391304347826,16,13,4,6,23,2624,1732,892,178,770,1854,6.52682425304878,6.95819515011547,5.68922964125561,5.34859550561798,6.39267532467532,6.58253874865157,120
"122",2011,7,7.01538461538462,26,7.87,4.16666666666667,4,7.55,6.77777777777778,20,6,1,8,18,2650,1752,898,179,778,1872,6.5316176754717,6.96860388127854,5.67905661469933,5.34106145251396,6.40457583547558,6.58441604700855,121
"123",2011,8,6.84545454545455,33,6.916,6.625,4,6.8125,6.856,25,8,1,8,25,2683,1777,906,180,786,1897,6.53547776369735,6.96786381541925,5.68740931567329,5.33361111111111,6.40872773536896,6.58799517132314,122
"124",2011,9,5.89722222222222,36,6.825,4.7375,4.95,6,5.84583333333333,20,16,4,12,24,2719,1797,922,184,798,1921,6.52702715704303,6.96627378964942,5.67092498915401,5.32527173913043,6.40258145363408,6.57872297761583,123
"125",2011,10,6.35,32,6.81111111111111,5.75714285714286,5.5,6.325,6.35357142857143,18,14,5,4,28,2751,1815,936,189,802,1949,6.52496795347147,6.9647349862259,5.67221457264957,5.32989417989418,6.40219451371571,6.57548837352488,124
"126",2011,11,6.33604651162791,43,6.62361111111111,4.85714285714286,5,6.92,6.15909090909091,36,7,3,10,33,2794,1851,943,192,812,1982,6.52206042949177,6.95810048622366,5.66616419936373,5.32473958333333,6.40857142857143,6.56855541876892,125
"127",2011,12,6.27142857142857,28,6.22777777777778,6.35,2,4.85714285714286,6.74285714285714,18,10,1,7,21,2822,1869,953,193,819,2003,6.51957364989369,6.95106688068486,5.67333981112277,5.30751295336787,6.39531135531135,6.5703828457314,126
"128",2012,1,6.73269230769231,52,7.0969696969697,6.1,6,6.88888888888889,6.7,33,19,5,9,43,2874,1902,972,198,828,2046,6.52342965901183,6.95359831756046,5.68167987654321,5.325,6.40067632850241,6.5731069599218,127
"129",2012,2,6.26470588235294,34,7,5.21428571428571,6.16666666666667,4.94444444444444,6.74,20,14,3,9,25,2908,1922,986,201,837,2071,6.52040469050894,6.95408116545266,5.67504344827586,5.33756218905472,6.38501792114695,6.5751216030903,128
"130",2012,3,6.87368421052632,38,6.91785714285714,6.75,5.5,6.725,6.89117647058824,28,10,2,4,34,2946,1950,996,203,841,2105,6.5249615885947,6.95356102564103,5.68583618473896,5.33916256157635,6.38663495838288,6.58022652731592,129
"131",2012,4,6.63636363636364,33,6.82,6.0625,6.5,7,6.61290322580645,25,8,1,2,31,2979,1975,1004,204,843,2136,6.52619564954683,6.95187037974684,5.68883749003984,5.34485294117647,6.38809015421115,6.58070076779026,130
"132",2012,5,6.98148148148148,27,7.04761904761905,6.75,NA,6,7.15217391304348,21,6,0,4,23,3006,1996,1010,204,847,2159,6.53028504324684,6.95287775551102,5.69514142574257,5.34485294117647,6.38625737898465,6.58678871699861,131
"133",2012,6,6.86666666666667,24,7.36666666666667,6.03333333333333,5.8,8,6.64,15,9,1,4,20,3030,2011,1019,205,851,2179,6.53294945214521,6.95596419691696,5.69812840039254,5.3470731707317,6.39384253819036,6.58727711794401,132
"134",2012,7,6.37,35,6.35,6.45,6,6.34545454545455,6.38125,28,7,2,11,24,3065,2039,1026,207,862,2203,6.53108869168026,6.94764296223639,5.70325812865497,5.35338164251207,6.39322505800464,6.58503261007717,133
"135",2012,8,6.33103448275862,29,7.00526315789474,5.05,6,6.2,6.35833333333333,19,10,1,5,24,3094,2058,1036,208,867,2227,6.52921358758888,6.9481749271137,5.69695254826255,5.35649038461538,6.3921107266436,6.58258951055231,134
"136",2012,9,6.48076923076923,26,7.42857142857143,5.375,6,5.9,6.61904761904762,14,12,2,5,21,3120,2072,1048,210,872,2248,6.52880988461538,6.95142084942085,5.69326606870229,5.36261904761905,6.38928899082569,6.58293008896797,135
"137",2012,10,6.6969696969697,33,7.25,6.03333333333333,6,5.6,6.89285714285714,18,15,3,5,28,3153,2090,1063,213,877,2276,6.53056988265144,6.95399234449761,5.69806476011289,5.37159624413145,6.38478905359179,6.58674289982425,136
"138",2012,11,6.41764705882353,34,6.98421052631579,5.7,6.33333333333333,6.53333333333333,6.376,19,15,3,9,25,3187,2109,1078,216,886,2301,6.52936518355821,6.95426458036985,5.69809168831169,5.3849537037037,6.38629796839729,6.58445321164711,137
"139",2012,12,6.51851851851852,27,6.94117647058824,5.8,7,7.66666666666667,6.375,17,10,1,3,24,3214,2126,1088,217,889,2325,6.52927406347231,6.9541599247413,5.69902834558824,5.39239631336405,6.39061867266592,6.58229111397849,138
"140",2013,1,6.68117647058824,34,7.05523809523809,6.07692307692308,5.75,5.33333333333333,6.81161290322581,21,13,4,3,31,3248,2147,1101,221,892,2356,6.53086417487685,6.95514857941314,5.70349031789282,5.39886877828054,6.38706278026906,6.58530850594228,139
"141",2013,2,6.8178125,32,7,6.417,NA,6.67833333333333,6.85,22,10,0,6,26,3280,2169,1111,221,898,2382,6.53366367073171,6.95560350391886,5.70991254725473,5.39886877828054,6.38900890868597,6.58819766582704,140
"142",2013,3,6.55147058823529,34,6.73,6.05555555555556,5,6.08333333333333,6.65178571428571,25,9,1,6,28,3314,2194,1120,222,904,2410,6.53384636089318,6.95303281677302,5.71269003571429,5.39707207207207,6.38698008849557,6.58893644813278,141
"143",2013,4,6.85416666666667,24,7,6.3,NA,7.25,6.775,19,5,0,4,20,3338,2213,1125,222,908,2430,6.53614944278011,6.95343605964754,5.71530030222222,5.39707207207207,6.39078193832599,6.59046783539095,142
"144",2013,5,6.59354838709677,31,6.745,6.31818181818182,4.75,6.25,6.64444444444444,20,11,2,4,27,3369,2233,1136,224,912,2457,6.53667760166221,6.95156918943126,5.72113806338028,5.39129464285714,6.39016447368421,6.59106098494098,143
"145",2013,6,7.2625,32,7.62608695652174,6.33333333333333,6.5,6.25,7.6,23,9,3,8,24,3401,2256,1145,227,920,2481,6.54350686268744,6.95844592198582,5.72595007860262,5.40594713656387,6.38894565217391,6.60082097541314,144
"146",2013,7,7.07575757575758,33,7.56818181818182,6.09090909090909,6,7.28571428571429,7.01923076923077,22,11,2,7,26,3434,2278,1156,229,927,2507,6.54862167734421,6.96433450395083,5.72942287197232,5.41113537117904,6.39571736785329,6.60516028719585,145
"147",2013,8,6.60967741935484,31,6.94761904761905,5.9,6.43333333333333,6.9,6.55384615384615,21,10,3,5,26,3465,2299,1166,232,932,2533,6.54916791919192,6.96418181818182,5.73088579759863,5.42435344827586,6.39842274678112,6.60463357283853,146
"148",2013,9,6.18125,32,6.21052631578947,6.13846153846154,6.75,5.5,6.27857142857143,19,13,2,4,28,3497,2318,1179,234,936,2561,6.54580121246783,6.95800431406385,5.73537984732824,5.43568376068376,6.39458333333333,6.60106866067942,147
"149",2013,10,6.35714285714286,28,6.66666666666667,5.42857142857143,NA,6.3,6.3695652173913,21,7,0,5,23,3525,2339,1186,234,941,2584,6.54430264964539,6.95538862761864,5.73356900505902,5.43568376068376,6.39408076514346,6.59900806501548,148
"150",2013,11,6.71,40,7.33333333333333,6.02105263157895,5.75,6,6.8875,21,19,4,8,32,3565,2360,1205,238,949,2616,6.54616180645161,6.95875169491526,5.73810194190871,5.44096638655462,6.39075869336143,6.60253701834862,149
"151",2013,12,6.52272727272727,44,7,5.5,3.66666666666667,6,6.63888888888889,30,14,3,8,36,3609,2390,1219,241,957,2652,6.54587609864228,6.95926945606695,5.7353673831009,5.41887966804979,6.3874921630094,6.6030304826546,150
"152",2014,1,6.625,56,6.87878787878788,6.26086956521739,6.25,6.90909090909091,6.55555555555556,33,23,4,11,45,3665,2423,1242,245,968,2697,6.54708508594816,6.95817333883615,5.74509890499195,5.43244897959183,6.3934194214876,6.60223835372636,151
"153",2014,2,6.47093023255814,43,7.12,5.56944444444444,5.6,4.875,6.83571428571429,25,18,5,8,35,3708,2448,1260,250,976,2732,6.54620195253506,6.95982598039216,5.74258955555556,5.4358,6.38097336065574,6.60522944363104,152
"154",2014,3,7.13636363636364,33,7.21153846153846,6.85714285714286,6,7,7.1551724137931,26,7,2,4,29,3741,2474,1267,252,980,2761,6.5514078695536,6.96247130153597,5.748747308603,5.44027777777778,6.3835,6.61100573705179,153
"155",2014,4,6.95,37,7.39038461538462,5.90909090909091,6.25,6.5625,7.05689655172414,26,11,2,8,29,3778,2500,1278,254,988,2790,6.55531149814717,6.9669216,5.75012741784037,5.44665354330708,6.38494939271255,6.61564044444445,154
"156",2014,5,6.19166666666667,36,6.7125,5.15,7.25,5.225,6.46785714285714,24,12,2,8,28,3814,2524,1290,256,996,2818,6.5518790875721,6.96450237717908,5.7445448372093,5.4607421875,6.37563253012048,6.61417205110007,155
"157",2014,6,6.88285714285714,14,7.42222222222222,5.912,5.56,6.312,7.2,9,5,1,5,9,3828,2533,1295,257,1001,2827,6.55308956112853,6.96612870114489,5.74519138223938,5.46112840466926,6.37531468531468,6.61603708524938,156
"158",2014,7,6.46875,32,7.35714285714286,5.77777777777778,5,4.6,6.81481481481481,14,18,1,5,27,3860,2547,1313,258,1006,2854,6.552390373057,6.96827797408716,5.74563811119573,5.45934108527132,6.36649105367793,6.6179176033637,157
"159",2014,8,6.15128205128205,39,6.87692307692308,4.7,5.7,5.09090909090909,6.56785714285714,26,13,3,11,28,3899,2573,1326,261,1017,2882,6.54837826109259,6.96735483870968,5.7353867571644,5.46210727969348,6.3526941986234,6.61743124219292,158
"160",2014,9,6.33333333333333,33,6.97058823529412,5.65625,5.33333333333333,6,6.37931034482759,17,16,6,4,29,3932,2590,1342,267,1021,2911,6.5465734587996,6.96737606177606,5.73444324888227,5.45921348314606,6.3513124387855,6.61505903126074,159
"161",2014,10,6.47096774193548,31,7.00625,5.9,5.2,5,6.98260869565217,16,15,5,8,23,3963,2606,1357,272,1029,2934,6.54598204390613,6.9676147352264,5.73627327929256,5.45444852941176,6.34080660835763,6.61794029993183,160
"162",2014,11,6.49690476190476,42,6.61875,6.33444444444444,6.5,5.58666666666667,6.64861111111111,24,18,3,6,36,4005,2630,1375,275,1035,2970,6.54546737578028,6.96443117870722,5.74410388363636,5.46585454545454,6.3364347826087,6.61831206734007,161
"163",2014,12,6.564,50,6.82368421052632,5.74166666666667,4.7,6.00909090909091,6.72051282051282,38,12,2,11,39,4055,2668,1387,277,1046,3009,6.54569589149199,6.96242653673163,5.74408279740447,5.46032490974729,6.33299235181644,6.61963670322366,162
"164",2015,1,6.181,50,6.71129032258064,5.31578947368421,5.5,4.72857142857143,6.41744186046512,31,19,8,7,43,4105,2699,1406,285,1053,3052,6.54125379780755,6.95954205261208,5.73829504978663,5.46143859649122,6.32232668566002,6.61678795543906,163
"165",2015,2,6.50263157894737,38,6.94615384615385,5.54166666666667,NA,5.71428571428571,6.68064516129032,26,12,0,7,31,4143,2725,1418,285,1060,3083,6.54089955104997,6.9594143119266,5.73663105782793,5.46143859649122,6.31831132075472,6.61743004865391,164
"166",2015,3,6.46111111111111,54,6.65454545454545,6.15714285714286,5.875,6.24615384615385,6.52926829268293,33,21,4,13,41,4197,2758,1439,289,1073,3124,6.53987296640458,6.95576649746193,5.74276778318277,5.46716262975778,6.31743709226468,6.61627299615877,165
"167",2015,4,6.92796666666667,30,7.35994736842105,6.18181818181818,5.75,7.25,6.87842307692308,19,11,2,4,26,4227,2777,1450,291,1077,3150,6.54262735746392,6.9585318689233,5.74609851034483,5.46910652920962,6.32090064995358,6.61843677460317,166
"168",2015,5,6.50434782608696,23,6.84,5.875,6,6.43333333333333,6.52941176470588,15,8,1,6,17,4250,2792,1458,292,1083,3167,6.54242019764706,6.95789505730659,5.74680578875172,5.47092465753424,6.32152354570637,6.6179589011683,167
"169",2015,6,6.60413333333333,30,6.90729411764706,6.20769230769231,4.9,5.7905,6.9,17,13,5,8,22,4280,2809,1471,297,1091,3189,6.54285276635514,6.95758882164471,5.75087888511217,5.46131313131313,6.31762969752521,6.6199046221386,168
"170",2015,7,6.928,25,7.06666666666667,6.57142857142857,5.66666666666667,7.375,6.84285714285714,18,7,3,4,21,4305,2827,1478,300,1095,3210,6.54508939372822,6.95828333922886,5.7547651150203,5.46336666666666,6.32149223744292,6.62136319003115,169
"171",2015,8,6.82058823529412,34,7.2952380952381,6.05384615384615,5.75,7.5,6.778125,21,13,4,2,32,4339,2848,1491,304,1097,3242,6.54724817699931,6.96076790730337,5.75737279678069,5.46713815789473,6.32364083865087,6.62291049969155,170
"172",2015,9,6.62272727272727,22,7.07692307692308,5.96666666666667,6,NA,6.62272727272727,13,9,3,0,22,4361,2861,1500,307,1097,3264,6.54762894748911,6.96129570080391,5.75862856,5.47234527687296,6.32364083865087,6.62290926470588,171
"173",2015,10,6.404,25,6.725,5.83333333333333,7,4.33333333333333,6.68636363636364,16,9,1,3,22,4386,2877,1509,308,1100,3286,6.54681026903785,6.95998157803267,5.75907411530815,5.47730519480519,6.31821272727273,6.62333409616555,172
"174",2015,11,6.29134615384615,52,6.8375,5.0625,5.3,6.05714285714286,6.32777777777778,36,16,5,7,45,4438,2913,1525,313,1107,3331,6.54381699864804,6.958467902506,5.75176579672131,5.47447284345048,6.31656187895212,6.61934129090363,173
"175",2015,12,6.32325581395349,43,6.92222222222222,5.3125,5,6.15,6.37575757575758,27,16,3,10,33,4481,2940,1541,316,1117,3364,6.54170047757197,6.9581350340136,5.7472049578196,5.46996835443038,6.31507072515667,6.61695179548157,174
"176",2016,1,6.57461538461538,52,7.01757575757576,5.80526315789474,5.4,5.96428571428571,6.66955555555556,33,19,5,7,45,4533,2973,1560,321,1124,3409,6.54207805868079,6.95879482004709,5.74791207692308,5.46887850467289,6.31288612099644,6.61764618363156,175
"177",2016,2,6.55217391304348,23,6.75,6.33636363636364,5.66666666666667,5.71428571428571,6.91875,12,11,3,7,16,4556,2985,1571,324,1131,3425,6.54212902546093,6.9579554438861,5.75203236155315,5.47070987654321,6.30918125552608,6.6190528,176
"178",2016,3,6.42,20,6.67857142857143,5.81666666666667,NA,7,6.35555555555556,14,6,0,2,18,4576,2999,1577,324,1133,3443,6.54159524475525,6.95665121707236,5.75227827520609,5.47070987654321,6.31040070609003,6.61767523671217,177
"179",2016,4,6.428125,32,6.89473684210526,5.74615384615385,6,5.8,6.54444444444444,19,13,4,5,27,4608,3018,1590,328,1138,3470,6.54080725694445,6.95626143141153,5.75222820125786,5.47716463414634,6.30815817223199,6.61710542939481,178
"180",2016,5,6.34090909090909,22,6.89285714285714,5.375,6,5.5,6.425,14,8,1,2,20,4630,3032,1598,329,1140,3490,6.53985741684665,6.95596866754617,5.75033969962453,5.47875379939209,6.30674035087719,6.61600453868195,179
"181",2016,6,6.28,25,6.85714285714286,5.54545454545455,7,4.25,6.45652173913043,14,11,1,2,23,4655,3046,1609,330,1142,3513,6.53846183458647,6.955514445174,5.74893899316346,5.48336363636363,6.30313835376532,6.61496038713351,180
"182",2016,7,6.97090909090909,44,7.63461538461539,6.01222222222222,5.375,7.11111111111111,6.93485714285714,26,18,4,9,35,4699,3072,1627,334,1151,3548,6.54251113854012,6.96126204427083,5.75185177627536,5.48206586826347,6.3094561251086,6.61811607666291,181
"183",2016,8,6.63030303030303,33,7.03333333333333,5.55555555555556,5.3,6.4,6.7304347826087,24,9,5,10,23,4732,3096,1636,339,1161,3571,6.54312338123415,6.96182073643411,5.75077190709047,5.47938053097345,6.31023600344531,6.61883949593951,182
"184",2016,9,6.819075,28,7.33522777777778,5.89,5.98,7.10682,6.75652173913043,18,10,5,5,23,4760,3114,1646,344,1166,3594,6.54474662605042,6.96397915863841,5.75161776427704,5.48665697674418,6.31365188679245,6.61972060100167,183
"185",2016,10,6.64705882352941,51,6.89189189189189,6,5.33333333333333,7.14285714285714,6.56818181818182,37,14,3,7,44,4811,3151,1660,347,1173,3638,6.54583120764914,6.96313268803554,5.75371255421687,5.48533141210374,6.31860025575448,6.619097262232,184
"186",2016,11,6.43552631578947,38,6.70862068965517,5.55555555555556,4,5.625,6.53088235294118,29,9,1,4,34,4849,3180,1669,348,1177,3672,6.54496678490411,6.96081166666667,5.75264400239665,5.4810632183908,6.31624307561597,6.61828045751634,185
"187",2016,12,6.28,30,7.1,4.86363636363636,6,6.75,6.20769230769231,19,11,2,4,26,4879,3199,1680,350,1181,3698,6.54333755687641,6.96163835573617,5.74682311904762,5.48402857142857,6.31771219305673,6.61539368307193,186
"188",2017,1,6.27380952380952,42,6.67307692307692,5.625,NA,5.5,6.37837837837838,26,16,0,5,37,4921,3225,1696,350,1186,3735,6.54103717537086,6.95931196899225,5.74567384433962,5.48402857142857,6.31426483979764,6.61304574029451,187
"189",2017,2,6.43333333333333,39,6.75652173913043,5.96875,4.75,7,6.4027027027027,23,16,4,2,37,4960,3248,1712,354,1188,3772,6.54019031048387,6.9578759544335,5.7477586682243,5.47573446327683,6.31541927609428,6.6109824602333,188
"190",2017,3,6.49117647058824,34,7.16666666666667,5.4,4.7,6.37142857142857,6.52222222222222,21,13,3,7,27,4994,3269,1725,357,1195,3799,6.53985661593913,6.95921722239217,5.74513787826087,5.46921568627451,6.31574736401674,6.61035162937615,189
"191",2017,4,6.66153846153846,39,7.17727272727273,5.99411764705882,6.34,6.24285714285714,6.753125,22,17,5,7,32,5033,3291,1742,362,1202,3831,6.54079951122591,6.96067490124582,5.74756764638347,5.48124309392265,6.31532287853577,6.61154420255808,190
"192",2017,5,6.84210526315789,38,7.18,6.19230769230769,5,7,6.83783783783784,25,13,1,1,37,5071,3316,1755,363,1203,3868,6.54305737329915,6.96232843787696,5.75086201709402,5.4799173553719,6.31589201995012,6.61370885211996,191
"193",2017,6,6.61538461538461,26,7.2,5.81818181818182,5,6.375,6.65909090909091,15,11,2,4,22,5097,3331,1766,365,1207,3890,6.54342631744163,6.96339870909637,5.75128133635334,5.47728767123288,6.31608790389395,6.61396551156813,192
"194",2017,7,6.15853658536585,41,6.91304347826087,5.19444444444444,4.33333333333333,6.6,6.09722222222222,23,18,3,5,36,5138,3354,1784,368,1212,3926,6.54035499026859,6.96305339892665,5.74566302690583,5.46796195652174,6.31725915841584,6.60922716250637,193
"195",2017,8,6.34651162790698,43,6.84,5.66111111111111,5.125,7,6.21944444444444,25,18,4,7,36,5181,3379,1802,372,1219,3962,6.53874617641382,6.96214297129328,5.74481844617092,5.46427419354839,6.32117973748975,6.60568547198385,194
"196",2017,9,6.596875,32,6.91578947368421,6.13076923076923,5.33333333333333,7,6.52222222222222,19,13,3,5,27,5213,3398,1815,375,1224,3989,6.53910300019183,6.96188378457916,5.74758283195593,5.46322666666667,6.32395269607843,6.6051205414891,195
"197",2017,10,6.34242424242424,33,6.77142857142857,5.59166666666667,4.5,4.83333333333333,6.49333333333333,21,12,2,3,30,5246,3419,1827,377,1227,4019,6.53786579107892,6.96071398069611,5.74655875205255,5.45811671087533,6.32030814995925,6.60428610102016,196
"198",2017,11,6.50094339622641,53,7.08108108108108,5.159375,5.25,7.21,6.42708333333333,37,16,2,5,48,5299,3456,1843,379,1232,4067,6.53749649745235,6.96200263310185,5.74146111774281,5.45701846965699,6.32391891233766,6.60219469879518,197
"199",2017,12,6.73222222222222,36,7.10727272727273,6.14285714285714,5.66666666666667,6.375,6.83428571428571,22,14,3,8,28,5335,3478,1857,382,1240,4095,6.53881048547329,6.96292153536515,5.74448725901993,5.45866492146597,6.32424846774194,6.60378164590965,198
"200",2018,1,6.92545454545455,55,7.22564102564103,6.19375,5.825,7.6375,6.86960784313725,39,16,4,4,51,5390,3517,1873,386,1244,4146,6.54275583302412,6.96583483082172,5.74832506139883,5.46246113989637,6.3284711414791,6.60705157742402,199
"201",2018,2,6.4,29,6.89444444444444,5.59090909090909,7.5,6.79166666666667,6.29782608695652,18,11,1,6,23,5419,3535,1884,387,1250,4169,6.54199186934859,6.96547131541726,5.74740596602973,5.46772609819122,6.33069448,6.60534560805949,200
"202",2018,3,6.65,30,7.13888888888889,5.91666666666667,5,7.5,6.48,18,12,3,5,25,5449,3553,1896,390,1255,4194,6.54258651862727,6.96634987334647,5.74847723628692,5.46412820512821,6.33535306772909,6.60459843586075,201
"203",2018,4,6.4258064516129,31,6.985,5.40909090909091,2,7.5,6.35172413793103,20,11,1,2,29,5480,3573,1907,391,1257,4223,6.54192590145986,6.96645426812203,5.74651958049292,5.45526854219949,6.3372061256961,6.60286190859579,202
"204",2018,5,6.83333333333333,24,6.75,7.25,6,6.66666666666667,6.88888888888889,20,4,1,6,18,5504,3593,1911,392,1263,4241,6.54319657340117,6.96524940161425,5.74966658294087,5.45665816326531,6.33877125890737,6.60407588776232,203
"205",2018,6,6.56775757575758,33,6.73634782608696,6.18,4.9,6.26666666666667,6.59786666666667,23,10,2,3,30,5537,3616,1921,394,1266,4271,6.5433429546686,6.96379344579646,5.75190673607496,5.45383248730965,6.33860039494471,6.60403227347226,204
"206",2018,7,6.57391304347826,23,6.62941176470588,6.41666666666667,5.5,8.5,6.39047619047619,17,6,2,2,21,5560,3633,1927,396,1268,4292,6.54346941366907,6.9622287641068,5.7539765646082,5.45406565656566,6.34200954258675,6.60298738117428,205
"207",2018,8,6.5351724137931,29,6.94842105263158,5.75,3,6.5,6.5425,19,10,2,5,24,5589,3652,1937,398,1273,4316,6.54342636249776,6.96215692771084,5.75395603510584,5.44173366834171,6.34263008641006,6.60265102873031,206
"208",2018,9,6.56818181818182,22,7.15625,5,7,5,6.725,16,6,1,2,20,5611,3668,1943,399,1275,4336,6.54352342541437,6.96300357142857,5.75162781266084,5.44563909774436,6.340524,6.60321536900369,207
"209",2018,10,6.35384615384615,26,6.6,5.88888888888889,NA,7.3,6.12857142857143,17,9,0,5,21,5637,3685,1952,399,1280,4357,6.54264856129147,6.96132892808684,5.75226067622951,5.44563909774436,6.344271953125,6.60092766582511,208
"210",2018,11,6.5,33,6.95652173913043,5.45,4.33333333333333,6,6.66,23,10,3,8,25,5670,3708,1962,402,1288,4382,6.54240034215168,6.96129911003236,5.7507201019368,5.43733830845771,6.34213361801242,6.60126468279325,209
"211",2018,12,6.83421052631579,38,7.21,6.41666666666667,4,7.0625,6.77333333333333,20,18,1,8,30,5708,3728,1980,403,1296,4412,6.5443430168185,6.96263334227468,5.75677416161616,5.43377171215881,6.34658032407408,6.60243468721668,210
"212",2019,1,6.98863636363636,44,7.17241379310345,6.63333333333333,6,7,6.98809523809524,29,15,1,2,42,5752,3757,1995,404,1298,4454,6.54774164464534,6.96425262177269,5.7633648320802,5.43517326732673,6.34758713405239,6.60607136057477,211
"213",2019,2,6.67692307692308,26,7.31538461538462,6.03846153846154,6.25,6.58,6.7,13,13,2,5,21,5778,3770,2008,406,1303,4475,6.54832293873313,6.96546342175066,5.76514583665339,5.43918719211823,6.34847897160399,6.60651214301676,212
"214",2019,3,6.50555555555556,27,7.13333333333333,5.72083333333333,NA,5.66666666666667,6.61041666666667,15,12,0,3,24,5805,3785,2020,406,1306,4499,6.54812402067184,6.96612869220608,5.76488259405941,5.43918719211823,6.3469127871363,6.60653297177151,213
"215",2019,4,6.57142857142857,28,6.94117647058824,6,6,6.6,6.56521739130435,17,11,1,5,23,5833,3802,2031,407,1311,4522,6.54823588890794,6.96601712256707,5.76615600196947,5.44056511056511,6.34787803203661,6.60632283060593,214
"216",2019,5,6.84074074074074,27,7.15,6.22222222222222,6,6.66666666666667,6.8625,18,9,1,3,24,5860,3820,2040,408,1314,4546,6.54958360750853,6.96688405759162,5.76816805882353,5.44193627450981,6.34860585996956,6.60767528376595,215
"217",2019,6,6.74375,32,7.06190476190476,6.13636363636364,9,6.6875,6.7625,21,11,1,8,24,5892,3841,2051,409,1322,4570,6.55063814324508,6.96740356677949,5.77014277913213,5.45063569682152,6.35065665658094,6.60848836761488,216
"218",2019,7,6.30285714285714,35,7.02777777777778,5.53529411764706,7,4.25,6.56774193548387,18,17,1,4,31,5927,3859,2068,410,1326,4601,6.54917495191497,6.96768517750713,5.76821220502902,5.45441463414634,6.34431983408748,6.6082138317757,217
"219",2019,8,6.66969696969697,33,7.33809523809524,5.5,5,6.66666666666667,6.67,21,12,1,3,30,5960,3880,2080,411,1329,4631,6.54984227181208,6.9696899742268,5.76666482692308,5.45330900243309,6.34504747930775,6.60861408767005,218
"220",2019,9,6.26774193548387,31,6.87142857142857,5,5.33333333333333,4,6.42413793103448,21,10,3,2,29,5991,3901,2090,414,1331,4660,6.54838256384577,6.96916100999744,5.76299657416268,5.45243961352657,6.34152374154771,6.60746606008584,219
"221",2019,10,6.59425531914894,47,7.11178571428571,5.83157894736842,4.5,5.6,6.73975609756098,28,19,2,6,41,6038,3929,2109,416,1337,4701,6.5487396389533,6.97017742428099,5.76361443338075,5.44786057692308,6.33819603590127,6.60861983407786,220
"222",2019,11,6.83417763157895,38,7.41676136363636,6.033125,5.625,7.005,6.8021484375,22,16,4,6,32,6076,3951,2125,420,1343,4733,6.55052480085583,6.97266409769679,5.76564368941177,5.44954761904762,6.34117505584513,6.60992828861187,221
"223",2019,12,6.61935684210526,38,7.07019172413793,5.16666666666667,4.625,6.094445,6.75933333333333,29,9,4,8,30,6114,3980,2134,424,1351,4763,6.55095260876677,6.97337472613065,5.76311754451734,5.44176886792453,6.33971403404886,6.61086932395549,222
"224",2020,1,6.51690476190476,42,6.80333333333333,5.80083333333333,6.11,6.45125,6.53235294117647,30,12,1,8,34,6156,4010,2146,425,1359,4797,6.55072031351527,6.97210259600998,5.76332844361603,5.44334117647059,6.3403706107432,6.61031281842818,223
"225",2020,2,6.85098425,40,7.60189884615385,5.45642857142857,6.75,7.4,6.77255342857143,26,14,2,5,35,6196,4036,2160,427,1364,4832,6.55265875080697,6.97615975718533,5.76133927777778,5.44946135831382,6.34425488269795,6.6114879884106,224
"226",2020,3,6.76944444444444,36,7.25769230769231,5.5,5,5.5,6.88484848484848,26,10,2,3,33,6232,4062,2170,429,1367,4865,6.55391104300385,6.9779617872969,5.76013494930876,5.44736596736597,6.34240209217264,6.61334223227133,225
"227",2020,4,6.68571428571429,28,6.71363636363636,6.58333333333333,NA,6.88,6.64347826086957,22,6,0,5,23,6260,4084,2176,429,1372,4888,6.55450057827476,6.97653789911851,5.76240479779412,5.44736596736597,6.34436126822158,6.61348403436989,226
"228",2020,5,6.80526315789474,38,7.13461538461539,6.09166666666667,5,7.3,6.76285714285714,26,12,2,3,35,6298,4110,2188,431,1375,4923,6.556013594792,6.9775379026764,5.76421062157221,5.44529002320186,6.34644629818182,6.61454600040626,227
"229",2020,6,6.40967741935484,31,6.82631578947368,5.75,NA,7.5,6.24814814814815,19,12,0,4,27,6329,4129,2200,431,1379,4950,6.55529682730289,6.97684203923468,5.76413310909091,5.44529002320186,6.34979235678028,6.61254746666667,228
"230",2020,7,6.24193548387097,31,6.8695652173913,4.4375,3.5,2.25,6.51724137931035,23,8,2,2,29,6360,4152,2208,433,1381,4979,6.55376943710692,6.97624777938343,5.75932646739131,5.43630484988453,6.34385493120927,6.61199235991163,229
"231",2020,8,6.7547619047619,42,7.188,6.11764705882353,6,7.66666666666667,6.68461538461538,25,17,3,3,39,6402,4177,2225,436,1384,5018,6.55508803811309,6.97751514962892,5.76206419775281,5.44018348623853,6.34672229768786,6.61255678756477,230
"232",2020,9,6.72370366666667,30,7.39130434782609,4.53015857142857,5,8,6.63253964285714,23,7,1,2,28,6432,4200,2232,437,1386,5046,6.55587449160447,6.97978113809524,5.75820069444445,5.439176201373,6.34910797979798,6.61266767142291,231
"233",2020,10,6.74333333333333,30,7.15333333333333,6.33333333333333,7,NA,6.74333333333333,15,15,1,0,30,6462,4215,2247,438,1386,5076,6.55674477406376,6.98039876156584,5.76204003115265,5.4427397260274,6.34910797979798,6.61343992710796,232
"234",2020,11,6.77333333333333,45,6.79428571428571,6.7,6.66666666666667,6.2,6.845,35,10,3,5,40,6507,4250,2257,441,1391,5116,6.55824262025511,6.97886606588235,5.76619581302614,5.45106575963719,6.34857200575126,6.61525040461298,233
"235",2020,12,6.79422580645161,62,7.42541463414634,5.56190476190476,5,5.956,6.90090909090909,41,21,1,7,55,6569,4291,2278,442,1398,5171,6.56046989343888,6.98313278489863,5.76431253292362,5.45004524886878,6.34660633762518,6.61828873912203,234
"236",2021,1,6.79206349206349,63,6.98260869565217,6.27647058823529,3.5,6.66666666666667,6.80526315789474,46,17,4,6,57,6632,4337,2295,446,1404,5228,6.5626698929433,6.98312722619322,5.7681062962963,5.43255605381166,6.34797411680912,6.62032728959449,235
"237",2021,2,6.61117647058824,34,6.93391304347826,5.93636363636364,5.5,6.6,6.61310344827586,23,11,2,5,29,6666,4360,2306,448,1409,5257,6.56291730123012,6.98286761009174,5.76890891153513,5.43285714285714,6.34886845990064,6.62028743960434,236
"238",2021,3,6.88857142857143,35,7.175,6.50666666666667,6.16666666666667,7.5,6.80967741935484,20,15,3,4,31,6701,4380,2321,451,1413,5288,6.56461822563796,6.98374492694064,5.7736768418785,5.43773835920178,6.35212714791224,6.62139770612708,237
"239",2021,4,7.31259259259259,27,7.61478260869565,5.575,5,8,7.28615384615385,23,4,1,1,26,6728,4403,2325,452,1414,5314,6.56761990636147,6.98704128548717,5.77333503225807,5.43676991150443,6.35329254596888,6.6246501825367,238
"240",2021,5,6.60578947368421,38,6.8608,6.11538461538461,7.25,4.83333333333333,6.75771428571429,25,13,2,3,35,6766,4428,2338,454,1417,5349,6.56783427874667,6.98632854110208,5.77523693327631,5.4447577092511,6.35007456598448,6.62552085810432,239
"241",2021,6,6.43833333333333,30,6.60238095238095,6.05555555555556,NA,6.35,6.456,21,9,0,5,25,6796,4449,2347,454,1422,5374,6.56726261477339,6.98451624634749,5.77631186621219,5.4447577092511,6.35007430379747,6.62473224227763,240
"242",2021,7,6.92567567567568,37,7.66666666666667,5.953125,NA,5.6,7.1328125,21,16,0,5,32,6833,4470,2363,454,1427,5406,6.56920338504317,6.98772097986577,5.77750907744393,5.4447577092511,6.34744615276805,6.62773974657788,241
"243",2021,8,6.35135135135135,37,6.71153846153846,5.5,3,7,6.29411764705882,26,11,1,3,34,6870,4496,2374,455,1430,5440,6.56803009170306,6.98612383896797,5.77622323083404,5.43938461538462,6.34881514685315,6.62565460845588,242
"244",2021,9,6.63255813953488,43,7.05,5.66923076923077,6,5.66666666666667,6.78918918918919,30,13,1,6,37,6913,4526,2387,456,1436,5477,6.56843146680168,6.9865472337605,5.7756405320486,5.44061403508772,6.34596494428969,6.62675937009312,243
"245",2021,10,6.40526315789474,38,6.75,6.02222222222222,4,7,6.38918918918919,20,18,2,1,37,6951,4546,2405,458,1437,5514,6.56753945187743,6.9855065508139,5.77748604989605,5.4343231441048,6.34642008350731,6.62516522850925,244
"246",2021,11,6.57051282051282,39,6.97619047619048,6.09722222222222,4.25,5.33333333333333,6.67361111111111,21,18,2,3,36,6990,4567,2423,460,1440,5550,6.56755604148784,6.98546371359755,5.7798613082955,5.42917391304348,6.34430948611111,6.62547947207207,245
"247",2021,12,6.57912573770492,61,6.76478641025641,6.25,4.25,6.5,6.58938277777778,39,22,4,7,54,7051,4606,2445,464,1447,5604,6.56765613388172,6.98359519105515,5.78409159509203,5.41900862068966,6.34506265376641,6.62513164525339,246
"248",2022,1,6.71981481481482,54,6.98315789473684,6.094375,6.56666666666667,6.26,6.77729166666667,38,16,3,6,48,7105,4644,2461,467,1453,5652,6.56881258268825,6.98359161283376,5.78610887850467,5.42638115631692,6.34471139710943,6.62642387473461,247
"249",2022,2,6.08684210526316,38,6.84,5.25,5.5,7.175,5.95882352941176,20,18,2,4,34,7143,4664,2479,469,1457,5686,6.56624855102898,6.98297586835335,5.78221619604679,5.42669509594883,6.34699084420041,6.62243189236722,248
"250",2022,3,6.68709677419355,31,7.33809523809524,5.32,1.5,7.44285714285714,6.46666666666667,21,10,2,7,24,7174,4685,2489,471,1464,5710,6.56677075550599,6.98456765208111,5.78035916030535,5.41002123142251,6.3522306420765,6.62177718739054,249
"251",2022,4,6.83448275862069,29,7.35652173913043,4.83333333333333,5,6.5,6.85925925925926,23,6,1,2,27,7203,4708,2495,472,1466,5737,6.56784859086492,6.98638475998301,5.77808174348698,5.40915254237288,6.35243223738063,6.62289484748126,250
"252",2022,5,6.99027777777778,36,7.34523809523809,6.49333333333333,5,8.5,6.90147058823529,21,15,1,2,34,7239,4729,2510,473,1468,5771,6.56994935764608,6.98797831465426,5.78235615537849,5.40828752642706,6.35535807901908,6.62453608386761,251
"253",2022,6,6.2969696969697,33,7.01666666666667,5.43333333333333,NA,8.08333333333333,5.9,18,15,0,6,27,7272,4747,2525,473,1474,5798,6.56871058855886,6.98808709711397,5.78028275247525,5.40828752642706,6.36239189959295,6.6211620800276,252
"254",2022,7,6.8825,40,7.07931034482759,6.36363636363636,5,7.725,6.78888888888889,29,11,2,4,36,7312,4776,2536,475,1478,5834,6.57042716083151,6.98864100711893,5.78281307176656,5.40656842105263,6.36607960757781,6.62219707576277,253
"255",2022,8,6.73048780487805,41,7.04166666666667,5.88181818181818,3,5.125,6.90405405405405,30,11,1,4,37,7353,4806,2547,476,1482,5871,6.57131965184278,6.98897200374532,5.78324065567334,5.40151260504202,6.36272986504723,6.62397338443195,254
"256",2022,9,6.97555555555556,45,7.32333333333333,6.28,5,7.24,6.9425,30,15,1,5,40,7398,4836,2562,477,1487,5911,6.57377850770478,6.99104620554177,5.78614908274786,5.40067085953878,6.36567966375252,6.62612886821181,255
"257",2022,10,6.50666666666667,39,6.76,6,NA,7.03333333333333,6.41090909090909,26,13,0,6,33,7437,4862,2575,477,1493,5944,6.57342656985344,6.98981066433567,5.78722871844661,5.40067085953878,6.36836279973209,6.62493400740242,256
"258",2022,11,7.16764705882353,51,7.49166666666667,6.39,7,7.36,7.12073170731707,36,15,1,10,41,7488,4898,2590,478,1503,5985,6.57747374465812,6.99349927521437,5.79071967181468,5.40401673640167,6.37496051896208,6.62833044945697,257
"259",2022,12,6.36586206896552,58,6.65363636363636,5.986,5.95,6.11166666666667,6.39519230769231,33,25,2,6,52,7546,4931,2615,480,1509,6037,6.57584725682481,6.99122479213141,5.79258659655832,5.40629166666667,6.37391362491717,6.62632230246811,258
