"","year","month","avg_rating","no_ratings","avg_rating_owned","avg_rating_not_owned","avg_rating_prev_owned","avg_rating_comment","avg_rating_no_comment","no_ratings_owned","no_ratings_not_owned","no_ratings_prev_owned","no_ratings_comment","no_ratings_no_comment","cum_no_ratings","cum_no_ratings_owned","cum_no_ratings_not_owned","cum_no_ratings_prev_owned","cum_no_ratings_comment","cum_no_ratings_no_comment","cum_avg_rating","cum_avg_rating_owned","cum_avg_rating_not_owned","cum_avg_rating_prev_owned","cum_avg_rating_comment","cum_avg_rating_no_comment","month_after_release"
"1",2011,2,10,1,10,NA,NA,NA,10,1,0,0,0,1,1,1,0,0,0,1,10,10,NA,NA,NA,10,-8
"2",2011,6,8.75,4,10,8.33333333333333,9,9,8.66666666666667,1,3,2,1,3,5,2,3,2,1,4,9,10,8.33333333333333,9,9,9,-4
"3",2011,7,8.88392857142857,28,9.02272727272727,8.375,8.0625,8.58333333333333,8.96590909090909,22,6,4,6,22,33,24,9,6,7,26,8.90151515151515,9.10416666666667,8.36111111111111,8.375,8.64285714285714,8.97115384615385,-3
"4",2011,8,9.15384615384615,13,9.45454545454546,7.5,NA,9.5,9.05,11,2,0,3,10,46,35,11,6,10,36,8.97282608695652,9.21428571428571,8.20454545454546,8.375,8.9,8.99305555555556,-2
"5",2011,9,9.11428571428571,7,9.45,8.66666666666667,8.66666666666667,8.8,9.16666666666667,4,3,3,1,6,53,39,14,9,11,42,8.99150943396226,9.23846153846154,8.30357142857143,8.47222222222222,8.89090909090909,9.01785714285714,-1
"6",2011,10,8.41351351351351,37,8.82857142857143,7.12222222222222,8,8.5875,8.36551724137931,28,9,1,8,29,90,67,23,10,19,71,8.75388888888889,9.06716417910448,7.84130434782609,8.425,8.76315789473684,8.75140845070423,0
"7",2011,11,8.20909090909091,55,8.65853658536585,6.89285714285714,7.3,8.22307692307692,8.2047619047619,41,14,6,13,42,145,108,37,16,32,113,8.54724137931034,8.91203703703704,7.48243243243243,8.003125,8.54375,8.54823008849558,1
"8",2011,12,8.4375,64,8.65384615384615,7.5,7.75,8.5,8.41836734693878,52,12,4,15,49,209,160,49,20,47,162,8.51363636363636,8.828125,7.48673469387755,7.9525,8.52978723404255,8.50895061728395,2
"9",2012,1,8.29973958333333,96,8.67540322580645,7.61470588235294,7.84615384615385,8.65714285714286,8.23871951219512,62,34,13,14,82,305,222,83,33,61,244,8.44631147540984,8.78547297297297,7.53915662650602,7.91060606060606,8.55901639344262,8.41813524590164,3
"10",2012,2,8.17028985507246,69,8.55851063829787,7.34090909090909,7.71428571428571,8.56153846153846,8.07946428571429,47,22,7,13,56,374,269,105,40,74,300,8.39538770053476,8.74581784386617,7.49761904761905,7.87625,8.55945945945946,8.35491666666667,4
"11",2012,3,8.20220588235294,68,8.64512195121951,7.52962962962963,7.71428571428571,8.46428571428571,8.13425925925926,41,27,7,14,54,442,310,132,47,88,354,8.36566742081448,8.7325,7.50416666666667,7.85212765957447,8.54431818181818,8.32125706214689,5
"12",2012,4,8.16944444444444,108,8.676,7.01818181818182,7.22222222222222,8.58695652173913,8.05647058823529,75,33,9,23,85,550,385,165,56,111,439,8.32713636363636,8.72149350649351,7.4069696969697,7.75089285714286,8.55315315315315,8.26998861047836,6
"13",2012,5,7.94521276595745,94,8.47264150943396,7.26341463414634,8.17692307692308,7.28125,8.08141025641026,53,41,13,16,78,644,438,206,69,127,517,8.27138975155279,8.69138127853881,7.37839805825243,7.83115942028986,8.39291338582677,8.24153771760155,7
"14",2012,6,7.90903614457831,83,8.35636363636364,7.03035714285714,7.61111111111111,7.74,7.96269841269841,55,28,9,20,63,727,493,234,78,147,580,8.23002063273728,8.6540060851927,7.33675213675214,7.80576923076923,8.30408163265306,8.21125,8
"15",2012,7,7.94406779661017,118,8.26764705882353,7.504,7.83571428571429,8.32727272727273,7.85625,68,50,14,22,96,845,561,284,92,169,676,8.19008875739645,8.60717468805704,7.36619718309859,7.81032608695652,8.30710059171598,8.16083579881657,9
"16",2012,8,7.84025423728814,118,8.43985507246377,6.99591836734694,7.34615384615385,8.05333333333333,7.80922330097087,69,49,13,15,103,963,630,333,105,184,779,8.14722222222222,8.58884920634921,7.31171171171171,7.75285714285714,8.28641304347826,8.11434531450578,10
"17",2012,9,7.882,100,8.38709677419355,7.05789473684211,7.39090909090909,8.14615384615385,7.84252873563218,62,38,11,13,87,1063,692,371,116,197,866,8.1222718720602,8.57077312138729,7.28571428571429,7.71853448275862,8.27715736040609,8.08703810623557,11
"18",2012,10,7.60478260869565,115,8.4780701754386,6.74655172413793,8.25,8.57692307692308,7.48088235294118,57,58,10,13,102,1178,749,429,126,210,968,8.07175297113752,8.56371829105474,7.21282051282051,7.76071428571429,8.29571428571429,8.02316632231405,12
"19",2012,11,7.72592,125,8.34202898550725,6.96678571428571,7.87636363636364,8.01346153846154,7.65040404040404,69,56,11,26,99,1303,818,485,137,236,1067,8.03857636224098,8.54501833740832,7.18441237113402,7.77,8.2646186440678,7.988580131209,13
"20",2012,12,8.00066225165563,151,8.60595238095238,7.24179104477612,7.52777777777778,8.25789473684211,7.96363636363636,84,67,18,19,132,1454,902,552,155,255,1199,8.03463892709766,8.55069290465632,7.1913768115942,7.74187096774194,8.26411764705882,7.98583402835697,14
"21",2013,1,7.66907894736842,152,8.21195652173913,6.83666666666667,7.3875,8.07391304347826,7.5968992248062,92,60,16,23,129,1606,994,612,171,278,1328,8.0000404732254,8.51934104627767,7.15660130718954,7.7087134502924,8.24838129496403,7.94805346385542,15
"22",2013,2,7.76864406779661,118,8.3,7.16,7.63157894736842,8.16666666666667,7.72358490566038,63,55,19,12,106,1724,1057,667,190,290,1434,7.9842024361949,8.50626773888363,7.15688155922039,7.701,8.245,7.9314609483961,16
"23",2013,3,7.61034482758621,116,8.15909090909091,6.886,7.05,7.53125,7.623,66,50,10,16,100,1840,1123,717,200,306,1534,7.96063315217391,8.48586375779163,7.13799163179916,7.66845,8.20767973856209,7.91135267275098,17
"24",2013,4,7.85918367346939,98,8.35714285714286,7.1952380952381,7.5,8.41666666666667,7.78139534883721,56,42,13,12,86,1938,1179,759,213,318,1620,7.95550309597523,8.4797497879559,7.14115942028986,7.65816901408451,8.21556603773585,7.90445370370371,18
"25",2013,5,7.5545045045045,111,8.04152542372881,7.00192307692308,7.03846153846154,7.1125,7.67643678160919,59,52,13,24,87,2049,1238,811,226,342,1707,7.93377989263055,8.45886510500808,7.13223181257707,7.62252212389381,8.13815789473684,7.89283245459871,19
"26",2013,6,7.57176470588235,102,8.39313725490196,6.75039215686274,7.17647058823529,7.73,7.54448275862069,51,51,17,15,87,2151,1289,862,243,357,1794,7.91661320316132,8.45626454615982,7.1096403712297,7.59131687242798,8.12100840336134,7.8759392419175,20
"27",2013,7,7.41444444444444,135,7.99342105263158,6.66864406779661,7.08333333333333,7.73333333333333,7.37458333333333,76,59,15,15,120,2286,1365,921,258,372,1914,7.88695756780402,8.43049450549451,7.0813897937025,7.56178294573643,8.10537634408602,7.84450626959248,21
"28",2013,8,7.76940366972477,109,8.18357142857143,7.20217391304348,7.93333333333333,8.15970588235294,7.69728260869565,63,46,15,17,92,2395,1428,967,273,389,2006,7.88160751565762,8.41960084033614,7.0871354705274,7.5821978021978,8.10775064267352,7.83775423728814,22
"29",2013,9,7.41106194690266,113,8.044,6.90873015873016,7.86176470588235,6.37666666666667,7.56938775510204,50,63,17,15,98,2508,1478,1030,290,404,2104,7.86040669856459,8.40689445196211,7.07622330097087,7.59858620689655,8.04347772277228,7.82525427756654,23
"30",2013,10,7.83559322033898,118,8.33623188405797,7.13061224489796,7.20714285714286,7.86666666666667,7.83207547169811,69,49,14,12,106,2626,1547,1079,304,416,2210,7.85929169840061,8.40374272786038,7.07869323447637,7.58055921052632,8.03837740384616,7.8255814479638,24
"31",2013,11,7.49304347826087,115,8.09285714285714,6.56,6.08,7.5625,7.47472527472527,70,45,15,24,91,2741,1617,1124,319,440,2301,7.84392557460781,8.39028447742734,7.05792704626334,7.51,8.01242045454546,7.81170578009561,25
"32",2013,12,7.36088709677419,124,7.95434782608696,6.61636363636364,6.32222222222222,7.12105263157895,7.40428571428571,69,55,18,19,105,2865,1686,1179,337,459,2406,7.82301919720768,8.37244365361803,7.03732824427481,7.44655786350148,7.975522875817,7.79392560266002,26
"33",2014,1,7.69426966292135,178,8.22691588785047,6.89154929577465,7.484,8.021875,7.62246575342466,107,71,25,32,146,3043,1793,1250,362,491,2552,7.81548800525797,8.36375906302287,7.029048,7.44914364640884,7.97854378818737,7.78411637931035,27
"34",2014,2,7.59051724137931,116,8.04931506849315,6.81162790697674,7.4,7.76875,7.562,73,43,17,16,100,3159,1866,1293,379,507,2652,7.8072269705603,8.35145766345124,7.02181747873163,7.44693931398417,7.97192307692308,7.77574095022625,28
"35",2014,3,7.47571428571429,105,8.05612244897959,6.96785714285714,6.57142857142857,8.30555555555556,7.39791666666667,49,56,14,9,96,3264,1915,1349,393,516,2748,7.7965625,8.34390078328982,7.01957746478873,7.41575063613232,7.97774224806202,7.76254184861718,29
"36",2014,4,7.72142857142857,91,8.10188679245283,7.19078947368421,7,7.8125,7.702,53,38,13,16,75,3355,1968,1387,406,532,2823,7.79452459016393,8.3373831300813,7.02426820475847,7.40243842364532,7.97277255639098,7.76093340417995,30
"37",2014,5,7.60223214285714,112,8.10161290322581,6.983,7.51176470588235,7.73529411764706,7.57842105263158,62,50,17,17,95,3467,2030,1437,423,549,2918,7.78831266224402,8.33018226600985,7.022832289492,7.40683215130024,7.9654189435337,7.75499143248801,31
"38",2014,6,7.64213483146067,89,8.09893617021277,7.13095238095238,7.375,7.53888888888889,7.66830985915493,47,42,16,18,71,3556,2077,1479,439,567,2989,7.78465410573678,8.32494944631681,7.02590263691684,7.40567198177677,7.95187830687831,7.75293241886919,32
"39",2014,7,7.43669724770642,109,7.81727272727273,7.04907407407407,7.34523809523809,7.69117647058824,7.38967391304348,55,54,21,17,92,3665,2132,1533,460,584,3081,7.77430559345157,8.31185272045028,7.02671885192433,7.40291304347826,7.94428938356165,7.74208536189549,33
"40",2014,8,7.34333333333333,108,7.80074626865672,6.59585365853659,6.85,7.66315789473684,7.27505617977528,67,41,10,19,89,3773,2199,1574,470,603,3170,7.76196925523456,8.29628012733061,7.01549555273189,7.39114893617021,7.93543117744611,7.72897318611988,34
"41",2014,9,7.85333333333333,105,8.23360655737705,7.32613636363636,7.275,7.88888888888889,7.84597701149425,61,44,24,18,87,3878,2260,1618,494,621,3257,7.76444301186179,8.29458849557522,7.02394313967862,7.38550607287449,7.93408212560387,7.73209855695425,35
"42",2014,10,7.55948275862069,116,8.12571428571429,6.69782608695652,7.16666666666667,8.00952380952381,7.46,70,46,15,21,95,3994,2330,1664,509,642,3352,7.75849023535303,8.28951502145923,7.01492788461538,7.37905697445972,7.93654984423676,7.72438693317423,36
"43",2014,11,7.70714285714286,133,8.03860759493671,7.22222222222222,7.67307692307692,7.94545454545455,7.65990990990991,79,54,13,22,111,4127,2409,1718,522,664,3463,7.75683547370972,8.28128684101287,7.02144353899884,7.38637931034483,7.93684487951807,7.72232024256425,37
"44",2014,12,7.51341463414634,123,8.2780701754386,6.8530303030303,6.96190476190476,7.490625,7.51682242990654,57,66,21,16,107,4250,2466,1784,543,680,3570,7.74979058823529,8.28121248986213,7.0152130044843,7.36996316758748,7.9263455882353,7.71616106442577,38
"45",2015,1,7.72566666666667,150,8.18837209302326,7.10390625,7.3804347826087,8.44791666666667,7.58809523809524,86,64,23,24,126,4400,2552,1848,566,704,3696,7.74896818181818,8.27808385579937,7.01828463203463,7.3703886925795,7.94412642045455,7.71179518398269,39
"46",2015,2,7.44741935483871,124,7.85785714285714,6.91537037037037,7.375,7.03958333333333,7.5453,70,54,12,24,100,4524,2622,1902,578,728,3796,7.74070291777188,8.26686498855835,7.01536277602524,7.37048442906574,7.91430631868132,7.70740911485775,40
"47",2015,3,7.43058823529412,136,7.98732394366197,6.82246153846154,6.73111111111111,7.9424,7.31531531531532,71,65,18,25,111,4660,2693,1967,596,753,3907,7.73165236051502,8.25949498700334,7.0089883070666,7.35117449664429,7.9152390438247,7.69626951625288,41
"48",2015,4,7.5990099009901,101,7.96896551724138,7.1,7.58333333333333,8.28125,7.47058823529412,58,43,12,16,85,4761,2751,2010,608,769,3992,7.72883847931107,8.25336968375136,7.01093532338308,7.35575657894737,7.92285435630689,7.69146417835671,42
"49",2015,5,7.25882352941176,102,7.8,6.62553191489362,6.8,6.78571428571429,7.29368421052632,55,47,17,7,95,4863,2806,2057,625,776,4087,7.71898005346494,8.24448325017819,7.00212931453573,7.34064,7.91259664948454,7.68221800831906,43
"50",2015,6,7.58216494845361,97,8.18928571428571,6.75292682926829,6.8125,7.70769230769231,7.5627380952381,56,41,16,13,84,4960,2862,2098,641,789,4171,7.71630443548387,8.24340321453529,6.99725929456625,7.32745709828393,7.90922053231939,7.67981179573244,44
"51",2015,7,7.42008196721311,122,7.96959459459459,6.57291666666667,6.25555555555556,7.66428571428571,7.38842592592593,74,48,18,14,108,5082,2936,2146,659,803,4279,7.70919323101141,8.23650204359673,6.98776794035415,7.29817905918058,7.9049501867995,7.6724573498481,45
"52",2015,8,7.17938596491228,114,7.99122807017544,6.36754385964912,6.57894736842105,7.22608695652174,7.16758241758242,57,57,19,23,91,5196,2993,2203,678,826,4370,7.69756928406466,8.23183093885734,6.97172038129823,7.27802359882006,7.88604721549637,7.66194393592678,46
"53",2015,9,7.35142857142857,105,7.68965517241379,6.93404255319149,7.48181818181818,8.05555555555556,7.28541666666667,58,47,11,9,96,5301,3051,2250,689,835,4466,7.69071307300509,8.22152409046215,6.97093333333333,7.28127721335269,7.88787425149701,7.65385020152262,47
"54",2015,10,7.5272,100,8.0012962962963,6.97065217391304,7.2578947368421,7.61785714285714,7.51244186046512,54,46,19,14,86,5401,3105,2296,708,849,4552,7.68768561377523,8.21769404186796,6.97092770034843,7.28064971751412,7.88342167255595,7.65117860281195,48
"55",2015,11,7.27023622047244,127,7.62083333333333,6.81127272727273,7.13333333333333,7.42,7.23352941176471,72,55,15,25,102,5528,3177,2351,723,874,4654,7.67809515195369,8.20416745357256,6.96719268396427,7.27759336099585,7.87016590389016,7.64202513966481,49
"56",2015,12,7.35729166666667,144,8.01369863013699,6.68239436619718,6.755,7.30882352941176,7.36377952755906,73,71,30,17,127,5672,3250,2422,753,891,4781,7.66995063469676,8.19988923076923,6.95884393063584,7.25677290836653,7.859455667789,7.63463396778917,50
"57",2016,1,7.05390070921986,141,7.79166666666667,6.28405797101449,6.75909090909091,7.77777777777778,7.00454545454545,72,69,22,9,132,5813,3322,2491,775,900,4913,7.65500774126957,8.19104154124022,6.94015254917704,7.24264516129032,7.85863888888889,7.61770506818644,51
"58",2016,2,7.43349514563107,103,8.04259259259259,6.76224489795918,6.60714285714286,6.58333333333333,7.51489361702128,54,49,21,9,94,5916,3376,2540,796,909,5007,7.65115111561866,8.18866706161138,6.93672047244094,7.22587939698492,7.84601210121012,7.61577491511883,52
"59",2016,3,7.53142857142857,105,7.85084745762712,7.12173913043478,7.08095238095238,7.58888888888889,7.51954022988506,59,46,21,18,87,6021,3435,2586,817,927,5094,7.64906327852516,8.18286462882096,6.94001160092807,7.22215422276622,7.84101941747573,7.61413133097762,53
"60",2016,4,7.28612612612613,111,7.84222222222222,6.55625,6.778,7.03733333333333,7.325,63,48,20,15,96,6132,3498,2634,837,942,5190,7.64249347684279,8.17672955974843,6.93301822323462,7.21154121863799,7.82822186836518,7.60878323699422,54
"61",2016,5,7.29157894736842,95,7.65423728813559,6.69722222222222,6.45,7.47692307692308,7.26219512195122,59,36,12,13,82,6227,3557,2670,849,955,5272,7.63713987473904,8.16806297441664,6.92983895131086,7.20077738515901,7.82343979057592,7.60339245068285,55
"62",2016,6,7.33361111111111,72,7.8955,6.63125,7.47857142857143,7.51333333333333,7.28631578947368,40,32,14,15,57,6299,3597,2702,863,970,5329,7.63367042387681,8.16503197108702,6.92630273871206,7.20528389339513,7.81864432989691,7.60000093826234,56
"63",2016,7,7.47045454545455,110,7.92651515151515,6.78636363636364,6.30769230769231,6.84090909090909,7.54040404040404,66,44,13,11,99,6409,3663,2746,876,981,5428,7.63086909034171,8.16073437073437,6.92406045156591,7.19196347031963,7.80768093781855,7.59891396462786,57
"64",2016,8,7.17058823529412,119,7.64137931034483,6.72295081967213,6.92,7.48333333333333,7.13551401869159,58,61,25,12,107,6528,3721,2807,901,993,5535,7.62247855392157,8.15263907551734,6.91969006056288,7.18441731409545,7.80376132930514,7.58995573622403,58
"65",2016,9,7.45223214285714,112,7.99538461538462,6.70106382978723,6.8625,7.64583333333333,7.429,65,47,20,12,100,6640,3786,2854,921,1005,5635,7.61960692771084,8.14993924986794,6.91608969866853,7.17742671009772,7.80187562189055,7.58709937888199,59
"66",2016,10,7.23363636363636,110,7.97017543859649,6.44150943396226,6.61111111111111,7.55789473684211,7.16593406593407,57,53,18,19,91,6750,3843,2907,939,1024,5726,7.61331703703704,8.14727296383034,6.90743722050223,7.1665708200213,7.7973486328125,7.58040604261264,60
"67",2016,11,7.36386138613861,101,7.96808510638298,6.83796296296296,7.27058823529412,7.66333333333333,7.31162790697674,47,54,17,15,86,6851,3890,2961,956,1039,5812,7.6096394686907,8.14510796915167,6.90617021276596,7.16842050209205,7.79541385948027,7.57642894012388,61
"68",2016,12,7.17840909090909,88,7.89183673469388,6.28205128205128,6.91666666666667,5.94444444444444,7.31898734177215,49,39,12,9,79,6939,3939,3000,968,1048,5891,7.60417062977374,8.14195734958112,6.89805666666666,7.16529958677686,7.77951812977099,7.57297657443558,62
"69",2017,1,7.2480099009901,101,7.72169811320755,6.72497916666667,6.86111111111111,7.67491666666667,7.19044943820225,53,48,18,12,89,7040,3992,3048,986,1060,5980,7.5990609375,8.13637775551103,6.8953310367454,7.15974645030426,7.77833396226415,7.56728344481605,63
"70",2017,2,7.15472527472527,91,7.89301886792453,6.125,6.48529411764706,7.71428571428571,7.10809523809524,53,38,17,7,84,7131,4045,3086,1003,1067,6064,7.59339068854298,8.1331891223733,6.88584543097861,7.14831505483549,7.77791377694471,7.56092265831135,64
"71",2017,3,7.61759493670886,79,8.1618,6.67931034482759,7.15454545454545,8.38888888888889,7.51842857142857,50,29,11,9,70,7210,4095,3115,1014,1076,6134,7.59365589459085,8.13353846153846,6.88392263242375,7.14838264299803,7.78302416356877,7.56043772416042,65
"72",2017,4,7.52434090909091,88,7.77712727272727,7.1030303030303,7.3,7.55555555555556,7.52078481012658,55,33,16,9,79,7298,4150,3148,1030,1085,6213,7.59282008769526,8.12881493975904,6.88621950444727,7.15073786407767,7.78113732718894,7.55993352647674,66
"73",2017,5,7.69552083333333,96,8.19218181818182,7.02926829268293,6.96428571428571,7.316875,7.77125,55,41,14,16,80,7394,4205,3189,1044,1101,6293,7.59415350284014,8.12964375743163,6.88805863907181,7.14823754789272,7.77439055404178,7.56261989512156,67
"74",2017,6,7.55984848484848,66,7.9921052631579,6.97321428571429,6.88461538461539,8.18,7.44910714285714,38,28,13,10,56,7460,4243,3217,1057,1111,6349,7.59385,8.12841197266085,6.88879981349083,7.14499526963103,7.77804140414041,7.5616186801071,68
"75",2017,7,7.04927536231884,69,7.72727272727273,6.42777777777778,6.57142857142857,7.05,7.04912280701754,33,36,14,12,57,7529,4276,3253,1071,1123,6406,7.5888592110506,8.12531618334893,6.88369781739932,7.13749766573296,7.77026179875334,7.55705853886981,69
"76",2017,8,7.04177215189873,79,7.48947368421053,6.62682926829268,6.64,7.00833333333333,7.04776119402985,38,41,10,12,67,7608,4314,3294,1081,1135,6473,7.58317836487907,8.11971534538711,6.88050060716454,7.13289546716004,7.76220616740088,7.55178696122354,70
"77",2017,9,7.08818181818182,55,7.380625,6.68130434782609,7.18555555555556,6.58333333333333,7.15,32,23,9,6,49,7663,4346,3317,1090,1141,6522,7.57962560354952,8.11427335480902,6.87911938498643,7.13333027522936,7.75600701139352,7.54876832260043,71
"78",2017,10,7.225,78,7.71744186046512,6.62,6.42307692307692,7.05,7.25073529411765,43,35,13,10,68,7741,4389,3352,1103,1151,6590,7.57605231882186,8.11038550922762,6.87641378281623,7.12495920217588,7.74987315377932,7.54569301972686,72
"79",2017,11,7.04058823529412,85,7.95222222222222,6.015,6.3125,7.57692307692308,6.94375,45,40,16,13,72,7826,4434,3392,1119,1164,6662,7.57023651929466,8.10878033378439,6.86625560141509,7.11334226988382,7.74794158075601,7.53918748123687,73
"80",2017,12,7.2948275862069,87,7.82282608695652,6.70243902439024,6.5375,8.021875,7.13098591549296,46,41,16,16,71,7913,4480,3433,1135,1180,6733,7.56720851762922,8.10584419642857,6.86429915525779,7.10522466960352,7.75165593220339,7.53488296450319,74
"81",2018,1,7.3229203539823,113,7.85322580645161,6.67823529411765,5.99,7.50909090909091,7.3028431372549,62,51,17,11,102,8026,4542,3484,1152,1191,6835,7.56376912534264,8.10239586085425,6.86157548794489,7.08876736111111,7.74941561712846,7.53142019019751,75
"82",2018,2,7.08253968253968,63,7.66774193548387,6.515625,6.21875,7.17272727272727,7.06346153846154,31,32,16,11,52,8089,4573,3516,1168,1202,6887,7.56002113981951,8.09944937677673,6.85842690557452,7.07684931506849,7.7441381031614,7.52788688834035,76
"83",2018,3,7.26065573770492,61,7.95714285714286,6.32307692307692,5.52857142857143,7.61666666666667,7.22181818181818,35,26,7,6,55,8150,4608,3542,1175,1208,6942,7.55778049079754,8.09836848958333,6.85449717673631,7.06762553191489,7.74350496688742,7.52546197061366,77
"84",2018,4,7.36612903225806,62,8.0325,6.15454545454545,6.32222222222222,8.4,7.27543859649123,40,22,9,5,57,8212,4648,3564,1184,1213,6999,7.55633353628836,8.09780163511188,6.85017648709315,7.06195945945946,7.74621104699093,7.52342577511073,78
"85",2018,5,7.43333333333333,60,7.85483870967742,6.98275862068965,6.5,7.25,7.44642857142857,31,29,5,4,56,8272,4679,3593,1189,1217,7055,7.55544136847195,8.09619192135072,6.85124659059282,7.05959629941127,7.74458011503698,7.52281459957477,79
"86",2018,6,7.61704545454545,44,8.45217391304348,6.70238095238095,6.79166666666667,7,7.64642857142857,23,21,6,2,42,8316,4702,3614,1195,1219,7097,7.55576731601731,8.09793321990642,6.85038157166574,7.0582510460251,7.74335849056604,7.52354614625898,80
"87",2018,7,6.87555555555556,45,7.256,6.4,6,6,7.01025641025641,25,20,9,6,39,8361,4727,3634,1204,1225,7136,7.55210632699438,8.09348043156336,6.84790286186021,7.05034053156146,7.73481959183674,7.52074089125561,81
"88",2018,8,7.36078431372549,51,8.09230769230769,6.6,6.7,7.8,7.32340425531915,26,25,10,4,47,8412,4753,3659,1214,1229,7183,7.55094638611507,8.09347401641069,6.84620907351735,7.0474546952224,7.73503173311636,7.51944967283865,82
"89",2018,9,7.5384,50,7.8808,7.196,7.2875,8.04,7.48266666666667,25,25,8,5,45,8462,4778,3684,1222,1234,7228,7.55087225242259,8.09236123901214,6.84858279044517,7.04902618657938,7.73626742301459,7.51922066961815,83
"90",2018,10,6.98333333333333,60,7.49655172413793,6.50322580645161,6.54285714285714,7.58571428571429,6.8,29,31,14,14,46,8522,4807,3715,1236,1248,7274,7.546876437456,8.08876679841898,6.84570094212651,7.0432928802589,7.73457852564103,7.5146723948309,84
"91",2018,11,7.20854838709677,62,7.58763157894737,6.60833333333333,6.5,7.42857142857143,7.18054545454545,38,24,5,7,55,8584,4845,3739,1241,1255,7329,7.54443278191985,8.08483632610939,6.84417732013907,7.04110394842869,7.73287171314741,7.51216496111338,85
"92",2018,12,7.51258064516129,62,7.89146341463415,6.77285714285714,6.8,7.3125,7.54222222222222,41,21,5,8,54,8646,4886,3760,1246,1263,7383,7.54420437196391,8.08321367171511,6.8437789893617,7.04013643659711,7.73020902612827,7.51238480292564,86
"93",2019,1,7.27894736842105,57,7.83823529411765,6.45217391304348,6.5,8.33333333333333,7.15490196078431,34,23,9,6,51,8703,4920,3783,1255,1269,7434,7.54246708031713,8.08152073170732,6.84139809674861,7.03626294820717,7.73306067769898,7.50993233790691,87
"94",2019,2,7.30540540540541,37,7.96666666666667,6.4375,7,7.325,7.3030303030303,21,16,6,4,33,8740,4941,3799,1261,1273,7467,7.54146350114416,8.08103258449707,6.83969702553303,7.03609040444092,7.73177847604085,7.50901794562743,88
"95",2019,3,7.09933333333333,45,7.92368421052632,6.49692307692308,7.25,7.64285714285714,6.99921052631579,19,26,11,7,38,8785,4960,3825,1272,1280,7505,7.53919874786568,8.08042983870969,6.83736705882353,7.03794025157233,7.7312921875,7.50643664223851,89
"96",2019,4,7.19512195121951,41,8.1,6.33333333333333,7.0625,8,7.13157894736842,20,21,8,3,38,8826,4980,3846,1280,1283,7543,7.53760038522547,8.08050843373495,6.83461492459698,7.03809375,7.73192049883087,7.50454819037518,90
"97",2019,5,7.44814814814815,54,8.06666666666667,6.675,6.42857142857143,8.07142857142857,7.35531914893617,30,24,7,7,47,8880,5010,3870,1287,1290,7590,7.53705641891892,8.0804255489022,6.83362506459948,7.03477855477855,7.73376279069768,7.50362411067194,91
"98",2019,6,7.046875,32,7.52777777777778,6.42857142857143,5.83333333333333,7.25,7.01785714285714,18,14,6,4,28,8912,5028,3884,1293,1294,7618,7.53529634201077,8.07844709626095,6.83216503604531,7.0292034029389,7.73226738794436,7.50183867156734,92
"99",2019,7,7.62857142857143,42,8.05833333333333,7.05555555555556,7,7.78571428571429,7.59714285714286,24,18,4,7,35,8954,5052,3902,1297,1301,7653,7.53573386196113,8.078351543943,6.83319554074833,7.0291133384734,7.73255495772483,7.50227453286293,93
"100",2019,8,7.15893617021277,47,7.55217391304348,6.78208333333333,7.35,7.1875,7.15307692307692,23,24,5,8,39,9001,5075,3926,1302,1309,7692,7.53376635929341,8.07596689655173,6.83288308711156,7.03034562211981,7.72922383498854,7.50050403016121,94
"101",2019,9,7.27904761904762,42,7.76620689655172,6.19230769230769,7.875,8.11111111111111,7.05212121212121,29,13,4,9,33,9043,5104,3939,1306,1318,7725,7.5325833241181,8.07420689655173,6.83076897689769,7.032932618683,7.73183156297421,7.49858860841424,95
"102",2019,10,7.34375,48,8.05555555555556,6.42857142857143,6,7.95,7.18421052631579,27,21,9,10,38,9091,5131,3960,1315,1328,7763,7.53158629413706,8.07410875073086,6.82863611111111,7.02586311787072,7.73347439759036,7.49704972304521,96
"103",2019,11,7.20681818181818,44,7.7,6.832,7.25,7.6,7.15641025641026,19,25,10,5,39,9135,5150,3985,1325,1333,7802,7.53002200328407,8.07272854368933,6.82865721455458,7.02755471698113,7.73297374343586,7.49534696231735,97
"104",2019,12,7.40576923076923,52,8.12068965517241,6.50434782608696,6,8.06666666666667,7.3195652173913,29,23,4,6,46,9187,5179,4008,1329,1339,7848,7.52931871122238,8.07299710368798,6.82679615768463,7.02446200150489,7.73446900672144,7.49431664118247,98
"105",2020,1,7.33820224719101,89,7.55,7.04054054054054,7.43636363636364,7.15,7.36753246753247,52,37,11,12,77,9276,5231,4045,1340,1351,7925,7.52748501509271,8.06779812655325,6.82875129789864,7.02784328358209,7.72927757216877,7.49308479495268,99
"106",2020,2,7.0401724137931,58,7.76666666666667,6.26178571428571,6.17818181818182,6.65,7.08519230769231,30,28,11,6,52,9334,5261,4073,1351,1357,7977,7.52445693164774,8.06608097319902,6.82485367051313,7.02092524056254,7.72450552689757,7.49042584931679,100
"107",2020,3,7.34565217391304,46,7.7962962962963,6.70526315789474,6.5,5.625,7.50952380952381,27,19,4,4,42,9380,5288,4092,1355,1361,8019,7.52358006396588,8.06470347957641,6.82429838709677,7.01938745387454,7.718335047759,7.4905258760444,101
"108",2020,4,7.45384615384615,39,7.98695652173913,6.6875,7,7.15,7.53225806451613,23,16,4,8,31,9419,5311,4108,1359,1369,8050,7.5232913260431,8.06436678591603,6.82376557935735,7.01933038999264,7.71501387874361,7.49068658385093,102
"109",2020,5,7.33263895833333,48,7.72962962962963,6.82222238095238,6.72083375,7.5,7.30406512195122,27,21,8,7,41,9467,5338,4129,1367,1376,8091,7.52232467201859,8.06267366054703,6.8237577306854,7.01758351865398,7.71392005813954,7.48974090594488,103
"110",2020,6,7.32,42,7.674,6.99818181818182,6.98,7.95714285714286,7.19257142857143,20,22,12,7,35,9509,5358,4151,1379,1383,8126,7.52143103060259,8.06122284434491,6.82468216574319,7.0172564684554,7.71515112075199,7.4884609488063,104
"111",2020,7,7.16041666666667,48,8.14583333333333,6.175,6.63636363636364,8.475,6.8975,24,24,11,8,40,9557,5382,4175,1390,1391,8166,7.5196178371874,8.06160014864363,6.82094746586826,7.01424220863309,7.7195212077642,7.48556620989469,105
"112",2020,8,7.162745,34,7.43333318181818,6.66666666666667,6.83333333333333,6.83333333333333,7.1946235483871,22,12,3,3,31,9591,5404,4187,1393,1394,8197,7.51835272651444,8.05904243708365,6.82050529496059,7.01385259870782,7.71761406025825,7.48446590215933,106
"113",2020,9,7.08238636363636,44,7.346875,6.765,6.66666666666667,7.98571428571429,6.91148648648649,24,20,6,7,37,9635,5428,4207,1399,1401,8234,7.51636180591593,8.05589357590273,6.82024142381745,7.0123635954253,7.71895360456817,7.48189118290017,107
"114",2020,10,7.41227272727273,33,8.16342105263158,6.39285714285714,5.9,7.85,7.35189655172414,19,14,5,4,29,9668,5447,4221,1404,1405,8263,7.51600651634257,8.05626864879751,6.81882389718076,7.00840218660969,7.71932669039146,7.48143495098632,108
"115",2020,11,7.4843137254902,51,8.125,6.70434782608696,6.78571428571429,7.5,7.48367346938775,28,23,7,2,49,9719,5475,4244,1411,1407,8312,7.51584020989814,8.05662015159818,6.81820350377003,7.00729742735648,7.71901492537314,7.48144814725698,109
"116",2020,12,7.32606557377049,61,7.85918918918919,6.50416666666667,6.9375,7.85714285714286,7.25722222222222,37,24,8,7,54,9780,5512,4268,1419,1414,8366,7.51465654396728,8.05529487119013,6.81643759840675,7.0069039252995,7.71969872701556,7.48000083672006,110
"117",2021,1,7.18123404255319,47,7.71672,6.57272727272727,5.75,7.7095,7.13209302325581,25,22,8,4,43,9827,5537,4290,1427,1418,8409,7.51306187035718,8.05376617843598,6.8151878018648,6.99985751226349,7.71966995768688,7.47822178618147,111
"118",2021,2,7.5125,56,8.11666666666667,7.059375,6.94444444444444,6.83333333333333,7.594,24,32,9,6,50,9883,5561,4322,1436,1424,8459,7.51305868663361,8.05403764251034,6.81699575890791,6.99951021587744,7.71593539325843,7.47890613547701,112
"119",2021,3,7.38869387755102,49,7.92380952380952,6.98735714285714,7.0964,7.71228571428571,7.3347619047619,21,28,15,7,42,9932,5582,4350,1451,1431,8501,7.51244512686266,8.05354771228951,6.81809233793103,7.00051183321847,7.71591754018169,7.47819397717915,113
"120",2021,4,7.284375,32,7.78235294117647,6.72,7.33333333333333,7.66666666666667,7.2448275862069,17,15,6,3,29,9964,5599,4365,1457,1434,8530,7.51171266559614,8.0527242954099,6.81775525085911,7.00188240905971,7.71581450488145,7.47740058616647,114
"121",2021,5,7.0156862745098,51,7.45172413793103,6.44090909090909,7.25,6.83333333333333,7.02708333333333,29,22,6,3,48,10015,5628,4387,1463,1437,8578,7.50918671992012,8.04962745735608,6.81586543651698,7.00289997949419,7.71397216423104,7.47488074143157,115
"122",2021,6,7.21216216216216,37,7.5425,6.82352941176471,7,7.21666666666667,7.21129032258064,20,17,6,6,31,10052,5648,4404,1469,1443,8609,7.50809341424592,8.0478316802408,6.81589502043597,7.00288813478557,7.71190436590437,7.47393158322686,116
"123",2021,7,7.4,50,7.98333333333333,6.86153846153846,7.32222222222222,7.8375,7.31666666666667,24,26,9,8,42,10102,5672,4430,1478,1451,8651,7.50755840427638,8.04755876763047,6.81616290519187,7.00483265899865,7.71259682977257,7.47316807305514,117
"124",2021,8,7.24390243902439,41,7.59090909090909,6.84210526315789,6.57142857142857,6.4,7.36111111111111,22,19,7,5,36,10143,5694,4449,1485,1456,8687,7.50649265503303,8.04579440288023,6.81627369521241,7.00278967676767,7.70808928571429,7.4727036951767,118
"125",2021,9,7.2551724137931,29,7.6,6.93333333333333,6.6,7.78,7.14583333333333,14,15,5,5,24,10172,5708,4464,1490,1461,8711,7.50577615021628,8.04470100385424,6.81666704077061,7.00143803355705,7.70833538672143,7.47180312248881,119
"126",2021,10,7.17707739130435,46,7.88235294117647,6.76364,7,8.125,6.9775147368421,17,29,10,8,38,10218,5725,4493,1500,1469,8749,7.50429639459777,8.04421892227075,6.8163247785444,7.00142844666667,7.71060449285228,7.46965625328609,120
"127",2021,11,6.99642857142857,42,7.82352941176471,6.434,5.85714285714286,7.5625,6.86323529411765,17,25,7,8,34,10260,5742,4518,1507,1477,8783,7.50221740350877,8.04356553988158,6.81420921425409,6.99611325149303,7.70980230196344,7.46730872822498,121
"128",2021,12,7.12244897959184,49,7.7,6.52083333333333,7.125,7,7.125,25,24,8,1,48,10309,5767,4542,1515,1478,8831,7.50041231545252,8.0420761799896,6.8126590114487,6.99679384158416,7.70932205683356,7.46544814403805,122
"129",2022,1,7.42777647058824,85,7.85169444444444,7.11632653061224,6.62222222222222,7.3325,7.43767532467532,36,49,9,8,77,10394,5803,4591,1524,1486,8908,7.49981831441216,8.04089511114941,6.81590007187976,6.99458180446194,7.7072934051144,7.46520807813202,123
"130",2022,2,7.27142857142857,42,7.79545454545455,6.695,6.14285714285714,7.25,7.27368421052632,22,20,7,4,38,10436,5825,4611,1531,1490,8946,7.49889915293216,8.03996812532189,6.81537567338972,6.99068757021554,7.70606577181208,7.46439454057679,124
"131",2022,3,7.11111111111111,36,7.4,6.90476190476191,6.25,7.33333333333333,7.09090909090909,15,21,4,3,33,10472,5840,4632,1535,1493,8979,7.49756603896104,8.03832437157535,6.81578092184801,6.98875743973941,7.70531681178835,7.46302189107919,125
"132",2022,4,7.27923333333333,39,7.97571904761905,6.46666666666667,7,8.5,7.21324594594595,21,18,3,2,37,10511,5861,4650,1538,1495,9016,7.49675593758919,8.03810005630439,6.81442951182796,6.98877936931079,7.70637993311037,7.4619968566992,126
"133",2022,5,7.17209302325581,43,7.81481481481481,6.0875,6,7.44,7.09090909090909,27,16,1,10,33,10554,5888,4666,1539,1505,9049,7.49543316846693,8.03707615998642,6.81193682597514,6.98813688758934,7.70460996677741,7.46064356945519,127
"134",2022,6,7.64324324324324,37,8.00454545454545,7.11333333333333,8.1,8.1,7.60294117647059,22,15,5,3,34,10591,5910,4681,1544,1508,9083,7.4959495477292,8.03695506429781,6.81290263405255,6.99173748056995,7.70539655172414,7.46117622591655,128
"135",2022,7,7.49861111111111,36,7.92619047619048,6.9,6.5,8.33333333333333,7.42272727272727,21,15,2,3,33,10627,5931,4696,1546,1511,9116,7.49595856403501,8.03656287809813,6.8131808411414,6.9911013389392,7.70664328259431,7.46103704036858,129
"136",2022,8,6.88697674418605,43,7.55882352941176,6.44769230769231,6.455,7.49285714285714,6.76916666666667,17,26,10,7,36,10670,5948,4722,1556,1518,9152,7.49350437300843,8.03519744956288,6.81116840957222,6.98765595758355,7.70565744400527,7.45831552229021,130
"137",2022,9,7.33823529411765,34,7.46428571428571,7.25,6.75,7.675,7.29333333333333,14,20,4,4,30,10704,5962,4742,1560,1522,9182,7.4930111789985,8.03385683160014,6.81301923871784,6.98704658333333,7.70557687253614,7.45777648224788,131
"138",2022,10,7.24125,40,7.61388888888889,6.93636363636364,7.2,7,7.26081081081081,18,22,6,3,37,10744,5980,4764,1566,1525,9219,7.49207387006701,8.03259271404683,6.81358883921075,6.98786249680715,7.70418885245902,7.45698597027877,132
"139",2022,11,7.07368421052632,38,7.76666666666667,6.45,7.5,6.6,7.14545454545455,18,20,2,5,33,10782,5998,4784,1568,1530,9252,7.49059930068633,8.03179466988997,6.81206881897993,6.98851573341837,7.70058039215686,7.45587480112408,133
"140",2022,12,7.4506976744186,43,7.84916666666667,6.94736842105263,6.14285714285714,7.485,7.44285714285714,24,19,7,8,35,10825,6022,4803,1575,1538,9287,7.4904408,8.03106682663567,6.8126040453883,6.98475725079365,7.69945903771132,7.45582574135889,134
