"","year","month","avg_rating","no_ratings","avg_rating_owned","avg_rating_not_owned","avg_rating_prev_owned","avg_rating_comment","avg_rating_no_comment","no_ratings_owned","no_ratings_not_owned","no_ratings_prev_owned","no_ratings_comment","no_ratings_no_comment","cum_no_ratings","cum_no_ratings_owned","cum_no_ratings_not_owned","cum_no_ratings_prev_owned","cum_no_ratings_comment","cum_no_ratings_no_comment","cum_avg_rating","cum_avg_rating_owned","cum_avg_rating_not_owned","cum_avg_rating_prev_owned","cum_avg_rating_comment","cum_avg_rating_no_comment","month_after_release"
"1",2001,8,7,2,7,NA,NA,NA,7,2,0,0,0,2,2,2,0,0,0,2,7,7,NA,NA,NA,7,3
"2",2001,10,8,1,8,NA,NA,8,NA,1,0,0,1,0,3,3,0,0,1,2,7.33333333333333,7.33333333333333,NA,NA,8,7,5
"3",2001,11,8,1,8,NA,NA,NA,8,1,0,0,0,1,4,4,0,0,1,3,7.5,7.5,NA,NA,8,7.33333333333333,6
"4",2002,1,3,1,NA,3,NA,NA,3,0,1,0,0,1,5,4,1,0,1,4,6.6,7.5,3,NA,8,6.25,8
"5",2002,2,8,1,8,NA,NA,8,NA,1,0,0,1,0,6,5,1,0,2,4,6.83333333333333,7.6,3,NA,8,6.25,9
"6",2002,3,7,1,NA,7,7,NA,7,0,1,1,0,1,7,5,2,1,2,5,6.85714285714286,7.6,5,7,8,6.4,10
"7",2002,4,7,1,7,NA,NA,7,NA,1,0,0,1,0,8,6,2,1,3,5,6.875,7.5,5,7,7.66666666666667,6.4,11
"8",2002,5,10,1,10,NA,NA,NA,10,1,0,0,0,1,9,7,2,1,3,6,7.22222222222222,7.85714285714286,5,7,7.66666666666667,7,12
"9",2002,6,9,2,9,NA,NA,8,10,2,0,0,1,1,11,9,2,1,4,7,7.54545454545455,8.11111111111111,5,7,7.75,7.42857142857143,13
"10",2002,8,7,2,7,NA,NA,NA,7,2,0,0,0,2,13,11,2,1,4,9,7.46153846153846,7.90909090909091,5,7,7.75,7.33333333333333,15
"11",2002,9,8.33333333333333,3,8,9,9,10,7.5,2,1,1,1,2,16,13,3,2,5,11,7.625,7.92307692307692,6.33333333333333,8,8.2,7.36363636363636,16
"12",2002,10,7.5,2,7.5,NA,NA,NA,7.5,2,0,0,0,2,18,15,3,2,5,13,7.61111111111111,7.86666666666667,6.33333333333333,8,8.2,7.38461538461539,17
"13",2002,12,7.5,4,7.5,NA,NA,8,7.33333333333333,4,0,0,1,3,22,19,3,2,6,16,7.59090909090909,7.78947368421053,6.33333333333333,8,8.16666666666667,7.375,19
"14",2003,1,7.48,5,7.25,7.63333333333333,NA,7.9,7.375,2,3,0,1,4,27,21,6,2,7,20,7.57037037037037,7.73809523809524,6.98333333333333,8,8.12857142857143,7.375,20
"15",2003,2,8.6,5,8.6,NA,NA,8.75,8,5,0,0,4,1,32,26,6,2,11,21,7.73125,7.90384615384615,6.98333333333333,8,8.35454545454546,7.40476190476191,21
"16",2003,3,6,1,NA,6,6,6,NA,0,1,1,1,0,33,26,7,3,12,21,7.67878787878788,7.90384615384615,6.84285714285714,7.33333333333333,8.15833333333333,7.40476190476191,22
"17",2003,4,9,1,9,NA,NA,9,NA,1,0,0,1,0,34,27,7,3,13,21,7.71764705882353,7.94444444444444,6.84285714285714,7.33333333333333,8.22307692307692,7.40476190476191,23
"18",2003,5,7.3125,8,6.9,8,6,7.625,7,5,3,1,4,4,42,32,10,4,17,25,7.64047619047619,7.78125,7.19,7,8.08235294117647,7.34,24
"19",2003,6,6.25,4,5,6.66666666666667,NA,7,5.5,1,3,0,2,2,46,33,13,4,19,27,7.5195652173913,7.6969696969697,7.06923076923077,7,7.96842105263158,7.2037037037037,25
"20",2003,7,7.34615384615385,13,7.27272727272727,7.75,NA,7.58333333333333,7.14285714285714,11,2,0,6,7,59,44,15,4,25,34,7.48135593220339,7.59090909090909,7.16,7,7.876,7.19117647058824,26
"21",2003,8,7.8125,8,7.78571428571429,8,NA,8.625,7,7,1,0,4,4,67,51,16,4,29,38,7.52089552238806,7.61764705882353,7.2125,7,7.97931034482759,7.17105263157895,27
"22",2003,9,8.45,4,8.26666666666667,9,9,8.6,8,3,1,1,3,1,71,54,17,5,32,39,7.57323943661972,7.6537037037037,7.31764705882353,7.4,8.0375,7.19230769230769,28
"23",2003,10,7,3,8,5,NA,NA,7,2,1,0,0,3,74,56,18,5,32,42,7.55,7.66607142857143,7.18888888888889,7.4,8.0375,7.17857142857143,29
"24",2003,11,8,2,8,NA,NA,8,8,2,0,0,1,1,76,58,18,5,33,43,7.56184210526316,7.67758620689655,7.18888888888889,7.4,8.03636363636364,7.19767441860465,30
"25",2003,12,5,1,NA,5,NA,NA,5,0,1,0,0,1,77,58,19,5,33,44,7.52857142857143,7.67758620689655,7.07368421052632,7.4,8.03636363636364,7.14772727272727,31
"26",2004,1,7,7,6.75,7.33333333333333,7,7.5,6.8,4,3,1,2,5,84,62,22,6,35,49,7.48452380952381,7.61774193548387,7.10909090909091,7.33333333333333,8.00571428571429,7.11224489795918,32
"27",2004,2,7.8,10,7.8,NA,NA,8.6,7,10,0,0,5,5,94,72,22,6,40,54,7.51808510638298,7.64305555555555,7.10909090909091,7.33333333333333,8.08,7.10185185185185,33
"28",2004,3,7.71428571428571,7,8.4,6,NA,8.5,6.66666666666667,5,2,0,4,3,101,77,24,6,44,57,7.53168316831683,7.69220779220779,7.01666666666667,7.33333333333333,8.11818181818182,7.07894736842105,34
"29",2004,4,8.22857142857143,7,7.93333333333333,10,NA,8.4,8,6,1,0,4,3,108,83,25,6,48,60,7.57685185185185,7.70963855421687,7.136,7.33333333333333,8.14166666666667,7.125,35
"30",2004,5,7.68,5,7.68,NA,NA,8.9,7.375,5,0,0,1,4,113,88,25,6,49,64,7.58141592920354,7.70795454545454,7.136,7.33333333333333,8.15714285714286,7.140625,36
"31",2004,6,7.71428571428571,7,7.83333333333333,7,NA,7.33333333333333,8,6,1,0,3,4,120,94,26,6,52,68,7.58916666666667,7.71595744680851,7.13076923076923,7.33333333333333,8.10961538461538,7.19117647058824,37
"32",2004,7,8.25,6,8.25,NA,NA,8.5,8,6,0,0,3,3,126,100,26,6,55,71,7.62063492063492,7.748,7.13076923076923,7.33333333333333,8.13090909090909,7.22535211267606,38
"33",2004,8,8.08333333333333,6,8.125,8,9,8.25,8,4,2,1,2,4,132,104,28,7,57,75,7.64166666666667,7.7625,7.19285714285714,7.57142857142857,8.13508771929825,7.26666666666667,39
"34",2004,9,7,2,7,NA,NA,7,7,2,0,0,1,1,134,106,28,7,58,76,7.6320895522388,7.74811320754717,7.19285714285714,7.57142857142857,8.11551724137931,7.26315789473684,40
"35",2004,10,7.25,8,7.5,7,8,6.75,7.75,4,4,1,4,4,142,110,32,8,62,80,7.61056338028169,7.73909090909091,7.16875,7.625,8.02741935483871,7.2875,41
"36",2004,11,7.46666666666667,9,8.375,6.74,7.5,7.03333333333333,8.33333333333333,4,5,1,6,3,151,114,37,9,68,83,7.60198675496689,7.76140350877193,7.11081081081081,7.61111111111111,7.93970588235294,7.32530120481928,42
"37",2004,12,6,2,9,3,NA,3,9,1,1,0,1,1,153,115,38,9,69,84,7.58104575163399,7.77217391304348,7.00263157894737,7.61111111111111,7.86811594202899,7.34523809523809,43
"38",2005,1,7.125,12,7.5,6,NA,7.57142857142857,6.5,9,3,0,7,5,165,124,41,9,76,89,7.54787878787879,7.75241935483871,6.92926829268293,7.61111111111111,7.84078947368421,7.29775280898876,44
"39",2005,2,7.66666666666667,9,7.8,7.5,8,7.83333333333333,7.33333333333333,5,4,3,6,3,174,129,45,12,82,92,7.55402298850575,7.75426356589147,6.98,7.70833333333333,7.84024390243903,7.29891304347826,45
"40",2005,3,7.11111111111111,9,7.35714285714286,6.25,6.5,7,7.25,7,2,1,5,4,183,136,47,13,87,96,7.53224043715847,7.73382352941176,6.94893617021277,7.61538461538461,7.79195402298851,7.296875,46
"41",2005,4,6.91666666666667,6,7.5,6.33333333333333,8,6.9,7,3,3,1,5,1,189,139,50,14,92,97,7.51269841269841,7.72877697841727,6.912,7.64285714285714,7.74347826086957,7.29381443298969,47
"42",2005,5,7.72222222222222,9,7.72222222222222,NA,NA,8.16666666666667,7.5,9,0,0,3,6,198,148,50,14,95,103,7.52222222222222,7.72837837837838,6.912,7.64285714285714,7.75684210526316,7.30582524271845,48
"43",2005,6,7.825,8,7.85714285714286,7.6,NA,8.2,7.2,7,1,0,5,3,206,155,51,14,100,106,7.53398058252427,7.7341935483871,6.92549019607843,7.64285714285714,7.779,7.30283018867925,49
"44",2005,7,7.83333333333333,6,8.2,6,6,7.66666666666667,8,5,1,1,3,3,212,160,52,15,103,109,7.54245283018868,7.74875,6.90769230769231,7.53333333333333,7.77572815533981,7.32201834862385,50
"45",2005,8,6.85714285714286,7,7.2,6,8,7.5,6,5,2,1,4,3,219,165,54,16,107,112,7.52054794520548,7.73212121212121,6.87407407407408,7.5625,7.76542056074766,7.28660714285714,51
"46",2005,9,8.62,5,8.5,8.8,9,8.8,8.5,3,2,1,2,3,224,168,56,17,109,115,7.54508928571428,7.74583333333333,6.94285714285714,7.64705882352941,7.78440366972477,7.31826086956522,52
"47",2005,10,7.3,10,7.5,6.83333333333333,6.75,7.1,7.5,7,3,2,5,5,234,175,59,19,114,120,7.53461538461538,7.736,6.93728813559322,7.55263157894737,7.75438596491228,7.32583333333333,53
"48",2005,11,7.71428571428571,7,8.25,7,9,7,8.25,4,3,1,3,4,241,179,62,20,117,124,7.53983402489626,7.74748603351955,6.94032258064516,7.625,7.73504273504274,7.35564516129032,54
"49",2005,12,7.28571428571429,7,7.28571428571429,NA,NA,7.5,7.25,7,0,0,1,6,248,186,62,20,118,130,7.53266129032258,7.73010752688172,6.94032258064516,7.625,7.73305084745763,7.35076923076923,55
"50",2006,1,7.38888888888889,9,7.91666666666667,6.33333333333333,7.5,7.7,7,6,3,2,5,4,257,192,65,22,123,134,7.52762645914397,7.7359375,6.91230769230769,7.61363636363636,7.73170731707317,7.34029850746269,56
"51",2006,2,7.6875,8,7.6875,NA,NA,8,7.58333333333333,8,0,0,2,6,265,200,65,22,125,140,7.53245283018868,7.734,6.91230769230769,7.61363636363636,7.736,7.35071428571429,57
"52",2006,3,7.69166666666667,12,7.75454545454545,7,NA,7.75,7.63333333333333,11,1,0,6,6,277,211,66,22,131,146,7.53935018050541,7.73507109004739,6.91363636363636,7.61363636363636,7.73664122137405,7.36232876712329,58
"53",2006,4,7.4,10,8,6.5,7,7.33333333333333,7.5,6,4,1,6,4,287,217,70,23,137,150,7.53449477351916,7.74239631336405,6.89,7.58695652173913,7.71897810218978,7.366,59
"54",2006,5,5.5,2,8,3,NA,5.5,NA,1,1,0,2,0,289,218,71,23,139,150,7.52041522491349,7.74357798165138,6.83521126760563,7.58695652173913,7.68705035971223,7.366,60
"55",2006,6,7.375,8,8,3,NA,6.33333333333333,8,7,1,0,3,5,297,225,72,23,142,155,7.51649831649832,7.75155555555556,6.78194444444444,7.58695652173913,7.65845070422535,7.38645161290323,61
"56",2006,7,7.16363636363636,11,7.33333333333333,6.96,8,7.16,7.16666666666667,6,5,1,5,6,308,231,77,24,147,161,7.5038961038961,7.74069264069264,6.79350649350649,7.60416666666667,7.64149659863946,7.37826086956522,62
"57",2006,8,7,5,7,7,NA,8,6.75,2,3,0,1,4,313,233,80,24,148,165,7.49584664536741,7.7343347639485,6.80125,7.60416666666667,7.64391891891892,7.3630303030303,63
"58",2006,9,7.5,7,7.7,7,NA,7.25,9,5,2,0,6,1,320,238,82,24,154,166,7.4959375,7.73361344537815,6.80609756097561,7.60416666666667,7.62857142857143,7.37289156626506,64
"59",2006,10,6.81818181818182,11,7.5,5.625,7.5,6.85714285714286,6.75,7,4,1,7,4,331,245,86,25,161,170,7.47341389728097,7.7269387755102,6.75116279069767,7.6,7.59503105590062,7.35823529411765,65
"60",2006,11,7.5,9,7.42857142857143,7.75,8.5,7.83333333333333,6.83333333333333,7,2,1,6,3,340,252,88,26,167,173,7.47411764705882,7.71865079365079,6.77386363636364,7.63461538461539,7.60359281437126,7.34913294797688,66
"61",2006,12,7.59090909090909,11,8.1875,6,NA,8,7.1,8,3,0,6,5,351,260,91,26,173,178,7.47777777777778,7.73307692307692,6.74835164835165,7.63461538461539,7.61734104046243,7.34213483146067,67
"62",2007,1,7.38888888888889,18,7.35714285714286,7.5,7,7.75,7.28571428571429,14,4,2,4,14,369,274,95,28,177,192,7.47344173441734,7.71386861313869,6.78,7.58928571428571,7.62033898305085,7.33802083333333,68
"63",2007,2,7.88362,5,8,7.70905,NA,NA,7.88362,3,2,0,0,5,374,277,97,28,177,197,7.47892540106952,7.71696750902527,6.79915567010309,7.58928571428571,7.62033898305085,7.35186852791878,69
"64",2007,3,7.63888888888889,9,7.66666666666667,7.625,8.33333333333333,7.66666666666667,7.58333333333333,3,6,3,6,3,383,280,103,31,183,200,7.48268433420365,7.71642857142857,6.84726310679612,7.66129032258065,7.62185792349727,7.3553405,70
"65",2007,4,8.44444444444444,9,8.44444444444444,NA,NA,8.25,8.5,9,0,0,2,7,392,289,103,31,185,207,7.50476556122449,7.73910034602076,6.84726310679612,7.66129032258065,7.62864864864865,7.39404879227053,71
"66",2007,5,7.18333333333333,12,7.35714285714286,6.94,7.85,7.21428571428571,7.14,7,5,2,7,5,404,296,108,33,192,212,7.49521806930693,7.73006756756757,6.85155648148148,7.67272727272727,7.61354166666667,7.3880570754717,72
"67",2007,6,7.13157894736842,19,7.55,6.66666666666667,6.66666666666667,7,7.19230769230769,10,9,3,6,13,423,306,117,36,198,225,7.47888439716312,7.72418300653595,6.83733418803419,7.58888888888889,7.59494949494949,7.37674711111111,73
"68",2007,7,7.77272727272727,11,8,7.375,7.5,7.6,7.91666666666667,7,4,1,5,6,434,313,121,37,203,231,7.48633202764977,7.73035143769968,6.85510826446281,7.58648648648649,7.59507389162562,7.390770995671,74
"69",2007,8,7.46923076923077,13,7.7,7.325,7.25,7.71428571428571,7.18333333333333,5,8,2,7,6,447,318,129,39,210,237,7.48583467561521,7.72987421383648,6.8842488372093,7.56923076923077,7.59904761904762,7.3855194092827,75
"70",2007,9,8.01666666666667,12,8.13333333333333,7.66666666666667,7,7.775,8.5,9,3,1,8,4,459,327,132,40,218,241,7.49971263616558,7.74097859327217,6.90203106060606,7.555,7.60550458715596,7.40401701244813,76
"71",2007,10,7.58333333333333,6,8.5,5.75,NA,8.5,7.125,4,2,0,2,4,465,331,134,40,220,245,7.50079161290322,7.75015105740181,6.88483656716418,7.555,7.61363636363636,7.39946163265306,77
"72",2007,11,6.5,16,7.83333333333333,5.7,8,8,5.33333333333333,6,10,2,7,9,481,337,144,42,227,254,7.46750124740125,7.75163204747774,6.80255625,7.57619047619048,7.62555066079295,7.32625236220472,78
"73",2007,12,7.075,18,7.38214285714286,6,8,7.28571428571429,6.94090909090909,14,4,1,7,11,499,351,148,43,234,265,7.45334288577154,7.73689458689459,6.78086554054054,7.58604651162791,7.61538461538461,7.31025698113208,79
"74",2008,1,7.30769230769231,13,7.16666666666667,9,9,7.6,7.125,12,1,1,5,8,512,363,149,44,239,273,7.4496447265625,7.71804407713499,6.79575906040268,7.61818181818182,7.61506276150628,7.3048282051282,80
"75",2008,2,7.40625,16,7.68181818181818,6.8,9,7.13636363636364,8,11,5,1,11,5,528,374,154,45,250,278,7.44832973484848,7.71697860962567,6.79589675324675,7.64888888888889,7.594,7.31733129496403,81
"76",2008,3,7.21944444444444,18,7.37083333333333,6.91666666666667,7,6.9625,7.425,12,6,1,8,10,546,386,160,46,258,288,7.44078406593406,7.70621761658031,6.800425625,7.63478260869565,7.57441860465116,7.32106979166667,82
"77",2008,4,7.57692307692308,13,7.9375,7,7.16666666666667,7.375,7.9,8,5,3,8,5,559,394,165,49,266,293,7.44395008944544,7.71091370558375,6.80647333333333,7.60612244897959,7.56842105263158,7.33094914675768,83
"78",2008,5,8.06818181818182,11,8.41666666666667,7.65,8,8.58333333333333,7.45,6,5,2,6,5,570,400,170,51,272,298,7.45599666666666,7.7215,6.83128294117647,7.62156862745098,7.59080882352941,7.3329466442953,84
"79",2008,6,8.625,8,8.8,8.33333333333333,8.33333333333333,8.33333333333333,8.8,5,3,3,3,5,578,405,173,54,275,303,7.47217664359861,7.73481481481481,6.85733005780347,7.66111111111111,7.59890909090909,7.35715544554455,85
"80",2008,7,7.8125,12,7.875,7.5,7,7.79166666666667,7.83333333333333,10,2,1,6,6,590,415,175,55,281,309,7.47909847457627,7.73819277108434,6.86467485714286,7.64909090909091,7.60302491103203,7.36640161812298,86
"81",2008,8,7.56666666666667,9,8.25,7.02,7.05,8.525,6.8,4,5,2,4,5,599,419,180,57,285,314,7.48041419031719,7.74307875894988,6.86898944444444,7.6280701754386,7.6159649122807,7.35738248407643,87
"82",2008,9,7.8,10,9,7,7,7,8.14285714285714,4,6,3,3,7,609,423,186,60,288,321,7.4856619047619,7.75496453900709,6.87321559139785,7.59666666666667,7.60954861111111,7.37451121495327,88
"83",2008,10,7.66666666666667,9,8.33333333333333,6.33333333333333,4,7.8,7.5,6,3,1,5,4,618,429,189,61,293,325,7.48829789644013,7.76305361305361,6.86464603174603,7.53770491803279,7.61279863481229,7.37605569230769,89
"84",2008,11,7.6,16,7.95,7.25,7,7.2,7.78181818181818,8,8,3,5,11,634,437,197,64,298,336,7.49111687697161,7.76647597254004,6.88029492385787,7.5125,7.60587248322148,7.38933958333333,90
"85",2008,12,7.53846153846154,13,7.875,7,7,7.16666666666667,7.65,8,5,3,3,10,647,445,202,67,301,346,7.49206816074189,7.76842696629213,6.88325792079208,7.48955223880597,7.60149501661129,7.39687312138728,91
"86",2009,1,7.625,16,8.3,7.31818181818182,6,7.8,7.54545454545455,5,11,1,5,11,663,450,213,68,306,357,7.49527616892911,7.77433333333333,6.90571877934272,7.46764705882353,7.6047385620915,7.4014512605042,92
"87",2009,2,7.175,28,7.3,7.03076923076923,7,7.41428571428571,7.09523809523809,15,13,1,7,21,691,465,226,69,313,378,7.4822982633864,7.75903225806452,6.91291194690265,7.46086956521739,7.60047923322684,7.38443941798942,93
"88",2009,3,7.04545454545455,11,7.33333333333333,6.9375,7.33333333333333,7.33333333333333,6.9375,3,8,3,3,8,702,468,234,72,316,386,7.47545313390313,7.75630341880342,6.91375256410256,7.45555555555555,7.59794303797468,7.37517642487047,94
"89",2009,4,8.29166666666667,12,8.57142857142857,7.9,NA,8,8.38888888888889,7,5,0,3,9,714,475,239,72,319,395,7.48917100840336,7.76831578947368,6.93438535564854,7.45555555555555,7.60172413793103,7.39827367088608,95
"90",2009,5,7.5375,16,8.18333333333333,7.15,7.42857142857143,8.01111111111111,6.92857142857143,6,10,7,9,7,730,481,249,79,328,402,7.4902302739726,7.77349272349272,6.94304457831325,7.45316455696203,7.61295731707317,7.3900947761194,96
"91",2009,6,7.46666666666667,15,7.85714285714286,7.125,6.5,7.1,7.65,7,8,2,5,10,745,488,257,81,333,412,7.48975583892617,7.77469262295082,6.94870856031128,7.42962962962963,7.60525525525525,7.39640315533981,97
"92",2009,7,7.25,15,7.38571428571429,7.13125,7.6875,7,7.34090909090909,7,8,4,4,11,760,495,265,85,337,423,7.48502381578947,7.76919191919192,6.95421924528302,7.44176470588235,7.59807121661721,7.39496004728132,98
"93",2009,8,7.84545454545455,11,8.35714285714286,6.95,7.4,7.5,8.26,7,4,2,6,5,771,502,269,87,343,428,7.49016614785992,7.77739043824701,6.95415650557621,7.44080459770115,7.59635568513119,7.40506565420561,99
"94",2009,9,7.6,10,9,7,7,9,7.44444444444444,3,7,1,1,9,781,505,276,88,344,437,7.49157247119078,7.78465346534653,6.95531920289855,7.43579545454545,7.60043604651163,7.4058766590389,100
"95",2009,10,7.75,15,8.21875,7.21428571428571,7,7.5,7.875,8,7,1,5,10,796,513,283,89,349,447,7.49644233668342,7.79142300194932,6.96172473498233,7.43089887640449,7.59899713467049,7.41637158836689,101
"96",2009,11,7.51904761904762,21,7.83846153846154,7,NA,7.4375,7.56923076923077,13,8,0,8,13,817,526,291,89,357,460,7.49702337821297,7.7925855513308,6.96277697594502,7.43089887640449,7.5953781512605,7.42069152173913,102
"97",2009,12,7.19473684210526,19,7.57,6.77777777777778,7.8,6.86666666666667,7.34615384615385,10,9,4,6,13,836,536,300,93,363,473,7.49015322966507,7.78843283582089,6.957227,7.44677419354839,7.58333333333333,7.41864291754757,103
"98",2010,1,7.3125,16,7.625,7,5,7.6,7.18181818181818,8,8,1,5,11,852,544,308,94,368,484,7.48681701877934,7.7860294117647,6.95833798701299,7.42074468085106,7.58355978260869,7.41326053719008,104
"99",2010,2,7.65909090909091,11,8,6.75,6.625,7.8125,7.57142857142857,8,3,2,4,7,863,552,311,96,372,491,7.48901286210892,7.78913043478261,6.95632829581993,7.40416666666667,7.58602150537634,7.41551547861507,105
"100",2010,3,7.64705882352941,17,8.5,7.29166666666667,8,8.5,7.38461538461539,5,12,1,4,13,880,557,323,97,376,504,7.49206602272727,7.79551166965888,6.9687866873065,7.41030927835051,7.59574468085106,7.41471845238095,106
"101",2010,4,7.72727272727273,11,8.28571428571429,6.75,7,7.75,7.71428571428571,7,4,1,4,7,891,564,327,98,380,511,7.49496980920314,7.80159574468085,6.96611039755352,7.40612244897959,7.59736842105263,7.41882211350294,107
"102",2010,5,7.46666666666667,9,8.04,6.75,NA,NA,7.46666666666667,5,4,0,0,9,900,569,331,98,380,520,7.49468677777778,7.803690685413,6.96349879154079,7.40612244897959,7.59736842105263,7.41965019230769,108
"103",2010,6,8.33333333333333,9,8.66666666666667,7.66666666666667,9,8,8.375,6,3,1,1,8,909,575,334,99,381,528,7.5029902090209,7.81269565217391,6.96981467065868,7.42222222222222,7.59842519685039,7.43412518939394,109
"104",2010,7,7.13636363636364,11,7.375,7,8,7.5,7.1,4,7,2,1,10,920,579,341,101,382,538,7.49860663043478,7.80967184801381,6.97043431085044,7.43366336633663,7.59816753926701,7.42791468401487,110
"105",2010,8,7.57692307692308,13,8.5,6.5,6,7.9,7.375,7,6,1,5,8,933,586,347,102,387,546,7.49969785637728,7.8179180887372,6.9623,7.41960784313725,7.60206718346253,7.42713937728938,111
"106",2010,9,8.11111111111111,9,8.25,7,7,7.9,8.375,8,1,1,5,4,942,594,348,103,392,550,7.50553938428875,7.82373737373737,6.96240833333333,7.41553398058252,7.60586734693877,7.43403290909091,112
"107",2010,10,7.08571428571429,14,8.1,6.52222222222222,8.5,7.36666666666667,6.875,5,9,2,6,8,956,599,357,105,398,558,7.49939131799163,7.82604340567612,6.95131120448179,7.43619047619048,7.60226130653266,7.42601810035842,113
"108",2010,11,8.44545454545455,11,8.5,8.4,7.95,7,8.59,5,6,2,1,10,967,604,363,107,399,568,7.5101531540848,7.83162251655629,6.9752564738292,7.44579439252336,7.60075187969925,7.44651073943662,114
"109",2010,12,7,11,7.6,6.5,8,NA,7,5,6,1,0,11,978,609,369,108,399,579,7.50441523517382,7.82972085385878,6.96752872628726,7.45092592592593,7.60075187969925,7.43802780656304,115
"110",2011,1,7.35789473684211,19,8.14285714285714,6.9,NA,7.9,7.16428571428571,7,12,0,5,14,997,616,381,108,404,593,7.50162296890672,7.83327922077922,6.96540183727034,7.45092592592593,7.60445544554455,7.43156509274873,116
"111",2011,2,7.25,8,8.25,6.25,8,8,7.14285714285714,4,4,2,1,7,1005,620,385,110,405,600,7.49962,7.83596774193548,6.95796909090909,7.46090909090909,7.60543209876543,7.42819683333333,117
"112",2011,3,7.2,15,7.78571428571429,6.6875,6,7.33333333333333,7.11111111111111,7,8,2,6,9,1020,627,393,112,411,609,7.49521382352941,7.83540669856459,6.95246335877863,7.43482142857143,7.6014598540146,7.42351083743842,118
"113",2011,4,6.86,5,9,5.43333333333333,5.43333333333333,6.33333333333333,7.65,2,3,3,3,2,1025,629,396,115,414,611,7.49211521951219,7.83910969793322,6.9409547979798,7.38260869565217,7.59227053140097,7.42425220949263,119
"114",2011,5,6.91666666666667,12,7.35714285714286,6.3,6,7,6.90909090909091,7,5,2,1,11,1037,636,401,117,415,622,7.48545621986499,7.83380503144654,6.93296284289277,7.35897435897436,7.59084337349397,7.41514163987138,120
"115",2011,6,7.77777777777778,9,8,7.6,6.5,8.33333333333333,7.5,4,5,2,3,6,1046,640,406,119,418,628,7.48797141491396,7.83484375,6.9411775862069,7.34453781512605,7.59617224880383,7.41595238853503,121
"116",2011,7,7.41666666666667,6,6.9,7.93333333333333,8,7,7.625,3,3,1,2,4,1052,643,409,120,420,632,7.4875647338403,7.83048211508553,6.94845501222494,7.35,7.59333333333333,7.41727547468354,122
"117",2011,8,7.57692307692308,13,7.61111111111111,7.5,8,7.25,7.72222222222222,9,4,2,4,9,1065,652,413,122,424,641,7.48865549295775,7.82745398773006,6.95379685230024,7.36065573770492,7.59009433962264,7.42155709828393,123
"118",2011,9,8.44444444444444,9,8.83333333333333,7.66666666666667,NA,8.66666666666667,8.33333333333333,6,3,0,3,6,1074,658,416,122,427,647,7.49666489757914,7.83662613981763,6.95893774038462,7.36065573770492,7.59765807962529,7.43001251931994,124
"119",2011,10,8.18333333333333,12,8.8,7.875,7.5,8.75,7.9,4,8,2,4,8,1086,662,424,124,431,655,7.50425239410681,7.84244712990936,6.97622193396226,7.36290322580645,7.60835266821346,7.43575282442748,125
"120",2011,11,8.0125,20,8.88888888888889,7.29545454545455,7.5,8.75,7.828125,9,11,2,4,16,1106,671,435,126,435,671,7.5134431283906,7.85648286140089,6.98429448275862,7.36507936507936,7.61885057471264,7.44510894187779,126
"121",2011,12,7.57142857142857,14,8.25,6.66666666666667,8,7.28571428571429,7.85714285714286,8,6,1,7,7,1120,679,441,127,442,678,7.51416794642857,7.86111929307805,6.97997301587302,7.37007874015748,7.61357466063348,7.44936297935103,127
"122",2012,1,7.29347826086957,23,7.85,6.25,6,7.3,7.29166666666667,15,8,1,5,18,1143,694,449,128,447,696,7.5097271216098,7.86087896253602,6.96696681514477,7.359375,7.61006711409396,7.44528462643678,128
"123",2012,2,7.87,10,8.4,7.34,5,7,7.96666666666667,5,5,1,1,9,1153,699,454,129,448,705,7.51285177797051,7.86473533619456,6.97107511013216,7.34108527131783,7.60870535714286,7.45194056737589,129
"124",2012,3,8,7,7.83333333333333,9,NA,8.5,7.8,6,1,0,2,5,1160,705,455,129,450,710,7.51579146551724,7.86446808510638,6.97553428571429,7.34108527131783,7.61266666666666,7.45439169014084,130
"125",2012,4,6.5,4,6,7,8,NA,6.5,2,2,1,0,4,1164,707,457,130,450,714,7.51230077319588,7.85919377652051,6.97564135667396,7.34615384615384,7.61266666666666,7.44904495798319,131
"126",2012,5,8.06,6,8.432,6.2,6.2,6.78666666666667,9.33333333333333,5,1,1,3,3,1170,712,458,131,453,717,7.51510948717949,7.86321629213483,6.97394781659389,7.33740458015267,7.60719646799117,7.4569290097629,132
"127",2012,6,7.76666666666667,15,8,6.83333333333333,4,8,7.75,12,3,1,1,14,1185,724,461,132,454,731,7.51829375527426,7.86548342541436,6.97303275488069,7.31212121212121,7.60806167400881,7.46254186046512,133
"128",2012,7,7.6275,8,8,7.255,8.5,6.5,8.00333333333333,4,4,1,2,6,1193,728,465,133,456,737,7.51902606873428,7.86622252747252,6.97545827956989,7.32105263157895,7.60320175438596,7.46694450474898,134
"129",2012,8,7.42857142857143,7,8.5,7,7,8,7.33333333333333,2,5,2,1,6,1200,730,470,135,457,743,7.51849841666667,7.86795890410959,6.97571936170213,7.3162962962963,7.60407002188184,7.46586554508748,135
"130",2012,9,7.71428571428571,7,8.33333333333333,7.25,7,8,7.6,3,4,1,2,5,1207,733,474,136,459,748,7.51963388566694,7.86986357435198,6.97803396624473,7.31397058823529,7.60579520697168,7.4667621657754,136
"131",2012,10,8,8,8.4,7.33333333333333,8,7,8.14285714285714,5,3,1,1,7,1215,738,477,137,460,755,7.52279679012346,7.87345528455284,6.98026855345912,7.31897810218978,7.60447826086956,7.47303059602649,137
"132",2012,11,7.32222222222222,9,8.225,6.6,7,8.5,6.98571428571429,4,5,1,2,7,1224,742,482,138,462,762,7.52132197712418,7.87535040431267,6.97632385892116,7.31666666666667,7.60835497835498,7.46855393700787,138
"133",2012,12,8.28125,8,8.55,7.83333333333333,8.5,6,8.60714285714286,5,3,1,1,7,1232,747,485,139,463,769,7.52625657467533,7.87986613119143,6.98162494845361,7.32517985611511,7.60488120950324,7.47891820546164,139
"134",2013,1,7.44615384615385,13,8.2,6.975,NA,8.5,7.35833333333333,5,8,0,1,12,1245,752,493,139,464,781,7.52542016064257,7.88199468085106,6.98151744421907,7.32517985611511,7.60681034482759,7.47706542893726,140
"135",2013,2,7.25,12,8.08333333333333,6.41666666666667,7,7.25,7.25,6,6,1,2,10,1257,758,499,140,466,791,7.5227908512331,7.88358839050132,6.97472565130261,7.32285714285714,7.60527896995708,7.47419481668774,141
"136",2013,3,6.5,9,7.5,6.21428571428571,NA,7,6.4375,2,7,0,1,8,1266,760,506,140,467,799,7.51551982622433,7.88257894736842,6.9642057312253,7.32285714285714,7.60398286937901,7.46381489361702,142
"137",2013,4,8.55555555555556,9,8.66666666666667,8.5,8,8.5,8.57142857142857,3,6,1,2,7,1275,763,512,141,469,806,7.52286125490196,7.8856618610747,6.9822033203125,7.32765957446808,7.60780383795309,7.47343436724566,143
"138",2013,5,8.4,5,8.66666666666667,8,NA,8,9,3,2,0,3,2,1280,766,514,141,472,808,7.526287578125,7.88872062663185,6.98616361867704,7.32765957446808,7.61029661016949,7.4772129950495,144
"139",2013,6,6.29166666666667,6,7.4375,4,NA,7.75,6,4,2,0,1,5,1286,770,516,141,473,813,7.52052729393468,7.88637662337662,6.97458934108527,7.32765957446808,7.61059196617336,7.46812804428044,145
"140",2013,7,8.21428571428571,14,8.7,7,7.5,8.8,7.88888888888889,10,4,2,5,9,1300,780,520,143,478,822,7.52799853846154,7.89680769230769,6.97478480769231,7.33006993006993,7.62303347280335,7.47273491484185,146
"141",2013,8,7.93181818181818,11,8.16666666666667,7.84375,7,8.16666666666667,7.84375,3,8,1,3,8,1311,783,528,144,481,830,7.53138680396644,7.89784163473818,6.9879509469697,7.32777777777778,7.62642411642412,7.47631096385542,147
"142",2013,9,8.41909090909091,11,9.01,7.71,8,8.35,8.445,6,5,1,3,8,1322,789,533,145,484,838,7.53877314674735,7.90629911280101,6.9947243902439,7.33241379310345,7.63090909090909,7.48555859188544,148
"143",2013,10,7.72,10,8.03333333333333,7.25,7,7.66666666666667,7.74285714285714,6,4,2,3,7,1332,795,537,147,487,845,7.54013370870871,7.90725786163522,6.99662588454376,7.32789115646258,7.63112936344969,7.4876900591716,149
"144",2013,11,7.5,7,8.5,7.1,7,8,7.41666666666667,2,5,1,1,6,1339,797,542,148,488,851,7.53992389843167,7.90874529485571,6.9975795202952,7.32567567567567,7.63188524590164,7.487189306698,150
"145",2013,12,8.21428571428571,7,8.16666666666667,8.25,7,7.66666666666667,8.625,3,4,1,3,4,1346,800,546,149,491,855,7.54343098068351,7.9097125,7.00675476190476,7.3234899328859,7.63209775967413,7.49251239766082,151
"146",2014,1,8,5,7.66666666666667,8.5,NA,9,7.75,3,2,0,1,4,1351,803,548,149,492,859,7.5451207253886,7.90880448318804,7.0122045620438,7.3234899328859,7.63487804878049,7.49371140861467,152
"147",2014,2,8.5625,8,8.375,8.75,9.5,8.83333333333333,8.4,4,4,1,3,5,1359,807,552,150,495,864,7.55110971302428,7.91111524163568,7.0247972826087,7.338,7.64214141414141,7.49895613425926,153
"148",2014,3,8.05555555555556,9,8.35714285714286,7,NA,8.5,7.92857142857143,7,2,0,2,7,1368,814,554,150,497,871,7.55442843567252,7.91495085995086,7.02470776173285,7.338,7.64559356136821,7.50240884041332,154
"149",2014,4,7.7875,8,8.825,6.75,5,8.2,7.1,4,4,1,5,3,1376,818,558,151,502,874,7.55578350290698,7.91940097799511,7.02273853046595,7.32251655629139,7.6511155378486,7.50102757437071,155
"150",2014,5,8.28333333333333,6,8,8.34,9,9,8.14,1,5,1,1,5,1382,819,563,152,503,879,7.55894218523879,7.91949938949939,7.03443712255773,7.33355263157895,7.6537972166998,7.5046622298066,156
"151",2014,6,6.5,2,NA,6.5,NA,NA,6.5,0,2,0,0,2,1384,819,565,152,503,881,7.55741192196532,7.91949938949939,7.03254530973451,7.33355263157895,7.6537972166998,7.50238149829739,157
"152",2014,7,8.55555555555556,9,8.75,8.16666666666667,8,8.5,8.625,6,3,1,5,4,1393,825,568,153,508,885,7.5638608040201,7.92553939393939,7.03853538732394,7.33790849673202,7.66212598425197,7.50745548022599,158
"153",2014,8,8.05,5,8.25,7.75,NA,9.5,7.6875,3,2,0,1,4,1398,828,570,153,509,889,7.56559949928469,7.92671497584541,7.04103175438596,7.33790849673202,7.66573673870334,7.50826557930259,159
"154",2014,9,7.35714285714286,7,7.5,7.3,7,7,7.41666666666667,2,5,1,1,6,1405,830,575,154,510,895,7.56456092526691,7.92568674698795,7.04328365217391,7.33571428571428,7.66443137254902,7.50765150837989,160
"155",2014,10,7.43636363636364,11,7.57142857142857,7.2,7.26666666666667,7.71666666666667,7.1,7,4,3,6,5,1416,837,579,157,516,900,7.56356504237288,7.92272401433692,7.04436632124352,7.3343949044586,7.66503875968992,7.50538677777778,161
"156",2014,11,7.05555555555556,9,8.5,6.64285714285714,6.5,NA,7.05555555555556,2,7,1,0,9,1425,839,586,158,516,909,7.56035656140351,7.92410011918951,7.03957013651877,7.32911392405063,7.66503875968992,7.50093300330033,162
"157",2014,12,7.45,10,8.25,6.91666666666667,8.5,5,7.72222222222222,4,6,2,1,9,1435,843,592,160,517,918,7.5595875261324,7.92564650059312,7.03832449324324,7.34375,7.65988394584139,7.50310250544662,163
"158",2015,1,7,8,7.25,6.75,NA,8.33333333333333,6.2,4,4,0,3,5,1443,847,596,160,520,923,7.55648516978517,7.92245572609209,7.0363894295302,7.34375,7.66376923076923,7.49604344528711,164
"159",2015,2,7.2,5,8,4,NA,NA,7.2,4,1,0,0,5,1448,851,597,160,520,928,7.55525421270718,7.92282021151586,7.03130335008375,7.34375,7.66376923076923,7.49444838362069,165
"160",2015,3,7.1,10,7.33333333333333,7,7,7,7.125,3,7,2,2,8,1458,854,604,162,522,936,7.5521317558299,7.9207494145199,7.03094056291391,7.3395061728395,7.66122605363985,7.4912907051282,166
"161",2015,4,7.42857142857143,7,8,7,NA,9.5,7.08333333333333,3,4,0,1,6,1465,857,608,162,523,942,7.55154136518771,7.9210268378063,7.03073700657895,7.3395061728395,7.66474187380497,7.48869225053079,167
"162",2015,5,7.34,10,8.225,6.75,6,8,7.26666666666667,4,6,1,1,9,1475,861,614,163,524,951,7.55010718644068,7.92243902439024,7.02799364820847,7.33128834355828,7.66538167938931,7.48659106203996,168
"163",2015,6,7.44,5,7.5,7.4,NA,8.85,6.5,2,3,0,2,3,1480,863,617,163,526,954,7.5497352027027,7.92146002317497,7.02980243111831,7.33128834355828,7.66988593155893,7.48348857442348,169
"164",2015,7,6.4375,8,6.625,6.25,NA,5.33333333333333,7.1,4,4,0,3,5,1488,867,621,163,529,959,7.54375544354839,7.91547866205305,7.02477954911433,7.33128834355828,7.65663516068053,7.48148915537018,170
"165",2015,8,6.83711111111111,9,8.33333333333333,6.089,4.5,4.5,7.50485714285714,3,6,2,2,7,1497,870,627,165,531,966,7.53950708082832,7.91691954022988,7.01582472089314,7.2969696969697,7.64474576271186,7.48165848861284,171
"166",2015,9,7.83333333333333,6,9,7.25,7,7.5,8,2,4,2,2,4,1503,872,631,167,533,970,7.54068003992016,7.91940366972477,7.01730919175911,7.29341317365269,7.64420262664165,7.48379597938144,172
"167",2015,10,7.48125,8,6.9625,8,8,NA,7.48125,4,4,1,0,8,1511,876,635,168,533,978,7.54036538716082,7.91503424657534,7.02349937007874,7.29761904761905,7.64420262664165,7.48377515337423,173
"168",2015,11,7.86375,16,8.04,7.6875,7.33333333333333,8.785,7.73214285714286,8,8,3,2,14,1527,884,643,171,535,992,7.54375383104126,7.91616515837104,7.03176065318818,7.29824561403509,7.64846728971963,7.48728034274194,174
"169",2015,12,8.09090909090909,11,8.28571428571429,7.75,7,8.66666666666667,7.875,7,4,2,3,8,1538,891,647,173,538,1000,7.54766716514955,7.91906846240179,7.03620108191654,7.29479768786127,7.65414498141264,7.4903821,175
"170",2016,1,7.5,11,7.8,7.25,7,8,7.38888888888889,5,6,1,2,9,1549,896,653,174,540,1009,7.54732866365397,7.91840401785714,7.03816554364472,7.29310344827586,7.65542592592593,7.48947680872151,176
"171",2016,2,7.9375,16,8.2,7.5,7,8.66666666666667,7.76923076923077,10,6,1,3,13,1565,906,659,175,543,1022,7.55131763578275,7.92151214128035,7.04237040971168,7.29142857142857,7.66101289134438,7.49303532289628,177
"172",2016,3,8,13,8.35714285714286,7.58333333333333,NA,8,8,7,6,0,2,11,1578,913,665,175,545,1033,7.55501400506971,7.92485213581599,7.04725127819549,7.29142857142857,7.66225688073395,7.49843378509197,178
"173",2016,4,7.89285714285714,14,8.57142857142857,7.21428571428571,7.33333333333333,8,7.875,7,7,3,2,12,1592,920,672,178,547,1045,7.55798498743719,7.92977173913043,7.0489912202381,7.29213483146067,7.66349177330896,7.50275799043062,179
"174",2016,5,7.73333333333333,9,7.95,6,NA,9,7.37142857142857,8,1,0,2,7,1601,928,673,178,549,1052,7.55897070580887,7.92994612068965,7.04743254086181,7.29213483146067,7.66836065573771,7.50188412547529,180
"175",2016,6,7.46153846153846,13,7.7,7.3125,NA,10,7.25,5,8,0,1,12,1614,933,681,178,550,1064,7.55818593556382,7.92871382636656,7.05054640234949,7.29213483146067,7.6726,7.49904332706767,181
"176",2016,7,7.46666666666667,15,8.25,6.57142857142857,NA,9,7.23076923076923,8,7,0,2,13,1629,941,688,178,552,1077,7.55734321669736,7.93144527098831,7.04567165697674,7.29213483146067,7.67740942028986,7.49580510677809,182
"177",2016,8,7.47272727272727,11,7.58333333333333,7.34,7,4,7.82,6,5,3,1,10,1640,947,693,181,553,1087,7.55677567073171,7.92923970432946,7.04779523809524,7.28729281767956,7.67075949367089,7.49878758049678,183
"178",2016,9,7.7,10,8.25,7.33333333333333,8,7.66666666666667,7.71428571428571,4,6,1,3,7,1650,951,699,182,556,1094,7.5576436969697,7.93058885383806,7.05024620886981,7.29120879120879,7.67073741007194,7.50016645338208,184
"179",2016,10,7.72727272727273,11,8.25,7.42857142857143,NA,8,7.7,4,7,0,1,10,1661,955,706,182,557,1104,7.55876706803131,7.93192670157068,7.05399730878187,7.29120879120879,7.67132854578097,7.50197653985507,185
"180",2016,11,7.25,8,8,6.5,7,9,7,4,4,2,1,7,1669,959,710,184,558,1111,7.55728705811863,7.93221063607925,7.0508761971831,7.28804347826087,7.67370967741935,7.49881377137714,186
"181",2016,12,8,7,8.66666666666667,7.5,8,8,8,3,4,1,1,6,1676,962,714,185,559,1117,7.55913609785203,7.93450103950104,7.05339229691877,7.29189189189189,7.67429338103757,7.50150590868398,187
"182",2017,1,7.64166666666667,12,7.5,7.67,7.675,6,7.79090909090909,2,10,4,1,11,1688,964,724,189,560,1128,7.55972280805687,7.93359958506224,7.06190897790055,7.3,7.67130357142857,7.50432810283688,188
"183",2017,2,7.60714285714286,14,7.72222222222222,7.4,7.5,6.5,7.79166666666667,9,5,2,2,12,1702,973,729,191,562,1140,7.56011286721504,7.9316443987667,7.06422784636488,7.30209424083769,7.66713523131673,7.50735271929825,189
"184",2017,3,7.57777777777778,9,8.5,7.31428571428571,6.33333333333333,8.35,7.35714285714286,2,7,3,2,7,1711,975,736,194,564,1147,7.56020578609001,7.93281025641025,7.06660611413043,7.28711340206185,7.66955673758865,7.50643600697472,190
"185",2017,4,7.92857142857143,7,8,7.83333333333333,7,7.5,8.25,4,3,1,3,4,1718,979,739,195,567,1151,7.56170669383004,7.93308478038815,7.06971867388363,7.28564102564102,7.66865961199295,7.50902006950478,191
"186",2017,5,8.07692307692308,13,8.11111111111111,8,NA,7.33333333333333,8.3,9,4,0,3,10,1731,988,743,195,570,1161,7.56557602541884,7.93470647773279,7.0747269179004,7.28564102564102,7.66689473684211,7.51583298880276,192
"187",2017,6,7,5,7,7,NA,NA,7,3,2,0,0,5,1736,991,745,195,570,1166,7.56394706221198,7.93187689202825,7.07452630872483,7.28564102564102,7.66689473684211,7.51362101200686,193
"188",2017,7,7.675,8,8,7.62857142857143,7.5,8,7.62857142857143,1,7,2,1,7,1744,992,752,197,571,1173,7.5644564793578,7.93194556451613,7.07968364361702,7.28781725888325,7.66747810858144,7.51430699062234,194
"189",2017,8,6.875,8,7.75,6,NA,NA,6.875,4,4,0,0,8,1752,996,756,197,571,1181,7.56130827625571,7.93121485943775,7.07397103174603,7.28781725888325,7.66747810858144,7.50997637595258,195
"190",2017,9,9.16666666666667,3,9.16666666666667,NA,NA,NA,9.16666666666667,3,0,0,0,3,1755,999,756,197,571,1184,7.56405247863248,7.93492492492492,7.07397103174603,7.28781725888325,7.66747810858144,7.51417407094595,196
"191",2017,10,6.98571428571429,7,NA,6.98571428571429,6,NA,6.98571428571429,0,7,1,0,7,1762,999,763,198,571,1191,7.56175488081725,7.93492492492492,7.07316133682831,7.28131313131313,7.66747810858144,7.51106809403862,197
"192",2017,11,7.625,4,8.75,6.5,NA,10,6.83333333333333,2,2,0,1,3,1766,1001,765,198,572,1194,7.56189813137033,7.93655344655344,7.07166287581699,7.28131313131313,7.67155594405594,7.50936524288107,198
"193",2017,12,6.95,6,6.5,7.175,7,7,6.925,2,4,2,2,4,1772,1003,769,200,574,1198,7.55982624153499,7.9336889332004,7.07220039011703,7.2785,7.66921602787456,7.50741410684474,199
"194",2018,1,7.0625,8,6.8,7.5,NA,5.5,7.58333333333333,5,3,0,2,6,1780,1008,772,200,576,1204,7.55759106741573,7.92806547619047,7.07386282383419,7.2785,7.66168402777778,7.50779244186047,200
"195",2018,2,7.85,10,7.7,8,NA,6.66666666666667,8.35714285714286,5,5,0,3,7,1790,1013,777,200,579,1211,7.55922463687151,7.9269397828233,7.07982252252252,7.2785,7.65652849740933,7.5127019818332,201
"196",2018,3,7,7,8,6.6,NA,3,7.66666666666667,2,5,0,1,6,1797,1015,782,200,580,1217,7.55704624373957,7.92708374384236,7.07675460358056,7.2785,7.6485,7.51346105176664,202
"197",2018,4,8.375,16,9.11111111111111,7.42857142857143,NA,8.66666666666667,8.30769230769231,9,7,0,3,13,1813,1024,789,200,583,1230,7.56426480970767,7.937490234375,7.07987591888466,7.2785,7.65373927958834,7.52185536585366,203
"198",2018,5,7.4,15,7.75,7,5,5.5,7.69230769230769,8,7,2,2,13,1828,1032,796,202,585,1243,7.56291690371991,7.93603682170542,7.07917349246231,7.25594059405941,7.64637606837607,7.52363805309735,204
"199",2018,6,8.33333333333333,6,9,7,NA,10,7.5,4,2,0,2,4,1834,1036,798,202,587,1247,7.56543735005453,7.94014478764479,7.07897506265664,7.25594059405941,7.65439522998296,7.52356222935044,205
"200",2018,7,7.4,10,7.57142857142857,7,NA,8,7.25,7,3,0,2,8,1844,1043,801,202,589,1255,7.56454018438178,7.93767018216682,7.07867927590512,7.25594059405941,7.65556876061121,7.5218184063745,206
"201",2018,8,8.625,4,8.625,NA,NA,8.5,9,4,0,0,3,1,1848,1047,801,202,592,1256,7.56683555194805,7.94029608404966,7.07867927590512,7.25594059405941,7.65984797297297,7.52299530254777,207
"202",2018,9,7.9,5,7.875,8,8,9,7.625,4,1,1,1,4,1853,1051,802,203,593,1260,7.56773453858608,7.94004757373929,7.07982805486284,7.25960591133005,7.66210792580101,7.52331912698413,208
"203",2018,10,8.28125,8,8.21428571428571,8.75,NA,9,8.04166666666667,7,1,0,2,6,1861,1058,803,203,595,1266,7.5708017732402,7.94186200378072,7.08190797011208,7.25960591133005,7.66660504201681,7.52577575039495,209
"204",2018,11,7.85,5,8.08333333333333,7.5,NA,8,7.75,3,2,0,2,3,1866,1061,805,203,597,1269,7.57154989281887,7.94226201696513,7.08294670807453,7.25960591133005,7.66772194304858,7.52630583136328,210
"205",2018,12,7.3,12,7.72857142857143,6.7,7.25,5.25,7.71,7,5,2,2,10,1878,1068,810,205,599,1279,7.56981474973376,7.94086142322097,7.08058283950617,7.25951219512195,7.65964941569282,7.52774206411259,211
"206",2019,1,6.3,10,5,6.625,NA,5,6.625,2,8,0,2,8,1888,1070,818,205,601,1287,7.56308903601695,7.93536448598131,7.07612726161369,7.25951219512195,7.65079866888519,7.52213061383061,212
"207",2019,2,7.875,4,8.16666666666667,7,7,8.75,7,3,1,1,2,2,1892,1073,819,206,603,1289,7.56374846723045,7.93601118359739,7.07603431013431,7.25825242718447,7.65444444444444,7.52132048099302,213
"208",2019,3,7,4,9,6.33333333333333,NA,5,7.66666666666667,1,3,0,1,3,1896,1074,822,206,604,1292,7.56255912447258,7.93700186219739,7.07332372262773,7.25825242718447,7.65004966887417,7.52165797213622,214
"209",2019,4,7.57142857142857,7,8,7,6,8,7.4,4,3,1,2,5,1903,1078,825,207,606,1297,7.56259174986863,7.93723562152133,7.07305709090909,7.25217391304348,7.65120462046205,7.52118897455667,215
"210",2019,5,7.64,5,7.5,8.2,NA,NA,7.64,4,1,0,0,5,1908,1082,826,207,606,1302,7.56279460167715,7.93561922365989,7.07442142857143,7.25217391304348,7.65120462046205,7.52164523809524,216
"211",2019,6,7.9,5,8.375,6,NA,8,7.75,4,1,0,3,2,1913,1086,827,207,609,1304,7.56367595399896,7.93723756906077,7.0731222490931,7.25217391304348,7.65292282430214,7.52199547546012,217
"212",2019,7,8.375,8,8.33333333333333,8.4,8,9,8.16666666666667,3,5,1,2,6,1921,1089,832,208,611,1310,7.56705471108798,7.9383287419651,7.08109627403846,7.25576923076923,7.65733224222586,7.52494816793893,218
"213",2019,8,7.75,4,7.75,NA,NA,8,7.66666666666667,4,0,0,1,3,1925,1093,832,208,612,1313,7.56743485714286,7.9376395242452,7.08109627403846,7.25576923076923,7.65789215686275,7.52527197258187,219
"214",2019,9,6.2,5,NA,6.2,NA,8,5.75,0,5,0,1,4,1930,1093,837,208,613,1317,7.56389227979275,7.9376395242452,7.07583285543608,7.25576923076923,7.65845024469821,7.5198801063022,220
"215",2019,10,7.76,5,8,7.4,NA,NA,7.76,3,2,0,0,5,1935,1096,839,208,613,1322,7.56439901808786,7.9378102189781,7.07660560190703,7.25576923076923,7.65845024469821,7.52078827534039,221
"216",2019,11,8,2,8,NA,NA,7,9,2,0,0,1,1,1937,1098,839,208,614,1323,7.56484878678369,7.93792349726776,7.07660560190703,7.25576923076923,7.65737785016287,7.52190634920635,222
"217",2019,12,7.6875,8,8.1,7,NA,7.5,7.75,5,3,0,2,6,1945,1103,842,208,616,1329,7.56535326478149,7.93865820489574,7.07633266033254,7.25576923076923,7.65686688311688,7.52293611738149,223
"218",2020,1,7.7,14,7.8125,7.55,7.3,7.66,7.72222222222222,8,6,1,5,9,1959,1111,848,209,621,1338,7.56631551812149,7.9377497749775,7.07968408018868,7.25598086124402,7.65689210950081,7.52427660687593,224
"219",2020,2,7.33333333333333,3,8,7,6,NA,7.33333333333333,1,2,1,0,3,1962,1112,850,210,621,1341,7.56595927624873,7.93780575539568,7.07949658823529,7.25,7.65689210950081,7.52384944071588,225
"220",2020,3,7.28571428571429,7,7.8,6,NA,6,7.8,5,2,0,2,5,1969,1117,852,210,623,1346,7.56496297613002,7.93718889883617,7.07696255868544,7.25,7.65157303370787,7.52487526002972,226
"221",2020,4,6.5,4,7.33333333333333,4,NA,7,6.33333333333333,3,1,0,1,3,1973,1120,853,210,624,1349,7.56280390268627,7.93557142857143,7.07335533411489,7.25,7.65052884615385,7.52222542624166,227
"222",2020,5,6.08333333333333,6,7.25,5.5,7,7.75,5.25,2,4,1,2,4,1979,1122,857,211,626,1353,7.55831839312784,7.93434937611408,7.06601178529755,7.24881516587678,7.65084664536741,7.51550783444198,228
"223",2020,6,7.42857142857143,7,8.83333333333333,6.375,4.5,8,7,3,4,1,3,4,1986,1125,861,212,629,1357,7.5578610775428,7.93674666666667,7.06280150987224,7.23584905660377,7.65251192368839,7.51398828297716,229
"224",2020,7,7.125,4,6,7.5,NA,NA,7.125,1,3,0,0,4,1990,1126,864,212,629,1361,7.55699100502513,7.93502664298401,7.06431956018518,7.23584905660377,7.65251192368839,7.51284504041146,230
"225",2020,8,8.33333333333333,3,8.33333333333333,NA,NA,8,8.5,3,0,0,1,2,1993,1129,864,212,630,1363,7.55815960863021,7.93608503100088,7.06431956018518,7.23584905660377,7.65306349206349,7.51429354365371,231
"226",2020,9,7.61111111111111,9,8,7.125,NA,6,7.8125,5,4,0,1,8,2002,1134,868,212,631,1371,7.55839765234765,7.93636684303351,7.06459919354839,7.23584905660377,7.65044374009509,7.51603362509118,232
"227",2020,10,8.57142857142857,7,8.8,8,NA,9,8.4,5,2,0,2,5,2009,1139,870,212,633,1376,7.56192737680438,7.9401580333626,7.06674954022988,7.23584905660377,7.65470774091627,7.5192457122093,233
"228",2020,11,7.1875,8,7.5,6.66666666666667,6,6.5,7.41666666666667,5,3,1,2,6,2017,1144,873,213,635,1382,7.56044229053049,7.93823426573426,7.06537468499427,7.23004694835681,7.65107086614173,7.5188003617945,234
"229",2020,12,7.16923076923077,13,8.24285714285714,5.91666666666667,2,8.44,6.375,7,6,1,5,8,2030,1151,879,214,640,1390,7.55793699507389,7.94008688097307,7.05753367463026,7.20560747663551,7.657234375,7.5122173381295,235
"230",2021,1,7.64285714285714,7,7.7,7.5,7.5,7.5,7.75,5,2,2,3,4,2037,1156,881,216,643,1394,7.55822881688758,7.93904844290657,7.058538138479,7.20833333333333,7.65650077760498,7.51289964131994,236
"231",2021,2,6.2,5,7.5,5.33333333333333,4,6,6.25,2,3,1,1,4,2042,1158,884,217,644,1398,7.55490308521058,7.93829015544041,7.05268337104072,7.19354838709677,7.65392857142857,7.50928619456366,237
"232",2021,3,7.75,4,8,7.5,9,9,7.33333333333333,2,2,1,1,3,2046,1160,886,218,645,1401,7.55528450635386,7.93839655172414,7.05369311512415,7.20183486238532,7.65601550387597,7.50890942184154,238
"233",2021,4,7,3,9,6,NA,NA,7,1,2,0,0,3,2049,1161,888,218,645,1404,7.55447149829185,7.93931093884582,7.05131993243243,7.20183486238532,7.65601550387597,7.50782200854701,239
"234",2021,5,7.16666666666667,9,9.33333333333333,6.08333333333333,NA,10,6.8125,3,6,0,1,8,2058,1164,894,218,646,1412,7.55277555879495,7.94290378006873,7.04482337807606,7.20183486238532,7.6596439628483,7.50388250708215,240
"235",2021,6,9,5,9.33333333333333,8.5,NA,8.66666666666667,9.5,3,2,0,3,2,2063,1167,896,218,649,1414,7.5562831313621,7.94647814910026,7.04807154017857,7.20183486238532,7.66429892141757,7.5067058698727,241
"236",2021,7,5.5,3,7.5,4.5,NA,3,6.75,1,2,0,1,2,2066,1168,898,218,650,1416,7.5532972410455,7.94609589041096,7.04239654788419,7.20183486238532,7.65712307692308,7.50563707627119,242
"237",2021,8,8,5,8,NA,NA,NA,8,5,0,0,0,5,2071,1173,898,218,650,1421,7.55437571221632,7.94632566069906,7.04239654788419,7.20183486238532,7.65712307692308,7.50737656579873,243
"238",2021,9,6.58333333333333,6,7.25,6.25,8,8,6.3,2,4,1,1,5,2077,1175,902,219,651,1426,7.55157058257102,7.94514042553191,7.03888259423503,7.20547945205479,7.65764976958525,7.50314312762973,244
"239",2021,10,7.6,5,8.33333333333333,6.5,5,8.5,7,3,2,1,2,3,2082,1178,904,220,653,1429,7.55168688760807,7.94612903225806,7.03769037610619,7.19545454545454,7.66022970903522,7.50208684394682,245
"240",2021,11,8.66666666666667,3,8,10,NA,NA,8.66666666666667,2,1,0,0,3,2085,1180,905,220,653,1432,7.55329117505995,7.94622033898305,7.04096364640884,7.19545454545454,7.66022970903522,7.50452660614525,246
"241",2021,12,7.40909090909091,11,7.27777777777778,8,NA,7,7.9,9,2,0,6,5,2096,1189,907,220,659,1437,7.55253439885496,7.9411606391926,7.04307839029768,7.19545454545454,7.65421851289833,7.50590264439805,247
"242",2022,1,7.375,8,7.75,7,NA,6.66666666666667,7.8,4,4,0,3,5,2104,1193,911,220,662,1442,7.55185936311787,7.94051969823973,7.04288924259056,7.19545454545454,7.64974320241692,7.50692239944522,248
"243",2022,2,8.16666666666667,15,8.375,8.09090909090909,8,7,8.25,4,11,2,1,14,2119,1197,922,222,663,1456,7.55621146767343,7.94197159565581,7.05539273318872,7.2027027027027,7.64876319758673,7.51406737637363,249
"244",2022,3,7.53571428571429,7,10,7.125,NA,NA,7.53571428571429,1,6,0,0,7,2126,1198,928,222,663,1463,7.55614397930386,7.94368948247078,7.05584278017241,7.2027027027027,7.64876319758673,7.51417095010253,250
"245",2022,4,9.125,4,9.125,NA,NA,7.5,9.66666666666667,4,0,0,1,3,2130,1202,928,222,664,1466,7.55909018779343,7.94762063227953,7.05584278017241,7.2027027027027,7.64853915662651,7.51857578444748,251
"246",2022,5,6.84,20,8.6,5.66666666666667,9,8.26666666666667,6.58823529411765,8,12,1,3,17,2150,1210,940,223,667,1483,7.55240097674419,7.95193388429752,7.03810861702128,7.21076233183856,7.65131934032984,7.50791105866487,252
"247",2022,6,5.84615384615385,13,8.8,4,NA,10,5.5,5,8,0,1,12,2163,1215,948,223,668,1495,7.5421461396209,7.95542386831276,7.01247056962025,7.21076233183856,7.65483532934132,7.49179404682274,253
"248",2022,7,8.21428571428571,7,9,8.08333333333333,NA,NA,8.21428571428571,1,6,0,0,7,2170,1216,954,223,668,1502,7.54431433179724,7.95628289473684,7.01920555555555,7.21076233183856,7.65483532934132,7.49516118508655,254
"249",2022,8,7.85714285714286,7,7.25,8.66666666666667,9,8,7.83333333333333,4,3,1,1,6,2177,1220,957,224,669,1508,7.54532021129995,7.95396721311475,7.02437001044932,7.21875,7.65535127055306,7.49650669761273,255
"250",2022,9,7.1,7,7.12,7.05,NA,7,7.11666666666667,5,2,0,1,6,2184,1225,959,224,670,1514,7.5438929029304,7.95056326530612,7.02442346193952,7.21875,7.65437313432836,7.49500138705416,256
"251",2022,10,8.85714285714286,7,9.2,8,NA,NA,8.85714285714286,5,2,0,0,7,2191,1230,961,224,670,1521,7.54808858968508,7.95564227642276,7.02645379812695,7.21875,7.65437313432836,7.50127028270875,257
"252",2022,11,6.6,5,NA,6.6,NA,8,6.25,0,5,0,1,4,2196,1230,966,224,671,1525,7.54592991803279,7.95564227642276,7.02424648033126,7.21875,7.65488822652757,7.49798826229508,258
"253",2022,12,8.4,5,8,8.5,NA,8,8.5,1,4,0,1,4,2201,1231,970,224,672,1529,7.54787010449796,7.95567831031681,7.03033206185567,7.21875,7.65540178571429,7.50060961412688,259
