"","year","month","avg_rating","no_ratings","avg_rating_owned","avg_rating_not_owned","avg_rating_prev_owned","avg_rating_comment","avg_rating_no_comment","no_ratings_owned","no_ratings_not_owned","no_ratings_prev_owned","no_ratings_comment","no_ratings_no_comment","cum_no_ratings","cum_no_ratings_owned","cum_no_ratings_not_owned","cum_no_ratings_prev_owned","cum_no_ratings_comment","cum_no_ratings_no_comment","cum_avg_rating","cum_avg_rating_owned","cum_avg_rating_not_owned","cum_avg_rating_prev_owned","cum_avg_rating_comment","cum_avg_rating_no_comment","month_after_release"
"1",2001,5,7,1,7,NA,NA,7,NA,1,0,0,1,0,1,1,0,0,1,0,7,7,NA,NA,7,NA,0
"2",2001,6,8.28571428571429,7,8.28571428571429,NA,NA,8,8.4,7,0,0,2,5,8,8,0,0,3,5,8.125,8.125,NA,NA,7.66666666666667,8.4,1
"3",2001,7,7.5,4,8.5,6.5,NA,NA,7.5,2,2,0,0,4,12,10,2,0,3,9,7.91666666666667,8.2,6.5,NA,7.66666666666667,8,2
"4",2001,8,8.33333333333333,12,8.4,8,8,8.5,8.3,10,2,2,2,10,24,20,4,2,5,19,8.125,8.3,7.25,8,8,8.1578947368421,3
"5",2001,9,8.16666666666667,12,8.1,8.5,NA,7.6,8.57142857142857,10,2,0,5,7,36,30,6,2,10,26,8.13888888888889,8.23333333333333,7.66666666666667,8,7.8,8.26923076923077,4
"6",2001,10,8.77777777777778,9,8.77777777777778,NA,NA,10,8.625,9,0,0,1,8,45,39,6,2,11,34,8.26666666666667,8.35897435897436,7.66666666666667,8,8,8.35294117647059,5
"7",2001,11,8.66666666666667,6,8.66666666666667,NA,NA,8,8.8,6,0,0,1,5,51,45,6,2,12,39,8.31372549019608,8.4,7.66666666666667,8,8,8.41025641025641,6
"8",2001,12,8.5,6,8.5,8.5,NA,7,8.8,4,2,0,1,5,57,49,8,2,13,44,8.33333333333333,8.40816326530612,7.875,8,7.92307692307692,8.45454545454546,7
"9",2002,1,7.8,5,8,7.5,NA,7,8,3,2,0,1,4,62,52,10,2,14,48,8.29032258064516,8.38461538461539,7.8,8,7.85714285714286,8.41666666666667,8
"10",2002,2,6,1,6,NA,NA,NA,6,1,0,0,0,1,63,53,10,2,14,49,8.25396825396825,8.33962264150943,7.8,8,7.85714285714286,8.36734693877551,9
"11",2002,3,8.2,5,8.25,8,NA,8,8.25,4,1,0,1,4,68,57,11,2,15,53,8.25,8.33333333333333,7.81818181818182,8,7.86666666666667,8.35849056603774,10
"12",2002,4,7.75,2,7.5,8,NA,NA,7.75,1,1,0,0,2,70,58,12,2,15,55,8.23571428571429,8.31896551724138,7.83333333333333,8,7.86666666666667,8.33636363636364,11
"13",2002,5,8.4,5,8.4,NA,NA,8,8.5,5,0,0,1,4,75,63,12,2,16,59,8.24666666666667,8.32539682539683,7.83333333333333,8,7.875,8.34745762711864,12
"14",2002,6,8.55,10,9.05555555555556,4,NA,8.25,8.75,9,1,0,4,6,85,72,13,2,20,65,8.28235294117647,8.41666666666667,7.53846153846154,8,7.95,8.38461538461539,13
"15",2002,7,8.18823529411765,17,8.2625,7,NA,8.4,8,16,1,0,8,9,102,88,14,2,28,74,8.26666666666667,8.38863636363636,7.5,8,8.07857142857143,8.33783783783784,14
"16",2002,8,7.625,12,7.85,6.5,NA,6.5,7.85,10,2,0,2,10,114,98,16,2,30,84,8.19912280701754,8.33367346938776,7.375,8,7.97333333333333,8.27976190476191,15
"17",2002,9,8.25,6,8.25,NA,NA,8,8.3,6,0,0,1,5,120,104,16,2,31,89,8.20166666666667,8.32884615384616,7.375,8,7.9741935483871,8.28089887640449,16
"18",2002,10,8.2,10,8.44444444444444,6,NA,9,8,9,1,0,2,8,130,113,17,2,33,97,8.20153846153846,8.33805309734514,7.29411764705882,8,8.03636363636363,8.25773195876289,17
"19",2002,11,8.11111111111111,9,8.11111111111111,NA,NA,8.5,8,9,0,0,2,7,139,122,17,2,35,104,8.19568345323741,8.32131147540984,7.29411764705882,8,8.06285714285714,8.24038461538462,18
"20",2002,12,8,12,8.2,7,NA,7.75,8.125,10,2,0,4,8,151,132,19,2,39,112,8.18013245033112,8.31212121212121,7.26315789473684,8,8.03076923076923,8.23214285714286,19
"21",2003,1,8.5125,16,8.65714285714286,7.5,NA,7.5,8.65714285714286,14,2,0,2,14,167,146,21,2,41,126,8.21197604790419,8.34520547945206,7.28571428571429,8,8.00487804878049,8.27936507936508,20
"22",2003,2,6.9,10,6.85714285714286,7,7,7.16666666666667,6.5,7,3,2,6,4,177,153,24,4,47,130,8.13785310734463,8.27712418300654,7.25,7.5,7.89787234042553,8.22461538461538,21
"23",2003,3,7.88888888888889,9,7.88888888888889,NA,NA,8.4,7.25,9,0,0,5,4,186,162,24,4,52,134,8.1258064516129,8.25555555555556,7.25,7.5,7.94615384615385,8.1955223880597,22
"24",2003,4,8.09375,16,8.03846153846154,8.33333333333333,NA,10,7.96666666666667,13,3,0,1,15,202,175,27,4,53,149,8.12326732673267,8.23942857142857,7.37037037037037,7.5,7.98490566037736,8.17248322147651,23
"25",2003,5,8.1578947368421,19,8.6,6.5,NA,8.375,8,15,4,0,8,11,221,190,31,4,61,160,8.1262443438914,8.26789473684211,7.25806451612903,7.5,8.03606557377049,8.160625,24
"26",2003,6,7.88888888888889,18,7.84615384615385,8,NA,7.54545454545455,8.42857142857143,13,5,0,11,7,239,203,36,4,72,167,8.10836820083682,8.24088669950739,7.36111111111111,7.5,7.96111111111111,8.17185628742515,25
"27",2003,7,7.86785714285714,56,8.3125,6.75625,9,8,7.81025641025641,40,16,1,17,39,295,243,52,5,89,206,8.06271186440678,8.25267489711934,7.175,7.8,7.9685393258427,8.10339805825243,26
"28",2003,8,8.04166666666667,24,8.06666666666667,8,7,8.64285714285714,7.79411764705882,15,9,1,7,17,319,258,61,6,96,223,8.06112852664577,8.24186046511628,7.29672131147541,7.66666666666667,8.01770833333333,8.07982062780269,27
"29",2003,9,8.30952380952381,21,8.4375,7.9,NA,8.7,8.1875,16,5,0,5,16,340,274,66,6,101,239,8.0764705882353,8.25328467153285,7.34242424242424,7.66666666666667,8.05148514851485,8.08702928870293,28
"30",2003,10,8.4375,24,8.69444444444444,7.66666666666667,9,9,8.03571428571429,18,6,1,10,14,364,292,72,7,111,253,8.10027472527473,8.2804794520548,7.36944444444444,7.85714285714286,8.13693693693694,8.08418972332016,29
"31",2003,11,7.66666666666667,9,8.83333333333333,5.33333333333333,NA,7.5,8,6,3,0,6,3,373,298,75,7,117,256,8.08981233243968,8.29161073825503,7.288,7.85714285714286,8.1042735042735,8.083203125,30
"32",2003,12,8.25,22,8.20588235294118,8.4,NA,8.27272727272727,8.22727272727273,17,5,0,11,11,395,315,80,7,128,267,8.09873417721519,8.28698412698413,7.3575,7.85714285714286,8.11875,8.08913857677903,31
"33",2004,1,8.35,20,8.35294117647059,8.33333333333333,NA,8.5,8.2,17,3,0,10,10,415,332,83,7,138,277,8.11084337349398,8.29036144578313,7.39277108433735,7.85714285714286,8.1463768115942,8.09314079422383,32
"34",2004,2,8.32272727272727,22,8.50555555555556,7.5,NA,8.6,8.24117647058823,18,4,0,5,17,437,350,87,7,143,294,8.12151029748284,8.30142857142857,7.39770114942529,7.85714285714286,8.16223776223776,8.10170068027211,33
"35",2004,3,8.16666666666667,39,8.24137931034483,7.95,9,8.20833333333333,8.14814814814815,29,10,1,12,27,476,379,97,8,155,321,8.12521008403361,8.29683377308707,7.45463917525773,8,8.1658064516129,8.10560747663551,34
"36",2004,4,8.42647058823529,34,8.515625,7,NA,8.625,8.31818181818182,32,2,0,12,22,510,411,99,8,167,343,8.14529411764706,8.31386861313868,7.44545454545455,8,8.19880239520958,8.11924198250729,35
"37",2004,5,8.518,25,9.015625,7.63333333333333,8,8.63636363636364,8.425,16,9,1,11,14,535,427,108,9,178,357,8.16271028037383,8.34016393442623,7.46111111111111,8,8.22584269662921,8.1312324929972,36
"38",2004,6,7.72,25,7.90476190476191,6.75,8,7.3,7.825,21,4,1,5,20,560,448,112,10,183,377,8.14294642857143,8.31975446428571,7.43571428571429,8,8.20054644808743,8.11498673740053,37
"39",2004,7,8.125,24,8.32352941176471,7.64285714285714,NA,8.28571428571429,8.05882352941176,17,7,0,7,17,584,465,119,10,190,394,8.14220890410959,8.31989247311828,7.44789915966386,8,8.20368421052632,8.11256345177665,38
"40",2004,8,8.34615384615385,13,8.55,7.66666666666667,NA,8.21428571428571,8.5,10,3,0,7,6,597,475,122,10,197,400,8.14664991624791,8.32473684210526,7.45327868852459,8,8.20406091370558,8.118375,39
"41",2004,9,7.844,25,8.17647058823529,7.1375,7.5,8.21,7.6,17,8,2,10,15,622,492,130,12,207,415,8.13448553054663,8.31961382113821,7.43384615384615,7.91666666666667,8.20434782608696,8.09963855421687,40
"42",2004,10,8.23863636363636,44,8.27142857142857,8.11111111111111,7.375,8.27272727272727,8.22727272727273,35,9,4,11,33,666,527,139,16,218,448,8.14136636636637,8.31641366223909,7.47769784172662,7.78125,8.20779816513761,8.10904017857143,41
"43",2004,11,8.16666666666667,30,8.34782608695652,7.57142857142857,9,8.07692307692308,8.23529411764706,23,7,2,13,17,696,550,146,18,231,465,8.14245689655173,8.31772727272727,7.48219178082192,7.91666666666667,8.2004329004329,8.1136559139785,42
"44",2004,12,8.28260869565217,23,8.425,7.33333333333333,NA,8.5,8.20588235294118,20,3,0,6,17,719,570,149,18,237,482,8.14694019471488,8.32149122807018,7.47919463087248,7.91666666666667,8.20801687763713,8.11690871369295,43
"45",2005,1,8.33396226415094,53,8.76388888888889,7.42352941176471,7,7.85294117647059,8.56111111111111,36,17,2,17,36,772,606,166,20,254,518,8.15977979274612,8.34777227722772,7.47349397590362,7.825,8.18425196850394,8.14777992277993,44
"46",2005,2,7.80555555555556,36,8.36538461538461,6.35,NA,7.59375,7.975,26,10,0,16,20,808,632,176,20,270,538,8.14399752475248,8.34849683544304,7.40965909090909,7.825,8.14925925925926,8.14135687732342,45
"47",2005,3,8.08152173913044,46,8.29285714285714,7.40909090909091,6.75,8.0921052631579,8.07407407407407,35,11,4,19,27,854,667,187,24,289,565,8.14063231850117,8.3455772113943,7.4096256684492,7.64583333333333,8.14550173010381,8.13814159292036,46
"48",2005,4,7.86666666666667,30,8.35714285714286,6.72222222222222,NA,7.53846153846154,8.11764705882353,21,9,0,13,17,884,688,196,24,302,582,8.13133484162896,8.34593023255814,7.3780612244898,7.64583333333333,8.11937086092715,8.13754295532646,47
"49",2005,5,8.23666666666667,45,8.31333333333333,8.08333333333333,7,8.63333333333333,8.03833333333333,30,15,1,15,30,929,718,211,25,317,612,8.13643702906351,8.34456824512535,7.4281990521327,7.62,8.14369085173502,8.13267973856209,48
"50",2005,6,7.93157894736842,38,8.3125,7.27857142857143,7.5,8.275,7.55,24,14,1,20,18,967,742,225,26,337,630,8.12838676318511,8.34353099730458,7.41888888888889,7.61538461538461,8.15148367952522,8.11603174603175,49
"51",2005,7,7.94146341463415,41,8.03548387096774,7.65,8.25,7.68666666666667,8.08846153846154,31,10,4,15,26,1008,773,235,30,352,656,8.12078373015873,8.33117723156533,7.42872340425532,7.7,8.13167613636364,8.11493902439024,50
"52",2005,8,8.19756097560976,41,8.48461538461538,7.7,7.33333333333333,8.48260869565217,7.83333333333333,26,15,3,23,18,1049,799,250,33,375,674,8.12378455672069,8.33617021276596,7.445,7.66666666666667,8.1532,8.10741839762611,51
"53",2005,9,8.32558139534884,43,8.45945945945946,7.5,8,9,8.03333333333333,37,6,3,13,30,1092,836,256,36,388,704,8.13173076923077,8.34162679425837,7.4462890625,7.69444444444444,8.18157216494845,8.10426136363637,52
"54",2005,10,8.02083333333333,48,8.32051282051282,6.72222222222222,9,7.8125,8.22916666666667,39,9,1,24,24,1140,875,265,37,412,728,8.12706140350877,8.34068571428572,7.42169811320755,7.72972972972973,8.16007281553398,8.10837912087912,53
"55",2005,11,7.63571428571429,42,7.95454545454545,7.285,8.125,6.97272727272727,7.87096774193548,22,20,4,11,31,1182,897,285,41,423,759,8.10960236886633,8.33121516164995,7.4121052631579,7.76829268292683,8.12919621749409,8.09868247694335,54
"56",2005,12,7.82558139534884,43,8.20967741935484,6.83333333333333,8,8.28125,7.55555555555556,31,12,1,16,27,1225,928,297,42,439,786,8.09963265306122,8.32715517241379,7.38872053872054,7.77380952380952,8.13473804100228,8.08002544529262,55
"57",2006,1,8.16929824561404,57,8.58095238095238,7.01666666666667,6,7.99318181818182,8.28,42,15,1,22,35,1282,970,312,43,461,821,8.10273010920437,8.33814432989691,7.37083333333333,7.73255813953488,8.12798264642082,8.08855054811206,56
"58",2006,2,8.05,30,8.04285714285714,8.15,NA,8.49230769230769,7.71176470588235,28,2,0,13,17,1312,998,314,43,474,838,8.1015243902439,8.32985971943888,7.37579617834395,7.73255813953488,8.1379746835443,8.08090692124105,57
"59",2006,3,8.1875,32,8.5,7.59090909090909,NA,8,8.23076923076923,21,11,0,6,26,1344,1019,325,43,480,864,8.10357142857143,8.3333660451423,7.38307692307692,7.73255813953488,8.13625,8.08541666666667,58
"60",2006,4,7.85833333333333,24,8.25882352941177,6.88571428571429,NA,8.35,7.76,17,7,0,4,20,1368,1036,332,43,484,884,8.09926900584795,8.33214285714286,7.37259036144578,7.73255813953488,8.13801652892562,8.07805429864254,59
"61",2006,5,8.05384615384615,26,8.15454545454545,7.5,NA,8.57142857142857,7.86315789473684,22,4,0,7,19,1394,1058,336,43,491,903,8.09842180774749,8.32844990548204,7.37410714285714,7.73255813953488,8.14419551934827,8.07353266888151,60
"62",2006,6,8.42857142857143,21,8.71875,7.5,NA,8.55555555555556,8.33333333333333,16,5,0,9,12,1415,1074,341,43,500,915,8.10332155477032,8.33426443202979,7.37595307917889,7.73255813953488,8.1516,8.07693989071038,61
"63",2006,7,8.04459459459459,74,8.64893617021277,6.99259259259259,8,7.92105263157895,8.08727272727273,47,27,2,19,55,1489,1121,368,45,519,970,8.10040295500336,8.34745762711864,7.34782608695652,7.74444444444444,8.14315992292871,8.07752577319588,62
"64",2006,8,7.86376811594203,69,8.34318181818182,7.02,7.5,8.18928571428571,7.64146341463415,44,25,2,28,41,1558,1165,393,47,547,1011,8.08992297817715,8.34729613733905,7.32697201017812,7.73404255319149,8.145521023766,8.05984174085065,63
"65",2006,9,8.10833333333333,84,8.43157894736842,7.42592592592593,7.83333333333333,8.18064516129032,8.06603773584906,57,27,3,31,53,1642,1222,420,50,578,1064,8.09086479902558,8.35122749590835,7.33333333333333,7.74,8.14740484429066,8.06015037593985,64
"66",2006,10,8.10579710144927,69,8.52826086956522,7.26086956521739,6.125,8.43333333333333,8.01481481481481,46,23,4,15,54,1711,1268,443,54,593,1118,8.09146697837522,8.35764984227129,7.32957110609481,7.62037037037037,8.15463743676223,8.05796064400716,65
"67",2006,11,8.19891891891892,74,8.37387755102041,7.856,NA,8.21052631578947,8.19490909090909,49,25,0,19,55,1785,1317,468,54,612,1173,8.09592156862745,8.35825360668185,7.35769230769231,7.62037037037037,8.15637254901961,8.06438192668372,66
"68",2006,12,7.96153846153846,91,8.13432835820896,7.47916666666667,7.25,7.98,7.95454545454545,67,24,2,25,66,1876,1384,492,56,637,1239,8.08940298507463,8.34741329479769,7.36361788617886,7.60714285714286,8.14945054945055,8.05853107344633,67
"69",2007,1,7.9285046728972,107,8.16933333333333,7.3640625,8,7.74625,8.03731343283582,75,32,2,40,67,1983,1459,524,58,677,1306,8.08072112960161,8.33825908156271,7.36364503816794,7.62068965517241,8.12562776957164,8.05744257274119,68
"70",2007,2,7.83600938271605,81,8.21134615384615,7.16299172413793,9.1,7.71214285714286,7.90144830188679,52,29,4,28,53,2064,1511,553,62,705,1359,8.07111761627907,8.33389146260754,7.35312253164557,7.71612903225806,8.10920567375886,8.05135891096394,69
"71",2007,3,8.28648648648649,74,8.47222222222222,7.785,8.225,8.58275862068965,8.09555555555556,54,20,4,29,45,2138,1565,573,66,734,1404,8.07857191768007,8.33866453674121,7.36819678883072,7.7469696969697,8.12791553133515,8.05277547008547,70
"72",2007,4,8.21911764705882,68,8.52666666666667,7.61739130434783,7,8.58095238095238,8.05744680851064,45,23,4,21,47,2206,1610,596,70,755,1451,8.08290424297371,8.34391925465838,7.3778133557047,7.70428571428571,8.14051655629139,8.05292678152998,71
"73",2007,5,7.87661971830986,71,8.08333333333333,7.51884615384615,9,7.77,7.9345652173913,45,26,2,25,46,2277,1655,622,72,780,1497,8.07647200702679,8.336833836858,7.38370861736334,7.74027777777778,8.12864102564103,8.04928975283901,72
"74",2007,6,8.07375,80,8.27555555555556,7.81428571428571,7.875,7.76923076923077,8.22037037037037,45,35,4,26,54,2357,1700,657,76,806,1551,8.07637961815868,8.33521176470588,7.40664651445967,7.74736842105263,8.11704714640199,8.0552461379755,73
"75",2007,7,7.96,75,8.07386363636364,7.79838709677419,7.25,7.94047619047619,7.96759259259259,44,31,4,21,54,2432,1744,688,80,827,1605,8.07279060855263,8.32861811926605,7.42429761627907,7.7225,8.11256348246675,8.05229704672897,74
"76",2007,8,7.98253968253968,63,8.23555555555556,7.35,7.5,8.17142857142857,7.88809523809524,45,18,4,21,42,2495,1789,706,84,848,1647,8.07051172745491,8.32627724986026,7.4224033427762,7.71190476190476,8.1140212264151,8.04810975106254,75
"77",2007,9,8.20909090909091,66,8.39787234042553,7.7421052631579,7.5,8.84615384615385,8.05283018867924,47,19,4,13,53,2561,1836,725,88,861,1700,8.07408307692308,8.32811002178649,7.43078173793104,7.70227272727273,8.12507549361208,8.04825691764706,76
"78",2007,10,7.95686274509804,102,8.09565217391304,7.66666666666667,7.66666666666667,7.67857142857143,8.15166666666667,69,33,3,42,60,2663,1905,758,91,903,1760,8.06959322568532,8.31969028871391,7.44105113456464,7.7010989010989,8.10430786267996,8.05178225,77
"79",2007,11,8.09847826086957,115,8.48079710144927,7.525,7.47857142857143,8.07670454545454,8.11197183098592,69,46,7,44,71,2778,1974,804,98,947,1831,8.07078897048236,8.32532168186424,7.44585417910448,7.68520408163265,8.10302534318902,8.05411619879847,78
"80",2007,12,7.82542372881356,118,8.22702702702703,7.15,7.34,7.68108108108108,7.89135802469136,74,44,5,37,81,2896,2048,848,103,984,1912,8.06079135359116,8.32177001953125,7.43050325471698,7.66844660194175,8.08715955284553,8.04722110878661,79
"81",2008,1,8.02268115942029,138,8.26129032258065,7.52955555555556,7.26,8.34,7.86913978494624,93,45,5,45,93,3034,2141,893,108,1029,2005,8.05905793012525,8.31914292386735,7.43549469204927,7.64953703703704,8.09821671525753,8.03896097755611,80
"82",2008,2,8.12837209302326,86,8.37192307692308,7.75588235294118,8,8.53676470588235,7.86134615384615,52,34,5,34,52,3120,2193,927,113,1063,2057,8.06096851282052,8.32039443684451,7.44724569579288,7.66504424778761,8.11224365004704,8.0344709577054,81
"83",2008,3,8.11086956521739,92,8.37619047619048,7.53448275862069,9,8.16666666666667,8.075,63,29,2,36,56,3212,2256,956,115,1099,2113,8.06239780821918,8.32195257092199,7.4498920083682,7.68826086956522,8.11402638762512,8.03554508282063,82
"84",2008,4,7.9010101010101,99,8.15,7.4030303030303,7.5,7.91764705882353,7.89230769230769,66,33,6,34,65,3311,2322,989,121,1133,2178,8.05757226215645,8.31706503014643,7.44832837209302,7.67892561983471,8.1081332744925,8.03127032139578,83
"85",2008,5,7.69828282828283,99,8.09508196721312,7.06131578947368,7.14285714285714,7.52,7.79578125,61,38,7,35,64,3410,2383,1027,128,1168,2242,8.04714127859238,8.31138271086865,7.43400852969815,7.649609375,8.09050941780822,8.02454806422837,84
"86",2008,6,8.06440506329114,79,8.0975652173913,8.01818181818182,8.41666666666667,8.11435294117647,8.02666666666667,46,33,6,34,45,3489,2429,1060,134,1202,2287,8.04753217540843,8.30733347056402,7.45219505660377,7.6839552238806,8.09118386023295,8.0245897507652,85
"87",2008,7,7.91632653061224,98,8.37868852459016,7.15405405405405,7,7.85714285714286,7.94920634920635,61,37,10,35,63,3587,2490,1097,144,1237,2350,8.0439475216058,8.30908152610442,7.44213925250684,7.63645833333333,8.08456184316896,8.02256883404255,86
"88",2008,8,7.75883495145631,103,8.23548387096774,7.0380487804878,6.90625,7.71212121212121,7.78085714285714,62,41,16,33,70,3690,2552,1138,160,1270,2420,8.03598909485095,8.30729349529781,7.42758063268893,7.5634375,8.07488425196851,8.01557717355372,87
"89",2008,9,7.85802197802198,91,8.26566037735849,7.28947368421053,7.4,7.83857142857143,7.86666666666667,53,38,5,28,63,3781,2605,1176,165,1298,2483,8.03170583443534,8.30644644913628,7.42311799319728,7.55848484848485,8.06978659476117,8.01179893677004,88
"90",2008,10,7.80886568627451,102,8.01545076923077,7.44594594594595,7.1875,7.62708846153846,7.87105263157895,65,37,8,26,76,3883,2670,1213,173,1324,2559,8.02585219160443,8.2993622846442,7.42381431162407,7.54132947976879,8.06109312688822,8.00761889800703,89
"91",2008,11,8.05352941176471,85,8.26538461538462,7.71969696969697,7.66666666666667,8.2962962962963,7.94051724137931,52,33,6,27,58,3968,2722,1246,179,1351,2617,8.02644507560484,8.29871318883174,7.43165069020867,7.54553072625698,8.06579370836418,8.00613173863202,90
"92",2008,12,7.96336633663366,101,8.321875,7.34324324324324,6.57142857142857,7.91153846153846,7.98133333333333,64,37,7,26,75,4069,2786,1283,186,1377,2692,8.02487934627673,8.29924526202441,7.42910113795791,7.50887096774194,8.06288111837328,8.00544084695394,91
"93",2009,1,8.0258064516129,124,8.53571428571429,7.19042553191489,7.38888888888889,8.37763157894737,7.8703488372093,77,47,9,38,86,4193,2863,1330,195,1415,2778,8.02490676365371,8.30560506461754,7.42066673684211,7.50333333333333,8.07133378091873,8.00125873290137,92
"94",2009,2,7.73787878787879,198,8.24774774774775,7.08735632183908,6.75882352941176,7.42857142857143,7.80429447852761,111,87,17,35,163,4391,2974,1417,212,1450,2941,8.01196403097245,8.30344562878279,7.40020237120678,7.4436320754717,8.05581882758621,7.99034231893914,93
"95",2009,3,7.92714285714286,175,8.19736842105263,7.60625,7.55555555555556,7.88648648648649,7.93804347826087,95,80,18,37,138,4566,3069,1497,230,1487,3079,8.00871310994306,8.30016203975236,7.4112136005344,7.45239130434783,8.05160544720915,7.98799829814875,94
"96",2009,4,7.81697530864198,162,8.16428571428571,7.55271739130435,7.51666666666667,7.61219512195122,7.88636363636364,70,92,18,41,121,4728,3139,1589,248,1528,3200,8.00214341370558,8.29713198470851,7.41940639395847,7.4570564516129,8.039814986911,7.9841552375,95
"97",2009,5,7.99764705882353,153,8.18095238095238,7.86933333333333,7.47105263157895,7.90967741935484,8.02,63,90,19,31,122,4881,3202,1679,267,1559,3322,8.00200247080516,8.29484612742036,7.44352397855867,7.45805243445693,8.03722726106479,7.98547163154726,96
"98",2009,6,7.87463768115942,138,8.20140845070422,7.52835820895522,7.38235294117647,8.18,7.8070796460177,71,67,17,25,113,5019,3273,1746,284,1584,3435,7.99850051006177,8.29281921784296,7.44677935853379,7.45352112676056,8.03948061868687,7.97960313245997,97
"99",2009,7,7.50187969924812,133,7.95545454545455,7.18205128205128,7.31666666666667,7.37903225806452,7.53921568627451,55,78,15,31,102,5152,3328,1824,299,1615,3537,7.98568013586957,8.28724378004808,7.43545875,7.44665551839465,8.02680328173375,7.96690324003393,98
"100",2009,8,7.75833333333333,126,8.24180327868852,7.30461538461538,6.79166666666667,7.69166666666667,7.77916666666667,61,65,12,30,96,5278,3389,1889,311,1645,3633,7.98025275862069,8.28642587784007,7.43095646373743,7.42138263665595,8.02069136778116,7.9619424057253,99
"101",2009,9,7.76385542168675,166,8.18448275862069,7.30063291139241,7.52045454545455,7.55217391304348,7.845,87,79,22,46,120,5444,3476,1968,333,1691,3753,7.97365430933138,8.28387436708861,7.4257249796748,7.42792792792793,8.00794636309876,7.95820324007461,100
"102",2009,10,7.7093023255814,172,8.11823529411765,7.30977011494253,7.634375,7.76034482758621,7.69895104895105,85,87,16,29,143,5616,3561,2055,349,1720,3896,7.96555805911681,8.27992061218759,7.42081594160584,7.43739255014327,8.00377168604652,7.94868756673511,101
"103",2009,11,7.69076086956522,184,8.11758241758242,7.27311827956989,7.53333333333333,7.64242424242424,7.70132450331126,91,93,15,33,151,5800,3652,2148,364,1753,4047,7.95684035517241,8.27587549288062,7.41442121042831,7.44134615384615,7.99696936679978,7.93945805782061,102
"104",2009,12,7.65810810810811,185,7.98636363636364,7.36030927835052,7.790625,8.03068181818182,7.54184397163121,88,97,16,44,141,5985,3740,2245,380,1797,4188,7.94760635923141,8.26906344919786,7.41208318930958,7.45605263157895,7.99779482470785,7.92607133715377,103
"105",2010,1,7.7292817679558,181,8.14038461538462,7.17402597402597,7.13333333333333,7.7972972972973,7.71180555555556,104,77,15,37,144,6166,3844,2322,395,1834,4332,7.94119754459942,8.2655820239334,7.40418895779501,7.44379746835443,7.99374989094875,7.9189489289012,104
"106",2010,2,7.64418604651163,129,8.2625,7.16986301369863,8.09375,7.88541666666667,7.58904761904762,56,73,8,24,105,6295,3900,2395,403,1858,4437,7.93511105003971,8.26553776923077,7.39704666388309,7.45669975186104,7.99235053821314,7.91114193373901,105
"107",2010,3,7.91528925619835,121,8.42272727272727,7.30636363636364,7.82222222222222,7.62083333333333,7.98814432989691,66,55,9,24,97,6416,3966,2450,412,1882,4534,7.93473722880299,8.26815363086233,7.39501092244898,7.46468446601942,7.98761280552604,7.91278931627702,106
"108",2010,4,7.99829545454545,88,8.31057692307692,7.54722222222222,7.88,8.05,7.98308823529412,52,36,5,20,68,6504,4018,2486,417,1902,4602,7.9355971801968,8.26870266301643,7.39721510860821,7.46966426858513,7.98826882229233,7.91382806605823,107
"109",2010,5,7.8375,88,8.09555555555556,7.56744186046512,6.41666666666667,7.60526315789474,7.90144927536232,45,43,6,19,69,6592,4063,2529,423,1921,4671,7.93428763046116,8.26678496185085,7.40010943455912,7.45472813238771,7.9844806350859,7.91364520659388,108
"110",2010,6,7.62648648648649,74,7.88095238095238,7.2925,7.15,8.225,7.51064516129032,42,32,6,12,62,6666,4105,2561,429,1933,4733,7.93087069606961,8.26283734470159,7.39876484185865,7.4504662004662,7.98597377133989,7.90836610183816,109
"111",2010,7,7.4474358974359,78,7.86136363636364,6.91176470588235,5.875,7.45,7.44655172413793,44,34,8,20,58,6744,4149,2595,437,1953,4791,7.9252793683274,8.25857973005544,7.39238410789981,7.42162471395881,7.98048504864312,7.90277536213734,110
"112",2010,8,7.78865979381443,97,8.1962962962963,7.27674418604651,7.3125,7.81851851851852,7.77714285714286,54,43,8,27,70,6841,4203,2638,445,1980,4861,7.92334221020319,8.25777951463241,7.39049915087188,7.41966292134832,7.97827641414142,7.90096621271343,111
"113",2010,9,7.63605769230769,104,8.02017543859649,7.17021276595745,7.4375,7.95555555555556,7.56918604651163,57,47,8,18,86,6945,4260,2685,453,1998,4947,7.91904018142549,8.25460030516432,7.38664311359404,7.41997792494481,7.97807172172173,7.89519845562967,112
"114",2010,10,7.75913978494624,93,8.21372549019608,7.20714285714286,7.64285714285714,7.81333333333333,7.74871794871795,51,42,14,15,78,7038,4311,2727,467,2013,5025,7.91692726058539,8.25411674785433,7.38387853318665,7.42665952890792,7.97684416294089,7.89292472835821,113
"115",2010,11,7.69091954022988,174,8.20051546391753,7.04896103896104,7.08333333333333,7.55277777777778,7.72695652173913,97,77,12,36,138,7212,4408,2804,479,2049,5163,7.91147449528564,8.2529372277677,7.37468144079886,7.41805845511482,7.9693935090288,7.88848862289367,114
"116",2010,12,7.61071428571429,140,7.97682926829268,7.09310344827586,7.16666666666667,7.70833333333333,7.59051724137931,82,58,9,24,116,7352,4490,2862,488,2073,5279,7.90574728781284,8.24789472160356,7.36897510831587,7.41342213114754,7.96637110467921,7.88194104186399,115
"117",2011,1,7.78190789473684,152,8.1224358974359,7.42297297297297,6.87058823529412,7.725,7.79475806451613,78,74,17,28,124,7504,4568,2936,505,2101,5403,7.90323881396588,8.2457524737303,7.37033608991826,7.39514851485149,7.96315435506902,7.87994017397742,116
"118",2011,2,7.45821739130435,115,8.04016949152542,6.84508928571429,5.58333333333333,7.17895833333333,7.53186813186813,59,56,6,24,91,7619,4627,2992,511,2125,5494,7.89652172988581,8.24313103522801,7.36050526737968,7.37387475538161,7.95429755294118,7.87417487440845,117
"119",2011,3,7.70569911504425,113,8.04363636363636,7.38524137931034,7.41363636363636,7.62708333333333,7.72689887640449,55,58,11,24,89,7732,4682,3050,522,2149,5583,7.89373293585101,8.24078754805639,7.3609756590164,7.37471264367816,7.95064322940903,7.87182711087229,118
"120",2011,4,7.72432432432432,111,8.05555555555556,7.41052631578947,6.9,7.54761904761905,7.76555555555556,54,57,10,21,90,7843,4736,3107,532,2170,5673,7.89133533851842,8.23867552787162,7.36188469906663,7.36578947368421,7.94674299539171,7.87014115282919,119
"121",2011,5,7.8205,100,8.37244897959184,7.29019607843137,7.25,7.95,7.79764705882353,49,51,4,15,85,7943,4785,3158,536,2185,5758,7.89044354274204,8.24004541274817,7.36072696643446,7.36492537313433,7.94676535469108,7.86907098992706,120
"122",2011,6,7.77278481012658,79,8.10714285714286,7.39324324324324,6.625,7.72222222222222,7.78770491803279,42,37,8,18,61,8022,4827,3195,544,2203,5819,7.8892848491648,8.23888902009529,7.36110352425665,7.35404411764706,7.94493068542896,7.86821803746348,121
"123",2011,7,7.73762886597938,97,8.19,7.2563829787234,7.52083333333333,7.80909090909091,7.71666666666667,50,47,12,22,75,8119,4877,3242,556,2225,5894,7.88747297204089,8.23838779987697,7.35958536705738,7.35764388489209,7.9435875505618,7.86628957583984,122
"124",2011,8,7.70285714285714,105,8.17454545454545,7.184,7.9,7.7258064516129,7.69324324324324,55,50,10,31,74,8224,4932,3292,566,2256,5968,7.88511588764592,8.23767585158151,7.35691851761847,7.3672261484099,7.94059499113475,7.86414389410188,123
"125",2011,9,7.82637362637363,91,8.06216216216216,7.66481481481481,7.71428571428571,7.31333333333333,7.92763157894737,37,54,7,15,76,8315,4969,3346,573,2271,6044,7.8844730078172,8.23636894747434,7.3618875552899,7.37146596858639,7.93645191545575,7.86494221707479,124
"126",2011,10,7.81157024793388,121,8.25409836065574,7.36166666666667,7.0625,8.03333333333333,7.75670103092784,61,60,8,24,97,8436,5030,3406,581,2295,6141,7.88342734234234,8.23658395626242,7.36188366412214,7.36721170395869,7.93746505446623,7.8632324963361,125
"127",2011,11,7.69797297297297,148,8.09487179487179,7.25571428571429,6.54166666666667,7.46666666666667,7.74274193548387,78,70,12,24,124,8584,5108,3476,593,2319,6265,7.88022985321529,8.23441998825372,7.35974561565018,7.35050590219225,7.93259262613196,7.86084768715084,126
"128",2011,12,7.65042016806723,119,7.92131147540984,7.36551724137931,7.1,7.51290322580645,7.69886363636364,61,58,13,31,88,8703,5169,3534,606,2350,6353,7.87708756290934,8.23072495647127,7.35984033955858,7.34513201320132,7.92705629787234,7.85860392885251,127
"129",2012,1,7.62431654676259,139,8.10851351351351,7.07307692307692,7.375,7.65833333333333,7.61495412844037,74,65,12,30,109,8842,5243,3599,618,2380,6462,7.87311389504637,8.22900005721915,7.35466122811893,7.34571197411003,7.92366903361345,7.85449408232745,128
"130",2012,2,7.60159663865546,119,8.03523076923077,7.07962962962963,6.50833333333333,7.213,7.73258426966292,65,54,12,30,89,8961,5308,3653,630,2410,6551,7.86950820890526,8.22662722305953,7.35059560908842,7.32976190476191,7.91482253112034,7.85283785070982,129
"131",2012,3,7.77962962962963,108,8.29056603773585,7.28727272727273,7.19230769230769,8.196875,7.7070652173913,53,55,13,16,92,9069,5361,3708,643,2426,6643,7.86843787187121,8.22725933594478,7.34965635382956,7.32698289269052,7.91668272877164,7.85081902152642,130
"132",2012,4,7.8015306122449,98,8.347,7.23333333333333,7.33333333333333,7.884375,7.78536585365854,50,48,9,16,82,9167,5411,3756,652,2442,6725,7.86772259845097,8.22836579190538,7.34816979765709,7.32707055214724,7.91647104832105,7.85002093085502,131
"133",2012,5,7.86127450980392,102,8.140625,7.39078947368421,7.35714285714286,8.08,7.79025974025974,64,38,7,25,77,9269,5475,3794,659,2467,6802,7.86765164095372,8.22734014611872,7.34859666842383,7.3273899848255,7.91812821240373,7.84934442222876,132
"134",2012,6,7.57590361445783,83,7.99605263157895,7.22111111111111,6.5,6.85714285714286,7.64210526315789,38,45,8,7,76,9352,5513,3839,667,2474,6878,7.86506234602224,8.225745927807,7.34710230789268,7.31746626686657,7.91512623282135,7.84705448676941,133
"135",2012,7,7.74223300970874,103,8.277,7.2377358490566,6.66071428571429,7.64772727272727,7.7679012345679,50,53,14,22,81,9455,5563,3892,681,2496,6959,7.86372427921735,8.22620659715981,7.34561299075026,7.30396475770925,7.91276935096154,7.84613317430666,134
"136",2012,8,7.57277777777778,90,8.07916666666667,6.99404761904762,7.35,7.48125,7.59256756756757,48,42,10,16,74,9545,5611,3934,691,2512,7033,7.86098093871137,8.22494872571734,7.34185962379258,7.30463096960926,7.9100208200637,7.84346520119437,135
"137",2012,9,7.64583333333333,72,7.82567567567568,7.45571428571429,6,7.535,7.66370967741936,37,35,2,10,62,9617,5648,3969,693,2522,7095,7.85937018404908,8.22233309135977,7.34286363315697,7.3008658008658,7.90853382236321,7.84189439887245,136
"138",2012,10,7.7046218487395,119,8.04850746268657,7.26153846153846,6.78461538461538,7.875,7.6659793814433,67,52,13,22,97,9736,5715,4021,706,2544,7192,7.85747874486442,8.22029524059493,7.34181192738125,7.29135977337111,7.90824382861636,7.83952179644049,137
"139",2012,11,7.6353982300885,113,7.97058823529412,7.35967741935484,7.92857142857143,7.85227272727273,7.58296703296703,51,62,7,22,91,9849,5766,4083,713,2566,7283,7.8549307604833,8.21808659382588,7.34208321332354,7.2976157082749,7.90776395167576,7.83631618289167,138
"140",2012,12,7.6948,125,7.92583333333333,7.48153846153846,6.52,7.56578947368421,7.71792452830189,60,65,10,19,106,9974,5826,4148,723,2585,7389,7.85292390816122,8.21507677651905,7.34426850530376,7.28686030428769,7.90525040618956,7.83461777777778,139
"141",2013,1,7.71393442622951,122,7.9921875,7.40689655172414,7.20625,7.68571428571429,7.71980198019802,64,58,16,21,101,10096,5890,4206,739,2606,7490,7.85124436014263,8.21265488964346,7.34513213504518,7.2851150202977,7.90348131235611,7.83306952736983,140
"142",2013,2,7.80857142857143,105,8.22926829268293,7.5390625,7.87777777777778,8.04347826086956,7.74268292682927,41,64,9,23,82,10201,5931,4270,748,2629,7572,7.85080512302716,8.21276973528916,7.34803881967213,7.29224598930481,7.90470608596425,7.83209069730587,141
"143",2013,3,7.65432692307692,104,8.20178571428571,7.015625,7.34615384615385,7.8,7.60822784810127,56,48,13,25,79,10305,5987,4318,761,2654,7651,7.84882222804464,8.21266699515617,7.34434362204725,7.29316688567674,7.90371978146195,7.82977921317475,142
"144",2013,4,7.6953,100,8.03204081632653,7.37176470588235,8.33333333333333,7.75846153846154,7.68586206896552,49,51,6,13,87,10405,6036,4369,767,2667,7738,7.84734676213359,8.21120067925779,7.34466371252003,7.3013037809648,7.903011736033,7.82816112173689,143
"145",2013,5,7.93316326530612,98,8.35660377358491,7.43444444444444,7.63,8.46470588235294,7.82160493827161,53,45,10,17,81,10503,6089,4414,777,2684,7819,7.84814748738456,8.21246629988504,7.3455790122338,7.30553410553411,7.90656941132638,7.8280932037345,144
"146",2013,6,7.70056818181818,88,7.95813953488372,7.45444444444444,6.95454545454545,6.87777777777778,7.91214285714286,43,45,11,18,70,10591,6132,4459,788,2702,7889,7.84692125956001,8.21068286040444,7.34667767660911,7.3006345177665,7.89971587712806,7.82883898592978,145
"147",2013,7,7.36112359550562,89,7.96977777777778,6.73863636363636,6.11111111111111,8.7,7.1112,45,44,9,14,75,10680,6177,4503,797,2716,7964,7.84287294569289,8.20892784523231,7.34073634465912,7.28720200752823,7.90384105301915,7.82208070818684,146
"148",2013,8,7.66170212765957,94,8.07755102040816,7.20888888888889,7.64285714285714,8.3421052631579,7.48933333333333,49,45,7,19,75,10774,6226,4548,804,2735,8039,7.84129228327455,8.20789388050112,7.33943178540018,7.29029850746269,7.90688566727606,7.8189763353651,147
"149",2013,9,7.5438202247191,89,7.98717948717949,7.198,5.95,6.75,7.70472972972973,39,50,7,15,74,10863,6265,4598,811,2750,8113,7.83885511000645,8.20651992019154,7.33789381470205,7.27872996300863,7.90057538181819,7.81793427338839,148
"150",2013,10,7.72626315789474,114,8.0275,7.39155555555556,6.9896,8.009,7.68010204081633,60,54,15,16,98,10977,6325,4652,826,2766,8211,7.83768580304273,8.20482170750988,7.33851671539123,7.2734794188862,7.90120256688359,7.81628921690415,149
"151",2013,11,7.47678571428571,112,7.97037037037037,7.01724137931035,6.5,7.68,7.43260869565217,54,58,9,20,92,11089,6379,4710,835,2786,8303,7.83404067634593,8.20283701207086,7.33456045859873,7.26514251497006,7.89961460875808,7.81203790918945,150
"152",2013,12,7.81869918699187,123,8.23148148148148,7.49565217391304,6.9,8.12333333333333,7.72043010752688,54,69,10,30,93,11212,6433,4779,845,2816,8396,7.83387237424188,8.20307745997202,7.33688632768362,7.26082130177515,7.90199797585228,7.81102319676036,151
"153",2014,1,7.72641509433962,159,8.0225,7.42658227848101,8.11538461538461,7.78958333333333,7.71518518518519,80,79,13,24,135,11371,6513,4858,858,2840,8531,7.83236980564594,8.20085940426839,7.33834494853849,7.27376923076923,7.90104799295775,7.80950659477201,152
"154",2014,2,7.5490990990991,111,8.03023255813953,7.24485294117647,7.00714285714286,8.05882352941176,7.45691489361702,43,68,14,17,94,11482,6556,4926,872,2857,8625,7.82963134122975,8.19974028370958,7.33705435647584,7.26948853211009,7.90198680434022,7.80566385623189,153
"155",2014,3,7.51827956989247,93,7.97551020408163,7.00909090909091,6.2,7.0625,7.61298701298701,49,44,5,16,77,11575,6605,4970,877,2873,8702,7.82712976760259,8.19807680545042,7.33415085714286,7.26339110604333,7.8973116254786,7.80395894736842,154
"156",2014,4,7.81778846153846,104,8.38191489361702,7.35263157894737,6.66666666666667,8.59375,7.67670454545455,47,57,6,16,88,11679,6652,5027,883,2889,8790,7.82704658446785,8.19937572158749,7.33436040580863,7.25933635334088,7.90116867428176,7.8026849556314,155
"157",2014,5,7.82795698924731,93,8.35348837209302,7.376,7.02,7.93809523809524,7.79583333333333,43,50,10,21,72,11772,6695,5077,893,2910,8862,7.82705377675841,8.20036554144884,7.33477048650778,7.2566562150056,7.90143515463918,7.80262928909953,156
"158",2014,6,7.70965909090909,88,8.13375,7.35625,6.625,7.625,7.73787878787879,40,48,8,22,66,11860,6735,5125,901,2932,8928,7.82618272006745,8.19996990348923,7.33497166048781,7.25104772475028,7.89936094815826,7.80215062275986,157
"159",2014,7,7.85090909090909,55,8.38409090909091,7.49545454545455,7.45,8.18928571428571,7.73536585365854,22,33,8,14,41,11915,6757,5158,909,2946,8969,7.82629685774234,8.20056937990232,7.33599840248158,7.25279867986799,7.90073873048201,7.80184532946817,158
"160",2014,8,7.58352272727273,88,8.02051282051282,7.23571428571429,7.35714285714286,8.35,7.4625,39,49,7,12,76,12003,6796,5207,916,2958,9045,7.82451695909356,8.19953609476162,7.33505468792011,7.253596069869,7.90256129141312,7.79899400331675,159
"161",2014,9,7.70181818181818,110,8.19285714285714,7.19259259259259,7,7.84210526315789,7.67252747252747,56,54,6,19,91,12113,6852,5261,922,2977,9136,7.82340271278791,8.19948150904845,7.33359242729519,7.25194577006508,7.90217544507894,7.79773432136602,160
"162",2014,10,7.6660162601626,123,8.33310344827586,7.07076923076923,6.9,7.5095652173913,7.702,58,65,10,23,100,12236,6910,5326,932,3000,9236,7.82182061621445,8.20060308248915,7.33038485918138,7.248169527897,7.89916543333334,7.79669778692074,161
"163",2014,11,7.86388888888889,108,8.23189655172414,7.437,7.24444444444444,8.5,7.74505494505495,58,50,9,17,91,12344,6968,5376,941,3017,9327,7.82218867952041,8.20086356199771,7.33137644345238,7.24813390010627,7.90255097779252,7.79619392730782,162
"164",2014,12,7.90882352941177,102,8.45348837209302,7.51186440677966,8,8.50384615384615,7.70526315789474,43,59,7,26,76,12446,7011,5435,948,3043,9403,7.82289868712839,8.20241296534018,7.3333357424103,7.25368565400844,7.90768856391719,7.79545897692226,163
"165",2015,1,8.02666666666667,165,8.31304347826087,7.66575342465753,7.27222222222222,8.274,7.9825,92,73,18,25,140,12611,7103,5508,966,3068,9543,7.82556474982158,8.20384588202168,7.33774142338417,7.25403105590062,7.9106735006519,7.79820295085403,164
"166",2015,2,7.60115702479339,121,8.31607142857143,6.98523076923077,7.46,8.14705882352941,7.51192307692308,56,65,10,17,104,12732,7159,5573,976,3085,9647,7.82343206566133,8.20472374633329,7.33362995872959,7.25614139344262,7.9119761102107,7.7951166953457,165
"167",2015,3,7.92380952380952,105,8.27037037037037,7.55686274509804,7.72222222222222,8.54210526315789,7.78720930232558,54,51,9,19,86,12837,7213,5624,985,3104,9733,7.82425310119187,8.20521520865105,7.33565429587482,7.2604,7.91583321520619,7.79504682626117,166
"168",2015,4,7.77894736842105,114,8.05849056603774,7.53606557377049,6.85,7.96875,7.74795918367347,53,61,10,16,98,12951,7266,5685,995,3120,9831,7.82385430159833,8.20414496284063,7.33780470712401,7.25627537688442,7.91610458333334,7.79457743464551,167
"169",2015,5,7.8378431372549,102,8.16869565217391,7.56607142857143,7.1,8.375,7.79212765957447,46,56,10,8,94,13053,7312,5741,1005,3128,9925,7.82396361449475,8.20392195021882,7.34003131161818,7.25472039800995,7.91727822890026,7.79455423274559,168
"170",2015,6,7.62939759036145,83,8.13142857142857,7.26333333333333,6.35,7.25,7.69352112676056,35,48,10,12,71,13136,7347,5789,1015,3140,9996,7.82273424634592,8.20357660269498,7.33939536362066,7.24580689655173,7.91472812101911,7.79383661064426,169
"171",2015,7,7.75967741935484,93,8.01530612244898,7.475,8,8.35526315789474,7.60675675675676,49,44,6,19,74,13229,7396,5833,1021,3159,10070,7.82229095623252,8.20232927257977,7.34041826847248,7.25023898139079,7.9173777461222,7.79246184309831,170
"172",2015,8,7.43943820224719,89,7.98666666666667,6.87977272727273,7.5,7.56733333333333,7.41351351351351,45,44,2,15,74,13318,7441,5877,1023,3174,10144,7.81973247184262,8.2010250369574,7.33696950144632,7.25072727272727,7.91572347195968,7.7896974329653,171
"173",2015,9,7.79765957446808,94,8.2,7.35955555555556,6.65,7.65384615384615,7.82074074074074,49,45,3,13,81,13412,7490,5922,1026,3187,10225,7.81957777065315,8.20101833110814,7.3371411279973,7.24897076023392,7.91465525572639,7.78994335061125,172
"174",2015,10,7.77782258064516,124,8.1986,7.49351351351351,6.95454545454545,7.95833333333333,7.75848214285714,50,74,11,12,112,13536,7540,5996,1037,3199,10337,7.81919526152482,8.20100229442971,7.33907100733822,7.24584763741562,7.91481909971867,7.78960247267099,173
"175",2015,11,7.67462686567164,134,8.16610169491525,7.288,7.55555555555556,8,7.62735042735043,59,75,9,17,117,13670,7599,6071,1046,3216,10454,7.8177781316752,8.20073131991052,7.3384400856531,7.24851242829828,7.91526937189055,7.78778656590779,174
"176",2015,12,7.74466257668712,163,7.89515151515152,7.64226804123711,6.49,7.96666666666667,7.72216216216216,66,97,10,15,148,13833,7665,6168,1056,3231,10602,7.8169165806405,8.19810010437052,7.34321818417639,7.24132954545455,7.91550798514392,7.78687047349557,175
"177",2016,1,7.77228915662651,166,8.07430555555556,7.54095744680851,7.16,7.83809523809524,7.76275862068966,72,94,10,21,145,13999,7737,6262,1066,3252,10747,7.81638738909922,8.19694808065142,7.34618648355158,7.24056660412758,7.91500808733088,7.78654515306597,176
"178",2016,2,7.68838028169014,142,8.1469696969697,7.29013157894737,6.96176470588235,7.82916666666667,7.65974576271186,66,76,17,24,118,14141,7803,6338,1083,3276,10865,7.81510197722933,8.19652534922466,7.34551431997475,7.23619021237304,7.91437921245422,7.78516804049701,177
"179",2016,3,7.63093525179856,139,7.89772727272727,7.50736842105263,7.74285714285714,7.76923076923077,7.61666666666667,44,95,14,13,126,14280,7847,6433,1097,3289,10991,7.81330931792717,8.1948499171658,7.3479045173325,7.24265633546035,7.91380550319246,7.78323635338004,178
"180",2016,4,7.68671532846715,137,8.09382352941176,7.28550724637681,7.6875,7.59130434782609,7.7059649122807,68,69,16,23,114,14417,7915,6502,1113,3312,11105,7.81210633696331,8.19398197094125,7.34724235004614,7.24905121293801,7.91156591183575,7.78244311211166,179
"181",2016,5,7.69959349593496,123,8.126,7.40753424657534,7.5,7.5375,7.72383177570093,50,73,6,16,107,14540,7965,6575,1119,3328,11212,7.81115454332875,8.1935552165725,7.34791175057034,7.25039678284182,7.90976751802885,7.78188376382448,180
"182",2016,6,7.91173913043478,115,8.15614035087719,7.67155172413793,6.6,7.60714285714286,7.93148148148148,57,58,5,7,108,14655,8022,6633,1124,3335,11320,7.81194384578642,8.19328936674146,7.35074170963365,7.24750355871886,7.90913232383808,7.78331102120142,181
"183",2016,7,7.72678571428571,112,8.27659574468085,7.32923076923077,7.8,7.46428571428571,7.76428571428571,47,65,5,14,98,14767,8069,6698,1129,3349,11418,7.81129796573441,8.19377460651877,7.35053295909226,7.24995039858282,7.90727270827113,7.78314772814854,182
"184",2016,8,7.54333333333333,120,8.02727272727273,7.13384615384615,7.0625,7.24,7.604,55,65,8,20,100,14887,8124,6763,1137,3369,11518,7.80913797675824,8.19264737813885,7.34845035635073,7.24863148636764,7.90331145740576,7.78159235631186,183
"185",2016,9,7.78407407407407,135,8.01186440677966,7.60723684210526,7.44545454545455,7.68,7.79708333333333,59,76,11,15,120,15022,8183,6839,1148,3384,11638,7.80891273199308,8.19134392032262,7.35132618219038,7.25051742160279,7.90232160165485,7.78175208455061,184
"186",2016,10,7.63536585365854,164,7.77816091954023,7.47402597402597,7.43333333333333,7.60166666666667,7.64291044776119,87,77,15,30,134,15186,8270,6916,1163,3414,11772,7.8070385262742,8.18699725513906,7.35269227299017,7.25287532244196,7.89967964264792,7.78017165817193,185
"187",2016,11,7.50029239766082,171,7.98985507246377,7.16911764705882,6.99411764705882,7.428,7.51267123287671,69,102,17,25,146,15357,8339,7018,1180,3439,11918,7.80362291202709,8.18536602710157,7.3500241892277,7.24914745762712,7.89625074149462,7.77689467695922,186
"188",2016,12,7.45220588235294,136,8.07391304347826,7.13444444444444,6.4,7.00952380952381,7.53304347826087,46,90,15,21,115,15493,8385,7108,1195,3460,12033,7.80053811785968,8.18475459749553,7.34729456387169,7.23848870292887,7.89086887283237,7.7745641785091,187
"189",2017,1,7.54437086092715,151,7.904,7.18947368421053,7.16666666666667,7.41666666666667,7.56165413533835,75,76,9,18,133,15644,8460,7184,1204,3478,12166,7.79806552416262,8.18226563829787,7.34562496659243,7.23795182724253,7.88841469235193,7.77223662337662,188
"190",2017,2,7.75785714285714,140,8.1,7.52976190476191,7.71428571428571,8.07142857142857,7.72301587301587,56,84,7,14,126,15784,8516,7268,1211,3492,12292,7.79770888621389,8.18172467120714,7.3477531315355,7.24070520231214,7.88914842497137,7.77173208265539,189
"191",2017,3,7.43142164383562,146,7.68795563636364,7.27637362637363,7.59090909090909,7,7.45976321167883,55,91,11,9,137,15930,8571,7359,1222,3501,12429,7.79435182799749,8.17855616147474,7.34687046609594,7.24385761047463,7.88686269637247,7.76829337195269,190
"192",2017,4,7.57132867132867,143,7.91454545454545,7.35681818181818,7.54285714285714,8.15384615384615,7.51307692307692,55,88,14,13,130,16073,8626,7447,1236,3514,12559,7.79236761152243,8.17687281010897,7.346988016651,7.24724433656958,7.88785039840638,7.76565159009475,191
"193",2017,5,7.72042253521127,142,8.17641509433962,7.44887640449438,7.61818181818182,8.34545454545455,7.60583333333333,53,89,11,22,120,16215,8679,7536,1247,3536,12679,7.79173756521739,8.17687001497868,7.34819131634819,7.25051643945469,7.89069748303168,7.76413899518889,192
"194",2017,6,7.62935779816514,109,8.07872340425532,7.28870967741936,7.66666666666667,8.17692307692308,7.55520833333333,47,62,6,13,96,16324,8726,7598,1253,3549,12775,7.79065330923793,8.17634137749255,7.34770594366938,7.25250917797287,7.89174592843055,7.76256894872798,193
"195",2017,7,7.76991150442478,113,8.11333333333333,7.54264705882353,8,8.85625,7.59072164948454,45,68,9,16,97,16437,8771,7666,1262,3565,12872,7.79051071485064,8.17601811195987,7.34943513696843,7.25783993660856,7.89607469845722,7.76127395276569,194
"196",2017,8,7.64018181818182,110,8.15909090909091,7.29424242424242,6.74111111111111,7.71538461538462,7.63010309278351,44,66,9,13,97,16547,8815,7732,1271,3578,12969,7.78951136882819,8.17593361996597,7.34896401448525,7.25418095987412,7.89541819452208,7.76029287686021,195
"197",2017,9,7.68953488372093,129,8.1,7.30970149253731,7.04545454545455,8.06428571428571,7.64391304347826,62,67,11,14,115,16676,8877,7799,1282,3592,13084,7.788737983929,8.17540327362848,7.34862671624567,7.25239001560062,7.89607636414254,7.75926997248548,196
"198",2017,10,7.59056737588652,141,7.99126984126984,7.26692307692308,7.24727272727273,7.80105263157895,7.5577868852459,63,78,11,19,122,16817,8940,7877,1293,3611,13206,7.78707644764227,8.17410568903803,7.34781766662435,7.25234648105182,7.8955763777347,7.75740862638195,197
"199",2017,11,7.69918032786885,183,8.02289156626506,7.4305,7.30384615384615,7.78653846153846,7.68471337579618,83,100,13,26,157,17000,9023,7977,1306,3637,13363,7.78613027176471,8.17271471350992,7.34885417575529,7.25285911179173,7.89479689304372,7.75655454014817,198
"200",2017,12,7.46760563380282,142,7.75952380952381,7.23481012658228,7.22222222222222,7.25,7.48059701492537,63,79,9,8,134,17142,9086,8056,1315,3645,13497,7.7834916940847,8.16984975346687,7.34773581926514,7.25264942965779,7.89338170096022,7.75381479736238,199
"201",2018,1,7.75178180851064,188,8.1397619047619,7.43841326923077,7.41666666666667,8.17727272727273,7.69539144578313,84,104,12,22,166,17330,9170,8160,1327,3667,13663,7.78314769763416,8.16957413958561,7.3488915122549,7.25413262999246,7.89508489228252,7.75310497694503,200
"202",2018,2,7.66230769230769,130,8.17833333333333,7.22,6.77777777777778,8.025,7.59636363636364,60,70,9,20,110,17460,9230,8230,1336,3687,13773,7.78224797250859,8.16963107908992,7.34779522964763,7.25092365269461,7.8957896121508,7.75185314020185,201
"203",2018,3,7.77246376811594,138,8.125,7.5593023255814,7.2,7.75,7.77421875,52,86,10,10,128,17598,9282,8316,1346,3697,13901,7.78217124673259,8.1693810450334,7.34998253246753,7.25054531946508,7.89539526643225,7.75205908208043,202
"204",2018,4,7.55708955223881,134,8.04722222222222,7.22625,6.725,8.07142857142857,7.46150442477876,54,80,8,21,113,17732,9336,8396,1354,3718,14014,7.78047031355741,8.16867447086547,7.3488035659838,7.24744017725258,7.89638953738569,7.74971623376624,203
"205",2018,5,7.50417305343511,131,8.06659266666667,7.20988372093023,7.28888888888889,8.240625,7.40171017391304,45,86,9,16,115,17863,9381,8482,1363,3734,14129,7.77844406146784,8.16818479160004,7.34739504126385,7.24771386647102,7.897864568827,7.74688371222309,204
"206",2018,6,7.76377263565891,129,8.13877783333333,7.43768115942029,7.41666666666667,8.208,7.65698721153846,60,69,6,25,104,17992,9441,8551,1369,3759,14233,7.77833886949756,8.16799790276453,7.34812358086773,7.24845434623813,7.89992718808194,7.74622684184641,205
"207",2018,7,7.51588571428571,105,7.875375,7.21315789473684,6.63636363636364,7.45,7.52282105263158,48,57,11,10,95,18097,9489,8608,1380,3769,14328,7.77681609880091,8.16651767309516,7.3472298722119,7.24357536231884,7.8987334306182,7.74474557788945,206
"208",2018,8,7.65652892561983,121,8.01843137254902,7.39285714285714,6.88461538461539,8.08571428571429,7.6003738317757,51,70,13,14,107,18218,9540,8678,1393,3783,14435,7.77601717751674,8.16572601677149,7.34759791887532,7.24022541277818,7.89942540311922,7.74367541669553,207
"209",2018,9,7.56509487804878,123,7.88197537037037,7.31710144927536,7.48307692307692,8.07142857142857,7.50006119266055,54,69,13,14,109,18341,9594,8747,1406,3797,14544,7.77460267215528,8.16412892120075,7.34735734994855,7.24247083926031,7.90005959968396,7.7418496500275,208
"210",2018,10,7.5725,144,7.94617647058824,7.23815789473684,7.14375,7.74375,7.55109375,68,76,16,16,128,18485,9662,8823,1422,3813,14672,7.77302827211253,8.16259499793003,7.34641672220333,7.24136005625879,7.89940369787569,7.74018547641767,209
"211",2018,11,7.63869371621622,148,7.99257315789474,7.41703296703297,6.6875,7.82352941176471,7.61470740458015,57,91,8,17,131,18633,9719,8914,1430,3830,14803,7.77196126657007,8.16159785368865,7.34713761947498,7.23826153846154,7.89906691906006,7.73907505100318,210
"212",2018,12,7.60861788617886,123,7.63115384615385,7.59211267605634,7.20833333333333,7.53571428571429,7.61798165137615,52,71,12,14,109,18756,9771,8985,1442,3844,14912,7.77089007677543,8.15877489919148,7.34907342682248,7.23801248266297,7.89774357440167,7.73818991282189,211
"213",2019,1,7.67342073170732,164,7.94690697674419,7.37188461538462,7.05,7.4617619047619,7.7045034965035,86,78,9,21,143,18920,9857,9063,1451,3865,15055,7.770045205074,8.15692640154205,7.34926974953106,7.23684631288766,7.89537472186288,7.73786994221189,212
"214",2019,2,7.75756407692308,130,7.86056603773585,7.68666662337662,7.34375,7.37190476190476,7.83186541284404,53,77,16,21,109,19050,9910,9140,1467,3886,15164,7.769960032021,8.15534142684157,7.35211215207877,7.23801226993865,7.89254588265569,7.73854558889475,213
"215",2019,3,7.63752,125,8.15,7.31805194805195,6.87,7.675,7.63038095238095,48,77,10,20,105,19175,9958,9217,1477,3906,15269,7.76909666805737,8.15531567985539,7.35182760876641,7.23552064996615,7.8914319764465,7.73780177549283,214
"216",2019,4,7.53807692307692,130,7.94519230769231,7.26666666666667,7.21428571428571,7.375,7.5609649122807,52,78,14,16,114,19305,10010,9295,1491,3922,15383,7.76754097953898,8.15422412987013,7.35111297149005,7.23532126089873,7.88932516573177,7.73649127673406,215
"217",2019,5,7.7334188034188,117,8.32348837209302,7.39054054054054,7.282,8.17142857142857,7.67388349514563,43,74,10,14,103,19422,10053,9369,1501,3936,15486,7.76733542426115,8.15494812891674,7.35142438574021,7.23563224516989,7.89032858231708,7.73607486181067,216
"218",2019,6,7.54823129251701,147,7.80538461538462,7.34439024390244,6.94444444444444,7.11666666666667,7.59727272727273,65,82,9,15,132,19569,10118,9451,1510,3951,15618,7.76568954008892,8.15270246491402,7.35136335520051,7.23389668874172,7.88739136927361,7.73490173581765,217
"219",2019,7,7.61664335664336,143,7.99392156862745,7.4075,6.97222222222222,7.79,7.5948031496063,51,92,9,16,127,19712,10169,9543,1519,3967,15745,7.76460828987419,8.15190614023011,7.35190454469245,7.23234628044766,7.88699856314596,7.73377169323595,218
"220",2019,8,7.73490909090909,165,8.0844776119403,7.49591836734694,7.38461538461539,8.04615384615385,7.70828947368421,67,98,13,13,152,19877,10236,9641,1532,3980,15897,7.76436175529506,8.1514647850723,7.35336843377243,7.23363838120104,7.88751841708543,7.73352804365604,219
"221",2019,9,7.74105691056911,123,8.10408163265306,7.50067567567568,7.68571428571429,8.05882352941176,7.69009433962264,49,74,7,17,106,20000,10285,9715,1539,3997,16003,7.7642184305,8.15123904132232,7.35449048584663,7.23569460688759,7.8882470102577,7.73324034930951,220
"222",2019,10,7.6567701863354,161,7.91540540540541,7.4367816091954,7.18181818181818,7.83529411764706,7.63569444444444,74,87,11,17,144,20161,10359,9802,1550,4014,16147,7.76336037944546,8.14955435273675,7.35522088043257,7.23531225806452,7.88802274539113,7.73237042856258,221
"223",2019,11,7.42572463768116,138,7.9921568627451,7.09367816091954,6.69166666666667,7.42857142857143,7.42540322580645,51,87,12,14,124,20299,10410,9889,1562,4028,16271,7.76106500862111,8.14878324111432,7.35291991809081,7.2311357234315,7.88642584409136,7.73003105586627,222
"224",2019,12,7.73492068027211,147,8.07820111111111,7.47746035714286,6.6,7.75263157894737,7.73229171875,63,84,14,19,128,20446,10473,9973,1576,4047,16399,7.76087703951873,8.14835865654541,7.35396889000301,7.22552918781726,7.88579770200149,7.73004870114032,223
"225",2020,1,7.50223809523809,210,7.85011235955056,7.24636363636364,7.25,7,7.54932291666667,89,121,14,18,192,20656,10562,10094,1590,4065,16591,7.75824757697521,8.14584550369249,7.35267899148009,7.22574465408805,7.88187535055351,7.72795724489181,224
"226",2020,2,7.62224637681159,138,7.90965517241379,7.413875,7.2,7.45238095238095,7.65273504273504,58,80,15,21,117,20794,10620,10174,1605,4086,16708,7.75734500096182,8.14455557532957,7.35316018675054,7.22550404984424,7.87966796377876,7.72743049138138,225
"227",2020,3,7.67406504065041,123,7.95295081967213,7.39967741935484,7.75,8.18181818181818,7.62419642857143,61,62,4,11,112,20917,10681,10236,1609,4097,16820,7.75685528278434,8.14346130605749,7.3534419441188,7.22680795525171,7.88047920429583,7.72674308263972,226
"228",2020,4,7.59794240740741,108,7.9455556,7.29827586206897,6.8125,7.6,7.59766084210526,50,58,8,13,95,21025,10731,10294,1617,4110,16915,7.75603898834721,8.14253918460535,7.3531311190985,7.22475819418676,7.87959204379562,7.72601811587349,227
"229",2020,5,7.53647303030303,132,7.6391180952381,7.44275362318841,6.64545454545455,7.315,7.57602178571429,63,69,11,20,112,21157,10794,10363,1628,4130,17027,7.75466910100676,8.13960092921994,7.35372785293834,7.22084398034398,7.87685794188862,7.72503147178012,228
"230",2020,6,7.74605042016807,119,7.92617021276596,7.62847222222222,7.375,8.05166666666667,7.69158415841584,47,72,8,18,101,21276,10841,10435,1636,4148,17128,7.75462089537507,8.1386756230975,7.35562354959272,7.221597799511,7.87761651398265,7.72483424042504,229
"231",2020,7,7.83119402985075,134,8.22338709677419,7.49347222222222,7.26,8.21176470588235,7.77589743589744,62,72,5,17,117,21410,10903,10507,1641,4165,17245,7.75510014806165,8.13915733559571,7.35656816788807,7.22171480804387,7.87898038415367,7.72518068251668,230
"232",2020,8,7.58898305084746,118,8.14468085106383,7.22112676056338,7.25,7.46363636363636,7.6018691588785,47,71,6,11,107,21528,10950,10578,1647,4176,17352,7.75418962142326,8.13918104383562,7.35565907922102,7.22181785063752,7.87788632662836,7.72442028988013,231
"233",2020,9,7.71802521008403,119,8.1,7.51724358974359,7.11714285714286,8.51428571428571,7.61185714285714,41,78,7,14,105,21647,10991,10656,1654,4190,17457,7.75399081489352,8.13903488581567,7.35684184872372,7.22137484885127,7.88001272076373,7.72374324740792,232
"234",2020,10,7.83756611111111,126,8.11989241935484,7.5640625,7.77142857142857,8.32142857142857,7.77708330357143,62,64,7,14,112,21773,11053,10720,1661,4204,17569,7.75447446378542,8.13892750927351,7.3580789869403,7.22369295605057,7.88148270694577,7.72408328305539,233
"235",2020,11,7.82156462585034,147,8.26084507042254,7.41118421052632,6.11428571428571,7.34090909090909,7.86044117647059,71,76,7,11,136,21920,11124,10796,1668,4215,17705,7.75492438412409,8.1397056598346,7.35845282882549,7.21903717026379,7.88007195729538,7.72513070883931,234
"236",2020,12,7.555520625,160,8.09377733333333,7.08058823529412,6.2,7.06666666666667,7.60609172413793,75,85,10,15,145,22080,11199,10881,1678,4230,17850,7.75347942934782,8.13939807661399,7.35628221119383,7.2129642431466,7.87718754137116,7.7241637254902,235
"237",2021,1,7.58811731843575,179,7.93003797468354,7.318,7.04375,7.5475,7.59322641509434,79,100,16,20,159,22259,11278,10981,1694,4250,18009,7.75214963834853,8.13793155346693,7.35593358892633,7.21136599763872,7.87563607058824,7.72300769059915,236
"238",2021,2,7.46871212121212,132,7.79076923076923,7.259375,6.91666666666667,7.28,7.48418032786885,52,80,6,10,122,22391,11330,11061,1700,4260,18131,7.75047871019606,8.13633822241836,7.35523521743061,7.21032588235294,7.87423786384977,7.72140066736529,237
"239",2021,3,7.617696875,128,8.07301587301587,7.17638769230769,7,8.28333333333333,7.50877454545455,63,65,5,18,110,22519,11393,11126,1705,4278,18241,7.74972396642835,8.135988068112,7.35419035951825,7.20970909090909,7.87595916316036,7.7201184529357,238
"240",2021,4,7.77253446280992,121,8.19415210526316,7.39703125,6.25,7.3375,7.80333336283186,57,64,6,8,113,22640,11450,11190,1711,4286,18354,7.74984587765018,8.13627761834062,7.35443538337802,7.20634365867913,7.87495410639291,7.72063078184592,239
"241",2021,5,7.52059701492537,134,7.84064516129032,7.245,6.5625,7.58823529411765,7.51076923076923,62,72,8,17,117,22774,11512,11262,1719,4303,18471,7.74849699964872,8.13468543519806,7.35373574320725,7.20334729493892,7.87382135719266,7.71930146554058,240
"242",2021,6,7.33402298850575,87,7.66129032258065,7.15285714285714,7.29428571428571,7.5,7.32172839506173,31,56,7,6,81,22861,11543,11318,1726,4309,18552,7.74691967411749,8.13341408039505,7.35274182187666,7.20371610660487,7.87330083546067,7.71756561934024,241
"243",2021,7,7.72845528455285,123,8.10612244897959,7.47837837837838,6.66666666666667,7.66071428571429,7.73715596330275,49,74,9,14,109,22984,11592,11392,1735,4323,18661,7.74682086103376,8.13329871721878,7.35355793012641,7.20093025936599,7.87261237566505,7.71768004769305,242
"244",2021,8,7.694296875,128,7.933125,7.45546875,6.6,7.4,7.71923728813559,64,64,6,10,118,23112,11656,11456,1741,4333,18779,7.74652997014538,8.13219961650653,7.35412726431564,7.198859276278,7.87152164781906,7.71768983279195,243
"245",2021,9,7.76877891089109,101,7.82155046511628,7.72965517241379,7.66666666666667,7.45,7.80380956043956,43,58,6,10,91,23213,11699,11514,1747,4343,18870,7.74662677551372,8.13105781690743,7.35601892826125,7.20046594161419,7.87055107068847,7.71810514255432,244
"246",2021,10,7.751,140,8.00785714285714,7.5797619047619,7.34615384615385,7.95555555555556,7.72081967213115,56,84,13,18,122,23353,11755,11598,1760,4361,18992,7.74665299276324,8.13047089749043,7.35763941541645,7.20154204545454,7.87090192616373,7.7181225800337,245
"247",2021,11,7.64405594405594,143,7.94710144927536,7.36148648648649,6.42857142857143,7.78076923076923,7.63038461538462,69,74,7,13,130,23496,11824,11672,1767,4374,19122,7.74602857252298,8.12940082882274,7.35766380568883,7.19847990945105,7.87063404206676,7.71752609768853,246
"248",2021,12,7.81765625,192,8.16712643678161,7.52809523809524,7.08888888888889,7.98333333333333,7.78697530864198,87,105,9,30,162,23688,11911,11777,1776,4404,19284,7.74660914133738,8.12967638317522,7.35918331833234,7.19792454954955,7.87140174841054,7.71810952292056,247
"249",2022,1,7.75504273504273,234,8.0955,7.50097014925373,6.86764705882353,8.49545454545455,7.67820754716981,100,134,17,22,212,23922,12011,11911,1793,4426,19496,7.74669163698687,8.12939184081259,7.36077843506003,7.1947930842164,7.87450368278355,7.71767562782109,248
"250",2022,2,7.61317991631799,239,8.059375,7.38867924528302,6.74666666666667,7.84,7.58062200956938,80,159,15,30,209,24161,12091,12070,1808,4456,19705,7.74537094242788,8.12892857497313,7.36114597680199,7.19107522123894,7.87427138689408,7.71622197614819,249
"251",2022,3,7.66786082474227,194,7.84586956521739,7.5696,6.89090909090909,7.41204545454545,7.70058139534884,69,125,11,22,172,24355,12160,12195,1819,4478,19877,7.74475353479778,8.12732240131579,7.36328265190652,7.18926003298516,7.87200051362215,7.71608663480405,250
"252",2022,4,7.75486294416244,197,8.40926470588235,7.40990697674419,6.78571428571429,7.9714,7.73039548022599,68,129,7,20,177,24552,12228,12324,1826,4498,20054,7.74483465053763,8.12889028459274,7.36377068646543,7.187713033954,7.87244248554913,7.71621292709684,251
"253",2022,5,7.77664835164835,182,8.33934426229508,7.49297520661157,6.38888888888889,7.14666666666667,7.83323353293413,61,121,9,15,167,24734,12289,12445,1835,4513,20221,7.7450687450473,8.12993493368053,7.36502691361993,7.18379509536785,7.87003020163971,7.71717936996192,252
"254",2022,6,7.54336898395722,187,8.10915492957746,7.19706896551724,7,7.68913043478261,7.52292682926829,71,116,11,23,164,24921,12360,12561,1846,4536,20385,7.74355524818426,8.12981556634304,7.3634758331343,7.18269989165764,7.86911294091711,7.71561658278146,253
"255",2022,7,7.61607954545455,176,8.04967213114754,7.38608695652174,6.95454545454545,7.95,7.5633552631579,61,115,11,24,152,25097,12421,12676,1857,4560,20537,7.74266128780332,8.12942197890669,7.36368096718208,7.18134841141626,7.8695386622807,7.71448965476944,254
"256",2022,8,7.544202,165,8.06611106060606,7.19626262626263,6.6525,7.46375,7.55789595744681,66,99,12,24,141,25262,12487,12775,1869,4584,20678,7.74136504116855,8.12908734924321,7.36238355694716,7.17795291599786,7.86741411431065,7.71342186720186,255
"257",2022,9,7.7016875,160,8.04454545454545,7.52209523809524,7.4,8.06363636363636,7.64398550724638,55,105,11,22,138,25422,12542,12880,1880,4606,20816,7.7411153201951,8.12871661058842,7.36368555434783,7.17925212765957,7.86835134607034,7.71296153775942,256
"258",2022,10,7.69224043715847,183,8.11805555555556,7.41603603603604,7.05555555555556,8.19,7.63116564417178,72,111,9,20,163,25605,12614,12991,1889,4626,20979,7.74076600937317,8.12865575788806,7.36413285659303,7.17866278454208,7.86974195849546,7.71232601029601,257
"259",2022,11,7.64086294416244,197,8.14418604651163,7.2509009009009,7.13,8.01875,7.58843930635838,86,111,10,24,173,25802,12700,13102,1899,4650,21152,7.74000324277188,8.12876092362205,7.3631735567089,7.1784065297525,7.87051103225807,7.7113127538767,258
"260",2022,12,7.6219730941704,223,7.91298701298701,7.46849315068493,7.23888888888889,7.80217391304348,7.60125,77,146,18,23,200,26025,12777,13248,1917,4673,21352,7.73899187973103,8.12746057212178,7.36433423460145,7.17897443922796,7.87017468435694,7.71028181762833,259
