"","year","month","avg_rating","no_ratings","avg_rating_owned","avg_rating_not_owned","avg_rating_prev_owned","avg_rating_comment","avg_rating_no_comment","no_ratings_owned","no_ratings_not_owned","no_ratings_prev_owned","no_ratings_comment","no_ratings_no_comment","cum_no_ratings","cum_no_ratings_owned","cum_no_ratings_not_owned","cum_no_ratings_prev_owned","cum_no_ratings_comment","cum_no_ratings_no_comment","cum_avg_rating","cum_avg_rating_owned","cum_avg_rating_not_owned","cum_avg_rating_prev_owned","cum_avg_rating_comment","cum_avg_rating_no_comment","month_after_release"
"1",2011,3,5,1,NA,5,NA,NA,5,0,1,0,0,1,1,0,1,0,0,1,5,NA,5,NA,NA,5,-5
"2",2011,8,7.18872549019608,102,7.85918367346939,6.5688679245283,7.24,7.00714285714286,7.25743243243243,49,53,10,28,74,103,49,54,10,28,75,7.16747572815534,7.85918367346939,6.53981481481481,7.24,7.00714285714286,7.22733333333333,0
"3",2011,9,7.0843220338983,118,7.5175,6.63620689655172,6.58421052631579,6.91935483870968,7.14310344827586,60,58,19,31,87,221,109,112,29,59,162,7.12307692307692,7.67110091743119,6.58973214285714,6.81034482758621,6.96101694915254,7.1820987654321,1
"4",2011,10,6.88351648351648,91,7.34,6.52549019607843,6.38235294117647,7.11428571428571,6.81428571428571,40,51,17,21,70,312,149,163,46,80,232,7.05320512820513,7.58221476510067,6.56963190184049,6.65217391304348,7.00125,7.07112068965517,2
"5",2011,11,7.16666666666667,57,7.65333333333333,6.62592592592593,7.25,6.95,7.26666666666667,30,27,4,18,39,369,179,190,50,98,271,7.07073170731707,7.59413407821229,6.57763157894737,6.7,6.99183673469388,7.09926199261993,3
"6",2011,12,7.1719696969697,66,7.41714285714286,6.89516129032258,6.9,7.325,7.13796296296296,35,31,10,12,54,435,214,221,60,110,325,7.08609195402299,7.56518691588785,6.62217194570136,6.73333333333333,7.02818181818182,7.10569230769231,4
"7",2012,1,6.86451612903226,93,7.38666666666667,6.375,6.46153846153846,6.71428571428571,6.87674418604651,45,48,13,7,86,528,259,269,73,117,411,7.04706439393939,7.53416988416988,6.57806691449814,6.68493150684932,7.00940170940171,7.05778588807786,5
"8",2012,2,6.77578125,64,7.12878787878788,6.4,6.78461538461538,5.92857142857143,7.013,33,31,13,14,50,592,292,300,86,131,461,7.01773648648649,7.48835616438356,6.55966666666667,6.7,6.89389312977099,7.0529284164859,6
"9",2012,3,6.851875,48,7.41318181818182,6.37692307692308,6.20833333333333,5.6,6.99744186046512,22,26,12,5,43,640,314,326,98,136,504,7.005296875,7.48308917197452,6.54509202453988,6.63979591836735,6.84632352941176,7.04819444444445,7
"10",2012,4,6.87966101694915,59,7.20967741935484,6.51428571428571,6.59230769230769,6.5,6.98695652173913,31,28,13,13,46,699,345,354,111,149,550,6.99469241773963,7.45852173913044,6.54265536723164,6.63423423423423,6.81610738255034,7.04307272727273,8
"11",2012,5,7.05208333333333,48,7.58518518518519,6.36666666666667,6.58333333333333,5.95,7.20952380952381,27,21,6,6,42,747,372,375,117,155,592,6.99838018741633,7.46771505376344,6.5328,6.63162393162393,6.78258064516129,7.05488175675676,9
"12",2012,6,6.99322033898305,59,7.775,6.28709677419355,6.42307692307692,6.8125,7.02156862745098,28,31,13,8,51,806,400,406,130,163,643,6.99800248138958,7.489225,6.514039408867,6.61076923076923,6.7840490797546,7.05223950233282,10
"13",2012,7,6.96666666666667,39,7.45238095238095,6.4,6.75,5.5,7.04594594594595,21,18,6,2,37,845,421,424,136,165,680,6.99655621301775,7.48738717339667,6.50919811320755,6.61691176470588,6.76848484848485,7.05189705882353,11
"14",2012,8,6.74206349206349,63,7.00757575757576,6.45,6.33333333333333,6.85416666666667,6.7156862745098,33,30,6,12,51,908,454,454,142,177,731,6.9788986784141,7.45251101321586,6.50528634361233,6.60492957746479,6.77429378531073,7.02844049247606,12
"15",2012,9,7,35,7.32352941176471,6.69444444444444,6.16666666666667,6.9,7.04,17,18,6,10,25,943,471,472,148,187,756,6.97968186638388,7.44785562632696,6.5125,6.58716216216216,6.78101604278075,7.02882275132275,13
"16",2012,10,6.8875,56,7.38461538461539,6.45666666666667,5.88571428571429,6.39,6.99565217391304,26,30,7,10,46,999,497,502,155,197,802,6.97451451451451,7.44454728370221,6.50916334661355,6.55548387096774,6.76116751269036,7.02692019950125,14
"17",2012,11,6.67213114754098,61,7.17592592592593,6.27205882352941,5.7625,6.67916666666667,6.67040816326531,27,34,8,12,49,1060,524,536,163,209,851,6.95711320754717,7.43070610687023,6.49412313432836,6.51656441717791,6.75645933014354,7.00639247943596,15
"18",2012,12,6.71176470588235,68,7.34242424242424,6.11714285714286,6.24,6.51,6.74655172413793,33,35,15,10,58,1128,557,571,178,219,909,6.94232269503546,7.42547576301616,6.47101576182137,6.49325842696629,6.74520547945206,6.98981298129813,16
"19",2013,1,7.01333333333333,72,7.45127659574468,6.19,7,7.5625,6.9035,47,25,7,12,60,1200,604,596,185,231,969,6.94658333333333,7.42748344370861,6.45922818791946,6.51243243243243,6.78766233766234,6.98446852425181,17
"20",2013,2,7.11086956521739,46,7.54545454545455,6.7125,7.375,7.55555555555556,7.0027027027027,22,24,8,9,37,1246,626,620,193,240,1006,6.95264847512039,7.43162939297125,6.46903225806452,6.54818652849741,6.81645833333333,6.98513916500994,18
"21",2013,3,7.25073913043478,46,7.58478260869565,6.91669565217391,6.5784,7.223,7.25657894736842,23,23,10,8,38,1292,649,643,203,248,1044,6.96326160990712,7.43705701078582,6.48504510108865,6.54967487684729,6.82957258064516,6.99501915708812,19
"22",2013,4,6.94901960784314,51,7.4,6.48,6.42307692307692,6.81818181818182,6.985,26,25,13,11,40,1343,675,668,216,259,1084,6.9627207743857,7.43562962962963,6.48485628742515,6.54205555555556,6.8290888030888,6.99464944649447,20
"23",2013,5,6.95612244897959,49,7.6,6.47321428571429,6.25,6.08181818181818,7.20921052631579,21,28,16,11,38,1392,696,696,232,270,1122,6.96248850574713,7.44058908045977,6.48438793103448,6.52191379310345,6.79864444444445,7.00191622103387,21
"24",2013,6,6.8894,45,7.38,6.27615,5.702875,6.90575,6.88780487804878,25,20,8,4,41,1437,721,716,240,274,1163,6.96019972164231,7.43848821081831,6.47857122905028,6.4946125,6.80020802919708,6.99789337919175,22
"25",2013,7,6.61162790697674,43,7,6.12105263157895,6.25714285714286,4.9375,6.99428571428571,24,19,7,8,35,1480,745,735,247,282,1198,6.9500722972973,7.42436241610738,6.46932925170068,6.48788259109312,6.74736524822695,6.99778797996661,23
"26",2013,8,6.77083333333333,48,7.06451612903226,6.23529411764706,6.05555555555556,7.3,6.63157894736842,31,17,9,10,38,1528,776,752,256,292,1236,6.9444417539267,7.40998711340206,6.46403856382979,6.47268359375,6.76629109589041,6.98652912621359,24
"27",2013,9,6.90377358490566,53,7.58636363636364,6.41935483870968,6.21428571428571,7,6.89375,22,31,7,5,48,1581,798,783,263,297,1284,6.94307843137255,7.41484962406015,6.46226947637293,6.46580608365019,6.77022558922559,6.98306074766355,25
"28",2013,10,6.74444444444444,45,6.82,6.65,6.4,6.35714285714286,6.81578947368421,25,20,5,7,38,1626,823,803,268,304,1322,6.93758118081181,7.39678007290401,6.46694520547945,6.46457835820896,6.76071381578948,6.97825264750378,26
"29",2013,11,7.02076923076923,65,7.37857142857143,6.60333333333333,6.86363636363636,7.07692307692308,7.00673076923077,35,30,11,13,52,1691,858,833,279,317,1374,6.94077882909521,7.39603729603729,6.47185714285714,6.48031182795699,6.77368138801262,6.97933042212518,27
"30",2013,12,6.80810810810811,37,7.8,5.965,5.98181818181818,6.75714285714286,6.82,17,20,11,7,30,1728,875,853,290,324,1404,6.9379380787037,7.40388571428571,6.45997303634232,6.46140344827586,6.77332407407408,6.97592592592593,28
"31",2014,1,7.14550724637681,69,7.37357142857143,6.79074074074074,6.94444444444444,7.01,7.16583333333333,42,27,9,9,60,1797,917,880,299,333,1464,6.9459081803005,7.40249727371865,6.47012159090909,6.47594314381271,6.77972072072072,6.98370901639344,29
"32",2014,2,6.59491525423729,59,6.63928571428571,6.55483870967742,6.08947368421053,7.2375,6.49411764705882,28,31,19,8,51,1856,945,911,318,341,1515,6.9347505387931,7.3798835978836,6.47300439077936,6.45285220125786,6.79046041055719,6.96722772277228,30
"33",2014,3,6.52241379310345,29,7.41,5.57142857142857,5.78571428571429,6.66666666666667,6.50576923076923,15,14,7,3,26,1885,960,925,325,344,1541,6.92840689655172,7.38035416666666,6.45935891891892,6.43848307692308,6.78938081395349,6.95944192083063,31
"34",2014,4,6.7,34,7.65,6.18181818181818,6.32666666666667,6,6.79333333333333,12,22,15,4,30,1919,972,947,340,348,1571,6.92436008337676,7.38368312757201,6.45291129883844,6.43355,6.78030747126437,6.95626989178867,32
"35",2014,5,6.66315789473684,38,7.32857142857143,5.84117647058823,5.875,7.25,6.59411764705882,21,17,8,4,34,1957,993,964,348,352,1605,6.9192881962187,7.38251762336354,6.4421234439834,6.42070977011494,6.78564488636364,6.94859813084112,33
"36",2014,6,6.705,40,6.98571428571429,6.39473684210526,6.61111111111111,6.33333333333333,6.77058823529412,21,19,9,6,34,1997,1014,983,357,358,1639,6.91499599399099,7.37429980276134,6.44120752797559,6.42550980392157,6.77806424581006,6.94490543014033,34
"37",2014,7,6.92068965517241,29,7.1125,6.68461538461538,5.66666666666667,6.925,6.92,16,13,3,4,25,2026,1030,996,360,362,1664,6.91507749259625,7.37023300970874,6.44438453815261,6.41918611111111,6.77968784530387,6.94453125,35
"38",2014,8,6.42741935483871,31,7.07142857142857,5.89705882352941,5.16666666666667,7.1875,6.31481481481481,14,17,6,4,27,2057,1044,1013,366,366,1691,6.90772824501702,7.36622605363984,6.4351994076999,6.39865300546448,6.78414480874317,6.93447664104081,36
"39",2014,9,6.71323529411765,34,7.01136363636364,6.16666666666667,5.8,6.6,6.73275862068965,22,12,5,5,29,2091,1066,1025,371,371,1720,6.90456575801052,7.35890243902439,6.4320556097561,6.39058490566038,6.78166307277628,6.93107558139535,37
"40",2014,10,6.93977272727273,44,7.2,6.59736842105263,6.25,7.4375,6.82916666666667,25,19,10,8,36,2135,1091,1044,381,379,1756,6.90529133489461,7.35526122823098,6.43506417624521,6.38689501312336,6.79550659630607,6.92898633257403,38
"41",2014,11,6.24702702702703,37,6.86470588235294,5.722,5.64923076923077,6,6.2769696969697,17,20,13,4,33,2172,1108,1064,394,383,1789,6.89407780847146,7.34773465703971,6.42166071428572,6.36255583756345,6.78719843342037,6.91695919508105,39
"42",2014,12,6.9,34,7.33333333333333,6.4125,6.375,5.75,7.05333333333333,18,16,4,4,30,2206,1126,1080,398,387,1819,6.8941690843155,7.34750444049733,6.421525,6.36268090452261,6.77647803617571,6.91920835623969,40
"43",2015,1,6.38936170212766,47,6.62857142857143,6.19615384615385,6.00666666666667,7.26666666666667,6.2609756097561,21,26,15,6,41,2253,1147,1106,413,393,1860,6.88363826009765,7.33434176111595,6.41622694394214,6.34975060532688,6.78396183206107,6.90469892473118,41
"44",2015,2,6.80714285714286,35,7.41944444444444,6.15882352941177,5.90909090909091,7.52,6.68833333333333,18,17,11,5,30,2288,1165,1123,424,398,1890,6.88246809440559,7.33565665236051,6.4123303650935,6.33831839622642,6.79320854271357,6.90126455026455,42
"45",2015,3,7.18970588235294,34,7.75,6.559375,6.49285714285714,7.41666666666667,7.14107142857143,18,16,7,6,28,2322,1183,1139,431,404,1918,6.88696683893196,7.34196111580727,6.41439596136962,6.3408283062645,6.80246782178218,6.9047653806048,43
"46",2015,4,6.49583333333333,48,6.7625,6.22916666666667,6,6.85714285714286,6.43414634146342,24,24,6,7,41,2370,1207,1163,437,411,1959,6.87904514767933,7.33043910521955,6.41057351676698,6.33614874141876,6.80339902676399,6.89491577335375,44
"47",2015,5,6.79166666666667,36,7.12105263157895,6.42352941176471,6.86363636363636,7.2,6.7258064516129,19,17,11,5,31,2406,1226,1180,448,416,1990,6.87773773898587,7.32719412724306,6.41076016949153,6.34910044642857,6.80816586538462,6.89228140703518,45
"48",2015,6,6.45645161290323,31,6.92307692307692,6.11944444444444,5.42857142857143,7.28571428571429,6.21458333333333,13,18,7,7,24,2437,1239,1198,455,423,2014,6.87237874435782,7.32295399515738,6.40638313856427,6.33493846153846,6.81606855791962,6.88420556107249,46
"49",2015,7,6.70769230769231,39,7.065,6.33157894736842,6.61818181818182,7.27777777777778,6.53666666666667,20,19,11,9,30,2476,1259,1217,466,432,2044,6.86978473344103,7.31885623510722,6.40521528348398,6.34162446351931,6.8256875,6.87910469667319,47
"50",2015,8,6.97692307692308,39,7.49090909090909,6.31176470588235,6.03333333333333,6.61111111111111,7.08666666666667,22,17,9,9,30,2515,1281,1234,475,441,2074,6.87144612326044,7.32181108508977,6.40392787682334,6.33578315789474,6.82130839002268,6.88210703953713,48
"51",2015,9,6.65,26,7.395,6.184375,6.67857142857143,6.5,6.6625,10,16,7,2,24,2541,1291,1250,482,443,2098,6.86918024399843,7.32237800154918,6.4011176,6.34076141078838,6.81985778781038,6.87959485224023,49
"52",2015,10,6.56486486486487,37,6.41176470588235,6.695,6.68461538461538,6.7,6.51481481481482,17,20,13,10,27,2578,1308,1270,495,453,2125,6.8648126454616,7.31054281345565,6.40574566929134,6.34979191919192,6.8172119205298,6.87496,50
"53",2015,11,6.81756756756757,37,7.28947368421053,6.31944444444444,6.125,7.16666666666667,6.75,19,18,10,6,31,2615,1327,1288,505,459,2156,6.86414416826004,7.31024114544084,6.40453959627329,6.34534059405941,6.82177995642702,6.87316326530612,51
"54",2015,12,6.57096774193548,31,6.79411764705882,6.3,6.2,6.75,6.50869565217391,17,14,6,8,23,2646,1344,1302,511,467,2179,6.86070937263794,7.30371279761904,6.40341551459294,6.34363405088063,6.82055032119914,6.86931620009179,52
"55",2016,1,6.56944444444444,36,7.21052631578947,5.85294117647059,5.375,7.14285714285714,6.43103448275862,19,17,8,7,29,2682,1363,1319,519,474,2208,6.85679977628635,7.30241379310344,6.39632069749811,6.32870327552987,6.82531012658228,6.8635597826087,53
"56",2016,2,7.17647058823529,17,7.85,6.21428571428571,6.66666666666667,7.6,7,10,7,3,5,12,2699,1373,1326,522,479,2220,6.85881326417192,7.30640203932993,6.39535972850679,6.33064559386973,6.83339665970773,6.8642972972973,54
"57",2016,3,6.46857142857143,35,7.05882352941176,5.91111111111111,6.09,6.41666666666667,6.47931034482759,17,18,10,6,29,2734,1390,1344,532,485,2249,6.8538174835406,7.30337410071942,6.38887425595238,6.32612218045113,6.8282412371134,6.85933303690529,55
"58",2016,4,6.96666666666667,30,7.41666666666667,6.66666666666667,6.9,6.4,7.08,12,18,10,5,25,2764,1402,1362,542,490,2274,6.85504232995659,7.30434379457917,6.39254552129222,6.33671033210332,6.82387142857143,6.86175901495163,56
"59",2016,5,6.92,40,7.28947368421053,6.58571428571429,6.0625,7.71428571428571,6.75151515151515,19,21,8,7,33,2804,1421,1383,550,497,2307,6.85596897289586,7.30414496833216,6.39547866955893,6.33272181818182,6.8364124748491,6.86018205461639,57
"60",2016,6,6.88709677419355,31,7.47368421052632,5.95833333333333,5.92857142857143,6.8,6.90384615384615,19,12,7,5,26,2835,1440,1395,557,502,2333,6.85630934744268,7.30638194444444,6.39171827956989,6.32764272890485,6.83604980079681,6.86066866695242,58
"61",2016,7,6.46666666666667,30,7.5,5.5625,5.55,5.41666666666667,6.72916666666667,14,16,10,6,24,2865,1454,1411,567,508,2357,6.85222931937173,7.3082462173315,6.38231537916371,6.31392768959436,6.81928543307087,6.85932965634281,59
"62",2016,8,5.90882352941177,17,6.74444444444444,4.96875,5.9375,4.5,6.09666666666667,9,8,4,2,15,2882,1463,1419,571,510,2372,6.84666446911867,7.30477785372522,6.37434601832276,6.31129071803853,6.81019019607843,6.85450674536256,60
"63",2016,9,6.57037037037037,27,6.78823529411765,6.2,6.33333333333333,7.5,6.496,17,10,6,2,25,2909,1480,1429,577,512,2397,6.84410003437608,7.29884459459459,6.37312596221134,6.31151993067591,6.812884765625,6.85076762619942,61
"64",2016,10,6.59393939393939,33,6.9,6.26875,6.39090909090909,6.375,6.62413793103448,17,16,11,4,29,2942,1497,1445,588,516,2426,6.84129401767505,7.29431529726119,6.37197024221453,6.31300510204082,6.80949031007752,6.84805853256389,62
"65",2016,11,6.834375,32,6.9375,6.73125,6.72,6,6.98888888888889,16,16,10,5,27,2974,1513,1461,598,521,2453,6.84121956960323,7.29054196959682,6.37590485968515,6.3198110367893,6.8017216890595,6.8496086424786,63
"66",2016,12,6.58714285714286,35,6.9125,6.15333333333333,5.88888888888889,7.60714285714286,6.33214285714286,20,15,9,7,28,3009,1533,1476,607,528,2481,6.83826420737787,7.28560991519895,6.37364295392954,6.31342174629324,6.81239962121212,6.84376864167674,64
"67",2017,1,6.75333333333333,45,7.27272727272727,6.25652173913043,6.12142857142857,7.57142857142857,6.60263157894737,22,23,14,7,38,3054,1555,1499,621,535,2519,6.83701277013753,7.28542765273312,6.37184589726484,6.30909339774557,6.8223308411215,6.84013100436681,65
"68",2017,2,6.66451612903226,31,6.96666666666667,6.24615384615385,6.28571428571429,7.12857142857143,6.52916666666667,18,13,7,7,24,3085,1573,1512,628,542,2543,6.83527941653161,7.28178003814367,6.37076521164021,6.30883280254777,6.82628597785978,6.83719622493118,66
"69",2017,3,6.63333333333333,24,7.04,5.95555555555556,4.53333333333333,6.4,6.68,15,9,3,4,20,3109,1588,1521,631,546,2563,6.83372048890319,7.27949622166247,6.36830834976989,6.30039144215531,6.82316300366301,6.83596956691377,67
"70",2017,4,6.64,25,7.25,6.07692307692308,5.85714285714286,8.125,6.35714285714286,12,13,7,4,21,3134,1600,1534,638,550,2584,6.83217517549458,7.279275,6.36583898305085,6.29552821316614,6.83263090909091,6.83207817337461,68
"71",2017,5,6.67666666666667,30,7.35294117647059,5.79230769230769,5.91666666666667,7,6.64074074074074,17,13,6,3,27,3164,1617,1547,644,553,2611,6.83070069532238,7.28004947433519,6.36101939237233,6.29199844720497,6.83353887884268,6.83009957870548,69
"72",2017,6,6.97727272727273,22,7.26923076923077,6.55555555555556,6.875,7.33333333333333,6.92105263157895,13,9,4,3,19,3186,1630,1556,648,556,2630,6.83171280602637,7.27996319018405,6.36214460154242,6.29559722222222,6.8362356115108,6.8307566539924,70
"73",2017,7,7.00454545454545,22,8.01,6.16666666666667,7.25,8.25,6.72777777777778,10,12,4,4,18,3208,1640,1568,652,560,2648,6.83289806733167,7.28441463414634,6.36064859693878,6.30145245398773,6.84633392857143,6.83005664652568,71
"74",2017,8,6.64516129032258,31,7.42857142857143,6,6,6.92857142857143,6.5625,14,17,5,7,24,3239,1654,1585,657,567,2672,6.83110126582279,7.28563482466747,6.35678044164038,6.29915829528158,6.84734920634921,6.82765344311377,72
"75",2017,9,6.75714285714286,28,6.81666666666667,6.65,6.125,4.83333333333333,6.988,18,10,4,3,25,3267,1672,1595,661,570,2697,6.83046740128558,7.28058612440191,6.35861880877743,6.29810438729198,6.83674912280702,6.82913978494624,73
"76",2017,10,6.904,25,7.35714285714286,6.32727272727273,5.5,7.75,6.74285714285714,14,11,3,4,21,3292,1686,1606,664,574,2718,6.83102582017011,7.28122182680901,6.35840410958904,6.2944984939759,6.84311324041812,6.82847314201619,74
"77",2017,11,6.68333333333333,24,7,6.24,6.1,6.5,6.7,14,10,4,2,22,3316,1700,1616,668,576,2740,6.82995687575392,7.27890588235294,6.35767141089109,6.29333383233533,6.841921875,6.82744160583942,75
"78",2017,12,6.28791666666667,24,6.94636363636364,5.73076923076923,6,6,6.3004347826087,11,13,5,1,23,3340,1711,1629,673,577,2763,6.8260619760479,7.27676797194623,6.35266850828729,6.29115453194651,6.84046273830156,6.82305465074195,76
"79",2018,1,6.57853658536585,41,7.336,5.85714285714286,5.625,6.5625,6.58242424242424,20,21,12,8,33,3381,1731,1650,685,585,2796,6.82306033717835,7.27745233968804,6.34636181818182,6.27948467153285,6.83666153846154,6.82021459227468,77
"80",2018,2,6.875,22,7.32142857142857,6.09375,6,6.75,6.8875,14,8,2,2,20,3403,1745,1658,687,587,2816,6.82339612106965,7.27780515759312,6.34514294330519,6.27867103347889,6.83636626916525,6.82069247159091,78
"81",2018,3,6.9696,25,7.48142857142857,6.31818181818182,6.07142857142857,6.6,7.062,14,11,7,5,20,3428,1759,1669,694,592,2836,6.82446236872812,7.27942581011938,6.34496524865189,6.27658069164265,6.83436993243244,6.82239421720733,79
"82",2018,4,6.66666666666667,18,7.18181818181818,5.85714285714286,6.66666666666667,5,6.76470588235294,11,7,3,1,17,3446,1770,1676,697,593,2853,6.82363813116657,7.27881920903955,6.34292780429594,6.27825968436155,6.8312765598651,6.82205047318612,80
"83",2018,5,6.2,10,6.4,6,4,NA,6.2,5,5,1,0,10,3456,1775,1681,698,593,2863,6.82183362268519,7.27634366197183,6.34190779298037,6.27499570200573,6.8312765598651,6.81987775061125,81
"84",2018,6,6.46833333333333,12,7.07142857142857,5.624,6.06,4.56,6.85,7,5,2,2,10,3468,1782,1686,700,595,2873,6.82061043829297,7.27553872053872,6.3397787663108,6.27438142857143,6.82364201680673,6.81998259658893,82
"85",2018,7,6.23333333333333,15,6.83333333333333,5.83333333333333,5.2,5,6.42307692307692,6,9,5,2,13,3483,1788,1695,705,597,2886,6.81808125179443,7.2740548098434,6.33708967551622,6.26676170212766,6.81753266331659,6.81819473319473,83
"86",2018,8,6.6,15,7.25,5.85714285714286,6,7.75,6.18181818181818,8,7,4,4,11,3498,1796,1702,709,601,2897,6.81714608347627,7.27394766146993,6.33511574618096,6.26525669957687,6.82373876871881,6.81577839143942,84
"87",2018,9,6.21052631578947,19,6.375,6.09090909090909,6.8,7,6.16666666666667,8,11,5,1,18,3517,1804,1713,714,602,2915,6.81386892237703,7.26996119733924,6.33354757734968,6.26900140056022,6.8240315614618,6.81177015437393,85
"88",2018,10,6.62777777777778,27,6.83529411764706,6.275,6,6.95,6.55454545454545,17,10,3,5,22,3544,1821,1723,717,607,2937,6.81245118510158,7.2659033498078,6.33320777713291,6.26787587168759,6.82506919275124,6.80984337759619,86
"89",2018,11,6.95,16,7.41428571428571,6.58888888888889,6.46,7.76,6.58181818181818,7,9,5,5,11,3560,1828,1732,722,612,2948,6.81306938202247,7.2664715536105,6.33453637413395,6.26920637119113,6.83270751633987,6.80899253731343,87
"90",2018,12,7.2375,20,7.70363636363636,6.66777777777778,6.375,7.33333333333333,7.22058823529412,11,9,4,3,17,3580,1839,1741,726,615,2965,6.8154405027933,7.26908646003262,6.33625904652499,6.26978925619835,6.83514959349594,6.81135244519393,88
"91",2019,1,6.59677419354839,31,6.88461538461539,6.38888888888889,6.35,5,6.70689655172414,13,18,10,2,29,3611,1852,1759,736,617,2994,6.81356327887012,7.26638768898488,6.3367976122797,6.27087907608696,6.82920097244733,6.81034068136273,89
"92",2019,2,6.95294117647059,17,7.2,6.6,6.44,7.34,6.79166666666667,10,7,5,5,12,3628,1862,1766,741,622,3006,6.81421637265711,7.26603114930182,6.33784088335221,6.27202024291498,6.83330707395499,6.81026613439787,90
"93",2019,3,6.69047619047619,21,7.45454545454545,5.85,5.6,5.625,6.94117647058824,11,10,5,4,17,3649,1873,1776,746,626,3023,6.81350424773911,7.26713828083289,6.33509403153153,6.26751608579088,6.82558626198083,6.81100231558055,91
"94",2019,4,6.18657894736842,19,6.818125,5.72727272727273,5.41666666666667,6.5,6.103,8,11,6,4,15,3668,1881,1787,752,630,3038,6.81025681570338,7.26522860180755,6.33135254616676,6.26072739361702,6.82351904761905,6.80750658327847,92
"95",2019,5,6.19230769230769,26,6.5,5.92857142857143,5.66666666666667,5.83333333333333,6.38235294117647,12,14,9,9,17,3694,1893,1801,761,639,3055,6.80590741743368,7.26037770734284,6.3282215435869,6.25370170827858,6.80957276995306,6.80514075286416,93
"96",2019,6,6.54285714285714,14,7.83333333333333,5.575,4.66666666666667,NA,6.54285714285714,6,8,3,0,14,3708,1899,1809,764,639,3069,6.8049142394822,7.26218799368088,6.32489054726368,6.24746989528796,6.80957276995306,6.80394428152493,94
"97",2019,7,6.6,15,7.33333333333333,5.5,5.25,NA,6.6,9,6,4,0,15,3723,1908,1815,768,639,3084,6.804088638195,7.26252358490566,6.32216363636364,6.24227473958333,6.80957276995306,6.80295233463035,95
"98",2019,8,7.05882352941176,17,7.05,7.07142857142857,7.16666666666667,7.5,6.92307692307692,10,7,3,4,13,3740,1918,1822,771,643,3097,6.80524652406417,7.26141553701772,6.32504226125137,6.24587159533074,6.81386780715397,6.80345657087504,96
"99",2019,9,6.88,15,7.3,6.25,6.66666666666667,9,6.72857142857143,9,6,3,1,14,3755,1927,1828,774,644,3111,6.80554513981358,7.26159574468085,6.32479595185996,6.24750258397933,6.81726242236025,6.80311957569913,97
"100",2019,10,6.915,20,7.11111111111111,6.75454545454545,6.58333333333333,7.325,6.8125,9,11,6,4,16,3775,1936,1839,780,648,3127,6.80612503311258,7.26089617768595,6.32736650353453,6.2500858974359,6.82039660493828,6.80316757275344,98
"101",2019,11,7.40714285714286,14,8.35555555555556,5.7,5.75,NA,7.40714285714286,9,5,2,0,14,3789,1945,1844,782,648,3141,6.80834573766165,7.26596143958869,6.32566540130152,6.24880690537084,6.82039660493828,6.80585959885387,99
"102",2019,12,6.51739130434783,23,7.025,5.96363636363636,5.9375,7.25,6.44761904761905,12,11,8,2,21,3812,1957,1855,790,650,3162,6.80659024134313,7.26448390393459,6.32351859838275,6.24565443037975,6.82171846153847,6.80348039215686,100
"103",2020,1,6.5516,25,6.99833333333333,5.40285714285714,4.33333333333333,6.5,6.55608695652174,18,7,3,2,23,3837,1975,1862,793,652,3185,6.80492885066458,7.2620582278481,6.3200574650913,6.23841992433796,6.82073159509203,6.80169387755102,101
"104",2020,2,6.39565217391304,23,6.85,5.9,6.14,NA,6.39565217391304,12,11,5,0,23,3860,1987,1873,798,652,3208,6.80249015544042,7.25956970306995,6.31759049652963,6.23780325814536,6.82073159509203,6.79878273067332,102
"105",2020,3,6.90869565217391,23,7.06666666666667,6.6125,6.85,6.875,6.91578947368421,15,8,4,4,19,3883,2002,1881,802,656,3227,6.80311923770281,7.25812437562437,6.31884476342371,6.2408566084788,6.8210625,6.79947164549117,103
"106",2020,4,6.175,20,7.3375,5.4,5.06,5.5,6.34375,8,12,5,4,16,3903,2010,1893,807,660,3243,6.79990058929029,7.25844029850746,6.31302007395668,6.23354027261462,6.81305606060606,6.79722325007709,104
"107",2020,5,7.0661325,16,7.882265,6.25,6.16666666666667,7.45,7.01129428571429,8,8,3,2,14,3919,2018,1901,810,662,3257,6.80098752743047,7.26091333994053,6.31275486586007,6.23329259259259,6.81498036253777,6.79814342032545,105
"108",2020,6,6.45454545454545,11,7.28571428571429,5,5,5.25,6.72222222222222,7,4,2,2,9,3930,2025,1905,812,664,3266,6.80001784223919,7.26099907160494,6.30999842519685,6.23025492610837,6.81026656626506,6.79793420698102,106
"109",2020,7,6.21428571428571,7,6.625,5.66666666666667,6,NA,6.21428571428571,4,3,1,0,7,3937,2029,1908,813,664,3273,6.79897640843282,7.25974525381961,6.30898689727463,6.2299717097171,6.81026656626506,6.79668595172625,107
"110",2020,8,7.4,13,8,6.05,5,8,7.22,9,4,1,3,10,3950,2038,1912,814,667,3283,6.8009544607595,7.26301428851815,6.30844508368201,6.22846068796069,6.81561769115443,6.79797536399635,108
"111",2020,9,6.81666666666667,12,6.58888888888889,7.5,NA,8.8,6.63636363636364,9,3,0,1,11,3962,2047,1915,814,668,3294,6.80100204946997,7.26005037616023,6.31031174934726,6.22846068796069,6.8185883233533,6.79743567698847,109
"112",2020,10,7.03,10,7.52,6.54,5.35,NA,7.03,5,5,2,0,10,3972,2052,1920,816,668,3304,6.80157858006042,7.26068378167641,6.31090989583333,6.22630759803921,6.8185883233533,6.79813956416465,110
"113",2020,11,6.34583333333333,24,6.72,5.72222222222222,5.625,5,6.40434782608696,15,9,4,1,23,3996,2067,1929,820,669,3327,6.79884137137137,7.25676009675859,6.3081632970451,6.2233743902439,6.81586995515695,6.7954172287346,111
"114",2020,12,6.90909090909091,11,7.1875,6.16666666666667,6,5,7.1,8,3,1,1,10,4007,2075,1932,821,670,3337,6.79914402795109,7.25649306987952,6.30794358178054,6.22310231425091,6.81315970149254,6.79632997302967,112
"115",2021,1,6.99047619047619,21,7.14285714285714,6.68571428571429,6.325,7,6.99,14,7,4,1,20,4028,2089,1939,825,671,3357,6.80014153922542,7.25573150789851,6.30930737493553,6.22359636363636,6.81343815201193,6.79748380101281,113
"116",2021,2,6.88636363636364,11,7.32142857142857,6.125,5.75,6.8125,6.92857142857143,7,4,2,4,7,4039,2096,1943,827,675,3364,6.80037636048527,7.25595091603053,6.30892794647452,6.22245102781137,6.8134325925926,6.79775657550535,114
"117",2021,3,7.0584,20,7.43846153846154,6.35257142857143,6.41133333333333,6.942,7.0875,13,7,6,4,16,4059,2109,1950,833,679,3380,6.8016477260409,7.25707592223803,6.30908461538462,6.22381152460984,6.81418998527246,6.79912814201184,115
"118",2021,4,7.43684210526316,19,7.48461538461538,7.33333333333333,6,8.2,7.29375,13,6,3,3,16,4078,2122,1956,836,682,3396,6.80460718979892,7.25846989632422,6.31222648261759,6.22300837320574,6.82028592375367,6.80145851590106,116
"119",2021,5,7.505,20,7.90666666666667,6.3,6.5,8,7.41764705882353,15,5,1,3,17,4098,2137,1961,837,685,3413,6.80802540751586,7.26301970987365,6.31219530851606,6.22333930704898,6.82545255474453,6.80452772341049,117
"120",2021,6,6.84615384615385,13,7.25,6.2,7,8,6.63636363636364,8,5,2,2,11,4111,2145,1966,839,687,3424,6.80814597908052,7.26297115151515,6.31190996948118,6.22519070321812,6.82887190684134,6.80398747663552,118
"121",2021,7,7.3,11,7.2875,7.33333333333333,8,7.4,7.27777777777778,8,3,1,2,9,4122,2153,1969,840,689,3433,6.80945854439593,7.26306229447283,6.31346622651092,6.22730357142857,6.83052975326561,6.80522957180309,119
"122",2021,8,7.45454545454545,11,7.375,7.66666666666667,7,7,7.5,8,3,1,1,10,4133,2161,1972,841,690,3443,6.81117544640697,7.26347668671911,6.31552484787018,6.22822235434007,6.83077536231885,6.807247493465,120
"123",2021,9,6.62307692307692,13,7.44285714285714,5.66666666666667,6,7.3,6.5,7,6,1,2,11,4146,2168,1978,842,692,3454,6.81058565364207,7.26405586715867,6.31355662285137,6.2279513064133,6.83213150289018,6.80626899826289,121
"124",2021,10,6.5,11,6.625,6.16666666666667,6.5,4,6.75,8,3,1,1,10,4157,2176,1981,843,693,3464,6.8097638008179,7.26170639705882,6.31333417465926,6.22827402135231,6.82804473304474,6.80610655889146,122
"125",2021,11,6.68695652173913,23,6.88666666666667,6.3125,7,7,6.65714285714286,15,8,1,2,21,4180,2191,1989,844,695,3485,6.80908806698565,7.25913880419899,6.31333081950729,6.22918838862559,6.82853956834533,6.80520892969871,123
"126",2021,12,7.04860260869565,23,7.35111625,6.35714285714286,6.25,9,6.95990272727273,16,7,4,1,22,4203,2207,1996,848,696,3507,6.81039875802998,7.25980560942456,6.31348446893788,6.22928655660377,6.83165948275863,6.80617934987169,124
"127",2022,1,6.7047619047619,21,7.025,6.27777777777778,6.35714285714286,6.75,6.7,12,9,7,2,19,4224,2219,2005,855,698,3526,6.80987357481061,7.258535817936,6.31332418952618,6.23033333333333,6.83142550143267,6.80560719795803,125
"128",2022,2,7.13125,16,8.0625,6.2,5.96666666666667,7.75,7.04285714285714,8,8,3,2,14,4240,2227,2013,858,700,3540,6.81108631603774,7.26142387965873,6.3128738201689,6.22941142191142,6.83405,6.80654547457627,126
"129",2022,3,6.58181818181818,22,7.68,5.66666666666667,5.66666666666667,7.83333333333333,6.38421052631579,10,12,3,3,19,4262,2237,2025,861,703,3559,6.80990285781323,7.26329502905677,6.30904444444444,6.2274506387921,6.83831436699858,6.80429080640629,127
"130",2022,4,6.75,16,7.1,6.16666666666667,5.66666666666667,5,6.86666666666667,10,6,3,1,15,4278,2247,2031,864,704,3574,6.8096788172043,7.26256830440587,6.30862383062531,6.22550347222222,6.83570312500001,6.8045525965305,128
"131",2022,5,6.75,16,7.375,6.125,6.5,6.5,6.80769230769231,8,8,4,3,13,4294,2255,2039,868,707,3587,6.80945644620401,7.26296717516629,6.30790338401177,6.22676843317972,6.83427864214993,6.80456397546696,129
"132",2022,6,6.025,12,6.07142857142857,5.96,5.26666666666667,6,6.03,7,5,3,2,10,4306,2262,2044,871,709,3597,6.80727031583836,7.25927983200707,6.30705234833659,6.22346153846154,6.83192524682652,6.80241061440089,130
"133",2022,7,7.22,10,7.7,6.5,6,8.66666666666667,6.6,6,4,3,3,7,4316,2268,2048,874,712,3604,6.80822659406858,7.26044575837742,6.30742919921875,6.22269450800915,6.83965589887641,6.80201747502775,131
"134",2022,8,7.4,10,7.83333333333333,6.75,NA,8,7.25,6,4,0,2,8,4326,2274,2052,874,714,3612,6.80959453999075,7.26195733509235,6.30829191033138,6.22269450800915,6.84290616246499,6.80300968438538,132
"135",2022,9,7.04,10,7.38,6.7,6,NA,7.04,5,5,2,0,10,4336,2279,2057,876,714,3622,6.81012591789668,7.26221631417288,6.30924404472533,6.22218607305936,6.84290616246499,6.80366399226946,133
"136",2022,10,6.42222222222222,9,6.85,3,3,6,6.475,8,1,1,1,8,4345,2287,2058,877,715,3630,6.80932243498274,7.2607743681679,6.30763605442177,6.21851197263398,6.84172727272728,6.80293966391185,134
"137",2022,11,6.52,10,7.7,4.75,6,5.75,7.03333333333333,6,4,2,4,6,4355,2293,2062,879,719,3636,6.80865808955224,7.26192367204535,6.30461445198836,6.21801478953356,6.83565368567455,6.80331985148515,135
"138",2022,12,6.54117647058824,17,7.1,5.2,3.5,3.5,6.94666666666667,12,5,2,2,15,4372,2305,2067,881,721,3651,6.80761801921317,7.26108068546638,6.30194242864054,6.21184449489217,6.82640083217754,6.8039087866338,136
