"","year","month","avg_rating","no_ratings","avg_rating_owned","avg_rating_not_owned","avg_rating_prev_owned","avg_rating_comment","avg_rating_no_comment","no_ratings_owned","no_ratings_not_owned","no_ratings_prev_owned","no_ratings_comment","no_ratings_no_comment","cum_no_ratings","cum_no_ratings_owned","cum_no_ratings_not_owned","cum_no_ratings_prev_owned","cum_no_ratings_comment","cum_no_ratings_no_comment","cum_avg_rating","cum_avg_rating_owned","cum_avg_rating_not_owned","cum_avg_rating_prev_owned","cum_avg_rating_comment","cum_avg_rating_no_comment","month_after_release"
"1",2004,4,8.5,5,8.375,9,NA,8.5,8.5,4,1,0,3,2,5,4,1,0,3,2,8.5,8.375,9,NA,8.5,8.5,0
"2",2004,5,8.22727272727273,11,8.58333333333333,7.8,NA,8.66666666666667,7.7,6,5,0,6,5,16,10,6,0,9,7,8.3125,8.5,8,NA,8.61111111111111,7.92857142857143,1
"3",2004,6,8.540625,16,8.93333333333333,8.03571428571429,7,8.375,8.64,9,7,1,6,10,32,19,13,1,15,17,8.4265625,8.70526315789474,8.01923076923077,7,8.51666666666667,8.34705882352941,2
"4",2004,7,7,16,8.33333333333333,6.2,NA,6.86363636363636,7.3,6,10,0,11,5,48,25,23,1,26,22,7.95104166666667,8.616,7.22826086956522,7,7.81730769230769,8.10909090909091,3
"5",2004,8,7.46296296296296,27,8.22727272727273,6.9375,8,7.19230769230769,7.71428571428571,11,16,2,13,14,75,36,39,3,39,36,7.77533333333333,8.49722222222222,7.10897435897436,7.66666666666667,7.60897435897436,7.95555555555555,4
"6",2004,9,7.95,20,7.96153846153846,7.92857142857143,9,7.95454545454545,7.94444444444444,13,7,1,11,9,95,49,46,4,50,45,7.81210526315789,8.35510204081633,7.23369565217391,8,7.685,7.95333333333333,5
"7",2004,10,7.60869565217391,23,8,6.875,6,8.09090909090909,7.16666666666667,15,8,3,11,12,118,64,54,7,61,57,7.77245762711864,8.271875,7.18055555555556,7.14285714285714,7.75819672131148,7.78771929824561,6
"8",2004,11,7.71428571428571,14,8.35,6.125,8,8,7.42857142857143,10,4,1,7,7,132,74,58,8,68,64,7.76628787878788,8.28243243243243,7.10775862068965,7.25,7.78308823529412,7.7484375,7
"9",2004,12,7.61538461538461,13,8.2,5.66666666666667,NA,7.22222222222222,8.5,10,3,0,9,4,145,84,61,8,77,68,7.75275862068966,8.27261904761905,7.03688524590164,7.25,7.71753246753247,7.79264705882353,8
"10",2005,1,7.30769230769231,26,7.92857142857143,6.58333333333333,NA,7.11111111111111,7.41176470588235,14,12,0,9,17,171,98,73,8,86,85,7.68508771929825,8.2234693877551,6.96232876712329,7.25,7.65406976744186,7.71647058823529,9
"11",2005,2,7.665,20,7.88461538461539,7.25714285714286,NA,7.7,7.65333333333333,13,7,0,5,15,191,111,80,8,91,100,7.68298429319372,8.18378378378378,6.988125,7.25,7.65659340659341,7.707,10
"12",2005,3,7.55882352941176,17,8.1,6.78571428571429,6,7.75,7.38888888888889,10,7,1,8,9,208,121,87,9,99,109,7.67283653846154,8.17685950413223,6.97183908045977,7.11111111111111,7.66414141414141,7.68073394495413,11
"13",2005,4,7.52083333333333,24,7.95833333333333,7.08333333333333,7.33333333333333,7.58333333333333,7.45833333333333,12,12,3,12,12,232,133,99,12,111,121,7.65711206896552,8.15714285714286,6.98535353535353,7.16666666666667,7.65540540540541,7.65867768595041,12
"14",2005,5,7.82857142857143,21,8.34,7.36363636363636,7.5,8.16,7.52727272727273,10,11,2,10,11,253,143,110,14,121,132,7.67134387351779,8.16993006993007,7.02318181818182,7.21428571428571,7.69710743801653,7.64772727272727,13
"15",2005,6,7.95454545454545,22,8.35294117647059,6.6,7,8.3,7.66666666666667,17,5,2,10,12,275,160,115,16,131,144,7.694,8.189375,7.00478260869565,7.1875,7.74312977099237,7.64930555555556,14
"16",2005,7,7.8125,16,7.80769230769231,7.83333333333333,NA,8,7.5,13,3,0,10,6,291,173,118,16,141,150,7.70051546391753,8.1606936416185,7.02584745762712,7.1875,7.7613475177305,7.64333333333333,15
"17",2005,8,7.4,20,8.45,6.35,7,7.33333333333333,7.45454545454545,10,10,3,9,11,311,183,128,19,150,161,7.68118971061093,8.17650273224044,6.973046875,7.15789473684211,7.73566666666667,7.6304347826087,16
"18",2005,9,7.83620689655172,29,8.06578947368421,7.4,8.66666666666667,7.84375,7.83333333333333,19,10,3,8,21,340,202,138,22,158,182,7.69441176470588,8.16608910891089,7.00398550724638,7.36363636363636,7.74113924050633,7.65384615384615,17
"19",2005,10,7.56578947368421,19,7.89583333333333,7,7.75,7.45833333333333,7.61538461538461,12,7,4,6,13,359,214,145,26,164,195,7.68760445682451,8.15093457943925,7.00379310344828,7.42307692307692,7.73079268292683,7.65128205128205,18
"20",2005,11,7.38636363636364,22,7.625,6.75,NA,7.41666666666667,7.375,16,6,0,6,16,381,230,151,26,170,211,7.67020997375328,8.11434782608696,6.99370860927152,7.42307692307692,7.71970588235294,7.6303317535545,19
"21",2005,12,7.3875,20,7.55,6.9,8,6.5,7.76785714285714,15,5,2,6,14,401,245,156,28,176,225,7.65610972568579,8.07979591836735,6.99070512820513,7.46428571428571,7.678125,7.63888888888889,20
"22",2006,1,7.32857142857143,35,7.85714285714286,6.53571428571429,7.33333333333333,7.53333333333333,7.175,21,14,3,15,20,436,266,170,31,191,245,7.62981651376147,8.06221804511278,6.95323529411765,7.45161290322581,7.66675392670157,7.60102040816327,21
"23",2006,2,7.671875,16,8.18181818181818,6.55,7,7.67857142857143,7.66666666666667,11,5,1,7,9,452,277,175,32,198,254,7.63130530973451,8.06696750902527,6.94171428571429,7.4375,7.66717171717172,7.60334645669291,22
"24",2006,3,7.23809523809524,21,7.82142857142857,6.07142857142857,NA,6.90909090909091,7.6,14,7,0,11,10,473,291,182,32,209,264,7.61384778012685,8.05515463917526,6.90824175824176,7.4375,7.62727272727273,7.6032196969697,23
"25",2006,4,7.31052631578947,19,7.45,7.15555555555556,6.5,7.73333333333333,7.11538461538461,10,9,2,6,13,492,301,191,34,215,277,7.60213414634146,8.03504983388704,6.91989528795812,7.38235294117647,7.63023255813953,7.58032490974729,24
"26",2006,5,7.69230769230769,26,8.14285714285714,7.16666666666667,7,6.78571428571429,8.02631578947368,14,12,3,7,19,518,315,203,37,222,296,7.60666023166023,8.03984126984127,6.93448275862069,7.35135135135135,7.6036036036036,7.6089527027027,25
"27",2006,6,7.58695652173913,23,7.93333333333333,6.9375,7,7.42857142857143,7.65625,15,8,1,7,16,541,330,211,38,229,312,7.60582255083179,8.035,6.9345971563981,7.34210526315789,7.59825327510917,7.61137820512821,26
"28",2006,7,7.545,20,7.84285714285714,6.85,7.5,7.34285714285714,7.65384615384615,14,6,1,7,13,561,344,217,39,236,325,7.60365418894831,8.02718023255814,6.93225806451613,7.34615384615385,7.59067796610169,7.61307692307692,27
"29",2006,8,7.5925,20,7.88636363636364,7.23333333333333,7.36666666666667,7.71666666666667,7.40625,11,9,3,12,8,581,355,226,42,248,333,7.60327022375215,8.02281690140845,6.94424778761062,7.34761904761905,7.59677419354839,7.60810810810811,28
"30",2006,9,7.31021052631579,19,7.76175,6.98181818181818,7,7.5194,7.07777777777778,8,11,2,10,9,600,363,237,44,258,342,7.59399,8.01706336088155,6.94599156118143,7.33181818181818,7.59377519379845,7.59415204678363,29
"31",2006,10,8.03846153846154,26,8.5,7.5,8,8.23333333333333,7.77272727272727,14,12,1,15,11,626,377,249,45,273,353,7.61245047923323,8.03499734748011,6.97269076305221,7.34666666666667,7.62891575091575,7.59971671388102,30
"32",2006,11,6.93266666666667,30,7.70444444444444,5.775,7.5,6.54166666666667,7.19333333333333,18,12,2,12,18,656,395,261,47,285,371,7.58136280487805,8.01993417721519,6.9176245210728,7.3531914893617,7.58313684210526,7.58,31
"33",2006,12,7.321875,32,7.87142857142857,6.27272727272727,7.5,7.8,7.10454545454545,21,11,3,10,22,688,416,272,50,295,393,7.56929360465116,8.0124375,6.89154411764706,7.362,7.59048813559322,7.55338422391857,32
"34",2007,1,7.38,40,7.72380952380952,7,7,7.25,7.42333333333333,21,19,2,10,30,728,437,291,52,305,423,7.55889285714286,7.99856750572083,6.89862542955326,7.34807692307692,7.57932459016393,7.54416075650118,33
"35",2007,2,7.40597518518519,27,8.17727272727273,6.875708125,6,7.6875,7.28743842105263,11,16,2,8,19,755,448,307,54,313,442,7.5534242781457,8.00295535714286,6.89743104234528,7.29814814814815,7.58208945686901,7.53312518099547,34
"36",2007,3,7.35,29,7.98333333333333,6.90294117647059,7.15,7.30714285714286,7.39,12,17,6,14,15,784,460,324,60,327,457,7.54589965561224,8.00244347826087,6.89772015432099,7.28333333333333,7.57031804281346,7.52842741794311,35
"37",2007,4,7.09642857142857,28,7.34615384615385,6.88,8,7.15384615384615,7.04666666666667,13,15,1,13,15,812,473,339,61,340,472,7.53040065270936,7.98440591966173,6.89693607669616,7.29508196721311,7.55439411764706,7.51311722457627,36
"38",2007,5,7.27272727272727,22,7.46875,6.75,7,7.22727272727273,7.31818181818182,16,6,2,11,11,834,489,345,63,351,483,7.52360351318945,7.96753374233129,6.89438066666666,7.28571428571429,7.54414245014245,7.50867770186335,37
"39",2007,6,7.49230769230769,26,7.88421052631579,6.42857142857143,7.5,7.5,7.48947368421053,19,7,2,7,19,860,508,352,65,358,502,7.52265736046512,7.96441732283465,6.88511741477273,7.29230769230769,7.54327932960894,7.5079508565737,38
"40",2007,7,7.32,25,7.41666666666667,7.23076923076923,7.5,7.25,7.35294117647059,12,13,2,8,17,885,520,365,67,366,519,7.51693257627119,7.95177692307692,6.89742830136986,7.29850746268657,7.53686885245902,7.50287346820809,39
"41",2007,8,7.58285714285714,35,8.04347826086956,6.7,7.5,7.40666666666667,7.715,23,12,1,15,20,920,543,377,68,381,539,7.51944057608696,7.95566114180479,6.89114411140583,7.30147058823529,7.53174278215223,7.5107445825603,40
"42",2007,9,7.41388888888889,18,7.66538461538462,6.76,NA,7.8125,7.3,13,5,0,4,14,938,556,382,68,385,553,7.51741506396588,7.94887410071943,6.88942756544503,7.30147058823529,7.53465974025974,7.50540927667269,41
"43",2007,10,6.89,25,7.5,6.41071428571429,NA,7.4,6.55,11,14,0,10,15,963,567,396,68,395,568,7.50112703011423,7.94016578483245,6.87250335858586,7.30147058823529,7.53125063291139,7.48017839788732,42
"44",2007,11,7.28541666666667,48,7.79310344827586,6.51052631578947,7.33333333333333,7.44117647058824,7.2,29,19,3,17,31,1011,596,415,71,412,599,7.49088558852621,7.9330100671141,6.85593091566265,7.30281690140845,7.52753398058252,7.46567834724541,43
"45",2007,12,7.22733333333333,45,7.70142857142857,6.8125,7.1,7.21111111111111,7.23814814814815,21,24,2,18,27,1056,617,439,73,430,626,7.4796546685606,7.92512803889789,6.85355656036446,7.2972602739726,7.51428837209302,7.45586474440895,44
"46",2008,1,7.42647058823529,34,7.925,6.71428571428571,7.75,7.05555555555556,7.56,20,14,2,9,25,1090,637,453,75,439,651,7.47799571559633,7.9251240188383,6.84925238410596,7.30933333333333,7.50488382687927,7.45986379416283,45
"47",2008,2,7.25892857142857,28,7.67857142857143,6.83928571428571,7,7.41666666666667,7.18421052631579,14,14,1,9,19,1118,651,467,76,448,670,7.47250923971377,7.91982181259601,6.84895359743041,7.30526315789474,7.50311160714286,7.45204676119403,46
"48",2008,3,7.35,34,7.78823529411765,6.91176470588235,10,7.41666666666667,7.31363636363636,17,17,1,12,22,1152,668,484,77,460,692,7.468893515625,7.91647305389222,6.85115977272727,7.34025974025974,7.50085652173913,7.44764643063584,47
"49",2008,4,7.50263157894737,38,8.05238095238095,6.82352941176471,7.66666666666667,7.3125,7.64090909090909,21,17,3,16,22,1190,689,501,80,476,714,7.46997086554622,7.92061538461538,6.85022221556886,7.3525,7.49452521008403,7.45360130252101,48
"50",2008,5,7.54513888888889,36,8.21184210526316,6.8,7.66666666666667,7.745,7.2953125,19,17,3,20,16,1226,708,518,83,496,730,7.47217808319739,7.92843079096045,6.848573996139,7.36385542168675,7.504625,7.45013195890411,49
"51",2008,6,7.18235294117647,34,8.01111111111111,6.25,6.66666666666667,7.42857142857143,7.01,18,16,3,14,20,1260,726,534,86,510,750,7.4643574047619,7.93048071625344,6.83063919475655,7.33953488372093,7.50253725490196,7.43839510666667,50
"52",2008,7,7.2,49,7.87391304347826,6.60384615384615,5.9375,6.82631578947368,7.43666666666667,23,26,16,19,30,1309,749,560,102,529,780,7.45446167303285,7.92874365821095,6.82010951785714,7.11960784313726,7.47824952741021,7.43832862820513,51
"53",2008,8,7.2025,40,7.47777777777778,6.97727272727273,7,7,7.324,18,22,13,15,25,1349,767,582,115,544,805,7.44699060785767,7.91816036505867,6.826050395189,7.10608695652174,7.4650625,7.43477804968944,52
"54",2008,9,6.99117647058824,34,7.64285714285714,6.535,6.83333333333333,7.35714285714286,6.8962962962963,14,20,9,7,27,1383,781,602,124,551,832,7.43578476500362,7.91322535211268,6.81638094684385,7.08629032258065,7.46369147005445,7.41730328125,53
"55",2008,10,7.23333333333333,33,7.75909090909091,6.18181818181818,5.58333333333333,6.94285714285714,7.44736842105263,22,11,6,14,19,1416,803,613,130,565,851,7.43106661723164,7.90900249066002,6.80499401305057,7.01692307692308,7.45078584070797,7.41797453584019,54
"56",2008,11,7.44565217391304,23,7.85,7.13461538461539,7.16666666666667,7.07142857142857,7.609375,10,13,3,7,16,1439,813,626,133,572,867,7.431299742877,7.90827675276753,6.81183918530351,7.0203007518797,7.44614335664336,7.42150672433679,55
"57",2008,12,6.97317073170732,41,7.66470588235294,6.48333333333333,6.125,6.27777777777778,7.16875,17,24,8,9,32,1480,830,650,141,581,899,7.41860833108108,7.90328795180723,6.79970973846154,6.96950354609929,7.42804475043029,7.41250982202447,56
"58",2009,1,7.30921052631579,38,7.54166666666667,7.1,7.57142857142857,7.25,7.33035714285714,18,20,7,10,28,1518,848,670,148,591,927,7.4158697826087,7.89561202830189,6.80867362686567,6.99797297297297,7.42503214890017,7.410028403452,57
"59",2009,2,6.99078947368421,76,7.56333333333333,6.61739130434783,6.91666666666667,6.65384615384615,7.06031746031746,30,46,12,13,63,1594,878,716,160,604,990,7.39560246549561,7.88425854214123,6.79638453910614,6.991875,7.40843377483444,7.38777407070707,58
"60",2009,3,7.29508196721311,61,7.43103448275862,7.171875,7.4625,7.38888888888889,7.27884615384615,29,32,8,9,52,1655,907,748,168,613,1042,7.39189748036254,7.86976736493936,6.81244830213904,7.01428571428571,7.40814681892333,7.38233812859885,59
"61",2009,4,7.62388059701493,67,7.62173913043478,7.625,7.14285714285714,7.27666666666667,7.72403846153846,23,44,7,15,52,1722,930,792,175,628,1094,7.40092353658537,7.86363333333333,6.85759006313131,7.01942857142857,7.40500636942675,7.39857982632541,60
"62",2009,5,6.84245614035088,57,6.9825,6.78780487804878,6.31818181818182,6.24615384615385,7.01863636363636,16,41,11,13,44,1779,946,833,186,641,1138,7.38302997751546,7.84873044397463,6.85415525810324,6.97795698924731,7.38150390015601,7.38388956942004,61
"63",2009,6,6.99473684210526,57,7.525,6.70810810810811,7.18333333333333,7.3,6.91333333333333,20,37,6,12,45,1836,966,870,192,653,1183,7.37097512527233,7.84202795031056,6.84794405747126,6.984375,7.38000612557427,7.36599013524937,62
"64",2009,7,7.09827586206897,58,7.548,6.75757575757576,7,6.90909090909091,7.14255319148936,25,33,7,11,47,1894,991,903,199,664,1230,7.36262425026399,7.83461049445005,6.84464156146179,6.98492462311558,7.37220481927711,7.35745230081301,63
"65",2009,8,7.04433962264151,53,7.28333333333333,6.92142857142857,6.53666666666667,6.55384615384615,7.20375,18,35,15,13,40,1947,1009,938,214,677,1270,7.35396010785824,7.82477601585729,6.84750674840085,6.9535046728972,7.35649039881832,7.35261128346457,64
"66",2009,9,7.025,62,7.60227272727273,6.7075,6.51666666666667,6.921875,7.06086956521739,22,40,12,16,46,2009,1031,978,226,693,1316,7.34380802887008,7.82002812803104,6.84178050102249,6.93030973451327,7.34645598845599,7.34241362462006,65
"67",2009,10,6.99803921568627,51,7.44117647058824,6.77647058823529,6.04166666666667,7.125,6.95897435897436,17,34,12,12,39,2060,1048,1012,238,705,1355,7.33524773300971,7.81388263358779,6.8395862944664,6.88550420168067,7.3426865248227,7.33137736531365,66
"68",2009,11,7.10902777777778,72,7.52931034482759,6.82558139534884,6.8,7.22894736842105,7.06603773584906,29,43,10,19,53,2132,1077,1055,248,724,1408,7.32760803470919,7.80622005571031,6.83901547867298,6.8820564516129,7.33970165745856,7.32138943892045,67
"69",2009,12,6.64464285714286,56,7.12173913043478,6.31212121212121,6.875,6.54166666666667,6.67272727272727,23,33,16,12,44,2188,1100,1088,264,736,1452,7.31012812157221,7.79190818181818,6.82303431066176,6.88162878787879,7.32669021739131,7.30173300964187,68
"70",2010,1,6.99827586206897,58,7.62142857142857,6.41666666666667,6.82,6.86153846153846,7.03777777777778,28,30,10,13,45,2246,1128,1118,274,749,1497,7.30207494657168,7.78767641843972,6.81212999105546,6.87937956204379,7.31861682242991,7.29379848363394,69
"71",2010,2,6.94705882352941,34,7.73333333333333,6.0625,4.5,7.66666666666667,6.87741935483871,18,16,2,3,31,2280,1146,1134,276,752,1528,7.29678084649123,7.78682286212914,6.8015532010582,6.86213768115942,7.32000531914894,7.2853510013089,70
"72",2010,3,7.01875,32,7.64545454545455,6.69047619047619,6.78571428571429,6.42857142857143,7.184,11,21,7,7,25,2312,1157,1155,283,759,1553,7.29293266868512,7.78547882454624,6.79953361904762,6.86024734982332,7.31178392621871,7.28371946555055,71
"73",2010,4,7.05540540540541,37,7.578125,6.65714285714286,6.92857142857143,7.5,6.9859375,16,21,7,5,32,2349,1173,1176,290,764,1585,7.28919128565347,7.78265046888321,6.79699092687075,6.86189655172414,7.31301570680628,7.2777074637224,72
"74",2010,5,7.03,20,7.16,6.9,6.875,6.99285714285714,7.05,10,10,4,7,13,2369,1183,1186,294,771,1598,7.28700309413254,7.77738715131023,6.7978594688027,6.86207482993197,7.31010894941634,7.27585502503129,73
"75",2010,6,7.08333333333333,18,7.36363636363636,6.64285714285714,6.83333333333333,7.2,7.03846153846154,11,7,3,5,13,2387,1194,1193,297,776,1611,7.28546725178048,7.77357537688442,6.79694998323554,6.86178451178451,7.30939948453608,7.27393937306021,74
"76",2010,7,6.81428571428571,21,7.36,6.31818181818182,6.66666666666667,6.625,6.85882352941176,10,11,3,4,17,2408,1204,1204,300,780,1628,7.28135811046512,7.77014036544851,6.79257585548173,6.85983333333333,7.30588974358974,7.26960462530713,75
"77",2010,8,6.49583333333333,24,7.675,5.90625,5.5,6.83333333333333,6.38333333333333,8,16,5,6,18,2432,1212,1220,305,786,1646,7.27360622121711,7.76951237623762,6.78095190983607,6.83754098360656,7.30228244274809,7.25991271567436,76
"78",2010,9,6.584,25,7.45,6.00666666666667,5.375,6.05555555555556,6.88125,10,15,4,9,16,2457,1222,1235,309,795,1662,7.26658947089947,7.76689770867431,6.77154763562753,6.81860841423948,7.28816855345912,7.2562673465704,77
"79",2010,10,7.009375,32,7.36923076923077,6.76315789473684,6.9375,6.875,7.09,13,19,8,12,20,2489,1235,1254,317,807,1682,7.26328257533146,7.76271174089069,6.77142051834131,6.82160883280757,7.28202478314746,7.25429032699168,78
"80",2010,11,6.73333333333333,39,7.125,6.46086956521739,6.25,6.33,6.87241379310345,16,23,4,10,29,2528,1251,1277,321,817,1711,7.25510693433544,7.75455555555556,6.76582719655443,6.81448598130841,7.27037209302326,7.24781784336645,79
"81",2010,12,7.16341463414634,41,7.41304347826087,6.84444444444444,6.8,6.75,7.37777777777778,23,18,5,14,27,2569,1274,1295,326,831,1738,7.25364356948229,7.74839010989011,6.76691994594595,6.81426380368098,7.26160529482551,7.24983678365938,80
"82",2011,1,7.33787878787879,33,8.11538461538461,6.8325,7.40625,6.55,7.47857142857143,13,20,8,5,28,2602,1287,1315,334,836,1766,7.25471188700999,7.75209712509713,6.76791736121673,6.82844311377245,7.25734928229665,7.25346338052095,81
"83",2011,2,7.02758620689655,29,7.59230769230769,6.56875,7.14285714285714,7.6,6.90833333333333,13,16,7,5,24,2631,1300,1331,341,841,1790,7.25220841125047,7.75049923076923,6.76552316303531,6.83489736070381,7.25938644470868,7.24883593854749,82
"84",2011,3,7.19677419354839,31,7.81538461538462,6.75,6.1,7.41666666666667,7.144,13,18,5,6,25,2662,1313,1349,346,847,1815,7.25156285875282,7.75114166031988,6.76531603409933,6.8242774566474,7.26050059031877,7.24739191735537,83
"85",2011,4,6.91052631578947,19,7.42857142857143,6.60833333333333,6.375,6.85714285714286,6.94166666666667,7,12,4,7,12,2681,1320,1361,350,854,1827,7.24914596419246,7.74943106060606,6.76393191036003,6.81914285714286,7.2571943793911,7.2453838697318,84
"86",2011,5,6.72105263157895,19,6.84444444444444,6.61,5.5,7,6.68823529411765,9,10,2,2,17,2700,1329,1371,352,856,1844,7.24542975185185,7.74330248306998,6.76280913931437,6.81164772727273,7.25659345794393,7.24024746746204,85
"87",2011,6,7.06551724137931,29,7.3,6.875,7.42857142857143,6.1875,7.4,13,16,7,8,21,2729,1342,1387,359,864,1865,7.2435178930011,7.73900819672131,6.76410333813987,6.82367688022284,7.24669444444444,7.24204628954424,86
"88",2011,7,6.96666666666667,30,7.73333333333333,6.2,6,7.16666666666667,6.91666666666667,15,15,6,6,24,2759,1357,1402,365,870,1889,7.2405075498369,7.738945467944,6.7580679957204,6.81013698630137,7.24614252873563,7.23791229751191,87
"89",2011,8,7.20526315789474,19,7.3,7.13636363636364,6.5,NA,7.20526315789474,8,11,2,0,19,2778,1365,1413,367,870,1908,7.2402664974802,7.7363728937729,6.76101297239915,6.80844686648501,7.24614252873563,7.23758717505241,88
"90",2011,9,6.85416666666667,24,7.41666666666667,6.29166666666667,6.6,6.14285714285714,7.14705882352941,12,12,5,7,17,2802,1377,1425,372,877,1925,7.23695943254818,7.73358678286129,6.75706058245614,6.80564516129032,7.23733637400228,7.2367877038961,89
"91",2011,10,7.06666666666667,30,7.43333333333333,6.7,6.71428571428571,7,7.08333333333333,15,15,7,6,24,2832,1392,1440,379,883,1949,7.23515548375706,7.73035129310345,6.75646620138889,6.80395778364116,7.23572366930917,7.23489806567471,90
"92",2011,11,7.09054054054054,37,8,6.59791666666667,7.5,7.03571428571429,7.10333333333333,13,24,2,7,30,2869,1405,1464,381,890,1979,7.23329046009062,7.7328462633452,6.75386702868853,6.80761154855643,7.23415056179775,7.23290365336028,91
"93",2011,12,7.18181818181818,33,7.32352941176471,7.03125,7,7.05,7.23913043478261,17,16,4,10,23,2902,1422,1480,385,900,2002,7.23270514472777,7.72795288326301,6.75686576351351,6.80961038961039,7.23210444444444,7.23297518981019,92
"94",2012,1,6.91375,40,7.57083333333333,6.63214285714286,7.0625,7.3,6.80161290322581,12,28,8,9,31,2942,1434,1508,393,909,2033,7.22836856900068,7.72663807531381,6.7545499535809,6.8147582697201,7.23277667766777,7.22639760452533,93
"95",2012,2,7.21428571428571,21,7.9375,6.76923076923077,6.75,7,7.3,8,13,4,6,15,2963,1442,1521,397,915,2048,7.22826875801552,7.72780790568655,6.75467543063774,6.81410579345088,7.23125027322404,7.22693668457031,94
"96",2012,3,6.83333333333333,24,7.03571428571429,6.55,6.75,7.2,6.73684210526316,14,10,2,5,19,2987,1456,1531,399,920,2067,7.22509552393706,7.72115315934066,6.75333855649902,6.81378446115288,7.23108043478261,7.22243170295114,95
"97",2012,4,7.0703125,32,7.903125,6.2375,6.45,6.58333333333333,7.18269230769231,16,16,4,6,26,3019,1472,1547,403,926,2093,7.22345489566081,7.72313111413044,6.74800344537815,6.81017369727047,7.22688336933045,7.22193804586718,96
"98",2012,5,6.96875,16,7.25,6.8,6.5,6.875,7,6,10,1,4,12,3035,1478,1557,404,930,2105,7.22211213509061,7.72121041948579,6.74833739884393,6.80940594059406,7.22536989247312,7.22067284085511,97
"99",2012,6,7.47222222222222,18,7.75555555555556,7.18888888888889,7.5,8.125,7.28571428571429,9,9,2,4,14,3053,1487,1566,406,934,2119,7.22358674418605,7.72141829186281,6.75086930395913,6.8128078817734,7.2292226980728,7.2211025625295,98
"100",2012,7,6.86733333333333,15,6.7,6.951,NA,7.5,6.77,5,10,0,2,13,3068,1492,1576,406,936,2132,7.22184495762712,7.71799530831099,6.75213916878173,6.8128078817734,7.22980128205128,7.21835193714822,99
"101",2012,8,6.90625,8,7.5,6.70833333333333,6.5,NA,6.90625,2,6,1,0,8,3076,1494,1582,407,936,2140,7.22102416449935,7.71770348058902,6.7519730278129,6.81203931203931,7.22980128205128,7.21718520093458,100
"102",2012,9,7.07916666666667,24,7.71,6.62857142857143,6.5,7,7.11176470588235,10,14,9,7,17,3100,1504,1596,416,943,2157,7.21992591290322,7.7176522606383,6.75089055764411,6.80528846153846,7.22809544008484,7.21635434863236,101
"103",2012,10,6.77095238095238,21,7.38,6.21727272727273,6.7,7.25,6.65823529411765,10,11,2,4,17,3121,1514,1607,418,947,2174,7.21690494392823,7.71542206076618,6.74723791537026,6.80478468899522,7.22818796198522,7.21199003219871,102
"104",2012,11,6.81818181818182,22,7.5,6.42857142857143,6.5625,6.8,6.82352941176471,8,14,8,5,17,3143,1522,1621,426,952,2191,7.21411400890868,7.71428975032852,6.7444857063541,6.80023474178404,7.22593907563025,7.20897596074852,103
"105",2012,12,7.16896551724138,29,7.71875,6.49230769230769,6.63333333333333,7.25555555555556,7.13,16,13,6,9,20,3172,1538,1634,432,961,2211,7.21370123896595,7.71433615084525,6.74247939412485,6.79791666666667,7.22621644120708,7.2082615694256,104
"106",2013,1,7.18181818181818,22,8.04545454545454,6.31818181818182,7.125,8.16666666666667,7.02631578947368,11,11,4,3,19,3194,1549,1645,436,964,2230,7.21348163118347,7.71668754034861,6.73964214589666,6.80091743119266,7.22914315352697,7.2067113587444,105
"107",2013,2,6.72222222222222,18,7.14285714285714,6.45454545454545,6.75,7.16666666666667,6.63333333333333,7,11,2,3,15,3212,1556,1656,438,967,2245,7.21072862079701,7.71410604113111,6.73774838768116,6.80068493150685,7.22894932781799,7.20288032516704,106
"108",2013,3,7.29444444444444,27,8.275,6.71764705882353,5.74285714285714,7.05,7.35,10,17,7,5,22,3239,1566,1673,445,972,2267,7.21142646804569,7.7176877394636,6.73754413030484,6.78404494382023,7.22802880658436,7.20430804146449,107
"109",2013,4,7.3,14,7.64285714285714,6.95714285714286,NA,8.25,7.14166666666667,7,7,0,2,12,3253,1573,1680,445,974,2279,7.21180766369505,7.71735473617292,6.738459125,6.78404494382023,7.2301273100616,7.20397820535323,108
"110",2013,5,6.99642857142857,14,7.65833333333333,6.5,6.5,7.8625,6.65,6,8,4,4,10,3267,1579,1688,449,978,2289,7.21088470462198,7.71713046231792,6.73732898696683,6.7815144766147,7.23271370143149,7.2015580297073,109
"111",2013,6,7.005,20,7.17272727272727,6.8,6.06666666666667,7.42,6.86666666666667,11,9,3,5,15,3287,1590,1697,452,983,2304,7.20963198357164,7.7133641509434,6.73766136122569,6.77676991150442,7.23366632756867,7.19937774739583,110
"112",2013,7,7.21114814814815,27,7.45,6.95392307692308,6.4,7.18,7.21822727272727,14,13,5,5,22,3314,1604,1710,457,988,2326,7.20964433614967,7.71106546134663,6.73930545614035,6.772647702407,7.23339473684211,7.19955603181427,111
"113",2013,8,7.13888888888889,18,7.5625,6.8,7.33333333333333,7.05555555555556,7.22222222222222,8,10,3,9,9,3332,1612,1720,460,997,2335,7.20926210384154,7.71032816377171,6.73965833139535,6.77630434782609,7.23178936810431,7.19964339614561,112
"114",2013,9,6.9625,20,7.82142857142857,6.5,6.07142857142857,7.33333333333333,6.89705882352941,7,13,7,3,17,3352,1619,1733,467,1000,2352,7.20778977625298,7.71080852378011,6.73786054818235,6.76573875802998,7.232094,7.19745634778912,113
"115",2013,10,6.75,18,7.96666666666667,6.14166666666667,5.95714285714286,7.3,6.53846153846154,6,12,7,5,13,3370,1625,1745,474,1005,2365,7.2053446083086,7.71175323076923,6.73376064756447,6.75379746835443,7.23243184079602,7.19383396617336,114
"116",2013,11,6.88148148148148,27,7.80714285714286,5.88461538461539,6.25,6.6,6.94545454545455,14,13,4,5,22,3397,1639,1758,478,1010,2387,7.20277048277892,7.71256802928615,6.72748141638225,6.74958158995816,7.22930099009901,7.1915447549225,115
"117",2013,12,7.08863636363636,22,7.35416666666667,6.77,7,8,6.94473684210526,12,10,2,3,19,3419,1651,1768,480,1013,2406,7.20203607195086,7.70996305269534,6.7277219061086,6.750625,7.23158341559724,7.18959573150457,116
"118",2014,1,7.31260869565217,23,7.48,7.22333333333333,7.125,7.52333333333333,7.23823529411765,8,15,4,6,17,3442,1659,1783,484,1019,2423,7.20277493608367,7.70885412899337,6.73189137969714,6.75371900826446,7.23330127576055,7.18993699133306,117
"119",2014,2,7.19444444444444,18,7.75,6.91666666666667,6.5,6.5,7.39285714285714,6,12,4,4,14,3460,1665,1795,488,1023,2437,7.20273159826589,7.7090024024024,6.73312664623956,6.75163934426229,7.23043401759531,7.19110272055806,118
"120",2014,3,7.58333333333333,18,8.27777777777778,6.88888888888889,7,5.5,7.84375,9,9,3,2,16,3478,1674,1804,491,1025,2453,7.204701359977,7.71206033452808,6.73390373059867,6.75315682281059,7.22705756097561,7.19535969425194,119
"121",2014,4,7.09685714285714,14,7.22142857142857,6.97228571428571,6.4375,7,7.113,7,7,4,2,12,3492,1681,1811,495,1027,2465,7.20426899484536,7.71001725163593,6.73482514080619,6.75060606060606,7.22661538461538,7.19495875456389,120
"122",2014,5,7.15238095238095,21,7.5,6.68888888888889,6.375,7.33333333333333,7.08,12,9,4,6,15,3513,1693,1820,499,1033,2480,7.2039588186735,7.70852864737153,6.73459798351649,6.74759519038076,7.22723523717328,7.19426343951613,121
"123",2014,6,6.95,10,7.75,6.41666666666667,6.625,7,6.94444444444444,4,6,4,1,9,3523,1697,1826,503,1034,2489,7.20323795912574,7.70862639952858,6.73355330230011,6.74662027833002,7.22701547388781,7.19336011651266,122
"124",2014,7,6.5,12,7.3,5.38,6.5,6.46666666666667,6.51111111111111,7,5,1,3,9,3535,1704,1831,504,1037,2498,7.20085072984441,7.70694776995305,6.7298570890224,6.74613095238095,7.22481581485053,7.19090205364291,123
"125",2014,8,7.35588235294118,17,8.30714285714286,6.69,7,7.93,7.11666666666667,7,10,4,5,12,3552,1711,1841,508,1042,2510,7.20159271677928,7.7094032729398,6.72964059206953,6.74812992125984,7.22819961612284,7.19054714342629,124
"126",2014,9,7.0125,16,7.42,6.33333333333333,NA,7.66666666666667,6.86153846153846,10,6,0,3,13,3568,1721,1847,508,1045,2523,7.20074476737668,7.70772167344567,6.72835318354088,6.74812992125984,7.22945837320574,7.18885189456996,125
"127",2014,10,6.62173913043478,23,6.83333333333333,6.54705882352941,6.475,6.6,6.63333333333333,6,17,8,8,15,3591,1727,1864,516,1053,2538,7.19703629351156,7.7046838448176,6.72669974785408,6.74389534883721,7.22467616334283,7.18556868794326,126
"128",2014,11,7.04333333333333,24,7.554,6.67857142857143,5.75,5,7.22909090909091,10,14,4,2,22,3615,1737,1878,520,1055,2560,7.19601585892116,7.70381635002879,6.72634096379127,6.73625,7.22045876777251,7.18594270703125,127
"129",2014,12,7.11764705882353,17,7.375,7.03846153846154,6.8,7.41666666666667,6.95454545454545,4,13,5,6,11,3632,1741,1891,525,1061,2571,7.19564904460352,7.70306088454911,6.72848668958223,6.73685714285714,7.22156833176249,7.18495267600156,128
"130",2015,1,6.6448275862069,29,6.86363636363636,6.51111111111111,6.65,5.4,6.90416666666667,11,18,8,5,24,3661,1752,1909,533,1066,2595,7.19128580442502,7.69779052511416,6.72643705081195,6.73555347091932,7.2130243902439,7.18235581117534,129
"131",2015,2,6.53235294117647,17,7.50555555555556,5.4375,6,7.125,6.45333333333333,9,8,1,2,15,3678,1761,1917,534,1068,2610,7.18824016585101,7.69680806360023,6.72105807511737,6.73417602996255,7.2128595505618,7.17816602681992,130
"132",2015,3,7.07142857142857,14,7.45833333333333,6.78125,6.33333333333333,6,7.15384615384615,6,8,3,1,13,3692,1767,1925,537,1069,2623,7.18779721830986,7.69599830220713,6.72130822337663,6.73193668528864,7.21172497661366,7.17804549370949,131
"133",2015,4,6.70714285714286,14,7.44,6.3,6.66666666666667,6.68,6.72222222222222,5,9,3,5,9,3706,1772,1934,540,1074,2632,7.18598147058823,7.69527595936795,6.71934763702172,6.73157407407407,7.20924953445065,7.1764868275076,132
"134",2015,5,7.10625,16,7.16666666666667,7.02857142857143,7.34,6,7.26428571428571,9,7,5,2,14,3722,1781,1941,545,1076,2646,7.18563872380441,7.69260471645143,6.72046281813499,6.73715596330275,7.20700185873606,7.17695137188209,133
"135",2015,6,6.93,16,7.41333333333333,6.64,6.5,7.375,6.78166666666667,6,10,4,4,12,3738,1787,1951,549,1080,2658,7.18454449705725,7.69166703973139,6.72005039979498,6.73542805100182,7.20762407407407,7.17516679082017,134
"136",2015,7,6.57142857142857,7,6.83333333333333,6.375,NA,NA,6.57142857142857,3,4,0,0,7,3745,1790,1955,549,1080,2665,7.18339848598131,7.69022849162011,6.71934441432225,6.73542805100182,7.20762407407407,7.17358098686679,135
"137",2015,8,7.381875,16,7.87142857142857,7.00111111111111,7,7.66666666666667,7.31615384615385,7,9,2,3,13,3761,1797,1964,551,1083,2678,7.18424284232917,7.69093433500278,6.72063560590632,6.73638838475499,7.20889566020314,7.17427308812547,136
"138",2015,9,6.725,20,6.84615384615385,6.5,5.5,6.66666666666667,6.73529411764706,13,7,2,3,17,3781,1810,1971,553,1086,2695,7.18181362866966,7.68486685082873,6.71985201927956,6.73191681735985,7.20739779005525,7.17150401855288,137
"139",2015,10,6.53125,16,7.41666666666667,6,6.33333333333333,6,6.60714285714286,6,10,3,2,14,3797,1816,1981,556,1088,2709,7.17907224914406,7.68398072687225,6.71621823826351,6.72976618705036,7.20517830882353,7.16858742340347,138
"140",2015,11,7.01111111111111,9,7.66666666666667,6.68333333333333,6.36666666666667,6,7.1375,3,6,3,1,8,3806,1819,1987,559,1089,2717,7.17867507356805,7.68395217152282,6.71611893809764,6.7278175313059,7.20407162534435,7.168495888848,139
"141",2015,12,7.1125,24,7.6,6.76428571428571,6.5,6.9,7.16842105263158,10,14,5,5,19,3830,1829,2001,564,1094,2736,7.17826039947781,7.6834931656643,6.71645593703149,6.72579787234042,7.20268190127971,7.16849536915205,140
"142",2016,1,7.05357142857143,28,7.5,6.60714285714286,7.25,6.16666666666667,7.29545454545455,14,14,2,6,22,3858,1843,2015,566,1100,2758,7.17735545101089,7.68209929462832,6.71569644168735,6.72765017667844,7.19703090909091,7.1695080964467,141
"143",2016,2,7.03888888888889,18,7.95714285714286,6.45454545454545,6.3,6.6,7.20769230769231,7,11,5,5,13,3876,1850,2026,571,1105,2771,7.17671241744066,7.68314,6.71427854392893,6.7239054290718,7.19432941176471,7.169687235655,142
"144",2016,3,6.95263157894737,19,7.45714285714286,6.65833333333333,7.33333333333333,6.75,7.00666666666667,7,12,3,4,15,3895,1857,2038,574,1109,2786,7.17561934017972,7.68228809908455,6.71394913150148,6.72709059233449,7.19272678088368,7.16880952261307,143
"145",2016,4,6.815,20,7.64444444444444,6.13636363636364,5.8,7.75,6.71111111111111,9,11,5,2,18,3915,1866,2049,579,1111,2804,7.17377709578544,7.68210557341908,6.71084837969742,6.71908462867012,7.1937299729973,7.16587137303852,144
"146",2016,5,6.80380952380952,21,6.6,6.8675,7.1,6.9,6.77375,5,16,5,5,16,3936,1871,2065,584,1116,2820,7.17180318343496,7.67921378941742,6.71206214527845,6.72234589041096,7.19241397849463,7.16364657092199,145
"147",2016,6,6.52631578947368,19,7.78571428571429,5.79166666666667,4.75,7,6.47058823529412,7,12,6,2,17,3955,1878,2077,590,1118,2837,7.16870223261694,7.67961075612354,6.70674450168513,6.70228813559322,7.19206976744186,7.1594935953472,146
"148",2016,7,7.40909090909091,11,7.3,7.5,7.5,NA,7.40909090909091,5,6,1,0,11,3966,1883,2083,591,1118,2848,7.16936896873424,7.67860276155072,6.7090294431109,6.70363790186125,7.19206976744186,7.16045762991573,147
"149",2016,8,6.96428571428571,14,6.83333333333333,7.0625,7,7,6.95454545454545,6,8,1,3,11,3980,1889,2091,592,1121,2859,7.16864757035176,7.67591794600318,6.71038179340029,6.70413851351351,7.19155575379126,7.15966538300105,148
"150",2016,9,6.81818181818182,11,7.9,5.91666666666667,5.125,6.5,6.85,5,6,4,1,10,3991,1894,2097,596,1122,2869,7.16768161613631,7.67650950369588,6.70811079160706,6.69354026845637,7.1909393939394,7.15858603346114,149
"151",2016,10,6.65,16,7.48571428571429,6,4,4,6.82666666666667,7,9,1,1,15,4007,1901,2106,597,1123,2884,7.16561450711255,7.67580694371384,6.70508467711301,6.68902847571189,7.18809795191452,7.15685968446602,150
"152",2016,11,6.47058823529412,17,6.75555555555556,6.15,4,5.8,6.75,9,8,1,5,12,4024,1910,2114,598,1128,2896,7.16267826292247,7.67147068062827,6.70298407284769,6.68453177257525,7.18194503546099,7.15517380179558,151
"153",2016,12,6.4875,20,6.64583333333333,6.25,6.5,6,6.54166666666667,12,8,2,2,18,4044,1922,2122,600,1130,2914,7.15933910237389,7.66506711758585,6.70127631008483,6.68391666666667,7.17985309734513,7.1513841214825,152
"154",2017,1,7.12105263157895,19,8,6.33,6.45,7.33333333333333,7.08125,9,10,2,3,16,4063,1931,2132,602,1133,2930,7.15916006153089,7.66662817193164,6.69953486397749,6.68313953488372,7.18025948808473,7.15100113651877,153
"155",2017,2,7.02235294117647,17,7.77777777777778,6.1725,7.4,8.66666666666667,6.67,9,8,2,3,14,4080,1940,2140,604,1136,2944,7.15859003186275,7.66714381443299,6.69756464018692,6.68551324503311,7.18418485915493,7.1487137669837,154
"156",2017,3,7.08666666666667,15,7.55,6.77777777777778,NA,6.8,7.13076923076923,6,9,0,2,13,4095,1946,2149,604,1138,2957,7.15832657631258,7.66678263103803,6.69790057235924,6.68551324503311,7.18350966608084,7.14863487656409,155
"157",2017,4,6.81428571428571,14,7.5,6.54,7,7,6.78333333333333,4,10,4,2,12,4109,1950,2159,608,1140,2969,7.15715437576053,7.66644051282051,6.69716921259843,6.6875822368421,7.18318771929825,7.14715841360728,156
"158",2017,5,7.13333333333333,15,8.14285714285714,6.25,6.4,7.25,7.05555555555556,7,8,5,6,9,4124,1957,2167,613,1146,2978,7.15706773278371,7.66814460909555,6.6955183802492,6.68523654159869,7.18353752181501,7.14688157488247,157
"159",2017,6,7.3,10,7.4,7.2,NA,7,7.42857142857143,5,5,0,3,7,4134,1962,2172,613,1149,2985,7.15741348089018,7.66746126401631,6.69667970994476,6.68523654159869,7.18305831157528,7.14754215410385,158
"160",2017,7,6.47619047619048,21,6.875,6.23076923076923,5.8,5.5,6.57894736842105,8,13,5,2,19,4155,1970,2185,618,1151,3004,7.1539704765343,7.66424314720812,6.69390770251717,6.67807443365696,7.18013379669852,7.14394584886818,159
"161",2017,8,6.84545454545455,11,7.3,6.46666666666667,NA,6.75,6.86666666666667,5,6,0,2,9,4166,1975,2191,618,1153,3013,7.15315586413826,7.66332101265823,6.69328540848928,6.67807443365696,7.17938768430182,7.14311760039828,160
"162",2017,9,7.12307692307692,13,7.5125,6.5,6.66666666666667,6.5,7.23636363636364,8,5,3,2,11,4179,1983,2196,621,1155,3024,7.15306229480737,7.66271255673222,6.69284532331512,6.6780193236715,7.17821125541126,7.14345678902117,161
"163",2017,10,6.68888888888889,18,7.48,6.38461538461539,7.125,7.125,6.56428571428571,5,13,4,4,14,4197,1988,2209,625,1159,3038,7.1510715582559,7.66225301810865,6.69103138524219,6.68088,7.17802761000863,7.14078779789335,162
"164",2017,11,7.17857142857143,14,7.9,6.77777777777778,6.83333333333333,7.66666666666667,7.04545454545455,5,9,3,3,11,4211,1993,2218,628,1162,3049,7.15116298503918,7.66284947315605,6.69138337691614,6.68160828025478,7.17928915662651,7.14044386028206,163
"165",2017,12,6.80344827586207,29,6.99166666666667,6.67058823529412,6.66666666666667,6.66666666666667,6.81923076923077,12,17,3,3,26,4240,2005,2235,631,1165,3075,7.14878474764151,7.65883241895262,6.69122520357942,6.68153724247226,7.17796909871245,7.13772791219512,164
"166",2018,1,7.15416666666667,24,7.76428571428571,6.3,6,7.84,6.97368421052632,14,10,3,5,19,4264,2019,2245,634,1170,3094,7.14881503986867,7.65956364536899,6.68948255233853,6.67831230283912,7.18079829059829,7.13672053329024,165
"167",2018,2,7.06666666666667,18,7.28888888888889,6.84444444444444,6.52,6.43333333333333,7.38333333333333,9,9,5,6,12,4282,2028,2254,639,1176,3106,7.14846971742177,7.65791863905325,6.69010129991127,6.67707355242566,7.17698469387755,7.13767331938184,166
"168",2018,3,6.45454545454545,11,6.66666666666667,6.375,6,6,6.5,3,8,1,1,10,4293,2031,2262,640,1177,3116,7.14669166783135,7.65645445593304,6.68898688328913,6.676015625,7.1759847068819,7.13562687098845,167
"169",2018,4,5.7,15,6.75,5.31818181818182,4.375,6,5.67857142857143,4,11,4,1,14,4308,2035,2273,644,1178,3130,7.14165444057567,7.65467272727273,6.68235298284206,6.66172360248447,7.17498641765705,7.12910969009585,168
"170",2018,5,7.24375,16,7.98571428571429,6.66666666666667,6.6,7.16666666666667,7.26153846153846,7,9,5,3,13,4324,2042,2282,649,1181,3143,7.14203222247919,7.65580754162586,6.68229111744084,6.66124807395994,7.17496528365792,7.12965743875279,169
"171",2018,6,7.4,15,7.83333333333333,6.75,7,7,7.5,9,6,1,3,12,4339,2051,2288,650,1184,3155,7.14292402166398,7.65658654314968,6.6824686756993,6.66176923076923,7.17452195945946,7.13106603169572,170
"172",2018,7,7.66666666666667,6,7.83333333333333,7.5,NA,7.5,7.7,3,3,0,1,5,4345,2054,2291,650,1185,3160,7.1436472566168,7.6568446932814,6.68353920995199,6.66176923076923,7.17479662447258,7.13196624367089,171
"173",2018,8,7.05,20,7.125,6.9375,7.375,7.58333333333333,6.82142857142857,12,8,4,6,14,4365,2066,2299,654,1191,3174,7.14321817411226,7.65375556631171,6.68442293605916,6.66613149847095,7.17685474391268,7.13059651228734,172
"174",2018,9,7.06666666666667,12,7.1,7.04285714285714,6.66666666666667,6.76666666666667,7.16666666666667,5,7,3,3,9,4377,2071,2306,657,1194,3183,7.14300830020562,7.65241863833897,6.68551098438855,6.66613394216134,7.17582412060302,7.13069850141376,173
"175",2018,10,7.05,8,7.75,6.35,4,NA,7.05,4,4,1,0,8,4385,2075,2310,658,1194,3191,7.14283861573546,7.65260674698795,6.68493001298701,6.6620820668693,7.17582412060302,7.13049618614854,174
"176",2018,11,6.45823529411765,17,7.09875,5.88888888888889,4,7,6.424375,8,9,1,1,16,4402,2083,2319,659,1195,3207,7.14019475920036,7.65047959673548,6.68184059077189,6.65804248861912,7.1756769874477,7.12697328656065,175
"177",2018,12,6.65714285714286,14,6.74444444444444,6.5,6.25,6.675,6.65,9,5,2,4,10,4416,2092,2324,661,1199,3217,7.1386633446558,7.64658173996176,6.68144936746988,6.65680786686838,7.17400667222686,7.12549062169724,176
"178",2019,1,7,19,8.125,6.18181818181818,6.3,6.5,7.13333333333333,8,11,5,4,15,4435,2100,2335,666,1203,3232,7.13806929650507,7.64840428571429,6.67909564453962,6.65412912912913,7.17176558603491,7.12552702042079,177
"179",2019,2,7.18181818181818,11,6.9,7.41666666666667,6.83333333333333,6.75,7.27777777777778,5,6,3,2,9,4446,2105,2341,669,1205,3241,7.13817753711201,7.64662660332542,6.68098604442546,6.65493273542601,7.17106556016598,7.12594980870102,178
"180",2019,3,7.21875,16,7.78571428571429,6.77777777777778,6.75,5.5,7.33333333333333,7,9,2,1,15,4462,2112,2350,671,1206,3256,7.13846645674586,7.64708759469697,6.68135673617021,6.65521609538003,7.16967993366501,7.12690519963145,179
"181",2019,4,6.66076923076923,13,6.81125,6.42,6.55,NA,6.66076923076923,8,5,2,0,13,4475,2120,2355,673,1206,3269,7.1370787329609,7.64393349056604,6.68080183864119,6.65490341753343,7.16967993366501,7.12505149281126,180
"182",2019,5,6.77777777777778,9,6.5,7,7,NA,6.77777777777778,4,5,1,0,9,4484,2124,2360,674,1206,3278,7.13635756690455,7.64177919020716,6.68147810593221,6.65541543026706,7.16967993366501,7.12409802623551,181
"183",2019,6,6.92857142857143,7,8.5,6.66666666666667,6.4,7,6.91666666666667,1,6,5,1,6,4491,2125,2366,679,1207,3284,7.13603369628145,7.64218305882353,6.68144054522401,6.65353460972018,7.16953935376968,7.1237190408039,182
"184",2019,7,6.72142857142857,14,7.33333333333333,6.2625,4.7,7.5,6.59166666666667,6,8,3,2,12,4505,2131,2374,682,1209,3296,7.13474524528302,7.64131346785547,6.68002878264533,6.64494134897361,7.17008602150538,7.12178195691748,183
"185",2019,8,7.11961538461538,26,7.16153846153846,7.07769230769231,7.14428571428571,7.6,7.03227272727273,13,13,7,4,22,4531,2144,2387,689,1213,3318,7.13465842639594,7.63840438432836,6.68219452450775,6.6500145137881,7.17150370981039,7.12118846594334,184
"186",2019,9,6.91428571428571,14,6.75,7.0375,7,6,6.98461538461538,6,8,3,1,13,4545,2150,2395,692,1214,3331,7.13397961056106,7.63592511627907,6.68338134864301,6.65153179190751,7.17053871499176,7.12065545782048,185
"187",2019,10,6.46923076923077,13,6.5,6.43333333333333,7,6.025,6.66666666666667,7,6,2,4,9,4558,2157,2401,694,1218,3340,7.13208366169373,7.63223875753361,6.68275648896293,6.65253602305476,7.16677668308703,7.11943213473054,186
"188",2019,11,6.7,12,6.7,6.7,6.225,6.3,6.83333333333333,5,7,4,3,9,4570,2162,2408,698,1221,3349,7.13094908752735,7.63008279370953,6.68280661544851,6.65008595988539,7.16464701064701,7.11866328157659,187
"189",2019,12,7.19,10,7.5,6.98333333333333,6.3,7,7.2375,4,6,3,2,8,4580,2166,2414,701,1223,3357,7.13107801965066,7.62984256694368,6.68355357497929,6.6485877318117,7.16437775960752,7.11894647899911,188
"190",2020,1,7.1,14,7.12727272727273,7,6.33333333333333,5,7.26153846153846,11,3,3,1,13,4594,2177,2417,704,1224,3370,7.13098331084023,7.62730316949931,6.68394635084816,6.64724431818182,7.16260947712418,7.11949653709199,189
"191",2020,2,6.83,15,7.325,6.5,6.25,7.25,6.67727272727273,6,9,4,4,11,4609,2183,2426,708,1228,3381,7.13000376003472,7.62647228584517,6.68326394476505,6.645,7.16289413680782,7.11805777284827,190
"192",2020,3,7.28571428571429,7,7.25,7.33333333333333,7.33333333333333,8,7.16666666666667,4,3,3,1,6,4616,2187,2429,711,1229,3387,7.13023988951473,7.6257837219936,6.68406682997118,6.64790436005626,7.16357526444264,7.11814388249188,191
"193",2020,4,7.3125,8,7.25,7.375,6.66666666666667,6,7.5,4,4,3,1,7,4624,2191,2433,714,1230,3394,7.13055521842561,7.62509767229576,6.68520276613235,6.64798319327731,7.16262926829268,7.1189314466706,192
"194",2020,5,6.996,25,7.81,6.45333333333333,5.83333333333333,6.84285714285714,7.05555555555556,10,15,6,7,18,4649,2201,2448,720,1237,3412,7.12983164766617,7.62593775556565,6.68378199754902,6.64119444444444,7.16081972514147,7.11859710726847,193
"195",2020,6,6.8,10,6.875,6.5,NA,6,7.33333333333333,8,2,0,4,6,4659,2209,2450,720,1241,3418,7.12912370251127,7.62321819827977,6.68363197142857,6.64119444444444,7.15707816277196,7.11897405792862,194
"196",2020,7,6.72222222222222,9,7.07142857142857,5.5,NA,NA,6.72222222222222,7,2,0,0,9,4668,2216,2452,720,1241,3427,7.12833918808912,7.62147518050542,6.68266652936379,6.64119444444444,7.15707816277196,7.11793210679895,195
"197",2020,8,7.33076923076923,13,7.825,7.11111111111111,5,8.43333333333333,7,4,9,1,3,10,4681,2220,2461,721,1244,3437,7.12890137363811,7.62184189189189,6.68423337261276,6.63891816920943,7.16015594855306,7.11758898167006,196
"198",2020,9,7.03125,16,7,7.05,6.33333333333333,6.5,7.20833333333333,6,10,3,4,12,4697,2226,2471,724,1248,3449,7.12856873110496,7.62016576819407,6.68571360987455,6.63765193370166,7.15804006410256,7.1179047057118,197
"199",2020,10,7.22,15,7.58,6.5,6.75,8.6,7.00769230769231,10,5,2,2,13,4712,2236,2476,726,1250,3462,7.12885978989814,7.61998613595707,6.68533858239095,6.63796143250689,7.1603472,7.11749085210861,198
"200",2020,11,6.75,8,7.25,6.25,6,6,6.85714285714286,4,4,1,1,7,4720,2240,2480,727,1251,3469,7.12821765466102,7.61932544642857,6.6846364233871,6.63708390646492,7.15941966426859,7.11696550302681,199
"201",2020,12,6.835,20,6.97272727272727,6.66666666666667,6.66666666666667,6,6.87894736842105,11,9,3,1,19,4740,2251,2489,730,1252,3488,7.12698044936709,7.6161657041315,6.684571446364,6.63720547945205,7.15849361022364,7.11566895928899,200
"202",2021,1,6.8125,16,7.44444444444444,6,6,7.16666666666667,6.73076923076923,9,7,1,3,13,4756,2260,2496,731,1255,3501,7.12592248317914,7.61548185840708,6.68265157451923,6.63633378932968,7.15851314741036,7.11423974007427,201
"203",2021,2,5.95,10,6.1,5.8,5.75,5,6.05555555555556,5,5,4,1,9,4766,2265,2501,735,1256,3510,7.12345516785565,7.61213642384106,6.68088697720912,6.63151020408163,7.15679458598726,7.11152516524217,202
"204",2021,3,6.95454545454545,11,7.35714285714286,6.25,NA,7.75,6.77777777777778,7,4,0,2,9,4777,2272,2505,735,1258,3519,7.12306621938455,7.61135079225352,6.68019893413174,6.63151020408163,7.15773767885533,7.11067159136118,203
"205",2021,4,6.05454545454545,11,6.325,5.33333333333333,6,6.5,5.8875,8,3,2,3,8,4788,2280,2508,737,1261,3527,7.12061138888889,7.60683728070175,6.67858785087719,6.62979647218453,7.15617287866773,7.10789717323505,204
"206",2021,5,6.47,11,6.2925,6.57142857142857,NA,NA,6.47,4,7,0,0,11,4799,2284,2515,737,1261,3538,7.11912009376954,7.60453546409807,6.6782895944334,6.62979647218453,7.15617287866773,7.10591388637649,205
"207",2021,6,6.1875,8,7,5.7,6,5.875,6.5,3,5,1,4,4,4807,2287,2520,738,1265,3542,7.11756965467027,7.60374245736773,6.6763485436508,6.62894308943089,7.15212173913044,7.10522962450593,206
"208",2021,7,6.95714285714286,7,7.56666666666667,6.5,6,6,7.11666666666667,3,4,1,1,6,4814,2290,2524,739,1266,3548,7.11733637931035,7.60369388646288,6.67606906893819,6.62809201623816,7.15121169036335,7.10524896561443,207
"209",2021,8,7.11705882352941,17,7.22416666666667,6.86,7,7.33333333333333,7.07071428571429,12,5,1,3,14,4831,2302,2529,740,1269,3562,7.11733540260816,7.60171546481321,6.6764327125346,6.62859459459459,7.15164223798266,7.10511323133071,208
"210",2021,9,6.6875,8,6.6875,NA,7.5,8.25,6.16666666666667,8,0,1,2,6,4839,2310,2529,741,1271,3568,7.11662478404629,7.59854935064935,6.6764327125346,6.6297705802969,7.15337057435091,7.10353512612108,209
"211",2021,10,6.825,8,7.12,6.33333333333333,NA,7.3,6.66666666666667,5,3,0,2,6,4847,2315,2532,741,1273,3574,7.11614345574582,7.59751576673866,6.67602619668247,6.6297705802969,7.15360094265515,7.10280171516508,210
"212",2021,11,6.815,10,6.6,6.90714285714286,6.875,NA,6.815,3,7,4,0,10,4857,2318,2539,745,1273,3584,7.11552343627754,7.59622476272649,6.67666338322174,6.63108724832215,7.15360094265515,7.10199869698661,211
"213",2021,12,6.60427384615385,13,6.97592666666667,6.28571428571429,NA,NA,6.60427384615385,6,7,0,0,13,4870,2324,2546,745,1273,3597,7.11415870431212,7.59462330464716,6.67558850353496,6.63108724832215,7.15360094265515,7.10019985821518,212
"214",2022,1,7.10588235294118,17,7.2875,6.94444444444444,6.25,6.46,7.375,8,9,2,5,12,4887,2332,2555,747,1278,3609,7.11412991405771,7.5935697084048,6.67653554990215,6.63006693440428,7.15088732394366,7.10111357439734,213
"215",2022,2,6.43333333333333,18,6.2,6.66666666666667,5.5,6.83333333333333,6.35333333333333,9,9,2,3,15,4905,2341,2564,749,1281,3624,7.11163157798165,7.58821211448099,6.67650090873635,6.62704939919893,7.15014363778298,7.09801845750552,214
"216",2022,3,7.21631578947368,19,7.475,7.02818181818182,7,6.80857142857143,7.45416666666667,8,11,1,7,12,4924,2349,2575,750,1288,3636,7.11203551787165,7.587826547467,6.67800323495146,6.62754666666667,7.14828726708075,7.09919386413642,215
"217",2022,4,6.86153846153846,13,7.1,6.58333333333333,NA,8,6.76666666666667,7,6,0,1,12,4937,2356,2581,750,1289,3648,7.11137591452299,7.58637714770798,6.67778315769082,6.62754666666667,7.14894802172227,7.09810002467106,216
"218",2022,5,6.17272727272727,11,7.3,5.23333333333333,6.75,4.1,7.35714285714286,5,6,2,4,7,4948,2361,2587,752,1293,3655,7.10928918552951,7.58577067344345,6.67443306146115,6.62787234042553,7.1395158546017,7.09859613953489,217
"219",2022,6,6.51,10,7.9,5.58333333333333,NA,7.5,6.4,4,6,0,1,9,4958,2365,2593,752,1294,3664,7.10808045381202,7.58630213953488,6.67190834168917,6.62787234042553,7.13979443585781,7.09688015556769,218
"220",2022,7,6.91666666666667,12,7,6.83333333333333,6,7,6.9,6,6,2,2,10,4970,2371,2599,754,1296,3674,7.10761828772636,7.58481845634753,6.6722810042324,6.62620689655172,7.1395787037037,7.09634428143713,219
"221",2022,8,8.27428571428571,7,8.55,7.90666666666667,6.72,NA,8.27428571428571,4,3,1,0,7,4977,2375,2602,755,1296,3681,7.10925917018284,7.58644402526316,6.67370420061491,6.62633112582781,7.1395787037037,7.09858432219506,220
"222",2022,9,6.28571428571429,7,7,6,NA,8,6,2,5,0,1,6,4984,2377,2607,755,1297,3687,7.10810250601926,7.58595059318468,6.67241209436134,6.62633112582781,7.14024209714726,7.09679655275292,221
"223",2022,10,6.61538461538461,13,7.2,6.25,6.5,6.5,6.63636363636364,5,8,2,2,11,4997,2382,2615,757,1299,3698,7.10682067040224,7.5851404534005,6.67111982026769,6.62599735799207,7.13925635103926,7.09542695781504,222
"224",2022,11,6.45384615384615,13,7.15,5.85714285714286,6,7.25,6.30909090909091,6,7,2,2,11,5010,2388,2622,759,1301,3709,7.1051263253493,7.58404713567839,6.66894673150267,6.62434782608696,7.13942659492698,7.09309487462928,223
"225",2022,12,6.92857142857143,14,7.11111111111111,6.6,6.33333333333333,6,7.08333333333333,9,5,3,2,12,5024,2397,2627,762,1303,3721,7.10463433320064,7.58227140592407,6.66881550437762,6.62320209973753,7.13767766692249,7.09306339424886,224
