"","year","month","avg_rating","no_ratings","avg_rating_owned","avg_rating_not_owned","avg_rating_prev_owned","avg_rating_comment","avg_rating_no_comment","no_ratings_owned","no_ratings_not_owned","no_ratings_prev_owned","no_ratings_comment","no_ratings_no_comment","cum_no_ratings","cum_no_ratings_owned","cum_no_ratings_not_owned","cum_no_ratings_prev_owned","cum_no_ratings_comment","cum_no_ratings_no_comment","cum_avg_rating","cum_avg_rating_owned","cum_avg_rating_not_owned","cum_avg_rating_prev_owned","cum_avg_rating_comment","cum_avg_rating_no_comment","month_after_release"
"1",2001,6,7.66666666666667,3,8.5,6,6,NA,7.66666666666667,2,1,1,0,3,3,2,1,1,0,3,7.66666666666667,8.5,6,6,NA,7.66666666666667,0
"2",2001,8,7.33333333333333,3,7.33333333333333,NA,NA,7,7.5,3,0,0,1,2,6,5,1,1,1,5,7.5,7.8,6,6,7,7.6,2
"3",2001,9,7,1,7,NA,NA,NA,7,1,0,0,0,1,7,6,1,1,1,6,7.42857142857143,7.66666666666667,6,6,7,7.5,3
"4",2001,10,8.66666666666667,3,9.5,7,NA,9,8.5,2,1,0,1,2,10,8,2,1,2,8,7.8,8.125,6.5,6,8,7.75,4
"5",2001,11,7,1,7,NA,NA,7,NA,1,0,0,1,0,11,9,2,1,3,8,7.72727272727273,8,6.5,6,7.66666666666667,7.75,5
"6",2002,1,8,1,8,NA,NA,NA,8,1,0,0,0,1,12,10,2,1,3,9,7.75,8,6.5,6,7.66666666666667,7.77777777777778,7
"7",2002,3,8,1,8,NA,NA,NA,8,1,0,0,0,1,13,11,2,1,3,10,7.76923076923077,8,6.5,6,7.66666666666667,7.8,9
"8",2002,5,6.5,2,6.5,NA,NA,NA,6.5,2,0,0,0,2,15,13,2,1,3,12,7.6,7.76923076923077,6.5,6,7.66666666666667,7.58333333333333,11
"9",2002,6,7.66666666666667,3,5,9,NA,10,6.5,1,2,0,1,2,18,14,4,1,4,14,7.61111111111111,7.57142857142857,7.75,6,8.25,7.42857142857143,12
"10",2002,7,7,1,7,NA,NA,7,NA,1,0,0,1,0,19,15,4,1,5,14,7.57894736842105,7.53333333333333,7.75,6,8,7.42857142857143,13
"11",2002,8,7.14285714285714,7,7.14285714285714,NA,NA,NA,7.14285714285714,7,0,0,0,7,26,22,4,1,5,21,7.46153846153846,7.40909090909091,7.75,6,8,7.33333333333333,14
"12",2002,11,6.75,4,7.33333333333333,5,5,5,7.33333333333333,3,1,1,1,3,30,25,5,2,6,24,7.36666666666667,7.4,7.2,5.5,7.5,7.33333333333333,17
"13",2002,12,6.2,5,6.5,6,4,6.33333333333333,6,2,3,1,3,2,35,27,8,3,9,26,7.2,7.33333333333333,6.75,5,7.11111111111111,7.23076923076923,18
"14",2003,1,6.4,5,6.66666666666667,6,NA,NA,6.4,3,2,0,0,5,40,30,10,3,9,31,7.1,7.26666666666667,6.6,5,7.11111111111111,7.09677419354839,19
"15",2003,2,6.33333333333333,3,7.5,4,NA,4,7.5,2,1,0,1,2,43,32,11,3,10,33,7.04651162790698,7.28125,6.36363636363636,5,6.8,7.12121212121212,20
"16",2003,3,5,1,5,NA,NA,NA,5,1,0,0,0,1,44,33,11,3,10,34,7,7.21212121212121,6.36363636363636,5,6.8,7.05882352941176,21
"17",2003,4,7.33333333333333,3,7.5,7,NA,8,7,2,1,0,1,2,47,35,12,3,11,36,7.02127659574468,7.22857142857143,6.41666666666667,5,6.90909090909091,7.05555555555556,22
"18",2003,5,5.85714285714286,7,6,5,NA,5.5,6,6,1,0,2,5,54,41,13,3,13,41,6.87037037037037,7.04878048780488,6.30769230769231,5,6.69230769230769,6.92682926829268,23
"19",2003,6,6.6,5,6.66666666666667,6.5,NA,6.5,6.66666666666667,3,2,0,2,3,59,44,15,3,15,44,6.84745762711864,7.02272727272727,6.33333333333333,5,6.66666666666667,6.90909090909091,24
"20",2003,7,6.33333333333333,18,6.5,5.75,NA,6.5,6.3,14,4,0,3,15,77,58,19,3,18,59,6.72727272727273,6.89655172413793,6.21052631578947,5,6.63888888888889,6.75423728813559,25
"21",2003,8,6,10,6,6,NA,5,6.25,8,2,0,2,8,87,66,21,3,20,67,6.64367816091954,6.78787878787879,6.19047619047619,5,6.475,6.69402985074627,26
"22",2003,9,6.4,5,6.5,6,NA,7,5.5,4,1,0,3,2,92,70,22,3,23,69,6.6304347826087,6.77142857142857,6.18181818181818,5,6.54347826086957,6.65942028985507,27
"23",2003,10,6,2,6,6,NA,NA,6,1,1,0,0,2,94,71,23,3,23,71,6.61702127659574,6.76056338028169,6.17391304347826,5,6.54347826086957,6.64084507042254,28
"24",2003,11,6.33333333333333,3,6.33333333333333,NA,NA,7,6,3,0,0,1,2,97,74,23,3,24,73,6.60824742268041,6.74324324324324,6.17391304347826,5,6.5625,6.62328767123288,29
"25",2003,12,7.66666666666667,6,7.66666666666667,NA,NA,8,7.5,6,0,0,2,4,103,80,23,3,26,77,6.66990291262136,6.8125,6.17391304347826,5,6.67307692307692,6.66883116883117,30
"26",2004,1,7,4,8,6,NA,9,6.33333333333333,2,2,0,1,3,107,82,25,3,27,80,6.68224299065421,6.84146341463415,6.16,5,6.75925925925926,6.65625,31
"27",2004,2,5.67777777777778,9,6.33333333333333,4.36666666666667,6,6,5.51666666666667,6,3,1,3,6,116,88,28,4,30,86,6.60431034482759,6.80681818181818,5.96785714285714,5.25,6.68333333333333,6.57674418604651,32
"28",2004,3,6.7,10,6.5,7.5,7,6.5,6.83333333333333,8,2,1,4,6,126,96,30,5,34,92,6.61190476190476,6.78125,6.07,5.6,6.66176470588235,6.59347826086957,33
"29",2004,4,7,10,7.25,6,5,9.5,6.375,8,2,1,2,8,136,104,32,6,36,100,6.64044117647059,6.81730769230769,6.065625,5.5,6.81944444444444,6.576,34
"30",2004,5,8.0375,8,7.75714285714286,10,NA,8.325,7.75,7,1,0,4,4,144,111,33,6,40,104,6.71805555555556,6.87657657657658,6.18484848484848,5.5,6.97,6.62115384615385,35
"31",2004,6,6.71428571428571,7,6.83333333333333,6,6,7.5,5.66666666666667,6,1,1,4,3,151,117,34,7,44,107,6.71788079470199,6.87435897435897,6.17941176470588,5.57142857142857,7.01818181818182,6.59439252336449,36
"32",2004,7,6.56,5,7.2,4,NA,5.5,7.26666666666667,4,1,0,2,3,156,121,35,7,46,110,6.71282051282051,6.88512396694215,6.11714285714286,5.57142857142857,6.95217391304348,6.61272727272727,37
"33",2004,8,6.4,5,6.4,NA,NA,7,6.25,5,0,0,1,4,161,126,35,7,47,114,6.70310559006211,6.86587301587302,6.11714285714286,5.57142857142857,6.9531914893617,6.6,38
"34",2004,9,7.5,6,8.5,7,6,NA,7.5,2,4,1,0,6,167,128,39,8,47,120,6.73173652694611,6.89140625,6.20769230769231,5.625,6.9531914893617,6.645,39
"35",2004,10,6.5,8,6.33333333333333,7,8,7.5,6.16666666666667,6,2,1,2,6,175,134,41,9,49,126,6.72114285714286,6.86641791044776,6.24634146341463,5.88888888888889,6.97551020408163,6.62222222222222,40
"36",2004,11,7.21428571428571,14,7.53846153846154,3,NA,8,6.625,13,1,0,6,8,189,147,42,9,55,134,6.75767195767196,6.92585034013605,6.16904761904762,5.88888888888889,7.08727272727273,6.62238805970149,41
"37",2004,12,6.15,10,6.9,5.4,6,6.5,6.0625,5,5,1,2,8,199,152,47,10,57,142,6.72713567839196,6.925,6.08723404255319,5.9,7.06666666666667,6.59084507042254,42
"38",2005,1,6.95833333333333,12,7.5625,5.75,7,7.0625,6.75,8,4,1,8,4,211,160,51,11,65,146,6.74028436018957,6.956875,6.06078431372549,6,7.06615384615385,6.59520547945205,43
"39",2005,2,7.23,10,7.5625,5.9,NA,6.83333333333333,7.4,8,2,0,3,7,221,168,53,11,68,153,6.76244343891403,6.98571428571428,6.05471698113208,6,7.05588235294118,6.63202614379085,44
"40",2005,3,6.42857142857143,14,6.94444444444444,5.5,5,6,6.66666666666667,9,5,2,5,9,235,177,58,13,73,162,6.74255319148936,6.98361581920904,6.00689655172414,5.84615384615385,6.98356164383562,6.63395061728395,45
"41",2005,4,8,4,8,NA,NA,9,7.66666666666667,4,0,0,1,3,239,181,58,13,74,165,6.76359832635983,7.0060773480663,6.00689655172414,5.84615384615385,7.01081081081081,6.65272727272727,46
"42",2005,5,7.38888888888889,9,8.21428571428571,4.5,4.5,7.25,7.66666666666667,7,2,2,6,3,248,188,60,15,80,168,6.78629032258064,7.05106382978723,5.95666666666667,5.66666666666667,7.02875,6.67083333333333,47
"43",2005,6,7.38888888888889,9,7.4375,7,NA,7.41666666666667,7.33333333333333,8,1,0,6,3,257,196,61,15,86,171,6.80739299610895,7.06683673469388,5.97377049180328,5.66666666666667,7.05581395348837,6.68245614035088,48
"44",2005,7,6.85,10,7.6875,3.5,4,7,6.78571428571429,8,2,1,3,7,267,204,63,16,89,178,6.80898876404494,7.09117647058823,5.8952380952381,5.5625,7.05393258426966,6.68651685393258,49
"45",2005,8,6.94444444444444,9,7.1875,5,NA,7,6.91666666666667,8,1,0,3,6,276,212,64,16,92,184,6.81340579710145,7.09481132075472,5.88125,5.5625,7.05217391304348,6.69402173913043,50
"46",2005,9,6,9,6.14285714285714,5.5,NA,5.83333333333333,6.33333333333333,7,2,0,6,3,285,219,66,16,98,187,6.78771929824561,7.06438356164383,5.86969696969697,5.5625,6.97755102040816,6.68823529411765,51
"47",2005,10,6.5,8,6.85714285714286,4,NA,6,6.8,7,1,0,3,5,293,226,67,16,101,192,6.77986348122867,7.05796460176991,5.84179104477612,5.5625,6.94851485148515,6.69114583333333,52
"48",2005,11,6.40909090909091,11,7.0625,4.66666666666667,5,5.8,6.91666666666667,8,3,1,5,6,304,234,70,17,106,198,6.76644736842105,7.05811965811966,5.79142857142857,5.52941176470588,6.89433962264151,6.6979797979798,53
"49",2005,12,7.0625,8,7.0625,NA,NA,7.58333333333333,5.5,8,0,0,6,2,312,242,70,17,112,200,6.77403846153846,7.05826446280992,5.79142857142857,5.52941176470588,6.93125,6.686,54
"50",2006,1,6,5,6.66666666666667,5,NA,6,6,3,2,0,3,2,317,245,72,17,115,202,6.76182965299685,7.0534693877551,5.76944444444444,5.52941176470588,6.90695652173913,6.67920792079208,55
"51",2006,2,6.25,4,6.25,NA,NA,6.5,6,4,0,0,2,2,321,249,72,17,117,204,6.75545171339564,7.04056224899598,5.76944444444444,5.52941176470588,6.9,6.67254901960784,56
"52",2006,3,6.1,10,6.28571428571429,5.66666666666667,NA,6,6.16666666666667,7,3,0,4,6,331,256,75,17,121,210,6.73564954682779,7.019921875,5.76533333333333,5.52941176470588,6.8702479338843,6.65809523809524,57
"53",2006,4,6.08333333333333,6,6.5,5.25,3.5,3.5,6.6,4,2,1,1,5,337,260,77,18,122,215,6.72403560830861,7.01192307692308,5.75194805194805,5.41666666666667,6.84262295081967,6.65674418604651,58
"54",2006,5,6.85,5,7.125,6.66666666666667,NA,7.125,6.66666666666667,2,3,0,2,3,342,262,80,18,124,218,6.72587719298246,7.01278625954198,5.78625,5.41666666666667,6.84717741935484,6.65688073394495,59
"55",2006,6,7,1,7,NA,NA,NA,7,1,0,0,0,1,343,263,80,18,124,219,6.72667638483965,7.01273764258555,5.78625,5.41666666666667,6.84717741935484,6.65844748858447,60
"56",2006,7,6.07142857142857,7,6.7,4.5,NA,NA,6.07142857142857,5,2,0,0,7,350,268,82,18,124,226,6.71357142857143,7.00690298507463,5.75487804878049,5.41666666666667,6.84717741935484,6.64026548672566,61
"57",2006,8,7.75,8,7.83333333333333,7.5,7,7.33333333333333,8,6,2,1,3,5,358,274,84,19,127,231,6.73673184357542,7.025,5.79642857142857,5.5,6.85866141732283,6.66969696969697,62
"58",2006,9,5.8,9,5.53333333333333,6.33333333333333,6,6.83333333333333,5.28333333333333,6,3,2,3,6,367,280,87,21,130,237,6.71376021798365,6.99303571428571,5.81494252873563,5.54761904761905,6.85807692307692,6.63459915611814,63
"59",2006,10,6.3125,8,6.35714285714286,6,6,6.75,6.16666666666667,7,1,1,2,6,375,287,88,22,132,243,6.7052,6.97752613240418,5.81704545454546,5.56818181818182,6.85643939393939,6.62304526748971,64
"60",2006,11,6.20833333333333,12,6.75,5.125,NA,4.33333333333333,6.83333333333333,8,4,0,3,9,387,295,92,22,135,252,6.68979328165375,6.97135593220339,5.78695652173913,5.56818181818182,6.80037037037037,6.63055555555555,65
"61",2006,12,6.93333333333333,15,7.18181818181818,6.25,5,7.5,6.55555555555556,11,4,1,6,9,402,306,96,23,141,261,6.69888059701492,6.97892156862745,5.80625,5.54347826086957,6.83014184397163,6.627969348659,66
"62",2007,1,7.07692307692308,13,7.36363636363636,5.5,7,7.83333333333333,6.42857142857143,11,2,1,6,7,415,317,98,24,147,268,6.71072289156626,6.99227129337539,5.8,5.60416666666667,6.87108843537415,6.62276119402985,67
"63",2007,2,6.53420272727273,11,6.65,6.22541,6,6,6.65291444444444,8,3,1,2,9,426,325,101,25,149,277,6.70616485915493,6.98384615384615,5.81263594059406,5.62,6.85939597315436,6.62374090252708,68
"64",2007,3,6.74285714285714,14,6.8,6,NA,NA,6.74285714285714,13,1,0,0,14,440,338,102,25,149,291,6.70733234090909,6.97677514792899,5.81447284313726,5.62,6.85939597315436,6.62947158075601,69
"65",2007,4,7.03846153846154,13,7.38888888888889,6.25,5.5,7.33333333333333,6.95,9,4,2,3,10,453,347,106,27,152,301,6.71683494481236,6.98746397694524,5.83090783018868,5.61111111111111,6.86875,6.6401203654485,70
"66",2007,5,6.4,15,6.75,6,6,6.4,6.4,8,7,3,5,10,468,355,113,30,157,311,6.70667997863248,6.98211267605634,5.84138256637168,5.65,6.85382165605095,6.63239945337621,71
"67",2007,6,6.64583333333333,12,6.83333333333333,6.45833333333333,6,6.54166666666667,6.75,6,6,2,6,6,480,361,119,32,163,317,6.7051588125,6.97963988919668,5.87248932773109,5.671875,6.84233128834356,6.63462533123028,72
"68",2007,7,5.9,10,6,5.75,7.5,6,5.8,6,4,2,5,5,490,367,123,34,168,322,6.688727,6.96362397820163,5.86850593495935,5.77941176470588,6.8172619047619,6.62166531055901,73
"69",2007,8,6.845,10,7.15625,5.6,NA,8.41666666666667,6.17142857142857,8,2,0,3,7,500,375,125,34,171,329,6.69185246,6.96773333333333,5.86420984,5.77941176470588,6.8453216374269,6.61208580547112,74
"70",2007,9,6.57894736842105,19,7,5.85714285714286,6.33333333333333,6.42857142857143,6.66666666666667,12,7,3,7,12,519,387,132,37,178,341,6.68771913294798,6.9687338501292,5.86383507575758,5.82432432432432,6.82893258426966,6.61400653958944,75
"71",2007,10,6.1,11,6.93333333333333,5.1,NA,6.9,5.64285714285714,6,5,0,4,7,530,393,137,37,182,348,6.67552118867924,6.96819338422392,5.83595788321168,5.82432432432432,6.8304945054945,6.59447192528736,76
"72",2007,11,6.74,25,7.025,5.6,6.66666666666667,7.25,6.4,20,5,3,10,15,555,413,142,40,192,363,6.67842563963964,6.97094430992736,5.82764950704225,5.8875,6.85234375,6.5864358953168,77
"73",2007,12,6,14,6.125,5.25,NA,5.875,6.05,12,2,0,4,10,569,425,144,40,196,373,6.66173326889279,6.94705882352941,5.81962659722222,5.8875,6.83239795918367,6.57205423592493,78
"74",2008,1,6.38461538461539,13,6.36363636363636,6.5,6,5.375,6.83333333333333,11,2,1,4,9,582,436,146,41,200,382,6.65554335051546,6.93233944954128,5.82894678082192,5.89024390243902,6.80325,6.57821002617801,79
"75",2008,2,7.1402,15,7.09191666666667,7.33333333333333,7,6.887875,7.42857142857143,12,3,2,8,7,597,448,149,43,208,389,6.66772065326633,6.93661383928571,5.85923644295302,5.94186046511628,6.80650480769231,6.59351215938303,80
"76",2008,3,6.82352941176471,17,7.07692307692308,6,NA,6.85714285714286,6.8,13,4,0,7,10,614,461,153,43,215,399,6.67203457654723,6.9405704989154,5.86291653594771,5.94186046511628,6.80815348837209,6.59868729323308,81
"77",2008,4,6.925,16,6.85333333333333,8,NA,7.21428571428571,6.7,15,1,0,7,9,630,476,154,43,222,408,6.67845909523809,6.93782142857143,5.8767937012987,5.94186046511628,6.82095945945946,6.60092213235294,82
"78",2008,5,7.35714285714286,14,7.54545454545455,6.66666666666667,6,7.25,7.4,11,3,1,4,10,644,487,157,44,226,418,6.69321309006211,6.95154620123203,5.89188681528662,5.94318181818182,6.82855309734513,6.6200388277512,83
"79",2008,6,6.1375,8,6.18333333333333,6,7,6.52,5.5,6,2,1,5,3,652,493,159,45,231,421,6.68639452453988,6.94219675456389,5.89324672955975,5.96666666666667,6.82187445887446,6.61205755344418,84
"80",2008,7,6.61111111111111,18,7.33333333333333,5.88888888888889,4.8,6.2,7.125,9,9,5,10,8,670,502,168,50,241,429,6.68437198507463,6.94920916334661,5.89301327380952,5.85,6.79607053941909,6.62162291375291,85
"81",2008,8,6.75,8,6.8,6.66666666666667,5.5,6,7.5,5,3,2,4,4,678,507,171,52,245,433,6.68514635693215,6.94773767258383,5.90658614035088,5.83653846153846,6.78307346938775,6.6297372517321,86
"82",2008,9,6.13333333333333,15,6.55555555555556,5.5,5.5,5.57142857142857,6.625,9,6,4,7,8,693,516,177,56,252,441,6.67320235209235,6.9408972868217,5.89280355932203,5.8125,6.74941666666667,6.62965131519274,87
"83",2008,10,6.96153846153846,13,7.38888888888889,6,NA,6.7,7.125,9,4,0,5,8,706,525,181,56,257,449,6.67851165722379,6.94857714285714,5.89517254143646,5.8125,6.74845525291829,6.63847712694878,88
"84",2008,11,6.60588235294118,17,6.55,7.5,NA,6.8,6.5,16,1,0,6,11,723,541,182,56,263,460,6.6768039142462,6.93678927911275,5.90399027472527,5.8125,6.74963117870722,6.6351657173913,89
"85",2008,12,6.46,10,6.51428571428571,6.33333333333333,3,6.625,6.35,7,3,1,4,6,733,548,185,57,267,466,6.67384615279673,6.93139233576642,5.91095259459459,5.76315789473684,6.74776404494382,6.63149405579399,90
"86",2009,1,6.88,15,6.85,7,7.5,6.6875,7.1,12,3,2,8,7,748,560,188,59,275,473,6.67798025401069,6.92964821428571,5.9283310106383,5.82203389830508,6.74601090909091,6.63842754756871,91
"87",2009,2,6.2,20,6.33333333333333,6.09090909090909,7,5.42857142857143,6.61538461538461,9,11,2,7,13,768,569,199,61,282,486,6.6655328515625,6.92021616871705,5.93731773869347,5.86065573770492,6.7133085106383,6.63781117283951,92
"88",2009,3,6.3,22,6.66153846153846,5.77777777777778,6.16666666666667,6.33333333333333,6.29473684210526,13,9,3,3,19,790,582,208,64,285,505,6.6553534556962,6.9144381443299,5.93041456730769,5.875,6.70930877192982,6.62490342574257,93
"89",2009,4,6.25625,16,6.72222222222222,5.65714285714286,5,NA,6.25625,9,7,1,0,16,806,591,215,65,285,521,6.64743080645161,6.91151099830795,5.92151734883721,5.86153846153846,6.70930877192982,6.61358201535509,94
"90",2009,5,7.3125,16,7.5,7.125,6.75,7.5,7.2,8,8,4,6,10,822,599,223,69,291,531,6.66037619221411,6.91937061769616,5.96469161434977,5.91304347826087,6.7256116838488,6.62462566854991,95
"91",2009,6,6.74166666666667,12,6.875,6.475,7.2,5.35,7.4375,8,4,2,4,8,834,607,227,71,295,539,6.66154583932854,6.91878583196046,5.97368383259912,5.94929577464789,6.7069593220339,6.63669059369202,96
"92",2009,7,6.80185185185185,27,7.31,6.16666666666667,5.85714285714286,6.85,6.77777777777778,15,12,7,9,18,861,622,239,78,304,557,6.66594567944251,6.92822025723473,5.98337334728033,5.94102564102564,6.71119407894737,6.64124996409336,97
"93",2009,8,6.97368421052632,19,6.9,7.25,7,6.16666666666667,7.34615384615385,15,4,1,6,13,880,637,243,79,310,570,6.67259003409091,6.9275557299843,6.00422316872428,5.95443037974683,6.70065483870968,6.65732671929825,98
"94",2009,9,6.04705882352941,17,6.375,5.26,5.65,6.5,5.90769230769231,12,5,2,4,13,897,649,248,81,314,583,6.66073492753623,6.91733898305085,5.98921866935484,5.94691358024691,6.69809872611465,6.64061102915952,99
"95",2009,10,6.69230769230769,13,6.55555555555556,7,7,7.33333333333333,6.5,9,4,2,3,10,910,658,252,83,317,593,6.66118596703297,6.9123905775076,6.00526281746032,5.97228915662651,6.70411041009464,6.63823984822934,100
"96",2009,11,6.26923076923077,13,6.9375,5.2,5,6.5,6.125,8,5,1,5,8,923,666,257,84,322,601,6.65566547128927,6.91269219219219,5.98959622568093,5.96071428571428,6.70094099378882,6.63140803660566,101
"97",2009,12,6.98421052631579,19,7.44444444444444,6.57,7,7.18,6.91428571428571,9,10,1,5,14,942,675,267,85,327,615,6.66229217622081,6.91978222222222,6.01133419475655,5.97294117647059,6.70826605504587,6.63784752845529,102
"98",2010,1,6.6,17,7.1875,6.07777777777778,6.7,7.28333333333333,6.22727272727273,8,9,6,6,11,959,683,276,91,333,626,6.66118793534932,6.92291800878477,6.01350083333333,6.02087912087912,6.71862762762763,6.63063295527157,103
"99",2010,2,6.72222222222222,9,7.6,5.625,6,4,7.0625,5,4,1,1,8,968,688,280,92,334,634,6.66175540289256,6.9278386627907,6.00795082142857,6.02065217391304,6.71048802395209,6.63608238170347,104
"100",2010,3,6.425,12,6.6375,6,NA,6.5,6.3875,8,4,0,4,8,980,696,284,92,338,642,6.65885635714286,6.92450143678161,6.00783883802817,6.02065217391304,6.70799704142012,6.63298478193147,105
"101",2010,4,6.15454545454545,11,6.2,6.11666666666667,6.5,7.125,5.6,5,6,1,4,7,991,701,290,93,342,649,6.65325855701312,6.91933380884451,6.01009044827586,6.0258064516129,6.71287426900585,6.62184318952234,106
"102",2010,5,6.76153846153846,13,6.7375,6.8,4.5,NA,6.76153846153846,8,5,2,0,13,1004,709,295,95,342,662,6.6546605876494,6.91728208744711,6.02347874576271,5.99368421052631,6.71287426900585,6.62458645015106,107
"103",2010,6,5.76,5,7,5.45,5.4,5.8,5.75,1,4,2,1,4,1009,710,299,97,343,666,6.65022718533201,6.91739859154929,6.01580678929766,5.98144329896907,6.71021282798834,6.61933367867868,108
"104",2010,7,6.54545454545455,11,6.6,6,6,7,6.44444444444444,10,1,1,2,9,1020,720,300,98,345,675,6.64909728431372,6.91299027777778,6.0157541,5.98163265306122,6.71189275362319,6.61700182222222,109
"105",2010,8,6.95454545454545,11,7.3125,6,5.5,5.66666666666667,7.4375,8,3,2,3,8,1031,728,303,100,348,683,6.65235618816683,6.91738049450549,6.01559811881188,5.972,6.70288218390805,6.62661234260615,110
"106",2010,9,5.89166666666667,12,6.28333333333333,5.5,5.33333333333333,4.73333333333333,6.27777777777778,6,6,3,3,9,1043,734,309,103,351,692,6.64360424736337,6.91219754768392,6.00558650485437,5.95339805825243,6.68604843304843,6.62207547687861,111
"107",2010,10,6.5,11,6.91666666666667,6,5.66666666666667,6.75,6.44444444444444,6,5,3,2,9,1054,740,314,106,353,701,6.6421055313093,6.91223378378378,6.0054975477707,5.94528301886792,6.68641076487252,6.61979490727532,112
"108",2010,11,5.90909090909091,11,6.42857142857143,5,NA,NA,5.90909090909091,7,4,0,0,11,1065,747,318,106,353,712,6.63453448826291,6.90770147255689,5.99284977987421,5.94528301886792,6.68641076487252,6.60881492977528,113
"109",2010,12,6.07692307692308,13,7.14285714285714,4.83333333333333,5,5,6.4,7,6,1,3,10,1078,754,324,107,356,722,6.62781004638219,6.90988461538461,5.97137725308642,5.93644859813084,6.67219943820225,6.60592275623269,114
"110",2011,1,6.55,20,6.92857142857143,5.66666666666667,5.5,6,6.64705882352941,14,6,4,3,17,1098,768,330,111,359,739,6.62639274134791,6.91022526041667,5.96583706060606,5.92072072072072,6.66658217270195,6.60686905277402,115
"111",2011,2,5.57777777777778,9,6.5,5.31428571428571,4,NA,5.57777777777778,2,7,1,0,9,1107,770,337,112,359,748,6.61786741644083,6.90915974025974,5.95230335311573,5.90357142857143,6.66658217270195,6.59448693850268,116
"112",2011,3,6.5,10,6.85714285714286,5.66666666666667,6,5,6.66666666666667,7,3,2,1,9,1117,777,340,114,360,757,6.61681220232766,6.90869111969112,5.94978302941177,5.90526315789474,6.66195277777778,6.59534508586526,117
"113",2011,4,5.5625,8,5.66666666666667,5.5,5,6,5.41666666666667,3,5,2,2,6,1125,780,345,116,362,763,6.60931487111111,6.9039141025641,5.94326443478261,5.88965517241379,6.6582955801105,6.58607631716907,118
"114",2011,5,6.7,10,6.66666666666667,6.75,5,6.33333333333333,6.85714285714286,6,4,1,3,7,1135,786,349,117,365,770,6.61011385903084,6.90210305343511,5.95251068767908,5.88205128205128,6.65562465753425,6.58854055844156,119
"115",2011,6,7.01111111111111,9,7.43333333333333,6.16666666666667,5.5,6.4,7.775,6,3,1,5,4,1144,792,352,118,370,774,6.61326855769231,6.90612752525252,5.95433588068182,5.87881355932203,6.65217027027027,6.59467213178295,120
"116",2011,7,6.42307692307692,13,6.59090909090909,5.5,5,6.2,6.5625,11,2,1,5,8,1157,803,354,119,375,782,6.61113157303371,6.90180946450809,5.95176901129943,5.87142857142857,6.64614133333333,6.59434300511509,121
"117",2011,8,6.45454545454545,11,7.33333333333333,5.4,6.25,3.5,7.11111111111111,6,5,4,2,9,1168,809,359,123,377,791,6.609656875,6.90500988875154,5.94408420612813,5.88373983739837,6.62945092838196,6.60022279393173,122
"118",2011,9,6.525,10,6.85,6.2,6,6.75,6.375,5,5,4,4,6,1178,814,364,127,381,797,6.60893822580645,6.90467199017199,5.94759953296703,5.88740157480315,6.63071653543307,6.59852726474279,123
"119",2011,10,6.54545454545455,11,7.125,5,5,6,6.6,8,3,1,1,10,1189,822,367,128,382,807,6.60835090832633,6.90681630170316,5.93985348773842,5.88046875,6.62906544502618,6.59854551425031,124
"120",2011,11,6.75555555555556,18,6.95833333333333,6.35,NA,7.16666666666667,6.55,12,6,0,6,12,1207,834,373,128,388,819,6.61054617232809,6.90755755395683,5.94645101876676,5.88046875,6.63737886597938,6.59783422466423,125
"121",2011,12,6.51538461538462,13,7.16666666666667,6.32,6.9,6.84,6.3125,3,10,3,5,8,1220,837,383,131,393,827,6.60953215573771,6.908486260454,5.95620425587467,5.90381679389313,6.63995674300254,6.59507403869408,126
"122",2012,1,6,10,6,6,5.66666666666667,NA,6,5,5,3,0,10,1230,842,388,134,393,837,6.6045766097561,6.90309144893112,5.95676863402062,5.89850746268657,6.63995674300254,6.58796443249702,127
"123",2012,2,6.54166666666667,12,6.75,6.33333333333333,6.5,6.83333333333333,6.44444444444444,6,6,2,3,9,1242,848,394,136,396,846,6.603968784219,6.90200825471698,5.96250312182741,5.90735294117647,6.64142171717172,6.58643762411348,128
"124",2012,3,6.28571428571429,7,6.5,5,5,NA,6.28571428571429,6,1,1,0,7,1249,854,395,137,396,853,6.60218513210569,6.89918384074941,5.96006640506329,5.9007299270073,6.64142171717172,6.58396978898007,129
"125",2012,4,6.5,6,6.5,NA,NA,6,6.6,6,0,0,1,5,1255,860,395,137,397,858,6.60169659760956,6.8963988372093,5.96006640506329,5.9007299270073,6.63980604534005,6.58406320512821,130
"126",2012,5,6.63,10,6.725,6.25,NA,6.63333333333333,6.625,8,2,0,6,4,1265,868,397,137,403,862,6.60192033992095,6.89481912442396,5.96152702770781,5.9007299270073,6.63970967741935,6.58425316705337,131
"127",2012,6,5.94444444444444,9,6,5.91666666666667,7,5,6.0625,3,6,1,1,8,1274,871,403,138,404,870,6.59727569073783,6.89173708381171,5.96085913151365,5.90869565217391,6.63565099009901,6.57945543678161,132
"128",2012,7,7.03181818181818,11,6.82142857142857,7.4,NA,6.875,7.12142857142857,7,4,0,4,7,1285,878,407,138,408,877,6.60099550972763,6.89117653758542,5.97500302211302,5.90869565217391,6.63799754901961,6.5837813340935,133
"129",2012,8,7.65384615384615,13,7.8125,7.4,NA,8,7.625,8,5,0,1,12,1298,886,412,138,409,889,6.61154023882897,6.89949548532731,5.99229667475728,5.90869565217391,6.64132762836186,6.59783602924635,134
"130",2012,9,6.55555555555556,9,6.71428571428571,6,6,6,6.625,7,2,1,1,8,1307,893,414,139,410,897,6.61115472838562,6.89804367301232,5.99233388888889,5.90935251798561,6.63976341463415,6.59807829431438,135
"131",2012,10,6.88636363636364,11,6.91666666666667,6.75,6.5,6.5,6.925,9,2,1,1,10,1318,902,416,140,411,907,6.61345161608498,6.89822949002217,5.99597651442308,5.91357142857143,6.63942335766423,6.60168272326351,136
"132",2012,11,6.71428571428571,14,7.71428571428571,5.71428571428571,5.5,7,6.5,7,7,2,6,8,1332,909,423,142,417,915,6.61451143393394,6.90451375137514,5.99131496453901,5.90774647887324,6.64461151079137,6.60079369398907,137
"133",2012,12,6.3,10,6.375,6,6,6.66666666666667,6.14285714285714,8,2,2,3,7,1342,917,425,144,420,922,6.61216783159464,6.89989422028353,5.99135583529412,5.90902777777778,6.64476904761905,6.59731695227766,138
"134",2013,1,6.34,10,8.7,5.75,NA,7,6.05714285714286,2,8,0,3,7,1352,919,433,144,423,929,6.61015475591716,6.90381175190424,5.98689660508083,5.90902777777778,6.64728841607565,6.59324674919268,139
"135",2013,2,5.80291666666667,12,6.23916666666667,5.36666666666667,5.5,5.6,5.94785714285714,6,6,2,5,7,1364,925,439,146,428,936,6.60305295454546,6.89950054054054,5.97841965831435,5.90342465753425,6.63505373831776,6.58842011752137,140
"136",2013,3,6.86363636363636,11,6.5,7.5,6,6.5,6.94444444444444,7,4,1,2,9,1375,932,443,147,430,945,6.60513762181818,6.8965,5.99215853273138,5.90408163265306,6.63442558139535,6.59181082539683,141
"137",2013,4,6.95714285714286,14,6.92,7.05,6.25,6.13333333333333,7.18181818181818,10,4,2,3,11,1389,942,447,149,433,956,6.60868555075594,6.89674946921444,6.00162467561521,5.90872483221476,6.63095381062356,6.59859961297071,142
"138",2013,5,5.62222222222222,9,6.93333333333333,4.96666666666667,4.5,8,5.325,3,6,2,1,8,1398,945,453,151,434,964,6.60233492846924,6.89686560846561,5.98791662251655,5.89006622516556,6.63410829493087,6.58803032157677,143
"139",2013,6,6.72,15,7.58888888888889,5.41666666666667,NA,6.9,6.69230769230769,9,6,0,2,13,1413,954,459,151,436,977,6.60358402689314,6.90339412997904,5.98044930283224,5.89006622516556,6.63532798165138,6.58941784032754,144
"140",2013,7,6,8,6.33333333333333,5.8,NA,6,6,3,5,0,3,5,1421,957,464,151,439,982,6.60018594651654,6.90160710553814,5.97850480603448,5.89006622516556,6.63098633257403,6.5864167311609,145
"141",2013,8,6.50625,8,7.375,5.6375,6.125,7.075,5.9375,4,4,2,4,4,1429,961,468,153,443,986,6.59966006298111,6.90357752341311,5.97559023504273,5.89313725490196,6.63499548532731,6.58378420892495,146
"142",2013,9,6.18181818181818,11,6.22222222222222,6,NA,6.33333333333333,6.125,9,2,0,3,8,1440,970,470,153,446,994,6.59646821527778,6.89725567010309,5.97569410638298,5.89313725490196,6.632966367713,6.58009178068411,147
"143",2013,10,7.25,12,7.57142857142857,6.8,7,8,7.1,7,5,1,2,10,1452,977,475,154,448,1004,6.60186930440771,6.90208597748209,5.98437101052632,5.90032467532467,6.63906919642857,6.58527014940239,148
"144",2013,11,6.42071428571429,14,6.91666666666667,6.04875,5.195,8,6.29923076923077,6,8,2,1,13,1466,983,483,156,449,1017,6.60013931105048,6.90217497456765,5.98543732919255,5.89128205128205,6.64210022271715,6.58161379547689,149
"145",2013,12,5.81818181818182,11,6,5.33333333333333,6,6,5.8,8,3,1,1,10,1477,991,486,157,450,1027,6.59431566012187,6.89489202825429,5.98141199588477,5.89197452229299,6.64067333333333,6.57400314508277,150
"146",2014,1,6.85,4,7.5,6.2,6,8,6.46666666666667,2,2,1,1,3,1481,993,488,158,451,1030,6.59500623227549,6.896110775428,5.98230784836066,5.8926582278481,6.64368736141907,6.57369051456311,151
"147",2014,2,7.125,12,7.91666666666667,6.33333333333333,6.66666666666667,7.83333333333333,6.88888888888889,6,6,3,3,9,1493,999,494,161,454,1039,6.5992660616209,6.90224024024024,5.98657131578947,5.90708074534161,6.65154845814978,6.57642081809432,152
"148",2014,3,6.0625,8,6.75,5.375,5.5,4.75,6.5,4,4,3,2,6,1501,1003,498,164,456,1045,6.59640521652232,6.90163310069791,5.98165909638554,5.89963414634146,6.64320833333333,6.57598203827751,153
"149",2014,4,7.2,5,8,6.66666666666667,5.5,NA,7.2,2,3,2,0,5,1506,1005,501,166,456,1050,6.59840918326693,6.90381890547264,5.98576093812375,5.89481927710843,6.64320833333333,6.57895355238095,154
"150",2014,5,6.11538461538461,13,6.5,5.5,4.5,NA,6.11538461538461,8,5,2,0,13,1519,1013,506,168,456,1063,6.59427533245556,6.9006298124383,5.98096092885375,5.87821428571428,6.64320833333333,6.57328431796802,155
"151",2014,6,6.51111111111111,9,6.88571428571429,5.2,4,5.775,7.1,7,2,1,4,5,1528,1020,508,169,460,1068,6.5937854908377,6.90052745098039,5.97788627952756,5.86710059171597,6.63565869565217,6.57575021535581,156
"152",2014,7,6.7,6,7,6.1,NA,NA,6.7,4,2,0,0,6,1534,1024,510,169,460,1074,6.59420093220339,6.900916015625,5.97836515686274,5.86710059171597,6.63565869565217,6.57644434823091,157
"153",2014,8,6.6875,8,7.3,5.66666666666667,6,10,6.21428571428571,5,3,2,1,7,1542,1029,513,171,461,1081,6.59468497405966,6.90285519922255,5.97654235867446,5.86865497076023,6.64295661605206,6.57409919518964,158
"154",2014,9,6.38888888888889,9,7.3,5.25,5,7.75,5.3,5,4,3,4,5,1551,1034,517,174,465,1086,6.5934907994842,6.90477562862669,5.97092114119923,5.85367816091954,6.65247956989247,6.56823317679558,159
"155",2014,10,6.15625,8,6.54166666666667,5,5,6,6.25,6,2,1,3,5,1559,1040,519,175,468,1091,6.59124710070558,6.90268076923077,5.96717963391137,5.8488,6.64829700854701,6.56677472960587,160
"156",2014,11,6.55,12,7.14285714285714,5.72,2,5.86666666666667,6.77777777777778,7,5,1,3,9,1571,1047,524,176,471,1100,6.59093203691916,6.90428653295129,5.96482104961832,5.82693181818182,6.64331847133758,6.56850111818182,161
"157",2014,12,6.03571428571429,14,6.8125,5,4.5,4,6.375,8,6,4,2,12,1585,1055,530,180,473,1112,6.58602790536278,6.90359052132701,5.95389854716981,5.79744444444444,6.63214164904863,6.56641297661871,162
"158",2015,1,6.6,15,7,6.14285714285714,7,NA,6.6,8,7,4,0,15,1600,1063,537,184,473,1127,6.58615889375,6.90431608654751,5.95636169459963,5.82358695652174,6.63214164904863,6.56686000887312,163
"159",2015,2,6.1,9,5.98,6.25,NA,7.45,5.71428571428571,5,4,0,2,7,1609,1068,541,184,475,1134,6.58343954630205,6.89998876404494,5.95853277264325,5.82358695652174,6.63558526315789,6.56159720458554,164
"160",2015,3,7,5,6,7.25,NA,7,7,1,4,0,2,3,1614,1069,545,184,477,1137,6.58473000619579,6.89914686623012,5.96801143119266,5.82358695652174,6.63711320754717,6.56275394019349,165
"161",2015,4,6.6,15,6.5,6.75,7,6.33333333333333,6.66666666666667,9,6,2,3,12,1629,1078,551,186,480,1149,6.58487061387354,6.89581447124304,5.97652673321234,5.83623655913978,6.63521458333333,6.56383919060052,166
"162",2015,5,6.95833333333333,12,7.1,6.25,6,9,6.77272727272727,10,2,1,1,11,1641,1088,553,187,481,1160,6.58760160268129,6.89769117647059,5.97751578661844,5.83711229946524,6.64013097713098,6.56582002586207,167
"163",2015,6,6.44285714285714,7,7.275,5.33333333333333,6,NA,6.44285714285714,4,3,1,0,7,1648,1092,556,188,481,1167,6.58698679004854,6.89907326007326,5.97403998201439,5.83797872340425,6.64013097713098,6.56508245929734,168
"164",2015,7,6.66666666666667,9,6.6,6.75,5.66666666666667,6,7,5,4,3,3,6,1657,1097,560,191,484,1173,6.58741957151479,6.89771011850501,5.97958255357143,5.83528795811518,6.6361632231405,6.56730710144928,169
"165",2015,8,6.82142857142857,7,6.625,7.08333333333333,7.25,7.25,6.65,4,3,1,2,5,1664,1101,563,192,486,1178,6.588403984375,6.89671934604905,5.9854639964476,5.84265625,6.63868930041152,6.56765808998302,170
"166",2015,9,6.5,8,8.16666666666667,5.5,7.5,1,7.28571428571429,3,5,1,1,7,1672,1104,568,193,487,1185,6.58798099880383,6.90017028985507,5.98119054577465,5.85124352331606,6.62711088295688,6.5718997721519,171
"167",2015,10,6.11111111111111,9,6.5,5.33333333333333,5.33333333333333,5,6.66666666666667,6,3,3,3,6,1681,1110,571,196,490,1191,6.58542785841761,6.89800720720721,5.97778674255692,5.84331632653061,6.61714897959184,6.57237718723762,172
"168",2015,11,6.19166666666667,12,6.37142857142857,5.94,4.5,7.2,6.1,7,5,2,1,11,1693,1117,576,198,491,1202,6.58263687536917,6.8947072515667,5.97745873263889,5.82974747474747,6.61833604887984,6.56805426788686,173
"169",2015,12,7.1,10,7.8,6.4,6,7,7.125,5,5,2,2,8,1703,1122,581,200,493,1210,6.58567482677628,6.89874153297683,5.98109506024096,5.83145,6.61988438133874,6.57173655371901,174
"170",2016,1,6.04166666666667,12,6.35714285714286,5.6,5.5,4.75,6.3,7,5,4,2,10,1715,1129,586,204,495,1220,6.58186835568513,6.89538352524358,5.97784339590444,5.82495098039215,6.61232929292929,6.56950920491803,175
"171",2016,2,6.94471428571429,7,7.90325,5.66666666666667,5.5,NA,6.94471428571429,4,3,2,0,7,1722,1133,589,206,495,1227,6.58334333914053,6.89894174757282,5.97625845500849,5.82179611650485,6.61232929292929,6.57164973920131,176
"172",2016,3,8.33333333333333,3,8.5,8,8,9,7,2,1,1,2,1,1725,1135,590,207,497,1228,6.5863868,6.90176299559471,5.97968852542373,5.83231884057971,6.62193762575453,6.57199855863192,177
"173",2016,4,6.25,8,6.5,5.83333333333333,4,7,6.14285714285714,5,3,1,1,7,1733,1140,593,208,498,1235,6.58483394691287,6.90000087719298,5.97894811129848,5.82350961538461,6.62269678714859,6.56956617813765,178
"174",2016,5,6.66923076923077,13,6.74444444444444,6.5,5.33333333333333,6,6.96666666666667,9,4,3,4,9,1746,1149,597,211,502,1244,6.58546233104238,6.89878241949521,5.98243924623116,5.81654028436019,6.61773505976095,6.57243909163987,179
"175",2016,6,6.125,4,6,6.5,NA,6,6.25,3,1,0,2,2,1750,1152,598,211,504,1246,6.58440984571429,6.89644184027778,5.98330473244147,5.81654028436019,6.61528373015873,6.5719215329053,180
"176",2016,7,6.078125,16,6.55555555555556,5.46428571428571,5,7,5.86538461538461,9,7,4,3,13,1766,1161,605,215,507,1259,6.57982289354473,6.89379931093885,5.97729955371901,5.8013488372093,6.61756015779093,6.56462607625099,181
"177",2016,8,6.45833333333333,12,6.5,6.25,6.5,10,6.13636363636364,10,2,1,1,11,1778,1171,607,216,508,1270,6.57900294150731,6.89043637916311,5.97819807248764,5.80458333333333,6.62421850393701,6.56091671653543,182
"178",2016,9,6.9,10,6.94444444444444,6.5,6.5,NA,6.9,9,1,1,0,10,1788,1180,608,217,508,1280,6.58079822706935,6.89084830508475,5.9790562993421,5.80778801843318,6.62421850393701,6.5635658046875,183
"179",2016,10,5.71428571428571,7,6,5.33333333333333,5,6,5.6,4,3,2,2,5,1795,1184,611,219,510,1285,6.57741906963788,6.88783868243243,5.9758858101473,5.80041095890411,6.62177058823529,6.55981652140078,184
"180",2016,11,6.38235294117647,17,6.70833333333333,5.6,3,7.08333333333333,6,12,5,1,6,11,1812,1196,616,220,516,1296,6.5755889790287,6.88603762541806,5.97283478896104,5.78768181818182,6.62713759689922,6.55506499228395,185
"181",2016,12,6.0625,8,8,5.41666666666667,4.33333333333333,NA,6.0625,2,6,3,0,8,1820,1198,622,223,516,1304,6.57333364285714,6.88789732888147,5.96746982315113,5.76811659192825,6.62713759689922,6.55204312116564,186
"182",2017,1,6.40625,16,6.89285714285714,3,3,3,6.63333333333333,14,2,2,1,15,1836,1212,624,225,517,1319,6.57187757625272,6.88795462046205,5.95795870192308,5.74351111111111,6.62012185686654,6.55296757391964,187
"183",2017,2,6.66666666666667,9,6.57142857142857,7,8,6,7,7,2,1,3,6,1845,1219,626,226,520,1325,6.57233996205962,6.88613699753897,5.96128790734824,5.75349557522124,6.61654423076923,6.55499187169811,188
"184",2017,3,6.625,16,7,6,5,6.66666666666667,6.61538461538461,10,6,1,3,13,1861,1229,632,227,523,1338,6.57279270822139,6.88706346623271,5.96165542721519,5.75017621145374,6.61683173996176,6.55557864723468,189
"185",2017,4,6.53846153846154,13,6.95,5.16666666666667,2.5,5.625,6.94444444444444,10,3,1,4,9,1874,1239,635,228,527,1347,6.57255455176094,6.88757142857143,5.95789957480315,5.73592105263158,6.60930360531309,6.5581768596882,190
"186",2017,5,6.3,10,7.8,4.8,NA,6,6.375,5,5,0,2,8,1884,1244,640,228,529,1355,6.57110787154989,6.89123874598071,5.948853484375,5.73592105263158,6.607,6.55709537269373,191
"187",2017,6,6.35714285714286,7,6.25,6.4,5.5,7,6.1,2,5,2,2,5,1891,1246,645,230,531,1360,6.57031582760444,6.89020947030498,5.95235074418605,5.73386956521739,6.6084802259887,6.555414875,192
"188",2017,7,6.66666666666667,9,6.57142857142857,7,7,6,6.75,7,2,2,1,8,1900,1253,647,232,532,1368,6.57077222631579,6.88842857142857,5.95558922720247,5.74478448275862,6.60733646616541,6.5565527997076,193
"189",2017,8,6.95833333333333,12,7.27777777777778,6,NA,7.6,6.5,9,3,0,5,7,1912,1262,650,232,537,1375,6.57320461820084,6.89120522979398,5.9557942,5.74478448275862,6.6165791433892,6.55626489454545,194
"190",2017,9,7.19,10,7.2375,7,6,8.15,6.55,8,2,1,4,6,1922,1270,652,233,541,1381,6.57641375130073,6.89338661417323,5.95899728527607,5.74587982832618,6.6279168207024,6.55623767559739,195
"191",2017,10,6.85454545454545,11,7.5,6.08,NA,6.95,6.83333333333333,6,5,0,2,9,1933,1276,657,233,543,1390,6.57799649767201,6.89623902821317,5.95991815829528,5.74587982832618,6.62910313075506,6.55803182014388,196
"192",2017,11,7.325,8,7.44,7.13333333333333,8,7.26666666666667,7.5,5,3,2,6,2,1941,1281,660,235,549,1392,6.58107533745492,6.89836143637783,5.96525186363636,5.76506382978723,6.63607103825136,6.55938522270115,197
"193",2017,12,6.5,11,7.21428571428571,5.25,NA,6.5,6.5,7,4,0,4,7,1952,1288,664,235,553,1399,6.5806184579918,6.90007841614907,5.96094311746988,5.76506382978723,6.63508679927667,6.55908808434596,198
"194",2018,1,7.09090909090909,11,7.21428571428571,6.875,6.66666666666667,7.83333333333333,6.8125,7,4,3,3,8,1963,1295,668,238,556,1407,6.58347795720835,6.90177683397684,5.96641651197605,5.77642857142857,6.64155215827338,6.56052894811656,199
"195",2018,2,6.22307692307692,13,6.0875,6.44,NA,5,6.325,8,5,0,1,12,1976,1303,673,238,557,1419,6.58110689777328,6.89677743668458,5.9699349628529,5.77642857142857,6.63860502692998,6.55853715997181,200
"196",2018,3,6.72727272727273,11,7.42857142857143,5.5,6,5,6.9,7,4,1,1,10,1987,1310,677,239,558,1429,6.58191606945143,6.89961908396947,5.96715838995569,5.7773640167364,6.63566845878136,6.5609266829951,201
"197",2018,4,6.66363636363636,11,6.8,6.55,6,7.33333333333333,6.4125,5,6,1,3,8,1998,1315,683,240,561,1437,6.58236598098098,6.89924030418251,5.97227852122987,5.77829166666666,6.63939928698752,6.56010036882394,202
"198",2018,5,6.33333333333333,9,6.66666666666667,5.66666666666667,5.5,7,6.25,6,3,2,1,8,2007,1321,686,242,562,1445,6.58124924265072,6.89818395155186,5.97094202623907,5.77599173553719,6.6400409252669,6.55838355017301,203
"199",2018,6,7.6,5,7.6,NA,NA,9,7.25,5,0,0,1,4,2012,1326,686,242,563,1449,6.58378092942346,6.90083031674208,5.97094202623907,5.77599173553719,6.64423268206039,6.56029277432712,204
"200",2018,7,6.76666666666667,15,7.05555555555556,6.33333333333333,6,8,6.67857142857143,9,6,4,1,14,2027,1335,692,246,564,1463,6.58513430192403,6.9018734082397,5.97408414739884,5.77963414634146,6.64663652482269,6.56142462747778,205
"201",2018,8,7,6,7.5,6,8,NA,7,4,2,1,0,6,2033,1339,694,247,564,1469,6.58635869650762,6.90366019417476,5.97415883285303,5.78862348178137,6.64663652482269,6.56321594962559,206
"202",2018,9,7.25,4,8.5,6,6,7,7.33333333333333,2,2,1,1,3,2037,1341,696,248,565,1472,6.58766187039764,6.90604101416853,5.97423308908046,5.78947580645161,6.64726194690265,6.56478548233695,207
"203",2018,10,6.57142857142857,7,8,6,6,6.5,6.66666666666667,2,5,2,4,3,2044,1343,701,250,569,1475,6.58760627690802,6.90767014147431,5.97441687589158,5.79116,6.64622671353251,6.56499269830508,208
"204",2018,11,6.91428571428571,14,7.68,5,5.33333333333333,7.25,6.78,10,4,3,4,10,2058,1353,705,253,573,1485,6.58982858600583,6.91337841832964,5.96888826950355,5.78573122529644,6.65044153577661,6.56644055892256,209
"205",2018,12,7,10,7.11111111111111,6,6,7.16666666666667,6.92857142857143,9,1,1,3,7,2068,1362,706,254,576,1492,6.59181200676982,6.91468502202643,5.96893233711048,5.7865748031496,6.65313020833333,6.56813956434316,210
"206",2019,1,7.34090909090909,11,7.375,7.25,6.25,8.16666666666667,7.03125,8,3,1,3,8,2079,1370,709,255,579,1500,6.59577548340548,6.91737299270073,5.97435293370945,5.78839215686274,6.66097236614853,6.57060948666666,211
"207",2019,2,7.4625,8,7.61666666666667,7,NA,7,7.52857142857143,6,2,0,1,7,2087,1376,711,255,580,1507,6.59909785816962,6.92042223837209,5.97723801687764,5.78839215686274,6.66155689655172,6.57505921035169,212
"208",2019,3,6.8,6,6.8,NA,NA,8.3,6.5,6,0,0,1,5,2093,1382,711,255,581,1512,6.59967378404204,6.9198994211288,5.97723801687764,5.78839215686274,6.66437693631669,6.57481099867725,213
"209",2019,4,6.7,12,7.74285714285714,5.24,6,6.925,6.5875,7,5,1,4,8,2105,1389,716,256,585,1520,6.60024571496437,6.9240467962563,5.97208970670391,5.78921875,6.66615897435897,6.57487778289474,214
"210",2019,5,6.73333333333333,9,6.53333333333333,6.83333333333333,6.25,NA,6.73333333333333,3,6,2,0,9,2114,1392,722,258,585,1529,6.60081231315043,6.92320474137931,5.97924685595568,5.79279069767442,6.66615897435897,6.57581048397645,215
"211",2019,6,5,2,NA,5,4,NA,5,0,2,1,0,2,2116,1392,724,259,585,1531,6.59929925803403,6.92320474137931,5.97654175414365,5.78586872586872,6.66615897435897,6.57375194644023,216
"212",2019,7,7.33333333333333,6,7.33333333333333,NA,NA,8,7.2,6,0,0,1,5,2122,1398,724,259,586,1536,6.60137475494816,6.92496494992847,5.97654175414365,5.78586872586872,6.66843515358362,6.57579051432292,217
"213",2019,8,6.83333333333333,6,7,6,NA,NA,6.83333333333333,5,1,0,0,6,2128,1403,725,259,586,1542,6.60202877349624,6.92523235923022,5.97657411034483,5.78586872586872,6.66843515358362,6.57679262645914,218
"214",2019,9,6.82,10,6.9,6.5,5,6.5,6.9,8,2,1,2,8,2138,1411,727,260,588,1550,6.60304828344247,6.92508929836995,5.97801407152682,5.78284615384615,6.66786224489796,6.57846079354839,219
"215",2019,10,6.79166666666667,12,6.81818181818182,6.5,NA,5.875,7.25,11,1,0,4,8,2150,1422,728,260,592,1558,6.6041010372093,6.92426230661041,5.97873108516483,5.78284615384615,6.66250506756757,6.58190900513479,220
"216",2019,11,7.21428571428571,7,7.58333333333333,5,NA,6,7.41666666666667,6,1,0,1,6,2157,1428,729,260,593,1564,6.60608123783032,6.92703151260504,5.97738851851852,5.78284615384615,6.66138785834738,6.58511140025575,221
"217",2019,12,6.8,10,7.625,6.25,6.75,6.83333333333333,6.78571428571429,4,6,2,3,7,2167,1432,735,262,596,1571,6.60697610982926,6.9289811452514,5.97961391836735,5.79022900763359,6.6622533557047,6.58600523870146,222
"218",2020,1,5.85833333333333,12,5.81111111111111,6,NA,6.33333333333333,5.7,9,3,0,3,9,2179,1441,738,262,599,1580,6.60285324919688,6.92199930603748,5.97969678861789,5.79022900763359,6.66060601001669,6.58095837341772,223
"219",2020,2,6.53125,16,7.33333333333333,4.125,3.5,5.5,6.67857142857143,12,4,2,2,14,2195,1453,742,264,601,1594,6.60233131207289,6.92539642119752,5.96969842318059,5.77287878787879,6.65674376039933,6.58181570263488,224
"220",2020,3,7.08571428571429,7,7.1,7,7,6.5,7.32,6,1,1,2,5,2202,1459,743,265,603,1599,6.60386795186194,6.92611446196025,5.97108510094213,5.77750943396226,6.65622388059701,6.58412397123202,225
"221",2020,4,5.85,10,5.91666666666667,5.75,5.66666666666667,4.5,6.42857142857143,6,4,3,3,7,2212,1465,747,268,606,1606,6.60045986889693,6.92198020477816,5.96990124497992,5.77626865671642,6.64554950495049,6.58344597135741,226
"222",2020,5,6.58333333333333,6,6.7,6,NA,8,6.3,5,1,0,1,5,2218,1470,748,268,607,1611,6.60041353922453,6.92122517006803,5.96994148395722,5.77626865671642,6.64778088962109,6.58256625077591,227
"223",2020,6,7,3,7,NA,NA,NA,7,3,0,0,0,3,2221,1473,748,268,607,1614,6.60095327780279,6.92138560760353,5.96994148395722,5.77626865671642,6.64778088962109,6.58334214993804,228
"224",2020,7,6.375,8,6.66666666666667,5.5,5,8,6.14285714285714,6,2,1,1,7,2229,1479,750,269,608,1621,6.60014231942575,6.92035226504395,5.96868830666667,5.77338289962825,6.65000493421052,6.58143999383097,229
"225",2020,8,5.75,8,6.2,5,NA,7,5.57142857142857,5,3,0,1,7,2237,1484,753,269,609,1628,6.59710202503353,6.91792520215634,5.96482899070385,5.77338289962825,6.65057963875205,6.57709719287469,230
"226",2020,9,6.5,12,6.6875,6.125,6,6,6.54545454545455,8,4,1,1,11,2249,1492,757,270,610,1639,6.59658391729658,6.91668967828418,5.96567533685601,5.77422222222222,6.6495131147541,6.57688482611348,231
"227",2020,10,5.5,4,7,5,NA,NA,5.5,1,3,0,0,4,2253,1493,760,270,610,1643,6.59463703062583,6.91674547890154,5.96186346052632,5.77422222222222,6.6495131147541,6.57426307364577,232
"228",2020,11,6.70197846153846,13,7.34730222222222,5.25,4,5.5,6.92052,9,4,1,2,11,2266,1502,764,271,612,1654,6.59525284642542,6.91932537949401,5.95813642670157,5.76767527675277,6.64575653594771,6.57656587061669,233
"229",2020,12,6.3,10,6.8,5.8,5.33333333333333,5.5,6.5,5,5,3,2,8,2276,1507,769,274,614,1662,6.59395560193322,6.9189294757797,5.95710823146944,5.7629197080292,6.64202442996742,6.57619732250301,234
"230",2021,1,5,8,7,3.8,4,NA,5,3,5,1,0,8,2284,1510,774,275,614,1670,6.58837257005254,6.91909054304636,5.94317342377261,5.75650909090909,6.64202442996742,6.56864667664671,235
"231",2021,2,6.4,10,6.71428571428571,5.66666666666667,NA,4,6.66666666666667,7,3,0,1,9,2294,1517,777,275,615,1679,6.58755141673932,6.91814549769282,5.94210583011583,5.75650909090909,6.63772845528455,6.569172096486,236
"232",2021,3,7.07777777777778,9,7.2125,6,NA,6.75,7.17142857142857,8,1,0,2,7,2303,1525,778,275,617,1686,6.58946719496309,6.91968965245902,5.94218024421594,5.75650909090909,6.63809238249595,6.57167256820878,237
"233",2021,4,6.66666666666667,6,7.5,6.25,3,9,6.2,2,4,1,1,5,2309,1527,782,276,618,1691,6.58966779991338,6.9204497184021,5.94375476982097,5.74652173913043,6.6419142394822,6.57057359550562,238
"234",2021,5,6.41666666666667,6,7.16666666666667,5.66666666666667,7,9,5.9,3,3,1,1,5,2315,1530,785,277,619,1696,6.58921941684665,6.92093249673203,5.9426958343949,5.75104693140794,6.64572374798061,6.56859666863208,239
"235",2021,6,6.3,7,6.02,7,7,NA,6.3,5,2,1,0,7,2322,1535,787,278,619,1703,6.58834752368648,6.91799786319219,5.94538275730623,5.75553956834532,6.64572374798061,6.56749263065179,240
"236",2021,7,8.25,4,8.33333333333333,8,NA,NA,8.25,3,1,0,0,4,2326,1538,788,278,619,1707,6.59120505159071,6.92075859557868,5.94799013959391,5.75553956834532,6.64572374798061,6.57143523725835,241
"237",2021,8,6.9,14,7.2625,6.41666666666667,5.25,8,6.81538461538462,8,6,2,1,13,2340,1546,794,280,620,1720,6.59305254273504,6.92252698576973,5.95153177581864,5.75192857142857,6.64790806451613,6.57327904069767,242
"238",2021,9,6.15,10,6.875,3.25,NA,5,6.64285714285714,8,2,0,3,7,2350,1554,796,280,623,1727,6.59116721276596,6.92228231660232,5.94474400753769,5.75192857142857,6.63997271268057,6.573561059641,243
"239",2021,10,6.66666666666667,9,7.5,6,NA,NA,6.66666666666667,4,5,0,0,9,2359,1558,801,280,623,1736,6.5914552564646,6.92376554557125,5.94508892634207,5.75192857142857,6.63997271268057,6.57404375,244
"240",2021,11,5.4,5,4.5,6,5,NA,5.4,2,3,1,0,5,2364,1560,804,281,623,1741,6.58893525803722,6.92065815384616,5.94529381840796,5.74925266903915,6.63997271268057,6.57067199885124,245
"241",2021,12,6.91666666666667,6,6.9,7,NA,8,6.375,5,1,0,2,4,2370,1565,805,281,625,1745,6.58976495780591,6.92059215335463,5.94660401242236,5.74925266903915,6.6443248,6.57022346704871,246
"242",2022,1,6.66666666666667,15,6.4,7.2,7.5,7,6.61538461538461,10,5,2,2,13,2385,1575,810,283,627,1758,6.5902486163522,6.91728680634921,5.95434102469136,5.76162544169611,6.64545933014354,6.57055742320819,247
"243",2022,2,6.74545454545455,11,7.02222222222222,5.5,NA,7.7,6.65,9,2,0,1,10,2396,1584,812,283,628,1768,6.59096116444073,6.91788303030303,5.95322195812808,5.76162544169611,6.64713853503184,6.57100675904977,248
"244",2022,3,6.16666666666667,9,6.58333333333333,5.33333333333333,NA,9,5.8125,6,3,0,1,8,2405,1590,815,283,629,1776,6.58937336798337,6.91662057861636,5.9509401595092,5.76162544169611,6.65087917329093,6.56759006193694,249
"245",2022,4,4.52,5,5.83333333333333,2.55,2.55,4.6,4.46666666666667,3,2,2,2,3,2410,1593,817,285,631,1779,6.58508006224066,6.91458048964219,5.9426147246022,5.73908771929824,6.64437876386687,6.56404718943226,250
"246",2022,5,6.625,8,6.75,6.25,6.25,6.5,6.66666666666667,6,2,2,2,6,2418,1599,819,287,633,1785,6.58521213813068,6.91396292682927,5.94336536019536,5.74264808362369,6.64392259083728,6.56439212885154,251
"247",2022,6,7.125,8,7.25,7,7.5,4,7.57142857142857,4,4,2,1,7,2426,1603,823,289,634,1792,6.58699214756801,6.91480144728634,5.94850088699879,5.75480968858131,6.63975236593059,6.56832586495536,252
"248",2022,7,7,6,7.3,5.5,NA,8,6.8,5,1,0,1,5,2432,1608,824,289,635,1797,6.58801108141447,6.9159992039801,5.94795658980583,5.75480968858131,6.64189448818897,6.5689704785754,253
"249",2022,8,7.11111111111111,9,7,7.5,NA,5,7.375,7,2,0,1,8,2441,1615,826,289,636,1805,6.58993975829578,6.91636329411765,5.95171456416465,5.75480968858131,6.63931289308176,6.57254290858726,254
"250",2022,9,5.98,5,3,6.725,NA,6.96666666666667,4.5,1,4,0,3,2,2446,1616,830,289,639,1807,6.58869294766966,6.9139398019802,5.95544124096386,5.75480968858131,6.64084976525821,6.57024900387382,255
"251",2022,10,6.95714285714286,14,7.74285714285714,6.17142857142857,6.5,6.5,7.03333333333333,7,7,2,2,12,2460,1623,837,291,641,1819,6.59078981707317,6.91751492298214,5.95724758661888,5.75993127147766,6.64041029641185,6.57330398570643,256
"252",2022,11,6.75454545454545,11,7.3,5.8,8,6,6.92222222222222,7,4,1,2,9,2471,1630,841,292,643,1828,6.59151879805746,6.91915749693252,5.95649967895363,5.76760273972603,6.63841835147745,6.57502185448578,257
"253",2022,12,6.10593333333333,15,6.8149,4.688,4.75,6.6298,5.844,10,5,4,5,10,2486,1640,846,296,648,1838,6.5885888777152,6.91852178048781,5.94900263593381,5.75385135135135,6.63835185185185,6.57104458650707,258
