"","year","month","avg_rating","no_ratings","avg_rating_owned","avg_rating_not_owned","avg_rating_prev_owned","avg_rating_comment","avg_rating_no_comment","no_ratings_owned","no_ratings_not_owned","no_ratings_prev_owned","no_ratings_comment","no_ratings_no_comment","cum_no_ratings","cum_no_ratings_owned","cum_no_ratings_not_owned","cum_no_ratings_prev_owned","cum_no_ratings_comment","cum_no_ratings_no_comment","cum_avg_rating","cum_avg_rating_owned","cum_avg_rating_not_owned","cum_avg_rating_prev_owned","cum_avg_rating_comment","cum_avg_rating_no_comment","month_after_release"
"1",2001,6,8.33333333333333,6,8,9,NA,9,8,4,2,0,2,4,6,4,2,0,2,4,8.33333333333333,8,9,NA,9,8,0
"2",2001,7,8.33333333333333,3,8.33333333333333,NA,NA,NA,8.33333333333333,3,0,0,0,3,9,7,2,0,2,7,8.33333333333333,8.14285714285714,9,NA,9,8.14285714285714,1
"3",2001,8,8.5,2,8.5,NA,NA,NA,8.5,2,0,0,0,2,11,9,2,0,2,9,8.36363636363636,8.22222222222222,9,NA,9,8.22222222222222,2
"4",2001,9,8.5,2,8.5,NA,NA,NA,8.5,2,0,0,0,2,13,11,2,0,2,11,8.38461538461539,8.27272727272727,9,NA,9,8.27272727272727,3
"5",2001,10,7.66666666666667,3,8,7,NA,7,8,2,1,0,1,2,16,13,3,0,3,13,8.25,8.23076923076923,8.33333333333333,NA,8.33333333333333,8.23076923076923,4
"6",2001,11,8,3,8,NA,NA,NA,8,3,0,0,0,3,19,16,3,0,3,16,8.21052631578947,8.1875,8.33333333333333,NA,8.33333333333333,8.1875,5
"7",2001,12,6,1,6,NA,NA,NA,6,1,0,0,0,1,20,17,3,0,3,17,8.1,8.05882352941176,8.33333333333333,NA,8.33333333333333,8.05882352941176,6
"8",2002,1,8.5,2,8.5,NA,NA,NA,8.5,2,0,0,0,2,22,19,3,0,3,19,8.13636363636364,8.10526315789474,8.33333333333333,NA,8.33333333333333,8.10526315789474,7
"9",2002,2,8,6,8.2,7,NA,8.5,7.75,5,1,0,2,4,28,24,4,0,5,23,8.10714285714286,8.125,8,NA,8.4,8.04347826086956,8
"10",2002,3,7,2,7,NA,NA,NA,7,2,0,0,0,2,30,26,4,0,5,25,8.03333333333333,8.03846153846154,8,NA,8.4,7.96,9
"11",2002,4,9,1,9,NA,NA,9,NA,1,0,0,1,0,31,27,4,0,6,25,8.06451612903226,8.07407407407407,8,NA,8.5,7.96,10
"12",2002,5,6.6,5,7.33333333333333,5.5,NA,7.5,6,3,2,0,2,3,36,30,6,0,8,28,7.86111111111111,8,7.16666666666667,NA,8.25,7.75,11
"13",2002,6,7.8,5,7.75,8,8,8,7.66666666666667,4,1,1,2,3,41,34,7,1,10,31,7.85365853658537,7.97058823529412,7.28571428571429,8,8.2,7.74193548387097,12
"14",2002,7,7.875,8,7.85714285714286,8,NA,8.5,7.66666666666667,7,1,0,2,6,49,41,8,1,12,37,7.85714285714286,7.95121951219512,7.375,8,8.25,7.72972972972973,13
"15",2002,8,7.64285714285714,7,7.8,7.25,NA,6.5,7.83333333333333,5,2,0,1,6,56,46,10,1,13,43,7.83035714285714,7.93478260869565,7.35,8,8.11538461538461,7.74418604651163,14
"16",2002,9,8,4,8.66666666666667,6,NA,9,7,3,1,0,2,2,60,49,11,1,15,45,7.84166666666667,7.97959183673469,7.22727272727273,8,8.23333333333333,7.71111111111111,15
"17",2002,10,7.5,7,7.875,7,7,7,7.58333333333333,4,3,2,1,6,67,53,14,3,16,51,7.80597014925373,7.97169811320755,7.17857142857143,7.33333333333333,8.15625,7.69607843137255,16
"18",2002,11,7.41666666666667,6,8.1,4,NA,7.7,6,5,1,0,5,1,73,58,15,3,21,52,7.77397260273973,7.98275862068965,6.96666666666667,7.33333333333333,8.04761904761905,7.66346153846154,17
"19",2002,12,8,6,8,8,8,9,7.8,4,2,1,1,5,79,62,17,4,22,57,7.79113924050633,7.98387096774194,7.08823529411765,7.5,8.09090909090909,7.67543859649123,18
"20",2003,1,7.8125,8,8.08333333333333,7,NA,8.16666666666667,7.6,6,2,0,3,5,87,68,19,4,25,62,7.79310344827586,7.99264705882353,7.07894736842105,7.5,8.1,7.66935483870968,19
"21",2003,2,7.2,5,7.25,7,NA,NA,7.2,4,1,0,0,5,92,72,20,4,25,67,7.76086956521739,7.95138888888889,7.075,7.5,8.1,7.63432835820895,20
"22",2003,3,7.75,4,7.75,NA,NA,8,7.5,4,0,0,2,2,96,76,20,4,27,69,7.76041666666667,7.94078947368421,7.075,7.5,8.09259259259259,7.6304347826087,21
"23",2003,4,8.36666666666667,9,8.28571428571429,8.65,9.3,9.43333333333333,7.83333333333333,7,2,1,3,6,105,83,22,5,30,75,7.81238095238095,7.96987951807229,7.21818181818182,7.86,8.22666666666667,7.64666666666667,22
"24",2003,5,7,7,6.75,7.33333333333333,NA,6.25,8,4,3,0,4,3,112,87,25,5,34,78,7.76160714285714,7.91379310344828,7.232,7.86,7.99411764705883,7.66025641025641,23
"25",2003,6,8.05,10,8.125,7.75,NA,7,8.16666666666667,8,2,0,1,9,122,95,27,5,35,87,7.78524590163934,7.93157894736842,7.27037037037037,7.86,7.96571428571429,7.71264367816092,24
"26",2003,7,8.10576923076923,26,8.4078947368421,7.28571428571429,8,8,8.1195652173913,19,7,1,3,23,148,114,34,6,38,110,7.84155405405405,8.0109649122807,7.27352941176471,7.88333333333333,7.96842105263158,7.79772727272727,25
"27",2003,8,7.69473684210526,19,8,7.51666666666667,NA,7.86666666666667,7.61538461538461,7,12,0,6,13,167,121,46,6,44,123,7.8248502994012,8.0103305785124,7.33695652173913,7.88333333333333,7.95454545454546,7.77845528455285,26
"28",2003,9,7.60666666666667,15,8.37272727272727,5.5,NA,7.4,7.71,11,4,0,5,10,182,132,50,6,49,133,7.80686813186813,8.0405303030303,7.19,7.88333333333333,7.89795918367347,7.77330827067669,27
"29",2003,10,7.65714285714286,7,7.9,7.33333333333333,NA,7.53333333333333,7.75,4,3,0,3,4,189,136,53,6,52,137,7.80132275132275,8.03639705882353,7.19811320754717,7.88333333333333,7.87692307692308,7.77262773722628,28
"30",2003,11,7,1,NA,7,7,NA,7,0,1,1,0,1,190,136,54,7,52,138,7.79710526315789,8.03639705882353,7.19444444444444,7.75714285714286,7.87692307692308,7.76702898550725,29
"31",2003,12,7.25,16,7.77777777777778,6.57142857142857,NA,7.33333333333333,7.23076923076923,9,7,0,3,13,206,145,61,7,55,151,7.75461165048544,8.02034482758621,7.12295081967213,7.75714285714286,7.84727272727273,7.72086092715232,30
"32",2004,1,7.45454545454545,11,7.66666666666667,7.2,8,8,7.25,6,5,1,3,8,217,151,66,8,58,159,7.73940092165899,8.00629139072848,7.12878787878788,7.7875,7.85517241379311,7.69716981132075,31
"33",2004,2,8.21428571428571,14,8.4,7.75,NA,8.33333333333333,8.125,10,4,0,6,8,231,161,70,8,64,167,7.76818181818182,8.0307453416149,7.16428571428571,7.7875,7.9,7.71766467065868,32
"34",2004,3,6.95833333333333,12,7.7,6.42857142857143,6.33333333333333,6.375,7.25,5,7,3,4,8,243,166,77,11,68,175,7.72818930041152,8.02078313253012,7.0974025974026,7.39090909090909,7.81029411764706,7.69628571428571,33
"35",2004,4,7.15533333333333,15,7.75727272727273,5.5,7,7.07142857142857,7.22875,11,4,1,7,8,258,177,81,12,75,183,7.69488372093023,8.00440677966101,7.01851851851852,7.35833333333333,7.74133333333334,7.67584699453552,34
"36",2004,5,7.859375,16,8.06818181818182,7.4,NA,7.25,8.0625,11,5,0,4,12,274,188,86,12,79,195,7.70448905109489,8.00813829787234,7.0406976744186,7.35833333333333,7.71645569620253,7.69964102564103,35
"37",2004,6,6.85,20,8.25,5.91666666666667,8,7.18181818181818,6.44444444444444,8,12,1,11,9,294,196,98,13,90,204,7.64636054421769,8.01801020408163,6.9030612244898,7.40769230769231,7.65111111111111,7.64426470588235,36
"38",2004,7,7.25,16,8.25,5.58333333333333,7,7.05,7.58333333333333,10,6,1,10,6,310,206,104,14,100,210,7.62590322580645,8.02927184466019,6.82692307692308,7.37857142857143,7.591,7.64252380952381,37
"39",2004,8,7.70833333333333,12,7.86363636363636,6,NA,8.16666666666667,7.55555555555556,11,1,0,3,9,322,217,105,14,103,219,7.6289751552795,8.02087557603686,6.81904761904762,7.37857142857143,7.60776699029126,7.6389497716895,38
"40",2004,9,7.5,14,7.54545454545455,7.33333333333333,9,7.8,7.33333333333333,11,3,1,5,9,336,228,108,15,108,228,7.62360119047619,7.99793859649122,6.83333333333333,7.48666666666667,7.61666666666667,7.62688596491228,39
"41",2004,10,6.65384615384615,13,6.88888888888889,6.125,7.75,7.375,6.33333333333333,9,4,2,4,9,349,237,112,17,112,237,7.58747851002865,7.95582278481012,6.80803571428571,7.51764705882353,7.60803571428572,7.57776371308017,40
"42",2004,11,7.19444444444444,18,7.11538461538461,7.4,7,7.375,7.14285714285714,13,5,1,4,14,367,250,117,18,116,251,7.56820163487738,7.91212,6.83333333333333,7.48888888888889,7.6,7.55350597609562,41
"43",2004,12,7.37894736842105,19,7.55,7.18888888888889,7.25,7.25,7.43846153846154,10,9,2,6,13,386,260,126,20,122,264,7.55888601036269,7.89819230769231,6.85873015873016,7.465,7.5827868852459,7.54784090909091,42
"44",2005,1,6.80952380952381,21,7.41666666666667,6,6,7.25,6.70588235294118,12,9,2,4,17,407,272,135,22,126,281,7.52022113022113,7.87694852941176,6.80148148148148,7.33181818181818,7.57222222222222,7.49690391459075,43
"45",2005,2,7.56666666666667,12,8.475,5.75,NA,8.2,7.25,8,4,0,4,8,419,280,139,22,130,289,7.52155131264916,7.89403571428571,6.77122302158273,7.33181818181818,7.59153846153846,7.49006920415225,44
"46",2005,3,8.20588235294118,17,8.09090909090909,8.41666666666667,9,9.33333333333333,7.59090909090909,11,6,1,6,11,436,291,145,23,136,300,7.54823394495413,7.90147766323024,6.83931034482759,7.40434782608696,7.66838235294118,7.49376666666667,45
"47",2005,4,7.21428571428571,14,8,6.625,NA,6.625,7.45,6,8,0,4,10,450,297,153,23,140,310,7.53784444444444,7.90346801346801,6.8281045751634,7.40434782608696,7.63857142857143,7.49235483870968,46
"48",2005,5,7.44736842105263,19,7.78571428571429,6.5,NA,7.94444444444444,7,14,5,0,9,10,469,311,158,23,149,320,7.53417910447761,7.89816720257235,6.81772151898734,7.40434782608696,7.65704697986577,7.47696875,47
"49",2005,6,7.5,20,8,6.88888888888889,6.66666666666667,8,7.28571428571429,11,9,3,6,14,489,322,167,26,155,334,7.53278118609407,7.90164596273292,6.82155688622754,7.31923076923077,7.67032258064516,7.46895209580838,48
"50",2005,7,7.38461538461539,13,7.925,5.58333333333333,8,6.89285714285714,7.95833333333333,10,3,1,7,6,502,332,170,27,162,340,7.52894422310757,7.90234939759036,6.79970588235294,7.34444444444444,7.63672839506173,7.47758823529412,49
"51",2005,8,7.43888888888889,18,7.9,6.8625,5.5,7.71428571428571,7.26363636363636,10,8,1,7,11,520,342,178,28,169,351,7.52582692307692,7.90228070175438,6.80252808988764,7.27857142857143,7.63994082840237,7.47088319088319,50
"52",2005,9,7.38235294117647,17,7.95454545454545,6.33333333333333,6.5,7.3125,7.44444444444444,11,6,2,8,9,537,353,184,30,177,360,7.52128491620112,7.90390934844192,6.78722826086957,7.22666666666667,7.62514124293785,7.47022222222222,51
"53",2005,10,7.10526315789474,19,8,6.11111111111111,8,7.36363636363636,6.75,10,9,2,11,8,556,363,193,32,188,368,7.50706834532374,7.9065564738292,6.75569948186529,7.275,7.60984042553192,7.4545652173913,52
"54",2005,11,7.65952380952381,21,7.85,7.05,NA,7.975,7.53333333333333,16,5,0,6,15,577,379,198,32,194,383,7.51261698440208,7.90416886543535,6.76313131313131,7.275,7.62113402061856,7.4576501305483,53
"55",2005,12,7.28947368421053,19,7.35,7.22222222222222,7,6.9375,7.54545454545455,10,9,3,8,11,596,389,207,35,202,394,7.5055033557047,7.88992287917738,6.78309178743961,7.25142857142857,7.59405940594059,7.46010152284264,54
"56",2006,1,7.42307692307692,26,7.53846153846154,7.30769230769231,7.66666666666667,7.61111111111111,7.32352941176471,13,13,3,9,17,622,402,220,38,211,411,7.50205787781351,7.87855721393035,6.81409090909091,7.28421052631579,7.59478672985782,7.45445255474452,55
"57",2006,2,7.23,10,7.91666666666667,6.2,NA,6.88333333333333,7.75,6,4,0,6,4,632,408,224,38,217,415,7.49775316455696,7.87911764705882,6.803125,7.28421052631579,7.57511520737327,7.45730120481928,56
"58",2006,3,7.25,16,7.66666666666667,6.71428571428571,7,6.66666666666667,7.6,9,7,1,6,10,648,417,231,39,223,425,7.49163580246914,7.87453237410072,6.8004329004329,7.27692307692308,7.55067264573991,7.46065882352941,57
"59",2006,4,7.13888888888889,18,7.27777777777778,7,8,7.375,6.95,9,9,1,8,10,666,426,240,40,231,435,7.4821021021021,7.86192488262911,6.80791666666667,7.295,7.54458874458874,7.44891954022988,58
"60",2006,5,7.25,14,7.68181818181818,5.66666666666667,NA,6.58333333333333,7.75,11,3,0,6,8,680,437,243,40,237,443,7.47732352941177,7.85739130434782,6.79382716049383,7.295,7.52025316455696,7.45435665914221,59
"61",2006,6,7.63888888888889,18,7.91666666666667,7.08333333333333,8,8,7.45833333333333,12,6,1,6,12,698,449,249,41,243,455,7.48148997134671,7.85897550111358,6.80080321285141,7.31219512195122,7.5320987654321,7.45446153846154,60
"62",2006,7,7.65384615384615,26,8.33333333333333,7.07142857142857,8,7.81818181818182,7.53333333333333,12,14,2,11,15,724,461,263,43,254,470,7.48767955801105,7.87132321041215,6.81520912547529,7.34418604651163,7.54448818897638,7.45697872340426,61
"63",2006,8,7.203125,32,7.61538461538461,6.92105263157895,6.5,6.96875,7.4375,13,19,3,16,16,756,474,282,46,270,486,7.47563492063492,7.86430379746835,6.82234042553192,7.28913043478261,7.51037037037037,7.45633744855967,62
"64",2006,9,7.17647058823529,17,8,6.25,8,7.22222222222222,7.125,9,8,1,9,8,773,483,290,47,279,494,7.46905562742562,7.86683229813664,6.80655172413793,7.30425531914894,7.50107526881721,7.45097165991903,63
"65",2006,10,7.2,20,7.54545454545455,6.77777777777778,NA,7.33333333333333,7.09090909090909,11,9,0,9,11,793,494,299,47,288,505,7.46226986128626,7.85967611336032,6.8056856187291,7.30425531914894,7.49583333333333,7.44312871287129,64
"66",2006,11,7.22105263157895,19,7.3,7.15,7.83333333333333,8.3,6.83571428571429,9,10,3,5,14,812,503,309,50,293,519,7.45662561576355,7.849662027833,6.8168284789644,7.336,7.50955631399317,7.42674373795761,65
"67",2006,12,7.18333333333333,30,7.78125,6.5,NA,7.2,7.175,16,14,0,10,20,842,519,323,50,303,539,7.44688836104513,7.84755298651252,6.8030959752322,7.336,7.4993399339934,7.4174025974026,66
"68",2007,1,7.62325581395349,43,8.364,6.59444444444444,4.5,8.06428571428571,7.41034482758621,25,18,2,14,29,885,544,341,52,317,568,7.45545762711865,7.87128676470588,6.79208211143695,7.22692307692308,7.52429022082019,7.41704225352113,67
"69",2007,2,7.34689416666667,24,7.90769230769231,6.68413272727273,6,7.77777777777778,7.088364,13,11,1,9,15,909,557,352,53,326,583,7.45259126512651,7.87213644524237,6.78870869318182,7.20377358490566,7.53128834355828,7.40858569468267,68
"70",2007,3,7.60952380952381,21,8.2,7.07272727272727,6,8,7.51764705882353,10,11,1,4,17,930,567,363,54,330,600,7.45613490322581,7.8779188712522,6.79731531680441,7.18148148148148,7.5369696969697,7.41167576666667,69
"71",2007,4,7.54814814814815,27,7.98333333333333,7.2,8,7.64285714285714,7.515,12,15,1,7,20,957,579,378,55,337,620,7.45873088819227,7.88010362694301,6.81329486772487,7.19636363636364,7.53916913946588,7.41500880645161,70
"72",2007,5,7.6125,24,8,7.225,NA,7.75,7.475,12,12,0,12,12,981,591,390,55,349,632,7.46249282364934,7.88253807106599,6.82596271794872,7.19636363636364,7.54641833810888,7.41614787974683,71
"73",2007,6,7.65238095238095,21,7.8,7.51818181818182,8.23333333333333,7.2,7.79375,10,11,3,5,16,1002,601,401,58,354,648,7.46647251497006,7.88116472545757,6.84495127182045,7.25,7.54152542372881,7.42547138888889,72
"74",2007,7,7.58888888888889,27,8.30909090909091,7.09375,NA,7.2,7.725,11,16,0,7,20,1029,612,417,58,361,668,7.46968460641399,7.88885620915033,6.8544975059952,7.25,7.53490304709141,7.43443931137724,73
"75",2007,8,7.63333333333333,15,8.0625,7.14285714285714,7,7.625,7.63636363636364,8,7,2,4,11,1044,620,424,60,365,679,7.47203588122605,7.89109677419355,6.85925816037736,7.24166666666667,7.53589041095891,7.437710544919,74
"76",2007,9,7.38,25,7.79166666666667,7,6.5,7.38888888888889,7.375,12,13,2,9,16,1069,632,437,62,374,695,7.46988349859682,7.88920886075949,6.86344498855835,7.21774193548387,7.53235294117647,7.43626684892086,75
"77",2007,10,6.96388888888889,36,7.30588235294118,6.65789473684211,7,7,6.948,17,19,2,11,25,1105,649,456,64,385,720,7.45339860633484,7.87392912172573,6.85488039473684,7.2109375,7.51714285714286,7.41931313888889,76
"78",2007,11,7.1027027027027,37,7.65714285714286,6.375,7.75,7.89285714285714,6.62173913043478,21,16,2,14,23,1142,670,472,66,399,743,7.44203630472855,7.86713432835821,6.83861326271186,7.22727272727273,7.53032581453634,7.39462376850606,77
"79",2007,12,6.95666666666667,30,7.54666666666667,6.36666666666667,6.875,6.80909090909091,7.04210526315789,15,15,4,11,19,1172,685,487,70,410,762,7.4296121672355,7.86011678832117,6.82407691991786,7.20714285714286,7.5109756097561,7.38583393700787,78
"80",2008,1,7.46296296296296,27,8.10714285714286,6.76923076923077,6.66666666666667,7.27272727272727,7.59375,14,13,3,11,16,1199,699,500,73,421,778,7.43036318598832,7.8650643776824,6.82265092,7.18493150684932,7.50475059382423,7.39010984575835,79
"81",2008,2,7.45833333333333,24,7.81818181818182,7.15384615384615,8,8,7.07142857142857,11,13,1,10,14,1223,710,513,74,431,792,7.43091206868357,7.86433802816901,6.83104378167641,7.19594594594595,7.51624129930395,7.38447659090909,80
"82",2008,3,7.1551724137931,29,7.72727272727273,6.80555555555556,7,6.96428571428571,7.33333333333333,11,18,2,14,15,1252,721,531,76,445,807,7.42452512779553,7.86224687933426,6.8301797740113,7.19078947368421,7.49887640449438,7.38352597273854,81
"83",2008,4,7.6,25,8.04545454545454,7.25,7.83333333333333,7.3,7.8,11,14,3,10,15,1277,732,545,79,455,822,7.42796042286609,7.865,6.84096414678899,7.21518987341772,7.4945054945055,7.39112586374696,82
"84",2008,5,7.70238095238095,21,8.33333333333333,7.22916666666667,7.625,7.65,7.75,9,12,2,10,11,1298,741,557,81,465,833,7.43240020030817,7.87068825910931,6.84932757630162,7.22530864197531,7.49784946236559,7.39586489795918,83
"85",2008,6,7.26875,24,7.34615384615385,7.17727272727273,8.1,7.38888888888889,7.19666666666667,13,11,2,9,15,1322,754,568,83,474,848,7.42942924357035,7.86164456233422,6.85567862676056,7.24638554216868,7.4957805907173,7.39234134433962,84
"86",2008,7,7.32439024390244,41,7.9375,6.932,6.5,7.625,7.2,16,25,7,12,29,1363,770,593,90,486,877,7.42626959647836,7.86322077922078,6.85889622259696,7.18833333333333,7.49897119341564,7.38598114025085,85
"87",2008,8,7.14583333333333,24,7.91666666666667,6.375,6,7.18571428571429,7.12941176470588,12,12,7,7,17,1387,782,605,97,493,894,7.42141705839942,7.86404092071611,6.84929828099174,7.10257731958763,7.49452332657201,7.38110230425056,86
"88",2008,9,7.53333333333333,15,7.77777777777778,7.16666666666667,7.2,7.2,7.7,9,6,5,5,10,1402,791,611,102,498,904,7.42261445078459,7.86305941845765,6.85241482815057,7.10735294117647,7.49156626506024,7.38462993362832,87
"89",2008,10,7.42095652173913,23,7.68183333333333,7.13636363636364,7,6.98033333333333,7.57647058823529,12,11,4,6,17,1425,803,622,106,504,921,7.42258769122807,7.86035118306351,6.85743643086817,7.10330188679245,7.48548015873016,7.38817096634093,88
"90",2008,11,7.76612903225806,31,7.75,7.78846153846154,7.3125,7.90625,7.71739130434783,18,13,4,8,23,1456,821,635,110,512,944,7.42990210164835,7.85793179049939,6.87649678740157,7.11090909090909,7.4920546875,7.39619222457627,89
"91",2008,12,7.41428571428571,21,7.7,7.1,7,7.2,7.5,11,10,1,6,15,1477,832,645,111,518,959,7.42968006770481,7.85584375,6.87996195348837,7.10990990990991,7.48867181467182,7.39781591240876,90
"92",2009,1,6.93030303030303,33,7.76,6.23888888888889,5.75,6.20909090909091,7.29090909090909,15,18,6,11,22,1510,847,663,117,529,981,7.41876652980133,7.85414639905549,6.86255725490196,7.04017094017094,7.46206427221172,7.39541840978593,91
"93",2009,2,7.17547169811321,53,7.44,6.93928571428571,6.5,7.18,7.17441860465116,25,28,6,10,43,1563,872,691,123,539,1024,7.41051660908509,7.84227293577981,6.86566636758321,7.01382113821138,7.45683116883117,7.38613814453125,92
"94",2009,3,7.18287037037037,54,7.85833333333333,6.92307692307692,7.05,7.609375,7.10869565217391,15,39,10,8,46,1617,887,730,133,547,1070,7.40291432282004,7.84254453213078,6.86873350684932,7.01654135338346,7.45906215722121,7.37421071028037,93
"95",2009,4,7.28660714285714,56,7.48695652173913,7.1469696969697,7.1,7.20714285714286,7.31309523809524,23,33,5,14,42,1673,910,763,138,561,1112,7.39902119545726,7.83355714285714,6.88076731323722,7.01956521739131,7.45277540106952,7.37190239208633,94
"96",2009,5,7.20691355555556,45,7.9,7.00888885714286,7.41666666666667,7.10092583333333,7.24545454545455,10,35,6,12,33,1718,920,798,144,573,1145,7.39398927240978,7.83427934782609,6.886386679198,7.03611111111111,7.44540682373473,7.36825804366812,95
"97",2009,6,6.87083333333333,48,7.14736842105263,6.68965517241379,7.16666666666667,6.96153846153846,6.83714285714286,19,29,6,13,35,1766,939,827,150,586,1180,7.37976985843715,7.82038019169329,6.87948799274486,7.04133333333333,7.43467254266212,7.35250462711864,96
"98",2009,7,7.22454545454545,33,7.83125,6.65352941176471,6.922,6.67625,7.4,16,17,5,8,25,1799,955,844,155,594,1205,7.37692249583102,7.82056230366492,6.8749366943128,7.03748387096774,7.4244580976431,7.35349000829875,97
"99",2009,8,7.56617647058824,34,8.23461538461538,7.15238095238095,7,7.92857142857143,7.47222222222222,13,21,5,7,27,1833,968,865,160,601,1232,7.38043293507911,7.8261229338843,6.88167233526012,7.0363125,7.43032963394343,7.35609209415584,98
"100",2009,9,7.27105263157895,38,7.99411764705882,6.68571428571429,6.9,7.22222222222222,7.28620689655172,17,21,5,9,29,1871,985,886,165,610,1261,7.37821142169963,7.82902233502538,6.87702773137697,7.03218181818182,7.42725919672131,7.35448490087232,99
"101",2009,10,7.38636363636364,44,7.73076923076923,7.24193548387097,7,8.1,7.17647058823529,13,31,8,10,34,1915,998,917,173,620,1295,7.3783987310705,7.82774248496994,6.88936376226827,7.0306936416185,7.43810985483871,7.34981116602316,100
"102",2009,11,7.16964285714286,56,7.48333333333333,6.80769230769231,5.95,6.9,7.28717948717949,30,26,10,17,39,1971,1028,943,183,637,1334,7.37246756468798,7.81769163424124,6.88711195121951,6.97163934426229,7.42374899529042,7.34798010494753,101
"103",2009,12,7.39054054054054,37,7.86875,7.02619047619048,7.25,7.83846153846154,7.14791666666667,16,21,4,13,24,2008,1044,964,187,650,1358,7.37280058266932,7.81847413793103,6.89014167012448,6.9775935828877,7.43204324615385,7.34444437407953,102
"104",2010,1,7.22738095238095,42,7.44814814814815,6.83,6.05,7.17777777777778,7.24090909090909,27,15,2,9,33,2050,1071,979,189,659,1391,7.36982125365854,7.80913818860877,6.88922019407559,6.96777777777778,7.42857072837633,7.3419881092739,103
"105",2010,2,7.16607142857143,28,7.55555555555556,6.98157894736842,4,7.625,7.08958333333333,9,19,1,4,24,2078,1080,998,190,663,1415,7.36707582771896,7.807025,6.89097852705411,6.95215789473684,7.42975582202112,7.33770703886926,104
"106",2010,3,7.15588235294118,34,8.0125,6.89230769230769,6.525,5.8,7.240625,8,26,4,2,32,2112,1088,1024,194,665,1447,7.36367593276515,7.80853584558823,6.89101227539062,6.94335051546392,7.42485430075188,7.3355600967519,105
"107",2010,4,7.5,18,7.64285714285714,7.40909090909091,6.5,6.5,7.625,7,11,2,2,16,2130,1095,1035,196,667,1463,7.36482796713615,7.80747671232877,6.89651842512077,6.93882653061224,7.42208112443778,7.33872553656869,106
"108",2010,5,7.01176470588235,17,8.2,6.51666666666667,8,6,7.14666666666667,5,12,1,2,15,2147,1100,1047,197,669,1478,7.36203240335352,7.80926090909091,6.89216482330468,6.94421319796954,7.41782976083707,7.33677635994587,107
"109",2010,6,7.4,20,8.22222222222222,6.72727272727273,7,7.3,7.43333333333333,9,11,2,5,15,2167,1109,1058,199,674,1493,7.36238281956622,7.81261226330027,6.8904504442344,6.94477386934673,7.41695565281899,7.33774645679839,108
"110",2010,7,7.05,21,7.905,6.27272727272727,5,7.4,6.940625,10,11,2,5,16,2188,1119,1069,201,679,1509,7.3593846297989,7.81343789097408,6.88409407857811,6.92542288557214,7.41683079528719,7.33353575878065,109
"111",2010,8,7.13103448275862,29,7.75,6.8952380952381,8.08333333333333,7.14285714285714,7.12727272727273,8,21,6,7,22,2217,1127,1090,207,686,1531,7.35639764095625,7.81298757763975,6.88430877981651,6.95898550724638,7.4140351457726,7.33057182233834,110
"112",2010,9,6.90217391304348,23,7.50555555555556,6.51428571428571,7.65,6.5,7.11666666666667,9,14,2,8,15,2240,1136,1104,209,694,1546,7.35173373660714,7.81055193661972,6.87961645833333,6.9655980861244,7.40349871757925,7.32849641655886,111
"113",2010,10,7.29090909090909,22,7.54545454545455,7.03636363636364,8,7.48333333333333,7.21875,11,11,2,6,16,2262,1147,1115,211,700,1562,7.35114216180371,7.80800959023539,6.88116284304933,6.97540284360189,7.40418301428572,7.32737225352113,112
"114",2010,11,7.21315789473684,38,7.49285714285714,7.05,6.6,7.26,7.19642857142857,14,24,5,10,28,2300,1161,1139,216,710,1590,7.34886242173913,7.80420930232558,6.88472043020193,6.96671296296296,7.40215226760564,7.32506632704402,113
"115",2010,12,7.34814814814815,27,7.25,7.40588235294118,6,7.25,7.36521739130435,10,17,2,4,23,2327,1171,1156,218,714,1613,7.34885413407821,7.79947651579846,6.89238457612457,6.95784403669725,7.40129987394958,7.32563884686919,114
"116",2011,1,7.06756756756757,37,7.5,6.61111111111111,7,6.71428571428571,7.15,19,18,1,7,30,2364,1190,1174,219,721,1643,7.34445159475465,7.79469495798319,6.88807203577513,6.95803652968036,7.39462983356449,7.3224318076689,115
"117",2011,2,6.90384615384615,26,7.9375,6.44444444444444,6.66666666666667,8.66666666666667,6.67391304347826,8,18,3,3,23,2390,1198,1192,222,724,1666,7.33965839748954,7.79564858096828,6.88137296140939,6.9540990990991,7.39990070441989,7.31347866746699,116
"118",2011,3,7.14478260869565,23,7.85888888888889,6.68571428571429,6.4,8.2,6.85166666666667,9,14,5,5,18,2413,1207,1206,227,729,1684,7.33780089929548,7.79612013256006,6.87910163349917,6.94189427312775,7.40538835390947,7.30854243467933,117
"119",2011,4,6.74433333333333,30,7.613,6.31,6.88333333333333,6.4875,6.83772727272727,10,20,6,8,22,2443,1217,1226,233,737,1706,7.3305131273025,7.79461544782251,6.86981775693311,6.94038626609442,7.39542484396201,7.30247096131301,118
"120",2011,5,7.07236842105263,38,7.6,6.88392857142857,7.83333333333333,6.20833333333333,7.234375,10,28,3,6,32,2481,1227,1254,236,743,1738,7.32655927851673,7.7930293398533,6.87013283094099,6.95173728813559,7.38583864064603,7.30121718066743,119
"121",2011,6,7.32068965517241,29,7.87058823529412,6.54166666666667,7,7.1,7.36666666666667,17,12,3,5,24,2510,1244,1266,239,748,1762,7.3264914621514,7.79408922829582,6.86701940758294,6.95234309623431,7.38392795454546,7.30210866061294,120
"122",2011,7,7.51923076923077,26,8.07692307692308,6.96153846153846,6.875,6.875,7.63636363636364,13,13,4,4,22,2536,1257,1279,243,752,1784,7.32846749605678,7.79701431980906,6.86798011727912,6.95106995884773,7.38122089095745,7.30623063901345,121
"123",2011,8,6.925,28,7.56428571428571,6.28571428571429,7,6.4,7.03913043478261,14,14,1,5,23,2564,1271,1293,244,757,1807,7.32406145475819,7.79445082612116,6.86167561484919,6.95127049180328,7.37473990752972,7.30283091311566,122
"124",2011,9,7.14047619047619,21,7.78333333333333,6.88333333333333,5.5,9,6.94473684210526,6,15,4,2,19,2585,1277,1308,248,759,1826,7.32257004642167,7.79439859044635,6.86192398318043,6.92786290322581,7.3790225428195,7.29910485213582,123
"125",2011,10,7.09333055555556,36,7.69691538461538,6.75217391304348,7,7.22222222222222,7.05036666666667,13,23,5,9,27,2621,1290,1331,253,768,1853,7.31942139259825,7.79341620155038,6.86002747558227,6.92928853754941,7.3771850390625,7.29548049649217,124
"126",2011,11,7.46904761904762,21,7.75,7.32857142857143,7.56,6.525,7.69117647058824,7,14,5,4,17,2642,1297,1345,258,772,1870,7.3206107002271,7.79318188126445,6.86490451301115,6.94151162790698,7.37276957253886,7.29907773262032,125
"127",2011,12,7.50454545454545,22,8,6.91,7.6,8.25,7.33888888888889,12,10,1,4,18,2664,1309,1355,259,776,1888,7.32212968093093,7.79507784568372,6.86523732103321,6.94405405405405,7.37729137886598,7.29945728813559,126
"128",2012,1,6.94259259259259,27,7.86538461538461,6.08571428571429,6.23333333333333,7.5,6.81590909090909,13,14,3,5,22,2691,1322,1369,262,781,1910,7.31832161649944,7.79576921331316,6.85726557341125,6.93591603053435,7.37807696542894,7.29388762303665,127
"129",2012,2,7.22,25,7.4,7.1,6.92857142857143,7,7.34375,10,15,7,9,16,2716,1332,1384,269,790,1926,7.31741659425626,7.79279797297297,6.85989636560694,6.9357249070632,7.37376975949367,7.29430184839045,128
"130",2012,3,6.935,20,7.36666666666667,6.75,7.625,6.3,7.04705882352941,6,14,4,3,17,2736,1338,1398,273,793,1943,7.31462115131579,7.79088707025411,6.8587958297568,6.94582417582417,7.36970757881463,7.29213863098301,129
"131",2012,4,6.8625,24,7.2,6.57692307692308,6.91666666666667,6.95714285714286,6.82352941176471,11,13,6,7,17,2760,1349,1411,279,800,1960,7.31068966304348,7.78606886582654,6.85619884479093,6.94519713261649,7.3660976375,7.28807416326531,130
"132",2012,5,6.671875,16,7.66666666666667,6.44230769230769,7.5,6.5,6.71153846153846,3,13,1,3,13,2776,1352,1424,280,803,1973,7.30700773414986,7.78580392011834,6.85242034410112,6.94717857142857,7.36286190535492,7.28427539787126,131
"133",2012,6,7.28703703703704,27,7.5525,6.52857142857143,5.5,7.45,7.19117647058824,20,7,2,10,17,2803,1372,1431,282,813,1990,7.30681536567963,7.78240298833819,6.85083617749825,6.93691489361702,7.36393371463715,7.28348008040201,132
"134",2012,7,7.21090909090909,22,7.48461538461538,6.81555555555556,7.5,NA,7.21090909090909,13,9,1,0,22,2825,1385,1440,283,813,2012,7.30606848495575,7.7796078700361,6.85061567361111,6.93890459363957,7.36393371463715,7.28268656063618,133
"135",2012,8,6.85,14,7.5,6.2,5,7.83333333333333,6.58181818181818,7,7,2,3,11,2839,1392,1447,285,816,2023,7.30381946812258,7.77820179597701,6.84746825846579,6.92529824561403,7.36565944852941,7.27887561047948,134
"136",2012,9,6.83181818181818,22,7.3,6.56428571428571,6.55714285714286,6.5,6.92941176470588,8,14,7,5,17,2861,1400,1461,292,821,2040,7.30018995805662,7.77546921428571,6.84475466803559,6.91647260273972,7.36038746650426,7.2759634117647,135
"137",2012,10,6.90666666666667,15,7.2,6.32,6,8.33333333333333,6.55,10,5,1,3,12,2876,1410,1466,293,824,2052,7.2981375069541,7.77138787234042,6.84296491814461,6.91334470989761,7.36392974514563,7.2717180116959,136
"138",2012,11,6.91875,32,7.32666666666667,6.55882352941176,5.8,6.28571428571429,7.096,15,17,5,7,25,2908,1425,1483,298,831,2077,7.29396267881706,7.76670659649122,6.83970773432232,6.8946644295302,7.35484730445247,7.26960296581608,137
"139",2012,12,7.17391304347826,23,7.11538461538461,7.25,6.9,7.1,7.17727272727273,13,10,5,1,22,2931,1438,1493,303,832,2099,7.2930206311839,7.76081842837274,6.84245584058942,6.89475247524752,7.35454099759616,7.26863523582658,138
"140",2013,1,7.14583333333333,24,7.45,6.92857142857143,6.66666666666667,6.5,7.36111111111111,10,14,3,6,18,2955,1448,1507,306,838,2117,7.29182520135364,7.75867189226519,6.84325585268746,6.89251633986928,7.34842256563246,7.26942152102031,139
"141",2013,2,6.8804347826087,23,7.875,6.35,7,7.75,6.69736842105263,8,15,1,4,19,2978,1456,1522,307,842,2136,7.28864790799194,7.7593110576923,6.83839459264126,6.8928664495114,7.35033029691211,7.26433303370786,140
"142",2013,3,6.57857142857143,21,7.23888888888889,6.08333333333333,6.25,7.625,6.46842105263158,9,12,4,2,19,2999,1465,1534,311,844,2155,7.28367571523841,7.75611392491467,6.83248798565841,6.88459807073955,7.35098117298578,7.25731571229698,141
"143",2013,4,6.56666666666667,12,7.15,6.45,6,7.375,6.1625,2,10,1,4,8,3011,1467,1544,312,848,2163,7.28081815675855,7.75528759372869,6.83001073186529,6.88176282051282,7.35109446933962,7.25326646324549,142
"144",2013,5,7.23333333333333,15,7.5,6.92857142857143,7,8,7.04166666666667,8,7,1,3,12,3026,1475,1551,313,851,2175,7.28058277263715,7.75390298305084,6.83045555770471,6.88214057507987,7.35338203290247,7.25209901609195,143
"145",2013,6,7.66666666666667,12,7.91666666666667,7.41666666666667,8.25,8,7.63636363636364,6,6,2,1,11,3038,1481,1557,315,852,2186,7.28210779131007,7.75456239027684,6.83271456005138,6.8908253968254,7.3541409741784,7.25403264409881,144
"146",2013,7,7.29375,16,8.45714285714286,6.38888888888889,7,7.5,7.24615384615385,7,9,1,3,13,3054,1488,1566,316,855,2199,7.28216878519974,7.75786754032258,6.83016383780332,6.89117088607595,7.35465276023392,7.25398606639381,145
"147",2013,8,7.20833333333333,12,7.625,6.375,6.75,7.375,7.125,8,4,2,4,8,3066,1496,1570,318,859,2207,7.28187980104371,7.75715701871657,6.82900418471338,6.89028301886792,7.35474750873108,7.25351851381966,146
"148",2013,9,6.78181818181818,11,7.475,6.38571428571429,6.5,6.6,6.93333333333333,4,7,2,5,6,3077,1500,1577,320,864,2213,7.28009212544687,7.7564046,6.8270365060241,6.88784375,7.35037975694445,7.25265041120651,147
"149",2013,10,6.6,15,7.4,6.2,5.875,6.5,6.61538461538461,5,10,4,2,13,3092,1505,1587,324,866,2226,7.27679284282018,7.75522053156146,6.82308542533081,6.87533950617284,7.34841583140878,7.24892873315364,148
"150",2013,11,6.87333333333333,30,7.61111111111111,6.55714285714286,7,6.75,6.89230769230769,9,21,5,4,26,3122,1514,1608,329,870,2252,7.27291590967329,7.75436387054161,6.81961229477612,6.87723404255319,7.34566449425287,7.24481143872114,149
"151",2013,12,7.075,16,7.66666666666667,6.31428571428571,7,7.33333333333333,7.01538461538462,9,7,2,3,13,3138,1523,1615,331,873,2265,7.27190677820268,7.75384563361786,6.8174220247678,6.87797583081571,7.34562211912944,7.2434946401766,150
"152",2014,1,7.02142857142857,14,7.85714285714286,6.18571428571429,7,9,6.86923076923077,7,7,2,1,13,3152,1530,1622,333,874,2278,7.27079424809645,7.75431823529411,6.8146957891492,6.87870870870871,7.347515,7.24135880597015,151
"153",2014,2,7.12647058823529,17,7.265,6.92857142857143,7,8.5,6.94333333333333,10,7,2,2,15,3169,1540,1629,335,876,2293,7.27002002840013,7.75114084415584,6.81518512584408,6.87943283582089,7.35014624429224,7.23940922808548,152
"154",2014,3,6.66666666666667,15,7.5,6.11111111111111,6,6,6.76923076923077,6,9,2,2,13,3184,1546,1638,337,878,2306,7.26717759736181,7.75016617076326,6.81131658730159,6.87421364985163,7.34707074031891,7.2367586123157,153
"155",2014,4,7.60909090909091,11,7.60909090909091,NA,NA,6.25,7.91111111111111,11,0,0,2,9,3195,1557,1638,337,880,2315,7.26835476369327,7.749169492614,6.81131658730159,6.87421364985163,7.34457739772727,7.23938028509719,154
"156",2014,5,7.5625,8,7.91666666666667,6.5,NA,8.5,7.42857142857143,6,2,0,1,7,3203,1563,1640,337,881,2322,7.26908943802685,7.74981247600767,6.81093693292683,6.87421364985163,7.3458888876277,7.2399506287683,155
"157",2014,6,6.91538461538462,13,6.98,6.875,7.5,6.33333333333333,7.09,5,8,2,3,10,3216,1568,1648,339,884,2332,7.26765966106965,7.74735771683673,6.81124791868932,6.87790560471976,7.34245261312217,7.23930761578045,156
"158",2014,7,7.43157894736842,19,7.72,7.11111111111111,NA,7.4,7.4375,10,9,0,3,16,3235,1578,1657,339,887,2348,7.26862240185472,7.74718434727503,6.81287662643331,6.87790560471976,7.34264724915445,7.24065816013629,157
"159",2014,8,7.41666666666667,12,8.08333333333333,6.75,7,7.5,7.4,6,6,1,2,10,3247,1584,1663,340,889,2358,7.26916953187558,7.74845763888889,6.81264977149729,6.87826470588235,7.34300124859393,7.2413339100933,158
"160",2014,9,7.59,10,7.56666666666667,7.625,NA,7.5,7.6,6,4,0,1,9,3257,1590,1667,340,890,2367,7.27015458090267,7.74777163522012,6.81459902219556,6.87826470588235,7.34317765168539,7.24269765948458,159
"161",2014,10,6.91176470588235,17,7.40909090909091,6,5,6.5,7.13636363636364,11,6,1,6,11,3274,1601,1673,341,896,2378,7.26829366829567,7.74544465958775,6.81167756724447,6.87275659824047,7.33753137276786,7.24220578637511,160
"162",2014,11,6.46176470588235,17,7.23125,5.77777777777778,6.8,6.785,6,8,9,5,10,7,3291,1609,1682,346,906,2385,7.26412745973868,7.74288806712243,6.80614540428062,6.87170520231214,7.33143279249448,7.23855989937107,161
"163",2014,12,7.72222222222222,9,7.92857142857143,7,6,8.75,7.42857142857143,7,2,1,2,7,3300,1616,1684,347,908,2392,7.26537680909091,7.74369238861386,6.80637563539192,6.86919308357349,7.33455738986784,7.23911595317726,162
"164",2015,1,7.19,10,8.35,6.41666666666667,7.5,8,7.1,4,6,1,1,9,3310,1620,1690,348,909,2401,7.26514908459215,7.74518944444444,6.80499205325444,6.87100574712644,7.335289449945,7.23859448563099,163
"165",2015,2,6.52608695652174,23,6.77142857142857,6.41875,7.2,7.4,6.34210526315789,7,16,3,4,19,3333,1627,1706,351,913,2420,7.26004904590459,7.74099993853718,6.80136961899179,6.87381766381766,7.33557295728368,7.2315559338843,164
"166",2015,3,7.14615384615385,13,8.2,6.4875,6.6,7,7.17272727272727,5,8,4,2,11,3346,1632,1714,355,915,2431,7.25960653616259,7.74240618872549,6.79990464994166,6.8707323943662,7.33483946448088,7.23128974084739,165
"167",2015,4,7.08571428571429,14,8.36666666666667,6.125,5,8,6.72,6,8,2,4,10,3360,1638,1722,357,919,2441,7.25888198511905,7.74469285714285,6.79676920441347,6.86025210084034,7.33773461371056,7.22919514952888,166
"168",2015,5,7.63,10,7.88333333333333,7.25,7,7.26,8,6,4,2,5,5,3370,1644,1726,359,924,2446,7.25998322551929,7.74519884428223,6.79781956546929,6.86103064066852,7.33731397186147,7.23077079313165,167
"169",2015,6,6.34636363636364,11,7.125,5.90142857142857,6.655,6.43666666666667,6.3125,4,7,2,3,8,3381,1648,1733,361,927,2454,7.25701078674949,7.74369350728155,6.79419882862089,6.8598891966759,7.33439925566343,7.22777724531378,168
"170",2015,7,6.95909090909091,11,7.3,6.55,6.4375,4,7.255,6,5,4,1,10,3392,1654,1738,365,928,2464,7.25604465507076,7.74208397823458,6.79349630034523,6.8552602739726,7.33080615301724,7.22788772727273,169
"171",2015,8,6.85384615384615,13,7.01666666666667,6.71428571428571,7.33333333333333,6.5,6.91818181818182,6,7,3,2,11,3405,1660,1745,368,930,2475,7.25450909544787,7.7394619879518,6.79317855014327,6.85915760869565,7.32901947311828,7.22651125656566,170
"172",2015,9,7.49666666666667,15,7.79090909090909,6.6875,7.25,10,7.31785714285714,11,4,1,1,14,3420,1671,1749,369,931,2489,7.25557119005848,7.73980065828845,6.79293686106347,6.86021680216802,7.3318884103115,7.22702505423865,171
"173",2015,10,6.71666666666667,6,7.825,4.5,NA,NA,6.71666666666667,4,2,0,0,6,3426,1675,1751,369,931,2495,7.25462739929948,7.74000411940298,6.79031785836665,6.86021680216802,7.3318884103115,7.22579773947896,172
"174",2015,11,6.80882352941176,17,7.2,6.64583333333333,6.83333333333333,6.25,6.88333333333333,5,12,3,2,15,3443,1680,1763,372,933,2510,7.25242621841418,7.73839696428571,6.7893344129325,6.86,7.32956924973205,7.22375113944223,173
"175",2015,12,6.625,16,7,6.14285714285714,5.33333333333333,6.75,6.58333333333333,9,7,3,4,12,3459,1689,1770,375,937,2522,7.24952398670136,7.73446234458259,6.78677772316384,6.84778666666667,7.32709510138741,7.22070394924663,174
"176",2016,1,6.71333333333333,15,7.78571428571429,5.775,5.5,6.33333333333333,6.80833333333333,7,8,2,3,12,3474,1696,1778,377,940,2534,7.24720882843984,7.73467387971698,6.78222529246344,6.84063660477453,7.3239235212766,7.21875112865036,175
"177",2016,2,7.12,10,7.3,7,6.66666666666667,6,7.24444444444444,4,6,3,1,9,3484,1700,1784,380,941,2543,7.24684370551091,7.73365111764705,6.78295771860987,6.83926315789474,7.32251658873539,7.2188420605584,176
"178",2016,3,7.22222222222222,18,7.34444444444444,7.1,6,7.14,7.25384615384615,9,9,2,5,13,3502,1709,1793,382,946,2556,7.2467171530554,7.73160146284376,6.78454911879532,6.83486910994764,7.32155191331924,7.21902009389671,177
"179",2016,4,6.40909090909091,11,7.125,6,5.33333333333333,6,6.45,4,7,3,1,10,3513,1713,1800,385,947,2566,7.24409435525192,7.73018499708114,6.78149809444445,6.82316883116883,7.32015639915523,7.21602313328137,178
"180",2016,5,7.28571428571429,14,7.05,7.875,8,9,7,10,4,1,2,12,3527,1723,1804,386,949,2578,7.24425956053303,7.72623731863029,6.78392271064302,6.82621761658031,7.32369663856691,7.21501759503491,179
"181",2016,6,7.70909090909091,11,8.25,7.4,7.9,NA,7.70909090909091,4,7,2,0,11,3538,1727,1811,388,949,2589,7.24570476823064,7.72745043427909,6.78630401435671,6.83175257731959,7.32369663856691,7.21711678640402,180
"182",2016,7,6.26923076923077,13,6.375,6.22222222222222,6.66666666666667,7,6.05,4,9,3,3,10,3551,1731,1820,391,952,2599,7.24212995494227,7.72432518775274,6.7835145989011,6.83048593350384,7.32267658613446,7.21262614851866,181
"183",2016,8,6.13333333333333,9,6.66666666666667,5.86666666666667,5.66666666666667,NA,6.13333333333333,3,6,3,0,9,3560,1734,1826,394,952,2608,7.23932681741573,7.72249532871972,6.7805019550931,6.82162436548223,7.32267658613446,7.20890159509203,182
"184",2016,9,6.61,15,8.2,5.815,6.13333333333333,6.83125,6.35714285714286,5,10,3,8,7,3575,1739,1836,397,960,2615,7.23668628531469,7.72386825761932,6.7752432298475,6.81642317380353,7.31858136458334,7.20662155258126,183
"185",2016,10,6.84090909090909,22,7.25,6.5,5.5,7.125,6.77777777777778,10,12,2,4,18,3597,1749,1848,399,964,2633,7.23426562969141,7.72115889079474,6.77345593614719,6.80982456140351,7.31777812240664,7.20368984428409,184
"186",2016,11,7.04423076923077,26,7.63636363636364,6.61,7.575,6.78571428571429,7.13947368421053,11,15,2,7,19,3623,1760,1863,401,971,2652,7.23290186861717,7.72062892045454,6.77213986580784,6.81364089775561,7.3139424407827,7.20322977375566,185
"187",2016,12,7.10625,16,7.77,6,6.6,4,7.31333333333333,10,6,2,1,15,3639,1770,1869,403,972,2667,7.23234500412202,7.72090785310734,6.76966108614232,6.81258064516129,7.31053303497943,7.20384902887139,186
"188",2017,1,6.96666666666667,6,6.25,7.325,NA,6,7.16,2,4,0,1,5,3645,1772,1873,403,973,2672,7.23190767352538,7.71924768623025,6.77084707421249,6.81258064516129,7.3091861356629,7.20376697604791,187
"189",2017,2,7.38642857142857,14,7.67888888888889,6.86,8,7.63666666666667,7.31818181818182,9,5,1,3,11,3659,1781,1878,404,976,2683,7.23249889860618,7.7190437394722,6.77108443556975,6.8155198019802,7.31019273565574,7.20423606410734,188
"190",2017,3,6.9,10,7.4,6.4,6,6,7,5,5,1,1,9,3669,1786,1883,405,977,2692,7.23159266012538,7.71815055991041,6.77009908125332,6.81350617283951,7.30885169907881,7.20355325408618,189
"191",2017,4,7.01666666666667,12,7.4,6.25,6,NA,7.01666666666667,8,4,1,0,12,3681,1794,1887,406,977,2704,7.23089200488998,7.71673182831661,6.76899659247483,6.81150246305419,7.30885169907881,7.20272387573965,190
"192",2017,5,7.23333333333333,9,7.68333333333333,6.33333333333333,6,9,7.0125,6,3,1,1,8,3690,1800,1890,407,978,2712,7.2308979593496,7.7166205,6.76830506349206,6.8095085995086,7.31058088957055,7.20216274336283,191
"193",2017,6,6.66666666666667,3,6,7,7,6,7,1,2,1,1,2,3693,1801,1892,408,979,2714,7.23043960736529,7.7156673514714,6.76854998414376,6.80997549019608,7.30924219611849,7.20201376565954,192
"194",2017,7,5.45,10,7.1,3.8,5.5,6.25,5.25,5,5,2,2,8,3703,1806,1897,410,981,2722,7.22563150688631,7.71396284606866,6.76072565629942,6.80358536585366,7.30708268093782,7.19627676708303,193
"195",2017,8,7.5625,8,7.41666666666667,8,8,6,7.78571428571429,6,2,2,1,7,3711,1812,1899,412,982,2729,7.22635771220696,7.71297842163355,6.76203084254871,6.8093932038835,7.3057516395112,7.1977886991572,194
"196",2017,9,6.65,10,6.91666666666667,6.25,6.5,6.66666666666667,6.64285714285714,6,4,2,3,7,3721,1818,1903,414,985,2736,7.22480877989788,7.710350330033,6.76095458223857,6.80789855072464,7.30380518781726,7.19636891812866,195
"197",2017,10,7.25,4,NA,7.25,NA,NA,7.25,0,4,0,0,4,3725,1818,1907,414,985,2740,7.22483583087249,7.710350330033,6.76198037231253,6.80789855072464,7.30380518781726,7.19644721167883,196
"198",2017,11,6.74285714285714,14,7.32857142857143,6.15714285714286,5.66666666666667,5.75,6.90833333333333,7,7,3,2,12,3739,1825,1914,417,987,2752,7.22303115004012,7.70888597260274,6.75976832288401,6.79968824940048,7.30065664640324,7.19519090116279,197
"199",2017,12,7.47222222222222,18,8.25,6.5,7,6.5,7.75,10,8,2,4,14,3757,1835,1922,419,991,2766,7.22422503859463,7.71183482288828,6.75868708116545,6.80064439140811,7.29742493440969,7.19799904555315,198
"200",2018,1,7.41578947368421,19,7.80833333333333,6.74285714285714,6.85,7,7.43888888888889,12,7,2,1,18,3776,1847,1929,421,992,2784,7.22518894862289,7.71246177585273,6.75862963711768,6.80087885985748,7.2971251108871,7.19955652298851,199
"201",2018,2,7.9375,8,7.91666666666667,8,8,NA,7.9375,6,2,1,0,8,3784,1853,1931,422,992,2792,7.22669489164905,7.71312298974636,6.75991536509581,6.80372037914692,7.2971251108871,7.20167097421204,200
"202",2018,3,7.16933333333333,15,7.2,7.108,NA,7.33333333333333,7.12833333333333,10,5,0,3,12,3799,1863,1936,422,995,2804,7.22646840484338,7.71036870638754,6.76081434400827,6.80372037914692,7.29723428140704,7.20135711840229,201
"203",2018,4,5.875,8,8,4.6,6,6,5.83333333333333,3,5,1,2,6,3807,1866,1941,423,997,2810,7.22362843971632,7.71083435155412,6.75524810407007,6.80182033096927,7.29463200601806,7.19843607117438,202
"204",2018,5,6.9,5,8,5.25,NA,8,6.625,3,2,0,1,4,3812,1869,1943,423,998,2814,7.22320395330536,7.71129850187266,6.75369869788986,6.80182033096927,7.29533878757515,7.19762095238096,203
"205",2018,6,7.86363636363636,11,7.6,8.08333333333333,9,NA,7.86363636363636,5,6,2,0,11,3823,1874,1949,425,998,2825,7.22504668323307,7.71100154749199,6.75779198050282,6.81216470588235,7.29533878757515,7.20021428672567,204
"206",2018,7,7.85714285714286,7,8.16666666666667,6,NA,6,8.16666666666667,6,1,0,1,6,3830,1880,1950,425,999,2831,7.22620195039165,7.71245579787234,6.75740336923077,6.81216470588235,7.29404215215215,7.20226257859414,205
"207",2018,8,7.26923076923077,13,6.875,7.9,8.5,8,7.05,8,5,2,3,10,3843,1888,1955,427,1002,2841,7.22634750715587,7.70890725635593,6.7603256112532,6.82007025761124,7.29615579840319,7.2017266314678,206
"208",2018,9,5.08333333333333,6,5.66666666666667,4.5,5,7.25,4,3,3,1,2,4,3849,1891,1958,428,1004,2845,7.22300687711094,7.7056673188789,6.75686239530133,6.81581775700935,7.29606385458167,7.19722508260106,207
"209",2018,10,7.5,9,7.9,7,7,8,7.4375,5,4,1,1,8,3858,1896,1962,429,1005,2853,7.22365305080353,7.70617979957806,6.75735808868502,6.81624708624709,7.29676428855722,7.19789882930249,208
"210",2018,11,7.28888888888889,9,7.625,7.02,6.5,NA,7.28888888888889,4,5,2,0,9,3867,1900,1967,431,1005,2862,7.22380487975175,7.70600889473684,6.75802570920183,6.81477958236659,7.29676428855722,7.19818496156534,209
"211",2018,12,7.16666666666667,6,7,7.25,8,7.5,7,2,4,1,2,4,3873,1902,1971,432,1007,2866,7.22371636199329,7.70526650893796,6.75902413495688,6.81752314814815,7.29716793445879,7.19790836008374,210
"212",2019,1,6.8,10,7.41666666666667,5.875,NA,6.5,6.83333333333333,6,4,0,1,9,3883,1908,1975,432,1008,2875,7.22262515323204,7.70435896226415,6.75723370632911,6.81752314814815,7.29637709325397,7.19676708173913,211
"213",2019,2,6.9,10,7.75,6.33333333333333,7.5,6.75,7,4,6,2,4,6,3893,1912,1981,434,1012,2881,7.22179642178269,7.70445444560669,6.75594980817769,6.82066820276498,7.2942175,7.19635729260674,212
"214",2019,3,6.91666666666667,12,7.33333333333333,6.5,6,7,6.90909090909091,6,6,3,1,11,3905,1918,1987,437,1013,2892,7.2208587631242,7.70329348279458,6.75517693507801,6.81503432494279,7.29392705824284,7.19526464730291,213
"215",2019,4,7.90625,8,8.16666666666667,7.125,NA,7.625,8,6,2,0,2,6,3913,1924,1989,437,1015,2898,7.22226002300026,7.70473851351351,6.7555488034188,6.81503432494279,7.29457941871921,7.19693076604555,214
"216",2019,5,7,3,7,7,NA,7,7,2,1,0,2,1,3916,1926,1990,437,1017,2899,7.22208975229827,7.70400669781931,6.75567164321608,6.81503432494279,7.29400010816126,7.19686283546051,215
"217",2019,6,6.66666666666667,6,7,6.5,7,NA,6.66666666666667,2,4,1,0,6,3922,1928,1994,438,1017,2905,7.22124004844467,7.70327640041494,6.75515876128385,6.81545662100457,7.29400010816126,7.19576776592083,216
"218",2019,7,8.33333333333333,3,7,9,8,NA,8.33333333333333,1,2,1,0,3,3925,1929,1996,439,1017,2908,7.22209005605096,7.70291181959564,6.75740810120241,6.8181548974943,7.29400010816126,7.19694132049519,217
"219",2019,8,7.44444444444444,9,7.28571428571429,8,7,9,7,7,2,1,2,7,3934,1936,1998,440,1019,2915,7.22259874682258,7.70140335743801,6.75865193693694,6.81856818181818,7.29734848871443,7.19646839108062,218
"220",2019,9,6.68181818181818,11,7.2,6.25,8,9,6.45,5,6,2,1,10,3945,1941,2004,442,1020,2925,7.22109086692016,7.70011174652241,6.75712902694611,6.82391402714932,7.29901775490196,7.19391636239317,219
"221",2019,10,7.6,8,8,6.93333333333333,6,6,7.82857142857143,5,3,1,1,7,3953,1946,2007,443,1021,2932,7.2218576954212,7.70088227132579,6.75739241155954,6.82205417607223,7.29774545543585,7.19543156889495,220
"222",2019,11,6.87857142857143,14,7.1,6.75555555555556,7.2,7.25,6.73,5,9,5,4,10,3967,1951,2016,448,1025,2942,7.22064619863877,7.69934233726294,6.75738421130952,6.82627232142857,7.29755913170732,7.19384954452753,221
"223",2019,12,7.85714285714286,7,8.2,7,NA,9,7.4,5,2,0,2,5,3974,1956,2018,448,1027,2947,7.22176735530951,7.70062213701431,6.75762466303271,6.82627232142857,7.30087449853944,7.19419930777062,222
"224",2020,1,6.67,19,7.36384615384615,5.16666666666667,7,7.2575,6.51333333333333,13,6,1,4,15,3993,1969,2024,449,1031,2962,7.21914186576509,7.69839862874555,6.75290838438735,6.82665924276169,7.30070621726479,7.19075130317353,223
"225",2020,2,6.6,5,7.5,6,NA,NA,6.6,2,3,0,0,5,3998,1971,2027,449,1031,2967,7.21836755127564,7.69819731100964,6.75179406512087,6.82665924276169,7.30070621726479,7.18975576676778,224
"226",2020,3,6.93,10,7,6.825,7,7,6.9125,6,4,1,2,8,4008,1977,2031,450,1033,2975,7.21764807135729,7.69607835103692,6.7519382422452,6.82704444444444,7.30012401742498,7.18901020504202,225
"227",2020,4,7.75,4,7.66666666666667,8,8,6,8.33333333333333,3,1,1,1,3,4012,1980,2032,451,1034,2978,7.21817883100698,7.69603378787879,6.75255244586614,6.82964523281596,7.29886664410058,7.19016298186703,226
"228",2020,5,8.14285714285714,7,8.5,7.66666666666667,NA,NA,8.14285714285714,4,3,0,0,7,4019,1984,2035,451,1034,2985,7.21978936800199,7.6976546875,6.75390003439803,6.82964523281596,7.29886664410058,7.19239710552764,227
"229",2020,6,7.25,6,7.625,6.5,6.5,NA,7.25,4,2,2,0,6,4025,1988,2037,453,1034,2991,7.21983440248447,7.69750850100603,6.75365074619538,6.82818984547461,7.29886664410058,7.19251265797392,228
"230",2020,7,7,3,6.5,8,NA,8,6.5,2,1,0,1,2,4028,1990,2038,453,1035,2993,7.21967067279047,7.69630497487437,6.75426230127576,6.82818984547461,7.29954406763285,7.19204990310725,229
"231",2020,8,7.2,4,7.25,7.15,NA,NA,7.2,2,2,0,0,4,4032,1992,2040,453,1035,2997,7.21965115823413,7.69585687751004,6.75465027941176,6.82818984547461,7.29954406763285,7.19206051384718,230
"232",2020,9,7.125,8,7.5,6,7,8,7,6,2,1,1,7,4040,1998,2042,454,1036,3004,7.21946373019802,7.69526871871872,6.75391115083252,6.82856828193832,7.30022018339768,7.19161296937417,231
"233",2020,10,6.96666636363636,11,7.3583325,6.74285714285714,NA,9,6.763333,4,7,0,1,10,4051,2002,2049,454,1037,3014,7.21877728955814,7.69459551948052,6.75387338701806,6.82856828193832,7.30185931533269,7.19019200066357,232
"234",2020,11,7.58333333333333,6,7.7,7,NA,8,7.5,5,1,0,1,5,4057,2007,2050,454,1038,3019,7.21931644071975,7.69460898355755,6.75399344878049,6.82856828193832,7.30253189788054,7.19070509771448,233
"235",2020,12,7.015625,16,7.96875,6.0625,5.66666666666667,5.33333333333333,7.40384615384615,8,8,3,3,13,4073,2015,2058,457,1041,3032,7.21851627792782,7.69569738461538,6.75130542759961,6.8209409190372,7.2968569740634,7.1916189610818,234
"236",2021,1,6.27,10,6.4,6.14,7.05,8.1,6.06666666666667,5,5,2,1,9,4083,2020,2063,459,1042,3041,7.21619319128092,7.69249021287129,6.74982383422201,6.82193899782135,7.29762774472169,7.18828960539296,235
"237",2021,2,6.26666666666667,12,6.525,5.75,4,6.06666666666667,6.33333333333333,8,4,1,3,9,4095,2028,2067,460,1045,3050,7.2134106959707,7.68788472879684,6.74788900338655,6.81580434782609,7.29409388516747,7.18576678360656,236
"238",2021,3,7.59428571428571,7,8,7.05333333333333,NA,6.72,8.25,4,3,0,3,4,4102,2032,2070,460,1048,3054,7.21406065333984,7.68849912893701,6.7483316763285,6.81580434782609,7.29245048664122,7.18716067125082,237
"239",2021,4,5.801125,8,6.2818,5,7,7,5.62985714285714,5,3,1,1,7,4110,2037,2073,461,1049,3061,7.21131041362531,7.68504625920471,6.74580152918476,6.81620390455531,7.29217169685415,7.18359937602091,238
"240",2021,5,6.75,12,7.2,6.42857142857143,6.5,6,6.81818181818182,5,7,1,1,11,4122,2042,2080,462,1050,3072,7.20996744298884,7.68385858472086,6.74473392788462,6.81551948051948,7.29094105714286,7.18229091471354,239
"241",2021,6,6.44444444444444,9,7,6.16666666666667,6,3,6.875,3,6,2,1,8,4131,2045,2086,464,1051,3080,7.2082996368918,7.68285536919315,6.74307122243528,6.81200431034483,7.28685833491912,7.18149275649351,240
"242",2021,7,7.32142857142857,7,8.08333333333333,6.75,6.5,7,7.45,3,4,2,2,5,4138,2048,2090,466,1053,3085,7.20849101014983,7.68344200683594,6.74308448325359,6.8106652360515,7.28631349477683,7.18192793841167,241
"243",2021,8,7.06636363636364,11,7.30714285714286,6.645,7,7.625,6.94222222222222,7,4,1,2,9,4149,2055,2094,467,1055,3094,7.20811419619186,7.68216020924574,6.74289712034384,6.81107066381156,7.28695555450237,7.18123066903685,242
"244",2021,9,7,2,8,6,6,7,NA,1,1,1,2,0,4151,2056,2095,468,1057,3094,7.20801392435558,7.68231480058366,6.74254251551313,6.80933760683761,7.2864125922422,7.18123066903685,243
"245",2021,10,7.3,6,7.7,6.5,NA,NA,7.3,4,2,0,0,6,4157,2060,2097,468,1057,3100,7.2081466923262,7.6823491407767,6.7423111921793,6.80933760683761,7.2864125922422,7.18146054516129,244
"246",2021,11,6.698,5,7,6.49666666666667,7,7,6.6225,2,3,1,1,4,4162,2062,2100,469,1058,3104,7.20753382988948,7.68168730843841,6.74196027142857,6.80974413646055,7.28614188090737,7.18074023518041,245
"247",2021,12,7.2375,16,7.33333333333333,7.18,7,7.66,7.04545454545455,6,10,2,5,11,4178,2068,2110,471,1063,3115,7.20764858784108,7.68067661025145,6.74403628909953,6.81055201698514,7.28790038570085,7.18026250080257,246
"248",2022,1,7.03666666666667,18,7.566,6.375,NA,7.5,6.97875,10,8,0,2,16,4196,2078,2118,471,1065,3131,7.20691510962822,7.68012474975938,6.74264238432483,6.81055201698514,7.28829869483568,7.17923273395082,247
"249",2022,2,7.14285714285714,7,7.33333333333333,7,4,NA,7.14285714285714,3,4,1,0,7,4203,2081,2122,472,1065,3138,7.20680842255532,7.67962481018741,6.7431275070688,6.80459745762712,7.28829869483568,7.17915159018483,248
"250",2022,3,6.91545454545455,11,7.33333333333333,6.75875,5,7.60666666666667,6.65625,3,8,1,3,8,4214,2084,2130,473,1068,3146,7.20604788799241,7.6791263099808,6.74318618309859,6.8007822410148,7.28919298689139,7.17782189764781,249
"251",2022,4,7.65875,8,7.654,7.66666666666667,NA,7.5,7.68142857142857,5,3,0,1,7,4222,2089,2133,473,1069,3153,7.20690568450972,7.67906617041646,6.74448503047351,6.8007822410148,7.28939018709074,7.17893995876943,250
"252",2022,5,8.35,5,8.25,8.5,NA,8,8.4375,3,2,0,1,4,4227,2092,2135,473,1070,3157,7.20825781878401,7.67988490917782,6.74612954098361,6.8007822410148,7.29005430841121,7.18053458663288,251
"253",2022,6,7.25,2,NA,7.25,NA,NA,7.25,0,2,0,0,2,4229,2092,2137,473,1070,3159,7.20827755970679,7.67988490917782,6.74660110903135,6.8007822410148,7.29005430841121,7.1805785660019,252
"254",2022,7,9,1,NA,9,NA,NA,9,0,1,0,0,1,4230,2092,2138,473,1070,3160,7.20870113475178,7.67988490917782,6.74765508419083,6.8007822410148,7.29005430841121,7.18115433227848,253
"255",2022,8,8.13333333333333,6,8.1,8.16666666666667,7,8,8.16,3,3,1,1,5,4236,2095,2141,474,1071,3165,7.21001081208688,7.68048650596658,6.74964342363382,6.80120253164557,7.29071718954248,7.18270069194313,254
"256",2022,9,6.4,8,4,6.74285714285714,6.6,4,7.2,1,7,2,2,6,4244,2096,2148,476,1073,3171,7.20848393025448,7.67873054866412,6.74962130819367,6.80035714285714,7.28458351351351,7.18273342478714,255
"257",2022,10,6.1,9,6.31666666666667,5.66666666666667,6.5,6.1,6.1,6,3,2,4,5,4253,2102,2151,478,1077,3176,7.20613820832354,7.67484264034253,6.74811091120409,6.79910041841004,7.2801839461467,7.18102886964736,256
"258",2022,11,7.35714285714286,7,7.5,7,NA,NA,7.35714285714286,5,2,0,0,7,4260,2107,2153,478,1077,3183,7.20638633802817,7.67442773137162,6.74834490013934,6.79910041841004,7.2801839461467,7.18141617656299,257
"259",2022,12,7.5,6,7.33333333333333,7.66666666666667,8,NA,7.5,3,3,1,0,6,4266,2110,2156,479,1077,3189,7.20679929676512,7.67394276303317,6.74962271335807,6.80160751565762,7.2801839461467,7.18201558168705,258
