"","year","month","avg_rating","no_ratings","avg_rating_owned","avg_rating_not_owned","avg_rating_prev_owned","avg_rating_comment","avg_rating_no_comment","no_ratings_owned","no_ratings_not_owned","no_ratings_prev_owned","no_ratings_comment","no_ratings_no_comment","cum_no_ratings","cum_no_ratings_owned","cum_no_ratings_not_owned","cum_no_ratings_prev_owned","cum_no_ratings_comment","cum_no_ratings_no_comment","cum_avg_rating","cum_avg_rating_owned","cum_avg_rating_not_owned","cum_avg_rating_prev_owned","cum_avg_rating_comment","cum_avg_rating_no_comment","month_after_release"
"1",2011,6,10,1,10,NA,NA,NA,10,1,0,0,0,1,1,1,0,0,0,1,10,10,NA,NA,NA,10,-2
"2",2011,7,8.5,1,8.5,NA,NA,8.5,NA,1,0,0,1,0,2,2,0,0,1,1,9.25,9.25,NA,NA,8.5,10,-1
"3",2011,8,7.9625,20,8.46428571428571,6.79166666666667,7.875,7.2,8.21666666666667,14,6,2,5,15,22,16,6,2,6,16,8.07954545454546,8.5625,6.79166666666667,7.875,7.41666666666667,8.328125,0
"4",2011,9,7.38939393939394,66,8.23717948717949,6.16481481481481,6.18,6.37894736842105,7.79787234042553,39,27,5,19,47,88,55,33,7,25,63,7.56193181818182,8.33181818181818,6.27878787878788,6.66428571428571,6.628,7.93253968253968,1
"5",2011,10,7.68627450980392,51,8.01176470588235,7.03529411764706,6.85,6.80769230769231,7.98684210526316,34,17,6,13,38,139,89,50,13,38,101,7.60755395683453,8.20955056179775,6.536,6.75,6.68947368421053,7.9529702970297,2
"6",2011,11,7.70090909090909,55,8.39545454545454,6.65909090909091,6.85,7.68333333333333,7.7075,33,22,10,15,40,194,122,72,23,53,141,7.6340206185567,8.25983606557377,6.57361111111111,6.79347826086957,6.97075471698113,7.88333333333333,3
"7",2011,12,7.429,50,7.96666666666667,6.6225,7.75,7.70833333333333,7.34078947368421,30,20,4,12,38,244,152,92,27,65,179,7.59200819672131,8.20197368421053,6.58423913043478,6.93518518518519,7.10692307692308,7.76815642458101,4
"8",2012,1,7.06229508196721,61,7.89411764705882,6.01481481481482,6.1875,6.35416666666667,7.23571428571429,34,27,8,12,49,305,186,119,35,77,228,7.48606557377049,8.14569892473118,6.45504201680672,6.76428571428571,6.98961038961039,7.65372807017544,5
"9",2012,2,7.45,34,8.23684210526316,6.45333333333333,6.625,7.63333333333333,7.41071428571429,19,15,4,6,28,339,205,134,39,83,256,7.48244837758112,8.15414634146341,6.45485074626866,6.75,7.03614457831325,7.6271484375,6
"10",2012,3,6.93272413793103,29,7.77135714285714,6.15,5.66666666666667,6.14444444444444,7.28745,14,15,3,9,20,368,219,149,42,92,276,7.4391277173913,8.12967579908676,6.4241610738255,6.67261904761905,6.94891304347826,7.60253260869565,7
"11",2012,4,6.95,30,7.921875,5.83928571428571,6,6.22222222222222,7.26190476190476,16,14,2,9,21,398,235,163,44,101,297,7.40225879396985,8.11552765957447,6.3739263803681,6.64204545454545,6.88415841584158,7.57844781144781,8
"12",2012,5,7.27368421052632,38,7.79615384615385,6.14166666666667,7,6.72307692307692,7.56,26,12,2,13,25,436,261,175,46,114,322,7.39105275229358,8.08371264367816,6.358,6.65760869565217,6.86578947368421,7.57701552795031,9
"13",2012,6,6.88636363636364,22,7.20833333333333,6.5,7,7.25,6.80555555555556,12,10,3,4,18,458,273,185,49,118,340,7.36681004366812,8.04523443223443,6.36567567567567,6.67857142857143,6.87881355932203,7.53617352941176,10
"14",2012,7,7.8588,25,8.16666666666667,7.06714285714286,6.66666666666667,7.75,7.87952380952381,18,7,3,4,21,483,291,192,52,122,361,7.39227536231884,8.05274570446736,6.39125,6.67788461538461,6.90737704918033,7.55614681440443,11
"15",2012,8,6.61607142857143,28,8.04545454545454,5.69117647058824,5,6.47222222222222,6.68421052631579,11,17,2,9,19,511,302,209,54,131,380,7.34974363992172,8.05248013245033,6.33430622009569,6.61574074074074,6.87748091603053,7.51255,12
"16",2012,9,7.52083333333333,24,7.64285714285714,7.35,7.5,7.2,7.60526315789474,14,10,5,5,19,535,316,219,59,136,399,7.35741869158879,8.03433227848102,6.38068493150685,6.69067796610169,6.88933823529412,7.5169649122807,13
"17",2012,10,7.39285714285714,28,7.8125,6.83333333333333,6.125,8,7.32,16,12,4,3,25,563,332,231,63,139,424,7.3591811722913,8.02364156626506,6.40419913419913,6.65476190476191,6.91330935251799,7.50535141509434,14
"18",2012,11,6.94302325581395,43,7.825,5.82894736842105,6.425,6.67307692307692,7.06,24,19,10,13,30,606,356,250,73,152,454,7.32965181518152,8.01025,6.36048,6.62328767123288,6.89276315789474,7.47592290748899,15
"19",2012,12,7.52758620689655,29,7.99047619047619,6.3125,6.75,8,7.49259259259259,21,8,2,2,27,635,377,258,75,154,481,7.33869133858268,8.00914854111406,6.35899224806202,6.62666666666667,6.90714285714286,7.47685862785863,16
"20",2013,1,6.52352941176471,34,7.34117647058823,5.70588235294118,5.8,6.3,6.72222222222222,17,17,5,16,18,669,394,275,80,170,499,7.29726307922272,7.98032741116752,6.31861818181818,6.575,6.85,7.4496372745491,17
"21",2013,2,7.1904347826087,23,7.79166666666667,6.53454545454545,6.845,7,7.219,12,11,4,3,20,692,406,286,84,173,519,7.29371242774567,7.9747512315271,6.32692307692308,6.58785714285714,6.85260115606936,7.44074951830443,18
"22",2013,3,7.08928571428571,28,7.8,6.26923076923077,6,6.9375,7.15,15,13,1,8,20,720,421,299,85,181,539,7.2857625,7.96852494061758,6.32441471571906,6.58094117647059,6.85635359116022,7.42996103896104,19
"23",2013,4,6.98421052631579,38,7.55263157894737,6.41578947368421,5.75,7.39285714285714,6.74583333333333,19,19,4,14,24,758,440,318,89,195,563,7.27064511873351,7.95056590909091,6.32987421383648,6.54359550561798,6.89487179487179,7.40079751332149,20
"24",2013,5,6.925,20,7.25,6.16666666666667,5,6.33333333333333,7.17857142857143,14,6,1,6,14,778,454,324,90,201,577,7.26175964010283,7.92896255506608,6.32685185185185,6.52644444444444,6.87810945273632,7.39540554592721,21
"25",2013,6,7.6,25,8.14285714285714,6.90909090909091,6.33333333333333,7.4,7.73333333333333,14,11,3,10,15,803,468,335,93,211,592,7.2722901618929,7.93536111111111,6.34597014925373,6.52021505376344,6.90284360189573,7.40396790540541,22
"26",2013,7,6.15,30,6.65625,5.57142857142857,6.33333333333333,4.66666666666667,6.52083333333333,16,14,3,6,24,833,484,349,96,217,616,7.23187154861945,7.893076446281,6.31489971346705,6.514375,6.84101382488479,7.36956006493507,23
"27",2013,8,6.990625,32,7.59210526315789,6.11153846153846,8,7.45454545454545,6.74761904761905,19,13,2,11,21,865,503,362,98,228,637,7.22294682080925,7.88170775347913,6.30759668508287,6.54469387755102,6.87061403508772,7.34905651491366,24
"28",2013,9,7.10178571428571,28,7.53157894736842,6.19444444444444,6.1875,10,6.99444444444444,19,9,4,1,27,893,522,371,102,229,664,7.21914781634938,7.86896360153257,6.30485175202156,6.5306862745098,6.88427947598253,7.33463704819277,25
"29",2013,10,6.86153846153846,26,7.5875,5.7,5.5,6.9,6.85238095238095,16,10,4,5,21,919,538,381,106,234,685,7.20903046789989,7.86059293680298,6.28897637795276,6.49179245283019,6.88461538461538,7.31985255474453,26
"30",2013,11,7.34210526315789,38,7.78,6.5,6.4375,7.28571428571429,7.35483870967742,25,13,8,7,31,957,563,394,114,241,716,7.2143145245559,7.85701420959148,6.29593908629442,6.48798245614035,6.89626556016597,7.32136731843575,27
"31",2013,12,6.68452380952381,42,7.52083333333333,5.56944444444444,6.4,6.46666666666667,6.80555555555556,24,18,5,15,27,999,587,412,119,256,743,7.19204104104104,7.84326916524702,6.26419902912621,6.48428571428571,6.87109375,7.30262314939435,28
"32",2014,1,6.704,50,7.59259259259259,5.66086956521739,5.83333333333333,6.01818181818182,6.8974358974359,27,23,6,11,39,1049,614,435,125,267,782,7.16877883698761,7.83224592833876,6.23229885057471,6.45304,6.83595505617977,7.28241560102302,29
"33",2014,2,6.83205128205128,39,7.75909090909091,5.63235294117647,5.04166666666667,6.40625,6.94193548387097,22,17,6,8,31,1088,636,452,131,275,813,7.15670863970588,7.82971540880503,6.20973451327434,6.38839694656489,6.82345454545454,7.26943296432964,30
"34",2014,3,7.2962962962963,27,8.34375,5.77272727272727,6.5,6.41666666666667,7.54761904761905,16,11,2,6,21,1115,652,463,133,281,834,7.16008878923767,7.84232975460123,6.19935205183585,6.39007518796992,6.81476868327402,7.2764376498801,31
"35",2014,4,7.35,30,7.97058823529412,6.53846153846154,6.6,7.35,7.35,17,13,5,10,20,1145,669,476,138,291,854,7.16506462882096,7.8455889387145,6.20861344537815,6.39768115942029,6.83316151202749,7.27816042154567,32
"36",2014,5,7.025,32,7.64736842105263,6.11538461538461,6.66666666666667,7.4,6.92,19,13,6,7,25,1177,688,489,144,298,879,7.16125658453696,7.8401148255814,6.20613496932515,6.40888888888889,6.84647651006711,7.26797383390216,33
"37",2014,6,7.37083333333333,24,7.91538461538462,6.72727272727273,7.2,7.66666666666667,7.27222222222222,13,11,5,6,18,1201,701,500,149,304,897,7.16544462947544,7.84151069900143,6.2176,6.43543624161074,6.86266447368421,7.26805908584169,34
"38",2014,7,7.24375,32,7.62173913043478,6.27777777777778,7.16666666666667,8,7.1037037037037,23,9,3,5,27,1233,724,509,152,309,924,7.16747688564477,7.83452900552486,6.21866404715128,6.44986842105263,6.88106796116505,7.26325649350649,35
"39",2014,8,7.60481481481481,27,7.9665,6.57142857142857,6.75,7.37,7.72222222222222,20,7,2,9,18,1260,744,516,154,318,942,7.17684841269841,7.83807661290323,6.2234496124031,6.45376623376623,6.89490566037736,7.27202653927813,36
"40",2014,9,6.86190476190476,21,7.38461538461539,6.0125,6.25,6,7.39230769230769,13,8,2,8,13,1281,757,524,156,326,955,7.17168540202966,7.8302892998679,6.22022900763359,6.45115384615385,6.87294478527607,7.27366387434555,37
"41",2014,10,6.70909090909091,33,7.11176470588235,6.28125,6.29166666666667,5.85833333333333,6.89814814814815,17,16,6,6,27,1314,774,540,162,332,982,7.16006773211568,7.81450775193799,6.22203703703704,6.44524691358025,6.85460843373494,7.26333910386965,38
"42",2014,11,7.31470588235294,34,7.98421052631579,6.46666666666667,7.2,7.3375,7.30769230769231,19,15,5,8,26,1348,793,555,167,340,1008,7.16396810089021,7.8185737704918,6.22864864864865,6.46784431137724,6.86597058823529,7.26448313492063,39
"43",2014,12,6.64516129032258,31,7.28947368421053,5.625,7.16666666666667,6.75,6.62,19,12,3,6,25,1379,812,567,170,346,1033,7.15230529369108,7.8061933497537,6.21587301587301,6.48017647058823,6.86395953757225,7.2488857696031,40
"44",2015,1,7.35593220338983,59,7.875,6.26315789473684,6.45,7.96666666666667,7.28679245283019,40,19,5,6,53,1438,852,586,175,352,1086,7.16065994436718,7.80942370892019,6.21740614334471,6.47931428571428,6.88275568181818,7.25073572744015,41
"45",2015,2,6.94571428571429,35,7.7,5.94,6.5,7.11111111111111,6.88846153846154,20,15,2,9,26,1473,872,601,177,361,1112,7.15555261371351,7.80691399082569,6.21048252911813,6.47954802259887,6.8884487534626,7.24226528776978,42
"46",2015,3,6.6725,40,7.20416666666667,5.875,6,6.39285714285714,6.82307692307692,24,16,5,14,26,1513,896,617,182,375,1138,7.1427818902842,7.79076897321429,6.20178282009724,6.46637362637363,6.86994666666667,7.23268804920914,43
"47",2015,4,7.36666666666667,30,7.925,6.25,6.83333333333333,8.125,7.25,20,10,3,4,26,1543,916,627,185,379,1164,7.14713480233312,7.79369978165939,6.20255183413078,6.47232432432432,6.8831926121372,7.23307474226804,44
"48",2015,5,7.3093023255814,43,7.65,6.52307692307692,6.7,7.65,7.23142857142857,30,13,5,8,35,1586,946,640,190,387,1199,7.1515315258512,7.78914270613108,6.2090625,6.47831578947368,6.89904392764858,7.23302668890742,45
"49",2015,6,7.167,30,8.052,5.397,5.125,6.91666666666667,7.22958333333333,20,10,4,6,24,1616,966,650,194,393,1223,7.15181868811881,7.79458488612836,6.19656923076923,6.45041237113402,6.89931297709924,7.23295911692559,46
"50",2015,7,7.22666666666667,30,7.21875,7.23571428571429,8.5,7.375,7.20384615384615,16,14,2,4,26,1646,982,664,196,397,1249,7.15318286755771,7.78520264765784,6.21847891566265,6.47132653061224,6.90410579345088,7.23235308246597,47
"51",2015,8,7.125,24,7.8,6,7,7.375,7.075,15,9,1,4,20,1670,997,673,197,401,1269,7.15277784431138,7.78542527582748,6.21555720653789,6.47401015228426,6.9088029925187,7.2298731284476,48
"52",2015,9,7.20555555555556,27,7.37105263157895,6.8125,6.16666666666667,6.5,7.36590909090909,19,8,3,5,22,1697,1016,681,200,406,1291,7.15361756040071,7.77767618110236,6.22256975036711,6.4694,6.9037684729064,7.23219132455461,49
"53",2015,10,6.908,25,7.65,6.41333333333333,5.4,6.2,7.13157894736842,10,15,3,6,19,1722,1026,696,203,412,1310,7.15005168408827,7.77643177387914,6.22668103448276,6.4535960591133,6.89351941747573,7.2307320610687,50
"54",2015,11,6.75,33,7.18421052631579,6.16071428571429,6.3125,6.33333333333333,6.79166666666667,19,14,4,3,30,1755,1045,710,207,415,1340,7.14252934472934,7.76566411483254,6.22538028169014,6.45086956521739,6.88946987951807,7.22090223880597,51
"55",2015,12,6.76470588235294,34,7.705,5.42142857142857,8,7.0125,6.68846153846154,20,14,2,8,26,1789,1065,724,209,423,1366,7.13534879821129,7.76452488262911,6.20983425414364,6.46569377990431,6.89179669030733,7.21076793557833,52
"56",2016,1,6.83888888888889,45,7.4758064516129,5.42857142857143,6,6.58333333333333,6.93181818181818,31,14,6,12,33,1834,1096,738,215,435,1399,7.12807470010905,7.75635857664234,6.1950135501355,6.4526976744186,6.88328735632184,7.20418799142244,53
"57",2016,2,6.70769230769231,39,6.98,6.22142857142857,7.025,5.51666666666667,6.92424242424242,25,14,4,6,33,1873,1121,752,219,441,1432,7.11932140950347,7.73904460303301,6.19550531914893,6.46315068493151,6.86469387755102,7.19773673184357,54
"58",2016,3,7.28870967741936,31,7.65833333333333,6.77692307692308,5.5,7.75,7.178,18,13,3,6,25,1904,1139,765,222,447,1457,7.12207930672269,7.73776909569798,6.20538562091503,6.45013513513513,6.87657718120805,7.19739807824297,55
"59",2016,4,7.17567567567568,37,7.8695652173913,6.03571428571429,6.75,7.28571428571429,7.15,23,14,4,7,30,1941,1162,779,226,454,1487,7.12310097887687,7.74037779690189,6.20233632862644,6.45544247787611,6.88288546255507,7.19644182918628,56
"60",2016,5,7.36923076923077,26,7.71578947368421,6.42857142857143,NA,7.5,7.35833333333333,19,7,0,2,24,1967,1181,786,226,456,1511,7.12635434672089,7.73998221845893,6.20435114503817,6.45544247787611,6.88559210526316,7.19901323626737,57
"61",2016,6,7.546875,32,8.21428571428571,6.27272727272727,5.83333333333333,7.5,7.55,21,11,3,2,30,1999,1202,797,229,458,1541,7.13308604302151,7.748268718802,6.20529485570891,6.44729257641921,6.8882751091703,7.20584620376379,58
"62",2016,7,6.74686842105263,38,7.22186363636364,6.09375,6.5,7,6.68970967741935,22,16,1,7,31,2037,1224,813,230,465,1572,7.12588119783996,7.73880718954248,6.20309963099631,6.44752173913043,6.88995698924731,7.1956679389313,59
"63",2016,8,6.81428571428571,35,7.35714285714286,6,7.25,7.91666666666667,6.58620689655172,21,14,4,6,29,2072,1245,827,234,471,1601,7.12061776061776,7.73236947791165,6.19966142684401,6.46123931623932,6.90303609341826,7.1846283572767,60
"64",2016,9,6.81481481481481,27,7.56666666666667,5.875,5.875,6.71428571428571,6.85,15,12,4,7,20,2099,1260,839,238,478,1621,7.11668413530252,7.73039682539683,6.1950178784267,6.45138655462185,6.9002719665272,7.18049969154843,61
"65",2016,10,7.13636363636364,33,7.68181818181818,6.04545454545455,6.2,6.0625,7.48,22,11,5,8,25,2132,1282,850,243,486,1646,7.11698874296435,7.7295631825273,6.19308235294118,6.44621399176955,6.88648148148148,7.18504860267315,62
"66",2016,11,7.16875,32,7.68823529411765,6.58,8,8.175,7.025,17,15,1,4,28,2164,1299,865,244,490,1674,7.11775415896488,7.72902232486528,6.19979190751445,6.45258196721311,6.897,7.1823715651135,63
"67",2016,12,6.85714285714286,21,7.92307692307692,5.125,6,7,6.84210526315789,13,8,3,2,19,2185,1312,873,247,492,1693,7.11524942791762,7.73094512195122,6.18994272623138,6.44708502024291,6.89741869918699,7.17855286473715,64
"68",2017,1,6.98125,48,8.02068965517241,5.39473684210526,5.5,6.44444444444444,7.1051282051282,29,19,6,9,39,2233,1341,892,253,501,1732,7.11236901030004,7.7372110365399,6.17300448430493,6.42462450592885,6.88928143712575,7.17689953810624,65
"69",2017,2,7.34615384615385,39,7.703125,5.71428571428571,3.5,8.33333333333333,7.26388888888889,32,7,2,3,36,2272,1373,899,255,504,1768,7.11638204225352,7.73641660597232,6.16943270300334,6.4016862745098,6.89787698412698,7.17867081447964,66
"70",2017,3,7.52321428571429,28,7.85714285714286,6.52142857142857,7.75,7.75,7.48541666666667,21,7,1,4,24,2300,1394,906,256,508,1792,7.12133478260869,7.73823529411765,6.17215231788079,6.406953125,6.90458661417323,7.18277901785714,67
"71",2017,4,7.05,26,7.43333333333333,6.1875,6.5,7.125,7.03636363636364,18,8,2,4,22,2326,1412,914,258,512,1814,7.12053740326741,7.73434844192635,6.17228665207877,6.40767441860465,6.90630859375,7.1810033076075,68
"72",2017,5,7.52285714285714,35,7.61,7,NA,7.25,7.57931034482759,30,5,0,6,29,2361,1442,919,258,518,1843,7.1265014824227,7.73176144244106,6.17678998911861,6.40767441860465,6.91028957528957,7.1872707542051,69
"73",2017,6,6.4395,20,6.51111111111111,6.38090909090909,5.5,NA,6.4395,9,11,3,0,20,2381,1451,930,261,518,1863,7.12073078538429,7.72419021364576,6.17920430107527,6.39724137931034,6.91028957528957,7.17924315619968,70
"74",2017,7,6.55909090909091,22,7.35,5.61,7.83333333333333,7,6.515,12,10,3,2,20,2403,1463,940,264,520,1883,7.11558884727424,7.72112098427888,6.17314893617021,6.41356060606061,6.91063461538461,7.17218799787573,71
"75",2017,8,6.88076923076923,26,7.14117647058824,6.38888888888889,5.66666666666667,7.25,6.71666666666667,17,9,3,8,18,2429,1480,949,267,528,1901,7.11307533964594,7.71445945945946,6.17519494204426,6.40516853932584,6.91577651515151,7.1678748027354,72
"76",2017,9,7.27586206896552,29,7.63888888888889,6.68181818181818,6.41666666666667,7.92857142857143,7.06818181818182,18,11,6,7,22,2458,1498,960,273,535,1923,7.11499593165175,7.71355140186916,6.181,6.40542124542124,6.92902803738318,7.16673426937077,73
"77",2017,10,7.03181818181818,22,7.87142857142857,5.5625,7.125,5.125,7.45555555555556,14,8,4,4,18,2480,1512,968,277,539,1941,7.11425806451613,7.71501322751323,6.17588842975206,6.41581227436823,6.9156400742115,7.16941267387944,74
"78",2017,11,7.1121875,32,7.63285714285714,6.11818181818182,6.83333333333333,7.04166666666667,7.12846153846154,21,11,3,6,26,2512,1533,979,280,545,1967,7.11423168789809,7.71388780169602,6.17524004085802,6.42028571428571,6.91702752293578,7.16887137773259,75
"79",2017,12,7.24615384615385,26,7.96470588235294,5.88888888888889,6,8.1,7.09090909090909,17,9,2,4,22,2538,1550,988,282,549,1989,7.11558313632782,7.71663870967742,6.17263157894737,6.41730496453901,6.92564663023679,7.16800904977376,76
"80",2018,1,7.08421052631579,38,7.54761904761905,6.51176470588235,5.84,8,6.94545454545455,21,17,5,5,33,2576,1571,1005,287,554,2022,7.11512034161491,7.71437937619351,6.17836815920398,6.40724738675958,6.93534296028881,7.16437685459941,77
"81",2018,2,7.59523809523809,21,8.54545454545454,6.55,7.3,8,7.55263157894737,11,10,5,2,19,2597,1582,1015,292,556,2041,7.11900269541779,7.7201580278129,6.18202955665025,6.42253424657534,6.9391726618705,7.16799118079373,78
"82",2018,3,6.625,24,7.76470588235294,3.85714285714286,NA,3.75,7.2,17,7,0,4,20,2621,1599,1022,292,560,2061,7.11447920640977,7.72063164477799,6.16610567514677,6.42253424657534,6.91639285714286,7.16830179524503,79
"83",2018,4,7.07066666666667,15,8.08888888888889,5.54333333333333,6.13,5.75,7.55090909090909,9,6,2,4,11,2636,1608,1028,294,564,2072,7.11422989377845,7.72269278606965,6.16247081712062,6.42054421768707,6.90812056737589,7.17033301158301,80
"84",2018,5,7.36666666666667,15,8.125,4.33333333333333,NA,7.5,7.34615384615385,12,3,0,2,13,2651,1620,1031,294,566,2085,7.11565824217277,7.72567283950617,6.15714839961203,6.42054421768707,6.91021201413427,7.17142925659472,81
"85",2018,6,6.96470588235294,17,7.53333333333333,5.6,NA,7.63333333333333,6.82142857142857,12,5,0,3,14,2668,1632,1036,294,569,2099,7.1146964017991,7.72425857843137,6.15445945945946,6.42054421768707,6.91402460456942,7.16909480705098,82
"86",2018,7,6.94444444444444,18,7.27272727272727,6.42857142857143,7.5,8,6.64285714285714,11,7,2,4,14,2686,1643,1043,296,573,2113,7.11355547282204,7.72123554473524,6.15629913710451,6.42783783783784,6.92160558464223,7.16560814008519,83
"87",2018,8,6.99705882352941,34,7.65238095238095,5.93846153846154,5.66666666666667,6.77222222222222,7.078,21,13,3,9,25,2720,1664,1056,299,582,2138,7.11209926470588,7.72036658653846,6.15361742424242,6.42020066889632,6.91929553264605,7.16458372310571,84
"88",2018,9,7.92272727272727,22,8.3625,6.75,8,7,8.12777777777778,16,6,1,4,18,2742,1680,1062,300,586,2156,7.11860320933625,7.72648214285714,6.1569868173258,6.42546666666667,6.91984641638225,7.17262523191095,85
"89",2018,10,6.90789473684211,19,7.78846153846154,5,5.5,6,7.01470588235294,13,6,2,2,17,2761,1693,1068,302,588,2173,7.11715320536038,7.72695806261075,6.15048689138577,6.41933774834437,6.91671768707483,7.17138978370916,86
"90",2018,11,6.839,20,8.04166666666667,5.035,6,4.25,7.48625,12,8,2,4,16,2781,1705,1076,304,592,2189,7.11515282272564,7.72917302052786,6.14219330855018,6.41657894736842,6.89869932432432,7.17369118318867,87
"91",2018,12,6.564,25,7.66153846153846,5.375,6.1,6.21428571428571,6.7,13,12,5,7,18,2806,1718,1088,309,599,2207,7.11024233784747,7.72866123399302,6.13373161764706,6.41145631067961,6.89070116861436,7.16982782057091,88
"92",2019,1,6.9,37,7.65,5.8,5.875,7.2,6.86363636363636,22,15,4,4,33,2843,1740,1103,313,603,2240,7.10750615546957,7.72766666666667,6.12919310970081,6.40460063897764,6.89275290215589,7.16531696428572,89
"93",2019,2,7.14912263157895,19,7.9027775,5.85714285714286,6.5,NA,7.14912263157895,12,7,2,0,19,2862,1752,1110,315,603,2259,7.10778243535989,7.72886605593607,6.12747747747748,6.40520634920635,6.89275290215589,7.16518075697211,90
"94",2019,3,7.21923076923077,26,7.685,5.66666666666667,6,6.25,7.39545454545455,20,6,2,4,22,2888,1772,1116,317,607,2281,7.10878577908587,7.72837095372461,6.125,6.40264984227129,6.88851729818781,7.16740172292854,91
"95",2019,4,7.11428571428571,21,7.60714285714286,6.12857142857143,4.95,4.96666666666667,7.47222222222222,14,7,2,3,18,2909,1786,1123,319,610,2299,7.10882548298384,7.7274206774916,6.12502226179875,6.39354231974922,6.87906557377049,7.1697883123097,92
"96",2019,5,7.41666666666667,12,8.33333333333333,4.66666666666667,4,NA,7.41666666666667,9,3,2,0,12,2921,1795,1126,321,610,2311,7.11009015063335,7.73045867966574,6.12113676731794,6.3786292834891,6.87906557377049,7.17107024231934,93
"97",2019,6,7.25,19,7.90909090909091,6.34375,6.58333333333333,6.25,7.51666666666667,11,8,3,4,15,2940,1806,1134,324,614,2326,7.11099432993197,7.73154669435216,6.12270723104056,6.38052469135802,6.8749674267101,7.17329893809115,94
"98",2019,7,6.26,25,7.36363636363636,5.39285714285714,5,5.41666666666667,6.52631578947368,11,14,2,6,19,2965,1817,1148,326,620,2345,7.10381899831366,7.72931938910292,6.11380662020906,6.37205521472393,6.86085483870968,7.16805685714286,95
"99",2019,8,7.57692307692308,26,8,6.42857142857143,6.66666666666667,7.1,7.69047619047619,19,7,3,5,21,2991,1836,1155,329,625,2366,7.10793157138081,7.73212055010893,6.11571428571428,6.37474164133739,6.862768,7.17269371513102,96
"100",2019,9,7.32222222222222,27,7.98421052631579,5.75,5.41666666666667,5.7,7.69090909090909,19,8,6,5,22,3018,1855,1163,335,630,2388,7.10984868455931,7.73470260377359,6.11319862424763,6.35758208955224,6.85353968253968,7.17746789363484,97
"101",2019,10,6.85227272727273,22,8.05357142857143,4.75,4.75,4,7.1375,14,8,4,2,20,3040,1869,1171,339,632,2408,7.10798464802632,7.73709113429642,6.10388556789069,6.33861356932153,6.84450949367089,7.17713593438538,98
"102",2019,11,6.88947368421053,19,7.49285714285714,5.2,NA,6.96666666666667,6.875,14,5,0,3,16,3059,1883,1176,339,635,2424,7.10662743707094,7.73527526818906,6.1000425170068,6.33861356932153,6.84508661417323,7.17514163778878,99
"103",2019,12,6.37894736842105,19,7.5,5.725,5.14,5.5,6.48235294117647,7,12,5,2,17,3078,1890,1188,344,637,2441,7.10213558479532,7.73440387830688,6.09625420875421,6.32119186046512,6.84086342229199,7.17031680868497,100
"104",2020,1,6.87996288888889,45,7.87384043478261,5.84090909090909,5.35714285714286,6.9,6.874238,23,22,7,10,35,3123,1913,1210,351,647,2476,7.09893424911944,7.73608032409828,6.09161157024793,6.30196581196581,6.84177743431221,7.1661315266559,101
"105",2020,2,7.1,20,7.53333333333333,5.8,NA,7.33333333333333,7.05882352941176,15,5,0,3,17,3143,1928,1215,351,650,2493,7.09894103086224,7.73450293568465,6.09041152263374,6.30196581196581,6.84404615384615,7.1653997833935,102
"106",2020,3,6.45454545454545,11,7.33333333333333,5.4,6,6,6.5,6,5,3,1,10,3154,1934,1220,354,651,2503,7.09669361445783,7.7332583557394,6.08758196721311,6.29940677966102,6.84274961597542,7.16274137435078,103
"107",2020,4,7.34578571428571,14,7.57008333333333,6,6,6.5,7.48675,12,2,1,2,12,3168,1946,1222,355,653,2515,7.09779440025253,7.7322521377184,6.08743862520458,6.29856338028169,6.84169984686064,7.16428733996024,104
"108",2020,5,6.96428571428571,28,7.47826086956522,4.6,7,6.5,7.04166666666667,23,5,1,4,24,3196,1969,1227,356,657,2539,7.09662473717147,7.72928525139665,6.08137734311328,6.30053370786517,6.83961948249619,7.16312826309571,105
"109",2020,6,6.48313705882353,17,7.6,5.22666625,5.9533325,5.45,6.62088866666667,9,8,4,2,15,3213,1978,1235,360,659,2554,7.09337877061936,7.72869699696663,6.07584075303644,6.29667591666667,6.83540212443095,7.15994361393892,106
"110",2020,7,7.23214285714286,14,7.59375,6.75,7.125,9,7.09615384615385,8,6,4,1,13,3227,1986,1241,364,660,2567,7.09398078400992,7.72815340382679,6.07910018533441,6.30577837912088,6.83868181818182,7.15962056486171,107
"111",2020,8,7.08461538461538,13,7.67777777777778,5.75,NA,8.5,6.82727272727273,9,4,0,2,11,3240,1995,1245,364,662,2578,7.09394320679012,7.72792614536341,6.07804283534136,6.30577837912088,6.84370090634441,7.15820247866563,108
"112",2020,9,7.15,10,8,6.3,7.83333333333333,7,7.16666666666667,5,5,3,1,9,3250,2000,1250,367,663,2587,7.09411568923077,7.72860633,6.078930664,6.31826520435967,6.84393665158371,7.15823192500967,109
"113",2020,10,6.92105263157895,19,7.32142857142857,5.8,6.33333333333333,7.5,6.76666666666667,14,5,3,4,15,3269,2014,1255,370,667,2602,7.09310981645763,7.72577589870904,6.07781938645418,6.31838737837838,6.84787106446776,7.15597463105304,110
"114",2020,11,7.44736842105263,38,7.8125,6.425,7,7.96428571428571,7.33064516129032,28,10,2,7,31,3307,2042,1265,372,674,2633,7.09718052313275,7.72696506366308,6.0805638972332,6.32205196236559,6.85946587537092,7.15803113938473,111
"115",2020,12,6.97368421052632,19,7.28571428571429,6.1,5.5,7.5,6.83333333333333,14,5,1,4,15,3326,2056,1270,373,678,2648,7.0964750420926,7.72396043774319,6.08064041732283,6.31984806970509,6.86324483775811,7.15619183912387,112
"116",2021,1,7.18285714285714,35,7.15,7.27777777777778,7,8.25,7.04516129032258,26,9,2,4,31,3361,2082,1279,375,682,2679,7.09737458792026,7.71679282420749,6.08906437060203,6.32347554666667,6.87137829912023,7.15490705113849,113
"117",2021,2,6.66304347826087,23,7.38333333333333,5.3125,5.5,5.66666666666667,6.8125,15,8,2,3,20,3384,2097,1287,377,685,2699,7.09442257387707,7.7144075631855,6.08423724164724,6.31910697612732,6.86610218978102,7.15236976287514,114
"118",2021,3,6.86428571428571,14,7.51428571428571,6.21428571428571,5.75,7.25,6.71,7,7,4,4,10,3398,2104,1294,381,689,2709,7.09347439376104,7.71374175855513,6.0849407496136,6.31313209973753,6.86833091436865,7.15073679955703,115
"119",2021,4,7.21333333333333,15,7.95454545454545,5.175,4.2,6.64,7.5,11,4,1,5,10,3413,2115,1298,382,694,2719,7.09400116905948,7.71499416548464,6.08213661787365,6.30760034031413,6.86668587896253,7.15202132769401,116
"120",2021,5,7.31538461538462,13,7.875,6.42,6,9,7.175,8,5,1,1,12,3426,2123,1303,383,695,2731,7.09484121132516,7.71559710786623,6.08343310053722,6.30679720626632,6.86975539568345,7.15212229586232,117
"121",2021,6,7.35714285714286,14,7.72727272727273,6,6,6.5,7.5,11,3,1,2,12,3440,2134,1306,384,697,2743,7.09590871802326,7.71565729147142,6.08324144716692,6.30599825520833,6.8686944045911,7.15364418155305,118
"122",2021,7,6.91176470588235,17,7.22222222222222,6.5625,7.5,8,6.84375,9,8,2,1,16,3457,2143,1314,386,698,2759,7.09500317905699,7.71358500233318,6.08615930745814,6.31218479274611,6.87031518624642,7.15184704240667,119
"123",2021,8,7.16666666666667,24,7.96666666666667,5.83333333333333,6,6,7.33333333333333,15,9,1,3,21,3481,2158,1323,387,701,2780,7.09549726802643,7.71534414272475,6.08443940287226,6.31137811369509,6.86659058487874,7.15321798201439,120
"124",2021,9,7.08196058823529,17,7.87703666666667,6.1875,7,8,6.95955533333333,9,8,2,2,15,3498,2167,1331,389,703,2795,7.0954314808462,7.71601568527919,6.08505885048835,6.31491858611825,6.86981507823613,7.15217864758497,121
"125",2021,10,6.9,25,8.5,5.42307692307692,5.83333333333333,7.5,6.71052631578947,12,13,3,6,19,3523,2179,1344,392,709,2814,7.09404465512347,7.7203331757687,6.07865575148809,6.31123298469388,6.87514809590973,7.14919663113006,122
"126",2021,11,6.95833333333333,12,7.21428571428571,6.6,6.5,8.5,6.65,7,5,2,2,10,3535,2186,1349,394,711,2824,7.09358396605375,7.71871271271729,6.0805880874722,6.3121911928934,6.87971870604782,7.14742893767705,123
"127",2021,12,6.89492047619048,21,7.25288866666667,6,6.5,7.95,6.64666647058824,15,6,2,4,17,3556,2201,1355,396,715,2841,7.09241075646794,7.71553808268969,6.0802312398524,6.31313972222222,6.88570629370629,7.14443247096093,124
"128",2022,1,7.20892857142857,28,7.54473684210526,6.5,7.5,7.66666666666667,7.154,19,9,1,3,25,3584,2220,1364,397,718,2866,7.09332105189732,7.71407627027027,6.08300097507331,6.31612929471033,6.88896935933148,7.14451592812282,125
"129",2022,2,7.75,22,8.1,7,NA,8.75,7.52777777777778,15,7,0,4,18,3606,2235,1371,397,722,2884,7.09732741264559,7.71666636241611,6.08768295404814,6.31612929471033,6.89927977839335,7.14690799237171,126
"130",2022,3,7.45454545454545,11,7.78571428571429,6.875,7.25,7.66666666666667,7.375,7,4,2,3,8,3617,2242,1375,399,725,2892,7.09841378213989,7.71688194469224,6.08997333090909,6.32081035087719,6.90245517241379,7.14753895228216,127
"131",2022,4,7.25909090909091,22,7.93333333333333,6.45,7.125,7.48,7.19411764705882,12,10,4,5,17,3639,2254,1385,403,730,2909,7.09938517449849,7.71803430346052,6.09257280144404,6.32879238213399,6.90641095890411,7.1478111550361,128
"132",2022,5,7.132,25,7.78235294117647,5.75,5,8.625,6.84761904761905,17,8,3,4,21,3664,2271,1393,406,734,2930,7.09960771015284,7.71851577278732,6.09060540559942,6.31897371921182,6.91577656675749,7.14565960750853,129
"133",2022,6,7.32142857142857,14,8.5625,5.66666666666667,6.25,6.75,7.41666666666667,8,6,2,2,12,3678,2279,1399,408,736,2942,7.10045205274606,7.72147842035981,6.08878722659042,6.3186356127451,6.91532608695652,7.1467650067981,130
"134",2022,7,6.63157894736842,19,6.75,6.42857142857143,8,6.57142857142857,6.66666666666667,12,7,1,7,12,3697,2291,1406,409,743,2954,7.09804237219367,7.7163899257966,6.09047889758179,6.32274652811736,6.91208613728129,7.14481470886933,131
"135",2022,8,7.37894736842105,19,7.76428571428571,6.3,NA,8.2,7,14,5,0,6,13,3716,2305,1411,409,749,2967,7.09947864639397,7.7166808329718,6.09122135364989,6.32274652811736,6.92240320427236,7.14418019885406,132
"136",2022,9,7.0375,16,7.07142857142857,7.01111111111111,NA,6.125,7.34166666666667,7,9,0,4,12,3732,2312,1420,409,753,2979,7.09921292872454,7.71472721453287,6.09705164084507,6.32274652811736,6.91816733067729,7.14497571332662,133
"137",2022,10,7.21875,16,7.40909090909091,6.8,6.83333333333333,6.33333333333333,7.75,11,5,3,6,10,3748,2323,1425,412,759,2989,7.09972322572038,7.71327994834266,6.09951812631579,6.32646439320388,6.9135441370224,7.14699988290398,134
"138",2022,11,6.90555555555556,18,8.33,5.125,5.5,8,6.76875,10,8,2,2,16,3766,2333,1433,414,761,3005,7.09879518056293,7.71592341191599,6.0940776901605,6.3224718115942,6.91639947437582,7.14498590682196,135
"139",2022,12,7.93333333333333,21,7.975,7.8,8,9,7.82105263157895,16,5,1,2,19,3787,2349,1438,415,763,3024,7.10342293372062,7.71768808854832,6.10000926981919,6.32651404819277,6.92186107470511,7.14923368055555,136
