"","year","month","avg_rating","no_ratings","avg_rating_owned","avg_rating_not_owned","avg_rating_prev_owned","avg_rating_comment","avg_rating_no_comment","no_ratings_owned","no_ratings_not_owned","no_ratings_prev_owned","no_ratings_comment","no_ratings_no_comment","cum_no_ratings","cum_no_ratings_owned","cum_no_ratings_not_owned","cum_no_ratings_prev_owned","cum_no_ratings_comment","cum_no_ratings_no_comment","cum_avg_rating","cum_avg_rating_owned","cum_avg_rating_not_owned","cum_avg_rating_prev_owned","cum_avg_rating_comment","cum_avg_rating_no_comment","month_after_release"
"1",2013,5,9,1,9,NA,NA,NA,9,1,0,0,0,1,1,1,0,0,0,1,9,9,NA,NA,NA,9,-5
"2",2013,7,8.25,1,NA,8.25,NA,NA,8.25,0,1,0,0,1,2,1,1,0,0,2,8.625,9,8.25,NA,NA,8.625,-3
"3",2013,9,7,2,NA,7,NA,NA,7,0,2,0,0,2,4,1,3,0,0,4,7.8125,9,7.41666666666667,NA,NA,7.8125,-1
"4",2013,10,7.99310344827586,29,8.78571428571429,7.25333333333333,8,7.94444444444444,8.015,14,15,1,9,20,33,15,18,1,9,24,7.97121212121212,8.8,7.28055555555556,8,7.94444444444444,7.98125,0
"5",2013,11,7.630625,80,8.33714285714286,7.08111111111111,7.65384615384615,7.8,7.55803571428571,35,45,13,24,56,113,50,63,14,33,80,7.73008849557522,8.476,7.13809523809524,7.67857142857143,7.83939393939394,7.685,1
"6",2013,12,7.52380281690141,71,8.11428571428571,7.1393023255814,7.21357142857143,6.86111111111111,7.7488679245283,28,43,14,18,53,184,78,106,28,51,133,7.65048913043478,8.34615384615385,7.13858490566038,7.44607142857143,7.49411764705882,7.71045112781955,2
"7",2014,1,7.45508474576271,59,8.07857142857143,6.89193548387097,6.6,7.21190476190476,7.58947368421053,28,31,5,21,38,243,106,137,33,72,171,7.60304526748971,8.27547169811321,7.08277372262774,7.31787878787879,7.41180555555556,7.68356725146199,3
"8",2014,2,7.55714285714286,56,8.2,6.76,6.66666666666667,7.57777777777778,7.5531914893617,31,25,6,9,47,299,137,162,39,81,218,7.59444816053512,8.25839416058394,7.03296296296296,7.21769230769231,7.43024691358025,7.65545871559633,4
"9",2014,3,7.70208333333333,72,8.40757575757576,7.1051282051282,8.47142857142857,7.05,7.95288461538462,33,39,7,20,52,371,170,201,46,101,270,7.61533692722372,8.28735294117647,7.04696517412935,7.40847826086957,7.35495049504951,7.71274074074074,5
"10",2014,4,7.65901639344262,61,8.36153846153846,7.13714285714286,8,7.78333333333333,7.62857142857143,26,35,7,12,49,432,196,236,53,113,319,7.62150462962963,8.29719387755102,7.06033898305085,7.48660377358491,7.40044247787611,7.69981191222571,6
"11",2014,5,7.61891891891892,74,8.35294117647059,6.995,7.52,7.58333333333333,7.6258064516129,34,40,5,12,62,506,230,276,58,125,381,7.62112648221344,8.3054347826087,7.05086956521739,7.48948275862069,7.418,7.68776902887139,7
"12",2014,6,7.20769230769231,52,7.945,6.746875,7.3,7.60769230769231,7.07435897435897,20,32,10,13,39,558,250,308,68,138,420,7.58259856630824,8.2766,7.01928571428571,7.46161764705882,7.43586956521739,7.63080952380952,8
"13",2014,7,7.67368421052632,38,8.17692307692308,6.58333333333333,NA,8.14285714285714,7.56774193548387,26,12,0,7,31,596,276,320,68,145,451,7.58840604026846,8.26721014492754,7.0029375,7.46161764705882,7.47,7.62647450110865,9
"14",2014,8,7.35483870967742,31,8.58666666666667,6.2,6.33333333333333,6.66666666666667,7.52,15,16,6,6,25,627,291,336,74,151,476,7.57685805422648,8.28367697594502,6.96470238095238,7.37013513513513,7.43807947019868,7.62088235294118,10
"15",2014,9,7.6202380952381,42,8.42105263157895,6.95869565217391,7.375,8.13888888888889,7.47878787878788,19,23,4,9,33,669,310,359,78,160,509,7.57958146487295,8.29209677419355,6.96431754874652,7.37038461538461,7.4775,7.6116699410609,11
"16",2014,10,7.49489795918367,49,8.072,6.89375,7.25,7.49545454545455,7.49473684210526,25,24,6,11,38,718,335,383,84,171,547,7.57380222841226,8.27567164179105,6.9598955613577,7.36178571428571,7.47865497076023,7.60354661791591,12
"17",2014,11,7.72450980392157,51,8.24259259259259,7.14166666666667,7.96,7.4,7.82435897435897,27,24,5,12,39,769,362,407,89,183,586,7.58379713914174,8.2732044198895,6.97061425061425,7.39539325842697,7.47349726775956,7.61824232081911,13
"18",2014,12,7.73684210526316,38,8.02631578947368,7.44736842105263,8.25,6.8,7.87878787878788,19,19,2,5,33,807,381,426,91,188,619,7.59100371747212,8.26089238845145,6.9918779342723,7.41417582417582,7.45558510638298,7.63213247172859,14
"19",2015,1,7.51951219512195,41,8.71428571428571,6.9,7.10714285714286,6.08333333333333,7.76571428571429,14,27,14,6,35,848,395,453,105,194,654,7.58754716981132,8.27696202531646,6.98640176600442,7.37323809523809,7.41314432989691,7.63928134556575,15
"20",2015,2,7.36911764705882,34,7.85416666666667,7.10454545454545,7.12222222222222,7.76875,7.24615384615385,12,22,9,8,26,882,407,475,114,202,680,7.57912698412698,8.26449631449632,6.99187368421053,7.35342105263158,7.42722772277228,7.62425,16
"21",2015,3,7.31285714285714,35,8.12,6.99,7.525,7.72222222222222,7.17115384615385,10,25,10,9,26,917,417,500,124,211,706,7.56896401308615,8.26103117505995,6.99178,7.36725806451613,7.43981042654029,7.60756373937677,17
"22",2015,4,7.51282051282051,39,8.31538461538462,7.11153846153846,7.32222222222222,7,7.60606060606061,13,26,9,6,33,956,430,526,133,217,739,7.56667364016737,8.26267441860465,6.99769961977186,7.36421052631579,7.42764976958525,7.60749661705007,18
"23",2015,5,7.74868421052632,38,8.6375,7.10227272727273,7.5,8.2125,7.625,16,22,7,8,30,994,446,548,140,225,769,7.57363179074447,8.27612107623318,7.00189781021898,7.371,7.45555555555556,7.60817945383615,19
"24",2015,6,7.92307692307692,26,8.81818181818182,7.26666666666667,7.125,7.57142857142857,8.05263157894737,11,15,4,7,19,1020,457,563,144,232,788,7.58253921568627,8.28916849015317,7.00895204262878,7.36416666666667,7.45905172413793,7.61889593908629,20
"25",2015,7,7.74074074074074,27,8.39666666666667,6.92083333333333,7.5,8.58333333333333,7.5,15,12,1,6,21,1047,472,575,145,238,809,7.58661891117479,8.29258474576271,7.00711304347826,7.36510344827586,7.48739495798319,7.61580964153276,21
"26",2015,8,7.49440677966102,59,8.23346153846154,6.91212121212121,6.73,7.43333333333333,7.5054,26,33,10,9,50,1106,498,608,155,247,859,7.58169981916817,8.28949799196787,7.00195723684211,7.32412903225806,7.48542510121458,7.60938300349243,22
"27",2015,9,7.64545454545455,33,8.10625,7.21176470588235,7.375,7.14285714285714,7.78076923076923,16,17,4,7,26,1139,514,625,159,254,885,7.58354697102722,8.28379377431907,7.007664,7.32540880503145,7.47598425196851,7.61441807909604,23
"28",2015,10,7.88108108108108,37,8.2,7.4625,7.5,7.98571428571429,7.85666666666667,21,16,7,7,30,1176,535,641,166,261,915,7.59290816326531,8.28050467289719,7.01901716068643,7.33277108433735,7.48965517241379,7.6223606557377,24
"29",2015,11,7.67717391304348,46,8.40227272727273,7.0125,6.91111111111111,7.375,7.74078947368421,22,24,9,8,38,1222,557,665,175,269,953,7.59608019639935,8.28531418312388,7.01878195488722,7.31108571428571,7.48624535315985,7.62708289611752,25
"30",2015,12,7.62121212121212,33,8.41176470588235,6.78125,7,7.33333333333333,7.68518518518519,17,16,2,6,27,1255,574,681,177,275,980,7.59674103585657,8.28905923344948,7.01320117474303,7.30757062146893,7.48290909090909,7.62868367346939,26
"31",2016,1,7.39347826086957,46,7.86923076923077,6.775,7.18181818181818,7.57142857142857,7.36153846153846,26,20,11,7,39,1301,600,701,188,282,1019,7.58955418908532,8.27086666666667,7.00640513552069,7.30021276595745,7.48510638297872,7.61845927379784,27
"32",2016,2,8.09655172413793,29,8.32352941176471,7.775,7.68571428571429,8.75,8.04814814814815,17,12,7,2,27,1330,617,713,195,284,1046,7.60060902255639,8.27231766612642,7.01934081346424,7.31405128205128,7.49401408450704,7.62955066921606,28
"33",2016,3,7.92307692307692,26,8.76923076923077,7.07692307692308,7.16666666666667,7.5,7.94,13,13,3,1,25,1356,630,726,198,285,1071,7.60679203539823,8.28257142857143,7.02037190082645,7.31181818181818,7.4940350877193,7.63679738562091,29
"34",2016,4,7.42894736842105,38,8.07272727272727,6.54375,5.78,9,7.34166666666667,22,16,5,2,36,1394,652,742,203,287,1107,7.60194404591105,8.27549079754601,7.01009433962264,7.27408866995074,7.50452961672474,7.62719963866305,30
"35",2016,5,7.40645161290323,31,8.59375,6.14,6.05,7.33333333333333,7.43636363636364,16,15,6,9,22,1425,668,757,209,296,1129,7.59769122807017,8.28311377245509,6.99285336856011,7.23894736842105,7.49932432432433,7.62348095659876,31
"36",2016,6,7.74615384615385,26,7.88461538461539,7.60769230769231,8.42857142857143,8,7.67,13,13,7,6,20,1451,681,770,216,302,1149,7.60035148173673,8.27550660792951,7.00323376623377,7.2775,7.50927152317881,7.62429068755439,32
"37",2016,7,7.76263157894737,38,8.4625,6.985,7.4,7.522,7.79909090909091,20,18,5,5,33,1489,701,788,221,307,1182,7.60449294828744,8.28084165477889,7.00281725888325,7.28027149321267,7.50947882736156,7.62917089678511,33
"38",2016,8,7.86153846153846,52,8.78571428571429,7.23548387096774,6.91666666666667,8.25,7.82916666666667,21,31,6,4,48,1541,722,819,227,311,1230,7.61316677482154,8.29552631578947,7.01162393162393,7.27066079295154,7.51900321543408,7.6369756097561,34
"39",2016,9,7.9963829787234,47,8.60619047619048,7.50384615384615,7.5,8.25,7.94435897435897,21,26,2,8,39,1588,743,845,229,319,1269,7.62450881612091,8.3043068640646,7.02676923076923,7.27266375545852,7.53733542319749,7.64642237982663,35
"40",2016,10,7.71018518518519,54,8.54,6.9948275862069,7.30555555555556,8.075,7.62727272727273,25,29,9,10,44,1642,768,874,238,329,1313,7.62732643118148,8.31197916666667,7.02570938215103,7.27390756302521,7.55367781155015,7.64578065498858,36
"41",2016,11,7.56964285714286,56,8.03846153846154,7.16333333333333,7.3,6.83333333333333,7.71063829787234,26,30,9,9,47,1698,794,904,247,338,1360,7.62542402826855,8.30302267002519,7.03027654867257,7.27485829959514,7.53449704142012,7.64802205882353,37
"42",2016,12,7.18853846153846,39,8.0283125,6.60434782608696,7.75,6.71428571428571,7.29228125,16,23,4,7,32,1737,810,927,251,345,1392,7.61561485319516,8.2975962962963,7.01970873786408,7.28243027888446,7.51785507246377,7.6398441091954,38
"43",2017,1,7.77619047619048,42,8.29130434782609,7.15263157894737,7.33333333333333,9,7.64736842105263,23,19,6,4,38,1779,833,946,257,349,1430,7.61940584598089,8.29742256902761,7.02237843551797,7.2836186770428,7.53484240687679,7.64004405594406,39
"44",2017,2,7.85863888888889,36,8.397,7.55434782608696,6.6875,7.575,7.91536666666667,13,23,4,6,30,1815,846,969,261,355,1460,7.62415096418733,8.29895271867613,7.03500515995872,7.27448275862069,7.53552112676056,7.64570136986301,40
"45",2017,3,7.275,42,7.95,6.71739130434783,6.78571428571429,6.95833333333333,7.32777777777778,19,23,7,6,36,1857,865,992,268,361,1496,7.61625417339795,8.29128786127168,7.02764112903226,7.26171641791045,7.52592797783934,7.63805080213904,41
"46",2017,4,7.16309523809524,42,7.88260869565217,6.29210526315789,6.34166666666667,5.85714285714286,7.42428571428571,23,19,6,7,35,1899,888,1011,274,368,1531,7.60623170089521,8.28070270270271,7.01381800197824,7.24156934306569,7.4941847826087,7.6331639451339,42
"47",2017,5,7.10128205128205,39,8.0475,6.10526315789474,6.54285714285714,6.66666666666667,7.1375,20,19,7,3,36,1938,908,1030,281,371,1567,7.5960701754386,8.27556607929516,6.99705825242718,7.22416370106762,7.48749326145553,7.62177664326739,43
"48",2017,6,7.40277777777778,36,8.25294117647059,6.64210526315789,6.5,5.86363636363636,8.08,17,19,5,11,25,1974,925,1049,286,382,1592,7.59254508611955,8.27515027027027,6.9906291706387,7.2115034965035,7.44073298429319,7.62897236180904,44
"49",2017,7,7.48431818181818,44,7.954,7.24137931034483,7.68181818181818,8.16666666666667,7.43439024390244,15,29,11,3,41,2018,940,1078,297,385,1633,7.59018533201189,8.2700255319149,6.99737476808905,7.22892255892256,7.44638961038961,7.62408695652174,45
"50",2017,8,7.856,50,8.3695652173913,7.41851851851852,8.5,8.66666666666667,7.80425531914894,23,27,3,3,47,2068,963,1105,300,388,1680,7.59661218568665,8.27240290758048,7.00766515837104,7.24163333333333,7.45582474226804,7.62912738095238,46
"51",2017,9,7.58833333333333,48,8.06086956521739,7.1536,7.4,7.3,7.62186046511628,23,25,5,5,43,2116,986,1130,305,393,1723,7.59642438563327,8.26746855983773,7.01089380530973,7.24422950819672,7.45384223918575,7.62894602437609,47
"52",2017,10,7.69955555555556,54,8.4875,6.851,6.74844444444444,7.04857142857143,7.79651063829787,28,26,9,7,47,2170,1014,1156,314,400,1770,7.59899078341014,8.27354437869823,7.00729757785467,7.23001910828025,7.44675,7.63339548022599,48
"53",2017,11,7.78780487804878,41,8.7,6.62222222222222,7.75,10,7.61315789473684,23,18,2,3,38,2211,1037,1174,316,403,1808,7.6024920850294,8.28300289296047,7.00139352640545,7.23331012658228,7.46575682382134,7.63297013274336,49
"54",2017,12,7.56103448275862,29,8.56214285714286,6.62666666666667,6.725,7.645,7.53913043478261,14,15,4,6,23,2240,1051,1189,320,409,1831,7.60195535714286,8.28672121788773,6.9966661059714,7.22695625,7.46838630806846,7.63179137083561,50
"55",2018,1,7.31454545454545,55,8.002,6.74166666666667,7.5,7.15,7.33469387755102,25,30,7,6,49,2295,1076,1219,327,415,1880,7.59506753812636,8.28010594795539,6.99039048400328,7.23280122324159,7.46378313253012,7.62404787234042,51
"56",2018,2,7.78714285714286,35,8.49705882352941,7.11666666666667,8.33333333333333,9.5,7.73676470588235,17,18,3,1,34,2330,1093,1237,330,416,1914,7.59795278969957,8.28348032936871,6.99222797089733,7.24280606060606,7.46867788461538,7.62605015673981,52
"57",2018,3,7.88511627906977,43,8.68611111111111,7.3084,7.4,7.11571428571429,8.03472222222222,18,25,5,7,36,2373,1111,1262,335,423,1950,7.60315634218289,8.29000360036004,6.9984912836767,7.24515223880597,7.46283687943262,7.63359487179487,53
"58",2018,4,7.4025641025641,39,8.14444444444444,6.76666666666667,7.7,8.075,7.32571428571429,18,21,3,4,35,2412,1129,1283,338,427,1985,7.59991293532338,8.28768290522587,6.99469680436477,7.24918934911242,7.46857142857143,7.62816624685138,54
"59",2018,5,8.12083333333333,48,8.57777777777778,7.53333333333333,8,8.975,8.04318181818182,27,21,3,4,44,2460,1156,1304,341,431,2029,7.61007723577236,8.29445847750866,7.00337116564417,7.25579472140762,7.48255220417634,7.63716609167077,55
"60",2018,6,7.86,45,8.75,7.36896551724138,7.75,8.04545454545454,7.8,16,29,4,11,34,2505,1172,1333,345,442,2063,7.61456686626746,8.30067747440274,7.0113248312078,7.26152463768116,7.49656108597285,7.63984973339796,56
"61",2018,7,7.728,35,8.47,6.846875,6.5,7.2,7.816,19,16,2,5,30,2540,1191,1349,347,447,2093,7.61612992125984,8.30337867338372,7.00937435137139,7.25713544668588,7.49324384787472,7.6423745819398,57
"62",2018,8,7.33589743589744,39,8.29333333333333,6.7375,7.5625,6.71666666666667,7.44848484848485,15,24,8,6,33,2579,1206,1373,355,453,2126,7.6118922062815,8.30325373134329,7.00462199563001,7.26401690140845,7.48295805739514,7.63936500470367,58
"63",2018,9,7.459375,32,8.42307692307692,6.8,7.25,7.5,7.4551724137931,13,19,6,3,29,2611,1219,1392,361,456,2155,7.61002297970126,8.30453158326498,7.00182902298851,7.263783933518,7.4830701754386,7.63688631090487,59
"64",2018,10,6.92791317073171,41,7.6902775,6.44,6.375,5.9,7.07067888888889,16,25,8,5,36,2652,1235,1417,369,461,2191,7.59947754147813,8.29657363562754,6.99191672547636,7.24451490514905,7.46590021691974,7.62758303970789,60
"65",2018,11,7.58333333333333,42,8.41764705882353,7.016,7.33333333333333,7,7.72058823529412,17,25,3,8,34,2694,1252,1442,372,469,2225,7.59922585003712,8.29821760383387,6.99233425797504,7.2452311827957,7.45795309168444,7.62900424269663,61
"66",2018,12,7.50740740740741,27,8.875,6.93157894736842,7.375,6.76,7.67727272727273,8,19,4,5,22,2721,1260,1461,376,474,2247,7.59831475192944,8.30187971428572,6.99154414784394,7.24661170212766,7.45059071729958,7.62947683133066,62
"67",2019,1,7.38635135135135,37,8.4559375,6.57142857142857,7.5625,7.479,7.371875,16,21,8,5,32,2758,1276,1482,384,479,2279,7.59547115300943,8.30381147335424,6.98559109311741,7.25319270833333,7.4508872651357,7.62585978060553,63
"68",2019,2,8,34,8.35625,7.68333333333333,7.76428571428571,7.76,8.1,16,18,7,10,24,2792,1292,1500,391,489,2303,7.60039736389685,8.30446086687307,6.993964,7.26234271099744,7.45720858895706,7.63080088580113,64
"69",2019,3,7.723125,32,8.16,7.33764705882353,7.5,8.025,7.68,15,17,1,4,28,2824,1307,1517,392,493,2331,7.60178804532578,8.30280293802602,6.99781542518128,7.26294897959184,7.4618154158215,7.63139186615187,65
"70",2019,4,7.80645161290323,31,8,7.7,7.71428571428571,8.04,7.76153846153846,11,20,7,5,26,2855,1318,1537,399,498,2357,7.6040103117338,8.30027575113809,7.00695250487964,7.2708671679198,7.46762048192771,7.63282750954603,66
"71",2019,5,7.66428571428571,28,8.42307692307692,7.00666666666667,5.7,7.62,7.67391304347826,13,15,3,5,23,2883,1331,1552,402,503,2380,7.60459571279917,8.30147516153269,7.00694974226804,7.25914427860696,7.4691351888668,7.63322455462185,67
"72",2019,6,7.62153846153846,26,8.50461538461538,6.73846153846154,6,7.25,7.68909090909091,13,13,1,4,22,2909,1344,1565,403,507,2402,7.60474714334823,8.30344005952382,7.00471948881789,7.25601985111662,7.46740631163708,7.63373623646961,68
"73",2019,7,8.05323333333333,30,8.33313333333333,7.77333333333333,5,8.25,8.02296153846154,15,15,1,4,26,2939,1359,1580,404,511,2428,7.60932509016672,8.30376779985284,7.0120164556962,7.25043564356436,7.47353228962818,7.63790421746293,69
"74",2019,8,7.75555555555556,36,8.31578947368421,7.12941176470588,8.75,7.74,7.75806451612903,19,17,2,5,31,2975,1378,1597,406,516,2459,7.61109460168067,8.30393355587809,7.01326612398247,7.25782266009852,7.47611434108527,7.63941904839366,70
"75",2019,9,7.5720222,50,8.49448555555556,6.48913043478261,6.98,7.08571428571429,7.65118860465116,27,23,5,7,43,3025,1405,1620,411,523,2502,7.6104487768595,8.30759540925268,7.00582469135803,7.25444282238443,7.47088910133843,7.63962132294165,71
"76",2019,10,7.83675,77,8.485325,7.42276595744681,7.1375,7.78466666666667,7.84935080645161,30,47,8,15,62,3102,1435,1667,419,538,2564,7.61606618310767,8.31131101045297,7.01758008398321,7.25221002386635,7.4796375464684,7.64469278471139,72
"77",2019,11,7.75189386363636,44,8.57380952380952,7.00144913043478,6.83333333333333,8.005555,7.71184210526316,21,23,3,6,38,3146,1456,1690,422,544,2602,7.61796587094723,8.3150970467033,7.01736055029586,7.24923222748815,7.48543810661765,7.645673443505,73
"78",2019,12,6.84464285714286,28,7.73888888888889,6.42105263157895,6.75,6.5,6.87115384615385,9,19,4,2,26,3174,1465,1709,426,546,2628,7.6111438657845,8.31155720136519,7.01073102984202,7.24454460093897,7.48182844322344,7.63801076864536,74
"79",2020,1,7.85102040816327,49,8.1525,7.64310344827586,7.05714285714286,8.6,7.76590909090909,20,29,7,5,44,3223,1485,1738,433,551,2672,7.61479076326404,8.30941501683502,7.02128269850403,7.24151501154734,7.49197519056261,7.64011687874252,75
"80",2020,2,7.78875581395349,43,8.08332608695652,7.45,7.33333333333333,8.6,7.70555128205128,23,20,3,4,39,3266,1508,1758,436,555,2711,7.617081178812,8.30596671087534,7.02616002844141,7.24214678899082,7.49996095495495,7.64105820730358,76
"81",2020,3,8.16130434782609,23,8.57,7.84692307692308,9,8,8.17666666666667,10,13,3,2,21,3289,1518,1771,439,557,2732,7.62088693523867,8.30770606060607,7.03218482778092,7.25415945330296,7.50175642728905,7.64517525622255,77
"82",2020,4,7.54222230769231,39,8.26315789473684,6.8573335,5,7.79238142857143,7.4875,19,20,3,7,32,3328,1537,1791,442,564,2764,7.61996508413461,8.30715536759922,7.03023227247348,7.23885972850679,7.5053634751773,7.6433497829233,78
"83",2020,5,7.753125,48,8.35882352941177,7.42096774193548,7.125,7.4,7.79418604651163,17,31,4,5,43,3376,1554,1822,446,569,2807,7.62185835308057,8.3077205920206,7.03688035126235,7.23783856502242,7.50443760984183,7.64566042037763,79
"84",2020,6,7.64102564102564,39,8.4,7.11304347826087,6.33333333333333,7.375,7.67142857142857,16,23,3,4,35,3415,1570,1845,449,573,2842,7.62207724743777,8.30866101910828,7.03782981029811,7.23179510022272,7.50353403141361,7.64597776213934,80
"85",2020,7,7.41875,32,8.8125,6.95416666666667,6.91428571428571,6.68,7.55555555555556,8,24,7,5,27,3447,1578,1869,456,578,2869,7.62018967217871,8.31121533586819,7.03675548421616,7.22692105263158,7.49641003460208,7.64512680376438,81
"86",2020,8,7.87142857142857,35,8.78235294117647,7.01111111111111,7.05,8.06666666666667,7.853125,17,18,2,3,32,3482,1595,1887,458,581,2901,7.62271504882252,8.31623686520376,7.03651086380498,7.22614847161572,7.49935456110155,7.64742116511548,82
"87",2020,9,7.40161290322581,31,8.29090909090909,6.9125,5.5,7.71,7.34230769230769,11,20,2,5,26,3513,1606,1907,460,586,2927,7.62076396242528,8.31606338729764,7.03521027792344,7.21864347826087,7.5011518771331,7.64471089853092,83
"88",2020,10,7.45172413793103,29,7.80769230769231,7.1625,5.5,7.06,7.53333333333333,13,16,2,5,24,3542,1619,1923,462,591,2951,7.61937995482778,8.31198134651019,7.03626937077483,7.21120346320346,7.49741962774958,7.64380508302271,84
"89",2020,11,7.18205128205128,39,8.36,6.44583333333333,5.9,7,7.18684210526316,15,24,4,1,38,3581,1634,1947,466,592,2989,7.61461709019827,8.31242215422277,7.02899126861839,7.19994849785408,7.49657939189189,7.63799558380729,85
"90",2020,12,7.41666666666667,42,8.3,7.17575757575758,7.2,7.75,7.38157894736842,9,33,5,4,38,3623,1643,1980,471,596,3027,7.61232232956114,8.31235410833841,7.03143737373738,7.19994904458599,7.49828020134228,7.63477661050545,86
"91",2021,1,7.39940390243902,41,7.98444444444444,6.94154608695652,6,8.16666666666667,7.33883052631579,18,23,3,3,38,3664,1661,2003,474,599,3065,7.60993978165939,8.30880060204696,7.03040517224164,7.19235443037975,7.50162771285476,7.63110745840131,87
"92",2021,2,6.99935483870968,31,7.92916666666667,6.41210526315789,5.4575,7.31142857142857,6.90833333333333,12,19,4,7,24,3695,1673,2022,478,606,3089,7.60481714749662,8.30607758517633,7.02459523244313,7.17783682008368,7.49943069306931,7.62549186144383,88
"93",2021,3,7.73125,32,8.2,7.48571428571429,8,7.25,7.8,11,21,2,4,28,3727,1684,2043,480,610,3117,7.60590269922189,8.30538467933492,7.02933507586882,7.1812625,7.49779508196721,7.62705946743664,89
"94",2021,4,7.49692307692308,26,8.18615384615385,6.80769230769231,6.5,8.5,7.36608695652174,13,13,4,3,23,3753,1697,2056,484,613,3140,7.6051477111644,8.30447130229818,7.0279336381323,7.17563223140496,7.50269983686786,7.62514788535032,90
"95",2021,5,7.17241379310345,29,8.27777777777778,6.675,7,6.2,7.375,9,20,5,5,24,3782,1706,2076,489,618,3164,7.60182955050238,8.30433048065651,7.02453350674374,7.17383640081799,7.49216019417476,7.62325042983565,91
"96",2021,6,7.83964894736842,19,8.18166625,7.59090909090909,6.5,8,7.83074055555556,8,11,2,1,18,3801,1714,2087,491,619,3182,7.60301833464878,8.3037579521587,7.02751871586009,7.1710916496945,7.49298061389338,7.62442416404777,92
"97",2021,7,7.60157894736842,19,7.92571428571429,7.4125,7.4625,7.33571428571429,7.75666666666667,7,12,4,7,12,3820,1721,2099,495,626,3194,7.60301117539267,8.30222029633934,7.02971965697952,7.17344646464646,7.49122204472843,7.62492100500939,93
"98",2021,8,7.25769230769231,26,8.35,6.575,4,6.74,7.38095238095238,10,16,1,5,21,3846,1731,2115,496,631,3215,7.60067672646906,8.30249632004622,7.02627969739953,7.16704838709677,7.48526941362916,7.62332743079316,94
"99",2021,9,8.18481481481481,27,8.27777777777778,8.13833333333333,7.375,8.16333333333333,8.1875,9,18,4,3,24,3873,1740,2133,500,634,3239,7.60474895171702,8.30236846551725,7.03566411626817,7.168712,7.48847791798107,7.6275077770917,95
"100",2021,10,6.82258064516129,31,7.58,6.46190476190476,5.83333333333333,6.75,6.84782608695652,10,21,3,8,23,3904,1750,2154,503,642,3262,7.59853808657787,8.29824064571429,7.03007036211699,7.16074751491054,7.47927570093458,7.62201032801962,96
"101",2021,11,7.32285714285714,35,8.15555555555556,6.44117647058824,7.5,7.5,7.31212121212121,18,17,2,2,33,3939,1768,2171,505,644,3295,7.59608852246763,8.29678796945702,7.02545903270383,7.16209108910891,7.4793400621118,7.61890673444613,97
"102",2021,12,6.995,40,7.64285714285714,6.85757575757576,6.83333333333333,6.9,7.00857142857143,7,33,6,5,35,3979,1775,2204,511,649,3330,7.59004591354612,8.29420908732395,7.022945353902,7.15823091976517,7.47487673343606,7.6124917987988,98
"103",2022,1,7.29615555555556,45,8.07625,6.86575862068965,6.75,7.00875,7.3582972972973,16,29,8,8,37,4024,1791,2233,519,657,3367,7.58675936630219,8.29226193746511,7.02090396775638,7.15193834296724,7.46920091324201,7.60969845262845,99
"104",2022,2,7.265,40,8.125,6.69166666666667,5.5,7.13333333333333,7.27567567567568,16,24,2,3,37,4064,1807,2257,521,660,3404,7.58359244340551,8.29078092418373,7.01740299512628,7.14559692898272,7.46767424242424,7.60606777027027,100
"105",2022,3,7.159375,16,8.25555555555556,5.75,6.25,6.1375,7.5,9,7,1,4,12,4080,1816,2264,522,664,3416,7.58192884558823,8.29060634911895,7.01348434628976,7.14388122605364,7.45966114457831,7.60569516686183,101
"106",2022,4,7.31923076923077,26,8.28,6.71875,5.5,7.125,7.35454545454545,10,16,2,4,22,4106,1826,2280,524,668,3438,7.58026538967365,8.29054826396495,7.01141603508772,7.13760687022901,7.45765718562874,7.60408804246655,102
"107",2022,5,7.39310344827586,29,8.38181818181818,6.78888888888889,5.5,7.45,7.384,11,18,2,4,25,4135,1837,2298,526,672,3463,7.57895276662636,8.29109479041917,7.00967300261097,7.13138022813688,7.45761160714286,7.60249918856483,103
"108",2022,6,6.8275,16,8.50666666666667,5.82,5.4,7.18,6.74615384615385,6,10,3,3,13,4151,1843,2308,529,675,3476,7.57605629727776,8.29179659793815,7.00451844020797,7.12156143667297,7.45637777777778,7.59929651611047,104
"109",2022,7,7.14137931034483,29,7.31538461538462,7,4,7.66666666666667,7.08076923076923,13,16,1,3,26,4180,1856,2324,530,678,3502,7.57304059569378,8.28495750538794,7.00448733218589,7.11567169811321,7.45730825958702,7.59544679897202,105
"110",2022,8,7.68846153846154,26,8.67777777777778,7.16470588235294,7.16666666666667,7.76666666666667,7.665,9,17,3,6,20,4206,1865,2341,533,684,3522,7.57375408701854,8.28685315281502,7.00565081589065,7.11595872420262,7.46002192982456,7.59584176320273,106
"111",2022,9,7.54347826086957,23,8.5,6.92857142857143,6.5,8.36666666666667,7.42,9,14,1,3,20,4229,1874,2355,534,687,3542,7.5735894277607,8.28787680362861,7.00519259447983,7.11480524344569,7.46398107714702,7.59484886787126,107
"112",2022,10,7.09523809523809,21,7.83333333333333,6.8,6.2,6.16666666666667,7.46666666666667,6,15,5,6,15,4250,1880,2370,539,693,3557,7.57122580941176,8.28642613297873,7.003893907173,7.10631910946196,7.45274891774892,7.59430831880799,108
"113",2022,11,7.10321428571429,28,7.18166666666667,7.08181818181818,6.66666666666667,7.25,7.09192307692308,6,22,3,2,26,4278,1886,2392,542,695,3583,7.56816262038336,8.28291152173913,7.00461060200669,7.10388560885609,7.4521654676259,7.59066276583868,109
"114",2022,12,7.922,25,8.61818181818182,7.375,6.66666666666667,7.76666666666667,7.94318181818182,11,14,3,3,22,4303,1897,2406,545,698,3605,7.57021838019986,8.28485562994202,7.00676581878637,7.10147889908257,7.45351719197708,7.59281406102635,110
