"","year","month","avg_rating","no_ratings","avg_rating_owned","avg_rating_not_owned","avg_rating_prev_owned","avg_rating_comment","avg_rating_no_comment","no_ratings_owned","no_ratings_not_owned","no_ratings_prev_owned","no_ratings_comment","no_ratings_no_comment","cum_no_ratings","cum_no_ratings_owned","cum_no_ratings_not_owned","cum_no_ratings_prev_owned","cum_no_ratings_comment","cum_no_ratings_no_comment","cum_avg_rating","cum_avg_rating_owned","cum_avg_rating_not_owned","cum_avg_rating_prev_owned","cum_avg_rating_comment","cum_avg_rating_no_comment","month_after_release"
"1",2004,3,8.5,1,NA,8.5,NA,8.5,NA,0,1,0,1,0,1,0,1,0,1,0,8.5,NA,8.5,NA,8.5,NA,-6
"2",2004,4,9,1,NA,9,NA,NA,9,0,1,0,0,1,2,0,2,0,1,1,8.75,NA,8.75,NA,8.5,9,-5
"3",2004,6,1,1,NA,1,NA,NA,1,0,1,0,0,1,3,0,3,0,1,2,6.16666666666667,NA,6.16666666666667,NA,8.5,5,-3
"4",2004,8,10,1,NA,10,NA,10,NA,0,1,0,1,0,4,0,4,0,2,2,7.125,NA,7.125,NA,9.25,5,-1
"5",2004,9,8.92307692307692,13,9.09090909090909,8,NA,8.88888888888889,9,11,2,0,9,4,17,11,6,0,11,6,8.5,9.09090909090909,7.41666666666667,NA,8.95454545454546,7.66666666666667,0
"6",2004,10,8.73846153846154,39,8.97586206896552,8.05,9.25,8.94,8.52631578947368,29,10,2,20,19,56,40,16,2,31,25,8.66607142857143,9.0075,7.8125,9.25,8.94516129032258,8.32,1
"7",2004,11,8.51372549019608,51,8.91951219512195,6.85,8.5,8.51785714285714,8.50869565217391,41,10,3,28,23,107,81,26,5,59,48,8.59345794392523,8.96296296296296,7.44230769230769,8.8,8.74237288135593,8.41041666666667,2
"8",2004,12,8.1725,40,8.465625,7,7,8,8.345,32,8,1,20,20,147,113,34,6,79,68,8.47891156462585,8.82212389380531,7.33823529411765,8.5,8.55443037974683,8.39117647058823,3
"9",2005,1,8.24538461538462,65,8.63367346938776,7.05625,9.33333333333333,8.33166666666667,8.17142857142857,49,16,3,30,35,212,162,50,9,109,103,8.40731132075472,8.76512345679012,7.248,8.77777777777778,8.49311926605505,8.31650485436893,4
"10",2005,2,7.75581395348837,43,8.06666666666667,7.03846153846154,7,7.65217391304348,7.875,30,13,2,23,20,255,192,63,11,132,123,8.29745098039216,8.65598958333333,7.2047619047619,8.45454545454546,8.34659090909091,8.24471544715447,5
"11",2005,3,8.27450980392157,51,8.3875,7.86363636363636,7,8.1578947368421,8.34375,40,11,3,19,32,306,232,74,14,151,155,8.29362745098039,8.60969827586207,7.3027027027027,8.14285714285714,8.32284768211921,8.26516129032258,6
"12",2005,4,7.95454545454545,44,8.24193548387097,7.26923076923077,7.5,8,7.91666666666667,31,13,4,20,24,350,263,87,18,171,179,8.251,8.56634980988593,7.29770114942529,8,8.28508771929824,8.21843575418994,7
"13",2005,5,8.10294117647059,34,8.2962962962963,7.35714285714286,8,8.13888888888889,8.0625,27,7,2,18,16,384,290,94,20,189,195,8.237890625,8.54120689655172,7.30212765957447,8,8.27116402116402,8.20564102564102,8
"14",2005,6,8.13571428571429,35,8.33928571428571,7.32142857142857,7,8.35714285714286,7.98809523809524,28,7,2,14,21,419,318,101,22,203,216,8.22935560859189,8.52342767295597,7.30346534653465,7.90909090909091,8.27709359605911,8.18449074074074,9
"15",2005,7,7.38387096774194,31,8.21,5.88181818181818,7.5,7.48,7.29375,20,11,3,15,16,450,338,112,25,218,232,8.17111111111111,8.50488165680473,7.16383928571429,7.86,8.22224770642202,8.12306034482759,10
"16",2005,8,7.01162790697674,43,7.48333333333333,5.92307692307692,9,7.75,6.48,30,13,1,18,25,493,368,125,26,236,257,8.06997971602434,8.42160326086956,7.0348,7.90384615384615,8.18622881355932,7.96322957198444,11
"17",2005,9,8.35142857142857,35,8.30769230769231,8.47777777777778,8.75,8.58333333333333,8.10588235294118,26,9,4,18,17,528,394,134,30,254,274,8.08863636363636,8.41408629441624,7.13171641791045,8.01666666666667,8.21437007874016,7.9720802919708,12
"18",2005,10,7.86590909090909,44,8.08125,7.29166666666667,8.66666666666667,7.485,8.18333333333333,32,12,3,20,24,572,426,146,33,274,298,8.0715034965035,8.38908450704225,7.14486301369863,8.07575757575758,8.16113138686131,7.98909395973154,13
"19",2005,11,8.38809523809524,42,8.52777777777778,7.55,10,8.37916666666667,8.4,36,6,1,24,18,614,462,152,34,298,316,8.09315960912052,8.39989177489177,7.1608552631579,8.13235294117647,8.17869127516778,8.0125,14
"20",2005,12,7.97619047619048,42,8.64285714285714,6.64285714285714,6,7.3125,8.38461538461539,28,14,2,16,26,656,490,166,36,314,342,8.08567073170732,8.41377551020408,7.1171686746988,8.01388888888889,8.13455414012739,8.04078947368421,15
"21",2006,1,7.93636363636364,55,8.10227272727273,7.27272727272727,8.66666666666667,8.02777777777778,7.89189189189189,44,11,3,18,37,711,534,177,39,332,379,8.07412095639944,8.38810861423221,7.12683615819209,8.06410256410256,8.12876506024096,8.02625329815303,16
"22",2006,2,8.55972222222222,36,8.75576923076923,8.05,8.33333333333333,8.57857142857143,8.53333333333333,26,10,3,21,15,747,560,187,42,353,394,8.0975234270415,8.40517857142857,7.17620320855615,8.08333333333333,8.15552407932011,8.04555837563452,17
"23",2006,3,8.09883720930233,43,8.15909090909091,7.9,8.33333333333333,8.39473684210526,7.86458333333333,33,10,6,19,24,790,593,197,48,372,418,8.09759493670886,8.39148397976391,7.21294416243655,8.11458333333333,8.16774193548387,8.03516746411483,18
"24",2006,4,8.18181818181818,44,8.11764705882353,8.4,10,8.225,8.14583333333333,34,10,3,20,24,834,627,207,51,392,442,8.10203836930456,8.37663476874003,7.27028985507246,8.22549019607843,8.17066326530612,8.04117647058823,19
"25",2006,5,7.9921052631579,38,8.19375,6.91666666666667,7.5,8.1875,7.94,32,6,1,8,30,872,659,213,52,400,472,8.09724770642202,8.36775417298938,7.26032863849765,8.21153846153846,8.171,8.03474576271186,20
"26",2006,6,8.046875,32,8.40909090909091,7.25,8.3,7.61538461538461,8.3421052631579,22,10,5,13,19,904,681,223,57,413,491,8.09546460176991,8.36908957415565,7.25986547085202,8.21929824561403,8.15351089588378,8.04663951120163,21
"27",2006,7,7.75116279069767,43,8.12068965517241,6.98571428571429,7.4,7.64285714285714,7.80344827586207,29,14,5,14,29,947,710,237,62,427,520,8.07983104540654,8.35894366197183,7.24367088607595,8.15322580645161,8.1367681498829,8.03307692307692,22
"28",2006,8,8.02432432432432,37,8.22258064516129,7,9,8.3,7.92222222222222,31,6,2,10,27,984,741,243,64,437,547,8.07774390243902,8.35323886639676,7.23765432098765,8.1796875,8.14050343249428,8.02760511882998,23
"29",2006,9,8.09523809523809,42,8.3448275862069,7.53846153846154,8,8.15,8.04545454545454,29,13,4,20,22,1026,770,256,68,457,569,8.07846003898635,8.35292207792208,7.2529296875,8.16911764705882,8.14091903719912,8.02829525483304,24
"30",2006,10,7.86808510638298,47,8.36875,6.8,7.8,7.8,7.88888888888889,32,15,5,11,36,1073,802,271,73,468,605,8.06924510717614,8.3535536159601,7.22785977859779,8.14383561643835,8.13290598290598,8.02,25
"31",2006,11,8.06,50,8.375,7.25,8,7.3,8.38571428571429,36,14,4,15,35,1123,838,285,77,483,640,8.06883348174532,8.35447494033413,7.22894736842105,8.13636363636363,8.10703933747412,8.04,26
"32",2006,12,8.27704918032787,61,8.5452380952381,7.68421052631579,8.16666666666667,8.30833333333333,8.25675675675676,42,19,3,24,37,1184,880,304,80,507,677,8.07956081081081,8.36357954545454,7.25740131578947,8.1375,8.11656804733727,8.05184638109305,27
"33",2007,1,7.88333333333333,66,7.9811320754717,7.48461538461538,7.86,8.025,7.82173913043478,53,13,5,20,46,1250,933,317,85,527,723,8.0692,8.34185423365487,7.26671924290221,8.12117647058824,8.11309297912713,8.0372060857538,28
"34",2007,2,8.23517469387755,49,8.475,7.16928444444444,NA,8.42105263157895,8.117452,40,9,0,19,30,1299,973,326,85,546,753,8.0754607852194,8.34732785200411,7.26402932515338,8.12117647058824,8.12380952380952,8.04040313413014,29
"35",2007,3,7.625,48,7.90810810810811,6.67272727272727,8,7.38,7.73636363636364,37,11,1,15,33,1347,1010,337,86,561,786,8.05940873051225,8.33123762376237,7.24472866468843,8.11976744186046,8.10392156862745,8.02763811704834,30
"36",2007,4,7.98181818181818,55,8.05263157894737,7.82352941176471,8,8.46875,7.78205128205128,38,17,4,16,39,1402,1048,354,90,577,825,8.05636487874465,8.3211354961832,7.27252418079096,8.11444444444444,8.11403812824956,8.01602855757575,31
"37",2007,5,7.58305084745763,59,7.78947368421053,7.20952380952381,7.5,7.60526315789474,7.5725,38,21,6,19,40,1461,1086,375,96,596,865,8.03725089664613,8.30253222836096,7.26899616,8.07604166666667,8.09781879194631,7.99551856647398,32
"38",2007,6,7.7906976744186,43,8.23913043478261,7.275,9.25,7.65384615384615,7.85,23,20,2,13,30,1504,1109,395,98,609,895,8.03020183510638,8.3012173128945,7.26930015189874,8.1,8.08834154351396,7.99064084916201,33
"39",2007,7,8.06730769230769,52,8.38235294117647,7.47222222222222,8.1875,8.05357142857143,8.08333333333333,34,18,8,28,24,1556,1143,413,106,637,919,8.03144187660668,8.30363079615048,7.27814421307506,8.1066037735849,8.08681318681319,7.99306154515778,34
"40",2007,8,7.92272727272727,44,8.01621621621622,7.42857142857143,7,7.75,7.9875,37,7,2,12,32,1600,1180,420,108,649,951,8.028452225,8.2946186440678,7.28065133333333,8.08611111111111,8.08058551617874,7.99287440588853,35
"41",2007,9,8.2046511627907,43,8.08181818181818,8.61,9.36666666666667,8.84,7.86428571428571,33,10,3,15,28,1643,1213,430,111,664,979,8.0330636396835,8.28882934872218,7.31156641860465,8.12072072072072,8.09774096385542,7.98919669050051,36
"42",2007,10,8.04810344827586,58,8.29744186046512,7.33333333333333,7.5,8.5916,7.63636363636364,43,15,2,25,33,1701,1256,445,113,689,1012,8.03357646090535,8.28912420382166,7.31230013483146,8.10973451327434,8.11566037735849,7.97769126482213,37
"43",2007,11,8.02698412698413,63,8.09782608695652,7.83529411764706,7.8,8.06818181818182,8.00487804878049,46,17,4,22,41,1764,1302,462,117,711,1053,8.03334102040816,8.28236559139785,7.3315445021645,8.0991452991453,8.11419127988748,7.97874981956315,38
"44",2007,12,8.05909090909091,66,8.28235294117647,7.3,8.71428571428571,7.98888888888889,8.10769230769231,51,15,7,27,39,1830,1353,477,124,738,1092,8.03426970491803,8.28236511456024,7.33055253668763,8.13387096774193,8.10960704607046,7.98335490842491,39
"45",2008,1,8.00064102564103,78,8.30916666666667,6.97222222222222,7.625,8.51612903225806,7.66063829787234,60,18,4,31,47,1908,1413,495,128,769,1139,8.0328949475891,8.28350318471338,7.31752234343434,8.11796875,8.12599479843953,7.97003824407375,40
"46",2008,2,7.94871794871795,39,8.31034482758621,6.9,7.33333333333333,7.86666666666667,8,29,10,3,15,24,1947,1442,505,131,784,1163,8.03120881355932,8.28404299583911,7.30925457425743,8.1,8.12103316326531,7.97065654342218,41
"47",2008,3,7.50943396226415,53,8,6.14285714285714,6,7.78571428571429,7.41025641025641,39,14,3,14,39,2000,1481,519,134,798,1202,8.01738178,8.27656313301823,7.27779105973025,8.05298507462686,8.11515037593985,7.95247384359401,42
"48",2008,4,7.8780701754386,57,8.12857142857143,7.17666666666667,8,7.64791666666667,8.04545454545454,42,15,3,24,33,2057,1523,534,137,822,1235,8.01352141954302,8.2724819435325,7.27495048689139,8.05182481751825,8.10150851581509,7.95495834817813,43
"49",2008,5,7.92075471698113,53,8.22564102564102,7.07142857142857,8.5,8.125,7.7969696969697,39,14,5,20,33,2110,1562,548,142,842,1268,8.01119126066351,8.27131241997439,7.26975102189781,8.06760563380282,8.10206650831354,7.95084665615142,44
"50",2008,6,8.28207547169811,53,8.525,7.66666666666667,7.4,8.20238095238095,8.334375,38,15,5,21,32,2163,1600,563,147,863,1300,8.01782873786408,8.2773375,7.28032603907638,8.04489795918367,8.10450753186559,7.96028735384615,45
"51",2008,7,7.84940298507463,67,8.61307692307692,6.78571428571429,5.70833333333333,7.1305,8.15531914893617,39,28,12,20,47,2230,1639,591,159,883,1347,8.01276841255605,8.2853264185479,7.25689265651438,7.8685534591195,8.08244620611551,7.96709247216035,46
"52",2008,8,7.804,50,8.16551724137931,7.3047619047619,6.95454545454545,7.41666666666667,8.021875,29,21,11,18,32,2280,1668,612,170,901,1379,8.00819015789474,8.28324340527578,7.25853522875817,7.80941176470588,8.06914539400666,7.96836371283539,47
"53",2008,9,8.10606060606061,66,8.296875,7.92647058823529,7.81818181818182,8.08333333333333,8.11904761904762,32,34,11,24,42,2346,1700,646,181,925,1421,8.01094354646206,8.2835,7.29368972136223,7.80994475138121,8.06951351351351,7.97281742434905,48
"54",2008,10,8.24431818181818,44,8.4921875,7.58333333333333,7.5,8.03333333333333,8.35344827586207,32,12,4,15,29,2390,1732,658,185,940,1450,8.0152399832636,8.28735565819862,7.29897197568389,7.80324324324324,8.06893617021277,7.98043004137931,49
"55",2008,11,8.03703703703704,54,8.66969696969697,7.04285714285714,7.4875,8.44545454545455,7.93255813953488,33,21,8,11,43,2444,1765,679,193,951,1493,8.01572158756137,8.29450424929179,7.29105089837997,7.79015544041451,8.0732912723449,7.97905127930341,50
"56",2008,12,7.43958333333333,48,7.821875,6.675,6,6.42105263157895,8.10689655172414,32,16,9,19,29,2492,1797,695,202,970,1522,8.00462422150883,8.28608792431831,7.27686843165468,7.71039603960396,8.04092783505155,7.98148722733246,51
"57",2009,1,8.13956043956044,91,8.39848484848485,7.456,7.875,8.02272727272727,8.1768115942029,66,25,12,22,69,2583,1863,720,214,992,1591,8.00937807200929,8.29006977992485,7.28308827777778,7.7196261682243,8.04052419354839,7.98995824010056,52
"58",2009,2,7.62772277227723,101,7.98365384615385,7.25,6.98461538461538,7.87413793103448,7.52847222222222,52,49,13,29,72,2684,1915,769,227,1021,1663,7.9950162295082,8.28174934725849,7.28097992197659,7.67753303964758,8.03579823702253,7.96997808779314,53
"59",2009,3,7.62674418604651,86,8.178,6.86111111111111,7.26666666666667,8.07916666666667,7.45161290322581,50,36,15,24,62,2770,1965,805,242,1045,1725,7.98358251263538,8.27910941475827,7.26220318012422,7.65206611570248,8.03679425837321,7.95134699130435,54
"60",2009,4,7.51188128712871,101,7.81730788461538,7.18775510204082,7.36666666666667,7.67142885714286,7.42727272727273,52,49,15,35,66,2871,2017,854,257,1080,1791,7.96698835597353,8.26720377293009,7.25793156908665,7.63540856031128,8.02495371296296,7.9320343718593,55
"61",2009,5,7.91807228915663,83,8.20612244897959,7.50294117647059,7.31538461538462,7.79411764705882,7.95,49,34,13,17,66,2954,2066,888,270,1097,1857,7.96561393703453,8.26575508712488,7.26731256756757,7.62,8.02137649042844,7.9326728917609,56
"62",2009,6,8.00056818181818,88,8.17857142857143,7.77692307692308,7.72857142857143,7.6775,8.09558823529412,49,39,7,20,68,3042,2115,927,277,1117,1925,7.96662510519395,8.26373522931442,7.28875249190938,7.62274368231047,8.01521934646374,7.93842782337662,57
"63",2009,7,7.22992957746479,71,7.96640625,6.62564102564103,6.5625,6.75625,7.4156862745098,32,39,8,20,51,3113,2147,966,285,1137,1976,7.94982286219081,8.25930368421053,7.26198091097308,7.59298245614035,7.99307388742304,7.92493601214575,58
"64",2009,8,7.79012345679012,81,8.19767441860465,7.32894736842105,7.5,7.84,7.76785714285714,43,38,11,25,56,3194,2190,1004,296,1162,2032,7.94577287726988,8.25809361187214,7.26451549800797,7.58952702702703,7.98978055938038,7.92060706692913,59
"65",2009,9,7.84709302325581,86,8.43604651162791,7.25813953488372,7.18947368421053,7.53260869565217,7.96190476190476,43,43,19,23,63,3280,2233,1047,315,1185,2095,7.94318553963415,8.26152038065383,7.26425363896848,7.56539682539683,7.9809071814346,7.92184895465394,60
"66",2009,10,7.51219512195122,82,8.23170731707317,6.79268292682927,7.25,7.88684210526316,7.39920634920635,41,41,16,19,63,3362,2274,1088,331,1204,2158,7.93267357822725,8.26098285400176,7.24648305147059,7.55015105740181,7.97942276578073,7.90659108433735,61
"67",2009,11,7.83349056603774,106,8.42115384615385,7.26759259259259,7,8.03076923076923,7.769375,52,54,14,26,80,3468,2326,1142,345,1230,2238,7.92964203287197,8.26456363284609,7.24748122591944,7.52782608695652,7.98050813821138,7.90168613047364,62
"68",2009,12,7.69694444444444,108,7.92737704918033,7.39787234042553,7.73076923076923,7.77678571428571,7.669,61,47,13,28,80,3576,2387,1189,358,1258,2318,7.9226142533557,8.2559467993297,7.25342603868797,7.53519553072626,7.97597377583466,7.89365554788611,63
"69",2010,1,7.81735537190083,121,8.044,7.44782608695652,7.69444444444444,8.31666666666667,7.65274725274725,75,46,18,30,91,3697,2462,1235,376,1288,2409,7.91916921017041,8.24949025588952,7.26066685020243,7.54281914893617,7.98390916925466,7.88455523453715,64
"70",2010,2,7.42760416666667,96,8.26931818181818,6.71538461538462,7.24666666666667,7.37173913043478,7.44520547945205,44,52,15,23,73,3793,2506,1287,391,1311,2482,7.90672780648563,8.24983839185954,7.23863524475525,7.53145780051151,7.9731693440122,7.871633182917,65
"71",2010,3,7.6375,68,8.04625,7.05357142857143,7.11111111111111,7.63055555555556,7.64,40,28,9,18,50,3861,2546,1315,400,1329,2532,7.90198616161616,8.24663983110762,7.23469472243346,7.522,7.96852897667419,7.86705906793049,66
"72",2010,4,7.86864406779661,59,8.25,7.35,7.575,7.71666666666667,7.92045454545455,34,25,10,15,44,3920,2580,1340,410,1344,2576,7.90148432908163,8.2466841124031,7.23684594029851,7.52329268292683,7.96571801339286,7.86797110248447,67
"73",2010,5,8.09981818181818,55,8.39975,7.3,7.8,8.1875,8.08489361702128,40,15,5,8,47,3975,2620,1355,415,1352,2623,7.90422857106918,8.24902099618321,7.23754506273063,7.5266265060241,7.96703033284024,7.87185800991231,68
"74",2010,6,7.91574074074074,54,8.39,7.04210526315789,7.8,8.21875,7.78815789473684,35,19,5,16,38,4029,2655,1374,420,1368,2661,7.90438286671631,8.25087947645951,7.23484247452693,7.52988095238095,7.96997442251462,7.87066274332958,69
"75",2010,7,8.02403846153846,52,8.44285714285714,7.16176470588235,7.5,7.78125,8.13194444444444,35,17,5,16,36,4081,2690,1391,425,1384,2697,7.90590751531487,8.25337732713755,7.23394936017254,7.52952941176471,7.96779263728324,7.87415037449018,70
"76",2010,8,7.41071428571429,56,7.70357142857143,7.11785714285714,8,7.17857142857143,7.48809523809524,28,28,9,14,42,4137,2718,1419,434,1398,2739,7.89920439207155,8.24771339587932,7.23165860465116,7.53928571428571,7.95988913447782,7.86823058050383,71
"77",2010,9,8.21153846153846,52,8.16176470588235,8.30555555555556,9.33333333333333,8.13636363636364,8.23170731707317,34,18,3,11,41,4189,2752,1437,437,1409,2780,7.90308153974696,8.24665152979651,7.24511034098817,7.55160183066362,7.96126686302342,7.87359120863309,72
"78",2010,10,7.842,50,8.20625,7.19444444444444,7.07142857142857,8.04166666666667,7.77894736842105,32,18,7,12,38,4239,2784,1455,444,1421,2818,7.90236106864827,8.24618714439655,7.24448354639175,7.54403153153153,7.96194581984518,7.87231496096522,73
"79",2010,11,7.75949367088608,79,8.25,7.07575757575758,7.9,7.58333333333333,7.81147540983607,46,33,15,18,61,4318,2830,1488,459,1439,2879,7.89974723714683,8.24624912014134,7.24074163978495,7.55566448801743,7.95720987491313,7.87102589788121,74
"80",2010,12,7.70668,75,8.0791875,7.04444444444444,7.5,7.73157894736842,7.69823214285714,48,27,8,19,56,4393,2878,1515,467,1458,2935,7.8964510744366,8.24346282487839,7.23724327392739,7.55471092077088,7.95426955418381,7.86772898126065,75
"81",2011,1,7.84118279569892,93,8.51851851851852,6.90333333333333,6.8,7.38095238095238,7.97541666666667,54,39,15,21,72,4486,2932,1554,482,1479,3007,7.89530529870709,8.24852865279672,7.2288632947233,7.53122406639004,7.94612914807302,7.87030746923844,76
"82",2011,2,7.85324675324675,77,8.1,7.4448275862069,7.875,7.5525,7.95877192982456,48,29,8,20,57,4563,2980,1583,490,1499,3064,7.89459556651326,8.24613624496644,7.23281968414403,7.53683673469388,7.94087725817211,7.87195318537859,77
"83",2011,3,7.91838235294118,68,8.21341463414634,7.47037037037037,8.22727272727273,7.63055555555556,8.022,41,27,11,18,50,4631,3021,1610,501,1517,3114,7.89494484344634,8.24569215822575,7.23680345341615,7.55199600798403,7.93719512854318,7.87436241490045,78
"84",2011,4,8.33333333333333,51,8.515625,8.02631578947368,7.9,8.54166666666667,8.26923076923077,32,19,5,12,39,4682,3053,1629,506,1529,3153,7.89972011319949,8.2485214575827,7.24601200736648,7.5554347826087,7.9419391824722,7.87924660957818,79
"85",2011,5,7.29122807017544,57,7.73571428571429,6.86206896551724,7,7.66363636363636,7.20217391304348,28,29,10,11,46,4739,3081,1658,516,1540,3199,7.89240125975944,8.24386108730931,7.23929647768396,7.54467054263566,7.9399513051948,7.86951064707721,80
"86",2011,6,7.9811320754717,53,8.3448275862069,7.54166666666667,7.21428571428571,7.4,8.13333333333333,29,24,7,11,42,4792,3110,1682,523,1551,3241,7.89338263146911,8.2448025755627,7.24361091557669,7.54024856596558,7.93612186331399,7.87292951558161,81
"87",2011,7,7.82982456140351,57,8.42903225806452,7.11538461538461,8,7.78125,7.84878048780488,31,26,12,16,41,4849,3141,1708,535,1567,3282,7.89263550628996,8.24662082457816,7.24165899297424,7.55056074766355,7.93454052967454,7.87262783668495,82
"88",2011,8,8.13962264150943,53,8.440625,7.68095238095238,8.21428571428571,8.79090909090909,7.96904761904762,32,21,7,11,42,4902,3173,1729,542,1578,3324,7.89530590983272,8.24857737472423,7.24699454019665,7.55913284132841,7.94051014575412,7.87384613718412,83
"89",2011,9,7.68275862068965,58,8.16944444444444,6.88636363636364,7.16666666666667,8.05,7.60625,36,22,9,10,48,4960,3209,1751,551,1588,3372,7.89282047782258,8.24768962605173,7.24246348372359,7.552722323049,7.94119962846348,7.87003693950178,84
"90",2011,10,7.8234375,64,8.5780487804878,6.47826086956522,6.2,8.30555555555556,7.63478260869565,41,23,5,18,46,5024,3250,1774,556,1606,3418,7.89193661823248,8.25185723384615,7.23255555806088,7.54055755395683,7.94528331880448,7.86687084844939,85
"91",2011,11,7.79558823529412,68,8.26046511627907,6.996,7.64285714285714,7.8,7.79473684210526,43,25,7,11,57,5092,3293,1799,563,1617,3475,7.89064995483111,8.25196963559064,7.22926823790995,7.54182948490231,7.94429499690785,7.86568764316547,86
"92",2011,12,7.72716049382716,81,7.99555555555556,7.39166666666667,7.42857142857143,7.64285714285714,7.74477611940299,45,36,7,14,67,5173,3338,1835,570,1631,3542,7.88809,8.24851288496105,7.23245425613079,7.54043859649123,7.94170754751686,7.86340049689441,87
"93",2012,1,7.9928,125,8.42676056338028,7.42222222222222,7.90384615384615,8.26833333333333,7.90578947368421,71,54,13,30,95,5298,3409,1889,583,1661,3637,7.89056050773877,8.25222528894104,7.2378790682901,7.54854202401372,7.94760686935581,7.86450771514985,88
"94",2012,2,7.99193548387097,93,8.39134615384615,7.48536585365854,7.36666666666667,7.98529411764706,7.99342105263158,52,41,9,17,76,5391,3461,1930,592,1678,3713,7.89230932480059,8.25431551863623,7.24313655958549,7.54577702702703,7.9479886829559,7.86714639375168,89
"95",2012,3,8.13045,66,8.48684210526316,7.646775,7.55714285714286,8.225,8.11356607142857,38,28,7,10,56,5457,3499,1958,599,1688,3769,7.89518953087777,8.25684081451843,7.24890871297242,7.54590984974958,7.94962974526066,7.87080771026798,90
"96",2012,4,7.69285714285714,70,8.22894736842105,7.05625,8,7.55263157894737,7.74509803921569,38,32,5,19,51,5527,3537,1990,604,1707,3820,7.89262697123213,8.25654113938366,7.24581068341709,7.54966887417218,7.94521090216754,7.86912938743455,91
"97",2012,5,7.71290322580645,62,7.74864864864865,7.66,7.6875,7.45833333333333,7.774,37,25,8,12,50,5589,3574,2015,612,1719,3870,7.89063325639649,8.25128315892557,7.25094950868486,7.55147058823529,7.94181210587551,7.8679003255814,92
"98",2012,6,7.69,60,8.15277777777778,6.99583333333333,5.66666666666667,6.78571428571429,7.80943396226415,36,24,3,7,53,5649,3610,2039,615,1726,3923,7.88850226057709,8.25030083379501,7.24794666993624,7.54227642276423,7.93712341251448,7.86711044098904,93
"99",2012,7,8.36206896551724,58,8.70166666666667,7.99821428571429,6.16666666666667,8.11666666666667,8.42608695652174,30,28,3,12,46,5707,3640,2067,618,1738,3969,7.89331509900123,8.25402088186813,7.25810994678278,7.53559870550162,7.93836306674338,7.87358887881078,94
"100",2012,8,7.81739130434783,69,7.74146341463415,7.92857142857143,8.125,8.125,7.75263157894737,41,28,8,12,57,5776,3681,2095,626,1750,4026,7.89240811461219,8.24831187449063,7.26707076849642,7.54313099041533,7.93964286285714,7.87187636860407,95
"101",2012,9,8.04351851851852,54,8.31111111111111,7.77592592592593,7,8.18571428571429,7.99375,27,27,5,14,40,5830,3708,2122,631,1764,4066,7.89380776500858,8.24876915048544,7.27354536286522,7.53882725832013,7.94159581065759,7.87307532218396,96
"102",2012,10,7.74365079365079,63,7.84375,7.64032258064516,7.28888888888889,7.60882352941176,7.79347826086957,32,31,9,17,46,5893,3740,2153,640,1781,4112,7.8922024893942,8.24530374598931,7.27882640966094,7.5353125,7.93841943290286,7.8721848881323,97
"103",2012,11,7.99029850746269,67,8.17976190476191,7.672,7.6,8.07142857142857,7.9688679245283,42,25,5,14,53,5960,3782,2178,645,1795,4165,7.89330524664429,8.24457588841883,7.2833394214876,7.53581395348837,7.93945683008356,7.87341518847539,98
"104",2012,12,7.964375,48,8.50666666666667,7.06055555555556,6.75,8.58333333333333,7.87595238095238,30,18,8,6,42,6008,3812,2196,653,1801,4207,7.89387304760319,8.24663851259182,7.28151332422587,7.52618683001531,7.94160189339256,7.87344051818398,99
"105",2013,1,7.51724137931035,58,7.8030303030303,7.14,7.22222222222222,6.9,7.64583333333333,33,25,9,10,48,6066,3845,2221,662,1811,4255,7.89027188757006,8.24283121196359,7.27992042323278,7.52205438066465,7.93585036443953,7.87087291656874,100
"106",2013,2,7.8910447761194,67,8.24473684210526,7.42758620689655,6.28,8,7.86964285714286,38,29,5,11,56,6133,3883,2250,667,1822,4311,7.89028033099625,8.24284986093227,7.28182367111111,7.51274362818591,7.93623765642151,7.87085693806541,101
"107",2013,3,7.7622641509434,53,8.15,7.25652173913043,7.61428571428571,8.3875,7.65111111111111,30,23,7,8,45,6186,3913,2273,674,1830,4356,7.88918352247009,8.24213800408893,7.28156764628245,7.51379821958457,7.93821038797814,7.86858683654729,102
"108",2013,4,7.67333333333333,45,8.1,7.14,7.5,8.13636363636364,7.52352941176471,25,20,4,11,34,6231,3938,2293,678,1841,4390,7.88762466217301,8.2412356551549,7.28033286524204,7.51371681415929,7.93939435632808,7.86591441002278,103
"109",2013,5,7.90238095238095,42,8.27083333333333,7.41111111111111,6.33333333333333,8.5,7.82162162162162,24,18,3,5,37,6273,3962,2311,681,1846,4427,7.88772346086402,8.24141494447249,7.28135147555171,7.50851688693098,7.94091278981582,7.86554421956178,104
"110",2013,6,7.72564102564103,39,7.9875,7.30666666666667,8.33333333333333,7.5,7.75882352941176,24,15,3,5,34,6312,3986,2326,684,1851,4461,7.88672200095057,8.23988610386352,7.28151472914875,7.51213450292398,7.93972177741761,7.8647308361354,105
"111",2013,7,8.04672131147541,61,8.43870967741936,7.64166666666667,8.35,8.33,7.99117647058824,31,30,10,10,51,6373,4017,2356,694,1861,4512,7.88825345520163,8.24142046552153,7.28610070458404,7.52420749279539,7.94181891993552,7.86616007535461,106
"112",2013,8,7.65188679245283,53,8.15588235294118,6.75,7,7.875,7.61222222222222,34,19,4,8,45,6426,4051,2375,698,1869,4557,7.88630396358543,8.2407025450506,7.28181189894737,7.52120343839541,7.9415329106474,7.86365245995173,107
"113",2013,9,7.8219512195122,41,8.52380952380952,7.085,7.1875,8.07142857142857,7.77058823529412,21,20,8,7,34,6467,4072,2395,706,1876,4591,7.88589597494974,8.24216257612967,7.28016837578288,7.51742209631728,7.94201759594883,7.86296324548029,108
"114",2013,10,7.63648648648649,37,8.11346153846154,6.50909090909091,5.25,7.51666666666667,7.694,26,11,2,12,25,6504,4098,2406,708,1888,4616,7.88447713253383,8.24134602489019,7.27664308395677,7.51101694915254,7.93931409427966,7.86204814991335,109
"115",2013,11,7.29975,40,8.13,6.17647058823529,4.33333333333333,8.25,7.19416666666667,23,17,3,4,36,6544,4121,2423,711,1892,4652,7.88090300580685,8.24072458383887,7.2689241683863,7.49760900140647,7.93997093551797,7.85687967755804,110
"116",2013,12,7.53333333333333,45,8.35714285714286,6.8125,7.85,7.91666666666667,7.47435897435897,21,24,10,6,39,6589,4142,2447,721,1898,4691,7.87852925633632,8.24131482617093,7.26444759297098,7.50249653259362,7.93989726554268,7.85369947985504,111
"117",2014,1,7.47881355932203,59,8.15909090909091,6.61538461538461,8.20833333333333,8.75,7.33490566037736,33,26,6,6,53,6648,4175,2473,727,1904,4744,7.87498183965102,8.24066491257485,7.25762363930449,7.50832187070151,7.94245011029412,7.84790351180439,112
"118",2014,2,7.20909090909091,33,7.78421052631579,6.42857142857143,6.86,7.57,7.05217391304348,19,14,5,10,23,6681,4194,2487,732,1914,4767,7.87169275108517,8.23859704577968,7.25295667872939,7.50389344262295,7.94050418495298,7.84406424585693,113
"119",2014,3,7.575,36,7.75238095238095,7.32666666666667,8.06666666666667,7.7,7.5448275862069,21,15,6,7,29,6717,4215,2502,738,1921,4796,7.87010261575108,8.2361746168446,7.25339858513189,7.50846883468835,7.93962780322748,7.8422548498749,114
"120",2014,4,8.01666666666667,36,8.43181818181818,7.36428571428571,8.775,8.76666666666667,7.86666666666667,22,14,4,6,30,6753,4237,2516,742,1927,4826,7.87088394343255,8.23719046731178,7.25401560413354,7.51529649595687,7.94220291126103,7.84240660174057,115
"121",2014,5,7.16176470588235,34,8,6.32352941176471,6.5,7,7.171875,17,17,7,2,32,6787,4254,2533,749,1929,4858,7.86733155591572,8.23624259755524,7.24777073035926,7.50580774365821,7.94122602903058,7.83798976121861,116
"122",2014,6,7.33636363636364,22,8.31818181818182,6.35454545454545,7.225,8.06666666666667,7.0625,11,11,4,6,16,6809,4265,2544,753,1935,4874,7.86561598913203,8.23645392966002,7.24390851415094,7.5043160690571,7.94161499224806,7.83544404185474,117
"123",2014,7,7.84090909090909,22,8.15625,7,5,8.41666666666667,7.625,16,6,2,6,16,6831,4281,2550,755,1941,4890,7.8655364178012,8.23615417192245,7.24333461176471,7.4976821192053,7.9430834672849,7.83475547239264,118
"124",2014,8,7.695,30,8.24473684210526,6.74545454545455,7.6,8.31666666666667,7.42857142857143,19,11,5,9,21,6861,4300,2561,760,1950,4911,7.86479074041685,8.23619209534884,7.24119611870363,7.49835526315789,7.9448076974359,7.83301858277337,119
"125",2014,9,7.85526315789474,38,8.06818181818182,7.5625,7.71428571428571,8.11111111111111,7.77586206896552,22,16,7,9,29,6899,4322,2577,767,1959,4940,7.86473826206697,8.23533688338732,7.24319102056655,7.5003259452412,7.94557172537009,7.832683048583,120
"126",2014,10,7.72093023255814,43,8.1,7.19444444444444,7.05555555555556,7.63636363636364,7.75,25,18,9,11,32,6942,4347,2595,776,1970,4972,7.8638474891962,8.2345585484242,7.24285289402698,7.4951675257732,7.94384518274112,7.83215089702333,121
"127",2014,11,7.35862068965517,29,8.14117647058823,6.25,6.7,7.225,7.38,17,12,5,4,25,6971,4364,2607,781,1974,4997,7.86174569932578,8.23419477772686,7.23828280015343,7.49007682458387,7.942388556231,7.82988878527116,122
"128",2014,12,7.68815789473684,38,8.02941176470588,7.41190476190476,7.3,8.1,7.63970588235294,17,21,3,4,34,7009,4381,2628,784,1978,5031,7.86080457554573,8.23340013923762,7.23967019025875,7.48934948979592,7.9427072851365,7.82860351023654,123
"129",2015,1,7.59891304347826,46,8.11296296296296,6.86842105263158,8.5,8.12222222222222,7.47162162162162,27,19,5,9,37,7055,4408,2647,789,1987,5068,7.85909699078668,8.23266243421053,7.23700538723083,7.49575411913815,7.94352038751887,7.82599728887135,124
"130",2015,2,7.72837837837838,37,8.25434782608696,6.86428571428571,8.7,8.83333333333333,7.63088235294118,23,14,5,3,34,7092,4431,2661,794,1990,5102,7.85841501269036,8.23277499661476,7.23504444193912,7.50333753148614,7.94486181407035,7.82469703253626,125
"131",2015,3,7.82962962962963,27,8.49166666666667,7.3,6.71428571428571,7.3,7.92173913043478,12,15,7,4,23,7119,4443,2676,801,1994,5125,7.85830583930327,8.2334742313752,7.2354085426009,7.49644194756554,7.94356820962889,7.82513253853659,126
"132",2015,4,6.97741935483871,31,8.12,5.90625,6.25,6.5,7.092,15,16,2,6,25,7150,4458,2692,803,2000,5150,7.85448661118881,8.23309242036788,7.22750864041605,7.49333748443337,7.939237505,7.82157364271845,127
"133",2015,5,7.53111111111111,36,7.96875,7.181,6.924,7.75,7.46857142857143,16,20,5,8,28,7186,4474,2712,808,2008,5178,7.85286658363485,8.23214707420653,7.22716565634218,7.48981435643564,7.93848357071713,7.81966478563152,128
"134",2015,6,7.60178571428571,28,8.1,6.83181818181818,6.66666666666667,8.2,7.40238095238095,17,11,3,7,21,7214,4491,2723,811,2015,5199,7.85189205295259,8.23164685148074,7.22556858611825,7.48676942046856,7.93939206451613,7.817979276784,129
"135",2015,7,7.58,29,7.35,7.70105263157895,7.06666666666667,8.7,7.34666666666667,10,19,6,5,24,7243,4501,2742,817,2020,5223,7.85080343366009,8.22968807153966,7.22886333333333,7.48368421052631,7.94127475742574,7.81581356691557,130
"136",2015,8,7.16875,40,7.77368421052632,6.62142857142857,7.025,6.61666666666667,7.26617647058824,19,21,8,6,34,7283,4520,2763,825,2026,5257,7.84705743100371,8.22777124115044,7.22424656532754,7.47923636363636,7.93735192991115,7.81225875214,131
"137",2015,9,7.31363636363636,22,8.34,6.45833333333333,6,7.5,7.295,10,12,2,2,20,7305,4530,2775,827,2028,5277,7.84545096098563,8.22801898675497,7.22093450810811,7.47565900846433,7.93692061637081,7.81029832480576,132
"138",2015,10,7.82352941176471,34,8.25,7.21428571428571,7.75,7,7.93333333333333,20,14,4,4,30,7339,4550,2789,831,2032,5307,7.84534940318845,8.22811560659341,7.22090113302259,7.47697954271961,7.93507628444882,7.81099383078952,133
"139",2015,11,7.598,50,8.40384615384615,6.725,5.75,8.85,7.42727272727273,26,24,6,6,44,7389,4576,2813,837,2038,5351,7.84367563540398,8.22911407561189,7.2166701955208,7.46459976105137,7.93776987733072,7.80783858344235,134
"140",2015,12,7.28170731707317,41,7.91388888888889,6.78695652173913,6.7,7.36666666666667,7.24655172413793,18,23,8,12,29,7430,4594,2836,845,2050,5380,7.84057459892329,8.22787897474967,7.21318521156559,7.45736094674556,7.93442683414634,7.80481305947956,135
"141",2016,1,7.34545454545455,55,7.625,7.05555555555556,7.75,7.5,7.31521739130435,28,27,4,9,46,7485,4622,2863,849,2059,5426,7.83693644221777,8.22422674383384,7.21169865874956,7.45873969375736,7.93252793103448,7.80066241430151,136
"142",2016,2,7.91527777777778,36,8.23947368421053,7.55294117647059,7.6,7.9,7.91833333333333,19,17,4,6,30,7521,4641,2880,853,2065,5456,7.83731143066082,8.22428916397328,7.2137129375,7.45940211019929,7.9324334188862,7.80130943181818,137
"143",2016,3,7.37083333333333,36,8.48235294117647,6.37631578947368,6,9,7.22272727272727,17,19,4,3,33,7557,4658,2899,857,2068,5489,7.83508922456001,8.22523100257621,7.20822464987927,7.45259043173862,7.9339821131528,7.79783098196393,138
"144",2016,4,7.47948717948718,39,7.85652173913043,6.9375,7.4,6.8,7.68333333333333,23,16,5,9,30,7596,4681,2915,862,2077,5519,7.83326346366509,8.223419356975,7.20673868267582,7.45228538283062,7.92906837265286,7.79720859938395,139
"145",2016,5,7.4030303030303,33,7.88260869565217,6.3,6.5,5.33333333333333,7.61,23,10,2,3,30,7629,4704,2925,864,2080,5549,7.83140244724079,8.22175297831633,7.20363872136752,7.45008101851852,7.92532452403846,7.7961964786448,140
"146",2016,6,7.78125,32,8.26086956521739,6.55555555555556,9,7.83333333333333,7.76923076923077,23,9,1,6,26,7661,4727,2934,865,2086,5575,7.83119296044903,8.22194330653692,7.20165073619632,7.45187283236994,7.92505992809204,7.79607071928251,141
"147",2016,7,7.345,40,7.72631578947368,7,7.3,6.5,7.55625,19,21,5,8,32,7701,4746,2955,870,2094,5607,7.82866761069991,8.21995912557944,7.20021768527919,7.451,7.9196155730659,7.79470202603888,142
"148",2016,8,7.63018867924528,53,8.096,7.21428571428571,6.9,7.17857142857143,7.79230769230769,25,28,10,14,39,7754,4771,2983,880,2108,5646,7.82731097111169,8.21930958080067,7.20034973516594,7.44473863636363,7.91469402751423,7.7946854870705,143
"149",2016,9,7.74124489795918,49,8.47284,6.97916666666667,8.16666666666667,7.5,7.77490697674419,25,24,6,6,43,7803,4796,3007,886,2114,5689,7.82677050749712,8.22063115304421,7.19858438975723,7.44962753950338,7.91351703405866,7.79453599226578,144
"150",2016,10,7.30789473684211,38,7.98636363636364,6.375,6.66666666666667,8.11111111111111,7.05862068965517,22,16,6,9,29,7841,4818,3023,892,2123,5718,7.82425586914934,8.21956143835617,7.19422535891499,7.44436098654708,7.91435469147433,7.79080364812872,145
"151",2016,11,7.85,52,8.1258064516129,7.44285714285714,7.93,7.47777777777778,7.92790697674419,31,21,10,9,43,7893,4849,3044,902,2132,5761,7.82442547447105,8.21896205609404,7.19594062417871,7.44974501108647,7.91251173076923,7.79182698489846,146
"152",2016,12,7.29,50,8.03846153846154,6.47916666666667,6.8,7.5,7.26136363636364,26,24,5,6,44,7943,4875,3068,907,2138,5805,7.8210613458391,8.21799938666667,7.19033352672751,7.4461631753032,7.91135407390084,7.78780624633937,147
"153",2017,1,7.30065573770492,61,7.89,6.73032258064516,6.4,8.08333333333333,7.21527272727273,30,31,5,6,55,8004,4905,3099,912,2144,5860,7.81709523613193,8.21599327420999,7.18573193288158,7.44042763157895,7.91183535914179,7.78243263822526,148
"154",2017,2,7.86190476190476,42,8.65,6.81111111111111,7.64285714285714,8.125,7.8,24,18,7,8,34,8046,4929,3117,919,2152,5894,7.81732914118817,8.21810651450599,7.18356857876163,7.44196953210011,7.91262779275093,7.78253397692569,149
"155",2017,3,8.00571428571429,35,8.25,7.3,NA,9,7.9125,26,9,0,3,32,8081,4955,3126,919,2155,5926,7.81814506496721,8.21827386680121,7.18390379398592,7.44196953210011,7.91414153596288,7.78323578467769,150
"156",2017,4,7.83382352941176,34,8.24565217391304,6.97272727272727,7.16666666666667,7.95,7.81379310344828,23,11,3,5,29,8115,4978,3137,922,2160,5955,7.81821075415896,8.21840036359984,7.18316329614281,7.4410737527115,7.91422454166667,7.78338459445844,151
"157",2017,5,7.434,35,8.05173913043478,6.25,6.875,6.858,7.53,23,12,4,5,30,8150,5001,3149,926,2165,5985,7.81656076932515,8.21763387522496,7.17960725944744,7.43862850971922,7.91178522401847,7.7821144962406,152
"158",2017,6,6.8515625,32,7.88157894736842,5.34615384615385,1,7.25,6.75961538461539,19,13,1,6,26,8182,5020,3162,927,2171,6011,7.81278663774138,8.21636195418327,7.17206934218849,7.43168284789644,7.9099562459696,7.77769177507902,153
"159",2017,7,7.10975,40,7.61176470588235,6.73869565217391,6.8,3.5,7.51083333333333,17,23,10,4,36,8222,5037,3185,937,2175,6047,7.80936636706397,8.21432142346635,7.16893979905809,7.42494130202775,7.90184598160919,7.77610306929056,154
"160",2017,8,7.17638888888889,36,7.76875,6.7025,7.03,6.875,7.2625,16,20,10,8,28,8258,5053,3205,947,2183,6075,7.80660695931218,8.21291055016822,7.16602909828393,7.42077085533263,7.89808291800275,7.77373584526749,155
"161",2017,9,7.65027027027027,37,8.16952380952381,6.96875,8.5,7.25,7.69878787878788,21,16,2,4,33,8295,5074,3221,949,2187,6108,7.80590961663653,8.21273098344502,7.16504913380938,7.42304531085353,7.89689758116141,7.77333092010478,156
"162",2017,10,6.92105263157895,38,7.52380952380952,6.17647058823529,5.6,7.5,6.76666666666667,21,17,5,8,30,8333,5095,3238,954,2195,6138,7.80187450738029,8.20989146418057,7.15985894379247,7.41349056603773,7.89545102961276,7.76841076246334,157
"163",2017,11,7.99444444444444,36,8.325,7.58125,5,6.33333333333333,8.14545454545454,20,16,4,3,33,8369,5115,3254,958,2198,6171,7.80270286414147,8.21034154643207,7.16193093423479,7.4034133611691,7.89331893084622,7.77042703937774,158
"164",2017,12,7.3952380952381,42,8.16315789473684,6.76086956521739,6.625,7.5,7.37777777777778,19,23,8,6,36,8411,5134,3277,966,2204,6207,7.8006682047319,8.210166928321,7.15911603906012,7.396966873706,7.89224818965517,7.76814971161592,159
"165",2018,1,7.90535514285714,35,8.02777777777778,7.77573117647059,9.42,9.6,7.85551264705882,18,17,5,1,34,8446,5152,3294,971,2205,6241,7.80110202462704,8.20952969914597,7.16229832726169,7.40738414006179,7.89302268027211,7.76862565133793,160
"166",2018,2,7.36785714285714,28,7.94444444444444,6.33,4.575,5.45,7.6875,18,10,4,4,24,8474,5170,3304,975,2209,6265,7.79967048619306,8.20860677176016,7.15977926452785,7.3957641025641,7.88859891806247,7.76831487470072,161
"167",2018,3,7.91642857142857,28,8.45333333333333,6.95,3,8.84333333333333,7.66363636363636,18,10,1,6,22,8502,5188,3314,976,2215,6287,7.80005501058575,8.20945586160371,7.15914625528063,7.39126024590164,7.89118510609481,7.76794857483697,162
"168",2018,4,7.384375,32,8.26875,6.5,7.25,8.6375,7.20535714285714,16,16,4,4,28,8534,5204,3330,980,2219,6315,7.79849633231779,8.20963816487318,7.15597918618619,7.39068367346939,7.89253042361424,7.76545410768013,163
"169",2018,5,6.79896651162791,43,7.85463,6.39032258064516,8.5,7.875,6.553016,12,31,4,8,35,8577,5216,3361,984,2227,6350,7.79348528156698,8.20882142829755,7.14891719428742,7.39519308943089,7.89246744948361,7.75877137795276,164
"170",2018,6,7.55172413793103,29,8.14705882352941,6.70833333333333,7.33333333333333,9.16666666666667,7.36538461538461,17,12,3,3,26,8606,5233,3373,987,2230,6376,7.79267060887753,8.20862078540035,7.1473497450341,7.39500506585613,7.89418161883408,7.75716722867001,165
"171",2018,7,7.202,30,7.43846153846154,7.02117647058824,7.1,7.5,7.16888888888889,13,17,5,3,27,8636,5246,3390,992,2233,6403,7.7906187193145,8.20671227030119,7.14671701769912,7.39351814516129,7.89365204209583,7.7546865922224,166
"172",2018,8,7.40833333333333,36,7.81904761904762,6.83333333333333,6.2,7.875,7.35,21,15,5,4,32,8672,5267,3405,997,2237,6435,7.78903174123616,8.20516661666984,7.14533647283407,7.38753259779338,7.8936186902101,7.75267416472416,167
"173",2018,9,7.82428571428571,28,8.44588235294118,6.86363636363636,7,7.5,7.87833333333333,17,11,3,4,24,8700,5284,3416,1000,2241,6459,7.78914520229885,8.20594106169569,7.1444293588993,7.38637,7.89291611334226,7.75314108221087,168
"174",2018,10,8.13,14,8.382,7.5,NA,NA,8.13,10,4,0,0,14,8714,5294,3420,1000,2241,6473,7.78969282304338,8.20627362485833,7.14484523099415,7.38637,7.89291611334226,7.75395616406612,169
"175",2018,11,7.0521875,32,7.77625,6.328125,7.5,7,7.05758620689655,16,16,4,3,29,8746,5310,3436,1004,2244,6502,7.78699442716671,8.20497788512241,7.14104211001164,7.38682270916335,7.89172237522282,7.75085023838819,170
"176",2018,12,7.63684210526316,38,8.61111111111111,6.76,7.57777777777778,7.65,7.63214285714286,18,20,9,10,28,8784,5328,3456,1013,2254,6530,7.78634486111111,8.20634995683183,7.13883700520833,7.38851924975321,7.89064996007098,7.75034123277182,171
"177",2019,1,8.14083333333333,42,8.1908064516129,8,9,8.28214285714286,8.11257142857143,31,11,2,7,35,8826,5359,3467,1015,2261,6565,7.78803175390891,8.20626004291846,7.14156927891549,7.39169458128079,7.8918620123839,7.75227239146992,172
"178",2019,2,7.37307692307692,26,8.13,6.9,7,8.5,7.22608695652174,10,16,3,3,23,8852,5369,3483,1018,2264,6588,7.78681295300497,8.20611800521513,7.14045957220787,7.39054027504911,7.89266784893993,7.7504353749241,173
"179",2019,3,7.56578947368421,38,8.29545454545454,6.5625,9,8.42857142857143,7.37096774193548,22,16,1,7,31,8890,5391,3499,1019,2271,6619,7.78586819572553,8.20648257651642,7.13781671620463,7.3921197252208,7.89431968736239,7.74865814322405,174
"180",2019,4,7.09176470588235,17,7.306,6.78571428571429,7.16666666666667,5.5,7.304,10,7,3,2,15,8907,5401,3506,1022,2273,6634,7.78454342202762,8.20481532493983,7.13711371648603,7.39145792563601,7.89221293884734,7.74765273590594,175
"181",2019,5,7.58387096774194,31,7.66315789473684,7.45833333333333,7.23333333333333,8.1875,7.37391304347826,19,12,6,8,23,8938,5420,3518,1028,2281,6657,7.78384742224211,8.20291652583026,7.13820940591245,7.39053501945525,7.89324857957036,7.74636146161935,176
"182",2019,6,7.34107142857143,28,7.94055555555556,6.262,5.75,8,7.262,18,10,4,3,25,8966,5438,3528,1032,2284,6682,7.7824646732099,8.20204810040456,7.135725819161,7.38417635658915,7.89338879597198,7.74454927416941,177
"183",2019,7,7.8082668,25,8.24711133333333,7.15,9,5.5,8.00898565217391,15,10,1,2,23,8991,5453,3538,1033,2286,6705,7.78253641752864,8.20217205941684,7.13576616449972,7.38574056147144,7.89129484251968,7.74545636390753,178
"184",2019,8,7.79,35,8.1,7.421875,7.15,7.525,7.8448275862069,19,16,5,6,29,9026,5472,3554,1038,2292,6734,7.782565358963,8.20181729532164,7.13705421778278,7.38460500963391,7.89033595549738,7.74588430650431,179
"185",2019,9,7.26777777777778,27,8.38117647058824,5.375,6.83333333333333,8.66666666666667,7.09291666666667,17,10,3,3,24,9053,5489,3564,1041,2295,6758,7.78103003755661,8.2023727892148,7.13211018237935,7.38301633045149,7.89135076688453,7.74356539212785,180
"186",2019,10,7.98913043478261,23,8.51785714285714,7.16666666666667,NA,7.95833333333333,8,14,9,0,6,17,9076,5503,3573,1041,2301,6775,7.78155739643014,8.20317540250773,7.13219722642038,7.38301633045149,7.89152542807475,7.74420884428044,181
"187",2019,11,7.59428571428571,35,8.21428571428571,7.18095238095238,7.16,7.625,7.59032258064516,14,21,5,4,31,9111,5517,3594,1046,2305,6806,7.78083799034135,8.20320359615734,7.13248210628826,7.38195028680688,7.89106291106291,7.74350792242139,182
"188",2019,12,7.9962962962963,27,7.775,8.31818181818182,7.73333333333333,8.75,7.86521739130435,16,11,3,4,23,9138,5533,3605,1049,2309,6829,7.78147460385205,8.20196534249052,7.13610005270458,7.38295519542421,7.89255089216111,7.74391783862938,183
"189",2020,1,7.04318181818182,44,7.81304347826087,6.2,6.57142857142857,6.33333333333333,7.15526315789474,23,21,7,6,38,9182,5556,3626,1056,2315,6867,7.77793671640165,8.20035533477322,7.13067862382791,7.37757575757576,7.88850972354212,7.7406603931848,184
"190",2020,2,7.83333333333333,36,7.96875,7.725,8.5,8,7.8125,16,20,4,4,32,9218,5572,3646,1060,2319,6899,7.77815306248644,8.19969027997129,7.13393875205705,7.38181132075472,7.88870203104786,7.74099361066821,185
"191",2020,3,7.99407407407407,27,8.18571428571429,7.78769230769231,7,7,8.03230769230769,14,13,1,1,26,9245,5586,3659,1061,2320,6925,7.77878365927528,8.19965525241676,7.13626146214813,7.38145146088596,7.88831896982759,7.74208735306859,186
"192",2020,4,7.47428571428571,42,7.77333333333333,7.25,7.75,7.6875,7.42411764705882,18,24,4,8,34,9287,5604,3683,1065,2328,6959,7.77740658231937,8.19828591006424,7.13700263100733,7.38283568075117,7.88762887027491,7.74053382957321,187
"193",2020,5,7.72368421052632,38,8.08333333333333,7.4,7.91666666666667,7.25,7.75,18,20,6,2,36,9325,5622,3703,1071,2330,6995,7.77718766005362,8.19791786552829,7.13842308668647,7.38582633053221,7.88708154935622,7.74058254753395,188
"194",2020,6,7.45454545454545,22,8.11111111111111,7,6,8.16666666666667,7.1875,9,13,5,6,16,9347,5631,3716,1076,2336,7011,7.77642825826468,8.19777912271356,7.13793882938644,7.37938661710037,7.88779966181507,7.73932034231921,189
"195",2020,7,7.796875,32,8.1875,7.40625,7.66666666666667,8.05555555555556,7.69565217391304,16,16,3,9,23,9379,5647,3732,1079,2345,7034,7.77649802004478,8.19774999822915,7.13908914523044,7.38018535681186,7.8884435010661,7.73917755473415,190
"196",2020,8,7.60645161290323,31,8.32222222222222,6.61538461538461,7,8.8,7.37692307692308,18,13,2,5,26,9410,5665,3745,1081,2350,7060,7.77593782465462,8.19814549691086,7.13727121228305,7.37948196114709,7.89038298297872,7.73784347308782,191
"197",2020,9,7.95161290322581,31,8.73333333333333,7.21875,7,9.125,7.77777777777778,15,16,4,4,27,9441,5680,3761,1085,2354,7087,7.77651466264167,8.19955884507043,7.13761783834087,7.37808294930876,7.89248088785047,7.73799561450543,192
"198",2020,10,7.228125,32,7.425,6.9,8.16666666666667,5.8,7.49259259259259,20,12,3,5,27,9473,5700,3773,1088,2359,7114,7.77466219043597,8.19684109473685,7.13686209647495,7.38025735294118,7.88804578635015,7.73706422828226,193
"199",2020,11,7.6390243902439,41,8.08947368421053,7.25,6.325,5.5,7.87027027027027,19,22,4,4,37,9514,5719,3795,1092,2363,7151,7.77407766764768,8.19648439237629,7.13751796837945,7.37639194139194,7.88400338975878,7.73775344986715,194
"200",2020,12,7.725,44,8.2047619047619,7.28695652173913,6.83333333333333,8,7.64411764705882,21,23,6,10,34,9558,5740,3818,1098,2373,7185,7.77385173990374,8.19651467595819,7.1384182006286,7.37342440801457,7.8844922081753,7.73731035768963,195
"201",2021,1,7.94871794871795,39,8.39583333333333,7.23333333333333,6.33333333333333,7,7.97368421052632,24,15,3,1,38,9597,5764,3833,1101,2374,7223,7.77456235594456,8.19734459403193,7.13878963996869,7.37059037238874,7.88411963352991,7.7385539138862,196
"202",2021,2,7.925,36,8.6,7.54347826086957,7,6.93333333333333,8.01515151515152,13,23,2,3,33,9633,5777,3856,1103,2377,7256,7.7751245645178,8.19825069066991,7.14120349844398,7.36991840435177,7.88291965082036,7.73981186879824,197
"203",2021,3,7.38005714285714,35,8.23333333333333,6.7401,7,8,7.30006451612903,15,20,6,4,31,9668,5792,3876,1109,2381,7287,7.77369434526272,8.19834154696133,7.13913382094943,7.36791704238052,7.88311634187316,7.73794111705778,198
"204",2021,4,7.67605714285714,35,7.52305882352941,7.82055555555556,7.875,6,7.72535294117647,17,18,4,1,34,9703,5809,3894,1113,2382,7321,7.77334215500361,8.19636533654674,7.14228369029276,7.36973944294699,7.88232578085642,7.73788265537495,199
"205",2021,5,7.81096774193548,31,8.20222222222222,7.26923076923077,7.66666666666667,8.0625,7.72347826086957,18,13,3,8,23,9734,5827,3907,1116,2390,7344,7.77346198171358,8.19638342886563,7.1427060890709,7.3705376344086,7.88292887447699,7.73783754357299,200
"206",2021,6,7.55909090909091,22,8.57142857142857,7.08666666666667,NA,8,7.53809523809524,7,15,0,1,21,9756,5834,3922,1116,2391,7365,7.7729785701107,8.19683343160782,7.1424917618562,7.3705376344086,7.8829778377248,7.73726801357773,201
"207",2021,7,7.37619047619048,21,8.16666666666667,7.06,7.475,6.5,7.46842105263158,6,15,4,2,19,9777,5840,3937,1120,2393,7384,7.77212630970645,8.19680243835617,7.14217746761494,7.37091071428571,7.88182198495612,7.73657623510293,202
"208",2021,8,7.92215384615385,39,8.91666666666667,7.48014814814815,6.85155555555556,7.44,7.99305882352941,12,27,9,5,34,9816,5852,3964,1129,2398,7418,7.77272238488182,8.19827857826385,7.14447948789102,7.36677059344553,7.88090075479566,7.73775180911297,203
"209",2021,9,7.7977084375,32,7.93529411764706,7.641778,NA,7.85,7.79023821428571,17,15,0,4,28,9848,5869,3979,1129,2402,7446,7.77280357432981,8.19751682399047,7.14635419954763,7.36677059344553,7.88084929641965,7.7379491794252,204
"210",2021,10,7.9453125,32,8.66071428571429,7.38888888888889,8.33333333333333,8.5,7.90833333333333,14,18,3,2,30,9880,5883,3997,1132,2404,7476,7.77336230769231,8.19861911269761,7.14744642481862,7.36933215547703,7.8813643968386,7.73863290395934,205
"211",2021,11,7.87142857142857,35,8.05,7.63333333333333,9,7.5,7.89393939393939,20,15,2,2,33,9915,5903,4012,1134,2406,7509,7.77370848209783,8.1981155751313,7.14926305084746,7.37220811287478,7.88104738570241,7.73931543347983,206
"212",2021,12,7.86923076923077,39,8.8,7.2875,7.125,8,7.85428571428571,15,24,4,4,35,9954,5918,4036,1138,2410,7544,7.77408274060679,8.19964113551876,7.15008507433102,7.37133919156415,7.88124481742739,7.73984883218452,207
"213",2022,1,7.8265625,64,7.9969696969697,7.64516129032258,8.08333333333333,7.375,7.85666666666667,33,31,6,4,60,10018,5951,4067,1144,2414,7604,7.77441800758634,8.19851726432533,7.15385870666339,7.37507342657343,7.88040596934548,7.74077059310889,208
"214",2022,2,7.68367346938776,49,8.264,7.07916666666667,8.06666666666667,8.7,7.59333333333333,25,24,6,4,45,10067,5976,4091,1150,2418,7649,7.77397631866494,8.19879120481928,7.15342052309949,7.37868173913044,7.88176179073615,7.73990320172572,209
"215",2022,3,7.88793103448276,29,8.21666666666667,7.53571428571429,8,7.5,7.91666666666667,15,14,1,2,27,10096,5991,4105,1151,2420,7676,7.77430364500792,8.19883596060758,7.15472432643118,7.37922154648132,7.88144628512397,7.74052495961438,210
"216",2022,4,7.475,40,8.4,6.55,5.7,6.83333333333333,7.52702702702703,20,20,5,3,37,10136,6011,4125,1156,2423,7713,7.7731224940805,8.19950528031942,7.15179232969697,7.37195847750865,7.88014858027239,7.73950078957604,211
"217",2022,5,7.48571428571429,42,8.15,6.88181818181818,8.7,7.96666666666667,7.44871794871795,20,22,2,3,39,10178,6031,4147,1158,2426,7752,7.77193649046964,8.19934111092688,7.1503601061008,7.37425215889465,7.88025556883759,7.73803787280702,212
"218",2022,6,8.27121212121212,33,8.8,7.83055555555556,6.6,9,8.10925925925926,15,18,2,6,27,10211,6046,4165,1160,2432,7779,7.77355005386348,8.20083133311281,7.15329972629052,7.37291724137931,7.88301809621711,7.73932633886104,213
"219",2022,7,8.125,36,8.73684210526316,7.44117647058824,6,9.6,7.88709677419355,19,17,1,5,31,10247,6065,4182,1161,2437,7810,7.77478477603201,8.20251050948063,7.1544699569584,7.37173471145564,7.88654083299138,7.73991287964149,214
"220",2022,8,7.79787234042553,47,8.4,7.11363636363636,7.5,8.7,7.69047619047619,25,22,4,5,42,10294,6090,4204,1165,2442,7852,7.77489018845929,8.20332122167488,7.15425627021884,7.37217510729614,7.88820639230139,7.73964844498217,215
"221",2022,9,7.19285714285714,28,7.45833333333333,6.99375,8,6.7,7.3,12,16,2,5,23,10322,6102,4220,1167,2447,7875,7.77331133501259,8.20185615208129,7.15364771563981,7.37325107112254,7.88577850837761,7.73836439238095,216
"222",2022,10,7.10641025641026,39,7.625,6.816,7.5,5.5,7.19324324324324,14,25,2,2,37,10361,6116,4245,1169,2449,7912,7.77080104237042,8.20053568345324,7.15165921319199,7.37346792130026,7.88383013883218,7.73581516557129,217
"223",2022,11,8.10384615384615,39,8.73863636363636,7.28235294117647,7,8.33333333333333,8.08472222222222,22,17,3,3,36,10400,6138,4262,1172,2452,7948,7.77204996153846,8.2024643597263,7.15218051618959,7.37251194539249,7.88438010195759,7.73739551962758,218
"224",2022,12,8.23404255319149,47,8.6,7.78095238095238,8,7.6375,8.28953488372093,26,21,4,4,43,10447,6164,4283,1176,2456,7991,7.774128419642,8.20414118105127,7.15526345085221,7.3746462585034,7.88397801710098,7.74036661118759,219
