"","year","month","avg_rating","no_ratings","avg_rating_owned","avg_rating_not_owned","avg_rating_prev_owned","avg_rating_comment","avg_rating_no_comment","no_ratings_owned","no_ratings_not_owned","no_ratings_prev_owned","no_ratings_comment","no_ratings_no_comment","cum_no_ratings","cum_no_ratings_owned","cum_no_ratings_not_owned","cum_no_ratings_prev_owned","cum_no_ratings_comment","cum_no_ratings_no_comment","cum_avg_rating","cum_avg_rating_owned","cum_avg_rating_not_owned","cum_avg_rating_prev_owned","cum_avg_rating_comment","cum_avg_rating_no_comment","month_after_release"
"1",2004,3,7,2,9,5,NA,7,NA,1,1,0,2,0,2,1,1,0,2,0,7,9,5,NA,7,NA,-1
"2",2004,4,7.28571428571429,7,7.33333333333333,7.25,NA,7.75,6.66666666666667,3,4,0,4,3,9,4,5,0,6,3,7.22222222222222,7.75,6.8,NA,7.5,6.66666666666667,0
"3",2004,5,6.35,8,7.7,5,NA,6.66666666666667,6.16,4,4,0,3,5,17,8,9,0,9,8,6.81176470588235,7.725,6,NA,7.22222222222222,6.35,1
"4",2004,6,6.91666666666667,9,7.8,5.8125,NA,6.45,7.5,5,4,0,5,4,26,13,13,0,14,12,6.84807692307692,7.75384615384615,5.94230769230769,NA,6.94642857142857,6.73333333333333,2
"5",2004,7,7.41666666666667,6,9,6.625,7.5,9,7.1,2,4,1,1,5,32,15,17,1,15,17,6.9546875,7.92,6.10294117647059,7.5,7.08333333333333,6.84117647058823,3
"6",2004,8,7.94444444444444,9,8.07142857142857,7.5,NA,7.625,8.2,7,2,0,4,5,41,22,19,1,19,22,7.1719512195122,7.96818181818182,6.25,7.5,7.19736842105263,7.15,4
"7",2004,9,8,7,8.375,7.5,NA,7.625,8.5,4,3,0,4,3,48,26,22,1,23,25,7.29270833333333,8.03076923076923,6.42045454545455,7.5,7.27173913043478,7.312,5
"8",2004,10,7.8,10,7.88888888888889,7,NA,7.5,7.875,9,1,0,2,8,58,35,23,1,25,33,7.3801724137931,7.99428571428571,6.44565217391304,7.5,7.29,7.44848484848485,6
"9",2004,11,8.21428571428571,7,8.21428571428571,NA,NA,7.5,8.33333333333333,7,0,0,1,6,65,42,23,1,26,39,7.47,8.03095238095238,6.44565217391304,7.5,7.29807692307692,7.58461538461539,7
"10",2004,12,7.48,5,7.66666666666667,7.2,NA,7.83333333333333,6.95,3,2,0,3,2,70,45,25,1,29,41,7.47071428571429,8.00666666666667,6.506,7.5,7.35344827586207,7.55365853658537,8
"11",2005,1,8.25,14,8.45833333333333,7,NA,8.6,8.05555555555556,12,2,0,5,9,84,57,27,1,34,50,7.60059523809524,8.10175438596491,6.54259259259259,7.5,7.53676470588235,7.644,9
"12",2005,2,7.77272727272727,11,7.875,7.5,8,8,7.64285714285714,8,3,1,4,7,95,65,30,2,38,57,7.62052631578947,8.07384615384616,6.63833333333333,7.75,7.58552631578947,7.64385964912281,10
"13",2005,3,7.58,15,7.72727272727273,7.175,NA,9,7.47857142857143,11,4,0,1,14,110,76,34,2,39,71,7.615,8.02368421052632,6.70147058823529,7.75,7.62179487179487,7.6112676056338,11
"14",2005,4,8.11666666666667,30,8.16666666666667,7.66666666666667,7,8.1875,8.03571428571429,27,3,1,16,14,140,103,37,3,55,85,7.7225,8.06116504854369,6.77972972972973,7.5,7.78636363636364,7.68117647058823,12
"15",2005,5,7.63888888888889,36,8.02,6.77272727272727,NA,7.30588235294118,7.93684210526316,25,11,0,17,19,176,128,48,3,72,104,7.70539772727273,8.053125,6.778125,7.5,7.67291666666667,7.72788461538461,13
"16",2005,6,7.72083333333333,24,7.98888888888889,6.91666666666667,7.5,7.98,7.53571428571429,18,6,1,10,14,200,146,54,4,82,118,7.70725,8.04520547945206,6.79351851851852,7.5,7.71036585365854,7.70508474576271,14
"17",2005,7,7.85,30,7.93478260869565,7.57142857142857,8,8,7.625,23,7,1,18,12,230,169,61,5,100,130,7.72586956521739,8.0301775147929,6.8827868852459,7.6,7.7625,7.69769230769231,15
"18",2005,8,7.63793103448276,29,7.75,7.38888888888889,NA,7.46875,7.84615384615385,20,9,0,16,13,259,189,70,5,116,143,7.71602316602317,8.0005291005291,6.94785714285714,7.6,7.72198275862069,7.71118881118881,16
"19",2005,9,7.40681818181818,22,7.4,7.4375,7.5,7.21428571428571,7.49666666666667,18,4,1,7,15,281,207,74,6,123,158,7.69181494661922,7.94830917874396,6.97432432432432,7.58333333333333,7.69308943089431,7.69082278481013,17
"20",2005,10,7.27906976744186,43,7.66176470588235,5.83333333333333,7,6.97222222222222,7.5,34,9,1,18,25,324,241,83,7,141,183,7.63703703703704,7.90788381742739,6.85060240963855,7.5,7.60106382978723,7.66475409836066,18
"21",2005,11,7.465,40,7.76296296296296,6.84615384615385,NA,7.42941176470588,7.49130434782609,27,13,0,17,23,364,268,96,7,158,206,7.61813186813187,7.89328358208955,6.85,7.5,7.58259493670886,7.64538834951456,19
"22",2005,12,7.54861111111111,36,7.69,7.22727272727273,8,7.53333333333333,7.55952380952381,25,11,1,15,21,400,293,107,8,173,227,7.611875,7.8759385665529,6.88878504672897,7.5625,7.57832369942196,7.6374449339207,20
"23",2006,1,7.57068965517241,58,7.91025641025641,6.87368421052632,7.53333333333333,7.65,7.51470588235294,39,19,3,24,34,458,332,126,11,197,261,7.60665938864629,7.87996987951807,6.88650793650794,7.55454545454545,7.58705583756345,7.62145593869732,21
"24",2006,2,7.51428571428571,35,7.54838709677419,7.25,NA,8.07692307692308,7.18181818181818,31,4,0,13,22,493,363,130,11,210,283,7.6001014198783,7.85165289256198,6.89769230769231,7.55454545454545,7.61738095238095,7.58727915194346,22
"25",2006,3,7.58205128205128,39,7.81724137931035,6.9,NA,7.67619047619048,7.47222222222222,29,10,0,21,18,532,392,140,11,231,301,7.59877819548872,7.84910714285714,6.89785714285714,7.55454545454545,7.62272727272727,7.58039867109635,23
"26",2006,4,7.50606060606061,33,7.87777777777778,7.06,NA,7.62777777777778,7.36,18,15,0,18,15,565,410,155,11,249,316,7.59336283185841,7.85036585365854,6.91354838709677,7.55454545454545,7.62309236947791,7.56993670886076,24
"27",2006,5,7.6109756097561,41,7.825,6.57142857142857,NA,7.95833333333333,7.33913043478261,34,7,0,18,23,606,444,162,11,267,339,7.59455445544554,7.84842342342342,6.89876543209877,7.55454545454545,7.64569288389513,7.55427728613569,25
"28",2006,6,7.4,45,7.609375,6.88461538461539,NA,7.65,7.2,32,13,0,20,25,651,476,175,11,287,364,7.58110599078341,7.83235294117647,6.89771428571429,7.55454545454545,7.64599303135889,7.52994505494506,26
"29",2006,7,7.59782608695652,46,7.76666666666667,7.28125,7.625,7.28260869565217,7.91304347826087,30,16,4,23,23,697,506,191,15,310,387,7.58220946915351,7.82845849802372,6.92984293193717,7.57333333333333,7.61903225806452,7.55271317829457,27
"30",2006,8,7.54166666666667,36,7.74,7.09090909090909,7,7.76923076923077,7.41304347826087,25,11,2,13,23,733,531,202,17,323,410,7.58021828103684,7.82429378531074,6.93861386138614,7.50588235294118,7.6250773993808,7.54487804878049,28
"31",2006,9,7.31538461538462,39,7.63571428571429,6.5,7.5,7.29411764705882,7.33181818181818,28,11,2,17,22,772,559,213,19,340,432,7.56683937823834,7.81484794275492,6.91596244131456,7.50526315789474,7.60852941176471,7.53402777777778,29
"32",2006,10,7.61698113207547,53,7.58,7.73076923076923,8,7.44736842105263,7.71176470588235,40,13,1,19,34,825,599,226,20,359,466,7.57006060606061,7.7991652754591,6.96283185840708,7.53,7.6,7.54699570815451,30
"33",2006,11,7.23928571428571,56,7.42619047619048,6.67857142857143,7.875,7.04761904761905,7.35428571428571,42,14,4,21,35,881,641,240,24,380,501,7.54903518728717,7.77472698907956,6.94625,7.5875,7.56947368421053,7.53353293413174,31
"34",2006,12,7.43338235294118,68,7.56087719298246,6.77272727272727,7.5,7.59523809523809,7.36106382978723,57,11,2,21,47,949,698,251,26,401,548,7.54074815595364,7.75726361031519,6.93864541832669,7.58076923076923,7.57082294264339,7.51874087591241,32
"35",2007,1,7.57134831460674,89,7.84016393442623,6.98571428571429,7.57142857142857,7.57857142857143,7.56666666666667,61,28,7,35,54,1038,759,279,33,436,602,7.54337186897881,7.76392621870883,6.94336917562724,7.57878787878788,7.57144495412844,7.52303986710964,33
"36",2007,2,7.48348,69,7.73137254901961,6.78111777777778,7.75,7.3,7.58773,51,18,2,25,44,1107,810,297,35,461,646,7.53963877145438,7.76187654320988,6.93353575757576,7.58857142857143,7.55672451193059,7.52744600619195,34
"37",2007,3,7.7622641509434,53,7.95227272727273,6.83333333333333,8,8.11428571428571,7.53125,44,9,1,21,32,1160,854,306,36,482,678,7.54981044827586,7.77168618266979,6.93058862745098,7.6,7.58101659751037,7.52762554572272,35
"38",2007,4,7.55316455696203,79,7.88867924528302,6.86923076923077,7,7.69444444444444,7.43488372093023,53,26,3,36,43,1239,907,332,39,518,721,7.55002430992736,7.77852260198457,6.9257834939759,7.55384615384615,7.58889961389961,7.52209447988904,36
"39",2007,5,7.66666666666667,54,7.8,7.4,7.33333333333333,7.67857142857143,7.6625,36,18,3,14,40,1293,943,350,42,532,761,7.55489568445476,7.77934252386002,6.95017177142857,7.53809523809524,7.59125939849624,7.52947453350854,37
"40",2007,6,7.51830985915493,71,7.90869565217391,6.8,6.66666666666667,7.5,7.5265306122449,46,25,3,22,49,1364,989,375,45,554,810,7.55299129032258,7.78535894843276,6.94016032,7.48,7.58763537906137,7.52929644444445,38
"41",2007,7,7.5671875,64,7.75116279069767,7.19047619047619,7.66666666666667,7.37692307692308,7.69736842105263,43,21,3,26,38,1428,1032,396,48,580,848,7.553627535014,7.78393410852713,6.95343464646465,7.49166666666667,7.57818965517241,7.53682797169811,39
"42",2007,8,7.55522388059701,67,7.675,7.32608695652174,7.6,7.46521739130435,7.60227272727273,44,23,5,23,44,1495,1076,419,53,603,892,7.55369907692308,7.77947955390335,6.97389050119332,7.50188679245283,7.57388059701493,7.54005618834081,40
"43",2007,9,7.28805970149254,67,7.555,6.89259259259259,7.275,7.34615384615385,7.25121951219512,40,27,4,26,41,1562,1116,446,57,629,933,7.54230481434059,7.77143369175627,6.96896887892377,7.4859649122807,7.56446740858506,7.52736347266881,41
"44",2007,10,7.65506172839506,81,7.89241379310345,7.05652173913044,7.3,7.90272727272727,7.56271186440678,58,23,5,22,59,1643,1174,469,62,651,992,7.54786373706634,7.77741056218058,6.97326251599147,7.47096774193548,7.57589861751152,7.52946584677419,42
"45",2007,11,7.57439024390244,82,7.76111111111111,7.21428571428571,7.5,7.55769230769231,7.58214285714286,54,28,2,26,56,1725,1228,497,64,677,1048,7.54912470724638,7.77669381107492,6.98684128772636,7.471875,7.57519940915805,7.53228064885496,43
"46",2007,12,7.42850877192982,114,7.604375,7.01470588235294,7.35714285714286,7.29895833333333,7.52272727272727,80,34,7,48,66,1839,1308,531,71,725,1114,7.54164769983687,7.76615443425077,6.9886254613936,7.46056338028169,7.55691034482759,7.53171464991024,44
"47",2008,1,7.63489583333333,96,7.7301282051282,7.22222222222222,7.6,7.665625,7.61953125,78,18,5,32,64,1935,1386,549,76,757,1178,7.54627396382429,7.76412698412699,6.9962843715847,7.46973684210526,7.56150594451783,7.53648567062818,45
"48",2008,2,7.33913043478261,92,7.56293103448276,6.95735294117647,6.88,7.375,7.32,58,34,10,32,60,2027,1444,583,86,789,1238,7.53687228416379,7.75604570637119,6.99401392795883,7.40116279069767,7.55394169835234,7.52599363489499,46
"49",2008,3,7.50933695652174,92,7.55394339622642,7.44871794871795,8.11666666666667,7.50173529411765,7.51379310344828,53,39,6,34,58,2119,1497,622,92,823,1296,7.53567679093912,7.74889044756179,7.02252430868167,7.44782608695652,7.55178493317132,7.52544762345679,47
"50",2008,4,7.41066666666667,75,7.45652173913043,7.33793103448276,7.52,7.184,7.524,46,29,5,25,50,2194,1543,651,97,848,1346,7.53140342752963,7.74017433570966,7.03657468509985,7.45154639175258,7.54094221698113,7.52539384843982,48
"51",2008,5,7.4265625,64,7.53974358974359,7.25,7,7.53064516129032,7.32878787878788,39,25,5,31,33,2258,1582,676,102,879,1379,7.52843185119575,7.73523324905184,7.04446763313609,7.42941176470588,7.54057906712173,7.52068899202321,49
"52",2008,6,7.72650602409639,83,7.92881355932203,7.22916666666667,8,7.97692307692308,7.61228070175439,59,24,1,26,57,2341,1641,700,103,905,1436,7.53545455788125,7.74219317489336,7.05080017142857,7.43495145631068,7.55311491712707,7.52432459610028,50
"53",2008,7,7.40057471264368,87,7.75648148148148,6.81818181818182,6.28571428571429,7.064,7.53629032258065,54,33,14,25,62,2428,1695,733,117,930,1498,7.53062154859967,7.74264837758112,7.04032758526603,7.2974358974359,7.53996666666667,7.52481983978638,51
"54",2008,8,7.58073170731707,82,7.70032786885246,7.23333333333333,7.13333333333333,7.776,7.49508771929825,61,21,3,25,57,2510,1756,754,120,955,1555,7.53225861354582,7.74117824601367,7.04570307692308,7.29333333333333,7.54614554973822,7.5237299807074,52
"55",2008,9,7.33888888888889,54,7.675,6.66666666666667,6.58571428571429,7.13,7.46176470588235,36,18,7,20,34,2564,1792,772,127,975,1589,7.52818608424337,7.73984877232143,7.03686544041451,7.25433070866142,7.53760923076923,7.52240410320957,53
"56",2008,10,7.275,66,7.48125,6.95769230769231,7,7.35,7.251,40,26,4,16,50,2630,1832,798,131,991,1639,7.52183236501901,7.73420251091703,7.03428586466165,7.24656488549618,7.53458022199798,7.51412453935327,54
"57",2008,11,7.31666666666667,72,7.68604651162791,6.76896551724138,6.125,7.25263157894737,7.33962264150943,43,29,4,19,53,2702,1875,827,135,1010,1692,7.51636532938564,7.73309813333333,7.02498200725514,7.21333333333333,7.52927623762376,7.50865846335698,55
"58",2008,12,7.28918918918919,74,7.48695652173913,6.96428571428571,7,7.41666666666667,7.228,46,28,6,24,50,2776,1921,855,141,1034,1742,7.51030948126801,7.72720406038522,7.02299429239766,7.20425531914894,7.52666247582205,7.50060282433984,56
"59",2009,1,7.34558823529412,102,7.67089552238806,6.72285714285714,6.67692307692308,7.18518518518519,7.40333333333333,67,35,13,27,75,2878,1988,890,154,1061,1817,7.50447154968728,7.72530633802817,7.01119114606742,7.15974025974026,7.51797266729501,7.49658784810127,57
"60",2009,2,7.19537572254335,173,7.50178571428571,6.9061797752809,7.1,7.20333333333333,7.19370629370629,84,89,13,30,143,3051,2072,979,167,1091,1960,7.4869449754179,7.71624469111969,7.0016446578141,7.15508982035928,7.50932080659945,7.47448985714286,58
"61",2009,3,7.37191780821918,146,7.52405063291139,7.19253731343284,7.45,6.97,7.45495867768595,79,67,10,25,121,3197,2151,1046,177,1116,2081,7.48169193619018,7.7091859600186,7.01387200764818,7.17175141242938,7.49723924731183,7.47335421432004,59
"62",2009,4,7.14651162790698,129,7.54821428571429,6.83835616438356,6.6,7.17142857142857,7.13960396039604,56,73,10,28,101,3326,2207,1119,187,1144,2182,7.46869185808779,7.70510149524241,7.0024219124218,7.14117647058824,7.48926486013986,7.45790564619615,60
"63",2009,5,7.26394957983193,119,7.56430769230769,6.90240740740741,6,7.24310344827586,7.27066666666667,65,54,4,29,90,3445,2272,1173,191,1173,2272,7.46161948330914,7.70107350352113,6.99781766410912,7.117277486911,7.48317902813299,7.45048860915493,61
"64",2009,6,7.17992424242424,132,7.62039473684211,6.58214285714286,6.85,7.27878787878788,7.1469696969697,76,56,10,33,99,3577,2348,1229,201,1206,2371,7.4512242437797,7.69846209540034,6.97887723352319,7.10398009950249,7.47758623548922,7.43781531843104,62
"65",2009,7,7.2544776119403,134,7.62597402597403,6.75263157894737,6.34,7.23571428571429,7.25943396226415,77,57,10,28,106,3711,2425,1286,211,1234,2477,7.44411994610617,7.69616041237114,6.96884923794712,7.06777251184834,7.47209805510535,7.43018171982237,63
"66",2009,8,7.37213114754098,122,7.58359375,7.13879310344828,7.215,7.41346153846154,7.3609375,64,58,10,26,96,3833,2489,1344,221,1260,2573,7.44182862509783,7.69326597026919,6.976183125,7.07443438914027,7.4708880952381,7.42759818111154,64
"67",2009,9,7.1647619047619,105,7.49795918367347,6.87321428571429,7.18181818181818,7.49310344827586,7.03947368421053,49,56,11,29,76,3938,2538,1400,232,1289,2649,7.43444111731844,7.68949527186761,6.97206437142857,7.07952586206897,7.47138789759504,7.41646286145715,65
"68",2009,10,7.16848739495798,119,7.47045454545455,6.79245283018868,6.72727272727273,7.25,7.14340659340659,66,53,11,28,91,4057,2604,1453,243,1317,2740,7.42664015775203,7.6839435483871,6.96551281486579,7.06358024691358,7.46668109339408,7.40739420437956,66
"69",2009,11,7.30909090909091,132,7.62089552238806,6.98769230769231,7.20833333333333,7.33333333333333,7.3045045045045,67,65,12,21,111,4189,2671,1518,255,1338,2851,7.42293605156362,7.68236203669038,6.96646252964427,7.07039215686275,7.46458819133034,7.40338832690284,67
"70",2009,12,7.22943037974684,158,7.51369047619048,6.90675675675676,6.59090909090909,7.27321428571429,7.22,84,74,11,28,130,4347,2755,1592,266,1366,2981,7.41590271911663,7.67721923774955,6.96368726130653,7.05056390977444,7.4606654465593,7.39539084870849,68
"71",2010,1,7.2453488372093,172,7.45047619047619,6.92388059701493,6.88333333333333,7.298,7.22377049180328,105,67,18,50,122,4519,2860,1659,284,1416,3103,7.40941117946448,7.66889475524476,6.96207963833635,7.0399647887324,7.45492161016949,7.38864328714148,69
"72",2010,2,7.35,125,7.60615384615385,7.0725,6.95882352941176,7.08387096774194,7.43776595744681,65,60,17,31,94,4644,2925,1719,301,1447,3197,7.40781204134367,7.66750051282051,6.9659337521815,7.03538205980067,7.44697235659986,7.39008761964342,70
"73",2010,3,7.37227722772277,101,7.61272727272727,7.08478260869565,6.5,7.26190476190476,7.40125,55,46,5,21,80,4745,2980,1765,306,1468,3277,7.40705566280295,7.66648959731544,6.96903122946176,7.02663398692811,7.44432493188011,7.39036012206286,71
"74",2010,4,7.17717283950617,81,7.41585365853659,6.932525,7.42857142857143,7.29666666666667,7.15001515151515,41,40,7,15,66,4826,3021,1805,313,1483,3343,7.40319728968089,7.66308805031447,6.96822222714681,7.03562300319489,7.44283142279164,7.38561505234819,72
"75",2010,5,7.13044444444444,81,7.55909090909091,6.6207027027027,6.7,7.46054545454545,7.07857142857143,44,37,5,11,70,4907,3065,1842,318,1494,3413,7.39869495007133,7.66159510603589,6.96124165038002,7.03034591194969,7.44296184738956,7.3793176443012,73
"76",2010,6,7.44435483870968,62,7.67575757575758,7.18103448275862,7.1,7.38235294117647,7.46777777777778,33,29,5,17,45,4969,3098,1871,323,1511,3458,7.39926466492252,7.6617459651388,6.96464838054516,7.03142414860681,7.44227994705493,7.38046880277617,74
"77",2010,7,7.21438356164384,73,7.29736842105263,7.12428571428571,7.5,7.44,7.12924528301887,38,35,10,20,53,5042,3136,1906,333,1531,3511,7.39658788575962,7.65733067602041,6.96757981112277,7.0454954954955,7.44225016329197,7.37667647963543,75
"78",2010,8,7.17556818181818,88,7.24019607843137,7.08648648648649,7.02727272727273,7.18409090909091,7.17272727272727,51,37,11,22,66,5130,3187,1943,344,1553,3577,7.39279651461988,7.65065547536869,6.96984411734431,7.04491279069768,7.43859304571797,7.37291336874476,76
"79",2010,9,7.046625,80,7.33825,6.755,7,7.08947368421053,7.03327868852459,40,40,2,19,61,5210,3227,1983,346,1572,3638,7.38748102111324,7.6467830802603,6.96551039838628,7.04465317919075,7.43437340966921,7.36721855964816,77
"80",2010,10,7.07019230769231,104,7.43888888888889,6.672,6.7,6.86923076923077,7.13717948717949,54,50,15,26,78,5314,3281,2033,361,1598,3716,7.38127138125706,7.64336147516001,6.9582917461879,7.0303324099723,7.42517834793492,7.36238996770721,78
"81",2010,11,6.96642276422764,123,7.28365079365079,6.63333333333333,6.13636363636364,6.19230769230769,7.1739175257732,63,60,11,26,97,5437,3344,2093,372,1624,3813,7.37188635644657,7.6365846291866,6.94897616817965,7.00389784946237,7.40544027093596,7.35759536323105,79
"82",2010,12,7.1463503649635,137,7.41646341463415,6.74363636363636,6.89230769230769,7.60185185185185,7.03454545454545,82,55,13,27,110,5574,3426,2148,385,1651,3923,7.36634304269824,7.63131611208406,6.94371839851024,7.00012987012987,7.40865233192005,7.34853711955136,80
"83",2011,1,7.15889655172414,145,7.50505617977528,6.60875,6.8125,7.13392857142857,7.16487179487179,89,56,12,28,117,5719,3515,2204,397,1679,4040,7.36108342717258,7.62811920341394,6.93520740471869,6.99445843828715,7.40407087552114,7.3432180990099,81
"84",2011,2,7.04009009009009,111,7.34259259259259,6.75350877192982,6.71428571428571,7.26470588235294,6.99946808510638,54,57,7,17,94,5830,3569,2261,404,1696,4134,7.35497189022299,7.62379910339031,6.93062676691729,6.98960396039604,7.40267393867925,7.33540181906144,82
"85",2011,3,7.32854166666667,96,7.65885245901639,6.75285714285714,6.09090909090909,7.17115384615385,7.387,61,35,11,26,70,5926,3630,2296,415,1722,4204,7.35454372595343,7.62438815426997,6.9279168641115,6.96578313253012,7.39917828106853,7.33626097050428,83
"86",2011,4,6.97294117647059,85,7.735,6.29555555555556,6.33333333333333,7.216,6.87166666666667,40,45,9,25,60,6011,3670,2341,424,1747,4264,7.34914758276493,7.62559373297003,6.91576126441692,6.95235849056604,7.39655695477962,7.3297235272045,84
"87",2011,5,7.15862068965517,87,7.452,6.76216216216216,5.96,7.13333333333333,7.16388888888889,50,37,5,15,72,6098,3720,2378,429,1762,4336,7.34642934076747,7.62326048387097,6.91337137089992,6.94079254079254,7.39431611804767,7.32696981549815,85
"88",2011,6,6.96857142857143,70,7.371875,6.62894736842105,6.75,7.10909090909091,6.94237288135593,32,38,8,11,59,6168,3752,2416,437,1773,4395,7.34214107003891,7.62111647121535,6.90889781456954,6.93729977116705,7.39254653130288,7.32180685324232,86
"89",2011,7,7.14230769230769,78,7.38333333333333,6.86111111111111,6.33333333333333,6.42352941176471,7.34262295081967,42,36,6,17,61,6246,3794,2452,443,1790,4456,7.33964555235351,7.61848418555614,6.90819621533442,6.92911963882619,7.383343575419,7.32209181328546,87
"90",2011,8,7.270625,80,7.58111111111111,6.87142857142857,7.16666666666667,7.35294117647059,7.2484126984127,45,35,9,17,63,6326,3839,2487,452,1807,4519,7.33877270312994,7.61804610575671,6.90767877764375,6.93384955752213,7.38305755395684,7.32106464262005,88
"91",2011,9,7.03859649122807,57,7.45161290322581,6.54615384615385,6.44444444444444,7.07142857142857,7.02790697674419,31,26,9,14,43,6383,3870,2513,461,1821,4562,7.33609213849287,7.61671291989664,6.90393836848388,6.92429501084599,7.38066172432729,7.31830142919772,89
"92",2011,10,7.02978723404255,94,7.51836734693878,6.49777777777778,6.0625,6.735,7.10945945945946,49,45,8,20,74,6477,3919,2558,469,1841,4636,7.3316467685657,7.61548328655269,6.89679324472244,6.90959488272921,7.37364747419881,7.31496788610871,90
"93",2011,11,7.27747252747253,91,7.67,6.79878048780488,6.88888888888889,7.1952380952381,7.30214285714286,50,41,9,21,70,6568,3969,2599,478,1862,4706,7.33089618148599,7.61617006802721,6.89524706425548,6.9092050209205,7.37163533834587,7.31477711857203,91
"94",2011,12,6.88947368421053,76,7.22142857142857,6.47941176470588,6.42857142857143,6.9275,6.87589285714286,42,34,7,20,56,6644,4011,2633,485,1882,4762,7.32584679711018,7.61203664921466,6.88987737181922,6.90226804123712,7.36691551540914,7.30961594288114,92
"95",2012,1,7.155,100,7.53275862068966,6.63333333333333,6.82142857142857,7.04642857142857,7.19722222222222,58,42,14,28,72,6744,4069,2675,499,1910,4834,7.32331348161329,7.61090661096093,6.88584939065421,6.9,7.36221727748691,7.30794189491104,93
"96",2012,2,7.26467391304348,92,7.48363636363636,6.93918918918919,7.42857142857143,7.06730769230769,7.34242424242424,55,37,7,26,66,6836,4124,2712,506,1936,4900,7.32252430076068,7.6092092628516,6.88657710914454,6.90731225296443,7.35825671487603,7.30840635102041,94
"97",2012,3,7.06953125,64,7.4525641025641,6.472,7,7.59615384615385,6.93529411764706,39,25,2,13,51,6900,4163,2737,508,1949,4951,7.32017769855073,7.60774177276003,6.88279032517355,6.90767716535433,7.35984350949205,7.30456294082003,95
"98",2012,4,7.06973684210526,76,7.36521739130435,6.61666666666667,5.5,7.28571428571429,7.04782608695652,46,30,2,7,69,6976,4209,2767,510,1956,5020,7.31744927178899,7.60509123307199,6.87990499457897,6.9021568627451,7.3595782208589,7.3010340876494,96
"99",2012,5,7.04473684210526,76,7.38723404255319,6.48965517241379,6,7.01333333333333,7.05245901639344,47,29,3,15,61,7052,4256,2796,513,1971,5081,7.31451022688599,7.60268538533835,6.87585733905579,6.89688109161794,7.35694317605277,7.29804981696516,97
"100",2012,6,7.08846153846154,78,7.41395348837209,6.68857142857143,6.62222222222222,7.33333333333333,7.05652173913044,43,35,9,9,69,7130,4299,2831,522,1980,5150,7.31203732398317,7.6007976273552,6.87354190038856,6.89214559386973,7.35683585858586,7.29481380970874,98
"101",2012,7,7.10393939393939,66,7.48157894736842,6.59142857142857,6,6.55,7.34478260869565,38,28,7,20,46,7196,4337,2859,529,2000,5196,7.31012869927738,7.59975305510722,6.87077898565932,6.88034026465029,7.3487675,7.29525618167821,99
"102",2012,8,6.98565217391304,69,7.12765957446809,6.68227272727273,7.102,6.6675,7.05263157894737,47,22,5,12,57,7265,4384,2881,534,2012,5253,7.30704695388851,7.59469183394161,6.86933950711559,6.88241573033708,7.34470427435388,7.29262347610889,100
"103",2012,9,7.1811320754717,53,7.67037037037037,6.67307692307692,6,7.31,7.15116279069767,27,26,6,10,43,7318,4411,2907,540,2022,5296,7.30613502596338,7.59515506687826,6.86758414860681,6.87261111111111,7.34453264094956,7.29147490936556,101
"104",2012,10,7.29848484848485,66,7.54186046511628,6.84347826086957,7.2,6.96153846153846,7.3811320754717,43,23,5,13,53,7384,4454,2930,545,2035,5349,7.3060666468039,7.59464054782218,6.86739492150171,6.87561467889908,7.342085995086,7.29236326790054,102
"105",2012,11,6.77337662337662,77,7.11477272727273,6.31818181818182,5.83333333333333,6.16666666666667,6.88538461538462,44,33,9,12,65,7461,4498,2963,554,2047,5414,7.30056910869857,7.58994642063139,6.86127813702329,6.85868231046932,7.33519540791402,7.28747711858145,103
"106",2012,12,7.03617021276596,94,7.22321428571429,6.76052631578947,6.48888888888889,7.28421052631579,6.97333333333333,56,38,9,19,75,7555,4554,3001,563,2066,5489,7.29727943348776,7.58543675889328,6.86000237254249,6.85277087033748,7.33472652468538,7.28318475496447,104
"107",2013,1,6.98292929292929,99,7.38777777777778,6.64555555555556,6.17857142857143,6.99095238095238,6.98076923076923,45,54,14,21,78,7654,4599,3055,577,2087,5567,7.29321349882415,7.58350271798217,6.85621182324059,6.83641247833622,7.33126736942981,7.27894756960661,105
"108",2013,2,6.95753424657534,73,7.35897435897436,6.49705882352941,6.5,6.93333333333333,6.96379310344828,39,34,7,15,58,7727,4638,3089,584,2102,5625,7.2900422052543,7.58161470461406,6.85225869860797,6.8323801369863,7.32842768791627,7.27569797688889,106
"109",2013,3,7.20414285714286,70,7.4,6.99676470588235,6.31666666666667,7.18571428571429,7.20875,36,34,12,14,56,7797,4674,3123,596,2116,5681,7.28927101705784,7.58021587505349,6.85383193083574,6.8219966442953,7.32748345935728,7.27503804259813,107
"110",2013,4,6.9,67,7.21025641025641,6.46785714285714,6.42857142857143,7.26,6.83684210526316,39,28,7,10,57,7864,4713,3151,603,2126,5738,7.285954491353,7.57715446636962,6.8504021326563,6.81742951907131,7.32716603951082,7.27068510282328,108
"111",2013,5,7.47016393442623,61,7.59942857142857,7.29615384615385,7,7.49833333333333,7.46326530612245,35,26,3,12,49,7925,4748,3177,606,2138,5787,7.28737238107256,7.57731866048863,6.85405008498584,6.81833333333334,7.32812675397568,7.27231572835666,109
"112",2013,6,7.15540540540541,74,7.29487179487179,7,5.71428571428571,7.19473684210526,7.14181818181818,39,35,7,19,55,7999,4787,3212,613,2157,5842,7.28615153394175,7.57501754752455,6.85564044831881,6.80572593800979,7.32695178488642,7.2710871482369,110
"113",2013,7,6.93723076923077,65,7.265,6.47592592592593,5.89285714285714,7.03230769230769,6.91346153846154,38,27,7,13,52,8064,4825,3239,620,2170,5894,7.28333905257937,7.57257595854923,6.85247518369867,6.79541935483871,7.3251866359447,7.26793198506956,111
"114",2013,8,7.02835820895522,67,7.35731707317073,6.50961538461539,6.77777777777778,6.96470588235294,7.05,41,26,9,17,50,8131,4866,3265,629,2187,5944,7.28123799286681,7.57076222770243,6.84974490658499,6.79516693163752,7.32238454503887,7.26609877523553,112
"115",2013,9,6.89298245614035,57,7.21785714285714,6.57931034482759,6.375,6.25,6.96862745098039,28,29,4,6,51,8188,4894,3294,633,2193,5995,7.27853518808012,7.56874315488353,6.84736403157256,6.79251184834123,7.31945052439581,7.26356816013344,113
"116",2013,10,6.74924242424242,66,7.12179487179487,6.21111111111111,5.05,7.09333333333333,6.64803921568627,39,27,4,15,51,8254,4933,3321,637,2208,6046,7.27430289798886,7.56520960875735,6.84219124360133,6.78156985871272,7.31791440217391,7.25837597088984,114
"117",2013,11,6.94680412371134,97,7.10765625,6.63484848484848,6.35714285714286,7.40294117647059,6.849875,64,33,7,17,80,8351,4997,3354,644,2225,6126,7.27049887678123,7.55934940964579,6.84015119856887,6.77695652173913,7.31856404494382,7.25304131896833,115
"118",2013,12,7.21588235294118,85,7.49285714285714,6.83888888888889,6.94444444444444,7.44,7.16785714285714,49,36,9,15,70,8436,5046,3390,653,2240,6196,7.26994856804173,7.55870372572335,6.84013779351033,6.77926493108729,7.31937723214286,7.25207894125242,116
"119",2014,1,6.994,125,7.24935897435897,6.57021276595745,6.33333333333333,7.22666666666667,6.96227272727273,78,47,12,15,110,8561,5124,3437,665,2255,6306,7.26591941595608,7.55399473067916,6.83644664533023,6.77121804511278,7.31876053215078,7.24702364732001,117
"120",2014,2,7.07987179487179,78,7.56458333333333,6.30433333333333,6.11111111111111,7.31578947368421,7.00389830508475,48,30,9,19,59,8639,5172,3467,674,2274,6365,7.26423962495659,7.5540930007734,6.83184226132103,6.76240356083086,7.31873570800352,7.24477001099764,118
"121",2014,3,7.01597222222222,72,7.33627450980392,6.23809523809524,5.25,6.77777777777778,7.05,51,21,4,9,63,8711,5223,3488,678,2283,6428,7.26218759269889,7.55196611143021,6.82826752293578,6.7534808259587,7.31660315374507,7.24286109520846,119
"122",2014,4,7.00833333333333,72,7.38809523809524,6.47666666666667,5.92857142857143,7.5,6.87894736842105,42,30,7,15,57,8783,5265,3518,685,2298,6485,7.26010658317204,7.55065887939222,6.82526922114838,6.74505109489051,7.31780026109661,7.23966247031611,120
"123",2014,5,6.86923076923077,52,7.04,6.63636363636364,7,7.01818181818182,6.82926829268293,30,22,4,11,41,8835,5295,3540,689,2309,6526,7.25780601245048,7.5477656279509,6.82409523163842,6.74653120464441,7.31637288869641,7.23708414342629,121
"124",2014,6,7.10089285714286,56,7.10606060606061,7.09347826086957,7.11111111111111,7.45454545454545,7.01444444444444,33,23,9,11,45,8891,5328,3563,698,2320,6571,7.25681769429761,7.54502984234234,6.82583416222285,6.75123209169055,7.31702801724138,7.23555944605083,122
"125",2014,7,6.9609375,64,7.06060606060606,6.85483870967742,7,7.55555555555556,6.86363636363636,33,31,7,9,55,8955,5361,3594,705,2329,6626,7.25470308431044,7.54204793881739,6.82608434056761,6.75370212765958,7.31794976384715,7.23247224871717,123
"126",2014,8,7.00105263157895,76,7.2102380952381,6.74264705882353,6.38888888888889,6.792,7.05245901639344,42,34,9,15,61,9031,5403,3628,714,2344,6687,7.25256849961245,7.5394686285397,6.82530240352812,6.74910364145658,7.3145840443686,7.23083013608494,124
"127",2014,9,6.85054945054945,91,7.0975,6.65686274509804,6.54166666666667,7.09285714285714,6.80649350649351,40,51,12,14,77,9122,5443,3679,726,2358,6764,7.2485580048235,7.53622065037663,6.82296741505844,6.74567493112948,7.31326759966073,7.22599957421644,125
"128",2014,10,6.9541095890411,73,7.19,6.73684210526316,6.5,6.26666666666667,7.08934426229508,35,38,10,12,61,9195,5478,3717,736,2370,6825,7.24622035019032,7.53400857977364,6.82208693032015,6.74233695652174,7.30796835443038,7.22477818608058,126
"129",2014,11,6.89292682926829,82,7.35,6.36368421052632,5.71428571428571,6.73818181818182,6.9169014084507,44,38,7,11,71,9277,5522,3755,743,2381,6896,7.2430975660235,7.53254237595075,6.81744796804261,6.73265141318977,7.30533599328014,7.22160834106728,127
"130",2014,12,6.93938775510204,98,7.16186440677966,6.60282051282051,6.7125,7.13333333333333,6.90433734939759,59,39,16,15,83,9375,5581,3794,759,2396,6979,7.23992278613333,7.52862372334707,6.81524172904586,6.73222661396575,7.30425918196995,7.21783509385298,128
"131",2015,1,7.16666666666667,114,7.5390625,6.69,6.61666666666667,7.325,7.13297872340426,64,50,12,20,94,9489,5645,3844,771,2416,7073,7.23904269364527,7.52874207263065,6.81361267429761,6.7304280155642,7.30443087748345,7.21670735472925,129
"132",2015,2,6.92615384615385,65,7.11395348837209,6.55909090909091,5.9,6.995,6.89555555555556,43,22,3,20,45,9554,5688,3866,774,2436,7118,7.2369139752983,7.52560636427567,6.81216428349715,6.72720930232558,7.30189039408867,7.2146770328744,130
"133",2015,3,6.96677419354839,62,7.3825,6.52333333333333,6.625,7.35571428571429,6.91727272727273,32,30,8,7,55,9616,5720,3896,782,2443,7173,7.23517222545757,7.52480576923077,6.80994022587269,6.72616368286445,7.30204461727385,7.21239664296668,131
"134",2015,4,6.93088235294118,68,7.153125,6.73333333333333,6.75,6.89166666666667,6.93928571428571,32,36,4,12,56,9684,5752,3932,786,2455,7229,7.23303553490293,7.52273800417247,6.80923884028484,6.72628498727735,7.30003869653768,7.21028096832203,132
"135",2015,5,6.81575757575758,66,7.07542857142857,6.52258064516129,6.4375,7.25,6.73821428571429,35,31,8,10,56,9750,5787,3963,794,2465,7285,7.23021088410256,7.52003265940902,6.80699649760283,6.72337531486146,7.29983569979716,7.20665217844886,133
"136",2015,6,6.92225806451613,62,7.24666666666667,6.47307692307692,6.15,6.812,6.94346153846154,36,26,10,10,52,9812,5823,3989,804,2475,7337,7.22826499388504,7.51834260690366,6.80482003509652,6.71624378109453,7.29786464646465,7.20478685021125,134
"137",2015,7,6.98771929824561,57,7.15151515151515,6.7625,7,7.125,6.96530612244898,33,24,6,8,49,9869,5856,4013,810,2483,7386,7.22687568345324,7.51627544398907,6.80456693745328,6.71834567901235,7.2973076923077,7.20319809369076,135
"138",2015,8,7.06041666666667,72,7.30581395348837,6.69655172413793,6.72222222222222,7.21875,7.01517857142857,43,29,9,16,56,9941,5899,4042,819,2499,7442,7.22567006538578,7.5147413120868,6.80379196437407,6.71838827838828,7.29680472188876,7.20178327331362,136
"139",2015,9,6.79240506329114,79,7.18055555555556,6.46744186046512,6.36666666666667,6.42307692307692,6.86515151515152,36,43,6,13,66,10020,5935,4085,825,2512,7508,7.22225410379242,7.51271423757372,6.8002514369645,6.7158303030303,7.29228304140128,7.19882407032498,137
"140",2015,10,6.70172413793103,58,7.125,6.18076923076923,5.33333333333333,5.875,6.834,32,26,6,8,50,10078,5967,4111,831,2520,7558,7.21925839650724,7.51063499245852,6.79633352468986,6.70584837545126,7.28778373015873,7.19641057422598,138
"141",2015,11,6.66166666666667,90,6.92045454545455,6.41413043478261,6.23076923076923,6.80769230769231,6.63701298701299,44,46,13,13,77,10168,6011,4157,844,2533,7635,7.21432298583792,7.50631492264183,6.79210419052201,6.6985308056872,7.28531977891828,7.19076897445972,139
"142",2015,12,7.01413043478261,92,7.23913043478261,6.78913043478261,6.8,6.78571428571429,7.0551282051282,46,46,12,14,78,10260,6057,4203,856,2547,7713,7.21252788693957,7.5042857850421,6.79207164406376,6.69995327102804,7.28257361601885,7.1893972669519,140
"143",2016,1,7.03305084745763,118,7.34328358208955,6.62549019607843,6.56428571428571,6.90909090909091,7.06145833333333,67,51,14,22,96,10378,6124,4254,870,2569,7809,7.21048719599152,7.50252433050294,6.79007454630936,6.69777011494253,7.27937524328533,7.18782444871302,141
"144",2016,2,7.02349397590361,83,7.103,6.9030303030303,6.40909090909091,6.68181818181818,7.07569444444444,50,33,11,11,72,10461,6174,4287,881,2580,7881,7.20900354841793,7.49928879170716,6.79094404478656,6.69416572077185,7.27682751937985,7.18680004060398,142
"145",2016,3,7.0005376344086,93,7.44491525423729,6.22941176470588,6.14285714285714,7.33823529411765,6.925,59,34,14,17,76,10554,6233,4321,895,2597,7957,7.20716658328596,7.49877410556715,6.78652560055543,6.68554189944134,7.27722949557182,7.18429949981148,143
"146",2016,4,6.84734042553191,94,7.28775510204082,6.36777777777778,6.37,6.98823529411765,6.81623376623377,49,45,15,17,77,10648,6282,4366,910,2614,8034,7.20399005634861,7.49712814390322,6.78220960146587,6.68034065934066,7.27535003825555,7.18077185959671,144
"147",2016,5,6.83661971830986,71,7.38285714285714,6.30555555555556,5.77777777777778,6.76666666666667,6.85535714285714,35,36,9,15,56,10719,6317,4402,919,2629,8090,7.20155668625805,7.49649501345576,6.77831147660155,6.67150163220892,7.27244769874477,7.17851929789864,145
"148",2016,6,6.72835820895522,67,7.05394736842105,6.30172413793103,6.15625,6.55769230769231,6.76944444444444,38,29,8,13,54,10786,6355,4431,927,2642,8144,7.19861729278695,7.49384878048781,6.77519230873392,6.66705501618123,7.26893073429221,7.17580686640471,146
"149",2016,7,7.09107142857143,84,7.51063829787234,6.55810810810811,6.64285714285714,7.6,6.9804347826087,47,37,7,15,69,10870,6402,4468,934,2657,8213,7.19778621159154,7.49397203998751,6.77339461056401,6.66687366167024,7.27079977418141,7.1741654839888,147
"150",2016,8,6.98939393939394,66,7.24571428571429,6.7,6.7,6.91666666666667,7.00555555555556,35,31,9,12,54,10936,6437,4499,943,2669,8267,7.19652854059985,7.49262218424732,6.77288889086464,6.66718981972429,7.26920756837767,7.17306412483367,148
"151",2016,9,7.00540540540541,74,7.22708333333333,6.59615384615385,6.6,6.98461538461538,7.00983606557377,48,26,5,13,61,11010,6485,4525,948,2682,8328,7.19524397093551,7.49065674633771,6.77187339668508,6.66683544303798,7.26782811334825,7.17186853025936,149
"152",2016,10,6.8065,88,7.13691666666667,6.41,6.625,6.375,6.84965,48,40,8,8,80,11098,6533,4565,956,2690,8408,7.19216148134799,7.48805770702587,6.76870254545455,6.66648535564854,7.26517286245353,7.16880270218839,150
"153",2016,11,7.02824074074074,108,7.36339285714286,6.66730769230769,6.18333333333333,7.53846153846154,6.95842105263158,56,52,12,13,95,11206,6589,4617,968,2703,8503,7.19058166339461,7.48699817878282,6.76756056313624,6.6604958677686,7.266487236404,7.16645220745619,151
"154",2016,12,7.12184466019418,103,7.45952380952381,6.59,6.48333333333333,7.305,7.07771084337349,63,40,12,20,83,11309,6652,4657,980,2723,8586,7.18995562118666,7.48673797354179,6.76603545630234,6.65832653061225,7.26677010650018,7.16559435359888,152
"155",2017,1,6.8664,125,7.15205479452055,6.46538461538462,6.42727272727273,7.15789473684211,6.81415094339623,73,52,11,19,106,11434,6725,4709,991,2742,8692,7.18641841175442,7.48310498141264,6.7627154640051,6.65576185671039,7.26601568198395,7.16130845835251,153
"156",2017,2,7.01458333333333,96,7.27241379310345,6.62105263157895,6.38888888888889,6.86363636363636,7.03411764705882,58,38,9,11,85,11530,6783,4747,1000,2753,8777,7.18498769470945,7.48130340557276,6.76158144512324,6.65336,7.26440791863422,7.1600766913524,154
"157",2017,3,6.92505494505494,91,7.09796610169492,6.60625,6.58333333333333,6.625,6.95397590361446,59,32,6,8,83,11621,6842,4779,1006,2761,8860,7.18295225195766,7.47799780765858,6.76054135174723,6.65294234592445,7.26255523361101,7.1581459503386,155
"158",2017,4,7.08648648648649,74,7.30833333333333,6.67692307692308,6.16666666666667,7.56153846153846,6.98524590163934,48,26,6,13,61,11695,6890,4805,1012,2774,8921,7.18234186575459,7.47681582002903,6.76008889073881,6.65005928853755,7.26395638067772,7.15696369465306,156
"159",2017,5,6.88125,80,7.21489361702128,6.40606060606061,6.52857142857143,6.90909090909091,6.8768115942029,47,33,14,11,69,11775,6937,4838,1026,2785,8990,7.18029623099787,7.47504122819663,6.75767406366267,6.64840155945419,7.26255475763016,7.1548134727475,157
"160",2017,6,6.98387096774194,62,7.60714285714286,6.47058823529412,6,7.18181818181818,6.94117647058824,28,34,3,11,51,11837,6965,4872,1029,2796,9041,7.17926739207569,7.47557229002154,6.75567059113301,6.64651117589893,7.26223712446352,7.15360835305829,158
"161",2017,7,6.89473684210526,76,7.37045454545455,6.240625,6.35714285714286,6.42857142857143,6.94202898550725,44,32,7,7,69,11913,7009,4904,1036,2803,9110,7.17745220515403,7.47491239834499,6.75230977161501,6.64455598455598,7.26015519086693,7.15200583095499,159
"162",2017,8,6.9025,80,7.3093023255814,6.42972972972973,6.16666666666667,6.83333333333333,6.9112676056338,43,37,6,9,71,11993,7052,4941,1042,2812,9181,7.17561812057033,7.47390258082814,6.74989417526816,6.64180422264875,7.25878911806543,7.15014411502015,160
"163",2017,9,7.05,66,7.24594594594595,6.8,7.25,7.125,7.03965517241379,37,29,6,8,58,12059,7089,4970,1048,2820,9239,7.17493060121071,7.47271279447031,6.75018654325956,6.64528625954198,7.25840957446809,7.14945049464228,161
"164",2017,10,6.79574712643678,87,7.23108695652174,6.30731707317073,5.83,6.79473684210526,6.79602941176471,46,41,10,19,68,12146,7135,5011,1058,2839,9307,7.1722145661123,7.47115501051157,6.74656298543205,6.63758034026465,7.25530644593167,7.14686828408724,162
"165",2017,11,6.98294871794872,78,7.21276595744681,6.63451612903226,6.625,7.38333333333333,6.94958333333333,47,31,4,6,72,12224,7182,5042,1062,2845,9379,7.1710068815445,7.46946407685882,6.74587408171361,6.6375329566855,7.25557644991213,7.14535378185307,163
"166",2017,12,6.96193181818182,88,7.27755102040816,6.56538461538462,6.25,7.31666666666667,6.90592105263158,49,39,6,12,76,12312,7231,5081,1068,2857,9455,7.16951251786874,7.46816360116167,6.74448870694745,6.63535580524345,7.25583304165208,7.14342920359598,164
"167",2018,1,6.71717924528302,106,6.88405797101449,6.40597297297297,6.27566666666667,6.62666666666667,6.7320989010989,69,37,9,15,91,12418,7300,5118,1077,2872,9546,7.16565140280238,7.46264260273973,6.7420414458773,6.63235004642526,7.25254700557103,7.13950807877645,165
"168",2018,2,6.95555555555556,81,7.35227272727273,6.48378378378378,6.56666666666667,7.45,6.8695652173913,44,37,12,12,69,12499,7344,5155,1089,2884,9615,7.16428987278982,7.46198134531591,6.74018780213385,6.63162626262626,7.2533685852982,7.13757089131565,166
"169",2018,3,6.94666666666667,60,7.15,6.64166666666667,6.5,5.9375,7.10192307692308,36,24,7,8,52,12559,7380,5179,1096,2892,9667,7.16325018870929,7.46045948509485,6.73973124541417,6.63078558394161,7.2497285615491,7.13737913727113,167
"170",2018,4,6.73033333333333,60,7.03588235294118,6.33076923076923,6.3875,6.725,6.73115384615385,34,26,8,8,52,12619,7414,5205,1104,2900,9719,7.16119178381805,7.45851240895603,6.73768839961575,6.62902264492754,7.24828103448276,7.13520569194362,168
"171",2018,5,6.63492063492064,63,7.58064516129032,5.71875,6.13636363636364,6.68181818181818,6.625,31,32,11,11,52,12682,7445,5237,1115,2911,9771,7.15857744204384,7.45902095366018,6.7314623104831,6.62416233183857,7.24614050154586,7.13249044314809,169
"172",2018,6,7.04594594594595,74,7.14081632653061,6.86,6.86363636363636,6.89285714285714,7.08166666666667,49,25,11,14,60,12756,7494,5262,1126,2925,9831,7.15792404515522,7.45694035228183,6.73207299885975,6.62650177619893,7.24444957264957,7.13218025836639,170
"173",2018,7,6.91866666666667,60,7.19783783783784,6.4695652173913,6.23,6.41333333333333,7.08711111111111,37,23,10,15,45,12816,7531,5285,1136,2940,9876,7.15680392634207,7.45566737485062,6.73093058088931,6.62301144366197,7.24020918367347,7.13197490076954,171
"174",2018,8,6.96171428571429,70,7.15578947368421,6.73125,6.62222222222222,6.7,7.01050847457627,38,32,9,11,59,12886,7569,5317,1145,2951,9935,7.15574415024057,7.45416184436518,6.73093250329133,6.62300524017467,7.23819552694002,7.13125356014091,172
"175",2018,9,6.99343333333333,60,7.21724137931034,6.78406451612903,7,6.76,7.01465454545455,29,31,3,5,55,12946,7598,5348,1148,2956,9990,7.15499189865595,7.453257567781,6.73124048616305,6.62399041811847,7.23738667117727,7.13061162362362,173
"176",2018,10,6.78356164383562,73,7.03888888888889,6.53513513513514,6.65,7.83333333333333,6.73857142857143,36,37,10,3,70,13019,7634,5385,1158,2959,10060,7.15290921883401,7.45130351061043,6.72989305849582,6.62421502590674,7.23799087529571,7.12788370974155,174
"177",2018,11,6.84404761904762,84,6.97830188679245,6.61451612903226,6.28571428571429,6.71176470588235,6.87761194029851,53,31,7,17,67,13103,7687,5416,1165,2976,10127,7.15092918568266,7.44804227917263,6.7292326661743,6.62218111587983,7.23498487903226,7.1262279174484,175
"178",2018,12,6.69745205479452,73,6.97340909090909,6.27875862068966,5.5,6.74777777777778,6.690375,44,29,5,9,64,13176,7731,5445,1170,2985,10191,7.1484167516697,7.44534096494632,6.72683344719927,6.61738547008547,7.23351591289782,7.12349073888725,176
"179",2019,1,6.97679487179487,78,7.22270833333333,6.58333333333333,5.82142857142857,6.58636363636364,7.04089552238806,48,30,7,11,67,13254,7779,5475,1177,2996,10258,7.14740675418741,7.44396721943695,6.72604714520548,6.61265165675446,7.23113985313752,7.12295126925326,177
"180",2019,2,6.92,68,7.0975,6.7203125,6.25,6.85714285714286,6.9272131147541,36,32,6,7,61,13322,7815,5507,1183,3003,10319,7.14624599309413,7.44237120921306,6.72601382240785,6.61081234150465,7.23026806526807,7.1217941777304,178
"181",2019,3,6.97021978021978,91,7.07039215686275,6.8425,6.06666666666667,6.60357142857143,7.03688311688312,51,40,9,14,77,13413,7866,5547,1192,3017,10396,7.14505174979497,7.43995944571574,6.72685381647738,6.6067038590604,7.22735996022539,7.12116526741054,179
"182",2019,4,6.66692307692308,65,7.01470588235294,6.28548387096774,6.15625,6.97727272727273,6.6037037037037,34,31,8,11,54,13478,7900,5578,1200,3028,10450,7.14274589108176,7.43812924050633,6.72440088203657,6.60370083333334,7.22645145310436,7.11849130334928,180
"183",2019,5,7.01508771929825,57,7.08740740740741,6.95,6.85,7.64285714285714,6.9272,27,30,10,7,50,13535,7927,5608,1210,3035,10500,7.1422082837089,7.43693465371515,6.72560772467903,6.60573636363637,7.2274118616145,7.11758039238095,181
"184",2019,6,6.86438356164384,73,7.325,6.16551724137931,6.2625,6.94285714285714,6.84576271186441,44,29,8,14,59,13608,7971,5637,1218,3049,10559,7.14071789535567,7.43631677330323,6.72272629412808,6.60348193760263,7.22610528041981,7.11606157022445,182
"185",2019,7,7.08411764705882,68,7.37857142857143,6.60846153846154,6.1,7.24,7.05724137931035,42,26,5,10,58,13676,8013,5663,1223,3059,10617,7.14043646680316,7.43601410208412,6.72220168108776,6.60142354865086,7.22615070284407,7.11574023923895,183
"186",2019,8,6.89469879518072,83,7.45238095238095,6.32341463414634,6.32,5.88888888888889,7.01702702702703,42,41,10,9,74,13759,8055,5704,1233,3068,10691,7.13895407515081,7.43609944134079,6.71933522440393,6.59914111922141,7.2222278357236,7.11505697502572,184
"187",2019,9,7.10886075949367,79,7.27959183673469,6.83,6.33333333333333,7.28181818181818,7.08088235294118,49,30,6,11,68,13838,8104,5734,1239,3079,10759,7.13878227489521,7.43515313425469,6.71991421695152,6.59785391444714,7.22244072750893,7.11484098150386,185
"188",2019,10,7.06490909090909,55,7.43605263157895,6.23529411764706,6,7.28125,7.02808510638298,38,17,3,8,47,13893,8142,5751,1242,3087,10806,7.1384898236522,7.43515733235078,6.71848167623022,6.59640982286635,7.22259313249109,7.11446364242088,186
"189",2019,11,6.92945977011494,87,6.97477358490566,6.85882352941176,6.325,7.71363636363636,6.66404615384615,53,34,4,22,65,13980,8195,5785,1246,3109,10871,7.13718899284692,7.43217986577182,6.71930650302507,6.59553852327448,7.22606786748151,7.11177050133382,187
"190",2019,12,7.25975,80,7.50608695652174,6.92647058823529,6.87777777777778,7.29230769230769,7.2534328358209,46,34,9,13,67,14060,8241,5819,1255,3122,10938,7.13788635277382,7.43259240383449,6.7205169479292,6.5975625498008,7.22634368994235,7.11263824465167,188
"191",2020,1,6.92300884955752,113,7.15068493150685,6.5075,5.11818181818182,6.85,6.94705882352941,73,40,11,28,85,14173,8314,5859,1266,3150,11023,7.13617315458971,7.43011715179216,6.71906265915686,6.58470853080569,7.22299841269841,7.11136143699537,189
"192",2020,2,6.96881578947368,76,7.18,6.56269230769231,6.75,7,6.96409090909091,50,26,4,10,66,14249,8364,5885,1270,3160,11089,7.13528051933469,7.42862195121951,6.71837181308411,6.58522913385827,7.22229272151899,7.11048490576247,190
"193",2020,3,6.94933333333333,75,7.14722222222222,6.44047619047619,6.79166666666667,6.24444444444444,7.04545454545455,54,21,6,9,66,14324,8418,5906,1276,3169,11155,7.13430690589221,7.42681682109765,6.71738369793431,6.58619984326019,7.21951562006942,7.11010014522635,191
"194",2020,4,6.80853658536585,82,7.11428571428571,6.15,6.28,7.75,6.70675675675676,56,26,5,8,74,14406,8474,5932,1281,3177,11229,7.1324525975288,7.42475147510031,6.71489685097775,6.58500468384075,7.22085143216871,7.10744208032772,192
"195",2020,5,7.16571428571429,70,7.26315789473684,7.05,7,7.17777777777778,7.16393442622951,38,32,9,9,61,14476,8512,5964,1290,3186,11290,7.13261343741365,7.42403007518797,6.71669485580148,6.5879,7.22072975517891,7.10774730912312,193
"196",2020,6,7.01714285714286,70,7.26122448979592,6.44761904761905,7,7.15,6.995,49,21,6,10,60,14546,8561,5985,1296,3196,11350,7.13205775608414,7.42309823618736,6.71575073015873,6.58980787037037,7.22050844806008,7.10715128810573,194
"197",2020,7,6.90281690140845,71,7.2,6.44642857142857,5.9375,6.875,6.90634920634921,43,28,8,8,63,14617,8604,6013,1304,3204,11413,7.13094425121434,7.42198326359833,6.71449661067687,6.58580598159509,7.21964575530587,7.10604285639183,195
"198",2020,8,7.03730158730159,63,7.38783783783784,6.53846153846154,6.3,6.775,7.08679245283019,37,26,5,10,53,14680,8641,6039,1309,3214,11466,7.13054237874659,7.42183705589631,6.71373871833085,6.58471428571429,7.21826228998133,7.10595387406245,196
"199",2020,9,6.79419909090909,77,7.09496591836735,6.26785714285714,5.1,7.58888888888889,6.68901955882353,49,28,5,9,68,14757,8690,6067,1314,3223,11534,7.12878738564749,7.41999393901036,6.71168091643317,6.57906468797565,7.21929723859758,7.10349579070574,197
"200",2020,10,6.89615384615385,65,7.15555555555556,6.57413793103448,5.85714285714286,6.75,6.91101694915254,36,29,7,6,59,14822,8726,6096,1321,3229,11593,7.12776720078262,7.41890297157919,6.71102659448819,6.57523921271764,7.21842520904305,7.10251621236953,198
"201",2020,11,7.02256097560976,82,7.20090909090909,6.65925925925926,6.71666666666667,7.13333333333333,7.00890410958904,55,27,6,9,73,14904,8781,6123,1327,3238,11666,7.12718836889425,7.41753756178112,6.71079832108444,6.57587867370007,7.21818869672637,7.10193043459626,199
"202",2020,12,7.24034090909091,88,7.35288461538462,7.07777777777778,7.08888888888889,8.5,7.21104651162791,52,36,9,2,86,14992,8833,6159,1336,3240,11752,7.12785255136072,7.41715694894147,6.71294335444066,6.57933458083832,7.21897993827161,7.10272893550034,200
"203",2021,1,6.89086021505376,93,7.09142857142857,6.2804347826087,6.31428571428571,7.01470588235294,6.86315789473684,70,23,7,17,76,15085,8903,6182,1343,3257,11828,7.12639147828969,7.41459590362799,6.71133421546425,6.5779530900968,7.21791372428615,7.10118958826513,201
"204",2021,2,6.935,60,7.4275,5.95,6.3,6.91666666666667,6.93703703703704,40,20,5,6,54,15145,8943,6202,1348,3263,11882,7.12563324199406,7.41465362070894,6.70887909061593,6.57692210682492,7.21735979160282,7.100443565898,202
"205",2021,3,6.90171875,64,6.96818181818182,6.7555,6.02,7.58875,6.80357142857143,44,20,5,8,56,15209,8987,6222,1353,3271,11938,7.12469100203827,7.41246771225103,6.70902894889104,6.57486400591279,7.21826811372669,7.09905096749874,203
"206",2021,4,7.03296963636364,55,7.22980382352941,6.71428571428571,6.6,7.15,7.00696288888889,34,21,5,10,45,15264,9021,6243,1358,3281,11983,7.12436050707547,7.4117792550715,6.7090466314272,6.57495655375552,7.21806004266992,7.098705147292,204
"207",2021,5,6.99333333333333,60,7.33095238095238,6.20555555555556,6,6.9,7.0037037037037,42,18,3,6,54,15324,9063,6261,1361,3287,12037,7.1238474797703,7.4114046849829,6.70759912474046,6.5736891991183,7.21747946455735,7.09827895488909,205
"208",2021,6,6.63888888888889,54,6.98529411764706,6.05,6.1,6.66666666666667,6.63541666666667,34,20,5,6,48,15378,9097,6281,1366,3293,12085,7.12214454285343,7.40981209849401,6.70550519344054,6.57195534407028,7.21647585788035,7.09644052792718,206
"209",2021,7,6.86176470588235,51,7.235,6.32857142857143,6.3125,6.33333333333333,6.89479166666667,30,21,8,3,48,15429,9127,6302,1374,3296,12133,7.12128386674444,7.40923749972609,6.70424914630276,6.57044468704512,7.21567202669903,7.09564277425204,207
"210",2021,8,6.90397058823529,68,7.0853488372093,6.592,5.82857142857143,7.38888888888889,6.83,43,25,7,9,59,15497,9170,6327,1381,3305,12192,7.12033030780151,7.40771871973828,6.70380561403509,6.56668428674873,7.21614372163389,7.09435726541995,208
"211",2021,9,6.93261538461538,65,7.06530612244898,6.52625,5.75,7.29166666666667,6.85132075471698,49,16,4,12,53,15562,9219,6343,1385,3317,12245,7.11954625240972,7.4058987590845,6.70335773608703,6.56432563176895,7.2164169430208,7.09330533115557,209
"212",2021,10,6.84515625,64,7.00681818181818,6.4895,6.115,6.47692307692308,6.93901960784314,44,20,6,13,51,15626,9263,6363,1391,3330,12296,7.11842242288493,7.40400309403002,6.70268554455446,6.56238749101366,7.21353003003003,7.09266540175667,210
"213",2021,11,7.25666666666667,60,7.45,6.92272727272727,6.3,7.37,7.234,38,22,5,10,50,15686,9301,6385,1396,3340,12346,7.11895121637129,7.40419101817009,6.70344371495693,6.56144770773639,7.21399850299401,7.09323779199741,211
"214",2021,12,6.94636363636364,77,7.35116279069767,6.43441176470588,5.65875,6.97625,6.93852459016393,43,34,8,16,61,15763,9344,6419,1404,3356,12407,7.11810815073273,7.40394698844179,6.7020187131952,6.55630413105413,7.21286501787843,7.09247713226404,212
"215",2022,1,6.81815044247788,113,7.01758108108108,6.43974358974359,5.8375,6.88846153846154,6.80901,74,39,8,13,100,15876,9418,6458,1412,3369,12507,7.1159731531872,7.40091119770652,6.70043482812016,6.55223158640227,7.21161323834966,7.09021066442792,213
"216",2022,2,6.93579710144928,69,7.09044444444444,6.64583333333333,6.1,6.33333333333333,6.9931746031746,45,24,5,6,63,15945,9463,6482,1417,3375,12570,7.11519346378175,7.3994348155976,6.70023266275841,6.55063585038814,7.21005185185185,7.08972432617343,214
"217",2022,3,7.08324489795918,49,7.09576315789474,7.04,6.5,7.27333333333333,7.05672093023256,38,11,3,6,43,15994,9501,6493,1420,3381,12613,7.11509558459422,7.39822025681508,6.70080827352534,6.55052887323944,7.21016415261757,7.08961181162293,215
"218",2022,4,6.95513513513514,74,7.2411320754717,6.23333333333333,6.66666666666667,6.17272727272727,7.09174603174603,53,21,3,11,63,16068,9554,6514,1423,3392,12676,7.11435889843166,7.39734882352942,6.6993012158428,6.55077371749824,7.20679982311321,7.08962241874408,216
"219",2022,5,6.75454545454545,55,7.25925925925926,6.26785714285714,5,6.07142857142857,6.85416666666667,27,28,5,7,48,16123,9581,6542,1428,3399,12724,7.11313147553185,7.39695967644297,6.69745461938246,6.54534383753501,7.20446160635481,7.08873418579063,217
"220",2022,6,6.76465517241379,58,6.87567567567568,6.56904761904762,6.36666666666667,7.34090909090909,6.62978723404255,37,21,6,11,47,16181,9618,6563,1434,3410,12771,7.11188237933379,7.39495432106468,6.69704374828585,6.54459623430962,7.20490175953079,7.08704516326051,218
"221",2022,7,6.79285714285714,56,7.096,6.54838709677419,6.4,6.57142857142857,6.82448979591837,25,31,5,7,49,16237,9643,6594,1439,3417,12820,7.11078208905586,7.39417926578866,6.69634487716106,6.54409381514941,7.20360403863038,7.08604163650546,219
"222",2022,8,6.92880952380952,84,7.186,6.55058823529412,6.55555555555556,6.9375,6.9278947368421,50,34,9,8,76,16321,9693,6628,1448,3425,12896,7.1098455229459,7.39310540183638,6.69559718165359,6.54416505524862,7.20298248175183,7.08510962934243,220
"223",2022,9,7.34352631578947,57,7.58144117647059,6.99182608695652,5,6.541375,7.47448979591837,34,23,3,8,49,16378,9727,6651,1451,3433,12945,7.11065879716693,7.39376371543128,6.69662157870997,6.54097243280496,7.20144072240023,7.08658352877559,221
"224",2022,10,6.99785714285714,70,7.46875,6.37,6.8,8.1625,6.84758064516129,40,30,5,8,62,16448,9767,6681,1456,3441,13007,7.1101787317607,7.39407081601311,6.69515493488999,6.54186195054945,7.20367509444929,7.08544428230952,222
"225",2022,11,6.77703703703704,54,7.29142857142857,6.22307692307692,6.13,5.78571428571429,6.92468085106383,28,26,10,7,47,16502,9795,6707,1466,3448,13054,7.10908858199006,7.39377740275651,6.69332490234084,6.53905252387449,7.2007964037123,7.08486546499157,223
"226",2022,12,6.97734375,64,7.21625,6.57916666666667,5.375,7,6.975,40,24,4,6,58,16566,9835,6731,1470,3454,13112,7.10857960763009,7.39305537976615,6.69291786064478,6.53588503401361,7.200447596989,7.08437948291641,224
