"","year","month","avg_rating","no_ratings","avg_rating_owned","avg_rating_not_owned","avg_rating_prev_owned","avg_rating_comment","avg_rating_no_comment","no_ratings_owned","no_ratings_not_owned","no_ratings_prev_owned","no_ratings_comment","no_ratings_no_comment","cum_no_ratings","cum_no_ratings_owned","cum_no_ratings_not_owned","cum_no_ratings_prev_owned","cum_no_ratings_comment","cum_no_ratings_no_comment","cum_avg_rating","cum_avg_rating_owned","cum_avg_rating_not_owned","cum_avg_rating_prev_owned","cum_avg_rating_comment","cum_avg_rating_no_comment","month_after_release"
"1",2011,9,8,3,10,7,NA,10,7,1,2,0,1,2,3,1,2,0,1,2,8,10,7,NA,10,7,-1
"2",2011,10,8.08421052631579,19,9,7.41818181818182,7.5,7.8,8.25,8,11,5,7,12,22,9,13,5,8,14,8.07272727272727,9.11111111111111,7.35384615384615,7.5,8.075,8.07142857142857,0
"3",2011,11,8.06388888888889,36,8.79444444444444,7.33333333333333,8.75,8.58888888888889,7.88888888888889,18,18,4,9,27,58,27,31,9,17,41,8.06724137931034,8.9,7.34193548387097,8.05555555555556,8.34705882352941,7.95121951219512,1
"4",2011,12,8.54943181818182,88,9.04576271186441,7.53965517241379,8.21153846153846,8.76323529411765,8.41481481481481,59,29,13,34,54,146,86,60,22,51,95,8.35787671232877,9,7.4375,8.14772727272727,8.62450980392157,8.21473684210526,2
"5",2012,1,8.6099174796748,246,9.12724358974359,7.71321888888889,8.62458333333333,8.49308641975309,8.66727090909091,156,90,24,81,165,392,242,150,46,132,260,8.51604515306123,9.08202479338843,7.60293133333333,8.39652173913043,8.54386363636364,8.50192192307692,3
"6",2012,2,8.34885057471264,174,9.00092592592593,7.28181818181818,8.08235294117647,8.3,8.36439393939394,108,66,17,42,132,566,350,216,63,174,392,8.46464611307421,9.057,7.50481342592593,8.31174603174603,8.485,8.45561147959184,4
"7",2012,3,8.04862385321101,109,8.47222222222222,7.63272727272727,7.725,8.00454545454545,8.05977011494253,54,55,16,22,87,675,404,271,79,196,479,8.39746622222222,8.97883663366336,7.53077380073801,8.19291139240506,8.43107142857143,8.38371544885177,5
"8",2012,4,8.35913978494624,93,8.84807692307692,7.7390243902439,8.50909090909091,8.38095238095238,8.35277777777778,52,41,11,21,72,768,456,312,90,217,551,8.39282513020833,8.96392543859649,7.55814006410256,8.23155555555556,8.42622119815668,8.37967277676951,6
"9",2012,5,8.13242574257426,202,8.82822580645161,7.02628205128205,7.92708333333333,8.02631578947368,8.15701219512195,124,78,24,38,164,970,580,390,114,255,715,8.33859762886598,8.93491379310345,7.45176846153846,8.16745614035088,8.36662745098039,8.32860097902098,7
"10",2012,6,8.25783410138249,217,8.8548275862069,7.05555555555556,7.21190476190476,7.78529411764706,8.40301204819277,145,72,21,51,166,1187,725,462,135,306,881,8.32383294018534,8.91889655172414,7.390020995671,8.01881481481481,8.2697385620915,8.34262167990919,8
"11",2012,7,8.32198952879581,191,8.76846153846154,7.37049180327869,8,8.00789473684211,8.4,130,61,9,38,153,1378,855,523,144,344,1034,8.32357743105951,8.89602339181287,7.38774321223709,8.01763888888889,8.24081395348837,8.35111189555126,9
"12",2012,8,8.17675675675676,222,8.68759124087591,7.35341176470588,8.07142857142857,7.64021276595745,8.32085714285714,137,85,21,47,175,1600,992,608,165,391,1209,8.3032060625,8.86723790322581,7.38294358552632,8.02448484848485,8.1686189258312,8.34673258891646,10
"13",2012,9,7.98154761904762,168,8.65867346938776,7.03357142857143,7.81923076923077,8.17391304347826,7.90901639344262,98,70,13,46,122,1768,1090,678,178,437,1331,8.27264123303168,8.84848623853211,7.34687271386431,8.00949438202247,8.169176201373,8.30661134485349,11
"14",2012,10,8.11005154639175,194,8.66,7.21824324324324,7.65,8.06744186046512,8.12218543046358,120,74,28,43,151,1962,1210,752,206,480,1482,8.25656457696229,8.82979338842975,7.33421502659574,7.96063106796117,8.1600625,8.28782031039136,12
"15",2012,11,8.0076354679803,203,8.7672,6.79038461538462,7.12222222222222,7.76724137931035,8.04770114942529,125,78,18,29,174,2165,1335,830,224,509,1656,8.23322387990762,8.82393258426966,7.28310807228916,7.89325892857143,8.13768172888016,8.26259039855073,13
"16",2012,12,8.05045454545455,220,8.86178861788618,7.02164948453608,7.01851851851852,7.77840909090909,8.11846590909091,123,97,27,44,176,2385,1458,927,251,553,1832,8.21636465408805,8.82712620027435,7.25574940668824,7.79916334661355,8.10909584086799,8.24874437772926,14
"17",2013,1,8.1871472392638,326,8.866,6.95818965517241,7.67857142857143,7.73701754385965,8.28252788104089,210,116,28,57,269,2711,1668,1043,279,610,2101,8.21285123570638,8.83202038369305,7.22265551294343,7.78706093189964,8.07432786885246,8.25306982389339,15
"18",2013,2,8.19905303030303,264,8.81644736842105,7.36116071428571,7.84888888888889,8.23114754098361,8.18940886699507,152,112,45,61,203,2975,1820,1155,324,671,2304,8.21162678991597,8.83071978021978,7.23608632034632,7.79564814814815,8.08858420268256,8.24746080729167,16
"19",2013,3,8.16926108374384,203,8.53884615384615,7.51109589041096,8.09625,8.35181818181818,8.13382352941177,130,73,24,33,170,3178,1950,1228,348,704,2474,8.20892061044682,8.81126153846154,7.25243460912052,7.81637931034483,8.10092329545455,8.23965226354083,17
"20",2013,4,8.27002732240437,183,8.72882608695652,7.49411764705882,7.38421052631579,8.3,8.26415032679739,115,68,19,30,153,3361,2065,1296,367,734,2627,8.21224775364475,8.80667070217918,7.26511550925926,7.79400544959128,8.10905994550409,8.24107906357061,18
"21",2013,5,8.13064516129032,186,8.65409836065574,7.1328125,7.30952380952381,8.13421052631579,8.12972972972973,122,64,21,38,148,3547,2187,1360,388,772,2775,8.20796862137017,8.79815957933242,7.25888948529412,7.76778350515464,8.11029792746114,8.23514043243243,19
"22",2013,6,7.91578947368421,171,8.54672897196262,6.8609375,7.3,7.88235294117647,7.92408759124088,107,64,15,34,137,3718,2294,1424,403,806,2912,8.19453058095751,8.78643199651264,7.24100400280899,7.75037220843672,8.100682382134,8.2205064217033,20
"23",2013,7,7.98390243902439,205,8.7368,6.8075,6.85172413793103,7.97777777777778,7.98520710059172,125,80,29,36,169,3923,2419,1504,432,842,3081,8.18352401223554,8.78386730053741,7.21794527925532,7.6900462962963,8.09542755344418,8.20759970788705,21
"24",2013,8,8.22873831775701,214,8.64064748201439,7.46533333333333,7.4125,8.09555555555556,8.26420118343195,139,75,24,45,169,4137,2558,1579,456,887,3250,8.18586287164612,8.77608483189992,7.22969582013933,7.67543859649123,8.09543404735062,8.21054298461539,22
"25",2013,9,8.23073891625616,203,8.70857142857143,7.16888888888889,7.13851851851852,8.53611111111111,8.16491017964072,140,63,27,36,167,4340,2698,1642,483,923,3417,8.1879619124424,8.77258154188288,7.22736278928136,7.64542443064182,8.1126218851571,8.20831275973076,23
"26",2013,10,8.09093137254902,204,8.66008064516129,7.20875,7.39473684210526,8.32857142857143,8.04171597633136,124,80,19,35,169,4544,2822,1722,502,958,3586,8.18360578785211,8.76763819985825,7.22649808362369,7.63593625498008,8.1205114822547,8.20046143335192,24
"27",2013,11,7.79088669950739,203,8.58359375,6.438,6.59523809523809,7.89673913043478,7.75987261146497,128,75,21,46,157,4747,2950,1797,523,1004,3743,8.16681160733095,8.75965254237288,7.19358914858097,7.59414913957935,8.11025896414343,8.18198095110874,25
"28",2013,12,8.04885593220339,236,8.62906040268456,7.0551724137931,6.92857142857143,8.1025641025641,8.03822335025381,149,87,21,39,197,4983,3099,1884,544,1043,3940,8.16122510535822,8.75337366892546,7.18719729299363,7.56845588235294,8.10997123681688,8.17479307106599,26
"29",2014,1,8.1858803986711,301,8.62095238095238,7.18186813186813,7.5625,8.47978723404255,8.13149606299213,210,91,20,47,254,5284,3309,1975,564,1090,4194,8.16262957986374,8.74496977938954,7.18695174683544,7.56824468085106,8.12591743119266,8.1721708869814,27
"30",2014,2,7.99092920353982,226,8.52037037037037,7.20549450549451,7.19565217391304,7.70555555555556,8.045,135,91,23,36,190,5510,3444,2066,587,1126,4384,8.15558705989111,8.73616579558653,7.18776848983543,7.55364565587734,8.11247779751332,8.166659375,28
"31",2014,3,8.13603351955307,179,8.57692307692308,7.30403225806452,7.16904761904762,8.03030303030303,8.15993150684931,117,62,21,33,146,5689,3561,2128,608,1159,4530,8.15497182281596,8.73093372648133,7.19115587406015,7.54036184210526,8.11013805004314,8.16644253863135,29
"32",2014,4,8.1913612565445,191,8.601953125,7.35714285714286,7.225,7.77916666666667,8.25059880239521,128,63,20,24,167,5880,3689,2191,628,1183,4697,8.15615386054422,8.72645838980754,7.19592866271109,7.53031847133758,8.10342349957735,8.16943468171173,30
"33",2014,5,8.03802395209581,167,8.66184210526316,6.69622641509434,6.91666666666667,8.290625,7.97814814814815,114,53,18,32,135,6047,3803,2244,646,1215,4832,8.15289146684306,8.72452143044965,7.18412642602496,7.51321981424149,8.10835390946502,8.16409037665563,31
"34",2014,6,8.16488095238095,168,8.60252100840336,7.10204081632653,7.3047619047619,8.32666666666667,8.12971014492754,119,49,21,30,138,6215,3922,2293,667,1245,4970,8.15321555913113,8.72081973482917,7.18237230702137,7.50665667166417,8.11361445783133,8.16313575452716,32
"35",2014,7,8.25706806282722,191,8.64393939393939,7.39152542372881,7.76,7.89166666666667,8.34193548387097,132,59,15,36,155,6406,4054,2352,682,1281,5125,8.1563120043709,8.71831647755304,7.18761892006803,7.51222873900293,8.10737704918033,8.16854335609756,33
"36",2014,8,8.00314159292035,226,8.56007299270073,7.14584269662921,7.5875,8.15978260869565,7.96311111111111,137,89,24,46,180,6632,4191,2441,706,1327,5305,8.1510923854041,8.71314364113577,7.18609573945104,7.51478753541076,8.10919366993218,8.16157298774741,34
"37",2014,9,8.20585106382979,188,8.57213114754098,7.52878787878788,7.64814814814815,8.428125,8.16025641025641,122,66,27,32,156,6820,4313,2507,733,1359,5461,8.15260186217009,8.70915488059356,7.1951175508576,7.51969986357435,8.11670345842531,8.16153537813587,35
"38",2014,10,8.1365296803653,219,8.54932432432432,7.27605633802817,7.52068965517241,8.04,8.15489130434783,148,71,29,35,184,7039,4461,2578,762,1394,5645,8.15210181844012,8.70385227527461,7.19734666408068,7.5197375328084,8.11477761836442,8.16131881310895,36
"39",2014,11,7.9574665158371,221,8.61879503546099,6.791875,7.20967741935484,8.12564102564103,7.92142912087912,141,80,31,39,182,7260,4602,2658,793,1433,5827,8.14617696969697,8.70124621903521,7.18514285176825,7.50761664564943,8.11507327285415,8.1538261197872,37
"40",2014,12,7.97870967741935,217,8.61876923076923,7.02229885057471,7.72575757575758,8.563,7.88497326203209,130,87,33,30,187,7477,4732,2745,826,1463,6014,8.14131667781196,8.69898036770922,7.17998167577413,7.51633171912833,8.12425837320574,8.14546637845028,38
"41",2015,1,8.1027972027972,286,8.57471590909091,7.34772727272727,7.67837837837838,7.9375,8.13952991452991,176,110,37,52,234,7763,4908,2855,863,1515,6248,8.13989756537421,8.69452426650367,7.18644472854641,7.52327925840093,8.11784818481848,8.14524404609475,39
"42",2015,2,8.1103982300885,226,8.65611510791367,7.23850574712644,7.39583333333333,7.96458333333333,8.12772277227723,139,87,36,24,202,7989,5047,2942,899,1539,6450,8.13906306170985,8.69346643550625,7.18798426240653,7.51817575083426,8.11545808966862,8.14469531782946,40
"43",2015,3,8.14746543778802,217,8.64402985074627,7.34578313253012,7.72083333333333,7.8175,8.22203389830509,134,83,24,40,177,8206,5181,3025,923,1579,6627,8.13928525469169,8.692187820884,7.19231395041322,7.52344528710726,8.10791006966435,8.14676094763845,41
"44",2015,4,8.26785714285714,210,8.75928571428571,7.285,7.79583333333333,8.33333333333333,8.25564971751412,140,70,24,33,177,8416,5321,3095,947,1612,6804,8.14249344106464,8.69395322307838,7.19441024232633,7.530348468849,8.11252481389579,8.1495935920047,42
"45",2015,5,8.17681818181818,176,8.78537037037037,7.21029411764706,7.625,8.31428571428571,8.14269503546099,108,68,24,35,141,8592,5429,3163,971,1647,6945,8.14319655493482,8.69577179959477,7.19475172304774,7.53268795056643,8.11681238615665,8.14945353491721,43
"46",2015,6,7.98817204301075,186,8.53018018018018,7.186,7.47352941176471,7.60606060606061,8.07058823529412,111,75,34,33,153,8778,5540,3238,1005,1680,7098,8.13991168831169,8.69245398916968,7.19454901173564,7.53068656716418,8.10677976190477,8.14775356438433,44
"47",2015,7,8.198,200,8.649609375,7.39513888888889,7.66296296296296,8.04393939393939,8.22844311377245,128,72,27,33,167,8978,5668,3310,1032,1713,7265,8.14120570282914,8.6914864326041,7.19891229607251,7.53414728682171,8.10556917688267,8.14960836889195,45
"48",2015,8,8.35995575221239,226,8.84424242424242,7.05,7.71428571428571,8.49189189189189,8.33412698412698,165,61,14,37,189,9204,5833,3371,1046,1750,7454,8.14657700999565,8.69580749185668,7.1962176505488,7.53655831739962,8.11373714285715,8.15428693319023,46
"49",2015,9,8.1707729468599,207,8.71985294117647,7.11901408450704,7.32,8.2390625,8.15828571428571,136,71,25,32,175,9411,5969,3442,1071,1782,7629,8.14710921262353,8.69635535265539,7.19462513073794,7.53150326797386,8.11598765432099,8.15437866037488,47
"50",2015,10,8.09361607142857,224,8.5410071942446,7.362,7.46540540540541,8.04526315789474,8.10349462365591,139,85,37,38,186,9635,6108,3527,1108,1820,7815,8.1458655734302,8.69282008840865,7.19865883186844,7.52929602888087,8.11451098901099,8.15316760076775,48
"51",2015,11,8.241015625,256,8.64461077844311,7.48370786516854,7.41,8.42619047619048,8.20467289719626,167,89,30,42,214,9891,6275,3616,1138,1862,8029,8.14832825801234,8.69153706772909,7.20567469579646,7.52615114235501,8.12154135338346,8.15454039108233,49
"52",2015,12,7.98718543046358,302,8.52373563218391,7.2578125,7.50909090909091,8.11415094339623,7.96016064257028,174,128,44,53,249,10193,6449,3744,1182,1915,8278,8.14355388992446,8.68700962939992,7.20745718482906,7.52551607445008,8.12133681462141,8.14869350084562,50
"53",2016,1,8.07721518987342,316,8.56736842105263,7.33809523809524,6.7875,7.88,8.109963099631,190,126,32,45,271,10509,6639,3870,1214,1960,8549,8.14155912075364,8.68358564542854,7.21171051679586,7.5060626029654,8.11579591836735,8.14746576207744,51
"54",2016,2,8.08119658119658,234,8.65037593984962,7.33168316831683,7.4,7.69571428571429,8.14899497487437,133,101,33,35,199,10743,6772,3971,1247,1995,8748,8.14024432653821,8.68293341701123,7.2147619491312,7.50325581395349,8.10842606516291,8.14750054869685,52
"55",2016,3,8.08202764976959,217,8.64959016393443,7.35315789473684,7.87625,8.17285714285714,8.06456043956044,122,95,40,35,182,10960,6894,4066,1287,2030,8930,8.13909167883212,8.68234335654193,7.21799549926217,7.51484848484849,8.10953694581281,8.14581016797312,53
"56",2016,4,8.11640684410646,263,8.66581920903955,6.98563953488372,7.05319444444444,8.250375,8.09237668161435,177,86,36,40,223,11223,7071,4152,1323,2070,9153,8.13856008197452,8.68192972705417,7.21318273121387,7.50228647014361,8.11225845410628,8.14450833606468,54
"57",2016,5,8.07485829959514,247,8.74622641509434,6.86181818181818,6.74205128205128,8.05588235294118,8.07788732394366,159,88,39,34,213,11470,7230,4240,1362,2104,9366,8.13718829991282,8.68334372060858,7.20589025943396,7.48051762114538,8.11134743346008,8.14299325218877,55
"58",2016,6,8.24219512195122,205,8.54645390070922,7.571875,7.60681818181818,8.35875,8.21393939393939,141,64,22,40,165,11675,7371,4304,1384,2144,9531,8.13903210278373,8.68072515262516,7.21133241171004,7.48252528901734,8.11596315298508,8.14422146679257,56
"59",2016,7,8.26146245059289,253,8.91012658227848,7.18263157894737,7.67758620689655,8.3625,8.23532338308458,158,95,29,52,201,11928,7529,4399,1413,2196,9732,8.14162892354125,8.68553926152212,7.21071259377131,7.48652866242038,8.1218010018215,8.14610304151254,57
"60",2016,8,8.09135714285714,280,8.57612021857923,7.17680412371134,6.86052631578947,8.325,8.04779661016949,183,97,38,44,236,12208,7712,4496,1451,2240,9968,8.1404759010485,8.68294282935685,7.20998102758007,7.47013439007581,8.12579241071429,8.14377556179775,58
"61",2016,9,8.10197841726619,278,8.75057142857143,7,7,8.33170731707317,8.06223628691983,175,103,42,41,237,12486,7887,4599,1493,2281,10205,8.13961875700785,8.68444340053253,7.20527825614264,7.45690890823845,8.12949364313898,8.14188190102891,59
"62",2016,10,8.29787644787645,259,8.82894736842105,7.26590909090909,7.390625,8.335,8.288995215311,171,88,32,50,209,12745,8058,4687,1525,2331,10414,8.14283482149863,8.68750994043188,7.20641662043951,7.45551803278689,8.13390175890176,8.14483433839063,60
"63",2016,11,8.303300330033,303,8.68333333333333,7.55441176470588,7.46875,8.66136363636364,8.24247104247104,201,102,32,44,259,13048,8259,4789,1557,2375,10673,8.14656114347027,8.68740829398233,7.21382850281896,7.45578998073218,8.14367368421053,8.14720367281926,61
"64",2016,12,8.12084291187739,261,8.62396449704142,7.19663043478261,7.2675,7.72542857142857,8.1820796460177,169,92,28,35,226,13309,8428,4881,1585,2410,10899,8.14605678863927,8.68613610583769,7.21350434337226,7.45246372239748,8.13759958506224,8.14792685567483,62
"65",2017,1,8.10336206896552,348,8.57163179916318,7.07660550458716,6.8609756097561,7.972,8.12540268456376,239,109,41,50,298,13657,8667,4990,1626,2460,11197,8.14496886578312,8.68297855082498,7.21051396793587,7.43754920049201,8.1342337398374,8.14732739126551,63
"66",2017,2,8.07463455149502,301,8.53952879581152,7.26740909090909,8.02258064516129,7.85568181818182,8.11212062256809,191,110,31,44,257,13958,8858,5100,1657,2504,11454,8.14345212781201,8.67988542560398,7.21174111764706,7.44849426674713,8.12933905750799,8.14653743670333,64
"67",2017,3,8.22526132404181,287,8.59505376344086,7.54425742574257,7.73928571428571,8.14590909090909,8.23962962962963,186,101,28,44,243,14245,9044,5201,1685,2548,11697,8.14510037206037,8.67814076735958,7.2181983656989,7.45332640949555,8.12962519623234,8.14847138582542,65
"68",2017,4,8.21256505576208,269,8.68675675675676,7.16821428571429,6.916,8.41871794871795,8.17760869565217,185,84,30,39,230,14514,9229,5285,1715,2587,11927,8.14635075099904,8.6783134792502,7.21740391674551,7.44392711370263,8.13398337843062,8.14903326905341,66
"69",2017,5,8.15186507936508,252,8.59988235294118,7.2230487804878,7.162,7.78674418604651,8.22698564593301,170,82,25,43,209,14766,9399,5367,1740,2630,12136,8.14644485981308,8.67689489307374,7.21749016210173,7.43987643678161,8.12830608365019,8.15037572511536,67
"70",2017,6,7.98559118721461,219,8.66044444444444,6.90100559523809,7.45248233333333,8.10781566666667,7.96619047619048,135,84,30,30,189,14985,9534,5451,1770,2660,12325,8.14409404537871,8.6766619572058,7.21261312970097,7.4400900960452,8.1280749887218,8.14755130223124,68
"71",2017,7,8.09605263157895,228,8.60197368421053,7.08421052631579,7.22727272727273,8.24090909090909,8.06141304347826,152,76,33,44,184,15213,9686,5527,1803,2704,12509,8.14337403996582,8.67548989262854,7.21084750678487,7.43619493621742,8.12991104659763,8.14628425933328,69
"72",2017,8,7.96275471698113,265,8.49782352941176,7.00526315789474,6.93888888888889,7.64782608695652,8.02890410958904,170,95,36,46,219,15478,9856,5622,1839,2750,12728,8.14028164297713,8.67242543628247,7.20737356278904,7.42645974442632,8.12184708,8.14426459773727,70
"73",2017,9,8.00393700787402,254,8.50817610062893,7.16,7.13870967741935,7.65428571428571,8.05981735159817,159,95,31,35,219,15732,10015,5717,1870,2785,12947,8.13808029938978,8.66981778332502,7.20658635123316,7.42168955614973,8.11597108438061,8.14283616281764,71
"74",2017,10,8.14466403162055,253,8.59122807017544,7.21341463414634,7.15576923076923,8.63255813953488,8.0447619047619,171,82,26,43,210,15985,10186,5799,1896,2828,13157,8.13818450234595,8.66849843903397,7.20668290567339,7.41804296940928,8.12382583804809,8.1412707912138,72
"75",2017,11,8.00610294117647,340,8.57126696832579,6.95651260504202,7.18378378378378,8.11739130434783,7.98869047619048,221,119,37,46,294,16325,10407,5918,1933,2874,13451,8.13543364594181,8.66643366003652,7.2016524450828,7.41355896016555,8.12372284968685,8.13793582633261,73
"76",2017,12,8.14769005847953,342,8.68109170305677,7.06672566371681,6.6215625,7.96734693877551,8.17784982935154,229,113,32,49,293,16667,10636,6031,1965,2923,13744,8.13568514249715,8.66674925723957,7.19912438567402,7.40066130788804,8.12110142661649,8.13878672875436,74
"77",2018,1,8.01674937965261,403,8.56858870967742,7.1338064516129,6.88189655172414,7.77156862745098,8.05227272727273,248,155,58,51,352,17070,10884,6186,2023,2974,14096,8.13287722729936,8.66451259647189,7.19748774167475,7.38578817103312,8.11510742098184,8.13662633371169,75
"78",2018,2,8.11276223776224,286,8.74888268156425,7.04859813084112,7.24411764705882,8.01489361702128,8.13200836820084,179,107,34,47,239,17356,11063,6293,2057,3021,14335,8.13254576342475,8.66587770948207,7.19495616875894,7.38344650947982,8.1135483184376,8.13654934077432,76
"79",2018,3,8.14164794007491,267,8.70058823529412,7.1620618556701,6.67030303030303,8.30444444444444,8.10864864864865,170,97,33,45,222,17623,11233,6390,2090,3066,14557,8.13268366736651,8.66640301789372,7.1944568341158,7.3721863492823,8.11635012067841,8.13612384419866,77
"80",2018,4,7.8755364806867,233,8.39160305343511,7.21274509803922,7.14333333333333,7.49032258064516,7.93465346534653,131,102,30,31,202,17856,11364,6492,2120,3097,14759,8.12932819612455,8.6632352252728,7.19474417282809,7.36894786320755,8.11008378107846,8.13336640693814,78
"81",2018,5,7.79871459677419,248,8.46763090909091,6.88771428571429,7.06190476190476,7.97884615384615,7.77761810810811,143,105,21,26,222,18104,11507,6597,2141,3123,14981,8.12479924270879,8.66080440775181,7.18985738517508,7.3659362307333,8.10899118475825,8.12809465456244,79
"82",2018,6,7.95115502824859,177,8.45381513274336,7.06364578125,6.81964894736842,8.2490475,7.89517523489933,113,64,19,28,149,18281,11620,6661,2160,3151,15130,8.12311798752803,8.65879151721171,7.18864472301456,7.36113092592592,8.1102357346874,8.12580086781229,80
"83",2018,7,7.89847222222222,216,8.40382113821138,7.23010752688172,7.4,7.87645161290323,7.90216216216216,123,93,35,31,185,18497,11743,6754,2195,3182,15315,8.12049467102773,8.65612087456358,7.18921564998519,7.36175070615034,8.10795813953488,8.12309938818152,81
"84",2018,8,8.00018709183673,196,8.34483050847458,7.47880346153846,7.28571428571429,8.30730769230769,7.95321570588235,118,78,28,26,170,18693,11861,6832,2223,3208,15485,8.11923322099181,8.65302398027149,7.19252183401639,7.36079298245614,8.10957381546135,8.12123434291249,82
"85",2018,9,8.00049,161,8.24542611650485,7.56551724137931,7.02222222222222,7.94807692307692,8.01058437037037,103,58,18,26,135,18854,11964,6890,2241,3234,15620,8.11821923676673,8.64951490471415,7.19566170827286,7.35807353859884,8.10827544836116,8.12027802112676,83
"86",2018,10,7.85624612149533,214,8.38734848484848,7.00130085365854,6.92991,7.96153846153846,7.83278097142857,132,82,37,39,175,19068,12096,6972,2278,3273,15795,8.11527911474722,8.64665396164022,7.19337576592083,7.35111917032485,8.10652697830736,8.11709271035137,84
"87",2018,11,7.89878504672897,214,8.33131034482759,6.98985507246377,7.27380952380952,7.4234375,7.98236263736264,145,69,21,32,182,19282,12241,7041,2299,3305,15977,8.11287636967119,8.64291857854751,7.1913813151541,7.35041299260548,8.09991310136157,8.11555794955248,85
"88",2018,12,7.97768990697674,215,8.59571792307692,7.03247058823529,7.00344827586207,7.25172413793103,8.09087811827957,130,85,29,29,186,19497,12371,7126,2328,3334,16163,8.11138562291634,8.64242257295288,7.18948580409767,7.34609083762886,8.09253533293341,8.11527393986265,86
"89",2019,1,7.91346490131579,304,8.38273030150754,7.02409523809524,6.83414634146341,7.42702702702703,7.98087389513109,199,105,41,37,267,19801,12570,7231,2369,3371,16430,8.10834699358618,8.63831129514718,7.18708419858941,7.33723067539046,8.08523073272026,8.11308983688374,87
"90",2019,2,8.29814671814672,259,8.60824242424242,7.75382978723404,7.80857142857143,8.82666666666667,8.22890829694323,165,94,35,30,229,20060,12735,7325,2404,3401,16659,8.11079754835493,8.63792171024736,7.1943571112628,7.34409295757071,8.09177089091444,8.11468191488084,88
"91",2019,3,8.04527519148936,235,8.55902678832117,7.32707142857143,7.11428571428571,7.86216216216216,8.07949328282828,137,98,35,37,198,20295,12872,7423,2439,3438,16857,8.11003885144124,8.63708201134246,7.19610923346356,7.3407951906519,8.08929982547993,8.11426859405588,89
"92",2019,4,8.03866995073892,203,8.54538461538461,7.13630136986301,6.93823529411765,8.33918918918919,7.97168674698795,130,73,17,37,166,20498,13002,7496,2456,3475,17023,8.10933205629818,8.63616517843409,7.19552679295624,7.33800874185668,8.09196051798561,8.1128782053692,90
"93",2019,5,8.16704641350211,237,8.50228346456693,7.78,7.76666666666667,8.47794117647059,8.11497536945813,127,110,27,34,203,20735,13129,7606,2483,3509,17226,8.10999172847842,8.63487010815752,7.20397960031554,7.34266994361659,8.09570042747221,8.11290291942412,91
"94",2019,6,8.09386122171946,221,8.40907853658537,7.69823132653061,7.37037037037037,8.13684210526316,8.08981846534653,123,98,27,19,202,20956,13252,7704,2510,3528,17428,8.10982161767513,8.63277439707215,7.21026681074766,7.34296791633466,8.09592199546485,8.11263535804452,92
"95",2019,7,7.95317377659574,188,8.47244651376147,7.23670886075949,6.82352941176471,7.42,8.03494889570552,109,79,17,25,163,21144,13361,7783,2527,3553,17591,8.10842879729474,8.63146643065639,7.21053520621868,7.33947347447566,8.0911660005629,8.11191550736172,93
"96",2019,8,7.94602230483271,269,8.30238993710692,7.43090909090909,6.94814814814815,8.05848484848485,7.93029661016949,159,110,27,33,236,21413,13520,7893,2554,3586,17827,8.10638857189558,8.62759637426036,7.2136064246801,7.33533651918559,8.09086525376464,8.10951117350087,94
"97",2019,9,8.01852589641434,251,8.65316901408451,7.19174311926606,6.96666666666667,7.64545454545455,8.075,142,109,30,33,218,21664,13662,8002,2584,3619,18045,8.10537059130355,8.62786217098522,7.2133086115971,7.33105629643963,8.08680375794418,8.10909424715988,95
"98",2019,10,7.89438436936937,222,8.2895237815126,7.4378640776699,7.41481481481481,8.01212121212121,7.87382714285714,119,103,27,33,189,21886,13781,8105,2611,3652,18234,8.10323045874075,8.62494059284523,7.21616230845157,7.33192243201838,8.08612891566264,8.10665564440057,96
"99",2019,11,7.94728813559322,236,8.490546875,7.30342592592593,7.42439024390244,7.8521875,7.96220588235294,128,108,41,32,204,22122,13909,8213,2652,3684,18438,8.10156684838622,8.62370381120139,7.21730981492755,7.33335198717949,8.08409685124864,8.10505743681527,97
"100",2019,12,8.09960144927536,276,8.48424418604651,7.46346153846154,7.05,8.44,8.05016597510373,172,104,22,35,241,22398,14081,8317,2674,3719,18679,8.10154262969908,8.62200030608622,7.2203878213298,7.33102074420344,8.08744630276956,8.10434921676749,98
"101",2020,1,8.04525160377358,318,8.47414969387755,7.35620221311475,7.23428571428571,7.99386363636364,8.05350368613139,196,122,28,44,274,22716,14277,8439,2702,3763,18953,8.10075461480895,8.61997055754011,7.22235124777817,7.33001830866025,8.08635205952697,8.10361415237693,99
"102",2020,2,8.0109445398773,326,8.56475380681818,7.36114166666667,6.95761363636364,7.68904761904762,8.05854901408451,176,150,33,42,284,23042,14453,8589,2735,3805,19237,8.09948397491537,8.61929816093545,7.22477511118873,7.32552494332724,8.08196657030223,8.1029488459739,100
"103",2020,3,8.05132273809524,252,8.60458934782609,7.38157894736842,6.79242424242424,7.77,8.11247985507246,138,114,33,45,207,23294,14591,8703,2768,3850,19444,8.09896295526745,8.61915904667261,7.22682907388257,7.31916933526012,8.0783202077922,8.10305031269286,101
"104",2020,4,8.2442194092827,237,8.71902255639098,7.63701923076923,7.33913043478261,8.12857142857143,8.25971291866029,133,104,23,28,209,23531,14724,8807,2791,3878,19653,8.10042595214823,8.62006110092367,7.23167292267514,7.3193338301684,8.07868303249097,8.10471634254312,102
"105",2020,5,8.24733334615385,260,8.64122006535948,7.68411214953271,6.9,8.61428571428571,8.19025186666667,153,107,29,35,225,23791,14877,8914,2820,3913,19878,8.1020314299525,8.62027870672851,7.23710381759031,7.31502153191489,8.08347375415282,8.10568452309085,103
"106",2020,6,8.39409638554217,249,8.84666666666667,7.80324074074074,7.86538461538461,8.70606060606061,8.34643518518519,141,108,26,33,216,24040,15018,9022,2846,3946,20094,8.10505656198003,8.62240420295646,7.24388089448016,7.32004944483486,8.0886803852002,8.10827246690554,104
"107",2020,7,8.00148717948718,195,8.36728070175439,7.48666666666667,7.55,7.88888888888889,8.01958333333333,114,81,18,27,168,24235,15132,9103,2864,3973,20262,8.10422322054879,8.62048217816548,7.24604124244754,7.32149466480447,8.08732262773722,8.10753711134142,105
"108",2020,8,8.18672125,224,8.64304932330827,7.51978021978022,7.04193548387097,8.2530303030303,8.17526471204189,133,91,31,33,191,24459,15265,9194,2895,4006,20453,8.1049787526064,8.62067879986899,7.24875064498586,7.31850111226252,8.08868766849725,8.10816958441304,106
"109",2020,9,7.97811780172414,232,8.46980389705882,7.2815625,6.82789473684211,7.7332,8.00769724637681,136,96,19,25,207,24691,15401,9290,2914,4031,20660,8.10378674982787,8.61934648464386,7.24908971259419,7.31530223747426,8.08648295708261,8.10716291577928,107
"110",2020,10,8.22115384615385,234,8.69805970149254,7.5821,7.01607142857143,7.95454545454545,8.24882075471698,134,100,28,22,212,24925,15535,9390,2942,4053,20872,8.1048886114343,8.62002543997426,7.25263614802982,7.31245435757988,8.08576679003207,8.10860175546186,108
"111",2020,11,8.10736842105263,285,8.44550561797753,7.54485981308411,7.506875,8.51142857142857,8.0508,178,107,32,35,250,25210,15713,9497,2974,4088,21122,8.10491664577549,8.61804844460002,7.25592854901548,7.31454630800269,8.08941115459882,8.10791761386232,109
"112",2020,12,7.948986125,240,8.43485507246377,7.29163401960784,7.24166666666667,8.5921052631579,7.82800331683168,138,102,24,38,202,25450,15851,9599,2998,4126,21324,8.10344618113949,8.61645354930289,7.25630795916241,7.31396288192128,8.09404091129423,8.10526601528793,110
"113",2021,1,8.05429065743945,289,8.57625,7.3295867768595,7.23611111111111,7.90829268292683,8.07842741935484,168,121,36,41,248,25739,16019,9720,3034,4167,21572,8.10289425812969,8.61603191272864,7.25722017489712,7.31303912986157,8.0922132949364,8.10495746847765,111
"114",2021,2,7.90709923664122,262,8.47,7.28064516129032,7.08857142857143,7.95588235294118,7.89982456140351,138,124,35,34,228,26001,16157,9844,3069,4201,21800,8.10092132264144,8.61478462647769,7.25751524786672,7.31047921798631,8.09110992620804,8.10281204174311,112
"115",2021,3,7.87082581081081,222,8.34312,7.26219927835052,6.56666666666667,7.85909090909091,7.87211665,125,97,18,22,200,26223,16282,9941,3087,4223,22000,8.09897336841704,8.61269900565042,7.25756095262046,7.30614211856171,8.08990120767227,8.10071481090908,113
"116",2021,4,8.1513016017316,231,8.61654263565891,7.56290852941176,7,7.93137931034483,8.1828746039604,129,102,23,29,202,26454,16411,10043,3110,4252,22202,8.09943030581386,8.61272921881665,7.26066216270039,7.30387804501608,8.08882003762935,8.10146232366453,114
"117",2021,5,8.09941004424779,226,8.48924733870968,7.62549019607843,7.43333333333333,7.92,8.12172472636816,124,102,30,25,201,26680,16535,10145,3140,4277,22403,8.09943013418291,8.61180319806472,7.26433022178413,7.30511487898089,8.08783324760346,8.10164411819845,115
"118",2021,6,8.21030304812834,187,8.70739685714286,7.57378048780488,7.07727272727273,8.09523809523809,8.22485945783133,105,82,22,21,166,26867,16640,10227,3162,4298,22569,8.1002018331038,8.6124064032452,7.26681139141488,7.30352963946869,8.08786942764076,8.10255039434622,116
"119",2021,7,8.14396665,200,8.62206486725664,7.52298850574713,6.94285714285714,8.36458333333333,8.11388255681818,113,87,21,24,176,27067,16753,10314,3183,4322,22745,8.1005252144678,8.61247155017012,7.26897228039558,7.30115008482564,8.08940601573345,8.10263808221586,117
"120",2021,8,7.8350344214876,242,8.30596615942029,7.21014423076923,6.95193548387097,7.56232447368421,7.88583333333333,138,104,31,38,204,27309,16891,10418,3214,4360,22949,8.09817255520158,8.60996739151028,7.26838501631791,7.29778180460485,8.08481218577981,8.10071084491698,118
"121",2021,9,7.94160377358491,212,8.30752293577982,7.55436893203883,7.03571428571429,7.93916666666667,7.94191489361702,109,103,28,24,188,27521,17000,10521,3242,4384,23137,8.09696647323861,8.60802818882353,7.27118478281532,7.29551842072794,8.08401485629562,8.09942054631109,119
"122",2021,10,8.0043704,225,8.5891243220339,7.35950158878505,6.74285714285714,7.72666666666667,8.04709405128205,118,107,21,30,195,27746,17118,10628,3263,4414,23332,8.09621558603042,8.60789787825681,7.27207393394806,7.29196160588415,8.08158611916629,8.09898322132692,120
"123",2021,11,8.01133607438017,242,8.35808695652174,7.69734905511811,7.31603594594595,7.62333333333333,8.06624212264151,115,127,37,30,212,27988,17233,10755,3300,4444,23544,8.09548167000143,8.60623082922301,7.27709577870758,7.29223153030303,8.07849260351035,8.09868840681277,121
"124",2021,12,8.18971498141264,269,8.46323043209877,7.77560747663551,6.99677419354839,8.33548387096774,8.17072827731092,162,107,31,31,238,28257,17395,10862,3331,4475,23782,8.09637874898255,8.60489906352401,7.28200654575585,7.28948185229661,8.08027287821229,8.09940935076948,122
"125",2022,1,7.99707476923077,390,8.43839519650655,7.36935813664596,6.95525634615385,7.6548,8.04740929411765,229,161,52,50,340,28647,17624,11023,3383,4525,24122,8.09502682549656,8.60273557137994,7.28328238773474,7.28434448122968,8.07557152044199,8.09867640908713,123
"126",2022,2,7.96821120689655,232,8.53507518796992,7.20666666666667,6.93333333333333,8.3875,7.91983173076923,133,99,21,24,208,28879,17757,11122,3404,4549,24330,8.09400804979397,8.60222879484147,7.2826004099982,7.28217901880141,8.07721721916905,8.09714744512946,124
"127",2022,3,8.19397129186603,209,8.70645161290323,7.44635294117647,7.23631578947368,7.78653846153846,8.25185792349727,124,85,19,26,183,29088,17881,11207,3423,4575,24513,8.09472629503575,8.60295155248588,7.28384239850094,7.28192444639205,8.07556527431694,8.09830242483579,125
"128",2022,4,7.92506849315069,219,8.56145299145299,7.19509803921569,6.44,7.3276,8.0020618556701,117,102,20,25,194,29307,17998,11309,3443,4600,24707,8.09345850718258,8.60268178186466,7.28304198072332,7.27703380191693,8.07150024565217,8.09754674140931,126
"129",2022,5,8.01553648068669,233,8.33172932330827,7.595,7.12037037037037,7.45304347826087,8.07714285714286,133,100,27,23,210,29540,18131,11409,3470,4623,24917,8.09284388862559,8.60069420936518,7.28577629590674,7.27581480691642,8.06842334631192,8.0973747778625,127
"130",2022,6,7.91305555,200,8.43174602040816,7.41470588235294,6.55,8.16,7.88561727777778,98,102,18,20,180,29740,18229,11511,3488,4643,25097,8.09163482111634,8.59978593559713,7.28691875249761,7.27206920298165,8.06881781822097,8.09585601665537,128
"131",2022,7,8.06432794354839,248,8.31505444444444,7.66052631578947,7.12285714285714,7.99259259259259,8.07309199095023,153,95,21,27,221,29988,18382,11606,3509,4670,25318,8.0914089939309,8.59741601294745,7.28997688781665,7.27117622684525,8.06837711563169,8.09565731021407,129
"132",2022,8,7.98837428070175,285,8.36488174193548,7.53946153846154,6.68611111111111,7.86666666666667,8.00269282352941,155,130,36,30,255,30273,18537,11736,3545,4700,25573,8.09043899118026,8.5954716415817,7.29274043626449,7.26523480394922,8.06708960212766,8.09473031908653,130
"133",2022,9,8.20603448275862,116,8.58307692307692,7.72549019607843,7.09090909090909,8.65833333333333,8.15384615384615,65,51,11,12,104,30389,18602,11787,3556,4712,25677,8.09088023890223,8.59542833136222,7.29461285823365,7.2646955511811,8.06859531621392,8.09496975698095,131
"134",2022,10,8.2192,125,8.37714285714286,8.01818181818182,7.7,8.45416666666667,8.19424778761062,70,55,10,12,113,30514,18672,11842,3566,4724,25790,8.0914058982762,8.59460999464439,7.2979734639419,7.26591625911385,8.06957475232853,8.09540474796432,132
"135",2022,11,7.96511111111111,270,8.37884297520661,7.62912751677852,7.15,8.39047619047619,7.92923694779117,121,149,30,21,249,30784,18793,11991,3596,4745,26039,8.09029819321725,8.5932207641143,7.30208837961805,7.26494921579533,8.07099496944151,8.09381575521333,133
"136",2022,12,8.00254180602007,299,8.4873125,7.44453237410072,7.00461538461538,8.32166666666667,7.96695167286245,160,139,26,30,269,31083,18953,12130,3622,4775,26308,8.08945402889039,8.59232669339946,7.30372067271229,7.2630804472667,8.07256987015707,8.0925185665957,134
