"","year","month","avg_rating","no_ratings","avg_rating_owned","avg_rating_not_owned","avg_rating_prev_owned","avg_rating_comment","avg_rating_no_comment","no_ratings_owned","no_ratings_not_owned","no_ratings_prev_owned","no_ratings_comment","no_ratings_no_comment","cum_no_ratings","cum_no_ratings_owned","cum_no_ratings_not_owned","cum_no_ratings_prev_owned","cum_no_ratings_comment","cum_no_ratings_no_comment","cum_avg_rating","cum_avg_rating_owned","cum_avg_rating_not_owned","cum_avg_rating_prev_owned","cum_avg_rating_comment","cum_avg_rating_no_comment","month_after_release"
"1",2001,5,6,1,6,NA,NA,NA,6,1,0,0,0,1,1,1,0,0,0,1,6,6,NA,NA,NA,6,0
"2",2001,6,7,2,7,NA,NA,NA,7,2,0,0,0,2,3,3,0,0,0,3,6.66666666666667,6.66666666666667,NA,NA,NA,6.66666666666667,1
"3",2001,7,5,1,NA,5,NA,NA,5,0,1,0,0,1,4,3,1,0,0,4,6.25,6.66666666666667,5,NA,NA,6.25,2
"4",2001,8,6.66666666666667,3,6.5,7,NA,7,6.5,2,1,0,1,2,7,5,2,0,1,6,6.42857142857143,6.6,6,NA,7,6.33333333333333,3
"5",2001,9,6,1,6,NA,NA,NA,6,1,0,0,0,1,8,6,2,0,1,7,6.375,6.5,6,NA,7,6.28571428571429,4
"6",2001,10,10,1,10,NA,NA,NA,10,1,0,0,0,1,9,7,2,0,1,8,6.77777777777778,7,6,NA,7,6.75,5
"7",2001,11,6.75,4,6.75,NA,NA,NA,6.75,4,0,0,0,4,13,11,2,0,1,12,6.76923076923077,6.90909090909091,6,NA,7,6.75,6
"8",2001,12,6.5,2,8,5,NA,NA,6.5,1,1,0,0,2,15,12,3,0,1,14,6.73333333333333,7,5.66666666666667,NA,7,6.71428571428571,7
"9",2002,1,6.5,2,6.5,NA,NA,5,8,2,0,0,1,1,17,14,3,0,2,15,6.70588235294118,6.92857142857143,5.66666666666667,NA,6,6.8,8
"10",2002,3,5.5,2,5.5,NA,NA,6,5,2,0,0,1,1,19,16,3,0,3,16,6.57894736842105,6.75,5.66666666666667,NA,6,6.6875,10
"11",2002,4,7.4,5,7.4,NA,NA,8.5,6.66666666666667,5,0,0,2,3,24,21,3,0,5,19,6.75,6.90476190476191,5.66666666666667,NA,7,6.68421052631579,11
"12",2002,5,6,1,6,NA,NA,NA,6,1,0,0,0,1,25,22,3,0,5,20,6.72,6.86363636363636,5.66666666666667,NA,7,6.65,12
"13",2002,6,6.83333333333333,3,6.83333333333333,NA,NA,NA,6.83333333333333,3,0,0,0,3,28,25,3,0,5,23,6.73214285714286,6.86,5.66666666666667,NA,7,6.67391304347826,13
"14",2002,7,6,1,NA,6,NA,NA,6,0,1,0,0,1,29,25,4,0,5,24,6.70689655172414,6.86,5.75,NA,7,6.64583333333333,14
"15",2002,8,6,1,6,NA,NA,NA,6,1,0,0,0,1,30,26,4,0,5,25,6.68333333333333,6.82692307692308,5.75,NA,7,6.62,15
"16",2002,9,6.6,5,7.25,4,NA,6,7.5,4,1,0,3,2,35,30,5,0,8,27,6.67142857142857,6.88333333333333,5.4,NA,6.625,6.68518518518519,16
"17",2002,10,7,1,NA,7,NA,7,NA,0,1,0,1,0,36,30,6,0,9,27,6.68055555555556,6.88333333333333,5.66666666666667,NA,6.66666666666667,6.68518518518519,17
"18",2002,11,6.75,4,6.75,NA,NA,6,7.5,4,0,0,2,2,40,34,6,0,11,29,6.6875,6.86764705882353,5.66666666666667,NA,6.54545454545455,6.74137931034483,18
"19",2002,12,7,3,7,NA,NA,NA,7,3,0,0,0,3,43,37,6,0,11,32,6.7093023255814,6.87837837837838,5.66666666666667,NA,6.54545454545455,6.765625,19
"20",2003,1,7.2,5,7.2,NA,NA,6,7.5,5,0,0,1,4,48,42,6,0,12,36,6.76041666666667,6.91666666666667,5.66666666666667,NA,6.5,6.84722222222222,20
"21",2003,2,7.05,6,7.06,7,7,6.93333333333333,7.16666666666667,5,1,1,3,3,54,47,7,1,15,39,6.79259259259259,6.93191489361702,5.85714285714286,7,6.58666666666667,6.87179487179487,21
"22",2003,3,6.6,10,7.16666666666667,5.75,NA,7,6.33333333333333,6,4,0,4,6,64,53,11,1,19,45,6.7625,6.95849056603774,5.81818181818182,7,6.67368421052632,6.8,22
"23",2003,4,6.75,6,6.75,6.75,6.75,7.5,6.6,4,2,2,1,5,70,57,13,3,20,50,6.76142857142857,6.94385964912281,5.96153846153846,6.83333333333333,6.715,6.78,23
"24",2003,5,7.25,8,7,9,NA,7,7.5,7,1,0,4,4,78,64,14,3,24,54,6.81153846153846,6.95,6.17857142857143,6.83333333333333,6.7625,6.83333333333333,24
"25",2003,6,5.33333333333333,3,7,4.5,NA,5.5,5,1,2,0,2,1,81,65,16,3,26,55,6.75679012345679,6.95076923076923,5.96875,6.83333333333333,6.66538461538461,6.8,25
"26",2003,7,7.02173913043478,23,7.26470588235294,6.33333333333333,8,6.25,7.29411764705882,17,6,1,6,17,104,82,22,4,32,72,6.81538461538462,7.01585365853659,6.06818181818182,7.125,6.5875,6.91666666666667,26
"27",2003,8,6.05,10,6.7,5.4,NA,5.75,6.125,5,5,0,2,8,114,87,27,4,34,80,6.74824561403509,6.99770114942529,5.94444444444444,7.125,6.53823529411765,6.8375,27
"28",2003,9,6.89166666666667,12,7.18888888888889,6,NA,6.4,7.05555555555556,9,3,0,3,9,126,96,30,4,37,89,6.76190476190476,7.015625,5.95,7.125,6.52702702702703,6.85955056179775,28
"29",2003,10,6.6875,8,7,6.16666666666667,6,6.75,6.66666666666667,5,3,1,2,6,134,101,33,5,39,95,6.75746268656716,7.01485148514851,5.96969696969697,6.9,6.53846153846154,6.84736842105263,29
"30",2003,11,7.5,2,9,6,6,7.5,NA,1,1,1,2,0,136,102,34,6,41,95,6.76838235294118,7.0343137254902,5.97058823529412,6.75,6.58536585365854,6.84736842105263,30
"31",2003,12,6.35714285714286,7,6.41666666666667,6,NA,7,6.1,6,1,0,2,5,143,108,35,6,43,100,6.74825174825175,7,5.97142857142857,6.75,6.6046511627907,6.81,31
"32",2004,1,7.4,10,7.44444444444444,7,NA,7.66666666666667,7.28571428571429,9,1,0,3,7,153,117,36,6,46,107,6.79084967320261,7.03418803418803,6,6.75,6.67391304347826,6.8411214953271,32
"33",2004,2,6.79411764705882,17,7.19230769230769,5.5,NA,7.75,6.5,13,4,0,4,13,170,130,40,6,50,120,6.79117647058824,7.05,5.95,6.75,6.76,6.80416666666667,33
"34",2004,3,7.14583333333333,24,7.23684210526316,6.8,6.5,7.42857142857143,7.02941176470588,19,5,2,7,17,194,149,45,8,57,137,6.83505154639175,7.0738255033557,6.04444444444444,6.6875,6.84210526315789,6.83211678832117,34
"35",2004,4,7.27272727272727,11,7.66666666666667,5.5,NA,7,7.5,9,2,0,5,6,205,158,47,8,62,143,6.85853658536585,7.10759493670886,6.02127659574468,6.6875,6.85483870967742,6.86013986013986,35
"36",2004,5,7.33,10,8.36,6.3,NA,7,7.55,5,5,0,4,6,215,163,52,8,66,149,6.88046511627907,7.14601226993865,6.04807692307692,6.6875,6.86363636363636,6.88791946308725,36
"37",2004,6,7,11,6.88888888888889,7.5,7.5,NA,7,9,2,2,0,11,226,172,54,10,66,160,6.88628318584071,7.13255813953488,6.10185185185185,6.85,6.86363636363636,6.895625,37
"38",2004,7,6.66666666666667,15,6.90909090909091,6,NA,6.5,6.72727272727273,11,4,0,4,11,241,183,58,10,70,171,6.87261410788382,7.11912568306011,6.0948275862069,6.85,6.84285714285714,6.88479532163743,38
"39",2004,8,7.21538461538462,13,7.21538461538462,NA,NA,7,7.31111111111111,13,0,0,4,9,254,196,58,10,74,180,6.89015748031496,7.12551020408163,6.0948275862069,6.85,6.85135135135135,6.90611111111111,39
"40",2004,9,6.35714285714286,7,6.5,6.25,7,6,6.5,3,4,1,2,5,261,199,62,11,76,185,6.87586206896552,7.11608040201005,6.10483870967742,6.86363636363636,6.82894736842105,6.89513513513513,40
"41",2004,10,7.11764705882353,17,7.4,5,4,7,7.18181818181818,15,2,1,6,11,278,214,64,12,82,196,6.89064748201439,7.13598130841121,6.0703125,6.625,6.84146341463415,6.91122448979592,41
"42",2004,11,6.77272727272727,11,6.94444444444444,6,NA,7,6.72222222222222,9,2,0,2,9,289,223,66,12,84,205,6.88615916955017,7.12825112107623,6.06818181818182,6.625,6.84523809523809,6.90292682926829,42
"43",2004,12,6.65,10,6.72222222222222,6,NA,7.3,6,9,1,0,5,5,299,232,67,12,89,210,6.87826086956522,7.1125,6.06716417910448,6.625,6.87078651685393,6.88142857142857,43
"44",2005,1,6.66842105263158,19,7.05,5.6,7,7,6.55,14,5,1,5,14,318,246,72,13,94,224,6.86572327044025,7.10894308943089,6.03472222222222,6.65384615384615,6.87765957446809,6.86071428571429,44
"45",2005,2,6.88947368421053,19,7.19333333333333,5.75,6,7,6.825,15,4,2,7,12,337,261,76,15,101,236,6.86706231454006,7.11379310344828,6.01973684210526,6.56666666666667,6.88613861386139,6.85889830508475,45
"46",2005,3,6.66666666666667,15,6.90909090909091,6,5,6.75,6.63636363636364,11,4,1,4,11,352,272,80,16,105,247,6.85852272727273,7.10551470588235,6.01875,6.46875,6.88095238095238,6.84898785425101,46
"47",2005,4,6.26666666666667,15,6.75,5.71428571428571,6.33333333333333,6.625,5.85714285714286,8,7,3,8,7,367,280,87,19,113,254,6.83433242506812,7.09535714285714,5.99425287356322,6.44736842105263,6.86283185840708,6.82165354330709,47
"48",2005,5,6.61176470588235,17,7.125,6.15555555555556,7,6.5,6.67272727272727,8,9,2,6,11,384,288,96,21,119,265,6.82447916666667,7.09618055555556,6.009375,6.5,6.84453781512605,6.81547169811321,48
"49",2005,6,7.15,10,7.21428571428571,7,7,6.5,7.58333333333333,7,3,2,4,6,394,295,99,23,123,271,6.83274111675127,7.09898305084746,6.03939393939394,6.54347826086957,6.83333333333333,6.83247232472325,49
"50",2005,7,6.79166666666667,12,7.1875,6,NA,6.33333333333333,6.94444444444444,8,4,0,3,9,406,303,103,23,126,280,6.83152709359606,7.1013201320132,6.0378640776699,6.54347826086957,6.82142857142857,6.83607142857143,50
"51",2005,8,7,10,7.125,6.5,7,6.66666666666667,7.14285714285714,8,2,1,3,7,416,311,105,24,129,287,6.83557692307692,7.10192926045016,6.04666666666667,6.5625,6.81782945736434,6.84355400696864,51
"52",2005,9,6.92307692307692,13,6.92307692307692,NA,NA,7.66666666666667,6.7,13,0,0,3,10,429,324,105,24,132,297,6.83822843822844,7.09475308641975,6.04666666666667,6.5625,6.83712121212121,6.83872053872054,52
"53",2005,10,6.66666666666667,18,6.92857142857143,5.75,8,6.25,7,14,4,1,8,10,447,338,109,25,140,307,6.83131991051454,7.08786982248521,6.03577981651376,6.62,6.80357142857143,6.84397394136808,53
"54",2005,11,7.175,20,7.46153846153846,6.64285714285714,7,7,7.29166666666667,13,7,1,8,12,467,351,116,26,148,319,6.84603854389722,7.1017094017094,6.07241379310345,6.63461538461539,6.81418918918919,6.86081504702195,54
"55",2005,12,6.82142857142857,14,6.77272727272727,7,NA,7,6.72222222222222,11,3,0,5,9,481,362,119,26,153,328,6.84532224532224,7.09171270718232,6.09579831932773,6.63461538461539,6.8202614379085,6.85701219512195,55
"56",2006,1,7.32380952380952,21,7.54444444444444,6,6,7.86,7.15625,18,3,1,5,16,502,380,122,27,158,344,6.86533864541833,7.11315789473684,6.09344262295082,6.61111111111111,6.85316455696203,6.87093023255814,56
"57",2006,2,6.73333333333333,15,7,5.66666666666667,6.5,7,6.55555555555556,12,3,2,6,9,517,392,125,29,164,353,6.86150870406189,7.10969387755102,6.0832,6.60344827586207,6.85853658536585,6.8628895184136,57
"58",2006,3,6.77272727272727,11,7,6.16666666666667,NA,8.125,6,8,3,0,4,7,528,400,128,29,168,360,6.85965909090909,7.1075,6.08515625,6.60344827586207,6.88869047619048,6.84611111111111,58
"59",2006,4,6.625,8,6.85714285714286,5,NA,6.5,6.75,7,1,0,4,4,536,407,129,29,172,364,6.85615671641791,7.1031941031941,6.07674418604651,6.60344827586207,6.8796511627907,6.84505494505495,59
"60",2006,5,6.88235294117647,17,6.96153846153846,6.625,7.25,7,6.84615384615385,13,4,2,4,13,553,420,133,31,176,377,6.85696202531645,7.09880952380952,6.09323308270677,6.64516129032258,6.88238636363636,6.84509283819629,60
"61",2006,6,6.5625,8,6.64285714285714,6,6,6.375,6.75,7,1,1,4,4,561,427,134,32,180,381,6.85276292335116,7.09133489461358,6.09253731343284,6.625,6.87111111111111,6.84409448818898,61
"62",2006,7,6.76315789473684,19,7.07692307692308,6.08333333333333,6.75,7.3,6.57142857142857,13,6,4,5,14,580,440,140,36,185,395,6.84982758620689,7.09090909090909,6.09214285714286,6.63888888888889,6.8827027027027,6.83443037974684,62
"63",2006,8,6.64285714285714,7,6.7,6.5,7,6.75,6.5,5,2,1,4,3,587,445,142,37,189,398,6.84735945485519,7.08651685393258,6.09788732394366,6.64864864864865,6.87989417989418,6.83190954773869,63
"64",2006,9,6.44444444444444,9,6.5,6.375,NA,7.25,5.8,5,4,0,4,5,596,450,146,37,193,403,6.84127516778523,7.08,6.10547945205479,6.64864864864865,6.88756476683938,6.81910669975186,64
"65",2006,10,6.71764705882353,17,7.01666666666667,6,NA,6.16666666666667,7.01818181818182,12,5,0,6,11,613,462,151,37,199,414,6.83784665579119,7.07835497835498,6.10198675496689,6.64864864864865,6.86582914572864,6.8243961352657,65
"66",2006,11,6.21428571428571,14,6.75,5.5,5.33333333333333,6.16666666666667,6.25,8,6,3,6,8,627,470,157,40,205,422,6.82392344497608,7.07276595744681,6.07898089171974,6.55,6.84536585365854,6.81350710900474,66
"67",2006,12,7,15,7.27272727272727,6.25,6.5,7,7,11,4,2,1,14,642,481,161,42,206,436,6.82803738317757,7.07733887733888,6.0832298136646,6.54761904761905,6.84611650485437,6.81949541284404,67
"68",2007,1,7.31578947368421,19,7.43333333333333,6.875,NA,7.58333333333333,7.19230769230769,15,4,0,6,13,661,496,165,42,212,449,6.84205748865355,7.08810483870968,6.10242424242424,6.54761904761905,6.86698113207547,6.83028953229399,68
"69",2007,2,6.82337894736842,19,6.50833333333333,7.36345714285714,7,6.28333333333333,7.07263076923077,12,7,2,6,13,680,508,172,44,218,462,6.84153558823529,7.0744094488189,6.15374534883721,6.56818181818182,6.85091743119266,6.83710865800866,69
"70",2007,3,6.75380952380952,21,6.77357142857143,6.71428571428571,6.5,7,6.56916666666667,14,7,2,9,12,701,522,179,46,227,474,6.83890756062767,7.06634099616858,6.17566592178771,6.56521739130435,6.8568281938326,6.8303253164557,70
"71",2007,4,7.58823529411765,17,7.75,7.2,8,7.9375,7.27777777777778,12,5,2,8,9,718,534,184,48,235,483,6.85664930362117,7.08170411985019,6.20350108695652,6.625,6.8936170212766,6.83866293995859,71
"72",2007,5,6.51818181818182,22,6.79333333333333,5.92857142857143,6.33333333333333,6.33333333333333,6.5875,15,7,3,6,16,740,549,191,51,241,499,6.84658675675676,7.07382513661202,6.19342513089005,6.6078431372549,6.87966804979253,6.83060961923848,72
"73",2007,6,7,17,7.16666666666667,6.6,6.66666666666667,6.66666666666667,7.07142857142857,12,5,3,3,14,757,561,196,54,244,513,6.8500319682959,7.0758110516934,6.20379693877551,6.61111111111111,6.87704918032787,6.83718167641326,73
"74",2007,7,6.5,9,6.78571428571429,5.5,7,7.5,6,7,2,1,3,6,766,568,198,55,247,519,6.84591932114882,7.07223591549296,6.19668787878788,6.61818181818182,6.88461538461539,6.82750327552987,74
"75",2007,8,7.14285714285714,14,7.4,6.5,6,7.14285714285714,7.14285714285714,10,4,2,7,7,780,578,202,57,254,526,6.85124897435897,7.07790657439446,6.20269405940594,6.59649122807018,6.89173228346457,6.8317,75
"76",2007,9,7.38888888888889,18,7.77777777777778,7,7,6.85714285714286,7.72727272727273,9,9,1,7,11,798,587,211,58,261,537,6.86337619047619,7.08863713798978,6.23670236966825,6.60344827586207,6.89080459770115,6.85004506517691,76
"77",2007,10,6.81818181818182,22,7,6.5,6,7.0625,6.67857142857143,14,8,2,8,14,820,601,219,60,269,551,6.86216365853658,7.08657237936772,6.2463205479452,6.58333333333333,6.89591078066915,6.84568820326679,77
"78",2007,11,6.51785714285714,28,6.88235294117647,5.95454545454545,7.75,6.04166666666667,6.875,17,11,2,12,16,848,618,230,62,281,567,6.85079504716981,7.08095469255663,6.23236608695652,6.62096774193548,6.85943060498221,6.84651534391535,78
"79",2007,12,6.92857142857143,21,7.2,6.25,5.83333333333333,7.11111111111111,6.79166666666667,15,6,3,9,12,869,633,236,65,290,579,6.8526745684695,7.083775671406,6.23281440677966,6.58461538461538,6.86724137931034,6.84537858376511,79
"80",2008,1,6.93939393939394,33,7.20833333333333,6.22222222222222,6,7.36666666666667,6.58333333333333,24,9,2,15,18,902,657,245,67,305,597,6.85584722838137,7.08832572298326,6.23242530612245,6.56716417910448,6.89180327868852,6.83747772194305,80
"81",2008,2,6.73529411764706,17,7.45,5.71428571428571,6.5,6.61111111111111,6.875,10,7,1,9,8,919,667,252,68,314,605,6.85361719260065,7.09374812593703,6.21803253968254,6.56617647058824,6.88375796178344,6.83797388429752,81
"82",2008,3,6.6,19,7.12857142857143,6.29166666666667,7,5.88888888888889,7.24,7,12,2,9,10,938,674,264,70,323,615,6.84847995735607,7.09410979228487,6.22137954545455,6.57857142857143,6.85603715170279,6.84451089430894,82
"83",2008,4,6.59375,16,6.95833333333333,5.5,5.33333333333333,6.66666666666667,6.57692307692308,12,4,3,3,13,954,686,268,73,326,628,6.84420775681342,7.09173469387755,6.21061268656716,6.52739726027397,6.85429447852761,6.83897165605096,83
"84",2008,5,6.28125,16,6.65,5.66666666666667,5.75,6.45454545454545,5.9,10,6,4,11,5,970,696,274,77,337,633,6.8349218556701,7.08538793103448,6.19870145985401,6.48701298701299,6.84124629080119,6.83155481832543,84
"85",2008,6,6.8875,16,7.12,6.5,6,6.5,7.12,10,6,1,6,10,986,706,280,78,343,643,6.83577505070994,7.08587818696884,6.20515785714286,6.48076923076923,6.83527696793003,6.83604074650078,85
"86",2008,7,6.462,25,6.875,5.93636363636364,5.7,6.53,6.41666666666667,14,11,9,10,15,1011,720,291,87,353,658,6.82653234421365,7.08177777777778,6.19499725085911,6.4,6.82662889518414,6.82648054711246,86
"87",2008,8,6.39130434782609,23,6.73076923076923,5.95,6.125,6,6.42857142857143,13,10,8,2,21,1034,733,301,95,355,679,6.81685125725338,7.07555252387449,6.18685780730897,6.37684210526316,6.82197183098592,6.81417407952872,87
"88",2008,9,6.42857142857143,21,6.85714285714286,6.21428571428571,6.4,6.57142857142857,6.35714285714286,7,14,10,7,14,1055,740,315,105,362,693,6.80912246445497,7.07348648648649,6.18807682539683,6.37904761904762,6.81712707182321,6.80494112554113,88
"89",2008,10,6.17272727272727,22,7.02727272727273,5.31818181818182,5.45,6.1,6.21428571428571,11,11,10,8,14,1077,751,326,115,370,707,6.79612274837511,7.07280958721704,6.1587245398773,6.29826086956522,6.80162162162162,6.79324497878359,89
"90",2008,11,6.87142857142857,28,7.095,6.3125,6.1,6.625,7.05625,20,8,5,12,16,1105,771,334,120,382,723,6.79803095022624,7.07338521400778,6.16240778443114,6.29,6.79607329842932,6.7990652835408,90
"91",2008,12,6.8,15,7.25,6.28571428571429,6,6.75,6.81818181818182,8,7,5,4,11,1120,779,341,125,386,734,6.79805732142857,7.07519897304236,6.16493900293255,6.2784,6.79559585492228,6.79935177111717,91
"92",2009,1,6.55263157894737,38,6.89130434782609,6.03333333333333,5.5,6.8125,6.48333333333333,23,15,4,8,30,1158,802,356,129,394,764,6.790003626943,7.06992518703242,6.15939382022472,6.25426356589147,6.79593908629442,6.78694267015707,92
"93",2009,2,6.47,30,6.85714285714286,6.13125,5.8,6.4,6.5,14,16,5,9,21,1188,816,372,134,403,785,6.78192272727273,7.06627450980392,6.15818333333333,6.23731343283582,6.78709677419355,6.77926649681529,93
"94",2009,3,6.73703703703704,27,6.54545454545455,6.86875,6.81666666666667,7.1,6.61,11,16,6,7,20,1215,827,388,140,410,805,6.78092526748971,7.05934703748488,6.18748505154639,6.26214285714286,6.79243902439024,6.77506111801242,94
"95",2009,4,6.69642857142857,28,6.9,6.58333333333333,5.5,6.16666666666667,6.76,10,18,6,3,25,1243,837,406,146,413,830,6.77902188254224,7.05744324970131,6.20503497536946,6.23082191780822,6.78789346246973,6.77460746987952,95
"96",2009,5,6.27407407407407,27,6.53636363636364,6.09375,6.05555555555556,6.25,6.28823529411765,11,16,9,10,17,1270,848,422,155,423,847,6.76828677165354,7.05068396226415,6.20081563981043,6.22064516129032,6.77517730496454,6.76484557260921,96
"97",2009,6,6.87857142857143,28,7.03529411764706,6.63636363636364,6.375,6.83333333333333,6.89090909090909,17,11,4,6,22,1298,865,433,159,429,869,6.7706657935285,7.05038150289017,6.21188036951501,6.22452830188679,6.77599067599068,6.76803705408515,97
"98",2009,7,6.6,19,7.09090909090909,5.925,5.6,5,6.9,11,8,5,3,16,1317,876,441,164,432,885,6.76820364464692,7.0508904109589,6.20667619047619,6.20548780487805,6.76365740740741,6.77042282485876,98
"99",2009,8,6.26363636363636,22,6.62,5.5,5.75,6.1,6.28947368421053,15,7,4,3,19,1339,891,448,168,435,904,6.75991351755041,7.04363636363636,6.195634375,6.19464285714286,6.75908045977012,6.76031438053097,99
"100",2009,9,6.18103448275862,29,7.01923076923077,5.5,5.27777777777778,6.61111111111111,5.9875,13,16,9,9,20,1368,904,464,177,444,924,6.74764195906433,7.04328539823009,6.17164698275862,6.14802259887006,6.75608108108108,6.7435867965368,100
"101",2009,10,6.76206896551724,29,7.125,6.31538461538462,6,6.72222222222222,6.78,16,13,8,9,20,1397,920,477,185,453,944,6.74794144595562,7.04470652173913,6.175564360587,6.14162162162162,6.75540838852097,6.74435826271186,101
"102",2009,11,6.94137931034483,29,7.4875,6.26923076923077,6.5,7.5,6.87692307692308,16,13,5,3,26,1426,936,490,190,456,970,6.75187531556802,7.05227564102564,6.1780493877551,6.15105263157895,6.76030701754386,6.74791154639175,102
"103",2009,12,6.50666666666667,15,6.56,6.4,4.5,5.33333333333333,6.8,10,5,2,3,12,1441,946,495,192,459,982,6.74932283136711,7.04707188160677,6.18029131313131,6.13385416666667,6.75098039215686,6.74854806517312,103
"104",2010,1,6.26206896551724,29,6.35384615384615,6.1875,6.21428571428571,5.94285714285714,6.36363636363636,13,16,7,7,22,1470,959,511,199,466,1004,6.73971034013605,7.03767466110532,6.18051702544031,6.13668341708543,6.73884120171674,6.74011374501992,104
"105",2010,2,6.85294117647059,17,7.22222222222222,6.4375,6.75,7.5,6.58333333333333,9,8,2,5,12,1487,968,519,201,471,1016,6.74100484196368,7.03939049586777,6.18447822736031,6.14278606965174,6.74692144373673,6.73826200787402,105
"106",2010,3,6.69230769230769,13,7.4,6.25,6.625,6.75,6.64285714285714,5,8,4,6,7,1500,973,527,205,477,1023,6.7405828,7.04124357656732,6.18547286527514,6.15219512195122,6.74696016771489,6.7376091886608,106
"107",2010,4,6.33809523809524,21,6.30769230769231,6.3875,6.3,5.33333333333333,6.50555555555556,13,8,5,3,18,1521,986,535,210,480,1041,6.73502577251808,7.03157200811359,6.1884938317757,6.15571428571428,6.738125,6.7335967339097,107
"108",2010,5,6.39166666666667,12,6.88571428571429,5.7,6,6,6.5875,7,5,3,4,8,1533,993,540,213,484,1049,6.73233803000652,7.03054380664653,6.18397074074074,6.15352112676056,6.73202479338843,6.73248255481411,108
"109",2010,6,6.84615384615385,13,6.85714285714286,6.83333333333333,7,6,7.22222222222222,7,6,3,4,9,1546,1000,546,216,488,1058,6.73329508408797,7.02933,6.19110659340659,6.16527777777778,6.72602459016393,6.73664858223062,109
"110",2010,7,6.03846153846154,13,6.41666666666667,5.71428571428571,5.6,6,6.05555555555556,6,7,5,4,9,1559,1006,553,221,492,1067,6.72750109044259,7.025675944334,6.18507088607595,6.1524886877828,6.72012195121951,6.73090365510778,110
"111",2010,8,7.72222222222222,9,7.64285714285714,8,NA,7,7.8125,7,2,0,1,8,1568,1013,555,221,493,1075,6.73321058673469,7.02994076999013,6.19161117117117,6.1524886877828,6.72068965517241,6.73895274418605,111
"112",2010,9,6.46428571428571,14,7,5.92857142857143,6.16666666666667,6.25,6.55,7,7,3,4,10,1582,1020,562,224,497,1085,6.73083072060683,7.02973529411765,6.18833487544484,6.15267857142857,6.7169014084507,6.73721124423963,112
"113",2010,10,5.96666666666667,15,7.3,5.3,4.8,5.25,6.22727272727273,5,10,5,4,11,1597,1025,572,229,501,1096,6.72365322479649,7.03105365853659,6.17280454545455,6.12314410480349,6.70518962075848,6.73209324817518,113
"114",2010,11,6.49821428571429,28,6.97857142857143,6.01785714285714,6.42857142857143,7.02857142857143,6.32142857142857,14,14,7,7,21,1625,1039,586,236,508,1117,6.71976873846154,7.03034648700674,6.16910273037543,6.13220338983051,6.70964566929134,6.72437260519248,114
"115",2010,12,6.73846153846154,13,7.11,5.5,5,7,6.66,10,3,1,3,10,1638,1049,589,237,511,1127,6.71991709401709,7.03110581506196,6.1656947368421,6.12742616033755,6.71135029354207,6.72380141969831,115
"116",2011,1,6.23478260869565,23,7.07142857142857,4.93333333333333,5.375,5.75,6.33684210526316,14,9,4,4,19,1661,1063,598,241,515,1146,6.71319939795304,7.03163687676388,6.1471474916388,6.1149377593361,6.70388349514563,6.71738586387435,116
"117",2011,2,7.11818181818182,11,7.03333333333333,7.5,NA,7.1,7.12857142857143,9,2,0,4,7,1672,1072,600,241,519,1153,6.71586375598086,7.03165111940299,6.151657,6.1149377593361,6.70693641618497,6.71988222029488,117
"118",2011,3,6.46428571428571,21,6.7,6.25,5.7,6.67857142857143,6.35714285714286,10,11,5,7,14,1693,1082,611,246,526,1167,6.7127431777909,7.02858595194085,6.15342749590835,6.10650406504065,6.70655893536122,6.71553059125964,118
"119",2011,4,6.29,10,6.875,5.9,6.6,6.375,6.23333333333333,4,6,4,4,6,1703,1086,617,250,530,1173,6.71026083382267,7.02802025782689,6.15096304700162,6.1144,6.70405660377359,6.71306410912191,119
"120",2011,5,6.93333333333333,15,6.95,6.9,5,5.75,7.11538461538461,10,5,1,2,13,1718,1096,622,251,532,1186,6.71220849825378,7.02730839416058,6.15698424437299,6.10996015936255,6.70046992481203,6.71747403035413,120
"121",2011,6,6.5625,8,7.5,5.625,5.66666666666667,6.66666666666667,6.5,4,4,3,3,5,1726,1100,626,254,535,1191,6.71151460023175,7.02902727272727,6.15358498402556,6.10472440944882,6.70028037383178,6.7165610411419,121
"122",2011,7,6.65,10,6.8125,6,6,6.5,6.6875,8,2,1,2,8,1736,1108,628,255,537,1199,6.71116025345622,7.02746389891697,6.15309585987261,6.1043137254902,6.69953445065177,6.71636713928274,122
"123",2011,8,6.72142857142857,14,7,6.44285714285714,6.275,6.33333333333333,6.82727272727273,7,7,4,3,11,1750,1115,635,259,540,1210,6.7112424,7.02729147982063,6.15629007874016,6.10694980694981,6.6975,6.71737537190083,123
"124",2011,9,6.4,15,6.72222222222222,5.91666666666667,5.9,5,6.61538461538461,9,6,5,2,13,1765,1124,641,264,542,1223,6.70859728045326,7.0248487544484,6.15404711388456,6.1030303030303,6.69123616236162,6.71629125102208,124
"125",2011,10,6.35294117647059,17,6.5,6.27272727272727,6.8,6.66666666666667,6.28571428571429,6,11,5,3,14,1782,1130,652,269,545,1237,6.70520437710438,7.02206194690265,6.15604938650307,6.11598513011152,6.69110091743119,6.7114181083266,125
"126",2011,11,6.25384615384615,13,6.33,6,NA,7,6.11818181818182,10,3,0,2,11,1795,1140,655,269,547,1248,6.70193548746518,7.01599122807017,6.15533465648855,6.11598513011152,6.69223034734918,6.70618926282051,126
"127",2011,12,6.73529411764706,17,7.22222222222222,6.1875,7,6,6.96153846153846,9,8,1,4,13,1812,1149,663,270,551,1261,6.70224845474614,7.01760661444735,6.15572277526395,6.11925925925926,6.68720508166969,6.70882172878668,127
"128",2012,1,6.89130434782609,23,7.17857142857143,6.44444444444444,6,NA,6.89130434782609,14,9,3,0,23,1835,1163,672,273,551,1284,6.70461809264305,7.01954428202923,6.15958958333333,6.11794871794872,6.68720508166969,6.71209049844237,128
"129",2012,2,7.22727272727273,11,6.91666666666667,7.6,7.5,7.25,7.21428571428571,6,5,2,4,7,1846,1169,677,275,555,1291,6.70773250270856,7.01901625320787,6.17022776957164,6.128,6.69126126126126,6.71481347792409,129
"130",2012,3,6.61739130434783,23,6.90909090909091,6.35,6.05,6.74285714285714,6.5625,11,12,4,7,16,1869,1180,689,279,562,1307,6.70662075976458,7.01799152542373,6.1733587808418,6.12688172043011,6.69190391459075,6.71294889058913,130
"131",2012,4,6.68461538461538,13,6.6125,6.8,7.25,7,6.65833333333333,8,5,4,1,12,1882,1188,694,283,563,1319,6.70646875664187,7.01526094276094,6.1778734870317,6.14275618374558,6.69245115452931,6.7124520090978,131
"132",2012,5,7.11818181818182,11,7.27777777777778,6.4,6.5,6.5,7.35,9,2,1,3,8,1893,1197,696,284,566,1327,6.70886117274168,7.01723475355054,6.17851178160919,6.14401408450704,6.69143109540636,6.71629555388093,132
"133",2012,6,6.79090909090909,11,7.28333333333333,6.2,6.33333333333333,6.75,6.81428571428571,6,5,3,4,7,1904,1203,701,287,570,1334,6.70933518907563,7.01856192851205,6.17866504992867,6.14599303135888,6.69184210526316,6.71680974512744,133
"134",2012,7,6.52666666666667,9,6.9,6.06,5.83333333333333,5.5,6.82,5,4,3,2,7,1913,1208,705,290,572,1341,6.70847579717721,7.01807119205298,6.17799177304964,6.14275862068965,6.68767482517482,6.71734839671887,134
"135",2012,8,6.57272727272727,11,7.38333333333333,5.6,5.33333333333333,6.33333333333333,6.6625,6,5,3,3,8,1924,1214,710,293,575,1349,6.70769968814969,7.01987644151565,6.1739214084507,6.13447098976109,6.68582608695652,6.71702312824314,135
"136",2012,9,6.42857142857143,7,8,5.8,6,10,5.83333333333333,2,5,2,1,6,1931,1216,715,295,576,1355,6.70668783013982,7.02148848684211,6.17130657342657,6.1335593220339,6.69157986111111,6.71311011070111,136
"137",2012,10,5.85,12,6.8,5.17142857142857,5.66666666666667,5.55,6,5,7,3,4,8,1943,1221,722,298,580,1363,6.70139691199176,7.02058149058149,6.16161246537396,6.12885906040268,6.68370689655172,6.70892457813646,137
"138",2012,11,7.16,15,6.98571428571429,7.3125,7.1,7,7.17142857142857,7,8,5,1,14,1958,1228,730,303,581,1377,6.7049102145046,7.02038273615635,6.17422493150685,6.14488448844884,6.6842512908778,6.71362687000726,138
"139",2012,12,6.73529411764706,17,7.07692307692308,5.625,6.16666666666667,5.91666666666667,7.18181818181818,13,4,3,6,11,1975,1241,734,306,587,1388,6.70517174683544,7.02097502014504,6.17123188010899,6.14509803921569,6.67640545144804,6.71733731988472,139
"140",2013,1,6.95238095238095,21,7.05555555555556,6.33333333333333,5,6.9,6.96875,18,3,1,5,16,1996,1259,737,307,592,1404,6.70777264529058,7.02146942017474,6.17189172320217,6.1413680781759,6.67829391891892,6.72020242165242,140
"141",2013,2,6.2,10,6.41666666666667,5.875,5.83333333333333,7.5,6.05555555555556,6,4,3,1,9,2006,1265,741,310,593,1413,6.70524137587238,7.01860079051383,6.17028906882591,6.13838709677419,6.67967959527824,6.71596900212314,141
"142",2013,3,5.92325,12,6.6,5.43985714285714,5.51316666666667,5.4158,6.28571428571429,5,7,6,5,7,2018,1270,748,316,598,1420,6.70059127849356,7.01695275590551,6.16345347593583,6.12651582278481,6.66911204013378,6.71384802816901,142
"143",2013,4,6.6,10,6,7,6.5,6.5,6.61111111111111,4,6,3,1,9,2028,1274,754,319,599,1429,6.70009526627219,7.01375981161695,6.17011034482758,6.13002821316614,6.66882971619366,6.71320097970609,143
"144",2013,5,5.1,5,NA,5.1,4.75,4.875,6,0,5,4,4,1,2033,1274,759,323,603,1430,6.69615996064929,7.01375981161695,6.16306086956522,6.11293808049536,6.65693034825871,6.71270223776224,144
"145",2013,6,6.91666666666667,12,6.83333333333333,7,6.5,6.83333333333333,6.94444444444444,6,6,3,3,9,2045,1280,765,326,606,1439,6.69745388753056,7.0129140625,6.16962509803921,6.1165,6.65780363036304,6.71415163307852,145
"146",2013,7,6.725,8,6.46,7.16666666666667,7.25,6.75,6.71666666666667,5,3,2,2,6,2053,1285,768,328,608,1445,6.69756122747199,7.0107626459144,6.17351979166666,6.12341158536585,6.65810690789474,6.71416207612457,146
"147",2013,8,6.825,10,6.82142857142857,6.83333333333333,7.25,7.66666666666667,6.46428571428571,7,3,2,3,7,2063,1292,771,330,611,1452,6.69817896267571,7.00973684210526,6.17608715953307,6.13023939393939,6.6630589198036,6.71295743801653,147
"148",2013,9,6.46666666666667,12,7.18333333333333,5.75,5.9,6,6.62222222222222,6,6,5,3,9,2075,1298,777,335,614,1461,6.69684009638554,7.01053929121726,6.17279691119691,6.12680298507463,6.65981921824104,6.71239849418207,148
"149",2013,10,6.1,7,6.56666666666667,5.75,5,7,5.95,3,4,2,1,6,2082,1301,781,337,615,1467,6.69483342939481,7.00951575710991,6.17063149807938,6.12011572700297,6.66037235772358,6.70928029993183,149
"150",2013,11,5.96428571428571,14,6.33333333333333,5.3,4.5,5.125,6.3,9,5,3,4,10,2096,1310,786,340,619,1477,6.68995381679389,7.00487022900763,6.16509312977099,6.10582058823529,6.650450726979,6.70650927555856,150
"151",2013,12,7,19,7.26923076923077,6.41666666666667,6.41666666666667,6.7,7.10714285714286,13,6,6,5,14,2115,1323,792,346,624,1491,6.69273910165485,7.0074678760393,6.16699898989899,6.11121098265896,6.65084775641026,6.71027109322602,151
"152",2014,1,7.16176470588235,17,7.45454545454545,6.625,6.95,7.4,7.0625,11,6,5,5,12,2132,1334,798,351,629,1503,6.69647898686679,7.01115442278861,6.17044260651629,6.12315954415954,6.65680286168521,6.71308330006653,152
"153",2014,2,6.8,19,7.2,6.35555555555556,6.83333333333333,7.5,6.55,10,9,3,5,14,2151,1344,807,354,634,1517,6.69739339841934,7.01255952380952,6.17250706319702,6.12917796610169,6.66345268138801,6.71157824653922,153
"154",2014,3,6.90909090909091,11,7,6.85714285714286,7.66666666666667,7,6.88888888888889,4,7,3,2,9,2162,1348,814,357,636,1526,6.69847049028677,7.01252225519288,6.17839459459459,6.14209803921568,6.66451100628931,6.71262398427261,154
"155",2014,4,6.30833333333333,27,7.05555555555556,5.93472222222222,6.15,4.74,6.66477272727273,9,18,8,5,22,2189,1357,832,365,641,1548,6.69365838282321,7.01280766396463,6.17312283653846,6.14227123287671,6.6494992199688,6.71194392764858,155
"156",2014,5,5.86111111111111,18,7.16666666666667,4.55555555555556,5,9,5.67647058823529,9,9,3,1,17,2207,1366,841,368,642,1565,6.68686823742637,7.01382137628111,6.15581236623068,6.13295923913043,6.65316043613707,6.70069597444089,156
"157",2014,6,6.71904761904762,21,6.86363636363636,6.56,6.25,6.58333333333333,6.77333333333333,11,10,4,6,15,2228,1377,851,372,648,1580,6.68717154398564,7.01262164124909,6.16056192714453,6.13421774193548,6.65251388888889,6.70138556962025,157
"158",2014,7,6.96,25,7.11538461538461,6.79166666666667,7.2,6.9375,6.97058823529412,13,12,5,8,17,2253,1390,863,377,656,1597,6.69019893475366,7.01358273381295,6.16933742757821,6.14835278514589,6.65598932926829,6.70425122103945,158
"159",2014,8,7.38235294117647,17,7.38461538461539,7.375,7.16666666666667,7.6,7.29166666666667,13,4,3,5,12,2270,1403,867,380,661,1609,6.69538246696035,7.01702066999287,6.17489988465974,6.15639210526316,6.66313010590015,6.70863219390926,159
"160",2014,9,7.06296296296296,27,7.55,6.53846153846154,6.88888888888889,6.75,7.15238095238095,14,13,9,6,21,2297,1417,880,389,667,1630,6.69970317805834,7.02228652081863,6.18027068181818,6.17333933161953,6.66391154422788,6.71434920245399,160
"161",2014,10,6.97857142857143,28,7.30769230769231,6.69333333333333,6.61666666666667,6.875,7.02,13,15,12,8,20,2325,1430,895,401,675,1650,6.70306159139785,7.02488111888112,6.1888694972067,6.1866059850374,6.66641333333333,6.71805406060606,161
"162",2014,11,6.95625,16,7.1,6.8125,7.1,6.86,7,8,8,5,5,11,2341,1438,903,406,680,1661,6.70479205467749,7.02529902642559,6.19439446290144,6.19785467980295,6.66783676470588,6.71992125225768,162
"163",2014,12,6.76666666666667,24,7.025,6.25,6.725,6.48888888888889,6.93333333333333,16,8,4,9,15,2365,1454,911,410,689,1676,6.7054199577167,7.02529573590096,6.194882766191,6.20299756097561,6.66549927431059,6.72183126491647,163
"164",2015,1,7.04,25,7.26470588235294,6.5625,6.625,7.08333333333333,7.02631578947368,17,8,4,6,19,2390,1471,919,414,695,1695,6.70891974895398,7.0280625424881,6.19808291621327,6.20707487922705,6.66910647482014,6.72524436578171,164
"165",2015,2,6.67307692307692,26,7.27777777777778,6.35294117647059,6.4125,5.5,6.82608695652174,9,17,8,3,23,2416,1480,936,422,698,1718,6.70853402317881,7.02958108108108,6.20089551282051,6.21096919431279,6.66408166189112,6.7265944121071,165
"166",2015,3,6.76086956521739,23,7.11538461538461,6.3,6.91666666666667,7,6.725,13,10,6,3,20,2439,1493,946,428,701,1738,6.70902755227552,7.03032819825854,6.20194312896406,6.22086214953271,6.66551925820257,6.72657606444189,166
"167",2015,4,6.525,20,7.25,6.04166666666667,5.875,6.44444444444444,6.59090909090909,8,12,8,9,11,2459,1501,958,436,710,1749,6.7075307848719,7.03149900066622,6.19993549060543,6.21451605504587,6.66271690140845,6.72572281303602,167
"168",2015,5,7.2,20,7.37692307692308,6.87142857142857,6.275,7.32,7.16,13,7,4,5,15,2479,1514,965,440,715,1764,6.71150391286809,7.03446499339498,6.20480642487046,6.21506590909091,6.66731328671329,6.7294156462585,168
"169",2015,6,7.03333333333333,12,7.21111111111111,6.5,NA,8,6.94545454545455,9,3,0,1,11,2491,1523,968,440,716,1775,6.71305427539141,7.03550886408404,6.20572128099173,6.21506590909091,6.66917458100558,6.73075447887324,169
"170",2015,7,6.38,10,6.66666666666667,6.25714285714286,6,6.14285714285714,6.93333333333333,3,7,3,7,3,2501,1526,975,443,723,1778,6.71172259096362,7.03478374836173,6.20609046153846,6.21360948081264,6.66407883817427,6.731096287964,170
"171",2015,8,6.88913043478261,23,7.60384615384615,5.96,5.8,7.33333333333333,6.8225,13,10,5,3,20,2524,1539,985,448,726,1798,6.71333922345483,7.03959064327485,6.20359208121827,6.20899330357143,6.66684435261708,6.73211301446051,171
"172",2015,9,6.62619047619048,21,7.05909090909091,6.15,6.5,7.125,6.50882352941176,11,10,4,4,17,2545,1550,995,452,730,1815,6.71262011787819,7.03972903225806,6.20305346733668,6.2115685840708,6.66935479452055,6.73002159779614,172
"173",2015,10,6.86842105263158,19,7.0625,6.72727272727273,5.66666666666667,6.66666666666667,6.90625,8,11,3,3,16,2564,1558,1006,455,733,1831,6.71377464898596,7.0398459563543,6.20878548707753,6.20797582417582,6.66934379263301,6.73156155106499,173
"174",2015,11,7.05,22,7.77333333333333,5.5,5.5,4,7.1952380952381,15,7,5,1,21,2586,1573,1013,460,734,1852,6.71663503480279,7.04684043229498,6.20388766041461,6.20028043478261,6.66570708446866,6.7368192224622,174
"175",2015,12,6.734,25,7.43076923076923,5.97916666666667,6,5.7,6.93095238095238,13,12,6,4,21,2611,1586,1025,466,738,1873,6.71680130218307,7.04998738965952,6.2012567804878,6.1977017167382,6.660472899729,6.73899583555793,175
"176",2016,1,6.75238095238095,21,7.07142857142857,6.11428571428571,5.8,6.76666666666667,6.75,14,7,5,3,18,2632,1600,1032,471,741,1891,6.71708518237082,7.050175,6.20066686046512,6.19347983014862,6.6609028340081,6.7391005817028,176
"177",2016,2,6.42173913043478,23,6.76428571428571,5.88888888888889,4.66666666666667,7,6.335,14,9,3,3,20,2655,1614,1041,474,744,1911,6.71452662900188,7.04769516728625,6.19797137367915,6.1838164556962,6.66227016129032,6.7348713762428,177
"178",2016,3,6.45,20,7.21428571428571,4.66666666666667,3.66666666666667,5,6.8125,14,6,3,4,16,2675,1628,1047,477,748,1927,6.71254885981308,7.04912776412776,6.18919598853868,6.16798532494759,6.65338101604278,6.73551593149974,178
"179",2016,4,6.81818181818182,22,7.23529411764706,5.4,5,6.5,6.86842105263158,17,5,3,3,19,2697,1645,1052,480,751,1946,6.71341053021876,7.05105167173252,6.18544505703422,6.16068541666667,6.65276830892144,6.73681356628982,179
"180",2016,5,6.56086956521739,23,6.75,6.26666666666667,6,7.16666666666667,6.47,14,9,2,3,20,2720,1659,1061,482,754,1966,6.71212066176471,7.04851115129596,6.18613402450518,6.16001867219917,6.65481299734748,6.7340992878942,180
"181",2016,6,6.4,11,6.6875,5.63333333333333,7,6.5,6.37777777777778,8,3,1,2,9,2731,1667,1064,483,756,1975,6.71086349322593,7.04677864427115,6.18457537593985,6.16175776397515,6.65440343915344,6.7324755443038,181
"182",2016,7,6.73529411764706,17,7,6.25,6.5,8,6.65625,11,6,2,1,16,2748,1678,1070,485,757,1991,6.71101462882096,7.04647199046484,6.18494224299065,6.16315257731959,6.65618097754293,6.73186298342541,182
"183",2016,8,6.875,22,7.65909090909091,6.09090909090909,6.28571428571429,7.5,6.8125,11,11,7,2,20,2770,1689,1081,492,759,2011,6.71231703971119,7.05046181172291,6.18398538390379,6.16489634146341,6.65840447957839,6.73266494281452,183
"184",2016,9,6.0625,8,6.66666666666667,5.7,5.875,7,5.92857142857143,3,5,4,1,7,2778,1692,1086,496,760,2018,6.71044571634269,7.04978132387707,6.18175709023941,6.16255846774193,6.65885394736842,6.7298757185332,184
"185",2016,10,6.875,20,7.20833333333333,6.375,5.875,7.25,6.71428571428571,12,8,4,6,14,2798,1704,1094,500,766,2032,6.71162194424589,7.05089788732394,6.18317020109689,6.160258,6.66348433420365,6.72976830708661,185
"186",2016,11,6.51176470588235,34,6.6,6.38571428571429,6.25,6.75,6.48,20,14,4,4,30,2832,1724,1108,504,770,2062,6.70922252824859,7.04566705336427,6.18572942238267,6.16097023809524,6.66393376623377,6.72613443258972,186
"187",2016,12,6.18,20,6.9875,5.64166666666667,6.16666666666667,5.9,6.27333333333333,8,12,6,5,15,2852,1732,1120,510,775,2077,6.70551129032258,7.04539838337182,6.17990017857143,6.16103725490196,6.65900516129032,6.72286432354357,187
"188",2017,1,6.0993125,24,6.85304545454545,5.46153846153846,5.16666666666667,6.48335714285714,5.94117647058824,11,13,6,7,17,2876,1743,1133,516,782,2094,6.7004526077886,7.04418445209409,6.17165772285966,6.14947480620155,6.65743286445013,6.7165182425979,188
"189",2017,2,6.27941176470588,17,6.41071428571429,5.66666666666667,6,4.75,6.60714285714286,14,3,2,3,14,2893,1757,1136,518,785,2108,6.69797846526098,7.03913688104724,6.17032411971831,6.14889768339768,6.65014331210191,6.71579184060721,189
"190",2017,3,7.33,9,7.82833333333333,6.33333333333333,NA,10,6.99625,6,3,0,1,8,2902,1763,1139,518,786,2116,6.69993855961406,7.04182274532048,6.17075346795434,6.14889768339768,6.65440521628499,6.71685217391304,190
"191",2017,4,6.75238095238095,21,7.25,5.16,4.16666666666667,5.5,6.88421052631579,16,5,3,2,19,2923,1779,1144,521,788,2135,6.70031532671913,7.04369505340079,6.16633583916084,6.13748368522073,6.65147525380711,6.71834154566745,191
"192",2017,5,6.622,25,7.284375,5.44444444444444,5,6.91666666666667,6.58181818181818,16,9,6,3,22,2948,1795,1153,527,791,2157,6.69965118724559,7.04584038997214,6.16070095403296,6.12453320683112,6.65248103666245,6.71694909596662,192
"193",2017,6,6.42619047619048,21,6.745,6.13636363636364,6.83333333333333,6.71428571428571,6.28214285714286,10,11,6,7,14,2969,1805,1164,533,798,2171,6.6977169754126,7.04417368421053,6.16047096219931,6.13251219512195,6.65302318295739,6.71414518654998,193
"194",2017,7,6.73333333333333,18,7.8,5.4,6.125,8,6.575,10,8,4,2,16,2987,1815,1172,537,800,2187,6.69793160361567,7.04833801652893,6.15528003412969,6.13245623836127,6.656390625,6.71312720621856,194
"195",2017,8,6.39473684210526,19,7,5.5625,6,6.875,6.26666666666667,11,8,4,4,15,3006,1826,1180,541,804,2202,6.69601520292748,7.04804682365827,6.15126118644068,6.13147689463956,6.65747823383084,6.71008592188919,195
"196",2017,9,6.61764705882353,17,7.25,5.1,3.83333333333333,5.75,7.09090909090909,12,5,3,6,11,3023,1838,1185,544,810,2213,6.69557449553424,7.04936534276387,6.14682548523207,6.11880330882353,6.65075617283951,6.71197885223678,196
"197",2017,10,6.69666666666667,24,7.11466666666667,6,6.3,6,6.72695652173913,15,9,5,1,23,3047,1853,1194,549,811,2236,6.69558309812931,7.04989395574744,6.14571876046901,6.12045355191257,6.64995376078915,6.71213291592129,197
"198",2017,11,5.91428571428571,21,6.12142857142857,5.5,5.5,6,5.91,14,7,3,1,20,3068,1867,1201,552,812,2256,6.69023523468058,7.04293170862346,6.14195520399667,6.11708152173913,6.64915332512315,6.70502180851064,198
"199",2017,12,6.77,15,6.86818181818182,6.5,6.33333333333333,7,6.7125,11,4,3,3,12,3083,1878,1205,555,815,2268,6.69062332144016,7.04190814696485,6.14314373443983,6.11825045045045,6.65044478527607,6.70506137566137,199
"200",2018,1,6.93188,25,7.16826315789474,6.18333333333333,6.03333333333333,6.58333333333333,7.04194736842105,19,6,3,6,19,3108,1897,1211,558,821,2287,6.69256393178893,7.04317369530838,6.14334285714286,6.11779390681003,6.64995432399513,6.70786016615654,200
"201",2018,2,6.78947368421053,19,7.42857142857143,5,4.66666666666667,7.375,6.63333333333333,14,5,3,4,15,3127,1911,1216,561,825,2302,6.69315276622961,7.04599712192569,6.1386416118421,6.11003386809269,6.6534696969697,6.70737454387489,201
"202",2018,3,7.15714285714286,14,7.20833333333333,6.85,6.5,8.4,6.81818181818182,12,2,1,3,11,3141,1923,1218,562,828,2313,6.69522085323146,7.04701014040562,6.13980968801314,6.11072775800712,6.65979770531401,6.70790151318634,202
"203",2018,4,6.5,10,7.2,5.8,5.5,7,6.375,5,5,2,2,8,3151,1928,1223,564,830,2321,6.69460130117423,7.04740689834025,6.1384204415372,6.10856205673759,6.66061746987952,6.7067540715209,203
"204",2018,5,7.12857142857143,14,7.58,6,7,8,7.06153846153846,10,4,1,1,13,3165,1938,1227,565,831,2334,6.69652091627172,7.05015505675954,6.13796919315403,6.11013982300885,6.66222924187726,6.70873016281062,204
"205",2018,6,5.97857142857143,14,5.52857142857143,6.42857142857143,6,6.7,5.57777777777778,7,7,4,5,9,3179,1945,1234,569,836,2343,6.69335913809374,7.04467892030848,6.13961766612642,6.10936555360281,6.66245514354067,6.70438591549296,205
"206",2018,7,6.31923076923077,13,7.15714285714286,5.34166666666667,4.33333333333333,7.05,6.25833333333333,7,6,3,1,12,3192,1952,1240,572,837,2355,6.69183543233083,7.04508222336066,6.13575661290323,6.1000506993007,6.66291816009558,6.70211303609342,206
"207",2018,8,6.41176470588235,17,7,5.88888888888889,5.6,5.375,6.73076923076923,8,9,5,4,13,3209,1960,1249,577,841,2368,6.69035172951075,7.04489821428571,6.13397774219376,6.09571750433276,6.65679250891795,6.70227035472973,207
"208",2018,9,6.25,16,6.5,6.13636363636364,6.75,6.75,6.17857142857143,5,11,6,2,14,3225,1965,1260,583,843,2382,6.68816703875969,7.0435117048346,6.13399857142857,6.10245111492281,6.65701364175563,6.69919235936188,208
"209",2018,10,6.25,14,6.25,6.25,6.2,7.5,6.15384615384615,6,8,5,1,13,3239,1971,1268,588,844,2395,6.68627313985798,7.04109614408929,6.13473044164038,6.1032806122449,6.65801244075829,6.69623223382046,209
"210",2018,11,6.81230769230769,13,7.06222222222222,6.25,5.66666666666667,4.75,7.18727272727273,9,4,3,2,11,3252,1980,1272,591,846,2406,6.68677696801968,7.04119217171717,6.1350929245283,6.10106429780034,6.65350177304964,6.69847722360765,210
"211",2018,12,6.596875,16,6.75416666666667,6.125,6.5,NA,6.596875,12,4,1,0,16,3268,1992,1276,592,846,2422,6.68633681150551,7.03946310240964,6.13506128526646,6.10173817567568,6.65350177304964,6.69780602807597,211
"212",2019,1,6.623,20,6.51,6.736,7.18666666666667,NA,6.623,10,10,3,0,20,3288,2002,1286,595,846,2442,6.68595155109489,7.03681843156843,6.13973421461897,6.10720840336134,6.65350177304964,6.69719336609336,212
"213",2019,2,6.53571428571429,21,7.07692307692308,5.65625,5,7.5,6.4875,13,8,4,1,20,3309,2015,1294,599,847,2462,6.68499809610154,7.03707717121588,6.13674513137558,6.09981469115192,6.65450118063754,6.69548992688871,213
"214",2019,3,6.28117647058824,17,7.158,5.02857142857143,6,6,6.31866666666667,10,7,3,2,15,3326,2025,1301,602,849,2477,6.68293406494288,7.03767432098765,6.13078262874712,6.09931727574751,6.6529593639576,6.69320799354057,214
"215",2019,4,6.57142857142857,7,6.5,6.75,NA,NA,6.57142857142857,5,2,0,0,7,3333,2030,1303,602,849,2484,6.682699879988,7.03635,6.13173307751343,6.09931727574751,6.6529593639576,6.69286481481481,215
"216",2019,5,6.64705882352941,17,7.0625,6.27777777777778,6.33333333333333,7,6.57142857142857,8,9,3,3,14,3350,2038,1312,605,852,2498,6.68251901492537,7.03645264965652,6.13273490853658,6.10047768595041,6.65418133802817,6.6921842273819,216
"217",2019,6,6.25555555555556,9,6.8,5.16666666666667,NA,6.16666666666667,6.3,6,3,0,3,6,3359,2044,1315,605,855,2504,6.68137502232808,7.03575856164383,6.13053095057034,6.10047768595041,6.65247076023392,6.69124448881789,217
"218",2019,7,6.59688866666667,15,6.99416625,6.14285714285714,4.66666666666667,5,6.71095214285714,8,7,3,1,14,3374,2052,1322,608,856,2518,6.6809994161233,7.03559640838207,6.13059621785174,6.09340296052632,6.65054030373832,6.69135406274821,218
"219",2019,8,6.75,10,6.25,7.08333333333333,7.25,7.25,6.625,4,6,2,2,8,3384,2056,1328,610,858,2526,6.68120331855792,7.03406801070039,6.13490075301205,6.09719508196721,6.65193764568764,6.69114391528108,219
"220",2019,9,5.77647058823529,17,6.47272727272727,4.5,4,4,6.15714285714286,11,6,3,3,14,3401,2067,1334,613,861,2540,6.67668098500441,7.03108071117562,6.12754737631184,6.08693148450245,6.64269744483159,6.6882006023622,220
"221",2019,10,6.41052631578947,19,6.73333333333333,5.2,4.75,7.25,6.18666666666667,15,4,2,4,15,3420,2082,1338,615,865,2555,6.67520234795322,7.02893555715658,6.12477443946188,6.0825837398374,6.64550578034682,6.68525617612524,221
"222",2019,11,6.93809523809524,21,7.16875,6.2,4,4,7.085,16,5,1,1,20,3441,2098,1343,616,866,2575,6.6768067509445,7.03000182554814,6.12505450483991,6.07920292207792,6.64245092378753,6.68836098252427,222
"223",2019,12,6.58333333333333,12,7.4375,4.875,5.75,4.66666666666667,7.22222222222222,8,4,2,3,9,3453,2106,1347,618,869,2584,6.67648190848538,7.03154977682811,6.1213423904974,6.07813754045307,6.63563003452244,6.69022040634675,223
"224",2020,1,6.05333333333333,30,6.39285714285714,5.75625,5.61,4.33333333333333,6.24444444444444,14,16,10,3,27,3483,2120,1363,628,872,2611,6.67111456503015,7.02733199528302,6.11705663976522,6.07068312101911,6.62770928899082,6.68561069705094,224
"225",2020,2,6.25714285714286,21,6.48888888888889,6.08333333333333,5.5,6.33333333333333,6.24444444444444,9,12,4,3,18,3504,2129,1375,632,875,2629,6.66863357020548,7.02505581493659,6.11676232727273,6.06707120253165,6.6267,6.68259015975656,225
"226",2020,3,6.625,12,6.94444444444444,5.66666666666667,6,7,6.55,9,3,2,2,10,3516,2138,1378,634,877,2639,6.66848465017065,7.02471647801684,6.1157824383164,6.0668596214511,6.62755131128848,6.68208773399015,226
"227",2020,4,6.11052631578947,19,6.78571428571429,5.71666666666667,4.75,5.75,6.15294117647059,7,12,6,2,17,3535,2145,1390,640,879,2656,6.66548572277228,7.02393651748252,6.11233683453237,6.0545140625,6.62555460750853,6.67870087725903,227
"228",2020,5,6.23529411764706,17,6.5,5.85714285714286,6,6.35714285714286,6.15,10,7,4,7,10,3552,2155,1397,644,886,2666,6.66342681024775,7.0215052575406,6.11105812455261,6.05417546583851,6.62343397291196,6.67671775318829,228
"229",2020,6,6.89090909090909,22,6.93076923076923,6.83333333333333,6.2,7.15,6.79375,13,9,5,6,16,3574,2168,1406,649,892,2682,6.66482709289312,7.02096117619926,6.11568150782361,6.05529892141756,6.62697589686099,6.67741593214019,229
"230",2020,7,6.38666666666667,15,6.525,5.83333333333333,6,6.76666666666667,6.29166666666667,12,3,1,3,12,3589,2180,1409,650,895,2694,6.66366453886877,7.0182311146789,6.11508034066714,6.05521384615384,6.62744413407821,6.67569767260579,230
"231",2020,8,6.5,12,6.85714285714286,6,6,6.375,6.5625,7,5,3,4,8,3601,2187,1414,653,899,2702,6.66311914190503,7.01771551440329,6.11467340876945,6.05496018376723,6.62632091212458,6.67536252035529,231
"232",2020,9,6.73076923076923,13,6.83333333333333,6.5,7,5.5,7.27777777777778,9,4,1,4,9,3614,2196,1418,654,903,2711,6.66336248754842,7.01695984972678,6.11576036671368,6.05640519877676,6.62133167220376,6.67736242345998,232
"233",2020,10,6.64,15,7.19090909090909,5.125,4.83333333333333,7.275,6.40909090909091,11,4,3,4,11,3629,2207,1422,657,907,2722,6.66326592174153,7.01782683733575,6.11297341772152,6.0508203957382,6.6242144432194,6.67627829904482,233
"234",2020,11,6.6375,16,7.09090909090909,5.64,4,6.375,6.725,11,5,1,4,12,3645,2218,1427,658,911,2734,6.66315282030178,7.01818928313796,6.11131618780659,6.04770364741641,6.62312019758507,6.67649214703731,234
"235",2020,12,5.96428571428571,21,6.55769230769231,5,6,6.33333333333333,5.90277777777778,13,8,3,3,18,3666,2231,1435,661,914,2752,6.65914948990726,7.01550597489915,6.10512069686411,6.04748714069591,6.62216903719912,6.67143151526163,235
"236",2021,1,6.58333333333333,24,6.94444444444444,5.5,5,5,6.65217391304348,18,6,3,1,23,3690,2249,1441,664,915,2775,6.65865637669377,7.01493722987995,6.10260111034004,6.04275451807229,6.62039617486339,6.6712719027027,236
"237",2021,2,6.15454545454545,11,6.45,5.8,5,5,6.27,6,5,1,1,10,3701,2255,1446,665,916,2785,6.65715807349365,7.01343407095344,6.10155477178423,6.04118646616541,6.61862718340611,6.66983107001795,237
"238",2021,3,6.26755555555556,9,7.977,4.9,5.33333333333333,5.954,6.35714285714286,4,5,3,2,7,3710,2259,1451,668,918,2792,6.65621294609165,7.01514025232404,6.09741433494142,6.03800748502994,6.61717919389978,6.66904710959885,238
"239",2021,4,6.42857142857143,14,6.8,5.5,5,7.5,6.34615384615385,10,4,1,1,13,3724,2269,1455,669,919,2805,6.655357150913,7.01419208021155,6.09577195876289,6.03645590433483,6.61813982589771,6.6675506345811,239
"240",2021,5,6.33333333333333,9,6.33333333333333,6.33333333333333,6.33333333333333,6,6.375,6,3,3,1,8,3733,2275,1458,672,920,2813,6.65458077417627,7.01239640879121,6.09626076817558,6.03778125,6.61746793478261,6.66671863846427,240
"241",2021,6,5.85714285714286,7,6.2,5,5,7,5.66666666666667,5,2,2,1,6,3740,2280,1460,674,921,2819,6.65308824331551,7.0106148377193,6.09475904109589,6.03470178041543,6.61788327904452,6.66459011351543,241
"242",2021,7,6.233125,16,6.98285714285714,5.65,5.20833333333333,6.9375,5.99833333333333,7,9,6,4,12,3756,2287,1469,680,925,2831,6.65129926251331,7.01052987756887,6.09203417290674,6.02741029411765,6.61926540540541,6.66176599434829,242
"243",2021,8,6.64444444444444,18,7.04615384615385,5.6,6,5.9,6.93076923076923,13,5,1,5,13,3774,2300,1474,681,930,2844,6.65126656862745,7.01073123043478,6.09036512890095,6.02737004405286,6.61539838709677,6.66299561533052,243
"244",2021,9,6.09090909090909,11,6.83333333333333,5.2,5,5,6.2,6,5,1,1,10,3785,2306,1479,682,931,2854,6.64963805284016,7.01026965741544,6.08735510480054,6.02586363636364,6.61366326530612,6.6613733461808,244
"245",2021,10,6.39166666666667,12,7.68,5.47142857142857,5.325,7,6.27,5,7,4,2,10,3797,2311,1486,686,933,2864,6.6488227627074,7.01171866291649,6.08445370121131,6.02177696793003,6.61449142550911,6.66000681913408,245
"246",2021,11,6.525,8,6.61666666666667,6.25,6.5,7.5,5.94,6,2,1,3,5,3805,2317,1488,687,936,2869,6.64856242575559,7.01069565386275,6.08467620967742,6.0224730713246,6.61732959401709,6.65875201463925,246
"247",2021,12,6.32727272727273,11,6.8,5.5,5.33333333333333,5,6.46,7,4,3,1,10,3816,2324,1492,690,937,2879,6.64763627620545,7.01006102839931,6.08310871313673,6.0194768115942,6.61560352187834,6.65806166377214,247
"248",2022,1,6.70617647058824,17,7.09090909090909,6.00083333333333,5.65,4,6.8753125,11,6,2,1,16,3833,2335,1498,692,938,2895,6.64789591181842,7.01044189721627,6.08277917222964,6.01840895953757,6.61281503198294,6.65926235924007,248
"249",2022,2,6.69705882352941,17,7.01153846153846,5.675,4,7,6.678125,13,4,1,1,16,3850,2348,1502,693,939,2911,6.64811299480519,7.01044796848382,6.08169320905459,6.01549639249639,6.61322736954207,6.65936603572655,249
"250",2022,3,6.35818181818182,11,6.44444444444444,5.97,6,6.36,6.35714285714286,9,2,1,4,7,3861,2357,1504,694,943,2918,6.64728698005698,7.00828673313534,6.08154468085106,6.01547406340058,6.61215323435843,6.65864103152844,250
"251",2022,4,7.3,10,7.125,7.41666666666667,NA,7.5,7.27777777777778,4,6,0,1,9,3871,2361,1510,694,944,2927,6.64897314130716,7.00848446844557,6.0868498013245,6.01547406340058,6.61309375,6.66054476597198,251
"252",2022,5,6.43714285714286,14,6.55636363636364,6,7,6.41666666666667,6.4525,11,3,1,6,8,3885,2372,1513,695,950,2935,6.64820978893179,7.00638778667791,6.08667759418374,6.01689064748201,6.61185315789474,6.65997769335605,252
"253",2022,6,5.23333333333333,12,6.9,4.04285714285714,5.33333333333333,6,5.16363636363636,5,7,3,1,11,3897,2377,1520,698,951,2946,6.64385297151655,7.0061640008414,6.07726526315789,6.01395272206304,6.61120977917981,6.65439053971487,253
"254",2022,7,7.20833333333333,12,7.15,7.5,NA,8.5,6.95,10,2,0,2,10,3909,2387,1522,698,953,2956,6.64558583525198,7.00676658148303,6.07913482260184,6.01395272206304,6.61517366211962,6.65539057171854,254
"255",2022,8,7.46666666666667,9,7.6,7.3,6.1,10,6.74285714285714,5,4,2,2,7,3918,2392,1526,700,955,2963,6.64747193210822,7.00800661789298,6.08233499344692,6.01419857142857,6.62226230366492,6.65559720890989,255
"256",2022,9,6.4375,8,6.4375,NA,NA,7.75,6,8,0,0,2,6,3926,2400,1526,700,957,2969,6.64704407284768,7.00610492916667,6.08233499344692,6.01419857142857,6.62461912225705,6.65427232401482,256
"257",2022,10,6.70923076923077,13,7.53142857142857,5.75,5.5,8,6.60166666666667,7,6,1,1,12,3939,2407,1532,701,958,2981,6.64724930946941,7.00763266722061,6.08103342036554,6.01346504992867,6.62605480167015,6.65406056021469,257
"258",2022,11,6.98695652173913,23,6.92,7.1125,NA,7,6.98636363636364,15,8,0,1,22,3962,2422,1540,701,959,3003,6.64922136042403,7.00708993806771,6.08639168831169,6.01346504992867,6.62644473409802,6.65649501498501,258
"259",2022,12,6.8,19,6.89285714285714,6.54,5.35,7.675,6.56666666666667,14,5,2,4,15,3981,2436,1545,703,963,3018,6.64994097714142,7.00643342775041,6.08785967637541,6.01157752489331,6.63080010384216,6.6560485520212,259
