"","year","month","avg_rating","no_ratings","avg_rating_owned","avg_rating_not_owned","avg_rating_prev_owned","avg_rating_comment","avg_rating_no_comment","no_ratings_owned","no_ratings_not_owned","no_ratings_prev_owned","no_ratings_comment","no_ratings_no_comment","cum_no_ratings","cum_no_ratings_owned","cum_no_ratings_not_owned","cum_no_ratings_prev_owned","cum_no_ratings_comment","cum_no_ratings_no_comment","cum_avg_rating","cum_avg_rating_owned","cum_avg_rating_not_owned","cum_avg_rating_prev_owned","cum_avg_rating_comment","cum_avg_rating_no_comment","month_after_release"
"1",2001,6,6.28571428571429,7,6.75,5.66666666666667,NA,8,6,4,3,0,1,6,7,4,3,0,1,6,6.28571428571429,6.75,5.66666666666667,NA,8,6,0
"2",2001,7,7,1,7,NA,NA,NA,7,1,0,0,0,1,8,5,3,0,1,7,6.375,6.8,5.66666666666667,NA,8,6.14285714285714,1
"3",2001,8,4.75,4,7,4,4,NA,4.75,1,3,1,0,4,12,6,6,1,1,11,5.83333333333333,6.83333333333333,4.83333333333333,4,8,5.63636363636364,2
"4",2001,9,6.6,5,7.33333333333333,5.5,NA,5,7,3,2,0,1,4,17,9,8,1,2,15,6.05882352941176,7,5,4,6.5,6,3
"5",2001,10,7.75,4,7.75,NA,NA,7,8,4,0,0,1,3,21,13,8,1,3,18,6.38095238095238,7.23076923076923,5,4,6.66666666666667,6.33333333333333,4
"6",2001,11,4.5,2,4,5,NA,NA,4.5,1,1,0,0,2,23,14,9,1,3,20,6.21739130434783,7,5,4,6.66666666666667,6.15,5
"7",2001,12,6,1,NA,6,NA,NA,6,0,1,0,0,1,24,14,10,1,3,21,6.20833333333333,7,5.1,4,6.66666666666667,6.14285714285714,6
"8",2002,1,6.66666666666667,3,8,4,NA,NA,6.66666666666667,2,1,0,0,3,27,16,11,1,3,24,6.25925925925926,7.125,5,4,6.66666666666667,6.20833333333333,7
"9",2002,2,8,2,8,NA,NA,8,8,2,0,0,1,1,29,18,11,1,4,25,6.37931034482759,7.22222222222222,5,4,7,6.28,8
"10",2002,3,7,2,7,NA,NA,7,NA,2,0,0,2,0,31,20,11,1,6,25,6.41935483870968,7.2,5,4,7,6.28,9
"11",2002,4,7,1,NA,7,NA,NA,7,0,1,0,0,1,32,20,12,1,6,26,6.4375,7.2,5.16666666666667,4,7,6.30769230769231,10
"12",2002,5,6.8,5,6.8,NA,NA,6,7,5,0,0,1,4,37,25,12,1,7,30,6.48648648648649,7.12,5.16666666666667,4,6.85714285714286,6.4,11
"13",2002,6,6.33333333333333,3,6.33333333333333,NA,NA,NA,6.33333333333333,3,0,0,0,3,40,28,12,1,7,33,6.475,7.03571428571429,5.16666666666667,4,6.85714285714286,6.39393939393939,12
"14",2002,7,6.91666666666667,6,7.1,6,NA,7,6.9,5,1,0,1,5,46,33,13,1,8,38,6.53260869565217,7.04545454545455,5.23076923076923,4,6.875,6.46052631578947,13
"15",2002,8,4.75,4,8,3.66666666666667,NA,3,6.5,1,3,0,2,2,50,34,16,1,10,40,6.39,7.07352941176471,4.9375,4,6.1,6.4625,14
"16",2002,9,6,6,6.75,4.5,4.5,5,6.2,4,2,2,1,5,56,38,18,3,11,45,6.34821428571429,7.03947368421053,4.88888888888889,4.33333333333333,6,6.43333333333333,15
"17",2002,10,5,2,5,NA,NA,6,4,2,0,0,1,1,58,40,18,3,12,46,6.30172413793103,6.9375,4.88888888888889,4.33333333333333,6,6.3804347826087,16
"18",2002,11,7,8,7.14285714285714,6,NA,6.66666666666667,7.2,7,1,0,3,5,66,47,19,3,15,51,6.38636363636364,6.96808510638298,4.94736842105263,4.33333333333333,6.13333333333333,6.46078431372549,17
"19",2002,12,6.5,2,6.5,NA,NA,7,6,2,0,0,1,1,68,49,19,3,16,52,6.38970588235294,6.94897959183673,4.94736842105263,4.33333333333333,6.1875,6.45192307692308,18
"20",2003,1,6,4,6,6,6,NA,6,3,1,1,0,4,72,52,20,4,16,56,6.36805555555556,6.89423076923077,5,4.75,6.1875,6.41964285714286,19
"21",2003,2,6.375,8,6.42857142857143,6,NA,6.33333333333333,6.4,7,1,0,3,5,80,59,21,4,19,61,6.36875,6.83898305084746,5.04761904761905,4.75,6.21052631578947,6.41803278688525,20
"22",2003,3,6.9,6,7.08,6,6,6,7.35,5,1,1,2,4,86,64,22,5,21,65,6.40581395348837,6.8578125,5.09090909090909,5,6.19047619047619,6.47538461538462,21
"23",2003,4,6.8,5,7.33333333333333,6,NA,6.5,7,3,2,0,2,3,91,67,24,5,23,68,6.42747252747253,6.87910447761194,5.16666666666667,5,6.21739130434783,6.49852941176471,22
"24",2003,5,5.57692307692308,13,5.72222222222222,5.25,NA,5.66666666666667,5.375,9,4,0,9,4,104,76,28,5,32,72,6.32115384615385,6.74210526315789,5.17857142857143,5,6.0625,6.43611111111111,23
"25",2003,6,6.41666666666667,12,7.58333333333333,5.25,5,3.75,6.95,6,6,1,2,10,116,82,34,6,34,82,6.33103448275862,6.80365853658537,5.19117647058824,5,5.92647058823529,6.49878048780488,24
"26",2003,7,6.203125,32,6.60869565217391,5.16666666666667,3,6.36363636363636,6.11904761904762,23,9,1,11,21,148,105,43,7,45,103,6.30337837837838,6.76095238095238,5.18604651162791,4.71428571428571,6.03333333333333,6.42135922330097,25
"27",2003,8,6.48461538461538,13,7.14444444444444,5,7,7.46,5.875,9,4,1,5,8,161,114,47,8,50,111,6.31801242236025,6.79122807017544,5.17021276595745,5,6.176,6.38198198198198,26
"28",2003,9,6,8,6.33333333333333,5,4,5,6.33333333333333,6,2,1,2,6,169,120,49,9,52,117,6.30295857988166,6.76833333333333,5.16326530612245,4.88888888888889,6.13076923076923,6.37948717948718,27
"29",2003,10,6.75,4,6.75,NA,NA,NA,6.75,4,0,0,0,4,173,124,49,9,52,121,6.31329479768786,6.76774193548387,5.16326530612245,4.88888888888889,6.13076923076923,6.39173553719008,28
"30",2003,11,7,4,7,NA,NA,7,7,4,0,0,2,2,177,128,49,9,54,123,6.32881355932203,6.775,5.16326530612245,4.88888888888889,6.16296296296296,6.40162601626016,29
"31",2003,12,6.41666666666667,6,6.41666666666667,NA,NA,5.625,8,6,0,0,4,2,183,134,49,9,58,125,6.33169398907104,6.7589552238806,5.16326530612245,4.88888888888889,6.12586206896552,6.4272,30
"32",2004,1,5.57142857142857,7,6,5,NA,5.25,6,4,3,0,4,3,190,138,52,9,62,128,6.30368421052632,6.73695652173913,5.15384615384615,4.88888888888889,6.06935483870968,6.4171875,31
"33",2004,2,6.33333333333333,9,6.33333333333333,NA,NA,5.5,7,9,0,0,4,5,199,147,52,9,66,133,6.30502512562814,6.71224489795918,5.15384615384615,4.88888888888889,6.03484848484849,6.4390977443609,32
"34",2004,3,6.91666666666667,15,7.05357142857143,5,NA,7.125,6.77777777777778,14,1,0,6,9,214,161,53,9,72,142,6.34789719626168,6.74192546583851,5.15094339622642,4.88888888888889,6.12569444444444,6.46056338028169,33
"35",2004,4,6.16666666666667,12,6.45,4.75,NA,6.1,6.21428571428571,10,2,0,5,7,226,171,55,9,77,149,6.33827433628318,6.72485380116959,5.13636363636364,4.88888888888889,6.12402597402598,6.4489932885906,34
"36",2004,5,6.91666666666667,9,7.28125,4,NA,5.5,7.32142857142857,8,1,0,2,7,235,179,56,9,79,156,6.36042553191489,6.74972067039106,5.11607142857143,4.88888888888889,6.10822784810127,6.48814102564103,35
"37",2004,6,5.66666666666667,6,5.66666666666667,NA,NA,6.2,3,6,0,0,5,1,241,185,56,9,84,157,6.34315352697095,6.71459459459459,5.11607142857143,4.88888888888889,6.11369047619048,6.46592356687898,36
"38",2004,7,6.83333333333333,6,6.83333333333333,NA,NA,7.25,6,6,0,0,4,2,247,191,56,9,88,159,6.35506072874494,6.71832460732984,5.11607142857143,4.88888888888889,6.16534090909091,6.46006289308176,37
"39",2004,8,7.39285714285714,14,7.57692307692308,5,NA,7.83333333333333,7.27272727272727,13,1,0,3,11,261,204,57,9,91,170,6.41072796934866,6.77303921568627,5.1140350877193,4.88888888888889,6.22032967032967,6.51264705882353,38
"40",2004,9,6.3125,8,6.7,5.66666666666667,5,6.125,6.5,5,3,2,4,4,269,209,60,11,95,174,6.40780669144981,6.77129186602871,5.14166666666667,4.90909090909091,6.21631578947369,6.51235632183908,39
"41",2004,10,7.14285714285714,7,8.2,4.5,5,6.66666666666667,7.5,5,2,1,3,4,276,214,62,12,98,178,6.42644927536232,6.80467289719626,5.12096774193548,4.91666666666667,6.23010204081633,6.53455056179775,40
"42",2004,11,5.82142857142857,14,6,5.5,6,5.4375,6.33333333333333,9,5,1,8,6,290,223,67,13,106,184,6.39724137931034,6.77219730941704,5.14925373134328,5,6.17028301886793,6.52798913043478,41
"43",2004,12,6.29166666666667,12,7.22222222222222,3.5,3.5,5.7,6.71428571428571,9,3,1,5,7,302,232,70,14,111,191,6.39304635761589,6.78965517241379,5.07857142857143,4.89285714285714,6.1490990990991,6.5348167539267,42
"44",2005,1,5.5,24,6.05882352941176,4.14285714285714,NA,4.625,5.9375,17,7,0,8,16,326,249,77,14,119,207,6.32730061349693,6.73975903614458,4.99350649350649,4.89285714285714,6.04663865546219,6.48864734299517,43
"45",2005,2,6.55555555555556,9,6.85714285714286,5.5,5.5,5.33333333333333,7.16666666666667,7,2,2,3,6,335,256,79,16,122,213,6.3334328358209,6.74296875,5.00632911392405,4.96875,6.02909836065574,6.50774647887324,44
"46",2005,3,5.75,14,5.85,5.5,NA,5.55,6.25,10,4,0,10,4,349,266,83,16,132,217,6.31002865329513,6.7093984962406,5.03012048192771,4.96875,5.99280303030303,6.50299539170507,45
"47",2005,4,6.5,10,7,4.5,8,6.25,6.66666666666667,8,2,1,4,6,359,274,85,17,136,223,6.31532033426184,6.71788321167883,5.01764705882353,5.14705882352941,6.00036764705882,6.50739910313901,46
"48",2005,5,6.86428571428571,14,6.925,6.5,6.5,7,6.81,12,2,2,4,10,373,286,87,19,140,233,6.33592493297587,6.72657342657343,5.05172413793103,5.28947368421053,6.02892857142857,6.52038626609442,47
"49",2005,6,7.1875,8,7.41666666666667,6.5,NA,6.375,8,6,2,0,4,4,381,292,89,19,144,237,6.35380577427821,6.74075342465753,5.08426966292135,5.28947368421053,6.03854166666667,6.54535864978903,48
"50",2005,7,6.13333333333333,15,6.33333333333333,5.33333333333333,6,6.33333333333333,6.08333333333333,12,3,1,3,12,396,304,92,20,147,249,6.34545454545454,6.72467105263158,5.09239130434783,5.325,6.04455782312925,6.52309236947791,49
"51",2005,8,5.6875,16,6,5,7,5.5,5.92857142857143,11,5,1,9,7,412,315,97,21,156,256,6.31990291262136,6.69936507936508,5.08762886597938,5.40476190476191,6.01314102564103,6.5068359375,50
"52",2005,9,6.24615384615385,13,6.3,6.06666666666667,5.2,5.85714285714286,6.7,10,3,1,7,6,425,325,100,22,163,262,6.31764705882353,6.68707692307692,5.117,5.39545454545455,6.00644171779141,6.51125954198473,51
"53",2005,10,6.54166666666667,12,6.54166666666667,NA,NA,6.7,6.42857142857143,12,0,0,5,7,437,337,100,22,168,269,6.32379862700229,6.68189910979228,5.117,5.39545454545455,6.02708333333333,6.50910780669145,52
"54",2005,11,5.43125,16,5.45,5.4,4,5.19,5.83333333333333,10,6,1,10,6,453,347,106,23,178,275,6.29227373068433,6.64639769452449,5.13301886792453,5.33478260869565,5.98005617977528,6.49436363636364,53
"55",2005,12,5.98076923076923,13,6.075,5.66666666666667,NA,6,5.975,10,3,0,3,10,466,357,109,23,181,285,6.28358369098712,6.63039215686274,5.14770642201835,5.33478260869565,5.98038674033149,6.47614035087719,54
"56",2006,1,7.10526315789474,19,7.46153846153846,6.33333333333333,6.5,6.71428571428571,7.33333333333333,13,6,2,7,12,485,370,115,25,188,297,6.31577319587629,6.65959459459459,5.2095652173913,5.428,6.00771276595745,6.51077441077441,55
"57",2006,2,6.57142857142857,7,7,6,6,5,6.83333333333333,4,3,1,1,6,492,374,118,26,189,303,6.31941056910569,6.66323529411765,5.22966101694915,5.45,6.00238095238095,6.51716171617162,56
"58",2006,3,6.28125,16,6.23333333333333,7,7,5.8,6.5,15,1,1,5,11,508,389,119,27,194,314,6.31820866141732,6.64665809768637,5.24453781512605,5.50740740740741,5.99716494845361,6.51656050955414,57
"59",2006,4,6.23076923076923,13,6.9375,5.1,5.5,6,6.33333333333333,8,5,2,4,9,521,397,124,29,198,323,6.31602687140115,6.65251889168766,5.23870967741935,5.50689655172414,5.99722222222222,6.51145510835913,58
"60",2006,5,6.14285714285714,7,6.6,5,NA,5,6.6,5,2,0,2,5,528,402,126,29,200,328,6.31373106060606,6.65186567164179,5.23492063492063,5.50689655172414,5.98725,6.51280487804878,59
"61",2006,6,6.15384615384615,13,6.63636363636364,3.5,NA,5.6,6.5,11,2,0,5,8,541,413,128,29,205,336,6.30988909426987,6.65145278450363,5.2078125,5.50689655172414,5.97780487804878,6.5125,60
"62",2006,7,6.4,10,6.4375,6.25,NA,7.5,6.125,8,2,0,2,8,551,421,130,29,207,344,6.31152450090744,6.64738717339667,5.22384615384615,5.50689655172414,5.99251207729469,6.50348837209302,61
"63",2006,8,6.44444444444444,9,6.57142857142857,6,4,7,6.28571428571429,7,2,1,2,7,560,428,132,30,209,351,6.31366071428571,6.64614485981308,5.23560606060606,5.45666666666667,6.00215311004785,6.4991452991453,62
"64",2006,9,6.5,14,6.72222222222222,6.1,NA,7.33333333333333,6.27272727272727,9,5,0,3,11,574,437,137,30,212,362,6.31820557491289,6.64771167048055,5.26715328467153,5.45666666666667,6.02099056603774,6.49226519337016,63
"65",2006,10,6.01666666666667,12,6.45714285714286,5.4,6,5.58333333333333,6.45,7,5,1,6,6,586,444,142,31,218,368,6.31203071672355,6.64470720720721,5.27183098591549,5.4741935483871,6.00894495412844,6.49157608695652,64
"66",2006,11,6.25,12,6.57142857142857,5.8,6.25,5.4,6.85714285714286,7,5,4,5,7,598,451,147,35,223,375,6.31078595317726,6.64356984478936,5.28979591836735,5.56285714285714,5.99529147982063,6.4984,65
"67",2006,12,6.09615384615385,13,6.30555555555556,5.625,6,6,6.13888888888889,9,4,1,4,9,611,460,151,36,227,384,6.30621931260229,6.63695652173913,5.29867549668874,5.575,5.99537444933921,6.48997395833333,66
"68",2007,1,7,22,7.21052631578947,5.66666666666667,6,6.33333333333333,7.46153846153846,19,3,1,9,13,633,479,154,37,236,397,6.3303317535545,6.65970772442589,5.30584415584415,5.58648648648649,6.00826271186441,6.52178841309824,67
"69",2007,2,6.29413352941176,17,6.51538461538462,5.5750675,NA,6,6.38463615384615,13,4,0,4,13,650,492,158,37,240,410,6.32938503076923,6.65589430894309,5.31265993670886,5.58648648648649,6.008125,6.51743968292683,68
"70",2007,3,6.4,11,6.71111111111111,5,NA,5.66666666666667,6.675,9,2,0,3,8,661,501,160,37,243,418,6.33056016641452,6.65688622754491,5.3087516875,5.58648648648649,6.00390946502058,6.52045519138756,69
"71",2007,4,6.09411764705882,17,6.54615384615385,4.625,5.5,5,6.55,13,4,1,5,12,678,514,164,38,248,430,6.32463166666667,6.65408560311284,5.29207481707317,5.58421052631579,5.98366935483871,6.52127969767442,70
"72",2007,5,6.16923076923077,13,6.10909090909091,6.5,NA,5.95,6.26666666666667,11,2,0,4,9,691,525,166,38,252,439,6.32170806078148,6.64266666666666,5.30662813253012,5.58421052631579,5.98313492063492,6.5160598405467,71
"73",2007,6,7.02777777777778,18,6.83333333333333,8,NA,7.21428571428571,6.90909090909091,15,3,0,7,11,709,540,169,38,259,450,6.33963366713681,6.64796296296296,5.35443946745562,5.58421052631579,6.01640926640927,6.52566726666667,72
"74",2007,7,6.32,20,6.34705882352941,6.16666666666667,6.5,6.18571428571429,6.39230769230769,17,3,1,7,13,729,557,172,39,266,463,6.33909502057613,6.63877917414722,5.36860622093023,5.60769230769231,6.02086466165414,6.52192282937365,73
"75",2007,8,6.80588235294118,17,7.01666666666667,6.3,6.5,5.25,7.28461538461538,12,5,2,4,13,746,569,177,41,270,476,6.34973226541555,6.64674868189806,5.39491677966102,5.65121951219512,6.00944444444444,6.54275266806723,74
"76",2007,9,6.28461538461538,13,7.2125,4.8,6,5.23333333333333,6.6,8,5,1,3,10,759,577,182,42,273,486,6.34861695652174,6.65459272097053,5.37857291208791,5.65952380952381,6.00091575091575,6.54393059670782,75
"77",2007,10,6.23529411764706,17,7,4.4,7,5,6.3125,12,5,1,1,16,776,589,187,43,274,502,6.3461343685567,6.6616298811545,5.35240786096257,5.69069767441861,5.99726277372263,6.53655432270916,76
"78",2007,11,6.47142857142857,28,6.46923076923077,6.5,6,6.8625,6.315,26,2,1,8,20,804,615,189,44,282,522,6.3504978482587,6.65349593495935,5.36455169312169,5.69772727272727,6.0218085106383,6.528065651341,77
"79",2007,12,6.4375,24,6.38095238095238,6.83333333333333,6.5,6.7,6.25,21,3,1,10,14,828,636,192,45,292,536,6.35301964975845,6.64449685534591,5.38750140625,5.71555555555556,6.04503424657534,6.52080274253731,78
"80",2008,1,6.55357142857143,28,6.80434782608696,5.4,4,6.15384615384615,6.9,23,5,2,13,15,856,659,197,47,305,551,6.3595797546729,6.65007587253414,5.38781862944163,5.64255319148936,6.04967213114754,6.5311257168784,79
"81",2008,2,6.97619047619048,21,7.02777777777778,6.66666666666667,NA,7,6.96153846153846,18,3,0,8,13,877,677,200,47,313,564,6.374344663626,6.66011816838995,5.40700135,5.64255319148936,6.07396166134185,6.54104657801418,80
"82",2008,3,5.56190476190476,21,6.28666666666667,3.75,NA,5.78,5.36363636363636,15,6,0,10,11,898,692,206,47,323,575,6.35534551224944,6.65202312138728,5.35873917475728,5.64255319148936,6.06486068111455,6.51852220869565,81
"83",2008,4,6.75,16,7.18181818181818,5.8,6,7.2,6.54545454545455,11,5,1,5,11,914,703,211,48,328,586,6.36225412472648,6.66031294452347,5.36919559241706,5.65,6.08216463414634,6.51902776450512,82
"84",2008,5,6.54210526315789,19,7.75454545454545,4.875,4.5,6.25,6.75454545454545,11,8,4,8,11,933,714,219,52,336,597,6.36591668810289,6.67717086834734,5.35114278538813,5.56153846153846,6.08616071428571,6.52336728643216,83
"85",2008,6,6.50869565217391,23,6.87777777777778,5.18,6,7.14285714285714,6.23125,18,5,2,7,16,956,732,224,54,343,613,6.36935174686192,6.68210382513661,5.34732263392857,5.57777777777778,6.10772594752187,6.51574269168026,84
"86",2008,7,6.9375,24,7.26666666666667,6.38888888888889,6.38888888888889,6.875,7,15,9,9,12,12,980,747,233,63,355,625,6.38326558163265,6.69384203480589,5.38755480686695,5.69365079365079,6.13366197183099,6.525040432,85
"87",2008,8,5.9125,8,6.8,4.43333333333333,5.15,5,6.21666666666667,5,3,2,2,6,988,752,236,65,357,631,6.3794537145749,6.69454787234042,5.37542487288136,5.67692307692308,6.12731092436975,6.5221081933439,86
"88",2008,9,7,21,7.22727272727273,6.75,6.875,7.13636363636364,6.85,11,10,8,11,10,1009,763,246,73,368,641,6.39236894945491,6.70222804718217,5.43130191056911,5.80821917808219,6.15747282608696,6.52722351014041,87
"89",2008,10,6.45714285714286,14,6.74166666666667,4.75,4.75,6.225,6.55,12,2,2,4,10,1023,775,248,75,372,651,6.39325539589443,6.70283870967742,5.42580754032258,5.78,6.15819892473118,6.52757337941628,88
"90",2008,11,6.61904761904762,21,6.93333333333333,5.83333333333333,6.7,5.16666666666667,6.86111111111111,15,6,5,3,18,1044,790,254,80,375,669,6.39779719348659,6.70721518987342,5.43543413385827,5.8375,6.15026666666667,6.53654748878924,89
"91",2008,12,6.66666666666667,21,6.93333333333333,6,7,7.2,6.5,15,6,4,5,16,1065,805,260,84,380,685,6.40309884507042,6.71142857142857,5.44846257692308,5.89285714285714,6.16407894736842,6.53569382481752,90
"92",2009,1,5.63461538461539,26,6.5,4.89285714285714,4.91666666666667,5.3,5.84375,12,14,12,10,16,1091,817,274,96,390,701,6.3847848487626,6.70832313341493,5.42007397810219,5.77083333333333,6.14192307692308,6.5199005278174,91
"93",2009,2,6.22432432432432,37,6.264,6.14166666666667,5.625,6.1875,6.23448275862069,25,12,4,8,29,1128,842,286,100,398,730,6.37952151595745,6.69513064133016,5.4503505944056,5.765,6.1428391959799,6.50856201369863,92
"94",2009,3,6.324,25,6.16470588235294,6.6625,6.5,6.9,5.94,17,8,4,10,15,1153,859,294,104,408,745,6.37831766695577,6.68463329452852,5.48333425170068,5.79326923076923,6.16139705882353,6.49711445637584,93
"95",2009,4,5.61904761904762,21,6.46153846153846,4.25,4.16666666666667,4.57142857142857,6.14285714285714,13,8,6,7,14,1174,872,302,110,415,759,6.36473617546848,6.68130733944954,5.45066314569537,5.70454545454546,6.13457831325301,6.49058006587615,94
"96",2009,5,5.82352941176471,17,6.63636363636364,4.33333333333333,4.5,6.0625,5.61111111111111,11,6,2,8,9,1191,883,308,112,423,768,6.35701114189756,6.68074745186863,5.42889698051948,5.68303571428572,6.13321513002364,6.4802737890625,95
"97",2009,6,5.52,20,5.29,5.75,5.6,5.07142857142857,5.76153846153846,10,10,5,7,13,1211,893,318,117,430,781,6.34318767134599,6.66517357222844,5.43899455974843,5.67948717948718,6.11593023255814,6.46831020486556,96
"98",2009,7,6.25,12,6.83333333333333,5.66666666666667,5.2,6.14285714285714,6.4,6,6,5,7,5,1223,899,324,122,437,786,6.34227331970564,6.6662958843159,5.44321070987654,5.65983606557377,6.11636155606407,6.46787566157761,97
"99",2009,8,5.96,25,6.625,4.77777777777778,5.5,5.71428571428571,6.05555555555556,16,9,3,7,18,1248,915,333,125,444,804,6.33461560096154,6.6655737704918,5.42522603603604,5.656,6.11002252252252,6.45864461442786,98
"100",2009,9,6.72105263157895,19,6.84615384615385,6.45,6.33333333333333,6.33333333333333,6.9,13,6,3,6,13,1267,928,339,128,450,817,6.34041063141279,6.66810344827586,5.44336362831859,5.671875,6.113,6.46566740514076,99
"101",2009,10,6.05416666666667,24,5.76923076923077,6.39090909090909,6.5,4.4,6.48947368421053,13,11,6,5,19,1291,941,350,134,455,836,6.33508928737413,6.65568544102019,5.47314362857143,5.7089552238806,6.09417582417582,6.4662084569378,100
"102",2009,11,5.97083333333333,24,7.11818181818182,5,4.6,5.73333333333333,6.0047619047619,11,13,5,3,21,1315,952,363,139,458,857,6.32844126996198,6.6610294117647,5.45619909090909,5.66906474820144,6.09181222707423,6.45490113185531,101
"103",2009,12,6.54761904761905,21,6.96666666666667,5.5,7,6.59090909090909,6.5,15,6,1,11,10,1336,967,369,140,469,867,6.33188642964072,6.66577042399173,5.45691130081301,5.67857142857143,6.10351812366738,6.45542130334487,102
"104",2010,1,6.97727272727273,22,7.375,6.5,6,7.21428571428571,6.86666666666667,12,10,4,7,15,1358,979,379,144,476,882,6.34234187776141,6.67446373850868,5.48443343007916,5.6875,6.11985294117647,6.46241527210884,103
"105",2010,2,6,20,6.8125,5.45833333333333,5.91666666666667,5.42857142857143,6.30769230769231,8,12,6,7,13,1378,987,391,150,483,895,6.33737320029027,6.67558257345491,5.48363240409207,5.69666666666667,6.10983436853002,6.46016789944134,104
"106",2010,3,7.27857142857143,14,7.33846153846154,6.5,NA,6.5,7.40833333333333,13,1,0,2,12,1392,1000,392,150,485,907,6.34683927442529,6.6842,5.48622517857143,5.69666666666667,6.11144329896907,6.47271253583242,105
"107",2010,4,6.675,12,6.5625,6.9,6.56666666666667,7.14,6.34285714285714,8,4,3,5,7,1404,1008,396,153,490,914,6.34964406695157,6.68323412698413,5.50050573232323,5.71372549019608,6.1219387755102,6.47171801969365,106
"108",2010,5,6.55,10,7.25,3.75,1,6.5,6.6,8,2,1,5,5,1414,1016,398,154,495,919,6.35106101131542,6.6876968503937,5.49170922110553,5.68311688311688,6.12575757575758,6.47241596300326,107
"109",2010,6,5.57142857142857,7,5.5,5.625,5.625,6.25,5.3,3,4,4,2,5,1421,1019,402,158,497,924,6.34722045742435,6.68420019627085,5.49303549751244,5.68164556962025,6.12625754527163,6.46607172077922,108
"110",2010,7,7.33333333333333,9,8,7,6.5,8,6.5,3,6,2,5,4,1430,1022,408,160,502,928,6.35342676223776,6.6880626223092,5.51519674019608,5.691875,6.1449203187251,6.46621796336207,109
"111",2010,8,6.5,13,6.5,6.5,7,6.2,6.6875,11,2,1,5,8,1443,1033,410,161,507,936,6.35474724185724,6.68606001936108,5.52000065853659,5.7,6.14546351084813,6.46810926282051,110
"112",2010,9,6.33333333333333,21,6.57142857142857,5.85714285714286,5.875,6.7,6,14,7,4,10,11,1464,1047,417,165,517,947,6.35444007513661,6.68452722063037,5.52566011990408,5.70424242424243,6.15618955512572,6.46267187961985,111
"113",2010,10,6.53636363636364,11,6.91428571428571,5.875,5.83333333333333,6.5,6.56666666666667,7,4,3,5,6,1475,1054,421,168,522,953,6.35579679322034,6.68605313092979,5.52897926365796,5.70654761904762,6.15948275862069,6.46332662119622,112
"114",2010,11,6.7012,15,6.63636363636364,6.8795,7.5,7.33933333333333,6.54166666666667,11,4,1,3,12,1490,1065,425,169,525,965,6.35927400671141,6.68553990610328,5.54169004705882,5.71715976331361,6.16622476190476,6.46430079792746,113
"115",2010,12,5.8625,8,6,5.63333333333333,4,4,6.12857142857143,5,3,1,1,7,1498,1070,428,170,526,972,6.35662100801068,6.68233644859813,5.54233240654206,5.70705882352941,6.16210646387833,6.46188299382716,114
"116",2011,1,6.43333333333333,15,6.45833333333333,6.33333333333333,6,6,6.54166666666667,12,3,1,3,12,1513,1082,431,171,529,984,6.35738153998678,6.67985212569316,5.54783821345708,5.70877192982456,6.16118714555765,6.46285596544715,115
"117",2011,2,6.29285714285714,14,6.81,5,4,5.83333333333333,6.6375,10,4,2,6,8,1527,1092,435,173,535,992,6.35678996070727,6.68104395604395,5.54280062068966,5.68901734104046,6.15751028037383,6.46426438508064,116
"118",2011,3,6.73076923076923,13,7.21428571428571,6.16666666666667,7.5,6.66666666666667,6.75,7,6,2,3,10,1540,1099,441,175,538,1002,6.35994692857143,6.68444040036397,5.55128859410431,5.70971428571429,6.16034944237918,6.46711603792415,117
"119",2011,4,6.42,10,6.74285714285714,5.66666666666667,5,NA,6.42,7,3,1,0,10,1550,1106,444,176,538,1012,6.36033436774193,6.68481012658228,5.55206817567568,5.70568181818182,6.16034944237918,6.46665046442688,118
"120",2011,5,6.71,10,6.7,6.75,6.75,6.15,7.08333333333333,8,2,2,4,6,1560,1114,446,178,542,1018,6.36257581410256,6.68491921005386,5.55744006726457,5.71741573033708,6.16027306273063,6.47028513752456,119
"121",2011,6,7.07142857142857,14,7.7,5.5,4,7.08333333333333,7.0625,10,4,1,6,8,1574,1124,450,179,548,1026,6.36888073062262,6.69395017793594,5.55692948888889,5.70782122905028,6.1703795620438,6.47490279727095,120
"122",2011,7,6.1875,8,6.5,5.66666666666667,NA,5,6.58333333333333,5,3,0,2,6,1582,1129,453,179,550,1032,6.36796350821745,6.69309123117803,5.55765622516556,5.70782122905028,6.16612363636364,6.47553320736434,121
"123",2011,8,7.25,8,8,5,5.75,6.5,7.7,6,2,2,3,5,1590,1135,455,181,553,1037,6.37240142767296,6.7,5.55520498901099,5.70828729281768,6.1679349005425,6.48143709739634,122
"124",2011,9,6.6,10,6.8,6.4,5.66666666666667,6,6.66666666666667,5,5,3,1,9,1600,1140,460,184,554,1046,6.37382391875,6.70043859649123,5.56438754347826,5.70760869565218,6.16763176895307,6.48303085086042,123
"125",2011,10,6.94444444444444,9,7.0625,6,6,6.83333333333333,7,8,1,1,3,6,1609,1148,461,185,557,1052,6.37701570540708,6.70296167247387,5.56533247288503,5.70918918918919,6.17121723518851,6.48597934410646,124
"126",2011,11,6.0625,8,5.9,6.33333333333333,6.33333333333333,5,6.41666666666667,5,3,3,2,6,1617,1153,464,188,559,1058,6.37545965986395,6.69947961838682,5.57029799568966,5.71914893617021,6.16702683363148,6.48558626654064,125
"127",2011,12,6.88461538461539,13,7.27272727272727,4.75,6.5,7.83333333333333,6.6,11,2,1,3,10,1630,1164,466,189,562,1068,6.37952041104294,6.70489690721649,5.56677740343348,5.72328042328042,6.17592170818505,6.48665755617978,126
"128",2012,1,6.53529411764706,17,6.66666666666667,6.22,7.1,6.6,6.50833333333333,12,5,1,5,12,1647,1176,471,190,567,1080,6.3811282756527,6.70450680272109,5.57371182590234,5.73052631578947,6.17966137566138,6.48689839814815,127
"129",2012,2,6.47777777777778,9,7.23333333333333,4.96666666666667,5.9,NA,6.47777777777778,6,3,1,0,9,1656,1182,474,191,567,1089,6.38165354468599,6.70719120135364,5.56986976793249,5.73141361256545,6.17966137566138,6.48682302112029,128
"130",2012,3,6.6875,8,6.5,7.25,7.5,8.5,6.08333333333333,6,2,1,2,6,1664,1188,476,192,569,1095,6.38312396033654,6.70614478114478,5.57692913865546,5.740625,6.18781722319859,6.48461211872146,129
"131",2012,4,6.20909090909091,11,6.75714285714286,5.25,3,5,6.6625,7,4,1,3,8,1675,1195,480,193,572,1103,6.38198105671642,6.70644351464435,5.57420472916667,5.72642487046632,6.18158741258741,6.48590233000907,130
"132",2012,5,6.90909090909091,11,7.5,6.41666666666667,6.125,6.66666666666667,7,5,6,4,3,8,1686,1200,486,197,575,1111,6.38542008896797,6.70975,5.58460549382716,5.73451776649746,6.18411826086956,6.48960420342034,131
"133",2012,6,5.6875,8,5.6875,NA,NA,5,5.78571428571429,8,0,0,1,7,1694,1208,486,197,576,1118,6.38212412632822,6.70298013245033,5.58460549382716,5.73451776649746,6.1820625,6.48519702146691,132
"134",2012,7,7.33769230769231,13,8.25,5.878,4.75,8,7.139,8,5,2,3,10,1707,1216,491,199,579,1128,6.38940144698301,6.71315789473684,5.58759321792261,5.72462311557789,6.19148186528497,6.49099314716312,133
"135",2012,8,6.93571428571429,14,7.31,6,7,7.5,6.71,10,4,1,4,10,1721,1226,495,200,583,1138,6.39384559558396,6.71802610114192,5.5909257979798,5.731,6.20045969125214,6.49291763620387,134
"136",2012,9,6.4375,16,7.08333333333333,4.5,5,6,6.63636363636364,12,4,1,5,11,1737,1238,499,201,588,1149,6.39424770869315,6.72156704361874,5.58218090180361,5.7273631840796,6.19875510204082,6.49429092254134,135
"137",2012,10,6.33,10,6.75714285714286,5.33333333333333,6,5.9,6.76,7,3,1,5,5,1747,1245,502,202,593,1154,6.39387994848311,6.72176706827309,5.58069376494024,5.72871287128713,6.19623608768971,6.49544217504333,136
"138",2012,11,6.57142857142857,14,6.85,5.875,4,7,6.45454545454545,10,4,1,3,11,1761,1255,506,203,596,1165,6.39529146507666,6.72278884462151,5.58302029644269,5.72019704433498,6.20028187919463,6.49505602575107,137
"139",2012,12,6.08333333333333,12,5.42857142857143,7,6,7.33333333333333,5.66666666666667,7,5,2,3,9,1773,1262,511,205,599,1174,6.39318007332205,6.71561014263074,5.59688506849315,5.72292682926829,6.20595659432387,6.48870551107326,138
"140",2013,1,6.75263157894737,19,7.26923076923077,5.63333333333333,4.93333333333333,6.46666666666667,6.88461538461539,13,6,3,6,13,1792,1275,517,208,605,1187,6.39699122209821,6.72125490196078,5.59730806576402,5.71153846153846,6.20854214876033,6.49304150800337,139
"141",2013,2,7.14285714285714,14,7.5,6.875,7,7,7.22222222222222,6,8,3,5,9,1806,1281,525,211,610,1196,6.40277312846068,6.72490241998439,5.61677765714286,5.72985781990521,6.21502950819672,6.49852865384616,140
"142",2013,3,6.75,12,6.71428571428571,6.8,7,6,6.9,7,5,1,2,10,1818,1288,530,212,612,1206,6.4050650550055,6.72484472049689,5.62794013207547,5.73584905660377,6.21432679738562,6.50185760364843,141
"143",2013,4,6.66666666666667,9,6.5,6.875,6,8,6.5,5,4,1,1,8,1827,1293,534,213,613,1214,6.40635373289545,6.72397525135344,5.63728140449438,5.73708920187793,6.21723980424144,6.50184536243822,142
"144",2013,5,6.20833333333333,12,6.88888888888889,4.16666666666667,5.5,5.33333333333333,6.5,9,3,3,3,9,1839,1302,537,216,616,1223,6.4050615932572,6.72511520737327,5.62906567970205,5.7337962962963,6.21293506493507,6.50183178250205,143
"145",2013,6,6.44444444444444,9,6.6,6.25,6,8,6.25,5,4,1,1,8,1848,1307,541,217,617,1231,6.40525339285714,6.72463657230298,5.63365669131239,5.73502304147466,6.21583144246353,6.50019518277823,144
"146",2013,7,6.22,15,6.39090909090909,5.75,6.33333333333333,6.6,6.03,11,4,3,5,10,1863,1318,545,220,622,1241,6.40376181964573,6.72185128983308,5.63451058715596,5.74318181818182,6.21891961414791,6.49640634165995,145
"147",2013,8,7.11538461538461,13,7.04545454545455,7.5,NA,6.75,7.18181818181818,11,2,0,2,11,1876,1329,547,220,624,1252,6.4086931076759,6.72452972159518,5.64133138939671,5.74318181818182,6.22062179487179,6.50242833067093,146
"148",2013,9,5.31666666666667,12,5.75,4.88333333333333,6.43333333333333,3.875,6.0375,6,6,3,4,8,1888,1335,553,223,628,1260,6.40175226165254,6.72014981273408,5.63310717902351,5.75246636771301,6.20568152866242,6.49947640476191,147
"149",2013,10,6.16666666666667,12,6.64285714285714,5.5,5.66666666666667,6.3,6.07142857142857,7,5,3,5,7,1900,1342,558,226,633,1267,6.40026751052631,6.71974664679583,5.63191446236559,5.75132743362832,6.20642654028436,6.49711149960537,148
"150",2013,11,6.81111111111111,9,7.21666666666667,6,7,7.65,6.57142857142857,6,3,1,2,7,1909,1348,561,227,635,1274,6.40220443687794,6.72195845697329,5.6338828342246,5.7568281938326,6.21097322834646,6.49751983516484,149
"151",2013,12,5.8,10,6.33333333333333,5,6,5.5,5.875,6,4,2,2,8,1919,1354,565,229,637,1282,6.39906632100052,6.72023633677991,5.62939516814159,5.7589519650655,6.2087409733124,6.49363515600624,150
"152",2014,1,6.76,15,7,6.28,6.16666666666667,7.5,6.64615384615385,10,5,3,2,13,1934,1364,570,232,639,1295,6.40186570320579,6.72228739002932,5.63510222807018,5.76422413793104,6.21278247261346,6.49516623166023,151
"153",2014,2,6.81818181818182,11,7.375,5.33333333333333,5,7.25,6.57142857142857,8,3,1,4,7,1945,1372,573,233,643,1302,6.40422019023136,6.72609329446064,5.63352228621292,5.76094420600858,6.21923483670295,6.49557624423963,152
"154",2014,3,6,6,7.33333333333333,4.66666666666667,NA,3,6.6,3,3,0,1,5,1951,1375,576,233,644,1307,6.40297707329574,6.72741818181818,5.62848657986111,5.76094420600858,6.21423602484472,6.49597572302984,153
"155",2014,4,6.83333333333333,6,6.83333333333333,NA,NA,NA,6.83333333333333,6,0,0,0,6,1957,1381,576,233,644,1313,6.40429650996423,6.72787834902245,5.62848657986111,5.76094420600858,6.21423602484472,6.49751734196497,154
"156",2014,5,7.4875,8,7.35,7.625,7.33333333333333,8.1,7.12,4,4,3,3,5,1965,1385,580,236,647,1318,6.40870649872773,6.72967509025271,5.64225563793104,5.78093220338983,6.2229799072643,6.49987880880122,155
"157",2014,6,7.11363636363636,11,7.13888888888889,7,7,6.75,7.32142857142857,9,2,1,4,7,1976,1394,582,237,651,1325,6.41263070344129,6.73231707317073,5.64692142611684,5.78607594936709,6.22621812596006,6.50421907169812,156
"158",2014,7,5.85714285714286,7,6.75,4.66666666666667,5,7,5.66666666666667,4,3,1,1,6,1983,1398,585,238,652,1331,6.41066982854261,6.73236766809728,5.64189447863248,5.7827731092437,6.22740490797546,6.50044347858753,157
"159",2014,8,6.375,8,6.83333333333333,5,6,8,5.4,6,2,1,3,5,1991,1404,587,239,655,1336,6.41052650426921,6.73279914529914,5.63970744463373,5.7836820083682,6.23552366412214,6.49632505239521,158
"160",2014,9,6.38888888888889,9,7.21428571428571,3.5,NA,8.5,6.125,7,2,0,1,8,2000,1411,589,239,656,1344,6.410429135,6.73518781006378,5.63244188455009,5.7836820083682,6.2389756097561,6.49411478422619,159
"161",2014,10,6,5,5.66666666666667,6.5,6.5,6,6,3,2,2,1,4,2005,1414,591,241,657,1348,6.40940562094763,6.73292079207921,5.63537778341794,5.7896265560166,6.23861187214612,6.49264856824926,160
"162",2014,11,7.16666666666667,12,7.125,7.25,8,9.5,6.7,8,4,2,2,10,2017,1422,595,243,659,1358,6.41391089241447,6.73512658227848,5.64623238655462,5.80781893004115,6.24850986342944,6.49417545655376,161
"163",2014,12,6.77692307692308,13,7.12222222222222,6,6,6.8,6.7625,9,4,4,5,8,2030,1431,599,247,664,1366,6.41623560098522,6.73756114605171,5.64859477462438,5.81093117408907,6.25266265060241,6.4957469033675,162
"164",2015,1,6.69375,16,6.96363636363636,6.1,6,7,6.62307692307692,11,5,1,3,13,2046,1442,604,248,667,1379,6.41840580156402,6.73928571428571,5.65233157284769,5.8116935483871,6.256023988006,6.49694725888325,163
"165",2015,2,7.00416666666667,12,7.38125,6.25,6.33333333333333,7.26,6.82142857142857,8,4,3,5,7,2058,1450,608,251,672,1386,6.42182131681244,6.74282758620689,5.65626360197369,5.81792828685259,6.26349404761905,6.49858605339106,164
"166",2015,3,6.125,12,7.33333333333333,4.91666666666667,6.5,5.16666666666667,6.44444444444444,6,6,1,3,9,2070,1456,614,252,675,1395,6.42010061352657,6.74526098901099,5.64903627035831,5.82063492063492,6.25861925925926,6.49823675268818,165
"167",2015,4,7.25,10,7.6875,5.5,NA,3,7.72222222222222,8,2,0,1,9,2080,1464,616,252,676,1404,6.42409051442307,6.75040983606557,5.64855238636364,5.82063492063492,6.25379881656805,6.50608281339032,166
"168",2015,5,6.5,7,6.66666666666667,5.5,5.5,5.5,6.66666666666667,6,1,1,1,6,2087,1470,617,253,677,1410,6.42434512218495,6.75006802721088,5.64831162074555,5.81936758893281,6.25268537666174,6.50676614893617,167
"169",2015,6,6.41111111111111,9,6.36666666666667,6.5,NA,6,6.4625,6,3,0,1,8,2096,1476,620,253,678,1418,6.42428829675572,6.74850948509485,5.65243269354839,5.81936758893281,6.25231268436578,6.50651641043724,168
"170",2015,7,6.68181818181818,11,7.1875,5.33333333333333,5.5,8,6.1875,8,3,2,3,8,2107,1484,623,255,681,1426,6.4256327812055,6.75087601078167,5.65089609951846,5.81686274509804,6.26001174743025,6.5047266970547,169
"171",2015,8,6.775,12,6.81111111111111,6.66666666666667,6.66666666666667,8,6.66363636363636,9,3,3,1,11,2119,1493,626,258,682,1437,6.42761126474752,6.75123911587408,5.65576400958467,5.82674418604651,6.26256304985337,6.50594312456507,170
"172",2015,9,7.625,8,8,7,7,7,7.83333333333333,5,3,1,2,6,2127,1498,629,259,684,1443,6.43211484250117,6.75540720961282,5.6621753100159,5.83127413127413,6.26471929824561,6.51146241857242,171
"173",2015,10,6.45,10,6.41666666666667,6.5,6.66666666666667,6.1,6.8,6,4,3,5,5,2137,1504,633,262,689,1448,6.4321985353299,6.75405585106383,5.66746962085308,5.84083969465649,6.26352394775036,6.51245875,172
"174",2015,11,6.025,10,6.54166666666667,5.25,5.66666666666667,5.5,6.375,6,4,3,4,6,2147,1510,637,265,693,1454,6.43030194224499,6.7532119205298,5.66484814756672,5.8388679245283,6.25911688311688,6.51189151994498,173
"175",2015,12,5.72727272727273,11,5.57142857142857,6,5.66666666666667,6.66666666666667,5.375,7,4,3,3,8,2158,1517,641,268,696,1462,6.42671838276181,6.7477587343441,5.66693957878315,5.83694029850746,6.26087356321839,6.50567049931601,174
"176",2016,1,6.55555555555556,9,7.4,5.5,5.5,7,6.42857142857143,5,4,2,2,7,2167,1522,645,270,698,1469,6.42725347023535,6.74990144546649,5.66590429457364,5.83444444444445,6.26299140401146,6.50530311095984,175
"177",2016,2,5.83333333333333,9,5.5,6.5,7.5,7,5.6875,6,3,1,1,8,2176,1528,648,271,699,1477,6.42479699908088,6.74499345549738,5.66976584876543,5.84059040590406,6.26404577968527,6.50087357481382,176
"178",2016,3,7.3125,8,7.21428571428571,8,NA,7.75,7.16666666666667,7,1,0,2,6,2184,1535,649,271,701,1483,6.42804865842491,6.7471335504886,5.67335634822804,5.84059040590406,6.26828530670471,6.50356727579232,177
"179",2016,4,6.49285714285714,14,6.71818181818182,5.66666666666667,6,6.3,6.54545454545455,11,3,1,3,11,2198,1546,652,272,704,1494,6.42846145131938,6.74692755498059,5.67332556748466,5.84117647058824,6.26842045454545,6.50387568273093,178
"180",2016,5,7.22307692307692,13,7.4,6.63333333333333,7.4,7.33333333333333,7.19,10,3,1,3,10,2211,1556,655,273,707,1504,6.43313354590683,6.75112467866324,5.67772254961832,5.84688644688645,6.27293917963225,6.50843767952128,179
"181",2016,6,6.79166666666667,12,7.125,6.125,7,7,6.77272727272727,8,4,1,1,11,2223,1564,659,274,708,1515,6.43506894736842,6.75303708439897,5.68043743550835,5.85109489051095,6.27396610169492,6.51035661386139,180
"182",2016,7,6.75294117647059,17,7.025,6.1,5.75,5.83333333333333,6.95,12,5,2,3,14,2240,1576,664,276,711,1529,6.43748137053571,6.7551078680203,5.68359679216868,5.85036231884058,6.27210689170183,6.51438212557227,181
"183",2016,8,6.375,12,7.16666666666667,4,3,6.5,6.3125,9,3,1,4,8,2252,1585,667,277,715,1537,6.43714843250444,6.75744479495268,5.6760243928036,5.84007220216607,6.27338181818182,6.51333134027326,182
"184",2016,9,7.2,10,7.5,6,6,7,7.28571428571429,8,2,1,3,7,2262,1593,669,278,718,1544,6.44052089743589,6.76117388575015,5.67699292974589,5.84064748201439,6.27641782729805,6.51683307642487,183
"185",2016,10,6.59090909090909,11,6.8125,6,4,6.75,6.5,8,3,1,4,7,2273,1601,672,279,722,1551,6.44124868895732,6.76143035602748,5.67843492559524,5.83405017921147,6.27904155124654,6.51675710509349,184
"186",2016,11,7.8125,8,7.75,8,NA,8,7.7,6,2,0,3,5,2281,1607,674,279,725,1556,6.44605798772468,6.76512134411947,5.68532384272998,5.83405017921147,6.28616275862069,6.52055929948586,185
"187",2016,12,6.29333333333333,9,7.035,5.7,7,3,6.705,4,5,1,1,8,2290,1611,679,280,726,1564,6.44545775982532,6.76579143389199,5.68543191458027,5.83821428571429,6.28163636363636,6.52150273017903,186
"188",2017,1,6.07894736842105,19,7.04166666666667,4.42857142857143,4.66666666666667,5,6.36666666666667,12,7,3,4,15,2309,1623,686,283,730,1579,6.44244186660892,6.76783117683302,5.67260680758018,5.82579505300354,6.27461369863014,6.52003183660545,187
"189",2017,2,7.12083333333333,24,7.49375,6.375,5.75,8.7,6.70526315789474,16,8,4,5,19,2333,1639,694,287,735,1598,6.44942060437205,6.77491763270286,5.68070355907781,5.82473867595819,6.29111292517007,6.52223421151439,188
"190",2017,3,7.8125,8,7.8125,NA,NA,8,7.78571428571429,8,0,0,1,7,2341,1647,694,287,736,1605,6.45407871422469,6.77995749848209,5.68070355907781,5.82473867595819,6.2934347826087,6.52774471651091,189
"191",2017,4,5.78888888888889,9,6.02,5.5,4.5,5.5,5.87142857142857,5,4,2,2,7,2350,1652,698,289,738,1612,6.4515311787234,6.77765738498789,5.67966800859599,5.81557093425606,6.29128455284553,6.52489470843673,190
"192",2017,5,7.1275,12,6.89222222222222,7.83333333333333,7.5,6.34333333333333,7.38888888888889,9,3,2,3,9,2362,1661,701,291,741,1621,6.45496539796782,6.77827814569536,5.68888483594865,5.82714776632303,6.29149527665317,6.52969171499075,191
"193",2017,6,7.35,10,7.27777777777778,8,NA,6.75,7.5,9,1,0,2,8,2372,1670,702,291,743,1629,6.45873873102866,6.78097005988024,5.69217702279203,5.82714776632303,6.29272947510094,6.53445688766114,192
"194",2017,7,6.78571428571429,14,6.81818181818182,6.66666666666667,NA,6.5,6.83333333333333,11,3,0,2,12,2386,1681,705,291,745,1641,6.46065727996647,6.78121356335514,5.69632378723405,5.82714776632303,6.29328590604027,6.53664245581962,193
"195",2017,8,5.2,5,5.66666666666667,4.5,4,6,5,3,2,1,1,4,2391,1684,707,292,746,1645,6.45802102467587,6.77922802850356,5.69293956152759,5.82089041095891,6.2928927613941,6.53290593920973,194
"196",2017,9,6.5,12,6.375,6.75,6.66666666666667,7,6.33333333333333,8,4,3,3,9,2403,1692,711,295,749,1654,6.45823065751144,6.77731678486997,5.69888645569621,5.82949152542373,6.29572496662216,6.53181999395405,195
"197",2017,10,6.66666666666667,18,7,6.14285714285714,6.66666666666667,5.75,6.92857142857143,11,7,3,4,14,2421,1703,718,298,753,1668,6.45978036761668,6.77875513799178,5.70321486072424,5.83791946308725,6.29282602921647,6.53515004196643,196
"198",2017,11,6.92307692307692,13,7.77777777777778,5,4.66666666666667,7,6.9,9,4,3,3,10,2434,1712,722,301,756,1678,6.46225483566146,6.78400700934579,5.69931893351801,5.82624584717608,6.29563227513227,6.53732435637664,197
"199",2017,12,7,12,7.11111111111111,6.66666666666667,5.5,7.5,6.9,9,3,2,2,10,2446,1721,725,303,758,1688,6.46489299672935,6.785717606043,5.70332175172414,5.82409240924093,6.29881002638522,6.53947290876777,198
"200",2018,1,6.88235294117647,17,7.61538461538461,4.5,3,8.16666666666667,6.18181818181818,13,4,1,6,11,2463,1734,729,304,764,1699,6.46777436865611,6.79193771626297,5.69671916323732,5.81480263157895,6.31347905759162,6.53715731018246,199
"201",2018,2,7.11111111111111,9,7.11111111111111,NA,NA,NA,7.11111111111111,9,0,0,0,9,2472,1743,729,304,764,1708,6.47011661407767,6.79358577165806,5.69671916323732,5.81480263157895,6.31347905759162,6.54018165690867,200
"202",2018,3,7.16666666666667,6,7,8,8,6.5,7.5,5,1,1,2,4,2478,1748,730,305,766,1712,6.47180317594834,6.79417620137299,5.69987434246576,5.82196721311476,6.31396605744125,6.54242422313084,201
"203",2018,4,7.89285714285714,14,8.13636363636364,7,10,8.3,7.66666666666667,11,3,2,5,9,2492,1759,733,307,771,1721,6.47978662520064,6.80256964184195,5.70519545702593,5.84918566775245,6.32684565499351,6.54830346891342,202
"204",2018,5,6.8125,8,6.91666666666667,6.5,9,4,7.21428571428571,6,2,1,1,7,2500,1765,735,308,772,1728,6.480851308,6.80295750708215,5.70735819047619,5.85941558441559,6.32383160621762,6.55100131365741,203
"205",2018,6,6.88615384615385,13,7.552,4.66666666666667,7,9,6.50181818181818,10,3,1,2,11,2513,1775,738,309,774,1739,6.48294797851174,6.80717746478873,5.70312773712738,5.86310679611651,6.33074677002584,6.55069020701553,204
"206",2018,7,7.25,6,6.9,9,NA,9,6.9,5,1,0,1,5,2519,1780,739,309,775,1744,6.48477501786423,6.80743820224719,5.70758899864683,5.86310679611651,6.33419096774194,6.55169166857798,205
"207",2018,8,6,9,6.2,5.75,NA,10,5.5,5,4,0,1,8,2528,1785,743,309,776,1752,6.48304915743671,6.80573669467787,5.70781732166891,5.86310679611651,6.33891494845361,6.54688942351598,206
"208",2018,9,7.94444444444444,9,7.83333333333333,8.16666666666667,7.25,7,8.0625,6,3,2,1,8,2537,1791,746,311,777,1760,6.48823345289712,6.80917922948074,5.71770545576408,5.87202572347267,6.33976576576577,6.5537785625,207
"209",2018,10,6.76666666666667,6,6.75,6.8,6.1,7.5,6.62,4,2,1,1,5,2543,1795,748,312,778,1765,6.48889039323633,6.80904735376044,5.72059929144386,5.87275641025641,6.34125706940874,6.55396615864023,208
"210",2018,11,6.51538461538462,13,6.92727272727273,4.25,NA,NA,6.51538461538462,11,2,0,0,13,2556,1806,750,312,778,1778,6.48902514475743,6.80976744186046,5.71667769333334,5.87275641025641,6.34125706940874,6.55368406636671,209
"211",2018,12,6.57142857142857,14,6.5,6.75,7.5,7.6,6,10,4,2,5,9,2570,1816,754,314,783,1787,6.48947403501945,6.80806167400881,5.72215950928382,5.88312101910828,6.34929501915709,6.55089550643537,210
"212",2019,1,7.21875,16,7.22727272727273,7.2,7,7.25,7.20833333333333,11,5,2,4,12,2586,1827,759,316,787,1799,6.49398618329466,6.81058565955118,5.7318949538867,5.89018987341772,6.35387293519695,6.55528086158977,211
"213",2019,2,6.88888888888889,9,7.4,6.25,6.66666666666667,6.75,6.92857142857143,5,4,3,2,7,2595,1832,763,319,789,1806,6.49535578805395,6.8121943231441,5.73461110091744,5.89749216300941,6.35487705956907,6.55672772425249,212
"214",2019,3,6.67142857142857,7,7.3,5.83333333333333,8,NA,6.67142857142857,4,3,1,0,7,2602,1836,766,320,789,1813,6.49582946579554,6.81325708061002,5.73499774151437,5.9040625,6.35487705956907,6.5571705846663,213
"215",2019,4,6.625,8,6.66666666666667,6.5,6.5,7,6.57142857142857,6,2,2,1,7,2610,1842,768,322,790,1820,6.4962253908046,6.81277958740499,5.73698993489584,5.90776397515528,6.35569367088608,6.55722542307693,214
"216",2019,5,7.5,8,7.57142857142857,7,NA,NA,7.5,7,1,0,0,8,2618,1849,769,322,790,1828,6.49929269289534,6.81565170362358,5.73863234070222,5.90776397515528,6.35569367088608,6.5613513512035,215
"217",2019,6,6.76666666666667,9,6.83333333333333,6.63333333333333,NA,4,7.1125,6,3,0,1,8,2627,1855,772,322,791,1836,6.500208705748,6.81570889487871,5.74210915803109,5.90776397515528,6.35271554993679,6.56375287037037,216
"218",2019,7,6.75714285714286,7,6.86,6.5,6.5,6.5,6.86,5,2,2,2,5,2634,1860,774,324,793,1841,6.50089152239939,6.81582795698925,5.74406753229975,5.91141975308642,6.35308701134931,6.56455745247148,217
"219",2019,8,6,4,5.33333333333333,8,NA,NA,6,3,1,0,0,4,2638,1863,775,324,793,1845,6.50013202047005,6.81344068706387,5.74697841290323,5.91141975308642,6.35308701134931,6.5633334796748,218
"220",2019,9,6.66666666666667,9,7.14285714285714,5,5,5.5,7.6,7,2,2,4,5,2647,1870,777,326,797,1850,6.50069825085002,6.81467379679144,5.74505568854569,5.9058282208589,6.34880552070263,6.56613528108108,219
"221",2019,10,6.81818181818182,11,6.77777777777778,7,NA,6.66666666666667,6.875,9,2,0,3,8,2658,1879,779,326,800,1858,6.5020121407073,6.81449707291112,5.74827762516047,5.9058282208589,6.3499975,6.56746516146394,220
"222",2019,11,6.55555555555556,9,7.16666666666667,5.33333333333333,NA,7.33333333333333,6.16666666666667,6,3,0,3,6,2667,1885,782,326,803,1864,6.50219282714661,6.81561803713528,5.74668576726343,5.9058282208589,6.35367123287671,6.56617503755365,221
"223",2019,12,7.5,7,7.4,7.75,8,7,7.58333333333333,5,2,1,1,6,2674,1890,784,327,804,1870,6.50480488780853,6.81716402116402,5.75179626275511,5.91223241590214,6.35447512437811,6.56943864705883,222
"224",2020,1,6,15,6.33333333333333,5.5,6,6.5,5.81818181818182,9,6,3,4,11,2689,1899,790,330,808,1881,6.5019889438453,6.8148709847288,5.74988388607595,5.91303030303031,6.35519554455446,6.56504533227007,223
"225",2020,2,7.1875,8,7.41666666666667,6.5,6,NA,7.1875,6,2,1,0,8,2697,1905,792,331,808,1889,6.50402234705228,6.81676640419947,5.75177811868687,5.91329305135952,6.35519554455446,6.56768145579672,224
"226",2020,3,7.5,12,7.22222222222222,8.33333333333333,9,7,7.66666666666667,9,3,2,3,9,2709,1914,795,333,811,1898,6.50843420819491,6.81867293625914,5.76151983647799,5.93183183183184,6.35758076448829,6.57289266069547,225
"227",2020,4,6.7,10,7.28571428571429,5.33333333333333,6.5,6.6,6.8,7,3,2,5,5,2719,1921,798,335,816,1903,6.50913875321809,6.82037480478917,5.75991011278196,5.93522388059702,6.35906617647059,6.57348936941671,226
"228",2020,5,6.72222222222222,9,6.75,6.5,6.5,6,7.08333333333333,8,1,1,3,6,2728,1929,799,336,819,1909,6.50984174120235,6.82008294453084,5.76083638297873,5.93690476190477,6.35775091575092,6.57509181246726,227
"229",2020,6,5.93714285714286,7,6.5,4.53,NA,6.5,5.84333333333333,5,2,0,1,6,2735,1934,801,336,820,1915,6.50837596709324,6.81925542916236,5.75776313358303,5.93690476190477,6.3579243902439,6.57279909660575,228
"230",2020,7,6.63333333333333,6,6.5,6.9,6.8,6.95,6,4,2,1,4,2,2741,1938,803,337,824,1917,6.50864949653411,6.81859649122807,5.76060805728519,5.93946587537092,6.36079854368932,6.57220149713094,229
"231",2020,8,6.03846153846154,13,6.72222222222222,4.5,4.5,7,5.95833333333333,9,4,2,1,12,2754,1947,807,339,825,1929,6.50643001815541,6.81815100154083,5.75435969021066,5.93097345132744,6.36157333333333,6.56838272161742,230
"232",2020,9,6.11538461538461,13,7.16666666666667,5.21428571428571,4.5,6,6.125,6,7,3,1,12,2767,1953,814,342,826,1941,6.50459279725334,6.81922171018945,5.74971531941032,5.91842105263158,6.36113559322034,6.56564156105101,231
"233",2020,10,7,9,7.4,6.5,6.33333333333333,6.66666666666667,7.16666666666667,5,4,3,3,6,2776,1958,818,345,829,1947,6.5061989445245,6.82070480081716,5.75338419315404,5.92202898550725,6.36224125452352,6.56749371854135,232
"234",2020,11,6.70833333333333,12,6.68181818181818,7,7,7,6.65,11,1,1,2,10,2788,1969,819,346,831,1957,6.50706896341463,6.81992889791772,5.75490631257632,5.92514450867052,6.3637761732852,6.56791531425652,233
"235",2020,12,6.34615384615385,13,6.86363636363636,3.5,NA,6.375,6.33333333333333,11,2,0,4,9,2801,1980,821,346,835,1966,6.50632212424134,6.82017171717172,5.74941323995128,5.92514450867052,6.36382994011976,6.56684143947101,234
"236",2021,1,6,9,6.71428571428571,3.5,1,1,6.625,7,2,1,1,8,2810,1987,823,347,836,1974,6.5047004519573,6.81979869149471,5.74394686512759,5.91095100864553,6.35741387559809,6.56707713779129,235
"237",2021,2,6.8125,8,7.33333333333333,5.25,8,7.5,6.58333333333333,6,2,1,2,6,2818,1993,825,348,838,1980,6.50557426188786,6.82134470647265,5.74274941818182,5.91695402298851,6.36014081145585,6.5671263989899,236
"238",2021,3,6.14285714285714,7,6.5,4,NA,6.5,6,6,1,0,2,5,2825,1999,826,348,840,1985,6.50467549380531,6.82038019009505,5.74063955205812,5.91695402298851,6.36047380952381,6.56569786901763,237
"239",2021,4,6.71428571428571,7,6.66666666666667,7,7,7,6.66666666666667,6,1,1,1,6,2832,2005,827,349,841,1991,6.50519359816384,6.81992019950125,5.7421623579202,5.92005730659026,6.36123424494649,6.56600214465093,238
"240",2021,5,6.57692307692308,13,6.5,6.75,6.5,8,6.45833333333333,9,4,2,1,12,2845,2014,831,351,842,2003,6.50552136028119,6.81849056603773,5.74701356197353,5.92336182336182,6.36318052256532,6.56535709935098,239
"241",2021,6,5.5,4,5.5,NA,NA,6,5.33333333333333,4,0,0,1,3,2849,2018,831,351,843,2006,6.50410960687961,6.81587710604559,5.74701356197353,5.92336182336182,6.36274970344009,6.56351459122632,240
"242",2021,7,7.54166666666667,6,7.8,6.25,NA,6.25,7.8,5,1,0,1,5,2855,2023,832,351,844,2011,6.50629011208406,6.81830944142363,5.74761811298077,5.92336182336182,6.36261611374408,6.56658889607161,241
"243",2021,8,7,8,8.2,5,6,2,7.71428571428571,5,3,1,1,7,2863,2028,835,352,845,2018,6.50766967167307,6.82171597633136,5.74493205988024,5.92357954545455,6.35745325443787,6.5705700049554,242
"244",2021,9,6.57142857142857,7,6.25,7,6.5,NA,6.57142857142857,4,3,2,0,7,2870,2032,838,354,845,2025,6.50782518118467,6.8205905511811,5.7494251431981,5.92683615819209,6.35745325443787,6.57057297283951,243
"245",2021,10,6.5,6,6.75,6,8,6.5,6.5,4,2,1,2,4,2876,2036,840,355,847,2029,6.50780885605007,6.82045186640471,5.75002175,5.93267605633803,6.35778984651712,6.57043384425826,244
"246",2021,11,7.57142857142857,7,7.57142857142857,NA,NA,7,7.8,7,0,0,2,5,2883,2043,840,355,849,2034,6.51039135275754,6.82302496328928,5.75002175,5.93267605633803,6.35930270906949,6.57345637659784,245
"247",2021,12,6.5,8,7,6,7,7,6.33333333333333,4,4,1,2,6,2891,2047,844,356,851,2040,6.51036259771705,6.82337078651685,5.75120648104266,5.93567415730337,6.36080846063455,6.57275013235294,246
"248",2022,1,7.25384615384615,13,7.5375,6.8,6.43333333333333,6.86,7.5,8,5,3,5,8,2904,2055,849,359,856,2048,6.51369086432507,6.82615085158151,5.7573831213192,5.93983286908078,6.36372429906542,6.57637220214844,247
"249",2022,2,6.9,10,6.9,NA,NA,5,7.375,10,0,0,2,8,2914,2065,849,359,858,2056,6.5150165648593,6.82650847457627,5.7573831213192,5.93983286908078,6.36054545454545,6.57947970330739,248
"250",2022,3,7.33333333333333,6,6,10,10,6,8,4,2,1,2,4,2920,2069,851,360,860,2060,6.51669803767123,6.82491058482358,5.76735401880141,5.95111111111111,6.35970697674419,6.58223799514563,249
"251",2022,4,7.83333333333333,3,7.83333333333333,NA,NA,8,7.75,3,0,0,1,2,2923,2072,851,360,861,2062,6.51804935682518,6.82637065637065,5.76735401880141,5.95111111111111,6.36161207897793,6.58337064500485,250
"252",2022,5,6.7,5,7,6.5,NA,5.75,7.33333333333333,2,3,0,2,3,2928,2074,854,360,863,2065,6.51836006489071,6.82653809064609,5.76992771662764,5.95111111111111,6.36019466975666,6.58446017917676,251
"253",2022,6,6.83333333333333,6,7.5,5.5,2,7,6.8,4,2,1,1,5,2934,2078,856,361,864,2070,6.51900418200409,6.82783445620789,5.76929704439253,5.94016620498615,6.36093518518518,6.58498080676329,252
"254",2022,7,6.2,5,6.75,4,4,NA,6.2,4,1,1,0,5,2939,2082,857,362,864,2075,6.51846147329023,6.82768491834774,5.76723252042007,5.93480662983426,6.36093518518518,6.58405314216868,253
"255",2022,8,6.47292857142857,7,6.0621,7.5,NA,6.15525,6.6,5,2,0,2,5,2946,2087,859,362,866,2080,6.51835328241684,6.82585074269286,5.77126690337602,5.93480662983426,6.36046016166282,6.58409147596154,254
"256",2022,9,6.85714285714286,7,7.75,5.66666666666667,7,8,6.66666666666667,4,3,1,1,6,2953,2091,862,363,867,2086,6.51915637317982,6.82761860353897,5.77090286542924,5.93774104683196,6.36235121107266,6.58432898849473,255
"257",2022,10,6.5,4,6.66666666666667,6,NA,6,6.66666666666667,3,1,0,1,3,2957,2094,863,363,868,2089,6.5191304599256,6.82738801337154,5.77116833140209,5.93774104683196,6.36193375576037,6.5844472331259,256
"258",2022,11,7.31875,8,8.4,5.51666666666667,6,NA,7.31875,5,3,1,0,8,2965,2099,866,364,868,2097,6.52128794940978,6.83113411148166,5.77028668591224,5.93791208791209,6.36193375576037,6.58724857892227,257
"259",2022,12,7.5,4,8,7,8,NA,7.5,2,2,1,0,4,2969,2101,868,365,868,2101,6.52260652408218,6.83224678724417,5.77312012672812,5.94356164383562,6.36193375576037,6.58898632555926,258
