"","year","month","avg_rating","no_ratings","avg_rating_owned","avg_rating_not_owned","avg_rating_prev_owned","avg_rating_comment","avg_rating_no_comment","no_ratings_owned","no_ratings_not_owned","no_ratings_prev_owned","no_ratings_comment","no_ratings_no_comment","cum_no_ratings","cum_no_ratings_owned","cum_no_ratings_not_owned","cum_no_ratings_prev_owned","cum_no_ratings_comment","cum_no_ratings_no_comment","cum_avg_rating","cum_avg_rating_owned","cum_avg_rating_not_owned","cum_avg_rating_prev_owned","cum_avg_rating_comment","cum_avg_rating_no_comment","month_after_release"
"1",2001,5,6.33333333333333,3,5,7,NA,7,5,1,2,0,2,1,3,1,2,0,2,1,6.33333333333333,5,7,NA,7,5,0
"2",2001,6,6.25,6,6.16666666666667,6.33333333333333,NA,7,6.1,3,3,0,1,5,9,4,5,0,3,6,6.27777777777778,5.875,6.6,NA,7,5.91666666666667,1
"3",2001,7,7,3,7,7,NA,8,6.5,2,1,0,1,2,12,6,6,0,4,8,6.45833333333333,6.25,6.66666666666667,NA,7.25,6.0625,2
"4",2001,8,6.25,8,7.4,4.33333333333333,NA,5.5,6.5,5,3,0,2,6,20,11,9,0,6,14,6.375,6.77272727272727,5.88888888888889,NA,6.66666666666667,6.25,3
"5",2001,9,6.36363636363636,11,6.71428571428571,5.75,6,5.75,6.71428571428571,7,4,1,4,7,31,18,13,1,10,21,6.37096774193548,6.75,5.84615384615385,6,6.3,6.40476190476191,4
"6",2001,10,7,3,7,NA,NA,7,7,3,0,0,1,2,34,21,13,1,11,23,6.42647058823529,6.78571428571429,5.84615384615385,6,6.36363636363636,6.45652173913043,5
"7",2001,11,6.2,10,6.33333333333333,6,NA,6.5,6.125,6,4,0,2,8,44,27,17,1,13,31,6.375,6.68518518518519,5.88235294117647,6,6.38461538461539,6.37096774193548,6
"8",2001,12,7.4,5,8,5,NA,NA,7.4,4,1,0,0,5,49,31,18,1,13,36,6.47959183673469,6.85483870967742,5.83333333333333,6,6.38461538461539,6.51388888888889,7
"9",2002,1,7,10,7.33333333333333,4,NA,7,7,9,1,0,5,5,59,40,19,1,18,41,6.56779661016949,6.9625,5.73684210526316,6,6.55555555555556,6.57317073170732,8
"10",2002,2,6.57142857142857,7,6.5,6.66666666666667,8,6,6.66666666666667,4,3,1,1,6,66,44,22,2,19,47,6.56818181818182,6.92045454545455,5.86363636363636,7,6.52631578947368,6.58510638297872,9
"11",2002,3,7.16666666666667,6,7.16666666666667,NA,NA,9,6.8,6,0,0,1,5,72,50,22,2,20,52,6.61805555555556,6.95,5.86363636363636,7,6.65,6.60576923076923,10
"12",2002,4,6.66666666666667,3,7.5,5,NA,6,8,2,1,0,2,1,75,52,23,2,22,53,6.62,6.97115384615385,5.82608695652174,7,6.59090909090909,6.63207547169811,11
"13",2002,5,6.33333333333333,3,6.33333333333333,NA,NA,6,6.5,3,0,0,1,2,78,55,23,2,23,55,6.60897435897436,6.93636363636364,5.82608695652174,7,6.56521739130435,6.62727272727273,12
"14",2002,6,7,11,7,NA,NA,8.375,6.21428571428571,11,0,0,4,7,89,66,23,2,27,62,6.65730337078652,6.9469696969697,5.82608695652174,7,6.83333333333333,6.58064516129032,13
"15",2002,7,7.38461538461539,13,7.58333333333333,5,NA,6.75,7.66666666666667,12,1,0,4,9,102,78,24,2,31,71,6.75,7.04487179487179,5.79166666666667,7,6.82258064516129,6.71830985915493,14
"16",2002,8,7.30769230769231,13,7.63636363636364,5.5,NA,8.66666666666667,6.9,11,2,0,3,10,115,89,26,2,34,81,6.81304347826087,7.11797752808989,5.76923076923077,7,6.98529411764706,6.74074074074074,15
"17",2002,9,6.9,10,7.33333333333333,6.25,5,6,7.125,6,4,2,2,8,125,95,30,4,36,89,6.82,7.13157894736842,5.83333333333333,6,6.93055555555556,6.7752808988764,16
"18",2002,10,6.33333333333333,15,7,6,6,6.6,6.2,5,10,2,5,10,140,100,40,6,41,99,6.76785714285714,7.125,5.875,6,6.89024390243902,6.71717171717172,17
"19",2002,11,7.36363636363636,11,7.36363636363636,NA,NA,7.33333333333333,7.375,11,0,0,3,8,151,111,40,6,44,107,6.8112582781457,7.14864864864865,5.875,6,6.92045454545455,6.76635514018692,18
"20",2002,12,7.8,15,7.83333333333333,7.66666666666667,7,8,7.75,12,3,1,3,12,166,123,43,7,47,119,6.90060240963855,7.21544715447155,6,6.14285714285714,6.98936170212766,6.86554621848739,19
"21",2003,1,6.95652173913043,23,7.15789473684211,6,7,7.875,6.76315789473684,19,4,1,4,19,189,142,47,8,51,138,6.90740740740741,7.20774647887324,6,6.25,7.05882352941176,6.85144927536232,20
"22",2003,2,7.30555555555556,18,7.40625,6.5,6,7.63636363636364,6.78571428571429,16,2,1,11,7,207,158,49,9,62,145,6.94202898550725,7.22784810126582,6.02040816326531,6.22222222222222,7.16129032258065,6.84827586206896,21
"23",2003,3,6.09090909090909,11,6.85714285714286,4.75,NA,6.28571428571429,5.75,7,4,0,7,4,218,165,53,9,69,149,6.89908256880734,7.21212121212121,5.92452830188679,6.22222222222222,7.07246376811594,6.81879194630872,22
"24",2003,4,7.375,20,7.55882352941176,6.33333333333333,NA,8.25,7,17,3,0,6,14,238,182,56,9,75,163,6.9390756302521,7.24450549450549,5.94642857142857,6.22222222222222,7.16666666666667,6.83435582822086,23
"25",2003,5,6.54347826086957,23,7.42857142857143,5.16666666666667,6,6.61111111111111,6.5,14,9,1,9,14,261,196,65,10,84,177,6.90421455938697,7.25765306122449,5.83846153846154,6.2,7.10714285714286,6.80790960451977,24
"26",2003,6,6.5,22,7.21428571428571,5.25,NA,6.875,6.28571428571429,14,8,0,8,14,283,210,73,10,92,191,6.87279151943463,7.2547619047619,5.77397260273973,6.2,7.08695652173913,6.7696335078534,25
"27",2003,7,6.10285714285714,70,6.69705882352941,5.54166666666667,6.66666666666667,6.06315789473684,6.11764705882353,34,36,3,19,51,353,244,109,13,111,242,6.72011331444759,7.17704918032787,5.69724770642202,6.30769230769231,6.91171171171171,6.63223140495868,26
"28",2003,8,6.68571428571429,35,7.325,5.83333333333333,2,6.53846153846154,6.77272727272727,20,15,1,13,22,388,264,124,14,124,264,6.71701030927835,7.18825757575758,5.71370967741935,6,6.87258064516129,6.64393939393939,27
"29",2003,9,6.92894736842105,38,7.15833333333333,6.53571428571429,NA,7.09375,6.80909090909091,24,14,0,16,22,426,288,138,14,140,286,6.73591549295775,7.18576388888889,5.79710144927536,6,6.89785714285714,6.65664335664336,28
"30",2003,10,7.48846153846154,26,7.68823529411765,7.11111111111111,6.5,7.42857142857143,7.51052631578947,17,9,2,7,19,452,305,147,16,147,305,6.77920353982301,7.21377049180328,5.87755102040816,6.0625,6.92312925170068,6.70983606557377,29
"31",2003,11,6.3,10,6.28571428571429,6.33333333333333,NA,5.6,7,7,3,0,5,5,462,312,150,16,152,310,6.76883116883117,7.19294871794872,5.88666666666667,6.0625,6.87960526315789,6.71451612903226,30
"32",2003,12,6.54347826086957,23,7.34375,4.71428571428571,NA,6.40909090909091,6.66666666666667,16,7,0,11,12,485,328,157,16,163,322,6.75814432989691,7.20030487804878,5.8343949044586,6.0625,6.8478527607362,6.71273291925466,31
"33",2004,1,6.95833333333333,36,7.1875,6.5,6,7.11538461538461,6.8695652173913,24,12,1,13,23,521,352,169,17,176,345,6.77197696737044,7.19943181818182,5.88165680473373,6.05882352941176,6.86761363636364,6.7231884057971,32
"34",2004,2,6.75862068965517,29,7.04347826086957,5.66666666666667,NA,7,6.58823529411765,23,6,0,12,17,550,375,175,17,188,362,6.77127272727273,7.18986666666667,5.87428571428571,6.05882352941176,6.87606382978723,6.71685082872928,33
"35",2004,3,6.5,22,7.25,4.5,3,5.6,7.25,16,6,1,10,12,572,391,181,18,198,374,6.76083916083916,7.1923273657289,5.82872928176796,5.88888888888889,6.81161616161616,6.73395721925134,34
"36",2004,4,7.24193548387097,31,7.60416666666667,6,NA,6.96153846153846,7.44444444444444,24,7,0,13,18,603,415,188,18,211,392,6.78557213930348,7.21614457831325,5.83510638297872,5.88888888888889,6.82085308056872,6.76658163265306,35
"37",2004,5,6.66,25,7.03125,6,5.5,6.59090909090909,6.71428571428571,16,9,2,11,14,628,431,197,20,222,406,6.78057324840764,7.2092807424594,5.84263959390863,5.85,6.80945945945946,6.76477832512315,36
"38",2004,6,7.12105263157895,19,7.79230769230769,5.66666666666667,6.5,6.78181818181818,7.5875,13,6,2,11,8,647,444,203,22,233,414,6.79057187017002,7.22635135135135,5.83743842364532,5.90909090909091,6.80815450643777,6.78067632850242,37
"39",2004,7,6.73809523809524,21,6.61538461538461,6.9375,7,6.27777777777778,7.08333333333333,13,8,1,9,12,668,457,211,23,242,426,6.78892215568862,7.2089715536105,5.87914691943128,5.95652173913043,6.78842975206611,6.78920187793427,38
"40",2004,8,7.29411764705882,17,7.375,6,NA,6.75,7.77777777777778,16,1,0,8,9,685,473,212,23,250,435,6.8014598540146,7.21458773784355,5.87971698113208,5.95652173913043,6.7872,6.80965517241379,39
"41",2004,9,6.34,25,6.78947368421053,4.91666666666667,5,5.6875,6.64705882352941,19,6,2,8,17,710,492,218,25,258,452,6.78521126760563,7.19817073170732,5.85321100917431,5.88,6.7531007751938,6.80353982300885,40
"42",2004,10,7.07407407407407,27,7.5,5.2,6,6.33333333333333,7.44444444444444,22,5,1,9,18,737,514,223,26,267,470,6.79579375848033,7.21108949416342,5.83856502242153,5.88461538461539,6.73895131086142,6.82808510638298,41
"43",2004,11,6.340625,32,7.375,4.61666666666667,5,5.72,7.375,20,12,1,20,12,769,534,235,27,287,482,6.77685305591678,7.21722846441948,5.77617021276596,5.85185185185185,6.66794425087108,6.84170124481328,42
"44",2004,12,6.78260869565217,23,6.9,6,5,6.5,7,20,3,1,10,13,792,554,238,28,297,495,6.7770202020202,7.2057761732852,5.77899159663866,5.82142857142857,6.66228956228956,6.84585858585859,43
"45",2005,1,6.6469387755102,49,7.06969696969697,5.775,6.5,6.75294117647059,6.590625,33,16,2,17,32,841,587,254,30,314,527,6.76944114149822,7.19812606473595,5.77874015748032,5.86666666666667,6.6671974522293,6.8303605313093,44
"46",2005,2,6.12,35,6.328,5.6,5,5.9375,6.27368421052632,25,10,1,16,19,876,612,264,31,330,546,6.74349315068493,7.16258169934641,5.7719696969697,5.83870967741935,6.63181818181818,6.81098901098901,45
"47",2005,3,6.47551020408163,49,6.72432432432432,5.70833333333333,5,6.08518518518519,6.95454545454545,37,12,3,27,22,925,649,276,34,357,568,6.7292972972973,7.13759630200308,5.76920289855073,5.76470588235294,6.59047619047619,6.81654929577465,46
"48",2005,4,6.6280625,32,7.0999,5.84166666666667,4,6.54285714285714,6.69433333333333,20,12,1,14,18,957,669,288,35,371,586,6.72591222570533,7.13646935724963,5.77222222222222,5.71428571428571,6.58867924528302,6.812795221843,47
"49",2005,5,6.384615,26,7.3125,4.899999,5.5,6.24999916666667,6.5,16,10,2,12,14,983,685,298,37,383,600,6.71688503560529,7.14058102189781,5.74295298657718,5.7027027027027,6.57806785900783,6.80549666666667,48
"50",2005,6,6.29032258064516,31,7.05,4.90909090909091,5.66666666666667,6.03125,6.56666666666667,20,11,3,16,15,1014,705,309,40,399,615,6.70384417159763,7.13801134751773,5.71326857605178,5.7,6.55614032581454,6.79967154471545,49
"51",2005,7,6.47222222222222,36,6.64,6.09090909090909,7.5,6.30952380952381,6.7,25,11,2,21,15,1050,730,320,42,420,630,6.69590284761905,7.12095616438356,5.72624996875,5.78571428571429,6.5438095,6.79729841269841,50
"52",2005,8,6.58854166666667,48,7.01428571428571,5.44230769230769,4.33333333333333,6.36607142857143,6.9,35,13,3,28,20,1098,765,333,45,448,650,6.69120946265938,7.11607581699346,5.71516513513514,5.68888888888889,6.53270087053571,6.80045846153846,51
"53",2005,9,6.30882352941176,34,6.54347826086957,5.81818181818182,7,6.25,6.36111111111111,23,11,1,16,18,1132,788,344,46,464,668,6.67972437279152,7.09936294416244,5.71845927325581,5.71739130434783,6.52295256465517,6.78861976047904,52
"54",2005,10,6.7906976744186,43,6.93243243243243,5.91666666666667,5,6.60526315789474,6.9375,37,6,1,19,24,1175,825,350,47,483,692,6.68378552340426,7.09187636363636,5.72185711428571,5.70212765957447,6.52619045548654,6.79378323699422,53
"55",2005,11,6.1025,40,6.98,4.64,5.5,5.29166666666667,6.45,25,15,2,12,28,1215,850,365,49,495,720,6.66464855144033,7.08858588235294,5.67739723287671,5.69387755102041,6.49626260606061,6.78041388888889,54
"56",2005,12,6.18627450980392,51,6.765625,5.21052631578947,6.2,6.14285714285714,6.21666666666667,32,19,5,21,30,1266,882,384,54,516,750,6.64537755924171,7.07686848072562,5.65429684895833,5.74074074074074,6.4818798255814,6.757864,55
"57",2006,1,6.89150943396226,53,7.02840909090909,6.22222222222222,NA,6.90625,6.87931034482759,44,9,0,24,29,1319,926,393,54,540,779,6.65526761940864,7.07456587473002,5.6673027735369,5.74074074074074,6.50074072222222,6.76238510911425,56
"58",2006,2,6.92222222222222,36,7.16071428571429,6.0875,6.06666666666667,6.37142857142857,7.27272727272727,28,8,3,14,22,1355,954,401,57,554,801,6.6623601402214,7.07709433962264,5.6756857605985,5.7578947368421,6.49747290613718,6.77640199750312,57
"59",2006,3,6.60648148148148,54,6.77380952380952,6.02083333333333,6,6.51,6.68965517241379,42,12,2,25,29,1409,996,413,59,579,830,6.66021858765082,7.06430522088353,5.68571426150121,5.76610169491525,6.49801379965458,6.77337108433735,58
"60",2006,4,6.56296296296296,27,6.87826086956522,4.75,NA,6.75,6.48421052631579,23,4,0,8,19,1436,1019,417,59,587,849,6.65838996518106,7.06010598626104,5.67673858513189,5.76610169491525,6.50144802385008,6.76689988221437,59
"61",2006,5,6.37435897435897,39,6.87857142857143,5.09090909090909,NA,5.91,6.53448275862069,28,11,0,10,29,1475,1047,428,59,597,878,6.65087999322034,7.0552511938873,5.66168221962617,5.76610169491525,6.49154102177554,6.75922323462415,60
"62",2006,6,6.8030303030303,33,6.82,6.75,5,6.36363636363636,7.02272727272727,25,8,1,11,22,1508,1072,436,60,608,900,6.65420954244032,7.04976492537313,5.68165135321101,5.75333333333333,6.48922695723684,6.76566444444444,61
"63",2006,7,6.578125,32,6.88636363636364,5.9,6.5,6.5,6.60416666666667,22,10,2,8,24,1540,1094,446,62,616,924,6.65262856493507,7.046478976234,5.68654706278027,5.77741935483871,6.48936686688312,6.7614696969697,62
"64",2006,8,6.48684210526316,38,6.58333333333333,6.125,5.5,6.29411764705882,6.64285714285714,30,8,2,17,21,1578,1124,454,64,633,945,6.64863624207858,7.03411743772242,5.69427310572687,5.76875,6.48412320695103,6.75883386243386,63
"65",2006,9,6.75,40,6.81034482758621,6.59090909090909,6,6.7,6.76666666666667,29,11,5,10,30,1618,1153,465,69,643,975,6.65114214462299,7.02848915871639,5.71548384946237,5.78550724637681,6.48748054432348,6.75907487179487,64
"66",2006,10,6.60232558139535,43,6.79714285714286,5.75,5,6.4,6.66363636363636,35,8,2,10,33,1661,1188,473,71,653,1008,6.64987838049368,7.0216734006734,5.71606763213531,5.76338028169014,6.48614087289433,6.7559503968254,65
"67",2006,11,6.55405405405405,37,6.58928571428571,6.44444444444444,5,5.83333333333333,6.78571428571429,28,9,1,9,28,1698,1216,482,72,662,1036,6.64779033568905,7.01171710526316,5.72966802904564,5.75277777777778,6.47726584592145,6.75675482625483,66
"68",2006,12,6.54609375,64,6.76382978723404,5.94411764705882,5.4,6.66521739130435,6.47926829268293,47,17,5,23,41,1762,1263,499,77,685,1077,6.64409647559592,7.00249247822644,5.73697392785571,5.72987012987013,6.48357662773723,6.746191272052,67
"69",2007,1,6.20793650793651,63,6.35952380952381,5.90476190476191,6,5.775,6.4093023255814,42,21,3,20,43,1825,1305,520,80,705,1120,6.62903999452055,6.98179923371648,5.74374998076923,5.74,6.46347516312057,6.73325714285714,68
"70",2007,2,6.58878088888889,45,6.64545454545455,6.43292833333333,6,6.47368421052632,6.67289,33,12,3,19,26,1870,1338,532,83,724,1146,6.62807119251337,6.97350373692078,5.75929535714286,5.74939759036145,6.4637430801105,6.73188755671902,69
"71",2007,3,6.42142857142857,42,6.95185185185185,5.46666666666667,6.83333333333333,6.32352941176471,6.488,27,15,3,17,25,1912,1365,547,86,741,1171,6.62353197175733,6.97307545787546,5.75127080438757,5.78720930232558,6.4605263022942,6.72668073441503,70
"72",2007,4,6.5063829787234,47,6.78823529411765,5.76923076923077,3.7,6.55,6.47407407407407,34,13,1,20,27,1959,1399,560,87,761,1198,6.62072135273099,6.96858327376698,5.75168773214286,5.7632183908046,6.46287777923784,6.72098759599332,71
"73",2007,5,6.71914893617021,47,7.13030303030303,5.75,9,6.8125,6.67096774193548,33,14,1,16,31,2006,1432,574,88,777,1229,6.62302748255235,6.97231005586592,5.75164656794425,5.8,6.47007720720721,6.71972590724166,72
"74",2007,6,6.72954545454545,44,7.02972972972973,5.14285714285714,6,6.85,6.62916666666667,37,7,1,20,24,2050,1469,581,89,797,1253,6.62531372195122,6.97375629680054,5.7443117555938,5.80224719101123,6.47961102885822,6.71799133280128,73
"75",2007,7,6.78245614035088,57,6.9,6.38461538461539,6.9375,6.61666666666667,6.87916666666667,44,13,8,21,36,2107,1513,594,97,818,1289,6.62956484575226,6.97161136814276,5.75832513468013,5.89587628865979,6.48312957212714,6.72249273855702,74
"76",2007,8,6.49705882352941,34,6.76538461538462,5.625,6,6.92307692307692,6.23333333333333,26,8,1,13,21,2141,1539,602,98,831,1310,6.62746059318076,6.9681273554256,5.75655337209302,5.8969387755102,6.49001202166065,6.7146512519084,75
"77",2007,9,6.72321428571429,56,6.8625,6.375,6.3125,6.43333333333333,6.82926829268293,40,16,8,15,41,2197,1579,618,106,846,1351,6.62990128812017,6.96545155161495,5.77256493527508,5.92830188679245,6.48900708037825,6.7181296373057,76
"78",2007,10,6.67213114754098,61,6.91111111111111,6,7,6.40434782608696,6.83421052631579,45,16,5,23,38,2258,1624,634,111,869,1389,6.63104213020372,6.96394581280788,5.7783046214511,5.97657657657658,6.48676638665132,6.72130535637149,77
"79",2007,11,6.37833333333333,60,6.6906976744186,5.58823529411765,6,6.125,6.505,43,17,3,20,40,2318,1667,651,114,889,1429,6.6245009188956,6.9568974205159,5.77334121351766,5.97719298245614,6.47862766029246,6.71525062281316,78
"80",2007,12,6.63125,56,6.96973684210526,5.91666666666667,7,6.23076923076923,6.97833333333333,38,18,6,26,30,2374,1705,669,120,915,1459,6.6246601221567,6.95718357771261,5.77719750373692,6.02833333333333,6.47158468852459,6.72066013708019,79
"81",2008,1,6.51807228915663,83,6.88793103448276,5.66,4.375,6.375,6.56349206349206,58,25,4,20,63,2457,1763,694,124,935,1522,6.62105947496948,6.95490527509926,5.77297569164265,5.975,6.46951870588235,6.71415449408673,80
"82",2008,2,6.62444444444444,45,6.67941176470588,6.45454545454545,7,6.53571428571429,6.66451612903226,34,11,2,14,31,2502,1797,705,126,949,1553,6.62112035571543,6.94969282136895,5.78361011347518,5.99126984126984,6.47049524762908,6.71316364455892,81
"83",2008,3,6.66296296296296,54,7.23636363636364,5.76190476190476,6.0625,6.3,6.87647058823529,33,21,8,20,34,2556,1830,726,134,969,1587,6.6220043544601,6.95486229508197,5.78298227272727,5.9955223880597,6.46697625386997,6.71666234404537,82
"84",2008,4,6.69142857142857,35,7.09565217391304,5.91666666666667,6.5,6.39166666666667,6.84782608695652,23,12,2,12,23,2591,1853,738,136,981,1610,6.62294215746816,6.95660982191042,5.78515600271003,6.00294117647059,6.46605503567788,6.71853611180124,83
"85",2008,5,6.70425531914894,47,7.321875,5.38666666666667,6.76,6.265,7.02962962962963,32,15,5,20,27,2638,1885,753,141,1001,1637,6.62439087566338,6.96281061007958,5.77721796812749,6.02978723404255,6.46203795204795,6.723667159438,84
"86",2008,6,6.71914893617021,47,6.87631578947368,6.05555555555556,6.75,6.69,6.74074074074074,38,9,2,20,27,2685,1923,762,143,1021,1664,6.62604958286779,6.96110140405616,5.78050541994751,6.03986013986014,6.46650341821743,6.72394419471154,85
"87",2008,7,6.1851724137931,58,6.706,5.02777777777778,4.4,5.79407407407407,6.5258064516129,40,18,10,27,31,2743,1963,780,153,1048,1695,6.61672735326285,6.95590320937341,5.76313478205128,5.93267973856209,6.44917937977099,6.72032043657817,86
"88",2008,8,6.31190476190476,63,6.54583333333333,6,5.2,5.84705882352941,6.48369565217391,36,27,10,17,46,2806,1999,807,163,1065,1741,6.609883510335,6.94851825912956,5.77105964064436,5.88773006134969,6.4395680657277,6.71406843193567,87
"89",2008,9,6.45348837209302,43,6.82,5.94444444444444,6.11111111111111,6.26086956521739,6.675,25,18,9,23,20,2849,2024,825,172,1088,1761,6.60752303615304,6.94693083003952,5.77484258181818,5.89941860465116,6.43579043198529,6.7136247245883,88
"90",2008,10,6.41627906976744,43,6.816,5.86111111111111,5.54545454545455,6.17142857142857,6.53448275862069,25,18,11,14,29,2892,2049,843,183,1102,1790,6.60467950553251,6.94533333333333,5.77668461447212,5.87814207650273,6.43243193284936,6.71072242458101,89
"91",2008,11,6.78571428571429,42,7.11666666666667,5.95833333333333,5.75,6.42307692307692,6.94827586206897,30,12,8,13,29,2934,2079,855,191,1115,1819,6.60727100545331,6.94780567580567,5.77923407017544,5.87277486910995,6.43232286098655,6.71450969763606,90
"92",2008,12,6.5,52,6.64871794871795,6.05384615384615,6.5,6.64230769230769,6.35769230769231,39,13,8,26,26,2986,2118,868,199,1141,1845,6.60540292364367,6.94229839471199,5.78334692396313,5.89798994974874,6.43710779141104,6.70948137669377,91
"93",2009,1,6.45,85,6.63333333333333,6.13064516129032,6.40434782608696,6.20384615384615,6.55847457627119,54,31,23,26,59,3071,2172,899,222,1167,1904,6.60110163790297,6.93461694290976,5.79532272525028,5.95045045045045,6.43191087403599,6.70480206932773,92
"94",2009,2,6.29487179487179,78,6.70540540540541,5.92439024390244,5.65625,5.85,6.44827586206897,37,41,16,20,58,3149,2209,940,238,1187,1962,6.59351639568117,6.9307777274785,5.80095226595745,5.93067226890756,6.42210614153328,6.69721872579001,93
"95",2009,3,6.44444444444444,81,6.80487804878049,6.075,6,6.26086956521739,6.51724137931035,41,40,16,23,58,3230,2250,980,254,1210,2020,6.58977805882353,6.92848355555555,5.8121378877551,5.93503937007874,6.41904131404959,6.69205105940594,94
"96",2009,4,6.46666666666667,60,6.95405405405405,5.68260869565217,5.875,6.13888888888889,6.60714285714286,37,23,8,18,42,3290,2287,1003,262,1228,2062,6.5875328662614,6.92889724529952,5.80916762711864,5.93320610687023,6.41493484527687,6.69032160038797,95
"97",2009,5,6.475,62,6.93333333333333,6.12142857142857,5.91666666666667,6.13409090909091,6.6625,27,35,15,22,40,3352,2314,1038,277,1250,2102,6.58545141109785,6.92894900605013,5.81969665703275,5.93231046931408,6.409991992,6.68979216936251,96
"98",2009,6,6.13694915254237,59,6.57666666666667,5.68206896551724,6.19,5.72666666666667,6.31707317073171,30,29,12,18,41,3411,2344,1067,289,1268,2143,6.57769367634125,6.92444027303754,5.81595607310216,5.94301038062284,6.40029179022082,6.68266128791414,97
"99",2009,7,6.38387096774194,62,6.66315789473684,5.94166666666667,5.4,5.65,6.73333333333333,38,24,9,20,42,3473,2382,1091,298,1288,2185,6.5742335531241,6.92027204030227,5.81872147571036,5.92661073825503,6.38864129658385,6.68363530434783,98
"100",2009,8,6.14814814814815,54,6.9375,5.51666666666667,5.76923076923077,5.75,6.31578947368421,24,30,13,16,38,3527,2406,1121,311,1304,2223,6.56770998865892,6.92044389027431,5.81063793933988,5.92003215434084,6.38080520705521,6.6773473414305,99
"101",2009,9,6.25892857142857,56,6.80882352941176,5.40909090909091,5.05,5.5625,6.5375,34,22,10,16,40,3583,2440,1143,321,1320,2263,6.56288393245884,6.91888852459016,5.80290912510936,5.89292834890966,6.3708863560606,6.67487544851966,100
"102",2009,10,6.43524590163934,61,6.3734375,6.50344827586207,7.18333333333333,6.53571428571429,6.40531914893617,32,29,6,14,47,3644,2472,1172,327,1334,2310,6.56074729143798,6.91182766990291,5.82024328498293,5.91660550458715,6.37261618440779,6.66939096969697,101
"103",2009,11,6.5372,50,6.82814814814815,6.19565217391304,6.33333333333333,5.88,6.74473684210526,27,23,6,12,38,3694,2499,1195,333,1346,2348,6.56042856794803,6.91092356942777,5.82746872803347,5.92411411411411,6.36822436106984,6.67061036626916,102
"104",2009,12,6.43701149425287,87,6.92489795918367,5.80789473684211,6.01,6.3,6.49225806451613,49,38,20,25,62,3781,2548,1233,353,1371,2410,6.55758876752182,6.91119230769231,5.82686547445255,5.92898016997167,6.36698029905178,6.66602204979253,103
"105",2010,1,6.49285714285714,84,6.84615384615385,5.91875,5.95555555555556,6.34117647058823,6.53134328358209,52,32,18,17,67,3865,2600,1265,371,1388,2477,6.55618192238034,6.90989153846154,5.82918982608696,5.93026954177897,6.36666425792507,6.66237914412596,104
"106",2010,2,6.25454545454545,55,6.51785714285714,5.98148148148148,6.33333333333333,5.5,6.36458333333333,28,27,6,7,48,3920,2628,1292,377,1395,2525,6.55194977806123,6.90571461187214,5.83237239164087,5.93668435013262,6.36231540501792,6.65671807524752,105
"107",2010,3,6.45098039215686,51,6.75862068965517,6.04545454545455,6.55555555555556,6.23529411764706,6.55882352941176,29,22,9,17,34,3971,2657,1314,386,1412,2559,6.55065301687233,6.90410914565299,5.83593997716895,5.9511139896373,6.36078611189801,6.65541740523642,106
"108",2010,4,6.53265306122449,49,6.80322580645161,6.06666666666667,5.875,6.21875,6.68484848484848,31,18,8,16,33,4020,2688,1332,394,1428,2592,6.55043361442786,6.90294568452381,5.8390579054054,5.94956852791878,6.35919467086835,6.65579210648148,107
"109",2010,5,6.45652173913043,23,6.4375,6.5,5.5,5.5,6.79411764705882,16,7,3,6,17,4043,2704,1339,397,1434,2609,6.54989936433342,6.90019156804734,5.84251316654219,5.94617128463476,6.35559971408647,6.65669342276734,108
"110",2010,6,6.453125,48,6.67352941176471,5.91785714285714,5.6,5.81388888888889,6.83666666666667,34,14,5,18,30,4091,2738,1353,402,1452,2639,6.54876390369103,6.897376917458,5.84329277900961,5.94186567164179,6.34888429063361,6.65873934823797,109
"111",2010,7,6.65357142857143,56,7.07741935483871,6.128,6.22727272727273,6.125,6.79772727272727,31,25,11,12,44,4147,2769,1378,413,1464,2683,6.55017919700989,6.89939256049115,5.84845800435414,5.94946731234867,6.34704917349727,6.66101868803578,110
"112",2010,8,6.65769230769231,52,6.98484848484848,6.08947368421053,5.55,6.5,6.71025641025641,33,19,10,13,39,4199,2802,1397,423,1477,2722,6.55151062872113,6.90039900071378,5.85173595561918,5.94002364066194,6.34839538930264,6.66172415135929,111
"113",2010,9,6.62571428571429,35,7.01481481481482,5.3125,5.3,5.69,7,27,8,5,10,25,4234,2829,1405,428,1487,2747,6.5521240269249,6.90149098621421,5.84866557295374,5.93254672897196,6.34396771351715,6.66480274481252,112
"114",2010,10,6.26704545454545,44,6.84615384615385,5.43055555555556,4.60714285714286,5.84615384615385,6.44354838709677,26,18,7,13,31,4278,2855,1423,435,1500,2778,6.5491919424965,6.90098704028021,5.84337676036542,5.9112183908046,6.33965332666666,6.6623337437005,113
"115",2010,11,6.40588235294118,51,6.82,5.81428571428571,5.9,6.32142857142857,6.43783783783784,30,21,9,14,37,4329,2885,1444,444,1514,2815,6.54750361053361,6.90014488734835,5.84295369113573,5.91099099099099,6.3394848018494,6.6593829982238,114
"116",2010,12,6.79508196721311,61,7.07142857142857,6.42307692307692,5.9,6.69444444444444,6.83720930232558,35,26,10,18,43,4390,2920,1470,454,1532,2858,6.55094376537586,6.90219794520548,5.85321437414966,5.91074889867841,6.343655345953,6.66205848145556,115
"117",2011,1,6.15446428571429,56,6.80172413793103,5.45925925925926,6.21428571428571,5.59,6.3609756097561,29,27,7,15,41,4446,2949,1497,461,1547,2899,6.54594987179487,6.90120990166158,5.84610897127589,5.9153579175705,6.33634776341306,6.65780032424974,116
"118",2011,2,6.675,52,6.8,6.49047619047619,7.27142857142857,7.26363636363636,6.51707317073171,31,21,7,11,41,4498,2980,1518,468,1558,2940,6.54744178079147,6.90015704697987,5.85502314229249,5.93564102564102,6.34289473042362,6.65583780272109,117
"119",2011,3,6.52460317460317,63,6.82625,6,5.8,6.84375,6.41595744680851,40,23,10,16,47,4561,3020,1541,478,1574,2987,6.54712631659724,6.89917814569536,5.85718697598962,5.93280334728033,6.34798601651842,6.65206332105792,118
"120",2011,4,6.30285714285714,35,6.56153846153846,5.55555555555556,5.66666666666667,6.06666666666667,6.38461538461539,26,9,3,9,26,4596,3046,1550,481,1583,3013,6.54526612924282,6.89629612606697,5.85543556774194,5.93114345114345,6.34638660138976,6.64975543976103,119
"121",2011,5,6.58,50,6.94285714285714,5.73333333333333,6.4,5.66666666666667,6.86842105263158,35,15,5,12,38,4646,3081,1565,486,1595,3051,6.54563993327594,6.89682505679974,5.85426525878594,5.9359670781893,6.34127272100313,6.65247890527696,120
"122",2011,6,6.52702702702703,37,6.72222222222222,6,6.21428571428571,6.7,6.46296296296296,27,10,7,10,27,4683,3108,1575,493,1605,3078,6.54549287422592,6.89530823680824,5.85519055873016,5.93991886409736,6.34350778193146,6.65081648473034,121
"123",2011,7,6.51451612903226,31,6.97333333333333,6.084375,7.125,5.58333333333333,6.738,15,16,4,6,25,4714,3123,1591,497,1611,3103,6.54528916631311,6.89568299711816,5.85749536769328,5.94945674044266,6.34067659217877,6.6515188978408,122
"124",2011,8,6.52407407407407,54,6.72222222222222,6.12777777777778,6,6.125,6.59347826086957,36,18,6,8,46,4768,3159,1609,503,1619,3149,6.54504889471477,6.89370623615068,5.86051903666874,5.95005964214712,6.33961086473131,6.65067105112734,123
"125",2011,9,6.75,42,7.39130434782609,5.97368421052632,5.16666666666667,6.33333333333333,6.78205128205128,23,19,6,3,39,4810,3182,1628,509,1622,3188,6.54683848856549,6.89730295411691,5.86183976044226,5.94082514734774,6.3395992540074,6.65227827478042,124
"126",2011,10,6.34130434782609,46,6.65416666666667,6,5.94444444444444,6.38461538461539,6.32424242424242,24,22,9,13,33,4856,3206,1650,518,1635,3221,6.54489150123559,6.89548284466625,5.8636818969697,5.94088803088803,6.33995718042813,6.64891746041602,125
"127",2011,11,6.25258620689655,58,6.67222222222222,5.56590909090909,7,5.71875,6.45595238095238,36,22,3,16,42,4914,3242,1672,521,1651,3263,6.54144141839642,6.89300370141888,5.85976383373206,5.94698656429942,6.33393700181708,6.64643369292062,126
"128",2011,12,6.48684210526316,57,7.09848484848485,5.64583333333333,5.5,6.21153846153846,6.56818181818182,33,24,13,13,44,4971,3275,1696,534,1664,3307,6.54081535505934,6.89507419847328,5.85673651533019,5.93610486891386,6.33298076322115,6.64539254309041,127
"129",2012,1,6.56328125,64,7.04444444444444,5.94464285714286,5.86363636363636,6.265,6.69886363636364,36,28,11,20,44,5035,3311,1724,545,1684,3351,6.54110091956306,6.89669827846572,5.85816422853828,5.93464220183486,6.33217339073634,6.64609464040585,128
"130",2012,2,6.43015873015873,63,6.54186046511628,6.19,6.56153846153846,6.71818181818182,6.27560975609756,43,20,13,22,41,5098,3354,1744,558,1706,3392,6.53972991957631,6.89214907573047,5.86196968463303,5.94924731182796,6.33715122508792,6.64161649174528,129
"131",2012,3,6.3265306122449,49,6.55555555555556,6.04545454545455,5.75,6.6,6.25641025641026,27,22,6,10,39,5147,3381,1766,564,1716,3431,6.53770023897416,6.8894611061816,5.86425545300113,5.94712765957447,6.33868297785548,6.63723787234042,130
"132",2012,4,6.44489795918367,49,6.92666666666667,5.68421052631579,6,5.65625,6.82727272727273,30,19,9,16,33,5196,3411,1785,573,1732,3464,6.53682508275597,6.88978833186749,5.86233900840336,5.94795811518325,6.33237874711316,6.63904825057736,131
"133",2012,5,6.19404761904762,42,6.38833333333333,5.70833333333333,5.25,6.6875,6.07794117647059,30,12,4,8,34,5238,3441,1797,577,1740,3498,6.53407658075602,6.88541644870677,5.86131058987201,5.94311958405546,6.33401148850574,6.63359437964551,132
"134",2012,6,6.73061224489796,49,6.84848484848485,6.4875,5.66666666666667,5.875,6.89756097560976,33,16,6,8,41,5287,3474,1813,583,1748,3539,6.53589807641385,6.88506563039724,5.86683680639823,5.94027444253859,6.33191074942791,6.63665248375247,133
"135",2012,7,6.8515625,32,6.70833333333333,7.28125,8,6.58333333333333,6.91346153846154,24,8,2,6,26,5319,3498,1821,585,1754,3565,6.53779716676067,6.88385305889079,5.87305059308072,5.94731623931624,6.33277080387685,6.63867128751753,134
"136",2012,8,7.01315789473684,38,7.4,6.26923076923077,6.75,6.58333333333333,7.09375,25,13,4,6,32,5357,3523,1834,589,1760,3597,6.5411691487773,6.88751575361907,5.87585884950927,5.95276740237691,6.33362499431818,6.64271980539338,135
"137",2012,9,6.62068965517241,29,6.9375,6.23076923076923,5.66666666666667,5.7,6.8125,16,13,6,5,24,5386,3539,1847,595,1765,3621,6.54159731340513,6.88774173495338,5.87835686518679,5.94988235294118,6.33183002266289,6.64384510908589,136
"138",2012,10,6.96486486486486,37,7.3,6.57058823529412,6.35714285714286,7,6.959375,20,17,7,5,32,5423,3559,1864,602,1770,3653,6.54448517978979,6.89005844338297,5.88467013412017,5.95461794019934,6.33371750847457,6.64660912674514,137
"139",2012,11,6.28958333333333,48,6.61774193548387,5.69117647058824,5.9375,6.29615384615385,6.28714285714286,31,17,4,13,35,5471,3590,1881,606,1783,3688,6.54224878998355,6.8877069637883,5.88292138755981,5.95450495049505,6.33344362871564,6.64319770607375,138
"140",2012,12,6.71864406779661,59,6.91428571428571,6.23529411764706,7,7.21428571428571,6.56444444444444,42,17,2,14,45,5530,3632,1898,608,1797,3733,6.54413076491863,6.88801431718062,5.88607751844046,5.95794407894737,6.34030606010016,6.64224836324672,139
"141",2013,1,6.72727272727273,66,7.14583333333333,5.61111111111111,6.1,7.46153846153846,6.54716981132075,48,18,5,13,53,5596,3680,1916,613,1810,3786,6.54629076661902,6.89137717391304,5.88349432672234,5.95910277324633,6.34835911049723,6.64091736397253,140
"142",2013,2,6.61923076923077,52,6.6671875,6.5425,6.3125,6.29411764705882,6.77714285714286,32,20,8,17,35,5648,3712,1936,621,1827,3821,6.54696231055241,6.88944450431034,5.89030223657025,5.96365539452496,6.34785440065681,6.64216517665532,141
"143",2013,3,6.11610169491525,59,6.32241379310345,5.91666666666667,5.54545454545455,5.35384615384615,6.33152173913043,29,30,11,13,46,5707,3741,1966,632,1840,3867,6.54250799544419,6.88504891740176,5.8907045422177,5.95637658227848,6.34083151630435,6.63846990949056,142
"144",2013,4,6.81923076923077,39,7.13166666666667,5.77777777777778,4.75,7.45,6.72647058823529,30,9,4,5,34,5746,3771,1975,636,1845,3901,6.54438620431605,6.88701087244763,5.89018993924051,5.9487893081761,6.34383739295393,6.63923689823122,143
"145",2013,5,6.56875,40,6.80172413793103,5.95454545454545,7,6.125,6.71666666666667,29,11,4,10,30,5786,3800,1986,640,1855,3931,6.54455463705496,6.88636,5.8905463897281,5.955359375,6.34265767654986,6.63982781480539,144
"146",2013,6,6.87765957446809,47,7.17857142857143,6,6,6.91666666666667,6.86428571428571,35,12,6,12,35,5833,3835,1998,646,1867,3966,6.54723866449512,6.88902685788787,5.89120376876877,5.95577399380805,6.34634707552223,6.64180865859808,145
"147",2013,7,5.91875,48,6.584,5.19565217391304,4.8125,4.95454545454545,6.20540540540541,25,23,8,11,37,5881,3860,2021,654,1878,4003,6.54210901717395,6.88705129533679,5.88328804057397,5.94178899082569,6.3381948828541,6.63777495378466,146
"148",2013,8,6.57934782608696,46,6.83275862068966,6.14705882352941,6.5,6.19375,6.66052631578947,29,17,8,8,38,5927,3889,2038,662,1886,4041,6.54239803104437,6.88664643867318,5.8854882875368,5.94853474320242,6.33758217921527,6.63798889878743,147
"149",2013,9,6.78125,48,7.03125,6.28125,5.78571428571429,6.8125,6.775,32,16,7,8,40,5975,3921,2054,669,1894,4081,6.54431684184101,6.88782657485335,5.88857114410906,5.94683109118087,6.33958816789862,6.63933181573144,148
"150",2013,10,6.37083333333333,36,7.05238095238095,5.41666666666667,6.5,6.8125,6.315625,21,15,6,4,32,6011,3942,2069,675,1898,4113,6.54327784561637,6.88870319634703,5.88514989366844,5.95174814814815,6.34058482086406,6.63681330902018,149
"151",2013,11,7.18666666666667,30,7.38666666666667,6.98666666666667,7.55,8.1,7.004,15,15,6,5,25,6041,3957,2084,681,1903,4138,6.54647295646416,6.89059085165529,5.89307827735125,5.96582966226138,6.34520756174461,6.63903169163847,150
"152",2013,12,6.53061224489796,49,6.92857142857143,5.53571428571429,5.5625,5.54545454545455,6.81578947368421,35,14,8,11,38,6090,3992,2098,689,1914,4176,6.54634534154351,6.89092384769539,5.89069357959962,5.9611465892598,6.3406112800418,6.6406401197318,151
"153",2014,1,6.58897058823529,68,6.87608695652174,5.98863636363636,5.75,6.40909090909091,6.62368421052632,46,22,8,11,57,6158,4038,2120,697,1925,4233,6.54681603280286,6.89075482912333,5.89170996698113,5.9587230989957,6.34100259220779,6.64041179777935,152
"154",2014,2,6.40785714285714,70,6.85520833333333,5.43181818181818,6.125,5.98,6.52454545454545,48,22,8,15,55,6228,4086,2142,705,1940,4288,6.5452541955684,6.89033724914341,5.88698652194211,5.96060992907801,6.33821133505154,6.63892563899253,153
"155",2014,3,6.674,50,7.02333333333333,6.15,6.8125,6.22727272727273,6.8,30,20,8,11,39,6278,4116,2162,713,1951,4327,6.54627956833387,6.89130660835763,5.88941957909343,5.9701683029453,6.33758584828293,6.64037743009013,154
"156",2014,4,6.36785714285714,42,6.78846153846154,5.684375,6,5.5,6.57205882352941,26,16,5,8,34,6320,4142,2178,718,1959,4361,6.54509384968354,6.89066103331724,5.88791328282828,5.97037604456824,6.33416538540071,6.63984479247879,155
"157",2014,5,6.17553191489362,47,6.82954545454545,5.6,5.35714285714286,5.85,6.26351351351351,22,25,14,10,37,6367,4164,2203,732,1969,4398,6.54236581278467,6.8903381364073,5.88464599636859,5.95864754098361,6.33170644489588,6.63667874943156,156
"158",2014,6,5.96756756756757,37,6.40833333333333,5.15384615384615,5,5.93636363636364,5.98076923076923,24,13,3,11,26,6404,4188,2216,735,1980,4424,6.53904483603998,6.88757593123209,5.8803588131769,5.95473469387755,6.32951009595959,6.63282394665461,157
"159",2014,7,6.57394736842105,38,7.21105263157895,5.93684210526316,6.475,7.05,6.4846875,19,19,8,6,32,6442,4207,2235,743,1986,4456,6.53925071872089,6.88903684335631,5.88083898434004,5.96033647375505,6.33168680261833,6.63176013016158,158
"160",2014,8,6.72692307692308,52,7.1,5.71428571428571,6.8,7,6.65365853658537,38,14,5,11,41,6494,4245,2249,748,1997,4497,6.54075348475516,6.89092532391048,5.87980219208537,5.96594919786096,6.3353680470706,6.63195978207694,159
"161",2014,9,6.60106382978723,47,7.00806451612903,5.8125,6.42857142857143,6.78571428571429,6.52272727272727,31,16,7,14,33,6541,4276,2265,755,2011,4530,6.54118684146155,6.89177455565949,5.87932676821192,5.97023841059603,6.33850322725012,6.63116404856512,160
"162",2014,10,6.35555555555556,45,7.25,5.33333333333333,5.11111111111111,6.27272727272727,6.38235294117647,24,21,9,11,34,6586,4300,2286,764,2022,4564,6.53991848314607,6.89377395348837,5.87431108048994,5.96011780104712,6.33814539564787,6.62931050394391,161
"163",2014,11,6.31944444444444,36,6.78846153846154,5.1,5.5,6,6.41071428571429,26,10,4,8,28,6622,4326,2296,768,2030,4592,6.53871989278164,6.89314100785945,5.87093864547038,5.95772135416667,6.33681280295566,6.62797760017421,162
"164",2014,12,6.24897959183673,49,6.55882352941176,5.54666666666667,6.02222222222222,5.85555555555556,6.3375,34,15,9,9,40,6671,4360,2311,777,2039,4632,6.53659168490481,6.89053394495413,5.868833894418,5.95846846846847,6.33468856792545,6.62546915803108,163
"165",2015,1,6.74647887323944,71,7.35365853658537,5.91666666666667,7.0625,6.82142857142857,6.7280701754386,41,30,8,14,57,6742,4401,2341,785,2053,4689,6.5388020068229,6.89484844353556,5.86944687313114,5.96971974522293,6.33800778860204,6.6267163872894,164
"166",2015,2,6.07317073170732,41,6.59523809523809,5.525,4.72222222222222,4.7,6.35588235294118,21,20,9,7,34,6783,4422,2361,794,2060,4723,6.53598748783724,6.89342559927634,5.86652906819144,5.95557934508816,6.33244174271844,6.6247667033665,165
"167",2015,3,6.34180327868852,61,6.68918918918919,5.80625,5.8875,6.48181818181818,6.311,37,24,12,11,50,6844,4459,2385,806,2071,4773,6.5342567402104,6.89173088136353,5.86592248637317,5.95456575682382,6.33323514727185,6.62147981143934,166
"168",2015,4,6.42857142857143,42,6.57575757575758,5.88888888888889,7,5.7,6.52702702702703,33,9,1,5,37,6886,4492,2394,807,2076,4810,6.53361213040953,6.88940961709706,5.86600882623225,5.95586121437422,6.33171001445086,6.62075325155925,167
"169",2015,5,6.30147058823529,34,6.72826086956522,5.40909090909091,4.83333333333333,5.91666666666667,6.51136363636364,23,11,3,12,22,6920,4515,2405,810,2088,4832,6.53247155057803,6.88858870431894,5.86391897297297,5.9517037037037,6.3293247078544,6.62025520281457,168
"170",2015,6,5.98387096774194,31,6.61904761904762,4.65,4,6.41666666666667,5.88,21,10,2,6,25,6951,4536,2415,812,2094,4857,6.5300249072076,6.88734082892416,5.85889239337474,5.94689655172414,6.3295749713467,6.61644495367511,169
"171",2015,7,6.63953488372093,43,6.936,6.22777777777778,5.16666666666667,6.16666666666667,6.675,25,18,6,3,40,6994,4561,2433,818,2097,4897,6.53069818844724,6.88760754220566,5.86162150842581,5.94117359413203,6.3293419122556,6.61692324688585,170
"172",2015,8,6.67604166666667,48,7.0765625,5.875,6.21428571428571,6.19444444444444,6.78717948717949,32,16,7,9,39,7042,4593,2449,825,2106,4936,6.53168888525987,6.88892401480514,5.86170891384238,5.94349090909091,6.32876542735042,6.6182684643436,171
"173",2015,9,6.06315789473684,38,6.544,5.13846153846154,4.63333333333333,5.16666666666667,6.23125,25,13,6,6,32,7080,4618,2462,831,2112,4968,6.52917417090396,6.88705673451711,5.85788997969131,5.93403128760529,6.32546401041666,6.61577559178744,172
"174",2015,10,6.04411764705882,34,6.28947368421053,5.73333333333333,5.91666666666667,5.90909090909091,6.10869565217391,19,15,6,11,23,7114,4637,2477,837,2123,4991,6.52685593618218,6.8846081518223,5.85713570044408,5.93390681003584,6.32330663683466,6.61343881787217,173
"175",2015,11,6.5,43,6.87142857142857,5.80666666666667,6.0125,6.16666666666667,6.55405405405405,28,15,8,6,37,7157,4665,2492,845,2129,5028,6.52669458292581,6.88452904608789,5.8568319141252,5.93465088757396,6.32286519023015,6.6130018178202,174
"176",2015,12,6.49098360655738,61,6.81707317073171,5.8225,5.875,6.3,6.52843137254902,41,20,4,10,51,7218,4706,2512,849,2139,5079,6.52639278609033,6.88394135146621,5.85655857085987,5.93436984687868,6.32275829359513,6.61215261665682,175
"177",2016,1,6.03363636363636,55,6.534375,5.33695652173913,5.4,5.5,6.09897959183674,32,23,10,6,49,7273,4738,2535,859,2145,5128,6.52266645538292,6.88158041367666,5.85184423274162,5.9281490104773,6.32045687179487,6.60724905226209,176
"178",2016,2,6.43617021276596,47,6.90740740740741,5.8,5.83333333333333,6.22222222222222,6.48684210526316,27,20,6,9,38,7320,4765,2555,865,2154,5166,6.52211108333333,6.88172675760755,5.85143840704501,5.92749132947977,6.32004642061281,6.60636336430507,177
"179",2016,3,6.63414634146341,41,6.97916666666667,6.14705882352941,5.8125,6.27777777777778,6.734375,24,17,8,9,32,7361,4789,2572,873,2163,5198,6.52273510800163,6.88221507621633,5.85339235225505,5.92643757159221,6.3198705455386,6.60715143131973,178
"180",2016,4,6.67475,40,7.03807692307692,6,6,7,6.58032258064516,26,14,6,9,31,7401,4815,2586,879,2172,5229,6.52355669909472,6.88305669781931,5.85418605181748,5.92693970420933,6.32268876151013,6.60699237712755,179
"181",2016,5,6.34038461538462,52,7.02666666666667,5.40454545454545,4.8,6.15,6.38571428571429,30,22,5,10,42,7453,4845,2608,884,2182,5271,6.52227869716892,6.88394592363261,5.85039307131902,5.92056561085973,6.32189733730522,6.60522920508442,180
"182",2016,6,7.08666666666667,30,7.28947368421053,6.73636363636364,6,6.5,7.12857142857143,19,11,2,2,28,7483,4864,2619,886,2184,5299,6.52454137778965,6.88553001644737,5.85411421534937,5.92074492099323,6.32206043498168,6.60799455368937,181
"183",2016,7,7,56,7.12820512820513,6.70588235294118,5.9,8.35,6.70652173913043,39,17,5,10,46,7539,4903,2636,891,2194,5345,6.52807310385993,6.88746033040995,5.85960740895296,5.92062850729517,6.33130355059252,6.60884249579045,182
"184",2016,8,6.37777777777778,45,6.55,6.03333333333333,6.35714285714286,6.27272727272727,6.41176470588235,30,15,7,11,34,7584,4933,2651,898,2205,5379,6.52718131988397,6.88540806811271,5.86059039230479,5.92403118040089,6.33101133333333,6.60759679122513,183
"185",2016,9,7.35,45,7.6328125,6.65384615384615,7.25,7.75,7.3,32,13,4,5,40,7629,4965,2664,902,2210,5419,6.5320347529165,6.89022517623363,5.86446138513514,5.92991130820399,6.33422171493212,6.61270772098173,184
"186",2016,10,6.83418181818182,55,7.29657142857143,6.025,5.58333333333333,7.20769230769231,6.71857142857143,35,20,12,13,42,7684,5000,2684,914,2223,5461,6.53419744013534,6.8930696,5.8656576490313,5.92536105032823,6.33932973009446,6.61352190807544,185
"187",2016,11,6.51923076923077,52,6.75,6.20454545454545,5.88888888888889,6.09090909090909,6.63414634146341,30,22,9,11,41,7736,5030,2706,923,2234,5502,6.5340968368666,6.89221630218688,5.86841283444198,5.92500541711809,6.3381065308863,6.61367559796437,186
"188",2016,12,6.36063492063492,63,6.66585365853659,5.79181818181818,6.257,6.12857142857143,6.4269387755102,41,22,10,14,49,7799,5071,2728,933,2248,5551,6.53269561866906,6.89038611713666,5.8677951356305,5.92856377277599,6.33680159697509,6.61202722752657,187
"189",2017,1,6.45977011494253,87,6.75471698113208,6,6.38461538461539,6.08333333333333,6.55797101449275,53,34,13,18,69,7886,5124,2762,946,2266,5620,6.53189108927213,6.88898282591725,5.86942256698045,5.93483086680761,6.33478816857899,6.6113635480427,188
"190",2017,2,6.52295081967213,61,6.8046511627907,5.85,6.6,6.5,6.52857142857143,43,18,5,12,49,7947,5167,2780,951,2278,5669,6.53182246508116,6.88828101412812,5.86929680935252,5.93832807570978,6.33565846795434,6.61064793437996,189
"191",2017,3,6.57446808510638,47,6.66666666666667,6.125,6.5,6.14285714285714,6.65,39,8,4,7,40,7994,5206,2788,955,2285,5709,6.53207319614711,6.88662082212831,5.87003053443329,5.94068062827225,6.33506782932166,6.61092365387983,190
"192",2017,4,6.63703703703704,54,6.78378378378378,6.31764705882353,7.23333333333333,6.46428571428571,6.6975,37,17,6,14,40,8048,5243,2805,961,2299,5749,6.53277747639165,6.8858950982262,5.87274336185383,5.94875130072841,6.33585471509352,6.61152602887458,191
"193",2017,5,6.659,50,6.91973684210526,5.83333333333333,6.25,7,6.62111111111111,38,12,4,5,45,8098,5281,2817,965,2304,5794,6.53355682020252,6.88613861011172,5.87257548100817,5.95,6.33729600260416,6.611600472903,192
"194",2017,6,6.46316666666667,60,6.6641935483871,6.24827586206897,6.66666666666667,6.89,6.3778,31,29,6,10,50,8158,5312,2846,971,2314,5844,6.53303911865653,6.88484337349397,5.8764037702038,5.95442842430484,6.33968452463267,6.60960012662559,193
"195",2017,7,6.72368421052632,38,7.36,5.5,6.8125,6.46153846153846,6.86,25,13,8,13,25,8196,5337,2859,979,2327,5869,6.53392302708638,6.88706913996627,5.8746922455404,5.96144024514811,6.34036527288354,6.6106667473164,194
"196",2017,8,6.98863636363636,44,7.41935483870968,5.96153846153846,5.5,6.64285714285714,7.05405405405405,31,13,5,7,37,8240,5368,2872,984,2334,5906,6.53635110800971,6.89014307004471,5.87508535167131,5.95909552845528,6.34127248928877,6.61344448696241,195
"197",2017,9,6.75581395348837,43,6.6875,6.95454545454545,7,6.2,6.82894736842105,32,11,4,5,38,8283,5400,2883,988,2339,5944,6.53749041772305,6.88894222222222,5.87920399930628,5.96330971659919,6.34097049593843,6.61482219717362,196
"198",2017,10,6.91517857142857,56,7.5,6.07608695652174,5.42857142857143,8.25,6.625,33,23,7,10,46,8339,5433,2906,995,2349,5990,6.54002675740496,6.89265378244064,5.88076226083964,5.95954773869347,6.34909748403576,6.6149003572621,197
"199",2017,11,6.31770833333333,48,7.20833333333333,5.42708333333333,4.89285714285714,6.03125,6.4609375,24,24,7,16,32,8387,5457,2930,1002,2365,6022,6.53875439728151,6.8940421477002,5.87704611945393,5.95209580838323,6.34694714164905,6.6140822218532,198
"200",2017,12,6.80739130434783,46,6.82185185185185,6.78684210526316,7.3,7.41666666666667,6.716,27,19,5,6,40,8433,5484,2949,1007,2371,6062,6.54021974742085,6.89368672501823,5.88290780942693,5.95878848063555,6.34965415014761,6.61475472451336,199
"201",2018,1,6.85125,80,6.92166666666667,6.64,6.73,6.80666666666667,6.86153846153846,60,20,10,15,65,8513,5544,2969,1017,2386,6127,6.54314262069775,6.89398953823954,5.88800779050186,5.96637168141593,6.35252723805532,6.61737279908601,200
"202",2018,2,6.72549019607843,51,6.95714285714286,6.21875,5.75,6.5,6.77380952380952,35,16,6,9,42,8564,5579,2985,1023,2395,6169,6.54422852989257,6.89438573221007,5.88978061306533,5.96510263929619,6.35308141544885,6.61843785702707,201
"203",2018,3,7.01388888888889,36,7.2037037037037,6.44444444444444,6.375,7.0625,7,27,9,4,8,28,8600,5606,2994,1027,2403,6197,6.54619455,6.89587549054584,5.89144793921176,5.96669912366115,6.35544319184353,6.62016187510085,202
"204",2018,4,6.51293642857143,42,7.11536217391304,5.78368421052632,5.22714285714286,6.59583333333333,6.47977766666667,23,19,7,12,30,8642,5629,3013,1034,2415,6227,6.54603291599167,6.89677230946882,5.89076838035181,5.96169245647969,6.35663767701863,6.61948554199453,203
"205",2018,5,6.93243243243243,37,7.1,6.73529411764706,7.16666666666667,7.8,6.796875,20,17,9,5,32,8679,5649,3030,1043,2420,6259,6.54768020048393,6.89749182687201,5.89550664356436,5.97209012464046,6.35961983057851,6.62039247004313,204
"206",2018,6,6.80555555555556,36,7.23809523809524,6.2,6.6,7.5,6.74242424242424,21,15,5,3,33,8715,5670,3045,1048,2423,6292,6.54874543430866,6.89875332098765,5.89700661083744,5.9750858778626,6.36103177465951,6.62103249682136,205
"207",2018,7,7.13541666666667,48,7.26315789473684,6.65,6.66666666666667,8.375,7.02272727272727,38,10,3,4,44,8763,5708,3055,1051,2427,6336,6.55195897067214,6.90117927995795,5.899471400982,5.97705994291151,6.36435104655953,6.62382204387626,206
"208",2018,8,6.88957446808511,47,7.32757575757576,5.85714285714286,5.66666666666667,6.39285714285714,6.9765,33,14,9,7,40,8810,5741,3069,1060,2434,6376,6.55376009761634,6.90363026127852,5.89927830889541,5.97442452830189,6.36443302793755,6.62603457810539,207
"209",2018,9,6.55172413793103,29,6.82352941176471,6.16666666666667,6,6,6.66666666666667,17,12,5,5,24,8839,5758,3081,1065,2439,6400,6.55375341780744,6.90339377040639,5.90031974358975,5.97454460093897,6.36368593275932,6.6261869484375,208
"210",2018,10,6.875,36,7.09615384615385,6.3,8.33333333333333,7.33333333333333,6.78333333333333,26,10,3,6,30,8875,5784,3091,1068,2445,6430,6.55505650253521,6.90426025760719,5.90161278874151,5.98117041198502,6.36606543558282,6.62692013530326,209
"211",2018,11,6.25853658536585,41,6.26296296296296,6.25,6.16666666666667,5.81875,6.54,27,14,6,16,25,8916,5811,3105,1074,2461,6455,6.5536929632122,6.90128055928411,5.90318361674718,5.98220670391061,6.36250710686712,6.62658349651432,210
"212",2018,12,6.65508474576271,59,7.39088235294118,5.6544,6.385,6.81823529411765,6.58904761904762,34,25,10,17,42,8975,5845,3130,1084,2478,6497,6.55435949415042,6.90412854234388,5.90119652715655,5.98592250922509,6.36563357142857,6.62634084500538,211
"213",2019,1,6.45689655172414,58,6.83333333333333,5.84090909090909,6.10714285714286,6.66666666666667,6.43269230769231,36,22,14,6,52,9033,5881,3152,1098,2484,6549,6.55373369423226,6.90369517599048,5.9007757392132,5.98746812386157,6.36636070450885,6.62480324782409,212
"214",2019,2,6.71891891891892,37,7.1304347826087,6.04285714285714,5.4,6.2,6.8,23,14,5,5,32,9070,5904,3166,1103,2489,6581,6.55440754796031,6.90457847730352,5.9014040208465,5.98480507706256,6.36602651265568,6.62565513903662,213
"215",2019,3,6.31928571428571,42,6.75592592592593,5.53333333333333,5.83333333333333,5.61111111111111,6.51242424242424,27,15,6,9,33,9112,5931,3181,1109,2498,6614,6.55332379938543,6.90390175855673,5.89966838415593,5.98398557258792,6.36330664131305,6.62509018294526,214
"216",2019,4,6.72386363636364,44,7.01764705882353,5.725,6.8125,6.325,6.8125,34,10,4,8,36,9156,5965,3191,1113,2506,6650,6.55414334425513,6.90455009723386,5.89912100595425,5.98696316262354,6.36318435355147,6.62610473233082,215
"217",2019,5,6.43461538461538,26,6.5875,6.19,6.375,6.3125,6.48888888888889,16,10,4,8,18,9182,5981,3201,1117,2514,6668,6.55380488564583,6.90370194449089,5.90002971883787,5.9883527305282,6.36302306682577,6.62573432363527,216
"218",2019,6,6.92592592592593,27,7.16666666666667,6.08333333333333,6,6.78571428571429,6.975,21,6,2,7,20,9209,6002,3207,1119,2521,6688,6.5548959126941,6.90462201432856,5.90037266292485,5.98837354781054,6.36419674335581,6.62677877840909,217
"219",2019,7,6.57764705882353,34,6.98434782608696,5.72727272727273,7.25,6.02333333333333,6.69642857142857,23,11,4,6,28,9243,6025,3218,1123,2527,6716,6.55497960186087,6.90492636182572,5.89978096022374,5.99286731967943,6.36338741195093,6.62706915872543,218
"220",2019,8,6.845,54,7.15418604651163,5.63636363636364,5.125,5.8,6.95163265306122,43,11,4,5,49,9297,6068,3229,1127,2532,6765,6.5566641346671,6.90669270435069,5.89888359554042,5.98978704525288,6.36227487756714,6.62942002512934,219
"221",2019,9,6.5325,40,6.825,6.09375,5.6,6.8,6.43103448275862,24,16,5,11,29,9337,6092,3245,1132,2543,6794,6.55656061475849,6.90637086835194,5.89984441602466,5.98806537102473,6.36416830121903,6.62857322196055,220
"222",2019,10,6.18896551724138,29,6.70470588235294,5.45833333333333,5.5,6.875,6.0792,17,12,4,4,25,9366,6109,3257,1136,2547,6819,6.55542242793081,6.90580967916189,5.89821772490022,5.98634683098591,6.36497054966627,6.62655909517524,221
"223",2019,11,6.41862861111111,36,6.59845421052632,6.21764705882353,6.4625,6.74,6.36679451612903,19,17,8,5,31,9402,6128,3274,1144,2552,6850,6.55489864815997,6.90485671671018,5.89987633781308,5.98967657342657,6.3657053252351,6.62538351824817,222
"224",2019,12,6.795175,50,7.12529166666667,6.3,6.41666666666667,6.71428571428571,6.80834302325581,30,20,6,7,43,9452,6158,3294,1150,2559,6893,6.55616968260686,6.90593061221176,5.90230574681239,5.99190434782609,6.36665884720593,6.62652485855215,223
"225",2020,1,6.15640873015873,63,6.68957236842105,5.346,5.875,5.91272727272727,6.20795673076923,38,25,8,11,52,9515,6196,3319,1158,2570,6945,6.55352281555439,6.90460368947708,5.8981154353721,5.99109671848014,6.36471594941634,6.62339087113031,224
"226",2020,2,6.19444444444444,54,6.28387096774194,6.07391304347826,6.77777777777778,5.9,6.26136363636364,31,23,9,10,44,9569,6227,3342,1167,2580,6989,6.55149645626502,6.90151348321824,5.89932529323759,5.99716366752356,6.3629147248062,6.62111168979825,225
"227",2020,3,6.73538043478261,46,6.95413793103448,6.36220588235294,7.02861111111111,7.2,6.67871951219512,29,17,9,5,41,9615,6256,3359,1176,2585,7030,6.5523761924077,6.90175742647059,5.90166794581721,6.00505739795918,6.36453384526112,6.62144766714082,226
"228",2020,4,6.76125,40,7.10925925925926,6.03846153846154,5.4,7,6.71911764705882,27,13,5,6,34,9655,6283,3372,1181,2591,7064,6.55324154220611,6.90264912621359,5.9021953232503,6.00249576629975,6.36600539945966,6.62191776613816,227
"229",2020,5,6.81666666666667,30,7.16666666666667,6.29166666666667,6.6,6.42857142857143,6.93478260869565,18,12,5,7,23,9685,6301,3384,1186,2598,7087,6.55405752090862,6.90340334232661,5.90357642730497,6.00501475548061,6.36617397613548,6.62293313108508,228
"230",2020,6,6.74736842105263,38,7.11153846153846,5.95833333333333,5.625,5.8,6.89090909090909,26,12,4,5,33,9723,6327,3396,1190,2603,7120,6.55481302992903,6.90425864706812,5.90376991460542,6.00373739495798,6.36508643488282,6.62417515449438,229
"231",2020,7,6.81885714285714,35,7.4464,5.25,6.33333333333333,6.125,7.02444444444444,25,10,3,8,27,9758,6352,3406,1193,2611,7147,6.55576010350482,6.90639238979849,5.90185044920728,6.00456621961442,6.36435081960934,6.62568729536868,230
"232",2020,8,6.57916666666667,48,6.92058823529412,5.75,5.41666666666667,6.13333333333333,6.78181818181818,34,14,6,15,33,9806,6386,3420,1199,2626,7180,6.55587467774832,6.9064679705606,5.90122883918129,6.00162427022519,6.36303122239147,6.62640488857938,231
"233",2020,9,6.95454545454545,33,7.15217391304348,6.5,5,6.375,7.03448275862069,23,10,2,4,29,9839,6409,3430,1201,2630,7209,6.55721181929058,6.90734973630832,5.9029745276968,5.99995628642798,6.36304942585551,6.62804648356221,232
"234",2020,10,6.38709677419355,31,6.71428571428571,5.7,5,7.35714285714286,6.10416666666667,21,10,7,7,24,9870,6430,3440,1208,2637,7233,6.55667751671733,6.90671920062208,5.90238448546512,5.99416183774834,6.3656882783466,6.62630818470897,233
"235",2020,11,6.5,37,6.80357142857143,5.55555555555556,7.25,5.6,6.640625,28,9,4,5,32,9907,6458,3449,1212,2642,7265,6.55646584132432,6.90627198203778,5.90147945201508,5.99830651815182,6.36423920893262,6.62637124569855,234
"236",2020,12,6.9,37,7.56521739130435,5.80714285714286,6.04285714285714,7.1625,6.82758620689655,23,14,7,8,29,9944,6481,3463,1219,2650,7294,6.55774407582462,6.90861047060639,5.90109807392435,5.9985623461854,6.36664905283018,6.62717125034274,235
"237",2021,1,6.89098953125,64,7.26308325,6.27083333333333,6.375,6.909,6.88765425925926,40,24,8,10,54,10008,6521,3487,1227,2660,7348,6.55987514188649,6.9107848167459,5.9036428534557,6.00101670741646,6.36868796616541,6.62908552395209,236
"238",2021,2,6.97162162162162,37,7.42045454545455,6.31333333333333,6,8.5,6.83676470588235,22,15,5,3,34,10045,6543,3502,1232,2663,7382,6.56139177899453,6.91249851597127,5.9053976670474,6.00101258116883,6.37108899361622,6.63004205228935,237
"239",2021,3,6.325,40,6.78846153846154,5.46428571428571,5,6.25,6.33333333333333,26,14,3,4,36,10085,6569,3516,1235,2667,7418,6.56045418145761,6.91200757954027,5.90364124857793,5.99858097165992,6.37090738282714,6.62860210703693,238
"240",2021,4,6.92931034482759,29,7.47608695652174,4.83333333333333,6,7.13571428571429,6.86363636363636,23,6,2,7,22,10114,6592,3522,1237,2674,7440,6.56151180739569,6.91397569629854,5.90181789608177,5.99858326596605,6.37290949513837,6.62929710080645,239
"241",2021,5,6.70689655172414,29,7.125,6.41176470588235,6.55555555555556,7,6.61363636363636,12,17,9,7,22,10143,6604,3539,1246,2681,7462,6.56192747904959,6.9143591444579,5.9042674851653,6.00260634028893,6.3745468071615,6.62925092870544,240
"242",2021,6,6.74444444444444,27,7.15,5.93333333333333,4,5.66666666666667,6.87916666666667,18,9,1,3,24,10170,6622,3548,1247,2684,7486,6.5624120373648,6.91499966626397,5.90434121476889,6.00100040096231,6.37375558494784,6.63005215468875,241
"243",2021,7,6.61363636363636,22,7,6.29166666666667,4.66666666666667,4,6.875,10,12,3,2,20,10192,6632,3560,1250,2686,7506,6.56252260792779,6.91512783323281,5.90564680617978,5.997798,6.37198808265078,6.63070482680522,242
"244",2021,8,7.07692307692308,39,7.72,5.92857142857143,6.375,6.33333333333333,7.21212121212121,25,14,4,6,33,10231,6657,3574,1254,2692,7539,6.56448347375623,6.91815048670572,5.90573660604365,5.99900119617225,6.37190192793462,6.63324982491046,243
"245",2021,9,6.5,30,6.69444444444444,6.20833333333333,7.33333333333333,6.52,6.496,18,12,3,5,25,10261,6675,3586,1257,2697,7564,6.56429494396258,6.91754723445693,5.90674919966537,6.00218575974543,6.37217648869113,6.6327961964569,244
"246",2021,10,6.375,24,6.76923076923077,5.90909090909091,5.57142857142857,4.5,6.54545454545455,13,11,7,2,22,10285,6688,3597,1264,2699,7586,6.56385322508508,6.91725893989234,5.90675636085627,5.99980023734177,6.37078917747313,6.63254289876087,245
"247",2021,11,6.08333333333333,30,6.61904761904762,4.83333333333333,6.83333333333333,6.16666666666667,6.0625,21,9,3,6,24,10315,6709,3606,1267,2705,7610,6.56245568783325,6.91632550156506,5.90407726844149,6.00177387529597,6.3703364103512,6.63074512877792,246
"248",2021,12,6.36351351351351,37,6.51363636363636,6.14333333333333,6.65555555555556,6.21,6.3875,22,15,9,5,32,10352,6731,3621,1276,2710,7642,6.56174463098918,6.91500932848017,5.90506838718586,6.00638518808777,6.37004058671586,6.62972656765244,247
"249",2022,1,6.41885245901639,61,6.67361111111111,6.052,6.475,6.21428571428571,6.44537037037037,36,25,8,7,54,10413,6767,3646,1284,2717,7696,6.56090755978104,6.91372510565982,5.9060758721887,6.00930490654206,6.36963930437983,6.62843300805613,248
"250",2022,2,6.99142857142857,35,7.108,6.7,6,6.71428571428571,7.06071428571429,25,10,4,7,28,10448,6792,3656,1288,2724,7724,6.56234977220521,6.91444019287397,5.90824743708972,6.00927600931677,6.3705249596182,6.63000005567063,249
"251",2022,3,6.655625,40,7.21666666666667,5.8140625,7.00833333333333,7.95,6.42720588235294,24,16,3,6,34,10488,6816,3672,1291,2730,7758,6.5627055129672,6.91550437059859,5.90783704520698,6.01159759876065,6.37399633333333,6.62911129543696,250
"252",2022,4,6.61756097560976,41,6.73612903225806,6.25,6.33333333333333,6.75,6.57483870967742,31,10,6,10,31,10529,6847,3682,1297,2740,7789,6.56291912052427,6.91469224331824,5.90876633079848,6.01308596761758,6.37536860948905,6.62889529207857,251
"253",2022,5,6.41666666666667,30,6.5,6.29166666666667,6.5,6.7,6.36,18,12,2,5,25,10559,6865,3694,1299,2745,7814,6.56250359124917,6.91360492206846,5.91001018678939,6.01383564280215,6.37595992349726,6.62803499232147,252
"254",2022,6,6.51481481481482,27,6.75,6.17272727272727,5.975,8.5,6.356,16,11,4,2,25,10586,6881,3705,1303,2747,7839,6.56238195919139,6.9132245007993,5.91079018353577,6.01371642363776,6.37750636694575,6.6271674231407,253
"255",2022,7,7.13205882352941,34,7.70409090909091,6.08333333333333,5,7.8,7.01689655172414,22,12,2,5,29,10620,6903,3717,1305,2752,7868,6.5642057834275,6.91574500796755,5.9113472235674,6.01216283524904,6.38009083938953,6.62860389298424,254
"256",2022,8,6.92087710526316,38,7.49438578947368,6.34736842105263,7.37142857142857,8.75,6.70568617647059,19,19,7,4,34,10658,6922,3736,1312,2756,7902,6.56547745824733,6.91733330251372,5.9135646761242,6.0194150152439,6.38353047532656,6.62893555555555,255
"257",2022,9,6.98823529411765,17,7.25454545454545,6.5,9,9,6.8625,11,6,1,1,16,10675,6933,3742,1313,2757,7918,6.56615070257611,6.91786832828501,5.91450497862106,6.02168507235339,6.38447950308306,6.62940752210154,256
"258",2022,10,7.05166666666667,24,7.56888888888889,5.5,8,7,7.05904761904762,18,6,2,3,21,10699,6951,3748,1315,2760,7939,6.56723981213198,6.91955418213207,5.91384141675561,6.02469391634981,6.38514854710145,6.63054399294621,257
"259",2022,11,6.56794871794872,39,7.12608695652174,5.765625,3.5,6.25,6.60428571428571,23,16,2,4,35,10738,6974,3764,1317,2764,7974,6.56724238685044,6.9202353197591,5.91321137885229,6.02085990888383,6.38495296309696,6.6304287383998,258
"260",2022,12,6.58409090909091,44,6.69655172413793,6.36666666666667,7,6.33333333333333,6.64857142857143,29,15,2,9,35,10782,7003,3779,1319,2773,8009,6.56731114357262,6.91930902755962,5.91501128076211,6.02234457922669,6.38478542733501,6.63050802347359,259
