"","year","month","avg_rating","no_ratings","avg_rating_owned","avg_rating_not_owned","avg_rating_prev_owned","avg_rating_comment","avg_rating_no_comment","no_ratings_owned","no_ratings_not_owned","no_ratings_prev_owned","no_ratings_comment","no_ratings_no_comment","cum_no_ratings","cum_no_ratings_owned","cum_no_ratings_not_owned","cum_no_ratings_prev_owned","cum_no_ratings_comment","cum_no_ratings_no_comment","cum_avg_rating","cum_avg_rating_owned","cum_avg_rating_not_owned","cum_avg_rating_prev_owned","cum_avg_rating_comment","cum_avg_rating_no_comment","month_after_release"
"1",2011,8,7.24285714285714,35,7.94117647058824,6.58333333333333,6.91666666666667,6.96666666666667,7.45,17,18,6,15,20,35,17,18,6,15,20,7.24285714285714,7.94117647058824,6.58333333333333,6.91666666666667,6.96666666666667,7.45,0
"2",2011,9,7.30282424242424,165,7.73332710280374,6.50862068965517,6.925,7.03702222222222,7.4025,107,58,20,45,120,200,124,76,26,60,140,7.29233,7.76182258064516,6.52631578947368,6.92307692307692,7.01943333333333,7.40928571428571,1
"3",2011,10,7.21385714285714,252,7.67726174496644,6.54349514563107,6.5875,6.7789696969697,7.36817204301075,149,103,32,66,186,452,273,179,58,126,326,7.2485796460177,7.71567032967033,6.53620111731844,6.73793103448276,6.89347619047619,7.38582822085889,2
"4",2011,11,7.05449735449735,189,7.65619047619048,6.30238095238095,6.95833333333333,6.92340425531915,7.09788732394366,105,84,24,47,142,641,378,263,82,173,468,7.19135413416537,7.69914814814815,6.46152091254753,6.80243902439024,6.90160693641619,7.29846153846154,3
"5",2011,12,7.14928571428571,140,7.44848484848485,6.42682926829268,6.4375,7,7.22,99,41,16,45,95,781,477,304,98,218,563,7.18381306017926,7.64712368972746,6.45684210526316,6.74285714285714,6.92191743119266,7.28522202486679,4
"6",2012,1,6.85570652173913,184,7.40742574257426,6.18433734939759,6.2,6.32169811320755,7.07175572519084,101,83,27,53,131,965,578,387,125,271,694,7.1212518134715,7.60523875432526,6.39839793281654,6.6256,6.80453136531365,7.24492795389049,5
"7",2012,2,6.7443537414966,147,7.31027397260274,6.18608108108108,6.6,7.01851851851852,6.68266666666667,73,74,20,27,120,1112,651,461,145,298,814,7.07142805755396,7.57216282642089,6.36431670281996,6.62206896551724,6.82391946308725,7.16203931203931,6
"8",2012,3,6.85685244755245,143,7.28587525773196,5.95217391304348,6.33333333333333,6.69411764705882,6.90761376146789,97,46,15,34,109,1255,748,507,160,332,923,7.0469784063745,7.53503729946524,6.32692307692308,6.595,6.8106265060241,7.13199339111593,7
"9",2012,4,6.75966386554622,119,7.33382352941176,5.99411764705882,6.19230769230769,6.47692307692308,6.83870967741935,68,51,13,26,93,1374,816,558,173,358,1016,7.02209454148472,7.51826948529412,6.29650537634409,6.56473988439306,6.78639106145251,7.10514753937008,8
"10",2012,5,7.05426356589147,129,7.40123456790123,6.46875,6.76190476190476,7.0551724137931,7.054,81,48,21,29,100,1503,897,606,194,387,1116,7.02485555555555,7.5077011148272,6.31014851485149,6.5860824742268,6.8065322997416,7.1005644265233,9
"11",2012,6,6.85563865546218,119,7.51971641791045,6,5.8125,6.34879166666667,6.98368421052632,67,52,16,24,95,1622,964,658,210,411,1211,7.01244075215783,7.5085362033195,6.28563829787234,6.52714285714286,6.77980291970803,7.09139545829893,10
"12",2012,7,7.03811965811966,117,7.66760563380282,6.06652173913043,6.13157894736842,6.89230769230769,7.07978021978022,71,46,19,26,91,1739,1035,704,229,437,1302,7.01416843013226,7.51944821256039,6.27132102272727,6.4943231441048,6.78649656750572,7.090583640553,11
"13",2012,8,6.86428571428571,119,7.51307692307692,6.08333333333333,5.84375,6.4725,6.94343434343434,65,54,16,20,99,1858,1100,758,245,457,1401,7.00456883745963,7.51907172727273,6.25792875989446,6.45183673469388,6.77275492341357,7.08018551034975,12
"14",2012,9,6.98854961832061,131,7.42073170731707,6.26530612244898,6.38461538461539,7.1375,6.95514018691589,82,49,13,24,107,1989,1182,807,258,481,1508,7.00351377576672,7.51224949238579,6.25837670384139,6.4484496124031,6.79095426195426,7.07131293103448,13
"15",2012,10,6.98299270072993,137,7.47065789473684,6.37540983606557,6.73684210526316,6.80434782608696,7.0190350877193,76,61,19,23,114,2126,1258,868,277,504,1622,7.00219139228598,7.50973680445151,6.26660138248848,6.46823104693141,6.79156547619048,7.06763865598027,14
"16",2012,11,7.02683908045977,174,7.60692307692308,6.165,6.83823529411765,6.66558139534884,7.14541984732824,104,70,17,43,131,2300,1362,938,294,547,1753,7.00405604347826,7.51715778267254,6.25901918976546,6.48962585034014,6.78166179159049,7.07345116942384,15
"17",2012,12,6.96125748502994,167,7.53232323232323,6.12985294117647,6.23809523809524,6.38571428571429,7.11386363636364,99,68,21,35,132,2467,1461,1006,315,582,1885,7.00115885691123,7.51818542094456,6.25028827037773,6.47285714285714,6.75785051546392,7.07628111405836,16
"18",2013,1,7.18761682242991,214,7.59746376811594,6.44342105263158,6.44642857142857,6.8797619047619,7.26279069767442,138,76,28,42,172,2681,1599,1082,343,624,2057,7.01604211115256,7.52502745465916,6.263853974122,6.47069970845481,6.76605608974359,7.09187647058824,17
"19",2013,2,7.03105590062112,161,7.38350515463918,6.496875,6.47826086956522,6.57738095238095,7.19117647058824,97,64,23,42,119,2842,1696,1146,366,666,2176,7.01689264602393,7.51693331367925,6.27686736474695,6.47117486338798,6.75415765765766,7.09730693933824,18
"20",2013,3,6.96392045454545,176,7.28716814159292,6.38412698412698,6.78695652173913,6.70526315789474,7.03514492753623,113,63,23,38,138,3018,1809,1209,389,704,2314,7.01380347912525,7.50258092868989,6.28245657568238,6.48984575835475,6.75151846590909,7.09359978392394,19
"21",2013,4,7.1741935483871,155,7.42403846153846,6.66470588235294,6.97727272727273,6.85714285714286,7.24409448818898,104,51,22,28,127,3173,1913,1260,411,732,2441,7.02163848093287,7.49831097752222,6.29792857142857,6.51593673965937,6.7555587431694,7.10142970094224,20
"22",2013,5,6.96420118343195,169,7.42783018867925,6.18412698412698,6.68,6.55405405405405,7.07916666666667,106,63,25,37,132,3342,2019,1323,436,769,2573,7.01873396169958,7.49461064883606,6.29250944822373,6.52534403669725,6.74586345903771,7.10028756315585,21
"23",2013,6,7.05298013245033,151,7.45444444444444,6.46065573770492,6.77272727272727,6.99333333333333,7.06776859504132,90,61,22,30,121,3493,2109,1384,458,799,2694,7.02021440022903,7.49289658605975,6.29992052023121,6.53722707423581,6.75515519399249,7.09882698589458,22
"24",2013,7,7.20609302325581,215,7.5658940397351,6.3571875,7.083,7.10375,7.22948571428571,151,64,20,40,175,3708,2260,1448,478,839,2869,7.03099215210356,7.49777384955752,6.30245165745856,6.56006276150628,6.7717747318236,7.10679675845242,23
"25",2013,8,6.98712121212121,198,7.37952755905512,6.28521126760563,6.15277777777778,7.12,6.96339285714286,127,71,18,30,168,3906,2387,1519,496,869,3037,7.02876827956989,7.49148257226645,6.30164581961817,6.54528225806451,6.78379631760644,7.09886397760948,24
"26",2013,9,7.2468023255814,172,7.58918918918919,6.62377049180328,6.97083333333333,7.353125,7.2225,111,61,24,32,140,4078,2498,1580,520,901,3177,7.03796441883276,7.4958242193755,6.31408227848101,6.56492307692308,6.8040166481687,7.10431221277935,25
"27",2013,10,6.96686390532544,169,7.37828282828283,6.385,6.43333333333333,7.15285714285714,6.91828358208955,99,70,24,35,134,4247,2597,1650,544,936,3311,7.03513513068048,7.49134343473239,6.31709090909091,6.55911764705882,6.8170608974359,7.09678341890667,26
"28",2013,11,7,179,7.49904761904762,6.29189189189189,6.68695652173913,7.21071428571429,6.96092715231788,105,74,23,28,151,4426,2702,1724,567,964,3462,7.03371416629011,7.49164282013324,6.31600928074246,6.56430335097002,6.82849481327801,7.09085785673021,27
"29",2013,12,6.9865296803653,219,7.41805555555556,6.158,6.18448275862069,6.65238095238095,7.06581920903955,144,75,29,42,177,4645,2846,1799,596,1006,3639,7.03148953713671,7.48791950105411,6.30942190105614,6.54582214765101,6.8211421471173,7.08963998351195,28
"30",2014,1,7.02541254125413,303,7.47101449275362,6.06458333333333,6.48709677419355,6.84615384615385,7.05189393939394,207,96,31,39,264,4948,3053,1895,627,1045,3903,7.03111740097009,7.48677330494596,6.29701846965699,6.54291866028708,6.82207559808612,7.08708683064309,29
"31",2014,2,6.96747311827957,186,7.39227642276423,6.13809523809524,6.16666666666667,6.80555555555556,7.00633333333333,123,63,18,36,150,5134,3176,1958,645,1081,4053,7.02881162835995,7.48311363350126,6.29190500510725,6.53241860465116,6.82152543940796,7.08409817419196,30
"32",2014,3,6.94,175,7.26891891891892,6.36953125,6.8025,6.76875,6.97832167832168,111,64,20,32,143,5309,3287,2022,665,1113,4196,7.02588414013939,7.47588040766657,6.29436201780416,6.54054135338346,6.82000808625337,7.08049330314585,31
"33",2014,4,7.04112426035503,169,7.39272727272727,6.38559322033898,5.96153846153846,6.832,7.07743055555556,110,59,13,25,144,5478,3397,2081,678,1138,4340,7.02635430814166,7.47318778333824,6.2969485824123,6.5294395280236,6.82027152899824,7.08039168202765,32
"34",2014,5,7.11295180722892,166,7.48451327433628,6.32075471698113,6.52941176470588,6.52777777777778,7.22661870503597,113,53,17,27,139,5644,3510,2134,695,1165,4479,7.02890129340893,7.4735523931624,6.29753983130272,6.52943884892086,6.81349270386266,7.08492964947533,33
"35",2014,6,7.10658914728682,129,7.37183908045977,6.55714285714286,6.66666666666667,6.52631578947368,7.20681818181818,87,42,15,19,110,5773,3597,2176,710,1184,4589,7.03063725965702,7.47109227133723,6.30255055147059,6.53233802816901,6.80888429054054,7.0878513619525,34
"36",2014,7,6.9364406779661,177,7.19859813084112,6.53571428571429,6.40476190476191,7.01724137931035,6.92060810810811,107,70,21,29,148,5950,3704,2246,731,1213,4737,7.0278351092437,7.46322054535637,6.30981745325022,6.52867305061559,6.81386562242374,7.08262611357399,35
"37",2014,8,6.94612244897959,196,7.18031496062992,6.51507246376812,6.92272727272727,7.07424242424242,6.92018404907975,127,69,22,33,163,6146,3831,2315,753,1246,4900,7.02522923852912,7.45384205168364,6.31593520518359,6.54018592297477,6.82076163723917,7.07722242857143,36
"38",2014,9,6.83142611940298,134,7.33920454545455,5.86002391304348,6.16923076923077,6.43478260869565,6.91361351351351,88,46,13,23,111,6280,3919,2361,766,1269,5011,7.02109394904459,7.45126789997448,6.30705256247353,6.53389033942559,6.81376595744681,7.07359828377569,37
"39",2014,10,6.89271523178808,151,7.21020408163265,6.30566037735849,6.57142857142857,6.87777777777778,6.89596774193548,98,53,21,27,124,6431,4017,2414,787,1296,5135,7.01807961436791,7.44538683096839,6.307021996686,6.53489199491741,6.81509953703704,7.06930886075949,38
"40",2014,11,6.98988095238095,168,7.29516129032258,6.61133333333333,6.46521739130435,6.35740740740741,7.11099290780142,93,75,23,27,141,6599,4110,2489,810,1323,5276,7.01736172147295,7.44198756690998,6.31619168340699,6.53291358024691,6.80575888133031,7.07042285822593,39
"41",2014,12,6.95296052631579,152,7.37755102040816,6.18240740740741,6.87333333333333,6.43181818181818,7.04115384615385,98,54,15,22,130,6751,4208,2543,825,1345,5406,7.0159117167827,7.44048690589354,6.31335080613449,6.53910303030303,6.79964237918216,7.06971901590825,40
"42",2015,1,6.85974264705882,272,7.21123595505618,6.19414893617021,6.16081081081081,6.48055555555556,6.91758474576271,178,94,37,36,236,7023,4386,2637,862,1381,5642,7.00986330627937,7.43118305973552,6.30910166856276,6.52286542923434,6.79132440260681,7.06335537043602,41
"43",2015,2,7.05331632653061,196,7.4412213740458,6.27153846153846,6.14047619047619,6.90666666666667,7.07981927710843,131,65,21,30,166,7219,4517,2702,883,1411,5808,7.01104308075911,7.43147418640691,6.30819803849001,6.51377123442809,6.79377675407513,7.06382592975207,42
"44",2015,3,6.82673170731707,205,7.29924812030075,5.95388888888889,6.08967741935484,6.63942857142857,6.86529411764706,133,72,31,35,170,7424,4650,2774,914,1446,5978,7.0059536637931,7.42769223655914,6.29900183850036,6.49938730853392,6.790040802213,7.05818016058883,43
"45",2015,4,7.06923076923077,182,7.32874015748031,6.47,6.72222222222222,7.33333333333333,7.01710526315789,127,55,27,30,152,7606,4777,2829,941,1476,6130,7.00746778858796,7.42506152396902,6.3023262990456,6.50578108395324,6.80108333333333,7.0571616639478,44
"46",2015,5,7.04889705882353,136,7.40277777777778,6.35652173913043,6.63333333333333,6.71052631578947,7.10384615384615,90,46,15,19,117,7742,4867,2875,956,1495,6247,7.00819555670369,7.42464945551675,6.30319342608696,6.50778242677824,6.79993244147157,7.0580360172883,45
"47",2015,6,6.95988372093023,172,7.37943925233645,6.26923076923077,6.584375,6.67857142857143,7.01458333333333,107,65,32,28,144,7914,4974,2940,988,1523,6391,7.00714556482184,7.42367689987937,6.30244255102041,6.51026315789474,6.79770124753776,7.0570569550931,46
"48",2015,7,6.88034682080925,173,7.25431034482759,6.11929824561404,6.69411764705882,6.89565217391304,6.878,116,57,17,23,150,8087,5090,2997,1005,1546,6541,7.00443304068258,7.41981707269155,6.29895932599266,6.51337313432836,6.79915847347995,7.0529507720532,47
"49",2015,8,6.81519230769231,208,7.19820895522388,6.12162162162162,6.7,6.51470588235294,6.87390804597701,134,74,25,34,174,8295,5224,3071,1030,1580,6715,6.99968776371308,7.41413263782542,6.29468612829697,6.51790291262136,6.79303734177215,7.04831139240506,48
"50",2015,9,7.00916666666667,180,7.38223140495868,6.24406779661017,6.53913043478261,6.2328125,7.17702702702703,121,59,23,32,148,8475,5345,3130,1053,1612,6863,6.99988908554572,7.41341045837231,6.29373198083067,6.5183665716999,6.78191625310174,7.05108713390645,49
"51",2015,10,6.90841573033708,178,7.28411111111111,5.99807692307692,6.38888888888889,6.49236363636364,7.00310344827586,126,52,18,33,145,8653,5471,3182,1071,1645,7008,6.99800739627875,7.4104326265765,6.28890040854809,6.51619047619047,6.7761075987842,7.05009432077625,50
"52",2015,11,6.72937219730942,223,7.28320895522388,5.89550561797753,5.84285714285714,6.92258064516129,6.69817708333333,134,89,28,31,192,8876,5605,3271,1099,1676,7200,6.99125822442542,7.40739106155219,6.27819660654234,6.49903548680619,6.77881682577566,7.04070986111111,51
"53",2015,12,6.76995412844037,218,7.18888888888889,6.08855421686747,6.2375,6.49027777777778,6.82527472527473,135,83,28,36,182,9094,5740,3354,1127,1712,7382,6.98595315592698,7.40225207317073,6.27350360763268,6.49253771073647,6.77274941588785,7.0353984015172,52
"54",2016,1,7.07769516728625,269,7.41795580110497,6.37784090909091,6.58536585365854,6.90869565217391,7.11255605381166,181,88,41,46,223,9363,5921,3442,1168,1758,7605,6.98858891380968,7.40273212295221,6.2761711504939,6.49579623287671,6.77630659840728,7.03766088099934,53
"55",2016,2,7.13975,200,7.47218045112782,6.47985074626866,6.51470588235294,7.04193548387097,7.15769230769231,133,67,17,31,169,9563,6054,3509,1185,1789,7774,6.99175028756666,7.40425782953419,6.28006015958963,6.49606751054852,6.78090944661822,7.04027025984049,54
"56",2016,3,6.82328431372549,204,7.30703125,6.00855263157895,5.87173913043478,6.23783783783784,6.95299401197605,128,76,23,37,167,9767,6182,3585,1208,1826,7941,6.98823159619126,7.40224472662569,6.27430435146444,6.48418046357616,6.76990525739321,7.03843483188515,55
"57",2016,4,7.08990196078431,204,7.65403225806452,6.2155,6.09838709677419,6.94,7.11083798882682,124,80,31,25,179,9971,6306,3665,1239,1851,8120,6.99031170394143,7.40719582936886,6.27302076398363,6.47452784503632,6.77220259319287,7.04003091133005,56
"58",2016,5,7.295,230,7.59398734177215,6.63888888888889,6.40384615384615,6.93589743589744,7.36832460732984,158,72,26,39,191,10201,6464,3737,1265,1890,8311,6.99718145279874,7.41176158725248,6.28006986887878,6.47307509881423,6.77558042328042,7.04757562266875,57
"59",2016,6,7.13095238095238,252,7.45267857142857,6.4875,6.59090909090909,7.16860465116279,7.12320574162679,168,84,33,43,209,10453,6632,3821,1298,1933,8520,7.0004063905099,7.41279808504222,6.2846299659775,6.47607087827427,6.7843233316089,7.0494308685446,58
"60",2016,7,6.97592105263158,228,7.44570469798658,6.08987341772152,6.16086956521739,6.60977777777778,7.06595628415301,149,79,23,45,183,10681,6781,3900,1321,1978,8703,6.99988371875292,7.41352114732341,6.2806848974359,6.47058289174868,6.78035237613751,7.04977835229231,59
"61",2016,8,6.90965250965251,259,7.31030303030303,6.2063829787234,6.27941176470588,6.80789473684211,6.92714932126697,165,94,34,38,221,10940,6946,3994,1355,2016,8924,6.99774753199269,7.41106923409157,6.27893617926891,6.46578597785978,6.78087152777778,7.04674148363962,60
"62",2016,9,6.91069565217391,253,7.35185185185185,6.12534065934066,6.71875,6.74705882352941,6.936100456621,162,91,24,34,219,11193,7108,4085,1379,2050,9143,6.99577986241401,7.40971959763647,6.27551458996328,6.47018854242204,6.78031073170732,7.04409132669802,61
"63",2016,10,6.96244094488189,254,7.43512195121951,6.10111111111111,6.16,6.92413793103448,6.96737777777778,164,90,30,29,225,11447,7272,4175,1409,2079,9368,6.99504009784223,7.4102924779978,6.27175499401198,6.46358410220014,6.78231697931698,7.04224882578992,62
"64",2016,11,6.98046594982079,279,7.5021978021978,6.00154639175258,5.88846153846154,6.61111111111111,7.05149572649573,182,97,26,45,234,11726,7454,4272,1435,2124,9602,6.99469333105919,7.4125364770593,6.26561963951311,6.4531637630662,6.77868973634652,7.04247417204749,63
"65",2016,12,6.90617021276596,235,7.372,6.08411764705882,6.24655172413793,6.87162162162162,6.91262626262626,150,85,29,37,198,11961,7604,4357,1464,2161,9800,6.99295410082769,7.41173683587586,6.26207874684416,6.44907103825137,6.78028088847756,7.03985071428571,64
"66",2017,1,7.07106312292359,301,7.33883495145631,6.49042105263158,6.72926829268293,7.18260869565217,7.05094117647059,206,95,41,46,255,12262,7810,4452,1505,2207,10055,6.99487147284293,7.40981394366197,6.26695128032345,6.45670431893688,6.78866651563208,7.04013197414222,65
"67",2017,2,7.13696721311475,244,7.44360465116279,6.40444444444444,6.12826086956522,7.1974358974359,7.12546341463415,172,72,23,39,205,12506,7982,4524,1528,2246,10260,6.99764385095154,7.41054208218492,6.26913950044209,6.45176047120419,6.79576447016919,7.04183693957115,66
"68",2017,3,7.01004545454545,220,7.47662068965517,6.108,6.28461538461538,6.7275,7.07283333333333,145,75,26,40,180,12726,8127,4599,1554,2286,10440,6.99785824296715,7.41172104097453,6.26651165470755,6.44896396396396,6.79456999125109,7.04237136015326,67
"69",2017,4,7.18014018691589,214,7.44052287581699,6.52704918032787,6.7,7.25681818181818,7.17135416666667,153,61,17,22,192,12940,8280,4660,1571,2308,10632,7.00087279752705,7.41225324879227,6.26992212446352,6.45168045830681,6.79897616984402,7.04470062076749,68
"70",2017,5,6.96859154929578,213,7.36746478873239,6.17084507042254,6.44,7.03424242424242,6.95655555555556,142,71,20,33,180,13153,8422,4731,1591,2341,10812,7.00035003421273,7.41149808834006,6.26843523567956,6.4515336266499,6.80229260999573,7.04323316685165,69
"71",2017,6,7.0706976744186,215,7.47233333333333,6.14384615384615,5.92307692307692,7.01428571428571,7.08166666666667,150,65,26,35,180,13368,8572,4796,1617,2376,10992,7.00148144823459,7.41256263415773,6.26674668473728,6.4430364873222,6.8054154040404,7.0438625363901,70
"72",2017,7,7.0251269035533,197,7.55208333333333,6.2038961038961,6.24516129032258,7.26785714285714,6.98491124260355,120,77,31,28,169,13565,8692,4873,1648,2404,11161,7.00182484334685,7.4144888288081,6.26575356043505,6.43931432038835,6.81080158069884,7.04296989517068,71
"73",2017,8,7.05422330097087,206,7.48575539568345,6.1589552238806,6.23666666666667,7.24869565217391,7.02978142076503,139,67,30,23,183,13771,8831,4940,1678,2427,11344,7.00260867039431,7.41561056505492,6.26430508097166,6.43569129916567,6.8149513803049,7.0427571403385,72
"74",2017,9,6.99046511627907,172,7.32704347826087,6.31140350877193,6.75,6.625,7.04972972972973,115,57,24,24,148,13943,8946,4997,1702,2451,11492,7.0024588682493,7.41447204337134,6.26484232539524,6.44012338425382,6.81309139126887,7.04284693699965,73
"75",2017,10,7.10281105990783,217,7.4752380952381,6.32071428571429,6.468,6.94736842105263,7.13581005586592,147,70,25,38,179,14160,9093,5067,1727,2489,11671,7.00399675141243,7.41545440448697,6.26561418985593,6.44052692530399,6.81514142225793,7.04427272727273,74
"76",2017,11,6.98883064516129,248,7.32196319018405,6.35,6.34444444444444,7,6.98705607476635,163,85,27,34,214,14408,9256,5152,1754,2523,11885,7.00373570238756,7.41380800561798,6.26700642468944,6.43904789053592,6.81763258026159,7.04324249053428,75
"77",2017,12,6.88715083798883,179,7.28558558558559,6.23676470588235,5.8,6.425,6.94528301886792,111,68,24,20,159,14587,9367,5220,1778,2543,12044,7.0023050661548,7.41228855556742,6.26661247126437,6.43042182227222,6.81454463232403,7.04194926934573,76
"78",2018,1,7.06376344086021,279,7.46164102564103,6.14011904761905,6.0625,7.10540540540541,7.05739669421488,195,84,28,37,242,14866,9562,5304,1806,2580,12286,7.00345849589668,7.41329501150387,6.26460918174963,6.42471760797342,6.81871589147287,7.04225354061533,77
"79",2018,2,7.04059668508287,181,7.346,6.43980327868852,6.36842105263158,7.05,7.03901935483871,120,61,19,26,155,15047,9682,5365,1825,2606,12441,7.00390523027846,7.41246094815121,6.26660113699907,6.42413150684931,6.82102340752111,7.04221324652359,78
"80",2018,3,7.07793727272727,209,7.45665879432624,6.29264705882353,6.09583333333333,6.54193548387097,7.1712858988764,141,68,24,31,178,15256,9823,5433,1849,2637,12619,7.00491943432092,7.41309536699583,6.26692713049881,6.41987020010817,6.81774251042852,7.0440339083921,79
"81",2018,4,7.06596774193548,186,7.410625,6.30534482758621,6.71785714285714,6.92259259259259,7.09031446540881,128,58,14,27,159,15442,9951,5491,1863,2664,12778,7.00565476557441,7.41306359059391,6.26733292660718,6.42210950080515,6.81880518018018,7.04460978948192,80
"82",2018,5,7.04384615384615,169,7.44201923076923,6.40676923076923,6.39318181818182,7.03695652173913,7.04493150684932,104,65,22,23,146,15611,10055,5556,1885,2687,12924,7.00606821407982,7.41336308204873,6.26896420086393,6.42177188328912,6.82067249720878,7.04461342386258,81
"83",2018,6,7.00430722891566,166,7.55700980392157,6.1234375,5.9,7.14673076923077,6.97785714285714,102,64,21,26,140,15777,10157,5620,1906,2713,13064,7.0060496856183,7.41480563059959,6.26730695729538,6.41602308499475,6.82379727239218,7.04389803199632,82
"84",2018,7,6.96606060606061,165,7.443,6.23230769230769,6.262,6.77826086956522,6.99647887323944,100,65,25,23,142,15942,10257,5685,1931,2736,13206,7.00563579789236,7.41508050989568,6.26690678979772,6.41402900051786,6.82341447368421,7.04338814856883,83
"85",2018,8,6.92143325443787,169,7.37730694915254,5.86666666666667,5.96875,6.61578947368421,6.96014813333333,118,51,16,19,150,16111,10375,5736,1947,2755,13356,7.00475253615542,7.41465089253012,6.26334816945607,6.41036979969183,6.82198257713249,7.04245328766097,84
"86",2018,9,6.823828125,128,7.32882352941176,5.82558139534884,6.43846153846154,6.70588235294118,6.84189189189189,85,43,13,17,111,16239,10460,5779,1960,2772,13467,7.00332644313073,7.41395344263863,6.26009086347119,6.41055612244898,6.82127056277056,7.04080018638152,85
"87",2018,10,6.9982503030303,198,7.4578403125,6.15785714285714,6.57619047619048,6.99130434782609,6.9991632,128,70,21,23,175,16437,10588,5849,1981,2795,13642,7.00326529597858,7.41448399792218,6.25886734484528,6.41231196365472,6.82266976744186,7.04026606582612,86
"88",2018,11,6.853,200,7.35564516129032,6.03289473684211,6.09807692307692,6.46923076923077,6.91034482758621,124,76,26,26,174,16637,10712,5925,2007,2821,13816,7.00145889703672,7.41380289115012,6.25596879324895,6.40824115595416,6.8194122651542,7.03862982556456,87
"89",2018,12,6.80499421965318,173,7.421875,5.67236065573771,5.32291666666667,6.59285714285714,6.84595862068965,112,61,24,28,145,16810,10824,5986,2031,2849,13961,6.99943698215348,7.41388641629712,6.25002156698965,6.3954160512063,6.81718567918568,7.03662872788482,88
"90",2019,1,7.03320754716981,212,7.50564285714286,6.11458333333333,6.12096774193548,7.22931034482759,7.00213114754098,140,72,31,29,183,17022,10964,6058,2062,2878,14144,6.99985757666549,7.4150580600146,6.2484118686035,6.39129000969932,6.82133842946491,7.03618238617081,89
"91",2019,2,6.94420731707317,164,7.4518691588785,5.99122807017544,6.08333333333333,6.89285714285714,6.949,107,57,18,14,150,17186,11071,6115,2080,2892,14294,6.99932652566042,7.41541383524524,6.24601457072772,6.388625,6.8216846473029,7.03526750174898,90
"92",2019,3,6.90848484848485,165,7.4212,6.11969230769231,5.69545454545455,6.75,6.9255033557047,100,65,22,16,149,17351,11171,6180,2102,2908,14443,6.99846266324707,7.41546563154597,6.24468593851133,6.38137012369172,6.82129023383769,7.03413512912829,91
"93",2019,4,6.93503067484663,163,7.28079207920792,6.37177419354839,6.48125,7.25,6.89347222222222,101,62,24,19,144,17514,11272,6242,2126,2927,14587,6.99787231186479,7.41425892210788,6.24594826978533,6.38249764816557,6.82407311240178,7.03274653252896,92
"94",2019,5,6.87815217391304,184,7.41264957264957,5.94477611940299,6.21304347826087,6.82173913043478,6.88621118012422,117,67,23,23,161,17698,11389,6309,2149,2950,14748,6.99662762289524,7.41424238914743,6.24274989697258,6.38068403908795,6.82405491525424,7.03114684499593,93
"95",2019,6,6.70153846153846,156,7.18,5.89310344827586,5.95714285714286,6.56666666666667,6.72976744186047,98,58,21,27,129,17854,11487,6367,2170,2977,14877,6.99404927019155,7.41224397753983,6.23956480288991,6.37658525345622,6.82172052401747,7.02853355313571,94
"96",2019,7,6.89770588235294,170,7.38981651376147,6.0183606557377,5.90833333333333,6.456,6.97386206896552,109,61,24,25,145,18024,11596,6428,2194,3002,15022,6.99314057201509,7.41203316402208,6.23746563472309,6.37146308113035,6.81867488341106,7.02800583610704,95
"97",2019,8,6.96583783783784,185,7.30048,6.26866666666667,6.11111111111111,7.425,6.91018181818182,125,60,18,20,165,18209,11721,6488,2212,3022,15187,6.99286318139382,7.41084349202287,6.23775417694205,6.36934448462929,6.82268762409001,7.02672573055903,96
"98",2019,9,6.90136054421769,147,7.38333333333333,6.14035087719298,6.10714285714286,6.66666666666667,6.95416666666667,90,57,28,27,120,18356,11811,6545,2240,3049,15307,6.99213040259316,7.4106338641944,6.23690589763179,6.36606696428571,6.82130600196786,7.02615690011106,97
"99",2019,10,6.66571385542169,166,7.13228365384615,5.88308064516129,5.93958333333333,6.11363636363636,6.75005902777778,104,62,24,22,144,18522,11915,6607,2264,3071,15451,6.98920495464852,7.40820428619388,6.23358560617527,6.36154593639576,6.81623640507978,7.02358372726684,98
"100",2019,11,6.89253491017964,167,7.30672616071429,6.04909090909091,5.9375,6.62222222222222,6.92519013422819,112,55,24,18,149,18689,12027,6662,2288,3089,15600,6.9883411364974,7.40725928327929,6.23206245872111,6.3570979020979,6.81510585950146,7.02264394230769,99
"101",2019,12,6.83699097297297,185,7.19267803418803,6.225,6.48125,6.99375,6.8221498816568,117,68,16,16,169,18874,12144,6730,2304,3105,15769,6.98685762583448,7.40519192440712,6.23199109955424,6.35796006944444,6.81602640901771,7.02049520134441,100
"102",2020,1,6.97694914027149,221,7.40209424657534,6.14933333333333,5.80357142857143,6.4109375,7.0727817989418,146,75,28,32,189,19095,12290,6805,2332,3137,15958,6.98674294789212,7.40515512530513,6.23108010286554,6.35130360205832,6.81189416640102,7.02111446233863,101
"103",2020,2,6.81941955223881,201,7.18192307692308,6.15568070422535,6.17391304347826,6.93846153846154,6.80173331428571,130,71,23,26,175,19296,12420,6876,2355,3163,16133,6.98499999585406,7.40281855797102,6.23030154595696,6.34957112526539,6.81293455580146,7.01873476228847,102
"104",2020,3,6.89806896551724,145,7.24863157894737,6.232,6.235,6.85,6.90488188976378,95,50,20,18,127,19441,12515,6926,2375,3181,16260,6.98435162388766,7.40164814143029,6.23031380739244,6.34860631578947,6.81314429424709,7.01784550553505,103
"105",2020,4,6.8291142384106,151,7.22699324324324,5.725,5.59375,5.92588235294118,6.94370335820896,111,40,16,17,134,19592,12626,6966,2391,3198,16394,6.98315517405063,7.40011268335182,6.22741220643124,6.34355499790882,6.8084277673546,7.0172394882274,104
"106",2020,5,7.01551020408163,147,7.27266666666667,6.37261904761905,6.68125,7.03416666666667,7.01186991869919,105,42,16,24,123,19739,12731,7008,2407,3222,16517,6.98339612797001,7.39906156154269,6.22828245291096,6.34579975072704,6.81010924891372,7.01719950172549,105
"107",2020,6,6.88043795620438,137,7.25425287356322,6.23,6.27391304347826,6.99,6.8617094017094,87,50,23,20,117,19876,12818,7058,2430,3242,16634,6.9826864645804,7.39807869714464,6.22829462028904,6.34511934156378,6.81121900061691,7.0161058176025,106
"108",2020,7,7.03173672268908,119,7.54179828947368,6.13023255813953,5.5,6.11666666666667,7.13436140186916,76,43,14,12,107,19995,12894,7101,2444,3254,16741,6.98297838659665,7.39892581123003,6.22770080692861,6.34027823240589,6.80865765212047,7.01686164745236,107
"109",2020,8,7.0364375,160,7.48981818181818,6.039,5.89285714285714,6.78571428571429,7.08962121212121,110,50,21,28,132,20155,13004,7151,2465,3282,16873,6.9834027705284,7.39969466394956,6.22638140539785,6.33646653144016,6.8084619134674,7.01743085639779,108
"110",2020,9,6.88527027027027,148,7.22549019607843,6.13086956521739,6.13466666666667,6.07142857142857,6.97029850746269,102,46,15,14,134,20303,13106,7197,2480,3296,17007,6.98268742747377,7.39833888371738,6.22577093650132,6.33524596774193,6.80533131067961,7.01705949550185,109
"111",2020,10,6.81424050632911,158,7.35754716981132,5.70673076923077,5.68,6.52307692307692,6.87159090909091,106,52,25,26,132,20461,13212,7249,2505,3322,17139,6.98138667904794,7.39801161141387,6.22204765208995,6.32870658682634,6.80312221553281,7.01593913530544,110
"112",2020,11,6.9732181865285,193,7.4019302189781,5.92440482142857,6.13571428571429,6.84652173913044,6.99035947058824,137,56,14,23,170,20654,13349,7305,2519,3345,17309,6.98131034908492,7.39805182785228,6.21976592744696,6.32763398173878,6.80342062780269,7.01568790513605,111
"113",2020,12,6.9805585106383,188,7.26461538461538,6.34387931034483,5.91904761904762,7.26666666666667,6.93868902439024,130,58,21,24,164,20842,13479,7363,2540,3369,17473,6.98130356731599,7.39676488240968,6.22074359636018,6.32425590551181,6.80672068863164,7.0149652005952,112
"114",2021,1,6.94714285714286,203,7.20245033112583,6.20576923076923,6.6375,6.88461538461539,6.95632768361582,151,52,16,26,177,21045,13630,7415,2556,3395,17650,6.98097405321929,7.39461216801174,6.22063858395145,6.32621674491392,6.80731723122239,7.01437716430595,113
"115",2021,2,6.94503205128205,156,7.35072115384615,6.13365384615385,6.1425,6.90625,6.94946428571429,104,52,20,16,140,21201,13734,7467,2576,3411,17790,6.98070958681194,7.39427980559196,6.22003282442748,6.3247903726708,6.80778129580768,7.01386632658797,114
"116",2021,3,6.96066206896552,145,7.3768,6.17,6.272,6.91463157894737,6.96760317460318,95,50,25,19,126,21346,13829,7517,2601,3430,17916,6.98057340719572,7.39415972593825,6.21970002660636,6.32428296808919,6.80837317784257,7.01354096617549,115
"117",2021,4,7.10296801369863,146,7.37555552380952,6.40487804878049,6.28571428571429,6.85,7.14312166666667,105,41,14,20,126,21492,13934,7558,2615,3450,18042,6.98140486134375,7.39401953351515,6.22070456469966,6.32407648183556,6.80861449275363,7.01444591952112,116
"118",2021,5,7.10893421768708,147,7.5266012745098,6.16222222222222,6.19230769230769,6.84375,7.14132312977099,102,45,13,16,131,21639,14036,7603,2628,3466,18173,6.98227120523129,7.39498300869194,6.2203584243062,6.32342465753424,6.80877668782458,7.015360513399,117
"119",2021,6,6.8076,125,7.20421686746988,6.02380952380952,5.80555555555556,6.746875,6.81651376146789,83,42,18,16,109,21764,14119,7645,2646,3482,18282,6.98126799347546,7.39386157022452,6.2192786265533,6.31990173847316,6.80849224583573,7.01417495952303,118
"120",2021,7,6.814496,125,7.14190588235294,6.11875,5.6,6.86508333333333,6.80247524752475,85,40,15,24,101,21889,14204,7685,2661,3506,18383,6.98031562017451,7.39235380949029,6.21875538061158,6.31584366779406,6.80887963491158,7.01301183756732,119
"121",2021,8,7.06852713178295,129,7.40795698924731,6.19166666666667,5.83333333333333,7.20705882352941,7.0475,93,36,9,17,112,22018,14297,7721,2670,3523,18495,6.98083243755109,7.39245530600826,6.21862907654449,6.31421722846442,6.81080102185638,7.01322068721276,120
"122",2021,9,7.0096062992126,127,7.34516853932584,6.22368421052632,6.13636363636364,6.78714285714286,7.03716814159292,89,38,11,14,113,22145,14386,7759,2681,3537,18608,6.98099745360126,7.39216276310302,6.21865383425699,6.31348750466244,6.81070737913486,7.01336611188736,121
"123",2021,10,6.68543307086614,127,6.95364705882353,6.14261904761905,6.3125,6.48,6.71294642857143,85,42,8,15,112,22272,14471,7801,2689,3552,18720,6.97931207839439,7.38958700228043,6.21824446865787,6.31348456675344,6.80931081081081,7.01156872916667,122
"124",2021,11,6.90646895705521,163,7.3665575,5.89607843137255,5.55882352941176,6.98181818181818,6.90101605263158,112,51,17,11,152,22435,14583,7852,2706,3563,18872,6.97878284154223,7.38941013166015,6.21615194854814,6.30874353288987,6.80984339040135,7.01067830913523,123
"125",2021,12,6.73038709677419,155,7.11626262626263,6.04821428571429,5.96666666666667,6.52,6.75292857142857,99,56,15,15,140,22590,14682,7908,2721,3578,19012,6.97707848826914,7.38756831153794,6.21496270864947,6.30685777287762,6.80862828395752,7.00878029928466,124
"126",2022,1,6.83602310606061,264,7.25354709302326,6.0554347826087,5.63225806451613,6.092,6.91384979079498,172,92,31,25,239,22854,14854,8000,2752,3603,19251,6.97544907456025,7.38601642991787,6.2131281375,6.29925872093023,6.8036558423536,7.00760174276661,125
"127",2022,2,6.91117647058824,153,7.5146875,5.89473684210526,5.44736842105263,6.54894736842105,6.96253731343284,96,57,19,19,134,23007,14950,8057,2771,3622,19385,6.97502165210587,7.38684267892977,6.21087564850441,6.29341753879466,6.80231971286582,7.00729023213825,126
"128",2022,3,6.96851849673203,153,7.36571892156863,6.17411764705882,5.784375,6.25,7.07656639097744,102,51,16,20,133,23160,15052,8108,2787,3642,19518,6.97497869084628,7.3866995336168,6.2106444375925,6.2904951560818,6.79928665568369,7.00776229531714,127
"129",2022,4,6.83805031446541,159,7.22798165137615,5.988,6.11875,6.4,6.90839416058394,109,50,16,22,137,23319,15161,8158,2803,3664,19655,6.97404504824392,7.38555843150188,6.20927986025987,6.28951480556546,6.79688919213974,7.00706967590944,128
"130",2022,5,6.99962809917355,121,7.24404761904762,6.44472972972973,6.31818181818182,6.35714285714286,7.03907894736842,84,37,11,7,114,23440,15245,8195,2814,3671,19769,6.9741771109215,7.38477870646114,6.21034290420988,6.28962686567164,6.79605066739308,7.00725426071122,129
"131",2022,6,6.85833104895105,143,7.28406137931035,6.19692857142857,6.125,7.47222222222222,6.76993072,87,56,12,18,125,23583,15332,8251,2826,3689,19894,6.97347465632022,7.3842071954083,6.21025186038056,6.28892781316348,6.79934995933858,7.00576308535237,130
"132",2022,7,6.9890625,128,7.3280487804878,6.38478260869565,6,7.1,6.97966101694915,82,46,15,10,118,23711,15414,8297,2841,3699,20012,6.97355880477415,7.3839084416764,6.21121948897192,6.28740232312566,6.8001627466883,7.00560917549471,131
"133",2022,8,7.105859375,128,7.46421052631579,6.07424242424242,5.99545454545455,7.32105263157895,7.06834862385321,95,33,11,19,109,23839,15509,8330,2852,3718,20121,6.97426917320357,7.38440033013089,6.21067684273709,6.2862762973352,6.80282463690156,7.00594904925203,132
