"","year","month","avg_rating","no_ratings","avg_rating_owned","avg_rating_not_owned","avg_rating_prev_owned","avg_rating_comment","avg_rating_no_comment","no_ratings_owned","no_ratings_not_owned","no_ratings_prev_owned","no_ratings_comment","no_ratings_no_comment","cum_no_ratings","cum_no_ratings_owned","cum_no_ratings_not_owned","cum_no_ratings_prev_owned","cum_no_ratings_comment","cum_no_ratings_no_comment","cum_avg_rating","cum_avg_rating_owned","cum_avg_rating_not_owned","cum_avg_rating_prev_owned","cum_avg_rating_comment","cum_avg_rating_no_comment","month_after_release"
"1",2012,5,9.5,1,9.5,NA,NA,9.5,NA,1,0,0,1,0,1,1,0,0,1,0,9.5,9.5,NA,NA,9.5,NA,-17
"2",2013,5,10,1,NA,10,NA,NA,10,0,1,0,0,1,2,1,1,0,1,1,9.75,9.5,10,NA,9.5,10,-5
"3",2013,10,8.81944444444444,36,9.21739130434783,8.11538461538461,NA,8.66666666666667,8.83333333333333,23,13,0,3,33,38,24,14,0,4,34,8.86842105263158,9.22916666666667,8.25,NA,8.875,8.86764705882353,0
"4",2013,11,8.22292682926829,205,8.96632653061224,7.54205607476636,7.5,7.48936170212766,8.44113924050633,98,107,13,47,158,243,122,121,13,51,192,8.3238683127572,9.01803278688524,7.62396694214876,7.5,7.59803921568627,8.51666666666667,1
"5",2013,12,8.48343949044586,157,8.91323529411765,7.68636363636364,8.32307692307692,7.67586206896552,8.66640625,102,55,13,29,128,400,224,176,26,80,320,8.3865,8.9703125,7.64346590909091,7.91153846153846,7.62625,8.5765625,2
"6",2014,1,8.57522380821918,365,9.04114155251142,7.87634719178082,7.46222416666667,8.21038961038961,8.67276628472222,219,146,12,77,288,765,443,322,38,157,608,8.47654469281046,9.00532731376975,7.74905804347826,7.7696497368421,7.91273885350318,8.62213271381579,3
"7",2014,2,8.31832061068702,262,8.85098039215686,7.57064220183486,7.75555555555556,8.03804347826087,8.37800925925926,153,109,9,46,216,1027,596,431,47,203,824,8.43617983446933,8.96570469798658,7.70393663573086,7.76695085106383,7.94113300492611,8.5581391868932,4
"8",2014,3,8.36151079136691,278,8.77631578947368,7.86111111111111,8.27692307692308,8.05697674418605,8.41723404255319,152,126,13,43,235,1305,748,557,60,246,1059,8.4202733256705,8.9272192513369,7.73949136445242,7.87744483333333,7.96138211382114,8.5268712842304,5
"9",2014,4,8.26814634146341,205,8.81467889908257,7.64760416666667,8.53333333333333,7.69439024390244,8.41158536585366,109,96,12,41,164,1510,857,653,72,287,1223,8.39962032450331,8.91290548424737,7.72598267993874,7.98675958333333,7.92324041811847,8.51141184791496,6
"10",2014,5,8.28599033816425,207,8.90047619047619,7.65343137254902,7.45833333333333,7.95666666666667,8.37746913580247,105,102,12,45,162,1717,962,755,84,332,1385,8.38592119394292,8.91154885654886,7.71618104635762,7.91127011904762,7.92777108433735,8.49574490252708,7
"11",2014,6,8.4281007751938,258,8.77011494252874,7.71964285714286,8.471875,8.4195652173913,8.42995283018868,174,84,16,46,212,1975,1136,839,100,378,1597,8.39143123544304,8.88988556338028,7.71652764004767,8.0009669,7.98761904761905,8.48701107701941,8
"12",2014,7,8.25903361344538,238,8.67992424242424,7.73490566037736,8.08823529411765,8.31891891891892,8.24800995024876,132,106,17,37,201,2213,1268,945,117,415,1798,8.37719235878897,8.86802839116719,7.71858908994709,8.01364692307692,8.01715662650602,8.46029293103448,9
"13",2014,8,8.27487544483986,281,8.70306818181818,7.55714285714286,7.7,7.98695652173913,8.33123404255319,176,105,20,46,235,2494,1444,1050,137,461,2033,8.3656642702486,8.84792243767313,7.70244446666667,7.96785905109489,8.0141431670282,8.44537466305952,10
"14",2014,9,8.37317073170732,287,8.70914634146341,7.92520325203252,8.07115384615385,8.415,8.36434599156118,164,123,26,50,237,2781,1608,1173,163,511,2270,8.36643893923049,8.83376865671641,7.72580280477408,7.98433552147239,8.05336594911937,8.43691484140969,11
"15",2014,10,8.18292682926829,287,8.6728813559322,7.39454545454545,8.01538461538462,7.7375,8.28148936170213,177,110,13,52,235,3068,1785,1283,176,563,2505,8.34927206323338,8.81781512605042,7.69740194076383,7.98662892045455,8.0241918294849,8.42233400798403,12
"16",2014,11,8.17314670658683,334,8.62791758241758,7.62861842105263,7.83333333333333,7.84111111111111,8.22484775086505,182,152,18,45,289,3402,1967,1435,194,608,2794,8.3319805085244,8.8002445348246,7.69011616027874,7.9724056185567,8.01064144736842,8.40190683249821,13
"17",2014,12,8.20194285714286,350,8.75821596244131,7.3370802919708,7.36944444444444,8.45106382978723,8.163300330033,213,137,18,47,303,3752,2180,1572,212,655,3097,8.31985013059701,8.79613807339449,7.6593490394402,7.92121080188679,8.04224427480916,8.37856237972231,14
"18",2015,1,8.30324380165289,484,8.69192810457516,7.63505617977528,7.6151724137931,8.37924242424242,8.29124401913876,306,178,29,66,418,4236,2486,1750,241,721,3515,8.31795271246459,8.78331094127111,7.65687810857143,7.88438460580913,8.07309292649098,8.36817857467994,15
"19",2015,2,8.20580882352941,340,8.66299019607843,7.52003676470588,7.44444444444444,7.99883720930233,8.23577441077441,204,136,27,43,297,4576,2690,1886,268,764,3812,8.3096203430944,8.77418624535316,7.64701044008483,7.8400622761194,8.06891361256544,8.35786272035677,16
"20",2015,3,8.27398119122257,319,8.65163043478261,7.75925925925926,7.40714285714286,8.32325581395349,8.26630434782609,184,135,21,43,276,4895,2874,2021,289,807,4088,8.3072977916241,8.76633994432846,7.65450850569025,7.80860446366782,8.08246592317224,8.35168118639922,17
"21",2015,4,8.02491103202847,281,8.68846153846154,7.02366071428571,7.07142857142857,7.48375,8.11473029045643,169,112,14,40,241,5176,3043,2133,303,847,4329,8.29196728941267,8.76201478803812,7.62138382090952,7.77454353135314,8.05419126328217,8.33848987987988,18
"22",2015,5,8.24724576271186,236,8.66258741258741,7.60860215053763,7.02941176470588,8.09230769230769,8.26642857142857,143,93,17,26,210,5412,3186,2226,320,873,4539,8.29001712675536,8.7575521029504,7.62084981581312,7.73495840625,8.0553264604811,8.33515591319674,19
"23",2015,6,8.08323404255319,235,8.52714285714286,7.42905263157895,6.79230769230769,8.2,8.06415841584158,140,95,13,33,202,5647,3326,2321,333,906,4741,8.28141184522755,8.74785357787131,7.61299943558811,7.69815822822823,8.06059602649007,8.32360951065176,20
"24",2015,7,8.1811320754717,265,8.63766233766234,7.54774774774775,8.10625,8.23125,8.17004608294931,154,111,16,48,217,5912,3480,2432,349,954,4958,8.27691689614343,8.74297729885057,7.61002125411184,7.71686730659026,8.06918238993711,8.31688840056474,21
"25",2015,8,8.12172284644195,267,8.57577639751553,7.43207547169811,7.1,8.2046875,8.11042553191489,161,106,17,32,235,6179,3641,2538,366,986,5193,8.27021082537627,8.73558390552046,7.60258931836091,7.688215,8.07358012170385,8.30754528981321,22
"26",2015,9,7.69486692015209,263,8.30794701986755,6.86830357142857,5.88269230769231,6.75512820512821,7.85848214285714,151,112,26,39,224,6442,3792,2650,392,1025,5417,8.24672193262962,8.71855511603375,7.57155535471698,7.56846094387755,8.02341463414634,8.28897594424959,23
"27",2015,10,8.18056962025316,316,8.66445026178011,7.4412,7.23958333333333,7.93037735849057,8.23098859315589,191,125,24,53,263,6758,3983,2775,416,1078,5680,8.24362869044096,8.71596058247552,7.56568349189189,7.54948723557692,8.01884044526902,8.2862909665493,24
"28",2015,11,8.00101910828026,314,8.43167597765363,7.43,7.41538461538462,7.65483870967742,8.03893992932862,179,135,26,31,283,7072,4162,2910,442,1109,5963,8.23285671521493,8.70373402210476,7.55938889690721,7.54159884615385,8.00866546438233,8.27455185141707,25
"29",2015,12,7.99799504950495,404,8.54154867256637,7.30786516853933,7.8051724137931,7.59265306122449,8.05394366197183,226,178,29,49,355,7476,4388,3088,471,1158,6318,8.22016488630283,8.69538081130355,7.54489044365285,7.55782736730361,7.9910621761658,8.26215617125673,26
"30",2016,1,8.06916326530612,490,8.52191176470588,7.50426605504587,7.31,7.64978260869565,8.11261261261261,272,218,30,46,444,7966,4660,3306,501,1204,6762,8.21087656163696,8.68525557939914,7.54221164246824,7.54298740518962,7.97802325581395,8.25233698461994,27
"31",2016,2,8.20701754385965,285,8.56503067484662,7.72868852459016,7.51739130434783,7.73783783783784,8.27701612903226,163,122,23,37,248,8251,4823,3428,524,1241,7010,8.21074326627075,8.68119241136222,7.5488482176196,7.54186391221374,7.97086220789686,8.25321008416548,28
"32",2016,3,8.06426530612245,294,8.54201183431953,7.418352,7.58636363636364,8.19571428571429,8.04650193050193,169,125,22,35,259,8545,4992,3553,546,1276,7269,8.20570353306027,8.67648056891025,7.54425716014635,7.54365694139194,7.97702978056426,8.24584491539414,29
"33",2016,4,8.21753164556962,316,8.61259803921569,7.49794642857143,7.092,8.58571428571429,8.18173611111111,204,112,25,28,288,8861,5196,3665,571,1304,7557,8.20612534589775,8.67397247882987,7.54284193451569,7.52388211908932,7.99009969325153,8.24340170570332,30
"34",2016,5,8.13823151125402,311,8.62790055248619,7.45646153846154,7.94809523809524,8.35195652173913,8.1011320754717,181,130,21,46,265,9172,5377,3795,592,1350,7822,8.20382323266463,8.67242161056351,7.53988292226614,7.53893021959459,8.00242962962963,8.23858178087446,31
"35",2016,6,8.05725806451613,248,8.51314102564103,7.28423913043478,7,8.175,8.0372641509434,156,92,11,36,212,9420,5533,3887,603,1386,8034,8.19996461677282,8.66793077896259,7.53383218163108,7.52909898839138,8.00691197691198,8.23326944112522,32
"36",2016,7,8.115,280,8.55909090909091,7.47782608695652,7.41764705882353,7.96969696969697,8.13441295546559,165,115,17,33,247,9700,5698,4002,620,1419,8281,8.19751202989691,8.66477904527904,7.53222281109445,7.5260430483871,8.00604651162791,8.23032081753411,33
"37",2016,8,7.94755813953488,344,8.46396907216495,7.27966666666667,7.37142857142857,7.97222222222222,7.94384615384615,194,150,21,45,299,10044,5892,4152,641,1464,8580,8.18895128335325,8.65816717583164,7.52309867292871,7.52097767550702,8.00500683060109,8.22033760955711,34
"38",2016,9,8.08549848942598,331,8.43062827225131,7.61464285714286,6.9,8.20444444444444,8.06678321678322,191,140,22,45,286,10375,6083,4292,663,1509,8866,8.18565076530121,8.65102268617458,7.52608473671948,7.50037208144797,8.01095427435388,8.21538424204827,35
"39",2016,10,8.06188087774295,319,8.50198979591837,7.36056910569106,7.40555555555556,7.89459459459459,8.08382978723404,196,123,18,37,282,10694,6279,4415,681,1546,9148,8.18195873293436,8.64637060041408,7.52147354246886,7.49786591776799,8.00816946959897,8.21132889046786,36
"40",2016,11,8.1881679389313,393,8.52309236947791,7.60902777777778,7.50357142857143,7.62083333333333,8.2453781512605,249,144,28,36,357,11087,6528,4559,709,1582,9505,8.18217883016145,8.64166835171569,7.52423901952182,7.49809124118477,7.99935524652339,8.21260775276171,37
"41",2016,12,8.11196765498652,371,8.38608695652174,7.66482269503546,7.40966666666667,8.24772727272727,8.0937003058104,230,141,30,44,327,11458,6758,4700,739,1626,9832,8.17990545383138,8.63296996152708,7.52845652978723,7.49450161028417,8.00607626076261,8.20865304007323,38
"42",2017,1,8.03976138828633,461,8.50887640449438,7.39412371134021,7.44047619047619,8.3219298245614,7.9999504950495,267,194,42,57,404,11919,7025,4894,781,1683,10236,8.17448499790251,8.62825352313167,7.52313152635881,7.49159627400768,8.01677361853833,8.2004158548261,39
"43",2017,2,8.05094164456233,377,8.42633603238866,7.33769230769231,7.70652173913043,8.0459375,8.0516717325228,247,130,23,48,329,12296,7272,5024,804,1731,10565,8.17069711206897,8.62139521452145,7.51833313893312,7.49774463930348,8.01758232235702,8.19578387979177,40
"44",2017,3,8.07225988700565,354,8.46909952606635,7.48671328671329,7.27,7.92666666666667,8.08574074074074,211,143,20,30,324,12650,7483,5167,824,1761,10889,8.16794242608696,8.61710089536282,7.51745803948132,7.49221685679612,8.01603350369109,8.19250956837175,41
"45",2017,4,7.97110465116279,344,8.46314285714286,7.2,7.30357142857143,8.09204545454545,7.95336666666667,210,134,28,44,300,12994,7693,5301,852,1805,11189,8.16273139064184,8.61289821916028,7.50943325598944,7.48601724178404,8.0178864265928,8.18609765752078,42
"46",2017,5,8.15752873563218,348,8.47142857142857,7.6375572519084,7.48148148148148,8.26808510638298,8.1402657807309,217,131,27,47,301,13342,7910,5432,879,1852,11490,8.16259568955179,8.60901719342604,7.51252313880707,7.48587791808874,8.02423596112311,8.18489701392515,43
"47",2017,6,7.91638059701493,268,8.37711267605634,7.39714285714286,7.484375,7.79705882352941,7.93371794871795,142,126,16,34,234,13610,8052,5558,895,1886,11724,8.15774736884644,8.60492747143567,7.50990746491544,7.48585105027933,8.02014050901379,8.17988371630843,44
"48",2017,7,7.99168874172185,302,8.47235294117647,7.37265151515152,6.985,8.16111111111111,7.97505454545455,170,132,20,27,275,13912,8222,5690,915,1913,11999,8.15414258841288,8.60218632936026,7.5067233198594,7.4749034863388,8.02213016204914,8.17518932327694,45
"49",2017,8,7.93719626168224,321,8.45988950276243,7.26142857142857,6.89666666666667,8.15545454545455,7.90252707581227,181,140,30,44,277,14233,8403,5830,945,1957,12276,8.14924974987705,8.59912126621445,7.50083287993139,7.45654676190476,8.02512774655085,8.16903687601825,46
"50",2017,9,7.86320819112628,293,8.35691823899371,7.27738805970149,6.73076923076923,7.92619047619048,7.85266932270916,159,134,26,42,251,14526,8562,5964,971,1999,12527,8.14348008329891,8.59462345246438,7.49581248993964,7.43711296601442,8.02304902451226,8.16269790771933,47
"51",2017,10,7.92596730245232,367,8.36680555555555,7.2953642384106,7.46363636363636,7.94166666666667,7.9228990228013,216,151,33,60,307,14893,8778,6115,1004,2059,12834,8.13812003558719,8.58901754385965,7.49086274570728,7.43798475099602,8.020677513356,8.15696171809257,48
"52",2017,11,7.95588100686499,437,8.35249056603774,7.34482558139535,7.44666666666667,8.0814,7.93966408268734,265,172,27,50,387,15330,9043,6287,1031,2109,13221,8.13292509393346,8.58208625456154,7.48686745506601,7.43821211445199,8.02211711711712,8.15060106572877,49
"53",2017,12,7.89304634146341,410,8.29217154811715,7.33520467836257,7.46666666666667,7.56538461538462,7.92749056603774,239,171,33,39,371,15740,9282,6458,1064,2148,13592,8.1266766639136,8.57462131006249,7.48285160885723,7.43909463345865,8.01382448789572,8.14451116024132,50
"54",2018,1,8.07096474953618,539,8.39765765765766,7.5428640776699,7.10645161290323,7.98951612903226,8.08155136268344,333,206,31,62,477,16279,9615,6664,1095,2210,14069,8.124832034523,8.56849245969839,7.48470673619448,7.42967734246575,8.01314253393665,8.14237655057218,51
"55",2018,2,7.93583333333333,384,8.33726851851852,7.41970238095238,7.28814814814815,7.672,7.96651162790698,216,168,27,40,344,16663,9831,6832,1122,2250,14413,8.12047654624017,8.56341216559862,7.48310826844262,7.4262715597148,8.00707777777778,8.13817912232013,52
"56",2018,3,7.86071583333333,312,8.35033732142857,7.28949076388889,7.48965517241379,7.71666666666667,7.88129428571429,168,144,29,39,273,16975,9999,6976,1151,2289,14686,8.11570215198822,8.55983215021502,7.47911157683486,7.42786854039965,8.00212975098296,8.13340385605339,53
"57",2018,4,7.89444792613636,352,8.3755962371134,7.30367088607595,7.77058823529412,7.94150943396226,7.88610591973244,194,158,17,53,299,17327,10193,7134,1168,2342,14985,8.11120734691522,8.55632564897479,7.47522601065321,7.43285675513699,8.00075789923143,8.12846944944945,54
"58",2018,5,7.81609066889632,299,8.22605487341772,7.35669815602837,7.1051724137931,7.5,7.84119534296029,158,141,29,22,277,17626,10351,7275,1197,2364,15262,8.10620111256099,8.55128432132161,7.47292876975945,7.42491786967419,7.99609771573604,8.1232555241777,55
"59",2018,6,7.84818376068376,234,8.33325174825175,7.08593406593407,6.73333333333333,7.6032,7.87748803827751,143,91,15,25,209,17860,10494,7366,1212,2389,15471,8.10282059406495,8.54831322755861,7.46814781428183,7.41635865511551,7.99198618668899,8.11993541529313,56
"60",2018,7,7.80784125541126,231,8.32636720338983,7.26637168141593,7.08571428571429,7.64670967741935,7.83281665,118,113,28,31,200,18091,10612,7479,1240,2420,15671,8.0990540677685,8.54584530154542,7.46509918438294,7.40889249193548,7.9875632231405,8.11627108289197,57
"61",2018,8,7.83481012658228,237,8.16493055555556,7.32365591397849,7.37142857142857,7.735,7.84927536231884,144,93,21,30,207,18328,10756,7572,1261,2450,15878,8.09563712025317,8.54074566195612,7.46336196513471,7.40826858842189,7.9844706122449,8.11279028467062,58
"62",2018,9,7.97974678111588,233,8.27628787878788,7.59218811881188,7.35458333333333,8.1596875,7.95109950248756,132,101,24,32,201,18561,10888,7673,1285,2482,16079,8.09418232530575,8.53753952424688,7.46505770884921,7.40726590661479,7.98672965350524,8.11076902419305,59
"63",2018,10,7.76572621428571,280,8.19620618421053,7.25453125,6.99814814814815,7.773125,7.76477153225806,152,128,27,32,248,18841,11040,7801,1312,2514,16327,8.08930107106841,8.53284000724638,7.46160335854378,7.3988465625,7.9840107398568,8.10551347338765,60
"64",2018,11,7.87572837121212,264,8.23042664383562,7.43686440677966,7.546,7.936113125,7.86739943965517,146,118,25,32,232,19105,11186,7919,1337,2546,16559,8.08634984401989,8.52889289915966,7.46123472660689,7.40159812266268,7.98340872741556,8.10217737484148,61
"65",2018,12,7.8385873605948,269,8.30909090909091,7.20852173913043,7.74761904761905,7.7225,7.85886462882096,154,115,21,40,229,19374,11340,8034,1358,2586,16788,8.08290976411686,8.52590793386244,7.45761735125716,7.4069489617084,7.9793730162413,8.09885841970456,62
"66",2019,1,7.86420703703704,351,8.25998406698565,7.28169014084507,6.59,7.97186046511628,7.8491775,209,142,30,43,308,19725,11549,8176,1388,2629,17096,8.07901801977186,8.52109556152048,7.45456186399217,7.38929156340058,7.97925014073793,8.09436019068789,63
"67",2019,2,7.88093385214008,257,8.25660377358491,7.27142857142857,7.42631578947368,8.03703703703704,7.86260869565217,159,98,19,27,230,19982,11708,8274,1407,2656,17326,8.07647034531078,8.51750364195422,7.45239277254049,7.38979153518124,7.97983758283133,8.09128372503752,64
"68",2019,3,7.85374231270358,307,8.29521585987261,7.39166666666667,7.62575757575758,7.55513513513514,7.89466255555556,157,150,33,37,270,20289,11865,8424,1440,2693,17596,8.07310016905712,8.5145622865571,7.45131146723647,7.39519909027778,7.97400245822503,8.08826669186179,65
"69",2019,4,7.78060869565217,230,8.29114503816794,7.1050505050505,7.44166666666667,7.85513513513513,7.76632124352332,131,99,24,37,193,20519,11996,8523,1464,2730,17789,8.06982159608168,8.51212250166722,7.44728942860495,7.39596085382514,7.97239143589744,8.0847737764911,66
"70",2019,5,7.77373814126394,269,8.295254,7.2077519379845,7.11785714285714,7.62,7.78949,140,129,28,25,244,20788,12136,8652,1492,2755,18033,8.0659902294593,8.50962072264338,7.44371796116505,7.39074174932976,7.96919369147006,8.08077836577386,67
"71",2019,6,7.83645943820225,267,8.23983798611111,7.36421138211382,6.97058823529412,7.8,7.84006037037037,144,123,17,24,243,21055,12280,8775,1509,2779,18276,8.06307953265258,8.50645714657981,7.44260350997151,7.38600840954274,7.96773250089961,8.07757774896039,68
"72",2019,7,7.90122916666667,240,8.26435714285714,7.39285,6.8,7.60892857142857,7.93983490566038,140,100,15,28,212,21295,12420,8875,1524,2807,18488,8.06125543836581,8.5037281610306,7.44204290704226,7.38024061023622,7.96415340933381,8.07599826590221,69
"73",2019,8,7.72673774410774,297,8.01103491428571,7.31893442622951,7.37391304347826,7.31896551724138,7.77086235074627,175,122,23,29,268,21592,12595,8997,1547,2836,18756,8.05665411587625,8.49688248273124,7.4403735467378,7.38014653522948,7.95755593088858,8.07163825175945,70
"74",2019,9,7.801171875,256,8.29446808510638,7.19634782608696,7.38333333333333,8.04677419354839,7.76733333333333,141,115,24,31,225,21848,12736,9112,1571,2867,18981,8.05366054879165,8.49464155700377,7.43729376646181,7.38019521960535,7.95852062085804,8.06803103366525,71
"75",2019,10,7.78969379844961,258,8.20811486486486,7.22672727272727,7.32727272727273,7.27657692307692,7.84719827586207,148,110,22,26,232,22106,12884,9222,1593,2893,19213,8.05057978241202,8.49135019171065,7.43478212968987,7.37946433772756,7.9523918492914,8.06536444334566,72
"76",2019,11,7.82184486792453,265,8.27321157534247,7.26806722689076,7.07391304347826,8.4,7.76689623966942,146,119,23,23,242,22371,13030,9341,1616,2916,19455,8.04787025881722,8.4889059677667,7.43265825928702,7.3751155259901,7.95592236625515,8.06165180878952,73
"77",2019,12,7.82207217665615,317,8.2510582010582,7.1886475,7.165,7.82048228571429,7.8222695035461,189,128,20,35,282,22688,13219,9469,1636,2951,19737,8.04471537552891,8.48550531507679,7.42935977188721,7.37254687652812,7.95431599457811,8.05823154177434,74
"78",2020,1,7.87144929347826,368,8.2807562037037,7.28980263157895,6.84090909090909,7.70192307692308,7.89934601265823,216,152,33,52,316,23056,13435,9621,1669,3003,20053,8.04194985166551,8.48221347971716,7.4271549402349,7.36203516476932,7.94994555444556,8.05572778536878,75
"79",2020,2,7.7896,300,8.24448484848485,7.23362962962963,7,7.63666666666667,7.80659259259259,165,135,31,30,270,23356,13600,9756,1700,3033,20323,8.03870850231204,8.47932927205883,7.42447700697007,7.35543334705883,7.94684685130234,8.05241791467796,76
"80",2020,3,7.84219123505976,251,8.24898648648649,7.25766990291262,7.03529411764706,8.16315789473684,7.78492957746479,148,103,17,38,213,23607,13748,9859,1717,3071,20536,8.03661904435125,8.47684958539424,7.42273432193935,7.35226365171811,7.94952344513188,8.04964351772498,77
"81",2020,4,7.84430171296296,216,8.32413223140496,7.23314915789474,6.74166666666667,7.80666666666667,7.84711029850746,121,95,12,15,201,23823,13869,9954,1729,3086,20737,8.03487532846409,8.4755172038359,7.42092493972273,7.34802584731059,7.94882906675308,8.04768039976854,78
"82",2020,5,7.89058174528302,212,8.28945796747968,7.33932584269663,6.768,7.59545454545455,7.92475436842105,123,89,25,22,190,24035,13992,10043,1754,3108,20927,8.03360259122113,8.47388160591767,7.4202018171861,7.33975866020525,7.94632770270271,8.04656433220243,79
"83",2020,6,7.98835748792271,207,8.35819672131148,7.45752941176471,7.19318181818182,8.01071428571429,7.98486033519553,122,85,22,28,179,24242,14114,10128,1776,3136,21106,8.03321624783434,8.47288163738133,7.42051509182464,7.33794295608108,7.94690258290816,8.04604102056288,80
"84",2020,7,7.9420202020202,198,8.49125,7.22674418604651,6.91818181818182,8.312,7.8885549132948,112,86,11,25,173,24440,14226,10214,1787,3161,21279,8.03247742553191,8.47302624982427,7.41888357646368,7.33535908785675,7.94979009807023,8.04476064570704,81
"85",2020,8,7.79379446640316,253,8.31067567567568,7.0652380952381,6.84473684210526,7.79130434782609,7.79404347826087,148,105,19,23,230,24693,14374,10319,1806,3184,21509,8.0300319232171,8.4713546284959,7.41528509060956,7.33019750276855,7.94864525753769,8.04207967734437,82
"86",2020,9,7.87754387218045,266,8.25741455128205,7.33881818181818,7.12068965517241,7.73620689655172,7.89483827004219,156,110,29,29,237,24959,14530,10429,1835,3213,21746,8.02840678512761,8.46905768066071,7.41447855499089,7.32688647956403,7.94672782446312,8.04047495861309,83
"87",2020,10,7.85333333333333,270,8.26037267080745,7.25211009174312,6.63636363636364,7.7962962962963,7.859670781893,161,109,22,27,243,25229,14691,10538,1857,3240,21989,8.02653315430655,8.46677068273093,7.41279909375593,7.31870581044696,7.94547422839506,8.03847689526582,84
"88",2020,11,7.82218992248062,258,8.34761029411765,7.23647540983607,7.14709677419355,7.93269230769231,7.80980603448276,136,122,31,26,232,25487,14827,10660,1888,3266,22221,8.02446462706478,8.46567768935051,7.410781130394,7.31588807733051,7.94537247397428,8.03608944016922,85
"89",2020,12,7.78862472789116,294,8.16554308988764,7.21025,7.04962068965517,7.383,7.83991061302682,178,116,29,33,261,25781,15005,10776,1917,3299,22482,8.02177516853497,8.46211727890704,7.40862248051225,7.31186003651539,7.93974704455896,8.03381194377725,86
"90",2021,1,7.94601118902439,328,8.32067164179104,7.35304464566929,6.93333333333333,7.86111111111111,7.95951120141343,201,127,21,45,283,26109,15206,10903,1938,3344,22765,8.02082336703818,8.46024758450612,7.40797510043108,7.30775835397317,7.93868884569378,8.03288828420822,87
"91",2021,2,7.85834965034965,286,8.18630167597765,7.30971962616822,7.25,8.30569230769231,7.81361538461538,179,107,18,26,260,26395,15385,11010,1956,3370,23025,8.01906290168592,8.45706030354242,7.40702021071753,7.30722683537832,7.9415203264095,8.03041223843649,88
"92",2021,3,7.78691025641026,234,8.0442,7.32746428571429,7,7.28135,7.83415887850467,150,84,17,20,214,26629,15535,11094,1973,3390,23239,8.01702288069398,8.45307388284519,7.40641784027402,7.30457967055246,7.93762551622419,8.02860500839108,89
"93",2021,4,7.75980143442623,244,8.12586726618705,7.2752,7.41176470588235,7.356,7.80589748858447,139,105,17,25,219,26873,15674,11199,1990,3415,23458,8.01468737543259,8.45017215260942,7.40518756317528,7.30549532160804,7.93336764275256,8.02652584789838,90
"94",2021,5,7.84207281512605,238,8.32698412698413,7.29654758928571,6.63571428571429,7.61666666666667,7.86735200934579,126,112,14,24,214,27111,15800,11311,2004,3439,23672,8.01317203976246,8.44918976708861,7.40411182477235,7.30081621257485,7.93115745856354,8.02508688197027,91
"95",2021,6,7.63888274725275,182,8.03702607843137,7.13125,6.81818181818182,6.915625,7.7085943373494,102,80,11,16,166,27293,15902,11391,2015,3455,23838,8.01067613783754,8.44654603068797,7.40219549205513,7.29818148387097,7.92645455861071,8.02288293187349,92
"96",2021,7,7.91938674641148,209,8.29713864,7.35725595238095,7.30608333333333,7.64428125,7.94219341968912,125,84,18,16,193,27502,16027,11475,2033,3471,24031,8.00998238891717,8.44538075185625,7.40186652287582,7.29825144613871,7.92515384615385,8.0222348907661,93
"97",2021,8,7.71290178571429,224,8.20269230769231,7.03553191489362,6.7,7.504,7.73914572864322,130,94,17,25,199,27726,16157,11569,2050,3496,24230,8.00758225708721,8.44342806894845,7.39888999481373,7.29329033658537,7.9221421624714,8.01990989104417,94
"98",2021,9,7.7151256281407,199,8.13462962962963,7.21725274725275,7.16666666666667,8.04,7.66844827586207,108,91,12,25,174,27925,16265,11660,2062,3521,24404,8.00549814359893,8.44137763971719,7.39747241423671,7.29255343840931,7.9229789832434,8.01740397721686,95
"99",2021,10,7.89140495867769,242,8.2579020979021,7.3620202020202,7.45714285714286,7.54285714285714,7.93700934579439,143,99,21,28,214,28167,16408,11759,2083,3549,24618,8.00451789895978,8.43977860251098,7.39717393911047,7.29421276524244,7.91997999436461,8.01670512064344,96
"100",2021,11,7.77753086419753,243,8.21216417910448,7.24321100917431,7,7.81292592592593,7.77310648148148,134,109,18,27,216,28410,16542,11868,2101,3576,24834,8.00257640478705,8.43793479083546,7.39575988793394,7.29169214183722,7.91917170022371,8.01458635982927,97
"101",2021,12,7.81721641361257,382,8.19459548543689,7.37551136363636,6.91666666666667,7.71613636363636,7.83037476331361,206,176,30,44,338,28792,16748,12044,2131,3620,25172,8.00011712732703,8.43494172319083,7.39546399452009,7.28641257156265,7.91670386740332,8.01211283688226,98
"102",2022,1,7.81536058064516,465,8.25784069852941,7.19176165803109,6.51219512195122,7.79210526315789,7.81860948529412,272,193,41,57,408,29257,17020,12237,2172,3677,25580,7.99718067471032,8.43211143654525,7.39225123396257,7.27179796961326,7.9147723687789,8.00902646598906,99
"103",2022,2,7.85399712446352,233,8.26261538461539,7.33826533980583,6.561515,7.70769230769231,7.87237357487923,130,103,22,26,207,29490,17150,12340,2194,3703,25787,7.99604938385893,8.43082662682216,7.39180062236629,7.26467571558797,7.9133183904942,8.0079295121573,100
"104",2022,3,7.84768503937008,254,8.15136196319018,7.30373626373626,6.71428571428571,7.63846153846154,7.87154385964912,163,91,14,26,228,29744,17313,12431,2208,3729,26015,7.99478242099247,8.42819549760296,7.39115595527311,7.26118592391304,7.91140198444623,8.00673420449741,101
"105",2022,4,7.88235729411765,255,8.25456790123457,7.23399043010753,6.77941176470588,7.6312,7.909657,162,93,17,25,230,29999,17475,12524,2225,3754,26245,7.99382677555918,8.42658590271817,7.38998888454168,7.25750495280899,7.90953596164092,8.00588346123072,102
"106",2022,5,7.84788888888889,270,8.24773333333333,7.34808333333333,7.40833333333333,7.95681818181818,7.83822580645161,150,120,24,22,248,30269,17625,12644,2249,3776,26493,7.99252500710298,8.42506375319149,7.38959117288833,7.2591145042241,7.90981144067797,8.00431402408184,103
"107",2022,6,7.75800595238095,252,8.34155821917808,6.95424528301887,6.83333333333333,8.13518518518518,7.71274444444444,146,106,15,27,225,30521,17771,12750,2264,3803,26718,7.990588674683,8.42437770243656,7.38597182666667,7.25629351590106,7.91141151722325,8.00185863238267,104
"108",2022,7,7.82419047619048,210,8.21105769230769,7.44462264150943,6.504,7.81666666666667,7.82502645502645,104,106,20,21,189,30731,17875,12856,2284,3824,26907,7.98945159415574,8.42313656783217,7.38645541303671,7.24970600700526,7.91089121338912,8.00061652878434,105
"109",2022,8,7.85208745247148,263,8.21238607594937,7.30992380952381,6.60246153846154,7.75291428571429,7.86731140350877,158,105,13,35,228,30994,18033,12961,2297,3859,27135,7.98828598890108,8.42129003216326,7.38583541316256,7.24604289072704,7.90945840891423,7.99949644149623,106
