"","year","month","avg_rating","no_ratings","avg_rating_owned","avg_rating_not_owned","avg_rating_prev_owned","avg_rating_comment","avg_rating_no_comment","no_ratings_owned","no_ratings_not_owned","no_ratings_prev_owned","no_ratings_comment","no_ratings_no_comment","cum_no_ratings","cum_no_ratings_owned","cum_no_ratings_not_owned","cum_no_ratings_prev_owned","cum_no_ratings_comment","cum_no_ratings_no_comment","cum_avg_rating","cum_avg_rating_owned","cum_avg_rating_not_owned","cum_avg_rating_prev_owned","cum_avg_rating_comment","cum_avg_rating_no_comment","month_after_release"
"1",2001,6,3,2,4,2,NA,2,4,1,1,0,1,1,2,1,1,0,1,1,3,4,2,NA,2,4,0
"2",2001,7,7,2,7,NA,NA,NA,7,2,0,0,0,2,4,3,1,0,1,3,5,6,2,NA,2,6,1
"3",2001,8,7.5,2,7.5,NA,NA,NA,7.5,2,0,0,0,2,6,5,1,0,1,5,5.83333333333333,6.6,2,NA,2,6.6,2
"4",2001,9,4,1,NA,4,NA,4,NA,0,1,0,1,0,7,5,2,0,2,5,5.57142857142857,6.6,3,NA,3,6.6,3
"5",2001,10,6.33333333333333,3,6.33333333333333,NA,NA,6,6.5,3,0,0,1,2,10,8,2,0,3,7,5.8,6.5,3,NA,4,6.57142857142857,4
"6",2001,11,7.75,4,7,10,NA,10,7,3,1,0,1,3,14,11,3,0,4,10,6.35714285714286,6.63636363636364,5.33333333333333,NA,5.5,6.7,5
"7",2001,12,9,1,NA,9,NA,NA,9,0,1,0,0,1,15,11,4,0,4,11,6.53333333333333,6.63636363636364,6.25,NA,5.5,6.90909090909091,6
"8",2002,1,5,2,7,3,NA,NA,5,1,1,0,0,2,17,12,5,0,4,13,6.35294117647059,6.66666666666667,5.6,NA,5.5,6.61538461538461,7
"9",2002,2,7,2,8,6,NA,NA,7,1,1,0,0,2,19,13,6,0,4,15,6.42105263157895,6.76923076923077,5.66666666666667,NA,5.5,6.66666666666667,8
"10",2002,3,7,2,7,NA,NA,NA,7,2,0,0,0,2,21,15,6,0,4,17,6.47619047619048,6.8,5.66666666666667,NA,5.5,6.70588235294118,9
"11",2002,5,6.5,2,6.5,NA,NA,8,5,2,0,0,1,1,23,17,6,0,5,18,6.47826086956522,6.76470588235294,5.66666666666667,NA,6,6.61111111111111,11
"12",2002,6,8.5,2,NA,8.5,NA,NA,8.5,0,2,0,0,2,25,17,8,0,5,20,6.64,6.76470588235294,6.375,NA,6,6.8,12
"13",2002,7,7.5,2,7.5,NA,NA,7,8,2,0,0,1,1,27,19,8,0,6,21,6.7037037037037,6.84210526315789,6.375,NA,6.16666666666667,6.85714285714286,13
"14",2002,8,6.375,8,6.5,6,NA,6,6.5,6,2,0,2,6,35,25,10,0,8,27,6.62857142857143,6.76,6.3,NA,6.125,6.77777777777778,14
"15",2002,9,7,2,7,NA,NA,8,6,2,0,0,1,1,37,27,10,0,9,28,6.64864864864865,6.77777777777778,6.3,NA,6.33333333333333,6.75,15
"16",2002,10,5.8,5,6,5.66666666666667,4,6.5,5.33333333333333,2,3,1,2,3,42,29,13,1,11,31,6.54761904761905,6.72413793103448,6.15384615384615,4,6.36363636363636,6.61290322580645,16
"17",2002,11,8,7,8.16666666666667,7,7,10,7.66666666666667,6,1,1,1,6,49,35,14,2,12,37,6.75510204081633,6.97142857142857,6.21428571428571,5.5,6.66666666666667,6.78378378378378,17
"18",2002,12,7,8,7.5,5.5,NA,7.33333333333333,6.8,6,2,0,3,5,57,41,16,2,15,42,6.78947368421053,7.04878048780488,6.125,5.5,6.8,6.78571428571429,18
"19",2003,1,7.25,6,7.7,5,NA,8.5,7,5,1,0,1,5,63,46,17,2,16,47,6.83333333333333,7.1195652173913,6.05882352941176,5.5,6.90625,6.80851063829787,19
"20",2003,2,8.16666666666667,6,8.4,7,7,8.33333333333333,8,5,1,1,3,3,69,51,18,3,19,50,6.94927536231884,7.24509803921569,6.11111111111111,6,7.13157894736842,6.88,20
"21",2003,3,7,5,7.66666666666667,6,NA,8.5,6,3,2,0,2,3,74,54,20,3,21,53,6.9527027027027,7.26851851851852,6.1,6,7.26190476190476,6.83018867924528,21
"22",2003,4,7.875,8,7.66666666666667,8.5,NA,10,7.57142857142857,6,2,0,1,7,82,60,22,3,22,60,7.04268292682927,7.30833333333333,6.31818181818182,6,7.38636363636364,6.91666666666667,22
"23",2003,5,5.95454545454545,11,6.58333333333333,5.2,5,6.16666666666667,5.7,6,5,1,6,5,93,66,27,4,28,65,6.91397849462366,7.24242424242424,6.11111111111111,5.75,7.125,6.82307692307692,23
"24",2003,6,8.125,8,8.66666666666667,6.5,NA,8.75,7.5,6,2,0,4,4,101,72,29,4,32,69,7.00990099009901,7.36111111111111,6.13793103448276,5.75,7.328125,6.86231884057971,24
"25",2003,7,7.03846153846154,26,7.7,6.13636363636364,8,6.95454545454545,7.1,15,11,1,11,15,127,87,40,5,43,84,7.01574803149606,7.41954022988506,6.1375,6.2,7.23255813953488,6.90476190476191,25
"26",2003,8,6.5,10,8.5,5.16666666666667,NA,5.4,7.6,4,6,0,5,5,137,91,46,5,48,89,6.97810218978102,7.46703296703297,6.01086956521739,6.2,7.04166666666667,6.9438202247191,26
"27",2003,9,7.52,5,7.325,8.3,NA,7.65,7.43333333333333,4,1,0,2,3,142,95,47,5,50,92,6.99718309859155,7.46105263157895,6.05957446808511,6.2,7.066,6.95978260869565,27
"28",2003,10,6.33333333333333,6,5.75,7.5,8,7,6.2,4,2,1,1,5,148,99,49,6,51,97,6.97027027027027,7.39191919191919,6.11836734693878,6.5,7.06470588235294,6.92061855670103,28
"29",2003,11,10,2,10,NA,NA,NA,10,2,0,0,0,2,150,101,49,6,51,99,7.01066666666667,7.44356435643564,6.11836734693878,6.5,7.06470588235294,6.98282828282828,29
"30",2003,12,7.66666666666667,6,8,7.33333333333333,NA,7.25,8.5,3,3,0,4,2,156,104,52,6,55,101,7.03589743589743,7.45961538461538,6.18846153846154,6.5,7.07818181818182,7.01287128712871,30
"31",2004,1,7.9,10,7.875,8,NA,8.6,7.2,8,2,0,5,5,166,112,54,6,60,106,7.08795180722892,7.48928571428571,6.25555555555556,6.5,7.205,7.02169811320755,31
"32",2004,2,7.80769230769231,13,7.68181818181818,8.5,NA,8.33333333333333,7.35714285714286,11,2,0,6,7,179,123,56,6,66,113,7.14022346368715,7.50650406504065,6.33571428571429,6.5,7.30757575757576,7.04247787610619,32
"33",2004,3,7.1,10,7.66666666666667,2,2,6.66666666666667,7.28571428571429,9,1,1,3,7,189,132,57,7,69,120,7.13809523809524,7.51742424242424,6.25964912280702,5.85714285714286,7.27971014492754,7.05666666666667,33
"34",2004,4,7.9,5,7.875,8,NA,8.25,6.5,4,1,0,4,1,194,136,58,7,73,121,7.15773195876289,7.52794117647059,6.28965517241379,5.85714285714286,7.33287671232877,7.05206611570248,34
"35",2004,5,7.425,10,7.58333333333333,6,6,6.82142857142857,8.83333333333333,9,1,1,7,3,204,145,59,8,80,124,7.17083333333333,7.53137931034483,6.28474576271186,5.875,7.288125,7.09516129032258,35
"36",2004,6,8.775,8,8.85714285714286,8.2,NA,8.8,8.75,7,1,0,4,4,212,152,60,8,84,128,7.2313679245283,7.59243421052632,6.31666666666667,5.875,7.36011904761905,7.146875,36
"37",2004,7,7.17857142857143,14,7.5,6.6,6,7.5,7.09090909090909,9,5,1,3,11,226,161,65,9,87,139,7.22809734513274,7.58726708074534,6.33846153846154,5.88888888888889,7.36494252873563,7.14244604316547,37
"38",2004,8,8.18181818181818,11,7.625,9.66666666666667,9,9.66666666666667,7.625,8,3,1,3,8,237,169,68,10,90,147,7.27236286919831,7.58905325443787,6.48529411764706,6.2,7.44166666666667,7.1687074829932,38
"39",2004,9,7.78571428571429,7,8.3,6.5,6,8,7.5,5,2,1,4,3,244,174,70,11,94,150,7.28709016393443,7.60948275862069,6.48571428571429,6.18181818181818,7.46542553191489,7.17533333333333,39
"40",2004,10,7.36363636363636,11,7.875,6,5,8.66666666666667,6.875,8,3,1,3,8,255,182,73,12,97,158,7.29039215686274,7.62115384615385,6.46575342465753,6.08333333333333,7.50257731958763,7.16012658227848,40
"41",2004,11,6.72727272727273,11,7.85714285714286,4.75,NA,6,6.88888888888889,7,4,0,2,9,266,189,77,12,99,167,7.26710526315789,7.62989417989418,6.37662337662338,6.08333333333333,7.47222222222222,7.14550898203593,41
"42",2004,12,7.95454545454545,11,8.5,7,NA,7.6,8.25,7,4,0,5,6,277,196,81,12,104,173,7.29440433212996,7.6609693877551,6.40740740740741,6.08333333333333,7.47836538461539,7.18381502890173,42
"43",2005,1,6.98947368421053,19,7.98461538461538,4.83333333333333,5.33333333333333,6.58,7.44444444444444,13,6,3,10,9,296,209,87,15,114,182,7.27483108108108,7.6811004784689,6.29885057471264,5.93333333333333,7.39956140350877,7.1967032967033,43
"44",2005,2,7.8,15,8,6.5,NA,8,7.625,13,2,0,7,8,311,222,89,15,121,190,7.30016077170418,7.69977477477477,6.30337078651685,5.93333333333333,7.43429752066116,7.21473684210526,44
"45",2005,3,6.68666666666667,15,7.33333333333333,6.25555555555556,NA,6.35714285714286,6.975,6,9,0,7,8,326,228,98,15,128,198,7.27193251533742,7.69013157894737,6.29897959183673,5.93333333333333,7.375390625,7.2050505050505,45
"46",2005,4,7.25,4,8.33333333333333,4,NA,NA,7.25,3,1,0,0,4,330,231,99,15,128,202,7.27166666666667,7.69848484848485,6.27575757575758,5.93333333333333,7.375390625,7.20594059405941,46
"47",2005,5,7.61764705882353,17,8.18181818181818,6.58333333333333,NA,8.75,7,11,6,0,6,11,347,242,105,15,134,213,7.28861671469741,7.72045454545454,6.29333333333333,5.93333333333333,7.43694029850746,7.19530516431925,47
"48",2005,6,6.77272727272727,11,8.25,5,3.5,7.1,6.5,6,5,2,5,6,358,248,110,17,139,219,7.27276536312849,7.73326612903226,6.23454545454545,5.64705882352941,7.42482014388489,7.17625570776256,48
"49",2005,7,6.27777777777778,9,6.7,5.75,NA,6.5,6,5,4,0,5,4,367,253,114,17,144,223,7.2483651226158,7.71284584980237,6.21754385964912,5.64705882352941,7.39270833333333,7.15515695067265,49
"50",2005,8,7.4,15,8.15,5.9,7,7.5,7.25,10,5,1,9,6,382,263,119,18,153,229,7.25431937172775,7.72946768060836,6.20420168067227,5.72222222222222,7.39901960784314,7.15764192139738,50
"51",2005,9,7.4625,16,7.72307692307692,6.33333333333333,8,7.88,7.27272727272727,13,3,1,5,11,398,276,122,19,158,240,7.26268844221106,7.72916666666667,6.20737704918033,5.84210526315789,7.41424050632911,7.16291666666667,51
"52",2005,10,7.19722222222222,18,7.82272727272727,6.21428571428571,NA,6.35,7.52307692307692,11,7,0,5,13,416,287,129,19,163,253,7.25985576923077,7.73275261324042,6.2077519379845,5.84210526315789,7.38159509202454,7.18142292490119,52
"53",2005,11,7.54333333333333,15,7.72222222222222,7.275,NA,8.1,7.265,9,6,0,5,10,431,296,135,19,168,263,7.26972157772622,7.73243243243243,6.25518518518518,5.84210526315789,7.40297619047619,7.18460076045627,53
"54",2005,12,7.25,12,7.27272727272727,7,NA,6.91666666666667,7.58333333333333,11,1,0,6,6,443,307,136,19,174,269,7.26918735891648,7.71596091205212,6.26066176470588,5.84210526315789,7.38620689655172,7.19349442379182,54
"55",2006,1,7.36666666666667,15,7.83333333333333,5.5,NA,7.07142857142857,7.625,12,3,0,7,8,458,319,139,19,181,277,7.27237991266376,7.72037617554859,6.24424460431655,5.84210526315789,7.37403314917127,7.20595667870036,55
"56",2006,2,6.93333333333333,15,7.81818181818182,4.5,4,6.14285714285714,7.625,11,4,1,7,8,473,330,143,20,188,285,7.26162790697675,7.72363636363636,6.19545454545455,5.75,7.3281914893617,7.21771929824561,56
"57",2006,3,7.3625,16,7.83076923076923,5.33333333333333,9,7.4,7.33333333333333,13,3,1,7,9,489,343,146,21,195,294,7.26492842535787,7.72769679300292,6.1777397260274,5.90476190476191,7.33076923076923,7.22125850340136,57
"58",2006,4,7.83333333333333,6,8.4,5,NA,8,7.75,5,1,0,2,4,495,348,147,21,197,298,7.27181818181818,7.73735632183908,6.16972789115646,5.90476190476191,7.33756345177665,7.22835570469799,58
"59",2006,5,7.83333333333333,9,8.16666666666667,7.16666666666667,6,8.08333333333333,7.33333333333333,6,3,1,6,3,504,354,150,22,203,301,7.28184523809524,7.74463276836158,6.18966666666667,5.90909090909091,7.35960591133005,7.22940199335548,59
"60",2006,6,7.03888888888889,9,7.475,6.16666666666667,NA,7.33333333333333,6.89166666666667,6,3,0,3,6,513,360,153,22,206,307,7.2775828460039,7.74013888888889,6.18921568627451,5.90909090909091,7.35922330097087,7.2228013029316,60
"61",2006,7,7.55277777777778,18,9,6.10555555555556,6,7.795,7.25,9,9,1,10,8,531,369,162,23,216,315,7.28691148775895,7.77086720867209,6.18456790123457,5.91304347826087,7.37939814814815,7.22349206349206,61
"62",2006,8,7.825,10,8,7.41666666666667,NA,8.625,7.29166666666667,7,3,0,4,6,541,376,165,23,220,321,7.29685767097967,7.7751329787234,6.2069696969697,5.91304347826087,7.40204545454545,7.22476635514019,62
"63",2006,9,7.23333333333333,15,7.65384615384615,4.5,NA,6.6875,7.85714285714286,13,2,0,8,7,556,389,167,23,228,328,7.29514388489209,7.77107969151671,6.18652694610778,5.91304347826087,7.37697368421053,7.23826219512195,63
"64",2006,10,6.76666666666667,15,7.44444444444444,5.75,6,7.16666666666667,6.5,9,6,1,6,9,571,398,173,24,234,337,7.28126094570928,7.76369346733668,6.17138728323699,5.91666666666667,7.3715811965812,7.21854599406528,64
"65",2006,11,7.88888888888889,9,8,7.66666666666667,NA,10,7.625,6,3,0,1,8,580,404,176,24,235,345,7.29068965517241,7.76720297029703,6.196875,5.91666666666667,7.38276595744681,7.22797101449275,65
"66",2006,12,7.15789473684211,19,8.18181818181818,5.75,NA,7,7.27272727272727,11,8,0,8,11,599,415,184,24,243,356,7.2864774624374,7.77819277108434,6.17744565217391,5.91666666666667,7.3701646090535,7.22935393258427,66
"67",2007,1,6.90555555555556,27,7.73611111111111,5.24444444444444,NA,6.86363636363636,6.934375,18,9,0,11,16,626,433,193,24,254,372,7.27004792332268,7.77644341801386,6.1339378238342,5.91666666666667,7.34822834645669,7.21666666666667,67
"68",2007,2,6.875627,20,7.72,6.031254,NA,8.16666666666667,6.32232428571429,10,10,0,6,14,646,443,203,24,260,386,7.25783674922601,7.77516930022573,6.12887950738916,5.91666666666667,7.36711538461538,7.18422937823834,68
"69",2007,3,6.88,15,7.36666666666667,6.55555555555556,7,6.04,7.3,6,9,1,5,10,661,449,212,25,265,396,7.24926254160363,7.76971046770601,6.14699311320755,5.96,7.34207547169811,7.18715287878788,69
"70",2007,4,7.38888888888889,18,8.23076923076923,5.2,7,7.86363636363636,6.64285714285714,13,5,1,11,7,679,462,217,26,276,403,7.25296397643594,7.78268398268398,6.12517299539171,6,7.36286231884058,7.17769861042184,70
"71",2007,5,7.34285714285714,14,7.65,5.5,NA,7.07142857142857,7.61428571428571,12,2,0,7,7,693,474,219,26,283,410,7.25478,7.77932489451477,6.11946365296804,6,7.35565371024735,7.18515253658537,71
"72",2007,6,6.76923076923077,13,7.75,5.92857142857143,6,6.1,7.1875,6,7,1,5,8,706,480,226,27,288,418,7.2458392917847,7.77895833333333,6.1135510619469,6,7.33385416666667,7.18519746411483,72
"73",2007,7,7.78571428571429,14,8.25,6.625,NA,7.78571428571429,7.78571428571429,10,4,0,7,7,720,490,230,27,295,425,7.25633686111111,7.78857142857143,6.12244582608696,6,7.34457627118644,7.19508832941177,73
"74",2007,8,6.645,20,6.74166666666667,6.5,5,6.80909090909091,6.44444444444444,12,8,1,11,9,740,502,238,28,306,434,7.23981424324324,7.76354581673307,6.13513672268908,5.96428571428571,7.32532679738562,7.17952198156682,74
"75",2007,9,6.44444444444444,18,6.59090909090909,6.21428571428571,7,6.1,6.57692307692308,11,7,1,5,13,758,513,245,29,311,447,7.22092683377309,7.73840155945419,6.13739812244898,6,7.3056270096463,7.16199673378076,75
"76",2007,10,6.78823529411765,17,7.21111111111111,6.3125,6,7.48888888888889,6,9,8,1,9,8,775,522,253,30,320,455,7.21143553548387,7.72931034482759,6.14293494071146,6,7.31078125,7.14156602197802,76
"77",2007,11,7.47941176470588,34,8,6.23,NA,7.84285714285714,7.225,24,10,0,14,20,809,546,263,30,334,475,7.22269782447466,7.74120879120879,6.14624539923954,6,7.33308383233533,7.14507903157895,77
"78",2007,12,7.476,25,7.74444444444444,6.78571428571429,6,7.94444444444444,7.2125,18,7,1,9,16,834,564,270,31,343,491,7.23029081534772,7.74131205673759,6.16282422222222,6,7.34912536443149,7.14727604887984,78
"79",2008,1,6.84782608695652,23,7.18421052631579,5.25,5,6.44444444444444,7.10714285714286,19,4,1,9,14,857,583,274,32,352,505,7.22002630105017,7.72315608919383,6.14949832116788,5.96875,7.32599431818182,7.14616344554456,79
"80",2008,2,7.65,20,7.86666666666667,7,6,7.875,7.5,15,5,2,8,12,877,598,279,34,360,517,7.22983185860889,7.72675585284281,6.16474028673835,5.97058823529412,7.33819444444445,7.15437628626692,80
"81",2008,3,6.36842105263158,19,7.5,5.84615384615385,NA,5.875,6.5,6,13,0,4,15,896,604,292,34,364,532,7.21156533482143,7.72450331125828,6.15055664383562,5.97058823529412,7.32211538461539,7.13592582706767,81
"82",2008,4,7.52727272727273,22,8.35384615384615,6.33333333333333,7,6.94285714285714,7.8,13,9,1,7,15,918,617,301,35,371,547,7.21913130718954,7.73776337115073,6.15602172757475,6,7.31495956873315,7.15413627056673,82
"83",2008,5,6.89047619047619,21,7.61111111111111,6.35,NA,6.82,6.95454545454545,9,12,0,10,11,939,626,313,35,381,558,7.21178119275825,7.73594249201278,6.1634585942492,6,7.30196850393701,7.15020168458781,83
"84",2008,6,7.66666666666667,15,8,6.33333333333333,7,8.33333333333333,7.22222222222222,12,3,1,6,9,954,638,316,36,387,567,7.21893348008386,7.74090909090909,6.16507132911392,6.02777777777778,7.31795865633075,7.15134486772487,84
"85",2008,7,7.51809523809524,21,7.95230769230769,6.8125,7,8.4225,6.96153846153846,13,8,1,8,13,975,651,324,37,395,580,7.22537696410256,7.74513056835638,6.18105722222222,6.05405405405405,7.34032911392405,7.1470905862069,85
"86",2008,8,7.35294117647059,17,8,6.625,7.5,8.14285714285714,6.8,9,8,2,7,10,992,660,332,39,402,590,7.22756304435484,7.74860606060606,6.19175463855422,6.12820512820513,7.35430348258707,7.14120769491526,86
"87",2008,9,7.61538461538461,13,8.11111111111111,6.5,7,7.75,7.55555555555556,9,4,2,4,9,1005,669,336,41,406,599,7.23257964179104,7.75348281016443,6.19542422619048,6.17073170731707,7.35820197044335,7.14743328881469,87
"88",2008,10,5.66666666666667,15,7.4,4.8,4.33333333333333,5.83333333333333,5.55555555555556,5,10,3,6,9,1020,674,346,44,412,608,7.20955150980392,7.75086053412463,6.15509404624277,6.04545454545455,7.33599514563107,7.12386930921053,88
"89",2008,11,7.18181818181818,44,7.92962962962963,5.99411764705882,5.875,7.39473684210526,7.02,27,17,8,19,25,1064,701,363,52,431,633,7.20840464285714,7.75774607703281,6.14755520661157,6.01923076923077,7.33858468677494,7.11976704581359,89
"90",2008,12,7.508,50,8.028125,6.58333333333333,7.9,7.05789473684211,7.78387096774194,32,18,5,19,31,1114,733,381,57,450,664,7.22185147217235,7.76954979536153,6.1681431496063,6.18421052631579,7.32673333333333,7.15077189759036,90
"91",2009,1,6.863,50,7.83275862068966,5.52380952380952,6,6.921875,6.83529411764706,29,21,6,16,34,1164,762,402,63,466,698,7.20643689003436,7.77195538057743,6.13448393034826,6.16666666666667,7.31283261802575,7.13540478510029,91
"92",2009,2,6.98076923076923,65,7.6875,6.10344827586207,6.6,7.22058823529412,6.89583333333333,36,29,10,17,48,1229,798,431,73,483,746,7.19450165988609,7.76814536340852,6.13239568445476,6.22602739726027,7.30958592132505,7.11999,92
"93",2009,3,6.87790697674419,43,7.52777777777778,5.78125,6.25,7.05769230769231,6.8,27,16,4,13,30,1272,825,447,77,496,776,7.18379916666667,7.76027878787879,6.1198267114094,6.22727272727273,7.30298387096774,7.10761925257732,93
"94",2009,4,6.4156862745098,51,7.545,5.68709677419355,5.71428571428571,5.80769230769231,6.62368421052632,20,31,7,13,38,1323,845,478,84,509,814,7.15418937263794,7.75518343195266,6.09176263598326,6.18452380952381,7.26479371316307,7.08502769041769,94
"95",2009,5,7.37612903225806,31,7.7,6.78727272727273,6.5,7.1,7.50761904761905,20,11,4,10,21,1354,865,489,88,519,835,7.15927070901034,7.75390751445087,6.10740805725971,6.19886363636364,7.26161849710983,7.09565573652695,95
"96",2009,6,7.125,46,7.63541666666667,6.56818181818182,6.33333333333333,6.95454545454545,7.17857142857143,24,22,3,11,35,1400,889,511,91,530,870,7.15814467142857,7.75070866141732,6.12724567514677,6.2032967032967,7.25524528301887,7.09899142528736,96
"97",2009,7,6.73023255813953,43,7.59523809523809,5.90454545454545,6.75,6.76153846153846,6.71666666666667,21,22,4,13,30,1443,910,533,95,543,900,7.1453933056133,7.74712087912088,6.11805354596623,6.22631578947369,7.24342541436464,7.08624726666667,97
"98",2009,8,7.51315789473684,38,8.38636363636364,6.3125,8,7.82142857142857,7.33333333333333,22,16,3,14,24,1481,932,549,98,557,924,7.15482953409858,7.76221030042918,6.12372047358834,6.28061224489796,7.25795332136445,7.09266508658009,98
"99",2009,9,6.8547619047619,42,7.45,6.31363636363636,6.55555555555556,6.35,7.0125,20,22,9,10,32,1523,952,571,107,567,956,7.14655452396586,7.7556512605042,6.13103772329247,6.30373831775701,7.24194003527337,7.08998173640167,99
"100",2009,10,7.06641,40,7.45245217391304,6.54411764705882,6.33333333333333,6.97727272727273,7.10022068965517,23,17,3,11,29,1563,975,588,110,578,985,7.14450348048624,7.74849887179487,6.14298051020408,6.30454545454546,7.23690311418685,7.09028318781726,100
"101",2009,11,7.24074074074074,27,8,6.42307692307692,6,7.25,7.23529411764706,14,13,3,10,17,1590,989,601,113,588,1002,7.14613769811321,7.75205904954499,6.14903916805324,6.29646017699115,7.23712585034014,7.09274345309381,101
"102",2009,12,6.64444444444444,36,7.37222222222222,5.91666666666667,5.8,6.54545454545455,6.688,18,18,5,11,25,1626,1007,619,118,599,1027,7.13503009840098,7.74526951340616,6.14228197092084,6.27542372881356,7.22442404006678,7.08289088607595,102
"103",2010,1,6.84444444444444,36,7.96428571428571,6.13181818181818,6.51666666666667,6.5,6.94285714285714,14,22,6,8,28,1662,1021,641,124,607,1055,7.12873582430806,7.74827267384917,6.14192283931357,6.28709677419355,7.21487644151565,7.0791743507109,103
"104",2010,2,6.96764705882353,34,7.66666666666667,6.18125,7.225,8.28571428571429,6.62592592592593,18,16,4,7,27,1696,1039,657,128,614,1082,7.1255064504717,7.74685890279115,6.14288057838661,6.31640625,7.22708469055375,7.06786408502773,104
"105",2010,3,7.34615384615385,26,7.96428571428571,6.625,6.8,7.5,7.27777777777778,14,12,5,8,18,1722,1053,669,133,622,1100,7.12883794425087,7.74974966761633,6.15152846038864,6.33458646616541,7.23059485530547,7.07129903636364,105
"106",2010,4,6.975,20,7.45454545454545,6.38888888888889,6.83333333333333,7,6.96666666666667,11,9,3,5,15,1742,1064,678,136,627,1115,7.12707172215844,7.7466977443609,6.15467926253687,6.34558823529412,7.22875598086124,7.06989142600897,106
"107",2010,5,6.225,26,6.65416666666667,5.85714285714286,5.58333333333333,7.17857142857143,5.87368421052632,12,14,6,7,19,1768,1076,692,142,634,1134,7.11380596153846,7.73451338289963,6.14865973988439,6.31338028169014,7.22820189274448,7.04984915343915,107
"108",2010,6,6.85,16,8.42857142857143,5.62222222222222,6.5,7.025,6.79166666666667,7,9,2,4,12,1784,1083,701,144,638,1146,7.11143998878924,7.73899944598338,6.14190091298146,6.31597222222222,7.22692789968652,7.04714567190227,108
"109",2010,7,6.23684210526316,19,7.22222222222222,5.35,6,5.6875,6.63636363636364,9,10,1,8,11,1803,1092,711,145,646,1157,7.10222348308375,7.73474029304029,6.13076306610408,6.31379310344828,7.20786377708978,7.0432402247191,109
"110",2010,8,7.0625,24,7.82352941176471,5.21428571428571,NA,6.625,7.15,17,7,0,4,20,1827,1109,718,145,650,1177,7.10170166392994,7.73610135256988,6.12182805013928,6.31379310344828,7.20427692307692,7.04505432455395,110
"111",2010,9,7.25827586206897,29,7.71,6.4,NA,7.74875,7.07142857142857,19,10,0,8,21,1856,1128,728,145,658,1198,7.10414813577586,7.73566170212766,6.12564909340659,6.31379310344828,7.21089665653496,7.04551664440735,111
"112",2010,10,6.40217391304348,23,6.88636363636364,5.95833333333333,6.5,6.36111111111111,6.42857142857143,11,12,2,9,14,1879,1139,740,147,667,1212,7.09555558275679,7.72745952589991,6.12293586486487,6.31632653061225,7.19943028485757,7.03839021452145,112
"113",2010,11,6.58684210526316,38,8.01875,5.54545454545455,5.25,6.29230769230769,6.74,16,22,4,13,25,1917,1155,762,151,680,1237,7.08547153886281,7.73149471861472,6.10626317585302,6.28807947019868,7.18208823529412,7.03235969280517,113
"114",2010,12,6.51612903225806,31,6.7375,6.28,7,6.8,6.47407407407407,16,15,2,4,27,1948,1171,777,153,684,1264,7.07641116016427,7.71791323654996,6.10961716859717,6.29738562091503,7.17985380116959,7.02043428797468,114
"115",2011,1,7.12692307692308,26,7.78125,6.08,6.9,6.92857142857143,7.2,16,10,2,7,19,1974,1187,787,155,691,1283,7.07707646403242,7.71876697556866,6.1092408386277,6.30516129032258,7.17730824891462,7.02309348402182,115
"116",2011,2,6.42608695652174,23,7.18,5.84615384615385,7,6.83333333333333,6.16428571428571,10,13,2,9,14,1997,1197,800,157,700,1297,7.06957883825738,7.71426599832915,6.104965675,6.3140127388535,7.17288571428571,7.0138233924441,116
"117",2011,3,6.90740740740741,27,7.47222222222222,5.77777777777778,3,6.28571428571429,7.125,18,9,1,7,20,2024,1215,809,158,707,1317,7.06741548418972,7.71068016460905,6.10132576019778,6.29303797468355,7.1641018387553,7.01551172361427,117
"118",2011,4,7.29411764705882,17,8.04545454545454,5.91666666666667,6.625,6.875,7.42307692307692,11,6,4,4,13,2041,1226,815,162,711,1330,7.0693037432631,7.71368384991843,6.09996630674847,6.30123456790124,7.16247538677919,7.01949544360902,118
"119",2011,5,7.01875,16,8.63333333333333,6.05,6.5,8,6.87857142857143,6,10,4,2,14,2057,1232,825,166,713,1344,7.06891052017501,7.71816266233766,6.09936065454546,6.30602409638554,7.16482468443198,7.01802748511905,119
"120",2011,6,6.421875,16,8,5.19444444444444,4,6.91666666666667,6.30769230769231,7,9,2,3,13,2073,1239,834,168,716,1357,7.06391651712494,7.71975496368039,6.08959537170264,6.27857142857143,7.16378491620112,7.0112225055269,120
"121",2011,7,7.20588235294118,17,7.5625,6.88888888888889,8,7.08333333333333,7.27272727272727,8,9,2,6,11,2090,1247,843,170,722,1368,7.06507126315789,7.7187461106656,6.0981287544484,6.29882352941177,7.16311634349031,7.01332524853801,121
"122",2011,8,6.475,20,7.04166666666667,5.625,5.125,5.6,6.76666666666667,12,8,4,5,15,2110,1259,851,174,727,1383,7.05947817061611,7.71229261318507,6.09368101057579,6.27183908045977,7.1523658872077,7.01064999276934,122
"123",2011,9,6.95,22,7.175,6.82142857142857,6.66666666666667,6.83333333333333,6.96842105263158,8,14,6,3,19,2132,1267,865,180,730,1402,7.05834847091932,7.7089000789266,6.10545958381503,6.285,7.15105479452055,7.01007770328103,123
"124",2011,10,7.1875,24,7.72222222222222,5.58333333333333,7,6.9375,7.3125,18,6,1,8,16,2156,1285,871,181,738,1418,7.05978615027829,7.709086692607,6.10186284730195,6.28895027624309,7.14873983739837,7.01349008462623,124
"125",2011,11,7.1304347826087,23,7.83333333333333,6.36363636363636,6.625,7.78571428571429,6.84375,12,11,4,7,16,2179,1297,882,185,745,1434,7.06053186782928,7.71023623747108,6.10512759637188,6.29621621621622,7.15472483221477,7.01159619246862,125
"126",2011,12,7.14814814814815,27,8.08333333333333,6.4,6.75,7.125,7.15789473684211,12,15,4,8,19,2206,1309,897,189,753,1453,7.06160423390752,7.71365653170359,6.11005857302118,6.30582010582011,7.15440903054449,7.01350924982794,126
"127",2012,1,7.46071428571429,28,7.69047619047619,6.77142857142857,6.8,8.4,7.20454545454545,21,7,3,6,22,2234,1330,904,192,759,1475,7.06660650850492,7.71329052631579,6.11517980088496,6.31354166666667,7.16425559947299,7.01635860338983,127
"128",2012,2,6.58888888888889,18,8,5.17777777777778,4.75,6.4,6.66153846153846,9,9,4,5,13,2252,1339,913,196,764,1488,7.0627881616341,7.71521762509335,6.10593925520263,6.28163265306123,7.15925392670157,7.01325869623656,128
"129",2012,3,6.43181818181818,22,6.88181818181818,5.98181818181818,7,5.75,6.58333333333333,11,11,2,4,18,2274,1350,924,198,768,1506,7.05668379067722,7.70842696296296,6.10446162337662,6.28888888888889,7.1519140625,7.00812014608234,129
"130",2012,4,7.11538461538461,26,7.16666666666667,7.07142857142857,7.4,7.66666666666667,6.82352941176471,12,14,5,9,17,2300,1362,938,203,777,1523,7.05734736521739,7.70365374449339,6.11889396588486,6.31625615763547,7.15787644787645,7.00605971109652,130
"131",2012,5,6.88461538461539,26,7.46153846153846,6.30769230769231,6.75,7.57142857142857,6.63157894736842,13,13,4,7,19,2326,1375,951,207,784,1542,7.05541656921754,7.70136465454545,6.12147480546793,6.32463768115942,7.16156887755102,7.00144548638132,131
"132",2012,6,6.78235294117647,17,8.04285714285714,5.9,5,6.41666666666667,6.98181818181818,7,10,2,6,11,2343,1382,961,209,790,1553,7.05343531370038,7.70309435600579,6.11917017689906,6.31196172248804,7.15591139240506,7.00130646490663,132
"133",2012,7,6.55095238095238,21,7.77272727272727,5.207,4,6.14285714285714,6.755,11,10,3,7,14,2364,1393,971,212,797,1567,7.04897163282572,7.70364422110553,6.10977604531411,6.27924528301887,7.14701380175659,6.99910589661774,133
"134",2012,8,6.36363636363636,22,7.5,5.9375,6.625,5.58333333333333,6.65625,6,16,4,6,16,2386,1399,987,216,803,1583,7.04265253143336,7.70277083631165,6.10698332320162,6.28564814814815,7.1353300124533,6.99564051800379,134
"135",2012,9,6.47727272727273,22,7.75,4.95,4.875,6,6.61764705882353,12,10,4,5,17,2408,1411,997,220,808,1600,7.0374871013289,7.70317250177179,6.09537867602809,6.26,7.12830445544554,6.9916243375,135
"136",2012,10,7.228,25,7.94285714285714,6.31818181818182,6.875,7.4375,7.18809523809524,14,11,4,4,21,2433,1425,1008,224,812,1621,7.03944469379367,7.70552729824561,6.09781005952381,6.27098214285714,7.1298275862069,6.99416961135102,136
"137",2012,11,6.85,20,7.33333333333333,6.125,7,7.41666666666667,6.60714285714286,12,8,2,6,14,2453,1437,1016,226,818,1635,7.03790009783938,7.70241920668058,6.09802415354331,6.27743362831858,7.1319315403423,6.9908556207951,137
"138",2012,12,6.85714285714286,21,7.5,5.57142857142857,5,7,6.8,14,7,2,6,15,2474,1451,1023,228,824,1650,7.03636578011317,7.70046616126809,6.09442086021505,6.26622807017544,7.13097087378641,6.98912056969697,138
"139",2013,1,7.475,36,8.1,5.85,4.5,7.8,7.24285714285714,26,10,2,15,21,2510,1477,1033,230,839,1671,7.04265694820717,7.70749925524712,6.09205473378509,6.25086956521739,7.14293206197855,6.99230935966487,139
"140",2013,2,6.71212121212121,33,7.34615384615385,6.3,5.5,7.42857142857143,6.51923076923077,13,20,4,7,26,2543,1490,1053,234,846,1697,7.03836765237908,7.70434657718121,6.09600431149098,6.23803418803419,7.14529550827423,6.9850612492634,140
"141",2013,3,5.88461538461539,13,7.6,4.8125,2,3,6.40909090909091,5,8,1,2,11,2556,1495,1061,235,848,1708,7.03249958528951,7.70399759197324,6.08632661639962,6.22,7.13551886792453,6.98135183840749,141
"142",2013,4,6.40555555555556,18,7.5625,5.48,6.45,6.5,6.36923076923077,8,10,4,5,13,2574,1503,1071,239,853,1721,7.02811536130536,7.70324444444444,6.08066530345472,6.22384937238494,7.13179366940211,6.97672803021499,142
"143",2013,5,6.86666666666667,30,7.66071428571429,6.171875,5.90625,6.84375,6.875,14,16,8,8,22,2604,1517,1087,247,861,1743,7.02625535330261,7.70285194462755,6.08200785648574,6.21356275303644,7.12911730545877,6.97544402753872,143
"144",2013,6,7.24666666666667,15,7.45454545454545,6.675,NA,8,6.97272727272727,11,4,0,4,11,2619,1528,1091,247,865,1754,7.02751773195876,7.70106439790576,6.08418197983501,6.21356275303644,7.13314450867052,6.97542698973774,144
"145",2013,7,5.92307692307692,13,6.375,5.2,6.5,5.5,6.05,8,5,1,3,10,2632,1536,1096,248,868,1764,7.02206266717325,7.6941578125,6.08014830291971,6.21471774193548,7.1275,6.97018080498866,145
"146",2013,8,6.76190476190476,21,6.83333333333333,6.66666666666667,5.5,6.2,6.9375,12,9,2,5,16,2653,1548,1105,250,873,1780,7.02000336977007,7.68748475452196,6.08492537556561,6.209,7.12218785796105,6.96988704494382,146
"147",2013,9,6.75,16,7.875,5.625,9,5,7.33333333333333,8,8,1,4,12,2669,1556,1113,251,877,1792,7.0183847658299,7.68844884318766,6.08161953279425,6.22011952191235,7.11250855188141,6.97232083705357,147
"148",2013,10,6.525,12,6.64285714285714,6.36,6.36,7.45,6.0625,7,5,5,4,8,2681,1563,1118,256,881,1800,7.01617640432674,7.68376609085093,6.08286452593918,6.2228515625,7.11404086265607,6.96827718888889,148
"149",2013,11,7.1047619047619,21,7.75,5.81428571428571,6,7.5,6.98125,14,7,2,5,16,2702,1577,1125,258,886,1816,7.01686489267209,7.68435409004439,6.08119336888889,6.22112403100775,7.11621896162528,6.96839148678414,149
"150",2013,12,6.625,24,7.42857142857143,6.29411764705882,6.14285714285714,6.66666666666667,6.6,7,17,7,9,15,2726,1584,1142,265,895,1831,7.01341487160675,7.68322373737374,6.08436299474606,6.21905660377359,7.11169832402235,6.9653735335882,150
"151",2014,1,6.65217391304348,23,7.83333333333333,5.89285714285714,5.25,7.8,6.33333333333333,9,14,4,5,18,2749,1593,1156,269,900,1849,7.01039248453983,7.68407181418707,6.08204371972318,6.2046468401487,7.11552222222222,6.95922062736614,151
"152",2014,2,6.71875,24,7.34375,6.40625,6.5,7.7,6.46052631578947,8,16,4,5,19,2773,1601,1172,273,905,1868,7.00786835196538,7.68237126795753,6.0864697440273,6.20897435897436,7.11875138121547,6.95414825481799,152
"153",2014,3,7.14473684210526,19,7.01785714285714,7.5,8,7.58333333333333,7.0625,14,5,2,3,16,2792,1615,1177,275,908,1884,7.00879976361031,7.67661077399381,6.09247454545455,6.222,7.12028634361234,6.95506843949044,153
"154",2014,4,6.75,14,7.22727272727273,5,5,5.5,6.95833333333333,11,3,1,2,12,2806,1626,1180,276,910,1896,7.00750853171775,7.67357097170972,6.08969706779661,6.21757246376812,7.11672527472528,6.95508910337553,154
"155",2014,5,6,10,6.875,5.41666666666667,5,6.5,5.94444444444444,4,6,3,1,9,2816,1630,1186,279,911,1905,7.00393073153409,7.67161128834356,6.08629219224283,6.20448028673835,7.116048298573,6.95031440419947,155
"156",2014,6,6.58333333333333,9,6.9375,6.3,4.5,5.75,7.25,4,5,2,4,5,2825,1634,1191,281,915,1910,7.00259077522124,7.66981419828641,6.08718937027708,6.1923487544484,7.11007650273224,6.95109892146597,156
"157",2014,7,7.16363636363636,11,8.2,6.3,6.66666666666667,10,6.88,5,6,3,1,10,2836,1639,1197,284,916,1920,7.00321542313117,7.67143160463697,6.08825609022556,6.19735915492958,7.11323144104804,6.95072861458333,157
"158",2014,8,6.95833333333333,12,7.5,6.57142857142857,7,8.5,6.65,5,7,2,2,10,2848,1644,1204,286,918,1930,7.00302631320224,7.6709102189781,6.09106523255814,6.20297202797203,7.11625272331155,6.94917043523316,158
"159",2014,9,7.65625,8,7.53571428571429,8.5,NA,6.91666666666667,8.1,7,1,0,3,5,2856,1651,1205,286,921,1935,7.00485607142857,7.67033700787401,6.09306434854772,6.20297202797203,7.11560260586319,6.95214415503876,159
"160",2014,10,7.65384615384615,13,7.8125,7.4,6.66666666666667,7.83333333333333,7.6,8,5,3,3,10,2869,1659,1210,289,924,1945,7.00779677239456,7.67102254370102,6.09846490909091,6.20778546712803,7.1179329004329,6.95547503341902,160
"161",2014,11,6.46875,16,6.66666666666667,6.21428571428571,8,6.25,6.6,9,7,1,6,10,2885,1668,1217,290,930,1955,7.00480725823223,7.66560335731415,6.09913109285127,6.21396551724138,7.11233333333333,6.95365674680307,161
"162",2014,12,6.79761904761905,21,7.33333333333333,6.08333333333333,6.4375,6.41666666666667,6.95,12,9,4,6,15,2906,1680,1226,294,936,1970,7.00331002752925,7.66323,6.0990151223491,6.21700680272109,7.10787393162393,6.9536289035533,162
"163",2015,1,6.38823529411765,17,6.87142857142857,6.05,5.3,5.24,6.86666666666667,7,10,5,5,12,2923,1687,1236,299,941,1982,6.99973278823127,7.65994451689389,6.09861855987055,6.20167224080268,7.09794899043571,6.95310239152371,163
"164",2015,2,6.92352941176471,17,7.7,5.81428571428571,4.5,5.55,7.34615384615385,10,7,2,4,13,2940,1697,1243,301,945,1995,6.99929215646258,7.66018055391868,6.09701732904264,6.19036544850498,7.09139682539683,6.95566362907268,164
"165",2015,3,6.17230769230769,13,7.45666666666667,5.07142857142857,7.5,3.5,6.65818181818182,6,7,1,2,11,2953,1703,1250,302,947,2006,6.99565152048764,7.65946353493834,6.091274032,6.19470198675497,7.08381203801478,6.95403237288135,165
"166",2015,4,6.73,10,7.83333333333333,6.25714285714286,7,7.33333333333333,6.47142857142857,3,7,2,3,7,2963,1706,1257,304,950,2013,6.99475495781302,7.6597692848769,6.09219772474145,6.2,7.0846,6.95235416790859,166
"167",2015,5,6.28695652173913,23,7.375,5.1,4.5,7,6.08888888888889,12,11,2,5,18,2986,1718,1268,306,955,2031,6.9893030609511,7.65778020954598,6.08359033123028,6.18888888888889,7.08415706806283,6.94470159527326,167
"168",2015,6,6.27272727272727,11,7.33333333333333,5,NA,7.25,6.05555555555556,6,5,0,2,9,2997,1724,1273,306,957,2040,6.98667298631965,7.65665104408353,6.07933428122545,6.18888888888889,7.08450365726228,6.94077889215686,168
"169",2015,7,7.6,5,7.625,7.5,NA,7.5,7.625,4,1,0,1,4,3002,1728,1274,306,958,2044,6.98769451698867,7.65657777777778,6.08044940345369,6.18888888888889,7.08493736951983,6.94211787671233,169
"170",2015,8,5.91428571428571,14,7.08333333333333,5.0375,5.93333333333333,8.4,5.5,6,8,3,2,12,3016,1734,1282,309,960,2056,6.98271185013262,7.65459423298731,6.07394113884555,6.18640776699029,7.08767708333333,6.9337008463035,170
"171",2015,9,7.04583333333333,12,7.47142857142857,6.45,7.25,6.625,7.13,7,5,1,2,10,3028,1741,1287,310,962,2066,6.982962001321,7.6538577828834,6.07540212898213,6.18983870967742,7.08671517671518,6.93465098741529,171
"172",2015,10,7.5,6,8.25,6,NA,7,7.6,4,2,0,1,5,3034,1745,1289,310,963,2071,6.98398448912327,7.65522429799427,6.07528513576416,6.18983870967742,7.0866251298027,6.93625733462095,172
"173",2015,11,6.6,14,7.9,5.87777777777778,6.33333333333333,6.6,6.6,5,9,3,5,9,3048,1750,1298,313,968,2080,6.98222078083989,7.65592365714286,6.07391567026194,6.19121405750799,7.08411157024793,6.934802375,173
"174",2015,12,6.65625,16,7.9375,5.375,5.5,6.75,6.6,8,8,2,6,10,3064,1758,1306,315,974,2090,6.98051858355091,7.65720500568828,6.06963441041347,6.1868253968254,7.08205338809035,6.93320044976076,174
"175",2016,1,6.38095238095238,21,6.9,5.90909090909091,4,6.57142857142857,6.28571428571429,10,11,1,7,14,3085,1768,1317,316,981,2104,6.97643725769854,7.6529221719457,6.06829350037965,6.17990506329114,7.07840978593272,6.92889208174905,175
"176",2016,2,6.77272727272727,11,7.5,6.16666666666667,6.5,5,6.95,5,6,2,1,10,3096,1773,1323,318,982,2114,6.97571348191214,7.65249091934574,6.06873963718821,6.18191823899371,7.0762932790224,6.92899192999054,176
"177",2016,3,7.125,12,7,7.25,7.25,6.9,7.28571428571429,6,6,2,5,7,3108,1779,1329,320,987,2121,6.97628987773488,7.65029027543564,6.07407264108352,6.18859375,7.07540020263425,6.93016923149458,177
"178",2016,4,7.21428571428571,14,7.6,6.25,7,8,7.15384615384615,10,4,2,1,13,3122,1789,1333,322,988,2134,6.97735712363869,7.65000916713247,6.07460055513878,6.19363354037267,7.07633603238866,6.93153183692596,178
"179",2016,5,7.19444444444444,18,7.7,6.5625,NA,6.25,7.3125,10,8,0,2,16,3140,1799,1341,322,990,2150,6.9786015732484,7.6502870483602,6.07751121551081,6.19363354037267,7.07466666666667,6.93436694883721,179
"180",2016,6,7.4,10,7.33333333333333,7.5,NA,8,7,6,4,0,4,6,3150,1805,1345,322,994,2156,6.97993934603174,7.64923346260388,6.08174166542751,6.19363354037267,7.07839034205231,6.93454960111317,180
"181",2016,7,6.4,10,6.42857142857143,6.33333333333333,6,NA,6.4,7,3,2,0,10,3160,1812,1348,324,994,2166,6.97810409493671,7.6445178807947,6.08230158753709,6.19243827160494,7.07839034205231,6.93208168975069,181
"182",2016,8,6.125,16,6.66666666666667,5.42857142857143,6.5,6.5,6,9,7,3,4,12,3176,1821,1355,327,998,2178,6.97380634130982,7.63968500823723,6.07892438376384,6.19525993883792,7.07607214428858,6.92694625344352,182
"183",2016,9,5.97857142857143,14,7.3,3.6,7,5.33333333333333,6.15454545454545,9,5,1,3,11,3190,1830,1360,328,1001,2189,6.96943853918495,7.63801442622951,6.06981069117647,6.19771341463415,7.07084915084915,6.92306484239379,183
"184",2016,10,6.75,14,7,6.5625,6,7,6.68181818181818,6,8,3,3,11,3204,1836,1368,331,1004,2200,6.96847969413233,7.6359294117647,6.07269191520468,6.19592145015106,7.0706374501992,6.92185860909091,184
"185",2016,11,7.33333333333333,15,8,6.33333333333333,6,7.33333333333333,7.33333333333333,9,6,3,6,9,3219,1845,1374,334,1010,2209,6.97017985088537,7.63770536585366,6.07383008733624,6.19416167664671,7.07219801980198,6.92353505658669,185
"186",2016,12,6.15384615384615,13,8.375,5.16666666666667,NA,7.875,5.38888888888889,4,9,0,4,9,3232,1849,1383,334,1014,2218,6.96689633044554,7.63930037858302,6.06792663774403,6.19416167664671,7.07536489151874,6.91730790802525,186
"187",2017,1,6.78571428571429,21,7.75,5.90909090909091,6.33333333333333,7.5,6.71052631578947,10,11,3,2,19,3253,1859,1394,337,1016,2237,6.96572669535813,7.63989585798816,6.06667327116212,6.19540059347181,7.07620078740158,6.91555160482789,187
"188",2017,2,6.5,19,7.3125,5.90909090909091,6.625,5.875,6.66666666666667,8,11,4,4,15,3272,1867,1405,341,1020,2252,6.96302229217604,7.63849298339582,6.06543953024911,6.20043988269795,7.07149019607843,6.91389384547069,188
"189",2017,3,7.302,25,7.33333333333333,7.22142857142857,6.3875,6,7.55,18,7,4,4,21,3297,1885,1412,345,1024,2273,6.96559264179557,7.63557899204244,6.07117035410765,6.20260869565217,7.0673046875,6.91977076110867,189
"190",2017,4,7.17857142857143,14,7.7,6.88888888888889,6.5,7.75,7.08333333333333,5,9,2,2,12,3311,1890,1421,347,1026,2285,6.96649318634853,7.63574941798942,6.07634942997889,6.20432276657061,7.06863547758285,6.92062973304157,190
"191",2017,5,6.64285714285714,14,6.75,6.375,7.5,7.625,6.25,10,4,1,4,10,3325,1900,1425,348,1030,2295,6.96513050827067,7.63108757894737,6.07718774736842,6.20804597701149,7.07079611650485,6.91770759912854,191
"192",2017,6,7.27777777777778,9,7.58333333333333,6.66666666666667,5,8.25,7,6,3,1,2,7,3334,1906,1428,349,1032,2302,6.96597448710258,7.63093725078699,6.07842614845938,6.20458452722063,7.07308139534884,6.91795783666377,192
"193",2017,7,5.64285714285714,14,7.25,5,5,5.7,5.61111111111111,4,10,2,5,9,3348,1910,1438,351,1037,2311,6.96044173835125,7.63013947643979,6.0709266620306,6.1977207977208,7.06646094503375,6.9128684292514,193
"194",2017,8,7.44444444444444,9,8,5.5,10,6.875,7.9,7,2,1,4,5,3357,1917,1440,352,1041,2316,6.96173933273756,7.63149003651539,6.07013370833333,6.20852272727273,7.06572526416907,6.91499954231433,194
"195",2017,9,6.83333333333333,12,7.71428571428571,5.6,8,7,6.8,7,5,1,2,10,3369,1924,1445,353,1043,2326,6.96128196497477,7.63179126819127,6.06850694809688,6.21359773371105,7.06559923298178,6.91450513327601,195
"196",2017,10,7.4,10,8.8,6,6,9,7.22222222222222,5,5,1,1,9,3379,1929,1450,354,1044,2335,6.96258033145901,7.63481928460342,6.06827071724138,6.21299435028249,7.06745210727969,6.91569119486081,196
"197",2017,11,6.36363636363636,11,6.5625,5.83333333333333,NA,5.5,6.55555555555556,8,3,0,2,9,3390,1937,1453,354,1046,2344,6.96063685545723,7.63039050077439,6.06778564349621,6.21299435028249,7.06445506692161,6.9143084215017,197
"198",2017,12,7.15625,16,7.63636363636364,6.1,8.25,8.5,6.70833333333333,11,5,2,4,12,3406,1948,1458,356,1050,2356,6.96155576629477,7.63042422997947,6.06789611796982,6.22443820224719,7.06992380952381,6.91325931239389,198
"199",2018,1,5.93809523809524,21,6.75,4.85555555555556,7.7,7.8,5.5,12,9,1,4,17,3427,1960,1467,357,1054,2373,6.95528419608987,7.62503387755102,6.06045844580777,6.22857142857143,7.0726944971537,6.90313482511589,199
"200",2018,2,6.71083333333333,12,7,6.1325,7,7.33333333333333,6.50333333333333,8,4,1,3,9,3439,1968,1471,358,1057,2382,6.95443121256179,7.62249308943089,6.06065434398368,6.23072625698324,7.07343424787133,6.90162424013434,200
"201",2018,3,6.46111111111111,18,7.3,5.4125,4,6.5,6.45333333333333,10,8,2,3,15,3457,1978,1479,360,1060,2397,6.95186258027191,7.62086268958544,6.05714843813387,6.21833333333333,7.07181132075472,6.8988189153108,201
"202",2018,4,6.91666666666667,9,7.85,5.75,NA,8,6.375,5,4,0,3,6,3466,1983,1483,360,1063,2403,6.95177118869013,7.62144044377206,6.05631998651382,6.21833333333333,7.07443085606773,6.89751100291302,202
"203",2018,5,7.11111111111111,9,7.8,6.25,6,7.33333333333333,7,5,4,2,3,6,3475,1988,1487,362,1066,2409,6.9521838676259,7.62188953722334,6.05684098184263,6.2171270718232,7.07515947467167,6.89776626816106,203
"204",2018,6,8.4,5,9.33333333333333,7,6.5,6.5,8.875,3,2,1,1,4,3480,1991,1489,363,1067,2413,6.95426406321839,7.62446830738322,6.05810781732706,6.21790633608815,7.07462043111528,6.90104390385412,204
"205",2018,7,6,11,6.44444444444444,4,6,NA,6,9,2,1,0,11,3491,2000,1491,364,1067,2424,6.95125721569751,7.6191582,6.0553471093226,6.21730769230769,7.07462043111528,6.89695500825082,205
"206",2018,8,6.9375,8,7.5,6,NA,7,6.91666666666667,5,3,0,2,6,3499,2005,1494,364,1069,2430,6.95122576164618,7.61886104738154,6.05523597054886,6.21730769230769,7.07448082319925,6.89700367901234,206
"207",2018,9,7.4375,8,7.5,7.33333333333333,6.5,7,7.5,5,3,2,1,7,3507,2010,1497,366,1070,2437,6.95233502708868,7.61856537313433,6.05779728790915,6.21885245901639,7.07441121495327,6.89873571604431,207
"208",2018,10,7.046,10,7.992,6.1,5.875,9.5,6.77333333333333,5,5,4,1,9,3517,2015,1502,370,1071,2446,6.95260134773955,7.61949200992556,6.05793777629827,6.21513513513514,7.07667600373483,6.89827430089943,208
"209",2018,11,7.45454545454545,11,7.6,6,NA,6.75,7.85714285714286,10,1,0,4,7,3528,2025,1503,370,1075,2453,6.95416636621315,7.61939575308642,6.05789922821025,6.21513513513514,7.07546046511628,6.90101057480636,209
"210",2018,12,6.26555555555556,18,7.17538461538462,3.9,3,5.33333333333333,6.73166666666667,13,5,1,6,12,3546,2038,1508,371,1081,2465,6.95067087986463,7.6165634936212,6.05074438992042,6.20646900269542,7.06579093432007,6.90018618255578,210
"211",2019,1,6.90909090909091,11,7.75,4.66666666666667,5,8,6.5,8,3,1,3,8,3557,2046,1511,372,1084,2473,6.95054229406803,7.61708523949169,6.04799638649901,6.20322580645161,7.06837638376384,6.89889160533764,211
"212",2019,2,8,10,8.5,6,7,8.375,7.75,8,2,1,4,6,3567,2054,1513,373,1088,2479,6.95348442388562,7.62052405063291,6.04793294117647,6.20536193029491,7.07318014705882,6.90095156918112,212
"213",2019,3,7.76923076923077,13,7.66666666666667,8,NA,NA,7.76923076923077,9,4,0,0,13,3580,2063,1517,373,1088,2492,6.95644663128491,7.62072535142996,6.05308011865524,6.20536193029491,7.07318014705882,6.90548111556982,213
"214",2019,4,6.78571428571429,7,8,5.16666666666667,NA,6.5,6.9,4,3,0,2,5,3587,2067,1520,373,1090,2497,6.95611344856426,7.62145931301403,6.05133061842105,6.20536193029491,7.07212844036697,6.9054701401682,214
"215",2019,5,8.125,8,8.57142857142857,5,5,9,7.83333333333333,7,1,1,2,6,3595,2074,1521,374,1092,2503,6.95871458692628,7.62466557377049,6.05063940828402,6.20213903743316,7.07565934065934,6.90769434278865,215
"216",2019,6,7,3,6,7.5,7,NA,7,1,2,1,0,3,3598,2075,1523,375,1092,2506,6.95874901056142,7.62388260240964,6.05254270518713,6.20426666666667,7.07565934065934,6.9078048443735,216
"217",2019,7,6.63636363636364,11,7.08333333333333,6.1,9,7,6.55555555555556,6,5,1,2,9,3609,2081,1528,376,1094,2515,6.957766400665,7.62232407496396,6.0526979973822,6.21170212765957,7.075521023766,6.90654431013916,217
"218",2019,8,6.25,12,6.33333333333333,6,NA,7.5,6,9,3,0,2,10,3621,2090,1531,376,1096,2525,6.95542086164043,7.61677339712919,6.05259473546701,6.21170212765957,7.07629562043796,6.90295403564356,218
"219",2019,9,7.15384615384615,13,8.11111111111111,5,6,6.16666666666667,7.45,9,4,1,3,10,3634,2099,1535,377,1099,2535,6.95613069345074,7.61889299666508,6.04985181758958,6.21114058355438,7.07381255686988,6.90511200788954,219
"220",2019,10,7.15,10,7.7,6.6,6,6.66666666666667,7.35714285714286,5,5,1,3,7,3644,2104,1540,378,1102,2542,6.95666271679473,7.61908574144487,6.05163801298701,6.21058201058201,7.07270417422867,6.90635678206137,220
"221",2019,11,10,1,10,NA,NA,NA,10,1,0,0,0,1,3645,2105,1540,378,1102,2543,6.9574976515775,7.62021681710214,6.05163801298701,6.21058201058201,7.07270417422867,6.9075733149823,221
"222",2019,12,7.41,10,7.92857142857143,6.2,NA,7,7.82,7,3,0,5,5,3655,2112,1543,378,1107,2548,6.95873568809849,7.62123882575757,6.05192646791964,6.21058201058201,7.07237579042457,6.90936379120879,222
"223",2020,1,7.91666666666667,12,7.9,8,NA,8.33333333333333,7.77777777777778,10,2,0,3,9,3667,2122,1545,378,1110,2557,6.96187044995909,7.62255249764373,6.05444824595469,6.21058201058201,7.07578378378378,6.9124203910833,223
"224",2020,2,7.44444444444444,9,7.5,7,NA,7.75,7.2,8,1,0,4,5,3676,2130,1546,378,1114,2562,6.96305194232861,7.62209220657277,6.05505985769728,6.21058201058201,7.07820466786356,6.91298163153786,224
"225",2020,3,6.34,5,7.25,5.73333333333333,3,8,5.925,2,3,1,1,4,3681,2132,1549,379,1115,2566,6.96220563433849,7.62174315196998,6.05443675919948,6.20211081794195,7.07903139013453,6.91144151987529,225
"226",2020,4,7.11538461538461,13,8.25,5.3,5.25,5.5,7.83333333333333,8,5,2,4,9,3694,2140,1554,381,1119,2575,6.96274470492691,7.62409177570093,6.05200935649936,6.19711286089239,7.07338695263628,6.91466366601941,226
"227",2020,5,6.16666666666667,9,6.375,6,5.33333333333333,7.5,6,4,5,3,1,8,3703,2144,1559,384,1120,2583,6.96080986767485,7.62176138059701,6.05184255291854,6.19036458333333,7.07376785714286,6.91183079365079,227
"228",2020,6,6.85,8,8,5.7,6,6.75,6.88333333333333,4,4,1,2,6,3711,2148,1563,385,1122,2589,6.96057098895176,7.62246573556797,6.05094212412028,6.18987012987013,7.07319073083779,6.91176475086906,228
"229",2020,7,7.25,12,8.25,5.25,7,7,7.27272727272727,8,4,1,1,11,3723,2156,1567,386,1123,2600,6.96150387859253,7.62479424860853,6.04889760051053,6.1919689119171,7.07312555654497,6.9132919,229
"230",2020,8,6.74303,11,7.195555,6.2,5.5,NA,6.74303,6,5,2,0,11,3734,2162,1572,388,1123,2611,6.9608602758436,7.62360302035153,6.04937820610687,6.18840206185567,7.07312555654497,6.91257459594025,230
"231",2020,9,6.5,5,6.33333333333333,6.75,NA,7.25,6,3,2,0,2,3,3739,2165,1574,388,1125,2614,6.96024398769724,7.62181511778291,6.0502684498094,6.18840206185567,7.07344,6.91152726472838,231
"232",2020,10,6.16666666666667,6,7,5.75,5.5,NA,6.16666666666667,2,4,2,0,6,3745,2167,1578,390,1125,2620,6.95897256875834,7.62124122288879,6.0495073130545,6.18487179487179,7.07344,6.90982147709923,232
"233",2020,11,7.21428571428571,14,7.27272727272727,7,NA,8,6.9,11,3,0,4,10,3759,2178,1581,390,1129,2630,6.9599234557063,7.61948105142332,6.05131090449083,6.18487179487179,7.07672276350753,6.90978413307985,233
"234",2020,12,6.52727272727273,11,7.08888888888889,4,3,8.9,6,9,2,1,2,9,3770,2187,1583,391,1131,2639,6.95866107957559,7.61729754458162,6.04871922931143,6.176726342711,7.07994694960212,6.9066814209928,234
"235",2021,1,6.66666666666667,9,7.125,3,NA,5.5,7,8,1,0,2,7,3779,2195,1584,391,1133,2646,6.95796567081238,7.61550329384966,6.04679453282828,6.176726342711,7.07715798764342,6.90692829554044,235
"236",2021,2,6.75,13,6.775,6.66666666666667,NA,6.33333333333333,6.875,10,3,0,3,10,3792,2205,1587,391,1136,2656,6.95725270833333,7.61169148752834,6.04796631379962,6.176726342711,7.07519366197183,6.90680808358433,236
"237",2021,3,8.125,4,NA,8.125,7.75,8,8.16666666666667,0,4,2,1,3,3796,2205,1591,393,1137,2659,6.95848321127502,7.61169148752834,6.05318827152734,6.18473282442748,7.07600703605981,6.90822951109439,237
"238",2021,4,7.40888888888889,9,7.78,6.66666666666667,6,7.2,7.67,6,3,1,5,4,3805,2211,1594,394,1142,2663,6.95954855978975,7.61214822704658,6.05434287327478,6.18426395939086,7.07654991243433,6.90937374014269,238
"239",2021,5,6.88888888888889,9,6.5,7.66666666666667,8,6.5,7,6,3,1,2,7,3814,2217,1597,395,1144,2670,6.95938182223387,7.60913835363103,6.0573716593613,6.18886075949367,7.07554195804196,6.90961133707865,239
"240",2021,6,7.7125,8,8.6,6.23333333333333,NA,8.5,7.45,5,3,0,2,6,3822,2222,1600,395,1146,2676,6.96095820774463,7.61136801530153,6.0577015875,6.18886075949367,7.07802792321117,6.91082297085202,240
"241",2021,7,7.5,12,7.7,6.5,NA,6,7.8,10,2,0,2,10,3834,2232,1602,395,1148,2686,6.96264534950443,7.61176511200717,6.05825377028714,6.18886075949367,7.07614982578397,6.91413338421444,241
"242",2021,8,6.75,8,7.5,6.5,NA,6,7.2,2,6,0,3,5,3842,2234,1608,395,1151,2691,6.96220256897449,7.61166505371531,6.05990207711443,6.18886075949367,7.07334491746307,6.91466453734671,242
"243",2021,9,6.9,5,7.66666666666667,5.75,NA,7,6.875,3,2,0,1,4,3847,2237,1610,395,1152,2695,6.96212172342084,7.61173881537774,6.05951710559006,6.18886075949367,7.07328125,6.91460566604824,243
"244",2021,10,7.8,10,8,7,9,8.66666666666667,7.42857142857143,8,2,1,3,7,3857,2245,1612,396,1155,2702,6.96429408089188,7.61312237416481,6.06068395781638,6.1959595959596,7.07741991341991,6.91593718356773,244
"245",2021,11,7.57142857142857,7,8.4,5.5,NA,8.75,6,5,2,0,4,3,3864,2250,1614,396,1159,2705,6.96539396221532,7.61487099111111,6.05998918215613,6.1959595959596,7.08319240724763,6.91492135674676,245
"246",2021,12,7.14285714285714,7,8,6.5,8,NA,7.14285714285714,3,4,3,0,7,3871,2253,1618,399,1159,2712,6.96571487212606,7.61538381269419,6.06107697156984,6.20952380952381,7.08319240724763,6.91550968657817,246
"247",2022,1,7.37142857142857,14,7.65,7,6,8,7.26666666666667,8,6,2,2,12,3885,2261,1624,401,1161,2724,6.9671769034749,7.61550629367536,6.06454589901478,6.20847880299252,7.08477174849268,6.91705663362702,247
"248",2022,2,7.04545454545455,11,8.6,5.75,5.5,2.5,8.05555555555556,5,6,3,2,9,3896,2266,1630,404,1163,2733,6.96739791324435,7.61767860988526,6.06338806134969,6.20321782178218,7.07688736027515,6.92080580680571,248
"249",2022,3,7.18888888888889,9,6.95,7.66666666666667,8,8.56666666666667,6.5,6,3,2,3,6,3905,2272,1633,406,1166,2739,6.96790839180538,7.61591537411972,6.06633345988977,6.21206896551724,7.08072041166381,6.91988399780942,249
"250",2022,4,8.13888888888889,9,8.65625,4,NA,7,8.28125,8,1,0,1,8,3914,2280,1634,406,1167,2747,6.9706009887583,7.61956567105263,6.06506887392901,6.21206896551724,7.08065124250214,6.92384866035675,250
"251",2022,5,6.50142857142857,7,6.902,5.5,NA,6,6.585,5,2,0,1,6,3921,2285,1636,406,1168,2753,6.96976339454221,7.61799550547046,6.0643780806846,6.21206896551724,7.07972602739726,6.92311015982564,251
"252",2022,6,6.66666666666667,3,6,7,6,NA,6.66666666666667,1,2,1,0,3,3924,2286,1638,407,1168,2756,6.96953166921508,7.61728772090989,6.06552047619048,6.21154791154791,7.07972602739726,6.92283101233672,252
"253",2022,7,8.2,5,10,5.5,7,NA,8.2,3,2,1,0,5,3929,2289,1640,408,1168,2761,6.97109754899465,7.62041054172127,6.06483081707317,6.21348039215686,7.07972602739726,6.92514388627309,253
"254",2022,8,7.66666666666667,6,7,8.33333333333333,NA,7,7.8,3,3,0,1,5,3935,2292,1643,408,1169,2766,6.97215813722998,7.61959848603839,6.06897293974437,6.21348039215686,7.07965782720274,6.92672533261026,254
