"","year","month","avg_rating","no_ratings","avg_rating_owned","avg_rating_not_owned","avg_rating_prev_owned","avg_rating_comment","avg_rating_no_comment","no_ratings_owned","no_ratings_not_owned","no_ratings_prev_owned","no_ratings_comment","no_ratings_no_comment","cum_no_ratings","cum_no_ratings_owned","cum_no_ratings_not_owned","cum_no_ratings_prev_owned","cum_no_ratings_comment","cum_no_ratings_no_comment","cum_avg_rating","cum_avg_rating_owned","cum_avg_rating_not_owned","cum_avg_rating_prev_owned","cum_avg_rating_comment","cum_avg_rating_no_comment","month_after_release"
"1",2001,6,6.8,5,6.75,7,NA,8,6.5,4,1,0,1,4,5,4,1,0,1,4,6.8,6.75,7,NA,8,6.5,0
"2",2001,7,7.5,2,7.5,NA,NA,NA,7.5,2,0,0,0,2,7,6,1,0,1,6,7,7,7,NA,8,6.83333333333333,1
"3",2001,8,8,3,8,8,NA,NA,8,1,2,0,0,3,10,7,3,0,1,9,7.3,7.14285714285714,7.66666666666667,NA,8,7.22222222222222,2
"4",2001,9,8,3,8,NA,NA,7,8.5,3,0,0,1,2,13,10,3,0,2,11,7.46153846153846,7.4,7.66666666666667,NA,7.5,7.45454545454545,3
"5",2001,10,7,4,7,NA,NA,6,8,4,0,0,2,2,17,14,3,0,4,13,7.35294117647059,7.28571428571429,7.66666666666667,NA,6.75,7.53846153846154,4
"6",2001,11,6.5,2,6.5,NA,NA,8,5,2,0,0,1,1,19,16,3,0,5,14,7.26315789473684,7.1875,7.66666666666667,NA,7,7.35714285714286,5
"7",2002,1,6.66666666666667,3,7,6,NA,NA,6.66666666666667,2,1,0,0,3,22,18,4,0,5,17,7.18181818181818,7.16666666666667,7.25,NA,7,7.23529411764706,7
"8",2002,3,7.25,4,7.25,NA,NA,NA,7.25,4,0,0,0,4,26,22,4,0,5,21,7.19230769230769,7.18181818181818,7.25,NA,7,7.23809523809524,9
"9",2002,4,6,1,NA,6,NA,NA,6,0,1,0,0,1,27,22,5,0,5,22,7.14814814814815,7.18181818181818,7,NA,7,7.18181818181818,10
"10",2002,5,5,1,5,NA,NA,NA,5,1,0,0,0,1,28,23,5,0,5,23,7.07142857142857,7.08695652173913,7,NA,7,7.08695652173913,11
"11",2002,6,7.5,2,7.5,NA,NA,NA,7.5,2,0,0,0,2,30,25,5,0,5,25,7.1,7.12,7,NA,7,7.12,12
"12",2002,7,6,1,NA,6,NA,NA,6,0,1,0,0,1,31,25,6,0,5,26,7.06451612903226,7.12,6.83333333333333,NA,7,7.07692307692308,13
"13",2002,8,7.28571428571429,7,7.28571428571429,NA,NA,NA,7.28571428571429,7,0,0,0,7,38,32,6,0,5,33,7.10526315789474,7.15625,6.83333333333333,NA,7,7.12121212121212,14
"14",2002,9,7.5,2,7.5,NA,NA,9,6,2,0,0,1,1,40,34,6,0,6,34,7.125,7.17647058823529,6.83333333333333,NA,7.33333333333333,7.08823529411765,15
"15",2002,10,7.66666666666667,3,7.66666666666667,NA,NA,NA,7.66666666666667,3,0,0,0,3,43,37,6,0,6,37,7.16279069767442,7.21621621621622,6.83333333333333,NA,7.33333333333333,7.13513513513514,16
"16",2002,11,7.25,4,7.33333333333333,7,7,7,7.5,3,1,1,2,2,47,40,7,1,8,39,7.17021276595745,7.225,6.85714285714286,7,7.25,7.15384615384615,17
"17",2002,12,7.71428571428571,7,8,7,8,7.66666666666667,7.75,5,2,1,3,4,54,45,9,2,11,43,7.24074074074074,7.31111111111111,6.88888888888889,7.5,7.36363636363636,7.2093023255814,18
"18",2003,1,7.08333333333333,6,7.125,7,NA,7.125,7,4,2,0,4,2,60,49,11,2,15,45,7.225,7.29591836734694,6.90909090909091,7.5,7.3,7.2,19
"19",2003,2,6.83333333333333,3,7,6.5,NA,7,6.75,2,1,0,1,2,63,51,12,2,16,47,7.20634920634921,7.2843137254902,6.875,7.5,7.28125,7.18085106382979,20
"20",2003,3,7,3,7,7,NA,8,6.5,2,1,0,1,2,66,53,13,2,17,49,7.1969696969697,7.27358490566038,6.88461538461539,7.5,7.32352941176471,7.1530612244898,21
"21",2003,4,7.28571428571429,7,7,9,NA,8,7,6,1,0,2,5,73,59,14,2,19,54,7.20547945205479,7.24576271186441,7.03571428571429,7.5,7.39473684210526,7.13888888888889,22
"22",2003,5,5,2,5,NA,NA,7,3,2,0,0,1,1,75,61,14,2,20,55,7.14666666666667,7.17213114754098,7.03571428571429,7.5,7.375,7.06363636363636,23
"23",2003,6,6.875,4,7,6.83333333333333,NA,NA,6.875,1,3,0,0,4,79,62,17,2,20,59,7.13291139240506,7.16935483870968,7,7.5,7.375,7.05084745762712,24
"24",2003,7,7.15217391304348,23,7.3,6.875,7,6.5,7.21428571428571,15,8,1,2,21,102,77,25,3,22,80,7.13725490196078,7.19480519480519,6.96,7.33333333333333,7.29545454545455,7.09375,25
"25",2003,8,7,14,7.42857142857143,6.57142857142857,6,6.75,7.1,7,7,3,4,10,116,84,32,6,26,90,7.12068965517241,7.21428571428571,6.875,6.66666666666667,7.21153846153846,7.09444444444444,26
"26",2003,9,7.5,5,7.5,7.5,7.5,8.25,7,4,1,1,2,3,121,88,33,7,28,93,7.13636363636364,7.22727272727273,6.89393939393939,6.78571428571429,7.28571428571429,7.09139784946237,27
"27",2003,10,7.6,5,8,7,8,7,7.75,3,2,1,1,4,126,91,35,8,29,97,7.15476190476191,7.25274725274725,6.9,6.9375,7.27586206896552,7.11855670103093,28
"28",2003,11,8,1,NA,8,NA,NA,8,0,1,0,0,1,127,91,36,8,29,98,7.16141732283465,7.25274725274725,6.93055555555556,6.9375,7.27586206896552,7.12755102040816,29
"29",2003,12,6.25,2,NA,6.25,NA,NA,6.25,0,2,0,0,2,129,91,38,8,29,100,7.14728682170543,7.25274725274725,6.89473684210526,6.9375,7.27586206896552,7.11,30
"30",2004,1,7.5,8,7.66666666666667,7,NA,7.8,7,6,2,0,5,3,137,97,40,8,34,103,7.16788321167883,7.27835051546392,6.9,6.9375,7.35294117647059,7.10679611650485,31
"31",2004,2,7.5,4,7.66666666666667,7,NA,8,7.33333333333333,3,1,0,1,3,141,100,41,8,35,106,7.17730496453901,7.29,6.90243902439024,6.9375,7.37142857142857,7.11320754716981,32
"32",2004,3,9.21428571428571,7,9.25,9,NA,9.5,9,6,1,0,3,4,148,106,42,8,38,110,7.27364864864865,7.40094339622642,6.95238095238095,6.9375,7.53947368421053,7.18181818181818,33
"33",2004,4,7.16666666666667,6,7.5,6.5,NA,7.25,7,4,2,0,4,2,154,110,44,8,42,112,7.26948051948052,7.40454545454545,6.93181818181818,6.9375,7.51190476190476,7.17857142857143,34
"34",2004,5,8,1,NA,8,NA,8,NA,0,1,0,1,0,155,110,45,8,43,112,7.2741935483871,7.40454545454545,6.95555555555556,6.9375,7.52325581395349,7.17857142857143,35
"35",2004,6,7.6,5,7.75,7,NA,9,7.25,4,1,0,1,4,160,114,46,8,44,116,7.284375,7.41666666666667,6.95652173913043,6.9375,7.55681818181818,7.18103448275862,36
"36",2004,7,7.7,5,7.5,8.5,NA,7.75,7.66666666666667,4,1,0,2,3,165,118,47,8,46,119,7.2969696969697,7.41949152542373,6.98936170212766,6.9375,7.56521739130435,7.19327731092437,37
"37",2004,8,8.08333333333333,6,8.1,8,NA,8.5,7.66666666666667,5,1,0,3,3,171,123,48,8,49,122,7.32456140350877,7.44715447154472,7.01041666666667,6.9375,7.62244897959184,7.20491803278689,38
"38",2004,9,7.36363636363636,11,7.72222222222222,5.75,NA,7.2,7.5,9,2,0,5,6,182,132,50,8,54,128,7.32692307692308,7.46590909090909,6.96,6.9375,7.58333333333333,7.21875,39
"39",2004,10,7.33653846153846,26,7.56578947368421,6.71428571428571,7,7.65277777777778,6.625,19,7,1,18,8,208,151,57,9,72,136,7.328125,7.47847682119205,6.92982456140351,6.94444444444444,7.60069444444444,7.18382352941176,40
"40",2004,11,7.43620689655172,29,7.53421052631579,7.25,7.25,7.92916666666667,7.08823529411765,19,10,2,12,17,237,170,67,11,84,153,7.34135021097046,7.48470588235294,6.97761194029851,7,7.64761904761905,7.17320261437909,41
"41",2004,12,7.24,25,7.625,6.55555555555556,NA,7.08333333333333,7.38461538461539,16,9,0,12,13,262,186,76,11,96,166,7.33167938931298,7.49677419354839,6.92763157894737,7,7.57708333333333,7.18975903614458,42
"42",2005,1,7.40384615384615,26,7.65789473684211,6.71428571428571,6,7.58333333333333,7.25,19,7,1,12,14,288,205,83,12,108,180,7.33819444444444,7.51170731707317,6.90963855421687,6.91666666666667,7.57777777777778,7.19444444444444,43
"43",2005,2,7.26666666666667,30,7.625,6.55,7.16666666666667,7.35714285714286,7.1875,20,10,3,14,16,318,225,93,15,122,196,7.3314465408805,7.52177777777778,6.87096774193548,6.96666666666667,7.55245901639344,7.19387755102041,44
"44",2005,3,7.15625,32,7.58695652173913,6.05555555555556,NA,7.03333333333333,7.26470588235294,23,9,0,15,17,350,248,102,15,137,213,7.31542857142857,7.52782258064516,6.79901960784314,6.96666666666667,7.49562043795621,7.19953051643192,45
"45",2005,4,7.26,25,7.53571428571429,6.90909090909091,7.33333333333333,8,7.075,14,11,3,5,20,375,262,113,18,142,233,7.31173333333333,7.52824427480916,6.80973451327434,7.02777777777778,7.51338028169014,7.18884120171674,46
"46",2005,5,7.08695652173913,23,7.61764705882353,5.58333333333333,NA,7.40909090909091,6.79166666666667,17,6,0,11,12,398,279,119,18,153,245,7.29874371859296,7.5336917562724,6.74789915966387,7.02777777777778,7.50588235294118,7.16938775510204,47
"47",2005,6,7,28,7.375,6.5,7,7,7,16,12,3,15,13,426,295,131,21,168,258,7.27910798122066,7.52508474576271,6.72519083969466,7.02380952380952,7.46071428571429,7.16085271317829,48
"48",2005,7,7.25555555555556,18,7.7875,3,NA,7.2625,7.25,16,2,0,8,10,444,311,133,21,176,268,7.27815315315315,7.53858520900322,6.66917293233083,7.02380952380952,7.45170454545455,7.16417910447761,49
"49",2005,8,7.39714285714286,35,7.4448275862069,7.16666666666667,7.5,7.43888888888889,7.35294117647059,29,6,2,18,17,479,340,139,23,194,285,7.28684759916493,7.53058823529412,6.69064748201439,7.06521739130435,7.45051546391753,7.17543859649123,50
"50",2005,9,7.42173913043478,23,7.61333333333333,7.0625,7.125,7.52222222222222,7.35714285714286,15,8,4,9,14,502,355,147,27,203,299,7.29302788844621,7.53408450704225,6.7108843537415,7.07407407407407,7.45369458128079,7.18394648829431,51
"51",2005,10,7,31,7.04761904761905,6.9,7,7,7,21,10,2,16,15,533,376,157,29,219,314,7.27598499061914,7.50691489361702,6.72292993630573,7.06896551724138,7.42054794520548,7.17515923566879,52
"52",2005,11,6.89166666666667,24,7.20714285714286,6.45,6.5,7.02666666666667,6.66666666666667,14,10,2,15,9,557,390,167,31,234,323,7.25942549371634,7.49615384615385,6.7065868263473,7.03225806451613,7.39529914529915,7.1609907120743,53
"53",2005,12,7.32926829268293,41,7.76315789473684,6.95454545454545,6.91666666666667,7.275,7.38095238095238,19,22,6,20,21,598,409,189,37,254,344,7.26421404682274,7.50855745721271,6.73544973544974,7.01351351351351,7.38582677165354,7.17441860465116,54
"54",2006,1,7.14047619047619,42,7.42758620689655,6.5,6.625,7.05,7.20833333333333,29,13,4,18,24,640,438,202,41,272,368,7.25609375,7.50319634703196,6.72029702970297,6.97560975609756,7.36360294117647,7.17663043478261,55
"55",2006,2,7.09615384615385,26,7.3,6.41666666666667,NA,6.85,7.25,20,6,0,10,16,666,458,208,41,282,384,7.24984984984985,7.4943231441048,6.71153846153846,6.97560975609756,7.34539007092199,7.1796875,56
"56",2006,3,7.04411764705882,34,7.25,6.375,4,7.5,6.68421052631579,26,8,1,15,19,700,484,216,42,297,403,7.23985714285714,7.48119834710744,6.69907407407407,6.90476190476191,7.35319865319866,7.15632754342432,57
"57",2006,4,6.98695652173913,23,6.92352941176471,7.16666666666667,7,7.125,6.67142857142857,17,6,2,16,7,723,501,222,44,313,410,7.23181189488243,7.4622754491018,6.71171171171171,6.90909090909091,7.34153354632588,7.1480487804878,58
"58",2006,5,7.3,19,7.44666666666667,6.75,NA,7.02857142857143,7.45833333333333,15,4,0,7,12,742,516,226,44,320,422,7.23355795148248,7.46182170542636,6.71238938053097,6.90909090909091,7.3346875,7.15687203791469,59
"59",2006,6,7.009375,32,7.36666666666667,5.9375,NA,6.15,7.4,24,8,0,10,22,774,540,234,44,330,444,7.22428940568475,7.45759259259259,6.68589743589744,6.90909090909091,7.29878787878788,7.16891891891892,60
"60",2006,7,7.06,35,7.40476190476191,6.54285714285714,7.3,7.04166666666667,7.0695652173913,21,14,5,12,23,809,561,248,49,342,467,7.21718170580964,7.45561497326203,6.67782258064516,6.94897959183673,7.28976608187135,7.16402569593148,61
"61",2006,8,6.73913043478261,23,7.5,5,6,6.22222222222222,7.07142857142857,16,7,1,9,14,832,577,255,50,351,481,7.20396634615385,7.45684575389948,6.63176470588235,6.93,7.26239316239316,7.16133056133056,62
"62",2006,9,7.06571428571429,35,7.212,6.7,7.33333333333333,6.92352941176471,7.2,25,10,3,17,18,867,602,265,53,368,499,7.19838523644752,7.44667774086379,6.63433962264151,6.95283018867925,7.24673913043478,7.1627254509018,63
"63",2006,10,6.9027027027027,37,7.35,6.37647058823529,7,6.625,7.036,20,17,2,12,25,904,622,282,55,380,524,7.18628318584071,7.4435691318328,6.61879432624113,6.95454545454545,7.2271052631579,7.15667938931298,64
"64",2006,11,6.81714285714286,35,6.87777777777778,6.75294117647059,7,6.90769230769231,6.76363636363636,18,17,2,13,22,939,640,299,57,393,546,7.17252396166134,7.42765625,6.62642140468227,6.95614035087719,7.21653944020356,7.14084249084249,65
"65",2006,12,7.08709677419355,31,7.18260869565217,6.8125,7,7.4,7.02692307692308,23,8,1,5,26,970,663,307,58,398,572,7.16979381443299,7.41915535444947,6.63127035830619,6.95689655172414,7.21884422110553,7.13566433566434,66
"66",2007,1,6.81,50,7.28125,5.97222222222222,5.6,6.90909090909091,6.73214285714286,32,18,5,22,28,1020,695,325,63,420,600,7.1521568627451,7.41280575539568,6.59476923076923,6.84920634920635,7.20261904761905,7.11683333333333,67
"67",2007,2,6.861479,40,7.19545454545455,6.45328666666667,7.5,7.11111111111111,6.65723454545455,22,18,4,18,22,1060,717,343,67,438,622,7.14118788679245,7.40613668061367,6.58734448979592,6.88805970149254,7.19885844748859,7.10057742765273,68
"68",2007,3,7.15806451612903,31,7.16190476190476,7.15,8,6.98,7.24285714285714,21,10,1,10,21,1091,738,353,68,448,643,7.1416674243813,7.39918699186992,6.60328373937677,6.90441176470588,7.19397321428572,7.10522419906688,69
"69",2007,4,7.13529411764706,34,7.35555555555556,6.28571428571429,7,7,7.19166666666667,27,7,1,10,24,1125,765,360,69,458,667,7.14147480888889,7.39764705882353,6.59710877777778,6.90579710144928,7.18973799126638,7.10833457271365,70
"70",2007,5,6.97826086956522,46,7.02,6.92857142857143,6.9,6.38461538461539,7.21212121212121,25,21,5,13,33,1171,790,381,74,471,700,7.13506333048676,7.38569620253165,6.61537837270341,6.90540540540541,7.16751592356688,7.11322737142857,71
"71",2007,6,7.06666666666667,39,7.37931034482759,6.16,6.5,7.57692307692308,6.81153846153846,29,10,2,13,26,1210,819,391,76,484,726,7.13285880991736,7.38547008547009,6.60373186700767,6.89473684210526,7.17851239669422,7.10242308539945,72
"72",2007,7,6.74878048780488,41,7.09166666666667,6.26470588235294,7.16666666666667,6.66666666666667,6.81304347826087,24,17,3,18,23,1251,843,408,79,502,749,7.12027111111111,7.37710557532622,6.58960578431373,6.90506329113924,7.1601593625498,7.09353692923899,73
"73",2007,8,7.0258064516129,31,6.995,7.08181818181818,7.25,7.07777777777778,6.95384615384615,20,11,4,18,13,1282,863,419,83,520,762,7.11798686427457,7.36825028968714,6.60252782816229,6.92168674698795,7.15730769230769,7.09115375328084,74
"74",2007,9,7.14545454545455,33,7.125,7.17692307692308,7,7.57142857142857,6.83157894736842,20,13,3,14,19,1315,883,432,86,534,781,7.11867616730038,7.36274065685164,6.61981287037037,6.92441860465116,7.16816479400749,7.08483887323944,75
"75",2007,10,6.9955,40,7.36608695652174,6.49411764705882,6.6,7.03,6.97692307692308,23,17,5,14,26,1355,906,449,91,548,807,7.1150399704797,7.36282560706402,6.61505380846325,6.90659340659341,7.16463503649635,7.08136203221809,76
"76",2007,11,7.01458333333333,48,7.38064516129032,6.34705882352941,6.7,7.28260869565217,6.768,31,17,4,23,25,1403,937,466,95,571,832,7.11160310762651,7.3634151547492,6.60527716738198,6.8978947368421,7.16938704028021,7.07194610576923,77
"77",2007,12,7.17833333333333,60,7.66666666666667,6.58148148148148,6.55555555555556,7.26666666666667,7.09,33,27,9,30,30,1463,970,493,104,601,862,7.11433982228298,7.37373195876289,6.60397395537525,6.86826923076923,7.17424292845258,7.07257443155452,78
"78",2008,1,6.88627450980392,51,7.32352941176471,6.01176470588235,5.83333333333333,6.75,6.98965517241379,34,17,6,22,29,1514,1004,510,110,623,891,7.10665730515192,7.37203187250996,6.58423364705882,6.81181818181818,7.15926163723917,7.06987560044893,79
"79",2008,2,6.9468085106383,47,7.28571428571429,6.44736842105263,6.16666666666667,7.05263157894737,6.875,28,19,6,19,28,1561,1032,529,116,642,919,7.10184443305573,7.36968992248062,6.57931788279773,6.77844827586207,7.15610591900312,7.06393815016322,80
"80",2008,3,6.80581395348837,43,7.18035714285714,6.10666666666667,5.75,6.8,6.80892857142857,28,15,4,15,28,1604,1060,544,120,657,947,7.09390845386534,7.36468867924528,6.56628522058824,6.74416666666667,7.14797564687976,7.05639826821542,81
"81",2008,4,7.36829268292683,41,7.625,7.00588235294118,6.875,7.26842105263158,7.45454545454545,24,17,4,19,22,1645,1084,561,124,676,969,7.10074720972644,7.3704520295203,6.57960634581105,6.74838709677419,7.15136094674556,7.06543772961816,82
"82",2008,5,6.915,40,7.29473684210526,6.57142857142857,7,6.89130434782609,6.94705882352941,19,21,6,23,17,1685,1103,582,130,699,986,7.09633778041543,7.36914777878513,6.57931127147766,6.76,7.14280400572246,7.06339671399594,83
"83",2008,6,6.5995,34,6.89095833333333,5.9,6.5,6.52553333333333,6.65789473684211,24,10,2,15,19,1719,1127,592,132,714,1005,7.08651085514834,7.35896450754215,6.56783641891892,6.75606060606061,7.12983613445378,7.05573050746269,84
"84",2008,7,7.02304347826087,46,7.28583333333333,6.73636363636364,6.78,7.10761904761905,6.952,24,22,15,21,25,1765,1151,614,147,735,1030,7.08485674787535,7.35743961772372,6.5738748534202,6.75850340136054,7.12920136054422,7.05321277669903,85
"85",2008,8,6.81132075471698,53,7.08333333333333,6.58620689655172,6.42307692307692,6.82352941176471,6.80555555555556,24,29,13,17,36,1818,1175,643,160,752,1066,7.07688237623762,7.35184085106383,6.57443104199067,6.73125,7.12229122340426,7.04484911819887,86
"86",2008,9,6.86041666666667,48,6.97727272727273,6.76153846153846,6.38461538461539,6.97222222222222,6.79333333333333,22,26,13,18,30,1866,1197,669,173,770,1096,7.07131412647374,7.34495655806182,6.58170278026906,6.70520231213873,7.11878311688312,7.0379645620438,87
"87",2008,10,6.59318181818182,44,6.8952380952381,6.31739130434783,6.35833333333333,6.42941176470588,6.6962962962963,21,23,12,17,27,1910,1218,692,185,787,1123,7.06029956020942,7.33720279146141,6.57291786127168,6.6827027027027,7.10389199491741,7.02974991985753,88
"88",2008,11,6.93898305084746,59,7.34666666666667,6.51724137931035,6.7,7.41176470588235,6.74761904761905,30,29,15,17,42,1969,1248,721,200,804,1165,7.05666437785678,7.33743028846154,6.57067844660194,6.684,7.11040174129353,7.01957867811159,89
"89",2008,12,6.783,50,7.18620689655172,6.22619047619048,6.82142857142857,7.25,6.68048780487805,29,21,7,9,41,2019,1277,742,207,813,1206,7.04988715205547,7.33399608457322,6.56092878706199,6.68864734299517,7.1119471094711,7.00805071310116,90
"90",2009,1,6.91,75,7.29166666666667,6.42424242424242,6.3,7.12931034482759,6.77173913043478,42,33,20,29,46,2094,1319,775,227,842,1252,7.04487686723973,7.33264821834723,6.55510859354839,6.65440528634361,7.11254513064133,6.99936833865815,91
"91",2009,2,6.82673267326733,101,7.01,6.55853658536585,6.34285714285714,7.025,6.76493506493506,60,41,7,24,77,2195,1379,816,234,866,1329,7.03483925284738,7.318609862219,6.55528083333333,6.64508547008547,7.11011893764434,6.98578567343868,92
"92",2009,3,6.4328125,64,6.98333333333333,5.94705882352941,5.56666666666667,6.20588235294118,6.51489361702128,30,34,15,17,47,2259,1409,850,249,883,1376,7.01778316069057,7.31147125621008,6.53095195294118,6.58012048192771,7.0927100792752,6.9697014244186,93
"93",2009,4,7.01964285714286,56,7.43,6.54615384615385,6.83333333333333,7.33125,6.895,30,26,6,16,40,2315,1439,876,255,899,1416,7.01782814686825,7.31394232105629,6.53140315068493,6.58607843137255,7.09695550611791,6.96759121468927,94
"94",2009,5,6.68684210526316,57,6.95625,6.342,5.95833333333333,6.7125,6.67682926829268,32,25,12,16,41,2372,1471,901,267,915,1457,7.00987443507589,7.30616111488783,6.52614779134295,6.55786516853933,7.09023278688525,6.95940916952642,95
"95",2009,6,6.74081632653061,49,7.04761904761905,6.51071428571429,6.64285714285714,7.1,6.61111111111111,21,28,7,13,36,2421,1492,929,274,928,1493,7.00442881453945,7.30252211796247,6.52568262648009,6.56003649635037,7.09036961206897,6.95101082384461,96
"96",2009,7,6.55901639344262,61,7.0537037037037,6.16617647058824,6.01666666666667,6.43571428571429,6.62375,27,34,15,21,40,2482,1519,963,289,949,1533,6.99348193392425,7.29809940750494,6.51298978193146,6.5318339100346,7.07588303477345,6.94247172863666,97
"97",2009,8,6.65037735849057,53,7,6.4209375,6.49428571428571,6.43055555555556,6.76342857142857,21,32,14,18,35,2535,1540,995,303,967,1568,6.9863085443787,7.29403441558442,6.51002930653266,6.53009900990099,7.06387073422958,6.93847522959184,98
"98",2009,9,6.6948275862069,58,7.03125,6.28076923076923,6.30714285714286,6.65555555555556,6.7125,32,26,14,18,40,2593,1572,1021,317,985,1608,6.97978872348631,7.28868511450382,6.50419114593536,6.5202523659306,7.05640913705584,6.93285395522388,99
"99",2009,10,6.2844262295082,61,6.65,6.06315789473684,6.12307692307692,5.96,6.50972222222222,23,38,13,25,36,2654,1595,1059,330,1010,1644,6.96380639035418,7.27947523510972,6.48836559017941,6.50460606060606,7.02927029702971,6.92358829683698,100
"100",2009,11,6.76206896551724,58,7.04285714285714,6.5,6.39285714285714,6.86363636363636,6.7,28,30,14,22,36,2712,1623,1089,344,1032,1680,6.95949194690265,7.27539309919902,6.48868609733701,6.50005813953488,7.02573934108527,6.91879711904762,101
"101",2009,12,6.6212962962963,54,6.94037037037037,6.30222222222222,6.08181818181818,6.41875,6.70657894736842,27,27,11,16,38,2766,1650,1116,355,1048,1718,6.95288942877802,7.26991090909091,6.48417487455197,6.4870985915493,7.01647232824428,6.91410311990687,102
"102",2010,1,6.79932432432432,74,7.03783783783784,6.56081081081081,6.59230769230769,6.69117647058824,6.83157894736842,37,37,13,17,57,2840,1687,1153,368,1065,1775,6.94888808450704,7.26482098399526,6.48663413703382,6.4908152173913,7.01127981220657,6.91145304788732,103
"103",2010,2,6.6265306122449,49,6.92916666666667,6.336,6.36363636363636,6.91,6.55384615384615,24,25,11,10,39,2889,1711,1178,379,1075,1814,6.94342061613015,7.26011279953244,6.48343731748727,6.48712401055409,7.01033767441861,6.90376469680265,104
"104",2010,3,6.909,50,7.56818181818182,6.39107142857143,6.06818181818182,6.97222222222222,6.89512195121951,22,28,11,9,41,2939,1733,1206,390,1084,1855,6.94283503232392,7.26402365839585,6.48129283582089,6.47530769230769,7.01002121771218,6.90357367115903,105
"105",2010,4,7,32,7.51666666666667,6.54411764705882,6.33333333333333,6.90833333333333,7.02115384615385,15,17,3,6,26,2971,1748,1223,393,1090,1881,6.94345074385729,7.26619164759725,6.48216611610793,6.47422391857506,7.00946146788991,6.9051989154705,106
"106",2010,5,6.87592592592593,27,7.05454545454545,6.753125,6.83333333333333,7.09375,6.78421052631579,11,16,6,8,19,2998,1759,1239,399,1098,1900,6.94284261507672,7.26486810687891,6.48566518159806,6.47962406015038,7.01007559198543,6.90398903157895,107
"107",2010,6,6.44333333333333,30,6.73888888888889,6,5.83333333333333,6.33333333333333,6.45555555555556,18,12,3,3,27,3028,1777,1251,402,1101,1927,6.93789371202114,7.25954023635341,6.48100652278177,6.47480099502488,7.00823160762943,6.89770584327971,108
"108",2010,7,6.88214285714286,28,6.94736842105263,6.74444444444444,7,7.375,6.685,19,9,3,8,20,3056,1796,1260,405,1109,1947,6.93738290575916,7.25623775055679,6.48288822222222,6.47869135802469,7.0108773669973,6.89552088341038,109
"109",2010,8,6.97142857142857,42,7.5125,6.25,6.5,6.70833333333333,7.07666666666667,24,18,9,12,30,3098,1820,1278,414,1121,1977,6.93784446739832,7.25961703296703,6.47960810641627,6.47915458937198,7.00763871543265,6.89826968133536,110
"110",2010,9,6.31904761904762,42,6.70588235294118,6.056,5.57142857142857,5.95,6.434375,17,25,7,10,32,3140,1837,1303,421,1131,2009,6.92956756687898,7.25449265106151,6.47148055257099,6.46406175771971,6.99828735632184,6.8908806172225,111
"111",2010,10,6.63068181818182,44,6.95434782608696,6.27619047619048,5.6,6.46428571428571,6.70833333333333,23,21,5,14,30,3184,1860,1324,426,1145,2039,6.92543723618091,7.2507811827957,6.46838305135951,6.45392018779343,6.99175807860262,6.88819478175576,112
"112",2010,11,6.505,50,7.048,5.962,6.1875,6.3125,6.59558823529412,25,25,8,16,34,3234,1885,1349,434,1161,2073,6.91893696969697,7.24809177718833,6.45899863602668,6.44900921658986,6.9823970714901,6.88339563917028,113
"113",2010,12,6.84655172413793,58,7.24137931034483,6.45172413793103,6.6,7.325,6.77,29,29,10,8,50,3292,1914,1378,444,1169,2123,6.91766165249089,7.24799007314525,6.45884554426705,6.45240990990991,6.98474165953807,6.88072499293453,114
"114",2011,1,6.69446428571429,56,7.01392857142857,6.375,6.6,6.98333333333333,6.58878048780488,28,28,10,15,41,3348,1942,1406,454,1184,2164,6.91392836320191,7.24461534500515,6.45717578947368,6.45566079295154,6.98472381756757,6.87519369685767,115
"115",2011,2,6.45348837209302,43,6.79565217391304,6.06,5.66666666666667,6.56153846153846,6.40666666666667,23,20,6,13,30,3391,1965,1426,460,1197,2194,6.90808969625479,7.23936030534351,6.45160530154278,6.44536956521739,6.98012781954887,6.86878721969006,116
"116",2011,3,6.51195652173913,46,7.152,5.75,5.5625,7.15,6.28676470588235,25,21,8,12,34,3437,1990,1447,468,1209,2228,6.90278794297352,7.23826281407035,6.44142305459571,6.43027777777778,6.98181389578164,6.85990536804309,117
"117",2011,4,6.71331111111111,45,7.07083333333333,6.30471428571429,5.7,6.85,6.68375675675676,24,21,5,8,37,3482,2014,1468,473,1217,2265,6.90033921883975,7.2362676266137,6.43946741144414,6.42255813953488,6.98094741166803,6.85702788520971,118
"118",2011,5,6.53205128205128,39,6.95526315789474,6.13,6.16666666666667,6,6.6484375,19,20,6,7,32,3521,2033,1488,479,1224,2297,6.89625991479693,7.23364141662568,6.4353079032258,6.41935281837161,6.97533741830065,6.85412196778407,119
"119",2011,6,6.90625,32,7.34782608695652,5.77777777777778,5.5,6.72222222222222,6.97826086956522,23,9,2,9,23,3553,2056,1497,481,1233,2320,6.8963498902336,7.23491877431907,6.43135481629926,6.41553014553015,6.9734898621249,6.85535265517241,120
"120",2011,7,6.66,25,7.44444444444444,6.21875,6.125,6.6875,6.64705882352941,9,16,4,8,17,3578,2065,1513,485,1241,2337,6.89469847959754,7.23583196125908,6.42910651685393,6.41313402061856,6.97164625302176,6.85383746683783,121
"121",2011,8,6.668,50,7.012,6.324,6.36666666666667,6.52222222222222,6.7,25,25,6,9,41,3628,2090,1538,491,1250,2378,6.89157418963616,7.23315454545455,6.42739802340702,6.41256619144603,6.9684104,6.85118509671993,122
"122",2011,9,6.78,30,6.93571428571429,6.64375,5.6,5.85,7.0125,14,16,5,6,24,3658,2104,1554,496,1256,2402,6.8906591470749,7.23117538022814,6.42962558558558,6.404375,6.96306767515923,6.85279690258118,123
"123",2011,10,6.86219512195122,41,7.14772727272727,6.53157894736842,6.43333333333333,6.99545454545455,6.81333333333333,22,19,6,11,30,3699,2126,1573,502,1267,2432,6.89034364963504,7.23031185324553,6.43085706293706,6.40472111553785,6.96334885556433,6.85231009868421,124
"124",2011,11,6.42545454545455,55,6.71428571428571,6.12592592592593,5.77777777777778,6.6875,6.38085106382979,28,27,9,8,47,3754,2154,1600,511,1275,2479,6.88353254128929,7.22360399257196,6.42571135,6.39367906066536,6.96161803921569,6.84337158531666,125
"125",2011,12,6.60444444444444,45,7.112,5.97,6.125,6.84615384615385,6.50625,25,20,12,13,32,3799,2179,1620,523,1288,2511,6.88022668070545,7.22232354290959,6.42008528395062,6.38751434034417,6.96045263975155,6.83907533253684,126
"126",2012,1,6.83333333333333,60,7.1,6.37272727272727,5.94444444444444,7.01333333333333,6.77333333333333,38,22,9,15,45,3859,2217,1642,532,1303,2556,6.87949757968386,7.22022688317546,6.41945076735688,6.38001879699248,6.96106139677667,6.8379179029734,127
"127",2012,2,6.68139534883721,43,6.96818181818182,6.38095238095238,6,6.75,6.66060606060606,22,21,11,10,33,3902,2239,1663,543,1313,2589,6.8773144951307,7.21775033497097,6.41896461815995,6.37232044198895,6.95945392231531,6.8356578447277,128
"128",2012,3,6.84659090909091,44,7.1195652173913,6.54761904761905,6.3,6.41428571428571,6.92837837837838,23,21,10,7,37,3946,2262,1684,553,1320,2626,6.87697191079574,7.21675198938992,6.42056897862233,6.37101265822785,6.95656287878788,6.83696426504189,129
"129",2012,4,6.64528301886792,53,6.67333333333333,6.60869565217391,6.7,6.3,6.7575,30,23,5,13,40,3999,2292,1707,558,1333,2666,6.87390126531633,7.20963917975567,6.4231037844171,6.3739605734767,6.95015978994749,6.83577200300075,130
"130",2012,5,6.97394736842105,38,7.3525,6.55333333333333,6.45555555555556,7.02142857142857,6.96322580645161,20,18,9,7,31,4037,2312,1725,567,1340,2697,6.87484299232103,7.210875,6.42446270144927,6.3752557319224,6.95053208955224,6.83723698924731,131
"131",2012,6,6.18421052631579,19,7.21428571428571,5.58333333333333,5.2,6.5,6.1,7,12,5,4,15,4056,2319,1737,572,1344,2712,6.87160778106509,7.21088529538594,6.41865179044329,6.36498251748252,6.9491912202381,6.83315935103245,132
"132",2012,7,6.53260869565217,23,7.02272727272727,6.08333333333333,7,6.675,6.50263157894737,11,12,1,4,19,4079,2330,1749,573,1348,2731,6.86969628830596,7.20999699570815,6.41635114922813,6.3660907504363,6.94837759643917,6.83085981691688,133
"133",2012,8,6.56388888888889,36,7.06875,6.16,6.41666666666667,6.40769230769231,6.65217391304348,16,20,6,13,23,4115,2346,1769,579,1361,2754,6.86702093803159,7.2090336743393,6.41345288863765,6.36661485319516,6.94321307861866,6.82936752360203,134
"134",2012,9,6.76129032258065,31,7.355,5.68181818181818,6.66666666666667,7.375,6.54782608695652,20,11,3,8,23,4146,2366,1780,582,1369,2777,6.86623038109021,7.21026754015215,6.4089315505618,6.36816151202749,6.94573630387144,6.82703570759813,135
"135",2012,10,6.79275862068966,29,7.06666666666667,6.49928571428571,6.83333333333333,6.37777777777778,6.9795,15,14,3,9,20,4175,2381,1794,585,1378,2797,6.86572003832335,7.20936287274254,6.40963665551839,6.37054700854701,6.94202685050798,6.82812590632821,136
"136",2012,11,6.51625,40,6.826,6,6.2,7.08333333333333,6.27321428571429,25,15,5,12,28,4215,2406,1809,590,1390,2825,6.86240359667853,7.20537946799667,6.40624,6.36910169491525,6.94324676258993,6.82262589734513,137
"137",2012,12,6.84473684210526,38,7.11818181818182,6.46875,6.5,7,6.80967741935484,22,16,6,7,31,4253,2428,1825,596,1397,2856,6.86224574653186,7.20458937397034,6.40678803287671,6.37041946308725,6.94353113815319,6.82248535014006,138
"138",2013,1,6.49642857142857,56,6.65,6.36333333333333,5.64,6.2,6.59523809523809,26,30,10,14,42,4309,2454,1855,606,1411,2898,6.85749156648874,7.19871352893235,6.40608526145552,6.35836633663366,6.93615379163714,6.81919191166322,139
"139",2013,2,6.46,20,6.73,6.19,6,6.7,6.26363636363636,10,10,2,9,11,4329,2464,1865,608,1420,2909,6.85565515361515,7.19681128246753,6.40492662734584,6.3571875,6.93465704225352,6.81709115159849,140
"140",2013,3,6.75339393939394,33,7.022625,6.5,6.66666666666667,6.98466666666667,6.66666666666667,16,17,9,9,24,4362,2480,1882,617,1429,2933,6.8548815130674,7.1956875,6.4057854197662,6.3617017828201,6.93497200839748,6.81586026593931,141
"141",2013,4,6.36206896551724,29,6.66666666666667,5.86363636363636,4.5,6.7,6.29166666666667,18,11,2,5,24,4391,2498,1893,619,1434,2957,6.85162677294466,7.19187550040032,6.40263505546751,6.35568659127625,6.93415271966527,6.81160573554278,142
"142",2013,5,6.82413793103448,29,6.93529411764706,6.66666666666667,6.2,6.51428571428571,6.92272727272727,17,12,5,7,22,4420,2515,1905,624,1441,2979,6.85144641628959,7.19014115308151,6.40429824671916,6.3544391025641,6.93211311589174,6.81242637126553,143
"143",2013,6,6.74285714285714,28,7.31428571428571,6.17142857142857,6.5,7.85,6.55833333333333,14,14,3,4,24,4448,2529,1919,627,1445,3003,6.85076285071943,7.19082839066825,6.40259935383012,6.3551355661882,6.93465397923875,6.81039565767566,144
"144",2013,7,6.39047619047619,21,6.88461538461539,5.5875,5.4,6.9,6.30555555555556,13,8,3,3,18,4469,2542,1927,630,1448,3021,6.84859994629671,7.18926239181747,6.39921544369486,6.3505873015873,6.93458218232044,6.80738767295598,145
"145",2013,8,6.74516129032258,31,7.125,6.05454545454545,6.1,6.5,6.88,20,11,6,11,20,4500,2562,1938,636,1459,3041,6.84788736888889,7.18876073380172,6.3972591124871,6.34822327044025,6.93130568882796,6.80786522854324,146
"146",2013,9,6.80769230769231,26,7.14705882352941,6.16666666666667,6.5,6.20833333333333,6.9875,17,9,4,6,20,4526,2579,1947,640,1465,3061,6.84765646486964,7.18848584722761,6.39619319979455,6.349171875,6.92834470989761,6.80903892845475,147
"147",2013,10,6.54615384615385,26,7.05,6.11428571428571,6.75,7.12,6.40952380952381,12,14,2,5,21,4552,2591,1961,642,1470,3082,6.84593434973638,7.18784446159784,6.39418060173381,6.35042056074766,6.92899659863945,6.8063167293965,148
"148",2013,11,6.70571428571429,35,6.95833333333333,6.43823529411765,6.5,6.66666666666667,6.71923076923077,18,17,4,9,26,4587,2609,1978,646,1479,3108,6.84486443427077,7.18626101954772,6.39455923154702,6.351346749226,6.92740027045301,6.80558821106821,149
"149",2013,12,6.5,35,7.17647058823529,5.86111111111111,5,7.08333333333333,6.37931034482759,17,18,5,6,29,4622,2626,1996,651,1485,3137,6.84225295543055,7.18619763899467,6.38974857715431,6.34096774193548,6.9280303030303,6.80164748485814,150
"150",2014,1,6.46944444444444,36,6.7725,6.090625,6.04166666666667,6.96428571428571,6.35,20,16,6,7,29,4658,2646,2012,657,1492,3166,6.83937165306999,7.18307067271353,6.38736986083499,6.33823439878234,6.92820040214477,6.79751047378396,151
"151",2014,2,6.61836734693878,49,6.91071428571429,6.22857142857143,6.21428571428571,6.5,6.66571428571429,28,21,7,14,35,4707,2674,2033,664,1506,3201,6.83707099213937,7.18021877337322,6.38572954254796,6.33692771084337,6.9242197875166,6.79606940331147,152
"152",2014,3,6.34615384615385,26,6.54166666666667,6.17857142857143,6.375,6.83333333333333,6.28260869565217,12,14,4,3,23,4733,2686,2047,668,1509,3224,6.83437421508557,7.17736597170514,6.3843127308256,6.33715568862275,6.92403909874089,6.79240637717122,153
"153",2014,4,6.85740740740741,27,7.20666666666667,6.42083333333333,6.125,6.625,6.89782608695652,15,12,4,4,23,4760,2701,2059,672,1513,3247,6.83450486554622,7.17752869307664,6.3845255755221,6.33589285714285,6.9232485128883,6.79315311364336,154
"154",2014,5,6.67592592592593,27,7.25,6.05769230769231,5.91666666666667,6.6875,6.67105263157895,14,13,6,8,19,4787,2715,2072,678,1521,3266,6.83361043659912,7.17790239410681,6.38247498069498,6.33218289085545,6.92200854700855,6.79244279240661,155
"155",2014,6,6.84655172413793,29,7.29210526315789,6,5.5,6.875,6.83913043478261,19,10,2,6,23,4816,2734,2082,680,1527,3289,6.83368836378738,7.17869604974396,6.38063792507204,6.32973529411764,6.92182383759004,6.79276927941624,156
"156",2014,7,6.42884615384615,26,6.54411764705882,6.21111111111111,5.625,6.7,6.36428571428571,17,9,4,5,21,4842,2751,2091,684,1532,3310,6.83151448988022,7.17477462740821,6.37990825442372,6.32561403508772,6.9210998694517,6.79005080362538,157
"157",2014,8,6.84413793103448,29,7.77692307692308,6.08625,6.5,7.375,6.7592,13,16,2,4,25,4871,2764,2107,686,1536,3335,6.83158964483679,7.17760672937771,6.37767829140958,6.32612244897959,6.92228190104167,6.78981953823089,158
"158",2014,9,6.448,25,6.63636363636364,6.3,6,6.5,6.43809523809524,11,14,4,4,21,4896,2775,2121,690,1540,3356,6.82963095588236,7.17546126126126,6.37716556341348,6.32423188405797,6.92118506493506,6.78761864123957,159
"159",2014,10,6.55285714285714,35,7.12368421052632,5.875,6,6.54545454545455,6.55625,19,16,6,11,24,4931,2794,2137,696,1551,3380,6.82766642871629,7.17510916249105,6.37340578380908,6.32143678160919,6.91852030947776,6.78597578698225,160
"160",2014,11,6.5593023255814,43,7.21428571428571,5.93409090909091,5.33333333333333,6.38461538461539,6.635,21,22,9,13,30,4974,2815,2159,705,1564,3410,6.82534643345396,7.17540142095914,6.36892920796665,6.30882269503546,6.91408248081841,6.7846475542522,161
"161",2014,12,6.41184210526316,38,6.6804347826087,6,6.5,6.95,6.21964285714286,23,15,7,10,28,5012,2838,2174,712,1574,3438,6.82221132482043,7.17139006342495,6.36638369825207,6.31070224719101,6.91431067344346,6.7800460034904,162
"162",2015,1,6.72045454545455,44,6.97333333333333,6.17857142857143,5.33333333333333,6.77777777777778,6.70571428571429,30,14,3,9,35,5056,2868,2188,715,1583,3473,6.82132578322785,7.16931834030683,6.36518197440585,6.3066013986014,6.91353442830069,6.7792969075727,163
"163",2015,2,6.64285714285714,21,7.27272727272727,5.95,6,7.35714285714286,6.28571428571429,11,10,3,7,14,5077,2879,2198,718,1590,3487,6.82058758321844,7.16971344216742,6.36329306642402,6.30532033426184,6.91548742138365,6.7773152165185,164
"164",2015,3,6.70833333333333,36,7.10833333333333,5.90833333333333,5.94444444444444,7.08181818181818,6.544,24,12,9,11,25,5113,2903,2210,727,1601,3512,6.81979721494231,7.16920599379952,6.36082269683258,6.30085281980743,6.91663023110556,6.77565437357631,165
"165",2015,4,6.68125,32,6.92307692307692,6.51578947368421,6.85714285714286,6.42857142857143,6.752,13,19,7,7,25,5145,2916,2229,734,1608,3537,6.81893550242955,7.16810871056241,6.36214363391655,6.30615803814714,6.91450559701492,6.77548718122703,166
"166",2015,5,6.78703703703704,27,7.02941176470588,6.375,6.9,6.92857142857143,6.7375,17,10,3,7,20,5172,2933,2239,737,1615,3557,6.81876897911833,7.16730480736447,6.36220105404198,6.30857530529172,6.91456656346749,6.77527359010402,167
"167",2015,6,6.66,25,6.875,6.55882352941176,6.3125,6.75,6.63157894736842,8,17,8,6,19,5197,2941,2256,745,1621,3576,6.81800522609198,7.16650969058143,6.36368269503546,6.30861744966443,6.91395743368291,6.77451011185682,168
"168",2015,7,6.66071428571429,28,6.91666666666667,6.2,6.625,7.05,6.44444444444444,18,10,4,10,18,5225,2959,2266,749,1631,3594,6.81716232727273,7.16498986143967,6.36296035304501,6.31030707610147,6.91479153893317,6.77285702838063,169
"169",2015,8,6.35606060606061,33,7.01315789473684,5.46428571428571,5.25,5.75,6.49074074074074,19,14,4,6,27,5258,2978,2280,753,1637,3621,6.81426838341575,7.16402115513767,6.3574421754386,6.30467463479415,6.91052229688454,6.77075342723005,170
"170",2015,9,7.02777777777778,18,7.25,6.58333333333333,6.75,7.25,6.96428571428571,12,6,2,4,14,5276,2990,2286,755,1641,3635,6.81499680818802,7.16436622073578,6.3580350656168,6.30585430463576,6.91134978671542,6.77149880605227,171
"171",2015,10,6.88095238095238,21,7.32142857142857,6,6.33333333333333,7.625,6.42307692307692,14,7,3,8,13,5297,3004,2293,758,1649,3648,6.81525828959789,7.1650982023968,6.35694206716092,6.30596306068601,6.91481200727714,6.77025717105263,172
"172",2015,11,6.45,34,6.79705882352941,6.10294117647059,6.42,5.62142857142857,6.66481481481481,17,17,5,7,27,5331,3021,2310,763,1656,3675,6.81292874882762,7.16302714333002,6.3550727965368,6.30671035386632,6.90934480676328,6.76948249251701,173
"173",2015,12,6.95151515151515,33,7.4,6.57777777777778,6.7,6.6875,7.036,15,18,7,8,25,5364,3036,2328,770,1664,3700,6.813781349739,7.16419795783926,6.35679474226804,6.31028571428571,6.90827824519231,6.77128328648649,174
"174",2016,1,6.87368421052632,38,7.26666666666667,6.38823529411765,6.55555555555556,6.77272727272727,6.91481481481481,21,17,9,11,27,5402,3057,2345,779,1675,3727,6.81420273232137,7.16490186457311,6.35702266950959,6.31311938382542,6.90738805970149,6.77232309095788,175
"175",2016,2,6.34615384615385,26,6.61764705882353,5.83333333333333,5.5,6.81818181818182,6,17,9,3,11,15,5428,3074,2354,782,1686,3742,6.81196078850406,7.1618754066363,6.35502045879354,6.31,6.90680604982206,6.7692271940139,176
"176",2016,3,6.57470588235294,17,7.0025,6.19444444444444,4.66666666666667,6.004,6.8125,8,9,3,5,12,5445,3082,2363,785,1691,3754,6.81122004775023,7.16146171317326,6.3544088700804,6.30371974522293,6.90413660555884,6.76936551944593,177
"177",2016,4,6.998125,32,7.30555555555556,6.60285714285714,6.49142857142857,6.5,7.09037037037037,18,14,7,5,27,5477,3100,2377,792,1696,3781,6.81231206134746,7.16229838709677,6.35587217501052,6.30537878787879,6.90294516509434,6.77165780481354,178
"178",2016,5,6.65227272727273,22,6.88636363636364,6.41818181818182,5.575,6,6.79722222222222,11,11,4,4,18,5499,3111,2388,796,1700,3799,6.81167178759775,7.16132272581163,6.3561591959799,6.30170854271357,6.90082058823529,6.77177893129771,179
"179",2016,6,6.45833333333333,24,6.73333333333333,6,6.25,6.6,6.42105263157895,15,9,4,5,19,5523,3126,2397,800,1705,3818,6.81013636791599,7.15926903390915,6.35482192740926,6.30145,6.89993841642229,6.77003356731273,180
"180",2016,7,6.9032,25,7.39285714285714,6.28,NA,7.53333333333333,6.70421052631579,14,11,0,6,19,5548,3140,2408,800,1711,3837,6.81055572458544,7.16031050955414,6.35448013289036,6.30145,6.90215955581531,6.76970762574928,181
"181",2016,8,6.35185185185185,27,6.9375,5.5,4.75,5.71428571428571,6.575,16,11,4,7,20,5575,3156,2419,804,1718,3857,6.80833419910314,7.1591809252218,6.35059452666391,6.29373134328358,6.89731955762514,6.76869799325901,182
"182",2016,9,6.34166666666667,24,7.37,5.60714285714286,5.75,6.9,6.26190476190476,10,14,6,3,21,5599,3166,2433,810,1721,3878,6.80633383818539,7.1598468098547,6.34631654747225,6.2897037037037,6.89732423009878,6.7659536255802,183
"183",2016,10,6.39814814814815,27,6.70833333333333,5.77777777777778,5.4,6.5,6.39,18,9,5,2,25,5626,3184,2442,815,1723,3903,6.80437489512976,7.1572942839196,6.34422119574119,6.284245398773,6.89686302959954,6.76354551883167,184
"184",2016,11,6.70967741935484,31,7.36363636363636,6.35,6.5,6.83333333333333,6.68,11,20,11,6,25,5657,3195,2462,826,1729,3928,6.80385595898887,7.15800469483568,6.3442681397238,6.28711864406779,6.89664256795836,6.76301378818737,185
"185",2016,12,6.30357142857143,28,6.9375,5.45833333333333,5.5,6.125,6.33333333333333,16,12,1,4,24,5685,3211,2474,827,1733,3952,6.80139193667546,7.15690594830271,6.33997096200485,6.2861668681983,6.8948615118292,6.76040439271255,186
"186",2017,1,6.66388888888889,36,7.27222222222222,6.05555555555556,6.33333333333333,6.6,6.6741935483871,18,18,6,5,31,5721,3229,2492,833,1738,3983,6.80052668414613,7.15754877671105,6.33791659711075,6.28650660264105,6.89401323360184,6.75973340697966,187
"187",2017,2,6.46666666666667,27,6.68235294117647,6.1,5.75,6.9,6.39130434782609,17,10,2,4,23,5748,3246,2502,835,1742,4006,6.79895844815588,7.15506007393715,6.33696569144684,6.28522155688623,6.8940269804822,6.75761811283075,188
"188",2017,3,6.33793103448276,29,6.85294117647059,5.60833333333333,5.66666666666667,5.625,6.60952380952381,17,12,6,8,21,5777,3263,2514,841,1750,4027,6.79664413363338,7.15348605577689,6.3334877326969,6.28080856123662,6.88822571428571,6.75684583064316,189
"189",2017,4,6.59523809523809,21,7,6.29166666666667,6.16666666666667,7.1,6.4375,9,12,6,5,16,5798,3272,2526,847,1755,4043,6.79591465332874,7.15306387530562,6.33328905779889,6.28,6.88882905982906,6.75558203314371,190
"190",2017,5,6.825,30,7.34722222222222,6.04166666666667,5.83333333333333,5.89285714285714,7.10869565217391,18,12,3,7,23,5828,3290,2538,850,1762,4066,6.79606437199726,7.15412613981763,6.3319102285264,6.27842352941176,6.88487230419977,6.75757947860305,191
"191",2017,6,7.02631578947368,19,7.15384615384615,6.75,7,7.14285714285714,6.95833333333333,13,6,1,7,12,5847,3303,2544,851,1769,4078,6.79681258081067,7.15412503784438,6.33289628930817,6.2792714453584,6.88589315997739,6.75817022069642,192
"192",2017,7,6.5,19,6.85,6.11111111111111,6,6.5,6.5,10,9,2,4,15,5866,3313,2553,853,1773,4093,6.79585120354586,7.15320706308482,6.33211443791617,6.27861664712778,6.8850225606317,6.75722408013682,193
"193",2017,8,6.25805555555556,36,6.893125,5.75,5.75,6.679,6.09615384615385,16,20,8,10,26,5902,3329,2573,861,1783,4119,6.79257085055913,7.1519570441574,6.32758964632724,6.2737049941928,6.8838670779585,6.75305126487011,194
"194",2017,9,6.91041666666667,24,7.42647058823529,5.65714285714286,5.65,6.78571428571429,6.96176470588235,17,7,4,7,17,5926,3346,2580,865,1790,4136,6.7930481201485,7.15335176329946,6.32577060465116,6.27082080924855,6.88348324022346,6.75390912959381,195
"195",2017,10,6.71481481481482,27,6.93888888888889,6.26666666666667,5.5,6.33333333333333,6.82380952380952,18,9,2,6,21,5953,3364,2589,867,1796,4157,6.79269329077776,7.15220422116528,6.32556514484357,6.26904267589389,6.88164532293987,6.75426224681261,196
"196",2017,11,6.70739130434783,23,7.25384615384615,5.997,NA,7.32833333333333,6.48823529411765,13,10,0,6,17,5976,3377,2599,867,1802,4174,6.79236498661312,7.15259549896358,6.32430094651789,6.26904267589389,6.88313263041066,6.75317876377575,197
"197",2017,12,6.73071428571429,28,6.86,6.64705882352941,6.2,7.15,6.61636363636364,11,17,5,6,22,6004,3388,2616,872,1808,4196,6.79207747501666,7.15164551357733,6.32639837920489,6.26864678899082,6.88401825221239,6.75246142993327,198
"198",2018,1,6.95558823529412,34,7.12,6.49888888888889,6.875,7,6.94407407407407,25,9,4,7,27,6038,3413,2625,876,1815,4223,6.79299820470355,7.15141371227659,6.32698977523809,6.27141552511415,6.88446556473829,6.75368651669429,199
"199",2018,2,6.33461538461538,26,6.625,5.87,5.65,7,6.21363636363636,16,10,6,4,22,6064,3429,2635,882,1819,4245,6.79103284300792,7.14895742198892,6.3252554686907,6.26718820861678,6.88471962616822,6.75088767020024,200
"200",2018,3,6.95604588235294,34,7.200278,6.60714285714286,6.16666666666667,7.66666666666667,6.80377,20,14,6,6,28,6098,3449,2649,888,1825,4273,6.79195288947196,7.14925501884604,6.32674524726312,6.26650900900901,6.8872904109589,6.75123419611514,201
"201",2018,4,7.00285714285714,35,7.26315789473684,6.69375,6.51428571428571,7.35,6.93103448275862,19,16,7,6,29,6133,3468,2665,895,1831,4302,6.79315648459155,7.14987905420992,6.32894865290806,6.2684469273743,6.88880666302567,6.75244623895863,202
"202",2018,5,6.38888888888889,18,6.88888888888889,5.88888888888889,6.5,6.66666666666667,6.33333333333333,9,9,2,3,15,6151,3477,2674,897,1834,4317,6.79197345472281,7.14920349726776,6.32746752430815,6.26896321070234,6.88844329334787,6.75098997451934,203
"203",2018,6,6.15625,16,6.35714285714286,6,6,NA,6.15625,7,9,2,0,16,6167,3484,2683,899,1834,4333,6.79032409923788,7.14761210103329,6.32636904957137,6.26836484983315,6.88844329334787,6.74879384260328,204
"204",2018,7,6.65714285714286,21,6.91428571428571,6.14285714285714,6.5,5,6.74,14,7,2,1,20,6188,3498,2690,901,1835,4353,6.78987212669683,7.14667826186392,6.32589150929368,6.26887902330743,6.88741416893733,6.74875343900758,205
"205",2018,8,6.77391304347826,23,6.48461538461538,7.15,6.5,6,6.84761904761905,13,10,2,2,21,6211,3511,2700,903,1837,4374,6.78981302849783,7.14422687553403,6.32894376296296,6.26939091915836,6.88644801306478,6.74922810242341,206
"206",2018,9,6.188,25,6.78461538461538,5.54166666666667,6,6,6.24736842105263,13,12,1,6,19,6236,3524,2712,904,1843,4393,6.78740037203336,7.14290027241771,6.3254602359882,6.26909292035398,6.8835621269669,6.74705752788527,207
"207",2018,10,7.05304347826087,23,7.38875,6.28571428571429,6.5,NA,7.05304347826087,16,7,1,0,23,6259,3540,2719,905,1843,4416,6.78837653299249,7.14401145762712,6.32535791099669,6.26934806629834,6.8835621269669,6.74865120471015,208
"208",2018,11,6.875,24,7.08333333333333,6.66666666666667,7,7.6875,6.46875,12,12,3,8,16,6283,3552,2731,908,1851,4432,6.78870742002228,7.14380646396396,6.32685761991944,6.27176211453744,6.88703673689897,6.74764073104693,209
"209",2018,12,6.61782608695652,23,6.90785714285714,6.16666666666667,7.33333333333333,6.14285714285714,6.825625,14,9,3,7,16,6306,3566,2740,911,1858,4448,6.7880841611164,7.1428801346046,6.32633144525547,6.27525795828759,6.88423304628633,6.74792125,210
"210",2019,1,6.64166666666667,24,6.90625,6.1125,6.3,7.5,6.35555555555556,16,8,4,6,18,6330,3582,2748,915,1864,4466,6.78752902369668,7.14182316024567,6.32570893740902,6.27536612021858,6.88621512875537,6.74633983878191,211
"211",2019,2,6.04347826086957,23,6.26923076923077,5.75,5.33333333333333,6.5,5.94736842105263,13,10,3,4,19,6353,3595,2758,918,1868,4485,6.78483530930269,7.13866774965229,6.32362152284264,6.27228758169934,6.88538811563169,6.74295512151617,212
"212",2019,3,6.569,20,6.615,6.5,6.66666666666667,6.5,6.57666666666667,12,8,3,2,18,6373,3607,2766,921,1870,4503,6.78415796642084,7.13692557804269,6.32413165582068,6.27357220412595,6.88497593582888,6.74229041083722,213
"213",2019,4,6.75,14,6.83333333333333,6.6,6.5,6.75,6.75,9,5,2,2,12,6387,3616,2771,923,1872,4515,6.78408309378425,7.13616995575221,6.32462943341754,6.27406283856988,6.88483173076923,6.74231090143965,214
"214",2019,5,6.815,20,7.08333333333333,6.4125,6,6,6.90555555555556,12,8,3,2,18,6407,3628,2779,926,1874,4533,6.78417960355861,7.13599519294377,6.32488238934868,6.27317494600432,6.88388740661686,6.74295912640635,215
"215",2019,6,6.22222222222222,18,7.33333333333333,5.66666666666667,5.6,8,6,6,12,5,2,16,6425,3634,2791,931,1876,4549,6.78260524824903,7.13632101265823,6.32205236832676,6.26955961331901,6.88507729211087,6.74034594856012,216
"216",2019,7,6.50625,24,6.57666666666667,6.38888888888889,5,6.34444444444444,6.60333333333333,15,9,2,9,15,6449,3649,2800,933,1885,4564,6.78157679020003,7.13402043299534,6.3222672,6.26683815648446,6.88249602122016,6.73989564417178,217
"217",2019,8,6.69444444444444,18,7.13636363636364,6,NA,7.16666666666667,6.6,11,7,0,3,15,6467,3660,2807,933,1888,4579,6.78133426936756,7.13402747540984,6.32146354114713,6.26683815648446,6.88294756355932,6.73943737060494,218
"218",2019,9,6.42058823529412,17,6.5,6.35,6.5,6,6.51071428571429,8,9,2,3,14,6484,3668,2816,935,1891,4593,6.7803884515731,7.13264464558342,6.32155474431818,6.26733689839572,6.88154680063459,6.73874019595036,219
"219",2019,10,7.28571428571429,7,7.66666666666667,5,NA,NA,7.28571428571429,6,1,0,0,7,6491,3674,2817,935,1891,4600,6.78093340317363,7.13351675557975,6.32108560880369,6.26733689839572,6.88154680063459,6.73957254782609,220
"220",2019,11,6.77368421052632,19,7.07692307692308,6.11666666666667,5.35,6.175,6.93333333333333,13,6,2,4,15,6510,3687,2823,937,1895,4615,6.78091224577573,7.13331721182533,6.3206511370882,6.26537886872999,6.88005540897098,6.74020232286024,221
"221",2019,12,6.71904761904762,21,7,6.50833333333333,6,5.5,6.84736842105263,9,12,1,2,19,6531,3696,2835,938,1897,4634,6.78071332414638,7.13299257575757,6.32144555908289,6.26509594882729,6.8786004217185,6.74064171773846,222
"222",2020,1,6.49761892857143,28,6.72549,6.14545454545455,5,7.33333333333333,6.3973332,17,11,3,3,25,6559,3713,2846,941,1900,4659,6.77950481018448,7.13112682197684,6.32076534082923,6.26106269925611,6.87931842105263,6.73879953852758,223
"223",2020,2,6.8,25,7.02941176470588,6.3125,6.33333333333333,6.33333333333333,6.86363636363636,17,8,3,3,22,6584,3730,2854,944,1903,4681,6.77958263213852,7.13066324128686,6.32074217238963,6.26129237288135,6.87845769837099,6.73938625293741,224
"224",2020,3,7.30769230769231,13,7.36363636363636,7,8,7.6,7.125,11,2,1,5,8,6597,3741,2856,945,1908,4689,6.78062332120661,7.13134827318899,6.32121784313725,6.26313227513227,6.88034853249476,6.74004415653658,225
"225",2020,4,6.5,19,7.2,5.72222222222222,5.8,7,6.36666666666667,10,9,5,4,15,6616,3751,2865,950,1912,4704,6.77981741989117,7.13153129565449,6.31933618150087,6.2606947368421,6.88059884937239,6.73885353954082,226
"226",2020,5,6.88666666666667,15,7.0625,6.68571428571429,6,6.5,6.91428571428571,8,7,3,1,14,6631,3759,2872,953,1913,4718,6.7800591238124,7.13138438148444,6.3202291643454,6.2598740818468,6.88039989545217,6.73937410979229,227
"227",2020,6,6.565,20,6.83333333333333,6.1625,6,6.33333333333333,6.60588235294118,12,8,3,3,17,6651,3771,2880,956,1916,4735,6.77941242670275,7.13043592946168,6.31979102777778,6.25905857740586,6.87954331941545,6.73889483632524,228
"228",2020,7,6.62857142857143,14,6.93,5.875,6.5,7,6.48,10,4,2,4,10,6665,3781,2884,958,1920,4745,6.77909558139535,7.12990581592171,6.31917411927878,6.25956158663883,6.87979427083333,6.73834922023182,229
"229",2020,8,7.13846153846154,13,6.975,7.4,9,NA,7.13846153846154,8,5,1,0,13,6678,3789,2889,959,1920,4758,6.77979515573525,7.12957875164951,6.32104470751125,6.26241918665276,6.87979427083333,6.7394424232871,230
"230",2020,9,6.925,20,7.19230769230769,6.42857142857143,6,6,6.97368421052632,13,7,1,1,19,6698,3802,2896,960,1921,4777,6.78022873245745,7.12979323776959,6.32130461325967,6.26214583333333,6.87933628318584,6.74037409462005,231
"231",2020,10,6.76818181818182,22,6.66923076923077,6.91111111111111,6.5,8.5,6.68571428571429,13,9,2,1,21,6720,3815,2905,962,1922,4798,6.78018929315476,7.12822382437746,6.32313189672977,6.26264033264033,6.88017950052029,6.74013485827428,232
"232",2020,11,6.56086956521739,23,7.27857142857143,5.44444444444444,6.33333333333333,6.66666666666667,6.545,14,9,3,3,20,6743,3829,2914,965,1925,4818,6.7794412056948,7.12877354139462,6.32041803706245,6.26286010362694,6.87984675324675,6.739324833956,233
"233",2020,12,6.32608695652174,23,6.71428571428571,5.72222222222222,5.66666666666667,6.3,6.33333333333333,14,9,3,5,18,6766,3843,2923,968,1930,4836,6.77790009606858,7.12726356752537,6.3185761751625,6.26101239669421,6.87834455958549,6.7378136993383,234
"234",2021,1,6.67064115384615,26,7.06980411764706,5.91666666666667,6.375,8.125,6.40621227272727,17,9,2,4,22,6792,3860,2932,970,1934,4858,6.77748950530036,7.12701050777202,6.31734248294679,6.26124742268041,6.88092295760083,6.7363120049403,235
"235",2021,2,5.66666666666667,9,6.33333333333333,5.33333333333333,4,NA,5.66666666666667,3,6,2,0,9,6801,3863,2938,972,1934,4867,6.77601951477724,7.12639413927,6.31533293396868,6.25659465020576,6.88092295760083,6.73433402917608,236
"236",2021,3,6.46923076923077,13,6.86,5.16666666666667,5.16666666666667,7.5,6.28181818181818,10,3,3,2,11,6814,3873,2941,975,1936,4878,6.77543421191665,7.12570631551769,6.31416122407344,6.25324102564102,6.8815625,6.73331359573596,237
"237",2021,4,6.02727272727273,11,6.6625,4.33333333333333,5.5,6.6,5.8125,8,3,2,3,8,6825,3881,2944,977,1939,4886,6.77422838388279,7.12475149703685,6.3121427173913,6.25169907881269,6.88112686952037,6.73180591895211,238
"238",2021,5,7,18,7.55555555555556,6.44444444444444,7,7.33333333333333,6.93333333333333,9,9,2,3,15,6843,3890,2953,979,1942,4901,6.77482225924303,7.1257482159383,6.31254593972231,6.2532277834525,6.8818254376931,6.73242271373189,239
"239",2021,6,7.13125,8,7.43571428571429,5,NA,8.75,6.9,7,1,0,1,7,6851,3897,2954,979,1943,4908,6.77523846445775,7.12630499358481,6.31210161137441,6.2532277834525,6.88278692743181,6.7326617196414,240
"240",2021,7,6.52647058823529,17,7.6875,5.49444444444444,5.5,6.24,6.64583333333333,8,9,2,5,12,6868,3905,2963,981,1948,4920,6.77462270238789,7.12745468886043,6.30961800877489,6.25169215086646,6.88113706365503,6.73244994308943,241
"241",2021,8,6.85555555555556,18,7.54,6,5.25,6.81666666666667,6.875,10,8,4,6,12,6886,3915,2971,985,1954,4932,6.77483426081906,7.12850844444444,6.30878430158196,6.24762436548223,6.88093909928352,6.73279678021087,242
"242",2021,9,6.88125,16,6.825,6.9375,6,7,6.86428571428571,8,8,4,2,14,6902,3923,2979,989,1956,4946,6.77508095044915,7.12788951312771,6.31047269553541,6.24662285136501,6.88106083844581,6.73316896886373,243
"243",2021,10,6.738125,16,7.28571428571429,6.31222222222222,7,8,6.55785714285714,7,9,4,2,14,6918,3930,2988,993,1958,4960,6.77499547846199,7.1281706259542,6.31047796519411,6.24965760322256,6.8822037793667,6.73267413709677,244
"244",2021,11,6.62173913043478,23,6.71428571428571,6.47777777777778,7.9,8,6.55909090909091,14,9,1,1,22,6941,3944,2997,994,1959,4982,6.77448764155021,7.12670146044625,6.3109803670337,6.25131790744467,6.88277437468096,6.73190761140104,245
"245",2021,12,6.24079166666667,24,6.43636363636364,6.07530769230769,6.29475,6.41975,6.205,11,13,4,4,20,6965,3955,3010,998,1963,5002,6.77264863173008,7.12478143109987,6.30996251162791,6.25149198396793,6.88183087111564,6.72980082367053,246
"246",2022,1,6.475,24,7.06428571428571,5.65,6,6.2,6.58823529411765,14,10,4,7,17,6989,3969,3020,1002,1970,5019,6.77162651595365,7.12456804232804,6.30777720529801,6.25048802395209,6.87940812182741,6.7293213229727,247
"247",2022,2,6.86086956521739,23,7.45,6.40769230769231,5,6.33333333333333,7.04705882352941,10,13,4,6,17,7012,3979,3033,1006,1976,5036,6.77191924130063,7.12538591605931,6.30820545994065,6.24551590457256,6.87775,6.73039390786338,248
"248",2022,3,6.42148148148148,27,6.6875,6.20866666666667,5.6875,6.31333333333333,6.45238095238095,12,15,4,6,21,7039,3991,3048,1010,1982,5057,6.77057504190937,7.12406929591581,6.30771560367454,6.24330594059406,6.87604137235116,6.72923941467273,249
"249",2022,4,6.735,10,7.26428571428571,5.5,5,6.925,6.6875,7,3,1,2,8,7049,3998,3051,1011,1984,5065,6.7705245736984,7.1243147973987,6.30692138970829,6.24207616221563,6.87609072580645,6.72917348864758,250
"250",2022,5,6.7,15,7.08333333333333,6.44444444444444,6,7,6.65384615384615,6,9,2,2,13,7064,4004,3060,1013,1986,5078,6.77037481879955,7.12425338661339,6.30732586928104,6.2415982230997,6.87621550855992,6.72898064592359,251
"251",2022,6,6.94318181818182,22,7.25,6.575,6,5,7.1375,12,10,2,2,20,7086,4016,3070,1015,1988,5098,6.77091133502682,7.12462912350597,6.30819777198697,6.24112216748768,6.87432796780684,6.73058331110239,252
"252",2022,7,5.66833333333333,12,6.9375,3.13,NA,4.66666666666667,6.00222222222222,8,4,0,3,9,7098,4024,3074,1015,1991,5107,6.76904729783038,7.12425709741551,6.30406218607677,6.24112216748768,6.87100150678051,6.72929972978265,253
"253",2022,8,6.84736842105263,19,6.5,7.05,6.54,6.75,6.87333333333333,7,12,5,4,15,7117,4031,3086,1020,1995,5122,6.76925638892792,7.12317304887125,6.306962786779,6.24258725490196,6.87075889724311,6.72972153846154,254
