"","year","month","avg_rating","no_ratings","avg_rating_owned","avg_rating_not_owned","avg_rating_prev_owned","avg_rating_comment","avg_rating_no_comment","no_ratings_owned","no_ratings_not_owned","no_ratings_prev_owned","no_ratings_comment","no_ratings_no_comment","cum_no_ratings","cum_no_ratings_owned","cum_no_ratings_not_owned","cum_no_ratings_prev_owned","cum_no_ratings_comment","cum_no_ratings_no_comment","cum_avg_rating","cum_avg_rating_owned","cum_avg_rating_not_owned","cum_avg_rating_prev_owned","cum_avg_rating_comment","cum_avg_rating_no_comment","month_after_release"
"1",2012,1,6.38888888888889,9,7.07142857142857,4,NA,6,6.5,7,2,0,2,7,9,7,2,0,2,7,6.38888888888889,7.07142857142857,4,NA,6,6.5,-1
"2",2012,2,7.18181818181818,11,7.4375,6.5,NA,7,7.2,8,3,0,1,10,20,15,5,0,3,17,6.825,7.26666666666667,5.5,NA,6.33333333333333,6.91176470588235,0
"3",2012,3,7.3,16,7.75,6.55,7,7.5,7.27142857142857,10,6,1,2,14,36,25,11,1,5,31,7.03611111111111,7.46,6.07272727272727,7,6.8,7.0741935483871,1
"4",2012,4,6.73928571428571,28,7.32142857142857,6.15714285714286,6.54,6.96666666666667,6.63157894736842,14,14,5,9,19,64,39,25,6,14,50,6.90625,7.41025641025641,6.12,6.61666666666667,6.90714285714286,6.906,2
"5",2012,5,6.98518518518518,27,7.55882352941176,6.01,5,6.95714285714286,6.995,17,10,1,7,20,91,56,35,7,21,70,6.92967032967033,7.45535714285714,6.08857142857143,6.38571428571429,6.92380952380952,6.93142857142857,3
"6",2012,6,6.39473684210526,38,7.16666666666667,5.7,6.875,6.05555555555556,6.5,18,20,4,9,29,129,74,55,11,30,99,6.77209302325581,7.38513513513514,5.94727272727273,6.56363636363636,6.66333333333333,6.80505050505051,4
"7",2012,7,6.296875,32,6.96666666666667,5.70588235294118,6,5.625,6.52083333333333,15,17,6,8,24,161,89,72,17,38,123,6.67763975155279,7.31460674157303,5.89027777777778,6.36470588235294,6.44473684210526,6.74959349593496,5
"8",2012,8,6.63888888888889,27,7.18333333333333,6.20333333333333,6.33333333333333,6.66111111111111,6.62777777777778,12,15,3,9,18,188,101,87,20,47,141,6.67207446808511,7.2990099009901,5.94425287356322,6.36,6.48617021276596,6.73404255319149,6
"9",2012,9,7.25,16,7.5,6.7,7,7.33333333333333,7.23076923076923,11,5,2,3,13,204,112,92,22,50,154,6.71740196078431,7.31875,5.98532608695652,6.41818181818182,6.537,6.77597402597403,7
"10",2012,10,6.36111111111111,18,7.125,5.75,6.75,8.5,6.09375,8,10,4,2,16,222,120,102,26,52,170,6.68851351351351,7.30583333333333,5.96225490196078,6.46923076923077,6.6125,6.71176470588235,8
"11",2012,11,6.57777777777778,18,6.925,6.3,7.16666666666667,3,6.78823529411765,8,10,3,1,17,240,128,112,29,53,187,6.68020833333333,7.28203125,5.99241071428571,6.54137931034483,6.54433962264151,6.71871657754011,9
"12",2012,12,6.72916666666667,12,7.92857142857143,5.05,5.375,5.08333333333333,7.27777777777778,7,5,2,3,9,252,135,117,31,56,196,6.68253968253968,7.31555555555556,5.95213675213675,6.46612903225806,6.46607142857143,6.74438775510204,10
"13",2013,1,6.59375,32,7.23809523809524,5.36363636363636,5.5,6.28571428571429,6.68,21,11,2,7,25,284,156,128,33,63,221,6.67253521126761,7.3051282051282,5.9015625,6.40757575757576,6.44603174603175,6.73710407239819,11
"14",2013,2,6.37272727272727,11,6.92,5.91666666666667,5.75,6.5,6.325,5,6,2,3,8,295,161,134,35,66,229,6.66135593220339,7.29316770186335,5.90223880597015,6.37,6.44848484848485,6.72270742358079,12
"15",2013,3,6.37058823529412,17,7.28,5.07142857142857,6.5,5.9125,6.77777777777778,10,7,2,8,9,312,171,141,37,74,238,6.64551282051282,7.29239766081871,5.86099290780142,6.37702702702703,6.39054054054054,6.72478991596639,13
"16",2013,4,6.8,20,7.11538461538461,6.21428571428571,6.5,7,6.78947368421053,13,7,1,1,19,332,184,148,38,75,257,6.65481927710843,7.27989130434783,5.8777027027027,6.38026315789474,6.39866666666667,6.7295719844358,14
"17",2013,5,6.65416666666667,24,7.0125,5.9375,5.5,6.25,6.78888888888889,16,8,2,6,18,356,200,156,40,81,275,6.65477528089888,7.2585,5.88076923076923,6.33625,6.38765432098766,6.73345454545455,15
"18",2013,6,6.61818181818182,11,7.42857142857143,5.2,6.9,7.16,6.16666666666667,7,4,2,5,6,367,207,160,42,86,281,6.65367847411444,7.26425120772947,5.86375,6.36309523809524,6.43255813953488,6.72135231316726,16
"19",2013,7,6.68421052631579,19,6.86666666666667,6,7,7,6.6,15,4,1,4,15,386,222,164,43,90,296,6.65518134715026,7.23738738738739,5.86707317073171,6.37790697674419,6.45777777777778,6.7152027027027,17
"20",2013,8,6.66923076923077,13,7.21428571428571,6.03333333333333,6.2,6.25,6.74545454545455,7,6,1,2,11,399,229,170,44,92,307,6.65563909774436,7.23668122270742,5.87294117647059,6.37386363636364,6.45326086956522,6.71628664495114,18
"21",2013,9,7.01666666666667,6,7.275,6.5,5,6.5,7.275,4,2,1,2,4,405,233,172,45,94,311,6.66098765432099,7.23733905579399,5.88023255813953,6.34333333333333,6.45425531914894,6.72347266881029,19
"22",2013,10,6.81818181818182,11,6.77777777777778,7,NA,6.5,6.85,9,2,0,1,10,416,242,174,45,95,321,6.66514423076923,7.2202479338843,5.89310344827586,6.34333333333333,6.45473684210526,6.72741433021807,20
"23",2013,11,7.01,10,7.7,4.25,5.5,7,7.01111111111111,8,2,1,1,9,426,250,176,46,96,330,6.67323943661972,7.2356,5.87443181818182,6.325,6.46041666666667,6.73515151515151,21
"24",2013,12,6.07142857142857,14,6.91666666666667,5.4375,NA,6.33333333333333,6,6,8,0,3,11,440,256,184,46,99,341,6.65409090909091,7.228125,5.85543478260869,6.325,6.45656565656566,6.71143695014663,22
"25",2014,1,6.65625,16,7.625,5.6875,6.5,5.75,6.95833333333333,8,8,2,4,12,456,264,192,48,103,353,6.65416666666667,7.24015151515151,5.8484375,6.33229166666667,6.42912621359223,6.71983002832861,23
"26",2014,2,6.85,10,6.92857142857143,6.66666666666667,NA,6.75,6.91666666666667,7,3,0,4,6,466,271,195,48,107,359,6.65836909871245,7.23210332103321,5.86102564102564,6.33229166666667,6.4411214953271,6.72311977715877,24
"27",2014,3,6.16666666666667,12,6.3,6.07142857142857,6.16666666666667,5.33333333333333,6.44444444444444,5,7,3,3,9,478,276,202,51,110,368,6.64602510460251,7.21521739130435,5.86831683168317,6.32254901960784,6.41090909090909,6.71630434782609,25
"28",2014,4,6.30625,16,7.05714285714286,5.72222222222222,6.25,5.9,6.49090909090909,7,9,4,5,11,494,283,211,55,115,379,6.63502024291498,7.2113074204947,5.86208530805687,6.31727272727273,6.38869565217391,6.70976253298153,26
"29",2014,5,7.06428571428571,14,7.13,6.9,NA,9,6.91538461538462,10,4,0,1,13,508,293,215,55,116,392,6.64685039370079,7.20853242320819,5.88139534883721,6.31727272727273,6.41120689655172,6.71658163265306,27
"30",2014,6,6.175,12,7.1,5.51428571428571,5.5,5.9,6.37142857142857,5,7,1,5,7,520,298,222,56,121,399,6.63596153846154,7.20671140939597,5.86981981981982,6.30267857142857,6.3900826446281,6.71052631578947,28
"31",2014,7,6.23684210526316,19,6.38888888888889,6.1,8,4.33333333333333,6.59375,9,10,1,3,16,539,307,232,57,124,415,6.62189239332096,7.18273615635179,5.87974137931034,6.33245614035088,6.34032258064516,6.70602409638554,29
"32",2014,8,7.15789473684211,19,7.46428571428571,6.3,7.75,6.625,7.54545454545455,14,5,2,8,11,558,321,237,59,132,426,6.64014336917563,7.19501557632399,5.88860759493671,6.38050847457627,6.35757575757576,6.72769953051643,30
"33",2014,9,6.58928571428571,14,7.6875,5.125,5.9375,5.375,7.075,8,6,4,4,10,572,329,243,63,136,436,6.6388986013986,7.20699088145897,5.86975308641975,6.35238095238095,6.32867647058824,6.73566513761468,31
"34",2014,10,6.71739130434783,23,7.15625,5.71428571428571,5.83333333333333,7,6.61764705882353,16,7,3,6,17,595,345,250,66,142,453,6.64193277310924,7.20463768115942,5.8654,6.32878787878788,6.35704225352113,6.73123620309051,32
"35",2014,11,6.692,25,6.815,6.2,7.225,7,6.63333333333333,20,5,4,4,21,620,365,255,70,146,474,6.64395161290323,7.18328767123288,5.87196078431372,6.38,6.37465753424658,6.72689873417722,33
"36",2014,12,6.895,20,7.08181818181818,6.66666666666667,6.8,7.66666666666667,6.75882352941176,11,9,5,3,17,640,376,264,75,149,491,6.651796875,7.18031914893617,5.89905303030303,6.408,6.4006711409396,6.72800407331976,34
"37",2015,1,7.0625,20,7.25,6,5.5,7.20833333333333,7,17,3,2,6,14,660,393,267,77,155,505,6.66424242424242,7.18333333333333,5.9001872659176,6.38441558441558,6.43193548387097,6.73554455445545,35
"38",2015,2,6.47916666666667,12,6.6,6.39285714285714,6.6875,7,6.375,5,7,4,2,10,672,398,274,81,157,515,6.6609375,7.17600502512563,5.91277372262774,6.39938271604938,6.43917197452229,6.72854368932039,36
"39",2015,3,6.94842105263158,19,7.52666666666667,5.95714285714286,4,6.5,7.15538461538462,12,7,1,6,13,691,410,281,82,163,528,6.66884225759768,7.18626829268293,5.91387900355872,6.37012195121951,6.44141104294479,6.73905303030303,37
"40",2015,4,6.02631578947368,19,6.8,5.575,4.25,6.625,5.86666666666667,7,12,2,4,15,710,417,293,84,167,543,6.65164788732394,7.17978417266187,5.9,6.31964285714286,6.44580838323353,6.71495395948435,38
"41",2015,5,7.4,11,8.27142857142857,5.875,6.5,10,7.14,7,4,3,1,10,721,424,297,87,168,553,6.66306518723994,7.19780660377359,5.8996632996633,6.32586206896552,6.46696428571429,6.72264014466546,39
"42",2015,6,7.07894736842105,19,7.03571428571429,7.2,7.5,6.9,7.14285714285714,14,5,2,5,14,740,438,302,89,173,567,6.67374324324324,7.19262557077626,5.92119205298013,6.35224719101123,6.47947976878613,6.73301587301587,40
"43",2015,7,6.78947368421053,19,7.26923076923077,5.75,5.25,7,6.66666666666667,13,6,4,7,12,759,451,308,93,180,579,6.67664031620553,7.19483370288248,5.91785714285714,6.30483870967742,6.49972222222222,6.73164075993092,41
"44",2015,8,6.52857142857143,14,6.7375,6.25,6.66666666666667,6.33333333333333,6.58181818181818,8,6,3,3,11,773,459,314,96,183,590,6.67395860284605,7.18686274509804,5.92420382165605,6.31614583333333,6.49699453551913,6.72884745762712,42
"45",2015,9,6.55789473684211,19,7.00909090909091,5.9375,5.5,7,6.44,11,8,3,4,15,792,470,322,99,187,605,6.67117424242424,7.18270212765958,5.92453416149068,6.29141414141414,6.50775401069519,6.72168595041322,43
"46",2015,10,6.60588235294118,17,6.90769230769231,5.625,NA,6.55,6.63636363636364,13,4,0,6,11,809,483,326,99,193,616,6.6698022249691,7.17530020703934,5.92085889570552,6.29141414141414,6.50906735751295,6.72016233766234,44
"47",2015,11,6.44375,24,6.790625,5.75,6,6.08571428571429,6.59117647058823,16,8,1,7,17,833,499,334,100,200,633,6.66328931572629,7.16296593186373,5.91676646706587,6.2885,6.49425,6.71669826224329,45
"48",2015,12,6.59583333333333,24,6.79,5.625,6,6.2,6.7,20,4,1,5,19,857,519,338,101,205,652,6.66140023337223,7.14859344894027,5.91331360946745,6.28564356435643,6.48707317073171,6.71621165644172,46
"49",2016,1,6.78148148148148,27,7.15625,6.23636363636364,6.375,6.9375,6.71578947368421,16,11,4,8,19,884,535,349,105,213,671,6.66506787330317,7.14882242990654,5.92349570200573,6.28904761904762,6.50399061032864,6.71619970193741,47
"50",2016,2,6.60714285714286,14,6.75,6.25,5.5,NA,6.60714285714286,10,4,2,0,14,898,545,353,107,213,685,6.66416481069042,7.14150458715597,5.9271954674221,6.27429906542056,6.50399061032864,6.71397080291971,48
"51",2016,3,6.72105263157895,19,7.01666666666667,6.21428571428571,7,6.56666666666667,6.79230769230769,12,7,1,6,13,917,557,360,108,219,698,6.66534351145038,7.13881508078995,5.93277777777778,6.28101851851852,6.50570776255708,6.71542979942694,49
"52",2016,4,6.365,20,6.73076923076923,5.68571428571429,6,6.6625,6.16666666666667,13,7,3,8,12,937,570,367,111,227,710,6.65893276414088,7.12950877192983,5.92806539509537,6.27342342342342,6.51123348017621,6.70615492957747,50
"53",2016,5,6.76842105263158,19,7.1,6.3125,6.5,6.7,6.78666666666667,11,8,2,4,15,956,581,375,113,231,725,6.66110878661088,7.12895008605852,5.93626666666667,6.27743362831858,6.51450216450216,6.70782068965517,51
"54",2016,6,6,11,5.71428571428571,6.5,NA,6.5,5.88888888888889,7,4,0,2,9,967,588,379,113,233,734,6.65358841778697,7.11210884353742,5.94221635883905,6.27743362831858,6.51437768240343,6.69777929155314,52
"55",2016,7,6.60454545454545,22,7.11538461538461,5.86666666666667,5,6.6,6.60526315789474,13,9,1,3,19,989,601,388,114,236,753,6.65249747219414,7.11217970049917,5.94046391752577,6.26622807017544,6.51546610169491,6.6954448871182,53
"56",2016,8,6.60666666666667,24,6.93733333333333,6.05555555555556,6.25,6.16666666666667,6.66952380952381,15,9,1,3,21,1013,616,397,115,239,774,6.65141164856861,7.10792207792208,5.94307304785894,6.26608695652174,6.51108786610879,6.69474160206719,54
"57",2016,9,6.55357142857143,14,6.625,6.375,7,6.5,6.5625,10,4,1,2,12,1027,626,401,116,241,786,6.65007789678676,7.10020766773163,5.94738154613466,6.27241379310345,6.51099585062241,6.69272264631044,55
"58",2016,10,6.99189189189189,37,7.12,6.725,7,8,6.93428571428571,25,12,2,2,35,1064,651,413,118,243,821,6.66196428571429,7.10096774193549,5.96997578692494,6.28474576271186,6.52325102880658,6.70302070645554,56
"59",2016,11,6.23076923076923,26,7.03571428571429,5.29166666666667,4.75,5.125,6.43181818181818,14,12,6,4,22,1090,665,425,124,247,843,6.65167889908257,7.09959398496241,5.95082352941176,6.21048387096774,6.50060728744939,6.69594306049822,57
"60",2016,12,6.53529411764706,17,6.84166666666667,5.8,NA,6,6.60666666666667,12,5,0,2,15,1107,677,430,124,249,858,6.64989159891599,7.09502215657312,5.94906976744186,6.21048387096774,6.49658634538153,6.69438228438229,58
"61",2017,1,7.1624,25,7.74666666666667,6.286,6.5,6,7.21083333333333,15,10,2,1,24,1132,692,440,126,250,882,6.66121024734982,7.10914739884393,5.95672727272727,6.21507936507936,6.4946,6.70843537414966,59
"62",2017,2,6.6575,20,6.96818181818182,6.27777777777778,6.4,7.3,6.496875,11,9,3,4,16,1152,703,449,129,254,898,6.66114583333333,7.10694167852063,5.96316258351893,6.21937984496124,6.50728346456693,6.70466592427617,60
"63",2017,3,6.91304347826087,23,7.18421052631579,5.625,6.5,6,6.95454545454545,19,4,3,1,22,1175,722,453,132,255,920,6.66607659574468,7.10897506925208,5.9601766004415,6.22575757575758,6.50529411764706,6.71064130434783,61
"64",2017,4,6.3625,20,6.65384615384615,5.82142857142857,5,5.75,6.515625,13,7,1,4,16,1195,735,460,133,259,936,6.66099581589958,7.10092517006803,5.9580652173913,6.21654135338346,6.49362934362934,6.70730769230769,62
"65",2017,5,7.1,15,7.21428571428571,5.5,NA,7,7.15,14,1,0,5,10,1210,749,461,133,264,946,6.66643801652893,7.103044058745,5.9570715835141,6.21654135338346,6.5032196969697,6.71198731501057,63
"66",2017,6,6.78055555555556,18,7.18214285714286,5.375,NA,6.33333333333333,6.87,14,4,0,3,15,1228,763,465,133,267,961,6.66811074918567,7.10449541284404,5.95206451612903,6.21654135338346,6.50131086142322,6.71445369406868,64
"67",2017,7,5.94090909090909,22,6.6,5.39166666666667,4.91666666666667,3.83333333333333,6.27368421052632,10,12,6,3,19,1250,773,477,139,270,980,6.655312,7.09796895213454,5.93796645702306,6.16043165467626,6.47166666666667,6.70590816326531,65
"68",2017,8,6.47058823529412,17,6.5,6.4,6,6.5,6.46666666666667,12,5,2,2,15,1267,785,482,141,272,995,6.65283346487766,7.08882802547771,5.94275933609959,6.15815602836879,6.471875,6.70230150753769,66
"69",2017,9,6.88333333333333,15,7.25,5.41666666666667,6.625,7.5,6.78846153846154,12,3,2,2,13,1282,797,485,143,274,1008,6.65553042121685,7.09125470514429,5.93950515463917,6.16468531468531,6.4793795620438,6.7034126984127,67
"70",2017,10,7.05909090909091,22,7.37857142857143,6.5,5.5,8,7.01428571428571,14,8,2,1,21,1304,811,493,145,275,1029,6.66233895705521,7.09621454993835,5.94860040567951,6.15551724137931,6.48490909090909,6.70975704567542,68
"71",2017,11,7.272,24,7.47222222222222,6.67133333333333,7.778,7.4445,7.2375,18,6,1,4,20,1328,829,499,146,279,1049,6.67335692771084,7.10437876960193,5.95729058116232,6.1666301369863,6.49866666666667,6.71981887511916,69
"72",2017,12,6.11428571428571,21,6.26428571428571,5.81428571428571,4,6.2,6.0875,14,7,1,5,16,1349,843,506,147,284,1065,6.6646538176427,7.09042704626335,5.95531225296443,6.15189115646259,6.49340845070422,6.71031924882629,70
"73",2018,1,6.736,25,7.21875,5.87777777777778,5.95,7.2,6.62,16,9,2,5,20,1374,859,515,149,289,1085,6.6659519650655,7.09281722933644,5.9539572815534,6.14918120805369,6.50563321799308,6.70865437788019,71
"74",2018,2,6.91111111111111,18,7.14,6.625,NA,6.45,6.96875,10,8,0,2,16,1392,869,523,149,291,1101,6.66912212643678,7.09336018411968,5.96422179732313,6.14918120805369,6.50525085910653,6.71243415077203,72
"75",2018,3,6.92777777777778,18,7.12142857142857,6.25,6,NA,6.92777777777778,14,4,1,0,18,1410,883,527,150,291,1119,6.67242411347518,7.09380520951302,5.96639089184061,6.14818666666667,6.50525085910653,6.7158981233244,73
"76",2018,4,6.895,20,7.08333333333333,6.6125,5,9,6.66111111111111,12,8,2,2,18,1430,895,535,152,293,1137,6.67553706293706,7.09366480446927,5.9760523364486,6.13307894736842,6.52227986348123,6.71503078276166,74
"77",2018,5,6.75555555555556,18,7.64545454545455,5.35714285714286,6.75,7.9,6.42857142857143,11,7,2,4,14,1448,906,542,154,297,1151,6.6765317679558,7.1003642384106,5.96805904059041,6.14109090909091,6.54083501683502,6.71154648132059,75
"78",2018,6,5.35538461538462,13,6.2025,4,5,5.81,5.27272727272727,8,5,3,2,11,1461,914,547,157,299,1162,6.66477618069815,7.09250547045952,5.95006946983547,6.11928662420382,6.53594648829431,6.69792598967298,76
"79",2018,7,6.64285714285714,14,6.88888888888889,6.2,5.5,6.83333333333333,6.59090909090909,9,5,2,3,11,1475,923,552,159,302,1173,6.66456813559322,7.09052004333695,5.95233333333333,6.11149685534591,6.53890066225166,6.69692242114237,77
"80",2018,8,5.78947368421053,19,6.77777777777778,4.9,5,2,6,9,10,2,1,18,1494,932,562,161,303,1191,6.6534390896921,7.0875,5.93360854092527,6.09768944099379,6.52392079207921,6.68638958858103,78
"81",2018,9,6.25555555555556,9,6.8,5.16666666666667,4.75,6.5,6.13333333333333,6,3,2,3,6,1503,938,565,163,306,1197,6.65105655355955,7.08566098081024,5.92953628318584,6.08115337423313,6.5236862745098,6.68361737677527,79
"82",2018,10,6.77142857142857,21,6.82142857142857,6.67142857142857,NA,6.875,6.74705882352941,14,7,0,4,17,1524,952,572,163,310,1214,6.65271522309711,7.08177521008403,5.93861538461538,6.08115337423313,6.52821935483871,6.6845057660626,80
"83",2018,11,6.96666666666667,15,7.375,5.33333333333333,NA,6.33333333333333,7.125,12,3,0,3,12,1539,964,575,163,313,1226,6.65577517868746,7.08542531120332,5.93545739130435,6.08115337423313,6.52635143769968,6.68881729200653,81
"84",2018,12,6.39375,16,6.56923076923077,5.63333333333333,5.25,5.66666666666667,6.56153846153846,13,3,2,3,13,1555,977,578,165,316,1239,6.65307909967846,7.07855680655067,5.9338892733564,6.07107878787879,6.51818987341772,6.68748184019371,82
"85",2019,1,6.95666666666667,30,7.25,6.51666666666667,7,7.5,6.8962962962963,18,12,1,3,27,1585,995,590,166,319,1266,6.65882523659306,7.08165829145729,5.94574237288136,6.07667469879518,6.52742319749216,6.69193522906793,83
"86",2019,2,6.88235294117647,17,7.40909090909091,5.91666666666667,5.5,5.33333333333333,7.21428571428571,11,6,2,3,14,1602,1006,596,168,322,1280,6.66119725343321,7.08523856858847,5.94544966442953,6.06980952380952,6.51629813664596,6.6976484375,84
"87",2019,3,6.5625,12,6.97222222222222,5.33333333333333,NA,6.5,6.58333333333333,9,3,0,3,9,1614,1015,599,168,325,1289,6.6604634448575,7.08423645320197,5.94238397328881,6.06980952380952,6.51614769230769,6.69685027152832,85
"88",2019,4,7.01,10,7.13333333333333,6.825,6.5,NA,7.01,6,4,1,0,10,1624,1021,603,169,325,1299,6.6626157635468,7.0845249755142,5.94823880597015,6.0723550295858,6.51614769230769,6.69926096997691,86
"89",2019,5,6.8625,20,7.01923076923077,6.57142857142857,7,7,6.81666666666667,13,7,1,5,15,1644,1034,610,170,330,1314,6.66504744525547,7.08370406189555,5.95539016393443,6.07781176470588,6.52347878787879,6.70060121765601,87
"90",2019,6,6.35625,16,6.7,5.6,4.5,7,6.31333333333333,11,5,2,1,15,1660,1045,615,172,331,1329,6.66207108433735,7.07966507177034,5.95250081300813,6.05946511627907,6.52491842900302,6.696230248307,88
"91",2019,7,6.915625,16,7.04166666666667,6.5375,6.575,6.75,6.97083333333333,12,4,2,4,12,1676,1057,619,174,335,1341,6.66449164677804,7.07923368022706,5.95628109854604,6.0653908045977,6.52760597014925,6.69868754660701,89
"92",2019,8,6.04166666666667,12,7.05555555555556,3,2,7,5.95454545454545,9,3,1,1,11,1688,1066,622,175,336,1352,6.66006398104265,7.07903377110694,5.94202250803858,6.04216,6.52901190476191,6.69263313609468,90
"93",2019,9,7.075,10,7.59375,5,NA,6,7.19444444444444,8,2,0,1,9,1698,1074,624,175,337,1361,6.66250765606596,7.0828677839851,5.9390032051282,6.04216,6.52744213649852,6.69595150624541,91
"94",2019,10,6.7625,16,7.10909090909091,6,5,NA,6.7625,11,5,1,0,16,1714,1085,629,176,337,1377,6.66344107351225,7.083133640553,5.9394880763116,6.03623863636364,6.52744213649852,6.69672476397967,92
"95",2019,11,6.92,10,7.4,5,6,7,6.88571428571429,8,2,1,3,7,1724,1093,631,177,340,1384,6.66492923433875,7.08545288197621,5.93651030110935,6.03603389830509,6.53161176470588,6.69768063583815,93
"96",2019,12,7.27777777777778,9,7.27777777777778,NA,NA,10,6.9375,9,0,0,1,8,1733,1102,631,177,341,1392,6.66811194460473,7.08702359346643,5.93651030110935,6.03603389830509,6.54178299120235,6.69905890804598,94
"97",2020,1,6.61739130434783,23,7.05625,5.61428571428571,5.43333333333333,6.125,6.72105263157895,16,7,3,4,19,1756,1118,638,180,345,1411,6.66744760820046,7.0865831842576,5.93297492163009,6.02598888888889,6.53695072463768,6.69935506732814,95
"98",2020,2,6.3625,16,7.14285714285714,5.75555555555556,5.76,5.4,6.5,7,9,5,2,14,1772,1125,647,185,347,1425,6.66469413092551,7.08693333333333,5.93050695517774,6.0188,6.5303976945245,6.69739649122807,96
"99",2020,3,5.70769230769231,13,6.35555555555556,4.25,NA,7,5.47272727272727,9,4,0,2,11,1785,1134,651,185,349,1436,6.6577243697479,7.08112874779542,5.92018125960061,6.0188,6.5330888252149,6.68801532033427,97
"100",2020,4,5.98333333333333,6,6.46666666666667,5.5,5.5,NA,5.98333333333333,3,3,3,0,6,1791,1137,654,188,349,1442,6.65546510329425,7.07950747581354,5.91825382262997,6.01052127659575,6.5330888252149,6.68508321775312,98
"101",2020,5,6.33846153846154,13,6.54,5.66666666666667,NA,6,6.36666666666667,10,3,0,1,12,1804,1147,657,188,350,1454,6.65318070953437,7.07480383609416,5.91710502283105,6.01052127659575,6.53156571428571,6.6824552957359,99
"102",2020,6,6.5,11,6.9375,5.33333333333333,NA,6.25,6.55555555555556,8,3,0,2,9,1815,1155,660,188,352,1463,6.6522523415978,7.07385281385281,5.91445151515151,6.01052127659575,6.52996590909091,6.68167464114833,100
"103",2020,7,6.96242454545455,11,6.88583375,7.16666666666667,7,6.5,7.06518555555556,8,3,2,2,9,1826,1163,663,190,354,1472,6.65412084884995,7.07255947549441,5.92011764705882,6.02093684210526,6.52979661016949,6.68401947690218,101
"104",2020,8,7.42307692307692,13,7.72727272727273,5.75,NA,NA,7.42307692307692,11,2,0,0,13,1839,1174,665,190,354,1485,6.65955664491572,7.07869392674617,5.91960601503759,6.02093684210526,6.52979661016949,6.69048934006734,102
"105",2020,9,6.57692307692308,13,7.05,5,5.5,5.83333333333333,6.8,10,3,2,3,10,1852,1184,668,192,357,1495,6.65897660367171,7.07845157939189,5.91547604790419,6.01551041666667,6.52394397759104,6.69122185284281,103
"106",2020,10,6.5,16,6.4,6.66666666666667,6,6.75,6.41666666666667,10,6,1,4,12,1868,1194,674,193,361,1507,6.65761491970022,7.07276940536013,5.92216320474777,6.01543005181347,6.5264487534626,6.68903561380226,104
"107",2020,11,6.96153846153846,13,7.20833333333333,4,4,7,6.95833333333333,12,1,1,1,12,1881,1206,675,194,362,1519,6.65971540138225,7.07411830016584,5.91931555555555,6.0050412371134,6.52775690607735,6.69116304805794,105
"108",2020,12,6.61333333333333,15,7.325,5.8,8.5,6.7,6.59166666666667,8,7,1,3,12,1896,1214,682,195,365,1531,6.65934845464135,7.0757715568369,5.91809090909091,6.0178358974359,6.52917260273973,6.69038319399086,106
"109",2021,1,7.00415384615385,13,6.95044444444444,7.125,NA,9.054,6.83333333333333,9,4,0,1,12,1909,1223,686,195,366,1543,6.66169652697748,7.07484928045789,5.92512827988338,6.0178358974359,6.53607103825137,6.69149492546987,107
"110",2021,2,7.07142857142857,7,7.08333333333333,7,7,7,7.08333333333333,6,1,1,1,6,1916,1229,687,196,367,1549,6.66319346033403,7.0748906997559,5.92669286754003,6.02284693877551,6.53733514986376,6.69301269851517,108
"111",2021,3,6.40685714285714,14,6.83333333333333,5.6392,7,4.598,6.70833333333333,9,5,2,2,12,1930,1238,692,198,369,1561,6.66133402590674,7.07313462843296,5.92461560693641,6.03271717171717,6.52682384823848,6.6931304740551,109
"112",2021,4,6.2,5,6.5,5,5,7.5,5.875,4,1,1,1,4,1935,1242,693,199,370,1565,6.66014194832041,7.071288784219,5.92328138528138,6.02752763819096,6.52945405405405,6.6910394057508,110
"113",2021,5,7.78571428571429,7,7.78571428571429,NA,NA,NA,7.78571428571429,7,0,0,0,7,1942,1249,693,199,370,1572,6.66419910916581,7.07529277021617,5.92328138528138,6.02752763819096,6.52945405405405,6.69591391221374,111
"114",2021,6,6.67,10,6.7125,6.5,7,7.06666666666667,6.5,8,2,1,3,7,1952,1257,695,200,373,1579,6.66422882684426,7.0729838265712,5.92494100719424,6.03239,6.53377479892761,6.69504538948702,112
"115",2021,7,6.07142857142857,7,6,6.25,6.5,6,6.1,5,2,1,2,5,1959,1262,697,201,375,1584,6.66211060234814,7.06873270206022,5.9258737446198,6.03471641791045,6.530928,6.69316708964647,113
"116",2021,8,7.02777777777778,9,7.28125,5,5,8,6.90625,8,1,1,1,8,1968,1270,698,202,376,1592,6.66378286077236,7.07007139370079,5.92454727793696,6.02959405940594,6.53483510638298,6.6942378580402,114
"117",2021,9,6.86363636363636,11,7.41666666666667,6.2,NA,6,6.95,6,5,0,1,10,1979,1276,703,202,377,1602,6.66489371905003,7.07170115203762,5.92650640113798,6.02959405940594,6.53341644562334,6.69583437578028,115
"118",2021,10,6.5,6,7,6,4,5.5,7,3,3,1,2,4,1985,1279,706,203,379,1606,6.66439529974811,7.07153297107115,5.92681869688385,6.0195960591133,6.52796306068602,6.69659194894147,116
"119",2021,11,6.64285714285714,7,7.25,5.83333333333333,4,NA,6.64285714285714,4,3,1,0,7,1992,1283,709,204,379,1613,6.66431961345382,7.07208937646142,5.92642313117066,6.00969607843137,6.52796306068602,6.69635875387477,117
"120",2021,12,6.11538461538461,13,6.22727272727273,5.5,NA,7,6.04166666666667,11,2,0,1,12,2005,1294,711,204,380,1625,6.66076043391521,7.0649077820711,5.92522362869198,6.00969607843137,6.52920526315789,6.69152410461539,118
"121",2022,1,6.45,10,7.16666666666667,5.375,4,NA,6.45,6,4,2,0,10,2015,1300,715,206,380,1635,6.6597144764268,7.06537743846154,5.92214545454545,5.99018446601942,6.52920526315789,6.69004689296636,119
"122",2022,2,7.15,8,7.45714285714286,5,NA,7,7.17142857142857,7,1,0,1,7,2023,1307,716,206,381,1642,6.66165332179931,7.06747564651875,5.92085754189944,5.99018446601942,6.53044094488189,6.6920990682095,120
"123",2022,3,6.42857142857143,7,7.25,5.33333333333333,5,NA,6.42857142857143,4,3,1,0,7,2030,1311,719,207,381,1649,6.66084959113301,7.06803254767353,5.91840611961057,5.98540096618358,6.53044094488189,6.69098039417829,121
"124",2022,4,6.145,8,6.36,5.5,5,NA,6.145,6,2,1,0,8,2038,1317,721,208,381,1657,6.65882466633955,7.06480688686409,5.9172454923717,5.98066346153846,6.53044094488189,6.6883443995172,122
"125",2022,5,5.5,3,NA,5.5,5.25,NA,5.5,0,3,2,0,3,2041,1317,724,210,381,1660,6.65712134737874,7.06480688686409,5.91551657458563,5.97370476190476,6.53044094488189,6.68619678915663,123
"126",2022,6,6.78181818181818,11,6.65714285714286,7,7.6,7.66666666666667,6.45,7,4,1,3,8,2052,1324,728,211,384,1668,6.65778980019493,7.06265156344411,5.92147527472527,5.98141232227488,6.53931770833333,6.68506395083933,124
"127",2022,7,6.61538461538461,13,6.75,6.5,NA,NA,6.61538461538461,6,7,0,0,13,2065,1330,735,211,384,1681,6.65752284261501,7.06124110526316,5.9269850340136,5.98141232227488,6.53931770833333,6.68452508625818,125
"128",2022,8,6.6512,10,6.564,7,4,7.17066666666667,6.42857142857143,8,2,1,3,7,2075,1338,737,212,387,1688,6.65749237108434,7.05826806427504,5.92989687924016,5.97206603773585,6.54421188630491,6.68346366706162,126
