"","year","month","avg_rating","no_ratings","avg_rating_owned","avg_rating_not_owned","avg_rating_prev_owned","avg_rating_comment","avg_rating_no_comment","no_ratings_owned","no_ratings_not_owned","no_ratings_prev_owned","no_ratings_comment","no_ratings_no_comment","cum_no_ratings","cum_no_ratings_owned","cum_no_ratings_not_owned","cum_no_ratings_prev_owned","cum_no_ratings_comment","cum_no_ratings_no_comment","cum_avg_rating","cum_avg_rating_owned","cum_avg_rating_not_owned","cum_avg_rating_prev_owned","cum_avg_rating_comment","cum_avg_rating_no_comment","month_after_release"
"1",2001,6,8.33333333333333,3,10,7.5,NA,NA,8.33333333333333,1,2,0,0,3,3,1,2,0,0,3,8.33333333333333,10,7.5,NA,NA,8.33333333333333,0
"2",2001,7,8,2,8,NA,NA,9,7,2,0,0,1,1,5,3,2,0,1,4,8.2,8.66666666666667,7.5,NA,9,8,1
"3",2001,9,9,2,10,8,NA,9,NA,1,1,0,2,0,7,4,3,0,3,4,8.42857142857143,9,7.66666666666667,NA,9,8,3
"4",2001,10,6,2,7,5,NA,5,7,1,1,0,1,1,9,5,4,0,4,5,7.88888888888889,8.6,7,NA,8,7.8,4
"5",2001,12,10,1,10,NA,NA,10,NA,1,0,0,1,0,10,6,4,0,5,5,8.1,8.83333333333333,7,NA,8.4,7.8,6
"6",2002,1,8,1,NA,8,NA,NA,8,0,1,0,0,1,11,6,5,0,5,6,8.09090909090909,8.83333333333333,7.2,NA,8.4,7.83333333333333,7
"7",2002,4,7,1,NA,7,NA,NA,7,0,1,0,0,1,12,6,6,0,5,7,8,8.83333333333333,7.16666666666667,NA,8.4,7.71428571428571,10
"8",2002,5,8,1,8,NA,NA,NA,8,1,0,0,0,1,13,7,6,0,5,8,8,8.71428571428571,7.16666666666667,NA,8.4,7.75,11
"9",2002,6,9.75,2,9.75,NA,NA,10,9.5,2,0,0,1,1,15,9,6,0,6,9,8.23333333333334,8.94444444444444,7.16666666666667,NA,8.66666666666667,7.94444444444444,12
"10",2002,7,6.75,4,6,9,NA,5,7.33333333333333,3,1,0,1,3,19,12,7,0,7,12,7.92105263157895,8.20833333333333,7.42857142857143,NA,8.14285714285714,7.79166666666667,13
"11",2002,8,7.25,4,7.33333333333333,7,NA,7,7.33333333333333,3,1,0,1,3,23,15,8,0,8,15,7.80434782608696,8.03333333333333,7.375,NA,8,7.7,14
"12",2002,9,7.5,2,10,5,NA,10,5,1,1,0,1,1,25,16,9,0,9,16,7.78,8.15625,7.11111111111111,NA,8.22222222222222,7.53125,15
"13",2002,10,6.5,4,7.33333333333333,4,NA,6,7,3,1,0,2,2,29,19,10,0,11,18,7.60344827586207,8.02631578947368,6.8,NA,7.81818181818182,7.47222222222222,16
"14",2002,11,10,1,NA,10,NA,10,NA,0,1,0,1,0,30,19,11,0,12,18,7.68333333333334,8.02631578947368,7.09090909090909,NA,8,7.47222222222222,17
"15",2002,12,8,4,7.5,8.5,NA,7.5,8.5,2,2,0,2,2,34,21,13,0,14,20,7.72058823529412,7.97619047619048,7.30769230769231,NA,7.92857142857143,7.575,18
"16",2003,1,7.33333333333333,3,7,7.5,NA,NA,7.33333333333333,1,2,0,0,3,37,22,15,0,14,23,7.68918918918919,7.93181818181818,7.33333333333333,NA,7.92857142857143,7.54347826086957,19
"17",2003,2,7.5,4,7,8,NA,8,7,2,2,0,2,2,41,24,17,0,16,25,7.67073170731707,7.85416666666667,7.41176470588235,NA,7.9375,7.5,20
"18",2003,3,8,1,NA,8,NA,NA,8,0,1,0,0,1,42,24,18,0,16,26,7.67857142857143,7.85416666666667,7.44444444444444,NA,7.9375,7.51923076923077,21
"19",2003,4,7,3,7.5,6,NA,NA,7,2,1,0,0,3,45,26,19,0,16,29,7.63333333333333,7.82692307692308,7.36842105263158,NA,7.9375,7.46551724137931,22
"20",2003,5,5,8,5.33333333333333,4.8,NA,4.8,5.33333333333333,3,5,0,5,3,53,29,24,0,21,32,7.23584905660377,7.56896551724138,6.83333333333333,NA,7.19047619047619,7.265625,23
"21",2003,6,8.16666666666667,3,10,7.25,NA,9.5,7.5,1,2,0,1,2,56,30,26,0,22,34,7.28571428571429,7.65,6.86538461538461,NA,7.29545454545455,7.27941176470588,24
"22",2003,7,6.87931034482759,29,7.46428571428571,6.33333333333333,5,6.8125,6.90476190476191,14,15,1,8,21,85,44,41,1,30,55,7.14705882352941,7.59090909090909,6.67073170731707,5,7.16666666666667,7.13636363636364,25
"23",2003,8,6.125,8,6.5,6,NA,7,5.25,2,6,0,4,4,93,46,47,1,34,59,7.05913978494624,7.54347826086957,6.58510638297872,5,7.14705882352941,7.00847457627119,26
"24",2003,9,6.66666666666667,6,6.33333333333333,7,NA,5.66666666666667,7.66666666666667,3,3,0,3,3,99,49,50,1,37,62,7.03535353535354,7.46938775510204,6.61,5,7.02702702702703,7.04032258064516,27
"25",2003,10,6,2,6,6,NA,6,6,1,1,0,1,1,101,50,51,1,38,63,7.01485148514851,7.44,6.59803921568627,5,7,7.02380952380952,28
"26",2003,11,7.16666666666667,6,7,7.5,NA,7,7.5,4,2,0,4,2,107,54,53,1,42,65,7.02336448598131,7.40740740740741,6.63207547169811,5,7,7.03846153846154,29
"27",2003,12,5.77777777777778,9,6.5,5.2,NA,NA,5.77777777777778,4,5,0,0,9,116,58,58,1,42,74,6.92672413793103,7.3448275862069,6.50862068965517,5,7,6.88513513513514,30
"28",2004,1,6.625,8,5,6.85714285714286,NA,7.4,5.33333333333333,1,7,0,5,3,124,59,65,1,47,77,6.90725806451613,7.30508474576271,6.54615384615385,5,7.04255319148936,6.82467532467532,31
"29",2004,2,6.09090909090909,11,7,5,NA,6.66666666666667,5.875,6,5,0,3,8,135,65,70,1,50,85,6.84074074074074,7.27692307692308,6.43571428571429,5,7.02,6.73529411764706,32
"30",2004,3,7.25,4,8.5,6,NA,7.5,7,2,2,0,2,2,139,67,72,1,52,87,6.85251798561151,7.3134328358209,6.42361111111111,5,7.03846153846154,6.74137931034483,33
"31",2004,4,6.6,5,7.5,6,NA,7.33333333333333,5.5,2,3,0,3,2,144,69,75,1,55,89,6.84375,7.31884057971014,6.40666666666667,5,7.05454545454545,6.71348314606742,34
"32",2004,5,6,5,8,4.66666666666667,NA,6,6,2,3,0,3,2,149,71,78,1,58,91,6.81543624161074,7.33802816901408,6.33974358974359,5,7,6.6978021978022,35
"33",2004,6,7,12,8.625,3.75,NA,7.5,6.75,8,4,0,4,8,161,79,82,1,62,99,6.82919254658385,7.46835443037975,6.21341463414634,5,7.03225806451613,6.7020202020202,36
"34",2004,7,6.64285714285714,7,8.66666666666667,5.125,NA,5.5,7.1,3,4,0,2,5,168,82,86,1,64,104,6.82142857142857,7.51219512195122,6.16279069767442,5,6.984375,6.72115384615385,37
"35",2004,8,7,5,8,3,NA,6.66666666666667,7.5,4,1,0,3,2,173,86,87,1,67,106,6.82658959537572,7.53488372093023,6.1264367816092,5,6.97014925373134,6.73584905660377,38
"36",2004,9,7.21428571428571,7,7.25,7,NA,5,7.58333333333333,6,1,0,1,6,180,92,88,1,68,112,6.84166666666667,7.51630434782609,6.13636363636364,5,6.94117647058824,6.78125,39
"37",2004,10,5.85714285714286,7,6.75,4.66666666666667,NA,5.5,6.33333333333333,4,3,0,4,3,187,96,91,1,72,115,6.8048128342246,7.484375,6.08791208791209,5,6.86111111111111,6.7695652173913,40
"38",2004,11,8,7,7.5,8.66666666666667,NA,10,7.66666666666667,4,3,0,1,6,194,100,94,1,73,121,6.8479381443299,7.485,6.17021276595745,5,6.9041095890411,6.81404958677686,41
"39",2004,12,6.29166666666667,12,6.75,6.0625,NA,6.5,6.14285714285714,4,8,0,5,7,206,104,102,1,78,128,6.81553398058252,7.45673076923077,6.16176470588235,5,6.87820512820513,6.77734375,42
"40",2005,1,7.44565217391304,23,7.97368421052632,4.9375,NA,7.71428571428571,7.328125,19,4,0,7,16,229,123,106,1,85,144,6.87882096069869,7.53658536585366,6.11556603773585,5,6.94705882352941,6.83854166666667,43
"41",2005,2,7.4375,8,6.4,9.16666666666667,NA,7.6,7.16666666666667,5,3,0,5,3,237,128,109,1,90,147,6.89767932489451,7.4921875,6.19954128440367,5,6.98333333333333,6.84523809523809,44
"42",2005,3,8.03846153846154,13,8.875,6.7,NA,8.25,7.7,8,5,0,8,5,250,136,114,1,98,152,6.957,7.57352941176471,6.22149122807018,5,7.08673469387755,6.87335526315789,45
"43",2005,4,7.42307692307692,13,7.4,7.5,NA,8.14285714285714,6.58333333333333,10,3,0,7,6,263,146,117,1,105,158,6.98003802281369,7.56164383561644,6.2542735042735,5,7.15714285714286,6.8623417721519,46
"44",2005,5,7.86666666666667,9,8.5,7.36,NA,7,8.56,4,5,0,4,5,272,150,122,1,109,163,7.009375,7.58666666666667,6.29959016393443,5,7.15137614678899,6.91441717791411,47
"45",2005,6,7.13157894736842,19,7.79166666666667,6,NA,7.39285714285714,6.4,12,7,0,14,5,291,162,129,1,123,168,7.01735395189003,7.60185185185185,6.28333333333333,5,7.17886178861789,6.89910714285714,48
"46",2005,7,7.36363636363636,11,7.33333333333333,7.4,NA,6.6,8,6,5,0,5,6,302,168,134,1,128,174,7.02996688741722,7.59226190476191,6.325,5,7.15625,6.93706896551724,49
"47",2005,8,6.40454545454545,22,7.22307692307692,5.22222222222222,NA,5.93125,7.66666666666667,13,9,0,16,6,324,181,143,1,144,180,6.9875,7.56574585635359,6.25559440559441,5,7.02013888888889,6.96138888888889,50
"48",2005,9,5.895,10,6.33333333333333,5.70714285714286,NA,6.4,5.39,3,7,0,5,5,334,184,150,1,149,185,6.95479041916168,7.54565217391304,6.23,5,6.9993288590604,6.91891891891892,51
"49",2005,10,6.92105263157895,19,7.04166666666667,6.71428571428571,NA,7.36363636363636,6.3125,12,7,0,11,8,353,196,157,1,160,193,6.95297450424929,7.51479591836735,6.2515923566879,5,7.024375,6.89378238341969,52
"50",2005,11,6.71333333333333,30,7.53125,5.77857142857143,NA,7.03571428571429,6.43125,16,14,0,14,16,383,212,171,1,174,209,6.93420365535248,7.51603773584906,6.21286549707603,5,7.02528735632184,6.85837320574163,53
"51",2005,12,7.23529411764706,17,7.36363636363636,7,NA,7.6,6.71428571428571,11,6,0,10,7,400,223,177,1,184,216,6.947,7.5085201793722,6.23954802259887,5,7.05652173913044,6.8537037037037,54
"52",2006,1,6.68928571428571,28,7.23888888888889,5.7,NA,6.1125,7.45833333333333,18,10,0,16,12,428,241,187,1,200,228,6.93014018691589,7.48838174273859,6.21069518716578,5,6.981,6.88552631578947,55
"53",2006,2,6.54875,16,6.98,5.6,NA,6.36666666666667,6.78285714285714,11,5,0,9,7,444,252,192,1,209,235,6.9163963963964,7.46619047619048,6.19479166666667,5,6.95454545454545,6.88246808510638,56
"54",2006,3,7.24666666666667,15,7.08333333333333,7.9,NA,7.425,7.18181818181818,12,3,0,4,11,459,264,195,1,213,246,6.92718954248366,7.44878787878788,6.22102564102564,5,6.96338028169014,6.89585365853659,57
"55",2006,4,7.34375,16,7.77777777777778,6.78571428571429,NA,7.3125,7.375,9,7,0,8,8,475,273,202,1,221,254,6.94122105263158,7.4596336996337,6.24059405940594,5,6.97601809954751,6.91094488188976,58
"56",2006,5,6.9,15,8,6.16666666666667,NA,6.1875,7.71428571428571,6,9,0,8,7,490,279,211,1,229,261,6.93995918367347,7.47125448028674,6.23744075829384,5,6.94847161572052,6.93249042145594,59
"57",2006,6,6.3125,8,7.16666666666667,5.8,NA,6.375,6.25,3,5,0,4,4,498,282,216,1,233,265,6.92987951807229,7.46801418439716,6.22731481481482,5,6.93862660944206,6.92218867924528,60
"58",2006,7,6.45238095238095,21,7.88888888888889,5.375,NA,6.4375,6.46153846153846,9,12,0,8,13,519,291,228,1,241,278,6.91055876685935,7.48103092783505,6.18245614035088,5,6.92199170124481,6.90064748201439,61
"59",2006,8,6.47916666666667,24,7.6,5.67857142857143,NA,6.7,6.32142857142857,10,14,0,10,14,543,301,242,1,251,292,6.89149171270718,7.48498338870432,6.15330578512397,5,6.91314741035857,6.87287671232877,62
"60",2006,9,6.92307692307692,26,7.46428571428571,6.29166666666667,NA,6.75,7.125,14,12,0,14,12,569,315,254,1,265,304,6.89293497363796,7.48406349206349,6.15984251968504,5,6.90452830188679,6.88282894736842,63
"61",2006,10,6.35,20,6.875,5.5625,NA,5.91666666666667,6.53571428571429,12,8,0,6,14,589,327,262,1,271,318,6.87449915110357,7.4617125382263,6.14160305343512,5,6.88265682656827,6.86754716981132,64
"62",2006,11,5.47368421052632,19,5.7,5.22222222222222,10,5.33333333333333,5.53846153846154,10,9,1,6,13,608,337,271,2,277,331,6.83072368421053,7.40943620178042,6.11107011070111,7.5,6.84909747292419,6.81534743202417,65
"63",2006,12,6.91447368421053,38,7.06481481481481,6.54545454545455,NA,6.66666666666667,6.99137931034483,27,11,0,9,29,646,364,282,2,286,360,6.83565015479876,7.38387362637363,6.12801418439716,7.5,6.84335664335664,6.82952777777778,66
"64",2007,1,6.9635593220339,59,7.06153846153846,6.88636363636364,NA,7.184,6.80147058823529,26,33,0,25,34,705,390,315,2,311,394,6.84635460992908,7.36238461538461,6.20746031746032,7.5,6.87073954983923,6.82710659898477,67
"65",2007,2,6.5425625,36,6.7335,6.303890625,8,6.42857142857143,6.61510227272727,20,16,1,14,22,741,410,331,3,325,416,6.83159547908232,7.33170731707317,6.21212160120846,7.66666666666667,6.85169230769231,6.81589483173077,68
"66",2007,3,6.69411764705882,34,7.14444444444444,6.1875,5,6.65,6.7125,18,16,1,10,24,775,428,347,4,335,440,6.82556419354839,7.32383177570093,6.21098631123919,7,6.84567164179105,6.81025511363636,69
"67",2007,4,6.54146341463415,41,6.9875,5.91176470588235,NA,6.5304347826087,6.55555555555556,24,17,0,23,18,816,452,364,4,358,458,6.81128952205882,7.30597345132743,6.19701167582418,7,6.82541899441341,6.80024508733625,70
"68",2007,5,6.83928571428571,28,7.60833333333333,6.2625,7,6.28333333333333,7.25625,12,16,1,12,16,844,464,380,5,370,474,6.8122183056872,7.31379310344828,6.19976907894737,7,6.80783783783784,6.81563765822785,71
"69",2007,6,6.66111111111111,27,7.86428571428571,5.36538461538461,NA,6.825,6.59210526315789,14,13,0,8,19,871,478,393,5,378,493,6.80753415614237,7.32991631799163,6.17216857506361,7,6.80820105820106,6.80702281947262,72
"70",2007,7,6.55365853658537,41,7.23636363636364,5.76315789473684,NA,5.53333333333333,7.14230769230769,22,19,0,15,26,912,500,412,5,393,519,6.7961208881579,7.3258,6.15330643203884,7,6.75954198473282,6.82381936416185,73
"71",2007,8,6.83571428571429,28,7.61176470588235,5.63636363636364,NA,6.52857142857143,7.14285714285714,17,11,0,14,14,940,517,423,5,407,533,6.79730026595745,7.33520309477756,6.13986347517731,7,6.75159705159705,6.83219934333959,74
"72",2007,9,6.771875,32,7.41818181818182,5.35,NA,7.55714285714286,6.552,22,10,0,7,25,972,539,433,5,414,558,6.79646322016461,7.33858998144712,6.12162182448037,7,6.76521739130435,6.819645609319,75
"73",2007,10,6.77931034482759,29,7.3,6.22142857142857,6,6.5,6.95,15,14,1,11,18,1001,554,447,6,425,576,6.79596628371628,7.33754512635379,6.12474776286354,6.83333333333333,6.75835294117647,6.82371918402778,76
"74",2007,11,6.77755102040816,49,7.01153846153846,6.51304347826087,NA,7.10454545454545,6.51111111111111,26,23,0,22,27,1050,580,470,6,447,603,6.79510690476191,7.32293103448276,6.14374946808511,6.83333333333333,6.77539149888143,6.80972180762852,77
"75",2007,12,6.20486111111111,72,7.05161290322581,5.56463414634146,NA,6.6051282051282,5.73181818181818,31,41,0,39,33,1122,611,511,6,486,636,6.75723016934046,7.30916530278232,6.09728424657534,6.83333333333333,6.76172839506173,6.75379284591195,78
"76",2008,1,7.34923076923077,65,7.70816326530612,6.25,5,7.44,7.27142857142857,49,16,1,30,35,1187,660,527,7,516,671,6.78964806234204,7.33878787878788,6.10192077798862,6.57142857142857,6.80116279069767,6.78079321907601,79
"77",2008,2,6.27352941176471,34,6.72,5.92105263157895,NA,6.33125,6.22222222222222,15,19,0,16,18,1221,675,546,7,532,689,6.77527620802621,7.32503703703704,6.09562683150183,6.57142857142857,6.78703007518797,6.76620065312046,80
"78",2008,3,6.38513513513514,37,7.28947368421053,5.43055555555556,NA,5.61538461538461,6.80208333333333,19,18,0,13,24,1258,694,564,7,545,713,6.76380147058823,7.32406340057637,6.07440115248227,6.57142857142857,6.75908256880734,6.76740848527349,81
"79",2008,4,6.99637837837838,37,7.414,6.55555555555556,10,7.06666666666667,6.94845454545455,19,18,1,15,22,1295,713,582,8,560,735,6.77044652509653,7.32646002805049,6.08928221649485,7,6.76732142857143,6.77282755102041,82
"80",2008,5,7.22222222222222,27,7.79166666666667,6.76666666666667,8,8.1,6.70588235294118,12,15,1,10,17,1322,725,597,9,570,752,6.77967341149773,7.33416,6.10630192629816,7.11111111111111,6.79070175438596,6.77131416223404,83
"81",2008,6,6.97647058823529,34,6.98125,6.97222222222222,NA,6.38181818181818,7.26086956521739,16,18,0,11,23,1356,741,615,9,581,775,6.7846078539823,7.32653981106613,6.13164593495935,7.11111111111111,6.78296041308089,6.78584290322581,84
"82",2008,7,6.96341463414634,41,7.01785714285714,6.84615384615385,NA,6.77777777777778,7.10869565217391,28,13,0,18,23,1397,769,628,9,599,798,6.78985558339299,7.31530039011703,6.14643670382166,7.11111111111111,6.78280467445743,6.79514818295739,85
"83",2008,8,6.61296296296296,27,7.35833333333333,6.01666666666667,6.5,6.7,6.56944444444444,12,15,2,9,18,1424,781,643,11,608,816,6.78650158005618,7.31596158770807,6.14340940902022,7,6.78157894736842,6.79016942401961,86
"84",2008,9,7.06176470588235,34,7.70666666666667,6.55263157894737,8,7.03529411764706,7.08823529411765,15,19,1,17,17,1458,796,662,12,625,833,6.79292061042524,7.32332412060302,6.15515445619335,7.08333333333333,6.78848,6.79625240096038,87
"85",2008,10,6.7741935483871,31,7.20588235294118,6.25,NA,6.27272727272727,7.05,17,14,0,11,20,1489,813,676,12,636,853,6.79253072531901,7.32086838868389,6.15711871301775,7.08333333333333,6.77955974842767,6.80220193434935,88
"86",2008,11,6.8275,40,7.05238095238095,6.57894736842105,5,6.77272727272727,6.84827586206897,21,19,1,11,29,1529,834,695,13,647,882,6.79344555264879,7.31410791366906,6.16865071942446,6.92307692307692,6.77944358578053,6.80371683673469,89
"87",2008,12,6.06451612903226,31,5.97222222222222,6.19230769230769,3,5.79166666666667,6.23684210526316,18,13,1,12,19,1560,852,708,14,659,901,6.77896041666667,7.28575821596244,6.16908509887006,6.64285714285714,6.76145675265554,6.791762763596,90
"88",2009,1,6.77083333333333,48,6.7258064516129,6.85294117647059,5,7.24444444444444,6.48666666666667,31,17,1,18,30,1608,883,725,15,677,931,6.77871781716418,7.26609966024915,6.18512034482759,6.53333333333333,6.77429837518464,6.78193152524168,91
"89",2009,2,6.51927710843373,83,7.06666666666667,6.158,8.66666666666667,6.9625,6.4134328358209,33,50,3,16,67,1691,916,775,18,693,998,6.76598358959196,7.25891484716157,6.18337064516129,6.88888888888889,6.77864357864358,6.75719263527054,92
"90",2009,3,6.39625,80,6.51428571428571,6.30444444444444,6.25,6.3,6.44,35,45,2,25,55,1771,951,820,20,718,1053,6.74928190287973,7.23150998948475,6.19001493902439,6.825,6.76197771587744,6.74062511870845,93
"91",2009,4,5.83888888888889,63,6.1975,5.67209302325581,NA,5.3,5.94056603773585,20,43,0,10,53,1834,971,863,20,728,1106,6.7180088604144,7.21021215242019,6.16420886442642,6.825,6.7418956043956,6.7022859403255,94
"92",2009,5,7.03965517241379,58,7.72413793103448,6.3551724137931,6,7.08125,7.02380952380952,29,29,1,16,42,1892,1000,892,21,744,1148,6.72786905391121,7.225116,6.1704173206278,6.78571428571429,6.7491935483871,6.71404899825784,95
"93",2009,6,6.81666666666667,60,7.32758620689655,6.33870967741935,6,6.54166666666667,6.88541666666667,29,31,1,12,48,1952,1029,923,22,756,1196,6.73059848872951,7.22800388726919,6.1760696099675,6.75,6.74589947089947,6.72092663043478,96
"94",2009,7,6.79285714285714,56,7.53,6.38333333333333,NA,7.38461538461539,6.61395348837209,20,36,0,13,43,2008,1049,959,22,769,1239,6.73233478585657,7.23376167778837,6.18385010427529,6.75,6.75669700910273,6.71721408393866,97
"95",2009,8,7.015625,48,7.2575,6.84285714285714,NA,6.38846153846154,7.24857142857143,20,28,0,13,35,2056,1069,987,22,782,1274,6.7389485651751,7.23420579981291,6.20254533941236,6.75,6.75057544757033,6.73181181318681,98
"96",2009,9,7.17857142857143,42,7.78947368421053,6.67391304347826,NA,8.33333333333333,6.86363636363636,19,23,0,9,33,2098,1088,1010,22,791,1307,6.74774940419447,7.24390257352941,6.21327945544555,6.75,6.76858407079646,6.73514020657995,99
"97",2009,10,6.75775862068966,58,6.962,6.6030303030303,6,6.55,6.80104166666667,25,33,1,10,48,2156,1113,1043,23,801,1355,6.74801866883117,7.23757053009883,6.22561097794823,6.71739130434783,6.76585518102372,6.73747472324723,100
"98",2009,11,6.54935064935065,77,7.03658536585366,5.99444444444444,4,6.85294117647059,6.46333333333333,41,36,1,17,60,2233,1154,1079,24,818,1415,6.74116804746977,7.23042980935875,6.21789828544949,6.60416666666667,6.76766503667482,6.72585035335689,101
"99",2009,12,6.9320987654321,81,7.3027027027027,6.62045454545455,6.75,6.71428571428571,7.00833333333333,37,44,4,21,60,2314,1191,1123,28,839,1475,6.74785144770959,7.23267506297229,6.23367074799644,6.625,6.76632896305125,6.73734118644068,102
"100",2010,1,6.84166666666667,72,7.18611111111111,6.49722222222222,5,6.10833333333333,6.98833333333333,36,36,1,12,60,2386,1227,1159,29,851,1535,6.75068241827326,7.23130888345558,6.24185698878343,6.56896551724138,6.75705052878966,6.74715195439739,103
"101",2010,2,6.73666666666667,60,7.459375,5.91071428571429,4,6.64444444444444,6.75294117647059,32,28,1,9,51,2446,1259,1187,30,860,1586,6.75033861406378,7.23710563939635,6.23404570345409,6.48333333333333,6.75587209302326,6.7473381147541,104
"102",2010,3,6.94090909090909,44,7.38823529411765,6.65925925925926,NA,8.1,6.79230769230769,17,27,0,5,39,2490,1276,1214,30,865,1625,6.75370612449799,7.23911912225706,6.24350267710049,6.48333333333333,6.76364161849711,6.74841738461538,105
"103",2010,4,6.69512195121951,41,6.94,6.3125,NA,6.27777777777778,6.8125,25,16,0,9,32,2531,1301,1230,30,874,1657,6.75275711181351,7.2333712528824,6.24440020325203,6.48333333333333,6.75863844393593,6.74965494870247,106
"104",2010,5,6.47441860465116,43,7.34666666666667,6.00714285714286,7.75,6.12727272727273,6.59375,15,28,2,11,32,2574,1316,1258,32,885,1689,6.74810732323233,7.23466261398177,6.23911943561208,6.5625,6.75079096045198,6.74670115452931,107
"105",2010,6,7.0375,40,7.44444444444444,6.70454545454545,10,6.28571428571429,7.1969696969697,18,22,1,7,33,2614,1334,1280,33,892,1722,6.75253567329763,7.23749325337332,6.2471189453125,6.66666666666667,6.74714125560538,6.7553299941928,108
"106",2010,7,6.45714285714286,35,6.96153846153846,6.15909090909091,1,6.2,6.5,13,22,1,5,30,2649,1347,1302,34,897,1752,6.74863278595697,7.2348299925761,6.24563152841782,6.5,6.74409141583055,6.75095790525114,109
"107",2010,8,7.26666666666667,48,7.66666666666667,6.95555555555556,6,7.05555555555556,7.31538461538462,21,27,1,9,39,2697,1368,1329,35,906,1791,6.75785252131999,7.24145906432749,6.2600543641836,6.48571428571429,6.74718543046358,6.76324860413177,110
"108",2010,9,7.52857142857143,28,7.84210526315789,6.86666666666667,NA,8.625,7.09,19,9,0,8,20,2725,1387,1338,35,914,1811,6.76577183486239,7.24968709444845,6.26413471599402,6.48571428571429,6.76362144420131,6.76685712313639,111
"109",2010,10,6.38714285714286,35,7.05263157894737,5.596875,NA,6.55555555555556,6.32884615384615,19,16,0,9,26,2760,1406,1354,35,923,1837,6.76097038043478,7.24702418207682,6.25624981536189,6.48571428571429,6.76159263271939,6.76065772999455,112
"110",2010,11,6.38301886792453,53,6.356,6.40714285714286,NA,6.02307692307692,6.5,25,28,0,13,40,2813,1431,1382,35,936,1877,6.75384936011376,7.23145772187282,6.25930698263386,6.48571428571429,6.75133547008547,6.75510295684603,113
"111",2010,12,6.375,56,7,6,5.5,6.0625,6.42708333333333,21,35,2,8,48,2869,1452,1417,37,944,1925,6.74645460090624,7.22811019283747,6.25290208186309,6.43243243243243,6.74549788135593,6.74692376623376,114
"112",2011,1,6.61764705882353,68,7.06666666666667,6.19428571428571,NA,7.9,6.47049180327869,33,35,0,7,61,2937,1485,1452,37,951,1986,6.74347233571672,7.22452255892256,6.25148915289256,6.43243243243243,6.75399579390116,6.7384331570997,115
"113",2011,2,6.6,62,6.853125,6.33,4.45,6.94,6.53461538461538,32,30,2,10,52,2999,1517,1482,39,961,2038,6.74050625208403,7.21668820039552,6.25307844129554,6.33076923076923,6.75593132154006,6.73323270363101,116
"114",2011,3,6.58020833333333,48,6.86764705882353,6.42258064516129,7,5.985,6.73684210526316,17,31,1,10,38,3047,1534,1513,40,971,2076,6.73798104693141,7.21282007822686,6.25655138797092,6.3475,6.74799176107106,6.7332987716763,117
"115",2011,4,7.31690476190476,42,8,6.63380952380952,5,6.42625,7.52647058823529,21,21,1,8,34,3089,1555,1534,41,979,2110,6.74585246034315,7.22345080385852,6.26171593872229,6.31463414634146,6.74536261491318,6.74607973933649,118
"116",2011,5,6.69512195121951,41,6.96086956521739,6.35555555555556,3.5,5.6375,6.95151515151515,23,18,1,8,33,3130,1578,1552,42,987,2143,6.74518793929713,7.21962357414449,6.26280428479381,6.24761904761905,6.7363829787234,6.74924323378441,119
"117",2011,6,6.12,35,6.3125,5.95789473684211,5,4.28571428571429,6.57857142857143,16,19,1,7,28,3165,1594,1571,43,994,2171,6.738274328594,7.21051819322459,6.25911664544876,6.21860465116279,6.71912474849095,6.74704203132197,120
"118",2011,7,6.9811320754717,53,7.48076923076923,6.5,6,6.92857142857143,7,26,27,1,14,39,3218,1620,1598,44,1008,2210,6.74227416096955,7.21485555555556,6.26318663954943,6.21363636363636,6.72203373015873,6.75150599547511,121
"119",2011,8,6.66860465116279,43,7.23529411764706,6.29807692307692,6,6.78125,6.64285714285714,17,26,2,8,35,3261,1637,1624,46,1016,2245,6.74130274455689,7.21506780696396,6.26374522783251,6.20434782608696,6.7225,6.74981213808463,122
"120",2011,9,7.20294117647059,34,7.25,7.16111111111111,9,7.27272727272727,7.1695652173913,16,18,1,11,23,3295,1653,1642,47,1027,2268,6.74606623672231,7.21540592861464,6.27358236906212,6.26382978723404,6.72839337877313,6.75406889329806,123
"121",2011,10,6.47826086956522,46,7.10526315789474,6.03703703703704,6.5,7.375,6.39285714285714,19,27,2,4,42,3341,1672,1669,49,1031,2310,6.74237900329243,7.2141543062201,6.26975569203115,6.2734693877551,6.73090203685742,6.74750140692641,124
"122",2011,11,6.80673076923077,52,7.835,6.1640625,NA,6.47692307692308,6.91666666666667,20,32,0,13,39,3393,1692,1701,49,1044,2349,6.74336523725317,7.22149290780142,6.26776734273956,6.2734693877551,6.72773946360153,6.75031002554278,125
"123",2011,12,7.04625,52,7.31666666666667,6.81446428571429,6.375,7.04166666666667,7.047625,24,28,4,12,40,3445,1716,1729,53,1056,2389,6.74793708272859,7.22282400932401,6.27662073452863,6.2811320754717,6.73130681818182,6.75528809125157,126
"124",2012,1,6.79859154929577,71,7.235,6.23548387096774,5,6.92380952380952,6.746,40,31,1,21,50,3516,1756,1760,54,1077,2439,6.74895996871445,7.2231013667426,6.27589616477272,6.25740740740741,6.73506035283194,6.75509768347683,127
"125",2012,2,6.48837209302326,43,7.08823529411765,6.09615384615385,NA,5.91666666666667,6.58108108108108,17,26,0,6,37,3559,1773,1786,54,1083,2476,6.7458115341388,7.22180823463057,6.27327953527435,6.25740740740741,6.73052631578947,6.75249727382876,128
"126",2012,3,6.61785714285714,28,7.73,6,NA,7.33333333333333,6.532,10,18,0,3,25,3587,1783,1804,54,1086,2501,6.74481272651241,7.22465844083006,6.27055279933481,6.25740740740741,6.73219152854512,6.75029318272691,129
"127",2012,4,6.4,37,6.65555555555556,6.15789473684211,4.5,5.6875,6.59655172413793,18,19,1,8,29,3624,1801,1823,55,1094,2530,6.7412922875276,7.2189705719045,6.26937863411958,6.22545454545454,6.7245521023766,6.74853092885375,130
"128",2012,5,6.46046511627907,43,6.75,6.28888888888889,2,6,6.50769230769231,16,27,1,4,39,3667,1817,1850,56,1098,2569,6.73799925006818,7.2148409466153,6.26966337837838,6.15,6.72191256830601,6.74487475671467,131
"129",2012,6,6.92222222222222,36,7.61538461538461,6.5304347826087,NA,8.04,6.74193548387097,13,23,0,5,31,3703,1830,1873,56,1103,2600,6.73979023764515,7.21768633879782,6.27286558996262,6.15,6.7278875793291,6.74483971153846,132
"130",2012,7,6.58147058823529,34,7.4375,5.82055555555556,3.5,6.3125,6.66423076923077,16,18,1,8,26,3737,1846,1891,57,1111,2626,6.73834981268397,7.21959154929578,6.26856015335801,6.10350877192982,6.72489648964896,6.74404160319878,133
"131",2012,8,7.17142857142857,35,7.875,6.80434782608696,NA,7.9,7.05,12,23,0,5,30,3772,1858,1914,57,1116,2656,6.74236830593849,7.22382454251884,6.27499856321839,6.10350877192982,6.73016129032258,6.74749745858434,134
"132",2012,9,6.95925925925926,27,7.08333333333333,6.86,NA,6.6,7.04090909090909,12,15,0,5,22,3799,1870,1929,57,1121,2678,6.74390977888918,7.22292299465241,6.2795475635044,6.10350877192982,6.72958073148974,6.74990786034354,135
"133",2012,10,6.59444444444444,54,6.56153846153846,6.625,5.5,6.28333333333333,6.63333333333333,26,28,2,6,48,3853,1896,1957,59,1127,2726,6.74181501427459,7.21385337552743,6.28449016351558,6.08305084745763,6.7272049689441,6.74785519075569,136
"134",2012,11,6.8287037037037,54,7.33035714285714,6.28846153846154,5.5,6.63636363636364,6.87790697674419,28,26,2,11,43,3907,1924,1983,61,1138,2769,6.74301593294088,7.21554885654886,6.2845422339889,6.06393442622951,6.72632688927944,6.74987477428675,137
"135",2012,12,6.16888888888889,45,6.64,5.792,NA,5.875,6.23243243243243,20,25,0,8,37,3952,1944,2008,61,1146,2806,6.73647855516194,7.20962757201646,6.27840998505976,6.06393442622951,6.72038394415358,6.74305176407698,138
"136",2013,1,6.59821428571429,56,6.78846153846154,6.43333333333333,3,8.2,6.44117647058824,26,30,1,5,51,4008,1970,2038,62,1151,2857,6.73454671906188,7.204069035533,6.28069050539745,6.01451612903226,6.72681146828844,6.73766302065103,139
"137",2013,2,6.50232558139535,43,6.9375,6.24444444444444,6,6.90909090909091,6.3625,16,27,2,11,32,4051,1986,2065,64,1162,2889,6.73208176993335,7.20192145015106,6.28021658595641,6.0140625,6.72853700516351,6.73350752855659,140
"138",2013,3,6.79635,40,7.26154545454545,6.22777777777778,8,7.67914285714286,6.60909090909091,22,18,1,7,33,4091,2008,2083,65,1169,2922,6.73271015644097,7.20257470119522,6.27976344215074,6.04461538461538,6.73422925577417,6.732102412731,141
"139",2013,4,7.07,30,7.52777777777778,6.38333333333333,3,7.66666666666667,6.92083333333333,18,12,1,6,24,4121,2026,2095,66,1175,2946,6.73516555447707,7.20546396841066,6.28035668257756,5.99848484848485,6.73899063829787,6.73363993550577,142
"140",2013,5,6.99883720930233,43,7.21666666666667,6.88214285714286,NA,6.52272727272727,7.1625,15,28,0,11,32,4164,2041,2123,66,1186,2978,6.73788838856868,7.20554630083293,6.28829357041922,5.99848484848485,6.73698482293423,6.73824823707186,143
"141",2013,6,6.65853658536585,41,7.20588235294118,6.27083333333333,5,5.83333333333333,6.8,17,24,1,6,35,4205,2058,2147,67,1192,3013,6.73711468489893,7.20554907677357,6.28809839310666,5.98358208955224,6.73243624161074,6.73896556588118,144
"142",2013,7,6.265625,32,7.34615384615385,5.52631578947368,7,4.8,6.53703703703704,13,19,1,5,27,4237,2071,2166,68,1197,3040,6.73355375265518,7.20643167551907,6.28141608956602,5.99852941176471,6.72436424394319,6.73717212171052,145
"143",2013,8,6.74875,40,6.96,6.39666666666667,NA,6.28571428571429,6.8469696969697,25,15,0,7,33,4277,2096,2181,68,1204,3073,6.73369587327566,7.20349236641222,6.28220873452545,5.99852941176471,6.72181395348837,6.73835120403514,146
"144",2013,9,6.75757575757576,33,6.92,6.68695652173913,NA,6.6875,6.78,10,23,0,8,25,4310,2106,2204,68,1212,3098,6.73387871229698,7.20214624881292,6.28643250907441,5.99852941176471,6.72158745874587,6.73868729825694,147
"145",2013,10,6.45277777777778,36,6.49,6.40625,NA,6.5,6.43928571428571,20,16,0,8,28,4346,2126,2220,68,1220,3126,6.73155021859181,7.19544684854186,6.28729605855856,5.99852941176471,6.72013442622951,6.73600551823416,148
"146",2013,11,6.528,50,6.88695652173913,6.22222222222222,NA,6,6.6,23,27,0,6,44,4396,2149,2247,68,1226,3170,6.72923504322111,7.19214518380642,6.28651412995104,5.99852941176471,6.71661011419249,6.73411774447949,149
"147",2013,12,5.895,50,6.07894736842105,5.78225806451613,4.33333333333333,6,5.87790697674419,19,31,3,7,43,4446,2168,2278,71,1233,3213,6.71985318263608,7.18238929889299,6.27965199736611,5.92816901408451,6.71254176804542,6.72265896358543,150
"148",2014,1,6.82946428571429,56,7.24833333333333,6.34615384615385,4.25,5.825,6.95,30,26,2,6,50,4502,2198,2304,73,1239,3263,6.72121662594402,7.18328935395815,6.28040245225694,5.88219178082192,6.70824374495561,6.7261425835121,151
"149",2014,2,6.47560975609756,41,7.036,5.6,4.05,6.48571428571429,6.47352941176471,25,16,2,7,34,4543,2223,2320,75,1246,3297,6.71900005502972,7.18163292847504,6.27571002155172,5.83333333333333,6.70699357945425,6.72353753412193,152
"150",2014,3,6.90348837209302,43,7.47222222222222,6.494,6.45,6.3875,7.02142857142857,18,25,3,8,35,4586,2241,2345,78,1254,3332,6.72072988443088,7.18396697902722,6.27803720682303,5.85705128205128,6.70495534290271,6.72666664165666,153
"151",2014,4,6.06585365853658,41,6.07894736842105,6.05454545454545,5.5,4.2,6.325,19,22,1,5,36,4627,2260,2367,79,1259,3368,6.71492700453858,7.17467699115045,6.2759599704267,5.85253164556962,6.69500714853058,6.72237329275534,154
"152",2014,5,6.224,25,7.05454545454545,5.57142857142857,5.25,4.25,6.39565217391304,11,14,2,2,23,4652,2271,2381,81,1261,3391,6.71228874677558,7.17409511228534,6.27181740865183,5.83765432098765,6.69112926249009,6.7201572544972,155
"153",2014,6,7.20740740740741,27,7.77777777777778,6.92222222222222,NA,6,7.25384615384615,9,18,0,1,26,4679,2280,2399,81,1262,3417,6.71514581107074,7.17647807017544,6.27669747811588,5.83765432098765,6.69058161648177,6.7242181006731,156
"154",2014,7,6.85119047619048,42,6.81944444444444,6.875,4.75,7,6.82638888888889,18,24,2,6,36,4721,2298,2423,83,1268,3453,6.71635612158441,7.17368146214099,6.28262371027652,5.81144578313253,6.69204574132492,6.72528330437301,157
"155",2014,8,5.98058823529412,51,6.46111111111111,5.71848484848485,6,5.125,6.13976744186047,18,33,1,8,43,4772,2316,2456,84,1276,3496,6.70849271793797,7.16814335060449,6.27504366856677,5.81369047619048,6.6822210031348,6.71808159324943,158
"156",2014,9,6.5,34,6.8125,6.22222222222222,NA,6.66666666666667,6.48387096774194,16,18,0,3,31,4806,2332,2474,84,1279,3527,6.70701773824386,7.16570325900515,6.27465935731609,5.81369047619048,6.68218451915559,6.71602303657499,159
"157",2014,10,6.92727272727273,33,7.05789473684211,6.75,5,6.6,7.0695652173913,19,14,1,10,23,4839,2351,2488,85,1289,3550,6.7085197871461,7.16483198638877,6.27733410369775,5.80411764705882,6.681546935609,6.71831359154929,160
"158",2014,11,6.36458333333333,48,6.58,6.1304347826087,6,7.21428571428571,6.01470588235294,25,23,1,14,34,4887,2376,2511,86,1303,3584,6.70514165131982,7.15867845117845,6.27598855037833,5.80639534883721,6.68727091327705,6.71163874162946,161
"159",2014,12,6.65322580645161,62,7.42307692307692,6.09722222222222,6.375,5.22727272727273,6.96078431372549,26,36,4,11,51,4949,2402,2547,90,1314,3635,6.70449126086078,7.16154038301416,6.27346181782489,5.83166666666667,6.67504870624049,6.71513431911967,162
"160",2015,1,6.5225,60,7.10333333333333,5.94166666666667,5.5,7.15625,6.425,30,30,2,8,52,5009,2432,2577,92,1322,3687,6.70231128967858,7.16082236842105,6.26959924330617,5.82445652173913,6.67796066565809,6.71104237862761,163
"161",2015,2,6.25121951219512,41,7.08181818181818,5.28947368421053,6.75,4.75,6.41351351351351,22,19,2,4,37,5050,2454,2596,94,1326,3724,6.69864896039604,7.1601140994295,6.26242575115562,5.84414893617021,6.67214479638009,6.70808626476906,164
"162",2015,3,6.40384615384615,52,7.04166666666667,5.85714285714286,5,6.59090909090909,6.35365853658537,24,28,3,11,41,5102,2478,2624,97,1337,3765,6.69564430615445,7.15896690879742,6.25810108612805,5.8180412371134,6.67147643979058,6.70422662682603,165
"163",2015,4,7.17674418604651,43,7.52380952380952,6.84545454545455,6,6.1,7.31842105263158,21,22,1,5,38,5145,2499,2646,98,1342,3803,6.69966516034985,7.16203281312525,6.26298459939531,5.81989795918367,6.66934724292101,6.71036372600578,166
"164",2015,5,6.96764705882353,34,7.57,6.10714285714286,3,7.5,6.82962962962963,20,14,1,7,27,5179,2519,2660,99,1349,3830,6.7014244545279,7.16527193330687,6.26216437969925,5.79141414141414,6.67365752409192,6.71120450391645,167
"165",2015,6,6.31428571428571,35,8.04545454545454,5.52083333333333,6.5,6,6.34375,11,24,2,3,32,5214,2530,2684,101,1352,3862,6.69882570962792,7.16909881422925,6.25553548807749,5.80544554455445,6.67216272189349,6.70815982651476,168
"166",2015,7,6.64804878048781,41,8.06928571428571,5.91111111111111,6.5,6.95,6.55064516129032,14,27,1,10,31,5255,2544,2711,102,1362,3893,6.6984295432921,7.17405267295598,6.25210521947621,5.81225490196078,6.67420264317181,6.70690553557667,169
"167",2015,8,6.58333333333333,30,5.92857142857143,7.15625,5.5,5.16666666666667,6.74074074074074,14,16,1,3,27,5285,2558,2727,103,1365,3920,6.69777620624408,7.16723612197029,6.2574100660066,5.80922330097087,6.67088937728938,6.70713858418367,170
"168",2015,9,5.82258064516129,31,6.36363636363636,5.525,NA,5.5,5.8448275862069,11,20,0,2,29,5316,2569,2747,103,1367,3949,6.69267254514672,7.16379525107046,6.25207763014197,5.80922330097087,6.66917629846379,6.7008060901494,171
"169",2015,10,6.76274509803922,51,7.3047619047619,6.38333333333333,NA,6.11111111111111,6.90238095238095,21,30,0,9,42,5367,2590,2777,103,1376,3991,6.69333841065772,7.16493822393822,6.25349558876485,5.80922330097087,6.6655261627907,6.70292739914808,172
"170",2015,11,6.68529411764706,51,7.115,6.40806451612903,3,6.33333333333333,6.70729166666667,20,31,1,3,48,5418,2610,2808,104,1379,4039,6.6932626891842,7.16455555555556,6.25520201210826,5.78221153846154,6.66480348078318,6.70297926466947,173
"171",2015,12,6.38870967741935,62,6.7875,5.96333333333333,6.9,6.7125,6.34074074074074,32,30,1,8,54,5480,2642,2838,105,1387,4093,6.68981701642335,7.15998864496594,6.25211671952079,5.79285714285714,6.66507858687815,6.69820015880772,174
"172",2016,1,6.74266666666667,75,7.03030303030303,6.51666666666667,7.06666666666667,7.95833333333333,6.51111111111111,33,42,3,12,63,5555,2675,2880,108,1399,4156,6.6905305580558,7.15838878504673,6.25597473958333,5.82824074074074,6.67617155110793,6.69536411212704,175
"173",2016,2,7.28139534883721,43,7.2421052631579,7.3125,NA,6.92857142857143,7.35,19,24,0,7,36,5598,2694,2904,108,1406,4192,6.6950691764916,7.15897921306607,6.26470635330578,5.82824074074074,6.67742816500711,6.70098598520992,176
"174",2016,3,6.69811320754717,53,6.9,6.43478260869565,3,6.125,6.86585365853659,30,23,1,12,41,5651,2724,2927,109,1418,4233,6.69509772606618,7.15612701908957,6.26604279125384,5.80229357798165,6.67275317348378,6.70258286085518,177
"175",2016,4,6.59259259259259,54,6.98275862068965,6.14,NA,7.22222222222222,6.46666666666667,29,25,0,9,45,5705,2753,2952,109,1427,4278,6.69412747589833,7.15430076280421,6.26497535569106,5.80229357798165,6.67621864050455,6.70010127395979,178
"176",2016,5,6.66590909090909,44,7.38235294117647,6.21481481481482,5,6.5625,6.68888888888889,17,27,2,8,36,5749,2770,2979,111,1435,4314,6.69391150634893,7.15570036101083,6.26452072843236,5.78783783783784,6.67558466898955,6.70000770746407,179
"177",2016,6,6.64888888888889,45,7.22222222222222,5.78888888888889,8,7.24,6.575,27,18,1,5,40,5794,2797,2997,112,1440,4354,6.69356183120469,7.15634250983196,6.26166408074741,5.80758928571429,6.67754444444444,6.69885926734037,180
"178",2016,7,7.01836734693878,49,7.33333333333333,6.63181818181818,NA,7.33333333333333,6.9475,27,22,0,9,40,5843,2824,3019,112,1449,4394,6.69628568372411,7.15803470254958,6.26436146074859,5.80758928571429,6.6816176673568,6.70112272416932,181
"179",2016,8,7.3,48,7.4,7.22222222222222,5,7.9,7.23023255813953,21,27,1,5,43,5891,2845,3046,113,1454,4437,6.70120476150059,7.15982073813708,6.27285201904137,5.80044247787611,6.68580742778542,6.70625045075501,182
"180",2016,9,6.23529411764706,34,6.44117647058824,6.02941176470588,3,3.5,6.40625,17,17,1,2,32,5925,2862,3063,114,1456,4469,6.6985311814346,7.15555206149546,6.2715008978126,5.77587719298246,6.68143131868132,6.70410231595435,183
"181",2016,10,6.41964285714286,56,7.14,5.83870967741935,6.66666666666667,5.5625,6.5625,25,31,3,8,48,5981,2887,3094,117,1464,4517,6.69591995485704,7.15541738829235,6.26716459276018,5.79871794871795,6.67531693989071,6.70259757582466,184
"182",2016,11,6.51346153846154,52,6.66,6.421875,NA,5.775,6.64772727272727,20,32,0,8,44,6033,2907,3126,117,1472,4561,6.69434729819327,7.15200894392845,6.26874832053743,5.79871794871795,6.67042391304348,6.70206824161368,185
"183",2016,12,6.23775510204082,49,6.86363636363636,5.72777777777778,7.75,6.81666666666667,6.05,22,27,2,12,37,6082,2929,3153,119,1484,4598,6.69066873561328,7.14984294981222,6.26411584205519,5.83151260504202,6.6716064690027,6.69682106350587,186
"184",2017,1,7.04509195402299,87,7.34,6.64656756756757,7,7.18572727272727,7.02473684210526,50,37,1,11,76,6169,2979,3190,120,1495,4674,6.69566708542713,7.15303457536086,6.26855180250784,5.84125,6.67538929765886,6.70215302738553,187
"185",2017,2,6.63474576271186,59,7.17096774193548,6.04107142857143,NA,6.27272727272727,6.71770833333333,31,28,0,11,48,6228,3010,3218,120,1506,4722,6.6950899566474,7.15321926910299,6.26657248290864,5.84125,6.67244820717131,6.70231114993647,188
"186",2017,3,7.10769230769231,39,8.16842105263158,6.1,7,8.66666666666667,6.97777777777778,19,20,1,3,36,6267,3029,3238,121,1509,4758,6.69765761129727,7.1595873225487,6.26554362260655,5.85082644628099,6.67641285619616,6.70439538671711,189
"187",2017,4,6.9530612244898,49,7.46842105263158,6.62666666666667,4,7,6.95208333333333,19,30,1,1,48,6316,3048,3268,122,1510,4806,6.69963905161494,7.1615124671916,6.26885870563035,5.83565573770492,6.67662715231788,6.70686917394923,190
"188",2017,5,6.62163265306122,49,7.2584,5.95833333333333,6,7.42857142857143,6.48714285714286,25,24,1,7,42,6365,3073,3292,123,1517,4848,6.69903853102906,7.1623006833713,6.26659485115431,5.8369918699187,6.68009690177983,6.70496560437294,191
"189",2017,6,6.81960784313725,51,7.13461538461539,6.492,NA,7.625,6.75106382978723,26,25,0,4,47,6416,3099,3317,123,1521,4895,6.6999969217581,7.16206840916425,6.26829371419958,5.8369918699187,6.68258185404339,6.7054082226762,192
"190",2017,7,6.94905660377358,53,7.48214285714286,6.352,5.5,7.375,6.91428571428571,28,25,2,4,49,6469,3127,3342,125,1525,4944,6.7020374478281,7.16493444195715,6.26891988330341,5.8316,6.68439803278689,6.70747840817152,193
"191",2017,8,6.64622641509434,53,7.2962962962963,5.97115384615385,4,6.16666666666667,6.70744680851064,27,26,2,6,47,6522,3154,3368,127,1531,4991,6.70158390831033,7.16605897273304,6.26662121437055,5.80275590551181,6.68236903984324,6.70747811059908,194
"192",2017,9,6.83863636363636,66,7.1484375,6.54705882352941,8,7.3125,6.73333333333333,32,34,1,12,54,6588,3186,3402,128,1543,5045,6.70295692926533,7.1658819836786,6.26942394179894,5.819921875,6.68726960466623,6.70775485629336,195
"193",2017,10,6.4375,64,7.25357142857143,5.80277777777778,3,6.77777777777778,6.38181818181818,28,36,1,9,55,6652,3214,3438,129,1552,5100,6.70040292393265,7.16664592408214,6.2645375945317,5.79806201550388,6.68779445876289,6.70423985294117,196
"194",2017,11,6.82619047619048,42,6.94117647058824,6.748,7,7,6.8027027027027,17,25,1,5,37,6694,3231,3463,130,1557,5137,6.70119214968628,7.16545961002786,6.26802779382039,5.80730769230769,6.68879704560051,6.70494904613587,197
"195",2017,12,6.92978723404255,47,7.02777777777778,6.86896551724138,NA,7.125,6.91162790697674,18,29,0,4,43,6741,3249,3492,130,1561,5180,6.70278597389111,7.16469682979378,6.27301839919817,5.80730769230769,6.68991479820628,6.70666472007722,198
"196",2018,1,7.36934666666667,75,7.67929268292683,6.99558823529412,7,7.6,7.35287142857143,41,34,3,5,70,6816,3290,3526,133,1566,5250,6.71012048855633,7.17110972644377,6.27998589052751,5.83421052631579,6.69282056194125,6.71528080952381,199
"197",2018,2,6.84054054054054,37,7.03478260869565,6.52142857142857,NA,6.83333333333333,6.84193548387097,23,14,0,6,31,6853,3313,3540,133,1572,5281,6.7108246388443,7.17016329610625,6.28094074858757,5.83421052631579,6.69335687022901,6.71602428517326,200
"198",2018,3,6.34782608695652,46,6.55,5.96875,NA,6.2,6.36585365853659,30,16,0,5,41,6899,3343,3556,133,1577,5322,6.7084042977243,7.16459796589889,6.27953606580427,5.83421052631579,6.69179264426126,6.71332661593386,201
"199",2018,4,6.96454545454545,55,7.36206896551724,6.52115384615385,6,7.2,6.941,29,26,1,5,50,6954,3372,3582,134,1582,5372,6.71043014811619,7.1662962633452,6.28128985203797,5.83544776119403,6.69339886219975,6.71544569061802,202
"200",2018,5,6.99770833333333,48,7.4036,6.55652173913044,NA,6.78,7.02302325581395,25,23,0,5,43,7002,3397,3605,134,1587,5415,6.712399493002,7.16804268472181,6.28304583911234,5.83544776119403,6.69367170762445,6.71788813481071,203
"201",2018,6,6.52733333333333,30,7.20142857142857,5.9375,3.5,6.605,6.51538461538462,14,16,2,4,26,7032,3411,3621,136,1591,5441,6.71160996160409,7.16817971269422,6.28151898646782,5.80110294117647,6.69344877435575,6.71692046498805,204
"202",2018,7,6.55897435897436,39,6.64375,6.5,4,6.83333333333333,6.53611111111111,16,23,1,3,36,7071,3427,3644,137,1594,5477,6.7107681021072,7.16573125182375,6.28289798298573,5.78795620437956,6.69371204516939,6.71573201570202,205
"203",2018,8,6.73829787234043,47,6.95185185185185,6.45,6,5.4,6.79777777777778,27,20,1,2,45,7118,3454,3664,138,1596,5522,6.71094988058443,7.16405935147655,6.28381011189956,5.78949275362319,6.69209085213033,6.71640062477363,206
"204",2018,9,6.13243243243243,37,6.775,5.37647058823529,8.9,5.33333333333333,6.20294117647059,20,17,1,3,34,7155,3474,3681,139,1599,5556,6.70795824598183,7.1618195164076,6.27961973648465,5.81187050359712,6.68954158849281,6.71325850431965,207
"205",2018,10,6.85454545454545,44,6.89565217391304,6.80952380952381,4,6.2,6.93846153846154,23,21,1,5,39,7199,3497,3702,140,1604,5595,6.70885418113626,7.1600689162139,6.28262567531064,5.79892857142857,6.68801558603491,6.7148282841823,208
"206",2018,11,6.67924528301887,53,7.2,6.21428571428571,4,7,6.64583333333333,25,28,1,5,48,7252,3522,3730,141,1609,5643,6.70863778957529,7.16035235661556,6.28211266756032,5.78617021276596,6.68898508390305,6.71424140528088,209
"207",2018,12,7.08396226415094,53,7.57692307692308,6.60925925925926,5.75,6.3,7.165625,26,27,2,5,48,7305,3548,3757,143,1614,5691,6.71136088295687,7.16340501691094,6.28446373436252,5.78566433566433,6.68778004956629,6.71804854155684,210
"208",2019,1,6.57936507936508,63,6.96296296296296,6.29166666666667,5,7.75,6.45614035087719,27,36,2,6,57,7368,3575,3793,145,1620,5748,6.7102322543431,7.16189118881119,6.28453209860269,5.77482758620689,6.69171419753086,6.7154513308977,211
"209",2019,2,6.48706896551724,58,6.91666666666667,6.29375,7,7.57142857142857,6.33823529411765,18,40,1,7,51,7426,3593,3833,146,1627,5799,6.70848926070563,7.16066267742833,6.28462829376467,5.78321917808219,6.69549907805777,6.71213385928608,212
"210",2019,3,6.5502,50,7.30952380952381,6.00034482758621,6.16666666666667,7.6275,6.45652173913043,21,29,6,4,46,7476,3614,3862,152,1631,5845,6.70743061128946,7.16152767017156,6.28249359140342,5.79835526315789,6.69778479460454,6.71012219846022,213
"211",2019,4,5.53260869565217,46,6.11764705882353,5.18965517241379,7,5,5.6125,17,29,1,6,40,7522,3631,3891,153,1637,5885,6.70024611140654,7.15664031947122,6.27434856078129,5.8062091503268,6.69156200366524,6.70266172472387,214
"212",2019,5,6.40744680851064,47,6.35,6.42714285714286,6.58333333333333,5.5,6.46931818181818,12,35,3,3,44,7569,3643,3926,156,1640,5929,6.69842796274276,7.15398325555861,6.27571071064697,5.82115384615384,6.68938231707317,6.7009300472255,215
"213",2019,6,7.23253968253968,63,7.10185185185185,7.33055555555556,4,5.5,7.5212962962963,27,36,1,9,54,7632,3670,3962,157,1649,5983,6.70283690382599,7.15359972752044,6.28529536850076,5.80955414012739,6.68289084293511,6.70833432224636,216
"214",2019,7,6.84294117647059,51,7.162,6.53615384615385,3,6.25,6.86714285714286,25,26,1,2,49,7683,3695,3988,158,1651,6032,6.70376692047377,7.15365656292287,6.28693085506519,5.79177215189873,6.68236644457904,6.70962437831565,217
"215",2019,8,6.83857142857143,70,7.11875,6.60263157894737,7,7.54,6.78461538461538,32,38,1,5,65,7753,3727,4026,159,1656,6097,6.70498403843673,7.15335685537966,6.28991064331843,5.79937106918239,6.6849559178744,6.71042385599475,218
"216",2019,9,6.71111111111111,63,7.3375,6.06451612903226,4,7.57142857142857,6.60357142857143,32,31,1,7,56,7816,3759,4057,160,1663,6153,6.70503342502558,7.15492444799149,6.2881883781119,5.788125,6.68868731208659,6.70945136518771,219
"217",2019,10,6.63698148148148,54,7.42307692307692,5.90703571428571,6,8.2,6.47748979591837,26,28,1,5,49,7870,3785,4085,161,1668,6202,6.70456648665819,7.15676644649934,6.28557582619339,5.78944099378882,6.69321762589928,6.7076187117059,220
"218",2019,11,6.89629032258065,62,7.17142857142857,6.66970588235294,8,6.96666666666667,6.88875,28,34,1,6,56,7932,3813,4119,162,1674,6258,6.70606508446797,7.15687411487018,6.28874660111678,5.80308641975309,6.69419772998805,6.70923957334611,221
"219",2019,12,6.51714285714286,70,6.94571428571429,6.08857142857143,8,7.0625,6.44677419354839,35,35,2,8,62,8002,3848,4154,164,1682,6320,6.70441242814296,7.15495348232848,6.28706000240732,5.82987804878049,6.69594946492271,6.70666475474683,222
"220",2020,1,6.84881477777778,90,7.28520317073171,6.48367346938775,6,7.8,6.7431275308642,41,49,2,9,81,8092,3889,4203,166,1691,6401,6.70601848492338,7.15632664695294,6.28935218891268,5.83192771084337,6.7018255470136,6.70712616466177,223
"221",2020,2,7.03488709677419,62,7.56554545454545,6.43103448275862,4,5.875,7.20672222222222,33,29,2,8,54,8154,3922,4232,168,1699,6455,6.70851908020603,7.15976984446711,6.2903230741966,5.81011904761904,6.69793231312537,6.71130558946553,224
"222",2020,3,6.66668421052632,57,7.20344827586207,6.11075,6.5,7.64285714285714,6.53002,29,28,1,7,50,8211,3951,4260,169,1706,6505,6.70822866642309,7.16009044039484,6.28914278169014,5.81420118343195,6.70180949589683,6.70991215680246,225
"223",2020,4,6.89898305084746,59,7.17210526315789,6.40476190476191,8,5.75,6.98254545454545,38,21,1,4,55,8270,3989,4281,170,1710,6560,6.70958955018137,7.1602048959639,6.28970993926653,5.82705882352941,6.69958304093567,6.71219795426829,226
"224",2020,5,6.88714285714286,70,6.92727272727273,6.85135135135135,6,6.41428571428571,6.93968253968254,33,37,1,7,63,8340,4022,4318,171,1717,6623,6.71107980575539,7.15829371705619,6.29452252200093,5.82807017543859,6.69841991846243,6.71436185716442,227
"225",2020,6,6.640625,64,7.54,6.06410256410256,NA,5.375,6.725,25,39,0,4,60,8404,4047,4357,171,1721,6683,6.71054326273203,7.16065167531505,6.29246000688547,5.82807017543859,6.69534398605462,6.71445736645219,228
"226",2020,7,6.71574074074074,54,7.146875,6.08863636363636,NA,6.99090909090909,6.6453488372093,32,22,0,11,43,8458,4079,4379,171,1732,6726,6.71057644596831,7.16054359646972,6.29143600137018,5.82807017543859,6.69722113163972,6.7140155486173,229
"227",2020,8,6.86333333333333,60,6.75862068965517,6.96129032258064,6,7.71428571428571,6.75094339622641,29,31,1,7,53,8518,4108,4410,172,1739,6779,6.71165245127964,7.15770626338851,6.29614472789116,5.82906976744186,6.70131512363427,6.71430426021537,230
"228",2020,9,6.5248,75,6.60181818181818,6.46428571428571,5.5,6.475,6.53074626865672,33,42,2,8,67,8593,4141,4452,174,1747,6846,6.71002159664843,7.15327634146341,6.29773096361186,5.82528735632184,6.70027876359473,6.71250782646801,231
"229",2020,10,6.76865671641791,67,7.08823529411765,6.43939393939394,5.1,6.35714285714286,6.81666666666667,34,33,5,7,60,8660,4175,4485,179,1754,6906,6.71047524018475,7.15274666586826,6.29877329988852,5.80502793296089,6.69890935005701,6.71341276860701,232
"230",2020,11,6.83958333333333,72,7.18421052631579,6.45441176470588,NA,6.75,6.85078125,38,34,0,8,64,8732,4213,4519,179,1762,6970,6.71153980531378,7.15303046047947,6.2999442907723,5.80502793296089,6.69914131668558,6.71467411477761,233
"231",2020,12,7.07638888888889,72,7.26818181818182,6.775,6.625,7.1875,7.0625,44,28,4,8,64,8804,4257,4547,183,1770,7034,6.71452357791912,7.15422065539112,6.30286963932263,5.82295081967213,6.70134858757062,6.71783886551037,234
"232",2021,1,6.84827586206897,87,7.14705882352941,6.425,6.5,7.83333333333333,6.77530864197531,51,36,2,6,81,8891,4308,4583,185,1776,7115,6.7158323675627,7.15413587047354,6.30382898756273,5.83027027027027,6.70517286036036,6.7184931243851,235
"233",2021,2,7.236,50,7.83103448275862,6.41428571428571,10,8.23636363636364,6.95384615384615,29,21,1,11,39,8941,4337,4604,186,1787,7154,6.71874125713007,7.15866205441549,6.30433280842746,5.85268817204301,6.71459820928931,6.71977615040536,236
"234",2021,3,6.60084650793651,63,7.24444444444444,6.11814805555556,6,6.25,6.62463271186441,27,36,2,4,59,9004,4364,4640,188,1791,7213,6.71791636050644,7.15919278872594,6.30288827155173,5.85425531914893,6.71356058068118,6.71899790794399,237
"235",2021,4,6.671875,64,7.07352941176471,6.21666666666667,NA,6.0625,6.75892857142857,34,30,0,8,56,9068,4398,4670,188,1799,7269,6.71759141045434,7.15853054342883,6.30233438543897,5.85425531914893,6.7106653696498,6.71930553171,238
"236",2021,5,6.82540983606557,61,7.21538461538462,6.53571428571429,7.5,5.92857142857143,6.94166666666667,26,35,2,7,54,9129,4424,4705,190,1806,7323,6.71831185343411,7.15886467676311,6.30407047396387,5.87157894736842,6.70763399778516,6.72094522873139,239
"237",2021,6,6.83230769230769,39,7.20454545454545,6.35058823529412,6.5,7.25,6.78457142857143,22,17,2,4,35,9168,4446,4722,192,1810,7358,6.71879678337696,7.15909071749887,6.30423794578568,5.878125,6.70883259668508,6.72124788121772,240
"238",2021,7,6.76854838709677,62,7.26538461538462,6.40972222222222,5.83333333333333,6.625,6.78981481481481,26,36,3,8,54,9230,4472,4758,195,1818,7412,6.71913097616468,7.15970870527728,6.30503606137032,5.87743589743589,6.70846369636964,6.72174742444684,241
"239",2021,8,6.70276923076923,65,6.89,6.52121212121212,2.75,4.75,6.7647619047619,32,33,2,2,63,9295,4504,4791,197,1820,7475,6.71901655836471,7.15779248001776,6.30652506366103,5.84568527918781,6.70631153846154,6.72210995451505,242
"240",2021,9,6.69090909090909,44,6.88461538461539,6.41111111111111,NA,7.6,6.6,26,18,0,4,40,9339,4530,4809,197,1824,7515,6.71888413213406,7.15622457615894,6.30691652734456,5.84568527918781,6.70827138157895,6.72146000133067,243
"241",2021,10,6.6875,56,7.22222222222222,6.18965517241379,5.66666666666667,6,6.71296296296296,27,29,3,2,54,9395,4557,4838,200,1826,7569,6.71869706333156,7.15661560895326,6.30621363786689,5.843,6.70749561883899,6.72139938036728,244
"242",2021,11,6.72968253968254,63,6.86129032258065,6.6021875,6.235,5.09571428571429,6.93392857142857,31,32,2,7,56,9458,4588,4870,202,1833,7625,6.71877023789384,7.15462016782912,6.30815843531828,5.84688118811881,6.70134042553191,6.7229602504918,245
"243",2021,12,6.89589583333333,72,7.17498571428571,6.63189189189189,7,7.31666666666667,6.85764393939394,35,37,4,6,66,9530,4623,4907,206,1839,7691,6.72010843756558,7.15477435215228,6.31059946606888,5.86927184466019,6.70334801522567,6.72411603302561,246
"244",2022,1,6.6606880733945,109,7.1163,6.27457627118644,6,6.26923076923077,6.71369791666667,50,59,3,13,96,9639,4673,4966,209,1852,7787,6.71943649859944,7.15436268564091,6.31017148207813,5.87114832535885,6.70030075593952,6.72398759599332,247
"245",2022,2,6.91422535211268,71,7.33275,6.3741935483871,5,9.995,6.82492753623188,40,31,1,2,69,9710,4713,4997,210,1854,7856,6.72086080432544,7.15587668788457,6.31056865719432,5.867,6.70385490830636,6.72487416115071,248
"246",2022,3,7.14357142857143,70,7.36111111111111,6.91323529411765,1,6.975,7.18571428571429,36,34,1,14,56,9780,4749,5031,211,1868,7912,6.7238863404908,7.1574324763108,6.31464153846154,5.8439336492891,6.70588704496788,6.72813592138523,249
"247",2022,4,6.42236842105263,38,7.11388888888889,5.8,6.66666666666667,6.33333333333333,6.43,18,20,3,3,35,9818,4767,5051,214,1871,7947,6.72271933285801,7.1572680574785,6.31260375767175,5.85546728971962,6.70528968466061,6.72682287781553,250
"248",2022,5,6.7125,56,7.2625,6.3,8.03333333333333,7,6.65744680851064,24,32,3,9,47,9874,4791,5083,217,1880,7994,6.72266137431638,7.15779520559382,6.31252441078104,5.88557603686636,6.70670053191489,6.72641498749062,251
"249",2022,6,6.54309090909091,55,6.81818181818182,6.35969696969697,NA,5.58333333333333,6.66061224489796,22,33,0,6,49,9929,4813,5116,217,1886,8043,6.72166667438815,7.15624284853522,6.31282869038311,5.88557603686636,6.70312672322375,6.72601410046003,252
"250",2022,7,6.51551724137931,58,6.78846153846154,6.29375,6,6,6.575,26,32,1,6,52,9987,4839,5148,218,1892,8095,6.72046945128667,7.154266755528,6.3127100971251,5.88610091743119,6.70089693446089,6.7250440284126,253
"251",2022,8,6.38,66,7.004,5.99951219512195,4,6.2,6.39475409836066,25,41,3,5,61,10053,4864,5189,221,1897,8156,6.71823419974137,7.1534944140625,6.31023541722876,5.86049773755656,6.69957670005271,6.72257373835213,254
