"","year","month","avg_rating","no_ratings","avg_rating_owned","avg_rating_not_owned","avg_rating_prev_owned","avg_rating_comment","avg_rating_no_comment","no_ratings_owned","no_ratings_not_owned","no_ratings_prev_owned","no_ratings_comment","no_ratings_no_comment","cum_no_ratings","cum_no_ratings_owned","cum_no_ratings_not_owned","cum_no_ratings_prev_owned","cum_no_ratings_comment","cum_no_ratings_no_comment","cum_avg_rating","cum_avg_rating_owned","cum_avg_rating_not_owned","cum_avg_rating_prev_owned","cum_avg_rating_comment","cum_avg_rating_no_comment","month_after_release"
"1",2012,2,8.5,1,NA,8.5,NA,8.5,NA,0,1,0,1,0,1,0,1,0,1,0,8.5,NA,8.5,NA,8.5,NA,-8
"2",2012,3,7,2,NA,7,NA,NA,7,0,2,0,0,2,3,0,3,0,1,2,7.5,NA,7.5,NA,8.5,7,-7
"3",2012,4,7.5,3,NA,7.5,9,NA,7.5,0,3,1,0,3,6,0,6,1,1,5,7.5,NA,7.5,9,8.5,7.3,-6
"4",2012,7,8,1,8,NA,NA,NA,8,1,0,0,0,1,7,1,6,1,1,6,7.57142857142857,8,7.5,9,8.5,7.41666666666667,-3
"5",2012,8,10,2,10,10,NA,NA,10,1,1,0,0,2,9,2,7,1,1,8,8.11111111111111,9,7.85714285714286,9,8.5,8.0625,-2
"6",2012,9,9,1,NA,9,NA,9,NA,0,1,0,1,0,10,2,8,1,2,8,8.2,9,8,9,8.75,8.0625,-1
"7",2012,10,7.05557939914163,233,7.86386554621849,6.21184210526316,7.41666666666667,7.15592105263158,7.00700636942675,119,114,18,76,157,243,121,122,19,78,165,7.10267489711934,7.88264462809917,6.32909836065574,7.5,7.19679487179487,7.05818181818182,0
"8",2012,11,6.95148305084746,236,7.89,6.37294520547945,7.10227272727273,6.71692307692308,7.0406432748538,90,146,22,65,171,479,211,268,41,143,336,7.02818371607516,7.88578199052133,6.35298507462687,7.28658536585366,6.97867132867133,7.04925595238095,1
"9",2012,12,7.25519713261649,279,7.93028169014084,6.55547445255474,7.075,7.278125,7.24837209302326,142,137,32,64,215,758,353,405,73,207,551,7.11174142480211,7.90368271954674,6.42148148148148,7.19383561643836,7.07125603864734,7.12695099818512,2
"10",2013,1,7.31507692307692,325,7.77261904761905,6.82547770700637,7.46808510638298,7.14470588235294,7.37541666666667,168,157,47,85,240,1083,521,562,120,292,791,7.17276084949215,7.86142034548944,6.53434163701068,7.30125,7.09263698630137,7.20233881163085,3
"11",2013,2,7.10247252747253,182,7.58723404255319,6.58465909090909,7.3037037037037,7.05877192982456,7.1224,94,88,27,57,125,1265,615,650,147,349,916,7.16264822134387,7.81951219512195,6.54115384615385,7.30170068027211,7.08710601719198,7.19143013100437,4
"12",2013,3,7.10960264900662,151,7.58333333333333,6.67784810126582,7.14347826086957,7.3,7.04099099099099,72,79,23,40,111,1416,687,729,170,389,1027,7.15699152542373,7.79475982532751,6.5559670781893,7.28029411764706,7.10899742930591,7.17517039922103,5
"13",2013,4,7.05947712418301,153,7.62435897435897,6.472,6.90416666666667,7.09411764705882,7.04957983193277,78,75,24,34,119,1569,765,804,194,423,1146,7.14748247291268,7.77738562091503,6.54813432835821,7.23376288659794,7.10780141843972,7.16212914485166,6
"14",2013,5,6.76461038961039,154,7.71710526315789,5.83653846153846,6.375,6.70967741935484,6.77845528455285,76,78,20,31,123,1723,841,882,214,454,1269,7.11326175275682,7.77193816884661,6.48520408163265,7.1535046728972,7.08061674008811,7.12494089834515,7
"15",2013,6,7.15684931506849,146,7.65060240963855,6.50634920634921,6.85238095238095,6.9,7.21779661016949,83,63,21,28,118,1869,924,945,235,482,1387,7.11666666666667,7.76103896103896,6.48661375661376,7.12659574468085,7.0701244813278,7.13284066330209,8
"16",2013,7,7.04291044776119,134,7.56642857142857,6.4703125,6.94565217391304,6.768,7.10596330275229,70,64,23,25,109,2003,994,1009,258,507,1496,7.1117324013979,7.74733400402414,6.48557978196234,7.11046511627907,7.05522682445759,7.13088235294118,9
"17",2013,8,7.19114814814815,135,7.64640243902439,6.48679245283019,6.64285714285714,7.30661290322581,7.15673076923077,82,53,21,31,104,2138,1076,1062,279,538,1600,7.11674695977549,7.73964219330855,6.48564030131827,7.0752688172043,7.06971189591078,7.1325625,10
"18",2013,9,7.01840490797546,163,7.61979166666667,6.15671641791045,6.57894736842105,7.06923076923077,7.00241935483871,96,67,19,39,124,2301,1172,1129,298,577,1724,7.10978053020426,7.72982508532423,6.46612046058459,7.04362416107383,7.06967937608319,7.12320185614849,11
"19",2013,10,7.01687116564417,163,7.67241379310345,6.26644736842105,6.46190476190476,6.81410256410256,7.08064516129032,87,76,21,39,124,2464,1259,1205,319,616,1848,7.10363433441558,7.72585782366958,6.45352697095436,7.00532915360502,7.05349837662338,7.12034632034632,12
"20",2013,11,7.15315315315315,222,7.63464912280702,6.64490740740741,7.14,7.06734693877551,7.17745664739884,114,108,30,49,173,2686,1373,1313,349,665,2021,7.10772710349963,7.7182847778587,6.46926884996192,7.01690544412607,7.05451879699248,7.1252350321623,13
"21",2013,12,7.16733333333333,225,7.56730769230769,6.62,6.84857142857143,6.98297872340426,7.21601123595506,130,95,35,47,178,2911,1503,1408,384,712,2199,7.11233424939883,7.70522621423819,6.47943892045454,7.0015625,7.04979634831461,7.13258299226921,14
"22",2014,1,7.12536977491961,311,7.67840425531915,6.28008130081301,6.45714285714286,7.3771875,7.06012145748988,188,123,42,64,247,3222,1691,1531,426,776,2446,7.11359248913718,7.70224423418096,6.4634225996081,6.94788732394366,7.07679768041237,7.12526573998365,15
"23",2014,2,7.1696261682243,214,7.50267175572519,6.64397590361446,6.77142857142857,7.47692307692308,7.12712765957447,131,83,28,26,188,3436,1822,1614,454,802,2634,7.11708236321304,7.6878951701427,6.47270755885998,6.93700440528634,7.08976932668329,7.1253986332574,16
"24",2014,3,7.2269696969697,165,7.6,6.60725806451613,6.67857142857143,6.85441176470588,7.32366412213741,103,62,14,34,131,3601,1925,1676,468,836,2765,7.12211746737018,7.68319220779221,6.47768496420048,6.9292735042735,7.08019736842105,7.13479204339964,17
"25",2014,4,7.3695004964539,141,7.67136363636364,7.00632140625,6.65625,7.14814814814815,7.42192605263158,77,64,16,27,114,3742,2002,1740,484,863,2879,7.13143895510422,7.68273726273726,6.49712906321839,6.9202479338843,7.08232329084589,7.14616171240014,18
"26",2014,5,7.16846153846154,130,7.81323529411765,6.46129032258064,6.972,6.77826086956522,7.25233644859813,68,62,25,23,107,3872,2070,1802,509,886,2986,7.13268196539256,7.68702415458937,6.49589598779134,6.92278978388998,7.07443002257336,7.14996636637642,19
"27",2014,6,7.03741721854305,151,7.46363636363636,6.44206349206349,6.53181818181818,7.346875,6.95420168067227,88,63,22,32,119,4023,2158,1865,531,918,3105,7.12910628138205,7.67791473586654,6.49407751742627,6.90659133709981,7.08392701525054,7.14246362962963,20
"28",2014,7,7.16469135802469,162,7.56922222222222,6.65902777777778,7.04807692307692,7.25833333333333,7.14340909090909,90,72,26,30,132,4185,2248,1937,557,948,3237,7.13048376821983,7.67356316725979,6.50020886422303,6.91319569120287,7.08944620253165,7.1425021841211,21
"29",2014,8,7.23061224489796,147,7.81263157894737,6.16730769230769,6.94347826086956,7.368,7.20245901639344,95,52,23,25,122,4332,2343,1989,580,973,3359,7.13388147968606,7.67920187793427,6.49150556561086,6.91439655172414,7.09660328879753,7.14467983626079,22
"30",2014,9,7.16984732824428,131,7.55519480519481,6.62037037037037,6.8,6.87424242424242,7.26938775510204,77,54,20,33,98,4463,2420,2043,600,1006,3457,7.13493716558369,7.67525619834711,6.49491168379834,6.91058333333333,7.08930914512923,7.14821509111947,23
"31",2014,10,7.11358490566038,159,7.59024691358025,6.61858974358974,6.6195652173913,7.20657142857143,7.08733870967742,81,78,46,35,124,4622,2501,2121,646,1041,3581,7.13420263305928,7.67250299880048,6.49945995756719,6.88986068111455,7.09325168107589,7.1461071125384,24
"32",2014,11,6.89889534883721,172,7.37388888888889,6.37756097560976,6.91923076923077,7.14545454545455,6.84035971223022,90,82,26,33,139,4794,2591,2203,672,1074,3720,7.12576023571131,7.6621304515631,6.49492263731276,6.89099702380952,7.09485567970205,7.13468268010753,25
"33",2014,12,6.99472023809524,168,7.52721875,6.28472222222222,6.33478260869565,6.94884375,7.00551470588235,96,72,23,32,136,4962,2687,2275,695,1106,3856,7.12132357315599,7.65731038332713,6.48827014065934,6.87258992805755,7.09063110307414,7.13012696317427,26
"34",2015,1,7.17559322033898,236,7.52142857142857,6.67125,6.82432432432432,7.39444444444444,7.1362,140,96,37,36,200,5198,2827,2371,732,1142,4056,7.12378752789535,7.65058118146445,6.49567885702235,6.87015027322404,7.10020840630473,7.13042642258383,27
"35",2015,2,6.96975155279503,161,7.28831325301205,6.63076923076923,6.93913043478261,6.9952380952381,6.96592857142857,83,78,23,21,140,5359,2910,2449,755,1163,4196,7.11915983765628,7.64024845360825,6.49998144957125,6.87225165562914,7.09831298366294,7.12493793374643,28
"36",2015,3,7.0290625,160,7.49521276595745,6.36515151515152,6.576,6.99090909090909,7.03897637795276,94,66,25,33,127,5519,3004,2515,780,1196,4323,7.11654784743613,7.63571005326232,6.49644316898608,6.86275641025641,7.09534949832776,7.12241257691418,29
"37",2015,4,7.01586206896552,145,7.47,6.45692307692308,6.90833333333333,7.16190476190476,6.99112903225806,80,65,18,21,124,5664,3084,2580,798,1217,4447,7.11397026306497,7.63141147859922,6.49544750775194,6.86378446115288,7.09649794576828,7.11875187092422,30
"38",2015,5,7.15611510791367,139,7.60472972972973,6.64538461538462,7.30714285714286,7.37826086956522,7.11206896551724,74,65,21,23,116,5803,3158,2645,819,1240,4563,7.11497976391522,7.63078625712476,6.49913216257089,6.87515262515262,7.10172419354839,7.11858197896121,31
"39",2015,6,7.00014925373134,134,7.4105,6.39222222222222,6.56428571428571,6.69655172413793,7.084,80,54,28,29,105,5937,3238,2699,847,1269,4668,7.11238800235809,7.62534373069796,6.49699317154502,6.86487603305785,7.09246493301813,7.11780410668381,32
"40",2015,7,7.03813432835821,134,7.46931506849315,6.52213114754098,7.08809523809524,6.69,7.13428571428571,73,61,21,29,105,6071,3311,2760,868,1298,4773,7.11074906440455,7.62190365448505,6.49754875724638,6.87027649769585,7.08347303543914,7.1181666813325,33
"41",2015,8,6.91125,160,7.46489361702128,6.12272727272727,6.39090909090909,6.76470588235294,6.95079365079365,94,66,22,34,126,6231,3405,2826,890,1332,4899,7.1056263151982,7.61756916299559,6.4887949646143,6.85842696629213,7.07533633633634,7.11386192488263,34
"42",2015,9,7.01896551724138,116,7.40333333333333,6.60714285714286,6.52083333333333,7.36666666666667,6.96732673267327,60,56,12,15,101,6347,3465,2882,902,1347,5000,7.10404247203403,7.61385945165945,6.49109457668286,6.85393569844789,7.07858054936897,7.110901914,35
"43",2015,10,7.07739726027397,146,7.49457831325301,6.52777777777778,6.55,6.93518518518519,7.10966386554622,83,63,20,27,119,6493,3548,2945,922,1374,5119,7.10344333436008,7.6110690529876,6.4918793106961,6.84734273318872,7.07576273653566,7.1108731334245,36
"44",2015,11,7.03977272727273,176,7.46904761904762,6.40492957746479,6.495,7.05416666666667,7.0375,105,71,30,24,152,6669,3653,3016,952,1398,5271,7.10176301844355,7.60698686011497,6.48983241710875,6.83623949579832,7.07539198855508,7.10875726996775,37
"45",2015,12,6.97945652173913,184,7.4719801980198,6.38012048192771,6.55892857142857,6.82875,7.01118421052632,101,83,28,32,152,6853,3754,3099,980,1430,5423,7.09847914344083,7.60335455514118,6.48689402065182,6.82831632653061,7.06987272727273,7.1060224174811,38
"46",2016,1,7.1434309623431,239,7.42326086956522,6.76108910891089,6.85882352941176,7.25275,7.12145728643216,138,101,34,40,199,7092,3892,3200,1014,1470,5622,7.09999401720248,7.59696891058582,6.495548303125,6.8293392504931,7.07484897959184,7.10656876022768,39
"47",2016,2,6.907024,150,7.37965263157895,6.42162162162162,5.87727272727273,6.74477142857143,6.94426229508197,76,74,22,28,122,7242,3968,3274,1036,1498,5744,7.09599712372273,7.59280660282258,6.49387738851558,6.80912162162162,7.06867930574099,7.10312144324512,40
"48",2016,3,7.15110497237569,181,7.51324786324786,6.4890625,6.17333333333333,7.65588235294118,7.09878048780488,117,64,15,17,164,7423,4085,3338,1051,1515,5908,7.09734085544928,7.59052793145655,6.49378507189934,6.8000475737393,7.07526838283828,7.10300094278944,41
"49",2016,4,6.89642424242424,165,7.41925925925926,6.3922619047619,6.906,6.775,6.9131724137931,81,84,25,20,145,7588,4166,3422,1076,1535,6053,7.09297195176595,7.58719793566971,6.49129297779077,6.8025092936803,7.07135609120521,7.09845358830332,42
"50",2016,5,6.85315789473684,190,7.22268518518518,6.36646341463415,6.76666666666667,7.12083333333333,6.8144578313253,108,82,24,24,166,7778,4274,3504,1100,1559,6219,7.08711380431988,7.5779870379036,6.4883717380137,6.80172727272727,7.07211776779987,7.09087306158546,43
"51",2016,6,6.91124137931034,145,7.45294117647059,6.43285714285714,6.17826086956522,6.82758620689655,6.93215517241379,68,77,23,29,116,7923,4342,3581,1123,1588,6335,7.08389513694308,7.57602869645325,6.48717804244624,6.78895814781834,7.06765214105794,7.08796678295185,44
"52",2016,7,6.99409090909091,154,7.56457831325301,6.32718309859155,6.30526315789474,7.16666666666667,6.96684210526316,83,71,19,21,133,8077,4425,3652,1142,1609,6468,7.08218288597251,7.57581392090395,6.48406751642935,6.78091068301226,7.06894443753885,7.08547612399505,45
"53",2016,8,6.90585798816568,169,7.32316831683168,6.28602941176471,6.50833333333333,6.60806451612903,6.97275362318841,101,68,18,31,138,8246,4526,3720,1160,1640,6606,7.07856914504002,7.57017600530269,6.48044746505376,6.77668103448276,7.06023268292683,7.08312133969119,46
"54",2016,9,6.95065359477124,153,7.47790697674419,6.27388059701493,6.77631578947368,6.76190476190476,6.98068181818182,86,67,19,21,132,8399,4612,3787,1179,1661,6738,7.0762389772592,7.56845546400694,6.47679286242408,6.77667514843087,7.05646092715232,7.08111451024042,47
"55",2016,10,7.07954545454545,176,7.45794392523364,6.49275362318841,6.92,6.936,7.10331125827815,107,69,30,25,151,8575,4719,3856,1209,1686,6889,7.07630684198251,7.56594969273151,6.47707846732365,6.78023159636063,7.05467473309609,7.08160104078966,48
"56",2016,11,6.96479591836735,196,7.29563106796116,6.59838709677419,6.546875,7.18666666666667,6.92469879518072,103,93,32,30,166,8771,4822,3949,1241,1716,7055,7.07381497776764,7.56017557030278,6.47993531780198,6.77421434327155,7.05698228438229,7.07790922324592,49
"57",2016,12,7.00995024875622,201,7.45929203539823,6.43295454545455,6.57142857142857,6.65454545454545,7.0797619047619,113,88,28,33,168,8972,4935,4037,1269,1749,7223,7.07238421422202,7.55786557244174,6.4789112137726,6.76973995271867,7.04938913664952,7.07795231482763,50
"58",2017,1,6.85546296296296,216,7.37457627118644,6.23040816326531,6.631,6.97390243902439,6.82771428571429,118,98,30,41,175,9188,5053,4135,1299,1790,7398,7.06728462886373,7.55358531565406,6.47302166142684,6.76653579676674,7.04766011173184,7.07203292376318,51
"59",2017,2,6.99111111111111,180,7.46698113207547,6.30945945945946,6.26969696969697,6.60263157894737,7.09507042253521,106,74,33,38,142,9368,5159,4209,1332,1828,7540,7.06582100448335,7.55180589261485,6.47014601330482,6.75422672672673,7.03840897155361,7.07246678647215,52
"60",2017,3,7.0513538961039,154,7.191015625,6.82018965517241,6.205,7.22692307692308,7.01569140625,96,58,20,26,128,9522,5255,4267,1352,1854,7668,7.06558702688511,7.54521486203615,6.47490404734005,6.74610207100592,7.0410526429342,7.07151904929577,53
"61",2017,4,6.8728025477707,157,7.29054347826087,6.28153846153846,6.175,7.31730769230769,6.78458015267176,92,65,20,26,131,9679,5347,4332,1372,1880,7799,7.06245993077797,7.54083300916402,6.47200267082179,6.73777696793003,7.04487319148936,7.0666993294012,54
"62",2017,5,6.97809523809524,147,7.25,6.57254237288136,6.98846153846154,7.01428571428571,6.97206349206349,88,59,26,21,126,9826,5435,4391,1398,1901,7925,7.06119780887441,7.53612402943882,6.4733535800501,6.74243919885551,7.04453529721199,7.06519470914826,55
"63",2017,6,6.97185185185185,135,7.37222222222222,6.51428571428571,6.55882352941176,6.8,6.99173553719008,72,63,17,14,121,9961,5507,4454,1415,1915,8046,7.05998691597229,7.53398113310332,6.47393254827122,6.7402332155477,7.04274757180157,7.06408999130002,56
"64",2017,7,7.0940157480315,127,7.4512,6.57884615384615,6.7,7.38157894736842,7.04342592592593,75,52,24,19,108,10088,5582,4506,1439,1934,8154,7.06041531225218,7.5328688821211,6.4751432689747,6.73956219596942,7.04607631851086,7.0638162950699,57
"65",2017,8,6.93545454545455,165,7.36927083333333,6.33188405797101,6.37037037037037,7.11875,6.89135338345865,96,69,27,32,133,10253,5678,4575,1466,1966,8287,7.05840433726714,7.53010287072913,6.47298263825137,6.73276261937244,7.04725920651068,7.06104839749004,58
"66",2017,9,6.83295454545455,132,7.45378787878788,6.21212121212121,6.125,6.52777777777778,6.88114035087719,66,66,20,18,114,10385,5744,4641,1486,1984,8401,7.05553872604718,7.52922599233983,6.46927290885585,6.72458277254374,7.04254616935484,7.05860707891917,59
"67",2017,10,6.89909677419355,155,7.29837209302326,6.40144927536232,5.98421052631579,6.99913043478261,6.88166666666667,86,69,19,23,132,10540,5830,4710,1505,2007,8533,7.05323810910816,7.52582060034305,6.46827931422505,6.71523588039867,7.04204862979572,7.05586992499707,60
"68",2017,11,6.90405714285714,175,7.54574468085106,6.15938271604938,6.30416666666667,7.04166666666667,6.88218543046358,94,81,24,24,151,10715,5924,4791,1529,2031,8684,7.05080164909006,7.52613674881836,6.46305689208933,6.70878351863963,7.04204411619892,7.05284984684477,61
"69",2017,12,6.79255319148936,188,7.28204081632653,6.25955555555556,6.19230769230769,6.87647058823529,6.77402597402597,98,90,26,34,154,10903,6022,4881,1555,2065,8838,7.04634868109695,7.52216441381601,6.45930456258963,6.70014790996784,7.0393179661017,7.04799140868975,62
"70",2018,1,6.90211330049261,203,7.18251327433628,6.55005555555556,7.00892857142857,6.91737931034483,6.89956896551724,113,90,28,29,174,11106,6135,4971,1583,2094,9012,7.04371228795246,7.51590841075795,6.46094761013881,6.70560960202148,7.03762922636103,7.04512572902796,63
"71",2018,2,6.85290780141844,141,7.54714285714286,5.82982456140351,6.03809523809524,7.4224,6.7301724137931,84,57,21,25,116,11247,6219,5028,1604,2119,9128,7.04132023384013,7.51633029425953,6.45379287390613,6.69687032418952,7.04216875884851,7.04112325482033,64
"72",2018,3,6.87457627118644,118,7.48387096774194,6.2,6.19444444444444,6.58823529411765,6.92277227722772,62,56,18,17,101,11365,6281,5084,1622,2136,9229,7.03958897228333,7.51600988696067,6.45099735837923,6.69129469790382,7.03855599250936,7.03982804962618,65
"73",2018,4,7.04484273584906,106,7.4287431147541,6.52444444444444,6.26923076923077,7.15333333333333,7.02695967032967,61,45,13,15,91,11471,6342,5129,1635,2151,9320,7.03963752070439,7.5151705187638,6.45164175667771,6.68793883792049,7.03935639237564,7.03970240343348,66
"74",2018,5,7.12375,96,7.51591836734694,6.71489361702128,6.80769230769231,7.1,7.12780487804878,49,47,13,14,82,11567,6391,5176,1648,2165,9402,7.04033560992479,7.51517625254264,6.45403218122102,6.68888349514563,7.03974854503464,7.0404707934482,67
"75",2018,6,6.90979591836735,98,7.281,6.523125,5.944375,6.97529411764706,6.89604938271605,50,48,16,17,81,11665,6441,5224,1664,2182,9483,7.03923891984569,7.51335839621177,6.45466703101072,6.68172475961538,7.03924637946838,7.03923720341664,68
"76",2018,7,6.85760788235294,85,7.349930625,6.21891891891892,6.15384615384615,7.1575,6.76533338461538,48,37,13,20,65,11750,6489,5261,1677,2202,9548,7.03792499319149,7.51214949915241,6.45300904200722,6.67763267740012,7.0403204359673,7.03737254608295,69
"77",2018,8,6.86259615384615,104,7.39641509433962,6.3078431372549,6.52142857142857,7.2605,6.76785714285714,53,51,14,20,84,11854,6542,5312,1691,2222,9632,7.03638676143074,7.5112118771018,6.45161531814759,6.67633944411591,7.04230225022502,7.03502212105481,70
"78",2018,9,6.9935,80,7.42236842105263,6.60547619047619,6.31642857142857,6.73636363636364,7.03449275362319,38,42,14,11,69,11934,6580,5354,1705,2233,9701,7.03609926847662,7.5106987993921,6.45282229548001,6.67338416422287,7.04079516345723,7.0350183558396,71
"79",2018,10,6.85702290076336,131,7.17845070422535,6.47666666666667,6.80454545454545,7.15,6.7773786407767,71,60,22,28,103,12065,6651,5414,1727,2261,9804,7.03415488354745,7.50715202225229,6.45308654783893,6.67505500868558,7.04214754533392,7.03231161464708,72
"80",2018,11,6.71125,120,7.08015873015873,6.30350877192982,6.29411764705882,6.40277777777778,6.7656862745098,63,57,17,18,102,12185,6714,5471,1744,2279,9906,7.03097486007386,7.50314538278225,6.45152816121367,6.67134174311926,7.0370976744186,7.02956622955784,73
"81",2018,12,6.75953954954955,111,7.1621778,6.42950819672131,6.33333333333333,7,6.72764173469388,50,61,15,13,98,12296,6764,5532,1759,2292,10004,7.0285245250488,7.50062492460083,6.45128535249458,6.66845935190449,7.0368872600349,7.02660855257897,74
"82",2019,1,6.72713577777778,135,7.00405405405405,6.39120213114754,6.21428571428571,6.54285714285714,6.76108184210526,74,61,21,21,114,12431,6838,5593,1780,2313,10118,7.02525145925509,7.49525109534952,6.45063005542642,6.6631011235955,7.03240190229139,7.02361685016802,75
"83",2019,2,6.7844347,100,7.28759786885246,5.9974358974359,6.15,6.5,6.86004392405063,61,39,16,21,79,12531,6899,5632,1796,2334,10197,7.02332969116591,7.49341505435571,6.44749181463068,6.65853006681514,7.02761165381319,7.02234958909483,76
"84",2019,3,6.90308510638298,94,7.28431818181818,6.5676,5.86363636363636,6.23333333333333,7.03025316455696,44,50,11,15,79,12625,6943,5682,1807,2349,10276,7.02243440475248,7.49208994094772,6.44854873284055,6.65369120088544,7.02253963388676,7.02241035033087,77
"85",2019,4,7.01897959183674,98,7.57071428571429,6.28333333333333,6.475,7.32875,6.95853658536585,56,42,8,16,82,12723,6999,5724,1815,2365,10358,7.02240779375933,7.49271902557508,6.44733646051712,6.65290358126722,7.02461124735729,7.02190468816374,78
"86",2019,5,6.72474390243902,82,7.05056862745098,6.18870967741935,6.085,7.16915384615385,6.64101449275362,51,31,10,13,69,12805,7050,5755,1825,2378,10427,7.02050162905115,7.48952049078014,6.44594333622936,6.64979178082192,7.02540142977292,7.01938417186151,79
"87",2019,6,7.02807692307692,78,7.55755555555556,6.30606060606061,6.64444444444444,6.97368421052632,7.04559322033898,45,33,18,19,59,12883,7095,5788,1843,2397,10486,7.02054749359621,7.48995200281889,6.4451458016586,6.64973955507325,7.0249914893617,7.01953163837498,80
"88",2019,7,6.526,80,6.93538461538462,6.13658536585366,6.46153846153846,6.695,6.51710526315789,39,41,13,4,76,12963,7134,5829,1856,2401,10562,7.01749543778447,7.48692030557892,6.44297545033453,6.6484213362069,7.02444173261141,7.01591637568642,81
"89",2019,8,6.6361,100,7.10196078431373,6.15122448979592,6.12266666666667,6.70769230769231,6.62540229885057,51,49,15,13,87,13063,7185,5878,1871,2414,10649,7.01457577585547,7.48418781628393,6.44054336509017,6.64420630678781,7.02273595691798,7.01272596112311,82
"90",2019,9,6.81395348837209,86,7.63181818181818,5.95714285714286,5.93846153846154,6.29333333333333,6.92394366197183,44,42,13,15,71,13149,7229,5920,1884,2429,10720,7.01326362156818,7.48508638262554,6.43711383445946,6.63933651804671,7.01823161794977,7.01213794402985,83
"91",2019,10,6.95212618644068,118,7.38608450704225,6.29657212765957,6.3,7.22813333333333,6.91193097087379,71,47,10,15,103,13267,7300,5967,1894,2444,10823,7.01271985000377,7.48412348767123,6.43600683593095,6.63754487856388,7.01951988543371,7.01118429732976,84
"92",2019,11,6.69857142857143,112,7.36981818181818,6.05087719298246,5.98,6.48235294117647,6.73726315789474,55,57,15,17,95,13379,7355,6024,1909,2461,10918,7.01009001046416,7.48326872331747,6.43236268094289,6.63237820848612,7.01580926452661,7.00880084722477,85
"93",2019,12,6.65375,144,7.34470588235294,6.03552631578947,5.67045454545455,7.4952380952381,6.51008130081301,68,76,22,21,123,13523,7423,6100,1931,2482,11041,7.00629551504844,7.48199938838744,6.42741849016393,6.62141895390989,7.01986567284448,7.00324496422426,86
"94",2020,1,6.75149717514124,177,7.25887096774194,6.1897619047619,5.7237037037037,6.32267857142857,6.83208053691275,93,84,27,28,149,13700,7516,6184,1958,2510,11190,7.00300359489051,7.47923848589675,6.42419029592497,6.60903983656793,7.01208828685259,7.0009658310992,87
"95",2020,2,6.578925,100,7.17828431372549,5.95510204081633,5.92352941176471,7.51384615384615,6.43922413793103,51,49,17,13,87,13800,7567,6233,1975,2523,11277,6.9999305615942,7.47721011761596,6.42050261350874,6.60313924050633,7.0146736424891,6.99663209630221,88
"96",2020,3,6.8962962962963,81,7.31276595744681,6.32058823529412,6.65555555555556,6,6.93076923076923,47,34,9,3,78,13881,7614,6267,1984,2526,11355,6.99932582306751,7.47619503020751,6.41996055369395,6.60337701612903,7.0134685669042,6.99617966974901,89
"97",2020,4,6.91379920454545,88,7.04901666666667,6.6240475,6.32,6.67,6.94505551282051,60,28,10,10,78,13969,7674,6295,1994,2536,11433,6.99878703414704,7.47285508991399,6.42086832724384,6.60195586760281,7.0121141955836,6.99583088253302,90
"98",2020,5,6.38641975308642,81,7.14318181818182,5.48648648648649,5.99,5.875,6.44246575342466,44,37,10,8,73,14050,7718,6332,2004,2544,11506,6.99525666049822,7.47097563617517,6.41540842072015,6.59890219560878,7.00853836477987,6.99232004867026,91
"99",2020,6,6.70654320987654,81,7.33075,6.09756097560976,6,6.63636363636364,6.71757142857143,40,41,17,11,70,14131,7758,6373,2021,2555,11576,6.99360173236148,7.47025263727765,6.41336358386945,6.5938644235527,7.00693604696673,6.99065864547339,92
"100",2020,7,6.8775,80,7.40392156862745,5.95172413793103,6.07692307692308,6.49583333333333,6.94485294117647,51,29,13,12,68,14211,7809,6402,2034,2567,11644,6.99294814439519,7.46981943398643,6.41127243361449,6.5905604719764,7.00454678613167,6.99039114393679,93
"101",2020,8,6.85826086956522,69,7.30914285714286,6.39411764705882,6.6,7.41666666666667,6.80507936507937,35,34,8,6,63,14280,7844,6436,2042,2573,11707,6.99229734453782,7.4691024936257,6.41118180857675,6.59059745347698,7.00550781189273,6.98939390791834,94
"102",2020,9,7.00116923076923,65,7.48675,6.53030303030303,6.40909090909091,7.29166666666667,6.93539622641509,32,33,11,12,53,14345,7876,6469,2053,2585,11760,6.99233754478913,7.46917419502285,6.41178947596228,6.58962493911349,7.00683620889748,6.98915055102041,95
"103",2020,10,6.84252873563218,87,7.124,6.46216216216216,5.88,6.41875,6.93802816901408,50,37,15,16,71,14432,7926,6506,2068,2601,11831,6.99143445676275,7.46699671461014,6.41207594835536,6.58447775628627,7.0032186082276,6.98884375623362,96
"104",2020,11,6.8095652173913,115,7.42608695652174,5.88478260869565,5.36666666666667,7.1,6.77254901960784,69,46,15,13,102,14547,7995,6552,2083,2614,11933,6.98999670585001,7.46664364727955,6.40837394993895,6.57570811329813,7.00369992348891,6.98699492834996,97
"105",2020,12,6.77084033613445,119,7.09583333333333,6.27297872340425,5.633,6.695,6.78095238095238,72,47,10,14,105,14666,8067,6599,2093,2628,12038,6.98821846993045,7.46333407214578,6.40740962570086,6.57120401337793,7.00205540334855,6.98519774713408,98
"106",2021,1,6.82740740740741,135,7.34473684210526,6.16101694915254,5.85714285714286,6.72,6.84083333333333,76,59,14,15,120,14801,8143,6658,2107,2643,12158,6.98675171137086,7.46222718408449,6.4052262120757,6.56645942097769,7.0004546348846,6.98377286395789,99
"107",2021,2,6.96453488372093,86,7.24803921568627,6.55142857142857,6.39090909090909,7.04166666666667,6.95202702702703,51,35,11,12,74,14887,8194,6693,2118,2655,12232,6.98662336803923,7.46089406394923,6.40599075451965,6.56554768649669,7.0006409039548,6.98358081098757,100
"108",2021,3,7.06404301075269,93,7.31610169491525,6.62664705882353,6.4456,7.73507692307692,6.955,59,34,10,13,80,14980,8253,6727,2128,2668,12312,6.98710401068091,7.45985895553132,6.40710600862197,6.56498402255639,7.00421949025487,6.98339510071475,101
"109",2021,4,6.83984375,64,7.11219512195122,6.35434782608696,5.33333333333333,7.5625,6.73660714285714,41,23,6,8,56,15044,8294,6750,2134,2676,12368,6.98647753788886,7.45814033759344,6.40692624,6.56152108716026,7.00588849028401,6.98227769081501,102
"110",2021,5,6.77867647058823,68,7.33928571428571,6.38625,6.00384615384615,6.205,6.87758620689655,28,40,13,10,58,15112,8322,6790,2147,2686,12426,6.98554248808894,7.45774044220139,6.4068044359352,6.55814438751747,7.00290677587491,6.98178902945437,103
"111",2021,6,7.16804238095238,63,7.72575757575758,6.55455566666667,6.75,7.875,6.92737595744681,33,30,6,16,47,15175,8355,6820,2153,2702,12473,6.98630014827018,7.45879903770197,6.40745436803519,6.5586790524849,7.00807091043671,6.9815839934258,104
"112",2021,7,7.15277777777778,72,7.46951219512195,6.73387096774194,6.625,6.91666666666667,7.17424242424242,41,31,8,6,66,15247,8396,6851,2161,2708,12539,6.98708629566472,7.45885135302525,6.40893136622391,6.55892457195743,7.00786838995569,6.98259806603397,105
"113",2021,8,6.5075,62,7.31,5.75515625,5.85555555555556,6.83333333333333,6.47258928571429,30,32,9,6,56,15309,8426,6883,2170,2714,12595,6.98514401659155,7.45832138143841,6.40589187708848,6.55600737327189,7.00748253500368,6.9803304605002,106
"114",2021,9,7.03273809523809,84,7.35438596491228,6.3537037037037,6,7.45555555555556,6.982,57,27,8,9,75,15393,8483,6910,2178,2723,12670,6.9854037387124,7.45762300601202,6.40568795803184,6.55396510560147,7.00896349614396,6.9803403433307,107
"115",2021,10,7.10691176470588,68,7.42051282051282,6.6851724137931,5.92857142857143,7.95181818181818,6.94385964912281,39,29,7,11,57,15461,8522,6939,2185,2734,12727,6.98593815083113,7.45745317531096,6.40685600086468,6.55196155606407,7.01275698610095,6.98017695843482,108
"116",2021,11,6.65433823529412,68,7.10629032258065,6.27567567567568,6.16666666666667,5.94,6.7775,31,37,9,10,58,15529,8553,6976,2194,2744,12785,6.98448610663919,7.4561803998597,6.40616023365826,6.55038103919781,7.00884752186589,6.97925750097771,109
"117",2021,12,7.02564814814815,108,7.312,6.66770833333333,6.21428571428571,7.76923076923077,6.92389473684211,60,48,14,13,95,15637,8613,7024,2208,2757,12880,6.98477040033255,7.45517600835946,6.40794757830296,6.54825,7.01243293434893,6.9788491576087,110
"118",2022,1,6.75606060606061,132,7.15443037974684,6.1622641509434,5.60714285714286,7.12352941176471,6.70173913043478,79,53,14,17,115,15769,8692,7077,2222,2774,12995,6.98285590398884,7.45244258628624,6.4061076430691,6.5423204320432,7.01311377072819,6.97639685648326,111
"119",2022,2,6.99864705882353,85,7.30554347826087,6.63666666666667,6.37272727272727,7.24041666666667,6.95890410958904,46,39,11,12,73,15854,8738,7116,2233,2786,13068,6.98294056704933,7.45166925612268,6.40737124648679,6.54148499776086,7.0140928212491,6.97629913911846,112
"120",2022,3,6.88688405797101,69,7.44865853658537,6.06428571428571,6.3,6.67730769230769,6.93553571428571,41,28,10,13,56,15923,8779,7144,2243,2799,13124,6.9825243201658,7.45165519535254,6.40602656634938,6.54040838163174,7.01252861736334,6.97612520192015,113
"121",2022,4,6.90724873015873,63,7.11504513513514,6.61153846153846,6.8,6.44333333333333,6.95608192982456,37,26,6,6,57,15986,8816,7170,2249,2805,13181,6.98222766295509,7.45024247164247,6.40677179776848,6.54110093374833,7.01131108734403,6.97603852666717,114
"122",2022,5,6.72004561643836,73,7.20464636363636,6.32025,5.66666666666667,6.57142857142857,6.73580803030303,33,40,9,7,66,16059,8849,7210,2258,2812,13247,6.98103585217013,7.44932658605492,6.40629178779473,6.53761558901683,7.0102160739687,6.97484163584208,115
"123",2022,6,6.68675675675676,74,7.23125,6.04617647058824,6.75,7.31428571428571,6.54033333333333,40,34,10,14,60,16133,8889,7244,2268,2826,13307,6.9796860317362,7.44834525368433,6.40460157233573,6.5385520282187,7.01172243453645,6.97288247914631,116
"124",2022,7,6.66945945945946,74,7.55483870967742,6.03116279069767,5.45333333333333,7.07692307692308,6.58262295081967,31,43,12,13,61,16207,8920,7287,2280,2839,13368,6.97826955944962,7.44871535426009,6.40239794016742,6.53284035087719,7.0120209933075,6.97110167190305,117
"125",2022,8,6.80329411764706,85,7.2695652173913,6.25333333333333,6,6.61428571428571,6.84056338028169,46,39,11,14,71,16292,8966,7326,2291,2853,13439,6.97735666277928,7.44779622574169,6.40160439393939,6.53028197293758,7.01006926042762,6.9704120209837,118
