"","year","month","avg_rating","no_ratings","avg_rating_owned","avg_rating_not_owned","avg_rating_prev_owned","avg_rating_comment","avg_rating_no_comment","no_ratings_owned","no_ratings_not_owned","no_ratings_prev_owned","no_ratings_comment","no_ratings_no_comment","cum_no_ratings","cum_no_ratings_owned","cum_no_ratings_not_owned","cum_no_ratings_prev_owned","cum_no_ratings_comment","cum_no_ratings_no_comment","cum_avg_rating","cum_avg_rating_owned","cum_avg_rating_not_owned","cum_avg_rating_prev_owned","cum_avg_rating_comment","cum_avg_rating_no_comment","month_after_release"
"1",2012,6,6.53023255813954,129,7.57553191489362,5.93109756097561,6.80769230769231,6.21052631578947,6.66373626373626,47,82,13,38,91,129,47,82,13,38,91,6.53023255813954,7.57553191489362,5.93109756097561,6.80769230769231,6.21052631578947,6.66373626373626,0
"2",2012,7,6.77033898305085,118,7.712,6.07794117647059,6.57857142857143,6.36969696969697,6.92588235294118,50,68,14,33,85,247,97,150,27,71,176,6.64493927125506,7.64587628865979,5.99766666666667,6.68888888888889,6.28450704225352,6.79034090909091,1
"3",2012,8,6.84661016949153,118,7.41770833333333,6.455,6.92352941176471,6.85555555555556,6.84395604395604,48,70,17,27,91,365,145,220,44,98,267,6.71013698630137,7.57034482758621,6.14318181818182,6.77954545454546,6.44183673469388,6.80861423220974,2
"4",2012,9,6.81369863013699,73,7.42,6.3906976744186,6.9375,5.9,7.09107142857143,30,43,8,17,56,438,175,263,52,115,323,6.72739726027397,7.54457142857143,6.18365019011407,6.80384615384615,6.36173913043478,6.85758513931889,3
"5",2012,10,6.73581081081081,74,7.33333333333333,6.449,6.9,6.8375,6.70775862068966,24,50,16,16,58,512,199,313,68,131,381,6.72861328125,7.51909547738693,6.22603833865815,6.82647058823529,6.41984732824428,6.83477690288714,4
"6",2012,11,6.51683544303797,79,6.99346153846154,6.28301886792453,6.07142857142857,6.19444444444444,6.61196721311475,26,53,14,18,61,591,225,366,82,149,442,6.70030456852792,7.45835555555555,6.23428961748634,6.69756097560976,6.39261744966443,6.80402714932127,5
"7",2012,12,6.85679012345679,81,7.19210526315789,6.56046511627907,6.61538461538461,7.12222222222222,6.82361111111111,38,43,13,9,72,672,263,409,95,158,514,6.71916666666667,7.41988593155893,6.26858190709046,6.68631578947369,6.43417721518987,6.80677042801556,6
"8",2013,1,6.79660194174757,103,7.30865384615385,6.27450980392157,6.53846153846154,6.84782608695652,6.781875,52,51,13,23,80,775,315,460,108,181,594,6.72945806451613,7.40152380952381,6.26923913043478,6.66851851851852,6.48674033149171,6.80341750841751,7
"9",2013,2,6.81060606060606,66,7.39642857142857,6.37894736842105,6.46153846153846,6.84615384615385,6.80188679245283,28,38,13,13,53,841,343,498,121,194,647,6.73582639714625,7.40110787172012,6.27761044176707,6.64628099173554,6.51082474226804,6.80329211746522,8
"10",2013,3,6.75888888888889,54,7.38653846153846,6.17607142857143,5.55555555555556,7,6.7396,26,28,9,4,50,895,369,526,130,198,697,6.73721787709497,7.40008130081301,6.27220532319392,6.57076923076923,6.52070707070707,6.7987230989957,9
"11",2013,4,6.645,40,7.13888888888889,6.24090909090909,6.25,7,6.59428571428571,18,22,6,5,35,935,387,548,136,203,732,6.73327272727273,7.38793281653747,6.27094890510949,6.55661764705882,6.53251231527094,6.7889480874317,10
"12",2013,5,6.66492537313433,67,7.54285714285714,5.7046875,5.66666666666667,6.53076923076923,6.69722222222222,35,32,9,13,54,1002,422,580,145,216,786,6.72870259481038,7.40078199052133,6.23970689655172,6.50137931034483,6.53240740740741,6.78264631043257,11
"13",2013,6,6.41133333333333,45,6.56318181818182,6.26608695652174,6.77,6.94571428571429,6.31289473684211,22,23,6,7,38,1047,444,603,151,223,824,6.71506208213945,7.35927927927928,6.24071310116086,6.51205298013245,6.54538116591928,6.76098300970874,12
"14",2013,7,6.51015625,64,7.08125,6.1675,6.2125,6.49583333333333,6.51346153846154,24,40,8,12,52,1111,468,643,159,235,876,6.70325832583258,7.34502136752137,6.23615863141524,6.49698113207547,6.54285106382979,6.7462899543379,13
"15",2013,8,6.765,50,7.47058823529412,6.40151515151515,6.10357142857143,6.59375,6.79761904761905,17,33,14,8,42,1161,485,676,173,243,918,6.7059173126615,7.34942268041237,6.24423076923077,6.46514450867052,6.54452674897119,6.74863834422658,14
"16",2013,9,6.47452830188679,53,6.94736842105263,6.21029411764706,6.2125,6.3,6.53125,19,34,16,13,40,1214,504,710,189,256,958,6.6958154859967,7.33426587301587,6.24260563380282,6.44375661375661,6.532109375,6.73956158663883,15
"17",2013,10,6.712,50,7.08,6.46666666666667,6,6.88888888888889,6.67317073170732,20,30,9,9,41,1264,524,740,198,265,999,6.69645569620253,7.32456106870229,6.25168918918919,6.42358585858586,6.54422641509434,6.73683683683684,16
"18",2013,11,6.358,50,7.2,5.79666666666667,5.77777777777778,6.65,6.30238095238095,20,30,9,8,42,1314,544,770,207,273,1041,6.68357686453577,7.31998161764706,6.23396103896104,6.39550724637681,6.54732600732601,6.7193083573487,17
"19",2013,12,6.61458333333333,48,7.15384615384615,5.97727272727273,6.5,6.6,6.61842105263158,26,22,9,10,38,1362,570,792,216,283,1079,6.68114537444934,7.31240350877193,6.22683080808081,6.39986111111111,6.54918727915194,6.71575532900834,18
"20",2014,1,6.68965517241379,58,7.26071428571429,6.15666666666667,6.72,6.35,6.77826086956522,28,30,10,12,46,1420,598,822,226,295,1125,6.68149295774648,7.30998327759197,6.2242700729927,6.41402654867257,6.54108474576271,6.71831111111111,19
"21",2014,2,6.82894736842105,57,7.17741935483871,6.41346153846154,6.33333333333333,6.40909090909091,6.92934782608696,31,26,6,11,46,1477,629,848,232,306,1171,6.68718348002708,7.30344992050874,6.23007075471698,6.41193965517241,6.53633986928105,6.72660119555935,20
"22",2014,3,6.84827586206897,29,7.3,6.36428571428571,5.66666666666667,6.2875,7.06190476190476,15,14,6,8,21,1506,644,862,238,314,1192,6.69028552456839,7.30336956521739,6.2322505800464,6.3931512605042,6.53,6.73250838926175,21
"23",2014,4,6.55434782608696,46,6.97916666666667,6.09090909090909,6.5,6.4,6.59722222222222,24,22,8,10,36,1552,668,884,246,324,1228,6.68625644329897,7.29172155688623,6.22873303167421,6.39662601626016,6.52598765432099,6.72854234527687,22
"24",2014,5,6.74878048780488,41,6.93157894736842,6.59090909090909,6.75,7,6.68787878787879,19,22,10,8,33,1593,687,906,256,332,1261,6.68786566227244,7.28176128093159,6.23752759381898,6.4104296875,6.53740963855422,6.72747819191118,23
"25",2014,6,6.5054347826087,46,7.13157894736842,6.06481481481481,6.59375,6.57142857142857,6.49358974358974,19,27,8,7,39,1639,706,933,264,339,1300,6.68274557657108,7.27771954674221,6.23252947481243,6.41598484848485,6.53811209439528,6.72046153846154,24
"26",2014,7,6.62820512820513,39,7.13888888888889,6.19047619047619,6.9,7.0625,6.51612903225806,18,21,10,8,31,1678,724,954,274,347,1331,6.68147794994041,7.2742679558011,6.23160377358491,6.4336496350365,6.55020172910663,6.71570247933884,25
"27",2014,8,6.71607142857143,28,6.885,6.62222222222222,6.58,6.2,6.82826086956522,10,18,5,5,23,1706,734,972,279,352,1354,6.68204572098476,7.26896457765668,6.23883744855967,6.43627240143369,6.54522727272727,6.71761447562777,26
"28",2014,9,6.25030861111111,36,6.99333333333333,5.71957666666667,5.9,6.73571428571429,6.13314172413793,15,21,5,7,29,1742,749,993,284,359,1383,6.67312348450057,7.26344459279039,6.22785610271903,6.42683098591549,6.54894150417827,6.70535872017354,27
"29",2014,10,6.50757575757576,33,6.96428571428571,6.17105263157895,6.3,6.89285714285714,6.40384615384615,14,19,5,7,26,1775,763,1012,289,366,1409,6.67004569577465,7.25795543905636,6.22678963438735,6.42463667820069,6.55551912568306,6.69979496806246,28
"30",2014,11,6.56111111111111,36,6.835,6.21875,6.5,7.2,6.45806451612903,20,16,6,5,31,1811,783,1028,295,371,1440,6.66788023743788,7.24715197956577,6.22666450389105,6.42616949152542,6.56420485175202,6.69459104861111,29
"31",2014,12,6.45333333333333,45,6.95,5.77368421052632,5.5,5.66666666666667,6.57435897435897,26,19,3,6,39,1856,809,1047,298,377,1479,6.66267839978448,7.23760197775031,6.21844423113658,6.41684563758389,6.54992042440318,6.69142062880325,30
"32",2015,1,6.58134375,64,7.0689375,6.09375,5.95454545454545,6.75,6.54242307692308,32,32,11,12,52,1920,841,1079,309,389,1531,6.65996724479167,7.23118430439952,6.21474616311399,6.40038834951456,6.55609254498715,6.68635996734161,31
"33",2015,2,6.51379310344828,29,7.5,6.2,6.14285714285714,6.42857142857143,6.54090909090909,7,22,7,7,22,1949,848,1101,316,396,1553,6.65779225756798,7.23340330188679,6.21445150772025,6.3946835443038,6.55383838383838,6.68429949130715,32
"34",2015,3,6.1734375,32,6.66666666666667,5.8775,5.6,6.36,6.13888888888889,12,20,8,5,27,1981,860,1121,324,401,1580,6.64996825340737,7.22549534883721,6.20843988403211,6.37506172839506,6.55142144638404,6.6749791835443,33
"35",2015,4,6.52666666666667,30,7.05714285714286,6.0625,5.5,6.86666666666667,6.38095238095238,14,16,5,9,21,2011,874,1137,329,410,1601,6.6481288463451,7.22279862700229,6.2063862005277,6.36176291793313,6.55834146341464,6.67112249219238,34
"36",2015,5,6.31333333333333,30,6.93529411764706,5.5,5.5,6.3,6.316,17,13,3,5,25,2041,891,1150,332,415,1626,6.64320779519843,7.21731313131313,6.19840096521739,6.35397590361446,6.55522891566265,6.66566242927429,35
"37",2015,6,6.83571428571429,14,7.1,6.57142857142857,7,7,6.82307692307692,7,7,2,1,13,2055,898,1157,334,416,1639,6.64451927493917,7.2163986636971,6.20065783059637,6.35784431137725,6.55629807692308,6.66691098840757,36
"38",2015,7,6.66216216216216,37,7.365,5.83529411764706,6.5,6.58,6.69259259259259,20,17,5,10,27,2092,918,1174,339,426,1666,6.64483131453155,7.21963616557734,6.19536721465076,6.35994100294985,6.5568544600939,6.66732719687875,37
"39",2015,8,6.46111111111111,36,6.76875,6.215,6.64285714285714,6.55,6.44333333333333,16,20,7,6,30,2128,934,1194,346,432,1696,6.64172326597744,7.21191220556745,6.1956960720268,6.36566473988439,6.55675925925926,6.66336504127359,38
"40",2015,9,6.27571428571429,35,6.88235294117647,5.70277777777778,6.08888888888889,6.67222222222222,6.13846153846154,17,18,9,9,26,2163,951,1212,355,441,1722,6.63580079056865,7.20602103049422,6.18837550330033,6.35864788732394,6.55911564625851,6.65543966898955,39
"41",2015,10,6.49333333333333,21,7.199,5.85181818181818,6.5,5.58166666666667,6.858,10,11,2,6,15,2184,961,1223,357,447,1737,6.63443091117216,7.20594797086368,6.18534841373671,6.35943977591036,6.54599552572707,6.65718889464594,40
"42",2015,11,6.77209302325581,43,6.932,6.55,7.24,6.64285714285714,6.79722222222222,25,18,5,7,36,2227,986,1241,362,454,1773,6.63708895823978,7.19900202839757,6.19063747784045,6.37160220994475,6.54748898678414,6.66003221094191,41
"43",2015,12,6.29888888888889,45,6.525,6.118,5.93,6.57142857142857,6.24868421052632,20,25,15,7,38,2272,1006,1266,377,461,1811,6.63039045334507,7.18560238568588,6.18920308846761,6.35403183023873,6.54785249457701,6.65140094422971,42
"44",2016,1,6.88,40,7.362,6.07666666666667,6.29166666666667,7.47857142857143,6.7530303030303,25,15,6,7,33,2312,1031,1281,383,468,1844,6.63470895761246,7.18987972841901,6.18788533177205,6.35305483028721,6.56177350427351,6.65321969088937,43
"45",2016,2,6.51333333333333,15,6.9875,5.97142857142857,5.95,7.7,6.33076923076923,8,7,4,2,13,2327,1039,1288,387,470,1857,6.63392656209712,7.18832146294514,6.1867089363354,6.34888888888889,6.5666170212766,6.650962364028,44
"46",2016,3,6.148,25,6.55384615384615,5.70833333333333,6.2,6,6.16086956521739,13,12,5,2,23,2352,1052,1300,392,472,1880,6.62876152636055,7.18048098859316,6.18229316153846,6.34698979591837,6.56421610169492,6.64496654787234,45
"47",2016,4,6.68,25,7.42857142857143,5.72727272727273,6.16666666666667,7.125,6.59523809523809,14,11,3,4,21,2377,1066,1311,395,476,1901,6.62930042490534,7.1837392120075,6.17847529366895,6.34562025316456,6.56892857142857,6.6444172067333,46
"48",2016,5,6.66,25,7.34615384615385,5.91666666666667,6,6.5,6.69047619047619,13,12,5,4,21,2402,1079,1323,400,480,1922,6.62961994587844,7.18569601482854,6.17610061224489,6.3413,6.56835416666667,6.64492045265349,47
"49",2016,6,6.45833333333333,24,6.81818181818182,6.15384615384615,5.6,5.6,6.68421052631579,11,13,5,5,19,2426,1090,1336,405,485,1941,6.62792543693323,7.1819871559633,6.17588406437125,6.33214814814815,6.55837113402062,6.64530505409583,48
"50",2016,7,6.375,24,6.75,6.10714285714286,6.2,6,6.39130434782609,10,14,5,1,23,2450,1100,1350,410,486,1964,6.6254478,7.17806,6.17517119259259,6.33053658536585,6.55722222222222,6.64233050407332,49
"51",2016,8,6.78225806451613,31,7.1875,6.35,6.75,6.91666666666667,6.76785714285714,16,15,4,3,28,2481,1116,1365,414,489,1992,6.62740713825071,7.17819534050179,6.17709238827839,6.33458937198068,6.55942740286299,6.64409493473896,50
"52",2016,9,6.46,25,6.95454545454545,6.07142857142857,6.33333333333333,7.16666666666667,6.23684210526316,11,14,6,6,19,2506,1127,1379,420,495,2011,6.62573707501995,7.17601242236025,6.17601965917331,6.33457142857143,6.56678787878788,6.64024719542516,51
"53",2016,10,6.8,29,6.94666666666667,6.64285714285714,6.925,7.21428571428571,6.66818181818182,15,14,8,7,22,2535,1142,1393,428,502,2033,6.62773061538462,7.173,6.18071149318018,6.34560747663551,6.57581673306773,6.64054948844073,52
"54",2016,11,6.83125,40,7.11458333333333,6.40625,5.92857142857143,7.25,6.62962962962963,24,16,7,13,27,2575,1166,1409,435,515,2060,6.6308920815534,7.17179759862778,6.1832726117814,6.33889655172414,6.59283495145631,6.64040636407767,53
"55",2016,12,6.1328947368421,38,6.625,5.58611111111111,5.75,4.75,6.50166666666667,20,18,7,8,30,2613,1186,1427,442,523,2090,6.62364986988136,7.16257672849915,6.17574009110021,6.32957013574661,6.56464627151052,6.63841488516747,54
"56",2017,1,6.40641025641026,39,6.58,6.22368421052632,6.1,6.38888888888889,6.41166666666667,20,19,10,9,30,2652,1206,1446,452,532,2120,6.62045516968326,7.15291542288557,6.17637006224066,6.32449115044248,6.56167293233083,6.63520618396227,55
"57",2017,2,6.42857142857143,35,6.78947368421053,6,6,5.825,6.50645161290323,19,16,3,4,31,2687,1225,1462,455,536,2151,6.61795575362858,7.14727836734694,6.17443988372093,6.32235164835165,6.55617537313433,6.63335058577406,56
"58",2017,3,6.33055555555556,18,6.33636363636364,6.32142857142857,7.08333333333333,6.9,6.21666666666667,11,7,3,3,15,2705,1236,1469,458,539,2166,6.61604329390019,7.14006148867314,6.17514030633083,6.32733624454148,6.55808905380334,6.63046496306556,57
"59",2017,4,6.65,30,7.21875,6,6,7,6.625,16,14,5,2,28,2735,1252,1483,463,541,2194,6.61641576234004,7.14106709265176,6.17348692515172,6.32380129589633,6.55972273567468,6.63039521877849,58
"60",2017,5,6.38095238095238,21,7.03846153846154,5.3125,4.5,7.5,6.26315789473684,13,8,2,2,19,2756,1265,1491,465,543,2213,6.61462159288825,7.14001264822134,6.1688672769953,6.31595698924731,6.56318600368324,6.62724225485766,59
"61",2017,6,5.83409090909091,22,5.25,6.16785714285714,6.33333333333333,5.66666666666667,5.86052631578947,8,14,3,3,19,2778,1273,1505,468,546,2232,6.60844028437725,7.12813511390416,6.16885788039867,6.31606837606838,6.55826007326008,6.62071555107527,60
"62",2017,7,6,25,7.27272727272727,5,4.61111111111111,5.75,6.02173913043478,11,14,9,2,23,2803,1284,1519,477,548,2255,6.60301359614699,7.1293738317757,6.15808499670836,6.28389937106918,6.5553102189781,6.61460625720621,61
"63",2017,8,6.47692307692308,26,6.9,5.8,5.71428571428571,6,6.56363636363636,16,10,7,4,22,2829,1300,1529,484,552,2277,6.60185475786497,7.12655076923077,6.1557430412034,6.27566115702479,6.55128623188406,6.61411379446641,62
"64",2017,9,6.26666666666667,15,7.14285714285714,5.5,6,7,6.21428571428571,7,8,3,1,14,2844,1307,1537,487,553,2291,6.60008688818566,7.12663810252486,6.15232993493819,6.27396303901437,6.55209764918626,6.6116704975993,63
"65",2017,10,6.46875,24,6.79545454545455,6.19230769230769,6.75,5.71428571428571,6.77941176470588,11,13,4,7,17,2868,1318,1550,491,560,2308,6.59898783472804,7.12387405159332,6.15266523225806,6.27784114052953,6.541625,6.61290602686309,64
"66",2017,11,6.17391304347826,23,6.88888888888889,5.71428571428571,5.5,6,6.21052631578947,9,14,7,4,19,2891,1327,1564,498,564,2327,6.59560605672778,7.12228033157498,6.14874111892583,6.26690763052209,6.53778368794326,6.60962058874087,65
"67",2017,12,6.14090909090909,22,6.77272727272727,5.50909090909091,5.66666666666667,5,6.47647058823529,11,11,3,5,17,2913,1338,1575,501,569,2344,6.59217202540337,7.11940657698057,6.14427372063492,6.26331337325349,6.52427065026362,6.60865491040956,66
"68",2018,1,6.34259259259259,27,6.26923076923077,6.41071428571429,6,6.25,6.35869565217391,13,14,4,4,23,2940,1351,1589,505,573,2367,6.58987996938776,7.11122575869726,6.14662121460038,6.26122772277228,6.52235602094241,6.60622607097592,67
"69",2018,2,6.125,16,6.45,5.58333333333333,4.5,5.25,6.25,10,6,2,2,14,2956,1361,1595,507,575,2381,6.58736370433018,7.10636737692873,6.14450226332288,6.25428007889546,6.51793043478261,6.60413150356993,68
"70",2018,3,5.83333333333333,12,6.33333333333333,5.33333333333333,5,5.66666666666667,5.88888888888889,6,6,1,3,9,2968,1367,1601,508,578,2390,6.58431506401617,7.10297439648866,6.14146227982511,6.25181102362205,6.51351211072665,6.60143812133891,69
"71",2018,4,6.16,10,6.93333333333333,5,NA,7,6.06666666666667,6,4,0,1,9,2978,1373,1605,508,579,2399,6.58289023169913,7.10223306627822,6.13861751401869,6.25181102362205,6.51435233160622,6.59943189245519,70
"72",2018,5,6.16,15,6.91666666666667,5.65555555555556,5.625,7.4,6.07142857142857,6,9,4,1,14,2993,1379,1614,512,580,2413,6.58077083528233,7.10142567077592,6.13592385997521,6.2469140625,6.51587931034483,6.59636846663904,71
"73",2018,6,6.35736842105263,19,6.88888888888889,5.879,7.25,6,6.39941176470588,9,10,4,2,17,3012,1388,1624,516,582,2430,6.57936159030545,7.10004755043228,6.13434181650246,6.25468992248062,6.51410652920962,6.59499058024692,72
"74",2018,7,6.57266666666667,15,6.4,6.659,6.318,7.5,6.43,5,10,5,2,13,3027,1393,1634,521,584,2443,6.57932841427156,7.09753481694185,6.13755269889841,6.25529750479846,6.51748287671233,6.59411261154319,73
"75",2018,8,6.30434782608696,23,6.65384615384615,5.85,5.625,5.85714285714286,6.5,13,10,4,7,16,3050,1406,1644,525,591,2459,6.57725479016394,7.09343243243243,6.13580359489051,6.25049523809524,6.50966159052454,6.59350024806832,74
"76",2018,9,5.66666666666667,6,6,5,5,6,5.6,4,2,1,1,5,3056,1410,1646,526,592,2464,6.57546698625655,7.0903304964539,6.13442351761847,6.24811787072243,6.50880067567568,6.59148421672078,75
"77",2018,10,6.53421052631579,19,6.7375,6.18571428571429,6,6.61666666666667,6.51875,12,7,1,3,16,3075,1422,1653,527,595,2480,6.57521206829268,7.08735302390999,6.1346407199032,6.24764705882353,6.50934453781513,6.59101496370968,76
"78",2018,11,6.05555555555556,18,6.95,4.9375,6.25,5.66666666666667,6.13333333333333,10,8,2,3,15,3093,1432,1661,529,598,2495,6.5721878790818,7.0863938547486,6.12887484045755,6.24765595463138,6.50511705685619,6.58826337074149,77
"79",2018,12,6.5,14,6.875,6,6,NA,6.5,8,6,2,0,14,3107,1440,1667,531,598,2509,6.57186260379788,7.08521944444444,6.12841098380324,6.24672316384181,6.50511705685619,6.58777086887206,78
"80",2019,1,6.17884615384615,26,6.5,5.80416666666667,5.875,1,6.386,14,12,2,1,25,3133,1454,1679,533,599,2534,6.56860105649537,7.07958459422283,6.12609357355569,6.24532833020638,6.4959265442404,6.58578023283347,79
"81",2019,2,6.44615384615385,13,6.78,5.33333333333333,6,6.76666666666667,6.35,10,3,2,3,10,3146,1464,1682,535,602,2544,6.56809507628735,7.07753825136612,6.12467961355529,6.24441121495327,6.49727574750831,6.58485342374214,80
"82",2019,3,6.13333333333333,15,7.58333333333333,5.16666666666667,6.5,6.08333333333333,6.16666666666667,6,9,2,6,9,3161,1470,1691,537,608,2553,6.56603198671307,7.07960272108843,6.11958078651685,6.24536312849162,6.49319078947369,6.58337920485703,81
"83",2019,4,6.68181818181818,11,6.83333333333333,6,NA,7.5,6.5,9,2,0,2,9,3172,1479,1693,537,610,2562,6.56643351513241,7.07810412440838,6.11943952155936,6.24536312849162,6.49649180327869,6.58308630366901,82
"84",2019,5,6.38619047619048,21,7.25,5.60090909090909,4.4,6.83333333333333,6.31166666666667,10,11,2,3,18,3193,1489,1704,539,613,2580,6.56524807704354,7.07925856279382,6.11609220070422,6.23851576994434,6.49814029363785,6.58119267829458,83
"85",2019,6,5.89,10,5.5,6.15,6,NA,5.89,4,6,3,0,10,3203,1493,1710,542,613,2590,6.56313990321574,7.07502746148694,6.11621117543859,6.23719557195572,6.49814029363785,6.57852398069498,84
"86",2019,7,6.26363636363636,11,7.4,5.31666666666667,5.25,7.16666666666667,5.925,5,6,4,3,8,3214,1498,1716,546,616,2598,6.56211484443062,7.07611214953271,6.11341556526806,6.22996336996337,6.50139610389611,6.57651158968438,85
"87",2019,8,6.39285714285714,14,7.125,6.1,6,7,6.34615384615385,4,10,1,1,13,3228,1502,1726,547,617,2611,6.56138076517968,7.07624234354194,6.11333783893395,6.22954296160878,6.50220421393841,6.57536465338951,86
"88",2019,9,6.43461538461538,13,6.83125,5.8,6.33333333333333,7.08,6.03125,8,5,3,5,8,3241,1510,1731,550,622,2619,6.56087229558779,7.07494437086093,6.11243276140959,6.23010909090909,6.50684887459807,6.5737026002291,87
"89",2019,10,5.881,10,5.80166666666667,6,5.5,NA,5.881,6,4,2,0,10,3251,1516,1735,552,622,2629,6.55878102430022,7.06990501319261,6.11217355043227,6.22746376811594,6.50684887459807,6.57106774819323,88
"90",2019,11,6.93333333333333,9,6.98333333333333,6.83333333333333,7.25,6.75,6.98571428571429,6,3,2,2,7,3260,1522,1738,554,624,2636,6.55981506441718,7.06956373193167,6.11341836018412,6.23115523465704,6.50762820512821,6.57216885811837,89
"91",2019,12,5.85294117647059,17,6.07142857142857,5.7,6,5.5,5.875,7,10,2,1,16,3277,1529,1748,556,625,2652,6.55614803478792,7.06499411379987,6.11105326659039,6.23032374100719,6.506016,6.56796271116139,90
"92",2020,1,5.924,25,6.44444444444444,5.63125,5.6375,6.16666666666667,5.89090909090909,9,16,8,3,22,3302,1538,1764,564,628,2674,6.5513619351908,7.06136280884265,6.10670130952381,6.22191489361702,6.5043949044586,6.56239233732237,91
"93",2020,2,6.72,20,6.94545454545455,6.44444444444444,6.75,6,6.7578947368421,11,9,2,1,19,3322,1549,1773,566,629,2693,6.55237721553282,7.06053970303421,6.10841574168077,6.22378091872791,6.50359300476948,6.56377167099889,92
"94",2020,3,6.78571428571429,14,7.1,6,7,5.5,7,10,4,2,2,12,3336,1559,1777,568,631,2705,6.55335644784173,7.06079281590763,6.10817169949353,6.22651408450704,6.50041204437401,6.56570687985213,93
"95",2020,4,6.5,5,7.5,6.25,6.25,7,6.16666666666667,1,4,2,2,3,3341,1560,1781,570,633,2708,6.5532765968273,7.06107435897436,6.10849023582257,6.22659649122807,6.50199052132702,6.56526481166913,94
"96",2020,5,5.41666666666667,6,6.125,4,3,NA,5.41666666666667,4,2,1,0,6,3347,1564,1783,571,633,2714,6.55123905288318,7.05868030690537,6.10612513180033,6.22094570928196,6.50199052132702,6.56272553795137,95
"97",2020,6,6,11,6.66666666666667,5.2,6.5,5.25,6.42857142857143,6,5,2,4,7,3358,1570,1788,573,637,2721,6.54943332638476,7.05718216560509,6.10359122483221,6.22191972076789,6.49412872841445,6.5623804152885,96
"98",2020,7,6.6,5,6.83333333333333,6.25,6.5,6.5,6.625,3,2,1,1,4,3363,1573,1790,574,638,2725,6.54950850728517,7.05675524475524,6.10375481005586,6.22240418118467,6.49413793103449,6.56247233394496,97
"99",2020,8,6.07933333333333,15,6.24142857142857,5.9375,5.5,6,6.085,7,8,3,1,14,3378,1580,1798,577,639,2739,6.54742069567792,7.05314303797468,6.10301507786429,6.21864818024263,6.49336463223788,6.56003180357795,98
"100",2020,9,5.90833333333333,12,6.73333333333333,5.08333333333333,5.5,7,5.69,6,6,2,2,10,3390,1586,1804,579,641,2749,6.54515843952803,7.05193316519546,6.0996236751663,6.21616580310881,6.49494539781592,6.55686690069117,99
"101",2020,10,6.40789473684211,19,7,5.125,4.75,5.375,6.68333333333333,13,6,4,4,15,3409,1599,1810,583,645,2764,6.54439340275741,7.05151094434021,6.09639287845304,6.2061063464837,6.488,6.55755322358901,100
"102",2020,11,5.68823529411765,17,6.5,4.96666666666667,5.34,5,5.78,8,9,5,2,15,3426,1607,1819,588,647,2779,6.5401450992411,7.04876540136901,6.09080324903793,6.19874149659864,6.48340030911901,6.55335628283556,101
"103",2020,12,6.875,8,7.5,6.25,6,7,6.85714285714286,4,4,2,1,7,3434,1611,1823,590,648,2786,6.54092519219569,7.04988578522657,6.091152556226,6.19806779661017,6.4841975308642,6.55411956568558,102
"104",2021,1,6.6,10,6.83333333333333,6.25,7,8,6.44444444444444,6,4,1,1,9,3444,1617,1827,591,649,2795,6.54109672183508,7.04908225108225,6.09150033388068,6.19942470389171,6.48653312788906,6.5537664078712,103
"105",2021,2,6.30711133333333,15,6.51777833333333,6.16666666666667,5.6,6,6.38388916666667,6,9,5,3,12,3459,1623,1836,596,652,2807,6.54008204105233,7.0471180961183,6.09186879629629,6.19439597315436,6.48429447852761,6.55304017812612,104
"106",2021,3,5.85,14,6.2,5.5,4.9,4.75,6.03333333333333,7,7,5,2,12,3473,1630,1843,601,654,2819,6.53730025338325,7.04348016564417,6.08962078676072,6.18362728785358,6.47899082568808,6.55082787513303,105
"107",2021,4,6.6,5,7.25,4,NA,NA,6.6,4,1,0,0,5,3478,1634,1844,601,654,2824,6.53739039102933,7.04398572215422,6.08848758676789,6.18362728785358,6.47899082568808,6.55091493626063,106
"108",2021,5,6.09090909090909,11,6.22222222222222,5.5,NA,6,6.1,9,2,0,1,10,3489,1643,1846,601,655,2834,6.53598274004013,7.03948427875837,6.08785000541712,6.18362728785358,6.47825954198474,6.54932384615385,107
"109",2021,6,6.74442857142857,7,6.8422,6.5,7,NA,6.74442857142857,5,2,1,0,7,3496,1648,1848,602,655,2841,6.53640010869566,7.03888572208738,6.0882960551948,6.18498338870432,6.47825954198474,6.5498045688138,108
"110",2021,7,6.6875,12,6.875,6.5,5.5,6.25,7,6,6,2,5,7,3508,1654,1854,604,660,2848,6.53691698403649,7.03829121523579,6.08962843042071,6.18271523178808,6.47653030303031,6.55091108848315,109
"111",2021,8,5.5,9,6.2,4.625,NA,3.83333333333333,6.33333333333333,5,4,0,3,6,3517,1659,1858,604,663,2854,6.53426351435883,7.03576471971067,6.08647530139935,6.18271523178808,6.46457013574661,6.55045367203925,110
"112",2021,9,6.0625,8,6.33333333333333,5.9,5,NA,6.0625,3,5,1,0,8,3525,1662,1863,605,663,2862,6.53319284539008,7.03449679302045,6.08597483091787,6.18076033057851,6.46457013574661,6.5490897204752,111
"113",2021,10,6.91666666666667,6,7.125,6.5,5,5,7.3,4,2,1,1,5,3531,1666,1865,606,664,2867,6.53384445766072,7.03471408763505,6.08641882573726,6.17881188118812,6.46236445783133,6.55039929543077,112
"114",2021,11,5.89285714285714,14,6.92857142857143,4.85714285714286,5.4,3.33333333333333,6.59090909090909,7,7,5,3,11,3545,1673,1872,611,667,2878,6.53131305500706,7.03426997609085,6.0818221741453,6.17243862520458,6.44829085457272,6.55055412786658,113
"115",2021,12,5.71538461538462,13,7.16,4.8125,4.9,7.25,5.43636363636364,5,8,5,2,11,3558,1678,1880,616,669,2889,6.52833186621698,7.03464461859356,6.07642080319149,6.16211038961039,6.45068759342302,6.54631179646937,114
"116",2022,1,6.19565217391304,23,6.5,5.1,4.5,7.125,6,18,5,2,4,19,3581,1696,1885,618,673,2908,6.52619513543703,7.02897032429245,6.07383082758621,6.15673139158576,6.45469539375929,6.54274235900963,115
"117",2022,2,5.96153846153846,13,6.25,5.5,4,6.33333333333333,5.85,8,5,2,3,10,3594,1704,1890,620,676,2918,6.52415269337786,7.02531318661971,6.07231275661375,6.14977419354839,6.45415680473373,6.54036832762166,116
"118",2022,3,6.29166666666667,12,5.83333333333333,6.44444444444444,5.25,6.5,6.27272727272727,3,9,2,1,11,3606,1707,1899,622,677,2929,6.52337902939546,7.02321831868775,6.07407641390205,6.14688102893891,6.45422451994092,6.53936318880164,117
"119",2022,4,6.27272727272727,11,7.0625,4.16666666666667,2.75,1,6.8,8,3,2,1,10,3617,1715,1902,624,678,2939,6.52261674868676,7.02340155685131,6.07106788117771,6.13599358974359,6.44617994100295,6.54025001020756,118
"120",2022,5,6.25,12,6.4375,5.875,NA,6.5,6.22727272727273,8,4,0,1,11,3629,1723,1906,624,679,2950,6.52171528795812,7.02068117817759,6.07065640608604,6.13599358974359,6.44625920471282,6.53908297627119,119
"121",2022,6,6.41083333333333,12,7.35714285714286,5.086,NA,NA,6.41083333333333,7,5,0,0,12,3641,1730,1911,624,679,2962,6.52134984344961,7.02204258381503,6.06808012035583,6.13599358974359,6.44625920471282,6.53856339635382,120
"122",2022,7,7.15,4,7.2,7,NA,7.8,6.93333333333333,3,1,0,1,3,3645,1733,1912,624,680,2965,6.52203972016461,7.02235064627813,6.06856752615063,6.13599358974359,6.44825,6.53896282630692,121
"123",2022,8,6.37277777777778,18,7.19,5.55555555555556,6.5,7.97,6.05333333333333,9,9,2,3,15,3663,1742,1921,626,683,2980,6.52130624624625,7.02321680252583,6.0661640343571,6.13715654952077,6.45493411420205,6.53651838255034,122
