"","year","month","avg_rating","no_ratings","avg_rating_owned","avg_rating_not_owned","avg_rating_prev_owned","avg_rating_comment","avg_rating_no_comment","no_ratings_owned","no_ratings_not_owned","no_ratings_prev_owned","no_ratings_comment","no_ratings_no_comment","cum_no_ratings","cum_no_ratings_owned","cum_no_ratings_not_owned","cum_no_ratings_prev_owned","cum_no_ratings_comment","cum_no_ratings_no_comment","cum_avg_rating","cum_avg_rating_owned","cum_avg_rating_not_owned","cum_avg_rating_prev_owned","cum_avg_rating_comment","cum_avg_rating_no_comment","month_after_release"
"1",2005,4,10,1,10,NA,10,10,NA,1,0,1,1,0,1,1,0,1,1,0,10,10,NA,10,10,NA,-20
"2",2005,5,7.7,4,8.26666666666667,6,6,7.7,NA,3,1,1,4,0,5,4,1,2,5,0,8.16,8.7,6,8,8.16,NA,-19
"3",2005,6,9,4,9,NA,NA,9,NA,4,0,0,4,0,9,8,1,2,9,0,8.53333333333333,8.85,6,8,8.53333333333333,NA,-18
"4",2005,7,9,1,9,NA,NA,9,NA,1,0,0,1,0,10,9,1,2,10,0,8.58,8.86666666666667,6,8,8.58,NA,-17
"5",2005,8,7,8,8,4,NA,7,7,6,2,0,6,2,18,15,3,2,16,2,7.87777777777778,8.52,4.66666666666667,8,7.9875,7,-16
"6",2005,9,6,3,6,NA,NA,2,8,3,0,0,1,2,21,18,3,2,17,4,7.60952380952381,8.1,4.66666666666667,8,7.63529411764706,7.5,-15
"7",2005,10,6,1,6,NA,NA,6,NA,1,0,0,1,0,22,19,3,2,18,4,7.53636363636364,7.98947368421053,4.66666666666667,8,7.54444444444445,7.5,-14
"8",2005,11,7,1,7,NA,NA,NA,7,1,0,0,0,1,23,20,3,2,18,5,7.51304347826087,7.94,4.66666666666667,8,7.54444444444445,7.4,-13
"9",2005,12,9.5,4,9.5,NA,NA,9.5,NA,4,0,0,4,0,27,24,3,2,22,5,7.80740740740741,8.2,4.66666666666667,8,7.9,7.4,-12
"10",2006,1,7.58333333333333,6,7.9,6,NA,8.5,7.125,5,1,0,2,4,33,29,4,2,24,9,7.76666666666667,8.14827586206897,5,8,7.95,7.27777777777778,-11
"11",2006,2,5,1,NA,5,5,5,NA,0,1,1,1,0,34,29,5,3,25,9,7.68529411764706,8.14827586206897,5,7,7.832,7.27777777777778,-10
"12",2006,3,7,2,7,7,7,NA,7,1,1,1,0,2,36,30,6,4,25,11,7.64722222222222,8.11,5.33333333333333,7,7.832,7.22727272727273,-9
"13",2006,4,6,1,6,NA,NA,NA,6,1,0,0,0,1,37,31,6,4,25,12,7.6027027027027,8.04193548387097,5.33333333333333,7,7.832,7.125,-8
"14",2006,5,8,4,7.66666666666667,9,NA,NA,8,3,1,0,0,4,41,34,7,4,25,16,7.64146341463415,8.00882352941177,5.85714285714286,7,7.832,7.34375,-7
"15",2006,6,8,1,8,NA,NA,NA,8,1,0,0,0,1,42,35,7,4,25,17,7.65,8.00857142857143,5.85714285714286,7,7.832,7.38235294117647,-6
"16",2006,7,8,1,8,NA,NA,NA,8,1,0,0,0,1,43,36,7,4,25,18,7.65813953488372,8.00833333333333,5.85714285714286,7,7.832,7.41666666666667,-5
"17",2006,9,7.4,5,7.4,NA,NA,7.16666666666667,7.75,5,0,0,3,2,48,41,7,4,28,20,7.63125,7.93414634146342,5.85714285714286,7,7.76071428571429,7.45,-3
"18",2006,11,9,1,9,NA,NA,9,NA,1,0,0,1,0,49,42,7,4,29,20,7.65918367346939,7.95952380952381,5.85714285714286,7,7.80344827586207,7.45,-1
"19",2006,12,7,3,7,7,7,8,5,2,1,1,2,1,52,44,8,5,31,21,7.62115384615385,7.91590909090909,6,7,7.81612903225806,7.33333333333333,0
"20",2007,1,6.98333333333333,6,8.18,1,1,4.96666666666667,9,5,1,1,3,3,58,49,9,6,34,24,7.5551724137931,7.94285714285714,5.44444444444444,6,7.56470588235294,7.54166666666667,1
"21",2007,2,7.149836,5,7.1,7.34918,NA,7,7.24972666666667,4,1,0,2,3,63,53,10,6,36,27,7.52300285714286,7.87924528301887,5.634918,6,7.53333333333333,7.50922888888889,2
"22",2007,3,7.1875,8,7.5,5,5,6.16666666666667,7.8,7,1,1,3,5,71,60,11,7,39,32,7.48519971830986,7.835,5.57719818181818,5.85714285714286,7.42820512820513,7.554661875,3
"23",2007,4,4,1,NA,4,NA,4,NA,0,1,0,1,0,72,60,12,7,40,32,7.43679416666667,7.835,5.445765,5.85714285714286,7.3425,7.554661875,4
"24",2007,5,7.33333333333333,6,7.8,5,NA,7.5,7,5,1,0,4,2,78,65,13,7,44,34,7.42883564102564,7.83230769230769,5.41147538461539,5.85714285714286,7.35681818181818,7.52203470588235,5
"25",2007,6,5,3,5,5,NA,4,5.5,2,1,0,1,2,81,67,14,7,45,36,7.3388787654321,7.74776119402985,5.38208428571429,5.85714285714286,7.28222222222222,7.40969944444445,6
"26",2007,7,7.93333333333333,3,7.93333333333333,NA,NA,7,8.4,3,0,0,1,2,84,70,14,7,46,38,7.36010928571428,7.75571428571429,5.38208428571429,5.85714285714286,7.27608695652174,7.46182052631579,7
"27",2007,8,7.85714285714286,7,8,7,7,7,8.5,6,1,1,3,4,91,76,15,8,49,42,7.39834263736264,7.775,5.48994533333333,6,7.25918367346939,7.56069476190476,8
"28",2007,9,7,1,7,NA,NA,7,NA,1,0,0,1,0,92,77,15,8,50,42,7.39401282608696,7.76493506493506,5.48994533333333,6,7.254,7.56069476190476,9
"29",2007,10,8,3,8,NA,NA,NA,8,3,0,0,0,3,95,80,15,8,50,45,7.41314926315789,7.77375,5.48994533333333,6,7.254,7.58998177777778,10
"30",2007,11,7,3,8,5,NA,7,7,2,1,0,2,1,98,82,16,8,52,46,7.40050183673469,7.77926829268293,5.45932375,6,7.24423076923077,7.57715608695652,11
"31",2007,12,7.38461538461539,13,7.57142857142857,7.16666666666667,7,6.6,7.875,7,6,3,5,8,111,89,22,11,57,54,7.39864126126126,7.76292134831461,5.92496272727273,6.27272727272727,7.18771929824561,7.62128111111111,12
"32",2008,1,7.9375,8,8.16666666666667,7.25,5.5,7.5,8.2,6,2,1,3,5,119,95,24,12,60,59,7.43486705882353,7.78842105263158,6.0353825,6.20833333333333,7.20333333333333,7.67032508474576,13
"33",2008,2,6.46,5,6.325,7,7,6,7.15,4,1,1,3,2,124,99,25,13,63,61,7.39555790322581,7.72929292929293,6.0739672,6.26923076923077,7.14603174603175,7.65326524590164,14
"34",2008,3,8,7,8,NA,NA,8.25,7.9,7,0,0,2,5,131,106,25,13,65,66,7.42785633587786,7.74716981132075,6.0739672,6.26923076923077,7.18,7.67195727272727,15
"35",2008,4,8.025,4,8.03333333333333,8,NA,8,8.03333333333333,3,1,0,1,3,135,109,26,13,66,69,7.44554948148148,7.75504587155963,6.14804538461538,6.26923076923077,7.19242424242424,7.68766927536232,16
"36",2008,5,6.66666666666667,3,6.66666666666667,NA,NA,7,6.5,3,0,0,1,2,138,112,26,13,67,71,7.42861724637681,7.72589285714286,6.14804538461538,6.26923076923077,7.18955223880597,7.6542138028169,17
"37",2008,6,8,2,8,NA,NA,9,7,2,0,0,1,1,140,114,26,13,68,72,7.43677985714286,7.73070175438596,6.14804538461538,6.26923076923077,7.21617647058823,7.6451275,18
"38",2008,7,6.5,4,9,5.66666666666667,5.66666666666667,7,5,1,3,3,3,1,144,115,29,16,71,73,7.41075819444444,7.74173913043478,6.0982475862069,6.15625,7.20704225352113,7.60889287671233,19
"39",2008,8,6.5,7,7.25,2,NA,5.75,7.5,6,1,0,4,3,151,121,30,16,75,76,7.36853761589404,7.71735537190083,5.96163933333333,6.15625,7.12933333333333,7.60459447368421,20
"40",2008,9,8.6125,8,8.65,8.5,NA,9.16666666666667,8.28,6,2,0,3,5,159,127,32,16,78,81,7.43112691823899,7.76141732283465,6.120286875,6.15625,7.20769230769231,7.64628617283951,21
"41",2008,10,7.625,4,7.33333333333333,8.5,8.5,NA,7.625,3,1,1,0,4,163,130,33,17,78,85,7.4358845398773,7.75153846153846,6.19239939393939,6.29411764705882,7.20769230769231,7.64528447058824,22
"42",2008,11,8.5,4,9,8,8,8.66666666666667,8,2,2,2,3,1,167,132,35,19,81,86,7.46137233532934,7.77045454545454,6.29569085714286,6.47368421052632,7.26172839506173,7.64940906976744,23
"43",2008,12,7.16666666666667,3,7.16666666666667,NA,NA,7.75,6,3,0,0,2,1,170,135,35,19,83,87,7.45617164705882,7.75703703703704,6.29569085714286,6.47368421052632,7.27349397590362,7.63045034482759,24
"44",2009,1,7.16666666666667,3,8.25,5,5,9,6.25,2,1,1,1,2,173,137,36,20,84,89,7.45115132947977,7.76423357664233,6.25969944444444,6.4,7.29404761904762,7.59942898876405,25
"45",2009,2,7.0625,4,7.0625,NA,NA,8.25,6.66666666666667,4,0,0,1,3,177,141,36,20,85,92,7.44236824858757,7.74432624113475,6.25969944444444,6.4,7.30529411764706,7.56901282608696,26
"46",2009,3,8.125,4,8.16666666666667,8,8,8.5,8,3,1,1,1,3,181,144,37,21,86,95,7.45745403314917,7.753125,6.30673459459459,6.47619047619048,7.31918604651163,7.58262294736842,27
"47",2009,4,6.7,5,6.375,8,NA,5.25,7.66666666666667,4,1,0,2,3,186,148,38,21,88,98,7.4370923655914,7.71587837837838,6.35129421052632,6.47619047619048,7.27215909090909,7.58519571428571,28
"48",2009,5,8.2,5,9,7,NA,9,7.66666666666667,3,2,0,2,3,191,151,40,21,90,101,7.45706376963351,7.74139072847682,6.3837295,6.47619047619048,7.31055555555556,7.58761564356436,29
"49",2009,6,9,5,9.66666666666667,8,10,6,9.75,3,2,1,1,4,196,154,42,22,91,105,7.4964243877551,7.7788961038961,6.46069476190476,6.63636363636364,7.29615384615385,7.66999219047619,30
"50",2009,7,6.5,2,6,7,7,6.5,NA,1,1,1,2,0,198,155,43,23,93,105,7.48635949494949,7.76741935483871,6.47323674418605,6.65217391304348,7.27903225806452,7.66999219047619,31
"51",2009,8,7.5,4,7.5,7.5,NA,7,7.66666666666667,2,2,0,1,3,202,157,45,23,94,108,7.4866296039604,7.7640127388535,6.51887066666667,6.65217391304348,7.27606382978723,7.66989981481482,32
"52",2009,9,6,1,6,NA,NA,NA,6,1,0,0,0,1,203,158,45,23,94,109,7.47930630541872,7.75284810126582,6.51887066666667,6.65217391304348,7.27606382978723,7.65457963302752,33
"53",2009,10,8.07142857142857,7,8.5,7,7,8.5,7.9,5,2,2,2,5,210,163,47,25,96,114,7.49904371428571,7.77576687116564,6.53934425531915,6.68,7.3015625,7.66534368421053,34
"54",2009,11,6.75,6,6.33333333333333,7.16666666666667,NA,4,7.3,3,3,0,1,5,216,166,50,25,97,119,7.47823694444444,7.74969879518072,6.5769836,6.68,7.26752577319588,7.6499931092437,35
"55",2009,12,6.06666666666667,3,7.6,3,3,3,7.6,2,1,1,1,2,219,168,51,26,98,121,7.4589003652968,7.74791666666667,6.50684666666667,6.53846153846154,7.22397959183674,7.6491667768595,36
"56",2010,1,6.5,6,8.33333333333333,4.66666666666667,4,5,8,3,3,2,3,3,225,171,54,28,101,124,7.43332968888889,7.75818713450292,6.40461444444444,6.35714285714286,7.15792079207921,7.65765467741936,37
"57",2010,2,8.4,5,8.25,9,NA,9,8.25,4,1,0,1,4,230,175,55,28,102,128,7.45434426086956,7.76942857142857,6.45180327272727,6.35714285714286,7.17598039215686,7.67616546875,38
"58",2010,3,8.03333333333333,9,8.4125,5,5,7.5,8.1,8,1,1,1,8,239,183,56,29,103,136,7.47614719665272,7.79754098360656,6.42587821428571,6.31034482758621,7.17912621359223,7.70109691176471,39
"59",2010,4,7.75,4,7.83333333333333,7.5,7.5,8.75,6.75,3,1,1,2,2,243,186,57,30,105,138,7.4806550617284,7.79811827956989,6.44472245614035,6.35,7.20904761904762,7.68731289855073,40
"60",2010,5,8.875,4,8.875,NA,NA,8,9.16666666666667,4,0,0,1,3,247,190,57,30,106,141,7.5032355465587,7.82078947368421,6.44472245614035,6.35,7.21650943396226,7.7187885106383,41
"61",2010,6,8.5,2,8.5,NA,NA,8.5,8.5,2,0,0,1,1,249,192,57,30,107,142,7.51124168674699,7.82786458333333,6.44472245614035,6.35,7.2285046728972,7.72429,42
"62",2010,7,7.6,5,8,6,6,8,7,4,1,1,3,2,254,196,58,31,110,144,7.5129888976378,7.83137755102041,6.43705482758621,6.33870967741935,7.24954545454545,7.71423041666667,43
"63",2010,8,8.33333333333333,6,8.6,7,7,8.33333333333333,8.33333333333333,5,1,1,3,3,260,201,59,32,113,147,7.53191992307692,7.85049751243781,6.44659627118644,6.359375,7.2783185840708,7.72686517006803,44
"64",2010,9,8.4,5,8.4,NA,NA,8.33333333333333,8.5,5,0,0,3,2,265,206,59,32,116,149,7.54829879245283,7.86383495145631,6.44659627118644,6.359375,7.30560344827586,7.73724281879195,45
"65",2010,10,7.75,2,7.75,NA,NA,NA,7.75,2,0,0,0,2,267,208,59,32,116,151,7.54980966292135,7.86274038461538,6.44659627118644,6.359375,7.30560344827586,7.73741178807947,46
"66",2010,11,7,3,7.5,6,6,6.5,8,2,1,1,2,1,270,210,60,33,118,152,7.54370066666667,7.85928571428571,6.439153,6.34848484848485,7.29194915254237,7.73913934210526,47
"67",2010,12,9,5,9.5,7,NA,NA,9,4,1,0,0,5,275,214,61,33,118,157,7.57017883636364,7.88995327102804,6.44834721311475,6.34848484848485,7.29194915254237,7.77929414012739,48
"68",2011,1,6.5,6,7.83333333333333,5.16666666666667,3.5,5.16666666666667,7.83333333333333,3,3,2,3,3,281,217,64,35,121,160,7.54732804270463,7.88917050691244,6.3882684375,6.18571428571429,7.23925619834711,7.780307375,49
"69",2011,2,8.5,2,8.5,NA,NA,NA,8.5,2,0,0,0,2,283,219,64,35,121,162,7.55406070671378,7.89474885844749,6.3882684375,6.18571428571429,7.23925619834711,7.7891924691358,50
"70",2011,3,7.21428571428571,7,7.9,5.5,NA,7.25,7.2,5,2,0,2,5,290,224,66,35,123,167,7.54585924137931,7.89486607142857,6.36135121212121,6.18571428571429,7.23943089430894,7.77155197604791,51
"71",2011,4,7,3,6.75,7.5,7.5,7.5,6.75,2,1,1,1,2,293,226,67,36,124,169,7.54027023890785,7.88473451327434,6.37834597014925,6.22222222222222,7.24153225806452,7.7594626035503,52
"72",2011,5,8,3,8,NA,NA,8,8,3,0,0,1,2,296,229,67,36,125,171,7.54492966216216,7.88624454148472,6.37834597014925,6.22222222222222,7.2476,7.76227590643275,53
"73",2011,6,8,4,8,NA,NA,7.5,8.5,4,0,0,2,2,300,233,67,36,127,173,7.55099726666667,7.8881974248927,6.37834597014925,6.22222222222222,7.25157480314961,7.77080450867052,54
"74",2011,7,8.03333333333333,3,8.03333333333333,NA,NA,9.1,7.5,3,0,0,1,2,303,236,67,36,128,175,7.55577287128713,7.89004237288135,6.37834597014925,6.22222222222222,7.266015625,7.7677096,55
"75",2011,8,8.16666666666667,3,8.16666666666667,NA,NA,8.75,7,3,0,0,2,1,306,239,67,36,130,176,7.56176202614379,7.89351464435146,6.37834597014925,6.22222222222222,7.28884615384615,7.76334761363636,56
"76",2011,9,8.2,5,8.66666666666667,7.5,7.5,8.5,8,3,2,2,2,3,311,242,69,38,132,179,7.57202308681672,7.90309917355372,6.41085768115942,6.28947368421053,7.30719696969697,7.7673138547486,57
"77",2011,10,7.4,5,7,8,8,8,7,3,2,2,2,3,316,245,71,40,134,182,7.56930120253165,7.89204081632653,6.45562225352113,6.375,7.31753731343284,7.75466582417582,58
"78",2011,11,7.2,5,8,6,NA,7,7.25,3,2,0,1,4,321,248,73,40,135,186,7.56354884735202,7.89334677419355,6.44313945205479,6.375,7.31518518518519,7.74381279569893,59
"79",2011,12,8.41666666666667,6,8.41666666666667,NA,NA,NA,8.41666666666667,6,0,0,0,6,327,254,73,40,135,192,7.5792023853211,7.90570866141732,6.44313945205479,6.375,7.31518518518519,7.76483947916667,60
"80",2012,1,6.72857142857143,7,7.33333333333333,3.1,NA,8.5,6.02,6,1,0,2,5,334,260,74,40,137,197,7.56137479041916,7.8925,6.39796189189189,6.375,7.33248175182482,7.72055421319797,61
"81",2012,2,8,5,7.75,9,NA,8.75,7.5,4,1,0,2,3,339,264,75,40,139,200,7.56784418879056,7.89034090909091,6.43265573333333,6.375,7.35287769784173,7.7172459,62
"82",2012,3,8.71428571428571,7,8.71428571428571,NA,NA,9.33333333333333,8.25,7,0,0,3,4,346,271,75,40,142,204,7.59103809248555,7.91162361623616,6.43265573333333,6.375,7.39471830985916,7.72769205882353,63
"83",2012,4,7.26,5,8.5,6.43333333333333,5,7.75,6.93333333333333,2,3,1,2,3,351,273,78,41,144,207,7.58632245014245,7.91593406593407,6.4326817948718,6.34146341463415,7.39965277777778,7.71617961352657,64
"84",2012,5,8,4,7.66666666666667,9,NA,9,7.66666666666667,3,1,0,1,3,355,276,79,41,145,210,7.5909836056338,7.91322463768116,6.46517949367089,6.34146341463415,7.41068965517241,7.71547228571429,65
"85",2012,6,8.5,2,8.5,NA,NA,NA,8.5,2,0,0,0,2,357,278,79,41,145,212,7.59607613445378,7.91744604316547,6.46517949367089,6.34146341463415,7.41068965517241,7.72287349056604,66
"86",2012,7,8.66333333333333,6,9.16666666666667,8.16,8.45,9.5,8.245,3,3,2,2,4,363,281,82,43,147,216,7.61371674931129,7.93078291814947,6.52718512195122,6.43953488372093,7.4391156462585,7.7325425,67
"87",2012,8,8,7,8,NA,7,8.66666666666667,7.5,7,0,1,3,4,370,288,82,44,150,220,7.62102481081081,7.93246527777778,6.52718512195122,6.45227272727273,7.46366666666667,7.72831445454545,68
"88",2012,9,5.5,2,NA,5.5,NA,NA,5.5,0,2,0,0,2,372,288,84,44,150,222,7.6096214516129,7.93246527777778,6.50272833333333,6.45227272727273,7.46366666666667,7.70823954954955,69
"89",2012,10,7.66666666666667,3,8,7,7,NA,7.66666666666667,2,1,1,0,3,375,290,85,45,150,225,7.61007781333333,7.93293103448276,6.50857858823529,6.46444444444444,7.46366666666667,7.70768524444444,70
"90",2012,11,7.66666666666667,6,8.33333333333333,7,10,NA,7.66666666666667,3,3,1,0,6,381,293,88,46,150,231,7.61096897637795,7.93703071672355,6.52533159090909,6.54130434782609,7.46366666666667,7.70661982683983,71
"91",2012,12,8.28571428571429,7,8.28571428571429,NA,NA,8.33333333333333,8.25,7,0,0,3,4,388,300,88,46,153,235,7.62314221649485,7.94516666666667,6.52533159090909,6.54130434782609,7.48071895424837,7.71586885106383,72
"92",2013,1,8.25,4,8.25,NA,NA,9,7.5,4,0,0,2,2,392,304,88,46,155,237,7.6295387244898,7.94917763157895,6.52533159090909,6.54130434782609,7.50032258064516,7.71404717299578,73
"93",2013,2,6.75,4,7.66666666666667,4,7,6,7,3,1,1,1,3,396,307,89,47,156,240,7.62065449494949,7.94641693811075,6.49695707865169,6.55106382978723,7.49070512820513,7.70512158333333,74
"94",2013,3,8.28571428571429,7,8.28571428571429,NA,NA,8,8.33333333333333,7,0,0,1,6,403,314,89,47,157,246,7.63220640198511,7.95398089171974,6.49695707865169,6.55106382978723,7.49394904458599,7.72044382113821,75
"95",2013,5,7.25,4,7.25,NA,NA,9,6.66666666666667,4,0,0,1,3,407,318,89,47,158,249,7.62845007371007,7.94512578616352,6.49695707865169,6.55106382978723,7.50348101265823,7.70774771084337,77
"96",2013,6,6,2,6,NA,NA,7,5,2,0,0,1,1,409,320,89,47,159,250,7.62048699266504,7.93296875,6.49695707865169,6.55106382978723,7.50031446540881,7.69691672,78
"97",2013,7,8,1,8,NA,NA,8,NA,1,0,0,1,0,410,321,89,47,160,250,7.62141263414634,7.93317757009346,6.49695707865169,6.55106382978723,7.5034375,7.69691672,79
"98",2013,8,7.2,5,6.75,9,NA,3,8.25,4,1,0,1,4,415,325,90,47,161,254,7.61633537349398,7.91861538461538,6.52476866666667,6.55106382978723,7.47546583850932,7.70562669291339,80
"99",2013,9,8,1,8,NA,NA,8,NA,1,0,0,1,0,416,326,90,47,162,254,7.61725764423077,7.91886503067485,6.52476866666667,6.55106382978723,7.4787037037037,7.70562669291339,81
"100",2013,10,7.66666666666667,3,8,7,NA,7,8,2,1,0,1,2,419,328,91,47,163,256,7.61761140811456,7.91935975609756,6.52999098901099,6.55106382978723,7.47576687116565,7.707926484375,82
"101",2013,11,7.65,9,7.58333333333333,7.78333333333333,9.75,9,7.26428571428571,6,3,1,2,7,428,334,94,48,165,263,7.61829247663551,7.91332335329341,6.56999127659575,6.61770833333333,7.49424242424243,7.69611855513308,83
"102",2013,12,8.75,4,10,8.33333333333333,NA,NA,8.75,1,3,0,0,4,432,335,97,48,165,267,7.62877125,7.91955223880597,6.62452762886598,6.61770833333333,7.49424242424243,7.7119070411985,84
"103",2014,1,9.5,8,9.66666666666667,9,9,9.5,9.5,6,2,1,4,4,440,341,99,49,169,271,7.66279359090909,7.95029325513196,6.67251696969697,6.66632653061224,7.54171597633136,7.73829955719557,85
"104",2014,2,7.5,2,10,5,5,5,10,1,1,1,1,1,442,342,100,50,170,272,7.66205696832579,7.9562865497076,6.6557918,6.633,7.52676470588235,7.74661463235294,86
"105",2014,3,8.66666666666667,3,9.5,7,NA,NA,8.66666666666667,2,1,0,0,3,445,344,101,50,170,275,7.66882961797753,7.96526162790698,6.6591998019802,6.633,7.52676470588235,7.75665156363636,87
"106",2014,4,8.9,5,8.9,NA,NA,10,8.625,5,0,0,1,4,450,349,101,50,171,279,7.68250928888889,7.97865329512894,6.6591998019802,6.633,7.54122807017544,7.76910100358423,88
"107",2014,5,8.625,4,8.625,NA,NA,10,7.25,4,0,0,2,2,454,353,101,50,173,281,7.69081317180617,7.98597733711048,6.6591998019802,6.633,7.56965317919075,7.76540633451957,89
"108",2014,6,9.3,1,9.3,NA,NA,NA,9.3,1,0,0,0,1,455,354,101,50,173,282,7.69434984615385,7.98968926553672,6.6591998019802,6.633,7.56965317919075,7.77084815602837,90
"109",2014,7,7.14285714285714,7,8.2,4.5,NA,6.66666666666667,7.5,5,2,0,3,4,462,359,103,50,176,286,7.6859938961039,7.99261838440111,6.61727359223301,6.633,7.55426136363636,7.76706006993007,91
"110",2014,8,7.875,2,7.5,8.25,8.25,NA,7.875,1,1,1,0,2,464,360,104,51,176,288,7.68680857758621,7.99125,6.63297288461539,6.66470588235294,7.55426136363636,7.76780965277778,92
"111",2014,9,10,2,10,NA,NA,10,10,2,0,0,1,1,466,362,104,51,177,289,7.69673643776824,8.00234806629834,6.63297288461539,6.66470588235294,7.5680790960452,7.77553349480969,93
"112",2014,10,9.25,4,9.25,NA,NA,10,9,4,0,0,1,3,470,366,104,51,178,292,7.70995570212766,8.01598360655738,6.63297288461539,6.66470588235294,7.58174157303371,7.78811363013699,94
"113",2014,11,8.5,2,8.5,NA,NA,8.5,NA,2,0,0,2,0,472,368,104,51,180,292,7.71330334745763,8.01861413043478,6.63297288461539,6.66470588235294,7.59194444444445,7.78811363013699,95
"114",2014,12,6.5,4,8,6,7,7,6.33333333333333,1,3,1,1,3,476,369,107,52,181,295,7.7031075210084,8.01856368563686,6.61522598130841,6.67115384615385,7.58867403314917,7.77331925423729,96
"115",2015,1,7,3,8,6.5,6,6,7.5,1,2,1,1,2,479,370,109,53,182,297,7.69870392484342,8.01851351351351,6.61311174311927,6.65849056603774,7.57994505494506,7.77147872053872,97
"116",2015,2,9,2,9,NA,NA,8,10,2,0,0,1,1,481,372,109,53,183,298,7.70411471933472,8.02379032258064,6.61311174311927,6.65849056603774,7.58224043715847,7.77895697986577,98
"117",2015,3,9.5,2,9.5,NA,NA,9,10,2,0,0,1,1,483,374,109,53,184,299,7.71155109730849,8.03168449197861,6.61311174311927,6.65849056603774,7.58994565217391,7.7863852173913,99
"118",2015,4,8.83333333333333,3,8.83333333333333,NA,NA,10,8.25,3,0,0,1,2,486,377,109,53,185,301,7.71847567901235,8.03806366047745,6.61311174311927,6.65849056603774,7.60297297297297,7.78946571428571,100
"119",2015,5,7.5,2,7.5,NA,NA,7.5,NA,2,0,0,2,0,488,379,109,53,187,301,7.71758028688525,8.03522427440633,6.61311174311927,6.65849056603774,7.60187165775401,7.78946571428571,101
"120",2015,6,9.08333333333333,6,9,9.5,9.5,8.25,9.5,5,1,1,2,4,494,384,110,54,189,305,7.7341683805668,8.04778645833333,6.63935618181818,6.71111111111111,7.60873015873016,7.81189895081967,102
"121",2015,7,8.8125,16,9,8.25,8,9.5,8.76666666666667,12,4,2,1,15,510,396,114,56,190,320,7.76799839215686,8.07664141414141,6.69587,6.75714285714286,7.61868421052632,7.8566536875,103
"122",2015,8,8.616,25,8.465,9.22,9.25,8.76,8.52,20,5,4,10,15,535,416,119,60,200,335,7.80762463551402,8.0953125,6.80192588235294,6.92333333333333,7.67575,7.88635576119403,104
"123",2015,9,8.1,10,8.1,NA,NA,8.5,8,10,0,0,2,8,545,426,119,60,202,343,7.81298932110092,8.09542253521127,6.80192588235294,6.92333333333333,7.68391089108911,7.88900635568513,105
"124",2015,10,8.96666666666667,12,8.96666666666667,NA,10,9,8.95,12,0,1,4,8,557,438,119,61,206,351,7.83784412926391,8.11929223744292,6.80192588235294,6.97377049180328,7.70946601941748,7.91318854700855,106
"125",2015,11,7.80769230769231,13,7.77777777777778,7.875,8.2,8.44,7.4125,9,4,1,5,8,570,447,123,62,211,359,7.83715645614035,8.11241610738255,6.83682260162602,6.99354838709677,7.72677725118483,7.90203114206128,107
"126",2015,12,7.48357142857143,14,8.55,4.8175,4.25,5.5,7.81416666666667,10,4,2,2,12,584,457,127,64,213,371,7.82868010273973,8.12199124726477,6.77322188976378,6.9078125,7.70586854460094,7.89918916442049,108
"127",2016,1,7.18181818181818,11,7.2,7,7,10,6.55555555555556,10,1,1,2,9,595,467,128,65,215,380,7.81672131092437,8.10224839400428,6.77499359375,6.90923076923077,7.72720930232558,7.8673662631579,109
"128",2016,2,9.29,10,9.32222222222222,9,9,9.33333333333333,9.27142857142857,9,1,1,3,7,605,476,129,66,218,387,7.84107302479339,8.12531512605042,6.79224170542636,6.94090909090909,7.7493119266055,7.89276273901809,110
"129",2016,3,8.5625,8,8.33333333333333,9.25,9.5,9.25,8.33333333333333,6,2,1,2,6,613,482,131,67,220,393,7.85048805872757,8.12790456431535,6.82976473282443,6.97910447761194,7.76295454545455,7.89948900763359,111
"130",2016,4,7.875,8,8,7.5,8,8.5,7.66666666666667,6,2,1,2,6,621,488,133,68,222,399,7.85080383252818,8.12633196721312,6.83984345864662,6.99411764705882,7.7695945945946,7.8959879197995,112
"131",2016,5,8.02222222222222,9,8.02222222222222,NA,NA,8,8.02857142857143,9,0,0,2,7,630,497,133,68,224,406,7.85325266666667,8.12444668008048,6.83984345864662,6.99411764705882,7.77165178571429,7.89827384236453,113
"132",2016,6,8.22222222222222,9,8.71428571428571,6.5,5,6.5,8.71428571428571,7,2,1,2,7,639,504,135,69,226,413,7.85844942097027,8.13263888888889,6.83480874074074,6.96521739130435,7.7603982300885,7.91210455205811,114
"133",2016,7,7.78846153846154,13,8.525,5.33333333333333,7,8.25,7.65,10,3,1,3,10,652,514,138,70,229,423,7.85705395705521,8.14027237354086,6.80216797101449,6.96571428571429,7.76681222707424,7.90590822695035,115
"134",2016,8,7.83333333333333,9,8.57142857142857,5.25,6.5,10,7.5625,7,2,1,1,8,661,521,140,71,230,431,7.85673098335855,8.14606525911708,6.77999414285714,6.95915492957746,7.77652173913044,7.89953406032483,116
"135",2016,9,7.15833333333333,6,7.99,3,NA,8.2,6.95,5,1,0,1,5,667,526,141,71,231,436,7.85044854572714,8.14458174904943,6.75318567375887,6.95915492957746,7.77835497835498,7.88864490825688,117
"136",2016,10,8.95833333333333,12,8.95833333333333,NA,NA,8.66666666666667,9.05555555555556,12,0,0,3,9,679,538,141,71,234,445,7.87002824742268,8.16273234200744,6.75318567375887,6.95915492957746,7.78974358974359,7.91224534831461,118
"137",2016,11,8.31818181818182,11,8.3125,8.33333333333333,7,NA,8.31818181818182,8,3,1,0,11,690,546,144,72,234,456,7.87717272463768,8.16492673992674,6.78610541666667,6.95972222222222,7.78974358974359,7.9220376754386,119
"138",2016,12,8.16363636363636,11,8.22222222222222,7.9,NA,7.66666666666667,8.35,9,2,0,3,8,701,555,146,72,237,464,7.88166787446505,8.16585585585586,6.80136424657534,6.95972222222222,7.78818565400844,7.9294163362069,120
"139",2017,1,8.92307692307692,13,8.875,9,7,9,8.90909090909091,8,5,1,2,11,714,563,151,73,239,475,7.90062910364146,8.1759325044405,6.87416675496689,6.96027397260274,7.79832635983264,7.95210353684211,121
"140",2017,2,8.32727272727273,11,8.51111111111111,7.5,7,9.2,8,9,2,1,3,8,725,572,153,74,242,483,7.90710231724138,8.18120629370629,6.88234758169935,6.96081081081081,7.81570247933884,7.95289685300207,122
"141",2017,3,8.66666666666667,6,8.4,10,10,8,9,5,1,1,2,4,731,577,154,75,244,487,7.91333677154583,8.18310225303293,6.90259207792208,7.00133333333333,7.8172131147541,7.96149728952772,123
"142",2017,4,8,6,10,7,6,8,8,2,4,1,2,4,737,579,158,76,246,491,7.91404230664858,8.18937823834197,6.90505810126582,6.98815789473684,7.81869918699187,7.96181095723014,124
"143",2017,5,8.1,15,8.45,7.4,8.33333333333333,8.08333333333333,8.11111111111111,10,5,3,6,9,752,589,163,79,252,500,7.91775156914894,8.19380305602717,6.92024036809816,7.03924050632911,7.825,7.96449836,125
"144",2017,6,8.8,5,8.8,NA,NA,10,8.5,5,0,0,1,4,757,594,163,79,253,504,7.92357883751651,8.19890572390572,6.92024036809816,7.03924050632911,7.83359683794466,7.96874837301587,126
"145",2017,7,9,8,9,9,NA,8.75,9.25,6,2,0,4,4,765,600,165,79,257,508,7.93483552941176,8.20691666666667,6.94544957575758,7.03924050632911,7.84785992217899,7.97883696850394,127
"146",2017,8,8.1125,4,8.08333333333333,8.2,8.2,NA,8.1125,3,1,1,0,4,769,603,166,80,257,512,7.93575966189857,8.20630182421227,6.95300710843374,7.05375,7.84785992217899,7.9798812109375,128
"147",2017,9,9,7,9,NA,NA,10,8.83333333333333,7,0,0,1,6,776,610,166,80,258,518,7.94535976804124,8.21540983606558,6.95300710843374,7.05375,7.8562015503876,7.98976675675676,129
"148",2017,10,8,8,8,8,7,8,8,6,2,1,1,7,784,616,168,81,259,525,7.94591732142857,8.21331168831169,6.96547130952381,7.05308641975309,7.85675675675676,7.9899032,130
"149",2017,11,8.13444444444444,9,8.02,8.2775,8.5,8.025,8.222,5,4,2,4,5,793,621,172,83,263,530,7.94805697351828,8.21175523349437,6.99598360465116,7.08795180722892,7.85931558935361,7.99209279245283,131
"150",2017,12,8.55555555555556,9,8.875,6,6,10,8.14285714285714,8,1,1,2,7,802,629,173,84,265,537,7.95487428927681,8.22019077901431,6.99022647398844,7.075,7.87547169811321,7.99405806331471,132
"151",2018,1,7.24727272727273,11,7.75,6.3675,NA,5.9,8.37,7,4,0,5,6,813,636,177,84,270,543,7.94530034440344,8.21501572327044,6.97615355932203,7.075,7.83888888888889,7.99821211786372,133
"152",2018,2,7.9,10,7.88888888888889,8,NA,NA,7.9,9,1,0,0,10,823,645,178,84,270,553,7.94474991494532,8.21046511627907,6.98190550561798,7.075,7.83888888888889,7.99643613019891,134
"153",2018,3,9,2,9,NA,NA,NA,9,2,0,0,0,2,825,647,178,84,270,555,7.9473080969697,8.2129057187017,6.98190550561798,7.075,7.83888888888889,8.00005257657658,135
"154",2018,4,8.075,6,8.09,8,8,8.48333333333333,7.66666666666667,5,1,1,3,3,831,652,179,85,273,558,7.94823006016847,8.21196319018405,6.98759318435754,7.08588235294118,7.8459706959707,7.99826017921147,136
"155",2018,5,8.59090909090909,11,8.77777777777778,7.75,7,9,8.35714285714286,9,2,1,4,7,842,661,181,86,277,565,7.95662610451306,8.2196671709531,6.99601756906077,7.08488372093023,7.86263537906137,8.00270651327433,137
"156",2018,6,8.4,10,8.85714285714286,7.33333333333333,8,7.625,8.91666666666667,7,3,1,4,6,852,668,184,87,281,571,7.96183002347418,8.22634730538922,7.0015172826087,7.09540229885057,7.85925266903915,8.01231029772329,138
"157",2018,7,8.68181818181818,11,8.9375,8,7.5,8.25,8.92857142857143,8,3,2,4,7,863,676,187,89,285,578,7.97100716106605,8.23476331360947,7.01753572192513,7.10449438202247,7.86473684210526,8.02340688581315,139
"158",2018,8,9,7,9.16666666666667,8,9,10,8.83333333333333,6,1,1,1,6,870,682,188,90,286,584,7.9792864137931,8.24296187683285,7.02276159574468,7.12555555555555,7.8722027972028,8.03172804794521,140
"159",2018,9,8.375,8,8.8,7.66666666666667,NA,9,8.28571428571429,5,3,0,1,7,878,687,191,90,287,591,7.98289200455581,8.24701601164483,7.03287528795811,7.12555555555555,7.87613240418118,8.03473634517767,141
"160",2018,10,8.2,8,8.5,7.3,NA,8.15,8.25,6,2,0,4,4,886,693,193,90,291,595,7.9848523476298,8.24920634920635,7.03564341968912,7.12555555555555,7.87989690721649,8.03618349579832,142
"161",2018,11,8.5,4,8,9,9,NA,8.5,2,2,1,0,4,890,695,195,91,291,599,7.98716761797753,8.24848920863309,7.05579066666667,7.14615384615385,7.87989690721649,8.03928076794658,143
"162",2018,12,7.25,4,8,5,NA,NA,7.25,3,1,0,0,4,894,698,196,91,291,603,7.98386932885906,8.2474212034384,7.04530193877551,7.14615384615385,7.87989690721649,8.03404507462687,144
"163",2019,1,8.11111111111111,9,8.14285714285714,8,NA,8.8,7.25,7,2,0,5,4,903,705,198,91,296,607,7.98513751937985,8.24638297872341,7.05494535353535,7.14615384615385,7.89543918918919,8.02887838550248,145
"164",2019,2,8.5,23,8.875,6,7,8.2,8.58333333333333,20,3,3,5,18,926,725,201,94,301,625,7.99792568034557,8.26372413793104,7.03919990049751,7.14148936170213,7.90049833887043,8.044846688,146
"165",2019,3,8.67857142857143,14,8.66666666666667,8.75,NA,10,8.57692307692308,12,2,0,1,13,940,737,203,94,302,638,8.00806295744681,8.27028493894166,7.05605507389163,7.14148936170213,7.90745033112583,8.05568836990596,147
"166",2019,4,8.26666666666667,15,8.75,6.33333333333333,10,8.33333333333333,8.25,12,3,1,3,12,955,749,206,95,305,650,8.01212479581152,8.27797062750334,7.04553,7.17157894736842,7.91163934426229,8.05927566153846,148
"167",2019,5,8.90588235294118,17,9.06923076923077,8.375,9,8.75,8.95384615384615,13,4,1,4,13,972,762,210,96,309,663,8.02775635802469,8.29146981627297,7.07085323809524,7.190625,7.92249190938511,8.07681625942685,149
"168",2019,6,8.10714285714286,14,8.22727272727273,7.66666666666667,8.5,9.33333333333333,7.77272727272727,11,3,2,3,11,986,773,213,98,312,674,8.02888354969574,8.29055627425615,7.07924497652582,7.21734693877551,7.93605769230769,8.07185338278932,150
"169",2019,7,8.72153846153846,13,8.738,8.66666666666667,8,7.5,8.94363636363636,10,3,1,2,11,999,783,216,99,314,685,8.03789707707708,8.29627075351213,7.1012925,7.22525252525252,7.93328025477707,8.08585281751825,151
"170",2019,8,8.60555555555556,18,8.85,7.75,8.33333333333333,9,8.45384615384615,14,4,3,5,13,1017,797,220,102,319,698,8.04794412979351,8.30599749058971,7.11308718181818,7.2578431372549,7.95,8.09270656160459,152
"171",2019,9,8.86363636363636,11,8.86363636363636,NA,NA,9.4,8.41666666666667,11,0,0,5,6,1028,808,220,102,324,704,8.0566723540856,8.31358910891089,7.11308718181818,7.2578431372549,7.97237654320988,8.09546758522728,153
"172",2019,10,8.38461538461539,13,8.59090909090909,7.25,8,8.33333333333333,8.4,11,2,1,3,10,1041,819,222,103,327,714,8.06076770413064,8.3173137973138,7.11432063063063,7.26504854368932,7.97568807339449,8.09973274509804,154
"173",2019,11,8.22307692307692,13,8.61111111111111,7.35,6.13333333333333,7.98,8.375,9,4,3,5,8,1054,828,226,106,332,722,8.06276962049336,8.32050724637681,7.11849194690265,7.23301886792453,7.97575301204819,8.10278279778394,155
"174",2019,12,8.57692307692308,13,8.72222222222222,8.25,8,8,8.625,9,4,1,1,12,1067,837,230,107,333,734,8.0690339081537,8.32482676224612,7.13817034782609,7.24018691588785,7.97582582582582,8.11132040871935,156
"175",2020,1,8.47391304347826,23,8.7,7.83333333333333,6.66666666666667,7.4,8.77222222222222,17,6,3,5,18,1090,854,236,110,338,752,8.0775772293578,8.33229508196721,7.15584398305085,7.22454545454545,7.96730769230769,8.12713986702128,157
"176",2020,2,8.46428571428571,14,8.45,8.5,NA,7.75,8.58333333333333,10,4,0,2,12,1104,864,240,110,340,764,8.08248114130435,8.33365740740741,7.17824658333333,7.22454545454545,7.96602941176471,8.13430520942409,158
"177",2020,3,8.9,15,8.75,9.2,10,9.2,8.75,10,5,1,5,10,1119,874,245,111,345,774,8.09343983914209,8.33842105263158,7.21950685714286,7.24954954954955,7.98391304347826,8.14225992248062,159
"178",2020,4,8.88461538461539,13,9.13636363636364,7.5,7,8.625,9,11,2,1,4,9,1132,885,247,112,349,783,8.10252577738516,8.34833898305085,7.22177805668016,7.24732142857143,7.99126074498567,8.15211900383142,160
"179",2020,5,8.66785714285714,28,8.94347826086956,7.4,9,8.94,8.60869565217391,23,5,1,5,23,1160,908,252,113,354,806,8.11617170689655,8.3634140969163,7.22531420634921,7.26283185840708,8.00466101694915,8.16514786600497,161
"180",2020,6,8.47058823529412,17,8.71428571428571,7.33333333333333,6,7.66666666666667,8.90909090909091,14,3,1,6,11,1177,922,255,114,360,817,8.12129072217502,8.36874186550976,7.22658501960784,7.25175438596491,7.99902777777778,8.17516423500612,162
"181",2020,7,8.71739130434783,23,8.775,8.33333333333333,NA,8.875,8.63333333333333,20,3,0,8,15,1200,942,258,114,368,832,8.13271598333334,8.37736730360934,7.23945418604651,7.25175438596491,8.01807065217391,8.18342449519231,163
"182",2020,8,9,9,9.25,7,7,9,9,8,1,1,6,3,1209,950,259,115,374,835,8.13917219189413,8.38471578947368,7.23852965250965,7.2495652173913,8.03382352941176,8.1863582994012,164
"183",2020,9,8.66923076923077,13,8.85555555555556,8.25,5,9.5,8.51818181818182,9,4,1,2,11,1222,959,263,116,376,846,8.14481111292963,8.38913451511992,7.25391323193916,7.2301724137931,8.04162234042553,8.19067278959811,165
"184",2020,10,8.57142857142857,7,8.8,8,NA,10,8.33333333333333,5,2,0,1,6,1229,964,265,116,377,852,8.14724099267698,8.39126556016597,7.2595440754717,7.2301724137931,8.04681697612732,8.19167744131456,166
"185",2020,11,8.47826086956522,23,8.67647058823529,7.91666666666667,7,7.8,8.66666666666667,17,6,2,5,18,1252,981,271,118,382,870,8.153322028754,8.39620795107034,7.27409291512915,7.22627118644068,8.04358638743456,8.2015048045977,167
"186",2020,12,8.515,20,8.54210526315789,8,8,7.7,8.71875,19,1,1,4,16,1272,1000,272,119,386,886,8.15900878930818,8.39898,7.27676169117647,7.2327731092437,8.04002590673575,8.21084557562077,168
"187",2021,1,9.01913043478261,23,9.04476190476191,8.75,NA,9.5,8.88555555555556,21,2,0,5,18,1295,1021,274,119,391,904,8.17428508108108,8.4122624877571,7.28751525547445,7.2327731092437,8.05869565217391,8.22428006637168,169
"188",2021,2,8.67037037037037,27,8.82272727272727,8,NA,9.33333333333333,8.5875,22,5,0,3,24,1322,1043,279,119,394,928,8.18441692889562,8.42092042186002,7.30028379928315,7.2327731092437,8.06840101522843,8.23367368534483,170
"189",2021,3,8.55493833333333,18,8.73259266666667,7.66666666666667,6.5,8.5,8.561805625,15,3,2,2,16,1340,1058,282,121,396,944,8.18939408208956,8.42533921550095,7.3041814893617,7.22066115702479,8.07058080808081,8.23923524364407,171
"190",2021,4,8.57692307692308,26,8.75,6.5,NA,9.07142857142857,8.39473684210526,24,2,0,7,19,1366,1082,284,121,403,963,8.19677018301611,8.43254056377079,7.29851823943662,7.22066115702479,8.08796526054591,8.24230329179647,172
"191",2021,5,8.675,24,9.01,7,5,8.33333333333333,8.72380952380952,20,4,2,3,21,1390,1102,288,123,406,984,8.20502738848921,8.44302077132486,7.29437215277778,7.18455284552845,8.08977832512315,8.2525793394309,173
"192",2021,6,8.44444444444444,27,8.79166666666667,5.66666666666667,4,7.25,9.14705882352941,24,3,1,10,17,1417,1126,291,124,416,1001,8.20958932251235,8.45045194493783,7.2775916838488,7.15887096774193,8.06959134615385,8.2677702997003,174
"193",2021,7,8.41666666666667,12,9.09090909090909,1,1,9.2,7.85714285714286,11,1,1,5,7,1429,1137,292,125,421,1008,8.21132825052485,8.45664810026385,7.25609308219178,7.1096,8.08301662707838,8.2649187202381,175
"194",2021,8,8.345,20,8.57,7.67,NA,9.25,8.11875,15,5,0,4,16,1449,1152,297,125,425,1024,8.21317327122153,8.45812403645833,7.26306121212121,7.1096,8.094,8.26263483398438,176
"195",2021,9,8.805,20,9.13125,7.5,6,8.6,8.87333333333333,16,4,2,5,15,1469,1168,301,127,430,1039,8.22123081688224,8.46734494006849,7.26620990033223,7.09212598425197,8.09988372093023,8.27145146294514,177
"196",2021,10,8.57647058823529,17,8.77142857142857,7.66666666666667,7,8.25,8.67692307692308,14,3,2,4,13,1486,1182,304,129,434,1052,8.22529479811575,8.47094660744501,7.27016177631579,7.0906976744186,8.10126728110599,8.27646204372624,178
"197",2021,11,8.66923076923077,26,8.65909090909091,8.725,8,8.58333333333333,8.695,22,4,1,6,20,1512,1204,308,130,440,1072,8.23292861772487,8.47438446013289,7.28905577922078,7.09769230769231,8.10784090909091,8.28427058768657,179
"198",2021,12,8.88947368421053,19,8.86875,9,9,8.5,8.93529411764706,16,3,1,2,17,1531,1220,311,131,442,1089,8.24107646636186,8.47955646721311,7.30556006430868,7.11221374045801,8.10961538461539,8.29443348943985,180
"199",2022,1,8.3421052631579,19,9.03846153846154,6.83333333333333,8,1,8.75,13,6,1,1,18,1550,1233,317,132,443,1107,8.24231488387097,8.48544922141119,7.29662201892744,7.11893939393939,8.09356659142212,8.30184107497742,181
"200",2022,2,7.61904761904762,21,7.5625,7.8,7,8,7.52941176470588,16,5,1,4,17,1571,1249,322,133,447,1124,8.23398349458944,8.47362601281025,7.30443844720497,7.11804511278195,8.0927293064877,8.2901584252669,182
"201",2022,3,8.85,10,8.85714285714286,8.83333333333333,NA,9,8.75,7,3,0,4,6,1581,1256,325,133,451,1130,8.23787986717268,8.47576344745223,7.31855132307692,7.11804511278195,8.10077605321508,8.2926000619469,183
"202",2022,4,8.73846153846154,13,8.56,9.33333333333333,NA,9,8.71666666666667,10,3,0,1,12,1594,1266,328,133,452,1142,8.24196240276035,8.47642882306477,7.33697920731707,7.11804511278195,8.10276548672566,8.2970561033275,184
"203",2022,5,8.20833333333333,12,8.55,6.5,NA,8,8.22727272727273,10,2,0,1,11,1606,1276,330,133,453,1153,8.24171112702366,8.47700539968652,7.33190660606061,7.11804511278195,8.10253863134658,8.29639034692108,185
"204",2022,6,8.35384615384615,13,9.06666666666667,6.75,7.8,9.5,8.14545454545454,9,4,1,2,11,1619,1285,334,134,455,1164,8.24261153180976,8.4811353229572,7.32493766467066,7.12313432835821,8.10868131868132,8.29496397766323,186
"205",2022,7,8.5,17,8.39285714285714,9,8,8.375,8.53846153846154,14,3,1,4,13,1636,1299,337,135,459,1177,8.24528610635697,8.48018390300231,7.33984919881306,7.12962962962963,8.11100217864924,8.29765341546304,187
"206",2022,8,8.85757575757576,33,8.90357142857143,8.6,NA,8.4,8.93928571428571,28,5,0,5,28,1669,1327,342,135,464,1205,8.25739249251049,8.48911747550866,7.35827245614035,7.12962962962963,8.11411637931035,8.31256271369295,188
