"","year","month","avg_rating","no_ratings","avg_rating_owned","avg_rating_not_owned","avg_rating_prev_owned","avg_rating_comment","avg_rating_no_comment","no_ratings_owned","no_ratings_not_owned","no_ratings_prev_owned","no_ratings_comment","no_ratings_no_comment","cum_no_ratings","cum_no_ratings_owned","cum_no_ratings_not_owned","cum_no_ratings_prev_owned","cum_no_ratings_comment","cum_no_ratings_no_comment","cum_avg_rating","cum_avg_rating_owned","cum_avg_rating_not_owned","cum_avg_rating_prev_owned","cum_avg_rating_comment","cum_avg_rating_no_comment","month_after_release"
"1",2001,6,8.55555555555556,9,9,7,NA,10,8.375,7,2,0,1,8,9,7,2,0,1,8,8.55555555555556,9,7,NA,10,8.375,0
"2",2001,7,8.5,2,8.5,NA,NA,NA,8.5,2,0,0,0,2,11,9,2,0,1,10,8.54545454545454,8.88888888888889,7,NA,10,8.4,1
"3",2001,8,8.33333333333333,6,8.8,6,NA,7.5,8.75,5,1,0,2,4,17,14,3,0,3,14,8.47058823529412,8.85714285714286,6.66666666666667,NA,8.33333333333333,8.5,2
"4",2001,9,8.5,4,8.5,NA,NA,NA,8.5,4,0,0,0,4,21,18,3,0,3,18,8.47619047619048,8.77777777777778,6.66666666666667,NA,8.33333333333333,8.5,3
"5",2001,10,7.5,4,8,6,NA,NA,7.5,3,1,0,0,4,25,21,4,0,3,22,8.32,8.66666666666667,6.5,NA,8.33333333333333,8.31818181818182,4
"6",2001,11,8.25,4,9.33333333333333,5,NA,NA,8.25,3,1,0,0,4,29,24,5,0,3,26,8.31034482758621,8.75,6.2,NA,8.33333333333333,8.30769230769231,5
"7",2001,12,8.66666666666667,3,9,8.5,NA,NA,8.66666666666667,1,2,0,0,3,32,25,7,0,3,29,8.34375,8.76,6.85714285714286,NA,8.33333333333333,8.3448275862069,6
"8",2002,1,8.66666666666667,3,9,8,NA,NA,8.66666666666667,2,1,0,0,3,35,27,8,0,3,32,8.37142857142857,8.77777777777778,7,NA,8.33333333333333,8.375,7
"9",2002,2,7.6,5,7,8.5,8,7,8,3,2,1,2,3,40,30,10,1,5,35,8.275,8.6,7.3,8,7.8,8.34285714285714,8
"10",2002,3,8.2,5,8.2,NA,NA,NA,8.2,5,0,0,0,5,45,35,10,1,5,40,8.26666666666667,8.54285714285714,7.3,8,7.8,8.325,9
"11",2002,4,8,1,8,NA,NA,8,NA,1,0,0,1,0,46,36,10,1,6,40,8.26086956521739,8.52777777777778,7.3,8,7.83333333333333,8.325,10
"12",2002,5,7,3,7,NA,NA,7,7,3,0,0,2,1,49,39,10,1,8,41,8.18367346938776,8.41025641025641,7.3,8,7.625,8.29268292682927,11
"13",2002,6,8.4,5,8.4,NA,NA,8,8.66666666666667,5,0,0,2,3,54,44,10,1,10,44,8.2037037037037,8.40909090909091,7.3,8,7.7,8.31818181818182,12
"14",2002,7,7.95,10,8.4375,6,NA,8.8,7.1,8,2,0,5,5,64,52,12,1,15,49,8.1640625,8.41346153846154,7.08333333333333,8,8.06666666666667,8.19387755102041,13
"15",2002,8,7.9375,8,8.1,7.66666666666667,8,7,8.07142857142857,5,3,1,1,7,72,57,15,2,16,56,8.13888888888889,8.3859649122807,7.2,8,8,8.17857142857143,14
"16",2002,9,8.6,5,8.83333333333333,8.25,NA,8,9,3,2,0,2,3,77,60,17,2,18,59,8.16883116883117,8.40833333333333,7.32352941176471,8,8,8.22033898305085,15
"17",2002,10,8.25,4,8.25,NA,NA,8.5,8,4,0,0,2,2,81,64,17,2,20,61,8.17283950617284,8.3984375,7.32352941176471,8,8.05,8.21311475409836,16
"18",2002,11,5.77777777777778,9,8,4.66666666666667,NA,6,5.71428571428571,3,6,0,2,7,90,67,23,2,22,68,7.93333333333333,8.38059701492537,6.6304347826087,8,7.86363636363636,7.95588235294118,17
"19",2002,12,8,7,8.2,7.5,NA,8,8,5,2,0,2,5,97,72,25,2,24,73,7.93814432989691,8.36805555555556,6.7,8,7.875,7.95890410958904,18
"20",2003,1,8.75,4,8.75,NA,NA,9,8.66666666666667,4,0,0,1,3,101,76,25,2,25,76,7.97029702970297,8.38815789473684,6.7,8,7.92,7.98684210526316,19
"21",2003,2,8,1,8,NA,NA,NA,8,1,0,0,0,1,102,77,25,2,25,77,7.97058823529412,8.38311688311688,6.7,8,7.92,7.98701298701299,20
"22",2003,3,8.8,5,9,8.5,NA,9,8.5,3,2,0,3,2,107,80,27,2,28,79,8.00934579439252,8.40625,6.83333333333333,8,8.03571428571429,8,21
"23",2003,4,8,8,8.33333333333333,7,NA,9.33333333333333,7.2,6,2,0,3,5,115,86,29,2,31,84,8.00869565217391,8.40116279069767,6.8448275862069,8,8.16129032258065,7.95238095238095,22
"24",2003,5,7.66666666666667,9,7.58333333333333,7.83333333333333,NA,7,8.2,6,3,0,4,5,124,92,32,2,35,89,7.98387096774194,8.34782608695652,6.9375,8,8.02857142857143,7.96629213483146,23
"25",2003,6,7.75,12,8,7.25,NA,7.33333333333333,7.88888888888889,8,4,0,3,9,136,100,36,2,38,98,7.96323529411765,8.32,6.97222222222222,8,7.97368421052632,7.95918367346939,24
"26",2003,7,7.83333333333333,30,8.25,7,8,8.16666666666667,7.69047619047619,20,10,2,9,21,166,120,46,4,47,119,7.93975903614458,8.30833333333333,6.97826086956522,8,8.01063829787234,7.91176470588235,25
"27",2003,8,7.59375,16,7.75,7.4375,8,7.375,7.66666666666667,8,8,1,4,12,182,128,54,5,51,131,7.90934065934066,8.2734375,7.0462962962963,8,7.96078431372549,7.88931297709924,26
"28",2003,9,7.375,12,7.4,7.25,NA,7.33333333333333,7.38888888888889,10,2,0,3,9,194,138,56,5,54,140,7.87628865979381,8.21014492753623,7.05357142857143,8,7.92592592592593,7.85714285714286,27
"29",2003,10,7.33333333333333,6,7.75,6.5,NA,7,7.4,4,2,0,1,5,200,142,58,5,55,145,7.86,8.19718309859155,7.03448275862069,8,7.90909090909091,7.84137931034483,28
"30",2003,11,7.85,10,7.83333333333333,8,NA,8.5,7.41666666666667,9,1,0,4,6,210,151,59,5,59,151,7.85952380952381,8.17549668874172,7.05084745762712,8,7.94915254237288,7.82450331125828,29
"31",2003,12,7.58823529411765,17,7.90909090909091,7,6,7.75,7.5,11,6,2,6,11,227,162,65,7,65,162,7.83920704845815,8.15740740740741,7.04615384615385,7.42857142857143,7.93076923076923,7.80246913580247,30
"32",2004,1,7.63636363636364,11,8,6,NA,7.2,8,9,2,0,5,6,238,171,67,7,70,168,7.82983193277311,8.14912280701754,7.01492537313433,7.42857142857143,7.87857142857143,7.80952380952381,31
"33",2004,2,7.78571428571429,14,8.25,5,NA,9,7.58333333333333,12,2,0,2,12,252,183,69,7,72,180,7.82738095238095,8.15573770491803,6.95652173913043,7.42857142857143,7.90972222222222,7.79444444444444,32
"34",2004,3,7.65384615384615,13,8.31818181818182,4,7,7.5,7.68181818181818,11,2,1,2,11,265,194,71,8,74,191,7.8188679245283,8.16494845360825,6.87323943661972,7.375,7.89864864864865,7.78795811518325,33
"35",2004,4,7.78125,16,7.75,8,9,8.22222222222222,7.21428571428571,14,2,1,9,7,281,208,73,9,83,198,7.81672597864769,8.13701923076923,6.9041095890411,7.55555555555556,7.93373493975904,7.76767676767677,34
"36",2004,5,7.54545454545455,11,7.85714285714286,7,8,7.8,7.33333333333333,7,4,1,5,6,292,215,77,10,88,204,7.80650684931507,8.12790697674419,6.90909090909091,7.6,7.92613636363636,7.75490196078431,35
"37",2004,6,7.59090909090909,11,8.05555555555556,5.5,NA,7.21428571428571,8.25,9,2,0,7,4,303,224,79,10,95,208,7.7986798679868,8.125,6.87341772151899,7.6,7.87368421052632,7.76442307692308,36
"38",2004,7,8.1304347826087,23,8.63333333333333,7.1875,7.5,8.5,7.93333333333333,15,8,4,8,15,326,239,87,14,103,223,7.82208588957055,8.15690376569037,6.90229885057471,7.57142857142857,7.92233009708738,7.77578475336323,37
"39",2004,8,8.34615384615385,26,8.5,6.5,8,8.33333333333333,8.35714285714286,24,2,1,12,14,352,263,89,15,115,237,7.86079545454545,8.18821292775665,6.89325842696629,7.6,7.96521739130435,7.81012658227848,38
"40",2004,9,8.04545454545454,33,8.46,6.75,8,8,8.1,25,8,1,18,15,385,288,97,16,133,252,7.87662337662338,8.21180555555555,6.88144329896907,7.625,7.96992481203007,7.82738095238095,39
"41",2004,10,7.8625,32,7.92,7,7,8.00714285714286,7.75,30,2,1,14,18,417,318,99,17,147,270,7.87553956834532,8.18427672955975,6.88383838383838,7.58823529411765,7.9734693877551,7.82222222222222,40
"42",2004,11,7.92567567567568,37,8.16964285714286,7.16666666666667,NA,8.06578947368421,7.77777777777778,28,9,0,19,18,454,346,108,17,166,288,7.87962555066079,8.18309248554913,6.90740740740741,7.58823529411765,7.98403614457831,7.81944444444444,41
"43",2004,12,7.72916666666667,24,7.97619047619048,6,7,7.71428571428571,7.75,21,3,1,14,10,478,367,111,18,180,298,7.87207112970711,8.17125340599455,6.88288288288288,7.55555555555556,7.96305555555556,7.81711409395973,42
"44",2005,1,8.09756097560976,41,8.39393939393939,6.875,NA,8.14705882352941,8.0625,33,8,0,17,24,519,400,119,18,197,322,7.88988439306358,8.189625,6.88235294117647,7.55555555555556,7.97893401015228,7.83540372670807,43
"45",2005,2,7.81351351351351,37,8.24444444444444,6.65,6,7.73076923076923,7.85833333333333,27,10,1,13,24,556,427,129,19,210,346,7.88480215827338,8.19309133489461,6.86434108527132,7.47368421052632,7.96357142857143,7.83699421965318,44
"46",2005,3,7.92285714285714,35,8.33913043478261,7.125,7.33333333333333,8.22,7.7,23,12,3,15,20,591,450,141,22,225,366,7.88705583756345,8.20055555555555,6.88652482269504,7.45454545454545,7.98066666666667,7.82950819672131,45
"47",2005,4,7.76315789473684,38,8.05172413793103,6.83333333333333,8,7.96428571428571,7.64583333333333,29,9,1,14,24,629,479,150,23,239,390,7.87957074721781,8.19154488517745,6.88333333333333,7.47826086956522,7.97970711297071,7.81820512820513,46
"48",2005,5,7.87209302325581,43,7.96551724137931,7.67857142857143,7,8.04761904761905,7.70454545454545,29,14,1,21,22,672,508,164,24,260,412,7.87909226190476,8.17864173228346,6.95121951219512,7.45833333333333,7.98519230769231,7.8121359223301,47
"49",2005,6,7.90322580645161,31,8.16666666666667,7,NA,8.35714285714286,7.52941176470588,24,7,0,14,17,703,532,171,24,274,429,7.88015647226173,8.1781015037594,6.95321637426901,7.45833333333333,8.00419708029197,7.8009324009324,48
"50",2005,7,7.62222222222222,27,7.97,6.62857142857143,8.4,7.61176470588235,7.64,20,7,1,17,10,730,552,178,25,291,439,7.87061643835616,8.1705615942029,6.94044943820225,7.496,7.98127147766323,7.79726651480638,49
"51",2005,8,7.76162790697674,43,8.203125,6.47727272727273,NA,7.59523809523809,7.92045454545455,32,11,0,21,22,773,584,189,25,312,461,7.86455368693402,8.17234589041096,6.91349206349206,7.496,7.95528846153846,7.8031453362256,50
"52",2005,9,7.79166645833333,48,7.9,7.24999875,7.5,7.95833291666667,7.625,40,8,2,24,24,821,624,197,27,336,485,7.86029231425091,8.15488782051282,6.92715730964467,7.4962962962963,7.95550592261905,7.79432989690722,51
"53",2005,10,7.86818181818182,44,8.46296296296296,6.92352941176471,6,7.9,7.82631578947368,27,17,1,25,19,865,651,214,28,361,504,7.8606936300578,8.16766513056836,6.92686911214953,7.44285714285714,7.95166202216066,7.79553571428571,52
"54",2005,11,7.84210526315789,38,8.10714285714286,7.1,NA,7.93478260869565,7.7,28,10,0,23,15,903,679,224,28,384,519,7.85991139534884,8.16516936671576,6.93459816964286,7.44285714285714,7.950651015625,7.79277456647399,53
"55",2005,12,7.69736842105263,57,7.9875,7.01470588235294,7.5,7.59615384615385,7.78225806451613,40,17,1,26,31,960,719,241,29,410,550,7.85026040625,8.15528511821975,6.94024892116183,7.4448275862069,7.92817070731707,7.79218181818182,54
"56",2006,1,7.80344827586207,58,7.97021276595745,7.09090909090909,6.5,7.744,7.84848484848485,47,11,2,25,33,1018,766,252,31,435,583,7.84759331041257,8.14392950391645,6.94682535714286,7.38387096774194,7.91758618390804,7.79536878216123,55
"57",2006,2,7.35185185185185,27,7.38095238095238,7.25,9,7.57142857142857,7.11538461538461,21,6,1,14,13,1045,787,258,32,449,596,7.83478467942584,8.12357052096569,6.95387593023256,7.434375,7.90679285077951,7.78053691275168,56
"58",2006,3,7.81111111111111,45,8.05405405405405,6.6875,NA,8.21875,7.58620689655172,37,8,0,16,29,1090,824,266,32,465,625,7.83380733027523,8.12044902912622,6.94586462406015,7.434375,7.91752686021505,7.77152,57
"59",2006,4,7.54444444444444,27,7.78947368421053,6.9625,8,7.91666666666667,7.43809523809524,19,8,1,6,21,1117,843,274,33,471,646,7.82681288272158,8.11298932384342,6.94635032846715,7.45151515151515,7.91751590233546,7.76068111455108,58
"60",2006,5,7.38148148148148,27,7.76666666666667,6.61111111111111,7.5,7.5,7.28666666666667,18,9,1,12,15,1144,861,283,34,483,661,7.81630243881119,8.10574912891986,6.93568901060071,7.45294117647059,7.90714283643892,7.7499243570348,59
"61",2006,6,7.919375,32,8.1637037037037,6.6,8,7.31818181818182,8.23428571428571,27,5,1,11,21,1176,888,288,35,494,682,7.81910713435374,8.10751126126126,6.92986107638889,7.46857142857143,7.89402831983806,7.76483870967742,60
"62",2006,7,7.68627450980392,51,7.91176470588235,7.23529411764706,8,8,7.48387096774194,34,17,4,20,31,1227,922,305,39,514,713,7.81358597392013,8.10029284164859,6.94688521311476,7.52307692307692,7.89815173151751,7.75262272089762,61
"63",2006,8,7.27380952380952,42,7.7,6.64705882352941,10,7.07894736842105,7.43478260869565,25,17,1,19,23,1269,947,322,40,533,736,7.79572103230891,8.08972544878564,6.93105586956522,7.585,7.86894932457786,7.7426902173913,62
"64",2006,9,7.49615384615385,52,7.72727272727273,7.09473684210526,7.36,7.69545454545455,7.35,33,19,5,22,30,1321,980,341,45,555,766,7.7839288342165,8.07752040816326,6.94017592375367,7.56,7.86207205405405,7.72731070496084,63
"65",2006,10,7.60106382978723,47,7.9296875,6.9,NA,7.5,7.6484375,32,15,0,15,32,1368,1012,356,45,570,798,7.77764619152047,8.07284584980237,6.93848311797753,7.56,7.85254384210526,7.72414786967419,64
"66",2006,11,7.6804347826087,46,7.97741935483871,7.06666666666667,7,7.485,7.83076923076923,31,15,2,20,26,1414,1043,371,47,590,824,7.77448372701556,8.07000958772771,6.94366574123989,7.53617021276596,7.84008472881356,7.72751213592233,65
"67",2006,12,7.31014492753623,69,7.58627450980392,6.52777777777778,5.33333333333333,7.16071428571429,7.41219512195122,51,18,3,28,41,1483,1094,389,50,618,865,7.75287929197572,8.04745886654479,6.9244215681234,7.404,7.80930419093851,7.71256647398844,66
"68",2007,1,7.25138888888889,72,7.5625,6.62916666666667,6.75,6.97916666666667,7.3875,48,24,2,24,48,1555,1142,413,52,642,913,7.72965915755627,8.02707530647986,6.90726389830509,7.37884615384615,7.77827101246106,7.69547645125958,67
"69",2007,2,7.40752288888889,45,7.52758620689655,7.189908125,7.5,7.26470588235294,7.49423321428571,29,16,2,17,28,1600,1171,429,54,659,941,7.720599075,8.01470538001708,6.91780540792541,7.38333333333333,7.76502274658574,7.68948834218916,68
"70",2007,3,7.4412962962963,54,7.61972972972973,7.05294117647059,7.625,7.48888888888889,7.4175,37,17,4,18,36,1654,1208,446,58,677,977,7.71148036275695,8.00260761589404,6.92295632286996,7.4,7.75768093057607,7.67946625383828,69
"71",2007,4,7.49061224489796,49,7.71333333333333,7.03125,7.5,7.21052631578947,7.668,33,16,4,19,30,1703,1241,462,62,696,1007,7.70512537874339,7.99491539081386,6.92670675324675,7.40645161290323,7.74274423850575,7.67912465739821,70
"72",2007,5,7.28837209302326,43,7.47931034482759,6.89285714285714,8,7.26666666666667,7.29411764705882,29,14,1,9,34,1746,1270,476,63,705,1041,7.69486169530355,7.98314173228346,6.92571117647059,7.41587301587302,7.73666665248227,7.6665499807877,71
"73",2007,6,7.60769230769231,52,7.75813953488372,6.88888888888889,6,7.63478260869565,7.58620689655172,43,9,1,23,29,1798,1313,485,64,728,1070,7.69234066740823,7.97577303884235,6.92502787628866,7.39375,7.73344778846154,7.66437245794393,72
"74",2007,7,7.46739130434783,46,7.6,7.21875,6,7.52380952380952,7.42,30,16,2,21,25,1844,1343,501,66,749,1095,7.68672913232104,7.96737900223381,6.93440822355289,7.35151515151515,7.72757008010681,7.65879317808219,73
"75",2007,8,7.75873015873016,63,7.94130434782609,7.26470588235294,8,7.78076923076923,7.74324324324324,46,17,4,26,37,1907,1389,518,70,775,1132,7.68910777136864,7.9665154787617,6.94524810810811,7.38857142857143,7.72935482580645,7.66155347173145,74
"76",2007,9,7.46145833333333,48,8.09516129032258,6.30588235294118,6.375,7.7475,7.25714285714286,31,17,4,20,28,1955,1420,535,74,795,1160,7.68351842455243,7.96932394366197,6.92493181308411,7.33378378378378,7.7298113081761,7.6517918362069,75
"77",2007,10,7.69063829787234,47,7.81833333333333,7.27272727272727,7.5,7.8185,7.59592592592593,36,11,2,20,27,2002,1456,546,76,815,1187,7.68368557442557,7.96559065934066,6.93193868131868,7.33815789473684,7.73198771779141,7.65052108677338,76
"78",2007,11,7.20597014925373,67,7.6804347826087,6.16666666666667,7.5,7.36363636363636,7.12888888888889,46,21,2,22,45,2069,1502,567,78,837,1232,7.66821581440309,7.95685752330226,6.90359527336861,7.34230769230769,7.72230584229391,7.63146796266234,77
"79",2007,12,7.46873684210526,95,7.77704918032787,6.91558823529412,7.3,7.51857142857143,7.42924528301887,61,34,7,42,53,2164,1563,601,85,879,1285,7.65945865064695,7.94984005118362,6.9042737437604,7.33882352941177,7.71257109215017,7.62312726070039,78
"80",2008,1,7.3144578313253,83,7.77454545454545,6.41071428571429,6.875,7.33870967741935,7.3,55,28,4,31,52,2247,1618,629,89,910,1337,7.64671496217178,7.94388133498146,6.88230289348172,7.31797752808989,7.69983515384615,7.6105598578908,79
"81",2008,2,7.3,60,7.79487179487179,6.38095238095238,7,7.47619047619048,7.20512820512821,39,21,1,21,39,2307,1657,650,90,931,1376,7.63769766796706,7.94037417018708,6.86610541538462,7.31444444444445,7.69479053705693,7.59906869912791,80
"82",2008,3,7.2825,80,7.792,6.43333333333333,NA,7.10689655172414,7.38235294117647,50,30,0,29,51,2387,1707,680,90,960,1427,7.62579326351068,7.93602811950791,6.84701252941177,7.31444444444445,7.67703123958333,7.59132342676945,81
"83",2008,4,7.64555555555556,45,8.03387096774193,6.78571428571429,7.375,7.48611111111111,7.75185185185185,31,14,4,18,27,2432,1738,694,94,978,1454,7.62615893092105,7.93777330264672,6.84577596541787,7.31702127659574,7.67351737218814,7.59430435350756,82
"84",2008,5,7.41071428571429,56,7.71351351351351,6.82105263157895,NA,7.24615384615385,7.55333333333333,37,19,0,26,30,2488,1775,713,94,1004,1484,7.62130969453376,7.9330985915493,6.84511713884993,7.31702127659574,7.66245018924303,7.59347609838275,83
"85",2008,6,7.2578947368421,57,7.77941176470588,6.48695652173913,7.11666666666667,7.43157894736842,7.17105263157895,34,23,6,19,38,2545,1809,736,100,1023,1522,7.61317034184676,7.93021006080707,6.83392461956522,7.305,7.65816225806452,7.58292938896189,84
"86",2008,7,7.38433734939759,83,7.88409090909091,6.82051282051282,6.65384615384615,7.57631578947368,7.22222222222222,44,39,13,38,45,2628,1853,775,113,1061,1567,7.60594312024353,7.92911494873178,6.83324970322581,7.23008849557522,7.65523090480679,7.57257085513721,85
"87",2008,8,7.51342105263158,76,7.8022641509434,6.84782608695652,7,7.57241379310345,7.47702127659575,53,23,10,29,47,2704,1906,798,123,1090,1614,7.60334264792899,7.92558761804827,6.8336698245614,7.21138211382114,7.65302751376147,7.56978843246592,86
"88",2008,9,7.21370967741935,62,7.71052631578947,6.42708333333333,6.64,7.24772727272727,7.195,38,24,10,22,40,2766,1944,822,133,1112,1654,7.59460900939985,7.92138374485597,6.82179868613139,7.16842105263158,7.64500898381295,7.56072462515115,87
"89",2008,10,7.34571428571429,70,7.66530612244898,6.6,6.51428571428571,7.43333333333333,7.30816326530612,49,21,7,21,49,2836,1993,843,140,1133,1703,7.58846562764457,7.91508780732564,6.8162734519573,7.13571428571429,7.64108560458959,7.55345773928362,88
"90",2008,11,7.01890243902439,82,7.44186046511628,6.5525641025641,6.6875,6.86363636363636,7.07583333333333,43,39,8,22,60,2918,2036,882,148,1155,1763,7.57246008224811,7.90509332023576,6.80461283446712,7.11148648648649,7.62627704761905,7.53720279636982,89
"91",2008,12,7.41627906976744,86,7.76530612244898,6.95405405405405,6.57142857142857,7.2962962962963,7.47118644067797,49,37,14,27,59,3004,2085,919,162,1182,1822,7.56798885486019,7.90180815347722,6.81062951033732,7.06481481481481,7.61873941624366,7.53506505488474,90
"92",2009,1,7.43387096774194,93,7.6172131147541,7.084375,7.20833333333333,7.40967741935484,7.44596774193548,61,32,12,31,62,3097,2146,951,174,1213,1884,7.56396142072974,7.89371854613234,6.8198407150368,7.07471264367816,7.61339652926628,7.532132977707,91
"93",2009,2,7.21078947368421,190,7.6285046728972,6.67228915662651,6.92105263157895,7.3952380952381,7.15844594594595,107,83,19,42,148,3287,2253,1034,193,1255,2032,7.5435468573167,7.88112294718154,6.8079966344294,7.05958549222798,7.60609560956175,7.50491561515748,92
"94",2009,3,7.30834532374101,139,7.62535211267606,6.97735294117647,6.97428571428571,7.61111111111111,7.23535714285714,71,68,21,27,112,3426,2324,1102,214,1282,2144,7.53400423817863,7.87330895008606,6.81844693284937,7.05121495327103,7.60620124024961,7.49083420242537,93
"95",2009,4,7.21222929936306,157,7.75068493150685,6.74428571428571,6.52631578947368,7.20961538461538,7.21352380952381,73,84,19,52,105,3583,2397,1186,233,1334,2249,7.51990469439017,7.86957446808511,6.81319436762226,7.00841201716738,7.59074212143928,7.47788729657626,94
"96",2009,5,7.20451127819549,133,7.68846153846154,6.89382716049383,7.46875,7.36,7.16851851851852,52,81,16,25,108,3716,2449,1267,249,1359,2357,7.50861639397201,7.86572886892609,6.81834926598264,7.03799196787149,7.58649741721854,7.46371172252864,95
"97",2009,6,7.25570422535211,142,7.63027397260274,6.85942028985507,6.58571428571429,7.184375,7.27645454545455,73,69,14,32,110,3858,2522,1336,263,1391,2467,7.49930754795231,7.85891356066614,6.8204704491018,7.01391634980989,7.57724657800144,7.4553621929469,96
"98",2009,7,7.08982300884956,113,7.62659574468085,6.70757575757576,6.125,7.18913043478261,7.06444444444444,47,66,12,23,90,3971,2569,1402,275,1414,2557,7.48765512969025,7.85466329311016,6.81515586305278,6.97512727272727,7.57093351485149,7.44160286664059,97
"99",2009,8,7.29108910891089,101,7.69375,6.92641509433962,7.17142857142857,7.45769230769231,7.23333333333333,48,53,7,26,75,4072,2617,1455,282,1440,2632,7.48277959724951,7.85171188383645,6.819208604811,6.98,7.56888888194444,7.43566813449848,98
"100",2009,9,7.22358490566038,106,7.58703703703704,6.84615384615385,7,7.196,7.2320987654321,54,52,16,25,81,4178,2671,1507,298,1465,2713,7.47620357108664,7.84636091351554,6.82013836761778,6.98107382550336,7.56252559044369,7.42959031699226,99
"101",2009,10,7.18053097345133,113,7.5921568627451,6.84193548387097,6.85789473684211,7.26923076923077,7.15402298850575,51,62,19,26,87,4291,2722,1569,317,1491,2800,7.46841727336285,7.84159808963997,6.82099969407266,6.97369085173502,7.55741112676056,7.42102804642857,100
"102",2009,11,7.06111111111111,117,7.53173076923077,6.68461538461538,6.33333333333333,6.84444444444444,7.12611111111111,52,65,18,27,90,4408,2774,1634,335,1518,2890,7.45760628856624,7.83578947368421,6.81557436964504,6.93928358208955,7.54472990118577,7.41184378200692,101
"103",2009,12,7.176,140,7.3646875,7.01710526315789,6.9375,7.13971428571429,7.18809523809524,64,76,24,35,105,4548,2838,1710,359,1553,2995,7.44893766930519,7.82516560958421,6.82453129824561,6.9391643454039,7.53560205408886,7.40399950918197,102
"104",2010,1,7.08888888888889,144,7.51298701298701,6.60149253731343,6.5,7.51538461538462,6.99491525423729,77,67,16,26,118,4692,2915,1777,375,1579,3113,7.43788757885763,7.81691938250429,6.81612184580754,6.92042666666667,7.53526915136162,7.3884929424992,103
"105",2010,2,7.27555555555556,90,7.68571428571429,6.91666666666667,6.825,7.365,7.25,42,48,10,20,70,4782,2957,1825,385,1599,3183,7.43483239648683,7.81505579979709,6.81876631232877,6.91794805194805,7.53313945590994,7.38544722902922,104
"106",2010,3,7.28493975903614,83,7.69634146341463,6.88333333333333,7.3125,6.912,7.44568965517241,41,42,8,25,58,4865,2998,1867,393,1624,3241,7.43227513257965,7.81343228819213,6.82021881092662,6.9259796437659,7.52357758004926,7.38652531008948,105
"107",2010,4,7.21371951219512,82,7.66279069767442,6.71858974358974,6.125,7.60625,7.11856060606061,43,39,4,16,66,4947,3041,1906,397,1640,3307,7.42865241964827,7.81130220322262,6.81813930745016,6.91790931989924,7.5243841402439,7.38117736014515,106
"108",2010,5,7.15092592592593,54,7.71428571428571,6.54423076923077,7,7.05555555555556,7.19861111111111,28,26,2,18,36,5001,3069,1932,399,1658,3343,7.42565357328534,7.81041707396546,6.81445316770186,6.91832080200501,7.51929432448733,7.37921134609632,107
"109",2010,6,7.2485,60,7.67666666666667,6.82033333333333,6.4,6.91666666666667,7.33145833333333,30,30,5,12,48,5061,3099,1962,404,1670,3391,7.42355335309228,7.80912229751533,6.81454307849133,6.91190594059406,7.51496406586826,7.37853539663816,108
"110",2010,7,6.93409090909091,66,7.55,6.195,6.15625,7.43333333333333,6.78725490196078,36,30,8,15,51,5127,3135,1992,412,1685,3442,7.41725249073533,7.80614673046252,6.80521261044177,6.89723300970874,7.51423738278932,7.3697744131319,109
"111",2010,8,6.66014492753623,69,7.23518518518518,6.29047619047619,6.5,6.53947368421053,6.706,27,42,7,19,50,5196,3162,2034,419,1704,3492,7.40719852193996,7.80127134724858,6.79458383480826,6.89059665871122,7.50336853873239,7.3602701975945,110
"112",2010,9,7.10615942028986,69,7.47265625,6.78918918918919,6.55555555555556,7.20769230769231,7.08258928571429,32,37,9,13,56,5265,3194,2071,428,1717,3548,7.40325328015195,7.79797902316844,6.79448745533559,6.88355140186916,7.50112987186954,7.35588740980834,111
"113",2010,10,7.422,75,7.80972222222222,7.06410256410256,7.3,7.59090909090909,7.39296875,36,39,5,11,64,5340,3230,2110,433,1728,3612,7.40351657677903,7.79810990712074,6.79947086255924,6.88836027713626,7.50170138310185,7.35654444352159,112
"114",2010,11,6.9728813559322,118,7.525,6.31851851851852,6.21428571428571,7.00714285714286,6.96222222222222,64,54,14,28,90,5458,3294,2164,447,1756,3702,7.39420639794797,7.79280358227079,6.78746927911275,6.86724832214765,7.49381548405467,7.34695800378174,113
"115",2010,12,7.1743119266055,109,7.64754098360656,6.57291666666667,6.69230769230769,7.69375,7.02764705882353,61,48,13,24,85,5567,3355,2212,460,1780,3787,7.38990093766841,7.79016244411326,6.78281352622062,6.86230434782609,7.49651123033708,7.3397910034328,114
"116",2011,1,7.3755,100,7.7140350877193,6.92674418604651,7.2,7.31764705882353,7.38734939759036,57,43,8,17,83,5667,3412,2255,468,1797,3870,7.38964681842245,7.78889067995311,6.78555810199557,6.86807692307692,7.49481913745131,7.34081098966408,115
"117",2011,2,7.18271604938272,81,7.6,6.68648648648649,6.92857142857143,7.4,7.125,44,37,7,17,64,5748,3456,2292,475,1814,3934,7.38673077940154,7.78648582175926,6.78395877835951,6.86896842105263,7.49393053472988,7.33730008388409,116
"118",2011,3,7.33012048192771,83,7.87446808510638,6.61944444444444,6.6,7.2,7.36119402985075,47,36,5,16,67,5831,3503,2328,480,1830,4001,7.38592497341794,7.78766628604054,6.78141474226804,6.86616666666667,7.49136065027322,7.33770020744814,117
"119",2011,4,6.71145161290323,62,7.31148148148148,6.24857142857143,5.75,6.40916666666667,6.784,27,35,6,12,50,5893,3530,2363,486,1842,4051,7.37882886814866,7.78402407932011,6.77352243757935,6.85238683127572,7.48431052660152,7.33086608985436,118
"120",2011,5,7.01288659793814,97,7.66547619047619,6.51454545454545,6.75454545454545,6.98529411764706,7.01875,42,55,11,17,80,5990,3572,2418,497,1859,4131,7.3729029248748,7.78263017917133,6.76763172870141,6.85022132796781,7.47974717052178,7.3248217211329,119
"121",2011,6,7.09193548387097,62,7.71304347826087,6.72564102564103,6.33333333333333,7.02941176470588,7.11555555555556,23,39,9,17,45,6052,3595,2457,506,1876,4176,7.37002454064772,7.78218497913769,6.76696520960521,6.84102766798419,7.47566630597015,7.32256669779694,120
"122",2011,7,7.14492753623188,69,7.70967741935484,6.68421052631579,5.64285714285714,6.7,7.27924528301887,31,38,7,16,53,6121,3626,2495,513,1892,4229,7.3674870968796,7.78156508549366,6.76570481763527,6.8246783625731,7.46910676004228,7.32202377157721,121
"123",2011,8,7.03958333333333,72,7.66911764705882,6.47631578947368,6.16666666666667,7.58333333333333,6.85833333333333,34,38,9,18,54,6193,3660,2533,522,1910,4283,7.36367487808817,7.78052049180328,6.76136341097513,6.81333333333333,7.4701832408377,7.31617756946066,122
"124",2011,9,7.01034482758621,58,7.58666666666667,6.39285714285714,6.5625,7.34090909090909,6.93297872340426,30,28,8,11,47,6251,3690,2561,530,1921,4330,7.36039649976004,7.77894444444444,6.75733444748145,6.80954716981132,7.46944299323269,7.31201813625866,123
"125",2011,10,7.13863636363636,66,7.94193548387097,6.42714285714286,6.71666666666667,6.96764705882353,7.19795918367347,31,35,9,17,49,6317,3721,2596,539,1938,4379,7.35807955041951,7.78030233808116,6.75288271186441,6.80799628942486,7.4650412745098,7.3107418428865,124
"126",2011,11,7.41122448979592,98,7.79807692307692,6.97391304347826,6.88461538461539,7.46315789473684,7.39873417721519,52,46,13,19,79,6415,3773,2642,552,1957,4458,7.3588914294622,7.78054730983302,6.75673108251325,6.80980072463768,7.46502298926929,7.31230115074024,125
"127",2011,12,7.05320512820513,78,7.50357142857143,6.52777777777778,6.59090909090909,7.140625,7.03064516129032,42,36,11,16,62,6493,3815,2678,563,1973,4520,7.35521923918066,7.77749803407602,6.75365329350261,6.80552397868561,7.46239229092752,7.30843772787611,126
"128",2012,1,7.10943396226415,106,7.62307692307692,6.61481481481481,7.16666666666667,7,7.12888888888889,52,54,6,16,90,6599,3867,2732,569,1989,4610,7.35127118048189,7.77542151538661,6.75090904831625,6.80933216168717,7.45867269482152,7.30493243600868,127
"129",2012,2,7.29975308641975,81,7.90697674418605,6.61263157894737,6.22727272727273,7.22222222222222,7.32190476190476,43,38,11,18,63,6680,3910,2770,580,2007,4673,7.35064648502994,7.77686828644501,6.74901210108303,6.79829310344828,7.45655206278027,7.30516125187246,128
"130",2012,3,7.2622641509434,53,7.38846153846154,7.14074074074074,7.46666666666667,7.08333333333333,7.28510638297872,26,27,6,6,47,6733,3936,2797,586,2013,4720,7.3499507678598,7.77430259146341,6.75279353593135,6.80513651877133,7.45543963735718,7.3049615529661,129
"131",2012,4,7.27166666666667,60,7.52424242424242,6.96296296296296,6.41666666666667,7.27777777777778,7.26904761904762,33,27,6,18,42,6793,3969,2824,592,2031,4762,7.34925931399971,7.77222348198539,6.75480294617564,6.80119932432433,7.45386508616445,7.30464479840403,130
"132",2012,5,6.73454545454545,55,7.48571428571429,6.27058823529412,6.625,7.2625,6.64468085106383,21,34,8,8,47,6848,3990,2858,600,2039,4809,7.34432221378505,7.77071553884712,6.74904251924423,6.79885,7.45311426679745,7.29819474526929,131
"133",2012,6,7.3327868852459,61,7.96774193548387,6.67666666666667,7.13636363636364,7.62857142857143,7.24468085106383,31,30,11,14,47,6909,4021,2888,611,2053,4856,7.34422036763642,7.77223451877642,6.74829069252078,6.8049263502455,7.45431075986361,7.29767679777595,132
"134",2012,7,7.35270833333333,48,7.73692307692308,6.89863636363636,6.13333333333333,6.68888888888889,7.50589743589744,26,22,3,9,39,6957,4047,2910,614,2062,4895,7.34427893057353,7.77200765999506,6.74942732646048,6.80164495114006,7.45096992725509,7.29933575689479,133
"135",2012,8,7.11142857142857,70,7.62285714285714,6.6,6,6.92222222222222,7.13934426229508,35,35,4,9,61,7027,4082,2945,618,2071,4956,7.34195937384375,7.77072880940715,6.74765144991511,6.79645631067961,7.44867213423467,7.297366531477,134
"136",2012,9,7.32543859649123,57,7.840625,6.666,7.03571428571429,7.48235294117647,7.25875,32,25,7,17,40,7084,4114,2970,625,2088,4996,7.34182644268775,7.77127248420029,6.74696414814815,6.799136,7.44894635536398,7.29705735188151,135
"137",2012,10,7.07372549019608,51,7.47083333333333,6.72074074074074,6.44285714285714,6.41,7.16222222222222,24,27,7,6,45,7135,4138,2997,632,2094,5041,7.3399100939033,7.76952996616723,6.74672790123457,6.79518987341772,7.44596943170965,7.29585370561397,136
"138",2012,11,7.41532258064516,62,7.98103448275862,6.91818181818182,6.2,7.609375,7.34782608695652,29,33,5,16,46,7197,4167,3030,637,2110,5087,7.3405597498958,7.77100191984641,6.74859522112211,6.7905180533752,7.44720852606635,7.29632367407116,137
"139",2012,12,7.37297297297297,74,7.77435897435897,6.92571428571429,7.15,7.775,7.27916666666667,39,35,6,14,60,7271,4206,3065,643,2124,5147,7.34088963278779,7.77103304802663,6.75061778792822,6.79387247278383,7.44936911016949,7.29612367009909,138
"140",2013,1,7.27934782608696,92,7.575,7.00833333333333,6.625,7.78333333333333,7.15675675675676,44,48,8,18,74,7363,4250,3113,651,2142,5221,7.34012067363847,7.76900352941176,6.75459155798265,6.79179723502304,7.45217553221288,7.29414834897529,139
"141",2013,2,6.93492063492064,63,7.5,6.48285714285714,5.94444444444444,7.23333333333333,6.84166666666667,28,35,9,15,48,7426,4278,3148,660,2157,5269,7.33668307568005,7.76724287050023,6.75157036848793,6.78024242424242,7.45065368103848,7.29002629151642,140
"142",2013,3,7.33924050632911,79,7.8,6.78888888888889,6.93333333333333,7.49285714285714,7.30615384615385,43,36,6,14,65,7505,4321,3184,666,2171,5334,7.33670999600267,7.76756884980329,6.75199231155779,6.78162162162162,7.45092583602027,7.29022282152231,141
"143",2013,4,7.49704918032787,61,8.12666666666667,6.88774193548387,6.1,7.2225,7.56428571428571,30,31,5,12,49,7566,4351,3215,671,2183,5383,7.33800271213323,7.77004481728338,6.7533012503888,6.77654247391952,7.44967017407238,7.29271754226268,142
"144",2013,5,7.5931914893617,47,7.91407407407407,7.16,7.7,7.82,7.53947368421053,27,20,5,9,38,7613,4378,3235,676,2192,5421,7.33957815841325,7.77093307446323,6.75581561669243,6.78337278106509,7.45119068886861,7.29444724774027,143
"145",2013,6,7.275,66,7.96724137931034,6.73243243243243,6.83333333333333,7.45833333333333,7.23425925925926,29,37,9,12,54,7679,4407,3272,685,2204,5475,7.33902311759344,7.77222486952576,6.75555119804401,6.78402919708029,7.45122957803993,7.29385361278539,144
"146",2013,7,7.02377049180328,61,7.540625,6.45344827586207,6.8625,7.28333333333333,6.96020408163265,32,29,8,12,49,7740,4439,3301,693,2216,5524,7.33653856847546,7.77055530524893,6.75289715843684,6.78493506493507,7.45032039259928,7.29089401339609,145
"147",2013,8,7.27540983606557,61,7.75757575757576,6.70714285714286,7.3,7.57692307692308,7.19375,33,28,5,13,48,7801,4472,3329,698,2229,5572,7.33606057172158,7.77045952593918,6.75251232201863,6.78862464183381,7.4510587662629,7.29005716618809,146
"148",2013,9,7.44134615384615,52,7.98809523809524,7.07096774193548,6.84,7.21818181818182,7.50121951219512,21,31,5,11,41,7853,4493,3360,703,2240,5613,7.33675773844391,7.77147674159804,6.75545045238095,6.78899004267425,7.44991517410714,7.29159959558169,147
"149",2013,10,7.12982456140351,57,7.57352941176471,6.47391304347826,5.75,7.26923076923077,7.08863636363636,34,23,4,13,44,7910,4527,3383,707,2253,5657,7.33526656384324,7.76999005964215,6.75353636417381,6.7831117397454,7.44887260985353,7.29002095280184,148
"150",2013,11,6.84850746268657,67,7.51571428571429,6.11875,7.2,7.31666666666667,6.74636363636364,35,32,8,12,55,7977,4562,3415,715,2265,5712,7.33117820233171,7.76803923717668,6.74758814641289,6.78777622377622,7.44817218101545,7.28478615721289,149
"151",2013,12,7.51083333333333,60,7.85875,6.815,6.42857142857143,7.44615384615385,7.52872340425532,40,20,7,13,47,8037,4602,3435,722,2278,5759,7.33251941271619,7.76882768361582,6.74798064628821,6.78429362880886,7.44816066286216,7.28677696301442,150
"152",2014,1,7.2758064516129,62,7.71730769230769,6.95694444444444,6.36363636363636,6.35714285714286,7.39272727272727,26,36,11,7,55,8099,4628,3471,733,2285,5814,7.33208525990864,7.76853824546241,6.75014794583694,6.77798090040928,7.44481837636762,7.28777924492605,151
"153",2014,2,7.02941176470588,68,7.39354838709677,6.72432432432432,6.5,6.41666666666667,7.16071428571429,31,37,9,12,56,8167,4659,3508,742,2297,5870,7.32956514264724,7.76604314230522,6.74987557582668,6.77460916442049,7.43944710056596,7.28656704088587,152
"154",2014,3,7.28193333333333,60,8.07321428571429,6.5895625,5.66666666666667,6.96106666666667,7.38888888888889,28,32,3,15,45,8227,4687,3540,745,2312,5915,7.32921776103076,7.76787817367186,6.7484264180791,6.77014765100671,7.43634342128028,7.28734548267118,153
"155",2014,4,7.18452380952381,42,7.18571428571429,7.18333333333333,7.5,7.55,7.12361111111111,21,21,4,6,36,8269,4708,3561,749,2318,5951,7.32848282984642,7.76528143585387,6.75099115978658,6.77404539385848,7.43663761432269,7.28635498739708,154
"156",2014,5,7.02903225806452,62,7.7962962962963,6.43714285714286,6.51111111111111,7.13636363636364,7.00588235294118,27,35,9,11,51,8331,4735,3596,758,2329,6002,7.32625429360221,7.76545828933474,6.74793646273638,6.7709234828496,7.43521940317733,7.28397176441187,155
"157",2014,6,7.1425,40,7.46666666666667,6.78421052631579,6.85714285714286,6.5,7.21388888888889,21,19,7,4,36,8371,4756,3615,765,2333,6038,7.32537624178713,7.7641389823381,6.74812711479945,6.77171241830065,7.43361594084869,7.28355391354754,156
"158",2014,7,6.90729166666667,48,7.42727272727273,6.46730769230769,5.66666666666667,6.93333333333333,6.90357142857143,22,26,3,6,42,8419,4778,3641,768,2339,6080,7.32299257869106,7.76258790288824,6.74612181268882,6.76739583333333,7.43233261650278,7.28092903453948,157
"159",2014,8,7.11473684210526,57,7.88615384615385,6.46774193548387,7.05555555555556,7.44666666666667,6.96153846153846,26,31,9,18,39,8476,4804,3672,777,2357,6119,7.32159208588957,7.76325666111574,6.74377165577342,6.77073359073359,7.43244208315655,7.27889336983168,158
"160",2014,9,7.29824561403509,57,7.45,7.18787878787879,7.33333333333333,6.85,7.41777777777778,24,33,3,12,45,8533,4828,3705,780,2369,6164,7.32143613266144,7.76169946147473,6.74772726585695,6.77289743589744,7.42949176445758,7.27990728909799,159
"161",2014,10,6.82421875,64,7.4921875,6.15625,6,7.22727272727273,6.74056603773585,32,32,11,11,53,8597,4860,3737,791,2380,6217,7.31773461905316,7.75992489711935,6.74266243510838,6.76214917825537,7.42855713865546,7.27530939842368,160
"162",2014,11,6.80675675675676,74,7.49393939393939,6.25365853658537,7,6.95333333333333,6.76949152542373,33,41,6,15,59,8671,4893,3778,797,2395,6276,7.31337383462116,7.75813100347436,6.73735561672843,6.76393977415307,7.42558078914405,7.27055425908222,161
"163",2014,12,7.316,50,7.92307692307692,6.65833333333333,6.59090909090909,7.25,7.32857142857143,26,24,11,8,42,8721,4919,3802,808,2403,6318,7.31338889118221,7.75900284610694,6.73685679116255,6.76158415841584,7.42499625052018,7.27093993827161,162
"164",2015,1,6.98966101694915,59,7.18966666666667,6.78275862068966,5.5,6.3075,7.16382978723404,30,29,6,12,47,8780,4949,3831,814,2415,6365,7.31121349886105,7.75555162659124,6.73720425998434,6.75228501228501,7.41944347412008,7.27014902278084,163
"165",2015,2,7.12282608695652,46,7.7875,6.08888888888889,6.1,7.80454545454545,6.90857142857143,28,18,5,11,35,8826,4977,3849,819,2426,6400,7.3102316474054,7.75573136427567,6.73417238763315,6.74830280830281,7.4211896084089,7.2681716453125,164
"166",2015,3,7.1962962962963,54,7.65555555555556,6.73703703703704,7.0625,8.22,6.8025641025641,27,27,8,15,39,8880,5004,3876,827,2441,6439,7.3095387972973,7.75519084732215,6.73419234262126,6.75134220072551,7.42609831626382,7.26535153439976,165
"167",2015,4,7.44897959183673,49,7.9,6.795,7.625,6.92307692307692,7.63888888888889,29,20,8,13,36,8929,5033,3896,835,2454,6475,7.31030401164745,7.75602523345917,6.73450449691992,6.7597125748503,7.42343357375713,7.26742834440155,166
"168",2015,5,7.21489361702128,47,7.78333333333333,6.62173913043478,6.75,7.4375,7.16923076923077,24,23,4,8,39,8976,5057,3919,839,2462,6514,7.3098044251337,7.75615483488235,6.73384269456494,6.7596662693683,7.4234792810723,7.26684042523795,167
"169",2015,6,7.12348837209302,43,7.675,6.64391304347826,7.21833333333333,7.11909090909091,7.125,20,23,6,11,32,9019,5077,3942,845,2473,6546,7.30891612373878,7.75583513886154,6.73331799086758,6.76292307692308,7.4221253497776,7.26614704094104,168
"170",2015,7,7.39270833333333,48,7.69807692307692,7.03181818181818,6.95,7.86666666666667,7.23472222222222,26,22,6,12,36,9067,5103,3964,851,2485,6582,7.30935971324584,7.75554085831864,6.73497465186681,6.76424206815511,7.42427202816901,7.26597516408387,169
"171",2015,8,6.9565625,64,7.52684210526316,6.12307692307692,6.375,7.77142857142857,6.7284,38,26,4,14,50,9131,5141,3990,855,2499,6632,7.30688692585698,7.75385041820658,6.73098734837093,6.76242105263158,7.4262168827531,7.26192227533173,170
"172",2015,9,7.16607142857143,56,7.48666666666667,6.79615384615385,6.5,6.55555555555556,7.28297872340426,30,26,4,9,47,9187,5171,4016,859,2508,6679,7.30602857516056,7.75230032875653,6.73140924302789,6.76119906868452,7.4230925,7.26207044916904,171
"173",2015,10,7.15531914893617,47,7.28695652173913,7.02916666666667,7.1,7.83333333333333,7.10909090909091,23,24,5,3,44,9234,5194,4040,864,2511,6723,7.30526148148149,7.75023969965345,6.7331780990099,6.76315972222222,7.42358263241736,7.26106924438495,172
"174",2015,11,7.30833333333333,60,7.66666666666667,6.95,6.96,7.77777777777778,7.22549019607843,30,30,5,9,51,9294,5224,4070,869,2520,6774,7.30528131267485,7.749759762634,6.7347762948403,6.76429228998849,7.42484761507936,7.26080137732507,173
"175",2015,12,7.43230769230769,65,7.73333333333333,6.88260869565217,6.58333333333333,8.26666666666667,7.24339622641509,42,23,6,12,53,9359,5266,4093,875,2532,6827,7.30616353456567,7.74962875047475,6.73560701685805,6.76305142857143,7.42883727883096,7.26066625604219,174
"176",2016,1,7.2134328358209,67,7.57297297297297,6.77,7.04166666666667,7.31818181818182,7.19285714285714,37,30,12,11,56,9426,5303,4123,887,2543,6883,7.30550440483769,7.74839619083538,6.7358572689789,6.76682074408117,7.42835862760519,7.26011456196427,175
"177",2016,2,7.29918032786885,61,7.74852941176471,6.73333333333333,7.1,7.71875,7.23584905660377,34,27,4,8,53,9487,5337,4150,891,2551,6936,7.30546374196269,7.74839703953532,6.73584084819277,6.7683164983165,7.42926930223442,7.25992914215687,176
"178",2016,3,7.12980769230769,52,7.398,6.88148148148148,6.6,7.90625,6.98863636363636,25,27,3,8,44,9539,5362,4177,894,2559,6980,7.30450618723137,7.74676333457665,6.73678226478334,6.76775167785235,7.43076044939429,7.25821898710602,177
"179",2016,4,6.96515151515151,66,7.6241935483871,6.38142857142857,6.72727272727273,7.16666666666667,6.945,31,35,11,6,60,9605,5393,4212,905,2565,7040,7.30217433836544,7.74605877989987,6.73382942070276,6.76725966850829,7.43014268615984,7.25554950710228,178
"180",2016,5,7.2671875,64,7.76363636363636,6.73870967741935,6.925,7.17,7.28518518518518,33,31,8,10,54,9669,5426,4243,913,2575,7094,7.3019427572655,7.74616568374493,6.73386507659675,6.76864184008762,7.42913242330097,7.25577509585566,179
"181",2016,6,7.14909090909091,55,7.41034482758621,6.85769230769231,6.52,8.10769230769231,6.85238095238095,29,26,5,13,42,9724,5455,4269,918,2588,7136,7.30107821061292,7.74438038496792,6.73461923635512,6.76728758169935,7.43254095440495,7.25340085902467,180
"182",2016,7,7.36460317460317,63,7.95566666666667,6.82727272727273,6.6,6.92222222222222,7.43833333333333,30,33,5,9,54,9787,5485,4302,923,2597,7190,7.30148712782263,7.74553600729262,6.735329967457,6.76638136511376,7.43077242587601,7.25478978164117,181
"183",2016,8,7.18153846153846,65,7.61612903225806,6.78529411764706,6.1,7.5,7.14915254237288,31,34,5,6,59,9852,5516,4336,928,2603,7249,7.30069574908649,7.7448087382161,6.73572175276753,6.76279094827586,7.43093199769497,7.253929994482,182
"184",2016,9,7.25454545454545,44,7.985,6.64583333333333,6.63333333333333,6.975,7.2825,20,24,3,4,40,9896,5536,4360,931,2607,7289,7.3004905537591,7.74567648121387,6.73522695412844,6.76237379162191,7.43023244725739,7.25408677870765,183
"185",2016,10,7.33,70,7.63513513513514,6.98787878787879,6.46666666666667,7.2,7.34,37,33,6,5,65,9966,5573,4393,937,2612,7354,7.30069782460366,7.74494258029787,6.73712486228091,6.76048025613661,7.42979172664625,7.25484614223552,184
"186",2016,11,7.40847457627119,59,8.21,6.57931034482759,6.5,7.75,7.33877551020408,30,29,6,10,49,10025,5603,4422,943,2622,7403,7.30133212169577,7.74743262537926,6.73608989597468,6.75882290562036,7.43101296338673,7.255401665541,185
"187",2016,12,7.02727272727273,55,7.45555555555556,6.61428571428571,7.38333333333333,7.14285714285714,7.01041666666667,27,28,6,7,48,10080,5630,4450,949,2629,7451,7.29983675793652,7.74603285968029,6.73532348764045,6.76277133825079,7.43024571700266,7.25382345054356,186
"188",2017,1,7.44576271186441,59,7.97647058823529,6.724,6.75,7.55,7.43396226415094,34,25,4,6,53,10139,5664,4475,953,2635,7504,7.30068591774338,7.74741613700565,6.73526022793296,6.76271773347324,7.43051840227704,7.25509575293177,187
"189",2017,2,6.93305084745763,59,7.90892857142857,6.05161290322581,6.28571428571429,7.01111111111111,6.919,28,31,7,9,50,10198,5692,4506,960,2644,7554,7.29855898411454,7.74821064652143,6.73055692853973,6.75923958333333,7.4290907677761,7.25287113185068,188
"190",2017,3,7.35529411764706,51,7.94444444444444,6.6925,6.33333333333333,7.68181818181818,7.2655,27,24,3,11,40,10249,5719,4530,963,2655,7594,7.29884130354182,7.74913708690331,6.73035530242826,6.75791277258567,7.43013784934087,7.25293765209376,189
"191",2017,4,7.553,50,7.93928571428571,7.06136363636364,6.6,7.4,7.59125,28,22,5,10,40,10299,5747,4552,968,2665,7634,7.30007520341781,7.75006351139725,6.73195507908612,6.75709710743802,7.43002476172608,7.2547103130731,190
"192",2017,5,7.41034482758621,58,7.80344827586207,7.01724137931035,7,7.625,7.376,29,29,6,8,50,10357,5776,4581,974,2673,7684,7.30069272183065,7.75033154432133,6.73376108273303,6.75859342915811,7.43060830153386,7.25549954841229,191
"193",2017,6,7.1031914893617,47,7.52727272727273,6.73,7.35714285714286,7,7.11547619047619,22,25,7,5,42,10404,5798,4606,981,2678,7726,7.2998005113418,7.74948516729907,6.73374066869301,6.76286442405708,7.42980432785661,7.25473835490552,192
"194",2017,7,7.35384615384615,52,8.05384615384615,6.65384615384615,8,7.18333333333333,7.37608695652174,26,26,3,6,46,10456,5824,4632,984,2684,7772,7.30006929227239,7.7508439217033,6.73329221070812,6.76663617886179,7.42925334947839,7.25545657874422,193
"195",2017,8,7.39318181818182,110,8.00909090909091,6.77727272727273,6.68888888888889,7.8,7.30824175824176,55,55,9,19,91,10566,5879,4687,993,2703,7863,7.30103866363809,7.75325990814765,6.73380830381908,6.76593152064451,7.43185941176471,7.25606747170292,194
"196",2017,9,7.53333333333333,102,7.98709677419355,6.83,7.61111111111111,7.25,7.57111111111111,62,40,9,12,90,10668,5941,4727,1002,2715,7953,7.30325970378703,7.75570021881838,6.73462228051619,6.77352295409182,7.43105561325967,7.25963265811644,195
"197",2017,10,7.6808843537415,147,8.19241379310345,6.93916666666667,7.54285714285714,7.797,7.66259842519685,87,60,7,20,127,10815,6028,4787,1009,2735,8080,7.30839246601942,7.76200315195753,6.73718602882808,6.77886025768087,7.43373162340036,7.26596640222773,196
"198",2017,11,7.55471014492754,138,7.99938271604938,6.92280701754386,6.25,7.938,7.46991150442478,81,57,8,25,113,10953,6109,4844,1017,2760,8193,7.31149589336256,7.76515059747913,6.73937025598679,6.77470009832842,7.43829927173913,7.26877926644697,197
"199",2017,12,7.43897419354839,155,7.8888488372093,6.87826086956522,7.1,7.4796875,7.42838211382114,86,69,15,32,123,11108,6195,4913,1032,2792,8316,7.31327471371985,7.76686779661017,6.74132088744148,6.77942829457364,7.43877363538682,7.27113991462242,198
"200",2018,1,7.671875,160,8.08315217391304,7.11544117647059,7.5,7.875,7.64285714285714,92,68,6,20,140,11268,6287,4981,1038,2812,8456,7.31836665956692,7.77149610306983,6.74642833166031,6.78359344894027,7.44187624110953,7.27729417336803,199
"201",2018,2,7.43704347826087,115,7.8375,6.85765957446809,7.25,7.345,7.45642105263158,68,47,10,20,95,11383,6355,5028,1048,2832,8551,7.31956562593342,7.77220236034618,6.74746808273667,6.78804389312977,7.44119208686441,7.27928423927027,200
"202",2018,3,7.58762376237624,101,8.10683333333333,6.82780487804878,7.8,7.58,7.59013157894737,60,41,5,25,76,11484,6415,5069,1053,2857,8627,7.32192315569489,7.77533219017927,6.74811787729335,6.792849002849,7.44240671683584,7.28202266488931,201
"203",2018,4,7.626,120,7.90584415584416,7.12488372093023,7.5875,7.96217391304348,7.54628865979381,77,43,8,23,97,11604,6492,5112,1061,2880,8724,7.32506769389866,7.77688016019717,6.75128707355243,6.79884071630537,7.44655763541667,7.28496097317745,202
"204",2018,5,7.35518518518519,135,7.88432835820895,6.83382352941176,5.99,6.925,7.43,67,68,10,20,115,11739,6559,5180,1071,2900,8839,7.32541404889685,7.77797774050923,6.75237056370656,6.79128851540616,7.4429606862069,7.28684800656183,203
"205",2018,6,7.47232142857143,112,7.87786885245902,6.98725490196078,6.75,7.65294117647059,7.44,61,51,8,17,95,11851,6620,5231,1079,2917,8934,7.32680242342419,7.77889818731118,6.75466058497419,6.79098239110287,7.44418443263627,7.28847655361541,204
"206",2018,7,7.4504854368932,103,7.85887096774194,6.83292682926829,6.25,7.84375,7.33101265822785,62,41,6,24,79,11954,6682,5272,1085,2941,9013,7.32786812113101,7.77964022747681,6.75526925644917,6.78799078341014,7.447445083305,7.28884938755132,205
"207",2018,8,7.50092307692308,117,7.89423529411765,6.95510204081633,7.14,7.95,7.43488235294118,68,49,10,15,102,12071,6750,5321,1095,2956,9115,7.32954548256151,7.78079466666667,6.75710947566247,6.79120547945205,7.44999526048714,7.29048354690072,206
"208",2018,9,7.59904761904762,105,8.25172413793103,6.7936170212766,6.65555555555556,7.89047619047619,7.52619047619048,58,47,9,21,84,12176,6808,5368,1104,2977,9199,7.33186954007885,7.78480669800235,6.75742912071535,6.79009963768116,7.45310244877393,7.29263588759648,207
"209",2018,10,7.66821428571429,140,7.97195121951219,7.23879310344828,7.25555555555556,7.89375,7.63911290322581,82,58,18,16,124,12316,6890,5426,1122,2993,9323,7.33569288080546,7.78703396226415,6.76257455215629,6.79756684491979,7.45545806548613,7.29724418427545,208
"210",2018,11,7.73740740740741,135,8.08235294117647,7.151,7.2625,8.34444444444444,7.64401709401709,85,50,12,18,117,12451,6975,5476,1134,3011,9440,7.34004847160871,7.79063283154122,6.76612116873631,6.80248677248677,7.46077249750913,7.30154211122882,209
"211",2018,12,7.7245756302521,119,8.20966101694915,7.247575,7.4,7.90476190476191,7.68596428571429,59,60,13,21,98,12570,7034,5536,1147,3032,9538,7.34368878440732,7.79414756895081,6.77133923771677,6.80925893635571,7.46384762203166,7.30549193017404,210
"212",2019,1,7.58782894736842,152,7.86717171717172,7.06603773584906,6.5625,7.66666666666667,7.5708,99,53,8,27,125,12722,7133,5589,1155,3059,9663,7.34660572394278,7.79516108229357,6.77413383789587,6.80754978354978,7.46563778685845,7.30892393977026,211
"213",2019,2,7.40434782608696,115,7.78260869565217,6.83695652173913,6.75,7.30769230769231,7.41666666666667,69,46,6,13,102,12837,7202,5635,1161,3072,9765,7.34712300537509,7.79504082199389,6.77464667613132,6.80725236864772,7.46496939778646,7.31004936303124,212
"214",2019,3,7.56845588235294,136,7.7676,7.32360655737705,5.5,7.20681818181818,7.63824561403509,75,61,8,22,114,12973,7277,5696,1169,3094,9879,7.34944330686811,7.79475800467226,6.78052563553371,6.79830624465355,7.46313380413704,7.31383662617674,213
"215",2019,4,7.9489247311828,93,8.21944444444444,7.57435897435897,7.97,8.52142857142857,7.84746835443038,54,39,10,14,79,13066,7331,5735,1179,3108,9958,7.35371024184908,7.79788623652981,6.78592397907585,6.80824427480916,7.4679008976834,7.31807009740912,214
"216",2019,5,7.40940594059406,101,8.15588235294118,6.648,5.66666666666667,7.18125,7.45235294117647,51,50,6,16,85,13167,7382,5785,1185,3124,10043,7.35413746639326,7.80035952316445,6.78473189628349,6.80246413502109,7.46643277528809,7.31920661455741,215
"217",2019,6,7.51148760330578,121,7.99338709677419,7.00508474576271,6.94444444444444,7.26666666666667,7.55427184466019,62,59,9,18,103,13288,7444,5844,1194,3142,10146,7.35557029048766,7.8019672219237,6.78695654004107,6.80353433835846,7.46528834818587,7.32159294598857,216
"218",2019,7,7.58991452991453,117,8.07131578947368,6.69756097560976,6.375,7.44285714285714,7.62208333333333,76,41,12,21,96,13405,7520,5885,1206,3163,10242,7.35761566728833,7.80468936170213,6.78633373322005,6.79927031509121,7.46513942143535,7.32440949326304,217
"219",2019,8,7.49781418032787,122,8.11818181818182,6.76666660714286,6.61111111111111,7.7625,7.45786160377359,66,56,9,16,106,13527,7586,5941,1215,3179,10348,7.3588801175427,7.80741682045874,6.78614835044606,6.79787654320987,7.46663604592639,7.32577651333591,218
"220",2019,9,7.35772179856115,139,7.95162276315789,6.64126984126984,6.375,7.38913043478261,7.35149422413793,76,63,12,23,116,13666,7662,6004,1227,3202,10464,7.35886833601639,7.80884721091099,6.78462813957362,6.79374083129584,7.46607932229856,7.32606161028288,219
"221",2019,10,7.65020967741935,124,7.8930843373494,7.15853658536585,6.7,7.49,7.68101923076923,83,41,10,20,104,13790,7745,6045,1237,3222,10568,7.36148808411893,7.80974994577146,6.7871641604632,6.79298302344381,7.46622780571074,7.32955475870553,220
"222",2019,11,7.57282608695652,138,8.07828947368421,6.95322580645161,6.9,7.68,7.55466101694915,76,62,11,20,118,13928,7821,6107,1248,3242,10686,7.36358204192993,7.81235945914845,6.78885006549861,6.79392628205128,7.46754657310302,7.33204049129703,221
"223",2019,12,7.82070063694268,157,8.23457446808511,7.2031746031746,6.6875,8.11333333333333,7.75157480314961,94,63,8,30,127,14085,7915,6170,1256,3272,10813,7.36867736457224,7.81737376247631,6.79308060777958,6.79324840764331,7.47346760085575,7.33696797281051,222
"224",2020,1,7.37004366812227,229,7.79629921259843,6.8393137254902,6.65,7.09833333333333,7.41100502512563,127,102,10,30,199,14314,8042,6272,1266,3302,11012,7.36869922313819,7.81704095125591,6.79383248565051,6.79211690363349,7.4700593549364,7.33830591082456,223
"225",2020,2,7.47838166666667,138,8.07960526315789,6.74139790322581,6.245,8.07692307692308,7.41613336,76,62,4,13,125,14452,8118,6334,1270,3315,11137,7.36974656448935,7.81949905518601,6.79331923271235,6.7903937007874,7.47243921266968,7.33917943431804,224
"226",2020,3,7.46,124,7.72375,6.98045454545455,6.88888888888889,7.78,7.37919191919192,80,44,9,25,99,14576,8198,6378,1279,3340,11236,7.37051436265094,7.81856469016833,6.79461022577611,6.79108678655199,7.47474131437126,7.33953198291207,225
"227",2020,4,7.62391304347826,92,7.91090909090909,7.1972972972973,6.875,8.18666666666667,7.51428571428571,55,37,4,15,77,14668,8253,6415,1283,3355,11313,7.3721037189801,7.81918009572277,6.79693281683554,6.79134840218238,7.47792428912071,7.34072141430213,226
"228",2020,5,7.18056603773585,106,7.46397058823529,6.67342105263158,6.9,7.46538461538462,7.14075268817204,68,38,8,13,93,14774,8321,6453,1291,3368,11406,7.37072948084473,7.81627728998918,6.79620548891988,6.79202168861347,7.47787588776722,7.33909094862353,227
"229",2020,6,7.75796385542169,83,8.01394117647059,7.35,6.25,8.06788888888889,7.72027027027027,51,32,4,9,74,14857,8372,6485,1295,3377,11480,7.37289280137309,7.81748140587673,6.79893816808019,6.79034749034749,7.47944832395617,7.34154802787457,228
"230",2020,7,7.65212765957447,94,8.12083333333333,7.16304347826087,6.81818181818182,8.15,7.57926829268293,48,46,11,12,82,14951,8420,6531,1306,3389,11562,7.37464840813324,7.8192107280285,6.80150268259072,6.79058192955589,7.48182265860136,7.34323398719945,229
"231",2020,8,7.80100792857143,140,8.01840425531915,7.35676326086957,6.72857142857143,7.97954545454545,7.76772127118644,94,46,7,22,118,15091,8514,6577,1313,3411,11680,7.37860376780863,7.82140995184402,6.80538621407937,6.79025133282559,7.48503283201407,7.34752247174658,230
"232",2020,9,7.81675,120,7.99886075949367,7.46585365853659,6.55555555555556,8.25,7.76861111111111,79,41,9,12,108,15211,8593,6618,1322,3423,11788,7.38206031556111,7.82304135109973,6.80947795859777,6.78865355521936,7.48771457493427,7.35138042670512,231
"233",2020,10,7.676,120,8.22,6.94,6.57142857142857,7.98545454545455,7.64477064220184,69,51,7,11,109,15331,8662,6669,1329,3434,11897,7.38436106320527,7.8262034553221,6.810476102864,6.78750940556809,7.48930896622015,7.354068460116,232
"234",2020,11,7.55460992907801,141,8.04352941176471,6.8125,6.1,7.28571428571429,7.58425196850394,85,56,10,14,127,15472,8747,6725,1339,3448,12024,7.38591258143744,7.82831534583286,6.81049295613383,6.78237490664675,7.48848230568445,7.35649970642049,233
"235",2020,12,7.50047956834532,139,7.95497938271605,6.86574706896552,6.74,7.55294117647059,7.4931693442623,81,58,10,17,122,15611,8828,6783,1349,3465,12146,7.3869326833643,7.82947753285002,6.81096542237948,6.78206078576723,7.48879855411255,7.35787247900543,234
"236",2021,1,7.57976744186047,172,7.85945454545455,7.08354838709677,6.74285714285714,7.46666666666667,7.59057324840764,110,62,14,15,157,15783,8938,6845,1363,3480,12303,7.38903415827156,7.82984646005818,6.81343439883127,6.78165810711665,7.48870315804598,7.36084200032512,235
"237",2021,2,7.65138704697987,149,8.04597701149425,7.09768822580645,6.55,8.42666666666667,7.56460201492537,87,62,10,15,134,15932,9025,6907,1373,3495,12437,7.39148774730103,7.83192993462604,6.81598597509773,6.77997086671522,7.49272875250358,7.36303737235668,236
"238",2021,3,7.77345652173913,138,8.19924096385542,7.13090909090909,6.57142857142857,8.09223809523809,7.71623931623932,83,55,7,21,117,16070,9108,6962,1380,3516,12554,7.39476787741133,7.83527719148001,6.81847387675955,6.77891304347826,7.49630943970421,7.36632912219213,237
"239",2021,4,7.70204918032787,122,7.93205128205128,7.29431818181818,7.42222222222222,8.375,7.62863636363636,78,44,9,12,110,16192,9186,7006,1389,3528,12664,7.39708311450099,7.83609891791857,6.82146233656866,6.78308135349172,7.49929818310658,7.36860753316488,238
"240",2021,5,7.88405405405405,148,8.11212121212121,7.42326530612245,7.57142857142857,8.02,7.8628125,99,49,7,20,128,16340,9285,7055,1396,3548,12792,7.40149386719706,7.83904196661281,6.82564211622963,6.78703438395415,7.5022333680947,7.37355267354597,239
"241",2021,6,7.72458064516129,155,8.0311,7.16727272727273,6.78571428571429,8.16111111111111,7.66722627737226,100,55,7,18,137,16495,9385,7110,1403,3566,12929,7.40452984480146,7.84108840277038,6.82828482841069,6.78702779757662,7.50555916713405,7.37666453708717,240
"242",2021,7,7.69787234042553,141,7.89213483146067,7.36538461538461,7.33333333333333,8.17777777777778,7.58421052631579,89,52,9,27,114,16636,9474,7162,1412,3593,13043,7.40701609701852,7.84156793962423,6.83218446383692,6.79050991501416,7.51061062900084,7.37847855554704,241
"243",2021,8,7.80307994152047,171,8.09678163793103,7.18363636363636,6.16666666666667,7.56538461538462,7.84570117241379,116,55,6,26,145,16807,9590,7217,1418,3619,13188,7.4110457821146,7.84465498748696,6.83486284190107,6.78787023977433,7.51100414202819,7.3836155952381,242
"244",2021,9,7.86960451977401,177,8.28854368932039,7.28648648648649,7.1,7.87619047619048,7.86871794871795,103,74,5,21,156,16984,9693,7291,1423,3640,13344,7.41582468558644,7.84937184875683,6.83944659580304,6.78896697118763,7.51311098626374,7.38928675584532,243
"245",2021,10,7.72681161490683,161,8.10051020408163,7.1455026984127,7.125,8.09140368421053,7.67802816901408,98,63,12,19,142,17145,9791,7354,1435,3659,13486,7.41874500612424,7.85188554080278,6.842068506935,6.79177700348432,7.5161138726428,7.39232704063473,244
"246",2021,11,7.74447368421053,190,8.12460317460318,6.99609375,7.30416666666667,8.0325,7.71058823529412,126,64,12,20,170,17335,9917,7418,1447,3679,13656,7.42231515027401,7.85535054250277,6.84339738473982,6.79602626123013,7.51892108181571,7.39628899165202,245
"247",2021,12,7.91253456221198,217,8.27225352112676,7.23146666666667,6.61333333333333,8.44461538461538,7.84010471204189,142,75,15,26,191,17552,10059,7493,1462,3705,13847,7.42837586201003,7.86123584153494,6.84728170292273,6.79415184678522,7.52541718218624,7.40241080883946,246
"248",2022,1,7.73722509225092,271,8.07988235294118,7.16047524752475,6.93333333333333,8.05161290322581,7.69661666666667,170,101,15,31,240,17823,10229,7594,1477,3736,14087,7.43307193682321,7.86486961873106,6.85144716881749,6.79556533513879,7.52978336723769,7.40742318946547,247
"249",2022,2,7.728,215,8.0982962962963,7.103125,7.7,7.87222222222222,7.70728723404255,135,80,5,27,188,18038,10364,7674,1482,3763,14275,7.43658726743541,7.86791020165959,6.85407086265311,6.79861673414305,7.53224040924794,7.41137236217163,248
"250",2022,3,7.7407752293578,218,8.1768671875,7.12055555555556,8.25,7.9530303030303,7.70291351351351,128,90,2,33,185,18256,10492,7764,1484,3796,14460,7.44021966093339,7.87167940621426,6.85715994332818,6.80057277628032,7.53589848788198,7.41510231466114,249
"251",2022,4,7.69548849137931,232,8.07796801369863,7.04616279069767,6.8125,7.90611111111111,7.65680270408163,146,86,8,36,196,18488,10638,7850,1492,3832,14656,7.44342294785807,7.87451059033653,6.8592305477707,6.80063672922252,7.53937647703549,7.41833466157205,250
"252",2022,5,7.62806701086957,184,7.999375,7.05047680555556,6.93333333333333,7.98804,7.57146748427673,112,72,9,25,159,18672,10750,7922,1501,3857,14815,7.44524249089546,7.87581150325581,6.86096871118404,6.80143237841439,7.54228458905886,7.41997813904826,251
"253",2022,6,7.9282401863354,161,8.30364915789474,7.38787878787879,6.56666666666667,8.70652173913044,7.7985265942029,95,66,6,23,138,18833,10845,7988,1507,3880,14953,7.44937155312483,7.87955927431996,6.86532224962444,6.80049767750497,7.54918599484536,7.42347173142513,252
"254",2022,7,7.89058823529412,170,8.18254716981132,7.40703125,6.66666666666667,7.69321428571429,7.92950704225352,106,64,6,28,142,19003,10951,8052,1513,3908,15095,7.45331865810661,7.88249203999635,6.86962793467461,6.79996695307336,7.55021792732856,7.4282320503478,253
"255",2022,8,7.78493150684931,219,8.16388888888889,7.05733333333333,6.57272727272727,7.61363636363636,7.81532258064516,144,75,11,33,186,19222,11095,8127,1524,3941,15281,7.45709678805535,7.88614423884633,6.87136017349575,6.79832677165354,7.55074896219234,7.43294370787252,254
