"","year","month","avg_rating","no_ratings","avg_rating_owned","avg_rating_not_owned","avg_rating_prev_owned","avg_rating_comment","avg_rating_no_comment","no_ratings_owned","no_ratings_not_owned","no_ratings_prev_owned","no_ratings_comment","no_ratings_no_comment","cum_no_ratings","cum_no_ratings_owned","cum_no_ratings_not_owned","cum_no_ratings_prev_owned","cum_no_ratings_comment","cum_no_ratings_no_comment","cum_avg_rating","cum_avg_rating_owned","cum_avg_rating_not_owned","cum_avg_rating_prev_owned","cum_avg_rating_comment","cum_avg_rating_no_comment","month_after_release"
"1",2012,2,9,1,9,NA,NA,NA,9,1,0,0,0,1,1,1,0,0,0,1,9,9,NA,NA,NA,9,-3
"2",2012,4,6.5,2,8,5,NA,8,5,1,1,0,1,1,3,2,1,0,1,2,7.33333333333333,8.5,5,NA,8,7,-1
"3",2012,5,7.706,50,8.06111111111111,6.79285714285714,7.02,7.55555555555556,7.7390243902439,36,14,5,9,41,53,38,15,5,10,43,7.68490566037736,8.08421052631579,6.67333333333333,7.02,7.6,7.7046511627907,0
"4",2012,6,7.55647058823529,85,7.80862068965517,7.01481481481482,8.26428571428571,7.29411764705882,7.62205882352941,58,27,7,17,68,138,96,42,12,27,111,7.60579710144928,7.91770833333333,6.89285714285714,7.74583333333333,7.40740740740741,7.65405405405405,1
"5",2012,7,7.73571428571429,91,7.91901408450704,7.085,7.625,7.72857142857143,7.73888888888889,71,20,8,28,63,229,167,62,20,55,174,7.65742358078603,7.91826347305389,6.95483870967742,7.6975,7.57090909090909,7.68477011494253,2
"6",2012,8,7.5395652173913,115,7.76884057971014,7.19565217391304,7.54166666666667,7.83928571428571,7.44310344827586,69,46,12,28,87,344,236,108,32,83,261,7.61802325581395,7.87457627118644,7.05740740740741,7.6390625,7.66144578313253,7.60421455938697,3
"7",2012,9,7.49655172413793,87,7.7,7.20833333333333,7.35714285714286,7.47058823529412,7.50285714285714,51,36,14,17,70,431,287,144,46,100,331,7.59350348027842,7.84355400696864,7.09513888888889,7.55326086956522,7.629,7.58277945619335,4
"8",2012,10,7.690625,96,8.0655737704918,7.03714285714286,6.71428571428571,7.93181818181818,7.61891891891892,61,35,7,22,74,527,348,179,53,122,405,7.6111954459203,7.88247126436782,7.08379888268156,7.44245283018868,7.68360655737705,7.58938271604938,5
"9",2012,11,7.75803571428571,112,7.86125,7.5,7.7,7.60384615384615,7.8046511627907,80,32,10,26,86,639,428,211,63,148,491,7.63693270735524,7.8785046728972,7.14691943127962,7.48333333333333,7.66959459459459,7.62708757637474,6
"10",2012,12,7.63630434782609,92,7.83426229508197,7.24677419354839,7.77777777777778,7.55263157894737,7.65808219178082,61,31,9,19,73,731,489,242,72,167,564,7.636853625171,7.87298568507157,7.15971074380165,7.52013888888889,7.6562874251497,7.63109929078014,7
"11",2013,1,7.71460784313726,102,7.95961038961039,6.96,7.38888888888889,7.60434782608696,7.74670886075949,77,25,9,23,79,833,566,267,81,190,643,7.64637454981993,7.8847703180212,7.14101123595506,7.50555555555556,7.65,7.6453032659409,8
"12",2013,2,7.61980769230769,104,8.00686567164179,6.91891891891892,7.3,7.94833333333333,7.52125,67,37,15,24,80,937,633,304,96,214,723,7.64342582710779,7.89769352290679,7.1139802631579,7.4734375,7.68345794392523,7.63157676348548,9
"13",2013,3,7.54652173913043,115,7.75759493670886,7.08333333333333,7.36666666666667,7.18,7.64833333333333,79,36,15,25,90,1052,712,340,111,239,813,7.63283269961977,7.88214887640449,7.11073529411765,7.45900900900901,7.6307949790795,7.63343173431734,10
"14",2013,4,7.58967391304348,92,7.92540983606557,6.92903225806452,7.05555555555556,7.70833333333333,7.56081081081081,61,31,9,18,74,1144,773,371,120,257,887,7.62936188811189,7.88556274256145,7.0955525606469,7.42875,7.63622568093385,7.62737316798196,11
"15",2013,5,7.65578512396694,121,8.00416666666667,6.86486486486486,7.17647058823529,7.67307692307692,7.65105263157895,84,37,17,26,95,1265,857,408,137,283,982,7.63188932806324,7.89718786464411,7.07463235294118,7.39744525547445,7.6396113074205,7.62966395112016,12
"16",2013,6,7.72564102564103,117,7.86352941176471,7.359375,7.55882352941176,7.89285714285714,7.6890625,85,32,17,21,96,1382,942,440,154,304,1078,7.63982633863965,7.89415074309979,7.09534090909091,7.41525974025974,7.6571052631579,7.63495361781076,13
"17",2013,7,7.58992741935484,124,7.92328767123288,7.11276470588235,7.29411764705882,7.36847368421053,7.63,73,51,17,19,105,1506,1015,491,171,323,1183,7.63571779548473,7.89624630541872,7.09715071283096,7.40321637426901,7.64012693498452,7.63451394759087,14
"18",2013,8,7.4235,100,7.66691176470588,6.90625,7.45833333333333,7.31818181818182,7.43651685393258,68,32,12,11,89,1606,1083,523,183,334,1272,7.62250373599004,7.88184672206833,7.08547036328872,7.4068306010929,7.62952395209581,7.62066037735849,15
"19",2013,9,7.53898305084746,118,7.90897435897436,6.8175,6.76923076923077,7.57142857142857,7.5319587628866,78,40,13,21,97,1724,1161,563,196,355,1369,7.61678712296984,7.88366925064599,7.06643161634103,7.36454081632653,7.62608732394366,7.61437545653762,16
"20",2013,10,7.5404347826087,115,7.8783950617284,6.73529411764706,7.03333333333333,7.68260869565217,7.50489130434783,81,34,15,23,92,1839,1242,597,211,378,1461,7.61201250679717,7.88332528180354,7.04757286432161,7.34099526066351,7.62952645502646,7.60748117727584,17
"21",2013,11,7.59291044776119,134,7.77215909090909,7.25,7.35714285714286,7.67741935483871,7.56747572815534,88,46,14,31,103,1973,1330,643,225,409,1564,7.61071515458692,7.87596992481203,7.06205443234837,7.342,7.6331564792176,7.60484654731458,18
"22",2013,12,7.58014705882353,136,7.89468085106383,6.87619047619048,7.03809523809524,7.54615384615385,7.58818181818182,94,42,21,26,110,2109,1424,685,246,435,1674,7.6087439544808,7.87720505617977,7.05065839416058,7.31605691056911,7.62795632183908,7.60375149342891,19
"23",2014,1,7.63995192307692,208,7.89255319148936,7.10835820895522,7.3903125,7.6158,7.64759493670886,141,67,32,50,158,2317,1565,752,278,485,1832,7.61154553301683,7.87858785942492,7.05579920212766,7.32460431654676,7.62670309278351,7.6075327510917,20
"24",2014,2,7.52442748091603,131,7.81910112359551,6.9,6.97058823529412,7.76,7.45445544554455,89,42,17,30,101,2448,1654,794,295,515,1933,7.60688357843137,7.8753869407497,7.04755793450882,7.30420338983051,7.63446796116505,7.59953440248319,21
"25",2014,3,7.67764227642276,123,7.84310344827586,7.27777777777778,7.125,8.05882352941176,7.61650943396226,87,36,12,17,106,2571,1741,830,307,532,2039,7.61026876701673,7.87377369327972,7.05754337349398,7.2971986970684,7.64802819548872,7.6004168710152,22
"26",2014,4,7.55741071428571,112,7.77605633802817,7.17878048780488,7.12388888888889,7.82357142857143,7.51938775510204,71,41,18,14,98,2683,1812,871,325,546,2137,7.60806224375699,7.86994481236203,7.06325028702641,7.2876,7.6525293040293,7.59670098268601,23
"27",2014,5,7.36260504201681,119,7.59125,6.89358974358974,7.02692307692308,7.33653846153846,7.36989247311828,80,39,13,26,93,2802,1892,910,338,572,2230,7.59763775874376,7.85816067653277,7.05597912087912,7.27757396449704,7.63816608391608,7.58724215246637,24
"28",2014,6,7.40576923076923,104,7.70491803278689,6.98139534883721,7.07894736842105,7.25925925925926,7.45714285714286,61,43,19,27,77,2906,1953,953,357,599,2307,7.59077116311081,7.85337429595494,7.05261385099685,7.26700280112045,7.62108681135225,7.58289986996099,25
"29",2014,7,7.50852713178295,129,7.80111111111111,6.83333333333333,7.26190476190476,7.42857142857143,7.51826086956522,90,39,21,14,115,3035,2043,992,378,613,2422,7.58727545304778,7.85107195301028,7.04399294354839,7.26671957671958,7.61669004893964,7.57983071841453,26
"30",2014,8,7.37846875,96,7.60814285714286,6.94,7.34,7.46,7.36092405063291,63,33,10,17,79,3131,2106,1025,388,630,2501,7.58087320344938,7.84380484330484,7.04064487804878,7.26860824742268,7.6124619047619,7.57291603358657,27
"31",2014,9,7.46025641025641,117,7.82894736842105,6.77682926829268,7.175,7.10714285714286,7.57134831460674,76,41,20,28,89,3248,2182,1066,408,658,2590,7.57652832512315,7.84328735105408,7.03049812382739,7.26401960784314,7.59095896656535,7.57286216216216,28
"32",2014,10,7.34593913043478,115,7.54401282051282,6.92837837837838,7.10789473684211,7.21153846153846,7.38520224719101,78,37,19,26,89,3363,2260,1103,427,684,2679,7.56864317573595,7.83295840707965,7.0270725294651,7.25707259953162,7.5765365497076,7.56662784621127,29
"33",2014,11,7.59863636363636,132,7.7756862745098,6.99666666666667,6.93846153846154,7.75545454545455,7.56727272727273,102,30,13,22,110,3495,2362,1133,440,706,2789,7.56977596566524,7.83048518204911,7.02626743159753,7.24765909090909,7.582111898017,7.56665328074579,30
"34",2014,12,7.41756302521008,119,7.65066666666667,7.02022727272727,7.29045454545455,7.48590909090909,7.4020618556701,75,44,22,22,97,3614,2437,1177,462,728,2886,7.56476397343663,7.82495116947066,7.02604163126593,7.24969696969697,7.57920467032967,7.56112127512128,31
"35",2015,1,7.60787128712871,202,7.7446,7.21346153846154,6.70588235294118,7.71515151515151,7.58692307692308,150,52,17,33,169,3816,2587,1229,479,761,3055,7.56704585953878,7.82029223038268,7.03397152156225,7.23039665970772,7.58509986859395,7.56254860883797,32
"36",2015,2,7.65714285714286,154,7.87232142857143,7.08333333333333,7.32352941176471,7.6175,7.66305970149254,112,42,17,20,134,3970,2699,1271,496,781,3189,7.57054080604534,7.8224512782512,7.03560267505901,7.23358870967742,7.58592957746479,7.56677202884917,33
"37",2015,3,7.53935185185185,108,7.66986301369863,7.26714285714286,7.31111111111111,7.8625,7.46590909090909,73,35,18,20,88,4078,2772,1306,514,801,3277,7.56971481118195,7.8184329004329,7.0418078101072,7.23630350194552,7.59283520599251,7.56406347268843,34
"38",2015,4,7.65081300813008,123,7.87849462365591,6.945,6.89285714285714,7.74090909090909,7.63118811881188,93,30,14,22,101,4201,2865,1336,528,823,3378,7.57208926446084,7.82038254799302,7.03963398203593,7.22719696969697,7.59679343863912,7.56607045589106,35
"39",2015,5,7.42633928571429,112,7.73630136986301,6.84615384615385,7.125,7.4551724137931,7.41626506024096,73,39,16,29,83,4313,2938,1375,544,852,3461,7.56830442847206,7.81829339686862,7.03414618181818,7.22419117647059,7.59197300469484,7.56247789656169,36
"40",2015,6,7.49230769230769,104,7.84310344827586,7.05,6.93181818181818,7.66666666666667,7.45581395348837,58,46,22,18,86,4417,2996,1421,566,870,3547,7.56651505546751,7.81877369826435,7.0346593947924,7.21282685512367,7.5935183908046,7.55989173949817,37
"41",2015,7,7.59060810810811,148,7.78686274509804,7.1554347826087,7.25576923076923,7.67777777777778,7.56258928571429,102,46,26,36,112,4565,3098,1467,592,906,3659,7.56729616648412,7.81772304712718,7.03844648943422,7.21471283783784,7.59686644591611,7.55997430992074,38
"42",2015,8,7.4680981595092,163,7.74909090909091,6.88490566037736,6.74827586206897,7.09375,7.55954198473282,110,53,29,32,131,4728,3208,1520,621,938,3790,7.56387626903553,7.81536970074813,7.0330927631579,7.1929307568438,7.57970255863539,7.55995936675462,39
"43",2015,9,7.35495495495496,111,7.57333333333333,6.9,6.54166666666667,7.35294117647059,7.35531914893617,75,36,12,17,94,4839,3283,1556,633,955,3884,7.55908390163257,7.8098403898873,7.03001349614396,7.18058451816746,7.57566596858639,7.55500669412976,40
"44",2015,10,7.47466666666667,150,7.6765306122449,7.09423076923077,7.1,7.36774193548387,7.50252100840336,98,52,23,31,119,4989,3381,1608,656,986,4003,7.55654580076167,7.80597633836143,7.03209017412935,7.17775914634146,7.56912880324544,7.55344641518861,41
"45",2015,11,7.38867924528302,159,7.77614678899083,6.544,6.76470588235294,7.46041666666667,7.37592592592593,109,50,17,24,135,5148,3490,1658,673,1010,4138,7.55136111111111,7.8050446991404,7.01737092882992,7.16732540861813,7.56654554455445,7.54765490575157,42
"46",2015,12,7.56524691358025,162,7.83198347107438,6.77804878048781,6.71875,7.64888888888889,7.54851851851852,121,41,16,27,135,5310,3611,1699,689,1037,4273,7.55178474576271,7.8059473829964,7.01159564449676,7.15690856313498,7.56868948891032,7.54768219049848,43
"47",2016,1,7.42860824742268,194,7.60189393939394,7.05967741935484,7.14411764705882,7.685,7.38170731707317,132,62,34,30,164,5504,3743,1761,723,1067,4437,7.54744313226744,7.79875126903553,7.01328847245883,7.15630705394191,7.57195970009372,7.54154744196529,44
"48",2016,2,7.4021582733813,139,7.6010989010989,7.025,7.13333333333333,7.38666666666667,7.40403225806452,91,48,18,15,124,5643,3834,1809,741,1082,4561,7.5438644338118,7.79405998956703,7.01359922609177,7.15574898785425,7.56939094269871,7.53780881385661,45
"49",2016,3,7.38019480519481,154,7.68168316831683,6.80566037735849,7.26428571428571,7.7375,7.30079365079365,101,53,14,28,126,5797,3935,1862,755,1110,4687,7.5395164740383,7.79117560355781,7.00768045112782,7.15776158940397,7.57363153153153,7.53143716663111,46
"50",2016,4,7.60985915492958,142,7.81443298969072,7.16888888888889,7.4125,7.68235294117647,7.6,97,45,16,17,125,5939,4032,1907,771,1127,4812,7.54119834989055,7.79173511904762,7.01148453067646,7.16304798962386,7.57527151730257,7.53321820448878,47
"51",2016,5,7.45573333333333,150,7.56444444444444,7.17619047619048,7.34,7.255,7.48661538461538,108,42,15,20,130,6089,4140,1949,786,1147,4942,7.53909295450813,7.78580579710145,7.01503386351976,7.16642493638677,7.56968700959024,7.53199231080534,48
"52",2016,6,7.34952586206897,116,7.62825301204819,6.64848484848485,6.23076923076923,7.45,7.33460396039604,83,33,13,15,101,6205,4223,1982,799,1162,5043,7.53554907332796,7.78270921146104,7.00893087790111,7.15120150187735,7.56814199655766,7.52803906404918,49
"53",2016,7,7.52068965517241,116,7.72302631578947,7.13625,7.290625,7.44705882352941,7.53333333333333,76,40,16,17,99,6321,4299,2022,815,1179,5142,7.53527638031957,7.78165410560595,7.01144955489614,7.15393865030675,7.56639609838847,7.52814099572151,50
"54",2016,8,7.37056338028169,142,7.64639175257732,6.776,7.09428571428571,7.55857142857143,7.35,97,45,14,14,128,6463,4396,2067,829,1193,5270,7.53165743462788,7.7786694722475,7.0063236574746,7.1529312424608,7.56630427493713,7.52381423149905,51
"55",2016,9,7.43975155279503,161,7.76902654867257,6.66458333333333,6.81578947368421,7.55357142857143,7.41578947368421,113,48,19,28,133,6624,4509,2115,848,1221,5403,7.52942361111111,7.77842781104458,6.99856784869977,7.14537735849057,7.56601228501229,7.52115509901906,52
"56",2016,10,7.30352564102564,156,7.56473684210526,6.89672131147541,6.80869565217391,7.30172413793103,7.30393700787402,95,61,23,29,127,6780,4604,2176,871,1250,5530,7.52422595870207,7.77401846220677,6.9957127757353,7.1364867967853,7.5598808,7.51616654611212,53
"57",2016,11,7.28909090909091,165,7.45641025641026,6.88125,6.78947368421053,7.57826086956522,7.24225352112676,117,48,19,23,142,6945,4721,2224,890,1273,5672,7.51863959683225,7.76614721457318,6.99324235611511,7.12907865168539,7.56021288295365,7.50930906205924,54
"58",2016,12,7.21021897810219,137,7.62558139534884,6.50980392156863,6.52631578947368,7.22941176470588,7.2075,86,51,19,17,120,7082,4807,2275,909,1290,5792,7.51267325614233,7.76363241106719,6.98240483516484,7.1164796479648,7.55585348837209,7.50305611187845,55
"59",2017,1,7.32,194,7.57403225806452,6.87,6.725,7.45,7.30164705882353,124,70,28,24,170,7276,4931,2345,937,1314,5962,7.50753600879604,7.75886453052119,6.97904946695096,7.10478121664888,7.5539200913242,7.49731314994968,56
"60",2017,2,7.2104,125,7.69027777777778,6.55849056603774,6.88095238095238,7.21904761904762,7.20865384615385,72,53,21,21,104,7401,5003,2398,958,1335,6066,7.50251749763546,7.75787747351589,6.96975437864887,7.09987473903967,7.54865243445693,7.4923641608968,57
"61",2017,3,7.23530275229358,109,7.64315151515151,6.6093023255814,6.34545454545455,7.00369230769231,7.26666666666667,66,43,11,13,96,7510,5069,2441,969,1348,6162,7.49863914780293,7.75638370487275,6.96340475215076,7.09131062951496,7.543396884273,7.48884793898085,58
"62",2017,4,7.30523809523809,105,7.46071428571429,6.99428571428571,6.54545454545455,7.42954545454545,7.27228915662651,70,35,11,22,83,7615,5139,2476,980,1370,6245,7.49597242284964,7.75235629499903,6.96384127625202,7.08518367346939,7.54156861313869,7.48596973578863,59
"63",2017,5,7.42793103448276,116,7.57536231884058,7.21148936170213,7.485,7.69565217391304,7.36172043010753,69,47,20,23,93,7731,5208,2523,1000,1393,6338,7.49495149398526,7.75001132872504,6.96845461751883,7.09318,7.54411270638909,7.48414657620701,60
"64",2017,6,7.30421686746988,83,7.52755102040816,6.98235294117647,7.075,6.94444444444444,7.34797297297297,49,34,16,9,74,7814,5257,2557,1016,1402,6412,7.49292551830049,7.74793779722275,6.96863942119672,7.0928937007874,7.54026319543509,7.48257501559576,61
"65",2017,7,7.1437962962963,108,7.73892307692308,6.24418604651163,6.73529411764706,7.13888888888889,7.14477777777778,65,43,17,18,90,7922,5322,2600,1033,1420,6502,7.48816586720525,7.74782769635475,6.95665807692308,7.0870087124879,7.53517535211268,7.47789926176561,62
"66",2017,8,7.35127118644068,118,7.551875,6.92894736842105,6.6,7.66666666666667,7.30533980582524,80,38,15,15,103,8040,5402,2638,1048,1435,6605,7.48615671641791,7.74492576823398,6.95625890826384,7.08003816793893,7.53654982578397,7.47520832702498,63
"67",2017,9,7.29375,112,7.38194444444444,7.135,6.81818181818182,7.46428571428571,7.26938775510204,72,40,11,14,98,8152,5474,2678,1059,1449,6703,7.48351324828263,7.74015144318597,6.958928678118,7.07731822474032,7.53585162180814,7.47219916455319,64
"68",2017,10,7.04471074380165,121,7.35955882352941,6.64075471698113,6.74571428571429,7.00727272727273,7.0530303030303,68,53,21,22,99,8273,5542,2731,1080,1471,6802,7.47709537048229,7.73548159509202,6.95275393628707,7.07087037037037,7.52794629503739,7.46609835342546,65
"69",2017,11,7.32795275590551,127,7.81941176470588,6.33333333333333,6.44375,7.732,7.22892156862745,85,42,16,25,102,8400,5627,2773,1096,1496,6904,7.47484047619048,7.73674942242758,6.9433721601154,7.06171532846715,7.53135628342246,7.46259429316338,66
"70",2017,12,7.31408163265306,98,7.60622950819672,6.83243243243243,6.97619047619048,7.11333333333333,7.35036144578313,61,37,21,15,83,8498,5688,2810,1117,1511,6987,7.47298658507884,7.7353496835443,6.94191138790036,7.06010743061773,7.52720648577101,7.46126105624732,67
"71",2018,1,7.13087248322148,149,7.39731182795699,6.68839285714286,6.72,7.21607142857143,7.11115702479339,93,56,20,28,121,8647,5781,2866,1137,1539,7108,7.46709147681277,7.72991160698841,6.93695778087927,7.05412489006156,7.52154580896686,7.45530120990433,68
"72",2018,2,7.20368421052632,95,7.64745762711864,6.47638888888889,6.52083333333333,7.3575,7.16266666666667,59,36,12,20,75,8742,5840,2902,1149,1559,7183,7.46422900938001,7.72907859589041,6.93124431426602,7.04855526544821,7.51944130853111,7.45224571905889,69
"73",2018,3,7.39247191011236,89,7.71566037735849,6.91666666666667,7.19642857142857,7.93076923076923,7.30039473684211,53,36,14,13,76,8831,5893,2938,1163,1572,7259,7.46350583172914,7.72895791617173,6.93106569094622,7.05033533963886,7.52284287531807,7.45065587546494,70
"74",2018,4,7.22804878048781,82,7.54905660377359,6.64137931034483,6.3125,6.61111111111111,7.3041095890411,53,29,8,9,73,8913,5946,2967,1171,1581,7332,7.46133961629081,7.72735435586949,6.92823424334344,7.04529461998292,7.51765275142315,7.44919680851064,71
"75",2018,5,7.14369364864865,74,7.46212113636364,6.67666666666667,6.50714285714286,6.83333333333333,7.18666661538462,44,30,14,9,65,8987,5990,2997,1185,1590,7397,7.4587240825637,7.72540606510851,6.92571604938272,7.03893670886076,7.51377924528302,7.44688986481006,72
"76",2018,6,7.21514705882353,68,7.6335,6.6175,6.75363636363636,7.39,7.18140350877193,40,28,11,11,57,9055,6030,3025,1196,1601,7454,7.45689490115958,7.72479640630182,6.92286314049587,7.0363127090301,7.51292879450344,7.44485971693051,73
"77",2018,7,7.16154929577465,71,7.77121951219512,6.32833333333333,6.80555555555556,7.89,7.04213114754098,41,30,9,10,61,9126,6071,3055,1205,1611,7515,7.45459712141135,7.72510992093559,6.91702487725041,7.03458921161826,7.51526939788951,7.44159072920825,74
"78",2018,8,7.11740909090909,110,7.358046875,6.78260869565217,6.65789473684211,7.32142857142857,7.08765625,64,46,19,14,96,9236,6135,3101,1224,1625,7611,7.45058123971416,7.72128073838631,6.91503095775556,7.02874183006536,7.51359938461539,7.43712643936408,75
"79",2018,9,7.27894117647059,85,7.56755102040816,6.88611111111111,6.3625,6.92857142857143,7.34802816901408,49,36,16,14,71,9321,6184,3137,1240,1639,7682,7.44901602081322,7.72006263421733,6.91469907554989,7.02014516129032,7.50860219646126,7.43630295886488,76
"80",2018,10,7.17808988764045,89,7.61914893617021,6.68452380952381,6.65384615384615,7.47857142857143,7.08529411764706,47,42,13,21,68,9410,6231,3179,1253,1660,7750,7.44645359511159,7.71930144920558,6.91165806857502,7.01634477254589,7.50822228915663,7.43322313935484,77
"81",2018,11,7.15947368421053,95,7.52454545454545,6.6575,6.55714285714286,7.59375,7.07151898734177,55,40,14,16,79,9505,6286,3219,1267,1676,7829,7.44358530562862,7.71759741170855,6.90849984467226,7.01127071823204,7.50903878281623,7.42957329544003,78
"82",2018,12,7.10628356321839,87,7.49235780487805,6.76217391304348,6.48,7.253125,7.07319253521127,41,46,15,16,71,9592,6327,3265,1282,1692,7900,7.44052595913261,7.71613782203256,6.9064382848392,7.00505460218409,7.50661879432624,7.42637037974683,79
"83",2019,1,7.14485714285714,140,7.37444444444444,6.7316,6.54545454545455,6.84130434782609,7.20452991452991,90,50,11,23,117,9732,6417,3315,1293,1715,8017,7.43627260583642,7.71134548854605,6.9038012066365,7.00114462490333,7.49769620991254,7.42313284270924,80
"84",2019,2,7.29554054054054,74,7.44224489795918,7.008,6.625,7.3,7.29484375,49,25,8,10,64,9806,6466,3340,1301,1725,8081,7.4352105853559,7.70930621713578,6.90458113772455,6.99883166794773,7.49655014492754,7.42211681722559,81
"85",2019,3,7.20261816091954,87,7.60066142857143,6.83111111111111,7.07142857142857,7.29545454545455,7.18918131578947,42,45,14,11,76,9893,6508,3385,1315,1736,8157,7.43316514505206,7.70860506760909,6.90360443131462,6.99960456273764,7.49527592165899,7.41994652200564,82
"86",2019,4,7.30169393442623,61,7.48064805555556,7.044,7.5,7.76363636363636,7.2000666,36,25,9,11,50,9954,6544,3410,1324,1747,8207,7.43235946453687,7.70735102536675,6.90463372434018,7.00300604229607,7.49696565540927,7.41860693432436,83
"87",2019,5,7.115,81,7.38058139534884,6.81447368421053,7.42857142857143,7.7,6.98204545454545,43,38,7,15,66,10035,6587,3448,1331,1762,8273,7.42979781863478,7.70521787004706,6.9036400812065,7.00524417731029,7.49869409761634,7.41512415206092,84
"88",2019,6,7.20030769230769,65,7.38266666666667,6.79,6.05555555555556,6.63461538461539,7.34173076923077,45,20,9,13,52,10100,6632,3468,1340,1775,8325,7.4283209019802,7.70302926869722,6.90298471741638,6.99886567164179,7.49236563380282,7.41466571891892,85
"89",2019,7,7.13827,79,7.56388880952381,6.65513513513514,6.83090909090909,7.36714285714286,7.08897430769231,42,37,11,14,65,10179,6674,3505,1351,1789,8390,7.42606979467531,7.70215364698831,6.90036833095578,6.99749814951887,7.49138569032979,7.41214248390941,86
"90",2019,8,7.07659340659341,91,7.58703703703704,6.33162162162162,7.24285714285714,6.74642857142857,7.13662337662338,54,37,7,14,77,10270,6728,3542,1358,1803,8467,7.4229731684518,7.70122970273484,6.89442715979673,6.99876288659794,7.48560122018857,7.40963687728829,87
"91",2019,9,7.36588235294118,85,7.72745098039216,6.82352941176471,6.61111111111111,7.52142857142857,7.33521126760563,51,34,9,14,71,10355,6779,3576,1367,1817,8538,7.42250453307581,7.70142697152972,6.89375307606264,6.99621068032187,7.48587727022565,7.40901797142188,88
"92",2019,10,7.37826285714286,63,7.47147707317073,7.20454545454545,7.33333333333333,7.669445,7.33590909090909,41,22,3,8,55,10418,6820,3598,1370,1825,8593,7.42223699366481,7.70004457478005,6.89565341856587,6.99694890510949,7.48668195068493,7.4085500337484,89
"93",2019,11,7.10741176470588,85,7.37191489361702,6.78026315789474,6.61111111111111,6.59615384615385,7.19972222222222,47,38,9,13,72,10503,6867,3636,1379,1838,8665,7.41968913643721,7.69779874763361,6.89444746974698,6.99443074691806,7.4803833297062,7.40681482285055,90
"94",2019,12,7.26247524752475,101,7.48491525423729,6.95,6.76923076923077,7.43571428571429,7.23459770114943,59,42,13,14,87,10604,6926,3678,1392,1852,8752,7.41819172010562,7.69598527288478,6.89508183795541,6.9923275862069,7.4800456587473,7.40510288391225,91
"95",2020,1,6.81036036036036,111,7.16893939393939,6.28444444444444,5.67857142857143,6.6,6.83118811881188,66,45,14,10,101,10715,6992,3723,1406,1862,8853,7.41189500699953,7.69101029748283,6.88770104754231,6.97924608819346,7.47531931256713,7.39855534169208,92
"96",2020,2,7.08690476190476,84,7.56875,6.44444444444444,6.76,7.26,7.06351351351351,48,36,5,10,74,10799,7040,3759,1411,1872,8927,7.4093670710251,7.69017670454545,6.88345597233307,6.97846917080085,7.4741691025641,7.39577802621261,93
"97",2020,3,7.06190480519481,77,7.307,6.79693702702703,6.49,6.91071428571429,7.0955026984127,40,37,10,14,63,10876,7080,3796,1421,1886,8990,7.40690710463406,7.68801186440678,6.88261266332982,6.97503166783955,7.46998651113468,7.39367376084538,94
"98",2020,4,7.02592152941176,85,7.41945571428571,6.49027777777778,6.04090909090909,6.29090909090909,7.13518013513514,49,36,11,11,74,10961,7129,3832,1432,1897,9064,7.40395265030563,7.68616598821714,6.87892684498956,6.9678561452514,7.46314947812335,7.39156337599294,95
"99",2020,5,7.13132530120482,83,7.5,6.71538461538462,7.075,7.17391304347826,7.115,44,39,16,23,60,11044,7173,3871,1448,1920,9124,7.4019037486418,7.68502402481528,6.87727917075691,6.96904005524862,7.45968466666667,7.38974467777291,96
"100",2020,6,7.07375,72,7.55153846153846,6.50909090909091,6.70909090909091,6.87142857142857,7.12258620689655,39,33,11,14,58,11116,7212,3904,1459,1934,9182,7.39977824757107,7.68430218108707,6.87416692366804,6.96708019191227,7.45542634953464,7.38805711609671,97
"101",2020,7,7.21426470588235,68,7.61093023255814,6.532,6.45,6.27857142857143,7.3216393442623,43,25,10,7,61,11184,7255,3929,1469,1941,9243,7.39865030400572,7.68386730944176,6.87198973530161,6.96356024506467,7.45118215352911,7.3876187861084,98
"102",2020,8,7.27100779069767,86,7.41442183673469,7.08108108108108,7.08333333333333,6.6,7.41277,49,37,6,15,71,11270,7304,3966,1475,1956,9314,7.39767627950311,7.68205969331873,6.87394041099345,6.96404745762712,7.44465468302659,7.38781051213227,99
"103",2020,9,7.065625,80,7.38645833333333,6.584375,6.75,7.28571428571429,7.04452054794521,48,32,8,7,73,11350,7352,3998,1483,1963,9387,7.39533582995595,7.68012976060936,6.87162272886443,6.96289278489548,7.44408790626592,7.38514084478534,100
"104",2020,10,7.18243243243243,74,7.42325581395349,6.84838709677419,7.08333333333333,7.74,7.0953125,43,31,12,10,64,11424,7395,4029,1495,1973,9451,7.39395672881653,7.67863610547667,6.87144394887069,6.96385953177257,7.4455877141409,7.38317819384192,101
"105",2020,11,7.15555555555556,90,7.53392857142857,6.53235294117647,6.58333333333333,7.2625,7.14512195121951,56,34,12,8,82,11514,7451,4063,1507,1981,9533,7.39209324908807,7.67754851697758,6.86860636721634,6.96082946250829,7.44484833922262,7.38113050561208,102
"106",2020,12,7.09781609195402,87,7.45796610169492,6.33892857142857,6.5625,7.16266666666667,7.08430555555556,59,28,12,15,72,11601,7510,4091,1519,1996,9605,7.38988636065857,7.67582343541944,6.86498109753117,6.95768268597762,7.44272773547094,7.37890547735554,103
"107",2021,1,7.1597037037037,108,7.42774603174603,6.78444444444444,6.03333333333333,6.58425,7.25978260869565,63,45,15,16,92,11709,7573,4136,1534,2012,9697,7.38776323084807,7.67375967252079,6.86410485251451,6.94864406779661,7.43590087475149,7.37777530267093,104
"108",2021,2,7.0489156626506,83,7.30296296296296,6.57586206896552,6.27777777777778,7,7.05638888888889,54,29,9,11,72,11792,7627,4165,1543,2023,9769,7.38537819453867,7.67113439097941,6.86209787995198,6.94473104342191,7.43353067721206,7.37540660354181,105
"109",2021,3,7.10169491525424,59,7.51515151515152,6.57692307692308,6.5,7.36666666666667,7.07169811320755,33,26,14,6,53,11851,7660,4191,1557,2029,9822,7.38396588220404,7.67046240208877,6.86032872106896,6.94073217726397,7.4333329521932,7.3737677774384,106
"110",2021,4,6.87553846153846,65,7.13409090909091,6.33380952380952,6.66666666666667,6.5,6.92086206896552,44,21,9,7,58,11916,7704,4212,1566,2036,9880,7.38119248657268,7.66739901349948,6.85770362535613,6.93915708812261,7.43012404715128,7.37110901923077,107
"111",2021,5,7.34769230769231,65,7.71363636363636,6.58095238095238,7.36666666666667,7.27777777777778,7.35892857142857,44,21,6,9,56,11981,7748,4233,1572,2045,9936,7.38101073950422,7.66766159008776,6.85633065674463,6.94078880407125,7.42945357457213,7.37104036936393,108
"112",2021,6,6.88363636363636,55,7.69642857142857,6.04074074074074,6.57142857142857,6.27777777777778,7.00217391304348,28,27,7,9,46,12036,7776,4260,1579,2054,9982,7.3787379253905,7.66776517489712,6.85116142488263,6.93915136162128,7.42440728334956,7.3693405239431,109
"113",2021,7,6.94193548387097,62,7.45675675675676,6.18,6.0625,6.86666666666667,6.95,37,25,8,6,56,12098,7813,4285,1587,2060,10038,7.37649939411473,7.66676590298221,6.84724566394399,6.93473219911783,7.42278279611651,7.36700110679418,110
"114",2021,8,6.95492063492063,63,7.60882352941176,6.18827586206897,6,6.625,7.03254901960784,34,29,10,12,51,12161,7847,4314,1597,2072,10089,7.37431540745005,7.66651484643813,6.8428158715809,6.92887914840326,7.41816243243243,7.36531044801269,111
"115",2021,9,7.43428571428571,70,7.35918367346939,7.60952380952381,7.625,6.81538461538462,7.57543859649123,49,21,8,13,57,12231,7896,4335,1605,2085,10146,7.37465862725861,7.66460764944275,6.84653002768166,6.93234890965732,7.41440410551559,7.36649094322886,112
"116",2021,10,6.97516129032258,62,7.42871794871795,6.20608695652174,5.77142857142857,6.71666666666667,7.00285714285714,39,23,7,6,56,12293,7935,4358,1612,2091,10202,7.37264375416904,7.66344826717076,6.84314999311611,6.92730769230769,7.41240198947872,7.3644949137424,113
"117",2021,11,6.98666666666667,75,7.06590909090909,6.8741935483871,6.75,7.13333333333333,6.96666666666667,44,31,8,9,66,12368,7979,4389,1620,2100,10268,7.37030317512937,7.66015315202406,6.843369257234,6.92643209876543,7.41120598095238,7.36193777853526,114
"118",2021,12,7.11701388888889,72,7.82722222222222,6.40680555555556,6.32307692307692,6.93333333333333,7.15375,36,36,13,12,60,12440,8015,4425,1633,2112,10328,7.36883719212219,7.66090355583281,6.83981755254237,6.92162890385793,7.40849079545455,7.36072832203718,115
"119",2022,1,7.08002040816327,147,7.40956470588235,6.62822580645161,6.05263157894737,7.2,7.06536641221374,85,62,19,16,131,12587,8100,4487,1652,2128,10459,7.36546418288711,7.65826604938271,6.83689384221083,6.91163438256659,7.40692319548872,7.35702888517067,116
"120",2022,2,7.3044776119403,67,7.58205128205128,6.91785714285714,7.07142857142857,8,7.23606557377049,39,28,7,6,61,12654,8139,4515,1659,2134,10520,7.36514127311522,7.65790084776999,6.83739594019934,6.91230861965039,7.40859070290534,7.35632748193916,117
"121",2022,3,7.27552307692308,65,7.67640476190476,6.54347826086957,6.16666666666667,7.23875,7.28068421052632,42,23,6,8,57,12719,8181,4538,1665,2142,10577,7.36468328249077,7.65799584402884,6.83590627368885,6.90962162162162,7.40795637721756,7.35591983643755,118
"122",2022,4,7.10873015873016,63,7.27763157894737,6.852,6.96,6.55,7.21415094339623,38,25,5,10,53,12782,8219,4563,1670,2152,10630,7.36342173916445,7.65623725514053,6.83599444882753,6.90977245508982,7.40396959107807,7.35521299247413,119
"123",2022,5,6.88485897435897,78,7.19189361702128,6.41935483870968,6.22727272727273,6.25,6.93776388888889,47,31,11,6,72,12860,8266,4594,1681,2158,10702,7.36051910342147,7.65359702395354,6.83318299303439,6.90530636525877,7.40076114921223,7.35240451410951,120
"124",2022,6,7.16845232142857,56,7.3921875,6.87013875,6.70925888888889,7.1875,7.16527770833333,32,24,9,8,48,12916,8298,4618,1690,2166,10750,7.35968635800558,7.65258893709327,6.83337505413599,6.90426232544379,7.3999734810711,7.35156897116279,121
"125",2022,7,6.97814285714286,70,7.25594594594595,6.66666666666667,6.9,7.27777777777778,6.93393442622951,37,33,5,9,61,12986,8335,4651,1695,2175,10811,7.3576296781149,7.65082819436113,6.83219221672759,6.90424975221239,7.39946784367816,7.34921250948109,122
"126",2022,8,7.34923076923077,91,7.49407407407407,7.13783783783784,6.92857142857143,8.038,7.2641975308642,54,37,7,10,81,13077,8389,4688,1702,2185,10892,7.35757123193393,7.64981916795804,6.8346045221843,6.9043497826087,7.40239018764302,7.34858028277635,123
