"","year","month","avg_rating","no_ratings","avg_rating_owned","avg_rating_not_owned","avg_rating_prev_owned","avg_rating_comment","avg_rating_no_comment","no_ratings_owned","no_ratings_not_owned","no_ratings_prev_owned","no_ratings_comment","no_ratings_no_comment","cum_no_ratings","cum_no_ratings_owned","cum_no_ratings_not_owned","cum_no_ratings_prev_owned","cum_no_ratings_comment","cum_no_ratings_no_comment","cum_avg_rating","cum_avg_rating_owned","cum_avg_rating_not_owned","cum_avg_rating_prev_owned","cum_avg_rating_comment","cum_avg_rating_no_comment","month_after_release"
"1",2012,7,5.5,1,NA,5.5,NA,5.5,NA,0,1,0,1,0,1,0,1,0,1,0,5.5,NA,5.5,NA,5.5,NA,-3
"2",2012,8,6,1,NA,6,NA,6,NA,0,1,0,1,0,2,0,2,0,2,0,5.75,NA,5.75,NA,5.75,NA,-2
"3",2012,9,6.83333333333333,9,8.66666666666667,5.91666666666667,NA,6,7.25,3,6,0,3,6,11,3,8,0,5,6,6.63636363636364,8.66666666666667,5.875,NA,5.9,7.25,-1
"4",2012,10,6.398,50,7.66111111111111,5.6875,6.375,5.26923076923077,6.79459459459459,18,32,4,13,37,61,21,40,4,18,43,6.44098360655738,7.80476190476191,5.725,6.375,5.44444444444444,6.85813953488372,0
"5",2012,11,7.13076923076923,78,7.96571428571429,6.45116279069767,7.08,6.46153846153846,7.26461538461538,35,43,10,13,65,139,56,83,14,31,108,6.82805755395683,7.90535714285714,6.10120481927711,6.87857142857143,5.87096774193548,7.10277777777778,1
"6",2012,12,7.02338709677419,62,7.77142857142857,6.64024390243902,7.48666666666667,6.76666666666667,7.085,21,41,15,12,50,201,77,124,29,43,158,6.88830845771144,7.86883116883117,6.27943548387097,7.19310344827586,6.12093023255814,7.09715189873418,2
"7",2013,1,7.23684210526316,57,7.90666666666667,6.49259259259259,6.42857142857143,7.54545454545455,7.16304347826087,30,27,7,11,46,258,107,151,36,54,204,6.96531007751938,7.87943925233645,6.31754966887417,7.04444444444444,6.41111111111111,7.11200980392157,3
"8",2013,2,6.93877551020408,49,7.7,6.208,6.68571428571429,6.88947368421053,6.97,24,25,7,19,30,307,131,176,43,73,234,6.96107491856678,7.84656488549618,6.30198863636364,6.98604651162791,6.53561643835616,7.09380341880342,4
"9",2013,3,6.81490196078431,51,8.05882352941176,6.19294117647059,7.05,7.252,6.76739130434783,17,34,6,5,46,358,148,210,49,78,280,6.94025139664805,7.87094594594595,6.28433333333333,6.99387755102041,6.58153846153846,7.04017857142857,5
"10",2013,4,7.2593023255814,43,8.00294117647059,6.77307692307692,6.6,6.92083333333333,7.39032258064516,17,26,10,12,31,401,165,236,59,90,311,6.974463840399,7.88454545454545,6.33817796610169,6.9271186440678,6.62677777777778,7.07508038585209,6
"11",2013,5,6.98382352941176,34,7.44285714285714,6.6625,6.85714285714286,7.1,6.9537037037037,14,20,7,7,27,435,179,256,66,97,338,6.97519540229885,7.85,6.363515625,6.91969696969697,6.66092783505155,7.06538461538462,7
"12",2013,6,6.88513513513514,37,7.71666666666667,6.31818181818182,6.27777777777778,6.47916666666667,7.08,15,22,9,12,25,472,194,278,75,109,363,6.96813559322034,7.83969072164949,6.35992805755396,6.84266666666667,6.64091743119266,7.066391184573,8
"13",2013,7,6.8047619047619,42,7.35,6.30909090909091,6.25714285714286,6.625,6.82368421052632,20,22,7,4,38,514,214,300,82,113,401,6.9547859922179,7.79392523364486,6.3562,6.79268292682927,6.64035398230089,7.04339152119701,9
"14",2013,8,6.55147058823529,34,7.55,5.76315789473684,7.1,6.5,6.56034482758621,15,19,5,5,29,548,229,319,87,118,430,6.92976277372263,7.77794759825328,6.32087774294671,6.81034482758621,6.63440677966102,7.01081395348837,10
"15",2013,9,6.89268292682927,41,7.88888888888889,6.11304347826087,6.27777777777778,7.5,6.74545454545455,18,23,9,8,33,589,247,342,96,126,463,6.92718166383701,7.78603238866397,6.30690058479532,6.76041666666667,6.68936507936508,6.99190064794816,11
"16",2013,10,6.79090909090909,33,7.56875,6.05882352941176,6.35714285714286,6.5,6.91739130434783,16,17,7,10,23,622,263,359,103,136,486,6.91995176848875,7.77281368821293,6.29515320334262,6.73300970873786,6.67544117647059,6.98837448559671,12
"17",2013,11,6.73,50,7.475,6.23333333333333,6.11111111111111,7.1,6.6375,20,30,9,10,40,672,283,389,112,146,526,6.90581845238095,7.7517667844523,6.29038560411311,6.68303571428571,6.70452054794521,6.96169201520913,13
"18",2013,12,6.8625,40,7.63571428571429,6.44615384615385,7,6.85714285714286,6.86363636363636,14,26,3,7,33,712,297,415,115,153,559,6.90338483146067,7.7462962962963,6.30014457831325,6.69130434782609,6.71150326797386,6.95590339892665,14
"19",2014,1,6.85403225806452,62,7.54166666666667,6.209375,6.4375,6.78888888888889,6.88068181818182,30,32,12,18,44,774,327,447,127,171,603,6.8994315245478,7.72752293577982,6.29364653243848,6.66732283464567,6.71964912280702,6.95041459369818,15
"20",2014,2,6.72083333333333,36,7.41153846153846,6.3304347826087,6,5.22,6.96290322580645,13,23,8,5,31,810,340,470,135,176,634,6.89149382716049,7.71544117647059,6.29544680851064,6.62777777777778,6.67704545454546,6.95102523659306,16
"21",2014,3,6.88125,32,7.24,6.71818181818182,6.83333333333333,6.6875,6.94583333333333,10,22,9,8,24,842,350,492,144,184,658,6.89110451306413,7.70185714285714,6.31434959349594,6.640625,6.6775,6.9508358662614,17
"22",2014,4,6.69791666666667,48,7.42222222222222,6.26333333333333,6.18888888888889,6.21538461538462,6.87714285714286,18,30,9,13,35,890,368,522,153,197,693,6.88068539325843,7.68817934782609,6.31141762452107,6.6140522875817,6.64700507614213,6.947113997114,18
"23",2014,5,6.7047619047619,21,7.14285714285714,6.48571428571429,6.625,5.91666666666667,7.02,7,14,4,6,15,911,375,536,157,203,708,6.87663007683864,7.678,6.31597014925373,6.61433121019108,6.62541871921182,6.9486581920904,19
"24",2014,6,6.68518518518519,27,7.20588235294118,5.8,6.2,6.125,6.92105263157895,17,10,5,8,19,938,392,546,162,211,727,6.87111940298507,7.65752551020408,6.30652014652015,6.60154320987654,6.60644549763033,6.94793672627235,20
"25",2014,7,6.54347826086957,23,7.28571428571429,6.21875,7.16666666666667,6,6.59523809523809,7,16,3,2,21,961,399,562,165,213,748,6.86327783558793,7.65100250626566,6.30402135231317,6.61181818181818,6.60075117370892,6.93803475935829,21
"26",2014,8,6.93636363636364,33,7.29444444444444,6.50666666666667,6.9,6.9,6.94285714285714,18,15,9,5,28,994,417,577,174,218,776,6.86570422535211,7.63561151079137,6.30928942807626,6.62672413793104,6.60761467889908,6.9382087628866,22
"27",2014,9,6.79565217391304,23,7.36363636363636,6.275,6.57142857142857,6.25,6.84761904761905,11,12,7,2,21,1017,428,589,181,220,797,6.86411996066863,7.6286214953271,6.30859083191851,6.62458563535912,6.60436363636364,6.93582183186951,23
"28",2014,10,6.7125,24,6.93571428571429,6.4,7,5.25,6.84545454545455,14,10,1,2,22,1041,442,599,182,222,819,6.86062439961575,7.6066742081448,6.31011686143573,6.62664835164835,6.59216216216216,6.93339438339438,24
"29",2014,11,7.01081081081081,37,7.63333333333333,6.58636363636364,6.66666666666667,6.88888888888889,7.05,15,22,9,9,28,1078,457,621,191,231,847,6.86577922077922,7.60754923413567,6.31990338164251,6.62853403141361,6.60372294372294,6.93724911452184,25
"30",2014,12,6.946875,32,7.425,6.46875,7,7.18333333333333,6.89230769230769,16,16,2,6,26,1110,473,637,193,237,873,6.86811711711712,7.60137420718816,6.3236420722135,6.63238341968912,6.61839662447257,6.93591065292096,26
"31",2015,1,6.98863636363636,44,7.25,6.61111111111111,6.5,6.45454545454545,7.16666666666667,26,18,9,11,33,1154,499,655,202,248,906,6.872712305026,7.58306613226453,6.33154198473282,6.62648514851485,6.61112903225806,6.94431567328918,27
"32",2015,2,6.31875,32,7.43571428571429,5.45,5.42857142857143,5.5,6.47037037037037,14,18,7,5,27,1186,513,673,209,253,933,6.85776559865093,7.57904483430799,6.30796433878158,6.58636363636364,6.58916996047431,6.93060021436227,28
"33",2015,3,6.78928571428571,28,7.23333333333333,6.27692307692308,6.44,6.16666666666667,6.95909090909091,15,13,5,6,22,1214,528,686,214,259,955,6.85618616144975,7.56922348484848,6.30737609329446,6.58294392523365,6.57938223938224,6.93125654450262,29
"34",2015,4,6.5,16,7.75,6.08333333333333,7,5.6,6.90909090909091,4,12,4,5,11,1230,532,698,218,264,966,6.85155284552846,7.57058270676692,6.30352435530086,6.59059633027523,6.56083333333333,6.93100414078675,30
"35",2015,5,6.71,20,7.22222222222222,6.29090909090909,6.93333333333333,NA,6.71,9,11,3,0,20,1250,541,709,221,264,986,6.849288,7.56478743068392,6.30332863187588,6.59524886877828,6.56083333333333,6.92652129817444,31
"36",2015,6,6.46521739130435,23,7.27,5.84615384615385,5.83333333333333,5.8,6.65,10,13,6,5,18,1273,551,722,227,269,1004,6.84234878240377,7.55943738656987,6.29509695290859,6.57511013215859,6.54669144981413,6.92156374501992,32
"37",2015,7,6.72272727272727,11,6.61666666666667,6.85,7.25,4.5,6.945,6,5,2,1,10,1284,557,727,229,270,1014,6.84132398753894,7.54928186714542,6.29891334250344,6.58100436681223,6.53911111111111,6.92179487179487,33
"38",2015,8,6.43928571428571,28,7.15,5.90625,6.16666666666667,5.33333333333333,6.74090909090909,12,16,9,6,22,1312,569,743,238,276,1036,6.83274390243903,7.5408611599297,6.29045760430686,6.56533613445378,6.51289855072464,6.91795366795367,34
"39",2015,9,6.5737037037037,27,7.53846153846154,5.67785714285714,3.66666666666667,5.6225,6.73913043478261,13,14,3,4,23,1339,582,757,241,280,1059,6.82752053771471,7.54080756013746,6.27912813738441,6.5292531120332,6.50017857142857,6.91406987724268,35
"40",2015,10,5.94884615384615,26,6.35714285714286,5.79842105263158,5.33333333333333,5.56,6.04142857142857,7,19,3,5,21,1365,589,776,244,285,1080,6.81078388278388,7.526740237691,6.26735824742268,6.51454918032787,6.48368421052632,6.89710185185185,36
"41",2015,11,6.38157894736842,38,6.81052631578947,5.95263157894737,5.33333333333333,6,6.39189189189189,19,19,3,1,37,1403,608,795,247,286,1117,6.79915894511761,7.50435855263158,6.25983647798742,6.5002024291498,6.48199300699301,6.88036705461056,37
"42",2015,12,6.97777777777778,27,7.22307692307692,6.75,6.6,6.2,7.15454545454545,13,14,5,5,22,1430,621,809,252,291,1139,6.80253146853147,7.49847020933977,6.26831891223733,6.50218253968254,6.47714776632302,6.88566286215979,38
"43",2016,1,6.84677419354839,31,7.5,6.43421052631579,6.41666666666667,7.56666666666667,6.76964285714286,12,19,6,3,28,1461,633,828,258,294,1167,6.80347022587269,7.49849921011058,6.27212560386474,6.50019379844961,6.48826530612245,6.88287917737789,39
"44",2016,2,6.30322580645161,31,7.06666666666667,5.82105263157895,6.14285714285714,5.125,6.47777777777778,12,19,7,4,27,1492,645,847,265,298,1194,6.7930764075067,7.49046511627907,6.26200708382527,6.49075471698113,6.46996644295302,6.87371859296482,40
"45",2016,3,6.84118,30,7.63333333333333,6.50168571428571,5.97256666666667,7.46708,6.716,9,21,6,5,25,1522,654,868,271,303,1219,6.79402457293035,7.49243119266055,6.26780576036866,6.47928191881919,6.4864204620462,6.87048400328138,41
"46",2016,4,6.20833333333333,30,7.07692307692308,5.54411764705882,5,6.5,6.17592592592593,13,17,2,3,27,1552,667,885,273,306,1246,6.78270322164948,7.48433283358321,6.25390440677966,6.46844468864469,6.48655359477124,6.85543338683788,42
"47",2016,5,7.064,25,7.43571428571429,6.59090909090909,6.2,NA,7.064,14,11,5,0,25,1577,681,896,278,306,1271,6.78716258719087,7.48333333333333,6.25804174107143,6.46361654676259,6.48655359477124,6.85953579858379,43
"48",2016,6,6.55176470588235,17,7.21636363636364,5.33333333333333,5,7.5,6.34857142857143,11,6,2,3,14,1594,692,902,280,309,1285,6.78465207026349,7.47908959537572,6.25189068736142,6.45316214285714,6.4963928802589,6.85396887159533,44
"49",2016,7,6.59677419354839,31,7.20588235294118,5.85714285714286,5.5,6,6.74,17,14,4,6,25,1625,709,916,284,315,1310,6.78106793846154,7.47253878702398,6.24585742358079,6.43973732394366,6.48693777777778,6.85179389312977,45
"50",2016,8,6.32820512820513,39,6.42857142857143,6.272,6.15,4.9375,6.68709677419355,14,25,10,8,31,1664,723,941,294,323,1341,6.77045396634615,7.45232365145228,6.24655196599362,6.42988231292517,6.44856160990712,6.84798657718121,46
"51",2016,9,6.33142857142857,35,7.15263157894737,5.35625,6,6.61666666666667,6.27241379310345,19,16,7,6,29,1699,742,957,301,329,1370,6.76140988816951,7.44464959568733,6.2316670846395,6.41988504983389,6.4516273556231,6.83580291970803,47
"52",2016,10,6.73823529411765,34,7,6.25833333333333,6.33333333333333,6.85714285714286,6.70740740740741,22,12,3,7,27,1733,764,969,304,336,1397,6.76095522215811,7.43184554973822,6.23199731682147,6.41903092105263,6.4600755952381,6.83332140300644,48
"53",2016,11,6.33783783783784,37,7,6.02,6.375,6.71428571428571,6.25,12,25,12,7,30,1770,776,994,316,343,1427,6.75211039548023,7.42516752577319,6.22666539235413,6.41735886075949,6.46526355685131,6.82105816398038,49
"54",2016,12,6.58823529411765,34,6.8,6.32,6.7,6.6,6.58709677419355,19,15,9,3,31,1804,795,1009,325,346,1458,6.74902184035477,7.41022641509434,6.22805292368682,6.42518584615385,6.46643179190751,6.81608367626886,50
"55",2017,1,6.22340425531915,47,6.70833333333333,5.71739130434783,5.5,6.83333333333333,6.13414634146341,24,23,10,6,41,1851,819,1032,335,352,1499,6.7356755267423,7.38965811965812,6.21667189922481,6.39756835820896,6.47268579545455,6.79743162108072,51
"56",2017,2,6.36,25,6.875,5.88461538461539,6.2,5.66666666666667,6.57894736842105,12,13,5,6,19,1876,831,1045,340,358,1518,6.73066918976546,7.38222623345367,6.21254105263158,6.39466294117647,6.45917709497207,6.79469696969697,52
"57",2017,3,7.07083333333333,24,7.27777777777778,6.94666666666667,6.55555555555556,6.33333333333333,7.17619047619048,9,15,9,3,21,1900,840,1060,349,361,1539,6.734966,7.38110714285714,6.22292962264151,6.39881203438395,6.45813130193906,6.79990253411306,53
"58",2017,4,6.1428,25,6.83333333333333,5.50538461538462,5.75,6.33333333333333,6.11681818181818,12,13,2,3,22,1925,852,1073,351,364,1561,6.72727553246753,7.37339201877934,6.21423616029823,6.3951150997151,6.45710274725275,6.79027546444587,54
"59",2017,5,6.86,25,7.3,6.2,5.66666666666667,5.25,7,15,10,3,2,23,1950,867,1083,354,366,1584,6.72897712820513,7.37212226066897,6.21410470914128,6.3889418079096,6.45050655737705,6.79332070707071,55
"60",2017,6,6.40740740740741,27,6.77777777777778,6.22222222222222,7,6.14285714285714,6.5,9,18,4,7,20,1977,876,1101,358,373,1604,6.72458543247344,7.36601598173516,6.21423742052679,6.39576927374302,6.44473297587131,6.78966334164588,56
"61",2017,7,6.50857142857143,28,6.98571428571429,6.03142857142857,6.28571428571429,6.91666666666667,6.39727272727273,14,14,7,6,22,2005,890,1115,365,379,1626,6.72156877805486,7.36003370786517,6.21194206278027,6.39365863013699,6.45220422163588,6.78435424354243,57
"62",2017,8,6.66538461538462,26,6.8625,6.35,5.75,7.1,6.60869565217391,16,10,4,3,23,2031,906,1125,369,382,1649,6.72084953225012,7.3512472406181,6.21316924444444,6.38668130081301,6.45729162303665,6.78190418435415,58
"63",2017,9,6.59333333333333,15,7.15833333333333,4.33333333333333,1,4.66666666666667,7.075,12,3,1,3,12,2046,918,1128,370,385,1661,6.7199146627566,7.34872549019608,6.20816968085106,6.3721227027027,6.4433387012987,6.78402167369055,59
"64",2017,10,6.82258064516129,31,7.09375,6.53333333333333,6.8125,6.5625,6.91304347826087,16,15,8,8,23,2077,934,1143,378,393,1684,6.72144699085219,7.34435760171306,6.21243692038495,6.38144285714286,6.44576437659033,6.785783847981,60
"65",2017,11,6.35333333333333,30,7.08333333333333,5.86666666666667,6.55555555555556,6.71428571428571,6.24347826086957,12,18,9,7,23,2107,946,1161,387,400,1707,6.71620569530138,7.34104651162791,6.20707614125754,6.38549198966408,6.4504635,6.77847685998828,61
"66",2017,12,5.80555555555556,18,6.75,5.05,5.66666666666667,5.7,5.84615384615385,8,10,6,5,13,2125,954,1171,393,405,1720,6.70849195294118,7.33609014675052,6.1971950469684,6.37451755725191,6.44119851851852,6.77143023255814,62
"67",2018,1,6.93965517241379,29,7.1625,6.44444444444444,5.66666666666667,6.8125,6.96,20,9,3,4,25,2154,974,1180,396,409,1745,6.71160417827298,7.33252566735113,6.19908084745763,6.36915505050505,6.44482982885086,6.77413180515759,63
"68",2018,2,6.83861904761905,21,6.9611,6.72727272727273,6.625,6.8,6.84268421052632,10,11,4,2,19,2175,984,1191,400,411,1764,6.71283052873563,7.32875101626016,6.20395919395466,6.3717135,6.44655815085158,6.7748701814059,64
"69",2018,3,7.21052631578947,19,7.38888888888889,7.05,7.08333333333333,6,7.35294117647059,9,10,6,2,17,2194,993,1201,406,413,1781,6.71714056517776,7.32929607250755,6.21100366361366,6.38223004926108,6.44439564164649,6.78038798427849,65
"70",2018,4,6.67777777777778,18,7.01666666666667,6,6.5,8,6.6,12,6,2,1,17,2212,1005,1207,408,414,1798,6.71682025316456,7.3255631840796,6.20995476387738,6.38280735294118,6.44815314009662,6.77868242491657,66
"71",2018,5,7.00666666666667,15,7.46,6.1,6.75,8,6.85384615384615,10,5,2,2,13,2227,1015,1212,410,416,1811,6.71877251908397,7.32688768472906,6.20950115511551,6.38459853658537,6.45561394230769,6.77922197680839,67
"72",2018,6,7.09411764705882,17,7.50909090909091,6.33333333333333,6.6,6.33333333333333,7.25714285714286,11,6,5,3,14,2244,1026,1218,415,419,1825,6.72161604278075,7.32884113060429,6.21011116584565,6.38719373493976,6.454738424821,6.78288821917808,68
"73",2018,7,6.73333333333333,15,7.08333333333333,6.5,6.75,7.125,6.59090909090909,6,9,4,4,11,2259,1032,1227,419,423,1836,6.72169384683488,7.32741375968992,6.21223748981255,6.39065727923628,6.46107659574468,6.78173801742919,69
"74",2018,8,6.21428571428571,14,6.3,6.16666666666667,5.875,6,6.25,5,9,4,2,12,2273,1037,1236,423,425,1848,6.71856858776947,7.3224599807136,6.21190566343042,6.38578108747045,6.45890682352941,6.77828517316017,70
"75",2018,9,7.10625,16,7.2,6.95,7,9,6.83571428571429,10,6,2,2,14,2289,1047,1242,425,427,1862,6.72127846221057,7.32129035339064,6.21547133655395,6.38867152941177,6.47080889929742,6.77871697099893,71
"76",2018,10,6.11363636363636,22,6.40909090909091,5.81818181818182,5.75,5.5,6.175,11,11,6,2,20,2311,1058,1253,431,429,1882,6.71549389874513,7.31180623818525,6.2119835594573,6.37978051044084,6.46628298368298,6.77230127523911,72
"77",2018,11,6.775,20,7.45454545454545,5.94444444444444,5.625,10,6.60526315789474,11,9,4,1,19,2331,1069,1262,435,430,1901,6.71600446160446,7.31327502338634,6.21007559429477,6.37284,6.47450093023256,6.77063177275118,73
"78",2018,12,6.75909090909091,22,7.3,5.8125,6.3,6.33333333333333,6.82631578947368,14,8,5,3,19,2353,1083,1270,440,433,1920,6.71640730981725,7.31310341643583,6.20757118110236,6.37201227272727,6.47352286374134,6.7711828125,74
"79",2019,1,6.2564,25,7.87285714285714,5.62777777777778,5.44444444444444,5,6.36565217391304,7,18,9,2,23,2378,1090,1288,449,435,1943,6.71157123633305,7.31669816513761,6.19946847826087,6.35341959910913,6.46674804597701,6.76638239835306,75
"80",2019,2,6.30578421052632,19,6.875,5.32998571428571,5,7.5,6.16528823529412,12,7,1,2,17,2397,1102,1295,450,437,1960,6.70835473508552,7.31188838475499,6.19476857142857,6.350412,6.47147688787185,6.76116882653061,76
"81",2019,3,6.525,20,7.38888888888889,5.81818181818182,4,4,6.97058823529412,9,11,1,3,17,2417,1111,1306,451,440,1977,6.7068375258585,7.31251215121512,6.19159670750383,6.34520044345898,6.45462590909091,6.76296960040465,77
"82",2019,4,6.78666666666667,15,7.125,6.4,6.45,NA,6.78666666666667,8,7,4,0,15,2432,1119,1313,455,440,1992,6.70732989309211,7.31117158176944,6.19270776846916,6.34612175824176,6.45462590909091,6.76314804216868,78
"83",2019,5,7.21666666666667,6,7.86,4,4,7.8,7.1,5,1,1,1,5,2438,1124,1314,456,441,1997,6.70858338802297,7.31361298932384,6.19103904109589,6.34097675438597,6.45767664399093,6.76399143715573,79
"84",2019,6,6.84266666666667,15,7.16666666666667,6.35666666666667,7,6.75,6.85692307692308,9,6,1,2,13,2453,1133,1320,457,443,2010,6.70940330207909,7.31244571932921,6.19179189393939,6.34241881838074,6.45899638826185,6.76459248756219,80
"85",2019,7,6.7835,20,6.68181818181818,6.90777777777778,6,6.0425,6.96875,11,9,1,4,16,2473,1144,1329,458,447,2026,6.71000254751314,7.30638199300699,6.19664055680963,6.3416711790393,6.45526935123043,6.76620478775913,81
"86",2019,8,6.55212136363636,22,7.12,6.07888916666667,6.589334,6.84,6.46745117647059,10,12,5,5,17,2495,1154,1341,463,452,2043,6.70861040881763,7.30476689774697,6.19558685309471,6.34434572354212,6.45952522123894,6.76371883015174,82
"87",2019,9,6.1,15,7.41666666666667,5.22222222222222,5.83333333333333,7,6.03571428571429,6,9,6,1,14,2510,1160,1350,469,453,2057,6.70497329482072,7.30534568965517,6.18909775555556,6.33780825159915,6.46071832229581,6.75876401069519,83
"88",2019,10,6.45454545454545,22,7.6875,5.75,5.5,5.66666666666667,6.57894736842105,8,14,2,3,19,2532,1168,1364,471,456,2076,6.70279738151659,7.30796318493151,6.18459088709677,6.33425067940552,6.45549429824561,6.75711828998073,84
"89",2019,11,6.7,10,7.16666666666667,6,6,6,6.77777777777778,6,4,1,1,9,2542,1174,1368,472,457,2085,6.70278637686861,7.30724105621806,6.18405114766082,6.33354252118644,6.45449759299781,6.7572074676259,85
"90",2019,12,6.20866666666667,15,7.47571428571429,5.1,5.5,NA,6.20866666666667,7,8,4,0,15,2557,1181,1376,476,457,2100,6.69988774736019,7.30823962743438,6.1777485247093,6.32653796218487,6.45449759299781,6.75328931904762,86
"91",2020,1,6.7295652173913,23,6.728,6.73076923076923,6.5,7,6.70380952380952,10,13,6,2,21,2580,1191,1389,482,459,2121,6.70015231395349,7.3033677581864,6.18292438444924,6.3286972406639,6.45687450980392,6.75279942008487,87
"92",2020,2,6.86666666666667,15,7.91666666666667,6.16666666666667,6.25,7.5,6.76923076923077,6,9,4,2,13,2595,1197,1398,486,461,2134,6.70111482466281,7.30644193817878,6.18281972103004,6.32804952674897,6.4614,6.75289951733833,88
"93",2020,3,6.35,10,6.5,6.3125,7.83333333333333,NA,6.35,2,8,3,0,10,2605,1199,1406,489,461,2144,6.69976697504798,7.30509674728941,6.18355758890469,6.33728439672802,6.4614,6.75102032182836,89
"94",2020,4,6.86363636363636,11,7.1875,6,6,NA,6.86363636363636,8,3,1,0,11,2616,1207,1409,490,461,2155,6.70045602828746,7.30431731565866,6.18316676366217,6.33659606122449,6.4614,6.75159516009281,90
"95",2020,5,7.60909090909091,11,8.17142857142857,6.625,5,8,7.57,7,4,1,1,10,2627,1214,1413,491,462,2165,6.70426074229159,7.30931713344316,6.18441753007785,6.33387386965377,6.4647303030303,6.75537532101617,91
"96",2020,6,6.95,10,7.75,6.41666666666667,6.83333333333333,6.5,7.0625,4,6,3,2,8,2637,1218,1419,494,464,2173,6.70519263177854,7.31076436781609,6.18539955602537,6.3369070242915,6.46488232758621,6.75650601472619,92
"97",2020,7,6.13636363636364,11,7.1,5.33333333333333,5.75,6.25,6.11111111111111,5,6,4,2,9,2648,1223,1425,498,466,2182,6.70282967145015,7.30990269828291,6.18181190877193,6.33219291164659,6.46396008583691,6.75384398258478,93
"98",2020,8,6.21333333333333,15,6.58333333333333,5.96666666666667,6,4.83333333333333,6.55833333333333,6,9,3,3,12,2663,1229,1434,501,469,2194,6.70007246338716,7.3063555736371,6.18046162482566,6.33020373253493,6.45352963752665,6.75277464448496,94
"99",2020,9,5.98,7,7.465,4,NA,1,6.81,4,3,0,1,6,2670,1233,1437,501,470,2200,6.6981846329588,7.3068702351987,6.17590951287404,6.33020373253493,6.44192638297872,6.75293071363636,95
"100",2020,10,6.77272727272727,11,7,6.6875,6.2,7.5,6.61111111111111,3,8,5,2,9,2681,1236,1445,506,472,2209,6.69849047743379,7.30612540453075,6.17874184775086,6.32891713438735,6.44640974576271,6.75235290629244,96
"101",2020,11,6.42,25,6.85294117647059,5.5,6,6.66666666666667,6.38636363636364,17,8,1,3,22,2706,1253,1453,507,475,2231,6.69591757945307,7.29997685554669,6.17500479697178,6.328268382643,6.44780084210526,6.74874386822053,97
"102",2020,12,6.78666666666667,15,6.83,6.7,7,6.25,6.86923076923077,10,5,2,2,13,2721,1263,1458,509,477,2244,6.69641785005513,7.29625574030087,6.1768051920439,6.33090779960707,6.4469714884696,6.74944187611408,98
"103",2021,1,6.64117647058824,17,6.81,6.4,5.5,6.16666666666667,6.74285714285714,10,7,2,3,14,2738,1273,1465,511,480,2258,6.69607486121256,7.29243597800471,6.17787165187713,6.32765571428572,6.44521958333333,6.74940104960142,99
"104",2021,2,6.85,16,7.125,6.575,6.7,7.33333333333333,6.73846153846154,8,8,5,3,13,2754,1281,1473,516,483,2271,6.69696912490922,7.29139032006245,6.18002849287169,6.33126370155039,6.45073581780538,6.74933842800528,100
"105",2021,3,5.77777777777778,9,6.1,5.375,5.75,7,5.625,5,4,2,1,8,2763,1286,1477,518,484,2279,6.69397501628664,7.28675816485226,6.17784832092079,6.32901944015444,6.45187066115703,6.74539164984642,101
"106",2021,4,5.8125,8,5.75,5.83333333333333,NA,NA,5.8125,2,6,0,0,8,2771,1288,1483,518,484,2287,6.69143015878744,7.28437189440994,6.17645446392448,6.32901944015444,6.45187066115703,6.74212836466987,102
"107",2021,5,6.63636363636364,11,7.16666666666667,6.4375,6.5,7.25,6.5,3,8,3,2,9,2782,1291,1491,521,486,2296,6.69121242631201,7.28409837335399,6.17785511066398,6.3300039731286,6.45515514403292,6.74117925522648,103
"108",2021,6,6.375,8,6.4,6.33333333333333,5.5,7,6.16666666666667,5,3,2,2,6,2790,1296,1494,523,488,2302,6.69030572401434,7.2806875,6.17816731593039,6.32682996175908,6.4573881147541,6.73968182884448,104
"109",2021,7,7.30583333333333,12,7.5525,6.8125,6.75,NA,7.30583333333333,8,4,3,0,12,2802,1304,1498,526,488,2314,6.6929418165596,7.28235506134969,6.17986112817089,6.32924347908745,6.4573881147541,6.74261779170268,105
"110",2021,8,5.45833333333333,12,5,5.55,5.25,2.5,5.72727272727273,2,10,2,1,11,2814,1306,1508,528,489,2325,6.68767696162047,7.27885987748852,6.17568433023873,6.32515543560606,6.44929529652352,6.73781400860215,106
"111",2021,9,6.47272727272727,11,6.84,6.16666666666667,5.5,6,6.57777777777778,5,6,2,2,9,2825,1311,1514,530,491,2334,6.68683998938053,7.27718611746758,6.17564859313078,6.32204164150943,6.44746517311609,6.73719690231362,107
"112",2021,10,7.21428571428571,14,8.14285714285714,6.28571428571429,NA,8.5,7,7,7,0,2,12,2839,1318,1521,530,493,2346,6.68944098978514,7.28178376327769,6.17615514135437,6.32204164150943,6.45579188640974,6.73854116368286,108
"113",2021,11,6.09473684210526,19,6.84285714285714,5.65833333333333,4,5.725,6.19333333333333,7,12,3,4,15,2858,1325,1533,533,497,2361,6.68548739328201,7.27946490566038,6.17210174168297,6.30897198874296,6.44991026156942,6.73507732740364,109
"114",2021,12,6.33333333333333,15,6.71428571428571,6,3.75,3.5,6.76923076923077,7,8,2,2,13,2873,1332,1541,535,499,2374,6.68364878872259,7.27649474474475,6.17120828682674,6.29940573831776,6.4380869739479,6.73526435130581,110
"115",2022,1,6.77214285714286,28,7.19285714285714,6.35142857142857,6,6.6,6.8095652173913,14,14,2,5,23,2901,1346,1555,537,504,2397,6.68450291968287,7.27562481426449,6.1728308488746,6.29829063314711,6.43969325396825,6.73597729244889,111
"116",2022,2,6.71428571428571,14,6.95,6.125,4.5,8.5,6.57692307692308,10,4,1,1,13,2915,1356,1559,538,505,2410,6.68464595883362,7.27322345132743,6.17270812700449,6.29494808550186,6.44377306930693,6.73511932365145,112
"117",2022,3,6.8,10,7.83333333333333,5.25,NA,6,6.88888888888889,6,4,0,1,9,2925,1362,1563,538,506,2419,6.68504033162393,7.27569089574156,6.17034674984005,6.29494808550186,6.44289604743083,6.73569143034312,113
"118",2022,4,6.875,12,7.3125,6,NA,7,6.86363636363636,8,4,0,1,11,2937,1370,1567,538,507,2430,6.68581646918624,7.27590583941606,6.16991191448628,6.29494808550186,6.44399487179487,6.73627060493827,114
"119",2022,5,7.26666666666667,15,7.5,6.625,6,7,7.28571428571429,11,4,1,1,14,2952,1381,1571,539,508,2444,6.68876794376694,7.27769080376539,6.17107063653724,6.29440087198516,6.44508937007874,6.73941799099836,115
"120",2022,6,7.11583333333333,12,8.06428571428571,5.788,8,8,7.03545454545455,7,5,1,1,11,2964,1388,1576,540,509,2455,6.69049695344129,7.28165778097983,6.16985531091371,6.29755938888889,6.4481442043222,6.74074442769857,116
"121",2022,7,6.96153846153846,13,7.3125,6.4,6,6,7.13636363636364,8,5,2,2,11,2977,1396,1581,542,511,2466,6.6916805408129,7.28183452722063,6.17058315623023,6.29646138376384,6.44639021526419,6.74250915247364,117
"122",2022,8,7.31818181818182,11,7,7.875,6.5,8,7.0625,7,4,1,3,8,2988,1403,1585,543,514,2474,6.693986937751,7.28042836778332,6.17488452365931,6.29683622467772,6.4554579766537,6.74354388439774,118
