"","year","month","avg_rating","no_ratings","avg_rating_owned","avg_rating_not_owned","avg_rating_prev_owned","avg_rating_comment","avg_rating_no_comment","no_ratings_owned","no_ratings_not_owned","no_ratings_prev_owned","no_ratings_comment","no_ratings_no_comment","cum_no_ratings","cum_no_ratings_owned","cum_no_ratings_not_owned","cum_no_ratings_prev_owned","cum_no_ratings_comment","cum_no_ratings_no_comment","cum_avg_rating","cum_avg_rating_owned","cum_avg_rating_not_owned","cum_avg_rating_prev_owned","cum_avg_rating_comment","cum_avg_rating_no_comment","month_after_release"
"1",2012,2,8.5,2,NA,8.5,NA,8.5,NA,0,2,0,2,0,2,0,2,0,2,0,8.5,NA,8.5,NA,8.5,NA,-7
"2",2012,3,7.38571428571429,7,8.16666666666667,6.8,7,7.55,7.16666666666667,3,4,1,4,3,9,3,6,1,6,3,7.63333333333333,8.16666666666667,7.36666666666667,7,7.86666666666667,7.16666666666667,-6
"3",2012,4,7.5,2,9,6,NA,NA,7.5,1,1,0,0,2,11,4,7,1,6,5,7.60909090909091,8.375,7.17142857142857,7,7.86666666666667,7.3,-5
"4",2012,5,7.21428571428571,7,8.75,6.6,2,8,6.16666666666667,2,5,1,4,3,18,6,12,2,10,8,7.45555555555555,8.5,6.93333333333333,4.5,7.92,6.875,-4
"5",2012,6,6,1,NA,6,NA,NA,6,0,1,0,0,1,19,6,13,2,10,9,7.37894736842105,8.5,6.86153846153846,4.5,7.92,6.77777777777778,-3
"6",2012,7,7,1,NA,7,7,NA,7,0,1,1,0,1,20,6,14,3,10,10,7.36,8.5,6.87142857142857,5.33333333333333,7.92,6.8,-2
"7",2012,8,8.08333333333333,6,8.5,7.25,NA,8,8.125,4,2,0,2,4,26,10,16,3,12,14,7.52692307692308,8.5,6.91875,5.33333333333333,7.93333333333333,7.17857142857143,-1
"8",2012,9,7.62857142857143,14,7.89090909090909,6.66666666666667,8,7.4,7.69090909090909,11,3,1,3,11,40,21,19,4,15,25,7.5625,8.18095238095238,6.87894736842105,6,7.82666666666667,7.404,0
"9",2012,10,7.19152542372881,118,7.56549295774648,6.62659574468085,6.93,7.28875,7.14166666666667,71,47,10,40,78,158,92,66,14,55,103,7.28544303797468,7.70597826086957,6.69924242424242,6.66428571428571,7.43545454545455,7.20533980582524,1
"10",2012,11,6.86126315789474,95,7.62317073170732,6.28277777777778,6.75,6.6325,7.02763636363636,41,54,12,40,55,253,133,120,26,95,158,7.12616600790514,7.68045112781955,6.51183333333333,6.70384615384615,7.09736842105263,7.14348101265823,2
"11",2012,12,6.93767123287671,73,7.65625,6.06666666666667,6.2,6.68947368421053,7.025,40,33,11,19,54,326,173,153,37,114,212,7.08395705521472,7.67485549132948,6.41581699346405,6.55405405405405,7.02938596491228,7.11330188679245,3
"12",2013,1,6.99805194805195,77,7.58928571428571,6.66020408163265,6.75,7.168,6.91634615384615,28,49,12,25,52,403,201,202,49,139,264,7.06754342431762,7.66293532338308,6.47509900990099,6.60204081632653,7.05431654676259,7.07450757575758,4
"13",2013,2,6.80925925925926,81,7.41125,6.22195121951219,6.33333333333333,6.16666666666667,6.95530303030303,40,41,9,15,66,484,241,243,58,154,330,7.02431818181818,7.62116182572614,6.43238683127572,6.56034482758621,6.96785714285714,7.05066666666667,5
"14",2013,3,7.04191176470588,68,7.63717948717949,6.24137931034483,5.75,6.82142857142857,7.09907407407407,39,29,8,14,54,552,280,272,66,168,384,7.02648550724638,7.62339285714286,6.41202205882353,6.46212121212121,6.95565476190476,7.05747395833333,6
"15",2013,4,7.08484848484848,66,7.59666666666667,6.65833333333333,6.625,6.50882352941176,7.28469387755102,30,36,10,17,49,618,310,308,76,185,433,7.03271844660194,7.6208064516129,6.44081168831169,6.48355263157895,6.9145945945946,7.0831870669746,7
"16",2013,5,6.92682926829268,41,7.61363636363636,6.13157894736842,6.6,7.12727272727273,6.85333333333333,22,19,5,11,30,659,332,327,81,196,463,7.02613050075872,7.62033132530121,6.42284403669725,6.49074074074074,6.9265306122449,7.06829373650108,8
"17",2013,6,6.96666666666667,42,7.63333333333333,6.5962962962963,6.22222222222222,6.8,7.01875,15,27,9,10,32,701,347,354,90,206,495,7.02256776034237,7.62089337175793,6.43607344632768,6.46388888888889,6.92038834951456,7.06509090909091,9
"18",2013,7,7.0974358974359,39,7.25416666666667,6.84666666666667,7.24285714285714,7.14166666666667,7.07777777777778,24,15,7,12,27,740,371,369,97,218,522,7.02651351351351,7.59716981132076,6.45276422764227,6.52010309278351,6.93256880733945,7.06574712643678,10
"19",2013,8,7.09654545454545,55,7.67241379310345,6.45423076923077,6.67363636363636,7.10611111111111,7.09189189189189,29,26,11,18,37,795,400,395,108,236,559,7.03135849056604,7.602625,6.45286075949367,6.53574074074074,6.94580508474577,7.06747763864043,11
"20",2013,9,7.10573770491803,61,7.72027027027027,6.15833333333333,6.08333333333333,6.81666666666667,7.22674418604651,37,24,6,18,43,856,437,419,114,254,602,7.03665887850467,7.61258581235698,6.43599045346062,6.5119298245614,6.93665354330709,7.07885382059801,12
"21",2013,10,6.85263157894737,38,7.2875,6.53636363636364,7.05714285714286,6.32857142857143,6.97096774193548,16,22,7,7,31,894,453,441,121,261,633,7.02883668903803,7.60110375275938,6.4409977324263,6.54347107438017,6.92034482758621,7.07357030015798,13
"22",2013,11,6.80652173913044,46,7.51190476190476,6.214,6.49583333333333,7.36153846153846,6.58787878787879,21,25,12,13,33,940,474,466,133,274,666,7.01795744680851,7.59715189873418,6.42881974248927,6.53917293233083,6.94127737226278,7.0495045045045,14
"23",2013,12,6.8906976744186,43,7.44285714285714,6.36363636363636,6.71428571428571,6.35714285714286,6.99444444444444,21,22,7,7,36,983,495,488,140,281,702,7.01239064089522,7.59060606060606,6.42588114754098,6.54792857142857,6.92672597864769,7.04668091168091,15
"24",2014,1,6.75089285714286,56,7.42777777777778,6.12068965517241,5.81666666666667,6.44444444444444,6.80957446808511,27,29,6,9,47,1039,522,517,146,290,749,6.99829643888354,7.58218390804598,6.40876208897485,6.51787671232877,6.91175862068966,7.03180240320427,16
"25",2014,2,6.67179487179487,39,7.35882352941176,6.14090909090909,6.42857142857143,6.75555555555556,6.64666666666667,17,22,7,9,30,1078,539,539,153,299,779,6.98648423005566,7.57513914656772,6.3978293135436,6.5137908496732,6.90705685618729,7.01697047496791,17
"26",2014,3,7.295,60,7.83939393939394,6.62962962962963,6.81818181818182,7.25,7.31,33,27,11,15,45,1138,572,566,164,314,824,7.00275043936731,7.59038461538462,6.40888692579505,6.53420731707317,6.92343949044586,7.03297330097087,18
"27",2014,4,7.24662162162162,74,7.77444444444444,6.42758620689655,6.925,7.18235294117647,7.26578947368421,45,29,8,17,57,1212,617,595,172,331,881,7.0176402640264,7.60380875202593,6.40979831932773,6.55238372093023,6.93673716012085,7.04803632236095,19
"28",2014,5,7.23557692307692,52,7.6171875,6.625,6.33333333333333,7.43181818181818,7.18292682926829,32,20,3,11,41,1264,649,615,175,342,922,7.02660601265823,7.60446841294299,6.41679674796748,6.54862857142857,6.95266081871345,7.05403470715835,20
"29",2014,6,7.34391304347826,46,8.2095652173913,6.47826086956522,7.3,7.06428571428571,7.46625,23,23,10,14,32,1310,672,638,185,356,954,7.03774809160305,7.62517857142857,6.41901253918495,6.58924324324324,6.95705056179775,7.06786163522012,21
"30",2014,7,7.293125,80,7.98589743589744,6.63414634146341,6.39090909090909,7.75625,7.17734375,39,41,11,16,64,1390,711,679,196,372,1018,7.05244604316547,7.64496483825598,6.4320029455081,6.57811224489796,6.9914247311828,7.07474459724951,22
"31",2014,8,7.305,60,7.73529411764706,6.74230769230769,6.60909090909091,6.66666666666667,7.37592592592593,34,26,11,6,54,1450,745,705,207,378,1072,7.06289655172414,7.64908724832215,6.44344680851064,6.57975845410628,6.98626984126984,7.08991604477612,23
"32",2014,9,6.96851851851852,54,7.54821428571429,6.34423076923077,6.93,6.84090909090909,7.00116279069767,28,26,10,11,43,1504,773,731,217,389,1115,7.0595079787234,7.64543337645537,6.43991792065663,6.59589861751152,6.98215938303342,7.0864932735426,24
"33",2014,10,6.79148936170213,47,7.40384615384615,6.03333333333333,6,6.925,6.74571428571429,26,21,11,12,35,1551,799,752,228,401,1150,7.05138620245003,7.6375719649562,6.42856382978723,6.56714912280702,6.98044887780549,7.07612173913044,25
"34",2014,11,7.20895833333333,48,7.9,6.2415,5.85375,7.292,7.17121212121212,28,20,8,15,33,1599,827,772,236,416,1183,7.05611632270169,7.64645707376058,6.42371761658031,6.54296610169492,6.99168269230769,7.07877430262046,26
"35",2014,12,6.90392156862745,51,7.68846153846154,6.088,6.30833333333333,6.86875,6.92,26,25,12,16,35,1650,853,797,248,432,1218,7.05141212121212,7.64773739742087,6.4131869510665,6.53161290322581,6.98712962962963,7.0742118226601,27
"36",2015,1,6.97323943661972,71,7.49714285714286,6.46388888888889,6.68181818181818,7.16,6.92321428571429,35,36,11,15,56,1721,888,833,259,447,1274,7.04818710052295,7.6418018018018,6.4153781512605,6.53799227799228,6.99293064876958,7.06757456828886,28
"37",2015,2,7.08014705882353,68,7.50675675675676,6.57096774193548,6.3,6.828125,7.15769230769231,37,31,10,16,52,1789,925,864,269,463,1326,7.04940190050308,7.6364,6.42096064814815,6.52914498141264,6.98723542116631,7.07110859728507,29
"38",2015,3,6.97938775510204,49,7.57826086956522,6.44961538461538,6.45,6.63,7.06897435897436,23,26,10,10,39,1838,948,890,279,473,1365,7.04753536452666,7.63498945147679,6.42179775280899,6.5263082437276,6.97968287526427,7.07104761904762,30
"39",2015,4,6.92065217391304,46,7.56842105263158,6.46481481481482,6.28571428571429,7.18,6.84861111111111,19,27,14,10,36,1884,967,917,293,483,1401,7.04443736730361,7.63368148914168,6.42306434023991,6.51481228668942,6.98383022774327,7.06533190578159,31
"40",2015,5,6.74995744680851,47,7.2645,6.21304347826087,6.32222222222222,6.8,6.73643243243243,24,23,9,10,37,1931,991,940,302,493,1438,7.03726980838944,7.62474066599395,6.41792553191489,6.50907284768212,6.9801014198783,7.05686926286509,32
"41",2015,6,7.03125,40,7.6325,6.43,7.7,7.27666666666667,6.884,20,20,5,15,25,1971,1011,960,307,508,1463,7.03714764079148,7.62489416419387,6.41817708333333,6.52846905537459,6.98885826771654,7.05391524265209,33
"42",2015,7,7.04166666666667,54,7.4,6.626,6.475,7.20833333333333,6.99404761904762,29,25,10,12,42,2025,1040,985,317,520,1505,7.03726814814815,7.61862307692308,6.42345177664974,6.52678233438486,6.99392307692308,7.05224451827243,34
"43",2015,8,6.83725490196078,51,7.42954545454545,6.38793103448276,6.57307692307692,7.35,6.71219512195122,22,29,13,10,41,2076,1062,1014,330,530,1546,7.03235452793834,7.61470621468927,6.4224358974359,6.52860606060606,7.00064150943396,7.04322639068564,35
"44",2015,9,6.87692307692308,39,7.23809523809524,6.45555555555556,6.58333333333333,6.5,6.94545454545455,21,18,6,6,33,2115,1083,1032,336,536,1579,7.02948841607565,7.60740350877193,6.42301356589147,6.52958333333333,6.99503731343284,7.04118302723243,36
"45",2015,10,6.8537037037037,54,7.45555555555556,6.25185185185185,6.48333333333333,6.8695652173913,6.84193548387097,27,27,12,23,31,2169,1110,1059,348,559,1610,7.02511203319502,7.60370990990991,6.41864966949953,6.52798850574713,6.98987477638641,7.03734658385093,37
"46",2015,11,6.96229508196721,61,7.63472222222222,5.994,6.17857142857143,7.54,6.84901960784314,36,25,7,10,51,2230,1146,1084,355,569,1661,7.0233937219731,7.60468411867365,6.40885608856088,6.5210985915493,6.99954305799649,7.03156411800121,38
"47",2015,12,6.72592592592593,54,7.22407407407407,6.22777777777778,6.69545454545455,6.79545454545455,6.70813953488372,27,27,11,11,43,2284,1173,1111,366,580,1704,7.01636077057794,7.59592327365729,6.40445544554455,6.52633879781421,6.99567241379311,7.02340258215963,39
"48",2016,1,6.80833333333333,60,7.22285714285714,6.228,6.4,7.04545454545455,6.75510204081633,35,25,7,11,49,2344,1208,1136,373,591,1753,7.01103583617748,7.58511423841059,6.40057218309859,6.52396782841823,6.99659898477158,7.01590302338848,40
"49",2016,2,6.97745098039216,51,7.64782608695652,6.42678571428571,6.25,7.09090909090909,6.94625,23,28,11,11,40,2395,1231,1164,384,602,1793,7.01032066805846,7.58628594638505,6.40120274914089,6.51611979166667,6.99832225913622,7.01434913552705,41
"50",2016,3,6.65,48,7.01,6.05,6.05384615384615,6,6.7609756097561,30,18,13,7,41,2443,1261,1182,397,609,1834,7.00324109701187,7.5725757335448,6.39585448392555,6.50098236775819,6.9868472906404,7.00868484187568,42
"51",2016,4,6.61379310344828,58,7.33333333333333,5.664,5.71428571428571,6.46428571428571,6.66136363636364,33,25,7,14,44,2501,1294,1207,404,623,1878,6.99420951619352,7.5664744976816,6.38069594034797,6.48735148514851,6.97510433386838,7.00054739084132,43
"52",2016,5,6.9,44,7.1304347826087,6.64761904761905,6.91666666666667,7,6.87058823529412,23,21,6,10,34,2545,1317,1228,410,633,1912,6.99258074656189,7.5588595292331,6.38526058631922,6.49363414634146,6.97549763033176,6.99823640167364,44
"53",2016,6,6.93152173913044,46,7.57307692307692,6.0975,4.71428571428571,7.42857142857143,6.84230769230769,26,20,7,7,39,2591,1343,1248,417,640,1951,6.99149671941335,7.5591347728965,6.38064903846154,6.46376498800959,6.980453125,6.99511942593542,45
"54",2016,7,6.93333333333333,36,7.35909090909091,6.26428571428571,6.8375,7.29166666666667,6.75416666666667,22,14,8,12,24,2627,1365,1262,425,652,1975,6.99069965740388,7.55591062271062,6.37935816164818,6.4708,6.98618098159509,6.99219139240507,46
"55",2016,8,6.76547169811321,53,7.23464285714286,6.24,6.14285714285714,7.68,6.67020833333333,28,25,7,5,48,2680,1393,1287,432,657,2023,6.98624552238806,7.54945297918162,6.37665112665113,6.46548611111111,6.99146118721461,6.9845516559565,47
"56",2016,9,6.56595744680851,47,6.82962962962963,6.21,6.14285714285714,6.04285714285714,6.6575,27,20,7,7,40,2727,1420,1307,439,664,2063,6.97900183351668,7.5357661971831,6.37410099464422,6.4603416856492,6.9814608433735,6.97821037324285,48
"57",2016,10,6.87110869565217,46,7.15762068965517,6.38235294117647,6.875,6.79166666666667,6.89914705882353,29,17,4,12,34,2773,1449,1324,443,676,2097,6.97721204471691,7.52819806763285,6.37420694864048,6.46408577878104,6.97809171597633,6.97692846924178,49
"58",2016,11,6.82512820512821,39,7.315,6.19117647058824,6.55,6.66666666666667,6.87266666666667,22,17,5,9,30,2812,1471,1341,448,685,2127,6.97510277382646,7.52500951733514,6.37188665175242,6.46504464285714,6.974,6.97545792195581,50
"59",2016,12,6.79285714285714,42,7.35789473684211,6.32608695652174,6.6,6,6.85384615384615,19,23,10,3,39,2854,1490,1364,458,688,2166,6.97242081289418,7.52287852348993,6.37111436950147,6.46799126637555,6.96975290697675,6.97326823638043,51
"60",2017,1,6.91538461538462,52,7.55357142857143,6.17083333333333,6.72222222222222,7.09375,6.83611111111111,28,24,9,16,36,2906,1518,1388,467,704,2202,6.97140020646937,7.52344466403162,6.36765129682997,6.47289079229122,6.97257102272727,6.97102588555859,52
"61",2017,2,6.85277777777778,36,7.22222222222222,6.48333333333333,6.3,6.42222222222222,6.9962962962963,18,18,10,9,27,2942,1536,1406,477,713,2229,6.96994867437117,7.51991471354166,6.36913229018492,6.46926624737945,6.96562412342216,6.97133198743832,53
"62",2017,3,6.87121212121212,33,7.13235294117647,6.59375,6.54166666666667,6.90555555555556,6.85833333333333,17,16,6,9,24,2975,1553,1422,483,722,2253,6.96885344537815,7.51567224726336,6.37165963431786,6.47016563146998,6.96487534626039,6.97012827341323,54
"63",2017,4,6.99571428571429,35,7.32894736842105,6.6,6.97142857142857,7,6.9953125,19,16,7,3,32,3010,1572,1438,490,725,2285,6.9691657807309,7.51341539440203,6.37420027816412,6.47732653061224,6.96502068965517,6.97048096280088,55
"64",2017,5,6.88513513513514,37,7.17954545454545,6.45333333333333,6.16,7,6.875,22,15,5,3,34,3047,1594,1453,495,728,2319,6.96814538890712,7.50880740276035,6.37501720578114,6.47412121212121,6.96516483516484,6.96908106942648,56
"65",2017,6,6.81666666666667,36,7.31578947368421,6.25882352941176,6.21111111111111,6.41428571428571,6.91379310344828,19,17,9,7,29,3083,1613,1470,504,735,2348,6.96637658125203,7.50653378797272,6.37367346938776,6.4694246031746,6.95991836734694,6.96839821124361,57
"66",2017,7,7.05675675675676,37,7.4,6.82272727272727,6.83333333333333,6.96363636363636,7.09615384615385,15,22,12,11,26,3120,1628,1492,516,746,2374,6.9674483974359,7.50555221130221,6.38029490616622,6.47788759689923,6.95997319034853,6.96979738837405,58
"67",2017,8,6.89435897435897,39,7.01176470588235,6.80363636363636,6.615,7.07142857142857,6.855625,17,22,10,7,32,3159,1645,1514,526,753,2406,6.96654605887939,7.50044924012158,6.3864464993395,6.48049429657795,6.96100929614874,6.96827888611804,59
"68",2017,9,6.93333333333333,30,7.34210526315789,6.22727272727273,6.125,7.4375,6.75,19,11,4,8,22,3189,1664,1525,530,761,2428,6.96623361555346,7.49864122596154,6.38529836065574,6.47781132075472,6.96601839684626,6.9663010708402,60
"69",2017,10,6.8258064516129,31,7.58421052631579,5.625,6.3,7.2,6.75384615384615,19,12,5,5,26,3220,1683,1537,535,766,2454,6.96488167701863,7.49960724896019,6.37936239427456,6.47614953271028,6.96754569190601,6.96405012224939,61
"70",2017,11,6.8375,32,7.08888888888889,6.51428571428571,6.46666666666667,6.77272727272727,6.87142857142857,18,14,9,11,21,3252,1701,1551,544,777,2475,6.96362822878229,7.49526102292769,6.38058027079304,6.47599264705882,6.96478764478765,6.96326424242424,62
"71",2017,12,6.80384615384615,26,7.24285714285714,6.29166666666667,6.71428571428571,6.45,7.025,14,12,7,10,16,3278,1715,1563,551,787,2491,6.96236089078706,7.49320058309038,6.37989763275752,6.47901996370236,6.95824650571792,6.9636607788037,63
"72",2018,1,6.86410256410256,39,7.27368421052632,6.475,6.6875,6.1,6.97647058823529,19,20,8,5,34,3317,1734,1583,559,792,2525,6.96120560747663,7.49079527104959,6.38109917877448,6.48200357781753,6.95282828282828,6.96383326732674,64
"73",2018,2,6.78,25,7.11538461538461,6.41666666666667,5.66666666666667,6.8,6.775,13,12,3,5,20,3342,1747,1595,562,797,2545,6.95985008976661,7.48800171722954,6.38136677115988,6.4776512455516,6.951869510665,6.96234931237721,65
"74",2018,3,6.582,25,7.9,5.70333333333333,5.54166666666667,5.95833333333333,6.77894736842105,10,15,6,6,19,3367,1757,1610,568,803,2564,6.95704455004455,7.49034661354581,6.37504968944099,6.46776408450704,6.94444582814446,6.96099024960999,66
"75",2018,4,7.05909090909091,22,7.56666666666667,5.97142857142857,6.6,7,7.06190476190476,15,7,3,1,21,3389,1772,1617,571,804,2585,6.95770699321334,7.49099266365688,6.37330241187384,6.4684588441331,6.94451492537314,6.96181005802708,67
"76",2018,5,6.28765444444444,27,7.426667,5.61764705882353,5.7,7,6.12575772727273,10,17,5,5,22,3416,1782,1634,576,809,2607,6.95241091042154,7.49063168911335,6.36544063647491,6.46178819444444,6.94485784919654,6.95475476409667,68
"77",2018,6,7.28672208333333,24,7.99527272727273,6.68717923076923,5.786666,8.58,7.0280665,11,13,5,4,20,3440,1793,1647,581,813,2627,6.95474331395349,7.49372764640268,6.36798016393443,6.45597819277108,6.95290282902829,6.95531290445375,69
"78",2018,7,6.50185185185185,27,7.45,5.94411764705882,5.5,5.59166666666667,6.76190476190476,10,17,9,6,21,3467,1803,1664,590,819,2648,6.95121632535333,7.4934851192457,6.36364983774038,6.44139547457627,6.9429304029304,6.95377907854985,70
"79",2018,8,6.59944444444444,18,7.44888888888889,5.75,6.5625,6.125,6.735,9,9,4,4,14,3485,1812,1673,594,823,2662,6.94939942611191,7.49326361479029,6.36034867304244,6.44221099326599,6.93895504252734,6.95262847483096,71
"80",2018,9,7.134375,32,7.30526315789474,6.88461538461539,6.875,7.08333333333333,7.14615384615385,19,13,4,6,26,3517,1831,1686,598,829,2688,6.95108245663918,7.4913127635172,6.36439106168446,6.44510590301003,6.94,6.95450037202381,72
"81",2018,10,6.88125,24,7.33125,5.98125,7.25,7,6.87045454545455,16,8,1,2,22,3541,1847,1694,599,831,2710,6.95060914995764,7.48992618841364,6.36258165879575,6.4464496327212,6.94014440433213,6.95381808118082,73
"82",2018,11,6.83054285714286,21,7.02414,6.65454545454545,6.33333333333333,7,6.82207,10,11,3,1,20,3562,1857,1705,602,832,2730,6.94990129140932,7.48741791599354,6.36446529618768,6.44588593023256,6.94021634615385,6.9528528937729,74
"83",2018,12,6.85545454545455,22,7.15833333333333,6.492,6.75,6.75,6.87888888888889,12,10,8,4,18,3584,1869,1715,610,836,2748,6.94932154017857,7.48530501337614,6.36520893877551,6.44987431147541,6.93930622009569,6.95236841339156,75
"84",2019,1,6.91475,40,7.83333333333333,6.3636,6.29214285714286,7.32636363636364,6.75862068965517,15,25,14,11,29,3624,1884,1740,624,847,2777,6.94893995584989,7.48807593949044,6.36518582183908,6.44633546474359,6.94433293978749,6.95034512063378,76
"85",2019,2,6.8375,32,7.4,6.2,6.625,6.16666666666667,6.90689655172414,17,15,4,3,29,3656,1901,1755,628,850,2806,6.94796455142232,7.48728830615465,6.36377397720798,6.44747345541401,6.94158823529412,6.94989607982894,77
"86",2019,3,6.96428571428571,28,7.53846153846154,6.46666666666667,6.2,7.375,6.89583333333333,13,15,5,4,24,3684,1914,1770,633,854,2830,6.94808859934853,7.48763587774295,6.36464594915254,6.44551868878357,6.94361826697892,6.94943759717315,78
"87",2019,4,6.61153846153846,26,7.40714285714286,5.68333333333333,5.33333333333333,7.6,6.52916666666667,14,12,3,2,24,3710,1928,1782,636,856,2854,6.94573002695418,7.48705138485477,6.36005798540965,6.44027253144654,6.94515186915888,6.94590343377716,79
"88",2019,5,6.80925925925926,27,7.07894736842105,6.16875,6,7.5,6.754,19,8,1,2,25,3737,1947,1790,637,858,2879,6.94474401926679,7.48306885978428,6.35920297765363,6.43958136577708,6.94644522144522,6.9442370267454,80
"89",2019,6,6.8825,32,7.44421052631579,6.06153846153846,6.16,7.25,6.83,19,13,5,4,28,3769,1966,1803,642,862,2907,6.94421554789069,7.4826933214649,6.35705675540765,6.43740394080997,6.94785382830627,6.94313670450637,81
"90",2019,7,6.60416666666667,24,7.4375,6.1875,6,6.5,6.61904761904762,8,16,9,3,21,3793,1974,1819,651,865,2928,6.94206390719747,7.48251016717325,6.3555653271028,6.43135688172043,6.94630057803468,6.94081229508197,82
"91",2019,8,6.55862068965517,29,6.84444444444444,6.09090909090909,7,6.25,6.67619047619048,18,11,1,8,21,3822,1992,1830,652,873,2949,6.93915447409733,7.47674451305221,6.35397449726776,6.43222903374233,6.93991981672394,6.93892790776535,83
"92",2019,9,7.07619047619048,21,7.44,6.16666666666667,6.5,6.33333333333333,7.2,15,6,1,3,18,3843,2007,1836,653,876,2967,6.93990330470986,7.47646989038366,6.35336238017429,6.43233281776417,6.93784246575343,6.94051176272329,84
"93",2019,10,6.50526315789474,19,6.85,6.12222222222222,6.4,5.7,6.79285714285714,10,9,5,5,14,3862,2017,1845,658,881,2981,6.937764992232,7.47336394149727,6.35223486720867,6.43208712765957,6.93081725312145,6.93981831600134,85
"94",2019,11,6.856,25,7.05625,6.5,6.33333333333333,6.75,6.87619047619048,16,9,3,4,21,3887,2033,1854,661,885,3002,6.937239104708,7.47008119527791,6.35295217367853,6.43163892586989,6.93,6.93937321785477,86
"95",2019,12,6.67647058823529,34,7.32,6.16842105263158,5.7,6.82857142857143,6.63703703703704,15,19,5,7,27,3921,2048,1873,666,892,3029,6.9349779137975,7.46898196777344,6.35108026161239,6.42614614114114,6.92920403587444,6.93667824364477,87
"96",2020,1,6.86885714285714,35,7.47318181818182,5.84615384615385,5.83333333333333,7.15,6.81068965517241,22,13,3,6,29,3956,2070,1886,669,898,3058,6.93439292214358,7.46902660386473,6.34759985683987,6.4234877877429,6.93067928730512,6.93548345323741,88
"97",2020,2,6.82148148148148,27,7.51647058823529,5.64,6.25,7,6.81461538461538,17,10,2,1,26,3983,2087,1896,671,899,3084,6.93362751694702,7.46941306660278,6.34386779008439,6.42297068554396,6.93075639599555,6.934464461738,89
"98",2020,3,6.78636363636364,22,7.10833333333333,6.4,6.375,7.125,6.71111111111111,12,10,4,4,18,4005,2099,1906,675,903,3102,6.93281857677902,7.46734877084326,6.34416229275971,6.42268641481482,6.93161683277962,6.93316840747905,90
"99",2020,4,6.97789473684211,19,7.05,6.776,8,6.97,6.98,14,5,1,4,15,4024,2113,1911,676,907,3117,6.93303141153081,7.46458356365357,6.34529216640502,6.42501971893491,6.93178610804851,6.93339377606673,91
"100",2020,5,7.02913043478261,23,7.52466666666667,6.1,6.25714285714286,7.04,7.02611111111111,15,8,7,5,18,4047,2128,1919,683,912,3135,6.93357756362738,7.46500708176692,6.34426958311621,6.42329916544656,6.93237938596491,6.93392612440192,92
"101",2020,6,7.07058823529412,17,7.4,6.77777777777778,6.25,3,7.325,8,9,4,1,16,4064,2136,1928,687,913,3151,6.93415068897638,7.46476360955056,6.34629322095436,6.42229014556041,6.92807228915663,6.93591190098382,93
"102",2020,7,6.50454545454545,22,7.23846153846154,5.44444444444444,5.33333333333333,7.425,6.3,13,9,3,4,18,4086,2149,1937,690,917,3169,6.9318375917768,7.46339463471382,6.34210290655653,6.41755555072464,6.930239912759,6.93229990533292,94
"103",2020,8,6.5125,24,6.975,6.28125,5.58333333333333,6.1875,6.675,8,16,6,8,16,4110,2157,1953,696,925,3185,6.92938890510949,7.4615832498841,6.34160436763953,6.41036397988506,6.92381621621622,6.93100734693878,95
"104",2020,9,6.61333333333333,15,6.94444444444444,6.11666666666667,6.35,6,6.70769230769231,9,6,2,2,13,4125,2166,1959,698,927,3198,6.92823961212121,7.45943447368421,6.34091543134252,6.41019101719198,6.92182308522114,6.93009956222639,96
"105",2020,10,6.83,36,7.35764705882353,6.35789473684211,5.66666666666667,7,6.78896551724138,17,19,3,7,29,4161,2183,1978,701,934,3227,6.92738966594569,7.45864180943656,6.34107852881699,6.4070090299572,6.92240899357602,6.92883123644252,97
"106",2020,11,6.61636363636364,55,7.25,6.1258064516129,7,6.4,6.64285714285714,24,31,3,6,49,4216,2207,2009,704,940,3276,6.92333216318786,7.45637293611237,6.33775675958188,6.40953598011364,6.91907446808511,6.92455384615385,98
"107",2020,12,6.75408163265306,49,7.73529411764706,6.2328125,5.64285714285714,6.4,6.89571428571429,17,32,7,14,35,4265,2224,2041,711,954,3311,6.92138766705744,7.45850497751799,6.33611138167565,6.40198780590717,6.9114570230608,6.92424898822108,99
"108",2021,1,6.86173076923077,52,7.46,6.4878125,6.67888888888889,7.13388888888889,6.71764705882353,20,32,9,18,34,4317,2244,2073,720,972,3345,6.92066907574705,7.45851830213904,6.33845312590449,6.40544906944444,6.91557613168724,6.92214899850523,100
"109",2021,2,6.3053969047619,42,6.69568647058824,6.04,6.33333333333333,6.65,6.24796305555556,17,25,6,6,36,4359,2261,2098,726,978,3381,6.91474078228952,7.4527827244582,6.33489672545281,6.40485307162534,6.91394683026585,6.91497044365573,101
"110",2021,3,6.56724657534247,73,7.34521052631579,6.29351851851852,5.91666666666667,6.24172727272727,6.625,19,54,6,11,62,4432,2280,2152,732,989,3443,6.90901716380866,7.45188628947368,6.33385842472119,6.40085154371585,6.9064701718908,6.9097487859425,102
"111",2021,4,6.30416666666667,48,7.03846153846154,6.03142857142857,6.66666666666667,6.88888888888889,6.16923076923077,13,35,3,9,39,4480,2293,2187,735,998,3482,6.90253662276786,7.44954240732665,6.32901844078647,6.40193650340136,6.90631162324649,6.90145464388283,103
"112",2021,5,6.74285714285714,35,7.41666666666667,6.39130434782609,6.3,7.275,6.6741935483871,12,23,7,4,31,4515,2305,2210,742,1002,3513,6.90129879734219,7.44937125379609,6.32966666515837,6.40097483827493,6.90778343313373,6.89944920865358,104
"113",2021,6,6.16481481481481,27,6.74375,5.92105263157895,6,5.625,6.25869565217391,8,19,2,4,23,4542,2313,2229,744,1006,3536,6.89692075517393,7.44693071335927,6.32618363840287,6.39989694892473,6.90268290258449,6.8952814111991,105
"114",2021,7,6.28181818181818,33,6.625,6.08571428571429,6.93333333333333,6.76,6.19642857142857,12,21,3,5,28,4575,2325,2250,747,1011,3564,6.89248394972677,7.44268849032258,6.32393925777778,6.40203926372155,6.90197725024728,6.88979098484849,106
"115",2021,8,6.76326923076923,26,7.625,6.38027777777778,7.25,7.66666666666667,6.6454347826087,8,18,4,3,23,4601,2333,2268,751,1014,3587,6.89175376439904,7.44331364766395,6.32438638888889,6.40655569906791,6.90423964497041,6.88822416225258,107
"116",2021,9,6.48888888888889,18,7.16666666666667,6.15,5,7,6.34285714285714,6,12,1,4,14,4619,2339,2280,752,1018,3601,6.89018382117341,7.44260399315947,6.32346856578947,6.40468527925532,6.90461591355599,6.88610387947793,108
"117",2021,10,6.4875,20,7.17857142857143,6.11538461538461,6,7,6.39705882352941,7,13,2,3,17,4639,2346,2293,754,1021,3618,6.88844774089243,7.44181617220801,6.32228884866987,6.40361184350133,6.90489618021548,6.88380598949696,109
"118",2021,11,6.895,20,7.98888888888889,6,5.8,8,6.7,9,11,5,3,17,4659,2355,2304,759,1024,3635,6.88847586821206,7.44390689596603,6.32075014322917,6.39963548089592,6.9081044921875,6.88294637414031,110
"119",2021,12,6.6375,40,6.60714285714286,6.65384615384615,7,7.0625,6.53125,14,26,4,8,32,4699,2369,2330,763,1032,3667,6.8863394488189,7.43896189953567,6.3244670944206,6.40278287024902,6.90930135658915,6.87987730297246,111
"120",2022,1,6.52377049180328,61,7.04347826086957,6.20921052631579,5.8,6.56666666666667,6.52155172413793,23,38,6,3,58,4760,2392,2368,769,1035,3725,6.88169308193277,7.4351591722408,6.32261753800676,6.39807975292588,6.90830821256039,6.87429800536913,112
"121",2022,2,6.4197221875,32,7.36925916666667,5.85,6.33333333333333,6.6277775,6.39,12,20,3,4,28,4792,2404,2388,772,1039,3753,6.87860813439065,7.43483022046589,6.31865926716918,6.39782814766839,6.90722820981713,6.87068480415668,113
"122",2022,3,7.00461538461538,26,8.092,6.325,5.33333333333333,7.6,6.74,10,16,3,8,18,4818,2414,2404,775,1047,3771,6.87928812370278,7.43755254763877,6.31870146838602,6.39370752258065,6.91252159503343,6.87006101034209,114
"123",2022,4,6.65167857142857,28,7.03777777777778,6.46878947368421,5.1,6.81666666666667,6.60668181818182,9,19,5,6,22,4846,2423,2423,780,1053,3793,6.87797300453983,7.43606762278168,6.31987838629798,6.38541452564103,6.91197541310541,6.86853336936462,115
"124",2022,5,6.63461538461539,26,7.45,6.125,5,7,6.58695652173913,10,16,1,3,23,4872,2433,2439,781,1056,3816,6.87667429802956,7.43612488697082,6.31859997129971,6.38364062740077,6.91222548295455,6.86683623427673,116
"125",2022,6,6.02771428571429,35,6.95333333333333,5.3335,5.3,5.18,6.169,15,20,3,5,30,4907,2448,2459,784,1061,3846,6.870618948441,7.43316660539216,6.31058777145181,6.37949404336735,6.90406230914232,6.86139289391576,117
"126",2022,7,7.01333333333333,21,7.48,6.58909090909091,5.875,7.95,6.79294117647059,10,11,4,4,17,4928,2458,2470,788,1065,3863,6.87122710633117,7.43335713995118,6.31182806882591,6.37693315989848,6.90799071361502,6.86109165674347,118
"127",2022,8,6.78838709677419,31,6.69923076923077,6.85277777777778,8,7.87333333333333,6.528,13,18,1,6,25,4959,2471,2488,789,1071,3888,6.8707092518653,7.42949488061514,6.31574169212219,6.37899027883397,6.91339879551821,6.85894986368313,119
