"","year","month","avg_rating","no_ratings","avg_rating_owned","avg_rating_not_owned","avg_rating_prev_owned","avg_rating_comment","avg_rating_no_comment","no_ratings_owned","no_ratings_not_owned","no_ratings_prev_owned","no_ratings_comment","no_ratings_no_comment","cum_no_ratings","cum_no_ratings_owned","cum_no_ratings_not_owned","cum_no_ratings_prev_owned","cum_no_ratings_comment","cum_no_ratings_no_comment","cum_avg_rating","cum_avg_rating_owned","cum_avg_rating_not_owned","cum_avg_rating_prev_owned","cum_avg_rating_comment","cum_avg_rating_no_comment","month_after_release"
"1",2012,4,8,2,NA,8,8,8,NA,0,2,1,2,0,2,0,2,1,2,0,8,NA,8,8,8,NA,-6
"2",2012,6,9,1,9,NA,NA,NA,9,1,0,0,0,1,3,1,2,1,2,1,8.33333333333333,9,8,8,8,9,-4
"3",2012,7,8.5,3,7.75,10,NA,8.5,8.5,2,1,0,1,2,6,3,3,1,3,3,8.41666666666667,8.16666666666667,8.66666666666667,8,8.16666666666667,8.66666666666667,-3
"4",2012,8,7.5,2,NA,7.5,8,8,7,0,2,1,1,1,8,3,5,2,4,4,8.1875,8.16666666666667,8.2,8,8.125,8.25,-2
"5",2012,9,9.5,2,NA,9.5,NA,NA,9.5,0,2,0,0,2,10,3,7,2,4,6,8.45,8.16666666666667,8.57142857142857,8,8.125,8.66666666666667,-1
"6",2012,10,7.78033707865169,89,8.23958333333333,7.24268292682927,7.78571428571429,7.26315789473684,7.92071428571429,48,41,14,19,70,99,51,48,16,23,76,7.8479797979798,8.23529411764706,7.43645833333333,7.8125,7.41304347826087,7.97960526315789,0
"7",2012,11,7.46763005780347,173,7.98805970149254,7.13867924528302,7.66666666666667,7.35813953488372,7.50384615384615,67,106,21,43,130,272,118,154,37,66,206,7.60606617647059,8.09491525423729,7.23149350649351,7.72972972972973,7.37727272727273,7.67936893203883,1
"8",2012,12,7.31219512195122,82,7.74901960784314,6.59354838709677,6.25,7.08333333333333,7.3765625,51,31,2,18,64,354,169,185,39,84,270,7.53799435028249,7.9905325443787,7.12459459459459,7.65384615384615,7.31428571428571,7.60759259259259,2
"9",2013,1,7.36377952755906,127,7.94727272727273,6.91805555555556,7.67692307692308,7.40689655172414,7.35102040816327,55,72,26,29,98,481,224,257,65,113,368,7.49199584199584,7.97991071428571,7.06673151750973,7.66307692307692,7.33805309734513,7.53926630434783,3
"10",2013,2,7.54489795918367,147,8.13857142857143,7.00519480519481,7.27727272727273,7.13552631578947,7.68761467889908,70,77,22,38,109,628,294,334,87,151,477,7.50437898089172,8.01768707482993,7.05254491017964,7.56551724137931,7.28708609271523,7.57316561844864,4
"11",2013,3,7.52047619047619,147,7.91784615384615,7.20548780487805,7.43421052631579,7.56857142857143,7.50544642857143,65,82,19,35,112,775,359,416,106,186,589,7.50743225806452,7.99961002785515,7.08269230769231,7.54198113207547,7.34005376344086,7.56028862478777,5
"12",2013,4,7.62920353982301,113,8.27596153846154,7.07786885245902,7.80294117647059,7.36,7.72650602409639,52,61,17,30,83,888,411,477,123,216,672,7.52292792792793,8.03457420924574,7.08207547169811,7.5780487804878,7.34282407407407,7.58081845238095,6
"13",2013,5,7.48476190476191,105,8.1275,7.08923076923077,7.61111111111111,7.26315789473684,7.53372093023256,40,65,9,19,86,993,451,542,132,235,758,7.51889224572004,8.04281596452328,7.08293357933579,7.58030303030303,7.3363829787234,7.57547493403694,7
"14",2013,6,7.38744680851064,94,7.72162162162162,7.17052631578947,7.875,6.85714285714286,7.48025,37,57,12,14,80,1087,488,599,144,249,838,7.50752529898804,8.0184631147541,7.09126878130217,7.60486111111111,7.30943775100402,7.56638424821002,8
"15",2013,7,7.63954545454545,110,7.86,7.41909090909091,7.76666666666667,7.72631578947368,7.62142857142857,55,55,15,19,91,1197,543,654,159,268,929,7.5196574770259,8.00241252302026,7.1188379204893,7.62012578616352,7.33899253731343,7.57177610333692,9
"16",2013,8,7.65165562913907,151,8.29014084507042,7.085,7.40384615384615,7.57162162162162,7.67763157894737,71,80,26,37,114,1348,614,734,185,305,1043,7.53444362017804,8.03568403908795,7.11514986376022,7.58972972972973,7.3672131147541,7.58334611697028,10
"17",2013,9,7.69766666666667,150,8.06486486486486,7.34013157894737,7.3625,7.84375,7.65805084745763,74,76,24,32,118,1498,688,810,209,337,1161,7.55078771695594,8.0388226744186,7.13625925925926,7.56363636363636,7.41246290801187,7.59093884582257,11
"18",2013,10,7.72275280898876,178,8.11836734693878,7.238125,7.75,7.29473684210526,7.83892857142857,98,80,27,38,140,1676,786,890,236,375,1301,7.56905131264916,8.04874045801527,7.14541573033708,7.58495762711864,7.40053333333333,7.61762490392006,12
"19",2013,11,7.78159292035398,226,8.34674796747968,7.10669902912621,7.58472222222222,7.51219512195122,7.8412972972973,123,103,36,41,185,1902,909,993,272,416,1486,7.59430599369085,8.08906490649065,7.14139979859013,7.58492647058824,7.41153846153846,7.64547106325707,13
"20",2013,12,7.7646694214876,242,8.26735537190083,7.26198347107438,7.91071428571429,7.74861111111111,7.76747572815534,121,121,28,36,206,2144,1030,1114,300,452,1692,7.61353544776119,8.11000970873786,7.1544973070018,7.61533333333333,7.43838495575221,7.66032505910166,14
"21",2014,1,7.81906832298137,322,8.18122807017544,7.40894039735099,7.65,7.49659090909091,7.87010791366906,171,151,36,44,278,2466,1201,1265,336,496,1970,7.64037307380373,8.12014987510408,7.18486956521739,7.61904761904762,7.44354838709677,7.68992893401015,15
"22",2014,2,7.88210691823899,318,8.2933908045977,7.38513888888889,7.52522727272727,7.85887096774194,7.887734375,174,144,44,62,256,2784,1375,1409,380,558,2226,7.6679849137931,8.14207272727273,7.20533711852378,7.60818421052632,7.48969534050179,7.71267744833782,16
"23",2014,3,7.80918367346939,294,8.26077844311377,7.21535433070866,7.61136363636364,7.88170731707317,7.79743083003953,167,127,22,41,253,3078,1542,1536,402,599,2479,7.68147173489279,8.15492866407263,7.20616536458333,7.60835820895522,7.51652754590985,7.72132714804357,17
"24",2014,4,7.65725396825397,252,8.03284671532847,7.20980869565217,7.66666666666667,7.57209302325581,7.67477511961722,137,115,27,43,209,3330,1679,1651,429,642,2688,7.67963903903904,8.14496724240619,7.2064191399152,7.61202797202797,7.5202492211838,7.71770758928571,18
"25",2014,5,7.76989847715736,197,8.18973214285714,7.21670588235294,7.52571428571429,8.01111111111111,7.73158823529412,112,85,28,27,170,3527,1791,1736,457,669,2858,7.68468046498441,8.14776661083194,7.20692281105991,7.60673960612691,7.54005979073244,7.71853324002799,19
"26",2014,6,7.76530612244898,196,8.18701923076923,7.28858695652174,7.60172413793103,7.75416666666667,7.7678125,104,92,29,36,160,3723,1895,1828,486,705,3018,7.68892506043513,8.14992084432718,7.21103282275711,7.60644032921811,7.55099290780142,7.72114579191517,20
"27",2014,7,7.60742574257426,202,7.92833333333333,7.34955357142857,7.44375,7.63846153846154,7.60284090909091,90,112,32,26,176,3925,1985,1940,518,731,3194,7.68473070063694,8.13987405541562,7.21902989690722,7.59638996138996,7.55410396716826,7.71462680025047,21
"28",2014,8,7.71891191709845,193,8.09490740740741,7.24117647058824,7.56538461538462,7.34782608695652,7.76911764705882,108,85,26,23,170,4118,2093,2025,544,754,3364,7.68633268576979,8.13755375059723,7.21995950617284,7.59490808823529,7.54781167108753,7.71738049940547,22
"29",2014,9,7.73374358974359,195,8.30915887850467,7.03409090909091,7.03125,7.6448275862069,7.74927710843374,107,88,16,29,166,4313,2200,2113,560,783,3530,7.68847623463946,8.1459,7.21221864647421,7.57880357142857,7.55140485312899,7.71888045325779,23
"30",2014,10,7.59665271966527,239,8.071484375,7.0490990990991,7.22096774193548,7.72272727272727,7.56820512820513,128,111,31,44,195,4552,2328,2224,591,827,3725,7.68365509666081,8.14180841924399,7.2040773381295,7.56003384094755,7.56051995163241,7.71099275167785,24
"31",2014,11,7.61647286821705,258,8.06068965517241,7.04646017699115,7.15384615384615,7.47368421052632,7.64113636363636,145,113,26,38,220,4810,2473,2337,617,865,3945,7.68005155925156,8.13705216336433,7.19645614035088,7.54291734197731,7.55670520231214,7.70709708491762,25
"32",2014,12,7.68765873015873,252,8.10294871794872,7.0128125,7.07,7.50953488372093,7.72430622009569,156,96,25,43,209,5062,2629,2433,642,908,4154,7.6804302647175,8.1350285279574,7.18921002877107,7.5245015576324,7.55447136563877,7.70796292729899,26
"33",2015,1,7.82840361445783,332,8.11920792079208,7.37653846153846,7.99838709677419,7.95181818181818,7.80954861111111,202,130,31,44,288,5394,2831,2563,673,952,4442,7.68953800519095,8.13389968209113,7.19871166601639,7.54632986627043,7.57283613445378,7.71454930211616,27
"34",2015,2,7.82185039370079,254,8.19006849315068,7.32407407407407,7.76774193548387,7.69264705882353,7.84181818181818,146,108,31,34,220,5648,2977,2671,704,986,4662,7.69548831444759,8.1366543500168,7.20378060651441,7.55607954545455,7.57696754563895,7.72055512655512,28
"35",2015,3,7.74411764705882,238,8.225,7.27125,7.50138888888889,7.93,7.70656565656566,118,120,36,40,198,5886,3095,2791,740,1026,4860,7.69745463812436,8.14002261712439,7.20668147617342,7.55341891891892,7.59073099415205,7.71998518518518,29
"36",2015,4,7.66047619047619,210,8.20338983050847,6.96413043478261,7.33,7.74,7.64722222222222,118,92,25,30,180,6096,3213,2883,765,1056,5040,7.69618077427821,8.14234982882042,7.19894138050642,7.54611764705882,7.59497159090909,7.71738650793651,30
"37",2015,5,7.64980392156863,204,8.04592592592593,7.20416666666667,7.56923076923077,7.89296296296296,7.61271186440678,108,96,26,27,177,6300,3321,2979,791,1083,5217,7.69467904761905,8.13921409214092,7.19910976837865,7.54687737041719,7.60240073868883,7.71383515430324,31
"38",2015,6,7.59132653061225,196,8.07727272727273,7.09536082474227,7.54,7.06666666666667,7.66453488372093,99,97,30,24,172,6496,3420,3076,821,1107,5389,7.69156065270936,8.13742105263158,7.19583810143043,7.54662606577345,7.59078590785908,7.71226164408981,32
"39",2015,7,7.49105504587156,218,8.04008620689655,6.86666666666667,7.48611111111111,7.04242424242424,7.57108108108108,116,102,18,33,185,6714,3536,3178,839,1140,5574,7.68505034256777,8.13422794117647,7.1852731277533,7.54532777115614,7.57491228070175,7.70757588805167,33
"40",2015,8,7.52181467181467,259,7.93082191780822,6.99336283185841,7.17142857142857,7.66976744186046,7.49236111111111,146,113,28,43,216,6973,3682,3291,867,1183,5790,7.67898723648358,8.12616241173275,7.17868368277119,7.53325259515571,7.57836010143702,7.69954715025907,34
"41",2015,9,7.48216589861751,217,7.89026086956522,7.02205882352941,7.71730769230769,7.26607142857143,7.51417989417989,115,102,26,28,189,7190,3797,3393,893,1211,5979,7.67304700973574,8.11901764550961,7.17397524314766,7.53861142217245,7.57113955408753,7.69368757317277,35
"42",2015,10,7.57365217391304,230,7.92300751879699,7.09463917525773,7.18548387096774,7.2259375,7.62984848484848,133,97,31,32,198,7420,3930,3490,924,1243,6177,7.66996603773585,8.11238422391857,7.17177020057307,7.52676406926407,7.56225261464199,7.69164124979763,36
"43",2015,11,7.52503846153846,260,8.10975806451613,6.99191176470588,7.17916666666667,7.71882352941176,7.49588495575221,124,136,36,34,226,7680,4054,3626,960,1277,6403,7.66505963541667,8.1123038973853,7.16502426916713,7.51372916666667,7.56642129992169,7.68473184444791,37
"44",2015,12,7.57951890034364,291,8.01098684210526,7.10769784172662,7.2375,7.66551724137931,7.57,152,139,32,29,262,7971,4206,3765,992,1306,6665,7.66193677079413,8.10864241559676,7.16290783532537,7.5048185483871,7.56862174578867,7.68022175543886,38
"45",2016,1,7.47559228650138,363,7.98087179487179,6.88910714285714,6.9755,7.37162162162162,7.48739263803681,195,168,40,37,326,8334,4401,3933,1032,1343,6991,7.65382025437965,8.10298114064985,7.15121230612764,7.48430232558139,7.56319434102755,7.67122986697182,39
"46",2016,2,7.57231759656652,233,7.99810606060606,7.01584158415842,7.32121212121212,7.26,7.60985576923077,132,101,33,25,208,8567,4533,4034,1065,1368,7199,7.65160359519085,8.09992720052945,7.14782300446207,7.47924882629108,7.55765350877193,7.66945659119322,40
"47",2016,3,7.57654320987654,243,8.10806722689076,7.06645161290323,7.36257142857143,7.49838709677419,7.58797169811321,119,124,35,31,212,8810,4652,4158,1100,1399,7411,7.64953325766175,8.10013542562339,7.14539634439635,7.47553636363636,7.55634024303074,7.66712562407232,41
"48",2016,4,7.6123745819398,299,8.02090909090909,7.10932835820896,7.26388888888889,7.61704545454545,7.61156862745098,165,134,36,44,255,9109,4817,4292,1136,1443,7666,7.64831353606324,8.09742163172099,7.14427027027027,7.46882922535211,7.55819126819127,7.66527758935559,42
"49",2016,5,7.60126033057851,242,7.99359848484848,7.13045454545455,7.36296296296296,7.37838235294118,7.63769230769231,132,110,27,34,208,9351,4949,4402,1163,1477,7874,7.64709581862903,8.09465245504142,7.14392503407542,7.46637145313843,7.55405213270142,7.66454889509779,43
"50",2016,6,7.65067099526066,211,8.13411606837607,7.04893617021277,7.515,7.7525,7.64000827225131,117,94,20,20,191,9562,5066,4496,1183,1497,8065,7.64717471031165,8.09556387287801,7.1419390569395,7.46719357565511,7.55670340681363,7.66396770985741,44
"51",2016,7,7.53765690376569,239,7.91691176470588,7.0368932038835,7.588,7.45116279069767,7.55663265306122,136,103,25,43,196,9801,5202,4599,1208,1540,8261,7.64450408937864,8.0908932295271,7.13958643183301,7.46969370860927,7.55375649350649,7.66142108461445,45
"52",2016,8,7.3791847826087,276,7.88578767123288,6.81023076923077,7.428125,7.09025,7.42815677966102,146,130,32,40,236,10077,5348,4729,1240,1580,8497,7.63723723131885,8.0852938631264,7.13053245929372,7.46862096774194,7.54202215189873,7.65494228315876,46
"53",2016,9,7.53929659090909,264,7.85968482758621,7.14890756302521,7.8390625,7.42498,7.55676855895196,145,119,32,35,229,10341,5493,4848,1272,1615,8726,7.63473686103859,8.07933840888403,7.13098349834984,7.47794025157233,7.53948563467492,7.65236586981435,47
"54",2016,10,7.60020325203252,246,8.08615384615385,7.05560344827586,7.00128205128205,7.51025641025641,7.61714975845411,130,116,39,39,207,10587,5623,4964,1311,1654,8933,7.63393443657316,8.07949597723634,7.1292219983884,7.46376048817696,7.53879643288996,7.65154982424717,48
"55",2016,11,7.51406844106464,263,7.97431506849315,6.93974358974359,6.81428571428571,7.58428571428571,7.50328947368421,146,117,28,35,228,10850,5769,5081,1339,1689,9161,7.63102892903226,8.0768340925637,7.12485888604605,7.45017923823749,7.53973907637655,7.64785990394062,49
"56",2016,12,7.51225941422594,239,7.81717557251908,7.14240740740741,7.2625,7.16185185185185,7.55688679245283,131,108,24,27,212,11089,5900,5189,1363,1716,9373,7.6284691027144,8.07106879322033,7.125224127963,7.44687454145268,7.5337932983683,7.64580225968206,50
"57",2017,1,7.5181881533101,287,7.93380952380952,7.08178571428571,7.44142857142857,7.38,7.5285393258427,147,140,35,20,267,11376,6047,5329,1398,1736,9640,7.62568687412096,8.06773207871671,7.12408294239069,7.44673819742489,7.53202148617511,7.64255441701245,51
"58",2017,2,7.52126923076923,260,8.04598591549296,6.88983050847458,7.39107142857143,7.32631578947368,7.55463963963964,142,118,28,38,222,11636,6189,5447,1426,1774,9862,7.62335371949124,8.0672331362094,7.11900826142831,7.44564516129032,7.52761516347238,7.64057539849929,52
"59",2017,3,7.34977625570776,219,7.8131067961165,6.93837068965517,6.896875,7.32222222222222,7.35365104166667,103,116,32,27,192,11855,6292,5563,1458,1801,10054,7.6182998633488,8.06307308963763,7.11524159626101,7.43360082304527,7.52453598001111,7.63509603938731,53
"60",2017,4,7.36515283842795,229,7.91401785714286,6.83974358974359,7.27857142857143,7.29736842105263,7.3786387434555,112,117,28,38,191,12084,6404,5680,1486,1839,10245,7.61350255544522,8.06046625234228,7.10956672535211,7.43067967698519,7.51984192495922,7.6303148443143,54
"61",2017,5,7.50911016949153,236,7.78913385826772,7.18284403669725,7.49722222222222,7.65068965517241,7.48927536231884,127,109,36,29,207,12320,6531,5789,1522,1868,10452,7.61150283116883,8.05518999846884,7.1109464501641,7.43225361366623,7.5218732869379,7.62752158247225,55
"62",2017,6,7.525,184,8.08787878787879,6.86941176470588,6.81875,7.39032258064516,7.55228758169935,99,85,16,31,153,12504,6630,5874,1538,1899,10605,7.61022991682662,8.05567811161387,7.10745131086142,7.42587126137841,7.51972580305424,7.62643616973126,56
"63",2017,7,7.45673728813559,236,7.99974137931035,6.93183333333333,6.88851851851852,7.93625,7.38151960784314,116,120,27,32,204,12740,6746,5994,1565,1931,10809,7.60738656828885,8.05471625852357,7.10393543543544,7.41660063897764,7.52662832729156,7.62181381996484,57
"64",2017,8,7.380407239819,221,7.74488,6.90583333333333,6.86058823529412,7.06028571428571,7.44064516129032,125,96,34,35,186,12961,6871,6090,1599,1966,10995,7.60351630892678,8.04907959249018,7.10081264367816,7.4047779862414,7.51832619532045,7.61874902955889,58
"65",2017,9,7.54358974358974,195,7.9225,7.14473684210526,7.37241379310345,7.60384615384615,7.53431952662722,100,95,29,26,169,13156,6971,6185,1628,1992,11164,7.60262806932198,8.04726378998709,7.10148730800323,7.40420147420147,7.51944241967872,7.61747094052311,59
"66",2017,10,7.44925438596491,228,7.95421568627451,7.04047619047619,7.31363636363636,7.968,7.38536945812808,102,126,33,25,203,13384,7073,6311,1661,2017,11367,7.60001530783024,8.04592193977096,7.10026921248614,7.40240216736905,7.52500213187903,7.61332590657165,60
"67",2017,11,7.34408450704225,284,7.83569444444444,6.83842857142857,6.96757575757576,7.43368421052632,7.33024390243902,144,140,33,38,246,13668,7217,6451,1694,2055,11613,7.59469745976002,8.04172729388943,7.09458673073942,7.39393152302243,7.52331352798054,7.60732933608887,61
"68",2017,12,7.34333333333333,243,7.91316239316239,6.81420634920635,7.23366666666667,7.25424242424242,7.35733333333333,117,126,30,33,210,13911,7334,6577,1724,2088,11823,7.59030658327942,8.0396762857922,7.08921529572753,7.39114269141531,7.51906096743295,7.60288890975218,62
"69",2018,1,7.39013659574468,329,7.86238636363636,6.84689503267974,6.87554217391304,7.00909090909091,7.44896470175439,176,153,46,44,285,14240,7510,6730,1770,2132,12108,7.58568186938202,8.03552142210386,7.08370638038633,7.3777429039548,7.50853625703565,7.59926581764123,63
"70",2018,2,7.46683937823834,193,7.9078431372549,6.97252747252747,6.948,7.42592592592593,7.47349397590361,102,91,25,27,166,14433,7612,6821,1795,2159,12274,7.58409269174808,8.03381054650551,7.0822231256414,7.37175762674095,7.5075031496063,7.59756481342676,64
"71",2018,3,7.33698979591837,196,7.7915,6.86354166666667,7.08148148148148,7.405,7.32926136363636,100,96,27,20,176,14629,7712,6917,1822,2179,12450,7.58078199603527,8.03066855290456,7.07918807864681,7.36745605927552,7.50656232216613,7.59377192931727,65
"72",2018,4,7.3313805050505,198,7.91734774193548,6.81238095238095,7.0725,7.52125,7.3051916091954,93,105,20,24,174,14827,7805,7022,1842,2203,12624,7.57745148445404,8.02931828571428,7.0751985103959,7.36425349619978,7.50672233318202,7.58979434885932,66
"73",2018,5,7.35554285714286,175,7.94492957746479,6.95317307692308,7.29857142857143,7.08333333333333,7.37558282208589,71,104,28,12,163,15002,7876,7126,1870,2215,12787,7.57486289561392,8.0285575444388,7.07341761717654,7.36327002139038,7.5044285778781,7.58706372565887,67
"74",2018,6,7.51422818791946,149,8.00878378378378,7.02626666666667,7.23,7.23611111111111,7.5524427480916,74,75,30,18,131,15151,7950,7201,1900,2233,12918,7.57426659362418,8.02837348679245,7.07292652964866,7.36116575789474,7.50226569637259,7.58671263817928,68
"75",2018,7,7.39331081081081,148,7.75962025316456,6.97391304347826,7.33333333333333,7.45,7.38393700787402,79,69,18,21,127,15299,8029,7270,1918,2254,13045,7.57251605725864,8.02572913438784,7.07198678679505,7.36090455683003,7.50177874889086,7.58473850977386,69
"76",2018,8,7.37345048484848,165,7.8674205952381,6.86118518518519,6.93333333333333,7.53214285714286,7.35873728476821,84,81,21,14,151,15464,8113,7351,1939,2268,13196,7.57039203892913,8.0240900468384,7.06966398313155,7.3562738215575,7.50196618165785,7.58215240906335,70
"77",2018,9,7.55492647058824,136,7.89545454545455,7.11050847457627,6.82,7.94117647058824,7.49974789915966,77,59,15,17,119,15600,8190,7410,1954,2285,13315,7.57025721089744,8.02288065323565,7.06998919568151,7.35215708290686,7.50523382932166,7.58141593616222,71
"78",2018,10,7.33245614035088,171,7.79833333333333,6.81481481481481,6.5695652173913,7.14833333333333,7.35411764705882,90,81,23,18,153,15771,8280,7491,1977,2303,13468,7.5676788085727,8.02043992149758,7.06723000133493,7.34305257460799,7.50244433347807,7.57883376819127,72
"79",2018,11,7.27808139534884,172,7.70901234567901,6.89450549450549,7.10869565217391,7.59583333333333,7.22655405405405,81,91,23,24,148,15943,8361,7582,2000,2327,13616,7.56455450605281,8.01742286209783,7.06515694275916,7.34035747,7.50340752041255,7.57500464086369,73
"80",2018,12,7.35082802547771,157,7.89433734939759,6.74121621621622,6.81869565217391,6.97058823529412,7.397,83,74,23,17,140,16100,8444,7656,2023,2344,13756,7.56247034099379,8.01621299739459,7.06202585423197,7.33442656450816,7.49954321672355,7.57319302050014,74
"81",2019,1,7.48135056034483,232,7.9116393442623,7.00412118181818,7.17058823529412,7.74620689655172,7.4435139408867,122,110,34,29,203,16332,8566,7766,2057,2373,13959,7.56131801494,8.01472362246088,7.06120567473603,7.3317184929509,7.50255764854614,7.57130715094204,75
"82",2019,2,7.19452054794521,219,7.65054945054945,6.8703125,7.23214285714286,7.27666666666667,7.18148148148148,91,128,28,30,189,16551,8657,7894,2085,2403,14148,7.55646461361851,8.01089552385352,7.05811037116797,7.33038126618705,7.49973753641282,7.56609955612101,76
"83",2019,3,7.40366492146597,191,7.92974025974026,7.04833333333333,6.80357142857143,7.4,7.40426829268293,77,114,28,27,164,16742,8734,8008,2113,2430,14312,7.55472140843388,8.01018004923288,7.05797118756244,7.32340035021297,7.49862934156379,7.56424514533259,77
"84",2019,4,7.2741095890411,146,7.71962264150943,7.02021505376344,7,7.05357142857143,7.2975,53,93,27,14,132,16888,8787,8101,2140,2444,14444,7.55229546541923,8.00842751223398,7.05753774472287,7.31932006542056,7.49607990998363,7.56180743007477,78
"85",2019,5,7.34692857142857,140,7.8056338028169,6.87492753623188,6.84736842105263,7.37,7.34515384615385,71,69,19,10,130,17028,8858,8170,2159,2454,14574,7.55060698966409,8.00680204899525,7.05599550428396,7.31516671607226,7.49556613691932,7.55987488129546,79
"86",2019,6,7.2258904109589,146,7.79109375,6.78475609756098,7.11190476190476,7.59523809523809,7.16384,64,82,21,21,125,17174,8922,8252,2180,2475,14699,7.5478465016886,8.00525471306881,7.05330020237518,7.3132086880734,7.49641183838384,7.55650700864004,80
"87",2019,7,7.42464788732394,142,7.80928571428571,7.05069444444444,7.60384615384615,7.20909090909091,7.44274809160305,70,72,13,11,131,17316,8992,8324,2193,2486,14830,7.54683621044121,8.00372915369216,7.05327766338299,7.31493157318742,7.49514050683829,7.55550212542144,81
"88",2019,8,7.45482142857143,168,7.93267441860465,6.95365853658537,6.71590909090909,7.22333333333333,7.48789115646259,86,82,22,21,147,17484,9078,8406,2215,2507,14977,7.5459520601693,8.00305602004846,7.05230588508208,7.30898191422122,7.49286370163542,7.55483852039794,82
"89",2019,9,7.2656976744186,172,7.67278481012658,6.91989247311828,6.54615384615385,7.33181818181818,7.256,79,93,26,22,150,17656,9157,8499,2241,2529,15127,7.543221897372,8.00020667795129,7.05085695611248,7.300131610888,7.49146275207592,7.55187522443313,83
"90",2019,10,7.32200602409639,166,7.66836666666667,6.91184210526316,6.93,6.847,7.37267333333333,90,76,20,16,150,17822,9247,8575,2261,2545,15277,7.54116141959376,7.99697691683789,7.04962487113703,7.29685755860239,7.48741111984283,7.55011569810827,84
"91",2019,11,7.31974358974359,195,7.86666666666667,6.93114035087719,6.90689655172414,7.48125,7.28803680981595,81,114,29,32,163,18017,9328,8689,2290,2577,15440,7.53876498973192,7.99584536342195,7.04807034986765,7.29191918777293,7.48733461389212,7.54734893264249,85
"92",2019,12,7.48541071428571,224,7.98210416666667,7.112890625,7.32,6.784,7.57352763819095,96,128,30,25,199,18241,9424,8817,2320,2602,15639,7.53810979770846,7.99570538518675,7.04901137234887,7.29228230172414,7.48057697924673,7.54768204616663,86
"93",2020,1,7.31217543859649,285,7.7485,6.89089655172414,6.92973684210526,7.18552631578947,7.33165991902834,140,145,38,38,247,18526,9564,8962,2358,2640,15886,7.53463407211487,7.99208673672103,7.04645316558804,7.28643975402884,7.47633003787879,7.54432327332242,87
"94",2020,2,7.204,210,7.67317073170732,6.9034375,7.02592592592593,6.8875,7.26089887640449,82,128,27,32,178,18736,9646,9090,2385,2672,16064,7.53092820345858,7.98937565312046,7.04443930363036,7.2834905408805,7.46927818113772,7.54118273904382,88
"95",2020,3,7.4276875,160,7.9674358974359,6.91426829268293,6.76136363636364,7.340625,7.43736111111111,78,82,22,16,144,18896,9724,9172,2407,2688,16208,7.53005402307367,7.98919966577539,7.04327554186655,7.27871829663482,7.46851238839286,7.54026033563672,89
"96",2020,4,7.30758865248227,141,7.57775,6.95327868852459,6.58421052631579,7.17352941176471,7.32596774193548,80,61,19,17,124,19037,9804,9233,2426,2705,16332,7.5284063045648,7.98584226336189,7.04268095635221,7.2732790354493,7.46665852125693,7.53863332843497,90
"97",2020,5,7.18310755244755,143,7.46827917808219,6.88571428571429,6.468,6.88497047619048,7.2344262295082,73,70,25,21,122,19180,9877,9303,2451,2726,16454,7.52583186652763,7.98201700212615,7.04149986778458,7.26506525499796,7.462177432135,7.53637775130667,91
"98",2020,6,7.34672131147541,122,7.6796875,6.97931034482759,7,6.65384615384615,7.42935779816514,64,58,8,13,109,19302,9941,9361,2459,2739,16563,7.52469978240597,7.98007060959661,7.04111454652281,7.26420290361936,7.45834088353414,7.53567346012196,92
"99",2020,7,7.15912408759124,137,7.61739130434783,6.69411764705882,6.84736842105263,7.355,7.12564102564103,69,68,19,20,117,19439,10010,9429,2478,2759,16680,7.52212331910078,7.97757062237762,7.03861207657228,7.26100683615819,7.45759176513229,7.53279733333333,93
"100",2020,8,7.33,133,7.62231884057971,7.01484375,6.87352941176471,6.77647058823529,7.41112068965517,69,64,17,17,116,19572,10079,9493,2495,2776,16796,7.5208177600654,7.9751385980752,7.03845183503634,7.25836670941884,7.45342063400576,7.53195698499643,94
"101",2020,9,7.31984126984127,126,7.75873015873016,6.88095238095238,6.64285714285714,7.23958333333333,7.33872549019608,63,63,14,24,102,19698,10142,9556,2509,2800,16898,7.51953219616205,7.97379431374482,7.0374134857681,7.25493222000797,7.45158774285714,7.53079059770387,95
"102",2020,10,7.30771812080537,149,7.73412698412698,6.9953488372093,6.60714285714286,6.7,7.37574626865672,63,86,28,15,134,19847,10205,9642,2537,2815,17032,7.51794201642566,7.97231474081332,7.03703829807094,7.24778279069767,7.4475828348135,7.52957077970878,96
"103",2020,11,7.32529761904762,168,7.53915094339623,6.95967741935484,7.13636363636364,7.95,7.24087837837838,106,62,11,20,148,20015,10311,9704,2548,2835,17180,7.51632501623782,7.96786169430705,7.03654403029678,7.24730178178964,7.45112722398589,7.52708379045402,97
"104",2020,12,7.30707446808511,188,7.86304347826087,6.77427083333333,6.71666666666667,6.84478260869565,7.37151515151515,92,96,21,23,165,20203,10403,9800,2569,2858,17345,7.51437782507548,7.96693472363741,7.03397482346939,7.24296416504476,7.44624761371588,7.52560389276449,98
"105",2021,1,7.43057062146893,177,7.80411,6.94545454545455,7.04117647058824,7.6895,7.40125786163522,100,77,17,18,159,20380,10503,9877,2586,2876,17504,7.51364996074583,7.96538445491764,7.03328472916878,7.24163764114462,7.44777005563282,7.52447437842779,99
"106",2021,2,7.38710526315789,152,7.7816444,7.0028138961039,6.95555555555556,7.4005,7.38507575757576,75,77,18,20,132,20532,10578,9954,2604,2896,17636,7.51271314046367,7.96408170353563,7.03304901948965,7.23966011520737,7.44744360497237,7.52343102290769,100
"107",2021,3,7.35098360655738,122,7.92757575757576,6.67142857142857,6.95,7.09473684210526,7.39825242718447,66,56,14,19,103,20654,10644,10010,2618,2915,17739,7.51175782899196,7.96385534197669,7.03102596803197,7.23811113063407,7.44514465866209,7.52270418400135,101
"108",2021,4,7.38828828828829,111,7.80188679245283,7.01034482758621,7.54666666666667,7.83333333333333,7.34901960784314,53,58,15,9,102,20765,10697,10068,2633,2924,17841,7.5110978184445,7.96305284285313,7.03090682757251,7.2398689479681,7.44633949384405,7.52171120004484,102
"109",2021,5,7.56281395348837,129,8.05,7.03633870967742,7.00277777777778,7.23515,7.62293577981651,67,62,18,20,109,20894,10764,10130,2651,2944,17950,7.51141711496123,7.9635940412486,7.03094007305035,7.23825912485854,7.44490478260869,7.52232587855153,103
"110",2021,6,7.37421875,128,7.84193548387097,6.93484848484848,7.2375,7.54285714285714,7.35350877192982,62,66,16,14,114,21022,10826,10196,2667,2958,18064,7.51058173342213,7.96289730833179,7.03031806002354,7.23825457067866,7.44536838404327,7.52126049158547,104
"111",2021,7,7.46682222222222,135,7.87856578947368,6.9364406779661,7.15625,6.65882352941177,7.58322881355932,76,59,16,17,118,21157,10902,10255,2683,2975,18182,7.51030250980763,7.9623094166208,7.02977795611897,7.23776553857622,7.44087384201681,7.52166266197338,105
"112",2021,8,7.52647972972973,148,7.8206049382716,7.17089552238806,6.92142857142857,7.63233333333333,7.50897637795276,81,67,14,21,127,21305,10983,10322,2697,2996,18309,7.51041488852382,7.96126434125466,7.03069394884712,7.23612344827586,7.44221584779706,7.52157466382653,106
"113",2021,9,7.50535714285714,112,7.68965517241379,7.30740740740741,7.13125,7.70666666666667,7.47422680412371,58,54,16,15,97,21417,11041,10376,2713,3011,18406,7.51038843909044,7.95983753826646,7.0321340535852,7.23550495392554,7.44353327133842,7.52132513962838,107
"114",2021,10,7.38024844720497,161,7.8875,6.96988764044944,6.77272727272727,7.07857142857143,7.44375939849624,72,89,22,28,133,21578,11113,10465,2735,3039,18539,7.50941742515525,7.95936887069198,7.03160467654085,7.23178242778793,7.440170674564,7.52076867792222,108
"115",2021,11,7.13798507462687,134,7.64907692307692,6.65652173913043,6.65625,6.39285714285714,7.22491666666667,65,69,16,14,120,21712,11178,10534,2751,3053,18659,7.50712505526898,7.95756452495974,7.02914780140498,7.22843509269356,7.43536805764821,7.51886599067474,109
"116",2021,12,7.44549021390374,187,7.8989964516129,6.9968085106383,7.10526315789474,7.39583333333333,7.45280165644172,93,94,19,24,163,21899,11271,10628,2770,3077,18822,7.50659874286497,7.95708126430662,7.02886177455777,7.22759023104693,7.43505969450764,7.51829386834555,110
"117",2022,1,7.2867028,275,7.80796389312977,6.8125,6.46060606060606,7.14384615384615,7.30161955823293,131,144,33,26,249,22174,11402,10772,2803,3103,19071,7.50387161269956,7.95536802315383,7.0259694522837,7.21856044951837,7.43261961972285,7.51546486602695,111
"118",2022,2,7.35974025974026,154,7.74941176470588,6.87971014492754,6.53181818181818,7.19047619047619,7.38646616541353,85,69,22,21,133,22328,11487,10841,2825,3124,19204,7.50287751433178,7.95384401497344,7.02503855179412,7.21321236814159,7.4309918950064,7.51457146740262,112
"119",2022,3,7.39794117647059,136,7.92847222222222,6.80109375,6.9,7.49090909090909,7.38976,72,64,10,11,125,22464,11559,10905,2835,3135,19329,7.50224221599003,7.95368597629552,7.02372424942687,7.21210756261023,7.4312021307815,7.51376431579492,113
"120",2022,4,7.49143055555556,144,7.5997037037037,7.35222222222222,7.37857142857143,7.29166666666667,7.51465891472868,81,63,14,15,129,22608,11640,10968,2849,3150,19458,7.50217335191083,7.9512226975945,7.02561113603209,7.21292556686557,7.43053767619048,7.51377024668516,114
"121",2022,5,7.44479532163743,171,7.85876288659794,6.90216216216216,6.9224,7.47222222222222,7.44156862745098,97,74,25,18,153,22779,11737,11042,2874,3168,19611,7.50174261995698,7.9504585669251,7.02478381996015,7.21039837856646,7.43077452020202,7.51320694814135,115
"122",2022,6,7.34653409090909,176,7.6659793814433,6.95430379746835,6.86052631578947,7.80684210526316,7.29082802547771,97,79,19,19,157,22955,11834,11121,2893,3187,19768,7.50055260901764,7.94812677032279,7.02428315259419,7.20810056688559,7.43301652965171,7.51144078611898,116
"123",2022,7,7.32793548387097,155,7.5520987654321,7.08256756756757,7.38727272727273,7.19,7.33544217687075,81,74,11,8,147,23110,11915,11195,2904,3195,19915,7.49939485677196,7.94543451112043,7.02466841804377,7.20877924931129,7.43240803755868,7.51014167511925,117
"124",2022,8,7.48374572164948,194,7.86852855855856,6.96915662650602,6.6325,7.49380952380952,7.48252410404624,111,83,16,21,173,23304,12026,11278,2920,3216,20088,7.49926458161689,7.94472466905038,7.02425988118461,7.20562155479452,7.4328089800995,7.50990382964954,118
