"","year","month","avg_rating","no_ratings","avg_rating_owned","avg_rating_not_owned","avg_rating_prev_owned","avg_rating_comment","avg_rating_no_comment","no_ratings_owned","no_ratings_not_owned","no_ratings_prev_owned","no_ratings_comment","no_ratings_no_comment","cum_no_ratings","cum_no_ratings_owned","cum_no_ratings_not_owned","cum_no_ratings_prev_owned","cum_no_ratings_comment","cum_no_ratings_no_comment","cum_avg_rating","cum_avg_rating_owned","cum_avg_rating_not_owned","cum_avg_rating_prev_owned","cum_avg_rating_comment","cum_avg_rating_no_comment","month_after_release"
"1",2012,6,8.16666666666667,3,9,7.75,5.5,9,7.75,1,2,1,1,2,3,1,2,1,1,2,8.16666666666667,9,7.75,5.5,9,7.75,-4
"2",2012,8,7,4,7,7,NA,7,7,2,2,0,1,3,7,3,4,1,2,5,7.5,7.66666666666667,7.375,5.5,8,7.3,-2
"3",2012,9,9.28571428571429,7,9.375,9.16666666666667,9,10,9.16666666666667,4,3,1,1,6,14,7,7,2,3,11,8.39285714285714,8.64285714285714,8.14285714285714,7.25,8.66666666666667,8.31818181818182,-1
"4",2012,10,8.51818181818182,33,8.70740740740741,7.66666666666667,8,8.375,8.564,27,6,3,8,25,47,34,13,5,11,36,8.48085106382979,8.69411764705882,7.92307692307692,7.7,8.45454545454546,8.48888888888889,0
"5",2012,11,7.96625,120,8.53333333333333,6.78846153846154,6.86666666666667,7.39285714285714,8.14076086956522,81,39,15,28,92,167,115,52,20,39,128,8.11107784431138,8.58086956521739,7.07211538461539,7.075,7.69230769230769,8.238671875,1
"6",2012,12,7.91212121212121,99,8.24109589041096,6.98846153846154,7,7.48421052631579,8.01375,73,26,8,19,80,266,188,78,28,58,208,8.03703007518797,8.44893617021277,7.04423076923077,7.05357142857143,7.62413793103448,8.15216346153846,2
"7",2013,1,7.8570652173913,92,8.15725806451613,7.23666666666667,7.44285714285714,7.76842105263158,7.88013698630137,62,30,7,19,73,358,250,108,35,77,281,7.99078212290503,8.3766,7.09768518518519,7.13142857142857,7.65974025974026,8.08149466192171,3
"8",2013,2,8.06173913043478,115,8.53116883116883,7.11052631578947,7.5,8.07727272727273,8.05806451612903,77,38,15,22,93,473,327,146,50,99,374,8.00803382663848,8.41299694189603,7.10102739726027,7.242,7.75252525252525,8.07566844919786,4
"9",2013,3,7.76910569105691,123,8.129375,7.09883720930233,7.340625,7.58703703703704,7.8203125,80,43,16,27,96,596,407,189,66,126,470,7.95872483221476,8.35724815724816,7.1005291005291,7.26590909090909,7.71706349206349,8.02351063829787,5
"10",2013,4,7.77826086956522,115,8.1375,6.95714285714286,7.28571428571429,7.60869565217391,7.82065217391304,80,35,7,23,92,711,487,224,73,149,562,7.9295358649789,8.3211498973306,7.078125,7.26780821917808,7.7003355704698,7.9903024911032,6
"11",2013,5,7.626953125,128,8.21455696202532,6.67959183673469,7.10416666666667,7.3530303030303,7.72210526315789,79,49,24,33,95,839,566,273,97,182,657,7.88337306317044,8.30627208480565,7.00659340659341,7.22731958762887,7.63736263736264,7.95152207001522,7
"12",2013,6,7.77439024390244,123,8.289375,6.81627906976744,6.95384615384615,7.46041666666667,7.85050505050505,80,43,13,24,99,962,646,316,110,206,756,7.86943866943867,8.30417956656347,6.98069620253165,7.195,7.61674757281553,7.93829365079365,8
"13",2013,7,7.77190082644628,121,8.31901408450704,6.995,7.15625,7.16666666666667,7.94574468085106,71,50,16,27,94,1083,717,366,126,233,850,7.85854108956602,8.30564853556485,6.98265027322404,7.19007936507936,7.56459227467811,7.93911764705882,9
"14",2013,8,7.83457943925234,107,8.20606060606061,7.23658536585366,7.01428571428571,7.40454545454545,7.94588235294118,66,41,14,22,85,1190,783,407,140,255,935,7.85638655462185,8.29725415070243,7.00823095823096,7.1725,7.55078431372549,7.93973262032086,10
"15",2013,9,7.71920731707317,164,8.13785046728972,6.93333333333333,6.95,7.12413793103448,7.84703703703704,107,57,24,29,135,1354,890,464,164,284,1070,7.83977104874446,8.27808988764045,6.99903017241379,7.13993902439024,7.50721830985916,7.92803738317757,11
"16",2013,10,7.53584899371069,159,7.85679611650485,6.94553553571429,6.71666666666667,7.41857114285714,7.56895161290323,103,56,21,35,124,1513,993,520,185,319,1194,7.8078321150033,8.23439073514602,6.99326921153846,7.09189189189189,7.49749213166144,7.89074539363484,12
"17",2013,11,7.55086705202312,173,8.07067307692308,6.76739130434783,7.16129032258065,7.15,7.64184397163121,104,69,31,32,141,1686,1097,589,216,351,1335,7.781465,8.21886964448496,6.96680813242784,7.10185185185185,7.46581193732194,7.86445692883895,13
"18",2013,12,7.48892215568862,167,7.89128440366972,6.73275862068965,6.52777777777778,7.32738095238095,7.5432,109,58,18,42,125,1853,1206,647,234,393,1460,7.75509983270372,8.18926202321725,6.94582687789799,7.05769230769231,7.45101778625954,7.83695205479452,14
"19",2014,1,7.56818181818182,242,7.82654320987654,7.045,6.921875,7.40444444444444,7.60558375634518,162,80,32,45,197,2095,1368,727,266,438,1657,7.73350834844869,8.14630847953216,6.95674001375516,7.04135338345865,7.44623285388128,7.80944477972239,15
"20",2014,2,7.50236842105263,190,7.98589743589744,6.72739726027397,6.776,6.87428571428571,7.6441935483871,117,73,25,35,155,2285,1485,800,291,473,1812,7.71428883588621,8.13367003367003,6.9358124875,7.01855670103093,7.40391118393235,7.79530905077263,16
"21",2014,3,7.53850931677019,161,7.87216494845361,7.0328125,7.04347826086957,7.62592592592593,7.52089552238806,97,64,23,27,134,2446,1582,864,314,500,1946,7.70271872035977,8.11763590391909,6.94299767361111,7.0203821656051,7.41589998,7.77641315519013,17
"22",2014,4,7.67975,124,7.9725,7.14747727272727,7.17445,7.80434782608696,7.65137623762376,80,44,20,23,101,2570,1662,908,334,523,2047,7.70161050194552,8.11064981949459,6.95290637665198,7.02960778443114,7.43298277246654,7.77024377137274,18
"23",2014,5,7.43483606557377,122,7.65833333333333,7.03863636363636,6.80434782608696,6.96206896551724,7.58225806451613,78,44,23,29,93,2692,1740,952,357,552,2140,7.68952042719168,8.09037356321839,6.95686868697479,7.01509523809524,7.40824273550725,7.76207429906542,19
"24",2014,6,7.22008208955224,134,7.72916666666667,6.62888709677419,6.78888888888889,6.93181818181818,7.27670535714286,72,62,27,22,112,2826,1812,1014,384,574,2252,7.66726114295824,8.07602097130243,6.93681458579882,6.99919010416667,7.38998256097561,7.7379351687389,20
"25",2014,7,7.34577922077922,154,7.76195652173913,6.72822580645161,6.875,7.06296296296296,7.40590551181102,92,62,24,27,127,2980,1904,1076,408,601,2379,7.65064764765101,8.0608455882353,6.92479552973978,6.99188480392157,7.37529116472546,7.72021017234132,21
"26",2014,8,7.3463768115942,138,7.96103896103896,6.57049180327869,6.71428571428571,7.08148148148148,7.41081081081081,77,61,28,27,111,3118,1981,1137,436,628,2490,7.63718088197562,8.05696617869763,6.90578715039578,6.97405733944954,7.36265921974522,7.70641767068273,22
"27",2014,9,7.20443548387097,124,7.73571428571429,6.33404255319149,6.275,7.23125,7.19510869565217,77,47,20,32,92,3242,2058,1184,456,660,2582,7.62062923812461,8.04494655004859,6.88309120777027,6.94339692982456,7.35628786363636,7.68819907048799,23
"28",2014,10,7.26930769230769,130,7.68410256410256,6.64711538461538,6.668,6.69090909090909,7.38712962962963,78,52,25,22,108,3372,2136,1236,481,682,2690,7.60708481316726,8.03176966292135,6.8731634223301,6.92908316008316,7.33482403225806,7.67611152416357,24
"29",2014,11,7.37261146496815,157,7.97043010752688,6.50390625,6.36428571428571,6.97692307692308,7.45114503816794,93,64,28,26,131,3529,2229,1300,509,708,2821,7.59665344006801,8.02921040825482,6.85498460769231,6.8980137524558,7.32168077683616,7.66566465792272,25
"30",2014,12,7.21687116564417,163,7.78622448979592,6.35846153846154,6.47241379310345,6.71,7.3312030075188,98,65,29,30,133,3692,2327,1365,538,738,2954,7.57988623781148,8.01897722389343,6.83134065201465,6.87507249070632,7.29681570460705,7.65060595802302,26
"31",2015,1,7.54074074074074,243,7.78958333333333,6.98333333333333,6.94354838709677,7.65441176470588,7.52224880382775,168,75,31,34,209,3935,2495,1440,569,772,3163,7.57746886658196,8.00353106212425,6.8392569375,6.87880316344464,7.31256475388601,7.64212456528612,27
"32",2015,2,7.29464285714286,196,7.66880341880342,6.74050632911392,6.80416666666667,7.27083333333333,7.29796511627907,117,79,36,24,172,4131,2612,1519,605,796,3335,7.5640498644396,7.98853751914242,6.83412112574062,6.87436198347107,7.3113065201005,7.6243748125937,28
"33",2015,3,7.58934426229508,183,7.84,7.21164383561644,6.958,7.57413793103448,7.59220779220779,110,73,25,29,154,4314,2722,1592,630,825,3489,7.56512285350023,7.98253490080823,6.85143215452261,6.87768095238095,7.32054544242424,7.62295500143308,29
"34",2015,4,7.26980519480519,154,7.7460396039604,6.3622641509434,6.58333333333333,7.2,7.2773381294964,101,53,24,15,139,4468,2823,1645,654,840,3628,7.55494404431513,7.97407368048176,6.83567172644377,6.86687920489297,7.31839284523809,7.60971334068357,30
"35",2015,5,7.49544117647059,136,7.93512195121951,6.82777777777778,6.83333333333333,7.38235294117647,7.51159663865546,82,54,21,17,119,4604,2905,1699,675,857,3747,7.5531863575152,7.97297418244406,6.83542082989994,6.86583555555556,7.31966159859977,7.60659727782226,31
"36",2015,6,7.42114503816794,131,7.7879746835443,6.86384615384615,6.572,7.124,7.49122641509434,79,52,25,25,106,4735,2984,1751,700,882,3853,7.54953326082365,7.96807640750671,6.83626498572245,6.85534142857143,7.31411563492063,7.6034233065144,32
"37",2015,7,7.325,160,7.76275510204082,6.63306451612903,6.55714285714286,6.71304347826087,7.42773722627737,98,62,28,23,137,4895,3082,1813,728,905,3990,7.54219407354443,7.96154769630111,6.8293160452289,6.84387225274725,7.2988397679558,7.59739097744361,33
"38",2015,8,7.38263636363636,187,7.6859649122807,6.90894520547945,7.01470731707317,7.49782608695652,7.36648170731707,114,73,41,23,164,5082,3196,1886,769,928,4154,7.53632290240063,7.95171777221527,6.83239819194062,6.85298049414824,7.30377154094827,7.58827467501204,34
"39",2015,9,7.45123456790123,162,7.67358490566038,7.03035714285714,6.84545454545455,6.975,7.53405797101449,106,56,22,24,138,5244,3302,1942,791,952,4292,7.53369431540808,7.94278921865536,6.83810658599382,6.85277117572693,7.29548318277311,7.58653145386766,35
"40",2015,10,7.46676470588235,170,7.76633663366337,7.02826086956522,6.95535714285714,7.00666666666667,7.56535714285714,101,69,28,30,140,5414,3403,2011,819,982,4432,7.53159272072405,7.93755215985895,6.84463102436599,6.85627838827839,7.28665986761711,7.58586259025271,36
"41",2015,11,7.41173708920188,213,7.75300751879699,6.844375,6.73913043478261,7.26323529411765,7.43994413407821,133,80,23,34,179,5627,3536,2091,842,1016,4611,7.52705580060423,7.93061085972851,6.844621229077,6.8530783847981,7.28587597440945,7.5801980047712,37
"42",2015,12,7.35414285714286,210,7.76489361702128,6.51478260869565,6.56730769230769,7.8390625,7.26696629213483,141,69,26,32,178,5837,3677,2160,868,1048,4789,7.5208348449546,7.92425618710906,6.83408471759259,6.84451843317972,7.30276716603053,7.56855564836083,38
"43",2016,1,7.28510638297872,235,7.59383116883117,6.69814814814815,6.63970588235294,7.22592592592593,7.29278846153846,154,81,34,27,208,6072,3831,2241,902,1075,4997,7.51171162549407,7.91097363612634,6.82917134761267,6.83679822616408,7.3008372,7.55707684610766,39
"44",2016,2,7.30965909090909,176,7.57476190476191,6.91760563380282,6.96363636363636,6.94,7.38561643835616,105,71,22,30,146,6248,3936,2312,924,1105,5143,7.50602000480153,7.90200457317073,6.83188710640139,6.83981818181818,7.29104071493213,7.5522094108497,40
"45",2016,3,7.22064736842105,190,7.67246218487395,6.46338028169014,6.31034482758621,6.80652173913044,7.27768263473054,119,71,29,23,167,6438,4055,2383,953,1128,5310,7.49759801025163,7.8952683107275,6.82090767519933,6.82370619097587,7.28116133865248,7.54357551789077,41
"46",2016,4,7.31407035175879,199,7.71654676258993,6.38166666666667,6.72608695652174,7.00769230769231,7.36011560693642,139,60,23,26,173,6637,4194,2443,976,1154,5483,7.49209522223896,7.88934501669051,6.81011993041343,6.82140573770492,7.27499999133449,7.53778697793179,42
"47",2016,5,7.36465968586387,191,7.77103174603175,6.57692307692308,6.68709677419355,7.29761904761905,7.37294117647059,126,65,31,21,170,6828,4320,2508,1007,1175,5653,7.48853046133568,7.88589421296297,6.8040761523126,6.81727110228401,7.27540424680851,7.53282964797453,43
"48",2016,6,7.42291666666667,192,7.70076335877863,6.82622950819672,6.42631578947368,7.6,7.39268292682927,131,61,19,28,164,7020,4451,2569,1026,1203,5817,7.48673589601139,7.88044551786116,6.80460217594395,6.81003118908382,7.28295926018287,7.52887845968712,44
"49",2016,7,7.30229813664596,161,7.61486486486486,6.6084,6.54315789473684,7.05,7.34014285714286,111,50,19,21,140,7181,4562,2619,1045,1224,5957,7.48260075059184,7.87398355984218,6.80085642993509,6.80517894736842,7.27896241013072,7.52444284035588,45
"50",2016,8,7.20663265306122,196,7.56134453781513,6.65844155844156,6.4875,7.12380952380952,7.21657142857143,119,77,32,21,175,7377,4681,2696,1077,1245,6132,7.47526853599024,7.86603567613758,6.79678894287834,6.7957400185701,7.27634537349397,7.515656555773,46
"51",2016,9,7.14520958083832,167,7.64473684210526,6.07075471698113,6.39423076923077,6.93939393939394,7.19589552238806,114,53,26,33,134,7544,4795,2749,1103,1278,6266,7.46796208775185,7.86077434827946,6.78279119316115,6.78627561196736,7.26764474960876,7.50881838493457,47
"52",2016,10,7.47680710659898,197,7.82023846153846,6.81044776119403,6.88181818181818,7.23461538461538,7.51363157894737,130,67,33,26,171,7741,4925,2816,1136,1304,6437,7.46818718382638,7.85970436548224,6.78344921519887,6.78905105633803,7.26698618865031,7.50894624825229,48
"53",2016,11,7.26632978723404,188,7.60413223140496,6.65626865671642,6.52678571428571,7.42857142857143,7.2379375,121,67,28,28,160,7929,5046,2883,1164,1332,6597,7.463401058141,7.85357590170432,6.78049357960458,6.78274226804124,7.27038287537537,7.50237335152342,49
"54",2016,12,7.30670103092783,194,7.50384615384615,6.90625,6.84782608695652,7.28333333333333,7.3109756097561,130,64,23,30,164,8123,5176,2947,1187,1362,6761,7.45965862243013,7.84479211746523,6.78322463182898,6.78400336983993,7.2706681277533,7.4977306611448,50
"55",2017,1,7.22241245136187,257,7.63161676646707,6.46311111111111,6.78690476190476,6.83648648648649,7.28731818181818,167,90,42,37,220,8380,5343,3037,1229,1399,6981,7.45238269570406,7.83812914093207,6.77373822522226,6.78410252237592,7.25918512508935,7.4910996991835,51
"56",2017,2,7.36358744394619,223,7.71241830065359,6.60114285714286,6.82931034482759,7.47105263157895,7.34151351351351,153,70,29,38,185,8603,5496,3107,1258,1437,7166,7.45008101708706,7.83462954876274,6.76984969102028,6.78514467408585,7.26478774530271,7.48723792910969,52
"57",2017,3,7.47571428571429,196,7.74051094890511,6.86084745762712,6.91304347826087,7.188,7.51777777777778,137,59,23,25,171,8799,5633,3166,1281,1462,7337,7.45065200477327,7.83234049352033,6.77154548010108,6.78744106167057,7.26347468536252,7.4879497069647,53
"58",2017,4,7.34327485380117,171,7.7045045045045,6.675,6.80740740740741,6.76470588235294,7.40714285714286,111,60,27,17,154,8970,5744,3226,1308,1479,7491,7.44860501560758,7.82987012534819,6.76974984190949,6.78785321100917,7.25774171061528,7.48628847950874,54
"59",2017,5,7.28969696969697,165,7.63362831858407,6.54230769230769,6.07142857142857,6.71481481481482,7.40217391304348,113,52,14,27,138,9135,5857,3278,1322,1506,7629,7.44573475533662,7.82608400204883,6.76614185173887,6.78026626323752,7.24800796148738,7.4847669419321,55
"60",2017,6,7.2390243902439,164,7.62452830188679,6.53448275862069,6.18,7.035,7.26736111111111,106,58,25,20,144,9299,5963,3336,1347,1526,7773,7.44208914829551,7.82250109005534,6.76211420563549,6.76912546399406,7.24521624508519,7.48073935417471,56
"61",2017,7,7.14571428571429,140,7.69484536082474,5.90697674418605,5.94444444444444,7.05263157894737,7.1603305785124,97,43,18,19,121,9439,6060,3379,1365,1545,7894,7.43769329272168,7.82045775577558,6.75123201834863,6.75825054945055,7.24284788996764,7.47582809728908,57
"62",2017,8,7.28938202247191,178,7.62916666666667,6.58637931034483,6.10625,7.23421052631579,7.2959748427673,120,58,16,19,159,9617,6180,3437,1381,1564,8053,7.43494821565977,7.8167433656958,6.74845009892348,6.75069659666908,7.24274296035806,7.47227703961257,58
"63",2017,9,7.44560240963855,166,7.93305555555556,6.53793103448276,6.3,7.15416666666667,7.49485915492958,108,58,15,24,142,9783,6288,3495,1396,1588,8195,7.43512899826229,7.81874109414759,6.74495650643777,6.74585386819484,7.24140427581864,7.47266833435021,59
"64",2017,10,7.13587570621469,177,7.49,6.61944444444444,6.67241379310345,6.73,7.18757961783439,105,72,29,20,157,9960,6393,3567,1425,1608,8352,7.42981094277108,7.81334178007195,6.7424230417718,6.74435929824561,7.2350435261194,7.46730926724138,60
"65",2017,11,7.19403720930233,215,7.55055319148936,6.51472972972973,6.40909090909091,6.84777777777778,7.24376595744681,141,74,33,27,188,10175,6534,3641,1458,1635,8540,7.42482899164619,7.80767095194368,6.7377953831365,6.73677091906722,7.22864831192661,7.46238817330211,61
"66",2017,12,7.17205445544554,202,7.46603846153846,6.64125,6.446875,7.22116666666667,7.16348837209302,130,72,32,30,172,10377,6664,3713,1490,1665,8712,7.41990845041919,7.80100645258103,6.73592323996768,6.73054496644295,7.22851350750751,7.45648702938476,62
"67",2018,1,7.21734082397004,267,7.48109195402299,6.72387096774194,6.36264705882353,6.98421052631579,7.25602620087336,174,93,34,38,229,10644,6838,3806,1524,1703,8941,7.4148271317174,7.79286589646095,6.73562874146085,6.72233727034121,7.22306223722842,7.45135275696231,63
"68",2018,2,7.14016853932584,178,7.43114035087719,6.621875,6.45416666666667,6.83095238095238,7.18152866242038,114,64,24,21,157,10822,6952,3870,1548,1724,9098,7.41030955368693,7.78693426352129,6.73374754263566,6.71817958656331,7.21828595707657,7.44669652670917,64
"69",2018,3,7.07748538011696,171,7.4243119266055,6.46774193548387,5.56818181818182,6.82222222222222,7.10751633986928,109,62,22,18,153,10993,7061,3932,1570,1742,9251,7.40513235604475,7.78133649624699,6.72955315106816,6.70206496815287,7.21419345005741,7.44108690952329,65
"70",2018,4,7.19970238095238,168,7.52466101694915,6.4328,6.26,7.0196,7.23118881118881,118,50,15,25,143,11161,7179,3982,1585,1767,9394,7.40204013887644,7.77711756512049,6.72582696885987,6.69788138801262,7.21144028862479,7.43789173940813,66
"71",2018,5,7.1716339869281,153,7.6965306122449,6.23636363636364,6.08333333333333,7.52,7.13376811594203,98,55,24,15,138,11314,7277,4037,1609,1782,9532,7.39892434063991,7.77603229352755,6.71915853108744,6.68871472964574,7.21403759259259,7.4334887746538,67
"72",2018,6,6.74272727272727,110,7.46065573770492,5.84897959183674,5.555,6.40625,6.8,61,49,20,16,94,11424,7338,4086,1629,1798,9626,7.39260591649159,7.77341060234396,6.70872319872736,6.6747955801105,7.20684927141268,7.42730261790983,68
"73",2018,7,7.04426229508197,122,7.44390243902439,6.225,5.90625,7.01111111111111,7.05,82,40,16,18,104,11546,7420,4126,1645,1816,9730,7.38892516802355,7.76976913746631,6.70403368637906,6.66732036474164,7.20490913546255,7.42326978417266,69
"74",2018,8,7.18154471544715,123,7.46056818181818,6.48,7.05882352941176,6.54090909090909,7.24446428571429,88,35,17,11,112,11669,7508,4161,1662,1827,9842,7.38673922272688,7.76614504528503,6.70214924056717,6.67132490974729,7.20091132457581,7.4212350132087,70
"75",2018,9,7.05455473282443,131,7.55471548780488,6.21755102040816,5.96153846153846,7.06666666666667,7.05298853448276,82,49,13,15,116,11800,7590,4210,1675,1842,9958,7.3830514118644,7.76386082608696,6.69650902375297,6.66581611940298,7.19981812703583,7.41694533741715,71
"76",2018,10,7.15590551181102,127,7.46392405063291,6.64895833333333,6.84523809523809,7.0625,7.16936936936937,79,48,21,16,111,11927,7669,4258,1696,1858,10069,7.38063273748637,7.76077111357413,6.69597298966651,6.66803773584906,7.19863562432723,7.41421607607508,72
"77",2018,11,7.25669751445087,173,7.53560236842105,6.71779661016949,6.59137931034483,6.96363636363636,7.32577621428571,114,59,29,33,140,12100,7783,4317,1725,1891,10209,7.37886077107438,7.75747299755878,6.69627125086866,6.66674898550724,7.19453463246959,7.41300326574591,73
"78",2018,12,7.05534351145038,131,7.55933333333333,6.38035714285714,6.39090909090909,7.25526315789474,7.02142857142857,75,56,22,19,112,12231,7858,4373,1747,1910,10321,7.37539574278473,7.75558187070502,6.69222570089184,6.66327532913566,7.1951387382199,7.40875402964829,74
"79",2019,1,7.08961807291667,192,7.42085336,6.47164179104478,6.36071428571429,6.68518518518519,7.155798,125,67,28,27,165,12423,7983,4440,1775,1937,10486,7.37097899058198,7.75034060002505,6.68889706981982,6.65850253521127,7.18803045431079,7.404773699218,75
"80",2019,2,7.33951048951049,143,7.64191919191919,6.65909090909091,6.975,7.10714285714286,7.36472868217054,99,44,16,14,129,12566,8082,4484,1791,1951,10615,7.37062088174439,7.74901249814403,6.68860459188225,6.66132998324958,7.18745002050231,7.40428704757419,76
"81",2019,3,7.17340909090909,132,7.58512820512821,6.5787037037037,6.38888888888889,6.87142857142857,7.20923728813559,78,54,18,14,118,12698,8160,4538,1809,1965,10733,7.36857079855095,7.74744595710784,6.68729682459233,6.65861912658927,7.18519846819339,7.4021426451132,77
"82",2019,4,7.27275862068965,116,7.55505882352941,6.49870967741936,6.444,6.81818181818182,7.32038095238095,85,31,15,11,105,12814,8245,4569,1824,1976,10838,7.36770344935227,7.74546258459673,6.68601728824688,6.65685416666667,7.18315535931174,7.40135052684997,78
"83",2019,5,7.06785714285714,126,7.41883116883117,6.51632653061225,5.92962962962963,6.83333333333333,7.11476190476191,77,49,27,21,105,12940,8322,4618,1851,1997,10943,7.36478377125193,7.7424404001442,6.68421675833694,6.64624635332253,7.1794767100651,7.39860065886868,79
"84",2019,6,6.90766666666667,120,7.3656,6.14444444444444,5.86842105263158,6.72666666666667,6.93352380952381,75,45,19,15,105,13060,8397,4663,1870,2012,11048,7.36058361408882,7.73907455162558,6.67900771820716,6.63834331550802,7.17610088966203,7.39418057657495,80
"85",2019,7,7.18507462686567,134,7.46914893617021,6.5175,6.19473684210526,6.65384615384615,7.24214876033058,94,40,19,13,121,13194,8491,4703,1889,2025,11169,7.35880112172199,7.73608632787658,6.67763406123751,6.63388141874007,7.17274814320988,7.39253353120244,81
"86",2019,8,7.03041307692308,156,7.39960396039604,6.35244436363636,6.19323652173913,6.96086956521739,7.04243939849624,101,55,23,23,133,13350,8592,4758,1912,2048,11302,7.35496377827715,7.73213093691807,6.67387503783102,6.62858077405858,7.17036864746094,7.38841368341887,82
"87",2019,9,7.17447552447552,143,7.56041666666667,6.38617021276596,6.5,7.32777777777778,7.1524,96,47,17,18,125,13493,8688,4805,1929,2066,11427,7.35305094789891,7.73023354166667,6.67106085952133,6.6274476101607,7.17174007260407,7.38583192876521,83
"88",2019,10,7.05082431654676,139,7.49377418604651,6.33207547169811,6.62173913043478,6.9375,7.06556569105691,86,53,23,16,123,13632,8774,4858,1952,2082,11550,7.34996926496479,7.7279158411215,6.66736258336764,6.62738034836065,7.16993995677233,7.3824213012987,84
"89",2019,11,7.062,125,7.35988372093023,6.40512820512821,5.89473684210526,6.985,7.07666666666667,86,39,19,20,105,13757,8860,4897,1971,2102,11655,7.34735269462819,7.72434352031603,6.66527413314274,6.62031782851344,7.16818029971456,7.37966675504076,85
"90",2019,12,7.08171178343949,157,7.34009408602151,6.70625,6.22692307692308,7.0625,7.08517857142857,93,64,26,24,133,13914,8953,4961,1997,2126,11788,7.34435530904125,7.72035209873786,6.66580274742995,6.61519601402103,7.16698729539041,7.37634414489311,86
"91",2020,1,7.04848220512821,195,7.46877963235294,6.07966101694915,5.68181818181818,6.87272727272727,7.0708325433526,136,59,22,22,173,14109,9089,5020,2019,2148,11961,7.34026605712666,7.71658778413467,6.65891383067729,6.60502547795939,7.16397345903166,7.37192532480562,87
"92",2020,2,6.8630792,150,7.32359873684211,6.06763636363636,6.35882352941176,6.11363636363636,6.9918896875,95,55,17,22,128,14259,9184,5075,2036,2170,12089,7.33524620800898,7.71252267530488,6.65250589753694,6.60296976424361,7.15332488018433,7.36790145504178,88
"93",2020,3,7.03205128205128,156,7.37403846153846,6.34807692307692,5.85789473684211,6.57894736842105,7.0948905109489,104,52,19,19,137,14415,9288,5127,2055,2189,12226,7.3319650142213,7.70873258505599,6.6494182621416,6.59608099270073,7.14833941982641,7.36484219613938,89
"94",2020,4,7.09424244755245,143,7.40955329896907,6.42934782608696,6.13157894736842,6.53529411764706,7.16965611111111,97,46,19,17,126,14558,9385,5173,2074,2206,12352,7.329629918258,7.7056403750666,6.64746132418326,6.59182567020251,7.14361513599275,7.36285114637306,90
"95",2020,5,7.03310810810811,148,7.40568181818182,6.48666666666667,6.525,6.675,7.0890625,88,60,32,20,128,14706,9473,5233,2106,2226,12480,7.32664574663402,7.70285389211443,6.64561770112746,6.59081027540361,7.1394047574124,7.36004305769231,91
"96",2020,6,7.29049586776859,121,7.6625,6.29848484848485,5.93666666666667,6.35,7.3570796460177,88,33,15,8,113,14827,9561,5266,2121,2234,12593,7.32635073514534,7.70248247254471,6.64344235282947,6.58618408297972,7.13657788272158,7.3600164662908,92
"97",2020,7,6.93586206896552,116,7.35560975609756,5.92352941176471,5.34375,7,6.92846153846154,82,34,16,12,104,14943,9643,5300,2137,2246,12697,7.32331943719467,7.6995328134398,6.63882404339622,6.57688181562939,7.13584817008014,7.35648163818225,93
"98",2020,8,7.22131843283582,134,7.63460321428571,6.527,6.23529411764706,6.37352941176471,7.34450145299145,84,50,17,17,117,15077,9727,5350,2154,2263,12814,7.32241288187305,7.69897209725507,6.6377789588785,6.57418590529248,7.13012151568714,7.35637225144374,94
"99",2020,9,6.91767605633803,142,7.05909090909091,6.59209302325581,6.73333333333333,6.97058823529412,6.91048,99,43,15,17,125,15219,9826,5393,2169,2280,12939,7.31863650831198,7.69252509566457,6.63741469126645,6.5752865099124,7.1289320131579,7.35206461318495,95
"100",2020,10,7.26561983471074,121,7.44829787234043,6.62962962962963,6.63571428571429,7.59090909090909,7.23309090909091,94,27,14,11,110,15340,9920,5420,2183,2291,13049,7.31821831942633,7.69021084576613,6.63737590959409,6.57567404489235,7.13115014840681,7.35106169285003,96
"101",2020,11,6.96718390804598,174,7.27214285714286,6.16666666666667,6.13157894736842,7.02777777777778,6.96019230769231,126,48,19,18,156,15514,10046,5468,2202,2309,13205,7.31428123114606,7.68496730937687,6.63324386064374,6.57184216167121,7.13034430056301,7.34644407648618,97
"102",2020,12,6.75,135,7.05268817204301,6.0797619047619,5.73529411764706,6.40625,6.79621848739496,93,42,17,16,119,15649,10139,5510,2219,2325,13324,7.3094133184229,7.67916772758655,6.62902494192377,6.56543327625056,7.12536128602151,7.34152987316121,98
"103",2021,1,7.02758202072539,193,7.37588092857143,6.10754716981132,6.09523809523809,6.81578947368421,7.05070879310345,140,53,21,19,174,15842,10279,5563,2240,2344,13498,7.3059798226234,7.67503696079385,6.62405670142009,6.56102519642857,7.12285195819113,7.33778095717884,99
"104",2021,2,6.88921428571429,140,7.37322222222222,6.018,5.58333333333333,6.36208333333333,6.99827586206897,90,50,24,24,116,15982,10369,5613,2264,2368,13614,7.30232901701914,7.67241729385669,6.61865801353999,6.55066097173145,7.11514146537162,7.33488815630968,100
"105",2021,3,7.03425563909774,133,7.23569892473118,6.5659,6.3893,6.0286,7.1160162601626,93,40,20,10,123,16115,10462,5653,2284,2378,13737,7.30011655910642,7.66853516727203,6.61828470369715,6.54924800350263,7.1105723254836,7.33292839484604,101
"106",2021,4,6.91291666666667,120,7.159375,6.42,5.45,6.7,6.95808080808081,80,40,14,21,99,16235,10542,5693,2298,2399,13836,7.29725459501078,7.66467130715234,6.61689152116634,6.54255110530896,7.10697832013339,7.33024626770743,102
"107",2021,5,7.05366949579832,119,7.39123287671233,6.51797108695652,6.76,7.31333333333333,7.01621798076923,73,46,15,15,104,16354,10615,5739,2313,2414,13940,7.29548214626391,7.66279085445125,6.6160986408782,6.5439612797233,7.10826055923778,7.32790344548063,103
"108",2021,6,7.02389380530973,113,7.19066666666667,6.69473684210526,6.32142857142857,6.4375,7.06857142857143,75,38,14,8,105,16467,10690,5777,2327,2422,14045,7.2936184502338,7.65947847708139,6.61661590791068,6.5426224495058,7.106045,7.32596468707725,104
"109",2021,7,7.09801724137931,116,7.359625,6.51666666666667,6.38823529411765,7.47333333333333,7.04227722772277,80,36,17,15,101,16583,10770,5813,2344,2437,14146,7.29225019718989,7.65725115320334,6.61599692069499,6.54150274744027,7.10830569963069,7.32393920754984,105
"110",2021,8,7.24943017094017,117,7.46503619565217,6.456,6.42857142857143,7.3,7.24255660194175,92,25,14,14,103,16700,10862,5838,2358,2451,14249,7.2919502005988,7.65562311268643,6.61531176772867,6.54083224766751,7.10940064871481,7.3233509270826,106
"111",2021,9,6.95612244897959,98,7.17230769230769,6.53030303030303,6.25,6.4,7.03372093023256,65,33,10,12,86,16798,10927,5871,2368,2463,14335,7.28999097213954,7.65274807815503,6.61483394651678,6.53960407094594,7.1059443727162,7.32161334914545,107
"112",2021,10,7.01939655172414,116,7.3775,6.22361111111111,5.98055555555556,5.95,7.17821782178218,80,36,18,15,101,16914,11007,5907,2386,2478,14436,7.28813517500295,7.65074754701554,6.61244965295412,6.53538660519698,7.0989471307506,7.32061009697977,108
"113",2021,11,7.0016393442623,122,7.42794871794872,6.24590909090909,6.04545454545455,6.64166666666667,7.04090909090909,78,44,22,12,110,17036,11085,5951,2408,2490,14546,7.28608349084292,7.64917981506541,6.60973955637708,6.53091048172757,7.09674336947791,7.31849493743985,109
"114",2021,12,6.97038815068493,146,7.22862182692308,6.33095238095238,6.19565217391304,6.96388888888889,6.971302109375,104,42,23,18,128,17182,11189,5993,2431,2508,14674,7.28340094401117,7.64527079453034,6.60778576672785,6.52773856026326,7.09578986842105,7.31546640520649,110
"115",2022,1,6.99114678899083,218,7.31578231292517,6.31901408450704,5.76730769230769,6.93148148148148,6.99958115183246,147,71,26,27,191,17400,11336,6064,2457,2535,14865,7.27973936896552,7.64099814043755,6.60440469986807,6.51969167277167,7.0940398382643,7.31140760376724,111
"116",2022,2,6.84526315789474,152,7.20709090909091,5.89761904761905,5.52142857142857,5.936,6.90929577464789,110,42,14,10,142,17552,11446,6106,2471,2545,15007,7.27597681289881,7.63682814258256,6.59954308876515,6.51403579117766,7.08948958349705,7.30760272073033,112
"117",2022,3,7.21739130434783,115,7.45060240963855,6.6125,6.33333333333333,7.21666666666667,7.21747572815534,83,32,12,12,103,17667,11529,6138,2483,2557,15110,7.27559546159506,7.63548745945008,6.59961063864451,6.51316248086991,7.09008642549863,7.30698835407015,113
"118",2022,4,7.01565573770492,122,7.326375,6.42380952380952,5.88235294117647,6.94615384615385,7.02394495412844,80,42,17,13,109,17789,11609,6180,2500,2570,15219,7.2738127505762,7.63335730209321,6.59841587378641,6.508872976,7.0893583618677,7.30496116893357,114
"119",2022,5,6.75300598214286,112,7.0129825,6.20416666666667,5.75,5.77777777777778,6.83822009708738,76,36,8,9,103,17901,11685,6216,2508,2579,15322,7.27055425339366,7.62932234403081,6.59613257722008,6.50645232854864,7.08478130670803,7.3018235674194,115
"120",2022,6,6.92362637362637,91,7.1984126984127,6.30535714285714,5.46875,6.45,6.9820987654321,63,28,8,10,81,17992,11748,6244,2516,2589,15403,7.26879956036016,7.62701154153899,6.59482865150544,6.50315279809221,7.08232946697567,7.30014222554048,116
"121",2022,7,7.08547008547009,117,7.46913580246914,6.22222222222222,5.55555555555556,6.5,7.13425925925926,81,36,9,9,108,18109,11829,6280,2525,2598,15511,7.26761509139102,7.62593047510356,6.5926926910828,6.49977522376237,7.08031215935335,7.29898721552447,117
"122",2022,8,7.04333333333333,105,7.49266666666667,5.92,5.4375,6.45,7.10578947368421,75,30,8,10,95,18214,11904,6310,2533,2608,15606,7.26632215273965,7.625090859375,6.58949446909667,6.49642022897749,7.07789531825153,7.29781114315007,118
