"","year","month","avg_rating","no_ratings","avg_rating_owned","avg_rating_not_owned","avg_rating_prev_owned","avg_rating_comment","avg_rating_no_comment","no_ratings_owned","no_ratings_not_owned","no_ratings_prev_owned","no_ratings_comment","no_ratings_no_comment","cum_no_ratings","cum_no_ratings_owned","cum_no_ratings_not_owned","cum_no_ratings_prev_owned","cum_no_ratings_comment","cum_no_ratings_no_comment","cum_avg_rating","cum_avg_rating_owned","cum_avg_rating_not_owned","cum_avg_rating_prev_owned","cum_avg_rating_comment","cum_avg_rating_no_comment","month_after_release"
"1",2001,6,7.33333333333333,3,7.33333333333333,NA,NA,NA,7.33333333333333,3,0,0,0,3,3,3,0,0,0,3,7.33333333333333,7.33333333333333,NA,NA,NA,7.33333333333333,0
"2",2001,8,5.75,4,5.66666666666667,6,6,6,5.66666666666667,3,1,1,1,3,7,6,1,1,1,6,6.42857142857143,6.5,6,6,6,6.5,2
"3",2001,9,5,2,5,5,NA,5,5,1,1,0,1,1,9,7,2,1,2,7,6.11111111111111,6.28571428571429,5.5,6,5.5,6.28571428571429,3
"4",2001,10,8,2,8,NA,NA,NA,8,2,0,0,0,2,11,9,2,1,2,9,6.45454545454545,6.66666666666667,5.5,6,5.5,6.66666666666667,4
"5",2001,11,5,1,5,NA,NA,NA,5,1,0,0,0,1,12,10,2,1,2,10,6.33333333333333,6.5,5.5,6,5.5,6.5,5
"6",2001,12,8,1,8,NA,NA,NA,8,1,0,0,0,1,13,11,2,1,2,11,6.46153846153846,6.63636363636364,5.5,6,5.5,6.63636363636364,6
"7",2002,1,8,1,8,NA,NA,NA,8,1,0,0,0,1,14,12,2,1,2,12,6.57142857142857,6.75,5.5,6,5.5,6.75,7
"8",2002,2,7,1,7,NA,NA,NA,7,1,0,0,0,1,15,13,2,1,2,13,6.6,6.76923076923077,5.5,6,5.5,6.76923076923077,8
"9",2002,4,6,1,6,NA,NA,NA,6,1,0,0,0,1,16,14,2,1,2,14,6.5625,6.71428571428571,5.5,6,5.5,6.71428571428571,10
"10",2002,6,6.33333333333333,3,6.33333333333333,NA,NA,7,6,3,0,0,1,2,19,17,2,1,3,16,6.52631578947368,6.64705882352941,5.5,6,6,6.625,12
"11",2002,7,7,2,7,7,NA,NA,7,1,1,0,0,2,21,18,3,1,3,18,6.57142857142857,6.66666666666667,6,6,6,6.66666666666667,13
"12",2002,8,8,2,8,8,NA,8,8,1,1,0,1,1,23,19,4,1,4,19,6.69565217391304,6.73684210526316,6.5,6,6.5,6.73684210526316,14
"13",2002,9,7,1,7,NA,NA,NA,7,1,0,0,0,1,24,20,4,1,4,20,6.70833333333333,6.75,6.5,6,6.5,6.75,15
"14",2002,10,7,3,7,7,NA,7,7,2,1,0,1,2,27,22,5,1,5,22,6.74074074074074,6.77272727272727,6.6,6,6.6,6.77272727272727,16
"15",2002,11,7.4,5,7.4,NA,NA,7.33333333333333,7.5,5,0,0,3,2,32,27,5,1,8,24,6.84375,6.88888888888889,6.6,6,6.875,6.83333333333333,17
"16",2002,12,7,1,7,NA,NA,NA,7,1,0,0,0,1,33,28,5,1,8,25,6.84848484848485,6.89285714285714,6.6,6,6.875,6.84,18
"17",2003,1,7.33333333333333,3,8,6,NA,NA,7.33333333333333,2,1,0,0,3,36,30,6,1,8,28,6.88888888888889,6.96666666666667,6.5,6,6.875,6.89285714285714,19
"18",2003,2,7,3,8.5,4,4,7,7,2,1,1,1,2,39,32,7,2,9,30,6.8974358974359,7.0625,6.14285714285714,5,6.88888888888889,6.9,20
"19",2003,3,7.5,2,7.5,NA,NA,NA,7.5,2,0,0,0,2,41,34,7,2,9,32,6.92682926829268,7.08823529411765,6.14285714285714,5,6.88888888888889,6.9375,21
"20",2003,4,6.66666666666667,6,7.25,5.5,NA,7,6.6,4,2,0,1,5,47,38,9,2,10,37,6.8936170212766,7.10526315789474,6,5,6.9,6.89189189189189,22
"21",2003,5,5.5,2,NA,5.5,NA,5.5,NA,0,2,0,2,0,49,38,11,2,12,37,6.83673469387755,7.10526315789474,5.90909090909091,5,6.66666666666667,6.89189189189189,23
"22",2003,6,7.25,4,8,6.5,NA,8,7,2,2,0,1,3,53,40,13,2,13,40,6.86792452830189,7.15,6,5,6.76923076923077,6.9,24
"23",2003,7,5.93333333333333,15,6.125,5.71428571428571,NA,5,6.07692307692308,8,7,0,2,13,68,48,20,2,15,53,6.66176470588235,6.97916666666667,5.9,5,6.53333333333333,6.69811320754717,25
"24",2003,8,6.125,4,5.83333333333333,7,NA,6.5,5.75,3,1,0,2,2,72,51,21,2,17,55,6.63194444444444,6.91176470588235,5.95238095238095,5,6.52941176470588,6.66363636363636,26
"25",2003,9,6.88888888888889,9,6.875,7,NA,7,6.75,8,1,0,5,4,81,59,22,2,22,59,6.66049382716049,6.90677966101695,6,5,6.63636363636364,6.66949152542373,27
"26",2003,10,7.33333333333333,3,7.33333333333333,NA,NA,NA,7.33333333333333,3,0,0,0,3,84,62,22,2,22,62,6.68452380952381,6.92741935483871,6,5,6.63636363636364,6.70161290322581,28
"27",2003,11,6.5,3,6,6.75,NA,6.75,6,1,2,0,2,1,87,63,24,2,24,63,6.67816091954023,6.91269841269841,6.0625,5,6.64583333333333,6.69047619047619,29
"28",2003,12,7,7,7.1,6.75,NA,7.75,6.7,5,2,0,2,5,94,68,26,2,26,68,6.70212765957447,6.92647058823529,6.11538461538461,5,6.73076923076923,6.69117647058824,30
"29",2004,1,6.41666666666667,6,6.41666666666667,NA,NA,5,6.7,6,0,0,1,5,100,74,26,2,27,73,6.685,6.88513513513514,6.11538461538461,5,6.66666666666667,6.69178082191781,31
"30",2004,2,7.13333333333333,6,7.13333333333333,NA,NA,7.2,7,6,0,0,4,2,106,80,26,2,31,75,6.71037735849057,6.90375,6.11538461538461,5,6.73548387096774,6.7,32
"31",2004,3,7.22222222222222,9,7.22222222222222,NA,NA,7.75,7.07142857142857,9,0,0,2,7,115,89,26,2,33,82,6.7504347826087,6.93595505617977,6.11538461538461,5,6.7969696969697,6.73170731707317,33
"32",2004,4,6.71428571428571,7,6.83333333333333,6,NA,7,6.5,6,1,0,3,4,122,95,27,2,36,86,6.7483606557377,6.92947368421053,6.11111111111111,5,6.81388888888889,6.72093023255814,34
"33",2004,5,7.0625,8,6.92857142857143,8,NA,7.16666666666667,7,7,1,0,3,5,130,102,28,2,39,91,6.76769230769231,6.92941176470588,6.17857142857143,5,6.84102564102564,6.73626373626374,35
"34",2004,6,7,4,7,7,NA,7,7,3,1,0,2,2,134,105,29,2,41,93,6.77462686567164,6.93142857142857,6.20689655172414,5,6.84878048780488,6.74193548387097,36
"35",2004,7,6.8,5,7.33333333333333,6,NA,5,7.25,3,2,0,1,4,139,108,31,2,42,97,6.77553956834532,6.94259259259259,6.19354838709677,5,6.80476190476191,6.76288659793814,37
"36",2004,8,7.25,6,7.25,NA,NA,7.83333333333333,6.66666666666667,6,0,0,3,3,145,114,31,2,45,100,6.7951724137931,6.95877192982456,6.19354838709677,5,6.87333333333333,6.76,38
"37",2004,9,5,2,NA,5,5,5,5,0,2,1,1,1,147,114,33,3,46,101,6.77074829931973,6.95877192982456,6.12121212121212,5,6.83260869565217,6.74257425742574,39
"38",2004,10,6.29166666666667,12,7.25,5.8125,NA,6.125,6.625,4,8,0,8,4,159,118,41,3,54,105,6.73459119496855,6.96864406779661,6.0609756097561,5,6.72777777777778,6.73809523809524,40
"39",2004,11,6.66666666666667,6,7.25,6.375,7,6.83333333333333,6.5,2,4,2,3,3,165,120,45,5,57,108,6.73212121212121,6.97333333333333,6.08888888888889,5.8,6.73333333333333,6.73148148148148,41
"40",2004,12,6.73333333333333,12,7.53333333333333,5.93333333333333,7,8,6.31111111111111,6,6,1,3,9,177,126,51,6,60,117,6.73220338983051,7,6.07058823529412,6,6.79666666666667,6.6991452991453,42
"41",2005,1,6.93,10,7.0625,6.4,NA,7.5,6.7875,8,2,0,2,8,187,134,53,6,62,125,6.7427807486631,7.00373134328358,6.08301886792453,6,6.81935483870968,6.7048,43
"42",2005,2,7.16666666666667,9,7.6,6.625,NA,7.25,7.1,5,4,0,4,5,196,139,57,6,66,130,6.76224489795918,7.02517985611511,6.12105263157895,6,6.84545454545455,6.72,44
"43",2005,3,7.5,3,7.5,NA,NA,9,6.75,3,0,0,1,2,199,142,57,6,67,132,6.77336683417085,7.03521126760563,6.12105263157895,6,6.87761194029851,6.72045454545454,45
"44",2005,4,6.28571428571429,7,7.66666666666667,5.25,6,6.4,6,3,4,1,5,2,206,145,61,7,72,134,6.75679611650485,7.04827586206897,6.06393442622951,6,6.84444444444444,6.70970149253731,46
"45",2005,5,6.71428571428571,7,7,6,NA,7,6.6,5,2,0,2,5,213,150,63,7,74,139,6.75539906103286,7.04666666666667,6.06190476190476,6,6.84864864864865,6.70575539568345,47
"46",2005,6,6.4,5,6.66666666666667,6,NA,6,6.66666666666667,3,2,0,2,3,218,153,65,7,76,142,6.74724770642202,7.03921568627451,6.06,6,6.82631578947368,6.70492957746479,48
"47",2005,7,6.9,5,7.5,6,NA,6.25,7.33333333333333,3,2,0,2,3,223,156,67,7,78,145,6.75067264573991,7.04807692307692,6.05820895522388,6,6.81153846153846,6.71793103448276,49
"48",2005,8,7.0625,8,7.08333333333333,7,NA,8,6.92857142857143,6,2,0,1,7,231,162,69,7,79,152,6.76147186147186,7.04938271604938,6.08550724637681,6,6.82658227848101,6.72763157894737,50
"49",2005,9,7.25,5,7.1875,7.5,7.5,7.25,7.25,4,1,1,1,4,236,166,70,8,80,156,6.7718220338983,7.05271084337349,6.10571428571429,6.1875,6.831875,6.74102564102564,51
"50",2005,10,6.72222222222222,9,6.92857142857143,6,6,6.6,6.875,7,2,1,5,4,245,173,72,9,85,160,6.77,7.04768786127168,6.10277777777778,6.16666666666667,6.81823529411765,6.744375,52
"51",2005,11,6.27777777777778,18,6.83333333333333,5.72222222222222,9,5.8,6.875,9,9,1,10,8,263,182,81,10,95,168,6.73631178707224,7.03708791208791,6.06049382716049,6.45,6.71105263157895,6.75059523809524,53
"52",2005,12,6.6,10,6.85714285714286,6,NA,6.66666666666667,6.57142857142857,7,3,0,3,7,273,189,84,10,98,175,6.73131868131868,7.03042328042328,6.05833333333333,6.45,6.70969387755102,6.74342857142857,54
"53",2006,1,7.28571428571429,7,7.33333333333333,7,NA,10,6.83333333333333,6,1,0,1,6,280,195,85,10,99,181,6.74517857142857,7.03974358974359,6.06941176470588,6.45,6.74292929292929,6.74640883977901,55
"54",2006,2,5.5,4,5.5,5.5,NA,6.5,4.5,2,2,0,2,2,284,197,87,10,101,183,6.72764084507042,7.0241116751269,6.05632183908046,6.45,6.73811881188119,6.72185792349727,56
"55",2006,3,7.66666666666667,3,8,7,NA,8,7,2,1,0,2,1,287,199,88,10,103,184,6.73745644599303,7.03391959798995,6.06704545454545,6.45,6.7626213592233,6.72336956521739,57
"56",2006,4,6.3,5,6.875,4,NA,7.5,5.5,4,1,0,2,3,292,203,89,10,105,187,6.72996575342466,7.0307881773399,6.0438202247191,6.45,6.77666666666667,6.70374331550802,58
"57",2006,5,7.08333333333333,6,7.25,6.75,NA,6.5,7.2,4,2,0,1,5,298,207,91,10,106,192,6.73708053691275,7.03502415458937,6.05934065934066,6.45,6.77405660377359,6.71666666666667,59
"58",2006,6,6.625,8,7.5,5.75,NA,6.8,6.33333333333333,4,4,0,5,3,306,211,95,10,111,195,6.73415032679738,7.04383886255924,6.04631578947368,6.45,6.77522522522523,6.71076923076923,60
"59",2006,7,6,11,6.75,5.57142857142857,5.5,6,6,4,7,2,4,7,317,215,102,12,115,202,6.70867507886435,7.03837209302326,6.01372549019608,6.29166666666667,6.74826086956522,6.68613861386139,61
"60",2006,8,6.8,5,7.25,5,NA,7.33333333333333,6,4,1,0,3,2,322,219,103,12,118,204,6.71009316770186,7.04223744292237,6.00388349514563,6.29166666666667,6.76313559322034,6.67941176470588,62
"61",2006,9,6.5625,8,6.75,6.375,NA,6.625,6.5,4,4,0,4,4,330,223,107,12,122,208,6.70651515151515,7.03699551569507,6.01775700934579,6.29166666666667,6.75860655737705,6.67596153846154,63
"62",2006,10,5.6,5,7,4.66666666666667,NA,3,6.25,2,3,0,1,4,335,225,110,12,123,212,6.69,7.03666666666667,5.98090909090909,6.29166666666667,6.72804878048781,6.66792452830189,64
"63",2006,11,7.05,10,7.14285714285714,6.83333333333333,NA,6.9,7.2,7,3,0,5,5,345,232,113,12,128,217,6.70043478260869,7.03987068965517,6.00353982300885,6.29166666666667,6.734765625,6.68018433179723,65
"64",2006,12,6.85,10,7,6.5,NA,7,6.8125,7,3,0,2,8,355,239,116,12,130,225,6.70464788732394,7.03870292887029,6.01637931034483,6.29166666666667,6.73884615384615,6.68488888888889,66
"65",2007,1,6.11111111111111,9,6.42857142857143,5,NA,6,6.125,7,2,0,1,8,364,246,118,12,131,233,6.68997252747253,7.02134146341463,5.99915254237288,6.29166666666667,6.73320610687023,6.6656652360515,67
"66",2007,2,6.8851,7,6.625,7.2319,NA,7.5,6.423925,4,3,0,3,4,371,250,121,12,134,237,6.69365417789757,7.015,6.02971652892562,6.29166666666667,6.75037313432836,6.66158523206751,68
"67",2007,3,6.10909090909091,11,6.66666666666667,5.44,7,5.9,6.28333333333333,6,5,1,5,6,382,256,126,13,139,243,6.67682120418848,7.0068359375,6.00631507936508,6.34615384615385,6.71978417266187,6.65224567901235,69
"68",2007,4,6.88888888888889,9,6.92857142857143,6.75,6,6.8,7,7,2,1,5,4,391,263,128,14,144,247,6.68170255754476,7.00475285171103,6.01793515625,6.32142857142857,6.72256944444444,6.65787732793522,70
"69",2007,5,6.4875,8,7.3,5.13333333333333,NA,5.5,7.475,5,3,0,4,4,399,268,131,14,148,251,6.67780877192982,7.01026119402985,5.99767709923664,6.32142857142857,6.68952702702703,6.67089920318725,71
"70",2007,6,7.1,14,7.5,6.38,NA,7.375,6.99,9,5,0,4,10,413,277,136,14,152,261,6.69212033898305,7.02617328519856,6.01173308823529,6.32142857142857,6.70756578947368,6.68312528735632,72
"71",2007,7,7.16666666666667,6,7.16666666666667,7.16666666666667,7,7.5,7,3,3,2,2,4,419,280,139,16,154,265,6.69891575178998,7.02767857142857,6.03665971223021,6.40625,6.71785714285714,6.68790830188679,73
"72",2007,8,7.3125,8,7.7,6.66666666666667,NA,6.875,7.75,5,3,0,4,4,427,285,142,16,158,269,6.71041147540984,7.03947368421053,6.04996971830986,6.40625,6.72183544303798,6.70370148698885,74
"73",2007,9,6.03846153846154,13,6.875,5.66666666666667,5.5,6.1,6,4,9,2,5,8,440,289,151,18,163,277,6.69055840909091,7.03719723183391,6.0271238410596,6.30555555555556,6.70276073619632,6.68337797833935,75
"74",2007,10,6.4,5,7.5,5.66666666666667,5,NA,6.4,2,3,1,0,5,445,291,154,19,163,282,6.68729370786517,7.04037800687285,6.02010194805195,6.23684210526316,6.70276073619632,6.67835354609929,76
"75",2007,11,6.78571428571429,7,7,6.5,6.5,7.125,6.33333333333333,4,3,1,4,3,452,295,157,20,167,285,6.68881792035398,7.03983050847458,6.02927197452229,6.25,6.71287425149701,6.67472175438597,77
"76",2007,12,7.03333333333333,15,7.6875,6.28571428571429,8,6.9375,7.14285714285714,8,7,1,8,7,467,303,164,21,175,292,6.69988372591006,7.05693069306931,6.04021768292683,6.33333333333333,6.72314285714286,6.68594417808219,78
"77",2008,1,6.46153846153846,13,7.125,5.4,NA,6.5,6.42857142857143,8,5,0,6,7,480,311,169,21,181,299,6.69342854166667,7.05868167202572,6.02127633136094,6.33333333333333,6.71574585635359,6.67991872909699,79
"78",2008,2,6,9,6.33333333333333,5.83333333333333,7,5.5,6.14285714285714,3,6,1,2,7,489,314,175,22,183,306,6.68066605316973,7.05175159235669,6.01483257142857,6.36363636363636,6.70245901639344,6.66763300653595,80
"79",2008,3,6.35454545454545,11,6.7375,5.33333333333333,NA,6.33333333333333,6.3625,8,3,0,3,8,500,322,178,22,186,314,6.6734914,7.04394409937888,6.00334662921348,6.36363636363636,6.69650537634409,6.65985891719745,81
"80",2008,4,6.8,15,7.42857142857143,6.25,5,6.6,7.2,7,8,1,10,5,515,329,186,23,196,319,6.67717611650485,7.05212765957447,6.01395537634408,6.30434782608696,6.69158163265306,6.66832507836991,82
"81",2008,5,6.9,10,6.9375,6.75,NA,6.6,7.2,8,2,0,5,5,525,337,188,23,201,324,6.68142038095238,7.04940652818991,6.02178563829787,6.30434782608696,6.68930348258707,6.6765299382716,83
"82",2008,6,7.15,10,6.8,7.5,7,6.875,7.33333333333333,5,5,1,4,6,535,342,193,24,205,330,6.69017887850467,7.04576023391813,6.06008134715026,6.33333333333333,6.69292682926829,6.68847181818182,84
"83",2008,7,6.25,4,7,5.5,5.5,6.25,NA,2,2,2,4,0,539,344,195,26,209,330,6.68691224489796,7.04549418604651,6.05433692307692,6.26923076923077,6.68444976076555,6.68847181818182,85
"84",2008,8,6.8125,8,8,6.1,7,5,7.07142857142857,3,5,1,1,7,547,347,200,27,210,337,6.68874899451554,7.05374639769452,6.0554785,6.2962962962963,6.67642857142857,6.69642640949555,86
"85",2008,9,6.79411764705882,17,6.96428571428571,6,6,7.21428571428571,6.5,14,3,1,7,10,564,361,203,28,217,347,6.691925,7.05027700831025,6.05465862068965,6.28571428571429,6.69377880184332,6.69076570605187,87
"86",2008,10,7.16666666666667,12,7.21428571428571,7.1,NA,7.25,7.08333333333333,7,5,0,6,6,576,368,208,28,223,353,6.70181545138889,7.05339673913044,6.07978701923077,6.28571428571429,6.70874439461883,6.69743824362606,88
"87",2008,11,6.7,12,6.925,6.25,NA,6.85,6.625,8,4,0,4,8,588,376,212,28,227,361,6.70177840136054,7.05066489361702,6.08299858490566,6.28571428571429,6.71123348017621,6.69583296398892,89
"88",2008,12,6.025,12,6.66666666666667,5.81111111111111,5.5,4.75,6.6625,3,9,4,4,8,600,379,221,32,231,369,6.68824283333333,7.0476253298153,6.07192624434389,6.1875,6.67727272727273,6.69511029810298,90
"89",2009,1,6.36666666666667,15,6.45833333333333,6,6,6.625,6.27272727272727,12,3,1,4,11,615,391,224,33,235,380,6.68039951219512,7.02953964194373,6.07096294642857,6.18181818181818,6.67638297872341,6.68288342105263,91
"90",2009,2,6.45833333333333,24,6.38888888888889,6.5,6.5,6.4375,6.46875,9,15,2,8,16,639,400,239,35,243,396,6.67205899843506,7.015125,6.09788995815899,6.2,6.66851851851852,6.67423156565657,92
"91",2009,3,6.25967741935484,31,6.73333333333333,5.96052631578947,6,5.71875,6.44782608695652,12,19,2,8,23,670,412,258,37,251,419,6.65297865671642,7.00691747572816,6.08777403100775,6.18918918918919,6.63824701195219,6.66180357995227,93
"92",2009,4,6.90322580645161,31,7.20588235294118,6.53571428571429,NA,7.36363636363636,6.65,17,14,0,11,20,701,429,272,37,262,439,6.6640452211127,7.01480186480187,6.11082977941176,6.18918918918919,6.66870229007634,6.66126583143508,94
"93",2009,5,6.67666666666667,24,7.165,5.7,6,7,6.56888888888889,16,8,3,6,18,725,445,280,40,268,457,6.66446303448276,7.02020224719101,6.09909178571428,6.175,6.67611940298508,6.65762735229759,95
"94",2009,6,6.84444444444444,18,7.02222222222222,6.66666666666667,6.25,7.21428571428571,6.60909090909091,9,9,4,7,11,743,454,289,44,275,468,6.66882328398385,7.0202422907489,6.11676712802768,6.18181818181818,6.68981818181818,6.65648653846154,96
"95",2009,7,6.99473684210526,19,7.33333333333333,6.69,6.55,6.78888888888889,7.18,9,10,2,9,10,762,463,299,46,284,478,6.67694973753281,7.0263282937365,6.13593879598662,6.19782608695652,6.69295774647887,6.66743870292887,97
"96",2009,8,6.84761904761905,21,7.13,6.59090909090909,6.2,6.5,6.98666666666667,10,11,5,6,15,783,473,310,51,290,493,6.68152707535121,7.0285200845666,6.1520829032258,6.19803921568627,6.68896551724138,6.67715152129818,98
"97",2009,9,6.315625,16,6.57142857142857,6.11666666666667,5,6.2,6.36818181818182,7,9,1,5,11,799,480,319,52,295,504,6.67419987484355,7.02185416666667,6.15108369905956,6.175,6.6806779661017,6.67040813492064,99
"98",2009,10,6.38888888888889,18,7.125,5.8,6.375,6.6,6.30769230769231,8,10,4,5,13,817,488,329,56,300,517,6.66791395348837,7.02354508196721,6.14041246200608,6.18928571428571,6.67933333333333,6.66128762088975,100
"99",2009,11,6.34615384615385,26,6.78571428571429,5.83333333333333,3,5.83333333333333,6.5,14,12,1,6,20,843,502,341,57,306,537,6.65799015421115,7.01691235059761,6.12960615835777,6.13333333333333,6.66274509803922,6.65528063314711,101
"100",2009,12,6.55263157894737,19,7.22727272727273,5.625,6.5,6.1,6.71428571428571,11,8,4,5,14,862,513,349,61,311,551,6.65566786542923,7.02142300194932,6.11803925501432,6.15737704918033,6.65369774919614,6.65677985480944,102
"101",2010,1,6.86666666666667,24,6.85,6.88333333333333,6,6.95,6.85,12,12,4,4,20,886,525,361,65,315,571,6.66138340857788,7.01750476190476,6.1434783933518,6.14769230769231,6.65746031746032,6.6635476357268,103
"102",2010,2,6.81470588235294,34,7.2,6.51052631578947,6.625,7.35,6.59166666666667,15,19,4,10,24,920,540,380,69,325,595,6.66704967391304,7.02257407407407,6.16183078947368,6.17536231884058,6.67876923076923,6.66064823529412,104
"103",2010,3,6.47380952380952,21,6.70833333333333,6.16111111111111,5.73333333333333,6.78125,6.28461538461538,12,9,3,8,13,941,552,389,72,333,608,6.66273719447396,7.01574275362319,6.16181413881748,6.15694444444444,6.68123123123123,6.65260805921053,105
"104",2010,4,6.69583333333333,24,6.97272727272727,6.46153846153846,8,6.05,6.825,11,13,1,4,20,965,563,402,73,337,628,6.66356031088083,7.01490230905861,6.17150671641791,6.18219178082192,6.67373887240356,6.65809824840764,106
"105",2010,5,6.41304347826087,23,7.09090909090909,5.79166666666667,6,6,6.52777777777778,11,12,5,5,18,988,574,414,78,342,646,6.65772844129555,7.01635888501742,6.16049685990338,6.17051282051282,6.66388888888889,6.65446702786378,107
"106",2010,6,6.94705882352941,17,7.5,6.56,6.3,7.2,6.84166666666667,7,10,2,5,12,1005,581,424,80,347,658,6.66262258706468,7.02218588640275,6.16991910377358,6.17375,6.67161383285303,6.65788100303952,108
"107",2010,7,6.88541666666667,12,7.203125,6.25,6,6.625,7.07142857142857,8,4,1,5,7,1017,589,428,81,352,665,6.66525142576205,7.02464346349745,6.17066752336448,6.17160493827161,6.67095170454546,6.66223413533835,109
"108",2010,8,6.62222222222222,18,6.60909090909091,6.64285714285714,7,6.95,6.45833333333333,11,7,1,6,12,1035,600,435,82,358,677,6.66450309178744,7.017025,6.17826597701149,6.18170731707317,6.67562849162011,6.65861994091581,110
"109",2010,9,6.275,10,5.875,6.54166666666667,7,6.75,6.15625,4,6,1,2,8,1045,604,441,83,360,685,6.66077578947368,7.0094619205298,6.18321020408163,6.19156626506024,6.67604166666667,6.65275284671533,111
"110",2010,10,6.5047619047619,21,7.075,6.15384615384615,6.75,6.35,6.64545454545455,8,13,4,10,11,1066,612,454,87,370,696,6.65770234521576,7.01031862745098,6.18236938325991,6.21724137931035,6.66722972972973,6.6526375,112
"111",2010,11,6.05357142857143,28,6.92857142857143,5.17857142857143,5.83333333333333,6.65,5.72222222222222,14,14,3,10,18,1094,626,468,90,380,714,6.64224012797075,7.00849041533546,6.15234123931624,6.20444444444445,6.66677631578947,6.62918165266107,113
"112",2010,12,6.7,15,7.21428571428571,6.25,6,6.76666666666667,6.65555555555556,7,8,1,6,9,1109,633,476,91,386,723,6.64302137060415,7.01076619273302,6.15398256302521,6.2021978021978,6.66832901554404,6.62950995850623,114
"113",2011,1,6.7375,32,7.04375,6.43125,6,7.11111111111111,6.59130434782609,16,16,2,9,23,1141,649,492,93,395,746,6.64567107800175,7.01157935285054,6.1629993902439,6.19784946236559,6.67841772151899,6.62833203753351,115
"114",2011,2,6.32391304347826,23,6.55,6.225,6.5,6.2,6.35833333333333,7,16,3,5,18,1164,656,508,96,400,764,6.6393133161512,7.00665396341463,6.16495216535433,6.20729166666667,6.6724375,6.62197081151833,116
"115",2011,3,6.355,20,6.26666666666667,6.4875,7,5.83333333333333,6.57857142857143,12,8,2,6,14,1184,668,516,98,406,778,6.63451072635135,6.99336077844311,6.16995290697674,6.2234693877551,6.66003694581281,6.62118984575836,117
"116",2011,4,6.5625,24,6.78571428571429,6.47058823529412,6,6.3125,6.6875,7,17,4,8,16,1208,675,533,102,414,794,6.63308004966888,6.99120740740741,6.17954165103189,6.21470588235294,6.65332125603865,6.62252607052897,118
"117",2011,5,6.72380952380952,21,7.6,5.92727272727273,6.5,7.4,6.5125,10,11,2,5,16,1229,685,544,104,419,810,6.63463034987795,7.00009489051095,6.174440625,6.22019230769231,6.66223150357995,6.62035271604938,119
"118",2011,6,6.07894736842105,19,6.625,5.68181818181818,4.6,6.33333333333333,5.96153846153846,8,11,5,6,13,1248,693,555,109,425,823,6.62617043269231,6.99576479076479,6.16467693693693,6.14587155963303,6.65758823529412,6.60994617253949,120
"119",2011,7,6.15588235294118,17,6.64166666666667,5.89090909090909,6.25,5.9,6.2625,6,11,2,5,12,1265,699,566,111,430,835,6.61985035573123,6.99272532188841,6.15935636042403,6.14774774774775,6.64877906976744,6.60495293413174,121
"120",2011,8,6.15454545454545,11,6.33333333333333,5.94,5.5,6.1,6.16666666666667,6,5,2,2,9,1276,705,571,113,432,844,6.61583910658307,6.9871134751773,6.15743555166375,6.13628318584071,6.64623842592593,6.60027926540284,122
"121",2011,9,6.525,16,6.98,6.31818181818182,6.33333333333333,6.25,6.61666666666667,5,11,3,4,12,1292,710,582,116,436,856,6.61471416408669,6.98706338028169,6.1604737113402,6.14137931034483,6.64260321100917,6.6005089953271,123
"122",2011,10,6.7125,24,7.32727272727273,6.19230769230769,7.33333333333333,6.61428571428571,6.75294117647059,11,13,3,7,17,1316,721,595,119,443,873,6.61649749240122,6.99225381414702,6.16116924369748,6.17142857142857,6.64215575620767,6.60347731958763,124
"123",2011,11,6.41333333333333,15,6.7,6.22222222222222,6.5,6.675,6.31818181818182,6,9,2,4,11,1331,727,604,121,447,884,6.61420788880541,6.98984181568088,6.16207897350993,6.17685950413223,6.64244966442953,6.59992726244344,125
"124",2011,12,6.87333333333333,15,7.4625,6.2,NA,7.28333333333333,6.6,8,7,0,6,9,1346,735,611,121,453,893,6.6170956166419,6.99498639455782,6.16251342062193,6.17685950413223,6.65093818984547,6.59992799552072,126
"125",2012,1,5.95833333333333,12,7.5,5.1875,7,6,5.95,4,8,1,2,10,1358,739,619,122,455,903,6.61127444771723,6.9977198917456,6.14991227786753,6.18360655737705,6.64807692307692,6.59273056478405,127
"126",2012,2,6.27333333333333,15,6.31818181818182,6.15,5.5,6.3,6.26,11,4,2,5,10,1373,750,623,124,460,913,6.60758244719592,6.98775333333333,6.14991284109149,6.17258064516129,6.64429347826087,6.58908619934283,128
"127",2012,3,6.596875,16,6.875,6.13333333333333,6.66666666666667,7.08333333333333,6.48461538461538,10,6,3,3,13,1389,760,629,127,463,926,6.60745910727142,6.9862697368421,6.1497546899841,6.18425196850394,6.64713822894168,6.58761954643629,129
"128",2012,4,6.73333333333333,15,7.5,6.0625,5.875,5.58333333333333,7.02083333333333,7,8,2,3,12,1404,767,637,129,466,938,6.60880391737892,6.99095827900913,6.14865886970173,6.17945736434109,6.64028969957081,6.59316172707889,130
"129",2012,5,5.90833333333333,12,6.27142857142857,5.4,5,6.75,5.4875,7,5,2,4,8,1416,774,642,131,470,946,6.6028677259887,6.98445090439276,6.14282819314642,6.16145038167939,6.64122340425532,6.58381152219873,131
"130",2012,6,6.47777777777778,18,6.97777777777778,5.97777777777778,6.11428571428571,6,6.50588235294118,9,9,7,1,17,1434,783,651,138,471,963,6.60129755927476,6.98437420178799,6.14054639016897,6.15905797101449,6.63986199575371,6.58243582554517,132
"131",2012,7,6.58071428571429,14,7.16666666666667,6.14125,6.5,6.9,6.40333333333333,6,8,2,5,9,1448,789,659,140,476,972,6.60109854972376,6.98576045627376,6.14055493171472,6.16392857142857,6.64259453781512,6.5807774691358,133
"132",2012,8,6.41666666666667,18,6.66666666666667,5.91666666666667,7.5,6.5,6.36363636363636,12,6,1,7,11,1466,801,665,141,483,983,6.59883403819918,6.98098002496879,6.13853488721804,6.17340425531915,6.64052795031056,6.57834760935911,134
"133",2012,9,6.62631578947368,19,7.27272727272727,5.7375,6,6.375,6.69333333333333,11,8,3,4,15,1485,812,673,144,487,998,6.59918565656566,6.98493226600985,6.13376775631501,6.16979166666667,6.63834702258727,6.58007585170341,135
"134",2012,10,6.81111111111111,18,6.725,6.88,7.33333333333333,6.8,6.81666666666667,8,10,3,6,12,1503,820,683,147,493,1010,6.60172368596141,6.98239634146341,6.14469355783309,6.19353741496599,6.64031440162272,6.58288683168317,136
"135",2012,11,6.85894736842105,19,7.10153846153846,6.33333333333333,3,7.05333333333333,6.76923076923077,13,6,1,6,13,1522,833,689,148,499,1023,6.60493475689882,6.98425570228091,6.14633628447025,6.17195945945946,6.64528056112224,6.58525483870968,137
"136",2012,12,6.31818181818182,22,6.5,5.92857142857143,6,6.08333333333333,6.40625,15,7,3,6,16,1544,848,696,151,505,1039,6.60084889896373,6.97568985849056,6.14414612068965,6.16854304635762,6.63860396039604,6.58249826756497,138
"137",2013,1,6.37619047619048,21,6.49285714285714,6.14285714285714,6.5,6.58333333333333,6.29333333333333,14,7,3,6,15,1565,862,703,154,511,1054,6.59783431309904,6.96784802784223,6.1441332859175,6.175,6.63795499021526,6.5783830170778,139
"138",2013,2,6,14,6.42857142857143,5.57142857142857,6,6,6,7,7,1,1,13,1579,869,710,155,512,1067,6.59253369221026,6.96350402761795,6.13848690140845,6.17387096774194,6.636708984375,6.57133617619494,140
"139",2013,3,6.47857142857143,14,6.75,6.275,6.3,6.675,6.4,6,8,4,4,10,1593,875,718,159,516,1077,6.59153214061519,6.96204,6.14000793871866,6.17704402515723,6.63700581395349,6.56974531104921,141
"140",2013,4,6.73846153846154,13,7.1,6.5125,6.5,6,7.37142857142857,5,8,4,6,7,1606,880,726,163,522,1084,6.59272148194272,6.96282386363636,6.14411253443526,6.18496932515338,6.62968390804598,6.57492223247233,142
"141",2013,5,6.82571428571429,14,7.5,6.45111111111111,6.33333333333333,6.87666666666667,6.7875,5,9,6,6,8,1620,885,735,169,528,1092,6.594735,6.96585875706215,6.14787170068027,6.19023668639053,6.63249053030303,6.57647957875458,143
"142",2013,6,6.46666666666667,12,6.5,6.45555555555556,6,6.125,6.6375,3,9,3,4,8,1632,888,744,172,532,1100,6.59379332107843,6.96428490990991,6.1515936827957,6.18691860465116,6.62867481203008,6.57692336363637,144
"143",2013,7,6.69,15,6.85,6.58333333333333,6.4375,6.05,7.01,6,9,4,5,10,1647,894,753,176,537,1110,6.59466952034001,6.96351789709172,6.15675391766268,6.19261363636364,6.62328677839851,6.58082495495496,145
"144",2013,8,6.925,10,7.05,6.8,6.66666666666667,7,6.91666666666667,5,5,3,1,9,1657,899,758,179,538,1119,6.59666306578153,6.96399888765295,6.16099696569921,6.20055865921788,6.62398698884758,6.58352609472744,146
"145",2013,9,5.75714285714286,14,6.5,5.2,NA,4.25,6.36,6,8,0,4,10,1671,905,766,179,542,1129,6.58962938360263,6.9609226519337,6.15096044386423,6.20055865921788,6.6064667896679,6.58154623560673,147
"146",2013,10,6.28125,16,6.625,5.9375,5.875,7,6.11538461538461,8,8,4,3,13,1687,913,774,183,545,1142,6.58670462359218,6.95797918948521,6.14875413436693,6.19344262295082,6.60863302752294,6.57623966725044,148
"147",2013,11,6.72222222222222,9,7.66666666666667,6.25,5.875,6.5,6.75,3,6,4,1,8,1696,916,780,187,546,1150,6.58742376179245,6.96030021834061,6.14953294871795,6.18663101604278,6.60843406593407,6.57744843478261,149
"148",2013,12,6.07142857142857,14,6.5,5.75,6,7,6,6,8,1,1,13,1710,922,788,188,547,1163,6.58319923976608,6.95730477223427,6.14547677664975,6.18563829787234,6.60914990859232,6.57099372312984,150
"149",2014,1,6.5,26,6.77272727272727,6.3,6.33333333333333,6.5,6.5,11,15,3,4,22,1736,933,803,191,551,1185,6.58195316820277,6.95512861736334,6.14836326276463,6.18795811518325,6.60835753176044,6.56967569620253,151
"150",2014,2,6.7,14,7.41666666666667,6.1625,6.075,7,6.67692307692308,6,8,4,1,13,1750,939,811,195,552,1198,6.58289754285714,6.95807774227902,6.14850271270037,6.18564102564103,6.60906702898551,6.57083948247079,152
"151",2014,3,6.625,12,7,6.55,6.36,5,6.77272727272727,2,10,5,1,11,1762,941,821,200,553,1209,6.58318427922815,6.95816684378321,6.15339305724726,6.19,6.60615732368897,6.57267634408602,153
"152",2014,4,7.01818181818182,11,6.85,7.46666666666667,NA,6.75,7.17142857142857,8,3,0,4,7,1773,949,824,200,557,1216,6.58588307952623,6.9572550052687,6.15817439320388,6.19,6.60719030520646,6.57612310855263,154
"153",2014,5,6.3925,20,7.03125,5.96666666666667,5.275,6.25,6.41764705882353,8,12,4,3,17,1793,957,836,204,560,1233,6.58372598996096,6.95787356321839,6.1554254784689,6.17205882352941,6.60527678571429,6.57393811841038,155
"154",2014,6,6.66666666666667,12,7.08333333333333,6.25,6.66666666666667,7.16666666666667,6.5,6,6,3,3,9,1805,963,842,207,563,1242,6.58427739612189,6.95865524402908,6.15609940617577,6.1792270531401,6.60826820603908,6.57340233494364,156
"155",2014,7,6.8175,12,7.135,6.5,6.75,7.60333333333333,6.55555555555556,6,6,2,3,9,1817,969,848,209,566,1251,6.58581766648322,6.9597471620227,6.15853266509434,6.18468899521531,6.61354240282686,6.57327394084732,157
"156",2014,8,6.6,10,7.16666666666667,5.75,6,8,6.44444444444444,6,4,1,1,9,1827,975,852,210,567,1260,6.58589529282978,6.96102051282051,6.1566146713615,6.18380952380952,6.61598765432099,6.57235373015873,158
"157",2014,9,6.53076923076923,13,7.06666666666667,6.07142857142857,5.7,5.9,6.81111111111111,6,7,3,4,9,1840,981,859,213,571,1269,6.58550581521739,6.96166666666667,6.15592048894063,6.17699530516432,6.61097197898424,6.57404704491726,159
"158",2014,10,5.7625,8,6,5.68333333333333,7.36666666666667,6.66666666666667,5.22,2,6,3,3,5,1848,983,865,216,574,1274,6.58194301948052,6.95971007121058,6.15264242774567,6.19351851851852,6.61126306620209,6.56873288854003,160
"159",2014,11,5.96666666666667,18,6.74,5,4.66666666666667,5.5,6.2,10,8,3,6,12,1866,993,873,219,580,1286,6.57600787781351,6.95749748237664,6.14207983963345,6.17260273972603,6.59976724137931,6.56529214618974,161
"160",2014,12,6.59166666666667,12,6.8,6.3,6.5,7.03333333333333,6.44444444444444,7,5,2,3,9,1878,1000,878,221,583,1295,6.57610793397231,6.956395,6.1429791571754,6.17556561085973,6.60199828473413,6.56445227799228,162
"161",2015,1,6.62,10,6.45,6.875,7.5,6.74285714285714,6.33333333333333,6,4,1,7,3,1888,1006,882,222,590,1298,6.5763404131356,6.95337475149105,6.14629897959184,6.18153153153153,6.60366949152542,6.56391810477658,163
"162",2015,2,6.78125,16,6.73076923076923,7,7,7.25,6.71428571428571,13,3,2,2,14,1904,1019,885,224,592,1312,6.57806234243698,6.95053483807655,6.14919288135593,6.18883928571428,6.60585304054054,6.56552263719512,164
"163",2015,3,6.375,10,7.0625,5.91666666666667,6,4.5,6.58333333333333,4,6,2,1,9,1914,1023,891,226,593,1321,6.57700141065831,6.95097262952102,6.14762704826038,6.18716814159292,6.6023018549747,6.56564398183195,165
"164",2015,4,6.33478260869565,23,6.62142857142857,5.88888888888889,6,5.4,6.59444444444444,14,9,2,5,18,1937,1037,900,228,598,1339,6.5741252968508,6.94652362584378,6.14503966666667,6.18552631578947,6.5922491638796,6.56603114264376,166
"165",2015,5,6.57777777777778,18,7.0125,6.23,6.075,5.8,6.62352941176471,8,10,4,1,17,1955,1045,910,232,599,1356,6.5741589258312,6.94702870813397,6.1459732967033,6.18362068965517,6.5909265442404,6.56675199115044,167
"166",2015,6,6.06153846153846,13,6.21428571428571,5.88333333333333,6,6.5,5.98181818181818,7,6,2,2,11,1968,1052,916,234,601,1367,6.57077271341464,6.94215304182509,6.14425294759825,6.18205128205128,6.59062396006656,6.56204513533285,168
"167",2015,7,6.125,8,6.5,5.75,6,6.15,6.11666666666667,4,4,2,2,6,1976,1056,920,236,603,1373,6.56896796558705,6.94047821969697,6.14253880434783,6.18050847457627,6.58916252072969,6.56009883466861,169
"168",2015,8,6.025,12,6.88333333333333,5.16666666666667,6,7.5,5.73,6,6,1,2,10,1988,1062,926,237,605,1383,6.56568445674044,6.94015536723164,6.1362156587473,6.17974683544304,6.59217355371901,6.55409667389732,170
"169",2015,9,6.92857142857143,7,7.4,5.75,7,7,6.9,5,2,1,2,5,1995,1067,928,238,607,1388,6.5669577443609,6.94231021555764,6.13538329741379,6.18319327731092,6.59351729818781,6.55534272334294,171
"170",2015,10,6.47692307692308,13,6.74444444444444,5.875,6,6.28,6.6,9,4,2,5,8,2008,1076,932,240,612,1396,6.56637485059761,6.94065520446097,6.13426577253219,6.18166666666667,6.59095588235294,6.55559863896848,172
"171",2015,11,6.03571428571429,14,6.875,5.7,5.83333333333333,6.23333333333333,5.98181818181818,4,10,3,3,11,2022,1080,942,243,615,1407,6.5627006429278,6.94041203703704,6.12965573248408,6.17736625514403,6.58921138211382,6.55111279317697,173
"172",2015,12,6.13666666666667,15,6.75714285714286,5.59375,4.5,6.16666666666667,6.11666666666667,7,8,2,6,9,2037,1087,950,245,621,1416,6.55956342660776,6.93923183072677,6.12514284210526,6.16367346938775,6.58512882447665,6.54835148305085,174
"173",2016,1,6.609375,16,7.0625,6.15625,6.2,6.66666666666667,6.59615384615385,8,8,5,3,13,2053,1095,958,250,624,1429,6.5599516317584,6.94013242009132,6.12540260960334,6.1644,6.58552083333333,6.54878635409377,175
"174",2016,2,6.70769230769231,13,6.91111111111111,6.25,6,6,6.83636363636364,9,4,2,2,11,2066,1104,962,252,626,1440,6.56088126815102,6.93989583333333,6.12592068607069,6.16309523809524,6.58365015974441,6.550983125,176
"175",2016,3,7.20833333333333,12,7.07142857142857,7.4,7,6.875,7.375,7,5,1,4,8,2078,1111,967,253,630,1448,6.56462016361887,6.94072457245725,6.13250847983454,6.16640316205533,6.5855,6.55553570441989,177
"176",2016,4,7.07692307692308,13,7.72222222222222,5.625,6,6,7.27272727272727,9,4,1,2,11,2091,1120,971,254,632,1459,6.56780521281684,6.94700446428571,6.13041781668383,6.16574803149606,6.58364715189874,6.56094290610007,178
"177",2016,5,6.125,8,NA,6.125,6.33333333333333,6.5,5.9,0,8,3,3,5,2099,1120,979,257,635,1464,6.56611753215817,6.94700446428571,6.1303735444331,6.16770428015564,6.58325196850394,6.55868558743169,179
"178",2016,6,6.65,2,6.65,NA,NA,NA,6.65,2,0,0,0,2,2101,1122,979,257,635,1466,6.56619738219895,6.94647504456328,6.1303735444331,6.16770428015564,6.58325196850394,6.55881016371078,180
"179",2016,7,6.7,15,7.57142857142857,5.9375,NA,8,6.375,7,8,0,3,12,2116,1129,987,257,638,1478,6.56714588846881,6.95034986713906,6.12881023302938,6.16770428015564,6.58991379310345,6.55731779431664,181
"180",2016,8,6.00533333333333,15,6.34222222222222,5.5,6,5,6.07714285714286,9,6,1,1,14,2131,1138,993,258,639,1492,6.56319131862975,6.94554042179262,6.125010775428,6.16705426356589,6.58742566510172,6.55281213136729,182
"181",2016,9,6.59692307692308,13,6.81333333333333,6.41142857142857,7,6.69,6.55555555555556,6,7,1,4,9,2144,1144,1000,259,643,1501,6.5633958488806,6.94484702797203,6.1270157,6.17027027027027,6.58806376360809,6.55282858094604,183
"182",2016,10,7.3,5,7.83333333333333,6.5,6,7.5,7.25,3,2,1,1,4,2149,1147,1002,260,644,1505,6.56510967892043,6.94717088055798,6.12776017964072,6.16961538461538,6.5894798136646,6.5546815282392,184
"183",2016,11,6.95833333333333,12,7.5,6.57142857142857,6,5.96666666666667,7.28888888888889,5,7,1,3,9,2161,1152,1009,261,647,1514,6.56729324386858,6.9495703125,6.13083815659069,6.16896551724138,6.58659196290572,6.55904603698811,185
"184",2016,12,6.46875,16,7,6.05555555555556,5.83333333333333,6.875,6.33333333333333,7,9,3,4,12,2177,1159,1018,264,651,1526,6.56656899402848,6.9498748921484,6.13017259332024,6.16515151515151,6.58836405529954,6.55727110091743,186
"185",2017,1,6.58,10,7.11428571428571,5.33333333333333,3,NA,6.58,7,3,1,0,10,2187,1166,1021,265,651,1536,6.56663040695016,6.95086192109777,6.12783124387855,6.15320754716981,6.58836405529954,6.55741907552083,187
"186",2017,2,6.40625,16,7,6.05,6.5,7,6.32142857142857,6,10,2,2,14,2203,1172,1031,267,653,1550,6.56546559237404,6.95111348122867,6.12707633365665,6.15580524344569,6.58962480857581,6.5552875483871,188
"187",2017,3,6.88888888888889,9,7.375,6.5,6.5,7.16666666666667,6.75,4,5,2,3,6,2212,1176,1036,269,656,1556,6.56678150994575,6.95255527210884,6.12887615830116,6.15836431226766,6.5922637195122,6.55603836760925,189
"188",2017,4,6.19444444444444,9,7.6875,5,5,6,6.21875,4,5,2,1,8,2221,1180,1041,271,657,1564,6.56527271499325,6.95504661016949,6.12345408261287,6.14981549815498,6.59136225266362,6.55431310741688,190
"189",2017,5,5.95,10,5.75,6.25,NA,NA,5.95,6,4,0,0,10,2231,1186,1045,271,657,1574,6.56251488121919,6.9489502529511,6.12393846889952,6.14981549815498,6.59136225266362,6.55047376111817,191
"190",2017,6,5,3,7,4,6,5,NA,1,2,1,3,0,2234,1187,1047,272,660,1574,6.56041660698299,6.94899326032013,6.11988127984718,6.14926470588235,6.58412878787879,6.55047376111817,192
"191",2017,7,5.9375,8,6.6,4.83333333333333,NA,NA,5.9375,5,3,0,0,8,2242,1192,1050,272,660,1582,6.55819388938448,6.94752936241611,6.11620542857143,6.14926470588235,6.58412878787879,6.54737402022756,193
"192",2017,8,5.82142857142857,14,7.125,5.3,6,5.66666666666667,5.86363636363636,4,10,2,3,11,2256,1196,1060,274,663,1593,6.5536217641844,6.948122909699,6.10850537735849,6.14817518248175,6.57997737556561,6.54265266792216,194
"193",2017,9,6.5,7,6.875,6,6,NA,6.5,4,3,1,0,7,2263,1200,1063,275,663,1600,6.55345589924879,6.94787916666667,6.10819915333961,6.14763636363636,6.57997737556561,6.5424660625,195
"194",2017,10,6.29166666666667,12,6.0625,6.75,6.5,6.75,6.2,8,4,2,2,10,2275,1208,1067,277,665,1610,6.55207503296704,6.94201572847682,6.11060515463918,6.15018050541516,6.58048872180451,6.54033894409938,196
"195",2017,11,6.14285714285714,7,6.25,6,5.5,6,6.16666666666667,4,3,2,1,6,2282,1212,1070,279,666,1616,6.55081976336547,6.93973184818482,6.11029504672897,6.14551971326165,6.57961711711712,6.5389515470297,197
"196",2017,12,6.20588235294118,17,6.625,5.83333333333333,5.33333333333333,6,6.23333333333333,8,9,3,2,15,2299,1220,1079,282,668,1631,6.5482691170074,6.93766803278689,6.10798489341983,6.13687943262411,6.57788173652695,6.53614083384427,198
"197",2018,1,6.22222222222222,18,6.33333333333333,6,6,6.5,6.14285714285714,12,6,1,4,14,2317,1232,1085,283,672,1645,6.54573616745792,6.93178165584416,6.10738774193548,6.13639575971731,6.57741815476191,6.53279373860182,199
"198",2018,2,6.57142857142857,7,6.75,6.33333333333333,NA,7,6.5,4,3,0,1,6,2324,1236,1088,283,673,1651,6.54581355421687,6.93119336569579,6.10801075367647,6.13639575971731,6.57804606240713,6.5326745608722,200
"199",2018,3,6.6625,8,6.8,6.64285714285714,4,6,6.88333333333333,1,7,1,2,6,2332,1237,1095,284,675,1657,6.54621385077187,6.93108730800323,6.1114298630137,6.12887323943662,6.57633333333333,6.53394429692215,201
"200",2018,4,6.08333333333333,6,6.33333333333333,5.83333333333333,6,6.5,6,3,3,1,1,5,2338,1240,1098,285,676,1662,6.54502596236099,6.92964112903226,6.11067003642987,6.12842105263158,6.57622041420118,6.53233796630565,202
"201",2018,5,5.35714285714286,7,6,4.875,NA,NA,5.35714285714286,3,4,0,0,7,2345,1243,1102,285,676,1669,6.54148004264392,6.92739742558327,6.10618484573503,6.12842105263158,6.57622041420118,6.52740904733373,203
"202",2018,6,6.4,17,6.32857142857143,6.45,6.125,6,6.48571428571429,7,10,4,3,14,2362,1250,1112,289,679,1683,6.54046176968671,6.924044,6.10927670863309,6.12837370242215,6.57367452135493,6.52706221033868,204
"203",2018,7,6.63636363636364,11,7.5,5.6,5,8,6.5,6,5,1,1,10,2373,1256,1117,290,680,1693,6.54090632111252,6.9267953821656,6.10699704565801,6.12448275862069,6.57577205882353,6.52690236266981,205
"204",2018,8,6.61538461538461,13,7.16666666666667,6.45,6,7,6.44444444444444,3,10,2,4,9,2386,1259,1127,292,684,1702,6.54131211232188,6.9273669579031,6.1100405501331,6.1236301369863,6.57825292397661,6.52646633372503,206
"205",2018,9,6.03333333333333,9,6.66666666666667,5.71666666666667,5.93333333333333,4.5,6.47142857142857,3,6,3,2,7,2395,1262,1133,295,686,1709,6.53940321503132,6.9267472266244,6.10795736981465,6.12169491525424,6.57219387755102,6.52624090111176,207
"206",2018,10,7,10,7.33333333333333,6.5,7,NA,7,6,4,1,0,10,2405,1268,1137,296,686,1719,6.54131837837838,6.92867113564669,6.10933658751099,6.12466216216216,6.57219387755102,6.5289969168121,208
"207",2018,11,6.5,6,6.33333333333333,6.66666666666667,7,7,6.4,3,3,1,1,5,2411,1271,1140,297,687,1724,6.54121555371215,6.92726593233674,6.11080324561403,6.12760942760943,6.57281659388646,6.52862279582366,209
"208",2018,12,6.5,7,6.6,6.25,NA,NA,6.5,5,2,0,0,7,2418,1276,1142,297,687,1731,6.54109623655914,6.92598354231975,6.11104702276707,6.12760942760943,6.57281659388646,6.52850704794916,210
"209",2019,1,6.5,5,7,5.75,NA,NA,6.5,3,2,0,0,5,2423,1279,1144,297,687,1736,6.54101143210896,6.92615715402658,6.11041582167832,6.12760942760943,6.57281659388646,6.52842494239631,211
"210",2019,2,6.05384615384615,13,6.6,5.41666666666667,5.5,4,6.42727272727273,7,6,3,2,11,2436,1286,1150,300,689,1747,6.53841161740558,6.92438180404354,6.10679626086956,6.12133333333333,6.56534833091437,6.52778803663423,212
"211",2019,3,5.84615384615385,13,7,5.33333333333333,5,6.5,5.55555555555556,4,9,2,4,9,2449,1290,1159,302,693,1756,6.53473691302572,6.92461627906977,6.10079007765315,6.11390728476821,6.56497113997114,6.52280506833713,213
"212",2019,4,6.2,11,7.45714285714286,4,NA,5.5,6.4625,7,4,0,3,8,2460,1297,1163,302,696,1764,6.53324012195122,6.92749036237471,6.09356466036113,6.11390728476821,6.56038074712644,6.52253157596372,214
"213",2019,5,6.91666666666667,6,7.5,4,NA,7.875,5,5,1,0,4,2,2466,1302,1164,302,700,1766,6.53417303325223,6.92968894009217,6.0917660652921,6.11390728476821,6.56789285714286,6.52080730464326,215
"214",2019,6,6.3375,8,6.425,6.25,4,6.33333333333333,6.34,4,4,1,3,5,2474,1306,1168,303,703,1771,6.533537065481,6.92814318529862,6.09230796232877,6.10693069306931,6.56689189189189,6.52029683794466,216
"215",2019,7,6.58571428571429,7,6.42,7,NA,7,6.51666666666667,5,2,0,1,6,2481,1311,1170,303,704,1777,6.53368428053204,6.92620518688025,6.09385957264957,6.10693069306931,6.56750710227273,6.52028458075408,217
"216",2019,8,6.20714285714286,14,6.48888888888889,5.7,6,5.66666666666667,6.35454545454545,9,5,1,3,11,2495,1320,1175,304,707,1788,6.53185198396794,6.92322348484849,6.09218357446808,6.10657894736842,6.56368458274399,6.51926493288591,218
"217",2019,9,6.7,13,7.5125,5.4,NA,7,6.64545454545455,8,5,0,2,11,2508,1328,1180,304,709,1799,6.5327235645933,6.92677334337349,6.08925059322034,6.10657894736842,6.56491537376587,6.52003652028905,219
"218",2019,10,6.69,10,6.71428571428571,6.63333333333333,NA,5,6.87777777777778,7,3,0,1,9,2518,1335,1183,304,710,1808,6.5333481731533,6.92565917602996,6.0906303465765,6.10657894736842,6.56271126760563,6.5218173119469,220
"219",2019,11,6.16666666666667,6,6,6.2,6.75,6,6.2,1,5,2,1,5,2524,1336,1188,306,711,1813,6.53247650554675,6.92496631736527,6.09109065656565,6.11078431372549,6.56191983122363,6.52092978488693,221
"220",2019,12,7.5,5,7.7,6.7,NA,6.7,7.7,4,1,0,1,4,2529,1340,1189,306,712,1817,6.53438936338474,6.92727985074627,6.09160277544155,6.11078431372549,6.56211376404494,6.52352542652724,222
"221",2020,1,6.13636363636364,11,6.25,5.83333333333333,NA,4.75,6.44444444444444,8,3,0,2,9,2540,1348,1192,306,714,1826,6.53266562992126,6.92326038575668,6.09095276845637,6.11078431372549,6.55703781512605,6.5231356516977,223
"222",2020,2,6.28,10,6.06,6.5,7,7.325,5.58333333333333,5,5,1,4,6,2550,1353,1197,307,718,1832,6.53167478431373,6.92007021433851,6.09266140350877,6.11368078175896,6.56131615598886,6.52005769650655,224
"223",2020,3,6.58,5,6.46666666666667,6.75,7,6.5,6.6,3,2,1,1,4,2555,1356,1199,308,719,1836,6.53176935420744,6.91906710914454,6.09375788156797,6.11655844155844,6.56123087621697,6.5202318627451,225
"224",2020,4,6.39090909090909,11,6.58888888888889,5.5,5,6.25,6.42222222222222,9,2,1,2,9,2566,1365,1201,309,721,1845,6.53116551052222,6.91689010989011,6.09276910907577,6.11294498381877,6.56036754507628,6.51975376693767,226
"225",2020,5,6.35,4,6.75,5.95,6.9,6,6.46666666666667,2,2,1,1,3,2570,1367,1203,310,722,1848,6.53088354085603,6.91664594001463,6.09253175394846,6.11548387096774,6.55959141274238,6.51966758658008,227
"226",2020,6,5.7,5,7,5.375,5.5,NA,5.7,1,4,2,0,5,2575,1368,1207,312,722,1853,6.52927017475728,6.91670687134503,6.09015385252692,6.11153846153846,6.55959141274238,6.51745585536967,228
"227",2020,7,6.54285714285714,7,6.56,6.5,7,6.9,6.4,5,2,1,2,5,2582,1373,1209,313,724,1858,6.52930701006972,6.91540786598689,6.09083184449958,6.11437699680511,6.5605317679558,6.51713977395048,229
"228",2020,8,6.38125,8,6.09166666666667,7.25,NA,4,6.72142857142857,6,2,0,1,7,2590,1379,1211,313,725,1865,6.52884969111969,6.9118237853517,6.09274624277456,6.11437699680511,6.557,6.51790654155496,230
"229",2020,9,6.76,10,7.51428571428571,5,6,7.5,6.575,7,3,1,2,8,2600,1386,1214,314,727,1873,6.52973873076923,6.91486652236652,6.09004588138385,6.1140127388535,6.55959422283356,6.51815040042712,231
"230",2020,10,7.05,8,6.63333333333333,7.3,NA,6.5,7.12857142857143,3,5,0,1,7,2608,1389,1219,314,728,1880,6.53133462423313,6.91425845932325,6.09500877768662,6.1140127388535,6.55951236263736,6.52042324468085,232
"231",2020,11,6.41428571428571,7,6,6.725,NA,7,6.18,3,4,0,2,5,2615,1392,1223,314,730,1885,6.53102130019121,6.91228807471264,6.09706925592804,6.1140127388535,6.56071917808219,6.51952026525199,233
"232",2020,12,6.4,10,6.25,6.5,6.66666666666667,9,6.11111111111111,4,6,3,1,9,2625,1396,1229,317,731,1894,6.53052217142857,6.91039040114613,6.09903637103336,6.1192429022082,6.5640560875513,6.51757956705385,234
"233",2021,1,6.03125,16,6.25,5.8125,5.66666666666667,6,6.03333333333333,8,8,3,1,15,2641,1404,1237,320,732,1909,6.52749742521772,6.90662749287749,6.09718326596604,6.115,6.56328551912568,6.51377459402828,235
"234",2021,2,6.55,10,6.3,6.8,6.66666666666667,6.83333333333333,6.42857142857143,5,5,3,3,7,2651,1409,1242,323,735,1916,6.52758230856281,6.90447480482612,6.10001264090177,6.12012383900929,6.56438775510204,6.51346330897703,236
"235",2021,3,6.5,13,6.8,6.3125,5.33333333333333,7.5,6.41666666666667,5,8,3,1,12,2664,1414,1250,326,736,1928,6.52744771021021,6.90410537482319,6.10137256,6.11288343558282,6.56565896739131,6.51286084024896,237
"236",2021,4,6.18333333333333,6,6.25,6.05,NA,NA,6.18333333333333,4,2,0,0,6,2670,1418,1252,326,736,1934,6.52667441947566,6.90226022566996,6.10129049520766,6.11288343558282,6.56565896739131,6.51183852119958,238
"237",2021,5,6.95,8,8.2,4.86666666666667,NA,9,6.65714285714286,5,3,0,1,7,2678,1423,1255,326,737,1941,6.52793902165796,6.90682009838369,6.09833920318725,6.11288343558282,6.56896200814111,6.51236254507985,239
"238",2021,6,6.13,4,6.76,5.5,6,NA,6.13,2,2,1,0,4,2682,1425,1257,327,737,1945,6.52734552572707,6.90661403508772,6.09738719172633,6.1125382262997,6.56896200814111,6.51157619537275,240
"239",2021,7,6.7,5,7.5,6.16666666666667,6.5,8,6.375,2,3,1,1,4,2687,1427,1260,328,738,1949,6.52766680312616,6.90744569025928,6.09755214285714,6.11371951219512,6.57090108401084,6.51129589533094,241
"240",2021,8,6.61,10,7.28,5.94,5,4.63333333333333,7.45714285714286,5,5,1,3,7,2697,1432,1265,329,741,1956,6.52797208008899,6.90874650837989,6.09692940711462,6.11033434650456,6.56305668016194,6.51468082822086,242
"241",2021,9,5.63333333333333,9,6.1,4,6,6.85,5.28571428571429,7,2,1,2,7,2706,1439,1267,330,743,1963,6.52499656319291,6.90481236970118,6.09361933701657,6.11,6.56382907133244,6.51029836984208,243
"242",2021,10,6.6875,8,7.25,6.125,5.83333333333333,6.625,6.75,4,4,3,4,4,2714,1443,1271,333,747,1967,6.52547557111275,6.90576923076923,6.09371809598741,6.10750750750751,6.56415662650602,6.51078581596339,244
"243",2021,11,7.275,4,7.7,6,6,7.5,7.05,3,1,1,2,2,2718,1446,1272,334,749,1969,6.52657862398823,6.90741701244813,6.09364441823899,6.10718562874252,6.56665554072096,6.51133351955307,245
"244",2021,12,6.5,8,7,6.2,5,5.66666666666667,7,3,5,1,3,5,2726,1449,1277,335,752,1974,6.52650062362436,6.90760869565217,6.09406084573218,6.10388059701493,6.56306515957447,6.51257127659574,246
"245",2022,1,6,6,6.25,5.5,3,NA,6,4,2,1,0,6,2732,1453,1279,336,752,1980,6.52534432650073,6.90579834824501,6.09313189992181,6.09464285714286,6.56306515957447,6.51101803030303,247
"246",2022,2,6.71428571428571,7,7,6,NA,NA,6.71428571428571,5,2,0,0,7,2739,1458,1281,336,752,1987,6.52582719970792,6.90612139917695,6.09298649492584,6.09464285714286,6.56306515957447,6.51173412179164,248
"247",2022,3,7.55818181818182,11,8.4,6.85666666666667,7,7.07,7.66666666666667,5,6,1,2,9,2750,1463,1287,337,754,1996,6.52995661818182,6.91122693096377,6.09654677544677,6.0973293768546,6.56440981432361,6.51694173346693,249
"248",2022,4,6.64285714285714,14,7.28571428571429,6,6,4.5,7,7,7,2,2,12,2764,1470,1294,339,756,2008,6.53052847322721,6.91301020408163,6.09602449768161,6.09675516224189,6.55894841269841,6.51982853585657,250
"249",2022,5,6.41666666666667,12,6.625,6,NA,7,6.3,8,4,0,2,10,2776,1478,1298,339,758,2018,6.53003627521614,6.91145128552097,6.09572858243451,6.09675516224189,6.56011213720317,6.51873919722497,251
"250",2022,6,7.3,5,7,7.75,NA,7,7.375,3,2,0,1,4,2781,1481,1300,339,759,2022,6.53142060409925,6.91163065496286,6.09827361538461,6.09675516224189,6.56069169960474,6.52043308605341,252
"251",2022,7,6.35833333333333,12,6.98,5.91428571428571,6,6.3,6.37777777777778,5,7,2,3,9,2793,1486,1307,341,762,2031,6.53067694235589,6.91186069986541,6.0972882172915,6.09618768328446,6.55966535433071,6.51980093549975,253
"252",2022,8,7.26,10,6.76666666666667,8,6,NA,7.26,6,4,1,0,10,2803,1492,1311,342,762,2041,6.53327887977167,6.91127680965147,6.10309359267734,6.09590643274854,6.55966535433071,6.52342758451739,254
