"","year","month","avg_rating","no_ratings","avg_rating_owned","avg_rating_not_owned","avg_rating_prev_owned","avg_rating_comment","avg_rating_no_comment","no_ratings_owned","no_ratings_not_owned","no_ratings_prev_owned","no_ratings_comment","no_ratings_no_comment","cum_no_ratings","cum_no_ratings_owned","cum_no_ratings_not_owned","cum_no_ratings_prev_owned","cum_no_ratings_comment","cum_no_ratings_no_comment","cum_avg_rating","cum_avg_rating_owned","cum_avg_rating_not_owned","cum_avg_rating_prev_owned","cum_avg_rating_comment","cum_avg_rating_no_comment","month_after_release"
"1",2012,6,9,1,9,NA,NA,9,NA,1,0,0,1,0,1,1,0,0,1,0,9,9,NA,NA,9,NA,-4
"2",2012,7,8,1,NA,8,NA,NA,8,0,1,0,0,1,2,1,1,0,1,1,8.5,9,8,NA,9,8,-3
"3",2012,10,8.15526315789474,95,8.4344262295082,7.65441176470588,8.6,8.09333333333333,8.166875,61,34,5,15,80,97,62,35,5,16,81,8.16237113402062,8.44354838709677,7.66428571428571,8.6,8.15,8.16481481481481,0
"4",2012,11,7.98274074074074,270,8.45027972027972,7.45629921259843,7.85,7.43103448275862,8.13367924528302,143,127,10,58,212,367,205,162,15,74,293,8.03021798365123,8.44824390243902,7.50123456790123,8.1,7.58648648648649,8.1422866894198,1
"5",2012,12,8.03562733840304,263,8.60294111111111,7.24654545454545,7.68058823529412,8.05431034482759,8.03034141463415,153,110,17,58,205,630,358,272,32,132,498,8.03247617460318,8.51435751396648,7.39823529411765,7.8771875,7.79204545454545,8.09620479919679,2
"6",2013,1,8.11375277777778,360,8.4603732718894,7.58776223776224,7.77884615384615,8.12668,8.11035087719298,217,143,26,75,285,990,575,415,58,207,783,8.0620313030303,8.49398433043478,7.4635421686747,7.83310344827586,7.91328985507246,8.10135375478927,3
"7",2013,2,8.06660689655172,290,8.48149350649351,7.59680882352941,7.975,7.96304347826087,8.08613114754098,154,136,20,46,244,1280,729,551,78,253,1027,8.0630679609375,8.49134566529492,7.49643557168784,7.86948717948718,7.92233596837945,8.09773708860759,4
"8",2013,3,8.09280439628483,323,8.64092636871508,7.41145833333333,7.68518518518519,7.84910714285714,8.14391692883895,179,144,27,56,267,1603,908,695,105,309,1294,8.06905976918278,8.52083349118943,7.47882877697842,7.82209523809524,7.90906472491909,8.10726569551777,5
"9",2013,4,8.10284476534296,277,8.6083625,7.41153846153846,7.60416666666667,7.93333333333333,8.13572413793104,160,117,12,45,232,1880,1068,812,117,354,1526,8.07403766489362,8.53394645131086,7.46913300492611,7.79974358974359,7.91214971751412,8.11159227391874,6
"10",2013,5,8.00747875354108,353,8.43082524271845,7.41421768707483,7.56666666666667,7.86605633802817,8.04308510638298,206,147,24,71,282,2233,1274,959,141,425,1808,8.06351581280788,8.51727222135008,7.46071532846715,7.76007092198581,7.9044494117647,8.10090697455752,7
"11",2013,6,8.04764195804196,286,8.4239619047619,7.51186440677966,7.36666666666667,7.58189,8.12337398373984,168,118,15,40,246,2519,1442,1077,156,465,2054,8.06171354108773,8.50640111650485,7.46631940575673,7.72224358974359,7.8767023655914,8.10359776533593,8
"12",2013,7,8.04186241610738,298,8.45345303867403,7.40512820512821,7.3,7.92380952380952,8.06123046875,181,117,15,42,256,2817,1623,1194,171,507,2310,8.05961356407526,8.50049624768946,7.46032328308208,7.68520467836257,7.88060473372781,8.09890251515152,9
"13",2013,8,8.00309090909091,275,8.33969696969697,7.49818181818182,7.36,7.99189189189189,8.00483193277311,165,110,15,37,238,3092,1788,1304,186,544,2548,8.05458648447607,8.48565738814317,7.46351687116564,7.65897849462366,7.88817389705882,8.09011570251178,10
"14",2013,9,8.09087301587302,252,8.52927631578947,7.4245,8.35833333333333,8.06489361702128,8.09682926829268,152,100,12,47,205,3344,1940,1404,198,591,2753,8.0573209958134,8.48907495360825,7.46073789173789,7.70136363636364,7.90222774957699,8.09061562295678,11
"15",2013,10,7.9876952734375,256,8.50769230769231,7.4511903968254,8.48571428571429,8.18142828571429,7.95701357466063,130,126,7,35,221,3600,2070,1530,205,626,2974,8.05236983333333,8.49024415942029,7.45995162745098,7.72814634146341,7.91783800319489,8.08068756220579,12
"16",2013,11,8.00631578947368,285,8.34792899408284,7.50862068965517,7.62894736842105,7.95853658536585,8.01434426229508,169,116,19,41,244,3885,2239,1646,224,667,3218,8.04899135135135,8.47950219294328,7.46338152490887,7.71973214285714,7.92033971514243,8.07565718147918,13
"17",2013,12,8.09377510040161,249,8.58143939393939,7.54358974358974,7.73529411764706,8.115,8.08971291866029,132,117,17,40,209,4134,2371,1763,241,707,3427,8.05168877600387,8.48517731336988,7.46870447532615,7.72082987551867,7.93135302687412,8.07651438867815,14
"18",2014,1,8,382,8.39824561403509,7.41038961038961,7.42,8.12169811320755,7.98039513677812,228,154,20,53,329,4516,2599,1917,261,760,3756,8.0473165190434,8.47755113889957,7.46401981742306,7.69777777777778,7.94462709210526,8.06809499733759,15
"19",2014,2,7.96194756554307,267,8.34804347826087,7.54891472868217,7.68181818181818,8.02727272727273,7.95608163265306,138,129,11,22,245,4783,2737,2046,272,782,4001,8.04255099310057,8.47102134088418,7.46937242913001,7.69713235294118,7.94695216112532,8.06123589352662,16
"20",2014,3,7.82631578947368,285,8.27129032258065,7.29576923076923,7.44210526315789,7.55,7.8625,155,130,19,33,252,5068,2892,2176,291,815,4253,8.0303909629045,8.46031653181189,7.45900091452206,7.68048109965636,7.93087925153374,8.04946033623325,17
"21",2014,4,8.0223914893617,235,8.49216417910448,7.39912871287129,7.11764705882353,7.95151515151515,8.0339702970297,134,101,17,33,202,5303,3026,2277,308,848,4455,8.03003646992269,8.46172683740912,7.4563451866491,7.64941558441558,7.9316822995283,8.04875798204265,18
"22",2014,5,7.87846153846154,195,8.58069306930693,7.12393617021277,6.95,7.365,7.93714285714286,101,94,10,20,175,5498,3127,2371,318,868,4630,8.02466049472536,8.46556936680524,7.44316659215521,7.6274213836478,7.91862510368664,8.04453926781858,19
"23",2014,6,7.93639175257732,194,8.5156,7.32021276595745,7.93333333333333,8.28181818181818,7.8655900621118,100,94,15,33,161,5692,3227,2465,333,901,4791,8.021652037948,8.46711974279516,7.43847788640974,7.6412012012012,7.93192740288568,8.03852573784179,20
"24",2014,7,7.75213903743315,187,8.30707547169811,7.02592592592593,7.46666666666667,7.58928571428571,7.78081761006289,106,81,9,28,159,5879,3333,2546,342,929,4950,8.01307933321994,8.4620298259826,7.42535270620581,7.6366081871345,7.92160020452099,8.03024784040404,21
"25",2014,8,8.03816831683168,202,8.46779661016949,7.43464285714286,7.10714285714286,7.96111111111111,8.05005714285714,118,84,14,27,175,6081,3451,2630,356,956,5125,8.01391274461438,8.46222700956244,7.42564942585551,7.61578651685393,7.92271609832636,8.03092425560976,22
"26",2014,9,7.88141592920354,226,8.408984375,7.19234693877551,7.05333333333333,7.41739130434783,8,128,98,15,46,180,6307,3579,2728,371,1002,5305,8.00916495956874,8.46032283039955,7.41726832478006,7.59304582210243,7.89951755489022,8.02987498774741,23
"27",2014,10,7.90012295081967,244,8.37445255474453,7.29280373831776,7.389,7.62727272727273,7.94279620853081,137,107,20,33,211,6551,3716,2835,391,1035,5516,8.0051035567089,8.45715699946179,7.41257071957672,7.58260869565217,7.89083728502415,8.02654401921682,24
"28",2014,11,8.0252693877551,245,8.46875735294118,7.47192660550459,7.66666666666667,7.99512195121951,8.03132843137255,136,109,15,41,204,6796,3852,2944,406,1076,5720,8.00583054738081,8.45756656542056,7.41476833899456,7.58571428571429,7.89481095724907,8.0267146520979,25
"29",2014,12,7.89949152542373,236,8.35036764705882,7.2863,7.37692307692308,7.53484848484849,7.9587684729064,136,100,13,33,203,7032,3988,3044,419,1109,5923,8.00226171786121,8.45391083500501,7.41054795992116,7.57923627684964,7.88409972046889,8.02438592098599,26
"30",2015,1,7.95625,304,8.39880239520958,7.41678832116788,6.73695652173913,7.96707317073171,7.95456273764259,167,137,23,41,263,7336,4155,3181,442,1150,6186,8.00035501635769,8.45169588688327,7.41081672115687,7.535407239819,7.88705790434782,8.02141736340123,27
"31",2015,2,7.91660305343511,262,8.38522012578616,7.19320388349515,7.50588235294118,8.32857142857143,7.86730769230769,159,103,17,28,234,7598,4314,3284,459,1178,6420,7.99746701763622,8.44924580667594,7.40399147076736,7.5343137254902,7.89755228353141,8.01580028193147,28
"32",2015,3,7.86258122743682,277,8.30126712328767,7.3736641221374,7.95,7.89444444444444,7.85782157676349,146,131,16,36,241,7875,4460,3415,475,1214,6661,7.99272246349206,8.44440166143498,7.40282810834553,7.54831578947368,7.89746012355848,8.01008449331932,29
"33",2015,4,7.83005050505051,198,8.43490566037736,7.13315217391304,6.9375,7.85714285714286,7.82558823529412,106,92,16,28,170,8073,4566,3507,491,1242,6831,7.98873273875883,8.44418121112571,7.39575363273453,7.52841140529532,7.89655119967794,8.00549301859171,30
"34",2015,5,8.16189743589744,195,8.48786885245902,7.61712328767123,7.91,8.442,8.12070588235294,122,73,10,25,170,8268,4688,3580,501,1267,7001,7.99281681180455,8.44531813353242,7.40026759497207,7.53602794411178,7.90731380426204,8.00829064562205,31
"35",2015,6,7.88469072164948,194,8.33333333333333,7.245375,7.12833333333333,8.06258064516129,7.85085889570552,114,80,12,31,163,8462,4802,3660,513,1298,7164,7.99033791065942,8.44265960224906,7.39688196448087,7.52649122807018,7.91102202619414,8.0047086557789,32
"36",2015,7,7.9305,200,8.35321100917431,7.42417582417582,7.525,7.97894736842105,7.92541436464088,109,91,16,19,181,8662,4911,3751,529,1317,7345,7.98895629184946,8.44067428425982,7.39754411890163,7.52644612476371,7.91200196659074,8.00275463716814,33
"37",2015,8,7.84644897959184,245,8.38876811594203,7.14700934579439,7.25333333333333,7.95833333333333,7.82717703349282,138,107,15,36,209,8907,5049,3858,544,1353,7554,7.98503642079264,8.43925557734205,7.39059564282011,7.51891544117647,7.91323473022912,7.99789685067514,34
"38",2015,9,7.84267015706806,191,8.38333333333333,7.0925,6.4,7.65,7.87168674698795,111,80,11,25,166,9098,5160,3938,555,1378,7720,7.98204763684326,8.43805259883721,7.38453986541392,7.49673873873874,7.90845906386067,7.99518300647668,35
"39",2015,10,7.9097520661157,242,8.36405594405594,7.25353535353535,7.465,7.2,7.97369369369369,143,99,20,20,222,9340,5303,4037,575,1398,7942,7.98017445396146,8.43605721478408,7.38132722070845,7.4956347826087,7.89832374105865,7.99458232309242,36
"40",2015,11,7.79396428571429,280,8.31748299319728,7.21533834586466,6.997,7.53758620689655,7.82358565737052,147,133,20,29,251,9620,5450,4170,595,1427,8193,7.97475461538462,8.43285897431192,7.3760330911271,7.47887394957983,7.89099270497547,7.98934368485292,37
"41",2015,12,7.88316614420063,319,8.33360465116279,7.35612244897959,6.90769230769231,7.89861111111111,7.88120141342756,172,147,26,36,283,9939,5622,4317,621,1463,8476,7.97181501157058,8.42982237815724,7.37535510539727,7.45495974235105,7.89118017088175,7.98573298843794,38
"42",2016,1,7.76193181818182,352,8.2991935483871,7.15993975903614,7.20178571428571,7.71219512195122,7.76848874598071,186,166,28,41,311,10291,5808,4483,649,1504,8787,7.96463603148382,8.42563901687327,7.36737853892483,7.44403697996918,7.88630092420213,7.97804402071242,39
"43",2016,2,7.95084033613445,238,8.31127819548872,7.49428571428571,7.52272727272727,8.1,7.93411214953271,133,105,22,24,214,10529,5941,4588,671,1528,9001,7.96432419033147,8.42307884362901,7.3702829097646,7.44661698956781,7.88965745418848,7.97699953449617,40
"44",2016,3,7.95238095238095,252,8.42786259541985,7.43760330578512,7.56153846153846,7.71153846153846,7.98008849557522,131,121,13,26,226,10781,6072,4709,684,1554,9227,7.96404502365272,8.42318205039525,7.37201273943512,7.44880116959064,7.88667734234234,7.97707519345399,41
"45",2016,4,7.93267716535433,254,8.32455128205128,7.30887755102041,6.775,7.85571428571429,7.94497716894977,156,98,16,35,219,11035,6228,4807,700,1589,9446,7.96332300860897,8.42071153018625,7.37072560640732,7.4334,7.88599533668974,7.97633101947914,42
"46",2016,5,7.91921348314607,267,8.28407894736842,7.43695652173913,8.12777777777778,8.02962962962963,7.90679166666667,152,115,18,27,240,11302,6380,4922,718,1616,9686,7.96228095912228,8.41745633385579,7.37227305770012,7.4508077994429,7.88839516707921,7.97460797129878,43
"47",2016,6,7.83913043478261,207,8.17418032786885,7.35823529411765,7.39583333333333,7.17647058823529,7.89842105263158,122,85,12,17,190,11509,6502,5007,730,1633,9876,7.96006598314363,8.41289163488157,7.37203474935091,7.44990410958904,7.8809838273117,7.97314224483597,44
"48",2016,7,7.74730392156863,204,8.16727272727273,7.25585106382979,7.45,8.1,7.69578651685393,110,94,14,26,178,11713,6612,5101,744,1659,10054,7.95636040297106,8.40880541591046,7.36989374436385,7.44990591397849,7.88441626883665,7.96823182912274,45
"49",2016,8,7.86524822695035,282,8.31428571428571,7.26776859504132,7.45238095238095,7.84285714285714,7.86842105263158,161,121,21,35,247,11995,6773,5222,765,1694,10301,7.95421837432264,8.40655860180126,7.36752738222903,7.44997385620915,7.88355760920897,7.96583854091836,46
"50",2016,9,7.88884586466165,266,8.2799527027027,7.39830508474576,7.54166666666667,7.78387096774194,7.90269361702128,148,118,12,31,235,12261,6921,5340,777,1725,10536,7.95280013049507,8.40385123681548,7.36820748876404,7.45138996138996,7.88176613913044,7.96443012623386,47
"51",2016,10,7.73394897959184,294,8.20945061728395,7.15037878787879,7.09615384615385,7.43780487804878,7.78194071146245,162,132,26,41,253,12555,7083,5472,803,1766,10789,7.94767530067702,8.39940497105745,7.36295284904971,7.43988792029888,7.87145899773499,7.96015078413199,48
"52",2016,11,7.85558020477816,293,8.2675,7.34618320610687,7.35217391304348,7.51891891891892,7.90423828125,162,131,23,37,256,12848,7245,5603,826,1803,11045,7.9455750622665,8.39645554313319,7.36256076923077,7.43744552058111,7.86422439822518,7.95885484925306,49
"53",2016,12,7.81310861423221,267,8.20460526315789,7.29565217391304,7.01666666666667,7.88125,7.80382978723404,152,115,15,32,235,13115,7397,5718,841,1835,11280,7.9428782615326,8.3925132364472,7.36121510842952,7.4299405469679,7.86452130245232,7.95562516046099,50
"54",2017,1,7.95192411924119,369,8.36307339449541,7.35834437086093,7.54285714285714,7.84384615384615,7.96469696969697,218,151,14,39,330,13484,7615,5869,855,1874,11610,7.94312580836547,8.3916704412344,7.36114124893508,7.43178947368421,7.8640910298826,7.95588301550388,51
"55",2017,2,7.99316417910448,335,8.46121827411167,7.325,7.275,7.7758064516129,8.01532894736842,197,138,20,31,304,13819,7812,6007,875,1905,11914,7.94433883783197,8.39342427163338,7.36031096886965,7.42820571428571,7.86265437795276,7.95739984975659,52
"56",2017,3,7.7775,300,8.23412903225806,7.28937931034483,7.11904761904762,7.70357142857143,7.78511029411765,155,145,21,28,272,14119,7967,6152,896,1933,12186,7.94079385225583,8.39032514246265,7.35863914011703,7.42095982142857,7.86035002069322,7.95355422698178,53
"57",2017,4,7.75434552529183,257,8.41446043165468,6.97675254237288,7.39285714285714,6.65454545454545,7.85730553191489,139,118,14,22,235,14376,8106,6270,910,1955,12421,7.93746071229828,8.39073900937576,7.35145211961722,7.42052747252747,7.84678086445013,7.9517332428951,54
"58",2017,5,8.04304347826087,299,8.40078651685393,7.51677685950413,7.15789473684211,7.99966666666667,8.04788104089219,178,121,19,30,269,14675,8284,6391,929,1985,12690,7.93961193867121,8.39095490222114,7.3545821921452,7.4151560818084,7.84909148110831,7.95377136406619,55
"59",2017,6,7.84583333333333,240,8.34549180327869,7.32923728813559,7.15625,7.764,7.8553488372093,122,118,16,25,215,14915,8406,6509,945,2010,12905,7.93810292993631,8.39029507613608,7.35412272084805,7.41077248677249,7.84803312935323,7.95213162417668,56
"60",2017,7,7.96770833333333,288,8.32202380952381,7.47166666666667,7.734375,8.05757575757576,7.95607843137255,168,120,16,33,255,15203,8574,6629,961,2043,13160,7.93866376373084,8.38895736062514,7.3562505340172,7.41616024973985,7.85141781204112,7.95220810106383,57
"61",2017,8,7.81526315789474,266,8.34340277777778,7.19188524590164,7.28571428571429,7.70454545454545,7.82524590163934,144,122,14,22,244,15469,8718,6751,975,2065,13404,7.93654180619303,8.38820491052993,7.35328022367057,7.41428717948718,7.84985307021792,7.94989694195763,58
"62",2017,9,8.01015748031496,254,8.33396946564885,7.66528455284553,7.328125,7.53541666666667,8.05969565217391,131,123,16,24,230,15723,8849,6874,991,2089,13634,7.93773104369395,8.38740201265679,7.35886307681117,7.41289606458123,7.84624058879847,7.95174920126155,59
"63",2017,10,7.85450729927007,274,8.20295918367347,7.4511811023622,7.68260869565217,8.41666666666667,7.76947478991597,147,127,23,36,238,15997,8996,7001,1014,2125,13872,7.93630556979434,8.38438810693641,7.36053775032138,7.41901380670611,7.85590427764706,7.94862194420415,60
"64",2017,11,7.84913846153846,325,8.31855614973262,7.21304347826087,7.49166666666667,8.025,7.82585365853659,187,138,12,38,287,16322,9183,7139,1026,2163,14159,7.93456991790222,8.38304752368506,7.35768662137554,7.41986354775828,7.85887498381877,7.94613345645879,61
"65",2017,12,7.72,300,8.24738562091503,7.17108843537415,6.97142857142857,7.57,7.73666666666667,153,147,21,30,270,16622,9336,7286,1047,2193,14429,7.93069728071231,8.38082427270779,7.35392187620093,7.41086914995224,7.85492320565436,7.9422138478065,62
"66",2018,1,7.92803526448363,397,8.3971052631579,7.29520710059172,7.53518518518519,8.26568181818182,7.88594900849858,228,169,27,44,353,17019,9564,7455,1074,2237,14782,7.93063518420589,8.38121240171476,7.35259085043595,7.41399441340782,7.86300249888243,7.94087022121499,63
"67",2018,2,7.8663446969697,264,8.20416129032258,7.38596330275229,7.56842105263158,7.97513888888889,7.84916666666667,155,109,19,36,228,17283,9719,7564,1093,2273,15010,7.92965313892264,8.37838876530507,7.35307175965098,7.41667886550778,7.86477852617686,7.93947725582945,64
"68",2018,3,7.8748005019305,259,8.37409836065574,7.4301702919708,6.938095,7.61448275862069,7.90762317391304,122,137,14,29,230,17542,9841,7701,1107,2302,15240,7.92884326359594,8.37833557666903,7.35444333463187,7.41062631436314,7.86162536490009,7.9389965183727,65
"69",2018,4,7.84043165467626,278,8.3775572519084,7.36176870748299,7.4,7.50242424242424,7.88595918367347,131,147,20,33,245,17820,9972,7848,1127,2335,15485,7.92746400280584,8.37832535198556,7.35458054536188,7.41043773735581,7.8565488608137,7.93815737423313,66
"70",2018,5,7.95202022727273,264,8.40092459854015,7.46776905511811,7.4753335,8.05555555555556,7.94022506329114,137,127,20,27,237,18084,10109,7975,1147,2362,15722,7.92782248783455,8.37863162330596,7.35638304576802,7.41156931124673,7.85882370448772,7.93818854344231,67
"71",2018,6,7.75275100401606,249,8.33062962962963,7.06842105263158,7.34166666666667,8.13287878787879,7.69467592592593,135,114,12,33,216,18333,10244,8089,1159,2395,15938,7.92544465553919,8.37799903162827,7.35232473606132,7.41084555651424,7.86259982881002,7.93488833479734,68
"72",2018,7,7.9784140969163,227,8.34507042253521,7.36588235294118,7.55555555555556,8.49090909090909,7.92341463414634,142,85,9,22,205,18560,10386,8174,1168,2417,16143,7.92609250377155,8.37754882341613,7.35246571935405,7.41196061643836,7.8683188208523,7.93474263024221,69
"73",2018,8,7.93568,250,8.43644444444444,7.34782608695652,7.64285714285714,7.65416666666667,7.96557522123894,135,115,14,24,226,18810,10521,8289,1182,2441,16369,7.92621992929293,8.3783045413934,7.3524013499819,7.41469543147208,7.86621326915199,7.93516832304967,70
"74",2018,9,7.88575498168498,273,8.28707916167665,7.25348009433962,7.42222222222222,7.9875,7.87412697959184,167,106,9,28,245,19083,10688,8395,1191,2469,16614,7.92564104071687,8.37687914483533,7.3511523144729,7.41475230898405,7.8675887363305,7.93426817081979,71
"75",2018,10,7.79842860841424,309,8.22098553672316,7.23181818181818,7.33333333333333,7.91571428571429,7.78344686131387,177,132,21,35,274,19392,10865,8527,1212,2504,16888,7.92361398617987,8.3743395066728,7.3493049935499,7.41334158415841,7.86826141773163,7.93182116473236,72
"76",2018,11,7.82611323809524,315,8.31841718562874,7.27060810810811,7.375,7.78870967741936,7.83019602112676,167,148,26,31,284,19707,11032,8675,1238,2535,17172,7.92205551783631,8.37349296682378,7.34796238386167,7.41253634894992,7.86728859566075,7.93014043209877,73
"77",2018,12,7.98167741935484,310,8.46224719101124,7.33363636363636,7.3375,8.15272727272727,7.95338345864662,178,132,16,44,266,20017,11210,8807,1254,2579,17438,7.92297887245841,8.37490226672614,7.3477476643579,7.41157894736842,7.87215842962389,7.93049498222273,74
"78",2019,1,7.81309415,400,8.28846693965517,7.15662696428571,6.8125,7.6472972972973,7.82999355371901,232,168,28,37,363,20417,11442,8975,1282,2616,17801,7.92082606406426,8.37314968886558,7.34417014038997,7.39849453978159,7.86897805428135,7.92844554575586,75
"79",2019,2,7.87620138888889,288,8.43522875816993,7.24263703703704,6.89755555555556,7.53179487179487,7.93014457831325,153,135,18,39,249,20705,11595,9110,1300,2655,18050,7.92020534894953,8.37396884346701,7.34266553347969,7.39155846153846,7.86402508097929,7.92846898393352,76
"80",2019,3,7.8373417721519,316,8.39662790697674,7.16930555555556,7.48611111111111,8.15137931034483,7.80560975609756,172,144,18,29,287,21021,11767,9254,1318,2684,18337,7.91895969506684,8.37430005438939,7.33996790685109,7.3928497723824,7.86712987704918,7.92654606315101,77
"81",2019,4,7.87208494208494,259,8.29079136690648,7.38708333333333,6.440625,7.74478260869565,7.88449152542373,139,120,16,23,236,21280,11906,9374,1334,2707,18573,7.91838917998121,8.37332510834873,7.34057104864519,7.3814287856072,7.86609035463613,7.92601169224143,78
"82",2019,5,7.98662835249042,261,8.4076582278481,7.34077669902913,6.94444444444444,8.06538461538462,7.97791489361702,158,103,9,26,235,21541,12064,9477,1343,2733,18808,7.91921599507916,8.37377476293103,7.34057328373958,7.37850037230082,7.86798631174534,7.92666020629519,79
"83",2019,6,7.89543396226415,265,8.39,7.27932203389831,6.89473684210526,7.47096774193548,7.95166666666667,147,118,19,31,234,21806,12211,9595,1362,2764,19042,7.91892698110612,8.37397008762591,7.33982001146431,7.37175183553598,7.86353349855282,7.92696750131289,80
"84",2019,7,7.69704510204082,245,8.01012251908397,7.33728070175439,7.10588235294118,7.72610903225806,7.69283490654206,131,114,17,31,214,22051,12342,9709,1379,2795,19256,7.91646173869666,8.37010815021876,7.33979019569472,7.36847425670776,7.86200929159213,7.92436548764022,81
"85",2019,8,7.87389355742297,357,8.34594594594595,7.36616279069767,7.695,8.33322580645161,7.83021472392638,185,172,20,31,326,22408,12527,9881,1399,2826,19582,7.91578355051768,8.36975132034805,7.34024926728064,7.37314224446033,7.86717833333334,7.92279807118783,82
"86",2019,9,7.87043698170732,328,8.36480662983425,7.26172333333333,7.31681818181818,7.52333333333333,7.90538030201342,181,147,22,30,298,22736,12708,10028,1421,2856,19880,7.91512936004575,8.36968089313818,7.33909815915437,7.37227023223082,7.86356651610644,7.92253697987928,83
"87",2019,10,7.91556268221574,343,8.27008653846154,7.36933333333333,7.23333333333333,8.00648275862069,7.90716560509554,208,135,15,29,314,23079,12916,10163,1436,2885,20194,7.915135800078,8.36807701997522,7.33949978746433,7.37081894150418,7.86500310918544,7.92229796771318,84
"88",2019,11,7.90043831804281,327,8.18382714285714,7.51231884057971,7.55882352941176,8.234,7.87282559602649,189,138,17,25,302,23406,13105,10301,1453,2910,20496,7.91493046483808,8.36541977260587,7.34181500242695,7.37301858224363,7.86817318556701,7.92156901297814,85
"89",2019,12,7.73102377300614,326,8.25276041666667,7.17626582278481,7.16666666666667,7.64615384615385,7.74255662020906,168,158,27,39,287,23732,13273,10459,1480,2949,20783,7.91240418885893,8.36399381225043,7.33931411607228,7.36925405405405,7.86523701932859,7.91909696578935,86
"90",2020,1,7.83097352803738,428,8.25094204347826,7.34313131313131,7.18461538461538,7.86052631578947,7.82809402564103,230,198,26,38,390,24160,13503,10657,1506,2987,21173,7.91096162582782,8.36206817299859,7.33938503706484,7.36606640106241,7.86517709072648,7.91742072025693,87
"91",2020,2,7.7585249137931,348,8.31060607954545,7.19360465116279,6.93518518518519,7.66068181818182,7.77268641447368,176,172,27,44,304,24508,13679,10829,1533,3031,21477,7.90879710910724,8.36140603918415,7.33706956690368,7.35847749510763,7.86220850214451,7.91537205289379,88
"92",2020,3,7.78309886850153,327,8.23872832369942,7.27125538961039,6.93888888888889,7.88035714285714,7.77399107023411,173,154,18,28,299,24835,13852,10983,1551,3059,21776,7.90714205274814,8.35987389618827,7.336146742238,7.35360799484203,7.86237462242563,7.91343079123806,89
"93",2020,4,7.85184049079755,326,8.24241056497175,7.38787469798658,7.47857142857143,8.13414634146342,7.81122807017544,177,149,14,41,285,25161,14029,11132,1565,3100,22061,7.90642553475618,8.35839189393399,7.33683911246856,7.35472587859425,7.86596902258065,7.91211046235438,90
"94",2020,5,7.77402631578947,380,8.30097435897436,7.21859459459459,6.98823529411765,7.57489795918367,7.80350453172205,195,185,17,49,331,25541,14224,11317,1582,3149,22392,7.90445569398223,8.35760474409449,7.33490615887603,7.35078761061947,7.86143981263893,7.91050504242587,91
"95",2020,6,7.79145244514107,319,8.2171031547619,7.31788079470199,7.36111111111111,8.01666666666667,7.76807380622837,168,151,18,30,289,25860,14392,11468,1600,3179,22681,7.90306172505801,8.35596464772095,7.33468198465295,7.35090375,7.86290467757156,7.90869019179049,92
"96",2020,7,7.87329204334365,323,8.34134078212291,7.29148145833333,6.86111111111111,8.0709375,7.85155783505155,179,144,18,32,291,26183,14571,11612,1618,3211,22972,7.90269447886034,8.35578499828426,7.33414625645884,7.34545488257107,7.86497787916537,7.90796646221487,93
"97",2020,8,7.93335318452381,336,8.32912568306011,7.45997823529412,7.63958333333333,8.30147058823529,7.89190950331126,183,153,24,34,302,26519,14754,11765,1642,3245,23274,7.90308292959765,8.35545433170665,7.33578266043349,7.34975395858709,7.86955130046225,7.90775810947839,94
"98",2020,9,7.85415954415954,351,8.30733009708738,7.21034482758621,7.06521739130435,8.23472222222222,7.81066666666667,206,145,23,36,315,26870,14960,11910,1665,3281,23589,7.90244384852997,8.35479165842246,7.33425549958018,7.34582342342342,7.87355805242304,7.9064615812455,95
"99",2020,10,7.95277478378378,370,8.32031413612565,7.56059592178771,7.34736842105263,8.23525,7.91853536363636,191,179,19,40,330,27240,15151,12089,1684,3321,23919,7.90312749192365,8.35435701999867,7.33760688808007,7.34584085510689,7.87791447455586,7.90662815794975,96
"100",2020,11,7.87544414248021,379,8.24945852791878,7.4706043956044,7.29565217391304,7.89705882352941,7.873314,197,182,23,34,345,27619,15348,12271,1707,3355,24264,7.90274760889243,8.35301059030492,7.33957946948089,7.34516461628588,7.87810848584203,7.9061544774151,97
"101",2020,12,7.82568119891008,367,8.27016826923077,7.24421383647799,7.21176470588235,7.71117647058824,7.83737237237237,208,159,17,34,333,27986,15556,12430,1724,3389,24597,7.90173698313443,8.35190290177423,7.33835958728882,7.34384918793503,7.87643374741812,7.90522328901899,98
"102",2021,1,7.6900370246085,447,8.10860956175299,7.15400790816327,6.83103448275862,7.41197120689655,7.73149670951157,251,196,29,58,389,28433,15807,12626,1753,3447,24986,7.89840881229558,8.34803963686974,7.33549779977823,7.33536565887051,7.86861859588048,7.90251858880973,99
"103",2021,2,7.85506077348066,362,8.2357641509434,7.317,6.975,8.07638888888889,7.83061963190184,212,150,16,36,326,28795,16019,12776,1769,3483,25312,7.89786385691961,8.34655375117048,7.33528062147777,7.33210627473149,7.87076609244904,7.9015925829646,100
"104",2021,3,7.82141652173913,345,8.27967535714286,7.21860624161074,7.43571428571429,8.111,7.78450882352941,196,149,14,39,306,29140,16215,12925,1783,3522,25618,7.89695876664379,8.34574535368485,7.33393559381044,7.3329197980931,7.87342626348666,7.90019404949645,101
"105",2021,4,7.83078252459016,305,8.20609982035928,7.37659420289855,7.28529411764706,8.38714285714286,7.75866174074074,167,138,17,35,270,29445,16382,13063,1800,3557,25888,7.89627329359824,8.34432179099011,7.33438624741637,7.33247,7.87848110767501,7.8987179322466,102
"106",2021,5,7.92993421052632,304,8.26645161290323,7.39949152542373,7.01176470588235,7.67115384615385,7.95413669064748,186,118,17,26,278,29749,16568,13181,1817,3583,26166,7.89661726881576,8.34344758450024,7.33496908808133,7.32946945514584,7.87697663968741,7.89930672743255,103
"107",2021,6,7.91876811594203,276,8.33825806451613,7.38140495867769,6.75,7.94285714285714,7.91604838709677,155,121,14,28,248,30025,16723,13302,1831,3611,26414,7.89682088692757,8.34339948454224,7.33539148624267,7.32503877662479,7.87748748269178,7.89946391421216,104
"108",2021,7,7.88851308823529,272,8.321954,7.39363960629921,7.55074166666667,8.181840625,7.84940275,145,127,12,32,240,30297,16868,13429,1843,3643,26654,7.89674630128396,8.34321513576002,7.33594234715913,7.3265083559414,7.88016091133681,7.89901314962107,105
"109",2021,8,7.70699669966997,303,8.24058441558442,7.1555033557047,7.40294117647059,7.77884615384615,7.70025270758123,154,149,17,26,277,30600,17022,13578,1860,3669,26931,7.89486740816994,8.34228662378098,7.33396227574017,7.32720693548387,7.87944295448351,7.89696879024173,106
"110",2021,9,7.71599759124088,274,8.07194838028169,7.33308083333333,6.68,7.99565217391304,7.69037187250996,142,132,15,23,251,30874,17164,13710,1875,3692,27182,7.8932799776511,8.34005008040083,7.33395378920496,7.32202928,7.88016690140845,7.89506106357148,107
"111",2021,10,7.83501408450704,355,8.37737967914438,7.23130952380952,7.3,7.91212121212121,7.82711180124224,187,168,20,33,322,31229,17351,13878,1895,3725,27504,7.89261763200872,8.34045239928534,7.33271123000432,7.32179678100264,7.88044998657718,7.89426555519197,108
"112",2021,11,7.69853255747126,348,8.10661109375,7.19628205128205,6.875,7.83431818181818,7.678879375,192,156,28,44,304,31577,17543,14034,1923,3769,27808,7.89047868258543,8.33789311463261,7.33119470215191,7.31529115964639,7.87991143539401,7.89191093066743,109
"113",2021,12,7.84033573141487,417,8.25362831858407,7.35130890052356,7.4,7.82909090909091,7.84166219839142,226,191,19,44,373,31994,17769,14225,1942,3813,28181,7.88982513471276,8.33682136923856,7.3314647768014,7.31611992790937,7.87932499344348,7.89124584507292,110
"114",2022,1,7.82057839160839,572,8.24188803125,7.28558202380952,7.05277777777778,7.90446808510638,7.81306826666667,320,252,36,47,525,32566,18089,14477,1978,3860,28706,7.88860886200332,8.33514196915252,7.33066609932997,7.31132704752275,7.87963113989637,7.8898160663276,111
"115",2022,2,7.79598312,375,8.19033806603774,7.28307975460123,7.24464285714286,7.68823529411765,7.80672630498534,212,163,28,34,341,32941,18301,14640,2006,3894,29047,7.88755441152364,8.33346455111742,7.33013627868852,7.31039626121635,7.87795998972779,7.88884062622646,112
"116",2022,3,7.80516665680473,338,8.30162777777778,7.23957803797468,7.1,7.7,7.81503666666667,180,158,20,29,309,33279,18481,14798,2026,3923,29356,7.88671763574627,8.33315446945511,7.3291693776186,7.30831929911155,7.87664445577364,7.88806376890584,113
"117",2022,4,7.84198347107438,363,8.28563157894737,7.35473988439306,6.95208333333333,7.76611111111111,7.85033639143731,190,173,24,36,327,33642,18671,14971,2050,3959,29683,7.88623495035967,8.33267086658454,7.32946486206666,7.30414873170732,7.87563935337206,7.88764814877202,114
"118",2022,5,7.8828221574344,343,8.23015135135135,7.47613924050633,7.22,7.78141176470588,7.89398058252427,185,158,10,34,309,33985,18856,15129,2060,3993,29992,7.88620050610564,8.33166502704709,7.33099665873488,7.30374024271845,7.87483701477586,7.8877133902374,115
"119",2022,6,7.77268786127168,346,8.25180722891566,7.33083333333333,7.00416666666667,7.60185185185185,7.7871473354232,166,180,24,27,319,34331,19022,15309,2084,4020,30311,7.88505648539221,8.33096812900851,7.33099473838918,7.30029025911708,7.87300353233831,7.88665500973244,116
"120",2022,7,7.87747330128205,312,8.30492802469136,7.4158222,7.29705882352941,7.49733333333333,7.91791372340426,162,150,17,30,282,34643,19184,15459,2101,4050,30593,7.88498819011056,8.33074823238115,7.33181782650883,7.30026411232746,7.87022079012346,7.88694314614454,117
"121",2022,8,7.77158140664962,391,8.2302155721393,7.28639473684211,6.70235294117647,8.25818181818182,7.72672717877095,201,190,17,33,358,35034,19385,15649,2118,4083,30951,7.8837225038534,8.32970582512251,7.3312663288389,7.29546501416431,7.87335640460446,7.88508998093761,118
