"","year","month","avg_rating","no_ratings","avg_rating_owned","avg_rating_not_owned","avg_rating_prev_owned","avg_rating_comment","avg_rating_no_comment","no_ratings_owned","no_ratings_not_owned","no_ratings_prev_owned","no_ratings_comment","no_ratings_no_comment","cum_no_ratings","cum_no_ratings_owned","cum_no_ratings_not_owned","cum_no_ratings_prev_owned","cum_no_ratings_comment","cum_no_ratings_no_comment","cum_avg_rating","cum_avg_rating_owned","cum_avg_rating_not_owned","cum_avg_rating_prev_owned","cum_avg_rating_comment","cum_avg_rating_no_comment","month_after_release"
"1",2012,7,9.5,2,9.5,NA,NA,9,10,2,0,0,1,1,2,2,0,0,1,1,9.5,9.5,NA,NA,9,10,-3
"2",2012,10,7.61617647058824,68,8.11176470588235,7.12058823529412,6.5,7.32222222222222,7.722,34,34,2,18,50,70,36,34,2,19,51,7.67,8.18888888888889,7.12058823529412,6.5,7.41052631578947,7.76666666666667,0
"3",2012,11,7.72460317460317,126,8.54553571428571,7.06785714285714,7.18181818181818,7.88260869565217,7.68932038834951,56,70,11,23,103,196,92,104,13,42,154,7.70510204081633,8.40597826086957,7.08509615384615,7.07692307692308,7.66904761904762,7.71493506493506,1
"4",2012,12,7.47105263157895,95,8.12444444444444,6.883,7.3125,6.83,7.642,45,50,8,20,75,291,137,154,21,62,229,7.6286941580756,8.31350364963504,7.01948051948052,7.16666666666667,7.39838709677419,7.6910480349345,2
"5",2013,1,7.49081632653061,147,8.02272727272727,7.17282608695652,7.453125,7.04705882352941,7.62433628318584,55,92,16,34,113,438,192,246,37,96,342,7.5824200913242,8.23020833333334,7.07682926829268,7.29054054054054,7.27395833333333,7.66900584795322,3
"6",2013,2,7.55954545454545,110,8.01698113207547,7.13421052631579,7.65,7.62727272727273,7.54261363636364,53,57,9,22,88,548,245,303,46,118,430,7.57782846715328,8.18408163265306,7.08762376237624,7.36086956521739,7.33983050847458,7.64313953488372,4
"7",2013,3,7.40988372093023,86,7.9375,6.95108695652174,6.38888888888889,6.90454545454545,7.58359375,40,46,9,22,64,634,285,349,55,140,494,7.55504731861199,8.14947368421053,7.06962750716332,7.20181818181818,7.27142857142857,7.63542510121458,5
"8",2013,4,7.18769230769231,65,7.85789473684211,6.91086956521739,6.5,6.96818181818182,7.23240740740741,19,46,9,11,54,699,304,395,64,151,548,7.520886981402,8.13125,7.05113924050633,7.103125,7.24933774834437,7.59571167883212,6
"9",2013,5,7.41447368421053,76,7.63235294117647,7.23809523809524,7.45,7.36363636363636,7.42307692307692,34,42,10,11,65,775,338,437,74,162,613,7.51045161290322,8.0810650887574,7.06910755148741,7.15,7.2570987654321,7.57740619902121,7
"10",2013,6,7.20390625,64,7.88,6.89659090909091,7.13076923076923,7.5,7.14245283018868,20,44,13,11,53,839,358,481,87,173,666,7.48706793802145,8.06983240223464,7.0533264033264,7.14712643678161,7.27254335260116,7.54279279279279,8
"11",2013,7,7.45642857142857,70,7.91481481481481,7.16860465116279,7.30454545454545,7.45833333333333,7.45603448275862,27,43,11,12,58,909,385,524,98,185,724,7.48470847084708,8.05896103896104,7.06278625954199,7.16479591836735,7.28459459459459,7.53584254143646,9
"12",2013,8,7.4530303030303,66,8.05652173913044,7.13023255813953,7.34210526315789,7.94545454545455,7.35454545454545,23,43,19,11,55,975,408,567,117,196,779,7.4825641025641,8.05882352941176,7.0679012345679,7.19358974358974,7.32168367346939,7.52304236200257,10
"13",2013,9,7.39583333333333,60,7.86607142857143,6.984375,7.08461538461538,6.94375,7.56022727272727,28,32,13,16,44,1035,436,599,130,212,823,7.47753623188406,8.04644495412844,7.06343906510851,7.18269230769231,7.29316037735849,7.52503037667072,11
"14",2013,10,7.41830985915493,71,8.03428571428571,6.81944444444444,6.85,7.525,7.37647058823529,35,36,10,20,51,1106,471,635,140,232,874,7.47373417721519,8.04554140127388,7.0496062992126,7.15892857142857,7.31314655172414,7.51636155606407,12
"15",2013,11,7.31269841269841,63,7.89354838709677,6.75,6.9,6.16666666666667,7.43333333333333,31,32,10,6,57,1169,502,667,150,238,931,7.46505560307955,8.03615537848605,7.0352323838081,7.14166666666667,7.28424369747899,7.51127819548872,13
"16",2013,12,6.95958904109589,73,7.63166666666667,6.4906976744186,7.13333333333333,7.125,6.93923076923077,30,43,9,8,65,1242,532,710,159,246,996,7.435346215781,8.01334586466165,7.00225352112676,7.14119496855346,7.27906504065041,7.47394578313253,14
"17",2014,1,7.04266666666667,75,7.83461538461538,6.62244897959184,6.92307692307692,6.91666666666667,7.06666666666667,26,49,13,12,63,1317,558,759,172,258,1059,7.4129840546697,8.00501792114695,6.97773386034256,7.12470930232558,7.26220930232558,7.44971671388102,15
"18",2014,2,7.32474264705882,68,7.99441666666667,6.79605263157895,7.27777777777778,7.22666666666667,7.3525,30,38,9,15,53,1385,588,797,181,273,1112,7.40865162454874,8.00447704081633,6.96907151819322,7.13232044198895,7.26025641025641,7.44508318345324,16
"19",2014,3,7.5375,40,8.15625,7.125,6.8125,7.81818181818182,7.43103448275862,16,24,8,11,29,1425,604,821,189,284,1141,7.41226842105263,8.00849751655629,6.97362971985384,7.11878306878307,7.2818661971831,7.44472611744084,17
"20",2014,4,7.16037735849057,53,7.685,6.84242424242424,6.96666666666667,7.57777777777778,7.075,20,33,6,9,44,1478,624,854,195,293,1185,7.40323579161028,7.99812900641026,6.96855971896956,7.11410256410256,7.29095563139932,7.43099789029536,18
"21",2014,5,7.27882352941177,51,7.545,7.10709677419355,6.832,7.23333333333333,7.28488888888889,20,31,10,6,45,1529,644,885,205,299,1230,7.39908600392413,7.98405667701863,6.97341242937853,7.10034146341463,7.28979933110368,7.42565243902439,19
"22",2014,6,7.235,40,7.71666666666667,7.02857142857143,6.77777777777778,6.33333333333333,7.30810810810811,12,28,9,3,37,1569,656,913,214,302,1267,7.39490280433397,7.97916539634146,6.97510405257393,7.08677570093458,7.28029801324503,7.42221981057616,20
"23",2014,7,7.08604651162791,43,7.62105263157895,6.6625,7.675,6.66666666666667,7.15405405405405,19,24,8,6,37,1612,675,937,222,308,1304,7.38666408188586,7.96908518518519,6.96709711846318,7.10797297297297,7.26834415584416,7.41461081288343,21
"24",2014,8,7.0554347826087,46,7.1,7.03387096774194,7.15769230769231,6.91666666666667,7.10441176470588,15,31,13,12,34,1658,690,968,235,320,1338,7.37747436670687,7.95019202898551,6.96923553719008,7.11072340425532,7.25515625,7.40672832585949,22
"25",2014,9,7.24090909090909,44,7.74615384615385,7.02903225806452,7.45454545454545,7.2,7.24615384615385,13,31,11,5,39,1702,703,999,246,325,1377,7.37394388954172,7.94641891891892,6.97109109109109,7.12609756097561,7.25430769230769,7.4021804647785,23
"26",2014,10,7.236,50,7.67391304347826,6.86296296296296,6.51666666666667,7,7.24081632653061,23,27,6,1,49,1752,726,1026,252,326,1426,7.3700071347032,7.93778581267218,6.96824561403509,7.1115873015873,7.25352760736196,7.39663569424965,24
"27",2014,11,7.06052631578947,57,7.67,6.73108108108108,6.64545454545455,7.60833333333333,6.99607843137255,20,37,11,6,51,1809,746,1063,263,332,1477,7.36025566611387,7.93060656836461,6.95999059266228,7.09209125475285,7.25993975903615,7.38280467163168,25
"28",2014,12,7.225,50,7.87173913043478,6.67407407407407,7.0375,7.25,7.22282608695652,23,27,8,4,46,1859,769,1090,271,336,1523,7.35661780527165,7.92884590377113,6.95290825688073,7.09047970479705,7.25982142857143,7.37797275114905,26
"29",2015,1,7.15757575757576,66,7.75172413793103,6.69189189189189,6.75294117647059,7.26666666666667,7.14666666666667,29,37,17,6,60,1925,798,1127,288,342,1583,7.34979350649351,7.92240914786967,6.94433895297249,7.07055555555555,7.25994152046784,7.36920562223626,27
"30",2015,2,7.35526315789474,57,7.78333333333333,6.87962962962963,6.95,7.07142857142857,7.395,30,27,10,7,50,1982,828,1154,298,349,1633,7.34995080726539,7.91737016908213,6.94282495667244,7.06651006711409,7.25616045845272,7.36999540722596,28
"31",2015,3,7.15111111111111,45,7.80769230769231,6.884375,6.78125,6.71428571428571,7.23157894736842,13,32,16,7,38,2027,841,1186,314,356,1671,7.34553650715343,7.91567479191439,6.9412478920742,7.05197452229299,7.24550561797753,7.36684769599042,29
"32",2015,4,7.05111111111111,45,7.82222222222222,6.53703703703704,6.875,6.91666666666667,7.07179487179487,18,27,4,6,39,2072,859,1213,318,362,1710,7.33914213320463,7.91371653084983,6.93225061830173,7.04974842767295,7.24005524861879,7.36011842105263,30
"33",2015,5,7.28536585365854,41,7.72222222222222,6.94347826086956,6.775,7,7.31621621621622,18,23,8,4,37,2113,877,1236,326,366,1747,7.33809867486985,7.90978620296465,6.93245954692557,7.04300613496932,7.23743169398907,7.35918860904407,31
"34",2015,6,7.22378378378378,37,7.8,6.87304347826087,7.0625,6.7,7.305625,14,23,8,5,32,2150,891,1259,334,371,1779,7.33613139534884,7.90806116722783,6.93137410643368,7.04347305389221,7.23018867924528,7.35822512647555,32
"35",2015,7,7.16060606060606,33,8.06,6.41111111111111,6.6,6.5,7.25172413793103,15,18,5,4,29,2183,906,1277,339,375,1808,7.33347801191021,7.91057671081678,6.92404072043853,7.03693215339233,7.2224,7.35651686946902,33
"36",2015,8,7.54408163265306,49,8.3052380952381,6.97321428571429,6.84583333333333,7.65833333333333,7.52813953488372,21,28,12,6,43,2232,927,1305,351,381,1851,7.33810147849462,7.91951725997843,6.92509578544061,7.03039886039886,7.22926509186352,7.3605037817396,34
"37",2015,9,7.205,40,7.91666666666667,6.9,6.75,6.83333333333333,7.31290322580645,12,28,6,9,31,2272,939,1333,357,390,1882,7.33575814260563,7.91948083067093,6.92456864216054,7.0256862745098,7.2201282051282,7.3597197130712,35
"38",2015,10,7.52660377358491,53,7.81821428571429,7.2,7.22727272727273,7.59333333333333,7.51808510638298,28,25,11,6,47,2325,967,1358,368,396,1929,7.34010860215054,7.91654860392968,6.92963917525773,7.03171195652174,7.22578282828283,7.36357827890098,36
"39",2015,11,7.10557142857143,70,7.7962962962963,6.67186046511628,6.93333333333333,7.83333333333333,6.99819672131148,27,43,9,9,61,2395,994,1401,377,405,1990,7.33325365344467,7.91328219315895,6.92172733761599,7.02936339522546,7.23928395061728,7.35237814070351,37
"40",2015,12,7.23018867924528,53,7.96666666666667,6.62068965517241,6.41666666666667,7.16666666666667,7.24318181818182,24,29,12,9,44,2448,1018,1430,389,414,2034,7.33102226307189,7.91454076620825,6.91562237762238,7.01046272493573,7.23770531400966,7.35001597836775,38
"41",2016,1,6.9925,64,7.42258064516129,6.58848484848485,6.94545454545455,7.0625,6.9825,31,33,11,8,56,2512,1049,1463,400,422,2090,7.32239749203822,7.90000238322212,6.90824333561176,7.008675,7.23438388625592,7.34016866028708,39
"42",2016,2,7.24,60,7.876,6.78571428571429,7.14285714285714,7.2125,7.25,25,35,7,16,44,2572,1074,1498,407,438,2134,7.32047531104199,7.89944366852886,6.90538050734312,7.0109828009828,7.23358447488584,7.33830951265229,40
"43",2016,3,7.3025,40,8.07777777777778,6.66818181818182,6.5,6.6875,7.45625,18,22,8,8,32,2612,1092,1520,415,446,2166,7.32020003828484,7.90238324175824,6.90194736842105,7.00113253012048,7.22378923766816,7.34005193905817,41
"44",2016,4,7.24196428571429,56,7.68548387096774,6.692,6.52777777777778,6.57857142857143,7.33673469387755,31,25,9,7,49,2668,1123,1545,424,453,2215,7.31855790854573,7.89639581478183,6.8985501618123,6.99108490566038,7.21381898454746,7.33997855530474,42
"45",2016,5,6.95307692307692,39,7.91416666666667,6.52592592592593,6.90909090909091,6.875,6.97322580645161,12,27,11,8,31,2707,1135,1572,435,461,2246,7.31329239009974,7.89658370044053,6.89215012722646,6.98901149425287,7.20793926247289,7.33491651825467,43
"46",2016,6,7.22,35,7.92777777777778,6.47058823529412,6.33333333333333,8,7.17272727272727,18,17,6,2,33,2742,1153,1589,441,463,2279,7.31210156819839,7.89707068516912,6.88764002517307,6.98009070294785,7.21136069114471,7.33256801228609,44
"47",2016,7,7.09054054054054,37,7.74117647058824,6.5375,6.97222222222222,7,7.11166666666667,17,20,9,7,30,2779,1170,1609,450,470,2309,7.30915167326376,7.89480555555555,6.88328775637042,6.97993333333333,7.20821276595745,7.329697921178,45
"48",2016,8,7.16222222222222,45,7.97222222222222,6.62222222222222,6.53636363636364,6,7.27560975609756,18,27,11,4,41,2824,1188,1636,461,474,2350,7.3068103753541,7.89597853535353,6.87897921760391,6.96934924078091,7.19801687763713,7.32875425531915,46
"49",2016,9,7.41973684210526,38,7.86052631578947,6.97894736842105,6,6.955,7.58571428571429,19,19,3,10,28,2862,1207,1655,464,484,2378,7.30830974842767,7.89542046396023,6.88012688821752,6.96308189655172,7.1929958677686,7.33177985702271,47
"50",2016,10,7.43829787234043,47,7.97391304347826,6.925,6.8,6.66666666666667,7.49090909090909,23,24,9,3,44,2909,1230,1679,473,487,2422,7.31040993468546,7.89688821138211,6.8807683144729,6.95997885835095,7.18975359342916,7.33467072667217,48
"51",2016,11,7.25335820895522,67,7.82211538461539,6.89268292682927,6.91428571428571,7.07142857142857,7.30141509433962,26,41,14,14,53,2976,1256,1720,487,501,2475,7.30912550403225,7.89534036624204,6.8810523255814,6.95866529774127,7.18644710578842,7.33395858585858,49
"52",2016,12,6.90394736842105,38,7.87,5.83055555555556,5.5,6.25,6.94027777777778,20,18,3,2,36,3014,1276,1738,490,503,2511,7.30401708692767,7.89494318181818,6.87017261219793,6.94973469387755,7.18272365805169,7.3283144165671,50
"53",2017,1,7.37377049180328,61,7.89107142857143,6.93484848484848,6.82857142857143,7.125,7.41132075471698,28,33,14,8,53,3075,1304,1771,504,511,2564,7.30540081300813,7.89486004601227,6.8713777526821,6.94636904761905,7.18181996086106,7.33003022620905,51
"54",2017,2,7.32607142857143,56,8.21272727272727,6.75235294117647,6.55,7.96666666666667,7.28981132075472,22,34,9,3,53,3131,1326,1805,513,514,2617,7.30577052060044,7.9001338612368,6.86913573407202,6.93941520467836,7.18640077821012,7.32921570500573,52
"55",2017,3,7.70232558139535,43,7.88518518518519,7.39375,6.6,7.3625,7.78,27,16,5,8,35,3174,1353,1821,518,522,2652,7.31114287964713,7.89983555062823,6.87374519494783,6.93613899613899,7.18909961685824,7.33516496983408,53
"56",2017,4,7.77790697674419,43,7.97083333333333,7.53421052631579,7.41666666666667,8.025,7.7525641025641,24,19,3,4,39,3217,1377,1840,521,526,2691,7.31738187752564,7.90107298474945,6.8805652173913,6.93890595009597,7.19545627376426,7.34121423262727,54
"57",2017,5,7.12926829268293,41,7.74782608695652,6.33888888888889,6,6.16666666666667,7.20526315789474,23,18,8,3,38,3258,1400,1858,529,529,2729,7.31501457949662,7.89855535714286,6.87531754574812,6.92470699432892,7.18962192816635,7.33932117991938,55
"58",2017,6,7.12142857142857,35,7.51388888888889,6.70588235294118,6.85714285714286,7.9,6.99166666666667,18,17,7,5,30,3293,1418,1875,536,534,2759,7.31295703006377,7.89367242595204,6.87378133333333,6.92382462686567,7.1962734082397,7.33554095686843,56
"59",2017,7,7.225,42,7.71842105263158,6.81739130434783,6.75555555555556,7.475,7.16617647058824,19,23,9,8,34,3335,1437,1898,545,542,2793,7.31184932533733,7.89135525400139,6.87309799789252,6.92104587155963,7.20038745387454,7.33347923379878,57
"60",2017,8,7.11707317073171,41,7.78125,6.692,6.44444444444444,6.58,7.19166666666667,16,25,9,5,36,3376,1453,1923,554,547,2829,7.30948385663507,7.89014280798348,6.87074362974519,6.91330324909747,7.19471663619744,7.33167462000707,58
"61",2017,9,7.35127659574468,47,7.725,6.88857142857143,7.1,7,7.37522727272727,26,21,5,3,44,3423,1479,1944,559,550,2873,7.31005769792579,7.88723968897904,6.87093621399177,6.91497316636852,7.19365454545455,7.33234162895927,59
"62",2017,10,7.567,40,8.13333333333333,6.94105263157895,7.01857142857143,7.75714285714286,7.52666666666667,21,19,7,7,33,3463,1500,1963,566,557,2906,7.3130255558764,7.890685,6.87161487519103,6.91625441696113,7.20073608617594,7.33454834824501,60
"63",2017,11,7.40754098360656,61,7.92451612903226,6.87333333333333,6.81428571428571,7.85714285714286,7.34925925925926,31,30,7,7,54,3524,1531,1993,573,564,2960,7.31466160612939,7.89137001959504,6.8716407425991,6.91500872600349,7.20888297872341,7.33481672297297,61
"64",2017,12,7.02195121951219,41,7.79444444444444,6.41739130434783,5.8125,6.91666666666667,7.04,18,23,8,6,35,3565,1549,2016,581,570,2995,7.31129523141655,7.89024370561653,6.86645833333333,6.89982788296041,7.20580701754386,7.3313714524207,62
"65",2018,1,7.46782068965517,58,7.93334285714286,7.03333333333333,7.125,8.08333333333333,7.3968,28,30,8,6,52,3623,1577,2046,589,576,3047,7.3138010212531,7.89100894102727,6.86890518084066,6.90288624787776,7.21494791666667,7.33248805382343,63
"66",2018,2,7.56341463414634,41,7.71666666666667,7.34705882352941,7.46,8.05,7.48,24,17,5,6,35,3664,1601,2063,594,582,3082,7.31659418668122,7.88839544034978,6.8728453708192,6.90757575757576,7.22355670103093,7.33416323815704,64
"67",2018,3,7.18709677419355,31,7.7,6.94285714285714,6.5,7,7.19333333333333,10,21,4,1,30,3695,1611,2084,598,583,3112,7.31550774018944,7.88722600869025,6.87355086372361,6.90484949832776,7.22317324185249,7.33280562339331,65
"68",2018,4,7.42424242424242,33,8.45833333333333,6.83333333333333,7,5.83333333333333,7.58333333333333,12,21,4,3,30,3728,1623,2105,602,586,3142,7.31647025214592,7.89144861367837,6.87314964370546,6.90548172757475,7.21605802047782,7.33519767663908,66
"69",2018,5,7.12378923076923,39,7.38651866666667,6.95958333333333,7.58333333333333,7.76,7.03022882352941,15,24,6,5,34,3767,1638,2129,608,591,3176,7.31447541279532,7.88682471306471,6.87412400187882,6.91217105263158,7.22065989847716,7.33193289672544,67
"70",2018,6,7.266875,32,8.04615384615385,6.73368421052632,6.82333333333333,7.86,7.18214285714286,13,19,6,4,28,3799,1651,2148,614,595,3204,7.31407446170044,7.88807927316778,6.87288175046555,6.91130293159609,7.22495798319328,7.33062387016229,68
"71",2018,7,6.79827586206897,29,7.58928571428571,6.06,5.25,5,7.17291666666667,14,15,4,5,24,3828,1665,2163,618,600,3228,7.31016689655172,7.88556689489489,6.86724456773,6.9005501618123,7.20641666666667,7.32945132589839,69
"72",2018,8,6.83063054054054,37,7.1866665,6.41176470588235,6.1,7.28888833333333,6.74193548387097,20,17,5,6,31,3865,1685,2180,623,606,3259,7.30557625097024,7.87727134124629,6.86369266055046,6.89412520064205,7.20723321782178,7.32386280454127,70
"73",2018,9,7.00166681818182,22,8.08888888888889,6.24897461538462,4,NA,7.00166681818182,9,13,1,0,22,3887,1694,2193,624,606,3281,7.30385615641883,7.87839563754427,6.86004864113087,6.88948717948718,7.20723321782178,7.32170239256324,71
"74",2018,10,7.35571428571429,35,7.8547619047619,6.60714285714286,6,8,7.2953125,21,14,5,3,32,3922,1715,2207,629,609,3313,7.30431893931667,7.87810624489796,6.85844434526507,6.88241653418124,7.21113847290641,7.32144749471778,72
"75",2018,11,6.86444444444444,45,7.565,6.304,6.5625,6.875,6.86341463414634,20,25,8,4,41,3967,1735,2232,637,613,3354,7.2993291857827,7.87449695100864,6.85223417114695,6.87839874411303,7.20894507340946,7.31584840488968,73
"76",2018,12,7.41263485714286,35,7.81274842105263,6.9375,6.66666666666667,7.16666666666667,7.435694375,19,16,9,3,32,4002,1754,2248,646,616,3386,7.30032011494253,7.8738280672748,6.85284104537367,6.87544891640867,7.20873917207792,7.31698103071471,74
"77",2019,1,7.17837837837838,37,8.54375,6.13809523809524,6.58888888888889,7.3,7.15483870967742,16,21,9,6,31,4039,1770,2269,655,622,3417,7.29920304530824,7.87988385875706,6.84622594535038,6.87151145038168,7.20961950160772,7.31551002926544,75
"78",2019,2,6.76184210526316,38,7.3425,6.11666666666667,6.92,6.53333333333333,6.78142857142857,20,18,5,3,35,4077,1790,2287,660,625,3452,7.29419453029188,7.8738795698324,6.84048389593354,6.87187878787879,7.206373328,7.31009495075318,76
"79",2019,3,7.08107142857143,28,7.75153846153846,6.5,5.33333333333333,6.66428571428571,7.22,13,15,3,7,21,4105,1803,2302,663,632,3473,7.29274082825822,7.87299746533555,6.83826527801912,6.86491704374057,7.20036919303798,7.30955017852001,77
"80",2019,4,7.15,34,7.61764705882353,6.68235294117647,6.78571428571429,7.33333333333333,7.13225806451613,17,17,7,3,31,4139,1820,2319,670,635,3504,7.29156827736168,7.87061232417582,6.83712232427771,6.86408955223881,7.20099737007874,7.30798166952055,78
"81",2019,5,7.31683515151515,33,7.89766105263158,6.52857142857143,8.25,7.56508,7.25,19,14,2,7,26,4172,1839,2333,672,642,3530,7.29176813518696,7.87089178357803,6.83527075439348,6.86821428571429,7.20496711838006,7.30755460906515,79
"82",2019,6,7.25096774193548,31,7.88,6.66125,6.58,5,7.40620689655172,15,16,6,2,29,4203,1854,2349,678,644,3559,7.29146720437782,7.87096547464941,6.83408542784163,6.86566371681416,7.19811939440994,7.30835846305142,80
"83",2019,7,7.27586206896552,29,7.85714285714286,6.73333333333333,5,7.1,7.3125,14,15,1,5,24,4232,1868,2364,679,649,3583,7.29136026937618,7.87086187901499,6.83344613790186,6.86291605301915,7.19736346687211,7.30838620429807,81
"84",2019,8,7.09209302325581,43,7.7,6.56347826086956,6.28,6.82666666666667,7.13513513513514,20,23,7,6,37,4275,1888,2387,686,655,3620,7.28935594385965,7.86905190148305,6.83084485546711,6.85696793002916,7.19396777099237,7.30661540607735,82
"85",2019,9,7.3809375,32,7.49153846153846,7.30526315789474,7.16666666666667,5.5,7.50633333333333,13,19,3,2,30,4307,1901,2406,689,657,3650,7.29003637334571,7.86647027354024,6.83459130091438,6.85831640058055,7.18881109589041,7.30825692328767,83
"86",2019,10,7.4,38,7.67894736842105,7.12105263157895,6.25,6.875,7.54,19,19,4,8,30,4345,1920,2425,693,665,3680,7.29099808055236,7.864614578125,6.83683574020619,6.85480519480519,7.18503592481203,7.31014613315217,84
"87",2019,11,7.32535714285714,56,7.93548387096774,6.5688,6.6125,7.3,7.32897959183673,31,25,8,7,49,4401,1951,2450,701,672,3729,7.29143527834583,7.86574064069708,6.83410068163265,6.85203994293866,7.18623346726191,7.31039360954679,85
"88",2019,12,7.15795454545455,44,7.6,6.90535714285714,6.575,7,7.16547619047619,16,28,10,2,42,4445,1967,2478,711,674,3771,7.29011398425197,7.86357904931368,6.8349058393866,6.84814345991561,7.18568084569733,7.30877957305754,86
"89",2020,1,7.05111111111111,45,7.22222222222222,6.93703703703704,6.71428571428571,8.16666666666667,6.97142857142857,18,27,7,3,42,4490,1985,2505,718,677,3813,7.2877186325167,7.85776321914358,6.83600665469062,6.84683844011142,7.19002790251108,7.30506366902701,87
"90",2020,2,7.20888888888889,45,7.42142857142857,6.85882352941176,7.3,6.82,7.2575,28,17,4,5,40,4535,2013,2522,722,682,3853,7.28693641896361,7.85169398410333,6.83616045598731,6.84934903047091,7.18731508797654,7.30456988580327,88
"91",2020,3,6.92647058823529,34,7.60714285714286,6.45,6.33333333333333,5.66666666666667,7.04838709677419,14,20,6,3,31,4569,2027,2542,728,685,3884,7.28425402932808,7.85000492846571,6.8331222147915,6.84509615384615,7.18065531386862,7.30252517250257,89
"92",2020,4,7.302430625,32,8.09321,6.28571428571429,6,8.04,7.1658437037037,18,14,4,5,27,4601,2045,2556,732,690,3911,7.28438044772875,7.85214560880196,6.83012389280125,6.8404781420765,7.18688244927537,7.30158157760163,90
"93",2020,5,6.99827586206897,29,7.28214285714286,6.73333333333333,7.25,6.625,7.058,14,15,2,4,25,4630,2059,2571,734,694,3936,7.28258843196544,7.84826992229238,6.82955918708674,6.84159400544959,7.18364393371758,7.30003443851626,91
"94",2020,6,7.48269230769231,26,8.03571428571429,6.8375,6.16666666666667,7,7.52291666666667,14,12,3,2,24,4656,2073,2583,737,696,3960,7.28370585051546,7.84953582730343,6.82959607820364,6.83884667571235,7.18311622126437,7.30138523989899,92
"95",2020,7,7.45826086956522,23,8.01846153846154,6.73,6.2,7.16,7.54111111111111,13,10,4,5,18,4679,2086,2593,741,701,3978,7.28456388972002,7.85058857622244,6.82921198225993,6.83539811066127,7.18295134094152,7.30246997234791,93
"96",2020,8,7.04761904761905,21,7.5,6.3125,6.75,6,7.15789473684211,13,8,2,2,19,4700,2099,2601,743,703,3997,7.2835052,7.84841723201525,6.82762271049596,6.83516823687752,7.1795859032717,7.30178272454341,94
"97",2020,9,7.19,25,8.08333333333333,6.6875,5.375,7.33333333333333,7.17045454545455,9,16,4,3,22,4725,2108,2617,747,706,4019,7.28301046349206,7.84942019449715,6.82676601834161,6.82734939759036,7.18023922096318,7.30106383428713,95
"98",2020,10,7.29444444444444,36,7.82631578947368,6.7,6.33333333333333,7.5,7.28235294117647,19,17,3,2,34,4761,2127,2634,750,708,4053,7.28309692081495,7.84921380818054,6.82594786256644,6.82537333333333,7.1811425,7.30090687145324,96
"99",2020,11,7.24615384615385,39,8.1,6.25,6,7.88888888888889,7.05333333333333,21,18,2,9,30,4800,2148,2652,752,717,4083,7.28279675833333,7.85166562849162,6.82203871417798,6.82317819148936,7.19002634588564,7.29908781533186,97
"100",2020,12,6.81321428571429,28,7.577,6.38888888888889,6.625,6,6.84333333333333,10,18,4,1,27,4828,2158,2670,756,718,4110,7.2800734134217,7.85039284986098,6.81911860299625,6.82212962962963,7.18836892757661,7.29609380778589,98
"101",2021,1,7.23125,32,7.54444444444444,6.82857142857143,6.125,7.125,7.24642857142857,18,14,4,4,28,4860,2176,2684,760,722,4138,7.27975194238683,7.84786202665441,6.81916790983607,6.81846052631579,7.1880178531856,7.29575774528758,99
"102",2021,2,7.0537037037037,27,7.68,6.27083333333333,6.3125,NA,7.0537037037037,15,12,4,0,27,4887,2191,2696,764,722,4165,7.27850305709024,7.8467128115016,6.81672725148368,6.81581151832461,7.1880178531856,7.29418860744298,100
"103",2021,3,7.3128,25,7.688,6.75,6.83333333333333,7.5,7.266,15,10,3,5,20,4912,2206,2706,767,727,4185,7.27867761400651,7.84563362194016,6.81648066149298,6.81588005215124,7.19016353507566,7.2940538948626,101
"104",2021,4,6.9872,25,7.59866666666667,6.07,6.5,7.05,6.9752380952381,15,10,4,4,21,4937,2221,2716,771,731,4206,7.27720162851934,7.84396567762269,6.81373220544919,6.81424124513619,7.18939656634747,7.29246208987161,102
"105",2021,5,7.04222222222222,18,7.55,6.4075,6.63333333333333,5,7.16235294117647,10,8,6,1,17,4955,2231,2724,777,732,4223,7.27634802018163,7.84264803675482,6.81253915932452,6.81284427284427,7.1864055874317,7.29193832583471,103
"106",2021,6,6.865,20,7.65,6.08,6,6.75714285714286,6.92307692307692,10,10,3,7,13,4975,2241,2734,780,739,4236,7.27469435979899,7.84178838464971,6.80985979151426,6.80971794871795,7.18233949932341,7.29080631491973,104
"107",2021,7,7.2804347826087,23,7.5625,6.97272727272727,6.66,6.65,7.34047619047619,12,11,5,2,21,4998,2253,2745,785,741,4257,7.27472077631052,7.84030083000444,6.81051244808743,6.80876433121019,7.18090268556006,7.2910513389711,105
"108",2021,8,7.09181818181818,22,7.68363636363636,6.5,5.33333333333333,8,7.04857142857143,11,11,3,1,21,5020,2264,2756,788,742,4278,7.27391921115538,7.83953965106007,6.80927310232221,6.80314720812183,7.1820065902965,7.28986104488078,106
"109",2021,9,6.83448275862069,29,6.94666666666667,6.71428571428571,5.5,6.1,6.88888888888889,15,14,1,2,27,5049,2279,2770,789,744,4305,7.27139521489403,7.83366290917069,6.80879302166065,6.80149556400507,7.17909797043011,7.2873462369338,107
"110",2021,10,7.14285714285714,14,7.17777777777778,7.08,6,6.25,7.29166666666667,9,5,3,2,12,5063,2288,2775,792,746,4317,7.27103978668773,7.83108294143357,6.80928168288288,6.7984595959596,7.17660709115282,7.28735824646745,108
"111",2021,11,7.05714285714286,35,7.17,6.90666666666667,7.525,7,7.06896551724138,20,15,4,6,29,5098,2308,2790,796,752,4346,7.26957129070223,7.82535431975737,6.80980525806452,6.80211055276382,7.17519799202128,7.28590095490106,109
"112",2021,12,6.97966666666667,30,7.24214285714286,6.75,7.2,7,6.97896551724138,14,16,5,1,29,5128,2322,2806,801,753,4375,7.26787528081123,7.82183797157623,6.80946424447612,6.80459425717853,7.17496532536521,7.28386641142857,110
"113",2022,1,7.17568292682927,41,7.8,6.68708695652174,6.8875,6.85,7.23151428571429,18,23,8,6,35,5169,2340,2829,809,759,4410,7.26714402011994,7.82166998717949,6.80846930717568,6.80541409147095,7.17239642951252,7.28345091836735,111
"114",2022,2,7.62459459459459,37,7.94722222222222,7.31894736842105,6.4,7.1025,7.68787878787879,18,19,5,4,33,5206,2358,2848,814,763,4443,7.26968448713023,7.82262840118745,6.81187488412921,6.80292383292383,7.17203,7.28645477155075,112
"115",2022,3,7.16692307692308,26,7.536875,6.575,5,7,7.19727272727273,16,10,1,4,22,5232,2374,2858,815,767,4465,7.26917382262997,7.82070251474305,6.8110460706788,6.80071165644172,7.17113284224251,7.28601535274356,113
"116",2022,4,7.37619047619048,21,7.59,7.18181818181818,10,8.05,7.30526315789474,10,11,1,2,19,5253,2384,2869,816,769,4484,7.26960164477441,7.81973480285235,6.81246764377832,6.80463235294118,7.17341858257478,7.28609691123996,114
"117",2022,5,7.34090909090909,22,7.23076923076923,7.5,4,NA,7.34090909090909,13,9,1,0,22,5275,2397,2878,817,769,4506,7.26989904075829,7.81654057989153,6.81461767546908,6.80119951040392,7.17341858257478,7.28636452507767,115
"118",2022,6,6.30921052631579,19,7.88333333333333,5.58269230769231,2.6,6,6.3671875,6,13,2,3,16,5294,2403,2891,819,772,4522,7.26645115980355,7.81670735330836,6.80907805949498,6.79094017094017,7.16885866580311,7.28311224015922,116
"119",2022,7,8.08764705882353,17,8.1,8.07666666666667,7,7,8.155625,8,9,1,1,16,5311,2411,2900,820,773,4538,7.26907972886462,7.81764735379511,6.81301195517241,6.79119512195122,7.16864021992238,7.28618853018951,117
"120",2022,8,7.39310344827586,29,7.52941176470588,7.2,6.575,7.03333333333333,7.43461538461538,17,12,4,3,26,5340,2428,2912,824,776,4564,7.2697532659176,7.81562922981878,6.81460668612637,6.79014563106796,7.16811712628866,7.28703408194566,118
