"","year","month","avg_rating","no_ratings","avg_rating_owned","avg_rating_not_owned","avg_rating_prev_owned","avg_rating_comment","avg_rating_no_comment","no_ratings_owned","no_ratings_not_owned","no_ratings_prev_owned","no_ratings_comment","no_ratings_no_comment","cum_no_ratings","cum_no_ratings_owned","cum_no_ratings_not_owned","cum_no_ratings_prev_owned","cum_no_ratings_comment","cum_no_ratings_no_comment","cum_avg_rating","cum_avg_rating_owned","cum_avg_rating_not_owned","cum_avg_rating_prev_owned","cum_avg_rating_comment","cum_avg_rating_no_comment","month_after_release"
"1",2004,10,8.5,2,8.5,NA,NA,9,8,2,0,0,1,1,2,2,0,0,1,1,8.5,8.5,NA,NA,9,8,-1
"2",2004,11,7.75,6,7.33333333333333,8.16666666666667,NA,8,7.7,3,3,0,1,5,8,5,3,0,2,6,7.9375,7.8,8.16666666666667,NA,8.5,7.75,0
"3",2004,12,8.02631578947368,19,8.13333333333333,7.625,10,8.08333333333333,8,15,4,1,6,13,27,20,7,1,8,19,8,8.05,7.85714285714286,10,8.1875,7.92105263157895,1
"4",2005,1,7.78965517241379,29,8.30952380952381,6.425,NA,7.44,7.97368421052632,21,8,0,10,19,56,41,15,1,18,38,7.89107142857143,8.18292682926829,7.09333333333333,10,7.77222222222222,7.94736842105263,2
"5",2005,2,7.94444444444444,27,8.11363636363636,7.2,NA,8.26666666666667,7.54166666666667,22,5,0,15,12,83,63,20,1,33,50,7.90843373493976,8.15873015873016,7.12,10,7.9969696969697,7.85,3
"6",2005,3,7.76923076923077,13,8.0625,7.3,7.5,7.64285714285714,7.91666666666667,8,5,2,7,6,96,71,25,3,40,56,7.88958333333333,8.14788732394366,7.156,8.33333333333333,7.935,7.85714285714286,4
"7",2005,4,7.5,20,7.70833333333333,7.1875,7.33333333333333,7.5625,7.45833333333333,12,8,3,8,12,116,83,33,6,48,68,7.82241379310345,8.08433734939759,7.16363636363636,7.83333333333333,7.87291666666667,7.78676470588235,5
"8",2005,5,7.44736842105263,19,7.76923076923077,6.75,NA,7.3125,7.54545454545455,13,6,0,8,11,135,96,39,6,56,79,7.76962962962963,8.04166666666667,7.1,7.83333333333333,7.79285714285714,7.75316455696202,6
"9",2005,6,7.60294117647059,17,8.06818181818182,6.75,NA,7.46875,7.72222222222222,11,6,0,8,9,152,107,45,6,64,88,7.75098684210526,8.04439252336449,7.05333333333333,7.83333333333333,7.75234375,7.75,7
"10",2005,7,7.4,10,7.42857142857143,7.33333333333333,8,7.16666666666667,7.5,7,3,1,3,7,162,114,48,7,67,95,7.72932098765432,8.00657894736842,7.07083333333333,7.85714285714286,7.72611940298508,7.73157894736842,8
"11",2005,8,7.88461538461539,13,8.25,7.3,7.5,7.94444444444444,7.75,8,5,3,9,4,175,122,53,10,76,99,7.74085714285714,8.02254098360656,7.09245283018868,7.75,7.75197368421053,7.73232323232323,9
"12",2005,9,7.16666666666667,18,7.53846153846154,6.2,7,7.1,7.25,13,5,1,10,8,193,135,58,11,86,107,7.68730569948187,7.97592592592593,7.01551724137931,7.68181818181818,7.67616279069768,7.69626168224299,10
"13",2005,10,7.53703703703704,27,7.65,7.21428571428571,6,7.69230769230769,7.39285714285714,20,7,1,13,14,220,155,65,12,99,121,7.66886363636364,7.93387096774194,7.03692307692308,7.54166666666667,7.67828282828283,7.66115702479339,11
"14",2005,11,8.02142857142857,14,8.22727272727273,7.26666666666667,6,8.25,7.93,11,3,1,4,10,234,166,68,13,103,131,7.68995726495726,7.95331325301205,7.04705882352941,7.42307692307692,7.7004854368932,7.68167938931298,12
"15",2005,12,7.925,20,7.92105263157895,8,NA,8,7.85,19,1,0,10,10,254,185,69,13,113,141,7.70846456692913,7.95,7.06086956521739,7.42307692307692,7.72699115044248,7.6936170212766,13
"16",2006,1,7.61428571428571,35,7.96153846153846,6.61111111111111,6,7.5,7.69047619047619,26,9,1,14,21,289,211,78,14,127,162,7.69705882352941,7.95142180094787,7.00897435897436,7.32142857142857,7.70196850393701,7.69320987654321,14
"17",2006,2,7.70277777777778,18,8.04642857142857,6.5,7,8.07142857142857,7.46818181818182,14,4,1,7,11,307,225,82,15,134,173,7.69739413680782,7.95733333333333,6.98414634146341,7.3,7.72126865671642,7.67890173410405,15
"18",2006,3,7.79565217391304,23,7.95625,7.42857142857143,7,7.78571428571429,7.8,16,7,2,7,16,330,241,89,17,141,189,7.70424242424242,7.95726141078838,7.01910112359551,7.26470588235294,7.72446808510638,7.68915343915344,16
"19",2006,4,7.40625,16,7.85,6.66666666666667,NA,7.5,7.36363636363636,10,6,0,5,11,346,251,95,17,146,200,7.69046242774566,7.95298804780877,6.99684210526316,7.26470588235294,7.71678082191781,7.67125,17
"20",2006,5,7.40434782608696,23,7.92,6.4375,7,6.56,7.63888888888889,15,8,1,5,18,369,266,103,18,151,218,7.67262872628726,7.95112781954887,6.95339805825243,7.25,7.67847682119205,7.66857798165138,18
"21",2006,6,7.502,10,7.44666666666667,8,NA,8,7.44666666666667,9,1,0,1,9,379,275,104,18,152,227,7.66812664907652,7.93461818181818,6.96346153846154,7.25,7.68059210526316,7.65977973568282,19
"22",2006,7,7.2625,32,7.52272727272727,6.69,7.33333333333333,7.65,7.08636363636364,22,10,3,10,22,411,297,114,21,162,249,7.63654501216545,7.90410774410774,6.93947368421053,7.26190476190476,7.6787037037037,7.60911646586345,20
"23",2006,8,7.35714285714286,21,7.53333333333333,6.91666666666667,7.5,7.16666666666667,7.43333333333333,15,6,3,6,15,432,312,120,24,168,264,7.62296296296296,7.88628205128205,6.93833333333333,7.29166666666667,7.66041666666667,7.59912878787879,21
"24",2006,9,7.57954545454545,22,7.86764705882353,6.6,NA,7.09090909090909,8.06818181818182,17,5,0,11,11,454,329,125,24,179,275,7.62085903083701,7.88531914893617,6.9248,7.29166666666667,7.62541899441341,7.61789090909091,22
"25",2006,10,7.8,31,7.9695652173913,7.3125,8,7.93636363636364,7.725,23,8,3,11,20,485,352,133,27,190,295,7.63230927835052,7.89082386363636,6.94812030075188,7.37037037037037,7.64342105263158,7.62515254237288,23
"26",2006,11,7.322,25,7.35526315789474,7.21666666666667,7.1,7.46875,7.25294117647059,19,6,3,8,17,510,371,139,30,198,312,7.61709803921569,7.86339622641509,6.95971223021583,7.34333333333333,7.63636363636364,7.6048717948718,24
"27",2006,12,7.51176470588235,34,7.66896551724138,6.6,NA,8,7.336,29,5,0,9,25,544,400,144,30,207,337,7.61051470588235,7.8493,6.94722222222222,7.34333333333333,7.65217391304348,7.58492581602374,25
"28",2007,1,7.20816326530612,49,7.38378378378378,6.66666666666667,6.875,7.2125,7.2051724137931,37,12,4,20,29,593,437,156,34,227,366,7.57726812816189,7.80988558352403,6.92564102564103,7.28823529411765,7.61343612334802,7.55483606557377,26
"29",2007,2,7.71617703703704,27,7.67105263157895,7.8233475,8.5,8,7.63508476190476,19,8,2,6,21,620,456,164,36,233,387,7.58331738709677,7.80410087719298,6.96943158536585,7.35555555555556,7.62339055793991,7.55919064599483,27
"30",2007,3,7.37,20,7.49333333333333,7,NA,7,7.49333333333333,15,5,0,5,15,640,471,169,36,238,402,7.57665121875,7.79420382165605,6.97033597633136,7.35555555555556,7.61029411764706,7.55673328358209,28
"31",2007,4,7.42857142857143,35,7.47727272727273,7.34615384615385,6.5,7.4375,7.42592592592593,22,13,4,8,27,675,493,182,40,246,429,7.56897300740741,7.78006085192698,6.99718010989011,7.27,7.60467479674797,7.54850065268065,29
"32",2007,5,7.65833333333333,30,7.6875,7.6,7.5,7.95,7.5125,20,10,3,10,20,705,513,192,43,256,449,7.57277557446808,7.7764522417154,7.02857697916667,7.28604651162791,7.6181640625,7.54689706013363,30
"33",2007,6,7.65,24,7.95882352941176,6.9,7.15,7.42857142857143,7.74117647058824,17,7,2,7,17,729,530,199,45,263,466,7.57531794238683,7.78230188679245,7.02405417085427,7.28,7.61311787072243,7.55398450643777,31
"34",2007,7,7.94117647058824,17,7.83333333333333,8.2,8.5,8.14285714285714,7.8,12,5,2,7,10,746,542,204,47,270,476,7.58365520107239,7.78343173431734,7.05287637254902,7.33191489361702,7.62685185185185,7.55915289915966,32
"35",2007,8,7.4,20,7.31666666666667,7.525,7.73333333333333,7.44444444444444,7.36363636363636,12,8,3,9,11,766,554,212,50,279,487,7.57886002610966,7.77332129963899,7.07069235849057,7.356,7.62096774193548,7.55473671457906,33
"36",2007,9,7.72222222222222,18,8.09090909090909,7.14285714285714,NA,7.25,7.85714285714286,11,7,0,4,14,784,565,219,50,283,501,7.58215150510204,7.77950442477876,7.07299899543379,7.356,7.61572438162544,7.56318718562874,34
"37",2007,10,6.75263157894737,19,6.85,6.64444444444444,8,7.04285714285714,6.58333333333333,10,9,2,7,12,803,575,228,52,290,513,7.56252400996264,7.76333913043478,7.05608236842105,7.38076923076923,7.60189655172414,7.54026662768031,35
"38",2007,11,6.66447368421053,38,7.15217391304348,5.91666666666667,6.375,7.33333333333333,6.45689655172414,23,15,4,9,29,841,598,243,56,299,542,7.52194623067776,7.73983277591973,6.98574806584362,7.30892857142857,7.5938127090301,7.48230033210332,36
"39",2007,12,7,30,7.40476190476191,6.05555555555556,6.66666666666667,6.83333333333333,7.11111111111111,21,9,3,12,18,871,619,252,59,311,560,7.50396874856487,7.72846526655897,6.95252690476191,7.27627118644068,7.56446945337621,7.47036925,37
"40",2008,1,7.18780487804878,41,7.37741935483871,6.6,7.66666666666667,7.56,7.06774193548387,31,10,3,10,31,912,650,262,62,321,591,7.48975524122807,7.71172307692308,6.93907167938931,7.29516129032258,7.56433021806854,7.44925005076142,38
"41",2008,2,7.03076923076923,26,7.32222222222222,6.375,6.5,7.27142857142857,6.94210526315789,18,8,2,7,19,938,668,270,64,328,610,7.47703281449893,7.70122754491018,6.92235844444444,7.2703125,7.55807926829268,7.43345373770492,39
"42",2008,3,7.38787878787879,33,7.60454545454545,6.95454545454545,6.16666666666667,7.81176470588235,6.9375,22,11,3,17,16,971,690,281,67,345,626,7.47400286302781,7.69814492753623,6.9236184341637,7.22089552238806,7.57057971014493,7.42077760383387,40
"43",2008,4,7.20909090909091,22,7.50625,6.41666666666667,7,7.33333333333333,7.06,16,6,1,12,10,993,706,287,68,357,636,7.46813371601209,7.69379603399434,6.91302013937282,7.21764705882353,7.56260504201681,7.415105,41
"44",2008,5,7.33,25,7.45238095238095,6.6875,NA,7.38888888888889,7.296875,21,4,0,9,16,1018,727,291,68,366,652,7.46474143418468,7.68682255845942,6.90992020618557,7.21764705882353,7.55833333333333,7.41220365030675,42
"45",2008,6,7.43571428571429,21,7.83,7.07727272727273,6.87,7.08888888888889,7.69583333333333,10,11,5,9,12,1039,737,302,73,375,664,7.46415474494706,7.68876526458616,6.91601582781457,7.19383561643836,7.54706666666667,7.41732948795181,43
"46",2008,7,7.36,25,7.95,6.60909090909091,6.5,7.45,7.3,14,11,8,10,15,1064,751,313,81,385,679,7.4617075,7.69363515312916,6.90522932907348,7.12530864197531,7.54454545454546,7.4147375257732,44
"47",2008,8,7.26451612903226,31,7.45,7.06666666666667,7.14285714285714,7.28571428571429,7.24705882352941,16,15,7,14,17,1095,767,328,88,399,696,7.45612491324201,7.68855280312908,6.91261213414634,7.12670454545454,7.53546365914787,7.41064192528736,45
"48",2008,9,7.195,20,7.82222222222222,6.68181818181818,6.35714285714286,6.625,7.575,9,11,7,8,12,1115,776,339,95,407,708,7.45144105829596,7.69010309278351,6.90512324483776,7.07,7.51756756756757,7.41342765536723,46
"49",2008,10,7.35862068965517,29,7.75,6.87692307692308,6.25,7.05714285714286,7.64,16,13,4,14,15,1144,792,352,99,421,723,7.44908809440559,7.69131313131313,6.90408176136364,7.03686868686869,7.50225653206651,7.4181283264177,47
"50",2008,11,7.03428571428571,35,7.27826086956522,6.56666666666667,6.55,7.15555555555556,6.99230769230769,23,12,4,9,26,1179,815,364,103,430,749,7.43677419847328,7.67965644171779,6.89295818681319,7.01796116504854,7.495,7.40334683578104,48
"51",2008,12,6.95454545454545,22,7,6.9,NA,7.33333333333333,6.8125,12,10,0,6,16,1201,827,374,103,436,765,7.42794069941715,7.66979443772672,6.89314647058824,7.01796116504854,7.4927752293578,7.39098925490196,49
"52",2009,1,7.40454545454545,44,7.68823529411765,6.44,6.9,7.45,7.38333333333333,34,10,5,14,30,1245,861,384,108,450,795,7.42711387951807,7.67052264808362,6.88134578125,7.0125,7.49144444444445,7.39070035220126,50
"53",2009,2,7.15074626865672,67,7.81034482758621,6.64736842105263,6.4375,6.68181818181818,7.24285714285714,29,38,8,11,56,1312,890,422,116,461,851,7.4130005945122,7.67507865168539,6.86027672985782,6.97284482758621,7.47212581344903,7.38097153936545,51
"54",2009,3,6.95,50,7.2375,6.68461538461538,6.63333333333333,7.4,6.8375,24,26,6,10,40,1362,914,448,122,471,891,7.39600350954479,7.6635886214442,6.85008209821429,6.95614754098361,7.47059447983015,7.35657326599327,52
"55",2009,4,7.39148936170213,47,7.78947368421053,7.12142857142857,6,7.65384615384615,7.29117647058824,19,28,3,13,34,1409,933,476,125,484,925,7.39585293115685,7.66615219721329,6.86604365546219,6.9332,7.47551652892562,7.35416949189189,53
"56",2009,5,7.27027027027027,37,7.73888888888889,6.82631578947368,5.75,7.065,7.3462962962963,18,19,4,10,27,1446,951,495,129,494,952,7.39263954356846,7.66752891692955,6.86451874747475,6.89651162790698,7.4672064777328,7.35394619747899,54
"57",2009,6,7.08139534883721,43,7.46153846153846,6.5,7.75,7.8125,6.91428571428571,26,17,4,8,35,1489,977,512,133,502,987,7.38365129617193,7.66204708290686,6.8524155859375,6.92218045112782,7.47270916334662,7.33835540020264,55
"58",2009,7,7.27727272727273,33,7.58809523809524,6.73333333333333,7.65,7.1,7.31666666666667,21,12,2,6,27,1522,998,524,135,508,1014,7.38134479632063,7.66049098196393,6.84968851145038,6.93296296296296,7.46830708661418,7.33777788954635,56
"59",2009,8,7.22820512820513,39,7.4325,7.01315789473684,6.83333333333333,7.78571428571429,7.10625,20,19,3,7,32,1561,1018,543,138,515,1046,7.37751875720692,7.65601178781925,6.85540843462247,6.93079710144927,7.4726213592233,7.33069481835564,57
"60",2009,9,7.05526315789474,38,7.525,6.53333333333333,6.83333333333333,7.875,6.95882352941176,20,18,6,4,34,1599,1038,561,144,519,1080,7.36986040025016,7.65348747591522,6.8450744741533,6.92673611111111,7.4757225433526,7.31898775925926,58
"61",2009,10,7.14473684210526,38,7.355,6.91111111111111,6.91428571428571,7.5,7.01785714285714,20,18,7,10,28,1637,1058,579,151,529,1108,7.36463456322541,7.6478449905482,6.84712742659758,6.92615894039735,7.47618147448015,7.31137796028881,59
"62",2009,11,7.13125,32,7.35294117647059,6.88,6.75,7.72222222222222,6.9,17,15,4,9,23,1669,1075,594,155,538,1131,7.36015984421809,7.64318139534884,6.84795754208754,6.92161290322581,7.48029739776952,7.30301218390805,60
"63",2009,12,7.02903225806452,31,7.19333333333333,6.875,6.7,7.08,7.01923076923077,15,16,5,5,26,1700,1090,610,160,543,1157,7.35412163529412,7.63699082568807,6.84866685245902,6.9146875,7.47661141804788,7.29663507346586,61
"64",2010,1,7.38809523809524,42,7.64285714285714,7.13333333333333,6.44444444444444,7.45454545454545,7.36451612903226,21,21,9,11,31,1742,1111,631,169,554,1188,7.35494074626866,7.63710171017102,6.85814069730586,6.8896449704142,7.47617328519856,7.29840638047138,62
"65",2010,2,7.28461538461538,26,7.86875,6.35,6.25,5,7.376,16,10,2,1,25,1768,1127,641,171,555,1213,7.35390654977375,7.64039041703638,6.85021338533541,6.88216374269006,7.47171171171171,7.30000558944765,63
"66",2010,3,6.95652173913043,23,7.46153846153846,6.3,6.33333333333333,7.66666666666667,6.85,13,10,3,3,20,1791,1140,651,174,558,1233,7.34880333891681,7.63835087719298,6.84176156682028,6.87270114942529,7.47275985663083,7.29270622871046,64
"67",2010,4,7.17,30,7.35,6.96428571428571,6.6,6.82,7.24,16,14,5,5,25,1821,1156,665,179,563,1258,7.34585764964305,7.6343598615917,6.84434102255639,6.86508379888268,7.46696269982238,7.29165880763116,65
"68",2010,5,7.13529411764706,17,7.48181818181818,6.5,4,6.36,7.45833333333333,11,6,1,5,12,1838,1167,671,180,568,1270,7.34391010881393,7.63292202227935,6.84126196721312,6.84916666666667,7.45721830985916,7.29323368503937,66
"69",2010,6,7.49047619047619,21,7.81666666666667,7.05555555555556,7.16666666666667,7.16666666666667,7.54444444444444,12,9,3,3,18,1859,1179,680,183,571,1288,7.34556577729962,7.63479219677693,6.84409820588235,6.85437158469945,7.45569176882662,7.29674439440994,67
"70",2010,7,7.04,25,7.36666666666667,6.55,6.875,7.2,7,15,10,4,5,20,1884,1194,690,187,576,1308,7.34151102972399,7.63142378559464,6.83983591304348,6.8548128342246,7.45347222222223,7.29220701834862,68
"71",2010,8,7.08148148148148,27,7.7,6.65625,7,7.67142857142857,6.875,11,16,4,7,20,1911,1205,706,191,583,1328,7.33783714285714,7.63204979253112,6.83567532577904,6.85785340314136,7.45608919382505,7.28592378012048,69
"72",2010,9,6.83333333333333,24,7.34615384615385,6.22727272727273,6.7,7.11111111111111,6.66666666666667,13,11,5,9,15,1935,1218,717,196,592,1343,7.33157973126615,7.62899835796387,6.82634139470014,6.85382653061224,7.4508445945946,7.27900728220402,70
"73",2010,10,6.78,25,6.78571428571429,6.77272727272727,7.5,7.4,6.625,14,11,3,5,20,1960,1232,728,199,597,1363,7.3245442755102,7.61941558441558,6.82553129120879,6.86356783919598,7.45041876046901,7.26941069699193,71
"74",2010,11,6.752,25,7.70909090909091,6,6,6.94444444444444,6.64375,11,14,2,9,16,1985,1243,742,201,606,1379,7.31733339042821,7.62020917135961,6.80995522911051,6.85497512437811,7.44290429042905,7.2621513995649,72
"75",2010,12,7.31290322580645,31,7.59444444444444,6.92307692307692,6.6,7.42857142857143,7.27916666666667,18,13,5,7,24,2016,1261,755,206,613,1403,7.31726526785714,7.61984139571768,6.81190301986755,6.84878640776699,7.44274061990212,7.26244246614398,73
"76",2011,1,7.36363636363636,33,7.375,7.35294117647059,7.75,7.7,7.30357142857143,16,17,4,5,28,2049,1277,772,210,618,1431,7.31801209370424,7.61677368833203,6.82381707253886,6.86595238095238,7.44482200647249,7.26324722571628,74
"77",2011,2,6.48,25,7.05555555555556,5,7,6.5625,6.44117647058824,18,7,1,8,17,2074,1295,779,211,626,1448,7.30791069431051,7.60897297297297,6.80742847240051,6.86658767772512,7.4335463258786,7.25359584254144,75
"78",2011,3,6.93389565217391,23,7.54796,6.46153846153846,6.41792,7,6.91997894736842,10,13,5,4,19,2097,1305,792,216,630,1467,7.30380847877921,7.60850544061303,6.80175098484848,6.85620185185185,7.43079365079365,7.24927496932515,76
"79",2011,4,7.078125,16,7.13888888888889,7,6.6,7.2,7.02272727272727,9,7,5,5,11,2113,1314,799,221,635,1478,7.30209956460009,7.60528888888889,6.80348783479349,6.85040542986425,7.42897637795276,7.24758889039242,77
"80",2011,5,7.0875,20,7.45833333333333,6.53125,6.91666666666667,6.66666666666667,7.16176470588235,12,8,3,3,17,2133,1326,807,224,638,1495,7.30008737927801,7.60395897435897,6.80078907063197,6.85129285714286,7.42539184952978,7.2466129632107,78
"81",2011,6,7.59038461538462,26,7.60681818181818,7.5,7.5,7.5,7.6175,22,4,2,6,20,2159,1348,811,226,644,1515,7.30358331635016,7.6040056379822,6.80423770653514,6.85703362831858,7.42608695652174,7.25150916171617,79
"82",2011,7,7.41,20,7.475,7.3125,7.5,7.11666666666667,7.53571428571429,12,8,4,6,14,2179,1360,819,230,650,1529,7.30456006424965,7.60286735294118,6.80920241758242,6.86821565217391,7.42323076923077,7.2541114323087,80
"83",2011,8,6.96875,16,7.375,6.5625,NA,8.5,6.86666666666667,8,8,0,1,15,2195,1368,827,230,651,1544,7.30211224601367,7.60153479532164,6.80681593712213,6.86821565217391,7.42488479262673,7.25034739637306,81
"84",2011,9,7.32631578947368,19,7.46875,6.56666666666667,5.85,7.56666666666667,7.28125,16,3,2,3,16,2214,1384,830,232,654,1560,7.30231995483288,7.59999971098266,6.80594792771084,6.85943793103448,7.42553516819572,7.25066434615385,82
"85",2011,10,6.70833333333333,24,7.10714285714286,6.15,6.75,6.45454545454545,6.92307692307692,14,10,4,11,13,2238,1398,840,236,665,1573,7.29595012511171,7.59506409155937,6.79813902380952,6.85758305084746,7.40947368421053,7.24795701207883,83
"86",2011,11,7.01428571428571,35,7.30952380952381,6.57142857142857,6,7.75,6.86206896551724,21,14,1,6,29,2273,1419,854,237,671,1602,7.29161301363836,7.59083833685694,6.79442245901639,6.85396455696203,7.41251862891207,7.24097152309613,84
"87",2011,12,7.38636363636364,22,7.6,6.92857142857143,7,7.9,7.23529411764706,15,7,3,5,17,2295,1434,861,240,676,1619,7.29252129847495,7.59093417015342,6.7955131010453,6.85579,7.41612426035503,7.24091190858555,85
"88",2012,1,7.00535714285714,28,7.32352941176471,6.51363636363636,6.4,6.57142857142857,7.15,17,11,5,7,21,2323,1451,872,245,683,1640,7.28906,7.58780124052378,6.79195731651376,6.84648816326531,7.40746705710103,7.23974779268293,86
"89",2012,2,7.03333333333333,27,7.35714285714286,6.68461538461538,7,6.91666666666667,7.06666666666667,14,13,3,6,21,2350,1465,885,248,689,1661,7.28612186382979,7.58559699658703,6.79038054237288,6.84834516129032,7.40319303338171,7.23755953040337,87
"90",2012,3,6.71,25,7.45,6.21666666666667,7.2,7,6.6375,10,15,5,5,20,2375,1475,900,253,694,1681,7.2800574231579,7.58467769491525,6.78081864444444,6.85529486166008,7.40028818443804,7.23042021415824,88
"91",2012,4,6.81578947368421,19,6.75,6.84615384615385,6.75,5.25,7,6,13,4,2,17,2394,1481,913,257,696,1698,7.27637275689223,7.58129615124916,6.78174893756846,6.8536560311284,7.3941091954023,7.22811329799764,89
"92",2012,5,6.48235294117647,17,6.85555555555556,6.0625,7.5,7.66666666666667,6.22857142857143,9,8,2,3,14,2411,1490,921,259,699,1712,7.27077411032767,7.57691248322148,6.7755013897937,6.8586471042471,7.39527896995708,7.21993947429907,90
"93",2012,6,7.20833333333333,12,7.55,5.5,NA,7.25,7.2,10,2,0,2,10,2423,1500,923,259,701,1722,7.27046486999587,7.57673306666667,6.77273757313109,6.8586471042471,7.39486447931527,7.21982368176539,91
"94",2012,7,7.06913043478261,23,7.18666666666667,6.84875,7,6.375,7.21526315789474,15,8,3,4,19,2446,1515,931,262,705,1741,7.2685717007359,7.57287102310231,6.77339074113856,6.86026564885496,7.3890780141844,7.21977391154509,92
"95",2012,8,6.91666666666667,12,7.42857142857143,6.2,6,6.75,6.95,7,5,3,2,10,2458,1522,936,265,707,1751,7.26685369406021,7.5722073587385,6.77032775641026,6.85052679245283,7.38727015558699,7.21823322672758,93
"96",2012,9,7.13636363636364,11,8,6.64285714285714,7,6,7.38888888888889,4,7,1,2,9,2469,1526,943,266,709,1760,7.26627232887809,7.57332870249017,6.76938152704136,6.85108872180451,7.38335684062059,7.21910589772727,94
"97",2012,10,6.65789473684211,19,7.27272727272727,5.8125,5.625,7.5,6.16666666666667,11,8,4,7,12,2488,1537,951,270,716,1772,7.2616263585209,7.57117735849057,6.76133205047319,6.83292444444444,7.38449720670391,7.21197876975169,95
"98",2012,11,6.88035714285714,28,7.65357142857143,6.10714285714286,6.7,6.85,6.88541666666667,14,14,5,4,24,2516,1551,965,275,720,1796,7.25738329888712,7.57192108317215,6.75184122279793,6.83050763636364,7.38152777777778,7.20761491091314,96
"99",2012,12,7.57894736842105,19,7.86923076923077,6.95,6.56666666666667,7.5,7.6,13,6,3,4,15,2535,1564,971,278,724,1811,7.25979344378698,7.57439232736573,6.75306568486097,6.82766043165468,7.38218232044199,7.21086492545555,97
"100",2013,1,7.39138888888889,36,7.6737037037037,6.54444444444444,7.5,7.28125,7.42285714285714,27,9,2,8,28,2571,1591,980,280,732,1839,7.26163608712563,7.57607768698931,6.7511497755102,6.83246285714286,7.38107923497268,7.21409264817836,98
"101",2013,2,6.77727272727273,22,7.08333333333333,6.41,6.55,7.05,6.75,12,10,2,2,20,2593,1603,990,282,734,1859,7.25752656382569,7.5723890205864,6.74770381818182,6.83045957446809,7.38017711171662,7.20909972027972,99
"102",2013,3,6.675,26,7.359375,5.58,6.8,6.79285714285714,6.63157894736842,16,10,1,7,19,2619,1619,1000,283,741,1878,7.25174355861016,7.57028387893762,6.73602678,6.8303519434629,7.37462887989204,7.20325685835996,100
"103",2013,4,6.70625,16,7.11818181818182,5.8,5.66666666666667,6.075,6.91666666666667,11,5,3,4,12,2635,1630,1005,286,745,1890,7.24843126375712,7.56723288343558,6.73136993034826,6.81814545454545,7.36765100671141,7.20143723809524,101
"104",2013,5,6.80769230769231,13,6.95,6.33333333333333,7,NA,6.80769230769231,10,3,1,0,13,2648,1640,1008,287,745,1903,7.24626751510574,7.56346926829268,6.73018529761905,6.81877909407666,7.36765100671141,7.19874744088282,102
"105",2013,6,6.85714285714286,14,7.6875,5.75,7.5,8,6.76923076923077,8,6,2,1,13,2662,1648,1014,289,746,1916,7.24422102930128,7.5640713592233,6.72438538461538,6.82349342560554,7.36849865951743,7.19583318371608,103
"106",2013,7,6.87006666666667,15,7.62516666666667,6.36666666666667,6.5,6.42516666666667,7.16666666666667,6,9,4,6,9,2677,1654,1023,293,752,1925,7.24212453492716,7.56429298669891,6.72123829912023,6.8190771331058,7.36097207446809,7.19569682077922,104
"107",2013,8,6.92954545454545,22,7.22916666666667,6.57,6.55,7.75,6.74722222222222,12,10,4,4,18,2699,1666,1033,297,756,1943,7.23957665061134,7.56187911164466,6.7197742303969,6.8154531986532,7.36303042328043,7.19154214101904,105
"108",2013,9,7.07083333333333,24,7.2,6.8125,6.58333333333333,7.7,6.90526315789474,16,8,6,5,19,2723,1682,1041,303,761,1962,7.238089379361,7.55843674197384,6.72048682036503,6.81085676567657,7.3652444152431,7.18876981651376,106
"109",2013,10,7.07142857142857,28,7.55,5.875,6.125,6.96153846153846,7.16666666666667,20,8,4,13,15,2751,1702,1049,307,774,1977,7.23639308615049,7.55833760282021,6.71403887511916,6.80192052117264,7.35846382428941,7.18860211431462,107
"110",2013,11,6.42,20,7.8625,5.45833333333333,5.16666666666667,6.5,6.4,8,12,3,4,16,2771,1710,1061,310,778,1993,7.23050067845543,7.55976058479532,6.69983673892554,6.78609548387097,7.35405012853471,7.18227113898645,108
"111",2013,12,6.90263157894737,38,7.31458333333333,6.19642857142857,5.375,7.46,6.81818181818182,24,14,4,5,33,2809,1734,1075,314,783,2026,7.22606528301887,7.55636712802768,6.69328072558139,6.76811974522293,7.35472669220945,7.17634076011846,109
"112",2014,1,6.84565217391304,23,7.28846153846154,6.27,4,5.5,6.97380952380952,13,10,2,2,21,2832,1747,1085,316,785,2047,7.22297576977401,7.55437355466514,6.68937952073733,6.7506,7.35000127388535,7.17426300928188,110
"113",2014,2,6.73636363636364,22,6.90909090909091,6.56363636363636,6,6.41666666666667,6.85625,11,11,3,6,16,2854,1758,1096,319,791,2063,7.21922473020323,7.55033594994312,6.6881175,6.74354106583072,7.34292161820481,7.17179659718856,111
"114",2014,3,7.23684210526316,19,7.32142857142857,7,7,7,7.28125,14,5,1,3,16,2873,1772,1101,320,794,2079,7.21934123912287,7.54852742663657,6.68953386012716,6.7443425,7.34162594458439,7.17263895141895,112
"115",2014,4,7.36166666666667,15,7.61111111111111,6.9875,7,7.75,7.22045454545455,9,6,2,4,11,2888,1781,1107,322,798,2090,7.22008046398892,7.54884368332397,6.69114885275519,6.74593043478261,7.34367293233083,7.17289061244019,113
"116",2014,5,7.60625,16,7.72,7.41666666666667,8,8.2,7.33636363636364,10,6,1,5,11,2904,1791,1113,323,803,2101,7.22220811983471,7.54979932998325,6.69506,6.74981300309597,7.34900498132005,7.1737464921466,114
"117",2014,6,7.16666666666667,15,7.875,6.35714285714286,7,7.25,7.15384615384615,8,7,1,2,13,2919,1799,1120,324,805,2114,7.22192270640631,7.55124546970539,6.69294801785714,6.75058518518518,7.34875900621118,7.173624115421,115
"118",2014,7,6.955,20,7.5,5.94285714285714,5.5,6,7.19375,13,7,2,4,16,2939,1812,1127,326,809,2130,7.22010628785301,7.55087781456954,6.68828906832298,6.74291288343558,7.34209023485785,7.17377529577465,116
"119",2014,8,6.9375,8,7.66666666666667,6.5,7.5,8,6.58333333333333,3,5,1,2,6,2947,1815,1132,327,811,2136,7.21933911774686,7.55106920110193,6.68745740282685,6.74522813455657,7.34371270036992,7.17211675093633,117
"120",2014,9,6.56428571428571,14,6.98571428571429,6.14285714285714,6.33333333333333,NA,6.56428571428571,7,7,3,0,14,2961,1822,1139,330,811,2150,7.21624193853428,7.54889714599341,6.68411043020193,6.74148363636364,7.34371270036992,7.16815878139535,118
"121",2014,10,7.27333333333333,15,7.29285714285714,7,NA,7.82,7,14,1,0,5,10,2976,1836,1140,330,816,2160,7.21652969758065,7.54694477124183,6.68438752631579,6.74148363636364,7.34663112745098,7.16738026851852,119
"122",2014,11,7,11,7.11111111111111,6.5,NA,NA,7,9,2,0,0,11,2987,1845,1142,330,816,2171,7.21573229996652,7.54481875338753,6.68406460595446,6.74148363636364,7.34663112745098,7.16653218793183,120
"123",2014,12,6.94166666666667,24,7.4,6.61428571428571,6.46,5.6,7.38888888888889,10,14,10,6,18,3011,1855,1156,340,822,2189,7.21354778478911,7.54403805929919,6.68321953287197,6.73320470588235,7.33388199513382,7.16836061215167,121
"124",2015,1,6.696,25,7.025,6.11111111111111,6.83333333333333,6.83333333333333,6.67727272727273,16,9,3,3,22,3036,1871,1165,343,825,2211,7.20928602766799,7.53959946552646,6.6787998111588,6.7340804664723,7.33206181818182,7.16347416553596,122
"125",2015,2,6.905,20,6.90909090909091,6.9,7.6,6.5,7.00625,11,9,5,4,16,3056,1882,1174,348,829,2227,7.20729462696335,7.53591424017003,6.68049555366269,6.74652183908046,7.32804704463209,7.16234458015267,123
"126",2015,3,6.5975,20,7.04090909090909,6.05555555555556,7.625,7.7,6.40294117647059,11,9,4,3,17,3076,1893,1183,352,832,2244,7.20332977243173,7.53303782356049,6.67574114961961,6.75650454545454,7.32938822115385,7.15659152406417,124
"127",2015,4,7.52941176470588,17,7.63076923076923,7.2,NA,8.5,7.4,13,4,0,2,15,3093,1906,1187,352,834,2259,7.20512201099257,7.53370440713536,6.67750781802864,6.75650454545454,7.33219544364509,7.15820778220452,125
"128",2015,5,6.66875,16,7.38888888888889,5.74285714285714,6.5,7.25,6.58571428571429,9,7,2,2,14,3109,1915,1194,354,836,2273,7.20236165326472,7.53302381201044,6.67202829145729,6.75505536723164,7.33199880382776,7.15468164540255,126
"129",2015,6,6.98611111111111,18,7,6.975,6,7,6.984375,8,10,2,2,16,3127,1923,1204,356,838,2289,7.20111684681804,7.53080634425377,6.67454466777409,6.75081348314607,7.33120644391408,7.15349121013543,127
"130",2015,7,6.84090909090909,22,7.1,6.28571428571429,6,7,6.78125,15,7,3,6,16,3149,1938,1211,359,844,2305,7.19860031120991,7.52747192982456,6.67229709331131,6.74453927576602,7.3288518957346,7.15090732321041,128
"131",2015,8,7.17058823529412,17,7.26666666666667,7.0625,7.125,6.5,7.26,9,8,4,2,15,3166,1947,1219,363,846,2320,7.19844989892609,7.52626635850026,6.67485789991796,6.74873168044077,7.32689243498818,7.15161266379311,129
"132",2015,9,7.63636363636364,11,7.91666666666667,7.3,6.83333333333333,NA,7.63636363636364,6,5,3,0,11,3177,1953,1224,366,846,2331,7.19996612527542,7.52746574500768,6.67741158496732,6.74942513661202,7.32689243498818,7.15390020592021,130
"133",2015,10,7.26785714285714,14,7.52777777777778,6.8,6,7.875,7.16666666666667,9,5,1,2,12,3191,1962,1229,367,848,2343,7.20026398621122,7.52746717635066,6.67791031733116,6.74738310626703,7.32818514150944,7.1539655911225,131
"134",2015,11,7.28571428571429,14,8.125,6.95,7.125,7,7.30769230769231,4,10,4,1,13,3205,1966,1239,371,849,2356,7.20063724804992,7.52868290946083,6.68010635996771,6.75145444743935,7.32779858657244,7.15481382852292,132
"135",2015,12,7.27777777777778,18,7.5,7.1,7.25,7.2,7.30769230769231,8,10,2,5,13,3223,1974,1249,373,854,2369,7.20106806701831,7.52856666666667,6.68346819855885,6.75412761394102,7.32705035128806,7.15565275643732,133
"136",2016,1,7.45375,16,7.56375,7.34375,6.75,6.75,7.55428571428571,8,8,2,2,14,3239,1982,1257,375,856,2383,7.2023162642791,7.52870867810293,6.68767046937152,6.7541056,7.32570210280374,7.15799470415443,134
"137",2016,2,7.22857142857143,14,7.2125,7.25,6.5,6,7.43333333333333,8,6,2,2,12,3253,1990,1263,377,858,2395,7.20242925914541,7.52743748743719,6.6903418685669,6.7527575596817,7.32261188811189,7.15937427139875,135
"138",2016,3,7.42,15,7.97142857142857,6.9375,7,7,7.45,7,8,2,1,14,3268,1997,1271,379,859,2409,7.20342790085679,7.52899379068603,6.69189754523997,6.75406226912929,7.32223632130385,7.16106325446243,136
"139",2016,4,7.25,12,7.66666666666667,6.83333333333333,5.66666666666667,6.8,7.57142857142857,6,6,3,5,7,3280,2003,1277,382,864,2416,7.20359828658537,7.52940619071393,6.69256208300705,6.745522513089,7.31921412037037,7.16225222682119,137
"140",2016,5,7.63157894736842,19,7.8,7,NA,8.75,7.5,15,4,0,2,17,3299,2018,1281,382,866,2433,7.20606316459533,7.53141754212091,6.69352207650273,6.745522513089,7.32251847575058,7.16461215782984,138
"141",2016,6,7.28181818181818,22,7.8375,6.96428571428571,7,7.625,7.20555555555556,8,14,4,4,18,3321,2026,1295,386,870,2451,7.20656500451671,7.53262615992103,6.69644925096525,6.74815958549223,7.3239091954023,7.16491284373725,139
"142",2016,7,7.4875,16,7.98,6.66666666666667,7,7.3,7.5,10,6,1,1,15,3337,2036,1301,387,871,2466,7.20791201078813,7.53482347740668,6.69631189853958,6.74881033591731,7.32388174512055,7.16695108678021,140
"143",2016,8,6.93928571428571,28,7.4625,6.24166666666667,5.66666666666667,6.7,7.00454545454545,16,12,3,6,22,3365,2052,1313,390,877,2488,7.20567678454681,7.53425955165692,6.69215672505712,6.74048615384615,7.31961345496009,7.16551502411576,141
"144",2016,9,7.31818181818182,22,7.78571428571429,6.5,7,7.91666666666667,7.09375,14,8,1,6,16,3387,2066,1321,391,883,2504,7.20640755240626,7.53596350435624,6.69099302043906,6.74114987212276,7.32367044167611,7.16505646166134,142
"145",2016,10,7.175,20,7.125,7.25,7.5,7.33333333333333,7.14705882352941,12,8,3,3,17,3407,2078,1329,394,886,2521,7.20622318168477,7.53359027911453,6.69435799849511,6.74692791878172,7.32370316027088,7.16493509718366,143
"146",2016,11,7.19375,16,7.46,6.75,6.5,7.7,6.96363636363636,10,6,1,5,11,3423,2088,1335,395,891,2532,7.20616487876132,7.53323783524904,6.69460807490637,6.74630278481013,7.32581481481482,7.16406057661927,144
"147",2016,12,7.125,20,7.625,6.375,5.66666666666667,6,7.5,12,8,3,5,15,3443,2100,1343,398,896,2547,7.20569340110369,7.53376219047619,6.6927042293373,6.7381648241206,7.31841629464286,7.16603901845308,145
"148",2017,1,7.1375,24,7.33157894736842,6.4,5,8.25,6.915,19,5,1,4,20,3467,2119,1348,399,900,2567,7.20522133833285,7.53194931571496,6.69161853115727,6.73380852130326,7.32255666666667,7.16408312426958,146
"149",2017,2,7.64,20,7.57647058823529,8,6,7.45,7.6875,17,3,1,4,16,3487,2136,1351,400,904,2583,7.20771505018641,7.53230365168539,6.69452389341229,6.731974,7.32312057522124,7.16732535036779,147
"150",2017,3,6.875,12,7.5,5,NA,7.5,6.75,9,3,0,2,10,3499,2145,1354,400,906,2593,7.20657398685339,7.53216811188811,6.69076940915805,6.731974,7.3235110375276,7.16571591978404,148
"151",2017,4,6.903,10,7.206,6.6,7,6.75,7.005,5,5,1,4,6,3509,2150,1359,401,910,2599,7.20570885722428,7.53140958139535,6.69043545253863,6.73264239401496,7.32099010989011,7.16534489419007,149
"152",2017,5,7.36923076923077,13,7.64285714285714,7.05,NA,7.5,7.35833333333333,7,6,0,1,12,3522,2157,1365,401,911,2611,7.20631243043725,7.53177125637459,6.69201595604395,6.73264239401496,7.32118660812295,7.16623185752585,150
"153",2017,6,7.2,10,8,6.4,6,7.5,7.125,5,5,2,2,8,3532,2162,1370,403,913,2619,7.2062945583239,7.53285411655874,6.69095020437956,6.7290064516129,7.32157831325302,7.16610591065292,151
"154",2017,7,6.70833333333333,12,7.64285714285714,5.4,6,NA,6.70833333333333,7,5,2,0,12,3544,2169,1375,405,913,2631,7.20460845936795,7.5332091286307,6.68625584,6.72540641975309,7.32157831325302,7.16401800836184,152
"155",2017,8,7.6125,8,7.98571428571429,5,NA,8.45,7.33333333333333,7,1,0,2,6,3552,2176,1376,405,915,2637,7.20552713400901,7.53466479779412,6.68503036337209,6.72540641975309,7.32404480874317,7.16440325369738,153
"156",2017,9,6.59375,16,7.1875,6,6.5,7.125,6.41666666666667,8,8,2,4,12,3568,2184,1384,407,919,2649,7.20278373878924,7.53339313186813,6.68107065028902,6.72429877149877,7.32317845484222,7.16101599849,154
"157",2017,10,7.13846153846154,13,7.4,6.83333333333333,7,NA,7.13846153846154,7,6,1,0,13,3581,2191,1390,408,919,2662,7.20255023177883,7.53296695572798,6.68172789928057,6.72497450980392,7.32317845484222,7.1609058527423,155
"158",2017,11,7.348,25,7.95,6.27777777777778,6.625,7.35,7.34782608695652,16,9,4,2,23,3606,2207,1399,412,921,2685,7.20355861896839,7.53599030357952,6.67912922087205,6.72400388349514,7.32323669923996,7.16250703165736,156
"159",2017,12,7.44375,16,7.3,7.68333333333333,8,7.8,7.28181818181818,10,6,1,5,11,3622,2217,1405,413,926,2696,7.2046196521259,7.53492584573748,6.68341763701067,6.72709346246973,7.32581101511879,7.16299383531157,157
"160",2018,1,7.43478260869565,23,7.75,6.71428571428571,6.75,8.33333333333333,7.3,16,7,4,3,20,3645,2233,1412,417,929,2716,7.20607198353909,7.53646690550828,6.68357066572238,6.72731318944844,7.32906458557589,7.16400271723122,158
"161",2018,2,7.31111111111111,9,8.2,6.6,7,7.9,7.14285714285714,4,5,3,2,7,3654,2237,1417,420,931,2723,7.20633070060208,7.53765337505588,6.68327577981651,6.72926095238095,7.330291084855,7.1639483584282,159
"162",2018,3,7.0375,20,7.40384615384615,6.35714285714286,5.5,7.5,6.98611111111111,13,7,2,2,18,3674,2250,1424,422,933,2741,7.20541164398476,7.53688026666667,6.6816725983146,6.72343507109005,7.3306548767417,7.1627805107625,160
"163",2018,4,7.23333333333333,15,8,6.72222222222222,6.83333333333333,8.625,6.72727272727273,6,9,3,4,11,3689,2256,1433,425,937,2752,7.20552517755489,7.53811196808511,6.68192727145848,6.72421082352941,7.33618036286019,7.16103974563953,161
"164",2018,5,6.84615384615385,13,7,6.75,6.66666666666667,4.5,7.27272727272727,5,8,3,2,11,3702,2261,1441,428,939,2763,7.20426320367369,7.53692198142415,6.68230519083969,6.72380747663551,7.33013951011715,7.16148439377488,162
"165",2018,6,6.85714285714286,7,7,6.5,5,5,7.16666666666667,5,2,1,1,6,3709,2266,1443,429,940,2769,7.20360808304125,7.5357372462489,6.68205251559251,6.71978927738928,7.32766063829788,7.16149562296858,163
"166",2018,7,6.975,8,7.25714285714286,5,5,7.76666666666667,6.5,7,1,1,3,5,3717,2273,1444,430,943,2774,7.20311605595911,7.53487927848658,6.68088765927978,6.71578976744186,7.3290572640509,7.16030330930065,164
"167",2018,8,7.04,10,7.25,6.2,7.4,6,7.3,8,2,1,2,8,3727,2281,1446,431,945,2782,7.20267839549235,7.53388014028935,6.68022253112033,6.71737726218097,7.32624444444445,7.16070502516175,165
"168",2018,9,6.81818181818182,11,6.85714285714286,6.75,7,6.66666666666667,6.875,7,4,1,3,8,3738,2288,1450,432,948,2790,7.20154691813804,7.5318097027972,6.68041502068965,6.71803148148148,7.32415717299578,7.15988579928315,166
"169",2018,10,6.82361125,8,7.08412714285714,5,NA,NA,6.82361125,7,1,0,0,8,3746,2295,1451,432,948,2798,7.20073979444741,7.53044422222222,6.67925691247415,6.71803148148148,7.32415717299578,7.15892432809149,167
"170",2018,11,7.29333333333333,15,7.4,7,7,7.16666666666667,7.325,11,4,1,3,12,3761,2306,1455,433,951,2810,7.20110908534964,7.52982198178664,6.68013868041237,6.71868267898383,7.32366035751841,7.1596335480427,168
"171",2018,12,6.78,10,6.8,6.75,6,NA,6.78,6,4,1,0,10,3771,2312,1459,434,951,2820,7.19999238133121,7.52792798010381,6.6803302124743,6.7170267281106,7.32366035751841,7.15828732978723,169
"172",2019,1,6.8524619047619,21,7.80924545454545,5.8,NA,6.375,6.96480588235294,11,10,0,4,17,3792,2323,1469,434,955,2837,7.19806776635021,7.52926009040034,6.67433749489448,6.7170267281106,7.31968691099477,7.15712794148749,170
"173",2019,2,7.525,12,8.13333333333333,6.91666666666667,6.66666666666667,7.4,7.55,6,6,3,2,10,3804,2329,1475,437,957,2847,7.19909909831756,7.53081631172177,6.67532324067796,6.71668100686499,7.31985475444097,7.15850789251844,171
"174",2019,3,6.60714285714286,14,7.16666666666667,5.6,3,7.625,6.2,9,5,1,4,10,3818,2338,1480,438,961,2857,7.19692848873756,7.52941453806672,6.67169039189189,6.70819543378995,7.32112486992716,7.15515294714736,172
"175",2019,4,7.67857142857143,14,7.875,7.41666666666667,7,7.33333333333333,7.77272727272727,8,6,2,3,11,3832,2346,1486,440,964,2868,7.19868814457202,7.53059300511509,6.67469837146702,6.70952181818182,7.32116286307054,7.15752160739191,173
"176",2019,5,7.79545454545455,11,7.8125,7.75,NA,7.83333333333333,7.78125,8,3,0,3,8,3843,2354,1489,440,967,2876,7.20039629716367,7.531551057774,6.67686486232371,6.70952181818182,7.32275180972079,7.15925659596662,174
"177",2019,6,7.59769230769231,13,7.59625,7.6,6.66666666666667,7.32333333333333,7.68,8,5,3,3,10,3856,2362,1494,443,970,2886,7.20173572873444,7.53177019051651,6.6799543373494,6.7092316027088,7.32275360824743,7.16106097366597,175
"178",2019,7,6.85416666666667,12,6.85714285714286,6.85,6.5,NA,6.85416666666667,7,5,2,0,12,3868,2369,1499,445,970,2898,7.20065743795243,7.52977677923174,6.68052153435624,6.70829123595506,7.32275360824743,7.15979018978606,176
"179",2019,8,7.04166666666667,12,8.07142857142857,5.6,5.83333333333333,7.875,6.625,7,5,3,4,8,3880,2376,1504,448,974,2906,7.20016571391753,7.5313725547138,6.676929375,6.70243214285714,7.32502156057495,7.15831795251204,177
"180",2019,9,7.42272727272727,11,7.51666666666667,7,8,7.5,7.40555555555556,9,2,1,2,9,3891,2385,1506,449,976,2915,7.20079490362375,7.53131706079664,6.67735841965471,6.70532204899777,7.32538012295082,7.15908129331046,178
"181",2019,10,7.5,13,7.54545454545455,7.25,7.5,7.2,7.6875,11,2,1,5,8,3904,2396,1508,450,981,2923,7.20179123206967,7.53138196577629,6.67811789124668,6.707088,7.32474108053007,7.160527529935,179
"182",2019,11,7.69285714285714,14,7.89166666666667,6.5,7,7.46666666666667,7.8625,12,2,1,6,8,3918,2408,1510,451,987,2931,7.20354593415008,7.53317740448505,6.67788197350993,6.70773747228381,7.32560385005066,7.1624435243944,180
"183",2019,12,6.84736842105263,19,7.77777777777778,6.01,8,7.33333333333333,6.75625,9,10,1,3,16,3937,2417,1520,452,990,2947,7.20182701803404,7.5340882043856,6.67348801315789,6.71059646017699,7.32562727272728,7.16023819816763,181
"184",2020,1,7.2,10,7.5,6.75,NA,NA,7.2,6,4,0,0,10,3947,2423,1524,452,990,2957,7.20182238915632,7.53400379281882,6.673688832021,6.71059646017699,7.32562727272728,7.16037266486304,182
"185",2020,2,6.9625,16,7.11666666666667,6.5,7,5,7.24285714285714,12,4,1,2,14,3963,2435,1528,453,992,2971,7.20085616199849,7.53194710061602,6.67323414921466,6.7112353200883,7.32093850806452,7.1607613497139,183
"186",2020,3,7.26923076923077,13,7.5,6,6,7,7.31818181818182,11,2,1,2,11,3976,2446,1530,454,994,2982,7.20107972082495,7.53180343008994,6.67235410457516,6.70966872246696,7.32029275653924,7.16134204225352,184
"187",2020,4,7.49705882352941,17,7.745,7.14285714285714,7,7.5875,7.41666666666667,10,7,2,8,9,3993,2456,1537,456,1002,2991,7.20233983721513,7.53267149429967,6.67449692908263,6.71094210526316,7.32242614770459,7.16211032096289,185
"188",2020,5,7.33,10,8.05,6.25,5.5,NA,7.33,6,4,2,0,10,4003,2462,1541,458,1002,3001,7.20265874843867,7.53393224614135,6.67339505515899,6.70565414847162,7.32242614770459,7.16266976674442,186
"189",2020,6,7.15,10,7.0625,7.5,7.5,8,7.05555555555556,8,2,2,1,9,4013,2470,1543,460,1003,3010,7.20252752803389,7.53240534008097,6.6744664808814,6.70910782608696,7.32310169491526,7.16234949169435,187
"190",2020,7,7.21538461538462,13,7.03333333333333,7.625,NA,7.83333333333333,7.03,9,4,0,3,10,4026,2479,1547,460,1006,3020,7.20256904371585,7.53059346107301,6.67692422753717,6.70910782608696,7.32462326043738,7.16191124834437,188
"191",2020,8,7.57142857142857,7,8,7,NA,NA,7.57142857142857,4,3,0,0,7,4033,2483,1550,460,1006,3027,7.20320926605505,7.53134965364478,6.67754953548387,6.70910782608696,7.32462326043738,7.16285826560951,189
"192",2020,9,6.4375,8,6.83333333333333,6.2,6,7,6.35714285714286,3,5,1,1,7,4041,2486,1555,461,1007,3034,7.20169338530067,7.53050731697506,6.67601400643087,6.70756963123644,7.3243008937438,7.16099933091628,190
"193",2020,10,7.71428571428571,14,8.04545454545454,6.5,NA,8.33333333333333,7.54545454545455,11,3,0,3,11,4055,2497,1558,461,1010,3045,7.20346312453761,7.53277580696836,6.67567508344031,6.70756963123644,7.32729801980198,7.16238816748768,191
"194",2020,11,7.18636363636364,22,7.8,6.45,NA,NA,7.18636363636364,12,10,0,0,22,4077,2509,1568,461,1010,3067,7.2033708535688,7.53405388202471,6.67423582908163,6.70756963123644,7.32729801980198,7.16256014672318,192
"195",2020,12,7.61052631578947,19,7.93636363636364,7.1625,7,NA,7.61052631578947,11,8,1,0,19,4096,2520,1576,462,1010,3086,7.20525951416016,7.53580999603174,6.67671432741117,6.7082025974026,7.32729801980198,7.16531820155541,193
"196",2021,1,7.45636363636364,11,7.55555555555556,7.01,7.02,8.5,7.352,9,2,1,1,10,4107,2529,1578,463,1011,3096,7.20593205989773,7.53588026492685,6.67713674271229,6.70887602591793,7.32845796241346,7.16592117894057,194
"197",2021,2,7.25,13,7.6,7.03125,5.75,NA,7.25,5,8,2,0,13,4120,2534,1586,465,1011,3109,7.2060711092233,7.53600678374112,6.67892293820933,6.70475182795699,7.32845796241346,7.16627274686394,195
"198",2021,3,7.31714285714286,14,7.63,6.535,6.5,6.91,7.48,10,4,2,4,10,4134,2544,1590,467,1015,3119,7.20644725931301,7.53637625393082,6.67856086792453,6.70387494646681,7.32680886699508,7.16727860532222,196
"199",2021,4,6.93571428571429,14,7.31818181818182,5.53333333333333,7,7,6.925,11,3,1,2,12,4148,2555,1593,468,1017,3131,7.20553350289296,7.53543686497064,6.67640413057125,6.70450769230769,7.32616617502459,7.16635003832641,197
"200",2021,5,7.5,12,7.85714285714286,7,6,10,7.27272727272727,7,5,1,1,11,4160,2562,1598,469,1018,3142,7.20638292548077,7.53631584309133,6.67741663329161,6.70300554371002,7.3287927308448,7.16672246021642,198
"201",2021,6,7.50769230769231,13,7.8875,6.9,NA,7,7.73333333333333,8,5,0,4,9,4173,2570,1603,469,1022,3151,7.20732158399233,7.5374090233463,6.67811090455396,6.70300554371002,7.32750587084149,7.16834083465566,199
"202",2021,7,8,5,8.25,7,NA,8,8,4,1,0,1,4,4178,2574,1604,469,1023,3155,7.20827021780756,7.53851639083139,6.67831158354115,6.70300554371002,7.3281632453568,7.16939523613312,200
"203",2021,8,6.637,10,6.72833333333333,6.5,NA,7,6.59666666666667,6,4,0,1,9,4188,2580,1608,469,1024,3164,7.20690615329513,7.53663224418604,6.67786802238806,6.70300554371002,7.3278427734375,7.16776610935524,201
"204",2021,9,7.3125,16,7.35714285714286,7.27777777777778,7.3,7.83333333333333,7.19230769230769,7,9,5,3,13,4204,2587,1617,474,1027,3177,7.20730803282588,7.53614657518361,6.68120703772418,6.7093029535865,7.32931937682571,7.16786653131885,202
"205",2021,10,6.29090909090909,11,6.67142857142857,5.625,NA,8.6,5.77777777777778,7,4,0,2,9,4215,2594,1621,474,1029,3186,7.20491648161328,7.53381310331534,6.67860072794571,6.7093029535865,7.33178911564626,7.16393972693032,203
"206",2021,11,7.45,6,8.05,6.25,NA,NA,7.45,4,2,0,0,6,4221,2598,1623,474,1029,3192,7.20526485903814,7.53460784834488,6.67807256931608,6.7093029535865,7.33178911564626,7.16447743421052,204
"207",2021,12,7.64375,16,7.66428571428571,7.5,8,NA,7.64375,14,2,1,0,16,4237,2612,1625,475,1029,3208,7.20692069152702,7.53530290581929,6.67908417230769,6.71202021052632,7.33178911564626,7.16686782107232,205
"208",2022,1,6.57142857142857,21,6.46923076923077,6.7375,5.25,5.75,6.76470588235294,13,8,4,4,17,4258,2625,1633,479,1033,3225,7.20378651244716,7.53002331047619,6.67937034905082,6.69981127348643,7.32566408518877,7.16474789767442,206
"209",2022,2,7.57692307692308,13,7.78571428571429,7.33333333333333,5,7,7.625,7,6,1,1,12,4271,2632,1639,480,1034,3237,7.20492225942402,7.53070333966565,6.68176435631482,6.69627,7.32534912959381,7.16645411492122,207
"210",2022,3,6.95444444444444,9,7,6.795,NA,6.59,7,7,2,0,1,8,4280,2639,1641,480,1035,3245,7.20439555373831,7.52929563849943,6.68190236441194,6.69627,7.324638647343,7.16604375038521,208
"211",2022,4,7.53714285714286,7,7.71,6.5,NA,7.255,7.65,6,1,0,2,5,4287,2645,1642,480,1037,3250,7.20493887800326,7.52970555387523,6.68179158343483,6.69627,7.3245043394407,7.16678829846154,209
"212",2022,5,6.5625,8,7.2,6.18,6,NA,6.5625,3,5,1,0,8,4295,2648,1647,481,1037,3258,7.20374225145518,7.52933202039275,6.68026823315118,6.69482245322245,7.3245043394407,7.16530447206875,210
"213",2022,6,7.16923076923077,13,7.775,6.2,7,7.44,7,8,5,1,5,8,4308,2656,1652,482,1042,3266,7.20363810817084,7.53007198418674,6.67881463680387,6.69545560165975,7.3250585412668,7.16489956215554,211
"214",2022,7,7.86333333333333,15,8.06666666666667,7.72777777777778,7.2,8.25,7.83571428571429,6,9,1,1,14,4323,2662,1661,483,1043,3280,7.20592712699514,7.53128143876784,6.68449836243227,6.69650020703934,7.32594534995207,7.16776279573171,212
"215",2022,8,7.731,10,7.1075,8.14666666666667,8,7.83333333333333,7.68714285714286,4,6,1,3,7,4333,2666,1667,484,1046,3287,7.20713892684052,7.53064560765191,6.68976111577684,6.69919338842975,7.32740057361377,7.16886886826894,213
