"","year","month","avg_rating","no_ratings","avg_rating_owned","avg_rating_not_owned","avg_rating_prev_owned","avg_rating_comment","avg_rating_no_comment","no_ratings_owned","no_ratings_not_owned","no_ratings_prev_owned","no_ratings_comment","no_ratings_no_comment","cum_no_ratings","cum_no_ratings_owned","cum_no_ratings_not_owned","cum_no_ratings_prev_owned","cum_no_ratings_comment","cum_no_ratings_no_comment","cum_avg_rating","cum_avg_rating_owned","cum_avg_rating_not_owned","cum_avg_rating_prev_owned","cum_avg_rating_comment","cum_avg_rating_no_comment","month_after_release"
"1",2001,6,8,1,8,NA,NA,NA,8,1,0,0,0,1,1,1,0,0,0,1,8,8,NA,NA,NA,8,0
"2",2001,7,7,2,7,NA,NA,7,7,2,0,0,1,1,3,3,0,0,1,2,7.33333333333333,7.33333333333333,NA,NA,7,7.5,1
"3",2001,9,8,1,8,NA,NA,8,NA,1,0,0,1,0,4,4,0,0,2,2,7.5,7.5,NA,NA,7.5,7.5,3
"4",2001,10,6,1,6,NA,NA,NA,6,1,0,0,0,1,5,5,0,0,2,3,7.2,7.2,NA,NA,7.5,7,4
"5",2001,11,7,1,7,NA,NA,7,NA,1,0,0,1,0,6,6,0,0,3,3,7.16666666666667,7.16666666666667,NA,NA,7.33333333333333,7,5
"6",2002,2,7,1,7,NA,NA,7,NA,1,0,0,1,0,7,7,0,0,4,3,7.14285714285714,7.14285714285714,NA,NA,7.25,7,8
"7",2002,4,4.5,2,6,3,NA,NA,4.5,1,1,0,0,2,9,8,1,0,4,5,6.55555555555556,7,3,NA,7.25,6,10
"8",2002,6,7,1,7,NA,NA,7,NA,1,0,0,1,0,10,9,1,0,5,5,6.6,7,3,NA,7.2,6,12
"9",2002,7,6.2,5,6.2,NA,NA,8,5.75,5,0,0,1,4,15,14,1,0,6,9,6.46666666666667,6.71428571428571,3,NA,7.33333333333333,5.88888888888889,13
"10",2002,8,7,6,7,NA,NA,7.5,6.75,6,0,0,2,4,21,20,1,0,8,13,6.61904761904762,6.8,3,NA,7.375,6.15384615384615,14
"11",2002,10,6,2,6,NA,NA,6,6,2,0,0,1,1,23,22,1,0,9,14,6.56521739130435,6.72727272727273,3,NA,7.22222222222222,6.14285714285714,16
"12",2002,11,7.25,4,7.25,NA,NA,9,6.66666666666667,4,0,0,1,3,27,26,1,0,10,17,6.66666666666667,6.80769230769231,3,NA,7.4,6.23529411764706,17
"13",2002,12,7,3,7,NA,NA,NA,7,3,0,0,0,3,30,29,1,0,10,20,6.7,6.82758620689655,3,NA,7.4,6.35,18
"14",2003,1,6.04545454545455,11,6.4375,5,6,8.25,5.55555555555556,8,3,1,2,9,41,37,4,1,12,29,6.52439024390244,6.74324324324324,4.5,6,7.54166666666667,6.10344827586207,19
"15",2003,2,6.61111111111111,9,8.125,5.4,6,6.3,7,4,5,1,5,4,50,41,9,2,17,33,6.54,6.8780487804878,5,6,7.17647058823529,6.21212121212121,20
"16",2003,3,8.66666666666667,3,10,8,NA,10,8,1,2,0,1,2,53,42,11,2,18,35,6.66037735849057,6.95238095238095,5.54545454545455,6,7.33333333333333,6.31428571428571,21
"17",2003,4,4.5,2,4.5,NA,NA,5,4,2,0,0,1,1,55,44,11,2,19,36,6.58181818181818,6.84090909090909,5.54545454545455,6,7.21052631578947,6.25,22
"18",2003,5,4.5,2,5,4,NA,NA,4.5,1,1,0,0,2,57,45,12,2,19,38,6.50877192982456,6.8,5.41666666666667,6,7.21052631578947,6.15789473684211,23
"19",2003,6,6.25,4,6.33333333333333,6,NA,6,6.33333333333333,3,1,0,1,3,61,48,13,2,20,41,6.49180327868852,6.77083333333333,5.46153846153846,6,7.15,6.17073170731707,24
"20",2003,7,6.30555555555556,18,6.80769230769231,5,NA,7.58333333333333,5.66666666666667,13,5,0,6,12,79,61,18,2,26,53,6.44936708860759,6.77868852459016,5.33333333333333,6,7.25,6.05660377358491,25
"21",2003,8,6.14285714285714,7,6.6,5,NA,8,5.83333333333333,5,2,0,1,6,86,66,20,2,27,59,6.42441860465116,6.76515151515152,5.3,6,7.27777777777778,6.03389830508475,26
"22",2003,9,6.5,2,NA,6.5,NA,NA,6.5,0,2,0,0,2,88,66,22,2,27,61,6.42613636363636,6.76515151515152,5.40909090909091,6,7.27777777777778,6.04918032786885,27
"23",2003,10,6,3,6.5,5,NA,4,7,2,1,0,1,2,91,68,23,2,28,63,6.41208791208791,6.75735294117647,5.39130434782609,6,7.16071428571429,6.07936507936508,28
"24",2003,11,6,2,NA,6,NA,6,6,0,2,0,1,1,93,68,25,2,29,64,6.40322580645161,6.75735294117647,5.44,6,7.12068965517241,6.078125,29
"25",2003,12,6.33333333333333,6,6.8,4,NA,6.66666666666667,6,5,1,0,3,3,99,73,26,2,32,67,6.3989898989899,6.76027397260274,5.38461538461539,6,7.078125,6.07462686567164,30
"26",2004,1,5.85714285714286,7,6.75,4.66666666666667,NA,5.66666666666667,6,4,3,0,3,4,106,77,29,2,35,71,6.36320754716981,6.75974025974026,5.31034482758621,6,6.95714285714286,6.07042253521127,31
"27",2004,2,6.42857142857143,7,6,7,7,6.25,6.66666666666667,4,3,1,4,3,113,81,32,3,39,74,6.36725663716814,6.72222222222222,5.46875,6.33333333333333,6.88461538461539,6.0945945945946,32
"28",2004,3,7.44444444444444,9,7.57142857142857,7,NA,7,7.5,7,2,0,1,8,122,88,34,3,40,82,6.44672131147541,6.78977272727273,5.55882352941176,6.33333333333333,6.8875,6.23170731707317,33
"29",2004,4,6.5,6,8.33333333333333,4.66666666666667,NA,8,5.75,3,3,0,2,4,128,91,37,3,42,86,6.44921875,6.84065934065934,5.48648648648649,6.33333333333333,6.94047619047619,6.2093023255814,34
"30",2004,5,7.4,5,7.4,NA,NA,7,8,5,0,0,3,2,133,96,37,3,45,88,6.48496240601504,6.86979166666667,5.48648648648649,6.33333333333333,6.94444444444444,6.25,35
"31",2004,6,5.75,8,6.75,4.75,NA,5.5,6,4,4,0,4,4,141,100,41,3,49,92,6.44326241134752,6.865,5.41463414634146,6.33333333333333,6.8265306122449,6.23913043478261,36
"32",2004,7,7.25,6,7.1,8,NA,7.5,7.2,5,1,0,1,5,147,105,42,3,50,97,6.47619047619048,6.87619047619048,5.47619047619048,6.33333333333333,6.84,6.28865979381443,37
"33",2004,8,8,5,8,NA,NA,8,NA,5,0,0,5,0,152,110,42,3,55,97,6.52631578947368,6.92727272727273,5.47619047619048,6.33333333333333,6.94545454545455,6.28865979381443,38
"34",2004,9,6.5,2,6.5,NA,NA,NA,6.5,2,0,0,0,2,154,112,42,3,55,99,6.52597402597403,6.91964285714286,5.47619047619048,6.33333333333333,6.94545454545455,6.29292929292929,39
"35",2004,10,7.325,10,7.44444444444444,6.25,NA,7.08333333333333,7.42857142857143,9,1,0,3,7,164,121,43,3,58,106,6.57469512195122,6.95867768595041,5.49418604651163,6.33333333333333,6.95258620689655,6.36792452830189,40
"36",2004,11,6.65,10,6.9375,5.5,7,6.6,6.7,8,2,1,5,5,174,129,45,4,63,111,6.57902298850575,6.95736434108527,5.49444444444445,6.5,6.92460317460317,6.38288288288288,41
"37",2004,12,7.5,4,7.5,NA,NA,7.66666666666667,7,4,0,0,3,1,178,133,45,4,66,112,6.5997191011236,6.97368421052632,5.49444444444445,6.5,6.95833333333333,6.38839285714286,42
"38",2005,1,6.14285714285714,14,6.05,6.375,NA,7.5,5.91666666666667,10,4,0,2,12,192,143,49,4,68,124,6.56640625,6.90909090909091,5.56632653061224,6.5,6.97426470588235,6.34274193548387,43
"39",2005,2,7.35714285714286,14,7.36363636363636,7.33333333333333,7,7.42857142857143,7.28571428571429,11,3,1,7,7,206,154,52,5,75,131,6.62014563106796,6.94155844155844,5.66826923076923,6.6,7.01666666666667,6.39312977099237,44
"40",2005,3,6.6875,8,7.41666666666667,4.5,NA,6.5,6.8,6,2,0,3,5,214,160,54,5,78,136,6.62266355140187,6.959375,5.625,6.6,6.99679487179487,6.40808823529412,45
"41",2005,4,7,3,7,NA,NA,NA,7,3,0,0,0,3,217,163,54,5,78,139,6.6278801843318,6.9601226993865,5.625,6.6,6.99679487179487,6.42086330935252,46
"42",2005,5,6.85714285714286,7,6.83333333333333,7,7,7,6.66666666666667,6,1,1,4,3,224,169,55,6,82,142,6.63504464285714,6.95562130177515,5.65,6.66666666666667,6.9969512195122,6.42605633802817,47
"43",2005,6,6.42307692307692,13,6.55555555555556,6.125,5.5,6.5,6.375,9,4,1,5,8,237,178,59,7,87,150,6.62341772151899,6.93539325842697,5.68220338983051,6.5,6.9683908045977,6.42333333333333,48
"44",2005,7,6.68181818181818,11,7.15,2,NA,5.6,7.58333333333333,10,1,0,5,6,248,188,60,7,92,156,6.62600806451613,6.9468085106383,5.62083333333333,6.5,6.89402173913043,6.46794871794872,49
"45",2005,8,6.58333333333333,12,6.75,6.25,7,6.5,6.66666666666667,8,4,1,6,6,260,196,64,8,98,162,6.62403846153846,6.93877551020408,5.66015625,6.5625,6.86989795918367,6.47530864197531,50
"46",2005,9,7.04166666666667,12,7.25,6,5,7.75,6.6875,10,2,1,4,8,272,206,66,9,102,170,6.64246323529412,6.95388349514563,5.67045454545455,6.38888888888889,6.90441176470588,6.48529411764706,51
"47",2005,10,6.59090909090909,11,6.55555555555556,6.75,NA,6.75,6.4,9,2,0,6,5,283,215,68,9,108,175,6.6404593639576,6.93720930232558,5.70220588235294,6.38888888888889,6.89583333333333,6.48285714285714,52
"48",2005,11,6.12857142857143,14,6.27777777777778,5.86,NA,6.21428571428571,6.04285714285714,9,5,0,7,7,297,224,73,9,115,182,6.61632996632997,6.91071428571429,5.71301369863014,6.38888888888889,6.85434782608696,6.46593406593407,53
"49",2005,12,6.72727272727273,11,6.5,7.125,7,6.66666666666667,6.75,7,4,2,3,8,308,231,77,11,118,190,6.62029220779221,6.8982683982684,5.78636363636364,6.5,6.84957627118644,6.4778947368421,54
"50",2006,1,6.67647058823529,17,6.95833333333333,6,6,7.5625,5.88888888888889,12,5,1,8,9,325,243,82,12,126,199,6.62323076923077,6.90123456790123,5.79939024390244,6.45833333333333,6.89484126984127,6.45125628140704,55
"51",2006,2,6.35,8,6.21666666666667,6.75,NA,7,6.13333333333333,6,2,0,2,6,333,249,84,12,128,205,6.61666666666667,6.88473895582329,5.82202380952381,6.45833333333333,6.896484375,6.44195121951219,56
"52",2006,3,6.92307692307692,13,6.90909090909091,7,NA,6.7,7.0625,11,2,0,5,8,346,260,86,12,133,213,6.62817919075145,6.88576923076923,5.84941860465116,6.45833333333333,6.8890977443609,6.46525821596244,57
"53",2006,4,6,3,6,NA,NA,6,6,3,0,0,1,2,349,263,86,12,134,215,6.62277936962751,6.87566539923954,5.84941860465116,6.45833333333333,6.88246268656716,6.46093023255814,58
"54",2006,5,6.83333333333333,6,6.83333333333333,NA,NA,7,6.66666666666667,6,0,0,3,3,355,269,86,12,137,218,6.62633802816902,6.87472118959108,5.84941860465116,6.45833333333333,6.88503649635036,6.46376146788991,59
"55",2006,6,6.125,8,6.5,5,NA,5.66666666666667,6.4,6,2,0,3,5,363,275,88,12,140,223,6.61528925619835,6.86654545454545,5.83011363636364,6.45833333333333,6.85892857142857,6.46233183856502,60
"56",2006,7,6.15625,16,6.65,5.33333333333333,6,6.3,6.09090909090909,10,6,1,5,11,379,285,94,13,145,234,6.59591029023747,6.85894736842105,5.79840425531915,6.42307692307692,6.83965517241379,6.44487179487179,61
"57",2006,8,7.2,10,7.85714285714286,5.66666666666667,6,7.66666666666667,7,7,3,1,3,7,389,292,97,14,148,241,6.61143958868895,6.88287671232877,5.79432989690722,6.39285714285714,6.85641891891892,6.46099585062241,62
"58",2006,9,6.52,10,7.03333333333333,5.75,NA,6.35,6.63333333333333,6,4,0,4,6,399,298,101,14,152,247,6.60914786967419,6.88590604026846,5.79257425742574,6.39285714285714,6.84309210526316,6.46518218623482,63
"59",2006,10,6.5625,16,7.25,5.41666666666667,NA,5.625,6.875,10,6,0,4,12,415,308,107,14,156,259,6.60734939759036,6.89772727272727,5.7714953271028,6.39285714285714,6.81185897435897,6.48416988416988,64
"60",2006,11,7.02222222222222,9,7.02857142857143,7,NA,7.66666666666667,6.7,7,2,0,3,6,424,315,109,14,159,265,6.61615566037736,6.90063492063492,5.79403669724771,6.39285714285714,6.82798742138365,6.48905660377358,65
"61",2006,12,6.84782608695652,23,7.14705882352941,6,6,6,7.08333333333333,17,6,1,5,18,447,332,115,15,164,283,6.62807606263982,6.91325301204819,5.80478260869565,6.36666666666667,6.80274390243903,6.52685512367491,66
"62",2007,1,6.3,20,7.125,5.0625,6,6.07142857142857,6.42307692307692,12,8,1,7,13,467,344,123,16,171,296,6.61402569593148,6.92063953488372,5.75650406504065,6.34375,6.77280701754386,6.5222972972973,67
"63",2007,2,6.33242363636364,11,6.57142857142857,5.914165,NA,6.5,6.23666571428571,7,4,0,4,7,478,351,127,16,175,303,6.60754531380753,6.91367521367521,5.76146976377953,6.34375,6.76657142857143,6.51569854785479,68
"64",2007,3,6.38421052631579,19,7.1,4.83333333333333,5.5,7.33333333333333,5.94615384615385,13,6,2,6,13,497,364,133,18,181,316,6.59900736418511,6.92032967032967,5.71959894736842,6.25,6.7853591160221,6.4922679113924,69
"65",2007,4,6.5,8,6.42857142857143,7,NA,6.75,6.25,7,1,0,4,4,505,371,134,18,185,320,6.59743893069307,6.91105121293801,5.72915417910448,6.25,6.7845945945946,6.4892395625,70
"66",2007,5,5.92857142857143,14,6.16666666666667,5.75,5.75,5.6,6.11111111111111,6,8,2,5,9,519,377,142,20,190,329,6.57939626204239,6.89920424403183,5.73032859154929,6.2,6.75342105263158,6.4788956231003,71
"67",2007,6,7.5,6,7.5,NA,NA,7.5,7.5,6,0,0,4,2,525,383,142,20,194,331,6.58991744761905,6.90861618798956,5.73032859154929,6.2,6.76881443298969,6.48506543806646,72
"68",2007,7,6.90909090909091,11,6.88888888888889,7,7,8,6.8,9,2,1,1,10,536,392,144,21,195,341,6.59646764925373,6.90816326530612,5.74796291666667,6.23809523809524,6.77512820512821,6.49430105571847,73
"69",2007,8,7.25,8,7.83333333333333,5.5,NA,10,6.85714285714286,6,2,0,1,7,544,398,146,21,196,348,6.60607841911765,6.92211055276382,5.74456616438356,6.23809523809524,6.79158163265306,6.50159959770115,74
"70",2007,9,6.68421052631579,19,6.68181818181818,6.6875,7,6.08333333333333,6.96153846153846,11,8,1,6,13,563,409,154,22,202,361,6.60871520426288,6.91564792176039,5.79354974025974,6.27272727272727,6.77054455445545,6.51816249307479,75
"71",2007,10,6.625,8,7,6,6,7.33333333333333,6.2,5,3,1,3,5,571,414,157,23,205,366,6.60894336252189,6.91666666666667,5.79749464968153,6.26086956521739,6.77878048780488,6.51381601092896,76
"72",2007,11,6.95714285714286,21,7.17222222222222,5.66666666666667,6,7.64285714285714,6.61428571428571,18,3,1,7,14,592,432,160,24,212,380,6.62129503378378,6.92731481481481,5.795041625,6.25,6.80731132075472,6.51751752631579,77
"73",2007,12,6.34782608695652,23,6.75,3.66666666666667,5,6.9,5.92307692307692,20,3,2,10,13,615,452,163,26,222,393,6.6110677398374,6.91946902654867,5.7558690797546,6.15384615384615,6.81148648648649,6.49785409669211,78
"74",2008,1,6.95454545454545,33,7.22,6.125,5.25,7.5,6.75,25,8,2,9,24,648,477,171,28,231,417,6.62855966049383,6.93522012578616,5.7731383625731,6.08928571428571,6.83831168831169,6.5123660911271,79
"75",2008,2,6.58625,16,6.70571428571429,5.75,NA,7.41142857142857,5.94444444444444,14,2,0,7,9,664,491,173,28,238,426,6.62754015060241,6.92867617107943,5.77287086705202,6.08928571428571,6.85516806722689,6.50036774647887,80
"76",2008,3,6.86,15,6.90833333333333,6.66666666666667,NA,6.62857142857143,7.0625,12,3,0,7,8,679,503,176,28,245,434,6.63267549337261,6.92819085487078,5.78810602272727,6.08928571428571,6.84869387755102,6.5107296313364,81
"77",2008,4,7,13,7.1,6.66666666666667,8,7,7,10,3,1,4,9,692,513,179,29,249,443,6.6395760982659,6.93153996101365,5.8028305027933,6.1551724137931,6.85112449799197,6.52066966139955,82
"78",2008,5,6.88888888888889,9,7.14285714285714,6,6,7.16666666666667,6.33333333333333,7,2,2,6,3,701,520,181,31,255,446,6.64277697574893,6.93438461538462,5.80500917127072,6.14516129032258,6.85854901960784,6.51940955156951,83
"79",2008,6,6.8875,8,7.6,5.7,NA,7.25,6.525,5,3,0,4,4,709,525,184,31,259,450,6.64553830747532,6.94072380952381,5.80329706521739,6.14516129032258,6.8645945945946,6.51945924444444,84
"80",2008,7,6.78125,16,6.875,6.5,4,8,6.22727272727273,12,4,1,5,11,725,537,188,32,264,461,6.64853332413793,6.93925512104283,5.81812053191489,6.078125,6.88609848484849,6.5124873318872,85
"81",2008,8,6.5,23,6.9375,5.5,5.625,7,6.36111111111111,16,7,4,5,18,748,553,195,36,269,479,6.64396612299465,6.93920433996383,5.80670082051282,6.02777777777778,6.8882156133829,6.50679887265136,86
"82",2008,9,6.29230769230769,13,6.43,5.83333333333333,4.75,6.06,6.4375,10,3,2,5,8,761,563,198,38,274,487,6.6379588173456,6.93015985790409,5.80710434343434,5.96052631578947,6.87310218978102,6.50566049281314,87
"83",2008,10,6.61333333333333,15,6.51666666666667,7,7.5,7.5,6.47692307692308,12,3,2,2,13,776,575,201,40,276,500,6.63748280927835,6.92153043478261,5.8249087562189,6.0375,6.87764492753623,6.50491332,88
"84",2008,11,7.03333333333333,15,7.3125,6.71428571428571,5,NA,7.03333333333333,8,7,2,0,15,791,583,208,42,276,515,6.64498945638432,6.92689536878216,5.85483971153846,5.98809523809524,6.87764492753623,6.52030419417476,89
"85",2008,12,6.5,22,6.625,6.35,5.83333333333333,6.33333333333333,6.5625,12,10,3,6,16,813,595,218,45,282,531,6.64106600246002,6.92080672268908,5.87755348623853,5.97777777777778,6.86606382978723,6.52157563088512,90
"86",2009,1,6.47428571428571,35,6.884,5.45,5.9,6.15,6.64347826086957,25,10,7,12,23,848,620,228,52,294,554,6.63418238207547,6.91932258064516,5.85880114035088,5.96730769230769,6.83683673469388,6.52663657039711,91
"87",2009,2,6.71052631578947,19,7.1,6.27777777777778,6.5,7.85714285714286,6.04166666666667,10,9,5,7,12,867,630,237,57,301,566,6.63585543252595,6.92219047619048,5.87471164556962,6.0140350877193,6.86056478405316,6.5163545229682,92
"88",2009,3,6.65384615384615,26,6.80769230769231,6.5,6.5,6.5,6.69047619047619,13,13,3,5,21,893,643,250,60,306,587,6.63637923852184,6.91987558320373,5.90722664,6.03833333333333,6.85467320261438,6.52258374787053,93
"89",2009,4,6.69333333333333,30,7.13333333333333,6.25333333333333,6.5,6.54285714285714,6.73913043478261,15,15,3,7,23,923,658,265,63,313,610,6.63823040086674,6.92474164133739,5.92681758490566,6.06031746031746,6.84769968051118,6.53074862295082,94
"90",2009,5,6.71875,16,6.875,6.25,5,6.375,6.83333333333333,12,4,1,4,12,939,670,269,64,317,622,6.63960240681576,6.92385074626866,5.93162327137546,6.04375,6.84173501577287,6.53658627009646,95
"91",2009,6,6.91111111111111,18,7.56666666666667,6.58333333333333,7.18,6.9,6.91538461538462,6,12,5,5,13,957,676,281,69,322,635,6.64470915360502,6.92955621301775,5.95945430604982,6.12608695652174,6.8426397515528,6.54434119685039,96
"92",2009,7,6.1,19,6.71,5.42222222222222,5.36,6,6.11875,10,9,5,3,16,976,686,290,74,325,651,6.63410518442623,6.9263556851312,5.9427815862069,6.07432432432432,6.83486153846154,6.53388119815668,97
"93",2009,8,6.84375,16,6.72222222222222,7,6,7.125,6.75,9,7,2,4,12,992,695,297,76,329,663,6.63748655241935,6.92371223021583,5.96769919191919,6.07236842105263,6.83838905775076,6.53779285067873,98
"94",2009,9,6.45454545454545,11,6,6.71428571428571,7,NA,6.45454545454545,4,7,3,0,11,1003,699,304,79,329,674,6.63548021934197,6.91842632331903,5.98489032894737,6.10759493670886,6.83838905775076,6.53643421364985,99
"95",2009,10,6.66666666666667,15,6.75,6.5,8,6.66666666666667,6.66666666666667,10,5,1,3,12,1018,709,309,80,332,686,6.63593974459725,6.91605077574048,5.9932254368932,6.13125,6.83683734939759,6.53871233236151,100
"96",2009,11,6.11458333333333,24,6.63636363636364,5.67307692307692,5.625,5.8,6.19736842105263,11,13,6,5,19,1042,720,322,86,337,705,6.62393153550864,6.91177777777778,5.9803001863354,6.09593023255814,6.82145400593472,6.5295129929078,101
"97",2009,12,6.29047619047619,21,6.29285714285714,6.28571428571429,6.5,7,6.255,14,7,2,1,20,1063,734,329,88,338,725,6.6173439887112,6.8999727520436,5.98679835866261,6.10511363636364,6.82198224852071,6.52194022068965,102
"98",2010,1,6.37777777777778,18,6.48461538461538,6.1,5,6,6.48571428571429,13,5,1,4,14,1081,747,334,89,342,739,6.61335491211841,6.89274431057564,5.98849299401197,6.09269662921348,6.81236842105263,6.52125393775372,103
"99",2010,2,6.75,12,6.9,6.64285714285714,7.16666666666667,9,6.54545454545455,5,7,3,1,11,1093,752,341,92,343,750,6.6148551326624,6.89279255319149,6.00192568914956,6.12771739130435,6.81874635568513,6.52160888,104
"100",2010,3,5.8,5,6.66666666666667,4.5,7,NA,5.8,3,2,1,0,5,1098,755,343,93,343,755,6.61114449908925,6.8918940397351,5.99316810495627,6.13709677419355,6.81874635568513,6.51683001324503,105
"101",2010,4,6.94444444444444,9,6.3,7.75,NA,5,7.1875,5,4,0,1,8,1107,760,347,93,344,763,6.61385425474255,6.888,6.01341976945245,6.13709677419355,6.81345930232558,6.52386193971166,106
"102",2010,5,6.55,10,7.07142857142857,5.33333333333333,NA,7.5,6.3125,7,3,0,2,8,1117,767,350,93,346,771,6.61328259623993,6.8896740547588,6.00759045714286,6.13709677419355,6.81742774566474,6.52166881971466,107
"103",2010,6,7.08333333333333,12,8.07142857142857,5.7,6,6.9,7.21428571428571,7,5,2,5,7,1129,774,355,95,351,778,6.6182787068202,6.90036175710594,6.0032581971831,6.13421052631579,6.81860398860399,6.52790059125964,108
"104",2010,7,5.64285714285714,14,5.9,5,3.5,7.25,5,10,4,2,4,10,1143,784,359,97,355,788,6.60633128608924,6.88760204081633,5.99207983286908,6.07989690721649,6.8234647887324,6.50851098984772,109
"105",2010,8,5.58333333333333,12,6.5,3.75,5,5,6.16666666666667,8,4,1,6,6,1155,792,363,98,361,794,6.59570273593074,6.88368686868687,5.96737371900826,6.06887755102041,6.79315789473684,6.50592778337531,110
"106",2010,9,6.98571428571429,14,8,5.63333333333333,7,6.25,7.28,8,6,1,4,10,1169,800,369,99,365,804,6.60037353293413,6.89485,5.96194216802168,6.07828282828283,6.78720547945206,6.51555554726368,111
"107",2010,10,7.6375,8,7.45,7.825,7.1,6.65,7.96666666666667,4,4,3,2,6,1177,804,373,102,367,810,6.60742282073067,6.89761194029851,5.98192134048257,6.10833333333333,6.78645776566758,6.52630451851852,112
"108",2010,11,6.925,16,7.15,6.25,NA,6.71,7.02272727272727,12,4,0,5,11,1193,816,377,102,372,821,6.61168202849958,6.90132352941177,5.98476567639257,6.10833333333333,6.78543010752688,6.53295573690621,113
"109",2010,12,6.71428571428571,14,6.71428571428571,6.71428571428571,7,6.75,6.7,7,7,3,4,10,1207,823,384,105,376,831,6.61287212924606,6.89973268529769,5.99806421875,6.13380952380952,6.78505319148936,6.53496589651023,114
"110",2011,1,6.65789473684211,19,6.81818181818182,6.4375,6.83333333333333,6,6.73529411764706,11,8,3,2,17,1226,834,392,108,378,848,6.61356986949429,6.89865707434053,6.00703229591837,6.15324074074074,6.78089947089947,6.53898191037736,115
"111",2011,2,6.58823529411765,17,6.85,6.21428571428571,6.5,7.5,6.39285714285714,10,7,5,3,14,1243,844,399,113,381,862,6.61322337892196,6.89808056872038,6.01066832080201,6.16858407079646,6.78656167979003,6.53660865429234,116
"112",2011,3,7.26923076923077,13,7.125,9,9,7.83333333333333,7.1,12,1,1,3,10,1256,856,400,114,384,872,6.62001326433121,6.90126168224299,6.01814165,6.19342105263158,6.79473958333334,6.54306956422018,117
"113",2011,4,7.53333333333333,9,8,6.95,8,6.66666666666667,7.96666666666667,5,4,1,3,6,1265,861,404,115,387,878,6.62651119367589,6.90764227642277,6.02736797029703,6.20913043478261,6.79374677002584,6.55279801822324,118
"114",2011,5,6.53333333333333,15,6.7,6.075,NA,7,6.46153846153846,11,4,0,2,13,1280,872,408,115,389,891,6.625419265625,6.90502293577982,6.02783495098039,6.20913043478261,6.79480719794345,6.55146650953984,119
"115",2011,6,7.16666666666667,12,7.57142857142857,6.6,6,7,7.18181818181818,7,5,1,1,11,1292,879,413,116,390,902,6.63044633126935,6.91032992036405,6.03476188861986,6.2073275862069,6.79533333333334,6.55915372505543,120
"116",2011,7,6.60833333333333,12,6.9125,6,6,6.25,6.7875,8,4,2,4,8,1304,887,417,118,394,910,6.63024283742331,6.91034949267193,6.034428441247,6.20381355932203,6.78979695431472,6.56116116483517,121
"117",2011,8,6.83125,16,6.36666666666667,7.11,6.75,6,7.02307692307692,6,10,4,3,13,1320,893,427,122,397,923,6.63267928787879,6.90669652855543,6.059617470726,6.22172131147541,6.78382871536524,6.56766702058505,122
"118",2011,9,6.68571428571429,7,7.96,3.5,4,8,6.16,5,2,1,2,5,1327,898,429,123,399,928,6.63295905048983,6.91256124721604,6.04768452214452,6.20365853658537,6.78992481203008,6.5654705387931,123
"119",2011,10,6.60526315789474,19,6.61538461538461,6.58333333333333,6.5,7.5,6.4375,13,6,2,3,16,1346,911,435,125,402,944,6.63256809806835,6.90832052689353,6.0550727816092,6.2084,6.79522388059702,6.56330154661017,124
"120",2011,11,6.90833333333333,12,7.1875,6.35,NA,8,6.69,8,4,0,2,10,1358,919,439,125,404,954,6.63500490427098,6.91075081610446,6.05776004555809,6.2084,6.80118811881188,6.56462962264151,125
"121",2011,12,6.7,15,6.625,7,7.5,7.2,6.45,12,3,2,5,10,1373,931,442,127,409,964,6.63571497450837,6.90706766917293,6.06415533936652,6.22874015748031,6.80606356968215,6.5634405186722,126
"122",2012,1,7.11904761904762,21,6.88461538461539,7.5,7.5,7.625,7,13,8,2,4,17,1394,944,450,129,413,981,6.64299616929699,6.90675847457627,6.08968146666667,6.2484496124031,6.81399515738499,6.57100576962283,127
"123",2012,2,7,9,8,5.75,6.5,7.125,6.9,5,4,2,4,5,1403,949,454,131,417,986,6.64528628652887,6.91251844046365,6.0866886784141,6.25229007633588,6.81697841726619,6.57267409736308,128
"124",2012,3,6.1,11,5.975,6.17142857142857,5.33333333333333,6.3,6.025,4,7,3,3,8,1414,953,461,134,420,994,6.64104431400283,6.9085834207765,6.08797540130152,6.23171641791045,6.81328571428572,6.56826625754527,129
"125",2012,4,6.13,10,6.18571428571429,6,6,5,6.25555555555556,7,3,2,1,9,1424,960,464,136,421,1003,6.63745551966292,6.9033125,6.08740659482759,6.22830882352941,6.80897862232779,6.56546027916251,130
"126",2012,5,6.92307692307692,13,8,5.66666666666667,6,5.5,7.18181818181818,7,6,2,2,11,1437,967,470,138,423,1014,6.64003942936673,6.91125129265771,6.08203544680851,6.225,6.80278959810875,6.57214660749507,131
"127",2012,6,6.34666666666667,15,6.92857142857143,5.8375,6.175,5.66666666666667,6.51666666666667,7,8,4,3,12,1452,974,478,142,426,1026,6.63700871900826,6.91137577002053,6.07794280334728,6.22359154929577,6.79478873239437,6.57149771929825,132
"128",2012,7,7.19363636363636,11,7.6875,5.87666666666667,5.5,6.33333333333333,7.51625,8,3,2,3,8,1463,982,481,144,429,1034,6.64119388926862,6.91769857433809,6.07668744282744,6.21354166666667,6.79156177156177,6.57880721470019,133
"129",2012,8,6.55,8,6.4,6.8,6.7,5.5,6.9,5,3,2,2,6,1471,987,484,146,431,1040,6.64069793337865,6.91507598784195,6.08117078512397,6.22020547945205,6.78556844547564,6.58066025,134
"130",2012,9,6.125,8,6.83333333333333,5.7,5,5.83333333333333,6.3,3,5,2,3,5,1479,990,489,148,434,1045,6.63790849222447,6.91482828282828,6.07727333333333,6.20371621621622,6.77898617511521,6.57931737799043,135
"131",2012,10,6.8125,8,7.625,6,5.5,6.75,6.83333333333333,4,4,2,2,6,1487,994,493,150,436,1051,6.63884778749159,6.9176861167002,6.07664636916836,6.19433333333333,6.77885321100918,6.58076751665081,136
"132",2012,11,6.03571428571429,14,6.78571428571429,5.28571428571429,NA,5.5,6.125,7,7,0,2,12,1501,1001,500,150,438,1063,6.63322229180546,6.91676323676324,6.06557332,6.19433333333333,6.77301369863014,6.57562244590781,137
"133",2012,12,6.05,16,6.21428571428571,5.92222222222222,6.2,6.125,5.975,7,9,5,8,8,1517,1008,509,155,446,1071,6.6270709690178,6.91188492063492,6.06303862475442,6.19451612903226,6.76139013452915,6.57113600373483,138
"134",2013,1,6.11818181818182,11,7.16,5.25,7.125,5.66666666666667,6.2875,5,6,4,3,8,1528,1013,515,159,449,1079,6.6234075,6.91310957551826,6.05356633009709,6.21792452830189,6.75407572383074,6.56903304911956,139
"135",2013,2,6.13333333333333,12,6.41666666666667,5.85,NA,5.7,6.27777777777778,6,6,0,3,9,1540,1019,521,159,452,1088,6.61958874025974,6.91018645731109,6.05122199616123,6.21792452830189,6.7470796460177,6.56662376838235,140
"136",2013,3,6.96875,16,7.5,5.8,5,6.66666666666667,7.03846153846154,11,5,1,3,13,1556,1030,526,160,455,1101,6.6231790874036,6.9164854368932,6.04883395437262,6.2103125,6.74654945054945,6.57219496821072,141
"137",2013,4,6.31818181818182,11,6.6875,5.33333333333333,5.5,6.5,6.27777777777778,8,3,2,2,9,1567,1038,529,162,457,1110,6.62103807275048,6.91472061657033,6.04477629489603,6.20154320987654,6.7454704595186,6.5698078018018,142
"138",2013,5,7.625,12,7.8,6.75,6,6.66666666666667,7.94444444444444,10,2,1,3,9,1579,1048,531,163,460,1119,6.62866792906903,6.9231679389313,6.0474325047081,6.20030674846626,6.74495652173913,6.58086386058981,143
"139",2013,6,6.55555555555556,9,7,5,NA,7,6.42857142857143,7,2,0,2,7,1588,1055,533,163,462,1126,6.62825356423174,6.92367772511848,6.04350217636023,6.20030674846626,6.74606060606061,6.57991710479574,144
"140",2013,7,6.68181818181818,11,6.8125,6.33333333333333,6,6.5,6.78571428571429,8,3,1,4,7,1599,1063,536,164,466,1133,6.62862205128205,6.92284101599248,6.04512436567164,6.19908536585366,6.74394849785408,6.58118857899382,145
"141",2013,8,6.27777777777778,9,7,5.7,2,4.5,6.78571428571429,4,5,1,2,7,1608,1067,541,165,468,1140,6.62665837064676,6.92313027179007,6.04193467652495,6.17363636363636,6.73435897435898,6.58244443859649,146
"142",2013,9,6.59090909090909,11,6.16666666666667,7.1,5,9.5,6.3,6,5,1,1,10,1619,1073,546,166,469,1150,6.62641547869055,6.91890027958994,6.05162391941392,6.16656626506024,6.74025586353945,6.5799884,147
"143",2013,10,6.42857142857143,7,6.8,5.5,6,7,6,5,2,1,3,4,1626,1078,548,167,472,1154,6.62556375153751,6.91834879406308,6.04961069343066,6.16556886227545,6.74190677966102,6.57797804159445,148
"144",2013,11,6.34285714285714,14,6.8,4.66666666666667,6,7.16,5.88888888888889,11,3,1,5,9,1640,1089,551,168,477,1163,6.62315040243902,6.91715335169881,6.04208105263158,6.16458333333333,6.7462893081761,6.57264545141874,149
"145",2013,12,6.5,8,6.25,7.25,8.5,6.25,6.58333333333333,6,2,1,2,6,1648,1095,553,169,479,1169,6.62255258495145,6.91349771689498,6.04644965641953,6.17840236686391,6.74421711899791,6.57270030795552,150
"146",2014,1,6.57857142857143,21,6.67272727272727,6.475,6.6875,6.05,6.74375,11,10,4,5,16,1669,1106,563,173,484,1185,6.62199919712402,6.91110307414105,6.05406156305506,6.19017341040462,6.73704545454546,6.57500983966245,151
"147",2014,2,6.13846153846154,13,6.82857142857143,5.33333333333333,5.83333333333333,7.25,5.64444444444444,7,6,3,4,9,1682,1113,569,176,488,1194,6.61826198573127,6.91058400718778,6.04646161687171,6.18409090909091,6.74125,6.56799552763819,152
"148",2014,3,7.11111111111111,9,8,5.33333333333333,3,10,6.75,6,3,1,1,8,1691,1119,572,177,489,1202,6.62088507392075,6.9164253798034,6.04272143356643,6.16610169491525,6.74791411042945,6.5692068718802,153
"149",2014,4,7.125,8,7.42857142857143,5,6,7.66666666666667,6.8,7,1,2,3,5,1699,1126,573,179,492,1207,6.62325877575044,6.91960923623446,6.04090167539267,6.16424581005587,6.7535162601626,6.57016293289147,154
"150",2014,5,7.61111111111111,9,7.61111111111111,NA,NA,6.5,7.92857142857143,9,0,0,2,7,1708,1135,573,179,494,1214,6.62846408665105,6.92509251101322,6.04090167539267,6.16424581005587,6.75248987854251,6.57799560131796,155
"151",2014,6,6.5375,8,7.575,5.5,6,7,6.075,4,4,1,4,4,1716,1139,577,180,498,1218,6.62804001165501,6.92737489025461,6.0371519237435,6.16333333333333,6.75447791164659,6.576343727422,156
"152",2014,7,6.83333333333333,12,7.33333333333333,6.33333333333333,4.5,6,7,6,6,2,2,10,1728,1145,583,182,500,1228,6.62946565972222,6.92950218340612,6.04020010291595,6.14505494505495,6.75146,6.5797936970684,157
"153",2014,8,6.64,10,7.28,6,6.5,7,6.28,5,5,1,5,5,1738,1150,588,183,505,1233,6.62952627157652,6.93102608695652,6.03985826530612,6.14699453551913,6.75392079207921,6.57857798864558,158
"154",2014,9,6.7,9,7.04285714285714,5.5,5.5,7.66666666666667,6.21666666666667,7,2,2,3,6,1747,1157,590,185,508,1239,6.62988933028048,6.93170267934313,6.03802823728814,6.14,6.75931102362205,6.57682539144471,159
"155",2014,10,6.5875,16,6.875,5.725,5.5,6.66666666666667,6.56923076923077,12,4,2,3,13,1763,1169,594,187,511,1252,6.62950462847419,6.93112061591104,6.0359203030303,6.1331550802139,6.75876712328767,6.57674653354633,160
"156",2014,11,6.41538461538462,13,6.86363636363636,3.95,NA,5.63333333333333,6.65,11,2,0,3,10,1776,1180,596,187,514,1262,6.62793730855855,6.93049152542373,6.0289205704698,6.1331550802139,6.75219844357977,6.5773269889065,161
"157",2014,12,7.29285714285714,14,7.71818181818182,5.73333333333333,5.73333333333333,7.8,7.09,11,3,3,4,10,1790,1191,599,190,518,1272,6.63313779888268,6.93776658270361,6.02744016694491,6.12684210526316,6.76028957528958,6.58135743710692,162
"158",2015,1,6.634,15,6.65,6.602,7.25,7.00333333333333,6.54166666666667,10,5,2,3,12,1805,1201,604,192,521,1284,6.63314496398892,6.93537052456287,6.03219645695364,6.13854166666667,6.76168905950096,6.5809864953271,163
"159",2015,2,7.20769230769231,13,7.39166666666667,5,NA,8.925,6.44444444444444,12,1,0,4,9,1818,1213,605,192,525,1293,6.63725338833883,6.93988458367684,6.03049034710744,6.13854166666667,6.77817142857143,6.58003608662026,164
"160",2015,3,6.75,6,6.9,6,NA,NA,6.75,5,1,0,0,6,1824,1218,606,192,525,1299,6.63762426535087,6.93972085385879,6.0304400330033,6.13854166666667,6.77817142857143,6.58082113933795,165
"161",2015,4,6.62,10,6.65,6.575,3,6.15,6.7375,6,4,1,2,8,1834,1224,610,193,527,1307,6.63752816793893,6.93830065359477,6.03401091803279,6.12227979274611,6.77578747628084,6.58178015302219,166
"162",2015,5,7.25,10,7.92857142857143,5.66666666666667,7,6,7.38888888888889,7,3,2,1,9,1844,1231,613,195,528,1316,6.64084959869848,6.94393176279448,6.03221314845025,6.13128205128205,6.77431818181818,6.58729989361702,167
"163",2015,6,5.94,10,6.48571428571429,4.66666666666667,NA,5,6.04444444444444,7,3,0,1,9,1854,1238,616,195,529,1325,6.63706939590075,6.9413408723748,6.02556275974026,6.13128205128205,6.77096408317581,6.5836125735849,168
"164",2015,7,6.31666666666667,6,6.6,5.75,6.5,6,6.38,4,2,1,1,5,1860,1242,618,196,530,1330,6.63603583870967,6.94024154589372,6.02467097087379,6.13316326530612,6.76950943396227,6.58284711278195,169
"165",2015,8,6.03846153846154,13,6.1,5.83333333333333,4,5.8,6.1875,10,3,1,5,8,1873,1252,621,197,535,1338,6.63188823278163,6.9335303514377,6.02374663446055,6.12233502538071,6.76044859813084,6.58048330343797,170
"166",2015,9,6.75,16,7.2,6,6,6.5,6.78571428571429,10,6,4,2,14,1889,1262,627,201,537,1352,6.6328886500794,6.93564183835182,6.02351939393939,6.11990049751244,6.75947858472998,6.58260847633136,171
"167",2015,10,7.31111111111111,9,7.3375,7.1,10,7.16666666666667,7.38333333333333,8,1,1,3,6,1898,1270,628,202,540,1358,6.63610466807165,6.93817322834646,6.02523353503185,6.13910891089109,6.76174074074074,6.58614628865979,172
"168",2015,11,6.05,10,6.05,6.05,NA,6.2,6.0125,8,2,0,2,8,1908,1278,630,202,542,1366,6.63303284067085,6.93261345852895,6.02531215873016,6.13910891089109,6.75966789667897,6.58278672035139,173
"169",2015,12,6.46818181818182,11,6.69166666666667,6.2,5,5.58333333333333,6.8,6,5,2,3,8,1919,1284,635,204,545,1374,6.63208788952579,6.93148753894081,6.02668765354331,6.12794117647059,6.75319266055046,6.58405142649199,174
"170",2016,1,6.7952380952381,21,6.98,6.33333333333333,5.5,6.91666666666667,6.74666666666667,15,6,2,6,15,1940,1299,641,206,551,1389,6.6338539484536,6.93204772902233,6.02955797191888,6.12184466019418,6.75497277676951,6.58580753059755,175
"171",2016,2,7.21428571428571,14,7,8.5,10,9.5,6.83333333333333,12,2,1,2,12,1954,1311,643,207,553,1401,6.63801262026612,6.9326697177727,6.03724208398134,6.14057971014493,6.76490054249548,6.58792766595289,176
"172",2016,3,7.15,10,7.35714285714286,6.66666666666667,6,7,7.1875,7,3,1,2,8,1964,1318,646,208,555,1409,6.64061948065173,6.93492412746586,6.04016510835914,6.13990384615385,6.76574774774775,6.59133190915543,177
"173",2016,4,6.90909090909091,11,6.75,7.33333333333333,6,8,6.66666666666667,8,3,1,2,9,1975,1326,649,209,557,1418,6.64211476455696,6.93380844645551,6.04614277349769,6.13923444976077,6.77017953321365,6.59181005641749,178
"174",2016,5,6.08,10,6.54285714285714,5,NA,5,6.2,7,3,0,1,9,1985,1333,652,209,558,1427,6.63928295214105,6.93175543885972,6.04132923312884,6.13923444976077,6.76700716845878,6.58933893482831,179
"175",2016,6,6.90909090909091,11,6.875,7,NA,7,6.9,8,3,0,1,10,1996,1341,655,209,559,1437,6.64076986973947,6.93141685309471,6.04572009160306,6.13923444976077,6.76742397137746,6.5915008072373,180
"176",2016,7,6.26923076923077,13,6.75,5.5,NA,7,6.13636363636364,8,5,0,2,11,2009,1349,660,209,561,1448,6.6383656844201,6.93034099332839,6.04158584848485,6.13923444976077,6.76825311942959,6.58804327348066,181
"177",2016,8,6.6375,24,7.03125,5.85,5.66666666666667,8,6.27894736842105,16,8,3,5,19,2033,1365,668,212,566,1467,6.63835546483029,6.93152380952381,6.03929140718563,6.13254716981132,6.77913427561838,6.58403998636673,182
"178",2016,9,6.07142857142857,14,6.22222222222222,5.8,6,6.6,5.77777777777778,9,5,1,5,9,2047,1374,673,213,571,1476,6.63447809477283,6.92687772925764,6.03751361069837,6.13192488262911,6.77756567425569,6.57912375338753,183
"179",2016,10,7.375,12,7.13636363636364,10,NA,8,7.0625,11,1,0,4,8,2059,1385,674,213,575,1484,6.63879390966488,6.92854151624549,6.04339267062315,6.13192488262911,6.78606956521739,6.58172955525606,184
"180",2016,11,6.75,10,7.33333333333333,5.875,NA,5.5,6.88888888888889,6,4,0,1,9,2069,1391,678,213,576,1493,6.63933139681005,6.93028756290439,6.04239920353983,6.13192488262911,6.78383680555556,6.58358115204286,185
"181",2016,12,6.1,15,6.09090909090909,6.125,NA,7,5.96153846153846,11,4,0,2,13,2084,1402,682,213,578,1506,6.63544945297504,6.92370185449358,6.04288366568915,6.13192488262911,6.78458477508651,6.5782115936255,186
"182",2017,1,6.22727272727273,22,6.23333333333333,6.21428571428571,5.75,4,6.45,15,7,2,2,20,2106,1417,689,215,580,1526,6.63118549857549,6.91639378969654,6.04462505079826,6.12837209302326,6.77498275862069,6.57653123197903,187
"183",2017,2,6.53125,16,6.5,6.66666666666667,7,8,6.04166666666667,13,3,1,4,12,2122,1430,692,216,584,1538,6.63043197926484,6.91260839160839,6.04732176300578,6.13240740740741,6.78337328767124,6.57235803641092,188
"184",2017,3,5.96727272727273,11,6.164,4,4,5.5,6.07111111111111,10,1,1,2,9,2133,1440,693,217,586,1547,6.62701203000468,6.90740972222222,6.04436747474748,6.12258064516129,6.77899317406144,6.56944192630898,189
"185",2017,4,6.39285714285714,14,6.83333333333333,6.0625,6,5.66666666666667,6.59090909090909,6,8,1,3,11,2147,1446,701,218,589,1558,6.62548517000465,6.90710235131397,6.04457440798859,6.12201834862385,6.77332767402377,6.56959349165597,190
"186",2017,5,6.77142857142857,14,6.88888888888889,6.56,5.5,NA,6.77142857142857,9,5,2,0,14,2161,1455,706,220,589,1572,6.62643066173068,6.90698969072165,6.04822473087819,6.11636363636364,6.77332767402377,6.57139100508906,191
"187",2017,6,6.83333333333333,6,6.83333333333333,NA,8,8,6.6,6,0,1,1,5,2167,1461,706,221,590,1577,6.62700353484079,6.90668720054757,6.04822473087819,6.12488687782805,6.77540677966102,6.5714817121116,192
"188",2017,7,7.27777777777778,9,7.35714285714286,7,7,NA,7.27777777777778,7,2,1,0,9,2176,1468,708,222,590,1586,6.62969515625,6.90883514986376,6.05091336158192,6.12882882882883,6.77540677966102,6.57548969735183,193
"189",2017,8,6.58333333333333,12,7.33333333333333,5.83333333333333,5,4,6.81818181818182,6,6,2,1,11,2188,1474,714,224,591,1597,6.62944088665447,6.9105630936228,6.0490849579832,6.11875,6.77071065989848,6.57716134001252,194
"190",2017,9,6.75,12,6.94444444444444,6.16666666666667,NA,5.33333333333333,7.22222222222222,9,3,0,3,9,2200,1483,717,224,594,1606,6.63009848181818,6.91076871207013,6.0495769316597,6.11875,6.76345117845118,6.58077625155666,195
"191",2017,10,5.58333333333333,6,5,6.16666666666667,NA,6.5,5.125,3,3,0,2,4,2206,1486,720,224,596,1610,6.62725143245693,6.90691117092867,6.05006480555556,6.11875,6.76256711409396,6.57715941614907,196
"192",2017,11,6.53333333333333,15,6.41666666666667,7,8,6,6.66666666666667,12,3,1,3,12,2221,1498,723,225,599,1622,6.62661713642503,6.90298397863819,6.05400644536653,6.12711111111111,6.75874791318865,6.57782161528976,197
"193",2017,12,6.95454545454545,11,6.875,7.16666666666667,7.5,6.9,7,8,3,3,5,6,2232,1506,726,228,604,1628,6.62823327060931,6.90283532536521,6.05860421487604,6.14517543859649,6.75991721854305,6.57937755528255,198
"194",2018,1,6.62608695652174,23,7.12666666666667,5.6875,5.16666666666667,6.3,6.675,15,8,3,3,20,2255,1521,734,231,607,1648,6.62821137915742,6.90504273504274,6.05455948228883,6.13246753246753,6.75764415156508,6.58053802184466,199
"195",2018,2,7.33333333333333,6,8.66666666666667,6,5,NA,7.33333333333333,3,3,1,0,6,2261,1524,737,232,607,1654,6.63008255639097,6.90851049868767,6.05433739484397,6.12758620689655,6.75764415156508,6.58326883917775,200
"196",2018,3,6.25,8,6.4,6,NA,8,5.66666666666667,5,3,0,2,6,2269,1529,740,232,609,1660,6.62874246804759,6.90684761281884,6.05411710810811,6.12758620689655,6.76172413793104,6.57995581927711,201
"197",2018,4,6.00833333333333,12,6.12222222222222,5.66666666666667,6,6,6.00909090909091,9,3,1,1,11,2281,1538,743,233,610,1671,6.62547858833844,6.90225617685306,6.05255270524899,6.12703862660944,6.76047540983607,6.57619788150808,202
"198",2018,5,6.58333333333333,12,6.71428571428571,6.4,6,5.5,6.8,7,5,1,2,10,2293,1545,748,234,612,1681,6.62525802878325,6.90140453074434,6.05487521390375,6.12649572649573,6.75635620915033,6.57752924449732,203
"199",2018,6,6.6,10,7,6.33333333333333,6,10,6.22222222222222,4,6,2,1,9,2303,1549,754,236,613,1690,6.62514835432045,6.90165913492576,6.05709106100796,6.12542372881356,6.76164763458401,6.57563707692307,204
"200",2018,7,7,14,7.2,6.5,7,7,7,10,4,2,1,13,2317,1559,758,238,614,1703,6.62741331894691,6.9035728030789,6.05942831134565,6.1327731092437,6.76203583061889,6.57887648854962,205
"201",2018,8,7,15,7.22222222222222,6.66666666666667,7,7.33333333333333,6.91666666666667,9,6,1,3,12,2332,1568,764,239,617,1715,6.62980988850771,6.90540178571429,6.06419719895288,6.13640167364017,6.76481361426256,6.58124003498542,206
"202",2018,9,6.68181818181818,11,6.85,5,NA,7.5,6.5,10,1,0,2,9,2343,1578,765,239,619,1724,6.63005405889884,6.90505069708492,6.06280609150327,6.13640167364017,6.76718901453958,6.58081592807424,207
"203",2018,10,6.72,12,7.455,5.25,5,8.64,6.54545454545455,8,4,1,1,11,2355,1586,769,240,620,1735,6.6305123821656,6.90782471626734,6.05857823146944,6.13166666666667,6.77020967741936,6.58059173487031,208
"204",2018,11,6.7,15,6.55555555555556,6.91666666666667,6.83333333333333,6.75,6.69230769230769,9,6,3,2,13,2370,1595,775,243,622,1748,6.63095217721518,6.90583699059561,6.0652214967742,6.140329218107,6.77014469453376,6.58142257437071,209
"205",2018,12,6.09090909090909,11,5.875,6.66666666666667,6,7,6,8,3,1,1,10,2381,1603,778,244,623,1758,6.62845722805543,6.90069245165315,6.06754069408741,6.13975409836066,6.77051364365971,6.57811527872582,210
"206",2019,1,7.44444444444444,9,7.57142857142857,7,6,8,7.375,7,2,1,1,8,2390,1610,780,245,624,1766,6.63152998326359,6.90360869565218,6.06993161538462,6.13918367346939,6.77248397435898,6.58172517553794,211
"207",2019,2,7.12375,8,7.14142857142857,7,NA,5.99666666666667,7.8,7,1,0,3,5,2398,1617,781,245,627,1771,6.63317208507089,6.90463821892393,6.07112248399488,6.13918367346939,6.76877192982456,6.58516468661773,212
"208",2019,3,7.10909090909091,11,7.10909090909091,NA,NA,NA,7.10909090909091,11,0,0,0,11,2409,1628,781,245,627,1782,6.63534523038605,6.90601965601966,6.07112248399488,6.13918367346939,6.76877192982456,6.58839879910213,213
"209",2019,4,6.8,10,7.16666666666667,6.25,5.33333333333333,8,6.28571428571429,6,4,3,3,7,2419,1634,785,248,630,1789,6.63602590326581,6.90697674418605,6.07203396178344,6.12943548387097,6.77463492063492,6.58721445500279,214
"210",2019,5,7,6,8,6.5,7,7.25,6.5,2,4,1,4,2,2425,1636,789,249,634,1791,6.63692645773195,6.90831295843521,6.07420362484157,6.13293172690763,6.77763406940063,6.58711706309324,215
"211",2019,6,6.75,8,7.5,6,6.5,7,6.66666666666667,4,4,2,2,6,2433,1640,793,251,636,1797,6.63729825729551,6.90975609756098,6.07382933165196,6.13585657370518,6.77833333333334,6.58738267111853,216
"212",2019,7,7.57142857142857,7,7.83333333333333,6,NA,9.5,6.8,6,1,0,2,5,2440,1646,794,251,638,1802,6.63997813934426,6.9131227217497,6.07373634760706,6.13585657370518,6.78686520376176,6.58797261931187,217
"213",2019,8,6.10588235294118,17,6.275,5.7,5.625,5.8,6.27272727272727,12,5,4,6,11,2457,1658,799,255,644,1813,6.63628272690272,6.90850422195416,6.07139757196496,6.1278431372549,6.77767080745342,6.58605993381136,218
"214",2019,9,6.61538461538461,13,6.68181818181818,6.25,6.25,5,7.1,11,2,2,3,10,2470,1669,801,257,647,1823,6.6361727368421,6.90701018573996,6.07184352059925,6.12879377431907,6.76942812982999,6.58887913329676,219
"215",2019,10,6.90909090909091,11,7.11111111111111,6,5,7,6.9,9,2,1,1,10,2481,1678,803,258,648,1833,6.63738277307537,6.90810488676996,6.07166458281445,6.12441860465116,6.76978395061729,6.59057646481178,220
"216",2019,11,7.06666666666667,15,7.6,6,NA,6.25,7.36363636363636,10,5,0,4,11,2496,1688,808,258,652,1844,6.63996260416666,6.91220379146919,6.07122111386139,6.12441860465116,6.76659509202454,6.59518799349241,221
"217",2019,12,6.66295866666667,15,7.21604222222222,5.83333333333333,7,8,6.56745571428571,9,6,1,1,14,2511,1697,814,259,653,1858,6.64009997610513,6.91381519151444,6.06946764127764,6.12779922779923,6.76848392036754,6.59497903121636,222
"218",2020,1,6.44736842105263,19,6.60714285714286,6,6,5.66666666666667,6.59375,14,5,4,3,16,2530,1711,819,263,656,1874,6.63865258498023,6.91130589129164,6.06904354090354,6.12585551330799,6.76344512195122,6.59496853788687,223
"219",2020,2,6.18181818181818,11,6.25,6,6,6.33333333333333,6.125,8,3,1,3,8,2541,1719,822,264,659,1882,6.63667494687131,6.90822826061664,6.06879155717762,6.12537878787879,6.7614871016692,6.59297079702444,224
"220",2020,3,7.2175,12,7.361,6.5,7,8.5,6.79,10,2,1,3,9,2553,1729,824,265,662,1891,6.6394050293772,6.91084695199537,6.06983817961165,6.12867924528302,6.76936555891239,6.59390853516658,225
"221",2020,4,7.10714285714286,14,7.18181818181818,6.83333333333333,7.5,7,7.15,11,3,2,4,10,2567,1740,827,267,666,1901,6.64195599532528,6.91255998850575,6.07260781136639,6.13895131086142,6.77075075075075,6.59683379274066,226
"222",2020,5,7.1,5,7.5,6.5,NA,7.16666666666667,7,3,2,0,3,2,2572,1743,829,267,669,1903,6.6428464385692,6.91357107286288,6.07363891435465,6.13895131086142,6.77252615844544,6.59725750919601,227
"223",2020,6,7.14166666666667,12,7.1,7.2,7,7.5,7.10909090909091,7,5,1,1,11,2584,1750,834,268,670,1914,6.64516294117647,6.91431678857143,6.08039167865708,6.14216417910448,6.77361194029851,6.60019908045977,228
"224",2020,7,6.29166666666667,12,6.78571428571429,5.6,6,8,5.72222222222222,7,5,1,3,9,2596,1757,839,269,673,1923,6.64352890600924,6.91380442800228,6.07752879618594,6.14163568773234,6.77907875185736,6.59608998439937,229
"225",2020,8,7.29166666666667,12,7.33333333333333,7.16666666666667,NA,7,7.38888888888889,9,3,0,3,9,2608,1766,842,269,676,1932,6.64651113496932,6.91594245753115,6.08140933491687,6.14163568773234,6.78005917159764,6.59978314699793,230
"226",2020,9,6.665,16,7.01166666666667,5.625,6.25,7.25,6.47,12,4,2,4,12,2624,1778,846,271,680,1944,6.64662387195121,6.9165885151856,6.0792513711584,6.14243542435424,6.78282352941177,6.5989820164609,231
"227",2020,10,6.55555555555556,9,7.33333333333333,6.16666666666667,3,5.5,6.85714285714286,3,6,1,2,7,2633,1781,852,272,682,1951,6.64631258640334,6.91729049971926,6.07986697183099,6.13088235294118,6.77906158357771,6.59990827268068,232
"228",2020,11,6.7,10,6.16666666666667,7.5,NA,7,6.66666666666667,6,4,0,1,9,2643,1787,856,272,683,1960,6.64651571698827,6.91477021824287,6.08650310747664,6.13088235294118,6.7793850658858,6.60021481632653,233
"229",2020,12,6.14166666666667,12,6.5,5.425,5.1,6,6.17,8,4,2,2,10,2655,1795,860,274,685,1970,6.64423391337099,6.91292166016713,6.08342634883721,6.12335766423358,6.7771094890511,6.59803098477157,234
"230",2021,1,6,9,7.8,3.75,4.5,6.66666666666667,5.66666666666667,5,4,2,3,6,2664,1800,864,276,688,1976,6.64205744744744,6.91538576666667,6.07262344907408,6.11159420289855,6.77662790697675,6.59520295546559,235
"231",2021,2,6.5625,8,6.78571428571429,5,NA,7,6.5,7,1,0,1,7,2672,1807,865,276,689,1983,6.641819251497,6.91488344216934,6.07138342196532,6.11159420289855,6.77695210449928,6.5948668885527,236
"232",2021,3,6.41428571428571,7,6.475,6.33333333333333,NA,4,6.81666666666667,4,3,0,1,6,2679,1811,868,276,690,1989,6.64122472564389,6.91391186085036,6.07228877880185,6.11159420289855,6.77292753623189,6.59553596782303,237
"233",2021,4,6.42857142857143,14,6.75,6,5,6.5,6.41666666666667,8,6,2,2,12,2693,1819,874,278,692,2001,6.64011921277385,6.91319097306212,6.07179251716247,6.10359712230216,6.7721387283237,6.59446328835582,238
"234",2021,5,8,9,8.25,6,NA,10,7.75,8,1,0,1,8,2702,1827,875,278,693,2009,6.6446487934863,6.91904454296661,6.07171046857143,6.10359712230216,6.77679653679654,6.59906472872076,239
"235",2021,6,7.24,10,7.32222222222222,6.5,NA,6.13333333333333,7.71428571428571,9,1,0,3,7,2712,1836,876,278,696,2016,6.64684404129793,6.92102090413943,6.07219938356165,6.10359712230216,6.77402298850575,6.60293702380952,240
"236",2021,7,6.8,5,7,6.5,NA,6.5,7,3,2,0,2,3,2717,1839,878,278,698,2019,6.64712588884799,6.92114974442632,6.07317387243736,6.10359712230216,6.77323782234957,6.60352701337296,241
"237",2021,8,6.48,11,7,5.09333333333333,NA,1,7.028,8,3,0,1,10,2728,1847,881,278,699,2029,6.64645199413489,6.92149127233351,6.06983729852441,6.10359712230216,6.76497854077253,6.60561904386397,242
"238",2021,9,6.97058823529412,17,6.92857142857143,7.16666666666667,NA,7.33333333333333,6.89285714285714,14,3,0,3,14,2745,1861,884,278,702,2043,6.64845939526411,6.92154453519613,6.07355957013575,6.10359712230216,6.76740740740741,6.60758739109153,243
"239",2021,10,5.86,20,7.2,5.41333333333333,3.16666666666667,4.73333333333333,6.05882352941176,5,15,3,3,17,2765,1866,899,281,705,2060,6.64275625316455,6.92229066452304,6.06254355951057,6.07224199288256,6.75875177304965,6.60305875728155,244
"240",2021,11,6.26190476190476,21,7.05555555555556,5.66666666666667,6,5.66666666666667,6.5,9,12,1,6,15,2786,1875,911,282,711,2075,6.63988551328069,6.922930336,6.05732893523601,6.07198581560284,6.7495358649789,6.60231375421687,245
"241",2021,12,6.62555583333333,12,6.88963,5.83333333333333,NA,NA,6.62555583333333,9,3,0,0,12,2798,1884,914,282,711,2087,6.6398240564689,6.92277125796178,6.05659371991247,6.07198581560284,6.7495358649789,6.60244739338764,246
"242",2022,1,6.52857142857143,14,7.05,5.83333333333333,NA,7,6.49230769230769,8,6,0,1,13,2812,1892,920,282,712,2100,6.63927016714082,6.9233092230444,6.05513767391305,6.07198581560284,6.74988764044944,6.60176557619048,247
"243",2022,2,6.39444444444444,18,6.83333333333333,5.95555555555556,6,5.8875,6.8,9,9,1,8,10,2830,1901,929,283,720,2110,6.63771297173144,6.92288324566018,6.05417293864371,6.07173144876325,6.74030555555556,6.60270507582938,248
"244",2022,3,6.96875,16,7.18181818181818,6.5,NA,7,6.96666666666667,11,5,0,1,15,2846,1912,934,283,721,2125,6.63957403724525,6.92437293410042,6.05655959314775,6.07173144876325,6.74066574202497,6.60527421647059,249
"245",2022,4,7.04166666666667,12,8.07142857142857,5.6,8,7.5,6.95,7,5,1,2,10,2858,1919,939,284,723,2135,6.64126231980405,6.92855708702449,6.05412849840256,6.07852112676056,6.74276625172891,6.60688885714286,250
"246",2022,5,5.52083333333333,12,6.125,4.3125,7,6,5.36111111111111,8,4,1,3,9,2870,1927,943,285,726,2144,6.63657759930313,6.92522109496627,6.04674089077413,6.08175438596491,6.73969696969697,6.60165937966418,251
"247",2022,6,6.1,11,6.01428571428571,6.25,NA,6,6.1375,7,4,0,3,8,2881,1934,947,285,729,2152,6.63452888233252,6.92192401758015,6.04759942977825,6.08175438596491,6.73665294924554,6.59993388011152,252
"248",2022,7,7.18,15,8.25,6.46666666666667,7,7.125,7.2,6,9,1,4,11,2896,1940,956,286,733,2163,6.63735418162983,6.92603146907217,6.05154462343096,6.08496503496504,6.73877216916781,6.60298553398058,253
"249",2022,8,7.33333333333333,9,7.28571428571429,7.5,NA,NA,7.33333333333333,7,2,0,0,9,2905,1947,958,286,733,2172,6.63951039931153,6.92732462763226,6.05456853862213,6.08496503496504,6.73877216916781,6.60601183701657,254
