"","year","month","avg_rating","no_ratings","avg_rating_owned","avg_rating_not_owned","avg_rating_prev_owned","avg_rating_comment","avg_rating_no_comment","no_ratings_owned","no_ratings_not_owned","no_ratings_prev_owned","no_ratings_comment","no_ratings_no_comment","cum_no_ratings","cum_no_ratings_owned","cum_no_ratings_not_owned","cum_no_ratings_prev_owned","cum_no_ratings_comment","cum_no_ratings_no_comment","cum_avg_rating","cum_avg_rating_owned","cum_avg_rating_not_owned","cum_avg_rating_prev_owned","cum_avg_rating_comment","cum_avg_rating_no_comment","month_after_release"
"1",2012,11,8,2,9,7,7,7,9,1,1,1,1,1,2,1,1,1,1,1,8,9,7,7,7,9,-8
"2",2012,12,7.4375,8,8.2,6.16666666666667,6,6,7.64285714285714,5,3,1,1,7,10,6,4,2,2,8,7.55,8.33333333333333,6.375,6.5,6.5,7.8125,-7
"3",2013,1,8.8,5,8.8,NA,NA,8,10,5,0,0,3,2,15,11,4,2,5,10,7.96666666666667,8.54545454545454,6.375,6.5,7.4,8.25,-6
"4",2013,2,7,1,NA,7,NA,NA,7,0,1,0,0,1,16,11,5,2,5,11,7.90625,8.54545454545454,6.5,6.5,7.4,8.13636363636364,-5
"5",2013,3,8,5,10,6.66666666666667,NA,10,7.5,2,3,0,1,4,21,13,8,2,6,15,7.92857142857143,8.76923076923077,6.5625,6.5,7.83333333333333,7.96666666666667,-4
"6",2013,4,7,2,9,5,NA,NA,7,1,1,0,0,2,23,14,9,2,6,17,7.84782608695652,8.78571428571429,6.38888888888889,6.5,7.83333333333333,7.85294117647059,-3
"7",2013,5,6.6,5,6.66666666666667,6.5,8,6,6.75,3,2,1,1,4,28,17,11,3,7,21,7.625,8.41176470588235,6.40909090909091,7,7.57142857142857,7.64285714285714,-2
"8",2013,6,6.125,8,7,5.6,6,6,6.14285714285714,3,5,1,1,7,36,20,16,4,8,28,7.29166666666667,8.2,6.15625,6.75,7.375,7.26785714285714,-1
"9",2013,7,7.33140495867769,121,7.96172839506173,6.055,6.61333333333333,6.81304347826087,7.4530612244898,81,40,15,23,98,157,101,56,19,31,126,7.32229299363057,8.00891089108911,6.08392857142857,6.64210526315789,6.95806451612903,7.41190476190476,0
"10",2013,8,6.84556962025316,79,7.65384615384615,6.0575,6.14615384615385,6.23333333333333,6.9890625,39,40,13,15,64,236,140,96,32,46,190,7.16271186440678,7.91,6.07291666666667,6.440625,6.72173913043478,7.26947368421053,1
"11",2013,9,6.671,50,7.3375,6.05576923076923,6.875,6.21428571428571,6.7453488372093,24,26,8,7,43,286,164,122,40,53,233,7.07674825174825,7.82621951219512,6.06926229508197,6.5275,6.65471698113208,7.17274678111588,2
"12",2013,10,6.92545454545455,55,7.4225,5.6,5.83333333333333,6.16666666666667,7.07391304347826,40,15,6,9,46,341,204,137,46,62,279,7.05234604105572,7.74705882352941,6.01788321167883,6.43695652173913,6.58387096774194,7.15645161290323,3
"13",2013,11,6.71769230769231,65,7.28888888888889,6.00862068965517,6.36538461538461,6.359375,6.83469387755102,36,29,13,16,49,406,240,166,59,78,328,6.9987684729064,7.67833333333333,6.01626506024096,6.42118644067797,6.53782051282051,7.10838414634146,4
"14",2013,12,6.72016129032258,62,7.44677419354839,5.99354838709677,5.83333333333333,6.09090909090909,6.85588235294118,31,31,12,11,51,468,271,197,71,89,379,6.96185897435897,7.65184501845019,6.01269035532995,6.32183098591549,6.48258426966292,7.07440633245383,5
"15",2014,1,6.72391304347826,92,7.13103448275862,6.02941176470588,6.34615384615385,6.67391304347826,6.74057971014493,58,34,13,23,69,560,329,231,84,112,448,6.92276785714286,7.56003039513678,6.01515151515152,6.32559523809524,6.521875,7.02299107142857,6
"16",2014,2,6.69733333333333,75,7.31463414634146,5.95294117647059,6,6.95,6.64920634920635,41,34,11,12,63,635,370,265,95,124,511,6.89614173228347,7.53283783783784,6.00716981132075,6.28789473684211,6.5633064516129,6.97690802348337,7
"17",2014,3,6.84646341463415,82,7.22173913043478,6.36694444444444,6.50625,6.85,6.84597222222222,46,36,8,10,72,717,416,301,103,134,583,6.89046025104602,7.4984375,6.05019933554817,6.30485436893204,6.58470149253731,6.96073756432247,8
"18",2014,4,6.60254237288136,118,6.98046875,6.15462962962963,6.14090909090909,6.48260869565217,6.63157894736842,64,54,22,23,95,835,480,355,125,157,678,6.84977245508982,7.429375,6.06608450704225,6.276,6.56974522292994,6.91461651917404,9
"19",2014,5,6.60744897959184,98,7.01111111111111,5.88085714285714,5.95,5.81076923076923,6.89513888888889,63,35,10,26,72,933,543,390,135,183,750,6.82431939978564,7.38084714548803,6.04946153846154,6.25185185185185,6.46191256830601,6.91274666666667,10
"20",2014,6,6.40514018691589,107,6.87647058823529,5.58333333333333,5.67307692307692,6.35769230769231,6.42037037037037,68,39,13,26,81,1040,611,429,148,209,831,6.78119230769231,7.32471358428805,6.00708624708625,6.20101351351351,6.44894736842105,6.86475330926595,11
"21",2014,7,6.28243243243243,111,7.00423728813559,5.46346153846154,5.69444444444444,5.71428571428571,6.415,59,52,18,21,90,1151,670,481,166,230,921,6.73309296264118,7.29649253731343,5.94831600831601,6.1460843373494,6.38186956521739,6.82080347448426,12
"22",2014,8,6.45866666666667,150,6.97216494845361,5.5188679245283,5.95333333333333,5.81379310344828,6.61322314049587,97,53,15,29,121,1301,767,534,181,259,1042,6.70145272867025,7.25547588005215,5.90569288389513,6.13011049723757,6.31826254826255,6.79669865642994,13
"23",2014,9,6.44262820512821,156,7.02864583333333,5.505,5.54545454545455,6.31774193548387,6.4736,96,60,22,31,125,1457,863,594,203,290,1167,6.67374056280027,7.23024333719583,5.86521885521886,6.06674876847291,6.31820689655172,6.76209083119109,14
"24",2014,10,6.34033333333333,150,6.85988372093023,5.6421875,5.89,5.92096774193548,6.44957983193277,86,64,20,31,119,1607,949,658,223,321,1286,6.64261978842564,7.19668071654373,5.84352583586626,6.05089686098655,6.27984423676012,6.73317262830482,15
"25",2014,11,6.4281512605042,119,6.74428571428571,5.9765306122449,5.43055555555556,6.48571428571429,6.41043956043956,70,49,18,28,91,1726,1019,707,241,349,1377,6.62783314020857,7.16560353287537,5.85274398868458,6.0045643153527,6.29636103151862,6.71184458968773,16
"26",2014,12,6.32744360902256,133,6.89876543209877,5.4375,5.2125,5.98913043478261,6.39818181818182,81,52,20,23,110,1859,1100,759,261,372,1487,6.60634211941904,7.14595454545455,5.82429512516469,5.94386973180077,6.27736559139785,6.6886415601883,17
"27",2015,1,6.40686274509804,204,6.78097345132743,5.94230769230769,6.15441176470588,6.73157894736842,6.33253012048193,113,91,34,38,166,2063,1213,850,295,410,1653,6.58661657779932,7.11195383347073,5.83692941176471,5.96813559322034,6.31946341463415,6.65287961282517,18
"28",2015,2,6.15158227848101,158,6.69375,5.31209677419355,5.24090909090909,5.9,6.20576923076923,96,62,22,28,130,2221,1309,912,317,438,1783,6.55566861773976,7.08128342245989,5.80125,5.91766561514196,6.29264840182648,6.6202804262479,19
"29",2015,3,6.2584,125,6.664,5.65,5.46666666666667,5.69047619047619,6.37307692307692,75,50,15,21,104,2346,1384,962,332,459,1887,6.5398294970162,7.05867052023121,5.79338877338877,5.89728915662651,6.26509803921569,6.60665606783254,20
"30",2015,4,6.31866666666667,150,6.76516853932584,5.6672131147541,5.27777777777778,4.92105263157895,6.52137404580153,89,61,18,19,131,2496,1473,1023,350,478,2018,6.52653846153846,7.04093686354379,5.7858651026393,5.86542857142857,6.21167364016736,6.60111992071358,21
"31",2015,5,6.41548672566372,113,6.63866666666667,5.975,5.25833333333333,5.91666666666667,6.51,75,38,12,18,95,2609,1548,1061,362,496,2113,6.52172863165964,7.02144702842377,5.79263901979265,5.84530386740331,6.20096774193548,6.59702318977757,22
"32",2015,6,6.31931297709924,131,6.86575342465753,5.63155172413793,5.71178571428571,6.15789473684211,6.34669642857143,73,58,28,19,112,2740,1621,1119,390,515,2225,6.51205109489051,7.01443553362122,5.78428954423593,5.83571794871795,6.1993786407767,6.58442247191011,23
"33",2015,7,6.48310559006211,161,6.7530701754386,5.82829787234043,6.18333333333333,6.61818181818182,6.46172661870504,114,47,12,22,139,2901,1735,1166,402,537,2364,6.51044467425026,6.99726224783862,5.78606346483705,5.84609452736318,6.21653631284916,6.57720812182741,24
"34",2015,8,6.19967105263158,152,6.48724489795918,5.67777777777778,6.02142857142857,5.94444444444444,6.2339552238806,98,54,14,18,134,3053,1833,1220,416,555,2498,6.49497215853259,6.96999454446263,5.78127049180328,5.85199519230769,6.20771171171171,6.55879503602882,25
"35",2015,9,6.07890625,128,6.56830985915493,5.46929824561404,5.43478260869565,6.11904761904762,6.07102803738318,71,57,23,21,107,3181,1904,1277,439,576,2605,6.47823011631562,6.95501575630252,5.76734534064213,5.83013667425968,6.20447916666667,6.53876007677543,26
"36",2015,10,6.20629370629371,143,6.70731707317073,5.5327868852459,5.15909090909091,5.50714285714286,6.37652173913043,82,61,22,28,115,3324,1986,1338,461,604,2720,6.46653128760529,6.94478851963746,5.75665171898356,5.79811279826464,6.17215231788079,6.53190073529412,27
"37",2015,11,6.17151898734177,158,6.48584905660377,5.53076923076923,5.64761904761905,5.75,6.2703125,106,52,21,30,128,3482,2092,1390,482,634,2848,6.45314474439977,6.921534416826,5.74820143884892,5.79155601659751,6.15217665615142,6.52014396067416,28
"38",2015,12,6.05892857142857,168,6.29852941176471,5.68863636363636,5.78103448275862,5.94565217391304,6.07689655172414,102,66,29,23,145,3650,2194,1456,511,657,2993,6.435,6.89257064721969,5.74550137362638,5.79095890410959,6.14494672754947,6.49867023053792,29
"39",2016,1,6.27152173913043,184,6.55008130081301,5.70983606557377,5.4,6.08823529411765,6.29017964071856,123,61,25,17,167,3834,2317,1517,536,674,3160,6.42715440792905,6.8743892965041,5.74406723796968,5.77272388059701,6.14351632047478,6.48765189873418,30
"40",2016,2,6.10259259259259,135,6.54074074074074,5.44537037037037,5.30416666666667,5.75740740740741,6.18888888888889,81,54,24,27,108,3969,2398,1571,560,701,3268,6.4161148904006,6.86311926605505,5.73380012730745,5.75264285714286,6.12864479315264,6.47777845777234,31
"41",2016,3,6.28087209302326,172,6.74656565656566,5.64931506849315,5.475,6.08333333333333,6.31290540540541,99,73,28,24,148,4141,2497,1644,588,725,3416,6.41049746438058,6.85849819783741,5.73004866180049,5.73942176870748,6.12714482758621,6.47063524590164,32
"42",2016,4,6.23571428571429,133,6.51807228915663,5.767,5.63095238095238,6.15217391304348,6.25318181818182,83,50,21,23,110,4274,2580,1694,609,748,3526,6.40505849321478,6.84754651162791,5.73113931523022,5.73568144499179,6.12791443850267,6.46385138967669,33
"43",2016,5,6.39057971014493,207,6.65868055555556,5.77777777777778,5.94736842105263,6.29285714285714,6.40586592178771,144,63,19,28,179,4481,2724,1757,628,776,3705,6.40438964516849,6.8375624082232,5.73281161070006,5.74208598726115,6.13386597938144,6.46104993252362,34
"44",2016,6,6.4172514619883,171,6.81650943396226,5.76615384615385,5.57692307692308,5.85789473684211,6.48717105263158,106,65,26,19,152,4652,2830,1822,654,795,3857,6.40486242476354,6.83677385159011,5.73400109769484,5.73551987767584,6.12727044025157,6.46207933627171,35
"45",2016,7,6.19789156626506,166,6.64421052631579,5.60070422535211,5.67105263157895,5.72368421052632,6.25918367346939,95,71,19,19,147,4818,2925,1893,673,814,4004,6.39773142382731,6.83051965811966,5.72900158478605,5.73369985141159,6.11785012285012,6.45463036963037,36
"46",2016,8,6.28732057416268,209,6.68972602739726,5.3547619047619,5.334,5.77,6.35760869565217,146,63,25,25,184,5027,3071,1956,698,839,4188,6.39314103839268,6.8238261152719,5.71694785276074,5.71938395415473,6.10748510131108,6.45036771728749,37
"47",2016,9,6.36201117318436,179,6.67007575757576,5.4968085106383,5.44642857142857,5.76153846153846,6.4640522875817,132,47,14,26,153,5206,3203,2003,712,865,4341,6.39207068766807,6.81748985326257,5.71178232651024,5.71401685393258,6.09708670520231,6.45085003455425,38
"48",2016,10,6.40983146067416,178,6.63917910447761,5.71136363636364,5.33333333333333,6.02380952380952,6.46146496815287,134,44,9,21,157,5384,3337,2047,721,886,4498,6.39265787518573,6.81032963739886,5.71177332681974,5.70926490984743,6.09534988713318,6.45122054246332,39
"49",2016,11,6.26484375,192,6.59916666666667,5.70763888888889,5.44285714285714,6.05925925925926,6.29848484848485,120,72,21,27,165,5576,3457,2119,742,913,4663,6.38825681492109,6.80299971073185,5.71163284568193,5.70172506738545,6.09428258488499,6.44581599828437,40
"50",2016,12,6.205,180,6.59448818897638,5.27169811320755,5.4875,6.83333333333333,6.16011904761905,127,53,20,12,168,5756,3584,2172,762,925,4831,6.38252605976372,6.79561104910714,5.70089779005525,5.69610236220472,6.10387027027027,6.43588077002691,41
"51",2017,1,6.34751037344398,241,6.55818181818182,5.89013157894737,5.80172413793103,5.71323529411765,6.45169082125604,165,76,29,34,207,5997,3749,2248,791,959,5038,6.38111889277972,6.78516137636703,5.70729537366548,5.69997471554994,6.09002085505735,6.43653036919412,42
"52",2017,2,6.27606936416185,173,6.51666666666667,5.84532258064516,5.52631578947368,6.18,6.2922972972973,111,62,19,25,148,6170,3860,2310,810,984,5186,6.37817341977309,6.77744041450777,5.711,5.6959012345679,6.09230691056911,6.43241419205553,43
"53",2017,3,6.40089820359281,167,6.69541666666667,5.64893617021277,5.8,6.1796875,6.45333333333333,120,47,15,32,135,6337,3980,2357,825,1016,5321,6.378772289727,6.77496733668342,5.70976240984302,5.69779393939394,6.09505905511811,6.43294493516256,44
"54",2017,4,6.32838709677419,155,6.50046728971963,5.94479166666667,5.83695652173913,6.53125,6.30503597122302,107,48,23,16,139,6492,4087,2405,848,1032,5460,6.37756931608133,6.7677807682897,5.71445322245322,5.70156839622642,6.10182170542636,6.42968864468864,45
"55",2017,5,6.13435294117647,170,6.52034782608696,5.32727272727273,4.29166666666667,5.75,6.17986842105263,115,55,12,18,152,6662,4202,2460,860,1050,5612,6.37136295406785,6.76100904331271,5.70579674796748,5.68189534883721,6.09579047619048,6.42292230933713,46
"56",2017,6,6.31160493827161,162,6.59105263157895,5.64791666666667,5.6,5.79473684210526,6.38027972027972,114,48,15,19,143,6824,4316,2508,875,1069,5755,6.36994431418523,6.75651992585728,5.70468899521531,5.68049142857143,6.09043966323667,6.42186272806255,47
"57",2017,7,6.33809523809524,147,6.75151515151515,5.48541666666667,5.67647058823529,5.58636363636364,6.4704,99,48,17,22,125,6971,4415,2556,892,1091,5880,6.36927270119065,6.75640770101925,5.70057120500782,5.68041479820628,6.08027497708524,6.42289455782313,48
"58",2017,8,6.15906432748538,171,6.61682242990654,5.39375,5.41153846153846,6.10416666666667,6.16802721088435,107,64,26,24,147,7142,4522,2620,918,1115,6027,6.36423970876505,6.75310482087572,5.69307633587786,5.67279956427015,6.08078923766816,6.41667828106852,49
"59",2017,9,6.33266666666667,150,6.69329896907217,5.67264150943396,5.55,5.63888888888889,6.42727272727273,97,53,20,18,132,7292,4619,2673,938,1133,6159,6.36359023587493,6.75184888504005,5.69267115600449,5.67018123667377,6.07376875551633,6.41690534177626,50
"60",2017,10,6.1264161849711,173,6.60922413793103,5.14385964912281,5.49130434782609,5.535,6.20372549019608,116,57,23,20,153,7465,4735,2730,961,1153,6312,6.35809377093101,6.74835480464625,5.68121245421245,5.66590010405827,6.06442324371205,6.41173795944233,51
"61",2017,11,6.28387096774194,186,6.60339130434783,5.76633802816901,5.37307692307692,5.98076923076923,6.333125,115,71,26,26,160,7651,4850,2801,987,1179,6472,6.35628937393805,6.7449175257732,5.68337022491967,5.65818642350557,6.06257845631891,6.40979449938195,52
"62",2017,12,6.06441397849462,186,6.24993233082707,5.5988679245283,5.51789473684211,5.64821428571429,6.13817088607595,133,53,19,28,158,7837,4983,2854,1006,1207,6630,6.34936212836545,6.73170600040137,5.68180098107919,5.65553677932406,6.05296603148301,6.40332141779789,53
"63",2018,1,6.26552765957447,235,6.39272670807453,5.98878378378378,5.95925925925926,6.08454545454545,6.29509405940594,161,74,27,33,202,8072,5144,2928,1033,1240,6832,6.34692145688801,6.72109642301711,5.68955942622951,5.66347531461762,6.0538064516129,6.40012148711944,54
"64",2018,2,6.17321428571429,168,6.57256637168142,5.35272727272727,5.33333333333333,6.15,6.17671232876712,113,55,21,22,146,8240,5257,2983,1054,1262,6978,6.34337985436893,6.71790374738444,5.68334897753939,5.65689753320683,6.05548335974643,6.39544711951849,55
"65",2018,3,6.23124203821656,157,6.67120192307692,5.36792452830189,4.98421052631579,5.85138888888889,6.28043165467626,104,53,19,18,139,8397,5361,3036,1073,1280,7117,6.34128319637966,6.71699776161164,5.67784255599473,5.64498602050326,6.05261328125,6.39320078684839,56
"66",2018,4,6.4135625,160,6.57034188034188,5.98697674418605,5.76363636363636,6.22052631578947,6.43957446808511,117,43,11,19,141,8557,5478,3079,1084,1299,7258,6.34263468505317,6.71386546184739,5.6821597921403,5.64619003690037,6.05506928406466,6.39410168090383,57
"67",2018,5,6.1024,125,6.48620689655172,5.22368421052632,5.21538461538462,4.84375,6.28715596330275,87,38,13,16,109,8682,5565,3117,1097,1315,7367,6.33917588113338,6.71030637915544,5.6765704202759,5.64108477666363,6.04033079847909,6.39251934301615,58
"68",2018,6,6.14038461538462,130,6.47802197802198,5.3525641025641,5.04285714285714,5.777,6.20645454545455,91,39,14,20,110,8812,5656,3156,1111,1335,7477,6.33624319110304,6.7065691301273,5.67256653992395,5.63354635463546,6.03638576779026,6.38978199812759,59
"69",2018,7,6.20483660130719,153,6.69072164948454,5.36321428571429,5.24421052631579,5.73636363636364,6.28351145038168,97,56,19,22,131,8965,5753,3212,1130,1357,7608,6.33400055772448,6.70630192942813,5.66717310087173,5.627,6.03152173913043,6.38795215562566,60
"70",2018,8,6.48286142857143,154,6.7725237755102,5.97595232142857,5.70173913043478,6.1875,6.51710623188406,98,56,23,16,138,9119,5851,3268,1153,1373,7746,6.33651449281719,6.70741109724834,5.6724642992656,5.62849089332177,6.03333940276766,6.39025311902918,61
"71",2018,9,6.01672131147541,122,6.61276315789474,5.03195652173913,4.78947368421053,5.51041666666667,6.14071428571429,76,46,19,24,98,9241,5927,3314,1172,1397,7844,6.33229257223244,6.70619745739835,5.66357372661436,5.61488907849829,6.02435576234789,6.38713547424783,62
"72",2018,10,5.84318181818182,154,6.31188118811881,4.95,4.69444444444444,5.96,5.82574626865672,101,53,18,20,134,9395,6028,3367,1190,1417,7978,6.32427521660458,6.69959063205043,5.65234135135135,5.60096638655462,6.0234474241355,6.37770627475558,63
"73",2018,11,6.25907284768212,151,6.6202,5.55098039215686,5.5,6.16666666666667,6.26926470588235,100,51,16,15,136,9546,6128,3418,1206,1432,8114,6.32324383616174,6.69829509301567,5.6508289438268,5.59962686567164,6.02494762569832,6.37588866896722,64
"74",2018,12,6.14283870967742,155,6.4068085106383,5.73606557377049,5.625,5.50526315789474,6.23191176470588,94,61,16,19,136,9701,6222,3479,1222,1451,8250,6.32036137099268,6.69389140630023,5.65232346363898,5.59995908346972,6.01814266023432,6.37351523151515,65
"75",2019,1,6.29522167487685,203,6.64723880597015,5.61159420289855,5.45652173913043,5.63913043478261,6.37905555555556,134,69,23,23,180,9904,6356,3548,1245,1474,8430,6.31984608844911,6.69290785556954,5.65153137824126,5.59730923694779,6.01222862957937,6.37363353024911,66
"76",2019,2,6.13223880597015,134,6.43505747126437,5.57170212765957,5.29833333333333,5.5625,6.20949152542373,87,47,18,16,118,10038,6443,3595,1263,1490,8548,6.31734166766288,6.68942609498681,5.65048771349096,5.59304829770388,6.00739932885906,6.37136764857277,67
"77",2019,3,6.27045161290323,155,6.58989361702128,5.77819672131148,5.2625,6.22916666666667,6.27801526717557,94,61,16,24,131,10193,6537,3656,1279,1514,8679,6.31662863337585,6.68799484931926,5.65261852571116,5.588913213448,6.01091479524438,6.36995859661251,68
"78",2019,4,6.45565217391304,115,6.8675,5.51428571428571,5.32142857142857,6.25,6.48415841584158,80,35,14,14,101,10308,6617,3691,1293,1528,8780,6.31817963329453,6.69016507934109,5.65130678136006,5.58601701469451,6.01310536649215,6.37127228473804,69
"79",2019,5,6.25482456140351,114,6.49025974025974,5.76486486486487,5.30769230769231,6.02777777777778,6.29739583333333,77,37,13,18,96,10422,6694,3728,1306,1546,8876,6.31748663020534,6.6878656005378,5.65243383315451,5.58324655436447,6.01327619663648,6.37047326047769,70
"80",2019,6,6.281216,125,6.50047058823529,5.8153,6.13553846153846,6.20625,6.29222018348624,85,40,13,16,109,10547,6779,3768,1319,1562,8985,6.31705676116431,6.68551590647588,5.65416277335456,5.58868991660349,6.01525288092189,6.36952394657763,71
"81",2019,7,6.14015384615385,130,6.3047,5.59166666666667,5.4875,6.03636363636364,6.14974789915966,100,30,8,11,119,10677,6879,3798,1327,1573,9104,6.31490284349537,6.6799799869167,5.65366912322275,5.58807987942728,6.01540050858232,6.36665121485062,72
"82",2019,8,6.23557046979866,149,6.429,5.84081632653061,5.83636363636364,5.65333333333333,6.30074626865672,100,49,11,15,134,10826,6979,3847,1338,1588,9238,6.31381097912433,6.67638376988107,5.65605285417208,5.59012107623318,6.01198047858942,6.36569524355921,73
"83",2019,9,5.99565217391304,115,6.2679012345679,5.34705882352941,5.10833333333333,5.96666666666667,6,81,34,12,15,100,10941,7060,3881,1350,1603,9338,6.31046683666941,6.67169721388102,5.65334587219789,5.58583851851852,6.01155645664379,6.36177903833798,74
"84",2019,10,6.10354920289855,138,6.39315568421053,5.46372093023256,5,6.15789473684211,6.09487218487395,95,43,10,19,119,11079,7155,3924,1360,1622,9457,6.3078894710714,6.66799889867226,5.65126792303772,5.58153088235294,6.01327065351418,6.35842047689542,75
"85",2019,11,6.36359340425532,141,6.55163401960784,5.87179487179487,5.76923076923077,6.1,6.39497357142857,102,39,13,15,126,11220,7257,3963,1373,1637,9583,6.30858949376114,6.66636334435717,5.65343813525107,5.58330808448653,6.01406536346976,6.35890108734217,76
"86",2019,12,6.09339869281046,153,6.44028846153846,5.35714285714286,5.48666666666667,5.19230769230769,6.17707142857143,104,49,15,13,140,11373,7361,4012,1388,1650,9723,6.30569455025059,6.66316924195082,5.64981937437687,5.58226368876081,6.00759090909091,6.35628294970688,77
"87",2020,1,6.31390348214286,224,6.5814116025641,5.70020838235294,5.8,6.41538461538462,6.30057767676768,156,68,18,26,198,11597,7517,4080,1406,1676,9921,6.30585310856256,6.66147252893442,5.65065919117647,5.58505120910384,6.01391706443914,6.35517120249975,78
"88",2020,2,6.11075581395349,172,6.32791666666667,5.60961538461538,5.19473684210526,5.74736842105263,6.15588235294118,120,52,19,19,153,11769,7637,4132,1425,1695,10074,6.30300182683321,6.65623137357601,5.65014266698935,5.57984701754386,6.01092920353982,6.35214448084177,79
"89",2020,3,6.05005091603053,131,6.43687946808511,5.0672972972973,3.95833333333333,6.05619071428571,6.04931623931624,94,37,12,14,117,11900,7731,4169,1437,1709,10191,6.30021724117647,6.6535643086276,5.64496989685776,5.56630619345859,6.01129998244587,6.34866779511334,80
"90",2020,4,6.27905660377358,106,6.35818181818182,6.06896551724138,6.2,6.12222222222222,6.29360824742268,77,29,10,9,97,12006,7808,4198,1447,1718,10288,6.30003041562552,6.65065134093238,5.64789888041925,5.57068555632343,6.01188106519208,6.34814866835148,81
"91",2020,5,6.25050505050505,99,6.56142857142857,5.5,5.42857142857143,5.75833333333333,6.3183908045977,70,29,7,12,87,12105,7878,4227,1454,1730,10375,6.29962537546468,6.64985855166286,5.6468841968299,5.57000137551582,6.01012235260115,6.34789913253012,82
"92",2020,6,6.2974,100,6.70225806451613,5.63684210526316,5.1,5.55,6.38044444444444,62,38,12,10,90,12205,7940,4265,1466,1740,10465,6.29960714215486,6.65026771662469,5.64679472450176,5.56615416098226,6.00747797126437,6.34817902532251,83
"93",2020,7,6.11766666666667,120,6.2615,5.83,5.57142857142857,6.02666666666667,6.13066666666667,80,40,14,15,105,12325,8020,4305,1480,1755,10570,6.29783571359026,6.64638973441397,5.64849698025552,5.56620405405405,6.00764197720797,6.34601830652791,84
"94",2020,8,6.23322033898305,118,6.43428571428571,5.55555555555556,5.08333333333333,6.36363636363636,6.21981308411215,91,27,6,11,107,12443,8111,4332,1486,1766,10677,6.29722295025316,6.64401006904204,5.64791770544783,5.56425437415882,6.00985938278595,6.34475353563736,85
"95",2020,9,6.12549019607843,102,6.59,5.46190476190476,5.03125,5.05555555555556,6.3547619047619,60,42,16,18,84,12545,8171,4374,1502,1784,10761,6.29582663770427,6.64361347081141,5.64613157293096,5.55857656458056,6.00023075672646,6.34483166062634,86
"96",2020,10,6.14556451612903,124,6.35967741935484,5.50322580645161,5.505,6.09411764705882,6.15373831775701,93,31,20,17,107,12669,8264,4405,1522,1801,10868,6.29435592154077,6.64041815948693,5.64512587968218,5.55787253613666,6.00111697390339,6.34295026683843,87
"97",2020,11,6.19780888111888,143,6.55320990740741,5.10114285714286,5.59454545454545,5.57142857142857,6.23004904411765,108,35,11,7,136,12812,8372,4440,1533,1808,11004,6.2932783203247,6.63929316053512,5.64083772522523,5.55813568166993,5.99945335730088,6.34155490458016,88
"98",2020,12,5.933203125,128,6.19382716049383,5.48404255319149,5.37894736842105,6.06363636363636,5.92094017094017,81,47,19,11,117,12940,8453,4487,1552,1819,11121,6.28971652550232,6.63502452856974,5.6391953420994,5.55594201030928,5.99984148982958,6.33712976980488,89
"99",2021,1,6.25397790055249,181,6.43746153846154,5.78627450980392,5.62380952380952,5.64705882352941,6.31689024390244,130,51,21,17,164,13121,8583,4538,1573,1836,11285,6.28922352259736,6.63203219620179,5.64084828118114,5.55684806102988,5.99657498366013,6.336835637572,90
"100",2021,2,6.35652173913043,115,6.75925925925926,5.39705882352941,4.68181818181818,6.4,6.35,81,34,11,15,100,13236,8664,4572,1584,1851,11385,6.28980823813841,6.63322164589104,5.63903532370954,5.55077146464647,5.99984423014587,6.33695126657884,91
"101",2021,3,6.4241897810219,137,6.62959183673469,5.90805128205128,5.2676,6.20077777777778,6.45798319327731,98,39,15,18,119,13373,8762,4611,1599,1869,11504,6.29118491288417,6.633181047706,5.64131067013663,5.54811507191995,6.0017793846977,6.33820324843533,92
"102",2021,4,6.162916625,80,6.47602333333333,5.38695652173913,5,5.2,6.22711106666667,57,23,7,5,75,13453,8819,4634,1606,1874,11579,6.29042214896306,6.63216528744756,5.64004823047044,5.54572602739726,5.99964016542156,6.33748367734693,93
"103",2021,5,6.02690265486726,113,6.53386666666667,5.02631578947368,4.29411764705882,5.77272727272727,6.0543137254902,75,38,17,11,102,13566,8894,4672,1623,1885,11681,6.28822712442872,6.63133636946256,5.63505639982877,5.53261614294516,5.99831600530504,6.33501100077049,94
"104",2021,6,6.25196078431373,102,6.5541095890411,5.49137931034483,5.41071428571429,5.67777777777778,6.375,73,29,14,18,84,13668,8967,4701,1637,1903,11765,6.2879564800995,6.63070766923163,5.63417007019783,5.53157361026268,5.99528411455596,6.33529651508713,95
"105",2021,7,6.10176991150442,113,6.42467532467532,5.41111111111111,5.27777777777778,5.79166666666667,6.13861386138614,77,36,9,12,101,13781,9044,4737,1646,1915,11866,6.28642980698063,6.62895352388324,5.63247487861516,5.53018590522479,5.99400818276762,6.33362240856228,96
"106",2021,8,6.20666666666667,120,6.56543209876543,5.46153846153846,5.33333333333333,5.83333333333333,6.23693693693694,81,39,15,9,111,13901,9125,4776,1661,1924,11977,6.28574125386663,6.62838966246575,5.63107904103853,5.52840818783865,5.99325658523908,6.33272635050514,97
"107",2021,9,6.09883495145631,103,6.40805555555556,5.38064516129032,5.4,5.87272727272727,6.12586956521739,72,31,12,11,92,14004,9197,4807,1673,1935,12069,6.28436655027135,6.62666474611286,5.62946401081756,5.52748714883443,5.99257140568475,6.3311495152871,98
"108",2021,10,6.19824561403509,114,6.50253164556962,5.51142857142857,5.54444444444444,6.22666666666667,6.19393939393939,79,35,18,15,99,14118,9276,4842,1691,1950,12168,6.28367114109647,6.62560755390254,5.62861080132177,5.52766765227676,5.99437213846154,6.33003316074951,99
"109",2021,11,6.12884615384615,104,6.34545454545455,5.51111111111111,5,5.95333333333333,6.15842696629213,77,27,6,15,89,14222,9353,4869,1697,1965,12257,6.28253896568696,6.62330115150219,5.62795923187513,5.52580200353565,5.99405886513995,6.32878710124827,100
"110",2021,12,6.16114285714286,140,6.65118279569892,5.19148936170213,5.15625,5.98333333333333,6.18248,93,47,16,15,125,14362,9446,4916,1713,1980,12382,6.28135560298009,6.62357565847978,5.62378631000814,5.52235026269702,5.99397761111111,6.32731008722339,101
"111",2022,1,6.11029734177215,237,6.35750309210526,5.66823529411765,5.38148148148148,5.94230769230769,6.13099748815166,152,85,27,26,211,14599,9598,5001,1740,2006,12593,6.27857864511268,6.6193619649927,5.62454179164167,5.52016436781609,5.9933079112662,6.32402080282697,102
"112",2022,2,6.24353436507937,126,6.3753622826087,5.88682352941176,5.5,5.5625,6.28970618644068,92,34,12,8,118,14725,9690,5035,1752,2014,12711,6.27827877555178,6.61704535294117,5.62631290963257,5.52002625570776,5.99159665839126,6.32370225001967,103
"113",2022,3,6.18301886792453,106,6.51267605633803,5.51428571428571,5.97777777777778,5.72,6.23125,71,35,9,10,96,14831,9761,5070,1761,2024,12807,6.27759793473131,6.6162861868661,5.62553954635109,5.52236570130608,5.99025477766798,6.32300923713594,104
"114",2022,4,6.29357142857143,112,6.61384615384615,5.55882352941176,4.5,6.44444444444444,6.28038834951456,78,34,2,9,103,14943,9839,5104,1763,2033,12910,6.27771765843539,6.61626684317512,5.62509512147336,5.52120589903573,5.99226545499262,6.32266919442293,105
"115",2022,5,6.07538891666667,120,6.31473488636364,5.4171875,4.5,5.33333333333333,6.13555558558559,88,32,6,9,111,15063,9927,5136,1769,2042,13021,6.27610579831375,6.61359384909842,5.62379974688474,5.51774222724703,5.98936124877571,6.32107410874741,106
"116",2022,6,6.30220122641509,106,6.64696073529412,5.68526315789474,6.33333333333333,5.605,6.3591156122449,68,38,3,8,98,15169,9995,5174,1772,2050,13119,6.27628815149318,6.61382085742871,5.62425115964438,5.5191230248307,5.98786130243902,6.32135828188124,107
"117",2022,7,6.41700854700855,117,6.63883720930233,5.80161290322581,5.185,6.03846153846154,6.46432692307692,86,31,10,13,104,15286,10081,5205,1782,2063,13223,6.27736523420123,6.61403426941771,5.62530749279539,5.5172480359147,5.98818015996122,6.32248274219164,108
"118",2022,8,6.34067164179104,134,6.55505050505051,5.73428571428571,4.95,6.05,6.36411290322581,99,35,10,10,124,15420,10180,5240,1792,2073,13347,6.27791536770428,6.61346065520628,5.62603540076336,5.51408258928571,5.98847837433671,6.32286950625609,109
