"","year","month","avg_rating","no_ratings","avg_rating_owned","avg_rating_not_owned","avg_rating_prev_owned","avg_rating_comment","avg_rating_no_comment","no_ratings_owned","no_ratings_not_owned","no_ratings_prev_owned","no_ratings_comment","no_ratings_no_comment","cum_no_ratings","cum_no_ratings_owned","cum_no_ratings_not_owned","cum_no_ratings_prev_owned","cum_no_ratings_comment","cum_no_ratings_no_comment","cum_avg_rating","cum_avg_rating_owned","cum_avg_rating_not_owned","cum_avg_rating_prev_owned","cum_avg_rating_comment","cum_avg_rating_no_comment","month_after_release"
"1",2001,6,5,3,6,4.5,NA,4,5.5,1,2,0,1,2,3,1,2,0,1,2,5,6,4.5,NA,4,5.5,0
"2",2001,7,6.5,2,6.5,NA,NA,NA,6.5,2,0,0,0,2,5,3,2,0,1,4,5.6,6.33333333333333,4.5,NA,4,6,1
"3",2001,8,4.5,2,6,3,3,3,6,1,1,1,1,1,7,4,3,1,2,5,5.28571428571429,6.25,4,3,3.5,6,2
"4",2001,9,6,2,6,NA,NA,NA,6,2,0,0,0,2,9,6,3,1,2,7,5.44444444444444,6.16666666666667,4,3,3.5,6,3
"5",2001,10,6.5,1,NA,6.5,NA,NA,6.5,0,1,0,0,1,10,6,4,1,2,8,5.55,6.16666666666667,4.625,3,3.5,6.0625,4
"6",2001,11,5.5,2,5.5,NA,NA,4,7,2,0,0,1,1,12,8,4,1,3,9,5.54166666666667,6,4.625,3,3.66666666666667,6.16666666666667,5
"7",2001,12,2,1,2,NA,NA,2,NA,1,0,0,1,0,13,9,4,1,4,9,5.26923076923077,5.55555555555556,4.625,3,3.25,6.16666666666667,6
"8",2002,2,6.5,2,6.5,NA,NA,NA,6.5,2,0,0,0,2,15,11,4,1,4,11,5.43333333333333,5.72727272727273,4.625,3,3.25,6.22727272727273,8
"9",2002,3,6,3,6,NA,NA,6.5,5,3,0,0,2,1,18,14,4,1,6,12,5.52777777777778,5.78571428571429,4.625,3,4.33333333333333,6.125,9
"10",2002,4,7,2,7,NA,NA,NA,7,2,0,0,0,2,20,16,4,1,6,14,5.675,5.9375,4.625,3,4.33333333333333,6.25,10
"11",2002,5,6,1,NA,6,NA,NA,6,0,1,0,0,1,21,16,5,1,6,15,5.69047619047619,5.9375,4.9,3,4.33333333333333,6.23333333333333,11
"12",2002,6,6,2,6,NA,NA,NA,6,2,0,0,0,2,23,18,5,1,6,17,5.71739130434783,5.94444444444444,4.9,3,4.33333333333333,6.20588235294118,12
"13",2002,7,6,1,6,NA,NA,NA,6,1,0,0,0,1,24,19,5,1,6,18,5.72916666666667,5.94736842105263,4.9,3,4.33333333333333,6.19444444444444,13
"14",2002,9,6.25,4,6.66666666666667,5,NA,6,6.5,3,1,0,2,2,28,22,6,1,8,20,5.80357142857143,6.04545454545455,4.91666666666667,3,4.75,6.225,15
"15",2002,10,5.5,2,5.5,NA,NA,5.5,NA,2,0,0,2,0,30,24,6,1,10,20,5.78333333333333,6,4.91666666666667,3,4.9,6.225,16
"16",2002,11,4.33333333333333,3,5,3,NA,NA,4.33333333333333,2,1,0,0,3,33,26,7,1,10,23,5.65151515151515,5.92307692307692,4.64285714285714,3,4.9,5.97826086956522,17
"17",2002,12,7.8,5,6,9,NA,8,7,2,3,0,4,1,38,28,10,1,14,24,5.93421052631579,5.92857142857143,5.95,3,5.78571428571429,6.02083333333333,18
"18",2003,1,5.33333333333333,3,6,5,NA,6,5,1,2,0,1,2,41,29,12,1,15,26,5.89024390243902,5.93103448275862,5.79166666666667,3,5.8,5.94230769230769,19
"19",2003,2,6.5,4,6,8,NA,8,6,3,1,0,1,3,45,32,13,1,16,29,5.94444444444444,5.9375,5.96153846153846,3,5.9375,5.94827586206897,20
"20",2003,3,4.5,2,4,5,NA,NA,4.5,1,1,0,0,2,47,33,14,1,16,31,5.88297872340426,5.87878787878788,5.89285714285714,3,5.9375,5.85483870967742,21
"21",2003,4,6,4,6,NA,NA,7,5.66666666666667,4,0,0,1,3,51,37,14,1,17,34,5.8921568627451,5.89189189189189,5.89285714285714,3,6,5.83823529411765,22
"22",2003,5,5.8,5,6,5.5,NA,5.75,6,3,2,0,4,1,56,40,16,1,21,35,5.88392857142857,5.9,5.84375,3,5.95238095238095,5.84285714285714,23
"23",2003,6,6.66666666666667,3,6.5,7,NA,6.5,7,2,1,0,2,1,59,42,17,1,23,36,5.92372881355932,5.92857142857143,5.91176470588235,3,6,5.875,24
"24",2003,7,5.52941176470588,17,5.6,5.42857142857143,5,6.33333333333333,5.09090909090909,10,7,2,6,11,76,52,24,3,29,47,5.83552631578947,5.86538461538461,5.77083333333333,4.33333333333333,6.06896551724138,5.69148936170213,25
"25",2003,8,5.75,4,6.5,5,NA,5,6.5,2,2,0,2,2,80,54,26,3,31,49,5.83125,5.88888888888889,5.71153846153846,4.33333333333333,6,5.72448979591837,26
"26",2003,9,6.4,2,6.8,6,NA,6.8,6,1,1,0,1,1,82,55,27,3,32,50,5.84512195121951,5.90545454545455,5.72222222222222,4.33333333333333,6.025,5.73,27
"27",2003,10,5.14285714285714,7,5.25,5,NA,5.33333333333333,5,4,3,0,3,4,89,59,30,3,35,54,5.78988764044944,5.86101694915254,5.65,4.33333333333333,5.96571428571429,5.67592592592593,28
"28",2003,11,5.5,2,5.5,NA,NA,NA,5.5,2,0,0,0,2,91,61,30,3,35,56,5.78351648351648,5.84918032786885,5.65,4.33333333333333,5.96571428571429,5.66964285714286,29
"29",2003,12,6.6,5,6.75,6,6,6.5,7,4,1,1,4,1,96,65,31,4,39,57,5.82604166666667,5.90461538461538,5.66129032258065,4.75,6.02051282051282,5.69298245614035,30
"30",2004,1,5.5,5,5.5,NA,NA,4.5,5.75,5,0,0,1,4,101,70,31,4,40,61,5.80990099009901,5.87571428571429,5.66129032258065,4.75,5.9825,5.69672131147541,31
"31",2004,2,5.42857142857143,7,5.5,5.33333333333333,NA,4,6,4,3,0,2,5,108,74,34,4,42,66,5.78518518518519,5.8554054054054,5.63235294117647,4.75,5.88809523809524,5.71969696969697,32
"32",2004,3,6.60811142857143,7,6.60811142857143,NA,NA,7.41892666666667,6,7,0,0,3,4,115,81,34,4,45,70,5.83527634782609,5.92045407407407,5.63235294117647,4.75,5.99015066666667,5.73571428571429,33
"33",2004,4,6,6,6.66666666666667,5.33333333333333,5,5.5,6.25,3,3,1,2,4,121,84,37,5,47,74,5.84344446280992,5.94710452380952,5.60810810810811,4.8,5.96929319148936,5.76351351351351,34
"34",2004,6,6.6,5,7,6,6,6,6.75,3,2,1,1,4,126,87,39,6,48,78,5.87346650793651,5.98341126436782,5.62820512820513,5,5.96993291666667,5.81410256410256,36
"35",2004,7,3,1,3,NA,NA,NA,3,1,0,0,0,1,127,88,39,6,48,79,5.85084078740158,5.94950886363636,5.62820512820513,5,5.96993291666667,5.77848101265823,37
"36",2004,8,5.1,5,6,3.75,NA,5.1,NA,3,2,0,5,0,132,91,41,6,53,79,5.82239984848485,5.9511734065934,5.53658536585366,5,5.88786377358491,5.77848101265823,38
"37",2004,9,5.6875,8,6.75,4.625,3,7,4.9,4,4,1,3,5,140,95,45,7,56,84,5.81469128571429,5.98480821052631,5.45555555555556,4.71428571428571,5.9474425,5.72619047619048,39
"38",2004,10,6.5,4,5.5,7.5,6,9,5.66666666666667,2,2,1,1,3,144,97,47,8,57,87,5.83372763888889,5.97481216494845,5.54255319148936,4.875,6.00099614035088,5.72413793103448,40
"39",2004,11,6.16666666666667,6,5.25,8,NA,6.5,5.5,4,2,0,4,2,150,101,49,8,61,89,5.8470452,5.94610673267327,5.64285714285714,4.875,6.03371770491803,5.71910112359551,41
"40",2004,12,4.75,4,5,4.5,NA,5,4.66666666666667,2,2,0,1,3,154,103,51,8,62,92,5.81855051948052,5.92773572815534,5.59803921568628,4.875,6.01704483870968,5.68478260869565,42
"41",2005,1,5.46428571428571,14,6,4.92857142857143,4,6,5.16666666666667,7,7,1,5,9,168,110,58,9,67,101,5.78902845238095,5.93233436363636,5.51724137931035,4.77777777777778,6.0157728358209,5.63861386138614,43
"42",2005,2,7,1,7,NA,NA,7,NA,1,0,0,1,0,169,111,58,9,68,101,5.79619396449704,5.94195297297297,5.51724137931035,4.77777777777778,6.03024676470588,5.63861386138614,44
"43",2005,3,6,4,6.5,5.5,7,4,6.66666666666667,2,2,1,1,3,173,113,60,10,69,104,5.80090624277457,5.95182991150442,5.51666666666667,5,6.00082289855072,5.66826923076923,45
"44",2005,4,7.66666666666667,3,7.66666666666667,NA,NA,7.5,8,3,0,0,2,1,176,116,60,10,71,105,5.83270897727273,5.99617913793103,5.51666666666667,5,6.04305323943662,5.69047619047619,46
"45",2005,5,3.66666666666667,3,4,3,NA,3.66666666666667,NA,2,1,0,3,0,179,118,61,10,74,105,5.79640659217877,5.96234559322034,5.47540983606557,5,5.94671324324324,5.69047619047619,47
"46",2005,6,6.375,4,6.375,NA,NA,6,6.5,4,0,0,1,3,183,122,61,10,75,108,5.80905344262295,5.97587524590164,5.47540983606557,5,5.94742373333333,5.71296296296296,48
"47",2005,7,6.75,8,6.83333333333333,6.5,NA,7,6.66666666666667,6,2,0,2,6,191,128,63,10,77,114,5.84846481675393,6.01606859375,5.50793650793651,5,5.97476337662338,5.76315789473684,49
"48",2005,8,5.85714285714286,7,6.25,5.33333333333333,4,7,5.4,4,3,1,2,5,198,132,66,11,79,119,5.84877161616162,6.02315742424242,5.5,4.90909090909091,6.00071873417722,5.74789915966387,50
"49",2005,9,6,5,5.75,7,NA,6.5,5.66666666666667,4,1,0,2,3,203,136,67,11,81,122,5.85249645320197,6.01512338235294,5.52238805970149,4.90909090909091,6.01304666666667,5.74590163934426,51
"50",2005,10,5.42857142857143,7,5.5,5.33333333333333,3,5.6,5,4,3,1,5,2,210,140,70,12,86,124,5.83836561904762,6.00040557142857,5.51428571428572,4.75,5.9890323255814,5.73387096774194,52
"51",2005,11,6,4,5.66666666666667,7,NA,NA,6,3,1,0,0,4,214,143,71,12,86,128,5.84138682242991,5.99340405594406,5.53521126760564,4.75,5.9890323255814,5.7421875,53
"52",2005,12,6,8,6.33333333333333,5,4,6.5,5.83333333333333,6,2,1,2,6,222,149,73,13,88,134,5.84710261261261,6.00709248322148,5.52054794520548,4.69230769230769,6.00064522727273,5.74626865671642,54
"53",2006,1,5.66666666666667,6,5.66666666666667,NA,NA,6,5.33333333333333,6,0,0,3,3,228,155,73,13,91,137,5.84235429824561,5.99391470967742,5.52054794520548,4.69230769230769,6.00062395604396,5.73722627737226,55
"54",2006,2,7,1,NA,7,NA,NA,7,0,1,0,0,1,229,155,74,13,91,138,5.84740951965066,5.99391470967742,5.54054054054054,4.69230769230769,6.00062395604396,5.7463768115942,56
"55",2006,3,5.9,5,5.9,NA,NA,6,5.83333333333333,5,0,0,2,3,234,160,74,13,93,141,5.84853324786325,5.990979875,5.54054054054054,4.69230769230769,6.00061053763441,5.74822695035461,57
"56",2006,4,6.71428571428571,7,6.66666666666667,7,NA,7.2,5.5,6,1,0,5,2,241,166,75,13,98,143,5.87367958506224,6.01540228915663,5.56,4.69230769230769,6.06180387755102,5.74475524475525,58
"57",2006,5,4.33333333333333,3,4,4.5,NA,4.5,4,1,2,0,2,1,244,167,77,13,100,144,5.85474090163935,6.00333401197605,5.53246753246753,4.69230769230769,6.0305678,5.73263888888889,59
"58",2006,6,6.57142857142857,7,6.4,7,6,6.75,6.33333333333333,5,2,1,4,3,251,172,79,14,104,147,5.87472820717131,6.014865,5.56962025316456,4.78571428571429,6.05823826923077,5.74489795918367,60
"59",2006,7,5.61111111111111,9,5.64285714285714,5.5,NA,6.25,5.42857142857143,7,2,0,2,7,260,179,81,14,106,154,5.865603,6.00031720670391,5.5679012345679,4.78571428571429,6.06185641509434,5.73051948051948,61
"60",2006,8,6.57142857142857,7,6.66666666666667,6,NA,7,6.25,6,1,0,3,4,267,185,82,14,109,158,5.88410779026217,6.02192854054054,5.57317073170732,4.78571428571429,6.08767688073395,5.74367088607595,62
"61",2006,9,6.21428571428571,7,6.75,5.5,NA,7.33333333333333,5.375,4,3,0,3,4,274,189,85,14,112,162,5.89254299270073,6.03733746031746,5.57058823529412,4.78571428571429,6.12104267857143,5.73456790123457,63
"62",2006,10,4.5,6,5.5,4,NA,NA,4.5,2,4,0,0,6,280,191,89,14,112,168,5.86270278571429,6.03171089005236,5.5,4.78571428571429,6.12104267857143,5.69047619047619,64
"63",2006,11,6.33333333333333,9,6.33333333333333,NA,NA,6,6.6,9,0,0,4,5,289,200,89,14,116,173,5.87735910034602,6.0452839,5.5,4.78571428571429,6.11686879310345,5.71676300578035,65
"64",2006,12,6.03846153846154,13,6.38888888888889,5.25,6,6.16666666666667,5.92857142857143,9,4,1,6,7,302,209,93,15,122,180,5.88429397350993,6.06008028708134,5.48924731182796,4.86666666666667,6.11931786885246,5.725,66
"65",2007,1,5.91666666666667,12,6,5.5,6,6,5.83333333333333,10,2,1,6,6,314,219,95,16,128,186,5.88553114649682,6.05733689497717,5.48947368421053,4.9375,6.11372484375,5.72849462365591,67
"66",2007,2,6.13636363636364,11,6.8,5.58333333333333,5,6.5,6,5,6,1,3,8,325,224,101,17,131,194,5.89402086153846,6.07391419642857,5.4950495049505,4.94117647058824,6.12257083969466,5.73969072164948,68
"67",2007,3,5.78571428571429,7,5.875,5.66666666666667,6,5.25,6,4,3,1,2,5,332,228,104,18,133,199,5.89173728915663,6.07042447368421,5.5,5,6.10944947368421,5.74623115577889,69
"68",2007,4,5.6,5,5.6,NA,NA,7,5.25,5,0,0,1,4,337,233,104,18,134,203,5.88740884272997,6.06032952789699,5.5,5,6.11609537313433,5.73645320197044,70
"69",2007,5,6.84,5,6.55,8,8,8,6.55,4,1,1,1,4,342,237,105,19,135,207,5.90133561403509,6.06859400843882,5.52380952380952,5.15789473684211,6.13005022222222,5.75217391304348,71
"70",2007,6,5.9,10,5.875,6,NA,5.8,6,8,2,0,5,5,352,245,107,19,140,212,5.90129767045455,6.06227257142857,5.53271028037383,5.15789473684211,6.11826271428571,5.75801886792453,72
"71",2007,7,6.42857142857143,7,6.5,6,NA,7,5.66666666666667,6,1,0,4,3,359,251,108,19,144,215,5.91157877437326,6.0727361752988,5.53703703703704,5.15789473684211,6.14275541666667,5.75674418604651,73
"72",2007,8,5.61111111111111,9,5.8,5.375,NA,5.33333333333333,5.75,5,4,0,3,6,368,256,112,19,147,221,5.90423038043478,6.067409296875,5.53125,5.15789473684211,6.12623659863946,5.75656108597285,74
"73",2007,9,6,9,6,6,NA,6,6,6,3,0,5,4,377,262,115,19,152,225,5.90651665782493,6.06586557251908,5.54347826086957,5.15789473684211,6.12208407894737,5.76088888888889,75
"74",2007,10,5.5,6,5.5,5.5,6,5,5.6,2,4,1,1,5,383,264,119,20,153,230,5.90014825065274,6.06157871212121,5.54201680672269,5.2,6.11475019607843,5.75739130434783,76
"75",2007,11,7.45,4,7.45,NA,NA,7,7.6,4,0,0,1,3,387,268,119,20,154,233,5.91616739018088,6.08230141791045,5.54201680672269,5.2,6.12049857142857,5.78111587982833,77
"76",2007,12,5.78571428571429,14,6.3,4.5,NA,6.14285714285714,5.42857142857143,10,4,0,7,7,401,278,123,20,161,240,5.91161291770574,6.09013230215827,5.50813008130081,5.2,6.12147068322981,5.77083333333333,78
"77",2008,1,6.03125,16,6.07692307692308,5.83333333333333,NA,6,6.04545454545455,13,3,0,5,11,417,291,126,20,166,251,5.91620330935252,6.08954219931271,5.51587301587302,5.2,6.11781192771084,5.78286852589641,79
"78",2008,2,5.57142857142857,7,5.57142857142857,NA,NA,6,5,7,0,0,4,3,424,298,126,20,170,254,5.91051127358491,6.07737174496644,5.51587301587302,5.2,6.11503988235294,5.77362204724409,80
"79",2008,3,6.19090909090909,11,6.1375,6.33333333333333,NA,6.4375,6.05,8,3,0,4,7,435,306,129,20,174,261,5.91760179310345,6.0789437254902,5.53488372093023,5.2,6.12245275862069,5.78103448275862,81
"80",2008,4,5.59,10,5.25,5.675,6,5.55714285714286,5.66666666666667,2,8,1,7,3,445,308,137,21,181,264,5.91023995505618,6.07356097402597,5.54306569343066,5.23809523809524,6.10058994475138,5.77973484848485,82
"81",2008,5,6.05,10,5.94444444444444,7,NA,6,6.05555555555556,9,1,0,1,9,455,317,138,21,182,273,5.9133116043956,6.06989520504732,5.5536231884058,5.23809523809524,6.10003725274725,5.78882783882784,83
"82",2008,6,5.59090909090909,11,6,5.1,5.25,5.85714285714286,5.125,6,5,2,7,4,466,323,143,23,189,277,5.90570124463519,6.06859684210526,5.53776223776224,5.23913043478261,6.09104116402117,5.77924187725632,84
"83",2008,7,5.66666666666667,12,6,5.42857142857143,5.625,5.57142857142857,5.8,5,7,8,7,5,478,328,150,31,196,282,5.89970037656904,6.06755115853658,5.53266666666667,5.33870967741935,6.07248357142857,5.77960992907801,85
"84",2008,8,6.06153846153846,13,6.725,5,5,6.68571428571429,5.33333333333333,8,5,5,7,6,491,336,155,36,203,288,5.90398529531568,6.08320470238095,5.51548387096774,5.29166666666667,6.09362945812808,5.7703125,86
"85",2008,9,6.14285714285714,7,6.25,6,NA,5.75,6.66666666666667,4,3,0,4,3,498,340,158,36,207,291,5.90734293172691,6.085167,5.5246835443038,5.29166666666667,6.08698927536232,5.77955326460481,87
"86",2008,10,5.5,17,6.04545454545455,4.5,5,6.91666666666667,4.72727272727273,11,6,3,6,11,515,351,164,39,213,302,5.89389666019418,6.08392245014245,5.48719512195122,5.26923076923077,6.11036046948357,5.74122516556291,88
"87",2008,11,5.78,10,5.725,6,6,NA,5.78,8,2,1,0,10,525,359,166,40,213,312,5.8917272,6.07592417827298,5.4933734939759,5.2875,6.11036046948357,5.74246794871795,89
"88",2008,12,5.59090909090909,11,6.07142857142857,4.75,5,5.33333333333333,5.6875,7,4,2,3,8,536,366,170,42,216,320,5.88555369402985,6.07583819672131,5.47588235294118,5.27380952380952,6.09956842592593,5.74109375,90
"89",2009,1,5.47272727272727,22,5.71538461538462,5.12222222222222,4.75,5.375,5.49444444444444,13,9,4,4,18,558,379,179,46,220,338,5.86927738351255,6.063474353562,5.45810055865922,5.22826086956522,6.08639445454545,5.72795857988166,91
"90",2009,2,5.84090909090909,11,5.96875,5.5,5.75,5.75,5.875,8,3,2,3,8,569,387,182,48,223,346,5.86872896309315,6.06151622739018,5.45879120879121,5.25,6.08186896860987,5.73135838150289,92
"91",2009,3,6.625,8,6.33333333333333,6.8,6.33333333333333,6.33333333333333,6.8,3,5,3,3,5,577,390,187,51,226,351,5.87921452339688,6.06360712820513,5.49465240641711,5.31372549019608,6.08520699115044,5.7465811965812,93
"92",2009,4,5.9,10,6.5,5,5,6,5.85714285714286,6,4,3,3,7,587,396,191,54,229,358,5.87956862010222,6.07021914141414,5.48429319371728,5.2962962962963,6.08409074235808,5.74874301675978,94
"93",2009,5,6.625,6,6.66666666666667,6.58333333333333,6.58333333333333,6.9375,6,3,3,3,4,2,593,399,194,57,233,360,5.88711092748735,6.07470370927318,5.50128865979381,5.3640350877193,6.09874154506438,5.75013888888889,95
"94",2009,6,5.35,10,5.2,5.5,7,5,5.4375,5,5,1,2,8,603,404,199,58,235,368,5.87820361525705,6.06387816831683,5.50125628140704,5.39224137931035,6.08939055319149,5.74334239130435,96
"95",2009,7,5,12,5.85714285714286,3.8,4.25,4,5.33333333333333,7,5,4,3,9,615,411,204,62,238,377,5.86106793495935,6.06035712895377,5.45955882352941,5.31854838709677,6.06305369747899,5.73355437665783,97
"96",2009,8,6.125,4,6.125,NA,NA,4,6.83333333333333,4,0,0,1,3,619,415,204,62,239,380,5.86277347334411,6.06098019277108,5.45955882352941,5.31854838709677,6.05442167364017,5.74223684210526,98
"97",2009,9,5.95833333333333,6,5.66666666666667,6.25,5.5,5.875,6,3,3,2,2,4,625,418,207,64,241,384,5.863690848,6.05815019138756,5.47101449275362,5.32421875,6.05293269709544,5.744921875,99
"98",2009,10,5.85714285714286,14,6.4,4.5,5.66666666666667,5.625,6.16666666666667,10,4,3,8,6,639,428,211,67,249,390,5.86354738654147,6.0661373364486,5.45260663507109,5.33955223880597,6.03918385542169,5.75141025641026,100
"99",2009,11,6.1,5,6.33333333333333,5.75,5.75,6,6.125,3,2,2,1,4,644,431,213,69,250,394,5.86538319875777,6.06799716937355,5.45539906103286,5.35144927536232,6.03902712,5.75520304568528,101
"100",2009,12,5.83333333333333,15,6.16666666666667,5.33333333333333,5.5,6.08333333333333,5.66666666666667,9,6,4,6,9,659,440,219,73,256,403,5.86465368740516,6.07001540909091,5.45205479452055,5.35958904109589,6.040065546875,5.75322580645161,102
"101",2010,1,6.83333333333333,6,7.2,5,5,6.5,7,5,1,1,2,4,665,445,220,74,258,407,5.87339365413534,6.08271186516854,5.45,5.35472972972973,6.04363093023256,5.76547911547912,103
"102",2010,2,7.25,8,7.5,6.83333333333333,7.5,8.125,6.375,5,3,2,4,4,673,450,223,76,262,411,5.88975747399703,6.09845951111111,5.46860986547085,5.41118421052632,6.07540755725191,5.77141119221411,104
"103",2010,3,5.91666666666667,3,6.375,5,NA,5,6.375,2,1,0,1,2,676,452,224,76,263,413,5.88987689349113,6.09968314159292,5.46651785714286,5.41118421052632,6.07131855513308,5.77433414043584,105
"104",2010,4,6.35833333333333,12,6.47777777777778,6,6,6,6.47777777777778,9,3,2,3,9,688,461,227,78,266,422,5.89804764534884,6.10706459869848,5.47356828193833,5.42628205128205,6.07051421052632,5.789336492891,106
"105",2010,5,5.61428571428571,7,5.66,5.5,5.5,4,6.26,5,2,2,2,5,695,466,229,80,268,427,5.89518961151079,6.10226776824034,5.47379912663755,5.428125,6.0550626119403,5.79484777517565,107
"106",2010,6,5.4375,8,6.1,4.33333333333333,5,5.25,5.5,5,3,1,2,6,703,471,232,81,270,433,5.88998119487909,6.10224369426752,5.45905172413793,5.42283950617284,6.04909918518519,5.79076212471132,108
"107",2010,7,5.83333333333333,6,6.5,4.5,4.5,5.5,6.5,4,2,2,4,2,709,475,234,83,274,435,5.88950180535966,6.10559322105263,5.4508547008547,5.40060240963856,6.04108313868613,5.79402298850575,109
"108",2010,8,5.9625,8,6.53333333333333,4.25,5.5,5,6.1,6,2,1,1,7,717,481,236,84,275,442,5.89031629009763,6.11092885654886,5.44067796610169,5.40178571428572,6.03729738181818,5.79886877828054,110
"109",2010,9,6,4,6,NA,NA,6,6,4,0,0,3,1,721,485,236,84,278,443,5.89092479889043,6.11001397938144,5.44067796610169,5.40178571428572,6.03689489208633,5.79932279909707,111
"110",2010,10,6.66666666666667,6,6.66666666666667,6.66666666666667,6.5,NA,6.66666666666667,3,3,4,0,6,727,488,239,88,278,449,5.89732707015131,6.11343602459016,5.45606694560669,5.45170454545455,6.03689489208633,5.81091314031181,112
"111",2010,11,5.68181818181818,11,5,6.25,7.16666666666667,5.4,5.91666666666667,5,6,3,5,6,738,493,245,91,283,455,5.89411487804878,6.10214356997972,5.47551020408163,5.50824175824176,6.02564233215548,5.81230769230769,113
"112",2010,12,5.4,10,5.71428571428571,4.66666666666667,4.5,NA,5.4,7,3,2,0,10,748,500,248,93,283,465,5.88750906417113,6.09671356,5.46572580645161,5.48655913978495,6.02564233215548,5.80344086021505,114
"113",2011,1,6.66666666666667,9,6.66666666666667,NA,NA,6.33333333333333,6.83333333333333,9,0,0,3,6,757,509,248,93,286,471,5.89677249669749,6.10679131630648,5.46572580645161,5.48655913978495,6.02886986013986,5.81656050955414,115
"114",2011,2,5.33333333333333,9,6.75,4.2,4.75,3.75,6.6,4,5,2,4,5,766,513,253,95,290,476,5.8901524543081,6.11180658869396,5.44071146245059,5.47105263157895,5.99743717241379,5.82478991596639,116
"115",2011,3,6.4,5,6,7,7,7,6,3,2,2,2,3,771,516,255,97,292,479,5.89345885862516,6.1111565503876,5.45294117647059,5.50257731958763,6.00430404109589,5.8258872651357,117
"116",2011,4,6.3125,8,7.25,3.5,4,6.33333333333333,6.3,6,2,1,3,5,779,522,257,98,295,484,5.89776223363287,6.12424670498084,5.43774319066148,5.48724489795918,6.00765010169491,5.83078512396694,118
"117",2011,5,6.1,5,6.25,5.5,5.5,5.25,6.66666666666667,4,1,1,2,3,784,526,258,99,297,487,5.89905201530612,6.12520300380228,5.43798449612403,5.48737373737374,6.00254808080808,5.83593429158111,119
"118",2011,6,5.64285714285714,7,6.08333333333333,3,3,6.3,4,6,1,1,5,2,791,532,259,100,302,489,5.89678480404551,6.12473078947368,5.42857142857143,5.4625,6.00747278145695,5.82842535787321,120
"119",2011,7,5.42857142857143,7,5.6,5,6,6,5.33333333333333,5,2,1,1,6,798,537,261,101,303,495,5.89267766917293,6.11984502793296,5.42528735632184,5.46782178217822,6.00744811881188,5.82242424242424,121
"120",2011,8,5.7,13,6.12142857142857,5.20833333333333,5.625,5.25,5.9,7,6,2,4,9,811,544,267,103,307,504,5.88958912453761,6.11986540441176,5.42041198501873,5.47087378640777,5.99757908794788,5.82380952380952,122
"121",2011,9,4.5,2,NA,4.5,4,4,5,0,2,1,1,1,813,544,269,104,308,505,5.88617070110701,6.11986540441176,5.4135687732342,5.45673076923077,5.99109344155844,5.82217821782178,123
"122",2011,10,5.4,5,6,4.5,4.5,6.33333333333333,4,3,2,2,3,2,818,547,271,106,311,507,5.88319899755501,6.11920800731261,5.40682656826568,5.43867924528302,5.99439479099678,5.81499013806706,124
"123",2011,11,5.5,7,6,5.41666666666667,5.33333333333333,4.33333333333333,6.375,1,6,3,3,4,825,548,277,109,314,511,5.87994761212121,6.11899047445255,5.40703971119134,5.43577981651376,5.97852477707006,5.81937377690802,125
"124",2011,12,5.28571428571429,7,5.28571428571429,NA,NA,5.25,5.33333333333333,7,0,0,4,3,832,555,277,109,318,514,5.87494805288462,6.10848068468468,5.40703971119134,5.43577981651376,5.96936094339623,5.81653696498055,126
"125",2012,1,6.64285714285714,7,7.1,5.5,5.83333333333333,7.1,5.5,5,2,3,5,2,839,560,279,112,323,516,5.88135492252682,6.11733353571428,5.40770609318997,5.44642857142857,5.98686309597523,5.81531007751938,127
"126",2012,2,6.26923076923077,13,6.38888888888889,6,6,6.83333333333333,6.1,9,4,4,3,10,852,569,283,116,326,526,5.88727321596244,6.12162878734622,5.4160777385159,5.46551724137931,5.9946526993865,5.82072243346008,128
"127",2012,3,7,5,7.25,6,NA,6.33333333333333,8,4,1,0,3,2,857,573,284,116,329,528,5.8937652042007,6.12950572425829,5.4181338028169,5.46551724137931,5.99774097264438,5.82897727272727,129
"128",2012,4,6,6,8,4,4,4.75,6.625,3,3,1,2,4,863,576,287,117,331,532,5.89450380069525,6.13924788194444,5.40331010452962,5.45299145299145,5.99020175226586,5.83496240601504,130
"129",2012,5,5.8,5,5.8,NA,NA,5.5,6,5,0,0,2,3,868,581,287,117,333,535,5.89395942396314,6.13632836488812,5.40331010452962,5.45299145299145,5.9872575975976,5.83588785046729,131
"130",2012,6,6,6,6,6,7,6,6,3,3,1,3,3,874,584,290,118,336,538,5.89468739130435,6.1356280479452,5.40948275862069,5.46610169491525,5.98737136904762,5.8368029739777,132
"131",2012,7,6.19285714285714,7,6.3625,5.96666666666667,6,6.8625,5.3,4,3,2,4,3,881,588,293,120,340,541,5.89705650397276,6.13717139455782,5.41518771331058,5.475,5.997667,5.83382624768946,133
"132",2012,8,6.33333333333333,3,6.33333333333333,NA,NA,NA,6.33333333333333,3,0,0,0,3,884,591,293,120,340,544,5.89853708144797,6.13816714043993,5.41518771331058,5.475,5.997667,5.83658088235294,134
"133",2012,9,6.36666666666667,6,6.84,4,4,NA,6.36666666666667,5,1,1,0,6,890,596,294,121,340,550,5.90169301123596,6.144055,5.41037414965987,5.46280991735537,5.997667,5.84236363636364,135
"134",2012,10,5.81818181818182,22,6.66666666666667,5.23076923076923,6,6.7,5.55882352941176,9,13,2,5,17,912,605,307,123,345,567,5.89967848684211,6.15182938842975,5.4027687296417,5.47154471544715,6.00784573913043,5.83386243386243,136
"135",2012,11,6.08928571428571,42,6.29166666666667,5.58333333333333,5.81818181818182,6.42857142857143,5.91964285714286,30,12,11,14,28,954,635,319,134,359,595,5.90802597484277,6.15843587401575,5.40956112852665,5.5,6.02425286908078,5.83789915966387,137
"136",2012,12,6.1953488372093,43,6.34,5.5625,5.8,6.0625,6.22571428571429,35,8,5,8,35,997,670,327,139,367,630,5.92041803410231,6.16792056716418,5.41330275229358,5.51079136690648,6.02508659400545,5.85944444444444,138
"137",2013,1,6.13095238095238,42,6.54545454545455,4.61111111111111,6.16666666666667,6,6.18965517241379,33,9,3,13,29,1039,703,336,142,380,659,5.92892856592878,6.1856426458037,5.39181547619048,5.52464788732394,6.02422836842105,5.87397572078907,139
"138",2013,2,5.544,25,5.81875,5.05555555555556,5.41666666666667,5.78888888888889,5.40625,16,9,6,9,16,1064,719,345,148,389,675,5.91988419172933,6.17747813630042,5.38304347826087,5.52027027027027,6.01878349614396,5.86288888888889,140
"139",2013,3,6.03333333333333,30,6.09523809523809,5.88888888888889,5.66666666666667,6.30769230769231,5.82352941176471,21,9,3,13,17,1094,740,354,151,402,692,5.9229952285192,6.1751442972973,5.39590395480226,5.52317880794702,6.02812631840796,5.86192196531792,141
"140",2013,4,5.53548387096774,31,5.67391304347826,5.1375,5.375,5.57142857142857,5.525,23,8,4,7,24,1125,763,362,155,409,716,5.91231713777778,6.1600350982962,5.39019337016575,5.51935483870968,6.02030997555012,5.85062849162011,142
"141",2013,5,5.71428571428571,21,5.96428571428571,5.21428571428571,5.625,6.25,5.5,14,7,4,6,15,1146,777,369,159,415,731,5.90868828970332,6.15650808236808,5.38685636856369,5.52201257861635,6.02363079518072,5.84343365253078,143
"142",2013,6,6.35925925925926,27,6.79473684210526,5.325,5,6,6.53888888888889,19,8,2,9,18,1173,796,377,161,424,749,5.91905948849105,6.17174218592965,5.38554376657825,5.51552795031056,6.02312919811321,5.86014686248331,144
"143",2013,7,6.14655172413793,29,6.27954545454545,5.72857142857143,6.25,6,6.23611111111111,22,7,4,11,18,1202,818,384,165,435,767,5.92454806988353,6.1746415403423,5.391796875,5.53333333333333,6.02254432183908,5.86897001303781,145
"144",2013,8,5.765625,32,6.16666666666667,4.5625,4.66666666666667,5.07142857142857,5.96,24,8,3,7,25,1234,842,392,168,442,792,5.92042688816856,6.1744142280285,5.37487244897959,5.51785714285714,6.00748140271493,5.87184343434343,146
"145",2013,9,6.47368421052632,19,6.47058823529412,6.5,7,6.33333333333333,6.5,17,2,1,3,16,1253,859,394,169,445,808,5.92881626496409,6.18027564610012,5.38058375634518,5.52662721893491,6.00967815730337,5.88428217821782,147
"146",2013,10,6.06041666666667,24,6.05588235294118,6.07142857142857,6.5,5.8,6.12894736842105,17,7,5,5,19,1277,876,401,174,450,827,5.93128956930306,6.17786162100457,5.3926433915212,5.55459770114942,6.0073484,5.88990326481257,148
"147",2013,11,6.22258064516129,31,6.41666666666667,5.55714285714286,5.475,5.75,6.38695652173913,24,7,4,8,23,1308,900,408,178,458,850,5.93819325688074,6.18422975555555,5.39546568627451,5.55280898876404,6.00285323144105,5.90335294117647,149
"148",2013,12,6.15,28,6.61,5,6,6.14,6.15217391304348,20,8,2,5,23,1336,920,416,180,463,873,5.94263232035928,6.19348563043478,5.38786057692308,5.55777777777778,6.00433429805615,5.90990836197022,150
"149",2014,1,6.05084745762712,59,6.28888888888889,5.28571428571429,5.6,5.66666666666667,6.14893617021277,45,14,10,12,47,1395,965,430,190,475,920,5.94720916129032,6.19793448704663,5.38453488372093,5.56,5.99580374736842,5.92211956521739,151
"150",2014,2,6.140625,32,6.45454545454545,5.45,4.875,7.15,5.68181818181818,22,10,4,10,22,1427,987,440,194,485,942,5.9515464470918,6.20365428571428,5.38602272727273,5.54587628865979,6.01960160824742,5.91650743099787,152
"151",2014,3,5.89285714285714,28,5.77272727272727,6.33333333333333,5.6,7,5.59090909090909,22,6,5,6,22,1455,1009,446,199,491,964,5.95041703092784,6.19425845391477,5.3987668161435,5.54723618090452,6.03158203665988,5.90907676348548,153
"152",2014,4,6.10588235294118,17,6.48,5.57142857142857,6.33333333333333,5.85714285714286,6.28,10,7,3,7,10,1472,1019,453,202,498,974,5.95221248641304,6.19706259077527,5.4014348785872,5.55891089108911,6.02913008032128,5.91288501026694,154
"153",2014,5,6.11363636363636,22,6.33333333333333,5.64285714285714,5.7,5.5,6.21052631578947,15,7,5,3,19,1494,1034,460,207,501,993,5.95458954484605,6.19903943907157,5.40510869565217,5.56231884057971,6.02596163672655,5.91858006042296,155
"154",2014,6,6.13571428571429,14,5.42857142857143,6.84285714285714,7.15,6.5,6.075,7,7,6,2,12,1508,1041,467,213,503,1005,5.95627107427056,6.1938585782901,5.42665952890792,5.60704225352113,6.02784648111332,5.92044776119403,156
"155",2014,7,6.47222222222222,18,6.80769230769231,5.6,5.66666666666667,6.35714285714286,6.54545454545455,13,5,3,7,11,1526,1054,472,216,510,1016,5.96235699868938,6.20142958254269,5.42849576271186,5.60787037037037,6.03236623529412,5.92721456692913,157
"156",2014,8,6.18181818181818,22,6.52941176470588,5,5,6,6.26666666666667,17,5,1,7,15,1548,1071,477,217,517,1031,5.96547595607235,6.20663564892624,5.42400419287212,5.60506912442396,6.03192800773694,5.93215324927255,158
"157",2014,9,5.67826086956522,23,5.60666666666667,5.8125,5.6,5.41666666666667,5.77058823529412,15,8,5,6,17,1571,1086,485,222,523,1048,5.96127102482495,6.19834878453039,5.43041237113402,5.60495495495496,6.02486956022944,5.92953244274809,159
"158",2014,10,5.90384615384615,26,5.975,5.66666666666667,5.25,5.78571428571429,5.94736842105263,20,6,4,7,19,1597,1106,491,226,530,1067,5.96033611772073,6.19430992766727,5.43329938900204,5.59867256637168,6.02171090566038,5.92985004686035,160
"159",2014,11,6.09619047619048,21,6.64428571428571,5,5,6.82428571428571,5.73214285714286,14,7,5,7,14,1618,1120,498,231,537,1081,5.96209936959209,6.199934625,5.42720883534136,5.58571428571429,6.03217277467412,5.927289546716,161
"160",2014,12,6.00405405405405,37,6.55384615384615,4.70454545454545,5.125,5.8,6.07962962962963,26,11,6,10,27,1655,1146,509,237,547,1108,5.96303732930514,6.20796403141361,5.41159135559921,5.57405063291139,6.02792829981718,5.93100180505415,162
"161",2015,1,5.76451612903226,31,5.88636363636364,5.46666666666667,5.2,5.5,5.84166666666667,22,9,5,7,24,1686,1168,518,242,554,1132,5.9593871767497,6.20190648972603,5.41254826254826,5.56632231404959,6.02125772563177,5.92910777385159,163
"162",2015,2,5.76724137931035,29,6.05952380952381,5,4.85714285714286,5.53125,5.85714285714286,21,8,7,8,21,1715,1189,526,249,562,1153,5.95613806413994,6.19939174095879,5.40627376425855,5.54638554216868,6.01428252669039,5.92779705117086,164
"163",2015,3,6.04761904761905,21,5.86666666666667,6.5,5.5,7.2,5.6875,15,6,4,5,16,1736,1204,532,253,567,1169,5.95724468894009,6.19524649501661,5.41860902255639,5.54565217391304,6.02473858906526,5.92450812660393,165
"164",2015,4,5.966,25,6.16578947368421,5.33333333333333,3,6.25,5.87631578947368,19,6,1,6,19,1761,1223,538,254,573,1188,5.95736898353208,6.19478886345053,5.41765799256505,5.53562992125984,6.02709734729494,5.92373737373737,166
"165",2015,5,5.89444444444444,18,6.54615384615385,4.2,4.66666666666667,NA,5.89444444444444,13,5,3,0,18,1779,1236,543,257,573,1206,5.95673231028668,6.19848444983819,5.40644567219153,5.52548638132296,6.02709734729494,5.92330016583748,167
"166",2015,6,5.4,23,5.95294117647059,3.83333333333333,3,6.35714285714286,4.98125,17,6,4,7,16,1802,1253,549,261,580,1222,5.94962640399556,6.19515305666401,5.38925318761384,5.4867816091954,6.03108065517241,5.91096563011456,168
"167",2015,7,5.98787878787879,33,6.15652173913043,5.6,5.375,5.8875,6.02,23,10,8,8,25,1835,1276,559,269,588,1247,5.95031432152589,6.19445672413793,5.39302325581395,5.48345724907063,6.02912717687075,5.91315156375301,169
"168",2015,8,6,13,6,NA,NA,6.25,5.95454545454545,13,0,0,2,11,1848,1289,559,269,590,1258,5.95066384199134,6.19249556245151,5.39302325581395,5.48345724907063,6.02987589830508,5.91351351351351,170
"169",2015,9,5.5,22,5.83333333333333,4.78571428571429,4.75,5.75,5.44444444444444,15,7,4,4,18,1870,1304,566,273,594,1276,5.9453619144385,6.18836409509202,5.38551236749116,5.47271062271062,6.02799121212121,5.90689655172414,171
"170",2015,10,5.42105263157895,19,5.95833333333333,4.5,4.5,6,5.21428571428571,12,7,5,5,14,1889,1316,573,278,599,1290,5.94008829010058,6.18626655015198,5.37469458987783,5.45521582733813,6.02775756260434,5.89937984496124,172
"171",2015,11,5.86451612903226,31,5.852,5.91666666666667,5.66666666666667,6.85714285714286,5.575,25,6,3,7,24,1920,1341,579,281,606,1314,5.93886811458333,6.18003488441462,5.38031088082901,5.45747330960854,6.03733792079208,5.89345509893455,173
"172",2015,12,5.8625,28,5.925,5.70625,5.95,6.135,5.71111111111111,20,8,5,10,18,1948,1361,587,286,616,1332,5.93777042094456,6.17628712711242,5.38475298126065,5.46608391608392,6.03892334415584,5.89099099099099,174
"173",2016,1,6.00975609756098,41,6.16333333333333,5.59090909090909,6,6.3,5.96944444444444,30,11,7,5,36,1989,1391,598,293,621,1368,5.93925428858723,6.17600774982027,5.38854515050167,5.47883959044369,6.04102541062802,5.89305555555555,175
"174",2016,2,5.925,20,6.75,4.6875,4.75,5,6.23333333333333,12,8,6,5,15,2009,1403,606,299,626,1383,5.93911238427078,6.18091716322167,5.3792904290429,5.46421404682274,6.03271051118211,5.89674620390455,176
"175",2016,3,5.79411764705882,17,5.92857142857143,5.16666666666667,5.375,3,5.96875,14,3,4,1,16,2026,1417,609,303,627,1399,5.93789574531096,6.17842398023994,5.37824302134647,5.46303630363036,6.0278736523126,5.8975696926376,177
"176",2016,4,5.64705882352941,34,6.04166666666667,4.7,4.75,5,5.84615384615385,24,10,4,8,26,2060,1441,619,307,635,1425,5.93309552427185,6.17614627342124,5.3672859450727,5.45374592833876,6.01492406299213,5.89663157894737,178
"177",2016,5,5.9,25,5.93181818181818,5.66666666666667,5.66666666666667,6.21428571428571,5.77777777777778,22,3,3,7,18,2085,1463,622,310,642,1443,5.93269869544365,6.17247216678059,5.36872990353698,5.4558064516129,6.01709778816199,5.89514899514899,179
"178",2016,6,5.59677419354839,31,5.68518518518519,5,5.625,5.58333333333333,5.6,27,4,4,6,25,2116,1490,626,314,648,1468,5.92777730623819,6.16364213422819,5.36637380191693,5.45796178343949,6.01308145061728,5.89012261580381,180
"179",2016,7,5.14705882352941,17,5.85,4.14285714285714,4.25,6.08333333333333,4.63636363636364,10,7,4,6,11,2133,1500,633,318,654,1479,5.92155498359119,6.16155118666667,5.35284360189573,5.44276729559749,6.01372596330275,5.88079783637593,181
"180",2016,8,6.02105263157895,38,6.20714285714286,5.5,5.57142857142857,5.75,6.05294117647059,28,10,7,4,34,2171,1528,643,325,658,1513,5.92329653615845,6.16238663612565,5.35513219284603,5.44553846153846,6.01212276595745,5.88466622604098,182
"181",2016,9,6.16060606060606,33,6.29565217391304,5.85,5.6875,5.625,6.332,23,10,8,8,25,2204,1551,653,333,666,1538,5.92684971869329,6.16436284977434,5.36271056661562,5.45135135135135,6.00747264264264,5.89193758127438,183
"182",2016,10,5.67714285714286,35,6.00689655172414,4.08333333333333,4.5,5.4,5.788,29,6,5,10,25,2239,1580,659,338,676,1563,5.92294630638678,6.16147264556962,5.35106221547799,5.43727810650888,5.99848636094675,5.89027511196417,184
"183",2016,11,5.734375,32,6.06818181818182,5,7,4.16666666666667,6.09615384615385,22,10,4,6,26,2271,1602,669,342,682,1589,5.92028920299428,6.16019149812734,5.34581464872944,5.45555555555556,5.98237064516129,5.89364380113279,185
"184",2016,12,5.5741935483871,31,5.9,4.89,4.48333333333333,4.42857142857143,5.90833333333333,21,10,6,7,24,2302,1623,679,348,689,1613,5.91562848827107,6.15682487985212,5.33910162002945,5.43879310344828,5.96658458635704,5.8938623682579,186
"185",2017,1,6.05405405405405,37,6.23529411764706,4,4,6.42857142857143,5.96666666666667,34,3,2,7,30,2339,1657,682,350,696,1643,5.91781820436084,6.15843499094749,5.33321114369501,5.43057142857143,5.97123100574713,5.89519172245892,187
"186",2017,2,6.02380952380952,42,6.67307692307692,4.96875,4.8,5.875,6.05882352941176,26,16,10,8,34,2381,1683,698,360,704,1677,5.91968785384292,6.16638549019608,5.32485673352435,5.41305555555556,5.97013747159091,5.89850924269529,188
"187",2017,3,6.3,35,6.5,5.5,5,6.31818181818182,6.29166666666667,28,7,3,11,24,2416,1711,705,363,715,1701,5.92519734271523,6.1718449912332,5.32659574468085,5.40964187327824,5.975492,5.90405643738977,189
"188",2017,4,6.02068965517241,29,6.13478260869565,5.58333333333333,5.75,5.71428571428571,6.11818181818182,23,6,6,7,22,2445,1734,711,369,722,1723,5.92632997137014,6.17135339100346,5.32876230661041,5.41517615176152,5.97295952908587,5.90679048171793,190
"189",2017,5,6.08387096774194,31,6.364,4.91666666666667,7,7.33333333333333,5.784,25,6,3,6,25,2476,1759,717,372,728,1748,5.92830241518578,6.17409140420694,5.32531380753138,5.42795698924731,5.9841714010989,5.90503432494279,191
"190",2017,6,6.11904761904762,21,6.67647058823529,3.75,3.75,7.33333333333333,5.91666666666667,17,4,4,3,18,2497,1776,721,376,731,1766,5.9299065999199,6.17890021396396,5.31657420249653,5.41010638297872,5.98970831737346,5.90515288788222,192
"191",2017,7,5.94827586206897,29,6.325,5.11111111111111,4.83333333333333,6.4,5.85416666666667,20,9,6,5,24,2526,1796,730,382,736,1790,5.93011749010293,6.18052716035635,5.31404109589041,5.40104712041885,5.992495625,5.90446927374302,193
"192",2017,8,6.135,40,6.21212121212121,5.77142857142857,5.5,6.375,6.075,33,7,4,8,32,2566,1829,737,386,744,1822,5.93331129384256,6.1810972006561,5.31838534599728,5.4020725388601,5.99660857526882,5.90746432491767,194
"193",2017,9,5.89354838709677,31,5.95,5.6,5.75,5.72857142857143,5.94166666666667,26,5,4,7,24,2597,1855,742,390,751,1846,5.93283664998075,6.17785810242588,5.32028301886792,5.40564102564103,5.99411022636485,5.90790899241603,195
"194",2017,10,6.17435897435897,39,6.42692307692308,5.66923076923077,5.8375,6.41111111111111,6.10333333333333,26,13,8,9,30,2636,1881,755,398,760,1876,5.93641000758725,6.18130078681552,5.32629139072847,5.4143216080402,5.99904839473684,5.91103411513859,196
"195",2017,11,5.54652173913043,23,5.691875,5.21428571428571,5.83333333333333,6,5.50333333333333,16,7,6,2,21,2659,1897,762,404,762,1897,5.93303752538548,6.1771727886136,5.3252624671916,5.42054455445544,5.99905089238845,5.90652082235108,197
"196",2017,12,6.106,30,6.3695652173913,5.24,5.2,6.8,5.9672,23,7,5,5,25,2689,1920,769,409,767,1922,5.93496719226478,6.17947748958333,5.32448634590377,5.41784841075795,6.00427220338983,5.90731009365244,198
"197",2018,1,5.4375,40,5.91071428571429,4.33333333333333,5.125,5.16666666666667,5.51612903225806,28,12,8,9,31,2729,1948,781,417,776,1953,5.92767562477098,6.17561436344969,5.30925736235595,5.41223021582734,5.99455770618557,5.90110087045571,199
"198",2018,2,5.935,30,6.43684210526316,5.06818181818182,5.33333333333333,6.1,5.875,19,11,6,8,22,2759,1967,792,423,784,1975,5.92775526640087,6.17813766141332,5.30590909090909,5.41111111111111,5.99563364795919,5.90081012658228,200
"199",2018,3,6.04,25,6.5,3.625,3.66666666666667,5.85714285714286,6.11111111111111,21,4,3,7,18,2784,1988,796,426,791,1993,5.92876321120689,6.18153761569416,5.29746231155779,5.39882629107981,5.99440806573957,5.90270948319117,201
"200",2018,4,6.456,20,6.6325,5.75,6,6,6.53647058823529,16,4,2,3,17,2804,2004,800,428,794,2010,5.93252381597717,6.18513811377245,5.299725,5.40163551401869,5.99442919395466,5.90806965174129,202
"201",2018,5,6.13333333333333,15,6.9,4.6,5,6.33333333333333,6.08333333333333,10,5,1,3,12,2819,2014,805,429,797,2022,5.93359233061369,6.18868757696127,5.29537888198758,5.4006993006993,5.99570486825596,5.90910979228487,203
"202",2018,6,6.92307692307692,13,6.54545454545455,9,10,8.33333333333333,6.5,11,2,1,3,10,2832,2025,807,430,800,2032,5.93813445621469,6.19062557037037,5.30456009913259,5.41139534883721,6.004470975,5.91201771653543,204
"203",2018,7,6.26,25,6.36111111111111,6,4.5,6,6.30952380952381,18,7,2,4,21,2857,2043,814,432,804,2053,5.94095092054603,6.19212764561919,5.31054054054054,5.40717592592592,6.00444873134329,5.91608377983439,205
"204",2018,8,6.33333333333333,18,6.53571428571429,5.625,7,7.66666666666667,6.06666666666667,14,4,1,3,15,2875,2057,818,433,807,2068,5.94340757565217,6.19446610597958,5.3120782396088,5.4108545034642,6.01062798017348,5.91717601547389,206
"205",2018,9,6.63626666666667,15,6.888,5,NA,6.842,6.60461538461538,13,2,0,2,13,2890,2070,820,433,809,2081,5.9470037301038,6.19882163285024,5.31131707317073,5.4108545034642,6.01268328800989,5.92147044690053,207
"206",2018,10,5.54545454545455,22,5.78947368421053,4,3,5.625,5.5,19,3,1,8,14,2912,2089,823,434,817,2095,5.94397004807692,6.19509850646242,5.30653705953827,5.40529953917051,6.00888712362301,5.91865393794749,208
"207",2018,11,5.8,19,5.87142857142857,5.6,6.5,6.24285714285714,5.54166666666667,14,5,2,7,12,2931,2103,828,436,824,2107,5.94303677243261,6.19294378506895,5.30830917874396,5.41032110091743,6.01087473300971,5.9165068818225,209
"208",2018,12,5.68928571428571,28,5.825,4.875,5.16666666666667,6.18571428571429,5.52380952380952,24,4,3,7,21,2959,2127,832,439,831,2128,5.9406356133829,6.18879209214857,5.30622596153846,5.40865603644647,6.01234750902527,5.91263157894737,210
"209",2019,1,5.74594594594595,37,6.14642857142857,4.5,5,5.875,5.71034482758621,28,9,4,8,29,2996,2155,841,443,839,2157,5.93823123497997,6.1882416612529,5.29759809750297,5.40496613995485,6.0110378784267,5.90991191469634,211
"210",2019,2,6.1837037037037,27,6.14347826086957,6.415,6.33,6.2,6.18086956521739,23,4,2,4,23,3023,2178,845,445,843,2180,5.9404236784651,6.18776895316804,5.3028875739645,5.40912359550562,6.01193449584816,5.91277064220184,212
"211",2019,3,6.21724137931034,29,6.575,4.5,5,6.25,6.212,24,5,2,4,25,3052,2202,850,447,847,2205,5.94305399082569,6.19198945504087,5.29816470588235,5.40729306487696,6.01305877213696,5.91616326530612,213
"212",2019,4,5.47826086956522,23,5.8,4.875,5,5,5.57894736842105,15,8,6,4,19,3075,2217,858,453,851,2224,5.93957748943089,6.18933729364005,5.29421911421911,5.40189845474614,6.00829703877791,5.91328237410072,214
"213",2019,5,6.7,25,6.79545454545455,6,10,6.75,6.68421052631579,22,3,1,6,19,3100,2239,861,454,857,2243,5.94570992903226,6.19529288968289,5.29667828106852,5.41202643171806,6.01348982497083,5.91981275078021,215
"214",2019,6,6.4190668,25,6.8375,4.745334,5.90889,5,6.47819458333333,20,5,3,1,24,3125,2259,866,457,858,2267,5.949496784,6.2009786542718,5.293495,5.41528811816192,6.0123086013986,5.9257241596824,216
"215",2019,7,5.98269230769231,26,5.9804347826087,6,NA,5.875,6.03055555555556,23,3,0,8,18,3151,2282,869,457,866,2285,5.94977069184386,6.19875581945662,5.29593402761795,5.41528811816192,6.01104016166282,5.92654996498906,217
"216",2019,8,6.32954545454545,22,6.6875,5.375,6,6,6.34523809523809,16,6,2,1,21,3173,2298,875,459,867,2306,5.95240386069965,6.20215873803307,5.29647619428571,5.41783588235294,6.01102742791234,5.93036282307025,218
"217",2019,9,6.14642857142857,28,6.20454545454545,5.93333333333333,5.2,5.875,6.19166666666667,22,6,3,4,24,3201,2320,881,462,871,2330,5.95410104654795,6.20218137068965,5.30081347332577,5.41642136363636,6.01040273249139,5.93305436480687,219
"218",2019,10,5.7625,24,5.675,5.9375,6.625,6.43,5.28571428571429,16,8,4,10,14,3225,2336,889,466,881,2344,5.95267517829457,6.19857053938356,5.30654293588301,5.42679542918455,6.01516547105562,5.92918799914676,220
"219",2019,11,6.73809523809524,21,6.825,5,5,6.5,6.77777777777778,20,1,1,3,18,3246,2356,890,467,884,2362,5.95775645409735,6.20388827674024,5.30619850561798,5.42588152034261,6.01681083710407,5.93565481371719,221
"220",2019,12,6.04166666666667,24,6.42105263157895,4.6,NA,6,6.05555555555556,19,5,0,6,18,3270,2375,895,467,890,2380,5.9583723088685,6.20562559157894,5.30225326256983,5.42588152034261,6.01669750561798,5.93656162605042,222
"221",2020,1,6.00155046511628,43,6.41555566666667,5.04615384615385,4.2,5.88461538461539,6.05222233333333,30,13,5,13,30,3313,2405,908,472,903,2410,5.95893272562632,6.20824426195426,5.29858664096916,5.41289548728813,6.01479599114064,5.93800138589212,223
"222",2020,2,5.99380964285714,28,6.18303045454545,5.3,5.76,6.66666666666667,5.9130668,22,6,5,3,25,3341,2427,914,477,906,2435,5.95922501945525,6.2080157066337,5.2985959190372,5.41653389937107,6.01695450331126,5.93774538398357,224
"223",2020,3,5.83333333333333,30,6.14285714285714,5.11111111111111,4.83333333333333,6,5.77272727272727,21,9,6,8,22,3371,2448,923,483,914,2457,5.95810465440522,6.20745674836601,5.29676778981582,5.40928917184265,6.01680610503282,5.93626781033781,225
"224",2020,4,6.0736,25,6.81411764705882,4.5,4.66666666666667,5,6.342,17,8,3,5,20,3396,2465,931,486,919,2477,5.95895488515901,6.21164061663286,5.28992123523093,5.40470508230453,6.01127397170838,5.93954380702463,226
"225",2020,5,6.31071428571429,28,6.52916666666667,5,6.5,5.6,6.46521739130435,24,4,2,5,23,3424,2489,935,488,924,2500,5.96183142231308,6.21470233828847,5.28868093048128,5.40919399590164,6.00904846320346,5.944380004,227
"226",2020,6,5.94117647058824,17,6.58333333333333,4.4,6,5.8,6,12,5,1,5,12,3441,2501,940,489,929,2512,5.96172937808776,6.21647105957617,5.28395390425532,5.41040218813906,6.00792333692142,5.94464570461784,228
"227",2020,7,5.93181818181818,22,6.26923076923077,5.44444444444444,4.5,6.66666666666667,5.81578947368421,13,9,4,3,19,3463,2514,949,493,932,2531,5.96153935604966,6.21674388225934,5.285475943098,5.40301555780933,6.01004375536481,5.94367839193995,229
"228",2020,8,5.82692307692308,26,6.21428571428571,4.2,5,5,5.97727272727273,21,5,1,4,22,3489,2535,954,494,936,2553,5.96053619661794,6.21672351873767,5.27978686582809,5.4021997368421,6.00572732905983,5.94396788484136,230
"229",2020,9,6.596,25,6.73636363636364,5.56666666666667,6.7,6.33333333333333,6.67894736842105,22,3,1,6,19,3514,2557,957,495,942,2572,5.96505714001138,6.22119441533046,5.28068617554859,5.40482155555555,6.00781399150743,5.94939736003111,231
"230",2020,10,6.37037037037037,27,6.43478260869565,6,5.75,4.5,6.52,23,4,2,2,25,3541,2580,961,497,944,2597,5.968147639085,6.22309849612403,5.28368019771072,5.40621060362173,6.00461947033898,5.95489026184059,232
"231",2020,11,6.4725,32,6.26761904761905,6.86363636363636,7,6.81,6.45,21,11,3,2,30,3573,2601,972,500,946,2627,5.97266464875455,6.22345794694348,5.3015603600823,5.41577334,6.00632217758985,5.96054435097069,233
"232",2020,12,5.95384615384615,26,6.28125,5.43,6.075,5.18571428571429,6.23684210526316,16,10,4,7,19,3599,2617,982,504,953,2646,5.97252869963879,6.22381128009171,5.302868299389,5.42100529761905,6.00029462749213,5.96252834845049,234
"233",2021,1,5.85714285714286,42,6,5.33333333333333,4.5,6.83333333333333,5.69444444444444,33,9,3,6,36,3641,2650,991,507,959,2682,5.971197690195,6.22102419622641,5.30314497477296,5.41555556213018,6.00550654848801,5.95892990678598,235
"234",2021,2,6.71755566666667,30,6.68444458333333,6.85,5.03333333333333,5.66666666666667,6.98027791666667,24,6,3,6,24,3671,2674,997,510,965,2706,5.97729704712612,6.22518354151084,5.31245403209629,5.41330719607843,6.00339977202073,5.96798842572062,236
"235",2021,3,6.06066666666667,21,6.6875,4.0548,3.5685,6.28425,5.92307692307692,16,5,4,8,13,3692,2690,1002,514,973,2719,5.97777125135428,6.22793337918215,5.30617831337325,5.39895071984436,6.00570892086331,5.96777369621184,237
"236",2021,4,6.528,20,6.77066666666667,5.8,5.25,7.025,6.40375,15,5,4,4,16,3712,2705,1007,518,977,2735,5.98073584590517,6.23094299075785,5.30863025819265,5.39780052123552,6.00988206755374,5.97032419744058,238
"237",2021,5,6.11923076923077,26,6.24285714285714,5.6,5.33333333333333,6.16666666666667,6.11304347826087,21,5,3,3,23,3738,2726,1012,521,980,2758,5.9816991599786,6.23103477256053,5.31006983201581,5.39742930902111,6.01036202040817,5.97151438723713,239
"238",2021,6,6.494222,15,6.67238071428571,4,NA,NA,6.494222,14,1,0,0,15,3753,2740,1013,521,980,2773,5.9837476125766,6.23328982481752,5.3087765745311,5.39742930902111,6.01036202040817,5.97434187161918,240
"239",2021,7,5.6875,16,6.16666666666667,4.25,4.33333333333333,4.83333333333333,6.2,12,4,3,6,10,3769,2752,1017,524,986,2783,5.98248999469355,6.23299931686046,5.30461226155359,5.39133715648855,6.00319957403651,5.97515271649299,241
"240",2021,8,5.83157894736842,19,6.175,4,3,5.5,5.92,16,3,1,4,15,3788,2768,1020,525,990,2798,5.98173304910243,6.23266406069364,5.30077516666667,5.38678222857143,6.00116644444445,5.97485704431737,242
"241",2021,9,6.37909090909091,22,6.63333333333333,5.83428571428571,4,4.1,7.04941176470588,15,7,3,5,17,3810,2783,1027,528,995,2815,5.984027503937,6.23482361480417,5.30441155793574,5.37890278409091,5.99161284422111,5.98134636234458,243
"242",2021,10,6.11538461538461,13,6.65,4.33333333333333,3.5,6.75,5.57142857142857,10,3,2,6,7,3823,2793,1030,530,1001,2822,5.98447417996338,6.236310103831,5.30158317475728,5.37181258490566,5.99615862137862,5.98032955705174,244
"243",2021,11,5.68421052631579,19,5.84615384615385,5.33333333333333,4.33333333333333,4.66666666666667,5.875,13,6,3,3,16,3842,2806,1036,533,1004,2838,5.98298927381572,6.23450253741981,5.30176705598456,5.3659674859287,5.99218603585658,5.9797357329105,245
"244",2021,12,6.08333333333333,24,6.36842105263158,5,5,5.75,6.15,19,5,3,4,20,3866,2825,1041,536,1008,2858,5.9836122064149,6.23540322831858,5.30031764649376,5.36391916044776,5.99122498015873,5.9809272253324,246
"245",2022,1,6.37093939393939,33,6.47080769230769,6,6,6.6,6.33003571428571,26,7,3,5,28,3899,2851,1048,539,1013,2886,5.98689043087971,6.23755002455279,5.30499109732824,5.36745949907236,5.99422979269497,5.98431427927928,247
"246",2022,2,6.16666666666667,24,6.62352941176471,5.05714285714286,5,5.975,6.205,17,7,3,4,20,3923,2868,1055,542,1017,2906,5.98799026000509,6.23983790794979,5.30334660663507,5.3654255904059,5.99415415929204,5.98583310736407,248
"247",2022,3,6.42222222222222,27,6.42,6.42857142857143,6.66666666666667,6.25,6.45217391304348,20,7,3,4,23,3950,2888,1062,545,1021,2929,5.9909584278481,6.24108556786703,5.31076334274953,5.3725883853211,5.99515649363369,5.98949505291908,249
"248",2022,4,5.93103448275862,29,6.02272727272727,5.64285714285714,7,6.16666666666667,5.8695652173913,22,7,2,6,23,3979,2910,1069,547,1027,2952,5.99052168635335,6.23943474914089,5.31293795135641,5.37853870201097,5.99615850048686,5.9885606402439,250
"249",2022,5,6.08333333333333,18,6.34615384615385,5.4,4.5,7.5,5.90625,13,5,2,2,16,3997,2923,1074,549,1029,2968,5.99093965223918,6.23990938077318,5.31334326815642,5.37533819672131,5.99908141885326,5.9881169171159,251
"250",2022,6,5.36176470588235,17,5.47083333333333,5.1,8,5.5,5.34333333333333,12,5,1,2,15,4014,2935,1079,550,1031,2983,5.98827498505231,6.2367649471891,5.31235465245598,5.38011030909091,5.9981132686712,5.98487462621522,252
"251",2022,7,6.20681818181818,22,6.19722222222222,6.25,5,6,6.23947368421053,18,4,2,3,19,4036,2953,1083,552,1034,3002,5.98946625123885,6.23652391466305,5.31581779316713,5.37873309782609,5.99811874274662,5.98648601265823,253
"252",2022,8,6.0546875,32,6.70238095238095,4.81818181818182,5.1,5.66666666666667,6.14423076923077,21,11,5,6,26,4068,2974,1094,557,1040,3028,5.98997929941003,6.23981342299933,5.31081414076782,5.37623100538599,5.99620651923077,5.98784049207398,254
