"","year","month","avg_rating","no_ratings","avg_rating_owned","avg_rating_not_owned","avg_rating_prev_owned","avg_rating_comment","avg_rating_no_comment","no_ratings_owned","no_ratings_not_owned","no_ratings_prev_owned","no_ratings_comment","no_ratings_no_comment","cum_no_ratings","cum_no_ratings_owned","cum_no_ratings_not_owned","cum_no_ratings_prev_owned","cum_no_ratings_comment","cum_no_ratings_no_comment","cum_avg_rating","cum_avg_rating_owned","cum_avg_rating_not_owned","cum_avg_rating_prev_owned","cum_avg_rating_comment","cum_avg_rating_no_comment","month_after_release"
"1",2002,7,8,1,8,NA,NA,NA,8,1,0,0,0,1,1,1,0,0,0,1,8,8,NA,NA,NA,8,0
"2",2002,8,8,2,8,NA,NA,9,7,2,0,0,1,1,3,3,0,0,1,2,8,8,NA,NA,9,7.5,1
"3",2002,10,7,2,NA,7,NA,NA,7,0,2,0,0,2,5,3,2,0,1,4,7.6,8,7,NA,9,7.25,3
"4",2002,11,5.66666666666667,3,NA,5.66666666666667,NA,10,3.5,0,3,0,1,2,8,3,5,0,2,6,6.875,8,6.2,NA,9.5,6,4
"5",2002,12,8,3,8,NA,NA,9.5,5,3,0,0,2,1,11,6,5,0,4,7,7.18181818181818,8,6.2,NA,9.5,5.85714285714286,5
"6",2003,1,6.5,2,6.5,NA,NA,8,5,2,0,0,1,1,13,8,5,0,5,8,7.07692307692308,7.625,6.2,NA,9.2,5.75,6
"7",2003,3,8,1,8,NA,NA,NA,8,1,0,0,0,1,14,9,5,0,5,9,7.14285714285714,7.66666666666667,6.2,NA,9.2,6,8
"8",2003,4,7.66666666666667,3,7.5,8,NA,7.66666666666667,NA,2,1,0,3,0,17,11,6,0,8,9,7.23529411764706,7.63636363636364,6.5,NA,8.625,6,9
"9",2003,5,9.16666666666667,3,10,7.5,NA,9.16666666666667,NA,2,1,0,3,0,20,13,7,0,11,9,7.525,8,6.64285714285714,NA,8.77272727272727,6,10
"10",2003,6,7,2,NA,7,NA,NA,7,0,2,0,0,2,22,13,9,0,11,11,7.47727272727273,8,6.72222222222222,NA,8.77272727272727,6.18181818181818,11
"11",2003,7,6.97222222222222,9,7.625,5.66666666666667,NA,5.5,7.39285714285714,6,3,0,2,7,31,19,12,0,13,18,7.33064516129032,7.88157894736842,6.45833333333333,NA,8.26923076923077,6.65277777777778,12
"12",2003,8,6.6,5,6.6,NA,NA,6.5,6.66666666666667,5,0,0,2,3,36,24,12,0,15,21,7.22916666666667,7.61458333333333,6.45833333333333,NA,8.03333333333333,6.65476190476191,13
"13",2003,9,7.5,1,7.5,NA,NA,7.5,NA,1,0,0,1,0,37,25,12,0,16,21,7.23648648648649,7.61,6.45833333333333,NA,8,6.65476190476191,14
"14",2003,10,8.5,2,8.5,NA,NA,10,7,2,0,0,1,1,39,27,12,0,17,22,7.30128205128205,7.67592592592593,6.45833333333333,NA,8.11764705882353,6.67045454545455,15
"15",2003,11,8.25,2,8.25,NA,NA,9.5,7,2,0,0,1,1,41,29,12,0,18,23,7.34756097560976,7.71551724137931,6.45833333333333,NA,8.19444444444445,6.68478260869565,16
"16",2003,12,7,2,8,6,NA,NA,7,1,1,0,0,2,43,30,13,0,18,25,7.33139534883721,7.725,6.42307692307692,NA,8.19444444444445,6.71,17
"17",2004,1,8.5,2,9,8,NA,8.5,NA,1,1,0,2,0,45,31,14,0,20,25,7.38333333333333,7.76612903225806,6.53571428571429,NA,8.225,6.71,18
"18",2004,2,6.5,4,7.33333333333333,4,NA,5.5,7.5,3,1,0,2,2,49,34,15,0,22,27,7.31122448979592,7.72794117647059,6.36666666666667,NA,7.97727272727273,6.76851851851852,19
"19",2004,3,8,2,8,NA,NA,8,8,2,0,0,1,1,51,36,15,0,23,28,7.33823529411765,7.74305555555556,6.36666666666667,NA,7.97826086956522,6.8125,20
"20",2004,4,4.75,4,6,1,NA,6,3.5,3,1,0,2,2,55,39,16,0,25,30,7.15,7.60897435897436,6.03125,NA,7.82,6.59166666666667,21
"21",2004,5,8,1,8,NA,NA,NA,8,1,0,0,0,1,56,40,16,0,25,31,7.16517857142857,7.61875,6.03125,NA,7.82,6.63709677419355,22
"22",2004,7,8,3,8,NA,NA,8,NA,3,0,0,3,0,59,43,16,0,28,31,7.20762711864407,7.6453488372093,6.03125,NA,7.83928571428572,6.63709677419355,24
"23",2004,8,7.66666666666667,3,8,7,7,8,7,2,1,1,2,1,62,45,17,1,30,32,7.22983870967742,7.66111111111111,6.08823529411765,7,7.85,6.6484375,25
"24",2004,10,7.83333333333333,6,7.5,8.5,NA,8.33333333333333,7.33333333333333,4,2,0,3,3,68,49,19,1,33,35,7.28308823529412,7.64795918367347,6.34210526315789,7,7.89393939393939,6.70714285714286,27
"25",2004,11,7.75,4,8.5,7,7,7.66666666666667,8,2,2,1,3,1,72,51,21,2,36,36,7.30902777777778,7.68137254901961,6.40476190476191,7,7.875,6.74305555555556,28
"26",2004,12,8.35714285714286,7,8.41666666666667,8,8,8.625,8,6,1,1,4,3,79,57,22,3,40,39,7.40189873417722,7.75877192982456,6.47727272727273,7.33333333333333,7.95,6.83974358974359,29
"27",2005,1,7.7,5,7.33333333333333,8.25,NA,9,7.375,3,2,0,1,4,84,60,24,3,41,43,7.41964285714286,7.7375,6.625,7.33333333333333,7.97560975609756,6.88953488372093,30
"28",2005,2,8,2,8,NA,NA,9,7,2,0,0,1,1,86,62,24,3,42,44,7.43313953488372,7.74596774193548,6.625,7.33333333333333,8,6.89204545454545,31
"29",2005,3,7.725,4,7.66666666666667,7.9,NA,7,8.45,3,1,0,2,2,90,65,25,3,44,46,7.44611111111111,7.74230769230769,6.676,7.33333333333333,7.95454545454545,6.95978260869565,32
"30",2005,5,7.92857142857143,7,8.7,6,7,9.66666666666667,6.625,5,2,1,3,4,97,70,27,4,47,50,7.48092783505155,7.81071428571429,6.62592592592593,7.25,8.06382978723404,6.933,34
"31",2005,6,7.55555555555556,9,7.5,8,8,7.42857142857143,8,8,1,1,7,2,106,78,28,5,54,52,7.4872641509434,7.77884615384615,6.675,7.4,7.98148148148148,6.97403846153846,35
"32",2005,7,7.66666666666667,12,8.14285714285714,7,NA,8.16666666666667,7.16666666666667,7,5,0,6,6,118,85,33,5,60,58,7.50550847457627,7.80882352941176,6.72424242424242,7.4,8,6.99396551724138,36
"33",2005,8,7.5,8,7.4,7.66666666666667,NA,7.8,7,5,3,0,5,3,126,90,36,5,65,61,7.50515873015873,7.78611111111111,6.80277777777778,7.4,7.98461538461539,6.99426229508197,37
"34",2005,9,7.33333333333333,9,8.16666666666667,5.66666666666667,NA,8,7.25,6,3,0,1,8,135,96,39,5,66,69,7.4937037037037,7.80989583333333,6.71538461538461,7.4,7.98484848484849,7.02391304347826,38
"35",2005,10,7.5,13,8.58333333333333,6.57142857142857,6,7.22222222222222,8.125,6,7,1,9,4,148,102,46,6,75,73,7.49425675675676,7.85539215686275,6.69347826086956,7.16666666666667,7.89333333333333,7.08424657534247,39
"36",2005,11,8.125,8,8.28571428571429,7,NA,8.125,NA,7,1,0,8,0,156,109,47,6,83,73,7.52660256410257,7.88302752293578,6.7,7.16666666666667,7.91566265060241,7.08424657534247,40
"37",2005,12,7.63333333333333,15,8.25,6.4,NA,7.92857142857143,7.375,10,5,0,7,8,171,119,52,6,90,81,7.5359649122807,7.91386554621849,6.67115384615385,7.16666666666667,7.91666666666667,7.11296296296296,41
"38",2006,1,7.76666666666667,12,8.32,5,NA,7.625,7.8375,10,2,0,4,8,183,129,54,6,94,89,7.55109289617486,7.9453488372093,6.60925925925926,7.16666666666667,7.90425531914894,7.17808988764045,42
"39",2006,2,8.16666666666667,6,8.66666666666667,7.66666666666667,8,8,8.5,3,3,1,4,2,189,132,57,7,98,91,7.57063492063492,7.96174242424242,6.66491228070175,7.28571428571429,7.90816326530612,7.20714285714286,43
"40",2006,3,7.3125,16,8.05,6.08333333333333,6.5,7.35714285714286,7.27777777777778,10,6,2,7,9,205,142,63,9,105,100,7.55048780487805,7.96795774647887,6.60952380952381,7.11111111111111,7.87142857142857,7.2135,44
"41",2006,4,6.61111111111111,9,8.1,4.75,NA,6.58333333333333,6.66666666666667,5,4,0,6,3,214,147,67,9,111,103,7.51098130841122,7.97244897959184,6.49850746268657,7.11111111111111,7.8018018018018,7.19757281553398,45
"42",2006,5,7.95833333333333,12,8.25,6.5,NA,8.41666666666667,7.5,10,2,0,6,6,226,157,69,9,117,109,7.53473451327434,7.99012738853503,6.49855072463768,7.11111111111111,7.83333333333333,7.21422018348624,46
"43",2006,6,8.875,4,8.875,NA,NA,9,8.83333333333333,4,0,0,1,3,230,161,69,9,118,112,7.55804347826087,8.01211180124224,6.49855072463768,7.11111111111111,7.84322033898305,7.25758928571429,47
"44",2006,7,7.6,15,8,7,NA,7.16666666666667,7.88888888888889,9,6,0,6,9,245,170,75,9,124,121,7.56061224489796,8.01147058823529,6.53866666666667,7.11111111111111,7.81048387096774,7.30454545454545,48
"45",2006,8,8.11111111111111,9,8.5,7.8,9,7,8.42857142857143,4,5,1,2,7,254,174,80,10,126,128,7.58011811023622,8.02270114942529,6.6175,7.3,7.79761904761905,7.366015625,49
"46",2006,9,6.53333333333333,15,7.375,5.57142857142857,10,7.33333333333333,5.33333333333333,8,7,1,9,6,269,182,87,11,135,134,7.52174721189591,7.99423076923077,6.53333333333333,7.54545454545455,7.76666666666667,7.275,50
"47",2006,10,7.03125,8,6.875,7.5,NA,7.5,6.875,6,2,0,2,6,277,188,89,11,137,140,7.50758122743682,7.95851063829787,6.55505617977528,7.54545454545455,7.76277372262774,7.25785714285714,51
"48",2006,11,7.4375,8,7.91666666666667,6,NA,6.83333333333333,7.8,6,2,0,3,5,285,194,91,11,140,145,7.50561403508772,7.95721649484536,6.54285714285714,7.54545454545455,7.74285714285714,7.27655172413793,52
"49",2006,12,7.75238095238095,21,8.16666666666667,6.71666666666667,NA,8.16666666666667,7.2,15,6,0,12,9,306,209,97,11,152,154,7.52254901960784,7.97224880382775,6.55360824742268,7.54545454545455,7.77631578947368,7.27207792207792,53
"50",2007,1,8.29411764705882,17,8.46428571428571,7.5,NA,8.25,8.30769230769231,14,3,0,4,13,323,223,100,11,156,167,7.56315789473684,8.00313901345291,6.582,7.54545454545455,7.78846153846154,7.35269461077844,54
"51",2007,2,7.28372222222222,18,7.5,6.94385714285714,NA,7.4,7.239,11,7,0,5,13,341,234,107,11,161,180,7.54840762463343,7.97948717948718,6.60567289719626,7.54545454545455,7.77639751552795,7.34448333333333,55
"52",2007,3,7.21875,16,7.63636363636364,6.3,NA,7.0625,7.375,11,5,0,8,8,357,245,112,11,169,188,7.53363305322129,7.96408163265306,6.59202678571428,7.54545454545455,7.74260355029586,7.34578191489362,56
"53",2007,4,7.20833333333333,12,8.58333333333333,5.83333333333333,NA,6.8,7.5,6,6,0,5,7,369,251,118,11,174,195,7.52305420054201,7.97888446215139,6.55344915254237,7.54545454545455,7.71551724137931,7.35131794871795,57
"54",2007,5,7.28846153846154,13,7.71875,6.6,7.5,7,7.375,8,5,2,3,10,382,259,123,13,177,205,7.51507068062827,7.97084942084942,6.55534146341463,7.53846153846154,7.70338983050847,7.35247317073171,58
"55",2007,6,7.07142857142857,21,8,6.5,7,6.21428571428571,7.5,8,13,1,7,14,403,267,136,14,184,219,7.49195285359802,7.97172284644195,6.55005147058823,7.5,7.64673913043478,7.36190410958904,59
"56",2007,7,8.25263157894737,19,8.35833333333333,8.07142857142857,7,8.31666666666667,8.14285714285714,12,7,1,12,7,422,279,143,15,196,226,7.52620142180095,7.98835125448029,6.62452447552447,7.46666666666667,7.68775510204082,7.38609292035398,60
"57",2007,8,8.14705882352941,17,8.21428571428571,7.83333333333333,8,7.5,8.5,14,3,1,6,11,439,293,146,16,202,237,7.5502437357631,7.99914675767918,6.64936301369863,7.5,7.68217821782178,7.43779324894515,61
"58",2007,9,7.60714285714286,14,7.65,7.5,8,6.5,8.05,10,4,1,4,10,453,303,150,17,206,247,7.55200220750552,7.98762376237624,6.67204666666666,7.52941176470588,7.65922330097087,7.46257894736842,62
"59",2007,10,7.47222222222222,18,7.92307692307692,6.3,NA,6.3,7.92307692307692,13,5,0,5,13,471,316,155,17,211,260,7.54895329087049,7.98496835443038,6.66004516129032,7.52941176470588,7.62701421800948,7.48560384615385,63
"60",2007,11,6.87142857142857,21,7.40769230769231,6,7.5,7.61111111111111,6.31666666666667,13,8,1,9,12,492,329,163,18,220,272,7.52003455284553,7.96215805471125,6.62765030674846,7.52777777777778,7.62636363636364,7.43403308823529,64
"61",2007,12,7.5551724137931,29,8.475,6.42307692307692,NA,6.875,7.81428571428571,16,13,0,8,21,521,345,176,18,228,293,7.52199040307102,7.98594202898551,6.61253977272727,7.52777777777778,7.6,7.4612866894198,65
"62",2008,1,7.17307692307692,26,7.96428571428571,6.25,5.75,7.09375,7.3,14,12,4,16,10,547,359,188,22,244,303,7.50540585009141,7.98509749303621,6.58939893617021,7.20454545454545,7.56680327868852,7.45596369636964,66
"63",2008,2,7.5,19,8.03333333333333,5.5,NA,8,6.1,15,4,0,14,5,566,374,192,22,258,308,7.50522438162544,7.9870320855615,6.566703125,7.20454545454545,7.59031007751938,7.4339512987013,67
"64",2008,3,7.43055555555556,18,7.55769230769231,7.1,7.5,7.79166666666667,7.25,13,5,3,6,12,584,387,197,25,264,320,7.50292294520548,7.97260981912145,6.5802385786802,7.24,7.59488636363636,7.427053125,68
"65",2008,4,7.65789473684211,19,8.14285714285714,6.3,5,7.65,7.66666666666667,14,5,1,10,9,603,401,202,26,274,329,7.50780597014925,7.9785536159601,6.57330198019802,7.15384615384615,7.59689781021898,7.43360790273556,69
"66",2008,5,8.50833333333333,24,8.79411764705882,7.81428571428571,8,8.94444444444444,8.24666666666667,17,7,1,9,15,627,418,209,27,283,344,7.54610366826156,8.01172248803828,6.61486602870813,7.18518518518519,7.63975265017668,7.46906104651163,70
"67",2008,6,7.10833333333333,12,7.55,6.66666666666667,NA,6.125,7.6,6,6,0,4,8,639,424,215,27,287,352,7.53788262910798,8.00518867924528,6.61631162790698,7.18518518518519,7.61864111498258,7.47203693181818,71
"68",2008,7,7.59375,32,8.125,6.70833333333333,7,7.9,7.32352941176471,20,12,3,15,17,671,444,227,30,302,369,7.54054694485842,8.01058558558558,6.62117621145374,7.16666666666667,7.63261589403974,7.46519512195122,72
"69",2008,8,7.525,20,8.25,6.4375,6,7.21428571428571,7.69230769230769,12,8,2,7,13,691,456,235,32,309,382,7.54009696092619,8.01688596491228,6.61492340425532,7.09375,7.62313915857605,7.47292408376963,73
"70",2008,9,7.14782608695652,23,7.82222222222222,6.71428571428571,8,7.3,7.06666666666667,9,14,2,8,15,714,465,249,34,317,397,7.52746078431373,8.01311827956989,6.62051004016064,7.14705882352941,7.61498422712934,7.45757430730479,74
"71",2008,10,8.11111111111111,18,8.625,7.7,7.75,8.33333333333333,7.88888888888889,8,10,4,9,9,732,473,259,38,326,406,7.54181284153005,8.02346723044398,6.66218918918919,7.21052631578947,7.63481595092025,7.4671354679803,75
"72",2008,11,7.204,25,7.33333333333333,7.01,7.8,6.8125,7.38823529411765,15,10,2,8,17,757,488,269,40,334,423,7.53065653896962,8.00225409836066,6.67511895910781,7.24,7.61511976047904,7.46396453900709,76
"73",2008,12,7.60606060606061,33,8.17391304347826,6.3,4.33333333333333,7.96428571428571,7.34210526315789,23,10,3,14,19,790,511,279,43,348,442,7.53380632911392,8.00998043052838,6.66167383512545,7.03720930232558,7.62916666666667,7.45872624434389,77
"74",2009,1,7.15967741935484,31,7.47105263157895,6.66666666666667,8,7.875,6.91086956521739,19,12,2,8,23,821,530,291,45,356,465,7.5196796589525,7.99066037735849,6.66187972508591,7.08,7.63469101123596,7.43162795698925,78
"75",2009,2,7.37179487179487,39,8.06818181818182,6.47058823529412,6.83333333333333,6.375,7.62903225806452,22,17,3,8,31,860,552,308,48,364,496,7.51297325581395,7.99375,6.65132142857143,7.06458333333333,7.6070054945055,7.44396572580645,79
"76",2009,3,7.52903225806452,31,7.79230769230769,7.33888888888889,6.5,7.375,7.58260869565217,13,18,2,8,23,891,565,326,50,372,519,7.51353198653199,7.98911504424779,6.68928527607362,7.042,7.60201612903226,7.4501098265896,80
"77",2009,4,7.10714285714286,28,7.75,6.85,6.33333333333333,6.8,7.17391304347826,8,20,3,5,23,919,573,346,53,377,542,7.50115016322089,7.98577661431065,6.69857514450867,7.00188679245283,7.59137931034483,7.43838929889299,81
"78",2009,5,7.38333333333333,30,8.14117647058823,6.39230769230769,6.5,7.29090909090909,7.43684210526316,17,13,3,11,19,949,590,359,56,388,561,7.49742571127503,7.99025423728814,6.68748467966574,6.975,7.58286082474227,7.43833689839572,82
"79",2009,6,7.4296875,32,8.07692307692308,6.98684210526316,6.75,7.0625,7.55208333333333,13,19,4,8,24,981,603,378,60,396,585,7.49521610601427,7.99212271973466,6.70253174603175,6.96,7.57234848484848,7.44300341880342,83
"80",2009,7,8.12,25,8.23076923076923,8,7.25,8.1875,8.08823529411765,13,12,4,8,17,1006,616,390,64,404,602,7.51074254473161,7.99715909090909,6.74245384615385,6.978125,7.5845297029703,7.46122425249169,84
"81",2009,8,7.54,30,7.725,7.41666666666667,8,7.83333333333333,7.46666666666667,12,18,1,6,24,1036,628,408,65,410,626,7.51158976833977,7.99195859872612,6.77219852941176,6.99384615384615,7.58817073170732,7.46143290734824,85
"82",2009,9,7.7625,36,7.95588235294118,7.58947368421053,8.33333333333333,7.51923076923077,7.9,17,19,3,13,23,1072,645,427,68,423,649,7.52001585820895,7.99100775193799,6.8085644028103,7.05294117647059,7.58605200945626,7.47697534668721,86
"83",2009,10,7.72142857142857,42,8.09444444444444,7.44166666666667,7.8,8.08888888888889,7.62121212121212,18,24,2,9,33,1114,663,451,70,432,682,7.52760951526032,7.99381598793364,6.84225498891352,7.07428571428571,7.59652777777778,7.48395454545455,87
"84",2009,11,7.36290322580645,62,7.93225806451613,6.79354838709677,6.66666666666667,7.16666666666667,7.44318181818182,31,31,6,18,44,1176,694,482,76,450,726,7.51892602040816,7.99106628242075,6.839122406639,7.0421052631579,7.57933333333333,7.48148347107438,88
"85",2009,12,6.98243243243243,37,7.75,6.39761904761905,7.5,7.5,6.91969696969697,16,21,2,4,33,1213,710,503,78,454,759,7.50256141797197,7.9856338028169,6.82068986083499,7.05384615384615,7.57863436123348,7.45705797101449,89
"86",2010,1,7.16206896551724,58,7.40714285714286,6.93333333333333,5.33333333333333,6.6,7.27916666666667,28,30,3,10,48,1271,738,533,81,464,807,7.48702360346184,7.96368563685637,6.82703001876173,6.99012345679012,7.55754310344828,7.4464770755886,90
"87",2010,2,7.09733333333333,30,7.93333333333333,6.54,NA,7.5,7.03538461538462,12,18,0,4,26,1301,750,551,81,468,833,7.4780376633359,7.9632,6.81765335753176,6.99012345679012,7.55705128205128,7.43364585834334,91
"88",2010,3,7.5625,24,7.75,7,NA,6.25,7.825,18,6,0,4,20,1325,768,557,81,472,853,7.47956754716981,7.958203125,6.81961759425494,6.99012345679012,7.54597457627119,7.44282180539273,92
"89",2010,4,7.59375,16,8.5,7.05,7.25,6.83333333333333,8.05,6,10,2,6,10,1341,774,567,83,478,863,7.48092990305742,7.96240310077519,6.82368077601411,6.99638554216868,7.53702928870293,7.44985747392816,93
"90",2010,5,7.53125,16,7.5,7.5625,NA,7.33333333333333,7.57692307692308,8,8,0,3,13,1357,782,575,83,481,876,7.48152321296979,7.9576726342711,6.83396,6.99638554216868,7.53575883575884,7.45174315068493,94
"91",2010,6,7.25,15,7.41666666666667,7.13888888888889,NA,8,7.0625,6,9,0,3,12,1372,788,584,83,484,888,7.47899198250729,7.95355329949238,6.83865924657534,6.99638554216868,7.53863636363636,7.44648310810811,95
"92",2010,7,7.94736842105263,19,7.77777777777778,8.1,NA,8,7.94444444444444,9,10,0,1,18,1391,797,594,83,485,906,7.48538964773544,7.95156838143036,6.85989393939394,6.99638554216868,7.53958762886598,7.45637637969095,96
"93",2010,8,7.32291666666667,24,8,6.83928571428571,4.33333333333333,5.25,7.7375,10,14,3,4,20,1415,807,608,86,489,926,7.48263392226148,7.95216852540273,6.85941940789474,6.90348837209302,7.52085889570552,7.46244816414687,97
"94",2010,9,7.27272727272727,11,7.5,7.14285714285714,NA,NA,7.27272727272727,4,7,0,0,11,1426,811,615,86,489,937,7.48101472650771,7.94993834771886,6.86264552845528,6.90348837209302,7.52085889570552,7.46022091782284,98
"95",2010,10,7.99655172413793,29,8.11,7.875,8.5,8.6,7.87083333333333,15,14,2,5,24,1455,826,629,88,494,961,7.49129003436426,7.95284503631961,6.88517806041335,6.93977272727273,7.53178137651822,7.47047554630593,99
"96",2010,11,7.65714285714286,42,8.27272727272727,6.98,8,8.16666666666667,7.57222222222222,22,20,2,6,36,1497,848,649,90,500,997,7.49594321977288,7.96114386792453,6.8881001540832,6.96333333333333,7.5394,7.47414944834503,100
"97",2010,12,7.55588235294118,34,8.32666666666667,6.94736842105263,7.4,7.16666666666667,7.63928571428571,15,19,5,6,28,1531,863,668,95,506,1025,7.49727433050294,7.96749710312862,6.88978592814371,6.98631578947368,7.53498023715415,7.47866048780488,101
"98",2011,1,7.47741935483871,31,7.67647058823529,7.23571428571429,7.75,7.2,7.53076923076923,17,14,2,5,26,1562,880,682,97,511,1051,7.49688028169014,7.961875,6.89688709677419,7.0020618556701,7.53170254403131,7.47994957183635,102
"99",2011,2,7.41588235294118,17,8.02909090909091,6.29166666666667,NA,9.5,7.285625,11,6,0,1,16,1579,891,688,97,512,1067,7.4960082330589,7.96270482603816,6.89160901162791,7.0020618556701,7.535546875,7.47703561387067,103
"100",2011,3,7.01,25,7.63461538461539,6.33333333333333,NA,6.5,7.10714285714286,13,12,0,4,21,1604,904,700,97,516,1088,7.48843329177057,7.95798672566371,6.88203857142857,7.0020618556701,7.52751937984496,7.46989613970588,104
"101",2011,4,7.67619047619048,21,8.06666666666667,6.7,6,7.4,7.7625,15,6,1,5,16,1625,919,706,98,521,1104,7.49085969230769,7.959760609358,6.88049150141643,6.99183673469388,7.52629558541267,7.47413677536232,105
"102",2011,5,7.20833333333333,18,7.53571428571429,7,10,7.75,7.05357142857143,7,11,1,4,14,1643,926,717,99,525,1118,7.48776445526476,7.95655507559395,6.8823249651325,7.02222222222222,7.528,7.46887030411449,106
"103",2011,6,6.98181818181818,22,6.8,7.06666666666667,NA,6.25,7.14444444444444,7,15,0,4,18,1665,933,732,99,529,1136,7.48107927927928,7.94787781350482,6.88610245901639,7.02222222222222,7.51833648393195,7.46372975352113,107
"104",2011,7,7.1,25,7.76923076923077,6.375,8.5,8.27777777777778,6.4375,13,12,1,9,16,1690,946,744,100,538,1152,7.47544201183432,7.94542283298097,6.87785887096774,7.037,7.53104089219331,7.4494765625,108
"105",2011,8,7.085,20,7.54166666666667,6.4,9,9.5,6.81666666666667,12,8,1,2,18,1710,958,752,101,540,1170,7.47087543859649,7.94036534446764,6.87277526595745,7.05643564356436,7.53833333333333,7.43974102564103,109
"106",2011,9,6.96153846153846,13,8.16666666666667,6.6,8.5,NA,6.96153846153846,3,10,1,0,13,1723,961,762,102,540,1183,7.46703250145096,7.94107180020812,6.86919553805774,7.07058823529412,7.53833333333333,7.43448605240913,110
"107",2011,10,7.22666666666667,15,7.78571428571429,6.7375,7.25,5.5,7.35,7,8,2,1,14,1738,968,770,104,541,1197,7.4649579976985,7.93994834710744,6.86782727272727,7.07403846153846,7.53456561922366,7.43349791144528,111
"108",2011,11,7.15862068965517,29,7.91428571428571,6.45333333333333,9,8.25,6.984,14,15,1,4,25,1767,982,785,105,545,1222,7.45993039049236,7.93958248472505,6.85990700636943,7.09238095238095,7.53981651376147,7.42430196399345,112
"109",2011,12,7.83333333333333,27,7.93333333333333,7.70833333333333,8,7.5,7.86,15,12,2,2,25,1794,997,797,107,547,1247,7.46555016722408,7.93948846539619,6.87268130489335,7.10934579439252,7.53967093235832,7.43303688853248,113
"110",2012,1,7.3027027027027,37,7.81176470588235,6.87,8,8.55714285714286,7.01,17,20,1,7,30,1831,1014,817,108,554,1277,7.46225942108138,7.93734714003945,6.87261566707466,7.11759259259259,7.55252707581228,7.42309866875489,114
"111",2012,2,7.68695652173913,23,8.42307692307692,6.73,7.76666666666667,7.75,7.67368421052632,13,10,3,4,19,1854,1027,827,111,558,1296,7.46504692556634,7.94349561830574,6.87089117291415,7.13513513513514,7.55394265232975,7.42677237654321,115
"112",2012,3,7.552,25,8.2,7.1875,9,6.75,7.62173913043478,9,16,1,2,23,1879,1036,843,112,560,1319,7.46620383182544,7.94572393822394,6.87690035587188,7.15178571428571,7.55107142857143,7.43017210007581,116
"113",2012,4,7.18421052631579,19,7.5,6.75,6.5,8,7.13888888888889,11,8,2,1,18,1898,1047,851,114,561,1337,7.46338092729189,7.94104106972302,6.87570740305523,7.14035087719298,7.55187165775401,7.42625056095737,117
"114",2012,5,7.62783333333333,24,7.5712,7.72222222222222,NA,7.84466666666667,7.55555555555556,15,9,0,6,18,1922,1062,860,114,567,1355,7.46543444328824,7.93581732580037,6.88456627906977,7.14035087719298,7.55497001763668,7.42796826568266,118
"115",2012,6,6.67857142857143,14,6.375,6.8,NA,5.375,7.2,4,10,0,4,10,1936,1066,870,114,571,1365,7.45974431818182,7.92996060037523,6.88359425287356,7.14035087719298,7.53969877408056,7.42629816849817,119
"116",2012,7,7.33238095238095,21,8.22142857142857,6.88785714285714,7.66666666666667,7.66666666666667,7.27666666666667,7,14,3,3,18,1957,1073,884,117,574,1383,7.45837761880429,7.93186206896551,6.88366176470588,7.15384615384615,7.54036236933798,7.42435068691251,120
"117",2012,8,6.8695652173913,23,7.5625,6.5,6,7.5,6.775,8,15,1,3,20,1980,1081,899,118,577,1403,7.45153787878788,7.92912858464385,6.87726028921023,7.14406779661017,7.54015251299827,7.41509408410549,121
"118",2012,9,7.12352941176471,17,7.5,6.86,6.5,6.5,7.20666666666667,7,10,2,2,15,1997,1088,909,120,579,1418,7.44874561842764,7.92636764705882,6.8770704070407,7.13333333333333,7.53655958549223,7.41288928067701,122
"119",2012,10,7.625,24,8.17857142857143,6.85,NA,6.66666666666667,7.76190476190476,14,10,0,3,21,2021,1102,919,120,582,1439,7.45083869371598,7.92957168784029,6.87677584330794,7.13333333333333,7.53207560137457,7.41798262682418,123
"120",2012,11,6.57142857142857,21,7.375,6.38235294117647,7.5,7.5,6.35294117647059,4,17,2,4,17,2042,1106,936,122,586,1456,7.44179480901077,7.92756600361663,6.86779594017094,7.13934426229508,7.5318566552901,7.40554739010989,124
"121",2012,12,7.78076923076923,26,8.13333333333333,7.3,8.5,8.25,7.57222222222222,15,11,1,8,18,2068,1121,947,123,594,1474,7.44605657640232,7.93031935771632,6.87281626187962,7.15040650406504,7.54152861952862,7.40758276797829,125
"122",2013,1,7.60344827586207,29,7.75,7.42307692307692,7,7,7.625,16,13,1,1,28,2097,1137,960,124,595,1502,7.44823319027182,7.927781882146,6.88026770833333,7.1491935483871,7.54061848739496,7.41163581890812,126
"123",2013,2,7.51,25,7.975,7.2,7,8.55,7.25,10,15,1,5,20,2122,1147,975,125,600,1522,7.44896088595664,7.92819354838709,6.88518666666667,7.148,7.54903,7.40951182654402,127
"124",2013,3,7.28064516129032,31,7.6,7.12857142857143,8,8.5,7.1,10,21,1,4,27,2153,1157,996,126,604,1549,7.44653738968881,7.92535695764909,6.89031827309237,7.15476190476191,7.55532781456954,7.40411684958037,128
"125",2013,4,7.18214285714286,28,8,6.65294117647059,NA,7.08571428571429,7.21428571428571,11,17,0,7,21,2181,1168,1013,126,611,1570,7.44314305364512,7.92605993150685,6.88633464955578,7.15476190476191,7.54994762684125,7.40157770700637,129
"126",2013,5,7.80882352941176,17,8.9,7.35416666666667,7,6,8.05,5,12,2,2,15,2198,1173,1025,128,613,1585,7.44597133757962,7.93021142369991,6.89181170731707,7.15234375,7.54489070146819,7.4077141955836,130
"127",2013,6,7.60869565217391,23,7.78571428571429,7.53125,7.5,7,7.875,7,16,1,7,16,2221,1180,1041,129,620,1601,7.44765646105358,7.92935423728813,6.90163976945245,7.15503875968992,7.53873870967742,7.41238413491568,131
"128",2013,7,7.63636363636364,22,8.2,7.16666666666667,7,7,7.73684210526316,10,12,1,3,19,2243,1190,1053,130,623,1620,7.44950735621935,7.93162857142857,6.90466001899335,7.15384615384615,7.5361444622793,7.41618950617284,132
"129",2013,8,6.96190476190476,21,6.74,7.03125,7.5,6.5,7.03888888888889,5,16,3,3,18,2264,1195,1069,133,626,1638,7.44498454063604,7.92664267782427,6.90655472404116,7.16165413533835,7.53117891373802,7.41204334554335,133
"130",2013,9,7.56388888888889,36,7.925,7.275,NA,8,7.509375,16,20,0,4,32,2300,1211,1089,133,630,1670,7.44684565217391,7.92662097440132,6.91332139577594,7.16165413533835,7.53415555555556,7.41390838323353,134
"131",2013,10,7.72727272727273,22,8.22222222222222,7.38461538461539,7,7,7.84210526315789,9,13,1,3,19,2322,1220,1102,134,633,1689,7.44950258397933,7.92880163934426,6.91888112522686,7.16044776119403,7.53162401263823,7.4187252812315,135
"132",2013,11,7.33833333333333,30,7.82692307692308,6.96470588235294,NA,7.33333333333333,7.33958333333333,13,17,0,6,24,2352,1233,1119,134,639,1713,7.44808460884354,7.92772749391727,6.91957730116175,7.16044776119403,7.52976212832551,7.41761646234676,136
"133",2013,12,7.28723404255319,47,7.57894736842105,7.08928571428571,6.9,7,7.35526315789474,19,28,5,9,38,2399,1252,1147,139,648,1751,7.44493330554398,7.92243450479233,6.92372013949433,7.15107913669065,7.52240432098766,7.41626327812678,137
"134",2014,1,7.36792452830189,53,7.69423076923077,7.0537037037037,6.61875,7.35416666666667,7.3719512195122,26,27,8,12,41,2452,1278,1174,147,660,1792,7.44326876019576,7.91779186228482,6.92670954003407,7.12210884353741,7.51934545454546,7.41524944196428,138
"135",2014,2,7.41,30,8.07692307692308,6.9,7,8,7.2625,13,17,3,6,24,2482,1291,1191,150,666,1816,7.44286663980661,7.91939426800929,6.92632829554996,7.11966666666667,7.52367567567568,7.41323072687225,139
"136",2014,3,7.09090909090909,33,8.33333333333333,6.625,6,6.83333333333333,7.11666666666667,9,24,1,3,30,2515,1300,1215,151,669,1846,7.43824850894632,7.92226,6.92037613168724,7.11225165562914,7.52057997010464,7.40841115926327,140
"137",2014,4,6.712,25,7.1,6.45333333333333,NA,6.16,6.85,10,15,0,5,20,2540,1310,1230,151,674,1866,7.43110039370079,7.91598320610687,6.91468048780488,7.11225165562914,7.51048664688427,7.40242604501608,141
"138",2014,5,7.47115384615385,26,8.71428571428571,7.01315789473684,6.75,8.5,7.38541666666667,7,19,4,2,24,2566,1317,1249,155,676,1890,7.43150623538581,7.92022627182991,6.91617854283427,7.10290322580645,7.51341420118343,7.40221005291005,142
"139",2014,6,6.78095238095238,21,7.0625,6.60769230769231,NA,6,6.82,8,13,0,1,20,2587,1325,1262,155,677,1910,7.42622535755702,7.91504754716981,6.91300079239303,7.10290322580645,7.51117872968981,7.39611361256544,143
"140",2014,7,6.72222222222222,18,5.77777777777778,7.66666666666667,7,9,6.58823529411765,9,9,2,1,17,2605,1334,1271,157,678,1927,7.42136084452975,7.90062818590704,6.91833752950433,7.1015923566879,7.51337463126844,7.38898650752465,144
"141",2014,8,7.09464285714286,28,7.71,6.38461538461539,7,6.73,7.17391304347826,15,13,1,5,23,2633,1349,1284,158,683,1950,7.41788644132169,7.89850852483321,6.91293380062305,7.10094936708861,7.50763982430454,7.38644974358974,145
"142",2014,9,6.97368421052632,19,7.25,6.84615384615385,5,6,7.02777777777778,6,13,2,1,18,2652,1355,1297,160,684,1968,7.41470399698341,7.895636900369,6.91226445643793,7.0746875,7.50543567251462,7.38316920731707,146
"143",2014,10,7.13125,16,6.9375,7.325,6,6.66666666666667,7.23846153846154,8,8,1,3,13,2668,1363,1305,161,687,1981,7.41300412293853,7.89001320616287,6.91479463601532,7.06801242236025,7.50177292576419,7.38221958606764,147
"144",2014,11,7.12702702702703,37,7.76875,6.63809523809524,NA,6,7.22647058823529,16,21,0,3,34,2705,1379,1326,161,690,2015,7.40909242144178,7.88860623640319,6.91041251885369,7.06801242236025,7.49524347826087,7.37959156327543,148
"145",2014,12,7.00333333333333,30,7.71428571428571,6.38125,3.525,5.03333333333333,7.22222222222222,14,16,4,3,27,2735,1393,1342,165,693,2042,7.40464168190128,7.88685427135678,6.90410357675112,6.98212121212121,7.48458585858586,7.37751077375122,149
"146",2015,1,7.44634146341463,41,8.34375,6.872,7.1,8.33333333333333,7.196875,16,25,3,9,32,2776,1409,1367,168,702,2074,7.4052575648415,7.89204258339247,6.90351645940015,6.98422619047619,7.49546723646724,7.37472372227579,150
"147",2015,2,6.83714285714286,35,7.1,6.55882352941176,7.5,7.25,6.78387096774194,18,17,2,4,31,2811,1427,1384,170,706,2105,7.39818392031306,7.88205185704274,6.89928251445087,6.99029411764706,7.49407648725213,7.36602232779097,151
"148",2015,3,7.0875,32,7.8,6.71428571428571,7,8.35714285714286,6.732,11,21,3,7,25,2843,1438,1405,173,713,2130,7.3946869504045,7.88142420027816,6.89651743772242,6.99046242774566,7.50254978962132,7.35858075117371,152
"149",2015,4,7.41851851851852,27,8,6.87857142857143,NA,10,7.212,13,14,0,2,25,2870,1451,1419,173,715,2155,7.39491114982578,7.88248656099241,6.89634038054968,6.99046242774566,7.50953566433567,7.35688027842227,153
"150",2015,5,7.17037037037037,27,7.39166666666667,6.99333333333333,6.9,7.75,7.124,12,15,1,2,25,2897,1463,1434,174,717,2180,7.39281843286158,7.87846069719754,6.89735495118549,6.98994252873563,7.51020641562064,7.35420963302752,154
"151",2015,6,7.44444444444444,27,8.25,6.97058823529412,NA,10,7.34615384615385,10,17,0,1,26,2924,1473,1451,174,718,2206,7.39329514363885,7.88098302783435,6.89821295658167,6.98994252873563,7.51367409470752,7.35411468721668,155
"152",2015,7,7.44782608695652,23,8.38888888888889,6.84285714285714,6.16666666666667,7.875,7.35789473684211,9,14,3,4,19,2947,1482,1465,177,722,2225,7.39372073294876,7.88406747638326,6.89768395904437,6.97598870056497,7.51567590027701,7.35414696629213,156
"153",2015,8,7.18461538461538,26,7.8,6.73333333333333,NA,6.33333333333333,7.29565217391304,11,15,0,3,23,2973,1493,1480,177,725,2248,7.39189202825429,7.88344809109176,6.89601824324324,6.97598870056497,7.51078344827586,7.35354848754448,157
"154",2015,9,7.59142857142857,35,7.89411764705882,7.30555555555556,8,7,7.60882352941176,17,18,2,1,34,3008,1510,1498,179,726,2282,7.39421376329787,7.88356821192053,6.90093925233645,6.98743016759777,7.51007988980716,7.35735188431201,158
"155",2015,10,6.95,28,7.07857142857143,6.82142857142857,5,7.5,6.90769230769231,14,14,1,2,26,3036,1524,1512,180,728,2308,7.39011693017128,7.87617322834645,6.90020304232804,6.97638888888889,7.5100521978022,7.35228639514731,159
"156",2015,11,7.82678571428571,28,8.31,7.55833333333333,NA,9.2,7.662,10,18,0,3,25,3064,1534,1530,180,731,2333,7.39410737597911,7.87900130378096,6.90794575163398,6.97638888888889,7.5169876880985,7.35560522931847,160
"157",2015,12,7.5546875,32,7.82352941176471,7.25,6.6875,8.875,7.46666666666667,17,15,4,2,30,3096,1551,1545,184,733,2363,7.39576711886305,7.87839329464861,6.91126666666666,6.97010869565217,7.52069304229195,7.35701523487093,161
"158",2016,1,6.82222222222222,45,7.15625,6.63793103448276,6.33333333333333,5.66666666666667,6.90476190476191,16,29,3,3,42,3141,1567,1574,187,736,2405,7.38755014326647,7.87101978302489,6.90623062261753,6.95989304812834,7.51313586956522,7.34911725571725,162
"159",2016,2,7.25,18,7.88888888888889,6.61111111111111,9,7.66666666666667,7.16666666666667,9,9,1,3,15,3159,1576,1583,188,739,2420,7.38676638176638,7.87112182741116,6.90455274794693,6.97074468085106,7.51375913396482,7.34798636363636,163
"160",2016,3,6.85,36,8.07692307692308,6.15652173913043,5.33333333333333,6.875,6.846875,13,23,3,4,32,3195,1589,1606,191,743,2452,7.38071830985915,7.87280553807426,6.8938399750934,6.94502617801047,7.51032032301481,7.34144657422512,164
"161",2016,4,7.71147058823529,34,7.91111111111111,7.486875,8.33333333333333,7.42857142857143,7.78481481481481,18,16,3,7,27,3229,1607,1622,194,750,2479,7.38420099101889,7.87323459863099,6.89968988902589,6.96649484536082,7.50955733333334,7.34627551432029,165
"162",2016,5,7.09642857142857,28,7.03125,7.18333333333333,7.5,6,7.18076923076923,16,12,2,2,26,3257,1623,1634,196,752,2505,7.38172704943199,7.86493407270486,6.9017729498164,6.9719387755102,7.50554255319149,7.34455768463074,166
"163",2016,6,7.78409090909091,22,7.97916666666667,7.55,8,8.58333333333333,7.65789473684211,12,10,1,3,19,3279,1635,1644,197,755,2524,7.38442665446782,7.86577247706422,6.90571593673966,6.97715736040609,7.50982516556292,7.34691640253566,167
"164",2016,7,6.95535714285714,28,7.67857142857143,6.71428571428571,NA,7.0625,6.9375,7,21,0,4,24,3307,1642,1665,197,759,2548,7.38079377078923,7.86497442143727,6.9033015015015,6.97715736040609,7.50746772068511,7.34306004709576,168
"165",2016,8,7.10434782608696,23,7.65,6.68461538461538,6,6.33333333333333,7.22,10,13,1,3,20,3330,1652,1678,198,762,2568,7.37888438438438,7.86367312348668,6.90160727056019,6.97222222222222,7.50284514435696,7.34210163551402,169
"166",2016,9,7.25694444444444,36,8.03333333333333,6.70238095238095,4.5,5.5,7.41666666666667,15,21,1,3,33,3366,1667,1699,199,765,2601,7.37758021390374,7.86519976004799,6.89914479105356,6.95979899497487,7.4949908496732,7.34304767397155,170
"167",2016,10,7.30285714285714,35,7.83333333333333,6.74117647058824,NA,6,7.425,18,17,0,3,32,3401,1685,1716,199,768,2633,7.37681123199059,7.86485934718101,6.89757983682984,6.95979899497487,7.48915104166667,7.34404367641473,171
"168",2016,11,7.40243902439024,41,7.86842105263158,7,7.5,7,7.45833333333333,19,22,2,5,36,3442,1704,1738,201,773,2669,7.3771165020337,7.86489906103286,6.89887629459148,6.96517412935323,7.48598706338939,7.34558523791682,172
"169",2016,12,7.32368421052632,38,7.94117647058824,6.82380952380952,7,7.75,7.3,17,21,4,2,36,3480,1721,1759,205,775,2705,7.37653304597701,7.86565252760023,6.89798010233087,6.96585365853659,7.48666838709678,7.34497855822551,173
"170",2017,1,7.004,40,7.58333333333333,6.53,6.33333333333333,5.27666666666667,7.30882352941176,18,22,3,6,34,3520,1739,1781,208,781,2739,7.37229971590909,7.86273030477285,6.8934345873105,6.95673076923077,7.46969014084507,7.34452975538517,174
"171",2017,2,7.112,25,7.13636363636364,7.09285714285714,6,7,7.11666666666667,11,14,2,1,24,3545,1750,1795,210,782,2763,7.37046403385049,7.85816457142857,6.89498997214484,6.94761904761905,7.4690895140665,7.34255048859935,175
"172",2017,3,7.01896551724138,29,7,7.03928571428571,6.5,6.875,7.042,15,14,2,4,25,3574,1765,1809,212,786,2788,7.36761191941802,7.85087138810198,6.89610668877833,6.94339622641509,7.46606615776082,7.33985545193687,176
"173",2017,4,7.375,36,7.88888888888889,6.86111111111111,8,7.33333333333333,7.37878787878788,18,18,2,3,33,3610,1783,1827,214,789,2821,7.36768559556786,7.85125518788558,6.8957619047619,6.95327102803738,7.46556147021546,7.34031088266572,177
"174",2017,5,6.88,25,7.54545454545455,6.35714285714286,5.66666666666667,5,7.13636363636364,11,14,3,3,22,3635,1794,1841,217,792,2843,7.36433149931224,7.84938015607581,6.89166594242259,6.93548387096774,7.45622222222222,7.33873267674991,178
"175",2017,6,6.84117647058823,17,7.33333333333333,6.57272727272727,NA,6,7.02142857142857,6,11,0,3,14,3652,1800,1852,217,795,2857,7.36189622124863,7.84766,6.88977159827214,6.93548387096774,7.45072704402516,7.33717780889044,179
"176",2017,7,7.06666666666667,30,7.68421052631579,6,NA,6.6,7.16,19,11,0,5,25,3682,1819,1863,217,800,2882,7.3594907658881,7.84595272127542,6.88451798174986,6.93548387096774,7.44541,7.33564087439278,180
"177",2017,8,7.1875,32,7.35714285714286,7.05555555555556,7,5,7.33333333333333,14,18,4,2,30,3714,1833,1881,221,802,2912,7.35800888529887,7.84221931260229,6.88615470494418,6.93665158371041,7.43931172069826,7.33561710164835,181
"178",2017,9,6.92238095238095,21,7.20777777777778,6.70833333333333,NA,8,6.8685,9,12,0,1,20,3735,1842,1893,221,803,2932,7.35555957161981,7.83911943539631,6.88502746962493,6.93665158371041,7.4400099626401,7.33243076398363,182
"179",2017,10,7.52692307692308,26,7.85,7.25,NA,8.25,7.46666666666667,12,14,0,2,24,3761,1854,1907,221,805,2956,7.35674421696357,7.83918985976267,6.88770686942842,6.93665158371041,7.44202236024845,7.33352063599458,183
"180",2017,11,7.21551724137931,29,6.78125,7.38095238095238,7,5,7.37962962962963,8,21,3,2,27,3790,1862,1928,224,807,2983,7.3556635883905,7.83464446831364,6.89307935684647,6.9375,7.43597026022305,7.33393798189742,184
"181",2017,12,7.07272727272727,33,7.58181818181818,6.81818181818182,7,8.1,6.88928571428571,11,22,1,5,28,3823,1873,1950,225,812,3011,7.35322129217891,7.83315963694607,6.89223435897436,6.93777777777778,7.44005911330049,7.3298030554633,185
"182",2018,1,7.22826086956522,46,7.73214285714286,6.44444444444444,6,7.83333333333333,7.18604651162791,28,18,2,3,43,3869,1901,1968,227,815,3054,7.35173559059188,7.83167175170962,6.88813871951219,6.9295154185022,7.44150674846626,7.327778978389,186
"183",2018,2,6.7962962962963,27,7.61111111111111,6.38888888888889,8.25,7.25,6.66666666666667,9,18,2,6,21,3896,1910,1986,229,821,3075,7.34788629363449,7.83063246073298,6.88361379657603,6.9410480349345,7.4401071863581,7.32326406504065,187
"184",2018,3,7.84090909090909,22,7.8,7.875,NA,NA,7.84090909090909,10,12,0,0,22,3918,1920,1998,229,821,3097,7.35065467075038,7.83047291666666,6.88956806806807,6.9410480349345,7.4401071863581,7.32694123345173,188
"185",2018,4,6.81481481481481,27,8,5.53846153846154,NA,10,6.69230769230769,14,13,0,1,26,3945,1934,2011,229,822,3123,7.34698732572877,7.83170010341261,6.88083391347588,6.9410480349345,7.44322141119222,7.32165770092859,189
"186",2018,5,7.04761904761905,21,7,7.07142857142857,6,8,7,7,14,1,1,20,3966,1941,2025,230,823,3143,7.34540216843167,7.82870066975785,6.88215160493827,6.93695652173913,7.44389793438639,7.31961088132357,190
"187",2018,6,7.27857142857143,28,7.95833333333333,6.76875,NA,6.5,7.33846153846154,12,16,0,2,26,3994,1953,2041,230,825,3169,7.34493365047571,7.82949718381976,6.88126261636452,6.93695652173913,7.4416096969697,7.31976554118018,191
"188",2018,7,7.3875,24,7.58,7.25,10,8,7.33181818181818,10,14,1,2,22,4018,1963,2055,231,827,3191,7.34518790443006,7.82822618441161,6.88377469586374,6.95021645021645,7.44296009673519,7.31984863679097,192
"189",2018,8,6.89130434782609,23,7,6.85294117647059,7.25,6,7.025,6,17,2,3,20,4041,1969,2072,233,830,3211,7.34260455332838,7.82570238699847,6.88352171814672,6.95278969957082,7.43774457831325,7.31801214574898,193
"190",2018,9,6.83333333333333,15,7.41666666666667,6.44444444444444,7,7.16666666666667,6.75,6,9,1,3,12,4056,1975,2081,234,833,3223,7.34072115384615,7.82445974683544,6.88162277751081,6.95299145299145,7.43676830732293,7.31589730065156,194
"191",2018,10,6.905,20,6.75,6.94375,NA,6.25,7.06875,4,16,0,4,16,4076,1979,2097,234,837,3239,7.33858316977429,7.82228802425467,6.88209680495946,6.95299145299145,7.43109677419355,7.31467644334671,195
"192",2018,11,7,32,7.65,6.70454545454545,8,7.75,6.95,10,22,2,2,30,4108,1989,2119,236,839,3269,7.33594571567673,7.82142182001005,6.8802534214252,6.96186440677966,7.43185697258641,7.31132976445396,196
"193",2018,12,6.9670834375,32,7.43592611111111,6.36428571428571,NA,7.2,6.93380964285714,18,14,0,4,28,4140,2007,2133,236,843,3297,7.33309460628019,7.81796445939213,6.87686685419597,6.96186440677966,7.43075682087782,7.30812364877161,197
"194",2019,1,6.96341463414634,41,7.41176470588235,6.64583333333333,7,6.83333333333333,6.98571428571429,17,24,1,6,35,4181,2024,2157,237,849,3332,7.32946942597464,7.81455270256917,6.87429624478442,6.9620253164557,7.4265347467609,7.30473699579832,198
"195",2019,2,6.82,25,7.35,6.46666666666667,NA,7.33333333333333,6.75,10,15,0,3,22,4206,2034,2172,237,852,3354,7.3264411959106,7.81226876597837,6.87148112338858,6.9620253164557,7.42620657276995,7.30109829159213,199
"196",2019,3,7.40625,32,7.9125,6.5625,9,6.65,7.5462962962963,20,12,1,5,27,4238,2054,2184,238,857,3381,7.32704381075979,7.81324472736124,6.86978342490842,6.97058823529412,7.42167794632439,7.30305639455782,200
"197",2019,4,7.06551724137931,29,7.61,6.77894736842105,8,NA,7.06551724137931,10,19,1,0,29,4267,2064,2203,239,857,3410,7.32526638621982,7.81226001453488,6.869,6.97489539748954,7.42167794632439,7.30103626686217,201
"198",2019,5,6.88636363636364,22,7.68181818181818,6.09090909090909,7.5,8.125,6.61111111111111,11,11,2,4,18,4289,2075,2214,241,861,3428,7.32301507810678,7.81156851566265,6.86513414634146,6.9792531120332,7.42494541231127,7.29741355600933,202
"199",2019,6,7.19473684210526,19,8,6.0875,6,7.75,7.04666666666667,11,8,1,4,15,4308,2086,2222,242,865,3443,7.32244931987001,7.8125621620326,6.86233438343834,6.97520661157025,7.4264485549133,7.29632113563752,203
"200",2019,7,7.016074,30,7.64285714285714,6.82531391304348,8.01111,7.115,7.00085461538462,7,23,2,4,26,4338,2093,2245,244,869,3469,7.32033054172429,7.81199458671763,6.8619551091314,6.98369762295082,7.42501495972382,7.2941066272701,204
"201",2019,8,7.35925925925926,27,7.48823529411765,7.14,NA,7.375,7.35652173913043,17,10,0,4,23,4365,2110,2255,244,873,3492,7.32057133791523,7.80938609952607,6.86318812416851,6.98369762295082,7.42478579610539,7.29451772336769,205
"202",2019,9,7.17241379310345,29,7.44615384615385,6.95,5,7.26,7.15416666666667,13,16,1,5,24,4394,2123,2271,245,878,3516,7.31959351160673,7.80716187941592,6.8637997446059,6.97560089795918,7.42384738041002,7.2935596956769,206
"203",2019,10,6.92857142857143,21,7.1,6.77272727272727,NA,6.5,6.97368421052632,10,11,0,2,19,4415,2133,2282,245,880,3535,7.31773361041902,7.80384654008439,6.86336074496056,6.97560089795918,7.42174772727273,7.29184042149929,207
"204",2019,11,7.05769230769231,26,7.8,6.04545454545455,7,6.5,7.08,15,11,1,1,25,4441,2148,2293,246,881,3560,7.31621118892141,7.80381967877095,6.85943707806367,6.97570008130081,7.42070147559592,7.29035277808989,208
"205",2019,12,6.61666666666667,36,7.6,6.184,6,7.025,6.565625,11,25,1,4,32,4477,2159,2318,247,885,3592,7.3105860821979,7.8027812274201,6.85215238136324,6.97174987854251,7.41891299435028,7.283896405902,209
"206",2020,1,7.16976744186046,43,7.40909090909091,6.91904761904762,6.4,7,7.19210526315789,22,21,1,5,38,4520,2181,2339,248,890,3630,7.30924643584071,7.79881002751031,6.85275297990594,6.96944443548387,7.4165595505618,7.28293550688705,210
"207",2020,2,6.93187,41,7.393778,6.66538461538462,6.5,8.5,6.85145307692308,15,26,4,2,39,4561,2196,2365,252,892,3669,7.30585410217058,7.79604341530054,6.85069311627907,6.96199293650794,7.41898878923767,7.27834902153175,211
"208",2020,3,7.04357142857143,28,7.97666666666667,6.34375,5.75,7.5,6.9675,12,16,2,4,24,4589,2208,2381,254,896,3693,7.30425377206363,7.7970250634058,6.84728652666946,6.95244968503937,7.41935044642857,7.27632888166802,212
"209",2020,4,6.96363636363636,22,7.28571428571429,6.81333333333333,8,NA,6.96363636363636,7,15,1,0,22,4611,2215,2396,255,896,3715,7.30262861852093,7.79540918284424,6.84707396494157,6.9565577254902,7.41935044642857,7.27447713593539,213
"210",2020,5,7.09615384615385,26,7.45454545454545,6.83333333333333,7.5,7,7.10416666666667,11,15,1,2,24,4637,2226,2411,256,898,3739,7.30147089928833,7.79372477088949,6.84698847781003,6.958680546875,7.41841648106904,7.27338394223054,214
"211",2020,6,7.22333333333333,30,7.33333333333333,7.17619047619048,5,6,7.26551724137931,9,21,1,1,29,4667,2235,2432,257,899,3768,7.30096862224127,7.79187084563758,6.84983109375,6.95105922178988,7.41683870967742,7.2733233970276,215
"212",2020,7,7.382,25,7.26785714285714,7.52727272727273,NA,8,7.32826086956522,14,11,0,2,23,4692,2249,2443,257,901,3791,7.30140037510656,7.78860886616274,6.85288138354482,6.95105922178988,7.41813318534961,7.27365670271696,216
"213",2020,8,7.0562962962963,27,7.69428571428571,6.833,6.5,7,7.06333333333333,7,20,1,3,24,4719,2256,2463,258,904,3815,7.29999799957618,7.78831619680851,6.85271994315875,6.94931093023256,7.41674557522124,7.27233356749672,217
"214",2020,9,6.85344827586207,29,7.32142857142857,6.41666666666667,5.125,6.5,6.87962962962963,14,15,2,2,27,4748,2270,2478,260,906,3842,7.29727054759899,7.78543671365639,6.85008039548022,6.93527776923077,7.41472185430464,7.26957380530973,218
"215",2020,10,7.23214285714286,28,7.28571428571429,7.17857142857143,NA,8,7.17307692307692,14,14,0,2,26,4776,2284,2492,260,908,3868,7.29688872696817,7.78237361646235,6.85192585072231,6.93527776923077,7.41601101321586,7.26892517063081,219
"216",2020,11,7.23870967741935,31,7.40588235294118,7.03571428571429,NA,6.25,7.30689655172414,17,14,0,2,29,4807,2301,2506,260,910,3897,7.29651353442896,7.77959206431986,6.85295260175578,6.93527776923077,7.41344835164835,7.26920773928663,220
"217",2020,12,7.3,30,7.95454545454545,6.92105263157895,NA,NA,7.3,11,19,0,0,30,4837,2312,2525,260,910,3927,7.29653515815588,7.7804244550173,6.85346503762376,6.93527776923077,7.41344835164835,7.26944297428062,221
"218",2021,1,7.13235294117647,34,7.73529411764706,6.52941176470588,8.5,7.875,7.03333333333333,17,17,2,4,30,4871,2329,2542,262,914,3957,7.29538915212482,7.78009503649635,6.85129788355625,6.94722221374046,7.41546827133479,7.26765290876927,222
"219",2021,2,7.5178668,25,8.36833375,7.11764705882353,4,8,7.49777791666667,8,17,1,1,24,4896,2337,2559,263,915,3981,7.29652516952614,7.78210869062901,6.85306729972645,6.93601604562738,7.41610710382514,7.26904024868123,223
"220",2021,3,7.60154166666667,24,8.24583333333333,6.95725,7.1435,7.3935,7.62045454545455,12,12,2,2,22,4920,2349,2571,265,917,4003,7.29801305487805,7.78447765432099,6.85355356670556,6.93758196226415,7.41605779716467,7.27097157881589,224
"221",2021,4,6.9,20,7.88888888888889,6.09090909090909,6.5,NA,6.9,9,11,1,0,20,4940,2358,2582,266,917,4023,7.2964016659919,7.78487617048346,6.85030450038729,6.93593691729323,7.41605779716467,7.26912732537907,225
"222",2021,5,7.39285714285714,28,8.06666666666667,6.61538461538461,8,8,7.32,15,13,1,3,25,4968,2373,2595,267,920,4048,7.29694529589372,7.78665739991572,6.84912763776493,6.93992217228464,7.41796195652174,7.26944150938735,226
"223",2021,6,7.19090909090909,22,8,6.81333333333333,6.55,4.25,7.485,7,15,4,2,20,4990,2380,2610,271,922,4068,7.2964778016032,7.78728487815126,6.84892192337165,6.93416686346864,7.41109002169198,7.27050128564405,227
"224",2021,7,7.10208333333333,24,7.54090909090909,6.73076923076923,5.5,8,7.06304347826087,11,13,2,1,23,5014,2391,2623,273,923,4091,7.29554731352213,7.78615140526976,6.84833634006862,6.92366014652015,7.41172806067173,7.26933493766805,228
"225",2021,8,7.61111111111111,27,8.13636363636364,7.25,NA,8,7.59615384615385,11,16,0,1,26,5041,2402,2639,273,924,4117,7.2972374985122,7.78775520815987,6.85077158772262,6.92366014652015,7.41236471861472,7.27139888996842,229
"226",2021,9,7.5,27,7.94444444444444,7.27777777777778,8.5,7.8,7.43181818181818,9,18,2,5,22,5068,2411,2657,275,929,4139,7.2983177249408,7.78834011198673,6.85366436582612,6.93512443636364,7.41445102260495,7.27225156559555,230
"227",2021,10,7.15789473684211,38,7.22352941176471,7.1047619047619,7.5,9.33333333333333,6.97142857142857,17,21,2,3,35,5106,2428,2678,277,932,4174,7.29727266549157,7.78438550658979,6.85563339058999,6.93920296028881,7.42062768240344,7.26972909199808,231
"228",2021,11,6.93142857142857,35,7.5375,6.42105263157895,7,7.5,6.85806451612903,16,19,1,4,31,5141,2444,2697,278,936,4205,7.29478199377553,7.78276923486088,6.85257182795699,6.93942165467626,7.42096688034188,7.26669422829964,232
"229",2021,12,7.15777777777778,45,7.27777777777778,7.07777777777778,6.7,7.3,7.15116279069767,18,27,2,2,43,5186,2462,2724,280,938,4248,7.29359317971461,7.7790771770918,6.85480404552129,6.9377115,7.42070895522388,7.26552477165725,233
"230",2022,1,7.30520833333333,48,7.55416666666667,7.05625,4,6.9,7.35232558139535,24,24,1,5,43,5234,2486,2748,281,943,4291,7.29369970003821,7.7769058769107,6.85656339883551,6.92725701067616,7.41794803817604,7.26639460032626,234
"231",2022,2,7.24571428571429,35,7.90666666666667,6.75,1,7.6,7.17241379310345,15,20,1,6,29,5269,2501,2768,282,949,4320,7.29338095084456,7.77768413034786,6.85579343208092,6.90623836879433,7.4190990516333,7.26576371064815,235
"232",2022,3,7.08285714285714,35,6.81052631578947,7.40625,7,9,7.02647058823529,19,16,2,1,34,5304,2520,2784,284,950,4354,7.29199174773755,7.77039206746032,6.85895697557471,6.90689866197183,7.42076315789474,7.26389509186954,236
"233",2022,4,7.5,34,7.6875,7.33333333333333,NA,8,7.48484848484848,16,18,0,1,33,5338,2536,2802,284,951,4387,7.29331664106406,7.76986908911672,6.86200436117059,6.90689866197183,7.42137223974764,7.2655571529519,237
"234",2022,5,7.18125,32,7.57692307692308,6.91052631578947,7.66666666666667,6.83333333333333,7.21724137931034,13,19,3,3,29,5370,2549,2821,287,954,4416,7.29264883240223,7.76888505688505,6.8623311662531,6.91484048780488,7.41952306079665,7.26523986186594,238
"235",2022,6,6.93548387096774,31,6.96875,6.9,7.5,6.66666666666667,6.96428571428571,16,15,2,3,28,5401,2565,2836,289,957,4444,7.29059882058878,7.76389396101365,6.86253040197461,6.91889003460208,7.41716300940439,7.26334366111611,239
"236",2022,7,7.425,20,7.95,6.9,NA,NA,7.425,10,10,0,0,20,5421,2575,2846,289,957,4464,7.29109467441431,7.76461670291262,6.86266205903022,6.91889003460208,7.41716300940439,7.26406792786738,240
"237",2022,8,7.25576923076923,26,6.825,7.75833333333333,7,7.68333333333333,7.2,14,12,1,3,23,5447,2589,2858,290,960,4487,7.29092605654488,7.75953573194283,6.86642275017494,6.91916972413793,7.41799479166667,7.26373952083798,241
