"","year","month","avg_rating","no_ratings","avg_rating_owned","avg_rating_not_owned","avg_rating_prev_owned","avg_rating_comment","avg_rating_no_comment","no_ratings_owned","no_ratings_not_owned","no_ratings_prev_owned","no_ratings_comment","no_ratings_no_comment","cum_no_ratings","cum_no_ratings_owned","cum_no_ratings_not_owned","cum_no_ratings_prev_owned","cum_no_ratings_comment","cum_no_ratings_no_comment","cum_avg_rating","cum_avg_rating_owned","cum_avg_rating_not_owned","cum_avg_rating_prev_owned","cum_avg_rating_comment","cum_avg_rating_no_comment","month_after_release"
"1",2013,6,10,1,10,NA,NA,10,NA,1,0,0,1,0,1,1,0,0,1,0,10,10,NA,NA,10,NA,-2
"2",2013,8,7.60722222222222,54,8.23676470588235,6.537,6.8125,7.2125,7.83941176470588,34,20,4,20,34,55,35,20,4,21,34,7.65072727272727,8.28714285714286,6.537,6.8125,7.34523809523809,7.83941176470588,0
"3",2013,9,7.2625,32,8.53095238095238,4.84090909090909,5.5,6.975,7.39318181818182,21,11,2,10,22,87,56,31,6,31,56,7.50793103448276,8.37857142857143,5.93516129032258,6.375,7.2258064516129,7.66410714285714,1
"4",2013,10,7.65551470588235,136,8.32977528089888,6.37872340425532,6.625,7.51794871794872,7.71082474226804,89,47,8,39,97,223,145,78,14,70,153,7.59793721973094,8.34862068965517,6.2024358974359,6.51785714285714,7.38857142857143,7.69372549019608,2
"5",2013,11,7.34466666666667,150,8.15569620253165,6.44225352112676,7.23125,7.07027027027027,7.43451327433628,79,71,16,37,113,373,224,149,30,107,266,7.49608579088472,8.28058035714286,6.31671140939597,6.89833333333333,7.2785046728972,7.58360902255639,3
"6",2013,12,7.46731360544218,147,7.89901962616822,6.3125,7.22222222222222,7.40862068965517,7.48173813559322,107,40,9,29,118,520,331,189,39,136,384,7.48795211538462,8.15723595166163,6.31582010582011,6.97307692307692,7.30625,7.55230494791667,4
"7",2014,1,7.47584541062802,207,7.96965517241379,6.32096774193548,6.5,7.29444444444444,7.52623456790123,145,62,13,45,162,727,476,251,52,181,546,7.48450495185695,8.10009474789916,6.31709163346614,6.85480769230769,7.30331491712707,7.54456978021978,5
"8",2014,2,7.52278145695364,151,7.99085106382979,6.75087719298246,6.55,7.11512820512821,7.66473214285714,94,57,10,39,112,878,570,308,62,220,658,7.49108781321185,8.08207912280702,6.39737012987013,6.80564516129032,7.26995454545455,7.56502294832827,6
"9",2014,3,7.68703703703704,108,8.07464788732394,6.94324324324324,7.31666666666667,7.30769230769231,7.80731707317073,71,37,6,26,82,986,641,345,68,246,740,7.51255081135903,8.08125600624025,6.45591304347826,6.85073529411765,7.27394308943089,7.59187175675676,7
"10",2014,4,7.37056074766355,107,7.85763888888889,6.36857142857143,6.3125,7.07105263157895,7.43522727272727,72,35,8,19,88,1093,713,380,76,265,828,7.4986505946935,8.05867475455821,6.44786842105263,6.79407894736842,7.25939622641509,7.57522355072464,8
"11",2014,5,7.42264957264957,117,7.97985074626866,6.676,7.03333333333333,7.02272727272727,7.51526315789474,67,50,15,22,95,1210,780,430,91,287,923,7.49130173553719,8.05190397435898,6.47439534883721,6.83351648351648,7.2412543554007,7.56905211267606,9
"12",2014,6,7.1757253968254,126,7.6767675,6.30434782608696,6.92307692307692,7.19,7.1730320754717,80,46,13,20,106,1336,860,476,104,307,1029,7.46153929640719,8.01700755813954,6.45796218487395,6.84471153846154,7.23791530944625,7.52825704567541,10
"13",2014,7,7.39768518518519,108,7.82627118644068,6.88163265306122,6.77272727272727,7.36346153846154,7.40853658536585,59,49,11,26,82,1444,919,525,115,333,1111,7.45676350415513,8.00476224156692,6.49750476190476,6.83782608695652,7.24771771771772,7.51942079207921,11
"14",2014,8,7.29926470588235,136,7.63152173913043,6.60454545454545,7.14615384615385,6.75535714285714,7.44027777777778,92,44,13,28,108,1580,1011,569,128,361,1219,7.44320664556962,7.97079772502473,6.50578207381371,6.869140625,7.20952908587258,7.51240894175554,12
"15",2014,9,7.35826086956522,115,8.0463768115942,6.32608695652174,6.5,6.77272727272727,7.49677419354839,69,46,7,22,93,1695,1080,615,135,383,1312,7.43744336283186,7.97562638888889,6.49234146341463,6.85,7.18443864229765,7.51130068597561,13
"16",2014,10,7.25918367346939,98,7.94363636363636,6.38372093023256,6.66666666666667,7.36,7.22465753424658,55,43,12,25,73,1793,1135,658,147,408,1385,7.4277002230898,7.97407621145375,6.48524316109422,6.83503401360544,7.19519607843137,7.49619241877256,14
"17",2014,11,7.33253968253968,126,7.87972972972973,6.55384615384615,6.78461538461538,7.17954545454545,7.36490384615385,74,52,13,22,104,1919,1209,710,160,430,1489,7.42145205836373,7.96830148883375,6.4902676056338,6.8309375,7.19439534883721,7.48702249832102,15
"18",2014,12,7.414,150,7.96275510204082,6.37980769230769,6.33333333333333,7.40131578947368,7.41830357142857,98,52,15,38,112,2069,1307,762,175,468,1601,7.42091179313678,7.96788561591431,6.48272965879265,6.78828571428571,7.21119658119658,7.48221517801374,16
"19",2015,1,7.41534391534392,189,7.95833333333333,6.59,6.64285714285714,7.42820512820513,7.412,114,75,14,39,150,2258,1421,837,189,507,1751,7.42044574844996,7.96711928219564,6.49234169653525,6.77751322751323,7.22788954635108,7.47620017133067,17
"20",2015,2,7.41583333333333,132,7.85797752808989,6.5006976744186,7.28571428571429,7.56086956521739,7.38522935779817,89,43,7,23,109,2390,1510,880,196,530,1860,7.4201910041841,7.96068642384106,6.49275,6.79566326530612,7.24233962264151,7.47086908602151,18
"21",2015,3,7.40409836065574,122,7.75921052631579,6.81739130434783,7.3,7.03846153846154,7.503125,76,46,10,26,96,2512,1586,926,206,556,1956,7.41940943471338,7.95103184110971,6.50887688984881,6.82014563106796,7.23280575539568,7.47245219836401,19
"22",2015,4,7.31030927835052,97,8.03396226415094,6.43863636363636,6.57857142857143,7.36923076923077,7.30119047619048,53,44,14,13,84,2609,1639,970,220,569,2040,7.41535320045995,7.95371354484442,6.50569072164948,6.80477272727273,7.23592267135325,7.46540024509804,20
"23",2015,5,7.27555555555556,90,7.896875,5.74615384615385,5.28571428571429,6.60833333333333,7.37820512820513,64,26,7,12,78,2699,1703,996,227,581,2118,7.41069155242683,7.95157751027599,6.48586345381526,6.7579295154185,7.2229604130809,7.46218909348442,21
"24",2015,6,7.3920618556701,97,7.78389830508475,6.78368421052632,7.54,7.21904761904762,7.43986842105263,59,38,5,21,76,2796,1762,1034,232,602,2194,7.41004524320458,7.94596282633371,6.4968085106383,6.77478448275862,7.22282392026578,7.46141590701914,22
"25",2015,7,7.28109243697479,119,7.90065789473684,6.18604651162791,6.8,6.69285714285714,7.46208791208791,76,43,5,28,91,2915,1838,1077,237,630,2285,7.40478096054888,7.94408949945593,6.48440111420613,6.7753164556962,7.19926984126984,7.46144266958424,23
"26",2015,8,7.37888888888889,135,7.81764705882353,6.633,7.06,7.22692307692308,7.4151376146789,85,50,15,26,109,3050,1923,1127,252,656,2394,7.40363491803279,7.9385005200208,6.49099378881988,6.7922619047619,7.20036585365854,7.45933437761069,24
"27",2015,9,7.06118644067797,118,7.75402985074627,6.15098039215686,6.46,6.51578947368421,7.16585858585859,67,51,10,19,99,3168,1990,1178,262,675,2493,7.3908795770202,7.93228969849246,6.47627334465195,6.77958015267175,7.1810962962963,7.44768010429202,25
"28",2015,10,7.58344827586207,116,7.90333333333333,6.74375,7.63333333333333,7.47285714285714,7.60789473684211,84,32,6,21,95,3284,2074,1210,268,696,2588,7.39768163824604,7.93111692381871,6.48334710743802,6.79869402985075,7.18989942528736,7.45356124420402,26
"29",2015,11,7.28086956521739,138,7.91206896551724,6.20411764705882,6.53125,7.09526315789474,7.31050420168067,87,51,16,19,119,3422,2161,1261,284,715,2707,7.39297092343659,7.93035006941231,6.47205392545599,6.78362676056338,7.18738461538462,7.44727244181751,27
"30",2015,12,7.52935714285714,140,7.9209375,6.675,6.7,7.03809523809524,7.61605042016807,96,44,9,21,119,3562,2257,1305,293,736,2826,7.39833141493543,7.92994971200709,6.47889655172414,6.78105802047781,7.183125,7.45437951167728,28
"31",2016,1,7.5053125,160,7.91898148148148,6.64615384615385,6.7,7.9304347826087,7.43394160583942,108,52,9,23,137,3722,2365,1357,302,759,2963,7.40293027941967,7.9294488372093,6.48530582166544,6.77864238410596,7.20577075098814,7.45343452581843,29
"32",2016,2,7.22094017094017,117,7.7530487804878,5.97428571428571,5.1,6.72115384615385,7.36373626373626,82,35,5,26,91,3839,2447,1392,307,785,3054,7.39738382391248,7.92353759705762,6.47245689655173,6.75130293159609,7.18971974522293,7.45076178781925,30
"33",2016,3,7.3648,125,7.82266666666667,6.678,6.3125,7.032,7.448,75,50,16,25,100,3964,2522,1442,323,810,3154,7.39635633198789,7.9205378667724,6.4795839112344,6.72956656346749,7.18485185185185,7.45067422320862,31
"34",2016,4,7.67402597402597,154,8.23302752293578,6.32,5.85,7.52,7.70387596899225,109,45,10,25,129,4118,2631,1487,333,835,3283,7.40674028654687,7.93348403648803,6.47475453934096,6.70315315315315,7.19488622754491,7.46062336277795,32
"35",2016,5,7.46824324324324,148,7.827,6.72083333333333,7.16111111111111,7.44,7.47542372881356,100,48,18,30,118,4266,2731,1535,351,865,3401,7.40887400375058,7.92958495056756,6.48244951140065,6.72663817663818,7.20338728323699,7.46113687150838,33
"36",2016,6,7.36434108527132,129,7.79886363636364,6.43170731707317,6.92,7.11538461538461,7.42718446601942,88,41,10,26,103,4395,2819,1576,361,891,3504,7.40756689419795,7.92550425682866,6.48112944162437,6.73199445983379,7.20081930415264,7.4601388413242,34
"37",2016,7,7.54604316546763,139,8.05376344086022,6.5195652173913,6.8125,7.90909090909091,7.47777777777778,93,46,8,22,117,4534,2912,1622,369,913,3621,7.41181219673577,7.92960044642857,6.48221948212084,6.73373983739837,7.2178860898138,7.46070878210439,35
"38",2016,8,7.56558441558442,154,8.13030303030303,6.54909090909091,6.7,7.72758620689655,7.528,99,55,15,29,125,4688,3011,1677,384,942,3746,7.41686358788396,7.93619943540352,6.48441264162195,6.732421875,7.23357749469215,7.46295421783235,36
"39",2016,9,7.19879194630872,149,7.78391304347826,6.25438596491228,6.875,7.21034482758621,7.196,92,57,16,29,120,4837,3103,1734,400,971,3866,7.41014606160843,7.93168433773767,6.47685121107267,6.738125,7.23288362512873,7.45466800310398,37
"40",2016,10,7.42686567164179,134,8.00402298850575,6.35851063829787,6.44444444444444,7.75238095238095,7.36637168141593,87,47,9,21,113,4971,3190,1781,409,992,3979,7.41059676121505,7.93365721003135,6.47372824256036,6.73166259168704,7.2438810483871,7.45216046745413,38
"41",2016,11,7.4597972972973,148,8.00860215053763,6.53181818181818,6.46428571428571,7.67692307692308,7.41352459016393,93,55,14,26,122,5119,3283,1836,423,1018,4101,7.41201924203946,7.93578023149558,6.47546840958606,6.72281323877068,7.25494106090373,7.45101109485491,39
"42",2016,12,7.33863636363636,154,7.72934782608696,6.75887096774194,6.61785714285714,7.6453125,7.25819672131148,92,62,14,32,122,5273,3375,1898,437,1050,4223,7.40987606675517,7.93015303703704,6.48472602739726,6.71945080091533,7.2668380952381,7.44544080037888,40
"43",2017,1,7.41843434343434,198,7.96529850746269,6.2734375,6.27222222222222,7.59642857142857,7.38911764705882,134,64,18,28,170,5471,3509,1962,455,1078,4393,7.41018579784317,7.9314951553149,6.47783384301733,6.70175824175824,7.27539888682746,7.44326121101753,41
"44",2017,2,7.40062893081761,159,7.71965811965812,6.51190476190476,6.81666666666667,7.88571428571429,7.3268115942029,117,42,6,21,138,5630,3626,2004,461,1099,4531,7.40991589698046,7.92465981798125,6.47854790419162,6.70325379609544,7.28706096451319,7.43971452218053,42
"45",2017,3,7.56141732283465,127,8.03095238095238,6.64418604651163,6.55555555555556,7.355,7.6,84,43,9,20,107,5757,3710,2047,470,1119,4638,7.41325803369811,7.92706644204852,6.48202735710796,6.70042553191489,7.28827524575514,7.44341235446313,43
"46",2017,4,7.47991803278688,122,7.99352941176471,6.3,6.78,7.34375,7.51326530612245,85,37,5,24,98,5879,3795,2084,475,1143,4736,7.41464135056983,7.92855507246377,6.47879558541267,6.70126315789474,7.28944006999125,7.44485779138514,44
"47",2017,5,7.46969696969697,99,7.99253731343284,6.375,5.44444444444444,7.23076923076923,7.50581395348837,67,32,9,13,86,5978,3862,2116,484,1156,4822,7.4155531114085,7.92966506991196,6.47722589792061,6.67789256198347,7.28878027681661,7.44594493985898,45
"48",2017,6,7.56732283464567,127,7.9575,6.54171428571429,6.78,7.1945,7.63700934579439,92,35,5,20,107,6105,3954,2151,489,1176,4929,7.41871031941032,7.93031272129489,6.47827522082752,6.67893660531697,7.2871768707483,7.45009261513492,46
"49",2017,7,7.41649484536083,97,7.94375,6.39393939393939,6.85714285714286,7.26923076923077,7.43928571428571,64,33,14,13,84,6202,4018,2184,503,1189,5013,7.41867566913899,7.93052675460428,6.47700091575092,6.68389662027833,7.28698065601346,7.44991153002194,47
"50",2017,8,7.43030303030303,132,8.02941176470588,6.3468085106383,5.86363636363636,6.98,7.48803418803419,85,47,11,15,117,6334,4103,2231,514,1204,5130,7.41891798231765,7.93257531074823,6.47425818018826,6.66634241245136,7.2831561461794,7.45078099415205,48
"51",2017,9,7.325,106,7.43904109589041,7.07272727272727,6.58333333333333,7.53333333333333,7.29065934065934,73,33,6,15,91,6440,4176,2264,520,1219,5221,7.41737212732919,7.92394791666667,6.48298144876325,6.66538461538462,7.28623461853979,7.44799013598927,49
"52",2017,10,7.49272727272727,110,8.06785714285714,6.48625,6.5,7.17,7.54368421052632,70,40,6,15,95,6550,4246,2304,526,1234,5316,7.41863763358779,7.92632041921809,6.48303819444445,6.66349809885932,7.28482171799028,7.44970024454477,50
"53",2017,11,7.22916666666667,120,7.85189873417722,6.02926829268293,6.49,6.78125,7.29807692307692,79,41,10,16,104,6670,4325,2345,536,1250,5420,7.41522886056972,7.92496104046243,6.47510447761194,6.66026119402985,7.278376,7.44679086715867,51
"54",2017,12,7.38862903225806,124,7.68625,6.8475,6.625,7.32142857142857,7.39718181818182,80,44,8,14,110,6794,4405,2389,544,1264,5530,7.41474337650869,7.9206257661748,6.48196316450398,6.65974264705882,7.27885284810127,7.44580406871609,52
"55",2018,1,7.44545454545455,165,8.06818181818182,6.2,5.78666666666667,6.76470588235294,7.52364864864865,110,55,15,17,148,6959,4515,2444,559,1281,5678,7.41547154763616,7.92422070874862,6.4756178396072,6.63631484794276,7.27202966432475,7.44783312786192,53
"56",2018,2,7.16355769230769,104,7.79861111111111,5.7346875,5.66666666666667,7.47142857142857,7.11566666666667,72,32,6,14,90,7063,4587,2476,565,1295,5768,7.41176221152485,7.9222490734685,6.46604200323102,6.62601769911505,7.27418532818533,7.44265022538142,54
"57",2018,3,7.48085106382979,94,8.16016393442623,6.22515151515152,6.5,7.09411764705882,7.56623376623377,61,33,6,17,77,7157,4648,2509,571,1312,5845,7.4126696241442,7.92537145008606,6.46287365484257,6.62469352014011,7.27185213414634,7.44427827202737,55
"58",2018,4,7.59886363636364,88,8.02636363636364,6.88636363636364,6.75,7.96333333333333,7.52397260273973,55,33,6,15,73,7245,4703,2542,577,1327,5918,7.41493119392685,7.9265525196683,6.46837136113297,6.62599653379549,7.27966842501884,7.44526132139236,56
"59",2018,5,7.37211538461538,104,8.11111111111111,6.23658536585366,6.25,7.51538461538462,7.35164835164835,63,41,8,13,91,7349,4766,2583,585,1340,6009,7.41432528235134,7.92899213176668,6.46469221835076,6.6208547008547,7.2819552238806,7.44384365118988,57
"60",2018,6,7.30890410958904,73,7.51875,6.906,5.66666666666667,6.72222222222222,7.39140625,48,25,3,9,64,7422,4814,2608,588,1349,6073,7.41328839935327,7.92490164104695,6.46892254601227,6.61598639455782,7.27822090437361,7.44329104231846,58
"61",2018,7,7.32625,80,8.05849056603774,5.88888888888889,5.5,8.17777777777778,7.21830985915493,53,27,4,9,71,7502,4867,2635,592,1358,6144,7.41236023727006,7.92635637970002,6.46297912713473,6.60844594594595,7.28418262150221,7.44069116210938,59
"62",2018,8,7.26067415730337,89,7.52786885245902,6.67857142857143,7.07142857142857,7.38461538461539,7.23947368421053,61,28,7,13,76,7591,4928,2663,599,1371,6220,7.4105818074035,7.92142380275974,6.4652459631994,6.61385642737897,7.28513493800146,7.4382325562701,60
"63",2018,9,7.27609756097561,82,7.98117647058824,6.11612903225806,5.84444444444444,7.51666666666667,7.23485714285714,51,31,9,12,70,7673,4979,2694,608,1383,6290,7.40914459794083,7.9220358505724,6.4612286562732,6.60246710526316,7.287143890094,7.43596923688394,61
"64",2018,10,7.32527472527473,91,7.70526315789474,6.68823529411765,6.71428571428571,7.80769230769231,7.24487179487179,57,34,7,13,78,7764,5036,2728,615,1396,6368,7.40816157908295,7.91958230738681,6.46405791788856,6.60373983739837,7.29199140401146,7.43362853329146,62
"65",2018,11,7.43539325842697,89,7.64193548387097,6.96111111111111,7.275,7.69666666666667,7.38243243243243,62,27,8,15,74,7853,5098,2755,623,1411,6442,7.40847020247039,7.91620566888976,6.46892921960073,6.6123595505618,7.29629340892984,7.43304043775225,63
"66",2018,12,7.47298969072165,97,7.84285714285714,6.78764705882353,6.07142857142857,7.58608695652174,7.43783783783784,63,34,7,23,74,7950,5161,2789,630,1434,6516,7.40925742138365,7.91531030807983,6.47281462889925,6.60634920634921,7.30094142259415,7.43309492019644,64
"67",2019,1,7.1353009375,96,7.77524368421053,6.2,5.7,7.20833333333333,7.12486773809524,57,39,10,12,84,8046,5218,2828,640,1446,6600,7.4059887385036,7.91378025871982,6.46905233380481,6.5921875,7.30017289073306,7.42917202878788,65
"68",2019,2,7.08506493506493,77,8.00333333333333,5.79375,6.34285714285714,6.93571428571429,7.14107142857143,45,32,7,21,56,8123,5263,2860,647,1467,6656,7.40294661947556,7.91454596047881,6.46149650349651,6.58948995363215,7.29495569188821,7.42674810546875,66
"69",2019,3,7.77307013157895,76,8.10654314814815,6.95454545454545,7.05,8.26923076923077,7.67068777777778,54,22,2,13,63,8199,5317,2882,649,1480,6719,7.40637745090865,7.9164959037051,6.46526023594726,6.59090909090909,7.30351351351352,7.42903538026492,67
"70",2019,4,7.12229885057471,87,7.80907407407407,5.99848484848485,6.28571428571429,7.075,7.12844155844156,54,33,7,10,77,8286,5371,2915,656,1490,6796,7.40339472845764,7.91541588531,6.45997598627787,6.58765243902439,7.30197986577182,7.42562959387875,68
"71",2019,5,7.46703703703704,108,7.97914285714286,6.52368421052632,5.75,7.26470588235294,7.50483516483516,70,38,4,17,91,8394,5441,2953,660,1507,6887,7.40421357159876,7.91623575078111,6.46079580088046,6.58257575757576,7.3015593895156,7.42667616088282,69
"72",2019,6,7.5443661971831,71,7.87234042553191,6.90208333333333,6.83,8.18529411764706,7.34259259259259,47,24,5,17,54,8465,5488,2977,665,1524,6941,7.40538909864146,7.91585982507289,6.46435337588176,6.58443609022556,7.31141732283465,7.42602200259329,70
"73",2019,7,7.2051708974359,78,7.89802714285714,6.03448275862069,5.66666666666667,7.33928571428571,7.17583328125,49,29,3,14,64,8543,5537,3006,668,1538,7005,7.40356104998244,7.91570201372584,6.46020625415835,6.58031437125749,7.31167100130039,7.42373619557459,71
"74",2019,8,6.9711811023622,127,7.58102564102564,6.00040816326531,5.53333333333333,6.9375,6.97603603603604,78,49,12,16,111,8670,5615,3055,680,1554,7116,7.3972274567474,7.91105290293856,6.45283142389526,6.56183823529412,7.30781853281854,7.41675267706577,72
"75",2019,9,7.53432896103896,77,8.0118666,6.65,6.25,6.94871769230769,7.65328125,50,27,6,13,64,8747,5665,3082,686,1567,7180,7.39843436378187,7.9119426972639,6.45455872809864,6.55911078717201,7.30483939374601,7.41886100974931,73
"76",2019,10,7.13974683544304,79,8.0188,5.62413793103448,5.2,7.78,6.9896875,50,29,5,15,64,8826,5715,3111,691,1582,7244,7.39611889644233,7.91287758180228,6.44681774349084,6.54927641099855,7.30934470922883,7.41506930563225,74
"77",2019,11,7.32775010309278,97,7.75525784615385,6.459375,6.14285714285714,7,7.37847333333333,65,32,7,13,84,8923,5780,3143,698,1595,7328,7.39537567410064,7.91110504152249,6.44694559338212,6.5452005730659,7.30682340438872,7.41464981031659,75
"78",2019,12,7.18387096774194,93,7.93703703703704,6.14102564102564,5.74545454545455,7.4375,7.13116883116883,54,39,11,16,77,9016,5834,3182,709,1611,7405,7.3931940039929,7.91134507027768,6.44319610307983,6.53279266572638,7.30812124767226,7.41170206752195,76
"79",2020,1,7.3424927826087,115,7.9211275,6.50531914893617,6.34166666666667,7.63461538461539,7.30526147058824,68,47,12,13,102,9131,5902,3229,721,1624,7507,7.39255544956741,7.91145777871908,6.44410034066275,6.52961165048544,7.3107348091133,7.41025582522979,77
"80",2020,2,7.46461538461538,91,7.90017543859649,6.73441176470588,5.866,7.38866666666667,7.47960526315789,57,34,5,15,76,9222,5959,3263,726,1639,7583,7.39326651594014,7.91134985903675,6.44712534477475,6.52504132231405,7.31144803538743,7.41095087432415,78
"81",2020,3,7.39628571428571,70,7.95588235294118,5.89421052631579,6,7.75,7.363125,51,19,1,6,64,9292,6010,3282,727,1645,7647,7.39328926065433,7.91172775540765,6.44392443631932,6.52431911966988,7.31304761702128,7.4105506054662,79
"82",2020,4,7.3675,60,7.82674418604651,6.20588235294118,6.25,8.20454545454546,7.17959183673469,43,17,4,11,49,9352,6053,3299,731,1656,7696,7.3931238034645,7.91112403931935,6.44269778720825,6.52281805745554,7.31896940217392,7.4090801039501,80
"83",2020,5,7.37121212121212,66,7.83333333333333,6.13888888888889,6.4,7.5,7.35593220338983,48,18,5,7,59,9418,6101,3317,736,1663,7755,7.39297024952219,7.91051201606294,6.44104914078987,6.52198369565217,7.31973140709561,7.40867575499678,81
"84",2020,6,7.08333333333333,51,7.83088235294118,5.58823529411765,5.33333333333333,7.25,7.04268292682927,34,17,3,10,41,9469,6135,3334,739,1673,7796,7.3913025462034,7.91007071067645,6.43670065986803,6.51715832205683,7.31931460251046,7.40675095946639,82
"85",2020,7,7.38098591549296,71,8.19130434782609,5.89,5.5,7.4375,7.37380952380952,46,25,8,8,63,9540,6181,3359,747,1681,7859,7.39122576624738,7.91216369681282,6.43263173563561,6.50626506024096,7.31987705532421,7.40648689146202,83
"86",2020,8,7.69013333333333,75,8.11222222222222,6.6047619047619,5.8,7.58,7.73584905660377,54,21,5,22,53,9615,6235,3380,752,1703,7912,7.39355733853354,7.91389636086608,6.43370118343196,6.50156914893617,7.32323742219613,7.40869318503539,84
"87",2020,9,7.21594202898551,69,7.8265306122449,5.72,4,7.65,7.14237288135593,49,20,3,10,59,9684,6284,3400,755,1713,7971,7.39229180194135,7.91321511935073,6.42950294117647,6.49162913907285,7.32514496789259,7.40672192698532,85
"88",2020,10,7.29443037974684,79,7.71592592592593,6.384,6,6.55555555555556,7.38942857142857,54,25,3,9,70,9763,6338,3425,758,1722,8041,7.391499929325,7.91153420795204,6.42917080291971,6.48968337730871,7.32112272357724,7.40657138166895,86
"89",2020,11,7.39408602150538,93,7.78076923076923,6.49642857142857,6.12857142857143,7.76923076923077,7.333125,65,28,7,13,80,9856,6403,3453,765,1735,8121,7.39152433137175,7.91020674839919,6.42971618882132,6.48637908496732,7.32448030547551,7.40584786110085,87
"90",2020,12,7.06144578313253,83,7.50408163265306,6.42352941176471,6.72222222222222,6.85625,7.11044776119403,49,34,9,16,67,9939,6452,3487,774,1751,8188,7.38876786497636,7.90712241320521,6.4296558646401,6.48912144702842,7.32020178754997,7.4034306888129,88
"91",2021,1,7.7752688172043,93,8.3140625,6.58620689655172,7.26,7.875,7.76049382716049,64,29,5,12,81,10032,6516,3516,779,1763,8269,7.39235085825359,7.91111936924494,6.43094709897611,6.49406931964057,7.32397806579694,7.40692834441892,89
"92",2021,2,7.37014285714286,70,7.84137254901961,6.10526315789474,6.3125,7.08333333333333,7.39703125,51,19,8,6,64,10102,6567,3535,787,1769,8333,7.39219697188676,7.91057770823816,6.42919660537483,6.49222363405337,7.3231618598078,7.40685233169327,90
"93",2021,3,7.37828287878788,66,7.92727272727273,6.28030318181818,7,7.57142857142857,7.35536728813559,44,22,3,7,59,10168,6611,3557,790,1776,8392,7.39210665617624,7.9106888231735,6.4282757014338,6.49415189873418,7.32414038851352,7.4064903658246,91
"94",2021,4,7.28965517241379,58,7.72,6.33333333333333,5.83333333333333,7.57272727272727,7.22340425531915,40,18,3,11,47,10226,6651,3575,793,1787,8439,7.39152557011539,7.9095419951887,6.42779766993007,6.49165195460277,7.32567058198098,7.40547068965517,92
"95",2021,5,7.51333333333333,60,8.095,6.35,7,6.5,7.62592592592593,40,20,2,6,54,10286,6691,3595,795,1793,8493,7.39223609566401,7.91065069645793,6.42736485952712,6.49293081761006,7.32290760178472,7.40687238313906,93
"96",2021,6,7.38666666666667,60,7.82564102564103,6.57142857142857,5.25,6.81818181818182,7.51428571428571,39,21,4,11,49,10346,6730,3616,799,1804,8542,7.39220379663638,7.91015806983656,6.42820151272124,6.48670838548185,7.31983000554324,7.40748854483728,94
"97",2021,7,7.40648148148148,54,7.85526315789474,6.340625,6,7,7.44795918367347,38,16,6,5,49,10400,6768,3632,805,1809,8591,7.39227793076923,7.90984985372341,6.42781571310573,6.48308074534162,7.31894600884467,7.40771937492725,95
"98",2021,8,7.77582089552239,67,8.02127659574468,7.199,7.5,7.58692307692308,7.8212962962963,47,20,4,13,54,10467,6815,3652,809,1822,8645,7.39473301614598,7.91061831401321,6.43203906626506,6.488108776267,7.32085802963776,7.41030273568537,96
"99",2021,9,7.61538461538461,52,8.07352941176471,6.75,6.5,7.7,7.6063829787234,34,18,5,5,47,10519,6849,3670,814,1827,8692,7.39582379313623,7.91142704190393,6.43359854768393,6.48818181818182,7.32189563765736,7.41136299470778,97
"100",2021,10,7.321875,64,7.76363636363636,6.35,6.75,7.90625,7.12708333333333,44,20,2,16,48,10583,6893,3690,816,1843,8740,7.39537659264859,7.91048365153054,6.43314543902439,6.48882352941177,7.32696870862724,7.40980173340961,98
"101",2021,11,7.224,55,7.95333333333333,5.84210526315789,5.5,7.125,7.23176470588235,36,19,2,4,51,10638,6929,3709,818,1847,8791,7.39449055085543,7.9107062794054,6.43011773254247,6.48640586797066,7.32653131023281,7.4087688715732,99
"102",2021,12,7.1801282051282,78,7.55980392156863,6.46296296296296,6.64285714285714,7.675,7.10735294117647,51,27,7,10,68,10716,6980,3736,825,1857,8859,7.39293024262785,7.90814237965616,6.43035510438972,6.48773333333333,7.32840782444804,7.40645526018738,100
"103",2022,1,7.23783783783784,111,7.55205479452055,6.63421052631579,6.375,6.83333333333333,7.27352941176471,73,38,8,9,102,10827,7053,3774,833,1866,8961,7.39134021243188,7.90445679994329,6.43240770270271,6.48665066026411,7.32602000535906,7.40494221069077,101
"104",2022,2,7.29354838709677,62,7.54634146341463,6.8,7.075,7.98571428571429,7.20545454545455,41,21,4,7,55,10889,7094,3795,837,1873,9016,7.39078340343466,7.90238706089654,6.43444181027668,6.4894623655914,7.32848549386012,7.40372528283052,102
"105",2022,3,7.48428571428571,56,7.76121212121212,7.08695652173913,8,7.5,7.4824,33,23,5,6,50,10945,7127,3818,842,1879,9066,7.39126180721791,7.90173338150695,6.43837262179152,6.498432304038,7.32903317189995,7.40415918266049,103
"106",2022,4,7.36,60,7.67727272727273,6.4875,5,7.33888888888889,7.36372549019608,44,16,1,9,51,11005,7171,3834,843,1888,9117,7.39109136574285,7.90035613024683,6.43857763954095,6.49665480427046,7.3290801536017,7.40393299879346,104
"107",2022,5,7.29583333333333,60,7.69756097560976,6.42894736842105,6.25,7.72727272727273,7.19897959183673,41,19,2,11,49,11065,7212,3853,845,1899,9166,7.39057482873927,7.89920324597893,6.43853015053206,6.49607100591716,7.33138669299631,7.40283734998909,105
"108",2022,6,7.0268115942029,69,7.62051282051282,6.255,5.25,7.5,6.95583333333333,39,30,6,9,60,11134,7251,3883,851,1908,9226,7.3883205029639,7.8977042904427,6.43711219933042,6.48728554641598,7.33218203878407,7.39993032191632,106
"109",2022,7,7.59555555555556,63,7.963,6.95652173913043,6.41666666666667,8.1,7.50037735849057,40,23,6,10,53,11197,7291,3906,857,1918,9279,7.3894865124587,7.89806251680154,6.44017067844342,6.48679113185531,7.33618526068822,7.40050405754931,107
"110",2022,8,7.45,49,7.58484848484848,7.171875,5.75,7.96875,7.34878048780488,33,16,2,8,41,11246,7324,3922,859,1926,9320,7.3897501760626,7.89665125750956,6.44315570372259,6.485075669383,7.33881273624092,7.40027651824034,108
