"","year","month","avg_rating","no_ratings","avg_rating_owned","avg_rating_not_owned","avg_rating_prev_owned","avg_rating_comment","avg_rating_no_comment","no_ratings_owned","no_ratings_not_owned","no_ratings_prev_owned","no_ratings_comment","no_ratings_no_comment","cum_no_ratings","cum_no_ratings_owned","cum_no_ratings_not_owned","cum_no_ratings_prev_owned","cum_no_ratings_comment","cum_no_ratings_no_comment","cum_avg_rating","cum_avg_rating_owned","cum_avg_rating_not_owned","cum_avg_rating_prev_owned","cum_avg_rating_comment","cum_avg_rating_no_comment","month_after_release"
"1",2001,9,7,1,7,NA,NA,NA,7,1,0,0,0,1,1,1,0,0,0,1,7,7,NA,NA,NA,7,0
"2",2001,10,6,1,6,NA,NA,NA,6,1,0,0,0,1,2,2,0,0,0,2,6.5,6.5,NA,NA,NA,6.5,1
"3",2001,11,5,1,5,NA,NA,NA,5,1,0,0,0,1,3,3,0,0,0,3,6,6,NA,NA,NA,6,2
"4",2002,6,7.83333333333333,3,8.25,7,NA,NA,7.83333333333333,2,1,0,0,3,6,5,1,0,0,6,6.91666666666667,6.9,7,NA,NA,6.91666666666667,9
"5",2002,8,6.5,2,7,6,NA,6.5,NA,1,1,0,2,0,8,6,2,0,2,6,6.8125,6.91666666666667,6.5,NA,6.5,6.91666666666667,11
"6",2002,11,7.5,2,7.5,NA,NA,7,8,2,0,0,1,1,10,8,2,0,3,7,6.95,7.0625,6.5,NA,6.66666666666667,7.07142857142857,14
"7",2002,12,7,2,7,NA,NA,NA,7,2,0,0,0,2,12,10,2,0,3,9,6.95833333333333,7.05,6.5,NA,6.66666666666667,7.05555555555556,15
"8",2003,2,8,2,8,NA,NA,NA,8,2,0,0,0,2,14,12,2,0,3,11,7.10714285714286,7.20833333333333,6.5,NA,6.66666666666667,7.22727272727273,17
"9",2003,3,8,1,NA,8,NA,NA,8,0,1,0,0,1,15,12,3,0,3,12,7.16666666666667,7.20833333333333,7,NA,6.66666666666667,7.29166666666667,18
"10",2003,4,8,1,NA,8,NA,8,NA,0,1,0,1,0,16,12,4,0,4,12,7.21875,7.20833333333333,7.25,NA,7,7.29166666666667,19
"11",2003,5,7.25,2,8.5,6,NA,7.25,NA,1,1,0,2,0,18,13,5,0,6,12,7.22222222222222,7.30769230769231,7,NA,7.08333333333333,7.29166666666667,20
"12",2003,6,7.75,4,8,7,NA,9,7.33333333333333,3,1,0,1,3,22,16,6,0,7,15,7.31818181818182,7.4375,7,NA,7.35714285714286,7.3,21
"13",2003,7,6,2,7,5,5,NA,6,1,1,1,0,2,24,17,7,1,7,17,7.20833333333333,7.41176470588235,6.71428571428571,5,7.35714285714286,7.14705882352941,22
"14",2003,8,8,2,8,NA,NA,NA,8,2,0,0,0,2,26,19,7,1,7,19,7.26923076923077,7.47368421052632,6.71428571428571,5,7.35714285714286,7.23684210526316,23
"15",2003,9,10,1,10,NA,NA,NA,10,1,0,0,0,1,27,20,7,1,7,20,7.37037037037037,7.6,6.71428571428571,5,7.35714285714286,7.375,24
"16",2003,10,5,1,5,NA,NA,NA,5,1,0,0,0,1,28,21,7,1,7,21,7.28571428571429,7.47619047619048,6.71428571428571,5,7.35714285714286,7.26190476190476,25
"17",2003,12,6.33333333333333,3,8,5.5,NA,7,5,1,2,0,2,1,31,22,9,1,9,22,7.19354838709677,7.5,6.44444444444444,5,7.27777777777778,7.15909090909091,27
"18",2004,1,6.5,2,6.5,NA,NA,8,5,2,0,0,1,1,33,24,9,1,10,23,7.15151515151515,7.41666666666667,6.44444444444444,5,7.35,7.06521739130435,28
"19",2004,2,7.33333333333333,3,7.33333333333333,NA,NA,NA,7.33333333333333,3,0,0,0,3,36,27,9,1,10,26,7.16666666666667,7.40740740740741,6.44444444444444,5,7.35,7.09615384615385,29
"20",2004,3,6.85714285714286,7,6.83333333333333,7,NA,7.66666666666667,6.25,6,1,0,3,4,43,33,10,1,13,30,7.11627906976744,7.3030303030303,6.5,5,7.42307692307692,6.98333333333333,30
"21",2004,4,6.33333333333333,3,6.33333333333333,NA,NA,NA,6.33333333333333,3,0,0,0,3,46,36,10,1,13,33,7.06521739130435,7.22222222222222,6.5,5,7.42307692307692,6.92424242424242,31
"22",2004,5,7.91666666666667,3,8.5,6.75,NA,6.75,8.5,2,1,0,1,2,49,38,11,1,14,35,7.11734693877551,7.28947368421053,6.52272727272727,5,7.375,7.01428571428571,32
"23",2004,6,7,5,7.33333333333333,6.5,NA,6.5,7.33333333333333,3,2,0,2,3,54,41,13,1,16,38,7.10648148148148,7.29268292682927,6.51923076923077,5,7.265625,7.03947368421053,33
"24",2004,7,5,2,7,3,NA,5,NA,1,1,0,2,0,56,42,14,1,18,38,7.03125,7.28571428571429,6.26785714285714,5,7.01388888888889,7.03947368421053,34
"25",2004,8,7.16666666666667,3,7.25,7,NA,NA,7.16666666666667,2,1,0,0,3,59,44,15,1,18,41,7.03813559322034,7.28409090909091,6.31666666666667,5,7.01388888888889,7.04878048780488,35
"26",2004,9,7.54285714285714,7,7.54285714285714,NA,NA,7.5,7.56,7,0,0,2,5,66,51,15,1,20,46,7.09166666666667,7.31960784313726,6.31666666666667,5,7.0625,7.10434782608696,36
"27",2004,10,7.25,4,7.66666666666667,6,6,8,6.5,3,1,1,2,2,70,54,16,2,22,48,7.10071428571429,7.33888888888889,6.296875,5.5,7.14772727272727,7.07916666666667,37
"28",2004,11,7.11111111111111,9,8.25,6.2,NA,7.14285714285714,7,4,5,0,7,2,79,58,21,2,29,50,7.10189873417721,7.40172413793103,6.27380952380952,5.5,7.14655172413793,7.076,38
"29",2004,12,7.0625,8,7.2,6.83333333333333,NA,NA,7.0625,5,3,0,0,8,87,63,24,2,29,58,7.09827586206896,7.38571428571429,6.34375,5.5,7.14655172413793,7.07413793103448,39
"30",2005,1,7.09090909090909,11,7.8,6.5,6,7.4,6.83333333333333,5,6,1,5,6,98,68,30,3,34,64,7.09744897959184,7.41617647058824,6.375,5.66666666666667,7.18382352941176,7.0515625,40
"31",2005,2,7,4,6.66666666666667,8,NA,8,6.66666666666667,3,1,0,1,3,102,71,31,3,35,67,7.09362745098039,7.38450704225352,6.42741935483871,5.66666666666667,7.20714285714286,7.03432835820896,41
"32",2005,3,6.76,10,6.25,7.525,7,6.75,6.7625,6,4,1,2,8,112,77,35,4,37,75,7.06383928571429,7.2961038961039,6.55285714285714,6,7.18243243243243,7.00533333333333,42
"33",2005,4,6.625,8,6.4,7,8,7.75,5.5,5,3,2,4,4,120,82,38,6,41,79,7.03458333333333,7.24146341463415,6.58815789473684,6.66666666666667,7.23780487804878,6.92911392405063,43
"34",2005,5,6.54,10,7.18,5.9,6.5,6.41666666666667,6.725,5,5,2,6,4,130,87,43,8,47,83,6.99653846153846,7.23793103448276,6.50813953488372,6.625,7.13297872340426,6.91927710843373,44
"35",2005,6,7,3,7.5,6,NA,6.5,8,2,1,0,2,1,133,89,44,8,49,84,6.99661654135338,7.2438202247191,6.49659090909091,6.625,7.10714285714286,6.93214285714286,45
"36",2005,7,7.085,10,7.29375,6.25,7.5,7.5,6.67,8,2,1,5,5,143,97,46,9,54,89,7.0027972027972,7.2479381443299,6.48586956521739,6.72222222222222,7.14351851851852,6.91741573033708,46
"37",2005,8,7.25,10,7.0625,8,NA,7.33333333333333,7.125,8,2,0,6,4,153,105,48,9,60,93,7.01895424836601,7.23380952380952,6.54895833333333,6.72222222222222,7.1625,6.9263440860215,47
"38",2005,9,7,12,7.33333333333333,6,7,7,7,9,3,1,4,8,165,114,51,10,64,101,7.01757575757576,7.24166666666667,6.51666666666667,6.75,7.15234375,6.93217821782178,48
"39",2005,10,6.875,8,7.5,5,NA,6.5,7.25,6,2,0,4,4,173,120,53,10,68,105,7.01098265895954,7.25458333333333,6.45943396226415,6.75,7.11397058823529,6.94428571428571,49
"40",2005,11,6.36363636363636,11,6.875,5,NA,6.3,6.41666666666667,8,3,0,5,6,184,128,56,10,73,111,6.97228260869565,7.230859375,6.38125,6.75,7.05821917808219,6.91576576576577,50
"41",2005,12,6.88888888888889,9,7.25,6.16666666666667,NA,6.8,7,6,3,0,5,4,193,134,59,10,78,115,6.96839378238342,7.23171641791045,6.37033898305085,6.75,7.04166666666667,6.91869565217391,51
"42",2006,1,6.88461538461539,13,7,6.5,NA,6.83333333333333,7,10,3,0,9,4,206,144,62,10,87,119,6.9631067961165,7.215625,6.37661290322581,6.75,7.02011494252874,6.92142857142857,52
"43",2006,2,5.66666666666667,3,6,5,NA,5.5,6,2,1,0,2,1,209,146,63,10,89,120,6.9444976076555,7.19897260273973,6.35476190476191,6.75,6.98595505617978,6.91375,53
"44",2006,3,5.57142857142857,7,6.33333333333333,5,8,4.75,6.66666666666667,3,4,1,4,3,216,149,67,11,93,123,6.9,7.18154362416107,6.27388059701493,6.86363636363636,6.88978494623656,6.90772357723577,54
"45",2006,4,7.26666666666667,9,7.4,7,7,6.85,7.6,6,3,2,4,5,225,155,70,13,97,128,6.91466666666667,7.19,6.305,6.88461538461539,6.88814432989691,6.934765625,55
"46",2006,5,7.3,10,7.25,7.5,8,7.4,7.2,8,2,1,5,5,235,163,72,14,102,133,6.93106382978723,7.19294478527607,6.33819444444444,6.96428571428571,6.91323529411765,6.94473684210526,56
"47",2006,6,7.00714285714286,14,7.1,6.66666666666667,NA,7,7.01428571428571,11,3,0,7,7,249,174,75,14,109,140,6.93534136546185,7.18706896551724,6.35133333333333,6.96428571428571,6.91880733944954,6.94821428571429,57
"48",2006,7,6.83076923076923,13,7.04,6.13333333333333,5.65,7,6.78,10,3,2,3,10,262,184,78,16,112,150,6.93015267175573,7.17907608695652,6.34294871794872,6.8,6.92098214285714,6.937,58
"49",2006,8,7.09090909090909,22,7.14705882352941,6.9,NA,8,6.75,17,5,0,6,16,284,201,83,16,118,166,6.94260563380282,7.17636815920398,6.37650602409639,6.8,6.97584745762712,6.91897590361446,59
"50",2006,9,7.04545454545455,11,7.15,6,NA,7.375,6.85714285714286,10,1,0,4,7,295,211,84,16,122,173,6.9464406779661,7.17511848341232,6.37202380952381,6.8,6.98893442622951,6.91647398843931,60
"51",2006,10,7.08611111111111,18,7.0875,7.08333333333333,5,6.89285714285714,7.20909090909091,12,6,1,7,11,313,223,90,17,129,184,6.95447284345048,7.17040358744395,6.41944444444444,6.69411764705882,6.98372093023256,6.93396739130435,61
"52",2006,11,6.46,15,6.77777777777778,5.98333333333333,4.5,6.7375,6.14285714285714,9,6,2,8,7,328,232,96,19,137,191,6.93185975609756,7.1551724137931,6.3921875,6.46315789473684,6.96934306569343,6.90497382198953,62
"53",2006,12,6.75909090909091,22,7.07692307692308,6.3,7,6.89166666666667,6.6,13,9,1,12,10,350,245,105,20,149,201,6.921,7.15102040816326,6.38428571428571,6.49,6.96308724832215,6.88980099502488,63
"54",2007,1,6.80625,32,7.29545454545455,5.73,NA,6.66666666666667,6.89,22,10,0,12,20,382,267,115,20,161,221,6.91138743455497,7.16292134831461,6.32739130434783,6.49,6.94099378881988,6.88981900452489,64
"55",2007,2,7.17197789473684,19,7.375,6.82394,NA,7.57142857142857,6.938965,12,7,0,7,12,401,279,122,20,168,233,6.92373461346634,7.17204301075269,6.35588180327869,6.49,6.96726190476191,6.89235012875536,65
"56",2007,3,7.125,20,7.10714285714286,7.16666666666667,7.5,7.375,6.95833333333333,14,6,2,8,12,421,293,128,22,176,245,6.93329591448931,7.16894197952218,6.39388734375,6.58181818181818,6.98579545454545,6.89558195918367,66
"57",2007,4,6.51470588235294,17,6.65625,6.38888888888889,7,7.5,6.38333333333333,8,9,1,2,15,438,301,137,23,178,260,6.91704926940639,7.15531561461794,6.39355897810219,6.6,6.99157303370786,6.86602915384615,67
"58",2007,5,7,22,7.16666666666667,6.64285714285714,NA,7.07142857142857,6.96666666666667,15,7,0,7,15,460,316,144,23,185,275,6.92101647826087,7.15585443037975,6.40567763888889,6.6,6.99459459459459,6.87151847272727,68
"59",2007,6,7.16818181818182,22,7.28235294117647,6.78,6,6.875,7.33571428571429,17,5,1,8,14,482,333,149,24,193,289,6.93229788381743,7.16231231231231,6.41823879194631,6.575,6.98963730569948,6.89400546712803,69
"60",2007,7,7.04545454545455,22,7.25,6.125,7,6.57142857142857,7.26666666666667,18,4,1,7,15,504,351,153,25,200,304,6.93723726190476,7.16680911680912,6.41057241830065,6.592,6.975,6.91239335526316,70
"61",2007,8,7.24285714285714,21,7.16666666666667,7.43333333333333,8,6.75,7.35882352941176,15,6,1,4,17,525,366,159,26,204,321,6.94946205714286,7.16680327868853,6.44916716981132,6.64615384615385,6.97058823529412,6.93603607476636,71
"62",2007,9,6.51842105263158,19,6.87272727272727,6.03125,6.625,6.2,6.63214285714286,11,8,2,5,14,544,377,167,28,209,335,6.93440731617647,7.15822281167109,6.42914718562874,6.64464285714286,6.95215311004785,6.92333605970149,72
"63",2007,10,7.12173913043478,23,7.37058823529412,6.41666666666667,5,7.5,7.065,17,6,1,3,20,567,394,173,29,212,355,6.94200631393298,7.16738578680203,6.42871433526011,6.58793103448276,6.95990566037736,6.93131712676056,73
"64",2007,11,6.80833333333333,24,7.16111111111111,5.75,5,6.72222222222222,6.86,18,6,2,9,15,591,412,179,31,221,370,6.93657796954315,7.16711165048544,6.40596413407821,6.48548387096774,6.95022624434389,6.92842589189189,74
"65",2007,12,6.71481481481482,27,7.13529411764706,6,6.5,6.81111111111111,6.66666666666667,17,10,2,9,18,618,429,189,33,230,388,6.92688928802589,7.16585081585082,6.38448455026455,6.48636363636364,6.94478260869565,6.91628242268041,75
"66",2008,1,6.90277777777778,36,7.17307692307692,6.2,NA,7,6.85416666666667,26,10,0,12,24,654,455,199,33,242,412,6.92556204892966,7.16626373626374,6.37521396984924,6.48636363636364,6.94752066115703,6.91266402912621,76
"67",2008,2,6.95238095238095,21,7.5,5.58333333333333,6.5,7.58333333333333,6.7,15,6,1,6,15,675,470,205,34,248,427,6.92639641481481,7.17691489361702,6.35203697560975,6.48676470588235,6.96290322580645,6.90519339578454,77
"68",2008,3,6.67777777777778,18,7.01818181818182,6.14285714285714,6,6.375,6.92,11,7,2,8,10,693,481,212,36,256,437,6.91993878787879,7.17328482328482,6.34513009433962,6.45972222222222,6.94453125,6.90553221967963,78
"69",2008,4,6.61458333333333,24,6.91666666666667,6.11111111111111,7,6.44230769230769,6.81818181818182,15,9,3,13,11,717,496,221,39,269,448,6.90971768479777,7.16552419354839,6.33559990950226,6.50128205128205,6.92026022304833,6.90338745535714,79
"70",2008,5,6.78947368421053,19,7.14285714285714,6.58333333333333,NA,6.8125,6.77272727272727,7,12,0,8,11,736,503,233,39,277,459,6.90661355978261,7.16520874751491,6.34835871244635,6.50128205128205,6.91714801444043,6.90025616557734,80
"71",2008,6,6.67727272727273,22,7.30909090909091,6.04545454545455,6.5,6.675,6.67857142857143,11,11,1,8,14,758,514,244,40,285,473,6.89995722955145,7.16828793774319,6.33470319672131,6.50125,6.91035087719298,6.89369467230444,81
"72",2008,7,6.29166666666667,24,6.85714285714286,6.05882352941176,5.9375,5.95833333333333,6.625,7,17,8,12,12,782,521,261,48,297,485,6.88128846547314,7.16410748560461,6.3167340229885,6.40729166666667,6.87188552188552,6.88704655670103,82
"73",2008,8,6.88260869565217,23,6.91818181818182,6.85,7.25,6.85714285714286,6.89375,11,12,4,7,16,805,532,273,52,304,501,6.8813261863354,7.15902255639098,6.34017428571429,6.47211538461538,6.87154605263158,6.88726063872256,83
"74",2008,9,6.90277777777778,18,7.19444444444444,6.61111111111111,6.875,6.6,7.01923076923077,9,9,4,5,13,823,541,282,56,309,514,6.88179535844471,7.15961182994455,6.34882120567376,6.50089285714286,6.86715210355987,6.89059840466926,84
"75",2008,10,6.91111111111111,18,7.075,6.58333333333333,6,6.64285714285714,7.08181818181818,12,6,2,7,11,841,553,288,58,316,525,6.88242280618311,7.15777576853526,6.353706875,6.48362068965517,6.8621835443038,6.89460491428571,85
"76",2008,11,6.8725,16,7.16222222222222,6.5,6.25,7.3,6.67818181818182,9,7,4,5,11,857,562,295,62,321,536,6.8822375495916,7.15784697508897,6.35717823728814,6.46854838709677,6.8690031152648,6.89016339552239,86
"77",2008,12,6.675,20,7,5.7,6.75,7.66666666666667,6.5,15,5,2,3,17,877,577,300,64,324,553,6.87751149372862,7.15374350086655,6.34622526666667,6.47734375,6.87638888888889,6.87816922242315,87
"78",2009,1,6.96607142857143,28,7.27,6.20625,6.65,6.91666666666667,6.98947368421053,20,8,5,9,19,905,597,308,69,333,572,6.88025146961326,7.15763819095478,6.34258954545454,6.48985507246377,6.87747747747748,6.8818663986014,88
"79",2009,2,6.97142857142857,28,6.91333333333333,7.03846153846154,7.25,7.65,6.7,15,13,2,8,20,933,612,321,71,341,592,6.88298775991425,7.15165032679739,6.37077127725857,6.5112676056338,6.89560117302053,6.87572226351351,89
"80",2009,3,6.82666666666667,30,6.91176470588235,6.71538461538462,6.5,6.5,6.90833333333333,17,13,2,6,24,963,629,334,73,347,616,6.88123320872274,7.14516693163752,6.38418437125748,6.51095890410959,6.88876080691643,6.87699282467533,90
"81",2009,4,6.69594594594595,37,6.94545454545455,6.33,7.25,6.66666666666667,6.70161290322581,22,15,4,6,31,1000,651,349,77,353,647,6.87437758,7.1384178187404,6.38185553008596,6.54935064935065,6.88498583569405,6.86858976816074,91
"82",2009,5,7.08461538461538,26,7.46875,6.47,7.33333333333333,6.81818181818182,7.28,16,10,3,11,15,1026,667,359,80,364,662,6.87970524366472,7.14634182908546,6.38431080779944,6.57875,6.88296703296703,6.87791175226586,92
"83",2009,6,6.72,25,6.95384615384615,6.46666666666667,6.66666666666667,6.5,6.73913043478261,13,12,3,2,23,1051,680,371,83,366,685,6.87590635585157,7.14266176470588,6.38697460916442,6.58192771084337,6.88087431693989,6.87325194160584,93
"84",2009,7,7.296875,32,7.5,7,7.16666666666667,8,6.97727272727273,19,13,9,10,22,1083,699,384,92,376,707,6.88834494921514,7.1523748211731,6.40772807291667,6.63913043478261,6.91063829787234,6.87648879773692,94
"85",2009,8,6.5,20,7,6,7,7.5,6.38888888888889,10,10,2,2,18,1103,709,394,94,378,725,6.88130333635539,7.15022566995769,6.39737964467005,6.6468085106383,6.91375661375661,6.86438286896552,95
"86",2009,9,6.86071428571429,28,7.30666666666667,6.34615384615385,6,7.04166666666667,6.725,15,13,2,12,16,1131,724,407,96,390,741,6.88079361626879,7.15346685082873,6.39574343980344,6.63333333333333,6.91769230769231,6.86137325236167,96
"87",2009,10,6.60892857142857,28,7.00416666666667,6.3125,5.5,5.95,6.8725,12,16,4,8,20,1159,736,423,100,398,761,6.87422569456428,7.15103260869565,6.39259475177305,6.588,6.89824120603015,6.86166567674113,97
"88",2009,11,7.02,25,7.59090909090909,6.57142857142857,6.7,6.91666666666667,7.05263157894737,11,14,5,6,19,1184,747,437,105,404,780,6.87730369932432,7.15751004016064,6.39832398169336,6.59333333333333,6.89851485148515,6.86631741025641,98
"89",2009,12,6.55,20,6.71428571428571,6.16666666666667,6.25,7,6.35714285714286,14,6,2,6,14,1204,761,443,107,410,794,6.87186676079734,7.14935611038108,6.39518641083521,6.58691588785047,6.9,6.85733952141058,99
"90",2010,1,6.49,30,7.03529411764706,5.77692307692308,5.53333333333333,7.5,6.41785714285714,17,13,3,2,28,1234,778,456,110,412,822,6.8625831280389,7.14686375321337,6.37756048245614,6.55818181818182,6.90291262135922,6.84236931873479,100
"91",2010,2,6.94791666666667,24,7.15789473684211,6.15,5,6.75,6.9875,19,5,1,4,20,1258,797,461,111,416,842,6.86421111287758,7.14712672521958,6.37509236442516,6.54414414414414,6.90144230769231,6.84581660332542,101
"92",2010,3,6.875,12,6.75,7.5,NA,7,6.85,10,2,0,2,10,1270,807,463,111,418,852,6.86431305511811,7.14220570012392,6.37995157667386,6.54414414414414,6.90191387559809,6.84586570422535,102
"93",2010,4,7.21875,16,7.0625,7.375,NA,5.66666666666667,7.57692307692308,8,8,0,3,13,1286,815,471,111,421,865,6.86872284603421,7.14142331288344,6.39685261146497,6.54414414414414,6.89311163895487,6.85685269364162,103
"94",2010,5,7.03846153846154,13,7.35714285714286,6.66666666666667,7,7.83333333333333,6.8,7,6,1,3,10,1299,822,477,112,424,875,6.87042153964588,7.1432603406326,6.40024649895178,6.54821428571429,6.89976415094339,6.85620294857143,104
"95",2010,6,6.45294117647059,17,6.66666666666667,6.2125,7.16666666666667,6.5,6.44285714285714,9,8,3,3,14,1316,831,485,115,427,889,6.865028556231,7.13809867629362,6.39714964948453,6.56434782608696,6.89695550351288,6.84969356580427,105
"96",2010,7,6.90555555555556,18,7.16428571428571,6,NA,9,6.78235294117647,14,4,0,1,17,1334,845,489,115,428,906,6.86557539730135,7.1385325443787,6.39390098159509,6.56434782608696,6.9018691588785,6.84843,106
"97",2010,8,6.76111111111111,27,6.77941176470588,6.73,7.5,7.35714285714286,6.5525,17,10,1,7,20,1361,862,499,116,435,926,6.86350299779574,7.13145011600928,6.40063643286573,6.57241379310345,6.90919540229885,6.84203842332613,107
"98",2010,9,6.26666666666667,15,6.4,6,NA,6.5,6.18181818181818,10,5,0,4,11,1376,872,504,116,439,937,6.8569967877907,7.12306192660551,6.39666186507936,6.57241379310345,6.90546697038724,6.8342877054429,108
"99",2010,10,7.025,20,7.5,5.91666666666667,5.5,6.375,7.1875,14,6,2,4,16,1396,886,510,118,443,953,6.85940371060172,7.12901805869075,6.3910148627451,6.55423728813559,6.90067720090293,6.84021781741868,109
"100",2010,11,6.8758064516129,31,7.21666666666667,6.55625,6.2,7.16666666666667,6.75681818181818,15,16,7,9,22,1427,901,526,125,452,975,6.85976004204625,7.13047724750278,6.39604102661597,6.5344,6.90597345132743,6.83833597948718,110
"101",2010,12,6.52173913043478,23,6.93333333333333,5.75,5.66666666666667,6.625,6.5,15,8,3,4,19,1450,916,534,128,456,994,6.85439833103448,7.12724890829695,6.38636250936329,6.5140625,6.90350877192982,6.83186879275654,111
"102",2011,1,6.58205128205128,39,6.75909090909091,6.35294117647059,6.5,7.0625,6.45806451612903,22,17,2,8,31,1489,938,551,130,464,1025,6.84726499664204,7.11861407249467,6.38533136116152,6.51384615384615,6.90625,6.82056349268293,112
"103",2011,2,6.4375,20,6.75,6.05555555555556,6.75,7.5,6.31944444444444,11,9,2,2,18,1509,949,560,132,466,1043,6.8418340490391,7.11434141201265,6.38003139285714,6.51742424242424,6.9087982832618,6.8119152253116,113
"104",2011,3,6.65,18,6.5,6.77,6,6.375,6.72857142857143,8,10,1,4,14,1527,957,570,133,470,1057,6.83957274394237,7.10920585161965,6.38687294736842,6.51353383458647,6.90425531914893,6.81081133396405,114
"105",2011,4,6.96666666666667,15,7.75,6.07142857142857,7,7.75,6.68181818181818,8,7,1,4,11,1542,965,577,134,474,1068,6.84080906614786,7.11451813471503,6.38304606585788,6.51716417910448,6.91139240506329,6.80948275280899,115
"106",2011,5,6.18695652173913,23,6.57272727272727,5.83333333333333,5,7,6.15,11,12,1,1,22,1565,976,589,135,475,1090,6.83119973162939,7.1084118852459,6.37184648556876,6.50592592592593,6.91157894736842,6.79617209174312,116
"107",2011,6,6.73684210526316,19,7.27777777777778,6.25,6.25,6.7,6.75384615384615,9,10,4,6,13,1584,985,599,139,481,1103,6.83006791666667,7.10995939086295,6.36981232053422,6.49856115107914,6.90893970893971,6.79567323662738,117
"108",2011,7,6.76909090909091,22,7.06133333333333,6.14285714285714,6,6.5,6.82888888888889,15,7,2,4,18,1606,1000,606,141,485,1121,6.82923261519303,7.10923,6.36719072607261,6.49148936170213,6.90556701030928,6.79620658340767,118
"109",2011,8,6.9125,16,7.575,6.25,NA,6,7.04285714285714,8,8,0,2,14,1622,1008,614,141,487,1135,6.83005399506782,7.11292658730159,6.36566381107492,6.49148936170213,6.90184804928131,6.799248969163,119
"110",2011,9,6.91304347826087,23,7.32857142857143,6.26666666666667,5.5,8.2,6.55555555555556,14,9,2,5,18,1645,1022,623,143,492,1153,6.8312143343465,7.11588062622309,6.36423367576244,6.47762237762238,6.9150406504065,6.79544456201214,120
"111",2011,10,6.85555555555556,18,6.96,6.33333333333333,NA,7.25,6.74285714285714,15,3,0,4,14,1663,1037,626,143,496,1167,6.83147779915815,7.11362584378014,6.36408559105431,6.47762237762238,6.91774193548387,6.79481369323051,121
"112",2011,11,6.53846153846154,26,6.5875,6.46,5,6.59,6.50625,16,10,1,10,16,1689,1053,636,144,506,1183,6.82696718768502,7.10563152896486,6.36559367924528,6.46736111111111,6.91126482213439,6.79091088757397,122
"113",2011,12,7.12941176470588,17,7.33636363636364,6.75,7,7.5,7.10625,11,6,1,1,16,1706,1064,642,145,507,1199,6.829980996483,7.10801691729323,6.36918626168224,6.47103448275862,6.91242603550296,6.79511891576314,123
"114",2012,1,6.29838709677419,31,6.72916666666667,6.02631578947368,5.4,5.33333333333333,6.40178571428571,12,19,5,3,28,1737,1076,661,150,510,1227,6.82049371329879,7.10379182156134,6.35933068078669,6.43533333333333,6.90313725490196,6.78614309698452,124
"115",2012,2,6.76923076923077,13,7,6.4,6,6.75,6.77272727272727,8,5,1,2,11,1750,1084,666,151,512,1238,6.82011290285714,7.1030258302583,6.35963600600601,6.43245033112583,6.9025390625,6.78602389337641,125
"116",2012,3,6.83333333333333,15,7.07142857142857,6.625,6,6.5,6.88461538461539,7,8,2,2,13,1765,1091,674,153,514,1251,6.82022525779037,7.10282309807516,6.36278572700297,6.42679738562091,6.90097276264591,6.78704842525979,126
"117",2012,4,7.12,20,7.25833333333333,6.9125,6.66666666666667,6.9,7.19333333333333,12,8,3,5,15,1785,1103,682,156,519,1266,6.82358407843137,7.10451495920218,6.36923398826979,6.43141025641026,6.9009633911368,6.79186222748815,127
"118",2012,5,6.61904761904762,21,7.03846153846154,5.9375,NA,8.4,6.43157894736842,13,8,0,2,19,1806,1116,690,156,521,1285,6.82120574750831,7.10374551971326,6.36422837681159,6.43141025641026,6.90671785028791,6.78653508171206,128
"119",2012,6,7.38947368421053,19,7.67142857142857,6.6,6,7.5,7.36875,14,5,3,3,16,1825,1130,695,159,524,1301,6.82712196164384,7.11077876106195,6.36592457553957,6.42327044025157,6.91011450381679,6.79369529592621,129
"120",2012,7,6.66647058823529,17,6.86923076923077,6.0075,NA,6.2,6.86083333333333,13,4,0,5,12,1842,1143,699,159,529,1313,6.82563929424539,7.10803149606299,6.36387350500715,6.42327044025157,6.90340264650284,6.7943088956588,130
"121",2012,8,6.5,15,6.75,6.33333333333333,6,6.5,6.5,6,9,3,3,12,1857,1149,708,162,532,1325,6.82300892837911,7.10616187989556,6.36348528248588,6.41543209876543,6.90112781954887,6.79164345660377,131
"122",2012,9,7.125,20,7.625,6.375,6.6,7.25,7.09375,12,8,5,4,16,1877,1161,716,167,536,1341,6.82622673415024,7.11152454780362,6.36361393854749,6.42095808383233,6.90373134328358,6.79524800894855,132
"123",2012,10,6.7875,24,7.23636363636364,6.40769230769231,6.2,5,6.95,11,13,1,2,22,1901,1172,729,168,538,1363,6.82573781167806,7.11269624573379,6.36439997256516,6.41964285714286,6.89665427509294,6.79774584005869,133
"124",2012,11,6.47,20,7.11111111111111,5.94545454545455,5.91428571428571,6,6.78333333333333,9,11,7,8,12,1921,1181,740,175,546,1375,6.82203413846955,7.11268416596105,6.3581724054054,6.39942857142857,6.88351648351648,6.79762005818182,134
"125",2012,12,6.83181818181818,22,7.05,6.25,7,6.66666666666667,6.94615384615385,16,6,1,9,13,1943,1197,746,176,555,1388,6.82214492022645,7.1118462823726,6.35730238605898,6.40284090909091,6.88,6.79901122478386,135
"126",2013,1,6.80130434782609,23,6.844,6.72125,6.75,6.75,6.80619047619048,15,8,2,2,21,1966,1212,754,178,557,1409,6.82190110885046,7.10853135313531,6.36116389920424,6.40674157303371,6.87953321364452,6.79911822569198,136
"127",2013,2,6.6952380952381,21,6.81538461538462,6.5,6.5,6.83333333333333,6.67222222222222,13,8,3,3,18,1987,1225,762,181,560,1427,6.82056244589834,7.10542040816326,6.36262149606299,6.40828729281768,6.87928571428571,6.79751757533287,137
"128",2013,3,6.716,25,6.92857142857143,6.44545454545455,6.33333333333333,5.75,6.9,14,11,3,4,21,2012,1239,773,184,564,1448,6.81926321073559,7.10342211460855,6.36380023285899,6.4070652173913,6.87127659574468,6.79900385359116,138
"129",2013,4,6.56153846153846,13,6.97142857142857,6.08333333333333,7,5.93333333333333,6.75,7,6,2,3,10,2025,1246,779,186,567,1458,6.81760868148148,7.10268057784912,6.36164002567394,6.41344086021505,6.8663139329806,6.79866775034294,139
"130",2013,5,7,15,7.22727272727273,6.375,6.25,7.375,6.86363636363636,11,4,2,4,11,2040,1257,783,188,571,1469,6.81894979411765,7.10377088305489,6.36170827586207,6.41170212765957,6.86987740805604,6.79915424098026,140
"131",2013,6,7.3375,16,7.57272727272727,6.82,7.5,8,7.24285714285714,11,5,1,2,14,2056,1268,788,189,573,1483,6.82298520428015,7.10783911671924,6.36461621827411,6.41746031746032,6.8738219895288,6.80334293998651,141
"132",2013,7,7.20833333333333,12,7.71428571428571,6.5,6.5,7.5,7.18181818181818,7,5,2,1,11,2068,1275,793,191,574,1494,6.82522126692456,7.11116862745098,6.36546983606557,6.41832460732984,6.87491289198606,6.80612957161981,142
"133",2013,8,7.27173913043478,23,7.375,7.03571428571429,6.65,6.5,7.48611111111111,16,7,5,5,18,2091,1291,800,196,579,1512,6.83013274988044,7.11443841982959,6.371334475,6.42423469387755,6.87167530224525,6.81422458994709,143
"134",2013,9,5.94666666666667,15,6.7125,5.07142857142857,6,5.83333333333333,5.975,8,7,1,3,12,2106,1299,807,197,582,1524,6.82384025641026,7.11196304849884,6.36005895910781,6.42208121827411,6.86632302405498,6.80761652230971,144
"135",2013,10,7.11363636363636,11,7.46428571428571,6.5,6.5,8,6.91666666666667,7,4,2,2,9,2117,1306,811,199,584,1533,6.82534604629192,7.11385145482389,6.36074917385943,6.42286432160804,6.87020547945205,6.8082567384214,145
"136",2013,11,6.74440529411765,17,7.55953545454545,5.25,NA,8,6.57699266666667,11,6,0,2,15,2134,1317,817,199,586,1548,6.82470125117151,7.1175739483675,6.35259189718482,6.42286432160804,6.8740614334471,6.80601580749354,146
"137",2013,12,6.38,25,7.375,5.46153846153846,5.4,6.41666666666667,6.36842105263158,12,13,5,6,19,2159,1329,830,204,592,1567,6.81955186197313,7.11989833709556,6.33863563855422,6.39779411764706,6.86942567567568,6.80070993618379,147
"138",2014,1,6.98571428571429,14,6.6625,7.41666666666667,6,7.5,6.9,8,6,1,2,12,2173,1337,836,205,594,1579,6.82062239760699,7.11716147344802,6.34637270334928,6.39585365853659,6.87154882154882,6.80146451551615,148
"139",2014,2,6.62631578947368,19,6.8,6.43333333333333,6.66666666666667,6.33333333333333,6.68125,10,9,3,3,16,2192,1347,845,208,597,1595,6.81893817062044,7.11480689680772,6.3472989112426,6.39975961538461,6.86884422110553,6.80025860188088,149
"140",2014,3,6.755,20,7,6.55454545454545,6.75,5,6.84736842105263,9,11,2,1,19,2212,1356,856,210,598,1614,6.81836006781193,7.11404490412979,6.34996212616822,6.40309523809524,6.86571906354515,6.80081317843866,150
"141",2014,4,5.96923076923077,13,6.9,5.55555555555556,5.5,4.5,6.23636363636364,4,9,2,2,11,2225,1360,865,212,600,1625,6.81339886292135,7.11341536029412,6.34169662427746,6.39457547169811,6.85783333333333,6.79699228923077,151
"142",2014,5,6.795,20,6.75882352941176,7,7,7.25,6.68125,17,3,1,4,16,2245,1377,868,213,604,1641,6.8132349532294,7.10903768336964,6.34397186635945,6.39741784037559,6.86043046357616,6.79586378427788,152
"143",2014,6,7.10625,16,7.37,6.66666666666667,7.5,7.4,7.03846153846154,10,6,2,3,13,2261,1387,874,215,607,1654,6.81530847854931,7.11091917087239,6.3461871624714,6.40767441860465,6.86309719934102,6.79777053808948,153
"144",2014,7,6.86363636363636,11,7.14285714285714,6.375,6.33333333333333,7,6.85,7,4,3,1,10,2272,1394,878,218,608,1664,6.81554246038732,7.11107954806313,6.34631842824601,6.40665137614679,6.86332236842105,6.79808441706731,154
"145",2014,8,6.66086956521739,23,7.37,6.11538461538461,6.5,6,6.72380952380952,10,13,2,2,21,2295,1404,891,220,610,1685,6.81399236165577,7.11292371082621,6.34294902356902,6.4075,6.86049180327869,6.79715873590504,155
"146",2014,9,7.03913043478261,23,7.26363636363636,6.83333333333333,6.625,6.975,7.05263157894737,11,12,4,4,19,2318,1415,903,224,614,1704,6.81622625970664,7.11409532862191,6.3494657585825,6.41138392857143,6.86123778501629,6.80000731807512,156
"147",2014,10,7.70384615384615,13,7.55909090909091,8.5,9,7.7,7.70454545454545,11,2,1,2,11,2331,1426,905,225,616,1715,6.82117652080652,7.11752797335203,6.35421832044199,6.42288888888889,6.86396103896104,6.80580902040816,157
"148",2014,11,7.13888888888889,18,7.27272727272727,6.92857142857143,6,7.625,7,11,7,1,4,14,2349,1437,912,226,620,1729,6.82361109833972,7.11871599860821,6.35862673245614,6.42101769911504,6.86887096774193,6.80738141700405,158
"149",2014,12,6.32666666666667,15,6.7125,5.88571428571429,5.525,6.05,6.36923076923077,8,7,4,2,13,2364,1445,919,230,622,1742,6.82045789763113,7.11646705190311,6.35502457018498,6.40543478260869,6.86623794212219,6.80411163605052,159
"150",2015,1,7.16666666666667,15,7.77777777777778,6.25,6,6,7.34615384615385,9,6,1,2,13,2379,1454,925,231,624,1755,6.82264080285834,7.12056044704264,6.35434332972973,6.40367965367965,6.86346153846154,6.80812676353276,160
"151",2015,2,7.15384615384615,13,7.9,6.6875,4.5,NA,7.15384615384615,5,8,2,0,13,2392,1459,933,233,624,1768,6.8244408319398,7.12323159013023,6.35719997856377,6.38733905579399,6.86346153846154,6.8106688178733,161
"152",2015,3,6.6,15,7.25,5.85714285714286,9,6.75,6.57692307692308,8,7,1,2,13,2407,1467,940,234,626,1781,6.82304215621105,7.12392289706885,6.35347614893617,6.39850427350427,6.86309904153355,6.8089626445817,162
"153",2015,4,7.171875,16,7.725,6.25,6.5,7.35,7.09090909090909,10,6,1,5,11,2423,1477,946,235,631,1792,6.82534563351217,7.12799247799594,6.35281985200846,6.39893617021276,6.86695721077655,6.81069334263393,163
"154",2015,5,6.6875,16,7.4375,5.9375,6.1,7,6.66666666666667,8,8,5,1,15,2439,1485,954,240,632,1807,6.82444135711357,7.12965985858586,6.34933708595388,6.39270833333333,6.86716772151899,6.80949776978417,164
"155",2015,6,6.54375,16,7.41111111111111,5.42857142857143,4.25,2,6.84666666666667,9,7,2,1,15,2455,1494,961,242,633,1822,6.82261200407332,7.1313553480589,6.34263015608741,6.375,6.85947867298578,6.80980377058178,165
"156",2015,7,6.64130434782609,23,7.18181818181818,6.14583333333333,NA,5.9,6.84722222222222,11,12,0,5,18,2478,1505,973,242,638,1840,6.82092916464891,7.13172417940199,6.3402030626927,6.375,6.8519592476489,6.81016982065217,166
"157",2015,8,6.9775,20,7.215,6.74,7.25,7.25,6.88666666666667,10,10,2,5,15,2498,1515,983,244,643,1855,6.82218273418735,7.13227385478548,6.34427017293998,6.38217213114754,6.85505443234837,6.810788393531,167
"158",2015,9,6.8,11,7.2,6.46666666666667,4,7.5,6.64444444444444,5,6,1,2,9,2509,1520,989,245,645,1864,6.82208548027102,7.13249663815789,6.34501271991911,6.37244897959184,6.85705426356589,6.80998523068669,168
"159",2015,10,6.78,20,6.96666666666667,6.5,7,NA,6.78,12,8,3,0,20,2529,1532,997,248,645,1884,6.82175265717675,7.13119770887728,6.34625634904714,6.38004032258064,6.85705426356589,6.80966691613588,169
"160",2015,11,6.82272727272727,22,6.94285714285714,6.76666666666667,6,5.5,6.955,7,15,1,2,20,2551,1539,1012,249,647,1904,6.8217610623285,7.1303410591293,6.35248772727273,6.3785140562249,6.85285935085008,6.81119352415966,170
"161",2015,12,7.19333333333333,15,7.49090909090909,6.375,5.5,7.1,7.21666666666667,11,4,1,3,12,2566,1550,1016,250,650,1916,6.82393315276695,7.13289992903226,6.35257635826772,6.375,6.854,6.81373302192067,171
"162",2016,1,6.59576923076923,26,6.96666666666667,6.39941176470588,6.2,6.26666666666667,6.6945,9,17,5,6,20,2592,1559,1033,255,656,1936,6.82164447145062,7.13194027581783,6.35334712487899,6.37156862745098,6.84862804878049,6.81250127582645,172
"163",2016,2,6.325,20,6.7,5.95,5,6.3,6.33333333333333,10,10,1,5,15,2612,1569,1043,256,661,1951,6.81784168070444,7.12918731038878,6.34947994247363,6.3662109375,6.84447806354009,6.8088172578165,173
"164",2016,3,6.71052631578947,19,7.1875,6.36363636363636,5,7.125,6.6,8,11,2,4,15,2631,1577,1054,258,665,1966,6.81706669327252,7.12948312618897,6.34962768500949,6.35562015503876,6.84616541353384,6.80722404374364,174
"165",2016,4,6.42777777777778,18,7.27777777777778,5.57777777777778,5.5,7,6.39411764705882,9,9,2,1,17,2649,1586,1063,260,666,1983,6.81442146847867,7.13032464691047,6.34309273753528,6.34903846153846,6.8463963963964,6.80368253656077,175
"166",2016,5,6.79411764705882,17,7.25,6.38888888888889,4.5,6.4,6.95833333333333,8,9,2,5,12,2666,1594,1072,262,671,1995,6.81429199924981,7.13092527603513,6.34347722014925,6.33492366412214,6.84307004470939,6.80461276691729,176
"167",2016,6,7.3,16,7.73333333333333,6,5.66666666666667,6.76666666666667,7.42307692307692,12,4,3,3,13,2682,1606,1076,265,674,2008,6.81718958612975,7.13542645703611,6.34220035315985,6.32735849056604,6.84272997032641,6.80861676792829,177
"168",2016,7,6.72105263157895,19,7.52857142857143,6.25,6,6.95,6.66,7,12,1,4,15,2701,1613,1088,266,678,2023,6.81651331728989,7.13713260384377,6.3411834375,6.32612781954887,6.84336283185841,6.80751481463173,178
"169",2016,8,6.7,20,7.20833333333333,5.9375,4,NA,6.7,12,8,1,0,20,2721,1625,1096,267,678,2043,6.81565691657479,7.13765839384615,6.33823684306569,6.31741573033708,6.84336283185841,6.80646229564366,179
"170",2016,9,6.29722222222222,18,6.71875,5.96,6.86666666666667,6.9625,6.10714285714286,8,10,3,4,14,2739,1633,1106,270,682,2057,6.81224989777291,7.135606178812,6.3348169801085,6.32351851851852,6.84406158357771,6.80170270782693,180
"171",2016,10,6.55,24,7.53333333333333,5.56666666666667,5.66666666666667,5.33333333333333,6.72380952380952,12,12,3,3,21,2763,1645,1118,273,685,2078,6.80997193992038,7.13850753191489,6.32657207513417,6.31630036630037,6.83744525547445,6.80091552935515,181
"172",2016,11,6.51326923076923,26,7.41633333333333,5.28181818181818,4.7,7.729,6.22380952380952,15,11,3,5,21,2789,1660,1129,276,690,2099,6.80720597705271,7.1410180060241,6.31639289636847,6.29873188405797,6.84390579710145,6.7951417198666,182
"173",2016,12,6.76190476190476,21,6.96428571428571,6.35714285714286,7.5,7.5,6.63888888888889,14,7,2,3,18,2810,1674,1136,278,693,2117,6.80686742704626,7.13953995818399,6.31664399647887,6.30737410071942,6.84674603174603,6.79381316485593,183
"174",2017,1,7.2,25,7.66666666666667,6.5,6.25,7,7.21739130434783,15,10,4,2,23,2835,1689,1146,282,695,2140,6.81033420458554,7.14422136767318,6.31824396160559,6.30656028368794,6.84718705035971,6.79836564018692,184
"175",2017,2,6.78928571428571,14,6.95,6.3875,6,6.75,6.79583333333333,10,4,1,2,12,2849,1699,1150,283,697,2152,6.81023077220077,7.143078216598,6.31848485217391,6.30547703180212,6.84690817790531,6.79835151951673,185
"176",2017,3,7.15454545454545,22,7.41538461538462,6.77777777777778,7.5,8.1,7.06,13,9,1,2,20,2871,1712,1159,284,699,2172,6.81286919888541,7.14514596378505,6.32205140638481,6.30968309859155,6.85049356223176,6.80076080570902,186
"177",2017,4,6.925,16,7.02727272727273,6.7,5,7.83333333333333,6.71538461538462,11,5,1,3,13,2887,1723,1164,285,702,2185,6.8134906373398,7.14439343586767,6.32367489690722,6.30508771929824,6.85469373219373,6.80025284668192,187
"178",2017,5,6.37222222222222,18,6.82727272727273,5.65714285714286,6.15,6,6.39411764705882,11,7,4,1,17,2905,1734,1171,289,703,2202,6.81075644406196,7.14238171280277,6.31969050384287,6.30294117647059,6.85347795163585,6.79711737965486,188
"179",2017,6,7.053125,16,7.07222222222222,7.02857142857143,7.2,6.86666666666667,7.09615384615385,9,7,1,3,13,2921,1743,1178,290,706,2215,6.81208403628894,7.14201944348824,6.32390286926995,6.30603448275862,6.85353399433428,6.7988724469526,189
"180",2017,7,6.96666666666667,15,7.625,6.21428571428571,5.25,6.16666666666667,7.16666666666667,8,7,2,3,12,2936,1751,1185,292,709,2227,6.81287379768392,7.14422609366077,6.32325534177215,6.29880136986301,6.85062764456982,6.80085427480916,190
"181",2017,8,6.47368421052632,19,6.71428571428571,5.8,NA,7.5,6.41666666666667,14,5,0,1,18,2955,1765,1190,292,710,2245,6.81069288324873,7.14081580169972,6.32105678991597,6.29880136986301,6.85154225352113,6.79777392873051,191
"182",2017,9,6.19875,16,6.77777777777778,5.45428571428571,NA,6.33333333333333,6.16769230769231,9,7,0,3,13,2971,1774,1197,292,713,2258,6.80739733086503,7.13897400789177,6.31598795321637,6.29880136986301,6.8493618513324,6.79414635518158,192
"183",2017,10,6.65789473684211,19,6.875,6.28571428571429,4,7,6.59375,12,7,1,3,16,2990,1786,1204,293,716,2274,6.80644731438127,7.13720038633819,6.3158119435216,6.29095563139932,6.84999301675978,6.79273635444151,193
"184",2017,11,6.33529411764706,17,6.96666666666667,5.625,5.5,5.9,6.51666666666667,9,8,3,5,12,3007,1795,1212,296,721,2286,6.8037836614566,7.13634534261838,6.31125212871287,6.28293918918919,6.84340499306519,6.79128716972879,194
"185",2017,12,6.97852173913043,23,7.084,6.91071428571429,6,6.75,7.0128,9,14,3,3,20,3030,1804,1226,299,724,2306,6.80511005610561,7.1360841962306,6.31809753670473,6.28010033444816,6.84301795580111,6.79320835646141,195
"186",2018,1,6.34612903225806,31,6.76642857142857,6,5.9625,6.625,6.30481481481482,14,17,8,4,27,3061,1818,1243,307,728,2333,6.80046176739628,7.13323756325633,6.31374704746581,6.27182410423453,6.84182005494506,6.78755613801972,196
"187",2018,2,6.19230769230769,13,6.33333333333333,6.15,5.75,5.5,6.31818181818182,3,10,4,2,11,3074,1821,1253,311,730,2344,6.79788987312947,7.13191976386601,6.312440207502,6.26511254019292,6.83814383561644,6.78535344283277,197
"188",2018,3,7.72352941176471,17,8.07272727272727,7.08333333333333,7.5,6.5,7.8,11,6,2,1,16,3091,1832,1259,313,731,2360,6.80298074086056,7.13756871724891,6.31611404289118,6.27300319488818,6.83768125854993,6.79223240254237,198
"189",2018,4,7.02777777777778,9,7.1,6.9375,NA,NA,7.02777777777778,5,4,0,0,9,3100,1837,1263,313,731,2369,6.80363337741935,7.13746646162221,6.31808201108472,6.27300319488818,6.83768125854993,6.79312725622626,199
"190",2018,5,6.76470588235294,17,7.42857142857143,6.3,6.25,8,6.6875,7,10,2,1,16,3117,1844,1273,315,732,2385,6.80342106833494,7.13857152386117,6.31793996857816,6.27285714285714,6.83926912568306,6.79241864570231,200
"191",2018,6,6.390625,16,7.58333333333333,5.675,NA,7,6.30357142857143,6,10,0,2,14,3133,1850,1283,315,734,2399,6.80131294924992,7.14001399459459,6.31292874512861,6.27285714285714,6.83970708446867,6.78956584827011,201
"192",2018,7,6.86363636363636,11,7.7,6.16666666666667,7,6.66666666666667,6.9375,5,6,1,3,8,3144,1855,1289,316,737,2407,6.8015310019084,7.14152339083558,6.31224792862684,6.2751582278481,6.83900271370421,6.79005752804321,202
"193",2018,8,6.95416666666667,24,7.29333333333333,6.38888888888889,7,7.83333333333333,6.82857142857143,15,9,2,3,21,3168,1870,1298,318,740,2428,6.80268733270202,7.14274111764706,6.31277933744222,6.27971698113207,6.84303378378379,6.7903906383855,203
"194",2018,9,6.77777777777778,18,7.13636363636364,6.21428571428571,5.5,7.25,6.71875,11,7,1,2,16,3186,1881,1305,319,742,2444,6.8025466007533,7.14270382243487,6.31225101915709,6.27727272727273,6.84413072776281,6.78992163256956,204
"195",2018,10,6.69444444444444,18,6.41666666666667,7.25,NA,6.8,6.68823529411765,12,6,0,1,17,3204,1893,1311,319,743,2461,6.80193928526841,7.13810136819863,6.31654277650648,6.27727272727273,6.84407133243607,6.78921920763917,205
"196",2018,11,7.0875,16,7.2,7,6.66666666666667,NA,7.0875,7,9,3,0,16,3220,1900,1320,322,743,2477,6.80335822049689,7.13832941578947,6.32120271212121,6.28090062111801,6.84407133243607,6.79114593056117,206
"197",2018,12,7.11428571428571,21,7.40769230769231,6.6375,7,8,7.07,13,8,3,1,20,3241,1913,1328,325,744,2497,6.80537286948473,7.14015990067956,6.32310811746988,6.28753846153846,6.845625,6.793379443332,207
"198",2019,1,6.95454545454545,22,7.14285714285714,6.625,7,8,6.90476190476191,14,8,1,1,21,3263,1927,1336,326,745,2518,6.80637863009501,7.14017949662688,6.32491585329341,6.28972392638037,6.8471744966443,6.79430836775219,208
"199",2019,2,7.19444444444444,18,7.54545454545455,6.64285714285714,7,6.7,7.38461538461539,11,7,2,5,13,3281,1938,1343,328,750,2531,6.80850761048461,7.14247981940144,6.32657303052867,6.29405487804878,6.84619333333334,6.7973403674437,209
"200",2019,3,6.50555555555556,18,7.1375,6,6.5,5.5,6.63125,8,10,2,2,16,3299,1946,1353,330,752,2547,6.80685464383146,7.14245934737924,6.32415933481153,6.29530303030303,6.8426130319149,6.79629700431881,210
"201",2019,4,6.29227272727273,22,6.48181818181818,6.10272727272727,5.5,6.66666666666667,6.23315789473684,11,11,5,3,19,3321,1957,1364,335,755,2566,6.80344579042457,7.13874598364844,6.32237359237537,6.28343283582089,6.84191390728477,6.79212722915043,211
"202",2019,5,7.08,15,7.4,6.92,7,NA,7.08,5,10,1,0,15,3336,1962,1374,336,755,2581,6.80468928956835,7.13941176860346,6.32672312954876,6.28556547619047,6.84191390728477,6.79380025958931,212
"203",2019,6,6.40625,16,7.25,5.9,6.5,6,6.5,6,10,2,3,13,3352,1968,1384,338,758,2594,6.80278743138425,7.13974892784553,6.3236398699422,6.28683431952663,6.83858179419525,6.79232786044719,213
"204",2019,7,6.51913043478261,23,6.746,6.09375,5,6.345,6.53571428571429,15,8,2,2,21,3375,1983,1392,340,760,2615,6.80085436148148,7.1367704942007,6.3223186637931,6.27926470588235,6.83728289473684,6.79026710133844,214
"205",2019,8,6.618,20,7.55555555555556,5.85090909090909,4.83333333333333,5.83333333333333,6.75647058823529,9,11,3,3,17,3395,1992,1403,343,763,2632,6.7997771634757,7.13866259538152,6.31862265146116,6.26661807580175,6.83333551769332,6.79004881079028,215
"206",2019,9,7.12083333333333,24,7.3,6.87,7.85,6.6,7.1952380952381,14,10,2,3,21,3419,2006,1413,345,766,2653,6.80203084820123,7.13978857926221,6.32252482661005,6.27579710144927,6.83242167101828,6.7932561138334,216
"207",2019,10,7.54615384615385,13,7.9,7.13333333333333,6.5,6.7,7.61666666666667,7,6,2,1,12,3432,2013,1419,347,767,2665,6.80484949592075,7.14243213611525,6.32595319238901,6.27708933717579,6.83224902216428,6.79696377861164,217
"208",2019,11,6.57333333333333,15,6.91,5.9,5.83333333333333,6,6.61428571428571,10,5,3,1,14,3447,2023,1424,350,768,2679,6.8038420278503,7.14128318833416,6.32445757022472,6.27328571428571,6.83116536458334,6.79600913400523,218
"209",2019,12,7.01538461538462,13,7.18571428571429,6.81666666666667,6,6.5,7.10909090909091,7,6,2,2,11,3460,2030,1430,352,770,2690,6.80463684104046,7.14143639901478,6.32652278321678,6.27173295454545,6.8303051948052,6.79728939405205,219
"210",2020,1,6.33105263157895,19,6.75444444444444,5.95,5.83333333333333,5,6.580625,9,10,3,3,16,3479,2039,1440,355,773,2706,6.80205043690716,7.13972824423737,6.32390804166667,6.26802816901408,6.82320181112549,6.7960083037694,220
"211",2020,2,7.21176470588235,17,7.75,6.44285714285714,6.25,7.25,7.20666666666667,10,7,2,2,15,3496,2049,1447,357,775,2721,6.80404275457666,7.14270663250366,6.32448346924672,6.26792717086834,6.82430322580645,6.79827213156928,221
"212",2020,3,6.45625,16,6.53,6.33333333333333,NA,6.13333333333333,6.53076923076923,10,6,0,3,13,3512,2059,1453,357,778,2734,6.80245827733485,7.13973088392423,6.32452001376463,6.26792717086834,6.82163881748072,6.79700017190929,222
"213",2020,4,6.63157894736842,19,6.53571428571429,6.9,6,6,6.66666666666667,14,5,2,1,18,3531,2073,1458,359,779,2752,6.80153879071085,7.13565165943078,6.32649353909465,6.26643454038997,6.82058408215661,6.79614769985465,223
"214",2020,5,7.18428571428571,21,7.19823529411765,7.125,NA,8,7.09842105263158,17,4,0,2,19,3552,2090,1462,359,781,2771,6.80380165259009,7.13616071291866,6.32867823529412,6.26643454038997,6.82360435339309,6.79822030674847,224
"215",2020,6,6.4,18,6.65625,6.195,6.75,6.16666666666667,6.44666666666667,8,10,2,3,15,3570,2098,1472,361,784,2786,6.80176567787115,7.13433073879886,6.3277700951087,6.2691135734072,6.82109056122449,6.79632751974157,225
"216",2020,7,7.12857142857143,14,8.25,6.2875,6,7,7.16363636363636,6,8,2,3,11,3584,2104,1480,363,787,2797,6.80304226283482,7.13751230513308,6.32755241891892,6.26763085399449,6.82177255400254,6.79777206649982,226
"217",2020,8,6.41891891891892,37,7.09090909090909,6.13461538461539,6.5,7.5,6.25,11,26,2,5,32,3621,2115,1506,365,792,2829,6.79911722452361,7.13726992434988,6.32422150066401,6.26890410958904,6.8260542929293,6.79157598798162,227
"218",2020,9,6.61414151515152,33,7.19761928571429,6.18421052631579,5.5,6,6.75061740740741,14,19,2,6,27,3654,2129,1525,367,798,2856,6.79744667214012,7.13766677313293,6.32247710163935,6.26471389645776,6.81984335839599,6.79118877450981,228
"219",2020,10,6.20833333333333,48,6.83333333333333,6,6,6.25,6.19736842105263,12,36,2,10,38,3702,2141,1561,369,808,2894,6.78980824959481,7.13596102755722,6.3150400896861,6.26327913279133,6.81279084158416,6.78339154803041,229
"220",2020,11,6.46666666666667,57,7.37777777777778,6.04615384615385,6,6.24444444444444,6.50833333333333,18,39,2,9,48,3759,2159,1600,371,817,2942,6.7849082575153,7.13797710050949,6.3084859875,6.26185983827493,6.8065299877601,6.77890385452074,230
"221",2020,12,6.27816326530612,49,7.55,5.71705882352941,5.56666666666667,6.3575,6.27111111111111,15,34,3,4,45,3808,2174,1634,374,821,2987,6.77838764180672,7.14081994480221,6.29617966952264,6.25628342245989,6.80434226552984,6.7712538131905,231
"222",2021,1,6.61627906976744,43,7.23157894736842,6.12916666666667,5.66666666666667,5.6125,6.84571428571429,19,24,3,8,35,3851,2193,1658,377,829,3022,6.77657754868865,7.1416062745098,6.29376211097708,6.25159151193634,6.79284077201448,6.77211619457313,232
"223",2021,2,6.33333333333333,27,6.89166666666667,5.88666666666667,5.5,4,6.42307692307692,12,15,1,1,26,3878,2205,1673,378,830,3048,6.77349152656008,7.14024605895692,6.29011212193664,6.24960317460317,6.78947590361446,6.76913882545932,233
"224",2021,3,6.36951219512195,41,7.53636363636364,5.94166666666667,NA,6.65,6.33055555555556,11,30,0,5,36,3919,2216,1703,378,835,3084,6.76926515437612,7.1422123465704,6.28397391661773,6.24960317460317,6.78864071856288,6.7640191763943,234
"225",2021,4,6.98888888888889,27,7.66923076923077,6.35714285714286,7.1,7.375,6.92173913043478,13,14,5,4,23,3946,2229,1717,383,839,3107,6.77076790167258,7.14528602960969,6.28457051834595,6.26070496083551,6.79143623361144,6.76518672030898,235
"226",2021,5,6.54838709677419,31,7.35714285714286,5.88235294117647,5,6.83333333333333,6.51785714285714,14,17,1,3,28,3977,2243,1734,384,842,3135,6.76903448327885,7.14660836379848,6.28062720876586,6.257421875,6.79158551068884,6.76297771610846,236
"227",2021,6,7.15909090909091,22,7.81818181818182,6.5,7,8.66666666666667,6.92105263157895,11,11,2,3,19,3999,2254,1745,386,845,3154,6.77118033008252,7.14988578527063,6.28201007449857,6.26126943005181,6.7982426035503,6.76392997463539,237
"228",2021,7,6.69972222222222,36,7.072,6.234375,NA,7.9,6.50612903225806,20,16,0,5,31,4035,2274,1761,386,850,3185,6.77054278562577,7.14920077396658,6.28157727427598,6.26126943005181,6.80472352941177,6.76142076609106,238
"229",2021,8,6.412,25,7.3,5.82,6,5.25,6.63333333333333,10,15,1,4,21,4060,2284,1776,387,854,3206,6.76833500985222,7.14986101576182,6.27767881756757,6.26059431524548,6.79744145199063,6.7605817654398,239
"230",2021,9,6.63636363636364,22,6.77777777777778,6.53846153846154,7,5,6.8,9,13,1,2,20,4082,2293,1789,388,856,3226,6.76762374816266,7.14840059310946,6.27957382895472,6.2625,6.79324182242991,6.76082614383137,240
"231",2021,10,6.30833333333333,24,6.98888888888889,5.9,5,7,6.24545454545455,9,15,1,2,22,4106,2302,1804,389,858,3248,6.76493914758889,7.14777695916594,6.27641772727273,6.25925449871465,6.79372377622378,6.75733532635468,241
"232",2021,11,6.75586206896552,29,6.91222222222222,6.5,7,7,6.73777777777778,18,11,1,2,27,4135,2320,1815,390,860,3275,6.76487548730351,7.14594937931034,6.27777277134986,6.26115384615384,6.79420348837209,6.75717408854962,242
"233",2021,12,6.75,27,6.6875,6.77631578947368,8,7.125,6.72,8,19,1,2,25,4162,2328,1834,391,862,3300,6.76477898606439,7.14437395189003,6.28293761177753,6.2656010230179,6.79497099767982,6.75689246666667,243
"234",2022,1,6.15788461538462,26,7.07,5.5878125,6,6,6.1642,10,16,1,1,25,4188,2338,1850,392,863,3325,6.76101125596944,7.14405584260051,6.27692571891892,6.26492346938775,6.79404982618772,6.75243613233083,244
"235",2022,2,7.01583333333333,36,7.65625,6.5035,6.95,7.14285714285714,6.9851724137931,16,20,2,7,29,4224,2354,1870,394,870,3354,6.76318303503788,7.14753719626168,6.27934897326203,6.26840101522842,6.79685632183908,6.75444846153846,245
"236",2022,3,6.99511627906977,43,7.57916666666667,6.25736842105263,6,7.36,6.9471052631579,24,19,1,5,38,4267,2378,1889,395,875,3392,6.7655203046637,7.15189342304458,6.27912788777131,6.26772151898734,6.80007428571429,6.7566067629717,246
"237",2022,4,7.28216216216216,37,7.47565217391304,6.96428571428571,8,7.2,7.295,23,14,1,5,32,4304,2401,1903,396,880,3424,6.76996169609665,7.15499481882549,6.2841684603258,6.27209595959596,6.80234659090909,6.76163847546729,247
"238",2022,5,7.04,30,7.33529411764706,6.65384615384615,NA,7.75,6.98928571428571,17,13,0,2,28,4334,2418,1916,396,882,3452,6.77183090447623,7.15626243176179,6.28667671189979,6.27209595959596,6.80449546485261,6.76348497682503,248
"239",2022,6,6.7051724137931,29,7.375,6.23235294117647,6,6.66666666666667,6.70961538461538,12,17,1,3,26,4363,2430,1933,397,885,3478,6.77138783864314,7.15734261728395,6.28619895499224,6.27141057934509,6.80402824858757,6.76308227142036,249
"240",2022,7,6.91161290322581,31,7.44230769230769,6.52833333333333,6,5.3,7.22153846153846,13,18,3,5,26,4394,2443,1951,400,890,3504,6.77237713700501,7.15885900941465,6.28843289595079,6.269375,6.79557865168539,6.76648405821918,250
"241",2022,8,7.12236842105263,38,7.5975,6.59444444444444,6,6.16666666666667,7.20428571428571,20,18,1,3,35,4432,2463,1969,401,893,3539,6.77537796480144,7.16242085261876,6.29123036058913,6.26870324189526,6.79346584546473,6.77081382876519,251
