"","year","month","avg_rating","no_ratings","avg_rating_owned","avg_rating_not_owned","avg_rating_prev_owned","avg_rating_comment","avg_rating_no_comment","no_ratings_owned","no_ratings_not_owned","no_ratings_prev_owned","no_ratings_comment","no_ratings_no_comment","cum_no_ratings","cum_no_ratings_owned","cum_no_ratings_not_owned","cum_no_ratings_prev_owned","cum_no_ratings_comment","cum_no_ratings_no_comment","cum_avg_rating","cum_avg_rating_owned","cum_avg_rating_not_owned","cum_avg_rating_prev_owned","cum_avg_rating_comment","cum_avg_rating_no_comment","month_after_release"
"1",2001,7,6,1,NA,6,NA,NA,6,0,1,0,0,1,1,0,1,0,0,1,6,NA,6,NA,NA,6,0
"2",2001,8,6.33333333333333,3,7,6,3,9,5,1,2,1,1,2,4,1,3,1,1,3,6.25,7,6,3,9,5.33333333333333,1
"3",2001,10,3.5,2,6,1,NA,3.5,NA,1,1,0,2,0,6,2,4,1,3,3,5.33333333333333,6.5,4.75,3,5.33333333333333,5.33333333333333,3
"4",2001,12,1,1,NA,1,NA,1,NA,0,1,0,1,0,7,2,5,1,4,3,4.71428571428571,6.5,4,3,4.25,5.33333333333333,5
"5",2002,1,7,1,NA,7,NA,NA,7,0,1,0,0,1,8,2,6,1,4,4,5,6.5,4.5,3,4.25,5.75,6
"6",2002,2,5,1,5,NA,NA,5,NA,1,0,0,1,0,9,3,6,1,5,4,5,6,4.5,3,4.4,5.75,7
"7",2002,6,3,1,3,NA,NA,NA,3,1,0,0,0,1,10,4,6,1,5,5,4.8,5.25,4.5,3,4.4,5.2,11
"8",2002,8,4,3,4.5,3,NA,NA,4,2,1,0,0,3,13,6,7,1,5,8,4.61538461538461,5,4.28571428571429,3,4.4,4.75,13
"9",2002,12,6,2,9,3,NA,6,NA,1,1,0,2,0,15,7,8,1,7,8,4.8,5.57142857142857,4.125,3,4.85714285714286,4.75,17
"10",2003,1,5,1,5,NA,NA,NA,5,1,0,0,0,1,16,8,8,1,7,9,4.8125,5.5,4.125,3,4.85714285714286,4.77777777777778,18
"11",2003,2,3,1,NA,3,NA,3,NA,0,1,0,1,0,17,8,9,1,8,9,4.70588235294118,5.5,4,3,4.625,4.77777777777778,19
"12",2003,3,3,1,NA,3,NA,NA,3,0,1,0,0,1,18,8,10,1,8,10,4.61111111111111,5.5,3.9,3,4.625,4.6,20
"13",2003,4,5,2,5,NA,NA,6,4,2,0,0,1,1,20,10,10,1,9,11,4.65,5.4,3.9,3,4.77777777777778,4.54545454545455,21
"14",2003,5,3,2,NA,3,NA,NA,3,0,2,0,0,2,22,10,12,1,9,13,4.5,5.4,3.75,3,4.77777777777778,4.30769230769231,22
"15",2003,7,4.12857142857143,14,3.8,4.31111111111111,NA,4.5,4.06666666666667,5,9,0,2,12,36,15,21,1,11,25,4.35555555555556,4.86666666666667,3.99047619047619,3,4.72727272727273,4.192,24
"16",2003,8,2.5,3,2,2.75,3,3,2.25,1,2,1,1,2,39,16,23,2,12,27,4.21282051282051,4.6875,3.88260869565217,3,4.58333333333333,4.04814814814815,25
"17",2003,9,5.3,5,5,5.5,NA,5.125,6,2,3,0,4,1,44,18,26,2,16,28,4.33636363636364,4.72222222222222,4.06923076923077,3,4.71875,4.11785714285714,26
"18",2003,10,2,1,NA,2,NA,NA,2,0,1,0,0,1,45,18,27,2,16,29,4.28444444444444,4.72222222222222,3.99259259259259,3,4.71875,4.0448275862069,27
"19",2003,11,2,1,2,NA,NA,2,NA,1,0,0,1,0,46,19,27,2,17,29,4.23478260869565,4.57894736842105,3.99259259259259,3,4.55882352941176,4.0448275862069,28
"20",2003,12,3.2,5,4,2.66666666666667,NA,3,3.25,2,3,0,1,4,51,21,30,2,18,33,4.13333333333333,4.52380952380952,3.86,3,4.47222222222222,3.94848484848485,29
"21",2004,1,4.66666666666667,3,5.5,3,NA,3,5.5,2,1,0,1,2,54,23,31,2,19,35,4.16296296296296,4.60869565217391,3.83225806451613,3,4.39473684210526,4.03714285714286,30
"22",2004,2,3.4,5,5,2.33333333333333,NA,4,3,2,3,0,2,3,59,25,34,2,21,38,4.09830508474576,4.64,3.7,3,4.35714285714286,3.95526315789474,31
"23",2004,3,4.6,5,4.66666666666667,4.5,NA,4.5,4.66666666666667,3,2,0,2,3,64,28,36,2,23,41,4.1375,4.64285714285714,3.74444444444444,3,4.3695652173913,4.00731707317073,32
"24",2004,4,6,2,6,NA,NA,7,5,2,0,0,1,1,66,30,36,2,24,42,4.1939393939394,4.73333333333333,3.74444444444444,3,4.47916666666667,4.03095238095238,33
"25",2004,5,2,1,2,NA,NA,NA,2,1,0,0,0,1,67,31,36,2,24,43,4.16119402985075,4.64516129032258,3.74444444444444,3,4.47916666666667,3.98372093023256,34
"26",2004,6,4.16666666666667,3,4.75,3,NA,4.16666666666667,NA,2,1,0,3,0,70,33,37,2,27,43,4.16142857142857,4.65151515151515,3.72432432432432,3,4.44444444444444,3.98372093023256,35
"27",2004,7,3.71428571428571,7,7,3.16666666666667,NA,3.2,5,1,6,0,5,2,77,34,43,2,32,45,4.12077922077922,4.72058823529412,3.64651162790698,3,4.25,4.02888888888889,36
"28",2004,8,3.4,5,4,3.25,3.33333333333333,3.5,3,1,4,3,4,1,82,35,47,5,36,46,4.07682926829268,4.7,3.61276595744681,3.2,4.16666666666667,4.00652173913043,37
"29",2004,9,4,1,NA,4,NA,4,NA,0,1,0,1,0,83,35,48,5,37,46,4.07590361445783,4.7,3.62083333333333,3.2,4.16216216216216,4.00652173913043,38
"30",2004,10,3.66666666666667,3,3.66666666666667,NA,NA,3,4,3,0,0,1,2,86,38,48,5,38,48,4.06162790697674,4.61842105263158,3.62083333333333,3.2,4.13157894736842,4.00625,39
"31",2004,11,5,3,5,NA,NA,5,5,3,0,0,2,1,89,41,48,5,40,49,4.09325842696629,4.64634146341463,3.62083333333333,3.2,4.175,4.0265306122449,40
"32",2004,12,4.5,4,6,4,NA,4.33333333333333,5,1,3,0,3,1,93,42,51,5,43,50,4.11075268817204,4.67857142857143,3.64313725490196,3.2,4.18604651162791,4.046,41
"33",2005,1,4.31666666666667,12,5.63333333333333,3,3,3.96666666666667,4.66666666666667,6,6,2,6,6,105,48,57,7,49,56,4.13428571428572,4.79791666666667,3.57543859649123,3.14285714285714,4.15918367346939,4.1125,42
"34",2005,2,3.9375,8,NA,3.9375,6,3.64285714285714,6,0,8,1,7,1,113,48,65,8,56,57,4.12035398230089,4.79791666666667,3.62,3.5,4.09464285714286,4.14561403508772,43
"35",2005,3,3.33333333333333,3,2,4,4,NA,3.33333333333333,1,2,1,0,3,116,49,67,9,56,60,4.1,4.74081632653061,3.63134328358209,3.55555555555556,4.09464285714286,4.105,44
"36",2005,5,4,1,NA,4,NA,NA,4,0,1,0,0,1,117,49,68,9,56,61,4.0991452991453,4.74081632653061,3.63676470588235,3.55555555555556,4.09464285714286,4.10327868852459,46
"37",2005,6,3.75,6,4.1,2,NA,4.375,2.5,5,1,0,4,2,123,54,69,9,60,63,4.08211382113821,4.68148148148148,3.61304347826087,3.55555555555556,4.11333333333333,4.05238095238095,47
"38",2005,7,3.925,4,4,3.85,NA,4,3.85,2,2,0,2,2,127,56,71,9,62,65,4.07716535433071,4.65714285714286,3.61971830985915,3.55555555555556,4.10967741935484,4.04615384615385,48
"39",2005,8,3.25,4,3.5,3,NA,3,3.33333333333333,2,2,0,1,3,131,58,73,9,63,68,4.05190839694657,4.61724137931035,3.6027397260274,3.55555555555556,4.09206349206349,4.01470588235294,49
"40",2005,9,2.25,4,2,2.33333333333333,NA,2.33333333333333,2,1,3,0,3,1,135,59,76,9,66,69,3.99851851851852,4.5728813559322,3.55263157894737,3.55555555555556,4.01212121212121,3.98550724637681,50
"41",2005,10,3.5,2,4,3,NA,3.5,NA,1,1,0,2,0,137,60,77,9,68,69,3.99124087591241,4.56333333333333,3.54545454545455,3.55555555555556,3.99705882352941,3.98550724637681,51
"42",2005,11,4.16666666666667,6,4.5,3.5,NA,4,4.33333333333333,4,2,0,3,3,143,64,79,9,71,72,3.9986013986014,4.559375,3.54430379746835,3.55555555555556,3.99718309859155,4,52
"43",2005,12,4,4,6,2,NA,NA,4,2,2,0,0,4,147,66,81,9,71,76,3.99863945578231,4.6030303030303,3.50617283950617,3.55555555555556,3.99718309859155,4,53
"44",2006,1,3.9375,16,4.33333333333333,3.42857142857143,NA,4.16666666666667,3.8,9,7,0,6,10,163,75,88,9,77,86,3.99263803680982,4.57066666666667,3.5,3.55555555555556,4.01038961038961,3.97674418604651,54
"45",2006,2,4.625,8,5,4,NA,4.4,5,5,3,0,5,3,171,80,91,9,82,89,4.02222222222222,4.5975,3.51648351648352,3.55555555555556,4.03414634146341,4.01123595505618,55
"46",2006,3,5,2,5,5,NA,5,5,1,1,0,1,1,173,81,92,9,83,90,4.03352601156069,4.60246913580247,3.53260869565217,3.55555555555556,4.04578313253012,4.02222222222222,56
"47",2006,4,3.66666666666667,12,4,3.2,3,3,3.72727272727273,7,5,1,1,11,185,88,97,10,84,101,4.00972972972973,4.55454545454546,3.51546391752577,3.5,4.03333333333333,3.99009900990099,57
"48",2006,5,3.8,5,5,3.5,NA,3,4,1,4,0,1,4,190,89,101,10,85,105,4.00421052631579,4.55955056179775,3.51485148514851,3.5,4.02117647058824,3.99047619047619,58
"49",2006,6,3,5,4,2.33333333333333,NA,3,3,2,3,0,3,2,195,91,104,10,88,107,3.97846153846154,4.54725274725275,3.48076923076923,3.5,3.98636363636364,3.97196261682243,59
"50",2006,7,2.825,8,3.66666666666667,2.32,NA,2.9,2.75,3,5,0,4,4,203,94,109,10,92,111,3.93300492610838,4.51914893617021,3.42752293577982,3.5,3.93913043478261,3.92792792792793,60
"51",2006,8,5.5,3,6.75,3,NA,10,3.25,2,1,0,1,2,206,96,110,10,93,113,3.95582524271845,4.565625,3.42363636363636,3.5,4.00430107526882,3.91592920353982,61
"52",2006,9,3,7,3.66666666666667,2.5,NA,3,3,3,4,0,3,4,213,99,114,10,96,117,3.92441314553991,4.53838383838384,3.39122807017544,3.5,3.97291666666667,3.88461538461538,62
"53",2006,10,3,7,4.33333333333333,2,NA,3.33333333333333,1,3,4,0,6,1,220,102,118,10,102,118,3.895,4.53235294117647,3.34406779661017,3.5,3.93529411764706,3.86016949152542,63
"54",2006,11,3.1875,8,6,2.78571428571429,3,2.7,4,1,7,1,5,3,228,103,125,11,107,121,3.87017543859649,4.54660194174757,3.3128,3.45454545454545,3.87757009345794,3.86363636363636,64
"55",2006,12,3.18181818181818,11,4.5,2.88888888888889,3,3.14285714285714,3.25,2,9,2,7,4,239,105,134,13,114,125,3.83849372384937,4.54571428571429,3.28432835820896,3.38461538461538,3.83245614035088,3.844,65
"56",2007,1,3.6,25,3.83333333333333,3.38461538461538,4,3.5,3.66666666666667,12,13,1,10,15,264,117,147,14,124,140,3.81590909090909,4.47264957264957,3.29319727891156,3.42857142857143,3.80564516129032,3.825,66
"57",2007,2,3.25,12,4.5,2.625,2,2.33333333333333,3.55555555555556,4,8,2,3,9,276,121,155,16,127,149,3.79130434782609,4.47355371900827,3.25870967741935,3.25,3.77086614173228,3.80872483221477,67
"58",2007,3,3.7,10,5,3.14285714285714,5,3.14285714285714,5,3,7,1,7,3,286,124,162,17,134,152,3.78811188811189,4.48629032258065,3.2537037037037,3.35294117647059,3.73805970149254,3.83223684210526,68
"59",2007,4,4.55555555555556,9,4.85714285714286,3.5,NA,5.33333333333333,4.16666666666667,7,2,0,3,6,295,131,164,17,137,158,3.81152542372881,4.50610687022901,3.25670731707317,3.35294117647059,3.77299270072993,3.84493670886076,69
"60",2007,5,3.5,12,3.5,3.5,4.5,3,3.85714285714286,5,7,2,5,7,307,136,171,19,142,165,3.79934853420195,4.46911764705882,3.26666666666667,3.47368421052632,3.74577464788732,3.84545454545455,70
"61",2007,6,3.5,6,3.5,3.5,NA,3,3.75,2,4,0,2,4,313,138,175,19,144,169,3.79361022364217,4.45507246376812,3.272,3.47368421052632,3.73541666666667,3.84319526627219,71
"62",2007,7,3.875,8,3.6,4.33333333333333,NA,3.83333333333333,4,5,3,0,6,2,321,143,178,19,150,171,3.79563862928349,4.42517482517483,3.28988764044944,3.47368421052632,3.73933333333333,3.84502923976608,72
"63",2007,8,3.35294117647059,17,3.6875,3.05555555555556,NA,3.4,3.28571428571429,8,9,0,10,7,338,151,187,19,160,178,3.77337278106509,4.38609271523179,3.27860962566845,3.47368421052632,3.718125,3.82303370786517,73
"64",2007,9,3.68461538461538,13,3.48333333333333,3.85714285714286,NA,3.4,3.92857142857143,6,7,0,6,7,351,157,194,19,166,185,3.77008547008547,4.3515923566879,3.29948453608247,3.47368421052632,3.7066265060241,3.82702702702703,74
"65",2007,10,3,6,3.5,2,NA,3,3,4,2,0,4,2,357,161,196,19,170,187,3.75714285714286,4.3304347826087,3.28622448979592,3.47368421052632,3.69,3.81818181818182,75
"66",2007,11,3.27,20,4.05,2.75,NA,3.07142857142857,3.37692307692308,8,12,0,7,13,377,169,208,19,177,200,3.73129973474801,4.31715976331361,3.25528846153846,3.47368421052632,3.66553672316384,3.7895,76
"67",2007,12,3.5,18,3.66666666666667,3.33333333333333,3,3.46153846153846,3.6,9,9,1,13,5,395,178,217,20,190,205,3.72075949367089,4.28426966292135,3.25852534562212,3.45,3.65157894736842,3.78487804878049,77
"68",2008,1,3.35714285714286,21,4.55555555555556,2.45833333333333,NA,2.71428571428571,3.67857142857143,9,12,0,7,14,416,187,229,20,197,219,3.70240384615385,4.29732620320856,3.21659388646288,3.45,3.61827411167513,3.77808219178082,78
"69",2008,2,4.75,8,4.33333333333333,6,6,4.2,5.66666666666667,6,2,1,5,3,424,193,231,21,202,222,3.72216981132076,4.29844559585492,3.24069264069264,3.57142857142857,3.63267326732673,3.8036036036036,79
"70",2008,3,2.70833333333333,12,2.8,2.64285714285714,NA,2.6,2.78571428571429,5,7,0,5,7,436,198,238,21,207,229,3.69426605504587,4.26060606060606,3.22310924369748,3.57142857142857,3.60772946859903,3.77248908296943,80
"71",2008,4,4.23333333333333,15,4.8125,3.57142857142857,4.66666666666667,3.5625,5,8,7,3,8,7,451,206,245,24,215,236,3.71219512195122,4.28203883495146,3.2330612244898,3.70833333333333,3.60604651162791,3.80889830508475,81
"72",2008,5,4.4,10,4.16666666666667,4.75,NA,3.5,5,6,4,0,4,6,461,212,249,24,219,242,3.72711496746204,4.27877358490566,3.2574297188755,3.70833333333333,3.6041095890411,3.83842975206612,82
"73",2008,6,2.35714285714286,7,2,2.41666666666667,NA,1,2.58333333333333,1,6,0,1,6,468,213,255,24,220,248,3.70662393162393,4.26807511737089,3.23764705882353,3.70833333333333,3.59227272727273,3.80806451612903,83
"74",2008,7,3.59375,8,4.58333333333333,3,3,4.15,2.66666666666667,3,5,2,5,3,476,216,260,26,225,251,3.7047268907563,4.27245370370371,3.23307692307692,3.65384615384615,3.60466666666667,3.79442231075697,84
"75",2008,8,3.16666666666667,18,2.3,3.5,3.61111111111111,3.38888888888889,2.94444444444444,5,13,9,9,9,494,221,273,35,234,260,3.68512145748988,4.22782805429864,3.24578754578755,3.64285714285714,3.59636752136752,3.765,85
"76",2008,9,3.95454545454545,11,4,3.9,6.25,1.5,4.5,6,5,2,2,9,505,227,278,37,236,269,3.6909900990099,4.22180616740088,3.25755395683453,3.78378378378378,3.57860169491525,3.78959107806691,86
"77",2008,10,3.8125,16,4.125,3.5,3.5,2,4.07142857142857,8,8,4,2,14,521,235,286,41,238,283,3.6947216890595,4.21851063829787,3.26433566433566,3.75609756097561,3.56533613445378,3.80353356890459,87
"78",2008,11,3.03333333333333,15,4.625,2.45454545454545,3,2.75,3.13636363636364,4,11,6,4,11,536,239,297,47,242,294,3.67621268656716,4.22531380753138,3.23434343434343,3.65957446808511,3.55185950413223,3.77857142857143,88
"79",2008,12,3.45294117647059,17,4,3.225,4,3.25,3.56363636363636,5,12,3,6,11,553,244,309,50,248,305,3.66934900542496,4.22069672131148,3.23398058252427,3.68,3.5445564516129,3.77081967213115,89
"80",2009,1,3.425,28,4.025,3.185,3.33333333333333,3.66666666666667,3.35909090909091,8,20,9,6,22,581,252,329,59,254,327,3.65757314974182,4.21448412698413,3.23100303951368,3.6271186440678,3.54744094488189,3.74311926605505,90
"81",2009,2,3.59411764705882,17,3,3.84166666666667,3.81428571428571,3.175,3.72307692307692,5,12,7,4,13,598,257,341,66,258,340,3.65576923076923,4.19085603112841,3.2524926686217,3.6469696969697,3.54166666666667,3.74235294117647,91
"82",2009,3,3.73529411764706,17,4.375,3.16666666666667,4,4,3.625,8,9,2,5,12,615,265,350,68,263,352,3.6579674796748,4.19641509433962,3.25028571428571,3.65735294117647,3.55038022813688,3.73835227272727,92
"83",2009,4,3.02222222222222,9,4,2.53333333333333,2.83333333333333,2.75,3.1,3,6,3,2,7,624,268,356,71,265,359,3.64879807692308,4.19421641791045,3.23820224719101,3.62253521126761,3.54433962264151,3.72590529247911,93
"84",2009,5,3.88461538461538,13,5.2,3.0625,2.5,3.5,3.95454545454545,5,8,2,2,11,637,273,364,73,267,370,3.65361067503925,4.21263736263736,3.23434065934066,3.59178082191781,3.5440074906367,3.7327027027027,94
"85",2009,6,4.05555555555556,9,4.75,3.85714285714286,7,4.75,3.5,2,7,1,4,5,646,275,371,74,271,375,3.65921052631579,4.21654545454546,3.24609164420485,3.63783783783784,3.56180811808118,3.7296,95
"86",2009,7,3.61052631578947,19,4,3.43076923076923,3.54285714285714,3.375,3.67333333333333,6,13,7,4,15,665,281,384,81,275,390,3.65781954887218,4.21192170818505,3.25234375,3.62962962962963,3.55909090909091,3.7274358974359,96
"87",2009,8,4.67857142857143,14,5.4,4.27777777777778,3.5,5.625,4.3,5,9,1,4,10,679,286,393,82,279,400,3.67886597938144,4.23269230769231,3.27582697201018,3.6280487804878,3.58870967741936,3.74175,97
"88",2009,9,4.18181818181818,11,5.125,3.64285714285714,3.83333333333333,4.25,4.16666666666667,4,7,3,2,9,690,290,400,85,281,409,3.68688405797101,4.245,3.28225,3.63529411764706,3.59341637010676,3.75110024449878,98
"89",2009,10,3.51666666666667,18,3.5,3.52727272727273,3,3.7,3.46428571428571,7,11,4,4,14,708,297,411,89,285,423,3.68255649717514,4.22744107744108,3.28880778588808,3.60674157303371,3.59491228070176,3.74160756501182,99
"90",2009,11,3.83333333333333,9,3.25,4.3,4.375,3.58333333333333,4.33333333333333,4,5,4,6,3,717,301,416,93,291,426,3.68444909344491,4.21445182724253,3.30096153846154,3.63978494623656,3.5946735395189,3.74577464788732,100
"91",2009,12,3.39583333333333,24,3.85,3.07142857142857,3.25,3,3.59375,10,14,4,8,16,741,311,430,97,299,442,3.6751012145749,4.20273311897106,3.29348837209302,3.62371134020619,3.57876254180602,3.74027149321267,101
"92",2010,1,3.79411764705882,17,4.1875,3.44444444444444,4.8,3.5,3.85714285714286,8,9,5,3,14,758,319,439,102,302,456,3.67777044854881,4.20235109717868,3.29658314350797,3.68137254901961,3.57798013245033,3.74385964912281,102
"93",2010,2,4.56818181818182,11,5.17857142857143,3.5,4,5.25,4.17857142857143,7,4,2,4,7,769,326,443,104,306,463,3.69050715214564,4.22331288343558,3.29841986455982,3.6875,3.59983660130719,3.75043196544277,103
"94",2010,3,4.13636363636364,11,5.1875,1.33333333333333,NA,3.83333333333333,4.25,8,3,0,3,8,780,334,446,104,309,471,3.69679487179487,4.24640718562874,3.28520179372197,3.6875,3.60210355987055,3.75891719745223,104
"95",2010,4,3.55555555555556,9,3.2,4,NA,2.5,3.85714285714286,5,4,0,2,7,789,339,450,104,311,478,3.69518377693283,4.23097345132743,3.29155555555556,3.6875,3.59501607717042,3.76035564853557,105
"96",2010,5,3.77272727272727,11,5.2,2.58333333333333,3.16666666666667,3,4.21428571428571,5,6,3,4,7,800,344,456,107,315,485,3.69625,4.24505813953488,3.28223684210526,3.67289719626168,3.58746031746032,3.76690721649485,106
"97",2010,6,3.21428571428571,7,3.83333333333333,2.75,NA,2,3.41666666666667,3,4,0,1,6,807,347,460,107,316,491,3.69206939281289,4.24149855907781,3.27760869565217,3.67289719626168,3.58243670886076,3.76262729124236,107
"98",2010,7,4.14285714285714,7,4.5,3.66666666666667,NA,2,4.5,4,3,0,1,6,814,351,463,107,317,497,3.69594594594595,4.24444444444444,3.28012958963283,3.67289719626168,3.57744479495268,3.7715291750503,108
"99",2010,8,4.5,12,4.7,3.5,NA,NA,4.5,10,2,0,0,12,826,361,465,107,317,509,3.70762711864407,4.25706371191136,3.2810752688172,3.67289719626168,3.57744479495268,3.78870333988212,109
"100",2010,9,3.72727272727273,11,5,3.25,NA,4.2,3.33333333333333,3,8,0,5,6,837,364,473,107,322,515,3.7078853046595,4.26318681318681,3.28054968287526,3.67289719626168,3.58711180124224,3.78339805825243,110
"101",2010,10,3.25,6,3.625,2.5,NA,3,3.5,4,2,0,3,3,843,368,475,107,325,518,3.70462633451957,4.25625,3.27726315789474,3.67289719626168,3.58169230769231,3.78175675675676,111
"102",2010,11,4.2125,8,5,3.95,3.7,NA,4.2125,2,6,1,0,8,851,370,481,108,325,526,3.70940070505288,4.26027027027027,3.28565488565489,3.67314814814815,3.58169230769231,3.78830798479088,112
"103",2010,12,3.34375,16,5,2.96153846153846,3.66666666666667,3.1,3.45454545454545,3,13,6,5,11,867,373,494,114,330,537,3.70265282583622,4.26621983914209,3.27712550607287,3.67280701754386,3.57439393939394,3.78147113594041,113
"104",2011,1,4.38888888888889,18,4.83333333333333,4.16666666666667,5.33333333333333,3.66666666666667,4.53333333333333,6,12,3,3,15,885,379,506,117,333,552,3.71661016949153,4.27519788918206,3.29822134387352,3.71538461538462,3.57522522522523,3.80190217391304,114
"105",2011,2,3.5,10,3.8,3.2,2.5,5,3.125,5,5,4,2,8,895,384,511,121,335,560,3.71418994413408,4.26901041666667,3.2972602739726,3.67520661157025,3.58373134328358,3.79223214285714,115
"106",2011,3,3.5,6,4,2.5,NA,2,3.8,4,2,0,1,5,901,388,513,121,336,565,3.71276359600444,4.26623711340206,3.29415204678363,3.67520661157025,3.57901785714286,3.79230088495575,116
"107",2011,4,3.45454545454545,11,4,3.14285714285714,NA,3.5,3.42857142857143,4,7,0,4,7,912,392,520,121,340,572,3.70964912280702,4.26352040816326,3.29211538461538,3.67520661157025,3.57808823529412,3.78784965034965,117
"108",2011,5,3.6875,8,6.66666666666667,1.9,2,3,4.375,3,5,1,4,4,920,395,525,122,344,576,3.70945652173913,4.28177215189873,3.27885714285714,3.66147540983607,3.57136627906977,3.79192708333333,118
"109",2011,6,4.12857142857143,14,4.75,3.3,4.8,2,4.70909090909091,8,6,1,3,11,934,403,531,123,347,587,3.71573875802998,4.29106699751861,3.27909604519774,3.67073170731707,3.55778097982709,3.80911413969336,119
"110",2011,7,3.8,10,3.8,3.8,3.5,2.66666666666667,4.28571428571429,5,5,3,3,7,944,408,536,126,350,594,3.7166313559322,4.28504901960784,3.2839552238806,3.66666666666667,3.55014285714286,3.81473063973064,120
"111",2011,8,3.18181818181818,11,3.66666666666667,3,3,3.5,3,3,8,1,4,7,955,411,544,127,354,601,3.71047120418848,4.28053527980535,3.27977941176471,3.66141732283465,3.54957627118644,3.80524126455907,121
"112",2011,9,5,7,4.33333333333333,5.5,5.33333333333333,5,5,3,4,3,5,2,962,414,548,130,359,603,3.71985446985447,4.28091787439613,3.29598540145985,3.7,3.56977715877437,3.8092039800995,122
"113",2011,10,3.44444444444444,9,4,3.16666666666667,NA,4.66666666666667,2.83333333333333,3,6,0,3,6,971,417,554,130,362,609,3.7173017507724,4.278896882494,3.29458483754513,3.7,3.57886740331492,3.7995894909688,123
"114",2011,11,3.71428571428571,7,4,3.5,NA,3.5,3.8,3,4,0,2,5,978,420,558,130,364,614,3.71728016359918,4.27690476190476,3.29605734767025,3.7,3.57843406593407,3.79959283387622,124
"115",2011,12,3.64705882352941,17,3.6875,3.61111111111111,3.66666666666667,4,3.6,8,9,3,2,15,995,428,567,133,366,629,3.71608040201005,4.26588785046729,3.3010582010582,3.69924812030075,3.58073770491803,3.79483306836248,125
"116",2012,1,3.41363636363636,22,4.46666666666667,2.68461538461538,3.725,3.22222222222222,3.54615384615385,9,13,4,9,13,1017,437,580,137,375,642,3.70953785644051,4.27002288329519,3.28724137931034,3.7,3.57213333333333,3.78979750778816,126
"117",2012,2,4.26769230769231,13,4.14285714285714,4.41333333333333,6,3,4.37333333333333,7,6,1,1,12,1030,444,586,138,376,654,3.71658252427184,4.26801801801802,3.29877133105802,3.71666666666667,3.57061170212766,3.80050458715596,127
"118",2012,3,3.5,12,3.4,3.57142857142857,3,3.2,3.71428571428571,5,7,1,5,7,1042,449,593,139,381,661,3.71408829174664,4.25835189309577,3.30198988195616,3.71151079136691,3.56574803149606,3.7995915279879,128
"119",2012,4,4.95,6,4.6,6.7,6.7,4,5.14,5,1,1,1,5,1048,454,594,140,382,666,3.7211641221374,4.26211453744493,3.30771043771044,3.73285714285714,3.56688481675393,3.80965465465466,129
"120",2012,5,4.3125,8,5.875,2.75,NA,5.125,3.5,4,4,0,4,4,1056,458,598,140,386,670,3.72564393939394,4.27620087336244,3.30397993311037,3.73285714285714,3.5830310880829,3.80780597014925,130
"121",2012,6,4.66666666666667,6,6,3.33333333333333,2,6.5,3.75,3,3,2,2,4,1062,461,601,142,388,674,3.7309604519774,4.28741865509761,3.30412645590682,3.70845070422535,3.59806701030928,3.80746290801187,131
"122",2012,7,4.5925,8,4.33333333333333,4.748,NA,5.5,4.29,3,5,0,2,6,1070,464,606,142,390,680,3.73740186915888,4.28771551724138,3.3160396039604,3.70845070422535,3.60782051282051,3.81172058823529,132
"123",2012,8,3.57142857142857,7,3,3.66666666666667,3,2,4.2,1,6,2,2,5,1077,465,612,144,392,685,3.73632311977716,4.28494623655914,3.31947712418301,3.69861111111111,3.59961734693878,3.81455474452555,133
"124",2012,9,4.09090909090909,11,4,4.11111111111111,4.75,4.5,4,2,9,2,2,9,1088,467,621,146,394,694,3.73990808823529,4.28372591006424,3.3309500805153,3.71301369863014,3.60418781725888,3.81695965417867,134
"125",2012,10,2.875,8,4.5,2.33333333333333,3,2.5,3,2,6,1,2,6,1096,469,627,147,396,700,3.73359489051095,4.28464818763326,3.32140350877193,3.70816326530612,3.59861111111111,3.80995714285714,135
"126",2012,11,3.44444444444444,9,4,3.16666666666667,6,2.5,3.71428571428571,3,6,1,2,7,1105,472,633,148,398,707,3.73123981900452,4.28283898305085,3.31993680884676,3.72364864864865,3.59309045226131,3.8090099009901,136
"127",2012,12,3.74705882352941,17,4.45714285714286,3.25,5.5,3.41666666666667,3.92727272727273,7,10,3,6,11,1122,479,643,151,404,718,3.73147950089127,4.28538622129436,3.31884914463453,3.75894039735099,3.5904702970297,3.8108217270195,137
"128",2013,1,3.6875,16,4.58333333333333,3.15,3.58333333333333,3.83333333333333,3.65384615384615,6,10,6,3,13,1138,485,653,157,407,731,3.7308611599297,4.28907216494845,3.31626339969372,3.75222929936306,3.59226044226044,3.80803009575923,138
"129",2013,2,3.60714285714286,14,3.83333333333333,3.4375,3.66666666666667,3.08333333333333,4,6,8,6,6,8,1152,491,661,163,413,739,3.72935763888889,4.28350305498982,3.31773071104387,3.74907975460123,3.58486682808717,3.81010825439783,139
"130",2013,3,4.13333333333333,9,4.55,3.8,4,3.75,4.44,4,5,2,4,5,1161,495,666,165,417,744,3.73248923341947,4.28565656565656,3.32135135135135,3.75212121212121,3.58645083932854,3.81434139784946,140
"131",2013,4,4.07,10,3.9,4.24,6,3.25,4.275,5,5,1,2,8,1171,500,671,166,419,752,3.73537147736977,4.2818,3.32819672131148,3.76566265060241,3.58484486873508,3.8192420212766,141
"132",2013,5,4,8,4.5,3.83333333333333,5,1,4.42857142857143,2,6,3,1,7,1179,502,677,169,420,759,3.73716709075488,4.28266932270916,3.33267355982275,3.78757396449704,3.57869047619048,3.82486166007905,142
"133",2013,6,4.88888888888889,9,5.4,4.25,4,4,5,5,4,2,1,8,1188,507,681,171,421,767,3.74589225589225,4.29368836291913,3.33806167400881,3.79005847953216,3.57969121140143,3.8371186440678,143
"134",2013,7,3.79090909090909,11,4.42,3.26666666666667,3,4.1,3.42,5,6,1,6,5,1199,512,687,172,427,772,3.74630525437865,4.294921875,3.33743813682678,3.78546511627907,3.58700234192037,3.8344170984456,144
"135",2013,8,3.57142857142857,7,5.33333333333333,2.25,2,5.5,2.8,3,4,2,2,5,1206,515,691,174,429,777,3.74529021558872,4.30097087378641,3.33114327062229,3.76494252873563,3.59592074592075,3.82776061776062,145
"136",2013,9,4.11764705882353,17,4.58333333333333,3,5.5,2.85714285714286,5,12,5,2,7,10,1223,527,696,176,436,787,3.75046606704824,4.30740037950664,3.32876436781609,3.78465909090909,3.58405963302752,3.84265565438374,146
"137",2013,10,3.475,10,4.5,1.9375,2.375,4,3.34375,6,4,2,2,8,1233,533,700,178,438,795,3.74823195458232,4.30956848030019,3.32081428571429,3.7688202247191,3.58595890410959,3.83763522012579,147
"138",2013,11,3.29166666666667,12,2,3.40909090909091,5.16666666666667,2,3.40909090909091,1,11,3,1,11,1245,534,711,181,439,806,3.7438313253012,4.30524344569288,3.32218002812939,3.79198895027624,3.58234624145786,3.83178660049628,148
"139",2013,12,3.62272727272727,22,3.88181818181818,3.36363636363636,3.5,3.5,3.635,11,11,4,2,20,1267,545,722,185,441,826,3.74172849250197,4.29669724770642,3.32281163434903,3.78567567567568,3.58197278911565,3.82702179176755,149
"140",2014,1,4.08333333333333,18,4.25,3.875,4.5,3,4.39285714285714,10,8,1,4,14,1285,555,730,186,445,840,3.74651361867704,4.29585585585586,3.32886301369863,3.78951612903226,3.57674157303371,3.83645238095238,150
"141",2014,2,3.76111111111111,9,4.5,2.8375,2.35,NA,3.76111111111111,5,4,1,0,9,1294,560,734,187,445,849,3.74661514683153,4.29767857142857,3.32618528610354,3.78181818181818,3.57674157303371,3.83565371024735,151
"142",2014,3,3.875,10,4.25,3.625,3.6875,8,3.41666666666667,4,6,4,1,9,1304,564,740,191,446,858,3.74759969325153,4.29734042553191,3.32860810810811,3.77984293193717,3.58665919282511,3.83125874125874,152
"143",2014,4,3.9,15,4.05555555555556,3.66666666666667,4.33333333333333,3.66666666666667,3.95833333333333,9,6,3,3,12,1319,573,746,194,449,870,3.74933282789992,4.2935427574171,3.33132707774799,3.78840206185567,3.58719376391982,3.83301149425287,153
"144",2014,5,3.44615384615385,13,3.375,3.47777777777778,4.375,4,3.28,4,9,4,3,10,1332,577,755,198,452,880,3.74637387387387,4.28717504332756,3.33307284768212,3.80025252525253,3.58993362831858,3.82672727272727,154
"145",2014,6,3.77272727272727,11,3.83333333333333,3.7,4,4,3.64285714285714,6,5,1,4,7,1343,583,760,199,456,887,3.74658972449739,4.28250428816466,3.33548684210526,3.80125628140704,3.59353070175439,3.82527621195039,155
"146",2014,7,2.93,10,3.66666666666667,2.61428571428571,2.66666666666667,2.66666666666667,3.04285714285714,3,7,3,3,7,1353,586,767,202,459,894,3.74055432372506,4.27935153583618,3.32890482398957,3.78440594059406,3.58747276688453,3.81914988814318,156
"147",2014,8,3.96052631578947,19,4.075,3.83333333333333,NA,2,4.19117647058824,10,9,0,2,17,1372,596,776,202,461,911,3.74360058309038,4.27592281879194,3.33475515463918,3.78440594059406,3.58058568329718,3.82609220636663,157
"148",2014,9,3.33333333333333,9,4.16666666666667,2.91666666666667,NA,3,3.375,3,6,0,1,8,1381,599,782,202,462,919,3.74092686459088,4.27537562604341,3.33154731457801,3.78440594059406,3.579329004329,3.82216539717084,158
"149",2014,10,3.10526315789474,19,3.8,2.85714285714286,2.6,3.35714285714286,2.95833333333333,5,14,5,7,12,1400,604,796,207,469,931,3.7323,4.27144039735099,3.32320351758794,3.75579710144928,3.57601279317697,3.81103114930183,159
"150",2014,11,3.125,16,3.71428571428571,2.66666666666667,3.5,5,2.85714285714286,7,9,2,2,14,1416,611,805,209,471,945,3.72543785310734,4.26505728314239,3.31586335403727,3.75334928229665,3.58205944798302,3.79689947089947,160
"151",2014,12,3.42272727272727,22,4.03846153846154,2.53333333333333,2.7,2.76666666666667,3.52631578947368,13,9,4,3,19,1438,624,814,213,474,964,3.7208066759388,4.26033653846154,3.3072113022113,3.73356807511737,3.57689873417722,3.79156639004149,161
"152",2015,1,3.2,20,3.5,3.03846153846154,2.33333333333333,3.21428571428571,3.19230769230769,7,13,3,7,13,1458,631,827,216,481,977,3.71366255144033,4.25190174326466,3.30298669891173,3.71412037037037,3.57162162162162,3.78359263050154,162
"153",2015,2,3.875,20,4,3.77272727272727,4.5,4.42857142857143,3.57692307692308,9,11,5,7,13,1478,640,838,221,488,990,3.71584573748309,4.248359375,3.30915274463007,3.73190045248869,3.58391393442623,3.78087878787879,163
"154",2015,3,3.42105263157895,19,3.9,2.88888888888889,3.4,2.7,3.67857142857143,10,9,5,5,14,1497,650,847,226,493,1004,3.71210420841683,4.243,3.30468713105077,3.72455752212389,3.57494929006085,3.77945219123506,164
"155",2015,4,3.19,25,3.33333333333333,3.05769230769231,3.5,3.8,3.0375,12,13,2,5,20,1522,662,860,228,498,1024,3.70352825229961,4.22651057401813,3.30095348837209,3.72258771929825,3.57720883534137,3.7649609375,165
"156",2015,5,2.4375,8,3,2.25,2.33333333333333,NA,2.4375,2,6,3,0,8,1530,664,866,231,498,1032,3.69690849673203,4.22281626506024,3.29367205542725,3.70454545454545,3.57720883534137,3.75467054263566,166
"157",2015,6,4.07894736842105,19,4.9,3.78571428571429,4.28571428571429,5,3.83333333333333,5,14,7,4,15,1549,669,880,238,502,1047,3.70159457714655,4.2278774289985,3.3015,3.72163865546218,3.58854581673307,3.75579751671442,167
"158",2015,7,3.52857142857143,14,4.7,2.87777777777778,4,3.33333333333333,3.58181818181818,5,9,3,3,11,1563,674,889,241,505,1058,3.70004478566859,4.23137982195846,3.29721034870641,3.72510373443983,3.5870297029703,3.75398865784499,168
"159",2015,8,3.16666666666667,15,4,2.4375,4,6,2.96428571428571,7,8,1,1,14,1578,681,897,242,506,1072,3.69497465145754,4.22900146842878,3.28954292084727,3.72623966942149,3.59179841897233,3.74367537313433,169
"160",2015,9,2.95,12,4,2.6,3,3.66666666666667,2.71111111111111,3,9,2,3,9,1590,684,906,244,509,1081,3.68935220125786,4.22799707602339,3.28269315673289,3.7202868852459,3.59223968565815,3.73507863089732,170
"161",2015,10,4.27777777777778,9,4.875,3.8,NA,4,4.41666666666667,4,5,0,3,6,1599,688,911,244,512,1087,3.69266416510319,4.23175872093023,3.2855323819978,3.7202868852459,3.59462890625,3.73884084636615,171
"162",2015,11,3.63846153846154,13,4.54285714285714,2.58333333333333,2.5,1,3.85833333333333,7,6,3,1,12,1612,695,917,247,513,1099,3.6922270471464,4.23489208633094,3.28093784078517,3.70546558704453,3.58957115009747,3.74014558689718,172
"163",2015,12,4.28333333333333,18,4.8,3.6375,3.36666666666667,2.7,4.6,10,8,3,3,15,1630,705,925,250,516,1114,3.69875460122699,4.24290780141844,3.28402162162162,3.7014,3.5843992248062,3.75172351885099,173
"164",2016,1,3.78757575757576,33,4.78571428571429,3.05210526315789,3.5,3.9975,3.75862068965517,14,19,10,4,29,1663,719,944,260,520,1143,3.70051713770295,4.25347705146036,3.27935381355932,3.69365384615385,3.58757692307692,3.75189851268591,174
"165",2016,2,4.11904761904762,21,4.86363636363636,3.3,3.33333333333333,3.75,4.34615384615385,11,10,3,8,13,1684,730,954,263,528,1156,3.70573634204275,4.26267123287671,3.27957023060797,3.68954372623574,3.59003787878788,3.75858131487889,175
"166",2016,3,3.05263157894737,19,3.11111111111111,3,3.33333333333333,5,2.94444444444444,9,10,3,1,18,1703,739,964,266,529,1174,3.69844979448033,4.24864682002707,3.27667012448133,3.68552631578947,3.59270321361059,3.74609880749574,176
"167",2016,4,4.23684210526316,19,4.95,3.44444444444444,5,4.14285714285714,4.29166666666667,10,9,3,7,12,1722,749,973,269,536,1186,3.70439024390244,4.25801068090788,3.2782219938335,3.70018587360595,3.59988805970149,3.75161888701518,177
"168",2016,5,4.14761904761905,21,5.4,3.00909090909091,2.83333333333333,3.85,4.26666666666667,10,11,6,6,15,1743,759,984,275,542,1201,3.70973034997131,4.27305665349144,3.27521341463415,3.68127272727273,3.60265682656827,3.75805162364696,178
"169",2016,6,4.07368421052632,19,5,3.4,2.5,3.7,4.11764705882353,8,11,4,2,17,1762,767,995,279,544,1218,3.71365493757094,4.28063885267275,3.27659296482412,3.66433691756272,3.60301470588235,3.76307060755337,179
"170",2016,7,3.9,20,4.5,3.5,3.75,4,3.85714285714286,8,12,4,6,14,1782,775,1007,283,550,1232,3.71574635241302,4.28290322580645,3.27925521350546,3.66554770318021,3.60734545454545,3.76413961038961,180
"171",2016,8,3.30434782608696,23,4,2.54545454545455,3.33333333333333,2,3.42857142857143,12,11,3,2,21,1805,787,1018,286,552,1253,3.71050415512465,4.27858958068615,3.27132612966601,3.66206293706294,3.60152173913043,3.75851556264964,181
"172",2016,9,4,16,5,3,5.5,4.625,3.79166666666667,8,8,2,4,12,1821,795,1026,288,556,1265,3.71304777594728,4.28584905660378,3.26921052631579,3.67482638888889,3.60888489208633,3.75883003952569,182
"173",2016,10,3.5,20,3.77777777777778,3.27272727272727,4.5,4.5,3.38888888888889,9,11,2,2,18,1841,804,1037,290,558,1283,3.71073329712113,4.28016169154229,3.26924783027965,3.68051724137931,3.6120788530466,3.75363990646921,183
"174",2016,11,3.95833333333333,24,5,3.07692307692308,3.5,2.25,4.11363636363636,11,13,7,2,22,1865,815,1050,297,560,1305,3.71391957104558,4.2898773006135,3.26686666666667,3.67626262626263,3.60721428571429,3.75970881226054,184
"175",2016,12,3.301,30,4.393,2.755,3.01111111111111,3.07142857142857,3.37086956521739,10,20,9,7,23,1895,825,1070,306,567,1328,3.70738258575198,4.29112727272727,3.25729906542056,3.65669934640523,3.60059964726631,3.75297439759036,185
"176",2017,1,4.02405714285714,35,5.04166666666667,3.49313043478261,3.4342,4.73025,3.81481481481481,12,23,10,8,27,1930,837,1093,316,575,1355,3.71312538860104,4.30188769414576,3.26226166514181,3.6496582278481,3.61631652173913,3.75420664206642,186
"177",2017,2,4.22727272727273,22,4.54545454545455,3.90909090909091,3,5.33333333333333,4.05263157894737,11,11,2,3,19,1952,848,1104,318,578,1374,3.71892008196721,4.30504716981132,3.26870652173913,3.64557232704403,3.62522837370242,3.75833333333333,187
"178",2017,3,3.3,20,4.1,2.5,3.5,2.75,3.4375,10,10,4,4,16,1972,858,1114,322,582,1390,3.71467139959432,4.30265734265734,3.26180610412926,3.64376397515528,3.61921305841924,3.75464028776978,188
"179",2017,4,3.88636363636364,22,4.54545454545455,3.22727272727273,4.66666666666667,5.3,3.47058823529412,11,11,3,5,17,1994,869,1125,325,587,1407,3.71656569709127,4.30573072497123,3.26146844444444,3.65320615384615,3.63352981260647,3.75120824449183,189
"180",2017,5,4.06818181818182,22,4.7,3.54166666666667,4.66666666666667,3.5,4.125,10,12,3,2,20,2016,879,1137,328,589,1427,3.72040277777778,4.31021615472128,3.26442568161829,3.6624756097561,3.63307640067912,3.75644709180098,190
"181",2017,6,4.36,20,4.2,4.84,NA,3.33333333333333,4.54117647058824,15,5,0,3,17,2036,894,1142,328,592,1444,3.72668565815324,4.30836689038031,3.27132399299475,3.6624756097561,3.63155743243243,3.76568559556787,191
"182",2017,7,4.73928571428571,28,5.3125,3.975,4.4,4.14285714285714,4.93809523809524,16,12,5,7,21,2064,910,1154,333,599,1465,3.74042248062015,4.32602197802198,3.27864124783362,3.67354954954955,3.6375325542571,3.78249146757679,192
"183",2017,8,4.39393939393939,33,4.77272727272727,3.63636363636364,4,5.8,4.14285714285714,22,11,2,5,28,2097,932,1165,335,604,1493,3.75070672389127,4.33656652360515,3.28201888412017,3.67549850746269,3.65543377483444,3.78924983255191,193
"184",2017,9,3.16666666666667,12,3.5,2.83333333333333,3.33333333333333,3.4,3,6,6,3,5,7,2109,938,1171,338,609,1500,3.74738359412044,4.33121535181237,3.27971989752348,3.67246153846154,3.65333661740558,3.78556666666667,194
"185",2017,10,3.44285714285714,21,3.89090909090909,2.95,6.5,4,3.31176470588235,11,10,2,4,17,2130,949,1181,340,613,1517,3.74438122065728,4.32611169652266,3.27692802709568,3.68909411764706,3.6555986949429,3.78025708635465,195
"186",2017,11,3.59615384615385,26,4.2,3.21875,3.75,2.83333333333333,3.69565217391304,10,16,4,3,23,2156,959,1197,344,616,1540,3.74259369202226,4.32479666319083,3.27615037593985,3.6898023255814,3.65159415584416,3.77899350649351,196
"187",2017,12,3.75588235294118,34,4.42857142857143,3.285,4.2,4.33333333333333,3.63214285714286,14,20,5,6,28,2190,973,1217,349,622,1568,3.7428,4.32628982528263,3.2762958093673,3.697111747851,3.65817041800643,3.77637117346939,197
"188",2018,1,4.065625,32,4.72631578947368,3.1,4,4.33333333333333,4.03793103448276,19,13,4,3,29,2222,992,1230,353,625,1597,3.74744914491449,4.33395161290323,3.2744325203252,3.70054390934844,3.6614112,3.78112085159674,198
"189",2018,2,3.95652173913043,23,4.36363636363636,3.58333333333333,3.5,3.66666666666667,4,11,12,4,3,20,2245,1003,1242,357,628,1617,3.74959109131403,4.33427716849452,3.27741706924316,3.69829691876751,3.66143630573248,3.78382807668522,199
"190",2018,3,4.48461538461538,26,4.50769230769231,4.46153846153846,4.2,5.4,4.26666666666667,13,13,5,5,21,2271,1016,1255,362,633,1638,3.75800616468516,4.33649606299213,3.2896828685259,3.70522651933702,3.67516903633491,3.79001831501832,200
"191",2018,4,3.40436793103448,29,4.062667,3.05789473684211,3.9,3.32,3.42194458333333,10,19,9,5,24,2300,1026,1274,371,638,1662,3.75354724782609,4.33382716374269,3.28622605965463,3.70995148247978,3.6723855799373,3.78470317087846,201
"192",2018,5,3.65625,16,4.45,2.33333333333333,3,3.16666666666667,3.76923076923077,10,6,3,3,13,2316,1036,1280,374,641,1675,3.75287507340242,4.33494852316602,3.281759375,3.70425668449198,3.67001872074883,3.78458308656716,202
"193",2018,6,3.2708532,25,4.14761083333333,2.46153846153846,2.875,2.6,3.4385665,12,13,8,5,20,2341,1048,1293,382,646,1695,3.74772746689449,4.3328034351145,3.27351276102088,3.68689005235602,3.66173684210526,3.78050029498525,203
"194",2018,7,4.15,20,5.375,3.33333333333333,3.75,4,4.16666666666667,8,12,4,2,18,2361,1056,1305,386,648,1713,3.75113511224058,4.34069886363636,3.27406283524904,3.68754404145078,3.66278086419753,3.78455808523059,204
"195",2018,8,3.36521739130435,23,4.18461538461538,2.3,2,3.66666666666667,3.32,13,10,2,3,20,2384,1069,1315,388,651,1733,3.74741191275168,4.33880074836296,3.26665551330798,3.67884536082474,3.66279877112135,3.77919676860935,205
"196",2018,9,3.92592611111111,18,4.85185222222222,3,2.75,2,4.03921588235294,9,9,4,1,17,2402,1078,1324,392,652,1750,3.74874965445462,4.34308410946197,3.26484290030211,3.66936734693878,3.66024846625767,3.78172266857143,206
"197",2018,10,3.75555555555556,18,4.25,3.36,NA,2,3.85882352941176,8,10,0,1,17,2420,1086,1334,392,653,1767,3.7488002768595,4.34239840699816,3.26555622188906,3.66936734693878,3.65770597243492,3.78246444255801,207
"198",2018,11,3.6,15,5.375,1.57142857142857,1.66666666666667,3.8,3.5,8,7,3,5,10,2435,1094,1341,395,658,1777,3.74788364271047,4.34994942413163,3.25671290082028,3.65415696202532,3.65878723404255,3.78087488463703,208
"199",2018,12,3.56,25,4.125,3.29411764705882,4.33333333333333,2,3.69565217391304,8,17,3,2,23,2460,1102,1358,398,660,1800,3.74597425609756,4.34831639745917,3.25718114874816,3.65927638190955,3.65376060606061,3.77978592777778,209
"200",2019,1,4.41666666666667,30,5,3.65384615384615,2.8,3.75,4.51923076923077,17,13,5,4,26,2490,1119,1371,403,664,1826,3.7540548875502,4.35821686327078,3.2609423778264,3.64861538461538,3.65434036144578,3.79031471522453,210
"201",2019,2,4.23809523809524,21,5,3.22222222222222,3,5.66666666666667,4,12,9,2,3,18,2511,1131,1380,405,667,1844,3.75810301473516,4.36502623342175,3.26068985507246,3.64541234567901,3.66339130434783,3.79236153470716,211
"202",2019,3,4.46428571428571,21,4.625,4.14285714285714,4.66666666666667,3.8,4.671875,14,7,3,5,16,2532,1145,1387,408,672,1860,3.76395998025276,4.36820495196507,3.2651420331651,3.65292156862745,3.66440773809524,3.79992724193548,212
"203",2019,4,2.91666666666667,12,3,2.88888888888889,3.66666666666667,3,2.9,3,9,3,2,10,2544,1148,1396,411,674,1870,3.75996331367924,4.36462950348432,3.26271633237822,3.65302189781022,3.66243620178042,3.79511479679144,213
"204",2019,5,3.52142857142857,14,4.38333333333333,2.875,2,1,3.94166666666667,6,8,2,2,12,2558,1154,1404,413,676,1882,3.75865780688037,4.36472675043328,3.26050712250712,3.64501694915254,3.65455917159763,3.79604924017003,214
"205",2019,6,5.03571428571429,14,6.0625,3.66666666666667,4,4,5.31818181818182,8,6,1,3,11,2572,1162,1410,414,679,1893,3.7656091251944,4.37641537865749,3.26223546099291,3.64587439613527,3.6560854197349,3.80489417326994,215
"206",2019,7,4.22105263157895,19,4.18181818181818,4.275,3,5,4.075,11,8,3,3,16,2591,1173,1418,417,682,1909,3.76894892705519,4.37459051150895,3.26794922425952,3.6412278177458,3.66199706744868,3.80715802514405,216
"207",2019,8,4.11904761904762,21,4.46428571428571,3.42857142857143,NA,3,4.23684210526316,14,7,0,2,19,2612,1187,1425,417,684,1928,3.77176365620214,4.37564841617523,3.26873824561404,3.6412278177458,3.66006140350877,3.81139246369295,217
"208",2019,9,4.24444444444444,18,4.99,3.3125,2.9,5,4.09333333333333,10,8,5,3,15,2630,1197,1433,422,687,1943,3.7749987338403,4.38078084377611,3.26898255408234,3.63244549763033,3.66591266375546,3.81356905301081,218
"209",2019,10,5.21588235294118,17,5.90909090909091,3.945,NA,NA,5.21588235294118,11,6,0,0,17,2647,1208,1439,422,687,1960,3.78425261428032,4.39469757450331,3.27180125086866,3.63244549763033,3.66591266375546,3.8257319744898,219
"210",2019,11,4.1875,16,5.21428571428571,3.38888888888889,4.5,2.5,4.3,7,9,2,1,15,2663,1215,1448,424,688,1975,3.7866754299662,4.39941948148148,3.27252900552486,3.63653773584906,3.66421802325581,3.82933401012658,220
"211",2019,12,3.98387096774194,31,4.5,3.65789473684211,3.25,5,3.74,12,19,4,6,25,2694,1227,1467,428,694,2000,3.78894456941351,4.40040315403423,3.27752010906612,3.63292523364486,3.67576657060519,3.828217335,221
"212",2020,1,4.138,50,4.96538461538462,3.24166666666667,3.22222222222222,4.07142857142857,4.14883720930233,26,24,9,7,43,2744,1253,1491,437,701,2043,3.79530490889213,4.412126632083,3.27694299128102,3.62446681922197,3.67971754636234,3.83496557513461,222
"213",2020,2,4.06428571428571,21,4.3,3.85,3.45,3.66666666666667,4.13055555555556,10,11,3,3,18,2765,1263,1502,440,704,2061,3.79734780108499,4.41123885193982,3.28113981358189,3.62327727272727,3.67966193181818,3.83754714701601,223
"214",2020,3,3.7881253125,32,4.670000625,2.90625,3.5,3.5,3.84148185185185,16,16,4,5,27,2797,1279,1518,444,709,2088,3.79724228816589,4.41447590304926,3.2771884057971,3.62216666666667,3.67839492242595,3.83759802681992,224
"215",2020,4,4.06942517241379,29,4.1506665,3.88888888888889,4,3.28571428571429,4.31878772727273,20,9,4,7,22,2826,1299,1527,448,716,2110,3.80003538924275,4.41041417244034,3.28079371316307,3.62554017857143,3.67455586592179,3.84261517061611,225
"216",2020,5,3.875,32,5,3.2,3.83333333333333,4.6,3.74074074074074,12,20,6,5,27,2858,1311,1547,454,721,2137,3.80087474107768,4.41581083905416,3.27974919198449,3.62828634361233,3.68097364771151,3.84132803462798,226
"217",2020,6,3.452,25,4.6625,2.88235294117647,NA,NA,3.452,8,17,0,0,25,2883,1319,1564,454,721,2162,3.7978494658342,4.41730705837756,3.27542966751918,3.62828634361233,3.68097364771151,3.83682609158187,227
"218",2020,7,3.925,20,4.95,2.9,2.5,2.5,4.08333333333333,10,10,4,2,18,2903,1329,1574,458,723,2180,3.7987254598691,4.42131528216704,3.27304447268107,3.61843231441048,3.67770677731674,3.83886147247706,228
"219",2020,8,3.8952380952381,21,4.5,3.08888888888889,3,3.33333333333333,3.98888888888889,12,9,3,3,18,2924,1341,1583,461,726,2198,3.79941860807113,4.42201939597315,3.27199747315224,3.61440780911063,3.67628374655647,3.84009008644222,229
"220",2020,9,3.97586206896552,29,4.44444444444444,3.765,4.57142857142857,5.66666666666667,3.215,9,20,7,9,20,2953,1350,1603,468,735,2218,3.80115137487301,4.4221688962963,3.27814847161572,3.62872222222222,3.70065578231292,3.83445356627592,230
"221",2020,10,3.36842105263158,19,4.57142857142857,2.66666666666667,2.5,2.33333333333333,3.5625,7,12,2,3,16,2972,1357,1615,470,738,2234,3.79838492934051,4.42293884303611,3.27360495356037,3.62391914893617,3.69509756097561,3.83250582363473,231
"222",2020,11,3.64814814814815,27,4.56363636363636,3.01875,3.75,2.33333333333333,3.8125,11,16,4,3,24,2999,1368,1631,474,741,2258,3.79703234744915,4.42407018274854,3.2711048436542,3.62498312236287,3.68958434547908,3.83229318423383,232
"223",2020,12,3.49927078125,64,3.98074055555556,3.31086956521739,3.16666666666667,3.11111111111111,3.56278781818182,18,46,12,9,55,3063,1386,1677,486,750,2313,3.79081075416258,4.41831265512265,3.27219558735838,3.61366666666667,3.68264266666667,3.82588471249459,233
"224",2021,1,4.04583333333333,48,4.54761904761905,3.65555555555556,1.73333333333333,5.03333333333333,3.9047619047619,21,27,3,6,42,3111,1407,1704,489,756,2355,3.79474552876888,4.42024260127932,3.27826995305164,3.6021308793456,3.69336243386243,3.82729143949044,234
"225",2021,2,3.81323529411765,34,4.48076923076923,3.4,4.04444444444444,3.88888888888889,3.786,13,21,9,9,25,3145,1420,1725,498,765,2380,3.79494541812401,4.42079671830986,3.27975188405797,3.61012449799197,3.69566274509804,3.82685770588235,235
"226",2021,3,4.23529411764706,17,4.88888888888889,3.5,3.6,3.85714285714286,4.5,9,8,5,7,10,3162,1429,1733,503,772,2390,3.79731288425047,4.42374481455563,3.28076860934795,3.61002385685885,3.69712694300518,3.82967420083682,236
"227",2021,4,3.73214285714286,28,4.20588235294118,3,3,4.5,3.60416666666667,17,11,5,4,24,3190,1446,1744,508,776,2414,3.79674085893417,4.42118349930844,3.27899770642202,3.60401968503937,3.70126546391753,3.8274322038111,237
"228",2021,5,3.88461538461538,26,4.625,2.7,2.8,3.83333333333333,3.9,16,10,5,6,20,3216,1462,1754,513,782,2434,3.79745128731343,4.4234140492476,3.27569669327252,3.59618323586745,3.70227877237852,3.82802848808545,238
"229",2021,6,3.796,25,4.86363636363636,2.95714285714286,4,2,3.87083333333333,11,14,3,1,24,3241,1473,1768,516,783,2458,3.79744009256402,4.42670152070604,3.2731742081448,3.59853100775194,3.70010472541507,3.82844643612693,239
"230",2021,7,3.575,20,4.45,2.7,4.16666666666667,2.1,4.06666666666667,10,10,3,5,15,3261,1483,1778,519,788,2473,3.79607584789942,4.42685862440998,3.26995050618673,3.60181502890173,3.68995177664975,3.82989136271735,240
"231",2021,8,3.97,20,4.28571428571429,3.23333333333333,3.2,1,4.12631578947368,14,6,2,1,19,3281,1497,1784,521,789,2492,3.79713603779335,4.42553863727455,3.26982735426009,3.60027255278311,3.68654245880862,3.83215142054574,241
"232",2021,9,4.38461538461539,26,5.11111111111111,4,3.78571428571429,4.375,4.38636363636364,9,17,7,4,22,3307,1506,1801,528,793,2514,3.80175486543695,4.42963568393094,3.2767196002221,3.60273106060606,3.69001513240857,3.83700132856006,242
"233",2021,10,4.08088235294118,34,4.97916666666667,3.59090909090909,2.8125,5.28571428571429,3.76851851851852,12,22,8,7,27,3341,1518,1823,536,800,2541,3.80459543250524,4.43397980237154,3.28051124520022,3.59093656716418,3.7039775,3.83627364817001,243
"234",2021,11,4.26689655172414,29,4.9025,3.48461538461538,4.16,5.7,4.0376,16,13,5,4,25,3370,1534,1836,541,804,2566,3.80857369139466,4.43886658409387,3.28195642701525,3.59619593345656,3.71390796019901,3.83823512860483,244
"235",2021,12,3.84210526315789,38,4.57142857142857,2.94117647058824,3,3,3.96969696969697,21,17,6,5,33,3408,1555,1853,547,809,2599,3.80894757629108,4.44065681028939,3.27883000539665,3.5896563071298,3.7094956736712,3.83990432474028,245
"236",2022,1,3.89583333333333,60,4.58823529411765,2.99038461538462,3.97222222222222,3.69444444444444,3.93137254901961,34,26,9,9,51,3468,1589,1879,556,818,2650,3.81045079008074,4.443814562618,3.27483874401277,3.59584892086331,3.70933007334963,3.84166465660377,246
"237",2022,2,3.63918918918919,37,4.59375,2.91190476190476,3.40909090909091,3.3125,3.67878787878788,16,21,11,4,33,3505,1605,1900,567,822,2683,3.80864289300998,4.44530924610592,3.27082736842105,3.59222574955908,3.70739902676399,3.8396613268729,247
"238",2022,3,3.91666666666667,24,4.09090909090909,3.76923076923077,2.8,3,4.1,11,13,5,4,20,3529,1616,1913,572,826,2703,3.80937754037971,4.44289686881188,3.2742143230528,3.5853006993007,3.70397336561743,3.84158762116167,248
"239",2022,4,4.08863636363636,22,4.845,3.45833333333333,3.33333333333333,4,4.10263157894737,10,12,3,3,19,3551,1626,1925,575,829,2722,3.81110767107857,4.44536982779827,3.27536207792208,3.58398608695652,3.70504463208685,3.84340975018369,249
"240",2022,5,3.84615384615385,26,3.9375,3.80555555555556,4.16666666666667,4.14285714285714,3.73684210526316,8,18,6,7,19,3577,1634,1943,581,836,2741,3.81136240984065,4.44288331701346,3.28027380339681,3.59000344234079,3.70871052631579,3.84267104706311,250
"241",2022,6,4.55183870967742,31,5.96153846153846,3.53372222222222,3.5,4.87675,4.5037037037037,13,18,6,4,27,3608,1647,1961,587,840,2768,3.81772459534368,4.45487027322404,3.28260020397756,3.58908347529813,3.71427261904762,3.84911898121387,251
"242",2022,7,4.26935483870968,31,4.89666666666667,3.68125,3.33333333333333,4.16666666666667,4.294,15,16,3,6,25,3639,1662,1977,590,846,2793,3.82157195383347,4.45885760529482,3.28582650480526,3.58778305084746,3.71748108747045,3.85310108843537,252
"243",2022,8,3.64285714285714,42,4.5,3.11538461538462,3.83333333333333,3.25,3.68421052631579,16,26,6,4,38,3681,1678,2003,596,850,2831,3.81953282803586,4.45924990464839,3.28361407888168,3.59025503355705,3.71528117647059,3.85083410102437,253
