"","year","month","avg_rating","no_ratings","avg_rating_owned","avg_rating_not_owned","avg_rating_prev_owned","avg_rating_comment","avg_rating_no_comment","no_ratings_owned","no_ratings_not_owned","no_ratings_prev_owned","no_ratings_comment","no_ratings_no_comment","cum_no_ratings","cum_no_ratings_owned","cum_no_ratings_not_owned","cum_no_ratings_prev_owned","cum_no_ratings_comment","cum_no_ratings_no_comment","cum_avg_rating","cum_avg_rating_owned","cum_avg_rating_not_owned","cum_avg_rating_prev_owned","cum_avg_rating_comment","cum_avg_rating_no_comment","month_after_release"
"1",2001,6,5.33333333333333,3,6.5,3,NA,6,5,2,1,0,1,2,3,2,1,0,1,2,5.33333333333333,6.5,3,NA,6,5,0
"2",2001,9,5.5,2,NA,5.5,NA,7,4,0,2,0,1,1,5,2,3,0,2,3,5.4,6.5,4.66666666666667,NA,6.5,4.66666666666667,3
"3",2001,10,6,1,6,NA,NA,NA,6,1,0,0,0,1,6,3,3,0,2,4,5.5,6.33333333333333,4.66666666666667,NA,6.5,5,4
"4",2001,11,5,2,9,1,NA,NA,5,1,1,0,0,2,8,4,4,0,2,6,5.375,7,3.75,NA,6.5,5,5
"5",2001,12,4.5,2,4.5,NA,NA,NA,4.5,2,0,0,0,2,10,6,4,0,2,8,5.2,6.16666666666667,3.75,NA,6.5,4.875,6
"6",2002,1,7,5,7,7,7,7,7,4,1,1,2,3,15,10,5,1,4,11,5.8,6.5,4.4,7,6.75,5.45454545454545,7
"7",2002,2,6,1,6,NA,NA,NA,6,1,0,0,0,1,16,11,5,1,4,12,5.8125,6.45454545454545,4.4,7,6.75,5.5,8
"8",2002,4,8,1,8,NA,NA,NA,8,1,0,0,0,1,17,12,5,1,4,13,5.94117647058824,6.58333333333333,4.4,7,6.75,5.69230769230769,10
"9",2002,5,3.33333333333333,3,4.5,1,NA,3,3.5,2,1,0,1,2,20,14,6,1,5,15,5.55,6.28571428571429,3.83333333333333,7,6,5.4,11
"10",2002,6,3.66666666666667,3,3.66666666666667,NA,NA,NA,3.66666666666667,3,0,0,0,3,23,17,6,1,5,18,5.30434782608696,5.82352941176471,3.83333333333333,7,6,5.11111111111111,12
"11",2002,8,6,1,6,NA,NA,NA,6,1,0,0,0,1,24,18,6,1,5,19,5.33333333333333,5.83333333333333,3.83333333333333,7,6,5.15789473684211,14
"12",2002,9,5,2,7,3,NA,7,3,1,1,0,1,1,26,19,7,1,6,20,5.30769230769231,5.89473684210526,3.71428571428571,7,6.16666666666667,5.05,15
"13",2002,10,6.5,2,6.5,NA,NA,6.5,NA,2,0,0,2,0,28,21,7,1,8,20,5.39285714285714,5.95238095238095,3.71428571428571,7,6.25,5.05,16
"14",2002,11,6.5,2,NA,6.5,NA,8,5,0,2,0,1,1,30,21,9,1,9,21,5.46666666666667,5.95238095238095,4.33333333333333,7,6.44444444444444,5.04761904761905,17
"15",2002,12,4.66666666666667,3,5.5,3,NA,4,5,2,1,0,1,2,33,23,10,1,10,23,5.39393939393939,5.91304347826087,4.2,7,6.2,5.04347826086957,18
"16",2003,1,6.4,5,6.66666666666667,6,NA,6,6.66666666666667,3,2,0,2,3,38,26,12,1,12,26,5.52631578947368,6,4.5,7,6.16666666666667,5.23076923076923,19
"17",2003,2,4.66666666666667,3,5,4.5,4.5,NA,4.66666666666667,1,2,2,0,3,41,27,14,3,12,29,5.46341463414634,5.96296296296296,4.5,5.33333333333333,6.16666666666667,5.17241379310345,20
"18",2003,3,4,2,4,4,NA,4,NA,1,1,0,2,0,43,28,15,3,14,29,5.3953488372093,5.89285714285714,4.46666666666667,5.33333333333333,5.85714285714286,5.17241379310345,21
"19",2003,4,6,2,7,5,NA,NA,6,1,1,0,0,2,45,29,16,3,14,31,5.42222222222222,5.93103448275862,4.5,5.33333333333333,5.85714285714286,5.2258064516129,22
"20",2003,5,5.6,5,5.75,5,5,6,5.33333333333333,4,1,1,2,3,50,33,17,4,16,34,5.44,5.90909090909091,4.52941176470588,5.25,5.875,5.23529411764706,23
"21",2003,6,5.42857142857143,7,5.25,5.66666666666667,5,5.4,5.5,4,3,1,5,2,57,37,20,5,21,36,5.43859649122807,5.83783783783784,4.7,5.2,5.76190476190476,5.25,24
"22",2003,7,5.47619047619048,21,5.79166666666667,5.05555555555556,5.5,5.11111111111111,5.75,12,9,2,9,12,78,49,29,7,30,48,5.44871794871795,5.8265306122449,4.81034482758621,5.28571428571429,5.56666666666667,5.375,25
"23",2003,8,5.3,10,6.2,4.4,NA,NA,5.3,5,5,0,0,10,88,54,34,7,30,58,5.43181818181818,5.86111111111111,4.75,5.28571428571429,5.56666666666667,5.36206896551724,26
"24",2003,9,5.33333333333333,3,5.33333333333333,NA,NA,6,5,3,0,0,1,2,91,57,34,7,31,60,5.42857142857143,5.83333333333333,4.75,5.28571428571429,5.58064516129032,5.35,27
"25",2003,10,5.42857142857143,7,5.75,5,NA,4.33333333333333,6.25,4,3,0,3,4,98,61,37,7,34,64,5.42857142857143,5.82786885245902,4.77027027027027,5.28571428571429,5.47058823529412,5.40625,28
"26",2003,11,6.5,1,NA,6.5,NA,6.5,NA,0,1,0,1,0,99,61,38,7,35,64,5.43939393939394,5.82786885245902,4.81578947368421,5.28571428571429,5.5,5.40625,29
"27",2003,12,5.58333333333333,6,6.83333333333333,4.33333333333333,NA,4,6.375,3,3,0,2,4,105,64,41,7,37,68,5.44761904761905,5.875,4.78048780487805,5.28571428571429,5.41891891891892,5.46323529411765,30
"28",2004,1,5.9,5,5.625,7,NA,6,5.75,4,1,0,3,2,110,68,42,7,40,70,5.46818181818182,5.86029411764706,4.83333333333333,5.28571428571429,5.4625,5.47142857142857,31
"29",2004,2,3.75,4,5.5,2,NA,4.33333333333333,2,2,2,0,3,1,114,70,44,7,43,71,5.40789473684211,5.85,4.70454545454545,5.28571428571429,5.38372093023256,5.42253521126761,32
"30",2004,3,5.4,10,6,4,NA,5.75,5.16666666666667,7,3,0,4,6,124,77,47,7,47,77,5.40725806451613,5.86363636363636,4.65957446808511,5.28571428571429,5.41489361702128,5.4025974025974,33
"31",2004,4,5.85714285714286,7,5.85714285714286,NA,NA,6.5,5.6,7,0,0,2,5,131,84,47,7,49,82,5.43129770992366,5.86309523809524,4.65957446808511,5.28571428571429,5.45918367346939,5.41463414634146,34
"32",2004,5,6,4,6,NA,NA,6,6,4,0,0,1,3,135,88,47,7,50,85,5.44814814814815,5.86931818181818,4.65957446808511,5.28571428571429,5.47,5.43529411764706,35
"33",2004,6,7.16666666666667,6,7.6,5,NA,6.75,8,5,1,0,4,2,141,93,48,7,54,87,5.52127659574468,5.96236559139785,4.66666666666667,5.28571428571429,5.56481481481481,5.49425287356322,36
"34",2004,7,6.2,5,6.2,NA,NA,6,6.25,5,0,0,1,4,146,98,48,7,55,91,5.54452054794521,5.97448979591837,4.66666666666667,5.28571428571429,5.57272727272727,5.52747252747253,37
"35",2004,8,5.5,6,6.33333333333333,4.66666666666667,NA,5,6.5,3,3,0,4,2,152,101,51,7,59,93,5.54276315789474,5.98514851485149,4.66666666666667,5.28571428571429,5.53389830508475,5.54838709677419,38
"36",2004,9,5.14285714285714,7,5,5.5,6,5,5.16666666666667,5,2,1,1,6,159,106,53,8,60,99,5.5251572327044,5.93867924528302,4.69811320754717,5.375,5.525,5.52525252525253,39
"37",2004,10,5.625,8,5.33333333333333,6.5,NA,5.5,6,6,2,0,6,2,167,112,55,8,66,101,5.52994011976048,5.90625,4.76363636363636,5.375,5.52272727272727,5.53465346534653,40
"38",2004,11,5.5,6,7,5.2,6,5.66666666666667,5.33333333333333,1,5,2,3,3,173,113,60,10,69,104,5.52890173410405,5.91592920353982,4.8,5.5,5.52898550724638,5.52884615384615,41
"39",2004,12,6.2,10,6.42857142857143,5.66666666666667,NA,6,6.4,7,3,0,5,5,183,120,63,10,74,109,5.5655737704918,5.94583333333333,4.84126984126984,5.5,5.56081081081081,5.56880733944954,42
"40",2005,1,5.4,15,5.7,4.8,2,5.58333333333333,5.27777777777778,10,5,1,6,9,198,130,68,11,80,118,5.5530303030303,5.92692307692308,4.83823529411765,5.18181818181818,5.5625,5.54661016949153,43
"41",2005,2,5.92857142857143,7,6,5.83333333333333,NA,5.875,6,4,3,0,4,3,205,134,71,11,84,121,5.56585365853658,5.92910447761194,4.88028169014084,5.18181818181818,5.57738095238095,5.55785123966942,44
"42",2005,3,6.42307692307692,13,6.4,6.5,NA,6.6875,6,10,3,0,8,5,218,144,74,11,92,126,5.61697247706422,5.96180555555556,4.94594594594595,5.18181818181818,5.67391304347826,5.57539682539683,45
"43",2005,4,5,5,5.33333333333333,4.5,6,6,4.33333333333333,3,2,1,2,3,223,147,76,12,94,129,5.60313901345291,5.94897959183673,4.93421052631579,5.25,5.68085106382979,5.54651162790698,46
"44",2005,5,5.625,8,7.25,4,NA,6.66666666666667,5,4,4,0,3,5,231,151,80,12,97,134,5.6038961038961,5.98344370860927,4.8875,5.25,5.71134020618557,5.52611940298507,47
"45",2005,6,5.28571428571429,7,5.5,5,NA,5,5.66666666666667,4,3,0,4,3,238,155,83,12,101,137,5.59453781512605,5.97096774193548,4.89156626506024,5.25,5.68316831683168,5.52919708029197,48
"46",2005,7,5.5,14,5.77777777777778,5,6,6.5,5.1,9,5,1,4,10,252,164,88,13,105,147,5.58928571428571,5.96036585365854,4.89772727272727,5.30769230769231,5.71428571428571,5.5,49
"47",2005,8,5.66666666666667,6,5.75,5.5,NA,6.5,5.25,4,2,0,2,4,258,168,90,13,107,151,5.59108527131783,5.95535714285714,4.91111111111111,5.30769230769231,5.72897196261682,5.49337748344371,50
"48",2005,9,5.02727272727273,11,5.61428571428571,4,NA,5,5.06,7,4,0,6,5,269,175,94,13,113,156,5.56802973977695,5.94171428571428,4.87234042553191,5.30769230769231,5.69026548672566,5.47948717948718,51
"49",2005,10,6.07692307692308,13,6.2,5.66666666666667,5,6.14285714285714,6,10,3,1,7,6,282,185,97,14,120,162,5.59148936170213,5.95567567567567,4.89690721649485,5.28571428571429,5.71666666666667,5.49876543209877,52
"50",2005,11,6,6,6,NA,NA,7,5.5,6,0,0,2,4,288,191,97,14,122,166,5.6,5.95706806282722,4.89690721649485,5.28571428571429,5.73770491803279,5.49879518072289,53
"51",2005,12,5.92857142857143,7,5.33333333333333,6.375,NA,7.25,5.4,3,4,0,2,5,295,194,101,14,124,171,5.60779661016949,5.94742268041237,4.95544554455446,5.28571428571429,5.76209677419355,5.49590643274854,54
"52",2006,1,5.2,10,5.92857142857143,3.5,5,4.8,5.6,7,3,1,5,5,305,201,104,15,129,176,5.5944262295082,5.94676616915423,4.91346153846154,5.26666666666667,5.72480620155039,5.49886363636364,55
"53",2006,2,6,8,5.5,6.5,5,5.8,6.33333333333333,4,4,2,5,3,313,205,108,17,134,179,5.60479233226837,5.9380487804878,4.97222222222222,5.23529411764706,5.72761194029851,5.51284916201117,56
"54",2006,3,5.95714285714286,14,5.95,6,NA,6.55,5.16666666666667,12,2,0,8,6,327,217,110,17,142,185,5.61987767584098,5.93870967741935,4.99090909090909,5.23529411764706,5.77394366197183,5.50162162162162,57
"55",2006,4,5.3125,8,6.3,3.66666666666667,NA,5.08333333333333,6,5,3,0,6,2,335,222,113,17,148,187,5.61253731343283,5.94684684684685,4.95575221238938,5.23529411764706,5.74594594594595,5.50695187165775,58
"56",2006,5,6.71428571428571,7,7,6.5,8,7,6.6,3,4,1,2,5,342,225,117,18,150,192,5.63508771929824,5.96088888888889,5.00854700854701,5.38888888888889,5.76266666666667,5.53541666666667,59
"57",2006,6,6,4,6,NA,NA,4,6.66666666666667,4,0,0,1,3,346,229,117,18,151,195,5.6393063583815,5.96157205240175,5.00854700854701,5.38888888888889,5.75099337748344,5.55282051282051,60
"58",2006,7,5.88461538461539,13,5.95454545454545,5.5,NA,5.8,5.9375,11,2,0,5,8,359,240,119,18,156,203,5.64818941504178,5.96125,5.01680672268908,5.38888888888889,5.7525641025641,5.5679802955665,61
"59",2006,8,6.11111111111111,9,6.125,6.1,5,5.9,6.375,4,5,1,5,4,368,244,124,19,161,207,5.65951086956522,5.96393442622951,5.06048387096774,5.36842105263158,5.75714285714286,5.58357487922705,62
"60",2006,9,5.6,10,5.91666666666667,5.125,3.5,5.8,5.4,6,4,1,5,5,378,250,128,20,166,212,5.65793650793651,5.9628,5.0625,5.275,5.75843373493976,5.57924528301887,63
"61",2006,10,5.5,4,6,5,4,6,5.33333333333333,2,2,1,1,3,382,252,130,21,167,215,5.65628272251309,5.96309523809524,5.06153846153846,5.21428571428571,5.75988023952096,5.57581395348837,64
"62",2006,11,5.4,5,5.4,NA,NA,4.5,6,5,0,0,2,3,387,257,130,21,169,218,5.65297157622739,5.95214007782101,5.06153846153846,5.21428571428571,5.74497041420118,5.58165137614679,65
"63",2006,12,5.2,10,5.4,5,6,5,5.25,5,5,1,2,8,397,262,135,22,171,226,5.64156171284635,5.94160305343511,5.05925925925926,5.25,5.73625730994152,5.56991150442478,66
"64",2007,1,6,18,6.5,4.7,5.5,5.375,6.17857142857143,13,5,1,4,14,415,275,140,23,175,240,5.65710843373494,5.968,5.04642857142857,5.26086956521739,5.728,5.60541666666667,67
"65",2007,2,6.0625,8,5.92857142857143,7,NA,6.375,5.75,7,1,0,4,4,423,282,141,23,179,244,5.66477541371158,5.96702127659574,5.06028368794326,5.26086956521739,5.74245810055866,5.6077868852459,68
"66",2007,3,5.66666666666667,12,5.8,5.57142857142857,4.75,5.6,5.71428571428571,5,7,2,5,7,435,287,148,25,184,251,5.6648275862069,5.96411149825784,5.08445945945946,5.22,5.73858695652174,5.61075697211155,69
"67",2007,4,6.75,4,7.33333333333333,5,NA,8,6.33333333333333,3,1,0,1,3,439,290,149,25,185,254,5.674715261959,5.97827586206896,5.08389261744966,5.22,5.75081081081081,5.61929133858268,70
"68",2007,5,5.375,12,5.58333333333333,5.16666666666667,5,5.5,5.3125,6,6,3,4,8,451,296,155,28,189,262,5.66674057649667,5.97027027027027,5.08709677419355,5.19642857142857,5.74550264550265,5.60992366412214,71
"69",2007,6,5.9,10,6,5.5,5,6,5.83333333333333,8,2,1,4,6,461,304,157,29,193,268,5.67180043383948,5.97105263157895,5.09235668789809,5.18965517241379,5.75077720207254,5.61492537313433,72
"70",2007,7,5.5625,8,5.9,5,4.5,5.5,5.625,5,3,2,4,4,469,309,160,31,197,272,5.66993603411514,5.96990291262136,5.090625,5.14516129032258,5.74568527918782,5.61507352941177,73
"71",2007,8,5.625,8,5.9,5.16666666666667,5,6.5,5.5,5,3,1,1,7,477,314,163,32,198,279,5.66918238993711,5.9687898089172,5.0920245398773,5.140625,5.74949494949495,5.61218637992832,74
"72",2007,9,6.5,5,6.5,NA,NA,7.5,5.83333333333333,5,0,0,2,3,482,319,163,32,200,282,5.67780082987552,5.97711598746081,5.0920245398773,5.140625,5.767,5.6145390070922,75
"73",2007,10,6.13636363636364,11,5.9,6.33333333333333,7,5.9,6.33333333333333,5,6,2,5,6,493,324,169,34,205,288,5.68803245436105,5.97592592592592,5.13609467455621,5.25,5.77024390243902,5.62951388888889,76
"74",2007,11,5.88461538461539,13,5.9375,5.8,NA,6.5,5.61111111111111,8,5,0,4,9,506,332,174,34,209,297,5.69308300395257,5.975,5.1551724137931,5.25,5.78421052631579,5.62895622895623,77
"75",2007,12,6.06666666666667,15,6.16666666666667,5.66666666666667,5,6,6.16666666666667,12,3,1,9,6,521,344,177,35,218,303,5.70383877159309,5.98168604651163,5.1638418079096,5.24285714285714,5.79311926605505,5.63960396039604,78
"76",2008,1,6.52941176470588,17,6.64285714285714,6,NA,7,6.27272727272727,14,3,0,6,11,538,358,180,35,224,314,5.72992565055762,6.00754189944134,5.17777777777778,5.24285714285714,5.82544642857143,5.66178343949045,79
"77",2008,2,6.42631578947368,19,6.9,5.1,5.66666666666667,6.22222222222222,6.61,14,5,3,9,10,557,372,185,38,233,324,5.75368043087971,6.04112903225806,5.17567567567568,5.27631578947368,5.84077253218884,5.69104938271605,80
"78",2008,3,5.64285714285714,7,6.25,2,NA,6.875,4,6,1,0,4,3,564,378,186,38,237,327,5.75230496453901,6.04444444444444,5.15860215053763,5.27631578947368,5.85822784810127,5.67553516819572,81
"79",2008,4,5.82857142857143,14,6.06,5.25,5.75,6.13333333333333,5.6,10,4,2,6,8,578,388,190,40,243,335,5.75415224913495,6.04484536082474,5.16052631578947,5.3,5.86502057613169,5.67373134328358,82
"80",2008,5,4.5,4,6,4,NA,4.33333333333333,5,1,3,0,3,1,582,389,193,40,246,336,5.74553264604811,6.04473007712082,5.14248704663212,5.3,5.84634146341463,5.67172619047619,83
"81",2008,6,6.14666666666667,15,6.36153846153846,4.75,NA,6.42,5.6,13,2,0,10,5,597,402,195,40,256,341,5.75561139028476,6.05497512437811,5.13846153846154,5.3,5.86875,5.67067448680352,84
"82",2008,7,5.83333333333333,9,6.83333333333333,5.33333333333333,6,5.75,6,3,6,3,6,3,606,405,201,43,262,344,5.75676567656766,6.06074074074074,5.14427860696517,5.34883720930233,5.86603053435114,5.67354651162791,85
"83",2008,8,5.58,10,5.82857142857143,5,5.5,6.66666666666667,5.11428571428571,7,3,2,3,7,616,412,204,45,265,351,5.7538961038961,6.05679611650485,5.1421568627451,5.35555555555556,5.87509433962264,5.66239316239316,86
"84",2008,9,5.92307692307692,13,6.28571428571429,5.5,5.33333333333333,6,5.75,7,6,3,9,4,629,419,210,48,274,355,5.75739268680445,6.06062052505967,5.15238095238095,5.35416666666667,5.87919708029197,5.66338028169014,87
"85",2008,10,5.54761904761905,21,6.05,5.09090909090909,5.25,5.27777777777778,5.75,10,11,4,9,12,650,429,221,52,283,367,5.75061538461538,6.06037296037296,5.14932126696832,5.34615384615385,5.86007067137809,5.66621253405995,88
"86",2008,11,6.15714285714286,7,6,6.36666666666667,6.36666666666667,6.36666666666667,6,4,3,3,3,4,657,433,224,55,286,371,5.75494672754947,6.05981524249423,5.165625,5.40181818181818,5.86538461538461,5.66981132075472,89
"87",2008,12,5.985,20,6.32307692307692,5.35714285714286,5.33333333333333,5.91666666666667,6.01428571428571,13,7,3,6,14,677,446,231,58,292,385,5.76174298375185,6.06748878923767,5.17142857142857,5.39827586206897,5.86643835616438,5.68233766233766,90
"88",2009,1,5.40476190476191,21,6.05555555555556,4.91666666666667,4.83333333333333,5.14285714285714,5.53571428571429,9,12,3,7,14,698,455,243,61,299,399,5.75100286532951,6.06725274725275,5.15884773662551,5.37049180327869,5.8494983277592,5.67719298245614,91
"89",2009,2,5.505,20,5.72857142857143,4.98333333333333,4.63333333333333,5.63333333333333,5.48235294117647,14,6,3,3,17,718,469,249,64,302,416,5.7441504178273,6.05714285714286,5.15461847389558,5.3359375,5.84735099337748,5.66923076923077,92
"90",2009,3,6.43571428571429,14,6.64,5.925,6.33333333333333,7.35,6.07,10,4,3,4,10,732,479,253,67,306,426,5.75737704918033,6.06931106471816,5.16679841897233,5.38059701492537,5.86699346405229,5.67863849765258,93
"91",2009,4,4.6,8,4.5,4.63333333333333,4.775,3.93333333333333,5,2,6,4,3,5,740,481,259,71,309,431,5.74486486486486,6.06278586278586,5.15444015444015,5.34647887323944,5.84822006472492,5.6707656612529,94
"92",2009,5,5.33333333333333,6,NA,5.33333333333333,5,5.33333333333333,5.33333333333333,0,6,5,3,3,746,481,265,76,312,434,5.74155495978552,6.06278586278586,5.15849056603774,5.32368421052632,5.84326923076923,5.6684331797235,95
"93",2009,6,5.46153846153846,13,5.5,5.4,5,5.28571428571429,5.66666666666667,8,5,1,7,6,759,489,270,77,319,440,5.73675889328063,6.05357873210634,5.16296296296296,5.31948051948052,5.83103448275862,5.66840909090909,96
"94",2009,7,5.75,12,5.75,5.75,5.33333333333333,6,5.7,8,4,3,2,10,771,497,274,80,321,450,5.73696498054475,6.0486921529175,5.17153284671533,5.32,5.83208722741433,5.66911111111111,97
"95",2009,8,6.33333333333333,9,6.33333333333333,6.33333333333333,5,7,6.14285714285714,6,3,2,2,7,780,503,277,82,323,457,5.74384615384615,6.0520874751491,5.1841155234657,5.31219512195122,5.83931888544892,5.67636761487965,98
"96",2009,9,5.86666666666667,15,6.27272727272727,4.75,5,7,5.45454545454545,11,4,2,4,11,795,514,281,84,327,468,5.74616352201258,6.0568093385214,5.1779359430605,5.30476190476191,5.85351681957187,5.67115384615385,99
"97",2009,10,4.81,10,4.9,4,4,NA,4.81,9,1,1,0,10,805,523,282,85,327,478,5.73453416149068,6.03690248565965,5.17375886524823,5.28941176470588,5.85351681957187,5.65313807531381,100
"98",2009,11,5.70625,16,6.025,5.3875,4.775,5.6,5.77,8,8,4,6,10,821,531,290,89,333,488,5.73398294762485,6.03672316384181,5.17965517241379,5.26629213483146,5.84894894894895,5.65553278688524,101
"99",2009,12,5.59375,16,5.65384615384615,5.33333333333333,6,6,5.35,13,3,3,6,10,837,544,293,92,339,498,5.73130227001195,6.02757352941176,5.18122866894198,5.29021739130435,5.85162241887906,5.64939759036144,102
"100",2010,1,5.64583333333333,24,6.13333333333333,4.83333333333333,4.92857142857143,5.55555555555556,5.7,15,9,7,9,15,861,559,302,99,348,513,5.72891986062718,6.0304114490161,5.17086092715232,5.26464646464647,5.84396551724138,5.65087719298245,103
"101",2010,2,5.64285714285714,7,6,5.5,6.16666666666667,5.875,5.33333333333333,2,5,3,4,3,868,561,307,102,352,516,5.72822580645161,6.03030303030303,5.17622149837133,5.29117647058824,5.84431818181818,5.64903100775194,104
"102",2010,3,5.09090909090909,11,5,5.2,5,5.4,4.83333333333333,6,5,3,5,6,879,567,312,105,357,522,5.72025028441411,6.01940035273368,5.17660256410256,5.28285714285714,5.83809523809524,5.63965517241379,105
"103",2010,4,5.8,10,7,5.28571428571429,5,5.45,6.325,3,7,3,6,4,889,570,319,108,363,526,5.72114735658043,6.02456140350877,5.17899686520376,5.275,5.83168044077135,5.64486692015209,106
"104",2010,5,5.64285714285714,7,5.66666666666667,5.625,5.16666666666667,5.75,5.6,3,4,3,2,5,896,573,323,111,365,531,5.72053571428571,6.02268760907504,5.18452012383901,5.27207207207207,5.83123287671233,5.64444444444444,107
"105",2010,6,5.3,10,5.5,4.83333333333333,NA,6,5.22222222222222,7,3,0,1,9,906,580,326,111,366,540,5.7158940397351,6.01637931034483,5.18128834355828,5.27207207207207,5.83169398907104,5.63740740740741,108
"106",2010,7,5.71428571428571,7,6.125,5.16666666666667,4,5.83333333333333,5.625,4,3,1,3,4,913,584,329,112,369,544,5.71588170865279,6.01712328767123,5.18115501519757,5.26071428571429,5.83170731707317,5.63731617647059,109
"107",2010,8,5.99,10,7.5,4.98333333333333,4.975,6.4,5.58,4,6,4,5,5,923,588,335,116,374,549,5.71885157096425,6.02721088435374,5.17761194029851,5.25086206896552,5.83930481283422,5.6367941712204,110
"108",2010,9,5.16666666666667,6,4.66666666666667,5.66666666666667,5.66666666666667,NA,5.16666666666667,3,3,3,0,6,929,591,338,119,374,555,5.71528525296017,6.02030456852792,5.18195266272189,5.26134453781513,5.83930481283422,5.63171171171171,111
"109",2010,10,5.6,15,5.72727272727273,5.25,5.66666666666667,5.55555555555556,5.66666666666667,11,4,3,9,6,944,602,342,122,383,561,5.71345338983051,6.01495016611296,5.18274853801169,5.27131147540984,5.83263707571802,5.63208556149733,112
"110",2010,11,5.9,10,6.28571428571429,5,5,6,5.85714285714286,7,3,1,3,7,954,609,345,123,386,568,5.71540880503145,6.01806239737274,5.18115942028985,5.26910569105691,5.8339378238342,5.63485915492958,113
"111",2010,12,5.61111111111111,9,6.3,4.75,5,5,5.6875,5,4,1,1,8,963,614,349,124,387,576,5.71443406022845,6.02035830618892,5.17621776504298,5.26693548387097,5.83178294573643,5.63559027777778,114
"112",2011,1,5.41538461538462,13,5.53333333333333,4,NA,6.3,5.15,12,1,0,3,10,976,626,350,124,390,586,5.71045081967213,6.01102236421725,5.17285714285714,5.26693548387097,5.83538461538461,5.62730375426621,115
"113",2011,2,5.78333333333333,12,6.425,4.5,5.5,5.375,5.9875,8,4,2,4,8,988,634,354,126,394,594,5.71133603238866,6.01624605678233,5.16525423728813,5.27063492063492,5.83071065989848,5.63215488215488,116
"114",2011,3,6.26181818181818,11,6.86,4.66666666666667,NA,6,6.36,8,3,0,3,8,999,642,357,126,397,602,5.7173973973974,6.02676012461059,5.16106442577031,5.27063492063492,5.83198992443325,5.64182724252492,117
"115",2011,4,5.56,5,5.33333333333333,5.9,5.9,5.7,5,3,2,2,4,1,1004,645,359,128,401,603,5.71661354581673,6.02353488372093,5.16518105849582,5.28046875,5.83067331670823,5.64076285240464,118
"116",2011,5,4.625,8,4.75,4.25,3,3.5,5.3,6,2,1,3,5,1012,651,361,129,404,608,5.70798418972332,6.01179723502304,5.1601108033241,5.26279069767442,5.81336633663366,5.63796052631579,119
"117",2011,6,5.75,10,5.75,5.75,5.75,5.66666666666667,5.78571428571429,6,4,4,3,7,1022,657,365,133,407,615,5.70839530332681,6.00940639269406,5.16657534246575,5.27744360902256,5.81228501228501,5.63964227642276,120
"118",2011,7,6.25,4,6.5,6,6,6,6.33333333333333,2,2,2,1,3,1026,659,367,135,408,618,5.71050682261209,6.01089529590288,5.17111716621253,5.28814814814815,5.81274509803922,5.64300970873786,121
"119",2011,8,6.25,8,6.2,6.33333333333333,6.33333333333333,6,6.33333333333333,5,3,3,2,6,1034,664,370,138,410,624,5.71468085106383,6.01231927710843,5.18054054054054,5.31086956521739,5.81365853658537,5.64964743589743,122
"120",2011,9,6.27142857142857,7,6.4,5.95,5.95,6,6.31666666666667,5,2,2,1,6,1041,669,372,140,411,630,5.71842459173871,6.01521674140508,5.18467741935484,5.32,5.81411192214112,5.656,123
"121",2011,10,5.14285714285714,7,5.5,4.66666666666667,NA,4,5.33333333333333,4,3,0,1,6,1048,673,375,140,412,636,5.71458015267176,6.01215453194651,5.18053333333333,5.32,5.80970873786408,5.65295597484277,124
"122",2011,11,6.025,8,6.17142857142857,5,5,6.35,5.91666666666667,7,1,1,2,6,1056,680,376,141,414,642,5.71693181818182,6.01379411764706,5.18005319148936,5.3177304964539,5.81231884057971,5.65542056074766,125
"123",2011,12,5.6,12,6.2125,4.375,2,5.6,5.6,8,4,1,5,7,1068,688,380,142,419,649,5.71561797752809,6.01610465116279,5.17157894736842,5.2943661971831,5.80978520286396,5.65482280431433,126
"124",2012,1,5.05833333333333,12,5.425,4.325,4,4.83333333333333,5.28333333333333,8,4,1,6,6,1080,696,384,143,425,655,5.70831481481481,6.00931034482758,5.16276041666666,5.28531468531468,5.796,5.65141984732824,127
"125",2012,2,4.08333333333333,6,3.375,5.5,5.5,1,4.7,4,2,2,1,5,1086,700,386,145,426,660,5.69933701657458,5.99425714285714,5.16450777202072,5.28827586206897,5.78474178403756,5.64421212121212,128
"126",2012,3,5.675,10,5.625,5.75,6.33333333333333,5.75,5.6,6,4,3,5,5,1096,706,390,148,431,665,5.69911496350365,5.99111898016997,5.17051282051282,5.30945945945946,5.78433874709977,5.64387969924812,129
"127",2012,4,6.5,12,6.35,7.25,7.25,7,6.33333333333333,10,2,2,3,9,1108,716,392,150,434,674,5.70778880866426,5.9961312849162,5.18112244897959,5.33533333333333,5.79274193548387,5.65308605341246,130
"128",2012,5,5.73529411764706,17,5.96428571428571,4.66666666666667,6,4.8,6.125,14,3,1,5,12,1125,730,395,151,439,686,5.70820444444444,5.9955205479452,5.17721518987342,5.33973509933775,5.78143507972665,5.66134110787172,131
"129",2012,6,5.28,10,5.32857142857143,5.16666666666667,6.5,5,5.35,7,3,1,2,8,1135,737,398,152,441,694,5.70443171806167,5.98918588873813,5.17713567839196,5.34736842105263,5.77789115646258,5.65775216138328,132
"130",2012,7,5.33875,8,6,4.942,5,5.33333333333333,5.342,3,5,2,3,5,1143,740,403,154,444,699,5.70187226596675,5.98922972972973,5.17421836228288,5.34285714285714,5.77488738738739,5.65549356223176,133
"131",2012,8,5,8,5.25,4.75,6,NA,5,4,4,1,0,8,1151,744,407,155,444,707,5.69699391833188,5.98525537634408,5.17004914004914,5.34709677419355,5.77488738738739,5.64807637906648,134
"132",2012,9,6.16666666666667,6,6.4,5,NA,7,6,5,1,0,1,5,1157,749,408,155,445,712,5.69942955920484,5.98802403204272,5.16963235294117,5.34709677419355,5.7776404494382,5.65054775280899,135
"133",2012,10,5.5,8,6,4,3,4.5,5.83333333333333,6,2,1,2,6,1165,755,410,156,447,718,5.69806008583691,5.98811920529801,5.16392682926829,5.33205128205128,5.77192393736018,5.65207520891365,136
"134",2012,11,6.75714285714286,7,6.8,6.5,NA,10,6.21666666666667,6,1,0,1,6,1172,761,411,156,448,724,5.70438566552901,5.99452036793692,5.16717761557177,5.33205128205128,5.78136160714286,5.65675414364641,137
"135",2012,12,6.26923076923077,13,6.44444444444444,5.875,5.5,5,6.5,9,4,2,2,11,1185,770,415,158,450,735,5.71058227848101,5.99977922077922,5.174,5.33417721518987,5.77788888888889,5.66937414965986,138
"136",2013,1,5.71875,16,5.95,5.33333333333333,4.66666666666667,7,5.63333333333333,10,6,3,1,15,1201,780,421,161,451,750,5.7106910907577,5.99914102564102,5.17627078384798,5.32173913043478,5.78059866962306,5.66865333333333,139
"137",2013,2,6.35454545454545,11,6.3,6.9,6.9,6.225,6.42857142857143,10,1,1,4,7,1212,790,422,162,455,757,5.71653465346535,6.00294936708861,5.18035545023696,5.33148148148148,5.78450549450549,5.67568031704095,140
"138",2013,3,5.91875,16,6.2,5.3,6,6.38,5.70909090909091,11,5,2,5,11,1228,801,427,164,460,768,5.71916938110749,6.00565543071161,5.18175644028103,5.33963414634146,5.79097826086957,5.67615885416667,141
"139",2013,4,6.0625,16,5.77272727272727,6.7,6,5.4,6.36363636363636,11,5,3,5,11,1244,812,432,167,465,779,5.72358520900321,6.0025,5.1993287037037,5.35149700598802,5.78677419354839,5.68586649550706,142
"140",2013,5,5.64444444444444,9,5.475,7,7,5,5.725,8,1,1,1,8,1253,820,433,168,466,787,5.72301675977654,5.99735365853658,5.20348729792148,5.36130952380952,5.78508583690987,5.68626429479034,143
"141",2013,6,6.83333333333333,6,6.83333333333333,NA,NA,5.75,7.375,6,0,0,2,4,1259,826,433,168,468,791,5.72830818109611,6.00342615012106,5.20348729792148,5.36130952380952,5.7849358974359,5.69480404551201,144
"142",2013,7,6.16666666666667,6,6.16666666666667,NA,NA,6,6.25,6,0,0,2,4,1265,832,433,168,470,795,5.73038735177866,6.00460336538461,5.20348729792148,5.36130952380952,5.78585106382979,5.69759748427673,145
"143",2013,8,5.11111111111111,9,5.16666666666667,5,5,7,4.875,6,3,1,1,8,1274,838,436,169,471,803,5.7260125588697,5.99860381861575,5.2020871559633,5.35917159763314,5.78842887473461,5.68940224159402,146
"144",2013,9,6.07,10,6.52857142857143,5,5,7.75,5.65,7,3,2,2,8,1284,845,439,171,473,811,5.72869158878505,6.00299408284024,5.20070615034168,5.35497076023392,5.79672304439746,5.68901356350185,147
"145",2013,10,6.41666666666667,6,6.75,5.75,NA,6.16666666666667,6.66666666666667,4,2,0,3,3,1290,849,441,171,476,814,5.73189147286821,6.00651354534747,5.20319727891156,5.35497076023392,5.79905462184874,5.69261670761671,148
"146",2013,11,5.61111111111111,9,5.3,6,4.5,6.66666666666667,5.08333333333333,5,4,2,3,6,1299,854,445,173,479,820,5.73105465742879,6.00237704918033,5.2103595505618,5.34508670520231,5.8044885177453,5.68815853658537,149
"147",2013,12,6.05833333333333,12,5.97272727272727,7,7,6.5,5.8375,11,1,1,4,8,1311,865,446,174,483,828,5.73405034324943,6.002,5.21437219730942,5.35459770114943,5.81024844720497,5.68960144927536,150
"148",2014,1,5.98947368421053,19,6.20769230769231,5.51666666666667,5.82,5.5,6.04705882352941,13,6,5,2,17,1330,878,452,179,485,845,5.7376992481203,6.00504555808656,5.21838495575221,5.36759776536313,5.80896907216495,5.69679289940828,151
"149",2014,2,5.92307692307692,13,6.25,5.4,4.75,NA,5.92307692307692,8,5,4,0,13,1343,886,457,183,485,858,5.73949367088608,6.00725733634311,5.22037199124726,5.35409836065574,5.80896907216495,5.70022144522144,152
"150",2014,3,6.54166666666667,6,6.3125,7,NA,9,6.05,4,2,0,1,5,1349,890,459,183,486,863,5.74306152705708,6.00862921348314,5.22812636165577,5.35409836065574,5.81553497942387,5.70224797219003,153
"151",2014,4,6.16666666666667,9,7.125,5.4,5.25,6.2,6.125,4,5,4,5,4,1358,894,464,187,491,867,5.74586892488954,6.01362416107382,5.22997844827586,5.35187165775401,5.81945010183299,5.70419838523645,154
"152",2014,5,6.08333333333333,6,6.875,4.5,NA,6,6.1,4,2,0,1,5,1364,898,466,187,492,872,5.74735337243402,6.01746102449888,5.22684549356223,5.35187165775401,5.81981707317073,5.70646788990826,155
"153",2014,6,5.86363636363636,11,6.4,5.41666666666667,5.83333333333333,5.83333333333333,5.875,5,6,3,3,8,1375,903,472,190,495,880,5.74828363636364,6.01957918050941,5.22925847457627,5.35947368421053,5.81989898989899,5.708,156
"154",2014,7,5,4,5,5,5,5,5,3,1,1,1,3,1379,906,473,191,496,883,5.74611312545323,6.01620309050772,5.22877378435518,5.35759162303665,5.81824596774194,5.70559456398641,157
"155",2014,8,5.5,5,5.125,7,NA,6.5,4,4,1,0,3,2,1384,910,474,191,499,885,5.74522398843931,6.01228571428571,5.23251054852321,5.35759162303665,5.82234468937876,5.70174011299435,158
"156",2014,9,5,5,6,4.33333333333333,5.5,5.5,4.66666666666667,2,3,2,2,3,1389,912,477,193,501,888,5.74254139668826,6.01225877192982,5.22685534591195,5.35906735751295,5.82105788423154,5.69824324324324,159
"157",2014,10,5.91666666666667,6,6.875,4,3,NA,5.91666666666667,4,2,1,0,6,1395,916,479,194,501,894,5.74329032258064,6.01602620087336,5.22173277661795,5.34690721649485,5.82105788423154,5.69970917225951,160
"158",2014,11,6.00416666666667,12,6.175,5.83333333333333,6.5,5.2625,6.375,6,6,2,4,8,1407,922,485,196,505,902,5.74551528073916,6.01706073752711,5.22929896907216,5.35867346938776,5.81663366336634,5.70569844789357,161
"159",2014,12,6,7,6.4,5,6,4,6.33333333333333,5,2,1,1,6,1414,927,487,197,506,908,5.74677510608204,6.01912621359223,5.22835728952772,5.36192893401015,5.81304347826087,5.70984581497797,162
"160",2015,1,5.91388888888889,18,6.22272727272727,5.42857142857143,4.74,6.5,5.840625,11,7,5,2,16,1432,938,494,202,508,924,5.74887569832402,6.02151385927505,5.2311943319838,5.34653465346535,5.81574803149606,5.71211038961039,163
"161",2015,2,5.42857142857143,7,5.8,4.5,4,6,5.33333333333333,5,2,1,1,6,1439,943,496,203,509,930,5.74731758165393,6.02033934252386,5.22824596774193,5.33990147783251,5.81611001964637,5.70966666666667,164
"162",2015,3,5.16,5,4.75,5.43333333333333,5.43333333333333,7.3,4.625,2,3,3,1,4,1444,945,499,206,510,934,5.74528393351801,6.01765079365079,5.22947895791583,5.34126213592233,5.81901960784314,5.70502141327623,165
"163",2015,4,6,8,6.2,5.66666666666667,6,5,6.14285714285714,5,3,1,1,7,1452,950,502,207,511,941,5.74668732782369,6.01861052631579,5.23209163346613,5.34444444444444,5.8174168297456,5.7082784272051,166
"164",2015,5,6.0625,8,6.07142857142857,6,6,5.5,6.625,7,1,1,4,4,1460,957,503,208,515,945,5.74841780821918,6.01899686520376,5.23361829025845,5.34759615384615,5.81495145631068,5.71215873015873,167
"165",2015,6,5.96363636363636,11,6.5,5.32,4.75,5.25,6.37142857142857,6,5,4,4,7,1471,963,508,212,519,952,5.75002719238613,6.0219937694704,5.23446850393701,5.33632075471698,5.81059730250482,5.71700630252101,168
"166",2015,7,6.475,8,6.8,5.5,NA,7.26666666666667,6,6,2,0,3,5,1479,969,510,212,522,957,5.75394861392833,6.02681114551083,5.23550980392157,5.33632075471698,5.81896551724138,5.71848484848485,169
"167",2015,8,6.67,10,7.28333333333333,5.75,5.75,5.425,7.5,6,4,4,4,6,1489,975,514,216,526,963,5.76010073875084,6.03454358974359,5.23951361867704,5.34398148148148,5.81596958174905,5.72958463136033,170
"168",2015,9,5.57142857142857,7,6,3,3,3,6,6,1,1,1,6,1496,981,515,217,527,969,5.7592179144385,6.03433231396534,5.23516504854369,5.3331797235023,5.81062618595826,5.73125902992776,171
"169",2015,10,5.38461538461539,13,6.625,4.83333333333333,4.83333333333333,6.75,5.13636363636364,4,9,6,2,11,1509,985,524,223,529,980,5.75599072233267,6.036730964467,5.22826335877862,5.31973094170404,5.81417769376182,5.72458163265306,172
"170",2015,11,5.0625,8,4.75,6,6,5,5.07142857142857,6,2,1,1,7,1517,991,526,224,530,987,5.75233355306526,6.0289404641776,5.23119771863118,5.32276785714286,5.81264150943396,5.7199493414387,173
"171",2015,12,6.08166666666667,12,6.098,6,NA,5.32666666666667,6.33333333333333,10,2,0,3,9,1529,1001,528,224,533,996,5.75491824722041,6.02963036963037,5.23410984848485,5.32276785714286,5.80990619136961,5.72549196787149,174
"172",2016,1,6.27666666666667,15,6.315,6.2,6.2,6.6,6.115,10,5,5,5,10,1544,1011,533,229,538,1006,5.75998704663212,6.03245301681503,5.24317073170732,5.34192139737991,5.81724907063197,5.72936381709741,175
"173",2016,2,5.78529411764706,17,6.20555555555556,5.3125,5.8,5.16666666666667,6.12272727272727,9,8,5,6,11,1561,1020,541,234,544,1017,5.76026265214606,6.03398039215686,5.24419593345656,5.3517094017094,5.81007352941177,5.73361848574238,176
"174",2016,3,6.17857142857143,14,6.8125,5.33333333333333,6,4.8,6.94444444444444,8,6,4,5,9,1575,1028,547,238,549,1026,5.76398095238095,6.04003891050583,5.24517367458866,5.36260504201681,5.80087431693989,5.74423976608187,177
"175",2016,4,5.375,8,5.4,5.33333333333333,5.33333333333333,6,5.16666666666667,5,3,3,2,6,1583,1033,550,241,551,1032,5.76201516108654,6.03694094869312,5.24565454545454,5.36224066390042,5.80159709618875,5.74088178294574,178
"176",2016,5,5.16666666666667,3,4.75,6,6,NA,5.16666666666667,2,1,1,0,3,1586,1035,551,242,551,1035,5.76088902900378,6.03445410628019,5.24702359346642,5.36487603305785,5.80159709618875,5.73921739130435,179
"177",2016,6,5.95,10,6.125,5.25,NA,6,5.9375,8,2,0,2,8,1596,1043,553,242,553,1043,5.76207393483709,6.03514860977948,5.24703435804701,5.36487603305785,5.80231464737794,5.74073825503356,180
"178",2016,7,5.875,12,7,5.07142857142857,5.5,6.33333333333333,5.72222222222222,5,7,4,3,9,1608,1048,560,246,556,1052,5.76291666666667,6.03975190839695,5.24483928571428,5.36707317073171,5.80517985611511,5.74057984790874,181
"179",2016,8,5.85714285714286,14,6.16666666666667,5.3,6.5,8,5.69230769230769,9,5,2,1,13,1622,1057,565,248,557,1065,5.76372996300863,6.0408325449385,5.24532743362832,5.37620967741936,5.80912028725314,5.73999061032864,182
"180",2016,9,5.61538461538461,13,6.55555555555556,3.5,4,6,5.5,9,4,3,3,10,1635,1066,569,251,560,1075,5.7625504587156,6.04517823639775,5.23305799648506,5.3597609561753,5.81014285714286,5.73775813953488,183
"181",2016,10,6.55555555555556,9,7,6,6,NA,6.55555555555556,5,4,2,0,9,1644,1071,573,253,560,1084,5.76689172749392,6.04963585434173,5.23841186736475,5.36482213438735,5.81014285714286,5.7445479704797,184
"182",2016,11,5.28571428571429,14,5.88888888888889,4.2,4.66666666666667,6,5.16666666666667,9,5,3,2,12,1658,1080,578,256,562,1096,5.7628287092883,6.04829629629629,5.22942906574394,5.356640625,5.81081850533808,5.73822080291971,185
"183",2016,12,5.28571428571429,7,5.625,4.83333333333333,4.75,7,4.6,4,3,2,2,5,1665,1084,581,258,564,1101,5.76082282282282,6.04673431734317,5.22738382099828,5.35193798449613,5.81503546099291,5.73305177111717,186
"184",2017,1,5.38461538461539,13,6.0625,4.3,3.625,6.5,4.88888888888889,8,5,4,4,9,1678,1092,586,262,568,1110,5.75790822407628,6.04684981684982,5.21947098976109,5.32557251908397,5.81985915492958,5.72620720720721,187
"185",2017,2,6.6,10,7.42857142857143,4.66666666666667,4.66666666666667,4,6.88888888888889,7,3,3,1,9,1688,1099,589,265,569,1119,5.76289691943128,6.05565059144677,5.21665534804754,5.31811320754717,5.81666080843585,5.73555853440572,188
"186",2017,3,6.35,10,6.4375,6,NA,8,5.9375,8,2,0,2,8,1698,1107,591,265,571,1127,5.76635453474676,6.05841011743451,5.2193062605753,5.31811320754717,5.82430823117338,5.73699201419698,189
"187",2017,4,6.13529411764706,17,6.31666666666667,5.7,6,7.5,5.95333333333333,12,5,1,2,15,1715,1119,596,266,573,1142,5.77001166180758,6.06117962466488,5.2233389261745,5.32067669172932,5.83015706806283,5.73983362521891,190
"188",2017,5,6.81818181818182,11,7.25,5.66666666666667,5.5,7.5,6.66666666666667,8,3,2,2,9,1726,1127,599,268,575,1151,5.77669177288528,6.06961845607808,5.2255592654424,5.32201492537313,5.8359652173913,5.74708079930495,191
"189",2017,6,6.38888888888889,9,6.5,6,6,6.5,6.35714285714286,7,2,2,2,7,1735,1134,601,270,577,1158,5.7798674351585,6.07227513227513,5.22813643926789,5.32703703703704,5.83826689774697,5.75076856649395,192
"190",2017,7,7.15833333333333,12,7.35454545454545,5,NA,6.96666666666667,7.22222222222222,11,1,0,3,9,1747,1145,602,270,580,1167,5.78933600457928,6.08459388646288,5.22775747508306,5.32703703703704,5.84410344827586,5.76211653813196,193
"191",2017,8,5.94444444444444,9,6.08333333333333,5.66666666666667,4.5,4.5,6.125,6,3,2,1,8,1756,1151,605,272,581,1175,5.79013097949886,6.08458731537793,5.22993388429752,5.32095588235294,5.84179001721171,5.76458723404255,194
"192",2017,9,6.1,10,6.1,NA,NA,6.33333333333333,6,10,0,0,3,7,1766,1161,605,272,584,1182,5.79188561721404,6.08472006890611,5.22993388429752,5.32095588235294,5.84431506849315,5.76598138747885,195
"193",2017,10,5.94461538461538,13,5.88888888888889,6.07,6,5.66666666666667,6.18285714285714,9,4,1,6,7,1779,1170,609,273,590,1189,5.79300168634064,6.08321367521367,5.23545155993432,5.32344322344322,5.84250847457627,5.76843566021867,196
"194",2017,11,5.5,8,5.4,5.66666666666667,NA,5.5,5.5,5,3,0,2,6,1787,1175,612,273,592,1195,5.79168998321209,6.08030638297872,5.23756535947712,5.32344322344322,5.84135135135135,5.76708786610879,197
"195",2017,12,5.91666666666667,12,7.2,5,4.75,5,6.1,5,7,4,2,10,1799,1180,619,277,594,1205,5.79252362423569,6.08505084745762,5.2348788368336,5.31516245487365,5.83851851851852,5.76985062240664,198
"196",2018,1,5.67857142857143,14,5.79166666666667,5,8,6.5,5.45454545454545,12,2,1,3,11,1813,1192,621,278,597,1216,5.79164368450083,6.08209731543624,5.23412238325282,5.32482014388489,5.84184254606365,5.76699835526316,199
"197",2018,2,5.75,6,5.75,NA,NA,4.5,6.375,6,0,0,2,4,1819,1198,621,278,599,1220,5.79150632215503,6.08043405676127,5.23412238325282,5.32482014388489,5.83736227045075,5.76899180327869,200
"198",2018,3,5.69285714285714,14,6.17,4.5,7,6,5.64166666666667,10,4,1,2,12,1833,1208,625,279,601,1232,5.79075286415712,6.08117549668874,5.229424,5.33082437275986,5.83790349417638,5.76775162337662,201
"199",2018,4,5.775,12,5.83,5.5,NA,7.8,5.59090909090909,10,2,0,1,11,1845,1218,627,279,602,1243,5.79065040650407,6.07911330049261,5.23028708133972,5.33082437275986,5.84116279069768,5.76618664521319,202
"200",2018,5,5.4375,8,5.41666666666667,5.5,6,NA,5.4375,6,2,1,0,8,1853,1224,629,280,602,1251,5.78912574203994,6.07586601307189,5.23114467408585,5.33321428571429,5.84116279069768,5.76408473221423,203
"201",2018,6,6.07142857142857,7,6.08333333333333,6,6,NA,6.07142857142857,6,1,1,0,7,1860,1230,630,281,602,1258,5.79018817204301,6.07590243902439,5.23236507936508,5.3355871886121,5.84116279069768,5.76579491255962,204
"202",2018,7,6.81818181818182,11,6.77777777777778,7,8,6.83333333333333,6.8,9,2,1,6,5,1871,1239,632,282,608,1263,5.7962319615179,6.0810008071025,5.2379588607595,5.34503546099291,5.85095394736842,5.76988915281077,205
"203",2018,8,5.5,4,7.5,3.5,4,NA,5.5,2,2,1,0,4,1875,1241,634,283,608,1267,5.7956,6.08328767123287,5.23247634069401,5.34028268551237,5.85095394736842,5.76903709550119,206
"204",2018,9,6,12,6.2,5,7,5.6,6.28571428571429,10,2,1,5,7,1887,1251,636,284,613,1274,5.79689984101749,6.0842206235012,5.23174528301887,5.34612676056338,5.84890701468189,5.7718759811617,207
"205",2018,10,5.75,10,5.5,6.33333333333333,6,5.5,5.8125,7,3,1,2,8,1897,1258,639,285,615,1282,5.79665260938324,6.08096979332273,5.23691705790297,5.34842105263158,5.84777235772358,5.77212948517941,208
"206",2018,11,6.66666666666667,9,7,5.5,5.5,7,6.5,7,2,2,3,6,1906,1265,641,287,618,1288,5.80076075550892,6.08605533596838,5.23773790951638,5.34947735191638,5.85336569579288,5.7755201863354,209
"207",2018,12,6.33,10,7.0375,3.5,3.5,5.5,6.5375,8,2,2,2,8,1916,1273,643,289,620,1296,5.80352296450939,6.09203456402199,5.23233281493002,5.33667820069204,5.85222580645162,5.7802237654321,210
"208",2019,1,5.975,12,6.07777777777778,5.66666666666667,NA,7.66666666666667,5.41111111111111,9,3,0,3,9,1928,1282,646,289,623,1305,5.80459024896266,6.09193447737909,5.23434984520124,5.33667820069204,5.86096308186196,5.77767816091954,211
"209",2019,2,5.54545454545455,11,5.5,5.66666666666667,5.75,NA,5.54545454545455,8,3,2,0,11,1939,1290,649,291,623,1316,5.80312016503352,6.08826356589147,5.23634822804314,5.33951890034364,5.86096308186196,5.77573708206687,212
"210",2019,3,6.25,8,6.28571428571429,6,6,6,6.28571428571429,7,1,1,1,7,1947,1297,650,292,624,1323,5.80495634309194,6.08932922127987,5.23752307692308,5.34178082191781,5.8611858974359,5.77843537414966,213
"211",2019,4,6.5,8,6.42857142857143,7,7,8,6.28571428571429,7,1,1,1,7,1955,1304,651,293,625,1330,5.80780051150895,6.09115030674846,5.24023041474655,5.34744027303754,5.864608,5.78110526315789,214
"212",2019,5,6.47142857142857,7,6.46,6.5,5,6.15,6.6,5,2,1,2,5,1962,1309,653,294,627,1335,5.81016819571865,6.09255920550038,5.24408882082695,5.34625850340136,5.86551834130782,5.78417228464419,215
"213",2019,6,6.07142857142857,7,6.3,5.5,5,6,6.08333333333333,5,2,1,1,6,1969,1314,655,295,628,1341,5.8110970035551,6.09334855403348,5.24487022900763,5.34508474576271,5.86573248407644,5.78551081282625,216
"214",2019,7,5.22857142857143,7,5.1,6,NA,5.8,5,6,1,0,2,5,1976,1320,656,295,630,1346,5.80903340080972,6.08883333333333,5.24602134146342,5.34508474576271,5.86552380952382,5.78259286775631,217
"215",2019,8,6.68181818181818,11,6.33333333333333,7.1,7.5,9,6.45,6,5,3,1,10,1987,1326,661,298,631,1356,5.81386512330146,6.08993966817496,5.26004538577912,5.36677852348993,5.87049128367671,5.78751474926254,218
"216",2019,9,5.2875,8,5.38333333333333,5,6,5,5.32857142857143,6,2,1,1,7,1995,1332,663,299,632,1363,5.81175438596491,6.08675675675675,5.25926093514329,5.36889632107023,5.86911392405064,5.7851577402788,219
"217",2019,10,5.20454545454545,11,5.20454545454545,NA,NA,6,5.125,11,0,0,1,10,2006,1343,663,299,633,1373,5.80842472582253,6.07953090096798,5.25926093514329,5.36889632107023,5.86932069510269,5.78034959941733,220
"218",2019,11,6.25,4,7.33333333333333,3,NA,8,5.66666666666667,3,1,0,1,3,2010,1346,664,299,634,1376,5.80930348258706,6.08232540861813,5.25585843373494,5.36889632107023,5.87268138801262,5.78010174418605,221
"219",2019,12,5.51,10,5.15,5.75,5.625,6.5,5.4,4,6,4,1,9,2020,1350,670,303,635,1385,5.80782178217822,6.07956296296296,5.26028358208955,5.37227722772277,5.87366929133859,5.77763176895307,222
"220",2020,1,6.09492047619048,21,6.449333,5.77272727272727,5.5,5.6,6.249583125,10,11,1,5,16,2041,1360,681,304,640,1401,5.81077576188143,6.08228186029411,5.26856093979442,5.37269736842105,5.87153125000001,5.78302164882227,223
"221",2020,2,6.08181818181818,11,5.875,6.63333333333333,6,6,6.1,8,3,2,2,9,2052,1368,684,306,642,1410,5.81222871832359,6.08106968567251,5.27454678362573,5.37679738562092,5.87193146417446,5.78504491489362,224
"222",2020,3,6.05066666666667,15,6.355,4.83333333333333,5.25,5.5,6.13538461538462,12,3,2,2,13,2067,1380,687,308,644,1423,5.81395903725206,6.08345168840579,5.27262008733625,5.37597402597403,5.87077639751553,5.78824548840478,225
"223",2020,4,5.83445454545455,11,5.79766666666667,6,7,6,5.79766666666667,9,2,1,2,9,2078,1389,689,309,646,1432,5.81406753128008,6.08159994960403,5.27473149492018,5.38122977346278,5.87117647058824,5.78830469972067,226
"224",2020,5,6.59090909090909,11,6.61111111111111,6.5,6.5,6.75,6.5,9,2,2,4,7,2089,1398,691,311,650,1439,5.81815812829105,6.08500881974249,5.27827785817656,5.38842443729904,5.87658461538462,5.79176673384295,227
"225",2020,6,7,7,8.25,5.33333333333333,5,6,7.16666666666667,4,3,2,1,6,2096,1402,694,313,651,1445,5.82210511927481,6.09118568473609,5.27851585014409,5.38594249201278,5.87677419354839,5.79747566089965,228
"226",2020,7,5.75,8,6.2,5,5,NA,5.75,5,3,1,0,8,2104,1407,697,314,651,1453,5.82183095532319,6.09157237384506,5.27731707317073,5.38471337579618,5.87677419354839,5.79721426703372,229
"227",2020,8,6,13,6.33333333333333,5.25,7,6.33333333333333,5.9,9,4,1,3,10,2117,1416,701,315,654,1463,5.82292504959849,6.09310899011299,5.27716119828816,5.38984126984127,5.87886850152906,5.79791683526999,230
"228",2020,9,5.40909090909091,11,6.07142857142857,4.25,5,6.66666666666667,4.9375,7,4,2,3,8,2128,1423,705,317,657,1471,5.8207858693609,6.09300234012649,5.27133333333333,5.38738170347003,5.88246575342466,5.79323747790619,231
"229",2020,10,5.77272727272727,11,6.07142857142857,5.25,5,5.5,5.92857142857143,7,4,2,4,7,2139,1430,709,319,661,1478,5.82053872370266,6.09289673426573,5.27121297602257,5.38495297805643,5.88015128593042,5.79387843707713,232
"230",2020,11,5.36470588235294,17,6.01818181818182,4.16666666666667,4.25,6.33333333333333,5.15714285714286,11,6,4,3,14,2156,1441,715,323,664,1492,5.81694449443414,6.09232639139486,5.26194405594406,5.37089783281734,5.88219879518073,5.78790370643432,233
"231",2020,12,6.65789473684211,19,7.03846153846154,5.83333333333333,6,7.4,6.39285714285714,13,6,5,5,14,2175,1454,721,328,669,1506,5.82429072643678,6.10078564649243,5.26669902912621,5.38048780487805,5.89354260089687,5.7935274435591,234
"232",2021,1,6.61538461538461,13,6.70833333333333,5.5,NA,8.5,6.27272727272727,12,1,0,2,11,2188,1466,722,328,671,1517,5.82899101005484,6.10575875170532,5.26702216066482,5.38048780487805,5.90131147540984,5.79700219512195,235
"233",2021,2,6.13636363636364,11,6.05,6.20833333333333,6.66666666666667,7.08333333333333,5.78125,5,6,3,3,8,2199,1471,728,331,674,1525,5.83052857207822,6.10556922501699,5.27478021978022,5.39214501510574,5.90657270029674,5.79691956065574,236
"234",2021,3,5.44861125,8,4.5,5.764815,5.05,NA,5.44861125,2,6,4,0,8,2207,1473,734,335,674,1533,5.82914418667875,6.10338922606924,5.27878595367848,5.38805970149254,5.90657270029674,5.79510190476191,237
"235",2021,4,5.5,7,6.33333333333333,4.875,5,6,5.41666666666667,3,4,3,1,6,2214,1476,738,338,675,1539,5.82810353206865,6.10385659214092,5.27659741192412,5.38461538461539,5.90671111111112,5.7936265237167,238
"236",2021,5,5.77,10,6.55,5.25,5.25,5.83333333333333,5.74285714285714,4,6,4,3,7,2224,1480,744,342,678,1546,5.82784227517986,6.10506238513513,5.27638291666667,5.38304093567251,5.90638643067847,5.79339664941785,239
"237",2021,6,6.02777777777778,9,6.46428571428571,4.5,6,3,6.40625,7,2,1,1,8,2233,1487,746,343,679,1554,5.82864810568742,6.10675341627438,5.27430146112601,5.38483965014577,5.90210603829161,5.79655162162162,240
"238",2021,7,5.63333333333333,6,5.83333333333333,5.43333333333333,5.3,5.5,5.7,3,3,1,2,4,2239,1490,749,344,681,1558,5.82812470745869,6.10620290604027,5.27493843791722,5.38459302325581,5.90092511013217,5.79630373555841,241
"239",2021,8,5.86666666666667,15,6.5,4.91666666666667,3.16666666666667,5.5,5.95833333333333,9,6,3,3,12,2254,1499,755,347,684,1570,5.82838119787045,6.10856726484323,5.27209124503311,5.36541786743516,5.89916666666667,5.79754217834395,242
"240",2021,9,6.3,10,7.33333333333333,4.75,5,4.66666666666667,7,6,4,1,3,7,2264,1505,759,348,687,1577,5.83046431978799,6.11345005315614,5.26933977602108,5.36436781609195,5.89378457059681,5.80287965757768,243
"241",2021,10,7.07692307692308,13,7.33333333333333,6.85714285714286,NA,8.16666666666667,6.14285714285714,6,7,0,6,7,2277,1511,766,348,693,1584,5.83758068511199,6.11829406353408,5.28384972584857,5.36436781609195,5.91346320346321,5.80438208333333,244
"242",2021,11,5.95454545454545,11,6.05,5,5,5.75,6,10,1,1,2,9,2288,1521,767,349,695,1593,5.83814301573427,6.11784505588428,5.28347964797914,5.36332378223496,5.9129928057554,5.8054872693032,245
"243",2021,12,6.06549,17,6.15384615384615,5.7783325,5,6.8,5.75944416666667,13,4,1,5,12,2305,1534,771,350,700,1605,5.83981976138829,6.11815014993481,5.28604697795072,5.36228571428571,5.91932857142858,5.80514302180685,246
"244",2022,1,5.90625,16,5.96153846153846,5.66666666666667,5,6,5.88461538461539,13,3,1,3,13,2321,1547,774,351,703,1618,5.84027770357604,6.11683408532644,5.28752224806202,5.36125356125356,5.91967283072547,5.8057815512979,247
"245",2022,2,7.1,10,7.125,7,7,NA,7.1,8,2,1,0,10,2331,1555,776,352,703,1628,5.84568191763192,6.12202079099678,5.29193585051547,5.36590909090909,5.91967283072547,5.8137312960688,248
"246",2022,3,5.16666666666667,6,5.2,5,NA,NA,5.16666666666667,5,1,0,0,6,2337,1560,777,352,703,1634,5.84393861788618,6.11906559615384,5.29156012870013,5.36590909090909,5.91967283072547,5.81135529375765,249
"247",2022,4,6.66666666666667,6,7,5,NA,6.5,6.75,5,1,0,2,4,2343,1565,778,352,705,1638,5.84604547588562,6.12188008306709,5.29118537275064,5.36590909090909,5.92131914893618,5.81364746642247,250
"248",2022,5,5.7,15,6.3125,5,4,4,5.82142857142857,8,7,1,1,14,2358,1573,785,353,706,1652,5.84511643341815,6.1228495422759,5.28858881528663,5.36203966005666,5.91859773371106,5.81371340799032,251
"249",2022,6,6.36666666666667,9,6.575,6.2,7,NA,6.36666666666667,4,5,1,0,9,2367,1577,790,354,706,1661,5.84709951415294,6.12399640456563,5.29435724050633,5.36666666666667,5.91859773371106,5.81670954244431,252
"250",2022,7,6.03125,8,6.05,6,NA,6.75,5.92857142857143,5,3,0,1,7,2375,1582,793,354,707,1668,5.84771981052632,6.12376253476612,5.2970267591425,5.36666666666667,5.91977369165489,5.81717898681055,253
"251",2022,8,6.27777777777778,9,5.78571428571429,8,NA,NA,6.27777777777778,7,2,0,0,9,2384,1589,795,354,707,1677,5.84934335151007,6.12227333543109,5.3038266918239,5.36666666666667,5.91977369165489,5.81965089445438,254
