"","year","month","avg_rating","no_ratings","avg_rating_owned","avg_rating_not_owned","avg_rating_prev_owned","avg_rating_comment","avg_rating_no_comment","no_ratings_owned","no_ratings_not_owned","no_ratings_prev_owned","no_ratings_comment","no_ratings_no_comment","cum_no_ratings","cum_no_ratings_owned","cum_no_ratings_not_owned","cum_no_ratings_prev_owned","cum_no_ratings_comment","cum_no_ratings_no_comment","cum_avg_rating","cum_avg_rating_owned","cum_avg_rating_not_owned","cum_avg_rating_prev_owned","cum_avg_rating_comment","cum_avg_rating_no_comment","month_after_release"
"1",2005,3,7.5,4,8.5,6.5,NA,5,8.33333333333333,2,2,0,1,3,4,2,2,0,1,3,7.5,8.5,6.5,NA,5,8.33333333333333,0
"2",2005,4,8.04918032786885,61,8.39772727272727,7.14705882352941,8.5,7.95161290322581,8.15,44,17,2,31,30,65,46,19,2,32,33,8.01538461538462,8.40217391304348,7.07894736842105,8.5,7.859375,8.16666666666667,1
"3",2005,5,7.7051724137931,58,7.99777777777778,6.69230769230769,8,7.51290322580645,7.92592592592593,45,13,1,31,27,123,91,32,3,63,60,7.86910569105691,8.2021978021978,6.921875,8.33333333333333,7.68888888888889,8.05833333333333,2
"4",2005,6,7.76612903225806,62,8.05681818181818,7.05555555555556,7,7.57692307692308,7.90277777777778,44,18,2,26,36,185,135,50,5,89,96,7.83459459459459,8.15481481481481,6.97,7.8,7.6561797752809,8,3
"5",2005,7,7.97962962962963,54,8.3,7.435,8.25,8.13214285714286,7.81538461538462,34,20,2,28,26,239,169,70,7,117,122,7.8673640167364,8.18402366863905,7.10285714285714,7.92857142857143,7.77008547008547,7.96065573770492,4
"6",2005,8,7.93424657534247,73,8.075,7.28461538461538,9,7.86206896551724,7.98181818181818,60,13,1,29,44,312,229,83,8,146,166,7.88301282051282,8.15545851528384,7.13132530120482,8.0625,7.78835616438356,7.96626506024096,5
"7",2005,9,7.90729166666667,48,8.10714285714286,7.6275,9,7.48947368421053,8.18103448275862,28,20,2,19,29,360,257,103,10,165,195,7.88625,8.15019455252918,7.22766990291262,8.25,7.75393939393939,7.99820512820513,6
"8",2005,10,7.77358490566038,53,8.0609756097561,6.79166666666667,7,8.075,7.59090909090909,41,12,1,20,33,413,298,115,11,185,228,7.87179176755448,8.13791946308725,7.18217391304348,8.13636363636364,7.78864864864865,7.93925438596491,7
"9",2005,11,7.83518518518519,54,8.08157894736842,7.25,6.75,7.86923076923077,7.80357142857143,38,16,2,26,28,467,336,131,13,211,256,7.86755888650964,8.13154761904762,7.19045801526718,7.92307692307692,7.79857819905213,7.9244140625,8
"10",2005,12,7.63231707317073,82,7.8991935483871,6.805,7.5,7.43939393939394,7.76224489795918,62,20,2,33,49,549,398,151,15,244,305,7.83242258652095,8.09535175879397,7.13940397350993,7.86666666666667,7.75,7.89836065573771,9
"11",2006,1,7.94476744186047,86,8.10245901639344,7.56,7.5,7.96805555555556,7.928,61,25,4,36,50,635,459,176,19,280,355,7.84763779527559,8.0962962962963,7.19914772727273,7.78947368421053,7.77803571428571,7.90253521126761,10
"12",2006,2,7.93490566037736,53,8.01410256410256,7.71428571428571,8,8.13333333333333,7.8046875,39,14,4,21,32,688,498,190,23,301,387,7.85436046511628,8.08985943775101,7.23710526315789,7.82608695652174,7.80282392026578,7.89444444444444,11
"13",2006,3,7.57041379310345,58,7.96546341463415,6.61764705882353,8,7.04516666666667,7.94117647058824,41,17,2,24,34,746,539,207,25,325,421,7.83228418230563,8.08039703153989,7.18623188405797,7.84,7.74687384615385,7.89821852731591,12
"14",2006,4,8.05,62,8.11960784313725,7.72727272727273,8,7.93333333333333,8.10975609756098,51,11,1,21,41,808,590,218,26,346,462,7.8489900990099,8.08378644067797,7.21353211009174,7.84615384615385,7.75819075144509,7.91699134199134,13
"15",2006,5,7.9015873015873,63,8.1625,7.06666666666667,6.875,7.91176470588235,7.89782608695652,48,15,4,17,46,871,638,233,30,363,508,7.852794489093,8.08970846394985,7.20407725321888,7.71666666666667,7.76538292011019,7.91525590551181,14
"16",2006,6,7.74267857142857,56,8.02595238095238,6.89285714285714,8,7.37068965517241,8.14222222222222,42,14,1,29,27,927,680,247,31,392,535,7.84614239482201,8.0857705882353,7.18643724696356,7.7258064516129,7.73618367346939,7.92671028037383,15
"17",2006,7,7.06666666666667,72,7.39772727272727,6.54642857142857,6.875,6.828125,7.2575,44,28,4,32,40,999,724,275,35,424,575,7.78996396396396,8.04395580110497,7.12127272727273,7.62857142857143,7.66765094339623,7.88015652173913,16
"18",2006,8,7.45316455696203,79,7.78653846153846,6.81111111111111,7,7.10967741935484,7.675,52,27,3,31,48,1078,776,302,38,455,623,7.76528200371057,8.02670618556701,7.09354304635762,7.57894736842105,7.62963516483516,7.86434991974318,17
"19",2006,9,7.44107142857143,56,7.62682926829268,6.93333333333333,8,7.15384615384615,7.69,41,15,1,26,30,1134,817,317,39,481,653,7.74927160493827,8.00663892288862,7.08596214511041,7.58974358974359,7.60391683991684,7.85633996937213,18
"20",2006,10,7.57514285714286,70,7.90434782608696,6.94416666666667,7.25,7.39777777777778,7.63653846153846,46,24,2,18,52,1204,863,341,41,499,705,7.73914784053156,8.0011865585168,7.07598240469208,7.57317073170732,7.59648096192385,7.84012765957447,19
"21",2006,11,7.57333333333333,60,7.82553191489362,6.66153846153846,NA,7.47894736842105,7.61707317073171,47,13,0,19,41,1264,910,354,41,518,746,7.73127689873418,7.99211428571429,7.06076271186441,7.57317073170732,7.59216988416988,7.82786863270777,20
"22",2006,12,7.5162962962963,135,7.72166666666667,7.10555555555556,NA,7.54878048780488,7.50212765957447,90,45,0,41,94,1399,1000,399,41,559,840,7.7105318084346,7.967774,7.06581453634085,7.57317073170732,7.58898747763864,7.79141666666667,21
"23",2007,1,7.59180327868852,122,7.86024096385542,7.02051282051282,7.8,7.70833333333333,7.51621621621622,83,39,1,48,74,1521,1083,438,42,607,914,7.70100854700855,7.95953277931671,7.06178082191781,7.57857142857143,7.59842504118616,7.76913566739606,22
"24",2007,2,7.43371048192771,83,7.88928571428571,6.4888137037037,6,7.18620689655172,7.56662907407407,56,27,2,29,54,1604,1139,465,44,636,968,7.68717703865337,7.9560790166813,7.02851176344086,7.50681818181818,7.57962893081761,7.75783881198347,23
"25",2007,3,7.32298850574713,87,7.67884615384615,6.79428571428571,7.825,6.9551724137931,7.50689655172414,52,35,4,29,58,1691,1191,500,48,665,1026,7.66843995860438,7.94397481108312,7.01211594,7.53333333333333,7.5523969924812,7.74365299220273,24
"26",2007,4,7.89375,64,8.1825,7.4125,7.5,7.80526315789474,7.93111111111111,40,24,2,19,45,1755,1231,524,50,684,1071,7.6766563931624,7.95172542648253,7.03045414122137,7.532,7.55942105263158,7.7515293837535,25
"27",2007,5,7.35202702702703,74,7.565,6.90833333333333,7.05,7.472,7.29081632653061,50,24,2,25,49,1829,1281,548,52,709,1120,7.66352212684527,7.93663075722092,7.02510578467153,7.51346153846154,7.55633850493653,7.7313731875,26
"28",2007,6,7.5865671641791,67,7.6921568627451,7.25,7.5,7.47058823529412,7.626,51,16,1,17,50,1896,1332,564,53,726,1170,7.66080272679325,7.92727027027027,7.03148576241135,7.51320754716981,7.5543305785124,7.72687005982906,27
"29",2007,7,7.45,86,7.68965517241379,6.95357142857143,7.25,7.51851851851852,7.41864406779661,58,28,2,27,59,1982,1390,592,55,753,1229,7.65165588799193,7.91735539568345,7.027800625,7.50363636363636,7.55304648074369,7.71207320585842,28
"30",2007,8,7.64878048780488,82,7.86825396825397,6.92105263157895,7.16666666666667,7.8625,7.56034482758621,63,19,3,24,58,2064,1453,611,58,777,1287,7.65154165213178,7.91522642807983,7.02448112929624,7.48620689655172,7.56260489060489,7.70523540792541,29
"31",2007,9,7.86785714285714,84,7.99833333333333,7.54166666666667,8,7.91666666666667,7.85454545454545,60,24,1,18,66,2148,1513,635,59,795,1353,7.66000091713222,7.91852214144085,7.0440282992126,7.49491525423729,7.5706213836478,7.7125188248337,30
"32",2007,10,7.47119565217391,92,7.82692307692308,6.61481481481481,7.92,7.10416666666667,7.60073529411765,65,27,5,24,68,2240,1578,662,64,819,1421,7.65224641517857,7.91474904942966,7.02652261329305,7.528125,7.55695238095238,7.70716957776214,31
"33",2007,11,7.42991160714286,112,7.83831298701299,6.53142857142857,7.375,7.30425744680851,7.52076923076923,77,35,4,47,65,2352,1655,697,68,866,1486,7.64165904336735,7.91119280966767,7.00166136298422,7.51911764705882,7.54323799076212,7.69901613055182,32
"34",2007,12,7.51550387596899,129,7.91494252873563,6.68809523809524,6.66666666666667,6.99791666666667,7.82222222222222,87,42,6,48,81,2481,1742,739,74,914,1567,7.63509958484482,7.91138008036739,6.98384028416779,7.45,7.51459967177243,7.70538479259732,33
"35",2008,1,7.51826923076923,156,7.86028037383178,6.77142857142857,6.42,7.467,7.54245283018868,107,49,5,50,106,2637,1849,788,79,964,1673,7.62818811907471,7.90842298539751,6.97063194162437,7.38481012658228,7.51213080912863,7.69506154811716,34
"36",2008,2,7.61635514018692,107,7.825,7.10483870967742,7.66666666666667,7.425,7.69090909090909,76,31,3,30,77,2744,1925,819,82,994,1750,7.62772670189504,7.9051294025974,6.97571180708181,7.39512195121951,7.50950110663984,7.69487884,35
"37",2008,3,7.78828828828829,111,8.0375,7.14516129032258,6,7.48571428571429,7.92763157894737,80,31,2,35,76,2855,2005,850,84,1029,1826,7.63396920140105,7.91041102244389,6.98189172941177,7.36190476190476,7.50869203109815,7.70456624863089,36
"38",2008,4,7.76814159292035,113,7.88313253012048,7.45,7.375,7.61176470588235,7.83544303797468,83,30,4,34,79,2968,2088,880,88,1063,1905,7.63907751684636,7.90932667624521,6.99784996590909,7.3625,7.51198880526811,7.70999368503937,37
"39",2008,5,7.76130952380952,84,7.96209677419355,7.19545454545455,7.875,7.706,7.78474576271186,62,22,4,25,59,3052,2150,902,92,1088,1964,7.64244170052425,7.91084841860465,7.00266958980044,7.38478260869565,7.51644678308823,7.71223929226069,38
"40",2008,6,7.69411764705882,102,7.92238805970149,7.25714285714286,7.625,7.82058823529412,7.63088235294118,67,35,4,34,68,3154,2217,937,96,1122,2032,7.64411289473684,7.91119715832206,7.01217499466382,7.39479166666667,7.52566319073084,7.70951671751969,39
"41",2008,7,7.67163636363636,110,7.92467532467532,7.08121212121212,6.79818181818182,7.47441176470588,7.75986842105263,77,33,11,34,76,3264,2294,970,107,1156,2108,7.64504046262255,7.91164956408021,7.01452368041237,7.33345794392523,7.52415579584775,7.7113320540797,40
"42",2008,8,7.39991150442478,113,7.76619718309859,6.78071428571429,5.90909090909091,6.9962962962963,7.52662790697674,71,42,11,27,86,3377,2365,1012,118,1183,2194,7.6368380426414,7.90728291754757,7.0048201284585,7.2006779661017,7.51210828402367,7.7040920556062,41
"43",2008,9,7.4301652892562,121,7.83648648648649,6.79042553191489,6.99583333333333,7.11511627906977,7.60384615384615,74,47,12,43,78,3498,2439,1059,130,1226,2272,7.62968898513436,7.90513493234933,6.99530497639282,7.18176923076923,7.49818442088091,7.70065051496479,42
"44",2008,10,7.66310679611651,103,7.88133333333333,7.07857142857143,7.07142857142857,7.42272727272727,7.72839506172839,75,28,7,22,81,3601,2514,1087,137,1248,2353,7.63064484032213,7.90442486077964,6.99744983440662,7.17613138686131,7.49685424679487,7.70160559711007,43
"45",2008,11,7.3947619047619,105,7.58405797101449,7.03194444444444,6.16666666666667,7.23870967741935,7.46013513513514,69,36,6,31,74,3706,2583,1123,143,1279,2427,7.62396170264436,7.89586686024003,6.99855562778272,7.13377622377622,7.49059741985926,7.69424308611454,44
"46",2008,12,7.69993197278912,147,7.89724770642202,7.13394736842105,6.90909090909091,7.63157894736842,7.72376146788991,109,38,11,38,109,3853,2692,1161,154,1317,2536,7.62686012717363,7.89592277117385,7.00298705426357,7.11772727272727,7.49466522399392,7.69551181782334,45
"47",2009,1,7.6846875,160,7.97122641509434,7.12222222222222,6.5875,7.34,7.84136363636364,106,54,16,50,110,4013,2798,1215,170,1367,2646,7.62916572888114,7.89877558970693,7.00828639506173,7.06782352941177,7.48900811997074,7.70157519652305,46
"48",2009,2,7.21177966101695,236,7.60117117117117,6.866,6.87692307692308,7.13804347826087,7.22963157894737,111,125,13,46,190,4249,2909,1340,183,1413,2836,7.6059830713109,7.8874197662427,6.99501341044776,7.05426229508197,7.47758251946214,7.66995697108604,47
"49",2009,3,7.49321608040201,199,7.85803571428571,7.0235632183908,6.55555555555556,7.29375,7.5314371257485,112,87,18,32,167,4448,3021,1427,201,1445,3003,7.6009379653777,7.88633038728898,6.99675400840925,7.00960199004975,7.47351148788927,7.66225373626374,48
"50",2009,4,7.44825,200,7.74205607476635,7.11021505376344,6.75,7.55,7.43029411764706,107,93,4,30,170,4648,3128,1520,205,1475,3173,7.59436791523236,7.88139517263427,7.00369603289474,7.00453658536586,7.47506718644068,7.64982602269146,49
"51",2009,5,7.46311475409836,183,7.75944444444444,7.17634408602151,6.95833333333333,7.43571428571429,7.46806451612903,90,93,12,28,155,4831,3218,1613,217,1503,3328,7.58939599875802,7.87798449347421,7.01365032238066,7.00198156682028,7.47433406520293,7.64136056790865,50
"52",2009,6,7.29831081081081,148,7.36428571428571,7.22676056338028,7.91666666666667,7.20227272727273,7.31507936507936,77,71,6,22,126,4979,3295,1684,223,1525,3454,7.58074353685479,7.86598,7.02263537410926,7.02659192825112,7.47040924590164,7.62945801100174,51
"53",2009,7,7.2928125,160,7.51988636363636,7.01527777777778,7.36666666666667,7.15147058823529,7.33095238095238,88,72,15,34,126,5139,3383,1756,238,1559,3580,7.57177895894143,7.85697726869642,7.02233369589977,7.04802521008403,7.46345355997434,7.61895194692737,52
"54",2009,8,7.39411764705882,170,7.66223404255319,7.0625,7.43846153846154,7.21428571428571,7.42957746478873,94,76,13,28,142,5309,3477,1832,251,1587,3722,7.56609004897344,7.85171242450388,7.02399998362445,7.06824701195219,7.45905740390674,7.61172702041913,53
"55",2009,9,7.52506172839506,162,7.7155,7.21790322580645,6.94705882352941,7.50483870967742,7.52984732824427,100,62,17,31,131,5471,3577,1894,268,1618,3853,7.56487517272893,7.84790441710931,7.03034739704329,7.06055970149254,7.45993454882571,7.60894315338697,54
"56",2009,10,7.47251461988304,171,7.67171717171717,7.19861111111111,7.5,7.32142857142857,7.52170542635659,99,72,10,42,129,5642,3676,1966,278,1660,3982,7.56207587203119,7.84315943960827,7.03650964903357,7.07636690647482,7.45643018072289,7.60611701908589,55
"57",2009,11,7.51102150537634,186,7.76952380952381,7.17592592592593,7.27105263157895,7.60851063829787,7.47805755395683,105,81,19,47,139,5828,3781,2047,297,1707,4121,7.56044647735072,7.84111454641629,7.0420263654128,7.08882154882155,7.46061751611013,7.60179761465664,56
"58",2009,12,7.52093023255814,258,7.859375,7.09342105263158,7.55263157894737,7.607,7.50024038461538,144,114,19,50,208,6086,3925,2161,316,1757,4329,7.55877128984555,7.84178448407643,7.04473760758908,7.11670886075949,7.46478321001707,7.59691798798799,57
"59",2010,1,7.45883392226148,283,7.675,7.15213675213675,6.98269230769231,7.0695652173913,7.53438818565401,166,117,26,46,237,6369,4091,2278,342,1803,4566,7.55433067514524,7.83501689073576,7.05025371817384,7.10652046783626,7.4547,7.5936723543583,58
"60",2010,2,7.49760638297872,188,7.75963302752294,7.13607594936709,7.625,7.47916666666667,7.50030487804878,109,79,6,24,164,6557,4200,2357,348,1827,4730,7.55270429617203,7.8330605,7.05313023759016,7.11545977011494,7.45502140120416,7.59043508879493,59
"61",2010,3,7.6215976331361,169,8.01134020618557,7.09652777777778,7.34090909090909,7.76,7.59172661870504,97,72,11,30,139,6726,4297,2429,359,1857,4869,7.55443533600952,7.83708496625553,7.05441662000823,7.12236768802229,7.45994835756597,7.59047195933457,60
"62",2010,4,7.4296,125,7.6025641025641,7.14255319148936,6.875,7.30416666666667,7.45940594059406,78,47,4,24,101,6851,4375,2476,363,1881,4970,7.55215765143775,7.83290379428571,7.05608964862682,7.11964187327824,7.45796071238703,7.58780844466801,61
"63",2010,5,7.5325,140,7.78035714285714,7.16071428571429,7,7.67045454545455,7.50677966101695,84,56,5,22,118,6991,4459,2532,368,1903,5088,7.55176399227578,7.83191390446288,7.05840362164297,7.11801630434783,7.46041728849185,7.58592923938679,62
"64",2010,6,7.61792452830189,106,7.80806451612903,7.35,7.75,7.5304347826087,7.6421686746988,62,44,4,23,83,7097,4521,2576,372,1926,5171,7.55275215865859,7.83158683919487,7.06338430512422,7.12481182795699,7.46125342679128,7.58683194159737,63
"65",2010,7,7.67125833333333,120,7.97534666666667,7.16444444444444,6.6,7.856,7.62264210526316,75,45,8,25,95,7217,4596,2621,380,1951,5266,7.55472260911736,7.83393278938207,7.06511940862266,7.11376315789474,7.46631168631471,7.58747796619826,64
"66",2010,8,7.51935483870968,124,7.75333333333333,7.16122448979592,7.08333333333333,8,7.43238095238095,75,49,6,19,105,7341,4671,2670,386,1970,5371,7.55412519683967,7.83263864268893,7.06688313483146,7.11329015544042,7.47145893401015,7.58444590765221,65
"67",2010,9,7.42603305785124,121,7.77066666666667,6.86413043478261,6.4375,7.725,7.38047619047619,75,46,8,16,105,7462,4746,2716,394,1986,5476,7.55204811980702,7.83165931310577,7.06344917893962,7.09956852791878,7.47350156092648,7.58053487399562,66
"68",2010,10,7.54029850746269,134,7.82444444444444,6.95909090909091,6.74,7.60416666666667,7.52636363636364,90,44,5,24,110,7596,4836,2760,399,2010,5586,7.55184084649816,7.83152504135649,7.06178549637681,7.0950626566416,7.47506174129353,7.5794681292517,67
"69",2010,11,7.41213017751479,169,7.68537735849057,6.95238095238095,7.02083333333333,7.43529411764706,7.4062962962963,106,63,12,34,135,7765,4942,2823,411,2044,5721,7.54880013779781,7.82839034803723,7.0593439496989,7.09289537712895,7.47440024461839,7.57538174619822,68
"70",2010,12,7.53593073593074,231,7.90714285714286,6.96483516483516,6.98571428571429,7.51315789473684,7.54041450777202,140,91,21,38,193,7996,5082,2914,432,2082,5914,7.54842834792396,7.8305598386462,7.05639257721345,7.08768518518519,7.47510763688761,7.57424061041596,69
"71",2011,1,7.64326996197719,263,7.85239520958084,7.27947916666667,6.91666666666667,7.50288461538462,7.6778672985782,167,96,12,52,211,8259,5249,3010,444,2134,6125,7.55144848892118,7.83125454372261,7.06350763122924,7.08306306306306,7.47578448922212,7.57781044408163,70
"72",2011,2,7.68583815028902,173,7.92383177570093,7.3,6.7,7.75625,7.66985815602837,107,66,10,32,141,8432,5356,3076,454,2166,6266,7.55420577205883,7.83310401418969,7.06858191482445,7.07462555066079,7.47992802400739,7.57988173795085,71
"73",2011,3,7.44835164835165,182,7.76875,7.0906976744186,6.5,7.45294117647059,7.44787878787879,96,86,12,17,165,8614,5452,3162,466,2183,6431,7.55196924425354,7.83197085473221,7.06918341872233,7.05982832618026,7.47971786532295,7.5764949416887,72
"74",2011,4,7.51242236024845,161,7.80285714285714,6.96785714285714,6.9,7.60166666666667,7.49198473282443,105,56,15,30,131,8775,5557,3218,481,2213,6562,7.55124365470086,7.83142074860536,7.06742012740833,7.05484407484408,7.4813710347944,7.57480782840597,73
"75",2011,5,7.68198757763975,161,7.989,7.17868852459016,7.19090909090909,7.50540540540541,7.73467741935484,100,61,11,37,124,8936,5657,3279,492,2250,6686,7.55359926924799,7.83420631076542,7.06949007929247,7.05788617886179,7.48176626666667,7.57777280436734,74
"76",2011,6,7.42572463768116,138,7.8120253164557,6.90847457627119,7.55,7.65,7.38771186440678,79,59,10,20,118,9074,5736,3338,502,2270,6804,7.55165451509808,7.83390081938633,7.06664408927502,7.06768924302789,7.48324850220264,7.57447662698413,75
"77",2011,7,7.56746987951807,166,7.98977272727273,7.09102564102564,7.6,7.30333333333333,7.62573529411765,88,78,9,30,136,9240,5824,3416,511,2300,6940,7.55193864393939,7.83625602678571,7.06720081088993,7.07706457925636,7.48090178260869,7.57548111959654,76
"78",2011,8,7.54840340909091,176,7.73249137931034,7.1925,7.246875,7.43845454545455,7.57377622377622,116,60,16,33,143,9416,5940,3476,527,2333,7083,7.55187256478335,7.83422964646465,7.06936362773303,7.08222011385199,7.48030137162452,7.57544669913878,77
"79",2011,9,7.56790540540541,148,7.63854166666667,7.4375,7.13636363636364,7.44444444444444,7.59545454545455,96,52,11,27,121,9564,6036,3528,538,2360,7204,7.55212066813049,7.83111731278993,7.07478967403628,7.08332713754647,7.4798911440678,7.57578275541366,78
"80",2011,10,7.54463087248322,149,7.86413043478261,7.02894736842105,6.5,7.42291666666667,7.568,92,57,6,24,125,9713,6128,3585,544,2384,7329,7.5520057726758,7.83161294060052,7.07406080055788,7.07689338235294,7.47931757550336,7.57565001637331,79
"81",2011,11,7.48048245614035,228,7.83138686131387,6.9521978021978,5.97916666666667,7.24722222222222,7.52421875,137,91,12,36,192,9941,6265,3676,556,2420,7521,7.55036536263957,7.83160799680766,7.07104406147987,7.05320143884892,7.47586491735537,7.57433705225369,80
"82",2011,12,7.52832512315271,203,7.77185185185185,7.04485294117647,7.6,7.62368421052632,7.50636363636364,135,68,11,38,165,10144,6400,3744,567,2458,7686,7.54992429712145,7.830347515625,7.07056836805556,7.06380952380952,7.47815016273393,7.57287782591725,81
"83",2012,1,7.46910569105691,246,7.70692771084337,6.975625,6.06666666666667,7.47727272727273,7.46732673267327,166,80,15,44,202,10390,6566,3824,582,2502,7888,7.54801078633301,7.82722724642096,7.06858210512552,7.03810996563574,7.47813473221423,7.57017481871197,82
"84",2012,2,7.4812077294686,207,7.7906976744186,6.96935897435897,6.75714285714286,7.56666666666667,7.465,129,78,14,33,174,10597,6695,3902,596,2535,8062,7.54670586675474,7.82652339058999,7.06659865966171,7.03151006711409,7.47928721893491,7.56790485859588,83
"85",2012,3,7.55758988764045,178,7.87046363636364,7.05147058823529,6.83333333333333,7.49358064516129,7.57108843537415,110,68,9,31,147,10775,6805,3970,605,2566,8209,7.54688566774942,7.82723366642175,7.06633953904282,7.02856198347108,7.47945989867498,7.56796186746254,84
"86",2012,4,7.5337125748503,167,7.7809649122807,7.00188679245283,7.20866666666667,7.26375,7.57902097902098,114,53,15,24,143,10942,6919,4023,620,2590,8352,7.54668461615792,7.82647132533603,7.06549042257022,7.03291935483871,7.47746104247104,7.56815121767242,85
"87",2012,5,7.5287037037037,162,7.86377551020408,7.015625,7.18181818181818,7.81363636363636,7.48392857142857,98,64,11,22,140,11104,7017,4087,631,2612,8492,7.5464222865634,7.8269923186547,7.06470955957915,7.03551505546751,7.48029253445636,7.56676271431936,86
"88",2012,6,7.5609756097561,164,7.73532110091743,7.21545454545455,7.08333333333333,7.61176470588235,7.55510204081633,109,55,15,17,147,11268,7126,4142,646,2629,8639,7.5466341027689,7.8255901066517,7.0667112433607,7.03662538699691,7.48114267782427,7.56656429795115,87
"89",2012,7,7.51381215469613,181,7.75578512396694,7.02583333333333,6.7,7.30357142857143,7.55228758169935,121,60,10,28,153,11449,7247,4202,656,2657,8792,7.54611521268233,7.82442460328412,7.06612755116611,7.03149390243903,7.47927139631163,7.56631585191083,88
"90",2012,8,7.6021978021978,182,7.95849056603774,7.10526315789474,7.19230769230769,7.54166666666667,7.61139240506329,106,76,13,24,158,11631,7353,4278,669,2681,8950,7.54699278393947,7.82635728274174,7.06682280738663,7.03461883408072,7.47982995151063,7.56711161675978,89
"91",2012,9,7.583,150,7.84322916666667,7.12037037037037,6.68181818181818,7.21,7.6576,96,54,11,25,125,11781,7449,4332,680,2706,9075,7.54745124098124,7.82657472143912,7.06749029778393,7.02891176470588,7.47733706577975,7.56835801322314,90
"92",2012,10,7.53945945945946,185,7.73938053097345,7.22569444444444,7.62,7.79117647058824,7.48278145695364,113,72,15,34,151,11966,7562,4404,695,2740,9226,7.54732768427211,7.82527176672838,7.07007674159855,7.0416690647482,7.48123142335767,7.56695739973987,91
"93",2012,11,7.46658536585366,205,7.81693548387097,6.93024691358025,7.5,7.40789473684211,7.47994011976048,124,81,16,38,167,12171,7686,4485,711,2778,9393,7.54596771588202,7.82513727556596,7.06755138684504,7.05198312236287,7.48022825773938,7.56541030235282,92
"94",2012,12,7.66874439461883,223,8.01922535211268,7.05432098765432,6.85,7.42515151515151,7.71105263157895,142,81,10,33,190,12394,7828,4566,721,2811,9583,7.54817678473455,7.82865803525805,7.06731668199737,7.04918169209432,7.47958167911775,7.56829792027549,93
"95",2013,1,7.57940677966102,354,7.82412244897959,7.02935779816514,7.175,7.70927272727273,7.55551839464883,245,109,16,55,299,12748,8073,4675,737,2866,9882,7.5490440123941,7.82852038895082,7.0664316513369,7.0519131614654,7.48398956734124,7.56791124974702,94
"96",2013,2,7.66519417475728,206,7.83471830985915,7.2890625,6.88888888888889,7.67241379310345,7.66401129943503,142,64,9,29,177,12954,8215,4739,746,2895,10059,7.55089108151922,7.8286275228241,7.0694382717873,7.04994638069705,7.48587706390328,7.56960224376181,95
"97",2013,3,7.56392857142857,224,7.74946666666667,7.18783783783784,7.425,7.59117647058823,7.55905263157895,150,74,10,34,190,13178,8365,4813,756,2929,10249,7.55111269312491,7.82720802151823,7.07125866819032,7.05490740740741,7.48709938545579,7.56940667089472,96
"98",2013,4,7.67707317073171,164,7.79525423728814,7.37391304347826,7.33333333333333,7.53235294117647,7.69380952380952,118,46,9,17,147,13342,8483,4859,765,2946,10396,7.55266100059961,7.82676353884239,7.0741238876312,7.05818300653595,7.4873605227427,7.57116573393613,97
"99",2013,5,7.44377450980392,204,7.69454545454545,6.98402777777778,7.18888888888889,7.35371428571429,7.46242603550296,132,72,18,35,169,13546,8615,4931,783,2981,10565,7.55102119223387,7.82473767846779,7.07280834921922,7.0611877394636,7.48579137873197,7.56942631045906,98
"100",2013,6,7.60643617021277,188,7.82251908396947,7.10982456140351,7.34545454545455,7.34791666666667,7.64426829268293,131,57,11,24,164,13734,8746,4988,794,3005,10729,7.5517797487986,7.82470444774754,7.07323134923817,7.06512594458438,7.48469021630616,7.57057032062634,99
"101",2013,7,7.60654008438819,237,7.89612676056338,7.17368421052632,7.56666666666667,7.33620689655172,7.64423076923077,142,95,15,29,208,13971,8888,5083,809,3034,10937,7.5527086872808,7.82584553330333,7.07510878811725,7.07442521631644,7.48327096242584,7.57197119594039,100
"102",2013,8,7.69334763948498,233,7.85601265822785,7.35066666666667,7.22,7.63461538461539,7.70072463768116,158,75,10,26,207,14204,9046,5158,819,3060,11144,7.55501570473106,7.82637244085784,7.07911554284606,7.07620268620269,7.48455689542484,7.57436279343145,101
"103",2013,9,7.70764192139738,229,7.91966666666667,7.30506329113924,7.435,8.19285714285714,7.65865384615385,150,79,10,21,208,14433,9196,5237,829,3081,11352,7.55743733596619,7.82789420400174,7.08252395837311,7.08053075995175,7.48938464784161,7.5759072383721,102
"104",2013,10,7.64583333333333,228,7.92979452054795,7.14024390243902,7.11875,7.6625,7.6435,146,82,16,28,200,14661,9342,5319,845,3109,11552,7.55881202305436,7.82948673731535,7.08341379394623,7.08125443786982,7.49094374396912,7.57707747316482,103
"105",2013,11,7.55913194444444,288,7.81527777777778,7.13222222222222,7.20588235294118,7.59625,7.55314516129032,180,108,17,40,248,14949,9522,5427,862,3149,11800,7.55881818650077,7.82921813694602,7.08438510595172,7.08371229698376,7.49228139091775,7.57657448898305,104
"106",2013,12,7.68775862068965,290,7.87611940298507,7.2623595505618,7.34615384615385,7.66578947368421,7.69107142857143,201,89,13,38,252,15239,9723,5516,875,3187,12052,7.5612719384474,7.83018770955466,7.08725670232052,7.08761142857143,7.49435020395356,7.57896855044806,105
"107",2014,1,7.72269503546099,423,7.93172413793103,7.26691729323308,7.36764705882353,7.73205128205128,7.72174479166667,290,133,17,39,384,15662,10013,5649,892,3226,12436,7.56563166070744,7.83312844302407,7.09148662949194,7.09294843049327,7.49722383756975,7.58337720890962,106
"108",2014,2,7.7536858974359,312,7.87004504504505,7.46666666666667,7.29642857142857,7.56666666666667,7.78768939393939,222,90,28,48,264,15974,10235,5739,920,3274,12700,7.56930468699136,7.83392917440156,7.09737026833943,7.09914130434783,7.49824193646915,7.58762432834646,107
"109",2014,3,7.67250279461279,297,7.99429588235294,7.12545454545455,6.85,7.77162162162162,7.65839742307692,187,110,10,37,260,16271,10422,5849,930,3311,12960,7.57118839653371,7.8368066042986,7.09789843904941,7.0964623655914,7.50129691935971,7.58904415895062,108
"110",2014,4,7.59540310077519,258,7.85308641975309,7.1605625,7.26666666666667,7.54838709677419,7.60182378854626,162,96,15,31,227,16529,10584,5945,945,3342,13187,7.57156636215137,7.83705578514739,7.09891033978133,7.09916402116402,7.50173372232196,7.58926414650792,109
"111",2014,5,7.67194570135747,221,7.89712230215827,7.29024390243902,7.25,7.80606060606061,7.64840425531915,139,82,16,33,188,16750,10723,6027,961,3375,13375,7.57289077014925,7.83783441480929,7.10151351750456,7.10167533818939,7.50470936296296,7.59009542429907,110
"112",2014,6,7.6985593220339,236,7.93930379746835,7.21089743589744,6.85714285714286,7.90857142857143,7.66199004975124,158,78,7,35,201,16986,10881,6105,968,3410,13576,7.57463678323325,7.83930782372944,7.10291105159705,7.09990702479339,7.50885457478006,7.59115986299352,111
"113",2014,7,7.55036496350365,274,7.88238993710692,7.09130434782609,6.96,7.52820512820513,7.55404255319149,159,115,25,39,235,17260,11040,6220,993,3449,13811,7.57425147161066,7.83992829981884,7.10269645819936,7.09638469284995,7.50907338358944,7.59052829628557,112
"114",2014,8,7.68503448275862,290,7.95170212765957,7.19352941176471,6.4,7.62176470588235,7.6934375,188,102,13,34,256,17550,11228,6322,1006,3483,14067,7.57608207407407,7.84179982454578,7.10416196931351,7.08738568588469,7.51017344243468,7.59240110186962,113
"115",2014,9,7.6707171314741,251,7.93757396449704,7.12073170731707,7.13684210526316,7.8219512195122,7.64119047619048,169,82,19,41,210,17801,11397,6404,1025,3524,14277,7.57741645974945,7.84322000789681,7.1043741364772,7.08830243902439,7.51380082292849,7.59311874343349,114
"116",2014,10,7.53285714285714,280,7.79606741573034,7.07352941176471,7.07692307692308,7.65348837209302,7.51097046413502,178,102,13,43,237,18081,11575,6506,1038,3567,14514,7.5767264199989,7.84249489676026,7.10389055794651,7.08815992292871,7.51548474908887,7.59177733912085,115
"117",2014,11,7.64451104100946,317,7.88742424242424,7.24033613445378,7.29166666666667,7.69769230769231,7.63705035971223,198,119,12,39,278,18398,11773,6625,1050,3606,14792,7.5778943580824,7.84325052492992,7.10634142943396,7.09048571428572,7.51745537992235,7.59262819767442,116
"118",2014,12,7.6745871559633,327,7.88703703703704,7.26117117117117,7.21875,7.84651162790698,7.64855633802817,216,111,16,43,284,18725,11989,6736,1066,3649,15076,7.57958293190921,7.84403940528818,7.10889281027316,7.09241088180113,7.52133299534119,7.59368176572035,117
"119",2015,1,7.71164658634538,498,7.97743362831858,7.14496855345912,6.70416666666667,7.515,7.73858447488584,339,159,24,60,438,19223,12328,6895,1090,3709,15514,7.58300423451074,7.84770753001298,7.10972472371283,7.0838623853211,7.52123054731734,7.59777274075029,118
"120",2015,2,7.55712600536193,373,7.85450406504065,6.98110236220472,6.87352941176471,7.625,7.54851359516616,246,127,17,42,331,19596,12574,7022,1107,3751,15845,7.58251165543989,7.847840498648,7.10739845770436,7.08063233965673,7.52239245534524,7.59674372357211,119
"121",2015,3,7.61216524216524,351,7.8755,7.04279279279279,6.9175,7.504,7.63013289036545,240,111,20,50,301,19947,12814,7133,1127,3801,16146,7.58303345866546,7.84835854768222,7.10639309827562,7.07773735581189,7.52215051302289,7.59736617738139,120
"122",2015,4,7.49821782178218,303,7.74723404255319,7.09113043478261,7.27272727272727,7.30526315789474,7.52588679245283,188,115,22,38,265,20250,13002,7248,1149,3839,16411,7.5817643654321,7.84689635671435,7.10615093405077,7.08147084421236,7.52000367283147,7.5962119493023,121
"123",2015,5,7.568,275,7.83238993710692,7.20560344827586,7.2625,7.44090909090909,7.5853305785124,159,116,20,33,242,20525,13161,7364,1169,3872,16653,7.58157994640682,7.84672110249981,7.10771754073873,7.08456800684346,7.51932957128099,7.59605382213415,122
"124",2015,6,7.49409090909091,264,7.77514450867052,6.95978021978022,7.26388888888889,7.125,7.531,173,91,18,24,240,20789,13334,7455,1187,3896,16893,7.58046892106402,7.84579244262787,7.10591173306506,7.08728727885426,7.51690043634497,7.59512959805837,123
"125",2015,7,7.63310996563574,291,7.84799516908213,7.10357142857143,7.26190476190476,7.60454545454545,7.63676356589147,207,84,21,33,258,21080,13541,7539,1208,3929,17151,7.58119560721063,7.84582611550107,7.10588565724897,7.09032284768212,7.51763657419191,7.59575589178474,124
"126",2015,8,7.6001404494382,356,7.75592885375494,7.21747572815534,7.20416666666667,7.79204545454545,7.57307692307692,253,103,24,44,312,21436,13794,7642,1232,3973,17463,7.58151023511849,7.84417728215166,7.10738968463753,7.09254058441558,7.5206755852001,7.59535070148314,125
"127",2015,9,7.59527054794521,292,7.76183163265306,7.25520833333333,7.23846153846154,7.32758620689655,7.62478707224335,196,96,13,29,263,21728,13990,7738,1245,4002,17726,7.58169515832106,7.84302361901358,7.10922356810545,7.09406425702811,7.5192763868066,7.59578744781677,126
"128",2015,10,7.55900602409639,332,7.87047619047619,7.02286885245902,7.02565217391304,7.47111111111111,7.57278745644599,210,122,23,45,287,22060,14200,7860,1268,4047,18013,7.58135368993654,7.84342960774648,7.10788320229007,7.09282334384858,7.51874082036076,7.59542099039583,127
"129",2015,11,7.6356206088993,427,7.90176056338028,7.10706293706294,7.01631578947368,7.39811320754717,7.66927807486631,284,143,19,53,374,22487,14484,8003,1287,4100,18387,7.58238415084271,7.84457335197459,7.10786854554542,7.09169386169386,7.51718148780488,7.5969232773155,128
"130",2015,12,7.53606237816764,513,7.74429824561404,7.11959064327485,6.71666666666667,7.45746268656716,7.54786995515695,342,171,33,67,446,23000,14826,8174,1320,4167,18833,7.58135097391304,7.84226024753811,7.10811377171519,7.08231818181818,7.5162212862971,7.59576160463017,129
"131",2016,1,7.63684627575277,631,7.82769784172662,7.26495327102804,6.97666666666667,7.328,7.66342512908778,417,214,30,50,581,23631,15243,8388,1350,4217,19414,7.58283282129406,7.84186186643049,7.1121151609442,7.07997037037037,7.51398958975575,7.59778656124446,130
"132",2016,2,7.60631043256997,393,7.7379704797048,7.31385245901639,7.30428571428571,7.52424242424242,7.61383333333333,271,122,21,33,360,24024,15514,8510,1371,4250,19774,7.58321688311688,7.84004708199046,7.11500728202115,7.08340627279358,7.5140692,7.59807870435926,131
"133",2016,3,7.54225063938619,391,7.85934362934363,6.92007575757576,6.755,7.3695652173913,7.56527536231884,259,132,30,46,345,24415,15773,8642,1401,4296,20119,7.58256081916854,7.84036394027769,7.112029850729,7.07637401855817,7.51252190409683,7.5975161936478,132
"134",2016,4,7.63145089285714,448,7.81798701298701,7.22107142857143,7.59523809523809,7.77058823529412,7.61357682619647,308,140,21,51,397,24863,16081,8782,1422,4347,20516,7.58344175682741,7.83993535414464,7.11376815873377,7.08403656821378,7.51554959742351,7.59782697894326,133
"135",2016,5,7.78,414,8.01465573770492,7.12339449541284,7.1047619047619,8.03675,7.75254010695187,305,109,21,40,374,25277,16386,8891,1443,4387,20890,7.5866610911105,7.84318750335653,7.11388617365875,7.08433818433818,7.52030182356964,7.60059685495453,134
"136",2016,6,7.65764705882353,340,7.86201716738197,7.21261682242991,7.245,7.74444444444444,7.64440677966102,233,107,20,45,295,25617,16619,8998,1463,4432,21185,7.58760324784323,7.84345149708166,7.11506023227384,7.08653451811346,7.5225776398917,7.6012069058296,135
"137",2016,7,7.5855198019802,404,7.76377358490566,7.24568345323741,7,7.41020408163265,7.60971830985916,265,139,23,49,355,26021,16884,9137,1486,4481,21540,7.58757090042658,7.8422009257285,7.11704738645069,7.08519515477793,7.52134882838652,7.601347181987,136
"138",2016,8,7.51993839835729,487,7.73341040462428,6.99609929078014,6.68571428571429,7.75508474576271,7.48752336448598,346,141,35,59,428,26508,17230,9278,1521,4540,21968,7.58632836879433,7.84001627568195,7.11520930911834,7.07600262984878,7.52438636563877,7.59912956573198,137
"139",2016,9,7.58441441441441,444,7.81468646864686,7.08957446808511,7.07769230769231,7.38235294117647,7.61063613231552,303,141,26,51,393,26952,17533,9419,1547,4591,22361,7.58629683882458,7.83957853362232,7.11482556216159,7.07603102779573,7.52280856022653,7.59933179643129,138
"140",2016,10,7.5299358974359,468,7.75157232704403,7.06006666666667,7.04285714285714,7.621875,7.51942857142857,318,150,28,48,420,27420,17851,9569,1575,4639,22781,7.58533487964989,7.83801077978825,7.11396718256871,7.07544126984127,7.52383360638068,7.59785866731048,139
"141",2016,11,7.59650909090909,550,7.86762430939226,7.07446808510638,7,7.51428571428571,7.60714579055441,362,188,31,63,487,27970,18213,9757,1606,4702,23268,7.58555460850912,7.83859937572064,7.11320610536025,7.07398505603985,7.52370567843471,7.59805304710332,140
"142",2016,12,7.52473197781885,541,7.72606299212598,7.0453125,7.16,7.2246875,7.56498951781971,381,160,25,64,477,28511,18594,9917,1631,4766,23745,7.58440049103855,7.83629345111327,7.11211071594232,7.07530349478847,7.51969032731851,7.59738885238998,141
"143",2017,1,7.62116712707182,724,7.82036779324056,7.16778280542986,7.05875,7.43987951807229,7.64464118564743,503,221,40,83,641,29235,19097,10138,1671,4849,24386,7.58531101077476,7.83587398177724,7.11332432136516,7.07490724117295,7.51832421117756,7.59863090707783,142
"144",2017,2,7.56076923076923,559,7.83855329949239,6.89745454545455,6.94827586206897,7.48148148148148,7.56924752475248,394,165,29,54,505,29794,19491,10303,1700,4903,24891,7.58485055380278,7.83592814273255,7.10986722022712,7.07274705882353,7.51791843769121,7.59803476356916,143
"145",2017,3,7.69361904761905,525,7.84400510204082,7.25037593984962,7.11764705882353,7.57906976744186,7.70383817427386,392,133,17,43,482,30319,19883,10436,1717,4946,25373,7.58673397539497,7.83608738268873,7.11165791203526,7.07319161327897,7.51845008087343,7.60004466558941,144
"146",2017,4,7.59612244897959,490,7.7672514619883,7.20067567567568,6.75263157894737,7.45813953488372,7.60939597315436,342,148,19,43,447,30809,20225,10584,1736,4989,25820,7.58688329384271,7.83492338343634,7.11290268046107,7.0696831797235,7.51793026658649,7.60020655693261,145
"147",2017,5,7.55133200795229,503,7.79538690476191,7.0602994011976,7.14242424242424,7.42682926829268,7.56238095238095,336,167,33,41,462,31312,20561,10751,1769,5030,26282,7.58631219340828,7.83427729341958,7.11208557064459,7.07104013566987,7.51718769383698,7.59954163686173,146
"148",2017,6,7.44810126582278,395,7.734046692607,6.91557971014493,6.78571428571429,7.435,7.44957746478873,257,138,21,40,355,31707,20818,10889,1790,5070,26637,7.58459038698079,7.8330399380344,7.10959518504913,7.06769273743017,7.51653927021696,7.59754301535458,147
"149",2017,7,7.48268498942918,473,7.74697749196141,6.97530864197531,7.16,7.24907407407407,7.5127923627685,311,162,30,54,419,32180,21129,11051,1820,5124,27056,7.5830925233064,7.83177317573004,7.10762663740838,7.06921428571429,7.51372055035129,7.59623053296866,148
"150",2017,8,7.60172199170125,482,7.81028213166144,7.19355828220859,7.04821428571429,7.49634146341463,7.61151927437642,319,163,28,41,441,32662,21448,11214,1848,5165,27497,7.58336744228767,7.83145353552779,7.10887568842518,7.0688961038961,7.51358259438528,7.59647573553479,149
"151",2017,9,7.54988344988345,429,7.76643598615917,7.10285714285714,6.89565217391304,7.53018867924528,7.55265957446808,289,140,23,53,376,33091,21737,11354,1871,5218,27873,7.58293334743586,7.83058910751254,7.10880147701251,7.06676643506146,7.51375126485243,7.59588466616439,150
"152",2017,10,7.41641535433071,508,7.66008656716418,6.94456647398844,6.62333333333333,7.4906976744186,7.40954623655914,335,173,30,43,465,33599,22072,11527,1901,5261,28338,7.58041567903807,7.82800128805727,7.1063365984211,7.05976854287217,7.5135628397643,7.59282702731315,151
"153",2017,11,7.49789464882943,598,7.73717761557178,6.97198395721925,7.01808333333333,7.3515625,7.51543258426966,411,187,36,64,534,34197,22483,11714,1937,5325,28872,7.57897264087493,7.82634098785749,7.10419181919071,7.05899380485287,7.51161579342723,7.59139558395678,152
"154",2017,12,7.48440650406504,615,7.76350348027842,6.83065217391304,6.86578947368421,7.35294117647059,7.50074954296161,431,184,38,68,547,34812,22914,11898,1975,5393,29419,7.57730200505573,7.82515904818015,7.09996158766179,7.0552764556962,7.50961507509735,7.58971016349978,153
"155",2018,1,7.50208713133641,868,7.73494556280587,6.9423137254902,6.7354347826087,7.60788461538462,7.49352320049813,613,255,46,65,803,35680,23527,12153,2021,5458,30222,7.57547222617713,7.82280852042335,7.09665374557722,7.04799653636813,7.5107853792598,7.58715447124611,154
"156",2018,2,7.50347992351816,523,7.70283333333333,7.06319018404908,6.95666666666667,7.44468085106383,7.50928571428571,360,163,30,47,476,36203,23887,12316,2051,5505,30698,7.5744322025799,7.82100037928581,7.096210861481,7.04666065333983,7.51022099909173,7.58594704638739,155
"157",2018,3,7.55510504201681,476,7.69380952380952,7.22221428571429,7.32608695652174,7.22678571428571,7.575625,336,140,23,28,448,36679,24223,12456,2074,5533,31146,7.57418138526132,7.81923610040045,7.09762708493898,7.0497594021215,7.5087866618471,7.585798575419,156
"158",2018,4,7.53120168986084,503,7.8481346969697,6.92664739884393,6.7,7.70106382978723,7.51369396929825,330,173,30,47,456,37182,24553,12629,2104,5580,31602,7.57359995374106,7.81962450657761,7.09528489745823,7.04477233840304,7.51040620071684,7.58475814442124,157
"159",2018,5,7.34355894168467,463,7.66621358156028,6.84085944751381,6.9115625,6.89790133333333,7.3915364354067,282,181,32,45,418,37645,24835,12810,2136,5625,32020,7.57077065400451,7.81788253432656,7.09168997111631,7.04277668539326,7.50550616177777,7.58223576233604,158
"160",2018,6,7.46827986631016,374,7.60623738636364,7.13718181818182,7.11904761904762,7.4125,7.47496008982036,264,110,21,40,334,38019,25099,12920,2157,5665,32354,7.56976243299403,7.8156563771465,7.09207728560371,7.04351923968475,7.50484945454545,7.58112832354578,159
"161",2018,7,7.46794360696517,402,7.72024835294118,7.03027210884354,7.02058823529412,7.4175,7.47351748618785,255,147,34,40,362,38421,25354,13067,2191,5705,32716,7.56869709976315,7.81469680287135,7.09138199510216,7.04316339570972,7.50423701314636,7.57993761798509,160
"162",2018,8,7.4023667264574,446,7.6267059807074,6.88555555555556,6.75555555555556,7.57113636363636,7.3838944278607,311,135,27,44,402,38867,25665,13202,2218,5749,33118,7.56678845370108,7.81241879212936,7.08927727086805,7.03966230838593,7.50474902765698,7.577557964551,161
"163",2018,9,7.38937147453083,373,7.68080477366255,6.84461538461538,6.73684210526316,7.62894736842105,7.36219570149254,243,130,19,38,335,39240,25908,13332,2237,5787,33453,7.56510199770642,7.81118433920025,7.08689157890789,7.03709029950827,7.50556456886124,7.57540131617493,162
"164",2018,10,7.51280922431866,477,7.71654205607477,7.09358974358974,7.31904761904762,7.61354166666667,7.50153846153846,321,156,21,48,429,39717,26229,13488,2258,5835,33882,7.5644739630385,7.81002607266766,7.0869690487841,7.03971257750222,7.50645281233933,7.57446609497669,163
"165",2018,11,7.32278853754941,506,7.56919881305638,6.83142603550296,6.51428571428571,7.53478260869565,7.30158913043478,337,169,28,46,460,40223,26566,13657,2286,5881,34342,7.56143359247197,7.80697108559814,7.08380680456908,7.03327690288714,7.50667440231253,7.57081099615631,164
"166",2018,12,7.46752315972222,576,7.6775538501292,7.03746031746032,7.055,7.12291666666667,7.49885102272727,387,189,40,48,528,40799,26953,13846,2326,5929,34870,7.56010776563151,7.80511287055245,7.08317416799075,7.03365047291488,7.50356757631978,7.56972138141669,165
"167",2019,1,7.48440222955145,758,7.68026255198488,7.03195633187773,6.72162790697674,7.18736231884058,7.51414933236575,529,229,43,69,689,41557,27482,14075,2369,5998,35559,7.55872689607046,7.8027096313951,7.08234085470693,7.02798691430984,7.49993000333444,7.56864460361653,166
"168",2019,2,7.45656637168142,565,7.6298955613577,7.09181318681319,6.76923076923077,7.3921568627451,7.46295719844358,383,182,26,51,514,42122,27865,14257,2395,6049,36073,7.55735657423674,7.80033432944555,7.08246177526829,7.02517787056368,7.49902135228963,7.56713867601808,167
"169",2019,3,7.55668165703276,519,7.79977349862259,6.99102564102564,6.84782608695652,7.39347826086957,7.5725534460888,363,156,23,46,473,42641,28228,14413,2418,6095,36546,7.55734835956005,7.80032711740117,7.0814721105946,7.02349090157155,7.49822480065627,7.56720875718273,168
"170",2019,4,7.58160337552743,474,7.69642172523962,7.3583850931677,6.98148148148148,7.81243902439024,7.55974595842956,313,161,27,41,433,43115,28541,14574,2445,6136,36979,7.5576150156558,7.79918762026559,7.08453118773158,7.02302699386503,7.50032434159061,7.56712137267098,169
"171",2019,5,7.45893034825871,402,7.76734525,6.75109286885246,6.64696954545455,7.16896551724138,7.4814745308311,280,122,22,29,373,43517,28821,14696,2467,6165,37352,7.55670338947997,7.7988782672357,7.08176312329886,7.0196734211593,7.49876563828061,7.56626609659456,170
"172",2019,6,7.43131188118812,404,7.67343642611684,6.80778761061947,6.82086956521739,7.30243902439024,7.44586776859504,291,113,23,41,363,43921,29112,14809,2490,6206,37715,7.55554999658478,7.79762436589723,7.07967255452765,7.01783708032129,7.49746860457621,7.56510728463476,171
"173",2019,7,7.56726606911447,463,7.80209725075529,6.97840909090909,6.92941176470588,7.47117268292683,7.5766021563981,331,132,17,41,422,44384,29443,14941,2507,6247,38137,7.55567221498738,7.79767465034134,7.07877791714075,7.01723746709214,7.49729602048983,7.5652344796392,172
"174",2019,8,7.3974780539499,519,7.64797479651163,6.90507302857143,6.90722230769231,7.53964912280702,7.37993746753247,344,175,26,57,462,44903,29787,15116,2533,6304,38599,7.55384376767699,7.79594581730286,7.07676691188145,7.01610821555468,7.49767897208121,7.56301661856525,173
"175",2019,9,7.44854330708661,508,7.68913432835821,6.98265895953757,6.97083333333333,7.37482142857143,7.45767699115044,335,173,36,56,452,45411,30122,15289,2569,6360,39051,7.55266580123758,7.79475791979285,7.07570204983975,7.01547376800312,7.49659720754717,7.56179735371694,174
"176",2019,10,7.46201631469979,483,7.62025613832853,7.05827205882353,6.83478260869565,7.57837777777778,7.45006136986301,347,136,23,45,438,45894,30469,15425,2592,6405,39489,7.55171178323964,7.79277058452854,7.07554837212318,7.01387041280864,7.4971717782982,7.56055801210464,175
"177",2019,11,7.53780866425993,554,7.75853571428571,7.0037037037037,6.99473684210526,7.88068181818182,7.50822745098039,392,162,38,44,510,46448,30861,15587,2630,6449,39999,7.55154595633827,7.79233572923755,7.07480167062295,7.01359395817491,7.49978837649248,7.55989078076952,176
"178",2019,12,7.44105754276827,643,7.62803571428571,7.01148717948718,6.75,7.38413793103448,7.44670085470085,448,195,32,58,585,47091,31309,15782,2662,6507,40584,7.55003730181988,7.78998476284775,7.07401936636675,7.01042528549963,7.49875752881512,7.5582591991918,177
"179",2020,1,7.5014450726257,895,7.69625713841369,7.00436507936508,6.98125,7.55792682926829,7.49574826568266,643,252,40,82,813,47986,31952,16034,2702,6589,41397,7.5491309948735,7.78809859414122,7.072924637645,7.00999337897854,7.49949388981636,7.55703154044979,178
"180",2020,2,7.47934944723618,597,7.71291447761194,6.99784615384615,7.168,7.73041666666667,7.45739821493625,402,195,25,48,549,48583,32354,16229,2727,6637,41946,7.54827350184221,7.78716442789145,7.07202253003882,7.01144191785845,7.50116396564712,7.5557275139465,179
"181",2020,3,7.58440617173524,559,7.77527216624685,7.11666666666667,6.93225806451613,7.54545454545455,7.58865684523809,397,162,31,55,504,49142,32751,16391,2758,6692,42450,7.54868451813113,7.78702027266343,7.0724637691416,7.01055188905004,7.50152797967722,7.5561184770318,180
"182",2020,4,7.54790667808219,584,7.77754842615012,6.99327485380117,7.025,7.76122448979592,7.5283691588785,413,171,36,49,535,49726,33164,16562,2794,6741,42985,7.54867538289828,7.78690231727174,7.07164615626132,7.01073804939156,7.50341570093458,7.55577310340817,181
"183",2020,5,7.57069950729927,548,7.71880233668342,7.17773333333333,7.29310344827586,8.05,7.52885581349206,398,150,29,44,504,50274,33562,16712,2823,6785,43489,7.54891545172455,7.78609474345987,7.07259835088559,7.01363872121857,7.50696024170965,7.55546115523466,182
"184",2020,6,7.47554608510638,470,7.721533115727,6.85225563909774,6.68181818181818,7.53225806451613,7.4715413667426,337,133,22,31,439,50744,33899,16845,2845,6816,43928,7.54823589153397,7.7854529171952,7.07085863104779,7.01107279789104,7.50707529929577,7.55462249226006,183
"185",2020,7,7.57508350701403,499,7.79652214092141,6.94653846153846,6.67173913043478,7.60217693877551,7.57213333333333,369,130,23,49,450,51243,34268,16975,2868,6865,44378,7.54849733134281,7.78557211129917,7.06990654727541,7.0083515027894,7.50775410196649,7.5548000549822,184
"186",2020,8,7.45667963035019,514,7.67995343575419,6.94429487179487,6.93181818181818,7.34021739130435,7.46812677350427,358,156,33,46,468,51757,34626,17131,2901,6911,44846,7.5475854875669,7.78448011436493,7.06876268986049,7.00748090658394,7.50663896831138,7.55389555746332,185
"187",2020,9,7.40527450980392,510,7.61689750692521,6.89255033557047,6.90346153846154,7.54565217391304,7.39135775862069,361,149,26,46,464,52267,34987,17280,2927,6957,45310,7.54619687527503,7.78275097722011,7.0672432662037,7.0065569217629,7.50689692539888,7.55223107856985,186
"188",2020,10,7.52399538062284,578,7.71471718826406,7.06242603550296,7.08939393939394,7.648,7.51225251893939,409,169,33,50,528,52845,35396,17449,2960,7007,45838,7.54595404314504,7.78196484828795,7.06719660954783,7.00748044256757,7.50790379763094,7.55177057245081,187
"189",2020,11,7.5703484039548,708,7.75982051923077,7.04627659574468,6.72702702702703,7.56272727272727,7.57099030627871,520,188,37,55,653,53553,35916,17637,2997,7062,46491,7.54627654995985,7.78164423766567,7.0669736145603,7.00401805472139,7.50833077173605,7.55204052762901,188
"190",2020,12,7.56002274888559,673,7.8109341416309,6.9951690821256,6.97625,7.55392156862745,7.56052300643087,466,207,40,51,622,54226,36382,17844,3037,7113,47113,7.54644715431712,7.78201939832885,7.06614064335351,7.0036523246625,7.50865765640376,7.55215251586611,189
"191",2021,1,7.57551138560687,931,7.74965476878613,7.07129707112971,6.92156862745098,7.59032967032967,7.57390607142857,692,239,51,91,840,55157,37074,18083,3088,7204,47953,7.54693773211016,7.78141530048012,7.06620879500083,7.00229666774612,7.50968932676291,7.55253357621004,190
"192",2021,2,7.55125037604457,718,7.73777134615385,7.06139732323232,7.27333333333333,7.78508771929825,7.53108588502269,520,198,30,57,661,55875,37594,18281,3118,7261,48614,7.54699315006711,7.78081161754536,7.06615668234779,7.00490446119308,7.51185124776201,7.55224195396388,191
"193",2021,3,7.56397649328859,596,7.75853581775701,7.06831345238095,6.80151515151515,7.35,7.58061481012658,428,168,33,43,553,56471,38022,18449,3151,7304,49167,7.54717239379504,7.78056086686655,7.06617632229389,7.00277439225643,7.51089839950712,7.5525610742978,192
"194",2021,4,7.58896026041667,576,7.7349793255814,7.15890410958904,6.875,7.6436170212766,7.58410417769376,430,146,16,47,529,57047,38452,18595,3167,7351,49696,7.5475943232773,7.78005113882243,7.06690438128529,7.00212886327755,7.51174696095769,7.55289684179813,193
"195",2021,5,7.52740363265306,490,7.73812642228739,7.04514543624161,6.84090909090909,7.1609375,7.55300825327511,341,149,22,32,458,57537,38793,18744,3189,7383,50154,7.54742237412448,7.77968261026474,7.06673141485275,7.00101665412355,7.51022645401598,7.55289785919369,194
"196",2021,6,7.52259498924731,465,7.71730012461059,7.08856479166667,6.8245975862069,7.19736842105263,7.55153786885246,321,144,29,38,427,58002,39114,18888,3218,7421,50581,7.54722333385055,7.77917065091783,7.06689787007624,6.9994267992542,7.50862443201725,7.55288637828434,195
"197",2021,7,7.48549018099548,442,7.67545553333333,7.08415492957746,7.05172413793103,7.68421052631579,7.46679866336634,300,142,29,38,404,58444,39414,19030,3247,7459,50985,7.54675645866128,7.77838122240829,7.06702664056753,6.99989388358485,7.5095189583054,7.55220422791017,196
"198",2021,8,7.43627893058161,533,7.62916667525773,6.92013793103448,6.81935483870968,7.41785714285714,7.43785472505092,388,145,31,42,491,58977,39802,19175,3278,7501,51476,7.54575802668837,7.77692664112357,7.06591587848762,6.99818652837096,7.50900572057059,7.55111351367628,197
"199",2021,9,7.50372908510638,470,7.67956124600639,7.1531847133758,6.2741935483871,7.70607692307692,7.47855662679426,313,157,31,52,418,59447,40115,19332,3309,7553,51894,7.54542573737951,7.7761669410445,7.06662461049038,6.99140388032639,7.51036249304912,7.55052907657918,198
"200",2021,10,7.47554784697509,562,7.65458591511936,7.1106972972973,6.95275,7.51247916666667,7.4720990077821,377,185,36,48,514,60009,40492,19517,3345,7601,52408,7.54477131263644,7.77503496320261,7.06704237177845,6.99098787443947,7.51037585975529,7.5497598608991,199
"201",2021,11,7.46759936406995,629,7.7005069124424,6.94923076923077,6.575,7.5804347826087,7.45869639794168,434,195,32,46,583,60638,40926,19712,3377,7647,52991,7.54397080543553,7.77424463006402,7.06587692623783,6.98704602901984,7.5107972943638,7.548757992678,200
"202",2021,12,7.45908739808154,834,7.64737155258765,6.97916310638298,6.68333333333333,7.17625,7.48581219160105,599,235,48,72,762,61472,41525,19947,3425,7719,53753,7.54281917930114,7.77241448019266,7.06485533162882,6.98278961751825,7.507676759943,7.54786567596227,201
"203",2022,1,7.56020807820299,1202,7.65828974914481,7.29553846153846,7.16478260869565,7.45216409090909,7.56874297127469,877,325,46,88,1114,62674,42402,20272,3471,7807,54867,7.54315267415515,7.77005403990378,7.06855363555643,6.9852015096514,7.5070510247214,7.54828956112053,202
"204",2022,2,7.54617103498542,686,7.73834035864979,7.11650943396226,6.70909090909091,7.80295454545455,7.52857216510903,474,212,33,44,642,63360,42876,20484,3504,7851,55509,7.54318535400884,7.7697034408527,7.06904995606327,6.98260115296804,7.50870938097057,7.54806151579023,203
"205",2022,3,7.47124969090909,550,7.64337007874016,7.0832149704142,6.95862068965517,7.5451,7.46545750980392,381,169,29,40,510,63910,43257,20653,3533,7891,56019,7.54256628634016,7.76859071895879,7.06916586597589,6.9824043136145,7.50889384742111,7.54730948446063,204
"206",2022,4,7.51243661641541,597,7.67443138497653,7.10887070175439,6.88083333333333,7.6982,7.49909633752244,426,171,24,40,557,64507,43683,20824,3557,7931,56576,7.54228744198304,7.76767246983953,7.06949190933538,6.98171898791117,7.50984861303744,7.54683481812076,205
"207",2022,5,7.39481927710843,581,7.58994923857868,6.98368983957219,6.39230769230769,7.40516129032258,7.3935838150289,394,187,26,62,519,65088,44077,21011,3583,7993,57095,7.54097108560718,7.76608381922545,7.06872826233878,6.97744193134246,7.50903657575378,7.54544174918995,206
"208",2022,6,7.49084791666667,480,7.69357725947522,6.98328467153285,7.10352941176471,7.35837209302326,7.50388329519451,343,137,17,43,437,65568,44420,21148,3600,8036,57532,7.54060415172035,7.76552394191806,7.06817474560242,6.97803734444445,7.50823038203086,7.54512608061601,207
"209",2022,7,7.41483622350674,519,7.56806267806268,7.09470238095238,6.88421052631579,7.40288888888889,7.41597046413502,351,168,19,45,474,66087,44771,21316,3619,8081,58006,7.53961646042338,7.76397586607403,7.06838382060424,6.97754474716773,7.50764377552283,7.54407067665414,208
"210",2022,8,7.47152536752137,585,7.59554714646465,7.21167021164021,6.84833333333333,7.09617021276596,7.50431661710037,396,189,30,47,538,66672,45167,21505,3649,8128,58544,7.53901900887929,7.76249917351164,7.06964311508952,6.97648244450535,7.50526443774606,7.54370534999317,209
