"","year","month","avg_rating","no_ratings","avg_rating_owned","avg_rating_not_owned","avg_rating_prev_owned","avg_rating_comment","avg_rating_no_comment","no_ratings_owned","no_ratings_not_owned","no_ratings_prev_owned","no_ratings_comment","no_ratings_no_comment","cum_no_ratings","cum_no_ratings_owned","cum_no_ratings_not_owned","cum_no_ratings_prev_owned","cum_no_ratings_comment","cum_no_ratings_no_comment","cum_avg_rating","cum_avg_rating_owned","cum_avg_rating_not_owned","cum_avg_rating_prev_owned","cum_avg_rating_comment","cum_avg_rating_no_comment","month_after_release"
"1",2001,6,6.25,4,8,4.5,NA,NA,6.25,2,2,0,0,4,4,2,2,0,0,4,6.25,8,4.5,NA,NA,6.25,0
"2",2001,7,8.66666666666667,3,8.66666666666667,NA,NA,NA,8.66666666666667,3,0,0,0,3,7,5,2,0,0,7,7.28571428571429,8.4,4.5,NA,NA,7.28571428571429,1
"3",2001,8,8.5,2,10,7,NA,NA,8.5,1,1,0,0,2,9,6,3,0,0,9,7.55555555555556,8.66666666666667,5.33333333333333,NA,NA,7.55555555555556,2
"4",2001,9,7.75,4,7.75,NA,NA,8,7.66666666666667,4,0,0,1,3,13,10,3,0,1,12,7.61538461538461,8.3,5.33333333333333,NA,8,7.58333333333333,3
"5",2001,10,7.5,2,7.5,NA,NA,7.5,NA,2,0,0,2,0,15,12,3,0,3,12,7.6,8.16666666666667,5.33333333333333,NA,7.66666666666667,7.58333333333333,4
"6",2001,11,7,1,7,NA,NA,NA,7,1,0,0,0,1,16,13,3,0,3,13,7.5625,8.07692307692308,5.33333333333333,NA,7.66666666666667,7.53846153846154,5
"7",2002,1,7,3,6,7.5,NA,NA,7,1,2,0,0,3,19,14,5,0,3,16,7.47368421052632,7.92857142857143,6.2,NA,7.66666666666667,7.4375,7
"8",2002,2,6,1,6,NA,NA,NA,6,1,0,0,0,1,20,15,5,0,3,17,7.4,7.8,6.2,NA,7.66666666666667,7.35294117647059,8
"9",2002,3,6,4,7.33333333333333,2,NA,5.33333333333333,8,3,1,0,3,1,24,18,6,0,6,18,7.16666666666667,7.72222222222222,5.5,NA,6.5,7.38888888888889,9
"10",2002,5,7,4,7.33333333333333,6,NA,6,7.33333333333333,3,1,0,1,3,28,21,7,0,7,21,7.14285714285714,7.66666666666667,5.57142857142857,NA,6.42857142857143,7.38095238095238,11
"11",2002,7,7.44444444444444,9,8,6.75,NA,8,7.28571428571429,5,4,0,2,7,37,26,11,0,9,28,7.21621621621622,7.73076923076923,6,NA,6.77777777777778,7.35714285714286,13
"12",2002,8,6.9375,8,7.41666666666667,5.5,NA,5.66666666666667,7.7,6,2,0,3,5,45,32,13,0,12,33,7.16666666666667,7.671875,5.92307692307692,NA,6.5,7.40909090909091,14
"13",2002,10,7.2,5,8.5,6.33333333333333,6.5,8.5,6.33333333333333,2,3,2,2,3,50,34,16,2,14,36,7.17,7.72058823529412,6,6.5,6.78571428571429,7.31944444444444,16
"14",2002,11,10,1,10,NA,NA,10,NA,1,0,0,1,0,51,35,16,2,15,36,7.22549019607843,7.78571428571429,6,6.5,7,7.31944444444444,17
"15",2003,1,6.64285714285714,7,7.5,6.3,7.5,6.5,6.7,2,5,2,2,5,58,37,21,4,17,41,7.1551724137931,7.77027027027027,6.07142857142857,7,6.94117647058824,7.24390243902439,19
"16",2003,2,8.14285714285714,7,8.6,7,6,8.5,7.66666666666667,5,2,1,4,3,65,42,23,5,21,44,7.26153846153846,7.86904761904762,6.15217391304348,6.8,7.23809523809524,7.27272727272727,20
"17",2003,3,8,2,8,NA,NA,9,7,2,0,0,1,1,67,44,23,5,22,45,7.28358208955224,7.875,6.15217391304348,6.8,7.31818181818182,7.26666666666667,21
"18",2003,4,8,2,8,NA,NA,NA,8,2,0,0,0,2,69,46,23,5,22,47,7.30434782608696,7.8804347826087,6.15217391304348,6.8,7.31818181818182,7.29787234042553,22
"19",2003,5,8.28571428571429,7,8.28571428571429,NA,NA,8.33333333333333,8.25,7,0,0,3,4,76,53,23,5,25,51,7.39473684210526,7.93396226415094,6.15217391304348,6.8,7.44,7.37254901960784,23
"20",2003,6,8.4,5,8.4,NA,NA,10,8,5,0,0,1,4,81,58,23,5,26,55,7.45679012345679,7.97413793103448,6.15217391304348,6.8,7.53846153846154,7.41818181818182,24
"21",2003,7,7.81818181818182,11,8.33333333333333,5.5,NA,8,7.8,9,2,0,1,10,92,67,25,5,27,65,7.5,8.02238805970149,6.1,6.8,7.55555555555556,7.47692307692308,25
"22",2003,8,9.25,4,9.25,NA,NA,9,9.33333333333333,4,0,0,1,3,96,71,25,5,28,68,7.57291666666667,8.09154929577465,6.1,6.8,7.60714285714286,7.55882352941176,26
"23",2003,9,6.66666666666667,3,7.5,5,5,NA,6.66666666666667,2,1,1,0,3,99,73,26,6,28,71,7.54545454545455,8.07534246575342,6.05769230769231,6.5,7.60714285714286,7.52112676056338,27
"24",2003,10,6.5,2,6.5,NA,NA,NA,6.5,2,0,0,0,2,101,75,26,6,28,73,7.52475247524752,8.03333333333333,6.05769230769231,6.5,7.60714285714286,7.49315068493151,28
"25",2003,11,8,7,8,NA,NA,8.4,7,7,0,0,5,2,108,82,26,6,33,75,7.55555555555556,8.03048780487805,6.05769230769231,6.5,7.72727272727273,7.48,29
"26",2003,12,7.8,5,8,7,NA,8,7.66666666666667,4,1,0,2,3,113,86,27,6,35,78,7.56637168141593,8.02906976744186,6.09259259259259,6.5,7.74285714285714,7.48717948717949,30
"27",2004,1,6.55555555555556,9,7,5.66666666666667,NA,6.8,6.25,6,3,0,5,4,122,92,30,6,40,82,7.49180327868852,7.96195652173913,6.05,6.5,7.625,7.42682926829268,31
"28",2004,2,6.2,5,7,5,NA,5,7,3,2,0,2,3,127,95,32,6,42,85,7.44094488188976,7.93157894736842,5.984375,6.5,7.5,7.41176470588235,32
"29",2004,3,7.85714285714286,7,8.2,7,6,6,8.16666666666667,5,2,1,1,6,134,100,34,7,43,91,7.46268656716418,7.945,6.04411764705882,6.42857142857143,7.46511627906977,7.46153846153846,33
"30",2004,4,7.44375,8,7.79285714285714,5,NA,6,7.925,7,1,0,2,6,142,107,35,7,45,97,7.46161971830986,7.93504672897196,6.01428571428571,6.42857142857143,7.4,7.49020618556701,34
"31",2004,5,6,3,5.5,7,NA,7,5.5,2,1,0,1,2,145,109,36,7,46,99,7.43137931034483,7.89036697247706,6.04166666666667,6.42857142857143,7.39130434782609,7.45,35
"32",2004,6,7.625,4,7.66666666666667,7.5,NA,8,7.25,3,1,0,2,2,149,112,37,7,48,101,7.43657718120805,7.884375,6.08108108108108,6.42857142857143,7.41666666666667,7.4460396039604,36
"33",2004,7,9.5,4,9.5,NA,NA,10,9.33333333333333,4,0,0,1,3,153,116,37,7,49,104,7.49052287581699,7.94008620689655,6.08108108108108,6.42857142857143,7.46938775510204,7.50048076923077,37
"34",2004,8,7.4375,8,7.91666666666667,6,NA,7.25,7.625,6,2,0,4,4,161,122,39,7,53,108,7.48788819875776,7.93893442622951,6.07692307692308,6.42857142857143,7.45283018867925,7.50509259259259,38
"35",2004,9,8.4,5,8.4,NA,NA,9,8,5,0,0,2,3,166,127,39,7,55,111,7.51536144578313,7.95708661417323,6.07692307692308,6.42857142857143,7.50909090909091,7.51846846846847,39
"36",2004,10,8.3,5,8.83333333333333,7.5,NA,8.125,9,3,2,0,4,1,171,130,41,7,59,112,7.53830409356725,7.97730769230769,6.14634146341463,6.42857142857143,7.55084745762712,7.53169642857143,40
"37",2004,11,7.18181818181818,11,8.16666666666667,6,3,7,7.33333333333333,6,5,1,5,6,182,136,46,8,64,118,7.51675824175824,7.98566176470588,6.1304347826087,6,7.5078125,7.52161016949152,41
"38",2004,12,8.625,8,8.85714285714286,7,NA,7.66666666666667,9.2,7,1,0,3,5,190,143,47,8,67,123,7.56342105263158,8.02832167832168,6.14893617021277,6,7.51492537313433,7.58983739837398,42
"39",2005,1,7.80769230769231,13,8.15,6.66666666666667,7,7.75,7.85714285714286,10,3,1,6,7,203,153,50,9,73,130,7.57906403940887,8.03627450980392,6.18,6.11111111111111,7.53424657534247,7.60423076923077,43
"40",2005,2,8.1875,8,8.1875,NA,NA,8.375,8,8,0,0,4,4,211,161,50,9,77,134,7.6021327014218,8.04378881987578,6.18,6.11111111111111,7.57792207792208,7.6160447761194,44
"41",2005,3,8.10909090909091,11,8.68888888888889,5.5,NA,7.57142857142857,9.05,9,2,0,7,4,222,170,52,9,84,138,7.62725225225225,8.07794117647059,6.15384615384615,6.11111111111111,7.57738095238095,7.65760869565217,45
"42",2005,4,8.16666666666667,6,8.8,5,NA,9.33333333333333,7,5,1,0,3,3,228,175,53,9,87,141,7.64144736842105,8.09857142857143,6.13207547169811,6.11111111111111,7.63793103448276,7.6436170212766,46
"43",2005,5,7.66666666666667,9,7.85714285714286,7,8,8,7.57142857142857,7,2,1,2,7,237,182,55,10,89,148,7.64240506329114,8.08928571428571,6.16363636363636,6.3,7.64606741573034,7.6402027027027,47
"44",2005,6,7.21428571428571,7,9,4.83333333333333,NA,7,7.75,4,3,0,5,2,244,186,58,10,94,150,7.63012295081967,8.10887096774193,6.0948275862069,6.3,7.61170212765957,7.64166666666667,48
"45",2005,7,7.9625,8,8.375,7.55,NA,7.94,8,4,4,0,5,3,252,190,62,10,99,153,7.6406746031746,8.11447368421052,6.18870967741935,6.3,7.62828282828283,7.64869281045752,49
"46",2005,8,7.73076923076923,26,8.47368421052632,5.71428571428571,4,7.58333333333333,8.0625,19,7,1,18,8,278,209,69,11,117,161,7.64910071942446,8.14712918660287,6.14057971014493,6.09090909090909,7.62136752136752,7.66925465838509,50
"47",2005,9,7.5,10,7.2,7.8,8,7.4,7.6,5,5,1,5,5,288,214,74,12,122,166,7.64392361111111,8.125,6.2527027027027,6.25,7.61229508196721,7.66716867469879,51
"48",2005,10,7.66666666666667,15,8.11111111111111,7,6,7.3,8.4,9,6,1,10,5,303,223,80,13,132,171,7.64504950495049,8.12443946188341,6.30875,6.23076923076923,7.58863636363636,7.68859649122807,52
"49",2005,11,9.33333333333333,3,9.33333333333333,NA,NA,10,8,3,0,0,2,1,306,226,80,13,134,172,7.66160130718954,8.14048672566372,6.30875,6.23076923076923,7.62462686567164,7.69040697674419,53
"50",2005,12,7.4,10,7.92857142857143,6.16666666666667,7,7.66666666666667,7.28571428571429,7,3,1,3,7,316,233,83,14,137,179,7.65332278481013,8.13412017167382,6.30361445783133,6.28571428571429,7.62554744525547,7.67458100558659,54
"51",2006,1,7.89285714285714,14,8.125,7.58333333333333,10,6.33333333333333,8.31818181818182,8,6,1,3,11,330,241,89,15,140,190,7.66348484848485,8.13381742738589,6.38988764044944,6.53333333333333,7.59785714285714,7.71184210526316,55
"52",2006,2,7.84285714285714,7,8.125,7.46666666666667,6.8,7.46666666666667,8.125,4,3,1,3,4,337,245,92,16,143,194,7.66721068249258,8.13367346938775,6.425,6.55,7.5951048951049,7.72036082474227,56
"53",2006,3,7.95833333333333,12,8.04545454545454,7,NA,8.2,7.78571428571429,11,1,0,5,7,349,256,93,16,148,201,7.67722063037249,8.1298828125,6.43118279569893,6.55,7.61554054054054,7.7226368159204,57
"54",2006,4,7.64285714285714,7,8,7.375,7,7.33333333333333,7.875,3,4,1,3,4,356,259,97,17,151,205,7.67654494382022,8.12837837837838,6.47010309278351,6.57647058823529,7.60993377483444,7.72560975609756,58
"55",2006,5,7.8,5,7.8,NA,NA,6,8.25,5,0,0,1,4,361,264,97,17,152,209,7.67825484764543,8.12215909090909,6.47010309278351,6.57647058823529,7.59934210526316,7.73564593301435,59
"56",2006,6,7.63333333333333,6,8,6.9,NA,8,6.9,4,2,0,4,2,367,268,99,17,156,211,7.6775204359673,8.12033582089552,6.47878787878788,6.57647058823529,7.60961538461539,7.72772511848341,60
"57",2006,7,7.83333333333333,6,8.4,5,NA,NA,7.83333333333333,5,1,0,0,6,373,273,100,17,156,217,7.68002680965147,8.12545787545787,6.464,6.57647058823529,7.60961538461539,7.73064516129032,61
"58",2006,8,6.61333333333333,15,7.64545454545455,3.775,6,5.22,7.31,11,4,1,5,10,388,284,104,18,161,227,7.63878865979381,8.1068661971831,6.36057692307692,6.54444444444444,7.53540372670807,7.71211453744493,62
"59",2006,9,7.9,10,7.71428571428571,8.33333333333333,10,7.33333333333333,8.14285714285714,7,3,1,3,7,398,291,107,19,164,234,7.64535175879397,8.09742268041237,6.41588785046729,6.72631578947368,7.53170731707317,7.725,63
"60",2006,10,8.31111111111111,9,8.31111111111111,NA,NA,7.66666666666667,8.63333333333333,9,0,0,3,6,407,300,107,19,167,240,7.66007371007371,8.10383333333333,6.41588785046729,6.72631578947368,7.53413173652695,7.74770833333333,64
"61",2006,11,8.31818181818182,11,8.27777777777778,8.5,NA,7,8.45,9,2,0,1,10,418,309,109,19,168,250,7.67739234449761,8.1088996763754,6.45412844036697,6.72631578947368,7.53095238095238,7.7758,65
"62",2006,12,5.9625,8,6.34,5.33333333333333,NA,6.5,5.78333333333333,5,3,0,2,6,426,314,112,19,170,256,7.64518779342723,8.08073248407643,6.42410714285714,6.72631578947368,7.51882352941177,7.7291015625,66
"63",2007,1,7.40625,16,8.85714285714286,6.27777777777778,NA,7,7.65,7,9,0,6,10,442,321,121,19,176,266,7.63653846153846,8.09766355140187,6.41322314049587,6.72631578947368,7.50113636363636,7.72612781954887,67
"64",2007,2,8.04755714285714,14,8.7,6.41645,NA,9.25,7.56658,10,4,0,4,10,456,331,125,19,180,276,7.64915745614035,8.11586102719033,6.4133264,6.72631578947368,7.54,7.72034710144928,68
"65",2007,3,8.1,15,7.96428571428571,10,NA,8.6,7.85,14,1,0,5,10,471,345,126,19,185,286,7.66351549893843,8.10971014492753,6.44179206349206,6.72631578947368,7.56864864864865,7.72488041958042,69
"66",2007,4,7.77222222222222,18,7.92666666666667,7,8,7.42857142857143,7.99090909090909,15,3,1,7,11,489,360,129,20,192,297,7.66751697341513,8.10208333333333,6.45477364341085,6.79,7.56354166666667,7.73473333333333,70
"67",2007,5,8.3,15,8.31818181818182,8.25,NA,8.125,8.36363636363636,11,4,0,4,11,504,371,133,20,196,308,7.68634087301587,8.10849056603774,6.50876541353383,6.79,7.575,7.75719415584416,71
"68",2007,6,8.02777777777778,18,8.36363636363636,7.5,9,7.4,8.26923076923077,11,7,1,5,13,522,382,140,21,201,321,7.69811455938697,8.11583769633508,6.55832714285714,6.8952380952381,7.57064676616915,7.7779308411215,72
"69",2007,7,7.78333333333333,9,7.83333333333333,7.68333333333333,8,7.5,7.86428571428571,6,3,1,2,7,531,388,143,22,203,328,7.69955894538607,8.11146907216495,6.58192867132867,6.94545454545455,7.56995073891626,7.77977378048781,73
"70",2007,8,7.73571428571429,14,8.28,6.375,8.75,7.225,8.41666666666667,10,4,2,8,6,545,398,147,24,211,334,7.70048770642202,8.11570351758794,6.57629795918367,7.09583333333333,7.55687203791469,7.79121497005988,74
"71",2007,9,6.83333333333333,6,6.25,8,NA,8,6.6,4,2,0,1,5,551,402,149,24,212,339,7.69104500907441,8.09713930348259,6.59540805369127,7.09583333333333,7.55896226415094,7.77364542772861,75
"72",2007,10,7.34615384615385,13,7.375,7.3,NA,7.9,7,8,5,0,5,8,564,410,154,24,217,347,7.68309539007092,8.08304878048781,6.61828441558441,7.09583333333333,7.5668202764977,7.75580922190202,76
"73",2007,11,7.08333333333333,12,7.5,5,NA,6.75,7.25,10,2,0,4,8,576,420,156,24,221,355,7.67060034722222,8.06916666666667,6.59753717948718,7.09583333333333,7.55203619909502,7.74441070422535,77
"74",2007,12,7.22777777777778,18,7.7,6.6375,7.6,6.85,7.41666666666667,10,8,1,6,12,594,430,164,25,227,367,7.65718148148148,8.06058139534884,6.59948658536585,7.116,7.53348017621145,7.73369427792916,78
"75",2008,1,7.67241379310345,29,8.13888888888889,6.90909090909091,NA,6.7,8.18421052631579,18,11,0,10,19,623,448,175,25,237,386,7.65789052969502,8.06372767857143,6.61894742857143,7.116,7.49831223628692,7.75586994818653,79
"76",2008,2,7.91666666666667,12,9,5.75,NA,6.4,9,8,4,0,5,7,635,456,179,25,242,393,7.66278078740158,8.08015350877194,6.59952960893855,7.116,7.47561983471074,7.77803002544529,80
"77",2008,3,7.34210526315789,19,8.25,6.68181818181818,6.5,6,7.41666666666667,8,11,1,1,18,654,464,190,26,243,411,7.65346452599388,8.08308189655173,6.60429368421053,7.09230769230769,7.46954732510288,7.76220389294404,81
"78",2008,4,7.83333333333333,15,7.77777777777778,7.91666666666667,6.5,7.66666666666667,7.875,9,6,1,3,12,669,473,196,27,246,423,7.65749745889387,8.07727272727273,6.64446836734694,7.07037037037037,7.47195121951219,7.76540378250591,82
"79",2008,5,8.13636363636364,11,8.4375,7.33333333333333,NA,7.57142857142857,9.125,8,3,0,7,4,680,481,199,27,253,427,7.66524382352941,8.08326403326404,6.65485326633166,7.07037037037037,7.47470355731225,7.77814004683841,83
"80",2008,6,7.65,8,8.22,6.7,7,7.775,7.525,5,3,1,4,4,688,486,202,28,257,431,7.66506656976744,8.08467078189301,6.65552376237624,7.06785714285714,7.47937743190661,7.77579071925754,84
"81",2008,7,6.95833333333333,12,7.33333333333333,6.58333333333333,7.33333333333333,6.57142857142857,7.5,6,6,3,7,5,700,492,208,31,264,436,7.65295114285714,8.07550813008131,6.65344134615385,7.09354838709677,7.45530303030303,7.77262798165138,85
"82",2008,8,7.83333333333333,12,8.2,7.57142857142857,5,6.25,8.625,5,7,2,4,8,712,497,215,33,268,444,7.65599129213483,8.07676056338029,6.68332930232558,6.96666666666667,7.43731343283582,7.78798603603604,86
"83",2008,9,6.23333333333333,15,7.6,5.55,8.5,6.41666666666667,6.11111111111111,5,10,2,6,9,727,502,225,35,274,453,7.62663796423659,8.07201195219124,6.63295911111111,7.05428571428571,7.41496350364963,7.7546706401766,87
"84",2008,10,7.7,10,8.125,6,7,8,7.625,8,2,1,2,8,737,510,227,36,276,461,7.62763337856174,8.07284313725491,6.62738237885462,7.05277777777778,7.41920289855072,7.75242039045553,88
"85",2008,11,7.77692307692308,13,7.77777777777778,7.775,9,9.5,7.46363636363636,9,4,1,2,11,750,519,231,37,278,472,7.63022106666667,8.06772639691716,6.64725454545454,7.1054054054054,7.4341726618705,7.74569025423729,89
"86",2008,12,7.7,10,8,7,7.75,7,8,7,3,4,3,7,760,526,234,41,281,479,7.63113921052632,8.06682509505704,6.65177692307692,7.16829268292683,7.42953736654804,7.74940668058455,90
"87",2009,1,8.1625,20,8.51785714285714,7.33333333333333,8,8.75,7.96666666666667,14,6,1,5,15,780,540,240,42,286,494,7.64476384615385,8.07851851851852,6.66881583333333,7.18809523809524,7.45262237762238,7.7560036437247,91
"88",2009,2,7.01515151515152,33,7.35714285714286,6.76315789473684,5.9,6.85714285714286,7.05769230769231,14,19,5,7,26,813,554,259,47,293,520,7.61920762607626,8.06028880866427,6.67573667953668,7.05106382978723,7.43839590443686,7.72108807692308,92
"89",2009,3,7.70588235294118,17,8.20833333333333,6.5,6,6.875,7.96153846153846,12,5,1,4,13,830,566,264,48,297,533,7.62098289156627,8.06342756183746,6.67240833333333,7.02916666666667,7.43080808080808,7.72695272045028,93
"90",2009,4,7.41785714285714,14,8.75,6.885,6.75,8.55,6.78888888888889,4,10,2,5,9,844,570,274,50,302,542,7.61761350710901,8.06824561403509,6.68016715328467,7.018,7.44933774834437,7.71137601476015,94
"91",2009,5,7.28148148148148,27,7.6,6.81818181818182,5.875,7.61111111111111,7.11666666666667,16,11,4,9,18,871,586,285,54,311,560,7.60719380022962,8.05546075085325,6.68549403508772,6.93333333333333,7.4540192926045,7.69226035714286,95
"92",2009,6,7.63333333333333,15,7.25,7.88888888888889,7.5,7.66666666666667,7.61111111111111,6,9,4,6,9,886,592,294,58,317,569,7.60763634311513,8.0472972972973,6.72233265306122,6.97241379310345,7.45804416403785,7.69097680140598,96
"93",2009,7,7.26041666666667,24,8.61363636363636,6.11538461538461,6.16666666666667,7.95833333333333,7.02777777777778,11,13,3,6,18,910,603,307,61,323,587,7.5984789010989,8.05762852404644,6.6966312703583,6.9327868852459,7.46733746130031,7.6706402044293,97
"94",2009,8,7.02173913043478,23,7.76923076923077,6.05,6.35714285714286,6.55,7.38461538461539,13,10,7,10,13,933,616,317,68,333,600,7.58426130760986,8.05154220779221,6.67623280757098,6.87352941176471,7.43978978978979,7.664443,98
"95",2009,9,6.69230769230769,13,6.66666666666667,6.71428571428571,5.5,6.75,6.66666666666667,6,7,2,4,9,946,622,324,70,337,609,7.57200401691332,8.03818327974277,6.6770549382716,6.83428571428571,7.43160237388724,7.64969753694581,99
"96",2009,10,7.375,26,8.35,6.04545454545455,6.5,7.06818181818182,7.6,15,11,4,11,15,972,637,335,74,348,624,7.56673436213992,8.04552590266877,6.65631582089552,6.81621621621622,7.42011494252873,7.64850288461539,100
"97",2009,11,7.38333333333333,36,8.04705882352941,6.78947368421053,7,6.75454545454545,7.66,17,19,4,11,25,1008,654,354,78,359,649,7.56018432539683,8.04556574923548,6.66346271186441,6.82564102564103,7.39972144846797,7.64894576271187,101
"98",2009,12,7.4551724137931,29,8.44285714285714,6.53333333333333,8.25,8.25,7.15238095238095,14,15,4,8,21,1037,668,369,82,367,670,7.55724763741562,8.05389221556887,6.658172899729,6.89512195121951,7.41825613079019,7.63338179104478,102
"99",2010,1,7.73421052631579,38,8.5375,6.35714285714286,6.2,7.09090909090909,7.9962962962963,24,14,5,11,27,1075,692,383,87,378,697,7.56350306976744,8.0706647398844,6.64716919060052,6.8551724137931,7.40873015873016,7.64744017216643,103
"100",2010,2,8.28448275862069,29,8.625,7.21428571428571,10,8.30555555555556,8.275,22,7,1,9,20,1104,714,390,88,387,717,7.58244184782609,8.08774509803922,6.6573482051282,6.89090909090909,7.42958656330749,7.66494532775453,104
"101",2010,3,7.74285714285714,35,8.17391304347826,6.91666666666667,8.5,8,7.52631578947368,23,12,2,16,19,1139,737,402,90,403,736,7.58737120280948,8.090434192673,6.66508905472637,6.92666666666667,7.45223325062035,7.66136657608696,105
"102",2010,4,8.23870967741935,31,8.5625,7.89333333333333,8.25,7.96666666666667,8.304,16,15,4,6,25,1170,753,417,94,409,761,7.60462888888889,8.10046480743692,6.70927050359712,6.98297872340426,7.45977995110024,7.68247805519054,106
"103",2010,5,7.828,25,8.16875,7.22222222222222,7,6.7,8.11,16,9,1,5,20,1195,769,426,95,414,781,7.60930192468619,8.10188556566971,6.72010751173709,6.98315789473684,7.4506038647343,7.69342612035851,107
"104",2010,6,6.81578947368421,19,7.85714285714286,6.20833333333333,7,6.92857142857143,6.75,7,12,2,7,12,1214,776,438,97,421,793,7.59688286655684,8.09967783505155,6.70608630136986,6.98350515463918,7.44192399049881,7.67914981084489,108
"105",2010,7,7.17647058823529,17,8,6.44444444444444,7,7,7.1875,8,9,3,1,16,1231,784,447,100,422,809,7.59107701056052,8.09866071428572,6.70081834451902,6.984,7.44087677725119,7.66942620519159,109
"106",2010,8,7.70238095238095,21,7.83333333333333,7.52777777777778,6.5,7.33333333333333,7.76388888888889,12,9,1,3,18,1252,796,456,101,425,827,7.59294392971246,8.0946608040201,6.7171399122807,6.97920792079208,7.44011764705882,7.67148222490931,110
"107",2010,9,7.97037037037037,27,8.16666666666667,7.57777777777778,7,7.77272727272727,8.10625,18,9,2,11,16,1279,814,465,103,436,843,7.60091149335419,8.09625307125308,6.73379741935484,6.97961165048544,7.44850917431193,7.67973404507711,111
"108",2010,10,7.11190476190476,21,7.58333333333333,6.75833333333333,6,8.025,6.74666666666667,9,12,2,6,15,1300,823,477,105,442,858,7.59301215384616,8.0906439854192,6.73441467505241,6.96095238095238,7.45633484162896,7.66342167832168,112
"109",2010,11,8.065,20,7.95333333333333,8.4,NA,8.2,8.02,15,5,0,5,15,1320,838,482,105,447,873,7.60016348484849,8.0881861575179,6.75169253112033,6.96095238095238,7.46465324384788,7.66954845360825,113
"110",2010,12,7.7,26,8.67272727272727,6.98666666666667,8.1,7.64285714285714,7.72105263157895,11,15,3,7,19,1346,849,497,108,454,892,7.60209197622586,8.09575971731449,6.75878430583501,6.99259259259259,7.46740088105727,7.67064551569507,114
"111",2011,1,7.31935483870968,31,8.40833333333333,6.63157894736842,5.2,7.2125,7.43333333333333,12,19,5,16,15,1377,861,516,113,470,907,7.59572679738562,8.10011614401859,6.7541003875969,6.91327433628319,7.45872340425532,7.66672083792723,115
"112",2011,2,8.192,25,8.5,7.8,8.5,8.41666666666667,8.12105263157895,14,11,2,6,19,1402,875,527,115,476,926,7.60635934379458,8.10651428571429,6.77593130929791,6.94086956521739,7.47079831932773,7.67604298056156,116
"113",2011,3,7.77708333333333,24,8.375,6.94,7,6.8,7.91666666666667,14,10,2,3,21,1426,889,537,117,479,947,7.60923267882188,8.1107424071991,6.77898659217877,6.94188034188034,7.46659707724426,7.68137888067582,117
"114",2011,4,7.33809523809524,21,8.16363636363636,6.43,6.825,7.3,7.34,11,10,4,1,20,1447,900,547,121,480,967,7.60529771941949,8.11138888888889,6.77260658135283,6.93801652892562,7.46625,7.67431830403309,118
"115",2011,5,7.884,25,8.57692307692308,7.13333333333333,7,8.28571428571429,7.72777777777778,13,12,1,7,18,1472,913,559,122,487,985,7.61003111413044,8.11801752464403,6.78035026833631,6.93852459016393,7.47802874743327,7.6752952284264,119
"116",2011,6,7.48965517241379,29,8.51052631578947,5.55,NA,7,7.64545454545455,19,10,0,7,22,1501,932,569,122,494,1007,7.6077053964024,8.12601931330472,6.75872724077329,6.93852459016393,7.47125506072875,7.67464329692155,120
"117",2011,7,7.87333333333333,30,8.36111111111111,7.14166666666667,8.375,7.875,7.87272727272727,18,12,4,8,22,1531,950,581,126,502,1029,7.61291038536904,8.13047368421053,6.76663648881239,6.98412698412698,7.47768924302789,7.67887832847425,121
"118",2011,8,7.36190476190476,21,8.4,6.58333333333333,NA,6.925,7.46470588235294,9,12,0,4,17,1552,959,593,126,506,1046,7.60951404639176,8.1330031282586,6.76292715008432,6.98412698412698,7.47332015810277,7.67539751434034,122
"119",2011,9,7.22222222222222,27,8.06666666666667,6.16666666666667,6,6,7.65,15,12,3,7,20,1579,974,605,129,513,1066,7.60289157694744,8.13198151950719,6.75110049586777,6.96124031007752,7.45321637426901,7.67492101313321,123
"120",2011,10,7.84166666666667,24,9.01428571428571,6.2,NA,8.875,7.635,14,10,0,4,20,1603,988,615,129,517,1086,7.60646650031192,8.14448380566802,6.74213951219512,6.96124031007752,7.4642166344294,7.67418581952118,124
"121",2011,11,7.6,45,8.26923076923077,6.68421052631579,7.58333333333333,7.66666666666667,7.58333333333333,26,19,6,9,36,1648,1014,634,135,526,1122,7.60628992718447,8.14768244575937,6.74040347003155,6.98888888888889,7.46768060836502,7.67127076648841,125
"122",2011,12,7.46029411764706,34,8.76071428571429,6.55,5,8.33333333333333,7.3758064516129,14,20,1,3,31,1682,1028,654,136,529,1153,7.60333876337693,8.15603112840467,6.73458073394495,6.97426470588235,7.47258979206049,7.66332679965308,126
"123",2012,1,6.96129032258064,31,7.60588235294118,6.17857142857143,7,6.725,7.04347826086957,17,14,1,8,23,1713,1045,668,137,537,1176,7.59171967308815,8.14708133971292,6.72292784431138,6.97445255474453,7.46145251396648,7.65120391156463,127
"124",2012,2,7.658,25,8.73,6.94333333333333,7,7.93,7.59,10,15,4,5,20,1738,1055,683,141,542,1196,7.59267307249713,8.15260663507109,6.72776837481698,6.97517730496454,7.46577490774908,7.65018043478261,128
"125",2012,3,7.50961538461539,26,8.46153846153846,6.55769230769231,8.625,6.91666666666667,7.6875,13,13,2,6,20,1764,1068,696,143,548,1216,7.59144886621315,8.1563670411985,6.72459166666667,6.99825174825175,7.45976277372263,7.65079424342105,129
"126",2012,4,7.47166666666667,30,8.37647058823529,6.28846153846154,4.75,7.08,7.55,17,13,3,5,25,1794,1085,709,146,553,1241,7.589445819398,8.15981566820276,6.71659492242595,6.95205479452055,7.45632911392405,7.64876373892023,130
"127",2012,5,7.09166666666667,24,7.15714285714286,7,8.33333333333333,7.73333333333333,7,14,10,3,3,21,1818,1099,719,149,556,1262,7.58287447744775,8.14704276615105,6.72053657858136,6.97986577181208,7.45782374100719,7.63796814580032,131
"128",2012,6,7.475,20,7.90909090909091,6.94444444444444,8,6.875,7.625,11,9,1,4,16,1838,1110,728,150,560,1278,7.58170065288357,8.14468468468469,6.72330467032967,6.98666666666667,7.45366071428571,7.63780579029734,132
"129",2012,7,7.67222222222222,18,8.35714285714286,7.23636363636364,7,9.5,7.44375,7,11,2,2,16,1856,1117,739,152,562,1294,7.58257855603448,8.14601611459266,6.73094154262517,6.98684210526316,7.46094306049822,7.63540633693972,133
"130",2012,8,7.615,20,8.31666666666667,6.5625,7,6.83333333333333,7.95,12,8,1,6,14,1876,1129,747,153,568,1308,7.58292420042644,8.14782993799823,6.72913761713521,6.98692810457516,7.45431338028169,7.63877354740061,134
"131",2012,9,7.80454545454545,22,8.11333333333333,7.14285714285714,7.5,7.6,7.86470588235294,15,7,2,5,17,1898,1144,754,155,573,1325,7.58549304531086,8.14737762237762,6.73297851458886,6.99354838709677,7.45558464223386,7.64167230188679,135
"132",2012,10,7.276,25,8.33333333333333,6.68125,6.66666666666667,7.95,6.82666666666667,9,16,3,10,15,1923,1153,770,158,583,1340,7.58146947477899,8.14882914137034,6.73190363636364,6.9873417721519,7.46406518010292,7.63254910447761,136
"133",2012,11,7.59375,32,8.63888888888889,6.25,6.8,6,7.82142857142857,18,14,5,4,28,1955,1171,784,163,587,1368,7.58167048593351,8.15636208368915,6.72329821428571,6.98159509202454,7.45408858603066,7.63641505847953,137
"134",2012,12,7.35909090909091,22,7.29166666666667,7.44,7,8,7.32857142857143,12,10,2,1,21,1977,1183,794,165,588,1389,7.57919362670713,8.14759087066779,6.73232468513854,6.98181818181818,7.45501700680272,7.63176083513319,138
"135",2013,1,7.62741935483871,31,7.96764705882353,7.21428571428571,7.5,7.60555555555556,7.63636363636364,17,14,2,9,22,2008,1200,808,167,597,1411,7.57993814741036,8.14504166666667,6.7406754950495,6.98802395209581,7.4572864321608,7.6318326009922,139
"136",2013,2,7.14,25,8.64285714285714,6.55555555555556,5.83333333333333,7.5,7.10869565217391,7,18,3,2,23,2033,1207,826,170,599,1434,7.57452818494835,8.14792874896438,6.73664140435835,6.96764705882353,7.45742904841402,7.6234419804742,140
"137",2013,3,7.63913043478261,23,8.16666666666667,7.45294117647059,7.28333333333333,8,7.53888888888889,6,17,6,5,18,2056,1213,843,176,604,1452,7.57525087548638,8.14802143446002,6.75108635824436,6.97840909090909,7.46192052980132,7.62239380165289,141
"138",2013,4,7.8,20,8.07142857142857,7.16666666666667,7.16666666666667,9.2,7.33333333333333,14,6,3,5,15,2076,1227,849,179,609,1467,7.57741608863199,8.14714751426243,6.75402332155477,6.98156424581006,7.47619047619048,7.61943817314247,142
"139",2013,5,7.62222222222222,27,8.33846153846154,6.95714285714286,7.1,8.1,7.51363636363636,13,14,5,5,22,2103,1240,863,184,614,1489,7.57799134569663,8.14915322580645,6.75731842410197,6.98478260869565,7.48127035830619,7.61787494963062,143
"140",2013,6,7.08913043478261,23,7.80555555555556,6.62857142857143,5.66666666666667,5.66666666666667,7.59117647058823,9,14,3,6,17,2126,1249,877,187,620,1506,7.57270263405456,8.1466773418735,6.75526316989738,6.96363636363636,7.46370967741935,7.61757357237716,144
"141",2013,7,7.31578947368421,19,8.75,5.72222222222222,NA,7.16666666666667,7.34375,10,9,0,3,16,2145,1259,886,187,623,1522,7.57042694638695,8.15146942017475,6.74476952595937,6.96363636363636,7.46227929373997,7.6146950065703,145
"142",2013,8,7.41,20,7.92727272727273,6.77777777777778,5,8.1,7.33333333333333,11,9,3,2,18,2165,1270,895,190,625,1540,7.56894494226328,8.14952755905512,6.74510145251397,6.93263157894737,7.46432,7.61140636363636,146
"143",2013,9,6.12,20,7.5,5.52857142857143,4.75,5.875,6.18125,6,14,4,4,16,2185,1276,909,194,629,1556,7.55568228832952,8.14647335423198,6.72636501650165,6.88762886597938,7.45421303656598,7.59670038560411,147
"144",2013,10,8.00555555555556,18,8.34166666666667,7.33333333333333,NA,10,7.88823529411765,12,6,0,1,17,2203,1288,915,194,630,1573,7.55935805719473,8.14829192546584,6.73034513661202,6.88762886597938,7.45825396825397,7.59985111252384,148
"145",2013,11,7.090625,32,7.85714285714286,6.49444444444444,6.66666666666667,6.75,7.13928571428571,14,18,6,4,28,2235,1302,933,200,634,1601,7.55264689038031,8.14516129032258,6.72579399785638,6.881,7.45378548895899,7.59179625234229,149
"146",2013,12,7.45882352941176,17,8.08888888888889,6.75,4,NA,7.45882352941176,9,8,1,0,17,2252,1311,941,201,634,1618,7.55193863232682,8.14477498093059,6.72599978746015,6.86666666666667,7.45378548895899,7.59039913473424,150
"147",2014,1,7.3165625,32,7.8,6.89,7.07142857142857,7.78571428571429,7.1852,15,17,7,7,25,2284,1326,958,208,641,1643,7.54864089316988,8.14087481146305,6.72891002087683,6.87355769230769,7.45741029641186,7.58423359707851,151
"148",2014,2,7.73461538461538,26,8.34,6.90909090909091,6.5,7.625,7.78333333333333,15,11,4,8,18,2310,1341,969,212,649,1661,7.55073411255411,8.14310216256525,6.73095541795665,6.86650943396226,7.45947611710324,7.58639121011439,152
"149",2014,3,6.77857142857143,14,7.675,5.58333333333333,5.625,4.5,7.15833333333333,8,6,4,2,12,2324,1349,975,216,651,1673,7.54608253012048,8.14032616753151,6.72389312820513,6.84351851851852,7.45038402457757,7.58332086072923,153
"150",2014,4,7.85882352941176,17,8.35555555555556,7.3,10,7.9,7.85333333333333,9,8,1,2,15,2341,1358,983,217,653,1688,7.54835360956856,8.1417525773196,6.72858168870804,6.85806451612903,7.45176110260337,7.5857202606635,154
"151",2014,5,7.21052631578947,19,8.3,6,6.625,8.75,7.02941176470588,10,9,4,2,17,2360,1368,992,221,655,1705,7.54563381355932,8.14290935672515,6.72197157258064,6.85384615384615,7.45572519083969,7.58017348973607,155
"152",2014,6,8.28333333333333,15,8.69444444444444,7.66666666666667,7.5,8.5625,8.18181818181818,9,6,1,4,11,2375,1377,998,222,659,1716,7.55029296842105,8.14651416122005,6.72765110220441,6.85675675675676,7.46244309559939,7.58403018648018,156
"153",2014,7,7.92105263157895,19,8.46428571428571,6.4,9,7.16666666666667,8.0625,14,5,1,3,16,2394,1391,1003,223,662,1732,7.55323550543024,8.14971243709562,6.72601774675972,6.86636771300448,7.46110271903323,7.58845023094688,157
"154",2014,8,7.13125,16,7.1375,7.125,6.16666666666667,8.2,6.88461538461539,8,8,3,3,13,2410,1399,1011,226,665,1745,7.55043394190871,8.14392423159401,6.72917487636004,6.8570796460177,7.46443609022556,7.58320676217765,158
"155",2014,9,7.26363636363636,22,8,6.52727272727273,8,1,7.56190476190476,11,11,1,1,21,2432,1410,1022,227,666,1766,7.54783955592105,8.14280141843973,6.72700176125244,6.86211453744493,7.45472972972973,7.58295345413363,159
"156",2014,10,7.11428571428571,14,8.21428571428571,6.01428571428571,6.36666666666667,7.52,6.88888888888889,7,7,3,5,9,2446,1417,1029,230,671,1775,7.54535805396566,8.14315455187016,6.72215335276968,6.85565217391304,7.45521609538003,7.57943425352112,160
"157",2014,11,7.00769230769231,26,7.9125,5.56,8.5,7.12,6.98095238095238,16,10,2,5,21,2472,1433,1039,232,676,1796,7.53970299352751,8.14057920446617,6.71096804619827,6.8698275862069,7.45273668639053,7.57243641425389,161
"158",2014,12,8.40941176470588,17,9.1075,7.78888888888889,5.5,8.25,8.43066666666667,8,9,2,2,15,2489,1441,1048,234,678,1811,7.54564314985938,8.14594725884803,6.720225,6.85811965811966,7.45508849557522,7.57954489232468,162
"159",2015,1,7.72258064516129,31,7.625,7.82666666666667,7.8,8.21428571428571,7.57916666666667,16,15,7,7,24,2520,1457,1063,241,685,1835,7.54781976190476,8.14022649279342,6.7358380056444,6.88547717842324,7.46284671532847,7.57953994550408,163
"160",2015,2,7.75,24,8.1,7.45384615384615,8.25,8.125,7.675,11,13,2,4,20,2544,1468,1076,243,689,1855,7.54972712264151,8.1399250681199,6.74451282527881,6.89670781893004,7.4666908563135,7.58056916442048,164
"161",2015,3,7.17105263157895,19,8.85714285714286,6.1875,NA,9.75,6.86764705882353,7,12,0,2,17,2563,1475,1088,243,691,1872,7.54691993757316,8.14332881355933,6.73836930147059,6.89670781893004,7.4732995658466,7.57409497863248,165
"162",2015,4,7.61363636363636,22,8.20833333333333,6.9,6,7.85714285714286,7.5,12,10,1,7,15,2585,1487,1098,244,698,1887,7.54748773694391,8.14385339609954,6.73984134790528,6.89303278688525,7.47714899713467,7.57350598834128,166
"163",2015,5,7.12142857142857,14,7.5,6.91111111111111,8,8.375,6.62,5,9,1,4,10,2599,1492,1107,245,702,1897,7.54519268949596,8.14169571045577,6.74123378500452,6.89755102040816,7.48226495726496,7.56847959936742,167
"164",2015,6,6.9375,20,8.03571428571429,6.34615384615385,5.5,7.21428571428571,6.78846153846154,7,13,2,7,13,2619,1499,1120,247,709,1910,7.54055204276441,8.1412008005337,6.73664803571428,6.88623481781376,7.47961918194641,7.56317057591623,168
"165",2015,7,5.94444444444444,9,7.83333333333333,5,NA,5,6.0625,3,6,0,1,8,2628,1502,1126,247,710,1918,7.53508592085236,8.14058588548603,6.72739413854352,6.88623481781376,7.47612676056338,7.55691126173097,169
"166",2015,8,7.57647058823529,17,8.75714285714286,6.75,6.75,8.25,7.36923076923077,7,10,4,4,13,2645,1509,1136,251,714,1931,7.53535190926276,8.14344599072234,6.72759313380282,6.88406374501992,7.48046218487395,7.5556477472812,170
"167",2015,9,7.5,14,8.35714285714286,6.64285714285714,8,NA,7.5,7,7,1,0,14,2659,1516,1143,252,714,1945,7.53516577660775,8.14443271767811,6.72707419072616,6.88849206349206,7.48046218487395,7.55524719794344,171
"168",2015,10,7.68947368421053,19,7.56,7.83333333333333,9,5.3,7.97058823529412,10,9,1,2,17,2678,1526,1152,253,716,1962,7.53626056758775,8.14060288335519,6.73571684027778,6.89683794466403,7.47437150837989,7.55884597349643,172
"169",2015,11,6.940625,32,7.79166666666667,6.43,6.3,7,6.93448275862069,12,20,5,3,29,2710,1538,1172,258,719,1991,7.52922723247232,8.13788036410924,6.73049982935154,6.88527131782946,7.47239221140473,7.5497517830236,173
"170",2015,12,7.84210526315789,19,8.16666666666667,7.28571428571429,7.66666666666667,9,7.53333333333333,12,7,3,4,15,2729,1550,1179,261,723,2006,7.53140556980579,8.13810322580646,6.73379626802375,6.89425287356322,7.48084370677732,7.54962901296111,174
"171",2016,1,7.55434782608696,23,8.51923076923077,6.3,5.66666666666667,4,7.89285714285714,13,10,3,2,21,2752,1563,1189,264,725,2027,7.53159731104651,8.14127319257838,6.73014785534062,6.88030303030303,7.47124137931035,7.55318490379871,175
"172",2016,2,7.00769230769231,13,7.7625,5.8,NA,8,6.82727272727273,8,5,0,2,11,2765,1571,1194,264,727,2038,7.52913410488246,8.13934436664546,6.72625276381909,6.88030303030303,7.47269601100413,7.54926683022571,176
"173",2016,3,7.81578947368421,19,8.68181818181818,6.625,7.33333333333333,8,7.76666666666667,11,8,3,4,15,2784,1582,1202,267,731,2053,7.5310904454023,8.1431163084703,6.72557886855241,6.88539325842697,7.47558139534884,7.55085523623965,177
"174",2016,4,7.68148148148148,27,8.15833333333333,7.3,6.75,7.33333333333333,7.725,12,15,2,3,24,2811,1594,1217,269,734,2077,7.53253496976165,8.14323086574656,6.73265883319638,6.88438661710037,7.475,7.55286750120366,178
"175",2016,5,7.76,20,7.84615384615385,7.6,7,7,7.89411764705882,13,7,2,3,17,2831,1607,1224,271,737,2094,7.53414192864712,8.1408276291226,6.73761911764706,6.88523985239852,7.47306648575305,7.55563791786055,179
"176",2016,6,7.63888888888889,18,7.91666666666667,7.08333333333333,7.66666666666667,7.16666666666667,7.73333333333333,12,6,3,3,15,2849,1619,1230,274,740,2109,7.53480372060372,8.13916615194565,6.73930552845528,6.89379562043796,7.47182432432433,7.55690175438596,180
"177",2016,7,7.65714285714286,21,7.92857142857143,7.11428571428571,6.5,8,7.57647058823529,14,7,2,4,17,2870,1633,1237,276,744,2126,7.53569888501742,8.13736068585427,6.74142748585287,6.89094202898551,7.47466397849463,7.55705823142051,181
"178",2016,8,7.8125,24,8.65625,6.125,8,10,7.61363636363636,16,8,1,2,22,2894,1649,1245,277,746,2148,7.53799440221147,8.14239539114616,6.7374665060241,6.89494584837545,7.48143431635389,7.5576377094972,182
"179",2016,9,8.065625,16,8.255,7.75,7,6.33333333333333,8.46538461538461,10,6,1,3,13,2910,1659,1251,278,749,2161,7.54089546391752,8.14307414104883,6.74232278177458,6.89532374100719,7.47683578104139,7.5630984729292,183
"180",2016,10,7.15714285714286,14,7.9,6.74444444444444,7,7.5,7.1,5,9,2,2,12,2924,1664,1260,280,751,2173,7.53905807113543,8.14234375000001,6.74233793650794,6.89607142857143,7.47689747003995,7.56054109526001,184
"181",2016,11,7.85714285714286,14,8.07142857142857,7.64285714285714,7.5,7.1,8.27777777777778,7,7,2,5,9,2938,1671,1267,282,756,2182,7.54057379169503,8.14204667863556,6.74731318074191,6.90035460992908,7.47440476190476,7.56349945004583,185
"182",2016,12,7.66842105263158,19,8.52222222222222,6.9,7.5,9,7.59444444444444,9,10,1,1,18,2957,1680,1277,283,757,2200,7.54139526547176,8.14408333333334,6.74850884886453,6.90247349823321,7.47642007926024,7.56375263636363,186
"183",2017,1,7.33333333333333,27,8.41666666666667,6.46666666666667,8,5.75,7.46,12,15,1,2,25,2984,1692,1292,284,759,2225,7.53951266756032,8.14601654846337,6.7452366873065,6.90633802816901,7.47187088274045,7.56258687640449,187
"184",2017,2,7.38333333333333,30,8.0125,6.66428571428571,6.5,7.66666666666667,7.3125,16,14,4,6,24,3014,1708,1306,288,765,2249,7.53795812873258,8.14476580796254,6.74436891271057,6.90069444444444,7.47339869281046,7.55991809693197,188
"185",2017,3,6.95454545454545,22,7.44444444444444,6.61538461538461,7.66666666666667,6.5,6.97619047619048,9,13,3,1,21,3036,1717,1319,291,766,2270,7.53373050065876,8.14109493302272,6.74309764973465,6.90859106529209,7.47212793733682,7.55451797356828,189
"186",2017,4,7.375,20,7.4375,7.33333333333333,6.91666666666667,7.75,7.33333333333333,8,12,6,2,18,3056,1725,1331,297,768,2288,7.53269168848167,8.13783188405798,6.74841908339594,6.90875420875421,7.4728515625,7.55277788461538,190
"187",2017,5,7.03181818181818,22,7.81818181818182,6.24545454545455,5.8,6,7.135,11,11,5,2,20,3078,1736,1342,302,770,2308,7.52911169590643,8.13580645161291,6.74429642324888,6.89039735099338,7.46902597402598,7.54915762564991,191
"188",2017,6,7.65384615384615,13,8.21428571428571,7,8,8.66666666666667,7.35,7,6,2,3,10,3091,1743,1348,304,773,2318,7.52963629893238,8.13612162937465,6.74543456973294,6.89769736842105,7.47367399741268,7.54829844693701,192
"189",2017,7,7.33333333333333,21,8.59090909090909,5.95,7,7.66666666666667,7.27777777777778,11,10,1,3,18,3112,1754,1358,305,776,2336,7.52831163239074,8.13897377423034,6.73957717231222,6.89803278688524,7.47442010309279,7.54621395547945,193
"190",2017,8,7.5258064516129,31,8.20588235294118,6.7,5.91666666666667,7.22222222222222,7.65,17,14,6,9,22,3143,1771,1372,311,785,2358,7.52828692332167,8.13961603613778,6.73917332361516,6.87909967845659,7.47152866242038,7.54718227311281,194
"191",2017,9,8.26190476190476,21,8.36666666666667,8,10,8,8.28947368421053,15,6,1,2,19,3164,1786,1378,312,787,2377,7.53315606826801,8.14152295632699,6.74466313497823,6.88910256410256,7.47287166454892,7.55311560790913,195
"192",2017,10,7.67727272727273,22,8.19333333333333,6.57142857142857,7.33333333333333,8,7.60555555555556,15,7,3,4,18,3186,1801,1385,315,791,2395,7.53415122410546,8.14195446973904,6.74378758122744,6.89333333333333,7.47553729456385,7.55350972860125,196
"193",2017,11,7.28571428571429,21,8.20833333333333,6.05555555555556,5,5.66666666666667,7.55555555555556,12,9,2,3,18,3207,1813,1394,317,794,2413,7.53252441534144,8.14239382239383,6.73934418938307,6.8813880126183,7.46870277078086,7.55352498963945,197
"194",2017,12,7,17,8.08333333333333,4.4,6,5.5,7.2,12,5,1,2,15,3224,1825,1399,318,796,2428,7.52971643920595,8.14200547945206,6.73098341672623,6.87861635220126,7.46375628140704,7.55134093904448,198
"195",2018,1,7.04705882352941,17,7.79166666666667,5.26,NA,6.25,7.29230769230769,12,5,0,4,13,3241,1837,1404,318,800,2441,7.5271847577908,8.13971692977682,6.72574487179487,6.87861635220126,7.4576875,7.5499614092585,199
"196",2018,2,8.01875,16,8.53,7.16666666666667,NA,8,8.02,10,6,0,1,15,3257,1847,1410,318,801,2456,7.52959957015659,8.14182999458582,6.72762113475177,6.87861635220126,7.4583645443196,7.55283216612378,200
"197",2018,3,7.408,25,8.64666666666667,5.55,6.5,8.33333333333333,7.28181818181818,15,10,2,3,22,3282,1862,1420,320,804,2478,7.52867330895795,8.14589688506982,6.71932802816901,6.87625,7.46162935323383,7.55042606941081,201
"198",2018,4,7.88888888888889,9,8.75,7.2,NA,7.66666666666667,8,4,5,0,3,6,3291,1866,1425,320,807,2484,7.52965840170161,8.14719185423366,6.72101459649123,6.87625,7.46239157372987,7.55151199677939,202
"199",2018,5,7,14,7.85714285714286,6.14285714285714,7.5,7,7,7,7,2,4,10,3305,1873,1432,322,811,2494,7.52741476550681,8.1461078483716,6.71818840782123,6.88012422360248,7.46011097410604,7.54930064153969,203
"200",2018,6,8.68641,13,8.792333,8.33333333333333,7,9.27666666666667,8.509333,10,3,1,3,10,3318,1883,1435,323,814,2504,7.53195573538276,8.14953973977696,6.7215650174216,6.88049535603715,7.4668058968059,7.55313463658147,204
"201",2018,7,8.52941176470588,17,8.45454545454546,8.66666666666667,8,9,8.5,11,6,1,1,16,3335,1894,1441,324,815,2520,7.53704021889055,8.15131115628301,6.7296639833449,6.88395061728395,7.46868711656442,7.55914648015873,205
"202",2018,8,6.94705882352941,17,7.94285714285714,6.25,8.375,9,6.81875,7,10,4,1,16,3352,1901,1451,328,816,2536,7.53404806980907,8.15054357180432,6.72635823569952,6.90213414634146,7.4705637254902,7.55447520899053,206
"203",2018,9,7.78888888888889,18,8.26666666666667,6.83333333333333,8,8.33333333333333,7.68,12,6,1,3,15,3370,1913,1457,329,819,2551,7.53540923738872,8.15127199686357,6.72679876458476,6.90547112462006,7.47372405372406,7.5552133006664,207
"204",2018,10,8.11052631578947,19,8.48571428571429,7.06,7.65,10,8.00555555555556,14,5,2,1,18,3389,1927,1462,331,820,2569,7.53863355857185,8.15370177996887,6.72793830369357,6.90996978851964,7.47680487804878,7.55836867652783,208
"205",2018,11,7.82425,20,8.17272727272727,7.39833333333333,6.375,8.98,7.439,11,9,4,5,15,3409,1938,1471,335,825,2584,7.54030921971253,8.15380976780187,6.73203997280761,6.90358208955224,7.48591515151515,7.55767574690402,209
"206",2018,12,7.32869565217391,23,7.69066666666667,6.65,NA,7.73333333333333,7.268,15,8,0,3,20,3432,1953,1479,335,828,2604,7.53889106351981,8.15025260112648,6.73159621365788,6.90358208955224,7.4868115942029,7.55545089477726,210
"207",2019,1,8.40909090909091,22,8.57894736842105,7.33333333333333,5,8.125,8.47222222222222,19,3,1,4,18,3454,1972,1482,336,832,2622,7.54443373769543,8.15438302738337,6.73281430499325,6.89791666666667,7.48987980769231,7.5617445194508,211
"208",2019,2,7.35588235294118,17,8.055,6.35714285714286,7,7.61666666666667,7.3,10,7,3,3,14,3471,1982,1489,339,835,2636,7.5435102650533,8.15388159939456,6.73104822028207,6.89882005899705,7.49033532934132,7.56035437405159,212
"209",2019,3,7.13846153846154,13,9,5.54285714285714,6.45,6.76,7.375,6,7,4,5,8,3484,1988,1496,343,840,2644,7.54199888920781,8.15643527665997,6.72548850267379,6.8935860058309,7.4859880952381,7.55979354387292,213
"210",2019,4,7.96666666666667,15,8.35,7.2,8,6.83333333333333,8.25,10,5,1,3,12,3499,1998,1501,344,843,2656,7.54381941411832,8.15740406906908,6.7270691538974,6.8968023255814,7.48366548042705,7.56291194653614,214
"211",2019,5,6.95,10,8.33333333333333,6.35714285714286,9,9,6.72222222222222,3,7,1,1,9,3509,2001,1508,345,844,2665,7.54212713878598,8.15766783108446,6.72535198938992,6.90289855072464,7.48546208530806,7.56007284427767,215
"212",2019,6,7.38571428571429,14,7.66666666666667,6.88,5,7.33333333333333,7.4,9,5,2,3,11,3523,2010,1513,347,847,2676,7.54150557195572,8.15546931840797,6.72586305353602,6.89193083573487,7.48492325855962,7.55941484678625,216
"213",2019,7,7.60769230769231,13,8.05714285714286,7.08333333333333,6,NA,7.60769230769231,7,6,1,0,13,3536,2017,1519,348,847,2689,7.54174890554299,8.15512807635102,6.72727504937459,6.88936781609195,7.48492325855962,7.55964824470063,217
"214",2019,8,7.90909090909091,11,8.33333333333333,7.4,7.33333333333333,7.33333333333333,8.125,6,5,3,3,8,3547,2023,1524,351,850,2697,7.54288811107979,8.1556566139397,6.72948215223097,6.89316239316239,7.48438823529412,7.56132522432332,218
"215",2019,9,7.0625,24,8.25,5.875,8,7.25,7.025,12,12,2,4,20,3571,2035,1536,353,854,2717,7.53965951554186,8.15621293857495,6.72280651041666,6.89943342776204,7.48329039812647,7.55737730217151,219
"216",2019,10,6.46666666666667,15,7.125,5.71428571428571,6,5.33333333333333,6.75,8,7,2,3,12,3586,2043,1543,355,857,2729,7.53517125766871,8.15217490455214,6.71823123784834,6.8943661971831,7.47576429404901,7.55382709050934,220
"217",2019,11,7.625,12,7.625,7.625,7.66666666666667,9.25,7.3,8,4,3,2,10,3598,2051,1547,358,859,2739,7.53547085325181,8.15011863968796,6.72057582417582,6.90083798882682,7.47989522700815,7.55290037604965,221
"218",2019,12,7.41666666666667,18,7.875,7.05,NA,6.66666666666667,7.56666666666667,8,10,0,3,15,3616,2059,1557,358,862,2754,7.53487946073009,8.14904969888296,6.72269158638407,6.90083798882682,7.47706496519722,7.55297535584604,222
"219",2020,1,7.09484142857143,28,7.40292421052632,6.44444444444444,6,6.41666666666667,7.27979818181818,19,9,1,6,22,3644,2078,1566,359,868,2776,7.53149826838639,8.14222756977864,6.72109246487867,6.8983286908078,7.46973502304148,7.55081040706052,223
"220",2020,2,6.95714285714286,14,7.1875,6.65,6,7.1,6.87777777777778,8,6,2,5,9,3658,2086,1572,361,873,2785,7.52930007927829,8.13856610258869,6.72082111959287,6.89335180055402,7.46761741122566,7.54863543626571,224
"221",2020,3,7.345625,16,8.11111111111111,6.36142857142857,6,8.5,6.96083333333333,9,7,2,4,12,3674,2095,1579,363,877,2797,7.52850018780621,8.13844815751791,6.71922786573781,6.88842975206612,7.47232611174458,7.54611358240972,225
"222",2020,4,7.87142857142857,14,8.66666666666667,6.44,8,9,7.56363636363636,9,5,2,3,11,3688,2104,1584,365,880,2808,7.52980197668113,8.14070764733841,6.71834646464646,6.89452054794521,7.47753409090909,7.54618222578347,226
"223",2020,5,8.05,10,9.375,7.16666666666667,6,NA,8.05,4,6,1,0,10,3698,2108,1590,366,880,2818,7.5312086776636,8.14304975806452,6.72003823899371,6.89207650273224,7.47753409090909,7.54797008161817,227
"224",2020,6,6.5,6,8.5,5.5,7,7.5,6,2,4,2,2,4,3704,2110,1594,368,882,2822,7.52953825323974,8.14338809952607,6.71697666248431,6.89266304347826,7.47758503401361,7.54577593550673,228
"225",2020,7,7.40769230769231,13,8.2,6.9125,6.43333333333333,7.71666666666667,7.14285714285714,5,8,3,6,7,3717,2115,1602,371,888,2829,7.52911210384719,8.14352193380615,6.71795305867665,6.888948787062,7.47920045045045,7.54477896429834,229
"226",2020,8,7.2625,24,7.66363636363636,6.92307692307692,7.16666666666667,7.8,7.12105263157895,11,13,6,5,19,3741,2126,1615,377,893,2848,7.52740168136862,8.1410389887112,6.71960421052631,6.89336870026525,7.48099664053752,7.5419521383427,230
"227",2020,9,7.91,16,8.18285714285714,6,NA,7.5,7.96857142857143,14,2,0,2,14,3757,2140,1617,377,895,2862,7.52903105935587,8.14131256542057,6.71871416202845,6.89336870026525,7.48103910614525,7.54403902515723,231
"228",2020,10,8.8125,8,8.9,8.66666666666667,8,10,8.64285714285714,5,3,1,1,7,3765,2145,1620,378,896,2869,7.53175821779548,8.14308106759907,6.72232148148148,6.8962962962963,7.48385044642857,7.54672000348553,232
"229",2020,11,7.2,17,8.37777777777778,5.875,6,6.875,7.3,9,8,2,4,13,3782,2154,1628,380,900,2882,7.53026697250132,8.14406169452183,6.71815773955774,6.89157894736842,7.48114444444445,7.54560710964608,233
"230",2020,12,6.85714285714286,7,7,6.75,4.5,8,6.66666666666667,3,4,2,1,6,3789,2157,1632,382,901,2888,7.52902340723146,8.14247050996755,6.71823578431372,6.87905759162304,7.48172031076582,7.54378105609418,234
"231",2021,1,7.99375,16,8.35,7.4,8,7.5,8.06428571428571,10,6,1,2,14,3805,2167,1638,383,903,2902,7.53097757950066,8.14342819104754,6.72073308913309,6.88198433420366,7.48176079734219,7.54629210544452,235
"232",2021,2,6.83333333333333,9,7.75,5,4,7.75,6.57142857142857,6,3,1,2,7,3814,2173,1641,384,905,2909,7.52933132931306,8.14234187298666,6.71758732480195,6.87447916666667,7.48235359116022,7.54394626675834,236
"233",2021,3,8.375,16,8.81818181818182,7.4,NA,9.33333333333333,8.15384615384615,11,5,0,3,13,3830,2184,1646,384,908,2922,7.53286414882507,8.14574582875458,6.7196602673147,6.87447916666667,7.4884691629956,7.54665971594798,237
"234",2021,4,7.6,23,8.25,6.11428571428571,4,7.16666666666667,7.75294117647059,16,7,2,6,17,3853,2200,1653,386,914,2939,7.533264907864,8.1465040409091,6.71709667271627,6.85958549222798,7.48635667396061,7.54785290575026,238
"235",2021,5,7.26666666666667,15,8,6.625,5,8.125,6.95454545454545,7,8,2,4,11,3868,2207,1661,388,918,2950,7.53223104705274,8.14603937018578,6.71665310054184,6.85,7.4891394335512,7.54564057288136,239
"236",2021,6,6.66666666666667,9,7.4,5.75,5,5,7.14285714285714,5,4,2,2,7,3877,2212,1665,390,920,2957,7.53022174103689,8.14435302441231,6.71433081081081,6.84051282051282,7.48372826086957,7.54468707811972,240
"237",2021,7,7.57142857142857,7,8.25,6.66666666666667,8,5,8,4,3,1,1,6,3884,2216,1668,391,921,2963,7.53029600669413,8.1445437229242,6.71424508393285,6.84347826086957,7.48103148751357,7.54560907526156,241
"238",2021,8,7.625,12,8.41666666666667,6.83333333333333,8,7.4,7.78571428571429,6,6,1,5,7,3896,2222,1674,392,926,2970,7.53058770277207,8.14527852835284,6.71467192353644,6.84642857142857,7.4805939524838,7.54617497979798,242
"239",2021,9,7.88888888888889,9,7.5,8.66666666666667,8,7.75,8,6,3,1,4,5,3905,2228,1677,393,930,2975,7.53141349295775,8.14354079443448,6.71816386404293,6.84936386768448,7.48175268817204,7.54693771092437,243
"240",2021,10,8.160625,16,8.457,7.66666666666667,8,8,8.18357142857143,10,6,1,2,14,3921,2238,1683,394,932,2989,7.53398104820199,8.14494141644326,6.72154533571004,6.85228426395939,7.48286480686695,7.54991960187354,244
"241",2021,11,7.30470588235294,17,7.52,7.0625,7.75,7.375,7.28307692307692,9,8,2,4,13,3938,2247,1691,396,936,3002,7.53299128745556,8.14243831330664,6.72315836782968,6.85681818181818,7.48240384615385,7.54876405396402,245
"242",2021,12,8.29166666666667,12,8.3125,8.25,9,NA,8.29166666666667,8,4,2,0,12,3950,2255,1695,398,936,3014,7.53529612405063,8.14304163636364,6.7267615339233,6.86758793969849,7.48240384615385,7.55172186131387,246
"243",2022,1,7.7675,16,8.78285714285714,6.97777777777778,6,6.5,7.94857142857143,7,9,2,2,14,3966,2262,1704,400,938,3028,7.53623290216843,8.14502161361628,6.72808732394366,6.86325,7.4803091684435,7.5535567007926,247
"244",2022,2,8.26666666666667,15,8.2,8.4,8,9.5,8.07692307692308,10,5,1,2,13,3981,2272,1709,401,940,3041,7.53898510173323,8.14526359595071,6.73297881802223,6.86608478802993,7.48460638297873,7.55579404472213,248
"245",2022,3,7.38518555555556,9,7.193334,7.625,NA,NA,7.38518555555556,5,4,0,0,9,3990,2277,1713,401,940,3050,7.53863818546366,8.14317328063242,6.7350617629889,6.86608478802993,7.48460638297873,7.55529060983607,249
"246",2022,4,7.75714285714286,14,7.825,7.66666666666667,5.75,7.7,7.78888888888889,8,6,2,5,9,4004,2285,1719,403,945,3059,7.53940218781219,8.1420593260394,6.73831343804537,6.8605459057072,7.48574603174603,7.55597788819876,250
"247",2022,5,7.25,10,8.25,5.75,7,5.83333333333333,7.85714285714286,6,4,1,3,7,4014,2291,1723,404,948,3066,7.53868120577977,8.14234201658665,6.73601903656413,6.86089108910891,7.48051687763713,7.55666547945205,251
"248",2022,6,6.47142857142857,7,5.8875,7.25,NA,5.58333333333333,7.1375,4,3,0,3,4,4021,2295,1726,404,951,3070,7.53682326784382,8.13841200871461,6.7369123986095,6.86089108910891,7.47453207150368,7.55611933550489,252
"249",2022,7,8.51625,16,8.80666666666667,8.14285714285714,8.25,8.8,8.38727272727273,9,7,2,5,11,4037,2304,1733,406,956,3081,7.54070506811989,8.14102237847223,6.74259134448932,6.86773399014778,7.48146443514644,7.55908677702045,253
"250",2022,8,7.89347826086957,23,7.61538461538461,8.255,7,7.75,7.90714285714286,13,10,1,2,21,4060,2317,1743,407,958,3102,7.54270353694581,8.1380731808373,6.75126838783706,6.86805896805897,7.48202505219207,7.56144305609284,254
