"","year","month","avg_rating","no_ratings","avg_rating_owned","avg_rating_not_owned","avg_rating_prev_owned","avg_rating_comment","avg_rating_no_comment","no_ratings_owned","no_ratings_not_owned","no_ratings_prev_owned","no_ratings_comment","no_ratings_no_comment","cum_no_ratings","cum_no_ratings_owned","cum_no_ratings_not_owned","cum_no_ratings_prev_owned","cum_no_ratings_comment","cum_no_ratings_no_comment","cum_avg_rating","cum_avg_rating_owned","cum_avg_rating_not_owned","cum_avg_rating_prev_owned","cum_avg_rating_comment","cum_avg_rating_no_comment","month_after_release"
"1",2001,6,7,2,7,7,NA,7,7,1,1,0,1,1,2,1,1,0,1,1,7,7,7,NA,7,7,0
"2",2001,7,8,1,8,NA,NA,NA,8,1,0,0,0,1,3,2,1,0,1,2,7.33333333333333,7.5,7,NA,7,7.5,1
"3",2001,8,6.16666666666667,6,8,4.33333333333333,NA,9,4.75,3,3,0,2,4,9,5,4,0,3,6,6.55555555555556,7.8,5,NA,8.33333333333333,5.66666666666667,2
"4",2001,9,6,1,6,NA,NA,NA,6,1,0,0,0,1,10,6,4,0,3,7,6.5,7.5,5,NA,8.33333333333333,5.71428571428571,3
"5",2001,10,8,1,8,NA,NA,NA,8,1,0,0,0,1,11,7,4,0,3,8,6.63636363636364,7.57142857142857,5,NA,8.33333333333333,6,4
"6",2001,11,6.66666666666667,3,6.66666666666667,NA,NA,7,6,3,0,0,2,1,14,10,4,0,5,9,6.64285714285714,7.3,5,NA,7.8,6,5
"7",2001,12,5,1,NA,5,NA,NA,5,0,1,0,0,1,15,10,5,0,5,10,6.53333333333333,7.3,5,NA,7.8,5.9,6
"8",2002,1,9,1,9,NA,NA,NA,9,1,0,0,0,1,16,11,5,0,5,11,6.6875,7.45454545454545,5,NA,7.8,6.18181818181818,7
"9",2002,2,5.8,5,5.8,NA,NA,NA,5.8,5,0,0,0,5,21,16,5,0,5,16,6.47619047619048,6.9375,5,NA,7.8,6.0625,8
"10",2002,3,7,2,7,NA,NA,NA,7,2,0,0,0,2,23,18,5,0,5,18,6.52173913043478,6.94444444444444,5,NA,7.8,6.16666666666667,9
"11",2002,4,5,2,4,6,NA,4,6,1,1,0,1,1,25,19,6,0,6,19,6.4,6.78947368421053,5.16666666666667,NA,7.16666666666667,6.15789473684211,10
"12",2002,6,6.5,2,6.5,NA,NA,6.5,NA,2,0,0,2,0,27,21,6,0,8,19,6.40740740740741,6.76190476190476,5.16666666666667,NA,7,6.15789473684211,12
"13",2002,7,8,3,8,NA,NA,7,8.5,3,0,0,1,2,30,24,6,0,9,21,6.56666666666667,6.91666666666667,5.16666666666667,NA,7,6.38095238095238,13
"14",2002,8,7.66666666666667,6,7.6,8,NA,5,8.2,5,1,0,1,5,36,29,7,0,10,26,6.75,7.03448275862069,5.57142857142857,NA,6.8,6.73076923076923,14
"15",2002,9,6,1,6,NA,NA,NA,6,1,0,0,0,1,37,30,7,0,10,27,6.72972972972973,7,5.57142857142857,NA,6.8,6.7037037037037,15
"16",2002,10,6,2,8,4,4,8,4,1,1,1,1,1,39,31,8,1,11,28,6.69230769230769,7.03225806451613,5.375,4,6.90909090909091,6.60714285714286,16
"17",2002,12,6.5,2,6.5,NA,NA,7,6,2,0,0,1,1,41,33,8,1,12,29,6.68292682926829,7,5.375,4,6.91666666666667,6.58620689655172,18
"18",2003,1,5.5,4,5.5,NA,NA,4.5,6.5,4,0,0,2,2,45,37,8,1,14,31,6.57777777777778,6.83783783783784,5.375,4,6.57142857142857,6.58064516129032,19
"19",2003,2,7.14285714285714,7,7.2,7,7,8,6.5,5,2,1,3,4,52,42,10,2,17,35,6.65384615384615,6.88095238095238,5.7,5.5,6.82352941176471,6.57142857142857,20
"20",2003,3,8,2,8,NA,NA,9,7,2,0,0,1,1,54,44,10,2,18,36,6.7037037037037,6.93181818181818,5.7,5.5,6.94444444444444,6.58333333333333,21
"21",2003,4,6.83333333333333,6,6.83333333333333,NA,NA,7.5,6.5,6,0,0,2,4,60,50,10,2,20,40,6.71666666666667,6.92,5.7,5.5,7,6.575,22
"22",2003,5,5.66666666666667,3,NA,5.66666666666667,NA,4,6.5,0,3,0,1,2,63,50,13,2,21,42,6.66666666666667,6.92,5.69230769230769,5.5,6.85714285714286,6.57142857142857,23
"23",2003,6,5.41666666666667,6,5.625,5,NA,5.375,5.5,4,2,0,4,2,69,54,15,2,25,44,6.55797101449275,6.82407407407407,5.6,5.5,6.62,6.52272727272727,24
"24",2003,7,7.36363636363636,11,7.5,7,NA,7.33333333333333,7.375,8,3,0,3,8,80,62,18,2,28,52,6.66875,6.91129032258065,5.83333333333333,5.5,6.69642857142857,6.65384615384615,25
"25",2003,8,5.16666666666667,6,5.33333333333333,5,6,NA,5.16666666666667,3,3,1,0,6,86,65,21,3,28,58,6.56395348837209,6.83846153846154,5.71428571428571,5.66666666666667,6.69642857142857,6.5,26
"26",2003,9,7.75,4,7.75,NA,NA,NA,7.75,4,0,0,0,4,90,69,21,3,28,62,6.61666666666667,6.89130434782609,5.71428571428571,5.66666666666667,6.69642857142857,6.58064516129032,27
"27",2003,10,6.6875,8,6.35714285714286,9,NA,6.66666666666667,6.7,7,1,0,3,5,98,76,22,3,31,67,6.62244897959184,6.84210526315789,5.86363636363636,5.66666666666667,6.69354838709677,6.58955223880597,28
"28",2003,11,7,3,8,5,NA,NA,7,2,1,0,0,3,101,78,23,3,31,70,6.63366336633663,6.87179487179487,5.82608695652174,5.66666666666667,6.69354838709677,6.60714285714286,29
"29",2003,12,5.6,5,7,3.5,NA,5.25,7,3,2,0,4,1,106,81,25,3,35,71,6.58490566037736,6.87654320987654,5.64,5.66666666666667,6.52857142857143,6.61267605633803,30
"30",2004,1,7,12,7.33333333333333,6,NA,7.33333333333333,6.66666666666667,9,3,0,6,6,118,90,28,3,41,77,6.6271186440678,6.92222222222222,5.67857142857143,5.66666666666667,6.64634146341463,6.61688311688312,31
"31",2004,2,6.11111111111111,9,7.33333333333333,3.66666666666667,NA,6.66666666666667,5.83333333333333,6,3,0,3,6,127,96,31,3,44,83,6.59055118110236,6.94791666666667,5.48387096774194,5.66666666666667,6.64772727272727,6.56024096385542,32
"32",2004,3,6.12857142857143,7,6.33333333333333,5.975,7.45,6.5,5.98,3,4,2,2,5,134,99,35,5,46,88,6.56641791044776,6.92929292929293,5.54,6.38,6.64130434782609,6.52727272727273,33
"33",2004,4,6.375,4,6.375,NA,NA,6.33333333333333,6.5,4,0,0,3,1,138,103,35,5,49,89,6.56086956521739,6.90776699029126,5.54,6.38,6.62244897959184,6.52696629213483,34
"34",2004,5,7.33333333333333,3,7.5,7,NA,5,8.5,2,1,0,1,2,141,105,36,5,50,91,6.57730496453901,6.91904761904762,5.58055555555556,6.38,6.59,6.57032967032967,35
"35",2004,6,6.57142857142857,7,6.57142857142857,NA,NA,7.66666666666667,5.75,7,0,0,3,4,148,112,36,5,53,95,6.57702702702703,6.89732142857143,5.58055555555556,6.38,6.65094339622642,6.53578947368421,36
"36",2004,7,6.25,8,7.2,4.66666666666667,5,4.66666666666667,7.2,5,3,1,3,5,156,117,39,6,56,100,6.56025641025641,6.91025641025641,5.51025641025641,6.15,6.54464285714286,6.569,37
"37",2004,8,7.5,2,7.5,NA,NA,8,7,2,0,0,1,1,158,119,39,6,57,101,6.57215189873418,6.92016806722689,5.51025641025641,6.15,6.57017543859649,6.57326732673267,38
"38",2004,9,7.5,8,7.8,7,6,7,7.57142857142857,5,3,1,1,7,166,124,42,7,58,108,6.61686746987952,6.95564516129032,5.61666666666667,6.12857142857143,6.57758620689655,6.63796296296296,39
"39",2004,10,7.31333333333333,15,7.20769230769231,8,9,7.8,7.07,13,2,1,5,10,181,137,44,8,63,118,6.67458563535912,6.97956204379562,5.725,6.4875,6.67460317460317,6.67457627118644,40
"40",2004,11,6.69166666666667,12,7.33333333333333,4.76666666666667,7.5,5.825,7.125,9,3,1,4,8,193,146,47,9,67,126,6.67564766839378,7.0013698630137,5.66382978723404,6.6,6.62388059701493,6.7031746031746,41
"41",2004,12,7.33333333333333,6,8.2,3,NA,9,6.5,5,1,0,2,4,199,151,48,9,69,130,6.69547738693467,7.04105960264901,5.60833333333333,6.6,6.69275362318841,6.69692307692308,42
"42",2005,1,6.85,12,6.85,NA,NA,8,6.46666666666667,12,0,0,3,9,211,163,48,9,72,139,6.7042654028436,7.02699386503068,5.60833333333333,6.6,6.74722222222222,6.68201438848921,43
"43",2005,2,8,10,8.57142857142857,6.66666666666667,NA,9.16666666666667,7.5,7,3,0,3,7,221,170,51,9,75,146,6.76289592760181,7.09058823529412,5.67058823529412,6.6,6.844,6.72123287671233,44
"44",2005,3,6.92857142857143,7,7.375,6.33333333333333,6.33333333333333,6.83333333333333,7,4,3,3,3,4,228,174,54,12,78,150,6.76798245614035,7.09712643678161,5.70740740740741,6.53333333333333,6.84358974358974,6.72866666666667,45
"45",2005,4,7.65555555555556,9,7.65555555555556,NA,NA,7.85,7.5,9,0,0,4,5,237,183,54,12,82,155,6.80168776371308,7.12459016393443,5.70740740740741,6.53333333333333,6.89268292682927,6.75354838709678,46
"46",2005,5,6.04166666666667,12,6.14285714285714,5.9,8.5,6.07142857142857,6,7,5,1,7,5,249,190,59,13,89,160,6.76506024096386,7.08842105263158,5.72372881355932,6.68461538461538,6.82808988764045,6.73,47
"47",2005,6,6.5875,8,6.94,6,NA,7,6.45,5,3,0,2,6,257,195,62,13,91,166,6.75953307392996,7.08461538461539,5.73709677419355,6.68461538461538,6.83186813186813,6.71987951807229,48
"48",2005,7,7.75,4,7.66666666666667,8,NA,10,7,3,1,0,1,3,261,198,63,13,92,169,6.77471264367816,7.09343434343434,5.77301587301587,6.68461538461538,6.86630434782609,6.72485207100592,49
"49",2005,8,6.875,8,6.875,NA,NA,6.9,6.83333333333333,8,0,0,5,3,269,206,63,13,97,172,6.77769516728625,7.08495145631068,5.77301587301587,6.68461538461538,6.8680412371134,6.72674418604651,50
"50",2005,9,6.88888888888889,9,6.88888888888889,NA,NA,7.75,6.2,9,0,0,4,5,278,215,63,13,101,177,6.78129496402878,7.07674418604651,5.77301587301587,6.68461538461538,6.9029702970297,6.71186440677966,51
"51",2005,10,7.25,6,7,8.5,8.5,7,7.375,5,1,1,2,4,284,220,64,14,103,181,6.79119718309859,7.075,5.815625,6.81428571428571,6.90485436893204,6.72651933701658,52
"52",2005,11,7.3,10,7.3,NA,NA,7.66666666666667,6.75,10,0,0,6,4,294,230,64,14,109,185,6.80850340136054,7.08478260869565,5.815625,6.81428571428571,6.94678899082569,6.72702702702703,53
"53",2005,12,6.54473684210526,19,6.59,6.375,8,7.2,6.31071428571429,15,4,1,5,14,313,245,68,15,114,199,6.79249201277955,7.05448979591837,5.84852941176471,6.89333333333333,6.95789473684211,6.69773869346734,54
"54",2006,1,6.64705882352941,17,7.18181818181818,5.66666666666667,4,7,5.8,11,6,1,12,5,330,256,74,16,126,204,6.785,7.0599609375,5.83378378378378,6.7125,6.96190476190476,6.67573529411765,55
"55",2006,2,7.46666666666667,15,7.57142857142857,6,NA,7.83333333333333,7.22222222222222,14,1,0,6,9,345,270,75,16,132,213,6.81463768115942,7.08648148148148,5.836,6.7125,7.00151515151515,6.69882629107981,56
"56",2006,3,6.9,10,7.375,5,7,6.5,7.16666666666667,8,2,1,4,6,355,278,77,17,136,219,6.81704225352113,7.09478417266187,5.81428571428571,6.72941176470588,6.98676470588235,6.71164383561644,57
"57",2006,4,8.05384615384615,13,8.18181818181818,7.35,NA,7.92857142857143,8.2,11,2,0,7,6,368,289,79,17,143,225,6.86073369565217,7.13615916955017,5.85316455696203,6.72941176470588,7.03286713286713,6.75133333333333,58
"58",2006,5,6.8125,8,6.64285714285714,8,8,4,7.75,7,1,1,2,6,376,296,80,18,145,231,6.85970744680851,7.12449324324324,5.88,6.8,6.99103448275862,6.77727272727273,59
"59",2006,6,7.12857142857143,14,7.4375,6.71666666666667,8,7.5,6.75714285714286,8,6,1,7,7,390,304,86,19,152,238,6.86935897435897,7.1327302631579,5.93837209302326,6.86315789473684,7.01447368421053,6.77668067226891,60
"60",2006,7,7.04545454545455,11,7.04545454545455,NA,NA,7.33333333333333,6.9375,11,0,0,3,8,401,315,86,19,155,246,6.87418952618454,7.12968253968254,5.93837209302326,6.86315789473684,7.02064516129032,6.78191056910569,61
"61",2006,8,6.45833333333333,12,6.6875,6,NA,6,6.55,8,4,0,2,10,413,323,90,19,157,256,6.86210653753027,7.1187306501548,5.94111111111111,6.86315789473684,7.00764331210191,6.7728515625,62
"62",2006,9,7.18181818181818,11,7.3,6,NA,7.25,7,10,1,0,8,3,424,333,91,19,165,259,6.87040094339623,7.12417417417418,5.94175824175824,6.86315789473684,7.01939393939394,6.77548262548263,63
"63",2006,10,6.8,5,7.5,6.33333333333333,NA,5,7.25,2,3,0,1,4,429,335,94,19,166,263,6.86958041958042,7.12641791044776,5.95425531914894,6.86315789473684,7.00722891566265,6.78269961977186,64
"64",2006,11,8.05555555555556,9,8.125,7.5,7.5,9.16666666666667,7.5,8,1,1,3,6,438,343,95,20,169,269,6.8939497716895,7.1497084548105,5.97052631578947,6.895,7.04556213017751,6.79869888475836,65
"65",2006,12,6.5375,20,6.57692307692308,6.46428571428571,5,7.1875,6.10416666666667,13,7,1,8,12,458,356,102,21,177,281,6.87838427947598,7.12879213483146,6.00441176470588,6.80476190476191,7.05197740112994,6.76903914590747,66
"66",2007,1,6.87678571428571,28,6.93958333333333,6.5,NA,6.82857142857143,6.89285714285714,24,4,0,7,21,486,380,106,21,184,302,6.87829218106996,7.11684210526316,6.02311320754717,6.80476190476191,7.04347826086956,6.77764900662252,67
"67",2007,2,6.588017,20,6.85714285714286,5.96005666666667,6.75,7.28571428571429,6.21233384615385,14,6,2,7,13,506,394,112,23,191,315,6.86681885375494,7.10761421319797,6.01973517857143,6.8,7.05235602094241,6.75431853968254,68
"68",2007,3,5.735,20,5.89285714285714,5.36666666666667,5,5.57,5.9,14,6,2,10,10,526,408,118,25,201,325,6.82378391634981,7.06593137254902,5.98652830508475,6.656,6.97860696517413,6.72803181538461,69
"69",2007,4,6.40625,16,6.5,6.125,4,6.33333333333333,6.42307692307692,12,4,1,3,13,542,420,122,26,204,338,6.81145819188192,7.04976190476191,5.99106836065574,6.55384615384615,6.96911764705882,6.71630278106509,70
"70",2007,5,7.01666666666667,18,7.33333333333333,6.38333333333333,6.5,6.325,7.21428571428571,12,6,2,4,14,560,432,128,28,208,352,6.81805417857143,7.05763888888889,6.00945578125,6.55,6.95673076923077,6.73610892045454,71
"71",2007,6,7.10625,8,7.32142857142857,5.6,NA,7.66666666666667,6.77,7,1,0,3,5,568,439,129,28,211,357,6.82211327464789,7.0618451025057,6.00628170542636,6.55,6.96682464454976,6.73658358543417,72
"72",2007,7,6.92307692307692,13,7.18181818181818,5.5,NA,6.83333333333333,7,11,2,0,6,7,581,450,131,28,217,364,6.82437235800344,7.06477777777778,5.99855221374046,6.55,6.96313364055299,6.74164928571428,73
"73",2007,8,6.97058823529412,17,7.42307692307692,5.5,NA,7.1875,6.77777777777778,13,4,0,8,9,598,463,135,28,225,373,6.82852899665552,7.07483801295896,5.9837802962963,6.55,6.97111111111111,6.74252101876676,74
"74",2007,9,6.90555555555556,18,7.25384615384615,6,NA,6.25,7.09285714285714,13,5,0,4,14,616,476,140,28,229,387,6.83077977272727,7.0797268907563,5.98435957142857,6.55,6.95851528384279,6.75519467700258,75
"75",2007,10,7.05882352941176,17,7.38461538461539,6,7,6.25,7.30769230769231,13,4,1,4,13,633,489,144,29,233,400,6.83690417061611,7.08783231083845,5.98479402777778,6.56551724137931,6.94635193133047,6.77315085,76
"76",2007,11,6.91481481481481,27,6.96521739130435,6.625,6.75,7.78571428571429,6.61,23,4,2,7,20,660,512,148,31,240,420,6.84009142424243,7.08232421875,6.00209689189189,6.57741935483871,6.97083333333333,6.76538176190476,77
"77",2007,12,6.72592592592593,27,6.79761904761905,6.475,8,6.875,6.63823529411765,21,6,2,10,17,687,533,154,33,250,437,6.8356045705968,7.07110694183865,6.02052168831169,6.66363636363636,6.967,6.76043556064073,78
"78",2008,1,7.32692307692308,26,7.34210526315789,7.28571428571429,7.66666666666667,7.6875,7.16666666666667,19,7,3,8,18,713,552,161,36,258,455,6.85352081346424,7.0804347826087,6.0755300621118,6.74722222222222,6.98934108527132,6.77650624175824,79
"79",2008,2,6.875,24,6.89473684210526,6.8,NA,6.86363636363636,6.88461538461539,19,5,0,11,13,737,571,166,36,269,468,6.85422027137042,7.07425569176883,6.09735144578313,6.74722222222222,6.98420074349442,6.77950927350427,80
"80",2008,3,7.01315789473684,19,7.140625,6.33333333333333,7,8,6.66071428571429,16,3,1,5,14,756,587,169,37,274,482,6.85821473544974,7.07606473594549,6.10154047337278,6.75405405405405,7.00273722627737,6.7760587966805,81
"81",2008,4,6.65652173913043,23,7.18235294117647,5.16666666666667,4,6.36,6.88461538461539,17,6,2,10,13,779,604,175,39,284,495,6.85225974326059,7.07905629139073,6.06948765714286,6.61282051282051,6.98010563380282,6.77890977777778,82
"82",2008,5,7.70588235294118,17,7.8125,6,6,7.5625,7.83333333333333,16,1,1,8,9,796,620,176,40,292,504,6.87049037688442,7.09798387096774,6.06909284090909,6.5975,6.99606164383562,6.79773876984127,83
"83",2008,6,7.10869565217391,23,7.125,7,7,7.4375,6.93333333333333,20,3,1,8,15,819,640,179,41,300,519,6.8771799023199,7.098828125,6.08469463687151,6.60731707317073,7.00783333333333,6.80165768786127,84
"84",2008,7,6.52083333333333,24,7.95,5.5,5.68181818181818,5.14285714285714,7.08823529411765,10,14,11,7,17,843,650,193,52,307,536,6.86703480427046,7.11192307692308,6.04228155440415,6.41153846153846,6.96530944625407,6.81074690298507,85
"85",2008,8,7.05555555555556,27,7.32352941176471,6.6,7,7.5,6.86842105263158,17,10,7,8,19,870,667,203,59,315,555,6.87288544827586,7.11731634182909,6.06975536945813,6.48135593220339,6.97888888888889,6.81272133333333,86
"86",2008,9,7.52142857142857,21,8.01428571428571,6.53571428571429,7,7.15,7.75,14,7,2,8,13,891,681,210,61,323,568,6.88817097643098,7.13575624082232,6.08528733333334,6.4983606557377,6.98312693498452,6.83417313380281,87
"87",2008,10,6.36944444444444,18,7.42272727272727,4.71428571428571,5,7.10833333333333,6,11,7,3,6,12,909,692,217,64,329,580,6.87789916391639,7.14031791907515,6.04106147465438,6.428125,6.9854103343465,6.81691437931034,88
"88",2008,11,6.375,16,6.6,6,5.875,6.9375,5.8125,10,6,4,8,8,925,702,223,68,337,588,6.86920036756757,7.13262108262108,6.03995668161435,6.39558823529412,6.98427299703264,6.80324887755102,89
"89",2008,12,7.22222222222222,9,7.3,7.125,6.5,7.875,6.7,5,4,3,4,5,934,707,227,71,341,593,6.8726020770878,7.13380480905233,6.0590763876652,6.4,6.99472140762463,6.80237831365936,90
"90",2009,1,6.96818181818182,33,7.1,6.70454545454545,6,6.66666666666667,7.14047619047619,22,11,5,12,21,967,729,238,76,353,614,6.87586384694933,7.13278463648834,6.08890899159664,6.37368421052632,6.98356940509915,6.8139419218241,91
"91",2009,2,6.62352941176471,34,7.13235294117647,6.11470588235294,6.24444444444444,7.375,6.4625,17,17,9,6,28,1001,746,255,85,359,642,6.86729304695305,7.13277479892761,6.09062878431373,6.36,6.99011142061281,6.79861423676012,92
"92",2009,3,6.89583333333333,24,6.95833333333333,6.83333333333333,7.5,7,6.86842105263158,12,12,4,5,19,1025,758,267,89,364,661,6.86796130731707,7.13001319261214,6.12400876404495,6.41123595505618,6.99024725274725,6.80062078668684,93
"93",2009,4,6.72,25,7.33333333333333,5.8,5.25,6.41666666666667,6.81578947368421,15,10,4,6,19,1050,773,277,93,370,680,6.86443841904762,7.13395860284605,6.1123116967509,6.36129032258065,6.98094594594594,6.80104461764706,94
"94",2009,5,6.60135135135135,37,7.34523809523809,5.625,5.5,6.75,6.5462962962963,21,16,9,10,27,1087,794,293,102,380,707,6.85548329346826,7.13954659949622,6.08570081911263,6.28529411764706,6.97486842105263,6.79131589816124,95
"95",2009,6,6.92758620689655,29,7.4125,6.33076923076923,7.0375,7.21818181818182,6.75,16,13,8,11,18,1116,810,306,110,391,725,6.85735693548387,7.14493827160494,6.09611222222222,6.34,6.98171355498721,6.79029012413793,96
"96",2009,7,6.58888888888889,27,7.35714285714286,5.76153846153846,5.4,5.0625,7.23157894736842,14,13,5,8,19,1143,824,319,115,399,744,6.85101517060367,7.14854368932039,6.08247755485894,6.29913043478261,6.94323308270677,6.80155959677419,97
"97",2009,8,7.42391304347826,23,7.625,6.96428571428571,7.2,6.8,7.59722222222222,16,7,5,5,18,1166,840,326,120,404,762,6.86231590051458,7.15761904761905,6.10141208588957,6.33666666666667,6.9414603960396,6.82035477690289,98
"98",2009,9,6.82105263157895,38,7.0304347826087,6.5,5.875,6.85714285714286,6.81290322580645,23,15,8,7,31,1204,863,341,128,411,793,6.86101357142857,7.15422943221321,6.11894527859238,6.3078125,6.94002433090024,6.82006348045397,99
"99",2009,10,6.62115384615385,26,6.853125,6.25,6.8,6.35,6.790625,16,10,5,10,16,1230,879,351,133,421,809,6.85594336585366,7.14874857792947,6.12267903133903,6.32631578947368,6.92600950118765,6.81948126081582,100
"100",2009,11,6.67692307692308,26,7.40666666666667,5.68181818181818,6.2,7.125,6.47777777777778,15,11,5,8,18,1256,894,362,138,429,827,6.85223753184713,7.15307606263982,6.10928270718232,6.32173913043478,6.92972027972028,6.81204394195889,101
"101",2009,12,7.448,25,7.57692307692308,7.30833333333333,7.5,7.75,7.39047619047619,13,12,1,4,21,1281,907,374,139,433,848,6.86386443403591,7.15915104740904,6.1477549197861,6.33021582733813,6.93729792147806,6.8263683254717,102
"102",2010,1,6.93076923076923,26,6.90909090909091,6.94666666666667,6.3,7.2,6.86666666666667,11,15,5,5,21,1307,918,389,144,438,869,6.8651953634277,7.15615468409586,6.17856128534704,6.32916666666667,6.94029680365297,6.82734216340621,103
"103",2010,2,7.09375,16,7.15,7,7.75,6.66666666666667,7.19230769230769,10,6,4,3,13,1323,928,395,148,441,882,6.86795944066516,7.15608836206897,6.19103883544304,6.36756756756757,6.93843537414966,6.8327214739229,104
"104",2010,3,6.97222222222222,18,7.03333333333333,6.66666666666667,NA,7.83333333333333,6.8,15,3,0,3,15,1341,943,398,148,444,897,6.86935894108874,7.15413573700954,6.19462396984925,6.36756756756757,6.94448198198198,6.83217429208473,105
"105",2010,4,7.27777777777778,9,8,6.375,5.75,7.5,7.21428571428571,5,4,2,2,7,1350,948,402,150,446,904,6.87208173333334,7.1585970464135,6.19641875621891,6.35933333333333,6.9469730941704,6.83513311946902,106
"106",2010,5,6.9,11,6.8,7.16666666666667,NA,8.45,6.55555555555556,8,3,0,2,9,1361,956,405,150,448,913,6.87230737692873,7.15559623430962,6.20360577777778,6.35933333333333,6.95368303571428,6.83237715224534,107
"107",2010,6,7.41666666666667,6,7.33333333333333,7.5,NA,7.5,7.375,3,3,0,2,4,1367,959,408,150,450,917,6.87469666422824,7.15615224191867,6.21313808823529,6.35933333333333,6.95611111111111,6.83474410032715,108
"108",2010,7,7.625,8,8.5,7.1,7.5,8.5,7.33333333333333,3,5,1,2,6,1375,962,413,151,452,923,6.87906206545455,7.16034303534304,6.22387491525424,6.36688741721854,6.9629424778761,6.83798520043337,109
"109",2010,8,7.76666666666667,15,8.4,6.5,NA,7.625,7.81818181818182,10,5,0,4,11,1390,972,418,151,456,934,6.8886405323741,7.17309670781893,6.22717784688995,6.36688741721854,6.96875,6.84952927194861,110
"110",2010,9,7.78571428571429,14,7.63636363636364,8.33333333333333,NA,8.625,7.45,11,3,0,4,10,1404,983,421,151,460,944,6.89758571225071,7.17828077314344,6.24218608076009,6.36688741721854,6.98315217391304,6.85589019067796,111
"111",2010,10,6.65333333333333,15,6.91666666666667,6.47777777777778,5.9,6,6.98,6,9,5,5,10,1419,989,430,156,465,954,6.89500376321353,7.17669362992922,6.24711706976744,6.35192307692308,6.97258064516129,6.85719113207547,112
"112",2010,11,6.44375,16,7.01111111111111,5.71428571428571,6,8.15,5.875,9,7,2,4,12,1435,998,437,158,469,966,6.88997236236934,7.1752004008016,6.23858201372998,6.34746835443038,6.98262260127932,6.84499,113
"113",2010,12,6.7,25,7.3,5.8,5.33333333333333,7.35,6.26666666666667,15,10,3,10,15,1460,1013,447,161,479,981,6.8867194109589,7.17704837117473,6.22877033557047,6.32857142857143,6.99029227557411,6.83614713557594,114
"114",2011,1,6.348,25,6.58,6,5.41666666666667,5.27777777777778,6.95,15,10,6,9,16,1485,1028,457,167,488,997,6.87765006060606,7.16833657587549,6.22376442013129,6.29580838323353,6.95870901639344,6.83797426278836,115
"115",2011,2,7.15625,16,7,7.5,8.25,7.125,7.16666666666667,11,5,2,4,12,1501,1039,462,169,492,1009,6.8806198134577,7.16655437921078,6.23757649350649,6.3189349112426,6.96006097560976,6.84188338949455,116
"116",2011,3,6.68421052631579,19,7.04545454545455,6.1875,6.5,7.83333333333333,6.46875,11,8,4,3,16,1520,1050,470,173,495,1025,6.87816469736842,7.16528571428571,6.23672412765958,6.32312138728324,6.96535353535353,6.83605886829268,117
"117",2011,4,7.53571428571429,14,7.86363636363636,6.33333333333333,8,6.9,7.88888888888889,11,3,1,5,9,1534,1061,473,174,500,1034,6.88416580182529,7.17252591894439,6.23733687103594,6.33275862068966,6.9647,6.84522276595745,118
"118",2011,5,6.46875,16,6.9,5.75,4.83333333333333,5.4,6.95454545454545,10,6,3,5,11,1550,1071,479,177,505,1045,6.87987763870968,7.16998132586368,6.23123244258873,6.30734463276836,6.94920792079208,6.84637353110048,119
"119",2011,6,7.21666666666667,15,7.59375,6.78571428571429,6,7.0625,7.27272727272727,8,7,3,4,11,1565,1079,486,180,509,1056,6.8831056485623,7.17312326227989,6.23921880658436,6.30222222222222,6.95009823182711,6.85081471590909,120
"120",2011,7,6.95833333333333,12,7.7,6.42857142857143,6.5,8.16666666666667,6.55555555555556,5,7,1,3,9,1577,1084,493,181,512,1065,6.88367808497147,7.17555350553506,6.24190738336714,6.30331491712707,6.9572265625,6.84831956807512,121
"121",2011,8,7.11111111111111,18,7.30769230769231,6.6,7.5,8.16666666666667,6.9,13,5,2,3,15,1595,1097,498,183,515,1080,6.88624472727273,7.1771194165907,6.24550269076305,6.31639344262295,6.96427184466019,6.84903735185185,122
"122",2011,9,7.03571428571429,14,8,6.65,4.33333333333333,6,7.31818181818182,4,10,3,3,11,1609,1101,508,186,518,1091,6.88754527035426,7.18010899182561,6.25346523622047,6.28440860215054,6.95868725868726,6.85376749770852,123
"123",2011,10,7.57142857142857,14,7.41666666666667,8.5,NA,NA,7.57142857142857,12,2,0,0,14,1623,1113,510,186,518,1105,6.89344444855207,7.18265947888589,6.26227517647059,6.28440860215054,6.95868725868726,6.86286003619909,124
"124",2011,11,7.14285714285714,21,7.05,7.22727272727273,7.25,6.25,7.5,10,11,6,6,15,1644,1123,521,192,524,1120,6.89663037712895,7.18147818343722,6.2826494049904,6.31458333333333,6.95057251908397,6.87139316071428,125
"125",2011,12,7.44117647058824,17,7.96428571428571,5,NA,7.4,7.45833333333333,14,3,0,5,12,1661,1137,524,192,529,1132,6.90220369656833,7.19111697449428,6.27530599236641,6.31458333333333,6.95482041587902,6.87761514134275,126
"126",2012,1,6.93,20,7.3,6.375,6.16666666666667,6.6,7.0125,12,8,3,4,16,1681,1149,532,195,533,1148,6.90253440809042,7.19225413402959,6.27680515037594,6.31230769230769,6.95215759849906,6.87949506968641,127
"127",2012,2,7.092,25,7.73,6.66666666666667,6.55555555555556,7.28571428571429,7.01666666666667,10,15,9,7,18,1706,1159,547,204,540,1166,6.90531086752638,7.19689387402933,6.2874960511883,6.32303921568627,6.95648148148148,6.88161264150943,128
"128",2012,3,7.07142857142857,14,7.6,5.75,5.66666666666667,6.83333333333333,7.13636363636364,10,4,3,3,11,1720,1169,551,207,543,1177,6.90666298837209,7.20034217279726,6.28359408348458,6.31352657004831,6.95580110497237,6.88399349192863,129
"129",2012,4,7.45833333333333,12,7.5,7.375,7.16666666666667,7,7.5,8,4,3,1,11,1732,1177,555,210,544,1188,6.91048518475751,7.20237892948173,6.29146007207207,6.32571428571429,6.95588235294118,6.88969725589225,130
"130",2012,5,7.30588235294118,17,7.44666666666667,6.25,5.5,7.45714285714286,7.2,15,2,1,7,10,1749,1192,557,211,551,1198,6.91432838193253,7.20545302013423,6.29131120287253,6.3218009478673,6.96225045372051,6.89228742904841,131
"131",2012,6,7.125,8,7.66666666666667,5.5,NA,NA,7.125,6,2,0,0,8,1757,1198,559,211,551,1206,6.91528761525327,7.20776293823038,6.28848003577818,6.3218009478673,6.96225045372051,6.89383112769486,132
"132",2012,7,7.246,20,7.27272727272727,7.21333333333333,6.66666666666667,6.66666666666667,7.34823529411765,11,9,3,3,17,1777,1209,568,214,554,1223,6.91900975801913,7.20835401157982,6.30313440140845,6.32663551401869,6.96064981949458,6.90014745707277,133
"133",2012,8,7.43333333333333,15,7.66666666666667,6.5,6,7,7.54166666666667,12,3,1,3,12,1792,1221,571,215,557,1235,6.923314921875,7.21285831285831,6.30416872154116,6.32511627906977,6.96086175942549,6.90638084210526,134
"134",2012,9,6.76315789473684,19,7.11538461538461,6,7,6.5,6.8125,13,6,1,3,16,1811,1234,577,216,560,1251,6.92163464384318,7.21183144246353,6.30100578856153,6.32824074074074,6.95839285714286,6.90518012789768,135
"135",2012,10,6.31818181818182,22,6.5,6.21428571428571,6,5.6,6.52941176470588,8,14,5,5,17,1833,1242,591,221,565,1268,6.91439189307147,7.20724637681159,6.29895150592217,6.32081447963801,6.94637168141593,6.90014222397476,136
"136",2012,11,7.03888888888889,18,7.375,6.77,NA,7,7.04375,8,10,0,2,16,1851,1250,601,221,567,1284,6.91560256077796,7.20832,6.30678925124792,6.32081447963801,6.94656084656085,6.90193172897196,137
"137",2012,12,7.35714285714286,21,8,6.65,5.75,8.1,7.125,11,10,4,5,16,1872,1261,611,225,572,1300,6.92055573717949,7.2152260111023,6.31240644844517,6.31066666666667,6.95664335664336,6.90467718461538,138
"138",2013,1,7.32714285714286,28,7.45888888888889,7.09,6,8.2,7.13739130434783,18,10,2,5,23,1900,1279,621,227,577,1323,6.92654754736842,7.21865519937451,6.32492808373591,6.3079295154185,6.96741767764298,6.90872285714286,139
"139",2013,2,6.94444444444444,9,7.66666666666667,5.5,7,4.75,7.57142857142857,6,3,1,2,7,1909,1285,624,228,579,1330,6.9266319224725,7.22074708171206,6.32096208333334,6.3109649122807,6.95975820379966,6.91221078195489,140
"140",2013,3,6.41666666666667,12,7.5,5.64285714285714,5,8.16666666666667,5.83333333333333,5,7,2,3,9,1921,1290,631,230,582,1339,6.92344629880271,7.22182945736434,6.31343952456419,6.2995652173913,6.9659793814433,6.90495917849141,141
"141",2013,4,7.5,11,7.5,7.5,NA,9,7.35,8,3,0,1,10,1932,1298,634,230,583,1349,6.92672895445135,7.2235439137134,6.31905416403786,6.2995652173913,6.96946826758148,6.90825822090437,142
"142",2013,5,7.22222222222222,18,7.77272727272727,6.35714285714286,6.16666666666667,8.5,7.0625,11,7,3,2,16,1950,1309,641,233,585,1365,6.92945658461539,7.22815889992361,6.31947010920437,6.29785407725322,6.97470085470085,6.91006618315018,143
"143",2013,6,7.1,10,8.75,6,6.66666666666667,6,7.57142857142857,4,6,3,3,7,1960,1313,647,236,588,1372,6.93032670408163,7.23279512566641,6.31650748068006,6.30254237288136,6.96972789115646,6.91344048104956,144
"144",2013,7,6.35882352941176,17,7.52,5.875,5.5,4.25,7.00769230769231,5,12,7,4,13,1977,1318,659,243,592,1385,6.92541241274659,7.2338846737481,6.30846789074355,6.27942386831276,6.95135135135135,6.91432515523466,145
"145",2013,8,7.325,10,7.89285714285714,6,3,3,7.80555555555556,7,3,1,1,9,1987,1325,662,244,593,1394,6.92742342224459,7.23736603773585,6.30707,6.26598360655738,6.94468802698145,6.92007915351506,146
"146",2013,9,7.05,20,7.65384615384615,5.92857142857143,4,8.16666666666667,6.85294117647059,13,7,2,3,17,2007,1338,669,246,596,1411,6.92864491280518,7.24141255605381,6.30310962630792,6.24756097560976,6.9508389261745,6.91927026222537,147
"147",2013,10,6.82352941176471,17,7,6.4,5.75,6.85714285714286,6.8,12,5,4,7,10,2024,1350,674,250,603,1421,6.9277620256917,7.23926666666667,6.30382839762611,6.2396,6.94975124378109,6.91843092188599,148
"148",2013,11,6.73333333333333,18,8.2,6.16923076923077,6.11666666666667,8,6.48,5,13,6,3,15,2042,1355,687,256,606,1436,6.92604815866797,7.24281180811808,6.301281426492,6.23671875,6.9549504950495,6.91385121169916,149
"149",2013,12,6.64285714285714,14,7.3125,5.75,5.33333333333333,6.875,6.55,8,6,3,4,10,2056,1363,693,259,610,1446,6.9241198151751,7.24322083639032,6.29650842712843,6.22625482625483,6.9544262295082,6.91133495159059,150
"150",2014,1,6.59259259259259,27,7.21428571428571,5.92307692307692,6,6.5,6.61363636363636,14,13,7,5,22,2083,1377,706,266,615,1468,6.91982253480557,7.24292665214234,6.28963220963173,6.2203007518797,6.95073170731707,6.90687352861035,151
"151",2014,2,7.12,25,7.58333333333333,6.69230769230769,6.33333333333333,7,7.125,12,13,6,1,24,2108,1389,719,272,616,1492,6.92219655597723,7.24586753059755,6.2969128511822,6.22279411764706,6.95081168831169,6.91038226541555,152
"152",2014,3,7.23333333333333,12,6.97142857142857,7.6,8,7.5,7.1,7,5,1,4,8,2120,1396,724,273,620,1500,6.92395770754717,7.24449140401146,6.30591207182321,6.22930402930403,6.95435483870968,6.91139356,153
"153",2014,4,6.5625,16,7.22222222222222,5.71428571428571,7,8.5,6.43333333333333,9,7,1,1,15,2136,1405,731,274,621,1515,6.92125015917603,7.2443487544484,6.30024670314638,6.23211678832117,6.95684380032206,6.90666029042904,154
"154",2014,5,6.75,8,7,6.33333333333333,6,NA,6.75,5,3,2,0,8,2144,1410,734,276,621,1523,6.92061116604478,7.24348226950355,6.30038193460491,6.23043478260869,6.95684380032206,6.9058373867367,155
"155",2014,6,7.20833333333333,12,7.16666666666667,7.33333333333333,8,10,6.65,9,3,2,2,10,2156,1419,737,278,623,1533,6.92221258812616,7.24299506694855,6.30458662143826,6.2431654676259,6.96661316211878,6.90416851924331,156
"156",2014,7,7.73076923076923,13,8.22727272727273,5,NA,6.2,8.6875,11,2,0,5,8,2169,1430,739,278,628,1541,6.92705870908253,7.25056643356643,6.30105594046008,6.2431654676259,6.96050955414013,6.91342656716418,157
"157",2014,8,7.65,18,8.02,7.1875,7.33333333333333,9.25,7.45,10,8,3,2,16,2187,1440,747,281,630,1557,6.93300884316415,7.25590972222222,6.31054931726908,6.25480427046263,6.96777777777778,6.91894048811818,158
"158",2014,9,7,11,7.85714285714286,5.5,8,6.75,7.14285714285714,7,4,1,4,7,2198,1447,751,282,634,1564,6.93334410373067,7.25881824464409,6.30623214380826,6.26099290780142,6.96640378548896,6.91994267263427,159
"159",2014,10,6.75,22,6.96666666666667,6.28571428571429,6,5.4,7.14705882352941,15,7,3,5,17,2220,1462,758,285,639,1581,6.93152718018018,7.25582079343365,6.30604266490765,6.25824561403509,6.95414710485133,6.92238478178368,160
"160",2014,11,7.3,10,7.5,6.5,8,7.25,7.3125,8,2,1,2,8,2230,1470,760,286,641,1589,6.93317952466368,7.25714965986395,6.30655307894737,6.26433566433566,6.95507020280811,6.92434886091882,161
"161",2014,12,6.9075,20,7.39615384615385,6,6,5.89,7.24666666666667,13,7,2,5,15,2250,1483,767,288,646,1604,6.93295126222222,7.25836817262306,6.30375533246415,6.2625,6.946826625387,6.92736305486284,162
"162",2015,1,5.92307692307692,13,7.375,5.27777777777778,5.5,7,5.44444444444444,4,9,4,4,9,2263,1487,776,292,650,1613,6.92714995139196,7.25868190988568,6.29185610824742,6.25205479452055,6.94715384615385,6.91908886546807,163
"163",2015,2,6.92857142857143,14,7.6,6.55555555555556,5.6,6,7.08333333333333,5,9,5,2,12,2277,1492,785,297,652,1625,6.92715869126043,7.25982573726542,6.29487941401274,6.24107744107744,6.94424846625767,6.92030174769231,164
"164",2015,3,6.54545454545455,11,7.33333333333333,3,4,4,6.8,9,2,1,1,10,2288,1501,787,298,653,1635,6.92532357517483,7.26026648900733,6.28650614993647,6.23355704697987,6.93973966309341,6.91956595718654,165
"165",2015,4,6.37222222222222,18,6.83636363636364,5.64285714285714,7.5,5.45,6.83333333333333,11,7,2,6,12,2306,1512,794,300,659,1647,6.92100621856028,7.25718253968254,6.28083166246851,6.242,6.92617602427921,6.91893766848816,166
"166",2015,5,6.81666666666667,15,7.8,6.325,6.33333333333333,6.5,6.86538461538461,5,10,3,2,13,2321,1517,804,303,661,1660,6.92033190004309,7.25897165458141,6.2813810199005,6.24290429042904,6.92488653555219,6.91851827710843,167
"167",2015,6,7.25,8,9,5.5,5,6,7.66666666666667,4,4,1,2,6,2329,1521,808,304,663,1666,6.92146429368828,7.26355029585799,6.2775127970297,6.23881578947368,6.92209653092006,6.92121268907563,168
"168",2015,7,7.13636363636364,11,7.42857142857143,6.625,8,8,7.05,7,4,1,1,10,2340,1528,812,305,664,1676,6.92247450427351,7.26430628272251,6.27922455665025,6.24459016393443,6.92371987951807,6.9219811097852,169
"169",2015,8,7.22727272727273,11,7.8125,5.66666666666667,NA,NA,7.22727272727273,8,3,0,0,11,2351,1536,815,305,664,1687,6.92390061250532,7.26716145833333,6.27696974233129,6.24459016393443,6.92371987951807,6.92397174866627,170
"170",2015,9,6.41666666666667,12,6.35714285714286,6.5,6.5,6.75,6.35,7,5,3,2,10,2363,1543,820,308,666,1697,6.92132473127381,7.26303305249514,6.27832968292683,6.24707792207792,6.9231981981982,6.92058947554508,171
"171",2015,10,6.625,8,6.8,6.33333333333333,4,5,7.16666666666667,5,3,1,2,6,2371,1548,823,309,668,1703,6.9203249008857,7.26153746770026,6.27853018226003,6.23980582524272,6.91744011976048,6.92145645331768,172
"172",2015,11,6.92857142857143,21,7.54166666666667,6.11111111111111,6.6,7.7,6.6875,12,9,5,5,16,2392,1560,832,314,673,1719,6.92039729933111,7.26369230769231,6.27671915865385,6.24554140127389,6.92325408618128,6.91927884816754,173
"173",2015,12,7.88888888888889,9,8,7.5,7.5,8.75,7.64285714285714,7,2,2,2,7,2401,1567,834,316,675,1726,6.9240276301541,7.2669814932993,6.27965268585132,6.25348101265823,6.92866666666667,6.92221340672074,174
"174",2016,1,7.48,10,8.16,6.8,6.33333333333333,6.6,7.85714285714286,5,5,3,3,7,2411,1572,839,319,678,1733,6.92633361260888,7.26982188295165,6.2827536829559,6.25423197492163,6.92721238938053,6.92598980957877,175
"175",2016,2,7.41666666666667,12,7.16666666666667,7.66666666666667,7,NA,7.41666666666667,6,6,3,0,12,2423,1578,845,322,678,1745,6.92876200577796,7.26942965779468,6.29258028402367,6.2611801242236,6.92721238938053,6.92936409169054,176
"176",2016,3,7.01428571428571,14,7.6,6.42857142857143,5.25,7.05,7,7,7,4,4,10,2437,1585,852,326,682,1755,6.92925331965531,7.27088958990536,6.29369758215963,6.24877300613497,6.92793255131965,6.92976657549858,177
"177",2016,4,7.38888888888889,9,7.16666666666667,7.83333333333333,8.25,5,7.6875,6,3,2,1,8,2446,1591,855,328,683,1763,6.93094453802126,7.27049654305468,6.2990998128655,6.2609756097561,6.92510980966325,6.93320495745888,178
"178",2016,5,8.18181818181818,11,8.33333333333333,7.5,NA,8,8.33333333333333,9,2,0,5,6,2457,1600,857,328,688,1769,6.93654470492471,7.276475,6.30190238039673,6.2609756097561,6.93292151162791,6.93795383832674,179
"179",2016,6,8,13,8.57142857142857,7.33333333333333,7.2,7.66666666666667,8.1,7,6,5,3,10,2470,1607,863,333,691,1779,6.94214183805668,7.28211574362166,6.30907339513326,6.27507507507508,6.93610709117221,6.94448585722316,180
"180",2016,7,7.30769230769231,13,7.33333333333333,7.25,7,6.66666666666667,7.5,9,4,2,3,10,2483,1616,867,335,694,1789,6.94405571486106,7.28240099009901,6.31341446366782,6.27940298507463,6.93494236311239,6.94759102291783,181
"181",2016,8,7.88235294117647,17,8.14285714285714,6.66666666666667,7,9,7.73333333333333,14,3,1,2,15,2500,1630,870,336,696,1804,6.950436136,7.28979141104294,6.31463257471265,6.28154761904762,6.94087643678161,6.95412435698448,182
"182",2016,9,7.86315789473684,19,8.14117647058823,5.5,4,9,7.8,17,2,1,1,18,2519,1647,872,337,697,1822,6.95732050019849,7.29857923497268,6.31276415137615,6.27477744807122,6.94383070301291,6.96248097694841,183
"183",2016,10,7.93076923076923,13,8.2625,7.4,7.66666666666667,NA,7.93076923076923,8,5,3,0,13,2532,1655,877,340,697,1835,6.96231845971564,7.30323867069486,6.31896275940707,6.28705882352941,6.94383070301291,6.96934078474114,184
"184",2016,11,7.19230769230769,13,7.5,6.83333333333333,6,6.66666666666667,7.35,7,6,3,3,10,2545,1662,883,343,700,1845,6.96349325736739,7.30406738868833,6.32245791619479,6.28454810495627,6.94264285714286,6.97140397831978,185
"185",2016,12,7.13888888888889,18,7.11111111111111,7.16666666666667,7,6.85714285714286,7.31818181818182,9,9,2,7,11,2563,1671,892,345,707,1856,6.96472506437768,7.30302812687014,6.33097571748879,6.28869565217391,6.94179632248939,6.97345923491379,186
"186",2017,1,7.03684210526316,19,7.27,6.77777777777778,7.4,6.33333333333333,7.16875,10,9,5,3,16,2582,1681,901,350,710,1872,6.96525574748257,7.30283164782867,6.3354387791343,6.30457142857143,6.93922535211268,6.97512838675214,187
"187",2017,2,7.83333333333333,21,8.34615384615385,7,8,8,7.80555555555556,13,8,3,3,18,2603,1694,909,353,713,1890,6.97225906262006,7.31083825265643,6.34128750275028,6.31898016997167,6.94368863955119,6.98303721693122,188
"188",2017,3,6.6,15,7,6.14285714285714,NA,8,6.38461538461539,8,7,0,2,13,2618,1702,916,353,715,1903,6.9701261802903,7.30937720329025,6.33977111353712,6.31898016997167,6.94664335664336,6.97894920651603,189
"189",2017,4,6.85416666666667,24,7.65,6.28571428571429,6.64285714285714,7.25,6.775,10,14,7,4,20,2642,1712,930,360,719,1923,6.9690728009084,7.31136682242991,6.33895735483871,6.32527777777778,6.94833101529903,6.976828049922,190
"190",2017,5,7.8,10,8,7,NA,NA,7.8,8,2,0,0,10,2652,1720,932,360,719,1933,6.97220601055807,7.31456976744186,6.34037590128755,6.32527777777778,6.94833101529903,6.98108657009829,191
"191",2017,6,7.8,14,7.92727272727273,7.33333333333333,7,7.55,7.9,11,3,2,4,10,2666,1731,935,362,723,1943,6.97655301575394,7.31846331600231,6.34356186096257,6.32900552486188,6.95165975103734,6.98581592382913,192
"192",2017,7,6.65384615384615,13,7.15,5,NA,7,6.59090909090909,10,3,0,2,11,2679,1741,938,362,725,1954,6.97498706233669,7.31749569213096,6.33926475479744,6.32900552486188,6.95179310344828,6.98359280450358,193
"193",2017,8,8.05882352941176,17,8.5,7,6.66666666666667,8.2,8,12,5,3,5,12,2696,1753,943,365,730,1966,6.98182134272997,7.32559041642898,6.34276812301167,6.33178082191781,6.96034246575342,6.98979671414039,194
"194",2017,9,7.08333333333333,12,6.77777777777778,8,8,NA,7.08333333333333,9,3,1,0,12,2708,1762,946,366,730,1978,6.98227117429838,7.3227922814983,6.34802361522199,6.33633879781421,6.96034246575342,6.99036417593529,195
"195",2017,10,7.150625,16,7.15666666666667,7.14285714285714,7.33333333333333,7,7.17214285714286,9,7,6,2,14,2724,1771,953,372,732,1992,6.98326003671072,7.32194805194805,6.35386184679958,6.35241935483871,6.96045081967213,6.99164173694779,196
"196",2017,11,7.6,15,7.81818181818182,7,7,8.33333333333333,7.41666666666667,11,4,1,3,12,2739,1782,957,373,735,2004,6.98663758305951,7.32501122334456,6.35656252873563,6.35415549597855,6.96605442176871,6.99418679640719,197
"197",2017,12,7.54166666666667,12,8.42857142857143,6.3,NA,9,7.40909090909091,7,5,0,1,11,2751,1789,962,373,736,2015,6.98905864776445,7.32932923420906,6.35626854469855,6.35415549597855,6.96881793478261,6.99645178163772,198
"198",2018,1,7.40625,16,7.77777777777778,6.92857142857143,NA,8,7.36666666666667,9,7,0,1,15,2767,1798,969,373,737,2030,6.99147102999639,7.33157397107898,6.36040282765738,6.35415549597855,6.9702170963365,6.99918735960591,199
"199",2018,2,6.92307692307692,13,7.2,6,6,7,6.91666666666667,10,3,2,1,12,2780,1808,972,375,738,2042,6.99115120143885,7.33084623893805,6.35929047325103,6.35226666666667,6.97025745257452,6.99870241919687,200
"200",2018,3,7.45,10,7.75,6.25,8,NA,7.45,8,2,1,0,10,2790,1816,974,376,738,2052,6.99279582078853,7.33269273127753,6.35906605749487,6.35664893617021,6.97025745257452,7.0009017251462,201
"201",2018,4,8.66666666666667,6,9,7,NA,NA,8.66666666666667,5,1,0,0,6,2796,1821,975,376,738,2058,6.99638781831188,7.33727073036793,6.35972342564103,6.35664893617021,6.97025745257452,7.00575818270165,202
"202",2018,5,6.54545454545455,11,8,5.71428571428571,NA,NA,6.54545454545455,4,7,0,0,11,2807,1825,982,376,738,2069,6.99462071250445,7.33872328767123,6.35512254582485,6.35664893617021,6.97025745257452,7.00331094248429,203
"203",2018,6,7.16666666666667,12,8.4,6.28571428571429,6.83333333333333,6.75,7.25,5,7,3,2,10,2819,1830,989,379,740,2079,6.99535308265342,7.34162295081967,6.35463128412538,6.36042216358839,6.96966216216216,7.00449751803752,204
"204",2018,7,6.98333333333333,12,7.04285714285714,6.9,6.5,6,7.07272727272727,7,5,3,1,11,2831,1837,994,382,741,2090,6.99530213352172,7.34048448557431,6.35737458752515,6.36151832460733,6.96835357624831,7.00485662200957,205
"205",2018,8,8,12,7.77777777777778,8.66666666666667,NA,6,8.4,9,3,0,2,10,2843,1846,997,382,743,2100,6.99954285613788,7.342616468039,6.36432330992979,6.36151832460733,6.9657469717362,7.01150016190476,206
"206",2018,9,6.72222222222222,9,7.5,5.75,4,5.5,7.07142857142857,5,4,1,2,7,2852,1851,1001,383,745,2107,6.99866772089762,7.3430415991356,6.36186847152847,6.35535248041775,6.96181208053691,7.01169925961082,207
"207",2018,10,7,11,7.4,6.66666666666667,6.4,7.75,6.57142857142857,5,6,5,4,7,2863,1856,1007,388,749,2114,6.99867283967866,7.34319504310345,6.36368454816286,6.35592783505155,6.96602136181575,7.01024140964995,208
"208",2018,11,8.63636363636364,11,9,8,NA,9.5,8.44444444444444,7,4,0,2,9,2874,1863,1011,388,751,2123,7.00494096729297,7.34942028985507,6.37015859545005,6.35592783505155,6.97276964047936,7.01632140367405,209
"209",2018,12,7.59166666666667,12,8.1,5.05,6.55,8,7.3875,10,2,2,4,8,2886,1873,1013,390,755,2131,7.00738057519058,7.35342765616658,6.36755216189536,6.35692307692308,6.9782119205298,7.01771484748944,210
"210",2019,1,7.76086956521739,23,7.90625,7.42857142857143,7.33333333333333,7,7.83333333333333,16,7,3,2,21,2909,1889,1020,393,757,2152,7.01333803368855,7.35811011116993,6.37483366666667,6.36437659033079,6.97826948480845,7.02567394981413,211
"211",2019,2,8.16666666666667,24,8.64705882352941,7,7.33333333333333,9,8,17,7,3,4,20,2933,1906,1027,396,761,2172,7.02277543129901,7.36960650577125,6.37909478091529,6.37171717171717,6.9888961892247,7.03464564456722,212
"212",2019,3,7.06470588235294,17,7.925,5,6,7.25,6.96363636363636,12,5,1,6,11,2950,1918,1032,397,767,2183,7.02301706440678,7.37308133472367,6.37241312015504,6.37078085642317,6.99093872229465,7.03428783325699,213
"213",2019,4,7.125,8,7,7.5,NA,NA,7.125,6,2,0,0,8,2958,1924,1034,397,767,2191,7.02329288032454,7.37191787941788,6.37459413926499,6.37078085642317,6.99093872229465,7.0346190506618,214
"214",2019,5,7.35714285714286,14,7.36363636363636,7.33333333333333,7,7,7.38461538461539,11,3,1,1,13,2972,1935,1037,398,768,2204,7.02486552489906,7.37187080103359,6.37736773384764,6.37236180904523,6.99095052083333,7.03668345735027,215
"215",2019,6,7.6,15,7.5,7.8,7,7.75,7.54545454545455,10,5,3,4,11,2987,1945,1042,401,772,2215,7.02775371275527,7.37252956298201,6.38419418426104,6.37705735660848,6.99488341968912,7.03921008577878,216
"216",2019,7,7.75,18,7.96153846153846,7.2,6.5,6.5,8.10714285714286,13,5,2,4,14,3005,1958,1047,403,776,2229,7.03207998003328,7.37644024514811,6.38809010506208,6.37766749379653,6.9923324742268,7.04591760430687,217
"217",2019,8,6.70588235294118,17,7.6,5.42857142857143,5.33333333333333,6,6.8,10,7,3,2,15,3022,1968,1054,406,778,2244,7.03024498345467,7.3775762195122,6.38171759013283,6.36995073891626,6.98978149100257,7.04427377005348,218
"218",2019,9,7.22222222222222,27,7.38888888888889,6.88888888888889,4.5,6,7.43478260869565,18,9,2,4,23,3049,1986,1063,408,782,2267,7.03194501147917,7.37767875125881,6.38601160865475,6.36078431372549,6.98471867007673,7.04823570357301,219
"219",2019,10,7.59375,16,7.68181818181818,7.4,5,NA,7.59375,11,5,1,0,16,3065,1997,1068,409,782,2283,7.03487776182708,7.37935403104657,6.39075874531835,6.35745721271394,6.98471867007673,7.05205884362681,220
"220",2019,11,7.57692307692308,13,7.8125,7.2,6.66666666666667,5.33333333333333,8.25,8,5,3,3,10,3078,2005,1073,412,785,2293,7.03716710201429,7.38108229426434,6.39452967381174,6.35970873786408,6.9784076433121,7.05728318360227,221
"221",2019,12,7.2,15,7.8,6,7,8,6.90909090909091,10,5,1,4,11,3093,2015,1078,413,789,2304,7.03795678629163,7.38316129032258,6.39269975881262,6.36125907990315,6.98358681875792,7.05657566840278,222
"222",2020,1,6.76086956521739,23,7.75,6,6.4,6.25,6.80952380952381,10,13,5,2,21,3116,2025,1091,418,791,2325,7.03591153401797,7.38497283950617,6.38802047662695,6.36172248803828,6.98173198482933,7.05434423225807,223
"223",2020,2,8.05208333333333,24,8.48684210526316,6.4,6.25,9.5,7.92045454545455,19,5,4,2,22,3140,2044,1096,422,793,2347,7.0436784522293,7.39521526418787,6.38807512773723,6.360663507109,6.98808322824716,7.06246286322966,224
"224",2020,3,6.66733333333333,15,7.33333333333333,6.22333333333333,5.66666666666667,7.005,6.61538461538461,6,9,3,2,13,3155,2050,1105,425,795,2360,7.04188917274168,7.39503414634146,6.38673333936652,6.35576470588235,6.98812578616352,7.0600001440678,225
"225",2020,4,7.23529411764706,17,7.70833333333333,6.1,7,8,7.07142857142857,12,5,1,3,14,3172,2062,1110,426,798,2374,7.04292570617907,7.3968574199806,6.38544174774775,6.35727699530516,6.9919298245614,7.06006754001685,226
"226",2020,5,7.90909090909091,11,7.8,9,NA,8,7.875,10,1,0,3,8,3183,2072,1111,426,801,2382,7.04591905120955,7.39880308880309,6.38779508550855,6.35727699530516,6.99570536828964,7.06280450881612,227
"227",2020,6,7.66666666666667,9,7.5,7.8,9,8,7.57142857142857,4,5,2,2,7,3192,2076,1116,428,803,2389,7.04766927944862,7.39899807321773,6.39412216845878,6.3696261682243,6.99820672478207,7.06429482628715,228
"228",2020,7,7.41666666666667,12,8,6.25,6,8,7.36363636363636,8,4,1,1,11,3204,2084,1120,429,804,2400,7.04905129213483,7.40130518234165,6.39360744642857,6.36876456876457,6.99945273631841,7.06566680833334,229
"229",2020,8,7.83333333333333,9,7.91666666666667,7.66666666666667,8,8.25,7.71428571428571,6,3,1,2,7,3213,2090,1123,430,806,2407,7.05124816059757,7.40278468899522,6.39700831700801,6.37255813953488,7.00255583126551,7.06755311175738,230
"230",2020,9,7.90588235294118,17,8.54,7,7,9,7.76,10,7,3,2,15,3230,2100,1130,433,808,2422,7.05574623529412,7.4082,6.40074366371682,6.37690531177829,7.0075,7.0718415937242,231
"231",2020,10,8.77777777777778,9,8.77777777777778,NA,NA,9,8.66666666666667,9,0,0,3,6,3239,2109,1130,433,811,2428,7.06053113306576,7.41404457088668,6.40074366371682,6.37690531177829,7.01487053020962,7.0757826771005,232
"232",2020,11,7.36666666666667,9,7.5375,6,6,6.5,7.475,8,1,1,1,8,3248,2117,1131,434,812,2436,7.06137941502463,7.41451110061408,6.40038933687003,6.37603686635945,7.01423645320197,7.07709373563219,233
"233",2020,12,6.95,10,7.875,6.33333333333333,7.33333333333333,8,6.83333333333333,4,6,3,1,9,3258,2121,1137,437,813,2445,7.06103755064457,7.4153795379538,6.40003547933158,6.38260869565217,7.01544895448954,7.07619645807771,234
"234",2021,1,7.2,15,7.77272727272727,5.625,NA,7.75,7.11538461538461,11,4,0,2,13,3273,2132,1141,437,815,2458,7.06167440879927,7.41722326454034,6.39731843996494,6.38260869565217,7.01725153374233,7.0764037184703,235
"235",2021,2,7.5,5,7,8.25,NA,NA,7.5,3,2,0,0,5,3278,2135,1143,437,815,2463,7.0623429957291,7.41663700234192,6.40056022747157,6.38260869565217,7.01725153374233,7.07726363784003,236
"236",2021,3,7.23076923076923,13,8,6.33333333333333,6.25,7,7.27272727272727,7,6,4,2,11,3291,2142,1149,441,817,2474,7.06300830750532,7.41854341736695,6.40020917319408,6.38140589569161,7.01720930232558,7.07813271624899,237
"237",2021,4,7.33333333333333,6,8.66666666666667,6,5.5,NA,7.33333333333333,3,3,2,0,6,3297,2145,1152,443,817,2480,7.06350025477707,7.42028904428904,6.39916696180556,6.37742663656885,7.01720930232558,7.07875013709678,238
"238",2021,5,7,12,7.8,6.42857142857143,6.5,8.33333333333333,6.55555555555556,5,7,2,3,9,3309,2150,1159,445,820,2489,7.06326997280145,7.42117209302326,6.39934455565142,6.37797752808989,7.0220243902439,7.07685831257533,239
"239",2021,6,6.9375,8,7.5,6.75,NA,NA,6.9375,2,6,0,0,8,3317,2152,1165,445,820,2497,7.06296663852879,7.42124535315985,6.40115050643777,6.37797752808989,7.0220243902439,7.07641183019624,240
"240",2021,7,6.59545454545455,11,8.2,5.67857142857143,NA,4,6.855,4,7,0,1,10,3328,2156,1172,445,821,2507,7.06142137620192,7.42269016697588,6.39683476109215,6.37797752808989,7.01834348355664,7.07552865576386,241
"241",2021,8,7,7,8,5.66666666666667,7.5,4.25,8.1,4,3,2,2,5,3335,2160,1175,447,823,2512,7.06129245577211,7.42375925925926,6.39497050212766,6.38299776286353,7.01161603888214,7.07756781050956,242
"242",2021,9,6.94444444444444,9,7.8,5.875,5.25,8,6.64285714285714,5,4,2,2,7,3344,2165,1179,449,825,2519,7.06097797248804,7.42462817551963,6.39320639525021,6.37795100222717,7.01401212121212,7.07635980150854,243
"243",2021,10,7.33333333333333,6,7.25,7.5,NA,7,7.4,4,2,0,1,5,3350,2169,1181,449,826,2524,7.06146577313433,7.424306131858,6.39508072819644,6.37795100222717,7.01399515738499,7.07700092709984,244
"244",2021,11,8,15,8.33333333333333,7.5,8,7,8.15384615384615,9,6,1,2,13,3365,2178,1187,450,828,2537,7.06564943239227,7.4280624426079,6.40066582982308,6.38155555555555,7.013961352657,7.08251885691762,245
"245",2021,12,7.3,10,7.75,7,7,6,7.44444444444444,4,6,2,1,9,3375,2182,1193,452,829,2546,7.06634380444444,7.42865261228231,6.4036800838223,6.38429203539823,7.01273823884198,7.08379824823252,246
"246",2022,1,7.47222222222222,18,8,6.64285714285714,6.25,9,7.28125,11,7,4,2,16,3393,2193,1200,456,831,2562,7.06849700559976,7.43151846785226,6.40507528333333,6.38311403508772,7.0175210589651,7.08503135831382,247
"247",2022,2,7.95,10,8.875,7.33333333333333,6.25,5.75,8.5,4,6,2,2,8,3403,2197,1206,458,833,2570,7.07108737584484,7.43414656349568,6.40969348258706,6.3825327510917,7.01447779111645,7.08943592996109,248
"248",2022,3,7.72222222222222,9,8.07142857142857,6.5,6.5,8,7.6875,7,2,2,1,8,3412,2204,1208,460,834,2578,7.07280490621336,7.43617059891107,6.40984299668874,6.38304347826087,7.01565947242206,7.09129183087665,249
"249",2022,4,7.4,10,7.25,7.5,NA,7,7.44444444444444,4,6,0,1,9,3422,2208,1214,460,835,2587,7.0737610578609,7.43583333333333,6.41523092257002,6.38304347826087,7.01564071856287,7.09252042520294,250
"250",2022,5,7.04666666666667,15,7.55833333333333,5,6,7.66666666666667,6.89166666666667,12,3,1,3,12,3437,2220,1217,461,838,2599,7.07364281059063,7.4364954954955,6.41174226787181,6.3822125813449,7.01797136038186,7.09159305117353,251
"251",2022,6,6.81818181818182,11,8.8,5.16666666666667,4.5,6,7,5,6,2,2,9,3448,2225,1223,463,840,2608,7.07282782482599,7.4395595505618,6.40563396565822,6.37408207343413,7.01554761904762,7.0912769708589,252
"252",2022,7,7,6,7.33333333333333,6.66666666666667,7,NA,7,3,3,1,0,6,3454,2228,1226,464,840,2614,7.07270131441807,7.43941651705566,6.40627270799347,6.37543103448276,7.01554761904762,7.09106745983168,253
"253",2022,8,7.28333333333333,12,7.26666666666667,7.33333333333333,6,7.2,7.3,9,3,1,2,10,3466,2237,1229,465,842,2624,7.07343056549336,7.43872150201162,6.40853567127746,6.37462365591398,7.01598574821853,7.09186369664634,254
