"","year","month","avg_rating","no_ratings","avg_rating_owned","avg_rating_not_owned","avg_rating_prev_owned","avg_rating_comment","avg_rating_no_comment","no_ratings_owned","no_ratings_not_owned","no_ratings_prev_owned","no_ratings_comment","no_ratings_no_comment","cum_no_ratings","cum_no_ratings_owned","cum_no_ratings_not_owned","cum_no_ratings_prev_owned","cum_no_ratings_comment","cum_no_ratings_no_comment","cum_avg_rating","cum_avg_rating_owned","cum_avg_rating_not_owned","cum_avg_rating_prev_owned","cum_avg_rating_comment","cum_avg_rating_no_comment","month_after_release"
"1",2001,6,6,1,6,NA,NA,NA,6,1,0,0,0,1,1,1,0,0,0,1,6,6,NA,NA,NA,6,0
"2",2001,7,7,1,7,NA,NA,7,NA,1,0,0,1,0,2,2,0,0,1,1,6.5,6.5,NA,NA,7,6,1
"3",2001,8,5.66666666666667,3,5.5,6,NA,NA,5.66666666666667,2,1,0,0,3,5,4,1,0,1,4,6,6,6,NA,7,5.75,2
"4",2001,10,8.25,2,8.25,NA,NA,8.25,NA,2,0,0,2,0,7,6,1,0,3,4,6.64285714285714,6.75,6,NA,7.83333333333333,5.75,4
"5",2001,11,7.5,2,9,6,NA,NA,7.5,1,1,0,0,2,9,7,2,0,3,6,6.83333333333333,7.07142857142857,6,NA,7.83333333333333,6.33333333333333,5
"6",2002,1,7,3,8,6.5,NA,6.5,8,1,2,0,2,1,12,8,4,0,5,7,6.875,7.1875,6.25,NA,7.3,6.57142857142857,7
"7",2002,4,4,1,NA,4,4,NA,4,0,1,1,0,1,13,8,5,1,5,8,6.65384615384615,7.1875,5.8,4,7.3,6.25,10
"8",2002,5,5,1,NA,5,NA,NA,5,0,1,0,0,1,14,8,6,1,5,9,6.53571428571429,7.1875,5.66666666666667,4,7.3,6.11111111111111,11
"9",2002,6,5,1,5,NA,NA,NA,5,1,0,0,0,1,15,9,6,1,5,10,6.43333333333333,6.94444444444444,5.66666666666667,4,7.3,6,12
"10",2002,7,8,2,8,NA,NA,NA,8,2,0,0,0,2,17,11,6,1,5,12,6.61764705882353,7.13636363636364,5.66666666666667,4,7.3,6.33333333333333,13
"11",2002,8,6.6,5,6.6,NA,NA,7.33333333333333,5.5,5,0,0,3,2,22,16,6,1,8,14,6.61363636363636,6.96875,5.66666666666667,4,7.3125,6.21428571428571,14
"12",2002,9,7,1,NA,7,NA,NA,7,0,1,0,0,1,23,16,7,1,8,15,6.6304347826087,6.96875,5.85714285714286,4,7.3125,6.26666666666667,15
"13",2002,11,8.5,2,8.5,NA,NA,8.5,NA,2,0,0,2,0,25,18,7,1,10,15,6.78,7.13888888888889,5.85714285714286,4,7.55,6.26666666666667,17
"14",2003,1,7.5,4,7.33333333333333,8,NA,NA,7.5,3,1,0,0,4,29,21,8,1,10,19,6.87931034482759,7.16666666666667,6.125,4,7.55,6.52631578947368,19
"15",2003,2,7.6875,8,7.66666666666667,7.75,7.75,7.9,7.33333333333333,6,2,2,5,3,37,27,10,3,15,22,7.05405405405405,7.27777777777778,6.45,6.5,7.66666666666667,6.63636363636364,20
"16",2003,3,8.33333333333333,3,8.33333333333333,NA,NA,8.5,8,3,0,0,2,1,40,30,10,3,17,23,7.15,7.38333333333333,6.45,6.5,7.76470588235294,6.69565217391304,21
"17",2003,4,7.33333333333333,3,8,6,NA,9,6.5,2,1,0,1,2,43,32,11,3,18,25,7.16279069767442,7.421875,6.40909090909091,6.5,7.83333333333333,6.68,22
"18",2003,5,8.25,4,8.25,NA,NA,8,8.5,4,0,0,2,2,47,36,11,3,20,27,7.25531914893617,7.51388888888889,6.40909090909091,6.5,7.85,6.81481481481481,23
"19",2003,6,5.57142857142857,7,5.8,5,6,5,6,5,2,1,3,4,54,41,13,4,23,31,7.03703703703704,7.30487804878049,6.19230769230769,6.375,7.47826086956522,6.70967741935484,24
"20",2003,7,6.54166666666667,12,6.55555555555556,6.5,7,6.2,6.78571428571429,9,3,1,5,7,66,50,16,5,28,38,6.9469696969697,7.17,6.25,6.5,7.25,6.72368421052632,25
"21",2003,8,6.2,5,7.5,5.33333333333333,4,5.5,6.66666666666667,2,3,2,2,3,71,52,19,7,30,41,6.8943661971831,7.18269230769231,6.10526315789474,5.78571428571429,7.13333333333333,6.71951219512195,26
"22",2003,9,6.25,4,6,7,NA,NA,6.25,3,1,0,0,4,75,55,20,7,30,45,6.86,7.11818181818182,6.15,5.78571428571429,7.13333333333333,6.67777777777778,27
"23",2003,10,8.66666666666667,3,9.5,7,NA,8.66666666666667,NA,2,1,0,3,0,78,57,21,7,33,45,6.92948717948718,7.20175438596491,6.19047619047619,5.78571428571429,7.27272727272727,6.67777777777778,28
"24",2003,11,8,3,7.5,9,NA,9,6,2,1,0,2,1,81,59,22,7,35,46,6.96913580246914,7.21186440677966,6.31818181818182,5.78571428571429,7.37142857142857,6.66304347826087,29
"25",2003,12,6.64285714285714,7,6.64285714285714,NA,NA,7,6.5,7,0,0,2,5,88,66,22,7,37,51,6.94318181818182,7.15151515151515,6.31818181818182,5.78571428571429,7.35135135135135,6.64705882352941,30
"26",2004,1,7,4,8,4,NA,7,7,3,1,0,1,3,92,69,23,7,38,54,6.94565217391304,7.18840579710145,6.21739130434783,5.78571428571429,7.34210526315789,6.66666666666667,31
"27",2004,2,6.14285714285714,7,6.14285714285714,NA,NA,6,6.2,7,0,0,2,5,99,76,23,7,40,59,6.88888888888889,7.09210526315789,6.21739130434783,5.78571428571429,7.275,6.6271186440678,32
"28",2004,3,7.46,10,7.46,NA,NA,7.66666666666667,7.37142857142857,10,0,0,3,7,109,86,23,7,43,66,6.94128440366972,7.13488372093023,6.21739130434783,5.78571428571429,7.30232558139535,6.70606060606061,33
"29",2004,4,6,1,6,NA,NA,NA,6,1,0,0,0,1,110,87,23,7,43,67,6.93272727272727,7.12183908045977,6.21739130434783,5.78571428571429,7.30232558139535,6.6955223880597,34
"30",2004,5,7,2,7,NA,NA,NA,7,2,0,0,0,2,112,89,23,7,43,69,6.93392857142857,7.11910112359551,6.21739130434783,5.78571428571429,7.30232558139535,6.70434782608696,35
"31",2004,6,7.4,5,7.5,7,NA,10,6.75,4,1,0,1,4,117,93,24,7,44,73,6.95384615384615,7.13548387096774,6.25,5.78571428571429,7.36363636363636,6.70684931506849,36
"32",2004,7,7.6,5,7.6,NA,NA,8.66666666666667,6,5,0,0,3,2,122,98,24,7,47,75,6.98032786885246,7.15918367346939,6.25,5.78571428571429,7.4468085106383,6.688,37
"33",2004,8,7.6,5,7.75,7,7,8,7.5,4,1,1,1,4,127,102,25,8,48,79,7.00472440944882,7.18235294117647,6.28,5.9375,7.45833333333333,6.72911392405063,38
"34",2004,9,7.875,8,7.71428571428571,9,NA,8.5,6,7,1,0,6,2,135,109,26,8,54,81,7.0562962962963,7.21651376146789,6.38461538461539,5.9375,7.57407407407407,6.71111111111111,39
"35",2004,10,7.09090909090909,11,7.09090909090909,NA,NA,8.5,6.28571428571429,11,0,0,4,7,146,120,26,8,58,88,7.05890410958904,7.205,6.38461538461539,5.9375,7.63793103448276,6.67727272727273,40
"36",2004,11,6.88888888888889,9,7.375,3,3,7.4,6.25,8,1,1,5,4,155,128,27,9,63,92,7.04903225806452,7.215625,6.25925925925926,5.61111111111111,7.61904761904762,6.65869565217391,41
"37",2004,12,7.39285714285714,7,7.39285714285714,NA,NA,7.66666666666667,7.1875,7,0,0,3,4,162,135,27,9,66,96,7.06388888888889,7.22481481481482,6.25925925925926,5.61111111111111,7.62121212121212,6.68072916666667,42
"38",2005,1,7.54545454545455,11,8.25,5.66666666666667,NA,7.71428571428571,7.25,8,3,0,7,4,173,143,30,9,73,100,7.09450867052023,7.28216783216783,6.2,5.61111111111111,7.63013698630137,6.7035,43
"39",2005,2,7.25,8,7.5,6.5,7,7.16666666666667,7.3,6,2,1,3,5,181,149,32,10,76,105,7.10138121546961,7.29093959731544,6.21875,5.75,7.61184210526316,6.73190476190476,44
"40",2005,3,6.9375,8,7.58333333333333,5,7,6,8.5,6,2,1,5,3,189,155,34,11,81,108,7.09444444444444,7.30225806451613,6.14705882352941,5.86363636363636,7.51234567901235,6.78101851851852,45
"41",2005,4,7,9,7.14285714285714,6.5,7,7.66666666666667,6.66666666666667,7,2,1,3,6,198,162,36,12,84,114,7.09015151515151,7.29537037037037,6.16666666666667,5.95833333333333,7.51785714285714,6.775,46
"42",2005,5,6.14285714285714,7,7,5,7,5.8,7,4,3,1,5,2,205,166,39,13,89,116,7.05780487804878,7.28825301204819,6.07692307692308,6.03846153846154,7.42134831460674,6.77887931034483,47
"43",2005,6,7.57777777777778,9,7.6,7.5,7,7.375,7.74,7,2,1,4,5,214,173,41,14,93,121,7.07967289719626,7.30086705202312,6.14634146341463,6.10714285714286,7.41935483870968,6.81859504132231,48
"44",2005,7,7.38888888888889,9,7.38888888888889,NA,NA,8.5,6.83333333333333,9,0,0,3,6,223,182,41,14,96,127,7.09215246636771,7.30521978021978,6.14634146341463,6.10714285714286,7.453125,6.81929133858268,49
"45",2005,8,7.41666666666667,6,7.9,5,5,7.83333333333333,7,5,1,1,3,3,229,187,42,15,99,130,7.10065502183406,7.32112299465241,6.11904761904762,6.03333333333333,7.46464646464646,6.82346153846154,50
"46",2005,9,5.7,5,7.16666666666667,3.5,4,4.83333333333333,7,3,2,1,3,2,234,190,44,16,102,132,7.0707264957265,7.31868421052632,6,5.90625,7.38725490196078,6.82613636363636,51
"47",2005,10,6.77272727272727,11,7.38888888888889,4,5,6.25,7.4,9,2,1,6,5,245,199,46,17,108,137,7.05734693877551,7.32185929648241,5.91304347826087,5.85294117647059,7.32407407407407,6.8470802919708,52
"48",2005,11,7.08333333333333,6,7.08333333333333,NA,NA,5.5,7.875,6,0,0,2,4,251,205,46,17,110,141,7.05796812749004,7.31487804878049,5.91304347826087,5.85294117647059,7.29090909090909,6.87624113475177,53
"49",2005,12,7.65833333333333,12,7.59,8,9,8.25,7.3625,10,2,1,4,8,263,215,48,18,114,149,7.08536121673004,7.32767441860465,6,6.02777777777778,7.32456140350877,6.90234899328859,54
"50",2006,1,8.08333333333333,6,8.5,7.25,8,8.16666666666667,8,4,2,1,3,3,269,219,50,19,117,152,7.10762081784387,7.34908675799087,6.05,6.13157894736842,7.34615384615385,6.92401315789474,55
"51",2006,2,6.92857142857143,7,7.2,6.25,5,7.5,6.7,5,2,1,2,5,276,224,52,20,119,157,7.10307971014493,7.34575892857143,6.05769230769231,6.075,7.34873949579832,6.91687898089172,56
"52",2006,3,6.625,12,6.86363636363636,4,NA,6.08333333333333,7.16666666666667,11,1,0,6,6,288,235,53,20,125,163,7.08315972222222,7.3231914893617,6.0188679245283,6.075,7.288,6.9260736196319,57
"53",2006,4,7.8375,8,7.81428571428571,8,8,8,7.78333333333333,7,1,1,2,6,296,242,54,21,127,169,7.1035472972973,7.33739669421488,6.05555555555556,6.16666666666667,7.2992125984252,6.95650887573965,58
"54",2006,5,7.625,12,7.77272727272727,6,NA,7.66666666666667,7.61111111111111,11,1,0,3,9,308,253,55,21,130,178,7.12386363636364,7.35632411067194,6.05454545454545,6.16666666666667,7.30769230769231,6.98960674157303,59
"55",2006,6,7.65,10,7.65,NA,NA,8.5,7.08333333333333,10,0,0,4,6,318,263,55,21,134,184,7.14040880503145,7.36749049429658,6.05454545454545,6.16666666666667,7.34328358208955,6.99266304347826,60
"56",2006,7,7.71428571428571,7,8,7,8,7.8,7.5,5,2,1,5,2,325,268,57,22,139,186,7.15276923076923,7.37929104477612,6.08771929824561,6.25,7.35971223021583,6.99811827956989,61
"57",2006,8,6.91666666666667,12,7.22222222222222,6,6.5,7.75,6.75,9,3,2,2,10,337,277,60,24,141,196,7.14436201780415,7.37418772563177,6.08333333333333,6.27083333333333,7.36524822695035,6.98545918367347,62
"58",2006,9,7.42857142857143,7,7.66666666666667,6,NA,7.66666666666667,7.25,6,1,0,3,4,344,283,61,24,144,200,7.15014534883721,7.38038869257951,6.08196721311475,6.27083333333333,7.37152777777778,6.99075,63
"59",2006,10,7,5,8,5.5,7,NA,7,3,2,1,0,5,349,286,63,25,144,205,7.14799426934097,7.38688811188811,6.06349206349206,6.3,7.37152777777778,6.9909756097561,64
"60",2006,11,7,6,7.75,5.5,6,10,6.4,4,2,1,1,5,355,290,65,26,145,210,7.14549295774648,7.39189655172414,6.04615384615385,6.28846153846154,7.38965517241379,6.97690476190476,65
"61",2006,12,6.9,10,6.9,NA,NA,7.6,6.2,10,0,0,5,5,365,300,65,26,150,215,7.13876712328767,7.3755,6.04615384615385,6.28846153846154,7.39666666666667,6.95883720930233,66
"62",2007,1,7.9,19,7.95,7,7,8.125,7.73636363636364,18,1,1,8,11,384,318,66,27,158,226,7.17643229166667,7.40801886792453,6.06060606060606,6.31481481481481,7.43354430379747,6.9966814159292,67
"63",2007,2,7.87617916666667,12,8.03,7.107075,NA,8.62,7.34487857142857,10,2,0,5,7,396,328,68,27,163,233,7.19763674242424,7.42698170731707,6.09138455882353,6.31481481481481,7.46993865030675,7.00714227467811,68
"64",2007,3,7.46153846153846,13,7.58333333333333,6,6,8.16666666666667,6.85714285714286,12,1,1,6,7,409,340,69,28,169,240,7.20602481662592,7.4325,6.09006014492754,6.30357142857143,7.49467455621302,7.00276729166667,69
"65",2007,4,7.9,5,8.125,7,7,8,7.75,4,1,1,3,2,414,344,70,29,172,242,7.21440615942029,7.4405523255814,6.10305928571429,6.32758620689655,7.50348837209302,7.00894276859504,70
"66",2007,5,6.31428571428571,7,6.55,6,NA,5.5,6.64,4,3,0,2,5,421,348,73,29,174,247,7.19943978622328,7.43031609195402,6.09882397260274,6.32758620689655,7.48045977011494,7.00147429149798,71
"67",2007,6,7.60714285714286,14,7.75,7.41666666666667,7.125,7.92857142857143,7.28571428571429,8,6,4,7,7,435,356,79,33,181,254,7.21256126436782,7.4375,6.19891329113924,6.42424242424242,7.49779005524862,7.00930767716535,72
"68",2007,7,6.82222222222222,9,6.8,7,7,6,7.23333333333333,8,1,1,3,6,444,364,80,34,184,260,7.20464898648649,7.42348901098901,6.208926875,6.44117647058824,7.47336956521739,7.0144775,73
"69",2007,8,7.375,8,8,5.5,6,8,6.33333333333333,6,2,1,5,3,452,370,82,35,189,263,7.20766404867257,7.43283783783784,6.19163597560976,6.42857142857143,7.48730158730159,7.00670779467681,74
"70",2007,9,6.93666666666667,6,6.93666666666667,NA,NA,7.81,6.5,6,0,0,2,4,458,376,82,35,191,267,7.20411386462882,7.42492021276596,6.19163597560976,6.42857142857143,7.49068062827225,6.99911666666667,75
"71",2007,10,6.875,12,6.86363636363636,7,NA,6.125,7.25,11,1,0,4,8,470,387,83,35,195,275,7.19571095744681,7.40896640826873,6.20137530120482,6.42857142857143,7.46266666666667,7.00641509090909,76
"72",2007,11,6.67647058823529,17,7.34615384615385,4.5,4,7.42857142857143,6.15,13,4,1,7,10,487,400,87,36,202,285,7.17758552361396,7.406925,6.12315114942529,6.36111111111111,7.46148514851485,6.97636543859649,77
"73",2007,12,7.76666666666667,15,7.75,8,8,7.66666666666667,7.79166666666667,14,1,1,3,12,502,414,88,37,205,297,7.1951875498008,7.41852657004831,6.14447897727273,6.40540540540541,7.46448780487805,7.0093069023569,78
"74",2008,1,6.865,20,6.95,6.66666666666667,6,6.7875,6.91666666666667,14,6,1,8,12,522,428,94,38,213,309,7.18253668582375,7.40320093457944,6.17781010638298,6.39473684210526,7.43906103286385,7.00570922330097,79
"75",2008,2,7.03571428571429,14,7.31818181818182,6,6,7.4,6.83333333333333,11,3,1,5,9,536,439,97,39,218,318,7.17870177238806,7.40107061503417,6.17231082474227,6.38461538461539,7.43816513761468,7.00083066037736,80
"76",2008,3,7.375,8,7.33333333333333,7.5,8,7.33333333333333,7.4,6,2,1,3,5,544,445,99,40,221,323,7.18158851102941,7.40015730337079,6.19913282828283,6.425,7.43674208144796,7.00700975232198,81
"77",2008,4,7.53571428571429,14,7.77272727272727,6.66666666666667,6.5,7.8,7.38888888888889,11,3,2,5,9,558,456,102,42,226,332,7.19047338709677,7.40914473684211,6.21288382352941,6.42857142857143,7.44477876106195,7.01736189759036,82
"78",2008,5,7.1,12,7.10909090909091,7,7,7.54,6.78571428571429,11,1,1,5,7,570,467,103,43,231,339,7.18856868421053,7.40207708779443,6.22052572815534,6.44186046511628,7.44683982683983,7.01257861356932,83
"79",2008,6,7.31818181818182,11,7.25,7.4,7.4,7,7.35,6,5,5,1,10,581,473,108,48,232,349,7.19102263339071,7.40014799154334,6.27513101851852,6.54166666666667,7.44491379310345,7.02224684813754,84
"80",2008,7,6.73333333333333,15,7.75,6.05555555555556,6.0625,6.625,7.16666666666667,6,9,8,12,3,596,479,117,56,244,352,7.17950360738255,7.40453027139875,6.2582405982906,6.47321428571429,7.40459016393443,7.02347769886364,85
"81",2008,8,7.11111111111111,9,7.125,7,8,7.66666666666667,6.83333333333333,8,1,1,3,6,605,487,118,57,247,358,7.17848619834711,7.39993839835729,6.26452669491525,6.5,7.40777327935223,7.02029092178771,86
"82",2008,9,6.81818181818182,11,7.2,6.5,6.8,7.14285714285714,6.25,5,6,5,7,4,616,492,124,62,254,362,7.17205219155844,7.39790650406504,6.27592056451613,6.5241935483871,7.40047244094488,7.0117794198895,87
"83",2008,10,6.40625,16,7.5625,5.25,4,4.83333333333333,7.35,8,8,3,6,10,632,500,132,65,260,372,7.1526647943038,7.40054,6.21374356060606,6.40769230769231,7.34123076923077,7.02087137096774,88
"84",2008,11,7.35,10,7.44444444444444,6.5,NA,9,6.64285714285714,9,1,0,3,7,642,509,133,65,263,379,7.15573855140187,7.4013163064833,6.21589586466165,6.40769230769231,7.36015209125475,7.01388957783641,89
"85",2008,12,6.54166666666667,18,6.91666666666667,5.79166666666667,5.79166666666667,7.16666666666667,6.41666666666667,12,6,6,3,15,660,521,139,71,266,394,7.13899113636364,7.39015355086372,6.19758381294964,6.3556338028169,7.35796992481203,6.99115266497462,90
"86",2009,1,7.06666666666667,15,7.22222222222222,6.83333333333333,6.83333333333333,7.66666666666667,6.91666666666667,9,6,6,3,12,675,530,145,77,269,406,7.13738392592593,7.38730188679245,6.22389068965517,6.39285714285714,7.3614126394052,6.98895110837438,91
"87",2009,2,7.54210526315789,19,7.95625,5.33333333333333,7,8.25,7.35333333333333,16,3,1,4,15,694,546,148,78,273,421,7.14846419308357,7.40397435897436,6.20583885135135,6.40064102564103,7.37443223443223,7.001933847981,92
"88",2009,3,6.59090909090909,11,7.1,6.16666666666667,6.16666666666667,7,6.4375,5,6,6,3,8,705,551,154,84,276,429,7.13976475177305,7.40121597096189,6.20431266233766,6.38392857142857,7.37036231884058,6.99140827505828,93
"89",2009,4,7.63571428571429,14,7.8625,7.33333333333333,7.75,8.05714285714286,7.21428571428571,8,6,4,7,7,719,559,160,88,283,436,7.14942162726008,7.4078175313059,6.2466509375,6.44602272727273,7.38734982332155,6.99498658256881,94
"90",2009,5,6.93333333333333,18,7.61818181818182,5.85714285714286,5.83333333333333,6.55555555555556,7.31111111111111,11,7,6,9,9,737,570,167,94,292,445,7.14414402985075,7.41187719298246,6.23032425149701,6.40691489361702,7.36171232876712,7.00138011235955,95
"91",2009,6,6.92857142857143,14,6.8,7.25,6.33333333333333,7.25,6.8,10,4,3,4,10,751,580,171,97,296,455,7.14012536617843,7.4013275862069,6.25417631578947,6.40463917525773,7.3602027027027,6.99695417582418,96
"92",2009,7,6.98461538461538,13,7.08,6.66666666666667,6.5,7.45,6.77777777777778,10,3,2,4,9,764,590,174,99,300,464,7.1374792539267,7.3958813559322,6.2612882183908,6.40656565656566,7.3614,6.99270290948276,97
"93",2009,8,7.15384615384615,13,7.33333333333333,6.75,6.75,7.2,7.125,9,4,4,5,8,777,599,178,103,305,472,7.13775308880309,7.39494156928214,6.27227050561798,6.41990291262136,7.35875409836065,6.99494523305085,98
"94",2009,9,7.64285714285714,14,7.66666666666667,7.6,7.6,7.2,7.88888888888889,9,5,5,5,9,791,608,183,108,310,481,7.14669298356511,7.39896381578947,6.30854726775956,6.47453703703704,7.3561935483871,7.01167182952183,99
"95",2009,10,7.54583333333333,24,7.68947368421053,7,7,7.9,7.42777777777778,19,5,5,6,18,815,627,188,113,316,499,7.15844680981595,7.40776714513557,6.32693696808511,6.49778761061947,7.36651898734177,7.02668166332665,100
"96",2009,11,6.5,15,6.4375,6.57142857142857,6.33333333333333,7.28571428571429,5.8125,8,7,6,7,8,830,635,195,119,323,507,7.1465471686747,7.39554330708662,6.33571358974359,6.48949579831933,7.36476780185758,7.00752297830375,101
"97",2009,12,7.07142857142857,14,7.11111111111111,7,7,6.66666666666667,7.18181818181818,9,5,4,3,11,844,644,200,123,326,518,7.14530112559242,7.39156832298137,6.35232075,6.50609756097561,7.35834355828221,7.01122422779923,102
"98",2010,1,7.36666666666667,15,7.31818181818182,7.5,6,6.7,7.7,11,4,2,5,10,859,655,204,125,331,528,7.14916664726426,7.3903358778626,6.37482426470588,6.498,7.34839879154078,7.02426922348485,103
"99",2010,2,6.96428571428571,14,7.22222222222222,6.5,5.5,6,7.125,9,5,2,2,12,873,664,209,127,333,540,7.14620177548683,7.38805722891566,6.37781889952153,6.48228346456693,7.3403003003003,7.02650768518519,104
"100",2010,3,7.91176470588235,17,8.07692307692308,7.375,8.5,8.8,7.54166666666667,13,4,1,5,12,890,677,213,128,338,552,7.16082488764045,7.40128508124077,6.39654530516432,6.498046875,7.36189349112426,7.03770679347826,105
"101",2010,4,7.46153846153846,13,8.0625,6.5,8,8.16666666666667,7.25,8,5,3,3,10,903,685,218,131,341,562,7.16515409745294,7.40900729927007,6.39891811926605,6.5324427480916,7.36897360703812,7.04148425266904,106
"102",2010,5,7.5,8,8.14285714285714,3,3,9,7,7,1,1,2,6,911,692,219,132,343,568,7.16809456641054,7.41643063583815,6.38339794520548,6.50568181818182,7.37848396501458,7.04104603873239,107
"103",2010,6,8.3125,8,8.5,8,8.75,9,8.08333333333333,5,3,2,2,6,919,697,222,134,345,574,7.17805674646355,7.4242037302726,6.40524391891892,6.53917910447761,7.38788405797101,7.05194102787457,108
"104",2010,7,8.16666666666667,6,8.4,7,7,8.5,8,5,1,1,2,4,925,702,223,135,347,578,7.18446935135135,7.43115384615385,6.40791098654709,6.54259259259259,7.3942939481268,7.05850198961938,109
"105",2010,8,7.58333333333333,6,8,7.16666666666667,7,9,7.3,3,3,1,1,5,931,705,226,136,348,583,7.18703990332975,7.43357446808511,6.41798296460177,6.54595588235294,7.39890804597701,7.06057315608919,110
"106",2010,9,6.98571428571429,7,7.18,6.5,6.5,7.95,6.6,5,2,2,2,5,938,710,228,138,350,588,7.18553747334755,7.43178873239437,6.4187024122807,6.54528985507246,7.40205714285714,7.05665671768708,111
"107",2010,10,7.6,5,7.66666666666667,7.5,7,8,7.5,3,2,1,1,4,943,713,230,139,351,592,7.18773504772004,7.43277699859748,6.428105,6.54856115107914,7.40376068376068,7.05965228040541,112
"108",2010,11,7.94444444444444,9,8.0625,7,7,8.6,7.125,8,1,1,5,4,952,721,231,140,356,596,7.19488881302521,7.43976421636616,6.43058073593074,6.55178571428571,7.42056179775281,7.0600908557047,113
"109",2010,12,7,8,7.33333333333333,6,7,3,7.57142857142857,6,2,1,1,7,960,727,233,141,357,603,7.19326473958333,7.43888583218707,6.4268847639485,6.55496453900709,7.40817927170868,7.0660267827529,114
"110",2011,1,7.525,12,7.475,7.625,7.875,7.3,7.75,8,4,4,6,6,972,735,237,145,363,609,7.19736023662552,7.43927891156463,6.44710611814346,6.59137931034483,7.406391184573,7.07276543513957,115
"111",2011,2,8,11,8.22222222222222,7,8,9,7.77777777777778,9,2,1,2,9,983,744,239,146,365,618,7.20634196337742,7.44875,6.45173284518828,6.60102739726027,7.41512328767123,7.08303260517799,116
"112",2011,3,7.95833333333333,12,8.11111111111111,7.5,5,9.66666666666667,7.38888888888889,9,3,1,3,9,995,753,242,147,368,627,7.21541120603015,7.45666666666667,6.46472789256198,6.59013605442177,7.43347826086957,7.08742288676236,117
"113",2011,4,7.26923076923077,13,7.31818181818182,7,8,7.6,7.0625,11,2,1,5,8,1008,764,244,148,373,635,7.21610530753968,7.45467277486911,6.46911536885246,6.59966216216216,7.43571045576407,7.0871088976378,118
"114",2011,5,8.0625,8,8.25,7.5,7.5,9,7.92857142857143,6,2,2,1,7,1016,770,246,150,374,642,7.22276983267717,7.46087012987013,6.47749654471545,6.61166666666667,7.43989304812834,7.09628372274143,119
"115",2011,6,6.75,4,8.5,5,5,8,6.33333333333333,2,2,2,1,3,1020,772,248,152,375,645,7.22091583333333,7.4635621761658,6.46558125,6.59046052631579,7.44138666666667,7.09273511627907,120
"116",2011,7,7.5,8,7.5,NA,NA,10,7.14285714285714,8,0,0,1,7,1028,780,248,152,376,652,7.22308769455253,7.4639358974359,6.46558125,6.59046052631579,7.4481914893617,7.09327323619632,121
"117",2011,8,8.22222222222222,9,8.5,7.66666666666667,8,7.66666666666667,8.5,6,3,3,3,6,1037,786,251,155,379,658,7.23175906460945,7.47184478371501,6.47993685258964,6.61774193548387,7.44992084432718,7.10610053191489,122
"118",2011,9,6.6875,8,7.2,5.83333333333333,6.25,6.375,7,5,3,2,4,4,1045,791,254,157,383,662,7.22759248803828,7.47012642225032,6.47229980314961,6.61305732484076,7.43869451697128,7.10545944108761,123
"119",2011,10,7.5,6,7.33333333333333,7.66666666666667,7.5,7,7.6,3,3,2,1,5,1051,794,257,159,384,667,7.22914762131304,7.46960957178841,6.48624182879377,6.62421383647799,7.43755208333333,7.10916664167916,124
"120",2011,11,7.6625,8,7.6625,NA,NA,7.43333333333333,7.8,8,0,0,3,5,1059,802,257,159,387,672,7.23242129367328,7.47153366583541,6.48624182879377,6.62421383647799,7.43751937984496,7.11430677083333,125
"121",2011,12,8,9,8,NA,NA,8.33333333333333,7.83333333333333,9,0,0,3,6,1068,811,257,159,390,678,7.23888965355805,7.47739827373613,6.48624182879377,6.62421383647799,7.44441025641026,7.12066983775811,126
"122",2012,1,7.24,10,7.68333333333333,6.575,7.75,8.36666666666667,6.75714285714286,6,4,2,3,7,1078,817,261,161,393,685,7.23889995361781,7.47891064871481,6.48760210727969,6.63819875776398,7.45145038167939,7.11695496350365,127
"123",2012,2,7.58125,16,7.63,7.5,7.625,7.7,7.52727272727273,10,6,4,5,11,1094,827,267,165,398,696,7.24390690127971,7.48073760580411,6.51035262172285,6.66212121212121,7.45457286432161,7.12343987068966,128
"124",2012,3,8.66666666666667,6,8.66666666666667,NA,NA,7,9,6,0,0,1,5,1100,833,267,165,399,701,7.25166740909091,7.48927971188476,6.51035262172285,6.66212121212121,7.4534335839599,7.13682475035663,129
"125",2012,4,7.24615384615385,13,7.675,6.56,6.5,6,7.35,8,5,2,1,12,1113,841,272,167,400,713,7.2516030098832,7.49104637336504,6.51126525735294,6.66017964071856,7.4498,7.14041255259467,130
"126",2012,5,7.78571428571429,7,7.75,8,8,8,7.75,6,1,1,1,6,1120,847,273,168,401,719,7.25494120535714,7.49288075560803,6.5167184981685,6.66815476190476,7.45117206982544,7.1454995132128,131
"127",2012,6,6.5,8,6.2,7,6.5,6.33333333333333,6.6,5,3,2,3,5,1128,852,276,170,404,724,7.24958701241135,7.48529342723005,6.52197155797101,6.66617647058824,7.44287128712871,7.14173225138122,132
"128",2012,7,7.806,10,8.08333333333333,7.39,7.3,7.56,8.052,6,4,1,5,5,1138,858,280,171,409,729,7.2544764059754,7.48947552447553,6.53437196428571,6.66988304093567,7.44430317848411,7.14797551440329,133
"129",2012,8,7.90909090909091,11,8.1,6,NA,6,8.1,10,1,0,1,10,1149,868,281,171,410,739,7.26074338555266,7.49650921658986,6.53247028469751,6.66988304093567,7.44078048780488,7.16085811907984,134
"130",2012,9,7.6875,8,7.5,8,8.5,7,7.78571428571429,5,3,2,1,7,1157,873,284,173,411,746,7.26369416594641,7.49652920962199,6.54797235915493,6.69104046242775,7.43970802919708,7.16672138069705,135
"131",2012,10,7.64285714285714,7,7.75,7,7,7.5,7.7,6,1,1,2,5,1164,879,285,174,413,751,7.2659743556701,7.49825938566553,6.54955842105263,6.69281609195402,7.44,7.17027183754993,136
"132",2012,11,7.43333333333333,9,8.18,6.5,7.66666666666667,NA,7.43333333333333,5,4,3,0,9,1173,884,289,177,413,760,7.2672584398977,7.50211538461539,6.54887249134948,6.7093220338983,7.44,7.17338703947368,137
"133",2012,12,6.85714285714286,7,7.6,5,5,8,6.66666666666667,5,2,2,1,6,1180,889,291,179,414,766,7.26482555084746,7.50266591676041,6.53822731958763,6.69022346368715,7.44135265700483,7.16941795039165,138
"134",2013,1,8.266,10,8.38,8,8,8.165,8.33333333333333,7,3,2,4,6,1190,896,294,181,418,772,7.2732387815126,7.50952008928572,6.55314336734694,6.70469613259668,7.44827751196172,7.17846392487047,139
"135",2013,2,7.92307692307692,13,8.38888888888889,6.875,7.66666666666667,7.125,8.27777777777778,9,4,3,4,9,1203,905,298,184,422,781,7.28026113881962,7.51826519337017,6.55746359060403,6.72038043478261,7.44521327014218,7.19113207426376,140
"136",2013,3,7.25,6,7.75,7,7.33333333333333,8,7.1,2,4,3,1,5,1209,907,302,187,423,786,7.28011095947064,7.51877618522602,6.563325,6.73021390374331,7.44652482269504,7.19055235368957,141
"137",2013,4,6.72727272727273,11,6.85714285714286,6.5,5.33333333333333,7.66666666666667,6.375,7,4,3,3,8,1220,914,306,190,426,794,7.27512635245902,7.51370897155361,6.56249722222222,6.70815789473684,7.44807511737089,7.18233520151133,142
"138",2013,5,8.1875,8,8.35714285714286,7,7,8,8.3,7,1,1,3,5,1228,921,307,191,429,799,7.28107015472313,7.52011943539631,6.56392231270358,6.70968586387435,7.45193473193473,7.18932934918648,143
"139",2013,6,7.39545454545455,11,7.29166666666667,7.52,7.75,8.66666666666667,6.91875,6,5,4,3,8,1239,927,312,195,432,807,7.28208567393059,7.51864077669903,6.57924407051282,6.73102564102564,7.46037037037037,7.18664702602231,144
"140",2013,7,7.15,10,7.22222222222222,6.5,6.5,6.75,7.41666666666667,9,1,1,4,6,1249,936,313,196,436,813,7.28102814251401,7.5157905982906,6.57899089456869,6.72984693877551,7.45385321100917,7.18834458794588,145
"141",2013,8,7.8,10,8.11111111111111,5,5,7.33333333333333,8,9,1,1,3,7,1259,945,314,197,439,820,7.28515023828435,7.52146031746032,6.5739622611465,6.72106598984772,7.45302961275626,7.19527335365854,146
"142",2013,9,7.16666666666667,6,7,8,NA,7.33333333333333,7,5,1,0,3,3,1265,950,315,197,442,823,7.28458826086957,7.51871578947368,6.57848936507937,6.72106598984772,7.45221719457014,7.19456154313487,147
"143",2013,10,7.9,10,8.5,5.5,6,9.5,7.5,8,2,1,2,8,1275,958,317,198,444,831,7.28941501960784,7.52691022964509,6.57168501577287,6.71742424242424,7.46144144144144,7.19750198555957,148
"144",2013,11,7.50909090909091,11,7.84444444444444,6,6,6.48571428571429,9.3,9,2,1,7,4,1286,967,319,199,451,835,7.29129405132193,7.52986556359876,6.56810078369906,6.71381909547739,7.44629711751663,7.20757383233533,149
"145",2013,12,7.66666666666667,9,8.25,7.2,7.33333333333333,10,7.375,4,5,3,1,8,1295,971,324,202,452,843,7.29390281853282,7.53283213182286,6.57785231481482,6.7230198019802,7.45194690265487,7.20916269276394,150
"146",2014,1,7.58333333333333,12,7.45454545454545,9,NA,8,7.375,11,1,0,4,8,1307,982,325,202,456,851,7.29656017597552,7.53195519348269,6.58530507692308,6.7230198019802,7.45675438596491,7.21072168037603,151
"147",2014,2,6.6,5,7.33333333333333,5.5,5.5,7.4,6.4,3,2,2,1,4,1312,985,327,204,457,855,7.29390560213415,7.53135025380711,6.57866712538226,6.71102941176471,7.45663019693654,7.20692883040936,152
"148",2014,3,7.65,8,8.64,6,6,7.6,7.66666666666667,5,3,3,2,6,1320,990,330,207,459,861,7.29606375,7.5369494949495,6.57340651515152,6.70072463768116,7.45725490196078,7.21013257839721,153
"149",2014,4,6.975,8,7.4,6.26666666666667,6.4,5.93333333333333,7.6,5,3,2,3,5,1328,995,333,209,462,866,7.2941296310241,7.53626130653266,6.57064309309309,6.69784688995215,7.44735930735931,7.21238354503464,154
"150",2014,5,7.83333333333333,6,8.75,6,7.5,8.5,7.5,4,2,2,2,4,1334,999,335,211,464,870,7.29655483508246,7.54112112112112,6.56723626865672,6.70545023696682,7.45189655172414,7.21370591954023,155
"151",2014,6,7,6,8,6,7,6,7.2,3,3,2,1,5,1340,1002,338,213,465,875,7.29522697761194,7.54249500998004,6.56220162721894,6.70821596244131,7.44877419354839,7.2136276,156
"152",2014,7,7.83333333333333,3,7.5,8.5,8.5,8.5,7.5,2,1,1,1,2,1343,1004,339,214,466,877,7.29642900223381,7.54241035856574,6.56791784660767,6.71658878504673,7.45103004291846,7.21428067274801,157
"153",2014,8,8.1,9,8.41428571428571,7,7,8.63333333333333,7.83333333333333,7,2,2,3,6,1352,1011,341,216,469,883,7.30177821745562,7.54844708209693,6.57045205278592,6.71921296296296,7.45859275053305,7.21848714609287,158
"154",2014,9,7.775,12,7.75454545454545,8,8,8,7.6625,11,1,1,4,8,1364,1022,342,217,473,891,7.30594145894428,7.55066536203523,6.57463201754386,6.72511520737327,7.46317124735729,7.22247379349046,159
"155",2014,10,6.7875,8,7.2,6.1,6.1,6.6,6.9,5,3,3,3,5,1372,1027,345,220,476,896,7.30291847667638,7.54895813047712,6.5705047826087,6.71659090909091,7.45773109243698,7.22067427455357,160
"156",2014,11,8.125,8,8.33333333333333,7.5,7.5,8.25,8,6,2,2,4,4,1380,1033,347,222,480,900,7.30768416666667,7.55351403678606,6.5758621037464,6.72364864864865,7.46433333333333,7.22413794444445,161
"157",2014,12,6.40769230769231,13,7.7125,4.32,5.86666666666667,5.05,6.65454545454545,8,5,3,2,11,1393,1041,352,225,482,911,7.29928510409189,7.5547358309318,6.54381860795455,6.71222222222222,7.4543153526971,7.2172603183315,162
"158",2015,1,8,14,8.1,7.75,8.75,7.66666666666667,8.09090909090909,10,4,4,3,11,1407,1051,356,229,485,922,7.30625739161336,7.55992388201713,6.55737120786517,6.74781659388646,7.45562886597938,7.22768345986985,163
"159",2015,2,6.96875,8,7.33333333333333,6.75,7.1875,5,7.25,3,5,4,1,7,1415,1054,361,233,486,929,7.30434922261484,7.5592789373814,6.5600391966759,6.75536480686695,7.45057613168724,7.2278516146394,164
"160",2015,3,8.25,4,8.25,NA,NA,NA,8.25,4,0,0,0,4,1419,1058,361,233,486,933,7.30701490486258,7.56189035916824,6.5600391966759,6.75536480686695,7.45057613168724,7.23223381564845,165
"161",2015,4,7.61111111111111,9,7.92857142857143,6.5,6.5,8,7.5,7,2,2,2,7,1428,1065,363,235,488,940,7.30893147759104,7.56430046948357,6.55970840220386,6.7531914893617,7.45282786885246,7.23422781914894,166
"162",2015,5,7.83333333333333,3,8.5,6.5,6.5,8,7.75,2,1,1,1,2,1431,1067,364,236,489,942,7.31003085255066,7.56605435801312,6.55954436813187,6.7521186440678,7.45394683026585,7.23532287685775,167
"163",2015,6,8.33333333333333,3,9,7,NA,9,7,2,1,0,2,1,1434,1069,365,236,491,943,7.31217165271966,7.56873713751169,6.56075109589041,6.7521186440678,7.46024439918534,7.23507332979852,168
"164",2015,7,7.43333333333333,9,7.66666666666667,6.96666666666667,7,7.33333333333333,7.63333333333333,6,3,2,6,3,1443,1075,368,238,497,946,7.31292733887734,7.56928372093023,6.56406019021739,6.75420168067227,7.45871227364185,7.23633631078224,169
"165",2015,8,8.16666666666667,12,7.9,9.5,9,8.33333333333333,8.11111111111111,10,2,1,3,9,1455,1085,370,239,500,955,7.31996848797251,7.57233179723502,6.57993013513514,6.76359832635983,7.46396,7.24458026178011,170
"166",2015,9,7.125,4,6.66666666666667,8.5,8.5,NA,7.125,3,1,1,0,4,1459,1088,371,240,500,959,7.31943396161754,7.56983455882353,6.58510552560647,6.77083333333333,7.46396,7.2440814911366,171
"167",2015,10,7.28571428571429,7,7.28571428571429,NA,NA,8,7,7,0,0,2,5,1466,1095,371,240,502,964,7.31927295361528,7.56801826484018,6.58510552560647,6.77083333333333,7.46609561752988,7.24281550829876,172
"168",2015,11,8.9375,8,8.78571428571429,10,10,9,8.9,7,1,1,3,5,1474,1102,372,241,505,969,7.32805573270013,7.57575317604356,6.59428534946237,6.78423236514523,7.47520792079208,7.25136651186791,173
"169",2015,12,6.77777777777778,9,8.16666666666667,4,6,7.33333333333333,6.5,6,3,1,3,6,1483,1108,375,242,508,975,7.32471621712744,7.57895306859206,6.57353106666667,6.78099173553719,7.47437007874016,7.24674271794872,174
"170",2016,1,7.40625,16,7.63636363636364,6.9,7,8.25,7.125,11,5,3,4,12,1499,1119,380,245,512,987,7.325586490994,7.57951742627346,6.57782671052632,6.78367346938775,7.4804296875,7.2452625633232,175
"171",2016,2,7.75,8,7.85714285714286,7,NA,7,7.85714285714286,7,1,0,1,7,1507,1126,381,245,513,994,7.32783951559389,7.581243339254,6.57893477690289,6.78367346938775,7.47949317738791,7.24957157947686,176
"172",2016,3,6.875,10,7.70833333333333,5.625,5,5.625,7.70833333333333,6,4,3,4,6,1517,1132,385,248,517,1000,7.32485441661173,7.58191696113074,6.56902376623377,6.76209677419355,7.46514506769826,7.25232415,177
"173",2016,4,7.875,12,8.25,7.125,7,10,7.68181818181818,8,4,3,1,11,1529,1140,389,251,518,1011,7.3291721059516,7.58660526315789,6.57474074550129,6.76494023904382,7.47003861003861,7.2569971810089,178
"174",2016,5,7.7,10,8,6.5,4,9,7.375,8,2,1,2,8,1539,1148,391,252,520,1019,7.33158164392463,7.58948606271777,6.5743584398977,6.75396825396825,7.47592307692308,7.25792360157017,179
"175",2016,6,7.55,10,7.8125,6.5,7,8.2,6.9,8,2,1,5,5,1549,1156,393,253,525,1024,7.33299170432537,7.59102941176471,6.57398002544529,6.75494071146245,7.48281904761905,7.25617592773438,180
"176",2016,7,7.5,9,7.5625,7,8,7.625,7.4,8,1,1,4,5,1558,1164,394,254,529,1029,7.33395645057766,7.59083333333333,6.57506129441624,6.75984251968504,7.48389413988658,7.25687478134111,181
"177",2016,8,7.65454545454545,11,8,6.73333333333333,8,8,7.525,8,3,1,3,8,1569,1172,397,255,532,1037,7.3362040471638,7.59362627986348,6.57625730478589,6.76470588235294,7.4868045112782,7.25894324975892,182
"178",2016,9,8.42857142857143,7,8.42857142857143,NA,NA,10,7.8,7,0,0,2,5,1576,1179,397,255,534,1042,7.34105593274112,7.59858354537744,6.57625730478589,6.76470588235294,7.49621722846442,7.26153949136276,183
"179",2016,10,9.05,10,9.27777777777778,7,7,9.66666666666667,8.78571428571429,9,1,1,3,7,1586,1188,398,256,537,1049,7.35183111601513,7.61130471380471,6.57732198492462,6.765625,7.5083426443203,7.27171034318398,184
"180",2016,11,8.25,8,8.33333333333333,8,7,NA,8.25,6,2,1,0,8,1594,1194,400,257,537,1057,7.35633886449184,7.61493299832496,6.584435375,6.76653696498054,7.5083426443203,7.27911461684011,185
"181",2016,12,7.80769230769231,13,8.25,6.33333333333333,6.5,8.025,7.71111111111111,10,3,2,4,9,1607,1204,403,259,541,1066,7.35999013690106,7.62020764119601,6.58256612903226,6.76447876447876,7.51216266173752,7.28276186679174,186
"182",2017,1,8.5,11,9.0625,7,5.5,5.5,9.16666666666667,8,3,2,2,9,1618,1212,406,261,543,1075,7.36774051297899,7.62972772277228,6.58565061576355,6.75478927203065,7.50475138121547,7.29853409302326,187
"183",2017,2,8.125,8,8.28571428571429,7,7,7.33333333333333,8.6,7,1,1,3,5,1626,1219,407,262,546,1080,7.37146626691267,7.63349466776046,6.58666867321867,6.75572519083969,7.50380952380952,7.30455939814815,188
"184",2017,3,8.07142857142857,7,8.75,4,4,8.83333333333333,7.5,6,1,1,3,4,1633,1225,408,263,549,1084,7.37446671769749,7.63896326530612,6.58032879901961,6.74524714828897,7.51107468123862,7.30528058118081,189
"185",2017,4,7.35714285714286,7,7.3,7.5,8,NA,7.35714285714286,5,2,1,0,7,1640,1230,410,264,549,1091,7.37439277439024,7.63758536585366,6.584815,6.75,7.51107468123862,7.30561333638863,190
"186",2017,5,8.2175,8,8.32,7.5,7.5,7.24,8.35714285714286,7,1,1,1,7,1648,1237,411,265,550,1098,7.37848552791262,7.64144704931285,6.58704172749392,6.75283018867924,7.51058181818182,7.31231707650273,191
"187",2017,6,7.30769230769231,13,7.25,8,8,8,7.18181818181818,12,1,1,2,11,1661,1249,412,266,552,1109,7.37793145695364,7.63768614891914,6.59047123786408,6.75751879699248,7.51235507246377,7.31102267808837,192
"188",2017,7,8.35714285714286,14,8.54545454545454,7.66666666666667,8,8.75,8.2,11,3,1,4,10,1675,1260,415,267,556,1119,7.38611591044776,7.64561111111111,6.59825096385542,6.76217228464419,7.52125899280575,7.31896706881144,193
"189",2017,8,7,5,7.25,6,6,6,7.25,4,1,1,1,4,1680,1264,416,268,557,1123,7.38496675595238,7.64435917721519,6.59681286057692,6.75932835820895,7.51852782764811,7.3187214158504,194
"190",2017,9,7.62727272727273,11,7.85714285714286,7.225,7.63333333333333,5,7.89,7,4,3,1,10,1691,1271,420,271,558,1133,7.38654296274394,7.64553107789142,6.6027955952381,6.7690036900369,7.51401433691756,7.32376359223301,195
"191",2017,10,7.72727272727273,11,8.21428571428571,6.875,6.83333333333333,8,7.57142857142857,7,4,3,4,7,1702,1278,424,274,562,1140,7.38874509400705,7.64864632237872,6.60536356132076,6.76970802919708,7.51747330960854,7.32528434210526,196
"192",2017,11,8.42857142857143,14,8.63636363636364,7.66666666666667,7,9.28571428571429,7.57142857142857,11,3,2,7,7,1716,1289,427,276,569,1147,7.39722852564103,7.65707525213344,6.6128200234192,6.7713768115942,7.53922671353251,7.32678653007846,197
"193",2017,12,7.75,10,7.75,NA,NA,6.625,8.5,10,0,0,4,6,1726,1299,427,276,573,1153,7.39927239281576,7.65779060816012,6.6128200234192,6.7713768115942,7.53284467713787,7.33289171725932,198
"194",2018,1,8.21153846153846,13,8.33333333333333,6.75,6.75,8.1875,8.22222222222222,12,1,1,4,9,1739,1311,428,277,577,1162,7.40534453709028,7.66397406559878,6.61314053738318,6.77129963898917,7.53738301559792,7.33977981927711,199
"195",2018,2,8.07142857142857,14,8.18181818181818,7.66666666666667,7.66666666666667,10,7.75,11,3,3,2,12,1753,1322,431,280,579,1174,7.4106640901312,7.66828290468986,6.62047366589327,6.78089285714286,7.54588946459413,7.34397287052811,200
"196",2018,3,8.625,8,8.625,NA,NA,8,8.71428571428571,8,0,0,1,7,1761,1330,431,280,580,1181,7.41618066439523,7.67403759398496,6.62047366589327,6.78089285714286,7.5466724137931,7.3520949618967,201
"197",2018,4,8,8,8.16666666666667,7.5,6,8,8,6,2,1,2,6,1769,1336,433,281,582,1187,7.41882088750707,7.67625,6.62453614318707,6.77811387900356,7.54823024054983,7.3553699663016,202
"198",2018,5,6.77777777777778,9,7.5,5.33333333333333,6.5,6,7.16666666666667,6,3,2,3,6,1778,1342,436,283,585,1193,7.41557601237345,7.67546199701937,6.61565172018349,6.77614840989399,7.5402905982906,7.35442091366303,203
"199",2018,6,7.71428571428571,7,7.6,8,8,9,7.2,5,2,2,2,5,1785,1347,438,285,587,1198,7.41674742296919,7.67518188567186,6.62197294520548,6.78473684210526,7.54526405451448,7.35377641903172,204
"200",2018,7,7.25,9,7.33333333333333,7.08333333333333,7.08333333333333,7.08333333333333,7.33333333333333,6,3,3,3,6,1794,1353,441,288,590,1204,7.4159108974359,7.67366592756837,6.62511145124717,6.78784722222222,7.54291525423729,7.35367454318937,205
"201",2018,8,7.5,5,7.875,6,6,NA,7.5,4,1,1,0,5,1799,1357,442,289,590,1209,7.41614460811562,7.67425939572587,6.6236971719457,6.78512110726644,7.54291525423729,7.35427969396195,206
"202",2018,9,7.5,8,8.28571428571429,2,NA,2,8.28571428571429,7,1,0,1,7,1807,1364,443,289,591,1216,7.4165158550083,7.67739736070381,6.61325993227991,6.78512110726644,7.53353637901861,7.35964157072368,207
"203",2018,10,7.25,8,7.6,6.66666666666667,6,5.5,7.83333333333333,5,3,1,2,6,1815,1369,446,290,593,1222,7.41578190082645,7.67711468224982,6.61361917040359,6.78241379310345,7.5266779089376,7.36196738952537,208
"204",2018,11,7.625,8,8.2,6.66666666666667,6.5,8.5,7.33333333333333,5,3,2,2,6,1823,1374,449,292,595,1228,7.41670002742732,7.67901746724891,6.61397360801782,6.7804794520548,7.52994957983193,7.36182748371335,209
"205",2018,12,7.44666666666667,15,7.68333333333333,6.5,7,7,7.60909090909091,12,3,1,4,11,1838,1386,452,293,599,1239,7.41694458650707,7.67905483405483,6.6132171460177,6.78122866894198,7.52641068447412,7.36402271993543,210
"206",2019,1,7.73333333333333,15,8.2,6.8,7.66666666666667,7.25,7.90909090909091,10,5,3,4,11,1853,1396,457,296,603,1250,7.41950574743659,7.68278653295129,6.61526072210066,6.7902027027027,7.52457711442786,7.36881932,211
"207",2019,2,7.77777777777778,9,9,5.33333333333333,5.33333333333333,NA,7.77777777777778,6,3,3,0,9,1862,1402,460,299,603,1259,7.42123745972073,7.68842368045649,6.60690032608696,6.77558528428094,7.52457711442786,7.3717427720413,212
"208",2019,3,7.46153846153846,13,7.83333333333333,6.625,6.16666666666667,7.875,7.27777777777778,9,4,3,4,9,1875,1411,464,302,607,1268,7.42151688,7.68934798015592,6.60705635775862,6.76953642384106,7.5268863261944,7.37107582807571,213
"209",2019,4,8,6,8.66666666666667,7.33333333333333,8,7,8.5,3,3,2,2,4,1881,1414,467,304,609,1272,7.42336212121212,7.69142149929279,6.61172194860814,6.77763157894737,7.52515599343185,7.37462590408805,214
"210",2019,5,7.44444444444444,9,7.8,7,6.66666666666667,7.66666666666667,7.33333333333333,5,4,3,3,6,1890,1419,471,307,612,1278,7.42346251322751,7.69180408738548,6.61501942675159,6.77654723127036,7.52584967320261,7.37443204225352,215
"211",2019,6,7.13636363636364,11,7.13636363636364,NA,NA,6.6,7.58333333333333,11,0,0,5,6,1901,1430,471,307,617,1284,7.42180123619148,7.68753146853147,6.61501942675159,6.77654723127036,7.51834683954619,7.3754082165109,216
"212",2019,7,7.31818181818182,11,7.6875,6.33333333333333,6.33333333333333,7.33333333333333,7.3125,8,3,3,3,8,1912,1438,474,310,620,1292,7.42120509937238,7.68753129346314,6.61323660337553,6.77225806451613,7.51745161290323,7.37501869195046,217
"213",2019,8,7.27272727272727,11,7.42857142857143,7,6.66666666666667,7.75,7.16666666666667,7,4,3,2,9,1923,1445,478,313,622,1301,7.42035577223089,7.686276816609,6.61647311715481,6.77124600638978,7.51819935691318,7.37357736356649,218
"214",2019,9,8.58636363636364,11,8.745,7,7,9.66666666666667,7.29,10,1,1,6,5,1934,1455,479,314,628,1306,7.4269876680455,7.69355326460481,6.61727379958246,6.77197452229299,7.53872611464968,7.37325738897397,219
"215",2019,10,7.135,10,8.55833333333333,5,5,5.66666666666667,7.76428571428571,6,4,3,3,7,1944,1461,483,317,631,1313,7.42548567386831,7.69710472279261,6.60388022774327,6.75520504731861,7.52982567353407,7.37534207920792,220
"216",2019,11,8.302667,10,8.302667,NA,NA,8.25,8.31583375,10,0,0,2,8,1954,1471,483,317,633,1321,7.42997483111566,7.70122139360979,6.60388022774327,6.75520504731861,7.53210110584518,7.38103771385314,221
"217",2019,12,8.16,5,8,8.4,8.4,8.26666666666667,8,3,2,2,3,2,1959,1474,485,319,636,1323,7.43183809086268,7.70182949118046,6.6112869072165,6.76551724137931,7.53556603773585,7.38197340891912,222
"218",2020,1,7.61764705882353,17,7.25,8.5,9.25,5.66666666666667,8.03571428571429,12,5,2,3,14,1976,1486,490,321,639,1337,7.43343664979757,7.69818080080754,6.63055948979592,6.7809968847352,7.52679186228482,7.3888188631264,223
"219",2020,2,8,11,8.11111111111111,7.5,6,8.66666666666667,7.75,9,2,1,3,8,1987,1495,492,322,642,1345,7.43657313537997,7.70066666889632,6.63409380081301,6.77857142857143,7.5321183800623,7.39096715241636,224
"220",2020,3,7.76666666666667,9,8.2375,4,4,6.63333333333333,8.33333333333333,8,1,1,3,6,1996,1503,493,323,645,1351,7.43806153306613,7.70352406520293,6.62875081135903,6.76996904024768,7.52793798449612,7.39515234641007,225
"221",2020,4,6.90909090909091,11,8,6.28571428571429,8,7,6.875,4,7,2,3,8,2007,1507,500,325,648,1359,7.43516234180369,7.70431099535501,6.6239483,6.77753846153846,7.52549382716049,7.39209037527594,226
"222",2020,5,7.77647058823529,17,8.13076923076923,6.625,6.625,7.41666666666667,7.97272727272727,13,4,4,6,11,2024,1520,504,329,654,1370,7.43802906126482,7.70795833552632,6.6239566468254,6.77568389057751,7.52449541284404,7.39675242335766,227
"223",2020,6,8.11538461538461,13,8.22222222222222,7.875,9,9.4,7.3125,9,4,2,5,8,2037,1529,508,331,659,1378,7.44235189985272,7.71098539568345,6.63380738188976,6.78912386706949,7.5387253414264,7.3962632946299,228
"224",2020,7,7.27941176470588,17,8.43181818181818,5.16666666666667,4.8,7.125,7.36363636363636,11,6,5,6,11,2054,1540,514,336,665,1389,7.44100332035053,7.7161342012987,6.61668122568094,6.75952380952381,7.53499248120301,7.3960049100072,229
"225",2020,8,7.28571428571429,7,7,8,8,8,6.75,5,2,1,3,4,2061,1545,516,337,668,1393,7.44047589519651,7.71381661488673,6.62204292635659,6.76320474777448,7.53708083832335,7.39414990667624,230
"226",2020,9,8.6875,8,8.91666666666667,8,7,8.5,8.875,6,2,1,4,4,2069,1551,518,338,672,1397,7.44529764137264,7.7184698065764,6.62736322393823,6.76390532544379,7.5428125,7.3983899928418,231
"227",2020,10,7.72727272727273,11,7.875,7.33333333333333,9,8.3,7.25,8,3,1,5,6,2080,1559,521,339,677,1403,7.44678885576923,7.71927304041052,6.6314283109405,6.77050147492625,7.5484047267356,7.3977553955809,232
"228",2020,11,8.45454545454546,11,8.55555555555556,8,8,7,8.6,9,2,2,1,10,2091,1568,523,341,678,1413,7.45209030129125,7.72407313137755,6.63666185468451,6.77771260997068,7.54759587020649,7.40626384996461,233
"229",2020,12,8.54,10,8.44444444444444,9.4,9.4,9.2,8.375,9,1,1,2,8,2101,1577,524,342,680,1421,7.4572683579248,7.72818431832594,6.64193540076336,6.78538011695907,7.55245588235294,7.41171767769177,234
"230",2021,1,8,16,7.72727272727273,8.6,9.25,8.5,7.83333333333333,11,5,4,4,12,2117,1588,529,346,684,1433,7.46137025035427,7.72817800377834,6.66044262759925,6.81387283236994,7.55799707602339,7.4152483042568,235
"231",2021,2,7.33333333333333,3,10,6,6,10,6,1,2,2,1,2,2120,1589,531,348,685,1435,7.46118906603774,7.72960772183763,6.65795508474576,6.80919540229885,7.56156204379562,7.41327583275261,236
"232",2021,3,6.85714285714286,7,7.8,4.5,4.5,8,6.4,5,2,2,2,5,2127,1594,533,350,687,1440,7.4592011377527,7.72982852572146,6.64985769230769,6.796,7.5628384279476,7.40975751388889,237
"233",2021,4,7.25,8,8.08333333333333,4.75,6.5,NA,7.25,6,2,1,0,8,2135,1600,535,351,687,1448,7.45841724590164,7.73115416875,6.64275542056075,6.7951566951567,7.5628384279476,7.40887487569061,238
"234",2021,5,6.7,5,7.5,5.5,7,8,6.375,3,2,1,1,4,2140,1603,537,352,688,1452,7.45664524299065,7.7307215658141,6.63849934823091,6.79573863636364,7.5634738372093,7.40602673553719,239
"235",2021,6,8.4375,8,8.35714285714286,9,NA,9,8.25,7,1,0,2,6,2148,1610,538,352,690,1458,7.46029833333333,7.73344513664596,6.64288875464684,6.79573863636364,7.56763768115942,7.40949987654321,240
"236",2021,7,7.5,8,8.42857142857143,1,10,10,6.66666666666667,7,1,1,2,6,2156,1617,539,353,692,1464,7.46044564935065,7.73645434137291,6.63241957328386,6.80481586402266,7.5746676300578,7.40645547814208,241
"237",2021,8,7.55,10,7.875,6.25,6.25,8,7.4375,8,2,2,2,8,2166,1625,541,355,694,1472,7.4608591043398,7.73713641230769,6.63100582255083,6.80169014084507,7.57589337175792,7.40662419836957,242
"238",2021,9,7.66666666666667,9,8.25,3,NA,6,8.14285714285714,8,1,0,2,7,2175,1633,542,355,696,1479,7.46171072183908,7.73964890998163,6.6243065498155,6.80169014084507,7.57136494252873,7.41010873563218,243
"239",2021,10,7.50769230769231,13,8.1,6.56,6.56,7.63333333333333,7.4,8,5,5,6,7,2188,1641,547,360,702,1486,7.4619839213894,7.74140564899452,6.62371873857404,6.79833333333333,7.57189458689459,7.41006111709287,244
"240",2021,11,8.22857142857143,7,8.1,9,NA,8,8.32,6,1,0,2,5,2195,1647,548,360,704,1491,7.46442861958998,7.74271200364299,6.62805501824818,6.79833333333333,7.57311079545454,7.41311255533199,245
"241",2021,12,7.75,10,8.0625,6.5,7.33333333333333,7.25,7.875,8,2,3,2,8,2205,1655,550,363,706,1499,7.46572372789116,7.74425780664653,6.62758936363637,6.80275482093664,7.5721954674221,7.41557759839893,246
"242",2022,1,7.96470588235294,17,8.03076923076923,7.75,8,8.33333333333333,7.88571428571429,13,4,3,3,14,2222,1668,554,366,709,1513,7.46954132313231,7.74649080935252,6.63569341155235,6.81256830601093,7.57541607898448,7.419927838731,247
"243",2022,2,8.71428571428571,7,9,8.33333333333333,8,10,8.5,4,3,1,1,6,2229,1672,557,367,710,1519,7.47345034544639,7.74948963516746,6.64483689407541,6.8158038147139,7.57883098591549,7.42419408821593,248
"244",2022,3,7.71666666666667,6,8.575,6,6,7,7.86,4,2,2,1,5,2235,1676,559,369,711,1524,7.47410327516778,7.75145982696897,6.64252978533095,6.81138211382114,7.57801687763713,7.42562389763779,249
"245",2022,4,7.5,12,9.14285714285714,5.2,6,5,7.72727272727273,7,5,3,1,11,2247,1683,564,372,712,1535,7.47424157543391,7.75724698158051,6.62974140070922,6.80483870967742,7.57439606741573,7.4277855504886,250
"246",2022,5,7.45,10,7.75,7,6,7.83333333333333,7.28571428571429,6,4,1,3,7,2257,1689,568,373,715,1542,7.47413416925122,7.75722123741859,6.63234885563381,6.80268096514745,7.57548251748252,7.42714060959792,251
"247",2022,6,7.96,8,9.004,6.22,9,NA,7.96,5,3,1,0,8,2265,1694,571,374,715,1550,7.47585025165563,7.76090122195986,6.63018239929948,6.80855614973262,7.57548251748252,7.4298908516129,252
"248",2022,7,8.04,5,7.9,8.25,8,8,8.05,3,2,1,1,4,2270,1697,573,375,716,1554,7.4770928722467,7.76114712433707,6.63583621291449,6.81173333333333,7.57607541899441,7.43148701415701,253
"249",2022,8,8.58571428571429,14,8.51666666666667,9,NA,7.2,8.69230769230769,12,2,0,1,13,2284,1709,575,375,717,1567,7.48388827495622,7.76645211819778,6.64405939130435,6.81173333333333,7.57555090655509,7.44194691767709,254
