"","year","month","avg_rating","no_ratings","avg_rating_owned","avg_rating_not_owned","avg_rating_prev_owned","avg_rating_comment","avg_rating_no_comment","no_ratings_owned","no_ratings_not_owned","no_ratings_prev_owned","no_ratings_comment","no_ratings_no_comment","cum_no_ratings","cum_no_ratings_owned","cum_no_ratings_not_owned","cum_no_ratings_prev_owned","cum_no_ratings_comment","cum_no_ratings_no_comment","cum_avg_rating","cum_avg_rating_owned","cum_avg_rating_not_owned","cum_avg_rating_prev_owned","cum_avg_rating_comment","cum_avg_rating_no_comment","month_after_release"
"1",2001,6,7,2,7,7,NA,7,7,1,1,0,1,1,2,1,1,0,1,1,7,7,7,NA,7,7,0
"2",2001,8,5.75,4,6.5,5,5,NA,5.75,2,2,2,0,4,6,3,3,2,1,5,6.16666666666667,6.66666666666667,5.66666666666667,5,7,6,2
"3",2001,9,6.6,5,6.5,7,NA,NA,6.6,4,1,0,0,5,11,7,4,2,1,10,6.36363636363636,6.57142857142857,6,5,7,6.3,3
"4",2001,10,7.33333333333333,6,7.2,8,NA,7.5,7.25,5,1,0,2,4,17,12,5,2,3,14,6.70588235294118,6.83333333333333,6.4,5,7.33333333333333,6.57142857142857,4
"5",2001,11,6.6,5,7.33333333333333,5.5,7,7.33333333333333,5.5,3,2,1,3,2,22,15,7,3,6,16,6.68181818181818,6.93333333333333,6.14285714285714,5.66666666666667,7.33333333333333,6.4375,5
"6",2001,12,1,1,NA,1,NA,1,NA,0,1,0,1,0,23,15,8,3,7,16,6.43478260869565,6.93333333333333,5.5,5.66666666666667,6.42857142857143,6.4375,6
"7",2002,1,5.66666666666667,3,5.5,6,NA,5,6,2,1,0,1,2,26,17,9,3,8,18,6.34615384615385,6.76470588235294,5.55555555555556,5.66666666666667,6.25,6.38888888888889,7
"8",2002,3,7.66666666666667,3,7.5,8,NA,7.5,8,2,1,0,2,1,29,19,10,3,10,19,6.48275862068965,6.84210526315789,5.8,5.66666666666667,6.5,6.47368421052632,9
"9",2002,5,6.25,4,6.66666666666667,5,NA,NA,6.25,3,1,0,0,4,33,22,11,3,10,23,6.45454545454545,6.81818181818182,5.72727272727273,5.66666666666667,6.5,6.43478260869565,11
"10",2002,6,6.5,2,7,6,NA,NA,6.5,1,1,0,0,2,35,23,12,3,10,25,6.45714285714286,6.82608695652174,5.75,5.66666666666667,6.5,6.44,12
"11",2002,7,6.8,5,7,6.66666666666667,6,7,6.66666666666667,2,3,1,2,3,40,25,15,4,12,28,6.5,6.84,5.93333333333333,5.75,6.58333333333333,6.46428571428571,13
"12",2002,8,6.875,4,7.5,6.25,NA,4.5,7.66666666666667,2,2,0,1,3,44,27,17,4,13,31,6.53409090909091,6.88888888888889,5.97058823529412,5.75,6.42307692307692,6.58064516129032,14
"13",2002,9,6.5,2,5,8,8,NA,6.5,1,1,1,0,2,46,28,18,5,13,33,6.53260869565217,6.82142857142857,6.08333333333333,6.2,6.42307692307692,6.57575757575758,15
"14",2002,10,8,1,8,NA,NA,NA,8,1,0,0,0,1,47,29,18,5,13,34,6.56382978723404,6.86206896551724,6.08333333333333,6.2,6.42307692307692,6.61764705882353,16
"15",2002,11,7,4,7,7,7,6,7.33333333333333,3,1,1,1,3,51,32,19,6,14,37,6.59803921568627,6.875,6.13157894736842,6.33333333333333,6.39285714285714,6.67567567567568,17
"16",2002,12,7.5,2,7,8,NA,8,7,1,1,0,1,1,53,33,20,6,15,38,6.63207547169811,6.87878787878788,6.225,6.33333333333333,6.5,6.68421052631579,18
"17",2003,1,7.4375,8,7.75,6.5,NA,8,7.35714285714286,6,2,0,1,7,61,39,22,6,16,45,6.73770491803279,7.01282051282051,6.25,6.33333333333333,6.59375,6.78888888888889,19
"18",2003,2,6.75,4,7,6,NA,7,6.5,3,1,0,2,2,65,42,23,6,18,47,6.73846153846154,7.01190476190476,6.23913043478261,6.33333333333333,6.63888888888889,6.77659574468085,20
"19",2003,3,6.2,5,7,5,NA,6,6.5,3,2,0,3,2,70,45,25,6,21,49,6.7,7.01111111111111,6.14,6.33333333333333,6.54761904761905,6.76530612244898,21
"20",2003,4,8.25,4,9.66666666666667,4,NA,NA,8.25,3,1,0,0,4,74,48,26,6,21,53,6.78378378378378,7.17708333333333,6.05769230769231,6.33333333333333,6.54761904761905,6.87735849056604,22
"21",2003,5,7,10,7.5,6.25,NA,6.83333333333333,7.25,6,4,0,6,4,84,54,30,6,27,57,6.80952380952381,7.21296296296296,6.08333333333333,6.33333333333333,6.61111111111111,6.90350877192982,23
"22",2003,6,7.1875,8,7.91666666666667,5,4,5.5,8.2,6,2,1,3,5,92,60,32,7,30,62,6.84239130434783,7.28333333333333,6.015625,6,6.5,7.00806451612903,24
"23",2003,7,6.82692307692308,26,6.81578947368421,6.85714285714286,NA,6.5,7,19,7,0,9,17,118,79,39,7,39,79,6.83898305084746,7.17088607594937,6.16666666666667,6,6.5,7.00632911392405,25
"24",2003,8,6,8,6.5,5.83333333333333,NA,6,6,2,6,0,3,5,126,81,45,7,42,84,6.78571428571429,7.15432098765432,6.12222222222222,6,6.46428571428571,6.94642857142857,26
"25",2003,9,7.5,6,8,5,NA,7.66666666666667,7.33333333333333,5,1,0,3,3,132,86,46,7,45,87,6.81818181818182,7.20348837209302,6.09782608695652,6,6.54444444444444,6.95977011494253,27
"26",2003,10,8,1,8,NA,NA,NA,8,1,0,0,0,1,133,87,46,7,45,88,6.82706766917293,7.21264367816092,6.09782608695652,6,6.54444444444444,6.97159090909091,28
"27",2003,11,7.4,5,8,5,NA,6.5,8,4,1,0,2,3,138,91,47,7,47,91,6.84782608695652,7.24725274725275,6.07446808510638,6,6.54255319148936,7.00549450549451,29
"28",2003,12,6.35714285714286,7,6.1,7,NA,6,6.5,5,2,0,2,5,145,96,49,7,49,96,6.82413793103448,7.1875,6.11224489795918,6,6.52040816326531,6.97916666666667,30
"29",2004,1,6.57142857142857,7,6.66666666666667,6.5,7,7.33333333333333,6,3,4,1,3,4,152,99,53,8,52,100,6.8125,7.17171717171717,6.14150943396226,6.125,6.56730769230769,6.94,31
"30",2004,2,8.14285714285714,7,8.14285714285714,NA,NA,8,8.25,7,0,0,3,4,159,106,53,8,55,104,6.87106918238994,7.23584905660377,6.14150943396226,6.125,6.64545454545455,6.99038461538461,32
"31",2004,3,7,5,7,7,NA,7.5,6.66666666666667,3,2,0,2,3,164,109,55,8,57,107,6.875,7.22935779816514,6.17272727272727,6.125,6.67543859649123,6.98130841121495,33
"32",2004,4,7,6,6.8,8,NA,6.5,7.25,5,1,0,2,4,170,114,56,8,59,111,6.87941176470588,7.21052631578947,6.20535714285714,6.125,6.66949152542373,6.99099099099099,34
"33",2004,5,6.375,8,6.16666666666667,7,NA,6.6,6,6,2,0,5,3,178,120,58,8,64,114,6.85674157303371,7.15833333333333,6.23275862068965,6.125,6.6640625,6.96491228070175,35
"34",2004,6,7.25,4,7.25,NA,NA,8,6.5,4,0,0,2,2,182,124,58,8,66,116,6.86538461538461,7.16129032258065,6.23275862068965,6.125,6.70454545454545,6.95689655172414,36
"35",2004,7,6,8,6.14285714285714,5,NA,5.83333333333333,6.5,7,1,0,6,2,190,131,59,8,72,118,6.82894736842105,7.10687022900763,6.21186440677966,6.125,6.63194444444444,6.94915254237288,37
"36",2004,8,6.75,6,7.66666666666667,5.83333333333333,5,5.75,7.25,3,3,1,2,4,196,134,62,9,74,122,6.8265306122449,7.11940298507463,6.19354838709677,6,6.60810810810811,6.95901639344262,38
"37",2004,9,7,4,7.66666666666667,5,NA,NA,7,3,1,0,0,4,200,137,63,9,74,126,6.83,7.13138686131387,6.17460317460317,6,6.60810810810811,6.96031746031746,39
"38",2004,10,7,5,7,7,7,5,7.5,4,1,1,1,4,205,141,64,10,75,130,6.83414634146341,7.12765957446809,6.1875,6.1,6.58666666666667,6.97692307692308,40
"39",2004,11,7.11111111111111,9,7.5,4,NA,6.5,7.6,8,1,0,4,5,214,149,65,10,79,135,6.84579439252336,7.14765100671141,6.15384615384615,6.1,6.58227848101266,7,41
"40",2004,12,4.91666666666667,6,6.375,2,NA,3,6.83333333333333,4,2,0,3,3,220,153,67,10,82,138,6.79318181818182,7.12745098039216,6.02985074626866,6.1,6.45121951219512,6.9963768115942,42
"41",2005,1,5.867,10,6.81,3.66666666666667,NA,2.5,6.70875,7,3,0,2,8,230,160,70,10,84,146,6.75291304347826,7.1135625,5.92857142857143,6.1,6.35714285714286,6.98061643835616,43
"42",2005,2,7.5,4,8.5,6.5,NA,NA,7.5,2,2,0,0,4,234,162,72,10,84,150,6.76568376068376,7.13067901234568,5.94444444444444,6.1,6.35714285714286,6.99446666666667,44
"43",2005,3,5.78666666666667,15,7.04285714285714,4.6875,5.5,4.9,6.5625,7,8,2,7,8,249,169,80,12,91,158,6.70670682730924,7.12704142011834,5.81875,6,6.24505494505494,6.97259493670886,45
"44",2005,4,5.9,5,5.875,6,NA,7.5,5.5,4,1,0,1,4,254,173,81,12,92,162,6.69082677165354,7.09809248554913,5.82098765432099,6,6.25869565217391,6.93623456790124,46
"45",2005,5,6.78571428571429,7,7.375,6,NA,6.33333333333333,7.125,4,3,0,3,4,261,177,84,12,95,166,6.69337164750958,7.10435028248588,5.82738095238095,6,6.26105263157895,6.94078313253012,47
"46",2005,6,6.78571428571429,7,6.91666666666667,6,6,6.4,7.75,6,1,1,5,2,268,183,85,13,100,168,6.69578358208955,7.09819672131148,5.82941176470588,6,6.268,6.95041666666667,48
"47",2005,7,6.5,6,6.5,NA,NA,7,6.4,6,0,0,1,5,274,189,85,13,101,173,6.69149635036496,7.07920634920635,5.82941176470588,6,6.27524752475247,6.93450867052023,49
"48",2005,8,6.25,16,6.33333333333333,6.14285714285714,7,6.16666666666667,6.35714285714286,9,7,1,9,7,290,198,92,14,110,180,6.66713793103448,7.04530303030303,5.85326086956522,6.07142857142857,6.26636363636364,6.91205555555556,50
"49",2005,9,7.16666666666667,9,6.8125,10,NA,6.75,8,8,1,0,6,3,299,206,93,14,116,183,6.68217391304348,7.03626213592233,5.89784946236559,6.07142857142857,6.29137931034483,6.92989071038251,51
"50",2005,10,7.3,10,8.07142857142857,5.5,NA,6.3,8.3,7,3,0,5,5,309,213,96,14,121,188,6.70216828478964,7.07028169014085,5.88541666666667,6.07142857142857,6.29173553719008,6.96632978723404,52
"51",2005,11,7.01,10,7.2625,6,NA,6.68333333333333,7.5,8,2,0,6,4,319,221,98,14,127,192,6.71181818181818,7.07723981900452,5.88775510204082,6.07142857142857,6.31023622047244,6.97744791666667,53
"52",2005,12,6.5,12,7.21428571428571,5.5,6,6,6.85714285714286,7,5,1,5,7,331,228,103,15,132,199,6.70413897280967,7.08144736842105,5.86893203883495,6.06666666666667,6.29848484848485,6.97321608040201,54
"53",2006,1,6.5,12,6.88888888888889,5.33333333333333,5.5,6.25,6.625,9,3,2,4,8,343,237,106,17,136,207,6.69699708454811,7.07413502109705,5.85377358490566,6,6.29705882352941,6.95975845410628,55
"54",2006,2,6.29090909090909,11,7.025,4.33333333333333,NA,4.66666666666667,6.9,8,3,0,3,8,354,245,109,17,139,215,6.68437853107345,7.0725306122449,5.81192660550459,6,6.26187050359712,6.95753488372093,56
"55",2006,3,7.23684210526316,19,7.26470588235294,7,NA,6.33333333333333,7.65384615384615,17,2,0,6,13,373,262,111,17,145,228,6.71252010723861,7.085,5.83333333333333,6,6.2648275862069,6.99723684210526,57
"56",2006,4,6.94444444444444,9,7.21428571428571,6,7,6.2,7.875,7,2,1,5,4,382,269,113,18,150,232,6.71798429319372,7.08836431226766,5.83628318584071,6.05555555555556,6.26266666666667,7.01237068965517,58
"57",2006,5,6.88888888888889,9,7,6.66666666666667,5,NA,6.88888888888889,6,3,1,0,9,391,275,116,19,150,241,6.72191815856777,7.08643636363636,5.85775862068965,6,6.26266666666667,7.00775933609959,59
"58",2006,6,8.16666666666667,6,8.2,8,NA,8.125,8.25,5,1,0,4,2,397,280,117,19,154,243,6.74375314861461,7.10632142857143,5.87606837606838,6,6.31103896103896,7.01798353909465,60
"59",2006,7,6.94230769230769,26,6.78947368421053,7.35714285714286,6.75,7.16666666666667,6.82352941176471,19,7,2,9,17,423,299,124,21,163,260,6.75595744680851,7.0861872909699,5.95967741935484,6.07142857142857,6.35828220858896,7.00526923076923,61
"60",2006,8,7.73333333333333,9,7.73333333333333,NA,NA,7.66666666666667,7.76666666666667,9,0,0,3,6,432,308,124,21,166,266,6.77631944444444,7.1050974025974,5.95967741935484,6.07142857142857,6.38192771084337,7.02244360902256,62
"61",2006,9,7.90714285714286,14,7.94444444444444,7.84,10,7.8,7.96666666666667,9,5,1,5,9,446,317,129,22,171,275,6.81181614349776,7.12892744479495,6.03255813953488,6.25,6.4233918128655,7.05334545454545,63
"62",2006,10,6.1,10,6.66666666666667,5.85714285714286,4,6,6.16666666666667,3,7,1,4,6,456,320,136,23,175,281,6.79620614035088,7.12459375,6.02352941176471,6.15217391304348,6.41371428571429,7.0344128113879,64
"63",2006,11,6.35,10,7.08333333333333,5.25,NA,6,6.875,6,4,0,6,4,466,326,140,23,181,285,6.78663090128755,7.12383435582822,6.00142857142857,6.15217391304348,6.4,7.03217543859649,65
"64",2006,12,6.39130434782609,23,6.17647058823529,7,7,5.83333333333333,6.75,17,6,1,9,14,489,343,146,24,190,299,6.76803680981595,7.0768804664723,6.04246575342466,6.1875,6.37315789473684,7.01896321070234,66
"65",2007,1,6.95689655172414,29,7.53947368421053,5.85,7,7.1875,6.86904761904762,19,10,2,8,21,518,362,156,26,198,320,6.77861003861004,7.10116022099447,6.03012820512821,6.25,6.40606060606061,7.009125,67
"66",2007,2,7.00645368421053,19,7.7,5.064524,5.5,6.6,7.372262,14,5,1,9,10,537,376,161,27,207,330,6.78667154562384,7.12345744680851,6.00014049689441,6.22222222222222,6.41449275362319,7.02012915151515,68
"67",2007,3,6.46114285714286,14,7.1875,5.49266666666667,5.5,6.83333333333333,6.182,8,6,2,6,8,551,384,167,29,213,338,6.77840039927405,7.12479166666667,5.98190790419162,6.17241379310345,6.42629107981221,7.00029177514793,69
"68",2007,4,7.1,10,8,5,NA,8.5,6.75,7,3,0,2,8,561,391,170,29,215,346,6.78413301247772,7.14046035805627,5.96458011764706,6.17241379310345,6.44558139534884,6.99450468208093,70
"69",2007,5,6.72727272727273,11,7.14285714285714,6,NA,6.33333333333333,7.2,7,4,0,6,5,572,398,174,29,221,351,6.78303954545455,7.14050251256281,5.96539436781609,6.17241379310345,6.44253393665158,6.99743196581197,71
"70",2007,6,7.29,10,7.48571428571429,6.83333333333333,NA,7.94,6.64,7,3,0,5,5,582,405,177,29,226,356,6.79175020618557,7.14646913580247,5.98010519774011,6.17241379310345,6.47566371681416,6.99241185393258,72
"71",2007,7,7.29230769230769,13,7.75555555555556,6.25,NA,7.1,7.4125,9,4,0,5,8,595,414,181,29,231,364,6.80268675630252,7.15971014492754,5.98606972375691,6.17241379310345,6.48917748917749,7.00164456043956,73
"72",2007,8,6.45,20,6.65384615384615,6.07142857142857,NA,6.21428571428571,6.57692307692308,13,7,0,7,13,615,427,188,29,238,377,6.79121726829268,7.14430913348946,5.9892479787234,6.17241379310345,6.48109243697479,6.98699899204244,74
"73",2007,9,7.35,9,7.92857142857143,5.325,6.65,7.25,7.37857142857143,7,2,1,2,7,624,434,190,30,240,384,6.79927663461539,7.15695852534562,5.98225589473684,6.18833333333333,6.4875,6.99413703125,75
"74",2007,10,7.5,14,7.72727272727273,6.66666666666667,NA,7.5,7.5,11,3,0,6,8,638,445,193,30,246,392,6.81465300940439,7.17105617977528,5.99289440414508,6.18833333333333,6.51219512195122,7.00446076530612,76
"75",2007,11,6.98333333333333,12,7.08,6.5,NA,6.5,7.08,10,2,0,2,10,650,455,195,30,248,402,6.81776710769231,7.16905494505495,5.99809548717949,6.18833333333333,6.51209677419355,7.00633985074627,77
"76",2007,12,7.48235294117647,17,8.3375,6.72222222222222,7.75,7.25,8.04,8,9,2,12,5,667,463,204,32,260,407,6.83470557721139,7.18924406047516,6.03004225490196,6.2859375,6.54615384615385,7.01903837837838,78
"77",2008,1,7.16470588235294,17,7.18181818181818,7.13333333333333,7,6.5,7.44166666666667,11,6,1,5,12,684,474,210,33,265,419,6.84290733918129,7.18907172995781,6.06156485714286,6.30757575757576,6.54528301886793,7.03114229116945,79
"78",2008,2,8.45454545454546,11,8.45454545454546,NA,NA,8,9,11,0,0,6,5,695,485,210,33,271,424,6.86841528057554,7.21777319587629,6.06156485714286,6.30757575757576,6.57749077490775,7.05435995283019,80
"79",2008,3,7.30909090909091,22,7.2375,7.5,6.5,7.25,7.33125,16,6,2,6,16,717,501,216,35,277,440,6.88193670850767,7.21840319361278,6.10152138888889,6.31857142857143,6.59205776173285,7.06442868181818,81
"80",2008,4,7.58823529411765,17,7.91666666666667,6.8,7.5,7.21428571428571,7.85,12,5,2,7,10,734,513,221,37,284,450,6.8982951226158,7.23473684210526,6.11732407239819,6.38243243243243,6.60739436619718,7.08188582222222,82
"81",2008,5,6.97190909090909,11,6.85714285714286,7.17275,7,7.56366666666667,6.75,7,4,1,3,8,745,520,225,38,287,458,6.89938204026846,7.22965384615385,6.1360872,6.39868421052632,6.61739024390244,7.07608868995633,83
"82",2008,6,7.07692307692308,13,7.22222222222222,6.75,NA,8,6.8,9,4,0,3,10,758,529,229,38,290,468,6.90242693931398,7.22952741020794,6.14681056768559,6.39868421052632,6.63169310344828,7.07018935897436,84
"83",2008,7,6.67272727272727,22,7.08125,5.58333333333333,5.3,6.56,6.70588235294118,16,6,5,5,17,780,545,235,43,295,485,6.89594823076923,7.22517431192661,6.13242391489362,6.27093023255814,6.6304779661017,7.05741983505155,85
"84",2008,8,6.5,20,7.46153846153846,4.71428571428571,4.1,6,6.83333333333333,13,7,5,8,12,800,558,242,48,303,497,6.886049525,7.23068100358423,6.09140338842975,6.04479166666667,6.61383168316832,7.05200929577465,86
"85",2008,9,6.33076923076923,13,7.9125,3.8,4.5,6.5,6.225,8,5,2,5,8,813,566,247,50,308,505,6.87717050430504,7.24031802120141,6.04501870445344,5.983,6.61198376623377,7.03890815841584,87
"86",2008,10,6.075,12,6.24,5.25,7,5.75,6.4,10,2,1,6,6,825,576,249,51,314,511,6.86550256969697,7.22295138888889,6.03863301204819,6.00294117647059,6.5955127388535,7.03140630136986,88
"87",2008,11,7.34615384615385,13,7.14285714285714,7.58333333333333,7.16666666666667,7.375,7.33333333333333,7,6,3,4,9,838,583,255,54,318,520,6.87295897374702,7.2219897084048,6.07497890196078,6.06759259259259,6.60531761006289,7.03663196153846,89
"88",2008,12,6.44166666666667,12,7.0375,5.25,5.25,5.83333333333333,6.64444444444444,8,4,4,3,9,850,591,259,58,321,529,6.86687014117647,7.2194923857868,6.06223791505791,6.01120689655172,6.59810280373832,7.02995958412099,90
"89",2009,1,6.21041666666667,24,7.025,5.39583333333333,3.7,5.88888888888889,6.40333333333333,12,12,5,9,15,874,603,271,63,330,544,6.84884395881007,7.21562189054726,6.03272922509225,5.82777777777778,6.57876060606061,7.01268128676471,91
"90",2009,2,6.59,30,7.035,5.7,6,6.83333333333333,6.52916666666667,20,10,2,6,24,904,623,281,65,336,568,6.84025400442478,7.20982343499197,6.02088832740213,5.83307692307692,6.58330654761905,6.9922510915493,92
"91",2009,3,6.904,25,6.75714285714286,7.09090909090909,7,6.64285714285714,7.00555555555556,14,11,3,7,18,929,637,292,68,343,586,6.84196945102261,7.19987441130298,6.06119732876712,5.88455882352941,6.58452186588921,6.99265976109215,93
"92",2009,4,7.20454545454545,22,7.54545454545455,6.86363636363636,6.2,7.11111111111111,7.26923076923077,11,11,5,9,13,951,648,303,73,352,599,6.85035711882229,7.20574074074074,6.09032877887789,5.90616438356164,6.59798579545455,6.99866213689483,94
"93",2009,5,7.00925925925926,27,7.734375,5.95454545454545,5.83333333333333,6.8,7.13235294117647,16,11,6,10,17,978,664,314,79,362,616,6.85474398773006,7.21847891566265,6.08557203821656,5.9006329113924,6.60356629834254,7.00235165584416,95
"94",2009,6,7.30625,16,7,7.44545454545455,6.66666666666667,7.2,7.35454545454545,5,11,3,5,11,994,669,325,82,367,627,6.86201169014085,7.21684603886398,6.13159883076923,5.92865853658537,6.61169209809264,7.00853049441786,96
"95",2009,7,6.91129032258065,31,7.46153846153846,6.51388888888889,7.25,6.77272727272727,6.9875,13,18,4,11,20,1025,682,343,86,378,647,6.86350206829268,7.22151026392962,6.15166069970846,5.99011627906977,6.61637830687831,7.00788040185471,97
"96",2009,8,6.83333333333333,18,7.03571428571429,6.125,6.75,6.64285714285714,6.95454545454545,14,4,2,7,11,1043,696,347,88,385,658,6.8629814189837,7.21777298850575,6.15135337175793,6.00738636363636,6.61685974025974,7.00698878419453,98
"97",2009,9,6.80666666666667,15,7.16666666666667,6.26666666666667,6,6.7,6.86,9,6,3,5,10,1058,705,353,91,390,668,6.86218300567108,7.21712056737589,6.15331337110482,6.00714285714286,6.61792564102564,7.00478835329341,99
"98",2009,10,6.93809523809524,21,7.01538461538462,6.8125,6.25,7.25,6.74615384615385,13,8,4,8,13,1079,718,361,95,398,681,6.86366044485635,7.21346796657382,6.16792138504155,6.01736842105263,6.63063065326633,6.99985113069016,100
"99",2009,11,6.06111111111111,18,6.51,5.5,6,5.8875,6.2,10,8,2,8,10,1097,728,369,97,406,691,6.85049190519599,7.20380494505495,6.15344070460705,6.01701030927835,6.61598768472906,6.98827586107091,101
"100",2009,12,6.88235294117647,17,7.22222222222222,6.5,5.5,6.25,7.07692307692308,9,8,2,4,13,1114,737,377,99,410,704,6.85097811490126,7.20402985074627,6.16079474801061,6.00656565656566,6.61241707317073,6.9899128125,102
"101",2010,1,7.15909090909091,22,7.71428571428571,6.1875,5.83333333333333,6.875,7.22222222222222,14,8,3,4,18,1136,751,385,102,414,722,6.85694508802817,7.21354194407457,6.16134966233766,6.00147058823529,6.61495410628019,6.9957044598338,103
"102",2010,2,6.76666666666667,15,7.68181818181818,4.25,NA,6.66666666666667,6.83333333333333,11,4,0,6,9,1151,762,389,102,420,731,6.85576856646395,7.22030183727034,6.14169568123393,6.00147058823529,6.61569285714286,6.9937053625171,104
"103",2010,3,6.97692307692308,13,7.18888888888889,6.5,7,6.66666666666667,7.07,9,4,2,3,10,1164,771,393,104,423,741,6.85712166666667,7.21993514915694,6.14534254452926,6.02067307692308,6.61605437352246,6.99473497975709,105
"104",2010,4,6.8,11,6.86666666666667,6.5,7,6.25,7.11428571428571,9,2,1,4,7,1175,780,395,105,427,748,6.8565869106383,7.21585897435898,6.14713827848101,6.03,6.61262529274005,6.99585377005348,106
"105",2010,5,7.24058823529412,17,7.82636363636364,6.16666666666667,6,6.8,7.42416666666667,11,6,2,5,12,1192,791,401,107,432,760,6.86206343959732,7.22434892541087,6.14743047381546,6.02943925233645,6.61479398148148,7.00261660526316,107
"106",2010,6,6.71153846153846,13,7.27777777777778,5.4375,5,6.25,6.85,9,4,1,3,10,1205,800,405,108,435,770,6.8604395186722,7.22495,6.14041881481482,6.01990740740741,6.61227816091954,7.00063457142857,108
"107",2010,7,6.84375,16,7.45454545454545,5.5,5,6.66666666666667,6.88461538461539,11,5,2,3,13,1221,811,410,110,438,783,6.86022081900082,7.22806411837238,6.13260882926829,6.00136363636364,6.61265068493151,6.99870832694764,109
"108",2010,8,7.26470588235294,17,7.73076923076923,5.75,NA,7.5,7.19230769230769,13,4,0,4,13,1238,824,414,110,442,796,6.86577513731826,7.23599514563107,6.12891212560386,6.00136363636364,6.62068099547511,7.00187012562814,110
"109",2010,9,6.8,12,7.0125,6.375,6.5,6.8,6.8,8,4,1,2,10,1250,832,418,111,444,806,6.865143696,7.23384615384616,6.13126703349282,6.00585585585586,6.62148873873874,6.99936553349876,111
"110",2010,10,6.8,14,7.13333333333333,6.2,NA,8.05,6.3,9,5,0,4,10,1264,841,423,111,448,816,6.86442216772152,7.23277051129608,6.13207947990544,6.00585585585586,6.63424330357143,6.99079487745098,112
"111",2010,11,5.78571428571429,7,6.625,4.66666666666667,5,6,5.625,4,3,1,3,4,1271,845,426,112,451,820,6.85848121164438,7.22989349112426,6.1217596713615,5.996875,6.6300243902439,6.98413246341464,113
"112",2010,12,7.23928571428571,14,7.7,6.625,6.75,7.6,6.96875,8,6,3,6,8,1285,853,432,115,457,828,6.86263005447471,7.23430246189918,6.12874912037037,6.01652173913043,6.64275929978118,6.98398384057971,114
"113",2011,1,7.00909090909091,22,7.51333333333333,5.92857142857143,5,6.92857142857143,7.04666666666667,15,7,1,7,15,1307,868,439,116,464,843,6.86509534812548,7.23912442396314,6.12555722095672,6.00775862068966,6.64707112068965,6.98509919335706,115
"114",2011,2,6.875,16,7.18181818181818,6.2,6,5.75,7.25,11,5,4,4,12,1323,879,444,120,468,855,6.86521513227513,7.23840728100114,6.12639554054054,6.0075,6.63940384615385,6.98881709941521,116
"115",2011,3,6.5,18,7.875,5.4,5.66666666666667,6.58333333333333,6.45833333333333,8,10,3,6,12,1341,887,454,123,474,867,6.86031291573453,7.2441488162345,6.11039563876652,5.99918699186992,6.638694092827,6.98147476355248,117
"116",2011,4,6.52272727272727,11,6.79166666666667,6.2,5.66666666666667,6.25,7,6,5,3,7,4,1352,893,459,126,481,871,6.85756628698225,7.24110862262038,6.1113717211329,5.99126984126984,6.63303742203742,6.98155983926521,118
"117",2011,5,7.45,10,7.4375,7.5,NA,7.8,7.1,8,2,0,5,5,1362,901,461,126,486,876,6.861916020558,7.24285238623751,6.11739613882863,5.99126984126984,6.64504320987654,6.98223586757991,119
"118",2011,6,7.625,16,7.95,7.08333333333333,6.5,8.33333333333333,7.46153846153846,10,6,2,3,13,1378,911,467,128,489,889,6.87077621190131,7.25061470911087,6.12980646680942,5.99921875,6.65540081799591,6.98924479190101,120
"119",2011,7,7.22647058823529,17,7.675,6.58571428571429,6.5,6.66666666666667,7.34642857142857,10,7,2,3,14,1395,921,474,130,492,903,6.87511083870968,7.25522258414767,6.13653928270042,6.00692307692308,6.65546951219512,6.99478252491694,121
"120",2011,8,6.92105263157895,19,7.19230769230769,6.33333333333333,5,7.41666666666667,6.69230769230769,13,6,1,6,13,1414,934,480,131,498,916,6.8757281612447,7.25434689507495,6.13899920833333,5.99923664122137,6.664640562249,6.99048975982533,122
"121",2011,9,6.79444444444444,18,7.6,6.15,7,7,6.73571428571429,8,10,1,4,14,1432,942,490,132,502,930,6.87470643854749,7.25728237791932,6.13922371428571,6.00681818181818,6.66731274900398,6.98665443010753,123
"122",2011,10,8.20833333333333,12,8.4,7.25,7,8.4,8.07142857142857,10,2,1,5,7,1444,952,492,133,507,937,6.88578921052632,7.26928571428572,6.14373906504065,6.01428571428571,6.68440039447732,6.99475839914621,124
"123",2011,11,7.26923076923077,13,7.66666666666667,6.375,8,8.375,6.77777777777778,9,4,1,4,9,1457,961,496,134,511,946,6.88921044612217,7.27300728407909,6.14560407258065,6.02910447761194,6.69763405088062,6.99269410147992,125
"124",2011,12,7.35434782608696,23,7.36,7.34375,7,6.7,7.4921052631579,15,8,1,4,19,1480,976,504,135,515,965,6.89643893243243,7.27434426229508,6.16462226190476,6.0362962962963,6.69765242718447,7.00252706735751,126
"125",2012,1,6.99545454545455,22,7.5,6.26666666666667,6.33333333333333,6.48333333333333,7.1875,13,9,3,6,16,1502,989,513,138,521,981,6.89788922769641,7.27731041456016,6.16641251461988,6.04275362318841,6.69518426103647,7.00554395514781,127
"126",2012,2,7.23333333333333,15,7.94444444444444,6.16666666666667,6,6.875,7.36363636363636,9,6,2,4,11,1517,998,519,140,525,992,6.9012060777851,7.28332665330661,6.16641545279383,6.04214285714286,6.69655428571429,7.00951473790323,128
"127",2012,3,6.93846153846154,13,7,6.9,5.56666666666667,5.675,7.5,5,8,3,4,9,1530,1003,527,143,529,1001,6.90152262745098,7.28191425722832,6.17755146110057,6.03216783216783,6.68882986767486,7.0139246953047,129
"128",2012,4,6.91111111111111,9,7.34,6.375,NA,7.5,6.74285714285714,5,4,0,2,7,1539,1008,531,143,531,1008,6.90157870045484,7.28220238095238,6.17903883239171,6.03216783216783,6.69188512241055,7.01204228174603,130
"129",2012,5,6.74882352941176,17,7.02090909090909,6.25,5.75,6.646,6.79166666666667,11,6,4,5,12,1556,1019,537,147,536,1020,6.899909781491,7.2793817468106,6.17983169459963,6.02448979591837,6.69145708955224,7.00944962745098,131
"130",2012,6,6.5,11,6.83333333333333,6.1,6.5,7,6.38888888888889,6,5,2,2,9,1567,1025,542,149,538,1029,6.89710250159541,7.27677073170732,6.1790952398524,6.03087248322148,6.69260408921933,7.00402198250729,132
"131",2012,7,7.32166666666667,6,7.33333333333333,7.31,NA,NA,7.32166666666667,3,3,0,0,6,1573,1028,545,149,538,1035,6.8987219453274,7.27693579766537,6.18532040366972,6.03087248322148,6.69260408921933,7.00586340096619,133
"132",2012,8,6.82857142857143,14,7.075,6.5,NA,6,6.96666666666667,8,6,0,2,12,1587,1036,551,149,540,1047,6.89810310018904,7.27537644787645,6.18874704174229,6.03087248322148,6.69003888888889,7.0054141547278,134
"133",2012,9,6.71333333333333,15,7.5875,5.71428571428571,5.125,6.5,6.76666666666667,8,7,4,3,12,1602,1044,558,153,543,1059,6.89637304619226,7.27776819923372,6.18279501792115,6.00718954248366,6.68898895027624,7.00270880075543,135
"134",2012,10,7.22222222222222,9,7.25,7,NA,NA,7.22222222222222,8,1,0,0,9,1611,1052,559,153,543,1068,6.89819343265053,7.27755703422053,6.18425692307692,6.00718954248366,6.68898895027624,7.0045586329588,136
"135",2012,11,6.77857142857143,14,7.5,6.49,7.13333333333333,7.28,6.5,4,10,3,5,9,1625,1056,569,156,548,1077,6.89716284307693,7.27839962121212,6.18963026362039,6.02884615384615,6.69438138686131,7.00034226555246,137
"136",2012,12,7.11764705882353,17,7.71428571428571,6.7,5.33333333333333,6.5,7.2,7,10,3,2,15,1642,1063,579,159,550,1092,6.89944556638246,7.28126999059266,6.19844493955095,6.01572327044025,6.69367454545455,7.00308481684982,138
"137",2013,1,6.88636363636364,22,7.10714285714286,6.5,6.33333333333333,6.88888888888889,6.88461538461539,14,8,3,9,13,1664,1077,587,162,559,1105,6.89927260817308,7.27900649953575,6.20255471890971,6.02160493827161,6.6968175313059,7.00169105882353,139
"138",2013,2,6.7,5,7.5,5.5,NA,6.25,7,3,2,0,2,3,1669,1080,589,162,561,1108,6.89867562612343,7.27962037037037,6.20016913412564,6.02160493827161,6.69522459893048,7.00168648014441,140
"139",2013,3,7.14666666666667,15,7.65,6.57142857142857,6,7.25,7.10909090909091,8,7,1,4,11,1684,1088,596,163,565,1119,6.90088457244656,7.28234375,6.20452956375839,6.02147239263804,6.69915221238938,7.00274228775693,141
"140",2013,4,7.40909090909091,11,7.83333333333333,6.9,6.5,8,7.35,6,5,1,1,10,1695,1094,601,164,566,1129,6.90418266666667,7.28536563071298,6.21031550748752,6.02439024390244,6.70145053003533,7.00581808680248,142
"141",2013,5,6.66666666666667,15,7.45,5.1,5,6,6.76923076923077,10,5,1,2,13,1710,1104,606,165,568,1142,6.90209919298246,7.28685688405797,6.20115448844884,6.01818181818182,6.69898063380282,7.00312488616462,143
"142",2013,6,7.21428571428571,7,7.3,7,8,8.25,6.8,5,2,1,2,5,1717,1109,608,166,570,1147,6.90337193942924,7.28691614066727,6.20378226973684,6.03012048192771,6.70442280701754,7.00223942458588,144
"143",2013,7,7.44615384615385,13,7.33,7.83333333333333,NA,7,7.48333333333333,10,3,0,1,12,1730,1119,611,166,571,1159,6.90745064739885,7.28730116175156,6.21178333878887,6.03012048192771,6.7049404553415,7.00722055220017,145
"144",2013,8,7.15,18,7.91111111111111,6.38888888888889,5.9,7.83333333333333,7.01333333333333,9,9,2,3,15,1748,1128,620,168,574,1174,6.90994829519451,7.29227836879433,6.21435422580645,6.02857142857143,6.71083797909408,7.00729865417377,146
"145",2013,9,6.625,22,7.2,6.14583333333333,6,6.8,6.57352941176471,10,12,2,5,17,1770,1138,632,170,579,1191,6.90640656497175,7.29146748681898,6.21305319620253,6.02823529411765,6.7116079447323,7.0011071536524,147
"146",2013,10,7.45,10,7.5625,7,NA,8,7.38888888888889,8,2,0,1,9,1780,1146,634,170,580,1200,6.90946046067416,7.29335951134381,6.21553567823344,6.02823529411765,6.71382931034483,7.00401551666667,148
"147",2013,11,7.0575,20,7.28928571428571,6.51666666666667,8,7,7.06764705882353,14,6,1,3,17,1800,1160,640,171,583,1217,6.91110534444445,7.29331034482759,6.21835878125,6.03976608187135,6.71530188679245,7.0049043714051,149
"148",2013,12,7.10588235294118,17,7.25333333333333,6,NA,7.075,7.11538461538461,15,2,0,4,13,1817,1175,642,171,587,1230,6.9129276940011,7.2928,6.21767853582554,6.03976608187135,6.71775298126065,7.00607204878049,150
"149",2014,1,6.97894736842105,19,7.46363636363636,6.3125,5,7.08333333333333,6.93076923076923,11,8,1,6,13,1836,1186,650,172,593,1243,6.91361090413944,7.2943844856661,6.21884556923077,6.03372093023256,6.72145193929174,7.00528448913918,151
"150",2014,2,6.57142857142857,14,6.86666666666667,6.35,6.66666666666667,5.66666666666667,6.81818181818182,6,8,3,3,11,1850,1192,658,175,596,1254,6.91102141621622,7.29223154362416,6.22044015197568,6.04457142857143,6.71614261744966,7.00364323763956,152
"151",2014,3,6.16666666666667,12,5.75,6.375,6.33333333333333,5,6.4,4,8,3,2,10,1862,1196,666,178,598,1264,6.90622428571429,7.28707357859532,6.22229672672673,6.04943820224719,6.71040301003344,6.99886757911393,153
"152",2014,4,7.26363636363636,11,7.7375,6,6,6,7.39,8,3,1,1,10,1873,1204,669,179,599,1274,6.90832334223172,7.29006644518272,6.22129988041853,6.04916201117318,6.70921702838063,7.00193769230769,154
"153",2014,5,6.47727272727273,11,6.65,6.33333333333333,6.33333333333333,6,6.58333333333333,5,6,3,2,9,1884,1209,675,182,601,1283,6.90580659235669,7.28741935483871,6.22229573333333,6.05384615384615,6.70685690515807,6.99900126266563,155
"154",2014,6,7.03125,8,7.03125,NA,NA,6,7.17857142857143,8,0,0,1,7,1892,1217,675,182,602,1290,6.90633700845666,7.28573541495481,6.22229573333333,6.05384615384615,6.70568272425249,6.99997567441861,156
"155",2014,7,7.471875,16,7.375,8.15,NA,6.5,7.53666666666667,14,2,0,1,15,1908,1231,677,182,603,1305,6.91107946540881,7.28675060926076,6.2279905760709,6.05384615384615,6.7053416252073,7.00614453639847,157
"156",2014,8,6.9375,8,6.8,7.16666666666667,NA,7,6.91666666666667,5,3,0,2,6,1916,1236,680,182,605,1311,6.91118978079332,7.28478155339806,6.23213179411765,6.05384615384615,6.70631570247934,7.00573502669718,158
"157",2014,9,5.815,10,7.0375,5,6,6,5.76875,4,6,2,2,8,1926,1240,686,184,607,1319,6.9054982450675,7.28398387096774,6.22135513119534,6.05326086956522,6.70398846787479,6.99823246398787,159
"158",2014,10,6.77692307692308,13,7.00909090909091,5.5,NA,5.5,7.00909090909091,11,2,0,2,11,1939,1251,688,184,609,1330,6.90463621454358,7.28156674660272,6.21925816860465,6.05326086956522,6.70003448275862,6.99832227067669,160
"159",2014,11,7,4,8,4,NA,4,8,3,1,0,1,3,1943,1254,689,184,610,1333,6.90483253731343,7.28328548644338,6.21603718432511,6.05326086956522,6.69560819672131,7.00057660915229,161
"160",2014,12,6.89230769230769,13,6.94444444444444,6.775,6.7,7.05,6.86363636363636,9,4,3,2,11,1956,1263,693,187,612,1344,6.90474929447853,7.28087094220111,6.21926352092352,6.06363636363636,6.69676633986928,6.99945581845238,162
"161",2015,1,6.525,20,6.95454545454545,6,6.25,6.75,6.46875,11,9,4,4,16,1976,1274,702,191,616,1360,6.90090567813765,7.27805337519623,6.21645245014245,6.06753926701571,6.69711201298701,6.99321222058824,163
"162",2015,2,5.71538461538462,13,6.61428571428571,4.66666666666667,5,5.83333333333333,5.61428571428571,7,6,3,6,7,1989,1281,708,194,622,1367,6.89315717445953,7.2744262295082,6.20331867231638,6.05103092783505,6.68877974276527,6.98615114850037,164
"163",2015,3,7.35714285714286,14,7.45,7.125,NA,8,7.25,10,4,0,2,12,2003,1291,712,194,624,1379,6.89640020968547,7.27578621223857,6.20849665730337,6.05103092783505,6.69298237179487,6.98844715010878,165
"164",2015,4,7.38888888888889,9,7.41666666666667,7.33333333333333,7,6.66666666666667,7.75,6,3,1,3,6,2012,1297,715,195,627,1385,6.89860319085487,7.27643793369314,6.21321625174825,6.05589743589744,6.69285645933014,6.99174629602888,166
"165",2015,5,7.43076923076923,13,7.41111111111111,7.475,8,6.85,7.53636363636364,9,4,1,2,11,2025,1306,719,196,629,1396,6.9020195654321,7.27736600306279,6.22023591098748,6.06581632653061,6.69335612082671,6.99603769340974,167
"166",2015,6,7.29166666666667,12,7.71428571428571,6.7,6,7,7.31818181818182,7,5,1,1,11,2037,1313,724,197,630,1407,6.90431498281787,7.2796953541508,6.22354919889503,6.06548223350254,6.69384285714286,6.99855623312011,168
"167",2015,7,6.98181818181818,11,7.86,6.25,6.5,6.66666666666667,7.1,5,6,2,3,8,2048,1318,730,199,633,1415,6.90473125976563,7.28189681335357,6.22376660273973,6.06984924623116,6.6937140600316,6.99912976678445,169
"168",2015,8,7.425,16,7.58,7.16666666666667,6.5,6,7.52,10,6,2,1,15,2064,1328,736,201,634,1430,6.90876435077519,7.28414156626506,6.23145328804348,6.07412935323383,6.69261987381704,7.00459344055944,170
"169",2015,9,7.6,6,7.52,8,NA,8,7.4,5,1,0,2,4,2070,1333,737,201,636,1434,6.91076793236715,7.28502625656414,6.23385294436906,6.07412935323383,6.69673113207547,7.00569638772664,171
"170",2015,10,7.04444444444444,9,7.6,6.35,7.7,7.85,6.4,5,4,2,4,5,2079,1338,741,203,640,1439,6.91134661856662,7.28620328849028,6.23447991902834,6.09014778325123,6.7039390625,7.00359181375956,172
"171",2015,11,7.60714285714286,14,7.95454545454545,6.33333333333333,7,7.75,7.55,11,3,1,4,10,2093,1349,744,204,644,1449,6.9160007740086,7.29165307635285,6.23487852150538,6.09460784313726,6.71043633540373,7.00736274672188,173
"172",2015,12,6.64285714285714,14,6.76923076923077,5,NA,6,6.9,13,1,0,4,10,2107,1362,745,204,648,1459,6.91418586616042,7.28666666666667,6.23322096644295,6.09460784313726,6.70605092592593,7.00662688142563,174
"173",2016,1,7.0625,12,7.375,6.75,NA,6.83333333333333,7.13888888888889,6,6,0,3,9,2119,1368,751,204,651,1468,6.91502577630958,7.28705409356725,6.23734969374168,6.09460784313726,6.70663748079877,7.0074377520436,175
"174",2016,2,6.61538461538461,13,7,6.16666666666667,6,5,7.1,7,6,1,3,10,2132,1375,757,205,654,1478,6.91319869606004,7.28559272727273,6.23678945838837,6.09414634146342,6.69880886850153,7.00806401894452,176
"175",2016,3,6.57142857142857,7,8,4.66666666666667,4.5,6.5,6.58333333333333,4,3,2,1,6,2139,1379,760,207,655,1484,6.91208023375409,7.28766497461929,6.23059160526316,6.07874396135266,6.69850534351145,7.00634677897574,177
"176",2016,4,6.53571428571429,14,6.85,5.75,5.66666666666667,6.125,6.7,10,4,3,4,10,2153,1389,764,210,659,1494,6.90963289363679,7.28451403887689,6.22807541884817,6.07285714285714,6.69502427921093,7.00429626506024,178
"177",2016,5,7,8,7.4,6.33333333333333,6,6,7.33333333333333,5,3,2,2,6,2161,1394,767,212,661,1500,6.90996743174456,7.28492826398852,6.22848711864407,6.07216981132076,6.69292133131619,7.00561241333333,179
"178",2016,6,7.07692307692308,13,7.4,6,5.5,6.33333333333333,7.3,10,3,2,3,10,2174,1404,770,214,664,1510,6.91096578656854,7.28574786324786,6.22759690909091,6.06682242990654,6.69129668674699,7.007562,180
"179",2016,7,7.125,8,7.6,6.33333333333333,5,8,6.83333333333333,5,3,1,2,6,2182,1409,773,215,666,1516,6.91175051329056,7.28686302342086,6.22800727037516,6.06186046511628,6.69522672672673,7.00687244063325,181
"180",2016,8,6.77272727272727,11,7.5,5.5,5.5,7.1,6.5,7,4,2,5,6,2193,1416,777,217,671,1522,6.91105317829457,7.28791666666667,6.22425948519949,6.05668202764977,6.69824292101341,7.00487425755585,182
"181",2016,9,7,10,7.1875,6.25,NA,7.75,6.8125,8,2,0,2,8,2203,1424,779,217,673,1530,6.9114569314571,7.28735252808989,6.22432557124519,6.05668202764977,6.70136849925706,7.00386837908497,183
"182",2016,10,6.61538461538461,13,6.66666666666667,6.57142857142857,6.5,6,6.66666666666667,6,7,2,1,12,2216,1430,786,219,674,1542,6.90972004512635,7.28474825174825,6.22741681933842,6.06073059360731,6.70032789317507,7.00124424124514,184
"183",2016,11,7.15357142857143,14,7.37727272727273,6.33333333333333,NA,7.5625,6.99,11,3,0,4,10,2230,1441,789,219,678,1552,6.91125095067265,7.28545454545454,6.22781954372623,6.06073059360731,6.70541445427729,7.00117179123711,185
"184",2016,12,6.98653333333333,15,7.81088888888889,5.75,6.5,8.5,6.75369230769231,9,6,2,2,13,2245,1450,795,221,680,1565,6.91175395100223,7.28871586206896,6.22421335849057,6.06470588235294,6.71069264705882,6.99911605111821,186
"185",2017,1,7.29090909090909,22,7.5,6.925,7,7,7.3047619047619,14,8,1,1,21,2267,1464,803,222,681,1586,6.91543344508161,7.29073633879781,6.23119504358655,6.06891891891892,6.7111174743025,7.00316306431274,187
"186",2017,2,6.8,15,6.8,6.8,6,6,6.85714285714286,10,5,1,1,14,2282,1474,808,223,682,1600,6.91467468010517,7.28740705563094,6.23471487623762,6.06860986547085,6.71007478005865,7.0018853875,188
"187",2017,3,6.94545454545455,11,7.16666666666667,6.68,8,8,6.71111111111111,6,5,1,2,9,2293,1480,813,224,684,1609,6.91482233754906,7.28691756756757,6.23745340713407,6.07723214285714,6.71384649122807,7.00025893101305,189
"188",2017,4,6.66666666666667,12,6.81818181818182,5,NA,7,6.63636363636364,11,1,0,1,11,2305,1491,814,224,685,1620,6.91353042082429,7.2834594232059,6.23593319410319,6.07723214285714,6.71426423357664,6.99778803703704,190
"189",2017,5,7.475,8,7.75,7.2,7.4,7.26666666666667,7.6,4,4,2,3,5,2313,1495,818,226,688,1625,6.91547238218763,7.28470769230769,6.24064745721271,6.08893805309735,6.71667296511628,6.99964099692308,191
"190",2017,6,7.35714285714286,14,7.57142857142857,7.14285714285714,6.33333333333333,7,7.45454545454545,7,7,3,3,11,2327,1502,825,229,691,1636,6.9181296175333,7.28604394141145,6.24830256969697,6.09213973799127,6.71790303907381,7.00269964547677,192
"191",2017,7,7.08428571428571,14,7.5,6.336,5.375,NA,7.08428571428571,9,5,2,0,14,2341,1511,830,231,691,1650,6.91912328919265,7.28731833223031,6.24883086746988,6.08593073593074,6.71790303907381,7.00339189090909,193
"192",2017,8,7.11666666666667,15,7.75,5.85,4.83333333333333,6.0625,7.5,10,5,3,4,11,2356,1521,835,234,695,1661,6.92038099320883,7.29036028928337,6.24644265868263,6.0698717948718,6.7141309352518,7.00668068633353,194
"193",2017,9,6.85,10,7.14285714285714,6.16666666666667,NA,8,6.72222222222222,7,3,0,1,9,2366,1528,838,234,696,1670,6.9200835249366,7.28968455497382,6.24615706443914,6.0698717948718,6.71597844827586,7.00514767664671,195
"194",2017,10,6.41666666666667,12,6.88888888888889,5,7,7,6.3,9,3,2,2,10,2378,1537,841,236,698,1680,6.91754315391085,7.28733767078725,6.24171179548157,6.07775423728814,6.71679226361031,7.00095036904762,196
"195",2017,11,7.1,10,7.4375,5.75,5.75,6.66666666666667,7.28571428571429,8,2,2,3,7,2388,1545,843,238,701,1687,6.91830721105527,7.28811521035599,6.24054521945433,6.075,6.71657774607703,7.00213196206283,197
"196",2017,12,7.29166666666667,12,7.9375,6,NA,6.16666666666667,7.66666666666667,8,4,0,3,9,2400,1553,847,238,704,1696,6.92017400833333,7.2914603992273,6.2394092325856,6.075,6.714234375,7.00565838443396,198
"197",2018,1,7.27272727272727,11,7.42857142857143,7,NA,7,7.33333333333333,7,4,0,2,9,2411,1560,851,238,706,1705,6.92178250518457,7.29207564102564,6.2429842773208,6.075,6.71504390934844,7.00738804692082,199
"198",2018,2,7.81052631578947,19,8.58333333333333,6.48571428571429,7.5,8.8,7.45714285714286,12,7,2,5,14,2430,1572,858,240,711,1719,6.9287315308642,7.30193256997455,6.24496459207459,6.086875,6.72970604781997,7.01105097149506,200
"199",2018,3,6.71428571428571,14,7.4,5,NA,5.5,6.91666666666667,10,4,0,2,12,2444,1582,862,240,713,1731,6.9275031178396,7.30255246523388,6.23918749419953,6.086875,6.72625666199158,7.01039666088966,201
"200",2018,4,7.45,12,7.4,7.7,NA,8,7.34,10,2,0,2,10,2456,1592,864,240,715,1741,6.93005603420195,7.30316457286432,6.24256900462963,6.086875,6.72981958041958,7.01228984491671,202
"201",2018,5,6.55555555555556,9,7.16666666666667,5.33333333333333,NA,4,6.875,6,3,0,1,8,2465,1598,867,240,716,1749,6.92868868965517,7.30265206508135,6.23942286043829,6.086875,6.72600698324022,7.01166187535735,203
"202",2018,6,7.19230769230769,13,8,5.375,6,6.58333333333333,7.71428571428571,9,4,1,6,7,2478,1607,871,241,722,1756,6.9300716787732,7.30655756067206,6.23545306544202,6.08651452282158,6.72482132963989,7.01446276765376,204
"203",2018,7,7.01538461538462,13,7.68888888888889,5.5,NA,8,6.93333333333333,9,4,0,1,12,2491,1616,875,241,723,1768,6.93051690887194,7.30868688118812,6.23209099428571,6.08651452282158,6.72658506224066,7.01391211538462,205
"204",2018,8,6.8,5,8,6.5,6,6.5,7,1,4,1,2,3,2496,1617,879,242,725,1771,6.93025545673077,7.30911440940012,6.23331014789533,6.08615702479339,6.72596,7.01388854884246,206
"205",2018,9,6.7375,8,8.175,5.3,8,NA,6.7375,4,4,1,0,8,2504,1621,883,243,725,1779,6.92963962460064,7.31125107958051,6.2290822423556,6.0940329218107,6.72596,7.01264565486228,207
"206",2018,10,7.625,4,8,7.25,NA,NA,7.625,2,2,0,0,4,2508,1623,885,243,725,1783,6.9307486523126,7.31209981515712,6.23138940112994,6.0940329218107,6.72596,7.0140194167134,208
"207",2018,11,5.65384615384615,13,5.75,5.57142857142857,NA,6.33333333333333,5.45,6,7,0,3,10,2521,1629,892,243,728,1793,6.92416406981356,7.30634622467772,6.22621033632287,6.0940329218107,6.72434203296703,7.00529649749024,209
"208",2018,12,7.375,12,7.94444444444444,5.66666666666667,6,7,7.5,9,3,1,3,9,2533,1638,895,244,731,1802,6.92629988945914,7.30985225885226,6.22433477094972,6.09364754098361,6.72547332421341,7.00776726970033,210
"209",2019,1,6.5,10,7,6.16666666666667,4.5,5.33333333333333,7,4,6,2,3,7,2543,1642,901,246,734,1809,6.92462352339756,7.30909744214373,6.2239507436182,6.08069105691057,6.71978337874659,7.00773721393035,211
"210",2019,2,7.04714285714286,7,8.2,4.165,3.33,8,6.88833333333333,5,2,1,1,6,2550,1647,903,247,735,1815,6.92495985098039,7.31180206435944,6.21939049833887,6.06955465587045,6.72152517006803,7.00734249035813,212
"211",2019,3,7.23333333333333,15,7.625,6.78571428571429,6,7,7.38888888888889,8,7,1,6,9,2565,1655,910,248,741,1824,6.92676320467836,7.31331601208459,6.22374683516483,6.06927419354839,6.72378002699055,7.00922512061404,213
"212",2019,4,7.58333333333333,6,8,7.16666666666667,7.25,8.5,6.66666666666667,3,3,2,3,3,2571,1658,913,250,744,1827,6.92829545702061,7.31455850422195,6.22684514786418,6.07872,6.73094220430108,7.0086626272578,214
"213",2019,5,7.5,6,7.25,8,NA,NA,7.5,4,2,0,0,6,2577,1662,915,250,744,1833,6.92962655025223,7.31440312876053,6.23072089617486,6.07872,6.73094220430108,7.01027093289689,215
"214",2019,6,5.9,5,8.5,2,3,4.66666666666667,7.75,3,2,1,3,2,2582,1665,917,251,747,1835,6.92763269558482,7.31653933933934,6.22149358778626,6.06645418326693,6.72265194109772,7.01107717711172,216
"215",2019,7,7.16666666666667,12,7.22222222222222,7,7,7,7.2,9,3,2,2,10,2594,1674,920,253,749,1845,6.92873848111025,7.31603225806452,6.22403219565217,6.07383399209486,6.72339252336449,7.01210114905149,217
"216",2019,8,7.3125,8,8.3,5.66666666666667,NA,5.5,7.91666666666667,5,3,0,2,6,2602,1679,923,253,751,1851,6.92991837817064,7.31896247766528,6.22222060671722,6.07383399209486,6.7201344873502,7.01503329011345,218
"217",2019,9,6.85714285714286,14,8.2,6.11111111111111,5.66666666666667,8,6.66666666666667,5,9,3,2,12,2616,1684,932,256,753,1863,6.92952890672783,7.3215783847981,6.2211476609442,6.0690625,6.72353386454183,7.01278938271605,219
"218",2019,10,7.28571428571429,7,8.25,6,NA,6,7.5,4,3,0,1,6,2623,1688,935,256,754,1869,6.93047945863515,7.32377843601896,6.22043809625668,6.0690625,6.72257427055703,7.01435346174425,220
"219",2019,11,7.1,10,7.83333333333333,6,NA,NA,7.1,6,4,0,0,10,2633,1694,939,256,754,1879,6.93112328902393,7.32558323494687,6.2194990628328,6.0690625,6.72257427055703,7.01480927088877,221
"220",2019,12,7.85714285714286,7,7.85714285714286,NA,NA,8.66666666666667,7.25,7,0,0,3,4,2640,1701,939,256,757,1883,6.93357864393939,7.32777072310406,6.2194990628328,6.0690625,6.7302787318362,7.01530887944769,222
"221",2020,1,6.90909090909091,11,7.33333333333333,6.4,7,8,6.66666666666667,6,5,1,2,9,2651,1707,944,257,759,1892,6.9334770350811,7.32779027533685,6.2204551059322,6.07268482490272,6.73362450592885,7.01365043340381,223
"222",2020,2,7.50588235294118,17,8.01,6.78571428571429,6,7.275,7.57692307692308,10,7,2,4,13,2668,1717,951,259,763,1905,6.93712429535232,7.33176354105999,6.22461579390115,6.07212355212355,6.7364626474443,7.01749428871391,224
"223",2020,3,7.0625,16,7.45,6.41666666666667,NA,7.5,6.86363636363636,10,6,0,5,11,2684,1727,957,259,768,1916,6.93787169150522,7.33244817602779,6.22581987460815,6.07212355212355,6.74143359375,7.01661097077244,225
"224",2020,4,7.86363636363636,11,7.61111111111111,9,8,9,7.75,9,2,1,1,10,2695,1736,959,260,769,1926,6.94165032282004,7.33389285714286,6.23160544316997,6.07953846153846,6.74437061118336,7.02041880581516,226
"225",2020,5,7.145,12,7.3425,6.75,7,4,7.43090909090909,8,4,1,1,11,2707,1744,963,261,770,1937,6.94255176209826,7.33393233944954,6.23375869158878,6.08306513409962,6.74080649350649,7.02274993288591,227
"226",2020,6,7,6,7,7,NA,NA,7,5,1,0,0,6,2713,1749,964,261,770,1943,6.94267881312201,7.33297770154374,6.23455354771784,6.08306513409962,6.74080649350649,7.02267968090582,228
"227",2020,7,7.66666666666667,6,7.66666666666667,NA,NA,6.5,7.9,6,0,0,1,5,2719,1755,964,261,771,1948,6.94427643251195,7.33411851851852,6.23455354771784,6.08306513409962,6.74049416342412,7.02493152977413,229
"228",2020,8,7.07875,8,7.77166666666667,5,5,5,7.37571428571429,6,2,2,1,7,2727,1761,966,263,772,1955,6.94467092775944,7.3356093128904,6.23199753623188,6.0748288973384,6.7382396373057,7.02618752941176,230
"229",2020,9,6.85714285714286,7,7,6.66666666666667,NA,7,6.83333333333333,4,3,0,1,6,2734,1765,969,263,773,1961,6.94444682516459,7.33484872521246,6.23334326109391,6.0748288973384,6.73857826649418,7.02559746047935,231
"230",2020,10,7.43846153846154,13,7.64285714285714,7.2,7,8.66666666666667,7.07,7,6,2,3,10,2747,1772,975,265,776,1971,6.94678471787404,7.33606546275395,6.23929191794872,6.08181132075472,6.74603221649485,7.02582273972603,232
"231",2020,11,7.125,12,8.16666666666667,6.08333333333333,4,7.375,7,6,6,1,4,8,2759,1778,981,266,780,1979,6.94755984777093,7.33886839145107,6.23833804281345,6.07398496240602,6.74925769230769,7.02571835270339,233
"232",2020,12,7.27272727272727,11,7.16666666666667,7.4,7,7.33333333333333,7.2,6,5,1,6,5,2770,1784,986,267,786,1984,6.94885112635379,7.33828923766816,6.24422882352941,6.0774531835206,6.75371628498728,7.02615757056452,234
"233",2021,1,7.125,8,7.2,7,NA,6,7.5,5,3,0,2,6,2778,1789,989,267,788,1990,6.94935839452844,7.33790273896031,6.24652135490394,6.0774531835206,6.75180329949239,7.02758624120603,235
"234",2021,2,6.72416666666667,12,7.08625,6,5.5,6,6.869,8,4,2,2,10,2790,1797,993,269,790,2000,6.94838982795699,7.33678241513634,6.24552831822759,6.07315985130112,6.7499,7.02679331,236
"235",2021,3,7.1834,10,8.4,5.9668,5.61133333333333,5.917,7.5,5,5,3,2,8,2800,1802,998,272,792,2008,6.94922915,7.33973251942286,6.24413188376753,6.06806617647059,6.74779671717172,7.02867859561753,237
"236",2021,4,7.4,10,7.33333333333333,7.5,6,8,7.25,6,4,2,2,8,2810,1808,1002,274,794,2016,6.95083331672598,7.33971128318584,6.24914532934132,6.06756934306569,6.75095088161209,7.02955685515873,238
"237",2021,5,7.33333333333333,9,8.2,6.25,6.33333333333333,7,7.42857142857143,5,4,3,2,7,2819,1813,1006,277,796,2023,6.9520544945016,7.34208383894098,6.24914872763419,6.0704476534296,6.75157663316583,7.03093752842313,239
"238",2021,6,6.63636363636364,11,6.1,7.08333333333333,6.5,8,6.33333333333333,5,6,2,2,9,2830,1818,1012,279,798,2032,6.95082742756184,7.33866776677668,6.25409448616601,6.07352688172043,6.75470551378446,7.02784774606299,240
"239",2021,7,6.425,10,7.1875,5.91666666666667,5.25,7.5,6.15625,4,6,2,2,8,2840,1822,1018,281,800,2040,6.94897592253521,7.3383358946213,6.25210571709234,6.06766548042705,6.75656875,7.02442971568627,241
"240",2021,8,5.3,5,6.5,4.5,NA,2.5,6,2,3,0,1,4,2845,1824,1021,281,801,2044,6.94607789806678,7.33741666666667,6.2469575122429,6.06766548042705,6.75125468164794,7.02242496086106,242
"241",2021,9,7.86666666666667,3,8.3,7,NA,7,8.3,2,1,0,1,2,2848,1826,1022,281,802,2046,6.94704761938202,7.33847097480832,6.2476943444227,6.06766548042705,6.75156483790524,7.02367381231672,243
"242",2021,10,6.8,5,8.33333333333333,4.5,5,5.66666666666667,8.5,3,2,1,3,2,2853,1829,1024,282,805,2048,6.94678991237294,7.34010278840897,6.24428087890625,6.06387943262411,6.74752173913043,7.02511553710938,244
"243",2021,11,6.72222222222222,9,7.08333333333333,6,5,NA,6.72222222222222,6,3,1,0,9,2862,1835,1027,283,805,2057,6.94608372466806,7.33926321525886,6.24356730282376,6.06012014134276,6.74752173913043,7.02379028682547,245
"244",2021,12,7.55555555555556,9,7.75,7.16666666666667,8,7.5,7.5625,6,3,2,1,8,2871,1841,1030,285,806,2065,6.94799429467085,7.34060184682238,6.24625594174757,6.07373333333333,6.74845533498759,7.02587729782082,246
"245",2022,1,6.7,10,7.2,6.2,4,5,6.88888888888889,5,5,1,1,9,2881,1846,1035,286,807,2074,6.94713350225616,7.3402210184182,6.24603248309179,6.06648251748252,6.74628872366791,7.02528284474446,247
"246",2022,2,7.33333333333333,9,7.5,7,8,5,7.625,6,3,1,1,8,2890,1852,1038,287,808,2082,6.94833620069204,7.34073866090713,6.24821157996146,6.07321951219512,6.74412747524752,7.0275872334294,248
"247",2022,3,7.45,10,7.3125,8,NA,7,7.5625,8,2,0,2,8,2900,1860,1040,287,810,2090,6.95006607586207,7.34061720430108,6.25158040384615,6.07321951219512,6.74475925925926,7.02963474641148,249
"248",2022,4,7.475,8,7.96,6.66666666666667,7,NA,7.475,5,3,1,0,8,2908,1865,1043,288,810,2098,6.95151018569463,7.34227774798928,6.25277432406519,6.0764375,6.74475925925926,7.03133299332698,250
"249",2022,5,7.66666666666667,6,8,7,NA,6,8,4,2,0,1,5,2914,1869,1045,288,811,2103,6.9529827110501,7.34368539325843,6.25420442105263,6.0764375,6.74384093711467,7.03363605325725,251
"250",2022,6,4.57142857142857,7,6,4.33333333333333,4,3.33333333333333,5.5,1,6,2,3,4,2921,1870,1051,290,814,2107,6.94727546045875,7.34296684491979,6.24323845861085,6.06211724137931,6.7312714987715,7.03072454674893,252
"251",2022,7,7.33333333333333,6,9,6.5,NA,NA,7.33333333333333,2,4,0,0,6,2927,1872,1055,290,814,2113,6.94806683293474,7.34473717948718,6.24421196208531,6.06211724137931,6.7312714987715,7.03158382394699,253
"252",2022,8,7.1287,10,6.5,7.54783333333333,NA,7.5,7.035875,4,6,0,2,8,2937,1876,1061,290,816,2121,6.94868185903984,7.34293603411514,6.25158399622997,6.06211724137931,6.7331556372549,7.03160000942951,254
