"","year","month","avg_rating","no_ratings","avg_rating_owned","avg_rating_not_owned","avg_rating_prev_owned","avg_rating_comment","avg_rating_no_comment","no_ratings_owned","no_ratings_not_owned","no_ratings_prev_owned","no_ratings_comment","no_ratings_no_comment","cum_no_ratings","cum_no_ratings_owned","cum_no_ratings_not_owned","cum_no_ratings_prev_owned","cum_no_ratings_comment","cum_no_ratings_no_comment","cum_avg_rating","cum_avg_rating_owned","cum_avg_rating_not_owned","cum_avg_rating_prev_owned","cum_avg_rating_comment","cum_avg_rating_no_comment","month_after_release"
"1",2001,6,6.71428571428571,7,7,5,NA,5.5,7.2,6,1,0,2,5,7,6,1,0,2,5,6.71428571428571,7,5,NA,5.5,7.2,0
"2",2001,7,9,2,9,NA,NA,9,NA,2,0,0,2,0,9,8,1,0,4,5,7.22222222222222,7.5,5,NA,7.25,7.2,1
"3",2001,8,8.2,5,9.25,4,4,10,7.75,4,1,1,1,4,14,12,2,1,5,9,7.57142857142857,8.08333333333333,4.5,4,7.8,7.44444444444444,2
"4",2001,9,8.22222222222222,9,8,9,NA,NA,8.22222222222222,7,2,0,0,9,23,19,4,1,5,18,7.82608695652174,8.05263157894737,6.75,4,7.8,7.83333333333333,3
"5",2001,10,8.5,2,8.5,NA,NA,8.5,NA,2,0,0,2,0,25,21,4,1,7,18,7.88,8.09523809523809,6.75,4,8,7.83333333333333,4
"6",2001,11,7.5,10,8.25,4.5,NA,NA,7.5,8,2,0,0,10,35,29,6,1,7,28,7.77142857142857,8.13793103448276,6,4,8,7.71428571428571,5
"7",2001,12,9.33333333333333,3,9.33333333333333,NA,NA,NA,9.33333333333333,3,0,0,0,3,38,32,6,1,7,31,7.89473684210526,8.25,6,4,8,7.87096774193548,6
"8",2002,1,7.77777777777778,9,7.85714285714286,7.5,NA,8.33333333333333,7.5,7,2,0,3,6,47,39,8,1,10,37,7.87234042553191,8.17948717948718,6.375,4,8.1,7.81081081081081,7
"9",2002,2,6.16666666666667,3,6.16666666666667,NA,NA,6.25,6,3,0,0,2,1,50,42,8,1,12,38,7.77,8.03571428571429,6.375,4,7.79166666666667,7.76315789473684,8
"10",2002,3,7.57142857142857,7,7.16666666666667,10,NA,10,5.75,6,1,0,3,4,57,48,9,1,15,42,7.74561403508772,7.92708333333333,6.77777777777778,4,8.23333333333333,7.57142857142857,9
"11",2002,4,6.16666666666667,6,6.16666666666667,NA,NA,6.5,6,6,0,0,2,4,63,54,9,1,17,46,7.59523809523809,7.73148148148148,6.77777777777778,4,8.02941176470588,7.43478260869565,10
"12",2002,5,6.16666666666667,6,7.66666666666667,4.66666666666667,6,5.66666666666667,6.66666666666667,3,3,1,3,3,69,57,12,2,20,49,7.47101449275362,7.7280701754386,6.25,5,7.675,7.38775510204082,11
"13",2002,6,7.33333333333333,9,7.33333333333333,NA,NA,8.75,6.92857142857143,9,0,0,2,7,78,66,12,2,22,56,7.45512820512821,7.67424242424242,6.25,5,7.77272727272727,7.33035714285714,12
"14",2002,7,7.91666666666667,12,8,7,7,8.5,7.8,11,1,1,2,10,90,77,13,3,24,66,7.51666666666667,7.72077922077922,6.30769230769231,5.66666666666667,7.83333333333333,7.40151515151515,13
"15",2002,8,8.2,15,8.2,NA,NA,8,8.23076923076923,15,0,0,2,13,105,92,13,3,26,79,7.61428571428571,7.79891304347826,6.30769230769231,5.66666666666667,7.84615384615385,7.5379746835443,14
"16",2002,9,8.75,4,8.75,NA,NA,7.5,10,4,0,0,2,2,109,96,13,3,28,81,7.65596330275229,7.83854166666667,6.30769230769231,5.66666666666667,7.82142857142857,7.59876543209877,15
"17",2002,10,7.77777777777778,9,8.42857142857143,5.5,NA,8,7.6,7,2,0,4,5,118,103,15,3,32,86,7.66525423728814,7.87864077669903,6.2,5.66666666666667,7.84375,7.59883720930233,16
"18",2002,11,6.72222222222222,9,7,5.75,NA,5.7,8,7,2,0,5,4,127,110,17,3,37,90,7.59842519685039,7.82272727272727,6.14705882352941,5.66666666666667,7.55405405405405,7.61666666666667,17
"19",2002,12,7.22222222222222,9,7.22222222222222,NA,NA,6.5,7.42857142857143,9,0,0,2,7,136,119,17,3,39,97,7.57352941176471,7.77731092436975,6.14705882352941,5.66666666666667,7.5,7.60309278350515,18
"20",2003,1,7.73529411764706,17,7.93333333333333,6.25,NA,7.25,7.8,15,2,0,2,15,153,134,19,3,41,112,7.59150326797386,7.79477611940298,6.15789473684211,5.66666666666667,7.48780487804878,7.62946428571429,19
"21",2003,2,7.64705882352941,17,7.75,6,NA,9.33333333333333,7.28571428571429,16,1,0,3,14,170,150,20,3,44,126,7.59705882352941,7.79,6.15,5.66666666666667,7.61363636363636,7.59126984126984,20
"22",2003,3,7.92307692307692,13,8.08333333333333,6,NA,6.25,8.66666666666667,12,1,0,4,9,183,162,21,3,48,135,7.62021857923497,7.81172839506173,6.14285714285714,5.66666666666667,7.5,7.66296296296296,21
"23",2003,4,7,14,7.16666666666667,6,NA,7.625,6.16666666666667,12,2,0,8,6,197,174,23,3,56,141,7.5761421319797,7.76724137931035,6.1304347826087,5.66666666666667,7.51785714285714,7.59929078014184,22
"24",2003,5,6.17391304347826,23,6.4375,5.57142857142857,NA,6.14285714285714,6.22222222222222,16,7,0,14,9,220,190,30,3,70,150,7.42954545454545,7.65526315789474,6,5.66666666666667,7.24285714285714,7.51666666666667,23
"25",2003,6,7.14285714285714,21,7.14285714285714,7.14285714285714,4,8.22222222222222,6.33333333333333,14,7,1,9,12,241,204,37,4,79,162,7.4045643153527,7.62009803921569,6.21621621621622,5.25,7.35443037974684,7.42901234567901,24
"26",2003,7,6.84926470588235,68,7.08,6.20833333333333,NA,7.54761904761905,6.53723404255319,50,18,0,21,47,309,254,55,4,100,209,7.28236245954693,7.51377952755906,6.21363636363636,5.25,7.395,7.22846889952153,25
"27",2003,8,6.56818181818182,22,7,5.41666666666667,NA,6.07142857142857,6.8,16,6,0,7,15,331,270,61,4,107,224,7.23489425981873,7.48333333333333,6.13524590163934,5.25,7.30841121495327,7.19977678571429,26
"28",2003,9,7.71739130434783,23,7.66666666666667,8.25,NA,8.16666666666667,7.55882352941176,21,2,0,6,17,354,291,63,4,113,241,7.26624293785311,7.49656357388316,6.20238095238095,5.25,7.35398230088496,7.22510373443983,27
"29",2003,10,7.06666666666667,15,7.18181818181818,6.75,NA,6.83333333333333,7.22222222222222,11,4,0,6,9,369,302,67,4,119,250,7.25813008130081,7.48509933774834,6.23507462686567,5.25,7.32773109243697,7.225,28
"30",2003,11,7.1,5,7.1,NA,NA,7.66666666666667,6.25,5,0,0,3,2,374,307,67,4,122,252,7.25601604278075,7.47882736156352,6.23507462686567,5.25,7.33606557377049,7.21726190476191,29
"31",2003,12,7.2962962962963,27,7.2962962962963,NA,NA,7.25,7.33333333333333,27,0,0,12,15,401,334,67,4,134,267,7.25872817955112,7.46407185628743,6.23507462686567,5.25,7.32835820895522,7.22378277153558,30
"32",2004,1,6.77777777777778,27,6.79545454545455,6.7,NA,6.11111111111111,7.11111111111111,22,5,0,9,18,428,356,72,4,143,285,7.22838785046729,7.42275280898876,6.26736111111111,5.25,7.25174825174825,7.21666666666667,31
"33",2004,2,7.303125,32,7.31071428571429,7.25,NA,7.18181818181818,7.36666666666667,28,4,0,11,21,460,384,76,4,154,306,7.23358695652174,7.41458333333333,6.31907894736842,5.25,7.24675324675325,7.22696078431373,32
"34",2004,3,7.25,24,7.38095238095238,6.33333333333333,NA,7,7.42857142857143,21,3,0,10,14,484,405,79,4,164,320,7.23440082644628,7.41283950617284,6.31962025316456,5.25,7.23170731707317,7.23578125,33
"35",2004,4,7.42,25,7.60416666666667,3,NA,7.85714285714286,7.25,24,1,0,7,18,509,429,80,4,171,338,7.24351669941061,7.42354312354312,6.278125,5.25,7.25730994152047,7.23653846153846,34
"36",2004,5,6.95238095238095,21,6.84210526315789,8,7,6.14285714285714,7.35714285714286,19,2,1,7,14,530,448,82,5,178,352,7.23198113207547,7.39888392857143,6.32012195121951,5.6,7.21348314606742,7.24133522727273,35
"37",2004,6,6.6,25,6.47368421052632,7,NA,6.28571428571429,6.72222222222222,19,6,0,7,18,555,467,88,5,185,370,7.20351351351351,7.36124197002141,6.36647727272727,5.6,7.17837837837838,7.21608108108108,36
"38",2004,7,7.3,20,7.27777777777778,7.5,6,7.66666666666667,7,18,2,1,9,11,575,485,90,6,194,381,7.20686956521739,7.35814432989691,6.39166666666667,5.66666666666667,7.20103092783505,7.20984251968504,37
"39",2004,8,6.92105263157895,19,7.34375,4.66666666666667,NA,6.875,7,16,3,0,12,7,594,501,93,6,206,388,7.19772727272727,7.35768463073852,6.33602150537634,5.66666666666667,7.18203883495146,7.20605670103093,38
"40",2004,9,7.09090909090909,33,7.23333333333333,5.66666666666667,6,6.6875,7.47058823529412,30,3,1,16,17,627,531,96,7,222,405,7.19210526315789,7.35065913370998,6.31510416666667,5.71428571428571,7.1463963963964,7.21716049382716,39
"41",2004,10,6.97727272727273,44,7.10810810810811,6.28571428571429,5.5,6.81578947368421,7.1,37,7,2,19,25,671,568,103,9,241,430,7.17801788375559,7.33485915492958,6.31310679611651,5.66666666666667,7.12033195020747,7.2103488372093,40
"42",2004,11,7.275,40,7.47222222222222,5.5,NA,7.70588235294118,6.95652173913043,36,4,0,17,23,711,604,107,9,258,453,7.18347398030942,7.34304635761589,6.28271028037383,5.66666666666667,7.15891472868217,7.19746136865342,41
"43",2004,12,7.15116279069767,43,7.51470588235294,5.77777777777778,4.5,7.54761904761905,6.77272727272727,34,9,2,21,22,754,638,116,11,279,475,7.18163129973475,7.35219435736677,6.24353448275862,5.45454545454545,7.18817204301075,7.17778947368421,42
"44",2005,1,7.36818181818182,77,7.47142857142857,6.33571428571429,NA,7.66071428571429,7.20102040816327,70,7,0,28,49,831,708,123,11,307,524,7.19891696750903,7.36398305084746,6.24878048780488,5.45454545454545,7.23127035830619,7.17996183206107,43
"45",2005,2,7.11052631578947,57,7.166,6.71428571428571,6,7.234375,6.952,50,7,1,32,25,888,758,130,12,339,549,7.19324324324324,7.3509234828496,6.27384615384616,5.5,7.23156342182891,7.1695810564663,44
"46",2005,3,7.15686274509804,51,7.45897435897436,6.175,6,7.08965517241379,7.24545454545455,39,12,1,29,22,939,797,142,13,368,571,7.1912673056443,7.35621079046424,6.26549295774648,5.53846153846154,7.22038043478261,7.17250437828371,45
"47",2005,4,7.04605263157895,38,6.97727272727273,7.5,NA,7.05434782608696,7.03333333333333,33,5,0,23,15,977,830,147,13,391,586,7.18561924257932,7.34114457831325,6.30748299319728,5.53846153846154,7.21061381074169,7.16894197952218,46
"48",2005,5,7.55966666666667,30,7.63535714285714,6.5,7,8.13333333333333,7.41625,28,2,1,6,24,1007,858,149,14,397,610,7.19676266137041,7.35074592074592,6.31006711409396,5.64285714285714,7.22455919395466,7.17867213114754,47
"49",2005,6,7.17057142857143,35,7.089,7.66,NA,7.15705882352941,7.18333333333333,30,5,0,17,18,1042,888,154,14,414,628,7.19588291746641,7.34190315315315,6.35389610389611,5.64285714285714,7.22178743961353,7.17880573248408,48
"50",2005,7,7.03275862068966,58,7.038,7,4,7.29666666666667,6.75,50,8,1,30,28,1100,938,162,15,444,656,7.18728181818182,7.32570362473347,6.3858024691358,5.53333333333333,7.22684684684685,7.16050304878049,49
"51",2005,8,7.15915492957746,71,7.41746031746032,5.125,5,7.13888888888889,7.18,63,8,1,36,35,1171,1001,170,16,480,691,7.18557643040137,7.33147852147852,6.3264705882353,5.5,7.22025,7.16149059334298,50
"52",2005,9,7.43292682926829,41,7.67361111111111,5.7,7,7.34375,7.49,36,5,1,16,25,1212,1037,175,17,496,716,7.19394389438944,7.34335583413693,6.30857142857143,5.58823529411765,7.22423387096774,7.17296089385475,51
"53",2005,10,6.82017543859649,57,7.095,4.85714285714286,5,7.0546875,6.52,50,7,1,32,25,1269,1087,182,18,528,741,7.17715524034673,7.33193192272309,6.25274725274725,5.55555555555556,7.21395833333333,7.15093117408907,52
"54",2005,11,7.140625,64,7.34615384615385,6.25,NA,7.10714285714286,7.16666666666667,52,12,0,28,36,1333,1139,194,18,556,777,7.17540135033758,7.33258121158911,6.25257731958763,5.55555555555556,7.20857913669065,7.15166023166023,53
"55",2005,12,6.91666666666667,72,7.13333333333333,5.83333333333333,7,6.52173913043478,7.10204081632653,60,12,1,23,49,1405,1199,206,19,579,826,7.16214234875445,7.3226105087573,6.22815533980583,5.63157894736842,7.18129533678757,7.14871670702179,54
"56",2006,1,7.0546875,64,7.14912280701754,6.28571428571429,NA,7.17857142857143,6.95833333333333,57,7,0,28,36,1469,1256,213,19,607,862,7.15746085772634,7.3147372611465,6.23004694835681,5.63157894736842,7.18116968698517,7.1407656612529,55
"57",2006,2,7.20673076923077,52,7.30555555555556,6.57142857142857,NA,7.55952380952381,6.96774193548387,45,7,0,21,31,1521,1301,220,19,628,893,7.1591452991453,7.31441967717141,6.24090909090909,5.63157894736842,7.19382165605096,7.13475923852184,56
"58",2006,3,6.72203703703704,54,6.8365306122449,5.6,3,6.75,6.70805555555556,49,5,1,18,36,1575,1350,225,20,646,929,7.14415873015873,7.29707407407407,6.22666666666667,5.5,7.18145510835913,7.11822389666308,57
"59",2006,4,7.23529411764706,34,7.5,5.25,8,7.16666666666667,7.3125,30,4,1,18,16,1609,1380,229,21,664,945,7.14608452454941,7.30148550724638,6.20960698689956,5.61904761904762,7.18105421686747,7.12151322751323,58
"60",2006,5,7.390625,32,7.30645161290323,10,NA,7.47222222222222,7.28571428571429,31,1,0,18,14,1641,1411,230,21,682,959,7.15085313833029,7.30159461374911,6.22608695652174,5.61904761904762,7.18873900293255,7.12391032325339,59
"61",2006,6,6.85066666666667,45,7.00777777777778,6.22222222222222,6,6.10526315789474,7.39538461538462,36,9,1,19,26,1686,1447,239,22,701,985,7.14284104389087,7.29428472702142,6.22594142259414,5.63636363636364,7.15937232524964,7.13107614213198,60
"62",2006,7,7.26119402985075,67,7.46666666666667,5.5,NA,6.95454545454545,7.41111111111111,60,7,0,22,45,1753,1507,246,22,723,1030,7.1473645179692,7.30114797611148,6.20528455284553,5.63636363636364,7.15313969571231,7.14331067961165,61
"63",2006,8,7.35576923076923,52,7.39024390243902,7.22727272727273,6.5,7.4375,7.31944444444444,41,11,1,16,36,1805,1548,257,23,739,1066,7.15336842105263,7.30350775193798,6.24902723735409,5.67391304347826,7.15929634641407,7.14925891181989,62
"64",2006,9,7.04754098360656,61,7.19411764705882,6.3,NA,6.79545454545455,7.18974358974359,51,10,0,22,39,1866,1599,267,23,761,1105,7.1499088960343,7.30001876172608,6.25093632958802,5.67391304347826,7.14877792378449,7.15068778280543,63
"65",2006,10,7.27417910447761,67,7.43741379310345,6.22222222222222,NA,7.60714285714286,7.03512820512821,58,9,0,28,39,1933,1657,276,23,789,1144,7.15421624418003,7.304828002414,6.25,5.67391304347826,7.1650443599493,7.14674825174825,64
"66",2006,11,7.495,60,7.55294117647059,7.16666666666667,5.5,7.22608695652174,7.66216216216216,51,9,2,23,37,1993,1708,285,25,812,1181,7.16447566482689,7.31223653395785,6.27894736842105,5.66,7.16677339901478,7.16289585097375,65
"67",2006,12,6.88294117647059,85,6.96688311688312,6.075,4,6.52222222222222,7.05086206896552,77,8,1,27,58,2078,1785,293,26,839,1239,7.15295957651588,7.29733893557423,6.27337883959044,5.59615384615385,7.14603098927294,7.15765133171913,66
"68",2007,1,7.02616822429907,107,7.24494382022472,5.94444444444444,4.5,7.31944444444444,6.87746478873239,89,18,2,36,71,2185,1874,311,28,875,1310,7.14675057208238,7.29485058697972,6.25434083601286,5.51785714285714,7.15316571428571,7.14246564885496,67
"69",2007,2,6.79993142857143,91,7.11917808219178,5.50520888888889,6,7.02,6.66238857142857,73,18,3,35,56,2276,1947,329,31,910,1366,7.13288390158172,7.28826399589112,6.21335489361702,5.56451612903226,7.14804395604396,7.12278459736457,68
"70",2007,3,6.82647887323944,71,6.93737704918033,6.15,6,6.5,6.98291666666667,61,10,1,23,48,2347,2008,339,32,933,1414,7.12361472518108,7.27760458167331,6.21148601769912,5.578125,7.13206859592712,7.11803660537482,69
"71",2007,4,7.29113924050633,79,7.28571428571429,7.3125,6.5,7.07142857142857,7.41176470588235,63,16,2,28,51,2426,2071,355,34,961,1465,7.12906997526793,7.27785127957509,6.26110918309859,5.63235294117647,7.13030176899063,7.12826195221843,70
"72",2007,5,7.09615384615385,78,7.23529411764706,6.15,5,7.01785714285714,7.14,68,10,1,28,50,2504,2139,365,35,989,1515,7.12804463258786,7.27649836372137,6.25806509589041,5.61428571428571,7.12711830131446,7.12864934653465,71
"73",2007,6,7.37394366197183,71,7.50916666666667,6.63636363636364,8,7.62666666666667,7.1890243902439,60,11,1,30,41,2575,2199,376,36,1019,1556,7.13482476116505,7.28284674852206,6.26913234042553,5.68055555555556,7.14182531894014,7.13024020565553,72
"74",2007,7,7.35185185185185,81,7.45,6.72727272727273,5.5,7.10344827586207,7.49038461538461,70,11,2,29,52,2656,2269,387,38,1048,1608,7.14144343373494,7.28800352578228,6.28215441860465,5.67105263157895,7.14076335877863,7.14188666666667,73
"75",2007,8,7.13548387096774,62,7.27692307692308,6.4,6,7.22916666666667,7.07631578947368,52,10,3,24,38,2718,2321,397,41,1072,1646,7.14130749080206,7.28775527789746,6.28512282115869,5.69512195121951,7.14274253731343,7.14037287970838,74
"76",2007,9,6.8135593220339,59,6.95555555555556,6.35714285714286,NA,6.45714285714286,6.92444444444444,45,14,0,14,45,2777,2366,411,41,1086,1691,7.13434416996759,7.28143702451395,6.28757605839416,5.69512195121951,7.13390423572744,7.13462670609107,75
"77",2007,10,7.09527559055118,127,7.35660377358491,5.77619047619048,4.775,7.01333333333333,7.14024390243902,106,21,4,45,82,2904,2472,432,45,1131,1773,7.1326355922865,7.28466019417476,6.26271703703704,5.61333333333333,7.12910698496905,7.13488649746193,76
"78",2007,11,6.83867924528302,106,6.9875,6.11111111111111,5.5,6.53111111111111,7.0655737704918,88,18,4,45,61,3010,2560,450,49,1176,1834,7.12228364119601,7.2744453125,6.2566528,5.60408163265306,7.10622448979592,7.13258111232279,77
"79",2007,12,6.99275362318841,138,7.2212389380531,5.96,6.5,6.925,7.04487179487179,113,25,2,60,78,3148,2673,475,51,1236,1912,7.11660538754765,7.27219603441826,6.24103949473684,5.63921568627451,7.09742718446602,7.1290030125523,78
"80",2008,1,6.88824074074074,162,7.10526515151515,5.93333333333333,4,6.45254385964912,7.1247619047619,132,30,1,57,105,3310,2805,505,52,1293,2017,7.10542862839879,7.26434046345811,6.22275992079208,5.60769230769231,7.06899845320959,7.12878223103619,79
"81",2008,2,7.13761467889908,109,7.23469387755102,6.27272727272727,7.25,6.93170731707317,7.26176470588235,98,11,2,41,68,3419,2903,516,54,1334,2085,7.10645474115238,7.26333964863934,6.22382511627907,5.66851851851852,7.06477886056972,7.13311930935252,80
"82",2008,3,7.26887755102041,98,7.47440476190476,6.03571428571429,7,7.22926829268293,7.29736842105263,84,14,1,41,57,3517,2987,530,55,1375,2142,7.1109805970998,7.26927519250084,6.2188561509434,5.69272727272727,7.06968363636364,7.13749008403361,81
"83",2008,4,7.22134146341463,82,7.26666666666667,6.98076923076923,6.8125,6.59259259259259,7.53,69,13,4,27,55,3599,3056,543,59,1402,2197,7.11349507085301,7.26921629581152,6.23709716390424,5.76864406779661,7.06049572039943,7.1473162312244,82
"84",2008,5,6.93936170212766,94,6.93734939759036,6.95454545454545,10,6.78571428571429,7.03050847457627,83,11,1,35,59,3693,3139,554,60,1437,2256,7.10906275656648,7.26044122331953,6.25134252707581,5.83916666666667,7.05380306193459,7.14426141843972,83
"85",2008,6,7.22631578947368,76,7.65862068965517,5.83333333333333,6,7.484375,7.03863636363636,58,18,2,32,44,3769,3197,572,62,1469,2300,7.11142710533298,7.26766499843604,6.23818839160839,5.84435483870968,7.06318243703199,7.14224076521739,84
"86",2008,7,6.8535,100,7.07133333333333,6.2,5.35,6.76612903225806,6.89275362318841,75,25,10,31,69,3869,3272,597,72,1500,2369,7.10476059963815,7.26316473105135,6.23658921273032,5.77569444444444,7.05704333333333,7.13497414943014,85
"87",2008,8,7.09905660377358,106,7.54320987654321,5.66,5.14285714285714,6.63333333333333,7.28289473684211,81,25,7,30,76,3975,3353,622,79,1530,2445,7.10460849308176,7.26992991351029,6.21341440514469,5.71962025316456,7.04873529411765,7.13957208997955,86
"88",2008,9,6.95833333333333,66,7.32386363636364,6.22727272727273,6,7.03846153846154,6.90625,44,22,5,26,40,4041,3397,644,84,1556,2485,7.10221944073249,7.27062849573153,6.21388782608696,5.73630952380952,7.04856362467866,7.13581640241449,87
"89",2008,10,7.11463414634146,82,7.30882352941176,6.17142857142857,6.66666666666667,7.28846153846154,7.03392857142857,68,14,3,26,56,4123,3465,658,87,1582,2541,7.10246634974533,7.27137806637807,6.21298443768997,5.7683908045977,7.05250632111252,7.13357094057458,88
"90",2008,11,6.83723404255319,94,7.00277777777778,6.29545454545455,6.5,6.51428571428571,6.97424242424242,72,22,2,28,66,4217,3537,680,89,1610,2607,7.09655412852739,7.26591037602488,6.2156525882353,5.78483146067416,7.04314596273292,7.12953730724971,89
"91",2008,12,7.12652173913043,115,7.31774193548387,6.31818181818182,7.25,7.01744186046512,7.19166666666667,93,22,6,43,72,4332,3630,702,95,1653,2679,7.09734966759003,7.26723829201102,6.21886575498576,5.87736842105263,7.04247731397459,7.13120707726764,90
"92",2009,1,7.05096385542169,166,7.12909090909091,6.56521739130435,6.5,6.9945652173913,7.07258333333333,143,23,8,46,120,4498,3773,725,103,1699,2799,7.09563778568253,7.26200238536973,6.22985346206897,5.92572815533981,7.04118010594467,7.12869373347624,91
"93",2009,2,6.95997340425532,188,7.1547520661157,6.60820895522388,5.875,6.90792682926829,6.97448979591837,121,67,8,41,147,4686,3894,792,111,1740,2946,7.09019499786598,7.25866974833077,6.26186080808081,5.92207207207207,7.03804022988506,7.12099923964698,92
"94",2009,3,7.27151898734177,158,7.44033613445378,6.75641025641026,4.4,7.24242424242424,7.2792,119,39,5,33,125,4844,4013,831,116,1773,3071,7.09610936416185,7.26405681535011,6.28507070998797,5.85646551724138,7.04184433164129,7.12743854119179,93
"95",2009,4,6.75379310344828,145,7.02708333333333,6.21836734693878,5.8125,6.25952380952381,6.95533980582524,96,49,8,42,103,4989,4109,880,124,1815,3174,7.08616030467028,7.25852032124605,6.28135654545455,5.85362903225807,7.02374104683196,7.12185373660996,94
"96",2009,5,6.72479338842975,121,7.07901234567901,6.0075,4.66666666666667,6.73333333333333,6.72197802197802,81,40,6,30,91,5110,4190,920,130,1845,3265,7.07760347553816,7.25505011933174,6.26944973913044,5.79884615384615,7.0190189701897,7.11070865543645,95
"97",2009,6,7.0132792,125,7.25804597701149,6.45289210526316,4,6.605,7.14220947368421,87,38,2,30,95,5235,4277,958,132,1875,3360,7.07606755682904,7.25511105915361,6.27672615866388,5.77159090909091,7.01239466666667,7.11159930357143,96
"98",2009,7,7.14214285714286,140,7.28564356435644,6.77051282051282,6.01875,7.125,7.14642857142857,101,39,8,28,112,5375,4378,997,140,1903,3472,7.07778858790698,7.25581544084057,6.29604178535607,5.78571428571429,7.01405149763531,7.11272282834101,97
"99",2009,8,6.95252525252525,99,6.77571428571429,7.37931034482759,6.525,6.43846153846154,7.13561643835616,70,29,4,26,73,5474,4448,1026,144,1929,3545,7.07552313847278,7.24825989208633,6.32666048732944,5.80625,7.00629341627786,7.11319426234133,98
"100",2009,9,7.11194690265487,113,7.34718309859155,6.71428571428571,6.35714285714286,6.66666666666667,7.32012987012987,71,42,7,36,77,5587,4519,1068,151,1965,3622,7.07625982817255,7.24981411816774,6.34190417602996,5.8317880794702,7.00007124681934,7.11759350082827,99
"101",2009,10,7.24554794520548,146,7.36584158415842,6.97555555555556,6.56666666666667,6.72857142857143,7.40855855855856,101,45,6,35,111,5733,4620,1113,157,2000,3733,7.08057102040816,7.25235064935065,6.36752350404313,5.85987261146497,6.99532,7.12624528797214,100
"102",2009,11,7.16190476190476,126,7.28387096774194,6.81818181818182,5.2,6.31818181818182,7.34038461538462,93,33,5,22,104,5859,4713,1146,162,2022,3837,7.08232013312852,7.25297262889879,6.38050057591623,5.83950617283951,6.98795252225519,7.1320494292416,101
"103",2009,12,7.34053571428571,168,7.42173913043478,7.16433962264151,7.5,7.5,7.30726618705036,115,53,4,29,139,6027,4828,1199,166,2051,3976,7.08951777999005,7.25699254349627,6.41514900750626,5.87951807228916,6.99519258898098,7.13817496478873,102
"104",2010,1,7.12734806629834,181,7.32022900763359,6.622,6.57142857142857,6.95810810810811,7.17083333333333,131,50,7,37,144,6208,4959,1249,173,2088,4120,7.09062075708763,7.2586630369026,6.42342967173739,5.90751445086705,6.99453544061303,7.1393164223301,103
"105",2010,2,6.9208,125,7.27078651685393,6.05555555555556,5.33333333333333,6.70454545454545,6.96699029126214,89,36,6,22,103,6333,5048,1285,179,2110,4223,7.08726885520291,7.25887678288431,6.41312347081712,5.88826815642458,6.99151184834123,7.13511334596259,104
"106",2010,3,6.94931007751938,129,7.24401111111111,6.26923076923077,6.5,6.81666666666667,6.98442156862745,90,39,10,27,102,6462,5138,1324,189,2137,4325,7.08451480346642,7.25861638769949,6.40888493957704,5.92063492063492,6.98930276087974,7.13155945895954,105
"107",2010,4,7.18125,88,7.45294117647059,6.2575,4,6.25588235294118,7.40281690140845,68,20,1,17,71,6550,5206,1344,190,2154,4396,7.0858144519084,7.26115462927392,6.4066321875,5.91052631578947,6.98351439182916,7.13594055050045,106
"108",2010,5,6.89634146341463,82,7.21212121212121,5.59375,6,6.65,6.9758064516129,66,16,2,20,62,6632,5272,1360,192,2174,4458,7.08347175211098,7.2605407814871,6.39706886764706,5.91145833333333,6.98044618215271,7.13371347240915,107
"109",2010,6,7.20285714285714,70,7.34909090909091,6.66666666666667,5.83333333333333,7.5,7.13508771929825,55,15,3,13,57,6702,5327,1375,195,2187,4515,7.0847186899433,7.26145504036043,6.40000993454546,5.91025641025641,6.9835345221765,7.13373082170543,108
"110",2010,7,7.08618556701031,97,7.43714285714286,6.1762962962963,6.25,7.16666666666667,7.06784810126582,70,27,4,18,79,6799,5397,1402,199,2205,4594,7.08473961759082,7.2637337409672,6.39570161198288,5.91708542713568,6.98502947845805,7.13259787984327,109
"111",2010,8,7.28483146067416,89,7.484375,6.774,7.5,7.572,7.17265625,64,25,4,25,64,6888,5461,1427,203,2230,4658,7.0873250087108,7.26631953854605,6.40232912403644,5.94827586206897,6.99160986547085,7.13314827393731,110
"112",2010,9,7.12951807228916,83,7.29918032786885,6.65909090909091,5.5,6.45238095238095,7.35887096774194,61,22,5,21,62,6971,5522,1449,208,2251,4720,7.08782737914216,7.26668254255704,6.40622750862664,5.9375,6.98657929808974,7.13611327542373,111
"113",2010,10,7.13888888888889,72,7.55208333333333,6.3125,5.83333333333333,7.125,7.14285714285714,48,24,6,16,56,7043,5570,1473,214,2267,4776,7.08834937668607,7.26914201077199,6.40470038017651,5.93457943925234,6.98755624172916,7.13619234924623,112
"114",2010,11,6.8392,125,7.1275,6.32666666666667,5.64285714285714,6.28846153846154,6.98383838383838,80,45,7,26,99,7168,5650,1518,221,2293,4875,7.08400455636161,7.26713646017699,6.40238712779974,5.92533936651584,6.97962930658526,7.13309839179487,113
"115",2010,12,7.35338345864662,133,7.59684210526316,6.74473684210526,5.4,7.22272727272727,7.37927927927928,95,38,7,22,111,7301,5745,1556,228,2315,4986,7.08891174633612,7.27258851174935,6.41074785347044,5.90921052631579,6.98193952483801,7.13857895306859,114
"116",2011,1,7.20222929936306,157,7.36709401709402,6.72,5.26666666666667,7.30714285714286,7.17213114754098,117,40,3,35,122,7458,5862,1596,231,2350,5108,7.09129721909359,7.27447475264415,6.41849853383459,5.9008658008658,6.98678297872341,7.13938031714957,115
"117",2011,2,7.15955882352941,136,7.5020618556701,6.30769230769231,5.41666666666667,7.51612903225806,7.05428571428571,97,39,6,31,105,7594,5959,1635,237,2381,5213,7.09251970766395,7.27817939251552,6.41585544954128,5.88860759493671,6.99367492650147,7.13766634567427,116
"118",2011,3,7.10770992366412,131,7.42670212765957,6.2972972972973,5.6,6.6575,7.23009708737864,94,37,5,28,103,7725,6053,1672,242,2409,5316,7.09277730226537,7.28048587477284,6.41323185406699,5.88264462809917,6.98976753839768,7.13945723476298,117
"119",2011,4,7.40857142857143,91,7.61959459459459,6.49,2,7.5875,7.32904761904762,74,17,1,28,63,7816,6127,1689,243,2437,5379,7.09645402507677,7.28458152440019,6.41400453522795,5.86666666666667,6.996635207222,7.14167775794757,118
"120",2011,5,6.88072289156626,83,7.06923076923077,6.56451612903226,6.0625,7.0625,6.83731343283582,52,31,8,16,67,7899,6179,1720,251,2453,5446,7.09418719584758,7.28276921832011,6.41671724418605,5.87290836653386,6.99706481858948,7.13793328314359,119
"121",2011,6,7.08395061728395,81,7.20925925925926,6.83333333333333,6.21428571428571,7.33333333333333,6.97894736842105,54,27,7,24,57,7980,6233,1747,258,2477,5503,7.09408329072682,7.28213236001925,6.42315607326846,5.88217054263566,7.00032297133629,7.13628650917681,120
"122",2011,7,7.04222222222222,90,7.02535211267606,7.10526315789474,6,6.26086956521739,7.31044776119403,71,19,3,23,67,8070,6304,1766,261,2500,5570,7.09350491449814,7.27924032360406,6.43049471121178,5.88352490421456,6.99352,7.1383814470377,121
"123",2011,8,7.50695652173913,115,7.67340425531915,6.76190476190476,5.5,7.30434782608696,7.55760869565217,94,21,2,23,92,8185,6398,1787,263,2523,5662,7.09931394746488,7.28503141606752,6.4343892893117,5.88060836501901,6.99635354736425,7.14519333451077,122
"124",2011,9,7.13404255319149,94,7.29230769230769,6.77931034482759,5.38,6.72727272727273,7.25833333333333,65,29,5,22,72,8279,6463,1816,268,2545,5734,7.09970825703587,7.28510459538914,6.43989738986784,5.87126865671642,6.99402750491159,7.14661399720963,123
"125",2011,10,7.35655737704918,122,7.61904761904762,6.77631578947368,7.5,6.925,7.44117647058824,84,38,4,20,102,8401,6547,1854,272,2565,5836,7.10343824068563,7.28938918588667,6.44679269687163,5.89522058823529,6.99348927875244,7.15176227895819,124
"126",2011,11,7.07985611510791,139,7.29010416666667,6.61046511627907,6,7.08125,7.07943925233645,96,43,4,32,107,8540,6643,1897,276,2597,5943,7.10305440983607,7.28939951828993,6.45050272008434,5.89673913043478,6.99457065845206,7.15046014807336,125
"127",2011,12,7.06176470588235,153,7.20280373831776,6.73369565217391,4.375,7.29333333333333,7.00528455284553,107,46,8,30,123,8693,6750,1943,284,2627,6066,7.10232769584723,7.28802681481481,6.45720723623263,5.85387323943662,6.99798248953179,7.14751642927794,126
"128",2012,1,7.29625,160,7.65090909090909,6.516,6.25,7.675,7.2015625,110,50,8,32,128,8853,6860,1993,292,2659,6194,7.10583244775782,7.29384562682216,6.45868221776217,5.86472602739726,7.00613012410681,7.14863329996771,127
"129",2012,2,7.34761904761905,126,7.488,6.80769230769231,6.25,7.25,7.36603773584906,100,26,4,20,106,8979,6960,2019,296,2679,6300,7.10922537699076,7.29663520114942,6.46317665180783,5.86993243243243,7.00795072788354,7.15229121587302,128
"130",2012,3,7.30792079207921,101,7.48860759493671,6.65909090909091,NA,6.9375,7.37764705882353,79,22,0,16,85,9080,7039,2041,296,2695,6385,7.11143553524229,7.2987897428612,6.46528841744243,5.86993243243243,7.00753246753247,7.15529125450274,129
"131",2012,4,7.59278846153846,104,7.78409090909091,7.26052631578947,7.75,7.48863636363636,7.62073170731707,66,38,4,22,82,9184,7105,2079,300,2717,6467,7.11688639590592,7.30329781843772,6.47982379028379,5.895,7.01142804563857,7.1611929271687,130
"132",2012,5,7.11588785046729,107,7.36866666666667,6.5234375,5.6,6.70588235294118,7.19333333333333,75,32,5,17,90,9291,7180,2111,305,2734,6557,7.11687489613605,7.30398064066852,6.4804849171009,5.89016393442623,7.00952816386247,7.16163407960958,131
"133",2012,6,7.06344086021505,93,7.29315068493151,6.225,6.07142857142857,7.20625,7.03376623376623,73,20,7,16,77,9384,7253,2131,312,2750,6634,7.11634533887468,7.30387163932166,6.47808712341624,5.89423076923077,7.01067272727273,7.16014993367501,132
"134",2012,7,7.26323529411765,102,7.49662162162162,6.64642857142857,5.16666666666667,5.675,7.65060975609756,74,28,6,20,82,9486,7327,2159,318,2770,6716,7.11792480075901,7.30581834311451,6.4802703381195,5.88050314465409,7.00102888086643,7.16613827575938,133
"135",2012,8,7.14166666666667,108,7.4126582278481,6.40344827586207,8,7.58947368421053,7.04606741573034,79,29,3,19,89,9594,7406,2188,321,2789,6805,7.11819206378987,7.30695800702133,6.4792521297989,5.90031152647975,7.00503764790247,7.16456791476855,134
"136",2012,9,7.19108910891089,101,7.49186046511628,5.46666666666667,6,7.27777777777778,7.15945945945946,86,15,1,27,74,9695,7492,2203,322,2816,6879,7.11895148633316,7.30908048585157,6.47235753971857,5.90062111801242,7.00765269886364,7.16451296118622,135
"137",2012,10,7.09957627118644,118,7.36486486486486,6.65340909090909,6.35,7.175,7.08418367346939,74,44,10,20,98,9813,7566,2247,332,2836,6977,7.11871850198716,7.30962609040444,6.47590283044059,5.91415662650602,7.00883286318759,7.16338464382973,136
"138",2012,11,7.29587755102041,147,7.47820869565217,6.640625,5.42857142857143,7.25587878787879,7.30745614035088,115,32,7,33,114,9960,7681,2279,339,2869,7091,7.12133319879518,7.31215011066267,6.47821573497148,5.90412979351032,7.01167445102823,7.16570084050205,137
"139",2012,12,7.41870229007634,131,7.64183673469388,6.75606060606061,6.03571428571429,7.56296296296296,7.38125,98,33,7,27,104,10091,7779,2312,346,2896,7195,7.12519360420177,7.31630350944851,6.48218151384083,5.90679190751445,7.01681422651934,7.16881649200834,138
"140",2013,1,7.10722222222222,180,7.30157480314961,6.64150943396226,6.28571428571429,7.72631578947368,6.94154929577465,127,53,7,38,142,10271,7906,2365,353,2934,7337,7.12487865446403,7.31606691120668,6.48575207610994,5.9143059490085,7.02600340831629,7.16441797192313,139
"141",2013,2,7.017,125,7.26196808510638,6.2741935483871,5.375,6.85,7.06085858585859,94,31,4,26,99,10396,8000,2396,357,2960,7436,7.12358153712967,7.31543125,6.48301488313857,5.90826330532213,7.02445743243243,7.16303922270038,140
"142",2013,3,7.08490566037736,106,7.17272727272727,6.85172413793103,6,7.37368421052632,7.02183908045977,77,29,5,19,87,10502,8077,2425,362,2979,7523,7.12319116930109,7.31407081837316,6.48742418969072,5.90953038674033,7.02668479355488,7.16140630865346,141
"143",2013,4,7.19051724137931,116,7.27125,7.01111111111111,7.75,7.06666666666667,7.20891089108911,80,36,4,15,101,10618,8157,2461,366,2994,7624,7.12392669617631,7.31365085202893,6.49508478667209,5.92964480874317,7.02688510354041,7.16203563221406,142
"144",2013,5,7.35394495412844,109,7.63878048780488,6.48888888888889,5.7,7.55851851851852,7.28658536585366,82,27,2,27,82,10727,8239,2488,368,3021,7706,7.12626397501632,7.31688675810171,6.49501754823151,5.92839673913043,7.03163654419066,7.16336097326758,143
"145",2013,6,7.71236559139785,93,7.7731884057971,7.5375,5.9,7.97352941176471,7.65394736842105,69,24,1,17,76,10820,8308,2512,369,3038,7782,7.13130163216266,7.32067645642754,6.50497757165605,5.92831978319783,7.03690717577353,7.16815210228733,144
"146",2013,7,7.13606557377049,122,7.37916666666667,6.59868421052632,6.65,7.34393939393939,7.05898876404494,84,38,5,33,89,10942,8392,2550,374,3071,7871,7.13135474867483,7.32126191611058,6.50637398431373,5.9379679144385,7.04020644741126,7.16691775632067,145
"147",2013,8,7.13548387096774,124,7.22758620689655,6.91891891891892,5.9,7.06944444444444,7.14669811320755,87,37,10,18,106,11066,8479,2587,384,3089,7977,7.13140101753118,7.32030074301215,6.51227431774256,5.93697916666666,7.04037682097766,7.16664907358656,146
"148",2013,9,7.04128787878788,132,7.16588235294118,6.81595744680851,6.31428571428571,7.01153846153846,7.04858490566038,85,47,7,26,106,11198,8564,2634,391,3115,8083,7.13033878013931,7.31876809901915,6.51769311313592,5.94373401534527,7.04013611556982,7.16510078683657,147
"149",2013,10,7.21023622047244,127,7.45473684210526,6.484375,6,7.69565217391304,7.10288461538462,95,32,3,23,104,11325,8659,2666,394,3138,8187,7.1312347602649,7.32025984524772,6.51729319579895,5.94416243654822,7.04494072657744,7.16431045071455,148
"150",2013,11,7.22091503267974,153,7.55925925925926,6.40888888888889,6.21428571428571,7.4695652173913,7.17692307692308,108,45,7,23,130,11478,8767,2711,401,3161,8317,7.13243018470117,7.3232040606821,6.51549378827001,5.94887780548628,7.04803037013603,7.16450759408441,149
"151",2013,12,7.32647058823529,136,7.553,6.69722222222222,6.375,7.5741935483871,7.25333333333333,100,36,8,31,105,11614,8867,2747,409,3192,8422,7.134702398829,7.3257956467802,6.51787537677466,5.95721271393643,7.05314035087719,7.16561501543576,150
"152",2014,1,7.23989898989899,198,7.41285714285714,6.82241379310345,6.6,7.13783783783784,7.26335403726708,140,58,10,37,161,11812,9007,2805,419,3229,8583,7.13646576870979,7.32714888420118,6.52417242780749,5.97255369928401,7.05411087023846,7.1674484049866,151
"153",2014,2,6.86029411764706,170,7.04807692307692,6.25,5.5,6.725,6.88928571428571,130,40,2,30,140,11982,9137,2845,421,3259,8723,7.13254745952262,7.32317828608952,6.52031763093146,5.97030878859857,7.05108131328628,7.1629840261378,152
"154",2014,3,7.31223647540984,122,7.62465430107527,6.31034482758621,5.1,8.13333333333333,7.19712943925234,93,29,5,15,107,12104,9230,2874,426,3274,8830,7.13435860128883,7.32621591007584,6.51819890744607,5.96009389671361,7.05603970678069,7.16339779275198,153
"155",2014,4,7.1664,125,7.30238095238095,6.88780487804878,4,6.97142857142857,7.19099099099099,84,41,3,14,111,12229,9314,2915,429,3288,8941,7.13468611579034,7.32600095018252,6.52339748198971,5.94638694638694,7.05567944038929,7.16374035454647,154
"156",2014,5,7.18831775700935,107,7.392,6.7109375,7.35714285714286,6.93333333333333,7.22989130434783,75,32,7,15,92,12336,9389,2947,436,3303,9033,7.13515130593385,7.3265281552881,6.52543388530709,5.9690366972477,7.0551238268241,7.164414093878,155
"157",2014,6,7.11607105263158,114,7.3361987654321,6.57575757575758,6.55555555555556,6.6125,7.19828673469388,81,33,9,16,98,12450,9470,2980,445,3319,9131,7.13497659518073,7.32661087117212,6.52599116107383,5.98089887640449,7.05299005724615,7.16477763771767,156
"158",2014,7,6.94888888888889,162,7.39291666666667,6.3030303030303,6.64285714285714,6.7304347826087,6.98503597122302,96,66,7,23,139,12612,9566,3046,452,3342,9270,7.13258631541389,7.32727628580389,6.52116009848982,5.99115044247787,7.05077019748653,7.16208248220065,157
"159",2014,8,6.903281328125,128,7.30315789473684,5.75212151515152,4.66666666666667,7.02083375,6.87615384615385,95,33,6,24,104,12740,9661,3079,458,3366,9374,7.13028246624804,7.32703912120898,6.51291772328678,5.97379912663755,7.05055674688057,7.15891024215916,158
"160",2014,9,6.73863636363636,132,6.90520833333333,6.29444444444444,5.28571428571429,6.55,6.77232142857143,96,36,7,20,112,12872,9757,3115,465,3386,9486,7.1262662072716,7.32288869017116,6.51039283146067,5.96344086021505,7.04760012108682,7.15434583702298,159
"161",2014,10,6.9737037037037,135,7.43197674418605,6.16938775510204,5.75,8.12857142857143,6.7609649122807,86,49,4,21,114,13007,9843,3164,469,3407,9600,7.12468275697701,7.3238418114396,6.50511177939317,5.96162046908315,7.05426299090108,7.14967443854167,160
"162",2014,11,6.95975712230216,139,7.36029818181818,6.26862745098039,5.13333333333333,6.43703703703704,7.08577,88,51,9,27,112,13146,9931,3215,478,3434,9712,7.12293890613114,7.32416485650992,6.50136039502333,5.94602510460251,7.04941002038439,7.14893748455519,161
"163",2014,12,6.99810126582279,158,7.52314814814815,5.864,5.88333333333333,7.5,6.90820895522388,108,50,6,24,134,13304,10039,3265,484,3458,9846,7.12145631840048,7.32630552744297,6.49159989892803,5.9452479338843,7.0525373076923,7.14566126853545,162
"164",2015,1,7.16436681222707,229,7.35817610062893,6.72414285714286,5.88888888888889,7.43714285714286,7.11515463917526,159,70,9,35,194,13533,10198,3335,493,3493,10040,7.12218243257223,7.32680243086879,6.49648086056972,5.94421906693712,7.05639107071285,7.14507179780876,163
"165",2015,2,7.17269938650307,163,7.50221238938053,6.428,6.44444444444444,7.41,7.13951048951049,113,50,9,20,143,13696,10311,3385,502,3513,10183,7.12278364924066,7.32872477839201,6.49546932644018,5.95318725099601,7.05840421576999,7.14499370028479,164
"166",2015,3,6.93657718120805,149,7.18484848484848,6.445,5.5,7.73333333333333,6.82709923664122,99,50,4,18,131,13845,10410,3435,506,3531,10314,7.12077969375226,7.32735650240153,6.49473469286754,5.949604743083,7.06184480600396,7.14095606457242,165
"167",2015,4,6.92080536912752,149,7.13578947368421,6.54259259259259,5.91666666666667,6.66774193548387,6.98728813559322,95,54,6,31,118,13994,10505,3489,512,3562,10432,7.11865048306417,7.32562410185626,6.49547539982803,5.94921875,7.05841493823694,7.1392178728911,166
"168",2015,5,7.08604651162791,129,7.42365591397849,6.21388888888889,6.66666666666667,7.26086956521739,7.04811320754717,93,36,3,23,106,14123,10598,3525,515,3585,10538,7.11835267719323,7.3264843545952,6.49259962269504,5.95339805825243,7.05971381032078,7.1383014661226,167
"169",2015,6,6.85097087378641,103,7.28636363636364,6.07432432432432,5.16666666666667,7.30714285714286,6.77921348314607,66,37,3,14,89,14226,10664,3562,518,3599,10627,7.11641676226627,7.32623604557389,6.48825482032566,5.9488416988417,7.06067630175048,7.1352941422791,168
"170",2015,7,6.96811023622047,127,7.43333333333333,5.95625,6.625,6.79230769230769,6.98815789473684,87,40,2,13,114,14353,10751,3602,520,3612,10741,7.11510449801435,7.3271027057948,6.48234693781233,5.95144230769231,7.05971041251384,7.13373250628433,169
"171",2015,8,6.81641791044776,134,6.979,6.33823529411765,5,6.34090909090909,6.90982142857143,100,34,2,22,112,14487,10851,3636,522,3634,10853,7.11234174501277,7.32389468159616,6.48099935918592,5.9477969348659,7.05535883599339,7.13142180503087,170
"172",2015,9,7.18978102189781,137,7.537,6.25135135135135,6.8,7.08620689655172,7.21759259259259,100,37,5,29,108,14624,10951,3673,527,3663,10961,7.11306720869803,7.32584067117158,6.47868599782194,5.95588235294117,7.05560306033306,7.13227085576133,171
"173",2015,10,6.85541666666667,120,7.06204819277108,6.39189189189189,4.83333333333333,6.5625,6.90048076923077,83,37,6,16,104,14744,11034,3710,533,3679,11065,7.11097021568095,7.32385637030994,6.47782039622642,5.94324577861163,7.05345855123675,7.13009225937641,172
"174",2015,11,7.15354609929078,141,7.49838709677419,6.48541666666667,8,7.89285714285714,7.07204724409449,93,48,2,14,127,14885,11127,3758,535,3693,11192,7.11137352099429,7.3253151064977,6.4779174215008,5.95093457943925,7.05664067424857,7.12943359989278,173
"175",2015,12,7.03103092783505,194,7.33264285714286,6.24907407407407,5.5,7.22615384615385,6.98193548387097,140,54,3,39,155,15079,11267,3812,538,3732,11347,7.11033986736521,7.32540615869353,6.47467567418678,5.94842007434944,7.05841211414791,7.1274187758879,174
"176",2016,1,7.20767441860465,215,7.42980132450331,6.68359375,6.61666666666667,7.39130434782609,7.18567708333333,151,64,9,23,192,15294,11418,3876,547,3755,11539,7.1117081770629,7.3267867568751,6.47812530185759,5.95941499085923,7.06045113448735,7.12838814888638,175
"177",2016,2,6.96092715231788,151,7.02752293577982,6.78809523809524,6.75,6.65909090909091,7.01240310077519,109,42,4,22,129,15445,11527,3918,551,3777,11668,7.11023404726449,7.32395690032098,6.4814481036243,5.96515426497278,7.05811332009531,7.1271058321906,176
"178",2016,3,6.93138686131387,137,7.20659340659341,6.38695652173913,4.2,6.17647058823529,7.03833333333333,91,46,5,17,120,15582,11618,3964,556,3794,11788,7.10866158772943,7.3230376304011,6.48035158173562,5.94928057553957,7.05416289140748,7.12620214200882,177
"179",2016,4,7.07201986754967,151,7.15691964285714,6.82820512820513,6.44444444444444,6.72631578947368,7.1217803030303,112,39,9,19,132,15733,11730,4003,565,3813,11920,7.10830991292188,7.32145150809889,6.48374061204097,5.95716814159292,7.05252924468922,7.12615317533557,178
"180",2016,5,7.19060402684564,149,7.50740740740741,6.35609756097561,5.90909090909091,7.04761904761905,7.2140625,108,41,11,21,128,15882,11838,4044,576,3834,12048,7.10908197078454,7.32314801402263,6.48244650593472,5.95625,7.05250235002608,7.12708713894422,179
"181",2016,6,7.16830065359477,153,7.52368421052632,6.12948717948718,4.8,7.6125,7.08565891472868,114,39,5,24,129,16035,11952,4083,581,3858,12177,7.10964701340817,7.3250607588688,6.47907510898849,5.94629948364888,7.05598600570243,7.12664825901289,180
"182",2016,7,7.306,155,7.56695238095238,6.758,7.5,7.23576923076923,7.32015503875969,105,50,6,26,129,16190,12057,4133,587,3884,12306,7.11152685978999,7.32716730447043,6.48244947253811,5.96218057921635,7.05718949794027,7.12867673086299,181
"183",2016,8,6.95090909090909,165,7.04809160305344,6.57647058823529,5,7.075,6.93379310344828,131,34,6,20,145,16355,12188,4167,593,3904,12451,7.10990644206665,7.32416772152937,6.48321662347012,5.95244519392917,7.05728074026639,7.12640718416191,182
"184",2016,9,7.26294117647059,170,7.59285714285714,6.31818181818182,6.78571428571429,7.7,7.21753246753247,126,44,7,16,154,16525,12314,4211,600,3920,12605,7.11148077821483,7.32691702046451,6.48149220375208,5.96216666666667,7.05990408418367,7.12752049583498,183
"185",2016,10,7.026875,160,7.38429752066116,5.91794871794872,5.71428571428571,6.48076923076923,7.13283582089552,121,39,7,26,134,16685,12435,4250,607,3946,12739,7.11066945519928,7.32747536710896,6.47632086352941,5.95930807248764,7.05608819310694,7.12757640709632,184
"186",2016,11,6.99090909090909,154,7.13392857142857,6.60952380952381,7.33333333333333,7.06521739130435,6.97786259541985,112,42,3,23,131,16839,12547,4292,610,3969,12870,7.1095741944296,7.3257476839085,6.47762434063374,5.96606557377049,7.05614109599395,7.12605251359751,185
"187",2016,12,7.08975263157895,190,7.42592086330935,6.17352941176471,6.16363636363636,7.58333333333333,6.99720625,139,51,11,30,160,17029,12686,4343,621,3999,13030,7.10935303658465,7.32684527747122,6.47405334331107,5.9695652173913,7.06009602650662,7.12447036454336,186
"188",2017,1,7.06526506024096,249,7.35862068965517,6.38468,5.98190909090909,7.21003333333333,7.04543378995434,174,75,11,30,219,17278,12860,4418,632,4029,13249,7.10871766755411,7.32727520917573,6.47253614078768,5.96978006329114,7.06121246214941,7.12316392557929,187
"189",2017,2,6.91544117647059,204,7.20137931034483,6.21271186440678,6.25,7.28676470588235,6.84117647058823,145,59,9,34,170,17482,13005,4477,641,4063,13419,7.10646229607596,7.32587152556708,6.46911205494751,5.97371450858034,7.06309992862417,7.11959153811759,188
"190",2017,3,7.16285714285714,196,7.50071942446043,6.33894736842105,5.64666666666667,7.45304347826087,7.1242774566474,139,57,9,23,173,17678,13144,4534,650,4086,13592,7.10708755854735,7.32772057136335,6.46747566607852,5.96918615384615,7.06529491189427,7.11965118084167,189
"191",2017,4,7.02864406779661,177,7.21511811023622,6.555,5.11111111111111,6.55555555555556,7.08220125786164,127,50,9,18,159,17855,13271,4584,659,4104,13751,7.106309933352,7.3266429952528,6.46843033813263,5.95746737481032,7.06305921296296,7.11921815504327,190
"192",2017,5,7.13712568306011,183,7.42642647058824,6.3,7,7.575,7.08339877300614,136,47,5,20,163,18038,13407,4631,664,4124,13914,7.10662256680341,7.32765519430148,6.46672093932196,5.96531777108434,7.06554195198836,7.1187985374443,191
"193",2017,6,7.20883720930233,172,7.4253488372093,6.5593023255814,7.6,7.56029411764706,7.12224637681159,129,43,5,34,138,18210,13536,4674,669,4158,14052,7.10758802086765,7.32858622857565,6.46757267222935,5.97753512705531,7.06958754449254,7.11883239752348,192
"194",2017,7,7.19162436548223,197,7.40912162162162,6.53469387755102,5.91666666666667,7.28846153846154,7.17690058479532,148,49,6,26,171,18407,13684,4723,675,4184,14223,7.10848741565709,7.32945726322712,6.46826903874656,5.97699407407407,7.07094766013384,7.1195305385643,193
"195",2017,8,7.3362441314554,213,7.55148648648649,6.84615384615385,6.5,7.48076923076923,7.31614973262032,148,65,8,26,187,18620,13832,4788,683,4210,14410,7.11109279591837,7.33183293739155,6.47339905388471,5.98312005856515,7.07347862470308,7.12208208535739,194
"196",2017,9,7.44141361256545,191,7.75036496350365,6.65759259259259,6.22857142857143,7.78571428571429,7.39888235294118,137,54,7,21,170,18811,13969,4842,690,4231,14580,7.11444675243209,7.33593766124991,6.47545325691863,5.98561014492754,7.07701371070669,7.12530952331961,195
"197",2017,10,6.97540540540541,185,7.23412698412698,6.4228813559322,6,7.15357142857143,6.94363057324841,126,59,7,28,157,18996,14095,4901,697,4259,14737,7.11309264371447,7.33502754097197,6.47482037747398,5.98575466284075,7.07751702512326,7.12337401438556,196
"198",2017,11,6.78362755102041,196,6.96335766423358,6.36628813559322,5.62,7.3,6.72494886363636,137,59,5,20,176,19192,14232,4960,702,4279,14913,7.10972795227178,7.33144977445193,6.47352936895161,5.98314957264957,7.07855690815611,7.11867188694427,197
"199",2017,12,7.20357798165138,218,7.46741935483871,6.55444444444444,5.42857142857143,7.25652173913043,7.19733333333333,155,63,7,23,195,19410,14387,5023,709,4302,15108,7.11078201236476,7.33291465837214,6.47454423053952,5.97767418899859,7.07950837052533,7.11968717566852,198
"200",2018,1,7.21591449814126,269,7.43183769633508,6.68717948717949,6.07142857142857,7.06617647058824,7.23757872340426,191,78,7,34,235,19679,14578,5101,716,4336,15343,7.11221910971086,7.33421074152833,6.47779566163497,5.97859078212291,7.07940383071955,7.12149285341849,199
"201",2018,2,7.033125,192,7.30204724409449,6.50769230769231,5.66666666666667,7.16666666666667,7.01127272727273,127,65,9,27,165,19871,14705,5166,725,4363,15508,7.11145487695637,7.33393296089765,6.47817182926829,5.97471862068966,7.07994384826954,7.12032014766572,200
"202",2018,3,7.27331658291457,199,7.43965517241379,6.82666666666667,7.36363636363636,7.45416666666667,7.23337423312883,145,54,11,36,163,20070,14850,5220,736,4399,15671,7.11305978375685,7.33496526531986,6.48177694827586,5.99547690217391,7.08300636735621,7.12149606598175,201
"203",2018,4,7.0403488372093,172,7.44111111111111,6.3640625,6.16666666666667,7.48823529411765,6.99122580645161,108,64,15,17,155,20242,14958,5284,751,4416,15826,7.11244194545993,7.33573166131835,6.48035118660106,5.99889613848202,7.08456635190217,7.12022019777581,202
"204",2018,5,6.90553333333333,150,7.15798076923077,6.33478260869565,4.92857142857143,7.1,6.88392592592593,104,46,7,15,135,20392,15062,5330,758,4431,15961,7.1109199617497,7.33450432811047,6.47909487242026,5.98901187335092,7.08461859851049,7.11822159325857,203
"205",2018,6,7.16931034482759,116,7.52909090909091,6.45897435897436,5.55,7.03235294117647,7.19282828282828,77,39,8,17,99,20508,15139,5369,766,4448,16060,7.11125023698069,7.33549403461259,6.47894871856956,5.98442689295039,7.08441884217626,7.11868149750934,204
"206",2018,7,7.15827586206897,145,7.52809523809524,6.1875,5.78571428571429,7.73333333333333,7.09192307692308,105,40,7,15,130,20653,15244,5409,773,4463,16190,7.11158039316322,7.33682066321175,6.47679343131817,5.98262742561449,7.08659982298902,7.11846663681284,205
"207",2018,8,7.08126404494382,178,7.39729323308271,6.14722222222222,5.3125,7.1292,7.07343137254902,133,45,10,25,153,20831,15377,5454,783,4488,16343,7.11132134127022,7.3373437074852,6.47407419691969,5.97406896551724,7.08683712344028,7.11804502539313,206
"208",2018,9,7.1541095890411,146,7.3960396039604,6.61111111111111,5.83333333333333,6.95,7.17923076923077,101,45,6,16,130,20977,15478,5499,789,4504,16473,7.11161914763789,7.3377267211526,6.47519561192944,5.97299873257288,7.08635102353463,7.11852788502398,207
"209",2018,10,7.20415172043011,186,7.49062763358779,6.52181818181818,6.41666666666667,7.53703703703704,7.14762402515723,131,55,6,27,159,21163,15609,5554,795,4531,16632,7.11243240939375,7.33900995643539,6.4756573046453,5.97634716981132,7.0890366387111,7.11880604076479,208
"210",2018,11,7.04791946308725,149,7.34989898989899,6.45,6.755,6.97857142857143,7.06396694214876,99,50,8,28,121,21312,15708,5604,803,4559,16753,7.11198137575075,7.33907858479755,6.47542838508208,5.98410460772105,7.08835819477955,7.11840996060407,209
"211",2018,12,7.29487179487179,195,7.53284671532847,6.73275862068965,6.1875,6.80952380952381,7.35344827586207,137,58,8,21,174,21507,15845,5662,811,4580,16927,7.11363960942949,7.34075395455979,6.47806440657012,5.98611097410604,7.08707969650655,7.12082602174041,210
"212",2019,1,7.19929901287554,233,7.41846962264151,6.72837837837838,6.14285714285714,7.68076923076923,7.13882449275362,159,74,7,26,207,21740,16004,5736,818,4606,17134,7.11455767019319,7.34152606098475,6.48129370118549,5.98745232273839,7.09043096178897,7.1210434656239,211
"213",2019,2,7.12596685082873,181,7.33947368421053,6.76268656716418,6.1875,6.96739130434783,7.14905063291139,114,67,8,23,158,21921,16118,5803,826,4629,17292,7.11465187491447,7.34151154485668,6.48454259348613,5.98938983050847,7.08981961762799,7.12129937196391,212
"214",2019,3,7.04896373056995,193,7.21992125984252,6.72,5.875,6.59227272727273,7.10771929824561,127,66,4,22,171,22114,16245,5869,830,4651,17463,7.11407858144162,7.34056097753154,6.48719043619015,5.98883855421687,7.08746613846484,7.12116639409036,213
"215",2019,4,7.18181818181818,176,7.40483870967742,6.65,6.5,7.475,7.16036585365854,124,52,6,12,164,22290,16369,5921,836,4663,17627,7.11461344773441,7.34104790029934,6.48862027866914,5.99250717703349,7.08846343770105,7.12153110228626,214
"216",2019,5,7.17575757575758,165,7.37232142857143,6.76037735849057,5.47142857142857,7.26666666666667,7.15797101449275,112,53,7,27,138,22455,16481,5974,843,4690,17765,7.11506273658428,7.34126042594502,6.49103124707064,5.9881803084223,7.08948934115138,7.12181417056009,215
"217",2019,6,7.32566037735849,159,7.59527272727273,6.72040816326531,6.33333333333333,7.34090909090909,7.32321167883212,110,49,9,22,137,22614,16591,6023,852,4712,17902,7.11654345759264,7.34294455307094,6.49289733853561,5.99182629107981,7.09066320246179,7.12335542062339,216
"218",2019,7,7.1012972972973,185,7.495,6.33888888888889,6.25,7.87222222222222,7.01820359281437,122,63,8,18,167,22799,16713,6086,860,4730,18069,7.11641974428703,7.34405451325315,6.49130310055866,5.99422790697674,7.09363742283298,7.12238357075654,217
"219",2019,8,6.97791469194313,211,7.39856115107914,6.16583333333333,5.21666666666667,6.91111111111111,6.99165714285714,139,72,12,36,175,23010,16852,6158,872,4766,18244,7.11514966318992,7.3445040992167,6.48749767294576,5.98352752293578,7.09225870960973,7.12112961740846,218
"220",2019,9,7.22461077844311,167,7.72084905660377,6.36229508196721,5.36,8.10454545454546,7.09110344827586,106,61,5,22,145,23177,16958,6219,877,4788,18389,7.11593837640765,7.34685653260997,6.48626960443801,5.97997263397948,7.09690998538011,7.12089285659905,219
"221",2019,10,7.17929943502825,177,7.34332786885246,6.81545454545455,6.5,7.08275,7.19444444444444,122,55,8,24,153,23354,17080,6274,885,4812,18542,7.11641858996318,7.34683132786885,6.48915535065349,5.98467344632768,7.09683936201163,7.12149977025132,220
"222",2019,11,7.134255,200,7.57465,6.10666666666667,3.66666666666667,7.364,7.10143428571429,140,60,6,25,175,23554,17220,6334,891,4837,18717,7.11657004118196,7.34868351219512,6.48553215503631,5.96906397306397,7.09822017986355,7.12131216220548,221
"223",2019,12,7.18629151515151,231,7.44798358024691,6.57188405797101,6.54166666666667,7.91785714285714,7.08538591133005,162,69,12,28,203,23785,17382,6403,903,4865,18920,7.11724717637166,7.34960898745828,6.48646270029673,5.97667331118494,7.10293751490236,7.12092669556025,222
"224",2020,1,7.05078431372549,306,7.32076555023923,6.46907216494845,5.6,6.77323529411765,7.08547794117647,209,97,14,34,272,24091,17591,6500,917,4899,19192,7.11640297580009,7.34926629640156,6.48620318,5.9709225736096,7.1006493182282,7.12042429553981,223
"225",2020,2,7.36092857142857,210,7.46546979865772,7.1055737704918,7.33333333333333,7.2256,7.37921621621622,149,61,6,25,185,24301,17740,6561,923,4924,19377,7.11851607300111,7.35024230101465,6.49196169333943,5.9797789815818,7.10128371445978,7.12289508592661,224
"226",2020,3,7.24741882051282,195,7.32601854166667,7.02549019607843,6.21428571428571,7.1969696969697,7.25769549382716,144,51,7,33,162,24496,17884,6612,930,4957,19539,7.1195422011757,7.35004725397002,6.49607693133696,5.98154408602151,7.10192072019366,7.12401273094836,225
"227",2020,4,7.13196907172996,237,7.43586668571429,6.2741935483871,6.26470588235294,7.22452380952381,7.11203420512821,175,62,17,42,195,24733,18059,6674,947,4999,19734,7.11966127966684,7.35087888365911,6.49401568324843,5.98662724392819,7.10295079215843,7.12389436606871,226
"228",2020,5,7.19346590909091,176,7.47293577981651,6.73880597014925,6.65,7.87037037037037,7.07080536912752,109,67,6,27,149,24909,18168,6741,953,5026,19883,7.12018276245534,7.35161117129017,6.49644869752262,5.9908037775446,7.10707342021488,7.1234965256752,227
"229",2020,6,7.22365384615385,208,7.49310344827586,6.60349206349206,6.66666666666667,7.06521739130435,7.24335135135135,145,63,3,23,185,25117,18313,6804,956,5049,20068,7.12103963172353,7.35273148910609,6.49743983980012,5.99292468619247,7.1068827510398,7.12460142615108,228
"230",2020,7,7.22238095238095,210,7.51666666666667,6.53571428571429,6.4,8.162,7.09540540540541,147,63,5,25,185,25327,18460,6867,961,5074,20253,7.12187990800332,7.35403693174431,6.49779098150575,5.99504266389178,7.11208139731966,7.12433473658223,229
"231",2020,8,7.27401709401709,234,7.64111801242236,6.46438356164384,6.2,7.41666666666667,7.25303921568627,161,73,10,30,204,25561,18621,6940,971,5104,20457,7.12327265873792,7.3565190784598,6.4974395778098,5.99715345005149,7.11387167123824,7.12561819523879,230
"232",2020,9,7.20262222222222,225,7.3610067114094,6.89210526315789,5.54,7.18888888888889,7.20605555555556,149,76,10,45,180,25786,18770,7016,981,5149,20637,7.12396503645389,7.35655470218433,6.5017147477195,5.99249337410805,7.11452728879394,7.12631978582158,231
"233",2020,10,7.14353118721461,219,7.45659953020134,6.47714285714286,5.5,7.23333333333333,7.12927687830688,149,70,11,30,189,26005,18919,7086,992,5179,20826,7.12412981195924,7.35734262328875,6.50147201100762,5.98703225806452,7.11521548754585,7.12634662201094,232
"234",2020,11,7.26150159744409,313,7.51525423728814,6.48376623376623,5.85,7.85,7.19911660777385,236,77,10,30,283,26318,19155,7163,1002,5209,21109,7.12576357473972,7.35928818010963,6.50128167946391,5.98566467065868,7.119447304665,7.12732222037993,233
"235",2020,12,7.50527173228346,381,7.75266364661654,6.93304347826087,5.75384615384615,7.42889777777778,7.51550038690476,266,115,13,45,336,26699,19421,7278,1015,5254,21445,7.13117923105734,7.36467605272643,6.50810396674911,5.98269556650246,7.12209771792919,7.13340419118675,234
"236",2021,1,7.25693521327014,422,7.37176158227848,6.91462264150943,6.58636363636364,6.65829268292683,7.32135606299213,316,106,11,41,381,27121,19737,7384,1026,5295,21826,7.13313598134287,7.36478949587069,6.51393968986999,5.98916764132554,7.11850640415486,7.13668512508018,235
"237",2021,2,7.4676254180602,299,7.65152380952381,7.03370786516854,6.54545454545455,7.64716981132075,7.42894308943089,210,89,11,53,246,27420,19947,7473,1037,5348,22072,7.13678340444931,7.36780820574522,6.52012989027164,5.99506846673095,7.12374558900523,7.13994244019572,236
"238",2021,3,7.61415345238095,252,8.00690337278107,6.8144578313253,5.75,7.55333333333333,7.62237238738739,169,83,10,30,222,27672,20116,7556,1047,5378,22294,7.1411306598728,7.37317741847285,6.52336297908947,5.99272779369627,7.12614195053923,7.14474639858258,237
"239",2021,4,7.41642066420664,271,7.60082872928177,7.04555555555556,6.22222222222222,7.53378378378378,7.39786324786325,181,90,9,37,234,27943,20297,7646,1056,5415,22528,7.1438005088931,7.37520751588904,6.52950963510332,5.99468371212121,7.12892731486611,7.14737554199218,238
"240",2021,5,7.38397683397683,259,7.65114285714286,6.82738095238095,6.96153846153846,7.65344827586207,7.35,175,84,13,29,230,28202,20472,7730,1069,5444,22758,7.14600622721793,7.3775662832161,6.53274652910737,6.00644153414406,7.13172141991182,7.14942333289392,239
"241",2021,6,7.27054260465116,215,7.40461843373494,6.81632653061224,7.5,7.35185185185185,7.25886521276596,166,49,11,27,188,28417,20638,7779,1080,5471,22946,7.14694845620579,7.37778387489097,6.53453280241676,6.0216537037037,7.13280778833851,7.15032000653708,240
"242",2021,7,7.29074561403509,228,7.5896,6.71602564102564,5.16666666666667,6.99310344827586,7.33412060301508,150,78,6,29,199,28645,20788,7857,1086,5500,23145,7.14809301029848,7.3793122767943,6.53633456408298,6.01693001841621,7.13207116545454,7.1519003184273,241
"243",2021,8,7.32836134453782,238,7.64417808219178,6.82717391304348,6.45454545454545,6.8,7.39037558685446,146,92,11,25,213,28883,20934,7949,1097,5525,23358,7.14957844683724,7.38115953042896,6.53970067555667,6.02131814038286,7.13056858099547,7.15407495804435,242
"244",2021,9,7.55625,208,7.94195804195804,6.70769230769231,6.44444444444444,7.296,7.59180327868852,143,65,9,25,183,29091,21077,8014,1106,5550,23541,7.15248613935582,7.38496435023959,6.54106322310956,6.02476130198915,7.13131376756756,7.15747771420075,243
"245",2021,10,7.2146694214876,242,7.61552795031056,6.4179012345679,6.09090909090909,6.79354838709677,7.27654028436019,161,81,11,31,211,29333,21238,8095,1117,5581,23752,7.15299915726315,7.3867121955928,6.53983084249537,6.0254127126231,7.12943762945708,7.1585354020714,244
"246",2021,11,7.37733211678832,274,7.49419337016575,7.14989247311828,7.0625,6.88457692307692,7.42899193548387,181,93,8,26,248,29607,21419,8188,1125,5607,24000,7.1550752619313,7.38762045893832,6.54675997435271,6.03278755555556,7.12830219546994,7.16133011958333,245
"247",2021,12,7.15385644508671,346,7.44153305785124,6.48445509615385,5.98076923076923,6.82146428571429,7.18312367924528,242,104,13,28,318,29953,21661,8292,1138,5635,24318,7.15506118285314,7.38822277872674,6.54597853352629,6.03219332161687,7.1267775350488,7.16161510815034,246
"248",2022,1,7.42063975155279,483,7.66568154761905,6.86054421768707,5.96428571428571,7.82763157894737,7.38588539325843,336,147,14,38,445,30436,21997,8439,1152,5673,24763,7.15927574615587,7.39246090876028,6.55145799265316,6.03136805555556,7.13147213291027,7.16564532568751,247
"249",2022,2,7.13885620915033,306,7.42495,6.59905660377358,5.5,7.07405405405405,7.14776951672862,200,106,10,37,269,30742,22197,8545,1162,5710,25032,7.15907249398218,7.39275364283461,6.55204844938561,6.02679518072289,7.13110007180385,7.16545322786833,248
"250",2022,3,7.45601423487545,281,7.67549504950495,6.89481012658228,6.8125,7.79285714285714,7.41873517786561,202,79,8,28,253,31023,22399,8624,1170,5738,25285,7.16176213164426,7.39530347828028,6.55518831168831,6.03216752136752,7.13432928023701,7.16798754993079,249
"251",2022,4,7.27051792828685,251,7.45795454545455,6.83066666666667,6.16666666666667,6.88333333333333,7.32307692307692,176,75,6,30,221,31274,22575,8699,1176,5768,25506,7.16263498784933,7.39579192070874,6.55756339809173,6.0328537414966,7.13302382281553,7.1693313416451,250
"252",2022,5,7.13820071684588,279,7.47167415730337,6.55049504950495,6.46428571428571,7.23111764705882,7.12530612244898,178,101,14,34,245,31553,22753,8800,1190,5802,25751,7.16241893354039,7.3963855583879,6.55748227272727,6.03792941176471,7.13359865735953,7.16891247718535,251
"253",2022,6,7.21517167381974,233,7.25248344370861,7.14646341463415,6.83333333333333,6.71861111111111,7.30591370558376,151,82,9,36,197,31786,22904,8882,1199,5838,25948,7.16280562543258,7.39543684989521,6.56291983787435,6.04389991659716,7.13103963857485,7.16995260521042,252
"254",2022,7,7.42517574545455,275,7.54124111702128,7.17436781609195,6.41666666666667,7.1834919047619,7.44515748031496,188,87,12,21,254,32061,23092,8969,1211,5859,26202,7.16505607872493,7.39662389312316,6.5688509309845,6.04759372419488,7.13122763952892,7.17262041828868,253
"255",2022,8,7.48018633540373,322,7.73843902439024,7.02769230769231,6.794,7.27972972972973,7.50621052631579,205,117,10,37,285,32383,23297,9086,1221,5896,26487,7.16818957292407,7.3996316667382,6.57475941008144,6.0537067977068,7.13215955563093,7.17620984633971,254
