"","year","month","avg_rating","no_ratings","avg_rating_owned","avg_rating_not_owned","avg_rating_prev_owned","avg_rating_comment","avg_rating_no_comment","no_ratings_owned","no_ratings_not_owned","no_ratings_prev_owned","no_ratings_comment","no_ratings_no_comment","cum_no_ratings","cum_no_ratings_owned","cum_no_ratings_not_owned","cum_no_ratings_prev_owned","cum_no_ratings_comment","cum_no_ratings_no_comment","cum_avg_rating","cum_avg_rating_owned","cum_avg_rating_not_owned","cum_avg_rating_prev_owned","cum_avg_rating_comment","cum_avg_rating_no_comment","month_after_release"
"1",2001,6,10,1,10,NA,NA,10,NA,1,0,0,1,0,1,1,0,0,1,0,10,10,NA,NA,10,NA,0
"2",2001,8,6,1,NA,6,6,NA,6,0,1,1,0,1,2,1,1,1,1,1,8,10,6,6,10,6,2
"3",2001,9,6.5,2,6.5,NA,NA,NA,6.5,2,0,0,0,2,4,3,1,1,1,3,7.25,7.66666666666667,6,6,10,6.33333333333333,3
"4",2002,2,5.5,2,5.5,NA,NA,4,7,2,0,0,1,1,6,5,1,1,2,4,6.66666666666667,6.8,6,6,7,6.5,8
"5",2002,3,8.25,4,8.25,NA,NA,NA,8.25,4,0,0,0,4,10,9,1,1,2,8,7.3,7.44444444444444,6,6,7,7.375,9
"6",2002,4,6.83333333333333,3,7,6.5,NA,7.25,6,2,1,0,2,1,13,11,2,1,4,9,7.19230769230769,7.36363636363636,6.25,6,7.125,7.22222222222222,10
"7",2002,6,6.5,2,6.5,NA,NA,NA,6.5,2,0,0,0,2,15,13,2,1,4,11,7.1,7.23076923076923,6.25,6,7.125,7.09090909090909,12
"8",2002,7,6.5,2,6.5,NA,NA,NA,6.5,2,0,0,0,2,17,15,2,1,4,13,7.02941176470588,7.13333333333333,6.25,6,7.125,7,13
"9",2002,10,6,4,9,5,NA,7,5,1,3,0,2,2,21,16,5,1,6,15,6.83333333333333,7.25,5.5,6,7.08333333333333,6.73333333333333,16
"10",2002,11,7,3,7.5,6,NA,6.5,8,2,1,0,2,1,24,18,6,1,8,16,6.85416666666667,7.27777777777778,5.58333333333333,6,6.9375,6.8125,17
"11",2002,12,8,2,8,NA,NA,NA,8,2,0,0,0,2,26,20,6,1,8,18,6.94230769230769,7.35,5.58333333333333,6,6.9375,6.94444444444444,18
"12",2003,1,7,2,7,NA,NA,7,7,2,0,0,1,1,28,22,6,1,9,19,6.94642857142857,7.31818181818182,5.58333333333333,6,6.94444444444444,6.94736842105263,19
"13",2003,2,7,2,NA,7,NA,6,8,0,2,0,1,1,30,22,8,1,10,20,6.95,7.31818181818182,5.9375,6,6.85,7,20
"14",2003,3,8.5,2,8.5,NA,NA,8.5,NA,2,0,0,2,0,32,24,8,1,12,20,7.046875,7.41666666666667,5.9375,6,7.125,7,21
"15",2003,4,7.66666666666667,3,8.5,6,NA,8,7.5,2,1,0,1,2,35,26,9,1,13,22,7.1,7.5,5.94444444444444,6,7.19230769230769,7.04545454545455,22
"16",2003,5,7.66666666666667,3,9,7,NA,9,7,1,2,0,1,2,38,27,11,1,14,24,7.14473684210526,7.55555555555556,6.13636363636364,6,7.32142857142857,7.04166666666667,23
"17",2003,6,7.25,2,7.25,NA,NA,7.25,NA,2,0,0,2,0,40,29,11,1,16,24,7.15,7.53448275862069,6.13636363636364,6,7.3125,7.04166666666667,24
"18",2003,7,7.58333333333333,12,8.375,6,NA,8.8,6.71428571428571,8,4,0,5,7,52,37,15,1,21,31,7.25,7.71621621621622,6.1,6,7.66666666666667,6.96774193548387,25
"19",2003,8,7.71428571428571,7,8,7,NA,7.66666666666667,7.75,5,2,0,3,4,59,42,17,1,24,35,7.30508474576271,7.75,6.20588235294118,6,7.66666666666667,7.05714285714286,26
"20",2003,9,7,5,6.5,9,9,NA,7,4,1,1,0,5,64,46,18,2,24,40,7.28125,7.64130434782609,6.36111111111111,7.5,7.66666666666667,7.05,27
"21",2003,10,6.5,2,6.5,NA,NA,NA,6.5,2,0,0,0,2,66,48,18,2,24,42,7.25757575757576,7.59375,6.36111111111111,7.5,7.66666666666667,7.02380952380952,28
"22",2003,11,7.5,2,7,8,8,8,7,1,1,1,1,1,68,49,19,3,25,43,7.26470588235294,7.58163265306122,6.44736842105263,7.66666666666667,7.68,7.02325581395349,29
"23",2003,12,7.66666666666667,3,8.5,6,NA,NA,7.66666666666667,2,1,0,0,3,71,51,20,3,25,46,7.28169014084507,7.61764705882353,6.425,7.66666666666667,7.68,7.06521739130435,30
"24",2004,1,6.75,3,6.75,NA,NA,9,5.625,3,0,0,1,2,74,54,20,3,26,48,7.26013513513514,7.56944444444444,6.425,7.66666666666667,7.73076923076923,7.00520833333333,31
"25",2004,2,6.83333333333333,3,7,6.75,NA,7,6.75,1,2,0,1,2,77,55,22,3,27,50,7.24350649350649,7.55909090909091,6.45454545454545,7.66666666666667,7.7037037037037,6.995,32
"26",2004,3,7.57142857142857,7,8,6.5,7,7,7.66666666666667,5,2,1,1,6,84,60,24,4,28,56,7.27083333333333,7.59583333333333,6.45833333333333,7.5,7.67857142857143,7.06696428571429,33
"27",2004,4,7,2,7,NA,NA,NA,7,2,0,0,0,2,86,62,24,4,28,58,7.26453488372093,7.57661290322581,6.45833333333333,7.5,7.67857142857143,7.06465517241379,34
"28",2004,5,6,1,NA,6,NA,NA,6,0,1,0,0,1,87,62,25,4,28,59,7.25,7.57661290322581,6.44,7.5,7.67857142857143,7.04661016949153,35
"29",2004,6,8.5,2,8.5,NA,NA,8.5,NA,2,0,0,2,0,89,64,25,4,30,59,7.27808988764045,7.60546875,6.44,7.5,7.73333333333333,7.04661016949153,36
"30",2004,7,7.6,2,7.6,NA,NA,7,8.2,2,0,0,1,1,91,66,25,4,31,60,7.28516483516484,7.60530303030303,6.44,7.5,7.70967741935484,7.06583333333333,37
"31",2004,8,8,1,8,NA,NA,NA,8,1,0,0,0,1,92,67,25,4,31,61,7.2929347826087,7.61119402985075,6.44,7.5,7.70967741935484,7.08114754098361,38
"32",2004,9,8.14285714285714,7,8.2,8,NA,NA,8.14285714285714,5,2,0,0,7,99,72,27,4,31,68,7.3530303030303,7.65208333333333,6.55555555555556,7.5,7.70967741935484,7.19044117647059,39
"33",2004,10,7.33333333333333,3,7.33333333333333,NA,NA,7,7.5,3,0,0,1,2,102,75,27,4,32,70,7.35245098039216,7.63933333333333,6.55555555555556,7.5,7.6875,7.19928571428571,40
"34",2004,11,8.375,4,8.16666666666667,9,NA,8.375,NA,3,1,0,4,0,106,78,28,4,36,70,7.39103773584906,7.65961538461539,6.64285714285714,7.5,7.76388888888889,7.19928571428571,41
"35",2004,12,6,3,NA,6,NA,7,4,0,3,0,2,1,109,78,31,4,38,71,7.35275229357798,7.65961538461539,6.58064516129032,7.5,7.72368421052632,7.15422535211268,42
"36",2005,1,7,3,7,NA,NA,7,7,3,0,0,1,2,112,81,31,4,39,73,7.34330357142857,7.63518518518519,6.58064516129032,7.5,7.70512820512821,7.15,43
"37",2005,2,7.625,8,7.8,7.33333333333333,NA,7.66666666666667,7.6,5,3,0,3,5,120,86,34,4,42,78,7.36208333333333,7.64476744186047,6.64705882352941,7.5,7.70238095238095,7.17884615384615,44
"38",2005,3,7.18181818181818,11,7.57142857142857,6.5,7,7.2,7.16666666666667,7,4,1,5,6,131,93,38,5,47,84,7.3469465648855,7.63924731182796,6.63157894736842,7.4,7.64893617021277,7.17797619047619,45
"39",2005,4,7.2875,24,7.54615384615385,6.98181818181818,8,7.23846153846154,7.34545454545455,13,11,2,13,11,155,106,49,7,60,95,7.33774193548387,7.62783018867925,6.71020408163265,7.57142857142857,7.56,7.19736842105263,46
"40",2005,5,7.36787878787879,33,7.6456,6.5,6.5,7.37142857142857,7.36526315789474,25,8,1,14,19,188,131,57,8,74,114,7.34303191489362,7.6312213740458,6.68070175438597,7.4375,7.52432432432432,7.22535087719298,47
"41",2005,6,7.41346153846154,26,7.55434782608696,6.33333333333333,6,7.35,7.453125,23,3,1,10,16,214,154,60,9,84,130,7.35158878504673,7.61974025974026,6.66333333333333,7.27777777777778,7.50357142857143,7.25338461538462,48
"42",2005,7,7.71666666666667,18,7.76,7.5,NA,8,7.15,15,3,0,12,6,232,169,63,9,96,136,7.37991379310345,7.63218934911243,6.7031746031746,7.27777777777778,7.565625,7.24882352941176,49
"43",2005,8,7.35531914893617,47,7.81111111111111,5.86363636363636,NA,7.4551724137931,7.19444444444444,36,11,0,29,18,279,205,74,9,125,154,7.375770609319,7.66360975609756,6.57837837837838,7.27777777777778,7.54,7.24246753246753,50
"44",2005,9,7.53658536585366,41,7.60294117647059,7.21428571428571,6,7.63461538461539,7.36666666666667,34,7,1,26,15,320,239,81,10,151,169,7.396375,7.65497907949791,6.63333333333333,7.15,7.55629139072848,7.25349112426036,51
"45",2005,10,7.37333333333333,30,7.87272727272727,6,6.5,7.28,7.46666666666667,22,8,2,15,15,350,261,89,12,166,184,7.3944,7.67333333333333,6.57640449438202,7.04166666666667,7.53132530120482,7.27086956521739,52
"46",2005,11,7.14516129032258,31,7.5,6.76666666666667,6.75,7.56666666666667,6.75,16,15,2,15,16,381,277,104,14,181,200,7.37412073490814,7.66332129963899,6.60384615384615,7,7.53425414364641,7.2292,53
"47",2005,12,7.18918918918919,37,7.55769230769231,6.31818181818182,8,7.16666666666667,7.21875,26,11,1,21,16,418,303,115,15,202,216,7.35775119617225,7.65425742574257,6.57652173913043,7.06666666666667,7.4960396039604,7.22842592592593,54
"48",2006,1,7.29619565217391,46,7.41287878787879,7,8,7.25648148148148,7.35263157894737,33,13,2,27,19,464,336,128,17,229,235,7.35164870689655,7.6305505952381,6.61953125,7.17647058823529,7.46779475982533,7.23846808510638,55
"49",2006,2,7.57692307692308,26,8.10526315789474,6.14285714285714,NA,7.58333333333333,7.57142857142857,19,7,0,12,14,490,355,135,17,241,249,7.36360204081633,7.65595774647887,6.59481481481481,7.17647058823529,7.47354771784232,7.25718875502008,56
"50",2006,3,7.56944444444444,36,7.80357142857143,6.75,8,7.96153846153846,7.34782608695652,28,8,1,13,23,526,383,143,18,254,272,7.37769011406844,7.66674934725849,6.6034965034965,7.22222222222222,7.49852362204724,7.26485294117647,57
"51",2006,4,7.60714285714286,28,7.8125,6.375,NA,7.84375,7.29166666666667,24,4,0,16,12,554,407,147,18,270,284,7.38928700361011,7.67534398034398,6.59727891156463,7.22222222222222,7.51898148148148,7.26598591549296,58
"52",2006,5,7.54594594594595,37,7.64,7.14285714285714,NA,7.56428571428571,7.53478260869565,30,7,0,14,23,591,437,154,18,284,307,7.39909475465313,7.6729176201373,6.62207792207792,7.22222222222222,7.52121478873239,7.28612377850163,59
"53",2006,6,7.14634146341463,41,7.34375,6.44444444444444,7,7.14583333333333,7.14705882352941,32,9,1,24,17,632,469,163,19,308,324,7.38269778481013,7.65045842217484,6.61226993865031,7.21052631578947,7.49196428571429,7.27882716049383,60
"54",2006,7,7.40340909090909,44,7.71969696969697,6.45454545454545,8,7.88888888888889,7.06730769230769,33,11,1,18,26,676,502,174,20,326,350,7.38404585798817,7.65500996015936,6.60229885057471,7.25,7.51388036809816,7.26311428571429,61
"55",2006,8,7.18571428571429,35,7.32258064516129,6.125,NA,7.27083333333333,7,31,4,0,24,11,711,533,178,20,350,361,7.37428270042194,7.63567542213884,6.59157303370787,7.25,7.49721428571429,7.25509695290859,62
"56",2006,9,7.80142857142857,35,7.93035714285714,7.28571428571429,8,7.84375,7.76578947368421,28,7,1,16,19,746,561,185,21,366,380,7.39432305630027,7.65038324420677,6.61783783783784,7.28571428571429,7.51236338797814,7.28063157894737,63
"57",2006,10,7.27777777777778,45,7.5625,6.57692307692308,6.5,7.74,6.7,32,13,2,25,20,791,593,198,23,391,400,7.38769279393173,7.64564080944351,6.61515151515152,7.21739130434783,7.52691815856778,7.2516,64
"58",2006,11,7.27450980392157,51,7.52564102564103,6.45833333333333,5.5,7.14,7.40384615384615,39,12,2,25,26,842,632,210,25,416,426,7.38083729216152,7.63823575949367,6.60619047619048,7.08,7.50366586538462,7.26089201877934,65
"59",2006,12,7.37027027027027,74,7.465,6.96428571428571,NA,7.20666666666667,7.48181818181818,60,14,0,30,44,916,692,224,25,446,470,7.37998362445415,7.62321531791907,6.62857142857143,7.08,7.48368834080717,7.28157446808511,66
"60",2007,1,7.19933333333333,75,7.39814814814815,6.68809523809524,6.65625,7.3359375,7.09767441860465,54,21,8,32,43,991,746,245,33,478,513,7.36631180625631,7.6069235924933,6.63367346938776,6.97727272727273,7.47379707112971,7.26615984405458,67
"61",2007,2,7.25842676923077,65,7.45222222222222,6.822387,7.15,7.30555555555556,7.22494052631579,45,20,5,27,38,1056,791,265,38,505,551,7.35967115530303,7.59812262958281,6.647916,7,7.46480198019802,7.26331713248639,68
"62",2007,3,7.1048275862069,58,7.39684210526316,6.55,6.5,7.17391304347826,7.05942857142857,38,20,4,23,35,1114,829,285,42,528,586,7.34640281867145,7.58889626055489,6.64104470175439,6.95238095238095,7.45213068181818,7.25113948805461,69
"63",2007,4,6.975,50,7.09285714285714,6.7,6,6.93055555555556,7,35,15,1,18,32,1164,864,300,43,546,618,7.33044908934708,7.56880208333333,6.64399246666667,6.93023255813953,7.4349358974359,7.23813550161812,70
"64",2007,5,7.27604166666667,48,7.46212121212121,6.86666666666667,8,7.32142857142857,7.24074074074074,33,15,1,21,27,1212,897,315,44,567,645,7.32829433993399,7.5648773690078,6.654596,6.95454545454545,7.43073192239859,7.23824455813953,71
"65",2007,6,7.36805555555556,36,7.49782608695652,7.13846153846154,NA,7.66666666666667,7.21875,23,13,0,12,24,1248,920,328,44,579,669,7.32944129807692,7.56320108695652,6.67377359756098,6.95454545454545,7.43562176165803,7.23754520179372,72
"66",2007,7,7.33085106382979,47,7.55535714285714,7,7,7.55,7.16851851851852,28,19,2,20,27,1295,948,347,46,599,696,7.32949246332046,7.5629694092827,6.69163613832853,6.95652173913043,7.4394407345576,7.23486744252874,73
"67",2007,8,7.19375,48,7.20967741935484,7.16470588235294,8,7.14285714285714,7.21470588235294,31,17,2,14,34,1343,979,364,48,613,730,7.324640908414,7.55178243105209,6.71373005494506,7,7.43266721044046,7.2339284109589,74
"68",2007,9,7.25909090909091,44,7.37894736842105,6.5,NA,7.25652173913043,7.26190476190476,38,6,0,23,21,1387,1017,370,48,636,751,7.32256145638068,7.54532448377581,6.71026416216216,7,7.42629716981132,7.2347107057257,75
"69",2007,10,7.13076923076923,65,7.34444444444444,6.65,6.875,7.44827586206897,6.875,45,20,4,29,36,1452,1062,390,52,665,787,7.31397571625344,7.53681261770245,6.70717369230769,6.99038461538461,7.42725563909774,7.21825634053367,76
"70",2007,11,7.22727272727273,66,7.36,6.94285714285714,7.1,7.58064516129032,6.91428571428571,45,21,5,31,35,1518,1107,411,57,696,822,7.31020602108037,7.5296251129178,6.71921591240876,7,7.43408764367816,7.20531355231144,77
"71",2007,12,7.32233009708738,103,7.41566265060241,6.935,7,7.44901960784314,7.19807692307692,83,20,1,51,52,1621,1190,431,58,747,874,7.31097639728562,7.52167647058824,6.72922909512761,7,7.43510709504685,7.20488299771167,78
"72",2008,1,7.24056603773585,106,7.49350649350649,6.56896551724138,6.41666666666667,7.48478260869565,7.05333333333333,77,29,6,46,60,1727,1267,460,64,793,934,7.30665474232774,7.51996448303078,6.71912552173913,6.9453125,7.43798865069357,7.1951474732334,79
"73",2008,2,7.26697368421053,76,7.5258,6.76923076923077,7.75,7.40789473684211,7.12605263157895,50,26,6,38,38,1803,1317,486,70,831,972,7.30498210759845,7.52018602885346,6.72180604938272,7.01428571428571,7.43661251504212,7.1924462345679,80
"74",2008,3,7.30759493670886,79,7.636,6.74137931034483,7.2,7.13837209302326,7.50972222222222,50,29,5,43,36,1882,1367,515,75,874,1008,7.30509178533475,7.52442209217264,6.72290823300971,7.02666666666667,7.42193935926773,7.20377751984127,81
"75",2008,4,7.11,55,7.31756756756757,6.68333333333333,7,7.35,7.02,37,18,2,15,40,1937,1404,533,77,889,1048,7.29955226639132,7.5189707977208,6.72157174484053,7.02597402597403,7.42072553430821,7.19676311068702,82
"76",2008,5,7.17049180327869,61,7.55333333333333,6.09375,6.25,7.30892857142857,7.0530303030303,45,16,2,28,33,1998,1449,549,79,917,1081,7.29561198198198,7.52003795721187,6.703274571949,7.00632911392405,7.4173118865867,7.19237533765032,83
"77",2008,6,7.43529852941176,68,7.52545454545455,7.05386923076923,7.5,7.80000857142857,7.04848484848485,55,13,1,35,33,2066,1504,562,80,952,1114,7.30020960309777,7.52023603723404,6.71138441281139,7.0125,7.43138161764706,7.18811287253142,84
"78",2008,7,7.28333333333333,72,7.48620689655172,6.44285714285714,5.92857142857143,7.421875,7.1725,58,14,7,32,40,2138,1562,576,87,984,1154,7.29964127221702,7.51897247119078,6.70485770833333,6.92528735632184,7.43107245934959,7.18757169844021,85
"79",2008,8,7.26013513513514,74,7.54607843137255,6.62608695652174,6.33333333333333,7.31081081081081,7.20945945945946,51,23,3,37,37,2212,1613,599,90,1021,1191,7.29831963833634,7.51982951022939,6.70183312186978,6.90555555555556,7.42671429970617,7.18825167086482,86
"80",2008,9,7.05980392156863,51,7.51071428571429,6.51086956521739,7,7.16176470588235,7.00882352941176,28,23,3,17,34,2263,1641,622,93,1038,1225,7.29294433937251,7.51967397928093,6.69477176848875,6.90860215053763,7.42237504816956,7.1832716244898,87
"81",2008,10,7.23968253968254,63,7.4,6.86842105263158,7.2,7.22916666666667,7.24615384615385,44,19,5,24,39,2326,1685,641,98,1062,1264,7.29150173688736,7.51654896142433,6.69991893915757,6.9234693877551,7.41800875706215,7.18521181962025,88
"82",2008,11,7,73,7.39333333333333,6.36785714285714,6,7.42777777777778,6.86,45,28,3,18,55,2399,1730,669,101,1080,1319,7.28263152980408,7.51334393063584,6.68602098654709,6.8960396039604,7.41817157407407,7.17165105382866,89
"83",2008,12,7.09342105263158,76,7.28490566037736,6.65217391304348,6.5,6.86923076923077,7.21,53,23,7,26,50,2475,1783,692,108,1106,1369,7.27682143030303,7.50655356141335,6.6848960115607,6.87037037037037,7.40526699819168,7.17305167275383,90
"84",2009,1,6.98955223880597,67,7.33414634146341,6.44615384615385,6.5,7.04444444444444,6.9525,41,26,8,27,40,2542,1824,718,116,1133,1409,7.26924981904012,7.50267817982456,6.67625075208914,6.8448275862069,7.39666840247131,7.16679044712562,91
"85",2009,2,6.99873949579832,119,7.24934210526316,6.55581395348837,6.25,6.96,7.01179775280899,76,43,10,30,89,2661,1900,761,126,1163,1498,7.25715258925216,7.49254473684211,6.66944551905388,6.79761904761905,7.38540438521066,7.15758193591455,92
"86",2009,3,7.03883495145631,103,7.05671641791045,7.00555555555556,7.13333333333333,7.22413793103448,6.96621621621622,67,36,9,29,74,2764,1967,797,135,1192,1572,7.24901701881331,7.47769954245043,6.68462740276035,6.82,7.38148095637584,7.1485736259542,93
"87",2009,4,7.07526403846154,104,7.33225806451613,6.6958919047619,6.78571428571429,7.34931696969697,6.94788732394366,62,42,7,33,71,2868,2029,839,142,1225,1643,7.24271635285913,7.47325529817644,6.68519129916568,6.81830985915493,7.38061449795918,7.13990124163116,94
"88",2009,5,7.0890243902439,82,7.43265306122449,6.57878787878788,6.28571428571429,7.47222222222222,6.90090909090909,49,33,7,27,55,2950,2078,872,149,1252,1698,7.23844423728813,7.4722978825794,6.68116456422019,6.79328859060403,7.38259006389776,7.13216003533569,95
"89",2009,6,7.08924050632911,79,7.37264150943396,6.51153846153846,6.16666666666667,7.41206896551724,6.902,53,26,3,29,50,3029,2131,898,152,1281,1748,7.23455282271376,7.46981933364618,6.67625334075724,6.78092105263158,7.38325742388759,7.12557651029748,96
"90",2009,7,7.09343434343434,99,7.28306451612903,6.77567567567568,6.57,7.09,7.0953125,62,37,10,35,64,3128,2193,935,162,1316,1812,7.23008647698209,7.46453944368445,6.68018770053476,6.7679012345679,7.37545802431611,7.12450758278146,97
"91",2009,8,7.07109375,64,7.39393939393939,6.72741935483871,6.28333333333333,6.80384615384615,7.25394736842105,33,31,12,26,38,3192,2226,966,174,1342,1850,7.2268986528822,7.46349281221923,6.68170341614907,6.73448275862069,7.36438357675112,7.12716634594595,98
"92",2009,9,7.10163043478261,92,7.24830508474576,6.83939393939394,6.78571428571429,7.325,7.02279411764706,59,33,7,24,68,3284,2285,999,181,1366,1918,7.22338931181486,7.45793654266958,6.68691241241241,6.73646408839779,7.36369162518301,7.12346597497393,99
"93",2009,10,7.25824742268041,97,7.58095238095238,6.66029411764706,6.83333333333333,7.40540540540541,7.1675,63,34,6,37,60,3381,2348,1033,187,1403,1978,7.22438938183969,7.46123722316865,6.68603630203291,6.73957219251337,7.36479170349251,7.12480168857432,100
"94",2009,11,7.20420168067227,119,7.39878048780488,6.77297297297297,6.675,7.4,7.11585365853659,82,37,8,37,82,3500,2430,1070,195,1440,2060,7.223703,7.45912962962963,6.68904252336449,6.73692307692308,7.36569636111111,7.12444550485437,101
"95",2009,12,7.13287037037037,108,7.56209677419355,6.55434782608696,7.0625,7.36857142857143,7.01986301369863,62,46,8,35,73,3608,2492,1116,203,1475,2133,7.2209840631929,7.46169141252006,6.68349059139785,6.74975369458128,7.36576458305084,7.12086626347867,102
"96",2010,1,7.21896551724138,116,7.42,6.91304347826087,6.72222222222222,7.07758620689655,7.26609195402299,70,46,9,29,87,3724,2562,1162,212,1504,2220,7.22092118689581,7.46055230288837,6.69257788296041,6.74858490566038,7.36020795212766,7.12655754054054,103
"97",2010,2,7.00679012345679,81,7.41463414634146,6.58875,6.85714285714286,7.28260869565217,6.89741379310345,41,40,7,23,58,3805,2603,1202,219,1527,2278,7.21636281208935,7.45982904341145,6.68912271214642,6.75205479452055,7.35903913555992,7.12072332748024,104
"98",2010,3,7.0695652173913,69,7.3825,6.63793103448276,7,7.34615384615385,7.00535714285714,40,29,6,13,56,3874,2643,1231,225,1540,2334,7.21374819308208,7.45865872115021,6.68791673436231,6.75866666666667,7.35893036363636,7.11795532990574,105
"99",2010,4,7.14647887323944,71,7.46521739130435,6.56,6,7.18260869565217,7.12916666666667,46,25,1,23,48,3945,2689,1256,226,1563,2382,7.21253751584284,7.45877091855708,6.68537062101911,6.75530973451328,7.35633573896353,7.11818125104954,106
"100",2010,5,7.28101265822785,79,7.72156862745098,6.47857142857143,6.63333333333333,7.58148148148148,7.125,51,28,6,27,52,4024,2740,1284,232,1590,2434,7.21388183399602,7.46366240875912,6.68086098130841,6.75215517241379,7.36015896855346,7.11832692686935,107
"101",2010,6,6.99833333333333,60,7.44722222222222,6.325,7,7.35,6.928,36,24,1,10,50,4084,2776,1308,233,1600,2484,7.21071510773751,7.4634492074928,6.67433142201835,6.75321888412017,7.360095475,7.11449586956522,108
"102",2010,7,6.79384615384615,65,7.21621621621622,6.23571428571429,6.92857142857143,6.83333333333333,6.77872340425532,37,28,7,18,47,4149,2813,1336,240,1618,2531,7.20418426126777,7.46019729825809,6.66513884730539,6.75833333333333,7.35423532756489,7.10826066376926,109
"103",2010,8,7.04140625,64,7.51463414634146,6.19782608695652,6.66666666666667,7.07,7.02307692307692,41,23,3,25,39,4213,2854,1359,243,1643,2570,7.20171148825065,7.46097932725999,6.65722994849154,6.75720164609054,7.34991038344492,7.1069679922179,110
"104",2010,9,7.03333333333333,60,7.3,6.5,6.75,7.33636363636364,6.85789473684211,40,20,4,22,38,4273,2894,1379,247,1665,2608,7.19934717996723,7.45875431928127,6.65494960116026,6.75708502024292,7.34973138738739,7.10333885736196,111
"105",2010,10,7.07307692307692,65,7.38690476190476,6.5,6.9,7.35714285714286,6.9375,42,23,5,21,44,4338,2936,1402,252,1686,2652,7.19745516366989,7.4577264986376,6.65240763195435,6.75992063492064,7.34982370106761,7.10058738310709,112
"106",2010,11,7.06333333333333,90,7.36923076923077,6.64473684210526,6.50714285714286,7.125,7.04090909090909,52,38,14,24,66,4428,2988,1440,266,1710,2718,7.19472911020777,7.45618641231593,6.65220520833333,6.74661654135338,7.34666828070175,7.09913824135394,113
"107",2010,12,7.37528735632184,87,7.7078431372549,6.90416666666667,6.36363636363636,7.85416666666667,7.19285714285714,51,36,11,24,63,4515,3039,1476,277,1734,2781,7.19820830564784,7.46040967423494,6.6583506097561,6.73140794223827,7.35369247981545,7.10126132326501,114
"108",2011,1,6.93809523809524,63,7.24545454545455,6.6,7.5,7.16153846153846,6.88,33,30,2,13,50,4578,3072,1506,279,1747,2831,7.19462876802097,7.4581005859375,6.65718824701195,6.73691756272401,7.3522625987407,7.09735349346521,115
"109",2011,2,7.2720202020202,99,7.50377049180328,6.9,7,7.18896551724138,7.30642857142857,61,38,6,29,70,4677,3133,1544,285,1776,2901,7.19626694462262,7.45898978614746,6.66316418393782,6.74245614035088,7.34959614864865,7.10239839365736,116
"110",2011,3,7.18026315789474,76,7.30462962962963,6.875,6.60714285714286,7.21296296296296,7.16224489795918,54,22,7,27,49,4753,3187,1566,292,1803,2950,7.19601104565537,7.45637433322874,6.6661401660281,6.73921232876712,7.34755006100943,7.10339245423729,117
"111",2011,4,7.19206349206349,63,7.5125,6.63478260869565,6.4,7.5,7.03809523809524,40,23,5,21,42,4816,3227,1589,297,1824,2992,7.19595940614618,7.45707003408739,6.66568628067967,6.73350168350168,7.34930524122807,7.10247584893048,118
"112",2011,5,7.12975308641975,81,7.42156862745098,6.63366666666667,6,7.25,7.08491525423729,51,30,5,22,59,4897,3278,1619,302,1846,3051,7.19486430467633,7.45651769371568,6.66509295861643,6.72135761589404,7.34812175514626,7.10213626352016,119
"113",2011,6,7.2078125,64,7.38673469387755,6.62333333333333,4,7.18421052631579,7.21777777777778,49,15,1,19,45,4961,3327,1634,303,1865,3096,7.195031344487,7.45548993086865,6.66470960832313,6.71237623762376,7.34645188203753,7.1038170994832,120
"114",2011,7,7.27571428571429,70,7.65476190476191,6.70714285714286,7.05555555555556,7.52272727272727,7.1625,42,28,9,22,48,5031,3369,1662,312,1887,3144,7.19615394553766,7.45797417631345,6.66542448856799,6.72227564102564,7.34850702702703,7.1047130216285,121
"115",2011,8,7.16119402985075,67,7.53555555555556,6.39545454545455,7.25,7.7,6.84047619047619,45,22,6,25,42,5098,3414,1684,318,1912,3186,7.19569448803452,7.45899677797305,6.66189756532067,6.73223270440252,7.35310290794979,7.10122967357188,122
"116",2011,9,7.05925925925926,81,7.38653846153846,6.47241379310345,6.5,7.02083333333333,7.07543859649123,52,29,4,24,57,5179,3466,1713,322,1936,3243,7.19356062946515,7.45790969417195,6.65868972562756,6.72934782608696,7.34898386363636,7.10077636139377,123
"117",2011,10,7.07337662337662,77,7.27307692307692,6.658,6.6,7.01428571428571,7.09553571428571,52,25,3,21,56,5256,3518,1738,325,1957,3299,7.19179994292237,7.45517765776009,6.65867980437284,6.72815384615385,7.3453923147675,7.1006874022431,124
"118",2011,11,7.20977011494253,87,7.49181818181818,6.725,7,7.42857142857143,7.14015151515152,55,32,5,21,66,5343,3573,1770,330,1978,3365,7.19209255100131,7.45574167366359,6.65987881355932,6.73227272727273,7.34627540950455,7.10146143833581,125
"119",2011,12,7.28387096774194,93,7.41641791044776,6.94230769230769,6.6,7.7037037037037,7.11212121212121,67,26,5,27,66,5436,3640,1796,335,2005,3431,7.19366271155261,7.45501785714286,6.66396742761693,6.73029850746269,7.35108865835411,7.1016664937336,126
"120",2012,1,6.94583333333333,108,7.37253521126761,6.12702702702703,5.35714285714286,7.02307692307692,6.90217391304348,71,37,7,39,69,5544,3711,1833,342,2044,3500,7.18883486652237,7.45343977364592,6.65312902345881,6.70219298245614,7.34483011741683,7.09773364,127
"121",2012,2,6.97534246575342,73,7.19767441860465,6.65666666666667,6.875,7.53571428571429,6.84237288135593,43,30,4,14,59,5617,3754,1863,346,2058,3559,7.18606026348585,7.45051012253596,6.65318599033817,6.70419075144509,7.34612864917395,7.09350034841247,128
"122",2012,3,7.00897435897436,78,7.48260869565217,6.328125,6.9,6.99333333333333,7.01269841269841,46,32,10,15,63,5695,3800,1895,356,2073,3622,7.18363485513608,7.45089868421053,6.64769683377309,6.70969101123596,7.34357586107091,7.0920949033683,129
"123",2012,4,7.15357142857143,84,7.64444444444444,6.27,5.66666666666667,7.56296296296296,6.95964912280702,54,30,3,27,57,5779,3854,1925,359,2100,3679,7.18319787160408,7.4536105345096,6.64181064935065,6.70097493036212,7.34639655238095,7.09004287578146,130
"124",2012,5,7.14264705882353,68,7.46170212765957,6.42857142857143,7,7.16666666666667,7.13191489361702,47,21,5,21,47,5847,3901,1946,364,2121,3726,7.18272626988199,7.4537080235837,6.63950950668037,6.70508241758242,7.344617048562,7.09057105206656,131
"125",2012,6,7.31294117647059,68,7.61804347826087,6.675,6.89285714285714,7.56277777777778,7.223,46,22,7,18,50,5915,3947,1968,371,2139,3776,7.18422324598478,7.45562325817076,6.63990625,6.70862533692723,7.3464529032258,7.09232461334746,132
"126",2012,7,7.073125,80,7.28454545454545,6.608,6.5,7.53571428571429,6.90847457627119,55,25,6,21,59,5995,4002,1993,377,2160,3835,7.18274070058382,7.45327211394303,6.63950602107376,6.7053050397878,7.34829294444444,7.08949615123859,133
"127",2012,8,7.47464788732394,71,7.65777777777778,7.15769230769231,7.33333333333333,7.64642857142857,7.36279069767442,45,26,3,28,43,6066,4047,2019,380,2188,3878,7.18615735245631,7.45554608351866,6.64617904903418,6.71026315789474,7.3521082084095,7.09252649303765,134
"128",2012,9,7.33220338983051,59,7.64736842105263,6.76190476190476,7.16666666666667,7.4,7.31111111111111,38,21,3,14,45,6125,4085,2040,383,2202,3923,7.1875641632653,7.45733047735618,6.64737034313726,6.71383812010444,7.35241269754768,7.09503383634973,135
"129",2012,10,7.11781609195402,87,7.48303571428571,6.45806451612903,6.66666666666667,7.39285714285714,7.03030303030303,56,31,3,21,66,6212,4141,2071,386,2223,3989,7.18658733097231,7.457678097078,6.64453669724771,6.71347150259068,7.35279476383266,7.09396283279017,136
"130",2012,11,7.27882352941177,85,7.63245614035088,6.55892857142857,5.9,7.5375,7.17704918032787,57,28,5,24,61,6297,4198,2099,391,2247,4050,7.18783238049865,7.46005121486422,6.64339471176751,6.70306905370844,7.35476758344459,7.09521425679012,137
"131",2012,12,7.27422680412371,97,7.52753623188406,6.65,6.14285714285714,7.2452380952381,7.28223684210526,69,28,7,21,76,6394,4267,2127,398,2268,4126,7.18914302471066,7.46114248886806,6.64348166431594,6.69321608040201,7.35375342151675,7.09865917111003,138
"132",2013,1,7.36306306306306,111,7.64805194805195,6.71764705882353,6.68181818181818,7.78,7.24186046511628,77,34,11,25,86,6505,4344,2161,409,2293,4212,7.19211076095311,7.46445557090239,6.64464854234151,6.69290953545232,7.35840068033144,7.10158303418803,139
"133",2013,2,7.07802197802198,91,7.39591836734694,6.70714285714286,6.8,7.15238095238095,7.05571428571429,49,42,10,21,70,6596,4393,2203,419,2314,4282,7.19053676470588,7.46369109947644,6.64583999092148,6.69546539379475,7.35653101123595,7.1008331947688,140
"134",2013,3,7.06346153846154,104,7.28257575757576,6.68289473684211,6.53571428571429,7.03125,7.073125,66,38,7,24,80,6700,4459,2241,426,2338,4362,7.18856425373134,7.4610103162144,6.64646831771531,6.69284037558686,7.35319194183062,7.10032502063274,141
"135",2013,4,7.26825396825397,63,7.5125,6.84347826086957,7.41666666666667,7.65,7.19622641509434,40,23,6,10,53,6763,4499,2264,432,2348,4415,7.18930659470649,7.46146810402312,6.64846974381626,6.70289351851852,7.35445603066439,7.10147627180068,142
"136",2013,5,7.24868421052632,76,7.46363636363636,6.68571428571429,6.375,7.34375,7.22333333333333,55,21,4,16,60,6839,4554,2285,436,2364,4475,7.18996644246235,7.46149429073342,6.64881203501094,6.69988532110092,7.35438357021996,7.10311010949721,143
"137",2013,6,7.14275362318841,69,7.34230769230769,6.88333333333333,6.98333333333333,7.875,7.04672131147541,39,30,6,8,61,6908,4593,2315,442,2372,4536,7.18949486103069,7.46048225560636,6.65185118790497,6.70373303167421,7.35613944350759,7.10235179453263,144
"138",2013,7,7.09081632653061,98,7.46826923076923,6.66413043478261,7.06818181818182,6.97368421052632,7.11898734177215,52,46,11,19,79,7006,4645,2361,453,2391,4615,7.18811454467599,7.46056942949408,6.65209042778484,6.71258278145696,7.35310027603513,7.10263656338028,145
"139",2013,8,6.88756756756757,74,7.17454545454545,6.46666666666667,6.8,6.93307692307692,6.87786885245902,44,30,5,13,61,7080,4689,2391,458,2404,4676,7.18497323446327,7.45788547664747,6.64976390631535,6.71353711790393,7.35082893510815,7.09970439264329,146
"140",2013,9,7.28571428571429,70,7.58510638297872,6.67391304347826,6.5,7.23076923076923,7.29824561403509,47,23,6,13,57,7150,4736,2414,464,2417,4733,7.18595951048951,7.4591480152027,6.649993993372,6.71077586206897,7.35018318576748,7.10209544474963,147
"141",2013,10,7.25581395348837,86,7.656,6.7,7.22857142857143,7.6695652173913,7.1047619047619,50,36,7,23,63,7236,4786,2450,471,2440,4796,7.18678973189607,7.46120455495194,6.65072877551021,6.71847133757962,7.35319375409836,7.10213047122602,148
"142",2013,11,7.2462962962963,108,7.55757575757576,6.75714285714286,6.59090909090909,7.15384615384615,7.27560975609756,66,42,11,26,82,7344,4852,2492,482,2466,4878,7.18766482843137,7.46251545754328,6.65252227126806,6.7155601659751,7.35109195458232,7.10504668716687,149
"143",2013,12,7.38,115,7.75853658536585,6.43939393939394,6.57142857142857,7.75555555555556,7.26477272727273,82,33,7,27,88,7459,4934,2525,489,2493,4966,7.19063017830808,7.46743514389947,6.64973683168317,6.71349693251534,7.35547242679503,7.10787711236408,150
"144",2014,1,7.43423611111111,144,7.66219047619048,6.82051282051282,6.57777777777778,7.63075,7.35865384615385,105,39,9,40,104,7603,5039,2564,498,2533,5070,7.19524404840194,7.47149335185553,6.65233443837754,6.71104417670683,7.35981948677458,7.1130212504931,151
"145",2014,2,7.21540740740741,135,7.51647058823529,6.7036,6.92857142857143,7.15869565217391,7.22705357142857,85,50,7,23,112,7738,5124,2614,505,2556,5182,7.19559582579478,7.47223946135831,6.65331503443,6.71405940594059,7.35800968701096,7.11548586260131,152
"146",2014,3,7.33761467889908,109,7.63461538461539,6.59032258064516,6.38888888888889,7.51538461538462,7.31354166666667,78,31,9,13,96,7847,5202,2645,514,2569,5278,7.19756856123359,7.47467416378316,6.65257674858223,6.70836575875486,7.35880605683145,7.11908824175824,153
"147",2014,4,7.32255208333333,96,7.64107142857143,6.876625,7.4125,7.6304347826087,7.22554794520548,56,40,8,23,73,7943,5258,2685,522,2592,5351,7.19907912627471,7.47644636744009,6.65591452513967,6.71915708812261,7.36121634259259,7.12054059801906,154
"148",2014,5,7.25304347826087,115,7.49230769230769,6.74864864864865,6.30555555555556,7.485,7.17117647058824,78,37,9,30,85,8058,5336,2722,531,2622,5436,7.19984928021841,7.47667822338831,6.65717505510654,6.71214689265537,7.36263263157895,7.12133236571008,155
"149",2014,6,7.31292134831461,89,7.44583333333333,7.03793103448276,6.8,7.59772727272727,7.21940298507463,60,29,5,22,67,8147,5396,2751,536,2644,5503,7.20108450963545,7.4763352483321,6.66118884042167,6.71296641791045,7.36458878971256,7.12252639287661,156
"150",2014,7,7.20350427350427,117,7.60835443037975,6.36184210526316,7.07769230769231,7.224,7.1979347826087,79,38,13,25,92,8264,5475,2789,549,2669,5595,7.20111876815101,7.4782401826484,6.65711025457153,6.7216029143898,7.36327192206819,7.12376635210009,157
"151",2014,8,7.31150793650794,126,7.55452380952381,6.82547619047619,7.0125,7.67666666666667,7.19739583333333,84,42,8,30,96,8390,5559,2831,557,2699,5691,7.20277657926102,7.47939287641662,6.65960808901448,6.72578096947935,7.36675537606521,7.12500838868389,158
"152",2014,9,7.12,95,7.55408163265306,6.65760869565217,6.31111111111111,7.03076923076923,7.13414634146341,49,46,9,13,82,8485,5608,2877,566,2712,5773,7.20184979375368,7.48004547075606,6.65957612095933,6.71918727915194,7.36514482300885,7.12513818465269,159
"153",2014,10,7.3114406779661,118,7.554375,6.8,6.77777777777778,7.35,7.30159574468085,80,38,9,24,94,8603,5688,2915,575,2736,5867,7.20335295827037,7.4810908931083,6.66140668953688,6.72010434782609,7.36501197368421,7.12796535537753,160
"154",2014,11,7.25629032258064,124,7.56050632911392,6.72222222222222,6.95,7.49708333333333,7.1985,79,45,12,24,100,8727,5767,2960,587,2760,5967,7.20410513349375,7.48217877579331,6.66233125,6.72480408858603,7.36616042028986,7.12914743422155,161
"155",2014,12,7.4262,150,7.6983,6.882,6.85333333333333,7.86655172413793,7.32066115702479,100,50,15,29,121,8877,5867,3010,602,2789,6088,7.20785800383012,7.4858624509971,6.66598023255814,6.72800664451827,7.37136348512012,7.13295380091984,162
"156",2015,1,7.29367469879518,166,7.58660714285714,6.68611111111111,6.82222222222222,7.57428571428571,7.21870229007634,112,54,18,35,131,9043,5979,3064,620,2824,6219,7.20943331858896,7.48774962368289,6.66633501958225,6.73074193548387,7.37387845609065,7.13476004823927,163
"157",2015,2,7.29845528455285,123,7.4461797752809,6.91176470588235,7.08333333333333,7.52772727272727,7.24851485148515,89,34,6,22,101,9166,6068,3098,626,2846,6320,7.21062791839406,7.48713991430455,6.6690285668173,6.7341214057508,7.37506773014758,7.13657796518987,164
"158",2015,3,7.11930656934307,137,7.4216265060241,6.65462962962963,6.65333333333333,7.24770833333333,7.09203539823009,83,54,15,24,113,9303,6151,3152,641,2870,6433,7.20928308072665,7.48625589335067,6.66878188451777,6.73223088923557,7.37400270383275,7.13579554484688,165
"159",2015,4,7.13212598425197,127,7.43734939759036,6.55636363636364,6.21428571428571,7.37758620689655,7.05948979591837,83,44,7,29,98,9430,6234,3196,648,2899,6531,7.20824395546129,7.48560474815528,6.66723419899875,6.72663580246914,7.37403855122456,7.13465054968611,166
"160",2015,5,6.99032258064516,93,7.26935483870968,6.43225806451613,6.57142857142857,7.30882352941176,6.91907894736842,62,31,7,17,76,9523,6296,3227,655,2916,6607,7.20611577234065,7.48347522236341,6.66497691354199,6.72497709923664,7.37365835390947,7.13217084001816,167
"161",2015,6,6.96225,96,7.37541935483871,6.20882352941176,6.025,6.58695238095238,7.06733333333333,62,34,12,21,75,9619,6358,3261,667,2937,6682,7.20368193159372,7.48242151620006,6.66022094449555,6.71238380809595,7.36803328566565,7.13144309188866,168
"162",2015,7,7.15216,125,7.45194805194805,6.67125,6.62,7.54518518518519,7.04387755102041,77,48,10,27,98,9744,6435,3309,677,2964,6780,7.20302098727422,7.48205687645688,6.6603809307948,6.71101920236337,7.36964701754386,7.13017739528024,169
"163",2015,8,7.02772727272727,110,7.25466666666667,6.54142857142857,5.87857142857143,6.97,7.03684210526316,75,35,7,15,95,9854,6510,3344,684,2979,6875,7.20106418713213,7.47943717357911,6.65913591507177,6.7025,7.36763469620678,7.12888767127273,170
"164",2015,9,7.22634782608696,115,7.56458333333333,6.66,6.98333333333333,7.40185185185185,7.1725,72,43,6,27,88,9969,6582,3387,690,3006,6963,7.20135585314475,7.48036858097843,6.6591468851491,6.70494202898551,7.36794203592815,7.12943885394227,171
"165",2015,10,7.26827272727273,110,7.60295774647887,6.65897435897436,6.9375,7.5405,7.20777777777778,71,39,8,20,90,10079,6653,3426,698,3026,7053,7.20208616926282,7.48167683751691,6.65914492119089,6.70760744985673,7.36908253800397,7.13043849992911,172
"166",2015,11,6.93547337278106,169,7.36889473684211,6.37905405405405,6.825,7.18695652173913,6.89585616438356,95,74,10,23,146,10248,6748,3500,708,3049,7199,7.19768945160031,7.4800890634262,6.653223,6.70926553672316,7.36770867825517,7.12568103069871,173
"167",2015,12,7.24170454545455,176,7.52008403361345,6.66052631578947,6.72307692307692,7.0684375,7.28020833333333,119,57,13,32,144,10424,6867,3557,721,3081,7343,7.19843260744436,7.48078214649774,6.6533400337363,6.7095145631068,7.36460037650114,7.12871139043987,174
"168",2016,1,7.22441860465116,215,7.44520547945205,6.75724637681159,6.65,7.62222222222222,7.14441340782123,146,69,10,36,179,10639,7013,3626,731,3117,7522,7.19895774978851,7.4800414943676,6.65531729178158,6.70870041039672,7.36757579724094,7.12908504918904,175
"169",2016,2,7.22781690140845,142,7.41571428571429,6.69459459459459,6.38888888888889,7.3,7.21239316239316,105,37,9,25,117,10781,7118,3663,740,3142,7639,7.19933786290697,7.47909258218601,6.65571403221403,6.70481081081081,7.36703811584978,7.13036100798534,176
"170",2016,3,7.25840277777778,144,7.56323232323232,6.58777777777778,6.65,7.37083333333333,7.23591666666667,99,45,8,24,120,10925,7217,3708,748,3166,7759,7.20011638443936,7.48024677843979,6.6548895631068,6.70422459893048,7.36706688566014,7.13199352236113,177
"171",2016,4,7.26833333333333,162,7.5673786407767,6.74627118644068,7.05214285714286,7.41178571428571,7.23835820895522,103,59,14,28,134,11087,7320,3767,762,3194,7893,7.20111315053667,7.48147281420765,6.6563208123175,6.71061679790026,7.36745891045711,7.13379928290891,178
"172",2016,5,7.27165605095541,157,7.56559633027523,6.60416666666667,6.61111111111111,7.62083333333333,7.20864661654135,109,48,9,24,133,11244,7429,3815,771,3218,8026,7.20209814123088,7.48270709382151,6.65566461336828,6.70945525291829,7.36934858918583,7.13503958883628,179
"173",2016,6,7.26106666666667,150,7.54233009708738,6.64468085106383,6.3,7.80357142857143,7.13655737704918,103,47,10,28,122,11394,7532,3862,781,3246,8148,7.20287445146568,7.48352243759958,6.65553094251683,6.70421254801536,7.37309419593346,7.13506231467845,180
"174",2016,7,7.3092774566474,173,7.62860169491525,6.62418181818182,6.725,7.87173913043478,7.22303333333333,118,55,12,23,150,11567,7650,3917,793,3269,8298,7.20446585112821,7.48576026143791,6.65509075823334,6.70452711223203,7.37660255735699,7.13665253555074,181
"175",2016,8,7.22888888888889,180,7.55596330275229,6.72676056338028,6.35,7.52962962962963,7.17581699346405,109,71,10,27,153,11747,7759,3988,803,3296,8451,7.20484008683068,7.48674648794948,6.65636672517553,6.70011207970112,7.37785611650486,7.13736158324459,182
"176",2016,9,7.34435028248588,177,7.66495327102804,6.85428571428571,6.87777777777778,7.70384615384615,7.28245033112583,107,70,9,26,151,11924,7866,4058,812,3322,8602,7.20691097785978,7.48917060767862,6.65978080335141,6.70208128078818,7.38040751354606,7.13990847942339,183
"177",2016,10,7.34116126373626,182,7.64703595041322,6.7344262295082,6.5,7.4,7.32614724137931,121,61,13,37,145,12106,7987,4119,825,3359,8747,7.20892927886998,7.49156220733692,6.66088625880068,6.69889696969697,7.38062332837154,7.14299578026752,184
"178",2016,11,7.26570796460177,226,7.5187898089172,6.68985507246377,6.57692307692308,7.48536585365854,7.21702702702703,157,69,13,41,185,12332,8144,4188,838,3400,8932,7.20996982241323,7.4920871009332,6.66136353868195,6.69700477326969,7.3818864,7.14452911889834,185
"179",2016,12,7.10131455399061,213,7.42978102189781,6.50921052631579,6.4375,7.01388888888889,7.11909604519774,137,76,16,36,177,12545,8281,4264,854,3436,9109,7.20812497807892,7.49105631566236,6.65865161819888,6.69214285714285,7.37803077997672,7.14403492040839,186
"180",2017,1,7.20558394160584,274,7.47355555555556,6.69244680851064,6.266,7.37651162790698,7.17376623376623,180,94,15,43,231,12819,8461,4358,869,3479,9340,7.20807066463843,7.49068400307292,6.65938056447912,6.68478711162255,7.37801200344927,7.14477024518201,187
"181",2017,2,7.17433628318584,226,7.46666666666667,6.59736842105263,6.97272727272727,7.52068965517241,7.12335025380711,150,76,11,29,197,13045,8611,4434,880,3508,9537,7.20748622844002,7.49026563116943,6.65831765899865,6.68838636363636,7.37919149372862,7.14432778546713,188
"182",2017,3,7.39324175824176,182,7.57311475409836,7.0275,7.375,7.49814814814815,7.37496774193548,122,60,8,27,155,13227,8733,4494,888,3535,9692,7.21004217509639,7.49142303332188,6.66324666221629,6.69457207207207,7.38010007355021,7.14801631139084,189
"183",2017,4,7.20329949238579,197,7.37814814814815,6.82258064516129,6.73333333333333,7.725,7.0703821656051,135,62,12,40,157,13424,8868,4556,900,3575,9849,7.20994322482122,7.48969861862878,6.66541494732221,6.69508888888889,7.3839590937063,7.14677876840288,190
"184",2017,5,7.33910526315789,190,7.51583333333333,7.03614285714286,7.40454545454545,7.70714285714286,7.27549382716049,120,70,11,28,162,13614,8988,4626,911,3603,10011,7.21174583884237,7.49004754672897,6.6710247514051,6.70365532381998,7.38647065223425,7.14886166117271,191
"185",2017,6,7.24136904761905,168,7.47614678899083,6.80762711864407,6.35714285714286,6.85925925925926,7.3145390070922,109,59,7,27,141,13782,9097,4685,918,3630,10152,7.21210694021187,7.48988098823788,6.67274503735326,6.70101307189542,7.38254924517906,7.15116273542159,192
"186",2017,7,7.30565476190476,168,7.49254385964912,6.91111111111111,6.78333333333333,7.68571428571429,7.2711038961039,114,54,6,14,154,13950,9211,4739,924,3644,10306,7.21323353763441,7.48991394528281,6.6754611732433,6.70154761904762,7.38371398463227,7.15295498641568,193
"187",2017,8,7.23892018779343,213,7.45564885496183,6.89268292682927,6.94,7.47058823529412,7.19491620111732,131,82,15,34,179,14163,9342,4821,939,3678,10485,7.21361984395961,7.48943345643331,6.67915588052271,6.70535676251331,7.38451706362153,7.15367134859323,194
"188",2017,9,7.19890173410405,173,7.4625,6.53183673469388,7.01428571428571,7.59871794871795,7.08253731343284,124,49,7,39,134,14336,9466,4870,946,3717,10619,7.2134422328404,7.48908064124234,6.67767361396304,6.70764270613108,7.38676453053538,7.15277371598079,195
"189",2017,10,7.17777777777778,207,7.28419117647059,6.97394366197183,6.77777777777778,7.319375,7.15188571428571,136,71,9,32,175,14543,9602,4941,955,3749,10794,7.21293459740081,7.48617864507394,6.68193088443635,6.70830366492146,7.38618931981862,7.15275931906615,196
"190",2017,11,7.06384976525822,213,7.50406504065041,6.46222222222222,6.42857142857143,7.42702702702703,6.9875,123,90,14,37,176,14756,9725,5031,969,3786,10970,7.21078258674438,7.4864048688946,6.6780004969191,6.70426212590299,7.38658842049657,7.15010793892434,197
"191",2017,12,7.25240099009901,202,7.51911538461538,6.77083333333333,6.58125,7.48108108108108,7.20112121212121,130,72,16,37,165,14958,9855,5103,985,3823,11135,7.21134462160717,7.48683636225266,6.67931030766216,6.70226395939086,7.38750294533089,7.15086386079928,198
"192",2018,1,7.24375,256,7.42005405405405,6.7843661971831,6.50555555555556,7.47,7.21926406926407,185,71,18,25,231,15214,10040,5174,1003,3848,11366,7.21188989417642,7.48560581175299,6.68075193274063,6.69873379860419,7.38803891891892,7.1522540110857,199
"193",2018,2,7.22577160493827,162,7.50247524752475,6.76762295081967,6.2,7.33913043478261,7.20701438848921,101,61,15,23,139,15376,10141,5235,1018,3871,11505,7.21203615049428,7.48577382408046,6.68176418338109,6.69138506876228,7.38774832343064,7.1529156097349,200
"194",2018,3,7.22125,180,7.51293269230769,6.8221052631579,6.66666666666667,7.38,7.19564516129032,104,76,12,25,155,15556,10245,5311,1030,3896,11660,7.21214276484958,7.48604952171791,6.68377245339861,6.69109708737864,7.3876986036961,7.15348362692967,201
"195",2018,4,7.06212903225806,155,7.49606382978723,6.39344262295082,6.875,7.12368421052632,7.05352941176471,94,61,8,19,136,15711,10339,5372,1038,3915,11796,7.21066277448921,7.48614056968759,6.68047570737156,6.69251445086705,7.38641730779055,7.15233122160054,202
"196",2018,5,7.1032298136646,161,7.53714285714286,6.53914285714286,6.83333333333333,7.31652173913043,7.06768115942029,91,70,6,23,138,15872,10430,5442,1044,3938,11934,7.20957301222278,7.48658555608821,6.67865775450202,6.69332375478927,7.38600908075165,7.15135236215854,203
"197",2018,6,7.28198630136986,146,7.72284210526316,6.46078431372549,6.5625,8.06294117647059,7.17906976744186,95,51,8,17,129,16018,10525,5493,1052,3955,12063,7.21023304095393,7.48871803800475,6.67663489896232,6.6923288973384,7.38891877623262,7.15164876813396,204
"198",2018,7,7.2020654601227,163,7.48016028846154,6.71186440677966,6.95,7.45757575757576,7.13720515384615,104,59,10,33,130,16181,10629,5552,1062,3988,12193,7.21015076447686,7.48863430426192,6.6770092759366,6.69475517890772,7.38948690070211,7.1514947724104,205
"199",2018,8,7.12049689440994,161,7.40192307692308,6.60701754385965,6.1,7.10769230769231,7.12296296296296,104,57,10,26,135,16342,10733,5609,1072,4014,12328,7.20926750214172,7.48779409484767,6.67629800320913,6.68920708955224,7.3876616243149,7.15118232965607,206
"200",2018,9,7.12865771812081,149,7.41467391304348,6.66701754385965,6.88857142857143,7.02352941176471,7.14219696969697,92,57,7,17,132,16491,10825,5666,1079,4031,12460,7.20853917409496,7.48717265773672,6.67620464172256,6.69050046339203,7.3861259637807,7.15108713964687,207
"201",2018,10,7.36264367816092,174,7.5728813559322,6.91964285714286,6.80909090909091,7.79545454545454,7.3,118,56,11,22,152,16665,10943,5722,1090,4053,12612,7.2101481860186,7.48809686740382,6.67858711988815,6.69169724770642,7.38834783123612,7.15288183951792,208
"202",2018,11,7.38050088082902,193,7.6,7.00333338028169,6.58333333333333,7.409375,7.37476192546584,122,71,12,32,161,16858,11065,5793,1102,4085,12773,7.21209848083996,7.48933068413918,6.68256726566546,6.69051724137931,7.38851254834761,7.15567857433649,209
"203",2018,12,7.14683908045977,174,7.37149122807018,6.72,6.88181818181818,7.55,7.06952054794521,114,60,11,28,146,17032,11179,5853,1113,4113,12919,7.21143178663692,7.48812899364881,6.68295099436187,6.69240790655885,7.38961190371991,7.15470488660113,210
"204",2019,1,7.13452789699571,233,7.408,6.68392045454545,6.35333333333333,7.16548780487805,7.12791666666667,145,88,15,41,192,17265,11324,5941,1128,4154,13111,7.21039392933681,7.48710296891558,6.68296535431745,6.68789893617021,7.38739979778527,7.15431259476775,211
"205",2019,2,7.18406593406593,182,7.31163793103448,6.95984848484848,7.11,7.21923076923077,7.17820512820513,116,66,10,26,156,17447,11440,6007,1138,4180,13267,7.21011928641027,7.48532377797203,6.68600751956051,6.69160808435852,7.38635377033493,7.15459353508706,212
"206",2019,3,7.32721105527638,199,7.59925196850394,6.84736111111111,5.98058823529412,7.05064516129032,7.37824404761905,127,72,17,31,168,17646,11567,6079,1155,4211,13435,7.21143977048623,7.48657465375638,6.6879186000987,6.68114285714286,7.3838823937307,7.15739020692222,213
"207",2019,4,7.25027586206897,145,7.51916666666667,6.7234693877551,6.54545454545455,7.695,7.17912,96,49,11,20,125,17791,11663,6128,1166,4231,13560,7.21175629194537,7.48684292377604,6.6882028671671,6.6798627787307,7.38535305128811,7.15759051843658,214
"208",2019,5,7.1907299270073,137,7.54797619047619,6.62452830188679,6.47777777777778,7.5725,7.12547008547009,84,53,9,20,117,17928,11747,6181,1175,4251,13677,7.21159561523873,7.48728007321018,6.68765687914577,6.67831489361702,7.38623353563867,7.1573157439497,215
"209",2019,6,7.31798611111111,144,7.5552427184466,6.72195121951219,6.35,7.62692307692308,7.24991525423729,103,41,4,26,118,18072,11850,6222,1179,4277,13795,7.21244334827357,7.48787080337553,6.68788286242366,6.6772010178117,7.38769669394435,7.15810782384922,216
"210",2019,7,7.38346666666667,150,7.5975,7.04396551724138,7.26666666666667,7.684,7.32336,92,58,9,25,125,18222,11942,6280,1188,4302,13920,7.21385117934365,7.48871537598392,6.69117152388535,6.68166666666667,7.38941858670386,7.15959176939655,217
"211",2019,8,7.32219730941704,223,7.50889655172414,6.9751282051282,7.0625,7.54741935483871,7.28583333333333,145,78,8,31,192,18445,12087,6358,1196,4333,14112,7.21516108376254,7.48895747662778,6.69465510695187,6.68421404682274,7.39054898684514,7.16130934169501,218
"212",2019,9,7.27385619909502,221,7.51950525547445,6.87321428571429,6.75,7.55757575757576,7.22405436170213,137,84,12,33,188,18666,12224,6442,1208,4366,14300,7.21585601682203,7.48929983965968,6.69698341664079,6.68486754966887,7.39181144296839,7.16213424125874,219
"213",2019,10,7.22090104166667,192,7.45557142857143,6.83835616438356,6.38888888888889,7.34795652173913,7.20360946745562,119,73,9,23,169,18858,12343,6515,1217,4389,14469,7.21590738201294,7.48897466094142,6.69856748580199,6.68267871815941,7.39158162679426,7.16261867786302,220
"214",2019,11,7.26597222222222,216,7.49153846153846,6.925,6.91818181818182,7.42,7.23618784530387,130,86,11,35,181,19074,12473,6601,1228,4424,14650,7.21647433207508,7.48900138218552,6.70151752310256,6.68478827361563,7.3918064556962,7.16352762116041,221
"215",2019,12,7.32714285714286,238,7.51351724137931,7.03655913978495,7.15,7.26969696969697,7.33639024390244,145,93,14,33,205,19312,12618,6694,1242,4457,14855,7.21783820474317,7.48928310667301,6.70617226919629,6.69003220611916,7.39090234687009,7.16591313699092,222
"216",2020,1,7.4181493902439,328,7.69932258064516,6.86846846846847,5.71538461538462,7.647825,7.38625,217,111,13,40,288,19640,12835,6805,1255,4497,15143,7.22118352393076,7.49283422204908,6.70881956943424,6.67993625498008,7.39318762730709,7.1701036551542,223
"217",2020,2,7.20556962025316,237,7.51118881118881,6.74063829787234,7.04545454545455,7.57878787878788,7.14519607843137,143,94,11,33,204,19877,12978,6899,1266,4530,15347,7.22099735422851,7.49303646478656,6.7092531047978,6.683112164297,7.3945396821192,7.16977257118655,224
"218",2020,3,7.3260396039604,202,7.55282258064516,6.96551282051282,7,7.6125,7.27211764705882,124,78,7,32,170,20079,13102,6977,1273,4562,15517,7.22205410677823,7.49360229277973,6.71211798337394,6.68485467399843,7.39606855765015,7.170893835793,225
"219",2020,4,7.16875185022026,227,7.4569419266055,6.90254237288136,6.97818181818182,7.12352941176471,7.17671849740933,109,118,11,34,193,20306,13211,7095,1284,4596,15710,7.22145824288388,7.49329981909015,6.71528501338971,6.6873676012461,7.39405238468233,7.17096539274348,226
"220",2020,5,7.14575484304933,223,7.49358974358974,6.76182386792453,5.8125,7.20549540540541,7.13387096774194,117,106,16,37,186,20529,13328,7201,1300,4633,15896,7.22063590092065,7.49330236419568,6.71597007360089,6.6766,7.39254653356356,7.17053134876699,227
"221",2020,6,7.30124378109453,201,7.65409090909091,6.87472527472528,6.72222222222222,7.48378378378378,7.26006097560976,110,91,9,37,164,20730,13438,7292,1309,4670,16060,7.22141748239267,7.49461853772883,6.71795124794295,6.67691367456073,7.39326939828694,7.17144559900374,228
"222",2020,7,7.18048672566372,226,7.54188976377953,6.71686868686869,6.89615384615385,7.153125,7.185,127,99,13,32,194,20956,13565,7391,1322,4702,16254,7.22097606461157,7.49506110652414,6.71793674739548,6.67906959152799,7.39163506805615,7.17160737787622,229
"223",2020,8,7.21102564102564,234,7.42824324324324,6.83720930232558,6,7.25176470588235,7.2041,148,86,11,34,200,21190,13713,7477,1333,4736,16454,7.22086618263332,7.49433996280901,6.71930861308011,6.67346586646662,7.39063093116554,7.17200232891698,230
"224",2020,9,7.24415887850467,214,7.63606557377049,6.72445652173913,5.59090909090909,7.51428571428571,7.19134078212291,122,92,11,35,179,21404,13835,7569,1344,4771,16633,7.22109906606242,7.49558972967112,6.71937118509711,6.6646056547619,7.3915380612031,7.17221044429748,231
"225",2020,10,7.35765027322404,183,7.60135135135135,6.98194444444444,6.32,7.64411764705882,7.32831325301205,111,72,5,17,166,21587,13946,7641,1349,4788,16799,7.22225665493121,7.49643151512979,6.72184537364219,6.66332839140104,7.39243485588972,7.17375298053456,232
"226",2020,11,7.38705882352941,238,7.72992700729927,6.9219801980198,6.982,7.26,7.40608695652174,137,101,5,31,207,21825,14083,7742,1354,4819,17006,7.22405381030928,7.49870296882766,6.72445627744769,6.66450516986706,7.39158291969288,7.17658099023874,233
"227",2020,12,7.24271936758893,253,7.50515646258503,6.87877358490566,6.325,7.48108108108108,7.20188888888889,147,106,4,37,216,22078,14230,7848,1358,4856,17222,7.22426770586104,7.49876963527758,6.72654058358817,6.66350515463917,7.39226484555189,7.17689840436651,234
"228",2021,1,7.20078827702703,296,7.43476791139241,6.93289855072464,6.18333333333333,7.11875,7.21073231060606,158,138,12,32,264,22374,14388,7986,1370,4888,17486,7.22395708143381,7.49806680845149,6.73010649887303,6.65929927007299,7.39047424099836,7.17740922166305,235
"229",2021,2,7.16440755186722,241,7.55873014285714,6.61782178217822,6.36923076923077,7.54666666666667,7.11005791469194,140,101,13,30,211,22615,14528,8087,1383,4918,17697,7.22332248330754,7.49865139454846,6.72870415481637,6.6565726681128,7.39142702114681,7.17660619709555,236
"230",2021,3,7.16767889795918,245,7.55270446808511,6.64567307692308,6.94444444444444,7.4238064516129,7.13057630841122,141,104,9,31,214,22860,14669,8191,1392,4949,17911,7.22272612817148,7.49917095848388,6.72764992064461,6.65843390804597,7.3916298423924,7.17605623359946,237
"231",2021,4,7.37823033707865,178,7.71283783783784,6.82388059701493,6.4,7.524,7.35441176470588,111,67,7,25,153,23038,14780,8258,1399,4974,18064,7.22392761046966,7.5007756285521,6.72843067328651,6.65714081486776,7.39229515279453,7.17756688441098,238
"232",2021,5,7.12304306220096,209,7.5193,6.58876404494382,6.5,7.00219047619048,7.13654255319149,120,89,10,21,188,23247,14900,8347,1409,4995,18252,7.22302061728395,7.50092481812081,6.72694147597939,6.65602555003548,7.39065507307307,7.17714432390971,239
"233",2021,6,7.24248756218905,201,7.42352,6.94473684210526,6.18,7.2,7.24718232044199,125,76,10,20,181,23448,15025,8423,1419,5015,18433,7.22318749104401,7.50028085124792,6.72890662471803,6.65267089499647,7.3898947337986,7.1778320512125,240
"234",2021,7,7.11473988439306,173,7.48457446808511,6.6746835443038,6.04285714285714,7.54583333333333,7.04530201342282,94,79,7,24,149,23621,15119,8502,1426,5039,18582,7.2223932217095,7.50018319928567,6.72840278757939,6.64967741935483,7.39063744592181,7.17676935744269,241
"235",2021,8,7.24030737704918,244,7.52170967741935,6.75022471910112,5.75,7.19583333333333,7.24654205607477,155,89,8,30,214,23865,15274,8591,1434,5069,18796,7.22257637921643,7.50040164920781,6.7286288557793,6.64465829846583,7.38948453146577,7.17756374760587,242
"236",2021,9,7.26784589622642,212,7.60002503759399,6.70860759493671,6.90625,7.2625,7.26879627777778,133,79,16,32,180,24077,15407,8670,1450,5101,18976,7.2229749811023,7.50126164211073,6.72844642445213,6.6475448275862,7.38868792197608,7.17842914892496,243
"237",2021,10,7.21474747474748,198,7.39346774193548,6.91527027027027,7.2,7.39086956521739,7.1916,124,74,5,23,175,24275,15531,8744,1455,5124,19151,7.22290787312049,7.50040101216921,6.73002750457457,6.64944329896907,7.38869771467603,7.17854950289802,244
"238",2021,11,7.30269262295082,244,7.53938,6.925,6.35555555555556,7.72321428571429,7.24818055555556,150,94,9,28,216,24519,15681,8838,1464,5152,19367,7.22370184836249,7.50077387411517,6.73210121068115,6.64763661202185,7.39051573951863,7.17932609748541,245
"239",2021,12,7.27556818181818,352,7.5215811965812,6.78771186440678,6.62777777777778,7.55111111111111,7.23517915309446,234,118,18,45,307,24871,15915,8956,1482,5197,19674,7.22443591411684,7.50107980647188,6.73283391022778,6.64739541160593,7.39190630940927,7.18019764816509,246
"240",2022,1,7.27728905286344,454,7.56310881533101,6.78608982035928,6.22222222222222,7.481875,7.25310155172414,287,167,9,48,406,25325,16202,9123,1491,5245,20080,7.22538340967423,7.50217857980496,6.73380878000658,6.64482897384305,7.39272966444232,7.18167170119522,247
"241",2022,2,7.39295311787072,263,7.65413656626506,6.9459793814433,7.125,7.78148148148148,7.34850283898305,166,97,8,27,236,25588,16368,9220,1499,5272,20316,7.22710573393778,7.50371969819159,6.73604094360087,6.64739159439626,7.39472061646434,7.18360968842292,248
"242",2022,3,7.35821891791045,268,7.62302251533742,6.94714285714286,7.47777777777778,7.66379310344828,7.32114087866109,163,105,9,29,239,25856,16531,9325,1508,5301,20555,7.22846473507116,7.50489605529006,6.73841796246649,6.6523474801061,7.39619262214676,7.18520881050839,249
"243",2022,4,7.37545816733068,251,7.69808510638298,6.96190909090909,7,7.23347826086956,7.38978070175439,141,110,8,23,228,26107,16672,9435,1516,5324,20783,7.22987797104225,7.50652991182822,6.74102358240593,6.65418205804749,7.39548968632607,7.18745306741086,250
"244",2022,5,7.2960676953125,256,7.6416149068323,6.71045610526316,6.5625,7.33108108108108,7.29015219178082,161,95,8,37,219,26363,16833,9530,1524,5361,21002,7.23052071160338,7.50782193845423,6.74071886988457,6.65370078740157,7.39504515761985,7.18852397057423,251
"245",2022,6,7.4064525862069,232,7.71019708029197,6.96842105263158,6.0625,7.81470588235294,7.33634848484849,137,95,8,34,198,26595,16970,9625,1532,5395,21200,7.23205544350442,7.50945572716559,6.74296632,6.65061357702349,7.39768991473586,7.18990459575472,252
"246",2022,7,7.41752895752896,259,7.67839743589744,7.02242718446602,7,7.45555555555556,7.41310344827586,156,103,6,27,232,26854,17126,9728,1538,5422,21432,7.23384428837417,7.51099460994979,6.74592524979441,6.65197659297789,7.39797806897824,7.19232070875326,253
"247",2022,8,7.33370784172662,278,7.61064927710843,6.92324107142857,6.6875,8.10074074074074,7.25119832669323,166,112,8,27,251,27132,17292,9840,1546,5449,21683,7.23486751068848,7.51195127631275,6.74794347865853,6.65216041397154,7.40146028445586,7.1930022695199,254
