"","year","month","avg_rating","no_ratings","avg_rating_owned","avg_rating_not_owned","avg_rating_prev_owned","avg_rating_comment","avg_rating_no_comment","no_ratings_owned","no_ratings_not_owned","no_ratings_prev_owned","no_ratings_comment","no_ratings_no_comment","cum_no_ratings","cum_no_ratings_owned","cum_no_ratings_not_owned","cum_no_ratings_prev_owned","cum_no_ratings_comment","cum_no_ratings_no_comment","cum_avg_rating","cum_avg_rating_owned","cum_avg_rating_not_owned","cum_avg_rating_prev_owned","cum_avg_rating_comment","cum_avg_rating_no_comment","month_after_release"
"1",2015,2,9.33333333333333,3,9.33333333333333,NA,NA,10,9,3,0,0,1,2,3,3,0,0,1,2,9.33333333333333,9.33333333333333,NA,NA,10,9,-15
"2",2015,10,6,3,NA,6,NA,6,NA,0,3,0,3,0,6,3,3,0,4,2,7.66666666666667,9.33333333333333,6,NA,7,9,-7
"3",2015,12,7.75,4,7.83333333333333,7.5,7.5,NA,7.75,3,1,1,0,4,10,6,4,1,4,6,7.7,8.58333333333333,6.375,7.5,7,8.16666666666667,-5
"4",2016,1,6.61,11,7.25,6.07666666666667,6.66666666666667,7,6.571,5,6,3,1,10,21,11,10,4,5,16,7.12904761904762,7.97727272727273,6.196,6.875,7,7.169375,-4
"5",2016,2,7.5,6,7.66666666666667,7.33333333333333,7,8,7.4,3,3,1,1,5,27,14,13,5,6,21,7.21148148148148,7.91071428571429,6.45846153846154,6.9,7.16666666666667,7.22428571428571,-3
"6",2016,3,6.83333333333333,3,6.5,7,8,NA,6.83333333333333,1,2,1,0,3,30,15,15,6,6,24,7.17366666666667,7.81666666666667,6.53066666666667,7.08333333333333,7.16666666666667,7.17541666666667,-2
"7",2016,4,6.25,4,7.5,5,NA,7,6,2,2,0,1,3,34,17,17,6,7,27,7.065,7.77941176470588,6.35058823529412,7.08333333333333,7.14285714285714,7.04481481481481,-1
"8",2016,5,7.14,10,6.875,7.31666666666667,6.65,5,7.37777777777778,4,6,4,1,9,44,21,23,10,8,36,7.08204545454545,7.60714285714286,6.60260869565217,6.91,6.875,7.12805555555556,0
"9",2016,6,7.2625,24,7.81666666666667,6.70833333333333,7.5,6.2,7.475,12,12,2,4,20,68,33,35,12,12,56,7.14573529411765,7.68333333333333,6.63885714285714,7.00833333333333,6.65,7.25196428571429,1
"10",2016,7,7.70740740740741,54,8.0025641025641,6.94,7.28,7.6,7.72888888888889,39,15,5,9,45,122,72,50,17,21,101,7.39434426229508,7.85625,6.7292,7.08823529411765,7.05714285714286,7.46445544554456,2
"11",2016,8,7.07291666666667,48,7.54642857142857,6.41,6.75,6.94444444444444,7.1025641025641,28,20,8,9,39,170,100,70,25,30,140,7.30358823529412,7.7695,6.638,6.98,7.02333333333333,7.36364285714286,3
"12",2016,9,7.032,25,7.58125,6.05555555555556,6.08333333333333,6.33333333333333,7.12727272727273,16,9,6,3,22,195,116,79,31,33,162,7.26876923076923,7.74353448275862,6.57164556962025,6.80645161290323,6.96060606060606,7.33154320987654,4
"13",2016,10,6.9280701754386,57,7.496,6.484375,6.5,7.5625,6.82448979591837,25,32,9,8,49,252,141,111,40,41,211,7.19170634920635,7.69964539007092,6.54648648648649,6.7375,7.0780487804878,7.21379146919431,5
"14",2016,11,7.0921875,64,7.54827586206897,6.71428571428571,7.35,7.21666666666667,7.07931034482759,29,35,10,6,58,316,170,146,50,47,269,7.17155063291139,7.67382352941177,6.58671232876712,6.86,7.09574468085106,7.18479553903346,6
"15",2016,12,7.00588235294118,51,7.70689655172414,6.08181818181818,6.95,7.3,6.925,29,22,10,11,40,367,199,168,60,58,309,7.14852861035422,7.6786432160804,6.52059523809524,6.875,7.13448275862069,7.15116504854369,7
"16",2017,1,6.90146341463415,41,7.425,6.40285714285714,7.03571428571429,6.951,6.88548387096774,20,21,7,10,31,408,219,189,67,68,340,7.12370098039216,7.6554794520548,6.50751322751323,6.89179104477612,7.1075,7.12694117647059,8
"17",2017,2,7.31219512195122,41,7.28571428571429,7.36923076923077,7.5,7.16666666666667,7.32368421052632,28,13,6,3,38,449,247,202,73,71,378,7.14091314031181,7.61356275303644,6.5629702970297,6.94178082191781,7.11,7.14671957671958,9
"18",2017,3,6.98888888888889,54,7.37586206896552,6.54,6.5,7.4,6.9469387755102,29,25,12,5,49,503,276,227,85,76,427,7.12459244532803,7.58858695652174,6.56044052863436,6.87941176470588,7.12907894736842,7.12379391100703,10
"19",2017,4,6.61823529411765,51,7.2051724137931,5.84454545454545,5.94777777777778,6.125,6.71,29,22,9,8,43,554,305,249,94,84,470,7.07797833935018,7.55213114754098,6.49718875502008,6.79021276595745,7.03345238095238,7.08593617021277,11
"20",2017,5,6.83632203389831,59,7.26582142857143,6.44838709677419,7.075,6.4093,6.9234693877551,28,31,12,10,49,613,333,280,106,94,519,7.05471941272431,7.52805705705706,6.49178571428571,6.82245283018868,6.96705319148936,7.07059730250482,12
"21",2017,6,6.925,48,7.21379310344828,6.48421052631579,6.56,7.375,6.88409090909091,29,19,5,4,44,661,362,299,111,98,563,7.04529954614221,7.50288121546961,6.49130434782609,6.81063063063063,6.98370408163265,7.05602131438721,13
"22",2017,7,7.04967741935484,62,7.80757575757576,6.18724137931035,5.79,6.62727272727273,7.14078431372549,33,29,10,11,51,723,395,328,121,109,614,7.04567496542185,7.52833670886076,6.46442073170732,6.72628099173554,6.94773394495413,7.06306188925081,14
"23",2017,8,7.16129032258065,31,7.26315789473684,7,6.83333333333333,7.06,7.18076923076923,19,12,9,5,26,754,414,340,130,114,640,7.05042838196287,7.51616666666667,6.48332352941176,6.73369230769231,6.95265789473684,7.06784375,15
"24",2017,9,6.97297297297297,37,7.16296296296296,6.46,6.4,7.45,6.8984375,27,10,5,5,32,791,441,350,135,119,672,7.04680530973451,7.49454195011338,6.48265714285714,6.72133333333333,6.97355462184874,7.05977678571429,16
"25",2017,10,6.53846153846154,39,6.90909090909091,6.05882352941176,5,6.5,6.546875,22,17,7,7,32,830,463,367,142,126,704,7.02291927710843,7.46672354211663,6.46302452316076,6.63647887323944,6.94724603174603,7.03646306818182,17
"26",2017,11,6.42291666666667,48,6.88958333333333,5.95625,6.65,6.5,6.4195652173913,24,24,5,2,46,878,487,391,147,128,750,6.99011731207289,7.43828131416838,6.43191815856777,6.6369387755102,6.9402578125,6.99862666666667,18
"27",2017,12,6.8974358974359,39,7.19565217391304,6.46875,6.28571428571429,7.07142857142857,6.859375,23,16,7,7,32,917,510,407,154,135,782,6.98617557251908,7.42733921568627,6.43336609336609,6.62097402597403,6.94705925925926,6.9929283887468,19
"28",2018,1,6.78780487804878,41,7.20434782608696,6.25555555555556,5.6,6.22857142857143,6.90294117647059,23,18,10,7,34,958,533,425,164,142,816,6.97768580375783,7.41771669793621,6.42583529411765,6.55871951219512,6.91164084507042,6.98917892156863,20
"29",2018,2,6.59285714285714,35,6.6375,6.53333333333333,6.8125,6.175,6.64677419354839,20,15,8,4,31,993,553,440,172,146,847,6.9641218529708,7.38949909584087,6.4295,6.57052325581395,6.89145890410959,6.97664698937426,21
"30",2018,3,6.72307692307692,26,6.75263157894737,6.64285714285714,6,7,6.7,19,7,4,2,24,1019,572,447,176,148,871,6.9579715407262,7.36834440559441,6.43284116331096,6.55755681818182,6.89292567567568,6.96902411021814,22
"31",2018,4,6.85185185185185,27,6.97368421052632,6.5625,6.1,6,6.88461538461539,19,8,5,1,26,1046,591,455,181,149,897,6.95523231357553,7.3556565143824,6.43512087912088,6.54491712707182,6.88693288590604,6.96657748049052,23
"32",2018,5,6.84407407407407,27,7.00235294117647,6.575,7.75,5,6.9916,17,10,1,2,25,1073,608,465,182,151,922,6.95243522833178,7.34577796052632,6.43812903225806,6.55153846153846,6.86194039735099,6.96725596529284,24
"33",2018,6,6.7025,28,6.95631578947368,6.16666666666667,6.5,6.8,6.68130434782609,19,9,3,5,23,1101,627,474,185,156,945,6.94607901907357,7.33397607655502,6.4329746835443,6.5507027027027,6.85995512820513,6.9602962962963,25
"34",2018,7,6.678,30,7.01888888888889,6.16666666666667,5.25,6.1,6.7936,18,12,4,5,25,1131,645,486,189,161,970,6.93896816976127,7.32518294573643,6.42639917695473,6.5231746031746,6.83635403726708,6.956,26
"35",2018,8,6.75142857142857,28,7.16166666666667,6.44375,6.375,6.16666666666667,6.91090909090909,12,16,8,6,22,1159,657,502,197,167,992,6.9344374460742,7.32219634703196,6.42695219123506,6.51715736040609,6.81229341317365,6.955,27
"36",2018,9,6.53571428571429,28,7.07692307692308,6.06666666666667,5.875,6,6.6,13,15,8,3,25,1187,670,517,205,170,1017,6.92503201347936,7.31743731343284,6.41649903288201,6.49209756097561,6.79795882352941,6.94627335299902,28
"37",2018,10,6.44238487804878,41,6.6455112,6.125,5.9,6.25,6.47536514285714,25,16,5,6,35,1228,695,533,210,176,1052,6.90891757328991,7.29326730935252,6.40774859287054,6.478,6.77927840909091,6.93060625475285,29
"38",2018,11,6.71351351351351,37,6.99615384615385,6.04545454545455,5.875,6.82,6.67407407407407,26,11,4,10,27,1265,721,544,214,186,1079,6.90320219762846,7.28255309292649,6.40042279411765,6.46672897196262,6.78146774193548,6.92418700648749,30
"39",2018,12,6.7165278125,32,6.9904445,6.26,6.73142857142857,7.66666666666667,6.497265,20,12,7,6,26,1297,741,556,221,192,1105,6.8985965073246,7.27466892037787,6.39739208633093,6.47511312217194,6.80913020833333,6.91414178280543,31
"40",2019,1,6.65769230769231,26,6.67647058823529,6.62222222222222,7.125,7.5,6.50454545454545,17,9,4,4,22,1323,758,565,225,196,1127,6.89386218442933,7.26125286279683,6.40097345132743,6.48666666666667,6.82322959183673,6.90614611357587,32
"41",2019,2,6.5,14,6.81818181818182,5.33333333333333,7,7,6.46153846153846,11,3,1,1,13,1337,769,568,226,197,1140,6.88973797307405,7.25491504551365,6.39533450704225,6.48893805309734,6.8241269035533,6.90107602631579,33
"42",2019,3,6.78846153846154,26,7.13333333333333,6.31818181818182,5.66666666666667,6,6.89130434782609,15,11,3,3,23,1363,784,579,229,200,1163,6.88780606749817,7.25258886479592,6.39386873920552,6.47816593886463,6.811765,6.90088277730009,34
"43",2019,4,6.71882352941176,34,6.68181818181818,6.78666666666667,5.8,6.71333333333333,6.71935483870968,22,12,2,3,31,1397,806,591,231,203,1194,6.88369339298497,7.23700951612903,6.40184433164128,6.47229437229437,6.81031034482759,6.89616974036851,35
"44",2019,5,6.30555555555556,18,6.475,6.17,5.16666666666667,NA,6.30555555555556,8,10,3,0,18,1415,814,601,234,203,1212,6.8763389893993,7.22952047911548,6.39798668885191,6.45555555555555,6.81031034482759,6.88739824257426,36
"45",2019,6,6.82741935483871,31,7.3875,5.80909090909091,6.36666666666667,6.3,6.92884615384615,20,11,6,5,26,1446,834,612,240,208,1238,6.87529022821577,7.23330895683453,6.38740196078431,6.45333333333333,6.79804326923077,6.88826871567044,37
"46",2019,7,6.57058823529412,17,7.32,5.5,4.75,5.83333333333333,6.72857142857143,10,7,2,3,14,1463,844,619,242,211,1252,6.87174960355434,7.23433610189573,6.37736672051696,6.43925619834711,6.78432701421801,6.88648296325879,38
"47",2019,8,6.67243243243243,37,6.71,6.62823529411765,5.37,6.5,6.68764705882353,20,17,4,3,34,1500,864,636,246,214,1286,6.86683311333334,7.22219869212963,6.38407232704402,6.42186991869919,6.78034112149533,6.88122602643857,39
"48",2019,9,6.31666666666667,24,6.23125,6.4875,6.66666666666667,6.375,6.305,16,8,3,4,20,1524,880,644,249,218,1306,6.85816907480315,7.20418144318182,6.38535714285714,6.42481927710843,6.77290366972477,6.8724017381317,40
"49",2019,10,6.90969696969697,33,7.00846153846154,6.54285714285714,7.4,7.63333333333333,6.74888888888889,26,7,2,6,27,1557,906,651,251,224,1333,6.8592611881824,7.19856475717439,6.38705069124424,6.43258964143426,6.79595089285714,6.86989997749437,41
"50",2019,11,6.57878787878788,33,6.82380952380952,6.15,6.4,6.75,6.5551724137931,21,12,7,4,29,1590,927,663,258,228,1362,6.85344004402516,7.19007515641855,6.38276018099547,6.43170542635659,6.79514473684211,6.8631987298091,42
"51",2019,12,7.13157894736842,38,7.40333333333333,6.1125,7,8.5,7.09459459459459,30,8,2,1,37,1628,957,671,260,229,1399,6.85993222972973,7.19676036572623,6.37953800298062,6.43607692307692,6.80258951965065,6.86931856325947,43
"52",2020,1,6.76239130434783,46,7.0562962962963,6.34473684210526,6.27727272727273,7.01,6.73219512195122,27,19,11,5,41,1674,984,690,271,234,1440,6.85725189366786,7.19290616869919,6.37857971014492,6.42963099630996,6.80702136752137,6.86541435416667,44
"53",2020,2,6.83269230769231,26,7.11764705882353,6.29444444444444,5.7,7.75,6.75625,17,9,2,2,24,1700,1001,699,273,236,1464,6.85687627647059,7.19162804195804,6.37749642346208,6.42428571428571,6.81501271186441,6.86362477459016,45
"54",2020,3,6.79677419354839,31,7.1,6.24545454545455,5.675,7.75,6.73103448275862,20,11,4,2,29,1731,1021,710,277,238,1493,6.8557999248989,7.18983317335945,6.37545070422535,6.41346570397112,6.82286974789916,6.86104934360348,46
"55",2020,4,6.76022233333333,30,7.0765080952381,6.02222222222222,6.175,7,6.73358037037037,21,9,4,3,27,1761,1042,719,281,241,1520,6.85417168654174,7.1875492706334,6.37102920723226,6.41007117437722,6.82507468879668,6.85878509210526,47
"56",2020,5,6.79310344827586,29,7.13157894736842,6.15,5.5,7.375,6.7,19,10,4,4,25,1790,1061,729,285,245,1545,6.85318231284916,7.18654697455231,6.36799725651577,6.39729824561403,6.83405306122449,6.85621575404531,48
"57",2020,6,6.57391304347826,23,6.82,6.1125,5,6,6.6,15,8,1,1,22,1813,1076,737,286,246,1567,6.84963945945946,7.18143711895911,6.36522388059701,6.39241258741259,6.83066260162602,6.8526185960434,49
"58",2020,7,6.944,25,7.32105263157895,5.75,6.125,7.33333333333333,6.89090909090909,19,6,4,3,22,1838,1095,743,290,249,1589,6.85092292709467,7.18385967123288,6.36025572005383,6.38872413793103,6.83671887550201,6.85314873505349,50
"59",2020,8,6.62222222222222,27,6.86842105263158,6.0375,6.18,6.88,6.56363636363636,19,8,5,5,22,1865,1114,751,295,254,1611,6.84761197855228,7.1784796588869,6.35681757656458,6.38518644067797,6.83757086614173,6.84919512104283,51
"60",2020,9,6.29,20,6.75384615384615,5.42857142857143,4.75,4.33333333333333,6.63529411764706,13,7,4,3,17,1885,1127,758,299,257,1628,6.84169567108754,7.17358149068323,6.34824538258575,6.3633110367893,6.80833852140078,6.84696151105651,52
"61",2020,10,6.8375,32,7.335,6.00833333333333,6.32,5.775,6.98928571428571,20,12,5,4,28,1917,1147,770,304,261,1656,6.84162563380282,7.17639611159547,6.34294805194805,6.36259868421052,6.79250191570881,6.8493679589372,53
"62",2020,11,6.72857142857143,35,7.17777777777778,6.25294117647059,6.83333333333333,7.21666666666667,6.62758620689655,18,17,3,6,29,1952,1165,787,307,267,1685,6.83959853483607,7.17641745922747,6.34100381194409,6.3671986970684,6.80203370786517,6.84555094362018,54
"63",2020,12,6.57407407407407,27,7.08823529411765,5.7,6.33333333333333,5,6.63461538461539,17,10,3,1,26,1979,1182,797,310,268,1711,6.83597591712986,7.17514918781726,6.33296110414052,6.36687096774193,6.79530970149254,6.84234561075395,55
"64",2021,1,6.90274285714286,35,7.169,6.32181818181818,5.32,7.902,6.8090625,24,11,3,3,32,2014,1206,808,313,271,1743,6.83713621648461,7.1750268159204,6.33280940594059,6.35683706070287,6.80756088560886,6.84173456110155,56
"65",2021,2,7.02,30,7.06666666666667,6.83333333333333,7,7.66666666666667,6.94814814814815,24,6,1,3,27,2044,1230,814,314,274,1770,6.83982012720157,7.17291247154472,6.33649877149877,6.35888535031847,6.81696715328467,6.84335781920904,57
"66",2021,3,6.83076923076923,26,7.03157894736842,6.28571428571429,6.33333333333333,6.75,6.84545454545455,19,7,3,4,22,2070,1249,821,317,278,1792,6.83970644444445,7.17076248198559,6.33606577344701,6.35864353312303,6.8160035971223,6.84338356026786,58
"67",2021,4,6.84714285714286,28,7.10571428571429,6.07142857142857,NA,7.2,6.7704347826087,21,7,0,5,23,2098,1270,828,317,283,1815,6.83980569113441,7.16968688188977,6.33382850241546,6.35864353312303,6.82278798586572,6.84245914049587,59
"68",2021,5,6.52413793103448,29,6.85263157894737,5.9,6.33333333333333,7.375,6.388,19,10,3,4,25,2127,1289,838,320,287,1840,6.83550180535966,7.1650134522886,6.32865155131265,6.35840625,6.83048432055749,6.83628442391305,60
"69",2021,6,6.53696954545455,22,6.545185,6.5,NA,6.5,6.54280684210526,18,4,0,3,19,2149,1307,842,320,290,1859,6.83244563517916,7.15647717674063,6.32946555819477,6.35840625,6.82706551724138,6.83328492200108,61
"70",2021,7,7.00555555555556,18,7.42727272727273,6.34285714285714,5.66666666666667,7.5,6.94375,11,7,3,2,16,2167,1318,849,323,292,1875,6.83388355791417,7.15873723065251,6.32957597173144,6.35198142414861,6.83167465753424,6.83422755733334,62
"71",2021,8,6.87833333333333,24,7.24,6,6.25,6.86666666666667,6.88,17,7,2,3,21,2191,1335,856,325,295,1896,6.8343704564126,7.15977203745319,6.32688084112149,6.35135384615385,6.83203050847457,6.83473453059072,63
"72",2021,9,6.29583333333333,24,7.03846153846154,5.41818181818182,5.5,5.5,6.455,13,11,4,4,20,2215,1348,867,329,299,1916,6.82853529119639,7.15860212908012,6.31535178777393,6.34100303951368,6.81421070234113,6.8307707045929,64
"73",2021,10,6.77787863636364,22,7.1875,5.685555,5.25,6.98,6.71843117647059,16,6,2,5,17,2237,1364,873,331,304,1933,6.8280371032633,7.15894110703813,6.31102328751432,6.33441087613293,6.8169375,6.82978272115882,65
"74",2021,11,6.34666666666667,15,7.275,5.28571428571429,6,NA,6.34666666666667,8,7,1,0,15,2252,1372,880,332,304,1948,6.82483081705151,7.15961783527697,6.30286742045454,6.33340361445783,6.8169375,6.82606262833676,66
"75",2021,12,6.25,26,6.6875,5.55,6,7.25,6.16666666666667,16,10,3,2,24,2278,1388,890,335,306,1972,6.81826997366111,7.15417555475505,6.29440823595505,6.33041791044776,6.81976797385621,6.81803752535497,67
"76",2022,1,6.97754911764706,34,7.32236125,6.15,5.875,6.7,7.0254024137931,24,10,4,5,29,2312,1412,900,339,311,2001,6.82061231401384,7.15703423512748,6.2928037,6.32504424778761,6.8178424437299,6.82104281359321,68
"77",2022,2,7.08333333333333,24,7.26315789473684,6.4,6,6.66666666666667,7.14285714285714,19,5,1,3,21,2336,1431,905,340,314,2022,6.8233115025685,7.1584432844165,6.29339594475138,6.32408823529412,6.81639808917197,6.82438509891197,69
"78",2022,3,6.50954034482759,29,6.57333352941176,6.41916666666667,7.00428571428571,7.75,6.3110668,17,12,7,4,25,2365,1448,917,347,318,2047,6.81946399154334,7.15157390193371,6.29504179934569,6.33780979827089,6.82814150943396,6.81811594528579,70
"79",2022,4,6.72068965517241,29,7.22222222222222,5.9,3,5,6.84814814814815,18,11,1,2,27,2394,1466,928,348,320,2074,6.8182674770259,7.15244134379264,6.29035919181034,6.3282183908046,6.816715625,6.81850691417551,71
"80",2022,5,6.71333333333333,30,6.95217391304348,5.92857142857143,3,6.83333333333333,6.7,23,7,1,3,27,2424,1489,935,349,323,2101,6.81696878712871,7.14934789120215,6.28765062032085,6.31868194842407,6.81686996904025,6.81698397905759,72
"81",2022,6,6.53888888888889,18,7,4.925,4,6.4,6.55625,14,4,1,2,16,2442,1503,939,350,325,2117,6.81491905814906,7.14795675981371,6.28184593184238,6.31205714285714,6.81430461538461,6.81501338686821,73
"82",2022,7,6.63260869565217,23,6.84473684210526,5.625,NA,7.0875,6.53684210526316,19,4,0,4,19,2465,1522,943,350,329,2136,6.81321798782962,7.14417149145861,6.27905973488865,6.31205714285714,6.81762613981763,6.81253901685393,74
"83",2022,8,7.18055555555556,18,7.13461538461539,7.3,NA,5,7.30882352941176,13,5,0,1,17,2483,1535,948,350,330,2153,6.81588092629883,7.14409056026059,6.28444444092827,6.31205714285714,6.81211818181818,6.81645765908036,75
