"","year","month","avg_rating","no_ratings","avg_rating_owned","avg_rating_not_owned","avg_rating_prev_owned","avg_rating_comment","avg_rating_no_comment","no_ratings_owned","no_ratings_not_owned","no_ratings_prev_owned","no_ratings_comment","no_ratings_no_comment","cum_no_ratings","cum_no_ratings_owned","cum_no_ratings_not_owned","cum_no_ratings_prev_owned","cum_no_ratings_comment","cum_no_ratings_no_comment","cum_avg_rating","cum_avg_rating_owned","cum_avg_rating_not_owned","cum_avg_rating_prev_owned","cum_avg_rating_comment","cum_avg_rating_no_comment","month_after_release"
"1",2001,6,6,2,6,6,6,NA,6,1,1,1,0,2,2,1,1,1,0,2,6,6,6,6,NA,6,0
"2",2001,7,7,1,7,NA,NA,7,NA,1,0,0,1,0,3,2,1,1,1,2,6.33333333333333,6.5,6,6,7,6,1
"3",2001,8,7,1,NA,7,NA,NA,7,0,1,0,0,1,4,2,2,1,1,3,6.5,6.5,6.5,6,7,6.33333333333333,2
"4",2001,9,9,1,9,NA,NA,NA,9,1,0,0,0,1,5,3,2,1,1,4,7,7.33333333333333,6.5,6,7,7,3
"5",2002,1,8.75,2,8.75,NA,NA,10,7.5,2,0,0,1,1,7,5,2,1,2,5,7.5,7.9,6.5,6,8.5,7.1,7
"6",2002,2,8,1,NA,8,NA,NA,8,0,1,0,0,1,8,5,3,1,2,6,7.5625,7.9,7,6,8.5,7.25,8
"7",2002,3,8,2,8,NA,NA,NA,8,2,0,0,0,2,10,7,3,1,2,8,7.65,7.92857142857143,7,6,8.5,7.4375,9
"8",2002,6,7,1,7,NA,NA,7,NA,1,0,0,1,0,11,8,3,1,3,8,7.59090909090909,7.8125,7,6,8,7.4375,12
"9",2002,7,6.83333333333333,6,6.83333333333333,NA,NA,7,6.8,6,0,0,1,5,17,14,3,1,4,13,7.32352941176471,7.39285714285714,7,6,7.75,7.19230769230769,13
"10",2002,8,8,1,8,NA,NA,NA,8,1,0,0,0,1,18,15,3,1,4,14,7.36111111111111,7.43333333333333,7,6,7.75,7.25,14
"11",2002,9,5,1,5,NA,NA,NA,5,1,0,0,0,1,19,16,3,1,4,15,7.23684210526316,7.28125,7,6,7.75,7.1,15
"12",2002,10,6,1,6,NA,NA,6,NA,1,0,0,1,0,20,17,3,1,5,15,7.175,7.20588235294118,7,6,7.4,7.1,16
"13",2002,11,6,2,8,4,4,4,8,1,1,1,1,1,22,18,4,2,6,16,7.06818181818182,7.25,6.25,5,6.83333333333333,7.15625,17
"14",2002,12,9,1,9,NA,NA,NA,9,1,0,0,0,1,23,19,4,2,6,17,7.15217391304348,7.34210526315789,6.25,5,6.83333333333333,7.26470588235294,18
"15",2003,1,6.25,2,6.25,NA,NA,NA,6.25,2,0,0,0,2,25,21,4,2,6,19,7.08,7.23809523809524,6.25,5,6.83333333333333,7.15789473684211,19
"16",2003,2,7,1,7,NA,NA,7,NA,1,0,0,1,0,26,22,4,2,7,19,7.07692307692308,7.22727272727273,6.25,5,6.85714285714286,7.15789473684211,20
"17",2003,3,4.66666666666667,3,4,5,5,NA,4.66666666666667,1,2,2,0,3,29,23,6,4,7,22,6.82758620689655,7.08695652173913,5.83333333333333,5,6.85714285714286,6.81818181818182,21
"18",2003,5,7,2,8,6,NA,6,8,1,1,0,1,1,31,24,7,4,8,23,6.83870967741935,7.125,5.85714285714286,5,6.75,6.8695652173913,23
"19",2003,6,4.5,2,NA,4.5,NA,5,4,0,2,0,1,1,33,24,9,4,9,24,6.6969696969697,7.125,5.55555555555556,5,6.55555555555556,6.75,24
"20",2003,7,5.83333333333333,6,6.33333333333333,5.33333333333333,NA,5,6,3,3,0,1,5,39,27,12,4,10,29,6.56410256410256,7.03703703703704,5.5,5,6.4,6.62068965517241,25
"21",2003,8,7.5,3,7.75,7,NA,7.75,7,2,1,0,2,1,42,29,13,4,12,30,6.63095238095238,7.08620689655172,5.61538461538461,5,6.625,6.63333333333333,26
"22",2003,9,8,1,8,NA,NA,8,NA,1,0,0,1,0,43,30,13,4,13,30,6.66279069767442,7.11666666666667,5.61538461538461,5,6.73076923076923,6.63333333333333,27
"23",2003,10,6.16666666666667,6,7,4.5,6,6.33333333333333,6,4,2,1,3,3,49,34,15,5,16,33,6.60204081632653,7.10294117647059,5.46666666666667,5.2,6.65625,6.57575757575758,28
"24",2003,11,7.5,2,7.5,NA,NA,7,8,2,0,0,1,1,51,36,15,5,17,34,6.63725490196078,7.125,5.46666666666667,5.2,6.67647058823529,6.61764705882353,29
"25",2003,12,5.6,5,6.5,5,NA,7,5.25,2,3,0,1,4,56,38,18,5,18,38,6.54464285714286,7.09210526315789,5.38888888888889,5.2,6.69444444444444,6.47368421052632,30
"26",2004,2,5,1,5,NA,NA,NA,5,1,0,0,0,1,57,39,18,5,18,39,6.51754385964912,7.03846153846154,5.38888888888889,5.2,6.69444444444444,6.43589743589744,32
"27",2004,3,6.92857142857143,7,6.75,8,8,6.16666666666667,7.5,6,1,1,3,4,64,45,19,6,21,43,6.5625,7,5.52631578947368,5.66666666666667,6.61904761904762,6.53488372093023,33
"28",2004,4,6.75,4,6.75,NA,NA,6.66666666666667,7,4,0,0,3,1,68,49,19,6,24,44,6.57352941176471,6.97959183673469,5.52631578947368,5.66666666666667,6.625,6.54545454545455,34
"29",2004,5,7.4,5,7.4,NA,NA,7.5,7,5,0,0,4,1,73,54,19,6,28,45,6.63013698630137,7.01851851851852,5.52631578947368,5.66666666666667,6.75,6.55555555555556,35
"30",2004,6,6,3,6,6,NA,6,6,2,1,0,1,2,76,56,20,6,29,47,6.60526315789474,6.98214285714286,5.55,5.66666666666667,6.72413793103448,6.53191489361702,36
"31",2004,7,5.33333333333333,3,NA,5.33333333333333,5,5.5,5,0,3,1,2,1,79,56,23,7,31,48,6.55696202531646,6.98214285714286,5.52173913043478,5.57142857142857,6.64516129032258,6.5,37
"32",2004,8,6.4,5,6.4,NA,NA,NA,6.4,5,0,0,0,5,84,61,23,7,31,53,6.54761904761905,6.9344262295082,5.52173913043478,5.57142857142857,6.64516129032258,6.49056603773585,38
"33",2004,9,7.8,5,7.8,NA,NA,9,6,5,0,0,3,2,89,66,23,7,34,55,6.61797752808989,7,5.52173913043478,5.57142857142857,6.85294117647059,6.47272727272727,39
"34",2004,10,7.125,4,7.25,7,NA,8,6.83333333333333,2,2,0,1,3,93,68,25,7,35,58,6.63978494623656,7.00735294117647,5.64,5.57142857142857,6.88571428571429,6.49137931034483,40
"35",2004,11,6.33333333333333,3,7.5,4,NA,4,7.5,2,1,0,1,2,96,70,26,7,36,60,6.63020833333333,7.02142857142857,5.57692307692308,5.57142857142857,6.80555555555556,6.525,41
"36",2004,12,5.875,4,6,5.75,NA,5.5,6.25,2,2,0,2,2,100,72,28,7,38,62,6.6,6.99305555555556,5.58928571428571,5.57142857142857,6.73684210526316,6.51612903225806,42
"37",2005,1,6.35714285714286,7,6.9,5,5,6.5,6.3,5,2,1,2,5,107,77,30,8,40,67,6.58411214953271,6.98701298701299,5.55,5.5,6.725,6.5,43
"38",2005,2,6.96666666666667,9,7.17142857142857,6.25,NA,7.24,6.625,7,2,0,5,4,116,84,32,8,45,71,6.61379310344828,7.00238095238095,5.59375,5.5,6.78222222222222,6.50704225352113,44
"39",2005,3,6.2,10,7.25,5.5,6,6,7,4,6,1,8,2,126,88,38,9,53,73,6.58095238095238,7.01363636363636,5.57894736842105,5.55555555555556,6.66415094339623,6.52054794520548,45
"40",2005,4,6.25,6,6.5,6.125,6,6.5,6.125,2,4,3,2,4,132,90,42,12,55,77,6.56590909090909,7.00222222222222,5.63095238095238,5.66666666666667,6.65818181818182,6.5,46
"41",2005,5,6.83333333333333,6,7,6,NA,7.5,6.5,5,1,0,2,4,138,95,43,12,57,81,6.57753623188406,7.00210526315789,5.63953488372093,5.66666666666667,6.68771929824561,6.5,47
"42",2005,6,6.3125,8,6.25,6.375,NA,3,6.78571428571429,4,4,0,1,7,146,99,47,12,58,88,6.56301369863014,6.97171717171717,5.70212765957447,5.66666666666667,6.62413793103448,6.52272727272727,48
"43",2005,7,6.5,4,6.5,6.5,NA,6.5,6.5,2,2,0,2,2,150,101,49,12,60,90,6.56133333333333,6.96237623762376,5.73469387755102,5.66666666666667,6.62,6.52222222222222,49
"44",2005,8,7,5,8,5.5,6,6.5,7.33333333333333,3,2,1,2,3,155,104,51,13,62,93,6.57548387096774,6.99230769230769,5.72549019607843,5.69230769230769,6.61612903225806,6.54838709677419,50
"45",2005,9,5.9,6,6.225,5.25,NA,6,5.8,4,2,0,3,3,161,108,53,13,65,96,6.55031055900621,6.96388888888889,5.70754716981132,5.69230769230769,6.58769230769231,6.525,51
"46",2005,10,6.27272727272727,11,6.71428571428571,5.5,6.25,6.5,6.08333333333333,7,4,2,5,6,172,115,57,15,70,102,6.53255813953488,6.94869565217391,5.69298245614035,5.76666666666667,6.58142857142857,6.49901960784314,52
"47",2005,11,6.125,8,5.5,7.16666666666667,NA,5.5,6.5,5,3,0,3,5,180,120,60,15,73,107,6.51444444444444,6.88833333333333,5.76666666666667,5.76666666666667,6.53698630136986,6.49906542056075,53
"48",2005,12,6.625,8,6.5,6.66666666666667,NA,6.66666666666667,6.5,2,6,0,6,2,188,122,66,15,79,109,6.51914893617021,6.88196721311475,5.84848484848485,5.76666666666667,6.54683544303797,6.49908256880734,54
"49",2006,1,6.5,8,6.375,6.625,NA,7,6.33333333333333,4,4,0,2,6,196,126,70,15,81,115,6.51836734693878,6.86587301587302,5.89285714285714,5.76666666666667,6.55802469135803,6.4904347826087,55
"50",2006,2,7,1,NA,7,NA,NA,7,0,1,0,0,1,197,126,71,15,81,116,6.52081218274112,6.86587301587302,5.90845070422535,5.76666666666667,6.55802469135803,6.4948275862069,56
"51",2006,3,7,2,7,NA,NA,NA,7,2,0,0,0,2,199,128,71,15,81,118,6.52562814070352,6.86796875,5.90845070422535,5.76666666666667,6.55802469135803,6.50338983050847,57
"52",2006,4,6,2,7,5,NA,NA,6,1,1,0,0,2,201,129,72,15,81,120,6.52039800995025,6.86899224806202,5.89583333333333,5.76666666666667,6.55802469135803,6.495,58
"53",2006,5,6.91666666666667,6,7,6.83333333333333,NA,7.25,6.25,3,3,0,4,2,207,132,75,15,85,122,6.53188405797102,6.8719696969697,5.93333333333333,5.76666666666667,6.59058823529412,6.49098360655738,59
"54",2006,6,6.75,6,7.5,6.375,7,6.5,6.8,2,4,1,1,5,213,134,79,16,86,127,6.53802816901409,6.88134328358209,5.95569620253165,5.84375,6.58953488372093,6.50314960629921,60
"55",2006,7,6.3,5,5,6.625,NA,8,5.16666666666667,1,4,0,2,3,218,135,83,16,88,130,6.53256880733945,6.86740740740741,5.98795180722892,5.84375,6.62159090909091,6.47230769230769,61
"56",2006,8,3,1,NA,3,NA,3,NA,0,1,0,1,0,219,135,84,16,89,130,6.51643835616438,6.86740740740741,5.95238095238095,5.84375,6.5808988764045,6.47230769230769,62
"57",2006,9,5.71428571428571,7,6,4,NA,5.4,6.5,6,1,0,5,2,226,141,85,16,94,132,6.49159292035398,6.83049645390071,5.92941176470588,5.84375,6.51808510638298,6.47272727272727,63
"58",2006,10,6.24285714285714,7,7.05,5.16666666666667,NA,6.33333333333333,6.175,4,3,0,3,4,233,145,88,16,97,136,6.48412017167382,6.83655172413793,5.90340909090909,5.84375,6.51237113402062,6.46397058823529,64
"59",2006,11,6.35,10,6.1,6.6,7,6.3,6.4,5,5,1,5,5,243,150,93,17,102,141,6.47860082304527,6.812,5.94086021505376,5.91176470588235,6.50196078431373,6.46170212765957,65
"60",2006,12,6.4,5,7.66666666666667,4.5,NA,5.5,7,3,2,0,2,3,248,153,95,17,104,144,6.47701612903226,6.82875816993464,5.91052631578947,5.91176470588235,6.48269230769231,6.47291666666667,66
"61",2007,1,6.14285714285714,14,6.5,5.5,7,5.91666666666667,6.3125,9,5,1,6,8,262,162,100,18,110,152,6.45916030534351,6.81049382716049,5.89,5.97222222222222,6.45181818181818,6.46447368421053,67
"62",2007,2,6.85451555555556,9,6.81428571428571,6.99532,NA,6.625,7.038128,7,2,0,4,5,271,169,102,18,114,157,6.47229018450185,6.81065088757397,5.91167294117647,5.97222222222222,6.45789473684211,6.48274292993631,68
"63",2007,3,6.3,5,7.5,4.5,NA,6.5,6,3,2,0,3,2,276,172,104,18,117,159,6.46916898550725,6.82267441860465,5.88452538461538,5.97222222222222,6.45897435897436,6.4766706918239,69
"64",2007,4,6.175,6,6.26666666666667,6.08333333333333,NA,6.08333333333333,6.26666666666667,3,3,0,3,3,282,175,107,18,120,162,6.46291007092199,6.81314285714286,5.89009943925234,5.97222222222222,6.44958333333333,6.47278172839506,70
"65",2007,5,6.71428571428571,7,7.2,5.5,6,6,7.25,5,2,1,3,4,289,180,109,19,123,166,6.46899875432526,6.82388888888889,5.88294165137615,5.97368421052632,6.43861788617886,6.49150987951807,71
"66",2007,6,6,3,7,5.5,4,NA,6,1,2,1,0,3,292,181,111,20,123,169,6.4641802739726,6.82486187845304,5.8760418018018,5.875,6.43861788617886,6.48278485207101,72
"67",2007,7,6.33333333333333,9,6.66666666666667,5.66666666666667,NA,6.16666666666667,6.41666666666667,6,3,0,3,6,301,187,114,20,126,175,6.46026790697674,6.81978609625669,5.87053192982456,5.875,6.43214285714286,6.48051794285714,73
"68",2007,8,6.61111111111111,9,6.875,6.4,4,6.33333333333333,7.16666666666667,4,5,1,6,3,310,191,119,21,132,178,6.46464722580645,6.82094240837696,5.89277848739496,5.78571428571429,6.42765151515152,6.49208224719101,74
"69",2007,9,6.11111111111111,9,6.66666666666667,5,NA,5.75,6.4,6,3,0,4,5,319,197,122,21,136,183,6.45467285266458,6.81624365482234,5.87082491803279,5.78571428571429,6.40772058823529,6.48956633879781,75
"70",2007,10,7.35454545454545,11,7.38571428571429,7.3,8,7.84,6.95,7,4,1,5,6,330,204,126,22,141,189,6.48466860606061,6.83578431372549,5.91619555555556,5.88636363636364,6.45851063829787,6.50418328042328,76
"71",2007,11,6.73076923076923,13,6.71428571428571,6.75,NA,6.9,6.625,7,6,0,5,8,343,211,132,22,146,197,6.49399603498542,6.83175355450237,5.95409575757576,5.88636363636364,6.4736301369863,6.50908954314721,77
"72",2007,12,6.9,15,7.3125,6.42857142857143,NA,7.5,6.6,8,7,0,5,10,358,219,139,22,151,207,6.51100737430168,6.84931506849315,5.97799021582734,5.88636363636364,6.50761589403974,6.51348135265701,78
"73",2008,1,6.29166666666667,12,7.3,5.57142857142857,NA,6.5625,5.75,5,7,0,8,4,370,224,146,22,159,211,6.50389362162162,6.859375,5.95849753424658,5.88636363636364,6.51037735849057,6.49900777251185,79
"74",2008,2,5.5,7,6.125,4.66666666666667,NA,5.2,6.25,4,3,0,5,2,377,228,149,22,164,213,6.48525368700265,6.84649122807018,5.93248751677852,5.88636363636364,6.47042682926829,6.4966696713615,80
"75",2008,3,6.22222222222222,9,6.9,5.375,NA,6,6.33333333333333,5,4,0,3,6,386,233,153,22,167,219,6.47912082901555,6.84763948497854,5.91791267973856,5.88636363636364,6.46197604790419,6.49219470319635,81
"76",2008,4,6.51041666666667,12,7.25,6.140625,5.33333333333333,6.58928571428571,6.4,4,8,3,7,5,398,237,161,25,174,224,6.48006442211055,6.85443037974684,5.92897913043478,5.82,6.46709770114943,6.49013678571429,82
"77",2008,5,6.375,12,7.2,5.78571428571429,6,6.625,6.25,5,7,1,4,8,410,242,168,26,178,232,6.47698936585366,6.86157024793389,5.92300976190476,5.82692307692308,6.47064606741573,6.48185620689655,83
"78",2008,6,6.54285714285714,7,7.375,5.43333333333333,5,5.65,6.9,4,3,1,2,5,417,246,171,27,180,237,6.47809505995204,6.86991869918699,5.91441894736842,5.7962962962963,6.46152777777778,6.49067780590717,84
"79",2008,7,6.80769230769231,13,7.2,6.5625,5.875,6.9375,6.6,5,8,4,8,5,430,251,179,31,188,242,6.48805962790698,6.87649402390438,5.94338346368715,5.80645161290323,6.48178191489362,6.49293652892562,85
"80",2008,8,6.22222222222222,9,6.5,5.66666666666667,5,5.25,7,6,3,1,4,5,439,257,182,32,192,247,6.48260965831435,6.86770428015564,5.9388221978022,5.78125,6.45611979166667,6.50320097165992,86
"81",2008,9,5.375,10,8,5.08333333333333,4.66666666666667,4.5,5.59375,1,9,3,2,8,449,258,191,35,194,255,6.45794129175947,6.87209302325581,5.89851120418848,5.68571428571429,6.43595360824742,6.47466917647059,87
"82",2008,10,5.8125,8,5.75,5.875,5.83333333333333,6,5.7,4,4,3,3,5,457,262,195,38,197,260,6.44664253829322,6.85496183206107,5.89802892307692,5.69736842105263,6.42931472081218,6.45977169230769,88
"83",2008,11,5.55555555555556,18,6,5.2,5.16666666666667,5.55555555555556,5.55555555555556,8,10,3,9,9,475,270,205,41,206,269,6.41287503157895,6.82962962962963,5.86397873170732,5.65853658536585,6.39114077669903,6.42951910780669,89
"84",2008,12,6.955,5,7.4375,6.63333333333333,NA,7.875,6.725,2,3,0,1,4,480,272,208,41,207,273,6.41852216666667,6.83409926470588,5.87507519230769,5.65853658536585,6.39830917874396,6.4338484981685,90
"85",2009,1,6.27777777777778,9,5.83333333333333,6.5,6,6.375,6.2,3,6,3,4,5,489,275,214,44,211,278,6.41593177914111,6.82318181818182,5.89259644859813,5.68181818181818,6.3978672985782,6.42964258992806,91
"86",2009,2,6.7,10,6.875,6,6,7.5,6.5,8,2,1,2,8,499,283,216,45,213,286,6.42162452905812,6.82464664310954,5.89359092592593,5.68888888888889,6.40821596244131,6.43161062937063,92
"87",2009,3,6.53333333333333,12,7.4,5.66666666666667,6,6.71428571428571,6.28,6,6,2,7,5,511,289,222,47,220,291,6.42424782778865,6.83659169550173,5.88745783783784,5.70212765957447,6.41795454545455,6.42900563573883,93
"88",2009,4,6.28571428571429,7,6.75,5.66666666666667,NA,7,6,4,3,0,2,5,518,293,225,47,222,296,6.42237575289575,6.83540955631399,5.88451395555556,5.70212765957447,6.4231981981982,6.42175891891892,94
"89",2009,5,6.83125,16,6.86666666666667,6.78571428571429,6.5,7,6.82,9,7,3,1,15,534,302,232,50,223,311,6.43462666666667,6.83634105960265,5.91170534482759,5.75,6.42578475336323,6.44096668810289,95
"90",2009,6,5.5,6,5.625,5.25,6,5.7,4.5,4,2,1,5,1,540,306,234,51,228,312,6.42424192592593,6.82050653594771,5.90604974358974,5.75490196078431,6.40986842105263,6.43474564102564,96
"91",2009,7,6.8125,8,6.625,7,7,6.33333333333333,7.1,4,4,1,3,5,548,310,238,52,231,317,6.4299099270073,6.81798387096774,5.92443546218487,5.77884615384615,6.40887445887446,6.44523861198738,97
"92",2009,8,6.75,10,7.41666666666667,5.75,5.75,6,7.25,6,4,4,4,6,558,316,242,56,235,323,6.43564630824373,6.82935126582279,5.92155223140496,5.77678571428571,6.40191489361702,6.46018773993808,98
"93",2009,9,7.3,5,7.83333333333333,6.5,7,8.5,7,3,2,1,1,4,563,319,244,57,236,327,6.44332262877442,6.83879310344828,5.92629360655738,5.79824561403509,6.41080508474576,6.46679094801223,99
"94",2009,10,6.05384615384615,13,6.28333333333333,5.85714285714286,5,6.25,5.96666666666667,6,7,2,4,9,576,325,251,59,240,336,6.43453236111111,6.82853846153846,5.92436509960159,5.77118644067797,6.408125,6.45339476190476,100
"95",2009,11,6.625,8,6.9,6.16666666666667,NA,7.625,5.625,5,3,0,4,4,584,330,254,59,244,340,6.43714150684932,6.82962121212121,5.92722692913386,5.77118644067797,6.4280737704918,6.44364894117647,101
"96",2009,12,6.07142857142857,7,7.375,4.33333333333333,3,6.625,5.33333333333333,4,3,1,4,3,591,334,257,60,248,343,6.43280988155668,6.83615269461078,5.90862116731518,5.725,6.43125,6.43393772594752,102
"97",2010,1,6.2,5,7,6,NA,7,6,1,4,0,1,4,596,335,261,60,249,347,6.43085677852349,6.83664179104478,5.9100216091954,5.725,6.43353413654618,6.42893556195965,103
"98",2010,2,6.5,2,7,6,NA,NA,6.5,1,1,0,0,2,598,336,262,60,249,349,6.43108802675585,6.83712797619048,5.91036503816794,5.725,6.43353413654618,6.42934280802292,104
"99",2010,3,6.36363636363636,11,7.2,5.66666666666667,NA,7,6.3,5,6,0,1,10,609,341,268,60,250,359,6.42986968801314,6.84244868035191,5.90490910447761,5.725,6.4358,6.42573994428969,105
"100",2010,4,6.33333333333333,3,8,5.5,NA,5.5,8,1,2,0,2,1,612,342,270,60,252,360,6.42939647058824,6.84583333333333,5.90190977777778,5.725,6.42837301587302,6.43011288888889,106
"101",2010,5,6.42857142857143,7,6.5,6.33333333333333,6,6,6.5,4,3,1,1,6,619,346,273,61,253,366,6.42938714054927,6.84183526011561,5.9066506959707,5.72950819672131,6.42667984189723,6.43125857923497,107
"102",2010,6,5.5,6,6,5.25,NA,5,5.6,2,4,0,1,5,625,348,277,61,254,371,6.420465024,6.83699712643678,5.89716837545126,5.72950819672131,6.42106299212598,6.42005563342318,108
"103",2010,7,7.52222222222222,9,8.74,6,7,9.5,6.95714285714286,5,4,1,2,7,634,353,281,62,256,378,6.4361051104101,6.86395184135977,5.89863217081851,5.75,6.4451171875,6.43000169312169,109
"104",2010,8,6.25,8,7,5,6,6,6.28571428571429,5,3,1,1,7,642,358,284,63,257,385,6.43378604361371,6.86585195530726,5.88913957746479,5.75396825396825,6.44338521400778,6.42737828571429,110
"105",2010,9,6,2,NA,6,5,NA,6,0,2,1,0,2,644,358,286,64,257,387,6.43243888198758,6.86585195530726,5.88991482517483,5.7421875,6.44338521400778,6.4251696124031,111
"106",2010,10,6.06,10,6.9,4.8,NA,4.5,6.72857142857143,6,4,0,3,7,654,364,290,64,260,394,6.42674409785933,6.86641483516483,5.87488151724138,5.7421875,6.42096153846154,6.43056,112
"107",2010,11,7.67857142857143,7,8.625,6.41666666666667,NA,8,7.625,4,3,0,1,6,661,368,293,64,261,400,6.44000096822996,6.88552989130435,5.88042880546075,5.7421875,6.42701149425287,6.4484766,113
"108",2010,12,6.75,6,7,6.25,NA,7,6.7,4,2,0,1,5,667,372,295,64,262,405,6.44278956521739,6.88676075268817,5.88293437288136,5.7421875,6.42919847328244,6.45158182716049,114
"109",2011,1,6.4,5,6.33333333333333,6.5,NA,6,6.5,3,2,0,1,4,672,375,297,64,263,409,6.44247119047619,6.88233333333333,5.8870896969697,5.7421875,6.42756653992395,6.45205535452323,115
"110",2011,2,6.08333333333333,6,6.33333333333333,5.83333333333333,NA,6.25,6,3,3,0,2,4,678,378,300,64,265,413,6.43929297935103,6.87797619047619,5.88655213333333,5.7421875,6.42622641509434,6.44767709443099,116
"111",2011,3,6.24444444444444,9,6.8,5.8,6,6.24,6.25,4,5,2,5,4,687,382,305,66,270,417,6.43674037845706,6.87715968586387,5.88513324590164,5.75,6.42277777777778,6.44578091127098,117
"112",2011,4,6.0625,8,6,6.1,6,6,6.08333333333333,3,5,1,2,6,695,385,310,67,272,423,6.43243257553957,6.87032467532467,5.88859883870968,5.75373134328358,6.41966911764706,6.4406398108747,118
"113",2011,5,6.75,4,7.5,6,NA,8,6.33333333333333,2,2,0,1,3,699,387,312,67,273,426,6.43424984263233,6.87357881136951,5.88931294871795,5.75373134328358,6.42545787545787,6.4398841314554,119
"114",2011,6,6.6,2,7.5,5.7,NA,6.6,NA,1,1,0,2,0,701,388,313,67,275,426,6.43472273894437,6.87519329896907,5.88870811501597,5.75373134328358,6.42672727272727,6.4398841314554,120
"115",2011,7,6.45833333333333,12,6.375,6.625,NA,6,6.6875,8,4,0,4,8,713,396,317,67,279,434,6.43512011220196,6.86508838383838,5.89799886435331,5.75373134328358,6.42060931899642,6.44444847926267,121
"116",2011,8,7.025,4,7.36666666666667,6,6,6,7.36666666666667,3,1,1,1,3,717,399,318,68,280,437,6.4384109344491,6.86885964912281,5.89831962264151,5.75735294117647,6.41910714285714,6.45077949656751,122
"117",2011,9,6.27272727272727,11,6.64285714285714,5.625,7.35,6.4,6.16666666666667,7,4,2,5,6,728,406,322,70,285,443,6.43590747252747,6.86496305418719,5.89492434782609,5.80285714285714,6.41877192982456,6.44693146726862,123
"118",2011,10,5.61538461538461,13,5.83333333333333,5.125,4.5,5.33333333333333,5.7,9,4,1,3,10,741,415,326,71,288,453,6.42151233468286,6.84259036144578,5.88547742331288,5.78450704225352,6.40746527777778,6.43044291390729,124
"119",2011,11,6,11,6.14285714285714,5.75,NA,6.2,5.83333333333333,7,4,0,5,6,752,422,330,71,293,459,6.41534659574468,6.83098341232227,5.88383527272727,5.78450704225352,6.40392491467577,6.42263755991285,125
"120",2011,12,7.16666666666667,12,7.57142857142857,6.6,NA,7,7.18181818181818,7,5,0,1,11,764,429,335,71,294,470,6.42714743455498,6.84306526806527,5.89452429850746,5.78450704225352,6.40595238095238,6.44040561702128,126
"121",2012,1,6.42307692307692,13,6.52272727272727,5.875,NA,6.5,6.375,11,2,0,5,8,777,440,337,71,299,478,6.42707933075933,6.83505681818182,5.8944084272997,5.78450704225352,6.40752508361204,6.4393109623431,127
"122",2012,2,6.81428571428571,7,7,6.56666666666667,6.5,7.175,6.33333333333333,4,3,1,4,3,784,444,340,72,303,481,6.43053653061225,6.83654279279279,5.90034011764706,5.79444444444444,6.41765676567657,6.43864997920998,128
"123",2012,3,6.1,8,7,5.2,NA,5,6.46666666666667,4,4,0,2,6,792,448,344,72,305,487,6.42719777777778,6.83800223214286,5.89219662790698,5.79444444444444,6.40836065573771,6.43899515400411,129
"124",2012,4,6.32857142857143,7,6.2,6.65,6,6.65,6.2,5,2,1,2,5,799,453,346,73,307,492,6.42633371714644,6.83096026490066,5.89657699421965,5.7972602739726,6.40993485342019,6.43656634146341,130
"125",2012,5,5.70714285714286,7,6.76666666666667,4.9125,NA,5,5.825,3,4,0,1,6,806,456,350,73,308,498,6.4200876426799,6.83053728070175,5.8853304,5.7972602739726,6.40535714285714,6.42919807228916,131
"126",2012,6,6.24,5,7.06666666666667,5,5,6.5,6.06666666666667,3,2,1,2,3,811,459,352,74,310,501,6.41897736128237,6.83208061002179,5.88030011363636,5.78648648648649,6.40596774193548,6.4270272255489,132
"127",2012,7,6.64,7,7.25,5.82666666666667,5,7,6.37,4,3,1,3,4,818,463,355,75,313,505,6.42086875305624,6.83569114470842,5.87984687323944,5.776,6.41166134185304,6.42657552475247,133
"128",2012,8,5.72142857142857,7,7.65,4.95,NA,5.625,5.76,2,5,0,2,5,825,465,360,75,315,510,6.41493410909091,6.8391935483871,5.86693233333333,5.776,6.40666666666667,6.42004047058824,134
"129",2012,9,6,10,6.3,5.7,5.5,5.5,6.21428571428571,5,5,3,3,7,835,470,365,78,318,517,6.40996483832335,6.83345744680851,5.8646455890411,5.76538461538462,6.39811320754717,6.41725462282398,135
"130",2012,10,6.32,15,6.71428571428571,5.975,9,6.56,6.2,7,8,1,5,10,850,477,373,79,323,527,6.40837722352941,6.83170859538784,5.86701243967828,5.80632911392405,6.40061919504644,6.41313214421252,136
"131",2012,11,6.52777777777778,18,7.05555555555556,6,6,6.78571428571429,6.36363636363636,9,9,2,7,11,868,486,382,81,330,538,6.4108532718894,6.83585390946502,5.87014565445026,5.81111111111111,6.40878787878788,6.41212014869889,137
"132",2012,12,6.9375,8,7,6.75,NA,8,6.58333333333333,6,2,0,2,6,876,492,384,81,332,544,6.41566283105023,6.83785569105691,5.87472822916667,5.81111111111111,6.4183734939759,6.41400852941177,138
"133",2013,1,7.1875,8,7.75,5.5,NA,8.5,6.75,6,2,0,2,6,884,498,386,81,334,550,6.42264778280543,6.8488453815261,5.87278663212435,5.81111111111111,6.43083832335329,6.41767389090909,139
"134",2013,2,7.6,5,8.25,7.16666666666667,NA,8.5,7.375,2,3,0,1,4,889,500,389,81,335,554,6.42926956130484,6.85445,5.88276514138817,5.81111111111111,6.43701492537314,6.42458599277978,140
"135",2013,3,6.04444444444444,9,6.83333333333333,5.65,NA,6.58,5.375,3,6,0,5,4,898,503,395,81,340,558,6.42541273942094,6.854324055666,5.87922946835443,5.81111111111111,6.43911764705882,6.41706207885305,141
"136",2013,4,6.70833333333333,12,6.8125,6.5,NA,6.5,6.75,8,4,0,2,10,910,511,399,81,342,568,6.42914356043956,6.85366927592955,5.88545273182957,5.81111111111111,6.43947368421053,6.42292366197183,142
"137",2013,5,5.9375,8,6.375,5.5,6,5.5,6.08333333333333,4,4,2,2,6,918,515,403,83,344,574,6.42485908496732,6.84995145631068,5.88162689826303,5.81566265060241,6.43401162790698,6.41937393728223,143
"138",2013,6,6.33333333333333,6,6.5,6,5,NA,6.33333333333333,4,2,1,0,6,924,519,405,84,344,580,6.42426476190476,6.84725433526012,5.88221145679012,5.80595238095238,6.43401162790698,6.41848386206897,144
"139",2013,7,6.28571428571429,7,6.33333333333333,6.25,7,5.66666666666667,6.75,3,4,1,3,4,931,522,409,85,347,584,6.42322302900107,6.84430076628353,5.88580841075795,5.82,6.42737752161383,6.42075452054794,145
"140",2013,8,5.85,10,5.7,6,6.5,7,5.72222222222222,5,5,1,1,9,941,527,414,86,348,593,6.41713139213603,6.8334440227704,5.88718753623188,5.82790697674419,6.42902298850575,6.41015284991568,146
"141",2013,9,6.25,9,7.05,5.25,NA,7,6.15625,5,4,0,1,8,950,532,418,86,349,601,6.41554804210526,6.83547932330827,5.88109004784689,5.82790697674419,6.43065902578797,6.40677311148086,147
"142",2013,10,7,3,7,NA,NA,7.5,6,3,0,0,2,1,953,535,418,86,351,602,6.41738786988458,6.83640186915888,5.88109004784689,5.82790697674419,6.43675213675214,6.40609740863787,148
"143",2013,11,6.40909090909091,11,7.2,5.75,3.5,6.35714285714286,6.5,5,6,1,7,4,964,540,424,87,358,606,6.41729319502075,6.83976851851852,5.879235,5.80114942528736,6.43519553072626,6.40671722772277,149
"144",2013,12,6.32894736842105,19,6.5,6.22916666666667,6,6.75,6.21666666666667,7,12,3,4,15,983,547,436,90,362,621,6.41558559511699,6.83542047531993,5.88886614678899,5.80777777777778,6.43867403314917,6.40212663446055,150
"145",2014,1,5.63636363636364,11,5.83333333333333,5.5625,5.33333333333333,5.5,5.66666666666667,3,8,3,2,9,994,550,444,93,364,630,6.40696241448692,6.82995454545455,5.88298567567568,5.79247311827957,6.43351648351648,6.39162006349206,151
"146",2014,2,6.59375,8,6.8125,6.375,6,6.875,6.5,4,4,1,2,6,1002,554,448,94,366,636,6.40845373253493,6.8298285198556,5.88737866071429,5.79468085106383,6.43592896174863,6.39264251572327,152
"147",2014,3,7,7,7.25,6.66666666666667,6,8,6.25,4,3,2,3,4,1009,558,451,96,369,640,6.41255762140733,6.83284050179212,5.89256239467849,5.79895833333333,6.44864498644986,6.391751,153
"148",2014,4,6.25,14,6.5,5.91666666666667,3,5.5,6.55,8,6,1,4,10,1023,566,457,97,373,650,6.41033298142718,6.82813604240283,5.89287886214442,5.77010309278351,6.43847184986595,6.3941856,154
"149",2014,5,7.25555555555556,9,7.61428571428571,6,NA,8.5,6.9,7,2,0,2,7,1032,573,459,97,375,657,6.41770410852713,6.83773996509599,5.89334562091503,5.77010309278351,6.44946666666667,6.39957479452055,155
"150",2014,6,6.5625,8,6.6,6.5,NA,6.125,7,5,3,0,4,4,1040,578,462,97,379,661,6.41881792307692,6.83568339100346,5.89728493506494,5.77010309278351,6.44604221635884,6.40320822995461,156
"151",2014,7,5.75,6,6.5,5.375,4,5,6.125,2,4,1,2,4,1046,580,466,98,381,665,6.41498149139579,6.83452586206897,5.89280180257511,5.75204081632653,6.43845144356955,6.40153479699248,157
"152",2014,8,6.88,10,6.97777777777778,6,NA,7.43333333333333,6.64285714285714,9,1,0,3,7,1056,589,467,98,384,672,6.41938507575758,6.83671477079796,5.8930313490364,5.75204081632653,6.44622395833333,6.40404857142857,158
"153",2014,9,5.8,5,7,4,4,NA,5.8,3,2,1,0,5,1061,592,469,99,384,677,6.41646620169651,6.83754222972973,5.8849587206823,5.73434343434343,6.44622395833333,6.39958735598227,159
"154",2014,10,6.46666666666667,6,7.4,6,5,NA,6.46666666666667,2,4,1,0,6,1067,594,473,100,384,683,6.41674849109653,6.83943602693603,5.88593158562368,5.727,6.44622395833333,6.40017663250366,160
"155",2014,11,6.9,5,7.125,6,NA,7.5,6.5,4,1,0,2,3,1072,598,474,100,386,686,6.41900246268657,6.84134615384616,5.88617223628692,5.727,6.45168393782384,6.40061317784257,161
"156",2014,12,5.75,10,5.8125,5.5,NA,NA,5.75,8,2,0,0,10,1082,606,476,100,386,696,6.41281944547135,6.82776402640264,5.88454966386555,5.727,6.45168393782384,6.39126528735632,162
"157",2015,1,6.46315789473684,19,6.75,5.97142857142857,7,7.16666666666667,6.33125,12,7,4,3,16,1101,618,483,104,389,712,6.41368813805631,6.82625404530744,5.88580877846791,5.77596153846154,6.45719794344473,6.38991662921348,163
"158",2015,2,6.75,4,7,6.5,6.5,6.5,7,2,2,2,2,2,1105,620,485,106,391,714,6.41490555656109,6.82681451612903,5.8883415257732,5.78962264150943,6.4574168797954,6.39162554621849,164
"159",2015,3,6.4,5,6.25,7,NA,6,6.66666666666667,4,1,0,2,3,1110,624,486,106,393,717,6.41483841441442,6.82311698717949,5.89062888888889,5.78962264150943,6.45508905852417,6.39277634588563,165
"160",2015,4,5.23333333333333,12,6.5,4.98,5.2,4,5.64444444444444,2,10,2,3,9,1122,626,496,108,396,726,6.40220199643494,6.82208466453674,5.87226943548387,5.7787037037037,6.4364898989899,6.38349950413223,166
"161",2015,5,6,6,6.2,5,5,NA,6,5,1,1,0,6,1128,631,497,109,396,732,6.40006262411348,6.81715530903328,5.87051436619718,5.77155963302752,6.4364898989899,6.38035606557377,167
"162",2015,6,5.98333333333333,12,6.96,5.28571428571429,7,5.33333333333333,6.2,5,7,1,3,9,1140,636,504,110,399,741,6.395676,6.81827830188679,5.86239214285714,5.78272727272727,6.42819548872181,6.37816550607288,168
"163",2015,7,6.82857142857143,7,7.3,6.2,NA,6.5,6.88333333333333,4,3,0,1,6,1147,640,507,110,400,747,6.39831790758501,6.8212890625,5.86438982248521,5.78272727272727,6.428375,6.3822230789826,169
"164",2015,8,6.27272727272727,11,6.5625,5.5,4.75,6.83333333333333,6.0625,8,3,2,3,8,1158,648,510,112,403,755,6.39712490500864,6.81809413580247,5.86224635294118,5.76428571428571,6.43138957816377,6.37883528476821,170
"165",2015,9,6.625,8,6.8,6.33333333333333,NA,9,6.28571428571429,5,3,0,1,7,1166,653,513,112,404,762,6.39868837049743,6.81795558958652,5.86500124756335,5.76428571428571,6.43774752475248,6.37797984251969,171
"166",2015,10,5.57692307692308,13,5.5,5.7,6.25,5.5,5.6,8,5,2,3,10,1179,661,518,114,407,772,6.3896273452078,6.80200453857791,5.86340857142857,5.77280701754386,6.43083538083538,6.36790238341969,172
"167",2015,11,6.6875,8,7.25,5,NA,6,6.91666666666667,6,2,0,2,6,1187,667,520,114,409,778,6.3916349115417,6.80603448275862,5.86008776923077,5.77280701754386,6.42872860635697,6.37213449871465,173
"168",2015,12,6.55555555555556,9,7.2,5.75,NA,7,6.42857142857143,5,4,0,2,7,1196,672,524,114,411,785,6.39286842809365,6.80896577380953,5.85924740458015,5.77280701754386,6.43150851581509,6.37263775796178,174
"169",2016,1,6.90769230769231,13,7,6.8,7.8,7.5,6.85833333333333,7,6,1,1,12,1209,679,530,115,412,797,6.39840416873449,6.8109351988218,5.86989743396227,5.7904347826087,6.43410194174757,6.37995061480552,175
"170",2016,2,6.76,10,6.66666666666667,6.9,6.05,7.375,6.35,6,4,2,4,6,1219,685,534,117,416,803,6.40137050041017,6.80967153284672,5.87761355805244,5.79487179487179,6.44314903846154,6.37972682440847,176
"171",2016,3,6.35714285714286,7,7.5,5.9,5,6,6.625,2,5,2,3,4,1226,687,539,119,419,807,6.4011179771615,6.81168122270743,5.8778212244898,5.78151260504202,6.43997613365155,6.38094255266419,177
"172",2016,4,6.94444444444444,9,7.25,6.33333333333333,6,7.9,6.825,6,3,1,1,8,1235,693,542,120,420,815,6.40507744129555,6.81547619047619,5.88034250922509,5.78333333333333,6.44345238095238,6.38530139877301,178
"173",2016,5,6.55555555555556,9,6.42857142857143,7,6,7.5,6.28571428571429,7,2,1,2,7,1244,700,544,121,422,822,6.40616610932476,6.81160714285714,5.88445889705882,5.78512396694215,6.44845971563981,6.38445333333333,179
"174",2016,6,7.125,8,7.75,6.5,NA,NA,7.125,4,4,0,0,8,1252,704,548,121,422,830,6.4107592971246,6.81693892045455,5.88895189781022,5.78512396694215,6.44845971563981,6.39159113253012,180
"175",2016,7,6.75,8,7.16666666666667,5.5,NA,NA,6.75,6,2,0,0,8,1260,710,550,121,422,838,6.41291320634921,6.81989436619718,5.88753752727273,5.78512396694215,6.44845971563981,6.39501269689738,181
"176",2016,8,6.25714285714286,7,7.1,5.625,NA,6.2,6.33333333333333,3,4,0,4,3,1267,713,554,121,426,841,6.41205259668508,6.8210729312763,5.88564194945848,5.78512396694215,6.44612676056338,6.39479267538645,182
"177",2016,9,6.51666666666667,6,6.75,6.05,5.1,5.1,6.8,4,2,1,1,5,1273,717,556,122,427,846,6.41254567164179,6.82067642956764,5.88623316546763,5.77950819672131,6.44297423887588,6.3971875177305,183
"178",2016,10,6.77777777777778,9,6.75,7,NA,7,6.71428571428571,8,1,0,2,7,1282,725,557,122,429,853,6.41510970358815,6.81989655172414,5.88823274685817,5.77950819672131,6.4455710955711,6.39978973036343,184
"179",2016,11,6.625,8,6.5,7,NA,6.625,6.625,6,2,0,4,4,1290,731,559,122,433,857,6.41641134883721,6.81727086183311,5.89221044722719,5.77950819672131,6.4472286374134,6.40084088681447,185
"180",2016,12,6.85714285714286,7,6.6,7.5,NA,7.33333333333333,6.5,5,2,0,3,4,1297,736,561,122,436,861,6.4187900077101,6.81579483695652,5.89794231729055,5.77950819672131,6.4533256880734,6.40130155632985,186
"181",2017,1,6.96153846153846,13,7,6.83333333333333,NA,7,6.95833333333333,10,3,0,1,12,1310,746,564,122,437,873,6.4241760610687,6.81826407506703,5.90291780141844,5.77950819672131,6.4545766590389,6.40895835051547,187
"182",2017,2,6.52727272727273,11,7.13333333333333,5.8,5,6.16,6.83333333333333,6,5,1,5,6,1321,752,569,123,442,879,6.42503454958365,6.82077792553192,5.90201342706503,5.77317073170732,6.4512443438914,6.41185510807736,188
"183",2017,3,7.8,5,7.75,8,NA,NA,7.8,4,1,0,0,5,1326,756,570,123,442,884,6.43021918552036,6.82569444444445,5.90569410526316,5.77317073170732,6.4512443438914,6.41970660633484,189
"184",2017,4,7.27272727272727,11,7.16666666666667,7.4,7.5,7.5,7.22222222222222,6,5,2,2,9,1337,762,575,125,444,893,6.43715081525804,6.82837926509186,5.91868806956522,5.8008,6.45596846846847,6.42779466965286,190
"185",2017,5,6.6,15,6.65,6.5,7,6.5,6.625,10,5,1,3,12,1352,772,580,126,447,905,6.4389575739645,6.82606865284974,5.92369937931035,5.81031746031746,6.45626398210291,6.43040954696133,191
"186",2017,6,6.625,8,6.5,7,NA,6,6.83333333333333,6,2,0,2,6,1360,778,582,126,449,911,6.44005194117647,6.82355398457584,5.92739800687285,5.81031746031746,6.45423162583519,6.43306327113063,192
"187",2017,7,6.5,6,6.66666666666667,6.33333333333333,5,6,6.75,3,3,1,2,4,1366,781,585,127,451,915,6.44031525622255,6.82295134443022,5.92947972649573,5.80393700787402,6.45221729490022,6.43444878688525,193
"188",2017,8,6.36363636363636,11,6.625,5.66666666666667,6,6,6.44444444444444,8,3,1,2,9,1377,789,588,128,453,924,6.43970271604938,6.82094423320659,5.92813884353742,5.80546875,6.45022075055188,6.43454614718615,194
"189",2017,9,6.9375,8,7.5,6.375,NA,8,6.78571428571429,4,4,0,1,7,1385,793,592,128,454,931,6.44257807942238,6.82436948297604,5.93115817567568,5.80546875,6.45363436123348,6.43718650912997,195
"190",2017,10,6.96428571428571,14,7.35,6,NA,6.25,7.08333333333333,10,4,0,2,12,1399,803,596,128,456,943,6.4477988849178,6.83091531755916,5.93162020134228,5.80546875,6.45274122807018,6.44540895015907,196
"191",2017,11,6.484375,16,6.85,5.875,NA,7.05,6.22727272727273,10,6,0,5,11,1415,813,602,128,461,954,6.4482124664311,6.83115006150062,5.93105588039867,5.80546875,6.4592190889371,6.44289375262055,197
"192",2017,12,6.47142857142857,7,6.55,6,6,5.5,6.86,6,1,1,2,5,1422,819,603,129,463,959,6.44832675105485,6.82909035409036,5.93117021558872,5.80697674418605,6.45507559395249,6.44506844629823,198
"193",2018,1,6.65789473684211,19,7.55,5.66666666666667,6.66666666666667,6.9375,6.45454545454545,10,9,3,8,11,1441,829,612,132,471,970,6.45108996530187,6.83778648974668,5.92728045751634,5.82651515151515,6.46326963906582,6.44517591752578,199
"194",2018,2,6.41785714285714,14,6.72857142857143,6.10714285714286,4.5,4,6.60384615384615,7,7,2,1,13,1455,836,619,134,472,983,6.45077019931272,6.83687200956938,5.92931444264944,5.80671641791045,6.45805084745763,6.44727430315361,200
"195",2018,3,6.43,10,6.96666666666667,5.625,NA,4.5,6.64444444444444,6,4,0,1,9,1465,842,623,134,473,992,6.45062842320819,6.83779691211402,5.92736057784912,5.80671641791045,6.453911205074,6.44906314516129,201
"196",2018,4,5.81818181818182,11,6.4,5.33333333333333,3,6.33333333333333,5.625,5,6,1,3,8,1476,847,629,135,476,1000,6.44591506775068,6.83521251475797,5.92169418124006,5.78592592592593,6.4531512605042,6.44247064,202
"197",2018,5,6.9,7,6.7,7.4,NA,7,6.88333333333333,5,2,0,1,6,1483,852,631,135,477,1006,6.44805842211733,6.83441901408451,5.92637977812995,5.78592592592593,6.45429769392034,6.44510003976143,203
"198",2018,6,7.04545454545455,11,7.4,6.75,NA,7,7.05,5,6,0,1,10,1494,857,637,135,478,1016,6.4524569210174,6.83771878646441,5.93413758241758,5.78592592592593,6.45543933054393,6.45105377952756,204
"199",2018,7,6.32,5,6.53333333333333,6,NA,NA,6.32,3,2,0,0,5,1499,860,639,135,478,1021,6.45201510340227,6.83665697674419,5.93434372456964,5.78592592592593,6.45543933054393,6.45041198824682,205
"200",2018,8,6.75,10,7.83333333333333,5.125,4.5,NA,6.75,6,4,2,0,10,1509,866,643,137,478,1031,6.45398982107356,6.8435623556582,5.92930892690513,5.76715328467153,6.45543933054393,6.4533177885548,206
"201",2018,9,6.5,5,6.625,6,NA,NA,6.5,4,1,0,0,5,1514,870,644,137,478,1036,6.45414177014531,6.84255747126437,5.92941869565217,5.76715328467153,6.45543933054393,6.45354308880309,207
"202",2018,10,6.57333333333333,15,6.9,5.92,5,7,6.46666666666667,10,5,1,3,12,1529,880,649,138,481,1048,6.45531107913669,6.84321022727273,5.92934613251156,5.76159420289855,6.45883575883576,6.45369335877863,208
"203",2018,11,6.53333333333333,6,6.825,5.95,NA,NA,6.53333333333333,4,2,0,0,6,1535,884,651,138,481,1054,6.45561605211726,6.8431278280543,5.92940958525346,5.76159420289855,6.45883575883576,6.45414671726756,209
"204",2018,12,6.60666666666667,15,6.85,6.12,5.5,6.5,6.62307692307692,10,5,2,2,13,1550,894,656,140,483,1067,6.45707783225807,6.84320469798658,5.93086225609756,5.75785714285714,6.45900621118013,6.45620491096533,210
"205",2019,1,6.07894736842105,19,6.32142857142857,5.4,5.33333333333333,6,6.09375,14,5,3,3,16,1569,908,661,143,486,1083,6.45249881453155,6.83515969162996,5.92684665658094,5.74895104895105,6.45617283950617,6.4508500831025,211
"206",2019,2,6.33333333333333,9,6,6.75,6,6.5,6.28571428571429,5,4,3,2,7,1578,913,665,146,488,1090,6.4518191634981,6.83058598028478,5.93179795488722,5.7541095890411,6.45635245901639,6.44978957798165,212
"207",2019,3,6.09090909090909,11,6.71428571428571,5,4.5,5,6.33333333333333,7,4,2,2,9,1589,920,669,148,490,1099,6.44932073001888,6.82970108695652,5.92622666666667,5.73716216216216,6.45040816326531,6.44883588717016,213
"208",2019,4,6.53333333333333,6,7.4,5.66666666666667,5,8,6.24,3,3,1,1,5,1595,923,672,149,491,1104,6.44963676489028,6.83155471289274,5.92506791666667,5.73221476510067,6.45356415478615,6.44789007246377,214
"209",2019,5,6.28333333333333,6,6.85,6,6,8,5.94,2,4,3,1,5,1601,925,676,152,492,1109,6.44901351655216,6.8315945945946,5.92551130177515,5.7375,6.45670731707317,6.44560021641118,215
"210",2019,6,7.07142857142857,7,7.41666666666667,5,NA,7,7.08333333333333,6,1,0,1,6,1608,931,677,152,493,1115,6.45172303482587,6.83536519871107,5.92414422451994,5.7375,6.4578093306288,6.44903196412556,216
"211",2019,7,6.55,10,6.9375,5,NA,7,6.4375,8,2,0,2,8,1618,939,679,152,495,1123,6.45233043263288,6.83623535676252,5.92142215022091,5.7375,6.46,6.44894981300089,217
"212",2019,8,6.68181818181818,11,6.8,5.5,NA,7.5,6.5,10,1,0,2,9,1629,949,680,152,497,1132,6.45388007366483,6.83585353003161,5.92080241176471,5.7375,6.46418511066399,6.44935568904594,218
"213",2019,9,6.57272727272727,11,6.68571428571429,6.375,NA,6,6.63,7,4,0,1,10,1640,956,684,152,498,1142,6.4546772195122,6.83475418410042,5.92345853801169,5.7375,6.46325301204819,6.45093751313485,219
"214",2019,10,6.66666666666667,12,6.78571428571429,6.5,4,6,6.72727272727273,7,5,2,1,11,1652,963,689,154,499,1153,6.45621709443099,6.83439771547248,5.9276424383164,5.71493506493506,6.4623246492986,6.45357384215091,220
"215",2019,11,6.73588235294118,17,6.96230769230769,6,4,6.33333333333333,6.82214285714286,13,4,1,3,14,1669,976,693,155,502,1167,6.45906569203116,6.83610143442623,5.92806008658008,5.70387096774194,6.46155378486056,6.45799540702657,221
"216",2019,12,6.86764705882353,17,6.83928571428571,7,8,7.16666666666667,6.80357142857143,14,3,1,3,14,1686,990,696,156,505,1181,6.46318543297746,6.83614646464647,5.93268051724138,5.71858974358974,6.46574257425743,6.46209198983912,222
"217",2020,1,6.47272222222222,18,6.68263636363636,6.14285714285714,NA,6.56975,6.445,11,7,0,4,14,1704,1001,703,156,509,1195,6.46328617370892,6.83445954045954,5.934773314367,5.71858974358974,6.46655992141454,6.46189174895398,223
"218",2020,2,6.91666666666667,12,7.25,5.25,NA,7.75,6.75,10,2,0,2,10,1716,1011,705,156,511,1205,6.46645666666667,6.83856973293769,5.93283069503546,5.71858974358974,6.4715831702544,6.46428268879668,224
"219",2020,3,7.10714285714286,14,7.5,6.4,6,8,6.95833333333333,9,5,2,2,12,1730,1020,710,158,513,1217,6.47164141040463,6.84440588235294,5.93612061971831,5.72215189873418,6.47754191033139,6.46915418241578,225
"220",2020,4,6.91666666666667,12,7.2,5.5,NA,7.33333333333333,6.77777777777778,10,2,0,3,9,1742,1030,712,158,516,1226,6.47470702640643,6.84785825242719,5.93489556179775,5.72215189873418,6.48251744186047,6.47141977161501,226
"221",2020,5,6.90769230769231,13,7,6.76,6.5,NA,6.90769230769231,8,5,2,0,13,1755,1038,717,160,516,1239,6.47791432478633,6.84903082851638,5.94064942817294,5.731875,6.48251744186047,6.47599728813559,227
"222",2020,6,7.00625,8,7.175,6.5,NA,NA,7.00625,6,2,0,0,8,1763,1044,719,160,516,1247,6.48031176403857,6.85090421455939,5.94220534075104,5.731875,6.48251744186047,6.47939906976744,228
"223",2020,7,6.15,5,7.25,4.5,4.5,3,6.9375,3,2,2,1,4,1768,1047,721,162,517,1251,6.47937762443439,6.85204775549188,5.93820477115118,5.71666666666667,6.47578143133462,6.48086382094325,229
"224",2020,8,6.77272727272727,11,7.0625,6,6,NA,6.77272727272727,8,3,2,0,11,1779,1055,724,164,517,1262,6.48119147835863,6.85364360189574,5.93846082872928,5.72012195121951,6.47578143133462,6.48340779714739,230
"225",2020,9,6.22727272727273,11,6.5,5.9,NA,6.66666666666667,6.0625,6,5,0,3,8,1790,1061,729,164,520,1270,6.47963108379888,6.85164373232799,5.93819703703704,5.72012195121951,6.47688269230769,6.48075640944882,231
"226",2020,10,6.5,16,6.72727272727273,6,NA,6,6.53333333333333,11,5,0,1,15,1806,1072,734,164,521,1285,6.4798115393134,6.85036753731344,5.93861803814714,5.72012195121951,6.47596737044146,6.48137014785992,232
"227",2020,11,6.67647058823529,17,7.15384615384615,5.125,5,4,6.84375,13,4,2,1,16,1823,1085,738,166,522,1301,6.48164544157981,6.85400368663595,5.93420818428184,5.71144578313253,6.47122413793103,6.48582677940046,233
"228",2020,12,7.05,10,7.4375,5.5,NA,NA,7.05,8,2,0,0,10,1833,1093,740,166,522,1311,6.48474612111293,6.85827447392498,5.93303464864865,5.71144578313253,6.47122413793103,6.49013016018307,234
"229",2021,1,6.378333125,16,6.61948692307692,5.33333333333333,6,6.56,6.29575727272727,13,3,1,5,11,1849,1106,743,167,527,1322,6.48382529475392,6.85546774864376,5.930613243607,5.71317365269461,6.47206641366224,6.4885128366112,235
"230",2021,2,6.79166666666667,12,7.28571428571429,6.1,6,6.5,6.85,7,5,1,2,10,1861,1113,748,168,529,1332,6.48581030091349,6.8581737017071,5.93174550802139,5.71488095238095,6.47217202268431,6.49122670420421,236
"231",2021,3,6.02702702702703,37,6.75,5.75925925925926,4,5.71428571428571,6.1,10,27,1,7,30,1898,1123,775,169,536,1362,6.47686668598525,6.85721044523598,5.92573630967742,5.70473372781065,6.46227425373134,6.48260937591777,237
"232",2021,4,6.37647058823529,17,6.63333333333333,6.0875,NA,6.35,6.38,9,8,0,2,15,1915,1132,783,169,538,1377,6.47597544125326,6.85543050353357,5.92738906768838,5.70473372781065,6.46185687732342,6.48149162672477,238
"233",2021,5,6.14285714285714,21,6.85714285714286,5.78571428571429,7,5.66666666666667,6.22222222222222,7,14,3,3,18,1936,1139,797,172,541,1395,6.47236207128099,6.85544102721686,5.92490042659975,5.72732558139535,6.45744731977819,6.47814621505377,239
"234",2021,6,6.77818181818182,11,6.93714285714286,6.5,6,10,6.06222222222222,7,4,1,2,9,1947,1146,801,173,543,1404,6.47408986646122,6.85594007853403,5.92777233458177,5.72890173410405,6.47049539594844,6.47548003561254,240
"235",2021,7,6.18536585365854,41,7.25,5.7448275862069,6.5,6.1,6.20294117647059,12,29,1,7,34,1988,1158,830,174,550,1438,6.46813529678068,6.86002360103627,5.92138028915663,5.73333333333333,6.46578,6.46903614047288,241
"236",2021,8,6.35652173913043,23,7.125,5.94666666666667,6,6.66666666666667,6.31,8,15,2,3,20,2011,1166,845,176,553,1458,6.46685876181005,6.86184162092625,5.92182915976331,5.73636363636364,6.46686980108499,6.46685457475995,242
"237",2021,9,6.225,20,7.44444444444444,5.22727272727273,5,6.45,6.16875,9,11,1,4,16,2031,1175,856,177,557,1474,6.4644770901034,6.8663041106383,5.91290378504673,5.73220338983051,6.4667486535009,6.46361870420624,243
"238",2021,10,5.9,20,6.625,5.41666666666667,6,4.875,6.15625,8,12,1,4,16,2051,1183,868,178,561,1490,6.45897268161872,6.86467229923923,5.9060433640553,5.73370786516854,6.45539928698752,6.46031810067114,244
"239",2021,11,6.04166666666667,12,6.83333333333333,5.25,NA,6,6.05,6,6,0,2,10,2063,1189,874,178,563,1500,6.45654530780417,6.8645141547519,5.90153963386728,5.73370786516854,6.45378152753108,6.45758264666667,245
"240",2021,12,6.48235294117647,17,7.11111111111111,5.775,NA,6.66666666666667,6.44285714285714,9,8,0,3,14,2080,1198,882,178,566,1514,6.45675623557692,6.86636671953256,5.90039188208617,5.73370786516854,6.45490989399293,6.45744647952444,246
"241",2022,1,6.072,25,6.55333333333333,5.35,4,6.3,6.015,15,10,2,5,20,2105,1213,892,180,571,1534,6.45218668408551,6.86249573784007,5.89422156950673,5.71444444444445,6.4535534150613,6.45167794654498,247
"242",2022,2,5.61764705882353,17,6.35714285714286,5.1,3.5,5,5.875,7,10,2,5,12,2122,1220,902,182,576,1546,6.44550092836946,6.85959617213115,5.88541645232816,5.69010989010989,6.44093576388889,6.44720179172057,248
"243",2022,3,6.105,27,6.63076923076923,5.61678571428571,4.33333333333333,6.045,6.1125,13,14,3,3,24,2149,1233,916,185,579,1570,6.44122288040949,6.85718356042174,5.88131074235808,5.66810810810811,6.43888428324698,6.44208533121019,249
"244",2022,4,5.91561421052632,19,7.08583375,5.06454545454545,5.5,5.355,5.98156882352941,8,11,2,2,17,2168,1241,927,187,581,1587,6.43661653136531,6.85865753424658,5.87161881337648,5.66631016042781,6.43515318416523,6.43715226212981,250
"245",2022,5,6.97333333333333,15,7.95,5.85714285714286,NA,6.75,7.05454545454545,8,7,0,4,11,2183,1249,934,187,585,1598,6.44030446174989,6.86564771817454,5.87151032119914,5.66631016042781,6.43730598290598,6.44140215269087,251
"246",2022,6,6.97894736842105,19,7.25833333333333,6.5,5,7.2,6.9,12,7,1,5,14,2202,1261,941,188,590,1612,6.44495215258856,6.86938461538462,5.87618558979809,5.66276595744681,6.44376949152542,6.44538501240695,252
"247",2022,7,6.78333333333333,12,6.25,7.31666666666667,NA,6.65,6.81,6,6,0,2,10,2214,1267,947,188,592,1622,6.44678619692864,6.86645146014207,5.88531218585005,5.66276595744681,6.44446621621622,6.44763294697904,253
"248",2022,8,7.13333333333333,15,7.2,7,NA,7.75,7.03846153846154,10,5,0,2,13,2229,1277,952,188,594,1635,6.45140629878869,6.86906342991386,5.89116663865546,5.66276595744681,6.44886195286195,6.45233066666667,254
