"","year","month","avg_rating","no_ratings","avg_rating_owned","avg_rating_not_owned","avg_rating_prev_owned","avg_rating_comment","avg_rating_no_comment","no_ratings_owned","no_ratings_not_owned","no_ratings_prev_owned","no_ratings_comment","no_ratings_no_comment","cum_no_ratings","cum_no_ratings_owned","cum_no_ratings_not_owned","cum_no_ratings_prev_owned","cum_no_ratings_comment","cum_no_ratings_no_comment","cum_avg_rating","cum_avg_rating_owned","cum_avg_rating_not_owned","cum_avg_rating_prev_owned","cum_avg_rating_comment","cum_avg_rating_no_comment","month_after_release"
"1",2001,6,5,2,7,3,NA,7,3,1,1,0,1,1,2,1,1,0,1,1,5,7,3,NA,7,3,0
"2",2001,7,5.66666666666667,3,5.5,6,NA,NA,5.66666666666667,2,1,0,0,3,5,3,2,0,1,4,5.4,6,4.5,NA,7,5,1
"3",2001,8,6.66666666666667,3,7.5,5,NA,NA,6.66666666666667,2,1,0,0,3,8,5,3,0,1,7,5.875,6.6,4.66666666666667,NA,7,5.71428571428571,2
"4",2001,9,6,2,7,5,NA,5,7,1,1,0,1,1,10,6,4,0,2,8,5.9,6.66666666666667,4.75,NA,6,5.875,3
"5",2001,10,8,1,8,NA,NA,8,NA,1,0,0,1,0,11,7,4,0,3,8,6.09090909090909,6.85714285714286,4.75,NA,6.66666666666667,5.875,4
"6",2001,11,7,4,7,NA,NA,6.33333333333333,9,4,0,0,3,1,15,11,4,0,6,9,6.33333333333333,6.90909090909091,4.75,NA,6.5,6.22222222222222,5
"7",2001,12,6,1,6,NA,NA,NA,6,1,0,0,0,1,16,12,4,0,6,10,6.3125,6.83333333333333,4.75,NA,6.5,6.2,6
"8",2002,1,7,4,7,NA,NA,8,6.66666666666667,4,0,0,1,3,20,16,4,0,7,13,6.45,6.875,4.75,NA,6.71428571428571,6.30769230769231,7
"9",2002,2,6.75,4,8,6.33333333333333,6,8,6.33333333333333,1,3,2,1,3,24,17,7,2,8,16,6.5,6.94117647058824,5.42857142857143,6,6.875,6.3125,8
"10",2002,3,5.5,2,7,4,NA,7,4,1,1,0,1,1,26,18,8,2,9,17,6.42307692307692,6.94444444444444,5.25,6,6.88888888888889,6.17647058823529,9
"11",2002,4,5,1,5,NA,NA,NA,5,1,0,0,0,1,27,19,8,2,9,18,6.37037037037037,6.84210526315789,5.25,6,6.88888888888889,6.11111111111111,10
"12",2002,5,4,3,5,2,NA,4,4,2,1,0,1,2,30,21,9,2,10,20,6.13333333333333,6.66666666666667,4.88888888888889,6,6.6,5.9,11
"13",2002,6,5,6,5.2,4,4,4,5.2,5,1,1,1,5,36,26,10,3,11,25,5.94444444444444,6.38461538461539,4.8,5.33333333333333,6.36363636363636,5.76,12
"14",2002,7,6,6,6.2,5,NA,7,5.8,5,1,0,1,5,42,31,11,3,12,30,5.95238095238095,6.35483870967742,4.81818181818182,5.33333333333333,6.41666666666667,5.76666666666667,13
"15",2002,8,7.4,5,8.25,4,NA,4,8.25,4,1,0,1,4,47,35,12,3,13,34,6.1063829787234,6.57142857142857,4.75,5.33333333333333,6.23076923076923,6.05882352941176,14
"16",2002,9,6,2,6,NA,NA,NA,6,2,0,0,0,2,49,37,12,3,13,36,6.10204081632653,6.54054054054054,4.75,5.33333333333333,6.23076923076923,6.05555555555556,15
"17",2002,10,5.28571428571429,7,5.4,5,5,5,5.66666666666667,5,2,1,4,3,56,42,14,4,17,39,6,6.40476190476191,4.78571428571429,5.25,5.94117647058824,6.02564102564103,16
"18",2002,11,6.33333333333333,3,6.33333333333333,NA,NA,8,5.5,3,0,0,1,2,59,45,14,4,18,41,6.01694915254237,6.4,4.78571428571429,5.25,6.05555555555556,6,17
"19",2002,12,6,3,6,NA,NA,NA,6,3,0,0,0,3,62,48,14,4,18,44,6.01612903225806,6.375,4.78571428571429,5.25,6.05555555555556,6,18
"20",2003,1,6.375,8,6.33333333333333,6.5,NA,7,6.16666666666667,6,2,0,2,6,70,54,16,4,20,50,6.05714285714286,6.37037037037037,5,5.25,6.15,6.02,19
"21",2003,2,6,2,7,5,5,NA,6,1,1,1,0,2,72,55,17,5,20,52,6.05555555555556,6.38181818181818,5,5.2,6.15,6.01923076923077,20
"22",2003,3,6.125,4,6.125,NA,NA,6.25,6,4,0,0,2,2,76,59,17,5,22,54,6.05921052631579,6.36440677966102,5,5.2,6.15909090909091,6.01851851851852,21
"23",2003,4,5.8,5,5.75,6,NA,6,5.75,4,1,0,1,4,81,63,18,5,23,58,6.04320987654321,6.32539682539683,5.05555555555556,5.2,6.15217391304348,6,22
"24",2003,5,5.71428571428571,7,6.4,4,NA,5.75,5.66666666666667,5,2,0,4,3,88,68,20,5,27,61,6.01704545454545,6.33088235294118,4.95,5.2,6.09259259259259,5.98360655737705,23
"25",2003,6,4.8,5,4.8,NA,NA,4.75,5,5,0,0,4,1,93,73,20,5,31,62,5.95161290322581,6.22602739726027,4.95,5.2,5.91935483870968,5.96774193548387,24
"26",2003,7,5.87037037037037,27,6.025,5.42857142857143,NA,5.66666666666667,5.92857142857143,20,7,0,6,21,120,93,27,5,37,83,5.93333333333333,6.18279569892473,5.07407407407407,5.2,5.87837837837838,5.95783132530121,25
"27",2003,8,5.375,8,7,4.4,NA,4.5,5.66666666666667,3,5,0,2,6,128,96,32,5,39,89,5.8984375,6.20833333333333,4.96875,5.2,5.80769230769231,5.93820224719101,26
"28",2003,9,5.33333333333333,6,5.4,5,NA,5.25,5.5,5,1,0,4,2,134,101,33,5,43,91,5.87313432835821,6.16831683168317,4.96969696969697,5.2,5.75581395348837,5.92857142857143,27
"29",2003,10,7.4,5,7.4,NA,NA,NA,7.4,5,0,0,0,5,139,106,33,5,43,96,5.92805755395683,6.22641509433962,4.96969696969697,5.2,5.75581395348837,6.00520833333333,28
"30",2003,11,7.33333333333333,3,6.5,9,NA,7,7.5,2,1,0,1,2,142,108,34,5,44,98,5.95774647887324,6.23148148148148,5.08823529411765,5.2,5.78409090909091,6.03571428571429,29
"31",2003,12,5.625,8,5.71428571428571,5,NA,6,5.4,7,1,0,3,5,150,115,35,5,47,103,5.94,6.2,5.08571428571429,5.2,5.79787234042553,6.00485436893204,30
"32",2004,1,6.3125,16,6.35714285714286,6,NA,6.1,6.40909090909091,14,2,0,5,11,166,129,37,5,52,114,5.97590361445783,6.21705426356589,5.13513513513514,5.2,5.82692307692308,6.04385964912281,31
"33",2004,2,5.92857142857143,7,6.08333333333333,5,NA,5.5,6,6,1,0,1,6,173,135,38,5,53,120,5.97398843930636,6.21111111111111,5.13157894736842,5.2,5.82075471698113,6.04166666666667,32
"34",2004,3,7.4,5,7.4,NA,NA,8,7.25,5,0,0,1,4,178,140,38,5,54,124,6.01404494382022,6.25357142857143,5.13157894736842,5.2,5.86111111111111,6.08064516129032,33
"35",2004,4,6,8,6.14285714285714,5,NA,5.625,6.375,7,1,0,4,4,186,147,39,5,58,128,6.01344086021505,6.24829931972789,5.12820512820513,5.2,5.8448275862069,6.08984375,34
"36",2004,5,5.66666666666667,6,6.66666666666667,4.66666666666667,NA,5.6,6,3,3,0,5,1,192,150,42,5,63,129,6.00260416666667,6.25666666666667,5.0952380952381,5.2,5.82539682539683,6.08914728682171,35
"37",2004,6,6.53846153846154,13,6.7,6,6,7.25,6.40909090909091,10,3,1,2,11,205,160,45,6,65,140,6.03658536585366,6.284375,5.15555555555556,5.33333333333333,5.86923076923077,6.11428571428571,36
"38",2004,7,5.54545454545455,11,5.85714285714286,5,NA,5.8,5.33333333333333,7,4,0,5,6,216,167,49,6,70,146,6.01157407407407,6.26646706586826,5.14285714285714,5.33333333333333,5.86428571428571,6.08219178082192,37
"39",2004,8,5.58333333333333,6,6.5,4.66666666666667,NA,5,6.75,3,3,0,4,2,222,170,52,6,74,148,6,6.27058823529412,5.11538461538461,5.33333333333333,5.81756756756757,6.09121621621622,38
"40",2004,9,6.27272727272727,11,6.3,6,6,5.5,6.71428571428571,10,1,1,4,7,233,180,53,7,78,155,6.01287553648069,6.27222222222222,5.13207547169811,5.42857142857143,5.80128205128205,6.11935483870968,39
"41",2004,10,6.1,10,6.4375,4.75,NA,5.83333333333333,6.21428571428571,8,2,0,3,7,243,188,55,7,81,162,6.01646090534979,6.27925531914894,5.11818181818182,5.42857142857143,5.80246913580247,6.12345679012346,40
"42",2004,11,6,11,6.55555555555556,3.5,NA,6,6,9,2,0,5,6,254,197,57,7,86,168,6.01574803149606,6.29187817258883,5.06140350877193,5.42857142857143,5.81395348837209,6.11904761904762,41
"43",2004,12,5.8,10,5.88888888888889,5,NA,6,5.5,9,1,0,6,4,264,206,58,7,92,172,6.00757575757576,6.27427184466019,5.06034482758621,5.42857142857143,5.82608695652174,6.1046511627907,42
"44",2005,1,7.04545454545455,11,6.95,8,NA,8,6.83333333333333,10,1,0,2,9,275,216,59,7,94,181,6.04909090909091,6.30555555555556,5.11016949152542,5.42857142857143,5.87234042553191,6.14088397790055,43
"45",2005,2,5.85,10,5.9375,5.5,NA,5.33333333333333,6.07142857142857,8,2,0,3,7,285,224,61,7,97,188,6.04210526315789,6.29241071428571,5.12295081967213,5.42857142857143,5.85567010309278,6.13829787234043,44
"46",2005,3,5.94545454545455,11,6.83333333333333,4.88,6.2,6.05,5.66666666666667,6,5,2,8,3,296,230,66,9,105,191,6.03851351351351,6.30652173913044,5.10454545454545,5.6,5.87047619047619,6.13089005235602,45
"47",2005,4,6.29166666666667,12,6.3125,6.25,6,6,6.5,8,4,2,5,7,308,238,70,11,110,198,6.04837662337662,6.30672268907563,5.17,5.67272727272727,5.87636363636364,6.14393939393939,46
"48",2005,5,5.8,5,5.66666666666667,6,6,7,5,3,2,1,2,3,313,241,72,12,112,201,6.0444089456869,6.29875518672199,5.19305555555556,5.7,5.89642857142857,6.12686567164179,47
"49",2005,6,5.84,5,6.55,3,NA,5.66666666666667,6.1,4,1,0,3,2,318,245,73,12,115,203,6.04119496855346,6.30285714285714,5.16301369863014,5.7,5.8904347826087,6.12660098522167,48
"50",2005,7,6,4,5.5,6.5,7,7,5,2,2,1,2,2,322,247,75,13,117,205,6.04068322981367,6.29635627530364,5.19866666666667,5.8,5.90940170940171,6.11560975609756,49
"51",2005,8,5.83333333333333,12,5.81818181818182,6,NA,5.33333333333333,6.33333333333333,11,1,0,6,6,334,258,76,13,123,211,6.03323353293413,6.27596899224806,5.20921052631579,5.8,5.88130081300813,6.1218009478673,50
"52",2005,9,5.72222222222222,9,6.75,3.66666666666667,5,6,5.58333333333333,6,3,1,3,6,343,264,79,14,126,217,6.02507288629738,6.28674242424242,5.1506329113924,5.74285714285714,5.88412698412698,6.10691244239631,51
"53",2005,10,6.265,10,6.56666666666667,5.8125,5,6.52142857142857,5.66666666666667,6,4,1,7,3,353,270,83,15,133,220,6.03186968838527,6.29296296296296,5.18253012048193,5.69333333333333,5.91766917293233,6.10090909090909,52
"54",2005,11,5.72727272727273,11,6.28571428571429,4.75,6,4.25,6.57142857142857,7,4,1,4,7,364,277,87,16,137,227,6.02266483516484,6.2927797833935,5.16264367816092,5.7125,5.86897810218978,6.11541850220264,53
"55",2005,12,5.72727272727273,11,6.14285714285714,5,NA,4.33333333333333,6.25,7,4,0,3,8,375,284,91,16,140,235,6.014,6.28908450704225,5.1554945054945,5.7125,5.83607142857143,6.12,54
"56",2006,1,6.2,5,6.5,5,NA,5.75,8,4,1,0,4,1,380,288,92,16,144,236,6.01644736842105,6.29201388888889,5.15380434782609,5.7125,5.83368055555556,6.12796610169492,55
"57",2006,2,5.77272727272727,11,5.5,7,7,5.83333333333333,5.7,9,2,1,6,5,391,297,94,17,150,241,6.00959079283888,6.26801346801347,5.19308510638298,5.78823529411765,5.83366666666667,6.11908713692946,56
"58",2006,3,6.42307692307692,13,6.31818181818182,7,6,6,6.45833333333333,11,2,1,1,12,404,308,96,18,151,253,6.02289603960396,6.26980519480519,5.23072916666667,5.8,5.83476821192053,6.13517786561265,57
"59",2006,4,5.58333333333333,12,6.42857142857143,4.4,NA,6.25,5.25,7,5,0,4,8,416,315,101,18,155,261,6.01021634615385,6.27333333333333,5.18960396039604,5.8,5.84548387096774,6.10804597701149,58
"60",2006,5,6.21428571428571,7,6.3,6,NA,6,6.25,5,2,0,1,6,423,320,103,18,156,267,6.01359338061466,6.27375,5.20533980582524,5.8,5.84647435897436,6.11123595505618,59
"61",2006,6,6.38888888888889,9,6.92857142857143,4.5,NA,8,6.1875,7,2,0,1,8,432,327,105,18,157,275,6.02141203703704,6.28776758409786,5.19190476190476,5.8,5.86019108280255,6.11345454545455,60
"62",2006,7,5.89166666666667,12,6.375,4.925,6,5,5.97272727272727,8,4,1,1,11,444,335,109,19,158,286,6.01790540540541,6.28985074626866,5.18211009174312,5.81052631578947,5.85474683544304,6.10804195804196,61
"63",2006,8,6.15,10,6.625,4.25,NA,7.5,5.57142857142857,8,2,0,3,7,454,343,111,19,161,293,6.02081497797357,6.29766763848397,5.16531531531531,5.81052631578947,5.88540372670808,6.09522184300341,62
"64",2006,9,6.0625,16,6.30769230769231,5,3,5.42857142857143,6.55555555555556,13,3,1,7,9,470,356,114,20,168,302,6.02223404255319,6.29803370786517,5.1609649122807,5.67,5.86636904761905,6.10894039735099,63
"65",2006,10,4.22222222222222,9,6.25,2.6,NA,6,3.71428571428571,4,5,0,2,7,479,360,119,20,170,309,5.9884133611691,6.2975,5.05336134453781,5.67,5.86794117647059,6.0546925566343,64
"66",2006,11,6.54545454545455,11,6.25,7.33333333333333,6,8,6.4,8,3,1,1,10,490,368,122,21,171,319,6.00091836734694,6.29646739130435,5.1094262295082,5.68571428571429,5.88040935672515,6.06551724137931,65
"67",2006,12,6.46923076923077,13,6.73636363636364,5,NA,6.56666666666667,6.25,11,2,0,9,4,503,379,124,21,180,323,6.01302186878728,6.30923482849604,5.10766129032258,5.68571428571429,5.91472222222222,6.06780185758514,66
"68",2007,1,5.88571428571429,21,6.16666666666667,5.18333333333333,NA,5.2,6.1,15,6,0,5,16,524,394,130,21,185,339,6.00791984732824,6.30380710659899,5.11115384615385,5.68571428571429,5.89540540540541,6.06932153392331,67
"69",2007,2,5.875,10,6.42857142857143,4.58333333333333,NA,5.95833333333333,5.75,7,3,0,6,4,534,401,133,21,191,343,6.00543071161049,6.30598503740648,5.09924812030075,5.68571428571429,5.89738219895288,6.06559766763849,68
"70",2007,3,6.01875,16,6.7,4.88333333333333,6,5.91666666666667,6.08,10,6,1,6,10,550,411,139,22,197,353,6.00581818181818,6.31557177615572,5.08992805755396,5.7,5.89796954314721,6.06600566572238,69
"71",2007,4,5.23529411764706,17,5.42307692307692,4.625,NA,4.25,5.53846153846154,13,4,0,4,13,567,424,143,22,201,366,5.98271604938272,6.28820754716981,5.07692307692308,5.7,5.86517412935323,6.04726775956284,70
"72",2007,5,6.10833333333333,12,6.31111111111111,5.5,NA,6.4,5.7,9,3,0,7,5,579,433,146,22,208,371,5.9853195164076,6.28868360277136,5.08561643835616,5.7,5.88317307692308,6.04258760107817,71
"73",2007,6,5.71428571428571,7,5.83333333333333,5,NA,5.33333333333333,6,6,1,0,3,4,586,439,147,22,211,375,5.9820819112628,6.28246013667426,5.08503401360544,5.7,5.87535545023697,6.04213333333333,72
"74",2007,7,6.0625,8,6.2,5.83333333333333,6,4,6.35714285714286,5,3,2,1,7,594,444,150,24,212,382,5.98316498316498,6.28153153153153,5.1,5.725,5.86650943396226,6.04790575916231,73
"75",2007,8,5.9875,16,6.31818181818182,5.26,5,5.8,6.07272727272727,11,5,1,5,11,610,455,155,25,217,393,5.98327868852459,6.28241758241758,5.10516129032258,5.696,5.86497695852535,6.04860050890585,74
"76",2007,9,6.5625,16,7.55555555555556,5.28571428571429,4,6.33333333333333,6.61538461538461,9,7,1,3,13,626,464,162,26,220,406,5.99808306709265,6.30711206896552,5.11296296296296,5.63076923076923,5.87136363636364,6.06674876847291,75
"77",2007,10,5.95,10,6.4,5.5,NA,4,6.16666666666667,5,5,0,1,9,636,469,167,26,221,415,5.99732704402516,6.30810234541578,5.12455089820359,5.63076923076923,5.86289592760181,6.0689156626506,76
"78",2007,11,5.41071428571429,14,5.80555555555556,4.7,NA,5.0625,5.55,9,5,0,4,10,650,478,172,26,225,425,5.98469230769231,6.29864016736402,5.11220930232558,5.63076923076923,5.84866666666667,6.05670588235294,77
"79",2007,12,5.49090909090909,22,5.85333333333333,4.71428571428571,5,5.9,5,15,7,1,12,10,672,493,179,27,237,435,5.96852678571429,6.28509127789047,5.09664804469274,5.60740740740741,5.85126582278481,6.03241379310345,78
"80",2008,1,6.05,24,6.29166666666667,5.80833333333333,7,6.13333333333333,6,12,12,1,9,15,696,505,191,28,246,450,5.97133620689655,6.28524752475248,5.1413612565445,5.65714285714286,5.86158536585366,6.03133333333334,79
"81",2008,2,5.94444444444444,18,6.86363636363636,4.5,NA,6,5.90909090909091,11,7,0,7,11,714,516,198,28,253,461,5.97065826330532,6.29757751937985,5.11868686868687,5.65714285714286,5.86541501976285,6.02841648590022,80
"82",2008,3,6.21190476190476,21,6.75,5.88076923076923,5,5.745,6.63636363636364,8,13,1,10,11,735,524,211,29,263,472,5.97755102040816,6.30448473282443,5.16563981042654,5.63448275862069,5.86083650190114,6.04258474576271,81
"83",2008,4,6.23333333333333,15,6.33333333333333,5.83333333333333,NA,5.33333333333333,6.45833333333333,12,3,0,3,12,750,536,214,29,266,484,5.98266666666667,6.30513059701493,5.175,5.63448275862069,5.85488721804511,6.05289256198347,82
"84",2008,5,6.27272727272727,11,6.66666666666667,5.8,6.5,5.66666666666667,6.5,6,5,2,3,8,761,542,219,31,269,492,5.9868593955322,6.30913284132841,5.18926940639269,5.69032258064516,5.85278810408922,6.06016260162602,83
"85",2008,6,6.4,5,7,5.5,NA,5.66666666666667,7.5,3,2,0,3,2,766,545,221,31,272,494,5.98955613577024,6.31293577981652,5.1920814479638,5.69032258064516,5.85073529411765,6.06599190283401,84
"86",2008,7,5.2,15,5.7,4.2,3.66666666666667,5.35714285714286,5.0625,10,5,3,7,8,781,555,226,34,279,502,5.97439180537772,6.30189189189189,5.17013274336283,5.51176470588235,5.83835125448029,6.05,85
"87",2008,8,5.675,20,6.46153846153846,4.21428571428571,3.375,5.9375,5.5,13,7,4,8,12,801,568,233,38,287,514,5.9669163545568,6.30554577464789,5.14141630901288,5.28684210526316,5.8411149825784,6.03715953307393,86
"88",2008,9,5.56470588235294,17,5.825,5.33333333333333,5.6,4.6,5.96666666666667,8,9,5,5,12,818,576,242,43,292,526,5.95855745721272,6.29887152777778,5.14855371900827,5.32325581395349,5.81986301369863,6.03555133079848,87
"89",2008,10,5.20214285714286,14,4.9,5.37,5.33333333333333,5.375,5.133,5,9,3,4,10,832,581,251,46,296,536,5.94582932692308,6.2868330464716,5.15649402390438,5.32391304347826,5.81385135135135,6.01871268656717,88
"90",2008,11,5.27916666666667,24,6.375,4.18333333333333,4.16666666666667,4.54166666666667,6.01666666666667,12,12,6,12,12,856,593,263,52,308,548,5.92713785046729,6.28861720067454,5.11209125475285,5.19038461538462,5.76428571428571,6.01866788321168,89
"91",2008,12,6.5,8,6.5,NA,NA,6,6.57142857142857,8,0,0,1,7,864,601,263,52,309,555,5.93244212962963,6.2914309484193,5.11209125475285,5.19038461538462,5.76504854368932,6.02563963963964,90
"92",2009,1,6.47619047619048,21,7.15384615384615,5.375,5.25,5.85,7.04545454545455,13,8,4,10,11,885,614,271,56,319,566,5.94534463276836,6.30969055374593,5.11985239852399,5.19464285714286,5.76771159874608,6.0454593639576,91
"93",2009,2,5.04166666666667,12,5.21428571428571,4.8,5.66666666666667,5.33333333333333,4.94444444444444,7,5,3,3,9,897,621,276,59,322,575,5.93325529542921,6.29734299516908,5.11405797101449,5.21864406779661,5.76366459627329,6.02822608695652,92
"94",2009,3,5.66666666666667,18,6.45,4.6875,5,5,6,10,8,3,6,12,915,631,284,62,328,587,5.92801092896175,6.29976228209192,5.10204225352113,5.20806451612903,5.74969512195122,6.02764906303237,93
"95",2009,4,6.125,16,6.66666666666667,5.42857142857143,6.5,6.4,6,9,7,2,5,11,931,640,291,64,333,598,5.93139634801289,6.304921875,5.10989690721649,5.2484375,5.75945945945946,6.02714046822743,94
"96",2009,5,6,17,6.5,5.28571428571429,5,4.9,6.45833333333333,10,7,2,5,12,948,650,298,66,338,610,5.93262658227848,6.30792307692308,5.11402684563758,5.24090909090909,5.74674556213018,6.03562295081967,95
"97",2009,6,5.5,10,6.5,4.83333333333333,5,4.8,6.2,4,6,2,5,5,958,654,304,68,343,615,5.92811064718163,6.30909785932722,5.10848684210526,5.23382352941176,5.73294460641399,6.0369593495935,96
"98",2009,7,5.55882352941176,17,5.83333333333333,5.25,5.5,5.33333333333333,5.68181818181818,9,8,4,6,11,975,663,312,72,349,626,5.9216717948718,6.3026395173454,5.11211538461539,5.24861111111111,5.72607449856734,6.03071884984026,97
"99",2009,8,5.69230769230769,13,6.3,5.3125,4,4.75,5.86363636363636,5,8,1,2,11,988,668,320,73,351,637,5.91865384615385,6.30261976047904,5.117125,5.23150684931507,5.72051282051282,6.02783359497645,98
"100",2009,9,5.51315789473684,19,5.7,5.30555555555556,4.75,5.5,5.51666666666667,10,9,4,4,15,1007,678,329,77,355,652,5.91100297914598,6.29373156342183,5.12227963525836,5.20649350649351,5.71802816901408,6.0160736196319,99
"101",2009,10,5.16666666666667,6,7,4.25,3.5,4.5,5.5,2,4,2,2,4,1013,680,333,79,357,656,5.90659427443238,6.29580882352941,5.1118018018018,5.16329113924051,5.71120448179272,6.01292682926829,100
"102",2009,11,6.04545454545455,11,6.57142857142857,5.125,6.5,5.625,6.28571428571429,7,4,1,4,7,1024,687,337,80,361,663,5.9080859375,6.2986171761281,5.11195845697329,5.18,5.71024930747922,6.01580693815988,101
"103",2009,12,5.09375,16,6.07142857142857,4.33333333333333,4.6,4.6,5.31818181818182,7,9,5,5,11,1040,694,346,85,366,674,5.89555769230769,6.29632564841499,5.09170520231214,5.14588235294118,5.69508196721311,6.00442136498516,102
"104",2010,1,4.83333333333333,15,4.75,4.92857142857143,4.875,4.5,4.95454545454545,8,7,4,4,11,1055,702,353,89,370,685,5.88045497630332,6.27870370370371,5.08847025495751,5.13370786516854,5.68216216216216,5.98756204379562,103
"105",2010,2,5.78571428571429,7,6.6,3.75,5,NA,5.78571428571429,5,2,1,0,7,1062,707,355,90,370,692,5.87983050847458,6.28097595473833,5.08092957746479,5.13222222222222,5.68216216216216,5.98552023121387,104
"106",2010,3,5.81578947368421,19,5.95454545454545,5.625,5,5.5,5.9,11,8,1,4,15,1081,718,363,91,374,707,5.87870490286772,6.27597493036212,5.09292011019284,5.13076923076923,5.68021390374332,5.98370579915134,105
"107",2010,4,6.19166666666667,12,6.21666666666667,6.16666666666667,6.5,6.5,6.13,6,6,2,2,10,1093,724,369,93,376,717,5.88214089661482,6.27548342541437,5.11037940379404,5.16021505376344,5.68457446808511,5.98574616457462,106
"108",2010,5,5.73529411764706,17,6.375,5.16666666666667,4.25,6.2,5.54166666666667,8,9,4,5,12,1110,732,378,97,381,729,5.87989189189189,6.27657103825137,5.11171957671958,5.12268041237113,5.69133858267717,5.97843621399177,107
"109",2010,6,5.5,8,6.2,4.33333333333333,NA,4,5.71428571428571,5,3,0,1,7,1118,737,381,97,382,736,5.87717352415027,6.27605156037992,5.1055905511811,5.12268041237113,5.6869109947644,5.97592391304348,108
"110",2010,7,5.27272727272727,11,4.71428571428571,6.25,NA,5.5,5.14285714285714,7,4,0,4,7,1129,744,385,97,386,743,5.87128432240921,6.26135752688172,5.11748051948052,5.12268041237113,5.68497409326425,5.96807537012113,109
"111",2010,8,6.25,8,6.57142857142857,4,4,7,6,7,1,1,2,6,1137,751,386,98,388,749,5.8739489885664,6.26424766977364,5.11458549222798,5.11122448979592,5.69175257731959,5.96833110814419,110
"112",2010,9,4.375,4,NA,4.375,6,3,4.83333333333333,0,4,1,1,3,1141,751,390,99,389,752,5.86869412795793,6.26424766977364,5.107,5.12020202020202,5.68483290488432,5.96380319148936,111
"113",2010,10,5.6,8,5.7,5.5,7,2,6.8,4,4,1,2,6,1149,755,394,100,391,758,5.86682332463011,6.2612582781457,5.11098984771574,5.139,5.66598465473146,5.97042216358839,112
"114",2010,11,5.95,10,5.94444444444444,6,NA,5,6.35714285714286,9,1,0,3,7,1159,764,395,100,394,765,5.86754098360656,6.25752617801047,5.11324050632911,5.139,5.66091370558376,5.97396078431373,113
"115",2010,12,6.14375,16,6.57272727272727,5.2,5.5,6,6.20909090909091,11,5,2,5,11,1175,775,400,102,399,776,5.87130212765958,6.262,5.114325,5.14607843137255,5.66516290726817,5.97729381443299,114
"116",2011,1,6.05555555555556,9,6.8,5.125,3,5.75,6.14285714285714,5,4,1,2,7,1184,780,404,103,401,783,5.8727027027027,6.26544871794872,5.11443069306931,5.1252427184466,5.66558603491272,5.97877394636015,115
"117",2011,2,6.22222222222222,9,6.71428571428571,4.5,NA,6,6.28571428571429,7,2,0,2,7,1193,787,406,103,403,790,5.87533948030176,6.26944091486658,5.1114039408867,5.1252427184466,5.66724565756824,5.98149367088608,116
"118",2011,3,6.15,10,6.64285714285714,5,8,8,5.94444444444444,7,3,1,1,9,1203,794,409,104,404,799,5.87762261014131,6.27273299748111,5.11058679706601,5.15288461538462,5.6730198019802,5.98107634543179,117
"119",2011,4,5.08325,12,5.5,4.9999,5.33333333333333,5.5,4.874875,2,10,3,4,8,1215,796,419,107,408,807,5.86977695473251,6.27079145728643,5.10794510739857,5.15794392523365,5.67132352941177,5.9701102850062,118
"120",2011,5,6.57142857142857,7,7,6,6,7.33333333333333,6,4,3,2,3,4,1222,800,422,109,411,811,5.87379623567921,6.2744375,5.11428672985782,5.17339449541285,5.68345498783455,5.97025770653514,119
"121",2011,6,5.92307692307692,13,6.1875,5.5,5.5,4.66666666666667,6.3,8,5,3,3,10,1235,808,427,112,414,821,5.87431497975708,6.27357673267327,5.11880327868852,5.18214285714286,5.67608695652174,5.97427405602923,120
"122",2011,7,5.54285714285714,7,5.46666666666667,6,NA,5.4,5.6,6,1,0,2,5,1242,814,428,112,416,826,5.87244685990338,6.267628992629,5.12086214953271,5.18214285714286,5.67475961538462,5.97200847457627,121
"123",2011,8,5.6,10,5.875,4.5,7,NA,5.6,8,2,1,0,10,1252,822,430,113,416,836,5.87027076677316,6.26380778588808,5.11797441860465,5.19823008849558,5.67475961538462,5.96755861244019,122
"124",2011,9,6.02083333333333,12,6.67857142857143,5.1,5.875,5.66666666666667,6.13888888888889,7,5,4,3,9,1264,829,435,117,419,845,5.87170015822785,6.26731001206273,5.11776781609195,5.22136752136752,5.67470167064439,5.96938343195266,123
"125",2011,10,6.36363636363636,11,6.66666666666667,5,NA,7.25,6.16666666666667,9,2,0,2,9,1275,838,437,117,421,854,5.87594431372549,6.27159904534606,5.11722883295194,5.22136752136752,5.68218527315915,5.97146252927401,124
"126",2011,11,5.43,10,6.16666666666667,4.325,4.65,5,5.61428571428571,6,4,2,3,7,1285,844,441,119,424,861,5.87247392996109,6.27085308056872,5.11004308390023,5.21176470588235,5.67735849056604,5.96855865272939,125
"127",2011,12,5.05555555555556,9,6,4.58333333333333,6.25,4.625,5.4,3,6,2,4,5,1294,847,447,121,428,866,5.86679211746522,6.26989374262102,5.10297315436242,5.22892561983471,5.66752336448598,5.96527598152425,126
"128",2012,1,5.72727272727273,11,5.77777777777778,5.5,NA,4.5,6,9,2,0,2,9,1305,856,449,121,430,875,5.86561609195402,6.26471962616823,5.1047416481069,5.22892561983471,5.66209302325581,5.96563314285714,127
"129",2012,2,6.3125,8,6.25,6.375,NA,6.33333333333333,6.3,4,4,0,3,5,1313,860,453,121,433,880,5.86833891850724,6.2646511627907,5.11595805739514,5.22892561983471,5.66674364896074,5.96753295454546,128
"130",2012,3,6.08333333333333,12,6.5,5.25,3,NA,6.08333333333333,8,4,1,0,12,1325,868,457,122,433,892,5.87028603773585,6.2668202764977,5.11713129102845,5.21065573770492,5.66674364896074,5.96909080717489,129
"131",2012,4,6.625,12,6.65,6.5,6,6,6.75,10,2,1,2,10,1337,878,459,123,435,902,5.87705983545251,6.27118451025057,5.1231568627451,5.21707317073171,5.66827586206897,5.97774833702883,130
"132",2012,5,6.66909090909091,11,7.42,4.66666666666667,4,5.78666666666667,7,8,3,1,3,8,1348,886,462,124,438,910,5.88352299703264,6.28155756207675,5.12019264069264,5.20725806451613,5.66908675799087,5.98673516483517,131
"133",2012,6,5.625,8,5.8,5.33333333333333,NA,NA,5.625,5,3,0,0,8,1356,891,465,124,438,918,5.88199778761062,6.27885521885522,5.12156774193548,5.20725806451613,5.66908675799087,5.98358278867102,132
"134",2012,7,6.05428571428571,7,6.9,3.94,NA,2,6.73,5,2,0,1,6,1363,896,467,124,439,924,5.88288261188555,6.28232142857143,5.11650749464668,5.20725806451613,5.66072892938497,5.98842965367966,133
"135",2012,8,6.625,8,7.6,5,NA,8.5,6,5,3,0,2,6,1371,901,470,124,441,930,5.88721298322392,6.28963374028857,5.11576382978723,5.20725806451613,5.67360544217687,5.98850430107527,134
"136",2012,9,6,10,6.28571428571429,5.33333333333333,4,4,6.5,7,3,2,2,8,1381,908,473,126,443,938,5.88802968863143,6.28960352422908,5.11714376321353,5.18809523809524,5.66604966139955,5.99286673773987,135
"137",2012,10,6.1875,8,6.33333333333333,6.1,NA,5.75,6.33333333333333,3,5,0,2,6,1389,911,478,126,445,944,5.88975449964003,6.28974753018661,5.12742468619247,5.18809523809524,5.66642696629214,5.99503072033898,136
"138",2012,11,6.125,6,6.3125,5.75,NA,6.5,5.9375,4,2,0,2,4,1395,915,480,126,447,948,5.89076630824373,6.28984699453552,5.13001875,5.18809523809524,5.67015659955257,5.99478797468355,137
"139",2012,12,5.18,10,5.92857142857143,3.43333333333333,5.3,6.16666666666667,4.75714285714286,7,3,1,3,7,1405,922,483,127,450,955,5.88570747330961,6.28710412147506,5.11948033126294,5.18897637795276,5.67346666666667,5.98571623036649,138
"140",2013,1,5.38461538461539,13,5.5,5.2,6,5,5.41666666666667,8,5,1,1,12,1418,930,488,128,451,967,5.88111354019746,6.28033333333334,5.12030532786885,5.1953125,5.6719733924612,5.97865460186143,139
"141",2013,2,5.33333333333333,3,7,4.5,NA,NA,5.33333333333333,1,2,0,0,3,1421,931,490,128,451,970,5.87995707248416,6.28110633727175,5.11777346938776,5.1953125,5.6719733924612,5.9766587628866,140
"142",2013,3,5.36363636363636,11,6.8,4.16666666666667,5,4,5.875,5,6,1,3,8,1432,936,496,129,454,978,5.87599092178771,6.28387820512821,5.10626814516129,5.1937984496124,5.66092511013216,5.97582719836401,141
"143",2013,4,5.37666666666667,9,6,4.13,NA,6.3475,4.6,6,3,0,4,5,1441,942,499,129,458,983,5.87287231089521,6.28207006369427,5.10039879759519,5.1937984496124,5.66692139737991,5.96882909460834,142
"144",2013,5,6,8,5.66666666666667,6.2,6.66666666666667,6.5,5.83333333333333,3,5,3,2,6,1449,945,504,132,460,989,5.87357418909593,6.2801164021164,5.11130753968254,5.22727272727273,5.67054347826087,5.96800707785642,143
"145",2013,6,5.66666666666667,6,5.75,5.625,NA,5.5,5.7,2,4,0,1,5,1455,947,508,132,461,994,5.87272096219931,6.27899683210137,5.11535236220472,5.22727272727273,5.67017353579176,5.96665895372234,144
"146",2013,7,5.875,12,6.05,5,NA,6.5,5.75,10,2,0,2,10,1467,957,510,132,463,1004,5.87273960463531,6.2766039707419,5.1149,5.22727272727273,5.67375809935205,5.96450099601594,145
"147",2013,8,6,8,7.75,4.25,5.5,NA,6,4,4,2,0,8,1475,961,514,134,463,1012,5.87342983050847,6.28273673257024,5.10816926070039,5.23134328358209,5.67375809935205,5.96478162055336,146
"148",2013,9,6.08,10,7,5.46666666666667,4.96,5,6.2,4,6,5,1,9,1485,965,520,139,464,1021,5.87482087542087,6.28570984455959,5.11230576923077,5.22158273381295,5.67230603448276,5.96685504407444,147
"149",2013,10,5.96428571428571,7,6.3,5.125,4,4,6.29166666666667,5,2,1,1,6,1492,970,522,140,465,1027,5.87524061662198,6.28578350515464,5.11235440613027,5.21285714285714,5.66870967741936,5.96875267770205,148
"150",2013,11,5.75,8,6.7,4.16666666666667,5,4.75,6.08333333333333,5,3,1,2,6,1500,975,525,141,467,1033,5.87457266666666,6.28790769230769,5.10695047619048,5.2113475177305,5.66477516059957,5.96941819941917,149
"151",2013,12,5.77272727272727,11,5.85,5,NA,5.33333333333333,5.9375,10,1,0,3,8,1511,985,526,141,470,1041,5.873831237591,6.28346192893401,5.10674714828897,5.2113475177305,5.66265957446809,5.96917291066283,150
"152",2014,1,6.35,10,6.3125,6.5,NA,6,6.4375,8,2,0,2,8,1521,993,528,141,472,1049,5.87696186719263,6.28369587109769,5.11202462121212,5.2113475177305,5.66408898305085,5.97274451858913,151
"153",2014,2,5.55,10,6.125,5.16666666666667,NA,3,5.83333333333333,4,6,0,1,9,1531,997,534,141,473,1058,5.87482625734814,6.2830591775326,5.11263857677903,5.2113475177305,5.65845665961945,5.97155860113422,152
"154",2014,3,5,3,5.5,4,4,5,5,2,1,1,1,2,1534,999,535,142,474,1060,5.87311538461538,6.28149149149149,5.11055887850467,5.20281690140845,5.65706751054852,5.96972547169811,153
"155",2014,4,5.35,10,6.5,3.625,NA,4,5.5,6,4,0,1,9,1544,1005,539,142,475,1069,5.86972733160622,6.2827960199005,5.09953432282004,5.20281690140845,5.65357894736842,5.96577081384472,154
"156",2014,5,4.83333333333333,6,5,4.75,NA,4,5.25,2,4,0,2,4,1550,1007,543,142,477,1073,5.86571548387097,6.28024826216485,5.09695948434623,5.20281690140845,5.64664570230608,5.96310251630941,155
"157",2014,6,5.2,5,6.33333333333333,3.5,6,1,6.25,3,2,1,1,4,1555,1010,545,143,478,1077,5.86357491961415,6.28040594059406,5.09109908256881,5.20839160839161,5.63692468619247,5.96416805942433,156
"158",2014,7,5.83333333333333,3,6.25,5,NA,NA,5.83333333333333,2,1,0,0,3,1558,1012,546,143,478,1080,5.86351668806162,6.28034584980237,5.09093223443223,5.20839160839161,5.63692468619247,5.96380462962963,157
"159",2014,8,5,8,5.15,4.85,3.5,2,5.42857142857143,4,4,2,1,7,1566,1016,550,145,479,1087,5.85910536398467,6.27589566929134,5.08918,5.1848275862069,5.62933194154489,5.96035786568537,158
"160",2014,9,5.83333333333333,6,7,4.66666666666667,NA,7.5,5,3,3,0,2,4,1572,1019,553,145,481,1091,5.85900699745547,6.27802747791953,5.08688788426763,5.1848275862069,5.63711018711019,5.95683684692942,159
"161",2014,10,7.125,8,7.83333333333333,5,5,5.25,9,6,2,1,4,4,1580,1025,555,146,485,1095,5.86541708860759,6.28713170731708,5.08657477477478,5.18356164383562,5.6339175257732,5.96795342465754,160
"162",2014,11,5.25,4,7,3.5,5,6.5,4,2,2,1,2,2,1584,1027,557,147,487,1097,5.8638630050505,6.28851996105161,5.08087791741472,5.18231292517007,5.63747433264887,5.96436554238833,161
"163",2014,12,5.92857142857143,7,6.2,5.25,5.5,5.75,6,5,2,1,2,5,1591,1032,559,148,489,1102,5.86414770584538,6.28809108527132,5.08148300536673,5.18445945945946,5.6379345603272,5.96452722323049,162
"164",2015,1,5.72727272727273,11,5.77777777777778,5.5,5,6,5.7,9,2,1,1,10,1602,1041,561,149,490,1112,5.86320786516854,6.28367915465898,5.08297504456328,5.18322147651007,5.63867346938776,5.96214838129497,163
"165",2015,2,5.75,4,6,5.5,6,5,6,2,2,1,1,3,1606,1043,563,150,491,1115,5.86292590286426,6.28313518696069,5.08445648312611,5.18866666666667,5.63737270875764,5.96225022421525,164
"166",2015,3,6.5,7,6.625,6.33333333333333,NA,6.25,6.6,4,3,0,2,5,1613,1047,566,150,493,1120,5.86569063856168,6.28444126074499,5.09107597173145,5.18866666666667,5.63985801217039,5.96509732142857,165
"167",2015,4,4.66666666666667,9,5.2,4,NA,2,5.42857142857143,5,4,0,2,7,1622,1052,570,150,495,1127,5.85903760789149,6.27928707224335,5.08341929824562,5.18866666666667,5.62515151515152,5.96176486246673,166
"168",2015,5,6.77777777777778,9,6.77777777777778,NA,NA,6.5,6.85714285714286,9,0,0,2,7,1631,1061,570,150,497,1134,5.86410729613734,6.28351555136664,5.08341929824562,5.18866666666667,5.62867203219316,5.96729188712522,167
"169",2015,6,5.4,10,5.83333333333333,4.75,NA,6,5.33333333333333,6,4,0,1,9,1641,1067,574,150,498,1143,5.86127909811091,6.28098406747892,5.08109581881533,5.18866666666667,5.62941767068273,5.96230008748906,168
"170",2015,7,6.52,5,6.52,NA,NA,6,6.65,5,0,0,1,4,1646,1072,574,150,499,1147,5.86328007290401,6.28209888059702,5.08109581881533,5.18866666666667,5.63016032064128,5.9646983435048,169
"171",2015,8,5.5,8,5.85714285714286,3,3,8,5.14285714285714,7,1,1,1,7,1654,1079,575,151,500,1154,5.86152297460701,6.27934198331789,5.07747652173913,5.17417218543046,5.6349,5.95971317157712,170
"172",2015,9,5.48,10,6.05,4.625,5,6.16666666666667,5.18571428571429,6,4,3,3,7,1664,1085,579,154,503,1161,5.85923016826923,6.2780737327189,5.0743506044905,5.17077922077922,5.63807157057654,5.95504651162791,171
"173",2015,10,6.14285714285714,7,6.33333333333333,5,NA,6.5,6.08333333333333,6,1,0,1,6,1671,1091,580,154,504,1167,5.86041831238779,6.27837763519707,5.07422241379311,5.17077922077922,5.63978174603175,5.95570608397601,172
"174",2015,11,6.61538461538461,13,6.81818181818182,5.5,NA,6.75,6.55555555555556,11,2,0,4,9,1684,1102,582,154,508,1176,5.86624643705463,6.28376588021779,5.07568556701031,5.17077922077922,5.64852362204724,5.96029676870748,173
"175",2015,12,6,12,6.61111111111111,4.16666666666667,3,6.33333333333333,5.88888888888889,9,3,2,3,9,1696,1111,585,156,511,1185,5.86719280660377,6.28641764176418,5.07102393162393,5.14294871794872,5.65254403131116,5.95975443037975,174
"176",2016,1,4.83846153846154,13,5.83333333333333,3.98571428571429,5,6,4.62727272727273,6,7,1,2,11,1709,1117,592,157,513,1196,5.85936746635459,6.28398388540734,5.05819087837838,5.14203821656051,5.65389863547758,5.9474991638796,175
"177",2016,2,5.3,7,7.03333333333333,4,3,4,5.82,3,4,1,2,5,1716,1120,596,158,515,1201,5.85708566433566,6.28599107142858,5.0510889261745,5.12848101265823,5.64747572815534,5.94696835970025,176
"178",2016,3,7.46666666666667,3,7.46666666666667,NA,NA,7.4,7.5,3,0,0,1,2,1719,1123,596,158,516,1203,5.85989470622455,6.28914514692787,5.0510889261745,5.12848101265823,5.65087209302326,5.94955029093932,177
"179",2016,4,5.63636363636364,11,6.4,5,5.33333333333333,6,5.42857142857143,5,6,3,4,7,1730,1128,602,161,520,1210,5.85847341040462,6.2896365248227,5.05057973421927,5.13229813664596,5.65355769230769,5.94653636363637,178
"180",2016,5,5.95,10,6.07142857142857,5.66666666666667,NA,7.5,5.5625,7,3,0,2,8,1740,1135,605,161,522,1218,5.85899942528735,6.28829074889868,5.0536347107438,5.13229813664596,5.66063218390805,5.94401395730706,179
"181",2016,6,5.63846153846154,13,6.28571428571429,4.88333333333333,5,6.25,5.36666666666667,7,6,4,4,9,1753,1142,611,165,526,1227,5.85736394751854,6.28827495621717,5.05196235679215,5.12909090909091,5.66511406844107,5.93977913610432,180
"182",2016,7,6.08333333333333,6,7,5.16666666666667,5.5,NA,6.08333333333333,3,3,1,0,6,1759,1145,614,166,526,1233,5.85813473564525,6.29013973799127,5.05252280130293,5.13132530120482,5.66511406844107,5.94047769667478,181
"183",2016,8,5.73076923076923,13,6.57142857142857,4.75,3.5,2,6.04166666666667,7,6,2,1,12,1772,1152,620,168,527,1245,5.85720033860045,6.29184895833334,5.04959516129032,5.11190476190476,5.65815939278937,5.94145301204819,182
"184",2016,9,5.25,4,6.66666666666667,1,1,4.5,6,3,1,1,2,2,1776,1155,621,169,529,1247,5.85583277027027,6.29282251082251,5.04307407407408,5.08757396449704,5.65378071833648,5.94154691259022,183
"185",2016,10,6.0625,8,6.75,5.375,NA,6,6.07142857142857,4,4,0,1,7,1784,1159,625,169,530,1254,5.85675952914798,6.29440034512511,5.0451984,5.08757396449704,5.65443396226415,5.94227192982456,184
"186",2016,11,6,3,6,NA,NA,7,5.5,3,0,0,1,2,1787,1162,625,169,531,1256,5.857,6.29364027538727,5.0451984,5.08757396449704,5.65696798493409,5.94156767515924,185
"187",2016,12,4,4,3.66666666666667,5,NA,3,4.33333333333333,3,1,0,1,3,1791,1165,626,169,532,1259,5.85285259631491,6.28687553648069,5.04512619808307,5.08757396449704,5.65197368421053,5.93773550436855,186
"188",2017,1,5.9375,16,6.61111111111111,5.07142857142857,5.6,5.7,6.04545454545455,9,7,5,5,11,1807,1174,633,174,537,1270,5.85360210293304,6.28936115843271,5.04541706161138,5.10229885057471,5.6524208566108,5.93866850393701,187
"189",2017,2,5.4,5,7,5,6,6,5.25,1,4,1,1,4,1812,1175,637,175,538,1274,5.8523504415011,6.28996595744681,5.04513186813187,5.10742857142857,5.65306691449814,5.93650627943485,188
"190",2017,3,7,4,7.33333333333333,6,NA,7.5,6.5,3,1,0,2,2,1816,1178,638,175,540,1276,5.85487830396475,6.29262308998302,5.04662852664577,5.10742857142857,5.65990740740741,5.9373894984326,189
"191",2017,4,5.65,10,6.5,5.08333333333333,4.5,NA,5.65,4,6,1,0,10,1826,1182,644,176,540,1286,5.85375629791895,6.29332487309645,5.04697049689441,5.10397727272727,5.65990740740741,5.93515474339036,190
"192",2017,5,5.875,8,6.2,5.33333333333333,6,6,5.85714285714286,5,3,1,1,7,1834,1187,647,177,541,1293,5.85384896401308,6.29293176074137,5.04829829984544,5.1090395480226,5.66053604436229,5.93473240525909,191
"193",2017,6,5.55,10,6.41666666666667,4.25,4,NA,5.55,6,4,3,0,10,1844,1193,651,180,541,1303,5.85220119305857,6.29355406538139,5.04339324116744,5.09055555555556,5.66053604436229,5.9317797390637,192
"194",2017,7,5.75,6,6.875,3.5,3,NA,5.75,4,2,1,0,6,1850,1197,653,181,541,1309,5.85186972972973,6.29549707602339,5.03866615620215,5.07900552486188,5.66053604436229,5.93094652406417,193
"195",2017,8,5.66666666666667,6,6.75,3.5,NA,6,5.6,4,2,0,1,5,1856,1201,655,181,542,1314,5.85127101293103,6.29701082431307,5.0339679389313,5.07900552486188,5.66116236162362,5.92968721461187,194
"196",2017,9,7,3,7,NA,NA,NA,7,3,0,0,0,3,1859,1204,655,181,542,1317,5.85312479827864,6.29876245847176,5.0339679389313,5.07900552486188,5.66116236162362,5.93212528473804,195
"197",2017,10,5.66666666666667,15,6.25,5,6,6.5,5.53846153846154,8,7,2,2,13,1874,1212,662,183,544,1330,5.85163233724653,6.29844059405941,5.03360876132931,5.08907103825137,5.66424632352941,5.92827744360902,196
"198",2017,11,5.91666666666667,6,5.375,7,NA,4.5,6.625,4,2,0,2,4,1880,1216,664,183,546,1334,5.85183989361702,6.29540296052632,5.03953162650603,5.08907103825137,5.65998168498169,5.93036656671664,197
"199",2017,12,4.5,8,5,4.33333333333333,4.5,3.66666666666667,5,2,6,2,3,5,1888,1218,670,185,549,1339,5.84611175847457,6.29327586206897,5.03320746268657,5.0827027027027,5.64908925318761,5.92689245705751,198
"200",2018,1,6.08333333333333,6,6.125,6,5,7,5.9,4,2,1,1,5,1894,1222,672,186,550,1344,5.84686325237592,6.29272504091653,5.03608482142857,5.08225806451613,5.65154545454546,5.92679241071429,199
"201",2018,2,6.33333333333333,6,6.33333333333333,NA,NA,7,6.2,6,0,0,1,5,1900,1228,672,186,551,1349,5.84839947368421,6.29292345276873,5.03608482142857,5.08225806451613,5.65399274047187,5.92780504077094,200
"202",2018,3,6.1,5,7.66666666666667,3.75,NA,NA,6.1,3,2,0,0,5,1905,1231,674,186,551,1354,5.84905984251968,6.29627132412673,5.03226854599407,5.08225806451613,5.65399274047187,5.92844091580502,201
"203",2018,4,7.33333333333333,6,7.6,6,NA,10,6.8,5,1,0,1,5,1911,1236,675,186,552,1359,5.8537200418629,6.30154530744337,5.03370222222222,5.08225806451613,5.66186594202899,5.93164753495217,202
"204",2018,5,6.5,2,7,6,6,NA,6.5,1,1,1,0,2,1913,1237,676,187,552,1361,5.85439571353894,6.30210994341148,5.03513165680474,5.08716577540107,5.66186594202899,5.93248273328435,203
"205",2018,6,6.14285714285714,7,6.83333333333333,2,NA,2,6.83333333333333,6,1,0,1,6,1920,1243,677,187,553,1367,5.85544739583333,6.30467417538214,5.03064844903988,5.08716577540107,5.65524412296564,5.93643672275055,204
"206",2018,7,4.8,5,6,3,NA,5,4.66666666666667,3,2,0,2,3,1925,1246,679,187,555,1370,5.85270597402597,6.30394060995185,5.02466715758468,5.08716577540107,5.65288288288288,5.93365620437956,205
"207",2018,8,6,7,6,6,6.5,8,5.66666666666667,3,4,2,1,6,1932,1249,683,189,556,1376,5.85323964803312,6.30321056845477,5.03037920937043,5.1021164021164,5.65710431654676,5.93249200581395,206
"208",2018,9,5,2,NA,5,5,NA,5,0,2,1,0,2,1934,1249,685,190,556,1378,5.85235729058945,6.30321056845477,5.03029051094891,5.10157894736842,5.65710431654676,5.93113860667634,207
"209",2018,10,5.875,4,5.875,NA,NA,NA,5.875,4,0,0,0,4,1938,1253,685,190,556,1382,5.8524040247678,6.301843575419,5.03029051094891,5.10157894736842,5.65710431654676,5.93097612156295,208
"210",2018,11,5.375,8,6.4,3.66666666666667,NA,5,5.42857142857143,5,3,0,1,7,1946,1258,688,190,557,1389,5.85044141829393,6.30223370429253,5.02434447674419,5.10157894736842,5.65592459605027,5.92844420446364,209
"211",2018,12,4.9375,8,5.5,4.6,NA,NA,4.9375,3,5,0,0,8,1954,1261,693,190,557,1397,5.84670368474923,6.30032513877875,5.02128282828283,5.10157894736842,5.65592459605027,5.92276950608447,210
"212",2019,1,6.3,10,6.66666666666667,5.75,5,5,6.44444444444444,6,4,2,1,9,1964,1267,697,192,558,1406,5.8490117107943,6.30205998421468,5.02546484935438,5.10052083333333,5.65474910394265,5.92610881934566,211
"213",2019,2,5.75,6,6.5,2,6.5,7.25,5,5,1,1,2,4,1970,1272,698,193,560,1410,5.84871015228426,6.30283805031447,5.02113037249284,5.10777202072539,5.66044642857143,5.92348156028369,212
"214",2019,3,5.16666666666667,6,6,4.33333333333333,4.5,3,5.6,3,3,2,1,5,1976,1275,701,195,561,1415,5.84663917004048,6.30212549019608,5.01818687589158,5.10153846153846,5.65570409982175,5.92233851590106,213
"215",2019,4,3.85,4,NA,3.85,3,NA,3.85,0,4,1,0,4,1980,1275,705,196,561,1419,5.84260555555555,6.30212549019608,5.01155886524823,5.09081632653061,5.65570409982175,5.91649682875264,214
"216",2019,5,6.22222222222222,9,6.5,5.66666666666667,NA,6,6.25,6,3,0,1,8,1989,1281,708,196,562,1427,5.84432327802916,6.30305230288837,5.01433474576271,5.09081632653061,5.65631672597865,5.91836650315347,215
"217",2019,6,6.5,4,6.5,NA,NA,NA,6.5,4,0,0,0,4,1993,1285,708,196,562,1431,5.84563923733065,6.30366536964981,5.01433474576271,5.09081632653061,5.65631672597865,5.91999231306778,216
"218",2019,7,6.64285714285714,7,6.83333333333333,6.5,8,5.25,7.2,3,4,1,2,5,2000,1288,712,197,564,1436,5.8484295,6.30489906832298,5.02268117977528,5.10558375634518,5.65487588652482,5.9244491643454,217
"219",2019,8,5.5,5,5.5,NA,NA,NA,5.5,5,0,0,0,5,2005,1293,712,197,564,1441,5.84756059850374,6.30178654292344,5.02268117977528,5.10558375634518,5.65487588652482,5.92297640527411,218
"220",2019,9,6.16666666666667,6,7.75,3,NA,NA,6.16666666666667,4,2,0,0,6,2011,1297,714,197,564,1447,5.84851268025858,6.30625289128759,5.01701540616247,5.10558375634518,5.65487588652482,5.92398686938493,219
"221",2019,10,7.33333333333333,3,7.33333333333333,NA,NA,NA,7.33333333333333,3,0,0,0,3,2014,1300,714,197,564,1450,5.85072442899702,6.30862307692308,5.01701540616247,5.10558375634518,5.65487588652482,5.92690275862069,220
"222",2019,11,4.5,2,4.5,NA,NA,4.5,NA,2,0,0,2,0,2016,1302,714,197,566,1450,5.84938442460317,6.30584485407066,5.01701540616247,5.10558375634518,5.65079505300354,5.92690275862069,221
"223",2019,12,6.5,8,6.57142857142857,6,NA,NA,6.5,7,1,0,0,8,2024,1309,715,197,566,1458,5.85195602766798,6.30726508785333,5.01839020979021,5.10558375634518,5.65079505300354,5.93004732510288,222
"224",2020,1,5.78571428571429,7,6.83333333333333,5,6,5.33333333333333,6.125,3,4,1,3,4,2031,1312,719,198,569,1462,5.85172772033481,6.30846798780488,5.01828789986092,5.11010101010101,5.64912126537786,5.93058071135431,223
"225",2020,2,6,5,6.5,4,NA,5,6.25,4,1,0,1,4,2036,1316,720,198,570,1466,5.85209184675835,6.30905015197569,5.01687361111111,5.11010101010101,5.64798245614035,5.93145225102319,224
"226",2020,4,8,3,8,NA,NA,NA,8,3,0,0,0,3,2039,1319,720,198,570,1469,5.85525208435507,6.31289613343442,5.01687361111111,5.11010101010101,5.64798245614035,5.93567665078285,226
"227",2020,5,6,6,6.2,5,NA,6,6,5,1,0,3,3,2045,1324,721,198,573,1472,5.85567677261613,6.31246978851964,5.01685020804438,5.11010101010101,5.64982547993019,5.93580774456522,227
"228",2020,6,6.5,2,7,6,NA,NA,6.5,1,1,0,0,2,2047,1325,722,198,573,1474,5.85630630190522,6.31298867924528,5.01821191135734,5.11010101010101,5.64982547993019,5.93657327001357,228
"229",2020,7,4.5,2,5,4,4,NA,4.5,1,1,1,0,2,2049,1326,723,199,573,1476,5.85498243045388,6.31199849170438,5.01680359612725,5.10452261306533,5.64982547993019,5.93462669376694,229
"230",2020,8,5.9,5,5.5,6.16666666666667,6,NA,5.9,2,3,1,0,5,2054,1328,726,200,573,1481,5.85509201557935,6.31077560240964,5.02155509641873,5.109,5.64982547993019,5.93450979068197,230
"231",2020,9,5.8,5,6,5,NA,NA,5.8,4,1,0,0,5,2059,1332,727,200,573,1486,5.85495823215153,6.30984234234234,5.02152544704264,5.109,5.64982547993019,5.93405720053836,231
"232",2020,10,4.83333333333333,6,NA,4.83333333333333,1,7,4.4,0,6,1,1,5,2065,1332,733,201,574,1491,5.85198983050847,6.30984234234234,5.01998499317872,5.08855721393035,5.65217770034843,5.9289128101945,232
"233",2020,11,5.75,6,7.25,5,4,NA,5.75,2,4,1,0,6,2071,1334,737,202,574,1497,5.85169435055528,6.31125187406297,5.01987652645862,5.08316831683168,5.65217770034843,5.9281957247829,233
"234",2020,12,4.425,4,6,3.9,5,3,4.9,1,3,1,1,3,2075,1335,740,203,575,1500,5.84894409638554,6.31101872659176,5.01533648648649,5.08275862068966,5.64756521739131,5.92613933333333,234
"235",2021,1,5,7,5.8,3,NA,3,5.33333333333333,5,2,0,1,6,2082,1340,742,203,576,1506,5.84608981748319,6.30911194029851,5.00990431266847,5.08275862068966,5.64296875,5.9237775564409,235
"236",2021,2,6.4,1,6.4,NA,NA,NA,6.4,1,0,0,0,1,2083,1341,742,203,576,1507,5.8463557369179,6.30917971662938,5.00990431266847,5.08275862068966,5.64296875,5.92409356337094,236
"237",2021,4,5.66666666666667,3,6,5.5,NA,NA,5.66666666666667,1,2,0,0,3,2086,1342,744,203,576,1510,5.84609731543624,6.30894932935917,5.01122177419355,5.08275862068966,5.64296875,5.9235821192053,238
"238",2021,5,5.5,2,6,5,NA,NA,5.5,1,1,0,0,2,2088,1343,745,203,576,1512,5.8457658045977,6.30871928518243,5.0112067114094,5.08275862068966,5.64296875,5.92302182539683,239
"239",2021,6,5.5,3,6.5,3.5,NA,NA,5.5,2,1,0,0,3,2091,1345,746,203,576,1515,5.84526972740315,6.30900371747212,5.00918096514745,5.08275862068966,5.64296875,5.92218415841584,240
"240",2021,7,5.16666666666667,3,NA,5.16666666666667,3,NA,5.16666666666667,0,3,1,0,3,2094,1345,749,204,576,1518,5.84429751671442,6.30900371747212,5.00981174899867,5.07254901960784,5.64296875,5.92069104084321,241
"241",2021,8,5,2,7,3,NA,NA,5,1,1,0,0,2,2096,1346,750,204,576,1520,5.84349188931297,6.30951708766716,5.007132,5.07254901960784,5.64296875,5.91947960526316,242
"242",2021,9,5.5,2,5.5,NA,NA,NA,5.5,2,0,0,0,2,2098,1348,750,204,576,1522,5.84316444232602,6.30831602373887,5.007132,5.07254901960784,5.64296875,5.91892838370565,243
"243",2021,10,4.5,6,5,4.25,4,1,5.2,2,4,1,1,5,2104,1350,754,205,577,1527,5.83933412547528,6.30637777777778,5.00311538461539,5.06731707317073,5.63492201039861,5.91657432874918,244
"244",2021,11,5.5,2,10,1,1,NA,5.5,1,1,1,0,2,2106,1351,755,206,577,1529,5.8390118708452,6.30911176905996,4.99781324503311,5.04757281553398,5.63492201039861,5.91602943100065,245
"245",2021,12,5.5,6,6.5,3.5,NA,3,6,4,2,0,1,5,2112,1355,757,206,578,1534,5.83804876893939,6.30967527675277,4.99385601056803,5.04757281553398,5.63036332179931,5.91630312907432,246
"246",2022,1,6.125225,4,6.125225,NA,NA,NA,6.125225,4,0,0,0,4,2116,1359,757,206,578,1538,5.83859163516068,6.30913237674761,4.99385601056803,5.04757281553398,5.63036332179931,5.91684648894668,247
"247",2022,2,5,3,6.5,2,2,NA,5,2,1,1,0,3,2119,1361,758,207,578,1541,5.83740438886267,6.30941285819251,4.98990633245383,5.03285024154589,5.63036332179931,5.91506158338741,248
"248",2022,3,5,1,5,NA,NA,NA,5,1,0,0,0,1,2120,1362,758,207,578,1542,5.83700938679245,6.30845146842878,4.98990633245383,5.03285024154589,5.63036332179931,5.91446815823606,249
"249",2022,4,7,2,7,NA,NA,NA,7,2,0,0,0,2,2122,1364,758,207,578,1544,5.83810551366635,6.30946546920821,4.98990633245383,5.03285024154589,5.63036332179931,5.91587428756477,250
"250",2022,5,4.75,4,5,4.5,3,3,5.33333333333333,2,2,1,1,3,2126,1366,760,208,579,1547,5.83605827845719,6.30754824304539,4.98861710526316,5.02307692307692,5.62582037996546,5.91474460245637,251
"251",2022,6,4.5,2,7,2,2,NA,4.5,1,1,1,0,2,2128,1367,761,209,579,1549,5.83480258458646,6.30805479151427,4.98468988173456,5.00861244019139,5.62582037996546,5.91291794706262,252
"252",2022,8,7,2,7,NA,NA,NA,7,2,0,0,0,2,2130,1369,761,209,579,1551,5.83589666666666,6.30906566837108,4.98468988173456,5.00861244019139,5.62582037996546,5.91431972920696,254
