"","year","month","avg_rating","no_ratings","avg_rating_owned","avg_rating_not_owned","avg_rating_prev_owned","avg_rating_comment","avg_rating_no_comment","no_ratings_owned","no_ratings_not_owned","no_ratings_prev_owned","no_ratings_comment","no_ratings_no_comment","cum_no_ratings","cum_no_ratings_owned","cum_no_ratings_not_owned","cum_no_ratings_prev_owned","cum_no_ratings_comment","cum_no_ratings_no_comment","cum_avg_rating","cum_avg_rating_owned","cum_avg_rating_not_owned","cum_avg_rating_prev_owned","cum_avg_rating_comment","cum_avg_rating_no_comment","month_after_release"
"1",2001,7,6.5,2,9,4,NA,NA,6.5,1,1,0,0,2,2,1,1,0,0,2,6.5,9,4,NA,NA,6.5,0
"2",2001,8,3.5,2,NA,3.5,NA,NA,3.5,0,2,0,0,2,4,1,3,0,0,4,5,9,3.66666666666667,NA,NA,5,1
"3",2001,9,2.5,2,NA,2.5,NA,2.5,NA,0,2,0,2,0,6,1,5,0,2,4,4.16666666666667,9,3.2,NA,2.5,5,2
"4",2001,10,6,1,6,NA,NA,NA,6,1,0,0,0,1,7,2,5,0,2,5,4.42857142857143,7.5,3.2,NA,2.5,5.2,3
"5",2001,12,5,1,5,NA,NA,5,NA,1,0,0,1,0,8,3,5,0,3,5,4.5,6.66666666666667,3.2,NA,3.33333333333333,5.2,5
"6",2002,1,5,1,NA,5,NA,NA,5,0,1,0,0,1,9,3,6,0,3,6,4.55555555555556,6.66666666666667,3.5,NA,3.33333333333333,5.16666666666667,6
"7",2002,2,4.5,2,5,4,NA,5,4,1,1,0,1,1,11,4,7,0,4,7,4.54545454545455,6.25,3.57142857142857,NA,3.75,5,7
"8",2002,4,3.5,2,NA,3.5,NA,NA,3.5,0,2,0,0,2,13,4,9,0,4,9,4.38461538461539,6.25,3.55555555555556,NA,3.75,4.66666666666667,9
"9",2002,5,6,1,6,NA,NA,NA,6,1,0,0,0,1,14,5,9,0,4,10,4.5,6.2,3.55555555555556,NA,3.75,4.8,10
"10",2002,7,5,1,NA,5,NA,5,NA,0,1,0,1,0,15,5,10,0,5,10,4.53333333333333,6.2,3.7,NA,4,4.8,12
"11",2002,8,4,4,3,5,5,4,4,2,2,1,2,2,19,7,12,1,7,12,4.42105263157895,5.28571428571429,3.91666666666667,5,4,4.66666666666667,13
"12",2002,9,2.5,1,NA,2.5,NA,NA,2.5,0,1,0,0,1,20,7,13,1,7,13,4.325,5.28571428571429,3.80769230769231,5,4,4.5,14
"13",2002,10,2,1,NA,2,NA,2,NA,0,1,0,1,0,21,7,14,1,8,13,4.21428571428572,5.28571428571429,3.67857142857143,5,3.75,4.5,15
"14",2002,11,5.66666666666667,3,6.5,4,NA,NA,5.66666666666667,2,1,0,0,3,24,9,15,1,8,16,4.39583333333333,5.55555555555556,3.7,5,3.75,4.71875,16
"15",2002,12,5,1,5,NA,NA,5,NA,1,0,0,1,0,25,10,15,1,9,16,4.42,5.5,3.7,5,3.88888888888889,4.71875,17
"16",2003,1,3.6,5,4,3,NA,2,4,3,2,0,1,4,30,13,17,1,10,20,4.28333333333333,5.15384615384615,3.61764705882353,5,3.7,4.575,18
"17",2003,2,5,1,NA,5,NA,NA,5,0,1,0,0,1,31,13,18,1,10,21,4.30645161290323,5.15384615384615,3.69444444444444,5,3.7,4.59523809523809,19
"18",2003,3,4,1,NA,4,NA,NA,4,0,1,0,0,1,32,13,19,1,10,22,4.296875,5.15384615384615,3.71052631578947,5,3.7,4.56818181818182,20
"19",2003,5,4,1,NA,4,NA,NA,4,0,1,0,0,1,33,13,20,1,10,23,4.28787878787879,5.15384615384615,3.725,5,3.7,4.54347826086957,22
"20",2003,6,4.5,3,6.25,1,NA,1,6.25,2,1,0,1,2,36,15,21,1,11,25,4.30555555555556,5.3,3.5952380952381,5,3.45454545454545,4.68,23
"21",2003,7,4,12,8.5,3.1,NA,3.75,4.125,2,10,0,4,8,48,17,31,1,15,33,4.22916666666667,5.67647058823529,3.43548387096774,5,3.53333333333333,4.54545454545455,24
"22",2003,8,3.75,6,6,3.3,4,4.16666666666667,3.33333333333333,1,5,1,3,3,54,18,36,2,18,36,4.17592592592593,5.69444444444444,3.41666666666667,4.5,3.63888888888889,4.44444444444444,25
"23",2003,9,2.66666666666667,3,2.5,3,NA,NA,2.66666666666667,2,1,0,0,3,57,20,37,2,18,39,4.09649122807017,5.375,3.40540540540541,4.5,3.63888888888889,4.30769230769231,26
"24",2003,10,2.75,4,3,2.5,NA,3,2.66666666666667,2,2,0,1,3,61,22,39,2,19,42,4.00819672131147,5.15909090909091,3.35897435897436,4.5,3.60526315789474,4.19047619047619,27
"25",2003,11,5.25,4,5.66666666666667,4,NA,5,6,3,1,0,3,1,65,25,40,2,22,43,4.08461538461538,5.22,3.375,4.5,3.79545454545455,4.23255813953488,28
"26",2003,12,4.5,4,6,3,NA,4,6,2,2,0,3,1,69,27,42,2,25,44,4.10869565217391,5.27777777777778,3.35714285714286,4.5,3.82,4.27272727272727,29
"27",2004,1,4.25,8,4.5,4,3,4.33333333333333,4.2,4,4,1,3,5,77,31,46,3,28,49,4.12337662337662,5.17741935483871,3.41304347826087,4,3.875,4.26530612244898,30
"28",2004,2,5,2,6,4,4,6,4,1,1,1,1,1,79,32,47,4,29,50,4.14556962025316,5.203125,3.42553191489362,4,3.94827586206897,4.26,31
"29",2004,3,5.4,5,5,6,NA,NA,5.4,3,2,0,0,5,84,35,49,4,29,55,4.22023809523809,5.18571428571429,3.53061224489796,4,3.94827586206897,4.36363636363637,32
"30",2004,4,3.75,2,6.5,1,NA,NA,3.75,1,1,0,0,2,86,36,50,4,29,57,4.2093023255814,5.22222222222222,3.48,4,3.94827586206897,4.3421052631579,33
"31",2004,6,4.33333333333333,6,5.66666666666667,3,NA,4.8,2,3,3,0,5,1,92,39,53,4,34,58,4.21739130434783,5.25641025641026,3.45283018867925,4,4.07352941176471,4.30172413793104,35
"32",2004,7,5.33333333333333,6,6.25,3.5,NA,8,4.8,4,2,0,1,5,98,43,55,4,35,63,4.28571428571429,5.34883720930233,3.45454545454545,4,4.18571428571429,4.34126984126984,36
"33",2004,8,3.5,4,4.5,2.5,NA,3,3.66666666666667,2,2,0,1,3,102,45,57,4,36,66,4.25490196078431,5.31111111111111,3.42105263157895,4,4.15277777777778,4.31060606060606,37
"34",2004,9,5.33333333333333,3,5,5.5,NA,3,6.5,1,2,0,1,2,105,46,59,4,37,68,4.28571428571429,5.30434782608696,3.49152542372881,4,4.12162162162162,4.375,38
"35",2004,10,4.5,2,6,3,NA,4.5,NA,1,1,0,2,0,107,47,60,4,39,68,4.28971962616822,5.31914893617021,3.48333333333333,4,4.14102564102564,4.375,39
"36",2004,11,5,5,5.25,4,NA,3,5.5,4,1,0,1,4,112,51,61,4,40,72,4.32142857142857,5.31372549019608,3.49180327868852,4,4.1125,4.4375,40
"37",2004,12,5.3,5,4.5,5.83333333333333,NA,5.375,5,2,3,0,4,1,117,53,64,4,44,73,4.36324786324786,5.28301886792453,3.6015625,4,4.22727272727273,4.44520547945206,41
"38",2005,1,4.5,15,5.16666666666667,4.05555555555556,NA,4.25,4.66666666666667,6,9,0,6,9,132,59,73,4,50,82,4.37878787878788,5.27118644067797,3.65753424657534,4,4.23,4.46951219512195,42
"39",2005,2,4.72222222222222,9,6,2.16666666666667,2,4.5,4.9,6,3,1,4,5,141,65,76,5,54,87,4.40070921985816,5.33846153846154,3.59868421052632,3.6,4.25,4.49425287356322,43
"40",2005,3,4.26666666666667,3,6,3.4,NA,4.26666666666667,NA,1,2,0,3,0,144,66,78,5,57,87,4.39791666666667,5.34848484848485,3.59358974358974,3.6,4.25087719298246,4.49425287356322,44
"41",2005,4,3.33333333333333,3,NA,3.33333333333333,4,3,4,0,3,1,2,1,147,66,81,6,59,88,4.37619047619048,5.34848484848485,3.58395061728395,3.66666666666667,4.20847457627119,4.48863636363637,45
"42",2005,5,4.33333333333333,3,4.33333333333333,NA,NA,4.33333333333333,NA,3,0,0,3,0,150,69,81,6,62,88,4.37533333333333,5.30434782608696,3.58395061728395,3.66666666666667,4.21451612903226,4.48863636363637,46
"43",2005,6,4,3,4,NA,NA,4,4,3,0,0,2,1,153,72,81,6,64,89,4.36797385620915,5.25,3.58395061728395,3.66666666666667,4.2078125,4.48314606741573,47
"44",2005,7,3.8375,8,4,3.675,NA,3.95,3.5,4,4,0,6,2,161,76,85,6,70,91,4.3416149068323,5.18421052631579,3.58823529411765,3.66666666666667,4.18571428571429,4.46153846153846,48
"45",2005,8,4.5,8,5,4,NA,2.5,5.16666666666667,4,4,0,2,6,169,80,89,6,72,97,4.3491124260355,5.175,3.60674157303371,3.66666666666667,4.13888888888889,4.50515463917526,49
"46",2005,9,3.46590909090909,11,4.03125,3.14285714285714,NA,3.375,3.51785714285714,4,7,0,4,7,180,84,96,6,76,104,4.29513888888889,5.12053571428571,3.57291666666667,3.66666666666667,4.09868421052632,4.43870192307692,50
"47",2005,10,4.6,9,4.8,3,NA,3.2,5,8,1,0,2,7,189,92,97,6,78,111,4.30965608465609,5.09266304347826,3.56701030927835,3.66666666666667,4.07564102564103,4.4740990990991,51
"48",2005,11,4,7,4.16666666666667,3.875,3,2.875,5.5,3,4,1,4,3,196,95,101,7,82,114,4.29859693877551,5.06342105263158,3.57920792079208,3.57142857142857,4.01707317073171,4.50109649122807,52
"49",2005,12,5.24545454545455,11,5.63333333333333,3.5,3,5.24285714285714,5.25,9,2,1,7,4,207,104,103,8,89,118,4.34891304347826,5.11274038461538,3.57766990291262,3.5,4.11348314606742,4.52648305084746,53
"50",2006,1,4.96153846153846,13,5.55,3,NA,5.7,4.5,10,3,0,5,8,220,114,106,8,94,126,4.38511363636364,5.15109649122807,3.56132075471698,3.5,4.19787234042553,4.52480158730159,54
"51",2006,2,5,4,3,5.66666666666667,4,4.5,5.5,1,3,1,2,2,224,115,109,9,96,128,4.39609375,5.13239130434783,3.61926605504587,3.55555555555556,4.20416666666667,4.5400390625,55
"52",2006,3,5,4,5.66666666666667,3,NA,4.66666666666667,6,3,1,0,3,1,228,118,110,9,99,129,4.40668859649123,5.14597457627119,3.61363636363636,3.55555555555556,4.21818181818182,4.55135658914729,56
"53",2006,4,3.64285714285714,7,4.25,2.83333333333333,NA,5,3.41666666666667,4,3,0,1,6,235,122,113,9,100,135,4.38393617021277,5.11659836065574,3.5929203539823,3.55555555555556,4.226,4.50092592592593,57
"54",2006,5,4.16666666666667,6,4.75,3,NA,3.6,7,4,2,0,5,1,241,126,115,9,105,136,4.37852697095436,5.10496031746032,3.58260869565217,3.55555555555556,4.19619047619048,4.51930147058824,58
"55",2006,6,4.6875,8,5,3.75,NA,6,4.25,6,2,0,2,6,249,132,117,9,107,142,4.38845381526104,5.10018939393939,3.58547008547009,3.55555555555556,4.22990654205607,4.50792253521127,59
"56",2006,7,4.875,8,4.66666666666667,5.5,NA,4.33333333333333,5.2,6,2,0,3,5,257,138,119,9,110,147,4.40359922178988,5.08134057971014,3.61764705882353,3.55555555555556,4.23272727272727,4.53146258503401,60
"57",2006,8,4.95,10,5.5,4.4,6,4.66666666666667,5.07142857142857,5,5,1,3,7,267,143,124,10,113,154,4.42406367041199,5.09597902097902,3.6491935483871,3.8,4.24424778761062,4.55600649350649,61
"58",2006,9,4.21428571428571,7,3.66666666666667,4.625,3,3.33333333333333,4.875,3,4,1,3,4,274,146,128,11,116,158,4.41870437956204,5.0666095890411,3.6796875,3.72727272727273,4.22068965517241,4.56408227848101,62
"59",2006,10,3.33333333333333,6,4,2.66666666666667,NA,5,3,3,3,0,1,5,280,149,131,11,117,163,4.39544642857143,5.04513422818792,3.65648854961832,3.72727272727273,4.22735042735043,4.51610429447853,63
"60",2006,11,2.8,5,2.5,3,5,2.33333333333333,3.5,2,3,1,3,2,285,151,134,12,120,165,4.36745614035088,5.0114238410596,3.64179104477612,3.83333333333333,4.18,4.50378787878788,64
"61",2006,12,3.625,4,4.16666666666667,2,NA,3,4.25,3,1,0,2,2,289,154,135,12,122,167,4.35717993079585,4.99496753246753,3.62962962962963,3.83333333333333,4.16065573770492,4.50074850299401,65
"62",2007,1,4.73684210526316,19,4.84615384615385,4.5,NA,4.8,4.71428571428571,13,6,0,5,14,308,167,141,12,127,181,4.38060064935065,4.98338323353293,3.66666666666667,3.83333333333333,4.18582677165354,4.51726519337017,66
"63",2007,2,4.54545454545455,11,4.625,4.33333333333333,4,4.33333333333333,4.625,8,3,2,3,8,319,175,144,14,130,189,4.38628526645768,4.967,3.68055555555556,3.85714285714286,4.18923076923077,4.5218253968254,67
"64",2007,3,3.42857142857143,7,3,3.75,4.5,3.5,3.4,3,4,2,2,5,326,178,148,16,132,194,4.36572085889571,4.93384831460674,3.68243243243243,3.9375,4.17878787878788,4.49291237113402,68
"65",2007,4,4.28333333333333,6,4.925,3,NA,3.66666666666667,4.9,4,2,0,3,3,332,182,150,16,135,197,4.36423192771084,4.93365384615385,3.67333333333333,3.9375,4.16740740740741,4.4991116751269,69
"66",2007,5,4.5625,8,5.625,3.5,NA,4.5,4.58333333333333,4,4,0,2,6,340,186,154,16,137,203,4.36889705882353,4.94852150537634,3.66883116883117,3.9375,4.17226277372263,4.50160098522167,70
"67",2007,6,5.75,4,5.66666666666667,6,6,5.66666666666667,6,3,1,1,3,1,344,189,155,17,140,204,4.38495639534884,4.95992063492063,3.68387096774194,4.05882352941176,4.20428571428572,4.50894607843137,71
"68",2007,7,5,4,5.33333333333333,4,NA,NA,5,3,1,0,0,4,348,192,156,17,140,208,4.39202586206897,4.96575520833333,3.68589743589744,4.05882352941176,4.20428571428572,4.51838942307692,72
"69",2007,8,5.5,9,5.5,5.5,6.25,5.33333333333333,5.58333333333333,6,3,2,3,6,357,198,159,19,143,214,4.41995798319328,4.98194444444444,3.72012578616352,4.28947368421053,4.22797202797203,4.5482476635514,73
"70",2007,9,4.33333333333333,9,5.5,4,4.5,5,4.25,2,7,2,1,8,366,200,166,21,144,222,4.41782786885246,4.987125,3.73192771084337,4.30952380952381,4.23333333333333,4.5375,74
"71",2007,10,4.66666666666667,3,6,4,NA,5.5,3,1,2,0,2,1,369,201,168,21,146,223,4.41985094850949,4.99216417910448,3.73511904761905,4.30952380952381,4.25068493150685,4.53060538116592,75
"72",2007,11,4.34666666666667,15,4.43333333333333,4,5,5.93333333333333,3.95,12,3,1,3,12,384,213,171,22,149,235,4.4169921875,4.96068075117371,3.73976608187135,4.34090909090909,4.28456375838926,4.50095744680851,76
"73",2007,12,4,11,6,3.25,5,3.28571428571429,5.25,3,8,1,7,4,395,216,179,23,156,239,4.40537974683544,4.97511574074074,3.71787709497207,4.3695652173913,4.23974358974359,4.51349372384937,77
"74",2008,1,5.1,20,5.58333333333333,4.375,3,4.22222222222222,5.81818181818182,12,8,3,9,11,415,228,187,26,165,250,4.43885542168675,5.00712719298246,3.74598930481283,4.21153846153846,4.23878787878788,4.5709,78
"75",2008,2,4.33333333333333,6,4.66666666666667,4,3,4.5,4,3,3,1,4,2,421,231,190,27,169,252,4.43735154394299,5.00270562770563,3.75,4.16666666666667,4.24497041420118,4.56636904761905,79
"76",2008,3,4.83333333333333,12,5.5,3.5,NA,5.2,4.57142857142857,8,4,0,5,7,433,239,194,27,174,259,4.44832563510393,5.01935146443515,3.74484536082474,4.16666666666667,4.27241379310345,4.56650579150579,80
"77",2008,4,5.29090909090909,11,5.71428571428571,4.55,4.5,5,5.4,7,4,2,3,8,444,246,198,29,177,267,4.46920045045045,5.03912601626016,3.76111111111111,4.18965517241379,4.28474576271186,4.59147940074906,81
"78",2008,5,4.1,10,4.75,3.66666666666667,3.33333333333333,4.75,3.66666666666667,4,6,3,4,6,454,250,204,32,181,273,4.46106828193833,5.0345,3.75833333333333,4.109375,4.29502762430939,4.57115384615385,82
"79",2008,6,4.98333333333333,6,5.78,1,NA,5.725,3.5,5,1,0,4,2,460,255,205,32,185,275,4.46788043478261,5.04911764705882,3.74487804878049,4.109375,4.32594594594595,4.56336363636364,83
"80",2008,7,4.16666666666667,6,6,3.25,2,3,4.75,2,4,2,2,4,466,257,209,34,187,279,4.46400214592275,5.05651750972763,3.73540669856459,3.98529411764706,4.31176470588235,4.5660394265233,84
"81",2008,8,4.47894736842105,19,4.31,4.66666666666667,4.75,4.35,4.53846153846154,10,9,8,6,13,485,267,218,42,193,292,4.46458762886598,5.02855805243446,3.77385321100917,4.13095238095238,4.31295336787565,4.56481164383562,85
"82",2008,9,4.25,10,4.3,4.2,4.5,5,3.92857142857143,5,5,4,3,7,495,272,223,46,196,299,4.46025252525253,5.01516544117647,3.78340807174888,4.16304347826087,4.3234693877551,4.54991638795987,86
"83",2008,10,4.45454545454545,11,4.41666666666667,4.5,4.75,5.875,3.64285714285714,6,5,2,4,7,506,278,228,48,200,306,4.46012845849803,5.00224820143885,3.79912280701754,4.1875,4.3545,4.52916666666667,87
"84",2008,11,4.25,14,5,3.83333333333333,3.75,3.1,4.88888888888889,5,9,6,5,9,520,283,237,54,205,315,4.45447115384616,5.00220848056537,3.80042194092827,4.13888888888889,4.32390243902439,4.53944444444444,88
"85",2008,12,4.2,5,5,3.66666666666667,3.66666666666667,3.5,4.66666666666667,2,3,3,2,3,525,285,240,57,207,318,4.45204761904762,5.00219298245614,3.79875,4.1140350877193,4.31594202898551,4.54064465408805,89
"86",2009,1,4.05555555555556,18,5.07142857142857,3.40909090909091,3.71428571428571,4.64285714285714,3.68181818181818,7,11,7,7,11,543,292,251,64,214,329,4.43890423572744,5.00385273972603,3.78167330677291,4.0703125,4.32663551401869,4.51193009118541,90
"87",2009,2,4.51666666666667,18,5.18571428571429,4.09090909090909,4,4.5,4.52307692307692,7,11,4,5,13,561,299,262,68,219,342,4.44139928698752,5.00811036789298,3.79465648854962,4.06617647058824,4.33059360730594,4.51235380116959,91
"88",2009,3,4.63636363636364,11,5.08333333333333,4.1,5,5,4.55555555555556,6,5,1,2,9,572,305,267,69,221,351,4.4451486013986,5.00959016393443,3.80037453183521,4.07971014492754,4.33665158371041,4.51346153846154,92
"89",2009,4,5.24,5,5.75,3.2,NA,5.05,6,4,1,0,4,1,577,309,268,69,225,352,4.45203639514731,5.01917475728155,3.79813432835821,4.07971014492754,4.34933333333333,4.51768465909091,93
"90",2009,5,3.63333333333333,15,4.4,3.25,3,3,3.67857142857143,5,10,5,1,14,592,314,278,74,226,366,4.43129222972973,5.0093152866242,3.77841726618705,4.00675675675676,4.34336283185841,4.48558743169399,94
"91",2009,6,4.36111111111111,9,5,4.28125,4.32142857142857,4.54166666666667,4,1,8,7,6,3,601,315,286,81,232,369,4.43024126455907,5.00928571428571,3.79248251748252,4.03395061728395,4.34849137931035,4.48163956639566,95
"92",2009,7,4.25,10,5.625,3.33333333333333,3.66666666666667,2.66666666666667,4.92857142857143,4,6,3,3,7,611,319,292,84,235,376,4.42729132569558,5.01700626959248,3.78304794520548,4.02083333333333,4.32702127659574,4.48996010638298,96
"93",2009,8,5.14285714285714,7,5.5,3,3,NA,5.14285714285714,6,1,1,0,7,618,325,293,85,235,383,4.43539644012945,5.02592307692308,3.78037542662116,4.00882352941177,4.32702127659574,4.50189295039165,97
"94",2009,9,4.52941176470588,17,5.1875,3.94444444444444,4.1,4.5,4.53333333333333,8,9,5,2,15,635,333,302,90,237,398,4.43791338582677,5.0298048048048,3.78526490066225,4.01388888888889,4.32848101265823,4.50307788944724,98
"95",2009,10,5.24444444444444,18,5.4,5,3,5.6,5.10769230769231,11,7,1,5,13,653,344,309,91,242,411,4.46014548238897,5.04164244186047,3.81278317152104,4.00274725274725,4.3547520661157,4.52220194647202,99
"96",2009,11,3.96428571428571,14,4,3.9375,3.875,4.1875,3.66666666666667,6,8,4,8,6,667,350,317,95,250,417,4.44973763118441,5.02378571428571,3.81593059936909,3.99736842105263,4.3494,4.50989208633094,100
"97",2009,12,4.39285714285714,14,4.25,4.45,4.41666666666667,3.5,4.54166666666667,4,10,6,2,12,681,354,327,101,252,429,4.44856828193833,5.01504237288136,3.83532110091743,4.02227722772277,4.34265873015873,4.51078088578089,101
"98",2010,1,4.46666666666667,15,3.875,5.14285714285714,9,2,4.84615384615385,8,7,1,2,13,696,362,334,102,254,442,4.44895833333333,4.98984806629834,3.8627245508982,4.07107843137255,4.3242125984252,4.52064479638009,102
"99",2010,2,4.35714285714286,7,7,3.91666666666667,4.83333333333333,NA,4.35714285714286,1,6,3,0,7,703,363,340,105,254,449,4.44804409672831,4.99538567493113,3.86367647058824,4.09285714285714,4.3242125984252,4.51809576837416,103
"100",2010,3,5.0625,8,5.16666666666667,4.75,6.5,8,4.08333333333333,6,2,1,2,6,711,369,342,106,256,455,4.45495780590717,4.99817073170732,3.86885964912281,4.11556603773585,4.3529296875,4.51236263736264,104
"101",2010,4,4.2,5,6,3.75,3.66666666666667,3.5,4.66666666666667,1,4,3,2,3,716,370,346,109,258,458,4.45317737430168,5.00087837837838,3.86748554913295,4.10321100917431,4.34631782945736,4.51337336244541,105
"102",2010,5,5.82,10,7.425,4.75,4.83333333333333,4.5,6.15,4,6,3,2,8,726,374,352,112,260,466,4.47200413223141,5.02680481283423,3.88252840909091,4.12276785714286,4.3475,4.54146995708154,106
"103",2010,6,4.28,5,4.5,3.4,3.4,5,4.1,4,1,1,1,4,731,378,353,113,261,470,4.47069083447332,5.02123015873016,3.88116147308782,4.11637168141593,4.35,4.53771276595745,107
"104",2010,7,4,6,3,4.2,4,4.5,3.75,1,5,2,2,4,737,379,358,115,263,474,4.46685888738128,5.01589709762533,3.88561452513967,4.11434782608696,4.35114068441065,4.53106540084388,108
"105",2010,8,4.94583333333333,12,5.28571428571429,4.47,4.86666666666667,4.83333333333333,4.98333333333333,7,5,3,3,9,749,386,363,118,266,483,4.47453271028037,5.02079015544042,3.89366391184573,4.13347457627119,4.35657894736842,4.53949275362319,109
"106",2010,9,5.67857142857143,7,5.9,5.125,4.75,NA,5.67857142857143,5,2,1,0,7,756,391,365,119,266,490,4.48568121693122,5.03203324808184,3.90041095890411,4.13865546218487,4.35657894736842,4.55576530612245,110
"107",2010,10,5,2,5,NA,NA,5,NA,2,0,0,2,0,758,393,365,119,268,490,4.4870382585752,5.03187022900763,3.90041095890411,4.13865546218487,4.36138059701493,4.55576530612245,111
"108",2010,11,4.9,10,5.125,4,NA,NA,4.9,8,2,0,0,10,768,401,367,119,268,500,4.49241536458333,5.03372817955112,3.90095367847411,4.13865546218487,4.36138059701493,4.56265,112
"109",2010,12,5,8,4.75,5.25,6,7,4.71428571428571,4,4,2,1,7,776,405,371,121,269,507,4.49764819587629,5.03092592592593,3.91549865229111,4.16942148760331,4.37118959107807,4.56474358974359,113
"110",2011,1,4.78947368421053,19,6.125,3.81818181818182,3.5,4.28571428571429,5.08333333333333,8,11,6,7,12,795,413,382,127,276,519,4.50462264150943,5.0521186440678,3.91269633507853,4.13779527559055,4.36902173913043,4.57673410404624,114
"111",2011,2,4.1,10,5,3.71428571428571,4.33333333333333,5,3.71428571428571,3,7,3,3,7,805,416,389,130,279,526,4.49959627329193,5.05174278846154,3.90912596401028,4.14230769230769,4.3758064516129,4.5652566539924,115
"112",2011,3,4.16666666666667,3,6.5,3,4,2,5.25,1,2,1,1,2,808,417,391,131,280,528,4.49836014851485,5.05521582733813,3.90447570332481,4.1412213740458,4.36732142857143,4.56785037878788,116
"113",2011,4,4.47857142857143,14,5.38571428571429,3.57142857142857,3,3.8,4.75,7,7,1,4,10,822,424,398,132,284,538,4.49802311435523,5.06067216981132,3.89861809045226,4.13257575757576,4.35933098591549,4.57123605947955,117
"114",2011,5,4.84833333333333,12,5.09714285714286,4.5,7,5.236,4.57142857142857,7,5,1,5,7,834,431,403,133,289,545,4.50306354916067,5.06126450116009,3.9060794044665,4.15413533834586,4.37449826989619,4.57123853211009,118
"115",2011,6,6,1,NA,6,6,NA,6,0,1,1,0,1,835,431,404,134,289,546,4.50485628742515,5.06126450116009,3.91126237623762,4.16791044776119,4.37449826989619,4.57385531135531,119
"116",2011,7,4.64285714285714,7,5.25,3.83333333333333,3.83333333333333,4.75,4.6,4,3,3,2,5,842,435,407,137,291,551,4.50600356294537,5.063,3.91068796068796,4.16058394160584,4.37707903780069,4.57409255898367,120
"117",2011,8,4.42142857142857,14,4.82222222222222,3.7,3.75,3,4.53076923076923,9,5,4,1,13,856,444,412,141,292,564,4.5046203271028,5.05811936936937,3.90813106796117,4.14893617021277,4.37236301369863,4.57309397163121,121
"118",2011,9,4.5625,8,4.6,4.5,5.75,4.375,4.75,5,3,2,4,4,864,449,415,143,296,568,4.50515625,5.05301781737194,3.91240963855422,4.17132867132867,4.37239864864865,4.57433978873239,122
"119",2011,10,3.5,4,3,4,4,4,3,2,2,2,2,2,868,451,417,145,298,570,4.50052419354839,5.04391352549889,3.91282973621103,4.16896551724138,4.36989932885906,4.56881578947368,123
"120",2011,11,4.75,10,5.3,4.2,5,5,4.6875,5,5,1,2,8,878,456,422,146,300,578,4.50336560364465,5.04672149122807,3.91623222748815,4.17465753424658,4.3741,4.57045847750865,124
"121",2011,12,3.7,10,3.375,3.91666666666667,4,3.8,3.6,4,6,4,5,5,888,460,428,150,305,583,4.49431869369369,5.0321847826087,3.91623831775701,4.17,4.36468852459016,4.56213550600343,125
"122",2012,1,4.48666666666667,15,4.58333333333333,4.42222222222222,4.96,4.83333333333333,4.4,6,9,5,3,12,903,466,437,155,308,595,4.49419158361019,5.02640557939914,3.9266590389016,4.19548387096774,4.36925324675325,4.55886554621849,126
"123",2012,2,5.25555555555556,9,5.26,5.25,6,6.1,5.01428571428571,5,4,1,2,7,912,471,441,156,310,602,4.50170504385965,5.02888535031847,3.93866213151927,4.20705128205128,4.38041935483871,4.56416112956811,127
"124",2012,3,4.92857142857143,7,5.3,4,4,NA,4.92857142857143,5,2,1,0,7,919,476,443,157,310,609,4.50495647442873,5.03173319327731,3.93893905191874,4.20573248407643,4.38041935483871,4.56834975369458,128
"125",2012,4,5.13636363636364,11,5.38888888888889,4,5,4.5,5.27777777777778,9,2,1,2,9,930,485,445,158,312,618,4.5124247311828,5.03836082474227,3.93921348314607,4.21075949367089,4.3811858974359,4.57868122977346,129
"126",2012,5,4.33333333333333,9,4.5,4,NA,NA,4.33333333333333,6,3,0,0,9,939,491,448,158,312,627,4.51070820021299,5.03178207739308,3.93962053571429,4.21075949367089,4.3811858974359,4.57515948963317,130
"127",2012,6,5.22222222222222,9,5.25,5.2,5,5,5.25,4,5,2,1,8,948,495,453,160,313,635,4.51746308016878,5.03354545454546,3.95353200883002,4.220625,4.38316293929712,4.58366141732283,131
"128",2012,7,4.25214285714286,14,4.83333333333333,3.81625,3,4,4.29416666666667,6,8,1,2,12,962,501,461,161,315,647,4.51360187110187,5.03114770459082,3.95114967462039,4.21304347826087,4.38073015873016,4.57829211746522,132
"129",2012,8,4.71428571428571,7,5.5,4.4,4,7,4.33333333333333,2,5,2,1,6,969,503,466,163,316,653,4.5150515995872,5.03301192842942,3.95596566523605,4.21042944785276,4.38901898734177,4.57604134762634,133
"130",2012,9,5.16666666666667,6,5.33333333333333,5,5,4,5.4,3,3,1,1,5,975,506,469,164,317,658,4.51906153846154,5.03479249011858,3.96264392324094,4.21524390243902,4.38779179810725,4.58230243161094,134
"131",2012,10,5,6,5,5,5.25,4,5.2,1,5,4,1,5,981,507,474,168,318,663,4.52200305810398,5.03472386587771,3.9735864978903,4.23988095238095,4.38657232704402,4.58696078431373,135
"132",2012,11,5.0625,8,5.33333333333333,4.25,NA,6,4.92857142857143,6,2,0,1,7,989,513,476,168,319,670,4.52637512639029,5.03821637426901,3.97474789915966,4.23988095238095,4.39163009404389,4.59052985074627,136
"133",2012,12,6.15384615384615,13,6.16666666666667,6,6,4.5,6.45454545454545,12,1,1,2,11,1002,525,477,169,321,681,4.54749001996008,5.06400952380953,3.97899371069182,4.25029585798817,4.39230529595016,4.62063876651982,137
"134",2013,1,5.17857142857143,14,5.25,5,5.5,5,5.20833333333333,10,4,2,2,12,1016,535,481,171,323,693,4.55618602362205,5.06748598130841,3.98748440748441,4.26491228070175,4.39606811145511,4.6308152958153,138
"135",2013,2,4.45833333333333,12,4.91666666666667,4,5,4.83333333333333,4.33333333333333,6,6,1,3,9,1028,541,487,172,326,702,4.55504377431907,5.06581330868762,3.9876386036961,4.26918604651163,4.40009202453988,4.62700142450142,139
"136",2013,3,5.01428571428571,14,4.62,6,5,5,5.01538461538462,10,4,2,1,13,1042,551,491,174,327,715,4.56121401151631,5.057722323049,4.00403258655805,4.27758620689655,4.40192660550459,4.63406293706294,140
"137",2013,4,5.46666666666667,9,5.52857142857143,5.25,7,3.5,5.7125,7,2,1,1,8,1051,558,493,175,328,723,4.56896764985728,5.06362903225806,4.00908722109533,4.29314285714286,4.39917682926829,4.64599585062241,141
"138",2013,5,5.66666666666667,9,5.91666666666667,5.16666666666667,5.25,NA,5.66666666666667,6,3,2,0,9,1060,564,496,177,328,732,4.57828773584906,5.07270390070922,4.01608870967742,4.30395480225989,4.39917682926829,4.65854508196721,142
"139",2013,6,5.32142857142857,14,5.18181818181818,5.83333333333333,NA,6.5,5.23076923076923,11,3,0,1,13,1074,575,499,177,329,745,4.5879748603352,5.07479130434783,4.02701402805611,4.30395480225989,4.40556231003039,4.66853020134228,143
"140",2013,7,5,4,5.33333333333333,4,NA,NA,5,3,1,0,0,4,1078,578,500,177,329,749,4.58950371057514,5.07613321799308,4.02696,4.30395480225989,4.40556231003039,4.67030040053404,144
"141",2013,8,4.41111111111111,9,4.83333333333333,3.56666666666667,3,NA,4.41111111111111,6,3,1,0,9,1087,584,503,178,329,758,4.58802667893284,5.07363869863014,4.02421471172962,4.29662921348315,4.40556231003039,4.66722295514512,145
"142",2013,9,5.40909090909091,11,6.16666666666667,4.5,4.66666666666667,5.375,5.42857142857143,6,5,3,4,7,1098,590,508,181,333,765,4.59625227686703,5.08475423728814,4.02889763779528,4.30276243093923,4.41720720720721,4.67418954248366,146
"143",2013,10,4.55714285714286,7,5.45,4.2,4.25,4.5,4.56666666666667,2,5,2,1,6,1105,592,513,183,334,771,4.59600452488688,5.08598817567568,4.03056530214425,4.30218579234973,4.41745508982036,4.67335278858625,147
"144",2013,11,5.25,10,5.83333333333333,4.375,5.5,6,5.16666666666667,6,4,1,1,9,1115,598,517,184,335,780,4.60186995515695,5.09348662207358,4.03323017408124,4.30869565217391,4.42217910447761,4.67904487179487,148
"145",2013,12,4.8,9,4.95,4.5,5,5,4.775,6,3,1,1,8,1124,604,520,185,336,788,4.60345640569395,5.09206125827815,4.03592307692308,4.31243243243243,4.42389880952381,4.68001903553299,149
"146",2014,1,4.63636363636364,11,4.7,4.58333333333333,4,3,5,5,6,1,2,9,1135,609,526,186,338,797,4.60377533039648,5.08884236453202,4.04216730038023,4.31075268817204,4.41547337278106,4.68363237139272,150
"147",2014,2,5.78571428571429,14,6.25,5.16666666666667,5.5,5.5,5.83333333333333,8,6,3,2,12,1149,617,532,189,340,809,4.61817667536989,5.10389789303079,4.05484962406015,4.32962962962963,4.42185294117647,4.70068603213844,151
"148",2014,3,6.43181818181818,11,6,6.95,6,5,6.75,6,5,1,2,9,1160,623,537,190,342,818,4.635375,5.11252808988764,4.08180633147114,4.33842105263158,4.42523391812865,4.72323349633252,152
"149",2014,4,5.8,10,5.78571428571429,5.83333333333333,4.5,6.33333333333333,5.57142857142857,7,3,1,3,7,1170,630,540,191,345,825,4.64532905982906,5.12000793650794,4.09153703703704,4.33926701570681,4.44182608695652,4.7304303030303,153
"150",2014,5,4.64285714285714,7,4.625,4.66666666666667,4.66666666666667,5.5,4.5,4,3,3,1,6,1177,634,543,194,346,831,4.64531435853866,5.11688485804416,4.09471454880295,4.34432989690722,4.44488439306358,4.72876654632972,154
"151",2014,6,4.625,4,4.5,4.66666666666667,5,5,4.5,1,3,1,1,3,1181,635,546,195,347,834,4.64524555461473,5.11591338582677,4.09785714285714,4.34769230769231,4.44648414985591,4.72794364508393,155
"152",2014,7,4.82142857142857,7,7,3.1875,NA,NA,4.82142857142857,3,4,0,0,7,1188,638,550,195,347,841,4.64628367003367,5.12477272727273,4.09123636363636,4.34769230769231,4.44648414985591,4.72872175980975,156
"153",2014,8,4.5,8,5,3.66666666666667,3.5,4,4.57142857142857,5,3,2,1,7,1196,643,553,197,348,848,4.64530518394649,5.12380248833592,4.08893309222423,4.33908629441625,4.44520114942529,4.7274233490566,157
"154",2014,9,4.5,6,5,3.5,3,3,4.8,4,2,1,1,5,1202,647,555,198,349,853,4.64457986688852,5.1230370942813,4.08681081081081,4.33232323232323,4.44106017191977,4.72784876905041,158
"155",2014,10,4.88888888888889,9,5,4.75,4.66666666666667,6,4.75,5,4,3,1,8,1211,652,559,201,350,861,4.64639554087531,5.12209355828221,4.09155635062612,4.33731343283582,4.44551428571428,4.72805458768873,159
"156",2014,11,5.0625,8,5.07142857142857,5,5,5,5.07142857142857,7,1,1,1,7,1219,659,560,202,351,868,4.64912633305988,5.12155538694992,4.09317857142857,4.34059405940594,4.44709401709401,4.73082373271889,160
"157",2014,12,5.09090909090909,11,5.33333333333333,4.8,4,4,5.71428571428571,6,5,3,4,7,1230,665,565,205,355,875,4.65307723577236,5.12346616541353,4.09943362831859,4.33560975609756,4.44205633802817,4.73869142857143,161
"158",2015,1,4.71818181818182,22,4.84615384615385,4.53333333333333,4.66666666666667,6.7,4.62380952380952,13,9,3,1,21,1252,678,574,208,356,896,4.65422124600639,5.11814896755162,4.10623693379791,4.34038461538462,4.44839887640449,4.73599888392857,162
"159",2015,2,3.95,9,4.22142857142857,3,NA,3,4.06875,7,2,0,1,8,1261,685,576,208,357,904,4.64919508326725,5.10898540145985,4.10239583333334,4.34038461538462,4.44434173669468,4.73009402654867,163
"160",2015,3,5,9,6,3,5,2,5.85714285714286,6,3,1,2,7,1270,691,579,209,359,911,4.6516811023622,5.11672214182344,4.09668393782384,4.34354066985646,4.43072423398328,4.73875411635565,164
"161",2015,4,4.70833333333333,12,4.3,5,4.75,5.3,4.28571428571429,5,7,2,5,7,1282,696,586,211,364,918,4.65221138845554,5.11085488505747,4.10747440273038,4.34739336492891,4.44266483516483,4.73529956427015,165
"162",2015,5,4.91666666666667,6,4.83333333333333,5,5,4.25,5.25,3,3,3,2,4,1288,699,589,214,366,922,4.65344332298137,5.10966380543634,4.11202037351443,4.35654205607477,4.44161202185792,4.73753253796095,166
"163",2015,6,5.75,8,5.5,6,5,NA,5.75,4,4,1,0,8,1296,703,593,215,366,930,4.66021219135803,5.11188477951636,4.12475548060708,4.35953488372093,4.44161202185792,4.74624193548387,167
"164",2015,7,5.92857142857143,14,6.07142857142857,5.78571428571429,6,5.625,6.05,7,7,1,4,10,1310,710,600,216,370,940,4.67376717557252,5.12134507042254,4.14413333333334,4.36712962962963,4.4544054054054,4.76011170212766,168
"165",2015,8,5.07142857142857,7,5.3,4.5,NA,5.5,5,5,2,0,1,6,1317,715,602,216,371,946,4.6758807896735,5.12259440559441,4.14531561461794,4.36712962962963,4.45722371967655,4.761633192389,169
"166",2015,9,5.31818181818182,11,5.72222222222222,3.5,NA,6.125,4.85714285714286,9,2,0,4,7,1328,724,604,216,375,953,4.68120105421687,5.13004834254144,4.14317880794702,4.36712962962963,4.47501333333333,4.76233473242392,170
"167",2015,10,4.8,10,5.33333333333333,4,3,4.75,4.83333333333333,6,4,1,4,6,1338,730,608,217,379,959,4.6820889387145,5.13171917808219,4.14223684210527,4.36082949308756,4.47791556728232,4.76277893639207,171
"168",2015,11,4.46666666666667,15,4.71428571428571,4.25,4,5.75,4.26923076923077,7,8,5,2,13,1353,737,616,222,381,972,4.67970066518847,5.12775440976934,4.14363636363637,4.3527027027027,4.48459317585302,4.75617798353909,172
"169",2015,12,4.94833333333333,18,5.33,4.47125,3,4.6925,5.02142857142857,10,8,2,4,14,1371,747,624,224,385,986,4.68322757111597,5.13046184738956,4.14783653846154,4.340625,4.48675324675325,4.75994421906694,173
"170",2016,1,4.5,11,4.6875,4,5,7,4.25,8,3,1,1,10,1382,755,627,225,386,996,4.68176917510854,5.12576821192053,4.14712918660287,4.34355555555556,4.49326424870466,4.75482429718875,174
"171",2016,2,4.68333333333333,15,5.375,3.3,4.25,9,4.375,10,5,2,1,14,1397,765,632,227,387,1010,4.68178596993558,5.12902614379085,4.14042721518988,4.34273127753304,4.50490956072351,4.74955940594059,175
"172",2016,3,5.25,16,5.57692307692308,3.83333333333333,3.25,4.375,5.54166666666667,13,3,2,4,12,1413,778,635,229,391,1022,4.68822009907997,5.13651028277635,4.13897637795276,4.33318777292576,4.50358056265985,4.75886007827788,176
"173",2016,4,4.65,10,4.83333333333333,3,NA,NA,4.65,9,1,0,0,10,1423,787,636,229,391,1032,4.68795151089248,5.13304320203304,4.1371855345912,4.33318777292576,4.50358056265985,4.75780523255814,177
"174",2016,5,5.5,12,5.45454545454545,6,NA,4.5,5.83333333333333,11,1,0,3,9,1435,798,637,229,394,1041,4.69474216027875,5.13747493734336,4.14010989010989,4.33318777292576,4.50355329949238,4.76710374639769,178
"175",2016,6,3.96428571428571,14,4.16666666666667,3.8125,3.7,4,3.96153846153846,6,8,5,1,13,1449,804,645,234,395,1054,4.68768461007592,5.13023009950249,4.13604651162791,4.31965811965812,4.50227848101266,4.7571679316888,179
"176",2016,7,4.5375,16,4.50909090909091,4.6,7.5,5.75,4.36428571428571,11,5,1,2,14,1465,815,650,235,397,1068,4.68604436860068,5.12184662576687,4.13961538461539,4.3331914893617,4.50856423173803,4.75201779026217,180
"177",2016,8,5.25217391304348,23,5.48888888888889,4.4,4,4.76666666666667,5.325,18,5,4,3,20,1488,833,655,239,400,1088,4.69479502688172,5.12977791116447,4.14160305343512,4.32761506276151,4.5105,4.76255055147059,181
"178",2016,9,5.3675,12,5.641,4,4,5.33333333333333,5.37888888888889,10,2,1,3,9,1500,843,657,240,403,1097,4.70017666666667,5.13584223013049,4.14117199391172,4.32625,4.5166253101737,4.76760711030082,182
"179",2016,10,5.05,10,5.64285714285714,3.66666666666667,3,4,5.16666666666667,7,3,2,1,9,1510,850,660,242,404,1106,4.70249337748345,5.14001764705882,4.13901515151515,4.31528925619835,4.51534653465346,4.77085443037975,183
"180",2016,11,5.45,22,5.625,5.24,6.5,5.5,5.43888888888889,12,10,2,4,18,1532,862,670,244,408,1124,4.71322780678851,5.14676914153132,4.15544776119403,4.33319672131148,4.525,4.7815524911032,184
"181",2016,12,4.57391304347826,23,4.9375,3.74285714285714,4.6,4.25,4.64210526315789,16,7,2,4,19,1555,878,677,246,412,1143,4.71116720257235,5.1429555808656,4.15118168389956,4.33536585365854,4.52233009708738,4.77923447069116,185
"182",2017,1,4.92608695652174,23,5.66666666666667,4.11818181818182,3.42857142857143,3,5.215,12,11,7,3,20,1578,890,688,253,415,1163,4.71429974651458,5.15001685393259,4.15065406976744,4.3102766798419,4.51132530120482,4.786728288908,186
"183",2017,2,4.625,16,4.40909090909091,5.1,5.5,5.5,4.56666666666667,11,5,2,1,15,1594,901,693,255,416,1178,4.71340338770389,5.14097114317425,4.15750360750361,4.31960784313726,4.51370192307692,4.78392614601019,187
"184",2017,3,4.86842105263158,19,5.18181818181818,4.4375,4.5,5,4.85294117647059,11,8,5,2,17,1613,912,701,260,418,1195,4.71522938623683,5.14146381578947,4.16069900142654,4.32307692307692,4.51602870813397,4.78490794979079,188
"185",2017,4,5.41176470588235,17,5.45833333333333,5.3,5.25,7,5.3125,12,5,2,1,16,1630,924,706,262,419,1211,4.72249386503068,5.145579004329,4.16876770538244,4.33015267175573,4.52195704057279,4.79187861271676,189
"186",2017,5,4.77272727272727,11,5.2,4.41666666666667,4,NA,4.77272727272727,5,6,1,0,11,1641,929,712,263,419,1222,4.72283059110299,5.14587190527449,4.17085674157304,4.32889733840304,4.52195704057279,4.7917062193126,190
"187",2017,6,5.78571428571429,14,5.63636363636364,6.33333333333333,NA,6.33333333333333,5.63636363636364,11,3,0,3,11,1655,940,715,263,422,1233,4.73182175226586,5.15161170212766,4.17993006993007,4.32889733840304,4.53483412322275,4.79924168694242,191
"188",2017,7,5.43333333333333,15,5.58333333333333,4.83333333333333,4.83333333333333,7.5,5.11538461538461,12,3,3,2,13,1670,952,718,266,424,1246,4.73812275449102,5.15705357142857,4.18266016713092,4.33458646616541,4.54882075471698,4.80254012841091,192
"189",2017,8,4.97619047619048,21,4.85714285714286,5.21428571428571,6,6.1,4.625,14,7,3,5,16,1691,966,725,269,429,1262,4.74107924305145,5.15270703933747,4.19262068965517,4.35315985130112,4.56689976689977,4.80028922345483,193
"190",2017,9,4.175,20,5.375,3.375,4.25,4.5,4.13888888888889,8,12,4,2,18,1711,974,737,273,431,1280,4.73446230274693,5.15453285420945,4.17930800542741,4.35164835164835,4.56658932714617,4.79098828125,194
"191",2017,10,4.85,22,5.57777777777778,4.34615384615385,4.83333333333333,6,4.7952380952381,9,13,6,1,21,1733,983,750,279,432,1301,4.73592902481246,5.15840793489318,4.1822,4.36200716845878,4.56990740740741,4.7910568793236,195
"192",2017,11,5.645,20,5.56923076923077,5.78571428571429,8,5.66666666666667,5.64117647058824,13,7,2,3,17,1753,996,757,281,435,1318,4.74630062749572,5.16377008032129,4.19702774108322,4.38790035587189,4.57747126436782,4.8020220030349,196
"193",2017,12,4.63157894736842,19,5,3.6,4.33333333333333,2,4.77777777777778,14,5,3,1,18,1772,1010,762,284,436,1336,4.74507054176072,5.1615,4.19311023622047,4.38732394366197,4.57155963302752,4.80169535928144,197
"194",2018,1,4.7037037037037,27,4.65,4.85714285714286,4.33333333333333,5,4.69230769230769,20,7,3,1,26,1799,1030,769,287,437,1362,4.7444496942746,5.15156796116505,4.19915474642393,4.38675958188153,4.57254004576659,4.79960719530103,198
"195",2018,2,4.87857142857143,14,5.225,4.41666666666667,3.33333333333333,3,5.02307692307692,8,6,3,1,13,1813,1038,775,290,438,1375,4.74548538334253,5.15213391136802,4.20083870967742,4.37586206896552,4.5689497716895,4.80172,199
"196",2018,3,4.57142857142857,21,5.25,3.66666666666667,3.8,5.5,4.35294117647059,12,9,5,4,17,1834,1050,784,295,442,1392,4.74349236641221,5.15325238095238,4.19470663265306,4.36610169491525,4.57737556561086,4.79623922413793,200
"197",2018,4,4.88210526315789,19,5.75090909090909,3.6875,4,5.5,4.80941176470588,11,8,6,2,17,1853,1061,792,301,444,1409,4.74491365353481,5.15944863336475,4.18958333333333,4.35880398671096,4.58153153153153,4.79639815471966,201
"198",2018,5,4.875,8,5.5,4.25,4.25,NA,4.875,4,4,4,0,8,1861,1065,796,305,444,1417,4.74547286405159,5.16072769953052,4.18988693467337,4.35737704918033,4.58153153153153,4.79684191954834,202
"199",2018,6,5.9,15,6,5.625,5,5.4,6.15,11,4,2,5,10,1876,1076,800,307,449,1427,4.75470415778252,5.16930762081784,4.1970625,4.36156351791531,4.59064587973274,4.80632445690259,203
"200",2018,7,5.03,18,6.09454545454545,3.35714285714286,3,3.875,5.36,11,7,2,4,14,1894,1087,807,309,453,1441,4.75732048574446,5.17867065317387,4.18977695167287,4.35275080906149,4.58432671081678,4.81170367800139,204
"201",2018,8,4.06428571428571,14,4.84285714285714,3.28571428571429,3.5,3,4.35454545454545,7,7,2,3,11,1908,1094,814,311,456,1452,4.75223532494759,5.17652193784278,4.18200245700246,4.34726688102894,4.57390350877193,4.80824035812672,205
"202",2018,9,5,15,5.5,4,5,6,4.92857142857143,10,5,1,1,14,1923,1104,819,312,457,1466,4.75416796671867,5.17945199275362,4.18089133089133,4.34935897435898,4.57702407002188,4.8093894952251,206
"203",2018,10,5.72727272727273,11,5.85714285714286,5.5,NA,4.5,6,7,4,0,2,9,1934,1111,823,312,459,1475,4.75970268872803,5.18372187218722,4.18730255164034,4.34935897435898,4.57668845315904,4.81665423728814,207
"204",2018,11,4.42857142857143,14,4.5,4.3,5.5,2.66666666666667,4.90909090909091,9,5,1,3,11,1948,1120,828,313,462,1486,4.75732289527721,5.17822767857143,4.18798309178744,4.35303514376997,4.56428571428571,4.81733849259758,208
"205",2018,12,5.13333333333333,21,5.89166666666667,4.12222222222222,3.5,3.66666666666667,5.37777777777778,12,9,2,3,18,1969,1132,837,315,465,1504,4.76133316404266,5.1857906360424,4.18727598566309,4.34761904761905,4.55849462365591,4.82404587765957,209
"206",2019,1,5.10869565217391,23,5.60714285714286,4.33333333333333,4.33333333333333,5.4,5.02777777777778,14,9,3,5,18,1992,1146,846,318,470,1522,4.76534387550201,5.19093804537522,4.18882978723405,4.34748427672956,4.56744680851064,4.82645532194481,210
"207",2019,2,5.10714285714286,14,5.55555555555556,4.3,4.25,4.5,5.20833333333333,9,5,2,2,12,2006,1155,851,320,472,1534,4.76772931206381,5.19377922077922,4.18948296122209,4.346875,4.56716101694915,4.82944263363755,211
"208",2019,3,5,19,5.18181818181818,4.75,4,4.75,5.06666666666667,11,8,1,4,15,2025,1166,859,321,476,1549,4.76990864197531,5.19366638078902,4.19470314318976,4.34579439252337,4.5686974789916,4.83173983214977,212
"209",2019,4,4.72769230769231,13,4.33333333333333,5.06571428571429,4.5,4.8,4.6825,6,7,2,5,8,2038,1172,866,323,481,1557,4.76963935230618,5.18926194539249,4.20174364896074,4.34674922600619,4.57110187110187,4.83097302504817,213
"210",2019,5,4.34375,16,5.22727272727273,2.4,2.33333333333333,NA,4.34375,11,5,3,0,16,2054,1183,871,326,481,1573,4.76632181110029,5.18961538461538,4.19140068886338,4.32822085889571,4.57110187110187,4.82601716465353,214
"211",2019,6,5.45,10,6.07142857142857,4,4,6,5.38888888888889,7,3,3,1,9,2064,1190,874,329,482,1582,4.76963420542636,5.1948025210084,4.19074370709382,4.32522796352584,4.57406639004149,4.8292193426043,215
"212",2019,7,4.30714285714286,14,4.64444444444444,3.7,NA,NA,4.30714285714286,9,5,0,0,14,2078,1199,879,329,482,1596,4.76651828681424,5.19067139282736,4.18795221843004,4.32522796352584,4.57406639004149,4.82463972431078,216
"213",2019,8,5.73809523809524,21,5.85714285714286,5.5,5.5,6,5.71052631578947,14,7,5,2,19,2099,1213,886,334,484,1615,4.77623868508814,5.19836356141797,4.19831828442438,4.34281437125749,4.57995867768595,4.83506191950464,217
"214",2019,9,4.8,15,6.125,3.28571428571429,3.66666666666667,3,5.07692307692308,8,7,3,2,13,2114,1221,893,337,486,1628,4.77640728476821,5.20443488943489,4.19116461366182,4.33679525222552,4.57345679012346,4.83699324324324,218
"215",2019,10,4.63636363636364,22,4.9,4.07142857142857,4.83333333333333,3.33333333333333,4.84210526315789,15,7,3,3,19,2136,1236,900,340,489,1647,4.77496488764045,5.20074029126214,4.19023333333333,4.34117647058824,4.56584867075665,4.83705221615058,219
"216",2019,11,5,12,5.28571428571429,4.6,4,5,5,7,5,1,1,11,2148,1243,905,341,490,1658,4.77622206703911,5.20121882542237,4.19249723756906,4.34017595307918,4.56673469387755,4.83813329312425,220
"217",2019,12,4.04545454545455,22,4.7,3.5,3.08333333333333,5,4,10,12,6,1,21,2170,1253,917,347,491,1679,4.7688133640553,5.19721867517957,4.18343511450382,4.31844380403458,4.56761710794297,4.8276503871352,221
"218",2020,1,4.8,25,4.73684210526316,5,4.5,2.5,5,19,6,3,2,23,2195,1272,923,350,493,1702,4.76916856492027,5.19034198113208,4.18874322860238,4.32,4.55922920892495,4.8299794359577,222
"219",2020,2,5.76086956521739,23,6.25,5,5,5,5.79545454545455,14,9,4,1,22,2218,1286,932,354,494,1724,4.77945220919747,5.20187791601866,4.19657725321889,4.32768361581921,4.56012145748988,4.84229988399072,223
"220",2020,3,6.07631578947368,19,6.60357142857143,4.6,4.5,5,6.20294117647059,14,5,1,2,17,2237,1300,937,355,496,1741,4.79046714349575,5.21697307692308,4.19872998932764,4.32816901408451,4.56189516129032,4.85558587018955,224
"221",2020,4,5.6875,16,6.72222222222222,4.35714285714286,4,5.5,5.71428571428571,9,7,2,2,14,2253,1309,944,357,498,1755,4.79683754993342,5.22732238349885,4.19990466101695,4.32633053221289,4.56566265060241,4.8624358974359,225
"222",2020,5,5.52941176470588,17,6.7,3.85714285714286,5,7.66666666666667,5.07142857142857,10,7,2,3,14,2270,1319,951,359,501,1769,4.80232378854625,5.23848749052312,4.19738170347003,4.33008356545961,4.58423153692615,4.86408988128886,226
"223",2020,6,4.98095238095238,21,5.9,3.14285714285714,2,5,4.98,14,7,1,1,20,2291,1333,958,360,502,1789,4.80396115233522,5.2454351087772,4.18967640918581,4.32361111111111,4.58505976095617,4.86538569032979,227
"224",2020,7,5.47222222222222,18,5.56666666666667,5,NA,6.58333333333333,4.91666666666667,15,3,0,6,12,2309,1348,961,360,508,1801,4.80917063663924,5.24900964391692,4.19220603537981,4.32361111111111,4.60866141732283,4.86572737368129,228
"225",2020,8,5.09369565217391,23,5.34366666666667,4.625,5,5.63875,4.97894736842105,15,8,1,4,19,2332,1363,969,361,512,1820,4.81197684391081,5.25005135730007,4.19577915376677,4.32548476454294,4.616708984375,4.86690934065934,229
"226",2020,9,4.534,20,5.15,3.918,4,5,4.50947368421053,10,10,5,1,19,2352,1373,979,366,513,1839,4.80961309523809,5.24932265112892,4.1929417773238,4.32103825136612,4.61745614035088,4.86321642196846,230
"227",2020,10,4.66666666666667,21,5.30769230769231,3.625,4.25,5,4.63157894736842,13,8,4,2,19,2373,1386,987,370,515,1858,4.80834808259587,5.24987012987013,4.18833839918947,4.32027027027027,4.61894174757281,4.86084768568353,231
"228",2020,11,5.34583333333333,24,5.9,4.2375,5.3,NA,5.34583333333333,16,8,3,0,24,2397,1402,995,373,515,1882,4.8137296620776,5.25728958630528,4.18873366834171,4.32815013404826,4.61894174757281,4.86703241232731,232
"229",2020,12,4.91309523809524,42,5.8125,4.09545454545455,3.72,3.6,5.09054054054054,20,22,10,5,37,2439,1422,1017,383,520,1919,4.81544075440754,5.26509845288327,4.18671583087512,4.31227154046998,4.60914423076923,4.87134184471079,233
"230",2021,1,5.48695652173913,23,5.44285714285714,5.55555555555556,7,5.16666666666667,5.535,14,9,3,3,20,2462,1436,1026,386,523,1939,4.82171405361495,5.26683147632312,4.19872319688109,4.33316062176166,4.61234225621415,4.87818720990201,234
"231",2021,2,4.98125,16,5.45454545454545,3.94,3.9,6,4.91333333333333,11,5,3,1,15,2478,1447,1031,389,524,1954,4.82274414850686,5.26825846579129,4.1974684772066,4.32982005141388,4.61499045801527,4.87845701125896,235
"232",2021,3,5.2833,20,5.3166,5.25,5.66666666666667,4.5415,5.46875,10,10,3,4,16,2498,1457,1041,392,528,1970,4.82643154523619,5.26859025394647,4.20757925072046,4.34005102040816,4.61443371212121,4.88325126903553,236
"233",2021,4,5.26470588235294,17,5.31818181818182,5.16666666666667,5,6,5.21875,11,6,2,1,16,2515,1468,1047,394,529,1986,4.82939403578529,5.26896185286104,4.21307545367717,4.34340101522843,4.61705293005671,4.88595417925479,237
"234",2021,5,5.77272727272727,11,5.94444444444444,5,6,5,5.85,9,2,1,1,10,2526,1477,1049,395,530,1996,4.83350197941409,5.2730778605281,4.2145757864633,4.34759493670886,4.61777547169811,4.89078406813627,238
"235",2021,6,4.9165080952381,21,5.39555583333333,4.27777777777778,5.5,5.5,4.77921588235294,12,9,2,4,17,2547,1489,1058,397,534,2013,4.83418636435021,5.27406492276696,4.2151134215501,4.35340050377834,4.62438389513109,4.88984186289121,239
"236",2021,7,5.63333333333333,15,5.5625,5.71428571428571,10,5.33333333333333,5.70833333333333,8,7,1,3,12,2562,1497,1065,398,537,2025,4.83886521077283,5.27560632598531,4.22496713615024,4.3675879396985,4.62834450651769,4.89469218271605,240
"237",2021,8,5.33666666666667,12,7,3.008,2,4.33333333333333,5.67111111111111,7,5,1,3,9,2574,1504,1070,399,540,2034,4.84118596348096,5.2836320944149,4.21928037383178,4.36165413533835,4.62670555555556,4.8981276647001,241
"238",2021,9,5.47727272727273,22,5.26666666666667,5.92857142857143,7,9,5.30952380952381,15,7,3,1,21,2596,1519,1077,402,541,2055,4.84657652927581,5.28346456221198,4.23038997214485,4.38134328358209,4.63478927911275,4.90233171289538,242
"239",2021,10,4.88842105263158,19,5.30727272727273,4.3125,4.16666666666667,5,4.88222222222222,11,8,3,1,18,2615,1530,1085,405,542,2073,4.84688056214149,5.28363573202615,4.23099539170507,4.37975308641975,4.635463099631,4.90215710082007,243
"240",2021,11,5.13636363636364,11,5.11111111111111,5.25,5.5,4.25,5.33333333333333,9,2,1,2,9,2626,1539,1087,406,544,2082,4.8480931721249,5.28262681611436,4.23287028518859,4.38251231527094,4.63404595588235,4.90402097502402,244
"241",2021,12,4.4825,32,4.37809523809524,4.68181818181818,2.66666666666667,3.25,4.65857142857143,21,11,3,4,28,2658,1560,1098,409,548,2110,4.84369174943566,5.27045042948718,4.23736794171221,4.36992665036675,4.62394343065693,4.90076382464455,245
"242",2022,1,4.90125,32,5.60823529411765,4.1,5.25,6,4.8658064516129,17,15,4,1,31,2690,1577,1113,413,549,2141,4.84437645724907,5.27409173747622,4.23551662174304,4.37845036319613,4.62644990892532,4.90025766931341,246
"243",2022,2,4.57673913043478,23,4.1975,5.16666666666667,4.1,4.355,4.61,14,9,5,3,20,2713,1591,1122,418,552,2161,4.8421075082934,5.26461827152734,4.24298573975045,4.37511961722488,4.62497463768116,4.89757134197131,247
"244",2022,3,6.0625,16,6.36363636363636,5.4,4.5,7,6,11,5,3,1,15,2729,1602,1127,421,553,2176,4.84926261267863,5.27216458801498,4.24811889973381,4.37600950118765,4.62926943942134,4.90517080422794,248
"245",2022,4,5.59733333333333,15,5.76615384615385,4.5,NA,6.98,5.38461538461539,13,2,0,2,13,2744,1615,1129,421,555,2189,4.85335192055393,5.27614097213622,4.24856510186006,4.37600950118765,4.63774054054054,4.90801812243033,249
"246",2022,5,4.71428571428571,14,4.28571428571429,5.14285714285714,4.75,5,4.69230769230769,7,7,4,1,13,2758,1622,1136,425,556,2202,4.85264600072516,5.27186662762022,4.25407570422535,4.37952941176471,4.63839208633093,4.90674462761126,250
"247",2022,6,4.77058823529412,17,4.71,4.85714285714286,4.4,3,4.88125,10,7,3,1,16,2775,1632,1143,428,557,2218,4.8521433045045,5.26842381740196,4.25776902887139,4.37967289719626,4.63545062836625,4.90656071686204,251
"248",2022,7,4.43176470588235,17,5.07777777777778,3.705,4,2,4.756,9,8,1,2,15,2792,1641,1151,429,559,2233,4.84958369269341,5.26737822669104,4.25392701998263,4.37878787878788,4.62602146690519,4.90554933721451,252
"249",2022,8,5.096,25,6.02857142857143,3.90909090909091,1,4.88,5.15,14,11,1,5,20,2817,1655,1162,430,564,2253,4.85177056088037,5.27381732326284,4.25066265060241,4.37093023255814,4.62827304964539,4.90771933865957,253
