"","year","month","avg_rating","no_ratings","avg_rating_owned","avg_rating_not_owned","avg_rating_prev_owned","avg_rating_comment","avg_rating_no_comment","no_ratings_owned","no_ratings_not_owned","no_ratings_prev_owned","no_ratings_comment","no_ratings_no_comment","cum_no_ratings","cum_no_ratings_owned","cum_no_ratings_not_owned","cum_no_ratings_prev_owned","cum_no_ratings_comment","cum_no_ratings_no_comment","cum_avg_rating","cum_avg_rating_owned","cum_avg_rating_not_owned","cum_avg_rating_prev_owned","cum_avg_rating_comment","cum_avg_rating_no_comment","month_after_release"
"1",2007,8,8.5,6,8.8,7,NA,8.5,8.5,5,1,0,4,2,6,5,1,0,4,2,8.5,8.8,7,NA,8.5,8.5,0
"2",2007,9,9.1,10,9,10,NA,9.33333333333333,8.75,9,1,0,6,4,16,14,2,0,10,6,8.875,8.92857142857143,8.5,NA,9,8.66666666666667,1
"3",2007,10,8.15,10,8.1875,8,NA,8.58333333333333,7.5,8,2,0,6,4,26,22,4,0,16,10,8.59615384615385,8.65909090909091,8.25,NA,8.84375,8.2,2
"4",2007,11,8.38461538461539,13,8.66666666666667,7.75,NA,8.75,8.22222222222222,9,4,0,4,9,39,31,8,0,20,19,8.52564102564103,8.66129032258065,8,NA,8.825,8.21052631578947,3
"5",2007,12,8.45,10,9.08333333333333,7.5,7.5,7.5,8.6875,6,4,2,2,8,49,37,12,2,22,27,8.51020408163265,8.72972972972973,7.83333333333333,7.5,8.70454545454546,8.35185185185185,4
"6",2008,1,8.81666666666667,15,8.97727272727273,8.375,NA,9.25,8.52777777777778,11,4,0,6,9,64,48,16,2,28,36,8.58203125,8.78645833333333,7.96875,7.5,8.82142857142857,8.39583333333333,5
"7",2008,2,7.80769230769231,13,8.57142857142857,6.91666666666667,7.25,7,8.5,7,6,2,6,7,77,55,22,4,34,43,8.4512987012987,8.75909090909091,7.68181818181818,7.375,8.5,8.41279069767442,6
"8",2008,3,8.125,12,8.6875,7,6,7.9375,8.5,8,4,1,8,4,89,63,26,5,42,47,8.40730337078652,8.75,7.57692307692308,7.1,8.39285714285714,8.42021276595745,7
"9",2008,4,8.825,12,8.64285714285714,9.08,NA,8.55714285714286,9.2,7,5,0,7,5,101,70,31,5,49,52,8.4569306930693,8.73928571428571,7.81935483870968,7.1,8.41632653061224,8.49519230769231,8
"10",2008,5,8.60526315789474,19,8.83333333333333,7.75,8,8.75,8.5,15,4,1,8,11,120,85,35,6,57,63,8.48041666666666,8.75588235294118,7.81142857142857,7.25,8.46315789473684,8.49603174603175,9
"11",2008,6,8.45,10,9,7.16666666666667,NA,8.6,8.3,7,3,0,5,5,130,92,38,6,62,68,8.47807692307692,8.77445652173913,7.76052631578947,7.25,8.4741935483871,8.48161764705882,10
"12",2008,7,8.47,10,8.81428571428571,7.66666666666667,7.5,8,8.67142857142857,7,3,2,3,7,140,99,41,8,65,75,8.4775,8.77727272727273,7.75365853658537,7.3125,8.45230769230769,8.49933333333333,11
"13",2008,8,8.85294117647059,17,9.20833333333333,8,8,8.77777777777778,8.9375,12,5,1,9,8,157,111,46,9,74,83,8.51815286624204,8.82387387387387,7.78043478260869,7.38888888888889,8.49189189189189,8.54156626506024,12
"14",2008,9,8.4,10,8.83333333333333,7.75,8,8,8.66666666666667,6,4,1,4,6,167,117,50,10,78,89,8.51107784431138,8.82435897435897,7.778,7.45,8.46666666666667,8.55,13
"15",2008,10,8.07142857142857,7,8.7,6.5,6,8.7,6.5,5,2,1,5,2,174,122,52,11,83,91,8.4933908045977,8.81926229508197,7.72884615384615,7.31818181818182,8.48072289156626,8.50494505494506,14
"16",2008,11,8.19444444444444,18,8.31818181818182,8,7,8.3,8.15384615384615,11,7,4,5,13,192,133,59,15,88,104,8.46536458333333,8.77781954887218,7.76101694915254,7.23333333333333,8.47045454545455,8.46105769230769,15
"17",2008,12,8.225,8,8.76,7.33333333333333,7,8.76666666666667,7.9,5,3,1,3,5,200,138,62,16,91,109,8.45575,8.77717391304348,7.74032258064516,7.21875,8.48021978021978,8.43532110091743,16
"18",2009,1,8.53125,16,9.3125,7.75,9,8.38888888888889,8.71428571428571,8,8,3,9,7,216,146,70,19,100,116,8.46134259259259,8.80650684931507,7.74142857142857,7.5,8.472,8.45215517241379,17
"19",2009,2,7.65789473684211,19,8.59090909090909,6.375,8,7.66666666666667,7.65,11,8,1,9,10,235,157,78,20,109,126,8.39638297872341,8.79140127388535,7.60128205128205,7.525,8.40550458715597,8.38849206349206,18
"20",2009,3,7.73,10,7.92857142857143,7.26666666666667,7.9,7.5,7.96,7,3,2,5,5,245,164,81,22,114,131,8.36918367346939,8.75457317073171,7.58888888888889,7.55909090909091,8.36578947368421,8.37213740458015,19
"21",2009,4,7.78571428571429,14,8.42857142857143,7.14285714285714,8,7.5,7.86363636363636,7,7,1,3,11,259,171,88,23,117,142,8.33764478764479,8.74122807017544,7.55340909090909,7.57826086956522,8.34358974358974,8.33274647887324,20
"22",2009,5,8.9,20,9,8.66666666666667,9,9.25,8.66666666666667,14,6,1,8,12,279,185,94,24,125,154,8.37795698924731,8.76081081081081,7.62446808510638,7.6375,8.4016,8.35876623376623,21
"23",2009,6,7.55,16,8.18,6.5,NA,7.54285714285714,7.55555555555556,10,6,0,7,9,295,195,100,24,132,163,8.33305084745763,8.73102564102564,7.557,7.6375,8.35606060606061,8.31441717791411,22
"24",2009,7,7.65789473684211,19,7.77272727272727,7.5,6.5,8.66666666666667,7.46875,11,8,2,3,16,314,206,108,26,135,179,8.2921974522293,8.67985436893204,7.55277777777778,7.55,8.36296296296296,8.23882681564246,23
"25",2009,8,8.44444444444444,18,8.88888888888889,8,8.5,8.58333333333333,8.375,9,9,1,6,12,332,215,117,27,141,191,8.30045180722892,8.68860465116279,7.58717948717949,7.58518518518519,8.37234042553191,8.24738219895288,24
"26",2009,9,8.38461538461539,13,8.4,8.33333333333333,NA,7.41666666666667,9.21428571428571,10,3,0,6,7,345,225,120,27,147,198,8.3036231884058,8.67577777777778,7.60583333333333,7.58518518518519,8.33333333333333,8.28156565656566,25
"27",2009,10,7.95454545454545,11,8.91666666666667,6.8,9,6,9.07142857142857,6,5,1,4,7,356,231,125,28,151,205,8.29283707865169,8.68203463203463,7.5736,7.63571428571429,8.27152317880795,8.30853658536585,26
"28",2009,11,7.83809523809524,21,8.11818181818182,7.53,8,7.2,8.0375,11,10,2,5,16,377,242,135,30,156,221,8.26750663129974,8.65640495867769,7.57037037037037,7.66,8.23717948717949,8.28891402714932,27
"29",2009,12,8.57142857142857,14,8.95454545454546,7.16666666666667,8,8.63636363636364,8.33333333333333,11,3,1,11,3,391,253,138,31,167,224,8.27838874680307,8.66936758893281,7.56159420289855,7.67096774193548,8.26347305389222,8.28950892857143,28
"30",2010,1,7.96842105263158,19,8.36,6.5,NA,8.55714285714286,7.625,15,4,0,7,12,410,268,142,31,174,236,8.2640243902439,8.65205223880597,7.53169014084507,7.67096774193548,8.27528735632184,8.25572033898305,29
"31",2010,2,7.26666666666667,15,7.07142857142857,7.4375,4.5,8.5,7.07692307692308,7,8,1,2,13,425,275,150,32,176,249,8.22882352941177,8.61181818181818,7.52666666666667,7.571875,8.27784090909091,8.19417670682731,30
"32",2010,3,8.11333333333333,15,8.55,7.24,7,8.07142857142857,8.15,10,5,2,7,8,440,285,155,34,183,257,8.22488636363636,8.60964912280702,7.51741935483871,7.53823529411765,8.26994535519126,8.19280155642023,31
"33",2010,4,6.58,10,7.95,5.66666666666667,5.5,7.1,6.06,4,6,2,5,5,450,289,161,36,188,262,8.18833333333333,8.60051903114187,7.44844720496894,7.425,8.23882978723405,8.15209923664122,32
"34",2010,5,8.77777777777778,9,9.4,8,8,9.25,8.4,5,4,4,4,5,459,294,165,40,192,267,8.19989106753813,8.61411564625851,7.46181818181818,7.4825,8.25989583333334,8.15674157303371,33
"35",2010,6,7.525,8,8.56666666666667,6.9,7.5,7.84,7,3,5,2,5,3,467,297,170,42,197,270,8.18832976445396,8.61363636363637,7.44529411764706,7.48333333333333,8.24923857868021,8.14388888888889,34
"36",2010,7,7.54545454545455,11,8.14285714285714,6.5,6.5,7.625,7.5,7,4,1,4,7,478,304,174,43,201,277,8.17353556485355,8.60279605263158,7.4235632183908,7.46046511627907,8.23681592039801,8.12761732851985,35
"37",2010,8,8.125,12,8.08333333333333,8.16666666666667,7.75,8.27777777777778,7.66666666666667,6,6,2,9,3,490,310,180,45,210,280,8.17234693877551,8.59274193548387,7.44833333333333,7.47333333333333,8.23857142857143,8.12267857142857,36
"38",2010,9,7.75,12,8.375,6.5,8.5,8.75,7.55,8,4,1,2,10,502,318,184,46,212,290,8.16225099601593,8.5872641509434,7.42771739130435,7.49565217391304,8.2433962264151,8.10293103448276,37
"39",2010,10,8.175,12,9,7.35,7.5,8.25,8.1375,6,6,2,4,8,514,324,190,48,216,298,8.16254863813229,8.59490740740741,7.42526315789474,7.49583333333333,8.24351851851852,8.10385906040268,38
"40",2010,11,7.71764705882353,17,8.14615384615385,6.325,NA,8.2,7.56923076923077,13,4,0,4,13,531,337,194,48,220,311,8.14830508474576,8.57759643916914,7.40257731958763,7.49583333333333,8.24272727272727,8.08151125401929,39
"41",2010,12,8.05,20,9.1,7,8,8.58333333333333,7.82142857142857,10,10,1,6,14,551,347,204,49,226,325,8.14473684210526,8.59265129682997,7.3828431372549,7.50612244897959,8.25176991150443,8.07030769230769,40
"42",2011,1,8.53846153846154,13,8.9,7.33333333333333,NA,8.5,8.57142857142857,10,3,0,6,7,564,357,207,49,232,332,8.15381205673759,8.60126050420168,7.38212560386473,7.50612244897959,8.25818965517242,8.0808734939759,41
"43",2011,2,8.60666666666667,15,8.62307692307692,8.5,8.5,9.01428571428571,8.25,13,2,1,7,8,579,370,209,50,239,340,8.16554404145077,8.60202702702703,7.39282296650718,7.526,8.28033472803348,8.08485294117647,42
"44",2011,3,8.5,13,9,6.83333333333333,NA,10,7.5625,10,3,0,5,8,592,380,212,50,244,348,8.17288851351351,8.6125,7.38490566037736,7.526,8.31557377049181,8.07284482758621,43
"45",2011,4,7.57142857142857,14,8.33333333333333,6.2,7,7.25,7.7,9,5,1,4,10,606,389,217,51,248,358,8.15899339933993,8.6060411311054,7.35760368663594,7.5156862745098,8.2983870967742,8.06243016759777,44
"46",2011,5,7.28846153846154,13,8.75,5.58333333333333,5,7.25,7.32142857142857,7,6,2,6,7,619,396,223,53,254,365,8.14071082390953,8.60858585858586,7.30986547085202,7.42075471698113,8.2736220472441,8.04821917808219,45
"47",2011,6,7.54285714285714,7,6.8,9.4,NA,7,7.95,5,2,0,3,4,626,401,225,53,257,369,8.13402555910543,8.58603491271821,7.32844444444444,7.42075471698113,8.25875486381323,8.04715447154472,46
"48",2011,7,8.65833333333333,12,9,7.63333333333333,9.9,9,8.54444444444444,9,3,1,3,9,638,410,228,54,260,378,8.14388714733542,8.59512195121952,7.33245614035088,7.46666666666667,8.2673076923077,8.05899470899471,47
"49",2011,8,7.53333333333333,12,8.76,6.65714285714286,8,8,7.37777777777778,5,7,1,3,9,650,415,235,55,263,387,8.13261538461538,8.59710843373495,7.31234042553191,7.47636363636364,8.26425855513308,8.04315245478036,48
"50",2011,9,7.825,16,9.01,5.85,NA,8.5,7.6,10,6,0,4,12,666,425,241,55,267,399,8.12522522522523,8.60682352941177,7.27593360995851,7.47636363636364,8.26779026217229,8.02982456140351,49
"51",2011,10,8.43571428571429,14,8.38888888888889,8.52,8.55,8.25,8.51,9,5,2,4,10,680,434,246,57,271,409,8.13161764705882,8.60230414746544,7.30121951219512,7.5140350877193,8.26752767527675,8.04156479217604,50
"52",2011,11,8.57692307692308,13,8.8125,8.2,9.5,8,9.07142857142857,8,5,2,6,7,693,442,251,59,277,416,8.13997113997114,8.60610859728507,7.31912350597609,7.58135593220339,8.26173285198556,8.05889423076923,51
"53",2011,12,7.42857142857143,21,8.25,6.33333333333333,5,7.66666666666667,7.38888888888889,12,9,1,3,18,714,454,260,60,280,434,8.11904761904762,8.59669603524229,7.285,7.53833333333333,8.25535714285714,8.03110599078341,52
"54",2012,1,7.8,19,9,6.46666666666667,8,8,7.70769230769231,10,9,1,6,13,733,464,269,61,286,447,8.11077762619372,8.60538793103449,7.25762081784386,7.54590163934426,8.25,8.02170022371365,53
"55",2012,2,7.53461538461538,13,8.32142857142857,6.61666666666667,6,7.4,7.61875,7,6,2,5,8,746,471,275,63,291,455,8.10073726541555,8.6011677282378,7.24363636363636,7.4968253968254,8.23539518900344,8.01461538461538,54
"56",2012,3,7.43235294117647,17,7.94642857142857,5.03333333333333,NA,7.8125,7.31538461538462,14,3,0,4,13,763,485,278,63,295,468,8.08584534731324,8.58226804123712,7.21978417266187,7.4968253968254,8.22966101694915,7.99519230769231,55
"57",2012,4,8.23076923076923,13,8.83333333333333,7.71428571428571,NA,8,8.375,6,7,0,5,8,776,491,285,63,300,476,8.08827319587629,8.58533604887984,7.2319298245614,7.4968253968254,8.22583333333333,8.0015756302521,56
"58",2012,5,8.11666666666667,12,8.39,6.75,NA,8.8,6.75,10,2,0,8,4,788,501,287,63,308,480,8.08870558375635,8.58143712574851,7.22857142857143,7.4968253968254,8.24074675324675,7.99114583333333,57
"59",2012,6,7.68888888888889,9,8.7,5.66666666666667,6,8.2,7.625,6,3,2,1,8,797,507,290,65,309,488,8.08419071518193,8.58284023668639,7.21241379310345,7.45076923076923,8.24061488673139,7.98514344262295,58
"60",2012,7,8.02,14,8.6,7.44,5,9.25,7.528,7,7,1,4,10,811,514,297,66,313,498,8.08308261405672,8.58307392996109,7.21777777777778,7.41363636363636,8.2535143769968,7.97596385542169,59
"61",2012,8,7.89285714285714,14,8.22222222222222,7.3,8,7.64285714285714,8.14285714285714,9,5,1,7,7,825,523,302,67,320,505,8.07985454545454,8.57686424474188,7.21913907284768,7.42238805970149,8.24015625,7.97827722772277,60
"62",2012,9,7.58333333333333,12,7.75,7.41666666666667,7.33333333333333,7.25,7.75,6,6,3,4,8,837,529,308,70,324,513,8.07273596176822,8.56748582230624,7.22298701298701,7.41857142857143,8.22793209876543,7.97471734892788,61
"63",2012,10,8.25,8,9,7.5,8,8.6,7.66666666666667,4,4,1,5,3,845,533,312,71,329,516,8.07441420118343,8.57073170731707,7.22653846153846,7.42676056338028,8.23358662613982,7.97292635658915,62
"64",2012,11,7.13333333333333,15,8.1875,5.92857142857143,8,9,6.84615384615385,8,7,2,2,13,860,541,319,73,331,529,8.058,8.56506469500924,7.19805642633229,7.44246575342466,8.23821752265861,7.94523629489603,63
"65",2012,12,7.7,10,8.83333333333333,6,7.5,7,8,6,4,2,3,7,870,547,323,75,334,536,8.05388505747126,8.56800731261426,7.18321981424148,7.444,8.22709580838324,7.94595149253731,64
"66",2013,1,8.40625,8,8.89285714285714,5,NA,8.33333333333333,8.45,7,1,0,3,5,878,554,324,75,337,541,8.05709567198178,8.5721119133574,7.17648148148148,7.444,8.22804154302671,7.95060998151571,65
"67",2013,2,7.875,16,8.66666666666667,5.5,3,8.14285714285714,7.66666666666667,12,4,1,7,9,894,566,328,76,344,550,8.05383668903803,8.57411660777385,7.15603658536585,7.38552631578947,8.22630813953489,7.94596363636364,66
"68",2013,3,8.06176470588235,17,8.80555555555556,7.225,10,9,7.93666666666667,9,8,1,2,15,911,575,336,77,346,565,8.05398463227223,8.57773913043478,7.15767857142857,7.41948051948052,8.23078034682081,7.94571681415929,67
"69",2013,4,7.76315789473684,19,8.05,7.44444444444444,7.33333333333333,8.25,7.63333333333333,10,9,3,4,15,930,585,345,80,350,580,8.04804301075269,8.56871794871795,7.16515942028985,7.41625,8.231,7.93763793103448,68
"70",2013,5,8.28823529411765,17,8.45,8.05714285714286,9,8,8.30625,10,7,1,1,16,947,595,352,81,351,596,8.05235480464625,8.56672268907563,7.18289772727273,7.4358024691358,8.23034188034188,7.94753355704698,69
"71",2013,6,7.65,10,8.91666666666667,5.75,NA,6.66666666666667,8.07142857142857,6,4,0,3,7,957,601,356,81,354,603,8.04815047021943,8.57021630615641,7.16679775280899,7.4358024691358,8.21709039548023,7.94897180762852,70
"72",2013,7,7.74166666666667,12,9.48333333333333,6,6,9,7.32222222222222,6,6,1,3,9,969,607,362,82,357,612,8.04435500515996,8.57924217462933,7.14745856353591,7.41829268292683,8.22366946778712,7.93975490196078,71
"73",2013,8,7.38888888888889,9,9.25,5.9,6.5,9.66666666666667,6.25,4,5,1,3,6,978,611,367,83,360,618,8.03832310838446,8.58363338788871,7.13046321525885,7.40722891566265,8.23569444444445,7.92334951456311,72
"74",2013,9,7.35833333333333,12,8.62857142857143,5.58,7,9.35,6.3625,7,5,1,4,8,990,618,372,84,364,626,8.03008080808081,8.584142394822,7.10962365591398,7.40238095238095,8.24793956043956,7.90340255591054,73
"75",2013,10,7.95,10,8.85714285714286,5.83333333333333,6.5,9.33333333333333,7.35714285714286,7,3,1,3,7,1000,625,375,85,367,633,8.02928,8.5872,7.09941333333333,7.39176470588235,8.25681198910082,7.89736176935229,74
"76",2013,11,8.15,20,8.7,6.5,NA,8.25,8.10714285714286,15,5,0,6,14,1020,640,380,85,373,647,8.03164705882353,8.58984375,7.09152631578947,7.39176470588235,8.25670241286864,7.90190108191654,75
"77",2013,12,8.05,12,9.01428571428571,6.7,8.5,8.8,7.8,7,5,1,3,9,1032,647,385,86,376,656,8.03186046511628,8.59443585780526,7.08644155844156,7.4046511627907,8.26103723404256,7.90050304878049,76
"78",2014,1,7.03478260869565,23,7.77272727272727,6.35833333333333,6,6.14285714285714,7.425,11,12,3,7,16,1055,658,397,89,383,672,8.01012322274881,8.5806990881459,7.06443324937028,7.35730337078652,8.22232375979113,7.88918154761905,77
"79",2014,2,7.24545454545455,11,8.975,6.25714285714286,7,6.725,7.54285714285714,4,7,2,4,7,1066,662,404,91,387,679,8.00223264540338,8.58308157099698,7.05044554455446,7.34945054945055,8.20684754521964,7.88561119293078,78
"80",2014,3,7.16666666666667,12,8.4,6.28571428571429,7,10,6.90909090909091,5,7,2,1,11,1078,667,411,93,388,690,7.99293135435992,8.58170914542729,7.03742092457421,7.34193548387097,8.21146907216495,7.87004347826087,79
"81",2014,4,7.14285714285714,7,9.16666666666667,5.625,8,NA,7.14285714285714,3,4,1,0,7,1085,670,415,94,388,697,7.98744700460829,8.58432835820896,7.02380722891566,7.34893617021277,8.21146907216495,7.86274031563845,80
"82",2014,5,8.13,10,8.75714285714286,6.66666666666667,6.5,7.91666666666667,8.45,7,3,2,6,4,1095,677,418,96,394,701,7.98874885844749,8.58611521418021,7.02124401913876,7.33125,8.20697969543148,7.86609129814551,81
"83",2014,6,8.66666666666667,3,8.66666666666667,NA,NA,8,9,3,0,0,1,2,1098,680,418,96,395,703,7.99060109289617,8.58647058823529,7.02124401913876,7.33125,8.20645569620254,7.86931721194879,82
"84",2014,7,8.75,4,8.75,NA,NA,9,8.5,4,0,0,2,2,1102,684,418,96,397,705,7.99335753176043,8.58742690058479,7.02124401913876,7.33125,8.21045340050378,7.87110638297872,83
"85",2014,8,7.86714285714286,7,8.75,6.69,8,8.5,7.614,4,3,1,2,5,1109,688,421,97,399,710,7.99256086564472,8.58837209302326,7.01888361045131,7.33814432989691,8.21190476190477,7.86929577464789,84
"86",2014,9,7.15555555555556,9,8.96666666666667,6.25,6,5,7.425,3,6,2,1,8,1118,691,427,99,400,718,7.9858228980322,8.59001447178003,7.00807962529274,7.31111111111111,8.203875,7.86434540389972,85
"87",2014,10,8.35714285714286,7,9.375,7,7.5,10,8.08333333333333,4,3,2,1,6,1125,695,430,101,401,724,7.98813333333333,8.59453237410072,7.00802325581395,7.31485148514851,8.20835411471322,7.86616022099447,86
"88",2014,11,5.87142857142857,7,7,5.42,5.03333333333333,5.5,6.02,2,5,3,2,5,1132,697,435,104,403,729,7.97504416961131,8.58995695839311,6.98977011494253,7.24903846153846,8.19491315136477,7.85349794238683,87
"89",2014,12,8.11111111111111,9,8.75,7.6,6.5,7.66666666666667,8.33333333333333,4,5,2,3,6,1141,701,440,106,406,735,7.97611744084137,8.59087018544936,6.99670454545455,7.23490566037736,8.19100985221675,7.85741496598639,88
"90",2015,1,8.2,9,8.03333333333333,8.53333333333333,NA,8.4,8.04,6,3,0,4,5,1150,707,443,106,410,740,7.97786956521739,8.58613861386138,7.00711060948081,7.23490566037736,8.19304878048781,7.85864864864865,89
"91",2015,2,7.25,6,9.75,6,6,5,7.7,2,4,2,1,5,1156,709,447,108,411,745,7.97409169550173,8.58942172073342,6.99809843400447,7.21203703703704,8.1852798053528,7.85758389261745,90
"92",2015,3,8.5,10,8.625,8,NA,8,8.55555555555556,8,2,0,1,9,1166,717,449,108,412,754,7.97860205831904,8.58981868898187,7.00256124721604,7.21203703703704,8.18483009708738,7.86591511936339,91
"93",2015,4,7.83333333333333,6,8.5,6.5,NA,9,7.25,4,2,0,2,4,1172,721,451,108,414,758,7.97785836177474,8.58932038834951,7.00033259423503,7.21203703703704,8.18876811594203,7.86266490765171,92
"94",2015,5,6.6,5,8,5.66666666666667,8,8,5.66666666666667,2,3,2,2,3,1177,723,454,110,416,761,7.97200509770603,8.58769017980636,6.99151982378855,7.22636363636364,8.18786057692308,7.85400788436268,93
"95",2015,6,8.18928571428571,7,9.125,6.94166666666667,8,10,7.8875,4,3,1,1,6,1184,727,457,111,417,767,7.97328969594594,8.59064649243466,6.99119256017505,7.23333333333333,8.19220623501199,7.85426988265971,94
"96",2015,7,8,5,8,NA,NA,7.5,8.33333333333333,5,0,0,2,3,1189,732,457,111,419,770,7.97340201850294,8.58661202185792,6.99119256017505,7.23333333333333,8.18890214797136,7.85613636363636,95
"97",2015,8,7.79285714285714,7,9.35,6.625,NA,NA,7.79285714285714,3,4,0,0,7,1196,735,461,111,419,777,7.97234531772575,8.58972789115646,6.98801518438178,7.23333333333333,8.18890214797136,7.85556628056628,96
"98",2015,9,6.75,4,NA,6.75,7,8,6.33333333333333,0,4,2,1,3,1200,735,465,113,420,780,7.96827083333333,8.58972789115646,6.98596774193548,7.22920353982301,8.18845238095238,7.84971153846154,97
"99",2015,10,8.5,6,9.33333333333333,7.66666666666667,9,8,8.6,3,3,1,1,5,1206,738,468,114,421,785,7.97091625207297,8.59275067750677,6.9903311965812,7.24473684210526,8.18800475059382,7.85449044585987,98
"100",2015,11,7.8,5,7.8,NA,NA,6.5,8.66666666666667,5,0,0,2,3,1211,743,468,114,423,788,7.97021056977704,8.58741588156123,6.9903311965812,7.24473684210526,8.18002364066194,7.85758248730964,99
"101",2015,12,8.08333333333333,12,8.33333333333333,7.33333333333333,6,10,7.90909090909091,9,3,1,1,11,1223,752,471,115,424,799,7.97132052330335,8.584375,6.99251592356688,7.23391304347826,8.18431603773585,7.85829161451815,100
"102",2016,1,8.21428571428571,7,9.16666666666667,7.5,NA,9.25,7.8,3,4,0,2,5,1230,755,475,115,426,804,7.97270325203252,8.58668874172185,6.99678947368421,7.23391304347826,8.18931924882629,7.85792910447761,101
"103",2016,2,8.64285714285714,7,9.375,7.66666666666667,7.66666666666667,9.75,7.16666666666667,4,3,3,4,3,1237,759,478,118,430,807,7.97649555375909,8.59084321475626,7.00099372384937,7.24491525423729,8.20383720930232,7.85535935563816,102
"104",2016,3,8.33333333333333,3,8.33333333333333,NA,NA,8.5,8,3,0,0,2,1,1240,762,478,118,432,808,7.97735887096774,8.58982939632546,7.00099372384937,7.24491525423729,8.20520833333333,7.85553836633663,103
"105",2016,4,7.71111111111111,9,8.7,6.475,7,9.25,7.27142857142857,5,4,1,2,7,1249,767,482,119,434,815,7.97544035228182,8.59054758800521,6.99662863070539,7.24285714285714,8.21002304147465,7.85052147239264,104
"106",2016,5,8.57142857142857,7,9,7.5,8,10,8.33333333333333,5,2,1,1,6,1256,772,484,120,435,821,7.97876194267516,8.59319948186528,6.99870867768595,7.24916666666667,8.21413793103448,7.85404993909866,105
"107",2016,6,8.85714285714286,7,9.16666666666667,7,7,9,8,6,1,1,6,1,1263,778,485,121,441,822,7.98363024544734,8.59762210796915,6.99871134020619,7.24710743801653,8.22482993197279,7.85422749391727,106
"108",2016,7,6.55,10,7.7,5.4,NA,7.375,6,5,5,0,4,6,1273,783,490,121,445,828,7.97236842105263,8.59189016602809,6.98239795918367,7.24710743801653,8.21719101123595,7.84079106280193,107
"109",2016,8,7.38461538461539,13,8.25,6,6.66666666666667,6,8.25,8,5,3,5,8,1286,791,495,124,450,836,7.96642690513219,8.58843236409607,6.97247474747475,7.23306451612903,8.19255555555555,7.84470693779904,108
"110",2016,9,8.27777777777778,9,8.91666666666667,7,NA,10,7.41666666666667,6,3,0,3,6,1295,797,498,124,453,842,7.96859073359073,8.59090338770388,6.972640562249,7.23306451612903,8.20452538631346,7.8416567695962,109
"111",2016,10,8.9,8,9.2,8.4,NA,9.73333333333333,8.4,5,3,0,3,5,1303,802,501,124,456,847,7.97430928626247,8.59470074812967,6.9811876247505,7.23306451612903,8.21458333333333,7.84495277449823,110
"112",2016,11,7.6,6,8.25,6.3,5.1,6.86666666666667,8.33333333333333,4,2,1,3,3,1309,806,503,125,459,850,7.9725935828877,8.59299007444168,6.97847912524851,7.216,8.2057734204793,7.84667647058823,111
"113",2016,12,7.3,5,8,6.25,6.5,8,7.125,3,2,1,1,4,1314,809,505,126,460,854,7.97003424657534,8.5907911001236,6.97559405940594,7.21031746031746,8.20532608695652,7.8432962529274,112
"114",2017,1,7.86666666666667,15,8.61111111111111,6.75,6.66666666666667,7.85714285714286,7.875,9,6,3,7,8,1329,818,511,129,467,862,7.9688675696012,8.59101466992665,6.97294520547945,7.19767441860465,8.20010706638115,7.84359048723898,113
"115",2017,2,8.40909090909091,11,8.85714285714286,7.625,NA,7.75,8.55555555555556,7,4,0,2,9,1340,825,515,129,469,871,7.97248134328358,8.59327272727272,6.97800970873786,7.19767441860465,8.19818763326226,7.85094718714122,114
"116",2017,3,7.92857142857143,7,7.91666666666667,8,8,8,7.91666666666667,6,1,1,1,6,1347,831,516,130,470,877,7.97225315515961,8.58838748495788,6.97999031007752,7.20384615384615,8.19776595744681,7.8513968072976,115
"117",2017,4,7.64285714285714,7,7.66666666666667,7.625,NA,8.16666666666667,7.25,3,4,0,3,4,1354,834,520,130,473,881,7.97055022156573,8.58507194244604,6.98495192307692,7.20384615384615,8.19756871035941,7.84866628830874,116
"118",2017,5,8.65,4,9.8,7.5,8,8.3,9,2,2,1,2,2,1358,836,522,131,475,883,7.97255154639175,8.58797846889952,6.98692528735632,7.20992366412214,8.198,7.85127406568516,117
"119",2017,6,8.42857142857143,7,8.5,8,NA,10,7.8,6,1,0,2,5,1365,842,523,131,477,888,7.97489010989011,8.58735154394299,6.98886233269598,7.20992366412214,8.20555555555555,7.85098536036036,118
"120",2017,7,8.5,11,8.55,8,NA,8.66666666666667,8.4375,10,1,0,3,8,1376,852,524,131,480,896,7.97908793604651,8.5869131455399,6.99079198473282,7.20992366412214,8.2084375,7.85622209821428,119
"121",2017,8,8.3125,8,8.6,7.83333333333333,8,10,8.07142857142857,5,3,1,1,7,1384,857,527,132,481,903,7.9810151734104,8.58698949824971,6.99558823529412,7.21590909090909,8.21216216216216,7.8578903654485,120
"122",2017,9,8.25,4,9,6,6,9.5,7,3,1,1,2,2,1388,860,528,133,483,905,7.98179034582132,8.58843023255814,6.99370265151515,7.20676691729323,8.21749482401656,7.85599447513812,121
"123",2017,10,8.5,8,8.42857142857143,9,NA,8.75,8.41666666666667,7,1,0,2,6,1396,867,529,133,485,911,7.98476002865329,8.58713956170703,6.99749527410208,7.20676691729323,8.21969072164948,7.85968715697036,122
"124",2017,11,9.42857142857143,7,9.6,9,NA,9.33333333333333,9.5,5,2,0,3,4,1403,872,531,133,488,915,7.99196364932288,8.59294724770642,7.00503766478343,7.20676691729323,8.2265368852459,7.86685792349727,123
"125",2017,12,7.20464125,8,7.425,6.9842825,6.5,6.83333333333333,7.427426,4,4,2,3,5,1411,876,535,135,491,920,7.98749973777463,8.58761415525114,7.00488248598131,7.1962962962963,8.21802443991853,7.86446970652174,124
"126",2018,1,8.66666666666667,3,10,8,NA,7,9.5,1,2,0,1,2,1414,877,537,135,492,922,7.98894068599717,8.58922462941847,7.00858869646182,7.1962962962963,8.2155487804878,7.86801749457701,125
"127",2018,2,7.8,5,9.5,6.66666666666667,7.5,10,7.25,2,3,2,1,4,1419,879,540,137,493,926,7.98827493305144,8.59129692832764,7.00668912962963,7.2007299270073,8.21916835699797,7.86534787257019,126
"128",2018,3,8.175,4,9.75,6.6,NA,7.85,8.5,2,2,0,2,2,1423,881,542,137,495,928,7.98879981026001,8.59392735527809,7.00518843173432,7.2007299270073,8.21767676767677,7.86671565732758,127
"129",2018,4,7.375,8,8,7,7.5,8.5,7,3,5,2,2,6,1431,884,547,139,497,934,7.98536836477987,8.59191176470588,7.00514100548446,7.20503597122302,8.21881287726358,7.86114789079229,128
"130",2018,5,7.5,4,10,6.66666666666667,7,NA,7.5,1,3,1,0,4,1435,885,550,140,497,938,7.98401542160279,8.59350282485875,7.00329478181818,7.20357142857143,8.21881287726358,7.85960781449893,129
"131",2018,6,8.54285714285714,7,8.54285714285714,NA,NA,8.1,8.875,7,0,0,3,4,1442,892,550,140,500,942,7.98672824549237,8.59310538116592,7.00329478181818,7.20357142857143,8.2181,7.86391945859872,130
"132",2018,7,7.7,10,8.33333333333333,6.75,7,8,7.57142857142857,6,4,1,3,7,1452,898,554,141,503,949,7.98475353305785,8.5913697104677,7.00146593862816,7.20212765957447,8.21679920477137,7.86176199157007,131
"133",2018,8,8.66666666666667,3,8.66666666666667,NA,NA,9,8.5,3,0,0,1,2,1455,901,554,141,504,951,7.9861595395189,8.5916204217536,7.00146593862816,7.20212765957447,8.21835317460317,7.86310423764458,132
"134",2018,9,8.16666666666667,3,8,8.5,8.5,NA,8.16666666666667,2,1,1,0,3,1458,903,555,142,504,954,7.98653095336077,8.59031007751938,7.004166,7.2112676056338,8.21835317460317,7.86405883647799,133
"135",2018,10,8.64285714285714,7,9.3,7,6,NA,8.64285714285714,5,2,1,0,7,1465,908,557,143,504,961,7.98966698293515,8.594218061674,7.00415104129264,7.2027972027972,8.21835317460317,7.86973166493236,134
"136",2018,11,9.17857142857143,7,9.5,7.25,NA,9,9.20833333333333,6,1,0,1,6,1472,914,558,143,505,967,7.99532074048913,8.60016411378555,7.00459163082437,7.2027972027972,8.21990099009901,7.87803736297828,135
"137",2018,12,7.83333333333333,6,8.5,6.5,8,8.25,7.625,4,2,1,2,4,1478,918,560,144,507,971,7.99466314614344,8.59972766884531,7.00278951785714,7.20833333333333,8.22001972386587,7.87699498455201,136
"138",2019,1,8.2,8,8.75,7.65,8.6,9,8.08571428571429,4,4,1,1,7,1486,922,564,145,508,978,7.9957685935397,8.60037960954446,7.00737966312057,7.21793103448276,8.22155511811023,7.87848888548057,137
"139",2019,2,7.5,2,9,6,6,NA,7.5,1,1,1,0,2,1488,923,565,146,508,980,7.99510223790322,8.60081256771397,7.00559669026549,7.20958904109589,8.22155511811023,7.87771645918367,138
"140",2019,3,8.96428571428571,7,9.15,8.5,7,9,8.9375,5,2,1,3,4,1495,928,567,147,511,984,7.99964022073578,8.60377155172413,7.01086795414462,7.20816326530612,8.22612524461839,7.88202452235772,139
"141",2019,4,8.86666666666667,6,8.64,10,NA,7.7,9.1,5,1,0,1,5,1501,933,568,147,512,989,8.00310601598934,8.60396570203644,7.01613051056338,7.20816326530612,8.22509765625,7.88818213346815,140
"142",2019,5,7.83333333333333,6,8.75,6,NA,9.5,7,4,2,0,2,4,1507,937,570,147,514,993,8.0024300796284,8.60458911419423,7.01256514035088,7.20816326530612,8.23005836575875,7.88460436052366,141
"143",2019,6,7.875,8,9.6,5,3.5,6.75,9,5,3,2,4,4,1515,942,573,149,518,997,8.00175718151815,8.60987261146496,7.00202815008726,7.15838926174497,8.21862934362934,7.88907936810431,142
"144",2019,7,7.82857142857143,7,8.7,6.66666666666667,7,8.45,7,4,3,1,4,3,1522,946,576,150,522,1000,8.00096066360053,8.61025369978858,7.00028147569444,7.15733333333333,8.22040229885057,7.88641213,143
"145",2019,8,8.1,10,8.66666666666667,7.25,6.5,9,8,6,4,2,1,9,1532,952,580,152,523,1009,8.00160713446475,8.61060924369747,7.00200367241379,7.14868421052631,8.22189292543021,7.88742530227948,144
"146",2019,9,8.66666666666667,3,8,9,NA,8,9,1,2,0,1,2,1535,953,582,152,524,1011,8.00290692508143,8.6099685204617,7.00886963917525,7.14868421052631,8.22146946564885,7.8896262413452,145
"147",2019,10,7,5,8,6.33333333333333,5,NA,7,2,3,1,0,5,1540,955,585,153,524,1016,7.99965073376624,8.60869109947643,7.00540535042735,7.13464052287582,8.22146946564885,7.88524815944882,146
"148",2019,11,8.875,8,9.16666666666667,8,9,7.5,9.33333333333333,6,2,1,2,6,1548,961,587,154,526,1022,8.00417450258398,8.61217481789802,7.00879408858603,7.14675324675325,8.21872623574144,7.89374963796477,147
"149",2019,12,7.5,4,8,7,NA,8,7,2,2,0,2,2,1552,963,589,154,528,1024,8.00287508376289,8.61090342679127,7.00876422750424,7.14675324675325,8.21789772727272,7.89200403320312,148
"150",2020,1,6.57142857142857,7,8.75,3.66666666666667,NA,4.33333333333333,8.25,4,3,0,3,4,1559,967,592,154,531,1028,7.99644780628608,8.61147880041365,6.9918279222973,7.14675324675325,8.19595103578154,7.89339701361868,149
"151",2020,2,8.1875,8,8.5,6,6,8,8.21428571428571,7,1,1,1,7,1567,974,593,155,532,1035,7.99742318442885,8.61067761806981,6.99015536256324,7.13935483870968,8.19558270676691,7.89556727536232,150
"152",2020,3,8.3,5,9.33333333333333,6.75,7.5,8.25,8.33333333333333,3,2,1,2,3,1572,977,595,156,534,1038,7.99838557888041,8.6128966223132,6.98934811764706,7.14166666666667,8.19578651685393,7.89683249518304,151
"153",2020,4,7.375,4,10,4.75,NA,10,6.5,2,2,0,1,3,1576,979,597,156,535,1041,7.9968033819797,8.61573033707865,6.98184611390285,7.14166666666667,8.19915887850467,7.89280704130644,152
"154",2020,5,7.83333333333333,9,8.56,6.925,7.35,8.175,7.56,5,4,2,4,5,1585,984,601,158,539,1046,7.99587516088328,8.61544715447154,6.98146777038269,7.14430379746835,8.19897959183673,7.89121618546845,153
"155",2020,6,6.7,5,8,4.75,NA,NA,6.7,3,2,0,0,5,1590,987,603,158,539,1051,7.99180008176101,8.61357649442755,6.97406655058043,7.14430379746835,8.19897959183673,7.8855491246432,154
"156",2020,7,8.4,5,8.5,8.33333333333333,8.33333333333333,8.25,8.5,2,3,3,2,3,1595,989,606,161,541,1054,7.99307970532915,8.61334681496461,6.9807955940594,7.16645962732919,8.19916820702402,7.88729803605313,155
"157",2020,8,8,7,8.33333333333333,6,NA,8,8,6,1,0,1,6,1602,995,607,161,542,1060,7.99310994382023,8.61165829145728,6.97917978583196,7.16645962732919,8.19880073800737,7.88793597169811,156
"158",2020,9,7.9,5,9.16666666666667,6,2,7.875,8,3,2,1,4,1,1607,998,609,162,546,1061,7.99282024268824,8.61332665330661,6.97596408866995,7.13456790123457,8.19642857142857,7.88804159283694,157
"159",2020,10,7.83333333333333,6,7.83333333333333,NA,NA,7.5,7.9,6,0,0,1,5,1613,1004,609,162,547,1066,7.99222698698078,8.60866533864541,6.97596408866995,7.13456790123457,8.19515539305301,7.88809768292683,158
"160",2020,11,7.66666666666667,12,8.33333333333333,5.66666666666667,5.5,7,8,9,3,2,4,8,1625,1013,612,164,551,1074,7.98982284923077,8.60621915103652,6.96954596405229,7.11463414634146,8.18647912885662,7.88893121973929,159
"161",2020,12,8.5,4,9.5,7.5,NA,9.5,8.16666666666667,2,2,0,1,3,1629,1015,614,164,552,1077,7.99107558624923,8.6079802955665,6.97127382736156,7.11463414634146,8.18885869565217,7.88970485608171,160
"162",2021,1,8,5,9,7.33333333333333,8,9,7.33333333333333,2,3,1,2,3,1634,1017,617,165,554,1080,7.99110289473684,8.60875122910521,6.97303424635332,7.12,8.1917870036101,7.88815937962963,161
"163",2021,2,7.5,4,8.66666666666667,4,4,10,6.66666666666667,3,1,1,1,3,1638,1020,618,166,555,1083,7.98990362026862,8.60892156862745,6.96822351132686,7.10120481927711,8.19504504504504,7.88477574330563,162
"164",2021,3,8.0625,8,8.07142857142857,8,NA,8,8.08333333333333,7,1,0,2,6,1646,1027,619,166,557,1089,7.9902564580802,8.60525803310613,6.96989035541195,7.10120481927711,8.19434470377019,7.8858697245179,163
"165",2021,4,7.5,6,8.66666666666667,6.33333333333333,NA,7.5,7.5,3,3,0,2,4,1652,1030,622,166,559,1093,7.98847586561743,8.60543689320388,6.96682014469453,7.10120481927711,8.19186046511627,7.88445757548033,164
"166",2021,5,8.33333333333333,9,8.85714285714286,6.5,5,8.5,8.28571428571429,7,2,1,2,7,1661,1037,624,167,561,1100,7.99034444912703,8.60713596914175,6.96532392628205,7.08862275449102,8.19295900178253,7.88701102727273,165
"167",2021,6,7.66666666666667,6,9.33333333333333,6,7,6.33333333333333,9,3,3,1,3,3,1667,1040,627,168,564,1103,7.98917944211158,8.60923076923076,6.96070515151515,7.08809523809524,8.18306737588652,7.89003819582955,166
"168",2021,7,8.25,4,9,6,NA,NA,8.25,3,1,0,0,4,1671,1043,628,168,564,1107,7.98980378815081,8.61035474592521,6.95917536624204,7.08809523809524,8.18306737588652,7.89133887082204,167
"169",2021,8,7.83333333333333,12,8.75,6,NA,7,8.25,8,4,0,4,8,1683,1051,632,168,568,1115,7.98868813428402,8.61141769743101,6.95310463607595,7.08809523809524,8.17473591549295,7.89391222421524,168
"170",2021,9,8.14285714285714,7,9.33333333333333,7.25,8,8,8.16666666666667,3,4,1,1,6,1690,1054,636,169,569,1121,7.98932670414201,8.6134724857685,6.95497190251572,7.09349112426036,8.1744288224956,7.89537210526316,169
"171",2021,10,6.875,4,9.5,6,NA,9.5,6,1,3,0,1,3,1694,1055,639,169,570,1124,7.98669547225502,8.61431279620853,6.95048846635368,7.09349112426036,8.17675438596491,7.89031328291815,170
"172",2021,11,7.6,5,7.75,7,NA,8,7.5,4,1,0,1,4,1699,1059,640,169,571,1128,7.98555746321366,8.61104815864022,6.950565828125,7.09349112426036,8.17644483362521,7.88892919326241,171
"173",2021,12,8.75,4,9,8,NA,8,9,3,1,0,1,3,1703,1062,641,169,572,1131,7.98735298297123,8.61214689265536,6.95220301092043,7.09349112426036,8.17613636363636,7.89187633068081,172
"174",2022,1,7.6875,8,8.66666666666667,7.1,8,7.16666666666667,8,3,5,2,3,5,1711,1065,646,171,575,1136,7.98595098188194,8.61230046948356,6.95334695046439,7.10409356725146,8.17086956521739,7.89235222711267,173
"175",2022,2,8.16666666666667,15,8,8.41666666666667,NA,8,8.19230769230769,9,6,0,2,13,1726,1074,652,171,577,1149,7.98752151216686,8.60716945996275,6.96681308282208,7.10409356725146,8.17027729636048,7.89574597911227,174
"176",2022,3,8.83333333333333,3,9.25,8,NA,NA,8.83333333333333,2,1,0,0,3,1729,1076,653,171,577,1152,7.98898908617698,8.60836431226765,6.96839529862174,7.10409356725146,8.17027729636048,7.89818761284722,175
"177",2022,4,6.66666666666667,3,6,8,NA,6,8,2,1,0,2,1,1732,1078,654,171,579,1153,7.98669868937644,8.60352504638218,6.96997267584098,7.10409356725146,8.16278065630397,7.89827591500433,176
"178",2022,5,8.325,10,8.89285714285714,7,NA,9.1875,7.75,7,3,0,4,6,1742,1085,657,171,583,1159,7.98864071756602,8.60539170506912,6.9701097869102,7.10409356725146,8.16981132075471,7.89750830888697,177
"179",2022,6,8.6,5,9,8.33333333333333,NA,9,8.33333333333333,2,3,0,2,3,1747,1087,660,171,585,1162,7.99039045792788,8.60611775528978,6.97630625757576,7.10409356725146,8.17264957264957,7.89863350258175,178
"180",2022,7,8.2,5,8,8.33333333333333,NA,NA,8.2,2,3,0,0,5,1752,1089,663,171,585,1167,7.9909886586758,8.60500459136822,6.98244665158371,7.10409356725146,8.17264957264957,7.89992470437018,179
"181",2022,8,8.48571428571429,7,9.33333333333333,7.85,NA,10,8.23333333333333,3,4,0,1,6,1759,1092,667,171,586,1173,7.99295743604321,8.60700549450549,6.98764937031484,7.10409356725146,8.17576791808873,7.90163011935209,180
