"","year","month","avg_rating","no_ratings","avg_rating_owned","avg_rating_not_owned","avg_rating_prev_owned","avg_rating_comment","avg_rating_no_comment","no_ratings_owned","no_ratings_not_owned","no_ratings_prev_owned","no_ratings_comment","no_ratings_no_comment","cum_no_ratings","cum_no_ratings_owned","cum_no_ratings_not_owned","cum_no_ratings_prev_owned","cum_no_ratings_comment","cum_no_ratings_no_comment","cum_avg_rating","cum_avg_rating_owned","cum_avg_rating_not_owned","cum_avg_rating_prev_owned","cum_avg_rating_comment","cum_avg_rating_no_comment","month_after_release"
"1",2005,10,8.75,30,9.02380952380952,8.11111111111111,9.25,8.56666666666667,8.93333333333333,21,9,2,15,15,30,21,9,2,15,15,8.75,9.02380952380952,8.11111111111111,9.25,8.56666666666667,8.93333333333333,0
"2",2005,11,8.62964912280702,57,9.01685714285714,8.01363636363636,8,8.61074074074074,8.64666666666667,35,22,1,27,30,87,56,31,3,42,45,8.67114942528736,9.01946428571429,8.04193548387097,8.83333333333333,8.595,8.74222222222222,1
"3",2005,12,8.60666666666667,75,9.08163265306122,7.71153846153846,8.5,8.75757575757576,8.48809523809524,49,26,1,33,42,162,105,57,4,75,87,8.64129629629629,9.04847619047619,7.89122807017544,8.75,8.66653333333333,8.61954022988506,2
"4",2006,1,8.28988764044944,89,8.72450980392157,7.70657894736842,8.25,8.04166666666667,8.51170212765958,51,38,4,42,47,251,156,95,8,117,134,8.51669322709163,8.9425641025641,7.81736842105263,8.5,8.44222222222222,8.58171641791045,3
"5",2006,2,8.41666666666667,48,8.81666666666667,7.75,8,8.58823529411765,8.32258064516129,30,18,1,17,31,299,186,113,9,134,165,8.50063545150502,8.92225806451613,7.80663716814159,8.44444444444444,8.46074626865672,8.5330303030303,4
"6",2006,3,8.4179012345679,81,8.7728813559322,7.46590909090909,7.6875,8.18714285714286,8.59347826086957,59,22,4,35,46,380,245,135,13,169,211,8.483,8.88628571428571,7.75111111111111,8.21153846153846,8.40408284023669,8.54620853080569,5
"7",2006,4,8.30594318181818,88,8.78524590163934,7.22307407407407,6.5,8.04312121212121,8.46363636363636,61,27,2,33,55,468,306,162,15,202,266,8.44970726495726,8.86614379084967,7.6631049382716,7.98333333333333,8.34511386138614,8.52913533834586,6
"8",2006,5,8.41722222222222,90,8.87833333333333,7.495,7.16666666666667,8.24861111111111,8.52962962962963,60,30,3,36,54,558,366,192,18,238,320,8.44446774193548,8.86814207650273,7.63683854166667,7.84722222222222,8.33051680672269,8.52921875,7
"9",2006,6,8.0948051948052,77,8.58958333333333,7.27586206896552,6.5,7.71153846153846,8.29019607843137,48,29,2,26,51,635,414,221,20,264,371,8.40206771653543,8.83584541062802,7.58947058823529,7.7125,8.26955681818182,8.49636118598383,8
"10",2006,7,8.30689655172414,87,8.66615384615385,7.24545454545455,9.5,7.44230769230769,8.67540983606557,65,22,2,26,61,722,479,243,22,290,432,8.39059972299169,8.81281837160752,7.55832510288066,7.875,8.19538965517241,8.52164351851852,9
"11",2006,8,8.2025974025974,77,8.78775510204082,7.17857142857143,7.75,7.99230769230769,8.30980392156863,49,28,2,26,51,799,528,271,24,316,483,8.37248185231539,8.81049242424243,7.51908856088561,7.86458333333333,8.17868037974684,8.49927536231884,10
"12",2006,9,8.26829268292683,82,8.68103448275862,7.27083333333333,8.375,8.2,8.30769230769231,58,24,4,30,52,881,586,295,28,346,535,8.36278433598184,8.79767918088737,7.49889152542373,7.9375,8.1805289017341,8.48065420560748,11
"13",2006,10,8.152,102,8.38938666666667,7.49259259259259,8,7.65927272727273,8.2875,75,27,5,22,80,983,661,322,33,368,615,8.34091251271617,8.75135249621785,7.49836335403727,7.9469696969697,8.14936684782609,8.45552845528455,12
"14",2006,11,7.87425742574257,101,8.61587301587302,6.64473684210526,7.625,8.01724137931035,7.81666666666667,63,38,4,29,72,1084,724,360,37,397,687,8.29743265682657,8.7395635359116,7.40825833333333,7.91216216216216,8.1397153652393,8.38857350800582,13
"15",2006,12,8.19068965517241,116,8.69493333333333,7.26829268292683,8.28571428571429,7.77142857142857,8.37185185185185,75,41,7,35,81,1200,799,401,44,432,768,8.28711416666666,8.73537421777222,7.39394763092269,7.97159090909091,8.10987731481482,8.38680989583333,14
"16",2007,1,8.36115384615385,130,8.587,7.60833333333333,9.16666666666667,8.14210526315789,8.45163043478261,100,30,3,38,92,1330,899,431,47,470,860,8.29435112781955,8.71886985539488,7.40887006960557,8.04787234042553,8.1124829787234,8.39374418604651,15
"17",2007,2,8.29984068181818,88,8.55166666666667,7.76021357142857,9,8.04814814814815,8.41124557377049,60,28,3,27,61,1418,959,459,50,497,921,8.29469180535966,8.70840875912409,7.43030278867102,8.105,8.10898792756539,8.3949033441911,16
"18",2007,3,7.98191489361702,94,8.55,6.64285714285714,8.25,7.25833333333333,8.43103448275862,66,28,2,36,58,1512,1025,487,52,533,979,8.27524667989418,8.6982087804878,7.3850287063655,8.11057692307692,8.05153283302064,8.39704390194076,17
"19",2007,4,8.00047619047619,105,8.64153846153846,6.95875,8.2,8.29166666666667,7.884,65,40,5,30,75,1617,1090,527,57,563,1054,8.25740444032158,8.69482935779816,7.35267358633776,8.11842105263158,8.06432859680284,8.3605369829222,18
"20",2007,5,7.31123595505618,89,7.95283018867925,6.36666666666667,7.7,6.8125,7.49538461538462,53,36,5,24,65,1706,1143,563,62,587,1119,8.20804395076202,8.66042344706912,7.28962518650089,8.08467741935484,8.0131465076661,8.31028237712243,19
"21",2007,6,8.22710280373832,107,8.61594202898551,7.52105263157895,8.2,8.35555555555556,8.16197183098592,69,38,5,36,71,1813,1212,601,67,623,1190,8.20916876999448,8.65789108910891,7.30425787021631,8.09328358208955,8.03293258426966,8.30143359663865,20
"22",2007,7,7.87019230769231,104,8.53064516129032,6.8952380952381,6.5,7.38,8.1765625,62,42,6,40,64,1917,1274,643,73,663,1254,8.19077881064163,8.65169858712716,7.27754118195957,7.96232876712329,7.99353996983409,8.29506059011164,21
"23",2007,8,8.06944444444444,90,8.47916666666667,7.25,7.125,8,8.11574074074074,60,30,4,36,54,2007,1334,673,77,699,1308,8.18533780767314,8.64393853073463,7.27631349182764,7.91883116883117,7.99387267525036,8.28765747706422,22
"24",2007,9,8.1659793814433,97,8.50151515151515,7.45161290322581,6.75,7.96756756756757,8.28833333333333,66,31,2,37,60,2104,1400,704,79,736,1368,8.18444533269962,8.63722428571429,7.28403264204545,7.88924050632911,7.99255027173913,8.28768711988304,23
"25",2007,10,7.97328671328671,143,8.45755555555556,7.15094339622642,8.8,7.79357142857143,8.0480198019802,90,53,5,42,101,2247,1490,757,84,778,1469,8.1710071117045,8.62637181208054,7.27471463672391,7.94345238095238,7.98180848329049,8.27120897208986,24
"26",2007,11,7.9716049382716,162,8.35486725663717,7.08775510204082,7.25,7.37608695652174,8.20775862068965,113,49,4,46,116,2409,1603,806,88,824,1585,8.15759775010378,8.60723268870867,7.26334861042184,7.91193181818182,7.94799393203883,8.26656528706624,25
"27",2007,12,7.74878787878788,165,8.26344537815126,6.41739130434783,7.28333333333333,7.39821428571429,7.92889908256881,119,46,6,56,109,2574,1722,852,94,880,1694,8.13139198912199,8.58347502903601,7.21767485915493,7.8718085106383,7.91300795454545,8.24483824085006,26
"28",2008,1,7.90959302325581,172,8.24241071428571,7.28833333333333,7.45,7.66764705882353,8.01157024793388,112,60,8,51,121,2746,1834,912,102,931,1815,8.11749926438456,8.56264667393675,7.22232344298246,7.83872549019608,7.899567132116,8.22928704132231,27
"29",2008,2,7.58865546218487,119,8.20316455696203,6.375,7.9375,7.24404761904762,7.77662337662338,79,40,8,42,77,2865,1913,952,110,973,1892,8.09553332635253,8.5478013591218,7.18672161764706,7.84590909090909,7.87127132579651,8.21086468287526,28
"30",2008,3,7.90178571428571,112,8.40882352941176,7.11818181818182,7,7.60681818181818,8.09264705882353,68,44,6,44,68,2977,1981,996,116,1017,1960,8.08824419885791,8.54303079252903,7.18369375502008,7.80215517241379,7.85982989183874,8.20676325510204,29
"31",2008,4,7.93423076923077,130,8.40348837209302,7.01704545454545,5.8125,7.56666666666667,8.10965909090909,86,44,4,42,88,3107,2067,1040,120,1059,2048,8.08180012230447,8.53722496371553,7.17664325,7.73583333333333,7.8482030217186,8.20259081054687,30
"32",2008,5,7.85145714285714,105,8.27464788732394,6.96773529411765,6.83333333333333,7.557575,8.03230769230769,71,34,6,40,65,3212,2138,1074,126,1099,2113,8.07427023038605,8.52850514499533,7.17002977653631,7.69285714285714,7.83762511373976,8.19735256980596,31
"33",2008,6,8.06494845360825,97,8.52727272727273,7.08064516129032,7.83333333333333,7.62972972972973,8.33333333333333,66,31,6,37,60,3309,2204,1105,132,1136,2173,8.07399697189483,8.52846823956443,7.16752215384615,7.69924242424243,7.83085387323944,8.20110721583065,32
"34",2008,7,7.96378378378378,111,8.37636363636364,7.02941176470588,7.2,7.365,8.20632911392405,77,34,15,32,79,3420,2281,1139,147,1168,2252,8.07041987719298,8.52333362560281,7.16339945566286,7.64829931972789,7.81809075342466,8.20129039964476,33
"35",2008,8,7.7881884057971,138,8.39204545454546,6.7254,6.78571428571429,7.29268292682927,7.99762886597938,88,50,14,41,97,3558,2369,1189,161,1209,2349,8.05947329398538,8.51845673279865,7.1449806391926,7.57329192546584,7.8002729528536,8.19288036611324,34
"36",2008,9,7.678125,96,8.38571428571429,6.6875,6.7,7.19393939393939,7.93174603174603,56,40,11,33,63,3654,2425,1229,172,1242,2412,8.04945429118774,8.51539134020619,7.13009111472742,7.51744186046512,7.78416264090177,8.18605969320066,35
"37",2008,10,7.82171717171717,99,8.29576271186441,7.1225,7.2,7.82692307692308,7.81986301369863,59,40,10,26,73,3753,2484,1269,182,1268,2485,8.04344683719691,8.51017471819646,7.12985183609141,7.5,7.78503943217665,8.17530220523138,36
"38",2008,11,8.07148760330579,121,8.39513888888889,7.59591836734694,7.22222222222222,8.04047619047619,8.0879746835443,72,49,9,42,79,3874,2556,1318,191,1310,2564,8.04432265875064,8.50693427230047,7.14717904400607,7.4869109947644,7.79322900763359,8.17261153666146,37
"39",2008,12,7.8784,125,8.25921052631579,7.28775510204082,7.6875,7.80625,7.90322580645161,76,49,8,32,93,3999,2632,1367,199,1342,2657,8.03913627906976,8.4997811550152,7.15221798098025,7.49497487437186,7.79353949329359,8.16318252916823,38
"40",2009,1,7.68819444444444,144,8.11510416666667,6.834375,6.75,7.40769230769231,7.84673913043478,96,48,11,52,92,4143,2728,1415,210,1394,2749,8.02693844557084,8.48624413489737,7.14143602826855,7.45595238095238,7.77914634146341,8.15259220807566,39
"41",2009,2,7.77146226415094,212,8.35740740740741,7.16298076923077,6.64130434782609,7.83409090909091,7.75505952380952,108,104,23,44,168,4355,2836,1519,233,1438,2917,8.01450194718714,8.48133779971792,7.14291111257406,7.3755364806867,7.78082753824757,8.12969694206376,40
"42",2009,3,7.80842696629214,178,8.47052631578947,7.05060240963855,6.3125,7.19117647058824,7.95416666666667,95,83,16,34,144,4533,2931,1602,249,1472,3061,8.00640987866755,8.48098737632208,7.13812857677903,7.30722891566265,7.76720788043478,8.12143939235544,41
"43",2009,4,7.99909502262443,221,8.43787878787879,7.64303278688525,7.64117647058824,7.55568181818182,8.10932203389831,99,122,17,44,177,4754,3030,1724,266,1516,3238,8.00606983172066,8.47957887788779,7.17385845707657,7.32857142857143,7.76106860158311,8.12077701667696,42
"44",2009,5,7.73170731707317,164,7.91807228915663,7.54074074074074,7.31,7.54594594594595,7.78582677165354,83,81,20,37,127,4918,3113,1805,286,1553,3365,7.99692069540463,8.46460777385159,7.1903224265928,7.32727272727273,7.75594333547972,8.10813550668647,43
"45",2009,6,7.75350877192982,171,8.36964285714286,7.15862068965517,6.90476190476191,7.40444444444444,7.8781746031746,84,87,21,45,126,5089,3197,1892,307,1598,3491,7.98874159559835,8.46211260556772,7.18886468287526,7.29837133550489,7.7460450563204,8.09983557146949,44
"46",2009,7,8.12253521126761,142,8.55795454545455,7.41296296296296,7.59166666666667,8.04857142857143,8.14672897196262,88,54,12,35,107,5231,3285,1946,319,1633,3598,7.99237353852036,8.4646800608828,7.19508323741007,7.30940438871473,7.75252908756889,8.10123012229016,45
"47",2009,8,7.91273291925466,161,8.38734939759036,7.40769230769231,7.5875,7.784375,7.94457364341085,83,78,16,32,129,5392,3368,2024,335,1665,3727,7.98999554525222,8.46277434679335,7.20327666996047,7.32268656716418,7.75314114114114,8.09580788301583,46
"48",2009,9,7.71108108108108,185,8.18214285714286,7.18045977011494,7.26428571428571,7.42702702702703,7.78209459459459,98,87,21,37,148,5577,3466,2111,356,1702,3875,7.98074340684956,8.45483958453549,7.20233632401705,7.31924157303371,7.74605170387779,8.08382605935484,47
"49",2009,10,7.52324840764331,157,8.17228915662651,6.79527027027027,7.07142857142857,7.45714285714286,7.5422131147541,83,74,14,35,122,5734,3549,2185,370,1737,3997,7.9682169480293,8.44823161453931,7.18855010526316,7.30986486486487,7.74023028209557,8.06729446584938,48
"50",2009,11,7.88705583756345,197,8.4469387755102,7.33282828282828,6.96666666666667,7.98026315789474,7.86477987421384,98,99,24,38,159,5931,3647,2284,394,1775,4156,7.96552115663463,8.44819687414313,7.1948038441331,7.28895939086294,7.74536901408451,8.0595466746872,49
"51",2009,12,7.74923469387755,196,8.27222222222222,7.21546391752577,6.92105263157895,7.93625,7.70128205128205,99,97,19,40,156,6127,3746,2381,413,1815,4312,7.95860224906153,8.44354618259477,7.19564551868963,7.27203389830509,7.74957575757576,8.04658533858998,50
"52",2010,1,7.80888888888889,243,8.22859060402685,7.1436170212766,6.75,7.78163265306122,7.81577319587629,149,94,14,49,194,6370,3895,2475,427,1864,4506,7.95289104866562,8.43532323491656,7.19366948686869,7.25491803278689,7.75041845493562,8.03664802041722,51
"53",2010,2,7.87607594936709,158,8.42181818181818,7.19,6.58333333333333,8.04,7.83765625,88,70,12,30,128,6528,3983,2545,439,1894,4634,7.95103185968137,8.43502485563646,7.19356855795678,7.23656036446469,7.75500527983105,8.03115148467846,52
"54",2010,3,8.00369127516779,149,8.33238636363636,7.52950819672131,8,8.08,7.98026315789474,88,61,11,35,114,6677,4071,2606,450,1929,4748,7.95220697618691,8.43280619012528,7.20143207214121,7.25522222222222,7.76090202177294,8.02992965037911,53
"55",2010,4,7.86155172413793,116,8.26730158730159,7.37924528301887,7.65833333333333,7.7536,7.89120879120879,63,53,12,25,91,6793,4134,2659,462,1954,4839,7.95065891064331,8.4302839864538,7.20497629936066,7.26569264069264,7.76080859774821,8.0273209299442,54
"56",2010,5,7.70480769230769,104,8.09433962264151,7.3,7.09090909090909,7.55535714285714,7.75986842105263,53,51,11,28,76,6897,4187,2710,473,1982,4915,7.94695171523851,8.42603152615238,7.20676456826568,7.26162790697675,7.75790615539859,8.02318534689725,55
"57",2010,6,7.87113821138211,123,8.22894736842105,7.29255319148936,7.51666666666667,7.875,7.87038834951456,76,47,12,20,103,7020,4263,2757,485,2002,5018,7.94562335897436,8.42251794510908,7.20822705114255,7.2679381443299,7.75907592407593,8.02004901952969,56
"58",2010,7,7.91846846846847,111,8.3796875,7.29042553191489,6.55,8.41176470588235,7.82925531914894,64,47,12,17,94,7131,4327,2804,497,2019,5112,7.94520067031272,8.42188444649873,7.20960484308131,7.25060362173038,7.7645715700842,8.01654068466354,57
"59",2010,8,7.76908396946565,131,8.3304347826087,7.14435483870968,7.40625,8.20833333333333,7.67056074766355,69,62,16,24,107,7262,4396,2866,513,2043,5219,7.94202368218122,8.42044904458599,7.20819329378925,7.25545808966862,7.76978463044542,8.00944739988504,58
"60",2010,9,7.86239316239316,117,8.47037037037037,7.34126984126984,7.15625,7.775,7.88041237113402,54,63,16,20,97,7379,4450,2929,529,2063,5316,7.94076107602656,8.42105483146068,7.21105564356436,7.25245746691871,7.76983519146874,8.00709292325056,59
"61",2010,10,7.71106870229008,131,8.18782051282051,7.00943396226415,7.1,7.7875,7.67747252747253,78,53,10,40,91,7510,4528,2982,539,2103,5407,7.93675445805593,8.4170371024735,7.20747215962441,7.24962894248609,7.77017118402283,8.00154540040688,60
"62",2010,11,7.94450261780105,191,8.42056074766355,7.33809523809524,7.47058823529412,7.85675675675676,7.96558441558442,107,84,17,37,154,7701,4635,3066,556,2140,5561,7.93694662771069,8.41711844660195,7.21105087410307,7.25638489208633,7.77166822429907,8.0005495378529,61
"63",2010,12,7.97892156862745,204,8.45113636363636,7.11319444444444,6.67058823529412,7.77926829268293,8.02914110429448,132,72,17,41,163,7905,4767,3138,573,2181,5724,7.93802985199241,8.41806041535557,7.20880560229446,7.23900523560209,7.7718110958276,8.00136372816212,62
"64",2011,1,8.05516304347826,184,8.44263157894737,7.64157303370787,7.905,7.97380952380952,8.07922535211268,95,89,20,42,142,8089,4862,3227,593,2223,5866,7.94069427370503,8.41854051830523,7.22074123954137,7.2614671163575,7.77562753036437,8.00324854756222,63
"65",2011,2,8.07531446540881,159,8.42853535353535,7.4925,6.85,8.12291666666667,8.06138211382114,99,60,10,36,123,8248,4961,3287,603,2259,5989,7.94328940106692,8.41873997177989,7.22570184971098,7.25464344941957,7.7811620185923,8.00444247453665,64
"66",2011,3,8.02723577235772,123,8.65642857142857,7.50134328358209,7.14,8.0855,8.01592233009709,56,67,15,20,103,8371,5017,3354,618,2279,6092,7.94452287420858,8.42139306358382,7.23120810375671,7.25186084142395,7.7838328214129,8.00463656927117,65
"67",2011,4,7.86583333333333,120,8.26885245901639,7.44915254237288,7.30769230769231,7.95,7.849,61,59,13,20,100,8491,5078,3413,631,2299,6192,7.94341078553763,8.41956065380071,7.23497567535892,7.25301109350238,7.78527838190518,8.00212305878553,66
"68",2011,5,7.92821476510067,149,8.37644444444445,7.50909090909091,7.43181818181818,7.65645161290323,7.99961016949153,72,77,22,31,118,8640,5150,3490,653,2330,6310,7.94314872453704,8.41895786407767,7.24102348997135,7.25903522205207,7.7835643776824,8.00207606656101,67
"69",2011,6,8.04336283185841,113,8.53235294117647,7.30444444444444,7.35714285714286,8.08,8.03295454545455,68,45,7,25,88,8753,5218,3535,660,2355,6398,7.94444247458014,8.42043560751246,7.24183082885432,7.26007575757576,7.78671125265393,8.00250077836824,68
"70",2011,7,7.84814814814815,108,8.41833333333333,7.13541666666667,7.11111111111111,7.79166666666667,7.86428571428571,60,48,9,24,84,8861,5278,3583,669,2379,6482,7.9432688161607,8.42041170898068,7.24040524141781,7.25807174887892,7.78676124422026,8.00070965442764,69
"71",2011,8,7.87844827586207,116,8.27230769230769,7.37647058823529,7.4625,7.60666666666667,7.91881188118812,65,51,8,15,101,8977,5343,3634,677,2394,6583,7.94243121087223,8.41860995695303,7.24231479911943,7.26048744460857,7.7856328320802,7.99945313382956,70
"72",2011,9,7.88363636363636,110,8.33833333333333,7.338,7.56666666666667,7.58571428571429,7.98536585365854,60,50,6,28,82,9087,5403,3684,683,2422,6665,7.94171948717949,8.41771848972793,7.24361345819761,7.26317715959004,7.78332163501239,7.99927981695423,71
"73",2011,10,7.9396178343949,157,8.53483146067416,7.16058823529412,6.64285714285714,7.78914285714286,7.9827868852459,89,68,14,35,122,9244,5492,3752,697,2457,6787,7.94168379273042,8.41961635105609,7.24210873667378,7.25071736011478,7.78340455840456,7.99898334757625,72
"74",2011,11,7.91475409836066,183,8.46122448979592,7.28470588235294,7.2,7.61176470588235,7.98389261744966,98,85,10,34,149,9427,5590,3837,707,2491,6936,7.94116102471624,8.4203457960644,7.24305237946312,7.25,7.78106182256122,7.99865916666666,73
"75",2011,12,8.0266447368421,152,8.4141975308642,7.58450704225352,7.25,8.06153846153846,8.01944444444444,81,71,10,26,126,9579,5671,3908,717,2517,7062,7.94251748407976,8.42025797919239,7.24925588024565,7.25,7.78395907826778,7.99903001699235,74
"76",2012,1,8.03733031674208,221,8.50128205128205,7.51538461538462,7.71428571428571,8.2125,8.00324324324324,117,104,21,36,185,9800,5788,4012,738,2553,7247,7.94465561020408,8.42189581893573,7.25615453140578,7.26321138211382,7.79000195848022,7.99913757140885,75
"77",2012,2,8.04494047619048,168,8.47291666666667,7.47430555555556,8.02727272727273,7.65909090909091,8.13925925925926,96,72,11,33,135,9968,5884,4084,749,2586,7382,7.94634580457464,8.4227282460911,7.26000048481881,7.27443257676903,7.78833139984532,8.00170007856949,76
"78",2012,3,7.94090909090909,154,8.61392405063291,7.232,7.04545454545455,7.87037037037037,7.95590551181102,79,75,11,27,127,10122,5963,4159,760,2613,7509,7.94626308832246,8.42526127788027,7.25949554700649,7.27111842105263,7.78917910447761,8.00092555333599,77
"79",2012,4,8.00509027777778,144,8.62479268292683,7.18548387096774,7.33333333333333,7.81332,8.0453781512605,82,62,9,25,119,10266,6045,4221,769,2638,7628,7.94708825053575,8.42796790736146,7.25840842928216,7.27184655396619,7.78940788476118,8.0016190325118,78
"80",2012,5,7.86312056737589,141,8.31384615384615,7.47763157894737,7.85714285714286,7.83157894736842,7.86803278688525,65,76,7,19,122,10407,6110,4297,776,2657,7750,7.94595060824445,8.42675384615385,7.26228577612288,7.27712628865979,7.78970944674445,7.99951612645161,79
"81",2012,6,7.8708,125,8.34305555555556,7.22924528301887,6.38846153846154,7.41923076923077,7.98939393939394,72,53,13,26,99,10532,6182,4350,789,2683,7849,7.94505867641473,8.42577903591071,7.26188321379311,7.26248415716096,7.78611926947447,7.9993884545802,80
"82",2012,7,7.91363636363636,154,8.28901098901099,7.37142857142857,7.4,7.77352941176471,7.95333333333333,91,63,15,34,120,10686,6273,4413,804,2717,7969,7.94460583754445,8.42379499442054,7.26344708361659,7.26504975124378,7.78596172248804,7.99869494039402,81
"83",2012,8,7.83663793103448,116,8.20471698113207,7.52698412698413,7.0625,7.40227272727273,7.93829787234043,53,63,8,22,94,10802,6326,4476,812,2739,8063,7.94344639696352,8.4219595320898,7.26715638516533,7.26305418719212,7.78287988316904,7.99799081979412,82
"84",2012,9,7.94166666666667,114,8.31796875,7.46,7.14285714285714,7.52380952380952,8.03602150537634,64,50,7,21,93,10916,6390,4526,819,2760,8156,7.94342781055332,8.42091799687012,7.26928678303138,7.26202686202686,7.78090869565217,7.99842447032859,83
"85",2012,10,8.05868263473054,167,8.6032967032967,7.40657894736842,7.25,7.58275862068966,8.15869565217391,91,76,12,29,138,11083,6481,4602,831,2789,8294,7.94516448434539,8.42347878413826,7.2715541025641,7.261853188929,7.77884833273575,8.00109114781769,84
"86",2012,11,8.03685567010309,194,8.52070707070707,7.53263157894737,7.11904761904762,8.00806451612903,8.04233128834356,99,95,21,31,163,11277,6580,4697,852,2820,8457,7.94674186219739,8.42494164133739,7.27683457100277,7.25833333333333,7.78136808510638,8.00188600922312,85
"87",2012,12,7.76848484848485,165,8.1030612244898,7.27910447761194,7.23076923076923,7.55172413793103,7.81470588235294,98,67,13,29,136,11442,6678,4764,865,2849,8593,7.94417129697605,8.42021802935011,7.2768664945424,7.25791907514451,7.77903053703054,7.99892354009077,86
"88",2013,1,7.83955721393035,201,8.37390265486726,7.15340909090909,7.295,7.82355882352941,7.84281437125748,113,88,20,34,167,11643,6791,4852,885,2883,8760,7.94236528214378,8.41944735679576,7.27462736603463,7.25875706214689,7.77955567117586,7.99594748630137,87
"89",2013,2,7.85972972972973,185,8.38383838383838,7.25639534883721,7.45833333333333,7.65333333333333,7.89967741935484,99,86,12,30,155,11828,6890,4938,897,2913,8915,7.94107279168076,8.41893570391873,7.27430983799109,7.26142697881828,7.77825575008582,7.99427369377453,88
"90",2013,3,7.92305988023952,167,8.44942528735632,7.3506375,7.6234,7.60629166666667,7.97622377622378,87,80,15,24,143,11995,6977,5018,912,2937,9058,7.94082200750313,8.41931589508385,7.27552669988043,7.26738048245614,7.7768505277494,7.99398873702804,89
"91",2013,4,7.77381818181818,165,8.23518987341772,7.35,7.13333333333333,7.40909090909091,7.82993006993007,79,86,15,22,143,12160,7056,5104,927,2959,9201,7.93855591940789,8.41725439342404,7.27678153996865,7.26521143473571,7.77411625549172,7.99143897185088,90
"92",2013,5,7.92242647058824,136,8.50915492957746,7.28153846153846,8.24444444444444,7.99516129032258,7.90095238095238,71,65,9,31,105,12296,7127,5169,936,2990,9306,7.93837751951854,8.41816991721623,7.27684135809635,7.27462713675214,7.77640802675585,7.99041800773694,91
"93",2013,6,7.64629032258065,124,8.03285714285714,7.14518518518519,7.4,7.48413793103448,7.69578947368421,70,54,9,29,95,12420,7197,5223,945,3019,9401,7.9354613510467,8.4144222592747,7.2754801799732,7.27582116402116,7.77360052997681,7.98744069567067,92
"94",2013,7,7.64812030075188,133,8.1734375,7.16086956521739,6.6,7.464,7.69074074074074,64,69,16,25,108,12553,7261,5292,961,3044,9509,7.93241695052975,8.41229816829638,7.27398582388511,7.2645691987513,7.77105781865966,7.98407087811547,93
"95",2013,8,7.68440559440559,143,8.15530303030303,7.28077922077922,7.35294117647059,7.74551724137931,7.66885964912281,66,77,17,29,114,12696,7327,5369,978,3073,9623,7.92962350189036,8.40998321277467,7.27408325200224,7.26610531697342,7.77081679140904,7.98033669126052,94
"96",2013,9,7.90535714285714,140,8.43088235294118,7.40902777777778,6.92857142857143,8.01153846153846,7.88114035087719,68,72,14,26,114,12836,7395,5441,992,3099,9737,7.92935883296977,8.41017538877621,7.27586895423635,7.26134173387097,7.77283639883833,7.97917530861661,95
"97",2013,10,7.71827586206897,145,8.23719512195122,7.04285714285714,6.85,7.82758620689655,7.69094827586207,82,63,20,29,116,12981,7477,5504,1012,3128,9853,7.92700099992296,8.4082783201819,7.27320184956395,7.25321245059289,7.77334398976982,7.97578199330153,96
"98",2013,11,7.72485380116959,171,8.16647058823529,7.28837209302326,7.76666666666667,7.96388888888889,7.66111111111111,85,86,15,36,135,13152,7562,5590,1027,3164,9988,7.92437271745742,8.40556030150754,7.27343523792487,7.260711781889,7.77551201011378,7.97152883259912,97
"99",2013,12,7.51677631578947,152,8.12642857142857,6.99634146341463,7.08235294117647,7.558,7.50866141732283,70,82,17,25,127,13304,7632,5672,1044,3189,10115,7.91971587342153,8.40300013102726,7.26942929830748,7.25780747126437,7.77380683599874,7.96571724962926,98
"100",2014,1,7.5899537037037,216,8.21513513513514,6.92904761904762,7.4125,8.27307692307692,7.49647368421053,111,105,20,26,190,13520,7743,5777,1064,3215,10305,7.91444748372781,8.40030698695596,7.26324268305349,7.26071522556391,7.77784447900466,7.9570655002426,99
"101",2014,2,7.79285714285714,154,8.33450704225352,7.32951807228916,7.33125,7.63846153846154,7.82421875,71,83,16,26,128,13674,7814,5860,1080,3241,10433,7.91307810296914,8.39970911185053,7.26418139590444,7.26176018518519,7.77672631903733,7.95543563500431,100
"102",2014,3,7.65492424242424,132,8.30923076923077,7.02014925373134,6.47142857142857,7.69565217391304,7.64633027522936,65,67,14,23,109,13806,7879,5927,1094,3264,10542,7.91060987831377,8.39896268562001,7.26142280749114,7.25164625228519,7.7761550245098,7.95223961107949,101
"103",2014,4,7.90185185185185,108,8.39423076923077,7.44464285714286,7.10833333333333,8.02941176470588,7.87802197802198,52,56,12,17,91,13914,7931,5983,1106,3281,10633,7.91054189880695,8.39893166057244,7.26313772020725,7.25009132007233,7.7774672355989,7.95160443712969,102
"104",2014,5,7.63311926605505,109,8.13352941176471,7.19310344827586,6.61538461538461,7.61578947368421,7.63677777777778,51,58,13,19,90,14023,7982,6041,1119,3300,10723,7.90838550809384,8.39723590578803,7.2624653170005,7.24271760500447,7.77653636363636,7.94896204233889,103
"105",2014,6,7.732,95,8.1728,7.24222222222222,7.35,7.56411764705882,7.76858974358974,50,45,12,17,78,14118,8032,6086,1131,3317,10801,7.90719861028474,8.39583876992032,7.26231563917187,7.24385587975243,7.77544769369912,7.94765947412276,104
"106",2014,7,7.74623655913978,93,8.155,7.4377358490566,7.20454545454545,7.71875,7.75194805194805,40,53,11,16,77,14211,8072,6139,1142,3333,10878,7.90614523819576,8.39464531714569,7.26383009936472,7.24347723292469,7.77517551755175,7.94627412943555,105
"107",2014,8,7.6609649122807,114,7.90819672131148,7.37641509433962,6.75,7.62,7.67247191011236,61,53,14,25,89,14325,8133,6192,1156,3358,10967,7.90419406492146,8.39099680314767,7.2647937629199,7.2375008650519,7.7740202501489,7.94405215464575,106
"108",2014,9,7.87649572649573,117,8.42941176470588,7.44924242424242,7.5125,7.203125,7.98316831683168,51,66,16,16,101,14442,8184,6258,1172,3374,11068,7.90396967040576,8.39123619257087,7.26673905081496,7.24125511945392,7.77131298162418,7.94440910552945,107
"109",2014,10,7.72441176470588,136,8.02714285714286,7.40333333333333,6.87055555555556,7.74333333333333,7.7197247706422,70,66,18,27,109,14578,8254,6324,1190,3401,11177,7.90229455206475,8.38814841289072,7.26816460784314,7.23564789915966,7.77109085563069,7.94221794578151,108
"110",2014,11,7.80935714285714,140,8.41134328358209,7.25684931506849,7.53076923076923,7.7175,7.82466666666667,67,73,26,20,120,14718,8321,6397,1216,3421,11297,7.9014105163745,8.38833517606057,7.26803548225731,7.24195805921053,7.77077755042385,7.94096928211029,109
"111",2014,12,7.659,150,8.07434210526316,7.23243243243243,7.60833333333333,7.68913043478261,7.65354330708661,76,74,12,23,127,14868,8397,6471,1228,3444,11424,7.89896488969599,8.38549327140645,7.26762833874208,7.24553827361563,7.77023228803716,7.93777398284313,110
"112",2015,1,7.81661458333333,192,8.49090909090909,7.09881720430108,7.41117647058824,7.71071428571429,7.83469512195122,99,93,17,28,164,15060,8496,6564,1245,3472,11588,7.89791500531208,8.38672163370998,7.2652365904936,7.2478,7.76975230414746,7.93631515188125,111
"113",2015,2,7.81748251748252,143,8.42291666666667,7.20352112676056,7.58611111111111,8.10681818181818,7.76487603305785,72,71,18,22,121,15203,8568,6635,1263,3494,11709,7.89715845425245,8.38702579365079,7.2645761838734,7.25262153602533,7.77187464224384,7.93454351182851,112
"114",2015,3,7.53175675675676,148,8.225,7.00357142857143,6.69,7.43157894736842,7.54651162790698,64,84,20,19,129,15351,8632,6719,1283,3513,11838,7.89363559246954,8.38582449026877,7.26131313885995,7.24385113016368,7.7700341588386,7.93031508531846,113
"115",2015,4,7.86040983606557,122,8.359375,7.3098275862069,7.20181818181818,7.85714285714286,7.86083333333333,64,58,11,14,108,15473,8696,6777,1294,3527,11946,7.89337361726879,8.38562982980681,7.2617283429246,7.24349381761978,7.77037992628296,7.92968692281935,114
"116",2015,5,7.77574380165289,121,8.49848214285714,7.15307692307692,7.54545454545455,8.08,7.73268867924528,56,65,11,15,106,15594,8752,6842,1305,3542,12052,7.89246088110812,8.38635191956124,7.26069613855598,7.24603908045977,7.771691134952,7.92795427978758,115
"117",2015,6,7.56241176470588,102,8.23929166666667,6.96074074074074,7.3,8.02894736842105,7.45561445783133,48,54,13,19,83,15696,8800,6896,1318,3561,12135,7.89031606651376,8.38554977272727,7.25834729988399,7.24657132018209,7.77306374613872,7.92472360774619,116
"118",2015,7,7.67608695652174,115,8.23039215686275,7.234375,7.19230769230769,7.8425,7.64105263157895,51,64,13,20,95,15811,8851,6960,1331,3581,12230,7.88875788881158,8.38465574511354,7.25812686494253,7.24604132231405,7.77345154984641,7.92252011283728,117
"119",2015,8,7.53239669421488,121,8.19915254237288,6.89790322580645,7.075,7.18157894736842,7.59774509803922,59,62,16,19,102,15932,8910,7022,1347,3600,12332,7.88605140472006,8.38342738496072,7.25494630874395,7.24400965107646,7.77032777777777,7.91983384528057,118
"120",2015,9,7.98034188034188,117,8.49621212121212,7.31274509803922,7.83888888888889,8.35294117647059,7.917,66,51,9,17,100,16049,8976,7073,1356,3617,12432,7.88673879867904,8.38425668449198,7.25536306800509,7.24795796460177,7.77306607685927,7.9198110505148,119
"121",2015,10,7.97881944444444,144,8.395625,7.4578125,7.2,7.752,8.02647058823529,80,64,16,25,119,16193,9056,7137,1372,3642,12551,7.88755764713147,8.38435711130742,7.25717850357293,7.24739868804664,7.77292147171883,7.92082232332085,120
"122",2015,11,7.79338743455497,191,8.16541111111111,7.46188118811881,7.69677419354839,7.96241379310345,7.76312962962963,90,101,31,29,162,16384,9146,7238,1403,3671,12713,7.88645983764648,8.38220260223048,7.2600349516441,7.25732786885246,7.77441841460092,7.91881286714387,121
"123",2015,12,7.6744099378882,161,8.22628205128205,7.15578313253012,6.80882352941176,7.98846153846154,7.61392592592593,78,83,17,26,135,16545,9224,7321,1420,3697,12848,7.88439637231792,8.38088410667823,7.25885302281109,7.25195845070422,7.7759237219367,7.91560927615193,122
"124",2016,1,7.76576576576577,222,8.33578431372549,7.28125,7.06363636363636,8.055,7.72057291666667,102,120,22,30,192,16767,9326,7441,1442,3727,13040,7.88282566827697,8.38039084280506,7.2592142158312,7.24908529819695,7.77817011000805,7.91273757515337,123
"125",2016,2,7.93137254901961,153,8.60845070422535,7.34512195121951,7.14761904761905,7.81551724137931,7.95846774193548,71,82,21,29,124,16920,9397,7523,1463,3756,13164,7.88326465602837,8.38211397254443,7.2601506021534,7.24762884483937,7.77845846645367,7.91316833637192,124
"126",2016,3,7.47175572519084,131,8.15655737704918,6.875,6.9,7,7.53739130434783,61,70,10,16,115,17051,9458,7593,1473,3772,13279,7.88010310128438,8.38065923028124,7.25659989200579,7.24526883910387,7.77515641569459,7.90991399804202,125
"127",2016,4,7.56190476190476,147,8.16875,7.09397590361446,7.115,7.69565217391304,7.53709677419355,64,83,20,23,124,17198,9522,7676,1493,3795,13403,7.87738329922084,8.37923492963663,7.25484145127671,7.24352377762893,7.774674571805,7.90646481981646,126
"128",2016,5,7.70918918918919,148,8.106875,7.24132352941176,6.61538461538461,7.728,7.70536585365854,80,68,13,25,123,17346,9602,7744,1506,3820,13526,7.87594822898651,8.37696573630494,7.25472275051653,7.2381015936255,7.77436910994764,7.90463610675735,127
"129",2016,6,7.77518796992481,133,8.50746268656716,7.03181818181818,6.85,7.66111111111111,7.79304347826087,67,66,10,18,115,17479,9669,7810,1516,3838,13641,7.87518153098003,8.3778699968973,7.25283904993598,7.23554155672823,7.77383793642522,7.90369532878821,128
"130",2016,7,7.5362962962963,135,7.75272727272727,7.3875,7.13888888888889,7.22105263157895,7.58793103448276,55,80,18,19,116,17614,9724,7890,1534,3857,13757,7.87258419325536,8.3743341217606,7.25420443346008,7.2344074315515,7.77111485610578,7.90103278185651,129
"131",2016,8,7.85905797101449,138,8.26148648648649,7.39375,8.025,8.05217391304348,7.8204347826087,74,64,10,23,115,17752,9798,7954,1544,3880,13872,7.87247904348805,8.37348183302715,7.25532725421172,7.23952784974093,7.77278092783505,7.90036461793541,130
"132",2016,9,7.70025974025974,154,8.21067415730337,7.00138461538462,6.80555555555556,7.52727272727273,7.72909090909091,89,65,18,22,132,17906,9887,8019,1562,3902,14004,7.87099787668937,8.37201628400931,7.25326885895997,7.23452688860435,7.77139671963096,7.89875021279634,131
"133",2016,10,7.64240506329114,158,8.07068965517241,7.11760563380282,7.47666666666667,8.05263157894737,7.5863309352518,87,71,15,19,139,18064,9974,8090,1577,3921,14143,7.86899844884853,8.36938790856227,7.25207824227441,7.23683005707038,7.77275950012752,7.89567969879092,132
"134",2016,11,7.83486740331492,181,8.36505747126437,7.34415957446808,6.96485185185185,7.59791666666667,7.87108917197452,87,94,27,24,157,18245,10061,8184,1604,3945,14300,7.86865985091806,8.3693504621807,7.25313587243402,7.23225187032419,7.77169581749049,7.89540971888112,133
"135",2016,12,7.5186524822695,141,8.18189655172414,7.05518072289157,7.22222222222222,7.47727272727273,7.5263025210084,58,83,18,22,119,18386,10119,8267,1622,3967,14419,7.86597568693571,8.36827601541655,7.25114841901536,7.23214056720098,7.77006301991429,7.89236347735626,134
"136",2017,1,7.61372946859903,207,8.26979166666667,7.04632432432432,6.89130434782609,7.81612121212121,7.57534482758621,96,111,23,33,174,18593,10215,8378,1645,4000,14593,7.8631673737428,8.36735046500245,7.24843470756744,7.22737507598784,7.770443,7.88858349756733,135
"137",2017,2,7.61487179487179,156,8.31478873239437,7.03023529411765,6.75,7.38461538461539,7.66092307692308,71,85,16,26,130,18749,10286,8463,1661,4026,14723,7.86110144434369,8.36698765312075,7.24624317381543,7.22277664057796,7.76795131644312,7.88657331929634,136
"138",2017,3,7.50766666666667,150,7.89240506329114,7.07957746478873,6.94642857142857,7.41111111111111,7.52886178861789,79,71,14,27,123,18899,10365,8534,1675,4053,14846,7.85829625800307,8.36337047756875,7.24485657136161,7.22046686567164,7.76557414261041,7.88360965782029,137
"139",2017,4,7.60516556291391,151,7.99671052631579,7.2084,7.41666666666667,7.2865,7.65381679389313,76,75,18,20,131,19050,10441,8609,1693,4073,14977,7.85628981522309,8.36070156115315,7.24453896852132,7.22255286473715,7.76322170390375,7.88159971823463,138
"140",2017,5,7.5231654676259,139,8.04307692307692,7.06648648648649,7.49071428571429,7.68722222222222,7.49876033057851,65,74,14,18,121,19189,10506,8683,1707,4091,15098,7.85387675126374,8.35873643632211,7.24302153403202,7.22475219683655,7.76288731361525,7.87853152602994,139
"141",2017,6,7.41162162162162,111,8.10591836734694,6.86290322580645,6.92222222222222,7.275,7.43806451612903,49,62,9,18,93,19300,10555,8745,1716,4109,15191,7.85133321139896,8.3575627664614,7.24032658433391,7.2231655011655,7.76075006084205,7.87583496675663,140
"142",2017,7,7.40253424657534,146,8.36791044776119,6.58379746835443,7.2225,7.48333333333333,7.391171875,67,79,12,18,128,19446,10622,8824,1728,4127,15319,7.84796364188007,8.35762803615139,7.23444877379873,7.22316087962963,7.75954010176884,7.87178529799595,141
"143",2017,8,7.62651006711409,149,8.05076923076923,7.29821428571429,7.62307692307692,7.64615384615385,7.62463235294118,65,84,13,13,136,19595,10687,8908,1741,4140,15455,7.84627971319214,8.35576167306073,7.23505006511001,7.22614704192992,7.75918405797101,7.86961041604659,142
"144",2017,9,7.50119047619048,147,8.21702898550725,6.86794871794872,7.47857142857143,6.975,7.56545801526718,69,78,14,16,131,19742,10756,8986,1755,4156,15586,7.84371016006483,8.35487169951655,7.23186356332072,7.22816068376068,7.75616506256015,7.86705402155781,143
"145",2017,10,7.67977142857143,175,8.15183908045977,7.21306818181818,7.45625,8.00206896551724,7.61575342465753,87,88,16,29,146,19917,10843,9074,1771,4185,15732,7.84226971833107,8.35324264502444,7.23168128499008,7.23022134387352,7.75786905615293,7.86472183956267,144
"146",2017,11,7.46314895833333,192,8.08660238095238,6.97824074074074,6.8225,7.89894166666667,7.40089285714286,84,108,20,24,168,20109,10927,9182,1791,4209,15900,7.83864988711522,8.35119288002197,7.22870028098454,7.22566834170854,7.75867346162984,7.85982100503145,145
"147",2017,12,7.52174193548387,155,8.10182926829268,6.87013698630137,6.83333333333333,7.76,7.48644444444444,82,73,15,20,135,20264,11009,9255,1806,4229,16035,7.83622584780892,8.3493355073122,7.22587206699082,7.22240974529346,7.75867973516197,7.85667751668226,146
"148",2018,1,7.63714641350211,237,8.16860465116279,7.00234907407407,6.69350952380952,7.6578125,7.63392048780488,129,108,21,32,205,20501,11138,9363,1827,4261,16240,7.83392440758987,8.34724228766386,7.22329378190751,7.21633043240285,7.75792222482985,7.85386562068965,147
"149",2018,2,7.53510067114094,149,8.32643835616438,6.775,5.828125,7.48857142857143,7.542734375,73,76,16,21,128,20650,11211,9439,1843,4282,16368,7.83176824600484,8.34710682365534,7.219684254688,7.20427873033098,7.75660126109295,7.85143253176931,148
"150",2018,3,7.50189302469136,162,8.1525641025641,6.89769845238095,6.23942043478261,6.99230769230769,7.59931375,78,84,23,26,136,20812,11289,9523,1866,4308,16504,7.82920050691908,8.34576265391089,7.21684409849837,7.19238605037513,7.75198853296193,7.84935496546292,149
"151",2018,4,7.46942446043165,139,8.02962264150943,7.12418604651163,7.45,7.89333333333333,7.41814516129032,53,86,18,15,124,20951,11342,9609,1884,4323,16628,7.82681356259844,8.34428536413331,7.21601481423665,7.19484733014862,7.75247897293546,7.84613930418571,150
"152",2018,5,7.71470588235294,136,8.39772727272727,7.07071428571429,7.02777777777778,7.34523809523809,7.78217391304348,66,70,18,21,115,21087,11408,9679,1902,4344,16743,7.82609052733912,8.34459454768584,7.21496397871681,7.19326623028391,7.75051026703499,7.84569995520516,151
"153",2018,6,7.61117647058824,119,8.19216666666667,7.02033898305085,6.75,8.36,7.54247706422018,60,59,16,10,109,21206,11468,9738,1918,4354,16852,7.82488451145902,8.3437970526683,7.21378479667283,7.18956849322211,7.75191010564998,7.84373868680275,152
"154",2018,7,7.4645,100,7.98333333333333,7.04,7.44545454545455,7.37222222222222,7.48475609756098,45,55,11,18,82,21306,11513,9793,1929,4372,16934,7.82319304186614,8.34238813515157,7.21280877667722,7.19102766718507,7.75034688929552,7.84200037498524,153
"155",2018,8,7.49363636363636,143,7.80486111111111,7.17802816901408,6.99230769230769,7.57894736842105,7.48056451612903,72,71,13,19,124,21449,11585,9864,1942,4391,17058,7.82099589491351,8.33904744065603,7.21255842964314,7.18969740988671,7.74960523798679,7.83937298335092,154
"156",2018,9,7.67809090909091,110,8.11825396825397,7.08808510638298,7.33090909090909,7.49333333333333,7.70726315789474,63,47,11,15,95,21559,11648,9911,1953,4406,17153,7.82026675402384,8.33785324519231,7.21196815154878,7.19049276497696,7.74873277349069,7.83864130764298,155
"157",2018,10,7.48355479452055,146,8.14928169014084,6.85333333333333,6.32142857142857,7.34545454545455,7.49480740740741,71,75,14,11,135,21705,11719,9986,1967,4417,17288,7.81800184058972,8.33671077737009,7.20927461946725,7.18430725470259,7.74772845822957,7.8359563483341,156
"158",2018,11,7.61584905660377,159,8.24098765432099,6.96666666666667,7.5,7.275,7.66489208633094,81,78,16,20,139,21864,11800,10064,1983,4437,17427,7.81653173938895,8.33605369491526,7.20739431140699,7.18685444780635,7.74559761099842,7.83459191771389,157
"159",2018,12,7.78442028985507,138,8.17045454545454,7.43055555555556,6.92,7.79047619047619,7.78333333333333,66,72,15,21,117,22002,11866,10136,1998,4458,17544,7.81633033133351,8.33513261419181,7.20897951361484,7.18485103603603,7.74580901749663,7.83425007694938,158
"160",2019,1,7.58671617834395,157,8.39471835616438,6.88452380952381,6.95875,7.32857142857143,7.64274759689923,73,84,16,28,129,22159,11939,10220,2014,4486,17673,7.8147034789476,8.3354969461429,7.20631275440313,7.18305480139027,7.74320477039679,7.83285224862785,159
"161",2019,2,7.49503424657534,146,8.22843283582089,6.87303797468354,6.41904761904762,6.97019230769231,7.60875,67,79,21,26,120,22305,12006,10299,2035,4512,17793,7.81261104640215,8.33489947026487,7.20375632100204,7.1751706977887,7.73875035460993,7.83134085258248,160
"162",2019,3,7.49406451612903,155,7.99718309859155,7.06880952380952,7.084,7.45909090909091,7.49984962406015,71,84,20,22,133,22460,12077,10383,2055,4534,17926,7.81041270658949,8.33291405481494,7.2026645815275,7.17428339172749,7.73739338332598,7.8288813896017,161
"163",2019,4,7.48438461538462,130,7.92439393939394,7.030625,5.8,7.35882352941176,7.50327433628319,66,64,5,17,113,22590,12143,10447,2060,4551,18039,7.80853649358123,8.33069365395701,7.20161063941801,7.17094775242718,7.73597925730608,7.82684172016187,162
"164",2019,5,7.57327731092437,119,7.88280701754386,7.28870967741936,6.94444444444444,7.6,7.57082568807339,57,62,9,10,109,22709,12200,10509,2069,4561,18148,7.807303685323,8.32860106885246,7.20212449804929,7.16996247945867,7.73568112256084,7.82530404397179,163
"165",2019,6,7.40633,99,7.74325933333333,7.12555555555556,6.95,8.00156882352941,7.28292682926829,45,54,14,17,82,22808,12245,10563,2083,4578,18230,7.80556322606103,8.32644995590037,7.20173306352362,7.16848409505521,7.73666847313237,7.82286438782227,164
"166",2019,7,7.5362459223301,103,8.20518511111111,7.01724137931035,7.11111111111111,7.46461538461539,7.54659255555556,45,58,9,13,90,22911,12290,10621,2092,4591,18320,7.80435246781022,8.32600594304313,7.20072557668769,7.16823727055449,7.73589812023524,7.82150715720524,165
"167",2019,8,7.54532846715328,137,8.17741935483871,7.0228,6.86111111111111,7.61,7.53089285714286,62,75,18,25,112,23048,12352,10696,2110,4616,18432,7.80281279894134,8.325260123057,7.1994779683994,7.16561723696682,7.73521626299827,7.81974127170139,166
"168",2019,9,7.40547945205479,146,7.925,7,7.0047619047619,7.36086956521739,7.41382113821138,64,82,21,23,123,23194,12416,10778,2131,4639,18555,7.80031169224799,8.3231969265464,7.19796032195212,7.16403208352886,7.73336026514335,7.81705045109135,167
"169",2019,10,7.75320287671233,146,8.25858515151515,7.3362625,7.1,7.6895,7.76331444444444,66,80,11,20,126,23340,12482,10858,2142,4659,18681,7.80001700985432,8.32285528440956,7.19897931018604,7.16370325396825,7.73317198325821,7.81668801134843,168
"170",2019,11,7.40366666666667,150,8.03666666666667,6.90630952380952,6.414375,7.4921052631579,7.39083969465649,66,84,16,19,131,23490,12548,10942,2158,4678,18812,7.79748603703703,8.32134998884285,7.19673253061597,7.15814753012048,7.73219287516032,7.81372255687859,169
"171",2019,12,7.54209150326797,153,7.93382352941176,7.22870588235294,7.37125,7.92608695652174,7.47415384615385,68,85,16,23,130,23643,12616,11027,2174,4701,18942,7.79583331260838,8.31926122859861,7.19697899247302,7.15971590156394,7.73314151669857,7.81139207792208,170
"172",2020,1,7.31534459915612,237,7.77237288135593,6.8621568907563,6.75,7.284375,7.32017887804878,118,119,18,32,205,23880,12734,11146,2192,4733,19147,7.79106464321608,8.31419347102246,7.19340427238471,7.15635144616788,7.73010738854849,7.80613283595341,171
"173",2020,2,7.55138157894737,152,8.1312987012987,6.956,6.97222222222222,7.82631578947368,7.51210526315789,77,75,18,19,133,24032,12811,11221,2210,4752,19280,7.78954867177097,8.31309418936852,7.191817486855,7.15485175113122,7.73049206018518,7.80410453371369,172
"174",2020,3,7.68133802816901,142,8.38730158730159,7.11835443037975,7.57692307692308,7.59090909090909,7.69791666666667,63,79,13,22,120,24174,12874,11300,2223,4774,19400,7.78891303383801,8.31345732950133,7.19130389557522,7.15732000449842,7.72984882069543,7.80344770154639,173
"175",2020,4,7.5078431372549,153,8.16693548387097,7.05879120879121,7.02,7.625,7.4881679389313,62,91,25,22,131,24327,12936,11391,2248,4796,19531,7.78714529863937,8.31275507575758,7.19024528311825,7.15579286921708,7.72936786280233,7.80133303005479,174
"176",2020,5,7.41817407643312,157,8.11053571428571,7.0342903960396,7.23684210526316,7.35240722222222,7.42669064748201,56,101,19,18,139,24484,12992,11492,2267,4814,19670,7.78477932568208,8.31188344057882,7.18887463887922,7.15647215262461,7.7279583714167,7.79868558261312,175
"177",2020,6,7.53988007194245,139,8.29395474576271,6.98375,7.45,7.7,7.52051072580645,59,80,15,15,124,24623,13051,11572,2282,4829,19794,7.78339683791577,8.31180238985519,7.18745656325613,7.15840156441718,7.7278715261959,7.7969429493786,176
"178",2020,7,7.475,124,8.174,7.0027027027027,7.21428571428571,7.08421052631579,7.54571428571429,50,74,14,19,105,24747,13101,11646,2296,4848,19899,7.78185155129914,8.31127646668194,7.18628261634896,7.15874232142857,7.72534892739274,7.79561730438716,177
"179",2020,8,7.27285714285714,133,7.9268,6.8789156626506,7.2925,7.37352941176471,7.25810344827586,50,83,20,17,116,24880,13151,11729,2316,4865,20015,7.77913064067524,8.30981469013764,7.18410754113735,7.15989739637305,7.72411954779034,7.79250206045466,178
"180",2020,9,7.60045112781955,133,8.387,7.1266265060241,7.175,6.96875,7.68683760683761,50,83,10,16,117,25013,13201,11812,2326,4881,20132,7.77818055970895,8.31010703658814,7.18370363613274,7.15996232588134,7.7216434337226,7.79188797635605,179
"181",2020,10,7.48132619354839,155,8.06615384615385,7.05895066666667,7.17272727272727,7.68333333333333,7.44966835820895,65,90,11,21,134,25168,13266,11902,2337,4902,20266,7.77635234821996,8.30891172847882,7.18276028482608,7.16002240907146,7.72147931456548,7.7896251998421,180
"182",2020,11,7.43534246575342,146,7.95294117647059,6.98410256410256,6.26,7.66,7.39968253968254,68,78,15,20,126,25314,13334,11980,2352,4922,20392,7.77438555344868,8.30709636943153,7.1814668539232,7.15428247023809,7.72122950020317,7.7872157856022,181
"183",2020,12,7.31277108433735,166,7.94826666666667,6.78901098901099,7,6.24166666666667,7.44304054054054,75,91,17,18,148,25480,13409,12071,2369,4940,20540,7.77137817503924,8.30508934223283,7.17850823544031,7.15317533558463,7.7158383805668,7.78473584712755,182
"184",2021,1,7.45461635135135,148,8.07808557377049,7.01747126436782,6.59411764705882,7.25521739130435,7.49130576,61,87,17,23,125,25628,13470,12158,2386,4963,20665,7.76954889651943,8.30406133704529,7.177355889949,7.14919210813076,7.71370372758412,7.7829609252359,183
"185",2021,2,7.50938356164384,146,8.13625,7.02012195121951,7,7.745,7.47198412698413,64,82,13,20,126,25774,13534,12240,2399,4983,20791,7.76807515791107,8.30326778557707,7.1763025253268,7.14838364735306,7.71382933975517,7.78107630801789,184
"186",2021,3,7.37661594202899,138,8.05037037037037,6.9434880952381,6.40625,7.30605882352941,7.38652892561983,54,84,16,17,121,25912,13588,12324,2415,5000,20912,7.76599035659154,8.30226274727701,7.17471566942551,7.14346681987577,7.71244292,7.77879339709258,185
"187",2021,4,7.37324634782609,115,7.53988298245614,7.20948275862069,7.24285714285714,7.285,7.39182452631579,57,58,7,20,95,26027,13645,12382,2422,5020,21007,7.76425502170822,8.299078016856,7.17487852608625,7.14375407514451,7.71073996015936,7.77704340695958,186
"188",2021,5,7.42965934306569,137,7.72242418181818,7.23329268292683,7,7.86944444444444,7.36313722689076,55,82,13,18,119,26164,13700,12464,2435,5038,21126,7.76250301100749,8.29676298321168,7.17526282974968,7.14298659958932,7.71130698689956,7.77471192748272,187
"189",2021,6,7.23513513513513,111,7.79705882352941,6.7575,6.75,6.96428571428571,7.27422680412371,51,60,8,14,97,26275,13751,12524,2443,5052,21223,7.76027512007611,8.2949096698422,7.17326141089109,7.14169970118706,7.70923685669042,7.77242445365876,188
"190",2021,7,7.37042553191489,94,8.04615384615385,6.89127272727273,7.39111111111111,8.66666666666667,7.18073170731707,39,55,9,12,82,26369,13790,12579,2452,5064,21305,7.7588853873867,8.29420615445976,7.17202845297718,7.14261515905383,7.71150564770932,7.77014711006806,189
"191",2021,8,7.48757281553398,103,8.16695652173913,6.93929824561403,7,7.62,7.47010989010989,46,57,8,12,91,26472,13836,12636,2460,5076,21396,7.75782973632517,8.29378309265684,7.17097862535612,7.1421513699187,7.71128932230102,7.76887101233875,190
"192",2021,9,7.54076923076923,104,7.99673469387755,7.13454545454545,7.09090909090909,6.83333333333333,7.63304347826087,49,55,11,12,92,26576,13885,12691,2471,5088,21488,7.75698031231186,8.29273481238747,7.17082073201481,7.14192325779037,7.70921867138365,7.76828947226359,191
"193",2021,10,7.49026548672566,113,7.814,7.23333333333333,6.47857142857143,7.76923076923077,7.454,50,63,14,13,100,26689,13935,12754,2485,5101,21588,7.75585105399228,8.29101706996771,7.17112952093461,7.13818606438632,7.70937161340913,7.76683361960348,192
"194",2021,11,7.48536585365854,123,8.13877551020408,7.0527027027027,7.33333333333333,8.08461538461538,7.41454545454545,49,74,6,13,110,26812,13984,12828,2491,5114,21698,7.75461020364016,8.29048361484555,7.17044636030558,7.13865610999598,7.71032549863121,7.76504766245737,193
"195",2021,12,7.38152317880795,151,8.14254237288136,6.89347826086957,6.5,7.420625,7.37688888888889,59,92,24,16,135,26963,14043,12920,2515,5130,21833,7.7525208166747,8.28986205725273,7.16847414164086,7.13256157852883,7.70942194931774,7.76264756011542,194
"196",2022,1,7.53185365853659,205,7.99533333333333,7.16913043478261,7.140625,7.46363636363636,7.54005464480874,90,115,16,22,183,27168,14133,13035,2531,5152,22016,7.75085574131331,8.287986476332,7.16847993172228,7.13261255235085,7.70837239906832,7.76079733739099,195
"197",2022,2,7.54687857142857,140,8.09466666666667,6.91481538461538,5.42857142857143,8.07333333333333,7.483704,75,65,7,15,125,27308,14208,13100,2538,5167,22141,7.74981001098579,8.2869659959178,7.16722129083969,7.12791267533491,7.70943189471647,7.7592329696039,196
"198",2022,3,7.3606489380531,113,8.0018666,6.85174603174603,6.08333333333333,6.44571428571429,7.5694927173913,50,63,12,21,92,27421,14258,13163,2550,5188,22233,7.74820630575106,8.28596620844439,7.16571138114411,7.12299700784314,7.704316615266,7.75844782575451,197
"199",2022,4,7.65075025641026,117,8.15068690909091,7.20725806451613,7.64545454545455,8.16666666666667,7.60775722222222,55,62,11,9,108,27538,14313,13225,2561,5197,22341,7.74779224671363,8.2854463760218,7.16590615576559,7.12524106598985,7.70511729844141,7.75771936305447,198
"200",2022,5,7.3186953125,128,7.79616666666667,6.97027027027027,6.375,7.56785714285714,7.28809649122807,54,74,6,14,114,27666,14367,13299,2567,5211,22455,7.7458069793248,8.28360736270621,7.16481757350176,7.12348748344371,7.70474853195164,7.75533517212202,199
"201",2022,6,7.4228,100,8.33285714285714,6.76379310344828,6.8,8.00722222222222,7.29451219512195,42,58,15,18,82,27766,14409,13357,2582,5229,22537,7.74464366095224,8.28375091817615,7.16307620798083,7.12160819907049,7.70578974947408,7.75365848560145,200
"202",2022,7,7.44702505376344,93,7.93717948717949,7.09302462962963,7.40925888888889,7.79375,7.41439211764706,39,54,9,8,85,27859,14448,13411,2591,5237,22622,7.74365013891381,8.28281540559248,7.16279414212214,7.12260737167117,7.7059241168608,7.75238372469277,201
"203",2022,8,7.47811023622047,127,8.1071186440678,6.93235294117647,6.64285714285714,7.81,7.42681818181818,59,68,7,17,110,27986,14507,13479,2598,5254,22732,7.74244512327592,8.28210084648791,7.16163159284813,7.12131474210931,7.70626086791016,7.75080831515045,202
