"","year","month","avg_rating","no_ratings","avg_rating_owned","avg_rating_not_owned","avg_rating_prev_owned","avg_rating_comment","avg_rating_no_comment","no_ratings_owned","no_ratings_not_owned","no_ratings_prev_owned","no_ratings_comment","no_ratings_no_comment","cum_no_ratings","cum_no_ratings_owned","cum_no_ratings_not_owned","cum_no_ratings_prev_owned","cum_no_ratings_comment","cum_no_ratings_no_comment","cum_avg_rating","cum_avg_rating_owned","cum_avg_rating_not_owned","cum_avg_rating_prev_owned","cum_avg_rating_comment","cum_avg_rating_no_comment","month_after_release"
"1",2001,6,10,2,10,NA,NA,10,10,2,0,0,1,1,2,2,0,0,1,1,10,10,NA,NA,10,10,0
"2",2001,7,9,1,9,NA,NA,NA,9,1,0,0,0,1,3,3,0,0,1,2,9.66666666666667,9.66666666666667,NA,NA,10,9.5,1
"3",2001,8,8,1,NA,8,8,NA,8,0,1,1,0,1,4,3,1,1,1,3,9.25,9.66666666666667,8,8,10,9,2
"4",2001,9,9.5,2,9.5,NA,NA,10,9,2,0,0,1,1,6,5,1,1,2,4,9.33333333333333,9.6,8,8,10,9,3
"5",2001,11,8.5,2,8.5,NA,NA,NA,8.5,2,0,0,0,2,8,7,1,1,2,6,9.125,9.28571428571429,8,8,10,8.83333333333333,5
"6",2002,1,9,1,9,NA,NA,NA,9,1,0,0,0,1,9,8,1,1,2,7,9.11111111111111,9.25,8,8,10,8.85714285714286,7
"7",2002,2,9,1,9,NA,NA,NA,9,1,0,0,0,1,10,9,1,1,2,8,9.1,9.22222222222222,8,8,10,8.875,8
"8",2002,3,9,2,9,NA,NA,NA,9,2,0,0,0,2,12,11,1,1,2,10,9.08333333333333,9.18181818181818,8,8,10,8.9,9
"9",2002,5,7,1,NA,7,NA,NA,7,0,1,0,0,1,13,11,2,1,2,11,8.92307692307692,9.18181818181818,7.5,8,10,8.72727272727273,11
"10",2002,6,9,1,9,NA,NA,NA,9,1,0,0,0,1,14,12,2,1,2,12,8.92857142857143,9.16666666666667,7.5,8,10,8.75,12
"11",2002,7,9,2,9,NA,NA,10,8,2,0,0,1,1,16,14,2,1,3,13,8.9375,9.14285714285714,7.5,8,10,8.69230769230769,13
"12",2002,8,7,1,NA,7,NA,NA,7,0,1,0,0,1,17,14,3,1,3,14,8.82352941176471,9.14285714285714,7.33333333333333,8,10,8.57142857142857,14
"13",2002,9,8,2,9,7,NA,9,7,1,1,0,1,1,19,15,4,1,4,15,8.73684210526316,9.13333333333333,7.25,8,9.75,8.46666666666667,15
"14",2002,10,7,5,8.5,6,NA,8.33333333333333,5,2,3,0,3,2,24,17,7,1,7,17,8.375,9.05882352941176,6.71428571428571,8,9.14285714285714,8.05882352941176,16
"15",2002,11,7.7,5,9.16666666666667,5.5,NA,10,7.125,3,2,0,1,4,29,20,9,1,8,21,8.25862068965517,9.075,6.44444444444444,8,9.25,7.88095238095238,17
"16",2002,12,10,1,10,NA,NA,NA,10,1,0,0,0,1,30,21,9,1,8,22,8.31666666666667,9.11904761904762,6.44444444444444,8,9.25,7.97727272727273,18
"17",2003,1,7.75,4,7.75,NA,NA,8.5,7,4,0,0,2,2,34,25,9,1,10,24,8.25,8.9,6.44444444444444,8,9.1,7.89583333333333,19
"18",2003,2,7.66666666666667,3,9,7,NA,7,8,1,2,0,1,2,37,26,11,1,11,26,8.2027027027027,8.90384615384615,6.54545454545455,8,8.90909090909091,7.90384615384615,20
"19",2003,3,9,1,9,NA,NA,9,NA,1,0,0,1,0,38,27,11,1,12,26,8.22368421052632,8.90740740740741,6.54545454545455,8,8.91666666666667,7.90384615384615,21
"20",2003,4,8.66666666666667,3,8.66666666666667,NA,NA,8.5,8.75,3,0,0,1,2,41,30,11,1,13,28,8.25609756097561,8.88333333333333,6.54545454545455,8,8.88461538461539,7.96428571428571,22
"21",2003,6,8.5,4,9.5,7.5,NA,9.5,7.5,2,2,0,2,2,45,32,13,1,15,30,8.27777777777778,8.921875,6.69230769230769,8,8.96666666666667,7.93333333333333,24
"22",2003,7,8.59090909090909,11,8.61111111111111,8.5,NA,8.5,8.64285714285714,9,2,0,4,7,56,41,15,1,19,37,8.33928571428572,8.85365853658537,6.93333333333333,8,8.86842105263158,8.06756756756757,25
"23",2003,8,6.75,4,8,5.5,NA,8,6.33333333333333,2,2,0,1,3,60,43,17,1,20,40,8.23333333333333,8.81395348837209,6.76470588235294,8,8.825,7.9375,26
"24",2003,9,8.66666666666667,3,9,8.5,NA,9,8.5,1,2,0,1,2,63,44,19,1,21,42,8.25396825396825,8.81818181818182,6.94736842105263,8,8.83333333333333,7.96428571428572,27
"25",2003,10,7.33333333333333,3,NA,7.33333333333333,9,6.5,9,0,3,1,2,1,66,44,22,2,23,43,8.21212121212121,8.81818181818182,7,8.5,8.6304347826087,7.98837209302326,28
"26",2003,11,6.9,1,NA,6.9,NA,6.9,NA,0,1,0,1,0,67,44,23,2,24,43,8.19253731343283,8.81818181818182,6.99565217391304,8.5,8.55833333333333,7.98837209302326,29
"27",2003,12,6.66666666666667,6,8,5.33333333333333,NA,5,7,3,3,0,1,5,73,47,26,2,25,48,8.06712328767123,8.76595744680851,6.80384615384615,8.5,8.416,7.88541666666667,30
"28",2004,1,8.91666666666667,6,9.1,8,8,8.75,9.25,5,1,1,4,2,79,52,27,3,29,50,8.13164556962025,8.79807692307692,6.84814814814815,8.33333333333333,8.46206896551724,7.94,31
"29",2004,2,8.71428571428571,7,8.8,8.5,8,NA,8.71428571428571,5,2,1,0,7,86,57,29,4,29,57,8.17906976744186,8.79824561403509,6.96206896551724,8.25,8.46206896551724,8.03508771929825,32
"30",2004,3,7.33333333333333,6,8.6,1,NA,8,7.2,5,1,0,1,5,92,62,30,4,30,62,8.12391304347826,8.78225806451613,6.76333333333333,8.25,8.44666666666667,7.96774193548387,33
"31",2004,4,9.3125,8,9.8,8.5,9,9.3,9.33333333333333,5,3,1,5,3,100,67,33,5,35,65,8.219,8.85820895522388,6.92121212121212,8.4,8.56857142857143,8.03076923076923,34
"32",2004,5,8.33333333333333,3,8,9,9,8.33333333333333,NA,2,1,1,3,0,103,69,34,6,38,65,8.22233009708738,8.83333333333333,6.98235294117647,8.5,8.55,8.03076923076923,35
"33",2004,6,7.75,4,8.5,7,NA,7.5,8,2,2,0,2,2,107,71,36,6,40,67,8.20467289719626,8.82394366197183,6.98333333333333,8.5,8.4975,8.02985074626866,36
"34",2004,7,7.625,4,8,6.5,NA,7.25,8,3,1,0,2,2,111,74,37,6,42,69,8.18378378378378,8.79054054054054,6.97027027027027,8.5,8.43809523809524,8.02898550724638,37
"35",2004,8,8.5,6,8.25,9,9,8.33333333333333,8.66666666666667,4,2,2,3,3,117,78,39,8,45,72,8.2,8.76282051282051,7.07435897435897,8.625,8.43111111111111,8.05555555555556,38
"36",2004,9,8.5,2,8,9,NA,NA,8.5,1,1,0,0,2,119,79,40,8,45,74,8.20504201680672,8.75316455696202,7.1225,8.625,8.43111111111111,8.06756756756757,39
"37",2004,10,7,2,7,NA,NA,NA,7,2,0,0,0,2,121,81,40,8,45,76,8.18512396694215,8.70987654320987,7.1225,8.625,8.43111111111111,8.03947368421053,40
"38",2004,11,8.2,5,8.2,NA,NA,8,8.25,5,0,0,1,4,126,86,40,8,46,80,8.18571428571429,8.68023255813953,7.1225,8.625,8.42173913043478,8.05,41
"39",2004,12,8.4,5,8.5,8,NA,8,10,4,1,0,4,1,131,90,41,8,50,81,8.19389312977099,8.67222222222222,7.14390243902439,8.625,8.388,8.07407407407407,42
"40",2005,1,7.83846153846154,13,8.93333333333333,5.375,NA,8.73333333333333,7.07142857142857,9,4,0,6,7,144,99,45,8,56,88,8.16180555555556,8.69595959595959,6.98666666666667,8.625,8.425,7.99431818181818,43
"41",2005,2,8.875,4,8.5,10,NA,8.5,9,3,1,0,1,3,148,102,46,8,57,91,8.18108108108108,8.69019607843137,7.05217391304348,8.625,8.42631578947368,8.02747252747253,44
"42",2005,3,8.25,8,8.6,7.66666666666667,NA,8,8.4,5,3,0,3,5,156,107,49,8,60,96,8.18461538461539,8.68598130841121,7.08979591836735,8.625,8.405,8.046875,45
"43",2005,4,7.28571428571429,7,8.2,5,NA,9,6,5,2,0,3,4,163,112,51,8,63,100,8.14601226993865,8.66428571428571,7.0078431372549,8.625,8.43333333333333,7.965,46
"44",2005,5,8.18181818181818,11,8.9375,6.16666666666667,NA,9.33333333333333,7.75,8,3,0,3,8,174,120,54,8,66,108,8.14827586206897,8.6825,6.96111111111111,8.625,8.47424242424242,7.94907407407407,47
"45",2005,6,8.8,5,8.8,NA,NA,9.5,8.33333333333333,5,0,0,2,3,179,125,54,8,68,111,8.16648044692738,8.6872,6.96111111111111,8.625,8.50441176470588,7.95945945945946,48
"46",2005,7,7.3,10,7.85714285714286,6,8,5,8.28571428571429,7,3,1,3,7,189,132,57,9,71,118,8.12063492063492,8.64318181818182,6.91052631578947,8.55555555555556,8.35633802816901,7.97881355932203,49
"47",2005,8,8.48823529411765,17,8.5,8.47777777777778,NA,8.625,8.36666666666667,8,9,0,8,9,206,140,66,9,79,127,8.15097087378641,8.635,7.12424242424242,8.55555555555556,8.38354430379747,8.00629921259842,50
"48",2005,9,7.94117647058824,17,8.20833333333333,7.3,NA,7.33333333333333,8.27272727272727,12,5,0,6,11,223,152,71,9,85,138,8.13497757847534,8.60131578947368,7.13661971830986,8.55555555555556,8.30941176470588,8.02753623188406,51
"49",2005,10,8.3125,16,8.38461538461539,8,8,8,8.55555555555556,13,3,2,7,9,239,165,74,11,92,147,8.14686192468619,8.58424242424242,7.17162162162162,8.45454545454546,8.28586956521739,8.05986394557823,52
"50",2005,11,8.79411764705882,17,9.20833333333333,7.8,7,8.83333333333333,8.77272727272727,12,5,1,6,11,256,177,79,12,98,158,8.18984375,8.62655367231638,7.21139240506329,8.33333333333333,8.31938775510204,8.10949367088608,53
"51",2005,12,8.74230769230769,13,9.20625,8,7,8.47222222222222,9.35,8,5,1,9,4,269,185,84,13,107,162,8.21654275092937,8.65162162162162,7.25833333333333,8.23076923076923,8.3322429906542,8.14012345679012,54
"52",2006,1,7.76666666666667,9,8.27142857142857,6,NA,7.98333333333333,7.33333333333333,7,2,0,6,3,278,192,86,13,113,165,8.20197841726619,8.63776041666667,7.22906976744186,8.23076923076923,8.31371681415929,8.12545454545455,55
"53",2006,2,7.55555555555556,9,9.4,5.25,7,6,8.33333333333333,5,4,1,3,6,287,197,90,14,116,171,8.18170731707317,8.65710659898477,7.14111111111111,8.14285714285714,8.25387931034483,8.1327485380117,56
"54",2006,3,8.12666666666667,15,8.77777777777778,7.15,NA,7.7,8.5,9,6,0,7,8,302,206,96,14,123,179,8.17897350993377,8.6623786407767,7.14166666666667,8.14285714285714,8.22235772357724,8.14916201117318,57
"55",2006,4,8.77272727272727,11,8.65,10,NA,9.1,8.5,10,1,0,5,6,313,216,97,14,128,185,8.19984025559105,8.66180555555555,7.17113402061856,8.14285714285714,8.256640625,8.16054054054054,58
"56",2006,5,8.13888888888889,9,8.5,7.41666666666667,NA,7.0625,9,6,3,0,4,5,322,222,100,14,132,190,8.19813664596273,8.65743243243243,7.1785,8.14285714285714,8.22045454545454,8.18263157894737,59
"57",2006,6,8.28,10,8.36666666666667,7.5,NA,8.14285714285714,8.6,9,1,0,7,3,332,231,101,14,139,193,8.20060240963855,8.6461038961039,7.18168316831683,8.14285714285714,8.21654676258993,8.18911917098445,60
"58",2006,7,8.5,12,8.6,8,10,8,8.66666666666667,10,2,1,3,9,344,241,103,15,142,202,8.21104651162791,8.64419087136929,7.19757281553398,8.26666666666667,8.21197183098591,8.21039603960396,61
"59",2006,8,8.19583333333333,12,9.05833333333333,7.33333333333333,7.5,8.97,7.64285714285714,6,6,1,5,7,356,247,109,16,147,209,8.21053370786517,8.65425101214575,7.20504587155963,8.21875,8.23775510204081,8.19138755980861,62
"60",2006,9,8.3125,8,8.58333333333333,7.5,NA,8,8.41666666666667,6,2,0,2,6,364,253,111,16,149,215,8.21277472527472,8.65256916996047,7.21036036036036,8.21875,8.23456375838926,8.19767441860465,63
"61",2006,10,8.17307692307692,26,8.52777777777778,7.375,8,8,8.40909090909091,18,8,1,15,11,390,271,119,17,164,226,8.2101282051282,8.64428044280443,7.22142857142857,8.20588235294118,8.21310975609756,8.20796460176991,64
"62",2006,11,7.965625,32,8.10909090909091,7.65,8.5,8.21875,7.7125,22,10,1,16,16,422,293,129,18,180,242,8.19158767772512,8.60409556313993,7.2546511627907,8.22222222222222,8.21361111111111,8.17520661157025,65
"63",2006,12,7.96388888888889,36,8.67619047619048,6.96666666666667,7.33333333333333,7.775,8.01785714285714,21,15,3,8,28,458,314,144,21,188,270,8.17368995633188,8.60891719745223,7.22465277777778,8.09523809523809,8.19494680851063,8.15888888888889,66
"64",2007,1,7.74090909090909,55,8.14189189189189,6.91666666666667,7.5,7.9875,7.6,37,18,3,20,35,513,351,162,24,208,305,8.12729044834308,8.55968660968661,7.19043209876543,8.02083333333333,8.175,8.09475409836065,67
"65",2007,2,7.71693303030303,33,8.12375,7.33404647058823,8.3,7.778,7.69038217391304,16,17,5,10,23,546,367,179,29,218,328,8.10248862637363,8.54068119891008,7.20407145251397,8.06896551724138,8.15678899082568,8.06639875,68
"66",2007,3,7.68055555555556,36,8.79545454545454,5.92857142857143,8,7.58333333333333,7.72916666666667,22,14,2,12,24,582,389,193,31,230,352,8.07638967353952,8.55508997429306,7.11154813471502,8.06451612903226,8.12686956521739,8.04340565340909,69
"67",2007,4,7.81724137931035,29,8.13888888888889,7.29090909090909,NA,7.74666666666667,7.89285714285714,18,11,0,15,14,611,407,204,31,245,366,8.06408967266776,8.53668304668305,7.12121955882353,8.06451612903226,8.10359183673469,8.03764696721311,70
"68",2007,5,7.421875,32,8,6.15,8.125,7.40909090909091,7.42857142857143,22,10,4,11,21,643,429,214,35,256,387,8.03212875583204,8.50916083916084,7.07583546728972,8.07142857142857,8.07375,8.00459635658915,71
"69",2007,6,7.98387096774194,31,8.25,7.33333333333333,9,7.33333333333333,8.39473684210526,22,9,1,12,19,674,451,223,36,268,406,8.02990918397626,8.49651884700665,7.08622775784753,8.09722222222222,8.04059701492537,8.02285416256158,72
"70",2007,7,7.93333333333333,24,8.02857142857143,7.8,5,7.90833333333333,7.95833333333333,14,10,1,12,12,698,465,233,37,280,418,8.0265885243553,8.48243010752688,7.11686175965665,8.01351351351351,8.03492857142857,8.02100188995215,73
"71",2007,8,7.95238095238095,21,8.64285714285714,6.57142857142857,NA,7.09090909090909,8.9,14,7,0,11,10,719,479,240,37,291,428,8.02442112656467,8.48711899791232,7.10095329166667,8.01351351351351,7.99924398625429,8.04153922897196,74
"72",2007,9,7.5,15,8.15,6.2,NA,7.75,7.40909090909091,10,5,0,4,11,734,489,245,37,295,439,8.01370407356948,8.48022494887525,7.08256648979592,8.01351351351351,7.99586440677966,8.02569200455581,75
"73",2007,10,7.71555555555556,45,8.42173913043478,6.97727272727273,8,8.14705882352941,7.45357142857143,23,22,1,17,28,779,512,267,38,312,467,7.99648111681643,8.47759765625,7.07389059925094,8.01315789473684,8.00410256410256,7.99138927194861,76
"74",2007,11,7.5214,50,8.41958333333333,6.69230769230769,8,7.67576923076923,7.35416666666667,24,26,3,26,24,829,536,293,41,338,491,7.96782724969843,8.475,7.04003,8.01219512195122,7.97884615384615,7.96024193482688,77
"75",2007,12,7.62708333333333,48,8.11111111111111,7.0047619047619,6.95,7.34090909090909,7.86923076923077,27,21,6,22,26,877,563,314,47,360,517,7.94917763968073,8.45754884547069,7.03767130573248,7.87659574468085,7.93986111111111,7.95566497098646,78
"76",2008,1,8.04230769230769,52,8.42068965517241,7.56521739130435,7.75,7.56,8.48888888888889,29,23,7,25,27,929,592,337,54,385,544,7.95439051668461,8.45574324324324,7.0736759347181,7.86018518518518,7.9151948051948,7.98213012867647,79
"77",2008,2,7.78723404255319,47,8.26,7.25,9,7.90909090909091,7.68,25,22,4,22,25,976,617,359,58,407,569,7.94634097336066,8.44781199351702,7.0844813091922,7.93879310344828,7.91486486486486,7.96885551845343,80
"78",2008,3,8.05172413793103,29,8.23571428571429,7.88,7.8,8.03125,8.07692307692308,14,15,5,16,13,1005,631,374,63,423,582,7.94938188059701,8.44310618066561,7.11638713903743,7.92777777777778,7.9192671394799,7.97126939862543,81
"79",2008,4,7.75,30,8.14705882352941,7.23076923076923,8,7.22727272727273,8.05263157894737,17,13,1,11,19,1035,648,387,64,434,601,7.94360269565217,8.43533950617284,7.12022943152455,7.92890625,7.90172811059908,7.97384158069883,82
"80",2008,5,7.79677419354839,31,8.05,7.44615384615385,8.66666666666667,7.625,7.98,18,13,3,16,15,1066,666,400,67,450,616,7.93933282363977,8.42492492492492,7.130821975,7.96194029850746,7.89188888888889,7.97399154220779,83
"81",2008,6,8.2037037037037,27,8.4,7.95833333333333,8,8.3125,8.04545454545454,15,12,2,16,11,1093,681,412,69,466,627,7.94586348581885,8.42437591776798,7.15492424757282,7.96304347826087,7.906330472103,7.97524527910686,84
"82",2008,7,7.97441860465116,43,8.38181818181818,7.54761904761905,7.375,7.96190476190476,7.98636363636364,22,21,8,21,22,1136,703,433,77,487,649,7.94694435739437,8.4230440967283,7.17396949191686,7.90194805194805,7.90872689938398,7.97562217257319,85
"83",2008,8,7.91190476190476,42,8.44782608695652,7.26315789473684,6.875,7.32352941176471,8.312,23,19,4,17,25,1178,726,452,81,504,674,7.94569506791171,8.42382920110192,7.1777185619469,7.85123456790124,7.88898809523809,7.98809909495549,86
"84",2008,9,7.92763157894737,38,8.26041666666667,7.35714285714286,7.25,7.79545454545455,7.98148148148148,24,14,4,11,27,1216,750,466,85,515,701,7.94513058388158,8.4186,7.18310899141631,7.82294117647059,7.88699029126213,7.98784420827389,87
"85",2008,10,7.30555555555556,36,7.76470588235294,6.89473684210526,4.75,7.33333333333333,7.29166666666667,17,19,2,12,24,1252,767,485,87,527,725,7.92674024760383,8.40410691003911,7.17181193814433,7.75229885057471,7.87438330170778,7.96479833103448,88
"86",2008,11,7.52692307692308,26,7.85,7.25,7.25,7.1875,7.67777777777778,12,14,4,8,18,1278,779,499,91,535,743,7.91860625195618,8.39557124518613,7.17400559118236,7.73021978021978,7.86411214953271,7.95784493943472,89
"87",2008,12,7.5765625,32,8.03333333333333,7.17352941176471,7,7.55769230769231,7.58947368421053,15,17,5,13,19,1310,794,516,96,548,762,7.91025098473282,8.38872795969773,7.17398990310078,7.6921875,7.85684306569343,7.94865982939632,90
"88",2009,1,7.30571428571429,35,7.59523809523809,6.87142857142857,7.17142857142857,7.41176470588235,7.20555555555556,21,14,7,17,18,1345,815,530,103,565,780,7.8945195464684,8.36828220858895,7.16599771698113,7.65679611650486,7.84345132743363,7.93151126923077,91
"89",2009,2,7.49588235294118,85,7.83181818181818,7.28269230769231,7.8125,7.7175,7.42769230769231,33,52,8,20,65,1430,848,582,111,585,845,7.87082432867133,8.34740566037735,7.17642403780069,7.66801801801802,7.8391452991453,7.89275596449704,92
"90",2009,3,7.72985074626866,67,8.11212121212121,7.35882352941176,7.4,8.37894736842105,7.47291666666667,33,34,14,19,48,1497,881,616,125,604,893,7.86451488977956,8.33859250851305,7.18649154220779,7.638,7.85612582781457,7.87018901455767,93
"91",2009,4,7.58769230769231,65,8.00740740740741,7.28947368421053,6.72222222222222,7.59615384615385,7.58557692307692,27,38,9,13,52,1562,908,654,134,617,945,7.85299538412292,8.32874449339207,7.19247521406728,7.57649253731343,7.85064829821718,7.85452782010582,94
"92",2009,5,7.70677966101695,59,7.90416666666667,7.57142857142857,6.33333333333333,6.875,8.01627906976744,24,35,6,16,43,1621,932,689,140,633,988,7.847673528686,8.31781115879828,7.21172538461538,7.52321428571429,7.82598736176935,7.86156760121457,95
"93",2009,6,7.80655737704918,61,8.02258064516129,7.58333333333333,6.8,7.58823529411765,7.89090909090909,31,30,10,17,44,1682,963,719,150,650,1032,7.84618239595719,8.30830737279335,7.22723058414465,7.475,7.81976923076923,7.86281859496124,96
"94",2009,7,7.43872549019608,51,8.28409090909091,6.79741379310345,6.725,7.78409090909091,7.34375,22,29,5,11,40,1733,985,748,155,661,1072,7.83419145412579,8.30776649746192,7.21056656417112,7.4508064516129,7.81917549167927,7.84345036380597,97
"95",2009,8,7.46944444444444,36,7.82666666666667,7.21428571428571,6.1,7.58333333333333,7.44666666666667,15,21,5,6,30,1769,1000,769,160,667,1102,7.82676867721877,8.30054999999999,7.21066812743823,7.40859375,7.81705397301349,7.83264862976406,98
"96",2009,9,7.58444444444444,45,7.94545454545455,7.23913043478261,7.5,7.65333333333333,7.55,22,23,9,15,30,1814,1022,792,169,682,1132,7.82075732635061,8.2929060665362,7.21149468434343,7.41346153846154,7.81345307917888,7.82515794169611,99
"97",2009,10,7.66923076923077,52,8.4025,7.2109375,7,7.02727272727273,7.84146341463415,20,32,12,11,41,1866,1042,824,181,693,1173,7.81653472132905,8.29500959692898,7.2114730461165,7.38604972375691,7.80097402597403,7.8257278687127,100
"98",2009,11,7.63561643835616,73,8.17333333333333,7.26046511627907,7.95,8.075,7.51228070175439,30,43,10,16,57,1939,1072,867,191,709,1230,7.80972346054667,8.29160447761193,7.21390287197232,7.41557591623037,7.80715796897038,7.81120226829268,101
"99",2009,12,7.61754385964912,57,8.42380952380952,7.14722222222222,7,7.8625,7.52195121951219,21,36,9,16,41,1996,1093,903,200,725,1271,7.80423536573146,8.29414455626715,7.21124450719823,7.396875,7.80837931034483,7.80187158929976,102
"100",2010,1,7.51509433962264,53,7.73076923076923,7.30740740740741,7.21428571428571,7.9,7.33333333333333,26,27,7,17,36,2049,1119,930,207,742,1307,7.79675636408004,8.28105451295799,7.21403633333333,7.39070048309179,7.81047843665768,7.78896617444529,103
"101",2010,2,7.74074074074074,27,8.65384615384615,6.89285714285714,6.66666666666667,8.75,7.45238095238095,13,14,3,6,21,2076,1132,944,210,748,1328,7.7960278371869,8.28533568904593,7.20927308262712,7.38035714285714,7.81801470588235,7.78364366716867,104
"102",2010,3,7.49642857142857,42,7.88157894736842,7.17826086956522,7.04285714285714,6.86111111111111,7.66969696969697,19,23,7,9,33,2118,1151,967,217,757,1361,7.79008677525968,8.27867072111207,7.20853546018614,7.36947004608295,7.80663804491414,7.78088081557678,105
"103",2010,4,7.2,24,7.97777777777778,6.73333333333333,8.5,7.33333333333333,7.12,9,15,2,9,15,2142,1160,982,219,766,1376,7.78347515873016,8.27633620689654,7.20127677189409,7.37979452054794,7.80107702349869,7.77367644622093,106
"104",2010,5,7.68275862068965,29,8.48823529411765,6.54166666666667,NA,7.86363636363636,7.57222222222222,17,12,0,11,18,2171,1177,994,219,777,1394,7.78212979732842,8.27939677145284,7.19331367203219,7.37979452054794,7.80196267696268,7.77107517216643,107
"105",2010,6,7.06484782608696,23,7.34915,6.84615384615385,6.25,7.375,6.99955263157895,10,13,2,4,19,2194,1187,1007,221,781,1413,7.77461043299909,8.2715598146588,7.18883196623635,7.36957013574661,7.79977592829705,7.76070084217976,108
"106",2010,7,7.23636363636364,22,7.61111111111111,6.97692307692308,4,7.6875,6.97857142857143,9,13,1,8,14,2216,1196,1020,222,789,1427,7.76926682761733,8.26658988294314,7.18613116666667,7.35439189189189,7.79863751584284,7.75302753328661,109
"107",2010,8,7.16617647058824,34,8.55,6.07368421052632,6.875,7.71875,6.99615384615385,15,19,4,8,26,2250,1211,1039,226,797,1453,7.76015346222222,8.27010033030553,7.16578805582291,7.34590707964602,7.7978356336261,7.73948402615279,110
"108",2010,9,7.6,29,8.375,7.05294117647059,8,8.17272727272727,7.25,12,17,1,11,18,2279,1223,1056,227,808,1471,7.75811552874068,8.27112959934587,7.16397139204545,7.34878854625551,7.80293935643564,7.73349441876274,111
"109",2010,10,7.83181818181818,22,8.68181818181818,6.98181818181818,5.66666666666667,7.83333333333333,7.83076923076923,11,11,3,9,13,2301,1234,1067,230,817,1484,7.75882020425902,8.27479051863857,7.16209352389878,7.32684782608696,7.80327417380661,7.73434655660377,112
"110",2010,11,7.93724137931035,58,8.096,7.8169696969697,7.78571428571429,7.9975,7.91428571428571,25,33,7,16,42,2359,1259,1100,237,833,1526,7.76320699025011,8.27124027005559,7.18173980909091,7.34040084388186,7.80700480192077,7.73929901048493,113
"111",2010,12,7.92093023255814,43,8.22222222222222,7.704,7.875,8.11111111111111,7.87058823529412,18,25,8,9,34,2402,1277,1125,245,842,1560,7.76603051207327,8.27054933437744,7.19334559111111,7.35785714285714,7.81025534441805,7.74216044230769,114
"112",2011,1,7.44047619047619,42,7.875,7.17307692307692,6.5,6.92307692307692,7.67241379310345,16,26,4,13,29,2444,1293,1151,249,855,1589,7.7604358797054,8.26565467904098,7.1928877410947,7.34407630522088,7.79676608187134,7.74088753303965,115
"113",2011,2,7.35714285714286,28,8.31818181818182,6.73529411764706,6.7,6.71428571428571,7.57142857142857,11,17,5,7,21,2472,1304,1168,254,862,1610,7.75586783576052,8.26609777607361,7.18622755993151,7.33139763779528,7.78797563805104,7.73867719875776,116
"114",2011,3,7.328125,32,7.17857142857143,7.44444444444444,7.2,7.22222222222222,7.3695652173913,14,18,5,9,23,2504,1318,1186,259,871,1633,7.75040147364217,8.25454590288315,7.19014653456998,7.328861003861,7.78212973593571,7.73347843845683,117
"115",2011,4,7.43181818181818,22,8.54166666666667,7.015625,7.5,6.7,7.64705882352941,6,16,6,5,17,2526,1324,1202,265,876,1650,7.747626797308,8.25584705438066,7.18782345257904,7.3327358490566,7.77595319634703,7.73258805454545,118
"116",2011,5,8.185,20,8.41111111111111,8,8,7.81428571428571,8.38461538461539,9,11,2,7,13,2546,1333,1213,267,883,1663,7.75106256480754,8.25689534883721,7.19518861500412,7.337734082397,7.7762570781427,7.73768508117859,119
"117",2011,6,7.52173913043478,23,8.5,7.17647058823529,7,7.57142857142857,7.5,6,17,1,7,16,2569,1339,1230,268,890,1679,7.74900945504087,8.25798469006721,7.19492991056911,7.33647388059701,7.77464606741573,7.73542006551519,120
"118",2011,7,7.65,18,8.66666666666667,7.44666666666667,4,5.5,7.91875,3,15,1,2,16,2587,1342,1245,269,892,1695,7.74832056049478,8.25889828614009,7.19796288353414,7.32407063197026,7.76954596412556,7.73715061356932,121
"119",2011,8,7.06333333333333,30,8.36428571428571,5.925,5.66666666666667,5.67777777777778,7.65714285714286,14,16,3,9,21,2617,1356,1261,272,901,1716,7.74046820405044,8.25998635693215,7.18181109436955,7.30579044117647,7.74865149833518,7.736171497669,122
"120",2011,9,7.4,16,8.5,6.54444444444444,7,6.75,7.61666666666667,7,9,3,4,12,2633,1363,1270,275,905,1728,7.73839927459172,8.26121900220103,7.17729432283465,7.30245454545455,7.74423756906077,7.73534160300926,123
"121",2011,10,8.06730769230769,26,8.93333333333333,7.325,5,7.71363636363636,8.32666666666667,12,14,2,11,15,2659,1375,1284,277,916,1743,7.74161537796164,8.26708472727273,7.17890482087227,7.28583032490975,7.74387008733625,7.74043045897877,124
"122",2011,11,7.43720930232558,43,8.08421052631579,6.925,8,7.50666666666667,7.4,19,24,3,15,28,2702,1394,1308,280,931,1771,7.73677101776462,8.26459218077475,7.17424601681957,7.29348214285714,7.74004833512352,7.73504815923207,125
"123",2011,12,7.52571428571429,35,8.25789473684211,6.65625,6.5,7.5,7.53333333333333,19,16,4,8,27,2737,1413,1324,284,939,1798,7.73407208257216,8.26450212314225,7.16798624622357,7.28230633802817,7.73800319488818,7.73201907119021,126
"124",2012,1,7.33488372093023,43,8.42666666666667,6.75,6.2,7.44444444444444,7.30588235294118,15,28,5,9,34,2780,1428,1352,289,948,1832,7.72789758633094,8.26620553221288,7.15932972633136,7.26358131487889,7.73521624472574,7.72411042030567,127
"125",2012,2,7.95,36,8.53125,7.485,8.1,8.29,7.81923076923077,16,20,2,10,26,2816,1444,1372,291,958,1858,7.73073696377841,8.26914231301939,7.16407710641399,7.26932989690722,7.74100730688935,7.72544149085037,128
"126",2012,3,7.42647058823529,34,7.34375,7.5,7.1875,8.16666666666667,7.35483870967742,16,18,8,3,31,2850,1460,1390,299,961,1889,7.72710711929825,8.25900102739726,7.16842718705036,7.26714046822742,7.7423361082206,7.71935960296453,129
"127",2012,4,7.89583333333333,24,8.375,7.65625,7.875,7.58333333333333,8,8,16,4,6,18,2874,1468,1406,303,967,1907,7.72851610647182,8.25963317438692,7.17397851351351,7.27516501650165,7.74134953464323,7.7220085422129,130
"128",2012,5,7.77037037037037,27,8.66,7.24705882352941,7,8.28571428571429,7.59,10,17,1,7,20,2901,1478,1423,304,974,1927,7.72890564977594,8.26234201623816,7.17485157413914,7.27425986842105,7.74526180698152,7.72063844836533,131
"129",2012,6,7.35882352941177,17,7.75714285714286,7.08,6.5,7.4,7.33,7,10,2,7,10,2918,1485,1433,306,981,1937,7.72674958533242,8.2599606060606,7.17418966503838,7.26919934640523,7.74279816513762,7.71862172947857,132
"130",2012,7,7.875,16,8.78571428571429,7.16666666666667,8.5,7.4,8.09090909090909,7,9,1,5,11,2934,1492,1442,307,986,1948,7.72755804021813,8.26242727882037,7.17414271151179,7.27320846905537,7.7410598377282,7.72072396817248,133
"131",2012,8,7.53846153846154,13,7.83333333333333,7.28571428571429,6,8,7.45454545454545,6,7,1,2,11,2947,1498,1449,308,988,1959,7.72672388530709,8.26070861148197,7.17468170462388,7.26907467532468,7.74158400809717,7.71922934660541,134
"132",2012,9,7.5,15,8.5,6.83333333333333,6.5,7.42857142857143,7.5625,6,9,4,7,8,2962,1504,1458,312,995,1967,7.72557572248481,8.26166323138298,7.17257461591221,7.25921474358974,7.73938190954774,7.71859191154041,135
"133",2012,10,7.32041666666667,24,7.74444444444444,7.066,9,7.2,7.35210526315789,9,15,1,5,19,2986,1513,1473,313,1000,1986,7.72231925318152,8.25858658294778,7.17148933469111,7.26477635782748,7.736685,7.71508574521651,136
"134",2012,11,8.04333333333333,30,8.46153846153846,7.72352941176471,7.58,7.28,8.196,13,17,5,5,25,3016,1526,1490,318,1005,2011,7.72551236405836,8.26031553079947,7.17778777852349,7.26973270440252,7.73441293532338,7.72106429139731,137
"135",2012,12,7.368,25,7.9375,7.1,7.16666666666667,7.45,7.34210526315789,8,17,6,6,19,3041,1534,1507,324,1011,2030,7.72257326208484,8.25863200782268,7.1769102786994,7.26782407407407,7.73272502472799,7.71751738423645,138
"136",2013,1,7.0984375,32,7.5452380952381,6.24545454545455,5,7.75,6.916,21,11,1,7,25,3073,1555,1518,325,1018,2055,7.71607396355353,8.24899774919614,7.17016059947299,7.26084615384615,7.73284381139489,7.70776656447688,139
"137",2013,2,7.19615384615385,26,8.38888888888889,6.56470588235294,6,8.14285714285714,6.84736842105263,9,17,1,7,19,3099,1564,1535,326,1025,2074,7.71171193610842,8.24980274936061,7.16345523778502,7.25697852760736,7.73564390243902,7.6998844214079,140
"138",2013,3,8.11363636363636,22,8.29166666666667,7.9,7.66666666666667,8.9,7.88235294117647,12,10,3,5,17,3121,1576,1545,329,1030,2091,7.71454511054149,8.25012151015228,7.16822251779935,7.26071428571429,7.74129611650485,7.70136790530846,141
"139",2013,4,7.57916666666667,24,7.53636363636364,7.61538461538461,8.6,8.25,7.35555555555556,11,13,1,6,18,3145,1587,1558,330,1036,2109,7.71351201589825,8.24517422810334,7.1719536521181,7.26477272727273,7.74424227799228,7.69841644855381,142
"140",2013,5,8.02619047619048,21,8.5,7.67083333333333,7.5,7.625,8.12058823529412,9,12,4,4,17,3166,1596,1570,334,1040,2126,7.71558600442199,8.24661121553885,7.17576674522293,7.26758982035928,7.74378365384615,7.70179223424271,143
"141",2013,6,7.19444444444444,18,7.54166666666667,6.5,NA,7.5,7.07692307692308,12,6,0,5,13,3184,1608,1576,334,1045,2139,7.71263985238694,8.24135043532338,7.17319402918782,7.26758982035928,7.74261722488038,7.69799452547919,144
"142",2013,7,7.68125,16,7.875,7.4875,7,7.25,7.825,8,8,1,4,12,3200,1616,1584,335,1049,2151,7.712482903125,8.23953681930693,7.17478143308081,7.26679104477612,7.74073879885605,7.6987030636913,145
"143",2013,8,7.88684210526316,19,8.28181818181818,7.34375,7.4375,7.8875,7.88636363636364,11,8,4,8,11,3219,1627,1592,339,1057,2162,7.71351205032619,8.23982267977873,7.17563052135678,7.26880530973451,7.74184957426679,7.69965785846438,146
"144",2013,9,7.64285714285714,14,7,7.9,7.8,7.75,7.6,4,10,5,4,10,3233,1631,1602,344,1061,2172,7.71320609031859,8.23678203556101,7.18015217852684,7.2765261627907,7.74188030160226,7.69919902854512,147
"145",2013,10,7.16666666666667,24,7.82142857142857,6.25,7.5,8.66666666666667,6.95238095238095,14,10,2,3,21,3257,1645,1612,346,1064,2193,7.70917878108689,8.23324711246201,7.17438200372209,7.27781791907514,7.74448778195489,7.69204755585955,148
"146",2013,11,7.35535714285714,28,8.3125,6.9725,6.7,7.66666666666667,7.27045454545455,8,20,5,6,22,3285,1653,1632,351,1070,2215,7.70616294977169,8.23363067150635,7.17190795955882,7.26958689458689,7.74405140186916,7.68786017607223,149
"147",2013,12,7.57407407407407,27,8.03846153846154,7.14285714285714,7.25,7.66666666666667,7.5625,13,14,4,3,24,3312,1666,1646,355,1073,2239,7.70508613828503,8.23210774309724,7.17166086877278,7.2693661971831,7.74383504193849,7.68651643144261,150
"148",2014,1,7.28285714285714,35,7.22666666666667,7.325,7.21428571428571,6.5,7.55384615384615,15,20,7,9,26,3347,1681,1666,362,1082,2265,7.70067083657007,8.22313593099346,7.17350167466987,7.26830110497238,7.73348890942699,7.68499350551876,151
"149",2014,2,7.47678571428571,28,7.63,7.3,6,7.33333333333333,7.54473684210526,15,13,1,9,19,3375,1696,1679,363,1091,2284,7.69881341925926,8.21789003537736,7.17448111375819,7.26480716253444,7.73018790100825,7.6838267469352,152
"150",2014,3,7.57142857142857,14,8.375,6.5,5,8.125,7.35,8,6,1,4,10,3389,1704,1685,364,1095,2294,7.69828719091177,8.21862764084507,7.17207940059347,7.25858516483517,7.7316301369863,7.68237153007846,153
"151",2014,4,7.33636363636364,11,7.54,7.16666666666667,7,7,7.4625,5,6,1,3,8,3400,1709,1691,365,1098,2302,7.69711626176471,8.21664218841428,7.1720601951508,7.25787671232877,7.72963114754098,7.68160742397915,154
"152",2014,5,7.58473684210526,19,8.40857142857143,7.10416666666667,7.66666666666667,8.16666666666667,7.475625,7,12,3,3,16,3419,1716,1703,368,1101,2318,7.69649174904943,8.21742511655012,7.17158179095714,7.26120923913043,7.73082198001817,7.68018562985332,155
"153",2014,6,6.5625,12,8,5.53571428571429,5.25,8.16666666666667,6.02777777777778,5,7,3,3,9,3431,1721,1710,371,1104,2327,7.69252558729234,8.21679343404997,7.16488525730994,7.2449460916442,7.73200634057971,7.67379470992694,156
"154",2014,7,7.55,14,7.9625,7,NA,8.35,7.23,8,6,0,4,10,3445,1729,1716,371,1108,2337,7.69194638316401,8.21561683053788,7.16430873543124,7.2449460916442,7.73423736462094,7.67189571673085,157
"155",2014,8,7.12916666666667,24,8.15,6.4,5,8.2,6.84736842105263,10,14,3,5,19,3469,1739,1730,374,1113,2356,7.68805283655232,8.21523950546291,7.15812357803468,7.2269385026738,7.73632973944295,7.66524630305603,158
"156",2014,9,7.05769230769231,26,8.1875,6.55555555555556,6.6,6.78571428571429,7.15789473684211,8,18,5,7,19,3495,1747,1748,379,1120,2375,7.68336345922747,8.21511247853463,7.15191864416476,7.21866754617414,7.73038839285714,7.66118749052631,159
"157",2014,10,7.1,24,8.25,6.87,5.25,5.9875,7.65625,4,20,6,8,16,3519,1751,1768,385,1128,2391,7.67938485080989,8.21519217589949,7.14872951923077,7.18798701298701,7.7180274822695,7.66115445002091,160
"158",2014,11,7.41379310344828,29,8.23076923076923,6.75,7.125,7.18181818181818,7.55555555555556,13,16,4,11,18,3548,1764,1784,389,1139,2409,7.67721400507328,8.21530697278912,7.14515346973094,7.18733933161954,7.71284899034241,7.66036541718555,161
"159",2014,12,7.58529411764706,17,7.6875,7.49444444444444,7.75,7.83333333333333,7.53214285714286,8,9,1,3,14,3565,1772,1793,390,1142,2423,7.67677567741936,8.21292409706546,7.14690674288901,7.18878205128205,7.71316549912434,7.65962455220801,162
"160",2015,1,7.69047619047619,21,8.64285714285714,7.21428571428571,7.2,7.375,7.76470588235294,7,14,5,4,17,3586,1779,1807,395,1146,2440,7.67685590909091,8.21461579539067,7.14742877144438,7.18892405063291,7.71198516579407,7.66035667622951,163
"161",2015,2,7.20714285714286,14,8.68,6.38888888888889,NA,7.66666666666667,7.08181818181818,5,9,0,3,11,3600,1784,1816,395,1149,2451,7.67502924722223,8.21592012331839,7.14366948788546,7.18892405063291,7.71186684073107,7.65776021623827,164
"162",2015,3,7.8047619047619,21,8.3,7.35454545454545,9,7.75,7.81764705882353,10,11,1,4,17,3621,1794,1827,396,1153,2468,7.67578163214582,8.21638879598662,7.14493912972085,7.19349747474747,7.71199913269731,7.65886154376013,165
"163",2015,4,7.46470588235294,17,8.3,6.88,6.16666666666667,7.5,7.46,7,10,3,2,15,3638,1801,1837,399,1155,2483,7.67479529686641,8.21671377012771,7.1434968916712,7.18577694235589,7.71163203463203,7.6576602053967,166
"164",2015,5,6.90105263157895,19,9,6.34133333333333,7.37333333333333,7.4,6.72285714285714,4,15,3,5,14,3657,1805,1852,402,1160,2497,7.67077530489473,8.21844958448754,7.13699988660907,7.18717661691542,7.71028879310345,7.65241901882259,167
"165",2015,6,8.00571428571429,14,8.85714285714286,7.15428571428571,9,9.5,7.75666666666667,7,7,1,2,12,3671,1812,1859,403,1162,2509,7.67205265322801,8.22091694260486,7.13706497579344,7.19167493796526,7.71336919104991,7.65291761259466,168
"166",2015,7,7.45833333333333,12,8.07142857142857,6.6,6,7.5,7.45,7,5,1,2,10,3683,1819,1864,404,1164,2519,7.67135631007331,8.22034167124794,7.13562435085837,7.18872524752475,7.71300257731959,7.65211206431124,169
"167",2015,8,7.14705882352941,17,7.6875,6.66666666666667,4,7,7.17857142857143,8,9,1,3,14,3700,1827,1873,405,1167,2533,7.66894737567568,8.21800848385332,7.13337095034704,7.18085185185185,7.71116966580977,7.64949478484011,170
"168",2015,9,7.28333333333333,15,8.12,6.865,6,8.33333333333333,7.02083333333333,5,10,3,3,12,3715,1832,1883,408,1170,2545,7.66739038761777,8.21774099344979,7.13194571959639,7.17216911764706,7.71276495726496,7.64653056581532,171
"169",2015,10,7.70526315789474,19,8.1,7.35,8,7.33333333333333,7.775,9,10,1,3,16,3734,1841,1893,409,1173,2561,7.66758309855383,8.21716539923955,7.1330976175383,7.17419315403423,7.71179454390452,7.64733318625537,172
"170",2015,11,7.76190476190476,21,8.36363636363636,7.1,7.5,7.5,7.82352941176471,11,10,2,4,17,3755,1852,1903,411,1177,2578,7.66811059653795,8.21803536717063,7.13292369416711,7.17577858880779,7.71107476635514,7.64849506982157,173
"171",2015,12,7.87,20,8.12727272727273,7.55555555555556,7.5,8.25,7.70714285714286,11,9,2,6,14,3775,1863,1912,413,1183,2592,7.66918020927153,8.21749946323135,7.13491307008368,7.17734866828087,7.71380811496196,7.64881184027778,174
"172",2016,1,7.25909090909091,22,8.43333333333333,6.44615384615385,5.25,6.26,7.55294117647059,9,13,4,5,17,3797,1872,1925,417,1188,2609,7.66680413220964,8.21853712606838,7.13026170909091,7.15886091127098,7.70768939393939,7.64818715599847,175
"173",2016,2,7.99285714285714,21,8.49545454545455,7.44,8.5,7.55,8.13125,11,10,2,5,16,3818,1883,1935,419,1193,2625,7.66859750916711,8.22015480616039,7.13186242377261,7.16526252983294,7.70702849958089,7.65113153904762,176
"174",2016,3,7.85416666666667,24,8.54545454545454,7.26923076923077,6.625,7.1,8.05263157894737,11,13,4,5,19,3842,1894,1948,423,1198,2644,7.66975671264967,8.22204408658923,7.13277915297741,7.1601536643026,7.70449499165275,7.65401675113465,177
"175",2016,4,7.8,25,8.07142857142857,7.45454545454545,8.5,8.68888888888889,7.3,14,11,4,9,16,3867,1908,1959,427,1207,2660,7.67059873028188,8.2209389412998,7.13458590607453,7.17270491803279,7.71183512841756,7.65188732706767,178
"176",2016,5,7.85,10,8.7,7,6,6,8.05555555555556,5,5,1,1,9,3877,1913,1964,428,1208,2669,7.67106146247099,8.22219106116049,7.13424327393075,7.16996495327103,7.71041804635762,7.65324851629824,179
"177",2016,6,7.95238095238095,21,8.20454545454546,7.675,7.75,7.9375,7.95588235294118,11,10,1,4,17,3898,1924,1974,429,1212,2686,7.67257703694203,8.22209017671518,7.13698266970618,7.17131701631702,7.71116749174917,7.65516392032763,180
"178",2016,7,6.66,15,7.1,6,6.5,6,6.70714285714286,9,6,2,1,14,3913,1933,1980,431,1213,2700,7.66869544850499,8.21686575271599,7.13353726767677,7.16820185614849,7.70975680131904,7.65024825555556,181
"179",2016,8,7.16153846153846,13,6.375,7.51111111111111,8.5,6.5,7.21666666666667,4,9,1,1,12,3926,1937,1989,432,1214,2712,7.66701612073358,8.21306220960248,7.13524574660634,7.17128472222222,7.70876029654036,7.64832975294985,182
"180",2016,9,7.44038461538462,26,7.84615384615385,7.03461538461538,8,8,7.39375,13,13,1,2,24,3952,1950,2002,433,1216,2736,7.66552512398786,8.21061615384616,7.1345923026973,7.17319861431871,7.70923930921053,7.64609659722222,183
"181",2016,10,7.55,12,8.03333333333333,7.38888888888889,7.75,8.75,7.31,3,9,2,2,10,3964,1953,2011,435,1218,2746,7.66517540110999,8.21034383000513,7.13573037792143,7.17585057471264,7.71094827586207,7.64487264748726,184
"182",2016,11,7.54736842105263,19,8.26666666666667,6.9,7.5,8,7.49411764705882,9,10,3,2,17,3983,1962,2021,438,1220,2763,7.6646134295757,8.21060219164119,7.13456397328055,7.17807077625571,7.71142213114754,7.64394509229099,185
"183",2016,12,7.33333333333333,21,8.0625,6.88461538461539,6.66666666666667,8.3,7.03125,8,13,3,5,16,4004,1970,2034,441,1225,2779,7.66287594655345,8.21000076142133,7.13296646509341,7.17459183673469,7.71382448979592,7.6404175206909,186
"184",2017,1,7.5,21,7.75,7.4,6.5,7.33333333333333,7.52777777777778,6,15,2,3,18,4025,1976,2049,443,1228,2797,7.66202615900622,8.20860399797571,7.13492132259639,7.17154627539503,7.71289495114006,7.63969263139078,187
"185",2017,2,6.74,20,7.61428571428571,6.26923076923077,6,7,6.72631578947368,7,13,1,1,19,4045,1983,2062,444,1229,2816,7.65746731520396,8.20650605143722,7.1294635257032,7.16890765765766,7.7123148901546,7.63352993252841,188
"186",2017,3,7.75,22,8.1625,7.51428571428571,8,7.76666666666667,7.74736842105263,8,14,3,3,19,4067,1991,2076,447,1232,2835,7.65796786083108,8.20632923154194,7.13205866570328,7.17448545861297,7.71244724025974,7.63429287125221,189
"187",2017,4,7.46666666666667,15,8,6.85714285714286,7,7.5,7.45454545454545,8,7,1,4,11,4082,1999,2083,448,1236,2846,7.6572648922097,8.20550350175088,7.13113480076812,7.17409598214286,7.71175970873786,7.63359813422347,190
"188",2017,5,7.5,21,7.22222222222222,7.70833333333333,6.5,6,7.75,9,12,2,3,18,4103,2008,2095,450,1239,2864,7.65645997806483,8.20109636454183,7.13444094988067,7.1711,7.70761501210654,7.63432971019553,191
"189",2017,6,7.351,10,8.16666666666667,7.00142857142857,NA,8.5,7.22333333333333,3,7,0,1,9,4113,2011,2102,450,1240,2873,7.65571730853392,8.20104500248633,7.13399799714558,7.1711,7.70825403225806,7.63304221719457,192
"190",2017,7,7.22380952380952,21,8,6.83571428571429,6.825,7.76666666666667,7.13333333333333,7,14,4,3,18,4134,2018,2116,454,1243,2891,7.65352329221094,8.20034762140734,7.13202447542533,7.16805066079295,7.70839501206758,7.62993092009685,193
"191",2017,8,7.53076923076923,26,7.55555555555556,7.51764705882353,8,7.5,7.53636363636364,9,17,3,4,22,4160,2027,2133,457,1247,2913,7.65275607932693,8.19748470646276,7.13509788560713,7.17351203501094,7.70772654370489,7.62922426707861,194
"192",2017,9,7.66,10,7.74,7.58,7.95,NA,7.66,5,5,2,0,10,4170,2032,2138,459,1247,2923,7.65277345083933,8.19635900590552,7.13613834892423,7.1768954248366,7.70772654370489,7.62932955525145,195
"193",2017,10,7.75882352941176,17,9,6.89,5,10,7.61875,7,10,1,1,16,4187,2039,2148,460,1248,2939,7.6532040339145,8.19911794997548,7.13499245344507,7.17216304347826,7.70956330128205,7.62927195985029,196
"194",2017,11,7.11366666666667,18,7.7,6.8205,7.5,8,7.002875,6,12,3,2,16,4205,2045,2160,463,1250,2955,7.6508944803805,8.19765354523228,7.13324527314815,7.17428725701944,7.710028,7.62588030118443,197
"195",2017,12,7.29230769230769,13,7.96666666666667,6.71428571428571,7,6,7.4,6,7,1,1,12,4218,2051,2167,464,1251,2967,7.64978930535799,8.19697781569966,7.13189191970466,7.17391163793103,7.70866107114308,7.62496673070442,198
"196",2018,1,7.3952380952381,21,7.8125,7.13846153846154,6.83333333333333,7.375,7.4,8,13,3,4,17,4239,2059,2180,467,1255,2984,7.64852825902336,8.19548397280233,7.13193109633028,7.17172376873662,7.70759760956175,7.62368508378016,199
"197",2018,2,7.6475,20,8.16111111111111,7.22727272727273,7,8,7.559375,9,11,1,4,16,4259,2068,2191,468,1259,3000,7.64852343038272,8.19533438104449,7.13240976266545,7.17135683760684,7.70852660841938,7.62334209666667,200
"198",2018,3,7.37944444444444,18,7.683,7,7.4,5.9,7.564375,10,8,2,2,16,4277,2078,2199,470,1261,3016,7.64739099602525,8.19286886429259,7.13192805366076,7.17232978723404,7.70565820777161,7.62302927387268,201
"199",2018,4,7.63947368421053,19,8.60555555555556,6.77,NA,6.75,7.74411764705882,9,10,0,2,17,4296,2087,2209,470,1263,3033,7.64735597998138,8.19464853857212,7.13028962879131,7.17232978723404,7.70414489311164,7.62370797560172,202
"200",2018,5,7.925,18,8.98,7.51923076923077,8.875,7.05,8.26153846153846,5,13,2,5,13,4314,2092,2222,472,1268,3046,7.6485144390357,8.19652557361377,7.1325651620162,7.17954449152542,7.70156545741325,7.6264301674327,203
"201",2018,6,7.165,14,8.262,6.55555555555556,NA,8.905,6.875,5,9,0,2,12,4328,2097,2231,472,1270,3058,7.64695039048059,8.1966816881259,7.13023746750336,7.17954449152542,7.70346062992126,7.62348145519948,204
"202",2018,7,6.93833333333333,12,7.315,6.75,NA,7.375,6.72,4,8,0,4,8,4340,2101,2239,472,1274,3066,7.64499108064516,8.19500309376488,7.12887887003126,7.17954449152542,7.70242935635792,7.62112403457273,205
"203",2018,8,7.21428571428571,14,8.0625,6.08333333333333,6,8,7.15384615384615,8,6,3,1,13,4354,2109,2245,475,1275,3079,7.64360617593018,8.19450047415837,7.1260845389755,7.17209473684211,7.70266274509804,7.61915111724586,206
"204",2018,9,7.82626315789474,19,8.31414285714286,7.54166666666667,8,8.5,7.747,7,12,2,2,17,4373,2116,2257,477,1277,3096,7.64439979190487,8.19489626654065,7.12829410279132,7.17556603773585,7.70391151135474,7.61985312984496,207
"205",2018,10,7.90055555555556,18,8.741,6.85,8,8.5,7.78066666666667,10,8,1,3,15,4391,2126,2265,478,1280,3111,7.64544984969255,8.19746495766699,7.12731116556291,7.17729079497908,7.70577734375,7.62062850851816,208
"206",2018,11,6.90384615384615,13,8.35,6,6,6.75,6.97222222222222,5,8,3,4,9,4404,2131,2273,481,1284,3120,7.64326073796549,8.19782285312061,7.12334350637923,7.16994802494803,7.70279984423676,7.61875810576923,209
"207",2018,12,7.33571428571429,21,7.85714285714286,7.075,9,7.5625,7.28235294117647,7,14,1,4,17,4425,2138,2287,482,1288,3137,7.64180119548023,8.19670743685688,7.12304756886751,7.17374481327801,7.70236413043478,7.6169350621613,210
"208",2019,1,7.4875,20,8.36,6.615,6.75,7.68333333333333,7.40357142857143,10,10,4,6,14,4445,2148,2297,486,1294,3151,7.64110692688414,8.1974676443203,7.12083578145407,7.17025720164609,7.70227588871715,7.61598708029197,211
"209",2019,2,7.29411764705882,17,8.41666666666667,6.68181818181818,6,6.25,8.22222222222222,6,11,3,8,9,4462,2154,2308,489,1302,3160,7.6397849148364,8.19807822655525,7.11874340987868,7.16307770961145,7.69335253456221,7.61771369936709,212
"210",2019,3,6.35714285714286,7,7.75,5.8,6,6.75,6.2,2,5,2,2,5,4469,2156,2313,491,1304,3165,7.63777585365854,8.19766256957329,7.11589268914829,7.15834012219959,7.69190567484662,7.61547402527646,213
"211",2019,4,7.19565217391304,23,7.75,6.9,7.6,6.375,7.36842105263158,8,15,5,4,19,4492,2164,2328,496,1308,3184,7.63551208593055,8.19600762476895,7.11450162800687,7.16279233870968,7.68787844036697,7.61399977701005,214
"212",2019,5,6.88157894736842,19,8.25,6.25,9,6.1,7.16071428571429,6,13,1,5,14,4511,2170,2341,497,1313,3198,7.6323365750388,8.1961569124424,7.10970089278086,7.16648893360161,7.68183168316831,7.61201541275797,215
"213",2019,6,7.35294117647059,17,8.1,7.04166666666667,6.5,7.24,7.4,5,12,2,5,12,4528,2175,2353,499,1318,3210,7.63128760821555,8.19593586206897,7.10935392690183,7.16381763527054,7.68015553869499,7.6112228317757,216
"214",2019,7,7.69466666666667,21,8.17771428571429,6.72857142857143,NA,6.75714285714286,8.16342857142857,14,7,0,7,14,4549,2189,2360,499,1325,3224,7.63158019125083,8.19581932389219,7.10822448728813,7.16381763527054,7.67527924528302,7.61362074751861,217
"215",2019,8,7.5,17,7.55555555555556,7.4375,7.5,6.8,7.79166666666667,9,8,1,5,12,4566,2198,2368,500,1330,3236,7.6310902956636,8.19319767970883,7.10933690456081,7.16449,7.67198872180451,7.61428099196539,218
"216",2019,9,7.33913043478261,23,8.14166666666667,6.46363636363636,7.66666666666667,7.5,7.32380952380952,12,11,3,2,21,4589,2210,2379,503,1332,3257,7.62962699716714,8.19291787330317,7.1063513198823,7.16748508946322,7.67173048048048,7.61240813325146,219
"217",2019,10,7.295,20,8.66666666666667,6.70714285714286,8.7,7.6,7.19333333333333,6,14,2,5,15,4609,2216,2393,505,1337,3272,7.62817493816446,8.1942005866426,7.10401579189302,7.17355445544555,7.6714622288706,7.61048694682152,220
"218",2019,11,7.98095238095238,21,8.65555555555556,7.475,6.83333333333333,8.28333333333333,7.86,9,12,3,6,15,4630,2225,2405,508,1343,3287,7.62977500863931,8.19606674157304,7.10586685654885,7.17154527559055,7.67419583023082,7.61162558259811,221
"219",2019,12,7.07575757575758,33,7.84615384615385,6.575,NA,6.75,7.14814814814815,13,20,0,6,27,4663,2238,2425,508,1349,3314,7.62585423332619,8.19403418230563,7.10148857319587,7.17154527559055,7.6700852483321,7.60784951418226,222
"220",2020,1,7.37487179487179,39,8.2675,5.94666666666667,5.33333333333333,7.72222222222222,7.27066666666667,24,15,3,9,30,4702,2262,2440,511,1358,3344,7.62377249893663,8.19481366047746,7.09438925819672,7.16075342465754,7.67043078055965,7.60482454844498,223
"221",2020,2,7.504,50,8.125,6.93076923076923,6.7,7.5,7.50571428571429,24,26,5,15,35,4752,2286,2466,516,1373,3379,7.62251226641415,8.19408070866142,7.09266414841849,7.15628875968992,7.66856882738529,7.60379795501628,224
"222",2020,3,8.03967741935484,31,8.32916666666667,7.85684210526316,7.61142857142857,7.08333333333333,8.2692,12,19,7,6,25,4783,2298,2485,523,1379,3404,7.62521603386996,8.1947861183638,7.09850695774648,7.16238049713193,7.66602248005801,7.60868486780259,225
"223",2020,4,7.7,10,8.4,7,6.66666666666667,9.5,7.5,5,5,3,1,9,4793,2303,2490,526,1380,3413,7.62537206133946,8.19523165436388,7.09830915261044,7.15955323193916,7.66735144927536,7.60839826838559,226
"224",2020,5,7.84666666666667,30,8.53571428571429,7.24375,7.64,7,7.94074074074074,14,16,5,3,27,4823,2317,2506,531,1383,3440,7.62674855691479,8.19728895123004,7.09923774541101,7.16407721280603,7.66590383224873,7.61100677034884,227
"225",2020,6,7.56923076923077,26,8.7,6.8625,6.6,7.25,7.59583333333333,10,16,3,2,24,4849,2327,2522,534,1385,3464,7.62644015054651,8.19944929093254,7.09773584060269,7.16090823970038,7.66530324909747,7.6109016426097,228
"226",2020,7,7.7448275862069,29,8.20625,7.17692307692308,6.43333333333333,6.725,8.13333333333333,16,13,3,8,21,4878,2343,2535,537,1393,3485,7.62714397088971,8.19949573196757,7.09814192899408,7.156843575419,7.65990308686288,7.61404972453372,229
"227",2020,8,8.11538461538461,26,8.42307692307692,7.80769230769231,6.33333333333333,8,8.14285714285714,13,13,3,5,21,4904,2356,2548,540,1398,3506,7.62973252243067,8.20072941426147,7.10176208398744,7.15226851851852,7.66111945636624,7.61721713918996,230
"228",2020,9,7.59285714285714,28,7.76666666666667,7.4625,7,7.6,7.59166666666667,12,16,2,4,24,4932,2368,2564,542,1402,3530,7.62952317315491,8.19852977195946,7.10401317862714,7.15170664206642,7.66094507845934,7.61704342492918,231
"229",2020,10,7.95,32,8.45625,7.44375,6.25,8.825,7.825,16,16,2,4,28,4964,2384,2580,544,1406,3558,7.63158909951652,8.20025943791947,7.10612007364341,7.14839154411765,7.66425675675675,7.61867995784148,232
"230",2020,11,7.37,25,7.71153846153846,7,NA,7.65,7.35833333333333,13,12,0,1,24,4989,2397,2592,544,1407,3582,7.63027827019443,8.19760888610764,7.10562877700617,7.14839154411765,7.66424662402274,7.61693559184813,233
"231",2020,12,7.93214285714286,28,8.22,7.6,7.3,6.96,8.14347826086957,15,13,5,5,23,5017,2412,2605,549,1412,3605,7.6319629838549,8.19774813432836,7.10809588867562,7.14977231329691,7.66175283286119,7.62029494868239,234
"232",2021,1,7.19,30,7.62142857142857,6.8125,6.83333333333333,7.1,7.19642857142857,14,16,6,2,28,5047,2426,2621,555,1414,3633,7.62933590053497,8.19442230008245,7.10629141167493,7.14635135135135,7.66095827439887,7.61702815579411,235
"233",2021,2,7.13888888888889,18,7.3,6.9375,NA,6.57142857142857,7.5,10,8,0,7,11,5065,2436,2629,555,1421,3644,7.6275929496545,8.19075061576355,7.10577778242678,7.14635135135135,7.65559113300492,7.61667488748628,236
"234",2021,3,7.53333333333333,15,7.91666666666667,7.27777777777778,8,10,7.35714285714286,6,9,1,1,14,5080,2442,2638,556,1422,3658,7.62731462401575,8.1900771908272,7.10636459059894,7.14788669064748,7.65723980309423,7.61568159923455,237
"235",2021,4,7.32857142857143,21,8.39,6.36363636363636,7,7,7.36315789473684,10,11,3,2,19,5101,2452,2649,559,1424,3677,7.62608474612821,8.19089253670474,7.10328040392601,7.14709302325582,7.65631671348314,7.61437674462877,238
"236",2021,5,7.16666666666667,24,8.16666666666667,6.56666666666667,NA,7,7.18181818181818,9,15,0,2,22,5125,2461,2664,559,1426,3699,7.62393332487805,8.19080394148721,7.10025893018018,7.14709302325582,7.65539621318373,7.61180407948094,239
"237",2021,6,6.85263157894737,19,8.83333333333333,6.48125,6.83333333333333,5.33333333333333,7.1375,3,16,3,3,16,5144,2464,2680,562,1429,3715,7.62108442651633,8.19158624188312,7.09656335447761,7.14541814946619,7.65052134359692,7.60976131628533,240
"238",2021,7,6.99705882352941,17,8.5,5.66111111111111,6.5,7.66666666666667,6.85357142857143,8,9,2,3,14,5161,2472,2689,564,1432,3729,7.61902892656462,8.1925843446602,7.09175894012644,7.14312943262412,7.65055516759776,7.60692230893001,241
"239",2021,8,7.2452380952381,21,8.23214285714286,5.27142857142857,6,5.5,7.42894736842105,14,7,2,2,19,5182,2486,2696,566,1434,3748,7.61751414318796,8.19280711987129,7.08703256305638,7.13909010600707,7.64755578800558,7.60602008804696,242
"240",2021,9,7.30384615384615,26,8.05555555555556,6.90588235294118,6.75,NA,7.30384615384615,9,17,4,0,26,5208,2495,2713,570,1434,3774,7.61594821236559,8.1923120240481,7.08589745300405,7.13635964912281,7.64755578800558,7.60393833863275,243
"241",2021,10,7.26958333333333,24,8.03615384615385,6.36363636363636,6.5,5.25,7.6735,13,11,2,4,20,5232,2508,2724,572,1438,3794,7.61435938264526,8.19150259170655,7.08298083333333,7.13413461538462,7.64088664812239,7.60430503162889,244
"242",2021,11,7.93636363636364,22,8.52727272727273,7.34545454545455,NA,6.33333333333333,8.18947368421053,11,11,0,3,19,5254,2519,2735,572,1441,3813,7.61570770650933,8.19296883684002,7.08403648628885,7.13413461538462,7.63816446911866,7.60722089955416,245
"243",2021,12,7.696,25,8.1,7.32307692307692,7,8,7.62,12,13,1,5,20,5279,2531,2748,573,1446,3833,7.61608795036939,8.19252805215331,7.08516731804949,7.13390052356021,7.63941562932227,7.60728757891991,246
"244",2022,1,7.6002897826087,46,7.98753608695652,7.21304347826087,7,7.625,7.59658325,23,23,3,6,40,5325,2554,2771,576,1452,3873,7.61595147793428,8.19068200078309,7.08622872248286,7.133203125,7.63935606060606,7.60717702556158,247
"245",2022,2,7.46666666666667,33,8.4,6.93333333333333,8,8.06,7.36071428571429,12,21,1,5,28,5358,2566,2792,577,1457,3901,7.61503203060844,8.19166088464537,7.0850787213467,7.13470537261699,7.64079958819492,7.60540800307614,248
"246",2022,3,7.54,30,8.23076923076923,7.01176470588235,6.33333333333333,7.25,7.58461538461538,13,17,3,4,26,5388,2579,2809,580,1461,3927,7.61461425760951,8.19185801861187,7.08463502669989,7.13056034482759,7.63972963723477,7.60527033868093,249
"247",2022,4,7.4285,28,7.94166666666667,7.043625,8,7.47125,7.4114,12,16,1,8,20,5416,2591,2825,581,1469,3947,7.61365207163959,8.19069927827094,7.08440275752212,7.13205679862307,7.63881211708645,7.60428797061059,250
"248",2022,5,6.58518518518519,27,7.25,6.30526315789474,6.5,8,6.53076923076923,8,19,2,1,26,5443,2599,2844,583,1470,3973,7.60855036193276,8.18780370527126,7.07919753516174,7.1298885077187,7.63905782312925,7.59726267807702,251
"249",2022,6,7.97777777777778,18,8.57142857142857,7.6,NA,10,7.85882352941176,7,11,0,1,17,5461,2606,2855,583,1471,3990,7.60976737227614,8.18883416346892,7.0812041295972,7.1298885077187,7.64066281441196,7.59837709774436,252
"250",2022,7,6.86142857142857,21,8.37777777777778,5.72416666666667,6,7.475,6.71705882352941,9,12,2,4,17,5482,2615,2867,585,1475,4007,7.60690069682598,8.18948444741874,7.07552416811999,7.12602564102564,7.64021355932203,7.59463803843274,253
"251",2022,8,7.83814814814815,27,8.345625,7.1,6.03,8.49,7.69,16,11,5,5,22,5509,2631,2878,590,1480,4029,7.60803405699764,8.190433990878,7.0756177171647,7.1167372881356,7.64308445945946,7.59515875403326,254
