"","year","month","avg_rating","no_ratings","avg_rating_owned","avg_rating_not_owned","avg_rating_prev_owned","avg_rating_comment","avg_rating_no_comment","no_ratings_owned","no_ratings_not_owned","no_ratings_prev_owned","no_ratings_comment","no_ratings_no_comment","cum_no_ratings","cum_no_ratings_owned","cum_no_ratings_not_owned","cum_no_ratings_prev_owned","cum_no_ratings_comment","cum_no_ratings_no_comment","cum_avg_rating","cum_avg_rating_owned","cum_avg_rating_not_owned","cum_avg_rating_prev_owned","cum_avg_rating_comment","cum_avg_rating_no_comment","month_after_release"
"1",2001,8,6,1,6,NA,NA,NA,6,1,0,0,0,1,1,1,0,0,0,1,6,6,NA,NA,NA,6,0
"2",2001,9,5.5,2,5.5,NA,NA,NA,5.5,2,0,0,0,2,3,3,0,0,0,3,5.66666666666667,5.66666666666667,NA,NA,NA,5.66666666666667,1
"3",2001,11,7,1,NA,7,7,NA,7,0,1,1,0,1,4,3,1,1,0,4,6,5.66666666666667,7,7,NA,6,3
"4",2002,2,10,1,10,NA,NA,NA,10,1,0,0,0,1,5,4,1,1,0,5,6.8,6.75,7,7,NA,6.8,6
"5",2002,5,7.5,2,8,7,NA,NA,7.5,1,1,0,0,2,7,5,2,1,0,7,7,7,7,7,NA,7,9
"6",2002,6,6,1,6,NA,NA,NA,6,1,0,0,0,1,8,6,2,1,0,8,6.875,6.83333333333333,7,7,NA,6.875,10
"7",2002,7,7,1,7,NA,NA,NA,7,1,0,0,0,1,9,7,2,1,0,9,6.88888888888889,6.85714285714286,7,7,NA,6.88888888888889,11
"8",2002,8,6,4,6.66666666666667,4,NA,NA,6,3,1,0,0,4,13,10,3,1,0,13,6.61538461538461,6.8,6,7,NA,6.61538461538461,12
"9",2002,9,7.5,2,10,5,NA,7.5,NA,1,1,0,2,0,15,11,4,1,2,13,6.73333333333333,7.09090909090909,5.75,7,7.5,6.61538461538461,13
"10",2002,10,7,3,7.5,6,NA,7.5,6,2,1,0,2,1,18,13,5,1,4,14,6.77777777777778,7.15384615384615,5.8,7,7.5,6.57142857142857,14
"11",2002,11,6,1,6,NA,NA,NA,6,1,0,0,0,1,19,14,5,1,4,15,6.73684210526316,7.07142857142857,5.8,7,7.5,6.53333333333333,15
"12",2002,12,5.25,4,5,6,6,4.5,6,3,1,1,2,2,23,17,6,2,6,17,6.47826086956522,6.70588235294118,5.83333333333333,6.5,6.5,6.47058823529412,16
"13",2003,1,8,2,8,NA,NA,10,6,2,0,0,1,1,25,19,6,2,7,18,6.6,6.84210526315789,5.83333333333333,6.5,7,6.44444444444444,17
"14",2003,3,2,1,NA,2,NA,NA,2,0,1,0,0,1,26,19,7,2,7,19,6.42307692307692,6.84210526315789,5.28571428571429,6.5,7,6.21052631578947,19
"15",2003,4,7.5,2,6,9,NA,7.5,NA,1,1,0,2,0,28,20,8,2,9,19,6.5,6.8,5.75,6.5,7.11111111111111,6.21052631578947,20
"16",2003,5,7.2,5,7,8,8,8.33333333333333,5.5,4,1,1,3,2,33,24,9,3,12,21,6.60606060606061,6.83333333333333,6,7,7.41666666666667,6.14285714285714,21
"17",2003,6,8,1,8,NA,NA,8,NA,1,0,0,1,0,34,25,9,3,13,21,6.64705882352941,6.88,6,7,7.46153846153846,6.14285714285714,22
"18",2003,7,6.3,10,6.33333333333333,6.25,NA,6.33333333333333,6.25,6,4,0,6,4,44,31,13,3,19,25,6.56818181818182,6.7741935483871,6.07692307692308,7,7.10526315789474,6.16,23
"19",2003,8,6.88888888888889,9,7.28571428571429,5.5,NA,7.66666666666667,6.5,7,2,0,3,6,53,38,15,3,22,31,6.62264150943396,6.86842105263158,6,7,7.18181818181818,6.2258064516129,24
"20",2003,9,7.5,2,7.5,NA,NA,NA,7.5,2,0,0,0,2,55,40,15,3,22,33,6.65454545454545,6.9,6,7,7.18181818181818,6.3030303030303,25
"21",2003,10,8.66666666666667,3,8.5,9,NA,9,8.5,2,1,0,1,2,58,42,16,3,23,35,6.75862068965517,6.97619047619048,6.1875,7,7.26086956521739,6.42857142857143,26
"22",2003,11,8.325,4,8,9.3,NA,9.15,7.5,3,1,0,2,2,62,45,17,3,25,37,6.85967741935484,7.04444444444444,6.37058823529412,7,7.412,6.48648648648649,27
"23",2003,12,7.33333333333333,3,8,6,NA,7,7.5,2,1,0,1,2,65,47,18,3,26,39,6.88153846153846,7.08510638297872,6.35,7,7.39615384615385,6.53846153846154,28
"24",2004,1,6.75,4,6,7.5,7,7.5,6,2,2,1,2,2,69,49,20,4,28,41,6.87391304347826,7.04081632653061,6.465,7,7.40357142857143,6.51219512195122,29
"25",2004,2,6.75,8,6.58333333333333,7.25,7,8.5,6.16666666666667,6,2,1,2,6,77,55,22,5,30,47,6.86103896103896,6.99090909090909,6.53636363636364,7,7.47666666666667,6.46808510638298,30
"26",2004,3,6.5,5,7.375,3,NA,3,7.375,4,1,0,1,4,82,59,23,5,31,51,6.8390243902439,7.01694915254237,6.38260869565217,7,7.33225806451613,6.53921568627451,31
"27",2004,4,6.42857142857143,7,6.42857142857143,NA,NA,7.33333333333333,5.75,7,0,0,3,4,89,66,23,5,34,55,6.80674157303371,6.95454545454545,6.38260869565217,7,7.33235294117647,6.48181818181818,32
"28",2004,5,7,4,7.5,6.5,6.5,7.66666666666667,5,2,2,2,3,1,93,68,25,7,37,56,6.81505376344086,6.97058823529412,6.392,6.85714285714286,7.35945945945946,6.45535714285714,33
"29",2004,6,7,4,8.66666666666667,2,NA,5.5,8.5,3,1,0,2,2,97,71,26,7,39,58,6.82268041237113,7.04225352112676,6.22307692307692,6.85714285714286,7.26410256410256,6.52586206896552,34
"30",2004,8,6.125,4,6.125,NA,NA,4,6.83333333333333,4,0,0,1,3,101,75,26,7,40,61,6.79504950495049,6.99333333333333,6.22307692307692,6.85714285714286,7.1825,6.54098360655738,36
"31",2004,9,7.3,10,7.75,5.5,NA,8.33333333333333,5.75,8,2,0,6,4,111,83,28,7,46,65,6.84054054054054,7.06626506024096,6.17142857142857,6.85714285714286,7.33260869565217,6.49230769230769,37
"32",2004,10,6.3625,8,6.48333333333333,6,6,6.475,6.25,6,2,1,4,4,119,89,30,8,50,69,6.80840336134454,7.02696629213483,6.16,6.75,7.264,6.47826086956522,38
"33",2004,11,8,4,8,NA,NA,10,7.33333333333333,4,0,0,1,3,123,93,30,8,51,72,6.84715447154472,7.06881720430107,6.16,6.75,7.31764705882353,6.51388888888889,39
"34",2004,12,8,1,8,NA,NA,NA,8,1,0,0,0,1,124,94,30,8,51,73,6.85645161290322,7.07872340425532,6.16,6.75,7.31764705882353,6.53424657534247,40
"35",2005,1,7.4375,8,8.07142857142857,3,3,6.33333333333333,8.1,7,1,1,3,5,132,101,31,9,54,78,6.89166666666667,7.14752475247525,6.05806451612903,6.33333333333333,7.26296296296296,6.63461538461539,41
"36",2005,2,6.83333333333333,12,7.125,6.25,NA,7.28571428571429,6.2,8,4,0,7,5,144,109,35,9,61,83,6.88680555555555,7.14587155963303,6.08,6.33333333333333,7.2655737704918,6.60843373493976,42
"37",2005,3,6,6,6.2,5,NA,5.8,7,5,1,0,5,1,150,114,36,9,66,84,6.85133333333333,7.10438596491228,6.05,6.33333333333333,7.15454545454545,6.61309523809524,43
"38",2005,4,7.6,10,7.55555555555556,8,8,7.83333333333333,7.25,9,1,1,6,4,160,123,37,10,72,88,6.898125,7.13739837398374,6.1027027027027,6.5,7.21111111111111,6.64204545454545,44
"39",2005,5,6.66666666666667,6,7.1,4.5,NA,6.83333333333333,6.5,5,1,0,3,3,166,128,38,10,75,91,6.88975903614458,7.1359375,6.06052631578947,6.5,7.196,6.63736263736264,45
"40",2005,6,7.42857142857143,7,7.42857142857143,NA,NA,7.5,7.4,7,0,0,2,5,173,135,38,10,77,96,6.91156069364162,7.15111111111111,6.06052631578947,6.5,7.2038961038961,6.67708333333333,46
"41",2005,7,6.66666666666667,6,7,6,NA,7.25,5.5,4,2,0,4,2,179,139,40,10,81,98,6.90335195530726,7.14676258992806,6.0575,6.5,7.20617283950617,6.6530612244898,47
"42",2005,8,6.71428571428571,7,6.71428571428571,NA,NA,6.4,7.5,7,0,0,5,2,186,146,40,10,86,100,6.89623655913978,7.12602739726028,6.0575,6.5,7.1593023255814,6.67,48
"43",2005,9,6.27777777777778,9,7.375,5.4,7,6.9,5.5,4,5,1,5,4,195,150,45,11,91,104,6.86769230769231,7.13266666666667,5.98444444444444,6.54545454545455,7.14505494505495,6.625,49
"44",2005,10,6.625,4,6.16666666666667,8,NA,7,6.5,3,1,0,1,3,199,153,46,11,92,107,6.86281407035176,7.11372549019608,6.02826086956522,6.54545454545455,7.14347826086957,6.6214953271028,50
"45",2005,11,6.83333333333333,3,6.83333333333333,NA,NA,NA,6.83333333333333,3,0,0,0,3,202,156,46,11,92,110,6.86237623762376,7.10833333333333,6.02826086956522,6.54545454545455,7.14347826086957,6.62727272727273,51
"46",2005,12,7.5,4,7.33333333333333,8,NA,10,6.66666666666667,3,1,0,1,3,206,159,47,11,93,113,6.8747572815534,7.1125786163522,6.07021276595745,6.54545454545455,7.1741935483871,6.6283185840708,52
"47",2006,1,7.4,10,8.21428571428571,5.5,NA,7.33333333333333,8,7,3,0,9,1,216,166,50,11,102,114,6.89907407407407,7.15903614457831,6.036,6.54545454545455,7.18823529411765,6.64035087719298,53
"48",2006,2,7,9,7.125,6,NA,6.8,7.25,8,1,0,5,4,225,174,51,11,107,118,6.90311111111111,7.15747126436782,6.03529411764706,6.54545454545455,7.17009345794393,6.66101694915254,54
"49",2006,3,6.75,2,7,6.5,NA,6.5,7,1,1,0,1,1,227,175,52,11,108,119,6.90176211453744,7.15657142857143,6.04423076923077,6.54545454545455,7.16388888888889,6.66386554621849,55
"50",2006,4,7,4,7.66666666666667,5,5,5,7.66666666666667,3,1,1,1,3,231,178,53,12,109,122,6.9034632034632,7.16516853932584,6.02452830188679,6.41666666666667,7.14403669724771,6.68852459016393,56
"51",2006,5,7.33333333333333,3,8,6,NA,8,6,2,1,0,2,1,234,180,54,12,111,123,6.90897435897436,7.17444444444445,6.02407407407407,6.41666666666667,7.15945945945946,6.68292682926829,57
"52",2006,6,9,4,9,NA,NA,8.66666666666667,10,4,0,0,3,1,238,184,54,12,114,124,6.94411764705882,7.21413043478261,6.02407407407407,6.41666666666667,7.19912280701754,6.70967741935484,58
"53",2006,7,8.41666666666667,6,8.7,7,NA,8.125,9,5,1,0,4,2,244,189,55,12,118,126,6.98032786885246,7.25343915343915,6.04181818181818,6.41666666666667,7.23050847457627,6.74603174603175,59
"54",2006,8,6.08333333333333,6,6.08333333333333,NA,NA,8.25,5,6,0,0,2,4,250,195,55,12,120,130,6.9588,7.2174358974359,6.04181818181818,6.41666666666667,7.2475,6.69230769230769,60
"55",2006,9,7.85714285714286,7,7.85714285714286,NA,NA,7.83333333333333,8,7,0,0,6,1,257,202,55,12,126,131,6.98326848249027,7.23960396039604,6.04181818181818,6.41666666666667,7.27539682539683,6.70229007633588,61
"56",2006,10,7.35,10,7.6875,6,NA,8,7.1875,8,2,0,2,8,267,210,57,12,128,139,6.99700374531835,7.25666666666667,6.04035087719298,6.41666666666667,7.28671875,6.73021582733813,62
"57",2006,11,6,6,6,NA,NA,6.25,5.5,6,0,0,4,2,273,216,57,12,132,141,6.97509157509157,7.22175925925926,6.04035087719298,6.41666666666667,7.25530303030303,6.71276595744681,63
"58",2006,12,7,8,7.4,6.33333333333333,NA,6.66666666666667,7.2,5,3,0,3,5,281,221,60,12,135,146,6.97580071174377,7.22579185520362,6.055,6.41666666666667,7.24222222222222,6.72945205479452,64
"59",2007,1,6.87857142857143,14,6.94615384615385,6,NA,6.21666666666667,7.375,13,1,0,6,8,295,234,61,12,141,154,6.97118644067797,7.21025641025641,6.05409836065574,6.41666666666667,7.19858156028369,6.76298701298701,65
"60",2007,2,6.88375444444444,9,6.875,6.95379,NA,7,6.85054142857143,8,1,0,2,7,304,242,62,12,143,161,6.96859799342105,7.19917355371901,6.06860951612903,6.41666666666667,7.1958041958042,6.76679372670807,66
"61",2007,3,6.27777777777778,9,6.7,5.75,5,6.33333333333333,6.25,5,4,1,3,6,313,247,66,13,146,167,6.94873415335463,7.18906882591093,6.04929984848485,6.30769230769231,7.17808219178082,6.74822628742515,67
"62",2007,4,7.17142857142857,14,7.94,5.25,NA,7.07142857142857,7.27142857142857,10,4,0,7,7,327,257,70,13,153,174,6.95826847094801,7.21828793774319,6.00362557142857,6.30769230769231,7.17320261437909,6.76927465517241,68
"63",2007,5,7.125,8,7.66666666666667,5.5,NA,10,6.71428571428571,6,2,0,1,7,335,263,72,13,154,181,6.96225011940299,7.22851711026616,5.98963597222222,6.30769230769231,7.19155844155844,6.76714801104972,69
"64",2007,6,7,7,8.66666666666667,5.75,6,6.33333333333333,7.5,3,4,2,3,4,342,266,76,15,157,185,6.96302277777778,7.24473684210526,5.97702355263158,6.26666666666667,7.17515923566879,6.78299345945946,70
"65",2007,7,8.28571428571429,7,8,10,NA,7.5,8.6,6,1,0,2,5,349,272,77,15,159,190,6.98955240687679,7.26139705882353,6.02927,6.26666666666667,7.17924528301887,6.83080942105263,71
"66",2007,8,7.66666666666667,6,8,6,NA,6.5,8.25,5,1,0,2,4,355,277,78,15,161,194,7.0009965915493,7.27472924187726,6.02889474358974,6.26666666666667,7.17080745341615,6.86007108247423,72
"67",2007,9,6.16666666666667,6,6.83333333333333,5.5,5.5,5,6.75,3,3,3,2,4,361,280,81,18,163,198,6.98712961218837,7.27,6.00930604938272,6.13888888888889,7.1441717791411,6.85784742424242,73
"68",2007,10,6.58333333333333,12,6.44444444444444,7,NA,4.5,7,9,3,0,2,10,373,289,84,18,165,208,6.97413884718499,7.24429065743945,6.04468797619048,6.13888888888889,7.11212121212121,6.86468168269231,74
"69",2007,11,6.4625,16,6.87692307692308,4.66666666666667,NA,7,6.28333333333333,13,3,0,4,12,389,302,87,18,169,220,6.95309457583548,7.22847682119205,5.99717,6.13888888888889,7.1094674556213,6.83297177272727,75
"70",2007,12,6.76923076923077,13,7.5,4.33333333333333,NA,6.7,6.8125,10,3,0,5,8,402,312,90,18,174,228,6.94714873134328,7.23717948717949,5.94170877777778,6.13888888888889,7.09770114942529,6.83225346491228,76
"71",2008,1,7,19,7.8,6.11111111111111,6,8.6,6.42857142857143,10,9,1,5,14,421,322,99,19,179,242,6.94953394299287,7.25465838509317,5.95710898989899,6.13157894736842,7.13966480446927,6.80889995867769,77
"72",2008,2,7.44444444444444,9,7.42857142857143,7.5,NA,7,7.8,7,2,0,4,5,430,329,101,19,183,247,6.95989253488372,7.25835866261398,5.98766128712871,6.13157894736842,7.13661202185792,6.82896271255061,78
"73",2008,3,7.49,10,7.8625,6,NA,7.625,7.4,8,2,0,4,6,440,337,103,19,187,253,6.97194043181818,7.27270029673591,5.98790087378641,6.13157894736842,7.14705882352941,6.84250509881423,79
"74",2008,4,6.65384615384615,13,6.77777777777778,6.375,NA,6.25,7,9,4,0,6,7,453,346,107,19,193,260,6.96281189845475,7.25982658959538,6.00237186915888,6.13157894736842,7.11917098445596,6.84674534615385,80
"75",2008,5,7.57142857142857,7,7.5,8,NA,7.5,7.66666666666667,6,1,0,4,3,460,352,108,19,197,263,6.97207345652174,7.26392045454546,6.02086842592593,6.13157894736842,7.12690355329949,6.8560980608365,81
"76",2008,6,6.90909090909091,11,7.22222222222222,5.5,NA,6.125,7.35714285714286,9,2,0,4,7,471,361,110,19,201,270,6.97060252653928,7.26288088642659,6.01139809090909,6.13157894736842,7.10696517412935,6.86908811111111,82
"77",2008,7,6.375,16,7.125,5.625,6.14285714285714,5.57142857142857,7,8,8,7,7,9,487,369,118,26,208,279,6.95103447638604,7.25989159891599,5.98520161016949,6.13461538461539,7.05528846153846,6.87331107526882,83
"78",2008,8,6.6875,8,6.91666666666667,6,6,6,7.375,6,2,1,4,4,495,375,120,27,212,283,6.94677533333333,7.2544,5.98544825,6.12962962962963,7.03537735849057,6.88040208480566,84
"79",2008,9,6.71428571428571,7,7.4,5,3,4.5,7.6,5,2,1,2,5,502,380,122,28,214,288,6.94353344621514,7.25631578947369,5.96929336065574,6.01785714285714,7.01168224299065,6.89289510416667,85
"80",2008,10,6.45454545454545,11,6.77777777777778,5,NA,6,6.625,9,2,0,3,8,513,389,124,28,217,296,6.93304832358675,7.24524421593831,5.95365959677419,6.01785714285714,6.99769585253456,6.88565469594595,86
"81",2008,11,6.4,5,8.33333333333333,3.5,2,9,5.75,3,2,1,1,4,518,392,126,29,218,300,6.92790306949807,7.25357142857143,5.91471261904762,5.87931034482759,7.00688073394495,6.87051263333333,87
"82",2008,12,6.91666666666667,12,7.16666666666667,6.66666666666667,7.5,8.33333333333333,6.44444444444444,6,6,4,3,9,530,398,132,33,221,309,6.92764866037736,7.25226130653266,5.94889234848485,6.07575757575758,7.02488687782805,6.8581028802589,88
"83",2009,1,7.19444444444444,18,7.90909090909091,6.07142857142857,6.83333333333333,7.91666666666667,6.83333333333333,11,7,3,6,12,548,409,139,36,227,321,6.93641202554745,7.26992665036675,5.95506323741007,6.13888888888889,7.04845814977974,6.85717691588785,89
"84",2009,2,7.1,23,7.30714285714286,6.77777777777778,6.66666666666667,7.35714285714286,6.9875,14,9,3,7,16,571,423,148,39,234,337,6.94300138353765,7.27115839243499,6.00509317567568,6.17948717948718,7.05769230769231,6.86336436201781,90
"85",2009,3,7,11,8.625,6.07142857142857,6.875,7.375,6.78571428571429,4,7,4,4,7,582,427,155,43,238,344,6.94407867697595,7.28384074941452,6.00808896774194,6.24418604651163,7.06302521008403,6.86178427325582,91
"86",2009,4,7.53333333333333,15,7.6,7.4,7.66666666666667,8,7.41666666666667,10,5,3,3,12,597,437,160,46,241,356,6.95888407035176,7.29107551487414,6.0515861875,6.33695652173913,7.0746887966805,6.8804881741573,92
"87",2009,5,6.84090909090909,22,7.13,6.6,6.44,7.41666666666667,6.625,10,12,5,6,16,619,447,172,51,247,372,6.95469109854604,7.28747203579419,6.08984761627907,6.34705882352941,7.082995951417,6.86949943548387,93
"88",2009,6,6.46153846153846,13,7.0625,5.5,5.75,6,6.6,8,5,2,3,10,632,455,177,53,250,382,6.94454713607595,7.28351648351649,6.07318525423729,6.32452830188679,7.07,6.86244447643979,94
"89",2009,7,6.73076923076923,13,6.66666666666667,6.875,6.5,7.07142857142857,6.33333333333333,9,4,1,7,6,645,464,181,54,257,388,6.94023843410853,7.27155172413793,6.09090491712707,6.32777777777778,7.07003891050584,6.85426234536083,95
"90",2009,8,6.82142857142857,14,7.3125,6.16666666666667,6,7.375,6.6,8,6,3,4,10,659,472,187,57,261,398,6.93771440060698,7.27224576271187,6.09333577540107,6.31052631578947,7.07471264367816,6.84787384422111,96
"91",2009,9,7.425,20,7.69230769230769,6.92857142857143,6.75,7.33333333333333,7.44117647058824,13,7,2,3,17,679,485,194,59,264,415,6.95206743740795,7.28350515463918,6.1234731443299,6.32542372881356,7.07765151515152,6.87217780722892,97
"92",2009,10,6.97222222222222,18,7.45,6.375,6.58333333333333,7.41666666666667,6.75,10,8,6,6,12,697,495,202,65,270,427,6.95258793400287,7.28686868686869,6.1334346039604,6.34923076923077,7.08518518518519,6.86874423887588,98
"93",2009,11,6.07058823529412,17,7.0875,5.16666666666667,5.625,6.57142857142857,5.72,8,9,4,7,10,714,503,211,69,277,437,6.93158794117647,7.28369781312127,6.09219805687204,6.30724637681159,7.07220216606498,6.84245718535469,99
"94",2009,12,7.28571428571429,14,7.33333333333333,7.2,6,NA,7.28571428571429,9,5,1,0,14,728,512,216,70,277,451,6.93839806318682,7.2845703125,6.11784162037037,6.30285714285714,7.07220216606498,6.85621682926829,100
"95",2010,1,6.94736842105263,19,7,6.9,8.125,6.875,7,9,10,4,8,11,747,521,226,74,285,462,6.9386262248996,7.27965451055662,6.15245039823009,6.40135135135135,7.06666666666667,6.85964023809524,101
"96",2010,2,6.59090909090909,22,7.35,5.95833333333333,6.16666666666667,7,6.47058823529412,10,12,3,5,17,769,531,238,77,290,479,6.92867853055917,7.28097928436912,6.14266298319328,6.39220779220779,7.06551724137931,6.84583254697286,102
"97",2010,3,6.16666666666667,18,6,6.33333333333333,5,6,6.17647058823529,9,9,3,1,17,787,540,247,80,291,496,6.91125005082592,7.25962962962963,6.14961048582996,6.34,7.06185567010309,6.82289070564516,103
"98",2010,4,7.45,10,7.64285714285714,7,6,7.33333333333333,7.5,7,3,1,3,7,797,547,250,81,294,503,6.91800977415308,7.26453382084095,6.15981516,6.3358024691358,7.06462585034014,6.83231369781312,104
"99",2010,5,6.40909090909091,11,7.16666666666667,6.125,5.83333333333333,8,6.25,3,8,3,1,10,808,550,258,84,295,513,6.91108142326733,7.264,6.15873562015504,6.31785714285714,7.06779661016949,6.82096255360624,105
"100",2010,6,7.4,10,8.16666666666667,6.25,6,6.75,7.83333333333333,6,4,1,4,6,818,556,262,85,299,519,6.91705842298289,7.27374100719425,6.16012896946565,6.31411764705882,7.06354515050167,6.83266626204239,106
"101",2010,7,6.08333333333333,6,6.1,6,6,6,6.1,5,1,1,1,5,824,561,263,86,300,524,6.9109876092233,7.2632798573975,6.15952011406844,6.31046511627907,7.06,6.82567517175573,107
"102",2010,8,7.34375,16,7.95,6.33333333333333,6,7.5,7.32142857142857,10,6,4,2,14,840,571,269,90,302,538,6.91923070238095,7.2753064798599,6.16339698884758,6.29666666666667,7.06291390728477,6.83857581784387,108
"103",2010,9,7.25,8,7.4,7,7,6.5,7.5,5,3,3,2,6,848,576,272,93,304,544,6.92235116745283,7.27638888888889,6.17262422794118,6.31935483870968,7.05921052631579,6.8458709375,109
"104",2010,10,7.27272727272727,11,8.6,6.16666666666667,7,7.75,7,5,6,3,4,7,859,581,278,96,308,551,6.9268379394645,7.28777969018933,6.17249564748201,6.340625,7.06818181818182,6.8478290199637,110
"105",2010,11,6.69533333333333,15,7.10333333333333,6.08333333333333,6.33333333333333,7.3575,6.45454545454545,9,6,3,4,11,874,590,284,99,312,562,6.92286474828375,7.28496610169492,6.17061193661972,6.34040404040404,7.07189102564103,6.84013129893239,111
"106",2010,12,7.82352941176471,17,8.81818181818182,6,7,8.375,7.65384615384615,11,6,2,4,13,891,601,290,101,316,575,6.94004914702582,7.31302828618969,6.16708203448276,6.35346534653465,7.08838607594937,6.85852833043478,112
"107",2011,1,7.45588235294118,34,7.90740740740741,5.71428571428571,6,6.91666666666667,7.57142857142857,27,7,2,6,28,925,628,297,103,322,603,6.9590095027027,7.33858280254777,6.15641006734007,6.34660194174757,7.08518633540373,6.89163149253731,113
"108",2011,2,7.85555555555556,9,8.38571428571429,6,5,8.85,7.57142857142857,7,2,1,2,7,934,635,299,104,324,610,6.96764859743041,7.35012598425197,6.15536384615385,6.33365384615384,7.09608024691358,6.89943244262295,114
"109",2011,3,6.73076923076923,13,7.1,6.5,5.5,5,6.875,5,8,2,1,12,947,640,307,106,325,622,6.96439682154171,7.348171875,6.16434459283388,6.31792452830189,7.08963076923077,6.89896107717042,115
"110",2011,4,6.95294117647059,17,6.9625,6.94444444444444,6,6,7.24615384615385,8,9,1,4,13,964,648,316,107,329,635,6.96419480290457,7.34341049382716,6.18656262658228,6.31495327102804,7.0763829787234,6.90606896062992,116
"111",2011,5,5.95833333333333,12,6.5,5.41666666666667,6.66666666666667,5.5,6.05,6,6,3,2,10,976,654,322,110,331,645,6.95182765368853,7.33567278287462,6.17221673913043,6.32454545454545,7.0668580060423,6.89279657364341,117
"112",2011,6,6.88888888888889,9,7.83333333333333,5,5.5,8.25,5.8,6,3,2,4,5,985,660,325,112,335,650,6.9512525786802,7.34019696969697,6.16139627692308,6.30982142857143,7.08098507462686,6.88439044615385,118
"113",2011,7,6.35714285714286,7,7.375,5,NA,6.25,6.5,4,3,0,4,3,992,664,328,112,339,653,6.94706027217742,7.34040662650603,6.15077375,6.30982142857143,7.07117994100295,6.88262448698315,119
"114",2011,8,7.40588235294118,17,7.87777777777778,6.875,6.5,7.75,7.36,9,8,4,2,15,1009,673,336,116,341,668,6.95479067393459,7.34759286775632,6.16801723214286,6.31637931034483,7.07516129032258,6.89334399700599,120
"115",2011,9,7.07058823529412,17,6.31428571428571,7.6,7,6.5,7.38181818181818,7,10,5,6,11,1026,680,346,121,347,679,6.95670934697856,7.33695588235294,6.20940401734104,6.34462809917355,7.06521613832853,6.90125742268041,121
"116",2011,10,7.39285714285714,14,7.55,7,7.33333333333333,8.5,6.95,10,4,3,4,10,1040,690,350,124,351,689,6.96258056730769,7.34004347826087,6.2184394,6.36854838709677,7.08156695156695,6.90196486211901,122
"117",2011,11,7.255,20,7.28333333333333,7,7,7.2,7.27333333333333,18,2,1,5,15,1060,708,352,125,356,704,6.96809791509434,7.33860169491525,6.22288008522727,6.3736,7.08323033707865,6.90987754261364,123
"118",2011,12,7.54545454545455,11,7.78571428571429,7.125,8.25,7.75,7.5,7,4,2,2,9,1071,715,356,127,358,713,6.97402781512605,7.34297902097902,6.23301626404494,6.40314960629921,7.08695530726257,6.91732649368864,124
"119",2012,1,7.15789473684211,19,7.71428571428571,5.6,5,6.25,7.4,14,5,3,4,15,1090,729,361,130,362,728,6.97723283486239,7.350109739369,6.22424872576177,6.37076923076923,7.07770718232044,6.92727168956044,125
"120",2012,2,6.79166666666667,12,7.5,6.4375,6.5,6.5,6.85,4,8,6,2,10,1102,733,369,136,364,738,6.97521215063521,7.35092769440655,6.22887205962059,6.37647058823529,7.07453296703297,6.92622464769648,126
"121",2012,3,7.64285714285714,7,8.66666666666667,6.875,8.5,6,7.91666666666667,3,4,1,1,6,1109,736,373,137,365,744,6.97942632100992,7.35629076086957,6.23580104557641,6.39197080291971,7.07158904109589,6.93421208333333,127
"122",2012,4,7.125,8,7.8,6,6,NA,7.125,5,3,2,0,8,1117,741,376,139,365,752,6.98046892569382,7.35928475033738,6.23391965425532,6.3863309352518,7.07158904109589,6.93624174202128,128
"123",2012,5,6.75,12,7.28571428571429,6,6.33333333333333,6.75,6.75,7,5,3,4,8,1129,748,381,142,369,760,6.97801930026572,7.35859625668449,6.23084984251968,6.38521126760563,7.06810298102981,6.93428130263158,129
"124",2012,6,7.33333333333333,9,8.875,6.1,7.5,10,6.57142857142857,4,5,2,2,7,1138,752,386,144,371,767,6.98082934094904,7.36666223404255,6.22915489637306,6.40069444444444,7.08390835579515,6.93096973924381,130
"125",2012,7,6.75666666666667,12,8.12,5.78285714285714,5.875,6.65,6.81,5,7,4,4,8,1150,757,393,148,375,775,6.97849025217391,7.37163804491414,6.22120557251908,6.38648648648649,7.07928,6.92972101935484,131
"126",2012,8,6.66666666666667,12,7,6,7,7,6.42857142857143,8,4,2,5,7,1162,765,397,150,380,782,6.97527004302926,7.36775163398693,6.21897680100756,6.39466666666667,7.07823684210526,6.92523502557545,132
"127",2012,9,7.7,10,7.625,8,NA,7,7.77777777777778,8,2,0,1,9,1172,773,399,150,381,791,6.98145374573379,7.37041397153946,6.22790423558897,6.39466666666667,7.07803149606299,6.93493525916561,133
"128",2012,10,7.45,10,7.25,7.75,8.5,NA,7.45,6,4,2,0,10,1182,779,403,152,381,801,6.98541775803723,7.369486521181,6.24301188585608,6.42236842105263,7.07803149606299,6.94136553058677,134
"129",2012,11,5.93076923076923,13,8.18333333333333,4,2.5,4.66666666666667,6.31,6,7,4,3,10,1195,785,410,156,384,811,6.97394459414226,7.37570700636943,6.20471656097561,6.32179487179487,7.05919270833333,6.93358050554871,135
"130",2012,12,7.33333333333333,21,8.03846153846154,6.1875,6.7,8.125,7.14705882352941,13,8,5,4,17,1216,798,418,161,388,828,6.98015114309211,7.3865037593985,6.20438705741627,6.33354037267081,7.07018041237113,6.93796351449275,136
"131",2013,1,7.155,20,8.37272727272727,5.66666666666667,5.83333333333333,6.71428571428571,7.39230769230769,11,9,6,7,13,1236,809,427,167,395,841,6.98298041262136,7.39991347342398,6.19305337236534,6.31556886227545,7.06387341772152,6.9449866706302,137
"132",2013,2,7.52307692307692,13,8.25555555555556,5.875,4,7.325,7.61111111111111,9,4,2,4,9,1249,818,431,169,399,850,6.98860191353083,7.40932762836186,6.19010160092807,6.28816568047337,7.06649122807017,6.95203975294118,138
"133",2013,3,7.5,11,7.64285714285714,7.25,8,8,7.38888888888889,7,4,1,2,9,1260,825,435,170,401,859,6.9930665,7.41130909090909,6.19984779310345,6.29823529411765,7.07114713216958,6.95661675203725,139
"134",2013,4,8,7,8,8,6,9.5,7.4,5,2,1,2,5,1267,830,437,171,403,864,6.99862966850829,7.41485542168675,6.20808647597254,6.29649122807017,7.08320099255583,6.95918262731482,140
"135",2013,5,6.8,10,7.28571428571429,5.66666666666667,NA,6.2,7.4,7,3,0,5,5,1277,837,440,171,408,869,6.99707422866092,7.41377538829152,6.20439497727273,6.29649122807017,7.07237745098039,6.96171897583429,141
"136",2013,6,7.00454545454545,11,7.21666666666667,6.75,7.875,8.5,6.67222222222222,6,5,2,2,9,1288,843,445,173,410,878,6.99713803571429,7.41237247924081,6.21052537078652,6.31473988439306,7.07934146341463,6.95875146924829,142
"137",2013,7,7.125,8,7.5,6.75,6,8,7,4,4,2,1,7,1296,847,449,175,411,885,6.99792730709877,7.41278630460449,6.21533138084632,6.31114285714286,7.08158150851581,6.95907772881356,143
"138",2013,8,7.05882352941176,17,7.54166666666667,5.9,6.5,7.66666666666667,6.92857142857143,12,5,2,3,14,1313,859,454,177,414,899,6.99871575780655,7.41458672875437,6.21185856828194,6.31327683615819,7.08582125603865,6.95860265850946,144
"139",2013,9,6.80083333333333,12,7.76833333333333,5.83333333333333,7,7,6.78272727272727,6,6,2,1,11,1325,865,460,179,415,910,6.99692361509434,7.41704046242775,6.2069212826087,6.32094972067039,7.08561445783132,6.95647669230769,145
"140",2013,10,7.95,10,8.41666666666667,7.25,7.33333333333333,8.375,7.66666666666667,6,4,3,4,6,1335,871,464,182,419,916,7.00406276404494,7.42392652123996,6.21591334051724,6.33763736263736,7.09792362768496,6.96112859170306,146
"141",2013,11,7.475,20,8.54166666666667,5.875,6.83333333333333,8,7.38235294117647,12,8,3,3,17,1355,883,472,185,422,933,7.01101386715867,7.43911664779162,6.21013514830508,6.34567567567567,7.10433649289099,6.96880363344051,147
"142",2013,12,6.1,10,7.6,4.6,4,5,6.375,5,5,1,2,8,1365,888,477,186,424,941,7.00433977289377,7.44002252252252,6.19325742138365,6.33306451612903,7.09441037735849,6.96375535600425,148
"143",2014,1,6.77777777777778,18,8.14285714285714,5.90909090909091,6,6,6.93333333333333,7,11,3,3,15,1383,895,488,189,427,956,7.00139102675343,7.44551955307263,6.18685202868852,6.32777777777778,7.08672131147541,6.96327802301255,149
"144",2014,2,7.46875,16,7.95454545454545,6.4,6.33333333333333,6.75,7.70833333333333,11,5,3,4,12,1399,906,493,192,431,968,7.00673609006433,7.45169977924945,6.18901377281947,6.32786458333333,7.08359628770302,6.97251424586777,150
"145",2014,3,6.875,8,9.5,6,6,NA,6.875,2,6,1,0,8,1407,908,499,193,431,976,7.0059870575693,7.4562114537445,6.18674106212425,6.32616580310881,7.08359628770302,6.97171494877049,151
"146",2014,4,6.75,10,6.9375,6,6,8,6.4375,8,2,2,2,8,1417,916,501,195,433,984,7.0041805151729,7.45168122270743,6.18599558882235,6.32282051282051,7.08782909930716,6.96737173780488,152
"147",2014,5,7.94444444444444,9,9,7.1,7.5,7,8.0625,4,5,2,1,8,1426,920,506,197,434,992,7.01011485974755,7.45841304347826,6.19502725296443,6.33477157360406,7.0876267281106,6.97620341733871,153
"148",2014,6,7.05555555555556,9,7.07142857142857,7,NA,6.25,7.28571428571429,7,2,0,2,7,1435,927,508,197,436,999,7.01039985365854,7.45549083063646,6.19819643700787,6.33477157360406,7.08378440366972,6.97837216216216,154
"149",2014,7,6.47,10,7,6.3375,6.33333333333333,5.33333333333333,6.95714285714286,2,8,3,3,7,1445,929,516,200,439,1006,7.00666006228374,7.45451022604952,6.20035618217054,6.33475,7.07182232346241,6.97822444333996,155
"150",2014,8,7.06538461538462,13,8.32142857142857,5.6,7,6,7.385,7,6,3,3,10,1458,936,522,203,442,1016,7.00718366941015,7.46099358974359,6.19345553639847,6.34458128078818,7.06454751131222,6.98222813976378,156
"151",2014,9,7.10833333333333,12,8.11428571428571,5.7,6.5,NA,7.10833333333333,7,5,2,0,12,1470,943,527,205,442,1028,7.00800938095238,7.46584305408272,6.18877379506641,6.34609756097561,7.06454751131222,6.9837001848249,157
"152",2014,10,6.6,10,7.57142857142857,4.33333333333333,NA,9.5,6.27777777777778,7,3,0,1,9,1480,950,530,205,443,1037,7.00525256081081,7.46662105263158,6.17827130188679,6.34609756097561,7.07004514672686,6.97757356798457,158
"153",2014,11,6.91071428571429,14,7.3,5.9375,7,5,7.22916666666667,10,4,1,2,12,1494,960,534,206,445,1049,7.00436665997323,7.46488541666667,6.17646777153558,6.34927184466019,7.06074157303371,6.98045165872259,159
"154",2014,12,7.60714285714286,7,7.60714285714286,NA,NA,8.5,7.25,7,0,0,2,5,1501,967,534,206,447,1054,7.00717774150566,7.4659152016546,6.17646777153558,6.34927184466019,7.06718120805369,6.98173035104364,160
"155",2015,1,6.57142857142857,14,7.16666666666667,6.125,5.33333333333333,6.5,6.58333333333333,6,8,3,2,12,1515,973,542,209,449,1066,7.00315101650165,7.46406988694759,6.175708099631,6.33468899521531,7.06465478841871,6.97724558161351,161
"156",2015,2,8.1875,8,8.5,7.875,7.25,7.25,8.5,4,4,2,2,6,1523,977,546,211,451,1072,7.00937215364412,7.46831115660184,6.18815712454212,6.34336492890995,7.06547671840355,6.9857684608209,162
"157",2015,3,6.60909090909091,11,8.04,5.41666666666667,5.75,10,6.27,5,6,2,1,10,1534,982,552,213,452,1082,7.00650181877445,7.47122199592668,6.17977135869565,6.33779342723005,7.07196902654867,6.97915322550832,163
"158",2015,4,7.59375,8,8.5,6.6875,7.875,NA,7.59375,4,4,2,0,8,1542,986,556,215,452,1090,7.00954850194553,7.47539553752536,6.18342408273381,6.35209302325581,7.07196902654867,6.98366402752294,164
"159",2015,5,6.58333333333333,6,5.83333333333333,7.33333333333333,7.5,7.5,6.4,3,3,1,1,5,1548,989,559,216,453,1095,7.00789650516796,7.47041456016178,6.18959533094812,6.35740740740741,7.07291390728477,6.98099889497717,165
"160",2015,6,6.6875,8,7.1,6,6,6.5,6.71428571428571,5,3,1,1,7,1556,994,562,217,454,1102,7.00624922236504,7.46855130784708,6.18858325622776,6.35576036866359,7.07165198237885,6.97930470961887,166
"161",2015,7,7.34444444444444,9,8.325,6.56,6,7,7.44285714285714,4,5,1,2,7,1565,998,567,218,456,1109,7.00819411501598,7.47198396793587,6.1918585361552,6.35412844036697,7.07133771929824,6.98223064923354,167
"162",2015,8,7.44444444444444,9,7.71428571428571,6.5,7,7.5,7.42857142857143,7,2,1,2,7,1574,1005,569,219,458,1116,7.01068855781449,7.47367164179105,6.1929416344464,6.35707762557078,7.0732096069869,6.98503027777778,168
"163",2015,9,6.99,10,7.66666666666667,5.975,5,7.5,6.8625,6,4,1,2,8,1584,1011,573,220,460,1124,7.01055794823232,7.47481701285856,6.19142022687609,6.35090909090909,7.0750652173913,6.98415817615658,169
"164",2015,10,6.34210526315789,19,7.5,4.75,5,1,6.63888888888889,11,8,4,1,18,1603,1022,581,224,461,1142,7.00263492825951,7.47508806262231,6.17157278829604,6.32678571428571,7.06188720173536,6.9787161033275,170
"165",2015,11,7.25,8,9,4.33333333333333,4,10,6.85714285714286,5,3,1,1,7,1611,1027,584,225,462,1149,7.00386330850404,7.48251217137293,6.16212977739726,6.31644444444444,7.06824675324675,6.97797544821584,171
"166",2015,12,7.82142857142857,14,7.6,8.11666666666667,8.175,8,7.77272727272727,8,6,4,3,11,1625,1035,590,229,465,1160,7.01090694769231,7.48342028985507,6.18200642372881,6.34890829694323,7.07425806451613,6.98551188793104,172
"167",2016,1,7.15555555555556,9,7.28571428571429,6.7,6,10,6.8,7,2,1,1,8,1634,1042,592,230,466,1168,7.01170366585067,7.48209213051824,6.18375640202703,6.34739130434783,7.08053648068669,6.98424125856164,173
"168",2016,2,7.13636363636364,11,8.0625,4.66666666666667,6,10,6.85,8,3,1,1,10,1645,1050,595,231,467,1178,7.01253725835866,7.48651428571429,6.17610721008403,6.34588744588745,7.08678800856531,6.98310168930391,174
"169",2016,3,7,5,8,6.33333333333333,6.5,NA,7,2,3,2,0,5,1650,1052,598,233,467,1183,7.01249926666667,7.48749049429658,6.17689596989967,6.34721030042918,7.08678800856531,6.98317311073542,175
"170",2016,4,8.07142857142857,14,8.88888888888889,6.6,7.33333333333333,7.75,8.2,9,5,3,4,10,1664,1061,603,236,471,1193,7.02140852764423,7.49937794533459,6.18040429519071,6.35974576271186,7.0924203821656,6.99337283319363,176
"171",2016,5,7.66666666666667,9,8.5,6,8,NA,7.66666666666667,6,3,1,0,9,1673,1067,606,237,471,1202,7.02487973102212,7.50500468603562,6.17951120462046,6.36666666666667,7.0924203821656,6.99841413477538,177
"172",2016,6,8.1875,8,8.14285714285714,8.5,NA,8,8.21428571428571,7,1,0,1,7,1681,1074,607,237,472,1209,7.03041272456871,7.50916201117319,6.18333408566722,6.36666666666667,7.09434322033898,7.00545392059553,178
"173",2016,7,7.55555555555556,9,8.5,5.66666666666667,6,9.5,7,6,3,2,2,7,1690,1080,610,239,474,1216,7.03320934319527,7.51466666666667,6.18079309836066,6.36359832635983,7.10449367088608,7.00542252467105,179
"174",2016,8,7.925,8,8.2,6,NA,8.46666666666667,7.6,7,1,0,3,5,1698,1087,611,239,477,1221,7.03741094817432,7.51908003679853,6.18049720130933,6.36359832635983,7.1130607966457,7.00785732186732,180
"175",2016,9,7.33333333333333,3,8,7,NA,NA,7.33333333333333,1,2,0,0,3,1701,1088,613,239,477,1224,7.03793285714286,7.51952205882353,6.1831709461664,6.36359832635983,7.1130607966457,7.00865505718954,181
"176",2016,10,7.92307692307692,13,8.1,7.33333333333333,10,8.83333333333333,7.65,10,3,1,3,10,1714,1098,616,240,480,1234,7.04464631855309,7.5248087431694,6.18877238636364,6.37875,7.1238125,7.01385234197731,182
"177",2016,11,7.5,10,7.5,7.5,NA,NA,7.5,6,4,0,0,10,1724,1104,620,240,480,1244,7.0472875812065,7.52467391304348,6.19723191935484,6.37875,7.1238125,7.01776028135048,183
"178",2016,12,8,12,8.14285714285714,7.8,7.5,7.66666666666667,8.11111111111111,7,5,2,3,9,1736,1111,625,242,483,1253,7.05387315092166,7.52856885688569,6.210054064,6.38801652892562,7.12718426501035,7.0256135594573,184
"179",2017,1,7.35294117647059,17,7.61538461538461,6.5,5,7.25,7.38461538461539,13,4,2,4,13,1753,1124,629,244,487,1266,7.05677341129492,7.52957295373666,6.21189791732909,6.37663934426229,7.12819301848049,7.02929999210111,185
"180",2017,2,7.94444444444444,9,8.21428571428571,7,NA,9.75,7.42857142857143,7,2,0,2,7,1762,1131,631,244,489,1273,7.06130748581158,7.53381078691424,6.2143958637084,6.37663934426229,7.13891615541922,7.0314955145326,186
"181",2017,3,9.16666666666667,6,9.4,8,NA,10,9,5,1,0,1,5,1768,1136,632,244,490,1278,7.0684523699095,7.54202464788733,6.21722118670886,6.37663934426229,7.14475510204082,7.03919701877934,187
"182",2017,4,7.10882352941176,17,8.0625,6.26111111111111,5,NA,7.10882352941176,8,9,2,0,17,1785,1144,641,246,490,1295,7.06883685714286,7.54566433566434,6.21783742589704,6.36544715447154,7.14475510204082,7.04011103474904,188
"183",2017,5,7.57142857142857,7,7.5,7.66666666666667,6.5,NA,7.57142857142857,4,3,2,0,7,1792,1148,644,248,490,1302,7.07080010602679,7.54550522648084,6.22458663043478,6.36653225806452,7.14475510204082,7.04296758064516,189
"184",2017,6,8.4,5,8.4,NA,NA,8.33333333333333,8.5,5,0,0,3,2,1797,1153,644,248,493,1304,7.074498491931,7.54921075455334,6.22458663043478,6.36653225806452,7.1519878296146,7.04520229294479,190
"185",2017,7,7.57142857142857,7,9,6.5,7,7.66666666666667,7.5,3,4,1,3,4,1804,1156,648,249,496,1308,7.07642671286031,7.55297577854671,6.22628671296296,6.36907630522088,7.15510080645161,7.0465931116208,191
"186",2017,8,7.23076923076923,13,8.14285714285714,6.16666666666667,6,8,7.16666666666667,7,6,2,1,12,1817,1163,654,251,497,1320,7.07753097963676,7.55652622527945,6.22573974006116,6.36613545816733,7.15680080482897,7.04768468939394,192
"187",2017,9,7.5,6,7,8,8,9,6.75,3,3,1,2,4,1823,1166,657,252,499,1324,7.07892144267691,7.55509433962264,6.23384138508372,6.37261904761905,7.16418837675351,7.04678533987915,193
"188",2017,10,7.4,12,8.725,4.75,4.5,NA,7.4,8,4,2,0,12,1835,1174,661,254,499,1336,7.08102113896458,7.563066439523,6.22486201210288,6.35787401574803,7.16418837675351,7.04995792664671,194
"189",2017,11,7.83333333333333,6,8.75,6,NA,NA,7.83333333333333,4,2,0,0,6,1841,1178,663,254,499,1342,7.08347299837045,7.56709677419355,6.22418369532428,6.35787401574803,7.16418837675351,7.05346035022355,195
"190",2017,12,7.66428571428571,14,8.5625,6.46666666666667,2,10,7.48461538461538,8,6,1,1,13,1855,1186,669,255,500,1355,7.08785649056604,7.57381112984823,6.22635843049328,6.34078431372549,7.16986,7.05759689298893,196
"191",2018,1,7.54545454545455,11,9,5,4.5,7,7.6,7,4,2,1,10,1866,1193,673,257,501,1365,7.09055401393355,7.58217937971501,6.21906952451709,6.32645914396887,7.16952095808383,7.06157054212454,197
"192",2018,2,7.1,5,7.5,6.83333333333333,7.5,7.5,7,2,3,1,1,4,1871,1195,676,258,502,1369,7.09057925708177,7.58204184100418,6.22179554733728,6.33100775193798,7.17017928286853,7.06139064280497,198
"193",2018,3,7.625,6,7.55,8,NA,8,7.55,5,1,0,1,5,1877,1200,677,258,503,1374,7.09228758124667,7.58190833333333,6.22442214180207,6.33100775193798,7.17182902584493,7.06316869723435,199
"194",2018,4,8.41666666666667,12,8.14285714285714,8.8,NA,9,8.3,7,5,0,2,10,1889,1207,682,258,505,1384,7.10070078877713,7.58516155758078,6.24330467741936,6.33100775193798,7.17906930693069,7.07210533959538,200
"195",2018,5,8.5,9,9.3,7.5,8,10,8.07142857142857,5,4,1,2,7,1898,1212,686,259,507,1391,7.10733603266596,7.59223597359736,6.25063234693878,6.33745173745174,7.19019723865878,7.07713428468728,201
"196",2018,6,7.56111111111111,9,7.9,7.1375,NA,7.6375,7.5,5,4,0,4,5,1907,1217,690,259,511,1396,7.10947760356581,7.59350041084634,6.25577360869565,6.33745173745174,7.19369863013699,7.07864884670487,202
"197",2018,7,8.56,10,8.62222222222222,8,NA,8.33333333333333,8.65714285714286,9,1,0,3,7,1917,1226,691,259,514,1403,7.1170442305686,7.60105220228385,6.25829781476122,6.33745173745174,7.20035019455253,7.08652444048468,203
"198",2018,8,7.72727272727273,11,8.22222222222222,5.5,NA,8,7.66666666666667,9,2,0,2,9,1928,1235,693,259,516,1412,7.1205258246888,7.60557894736842,6.25610936507937,6.33745173745174,7.2034496124031,7.09022223087819,204
"199",2018,9,7,4,8,6,NA,NA,7,2,2,0,0,4,1932,1237,695,259,516,1416,7.12027628881988,7.60621665319321,6.25537235971223,6.33745173745174,7.2034496124031,7.08996736581921,205
"200",2018,10,6.77777777777778,9,8.25,5.6,5.33333333333333,9,6.14285714285714,4,5,3,2,7,1941,1241,700,262,518,1423,7.11868819680577,7.60829170024174,6.25069112857143,6.32595419847328,7.2103861003861,7.08530835558679,206
"201",2018,11,7.125,8,7.8,6,6.5,9,6.5,5,3,2,2,6,1949,1246,703,264,520,1429,7.11871410466906,7.60906099518459,6.24962132290185,6.32727272727273,7.21726923076923,7.08285079776067,207
"202",2018,12,7,12,8.33333333333333,5.66666666666667,9,9,6.6,6,6,1,2,10,1961,1252,709,265,522,1439,7.11798765425803,7.61253194888179,6.24468799717913,6.33735849056604,7.22409961685824,7.07949533703961,208
"203",2019,1,7.88875,16,8.15384615384615,6.74,6.74,8.3,7.70181818181818,13,3,3,5,11,1977,1265,712,268,527,1450,7.1242254881133,7.61809486166008,6.24677498595506,6.34186567164179,7.23430740037951,7.08421640689655,209
"204",2019,2,8.5,9,8.64285714285714,8,9,8.33333333333333,8.58333333333333,7,2,1,3,6,1986,1272,714,269,530,1456,7.13046011581067,7.62373427672956,6.25168598039216,6.35174721189591,7.24052830188679,7.09039408653846,210
"205",2019,3,7.625,8,8.2,6.66666666666667,8.5,10,7.28571428571429,5,3,2,1,7,1994,1277,717,271,531,1463,7.13244422768305,7.62599060297573,6.25342230125523,6.36760147601476,7.24572504708098,7.091328632946,211
"206",2019,4,7,10,7.57142857142857,5.66666666666667,5,6,7.11111111111111,7,3,2,1,9,2004,1284,720,273,532,1472,7.13178332834331,7.62569314641745,6.25097748611111,6.35758241758242,7.24338345864662,7.09144958559783,212
"207",2019,5,8.35,10,8.21428571428571,8.66666666666667,9,8.5,8.3125,7,3,1,2,8,2014,1291,723,274,534,1480,7.13783207050645,7.62888458559256,6.26100109266944,6.36722627737226,7.24808988764045,7.09804985810811,213
"208",2019,6,8.11538461538461,13,8.27272727272727,7.25,NA,8,8.125,11,2,0,1,12,2027,1302,725,274,535,1492,7.14410152442032,7.63432411674347,6.26372936551724,6.36722627737226,7.2494953271028,7.10630951072386,214
"209",2019,7,8.38888888888889,9,9.3,7.25,7.5,8.4,8.375,5,4,2,5,4,2036,1307,729,276,540,1496,7.14960402259332,7.64069625095639,6.26914100137174,6.3754347826087,7.26014814814815,7.10970173128342,215
"210",2019,8,8.43636363636364,11,8.82857142857143,7.75,7,7,8.58,7,4,1,1,10,2047,1314,733,277,541,1506,7.15651870542257,7.64702435312024,6.27722208731242,6.37768953068592,7.25966728280961,7.11946466799469,216
"211",2019,9,7.8,10,7.88888888888889,7,NA,7.33333333333333,8,9,1,0,3,7,2057,1323,734,277,544,1513,7.15964695673311,7.64866969009826,6.27820679836512,6.37768953068592,7.26007352941176,7.12353852610707,217
"212",2019,10,6.9,5,9.5,6.25,6,NA,6.9,1,4,2,0,5,2062,1324,738,279,544,1518,7.15901735693501,7.65006797583082,6.27805391598916,6.37498207885305,7.26007352941176,7.12280223320158,218
"213",2019,11,7.95384615384615,13,7.71111111111111,8.5,7,6,8.11666666666667,9,4,1,1,12,2075,1333,742,280,545,1530,7.16399700722891,7.65048012003001,6.29003206199461,6.37721428571429,7.25776146788991,7.13059724836601,219
"214",2019,12,8,7,9,6.66666666666667,7,10,7.66666666666667,4,3,2,1,6,2082,1337,745,282,546,1536,7.16680777617675,7.65451757666417,6.2915487114094,6.38163120567376,7.26278388278388,7.13269126953125,220
"215",2020,1,7.434583125,16,8.15,6.24222166666667,6.75,6,7.76564076923077,10,6,4,3,13,2098,1347,751,286,549,1549,7.168849914204,7.65819599109131,6.29115462050599,6.38678321678322,7.25588342440801,7.13800330535829,221
"216",2020,2,8.08888888888889,9,8.25,7.76666666666667,8.26666666666667,8.3,8.0625,6,3,3,1,8,2107,1353,754,289,550,1557,7.17277983863313,7.66082039911308,6.29702535809019,6.40629757785467,7.25778181818182,7.14275344894027,222
"217",2020,3,7.8,10,8.25,6,8,8,7.77777777777778,8,2,1,1,9,2117,1361,756,290,551,1566,7.17574261691072,7.66428361498898,6.29623957671958,6.41179310344828,7.25912885662432,7.14640301404853,223
"218",2020,4,8.375,4,8,8.5,9,NA,8.375,1,3,1,0,4,2121,1362,759,291,551,1570,7.17800429985856,7.66453010279001,6.30495009222662,6.42068728522337,7.25912885662432,7.14953319745223,224
"219",2020,5,7.78571428571429,7,8.5,3.5,NA,9,7.3,6,1,0,2,5,2128,1368,760,291,553,1575,7.18000334586466,7.66819444444444,6.30125936842106,6.42068728522337,7.26542495479204,7.15001086984127,225
"220",2020,6,7.92857142857143,7,8,7.83333333333333,NA,5,8.41666666666667,4,3,0,1,6,2135,1372,763,291,554,1581,7.18245766744731,7.66916180758018,6.30728325032766,6.42068728522337,7.2613357400722,7.15481791271347,226
"221",2020,7,7.75,6,7.875,7.5,NA,8.25,7.5,4,2,0,2,4,2141,1376,765,291,556,1585,7.18404816440915,7.66976017441861,6.31040146405229,6.42068728522337,7.26489208633094,7.15568903470031,227
"222",2020,8,6.75,8,7,6.6,6.5,NA,6.75,3,5,2,0,8,2149,1379,770,293,556,1593,7.1824323499302,7.6683031182016,6.31228197402598,6.42122866894198,7.26489208633094,7.15365167608286,228
"223",2020,9,8.63846153846154,13,8.57272727272727,9,NA,8.575,8.66666666666667,11,2,0,4,9,2162,1390,772,293,560,1602,7.19118738205365,7.67546043165468,6.31924497409327,6.42122866894198,7.27425,7.16215176029962,229
"224",2020,10,6.5,2,5,8,8,8,5,1,1,1,1,1,2164,1391,773,294,561,1603,7.1905485767098,7.67353702372394,6.32141930142303,6.42659863945578,7.27554367201426,7.1608029444791,230
"225",2020,11,7.54285714285714,7,9.33333333333333,6.2,6,NA,7.54285714285714,3,4,1,0,7,2171,1394,777,295,561,1610,7.19168453247351,7.67710903873745,6.32079423423424,6.42515254237288,7.27554367201426,7.16246404968944,231
"226",2020,12,7.7,10,7.88888888888889,6,NA,8,7.66666666666667,9,1,0,1,9,2181,1403,778,295,562,1619,7.19401518569463,7.67846756949394,6.32038190231363,6.42515254237288,7.27683274021352,7.16526690549722,232
"227",2021,1,8,15,8.08333333333333,7.66666666666667,7.5,7.83333333333333,8.04166666666667,12,3,2,3,12,2196,1415,781,297,565,1631,7.19952054644809,7.68190106007067,6.32555329065301,6.43239057239057,7.27978761061947,7.17171497240956,233
"228",2021,2,8.11428571428571,7,8.11428571428571,NA,NA,8.5,7.96,7,0,0,2,5,2203,1422,781,297,567,1636,7.20242719927372,7.68402953586498,6.32555329065301,6.43239057239057,7.28409171075838,7.17412415647922,234
"229",2021,3,7.33333333333333,3,9,6.5,NA,NA,7.33333333333333,1,2,0,0,3,2206,1423,783,297,567,1639,7.20260522212149,7.68495432185523,6.3259988761175,6.43239057239057,7.28409171075838,7.1744155704698,235
"230",2021,4,7.75,8,7.8,7.66666666666667,7,8,7.66666666666667,5,3,1,2,6,2214,1428,786,298,569,1645,7.20458316169828,7.68535714285714,6.33111592875318,6.43429530201342,7.28660808435852,7.17621101519757,236
"231",2021,5,7.66923076923077,13,8.95714285714286,6.16666666666667,6.33333333333333,8.66666666666667,7.37,7,6,3,3,10,2227,1435,792,301,572,1655,7.20729551863493,7.69156097560976,6.3298701010101,6.43328903654485,7.29384615384615,7.17738194561933,237
"232",2021,6,5,1,5,NA,NA,NA,5,1,0,0,0,1,2228,1436,792,301,572,1656,7.20630481149013,7.68968662952646,6.3298701010101,6.43328903654485,7.29384615384615,7.17606710144927,238
"233",2021,7,7.6,5,8,6,8,6,8,4,1,1,1,4,2233,1440,793,302,573,1660,7.20718635020152,7.69054861111111,6.32945412358134,6.43847682119205,7.29158813263525,7.17805248192771,239
"234",2021,8,7.83333333333333,6,8.66666666666667,7,7.5,10,7.4,3,3,2,1,5,2239,1443,796,304,574,1665,7.20886427869585,7.69257796257796,6.33198130653267,6.44546052631579,7.29630662020906,7.17871899099099,240
"235",2021,9,9,8,9,9,NA,9,9,5,3,0,3,5,2247,1448,799,304,577,1670,7.21524126390743,7.69709254143646,6.34199889862328,6.44546052631579,7.30516464471404,7.18417192814371,241
"236",2021,10,8.66666666666667,3,8.66666666666667,NA,NA,NA,8.66666666666667,3,0,0,0,3,2250,1451,799,304,577,1673,7.21717649777778,7.69909717436251,6.34199889862328,6.44546052631579,7.30516464471404,7.18683031679617,242
"237",2021,11,7.8,11,8.55714285714286,6.475,5,10,7.58,7,4,1,1,10,2261,1458,803,305,578,1683,7.22001199469261,7.70321673525377,6.34266141967622,6.44072131147541,7.30982698961938,7.18916644087938,243
"238",2021,12,7.04545454545455,11,7.25,6.92857142857143,6.375,8,6.83333333333333,4,7,4,2,9,2272,1462,810,309,580,1692,7.21916686619718,7.70197674418605,6.34772483950618,6.43987055016181,7.31220689655172,7.18727371158392,244
"239",2022,1,7.49230769230769,13,7.94,6,NA,10,7.28333333333333,10,3,0,1,12,2285,1472,813,309,581,1704,7.22072084026258,7.70359375,6.34644172201722,6.43987055016181,7.3168330464716,7.18795018779343,245
"240",2022,2,8.05,10,8.91666666666667,6.75,6.33333333333333,8,8.05555555555556,6,4,3,1,9,2295,1478,817,312,582,1713,7.22433425708061,7.70851826792963,6.34841752753978,6.43884615384615,7.31800687285223,7.19250853473438,246
"241",2022,3,8.34666666666667,3,8.34666666666667,NA,NA,7.77,9.5,3,0,0,2,1,2298,1481,817,312,584,1714,7.22579944299391,7.70981093855503,6.34841752753978,6.43884615384615,7.31955479452055,7.1938547957993,247
"242",2022,4,6.70833333333333,6,7,5.25,5.25,7,6.65,5,1,1,1,5,2304,1486,818,313,585,1719,7.224451875,7.70742261103634,6.34707471882641,6.43504792332268,7.31900854700855,7.19227290285049,248
"243",2022,5,7.2,10,8,6.66666666666667,6,NA,7.2,4,6,1,0,10,2314,1490,824,314,585,1729,7.22434620570441,7.70820805369127,6.3494018446602,6.43366242038216,7.31900854700855,7.19231759398496,249
"244",2022,6,7.35,10,7.75,6.75,6.5,8.7,7.2,6,4,2,1,9,2324,1496,828,316,586,1738,7.22488688468158,7.7083756684492,6.35133710144928,6.43408227848101,7.32136518771331,7.19235737629459,250
"245",2022,7,6.875,8,7.9,5.16666666666667,NA,6,7,5,3,0,1,7,2332,1501,831,316,587,1745,7.22368658662093,7.70901399067288,6.34706031287605,6.43408227848101,7.31911413969336,7.19158574212034,251
"246",2022,8,8.40909090909091,11,8.85714285714286,7.625,6,10,8.05555555555556,7,4,1,2,9,2343,1508,835,317,589,1754,7.22925186513018,7.71434350132626,6.35318217964072,6.43271293375394,7.32821731748727,7.19601888255416,252
