"","year","month","avg_rating","no_ratings","avg_rating_owned","avg_rating_not_owned","avg_rating_prev_owned","avg_rating_comment","avg_rating_no_comment","no_ratings_owned","no_ratings_not_owned","no_ratings_prev_owned","no_ratings_comment","no_ratings_no_comment","cum_no_ratings","cum_no_ratings_owned","cum_no_ratings_not_owned","cum_no_ratings_prev_owned","cum_no_ratings_comment","cum_no_ratings_no_comment","cum_avg_rating","cum_avg_rating_owned","cum_avg_rating_not_owned","cum_avg_rating_prev_owned","cum_avg_rating_comment","cum_avg_rating_no_comment","month_after_release"
"1",2001,8,6,1,6,NA,NA,6,NA,1,0,0,1,0,1,1,0,0,1,0,6,6,NA,NA,6,NA,0
"2",2001,10,8,2,8,NA,NA,7,9,2,0,0,1,1,3,3,0,0,2,1,7.33333333333333,7.33333333333333,NA,NA,6.5,9,2
"3",2001,11,7.6,2,7.6,NA,NA,NA,7.6,2,0,0,0,2,5,5,0,0,2,3,7.44,7.44,NA,NA,6.5,8.06666666666667,3
"4",2001,12,7,2,7,NA,NA,8,6,2,0,0,1,1,7,7,0,0,3,4,7.31428571428571,7.31428571428571,NA,NA,7,7.55,4
"5",2002,1,6,1,NA,6,NA,NA,6,0,1,0,0,1,8,7,1,0,3,5,7.15,7.31428571428571,6,NA,7,7.24,5
"6",2002,2,4,1,NA,4,NA,NA,4,0,1,0,0,1,9,7,2,0,3,6,6.8,7.31428571428571,5,NA,7,6.7,6
"7",2002,3,8,2,8,NA,NA,NA,8,2,0,0,0,2,11,9,2,0,3,8,7.01818181818182,7.46666666666667,5,NA,7,7.025,7
"8",2002,4,6,1,6,NA,NA,NA,6,1,0,0,0,1,12,10,2,0,3,9,6.93333333333333,7.32,5,NA,7,6.91111111111111,8
"9",2002,7,8,1,8,NA,NA,NA,8,1,0,0,0,1,13,11,2,0,3,10,7.01538461538462,7.38181818181818,5,NA,7,7.02,11
"10",2002,8,3,2,NA,3,NA,NA,3,0,2,0,0,2,15,11,4,0,3,12,6.48,7.38181818181818,4,NA,7,6.35,12
"11",2002,9,6.6,5,7.5,3,NA,10,5.75,4,1,0,1,4,20,15,5,0,4,16,6.51,7.41333333333333,3.8,NA,7.75,6.2,13
"12",2002,10,6,1,6,NA,NA,NA,6,1,0,0,0,1,21,16,5,0,4,17,6.48571428571428,7.325,3.8,NA,7.75,6.18823529411765,14
"13",2002,12,7.25,4,10,4.5,NA,6,8.5,2,2,0,2,2,25,18,7,0,6,19,6.608,7.62222222222222,4,NA,7.16666666666667,6.43157894736842,16
"14",2003,1,8.1,5,8.1,NA,NA,7.75,8.33333333333333,5,0,0,2,3,30,23,7,0,8,22,6.85666666666667,7.72608695652174,4,NA,7.3125,6.69090909090909,17
"15",2003,2,3.5,2,5,2,NA,NA,3.5,1,1,0,0,2,32,24,8,0,8,24,6.646875,7.6125,3.75,NA,7.3125,6.425,18
"16",2003,3,6.66666666666667,3,7,6,NA,7,6,2,1,0,2,1,35,26,9,0,10,25,6.64857142857143,7.56538461538462,4,NA,7.25,6.408,19
"17",2003,4,6.8,5,7.5,4,4,NA,6.8,4,1,1,0,5,40,30,10,1,10,30,6.6675,7.55666666666667,4,4,7.25,6.47333333333333,20
"18",2003,5,5.33333333333333,3,6,4,NA,6,5,2,1,0,1,2,43,32,11,1,11,32,6.57441860465116,7.459375,4,4,7.13636363636364,6.38125,21
"19",2003,6,6.5,2,6,7,NA,7,6,1,1,0,1,1,45,33,12,1,12,33,6.57111111111111,7.41515151515152,4.25,4,7.125,6.36969696969697,22
"20",2003,7,4.63333333333333,12,6.5,4.26,5.5,3.5,5.2,2,10,2,4,8,57,35,22,3,16,41,6.16315789473684,7.36285714285714,4.25454545454545,5,6.21875,6.14146341463415,23
"21",2003,8,6.8,5,6.75,7,7,5,7.25,4,1,1,1,4,62,39,23,4,17,45,6.21451612903226,7.3,4.37391304347826,5.5,6.14705882352941,6.24,24
"22",2003,9,7.6,5,7.6,NA,NA,7,8,5,0,0,2,3,67,44,23,4,19,48,6.31791044776119,7.33409090909091,4.37391304347826,5.5,6.23684210526316,6.35,25
"23",2003,10,7.66666666666667,6,7.8,7,NA,7.33333333333333,8,5,1,0,3,3,73,49,24,4,22,51,6.42876712328767,7.38163265306122,4.48333333333333,5.5,6.38636363636364,6.44705882352941,26
"24",2003,12,5.5,3,5.5,NA,NA,5.25,6,3,0,0,2,1,76,52,24,4,24,52,6.39210526315789,7.27307692307692,4.48333333333333,5.5,6.29166666666667,6.43846153846154,28
"25",2004,1,7.5,2,7.5,NA,NA,NA,7.5,2,0,0,0,2,78,54,24,4,24,54,6.42051282051282,7.28148148148148,4.48333333333333,5.5,6.29166666666667,6.47777777777778,29
"26",2004,2,7.5,6,7.5,NA,NA,7.5,7.5,6,0,0,2,4,84,60,24,4,26,58,6.49761904761905,7.30333333333333,4.48333333333333,5.5,6.38461538461539,6.54827586206896,30
"27",2004,3,5.66666666666667,6,5.4,7,7,5,6,5,1,1,2,4,90,65,25,5,28,62,6.44222222222222,7.15692307692308,4.584,5.8,6.28571428571429,6.51290322580645,31
"28",2004,4,6.25,8,7.2,4.66666666666667,NA,6,6.4,5,3,0,3,5,98,70,28,5,31,67,6.4265306122449,7.16,4.59285714285714,5.8,6.25806451612903,6.5044776119403,32
"29",2004,5,6.5,4,10,5.33333333333333,8,5.33333333333333,10,1,3,1,3,1,102,71,31,6,34,68,6.42941176470588,7.2,4.66451612903226,6.16666666666667,6.17647058823529,6.55588235294118,33
"30",2004,6,6.33333333333333,6,7.75,3.5,NA,5.5,6.75,4,2,0,2,4,108,75,33,6,36,72,6.42407407407407,7.22933333333333,4.59393939393939,6.16666666666667,6.13888888888889,6.56666666666667,34
"31",2004,7,7.5,2,7,8,NA,NA,7.5,1,1,0,0,2,110,76,34,6,36,74,6.44363636363636,7.22631578947369,4.69411764705882,6.16666666666667,6.13888888888889,6.59189189189189,35
"32",2004,8,6.5,7,6.5,NA,NA,6.5,6.5,7,0,0,3,4,117,83,34,6,39,78,6.44700854700855,7.16506024096386,4.69411764705882,6.16666666666667,6.16666666666667,6.58717948717949,36
"33",2004,9,6.16666666666667,9,5.875,8.5,NA,4,7.9,8,1,0,4,5,126,91,35,6,43,83,6.42698412698413,7.05164835164835,4.80285714285714,6.16666666666667,5.96511627906977,6.66626506024096,37
"34",2004,10,5.83333333333333,9,5.5,6.1,7.25,5.5,6.1,4,5,2,4,5,135,95,40,8,47,88,6.38740740740741,6.98631578947368,4.965,6.4375,5.92553191489362,6.63409090909091,38
"35",2004,11,5.77777777777778,9,6.57142857142857,3,3,4.33333333333333,6.5,7,2,2,3,6,144,102,42,10,50,94,6.34930555555556,6.9578431372549,4.87142857142857,5.75,5.83,6.62553191489362,39
"36",2004,12,5.875,4,6.83333333333333,3,NA,3,6.83333333333333,3,1,0,1,3,148,105,43,10,51,97,6.33648648648649,6.95428571428571,4.82790697674419,5.75,5.77450980392157,6.6319587628866,40
"37",2005,1,6.07692307692308,13,7.44444444444444,3,6,6.16666666666667,6,9,4,1,6,7,161,114,47,11,57,104,6.31552795031056,6.99298245614035,4.67234042553191,5.77272727272727,5.81578947368421,6.58942307692308,41
"38",2005,2,6.8,10,7.28571428571429,5.66666666666667,NA,6.08333333333333,7.875,7,3,0,6,4,171,121,50,11,63,108,6.34385964912281,7.0099173553719,4.732,5.77272727272727,5.84126984126984,6.63703703703704,42
"39",2005,3,6.53333333333333,9,6,6.8,6,5.5,6.82857142857143,3,6,1,2,7,180,124,56,12,65,115,6.35333333333333,6.98548387096774,4.95357142857143,5.79166666666667,5.83076923076923,6.64869565217391,43
"40",2005,4,6.73333333333333,6,7.25,5.7,NA,5.7,7.25,4,2,0,2,4,186,128,58,12,67,119,6.36559139784946,6.99375,4.97931034482759,5.79166666666667,5.82686567164179,6.66890756302521,44
"41",2005,5,5,8,5.14285714285714,4,NA,3.66666666666667,5.8,7,1,0,3,5,194,135,59,12,70,124,6.30927835051546,6.89777777777778,4.96271186440678,5.79166666666667,5.73428571428571,6.63387096774193,45
"42",2005,6,6.625,8,7,6,NA,6.4,7,5,3,0,5,3,202,140,62,12,75,127,6.32178217821782,6.90142857142857,5.01290322580645,5.79166666666667,5.77866666666667,6.64251968503937,46
"43",2005,7,7.5625,8,7.7,7.33333333333333,8,7.41666666666667,8,5,3,2,6,2,210,145,65,14,81,129,6.36904761904762,6.92896551724138,5.12,6.10714285714286,5.9,6.66356589147287,47
"44",2005,8,5.49,10,5.49,NA,NA,4.6,6.38,10,0,0,5,5,220,155,65,14,86,134,6.32909090909091,6.83612903225807,5.12,6.10714285714286,5.82441860465116,6.65298507462686,48
"45",2005,9,5.8,10,6,5.33333333333333,NA,4.75,6.5,7,3,0,4,6,230,162,68,14,90,140,6.30608695652174,6.8,5.12941176470588,6.10714285714286,5.77666666666667,6.64642857142857,49
"46",2005,10,5.875,8,8,4.6,4.5,6.2,5.33333333333333,3,5,2,5,3,238,165,73,16,95,143,6.29159663865546,6.82181818181818,5.09315068493151,5.90625,5.79894736842105,6.61888111888112,50
"47",2005,11,5.91666666666667,12,6.3,4,NA,5.28571428571429,6.8,10,2,0,7,5,250,175,75,16,102,148,6.2736,6.792,5.064,5.90625,5.76372549019608,6.625,51
"48",2005,12,6.29166666666667,12,6.85,3.5,NA,5.4,6.92857142857143,10,2,0,5,7,262,185,77,16,107,155,6.27442748091603,6.79513513513514,5.02337662337662,5.90625,5.74672897196262,6.63870967741935,52
"49",2006,1,6.75,16,6.90909090909091,6.4,7.5,7.16666666666667,6.5,11,5,2,6,10,278,196,82,18,113,165,6.30179856115108,6.8015306122449,5.10731707317073,6.08333333333333,5.82212389380531,6.63030303030303,53
"50",2006,2,6.43333333333333,12,7.74285714285714,4.6,3.66666666666667,5.86666666666667,7,7,5,3,6,6,290,203,87,21,119,171,6.30724137931035,6.83399014778325,5.07816091954023,5.73809523809524,5.82436974789916,6.64327485380117,54
"51",2006,3,6,8,6.66666666666667,4,NA,6,6,6,2,0,4,4,298,209,89,21,123,175,6.2989932885906,6.82918660287081,5.05393258426966,5.73809523809524,5.83008130081301,6.62857142857143,55
"52",2006,4,5.5,2,5.5,NA,NA,4,7,2,0,0,1,1,300,211,89,21,124,176,6.29366666666667,6.81658767772512,5.05393258426966,5.73809523809524,5.81532258064516,6.63068181818182,56
"53",2006,5,6.91666666666667,6,6.91666666666667,NA,NA,6.875,7,6,0,0,4,2,306,217,89,21,128,178,6.30588235294118,6.81935483870968,5.05393258426966,5.73809523809524,5.8484375,6.63483146067416,57
"54",2006,6,6.5,4,6.33333333333333,7,7,6.33333333333333,7,3,1,1,3,1,310,220,90,22,131,179,6.30838709677419,6.81272727272727,5.07555555555555,5.79545454545455,5.85954198473282,6.63687150837989,58
"55",2006,7,5.75,6,6.2,3.5,NA,3.75,6.75,5,1,0,2,4,316,225,91,22,133,183,6.29778481012658,6.79911111111111,5.05824175824176,5.79545454545455,5.82781954887218,6.63934426229508,59
"56",2006,8,6,10,6,NA,NA,5.75,6.16666666666667,10,0,0,4,6,326,235,91,22,137,189,6.28865030674846,6.76510638297872,5.05824175824176,5.79545454545455,5.82554744525547,6.62433862433862,60
"57",2006,9,5.375,8,5.5,5.3,NA,6.16666666666667,4.9,3,5,0,3,5,334,238,96,22,140,194,6.26676646706587,6.74915966386555,5.07083333333333,5.79545454545455,5.83285714285714,6.57989690721649,61
"58",2006,10,6.33333333333333,9,6.57142857142857,5.5,6,6,6.375,7,2,1,1,8,343,245,98,23,141,202,6.26851311953353,6.74408163265306,5.07959183673469,5.80434782608696,5.83404255319149,6.57178217821782,62
"59",2006,11,5.7,10,5.55555555555556,7,7,6.75,5,9,1,1,4,6,353,254,99,24,145,208,6.25240793201133,6.70196850393701,5.0989898989899,5.85416666666667,5.85931034482759,6.52644230769231,63
"60",2006,12,6.07692307692308,13,6.16666666666667,6,NA,6.25,6,6,7,0,4,9,366,260,106,24,149,217,6.24617486338798,6.68961538461539,5.15849056603773,5.85416666666667,5.86979865771812,6.50460829493088,64
"61",2007,1,6.5,12,6.9375,5.625,5.5,6.1,6.78571428571429,8,4,1,5,7,378,268,110,25,154,224,6.2542328042328,6.69701492537313,5.17545454545454,5.84,5.87727272727273,6.51339285714286,65
"62",2007,2,6.42857142857143,14,7.2,4.5,NA,4.4,7.55555555555556,10,4,0,5,9,392,278,114,25,159,233,6.26045918367347,6.71510791366907,5.15175438596491,5.84,5.83081761006289,6.55364806866953,66
"63",2007,3,6.09090909090909,11,6.2,5,NA,7.33333333333333,5.625,10,1,0,3,8,403,288,115,25,162,241,6.25583126550868,6.69722222222222,5.15043478260869,5.84,5.85864197530864,6.52282157676349,67
"64",2007,4,7,8,7.4,6.33333333333333,6,6.5,7.16666666666667,5,3,1,2,6,411,293,118,26,164,247,6.27031630170316,6.70921501706485,5.18050847457627,5.84615384615385,5.86646341463415,6.53846153846154,68
"65",2007,5,5.27777777777778,9,6.1,4.25,NA,6.5,5.125,5,4,0,1,8,420,298,122,26,165,255,6.24904761904762,6.6989932885906,5.15,5.84615384615385,5.87030303030303,6.49411764705882,69
"66",2007,6,6.33333333333333,9,6.57142857142857,5.5,NA,6,6.6,7,2,0,4,5,429,305,124,26,169,260,6.25081585081585,6.69606557377049,5.15564516129032,5.84615384615385,5.87337278106509,6.49615384615385,70
"67",2007,7,7.2,10,7.57142857142857,6.33333333333333,8,7.25,7.16666666666667,7,3,1,4,6,439,312,127,27,173,266,6.27243735763098,6.71570512820513,5.18346456692913,5.92592592592593,5.90520231213873,6.51127819548872,71
"68",2007,8,6.95454545454545,11,7.1875,6.33333333333333,NA,7.83333333333333,6.625,8,3,0,3,8,450,320,130,27,176,274,6.28911111111111,6.7275,5.21,5.92592592592593,5.93806818181818,6.51459854014599,72
"69",2007,9,6.58333333333333,6,6.7,6,NA,6.66666666666667,6.5,5,1,0,3,3,456,325,131,27,179,277,6.29298245614035,6.72707692307692,5.21603053435114,5.92592592592593,5.95027932960894,6.514440433213,73
"70",2007,10,5.85714285714286,7,6.2,5,NA,6,5.66666666666667,5,2,0,4,3,463,330,133,27,183,280,6.28639308855291,6.71909090909091,5.21278195488722,5.92592592592593,5.95136612021858,6.50535714285714,74
"71",2007,11,6.45454545454545,11,6.44444444444444,6.5,NA,7,6.25,9,2,0,3,8,474,339,135,27,186,288,6.29029535864979,6.7117994100295,5.23185185185185,5.92592592592593,5.96827956989247,6.49826388888889,75
"72",2007,12,6.05555555555556,18,6.23076923076923,5.6,NA,5.125,6.8,13,5,0,8,10,492,352,140,27,194,298,6.28170731707317,6.69403409090909,5.245,5.92592592592593,5.93350515463917,6.50838926174497,76
"73",2008,1,6.40909090909091,11,6.83333333333333,4.5,2,7.5,6.16666666666667,9,2,1,2,9,503,361,142,28,196,307,6.2844930417495,6.69750692520776,5.23450704225352,5.78571428571429,5.94948979591837,6.49837133550489,77
"74",2008,2,6.89473684210526,19,7.28571428571429,5.8,7,6.07142857142857,7.375,14,5,1,7,12,522,375,147,29,203,319,6.30670498084291,6.71946666666667,5.25374149659864,5.82758620689655,5.95369458128079,6.53134796238245,78
"75",2008,3,6.23333333333333,15,6.59090909090909,5.25,NA,6.4,6.15,11,4,0,5,10,537,386,151,29,208,329,6.30465549348231,6.71580310880829,5.25364238410596,5.82758620689655,5.96442307692308,6.51975683890578,79
"76",2008,4,6.5625,8,7.33333333333333,4.25,NA,6.625,6.5,6,2,0,4,4,545,392,153,29,212,333,6.30844036697248,6.72525510204082,5.24052287581699,5.82758620689655,5.97688679245283,6.51951951951952,80
"77",2008,5,6.88888888888889,9,7,6,6,6.75,7,8,1,1,4,5,554,400,154,30,216,338,6.31787003610108,6.73075,5.24545454545454,5.83333333333333,5.9912037037037,6.52662721893491,81
"78",2008,6,7.07142857142857,14,7.5,6,5,7.33333333333333,7,10,4,1,3,11,568,410,158,31,219,349,6.33644366197183,6.74951219512195,5.26455696202531,5.80645161290323,6.00958904109589,6.54154727793696,82
"79",2008,7,6.55,10,7.66666666666667,4.875,4.5,4,7.1875,6,4,2,2,8,578,416,162,33,221,357,6.3401384083045,6.76274038461538,5.25493827160494,5.72727272727273,5.99140271493213,6.55602240896359,83
"80",2008,8,5.5,7,5,6.75,7.5,5.83333333333333,5.25,5,2,1,3,4,585,421,164,34,224,361,6.33008547008547,6.74180522565321,5.27317073170731,5.77941176470588,5.98928571428571,6.5415512465374,84
"81",2008,9,5.61764705882353,17,6.22222222222222,4.9375,5.08333333333333,5.18181818181818,6.41666666666667,9,8,6,11,6,602,430,172,40,235,367,6.30996677740864,6.73093023255814,5.25755813953488,5.675,5.95148936170213,6.53950953678474,85
"82",2008,10,4.14285714285714,7,7,3.66666666666667,4,4.14285714285714,NA,1,6,4,7,0,609,431,178,44,242,367,6.28505747126437,6.73155452436195,5.20393258426966,5.52272727272727,5.89917355371901,6.53950953678474,86
"83",2008,11,6.14285714285714,7,7.33333333333333,5.25,3.5,3.5,7.2,3,4,2,2,5,616,434,182,46,244,372,6.28344155844156,6.73571428571429,5.20494505494505,5.43478260869565,5.87950819672131,6.54838709677419,87
"84",2008,12,5.85714285714286,7,6.25,5.33333333333333,4,7,5.4,4,3,1,2,5,623,438,185,47,246,377,6.27865168539326,6.73127853881279,5.20702702702703,5.40425531914894,5.88861788617886,6.53315649867374,88
"85",2009,1,6.23076923076923,13,7,4.5,5,5.83333333333333,6.57142857142857,9,4,2,6,7,636,447,189,49,252,384,6.27767295597484,6.73668903803132,5.19206349206349,5.38775510204082,5.88730158730159,6.53385416666667,89
"86",2009,2,6.41666666666667,18,6.70833333333333,5.83333333333333,8,6.1,6.53846153846154,12,6,1,5,13,654,459,195,50,257,397,6.28149847094801,6.7359477124183,5.21179487179487,5.44,5.89143968871595,6.53400503778338,90
"87",2009,3,7.2,10,7.8,6.6,7,7.33333333333333,7.14285714285714,5,5,3,3,7,664,464,200,53,260,404,6.2953313253012,6.74741379310345,5.2465,5.52830188679245,5.90807692307692,6.54455445544554,91
"88",2009,4,5.75,10,6.33333333333333,4.875,4,4.875,6.33333333333333,6,4,1,4,6,674,470,204,54,264,410,6.28724035608308,6.74212765957447,5.23921568627451,5.5,5.89242424242424,6.54146341463415,92
"89",2009,5,6.20588235294118,17,7.25,4.71428571428571,4.66666666666667,6.5,5.94444444444444,10,7,3,8,9,691,480,211,57,272,419,6.28523878437048,6.75270833333333,5.2218009478673,5.45614035087719,5.91029411764706,6.52863961813842,93
"90",2009,6,6.795,10,7.56428571428571,5,4.5,6.125,6.9625,7,3,2,2,8,701,487,214,59,274,427,6.29251069900142,6.76437371663244,5.21869158878504,5.42372881355932,5.91186131386861,6.5367681498829,94
"91",2009,7,5.5,10,6.33333333333333,4.25,5,4.75,6,6,4,1,4,6,711,493,218,60,278,433,6.28136427566807,6.75912778904665,5.20091743119266,5.41666666666667,5.89514388489209,6.52933025404157,95
"92",2009,8,5.375,8,6.8,3,6,NA,5.375,5,3,1,0,8,719,498,221,61,278,441,6.27127955493741,6.75953815261044,5.1710407239819,5.42622950819672,5.89514388489209,6.50839002267574,96
"93",2009,9,6.59090909090909,22,7.23076923076923,5.66666666666667,5.66666666666667,6.625,6.57142857142857,13,9,6,8,14,741,511,230,67,286,455,6.28076923076923,6.77152641878669,5.19043478260869,5.44776119402985,5.91555944055944,6.51032967032967,97
"94",2009,10,6.76923076923077,13,6.57142857142857,7,7.33333333333333,6,6.83333333333333,7,6,3,1,12,754,518,236,70,287,467,6.28919098143236,6.76882239382239,5.2364406779661,5.52857142857143,5.91585365853658,6.5186295503212,98
"95",2009,11,3.76538461538462,26,5.62727272727273,2.4,6.5,3.66666666666667,3.81764705882353,11,15,2,9,17,780,529,251,72,296,484,6.2050641025641,6.74508506616257,5.06693227091633,5.55555555555556,5.84746621621622,6.42376033057851,99
"96",2009,12,5.56041666666667,24,6.76333333333333,3.55555555555556,5.6,4,6.08055555555556,15,9,5,6,18,804,544,260,77,302,502,6.18582089552239,6.74558823529412,5.01461538461538,5.55844155844156,5.81076158940397,6.41145418326693,100
"97",2010,1,6.90909090909091,22,7.15384615384615,6.55555555555556,6.6,6.5,7.1,13,9,5,7,15,826,557,269,82,309,517,6.20508474576271,6.75511669658887,5.06617100371747,5.6219512195122,5.82637540453074,6.43143133462282,101
"98",2010,2,6.53846153846154,13,6.55555555555556,6.5,6.5,5,7,9,4,2,3,10,839,566,273,84,312,527,6.21025029797378,6.75194346289753,5.08717948717948,5.64285714285714,5.81842948717949,6.44222011385199,102
"99",2010,3,7.13333333333333,12,7.21,6.75,NA,7,7.14545454545455,10,2,0,1,11,851,576,275,84,313,538,6.22326674500587,6.75989583333333,5.09927272727272,5.64285714285714,5.82220447284345,6.45659851301115,103
"100",2010,4,5.44444444444444,9,6.2,4.5,5,5.5,5.4,5,4,1,4,5,860,581,279,85,317,543,6.21511627906977,6.75507745266781,5.09068100358423,5.63529411764706,5.81813880126183,6.44686924493554,104
"101",2010,5,6,4,4,8,9,2,7.33333333333333,2,2,1,1,3,864,583,281,86,318,546,6.21412037037037,6.74562607204117,5.11138790035587,5.67441860465116,5.8061320754717,6.45173992673993,105
"102",2010,6,6.1,5,6.25,5.5,5.5,NA,6.1,4,1,1,0,5,869,587,282,87,318,551,6.21346375143843,6.74224872231687,5.11276595744681,5.67241379310345,5.8061320754717,6.44854809437386,106
"103",2010,7,6.125,12,7,5.25,5.83333333333333,4.25,7.0625,6,6,3,4,8,881,593,288,90,322,559,6.21225879682179,6.74485666104553,5.115625,5.67777777777778,5.78680124223602,6.45733452593918,107
"104",2010,8,7.4,5,7.5,7,NA,8,7,4,1,0,2,3,886,597,289,90,324,562,6.21896162528216,6.7499162479062,5.12214532871972,5.67777777777778,5.80046296296296,6.46023131672598,108
"105",2010,9,7.22222222222222,9,7.25,7.2,4,NA,7.22222222222222,4,5,1,0,9,895,601,294,91,324,571,6.22905027932961,6.75324459234609,5.15748299319728,5.65934065934066,5.80046296296296,6.47224168126094,109
"106",2010,10,7.5,7,7.875,7,6,8,7.3,4,3,1,2,5,902,605,297,92,326,576,6.23891352549889,6.76066115702479,5.17609427609427,5.66304347826087,5.81395705521472,6.47942708333333,110
"107",2010,11,6.63181818181818,11,6.65833333333333,6.6,5.66666666666667,6.15,6.8125,6,5,3,3,8,913,611,302,95,329,584,6.24364731653888,6.75965630114566,5.19966887417218,5.66315789473684,5.81702127659574,6.4839897260274,111
"108",2010,12,6.63636363636364,11,6.77777777777778,6,NA,7.25,6.28571428571429,9,2,0,4,7,924,620,304,95,333,591,6.24832251082251,6.75991935483871,5.20493421052631,5.66315789473684,5.83423423423423,6.48164128595601,112
"109",2011,1,6.16111111111111,18,6.1,6.375,6.5,5.3,6.49230769230769,14,4,3,5,13,942,634,308,98,338,604,6.24665605095541,6.74534700315457,5.22012987012987,5.68877551020408,5.82633136094675,6.48187086092715,113
"110",2011,2,6.7,5,6.25,8.5,8.5,NA,6.7,4,1,1,0,5,947,638,309,99,338,609,6.24904963041182,6.74224137931034,5.23074433656958,5.71717171717172,5.82633136094675,6.48366174055829,114
"111",2011,3,6.13529411764706,17,6.525,5.2,5,6.9,6.03333333333333,12,5,1,2,15,964,650,314,100,340,624,6.24704356846473,6.73823076923077,5.23025477707006,5.71,5.83264705882353,6.47283653846154,115
"112",2011,4,6.31944444444444,18,6.55555555555556,6.08333333333333,6.5,6.33333333333333,6.31666666666667,9,9,3,3,15,982,659,323,103,343,639,6.24837067209776,6.73573596358118,5.25402476780185,5.73300970873786,5.83702623906705,6.46917057902973,116
"113",2011,5,7.28571428571429,7,7.5,6,6.5,6.83333333333333,7.625,6,1,2,3,4,989,665,324,105,346,643,6.25571284125379,6.74263157894737,5.25632716049382,5.74761904761905,5.84566473988439,6.47636080870917,117
"114",2011,6,6.15,10,6.5,5.33333333333333,4,5.83333333333333,6.28571428571429,7,3,1,3,7,999,672,327,106,349,650,6.25465465465465,6.74010416666667,5.25703363914373,5.7311320754717,5.84555873925501,6.47430769230769,118
"115",2011,7,6,8,7,4.33333333333333,3.5,NA,6,5,3,2,0,8,1007,677,330,108,349,658,6.25263157894737,6.74202363367799,5.24863636363636,5.68981481481481,5.84555873925501,6.46854103343465,119
"116",2011,8,6.0625,8,6,6.125,NA,6.25,6,4,4,0,2,6,1015,681,334,108,351,664,6.25113300492611,6.73766519823789,5.25913173652694,5.68981481481481,5.84786324786325,6.46430722891566,120
"117",2011,9,6.16666666666667,6,6,6.25,8,6,6.25,2,4,1,2,4,1021,683,338,109,353,668,6.25063663075416,6.73550512445095,5.27085798816568,5.71100917431193,5.84872521246459,6.46302395209581,121
"118",2011,10,6.90588235294118,17,7.19,6.5,6.75,7.1,6.825,10,7,4,5,12,1038,693,345,113,358,680,6.26136801541426,6.74206349206349,5.29579710144927,5.74778761061947,5.86620111731844,6.46941176470588,122
"119",2011,11,6.88181818181818,11,7,6.74,6,7,6.87,6,5,1,1,10,1049,699,350,114,359,690,6.26787416587226,6.74427753934192,5.31642857142857,5.75,5.86935933147632,6.47521739130435,123
"120",2011,12,6.16666666666667,6,6.75,5,7,6.25,6,4,2,1,4,2,1055,703,352,115,363,692,6.26729857819905,6.74431009957326,5.31463068181818,5.76086956521739,5.87355371900826,6.47384393063584,124
"121",2012,1,6.740625,16,6.82777777777778,6.62857142857143,10,6.725,6.74285714285714,9,7,1,2,14,1071,712,359,116,365,706,6.27436974789916,6.74536516853933,5.34025069637883,5.79741379310345,5.87821917808219,6.47917847025496,125
"122",2012,2,5.765,10,6.1125,4.375,3,6,5.70625,8,2,1,2,8,1081,720,361,117,367,714,6.26965772432932,6.73833333333333,5.33490304709141,5.77350427350427,5.87888283378746,6.47051820728291,126
"123",2012,3,7,6,7,7,7,8,6,5,1,1,3,3,1087,725,362,118,370,717,6.2736890524379,6.74013793103448,5.33950276243094,5.78389830508475,5.89608108108108,6.46854951185495,127
"124",2012,4,6.2,9,6.83333333333333,4.93333333333333,5.4,6.93333333333333,5.83333333333333,6,3,2,3,6,1096,731,365,120,373,723,6.27308394160584,6.74090287277702,5.33616438356164,5.7775,5.9044235924933,6.46327800829875,128
"125",2012,5,7.25,12,8.41666666666667,6.08333333333333,6.75,7.75,7.15,6,6,2,2,10,1108,737,371,122,375,733,6.2836642599278,6.75454545454545,5.34824797843666,5.79344262295082,5.91426666666667,6.47264665757162,129
"126",2012,6,6.75,6,6.875,6.5,NA,8.5,6.4,4,2,0,1,5,1114,741,373,122,376,738,6.28617594254937,6.75519568151147,5.3544235924933,5.79344262295082,5.92114361702128,6.47215447154471,130
"127",2012,7,6.38818181818182,11,7.14285714285714,5.0675,NA,7.5,6.277,7,4,0,1,10,1125,748,377,122,377,748,6.28717333333333,6.75882352941176,5.35137931034483,5.79344262295082,5.92533156498674,6.46954545454545,131
"128",2012,8,7.6,5,8,6,NA,NA,7.6,4,1,0,0,5,1130,752,378,122,377,753,6.29298230088495,6.76542553191489,5.35309523809524,5.79344262295082,5.92533156498674,6.47705179282868,132
"129",2012,9,6.92307692307692,13,7.125,6.6,5,6.66666666666667,7,8,5,2,3,10,1143,760,383,124,380,763,6.30014873140857,6.76921052631579,5.36937336814621,5.78064516129032,5.93118421052632,6.48390563564875,133
"130",2012,10,6.53846153846154,13,7.375,5.2,7,6.5,6.54545454545455,8,5,3,2,11,1156,768,388,127,382,774,6.30282871972318,6.77552083333333,5.36719072164948,5.80944881889764,5.93416230366492,6.4847803617571,134
"131",2012,11,6.7,10,7,6.4,6,7,6.625,5,5,1,2,8,1166,773,393,128,384,782,6.30623499142367,6.77697283311772,5.38033078880407,5.8109375,5.93971354166667,6.48621483375959,135
"132",2012,12,7.35384615384615,13,7.71428571428571,6.93333333333333,7.5,7,7.41818181818182,7,6,2,2,11,1179,780,399,130,386,793,6.31778625954198,6.78538461538461,5.40368421052631,5.83692307692308,5.94520725388601,6.49914249684741,136
"133",2013,1,6.47391304347826,23,6.74375,5.85714285714286,6.7,6.6,6.39285714285714,16,7,2,9,14,1202,796,406,132,395,807,6.32077371048253,6.78454773869347,5.41150246305419,5.85,5.96012658227848,6.49729863692689,137
"134",2013,2,5.06,11,6.11,3.8,3.5,3,5.8325,6,5,4,3,8,1213,802,411,136,398,815,6.30934047815334,6.77950124688279,5.39189781021898,5.78088235294118,5.93781407035176,6.49077300613497,138
"135",2013,3,5.84375,16,5.91666666666667,5.8,5.8,4.7,6.36363636363636,6,10,5,5,11,1229,808,421,141,403,826,6.30327908868999,6.77309405940594,5.40159144893111,5.78156028368794,5.92245657568238,6.4890799031477,139
"136",2013,4,6.1625,8,7.16666666666667,5.56,5.6,5,6.55,3,5,3,2,6,1237,811,426,144,405,832,6.30236863379143,6.77454993834772,5.40345070422535,5.77777777777778,5.9179012345679,6.48951923076923,140
"137",2013,5,6.64166666666667,6,6.6,6.85,NA,6,6.9625,5,1,0,2,4,1243,816,427,144,407,836,6.30400643604183,6.77348039215686,5.40683840749414,5.77777777777778,5.91830466830467,6.49178229665072,141
"138",2013,6,6.20588235294118,17,6.95454545454545,4.83333333333333,3.66666666666667,6,6.23333333333333,11,6,3,2,15,1260,827,433,147,409,851,6.30268253968254,6.77588875453446,5.39889145496536,5.73469387755102,5.91870415647922,6.4872267920094,142
"139",2013,7,6.51785714285714,14,6.64583333333333,5.75,NA,6.25,6.625,12,2,0,4,10,1274,839,435,147,413,861,6.30504709576138,6.77402860548272,5.40050574712644,5.73469387755102,5.92191283292978,6.48882694541231,143
"140",2013,8,6.06666666666667,15,6.21428571428571,5.9375,6,5,6.33333333333333,7,8,5,3,12,1289,846,443,152,416,873,6.30227307990691,6.76939716312057,5.41020316027088,5.74342105263158,5.91526442307692,6.48668957617411,144
"141",2013,9,6.74642857142857,14,6.875,6.575,7.75,5,6.88076923076923,8,6,2,1,13,1303,854,449,154,417,886,6.30704528012279,6.77038641686183,5.42576837416481,5.76948051948052,5.91306954436451,6.49247178329571,145
"142",2013,10,7.40625,16,7.65,7,7.5,6.5,7.53571428571429,10,6,2,2,14,1319,864,455,156,419,900,6.32037907505686,6.78056712962963,5.44652747252747,5.79166666666667,5.91587112171838,6.5087,146
"143",2013,11,5.59090909090909,11,6.3,5,4,4,5.75,5,6,2,1,10,1330,869,461,158,420,910,6.31434586466166,6.77780207134637,5.440715835141,5.76898734177215,5.91130952380952,6.50036263736264,147
"144",2013,12,6.57692307692308,13,6.61111111111111,6.5,8,5.5,7.05555555555556,9,4,1,4,9,1343,878,465,159,424,919,6.31688756515265,6.77609339407745,5.44982795698925,5.78301886792453,5.90742924528302,6.50579978237214,148
"145",2014,1,7.2125,12,6.8,7.50714285714286,6.75,6.125,7.43,5,7,3,2,10,1355,883,472,162,426,929,6.32481918819188,6.77622876557191,5.48033898305085,5.80092592592593,5.90845070422535,6.51574811625404,149
"146",2014,2,6.14285714285714,14,7.25,4.66666666666667,4.66666666666667,7,6,8,6,3,2,12,1369,891,478,165,428,941,6.32295836376918,6.78048260381594,5.47012552301255,5.78030303030303,5.91355140186916,6.50917109458023,150
"147",2014,3,7.28333333333333,12,7.21111111111111,7.5,9,8,7.14,9,3,1,2,10,1381,900,481,166,430,951,6.33130340333092,6.78478888888889,5.48278586278586,5.79969879518072,5.92325581395349,6.51580441640378,151
"148",2014,4,7.9375,8,8.35714285714286,5,NA,NA,7.9375,7,1,0,0,8,1389,907,482,166,430,959,6.34055435565155,6.79692392502756,5.48178423236514,5.79969879518072,5.92325581395349,6.52766423357664,152
"149",2014,5,5.91666666666667,6,6.66666666666667,5.16666666666667,5.75,5.75,6,3,3,2,2,4,1395,910,485,168,432,963,6.3387311827957,6.7964945054945,5.47983505154639,5.79910714285714,5.9224537037037,6.52547248182762,153
"150",2014,6,6.375,12,6.91666666666667,5.83333333333333,5.5,4.75,7.1875,6,6,4,4,8,1407,916,491,172,436,971,6.33904051172708,6.79728165938864,5.48415478615071,5.7921511627907,5.91169724770642,6.53092687950566,154
"151",2014,7,7.8125,8,7.5,10,NA,NA,7.8125,7,1,0,0,8,1415,923,492,172,436,979,6.34737102473498,6.80261105092091,5.49333333333333,5.7921511627907,5.91169724770642,6.54139938712972,155
"152",2014,8,6.04166666666667,12,6.125,5.875,6.16666666666667,5.5,6.3125,8,4,3,4,8,1427,931,496,175,440,987,6.34480028030834,6.79678839957035,5.49641129032258,5.79857142857143,5.90795454545455,6.53954407294833,156
"153",2014,9,6.9,10,7.35714285714286,5.83333333333333,7.25,NA,6.9,7,3,2,0,10,1437,938,499,177,440,997,6.34866388308977,6.80097014925373,5.49843687374749,5.81497175141243,5.90795454545455,6.5431594784353,157
"154",2014,10,7.16666666666667,6,8,6.75,6,9,6.8,2,4,2,1,5,1443,940,503,179,441,1002,6.35206514206514,6.80352127659574,5.50838966202783,5.81703910614525,5.91496598639456,6.54444111776447,158
"155",2014,11,7.2,5,8,4,4,4,8,4,1,1,1,4,1448,944,504,180,442,1006,6.35499309392265,6.80859110169491,5.50539682539682,5.80694444444445,5.9106334841629,6.55022862823061,159
"156",2014,12,7.2,5,7.2,NA,NA,6,7.5,5,0,0,1,4,1453,949,504,180,443,1010,6.35790089470062,6.81065331928346,5.50539682539682,5.80694444444445,5.91083521444695,6.5539900990099,160
"157",2015,1,6.95,10,7,6.9,7.25,7,6.94444444444444,5,5,2,1,9,1463,954,509,182,444,1019,6.36194805194805,6.81164570230608,5.51909626719057,5.8228021978022,5.91328828828829,6.55743866535819,161
"158",2015,2,6.31818181818182,11,7.07142857142857,5,5.33333333333333,NA,6.31818181818182,7,4,3,0,11,1474,961,513,185,444,1030,6.36162143826323,6.81353798126951,5.51504873294347,5.81486486486487,5.91328828828829,6.55488349514563,162
"159",2015,3,6.25,20,5.625,6.66666666666667,7,5.25,6.5,8,12,6,4,16,1494,969,525,191,448,1046,6.36012717536814,6.80372549019608,5.54137142857143,5.8520942408377,5.90736607142857,6.55404397705545,163
"160",2015,4,6.58333333333333,12,7.66666666666667,5.5,4.75,7.5,6.4,6,6,4,2,10,1506,975,531,195,450,1056,6.36190571049137,6.8090358974359,5.54090395480226,5.82948717948718,5.91444444444444,6.55258522727273,164
"161",2015,5,7.32142857142857,14,7.72222222222222,6.6,7,NA,7.32142857142857,9,5,1,0,14,1520,984,536,196,450,1070,6.37074342105263,6.81738821138211,5.55078358208955,5.83545918367347,5.91444444444444,6.56264485981308,165
"162",2015,6,6.5,10,6.57142857142857,6.33333333333333,8,NA,6.5,7,3,1,0,10,1530,991,539,197,450,1080,6.37158823529412,6.81565085771947,5.55513914656772,5.84644670050762,5.91444444444444,6.56206481481481,166
"163",2015,7,6.58333333333333,12,6.7,6.23333333333333,5.5,NA,6.58333333333333,9,3,2,0,12,1542,1000,542,199,450,1092,6.37323605706874,6.81461,5.55889298892989,5.8429648241206,5.91444444444444,6.56229853479853,167
"164",2015,8,6.8,10,7.25,5,5,6.5,7,8,2,1,4,6,1552,1008,544,200,454,1098,6.37598582474227,6.81806547619048,5.55683823529412,5.83875,5.91960352422907,6.56469034608379,168
"165",2015,9,7,8,7.14285714285714,6,NA,7,7,7,1,0,2,6,1560,1015,545,200,456,1104,6.3791858974359,6.82030541871921,5.55765137614679,5.83875,5.92434210526316,6.56705615942029,169
"166",2015,10,6.3,5,5.375,10,NA,NA,6.3,4,1,0,0,5,1565,1019,546,200,456,1109,6.37893290734824,6.81463199214916,5.56578754578754,5.83875,5.92434210526316,6.56585211902615,170
"167",2015,11,6.54545454545455,11,6.8,6.33333333333333,6.5,7.25,6.38888888888889,5,6,3,2,9,1576,1024,552,203,458,1118,6.38009517766498,6.814560546875,5.57413043478261,5.84852216748769,5.93013100436681,6.56442754919499,171
"168",2015,12,6.59090909090909,11,6.75,6.4,7,6,6.65,6,5,1,1,10,1587,1030,557,204,459,1128,6.38155639571519,6.81418446601942,5.58154398563734,5.85416666666667,5.93028322440087,6.56518617021276,172
"169",2016,1,6.52857142857143,7,7.125,5.73333333333333,7,7,6.45,4,3,1,1,6,1594,1034,560,205,460,1134,6.38220200752823,6.81538684719536,5.58235714285714,5.85975609756098,5.93260869565217,6.56457671957672,173
"170",2016,2,6.26363636363636,11,6.1125,6.66666666666667,6,6.5,6.21111111111111,8,3,1,2,9,1605,1042,563,206,462,1143,6.38138940809969,6.80999040307102,5.588134991119,5.86043689320388,5.93506493506494,6.56179352580927,174
"171",2016,3,5.8,10,6.625,5.25,5.5,3.7,6.03333333333333,4,6,4,1,9,1615,1046,569,210,463,1152,6.37778947368421,6.80928298279159,5.58456942003515,5.85357142857143,5.93023758099352,6.55766493055555,175
"172",2016,4,6.57777777777778,18,6.20833333333333,7.31666666666667,7.5,6.2,6.72307692307692,12,6,2,5,13,1633,1058,575,212,468,1165,6.37999387630129,6.80246691871455,5.60264347826087,5.86910377358491,5.93311965811966,6.55951072961373,176
"173",2016,5,6.33333333333333,12,7.4,5.57142857142857,6,4,6.54545454545455,5,7,2,1,11,1645,1063,582,214,469,1176,6.37965349544073,6.80527751646284,5.60226804123711,5.87032710280374,5.92899786780384,6.55937925170068,177
"174",2016,6,6.3125,16,6.76923076923077,4.33333333333333,5,6,6.33333333333333,13,3,1,1,15,1661,1076,585,215,470,1191,6.37900662251656,6.80484200743494,5.59576068376068,5.86627906976744,5.92914893617021,6.55653232577666,178
"175",2016,7,6.2,15,6.625,5.71428571428571,6.25,5.5,6.45454545454545,8,7,4,4,11,1676,1084,592,219,474,1202,6.37740453460621,6.8035147601476,5.59716216216216,5.87328767123288,5.92552742616034,6.55559900166389,179
"176",2016,8,6.51818181818182,11,7.66666666666667,5.14,6.175,5.7,6.6,6,5,4,1,10,1687,1090,597,223,475,1212,6.37832246591583,6.80826605504587,5.59333333333333,5.87869955156951,5.92505263157895,6.55596534653465,180
"177",2016,9,6.72727272727273,11,6.83333333333333,6.6,7,7,6.66666666666667,6,5,1,2,9,1698,1096,602,224,477,1221,6.38058303886926,6.80840328467153,5.60169435215947,5.88370535714286,5.92955974842767,6.55678132678132,181
"178",2016,10,7.36363636363636,11,7.5,7,7,7.5,7.33333333333333,8,3,1,2,9,1709,1104,605,225,479,1230,6.38691047396138,6.81341485507246,5.60862809917355,5.88866666666667,5.93611691022964,6.56246341463414,182
"179",2016,11,6.96428571428571,14,7.55,5.5,6,7.5,6.875,10,4,1,2,12,1723,1114,609,226,481,1242,6.39160185722577,6.82002692998205,5.60791461412151,5.8891592920354,5.94261954261954,6.56548309178744,183
"180",2016,12,6.57142857142857,14,6.88888888888889,6,5,7,6.5,9,5,1,2,12,1737,1123,614,227,483,1254,6.39305123776626,6.82057880676759,5.61110749185668,5.8852422907489,5.94699792960662,6.56485645933014,184
"181",2017,1,6.75,12,7.3,4,7,9,6.54545454545455,10,2,1,1,11,1749,1133,616,228,484,1265,6.39550028587765,6.82481023830538,5.60587662337662,5.89013157894737,5.95330578512397,6.56468774703557,185
"182",2017,2,6.95,10,7,6.9,5,8,6.6875,5,5,1,2,8,1759,1138,621,229,486,1273,6.39865264354747,6.82557996485061,5.6162962962963,5.88624454148472,5.96172839506173,6.56545954438335,186
"183",2017,3,6.95,10,8.5,5.4,5.5,6.5,7.14285714285714,5,5,2,3,7,1769,1143,626,231,489,1280,6.40176936122103,6.83290463692038,5.61456869009585,5.88290043290043,5.96503067484663,6.5686171875,187
"184",2017,4,7.11428571428571,21,7.42142857142857,6.5,6.125,6.475,7.26470588235294,14,7,4,4,17,1790,1157,633,235,493,1297,6.41012849162011,6.84002592912705,5.62436018957346,5.88702127659575,5.96916835699797,6.57774094063223,188
"185",2017,5,7.30769230769231,13,7.77777777777778,6.25,7.5,NA,7.30769230769231,9,4,2,0,13,1803,1166,637,237,493,1310,6.41660011092623,6.84726415094339,5.62828885400314,5.90063291139241,5.96916835699797,6.58498473282443,189
"186",2017,6,7.16,10,8,6.32,5.33333333333333,7,7.17777777777778,5,5,3,1,9,1813,1171,642,240,494,1319,6.42070049641478,6.85218616567037,5.63367601246106,5.89354166666667,5.97125506072874,6.58902956785443,190
"187",2017,7,6.25,14,7.75,4.25,5.83333333333333,7.25,5.85,8,6,3,4,10,1827,1179,648,243,498,1329,6.41939244663383,6.85827820186599,5.62086419753086,5.89279835390947,5.98152610441767,6.58346877351392,191
"188",2017,8,6.36363636363636,22,6.6,5.85714285714286,6.66666666666667,4.5,6.77777777777778,15,7,3,4,18,1849,1194,655,246,502,1347,6.4187290427258,6.85503350083752,5.6233893129771,5.90223577235772,5.96972111553785,6.58606533036377,192
"189",2017,9,7.47058823529412,17,7.61538461538461,7,7,8.16666666666667,7.32142857142857,13,4,1,3,14,1866,1207,659,247,505,1361,6.42831189710611,6.86322286661143,5.63174506828528,5.90668016194332,5.98277227722772,6.59362968405584,193
"190",2017,10,7.25,10,7.66666666666667,6.625,9,9,7.05555555555556,6,4,1,1,9,1876,1213,663,248,506,1370,6.43269189765458,6.86719703215169,5.63773755656108,5.91915322580645,5.98873517786561,6.59666423357664,194
"191",2017,11,7.02857142857143,14,6.9,7.35,7.5,7,7.04,10,4,2,4,10,1890,1223,667,250,510,1380,6.43710582010582,6.86746524938675,5.6480059970015,5.9318,5.99666666666667,6.5998768115942,195
"192",2017,12,7.2,10,7.375,6.5,NA,7,7.22222222222222,8,2,0,1,9,1900,1231,669,250,511,1389,6.44112105263158,6.87076360682372,5.65055306427504,5.9318,5.9986301369863,6.60390928725702,196
"193",2018,1,6.68478260869565,23,7.203125,5.5,6,7.25,6.56578947368421,16,7,1,4,19,1923,1247,676,251,515,1408,6.44403536141446,6.87502806736167,5.64899408284024,5.93207171314741,6.00834951456311,6.60339488636363,197
"194",2018,2,7.45833333333333,12,7.75,6,NA,7.66666666666667,7.38888888888889,10,2,0,3,9,1935,1257,678,251,518,1417,6.45032558139535,6.88198886237072,5.65002949852507,5.93207171314741,6.01795366795367,6.60838390966831,198
"195",2018,3,6.5,8,6.28571428571429,8,NA,NA,6.5,7,1,0,0,8,1943,1264,679,251,518,1425,6.45053010808029,6.87868670886076,5.65349042709867,5.93207171314741,6.01795366795367,6.60777543859649,199
"196",2018,4,6.8125,8,6.91666666666667,6.5,6,7,6.78571428571429,6,2,1,1,7,1951,1270,681,252,519,1432,6.45201435161456,6.87886614173228,5.6559765051395,5.93234126984127,6.01984585741811,6.60864525139665,200
"197",2018,5,6.59090909090909,11,8.1,5.33333333333333,5,6,6.65,5,6,3,1,10,1962,1275,687,255,520,1442,6.45279306829766,6.88365490196078,5.65315866084425,5.92137254901961,6.01980769230769,6.60893203883495,201
"198",2018,6,6.875,8,7.75,6,6,7.5,6.66666666666667,4,4,2,2,6,1970,1279,691,257,522,1448,6.4545076142132,6.8863643471462,5.65516642547033,5.92198443579767,6.02547892720306,6.60917127071823,202
"199",2018,7,5.83333333333333,6,6.75,4,4,8,5.4,4,2,1,1,5,1976,1283,693,258,523,1453,6.45262145748988,6.88593920498831,5.65038961038961,5.91453488372093,6.02925430210325,6.60501032346868,203
"200",2018,8,6.125,8,6.75,5.5,5.33333333333333,6,6.14285714285714,4,4,3,1,7,1984,1287,697,261,524,1460,6.45130040322581,6.8855167055167,5.64952654232424,5.90785440613027,6.02919847328244,6.60279452054794,204
"201",2018,9,6.71428571428571,7,6.8,6.5,6,NA,6.71428571428571,5,2,1,0,7,1991,1292,699,262,524,1467,6.4522250125565,6.88518575851393,5.65195994277539,5.90820610687023,6.02919847328244,6.60332651670075,205
"202",2018,10,7.00909090909091,11,7.9,6.26666666666667,7.86666666666667,9,6.56666666666667,5,6,3,2,9,2002,1297,705,265,526,1476,6.45528471528472,6.88909791827293,5.6571914893617,5.93037735849057,6.04049429657795,6.60310298102981,206
"203",2018,11,6,10,6.5,5.25,7,5,6.11111111111111,6,4,2,1,9,2012,1303,709,267,527,1485,6.45302186878728,6.88730621642364,5.65489421720733,5.93838951310862,6.03851992409867,6.60012121212121,207
"204",2018,12,7.75,10,7.75,NA,NA,9,7.61111111111111,10,0,0,1,9,2022,1313,709,267,528,1494,6.45943620178042,6.89387661843107,5.65489421720733,5.93838951310862,6.04412878787879,6.60621151271754,208
"205",2019,1,7.44736842105263,19,7.36363636363636,7.5625,7,7,7.56666666666667,11,8,1,4,15,2041,1324,717,268,532,1509,6.46863302302793,6.89777945619335,5.67617852161785,5.94235074626866,6.05131578947368,6.61575878064944,209
"206",2019,2,7.54,11,8.07333333333333,6.9,5.5,7.6,7.534,6,5,2,1,10,2052,1330,722,270,533,1519,6.47437621832359,6.90308270676691,5.68465373961219,5.93907407407407,6.05422138836773,6.62180381830151,210
"207",2019,3,5.3375,8,6.125,4.55,6.1,1,5.95714285714286,4,4,2,1,7,2060,1334,726,272,534,1526,6.46996116504855,6.9007496251874,5.67840220385675,5.94025735294118,6.04475655430712,6.61875491480996,211
"208",2019,4,6.03846153846154,13,6.38888888888889,5.25,4.66666666666667,5.5,6.2,9,4,3,3,10,2073,1343,730,275,537,1536,6.46725518572118,6.89731943410275,5.67605479452055,5.92636363636364,6.04171322160149,6.61602864583333,212
"209",2019,5,7.5,4,8,7.33333333333333,7,NA,7.5,1,3,1,0,4,2077,1344,733,276,537,1540,6.4692441020703,6.89813988095238,5.68283765347885,5.93025362318841,6.04171322160149,6.61832467532467,213
"210",2019,6,7.625,8,7.33333333333333,7.8,7.5,7,7.71428571428571,3,5,2,1,7,2085,1347,738,278,538,1547,6.47367865707434,6.89910913140312,5.69718157181572,5.94154676258993,6.04349442379182,6.62328377504848,214
"211",2019,7,7.1,12,7.81428571428571,6.1,7.5,7.5,7.06363636363636,7,5,1,1,11,2097,1354,743,279,539,1558,6.47726275631855,6.90384047267356,5.69989232839838,5.94713261648746,6.04619666048237,6.62639281129653,215
"212",2019,8,6.27777777777778,9,7,5.91666666666667,5.66666666666667,9,5.9375,3,6,3,1,8,2106,1357,749,282,540,1566,6.47641025641026,6.90405305821665,5.70162883845127,5.94414893617021,6.05166666666667,6.62287356321839,216
"213",2019,9,9,4,8.66666666666667,10,NA,NA,9,3,1,0,0,4,2110,1360,750,282,540,1570,6.48119431279621,6.90794117647059,5.70736,5.94414893617021,6.05166666666667,6.62892993630573,217
"214",2019,10,6.97871428571429,7,7.58775,6.16666666666667,NA,NA,6.97871428571429,4,3,0,0,7,2117,1364,753,282,540,1577,6.48283939537081,6.90993475073314,5.70918990703851,5.94414893617021,6.05166666666667,6.63048256182625,218
"215",2019,11,7.52727272727273,11,7.6,7.46666666666667,7,7.4,7.55555555555556,5,6,1,2,9,2128,1369,759,283,542,1586,6.4882382518797,6.91245507669832,5.72308300395257,5.94787985865725,6.05664206642066,6.63573203026482,219
"216",2019,12,5.66666666666667,9,6.2,5,7,NA,5.66666666666667,5,4,1,0,9,2137,1374,763,284,542,1595,6.48477819372953,6.90986244541485,5.71929226736566,5.95158450704225,6.05664206642066,6.63026394984326,220
"217",2020,1,7.02857142857143,21,7.26666666666667,6.43333333333333,6.22,5.75,7.32941176470588,15,6,5,4,17,2158,1389,769,289,546,1612,6.49006997219648,6.91371562275018,5.72486345903771,5.95622837370242,6.0543956043956,6.63763709677419,221
"218",2020,2,6.63636363636364,11,7.16666666666667,6,5.5,NA,6.63636363636364,6,5,2,0,11,2169,1395,774,291,546,1623,6.49081189488244,6.91480358422939,5.72664082687338,5.95309278350516,6.0543956043956,6.63762846580407,222
"219",2020,3,6.61538461538461,13,6.66666666666667,6.5,6.5,6.5,6.65,9,4,2,3,10,2182,1404,778,293,549,1633,6.49155407882677,6.91321296296296,5.73061696658098,5.95682593856655,6.0568306010929,6.63770422535211,223
"220",2020,4,7.67307692307692,13,7.97222222222222,7,6,7,8.09375,9,4,3,5,8,2195,1413,782,296,554,1641,6.49855170842825,6.91995824486907,5.73710997442455,5.95726351351351,6.06534296028881,6.64480255941499,224
"221",2020,5,7.25,10,7.71428571428571,6.16666666666667,7,NA,7.25,7,3,1,0,10,2205,1420,785,297,554,1651,6.50195963718821,6.92387394366197,5.73875159235669,5.96077441077441,6.06534296028881,6.64846820109025,225
"222",2020,6,8.66666666666667,9,9.2,8,7,9,8.625,5,4,1,1,8,2214,1425,789,298,555,1659,6.51075925925926,6.93186035087719,5.7502154626109,5.96426174496644,6.07063063063063,6.65799939722725,226
"223",2020,7,5.83333333333333,6,5,7.5,9,6,5.8,4,2,1,1,5,2220,1429,791,299,556,1664,6.50892837837838,6.92645276417075,5.7546396965866,5.97441471571906,6.0705035971223,6.65542127403846,227
"224",2020,8,7.92857142857143,7,7.5,8.1,9,7,8.08333333333333,2,5,2,1,6,2227,1431,796,301,557,1670,6.51339066008083,6.92725436757512,5.76937185929648,5.99451827242525,6.0721723518851,6.66055149700599,228
"225",2020,9,5.5,4,5.5,NA,NA,7,5,4,0,0,1,3,2231,1435,796,301,558,1673,6.51157373375168,6.92327595818815,5.76937185929648,5.99451827242525,6.07383512544803,6.65757381948595,229
"226",2020,10,8.5,2,8.5,NA,NA,7,10,2,0,0,1,1,2233,1437,796,301,559,1674,6.51335467980296,6.92547042449548,5.76937185929648,5.99451827242525,6.07549194991055,6.65957048984468,230
"227",2020,11,6.375,8,7,5.33333333333333,NA,6,6.5,5,3,0,2,6,2241,1442,799,301,561,1680,6.51286077643909,6.92572884882108,5.76773466833542,5.99451827242525,6.07522281639929,6.6590005952381,231
"228",2020,12,6.14285714285714,7,8.25,3.33333333333333,NA,2,7.8,4,3,0,2,5,2248,1446,802,301,563,1685,6.51170862989324,6.92939211618257,5.75862842892768,5.99451827242525,6.0607460035524,6.66238635014837,232
"229",2021,1,6.8,9,6.84,6.75,6.75,6,7.2,5,4,2,3,6,2257,1451,806,303,566,1691,6.51285821887461,6.92908407994486,5.76354838709677,5.99950495049505,6.06042402826855,6.66429390892963,233
"230",2021,2,7.5,5,7.625,7,NA,8,7.375,4,1,0,1,4,2262,1455,807,303,567,1695,6.51504022988506,6.93099725085911,5.76508054522924,5.99950495049505,6.06384479717813,6.66597109144543,234
"231",2021,3,6.66666666666667,3,6,7,5,5,7.5,1,2,1,1,2,2265,1456,809,304,568,1697,6.51524105960265,6.93035782967033,5.76813349814586,5.99621710526316,6.06197183098592,6.66695403653506,235
"232",2021,4,5,1,5,NA,NA,NA,5,1,0,0,0,1,2266,1457,809,304,568,1698,6.51457237422772,6.92903294440631,5.76813349814586,5.99621710526316,6.06197183098592,6.66597232037692,236
"233",2021,5,7.16666666666667,3,7.75,6,NA,NA,7.16666666666667,2,1,0,0,3,2269,1459,810,304,568,1701,6.51543455266638,6.93015832762166,5.76841975308642,5.99621710526316,6.06197183098592,6.66685537918871,237
"234",2021,6,5.83333333333333,6,6.66666666666667,5,3,4,6.75,3,3,1,2,4,2275,1462,813,305,570,1705,6.51363560439561,6.92961764705882,5.76558425584256,5.98639344262295,6.05473684210526,6.6670504398827,238
"235",2021,7,6,5,5.33333333333333,7,7,5,6.25,3,2,1,1,4,2280,1465,815,306,571,1709,6.51250921052632,6.92634880546075,5.76861349693251,5.98970588235294,6.05288966725044,6.66607431246343,239
"236",2021,8,7,1,NA,7,7,NA,7,0,1,1,0,1,2281,1465,816,307,571,1710,6.51272292854012,6.92634880546075,5.77012254901961,5.99299674267101,6.05288966725044,6.66626959064328,240
"237",2021,9,5.4,5,6.66666666666667,3.5,5,4.5,6,3,2,1,2,3,2286,1468,818,308,573,1713,6.51028915135608,6.92581811989101,5.76457212713936,5.98977272727273,6.04746945898778,6.66510274372446,241
"238",2021,10,8,3,8.5,7,10,10,7,2,1,1,1,2,2289,1470,819,309,574,1715,6.51224159021407,6.92795986394558,5.76608058608059,6.00275080906149,6.05435540069686,6.66549329446064,242
"239",2021,11,7.35714285714286,7,8.1,5.5,NA,9,7.08333333333333,5,2,0,1,6,2296,1475,821,309,575,1721,6.5148175087108,6.93193288135593,5.76543239951279,6.00275080906149,6.05947826086956,6.66695002905288,243
"240",2021,12,5.4,5,6.5,4.66666666666667,NA,5,5.5,2,3,0,1,4,2301,1477,824,309,576,1725,6.51239504563234,6.93134800270819,5.76143203883495,6.00275080906149,6.05763888888889,6.66424405797102,244
"241",2022,1,5.75,8,5.8,5.66666666666667,2,7,5.57142857142857,5,3,1,1,7,2309,1482,827,310,577,1732,6.50975357297532,6.9275310391363,5.76108827085852,5.98983870967742,6.05927209705373,6.65982736720554,245
"242",2022,2,6.2,5,7,5.66666666666667,5.66666666666667,6,6.25,2,3,3,1,4,2314,1484,830,313,578,1736,6.50908426966292,6.92762870619946,5.76074698795181,5.98674121405751,6.05916955017301,6.65888306451613,246
"243",2022,3,7,2,10,4,NA,NA,7,1,1,0,0,2,2316,1485,831,313,578,1738,6.50950820379966,6.92969764309764,5.75862815884476,5.98674121405751,6.05916955017301,6.65927560414269,247
"244",2022,4,6,1,NA,6,6,NA,6,0,1,1,0,1,2317,1485,832,314,578,1739,6.50928830384118,6.92969764309764,5.75891826923077,5.98678343949045,6.05916955017301,6.65889649223692,248
"245",2022,5,5.76,4,5.02,6.5,NA,NA,5.76,2,2,0,0,4,2321,1487,834,314,578,1743,6.5079969840586,6.92712911903161,5.76069544364508,5.98678343949045,6.05916955017301,6.65683362019507,249
"246",2022,6,6.44444444444444,9,8.16666666666667,3,2,7.1,6.11666666666667,6,3,1,3,6,2330,1493,837,315,581,1749,6.50775150214593,6.93211051574012,5.75080047789725,5.97412698412699,6.06454388984509,6.65498056032019,250
"247",2022,7,7.5,2,7.5,NA,NA,7,8,2,0,0,1,1,2332,1495,837,315,582,1750,6.50860248713551,6.93287023411371,5.75080047789725,5.97412698412699,6.06615120274914,6.65574914285714,251
"248",2022,8,7.625,8,8.16666666666667,6,9,8.33333333333333,7.2,6,2,1,3,5,2340,1501,839,316,585,1755,6.51241923076923,6.93780213191206,5.75139451728248,5.98370253164557,6.07777777777778,6.65729971509972,252
