"","year","month","avg_rating","no_ratings","avg_rating_owned","avg_rating_not_owned","avg_rating_prev_owned","avg_rating_comment","avg_rating_no_comment","no_ratings_owned","no_ratings_not_owned","no_ratings_prev_owned","no_ratings_comment","no_ratings_no_comment","cum_no_ratings","cum_no_ratings_owned","cum_no_ratings_not_owned","cum_no_ratings_prev_owned","cum_no_ratings_comment","cum_no_ratings_no_comment","cum_avg_rating","cum_avg_rating_owned","cum_avg_rating_not_owned","cum_avg_rating_prev_owned","cum_avg_rating_comment","cum_avg_rating_no_comment","month_after_release"
"1",2006,1,7.5,1,NA,7.5,NA,7.5,NA,0,1,0,1,0,1,0,1,0,1,0,7.5,NA,7.5,NA,7.5,NA,-9
"2",2006,3,8,1,8,NA,NA,NA,8,1,0,0,0,1,2,1,1,0,1,1,7.75,8,7.5,NA,7.5,8,-7
"3",2006,4,7,1,NA,7,NA,NA,7,0,1,0,0,1,3,1,2,0,1,2,7.5,8,7.25,NA,7.5,7.5,-6
"4",2006,6,9,1,9,NA,NA,NA,9,1,0,0,0,1,4,2,2,0,1,3,7.875,8.5,7.25,NA,7.5,8,-4
"5",2006,10,7.78571428571429,14,8.11111111111111,7.2,7.75,8.3,7.5,9,5,2,5,9,18,11,7,2,6,12,7.80555555555556,8.18181818181818,7.21428571428571,7.75,8.16666666666667,7.625,0
"6",2006,11,7.28235294117647,17,7.70909090909091,6.5,8,7.3125,7.25555555555556,11,6,1,8,9,35,22,13,3,14,21,7.55142857142857,7.94545454545455,6.88461538461539,7.83333333333333,7.67857142857143,7.46666666666667,1
"7",2006,12,7.72321428571429,28,8,6.0625,NA,7.69642857142857,7.75,24,4,0,14,14,63,46,17,3,28,35,7.62777777777778,7.97391304347826,6.69117647058824,7.83333333333333,7.6875,7.58,2
"8",2007,1,7.47162162162162,37,7.96904761904762,6.81875,7.66666666666667,7.82352941176471,7.1725,21,16,3,17,20,100,67,33,6,45,55,7.57,7.97238805970149,6.7530303030303,7.75,7.73888888888889,7.43181818181818,3
"9",2007,2,7.2880285,20,7.85384615384615,6.23722428571429,9,7.05,7.64507125,13,7,1,12,8,120,80,40,7,57,63,7.52300475,7.953125,6.66276425,7.92857142857143,7.59385964912281,7.45889793650794,4
"10",2007,3,7.69555555555556,18,7.57846153846154,8,9.5,7.64285714285714,7.72909090909091,13,5,2,7,11,138,93,45,9,64,74,7.54551137681159,7.90075268817204,6.811346,8.27777777777778,7.59921875,7.49906175675676,5
"11",2007,4,7.58235294117647,17,7.93636363636364,6.93333333333333,NA,8.4,7.47333333333333,11,6,0,2,15,155,104,51,9,66,89,7.54955206451613,7.90451923076923,6.82569745098039,8.27777777777778,7.62348484848485,7.49472550561798,6
"12",2007,5,7.81818181818182,22,8.125,7.45,7.33333333333333,7.78571428571429,7.83333333333333,12,10,3,7,15,177,116,61,12,73,104,7.58294107344633,7.9273275862069,6.92804213114754,8.04166666666667,7.63904109589041,7.54356317307692,7
"13",2007,6,7.26315789473684,19,7.54545454545455,6.875,8.5,7.25,7.27272727272727,11,8,2,8,11,196,127,69,14,81,115,7.55194168367347,7.89425196850394,6.92189231884058,8.10714285714286,7.60061728395062,7.51765713043478,8
"14",2007,7,7.90476190476191,21,8.15625,7.1,7.1,7.92857142857143,7.89285714285714,16,5,5,7,14,217,143,74,19,88,129,7.58608557603687,7.92356643356643,6.93392662162162,7.84210526315789,7.62670454545455,7.55837651162791,9
"15",2007,8,7.4046511627907,43,7.67413793103448,6.84642857142857,7.15,7.30769230769231,7.44666666666667,29,14,4,13,30,260,172,88,23,101,159,7.55607911538462,7.88151162790698,6.92000647727273,7.72173913043478,7.58564356435644,7.53729918238994,10
"16",2007,9,7.31929824561403,57,7.58787878787879,6.95,7.4,7.06842105263158,7.44473684210526,33,24,5,19,38,317,205,112,28,120,197,7.51350337539432,7.83424390243902,6.92643366071429,7.66428571428571,7.50375,7.5194445177665,11
"17",2007,10,7.66067415730337,89,7.88923076923077,7.04166666666667,7.2,7.704,7.64375,65,24,5,25,64,406,270,136,33,145,261,7.54576495073892,7.84748148148148,6.94676889705882,7.59393939393939,7.53827586206897,7.54992555555556,12
"18",2007,11,7.45904761904762,105,7.72903225806452,7.06976744186047,7.85,7.07777777777778,7.745,62,43,10,45,60,511,332,179,43,190,321,7.52794632093933,7.82536144578313,6.97631603351955,7.65348837209302,7.42921052631579,7.58638806853583,13
"19",2007,12,7.65417910447761,134,7.84701030927835,7.14864864864865,8,7.7675,7.58231707317073,97,37,8,52,82,645,429,216,51,242,403,7.55417142635659,7.83025641025641,7.00583597222222,7.7078431372549,7.50190082644628,7.58555972704715,14
"20",2008,1,7.54232,125,7.80443181818182,6.91891891891892,7.44444444444444,7.76585365853659,7.43321428571429,88,37,9,41,84,770,517,253,60,283,487,7.55224749350649,7.82586073500967,6.9931247826087,7.66833333333333,7.54014134275618,7.55928248459959,15
"21",2008,2,7.73882352941177,85,7.91230769230769,7.175,7.5,7.58125,7.83396226415094,65,20,8,32,53,855,582,273,68,315,540,7.57079598830409,7.83551546391752,7.00644897435897,7.64852941176471,7.54431746031746,7.5862417962963,16
"22",2008,3,7.22698412698413,63,7.51428571428571,6.86785714285714,7.42857142857143,7.26296296296296,7.2,35,28,7,27,36,918,617,301,75,342,576,7.54720105664488,7.81729335494327,6.99355671096346,7.628,7.52210526315789,7.56210168402778,17
"23",2008,4,7.38457943925234,107,7.69066666666667,6.6671875,7.375,7.27631578947368,7.44420289855072,75,32,8,38,69,1025,692,333,83,380,645,7.53022494634146,7.80356936416185,6.9621939039039,7.60361445783133,7.49752631578947,7.54948925581395,18
"24",2008,5,7.41627906976744,86,7.71964285714286,6.85,6.8,7.5030303030303,7.3622641509434,56,30,10,33,53,1111,748,363,93,413,698,7.52140465346535,7.79728609625668,6.95292168044077,7.51720430107527,7.49796610169491,7.53527302292263,19
"25",2008,6,7.3625,72,7.82666666666667,6.58888888888889,7.5,7.65384615384615,7.19782608695652,45,27,5,26,46,1183,793,390,98,439,744,7.51173336432798,7.79895334174023,6.92771941025641,7.51632653061225,7.50719817767654,7.51440936827957,20
"26",2008,7,7.52020202020202,99,7.77692307692308,7.02941176470588,6.78125,7.31875,7.61641791044776,65,34,16,32,67,1282,858,424,114,471,811,7.5123873400936,7.79728438228438,6.93587398584906,7.41315789473684,7.4943949044586,7.52283670776819,21
"27",2008,8,7.23205128205128,78,7.6936170212766,6.53225806451613,6.25,7.18709677419355,7.26170212765957,47,31,10,31,47,1360,905,455,124,502,858,7.49630924264706,7.79190055248619,6.90837487912088,7.31935483870968,7.47541832669323,7.50853213286713,22
"28",2008,9,7.34166666666667,84,7.72452830188679,6.68709677419355,6.68666666666667,7.2,7.40169491525424,53,31,15,25,59,1444,958,486,139,527,917,7.48731341412742,7.7881732776618,6.89426043209877,7.25107913669065,7.46235294117647,7.50165820065431,23
"29",2008,10,7.26675675675676,74,7.49490196078431,6.76086956521739,6.65384615384615,7.19230769230769,7.30708333333333,51,23,13,26,48,1518,1009,509,152,553,965,7.47656164031621,7.77334985133796,6.88823294695481,7.2,7.44965641952984,7.49197986528497,24
"30",2008,11,7.1570306122449,98,7.53448275862069,6.609725,6.8,6.92720689655172,7.2536231884058,58,40,11,29,69,1616,1067,549,163,582,1034,7.45718413985148,7.76036551077788,6.86794092896175,7.17300613496933,7.42362371134021,7.47607405222437,25
"31",2008,12,7.24639175257732,97,7.42307692307692,6.8875,7.18181818181818,7.43846153846154,7.17605633802817,65,32,11,26,71,1713,1132,581,174,608,1105,7.44524785172212,7.74099823321555,6.86901819277108,7.1735632183908,7.42425822368421,7.4567968959276,26
"32",2009,1,7.28099173553719,121,7.47738095238095,6.83513513513514,6.97826086956522,7.10147058823529,7.35114942528736,84,37,23,34,87,1834,1216,618,197,642,1192,7.43441088876772,7.72278782894737,6.86698959546926,7.1507614213198,7.40716355140187,7.44908604865772,27
"33",2009,2,7.08121212121212,165,7.40111111111111,6.69733333333333,6.67391304347826,7.03461538461538,7.09563492063492,90,75,23,39,126,1999,1306,693,220,681,1318,7.40525741370685,7.7006202143951,6.84862852813853,7.10090909090909,7.3858281938326,7.4152963353566,28
"34",2009,3,6.93439716312057,141,7.41666666666667,6.38636363636364,6.28571428571429,7.01285714285714,6.90849056603774,75,66,28,35,106,2140,1381,759,248,716,1424,7.37423344392523,7.68519913106445,6.80843158102767,7.00887096774194,7.36759636871508,7.377570625,29
"35",2009,4,7.16807692307692,130,7.45390625,6.89090909090909,6.58518518518519,7.08428571428571,7.19894736842105,64,66,27,35,95,2270,1445,825,275,751,1519,7.36242712334802,7.67495501730104,6.81502978181818,6.96727272727273,7.35439280958722,7.36639932192231,30
"36",2009,5,7.14586776859504,121,7.34044117647059,6.89622641509434,6.6875,7.13965517241379,7.14782608695652,68,53,16,29,92,2391,1513,878,291,780,1611,7.35146782517775,7.65992068737607,6.81993117312073,6.95189003436426,7.34640897435897,7.35391717566729,31
"37",2009,6,7.15560606060606,132,7.55054794520548,6.66694915254237,7.171875,7.1158064516129,7.16782178217822,73,59,16,31,101,2523,1586,937,307,811,1712,7.34122059849386,7.65488650693569,6.81029836712914,6.96335504885993,7.33759432799014,7.34293841705607,32
"38",2009,7,7.00560344827586,116,7.27954545454545,6.83819444444444,6.86739130434783,7.0265625,6.99761904761905,44,72,23,32,84,2639,1630,1009,330,843,1796,7.32646819628647,7.64475460122699,6.81228896927651,6.95666666666667,7.32578766310795,7.32678762249443,33
"39",2009,8,7.1340206185567,97,7.54444444444444,6.77884615384615,6.69782608695652,6.89166666666667,7.21369863013699,45,52,23,24,73,2736,1675,1061,353,867,1869,7.31964531067252,7.64205970149254,6.81064992459944,6.93980169971671,7.31377047289504,7.3223705564473,34
"40",2009,9,7.1364238410596,151,7.49,6.83086419753086,6.725,7.13636363636364,7.1364406779661,70,81,32,33,118,2887,1745,1142,385,900,1987,7.31006219951507,7.63595988538682,6.81208368651489,6.92194805194805,7.30726555555556,7.3113289229995,35
"41",2009,10,7.09154929577465,142,7.50472972972973,6.64191176470588,6.57142857142857,6.89756097560976,7.17029702970297,74,68,28,41,101,3029,1819,1210,413,941,2088,7.29981827996038,7.6306212204508,6.80252030578512,6.89818401937046,7.28941445270988,7.30450697796935,36
"42",2009,11,7.29288461538462,156,7.67441860465116,6.82414285714286,6.67727272727273,7.05,7.36575,86,70,22,36,120,3185,1905,1280,435,977,2208,7.29947867189953,7.63259842519685,6.8037027890625,6.88701149425287,7.28059263050154,7.30783540307971,37
"43",2009,12,7.16319444444444,144,7.48684210526316,6.80147058823529,6.9375,7.140625,7.16964285714286,76,68,32,32,112,3329,1981,1348,467,1009,2320,7.29358352958847,7.62700656234225,6.80359018545994,6.89047109207709,7.27615361744301,7.3011640387931,38
"44",2010,1,7.20631868131868,182,7.43714285714286,6.89155844155844,6.92708333333333,7.51315789473684,7.12534722222222,105,77,24,38,144,3511,2086,1425,491,1047,2464,7.28905997436628,7.61744966442953,6.80834355789474,6.89226069246436,7.28475549188157,7.29088903003247,39
"45",2010,2,7.20612244897959,147,7.63109756097561,6.67,6.68095238095238,7.21724137931034,7.20338983050847,82,65,21,29,118,3658,2168,1490,512,1076,2582,7.28572705576818,7.61796586715867,6.80230843624161,6.88359375,7.28293587360595,7.28689022850503,40
"46",2010,3,7.21666666666667,99,7.51842105263158,6.80714285714286,7.32222222222222,7.23333333333333,7.21296296296296,57,42,9,18,81,3757,2225,1532,521,1094,2663,7.28390725845089,7.61541573033708,6.80244097258486,6.89117082533589,7.2821197440585,7.28464159594442,41
"47",2010,4,7.19397590361446,83,7.76444444444444,6.51842105263158,6.67,7.13888888888889,7.20923076923077,45,38,10,18,65,3840,2270,1570,531,1112,2728,7.2819634296875,7.61837004405286,6.79556660509554,6.88700564971751,7.27980125899281,7.28284478372434,42
"48",2010,5,7.34338235294118,68,7.47717391304348,7.06363636363636,6.66666666666667,7.57142857142857,7.28425925925926,46,22,3,14,54,3908,2316,1592,534,1126,2782,7.28303213152508,7.61556563039724,6.79927108668342,6.88576779026217,7.28342717584369,7.28287223939612,43
"49",2010,6,7.31794871794872,78,7.58536585365854,7.02162162162162,6.90625,7.55882352941176,7.25081967213115,41,37,16,17,61,3986,2357,1629,550,1143,2843,7.28371539638735,7.61504030547306,6.80432140577041,6.88636363636364,7.28752318460192,7.28218451283855,44
"50",2010,7,7.13870967741935,93,7.51363636363636,6.59605263157895,6.53846153846154,6.84375,7.2,55,38,13,16,77,4079,2412,1667,563,1159,2920,7.28040930865408,7.612728026534,6.79957382723455,6.87833037300178,7.28139689387403,7.28001731849315,45
"51",2010,8,7.18846153846154,78,7.67142857142857,6.625,6.53571428571429,7.18571428571429,7.1890625,42,36,14,14,64,4157,2454,1703,577,1173,2984,7.27868404378157,7.61373268133659,6.79588348209043,6.87001733102253,7.28025490196078,7.27806654490616,46
"52",2010,9,6.90802469135802,81,7.4297619047619,6.34615384615385,6.36666666666667,6.68333333333333,6.97222222222222,42,39,15,18,63,4238,2496,1742,592,1191,3047,7.27159970976876,7.61063701923077,6.78581490815155,6.85726351351351,7.27123341729639,7.27174288480472,47
"53",2010,10,7.1494623655914,93,7.518,6.72093023255814,6.36666666666667,7.26842105263158,7.11891891891892,50,43,15,19,74,4331,2546,1785,607,1210,3121,7.26897704225352,7.60881775333857,6.78425185994398,6.84514003294893,7.27118925619835,7.26811937520025,48
"54",2010,11,7.05875,120,7.29873417721519,6.59634146341463,6.55555555555556,7.01,7.0685,79,41,9,20,100,4451,2625,1826,616,1230,3221,7.26330927207369,7.59948571428571,6.78003262322015,6.84090909090909,7.26694227642276,7.26192194039118,49
"55",2010,12,7.14016393442623,122,7.48243243243243,6.6125,6.8875,7.35161290322581,7.06813186813187,74,48,16,31,91,4573,2699,1874,632,1261,3312,7.26002396020118,7.59627639866617,6.77574149946638,6.84208860759494,7.26902379064235,7.25659739432367,50
"56",2011,1,7.01510067114094,149,7.36733333333333,6.65810810810811,6.91666666666667,7.16,6.97857142857143,75,74,18,30,119,4722,2774,1948,650,1291,3431,7.25229554637865,7.59008651766402,6.7712728798768,6.84415384615385,7.26649031758327,7.24695440687846,51
"57",2011,2,6.89495744680851,94,7.33018181818182,6.28117948717949,5.89285714285714,6.5412380952381,6.99671232876712,55,39,14,21,73,4816,2829,1987,664,1312,3504,7.24532092400332,7.58503358077059,6.76165353296427,6.82409638554217,7.2548818597561,7.24174103025114,52
"58",2011,3,7.07027027027027,74,7.35217391304348,6.60714285714286,6.53571428571429,7.27692307692308,7.02622950819672,46,28,14,13,61,4890,2875,2015,678,1325,3565,7.24267189570552,7.58130782608696,6.75950648635236,6.81814159292035,7.25509811320755,7.23805345582047,53
"59",2011,4,7.03846153846154,65,7.375,6.33333333333333,6.5,6.51,7.13454545454545,44,21,8,10,55,4955,2919,2036,686,1335,3620,7.23999305146317,7.57819801301816,6.75511079076621,6.81443148688047,7.24951685393258,7.23648082044199,54
"60",2011,5,6.99473684210526,76,7.51388888888889,6.5275,6.36666666666667,6.5625,7.14910714285714,36,40,15,20,56,5031,2955,2076,701,1355,3676,7.23628812760882,7.57741455160745,6.75072522639692,6.80485021398003,7.23937638376384,7.2351497742111,55
"61",2011,6,6.94137931034483,58,7.29310344827586,6.58965517241379,6,7.55555555555556,6.82857142857143,29,29,11,9,49,5089,2984,2105,712,1364,3725,7.23292701316565,7.57465147453083,6.74850620902613,6.79241573033708,7.24146260997067,7.22980149530201,56
"62",2011,7,6.79606557377049,61,6.98310344827586,6.6265625,6.328125,6.41666666666667,6.88897959183673,29,32,16,12,49,5150,3013,2137,728,1376,3774,7.22775253786408,7.56895784931961,6.74668019185775,6.78221153846154,7.23426962209302,7.22537640964494,57
"63",2011,8,6.74166666666667,78,6.93289473684211,6.56,6.11,6.03333333333333,6.91031746031746,38,40,20,15,63,5228,3051,2177,748,1391,3837,7.22050030030604,7.56103572599148,6.74325014699127,6.76423796791444,7.22131919482387,7.22020343236904,58
"64",2011,9,7.14032258064516,62,7.30857142857143,6.92222222222222,6.75,7.17647058823529,7.12666666666667,35,27,10,17,45,5290,3086,2204,758,1408,3882,7.21956059924385,7.55817239144524,6.74544263611615,6.76405013192612,7.22077769886364,7.21911915765069,59
"65",2011,10,7.31860465116279,86,7.57307692307692,6.92941176470588,7.13,7.36666666666667,7.31298701298701,52,34,10,9,77,5376,3138,2238,768,1417,3959,7.22114500930059,7.55841937539834,6.74823752010724,6.76881510416667,7.22170430486944,7.22094482697651,60
"66",2011,11,7.08606557377049,122,7.47916666666667,6.70564516129032,6.664,7.22,7.05154639175258,60,62,25,25,97,5498,3198,2300,793,1442,4056,7.21814761185886,7.55693245778612,6.74708937826087,6.76551071878941,7.22167475728155,7.2168936316568,61
"67",2011,12,7.11644736842105,76,7.38191489361702,6.68620689655172,6.20833333333333,6.765625,7.21,47,29,12,16,60,5574,3245,2329,805,1458,4116,7.21676095622533,7.55439753466872,6.74633128810648,6.7572049689441,7.21667009602195,7.21679314139941,62
"68",2012,1,6.95504587155963,109,7.46,6.33673469387755,6.23809523809524,7.05555555555556,6.93516483516484,60,49,21,18,91,5683,3305,2378,826,1476,4207,7.2117412581383,7.55268381240545,6.73789132464256,6.74400726392252,7.21470528455284,7.21070134775374,63
"69",2012,2,7.18566666666667,90,7.46603773584906,6.78405405405405,6.78571428571429,7.29166666666667,7.14712121212121,53,37,14,24,66,5773,3358,2415,840,1500,4273,7.21133476009007,7.55131625967838,6.73859857971015,6.74470238095238,7.21593666666667,7.20971930025743,64
"70",2012,3,6.98571428571429,70,7.26315789473684,6.65625,6.22222222222222,6.86315789473684,7.03137254901961,38,32,9,19,51,5843,3396,2447,849,1519,4324,7.20863179359918,7.54809187279152,6.73752168778096,6.73916372202591,7.21152402896642,7.20761576549491,65
"71",2012,4,7.23714285714286,70,7.4875,6.69090909090909,6.83333333333333,6.70769230769231,7.35789473684211,48,22,9,13,57,5913,3444,2469,858,1532,4381,7.20896931675968,7.54724738675958,6.73710634669907,6.74015151515152,7.20724869451697,7.20957100433691,66
"72",2012,5,6.98571428571429,63,7.34444444444444,6.50740740740741,6.53333333333333,7.04166666666667,6.97254901960784,36,27,12,12,51,5976,3480,2496,870,1544,4432,7.20661572456492,7.54514942528736,6.73462162259615,6.73729885057471,7.20596178756477,7.20684354016245,67
"73",2012,6,6.95245901639344,61,7.21351351351351,6.55,6.27,7.33571428571429,6.83829787234043,37,24,10,14,47,6037,3517,2520,880,1558,4479,7.20404763458671,7.54166050611317,6.73286332142857,6.73198863636364,7.20712772785623,7.20297623799955,68
"74",2012,7,6.84859649122807,57,7.03275862068966,6.65785714285714,6.18181818181818,6.77777777777778,6.861875,29,28,11,9,48,6094,3546,2548,891,1567,4527,7.20072293567443,7.53749858996052,6.73203907770801,6.72519640852974,7.20466177409062,7.19935952507179,69
"75",2012,8,6.85714285714286,56,7.17307692307692,6.58333333333333,6.35,7.03846153846154,6.80232558139535,26,30,10,13,43,6150,3572,2578,901,1580,4570,7.19759440162601,7.53484602463606,6.73030859968968,6.72103218645949,7.20329430379747,7.19562375711159,70
"76",2012,9,7.01830985915493,71,7.25348837209302,6.65714285714286,6.41666666666667,6.86111111111111,7.07169811320755,43,28,12,18,53,6221,3615,2606,913,1598,4623,7.19554823501045,7.53149930843707,6.72952247505756,6.7170317634173,7.19943992490613,7.19420302184728,71
"77",2012,10,6.78441558441558,77,7.47894736842105,6.10769230769231,6.08,7,6.71864406779661,38,39,15,18,59,6298,3653,2645,928,1616,4682,7.1905216846618,7.53095264166439,6.72035371266541,6.7067349137931,7.19721844059406,7.18821028833831,72
"78",2012,11,6.92227722772277,101,7.255,6.59607843137255,6.96666666666667,6.91666666666667,6.92349397590361,50,51,9,18,83,6399,3703,2696,937,1634,4765,7.18628779027973,7.52722657304888,6.7180028078635,6.70923159018143,7.19412790697674,7.18359928016789,73
"79",2012,12,6.7277027027027,74,7.1890243902439,6.15454545454545,5.89166666666667,7.21111111111111,6.66076923076923,41,33,12,9,65,6473,3744,2729,949,1643,4830,7.18104519851691,7.52352297008547,6.71118928911689,6.69889357218124,7.1942209373098,7.17656326501035,74
"80",2013,1,6.94905982905983,117,7.27985074626866,6.5058,6.53571428571429,7.1995,6.89742268041237,67,50,14,20,97,6590,3811,2779,963,1663,4927,7.17692649013657,7.51923904487011,6.70749390788053,6.69652128764278,7.19428442573662,7.17106770245585,75
"81",2013,2,6.9875,80,7.5,6.5,6.67857142857143,6.40625,7.1328125,39,41,14,16,64,6670,3850,2820,977,1679,4991,7.17465450824588,7.51904415584416,6.70447715248227,6.69626407369498,7.18677486599166,7.17057715287517,76
"82",2013,3,6.88548387096774,62,7.14722222222222,6.52307692307692,6.47333333333333,7.175,6.816,36,26,15,12,50,6732,3886,2846,992,1691,5041,7.17199132055852,7.51559958826557,6.70281994729445,6.69289314516129,7.18669130691898,7.1670602201944,77
"83",2013,4,7.16029411764706,68,7.21521739130435,7.04545454545455,6.9,7.01111111111111,7.18305084745763,46,22,10,9,59,6800,3932,2868,1002,1700,5100,7.17187434852941,7.51208545269583,6.70544824616458,6.69496007984032,7.18576176470588,7.16724520980392,78
"84",2013,5,7.11071428571429,70,7.35,6.87142857142857,6.81818181818182,6.921875,7.16666666666667,35,35,11,16,54,6870,3967,2903,1013,1716,5154,7.17125117467249,7.51065540710865,6.7074493868412,6.69629812438302,7.18330128205128,7.16723914823438,79
"85",2013,6,7.11940298507463,67,7.25609756097561,6.90384615384615,7.27272727272727,7,7.14545454545455,41,26,11,12,55,6937,4008,2929,1024,1728,5209,7.17075040651578,7.50805139720559,6.70919275179242,6.702490234375,7.18202835648148,7.16700913227107,80
"86",2013,7,7.02538461538462,65,7.28243243243243,6.68571428571429,6.77272727272727,7.33333333333333,6.95566037735849,37,28,11,12,53,7002,4045,2957,1035,1740,5262,7.16940096686661,7.50598763906057,6.70897043287115,6.70323671497585,7.18307183908046,7.16488038198404,81
"87",2013,8,6.91911764705882,68,7.32432432432432,6.43548387096774,6.4375,7.55555555555556,6.82203389830508,37,31,8,9,59,7070,4082,2988,1043,1749,5321,7.16699371570014,7.50434100930916,6.70613305555556,6.70119846596357,7.18498856489423,7.1610788517196,82
"88",2013,9,6.8375,60,7.07142857142857,6.51,6.5,7.5,6.705,35,25,8,10,50,7130,4117,3013,1051,1759,5371,7.16422097755961,7.50066067524897,6.70450566544972,6.69966698382493,7.18677942012507,7.15683309811953,83
"89",2013,10,7.00384615384615,78,7.24871794871795,6.75897435897436,6.25384615384615,6.4375,7.06857142857143,39,39,13,8,70,7208,4156,3052,1064,1767,5441,7.16248551193119,7.49829643888354,6.70520169397117,6.69421992481203,7.18338709677419,7.15569758684065,84
"90",2013,11,6.75194174757282,103,7.16637931034483,6.21777777777778,6.06666666666667,6.9,6.71626506024096,58,45,15,20,83,7311,4214,3097,1079,1787,5524,7.1567016235809,7.49372804935928,6.69811933161124,6.68549582947173,7.18021544487969,7.14909496198407,85
"91",2013,12,6.66075949367089,79,7.04285714285714,6.22702702702703,5.53846153846154,6.58571428571429,6.67692307692308,42,37,13,14,65,7390,4256,3134,1092,1801,5589,7.15139994181326,7.48927866541354,6.69255761646458,6.67184065934066,7.1755941143809,7.14360360887457,86
"92",2014,1,6.925,106,7.10769230769231,6.63536585365854,6.51071428571429,6.953125,6.92,65,41,14,16,90,7496,4321,3175,1106,1817,5679,7.14819844850587,7.48353853274705,6.69181907716535,6.66980108499096,7.17363511282334,7.14005997006515,87
"93",2014,2,6.79225,80,7.1425,6.442,6.73,6.63333333333333,6.84881355932203,40,40,20,21,59,7576,4361,3215,1126,1838,5738,7.1444397531679,7.48041045631736,6.68871090824261,6.6708703374778,7.16746191512514,7.1370652788428,88
"94",2014,3,6.91071428571429,84,7.26458333333333,6.43888888888889,5.76666666666667,6.60416666666667,7.03333333333333,48,36,15,24,60,7660,4409,3251,1141,1862,5798,7.14187670626632,7.47806078475845,6.6859445001538,6.6589833479404,7.16020139634801,7.13599181959296,89
"95",2014,4,6.6378,65,6.96923076923077,6.14065384615385,6.20833333333333,6.84444444444444,6.55865957446809,39,26,12,18,47,7725,4448,3277,1153,1880,5845,7.13763528414239,7.4735993705036,6.68161811718035,6.65429314830876,7.15717819148936,7.13134945594525,90
"96",2014,5,6.84137931034483,58,7.26176470588235,6.24583333333333,6.675,6.87777777777778,6.83469387755102,34,24,8,9,49,7783,4482,3301,1161,1889,5894,7.13542754336374,7.47199241410085,6.67844973341412,6.65443583118002,7.15584700899947,7.12888319816763,91
"97",2014,6,7.06046511627907,43,7.25454545454545,6.85714285714286,6.5,6.84,7.08947368421053,22,21,4,5,38,7826,4504,3322,1165,1894,5932,7.13501566189624,7.47093028419183,6.67957934075858,6.65390557939914,7.15501319957761,7.12863074342549,92
"98",2014,7,6.90945945945946,74,7.25714285714286,6.453125,6.7,6.83333333333333,6.91617647058824,42,32,15,6,68,7900,4546,3354,1180,1900,6000,7.13290285696202,7.46895512538496,6.6774187745975,6.65449152542373,7.15399736842105,7.12622292833333,93
"99",2014,8,6.65691176470588,68,7.20540540540541,6.00225806451613,6.08333333333333,6.20833333333333,6.70032258064516,37,31,6,6,62,7968,4583,3385,1186,1906,6062,7.12884068398594,7.4668274056295,6.67123561890694,6.65160202360877,7.1510204616999,7.12186696964698,94
"100",2014,9,6.42090909090909,55,7.145,6.00714285714286,6.30454545454545,5.65555555555556,6.57065217391304,20,35,11,9,46,8023,4603,3420,1197,1915,6108,7.12398760688022,7.46542906799913,6.66443934795322,6.6484126984127,7.14399216710183,7.11771571218075,95
"101",2014,10,6.92361445783133,83,7.36184210526316,6.55355555555556,6.48947368421053,6.33333333333333,6.99540540540541,38,45,19,9,74,8106,4641,3465,1216,1924,6182,7.12193592030595,7.46458090928679,6.6629992987013,6.64592927631579,7.1402001039501,7.11625162892268,96
"102",2014,11,6.67702702702703,74,7.15,6.35454545454545,6.18947368421053,7.35714285714286,6.60597014925373,30,44,19,7,67,8180,4671,3509,1235,1931,6249,7.11791107212714,7.4625604795547,6.65913153889997,6.63890688259109,7.14098653547385,7.11078053608577,97
"103",2014,12,6.999625,80,7.19934782608696,6.72941176470588,6.77142857142857,6.94411764705882,7.01460317460317,46,34,14,17,63,8260,4717,3543,1249,1948,6312,7.11676544430993,7.45999364002544,6.65980597516229,6.64039231385108,7.13926848049281,7.1098205909379,98
"104",2015,1,7.08181818181818,99,7.24444444444444,6.64814814814815,6.1,7.30555555555556,7.0320987654321,72,27,10,18,81,8359,4789,3570,1259,1966,6393,7.11635154563943,7.45675297556902,6.65971780672269,6.63610007942812,7.14079094608342,7.10883584702018,99
"105",2015,2,7.00418918918919,74,7.29861111111111,6.72526315789474,6.875,6.84615384615385,7.03786885245902,36,38,12,13,61,8433,4825,3608,1271,1979,6454,7.11536731530891,7.45557305699482,6.6604081402439,6.63835562549174,7.13885548256695,7.10816510226216,100
"106",2015,3,7.13666666666667,75,7.387,6.636,6.5625,7.50769230769231,7.05887096774194,50,25,8,13,62,8508,4875,3633,1279,1992,6516,7.11555507404795,7.45486974358975,6.6602401789155,6.63788115715403,7.1412625502008,7.10769606660528,101
"107",2015,4,6.81363636363636,66,7.06206896551724,6.61891891891892,6.5,6.76428571428571,6.82692307692308,29,37,14,14,52,8574,4904,3670,1293,2006,6568,7.11323099720084,7.4525469004894,6.65982358855586,6.63638824439288,7.13863160518445,7.10547313794153,102
"108",2015,5,6.72627118644068,59,7.128125,6.25,6.75,6.8,6.71122448979592,32,27,8,10,49,8633,4936,3697,1301,2016,6617,7.11058642071122,7.45044367909238,6.65683055720855,6.63708685626441,7.13695188492064,7.102553660269,103
"109",2015,6,7.03529411764706,51,7.40357142857143,6.58695652173913,6.61111111111111,6.4,7.10434782608696,28,23,9,5,46,8684,4964,3720,1310,2021,6663,7.11014423883003,7.45017929089444,6.65639854032258,6.63690839694656,7.13512864918357,7.10256604682575,104
"110",2015,7,6.99469696969697,66,7.27439024390244,6.536,6.575,6.86333333333333,7.03333333333333,41,25,12,15,51,8750,5005,3745,1322,2036,6714,7.10927343657143,7.44873926073926,6.655594811749,6.63634644478063,7.13312622789784,7.10204015043193,105
"111",2015,8,6.93518518518519,81,7.22448979591837,6.4921875,6.81666666666667,6.79090909090909,6.95785714285714,49,32,15,11,70,8831,5054,3777,1337,2047,6784,7.10767665836259,7.44656509695291,6.65421037066455,6.63836948391922,7.13128724963361,7.10055241303066,106
"112",2015,9,7.1046875,64,7.42368421052632,6.63846153846154,6.42222222222222,6.77272727272727,7.17358490566038,38,26,9,11,53,8895,5092,3803,1346,2058,6837,7.10765515120854,7.44639434406913,6.65410270049961,6.63692421991084,7.12937074829932,7.10111855638438,107
"113",2015,10,6.82,100,7.22452830188679,6.36382978723404,5.96875,6.17272727272727,6.9,53,47,16,11,89,8995,5145,3850,1362,2069,6926,7.10445720622568,7.44410884353742,6.65055910909091,6.62907488986784,7.12428467858869,7.09853415680046,108
"114",2015,11,6.83069306930693,101,7.30531914893617,6.41759259259259,6.25,7.03214285714286,6.79827586206897,47,54,18,14,87,9096,5192,3904,1380,2083,7013,7.10141738896218,7.44285246533128,6.64733672387295,6.62413043478261,7.12366538646183,7.09480929274205,109
"115",2015,12,7.11142857142857,70,7.41860465116279,6.62222222222222,6.54,6.99,7.13166666666667,43,27,10,10,60,9166,5235,3931,1390,2093,7073,7.10149384355226,7.44265329512894,6.64716422538794,6.62352517985611,7.12302675585284,7.0951219524954,110
"116",2016,1,6.71176470588235,102,7.00192307692308,6.41,6.625,6.80625,6.69418604651163,52,50,16,16,86,9268,5287,3981,1406,2109,7159,7.09720463638325,7.43831851711746,6.64418552373775,6.62354196301565,7.1206235182551,7.09030556921358,111
"117",2016,2,6.74670454545455,88,7.08576923076923,6.25694444444444,5.640625,6.34375,6.83625,52,36,16,16,72,9356,5339,4017,1422,2125,7231,7.09390792753313,7.4348848098895,6.64071510331093,6.61248241912799,7.11477411764706,7.08777590513069,112
"118",2016,3,6.67666666666667,75,7.15161290322581,6.34204545454545,6.32352941176471,7.03,6.62230769230769,31,44,17,10,65,9431,5370,4061,1439,2135,7296,7.09058981762273,7.43324953445065,6.63747908643191,6.60906879777623,7.11437704918033,7.0836290529057,113
"119",2016,4,6.9483950617284,81,7.29116279069767,6.56052631578947,6.125,7.42857142857143,6.90297297297297,43,38,8,7,74,9512,5413,4099,1447,2142,7370,7.08937894974769,7.43212082024755,6.6367656916321,6.60639253628196,7.11540382819795,7.08181513839891,114
"120",2016,5,6.99191176470588,68,7.3125,6.63125,6.98181818181818,7.03636363636364,6.98333333333333,36,32,11,11,57,9580,5449,4131,1458,2153,7427,7.08868711586639,7.43133051936135,6.63672296538368,6.60922496570644,7.115,7.08105932004847,115
"121",2016,6,6.77377049180328,61,6.94358974358974,6.47272727272727,6.27777777777778,7.375,6.68301886792453,39,22,9,8,53,9641,5488,4153,1467,2161,7480,7.08669459288456,7.42786443148688,6.63585421863713,6.60719154737559,7.11596251735308,7.07823897994652,116
"122",2016,7,7.080625,80,7.32954545454545,6.77638888888889,7.03125,6.75,7.12253521126761,44,36,8,9,71,9721,5532,4189,1475,2170,7551,7.08664464252649,7.42708242950109,6.63706196466937,6.60949152542373,7.11444470046083,7.07865548536617,117
"123",2016,8,7.09223300970874,103,7.32622950819672,6.75238095238095,6.62352941176471,7.86923076923077,6.98,61,42,17,13,90,9824,5593,4231,1492,2183,7641,7.08670323391694,7.42598247809762,6.63820670527062,6.60965147453083,7.11893953275309,7.07749346551498,118
"124",2016,9,7.04479166666667,96,7.15645161290323,6.84117647058823,6.37,6.88461538461539,7.06987951807229,62,34,10,13,83,9920,5655,4265,1502,2196,7724,7.08629763810484,7.42302740937224,6.63982475263775,6.60805592543275,7.11755236794171,7.07741164810979,119
"125",2016,10,7.15973684210526,114,7.523,6.58181818181818,6.60666666666667,7.64705882352941,7.07432989690722,70,44,15,17,97,10034,5725,4309,1517,2213,7821,7.08713200817222,7.42424978165939,6.63923243676027,6.60804218852999,7.12161997288748,7.07737342667178,120
"126",2016,11,7.01909090909091,110,7.41818181818182,6.42045454545455,6.41818181818182,7.625,6.97156862745098,66,44,11,8,102,10144,5791,4353,1528,2221,7923,7.08639418079653,7.42418062510793,6.63702103606708,6.60667539267016,7.12343313822602,7.07601130506121,121
"127",2016,12,7.16111111111111,108,7.52058823529412,6.55,6.58461538461538,7.275,7.146875,68,40,13,12,96,10252,5859,4393,1541,2233,8019,7.08718128852907,7.42529953917051,6.63622867516504,6.6064892926671,7.12424764890282,7.07685965457039,122
"128",2017,1,6.96803278688525,122,7.14177215189873,6.64883720930233,6.6,6.95238095238095,6.97128712871287,79,43,16,21,101,10374,5938,4436,1557,2254,8120,7.08578008193561,7.42152745031997,6.63635089495041,6.60642260757868,7.12264640638864,7.07554649876847,123
"129",2017,2,6.98901098901099,91,7.17358490566038,6.73157894736842,6.70833333333333,6.83333333333333,7.00609756097561,53,38,12,9,82,10465,5991,4474,1569,2263,8202,7.08493861156235,7.4193340010015,6.63715971613768,6.60720203951561,7.1214958020327,7.07485217873689,124
"130",2017,3,6.88282828282828,99,7.165,6.44871794871795,6.425,7.14615384615385,6.84302325581395,60,39,20,13,86,10564,6051,4513,1589,2276,8288,7.08304454468005,7.41681209717402,6.63553125858631,6.60490874764002,7.12163664323374,7.07244661800193,125
"131",2017,4,6.84819277108434,83,7.22448979591837,6.30588235294118,6.48,6.88214285714286,6.84130434782609,49,34,15,14,69,10647,6100,4547,1604,2290,8357,7.08121372874988,7.41526721311476,6.63306632285023,6.60374064837905,7.12017248908297,7.07053817996889,126
"132",2017,5,6.93347222222222,72,7.28916666666667,6.57777777777778,6.72727272727273,7.01833333333333,6.92575757575758,36,36,11,6,66,10719,6136,4583,1615,2296,8423,7.08022134247598,7.41452737940026,6.63263202487454,6.60458204334365,7.11990635888502,7.06940372432625,127
"133",2017,6,6.83637362637363,91,7.13333333333333,6.50488372093023,6.34210526315789,6.79166666666667,6.84316455696203,48,43,19,12,79,10810,6184,4626,1634,2308,8502,7.07816860037003,7.41234476067271,6.63144456766105,6.6015299877601,7.11819974003466,7.0673015255234,128
"134",2017,7,7.09189189189189,111,7.58333333333333,6.62631578947368,6.768,7.63333333333333,7.00729166666667,54,57,25,15,96,10921,6238,4683,1659,2323,8598,7.07830808259317,7.41382494389227,6.63138214178945,6.6040385774563,7.12152604390874,7.06663149220749,129
"135",2017,8,7.03333333333333,93,7.23125,6.82222222222222,6.66666666666667,6.9375,7.04235294117647,48,45,18,8,85,11014,6286,4728,1677,2331,8683,7.07792832485927,7.41243079860006,6.63319851311337,6.60471079308289,7.12089446589447,7.06639382356328,130
"136",2017,9,6.80345238095238,84,7.51926829268293,6.12093023255814,6.1,6.57692307692308,6.84492957746479,41,43,10,13,71,11098,6327,4771,1687,2344,8754,7.07585083528564,7.41312312312312,6.62858154894152,6.60171902786011,7.11787755972696,7.06459762051633,131
"137",2017,10,6.76821428571429,112,7.10241379310345,6.40925925925926,6.74705882352941,6.64166666666667,6.7834,58,54,17,12,100,11210,6385,4825,1704,2356,8854,7.07277721409456,7.41030070477682,6.62612695751295,6.60316901408451,7.11545203735144,7.06142168172577,132
"138",2017,11,6.83056179775281,89,7.06444444444444,6.59136363636364,6.33333333333333,6.65,6.85341772151899,45,44,15,10,79,11299,6430,4869,1719,2366,8933,7.07086933091424,7.40788024883359,6.62581280961183,6.60081442699244,7.11348478444632,7.05958217508116,133
"139",2017,12,6.84791666666667,96,7.00181818181818,6.64146341463415,6.75,7,6.83218390804598,55,41,8,9,87,11395,6485,4910,1727,2375,9020,7.06899101096972,7.40443639167309,6.62594349694501,6.60150550086856,7.11305473684211,7.05738886585365,134
"140",2018,1,7.11207692307692,130,7.32765432098765,6.75571428571429,6.55882352941176,7.27777777777778,7.0997520661157,81,49,17,9,121,11525,6566,4959,1744,2384,9141,7.06947701258135,7.40348918671947,6.62722576527526,6.60108944954129,7.11367659395973,7.05794963023739,135
"141",2018,2,7.03778947368421,95,7.35393442622951,6.47058823529412,6.30769230769231,7.1,7.03047058823529,61,34,13,10,85,11620,6627,4993,1757,2394,9226,7.06921794922547,7.40303304662743,6.62615913679151,6.59891861126921,7.11361946532999,7.05769646325601,136
"142",2018,3,6.878125,80,7.11808510638298,6.53636363636364,6.28571428571429,6.75,6.89236111111111,47,33,14,8,72,11700,6674,5026,1771,2402,9298,7.06791133076923,7.40102637099191,6.62556955232789,6.59644268774704,7.11240840965862,7.05641617229511,137
"143",2018,4,6.96915492957746,71,7.44547619047619,6.27931034482759,6.04444444444444,7.1,6.96134328358209,42,29,9,4,67,11771,6716,5055,1780,2406,9365,7.0673156545748,7.40130434782609,6.62358309990109,6.59365168539326,7.11238778054863,7.05573599252536,138
"144",2018,5,6.63135135135135,74,6.93446977272727,6.18677766666667,6.35,6.07541625,6.69873742424242,44,30,10,8,66,11845,6760,5085,1790,2414,9431,7.06459202785986,7.3982657795858,6.62100607669616,6.5922905027933,7.10895125517813,7.05323764606086,139
"145",2018,6,6.83739130434783,46,7.1025,6.63346153846154,6.42307692307692,7.2425,6.79880952380952,20,26,13,4,42,11891,6780,5111,1803,2418,9473,7.06371310823312,7.39739331415929,6.62106943846605,6.59107043815863,7.10917217948718,7.05210959991555,140
"146",2018,7,7.07741935483871,62,7.31470588235294,6.78928571428571,7.1375,7,7.08571428571429,34,28,8,6,56,11953,6814,5139,1811,2424,9529,7.06378420229231,7.39698072644556,6.62198597003308,6.59348426283821,7.10890195132013,7.05230708783713,141
"147",2018,8,6.84207317073171,82,7.03222222222222,6.61081081081081,6.94444444444444,7.55555555555556,6.7541095890411,45,37,9,9,73,12035,6859,5176,1820,2433,9602,7.06227358288326,7.3945876468873,6.62190608578052,6.59521978021978,7.11055418413482,7.05004001666319,142
"148",2018,9,6.9296875,64,7.375,6.484375,6,6.83333333333333,6.93965517241379,32,32,8,6,58,12099,6891,5208,1828,2439,9660,7.06157224316059,7.39449668698302,6.6210610407066,6.59261487964989,7.10987221402214,7.0493772505176,143
"149",2018,10,6.81189873417722,79,7.31421052631579,6.34634146341463,6.03571428571429,6.72727272727273,6.82558823529412,38,41,14,11,68,12178,6929,5249,1842,2450,9728,7.05995258416817,7.39405638187329,6.61891520289579,6.58838219326819,7.10815442040817,7.04781293585526,144
"150",2018,11,6.78379746835443,79,7.19208333333333,6.15161290322581,5.9,6.61666666666667,6.79753424657534,48,31,13,6,73,12257,6977,5280,1855,2456,9801,7.05817268254875,7.39266685824853,6.61617157196969,6.58355795148248,7.10695371742671,7.04594880522395,145
"151",2018,12,6.84814814814815,81,7.20243902439024,6.485,6.1,6.16666666666667,6.90266666666667,41,40,10,6,75,12338,7018,5320,1865,2462,9876,7.05679385394716,7.39155552436592,6.61518531954887,6.58096514745308,7.10466219740049,7.04486069663831,146
"152",2019,1,6.7632996969697,99,7.22484854545455,6.18636363636364,5.92105263157895,7.7,6.71347521276596,55,44,19,5,94,12437,7073,5364,1884,2467,9970,7.05445760553188,7.39025920260145,6.61166776659209,6.57430997876858,7.10586880016214,7.0417362998997,147
"153",2019,2,6.7348275862069,87,6.87924528301887,6.50970588235294,5.95727272727273,7.0625,6.70164556962025,53,34,11,8,79,12524,7126,5398,1895,2475,10049,7.05223724369211,7.38645850968285,6.6110255464987,6.57072823218997,7.10572861818182,7.03906268384914,148
"154",2019,3,6.5415,94,6.9734693877551,6.07113333333333,5.59375,6.38461538461539,6.56667901234568,49,45,16,13,81,12618,7175,5443,1911,2488,10130,7.0484324171818,7.38363809616725,6.60656198787433,6.56254840397698,7.10196074356913,7.03528547976308,149
"155",2019,4,6.95890410958904,73,7.23,6.63030303030303,6.36923076923077,6.90909090909091,6.96774193548387,40,33,13,11,62,12691,7215,5476,1924,2499,10192,7.04791744070601,7.38278632571033,6.60670505843681,6.5612422037422,7.10111177671069,7.03487459870486,150
"156",2019,5,6.53333333333333,60,6.79090909090909,6.21851851851852,5.93636363636364,5.8,6.68,33,27,11,10,50,12751,7248,5503,1935,2509,10242,7.04549605834837,7.38009152041943,6.60480045429765,6.55768992248062,7.09592599840574,7.03314215094708,151
"157",2019,6,6.8328125,64,7.15121951219512,6.26521739130435,5.2,7.38571428571429,6.76491228070175,41,23,5,7,57,12815,7289,5526,1940,2516,10299,7.04443388529068,7.37880413499794,6.6033870611654,6.55419072164949,7.09673224562798,7.03165762792504,152
"158",2019,7,6.742333375,80,7.10666674418605,6.31891891891892,6.27272727272727,6.77083333333333,6.73730397058824,43,37,11,12,68,12895,7332,5563,1951,2528,10367,7.04255966731291,7.37720813011457,6.60149503864821,6.55260379292671,7.09518525712026,7.02972688145076,153
"159",2019,8,6.59136363636364,88,7.1,6.10533333333333,6.3125,6.16363636363636,6.65246753246753,43,45,16,11,77,12983,7375,5608,1967,2539,10444,7.03950141800817,7.37559186576271,6.59751371255349,6.55065073716319,7.09114940133911,7.02694547874377,154
"160",2019,9,6.90941176470588,85,7.15,6.53030303030303,6.29166666666667,6.59090909090909,6.95675675675676,52,33,12,11,74,13068,7427,5641,1979,2550,10518,7.03865525788185,7.3740123885822,6.59712052827513,6.54908034360788,7.08899150196079,7.02645166191291,155
"161",2019,10,6.76697368421053,76,7.01630434782609,6.38466666666667,6.244,6.625,6.77914285714286,46,30,10,6,70,13144,7473,5671,1989,2556,10588,7.03708436625076,7.37181051920246,6.5959966319873,6.5475465057818,7.0879023200313,7.02481663959199,156
"162",2019,11,6.91375,88,7.35765957446809,6.40487804878049,6.225,7.4375,6.861375,47,41,20,8,80,13232,7520,5712,2009,2564,10668,7.0362641256046,7.37172207579787,6.59462480742297,6.54433549029368,7.08899310842434,7.02359098050244,157
"163",2019,12,6.82723314606742,89,7.35578125,5.93030303030303,5.71428571428571,6.675,6.85095779220779,56,33,7,12,77,13321,7576,5745,2016,2576,10745,7.03486755198559,7.37160424498416,6.59080885987815,6.54145337301587,7.08706456909938,7.02235386970684,158
"164",2020,1,6.91417322834646,127,7.16933333333333,6.54615384615385,6.66,7.14,6.8948717948718,75,52,15,10,117,13448,7651,5797,2031,2586,10862,7.03372774092802,7.36962145601882,6.5904082973952,6.54232890201871,7.08726926914153,7.02098069692506,159
"165",2020,2,6.76438596491228,114,7.05408450704225,6.28604651162791,6.1875,6.20833333333333,6.82980392156863,71,43,8,12,102,13562,7722,5840,2039,2598,10964,7.03146369709482,7.36672024864025,6.58816727739726,6.54093673369299,7.08320951886066,7.01920214611455,160
"166",2020,3,6.839,75,7.28782051282051,6.35277777777778,6.08333333333333,6.88888888888889,6.83219696969697,39,36,6,9,66,13637,7761,5876,2045,2607,11030,7.03040519615751,7.36632376755573,6.58672513614704,6.53959413202934,7.08253867663982,7.01808316681777,161
"167",2020,4,6.65578947368421,95,6.92592592592593,6.3,5.65384615384615,6.46428571428571,6.68888888888889,54,41,13,14,81,13732,7815,5917,2058,2621,11111,7.02781354937373,7.36328071145234,6.58473836403583,6.5339990281827,7.07923629530714,7.01568331653316,162
"168",2020,5,6.76782051282051,78,7.14479166666667,6.16466666666667,6.16,7.045,6.72705882352941,48,30,14,10,68,13810,7863,5947,2072,2631,11179,7.02634508761767,7.36194693628386,6.58261928703548,6.53147200772201,7.07910616875713,7.01392766168709,163
"169",2020,6,6.73965517241379,87,6.97980769230769,6.38285714285714,5.96666666666667,6.82,6.72922077922078,52,35,12,10,77,13897,7915,5982,2084,2641,11256,7.02455031013888,7.35943635628553,6.58145050150451,6.52821976967371,7.07812507762212,7.01198003997868,164
"170",2020,7,6.81136363636364,66,7.1527027027027,6.37586206896552,6.67,6.79,6.81517857142857,37,29,10,10,56,13963,7952,6011,2094,2651,11312,7.02354262407792,7.3584744416499,6.58045864248877,6.52889684813754,7.07703822331196,7.01100577528288,165
"171",2020,8,6.61358695652174,92,6.75392156862745,6.4390243902439,6.5125,6.045,6.68292682926829,51,41,16,10,82,14055,8003,6052,2110,2661,11394,7.02085917182498,7.35462186180182,6.57950047918044,6.52877251184834,7.07315983840662,7.00864466649113,166
"172",2020,9,7.04171717171717,99,7.25898305084746,6.72125,6.425,6.86818181818182,7.06340909090909,59,40,10,11,88,14154,8062,6092,2120,2672,11482,7.02100506287975,7.35392194988836,6.58043120485883,6.52828301886793,7.07231599176647,7.00906439035011,167
"173",2020,10,6.6758282208589,163,7.12092307692308,6.38061224489796,6.27222222222222,7.16315789473684,6.61152777777778,65,98,18,19,144,14317,8127,6190,2138,2691,11626,7.0170752015087,7.35205841762028,6.5772676736672,6.52612722170253,7.07295738758826,7.00414048942026,168
"174",2020,11,6.85287769784173,139,7.28142857142857,6.41811594202899,6.66666666666667,7.50769230769231,6.78531746031746,70,69,6,13,126,14456,8197,6259,2144,2704,11752,7.01549637935805,7.35145525924118,6.57551316504234,6.52652052238806,7.07504745931953,7.00179436095983,169
"175",2020,12,6.66060606060606,132,7.15806451612903,6.22,6.39090909090909,6.85,6.62272727272727,62,70,22,22,110,14588,8259,6329,2166,2726,11862,7.01228514258295,7.35000348226177,6.57158111866014,6.5251431209603,7.07323122890683,6.99827915444276,170
"176",2021,1,7.05007142857143,140,7.33121951219512,6.65258620689655,6.35454545454545,6.9375,7.060625,82,58,11,12,128,14728,8341,6387,2177,2738,11990,7.01264432781097,7.34981881788754,6.57231672146548,6.52428112080845,7.07263635135135,6.99894473144287,171
"177",2021,2,6.71632653061225,98,7.19454545454545,6.1046511627907,5.25,6.68181818181818,6.72068965517241,55,43,12,11,87,14826,8396,6430,2189,2749,12077,7.0106856643734,7.34880166269652,6.56918925349922,6.51729556875286,7.07107251000364,6.99694024426596,172
"178",2021,3,7.05556451612903,124,7.34986486486487,6.62,6.8,6.83846153846154,7.08099099099099,74,50,10,13,111,14950,8470,6480,2199,2762,12188,7.01105790367893,7.34881095159386,6.56958131172839,6.51858117326057,7.06997767197683,6.99770572120118,173
"179",2021,4,6.60659793814433,97,7.02530612244898,6.17916666666667,6.6,6.9625,6.57460674157303,49,48,12,8,89,15047,8519,6528,2211,2770,12277,7.00845056556124,7.34695020072778,6.56671061580882,6.51902306648575,7.06966726714802,6.99463853791643,174
"180",2021,5,6.7968085106383,94,7.422,6.08636363636364,5.96666666666667,5.87272727272727,6.91927710843374,50,44,15,11,83,15141,8569,6572,2226,2781,12360,7.00713662637871,7.34738811529933,6.56349465916007,6.51530098831986,7.06493287666307,6.99413247006472,175
"181",2021,6,6.97083333333333,72,7.3531914893617,6.252,6.0375,7.13333333333333,6.94761904761905,47,25,8,9,63,15213,8616,6597,2234,2790,12423,7.00696481035956,7.34741977251625,6.56231421858421,6.51358997314235,7.06515352329749,6.99389658939064,176
"182",2021,7,6.79010989010989,91,7.31509433962264,6.05789473684211,5.9,7.25,6.73333333333333,53,38,10,10,81,15304,8669,6635,2244,2800,12504,7.00567535676947,7.34722214326912,6.5594253051997,6.51085561497326,7.06581368928572,6.99220867962252,177
"183",2021,8,6.59922077922078,77,6.91761904761905,6.21714285714286,6.42857142857143,7.14285714285714,6.54485714285714,42,35,7,7,70,15381,8711,6670,2251,2807,12574,7.00364057343476,7.34515081620939,6.5576292203898,6.5105997334518,7.06600581759886,6.98971825433434,178
"184",2021,9,6.95813953488372,86,7.27,6.525,5.84444444444444,6.37777777777778,7.02597402597403,50,36,9,9,77,15467,8761,6706,2260,2816,12651,7.0033875774229,7.344721922155,6.55745405606919,6.50794690265487,7.06380622514205,6.98993892419571,179
"185",2021,10,6.6452380952381,84,7.18780487804878,6.12790697674419,5.875,7.07,6.58783783783784,41,43,12,10,74,15551,8802,6749,2272,2826,12725,7.00145300366536,7.34399099750057,6.55471727663357,6.50460387323944,7.06382814225053,6.98760057603143,180
"186",2021,11,6.71428571428571,98,7.15471698113208,6.19555555555556,6,6.83846153846154,6.69529411764706,53,45,11,13,85,15649,8855,6794,2283,2839,12810,6.99965465269346,7.34285813212874,6.55233837209302,6.50217257993868,7.06279617118704,6.98566099375488,181
"187",2021,12,6.818065,118,7.20305169014085,6.23648936170213,6.12791666666667,6.14785714285714,6.86033036036036,71,47,12,7,111,15767,8926,6841,2295,2846,12921,6.9982956383586,7.34174607102845,6.55016838181552,6.50021568627451,7.06054579409698,6.98458432009906,182
"188",2022,1,6.96798453608247,194,7.16876229508197,6.62777777777778,6.75,7.11310526315789,6.95222857142857,122,72,12,19,175,15961,9048,6913,2307,2865,13096,6.99792721821941,7.33941361958444,6.55097669607985,6.50151495448635,7.06089435602095,6.98415195479535,183
"189",2022,2,6.91484166666667,120,7.635,6.19468333333333,6.25,6.92222222222222,6.91424324324324,60,60,8,9,111,16081,9108,6973,2315,2874,13207,6.9973072153473,7.34136082894159,6.54791092786462,6.50064578833693,7.06046010090467,6.9835643976679,184
"190",2022,3,6.96621951219512,123,7.31541095890411,6.4564,6.75384615384615,6.918,6.97291666666667,73,50,13,15,108,16204,9181,7023,2328,2889,13315,6.9970712373488,7.34115449624224,6.54725941905169,6.50205970790378,7.05972043267567,6.9834780322944,185
"191",2022,4,6.89609090909091,110,7.1689552238806,6.47093023255814,6.22727272727273,6.97428571428571,6.89077669902913,67,43,11,7,103,16314,9248,7066,2339,2896,13418,6.99639035981366,7.33990694528547,6.54679491933201,6.5007674219752,7.05951392610498,6.9827664331495,186
"192",2022,5,6.86294642857143,112,7.2669014084507,6.16341463414634,5.83333333333333,7.08333333333333,6.82886597938144,71,41,12,15,97,16426,9319,7107,2351,2911,13515,6.99548047790089,7.33935072754587,6.54458321373294,6.4973606975755,7.05963666437651,6.9816618571957,187
"193",2022,6,6.98829545454545,88,7.22490909090909,6.59393939393939,6.18571428571429,7.48,6.95867469879518,55,33,7,5,83,16514,9374,7140,2358,2916,13598,6.99544219026281,7.33867926498826,6.54481133053221,6.49643553859203,7.06035745198903,6.98152154728636,188
"194",2022,7,6.9647,100,7.18482142857143,6.68454545454545,6.15,8.21875,6.85565217391304,56,44,10,8,92,16614,9430,7184,2368,2924,13690,6.99525715240159,7.33776558112407,6.54566716314031,6.49497255067568,7.0635267886457,6.98067567567567,189
"195",2022,8,6.95654205607477,107,7.17266666666667,6.45,8,7.13571428571429,6.944,75,32,3,7,100,16721,9505,7216,2371,2931,13790,6.99500940912625,7.33646285428722,6.54524291851441,6.49687684521299,7.06369919140226,6.98040971718636,190
