"","year","month","avg_rating","no_ratings","avg_rating_owned","avg_rating_not_owned","avg_rating_prev_owned","avg_rating_comment","avg_rating_no_comment","no_ratings_owned","no_ratings_not_owned","no_ratings_prev_owned","no_ratings_comment","no_ratings_no_comment","cum_no_ratings","cum_no_ratings_owned","cum_no_ratings_not_owned","cum_no_ratings_prev_owned","cum_no_ratings_comment","cum_no_ratings_no_comment","cum_avg_rating","cum_avg_rating_owned","cum_avg_rating_not_owned","cum_avg_rating_prev_owned","cum_avg_rating_comment","cum_avg_rating_no_comment","month_after_release"
"1",2001,9,4,2,6,2,NA,NA,4,1,1,0,0,2,2,1,1,0,0,2,4,6,2,NA,NA,4,0
"2",2001,10,4,2,4,NA,NA,NA,4,2,0,0,0,2,4,3,1,0,0,4,4,4.66666666666667,2,NA,NA,4,1
"3",2001,11,6,4,5.66666666666667,7,NA,9,5,3,1,0,1,3,8,6,2,0,1,7,5,5.16666666666667,4.5,NA,9,4.42857142857143,2
"4",2001,12,8.33333333333333,3,8.33333333333333,NA,NA,10,7.5,3,0,0,1,2,11,9,2,0,2,9,5.90909090909091,6.22222222222222,4.5,NA,9.5,5.11111111111111,3
"5",2002,1,6.2,5,6.66666666666667,5.5,NA,7,6,3,2,0,1,4,16,12,4,0,3,13,6,6.33333333333333,5,NA,8.66666666666667,5.38461538461539,4
"6",2002,2,8,1,NA,8,NA,8,NA,0,1,0,1,0,17,12,5,0,4,13,6.11764705882353,6.33333333333333,5.6,NA,8.5,5.38461538461539,5
"7",2002,3,6,2,6,NA,NA,NA,6,2,0,0,0,2,19,14,5,0,4,15,6.10526315789474,6.28571428571429,5.6,NA,8.5,5.46666666666667,6
"8",2002,4,6,1,6,NA,NA,NA,6,1,0,0,0,1,20,15,5,0,4,16,6.1,6.26666666666667,5.6,NA,8.5,5.5,7
"9",2002,5,2,1,NA,2,NA,NA,2,0,1,0,0,1,21,15,6,0,4,17,5.90476190476191,6.26666666666667,5,NA,8.5,5.29411764705882,8
"10",2002,6,7,1,7,NA,NA,NA,7,1,0,0,0,1,22,16,6,0,4,18,5.95454545454545,6.3125,5,NA,8.5,5.38888888888889,9
"11",2002,7,5.25,4,5.33333333333333,5,NA,7,4.66666666666667,3,1,0,1,3,26,19,7,0,5,21,5.84615384615385,6.15789473684211,5,NA,8.2,5.28571428571429,10
"12",2002,8,7.57142857142857,7,8,5,NA,9,7,6,1,0,2,5,33,25,8,0,7,26,6.21212121212121,6.6,5,NA,8.42857142857143,5.61538461538461,11
"13",2002,9,6.5,3,7,6.25,7,NA,6.5,1,2,1,0,3,36,26,10,1,7,29,6.23611111111111,6.61538461538461,5.25,7,8.42857142857143,5.70689655172414,12
"14",2002,10,6.77777777777778,9,6.33333333333333,7.66666666666667,NA,7.25,6.4,6,3,0,4,5,45,32,13,1,11,34,6.34444444444444,6.5625,5.80769230769231,7,8,5.80882352941176,13
"15",2002,11,5.16666666666667,6,5.5,4.5,NA,5.66666666666667,4.66666666666667,4,2,0,3,3,51,36,15,1,14,37,6.20588235294118,6.44444444444444,5.63333333333333,7,7.5,5.71621621621622,14
"16",2002,12,5.66666666666667,6,6.33333333333333,5,NA,7,5,3,3,0,2,4,57,39,18,1,16,41,6.14912280701754,6.43589743589744,5.52777777777778,7,7.4375,5.64634146341463,15
"17",2003,1,6.25,12,6.5,5,NA,5,6.5,10,2,0,2,10,69,49,20,1,18,51,6.16666666666667,6.44897959183673,5.475,7,7.16666666666667,5.81372549019608,16
"18",2003,2,5.71428571428571,7,6.25,5,NA,5,6.25,4,3,0,3,4,76,53,23,1,21,55,6.125,6.43396226415094,5.41304347826087,7,6.85714285714286,5.84545454545455,17
"19",2003,3,6.71428571428571,7,8,5,NA,5.5,7.2,4,3,0,2,5,83,57,26,1,23,60,6.17469879518072,6.54385964912281,5.36538461538461,7,6.73913043478261,5.95833333333333,18
"20",2003,4,6.6,5,7,5,NA,6.5,6.66666666666667,4,1,0,2,3,88,61,27,1,25,63,6.19886363636364,6.57377049180328,5.35185185185185,7,6.72,5.99206349206349,19
"21",2003,5,5.33333333333333,12,6,4.66666666666667,6.5,5.25,5.375,6,6,2,4,8,100,67,33,3,29,71,6.095,6.52238805970149,5.22727272727273,6.66666666666667,6.51724137931035,5.92253521126761,20
"22",2003,6,6.45454545454545,11,7.5,5.2,4,6,6.71428571428571,6,5,1,4,7,111,73,38,4,33,78,6.13063063063063,6.6027397260274,5.22368421052632,6,6.45454545454545,5.99358974358974,21
"23",2003,7,5.4875,40,6.13333333333333,5.1,6.5,6.15,5.26666666666667,15,25,1,10,30,151,88,63,5,43,108,5.96026490066225,6.52272727272727,5.17460317460317,6.1,6.38372093023256,5.79166666666667,22
"24",2003,8,5.93684210526316,19,6.4,5.42222222222222,6,6.1,5.87857142857143,10,9,1,5,14,170,98,72,6,48,122,5.95764705882353,6.51020408163265,5.20555555555556,6.08333333333333,6.35416666666667,5.80163934426229,23
"25",2003,9,5.47647058823529,17,6,5.19090909090909,7,6.5125,4.55555555555556,6,11,2,8,9,187,104,83,8,56,131,5.91390374331551,6.48076923076923,5.20361445783132,6.3125,6.37678571428571,5.71603053435114,24
"26",2003,10,6.66666666666667,6,6.8,6,NA,5,7,5,1,0,1,5,193,109,84,8,57,136,5.93730569948186,6.4954128440367,5.21309523809524,6.3125,6.35263157894737,5.76323529411765,25
"27",2003,11,6.75,6,7.1,5,NA,6.83333333333333,6.66666666666667,5,1,0,3,3,199,114,85,8,60,139,5.96180904522613,6.5219298245614,5.21058823529412,6.3125,6.37666666666667,5.78273381294964,26
"28",2003,12,5.125,8,5.75,4.5,NA,6,5,4,4,0,1,7,207,118,89,8,61,146,5.92946859903382,6.49576271186441,5.17865168539326,6.3125,6.37049180327869,5.74520547945206,27
"29",2004,1,5.71052631578947,19,6.40909090909091,4.75,3,5,5.9,11,8,1,4,15,226,129,97,9,65,161,5.91106194690265,6.48837209302326,5.14329896907216,5.94444444444444,6.28615384615385,5.75962732919255,28
"30",2004,2,5.61111111111111,18,5.27272727272727,6.14285714285714,NA,4.85714285714286,6.09090909090909,11,7,0,7,11,244,140,104,9,72,172,5.88893442622951,6.39285714285714,5.21057692307692,5.94444444444444,6.14722222222222,5.78081395348837,29
"31",2004,3,5.91666666666667,12,5.88888888888889,6,NA,5,6,9,3,0,1,11,256,149,107,9,73,183,5.890234375,6.36241610738255,5.23271028037383,5.94444444444444,6.13150684931507,5.79398907103825,30
"32",2004,4,5.91666666666667,12,6.75,4.25,NA,4.75,6.5,8,4,0,4,8,268,157,111,9,77,191,5.89141791044776,6.38216560509554,5.1972972972973,5.94444444444444,6.05974025974026,5.82356020942408,31
"33",2004,5,6,11,5.9,7,NA,6.8,5.33333333333333,10,1,0,5,6,279,167,112,9,82,197,5.89569892473118,6.35329341317365,5.21339285714286,5.94444444444444,6.10487804878049,5.80862944162437,32
"34",2004,6,5.55882352941176,17,5.83333333333333,5.25,5.5,5.59090909090909,5.5,9,8,2,11,6,296,176,120,11,93,203,5.87635135135135,6.32670454545455,5.21583333333333,5.86363636363636,6.04408602150538,5.79950738916256,33
"35",2004,7,5.55555555555556,9,5.75,4,4,5.75,5.4,8,1,1,4,5,305,184,121,12,97,208,5.86688524590164,6.30163043478261,5.20578512396694,5.70833333333333,6.0319587628866,5.78990384615385,34
"36",2004,8,5.75,10,5.78571428571429,5.66666666666667,NA,5.625,5.83333333333333,7,3,0,4,6,315,191,124,12,101,214,5.8631746031746,6.28272251308901,5.21693548387097,5.70833333333333,6.01584158415842,5.7911214953271,35
"37",2004,9,5.7,10,6,4.5,2,5,6.4,8,2,1,5,5,325,199,126,13,106,219,5.85815384615385,6.2713567839196,5.20555555555556,5.42307692307692,5.96792452830189,5.80502283105023,36
"38",2004,10,6.07692307692308,13,6.28571428571429,5.83333333333333,NA,6.125,6,7,6,0,8,5,338,206,132,13,114,224,5.86656804733728,6.27184466019417,5.23409090909091,5.42307692307692,5.97894736842105,5.809375,37
"39",2004,11,6.20833333333333,12,6.625,5.375,NA,5.125,6.75,8,4,0,4,8,350,214,136,13,118,232,5.87828571428571,6.28504672897196,5.23823529411765,5.42307692307692,5.95,5.84181034482759,38
"40",2004,12,5.85714285714286,14,6.08333333333333,4.5,4,6.25,5.7,12,2,1,4,10,364,226,138,14,122,242,5.87747252747253,6.27433628318584,5.22753623188406,5.32142857142857,5.95983606557377,5.83595041322314,39
"41",2005,1,5.66538461538462,26,5.88235294117647,5.25555555555556,NA,5.3,5.75238095238095,17,9,0,5,21,390,243,147,14,127,263,5.86333333333333,6.24691358024691,5.22925170068027,5.32142857142857,5.93385826771654,5.82927756653992,40
"42",2005,2,5.625,12,5.91666666666667,5.33333333333333,NA,5.33333333333333,5.91666666666667,6,6,0,6,6,402,249,153,14,133,269,5.85621890547264,6.23895582329317,5.23333333333333,5.32142857142857,5.90676691729323,5.83122676579926,41
"43",2005,3,5.818,20,6.155,5.3125,8,5.75846153846154,5.92857142857143,12,8,1,13,7,422,261,161,15,146,276,5.85440758293839,6.23509578544061,5.23726708074534,5.5,5.89356164383562,5.83369565217391,42
"44",2005,4,5.28571428571429,14,5.4,5,7,5.16666666666667,5.375,10,4,1,6,8,436,271,165,16,152,284,5.83614678899083,6.20428044280443,5.23151515151515,5.59375,5.86486842105263,5.82077464788732,43
"45",2005,5,5.24545454545455,11,7.5,3.95714285714286,NA,4.2,6.11666666666667,4,7,0,5,6,447,275,172,16,157,290,5.82161073825503,6.22312727272727,5.1796511627907,5.59375,5.81184713375796,5.82689655172414,44
"46",2005,6,5.6,15,6.375,4.71428571428571,6,5.25,6,8,7,1,8,7,462,283,179,17,165,297,5.81441558441558,6.22742049469965,5.16145251396648,5.61764705882353,5.78460606060606,5.83097643097643,45
"47",2005,7,6.135,20,6.58,4.8,NA,7,5.98235294117647,15,5,0,3,17,482,298,184,17,168,314,5.82771784232365,6.2451677852349,5.15163043478261,5.61764705882353,5.80630952380952,5.83917197452229,46
"48",2005,8,5.70833333333333,24,6.21428571428571,5,4.5,5.65,5.75,14,10,2,10,14,506,312,194,19,178,328,5.82205533596838,6.24378205128205,5.14381443298969,5.5,5.79752808988764,5.83536585365854,47
"49",2005,9,6.375,10,6.5,5.875,NA,7,5.75,8,2,0,5,5,516,320,196,19,183,333,5.83277131782946,6.2501875,5.15127551020408,5.5,5.8303825136612,5.83408408408408,48
"50",2005,10,5.72173913043478,23,6.18947368421053,3.5,NA,5.6375,5.76666666666667,19,4,0,8,15,539,339,200,19,191,348,5.82803339517625,6.24678466076696,5.11825,5.5,5.82230366492147,5.83117816091954,49
"51",2005,11,5.67391304347826,23,6.50833333333333,4.76363636363636,5,4.4375,6.33333333333333,12,11,2,8,15,562,351,211,21,199,363,5.82172597864769,6.25572649572649,5.09976303317536,5.45238095238095,5.76663316582915,5.85192837465565,50
"52",2005,12,6.225,20,6.65384615384615,5.42857142857143,5,6.16666666666667,6.25,13,7,2,6,14,582,364,218,23,205,377,5.83558419243986,6.26994505494505,5.11032110091743,5.41304347826087,5.77834146341463,5.86671087533156,51
"53",2006,1,5.72666666666667,45,5.79642857142857,5.61176470588235,NA,5.435,5.96,28,17,0,20,25,627,392,235,23,225,402,5.82776714513556,6.23612244897959,5.14659574468085,5.41304347826087,5.74782222222222,5.87251243781095,52
"54",2006,2,6.02272727272727,22,6.71875,4.16666666666667,NA,5.92857142857143,6.06666666666667,16,6,0,7,15,649,408,241,23,232,417,5.83437596302003,6.25504901960784,5.12219917012448,5.41304347826087,5.75327586206897,5.8794964028777,53
"55",2006,3,5.8,20,5.88235294117647,5.33333333333333,6,4.2,6.33333333333333,17,3,2,5,15,669,425,244,25,237,432,5.83334828101644,6.24014117647059,5.12479508196721,5.46,5.72050632911392,5.89525462962963,54
"56",2006,4,6.04166666666667,12,6.42857142857143,5.5,5,5.83333333333333,6.11111111111111,7,5,3,3,9,681,432,249,28,240,441,5.83701908957415,6.24319444444444,5.13232931726908,5.41071428571429,5.72191666666667,5.89965986394558,55
"57",2006,5,6.44444444444444,18,7.04545454545455,5.5,5,5.8125,6.95,11,7,1,8,10,699,443,256,29,248,451,5.85266094420601,6.2631151241535,5.1423828125,5.39655172413793,5.72483870967742,5.92294900221729,56
"58",2006,6,6.25,10,6.27777777777778,6,NA,7,6.0625,9,1,0,2,8,709,452,257,29,250,459,5.85826516220028,6.26340707964602,5.14571984435798,5.39655172413793,5.73504,5.92538126361656,57
"59",2006,7,6.34782608695652,23,6.92307692307692,5.6,NA,6.71428571428571,6.1875,13,10,0,7,16,732,465,267,29,257,475,5.8736475409836,6.28184946236559,5.162734082397,5.39655172413793,5.76171206225681,5.93421052631579,58
"60",2006,8,5.8,24,6.12941176470588,5,NA,5.55555555555556,5.94666666666667,17,7,0,9,15,756,482,274,29,266,490,5.87130952380952,6.27647302904564,5.15857664233577,5.39655172413793,5.75473684210526,5.93459183673469,59
"61",2006,9,5.18709677419355,31,6.09473684210526,3.75,2,3.71428571428571,5.61666666666667,19,12,1,7,24,787,501,286,30,273,514,5.8443583227446,6.26958083832335,5.09947552447552,5.28333333333333,5.70241758241758,5.91974708171206,60
"62",2006,10,5.68787878787879,33,6.57058823529412,4.75,5,4.85714285714286,5.91153846153846,17,16,2,7,26,820,518,302,32,280,540,5.83806097560975,6.27945945945946,5.08096026490066,5.265625,5.68128571428571,5.91935185185185,61
"63",2006,11,5.2625,20,5.63888888888889,4.95454545454545,5,5.08333333333333,5.33928571428571,9,11,2,6,14,840,527,313,34,286,554,5.82435714285714,6.26851992409867,5.07651757188498,5.25,5.66874125874126,5.90469314079422,62
"64",2006,12,5.88297872340426,47,6.30357142857143,5.26315789473684,6,5.79166666666667,5.91428571428571,28,19,1,12,35,887,555,332,35,298,589,5.82746335963923,6.27028828828829,5.08719879518072,5.27142857142857,5.67369127516779,5.90526315789474,63
"65",2007,1,5.4725,40,5.64,5.19333333333333,5.75,5.33333333333333,5.53214285714286,25,15,4,12,28,927,580,347,39,310,617,5.81214670981661,6.24312068965517,5.09178674351585,5.32051282051282,5.66051612903226,5.88833063209076,64
"66",2007,2,5.75,32,6.2,5.35294117647059,5,5.71428571428571,5.77777777777778,15,17,2,14,18,959,595,364,41,324,635,5.81007299270073,6.24203361344538,5.10398351648352,5.30487804878049,5.66283950617284,5.8851968503937,65
"67",2007,3,5.665,20,5.72,5.5,5.5,5.32857142857143,5.84615384615385,15,5,3,7,13,979,610,369,44,331,648,5.80710929519918,6.22919672131147,5.10934959349593,5.31818181818182,5.65577039274924,5.88441358024691,66
"68",2007,4,6.09375,24,6.76785714285714,5.15,4.83333333333333,6.95454545454545,5.36538461538461,14,10,3,11,13,1003,624,379,47,342,661,5.81396809571286,6.24128205128205,5.11042216358839,5.28723404255319,5.69754385964912,5.87420574886535,67
"69",2007,5,5.84677419354839,31,6.43333333333333,5.296875,5.5,5.6,6.078125,15,16,4,15,16,1034,639,395,51,357,677,5.81495164410058,6.24579029733959,5.1179746835443,5.30392156862745,5.69344537815126,5.87902511078287,68
"70",2007,6,6.22727272727273,22,6.35714285714286,6,NA,5.6875,6.53571428571429,14,8,0,8,14,1056,653,403,51,365,691,5.82354166666666,6.2481776416539,5.13548387096774,5.30392156862745,5.69331506849315,5.89232995658466,69
"71",2007,7,6.12222222222222,18,6.05384615384615,6.3,NA,5.16666666666667,6.6,13,5,0,6,12,1074,666,408,51,371,703,5.82854748603352,6.24438438438438,5.14975490196078,5.30392156862745,5.68479784366577,5.90440967283072,70
"72",2007,8,5.82,25,6.32352941176471,4.75,6,5.3125,6.05882352941176,17,8,1,8,17,1099,683,416,52,379,720,5.82835304822566,6.24635431918009,5.14206730769231,5.31730769230769,5.67693931398417,5.90805555555555,71
"73",2007,9,5.95588235294118,34,6.21052631578947,5.63333333333333,5.33333333333333,5.5,6.12,19,15,3,9,25,1133,702,431,55,388,745,5.83218005295675,6.24538461538461,5.15916473317865,5.31818181818182,5.67283505154639,5.9151677852349,72
"74",2007,10,6.38133333333333,30,6.88333333333333,5.62833333333333,5.27,6.61555555555556,6.28095238095238,18,12,2,9,21,1163,720,443,57,397,766,5.8463456577816,6.26133333333333,5.17187358916478,5.31649122807018,5.69420654911839,5.92519582245431,73
"75",2007,11,5.5875,40,5.97222222222222,5.27272727272727,4.5,5.53846153846154,5.61111111111111,18,22,2,13,27,1203,738,465,59,410,793,5.83773898586866,6.25428184281843,5.17664516129032,5.28881355932203,5.68926829268293,5.91450189155107,74
"76",2007,12,5.89772727272727,44,6.6304347826087,5.09523809523809,NA,6.18421052631579,5.68,23,21,0,19,25,1247,761,486,59,429,818,5.83985565356856,6.26565045992116,5.17312757201646,5.28881355932203,5.71118881118881,5.90733496332518,75
"77",2008,1,5.76545454545455,55,6.09393939393939,5.27272727272727,5.35714285714286,5.88888888888889,5.70540540540541,33,22,7,18,37,1302,794,508,66,447,855,5.83671274961597,6.25851385390428,5.17744094488189,5.29606060606061,5.71834451901566,5.89859649122807,76
"78",2008,2,6.58636363636364,22,6.86875,5.83333333333333,6,6.55714285714286,6.6,16,6,3,7,15,1324,810,514,69,454,870,5.84916918429003,6.27056790123457,5.18509727626459,5.32666666666667,5.73127753303965,5.91068965517241,77
"79",2008,3,5.76923076923077,39,6.125,5.52173913043478,6.33333333333333,6.20833333333333,5.57407407407407,16,23,3,12,27,1363,826,537,72,466,897,5.84688187820983,6.26774818401937,5.19951582867784,5.36861111111111,5.74356223175966,5.90055741360089,78
"80",2008,4,5.41935483870968,31,6.5625,4.2,4,5.77272727272727,5.225,16,15,2,11,20,1394,842,552,74,477,917,5.83737446197991,6.27334916864608,5.17235507246377,5.33162162162162,5.74423480083857,5.88582333696837,79
"81",2008,5,5.48787878787879,33,5.765,5.06153846153846,6,5.125,5.6952380952381,20,13,3,12,21,1427,862,565,77,489,938,5.82929222144358,6.26155452436195,5.16980530973451,5.35766233766234,5.72903885480572,5.88155650319829,80
"82",2008,6,5.44444444444444,18,5.75,5.0625,8,6.22222222222222,4.66666666666667,10,8,1,9,9,1445,872,573,78,498,947,5.82449826989619,6.25568807339449,5.16830715532286,5.39153846153846,5.73795180722891,5.87001055966209,81
"83",2008,7,5.89583333333333,24,6.28571428571429,5.35,5.8,6.20833333333333,5.58333333333333,14,10,5,12,12,1469,886,583,83,510,959,5.82566371681416,6.2561625282167,5.17142367066895,5.41614457831325,5.74901960784314,5.86642335766423,82
"84",2008,8,5.92741935483871,31,6.63461538461539,5.41666666666667,5.5,5.6,6.08333333333333,13,18,8,10,21,1500,899,601,91,520,980,5.82776666666666,6.26163515016685,5.178768718802,5.42351648351648,5.74615384615385,5.87107142857143,83
"85",2008,9,5.625,28,5.52631578947368,5.83333333333333,5.5,6,5.5,19,9,1,7,21,1528,918,610,92,527,1001,5.82405104712042,6.24641612200436,5.1884262295082,5.42434782608696,5.74952561669829,5.86328671328671,84
"86",2008,10,5.59459459459459,37,5.88888888888889,5.31578947368421,5.3125,5.5,5.64,18,19,8,12,25,1565,936,629,100,539,1026,5.81862619808306,6.2395405982906,5.19227344992051,5.4154,5.74397031539889,5.85784600389864,85
"87",2008,11,6.07931034482759,29,6.72352941176471,5.16666666666667,5.5,6.9,5.81818181818182,17,12,4,7,22,1594,953,641,104,546,1048,5.82336888331242,6.24817418677859,5.19179407176287,5.41865384615385,5.75879120879121,5.85701335877863,86
"88",2008,12,5.91052631578947,38,6.56875,5.43181818181818,5.11111111111111,5.27272727272727,6.17037037037037,16,22,9,11,27,1632,969,663,113,557,1075,5.82539828431372,6.25346749226006,5.19975867269985,5.3941592920354,5.7491921005386,5.86488372093023,87
"89",2009,1,5.866,50,6.134375,5.38888888888889,4.875,6.2,5.7825,32,18,4,10,40,1682,1001,681,117,567,1115,5.82660523186682,6.24966033966034,5.2047577092511,5.37641025641026,5.75714285714286,5.86192825112108,88
"90",2009,2,5.87435897435897,39,6.3,5.57826086956522,5,5.58333333333333,6.0037037037037,16,23,5,12,27,1721,1017,704,122,579,1142,5.82768739105171,6.2504523107178,5.21696022727273,5.36098360655738,5.75354058721934,5.86528021015762,89
"91",2009,3,6.14516129032258,31,6.10526315789474,6.20833333333333,6,6.66666666666667,6.08928571428571,19,12,1,3,28,1752,1036,716,123,582,1170,5.83330479452055,6.24778957528958,5.23357541899441,5.36617886178862,5.75824742268041,5.87064102564103,90
"92",2009,4,5.28275862068966,29,5.76666666666667,4.76428571428571,4.125,4.78333333333333,5.41304347826087,15,14,4,6,23,1781,1051,730,127,588,1193,5.82434025828186,6.24092293054234,5.22457534246575,5.32708661417323,5.74829931972789,5.86181894383906,91
"93",2009,5,5.76785714285714,28,5.92307692307692,5.63333333333333,5.85714285714286,5.64285714285714,5.80952380952381,13,15,7,7,21,1809,1064,745,134,595,1214,5.82346600331675,6.23703947368421,5.23280536912752,5.35477611940299,5.74705882352941,5.86091433278419,92
"94",2009,6,5.8,25,5.84615384615385,5.75,5.8,5.875,5.73076923076923,13,12,5,12,13,1834,1077,757,139,607,1227,5.82314612868048,6.23232126276694,5.24100396301189,5.37079136690648,5.7495881383855,5.85953545232274,93
"95",2009,7,5.47361111111111,36,6.39090909090909,5.07,5.42857142857143,4.65625,5.70714285714286,11,25,7,8,28,1870,1088,782,146,615,1255,5.81641711229946,6.23392463235294,5.23553708439898,5.37356164383562,5.73536585365853,5.85613545816733,94
"96",2009,8,5.59354838709677,31,5.27777777777778,5.72272727272727,5.5,5.7,5.57307692307692,9,22,5,5,26,1901,1097,804,151,620,1281,5.8127827459232,6.22608021877849,5.24886815920398,5.37774834437086,5.73508064516129,5.85039032006245,95
"97",2009,9,5.60434782608696,23,5.825,5.36363636363636,4.64285714285714,6.08333333333333,5.43529411764706,12,11,7,6,17,1924,1109,815,158,626,1298,5.81029106029106,6.22174030658251,5.25041717791411,5.34518987341772,5.73841853035144,5.84495377503852,96
"98",2009,10,5.42592592592593,27,5.5625,5.22727272727273,4.16666666666667,5.34615384615385,5.5,16,11,3,13,14,1951,1125,826,161,639,1312,5.80497180932855,6.21236444444444,5.25010895883777,5.3232298136646,5.73043818466354,5.84127286585366,97
"99",2009,11,6.1,32,6.25,5.90714285714286,5.5,5.55555555555556,6.31304347826087,18,14,2,9,23,1983,1143,840,163,648,1335,5.80973272818961,6.21295713035871,5.26105952380952,5.32539877300614,5.72800925925926,5.84940074906367,98
"100",2009,12,6.10769230769231,39,6.04615384615385,6.23076923076923,6.5,7.0625,5.86129032258065,26,13,4,8,31,2022,1169,853,167,656,1366,5.81547972304649,6.20924721984602,5.27583821805393,5.35353293413174,5.74428353658536,5.84967057101025,99
"101",2010,1,5.95833333333333,48,6.52777777777778,5.22619047619048,5.08333333333333,5.80555555555556,5.99358974358974,27,21,9,9,39,2070,1196,874,176,665,1405,5.8187922705314,6.2164381270903,5.27464530892448,5.33971590909091,5.74511278195489,5.85366548042705,100
"102",2010,2,5.58448275862069,29,5.73235294117647,5.375,5.66666666666667,5.14285714285714,5.725,17,12,3,7,22,2099,1213,886,179,672,1427,5.81555502620295,6.2096537510305,5.27600451467269,5.34519553072626,5.73883928571428,5.85168185003504,101
"103",2010,3,6.17333333333333,30,6.59444444444444,5.54166666666667,5.4,5.88571428571429,6.26086956521739,18,12,5,7,23,2129,1231,898,184,679,1450,5.82059652418976,6.21528025995126,5.27955456570156,5.3466847826087,5.74035346097202,5.8581724137931,102
"104",2010,4,5.44,20,6.28,4.6,4.75,6.36,5.13333333333333,10,10,4,5,15,2149,1241,908,188,684,1465,5.81705444392741,6.2158017727639,5.2720704845815,5.33398936170213,5.74488304093567,5.85075085324232,103
"105",2010,5,5.916,25,5.8125,6.1,7.4,6.5,5.86521739130435,16,9,1,2,23,2174,1257,917,189,686,1488,5.81819227230911,6.21066825775656,5.28019629225736,5.34492063492063,5.74708454810496,5.85097446236559,104
"106",2010,6,5.53333333333333,15,5.88888888888889,5,4.5,3,5.71428571428571,9,6,2,1,14,2189,1266,923,191,687,1502,5.81624029237094,6.20838072669826,5.27837486457205,5.33607329842932,5.74308588064047,5.84970039946738,105
"107",2010,7,5.85294117647059,17,5.85,5.85714285714286,5.75,5.4,6.04166666666667,10,7,4,5,12,2206,1276,930,195,692,1514,5.816523118767,6.20557210031348,5.2827311827957,5.3445641025641,5.74060693641618,5.85122192866578,106
"108",2010,8,5.97,25,6.65384615384615,5.22916666666667,5.9375,5.45833333333333,6.13157894736842,13,12,4,6,19,2231,1289,942,199,698,1533,5.81824294038548,6.21009309542281,5.28204883227176,5.3564824120603,5.73818051575931,5.85469667318982,107
"109",2010,9,6.675,20,6.975,6.375,5.75,6,6.71052631578947,10,10,2,1,19,2251,1299,952,201,699,1552,5.82585517547756,6.21598152424942,5.29352941176471,5.36039800995025,5.73855507868383,5.86517396907216,108
"110",2010,10,6.4741935483871,31,7.00588235294118,5.82857142857143,6.5,6.25,6.55217391304348,17,14,4,8,23,2282,1316,966,205,707,1575,5.83466257668712,6.22618541033435,5.30128364389234,5.38263414634146,5.74434229137199,5.87520634920635,109
"111",2010,11,5.8375,40,6.30555555555556,5.45454545454545,5.33333333333333,6.35714285714286,5.72727272727273,18,22,6,7,33,2322,1334,988,211,714,1608,5.83471145564169,6.22725637181409,5.3046963562753,5.38123222748815,5.75035014005602,5.87217039800995,110
"112",2010,12,5.86,25,5.9,5.8,7,6,5.83333333333333,15,10,2,4,21,2347,1349,998,213,718,1629,5.83498082658713,6.22361749444033,5.30965931863727,5.39643192488263,5.75174094707521,5.87166973603438,111
"113",2011,1,6.42820512820513,39,6.6125,6.13333333333333,6.21428571428571,5.72727272727273,6.70357142857143,24,15,7,11,28,2386,1373,1013,220,729,1657,5.84467728415759,6.23041514930808,5.32185587364265,5.42245454545455,5.75137174211248,5.88572721786361,112
"114",2011,2,6.25,40,6.40909090909091,6.05555555555556,6,6.55555555555556,6.16129032258065,22,18,5,9,31,2426,1395,1031,225,738,1688,5.85136026380874,6.23323297491039,5.33466537342386,5.43528888888889,5.76117886178862,5.89078791469194,113
"115",2011,3,5.79199333333333,30,5.88209473684211,5.63636363636364,5.25326666666667,5.625,5.81768461538462,19,11,3,4,26,2456,1414,1042,228,742,1714,5.85063509771987,6.22851471004243,5.33785028790787,5.43289385964912,5.76044474393531,5.88967899649942,114
"116",2011,4,5.892,25,6.3625,5.05555555555556,5.25,6.625,5.75238095238095,16,9,2,4,21,2481,1430,1051,230,746,1735,5.85105191455058,6.23001384615384,5.33543292102759,5.43130347826087,5.76508042895442,5.88801717579251,115
"117",2011,5,5.27857142857143,28,5.38888888888889,5.08,4.33333333333333,5.25,5.29,18,10,3,8,20,2509,1448,1061,233,754,1755,5.8446631327222,6.21955787292818,5.33302544769086,5.41716652360515,5.75961538461539,5.88120216524216,116
"118",2011,6,5.39285714285714,14,7,4.1875,3.5,NA,5.39285714285714,6,8,2,0,14,2523,1454,1069,235,754,1769,5.84215608402695,6.22277840440165,5.3244527595884,5.40085021276596,5.75961538461539,5.87733736574336,117
"119",2011,7,6.07407407407407,27,6.6,5.41666666666667,6.75,6.28571428571429,6,15,12,4,7,20,2550,1469,1081,239,761,1789,5.84461168627451,6.22663022464261,5.32547641073081,5.42343012552301,5.76445466491459,5.87870866405813,118
"120",2011,8,5.52083333333333,24,5.53571428571429,5.5,5,4.6,5.76315789473684,14,10,1,5,19,2574,1483,1091,240,766,1808,5.84159277389277,6.22010775455158,5.32707607699358,5.42166583333333,5.75685378590078,5.87749435840708,119
"121",2011,9,5.93333333333333,15,7,5,4.5,4,6.23076923076923,7,8,2,2,13,2589,1490,1099,242,768,1821,5.84212429509463,6.22377167785235,5.32469517743403,5.41404876033058,5.75227864583333,5.88001636463482,120
"122",2011,10,5.64814814814815,27,5.94444444444444,5.05555555555556,5.33333333333333,5.57142857142857,5.675,18,9,3,7,20,2616,1508,1108,245,775,1841,5.84012224770642,6.2204375331565,5.32250902527076,5.41306040816327,5.75064516129032,5.87778913633895,121
"123",2011,11,5.64583333333333,24,6.40909090909091,5,4,6.16666666666667,5.57142857142857,11,13,2,3,21,2640,1519,1121,247,778,1862,5.83835598484848,6.22180368663594,5.31876895628903,5.40161862348178,5.75224935732648,5.87433394199785,122
"124",2011,12,5.81060606060606,33,5.98684210526316,5.57142857142857,5.85714285714286,6.10714285714286,5.73076923076923,19,14,7,7,26,2673,1538,1135,254,785,1888,5.83801339319117,6.21890104031209,5.32188546255507,5.41417244094488,5.75541401273885,5.87235688559322,123
"125",2012,1,5.71764705882353,51,6.08666666666667,5.19047619047619,5.38888888888889,5.59090909090909,5.7525,30,21,9,11,40,2724,1568,1156,263,796,1928,5.83575983847283,6.21637104591837,5.31949826989619,5.4133072243346,5.75314070351759,5.86987022821577,124
"126",2012,2,6.125,24,6.10526315789474,6.2,NA,6.28571428571429,6.05882352941176,19,5,0,7,17,2748,1587,1161,263,803,1945,5.83828595342067,6.21504083175803,5.3232902670112,5.4133072243346,5.75778331257783,5.87152174807198,125
"127",2012,3,5.51,20,5.70769230769231,5.14285714285714,7,6.5,5.33529411764706,13,7,1,3,17,2768,1600,1168,264,806,1962,5.8359139450867,6.210918625,5.32220890410959,5.41931742424242,5.7605459057072,5.8668755351682,126
"128",2012,4,6.08,25,6.22727272727273,5,NA,6.1,6.075,22,3,0,5,20,2793,1622,1171,264,811,1982,5.83809874686717,6.21114044389642,5.32138343296328,5.41931742424242,5.76263871763255,5.86897568113017,127
"129",2012,5,5.92592592592593,27,5.90625,5.95454545454545,5.625,6.2,5.86363636363636,16,11,4,5,22,2820,1638,1182,268,816,2004,5.83893964539007,6.20816227106227,5.3272758037225,5.42238731343284,5.76531862745098,5.86891706586826,128
"130",2012,6,5.94642857142857,28,6.5625,5.125,5.125,6.85714285714286,5.64285714285714,16,12,4,7,21,2848,1654,1194,272,823,2025,5.83999641853932,6.2115899637243,5.32524288107203,5.41801397058823,5.77460510328068,5.86657274074074,129
"131",2012,7,5.8925,20,6.29166666666667,5.29375,5.33333333333333,5.5,5.96176470588235,12,8,3,3,17,2868,1666,1202,275,826,2042,5.84036255230125,6.21216674669868,5.32503327787022,5.41709018181818,5.77360774818402,5.8673652301665,130
"132",2012,8,5.64210526315789,19,5.31428571428571,5.83333333333333,6,4.5,6.16923076923077,7,12,7,6,13,2887,1673,1214,282,832,2055,5.83905777623831,6.20840992229528,5.33005766062603,5.43155957446808,5.76442307692308,5.86927484184915,131
"133",2012,9,5.77272727272727,22,6.125,4.83333333333333,5.5,6.1,5.67647058823529,16,6,2,5,17,2909,1689,1220,284,837,2072,5.83855613612925,6.2076197750148,5.32761475409836,5.43204154929577,5.76642771804062,5.86769295366795,132
"134",2012,10,6.38095238095238,21,6.41666666666667,6.16666666666667,NA,5.33333333333333,6.55555555555556,18,3,0,3,18,2930,1707,1223,284,840,2090,5.84244361774744,6.20982413591095,5.32967293540474,5.43204154929577,5.76488095238095,5.8736171291866,133
"135",2012,11,5.65,28,5.92777777777778,5.15,5.5,5.34,5.71739130434783,18,10,4,5,23,2958,1725,1233,288,845,2113,5.84062197430696,6.20688104347826,5.32821573398216,5.43298541666667,5.76236686390533,5.87191661145291,134
"136",2012,12,5.88157894736842,38,6.47826086956522,4.96666666666667,6.08333333333333,5.16666666666667,6.10344827586207,23,15,6,9,29,2996,1748,1248,294,854,2142,5.8411414552737,6.21045183066362,5.32387019230769,5.44625782312925,5.75608899297424,5.8750512605042,135
"137",2013,1,6.18490566037736,53,6.14871794871795,6.28571428571429,8,6,6.22272727272727,39,14,1,9,44,3049,1787,1262,295,863,2186,5.84711702197442,6.20910453273643,5.33454041204438,5.45491457627119,5.75863267670915,5.88204931381519,136
"138",2013,2,5.72916666666667,24,5.96666666666667,5.33333333333333,6.33333333333333,5.83333333333333,5.71428571428571,15,9,3,3,21,3073,1802,1271,298,866,2207,5.84619583468923,6.20708645948946,5.33453186467349,5.4637577181208,5.75889145496536,5.88045301314001,137
"139",2013,3,6.30833333333333,24,6.41875,6.0875,6.14,6.375,6.295,16,8,5,4,20,3097,1818,1279,303,870,2227,5.84977713916693,6.20894928492849,5.33924159499609,5.47491683168317,5.76172413793103,5.88417593174674,138
"140",2013,4,5.144,25,6.07142857142857,3.96363636363636,4.725,4.38,5.335,14,11,4,5,20,3122,1832,1290,307,875,2247,5.84412549647662,6.20789836244542,5.32751162790698,5.46514592833876,5.75382857142857,5.87928785046729,139
"141",2013,5,5.82423076923077,26,5.9965,5.25,6.5,5.87166666666667,5.81,20,6,2,6,20,3148,1852,1296,309,881,2267,5.84396118170267,6.20561544276458,5.32715277777778,5.47184401294498,5.75463110102157,5.87867657697398,140
"142",2013,6,5.70769230769231,26,6.11176470588235,4.94444444444444,4.75,5.5625,5.77222222222222,17,9,6,8,18,3174,1869,1305,315,889,2285,5.84284492753623,6.20476179775281,5.32451340996169,5.4580946031746,5.75290213723284,5.8778379868709,141
"143",2013,7,6.06521739130435,23,6.84615384615385,5.05,5.21428571428571,6.0625,6.06666666666667,13,10,7,8,15,3197,1882,1315,322,897,2300,5.84444472943384,6.20919224229543,5.32242585551331,5.45279440993789,5.75566332218506,5.87906947826087,142
"144",2013,8,5.725,44,6.04666666666667,5.03571428571429,4.25,4.91666666666667,5.85263157894737,30,14,4,6,38,3241,1912,1329,326,903,2338,5.84282314100586,6.20664215481172,5.31940556809632,5.43803619631902,5.75008859357696,5.87863977758768,143
"145",2013,9,5.51818181818182,33,6.05789473684211,4.78571428571429,4.83333333333333,5.025,5.58620689655172,19,14,6,4,29,3274,1931,1343,332,907,2367,5.839550946854,6.20517856033143,5.31384214445272,5.4271078313253,5.74689084895259,5.87505694972539,144
"146",2013,10,5.68095238095238,21,5.98461538461538,5.1875,5.83333333333333,5.66666666666667,5.68333333333333,13,8,3,3,18,3295,1944,1351,335,910,2385,5.83854015174507,6.20370360082304,5.31309400444116,5.43074567164179,5.74662637362637,5.87360997903564,145
"147",2013,11,6.16052631578947,38,6.52727272727273,5.65625,5.8,5.6,6.24545454545455,22,16,5,5,33,3333,1966,1367,340,915,2418,5.84221116111611,6.20732441505595,5.31711046086321,5.43617588235294,5.74582513661202,5.87868478081059,146
"148",2013,12,5.3725,40,5.90454545454545,4.72222222222222,4.5,3.33333333333333,5.73235294117647,22,18,4,6,34,3373,1988,1385,344,921,2452,5.83664091313371,6.20397374245473,5.30937906137184,5.42529011627907,5.73010857763301,5.8766557096248,147
"149",2014,1,6.1,51,6.53793103448276,5.52272727272727,4.6,5.75,6.20769230769231,29,22,5,12,39,3424,2017,1407,349,933,2491,5.84056360981308,6.20877530986614,5.31271499644634,5.4134664756447,5.73036441586281,5.88183853873946,148
"150",2014,2,5.1953125,32,5.5,4.98684210526316,4.75,5.29166666666667,5.17307692307692,13,19,4,6,26,3456,2030,1426,353,939,2517,5.8345890625,6.2042363546798,5.30837307152875,5.40594844192634,5.72756123535676,5.87451720301947,149
"151",2014,3,6.59615384615385,26,6.63888888888889,6.5,5.5,7.66666666666667,6.45652173913043,18,8,2,3,23,3482,2048,1434,355,942,2540,5.84027564618035,6.20805654296875,5.31502092050209,5.40647830985915,5.73373673036093,5.87978732283465,150
"152",2014,4,5.75,28,6.15789473684211,4.88888888888889,3,5,5.875,19,9,2,4,24,3510,2067,1443,357,946,2564,5.8395554985755,6.2075954523464,5.31236313236314,5.39299663865546,5.73063424947146,5.87974251170047,151
"153",2014,5,5.75405405405405,37,5.84814814814815,5.5,4.875,6.18,5.6875,27,10,8,5,32,3547,2094,1453,365,951,2596,5.83866360304483,6.20296074498567,5.31365450791466,5.38164328767123,5.73299684542587,5.87737280431433,152
"154",2014,6,6.068,25,6.52727272727273,5.70714285714286,6,5.66666666666667,6.12272727272727,11,14,3,3,22,3572,2105,1467,368,954,2618,5.84026870100784,6.20465548693587,5.31740967961827,5.38668423913043,5.73278825995807,5.8794346065699,153
"155",2014,7,5.3695652173913,23,7,4.79411764705882,4.6875,4.66666666666667,5.475,6,17,8,3,20,3595,2111,1484,376,957,2638,5.83725724617524,6.20691605873993,5.31141509433962,5.3718079787234,5.72944618599791,5.87636838514026,154
"156",2014,8,6.17962962962963,27,6.59736842105263,5.1875,NA,6,6.21086956521739,19,8,0,4,23,3622,2130,1492,376,961,2661,5.83980944229707,6.21039896713615,5.31075067024129,5.3718079787234,5.73057232049948,5.87925960165352,155
"157",2014,9,5.56,25,5.86363636363636,5.32142857142857,5.5,4.875,5.69047619047619,11,14,7,4,21,3647,2141,1506,383,965,2682,5.83789136276391,6.20861737505838,5.31084993359894,5.37415091383812,5.72702590673575,5.87778143176734,156
"158",2014,10,5.89285714285714,28,6.1875,5.5,5.4,6.5,5.82,16,12,5,3,25,3675,2157,1518,388,968,2707,5.83831014965986,6.20846073249884,5.31234519104085,5.37448402061856,5.7294214876033,5.87724780199483,157
"159",2014,11,5.84785714285714,28,6.09375,5.52,5.435,6.41333333333333,5.78,16,12,4,3,25,3703,2173,1530,392,971,2732,5.83838233864434,6.20761610676484,5.31397385620915,5.37510153061224,5.73153450051493,5.87635790629576,158
"160",2014,12,5.95348837209302,43,6.25,5.4,5.16666666666667,5.4,6.02631578947368,28,15,6,5,38,3746,2201,1545,398,976,2770,5.83970363053924,6.20815529304861,5.31480906148867,5.37195929648241,5.72983606557377,5.87841509025271,159
"161",2015,1,6.16637931034483,58,6.64,5.44565217391304,5.55555555555556,7,6.07019230769231,35,23,9,6,52,3804,2236,1568,407,982,2822,5.84468449001051,6.21491493738819,5.31672831632653,5.37601916461916,5.73759674134419,5.88194890148831,160
"162",2015,2,5.73428571428571,35,5.98636363636364,5.30769230769231,5.375,5,5.95185185185185,22,13,8,8,27,3839,2258,1581,415,990,2849,5.84367798905965,6.21268813108946,5.31665401644529,5.37599951807229,5.73163636363636,5.88261137241137,161
"163",2015,3,5.53571428571429,28,5.97058823529412,4.86363636363636,5.33333333333333,4,5.72,17,11,3,3,25,3867,2275,1592,418,993,2874,5.84144809930178,6.21087903296703,5.31352386934674,5.37569330143541,5.72640483383686,5.88119686847599,162
"164",2015,4,5.53379310344828,29,5.65789473684211,5.298,5.75,4.7,5.7075,19,10,2,5,24,3896,2294,1602,420,998,2898,5.83915805954825,6.2062989537925,5.31342696629214,5.37747571428571,5.7212625250501,5.87975838509317,163
"165",2015,5,5.85,20,5.92307692307692,5.71428571428571,NA,5.125,6.03125,13,7,0,4,16,3916,2307,1609,420,1002,2914,5.83921343207354,6.20470299089727,5.31517091361094,5.37747571428571,5.71888223552894,5.88059018531229,164
"166",2015,6,5.46166666666667,30,5.85277777777778,4.875,6,5.15,5.524,18,12,3,5,25,3946,2325,1621,423,1007,2939,5.83634308160162,6.20197840860215,5.31191239975324,5.38189078014184,5.71605759682224,5.87755692412385,165
"167",2015,7,5.918,50,6.25384615384615,5.55416666666667,4.83333333333333,6.23571428571429,5.79444444444444,26,24,6,14,36,3996,2351,1645,429,1021,2975,5.83736481481481,6.20255202041684,5.31544680851064,5.37421864801865,5.72318315377081,5.87655119327731,166
"168",2015,8,5.57954545454545,44,5.56818181818182,5.59090909090909,6,5.5,5.59210526315789,22,22,4,6,38,4040,2373,1667,433,1027,3013,5.83455688118812,6.19667079646018,5.31908218356329,5.37999953810623,5.72187925998052,5.87296375705277,167
"169",2015,9,5.62666666666667,30,6.6,4.51428571428571,5,4.55,5.79230769230769,16,14,7,4,26,4070,2389,1681,440,1031,3039,5.83302452088452,6.19937203850984,5.31237953599048,5.37395409090909,5.71733268671193,5.87227370845673,168
"170",2015,10,5.740625,32,6.15789473684211,5.13076923076923,3.9,5.6,5.76666666666667,19,13,3,5,27,4102,2408,1694,443,1036,3066,5.83230370550951,6.19904476744186,5.31098583234947,5.36397246049661,5.71676640926641,5.8713437051533,169
"171",2015,11,5.43928571428571,28,6.02,4.76923076923077,5,3.5,5.58846153846154,15,13,6,2,26,4130,2423,1707,449,1038,3092,5.82963917675545,6.19793635988444,5.30685998828354,5.35910868596882,5.71249518304431,5.86896500646831,170
"172",2015,12,5.73958333333333,48,6.21153846153846,5.18181818181818,5.28571428571429,5.4,5.82894736842105,26,22,7,10,38,4178,2449,1729,456,1048,3130,5.82860454763044,6.19808076766027,5.30526894158473,5.35798201754386,5.70951335877862,5.86847916932907,171
"173",2016,1,5.57538461538462,65,5.984375,5.17878787878788,5.1,4.79090909090909,5.73518518518518,32,33,15,11,54,4243,2481,1762,471,1059,3184,5.82472538298374,6.1953243853285,5.30290011350738,5.34976602972399,5.6999716713881,5.86621853015075,172
"174",2016,2,5.54239130434783,46,5.91086956521739,5.17391304347826,5.07142857142857,6.2,5.46219512195122,23,23,7,5,41,4289,2504,1785,478,1064,3225,5.82169731872231,6.19271158146965,5.3012380952381,5.34568995815899,5.70232142857143,5.86108210852713,173
"175",2016,3,5.51527777777778,36,5.89166666666667,5.13888888888889,4.75,6.5,5.45735294117647,18,18,4,2,34,4325,2522,1803,482,1066,3259,5.81914677456647,6.19056296590008,5.29961730449251,5.34074647302904,5.70381801125703,5.85687014421602,174
"176",2016,4,5.8,33,5.91111111111111,5.66666666666667,5.7,6.05,5.78387096774194,18,15,2,2,31,4358,2540,1818,484,1068,3290,5.81900178981184,6.1885825984252,5.30264576457646,5.34223099173554,5.70446629213483,5.8561823100304,175
"177",2016,5,5.73170731707317,41,6.328,4.8,5.375,6.3,5.65277777777778,25,16,8,5,36,4399,2565,1834,492,1073,3326,5.81818817913162,6.18994144249513,5.29826063249727,5.34276382113821,5.70724137931034,5.85398069753458,176
"178",2016,6,5.81666666666667,30,6.13888888888889,5.33333333333333,5.33333333333333,5.6,5.86,18,12,3,5,25,4429,2583,1846,495,1078,3351,5.81817787310905,6.18958567557104,5.29848862405201,5.34270666666667,5.7067439703154,5.85402560429722,177
"179",2016,7,5.67272727272727,33,5.995,5.17692307692308,5.38333333333333,5.5,5.68387096774194,20,13,6,2,31,4462,2603,1859,501,1080,3382,5.81710215150157,6.18809058778333,5.29763851533082,5.34319321357285,5.70636111111111,5.8524659373152,178
"180",2016,8,6.01785714285714,28,6.61111111111111,4.95,5.66666666666667,6,6.01851851851852,18,10,3,1,27,4490,2621,1869,504,1081,3409,5.81835407572383,6.19099572682182,5.29577849117175,5.34511865079365,5.70663274745606,5.85378110882957,179
"181",2016,9,5.54684375,32,5.57142857142857,5.49990909090909,4.5,4.41666666666667,5.80765384615385,21,11,2,6,26,4522,2642,1880,506,1087,3435,5.81643272888103,6.18607108251325,5.29697287234043,5.34177826086956,5.69951241950322,5.8534319650655,180
"182",2016,10,5.64339622641509,53,6.21724137931034,4.95,5,5.92222222222222,5.58636363636364,29,24,5,9,44,4575,2671,1904,511,1096,3479,5.81442815300546,6.18640950954699,5.29259926470588,5.33843405088063,5.70134124087591,5.85005426846795,181
"183",2016,11,5.80701754385965,57,5.95945945945946,5.525,5.22222222222222,5.42857142857143,5.86,37,20,9,7,50,4632,2708,1924,520,1103,3529,5.81433696027634,6.18330864106352,5.29501507276507,5.33642269230769,5.69961015412511,5.85019518277132,182
"184",2016,12,5.80434782608696,46,6.10714285714286,5.33333333333333,5.83333333333333,5.875,5.79761904761905,28,18,6,4,42,4678,2736,1942,526,1107,3571,5.81423873450192,6.18252916666667,5.29537023686921,5.34209087452471,5.70024390243902,5.84957681321759,183
"185",2017,1,5.7991935483871,62,6.08142857142857,5.43333333333333,5.30769230769231,5.4,5.83421052631579,35,27,13,5,57,4740,2771,1969,539,1112,3628,5.81404194092827,6.18125218332732,5.29726206196039,5.3412612244898,5.69889388489209,5.84933539140022,184
"186",2017,2,5.92857142857143,42,6.08653846153846,5.671875,4.33333333333333,6.4,5.86486486486486,26,16,3,5,37,4782,2797,1985,542,1117,3665,5.8150478460895,6.18037175545227,5.30028161209068,5.33568228782288,5.70203222918532,5.8494921691678,185
"187",2017,3,5.7,35,6.17,5.07333333333333,4.5,5.53333333333333,5.715625,20,15,4,3,32,4817,2817,2000,546,1120,3697,5.81421191613037,6.18029811856585,5.2985795,5.32956007326007,5.70158035714286,5.84833345956181,186
"188",2017,4,5.99,30,6.11739130434783,5.57142857142857,6,5.73333333333333,6.01851851851852,23,7,3,3,27,4847,2840,2007,549,1123,3724,5.81529993810605,6.17978866197183,5.29953114100648,5.33322367941712,5.70166518254675,5.84956734693878,187
"189",2017,5,5.6375,24,6.4,4.36666666666667,4,3,5.75217391304348,15,9,2,1,23,4871,2855,2016,551,1124,3747,5.81442389653049,6.18094563922942,5.29536656746032,5.32838439201452,5.6992615658363,5.84896952228449,188
"190",2017,6,6.0248275862069,29,6.58333333333333,5.11090909090909,4,5,6.1888,18,11,3,4,25,4900,2873,2027,554,1128,3772,5.81566914285714,6.18346668987122,5.2943655648742,5.32119097472924,5.69678191489362,5.85122184517497,189
"191",2017,7,6.13375,40,6.48461538461538,5.48214285714286,5.5,6.5,6.11447368421053,26,14,6,2,38,4940,2899,2041,560,1130,3810,5.81824469635628,6.18616757502587,5.29565360117589,5.32310678571428,5.69820353982301,5.85384745406824,190
"192",2017,8,5.8325,32,6.4,5.33176470588235,4.42,4.33333333333333,5.98758620689655,15,17,7,3,29,4972,2914,2058,567,1133,3839,5.81833644408689,6.18726829100892,5.29595189504373,5.31195731922399,5.69458958517211,5.85485772336546,191
"193",2017,9,6.42682926829268,41,6.71739130434783,6.05555555555556,6.5,7.08333333333333,6.31428571428571,23,18,4,6,35,5013,2937,2076,571,1139,3874,5.82331314582087,6.19141974804222,5.3025380539499,5.32027985989492,5.70190517998244,5.85900846670108,192
"194",2017,10,5.68,40,5.80555555555556,5.57727272727273,4.84,6.125,5.63055555555556,18,22,5,4,36,5053,2955,2098,576,1143,3910,5.82217866613893,6.18906930626058,5.30541897044805,5.31611076388889,5.70338582677165,5.85690506393862,193
"195",2017,11,6.12,40,6.47727272727273,5.68333333333333,5.25,6.5,6.1,22,18,4,2,38,5093,2977,2116,580,1145,3948,5.82451773021795,6.19119912663756,5.30863374291115,5.31565482758621,5.70477729257642,5.85924488348531,194
"196",2017,12,6.01434782608696,46,6.2448275862069,5.62117647058824,6.25,6,6.01466666666667,29,17,4,1,45,5139,3006,2133,584,1146,3993,5.82621692936369,6.19171650033267,5.31112470698547,5.32205445205479,5.70503490401396,5.86099644377661,195
"197",2018,1,5.8021568627451,51,6.22290322580645,5.15,4.75,7.6,5.60673913043478,31,20,4,5,46,5190,3037,2153,588,1151,4039,5.82598050096339,6.19203483701021,5.30962796098467,5.31816292517007,5.71326672458732,5.8581007179995,196
"198",2018,2,5.56756756756757,37,6.09090909090909,4.8,5,5.7,5.546875,22,15,3,5,32,5227,3059,2168,591,1156,4071,5.82415129137172,6.19130755148741,5.30610193726937,5.31654788494078,5.71320934256055,5.85565433554409,197
"199",2018,3,5.57441860465116,43,5.771875,5,5.8,5.83333333333333,5.53243243243243,32,11,5,6,37,5270,3091,2179,596,1162,4108,5.82211362428843,6.1869653186671,5.30455667737494,5.32060369127517,5.71382960413081,5.85274313534567,198
"200",2018,4,5.91783783783784,37,6.00888888888889,5.83157894736842,5.83333333333333,5.6,6.00551724137931,18,19,6,8,29,5307,3109,2198,602,1170,4137,5.8227810062182,6.18593431971695,5.30911237488626,5.32571395348837,5.71305128205128,5.85381406816534,199
"201",2018,5,5.48,30,5.515,5.41,7,5.4,5.49230769230769,20,10,1,4,26,5337,3129,2208,603,1174,4163,5.82085418774593,6.18164582933845,5.30956929347826,5.32849054726368,5.71198466780239,5.85155628152774,200
"202",2018,6,5.91560606060606,33,6.1686,5.125,6,4,6.0391935483871,25,8,3,2,31,5370,3154,2216,606,1176,4194,5.82143646182495,6.18154242232086,5.30890297833935,5.33181485148515,5.7090731292517,5.85294320457797,201
"203",2018,7,6.05862068965517,29,6.54285714285714,5.60666666666667,5.9,7.03333333333333,5.94615384615385,14,15,4,3,26,5399,3168,2231,610,1179,4220,5.82271046490091,6.18313914141414,5.31090497534738,5.3355406557377,5.7124427480916,5.85351748815166,202
"204",2018,8,5.47894736842105,38,5.73636363636364,5.125,4.91666666666667,5.5,5.47777777777778,22,16,6,2,36,5437,3190,2247,616,1181,4256,5.82030785359573,6.18005793103448,5.30958121940365,5.33146071428571,5.71208298052498,5.8503392387218,203
"205",2018,9,5.67857142857143,28,6.32142857142857,5.03571428571429,5.33333333333333,4.25,5.91666666666667,14,14,3,4,24,5465,3204,2261,619,1185,4280,5.81958166514181,6.18067565543071,5.30788544891641,5.33146978998384,5.70714767932489,5.8507111682243,204
"206",2018,10,5.63235294117647,34,5.95,5.17857142857143,5.75,6.08333333333333,5.53571428571429,20,14,2,6,28,5499,3224,2275,621,1191,4308,5.81842404073468,6.17924466501241,5.30708967032967,5.33281771336554,5.70904282115869,5.84866383472609,205
"207",2018,11,5.71891891891892,37,6.30952380952381,4.94375,4.33333333333333,5.25,5.80967741935484,21,16,3,6,31,5536,3245,2291,624,1197,4339,5.81775899566474,6.18008776579353,5.30455216062855,5.3280125,5.70674185463659,5.84838529615119,206
"208",2018,12,5.95111111111111,54,6.30714285714286,5.56769230769231,5.66666666666667,6.35,5.90125,28,26,3,6,48,5590,3273,2317,627,1203,4387,5.81904719141324,6.18117470210816,5.30750496331463,5.32963285486443,5.70995012468828,5.84896371096421,207
"209",2019,1,6.10980392156863,51,6.24047619047619,5.5,4.33333333333333,6,6.12173913043478,42,9,3,5,46,5641,3315,2326,630,1208,4433,5.82167590852686,6.1819260331825,5.30824978503869,5.32488857142857,5.71115066225166,5.85179422512971,208
"210",2019,2,5.22727272727273,33,5.91052631578947,4.3,4.53333333333333,5.375,5.20689655172414,19,14,3,4,29,5674,3334,2340,633,1212,4462,5.81821885794854,6.18037936412717,5.30221752136752,5.32113712480253,5.71004125412541,5.84760282384581,209
"211",2019,3,5.59891304347826,46,6.06666666666667,4.93421052631579,2.5,4.41666666666667,5.77625,27,19,2,6,40,5720,3361,2359,635,1218,4502,5.81645520979021,6.17946587325201,5.2992534972446,5.31225165354331,5.70366995073892,5.84696885828521,210
"212",2019,4,5.76190476190476,21,6.75,4.44444444444444,4.5,4.66666666666667,5.94444444444444,12,9,2,3,18,5741,3373,2368,637,1221,4520,5.81625566974395,6.18149564186184,5.29600464527027,5.30970141287284,5.70112203112203,5.84735703539823,211
"213",2019,5,5.79454545454545,33,5.7688,5.875,5.5,4.33333333333333,5.94066666666667,25,8,2,3,30,5774,3398,2376,639,1224,4550,5.81613158988569,6.17845932901707,5.29795412457912,5.31029702660407,5.69776960784314,5.84797226373626,212
"214",2019,6,5.68965517241379,29,5.70588235294118,5.66666666666667,6.66666666666667,7,5.48,17,12,3,4,25,5803,3415,2388,642,1228,4575,5.81549953472342,6.17610682284041,5.29980695142379,5.31663520249221,5.70201140065147,5.8459614863388,213
"215",2019,7,5.71463414634146,41,6.09310344827586,4.8,4.2,3.16666666666667,5.91578947368421,29,12,5,3,38,5844,3444,2400,647,1231,4613,5.81479188911704,6.17540789779326,5.29730791666667,5.30800587326121,5.69583265637693,5.84653670062866,214
"216",2019,8,5.97826086956522,46,5.93103448275862,6.05882352941176,5.8,6.75,5.81578947368421,29,17,5,8,38,5890,3473,2417,652,1239,4651,5.81606855687606,6.17336734811402,5.30266404633844,5.31177883435583,5.7026392251816,5.84628548699204,215
"217",2019,9,5.48611111111111,36,6.46875,4.7,4.5,3.83333333333333,5.81666666666667,16,20,6,6,30,5926,3489,2437,658,1245,4681,5.81406409044887,6.17472192605331,5.2977180960197,5.30437659574468,5.69363052208836,5.8460956633198,216
"218",2019,10,6.25,30,6.71428571428571,5.16666666666667,4.83333333333333,7.25,6.09615384615385,21,9,3,4,26,5956,3510,2446,661,1249,4707,5.81625987239758,6.17795008547008,5.29723589533933,5.30223872919818,5.69861489191353,5.84747690673465,217
"219",2019,11,5.64558823529412,34,5.62736842105263,5.66866666666667,6.33333333333333,6.765,5.575625,19,15,3,2,32,5990,3529,2461,664,1251,4739,5.81529111853088,6.17498577500708,5.29949979683056,5.30689728915663,5.70031974420464,5.84564123232749,218
"220",2019,12,5.67276595744681,47,5.87928571428571,5.36842105263158,5.83333333333333,5.2,5.72904761904762,28,19,6,5,42,6037,3557,2480,670,1256,4781,5.81418151399702,6.17265808265392,5.30002782258065,5.31161164179104,5.69832802547771,5.84461698389458,219
"221",2020,1,5.83061028169014,71,6.26126976190476,5.20689655172414,4.9,6.35714285714286,5.77302078125,42,29,10,7,64,6108,3599,2509,680,1263,4845,5.81437248362803,6.17369217282578,5.29895137504982,5.30555852941176,5.70197941409343,5.84367123426212,220
"222",2020,2,5.88214285714286,28,6.37894736842105,4.83333333333333,4.83333333333333,5.5,5.928,19,9,3,3,25,6136,3618,2518,683,1266,4870,5.81468173565841,6.17477007462686,5.29728713264496,5.30348433382138,5.70150078988942,5.84410413347022,221
"223",2020,3,5.91847826086957,46,6.16,5.63095238095238,5.75,6.05555555555556,5.88513513513514,25,21,4,9,37,6182,3643,2539,687,1275,4907,5.81545408120349,6.1746687153445,5.300046868846,5.30608413391557,5.704,5.84441351742409,222
"224",2020,4,5.84340586956522,46,6.37069458333333,5.26818181818182,5.6,6.28571428571429,5.76401717948718,24,22,10,7,39,6228,3667,2561,697,1282,4946,5.81566053307643,6.17595167712026,5.29977313549395,5.31030100430416,5.70717628705149,5.84377957945815,223
"225",2020,5,5.6063829787234,47,5.98,5.18181818181818,5.08333333333333,6.1875,5.48717948717949,25,22,6,8,39,6275,3692,2583,703,1290,4985,5.81409303585657,6.17462481040087,5.29876848625629,5.30836386913229,5.71015503875969,5.84098972918756,224
"226",2020,6,5.95,43,6.05555555555556,5.771875,6.16666666666667,5.65,6.02941176470588,27,16,3,9,34,6318,3719,2599,706,1299,5019,5.81501801202912,6.1737603656897,5.30168103116583,5.31201104815864,5.70973826020016,5.84226614863518,225
"227",2020,7,6.11034482758621,29,6.085,6.16666666666667,6.83333333333333,7,6.04444444444444,20,9,3,2,27,6347,3739,2608,709,1301,5046,5.81636738616669,6.17328558438085,5.30466602760736,5.31844823695346,5.71172175249808,5.84334795877923,226
"228",2020,8,5.85833333333333,48,6.14814814814815,5.48571428571429,6.0625,6.28571428571429,5.78536585365854,27,21,8,7,41,6395,3766,2629,717,1308,5087,5.81668237685692,6.1731053637812,5.30611220996577,5.32675006973501,5.71479357798165,5.84288063691763,227
"229",2020,9,5.96625,48,6.11333333333333,5.85185185185185,6.27272727272727,6,5.96478260869565,21,27,11,2,46,6443,3787,2656,728,1310,5133,5.81779664752444,6.17277391074729,5.31166001506024,5.34104368131868,5.71522900763359,5.84397307617378,228
"230",2020,10,5.7452380952381,42,5.96818181818182,5.5,5.77777777777778,5.41666666666667,5.8,22,20,9,6,36,6485,3809,2676,737,1316,5169,5.8173267232074,6.17159222893148,5.31306763826607,5.34637693351425,5.71386778115502,5.84366682143548,229
"231",2020,11,5.78260869565217,46,6.08666666666667,5.2125,4.45,5.9,5.76829268292683,30,16,4,5,41,6531,3839,2692,741,1321,5210,5.81708219261981,6.17092857514978,5.31246991084695,5.34153819163293,5.71457229371688,5.84307366602687,230
"232",2020,12,5.70633802816901,71,6.16363636363636,5.30921052631579,5.13181818181818,5.9,5.68174603174603,33,38,11,8,63,6602,3872,2730,752,1329,5273,5.8158912147834,6.17086642561983,5.31242454212454,5.3384704787234,5.71568848758465,5.84114617864593,231
"233",2021,1,6.22088235294118,68,6.34266666666667,5.98260869565217,5,5.85,6.2848275862069,45,23,2,10,58,6670,3917,2753,754,1339,5331,5.82002005997001,6.17284013275466,5.31802361060661,5.33757267904509,5.71669156086632,5.84597332583005,232
"234",2021,2,6.13714191489362,47,6.46091965517241,5.6155,3.75,6.07142857142857,6.14864175,29,18,4,7,40,6717,3946,2771,758,1346,5371,5.82223901592973,6.17495729092752,5.31995597257308,5.32919498680739,5.71853640416048,5.84822741947496,233
"235",2021,3,5.896,45,6.13612903225806,5.36428571428571,5.18,5.75,5.91024390243902,31,14,5,4,41,6762,3977,2785,763,1350,5412,5.82272988317066,6.17465463163188,5.32017881508079,5.32821730013106,5.71862962962963,5.84869724131559,234
"236",2021,4,5.81540733333333,45,6.31275347826087,5.29545454545455,5.08333333333333,4.75,5.91934951219512,23,22,6,4,41,6807,4000,2807,769,1354,5453,5.82268147495225,6.1754487,5.31998503740648,5.3263066319896,5.71576809453472,5.8492284613974,235
"237",2021,5,6.03289473684211,38,6.1875,5.6,5.625,6.4875,5.91166666666667,28,10,4,8,30,6845,4028,2817,773,1362,5483,5.8238484733382,6.17553247269116,5.32097905573305,5.32785226390686,5.72030102790015,5.84957008936713,236
"238",2021,6,6.31944444444444,36,7.21428571428571,5.06666666666667,4.5,6,6.33823529411765,21,15,2,2,34,6881,4049,2832,775,1364,5517,5.82644133120186,6.18091993084712,5.31963206214689,5.32571587096774,5.72071114369502,5.85258162044589,237
"239",2021,7,5.75828125,32,6.10392857142857,5.48944444444444,6,4,5.9401724137931,14,18,1,3,29,6913,4063,2850,776,1367,5546,5.82612582091711,6.18065463942899,5.32070456140351,5.32658479381443,5.71693489392831,5.85303963216733,238
"240",2021,8,6.08918918918919,37,6.248,5.75833333333333,4.66666666666667,7.5,6.00857142857143,25,12,3,2,35,6950,4088,2862,779,1369,5581,5.82752630215827,6.18106648727984,5.32253948287911,5.32404338896021,5.71953981008036,5.85401501523024,239
"241",2021,9,5.69142857142857,35,5.47619047619048,6.01428571428571,6.3,5.6,5.70666666666667,21,14,7,5,30,6985,4109,2876,786,1374,5611,5.82684435218325,6.17746405451448,5.32590681502086,5.33273511450382,5.71910480349346,5.85322719657815,240
"242",2021,10,5.75,38,5.9,5.46153846153846,4,5.66666666666667,5.75714285714286,25,13,2,3,35,7023,4134,2889,788,1377,5646,5.82642856329204,6.17578611514272,5.32651713395639,5.32935253807107,5.71899055918664,5.8526315621679,241
"243",2021,11,5.94444444444444,36,6.35714285714286,5.36666666666667,5,5,6,21,15,6,2,34,7059,4155,2904,794,1379,5680,5.82703042923927,6.17670271961492,5.32672451790634,5.3268637279597,5.71794778825236,5.8535136971831,242
"244",2021,12,5.54352941176471,51,5.64470588235294,5.34117647058823,4.58333333333333,5.75,5.516,34,17,6,6,45,7110,4189,2921,800,1385,5725,5.82499687763713,6.17238476963476,5.32680862718247,5.32128725,5.71808664259928,5.8508607510917,243
"245",2022,1,5.78848780487805,82,6.23015,5.36785714285714,5.9,6.64285714285714,5.70874666666667,40,42,9,7,75,7192,4229,2963,809,1392,5800,5.82458061735261,6.17293114211397,5.32739048261897,5.32772533992584,5.72273706896552,5.84902306896551,244
"246",2022,2,6.26723404255319,47,6.43333333333333,5.97411764705882,6.212,6.14,6.27906976744186,30,17,5,4,43,7239,4259,2980,814,1396,5843,5.82745459317585,6.17476539093684,5.33107986577181,5.33315700245701,5.72393266475645,5.85218788293685,245
"247",2022,3,6.07142857142857,35,6.39473684210526,5.6875,4.5,6.2,6.05,19,16,1,5,30,7274,4278,2996,815,1401,5873,5.82862851251031,6.17574235624123,5.33298331108144,5.33213472392638,5.72563169164883,5.85319833134684,246
"248",2022,4,5.93333333333333,45,5.98333333333333,5.83333333333333,4.25,6.25,5.91860465116279,30,15,4,2,43,7319,4308,3011,819,1403,5916,5.82927227763356,6.17440246053853,5.33547592162072,5.32684957264958,5.72637918745546,5.85367373225152,247
"249",2022,5,6.15972229166667,48,6.62029,5.736,6.125,6.8,6.08527139534884,23,25,4,5,43,7367,4331,3036,823,1408,5959,5.83142533867246,6.17677036942969,5.33877404479578,5.33072879708384,5.73019176136364,5.85534493539184,248
"250",2022,6,5.6786170212766,47,6.28461538461538,4.92833333333333,5.25,5.701,5.67595238095238,26,21,2,5,42,7414,4357,3057,825,1413,6001,5.83045663204748,6.17741392471884,5.33595453058554,5.33053309090909,5.73008846426045,5.8540893967672,249
"251",2022,7,5.74054054054054,37,5.97391304347826,5.35714285714286,6,5.5,5.76969696969697,23,14,4,4,33,7451,4380,3071,829,1417,6034,5.83001012884176,6.17634531278539,5.33605112341257,5.33376332931243,5.72943895553988,5.8536278538283,250
"252",2022,8,5.71521739130435,46,5.77037037037037,5.63684210526316,5.8,5.25714285714286,5.7974358974359,27,19,5,7,39,7497,4407,3090,834,1424,6073,5.82930578498066,6.17385805990469,5.33790064724919,5.33655851318945,5.72711727528091,5.85326699654207,251
