"","year","month","avg_rating","no_ratings","avg_rating_owned","avg_rating_not_owned","avg_rating_prev_owned","avg_rating_comment","avg_rating_no_comment","no_ratings_owned","no_ratings_not_owned","no_ratings_prev_owned","no_ratings_comment","no_ratings_no_comment","cum_no_ratings","cum_no_ratings_owned","cum_no_ratings_not_owned","cum_no_ratings_prev_owned","cum_no_ratings_comment","cum_no_ratings_no_comment","cum_avg_rating","cum_avg_rating_owned","cum_avg_rating_not_owned","cum_avg_rating_prev_owned","cum_avg_rating_comment","cum_avg_rating_no_comment","month_after_release"
"1",2001,6,3.5,4,4,3.33333333333333,NA,NA,3.5,1,3,0,0,4,4,1,3,0,0,4,3.5,4,3.33333333333333,NA,NA,3.5,0
"2",2001,7,8,3,7.5,9,NA,9,7.5,2,1,0,1,2,7,3,4,0,1,6,5.42857142857143,6.33333333333333,4.75,NA,9,4.83333333333333,1
"3",2001,8,6,1,6,NA,NA,6,NA,1,0,0,1,0,8,4,4,0,2,6,5.5,6.25,4.75,NA,7.5,4.83333333333333,2
"4",2001,11,5,3,6,3,NA,7,4,2,1,0,1,2,11,6,5,0,3,8,5.36363636363636,6.16666666666667,4.4,NA,7.33333333333333,4.625,5
"5",2002,1,7,2,6,8,NA,8,6,1,1,0,1,1,13,7,6,0,4,9,5.61538461538461,6.14285714285714,5,NA,7.5,4.77777777777778,7
"6",2002,2,5,2,5,NA,NA,3,7,2,0,0,1,1,15,9,6,0,5,10,5.53333333333333,5.88888888888889,5,NA,6.6,5,8
"7",2002,3,8,1,8,NA,NA,NA,8,1,0,0,0,1,16,10,6,0,5,11,5.6875,6.1,5,NA,6.6,5.27272727272727,9
"8",2002,4,7,1,7,NA,NA,7,NA,1,0,0,1,0,17,11,6,0,6,11,5.76470588235294,6.18181818181818,5,NA,6.66666666666667,5.27272727272727,10
"9",2002,6,5.5,4,5.5,NA,NA,6,5.33333333333333,4,0,0,1,3,21,15,6,0,7,14,5.71428571428571,6,5,NA,6.57142857142857,5.28571428571429,12
"10",2002,7,6.33333333333333,3,8,3,3,3,8,2,1,1,1,2,24,17,7,1,8,16,5.79166666666667,6.23529411764706,4.71428571428571,3,6.125,5.625,13
"11",2002,8,6.88888888888889,9,6.85714285714286,7,NA,8,6.57142857142857,7,2,0,2,7,33,24,9,1,10,23,6.09090909090909,6.41666666666667,5.22222222222222,3,6.5,5.91304347826087,14
"12",2002,9,5.85714285714286,7,7,3,NA,6,5.66666666666667,5,2,0,4,3,40,29,11,1,14,26,6.05,6.51724137931035,4.81818181818182,3,6.35714285714286,5.88461538461539,15
"13",2002,10,5.75,4,7.5,4,NA,6,5.66666666666667,2,2,0,1,3,44,31,13,1,15,29,6.02272727272727,6.58064516129032,4.69230769230769,3,6.33333333333333,5.86206896551724,16
"14",2002,11,8.33333333333333,3,9,8,NA,8,9,1,2,0,2,1,47,32,15,1,17,30,6.17021276595745,6.65625,5.13333333333333,3,6.52941176470588,5.96666666666667,17
"15",2002,12,7.66666666666667,3,7.66666666666667,NA,NA,7.66666666666667,NA,3,0,0,3,0,50,35,15,1,20,30,6.26,6.74285714285714,5.13333333333333,3,6.7,5.96666666666667,18
"16",2003,1,8.33333333333333,3,8.33333333333333,NA,NA,10,7.5,3,0,0,1,2,53,38,15,1,21,32,6.37735849056604,6.86842105263158,5.13333333333333,3,6.85714285714286,6.0625,19
"17",2003,2,7.83333333333333,3,7.83333333333333,NA,NA,7.5,8,3,0,0,1,2,56,41,15,1,22,34,6.45535714285714,6.9390243902439,5.13333333333333,3,6.88636363636364,6.17647058823529,20
"18",2003,3,5.5,4,6,4,4,5.5,5.5,3,1,1,2,2,60,44,16,2,24,36,6.39166666666667,6.875,5.0625,3.5,6.77083333333333,6.13888888888889,21
"19",2003,4,5.6,5,5,6,5,6,5,2,3,2,3,2,65,46,19,4,27,38,6.33076923076923,6.79347826086957,5.21052631578947,4.25,6.68518518518519,6.07894736842105,22
"20",2003,5,6.5,8,8,2,NA,6.28571428571429,8,6,2,0,7,1,73,52,21,4,34,39,6.34931506849315,6.93269230769231,4.90476190476191,4.25,6.60294117647059,6.12820512820513,23
"21",2003,6,5,5,6.33333333333333,3,NA,6,4.75,3,2,0,1,4,78,55,23,4,35,43,6.26282051282051,6.9,4.73913043478261,4.25,6.58571428571429,6,24
"22",2003,7,5.17391304347826,23,7.5,4.35294117647059,NA,5.22727272727273,5.125,6,17,0,11,12,101,61,40,4,46,55,6.01485148514851,6.95901639344262,4.575,4.25,6.26086956521739,5.80909090909091,25
"23",2003,8,6.0625,8,6.5,5.33333333333333,8,5.875,6.25,5,3,1,4,4,109,66,43,5,50,59,6.01834862385321,6.92424242424242,4.62790697674419,5,6.23,5.83898305084746,26
"24",2003,9,5.85714285714286,7,6.66666666666667,5.25,NA,5.5,6,3,4,0,2,5,116,69,47,5,52,64,6.00862068965517,6.91304347826087,4.68085106382979,5,6.20192307692308,5.8515625,27
"25",2003,10,7.3125,8,7.64285714285714,5,NA,6,7.75,7,1,0,2,6,124,76,48,5,54,70,6.09274193548387,6.98026315789474,4.6875,5,6.19444444444444,6.01428571428571,28
"26",2003,11,4.3625,4,5.48333333333333,1,NA,4.2,4.41666666666667,3,1,0,1,3,128,79,49,5,55,73,6.038671875,6.92341772151899,4.61224489795918,5,6.15818181818182,5.9486301369863,29
"27",2003,12,5.45,10,6.07142857142857,4,5,4.33333333333333,5.92857142857143,7,3,1,3,7,138,86,52,6,58,80,5.99601449275362,6.85406976744186,4.57692307692308,5,6.06379310344828,5.946875,30
"28",2004,1,5.5,8,6,5,7,5.66666666666667,5.4,4,4,1,3,5,146,90,56,7,61,85,5.96883561643836,6.81611111111111,4.60714285714286,5.28571428571429,6.04426229508197,5.91470588235294,31
"29",2004,2,5.85714285714286,7,6,5.66666666666667,6,4,6.6,4,3,1,2,5,153,94,59,8,63,90,5.96372549019608,6.7813829787234,4.66101694915254,5.375,5.97936507936508,5.95277777777778,32
"30",2004,3,5.28571428571429,7,7,1,NA,4.2,8,5,2,0,5,2,160,99,61,8,68,92,5.9340625,6.79242424242424,4.54098360655738,5.375,5.84852941176471,5.99728260869565,33
"31",2004,4,5,5,5.33333333333333,4.5,4.5,5.25,4,3,2,2,4,1,165,102,63,10,72,93,5.90575757575758,6.74950980392157,4.53968253968254,5.2,5.81527777777778,5.9758064516129,34
"32",2004,5,6.14285714285714,7,7.2,3.5,NA,4.66666666666667,7.25,5,2,0,3,4,172,107,65,10,75,97,5.91540697674419,6.77056074766355,4.50769230769231,5.2,5.76933333333333,6.02835051546392,35
"33",2004,6,5.125,12,6.41666666666667,3.83333333333333,NA,3.7,6.14285714285714,6,6,0,5,7,184,113,71,10,80,104,5.86385869565217,6.75176991150443,4.45070422535211,5.2,5.64,6.03605769230769,36
"34",2004,7,5.2,5,6.33333333333333,3.5,3,4,7,3,2,1,3,2,189,116,73,11,83,106,5.8462962962963,6.74094827586207,4.42465753424658,5,5.58072289156626,6.05424528301887,37
"35",2004,8,4.75,8,5.25,4.25,8,3.75,5.75,4,4,1,4,4,197,120,77,12,87,110,5.80177664974619,6.69125,4.41558441558442,5.25,5.49655172413793,6.04318181818182,38
"36",2004,9,4.75,8,5.5,4,3,4.75,4.75,4,4,1,4,4,205,124,81,13,91,114,5.76073170731707,6.65282258064516,4.39506172839506,5.07692307692308,5.46373626373626,5.99780701754386,39
"37",2004,10,7.7,5,7.7,NA,NA,8.33333333333333,6.75,5,0,0,3,2,210,129,81,13,94,116,5.80690476190476,6.69341085271318,4.39506172839506,5.07692307692308,5.55531914893617,6.01077586206897,40
"38",2004,11,6.52777777777778,9,7.79166666666667,4,3.5,7.25,6.16666666666667,6,3,2,3,6,219,135,84,15,97,122,5.8365296803653,6.74222222222222,4.38095238095238,4.86666666666667,5.60773195876289,6.01844262295082,41
"39",2004,12,6.06666666666667,15,6.7,4.8,6,5.375,6.85714285714286,10,5,2,8,7,234,145,89,17,105,129,5.85128205128205,6.73931034482759,4.40449438202247,5,5.59,6.06395348837209,42
"40",2005,1,5.29545454545455,11,5.53125,4.66666666666667,4,5.33333333333333,5.28125,8,3,1,3,8,245,153,92,18,108,137,5.82632653061224,6.67614379084967,4.41304347826087,4.94444444444444,5.58287037037037,6.01824817518248,43
"41",2005,2,5.5,13,5.5,5.5,5.5,5.66666666666667,5.45,6,7,2,3,10,258,159,99,20,111,147,5.80988372093023,6.63176100628931,4.48989898989899,5,5.58513513513514,5.97959183673469,44
"42",2005,3,5.6,10,5.8,5.4,NA,5.2,6,5,5,0,5,5,268,164,104,20,116,152,5.80205223880597,6.60640243902439,4.53365384615385,5,5.56853448275862,5.98026315789474,45
"43",2005,4,4.9,10,5.41666666666667,4.125,NA,4.33333333333333,5.14285714285714,6,4,0,3,7,278,170,108,20,119,159,5.76960431654676,6.56441176470588,4.51851851851852,5,5.53739495798319,5.94339622641509,46
"44",2005,5,5.55,10,6.58333333333333,4,7,4.875,6,6,4,1,4,6,288,176,112,21,123,165,5.76197916666667,6.56505681818182,4.5,5.09523809523809,5.51585365853659,5.94545454545455,47
"45",2005,6,6,7,6.83333333333333,1,NA,1,6.83333333333333,6,1,0,1,6,295,182,113,21,124,171,5.76762711864407,6.5739010989011,4.46902654867257,5.09523809523809,5.47943548387097,5.9766081871345,48
"46",2005,7,6.39285714285714,14,6.65384615384615,3,NA,7,5.78571428571429,13,1,0,7,7,309,195,114,21,131,178,5.79595469255663,6.57923076923077,4.4561403508772,5.09523809523809,5.56068702290076,5.96910112359551,49
"47",2005,8,5.65454545454545,11,5.74285714285714,5.5,NA,5.36666666666667,6,7,4,0,6,5,320,202,118,21,137,183,5.79109375,6.55024752475248,4.49152542372882,5.09523809523809,5.5521897810219,5.96994535519126,50
"48",2005,9,6.88888888888889,9,7.42857142857143,5,NA,6.4,7.5,7,2,0,5,4,329,209,120,21,142,187,5.82112462006079,6.57966507177034,4.5,5.09523809523809,5.58204225352113,6.00267379679144,51
"49",2005,10,5.15,10,5,5.5,NA,4.41666666666667,6.25,7,3,0,6,4,339,216,123,21,148,191,5.80132743362832,6.52847222222222,4.52439024390244,5.09523809523809,5.5347972972973,6.00785340314136,52
"50",2005,11,6.1,13,6.57272727272727,3.5,6,6.13333333333333,6.07142857142857,11,2,1,6,7,352,227,125,22,154,198,5.81235795454545,6.53061674008811,4.508,5.13636363636364,5.55811688311688,6.01010101010101,53
"51",2005,12,5.25,16,5.45454545454545,4.8,5,5.2,5.27272727272727,11,5,1,5,11,368,238,130,23,159,209,5.78790760869565,6.48088235294118,4.51923076923077,5.1304347826087,5.54685534591195,5.97129186602871,54
"52",2006,1,5.57894736842105,19,6.20833333333333,4.5,5.25,5.125,5.90909090909091,12,7,2,8,11,387,250,137,25,167,220,5.77764857881137,6.4678,4.51824817518248,5.14,5.52664670658683,5.96818181818182,55
"53",2006,2,6.15,10,6.38888888888889,4,NA,6.3,6,9,1,0,5,5,397,259,138,25,172,225,5.78702770780856,6.46505791505792,4.51449275362319,5.14,5.54912790697674,5.96888888888889,56
"54",2006,3,6.4375,16,6.84615384615385,4.66666666666667,6,7.33333333333333,6.23076923076923,13,3,1,3,13,413,272,141,26,175,238,5.81222760290557,6.48327205882353,4.5177304964539,5.17307692307692,5.57971428571429,5.98319327731092,57
"55",2006,4,6.07142857142857,7,6.7,4.5,7,7.5,5.83333333333333,5,2,1,1,6,420,277,143,27,176,244,5.81654761904762,6.48718411552347,4.51748251748252,5.24074074074074,5.590625,5.97950819672131,58
"56",2006,5,6.28571428571429,14,6.95,4.625,4,6.125,6.5,10,4,1,8,6,434,287,147,28,184,250,5.83168202764977,6.50331010452962,4.52040816326531,5.19642857142857,5.61385869565217,5.992,59
"57",2006,6,5.54166666666667,12,5.91666666666667,5.16666666666667,7,4.5,6.28571428571429,6,6,1,5,7,446,293,153,29,189,257,5.82387892376682,6.49129692832765,4.54575163398693,5.25862068965517,5.58439153439153,6,60
"58",2006,7,5.58823529411765,17,5.84615384615385,4.75,6,6,5.5,13,4,1,3,14,463,306,157,30,192,271,5.81522678185745,6.46388888888889,4.55095541401274,5.28333333333333,5.59088541666667,5.97416974169742,61
"59",2006,8,5.65384615384615,13,5.77777777777778,5.375,NA,5,5.94444444444444,9,4,0,4,9,476,315,161,30,196,280,5.81081932773109,6.44428571428571,4.57142857142857,5.28333333333333,5.57882653061225,5.97321428571429,62
"60",2006,9,4.82142857142857,14,6.5,3.14285714285714,NA,4,5.27777777777778,7,7,0,5,9,490,322,168,30,201,289,5.78255102040816,6.44549689440994,4.51190476190476,5.28333333333333,5.53955223880597,5.95155709342561,63
"61",2006,10,5.39285714285714,14,5.375,5.4,5.5,4.64285714285714,6.14285714285714,4,10,4,7,7,504,326,178,34,208,296,5.77172619047619,6.43236196319018,4.56179775280899,5.30882352941176,5.509375,5.95608108108108,64
"62",2006,11,5.8125,16,6.16666666666667,4.75,5,4.75,6.16666666666667,12,4,1,4,12,520,338,182,35,212,308,5.77298076923077,6.42292899408284,4.56593406593407,5.3,5.49504716981132,5.96428571428571,65
"63",2006,12,6.0625,16,7,4.85714285714286,2,5.6,6.27272727272727,9,7,1,5,11,536,347,189,36,217,319,5.78162313432836,6.43789625360231,4.57671957671958,5.20833333333333,5.49746543778802,5.97492163009404,66
"64",2007,1,5.40344827586207,29,6.1,3.85555555555556,NA,5.20833333333333,5.54117647058824,20,9,0,12,17,565,367,198,36,229,336,5.76221238938053,6.41948228882834,4.5439393939394,5.20833333333333,5.48231441048035,5.95297619047619,67
"65",2007,2,5.6,15,6.38888888888889,4.41666666666667,NA,5.66666666666667,5.58333333333333,9,6,0,3,12,580,376,204,36,232,348,5.75801724137931,6.41875,4.54019607843137,5.20833333333333,5.48469827586207,5.94022988505747,68
"66",2007,3,5.11111111111111,18,6.83333333333333,3.38888888888889,6,4.5,5.5,9,9,1,7,11,598,385,213,37,239,359,5.73854515050167,6.42844155844156,4.49154929577465,5.22972972972973,5.45585774058577,5.92674094707521,69
"67",2007,4,4.86923076923077,13,6,3.55,NA,4,5.13,7,6,0,3,10,611,392,219,37,242,369,5.72004909983633,6.42079081632653,4.46575342465754,5.22972972972973,5.43780991735537,5.90514905149051,70
"68",2007,5,6.14210526315789,19,6.52666666666667,4.7,NA,5.87777777777778,6.38,15,4,0,9,10,630,407,223,37,251,379,5.73277777777778,6.42469287469288,4.46995515695067,5.22972972972973,5.45358565737052,5.91767810026385,71
"69",2007,6,5.86111111111111,18,6.25,4.5,5,5.35714285714286,6.18181818181818,14,4,1,7,11,648,421,227,38,258,390,5.73634259259259,6.41888361045131,4.4704845814978,5.22368421052632,5.45096899224806,5.92512820512821,72
"70",2007,7,6.41666666666667,12,7.375,4.5,5.5,4.8,7.57142857142857,8,4,2,5,7,660,429,231,40,263,397,5.74871212121212,6.43671328671329,4.47099567099567,5.2375,5.43859315589354,5.95415617128464,73
"71",2007,8,5.86842105263158,19,6.26666666666667,4.375,5.75,6.9,5.5,15,4,2,5,14,679,444,235,42,268,411,5.7520618556701,6.43096846846847,4.46936170212766,5.26190476190476,5.46585820895522,5.93868613138686,74
"72",2007,9,6.35405882352941,17,7.09090909090909,5.00316666666667,4.5,6.14557142857143,6.5,11,6,2,7,10,696,455,241,44,275,421,5.7667658045977,6.44692307692308,4.48265145228216,5.22727272727273,5.48316,5.9520190023753,75
"73",2007,10,5.58333333333333,12,5.85714285714286,5.2,6,5.33333333333333,5.83333333333333,7,5,2,6,6,708,462,246,46,281,427,5.76365677966102,6.43798701298701,4.49723170731707,5.26086956521739,5.47996085409253,5.95035128805621,76
"74",2007,11,6.4,15,6.42307692307692,6.25,NA,6,6.66666666666667,13,2,0,6,9,723,475,248,46,287,436,5.77685892116183,6.43757894736842,4.51136693548387,5.26086956521739,5.49083275261324,5.9651376146789,77
"75",2007,12,5.26,25,6,4.31818181818182,8,5.31818181818182,5.21428571428571,14,11,1,11,14,748,489,259,47,298,450,5.75958422459893,6.42505112474438,4.50316216216216,5.31914893617021,5.48445973154362,5.94177777777778,78
"76",2008,1,5.45833333333333,36,5.5625,5.25,5,5.3125,5.575,24,12,5,16,20,784,513,271,52,314,470,5.7457512755102,6.38469785575049,4.53623247232473,5.28846153846154,5.4756974522293,5.92617021276596,79
"77",2008,2,5.57142857142857,14,5.6,5.5,5,6.2,5.22222222222222,10,4,1,5,9,798,523,275,53,319,479,5.74269298245614,6.36969407265774,4.55025090909091,5.28301886792453,5.48705015673981,5.91294363256785,80
"78",2008,3,5.90625,16,6.20833333333333,5,4.66666666666667,4.9,6.36363636363636,12,4,3,5,11,814,535,279,56,324,490,5.74590786240786,6.36607476635514,4.55669892473118,5.25,5.47799074074074,5.9230612244898,81
"79",2008,4,5.29411764705882,17,5.63636363636364,4.66666666666667,6,5.125,5.44444444444444,11,6,1,8,9,831,546,285,57,332,499,5.73666546329723,6.35137362637363,4.55901403508772,5.26315789473684,5.46948493975904,5.91442885771543,82
"80",2008,5,5.11111111111111,9,4.2,6.25,5,5.33333333333333,4.66666666666667,5,4,1,6,3,840,551,289,58,338,502,5.7299630952381,6.33185117967332,4.58241868512111,5.25862068965517,5.46706804733728,5.90697211155379,83
"81",2008,6,5.27777777777778,9,5.125,5.4,5,5.5,5.1,4,5,1,4,5,849,555,294,59,342,507,5.72516961130742,6.32315315315315,4.5963231292517,5.25423728813559,5.46745321637427,5.89901380670611,84
"82",2008,7,5.6,28,5.96875,5.10833333333333,4.16666666666667,4.81818181818182,6.10588235294118,16,12,6,11,17,877,571,306,65,353,524,5.72117331812999,6.31322241681261,4.61640196078431,5.15384615384615,5.44722096317281,5.9057251908397,85
"83",2008,8,5.67857142857143,14,5.59090909090909,6,4,6.375,5.4,11,3,1,4,10,891,582,309,66,357,534,5.72050392817059,6.2995704467354,4.62983495145631,5.13636363636364,5.4576162464986,5.89625468164794,86
"84",2008,9,4.3,15,4.5,4.125,4.66666666666667,4,4.5,7,8,6,6,9,906,589,317,72,363,543,5.69698565121413,6.27818336162988,4.61709463722398,5.09722222222222,5.43352341597796,5.8731123388582,87
"85",2008,10,5.16666666666667,12,6.5,4.5,4.25,4.66666666666667,5.33333333333333,4,8,2,3,9,918,593,325,74,366,552,5.69005337690632,6.27967959527825,4.61421230769231,5.07432432432432,5.42723770491803,5.8643115942029,88
"86",2008,11,5.20526315789474,19,5.98571428571429,4.75,5.33333333333333,4.69,5.77777777777778,7,12,3,10,9,937,600,337,77,376,561,5.68022305229456,6.27625,4.61904747774481,5.08441558441558,5.40763031914894,5.86292335115865,89
"87",2008,12,6.01,20,6.33571428571429,5.25,5.625,5.3,6.1875,14,6,4,4,16,957,614,343,81,380,577,5.68711494252874,6.27760586319218,4.63008454810496,5.11111111111111,5.40649736842105,5.87192374350087,90
"88",2009,1,6.15333333333333,30,6.86111111111111,5.09166666666667,4.5,6,6.20909090909091,18,12,6,8,22,987,632,355,87,388,599,5.70128571428571,6.2942246835443,4.64568732394366,5.06896551724138,5.41873453608247,5.88430717863105,91
"89",2009,2,5.625,24,6.0125,5.43125,5.78,5.59,5.65,8,16,5,10,14,1011,640,371,92,398,613,5.69947477744807,6.290703125,4.67956603773585,5.10760869565217,5.42303768844221,5.878955954323,92
"90",2009,3,5.91034482758621,29,6.58235294117647,4.95833333333333,4.92857142857143,5.25,6.16190476190476,17,12,7,8,21,1040,657,383,99,406,634,5.70535480769231,6.2982496194825,4.68830026109661,5.0949494949495,5.41962807881773,5.88832807570978,93
"91",2009,4,5.16666666666667,15,5.8,4.85,4.7,4.5,5.40909090909091,5,10,5,4,11,1055,662,393,104,410,645,5.69769573459716,6.29448640483384,4.69241475826972,5.07596153846154,5.41065609756098,5.88015503875969,94
"92",2009,5,5.95454545454545,22,6.58333333333333,5.2,5,4.6,6.35294117647059,12,10,4,5,17,1077,674,403,108,415,662,5.70294243268338,6.29962908011869,4.70500992555831,5.07314814814815,5.40088915662651,5.89229607250755,95
"93",2009,6,6,16,6.04166666666667,5.875,2,4,6.46153846153846,12,4,1,3,13,1093,686,407,109,418,675,5.70729094236048,6.2951166180758,4.7165085995086,5.04495412844037,5.39083492822967,5.90325925925926,96
"94",2009,7,4.69444444444444,18,5.45,3.75,3,3,5.17857142857143,10,8,2,4,14,1111,696,415,111,422,689,5.69088118811881,6.28297413793103,4.69787710843374,5.00810810810811,5.36817298578199,5.88853410740203,97
"95",2009,8,6.38888888888889,9,6.5,6,6,5.66666666666667,6.75,7,2,2,3,6,1120,703,417,113,425,695,5.69649017857143,6.28513513513513,4.70412230215828,5.02566371681416,5.37028,5.89597122302158,98
"96",2009,9,5.8,10,6.16666666666667,5.25,5.25,6,5.75,6,4,4,2,8,1130,709,421,117,427,703,5.69740619469026,6.28413258110014,4.70930878859858,5.03333333333333,5.37322950819672,5.89431009957326,99
"97",2009,10,5.77777777777778,9,6.625,5.1,4.5,5.83333333333333,5.75,4,5,2,3,6,1139,713,426,119,430,709,5.6980412642669,6.28604488078541,4.71389436619719,5.02436974789916,5.37643953488372,5.89308885754584,100
"98",2009,11,5.015625,16,5.34375,4.6875,4,4,5.25,8,8,5,3,13,1155,721,434,124,433,722,5.68858787878788,6.2755894590846,4.71340783410138,4.98306451612903,5.36690300230947,5.88150969529086,101
"99",2009,12,5.16666666666667,15,6.58333333333333,4.22222222222222,4.375,4.5,5.40909090909091,6,9,4,4,11,1170,727,443,128,437,733,5.68189658119658,6.27812929848693,4.70342889390519,4.9640625,5.35896796338673,5.87442019099591,102
"100",2010,1,6.05263157894737,19,6.72727272727273,5.125,6.66666666666667,4.66666666666667,6.69230769230769,11,8,3,6,13,1189,738,451,131,443,746,5.68782085786375,6.28482384823848,4.71090687361419,5.0030534351145,5.3495914221219,5.88867292225201,103
"101",2010,2,5.35714285714286,14,5.94444444444444,4.3,4,5.5,5.25,9,5,2,6,8,1203,747,456,133,449,754,5.68397256857855,6.28072289156627,4.70640131578948,4.98796992481203,5.3516013363029,5.88189655172414,104
"102",2010,3,5.78571428571429,14,6.6875,4.58333333333333,4,5,6.1,8,6,2,4,10,1217,755,462,135,453,764,5.68514297452752,6.28503311258278,4.70480303030303,4.97333333333333,5.34849668874172,5.88475130890052,105
"103",2010,4,5.72222222222222,9,6.25,5.3,5.5,5.66666666666667,5.75,4,5,1,3,6,1226,759,467,136,456,770,5.68541517128874,6.28484848484848,4.7111755888651,4.97720588235294,5.3505899122807,5.8837012987013,106
"104",2010,5,6.1,10,6.71428571428571,4.66666666666667,NA,8,5.88888888888889,7,3,0,1,9,1236,766,470,136,457,779,5.68876941747573,6.288772845953,4.7108914893617,4.97720588235294,5.35638730853392,5.88376123234917,107
"105",2010,6,6.27272727272727,11,6.55555555555556,5,4,5,7,9,2,1,4,7,1247,775,472,137,461,786,5.69392060946271,6.29187096774193,4.71211652542373,4.97007299270073,5.35329501084599,5.89370229007634,108
"106",2010,7,6.22727272727273,11,7.25,5,NA,4,6.72222222222222,6,5,0,2,9,1258,781,477,137,463,795,5.69858426073132,6.29923175416133,4.71513417190776,4.97007299270073,5.34744924406048,5.90308176100629,109
"107",2010,8,6.58928571428571,14,7.7,5.97222222222222,5,6.4,6.69444444444444,5,9,2,5,9,1272,786,486,139,468,804,5.70838757861635,6.30814249363868,4.73841358024691,4.9705035971223,5.35869444444444,5.91194029850746,110
"108",2010,9,6.2,10,6.28571428571429,6,4,6,6.25,7,3,1,2,8,1282,793,489,140,470,812,5.71222230889235,6.30794451450189,4.74615337423313,4.96357142857143,5.36142340425532,5.91527093596059,111
"109",2010,10,5.68,10,6.46,4.9,4.125,5.16666666666667,5.9,5,5,4,3,7,1292,798,494,144,473,819,5.71197291021672,6.30889724310777,4.74771052631579,4.94027777777778,5.36018816067653,5.91514041514042,112
"110",2010,11,5.575,16,5.9625,5.1875,5.5,4.5,5.93333333333333,8,8,4,4,12,1308,806,502,148,477,831,5.71029740061162,6.30545905707196,4.75471912350598,4.95540540540541,5.3529748427673,5.91540312876053,113
"111",2010,12,5.98,10,6.16,5.8,6,5.75,6.0375,5,5,4,2,8,1318,811,507,152,479,839,5.71234370257966,6.30456226880395,4.76502761341223,4.98289473684211,5.35463256784969,5.9165673420739,114
"112",2011,1,4.96875,16,5.4375,4.5,4.83333333333333,4.5625,5.375,8,8,6,8,8,1334,819,515,158,487,847,5.70342503748126,6.2960927960928,4.76091067961165,4.97721518987342,5.34162012320329,5.91145218417946,115
"113",2011,2,5.64,10,6.625,4.98333333333333,5.5,3.83333333333333,6.41428571428571,4,6,4,3,7,1344,823,521,162,490,854,5.702953125,6.29769137302552,4.76347216890595,4.99012345679012,5.33238571428571,5.9155737704918,116
"114",2011,3,5.75,8,6.5,5,4.66666666666667,NA,5.75,4,4,3,0,8,1352,827,525,165,490,862,5.70323150887574,6.29866989117291,4.76527428571429,4.98424242424242,5.33238571428571,5.91403712296984,117
"115",2011,4,5.55544444444444,9,6.5,4.7998,NA,4.5,5.857,4,5,0,2,7,1361,831,530,165,492,869,5.70225422483468,6.29963898916967,4.7656,4.98424242424242,5.32900203252033,5.91357767548907,118
"116",2011,5,5.45,10,5.78571428571429,4.66666666666667,4.5,4.5,5.6875,7,3,2,2,8,1371,838,533,167,494,877,5.70041429613421,6.29534606205251,4.76504315196998,4.97844311377245,5.32564574898785,5.91151539338655,119
"117",2011,6,5.69473684210526,19,6.16923076923077,4.66666666666667,5.5,4.7,6.15384615384615,13,6,2,6,13,1390,851,539,169,500,890,5.70033669064748,6.29341950646298,4.76394805194805,4.98461538461538,5.318138,5.91505505617978,120
"118",2011,7,5.9375,16,5.9375,NA,NA,5.16666666666667,6.11538461538461,16,0,0,3,13,1406,867,539,169,503,903,5.70303556187767,6.28685121107266,4.76394805194805,4.98461538461538,5.31723459244533,5.91793909191584,121
"119",2011,8,5.25,10,5.64285714285714,4.33333333333333,NA,4.25,5.5,7,3,0,2,8,1416,874,542,169,505,911,5.69983615819209,6.28169336384439,4.76156457564576,4.98461538461538,5.31300792079208,5.914268935236,122
"120",2011,9,5.5,9,6.58333333333333,3.33333333333333,4,4.16666666666667,6.16666666666667,6,3,1,3,6,1425,880,545,170,508,917,5.69857403508772,6.28375,4.75370275229358,4.97882352941176,5.30623818897638,5.91592039258451,123
"121",2011,10,5.925,8,7,4.13333333333333,5,4.2,6.5,5,3,1,2,6,1433,885,548,171,510,923,5.69983810188416,6.28779661016949,4.75030656934307,4.97894736842105,5.3019,5.91971722643554,124
"122",2011,11,5.69230769230769,13,6.05,4.5,5.75,4.66666666666667,6,10,3,2,3,10,1446,895,551,173,513,933,5.6997704011065,6.28513966480447,4.74894373865699,4.9878612716763,5.29818518518519,5.92057770632369,125
"123",2011,12,5.5,4,6,4,NA,6.33333333333333,3,3,1,0,3,1,1450,898,552,173,516,934,5.69921931034483,6.28418708240534,4.74758695652174,4.9878612716763,5.30420348837209,5.91745074946467,126
"124",2012,1,5.44285714285714,21,5.85714285714286,4.61428571428571,4.5,5,5.54705882352941,14,7,2,4,17,1471,912,559,175,520,951,5.69555948334466,6.27763157894737,4.74591771019678,4.98228571428571,5.30186346153846,5.91082965299685,127
"125",2012,2,5.75,10,5.8125,5.5,5,5.375,6,8,2,1,4,6,1481,920,561,176,524,957,5.6959270762998,6.27358695652174,4.74860606060606,4.98238636363636,5.30242175572519,5.91138871473354,128
"126",2012,3,4.98461538461538,13,5.76666666666667,4.75,4,5.33333333333333,4.88,3,10,4,3,10,1494,923,571,180,527,967,5.6897376171352,6.27193932827736,4.74863047285464,4.96055555555556,5.30259772296015,5.90072285418821,129
"127",2012,4,5.85,8,5.85,NA,NA,6,5.82857142857143,8,0,0,1,7,1502,931,571,180,528,974,5.69059121171771,6.26831364124597,4.74863047285464,4.96055555555556,5.30391856060606,5.90020431211499,130
"128",2012,5,6.06666666666667,12,6.08,6,4,5.2,6.68571428571429,10,2,1,5,7,1514,941,573,181,533,981,5.69357199471598,6.2663124335813,4.7529982547993,4.95524861878453,5.30294371482176,5.90580937818553,131
"129",2012,6,4.84615384615385,13,5.8,1.66666666666667,NA,4.66666666666667,4.9,10,3,0,3,10,1527,951,576,181,536,991,5.68635756385068,6.26140904311251,4.73692361111111,4.95524861878453,5.29938246268657,5.8956599394551,132
"130",2012,7,5.01428571428571,7,5.28,4.35,3,7,4.68333333333333,5,2,1,1,6,1534,956,578,182,537,997,5.68329074315515,6.25627615062761,4.73558477508651,4.94450549450549,5.30254934823091,5.88836409227683,133
"131",2012,8,5.86111111111111,9,6.25,4.5,6,4.5,6.25,7,2,1,2,7,1543,963,580,183,539,1004,5.68432793259883,6.25623052959502,4.7347724137931,4.95027322404372,5.29957142857143,5.89088545816733,134
"132",2012,9,5.7,10,5.875,5,5,5,6,8,2,1,3,7,1553,971,582,184,542,1011,5.68442884739214,6.25308959835221,4.73568384879725,4.95054347826087,5.29791328413284,5.8916409495549,135
"133",2012,10,4.73076923076923,13,5.9375,2.8,3,2,4.95833333333333,8,5,1,1,12,1566,979,587,185,543,1023,5.67651213282247,6.25051072522983,4.71919591141397,4.94,5.29183977900553,5.88069305962854,136
"134",2012,11,6.09090909090909,11,6.375,5.33333333333333,6,5,6.5,8,3,2,3,8,1577,987,590,187,546,1031,5.67940266328471,6.25151975683891,4.7223186440678,4.95133689839572,5.29023626373626,5.88549854510184,137
"135",2012,12,5.46666666666667,21,5.98333333333333,4.77777777777778,5.66666666666667,5.3,5.53333333333333,12,9,3,6,15,1598,999,599,190,552,1046,5.67660700876095,6.2482982982983,4.72315191986644,4.96263157894737,5.29034239130435,5.880448374761,138
"136",2013,1,5.89777777777778,18,6.23333333333333,4.22,NA,5.7,5.97384615384615,15,3,0,5,13,1616,1014,602,190,557,1059,5.67907054455445,6.24807692307692,4.72064451827243,4.96263157894737,5.2940197486535,5.88159490084986,139
"137",2013,2,5.375,12,6.16666666666667,4.58333333333333,5,5.75,5.1875,6,6,1,4,8,1628,1020,608,191,561,1067,5.67682923832923,6.24759803921569,4.71928947368421,4.96282722513089,5.29727094474153,5.8763908153702,140
"138",2013,3,5.54444444444444,9,5.75,5.38,2,4.33333333333333,6.15,4,5,1,3,6,1637,1024,613,192,564,1073,5.67610140500916,6.245654296875,4.72467862969005,4.94739583333333,5.29214361702128,5.87792078285182,141
"139",2013,4,5.30769230769231,13,5.45454545454545,4.5,NA,5.33333333333333,5.3,11,2,0,3,10,1650,1035,615,192,567,1083,5.67319878787878,6.23724637681159,4.72394796747967,4.94739583333333,5.29236155202822,5.87258448753463,142
"140",2013,5,5.08333333333333,12,5.28571428571429,4.8,5,2,5.36363636363636,7,5,1,1,11,1662,1042,620,193,568,1094,5.66893983152827,6.23085412667946,4.72456129032258,4.94766839378238,5.28656514084507,5.86746709323583,143
"141",2013,6,6.05555555555556,9,6.07142857142857,6,6,6,6.0625,7,2,2,1,8,1671,1049,622,195,569,1102,5.67102214242968,6.22979027645377,4.72866237942122,4.95846153846154,5.28781898066784,5.86888294010889,144
"142",2013,7,5.59333333333333,15,5.90833333333333,4.33333333333333,6,5.65,5.55555555555556,12,3,2,6,9,1686,1061,625,197,575,1111,5.67033096085409,6.22615457115928,4.7267648,4.96903553299492,5.29159826086957,5.86634473447345,145
"143",2013,8,6.21538461538462,13,6.7,4.6,2,7,6.15,10,3,1,1,12,1699,1071,628,198,576,1123,5.67450147145379,6.23057889822596,4.72615923566879,4.9540404040404,5.29456423611111,5.86937577916296,146
"144",2013,9,5.79166666666667,12,5.94444444444444,5.33333333333333,6,5,5.86363636363636,9,3,1,1,11,1711,1080,631,199,577,1134,5.67532320280537,6.22819444444444,4.72904595879556,4.95929648241206,5.29405372616985,5.86932010582011,147
"145",2013,10,5.42857142857143,7,5.5,5,NA,5.875,4.83333333333333,6,1,0,4,3,1718,1086,632,199,581,1137,5.67431781140861,6.22417127071823,4.72947468354431,4.95929648241206,5.29805335628227,5.86658663148637,148
"146",2013,11,5.94444444444444,9,7.16666666666667,5.33333333333333,6,1,6.5625,3,6,1,1,8,1727,1089,638,200,582,1145,5.67572553561088,6.22676767676768,4.73515360501568,4.9645,5.29066838487973,5.87144890829694,149
"147",2013,12,5.62666666666667,15,5.94545454545455,4.75,6,5,5.67142857142857,11,4,1,1,14,1742,1100,642,201,583,1159,5.67530309988518,6.22395454545454,4.73524610591901,4.96965174129353,5.29016981132076,5.86903278688525,150
"148",2014,1,5.42857142857143,21,6.07142857142857,4.14285714285714,6.5,3,5.68421052631579,14,7,2,2,19,1763,1114,649,203,585,1178,5.67236415201361,6.22203770197487,4.72885670261942,4.98472906403941,5.28234017094017,5.86605178268251,151
"149",2014,2,4.85294117647059,17,5.77777777777778,3.8125,4,3.875,5.15384615384615,9,8,3,4,13,1780,1123,657,206,589,1191,5.66453820224719,6.21847729296527,4.71769863013699,4.97038834951456,5.27278268251274,5.85827791771621,152
"150",2014,3,6.2,15,6.5,5.375,5.5,7,5.90909090909091,11,4,2,4,11,1795,1134,661,208,593,1202,5.66901281337047,6.22120811287478,4.72167624810893,4.97548076923077,5.28443338954469,5.85874292845258,153
"151",2014,4,5.72222222222222,18,6.4,4.875,5.6,6,5.6875,10,8,5,2,16,1813,1144,669,213,595,1218,5.66954109211252,6.22277097902098,4.72350971599402,4.99014084507042,5.28683865546219,5.8564934318555,154
"152",2014,5,5.15384615384615,13,5.63636363636364,2.5,NA,4.6,5.5,11,2,0,5,8,1826,1155,671,213,600,1226,5.66586966046002,6.21718614718615,4.71688226527571,4.99014084507042,5.281115,5.85416721044046,155
"153",2014,6,5.46428571428571,14,5.95,4.25,4,4.33333333333333,5.77272727272727,10,4,2,3,11,1840,1165,675,215,603,1237,5.66433586956521,6.21489270386266,4.71411555555556,4.98093023255814,5.27639966832504,5.85344300727567,156
"154",2014,7,5.58333333333333,6,6.125,4.5,NA,4.5,6.66666666666667,4,2,0,3,3,1846,1169,677,215,606,1240,5.66407258938244,6.21458511548332,4.71348301329394,4.98093023255814,5.27255610561056,5.85541048387097,157
"155",2014,8,5.42666666666667,15,6.4,2.75,NA,2.5,5.87692307692308,11,4,0,2,13,1861,1180,681,215,608,1253,5.66215905427189,6.21631355932203,4.70195007342144,4.98093023255814,5.26343585526316,5.85563367916999,158
"156",2014,9,5.5,8,5.83333333333333,4.5,4,4,6,6,2,1,2,6,1869,1186,683,216,610,1259,5.66146495452113,6.2143760539629,4.70135871156662,4.97638888888889,5.25929344262295,5.85632168387609,159
"157",2014,10,6.29642857142857,14,6.6,5.5375,7,5.65,6.78125,10,4,1,6,8,1883,1196,687,217,616,1267,5.66618587360594,6.21760033444816,4.70622707423581,4.98571428571428,5.26309902597403,5.86216179952644,160
"158",2014,11,5.875,8,7.5,3.16666666666667,2.5,5.25,6.08333333333333,5,3,1,2,6,1891,1201,690,218,618,1273,5.66706927551559,6.2229392173189,4.69953333333333,4.9743119266055,5.26305663430421,5.86320424194815,161
"159",2014,12,5.89705882352941,17,6.25,5.70454545454545,8.75,8.75,5.51666666666667,6,11,2,2,15,1908,1207,701,220,620,1288,5.66911844863731,6.22307373653687,4.71530385164052,5.00863636363636,5.27430483870968,5.85916847826087,162
"160",2015,1,4.82352941176471,17,5.71428571428571,4.2,4,3.33333333333333,5.14285714285714,7,10,8,3,14,1925,1214,711,228,623,1302,5.6616509090909,6.22014003294893,4.70805625879044,4.97324561403509,5.26495826645265,5.85146620583717,163
"161",2015,2,5.88888888888889,9,5.88888888888889,NA,NA,NA,5.88888888888889,9,0,0,0,9,1934,1223,711,228,623,1311,5.66270837642192,6.21770237121832,4.70805625879044,4.97324561403509,5.26495826645265,5.85172311212815,164
"162",2015,3,5.8,10,6.66666666666667,4.5,6,4.5,6.125,6,4,1,2,8,1944,1229,715,229,625,1319,5.66341460905349,6.21989422294549,4.70689230769231,4.97772925764192,5.2625104,5.85338059135709,165
"163",2015,4,4.87692307692308,13,5.37777777777778,3.75,NA,2.5,5.30909090909091,9,4,0,2,11,1957,1238,719,229,627,1330,5.65819008686765,6.21377221324717,4.70156884561892,4.97772925764192,5.2536985645933,5.84887894736842,166
"164",2015,5,6.35714285714286,7,6.7,5.5,5,NA,6.35714285714286,5,2,1,0,7,1964,1243,721,230,627,1337,5.66068126272912,6.2157280772325,4.70378363384189,4.97782608695652,5.2536985645933,5.85154001495886,167
"165",2015,6,6.22222222222222,9,7,4.66666666666667,5,7,6,6,3,1,2,7,1973,1249,724,231,629,1344,5.66324277749619,6.21949559647718,4.70362983425415,4.97792207792208,5.25925119236884,5.85231324404762,168
"166",2015,7,5.48888888888889,9,5.9,4.66666666666667,4.66666666666667,6.25,5.27142857142857,6,3,3,2,7,1982,1255,727,234,631,1351,5.66245105953582,6.21796812749004,4.703477303989,4.97393162393162,5.26239144215531,5.84930347890452,169
"167",2015,8,5.9375,8,6.5,2,NA,4.33333333333333,6.9,7,1,0,3,5,1990,1262,728,234,634,1356,5.66355678391959,6.2195324881141,4.69976373626374,4.97393162393162,5.2579952681388,5.85317772861357,170
"168",2015,9,5,7,5.5,2,NA,4,5.16666666666667,6,1,0,1,6,1997,1268,729,234,635,1362,5.6612308462694,6.21612776025237,4.69606035665295,4.97393162393162,5.25601417322835,5.85015345080764,171
"169",2015,10,5.22222222222222,9,6.33333333333333,3,2,6.66666666666667,4.5,6,3,1,3,6,2006,1274,732,235,638,1368,5.65926121635094,6.21667974882261,4.68910928961749,4.96127659574468,5.2626473354232,5.8442317251462,172
"170",2015,11,6.31818181818182,11,6.33333333333333,6.25,6.5,NA,6.31818181818182,9,2,1,0,11,2017,1283,734,236,638,1379,5.66285473475458,6.21749805144193,4.69336239782017,4.96779661016949,5.2626473354232,5.84801232777375,173
"171",2015,12,5.21176470588235,17,6.37142857142857,4.4,4.55555555555556,5.42,5.125,7,10,9,5,12,2034,1290,744,245,643,1391,5.65908456243854,6.21833333333333,4.68941935483871,4.95265306122449,5.26387091757388,5.84177498202732,174
"172",2016,1,6.01428571428571,14,5.96666666666667,6.1,6.16666666666667,4,6.16923076923077,9,5,3,1,13,2048,1299,749,248,644,1404,5.6615126953125,6.21658968437259,4.69883578104139,4.96733870967742,5.26190838509317,5.84480698005698,175
"173",2016,2,6.725,10,7,5.625,5,6.25,6.77777777777778,8,2,1,1,9,2058,1307,751,249,645,1413,5.66668027210884,6.22138485080337,4.70130226364847,4.96746987951807,5.26344031007752,5.85074946921444,176
"174",2016,3,5.66666666666667,6,5.5,6,6,6,5.6,4,2,2,1,5,2064,1311,753,251,646,1418,5.66668023255813,6.21918382913806,4.70475166002656,4.97569721115538,5.26458049535604,5.84986530324401,177
"175",2016,4,6.25,8,6.16666666666667,6.5,NA,6,6.4,6,2,0,3,5,2072,1317,755,251,649,1423,5.66893243243243,6.21894457099469,4.70950728476821,4.97569721115538,5.26797996918336,5.85179831342235,178
"176",2016,5,6,10,7,5.33333333333333,5.66666666666667,6,6,4,6,3,1,9,2082,1321,761,254,650,1432,5.67052257444764,6.22130961392884,4.71442575558476,4.98385826771653,5.26910615384616,5.85272974860335,179
"177",2016,6,5.33333333333333,12,5,5.5,5.25,4.75,5.45,4,8,4,2,10,2094,1325,769,258,652,1442,5.66859025787965,6.21762264150944,4.72259817945384,4.98798449612403,5.26751380368098,5.84993689320388,180
"178",2016,7,5.58333333333333,12,5.81818181818182,3,NA,5,5.7,11,1,0,2,10,2106,1336,770,258,654,1452,5.66810446343779,6.21433383233533,4.72036103896104,4.98798449612403,5.26669571865444,5.84890426997245,181
"179",2016,8,4.5,14,6,2.5,2,2,4.69230769230769,8,6,1,1,13,2120,1344,776,259,655,1465,5.66039056603773,6.21305803571429,4.70319329896908,4.97644787644788,5.26170839694657,5.8386409556314,182
"180",2016,9,5.72727272727273,11,5.875,5.33333333333333,5,8,5.5,8,3,1,1,10,2131,1352,779,260,656,1475,5.66073580478648,6.21105769230769,4.70562002567394,4.97653846153846,5.26588262195122,5.83634508474576,183
"181",2016,10,4.42555555555556,9,5.7,2.8325,NA,6,4.22875,5,4,0,1,8,2140,1357,783,260,657,1483,5.65554112149532,6.20917464996316,4.69605108556833,4.97653846153846,5.267,5.82767296021578,184
"182",2016,11,5.75,12,5.75,5.75,5.5,5,5.9,10,2,1,2,10,2152,1367,785,261,659,1493,5.65606784386617,6.20581565471836,4.69873630573249,4.97854406130268,5.26618968133536,5.82815740120563,185
"183",2016,12,5.6275,16,5.84923076923077,4.66666666666667,4,5.25,5.68142857142857,13,3,1,2,14,2168,1380,788,262,661,1507,5.65585701107011,6.20245652173913,4.69861421319797,4.97480916030534,5.26614069591528,5.82679429329794,186
"184",2017,1,5.825,20,6,5.5,5.16666666666667,5.66666666666667,5.85294117647059,13,7,3,3,17,2188,1393,795,265,664,1524,5.65740310786106,6.20056712132089,4.70567044025158,4.97698113207547,5.26795030120482,5.82708595800525,187
"185",2017,2,4.66666666666667,9,5.33333333333333,3.33333333333333,2,3.5,5,6,3,1,2,7,2197,1399,798,266,666,1531,5.65334456076468,6.19684774839171,4.70051127819549,4.96578947368421,5.26264114114114,5.82330437622469,188
"186",2017,3,5.62857142857143,14,7.375,3.3,3.875,6,5.56666666666667,8,6,4,2,12,2211,1407,804,270,668,1543,5.65318769787426,6.20354655294954,4.69005970149254,4.94962962962963,5.26484880239521,5.82130848995463,189
"187",2017,4,5.33333333333333,12,6,4.4,5.5,6,5.27272727272727,7,5,1,1,11,2223,1414,809,271,669,1554,5.65146108861898,6.20253889674682,4.68826699629172,4.95166051660516,5.26594768310912,5.81742535392535,190
"188",2017,5,5.8,10,6.75,2,2,6.75,5.16666666666667,8,2,1,4,6,2233,1422,811,272,673,1560,5.65212628750559,6.2056188466948,4.68163748458693,4.94080882352941,5.27476820208024,5.81492243589744,191
"189",2017,6,5.5,14,6,3.66666666666667,3.5,5.66666666666667,5.45454545454545,11,3,2,3,11,2247,1433,814,274,676,1571,5.65117846016911,6.20404047452896,4.67789680589681,4.93029197080292,5.27650739644971,5.81239910884787,192
"190",2017,7,6.15,10,6.16666666666667,6,NA,NA,6.15,9,1,0,0,10,2257,1442,815,274,676,1581,5.65338856889676,6.20380721220527,4.67951901840491,4.93029197080292,5.27650739644971,5.81453447185326,193
"191",2017,8,6,8,6.42857142857143,3,3,7.5,5.5,7,1,1,2,6,2265,1449,816,275,678,1587,5.654612803532,6.20489302967564,4.67746078431373,4.92327272727273,5.28306637168142,5.81334530560807,194
"192",2017,9,4.9,4,6.75,3.05,NA,5.86666666666667,2,2,2,0,3,1,2269,1451,818,275,681,1588,5.65328250330542,6.20564438318401,4.67348166259169,4.92327272727273,5.28563729809105,5.81094395465995,195
"193",2017,10,5.36363636363636,11,6.16666666666667,4.4,NA,5.25,5.42857142857143,6,5,0,4,7,2280,1457,823,275,685,1595,5.65188508771929,6.20548387096774,4.67182017010936,4.92327272727273,5.2854291970803,5.809265830721,196
"194",2017,11,5.95,10,5.5,7,6,6,5.94444444444444,7,3,1,1,9,2290,1464,826,276,686,1604,5.65318689956332,6.20211065573771,4.68027602905569,4.92717391304348,5.28647084548105,5.81002431421446,197
"195",2017,12,5.25,4,5.5,5,5,5,5.33333333333333,2,2,1,1,3,2294,1466,828,277,687,1607,5.65248387096774,6.20115279672579,4.68104830917875,4.92743682310469,5.2860538573508,5.80913441194773,198
"196",2018,1,5.40909090909091,11,5.45,5,NA,4.5,5.61111111111111,10,1,0,2,9,2305,1476,829,277,689,1616,5.65132234273319,6.19606368563686,4.68143305186972,4.92743682310469,5.28377213352685,5.80803155940594,199
"197",2018,2,5.8,5,5.8,NA,NA,NA,5.8,5,0,0,0,5,2310,1481,829,277,689,1621,5.65164415584415,6.19472653612424,4.68143305186972,4.92743682310469,5.28377213352685,5.80800678593461,200
"198",2018,3,5.875,12,6.6875,4.25,4,NA,5.875,8,4,1,0,12,2322,1489,833,278,689,1633,5.6527984496124,6.19737407656145,4.67936134453782,4.92410071942446,5.28377213352685,5.80849908144519,201
"199",2018,4,5.5,4,5.5,NA,NA,NA,5.5,4,0,0,0,4,2326,1493,833,278,689,1637,5.65253568357695,6.1955056932351,4.67936134453782,4.92410071942446,5.28377213352685,5.80774526572999,202
"200",2018,5,5.91666666666667,6,6.375,5,5,5.5,6,4,2,1,1,5,2332,1497,835,279,690,1642,5.65321526586621,6.19598530394122,4.68012934131737,4.92437275985663,5.28408550724638,5.80833069427527,203
"201",2018,6,5.25,10,5.8,4.7,6.25,4,5.78571428571429,5,5,2,3,7,2342,1502,840,281,693,1649,5.65149359521776,6.19466711051931,4.68024761904762,4.93380782918149,5.2785266955267,5.80823468768951,204
"202",2018,7,4.85714285714286,7,5.16666666666667,3,NA,NA,4.85714285714286,6,1,0,0,7,2349,1508,841,281,693,1656,5.64912643678161,6.19057692307693,4.67824970273484,4.93380782918149,5.2785266955267,5.80421437198068,205
"203",2018,8,4.85714285714286,7,4.5,5.33333333333333,6,6,4.4,4,3,1,2,5,2356,1512,844,282,695,1661,5.64677334465195,6.1861044973545,4.68057819905213,4.93758865248227,5.28060287769785,5.79998735701385,206
"204",2018,9,3.66666666666667,3,4.5,2,NA,NA,3.66666666666667,2,1,0,0,3,2359,1514,845,282,695,1664,5.64425519287833,6.18387714663144,4.67740591715976,4.93758865248227,5.28060287769785,5.79614122596154,207
"205",2018,10,3.74666666666667,3,5.24,3,3,NA,3.74666666666667,1,2,2,0,3,2362,1515,847,284,695,1667,5.6418450465707,6.18325412541254,4.67344510035419,4.92394366197183,5.28060287769785,5.79245290941812,208
"206",2018,11,6,5,7.25,1,NA,NA,6,4,1,0,0,5,2367,1519,848,284,695,1672,5.64260160540769,6.18606319947334,4.66911320754717,4.92394366197183,5.28060287769785,5.7930735645933,209
"207",2018,12,4.1,5,4.5,3.5,NA,2.75,5,3,2,0,2,3,2372,1522,850,284,697,1675,5.63934991568296,6.18273981603154,4.66636235294118,4.92394366197183,5.27334146341464,5.79165313432836,210
"208",2019,1,5.4125,8,5.8,4.25,5.5,3,5.75714285714286,6,2,1,1,7,2380,1528,852,285,698,1682,5.63858739495798,6.18123691099477,4.66538497652582,4.9259649122807,5.27008452722063,5.79150951248514,211
"209",2019,2,5.66666666666667,9,6.83333333333333,3.33333333333333,3,3,6,6,3,1,1,8,2389,1534,855,286,699,1690,5.63869317706153,6.18378748370274,4.66071111111111,4.91923076923077,5.26683690987125,5.79249644970414,212
"210",2019,3,5.76666666666667,9,7.38,3.75,4,4,5.9875,5,4,3,1,8,2398,1539,859,289,700,1698,5.63917347789824,6.18767381416504,4.65647031431898,4.90968858131488,5.26502714285715,5.79341519434629,213
"211",2019,4,5,4,6.33333333333333,1,NA,8,4,3,1,0,1,3,2402,1542,860,289,701,1701,5.63810907577019,6.18795719844358,4.65221860465117,4.90968858131488,5.26892867332383,5.79025220458554,214
"212",2019,5,6.5,9,6.91666666666667,5.66666666666667,2,2,7.0625,6,3,1,1,8,2411,1548,863,290,702,1709,5.64132642057237,6.19078165374677,4.65574507531866,4.89965517241379,5.26427207977208,5.7962077238151,215
"213",2019,6,5.4,3,5,6.2,NA,NA,5.4,2,1,0,0,3,2414,1550,864,290,702,1712,5.64102651201325,6.18924516129032,4.65753240740741,4.89965517241379,5.26427207977208,5.79551343457944,216
"214",2019,7,7.1375,8,7.2,7.03333333333333,7,7.5,7.01666666666667,5,3,1,2,6,2422,1555,867,291,704,1718,5.64596944673823,6.19249517684888,4.66575317185698,4.90687285223368,5.27062357954546,5.79977823050058,217
"215",2019,8,4.94444444444444,9,4.83333333333333,5.16666666666667,NA,NA,4.94444444444444,6,3,0,0,9,2431,1561,870,291,704,1727,5.64337227478403,6.18727098014094,4.66748045977012,4.90687285223368,5.27062357954546,5.79532078749276,218
"216",2019,9,6,6,7,5,5.5,4,6.4,3,3,2,1,5,2437,1564,873,293,705,1732,5.64425030775543,6.18882992327366,4.66862313860252,4.91092150170648,5.26882127659575,5.79706639722864,219
"217",2019,10,5.31428571428571,7,7.56666666666667,3.625,NA,6.1,5,3,4,0,2,5,2444,1567,877,293,707,1737,5.64330523731587,6.1914677728143,4.66386316989738,4.91092150170648,5.27117256011316,5.79477202072539,220
"218",2019,11,4.2,5,4.2,NA,NA,NA,4.2,5,0,0,0,5,2449,1572,877,293,707,1742,5.64035851367905,6.18513358778626,4.66386316989738,4.91092150170648,5.27117256011316,5.79019460390356,221
"219",2019,12,6.5,2,8,5,5,NA,6.5,1,1,1,0,2,2451,1573,878,294,707,1744,5.64105997552019,6.18628734901462,4.66424601366743,4.91122448979592,5.27117256011316,5.79100860091743,222
"220",2020,1,4.8,10,5,4.66666666666667,4.75,3.25,5.1875,4,6,2,2,8,2461,1577,884,296,709,1752,5.63764242177976,6.18327837666455,4.66426244343892,4.91013513513514,5.26547108603667,5.78825285388128,223
"221",2020,2,5.44444444444444,9,6.25,4.8,5,5.75,5.2,4,5,2,4,5,2470,1581,889,298,713,1757,5.63693846153846,6.18344718532575,4.66502587176603,4.91073825503356,5.26818934081347,5.78657882754695,224
"222",2020,3,5.15714285714286,7,5.525,4.66666666666667,7,6.1,5,4,3,1,1,6,2477,1585,892,299,714,1763,5.63558255954784,6.18178548895899,4.66503139013453,4.91772575250836,5.2693543417367,5.78390187180942,225
"223",2020,4,6.2,5,6,6.5,4,4,6.75,3,2,1,1,4,2482,1588,894,300,715,1767,5.63671958098307,6.18144206549119,4.66913646532439,4.91466666666667,5.26757902097902,5.78608885116016,226
"224",2020,5,5.66666666666667,3,5.66666666666667,NA,NA,5,6,3,0,0,1,2,2485,1591,894,300,716,1769,5.63675573440643,6.18047140163419,4.66913646532439,4.91466666666667,5.26720530726257,5.78633069530808,227
"225",2020,6,5.9,5,6,5.75,NA,NA,5.9,3,2,0,0,5,2490,1594,896,300,716,1774,5.63728433734939,6.18013174404015,4.67154910714286,4.91466666666667,5.26720530726257,5.78665107102593,228
"226",2020,7,7.15,2,7,7.3,NA,7.3,7,1,1,0,1,1,2492,1595,897,300,717,1775,5.63849839486356,6.18064576802508,4.67447937569677,4.91466666666667,5.27004044630405,5.78733464788732,229
"227",2020,8,6.83333333333333,6,7,6,NA,6,7,5,1,0,1,5,2498,1600,898,300,718,1780,5.6413682946357,6.18320625,4.67595545657016,4.91466666666667,5.27105710306407,5.79074101123595,230
"228",2020,9,7,2,7,NA,NA,NA,7,2,0,0,0,2,2500,1602,898,300,718,1782,5.6424552,6.18422596754058,4.67595545657016,4.91466666666667,5.27105710306407,5.79209820426487,231
"229",2020,10,5.5,2,5.5,NA,NA,NA,5.5,2,0,0,0,2,2502,1604,898,300,718,1784,5.64234132693845,6.18337281795511,4.67595545657016,4.91466666666667,5.27105710306407,5.79177073991031,232
"230",2020,11,5.58333333333333,6,5.625,5.5,6,5,5.7,4,2,1,1,5,2508,1608,900,301,719,1789,5.64220015948963,6.18198383084577,4.67778666666667,4.91827242524917,5.27068011126565,5.79151425377306,233
"231",2020,12,5.86363636363636,11,6.21428571428571,5.25,5,5.16666666666667,6.125,7,4,3,3,8,2519,1615,904,304,722,1797,5.64316712981341,6.18212383900929,4.6803185840708,4.91907894736842,5.27024792243768,5.79299888703395,234
"232",2021,1,4.78571428571429,7,6.375,2.66666666666667,5,5,4.75,4,3,1,1,6,2526,1619,907,305,723,1803,5.64079097387173,6.18260037059914,4.67365821389195,4.91934426229508,5.26987413554634,5.7895280088741,235
"233",2021,2,5,1,NA,5,5,NA,5,0,1,1,0,1,2527,1619,908,306,723,1804,5.64053739612188,6.18260037059914,4.67401762114538,4.91960784313726,5.26987413554634,5.78909035476718,236
"234",2021,3,3.33333333333333,3,3,4,4,1,4.5,2,1,1,1,2,2530,1621,909,307,724,1806,5.63780158102766,6.17867365823566,4.67327612761276,4.91661237785016,5.26397651933702,5.78766279069767,237
"235",2021,4,7,2,6,8,NA,6,8,1,1,0,1,1,2532,1622,910,307,725,1807,5.6388775671406,6.17856350184957,4.67693186813187,4.91661237785016,5.26499172413793,5.78888710570006,238
"236",2021,5,5.25,4,5.5,5,5,5,5.33333333333333,2,2,2,1,3,2536,1624,912,309,726,1810,5.63826419558359,6.17772783251232,4.6776403508772,4.91715210355987,5.26462672176309,5.7881320441989,239
"237",2021,6,4.33333333333333,6,5.5,3.75,NA,NA,4.33333333333333,2,4,0,0,6,2542,1626,916,309,726,1816,5.63518410700236,6.17689421894219,4.67358951965066,4.91715210355987,5.26462672176309,5.78332544052863,240
"238",2021,7,6.33333333333333,3,6.33333333333333,NA,NA,NA,6.33333333333333,3,0,0,0,3,2545,1629,916,309,726,1819,5.63600707269155,6.17718232044199,4.67358951965066,4.91715210355987,5.26462672176309,5.78423254535459,241
"239",2021,8,4.85,4,6,3.7,2.4,4.2,5.5,2,2,1,2,2,2549,1631,918,310,728,1821,5.63477363672028,6.17696505211527,4.67146840958606,4.90903225806452,5.26170192307693,5.7839203734212,242
"240",2021,9,4,2,7,1,NA,4,NA,1,1,0,2,0,2551,1632,919,310,730,1821,5.63349196393571,6.1774693627451,4.6674733405876,4.90903225806452,5.25824520547946,5.7839203734212,243
"241",2021,10,4.5,2,5,4,NA,NA,4.5,1,1,0,0,2,2553,1633,920,310,730,1823,5.63260399529964,6.17674831598286,4.66674782608696,4.90903225806452,5.25824520547946,5.78251179374657,244
"242",2021,11,3,2,5,1,1,NA,3,1,1,1,0,2,2555,1634,921,311,730,1825,5.63054324853229,6.17602815177479,4.66276655808904,4.89646302250804,5.25824520547946,5.77946246575342,245
"243",2021,12,5.5,6,7,2.5,1,5.33333333333333,5.66666666666667,4,2,1,3,3,2561,1638,923,312,733,1828,5.63023740726278,6.17804029304029,4.65808017334778,4.88397435897436,5.25855252387449,5.77927735229759,246
"244",2022,1,4.5,2,4,5,NA,NA,4.5,1,1,0,0,2,2563,1639,924,312,733,1830,5.62935544284042,6.17671140939597,4.65845021645022,4.88397435897436,5.25855252387449,5.77787923497268,247
"245",2022,2,5.8166675,4,6.42222333333333,4,NA,5.5,6.133335,3,1,0,2,2,2567,1642,925,312,735,1832,5.62964731982859,6.17715996954933,4.65773837837838,4.88397435897436,5.25920952380953,5.7782672871179,248
"246",2022,3,5.8,5,5.75,6,NA,6.5,5.33333333333333,4,1,0,2,3,2572,1646,926,312,737,1835,5.62997848755832,6.17612191373026,4.65918790496761,4.88397435897436,5.26257666214383,5.7775398746594,249
"247",2022,4,6.75,4,7.33333333333333,5,NA,7,6.66666666666667,3,1,0,1,3,2576,1649,927,312,738,1838,5.63171765139751,6.17822721043057,4.65955555555556,4.88397435897436,5.26493089430895,5.77899111534276,250
"248",2022,5,5.25,6,6.625,2.5,4,2.5,6.625,4,2,1,2,4,2582,1653,929,313,740,1842,5.63083062354763,6.17930833030853,4.65490635091497,4.88115015974441,5.25745810810811,5.78082826818675,251
"249",2022,6,3.85714285714286,7,4.66666666666667,3.25,NA,NA,3.85714285714286,3,4,0,0,7,2589,1656,933,313,740,1849,5.62603502124372,6.17656803743962,4.64888317256163,4.88115015974441,5.25745810810811,5.77354552190373,252
"250",2022,7,9,2,9,NA,NA,NA,9,2,0,0,0,2,2591,1658,933,313,740,1851,5.62863939405635,6.17997386610374,4.64888317256163,4.88115015974441,5.25745810810811,5.77703169638034,253
"251",2022,8,3.49777666666667,3,4.246665,2,NA,NA,3.49777666666667,2,1,0,0,3,2594,1660,934,313,740,1854,5.62617501927525,6.17764457831325,4.64604710920771,4.88115015974441,5.25745810810811,5.77334358144552,254
