"","year","month","avg_rating","no_ratings","avg_rating_owned","avg_rating_not_owned","avg_rating_prev_owned","avg_rating_comment","avg_rating_no_comment","no_ratings_owned","no_ratings_not_owned","no_ratings_prev_owned","no_ratings_comment","no_ratings_no_comment","cum_no_ratings","cum_no_ratings_owned","cum_no_ratings_not_owned","cum_no_ratings_prev_owned","cum_no_ratings_comment","cum_no_ratings_no_comment","cum_avg_rating","cum_avg_rating_owned","cum_avg_rating_not_owned","cum_avg_rating_prev_owned","cum_avg_rating_comment","cum_avg_rating_no_comment","month_after_release"
"1",2001,6,4,2,4,NA,NA,NA,4,2,0,0,0,2,2,2,0,0,0,2,4,4,NA,NA,NA,4,0
"2",2001,9,8.5,2,8.5,NA,NA,NA,8.5,2,0,0,0,2,4,4,0,0,0,4,6.25,6.25,NA,NA,NA,6.25,3
"3",2001,10,3,1,3,NA,NA,3,NA,1,0,0,1,0,5,5,0,0,1,4,5.6,5.6,NA,NA,3,6.25,4
"4",2001,11,5.5,2,NA,5.5,5,6,5,0,2,1,1,1,7,5,2,1,2,5,5.57142857142857,5.6,5.5,5,4.5,6,5
"5",2001,12,10,1,10,NA,NA,NA,10,1,0,0,0,1,8,6,2,1,2,6,6.125,6.33333333333333,5.5,5,4.5,6.66666666666667,6
"6",2002,6,7,1,7,NA,NA,NA,7,1,0,0,0,1,9,7,2,1,2,7,6.22222222222222,6.42857142857143,5.5,5,4.5,6.71428571428571,12
"7",2002,7,6.66666666666667,3,8.5,3,3,6.66666666666667,NA,2,1,1,3,0,12,9,3,2,5,7,6.33333333333333,6.88888888888889,4.66666666666667,4,5.8,6.71428571428571,13
"8",2002,8,7,4,7,NA,NA,NA,7,4,0,0,0,4,16,13,3,2,5,11,6.5,6.92307692307692,4.66666666666667,4,5.8,6.81818181818182,14
"9",2002,9,3,1,3,NA,NA,3,NA,1,0,0,1,0,17,14,3,2,6,11,6.29411764705882,6.64285714285714,4.66666666666667,4,5.33333333333333,6.81818181818182,15
"10",2002,10,7.8,5,7.8,NA,NA,8.33333333333333,7,5,0,0,3,2,22,19,3,2,9,13,6.63636363636364,6.94736842105263,4.66666666666667,4,6.33333333333333,6.84615384615385,16
"11",2002,11,7.66666666666667,3,7.5,8,8,7.66666666666667,NA,2,1,1,3,0,25,21,4,3,12,13,6.76,7,5.5,5.33333333333333,6.66666666666667,6.84615384615385,17
"12",2002,12,10,1,10,NA,NA,NA,10,1,0,0,0,1,26,22,4,3,12,14,6.88461538461539,7.13636363636364,5.5,5.33333333333333,6.66666666666667,7.07142857142857,18
"13",2003,1,7,3,7,NA,NA,7.5,6,3,0,0,2,1,29,25,4,3,14,15,6.89655172413793,7.12,5.5,5.33333333333333,6.78571428571429,7,19
"14",2003,2,8.8,5,8.8,NA,NA,9.5,6,5,0,0,4,1,34,30,4,3,18,16,7.17647058823529,7.4,5.5,5.33333333333333,7.38888888888889,6.9375,20
"15",2003,3,6,1,6,NA,NA,NA,6,1,0,0,0,1,35,31,4,3,18,17,7.14285714285714,7.35483870967742,5.5,5.33333333333333,7.38888888888889,6.88235294117647,21
"16",2003,4,7,3,7.5,6,NA,NA,7,2,1,0,0,3,38,33,5,3,18,20,7.13157894736842,7.36363636363636,5.6,5.33333333333333,7.38888888888889,6.9,22
"17",2003,5,5.6,5,7,3.5,2,5.75,5,3,2,1,4,1,43,36,7,4,22,21,6.95348837209302,7.33333333333333,5,4.5,7.09090909090909,6.80952380952381,23
"18",2003,6,8,4,8,8,NA,9.5,6.5,2,2,0,2,2,47,38,9,4,24,23,7.04255319148936,7.36842105263158,5.66666666666667,4.5,7.29166666666667,6.78260869565217,24
"19",2003,7,5.42857142857143,14,5.77777777777778,4.8,5.33333333333333,4.66666666666667,5.63636363636364,9,5,3,3,11,61,47,14,7,27,34,6.67213114754098,7.06382978723404,5.35714285714286,4.85714285714286,7,6.41176470588235,25
"20",2003,8,6.33333333333333,3,7,6,NA,8,5.5,1,2,0,1,2,64,48,16,7,28,36,6.65625,7.0625,5.4375,4.85714285714286,7.03571428571429,6.36111111111111,26
"21",2003,9,7,1,7,NA,NA,7,NA,1,0,0,1,0,65,49,16,7,29,36,6.66153846153846,7.06122448979592,5.4375,4.85714285714286,7.03448275862069,6.36111111111111,27
"22",2003,10,3,1,NA,3,NA,NA,3,0,1,0,0,1,66,49,17,7,29,37,6.60606060606061,7.06122448979592,5.29411764705882,4.85714285714286,7.03448275862069,6.27027027027027,28
"23",2003,11,6.6,5,7,5,NA,6.33333333333333,7,4,1,0,3,2,71,53,18,7,32,39,6.6056338028169,7.05660377358491,5.27777777777778,4.85714285714286,6.96875,6.30769230769231,29
"24",2003,12,7.66666666666667,3,7.66666666666667,NA,NA,7.5,8,3,0,0,2,1,74,56,18,7,34,40,6.64864864864865,7.08928571428571,5.27777777777778,4.85714285714286,7,6.35,30
"25",2004,1,5.4,5,6.66666666666667,3.5,NA,6.25,2,3,2,0,4,1,79,59,20,7,38,41,6.56962025316456,7.06779661016949,5.1,4.85714285714286,6.92105263157895,6.24390243902439,31
"26",2004,2,7,4,7,NA,NA,7,7,4,0,0,2,2,83,63,20,7,40,43,6.59036144578313,7.06349206349206,5.1,4.85714285714286,6.925,6.27906976744186,32
"27",2004,3,6.4,5,6.25,7,NA,8,6,4,1,0,1,4,88,67,21,7,41,47,6.57954545454545,7.01492537313433,5.19047619047619,4.85714285714286,6.95121951219512,6.25531914893617,33
"28",2004,4,7.75,4,7.75,NA,NA,8,7.5,4,0,0,2,2,92,71,21,7,43,49,6.6304347826087,7.05633802816901,5.19047619047619,4.85714285714286,7,6.30612244897959,34
"29",2004,5,6.85714285714286,7,7,6,NA,9,5.25,6,1,0,3,4,99,77,22,7,46,53,6.64646464646465,7.05194805194805,5.22727272727273,4.85714285714286,7.1304347826087,6.22641509433962,35
"30",2004,6,7.5,2,7.5,NA,NA,NA,7.5,2,0,0,0,2,101,79,22,7,46,55,6.66336633663366,7.06329113924051,5.22727272727273,4.85714285714286,7.1304347826087,6.27272727272727,36
"31",2004,7,6.88888888888889,9,7.6,6,7,5,7.42857142857143,5,4,1,2,7,110,84,26,8,48,62,6.68181818181818,7.09523809523809,5.34615384615385,5.125,7.04166666666667,6.40322580645161,37
"32",2004,8,5.66666666666667,6,5.66666666666667,NA,NA,5.66666666666667,5.66666666666667,6,0,0,3,3,116,90,26,8,51,65,6.62931034482759,7,5.34615384615385,5.125,6.96078431372549,6.36923076923077,38
"33",2004,9,8,6,9,6,5,9.5,7.7,4,2,1,1,5,122,94,28,9,52,70,6.69672131147541,7.08510638297872,5.39285714285714,5.11111111111111,7.00961538461539,6.46428571428571,39
"34",2004,10,7.6875,8,7.6875,NA,NA,6,7.92857142857143,8,0,0,1,7,130,102,28,9,53,77,6.75769230769231,7.13235294117647,5.39285714285714,5.11111111111111,6.99056603773585,6.5974025974026,40
"35",2004,11,4,2,7,1,NA,4,NA,1,1,0,2,0,132,103,29,9,55,77,6.71590909090909,7.13106796116505,5.24137931034483,5.11111111111111,6.88181818181818,6.5974025974026,41
"36",2004,12,7.15,6,7.15,NA,NA,7.63333333333333,6.66666666666667,6,0,0,3,3,138,109,29,9,58,80,6.73478260869565,7.13211009174312,5.24137931034483,5.11111111111111,6.92068965517241,6.6,42
"37",2005,1,7.5,9,7.58333333333333,7.33333333333333,NA,8.83333333333333,6.83333333333333,6,3,0,3,6,147,115,32,9,61,86,6.78163265306122,7.15565217391304,5.4375,5.11111111111111,7.01475409836066,6.61627906976744,43
"38",2005,2,5.77777777777778,9,5.8,5.75,2,5,7.33333333333333,5,4,1,6,3,156,120,36,10,67,89,6.72371794871795,7.09916666666667,5.47222222222222,4.8,6.83432835820896,6.64044943820225,44
"39",2005,3,6.90909090909091,11,7.28571428571429,6.25,7,6.66666666666667,7.2,7,4,2,6,5,167,127,40,12,73,94,6.73592814371258,7.10944881889764,5.55,5.16666666666667,6.82054794520548,6.67021276595745,45
"40",2005,4,7.35714285714286,7,7.6,6.75,NA,6.875,8,5,2,0,4,3,174,132,42,12,77,97,6.76091954022989,7.1280303030303,5.60714285714286,5.16666666666667,6.82337662337662,6.71134020618557,46
"41",2005,5,6.1,5,5.5,6.5,7,5.5,6.5,2,3,1,2,3,179,134,45,13,79,100,6.74245810055866,7.10373134328358,5.66666666666667,5.30769230769231,6.78987341772152,6.705,47
"42",2005,6,6.64285714285714,7,9.125,3.33333333333333,NA,7.625,5.33333333333333,4,3,0,4,3,186,138,48,13,83,103,6.73870967741936,7.16231884057971,5.52083333333333,5.30769230769231,6.83012048192771,6.66504854368932,48
"43",2005,7,7.2,15,7.54545454545455,6.25,6,6.75,7.36363636363636,11,4,1,4,11,201,149,52,14,87,114,6.77313432835821,7.19060402684564,5.57692307692308,5.35714285714286,6.8264367816092,6.73245614035088,49
"44",2005,8,6.72222222222222,9,7.58333333333333,5,NA,6.6875,7,6,3,0,8,1,210,155,55,14,95,115,6.77095238095238,7.2058064516129,5.54545454545455,5.35714285714286,6.81473684210526,6.73478260869565,50
"45",2005,9,7.15,10,7.1875,7,8,6.83333333333333,7.28571428571429,8,2,1,3,7,220,163,57,15,98,122,6.78818181818182,7.20490797546012,5.59649122807018,5.53333333333333,6.81530612244898,6.76639344262295,51
"46",2005,10,7.4,10,8.57142857142857,4.66666666666667,NA,6.2,8.6,7,3,0,5,5,230,170,60,15,103,127,6.81478260869565,7.26117647058824,5.55,5.53333333333333,6.78543689320388,6.83858267716535,52
"47",2005,11,7.8,5,8.5,5,5,9,7,4,1,1,2,3,235,174,61,16,105,130,6.83574468085106,7.28965517241379,5.54098360655738,5.5,6.82761904761905,6.84230769230769,53
"48",2005,12,6.16666666666667,6,5.66666666666667,6.66666666666667,NA,7.5,5.5,3,3,0,2,4,241,177,64,16,107,134,6.81908713692946,7.26214689265537,5.59375,5.5,6.84018691588785,6.80223880597015,54
"49",2006,1,6.88888888888889,9,7.25,6.16666666666667,9,7.75,6.64285714285714,6,3,1,2,7,250,183,67,17,109,141,6.8216,7.26174863387978,5.61940298507463,5.70588235294118,6.85688073394495,6.79432624113475,55
"50",2006,2,8.1,10,7.88888888888889,10,NA,8.5,7.83333333333333,9,1,0,4,6,260,192,68,17,113,147,6.87076923076923,7.29114583333333,5.68382352941176,5.70588235294118,6.91504424778761,6.83673469387755,56
"51",2006,3,7.85714285714286,7,8.5,6.25,NA,7.125,8.83333333333333,5,2,0,4,3,267,197,70,17,117,150,6.89662921348315,7.32182741116751,5.7,5.70588235294118,6.92222222222222,6.87666666666667,57
"52",2006,4,6.4,5,6.75,5,NA,6.5,6.33333333333333,4,1,0,2,3,272,201,71,17,119,153,6.8875,7.31044776119403,5.69014084507042,5.70588235294118,6.91512605042017,6.86601307189542,58
"53",2006,5,8.33333333333333,3,7,9,NA,9,7,1,2,0,2,1,275,202,73,17,121,154,6.90327272727273,7.30891089108911,5.78082191780822,5.70588235294118,6.9495867768595,6.86688311688312,59
"54",2006,6,7.25,4,7.25,NA,NA,NA,7.25,4,0,0,0,4,279,206,73,17,121,158,6.90824372759857,7.30776699029126,5.78082191780822,5.70588235294118,6.9495867768595,6.87658227848101,60
"55",2006,7,7.7,5,8.25,5.5,NA,6.75,8.33333333333333,4,1,0,2,3,284,210,74,17,123,161,6.92218309859155,7.32571428571429,5.77702702702703,5.70588235294118,6.94634146341463,6.90372670807453,61
"56",2006,8,6.7,5,7.625,3,NA,8.25,5.66666666666667,4,1,0,2,3,289,214,75,17,125,164,6.91833910034602,7.33130841121495,5.74,5.70588235294118,6.9672,6.88109756097561,62
"57",2006,9,5.83333333333333,3,7,5.25,NA,5.25,7,1,2,0,2,1,292,215,77,17,127,165,6.90719178082192,7.32976744186047,5.72727272727273,5.70588235294118,6.94015748031496,6.88181818181818,63
"58",2006,10,6.83333333333333,9,7.66666666666667,5.16666666666667,NA,6.5,7.25,6,3,0,5,4,301,221,80,17,132,169,6.90498338870432,7.33891402714932,5.70625,5.70588235294118,6.92348484848485,6.8905325443787,64
"59",2006,11,8,6,8.625,6.75,5,7.875,8.25,4,2,1,4,2,307,225,82,18,136,171,6.92638436482085,7.36177777777778,5.73170731707317,5.66666666666667,6.95147058823529,6.90643274853801,65
"60",2006,12,8.21428571428571,14,8.63636363636364,6.66666666666667,6.5,9.375,6.66666666666667,11,3,2,8,6,321,236,85,20,144,177,6.98255451713396,7.42118644067797,5.76470588235294,5.75,7.08611111111111,6.89830508474576,66
"61",2007,1,7.25,16,7.53846153846154,6,6,7.16666666666667,7.3,13,3,1,6,10,337,249,88,21,150,187,6.99525222551929,7.42730923694779,5.77272727272727,5.76190476190476,7.08933333333333,6.91978609625668,67
"62",2007,2,7.7490175,8,8,6.99607,NA,8.75,6.748035,6,2,0,4,4,345,255,90,21,154,191,7.01273084057971,7.44078431372549,5.79991266666667,5.76190476190476,7.13246753246753,6.91618921465969,68
"63",2007,3,6.94444444444444,9,7.35714285714286,5.5,7,7.5,6.25,7,2,1,5,4,354,262,92,22,159,195,7.01099474576271,7.43854961832061,5.79339282608696,5.81818181818182,7.14402515723271,6.9025237948718,69
"64",2007,4,7.07692307692308,13,7.8,4.66666666666667,5,6.5,7.57142857142857,10,3,1,6,7,367,272,95,23,165,202,7.01333008174387,7.45183823529412,5.757812,5.78260869565217,7.12060606060606,6.92570366336634,70
"65",2007,5,7,9,7.42857142857143,5.5,NA,6.2,8,7,2,0,5,4,376,279,97,23,170,206,7.0130110106383,7.45125448028674,5.75249628865979,5.78260869565217,7.09352941176471,6.94656378640777,71
"66",2007,6,5.64285714285714,7,7.33333333333333,4.375,5,6.16666666666667,5.25,3,4,1,3,4,383,282,101,24,173,210,6.98796903394256,7.45,5.69794198019802,5.75,7.07745664739884,6.91424828571429,72
"67",2007,7,7.83333333333333,9,8.5,5.5,5.5,7.91666666666667,7.66666666666667,7,2,2,6,3,392,289,103,26,179,213,7.00737790816327,7.47543252595156,5.69409844660194,5.73076923076923,7.10558659217877,6.92484572769953,73
"68",2007,8,6.91666666666667,12,6.9,7,9,7.11111111111111,6.33333333333333,10,2,1,9,3,404,299,105,27,188,216,7.00468351485148,7.4561872909699,5.71897276190476,5.85185185185185,7.10585106382979,6.91663027777778,74
"69",2007,9,7.5,9,8.25,6,4,8,7.35714285714286,6,3,1,2,7,413,305,108,28,190,223,7.01547733656174,7.47180327868853,5.72677907407407,5.78571428571429,7.11526315789474,6.93045802690583,75
"70",2007,10,7.75,8,8.33333333333333,6,6,7.5,8,6,2,1,4,4,421,311,110,29,194,227,7.02943501187648,7.48842443729904,5.73174672727273,5.79310344827586,7.12319587628866,6.9493045814978,76
"71",2007,11,7.12,10,7.12,NA,NA,7.2,7.04,10,0,0,5,5,431,321,110,29,199,232,7.03153628770302,7.47694704049844,5.73174672727273,5.79310344827586,7.1251256281407,6.95125922413793,77
"72",2007,12,6.84090909090909,11,6.65625,7.33333333333333,8,7.41666666666667,6.625,8,3,1,3,8,442,329,113,30,202,240,7.0267921719457,7.45699088145897,5.77426672566372,5.86666666666667,7.12945544554456,6.94038391666667,78
"73",2008,1,8.5,6,8.5,NA,NA,9.5,8,6,0,0,2,4,448,335,113,30,204,244,7.04652263392857,7.47567164179104,5.77426672566372,5.86666666666667,7.15269607843137,6.95775467213115,79
"74",2008,2,7.9,5,8.625,5,NA,7.33333333333333,8.75,4,1,0,3,2,453,339,114,30,207,246,7.05594291390728,7.48923303834808,5.7674749122807,5.86666666666667,7.15531400966184,6.97232577235772,80
"75",2008,3,7.54545454545455,11,7.66666666666667,7,NA,8,7.375,9,2,0,3,8,464,348,116,30,210,254,7.06754771551724,7.49382183908046,5.78872534482759,5.86666666666667,7.16738095238095,6.98500842519685,81
"76",2008,4,8.35714285714286,7,9.3,6,NA,8.08333333333333,10,5,2,0,6,1,471,353,118,30,216,255,7.08671367303609,7.51940509915014,5.79230627118644,5.86666666666667,7.19282407407407,6.99683192156863,82
"77",2008,5,7.3,10,7.375,7,8,7.2,7.4,8,2,1,5,5,481,361,120,31,221,260,7.0911479002079,7.51620498614958,5.8124345,5.93548387096774,7.19298642533937,7.00458515384615,83
"78",2008,6,7.16923076923077,13,7.24444444444444,7,NA,7.17142857142857,7.16666666666667,9,4,0,7,6,494,370,124,31,228,266,7.09320271255061,7.50959459459459,5.85074306451613,5.93548387096774,7.19232456140351,7.00824112781955,84
"79",2008,7,6.56625,16,6.42166666666667,7,7.25,6.08,6.94444444444444,12,4,4,7,9,510,382,128,35,235,275,7.0766708627451,7.47541884816754,5.88665734375,6.08571428571429,7.1591914893617,7.00615323636364,85
"80",2008,8,7.38235294117647,17,7.9375,6.88888888888889,6,7.5,7.21428571428571,8,9,4,10,7,527,390,137,39,245,282,7.08653157495256,7.48489743589743,5.95249737226277,6.07692307692308,7.17310204081633,7.01131964539007,86
"81",2008,9,6.05555555555556,9,6.9,5,4,4.66666666666667,6.75,5,4,2,3,6,536,395,141,41,248,288,7.06922041044776,7.47749367088608,5.92547617021277,5.97560975609756,7.14278225806452,7.00587548611111,87
"82",2008,10,6.79166666666667,12,7.3,4.25,NA,7.28571428571429,6.1,10,2,0,7,5,548,405,143,41,255,293,7.06314259124087,7.47311111111111,5.90204293706294,5.97560975609756,7.14670588235294,6.99041686006826,88
"83",2008,11,6.88461538461539,13,8.42857142857143,5.08333333333333,5,6.21428571428571,7.66666666666667,7,6,4,7,6,561,412,149,45,262,299,7.05900559714795,7.48934466019417,5.86907476510067,5.88888888888889,7.12179389312977,7.003987090301,89
"84",2008,12,6.39333333333333,15,7.37777777777778,4.91666666666667,5,7.66666666666667,5.54444444444444,9,6,1,6,9,576,421,155,46,268,308,7.04167038194444,7.48695961995249,5.83220735483871,5.8695652173913,7.13399253731343,6.96133811688312,90
"85",2009,1,6.58333333333333,18,8.38888888888889,4.77777777777778,4.8,7.7,5.1875,9,9,5,10,8,594,430,164,51,278,316,7.02778138047138,7.50583720930233,5.77434231707317,5.76470588235294,7.15435251798561,6.91643082278481,91
"86",2009,2,6.95238095238095,21,7.69230769230769,5.75,5.33333333333333,8.9,6.34375,13,8,3,5,16,615,443,172,54,283,332,7.02520673170732,7.51130925507901,5.77321011627907,5.74074074074074,7.18519434628975,6.88883174698795,92
"87",2009,3,6.8125,16,7.16666666666667,5.75,6.5,3.5,7.28571428571429,12,4,4,2,14,631,455,176,58,285,346,7.01981321711569,7.50221978021978,5.77268261363636,5.79310344827586,7.15933333333333,6.90489057803468,93
"88",2009,4,5.66,10,4.66666666666667,6.08571428571429,5.33333333333333,5.12,6.2,3,7,3,5,5,641,458,183,61,290,351,6.99859928237129,7.48364628820961,5.78465650273224,5.77049180327869,7.1241724137931,6.8948494017094,94
"89",2009,5,6.60714285714286,14,7.75,5.75,5.5,7.5,5.71428571428571,6,8,2,7,7,655,464,191,63,297,358,6.99023227480916,7.48709051724138,5.78320492146597,5.76190476190476,7.1330303030303,6.87176575418995,95
"90",2009,6,6.109375,16,6.75,5.61111111111111,6.25,5.9,6.20454545454545,7,9,6,5,11,671,471,200,69,302,369,6.96922822652757,7.47613588110403,5.7754607,5.80434782608696,7.11261589403973,6.85187571815718,96
"91",2009,7,6.97058823529412,17,8.55,4.71428571428571,5,6.77777777777778,7.1875,10,7,2,9,8,688,481,207,71,311,377,6.96926183139535,7.49846153846154,5.73957555555556,5.78169014084507,7.10292604501608,6.85899771883289,97
"92",2009,8,6.475,16,7.34444444444444,5.35714285714286,5.7,4.92,7.18181818181818,9,7,5,5,11,704,490,214,76,316,388,6.95802860795455,7.49563265306122,5.72706607476635,5.77631578947368,7.06838607594937,6.86814984536083,98
"93",2009,9,6.54166666666667,12,7.6,5.78571428571429,5.125,7,6.3125,5,7,4,4,8,716,495,221,80,320,396,6.95105047486034,7.49668686868687,5.72892371040724,5.74375,7.06753125,6.8569245959596,99
"94",2009,10,7.85,18,8.09285714285714,7,9,8.8,7.48461538461538,14,4,2,5,13,734,509,225,82,325,409,6.97309555858311,7.51308447937132,5.75152062222222,5.82317073170732,7.09418461538461,6.87687564792176,100
"95",2009,11,6.55555555555556,9,7.25,6,6.66666666666667,6.4,6.75,4,5,3,5,4,743,513,230,85,330,413,6.96803787348587,7.51103313840156,5.75692234782609,5.85294117647059,7.08366666666667,6.87564682808717,101
"96",2009,12,6.44444444444444,9,7.25,6.21428571428571,5.625,3,7.42857142857143,2,7,4,2,7,752,515,237,89,332,420,6.96177146276596,7.51001941747573,5.77043097046414,5.84269662921348,7.05906626506024,6.88486223809524,102
"97",2010,1,7.4,14,7.36363636363636,7.53333333333333,NA,8.5,6.96,11,3,0,4,10,766,526,240,89,336,430,6.9697808616188,7.50695817490494,5.79246725,5.84269662921348,7.07622023809524,6.88660962790698,103
"98",2010,2,7.25,14,7.9375,6.33333333333333,6.25,6.875,7.4,8,6,2,4,10,780,534,246,91,340,440,6.97481043589744,7.51340823970037,5.80565910569106,5.85164835164835,7.07385294117647,6.89827759090909,104
"99",2010,3,7.18181818181818,11,7.5,6.8,7.5,NA,7.18181818181818,6,5,2,0,11,791,540,251,93,340,451,6.97768917825537,7.51325925925926,5.82546669322709,5.88709677419355,7.07385294117647,6.90519321507761,105
"100",2010,4,7.61666666666667,12,8.14285714285714,6.88,7.13333333333333,7.75,7.55,7,5,3,4,8,803,547,256,96,344,459,6.98723803237858,7.52131627056673,5.846063046875,5.92604166666667,7.08171511627907,6.91643167755991,106
"101",2010,5,8.86666666666667,6,8.64,10,10,9.06666666666667,8.66666666666667,5,1,1,3,3,809,552,257,97,347,462,7.00117693448702,7.53144927536232,5.86222622568093,5.9680412371134,7.09887608069164,6.92779683982684,107
"102",2010,6,7.1625,8,8.16666666666667,6.56,6.26666666666667,7,7.26,3,5,3,3,5,817,555,262,100,350,467,7.00275659730722,7.53488288288288,5.87554251908397,5.977,7.09802857142857,6.93135361884368,108
"103",2010,7,7.33333333333333,9,8.125,6.7,7.16666666666667,7.33333333333333,7.33333333333333,4,5,3,6,3,826,559,267,103,356,470,7.00635852300242,7.53910554561717,5.89098179775281,6.01165048543689,7.10199438202247,6.93391944680851,109
"104",2010,8,7.625,12,8.44444444444444,5.16666666666667,NA,8,7.4375,9,3,0,4,8,838,568,270,103,360,478,7.01521735083532,7.55345070422535,5.88293385185185,6.01165048543689,7.11197222222222,6.94234757322176,110
"105",2010,9,7.55555555555556,9,7.57142857142857,7.5,7.5,8,7.2,7,2,2,4,5,847,575,272,105,364,483,7.02095884297521,7.55366956521739,5.89482404411765,6.04,7.12173076923077,6.9450147826087,111
"106",2010,10,7.0625,8,8,6.125,5,8.5,6.58333333333333,4,4,1,2,6,855,579,276,106,366,489,7.02134753216374,7.5567530224525,5.89815992753623,6.03018867924528,7.12926229508197,6.94057697341513,112
"107",2010,11,7.07142857142857,7,9.5,5.25,5,8.25,5.5,3,4,1,4,3,862,582,280,107,370,492,7.02175422273782,7.56676975945017,5.8889005,6.02056074766355,7.14137837837838,6.93179296747968,113
"108",2010,12,7.31,10,7.9,6.72,7.2,NA,7.31,5,5,3,0,10,872,587,285,110,370,502,7.02505979357798,7.56960817717206,5.90348119298246,6.05272727272727,7.14137837837838,6.93932697211156,114
"109",2011,1,7.35714285714286,14,7.90909090909091,5.33333333333333,5,8,7.25,11,3,2,2,12,886,598,288,112,372,514,7.03030715575621,7.57585284280936,5.89754215277778,6.03392857142857,7.14599462365591,6.94658003891051,115
"110",2011,2,6.88875,12,7.23785714285714,6.4,6.66666666666667,7.173,6.68571428571429,7,5,3,5,7,898,605,293,115,377,521,7.0284155233853,7.57194214876033,5.90611651877133,6.0504347826087,7.14635278514589,6.94307512476008,116
"111",2011,3,6.27777777777778,9,6.5,5.5,6,5.5,6.5,7,2,1,2,7,907,612,295,116,379,528,7.02096707828005,7.55968137254902,5.90336318644068,6.05,7.13766490765171,6.93720102272727,117
"112",2011,4,7.39230769230769,13,7.67777777777778,6.75,NA,8.15,6.74285714285714,9,4,0,6,7,920,621,299,116,385,535,7.0262142826087,7.56139291465378,5.91468943143813,6.05,7.15344155844156,6.93465820560748,118
"113",2011,5,7.95454545454545,11,8.16666666666667,7,NA,8.5,7.75,9,2,0,3,8,931,630,301,116,388,543,7.03718274973147,7.57003968253968,5.92190079734219,6.05,7.1638530927835,6.94667060773481,119
"114",2011,6,7.3,6,8.6,6,8,NA,7.3,3,3,1,0,6,937,633,304,117,388,549,7.03886567769477,7.57492101105845,5.92267151315789,6.06666666666667,7.1638530927835,6.95053213114754,120
"115",2011,7,8,11,8.57142857142857,7,6,8.125,7.92857142857143,7,4,1,4,7,948,640,308,118,392,556,7.05001808016878,7.5858203125,5.93666279220779,6.06610169491525,7.17366071428571,6.96284557553957,121
"116",2011,8,7.13636363636364,11,7.0625,7.33333333333333,NA,6.66666666666667,7.3125,8,3,0,3,8,959,648,311,118,395,564,7.05100848800834,7.57935956790123,5.95013549839228,6.06610169491525,7.16981012658228,6.96780521276596,122
"117",2011,9,7.4,5,7.25,8,NA,8.66666666666667,5.5,4,1,0,3,2,964,652,312,118,398,566,7.05281860995851,7.57733895705521,5.95670557692308,6.06610169491525,7.18109296482412,6.96261862190813,123
"118",2011,10,7.56818181818182,11,8,7.32142857142857,7,7,7.78125,4,7,2,3,8,975,656,319,120,401,574,7.05863296410257,7.57991615853659,5.98665247648903,6.08166666666667,7.17973815461346,6.9740281184669,124
"119",2011,11,6.5,8,9.75,3.25,3,5.66666666666667,7,4,4,2,3,5,983,660,323,122,404,579,7.05408661241099,7.59306818181818,5.95276204334365,6.03114754098361,7.16850247524752,6.97425240069085,125
"120",2011,12,6.81818181818182,11,7.25,6.3,4,6.125,7.21428571428571,6,5,1,4,7,994,666,328,123,408,586,7.05147599597586,7.58997747747748,5.95805530487805,6.01463414634146,7.15827205882353,6.97711969283277,126
"121",2012,1,6.72666666666667,15,7.3,5.58,6,7.38,6.4,10,5,1,5,10,1009,676,333,124,413,596,7.04664731417245,7.58568786982249,5.9523787987988,6.01451612903226,7.16095641646489,6.96743647651007,127
"122",2012,2,6.44166666666667,12,7.34285714285714,5.18,3.95,6.46666666666667,6.41666666666667,7,5,2,6,6,1021,683,338,126,419,602,7.03953686581783,7.58319912152269,5.94095307692308,5.98174603174603,7.15101431980907,6.96194707641196,128
"123",2012,3,7.5,11,7.9375,6.33333333333333,6.33333333333333,7.6,7.41666666666667,8,3,3,5,6,1032,691,341,129,424,608,7.04444490310078,7.5873010130246,5.9444051026393,5.98992248062015,7.15630896226415,6.96643444078947,129
"124",2012,4,7.1,10,7.42857142857143,6.33333333333333,8,7,7.125,7,3,1,2,8,1042,698,344,130,426,616,7.04497806142035,7.58570916905444,5.94779691860465,6.00538461538461,7.15557511737089,6.96849373376623,130
"125",2012,5,6.55555555555556,9,7.16666666666667,5.33333333333333,6.5,6.5,6.5625,6,3,2,1,8,1051,704,347,132,427,624,7.04078700285443,7.58213778409091,5.94248455331412,6.01287878787879,7.15403981264637,6.96328868589744,131
"126",2012,6,9.5,6,10,7,7,9.4,10,5,1,1,5,1,1057,709,348,133,432,625,7.05474658467361,7.59918899858956,5.9455233908046,6.0203007518797,7.18003472222222,6.968147424,132
"127",2012,7,6.89818181818182,11,6.81111111111111,7.29,NA,8.1,5.89666666666667,9,2,0,5,6,1068,718,350,133,437,631,7.05313402621723,7.58931058495822,5.95320611428572,6.0203007518797,7.19056064073226,6.95795901743265,133
"128",2012,8,7.4,5,8.5,6.66666666666667,NA,8,7.25,2,3,0,1,4,1073,720,353,133,438,635,7.05475036346692,7.59184027777778,5.9592695184136,6.0203007518797,7.19240867579909,6.95979864566929,134
"129",2012,9,7.8125,8,8.58333333333333,5.5,8,8.9,6,6,2,1,5,3,1081,726,355,134,443,638,7.06035813135985,7.60003443526171,5.95668208450704,6.03507462686567,7.21168171557562,6.95528548589342,135
"130",2012,10,6.16666666666667,6,6.75,5,NA,NA,6.16666666666667,4,2,0,0,6,1087,730,357,134,443,644,7.05542515179393,7.59537671232877,5.9513225210084,6.03507462686567,7.21168171557562,6.94793810559006,136
"131",2012,11,7.33333333333333,9,8.2,6.25,9,8.25,6.6,5,4,1,4,5,1096,735,361,135,447,649,7.05770724452555,7.59948979591837,5.954631966759,6.05703703703704,7.22097315436242,6.94525753466872,137
"132",2012,12,8.4,10,8.71428571428571,7.66666666666667,7,9.75,7.5,7,3,1,4,6,1106,742,364,136,451,655,7.06984370705244,7.61000673854447,5.96874214285714,6.06397058823529,7.24340354767184,6.95033914503817,138
"133",2013,1,7.9,5,8.83333333333333,6.5,NA,NA,7.9,3,2,0,0,5,1111,745,366,136,451,660,7.0735797839784,7.61493288590604,5.97164519125683,6.06397058823529,7.24340354767184,6.95753354545455,139
"134",2013,2,7.02777777777778,9,8.04166666666667,5,3,5,7.28125,6,3,1,1,8,1120,751,369,137,452,668,7.07321173214286,7.61834221038615,5.96374563685637,6.04160583941606,7.23844026548672,6.96141038922156,140
"135",2013,3,7.1875,8,7.16666666666667,7.2,7,6.16666666666667,7.8,3,5,1,3,5,1128,754,374,138,455,673,7.07402228723404,7.6165450928382,5.98027310160428,6.04855072463768,7.23137362637363,6.96764062407132,141
"136",2013,4,7.29166666666667,12,7.71428571428571,6.7,6,6,7.72222222222222,7,5,3,3,9,1140,761,379,141,458,682,7.07631328070176,7.61744415243101,5.98976817941953,6.04751773049645,7.22330786026201,6.9775984457478,142
"137",2013,5,6.09090909090909,11,6.6,5.66666666666667,6,6.5,6,5,6,3,2,9,1151,766,385,144,460,691,7.06689586446568,7.61080287206266,5.98473283116883,6.04652777777778,7.22016304347826,6.96486561505065,143
"138",2013,6,7.39285714285714,7,8.125,6.41666666666667,6.625,6.625,7.7,4,3,2,2,5,1158,770,388,146,462,696,7.06886626943005,7.61347402597403,5.9880725257732,6.05445205479452,7.21758658008658,6.97014675287356,144
"139",2013,7,7.86666666666667,15,8,7,7,7.91666666666667,7.83333333333333,13,2,1,6,9,1173,783,390,147,468,705,7.07906832054561,7.61989144316731,5.9932618974359,6.0608843537415,7.22654914529914,6.98116615602837,145
"140",2013,8,7.45,10,8.1,6.8,5.66666666666667,6.83333333333333,7.71428571428571,5,5,3,3,7,1183,788,395,150,471,712,7.08220383770076,7.62293781725888,6.0034737721519,6.053,7.22404458598726,6.98837379213483,146
"141",2013,9,7.5,12,8,6.5,4.5,7.75,7.375,8,4,2,4,8,1195,796,399,152,475,720,7.08639928033473,7.62672738693467,6.00845147869674,6.03256578947368,7.22847368421053,6.99266963888889,147
"142",2013,10,7.8,5,6.5,8.66666666666667,8,7,8,2,3,1,1,4,1200,798,402,153,476,724,7.08937261666667,7.62390350877193,6.02828890547264,6.04542483660131,7.22799369747899,6.998235,148
"143",2013,11,7.28888888888889,9,7.66666666666667,6.53333333333333,8,7.66666666666667,7.1,6,3,1,3,6,1209,804,405,154,479,730,7.09085784946237,7.62422263681592,6.03202997530864,6.05811688311688,7.23074112734864,6.99907142465754,149
"144",2013,12,7.8125,8,8.7,6.33333333333333,6,8.5,7.58333333333333,5,3,2,2,6,1217,809,408,156,481,736,7.09560159408381,7.63087144622991,6.03424544117647,6.0573717948718,7.23601871101871,7.00383442934783,150
"145",2014,1,7.55076923076923,13,7.52,7.6,7.66666666666667,6.625,7.96222222222222,8,5,3,4,9,1230,817,413,159,485,745,7.10041230894309,7.62978580171359,6.05320130750605,6.08773584905661,7.2309793814433,7.01541226845638,151
"146",2014,2,6.89285714285714,14,7.72222222222222,5.4,5.5,7.14285714285714,6.64285714285714,9,5,2,7,7,1244,826,418,161,492,752,7.09807647909968,7.63079297820823,6.04538789473684,6.0804347826087,7.2297256097561,7.01194433510638,152
"147",2014,3,6,4,6.33333333333333,5,5,7,5,3,1,1,2,2,1248,829,419,162,494,754,7.09455700320513,7.62609770808203,6.04289293556086,6.07376543209877,7.2287955465587,7.0066076127321,153
"148",2014,4,6.77777777777778,9,7.41666666666667,5.5,5,7.16666666666667,6.58333333333333,6,3,1,3,6,1257,835,422,163,497,760,7.09228889419252,7.62459281437126,6.03903350710901,6.06717791411043,7.22842052313883,7.00326597368421,154
"149",2014,5,7.5,5,8,7.16666666666667,7,7.66666666666667,7.25,2,3,1,3,2,1262,837,425,164,500,762,7.09390423137876,7.62548984468339,6.04699327058824,6.07286585365854,7.23105,7.00391356955381,155
"150",2014,6,6.5,2,7,6,6,NA,6.5,1,1,1,0,2,1264,838,426,165,500,764,7.09296450949367,7.62474343675418,6.04688295774648,6.07242424242424,7.23105,7.00259442408377,156
"151",2014,7,6.5,6,5.66666666666667,7.33333333333333,NA,6,6.6,3,3,0,1,5,1270,841,429,165,501,769,7.0901631023622,7.61775862068965,6.05587911421912,6.07242424242424,7.22859281437126,6.99997677503251,157
"152",2014,8,8.21875,8,8.35,8,9,NA,8.21875,5,3,1,0,8,1278,846,432,166,501,777,7.09722780907668,7.62208628841608,6.0693799537037,6.09006024096386,7.22859281437126,7.01252527670528,158
"153",2014,9,8.08333333333333,6,8.25,7.75,7.75,NA,8.08333333333333,4,2,2,0,6,1284,850,434,168,501,783,7.1018357788162,7.62504117647059,6.07712474654378,6.10982142857143,7.22859281437126,7.02073070242657,159
"154",2014,10,7.625,12,8.05555555555556,6.33333333333333,6,8.75,7.4,9,3,2,2,10,1296,859,437,170,503,793,7.10667989197531,7.62955180442375,6.07888361556064,6.10852941176471,7.2346421471173,7.02551341740227,160
"155",2014,11,6.07142857142857,7,6.125,6,8,4,6.9,4,3,2,2,5,1303,863,440,172,505,798,7.10111829623945,7.62257821552723,6.07834577272727,6.13052325581396,7.22183168316832,7.0247269924812,161
"156",2014,12,6.24166666666667,12,7.41666666666667,5.06666666666667,4.55,4.55,6.58,6,6,2,2,10,1315,869,446,174,507,808,7.09327539163498,7.62115650172612,6.06473573991032,6.11235632183908,7.21129191321499,7.01922294554456,162
"157",2015,1,6.71428571428571,7,6.75,6.66666666666667,6,6.33333333333333,7,4,3,2,3,4,1322,873,449,176,510,812,7.09126863842663,7.61716494845361,6.06875755011136,6.11107954545455,7.20612745098039,7.01912825123153,163
"158",2015,2,7.22666666666667,15,7.71818181818182,5.875,6,7.3,7.20833333333333,11,4,2,3,12,1337,884,453,178,513,824,7.09278768885565,7.61842194570136,6.06704666666667,6.10983146067416,7.20667641325536,7.02188366504854,164
"159",2015,3,6.72727272727273,11,7.57142857142857,5.25,6,6,6.88888888888889,7,4,2,2,9,1348,891,457,180,515,833,7.089805,7.61805274971942,6.05989527352298,6.10861111111111,7.20199029126214,7.02044674669868,165
"160",2015,4,7.41538461538462,13,8.2625,6.06,6,7.375,7.43333333333333,8,5,1,4,9,1361,899,462,181,519,842,7.09291487141807,7.62378754171301,6.05989640692641,6.10801104972376,7.20332369942196,7.02486002375297,166
"161",2015,5,7.90909090909091,11,8.22222222222222,6.5,9,8.75,7.72222222222222,9,2,1,2,9,1372,908,464,182,521,851,7.09945855685131,7.62971916299559,6.06179340517242,6.1239010989011,7.20926103646833,7.03223518213866,167
"162",2015,6,7.63,10,8.61428571428571,5.33333333333333,5,7.64285714285714,7.6,7,3,2,7,3,1382,915,467,184,528,854,7.10329749638205,7.63725136612022,6.05711379014989,6.1116847826087,7.21500946969697,7.03422967213115,168
"163",2015,7,7.27272727272727,11,8.4,6.33333333333333,6.66666666666667,7.16666666666667,7.4,5,6,6,6,5,1393,920,473,190,534,859,7.10463541995693,7.64139673913043,6.06061763213531,6.12921052631579,7.21446629213483,7.03635871944121,169
"164",2015,8,7.72727272727273,11,8,7,NA,8.33333333333333,7.5,8,3,0,3,8,1404,928,476,190,537,867,7.10951363247863,7.64448814655172,6.0665381092437,6.12921052631579,7.22071694599627,7.04063683967705,170
"165",2015,9,8.77777777777778,9,8.8125,8.5,NA,9.83333333333333,8.25,8,1,0,3,6,1413,936,477,190,540,873,7.12013951875442,7.65447115384615,6.07163970649895,6.12921052631579,7.23523148148148,7.0489486139748,171
"166",2015,10,8.675,8,8.48571428571429,10,NA,8.34,9.23333333333333,7,1,0,5,3,1421,943,478,190,545,876,7.12889313159747,7.66064156945917,6.0798580334728,6.12921052631579,7.24536697247706,7.05642938356165,172
"167",2015,11,7.1,9,7.12857142857143,7,NA,7.3,7,7,2,0,3,6,1430,950,480,190,548,882,7.12871128671329,7.65672105263158,6.08369195833333,6.12921052631579,7.24566605839416,7.05604551020408,173
"168",2015,12,7.31666666666667,6,7,7.63333333333333,6.9,NA,7.31666666666667,3,3,1,0,6,1436,953,483,191,548,888,7.12949661559888,7.6546537250787,6.09331706004141,6.13324607329843,7.24566605839416,7.05780646396396,174
"169",2016,1,6,3,6.5,5,5,NA,6,2,1,1,0,3,1439,955,484,192,548,891,7.12714186240445,7.65223560209424,6.09105814049587,6.12734375,7.24566605839416,7.05424482603816,175
"170",2016,2,6.41666666666667,6,7.3,2,NA,6.83333333333333,6,5,1,0,3,3,1445,960,485,192,551,894,7.12419179238754,7.65040104166667,6.08262296907217,6.12734375,7.24342105263158,7.0507070917226,176
"171",2016,3,7.09166666666667,12,7.825,5.625,6,6.16666666666667,8.01666666666667,8,4,1,6,6,1457,968,489,193,557,900,7.12392391214825,7.65184400826446,6.07887963190184,6.12668393782384,7.23182226211849,7.05714682222222,177
"172",2016,4,8,8,8.28571428571429,6,NA,7.5,8.16666666666667,7,1,0,2,6,1465,975,490,193,559,906,7.12870794539249,7.65639487179487,6.07871865306123,6.12668393782384,7.23278175313059,7.06449463576159,178
"173",2016,5,7.18181818181818,11,8.66666666666667,5.4,6.5,6.6,7.66666666666667,6,5,2,5,6,1476,981,495,195,564,912,7.12910375338753,7.66257390417941,6.07186290909091,6.13051282051282,7.2271719858156,7.06845629385965,179
"174",2016,6,7,6,8.33333333333333,5.66666666666667,5,5.75,9.5,3,3,1,4,2,1482,984,498,196,568,914,7.12858106612685,7.66461890243902,6.06942196787149,6.12474489795918,7.21676936619718,7.07377695842451,180
"175",2016,7,7,10,8.66666666666667,6.28571428571429,6.33333333333333,8,6.75,3,7,3,2,8,1492,987,505,199,570,922,7.12771926273458,7.66766464032421,6.07242007920792,6.12788944723618,7.21951754385965,7.07096761388286,181
"176",2016,8,7.66666666666667,9,8.83333333333333,5.33333333333333,5.5,6.33333333333333,8.33333333333333,6,3,2,3,6,1501,993,508,201,573,928,7.13095079280479,7.67470795568983,6.06805539370079,6.12164179104478,7.21487783595113,7.0791294612069,182
"177",2016,9,7.375,8,7.75,7,7,7.5,7.25,4,4,1,4,4,1509,997,512,202,577,932,7.13224462557985,7.67501003009027,6.0753362109375,6.1259900990099,7.21685441941074,7.0798628111588,183
"178",2016,10,7.7,10,7.77777777777778,7,7,8,7.625,9,1,1,2,8,1519,1006,513,203,579,940,7.13598231731402,7.67592942345924,6.07713867446394,6.13029556650246,7.21955958549223,7.08450227659575,184
"179",2016,11,8.53571428571429,7,9,8.1875,10,9.25,8,3,4,1,3,4,1526,1009,517,204,582,944,7.14240310615989,7.67986620416254,6.09346642166344,6.14926470588235,7.23002577319588,7.08838150423729,185
"180",2016,12,7.14285714285714,7,7.66666666666667,6.75,9,9.5,6.2,3,4,1,2,5,1533,1012,521,205,584,949,7.14240517938682,7.67982707509881,6.0985069865643,6.16317073170732,7.23779965753425,7.08370088514226,186
"181",2017,1,7.5,10,7.55555555555556,7,NA,8,7.375,9,1,0,2,8,1543,1021,522,205,586,957,7.14472270900842,7.67873163565132,6.10023398467433,6.16317073170732,7.24040102389078,7.08613598746082,187
"182",2017,2,7.54545454545455,11,7.25,8.33333333333333,8,9.5,7.11111111111111,8,3,2,2,9,1554,1029,525,207,588,966,7.14755929214929,7.67539844509232,6.11299455238095,6.18091787439614,7.24808673469388,7.08636867494824,188
"183",2017,3,6.14285714285714,7,6.5,5.66666666666667,5,8,5.83333333333333,4,3,1,1,6,1561,1033,528,208,589,972,7.14305390134529,7.67084704743466,6.11045859848485,6.17524038461539,7.24936332767402,7.07863388888889,189
"184",2017,4,8.44444444444444,9,8.625,7,7,7,8.625,8,1,1,1,8,1570,1041,529,209,590,980,7.15051410191083,7.67817963496638,6.11214015122873,6.17918660287082,7.2489406779661,7.09125728571429,190
"185",2017,5,7.9375,8,8.4,7.16666666666667,6.5,8,7.91666666666667,5,3,1,2,6,1578,1046,532,210,592,986,7.15450389100127,7.68163001912046,6.11808672932331,6.18071428571429,7.25147804054054,7.09628006085193,191
"186",2017,6,7,6,7,7,NA,6.5,7.25,5,1,0,2,4,1584,1051,533,210,594,990,7.1539186489899,7.67838725023787,6.11974135084428,6.18071428571429,7.24894781144781,7.09690115151515,192
"187",2017,7,7.45,10,7.78571428571429,6.66666666666667,7,8.75,7.125,7,3,1,2,8,1594,1058,536,211,596,998,7.1557761229611,7.67909735349716,6.1228025,6.18459715639811,7.25398489932886,7.09712639278557,193
"188",2017,8,8.1,9,8.55714285714286,6.5,7.7,8.96666666666667,7.66666666666667,7,2,2,3,6,1603,1065,538,213,599,1004,7.16107744229569,7.68486854460094,6.12420472118959,6.19882629107981,7.26256260434057,7.10053001992032,194
"189",2017,9,8.25,8,8.2,8.33333333333333,7,7,8.42857142857143,5,3,1,1,7,1611,1070,541,214,600,1011,7.16648487895717,7.68727570093458,6.13645497227357,6.20257009345795,7.262125,7.10972516320475,195
"190",2017,10,7.26,5,7.43333333333333,7,NA,9.8,6.625,3,2,0,1,4,1616,1073,543,214,601,1015,7.16677422029703,7.68656570363467,6.13963561694291,6.20257009345795,7.26634775374376,7.10781491625616,196
"191",2017,11,7.1,10,7.71428571428571,5.66666666666667,4,8,7,7,3,1,1,9,1626,1080,546,215,602,1024,7.16636355473555,7.68674537037037,6.13703688644689,6.19232558139535,7.26756644518272,7.10686732421875,197
"192",2017,12,7,7,7.6,5.5,8,10,6.5,5,2,1,1,6,1633,1085,548,216,603,1030,7.16565042253521,7.68634562211981,6.13471193430657,6.20069444444445,7.27209784411277,7.10333217475728,198
"193",2018,1,8.5,4,8.5,NA,NA,NA,8.5,4,0,0,0,4,1637,1089,548,216,603,1034,7.16891089798411,7.68933425160698,6.13471193430657,6.20069444444445,7.27209784411277,7.1087351450677,199
"194",2018,2,6.61428571428571,7,7.83333333333333,5.7,2,8,6.38333333333333,3,4,1,1,6,1644,1092,552,217,604,1040,7.16654935523114,7.68972985347985,6.13156184782609,6.18133640552996,7.27330298013245,7.10455013461539,200
"195",2018,3,7.4,5,8.75,2,NA,10,6.75,4,1,0,1,4,1649,1096,553,217,605,1044,7.16725721043056,7.69359945255474,6.12409066907776,6.18133640552996,7.27780991735537,7.10319170498084,201
"196",2018,4,6.375,12,7.35714285714286,5,7,6.1,6.46666666666667,7,5,3,3,9,1661,1103,558,220,608,1053,7.16153349789283,7.69146418857661,6.11401817204301,6.1925,7.27199835526316,7.09775132003799,202
"197",2018,5,8,2,8,NA,NA,NA,8,2,0,0,0,2,1663,1105,558,220,608,1055,7.16254187612748,7.69202262443439,6.11401817204301,6.1925,7.27199835526316,7.09946174407583,203
"198",2018,6,8.05,10,8.14285714285714,7.83333333333333,7.83333333333333,7.5,8.41666666666667,7,3,3,4,6,1673,1112,561,223,612,1061,7.16784646742379,7.69486061151079,6.12321237076649,6.21457399103139,7.2734885620915,7.10691059377945,204
"199",2018,7,6,4,6,6,4.5,7,3,1,3,2,3,1,1677,1113,564,225,615,1062,7.16506090638044,7.69333782569631,6.1225569858156,6.19933333333334,7.27215447154472,7.10304344632768,205
"200",2018,8,7.71428571428571,14,7.76923076923077,7,7,7.33333333333333,8,13,1,1,6,8,1691,1126,565,226,621,1070,7.16960800709639,7.69421403197158,6.12410998230089,6.20287610619469,7.27274557165862,7.1097496635514,206
"201",2018,9,6.92857142857143,7,6.7,7.5,NA,7.25,6.8,5,2,0,2,5,1698,1131,567,226,623,1075,7.16861433451119,7.68981874447392,6.12896320987654,6.20287610619469,7.27267255216693,7.10830896744186,207
"202",2018,10,5.53571428571429,7,6.25,4.58333333333333,NA,5,5.625,4,3,0,1,6,1705,1135,570,226,624,1081,7.16191034604105,7.68474449339207,6.12082831578947,6.20287610619469,7.26903044871795,7.10007598519889,208
"203",2018,11,7.70833333333333,12,7.83333333333333,7.58333333333333,8,7,7.94444444444444,6,6,4,3,9,1717,1141,576,230,627,1090,7.1657292603378,7.68552585451358,6.13606274305556,6.23413043478261,7.26774322169059,7.10704783486239,209
"204",2018,12,7.66666666666667,9,7.83333333333333,7.33333333333333,8,7.33333333333333,7.83333333333333,6,3,1,3,6,1726,1147,579,231,630,1096,7.16834133256083,7.68629904097646,6.14226621761658,6.24177489177489,7.26805555555556,7.11102385036496,210
"205",2019,1,8,11,9.33333333333333,6.4,5,7.2,8.66666666666667,6,5,2,5,6,1737,1153,584,233,635,1102,7.17360802533103,7.6948699045967,6.14447284246575,6.23111587982833,7.26751968503937,7.11949377495463,211
"206",2019,2,8.66666666666667,9,8.25,9.5,9.25,8.75,8.64285714285714,6,3,2,2,7,1746,1159,587,235,637,1109,7.18130420389461,7.69774374460742,6.16162204429302,6.2568085106383,7.27217425431711,7.12910923354373,212
"207",2019,3,7.125,8,7.66666666666667,6.8,6,7,7.25,3,5,2,4,4,1754,1162,592,237,641,1113,7.18104740022805,7.69766351118761,6.16701375,6.25464135021097,7.27047581903276,7.1295437017071,213
"208",2019,4,7.5,6,7,8.5,7,8.5,7,4,2,2,2,4,1760,1166,594,239,643,1117,7.18213473863636,7.69527015437393,6.17486892255892,6.26087866108787,7.274300155521,7.12907980304387,214
"209",2019,5,7.2,5,7.5,7,NA,9,6,2,3,0,2,3,1765,1168,597,239,645,1120,7.18218534844192,7.69493578767123,6.17901530988275,6.26087866108787,7.2796511627907,7.12605548214286,215
"210",2019,6,6.83333333333333,6,7.5,5.5,NA,8,5.66666666666667,4,2,0,3,3,1771,1172,599,239,648,1123,7.18100346696781,7.6942704778157,6.17674814691152,6.26087866108787,7.28298611111111,7.1221568477293,216
"211",2019,7,8.4,5,8,10,NA,10,8,4,1,0,1,4,1776,1176,600,239,649,1127,7.18443532657657,7.69531037414966,6.18312023333333,6.26087866108787,7.28717257318952,7.12527252883762,217
"212",2019,8,8.198,10,8.1225,8.5,7,9.196,7.2,8,2,1,5,5,1786,1184,602,240,654,1132,7.19011038073908,7.69819679054054,6.19081750830565,6.26395833333333,7.30176605504587,7.12560259717314,218
"213",2019,9,6.88857142857143,7,8.5,6.244,NA,9,6.53666666666667,2,5,0,1,6,1793,1186,607,240,655,1138,7.18893315114333,7.69954890387858,6.19125558484349,6.26395833333333,7.30435877862595,7.12249748681898,219
"214",2019,10,7.75,6,9,5.25,NA,9,7.125,4,2,0,2,4,1799,1190,609,240,657,1142,7.19080441356309,7.70392016806722,6.18816443349754,6.26395833333333,7.3095205479452,7.12250625218914,220
"215",2019,11,9.2,5,9.2,NA,NA,10,9,5,0,0,1,4,1804,1195,609,240,658,1146,7.19637313747228,7.71017991631799,6.18816443349754,6.26395833333333,7.3136094224924,7.12905945898778,221
"216",2019,12,6.81818181818182,11,7,6.33333333333333,6.33333333333333,7,6.77777777777778,8,3,3,2,9,1815,1203,612,243,660,1155,7.19408106887052,7.70545719035744,6.18887604575163,6.26481481481482,7.31265909090909,7.1263221991342,222
"217",2020,1,6.45454545454545,11,7.28571428571429,5,5,6,6.55555555555556,7,4,2,2,9,1826,1210,616,245,662,1164,7.18962603504928,7.70302892561983,6.18115607142857,6.25448979591837,7.30869335347432,7.12190905498282,223
"218",2020,2,6.1,5,7.83333333333333,3.5,3,3.5,7.83333333333333,3,2,1,2,3,1831,1213,618,246,664,1167,7.18665054068815,7.70335119538334,6.17247919093851,6.24126016260163,7.29722138554217,7.12373790916881,224
"219",2020,3,6.34285714285714,7,6.25,6.38,6,6.16666666666667,6.475,2,5,2,3,4,1838,1215,623,248,667,1171,7.1834369640914,7.70095884773662,6.17414468699839,6.23931451612903,7.29213643178411,7.12152189581554,225
"220",2020,4,7.22222222222222,9,9.33333333333333,6.16666666666667,5.66666666666667,7.66666666666667,7,3,6,3,3,6,1847,1218,629,251,670,1177,7.18362595560368,7.70497947454844,6.174073354531,6.23247011952191,7.29381343283582,7.12090241291419,226
"221",2020,5,7.09090909090909,11,7.5,6,NA,7.25,7.05555555555556,8,3,0,2,9,1858,1226,632,251,672,1186,7.18307703982777,7.70364192495921,6.17324705696202,6.23247011952191,7.29368303571429,7.12040652613828,227
"222",2020,6,8.16666666666667,6,9,6.5,NA,8.5,8,4,2,0,2,4,1864,1230,634,251,674,1190,7.18624310085837,7.70785772357723,6.17427782334385,6.23247011952191,7.29726261127596,7.12336314285714,228
"223",2020,7,8,10,8.625,5.5,5,8.25,7.83333333333333,8,2,1,4,6,1874,1238,636,252,678,1196,7.19058545357524,7.71378432956381,6.17215745283019,6.22757936507937,7.30288348082596,7.12692486622074,229
"224",2020,8,7.58333333333333,6,8.875,5,5,8.16666666666667,7,4,2,2,3,3,1880,1242,638,254,681,1199,7.19183890425532,7.71752415458937,6.16848297805643,6.21791338582677,7.30668869309838,7.12660728940784,230
"225",2020,9,7.75,2,7.75,NA,NA,10,5.5,2,0,0,1,1,1882,1244,638,254,682,1200,7.19243206163655,7.71757636655948,6.16848297805643,6.21791338582677,7.31063782991202,7.12525178333333,231
"226",2020,10,7.0875,8,7.8,5.9,5.85,6.33333333333333,7.54,5,3,2,3,5,1890,1249,641,256,685,1205,7.1919879047619,7.71790632506005,6.1672264274571,6.2150390625,7.30635766423358,7.12697273029046,232
"227",2020,11,6.08333333333333,12,6.88888888888889,3.66666666666667,3.5,6.5,5.875,9,3,2,4,8,1902,1258,644,258,689,1213,7.18499323869611,7.71197535771065,6.15557785714286,6.19399224806202,7.3016763425254,7.11871569661995,233
"228",2020,12,7.5,4,8.33333333333333,5,5,7,8,3,1,1,2,2,1906,1261,645,259,691,1215,7.18565432318992,7.71345360824742,6.15378626356589,6.18938223938224,7.30080318379161,7.12016637037037,234
"229",2021,1,8.58333333333333,6,8.58333333333333,NA,NA,7.5,8.8,6,0,0,1,5,1912,1267,645,259,692,1220,7.19004034518828,7.71757300710339,6.15378626356589,6.18938223938224,7.30109104046243,7.12705093442623,235
"230",2021,2,7.83875,8,8.625,7.0525,7.40333333333333,9,7.67285714285714,4,4,3,1,7,1920,1271,649,262,693,1227,7.19274330208333,7.72042879622344,6.15932533127889,6.20328244274809,7.30354256854257,7.13016474327628,236
"231",2021,3,7.75,6,8.33333333333333,7.16666666666667,4,7,8.125,3,3,1,2,4,1926,1274,652,263,695,1231,7.19447930425753,7.72187205651491,6.16396033742331,6.19490494296578,7.3026690647482,7.13339735174655,237
"232",2021,4,7.83333333333333,9,8.64285714285714,5,NA,9.125,6.8,7,2,0,4,5,1935,1281,654,263,699,1236,7.19745071834625,7.72690476190476,6.16040082568807,6.19490494296578,7.31309728183119,7.13204865695793,238
"233",2021,5,6.61666666666667,6,8.425,3,3,5.66666666666667,7.56666666666667,4,2,2,3,3,1941,1285,656,265,702,1239,7.1956554044307,7.72907782101167,6.15076545731707,6.17079245283019,7.30606125356125,7.1331010008071,239
"234",2021,6,7.95454545454545,11,8.11111111111111,7.25,7.25,8.42857142857143,7.125,9,2,2,7,4,1952,1294,658,267,709,1243,7.19993193647541,7.73173493044822,6.15410659574468,6.17887640449438,7.31714386459802,7.13307493161706,240
"235",2021,7,8.86333333333333,9,8.97125,8,NA,9.4425,8.4,8,1,0,4,5,1961,1302,659,267,713,1248,7.20756610912799,7.7393509984639,6.15690764795144,6.17887640449438,7.32906732117812,7.13815075320513,241
"236",2021,8,7.69857142857143,7,8.778,5,5,4.945,8.8,5,2,2,2,5,1968,1307,661,269,715,1253,7.20931257113821,7.74332440703902,6.1534071709531,6.17011152416357,7.3223986013986,7.14478223463687,242
"237",2021,9,6,2,6,NA,NA,9,3,2,0,0,1,1,1970,1309,661,269,716,1254,7.20808484263959,7.74066080977846,6.1534071709531,6.17011152416357,7.32474162011173,7.14147698564593,243
"238",2021,10,8.83333333333333,3,10,6.5,NA,6.5,10,2,1,0,1,2,1973,1311,662,269,717,1256,7.21055607704004,7.74410755148741,6.15393072507553,6.17011152416357,7.32359135285914,7.14602877388535,244
"239",2021,11,7.07142857142857,7,7,7.125,6,7,7.08333333333333,3,4,1,1,6,1980,1314,666,270,718,1262,7.21006421212121,7.74240867579909,6.15976297297297,6.16948148148148,7.32314066852368,7.14573069730586,245
"240",2021,12,8.44444444444444,9,8.85714285714286,7,4,8,8.66666666666667,7,2,1,3,6,1989,1321,668,271,721,1268,7.2156496430367,7.74831566994701,6.16227865269461,6.16147601476015,7.32595700416089,7.15292755520505,246
"241",2022,1,8.16666666666667,6,8.8,5,5,8.5,8,5,1,1,2,4,1995,1326,669,272,723,1272,7.21850984461153,7.75228129713424,6.16054131539611,6.15720588235294,7.32920470262794,7.15559130503145,247
"242",2022,2,8.41666666666667,9,7.91666666666667,8.66666666666667,6,8,8.46875,3,6,1,1,8,2004,1329,675,273,724,1280,7.22389078842315,7.75265237020316,6.18281798518518,6.15663003663004,7.33013121546961,7.163798546875,248
"243",2022,3,7.58333333333333,6,9.83333333333333,5.33333333333333,5.5,5,8.1,3,3,2,1,5,2010,1332,678,275,725,1285,7.22496375124378,7.75733858858859,6.17905920353982,6.15185454545455,7.32691724137931,7.1674413540856,249
"244",2022,4,8.84777777777778,9,8.84777777777778,NA,NA,10,8.70375,9,0,0,1,8,2019,1341,678,275,726,1293,7.23219769192669,7.76465697240865,6.17905920353982,6.15185454545455,7.33059917355372,7.17694674400619,250
"245",2022,5,7.32352941176471,17,7.57692307692308,6.5,7,7.9,7.08333333333333,13,4,1,5,12,2036,1354,682,276,731,1305,7.2329602848723,7.76285450516986,6.1809415542522,6.15492753623189,7.33449384404925,7.17608593103448,251
"246",2022,6,8.15,6,9.5,7.475,6,8,8.225,2,4,1,2,4,2042,1356,686,277,733,1309,7.23565481880509,7.76541666666666,6.1884870845481,6.15436823104693,7.33630968622101,7.17929116883117,252
"247",2022,7,8.85714285714286,7,8.75,9,NA,9.5,8.6,4,3,0,2,5,2049,1360,689,277,735,1314,7.24119430941923,7.7683125,6.20072879535559,6.15436823104693,7.34219727891157,7.18469721461187,253
"248",2022,8,9.66666666666667,6,9.75,9.5,NA,9.5,9.75,4,2,0,2,4,2055,1364,691,277,737,1318,7.24827598053528,7.77412390029325,6.21027806078148,6.15436823104693,7.34805291723202,7.19248265553869,254
