"","year","month","avg_rating","no_ratings","avg_rating_owned","avg_rating_not_owned","avg_rating_prev_owned","avg_rating_comment","avg_rating_no_comment","no_ratings_owned","no_ratings_not_owned","no_ratings_prev_owned","no_ratings_comment","no_ratings_no_comment","cum_no_ratings","cum_no_ratings_owned","cum_no_ratings_not_owned","cum_no_ratings_prev_owned","cum_no_ratings_comment","cum_no_ratings_no_comment","cum_avg_rating","cum_avg_rating_owned","cum_avg_rating_not_owned","cum_avg_rating_prev_owned","cum_avg_rating_comment","cum_avg_rating_no_comment","month_after_release"
"1",2001,6,7.5,4,7.66666666666667,7,NA,9,7,3,1,0,1,3,4,3,1,0,1,3,7.5,7.66666666666667,7,NA,9,7,0
"2",2001,9,8,2,8,NA,NA,9,7,2,0,0,1,1,6,5,1,0,2,4,7.66666666666667,7.8,7,NA,9,7,3
"3",2002,2,8.66666666666667,3,8.66666666666667,NA,NA,9,8,3,0,0,2,1,9,8,1,0,4,5,8,8.125,7,NA,9,7.2,8
"4",2002,3,7,1,7,NA,NA,NA,7,1,0,0,0,1,10,9,1,0,4,6,7.9,8,7,NA,9,7.16666666666667,9
"5",2002,4,6.5,2,8,5,NA,8,5,1,1,0,1,1,12,10,2,0,5,7,7.66666666666667,8,6,NA,8.8,6.85714285714286,10
"6",2002,5,8,2,8,8,NA,NA,8,1,1,0,0,2,14,11,3,0,5,9,7.71428571428571,8,6.66666666666667,NA,8.8,7.11111111111111,11
"7",2002,6,7.16666666666667,3,7.16666666666667,NA,NA,NA,7.16666666666667,3,0,0,0,3,17,14,3,0,5,12,7.61764705882353,7.82142857142857,6.66666666666667,NA,8.8,7.125,12
"8",2002,8,7.66666666666667,3,7.66666666666667,NA,NA,NA,7.66666666666667,3,0,0,0,3,20,17,3,0,5,15,7.625,7.79411764705882,6.66666666666667,NA,8.8,7.23333333333333,14
"9",2002,10,7.5,2,NA,7.5,8,8,7,0,2,1,1,1,22,17,5,1,6,16,7.61363636363636,7.79411764705882,7,8,8.66666666666667,7.21875,16
"10",2002,11,7.8,5,7.66666666666667,8,NA,7.66666666666667,8,3,2,0,3,2,27,20,7,1,9,18,7.64814814814815,7.775,7.28571428571429,8,8.33333333333333,7.30555555555556,17
"11",2002,12,8,1,8,NA,NA,NA,8,1,0,0,0,1,28,21,7,1,9,19,7.66071428571429,7.78571428571429,7.28571428571429,8,8.33333333333333,7.34210526315789,18
"12",2003,1,8,3,8.5,7,NA,NA,8,2,1,0,0,3,31,23,8,1,9,22,7.69354838709677,7.84782608695652,7.25,8,8.33333333333333,7.43181818181818,19
"13",2003,2,8.33333333333333,3,8.33333333333333,NA,NA,NA,8.33333333333333,3,0,0,0,3,34,26,8,1,9,25,7.75,7.90384615384615,7.25,8,8.33333333333333,7.54,20
"14",2003,3,8,1,8,NA,NA,NA,8,1,0,0,0,1,35,27,8,1,9,26,7.75714285714286,7.90740740740741,7.25,8,8.33333333333333,7.55769230769231,21
"15",2003,4,8.66666666666667,3,8.66666666666667,NA,NA,10,8,3,0,0,1,2,38,30,8,1,10,28,7.82894736842105,7.98333333333333,7.25,8,8.5,7.58928571428571,22
"16",2003,5,9.5,2,9.5,NA,NA,NA,9.5,2,0,0,0,2,40,32,8,1,10,30,7.9125,8.078125,7.25,8,8.5,7.71666666666667,23
"17",2003,6,7,2,5,9,NA,5,9,1,1,0,1,1,42,33,9,1,11,31,7.86904761904762,7.98484848484848,7.44444444444444,8,8.18181818181818,7.75806451612903,24
"18",2003,7,7.5,12,7.5,7.5,NA,7.5,7.5,9,3,0,3,9,54,42,12,1,14,40,7.78703703703704,7.88095238095238,7.45833333333333,8,8.03571428571429,7.7,25
"19",2003,8,7.28571428571429,7,7.8,6,NA,9,7,5,2,0,1,6,61,47,14,1,15,46,7.72950819672131,7.87234042553191,7.25,8,8.1,7.60869565217391,26
"20",2003,9,8.75,4,8.75,NA,NA,NA,8.75,4,0,0,0,4,65,51,14,1,15,50,7.79230769230769,7.94117647058824,7.25,8,8.1,7.7,27
"21",2003,10,8.2,5,8.75,6,NA,10,7.75,4,1,0,1,4,70,55,15,1,16,54,7.82142857142857,8,7.16666666666667,8,8.21875,7.7037037037037,28
"22",2003,11,8,2,8,NA,NA,9,7,2,0,0,1,1,72,57,15,1,17,55,7.82638888888889,8,7.16666666666667,8,8.26470588235294,7.69090909090909,29
"23",2003,12,5.5,2,9,2,NA,9,2,1,1,0,1,1,74,58,16,1,18,56,7.76351351351351,8.01724137931035,6.84375,8,8.30555555555556,7.58928571428571,30
"24",2004,1,8.5,3,8.5,NA,NA,9,8.25,3,0,0,1,2,77,61,16,1,19,58,7.79220779220779,8.04098360655738,6.84375,8,8.3421052631579,7.61206896551724,31
"25",2004,2,9,2,9,NA,NA,NA,9,2,0,0,0,2,79,63,16,1,19,60,7.82278481012658,8.07142857142857,6.84375,8,8.3421052631579,7.65833333333333,32
"26",2004,3,8,2,8,8,NA,NA,8,1,1,0,0,2,81,64,17,1,19,62,7.82716049382716,8.0703125,6.91176470588235,8,8.3421052631579,7.66935483870968,33
"27",2004,4,7.16666666666667,6,8.75,4,NA,7.33333333333333,7,4,2,0,3,3,87,68,19,1,22,65,7.7816091954023,8.11029411764706,6.60526315789474,8,8.20454545454546,7.63846153846154,34
"28",2004,5,8.875,4,8.875,NA,NA,8.875,NA,4,0,0,4,0,91,72,19,1,26,65,7.82967032967033,8.15277777777778,6.60526315789474,8,8.30769230769231,7.63846153846154,35
"29",2004,6,7,5,8,5.5,10,4.5,8.66666666666667,3,2,1,2,3,96,75,21,2,28,68,7.78645833333333,8.14666666666667,6.5,9,8.03571428571429,7.68382352941176,36
"30",2004,7,8.5,2,8.5,NA,NA,9,8,2,0,0,1,1,98,77,21,2,29,69,7.80102040816327,8.15584415584416,6.5,9,8.06896551724138,7.68840579710145,37
"31",2004,8,8.91666666666667,6,9.2,7.5,NA,9.1,8,5,1,0,5,1,104,82,22,2,34,70,7.86538461538461,8.21951219512195,6.54545454545455,9,8.22058823529412,7.69285714285714,38
"32",2004,9,7.66666666666667,3,7.66666666666667,NA,NA,NA,7.66666666666667,3,0,0,0,3,107,85,22,2,34,73,7.85981308411215,8.2,6.54545454545455,9,8.22058823529412,7.69178082191781,39
"33",2004,10,8,7,8,NA,NA,8.66666666666667,7.5,7,0,0,3,4,114,92,22,2,37,77,7.86842105263158,8.18478260869565,6.54545454545455,9,8.25675675675676,7.68181818181818,40
"34",2004,11,8.7,10,8.7,NA,NA,9,8.57142857142857,10,0,0,3,7,124,102,22,2,40,84,7.93548387096774,8.23529411764706,6.54545454545455,9,8.3125,7.75595238095238,41
"35",2004,12,8.375,8,8.375,NA,NA,8.125,8.625,8,0,0,4,4,132,110,22,2,44,88,7.96212121212121,8.24545454545454,6.54545454545455,9,8.29545454545455,7.79545454545455,42
"36",2005,1,8.88888888888889,9,8.88888888888889,NA,NA,9,8.83333333333333,9,0,0,3,6,141,119,22,2,47,94,8.02127659574468,8.29411764705882,6.54545454545455,9,8.34042553191489,7.86170212765957,43
"37",2005,2,6.75,8,8.33333333333333,5.8,NA,6.8,6.66666666666667,3,5,0,5,3,149,122,27,2,52,97,7.95302013422819,8.29508196721311,6.40740740740741,9,8.19230769230769,7.82474226804124,44
"38",2005,3,9.08333333333333,6,9.3,8,NA,9.33333333333333,8.83333333333333,5,1,0,3,3,155,127,28,2,55,100,7.99677419354839,8.33464566929134,6.46428571428571,9,8.25454545454545,7.855,45
"39",2005,4,8.25,4,8.5,8,10,6,9,2,2,1,1,3,159,129,30,3,56,103,8.00314465408805,8.33720930232558,6.56666666666667,9.33333333333333,8.21428571428571,7.88834951456311,46
"40",2005,5,8.63636363636364,11,8.63636363636364,NA,NA,9.16666666666667,8,11,0,0,6,5,170,140,30,3,62,108,8.04411764705882,8.36071428571429,6.56666666666667,9.33333333333333,8.30645161290323,7.89351851851852,47
"41",2005,6,8.54166666666667,12,8.65,8,NA,8.3,8.71428571428571,10,2,0,5,7,182,150,32,3,67,115,8.07692307692308,8.38,6.65625,9.33333333333333,8.30597014925373,7.94347826086956,48
"42",2005,7,8.8,5,9,8,8,9.25,7,4,1,1,4,1,187,154,33,4,71,116,8.09625668449198,8.3961038961039,6.6969696969697,9,8.35915492957746,7.93534482758621,49
"43",2005,8,8.25,10,9.07142857142857,6.33333333333333,7,8.92857142857143,6.66666666666667,7,3,1,7,3,197,161,36,5,78,119,8.10406091370558,8.42546583850932,6.66666666666667,8.6,8.41025641025641,7.90336134453782,50
"44",2005,9,9.14285714285714,7,9.14285714285714,NA,NA,9.25,9,7,0,0,4,3,204,168,36,5,82,122,8.13970588235294,8.45535714285714,6.66666666666667,8.6,8.45121951219512,7.93032786885246,51
"45",2005,10,8.45,4,8.45,NA,NA,10,7.93333333333333,4,0,0,1,3,208,172,36,5,83,125,8.14567307692308,8.45523255813954,6.66666666666667,8.6,8.46987951807229,7.9304,52
"46",2005,11,8.65,10,9.08333333333333,8,8,8.83333333333333,8.57142857142857,6,4,1,3,7,218,178,40,6,86,132,8.16880733944954,8.47640449438202,6.8,8.5,8.48255813953488,7.96439393939394,53
"47",2005,12,7.32142857142857,14,7.5,7,NA,8,7.05,9,5,0,4,10,232,187,45,6,90,142,8.1176724137931,8.42941176470588,6.82222222222222,8.5,8.46111111111111,7.9,54
"48",2006,1,8.38181818181818,11,9.02222222222222,5.5,NA,9.07142857142857,7.175,9,2,0,7,4,243,196,47,6,97,146,8.12962962962963,8.45663265306122,6.76595744680851,8.5,8.50515463917526,7.88013698630137,55
"49",2006,2,7.75,4,8.66666666666667,5,NA,5,8.66666666666667,3,1,0,1,3,247,199,48,6,98,149,8.12348178137652,8.45979899497487,6.72916666666667,8.5,8.46938775510204,7.89597315436242,56
"50",2006,3,7.90909090909091,11,7.90909090909091,NA,NA,8.33333333333333,7.75,11,0,0,3,8,258,210,48,6,101,157,8.11434108527132,8.43095238095238,6.72916666666667,8.5,8.46534653465346,7.88853503184713,57
"51",2006,4,9.05,6,8.86,10,NA,8.15,9.5,5,1,0,2,4,264,215,49,6,103,161,8.13560606060606,8.44093023255814,6.79591836734694,8.5,8.45922330097087,7.92857142857143,58
"52",2006,5,8.41666666666667,6,8.625,8,NA,8.75,8.25,4,2,0,2,4,270,219,51,6,105,165,8.14185185185185,8.44429223744292,6.84313725490196,8.5,8.4647619047619,7.93636363636364,59
"53",2006,6,8.64,5,8.55,9,NA,9.1,8.33333333333333,4,1,0,2,3,275,223,52,6,107,168,8.15090909090909,8.44618834080717,6.88461538461539,8.5,8.47663551401869,7.94345238095238,60
"54",2006,7,8.5,9,8.5,8.5,9,8.5,8.5,6,3,1,3,6,284,229,55,7,110,174,8.16197183098592,8.44759825327511,6.97272727272727,8.57142857142857,8.47727272727272,7.96264367816092,61
"55",2006,8,8.6875,8,8.5,10,NA,9.25,8.125,7,1,0,4,4,292,236,56,7,114,178,8.1763698630137,8.44915254237288,7.02678571428571,8.57142857142857,8.50438596491228,7.96629213483146,62
"56",2006,9,8.41666666666667,6,8.5,8,NA,NA,8.41666666666667,5,1,0,0,6,298,241,57,7,114,184,8.18120805369128,8.45020746887967,7.04385964912281,8.57142857142857,8.50438596491228,7.98097826086957,63
"57",2006,10,8.2,5,8,9,NA,8,8.33333333333333,4,1,0,2,3,303,245,58,7,116,187,8.18151815181518,8.44285714285714,7.07758620689655,8.57142857142857,8.49568965517241,7.98663101604278,64
"58",2006,11,7.375,8,7.5,7.33333333333333,7,7,7.75,2,6,1,4,4,311,247,64,8,120,191,8.16077170418006,8.43522267206477,7.1015625,8.375,8.44583333333333,7.98167539267016,65
"59",2006,12,8.45,10,8.61111111111111,7,NA,9,7.9,9,1,0,5,5,321,256,65,8,125,196,8.16978193146417,8.44140625,7.1,8.375,8.468,7.97959183673469,66
"60",2007,1,7.875,12,8.57142857142857,6.9,NA,8.33333333333333,7.41666666666667,7,5,0,6,6,333,263,70,8,131,202,8.15915915915916,8.44486692015209,7.08571428571429,8.375,8.4618320610687,7.96287128712871,67
"61",2007,2,9.05106571428571,14,9.15,8.80373,10,9.21428571428571,8.88784571428571,10,4,1,7,7,347,273,74,9,138,209,8.19514386167147,8.47069597069597,7.17858,8.55555555555556,8.5,7.99385129186603,68
"62",2007,3,7.6,10,8.22222222222222,2,NA,8.4,6.8,9,1,0,5,5,357,282,75,9,143,214,8.17847316526611,8.46276595744681,7.10953226666667,8.55555555555556,8.49650349650349,7.96595757009346,69
"63",2007,4,8.27777777777778,9,8.6875,5,NA,7,8.64285714285714,8,1,0,2,7,366,290,76,9,145,221,8.18091508196721,8.46896551724138,7.08177526315789,8.55555555555556,8.47586206896551,7.9873978280543,70
"64",2007,5,7.25,10,7.5,7,7.5,7.91666666666667,6.25,5,5,2,6,4,376,295,81,11,151,225,8.15615670212766,8.45254237288135,7.07672740740741,8.36363636363636,8.45364238410596,7.95651075555555,71
"65",2007,6,7.05555555555556,9,7.41666666666667,6.33333333333333,7,6.5,7.5,6,3,1,4,5,385,301,84,12,155,230,8.13042836363636,8.43189368770764,7.05017761904762,8.25,8.40322580645161,7.94658660869565,72
"66",2007,7,8.27272727272727,11,8.66666666666667,7.8,8.5,8.25,8.28571428571429,6,5,2,4,7,396,307,89,14,159,237,8.13438111111111,8.43648208469055,7.09230247191011,8.28571428571429,8.39937106918239,7.95660303797468,73
"67",2007,8,7.83333333333333,6,8,7.5,7.5,10,7.4,4,2,2,1,5,402,311,91,16,160,242,8.12988786069652,8.43086816720257,7.10126285714286,8.1875,8.409375,7.94510297520661,74
"68",2007,9,8.69,10,8.58333333333333,8.85,8,8.875,8.56666666666667,6,4,1,4,6,412,317,95,17,164,248,8.14348281553398,8.43375394321766,7.17489389473684,8.17647058823529,8.42073170731707,7.96014080645161,75
"69",2007,10,8.275,20,8.16666666666667,8.6,NA,8.2,8.3,15,5,0,5,15,432,332,100,17,169,263,8.14957157407407,8.42168674698795,7.2461492,8.17647058823529,8.41420118343195,7.97952441064639,76
"70",2007,11,8.27446808510638,47,8.55277777777778,7.36363636363636,7.83333333333333,8.35185185185185,8.17,36,11,6,27,20,479,368,111,23,196,283,8.16182655532359,8.43451086956522,7.25779207207207,8.08695652173913,8.40561224489796,7.99298558303887,77
"71",2007,12,7.83571428571429,56,8.27560975609756,6.63333333333333,8.2,7.69642857142857,7.975,41,15,5,28,28,535,409,126,28,224,311,8.12769143925234,8.41858190709046,7.18345174603175,8.10714285714286,8.31696428571428,7.99136630225081,78
"72",2008,1,7.91525423728814,59,8.26315789473684,7.28571428571429,7.8,8.02173913043478,7.84722222222222,38,21,5,23,36,594,447,147,33,247,347,8.10659077441077,8.40536912751678,7.19806068027211,8.06060606060606,8.28947368421053,7.97641187319885,79
"73",2008,2,8.44318181818182,44,8.70689655172414,7.93333333333333,8.25,8.73076923076923,8.02777777777778,29,15,8,26,18,638,476,162,41,273,365,8.12980394984326,8.42373949579832,7.26614148148148,8.09756097560976,8.33150183150183,7.97894498630137,80
"74",2008,3,7.98333333333333,36,8.22692307692308,7.35,7.25,8.46428571428571,7.67727272727273,26,10,4,14,22,674,502,172,45,287,387,8.12198059347181,8.41354581673307,7.27101697674419,8.02222222222222,8.33797909407665,7.96179565891473,81
"75",2008,4,7.93023255813953,43,8.22058823529412,6.83333333333333,7.16666666666667,8.44736842105263,7.52083333333333,34,9,3,19,24,717,536,181,48,306,411,8.1104810599721,8.40130597014925,7.24925370165746,7.96875,8.34477124183006,7.93604603406326,82
"76",2008,5,8.22142857142857,42,8.57,7.35,7.84,8.41176470588235,8.092,30,12,5,17,25,759,566,193,53,323,436,8.11662044795784,8.41024734982332,7.25551772020725,7.95660377358491,8.34829721362229,7.94498834862385,83
"77",2008,6,8.06034448275862,29,8.32291625,6.8,6.25,7.94999933333333,8.17857142857143,24,5,2,15,14,788,590,198,55,338,450,8.11454937817259,8.40669489830509,7.24401474747475,7.89454545454545,8.33062127218935,7.95225537777778,84
"78",2008,7,8.23522727272727,44,8.2530303030303,8.18181818181818,7.875,8.22647058823529,8.24074074074074,33,11,4,17,27,832,623,209,59,355,477,8.12093138221154,8.3985553611557,7.29337282296651,7.89322033898305,8.32563377464789,7.96858473794549,85
"79",2008,8,8,34,8.08695652173913,7.81818181818182,8.25,7.8,8.28571428571429,23,11,4,20,14,866,646,220,63,375,491,8.11618349884526,8.38746128482972,7.31961327272727,7.91587301587302,8.29759997333333,7.97762712830957,86
"80",2008,9,7.88333333333333,30,8.375,7.32142857142857,7.16666666666667,7.5,8.10526315789474,16,14,6,11,19,896,662,234,69,386,510,8.10838717633928,8.38716010574018,7.31972188034188,7.85072463768116,8.27487044041451,7.98238219607843,87
"81",2008,10,7.70526315789474,19,7.91666666666667,7.34285714285714,7.35,7.5,7.93333333333333,12,7,4,10,9,915,674,241,73,396,519,8.10001629508196,8.37878336795252,7.32039385892116,7.82328767123288,8.2553030050505,7.98153163776493,88
"82",2008,11,8.33333333333333,36,8.76923076923077,7.2,7.75,8.26666666666667,8.38095238095238,26,10,4,15,21,951,700,251,77,411,540,8.10884848580441,8.3932857,7.31559729083665,7.81948051948052,8.25571773722628,7.99706466666667,89
"83",2008,12,7.91739130434783,46,8.29,7.21875,7.78571428571429,8.01904761904762,7.832,30,16,7,21,25,997,730,267,84,432,565,8.10001495486459,8.38904108219178,7.30979370786517,7.81666666666667,8.24421293981481,7.98976092035398,90
"84",2009,1,7.68372093023256,43,7.875,7.32666666666667,7.38,7.83333333333333,7.60357142857143,28,15,5,15,28,1040,758,282,89,447,593,8.08280279807692,8.37005275725594,7.31069120567376,7.79213483146067,8.23042503355705,7.97152600337268,91
"85",2009,2,7.828125,48,8.15967741935484,7.22352941176471,6.8,8.28214285714286,7.64117647058824,31,17,5,14,34,1088,789,299,94,461,627,8.07156701286764,8.36178705956907,7.30573551839465,7.73936170212766,8.23199563991323,7.95361231259968,92
"86",2009,3,7.86170212765957,47,8.30645161290323,7,7.25,8.15,7.78378378378378,31,16,6,10,37,1135,820,315,100,471,664,8.06287657268722,8.3596951097561,7.2902060952381,7.71,8.23025475583864,7.94414897590362,93
"87",2009,4,7.98809523809524,42,8.525,7.5,6.8,8.13333333333333,7.90740740740741,20,22,5,15,27,1177,840,337,105,486,691,8.06020807986406,8.36363094047619,7.30390183976261,7.66666666666667,8.22726335390946,7.94271334298119,94
"88",2009,5,7.76818181818182,44,8.09583333333333,7.375,7.22727272727273,7.96153846153846,7.68709677419355,24,20,11,13,31,1221,864,357,116,499,722,8.04968461097461,8.35619211805555,7.30788492997199,7.625,8.22034066132264,7.93173811634349,95
"89",2009,6,8,44,8.24242424242424,7.27272727272727,5.66666666666667,8.08333333333333,7.96875,33,11,3,12,32,1265,897,368,119,511,754,8.04795645059288,8.35200667781494,7.30683402173913,7.57563025210084,8.21712326810176,7.93330891246684,96
"90",2009,7,7.68444444444444,45,8.31,6.43333333333333,7.375,8.25,7.34107142857143,30,15,4,17,28,1310,927,383,123,528,782,8.03546939694656,8.35064723840345,7.27262381201044,7.56910569105691,8.21818179924242,7.91210347826087,97
"91",2009,8,7.80972222222222,36,8.49444444444444,7.125,7,7.85,7.7962962962963,18,18,5,9,27,1346,945,401,128,537,809,8.02943158246656,8.35338623280423,7.26599730673317,7.546875,8.21201115456238,7.90823846724351,98
"92",2009,9,7.78727272727273,55,8.31612903225806,7.10416666666667,7.05555555555556,7.6,7.82888888888889,31,24,9,10,45,1401,976,425,137,547,854,8.01992498929336,8.35220285860656,7.25685863529412,7.51459854014599,8.20082265082267,7.90405728337237,99
"93",2009,10,7.59333333333333,45,8.228,6.8,7.94,8.66666666666667,7.05666666666667,25,20,5,15,30,1446,1001,445,142,562,884,8.00664931535269,8.34910088911089,7.23632566292135,7.52957746478873,8.21325620996441,7.87529968325792,100
"94",2009,11,7.47021276595745,47,8.21428571428571,6.86923076923077,7.77777777777778,7.36875,7.52258064516129,21,26,9,16,31,1493,1022,471,151,578,915,7.98976216342933,8.34633071428572,7.21606140127389,7.54437086092715,8.18987887543252,7.86334963934426,101
"95",2009,12,7.83170731707317,41,8.23333333333333,7.26470588235294,7.625,7.95,7.77037037037037,24,17,8,14,27,1534,1046,488,159,592,942,7.98553775097783,8.34373804015297,7.21775598360656,7.54842767295597,8.18420606418919,7.86068462845011,102
"96",2010,1,7.85754716981132,53,8.11285714285714,7.36111111111111,7.875,8.74230769230769,7.57,35,18,4,13,40,1587,1081,506,163,605,982,7.98126333333333,8.33626271045329,7.22285557312253,7.55644171779141,8.19619833057851,7.84884411405295,103
"97",2010,2,7.63720930232558,43,7.92222222222222,7.15625,7.875,8.45,7.32258064516129,27,16,4,12,31,1630,1108,522,167,617,1013,7.97218706134969,8.32617327617329,7.22081402298851,7.56407185628743,8.20113450567261,7.83273930898322,104
"98",2010,3,7.73684210526316,38,8.04347826086956,7.26666666666667,7.25,8.52857142857143,7.55806451612903,23,15,4,7,31,1668,1131,537,171,624,1044,7.96682548561151,8.32042439434129,7.22209482309125,7.55672514619883,8.20480767628205,7.82458325670498,105
"99",2010,4,7.94444444444444,27,8.5,7.13636363636364,7.2,8.3,7.73529411764706,16,11,5,10,17,1695,1147,548,176,634,1061,7.96646897345132,8.3229293722755,7.22037394160584,7.54659090909091,8.20630913249211,7.82315261074458,106
"100",2010,5,7.64166666666667,30,8.23076923076923,7.19117647058824,7.35714285714286,6.95,7.9875,13,17,7,10,20,1725,1160,565,183,644,1081,7.96082023768116,8.32189654310345,7.21949543362832,7.53934426229508,8.18680122670807,7.82619326549491,107
"101",2010,6,7.96666666666667,15,8.75,7.07142857142857,5.5,8,7.94444444444444,8,7,2,6,9,1740,1168,572,185,650,1090,7.96087063793103,8.32482875856165,7.21768342657343,7.5172972972973,8.18507690769231,7.82716965137615,108
"102",2010,7,8.13157894736842,19,8.42857142857143,7.3,7.875,8.41666666666667,8,14,5,4,6,13,1759,1182,577,189,656,1103,7.96271455940875,8.3260575211506,7.21839674176776,7.52486772486773,8.18719510670731,7.82920663644606,109
"103",2010,8,7.82068965517241,29,8.35,6.64444444444444,9,8.13636363636364,7.62777777777778,20,9,1,11,18,1788,1202,586,190,667,1121,7.96041102348993,8.3264558985025,7.20958177474403,7.53263157894737,8.1863568065967,7.82597227475468,110
"104",2010,9,7.852,20,8.295,7.1875,7.33333333333333,6.508,8.3,12,8,3,5,15,1808,1214,594,193,672,1136,7.95921178650442,8.32614496705107,7.20928437710438,7.52953367875648,8.17386903273809,7.83223144366197,111
"105",2010,10,8.02,25,8.21428571428571,7.77272727272727,7.16666666666667,8.5,7.83333333333333,14,11,3,7,18,1833,1228,605,196,679,1154,7.96004086743044,8.32486969869707,7.21952879338843,7.52397959183673,8.17723120765832,7.83224863084922,112
"106",2010,11,7.70615384615385,52,8.54791666666667,6.98464285714286,6.85714285714286,7.98941176470588,7.56857142857143,24,28,7,17,35,1885,1252,633,203,696,1189,7.95303708753315,8.32914535942492,7.20913889415482,7.50098522167488,8.1726436637931,7.82448689655172,113
"107",2010,12,7.83157894736842,38,7.98333333333333,7.57142857142857,8,7.9,7.8,24,14,5,12,26,1923,1276,647,208,708,1215,7.95063697867914,8.32264105799373,7.21697823802164,7.51298076923077,8.16802258474576,7.82396289711934,114
"108",2011,1,8,41,8.15,7.59090909090909,7,8.3125,7.92424242424242,30,11,3,8,33,1964,1306,658,211,716,1248,7.9516674694501,8.31867533690659,7.22322936170213,7.50568720379147,8.1696368575419,7.82661451923077,115
"109",2011,2,7.99107142857143,28,8.47222222222222,7.125,6.875,8.16666666666667,7.94318181818182,18,10,4,6,22,1992,1324,668,215,722,1270,7.95222134036144,8.32076283232629,7.22175886227545,7.49395348837209,8.16961217451523,7.82863379527559,116
"110",2011,3,7.52758620689655,29,8.7,6.43333333333333,5.83333333333333,7.875,7.3952380952381,14,15,3,8,21,2021,1338,683,218,730,1291,7.94612810984661,8.3247309342302,7.20444351390922,7.47110091743119,8.1663835479452,7.82158398140976,117
"111",2011,4,7.54,25,7.75,7.16666666666667,7,7.21428571428571,7.66666666666667,16,9,2,7,18,2046,1354,692,220,737,1309,7.94116564516129,8.31793943131463,7.20395219653179,7.46681818181818,8.15734055630936,7.81945372039725,118
"112",2011,5,7.65,24,8.00769230769231,7.22727272727273,8.16666666666667,7.84,7.6,13,11,6,5,19,2070,1367,703,226,742,1328,7.9377898115942,8.31498901975128,7.20431709815078,7.4853982300885,8.15520214285714,7.81631394578313,119
"113",2011,6,7.88571428571429,28,8.04444444444444,7.6,7.33333333333333,8.07142857142857,7.82380952380952,18,10,3,7,21,2098,1385,713,229,749,1349,7.93709480934223,8.31147291696751,7.20986664796634,7.48340611353712,8.15441921228304,7.81643063009636,120
"114",2011,7,7.8,26,8.38421052631579,6.21428571428571,5.8,7.9375,7.73888888888889,19,7,5,8,18,2124,1404,720,234,757,1367,7.93541662429378,8.31245725783476,7.20018738888889,7.4474358974359,8.15212680317041,7.8154095976591,121
"115",2011,8,8.01785714285714,28,8.33333333333333,7.07142857142857,8,8.35714285714286,7.90476190476191,21,7,1,7,21,2152,1425,727,235,764,1388,7.93648927044609,8.31276490526316,7.19894762035763,7.44978723404255,8.15400522251309,7.81676146974063,122
"116",2011,9,7.255,30,7.80357142857143,6.775,6.3,6.125,7.66590909090909,14,16,5,8,22,2182,1439,743,240,772,1410,7.92711957378552,8.30781097289785,7.18981819650067,7.42583333333333,8.13297926165803,7.81440774468085,123
"117",2011,10,7.51428571428571,35,8.36842105263158,6.5,5.875,7.08333333333333,7.73913043478261,19,16,4,12,23,2217,1458,759,244,784,1433,7.92060212449255,8.30860081618656,7.17527657444005,7.40040983606557,8.11691325255102,7.81319952547104,124
"118",2011,11,7.98774509803922,51,8.36397058823529,7.23529411764706,8.08333333333333,8.36346153846154,7.85921052631579,34,17,6,13,38,2268,1492,776,250,797,1471,7.92211195326278,8.30986259383378,7.17659139175258,7.4168,8.12093474278545,7.81438811692726,125
"119",2011,12,7.52,25,7.65384615384615,7.375,7.125,7,7.56521739130435,13,12,4,2,23,2293,1505,788,254,799,1494,7.9177278281727,8.30419600664452,7.17961284263959,7.41220472440945,8.11812889862328,7.81055215528781,126
"120",2012,1,7.11463414634146,41,7.58333333333333,6.74782608695652,6.6,6.875,7.21379310344828,18,23,5,12,29,2334,1523,811,259,811,1523,7.90362035561268,8.29567629021668,7.16736734895191,7.3965250965251,8.09973488286067,7.79918904793171,127
"121",2012,2,8.21617647058824,34,8.65208333333333,7.17,6.625,8.45454545454546,8.10217391304348,24,10,4,11,23,2368,1547,821,263,822,1546,7.90810807010135,8.30120555268261,7.16739941534714,7.38479087452471,8.10448295620438,7.8036965847348,128
"122",2012,3,7.68888888888889,27,8.4,6.8,5.75,7.58333333333333,7.71904761904762,15,12,4,6,21,2395,1562,833,267,828,1567,7.90563670563674,8.30215428297055,7.16210674669868,7.36029962546816,8.10070650966184,7.80256216975111,129
"123",2012,4,7.83103448275862,29,7.97058823529412,7.63333333333333,8,7.33333333333333,7.96086956521739,17,12,2,6,23,2424,1579,845,269,834,1590,7.90474418729373,8.29858454084864,7.16879872189349,7.36505576208178,8.09518583932854,7.80485215094339,130
"124",2012,5,7.98,30,8.35909090909091,6.9375,2,7.88888888888889,8.01904761904762,22,8,1,9,21,2454,1601,853,270,843,1611,7.90566418500407,8.29941598376015,7.16662944900352,7.34518518518519,8.09298338078292,7.80764427063935,131
"125",2012,6,7.90740740740741,27,7.8125,8.04545454545454,7.83333333333333,8.57142857142857,7.675,16,11,3,7,20,2481,1617,864,273,850,1631,7.90568315598549,8.2945980148423,7.17781819444444,7.35054945054945,8.09692351764706,7.80601773145309,132
"126",2012,7,7.755,20,8.19090909090909,7.22222222222222,8,8.51666666666667,7.42857142857143,11,9,1,6,14,2501,1628,873,274,856,1645,7.9044781727309,8.29389741400492,7.17827596792669,7.3529197080292,8.09986564252337,7.8028054224924,133
"127",2012,8,7.35227272727273,22,7.73076923076923,6.80555555555556,7.33333333333333,7.66666666666667,7.234375,13,9,3,6,16,2523,1641,882,277,862,1661,7.89966306381292,8.28943631322364,7.1744726984127,7.35270758122744,8.09685033642691,7.79732987357014,134
"128",2012,9,7.82037037037037,27,8.73,6.68333333333333,6.65,7.46875,7.96842105263158,15,12,8,8,19,2550,1656,894,285,870,1680,7.89882349411764,8.2934269263285,7.16788022371365,7.33298245614035,8.09107470114943,7.79926483333333,135
"129",2012,10,7.375,32,7.97222222222222,6.60714285714286,8,7.94444444444444,7.15217391304348,18,14,4,9,23,2582,1674,908,289,879,1703,7.89233149109217,8.28997311230586,7.15923449339207,7.34221453287197,8.08957336746303,7.7905254961832,136
"130",2012,11,7.428,25,8.8,6.51333333333333,7.11666666666667,8.7,7.375,10,15,6,1,24,2607,1684,923,295,880,1727,7.88787875335635,8.29300177553444,7.1487377248104,7.33762711864407,8.09026703409091,7.78475096699479,137
"131",2012,12,7.76081081081081,37,8.42916666666667,6.52692307692308,4.9,7.7,7.78333333333333,24,13,5,10,27,2644,1708,936,300,890,1754,7.88610057110439,8.29491509953162,7.14010141025641,7.297,8.08588201123596,7.78472914481186,138
"132",2013,1,7.68,25,7.5,7.875,8,7.5,7.76470588235294,13,12,4,8,17,2669,1721,948,304,898,1771,7.88417006744099,8.28891051133062,7.14940392405063,7.30625,8.08066257238307,7.78453693958215,139
"133",2013,2,7.43529411764706,34,8.02941176470588,6.84117647058823,7.25,6.75,7.58214285714286,17,17,4,6,28,2703,1738,965,308,904,1799,7.8785238290788,8.28637226121979,7.14397401036269,7.30551948051948,8.07183074115044,7.78138683713174,140
"134",2013,3,7.9,32,8.425,7.375,7,8.82857142857143,7.64,16,16,1,7,25,2735,1754,981,309,911,1824,7.87877510420475,8.28763682440137,7.14774201834862,7.30453074433657,8.07764543358946,7.77944896929824,141
"135",2013,4,7.61578947368421,19,7.24615384615385,8.41666666666667,6,7.1,7.91666666666667,13,6,1,7,12,2754,1767,987,310,918,1836,7.87696075163398,8.27997452744765,7.15545584599797,7.30032258064516,8.07019062091503,7.78034581699346,142
"136",2013,5,8.3,19,8.5,7.86666666666667,8.4,8.5,8.20769230769231,13,6,2,6,13,2773,1780,993,312,924,1849,7.8798593256401,8.28158145505618,7.15975319234642,7.30737179487179,8.07298159090909,7.78335041644132,143
"137",2013,6,7.21428571428571,21,8.11111111111111,6.54166666666667,6,7.6,7.09375,9,12,1,5,16,2794,1789,1005,313,929,1865,7.87485680386542,8.28072386249301,7.15237305472637,7.30319488817891,8.07043594187298,7.77743427345844,144
"138",2013,7,7.28571428571429,21,8.09090909090909,6.4,7.75,7.5,7.26315789473684,11,10,4,2,19,2815,1800,1015,317,931,1884,7.87046177975133,8.27956388333333,7.14496051231527,7.30883280757098,8.06921051557465,7.7722478343949,145
"139",2013,8,7.18125,32,8,6.3625,7.33333333333333,7.28571428571429,7.152,16,16,3,7,25,2847,1816,1031,320,938,1909,7.86271510713031,8.2771007654185,7.13281757516974,7.3090625,8.06336352878465,7.76412515453117,146
"140",2013,9,7.47037037037037,27,8,6.7,7.25,7.5,7.46190476190476,16,11,4,6,21,2874,1832,1042,324,944,1930,7.85902919624217,8.27468067139738,7.12824848368522,7.30833333333333,8.05978282838983,7.76083674611399,147
"141",2013,10,7.35185185185185,27,8.30769230769231,6.46428571428571,5.4,7.45,7.29411764705882,13,14,5,10,17,2901,1845,1056,329,954,1947,7.85430882799035,8.27491327371274,7.1194459469697,7.27933130699088,8.05339097484277,7.75676164355418,148
"142",2013,11,7.671875,32,8.6,6.85294117647059,7.58333333333333,8.64285714285714,7.4,15,17,6,7,25,2933,1860,1073,335,961,1972,7.85231841459257,8.27753494086022,7.11522359739049,7.28477611940299,8.0576846930281,7.75223880324543,149
"143",2013,12,7.84583333333333,24,8.1125,7.3125,7.5,8.6,7.64736842105263,16,8,2,5,19,2957,1876,1081,337,966,1991,7.85226577950625,8.27612739339019,7.11668355226642,7.28605341246291,8.06049170807454,7.75123803114013,150
"144",2014,1,7.4546875,32,7.63333333333333,7.11363636363636,8.66666666666667,6.85,7.72954545454545,21,11,3,10,22,2989,1897,1092,340,976,2013,7.84800933757109,8.26901159198735,7.11665285714286,7.29823529411765,8.04808912909836,7.7510009538003,151
"145",2014,2,7.70323529411765,34,8.0605,7.19285714285714,7.35,8.305,7.4525,20,14,4,10,24,3023,1917,1106,344,986,2037,7.84638104862719,8.2668361971831,7.11761746835443,7.29883720930233,8.05069471602434,7.74748400589101,152
"146",2014,3,7.32592592592593,27,8.12777777777778,5.72222222222222,6.75,8.16666666666667,7.22083333333333,18,9,6,3,24,3050,1935,1115,350,989,2061,7.8417737409836,8.26554263049096,7.10635418834081,7.28942857142857,8.05104650151669,7.74135124696749,153
"147",2014,4,7.26666666666667,21,7.90666666666667,5.66666666666667,7,7.83333333333333,7.04,15,6,2,6,15,3071,1950,1121,352,995,2076,7.83784106479974,8.26278204615385,7.09864845673506,7.28778409090909,8.04973365829146,7.73628368015414,154
"148",2014,5,7.96739130434783,23,8.375,7.52272727272727,6.8,8.08333333333333,7.92647058823529,12,11,5,6,17,3094,1962,1132,357,1001,2093,7.83880410795087,8.26346839449541,7.1027693639576,7.28095238095238,8.04993505494506,7.7378284376493,155
"149",2014,6,6.64,15,8,5.45,6.36666666666667,7.5,6.50769230769231,7,8,3,2,13,3109,1969,1140,360,1003,2106,7.83302023480218,8.2625317369223,7.09117098245614,7.27333333333333,8.04883847457627,7.73023500474834,156
"150",2014,7,7.83333333333333,18,8.25,4.5,NA,7.83333333333333,7.83333333333333,16,2,0,3,15,3127,1985,1142,360,1006,2121,7.83302203709625,8.26243072544081,7.08663302977233,7.27333333333333,8.04819581510934,7.7309641301273,157
"151",2014,8,7.82705882352941,17,8.2,7.29428571428571,8,7.33333333333333,7.93285714285714,10,7,1,3,14,3144,1995,1149,361,1009,2135,7.83298979325699,8.26211778947368,7.087898102698,7.27534626038781,8.0460703567889,7.73228801873536,158
"152",2014,9,7.91111111111111,27,8.14,7.625,8.25,9,7.824,15,12,2,2,25,3171,2010,1161,363,1011,2160,7.83365497004099,8.26120646268657,7.09344954349698,7.28071625344353,8.04795745796241,7.7333495,159
"153",2014,10,7.48260869565217,23,7.85384615384615,7,6.625,6.66666666666667,7.605,13,10,4,3,20,3194,2023,1171,367,1014,2180,7.83112708515967,8.25858872466634,7.09265151152861,7.27356948228883,8.04387079881657,7.73217198165137,160
"154",2014,11,7.044,25,7.875,6.27692307692308,6.06666666666667,6.44285714285714,7.27777777777778,12,13,9,7,18,3219,2035,1184,376,1021,2198,7.82501395153774,8.25632677641278,7.08369503378378,7.24468085106383,8.0328942115573,7.72845082802547,161
"155",2014,12,7.8375,24,8.09166666666667,7.58333333333333,6.6,6.75,8.055,12,12,5,4,20,3243,2047,1196,381,1025,2218,7.82510635522664,8.25536149975574,7.0887081270903,7.23622047244094,8.02788779512195,7.73139536519386,162
"156",2015,1,7.7,29,8.7375,6.42307692307692,6.66666666666667,7.6625,7.71428571428571,16,13,3,8,21,3272,2063,1209,384,1033,2239,7.82399752750611,8.25910081919534,7.08155080231596,7.23177083333333,8.02505807357212,7.73123489057615,163
"157",2015,2,7.4,20,8.22222222222222,6.72727272727273,7.33333333333333,8.66666666666667,7.17647058823529,9,11,6,3,17,3292,2072,1220,390,1036,2256,7.82142160085054,8.25894063223938,7.07835649180328,7.23333333333333,8.02691601351351,7.7270544858156,164
"158",2015,3,7.38636363636364,22,8.58333333333333,5.95,5.5,NA,7.38636363636364,12,10,1,0,22,3314,2084,1230,391,1036,2278,7.81853346710923,8.26080853646833,7.06918286178862,7.22890025575448,8.02691601351351,7.72376423178226,165
"159",2015,4,7.67115384615385,26,8.075,7.325,7.575,8.5,7.47380952380952,12,14,4,5,21,3340,2096,1244,395,1041,2299,7.8173862005988,8.2597447471374,7.07206183279743,7.23240506329114,8.02918827089337,7.72148104393214,166
"160",2015,5,7.875,16,8.28571428571429,7.55555555555556,8,9,7.71428571428571,7,9,1,2,14,3356,2103,1253,396,1043,2313,7.81766087902264,8.25983118877793,7.0755346528332,7.23434343434343,8.03104984659636,7.72143749243406,167
"161",2015,6,7.67428571428571,14,7.41111111111111,8.148,8.125,8.05,7.524,9,5,4,4,10,3370,2112,1258,400,1047,2323,7.81706525519287,8.25621448390151,7.07979723370429,7.24325,8.03112224450812,7.72058756780026,168
"162",2015,7,8.03947368421053,19,8.15384615384615,7.79166666666667,8,9.5,7.86764705882353,13,6,2,2,17,3389,2125,1264,402,1049,2340,7.81831215992918,8.25558823058823,7.08317636075949,7.24701492537313,8.03392277407055,7.72165594871795,169
"163",2015,8,7.75,22,7.87777777777778,7.66153846153846,7.375,7.85714285714286,7.7,9,13,4,7,15,3411,2134,1277,406,1056,2355,7.8178715655233,8.25399484067479,7.08906415035239,7.24827586206897,8.0327509375,7.72151801273885,170
"164",2015,9,8.25,20,8.90909090909091,7.44444444444444,7,9.16666666666667,8.08823529411765,11,9,1,3,17,3431,2145,1286,407,1059,2372,7.82039053045759,8.2573543076923,7.09155125972006,7.24766584766585,8.03596316336166,7.72414625632377,171
"165",2015,10,7.79,25,8.42307692307692,7.10416666666667,8.375,7.8,7.7875,13,12,2,5,20,3456,2158,1298,409,1064,2392,7.82017069155092,8.25835263670065,7.09166788906009,7.25317848410758,8.03485431390978,7.72467596989966,172
"166",2015,11,7.96428571428571,21,8.21153846153846,7.5625,8.5,8,7.94642857142857,13,8,2,7,14,3477,2171,1306,411,1071,2406,7.8210411015243,8.25807231229848,7.09455200612557,7.25924574209246,8.03462650793651,7.72596630091438,173
"167",2015,12,7.92,25,8,7.81818181818182,8,8.5,7.84090909090909,14,11,3,3,22,3502,2185,1317,414,1074,2428,7.82174754711593,8.2564187597254,7.10059599088838,7.26461352657005,8.03592643389199,7.72700779242174,174
"168",2016,1,7.67333333333333,30,8.38888888888889,6.6,6.8,7.375,7.78181818181818,18,12,5,8,22,3532,2203,1329,419,1082,2450,7.82048695073612,8.25750113027689,7.09607593679458,7.2590692124105,8.03103973197782,7.72749996734694,175
"169",2016,2,7.47727272727273,22,8.42857142857143,5.8125,6.75,7.75,7.41666666666667,14,8,4,4,18,3554,2217,1337,423,1086,2468,7.81836238323016,8.25858141181777,7.08839560209424,7.25425531914894,8.03000459484346,7.72523294975689,176
"170",2016,3,7.495,20,8.69545454545455,6.02777777777778,6.33333333333333,7.2,7.59333333333333,11,9,3,5,15,3574,2228,1346,426,1091,2483,7.81655285674314,8.26073832585278,7.0813038038633,7.24776995305164,8.02620072410633,7.72443613370922,177
"171",2016,4,7.97619047619048,21,8.73076923076923,6.75,7.16666666666667,8.7,7.75,13,8,3,5,16,3595,2241,1354,429,1096,2499,7.81748537134909,8.2634649665328,7.07934632200886,7.2472027972028,8.02927462591241,7.72459980792317,178
"172",2016,5,8.16176470588235,17,8.21153846153846,8,8,8.54166666666667,7.95454545454545,13,4,2,6,11,3612,2254,1358,431,1102,2510,7.81910573366556,8.26316547914818,7.08205811487482,7.25069605568445,8.03206441923775,7.7256075378486,179
"173",2016,6,7.91363636363636,22,8.29166666666667,7.46,7.5,7.66666666666667,7.95263157894737,12,10,2,3,19,3634,2266,1368,433,1105,2529,7.81967801596037,8.26331641218005,7.08482084795322,7.25184757505774,8.03107238914027,7.72731313562673,180
"174",2016,7,7.62941176470588,17,7.91111111111111,7.3125,5.75,6.875,7.86153846153846,9,8,2,4,13,3651,2275,1376,435,1109,2542,7.81879208709942,8.26192307252747,7.08614456395349,7.24494252873563,8.02690260595131,7.72799957513768,181
"175",2016,8,7.74827586206897,29,8.55,6.76153846153846,7,6,8.1125,16,13,3,5,24,3680,2291,1389,438,1114,2566,7.81823638858695,8.26393495853339,7.08310649388049,7.24326484018265,8.01780519748654,7.73159583787997,182
"176",2016,9,7.8,20,8.57142857142857,6,7,7,7.88888888888889,14,6,1,2,18,3700,2305,1395,439,1116,2584,7.81813781351351,8.26580259869848,7.07844797132616,7.24271070615034,8.01598117383513,7.73269153250774,183
"177",2016,10,7.34347826086957,23,7.98181818181818,6.75833333333333,6.84444444444444,7.72,7.23888888888889,11,12,9,5,18,3723,2316,1407,448,1121,2602,7.815205455278,8.26445379533679,7.07571778251599,7.23470982142857,8.01466100802855,7.72927552651806,184
"178",2016,11,8.225,18,8.35769230769231,7.88,8.7,8.69,8.04615384615385,13,5,1,5,13,3741,2329,1412,449,1126,2615,7.81717720128308,8.26497423357664,7.07856580736544,7.23797327394209,8.01765984902309,7.73085082982791,185
"179",2016,12,7.95652173913043,23,8.73076923076923,6.95,7.125,7.83333333333333,8,13,10,4,6,17,3764,2342,1422,453,1132,2632,7.81802866896918,8.26755977369769,7.07766168776371,7.23697571743929,8.01668285335689,7.73258925531915,186
"180",2017,1,7.34166666666667,24,7.98333333333333,6.7,7.33333333333333,6.13333333333333,7.51428571428571,12,12,3,3,21,3788,2354,1434,456,1135,2653,7.81501053590285,8.26611087085811,7.07450133891213,7.23760964912281,8.01170483700441,7.73086125895213,187
"181",2017,2,7.51086956521739,23,8.02272727272727,7.04166666666667,6.5,7.57142857142857,7.484375,11,12,1,7,16,3811,2365,1446,457,1142,2669,7.81317499606402,8.26497885412262,7.07422885200553,7.23599562363238,8.00900612084063,7.72938363431997,188
"182",2017,3,8.43894444444445,18,8.80721428571429,7.15,7.6,10,8.12673333333333,14,4,1,3,15,3829,2379,1450,458,1145,2684,7.81611671715852,8.26816981504834,7.07443787586207,7.2367903930131,8.01422269868996,7.73160429210134,189
"183",2017,4,7.800625,32,8.10277777777778,7.41214285714286,7.16666666666667,6.85714285714286,8.0648,18,14,6,7,25,3861,2397,1464,464,1152,2709,7.81598832167832,8.26692782227784,7.07766729508197,7.23588362068965,8.00719183159722,7.73467918789221,190
"184",2017,5,8.03333333333333,30,8.69444444444444,7.04166666666667,7,9.3,7.78,18,12,1,5,25,3891,2415,1476,465,1157,2734,7.81766407350295,8.27011428157349,7.07737460704607,7.23537634408602,8.01277872947278,7.73509360643745,191
"185",2017,6,8.43333333333333,12,8.15,9,NA,7.9,8.61111111111111,8,4,0,3,9,3903,2423,1480,465,1160,2743,7.81955698437099,8.26971770119686,7.08257089189189,7.23537634408602,8.01248706034483,7.73796788917244,192
"186",2017,7,7.13333333333333,18,7.72727272727273,6.2,6.5,7.25,7.1,11,7,2,4,14,3921,2434,1487,467,1164,2757,7.81640676103035,8.2672662243221,7.07841622057835,7.23222698072805,8.00986682989691,7.73472829887559,193
"187",2017,8,8.09444444444444,18,8.19285714285714,7.75,NA,8.74,7.84615384615385,14,4,0,5,13,3939,2448,1491,467,1169,2770,7.81767730642295,8.26684068218954,7.08021792085848,7.23222698072805,8.01298972626176,7.73525123465704,194
"188",2017,9,7.52777777777778,18,7.85,7.125,7.125,8,7.5,10,8,4,1,17,3957,2458,1499,471,1170,2787,7.81635858225928,8.26514482912937,7.0804569179453,7.23131634819533,8.01297862393163,7.73381626121277,195
"189",2017,10,8.15,16,8.20714285714286,7.75,6.5,6.46666666666667,8.53846153846154,14,2,1,3,13,3973,2472,1501,472,1173,2800,7.81770221746791,8.26481633899676,7.0813490473018,7.22976694915254,8.00902386189258,7.73755211428571,196
"190",2017,11,7.64705882352941,17,7.5,7.67857142857143,7.25,7.25,7.76923076923077,3,14,6,4,13,3990,2475,1515,478,1177,2813,7.81697516541353,8.26388928888889,7.0868679339934,7.23002092050209,8.00644434154631,7.73769851404195,197
"191",2017,12,7.91176470588235,17,7.71428571428571,8.05,8.125,7.5,7.9375,7,10,4,1,16,4007,2482,1525,482,1178,2829,7.81737731719491,8.26233923851732,7.09318355409836,7.23744813278008,8.00601442275043,7.73882853305055,198
"192",2018,1,7.825,22,7.85714285714286,7.81,8.35,8.05,7.775,7,15,4,4,18,4029,2489,1540,486,1182,2847,7.81741894018367,8.2611996745681,7.10016553246753,7.2466049382716,8.00616327411168,7.73905722514928,199
"193",2018,2,7.625,12,8.14285714285714,6.9,6.5,7.33333333333333,7.72222222222222,7,5,1,3,9,4041,2496,1545,487,1185,2856,7.81684754021282,8.26086778445513,7.09951774757281,7.24507186858316,8.004459907173,7.73900417366947,200
"194",2018,3,8.0476,25,8.43266666666667,7.47,7.66666666666667,7.26666666666667,8.15409090909091,15,10,3,3,22,4066,2511,1555,490,1188,2878,7.81826633300541,8.26189406212664,7.10190027009646,7.24765306122449,8.0025967929293,7.74217717859625,201
"195",2018,4,7.56875,16,8.25,6.8875,7,8,7.46923076923077,8,8,2,3,13,4082,2519,1563,492,1191,2891,7.81728831700147,8.26185628820961,7.1008028918746,7.24664634146341,8.00259025188917,7.74094981667243,202
"196",2018,5,7.80347826086957,23,7.65384615384615,7.998,7.495,6.3325,8.11315789473684,13,10,4,4,19,4105,2532,1573,496,1195,2910,7.81721094031668,8.25873459320695,7.10650662428481,7.24864919354839,7.9969999916318,7.74338004123711,203
"197",2018,6,7.42105263157895,19,7.89,6.9,8,7,7.5,10,9,2,3,16,4124,2542,1582,498,1198,2926,7.81538576867119,8.25728402439024,7.10533180783818,7.25166666666667,7.99450333055092,7.74204918660287,204
"198",2018,7,8.03571428571429,14,8.27777777777778,7.6,7.66666666666667,7.83333333333333,8.09090909090909,9,5,3,3,11,4138,2551,1587,501,1201,2937,7.81613120106331,8.25735632693062,7.10689030875866,7.25415169660679,7.99410074104913,7.74335577800476,205
"199",2018,8,7.23076923076923,13,7.75,6.4,NA,6.5,7.36363636363636,8,5,0,2,11,4151,2559,1592,501,1203,2948,7.81429797880029,8.25577021883548,7.1046701758794,7.25415169660679,7.99161678304239,7.74193891451832,206
"200",2018,9,7.5,15,7.625,7,NA,6.5,7.86363636363636,12,3,0,4,11,4166,2571,1595,501,1207,2959,7.813166325012,8.25282613380008,7.10447330407524,7.25415169660679,7.98667356255178,7.74239132139236,207
"201",2018,10,8.09666666666667,15,8.8,7.84090909090909,8.375,8,8.10357142857143,4,11,6,1,14,4181,2575,1606,507,1208,2973,7.81418342740971,8.25367611262136,7.10951738480697,7.26741617357002,7.98668459437086,7.74409213588967,208
"202",2018,11,7.9625,16,8.28,7.81818181818182,8,8.38333333333333,7.71,5,11,5,6,10,4197,2580,1617,512,1214,2983,7.81474884679533,8.25372712790698,7.11433823129252,7.2745703125,7.98864496705107,7.74397784780422,209
"203",2018,12,7.30952380952381,21,7.38888888888889,7.25,8.33333333333333,6.85714285714286,7.53571428571429,9,12,3,7,14,4218,2589,1629,515,1221,2997,7.81223350165955,8.25072073773658,7.11533758133824,7.28073786407767,7.98215805896806,7.74300497831164,210
"204",2019,1,8.009375,32,8.19,7.70833333333333,8.25,8.1875,7.95,20,12,4,8,24,4250,2609,1641,519,1229,3021,7.81371786117647,8.25025526638559,7.11967393053016,7.28820809248555,7.98349470301058,7.74464942734194,211
"205",2019,2,8.22857142857143,14,8.45,8.0625,6.5,7.66666666666667,8.38181818181818,6,8,2,3,11,4264,2615,1649,521,1232,3032,7.81507995075047,8.25071357170172,7.1242479805943,7.28518234165067,7.98272320616883,7.74696105540897,212
"206",2019,3,7.59444444444444,18,7.94,7.1625,6.6,6.75,7.7,10,8,5,2,16,4282,2625,1657,526,1234,3048,7.8141524778141,8.24952990095238,7.12443266143633,7.27866920152091,7.98072527552674,7.74671454068241,213
"207",2019,4,7.69230769230769,13,8.66666666666667,6.85714285714286,6.33333333333333,8,7.6,6,7,3,3,10,4295,2631,1664,529,1237,3058,7.81378368102444,8.25048118206005,7.12330824519231,7.27330812854442,7.98077202101859,7.7462347678221,214
"208",2019,5,7.72727272727273,11,8.14285714285714,7,7.5,7.66666666666667,7.75,7,4,2,3,8,4306,2638,1668,531,1240,3066,7.81356268230376,8.25019559893859,7.12301254196643,7.27416195856874,7.98001208870968,7.74624459230267,215
"209",2019,6,7.67,11,7.58333333333333,7.774,NA,7.75,7.662,6,5,0,1,10,4317,2644,1673,531,1241,3076,7.81319687514477,8.248682295764,7.12495811117753,7.27416195856874,7.97982674456084,7.74597071521456,216
"210",2019,7,7.673125,16,8.177,6.83333333333333,7.5,8.254,7.40909090909091,10,6,4,5,11,4333,2654,1679,535,1246,3087,7.81267964689591,8.24841220422005,7.12391597379392,7.27585046728972,7.98092695826645,7.74477030126336,217
"211",2019,8,7.88636363636364,22,8.30555555555556,6,8,9,7.63888888888889,18,4,1,4,18,4355,2672,1683,536,1250,3105,7.81305187370838,8.24879715194611,7.12124475341652,7.27720149253731,7.984187992,7.74415649597423,218
"212",2019,9,7.79166666666667,12,8.27777777777778,6.33333333333333,6,8,7.77272727272727,9,3,1,1,11,4367,2681,1686,537,1251,3116,7.81299310968628,8.2488944386423,7.11984277580071,7.27482309124767,7.9842006314948,7.74425735558408,219
"213",2019,10,7.42857142857143,7,7.5,7.33333333333333,7.33333333333333,6,7.66666666666667,4,3,3,1,6,4374,2685,1689,540,1252,3122,7.81237789437585,8.24777876722533,7.12022197750148,7.27514814814815,7.98261580670927,7.74410823830877,220
"214",2019,11,7.59363636363636,11,8.33285714285714,6.3,7.1,6.77666666666667,7.9,7,4,2,3,8,4385,2692,1693,542,1255,3130,7.81182916989737,8.24799999628529,7.11828406379209,7.27450184501845,7.97973305976096,7.74450668370607,221
"215",2019,12,7.29090909090909,22,7.64,7,6.625,6.05,7.75625,10,12,4,6,16,4407,2702,1705,546,1261,3146,7.80922870660313,8.24574981125093,7.11745156598241,7.26974358974359,7.97055114195083,7.74456640813731,222
"216",2020,1,7.61904761904762,21,8.54166666666667,6.38888888888889,4.5,7.66666666666667,7.61111111111111,12,9,2,3,18,4428,2714,1714,548,1264,3164,7.80832676377597,8.24705821296979,7.11362597432906,7.25963503649635,7.9698298971519,7.74380718078382,223
"217",2020,2,7.73333333333333,12,7.6875,7.825,7,7,7.8,8,4,1,1,11,4440,2722,1718,549,1265,3175,7.80812407882883,8.24541366274798,7.11528225844005,7.2591621129326,7.96906323320158,7.74400186456693,224
"218",2020,3,8.03529411764706,17,8.44444444444444,7.575,6.66666666666667,8.16666666666667,7.96363636363636,9,8,3,6,11,4457,2731,1726,552,1271,3186,7.80899055642809,8.24606956792384,7.11741304750869,7.25594202898551,7.96999605822187,7.74476017576899,225
"219",2020,4,7.15522321428571,28,7.33213235294118,6.88181818181818,8,6.7,7.2541847826087,17,11,3,5,23,4485,2748,1737,555,1276,3209,7.8049090657748,8.24041566229986,7.11592108232585,7.25996396396396,7.9650195846395,7.7412440542225,226
"220",2020,5,8.32222222222222,18,8.90909090909091,7.4,5.5,8.5,8.27142857142857,11,7,2,4,14,4503,2759,1744,557,1280,3223,7.8069769398179,8.24308163827474,7.11706130733945,7.25364452423698,7.9666913984375,7.74354705864101,227
"221",2020,6,7.77647058823529,17,7.98,7.48571428571429,7.46666666666667,7.33333333333333,7.87142857142857,10,7,3,3,14,4520,2769,1751,560,1283,3237,7.80686220353982,8.24213154207295,7.1185350770988,7.25478571428571,7.96521043647701,7.74410014519617,228
"222",2020,7,7.59944444444444,18,7.86666666666667,7.33222222222222,7.5,8.6,7.39933333333333,9,9,3,3,15,4538,2778,1760,563,1286,3252,7.80603947994711,8.24091513318935,7.11962779545455,7.25609236234458,7.96669128304821,7.74250989237392,229
"223",2020,8,7.83333333333333,12,8.3,7.5,7,7.66666666666667,7.88888888888889,5,7,2,3,9,4550,2783,1767,565,1289,3261,7.80611146373626,8.24102128638161,7.12113464629315,7.25518584070797,7.96599301008534,7.74291388224471,230
"224",2020,9,7.43333333333333,15,7.71428571428571,7.1875,8.5,6.5,7.57692307692308,7,8,1,2,13,4565,2790,1775,566,1291,3274,7.80488656297919,8.23969972759857,7.12143375774648,7.2573851590106,7.96372191324555,7.74225478619426,231
"225",2020,10,8,15,7.8,8.4,8.5,8.75,7.88461538461539,10,5,1,2,13,4580,2800,1780,567,1293,3287,7.80552558078602,8.23812937142858,7.12502523595506,7.25957671957672,7.96493812064965,7.74281781867964,232
"226",2020,11,7.46538461538462,13,8.21,7,7.125,8.8875,6.83333333333333,5,8,4,4,9,4593,2805,1788,571,1297,3296,7.80456284781189,8.23807922994653,7.12446583892617,7.25863397548161,7.9677833384734,7.74033439623786,233
"227",2020,12,7.81176470588235,17,8.1,7.4,6.35,8.35,7.74,10,7,2,2,15,4610,2815,1795,573,1299,3311,7.80458940563991,8.23758871758437,7.1255403454039,7.25546247818499,7.96837181678214,7.74033288130474,234
"228",2021,1,7.3741935483871,31,7.5,7.2,6.03333333333333,7.5,7.36071428571429,18,13,3,3,28,4641,2833,1808,576,1302,3339,7.80171453566042,8.23290230850689,7.1260757300885,7.24909722222222,7.96729261904762,7.73714949685534,235
"229",2021,2,7.69166666666667,12,7.9125,7.25,8.5,7.5,7.73,8,4,2,2,10,4653,2841,1812,578,1304,3349,7.80143072426392,8.2320000844773,7.12634929359823,7.25342560553633,7.96657591257669,7.7371281487011,236
"230",2021,3,8.57142857142857,7,8.7,8.25,NA,NA,8.57142857142857,5,2,0,0,7,4660,2846,1814,578,1304,3356,7.80258737339056,8.23282229093465,7.12758815876516,7.25342560553633,7.96657591257669,7.73886834624553,237
"231",2021,4,7.25652173913043,23,7.87647058823529,5.5,6,7.66666666666667,7.195,17,6,2,3,20,4683,2863,1820,580,1307,3376,7.79990543668588,8.23070633601118,7.12222248351648,7.24910344827586,7.96588752104055,7.73564637736967,238
"232",2021,5,8.16111111111111,18,8.44,7.8125,6,8.875,7.95714285714286,10,8,1,4,14,4701,2873,1828,581,1311,3390,7.80128848330143,8.23143482074487,7.1252433916849,7.24695352839931,7.96866131960336,7.73656111209439,239
"233",2021,6,6.28571428571429,7,9,5.2,4.5,NA,6.28571428571429,2,5,2,0,7,4708,2875,1833,583,1311,3397,7.79903508071368,8.23196947478262,7.11999177304965,7.23753001715266,7.96866131960336,7.73357143656167,240
"234",2021,7,7.84285714285714,7,8.66666666666667,7.225,7.5,8.45,7.6,3,4,2,2,5,4715,2878,1837,585,1313,3402,7.79910013997879,8.23242259902711,7.12022042460533,7.23842735042735,7.96939450875857,7.73337512345679,241
"235",2021,8,7.825,8,7.96,7.6,7.8,8.6,7.36,5,3,1,3,5,4723,2883,1840,586,1316,3407,7.79914401016303,8.23195013527576,7.12100267391304,7.23938566552901,7.97083205927052,7.73282717053126,242
"236",2021,9,7.38333333333333,6,7.625,6.9,NA,6,7.66,4,2,0,1,5,4729,2887,1842,586,1317,3412,7.79861644322267,8.23110919293385,7.12076271444082,7.23938566552901,7.96933560364465,7.73272044841735,243
"237",2021,10,8.27692307692308,13,8.66666666666667,7.94285714285714,NA,9.5,8.05454545454545,6,7,0,2,11,4742,2893,1849,586,1319,3423,7.79992770139182,8.23201252678881,7.12387502433748,7.23938566552901,7.97165655041698,7.73375465089103,244
"238",2021,11,7.99166666666667,12,9.03333333333333,6.95,5.5,9,7.79,6,6,2,2,10,4754,2899,1855,588,1321,3433,7.80041168700042,8.23367100379442,7.12331262533693,7.2334693877551,7.9732134670704,7.73391848820274,245
"239",2021,12,7.3125,16,8.07142857142857,6.72222222222222,6.33333333333333,5,7.46666666666667,7,9,3,1,15,4770,2906,1864,591,1322,3448,7.79877508595388,8.23328019270476,7.12137603004292,7.22890016920474,7.97096444024206,7.73275584976798,246
"240",2022,1,8.02857142857143,28,8.38125,7.55833333333333,6.33333333333333,9.5,7.91538461538462,16,12,3,2,26,4798,2922,1876,594,1324,3474,7.80011612338475,8.23409043121151,7.12417106609808,7.22437710437711,7.97327416163142,7.73412267415083,247
"241",2022,2,7.78,10,7.9,7.5,7,7,7.975,7,3,1,2,8,4808,2929,1879,595,1326,3482,7.80007428452579,8.23329199044043,7.12477111229377,7.224,7.97180617647059,7.73467609707065,248
"242",2022,3,7.77777777777778,9,7.375,8.1,6,7.5,7.85714285714286,4,5,2,2,7,4817,2933,1884,597,1328,3489,7.80003262611584,8.23212145925674,7.12735929936306,7.21989949748744,7.971095625,7.73492180280882,249
"243",2022,4,8.34615384615385,13,8.5,8.21428571428571,7.75,6.5,8.68181818181818,6,7,2,2,11,4830,2939,1891,599,1330,3500,7.80150251759835,8.23266833616877,7.1313828239027,7.2216694490818,7.96888345112782,7.73789776285714,250
"244",2022,5,7.34210526315789,19,8.09090909090909,6.3125,NA,8.8,6.82142857142857,11,8,0,5,14,4849,2950,1899,599,1335,3514,7.79970244586513,8.23213974237289,7.12793308056872,7.2216694490818,7.97199624719101,7.73424649117814,251
"245",2022,6,7.6875,8,7.33333333333333,7.9,NA,NA,7.6875,3,5,0,0,8,4857,2953,1904,599,1335,3522,7.79951763640107,8.23122663054521,7.12996056722689,7.2216694490818,7.97199624719101,7.73414030948324,252
"246",2022,7,8.00909090909091,11,7.95,8.16666666666667,NA,7.66666666666667,8.1375,8,3,0,3,8,4868,2961,1907,599,1338,3530,7.79999119967132,8.23046681526512,7.13159146303094,7.2216694490818,7.97131165171898,7.73505443909348,253
"247",2022,8,6.9625,12,7.6,6.50714285714286,NA,6,7.05,5,7,0,1,11,4880,2966,1914,599,1339,3541,7.79793179508197,8.2294039919083,7.1293076907001,7.2216694490818,7.96983942494399,7.73292634001694,254
