"","year","month","avg_rating","no_ratings","avg_rating_owned","avg_rating_not_owned","avg_rating_prev_owned","avg_rating_comment","avg_rating_no_comment","no_ratings_owned","no_ratings_not_owned","no_ratings_prev_owned","no_ratings_comment","no_ratings_no_comment","cum_no_ratings","cum_no_ratings_owned","cum_no_ratings_not_owned","cum_no_ratings_prev_owned","cum_no_ratings_comment","cum_no_ratings_no_comment","cum_avg_rating","cum_avg_rating_owned","cum_avg_rating_not_owned","cum_avg_rating_prev_owned","cum_avg_rating_comment","cum_avg_rating_no_comment","month_after_release"
"1",2001,10,6,2,6,NA,NA,5,7,2,0,0,1,1,2,2,0,0,1,1,6,6,NA,NA,5,7,0
"2",2001,11,9,1,9,NA,NA,NA,9,1,0,0,0,1,3,3,0,0,1,2,7,7,NA,NA,5,8,1
"3",2001,12,6.5,2,7,6,NA,6,7,1,1,0,1,1,5,4,1,0,2,3,6.8,7,6,NA,5.5,7.66666666666667,2
"4",2002,1,4,3,3.5,5,NA,NA,4,2,1,0,0,3,8,6,2,0,2,6,5.75,5.83333333333333,5.5,NA,5.5,5.83333333333333,3
"5",2002,2,6,1,6,NA,NA,6,NA,1,0,0,1,0,9,7,2,0,3,6,5.77777777777778,5.85714285714286,5.5,NA,5.66666666666667,5.83333333333333,4
"6",2002,3,3,1,3,NA,NA,NA,3,1,0,0,0,1,10,8,2,0,3,7,5.5,5.5,5.5,NA,5.66666666666667,5.42857142857143,5
"7",2002,4,7.5,2,7.5,NA,NA,NA,7.5,2,0,0,0,2,12,10,2,0,3,9,5.83333333333333,5.9,5.5,NA,5.66666666666667,5.88888888888889,6
"8",2002,5,6,1,6,NA,NA,NA,6,1,0,0,0,1,13,11,2,0,3,10,5.84615384615385,5.90909090909091,5.5,NA,5.66666666666667,5.9,7
"9",2002,6,3,1,3,NA,NA,3,NA,1,0,0,1,0,14,12,2,0,4,10,5.64285714285714,5.66666666666667,5.5,NA,5,5.9,8
"10",2002,7,6.5,3,7.25,5,NA,5,7.25,2,1,0,1,2,17,14,3,0,5,12,5.79411764705882,5.89285714285714,5.33333333333333,NA,5,6.125,9
"11",2002,8,5.75,4,5.75,NA,NA,NA,5.75,4,0,0,0,4,21,18,3,0,5,16,5.78571428571429,5.86111111111111,5.33333333333333,NA,5,6.03125,10
"12",2002,9,6.1,5,8.33333333333333,2.75,NA,NA,6.1,3,2,0,0,5,26,21,5,0,5,21,5.84615384615385,6.21428571428571,4.3,NA,5,6.04761904761905,11
"13",2002,10,6,1,6,NA,NA,6,NA,1,0,0,1,0,27,22,5,0,6,21,5.85185185185185,6.20454545454545,4.3,NA,5.16666666666667,6.04761904761905,12
"14",2002,11,4.83333333333333,6,5,4.5,4,5.5,4.5,4,2,1,2,4,33,26,7,1,8,25,5.66666666666667,6.01923076923077,4.35714285714286,4,5.25,5.8,13
"15",2002,12,5.66666666666667,6,5.66666666666667,NA,NA,NA,5.66666666666667,6,0,0,0,6,39,32,7,1,8,31,5.66666666666667,5.953125,4.35714285714286,4,5.25,5.7741935483871,14
"16",2003,1,5.92857142857143,7,6.5,4.5,NA,5.875,6,5,2,0,4,3,46,37,9,1,12,34,5.70652173913043,6.02702702702703,4.38888888888889,4,5.45833333333333,5.79411764705882,15
"17",2003,2,6.25,4,6.33333333333333,6,NA,7,5.5,3,1,0,2,2,50,40,10,1,14,36,5.75,6.05,4.55,4,5.67857142857143,5.77777777777778,16
"18",2003,3,6.4,5,6.33333333333333,6.5,NA,NA,6.4,3,2,0,0,5,55,43,12,1,14,41,5.80909090909091,6.06976744186047,4.875,4,5.67857142857143,5.85365853658537,17
"19",2003,4,5.75,4,5.33333333333333,7,NA,3,6.66666666666667,3,1,0,1,3,59,46,13,1,15,44,5.80508474576271,6.02173913043478,5.03846153846154,4,5.5,5.90909090909091,18
"20",2003,5,6.33333333333333,6,6.2,7,NA,7.5,5.75,5,1,0,2,4,65,51,14,1,17,48,5.85384615384615,6.03921568627451,5.17857142857143,4,5.73529411764706,5.89583333333333,19
"21",2003,6,6.29166666666667,12,7.21428571428571,5,6,5.57142857142857,7.3,7,5,1,7,5,77,58,19,2,24,53,5.92207792207792,6.18103448275862,5.13157894736842,5,5.6875,6.02830188679245,20
"22",2003,7,5.98846153846154,26,6.33571428571429,5.58333333333333,5,6.83333333333333,5.735,14,12,1,6,20,103,72,31,3,30,73,5.93883495145631,6.21111111111111,5.30645161290323,5,5.91666666666667,5.94794520547945,21
"23",2003,8,6.66666666666667,9,7,5.5,NA,8,6.28571428571429,7,2,0,2,7,112,79,33,3,32,80,5.99732142857143,6.28101265822785,5.31818181818182,5,6.046875,5.9775,22
"24",2003,9,6.41666666666667,6,6.5,6.25,7,6.75,6.25,4,2,1,2,4,118,83,35,4,34,84,6.01864406779661,6.29156626506024,5.37142857142857,5.5,6.08823529411765,5.99047619047619,23
"25",2003,10,5.57142857142857,7,6.6,3,3,3,6,5,2,1,1,6,125,88,37,5,35,90,5.9936,6.30909090909091,5.24324324324324,5,6,5.99111111111111,24
"26",2003,11,7.2,5,8,6,NA,9,6,3,2,0,2,3,130,91,39,5,37,93,6.04,6.36483516483517,5.28205128205128,5,6.16216216216216,5.99139784946237,25
"27",2003,12,5.75,10,5.875,5.66666666666667,7,5.5,5.8125,4,6,1,2,8,140,95,45,6,39,101,6.01928571428572,6.34421052631579,5.33333333333333,5.33333333333333,6.12820512820513,5.97722772277228,26
"28",2004,1,6.27272727272727,11,7.16666666666667,5.2,NA,6,6.33333333333333,6,5,0,2,9,151,101,50,6,41,110,6.03774834437086,6.39306930693069,5.32,5.33333333333333,6.1219512195122,6.00636363636364,27
"29",2004,2,6.3,10,6.83333333333333,5.5,5,5.25,7,6,4,1,4,6,161,107,54,7,45,116,6.05403726708075,6.4177570093458,5.33333333333333,5.28571428571429,6.04444444444444,6.05775862068966,28
"30",2004,3,5.45454545454545,11,6,4,6,1,5.9,8,3,1,1,10,172,115,57,8,46,126,6.0156976744186,6.38869565217391,5.26315789473684,5.375,5.93478260869565,6.0452380952381,29
"31",2004,4,6.375,8,6.28571428571429,7,NA,6.66666666666667,6.2,7,1,0,3,5,180,122,58,8,49,131,6.03166666666667,6.3827868852459,5.29310344827586,5.375,5.97959183673469,6.05114503816794,30
"32",2004,5,6.44444444444444,9,6.44444444444444,NA,NA,6.5,6.4,9,0,0,4,5,189,131,58,8,53,136,6.05132275132275,6.38702290076336,5.29310344827586,5.375,6.0188679245283,6.06397058823529,31
"33",2004,6,6.75,10,6.75,6.75,NA,7.5,6.25,6,4,0,4,6,199,137,62,8,57,142,6.08643216080402,6.4029197080292,5.38709677419355,5.375,6.12280701754386,6.07183098591549,32
"34",2004,7,6.16666666666667,6,6.16666666666667,NA,NA,6.33333333333333,6,6,0,0,3,3,205,143,62,8,60,145,6.08878048780488,6.39300699300699,5.38709677419355,5.375,6.13333333333333,6.07034482758621,33
"35",2004,8,5.45454545454545,11,6.14285714285714,4.25,NA,5,6,7,4,0,6,5,216,150,66,8,66,150,6.05648148148148,6.38133333333333,5.31818181818182,5.375,6.03030303030303,6.068,34
"36",2004,9,5.33333333333333,6,5.33333333333333,NA,NA,5.33333333333333,5.33333333333333,6,0,0,3,3,222,156,66,8,69,153,6.03693693693694,6.34102564102564,5.31818181818182,5.375,6,6.05359477124183,35
"37",2004,10,5.66666666666667,9,6.2,5,NA,4.875,6.3,5,4,0,4,5,231,161,70,8,73,158,6.02251082251082,6.33664596273292,5.3,5.375,5.93835616438356,6.06139240506329,36
"38",2004,11,6.79166666666667,12,7.5,4.66666666666667,4,6.58333333333333,7,9,3,1,6,6,243,170,73,9,79,164,6.06049382716049,6.39823529411765,5.27397260273972,5.22222222222222,5.9873417721519,6.09573170731707,37
"39",2004,12,6.61111111111111,18,7.03846153846154,5.5,NA,6.30769230769231,7.4,13,5,0,13,5,261,183,78,9,92,169,6.09846743295019,6.44371584699454,5.28846153846154,5.22222222222222,6.03260869565217,6.13431952662722,38
"40",2005,1,6.41666666666667,18,6.03846153846154,7.4,7,6,6.5,13,5,1,3,15,279,196,83,10,95,184,6.11899641577061,6.41683673469388,5.41566265060241,5.4,6.03157894736842,6.16413043478261,39
"41",2005,2,5.76470588235294,17,6.15384615384615,4.5,3,5.8,5.75,13,4,1,5,12,296,209,87,11,100,196,6.09864864864865,6.40047846889952,5.3735632183908,5.18181818181818,6.02,6.13877551020408,40
"42",2005,3,6.05555555555556,9,6,6.16666666666667,NA,5.33333333333333,6.41666666666667,6,3,0,3,6,305,215,90,11,103,202,6.09737704918033,6.3893023255814,5.4,5.18181818181818,6,6.1470297029703,41
"43",2005,4,5.6,11,5.51428571428571,5.75,6,5.8,5.43333333333333,7,4,2,5,6,316,222,94,13,108,208,6.08006329113924,6.36171171171171,5.41489361702128,5.30769230769231,5.99074074074074,6.12644230769231,42
"44",2005,5,5.78571428571429,7,6.25,3,NA,6.16666666666667,5.5,6,1,0,3,4,323,228,95,13,111,212,6.07368421052631,6.35877192982456,5.38947368421053,5.30769230769231,5.9954954954955,6.11462264150943,43
"45",2005,6,5.33333333333333,12,5.4,5,NA,5.33333333333333,5.33333333333333,10,2,0,6,6,335,238,97,13,117,218,6.04716417910448,6.31848739495798,5.38144329896907,5.30769230769231,5.96153846153846,6.09311926605505,44
"46",2005,7,6.375,12,6.4,6.25,NA,6,6.40909090909091,10,2,0,1,11,347,248,99,13,118,229,6.05850144092219,6.32177419354839,5.3989898989899,5.30769230769231,5.96186440677966,6.10829694323144,45
"47",2005,8,5.6875,24,5.40625,6.25,5.66666666666667,5.14285714285714,5.91176470588235,16,8,3,7,17,371,264,107,16,125,246,6.03450134770889,6.26628787878788,5.46261682242991,5.375,5.916,6.09471544715447,46
"48",2005,9,5.8,5,6.33333333333333,5,5,6.5,5.33333333333333,3,2,1,2,3,376,267,109,17,127,249,6.0313829787234,6.26704119850187,5.45412844036697,5.35294117647059,5.9251968503937,6.0855421686747,47
"49",2005,10,6.15625,16,6.42307692307692,5,6,6.42857142857143,5.94444444444444,13,3,1,7,9,392,280,112,18,134,258,6.03647959183673,6.27428571428571,5.44196428571428,5.38888888888889,5.95149253731343,6.08062015503876,48
"50",2005,11,6.13888888888889,18,6.66666666666667,5.08333333333333,5,5.75,6.91666666666667,12,6,2,12,6,410,292,118,20,146,264,6.0409756097561,6.29041095890411,5.42372881355932,5.35,5.93493150684932,6.09962121212121,49
"51",2005,12,6.47368421052632,19,6.72727272727273,6.125,5.75,6.25,6.53333333333333,11,8,4,4,15,429,303,126,24,150,279,6.06013986013986,6.30627062706271,5.46825396825397,5.41666666666667,5.94333333333333,6.12293906810036,50
"52",2006,1,6.38125,16,7.05,5.26666666666667,NA,6.28888888888889,6.5,10,6,0,9,7,445,313,132,24,159,286,6.07168539325843,6.33003194888179,5.45909090909091,5.41666666666667,5.96289308176101,6.13216783216783,51
"53",2006,2,6.21875,16,6.42307692307692,5.33333333333333,NA,6,6.26923076923077,13,3,0,3,13,461,326,135,24,162,299,6.07678958785249,6.33374233128834,5.4562962962963,5.41666666666667,5.96358024691358,6.138127090301,52
"54",2006,3,5.78125,16,6.03846153846154,4.66666666666667,NA,4.25,6.29166666666667,13,3,0,4,12,477,339,138,24,166,311,6.06687631027254,6.32241887905605,5.43913043478261,5.41666666666667,5.92228915662651,6.14405144694534,53
"55",2006,4,5.70833333333333,12,5.88888888888889,5.16666666666667,NA,5.1,6.14285714285714,9,3,0,5,7,489,348,141,24,171,318,6.05807770961145,6.31120689655172,5.43333333333333,5.41666666666667,5.89824561403509,6.14402515723271,54
"56",2006,5,6.57272727272727,11,7.125,5.1,NA,6.95,6.35714285714286,8,3,0,4,7,500,356,144,24,175,325,6.0694,6.32949438202247,5.42638888888889,5.41666666666667,5.92228571428571,6.14861538461539,55
"57",2006,6,5.38888888888889,9,5.4375,5,NA,5.66666666666667,5.25,8,1,0,3,6,509,364,145,24,178,331,6.0573673870334,6.30989010989011,5.42344827586207,5.41666666666667,5.91797752808989,6.13232628398792,56
"58",2006,7,5.83478260869565,23,6.18823529411765,4.83333333333333,NA,5.38888888888889,6.12142857142857,17,6,0,9,14,532,381,151,24,187,345,6.04774436090225,6.30446194225722,5.4,5.41666666666667,5.89251336898396,6.13188405797102,57
"59",2006,8,6.03571428571429,14,6.03846153846154,6,NA,6.25,5.95,13,1,0,4,10,546,394,152,24,191,355,6.0474358974359,6.29568527918782,5.40394736842105,5.41666666666667,5.9,6.12676056338028,58
"60",2006,9,6.07826086956522,23,6.42857142857143,5.53333333333333,5.4,5.54285714285714,6.3125,14,9,2,7,16,569,408,161,26,198,371,6.04868189806678,6.30024509803922,5.4111801242236,5.41538461538462,5.88737373737374,6.13477088948787,59
"61",2006,10,6.71875,16,6.65384615384615,7,NA,6,6.88461538461539,13,3,0,3,13,585,421,164,26,201,384,6.06700854700855,6.31116389548694,5.44024390243902,5.41538461538462,5.88905472636816,6.16015625,60
"62",2006,11,5.59523809523809,21,6.07692307692308,4.8125,6,5.8,5.40909090909091,13,8,1,10,11,606,434,172,27,211,395,6.0506600660066,6.30414746543779,5.41104651162791,5.43703703703704,5.88483412322275,6.13924050632911,61
"63",2006,12,6.24193548387097,31,6.3125,6,6,5.92857142857143,6.33333333333333,24,7,1,7,24,637,458,179,28,218,419,6.05996860282575,6.30458515283843,5.4340782122905,5.45714285714286,5.88623853211009,6.15035799522673,62
"64",2007,1,5.94339622641509,53,6.06060606060606,5.75,6.33333333333333,5.93333333333333,5.94736842105263,33,20,3,15,38,690,491,199,31,233,457,6.05101449275362,6.28818737270876,5.46582914572864,5.54193548387097,5.88927038626609,6.13347921225383,63
"65",2007,2,5.836,25,5.85555555555556,5.78571428571429,3,5,6.045,18,7,1,5,20,715,509,206,32,238,477,6.0434965034965,6.27288801571709,5.47669902912621,5.4625,5.87058823529412,6.12976939203354,64
"66",2007,3,6.42222222222222,27,6.47,6.28571428571429,6.5,6.55,6.34705882352941,20,7,2,10,17,742,529,213,34,248,494,6.05727762803235,6.28034026465028,5.50328638497653,5.52352941176471,5.89798387096774,6.13724696356275,65
"67",2007,4,6.275,20,6.5,5.85714285714286,6,6.92857142857143,5.92307692307692,13,7,1,7,13,762,542,220,35,255,507,6.06299212598425,6.28560885608856,5.51454545454545,5.53714285714286,5.92627450980392,6.13175542406312,66
"68",2007,5,5.82745714285714,35,5.86844,5.725,4.75,5.64007142857143,5.95238095238095,25,10,4,14,21,797,567,230,39,269,528,6.0526486825596,6.2672151675485,5.52369565217391,5.45641025641026,5.91137918215613,6.12462121212121,67
"69",2007,6,6.11904761904762,21,6.23076923076923,5.9375,6.5,6.38888888888889,5.91666666666667,13,8,1,9,12,818,580,238,40,278,540,6.0543533007335,6.26639827586207,5.53760504201681,5.4825,5.9268381294964,6.12,68
"70",2007,7,6.14285714285714,14,6.6,5,4,6,6.18181818181818,10,4,1,3,11,832,590,242,41,281,551,6.05584254807692,6.27205254237288,5.52871900826446,5.44634146341463,5.92761921708185,6.12123411978222,69
"71",2007,8,6.425,20,6.36666666666667,6.6,NA,6.6875,6.25,15,5,0,8,12,852,605,247,41,289,563,6.06450821596244,6.27439834710744,5.5504048582996,5.44634146341463,5.94865397923875,6.12397868561279,70
"72",2007,9,6.05555555555556,27,6.25,5.66666666666667,3.33333333333333,5.5,6.4375,18,9,3,11,16,879,623,256,44,300,579,6.06423321956769,6.27369341894061,5.5544921875,5.30227272727273,5.93220333333333,6.13264248704663,71
"73",2007,10,6.24347826086957,23,6.28181818181818,6.20833333333333,6,6.1,6.28333333333333,11,12,1,5,18,902,634,268,45,305,597,6.06880376940133,6.27383438485804,5.58376865671642,5.31777777777778,5.93495409836066,6.13718592964824,72
"74",2007,11,5.90740740740741,27,6.05,5.5,NA,5.3,6.04545454545455,20,7,0,5,22,929,654,275,45,310,619,6.0641130247578,6.26698929663609,5.58163636363636,5.31777777777778,5.92471290322581,6.13392568659128,73
"75",2007,12,5.67115384615385,52,5.86774193548387,5.38095238095238,4.33333333333333,5.36842105263158,5.84545454545455,31,21,3,19,33,981,685,296,48,329,652,6.04328338430173,6.24892116788321,5.56739864864865,5.25625,5.89258662613982,6.11932515337423,74
"76",2008,1,6.5,40,6.68333333333333,5.95,6,6.47222222222222,6.52272727272727,30,10,1,18,22,1021,715,306,49,347,674,6.06117629774731,6.26714825174825,5.57990196078431,5.27142857142857,5.92265417867435,6.13249258160238,75
"77",2008,2,6.26785714285714,28,6.64285714285714,5.89285714285714,6,5.86363636363636,6.52941176470588,14,14,4,11,17,1049,729,320,53,358,691,6.06669304099142,6.27436351165981,5.59359375,5.32641509433962,5.92084078212291,6.14225759768452,76
"78",2008,3,5.89655172413793,29,5.95238095238095,5.75,6,5.5,6.075,21,8,1,9,20,1078,750,328,54,367,711,6.0621159554731,6.265348,5.59740853658537,5.33888888888889,5.9105204359673,6.14036568213784,77
"79",2008,4,5.74,25,5.78571428571429,5.5,5.66666666666667,6,5.69047619047619,21,4,3,4,21,1103,771,332,57,371,732,6.05481504986401,6.25228404669261,5.59623493975904,5.35614035087719,5.91148517520216,6.12745901639344,78
"80",2008,5,5.77631578947368,38,6.13157894736842,5.42105263157895,5.5,5.91666666666667,5.65,19,19,6,18,20,1141,790,351,63,389,752,6.04553987730061,6.24938101265823,5.58675213675214,5.36984126984127,5.91172493573265,6.11476063829787,79
"81",2008,6,6.26086956521739,23,6.46153846153846,6,6.25,5.71428571428571,6.5,13,10,2,7,16,1164,803,361,65,396,768,6.04979467353952,6.25281569115816,5.59819944598338,5.39692307692308,5.90823484848485,6.12278645833333,80
"82",2008,7,6.12758620689655,29,6.12857142857143,6.125,5.33333333333333,6.34375,5.86153846153846,21,8,3,16,13,1193,824,369,68,412,781,6.05168566638726,6.24964927184466,5.60962059620596,5.39411764705882,5.92514805825243,6.11843790012804,81
"83",2008,8,6.01923076923077,26,6.03571428571429,6,6.16666666666667,5.83333333333333,6.11764705882353,14,12,6,9,17,1219,838,381,74,421,798,6.05099343724364,6.24607517899761,5.62191601049869,5.45675675675676,5.92318527315915,6.11842105263158,82
"84",2008,9,5.95,30,6.02777777777778,5.83333333333333,5,5.9375,5.95454545454545,18,12,5,8,22,1249,856,393,79,429,820,6.0485676541233,6.24148481308411,5.62837150127226,5.42784810126582,5.92345221445221,6.1140243902439,83
"85",2008,10,6.33347826086957,23,6.52777777777778,5.634,6.585,5.64285714285714,6.635625,18,5,2,7,16,1272,874,398,81,436,836,6.05371933962264,6.24738100686499,5.62844221105528,5.45641975308642,5.91894724770642,6.12400717703349,84
"86",2008,11,5.48235294117647,17,5.54166666666667,5.34,4,5.2,5.6,12,5,1,5,12,1289,886,403,82,441,848,6.04618386346005,6.23782279909706,5.6248635235732,5.43865853658537,5.91079591836735,6.11659198113208,85
"87",2008,12,5.71212121212121,33,6.125,5.07692307692308,4.75,4.5,5.98148148148148,20,13,4,6,27,1322,906,416,86,447,875,6.03784493192133,6.23533222958057,5.60774038461538,5.40662790697675,5.89185906040268,6.11242285714286,86
"88",2009,1,6.11111111111111,54,6.15789473684211,6,6,5.83333333333333,6.25,38,16,7,18,36,1376,944,432,93,465,911,6.04072020348837,6.23221504237288,5.62226851851852,5.45129032258065,5.8895935483871,6.11785949506037,87
"89",2009,2,5.68888888888889,27,5.77058823529412,5.55,5.41666666666667,5.41666666666667,5.76666666666667,17,10,6,6,21,1403,961,442,99,471,932,6.03394939415538,6.22404890738814,5.6206334841629,5.44919191919192,5.88356900212314,6.10994635193133,88
"90",2009,3,5.7046511627907,43,6.47083333333333,4.73684210526316,4.85714285714286,5.71428571428571,5.70277777777778,24,19,7,7,36,1446,985,461,106,478,968,6.02415698478562,6.23006192893401,5.58420824295011,5.41009433962264,5.881089958159,6.09480371900827,89
"91",2009,4,6.18,21,6.18533333333333,6.16666666666667,6.16666666666667,5.83333333333333,6.23777777777778,15,6,3,3,18,1467,1000,467,109,481,986,6.026387866394,6.229391,5.59169164882227,5.43091743119266,5.8807920997921,6.09741379310345,90
"92",2009,5,6.33333333333333,24,6.875,6.0625,6,6,6.53333333333333,8,16,5,9,15,1491,1008,483,114,490,1001,6.03132863849765,6.23451488095238,5.60728778467909,5.45587719298246,5.88298163265306,6.10394605394606,91
"93",2009,6,5.77272727272727,22,6.27777777777778,5.42307692307692,5.83333333333333,6.08333333333333,5.65625,9,13,3,6,16,1513,1017,496,117,496,1017,6.02756840713814,6.23489773844641,5.60245967741935,5.46555555555556,5.88540524193548,6.09690265486726,92
"94",2009,7,5.86774193548387,31,6.10555555555556,5.53846153846154,5.5,4.85714285714286,6.1625,18,13,4,7,24,1544,1035,509,121,503,1041,6.02435945595855,6.23264830917874,5.60082514734774,5.46669421487603,5.87109542743539,6.09841498559078,93
"95",2009,8,5.61111111111111,27,5.97222222222222,4.88888888888889,5.625,6.3,5.45454545454545,18,9,4,5,22,1571,1053,518,125,508,1063,6.01725716104392,6.22819658119658,5.5884555984556,5.47176,5.87531692913386,6.08508936970837,94
"96",2009,9,6.06756756756757,37,6.72727272727273,5.1,5.25,5.55,6.25925925925926,22,15,2,10,27,1608,1075,533,127,518,1090,6.01841480099503,6.23841023255814,5.57470919324578,5.46826771653543,5.86903667953668,6.08940366972477,95
"97",2009,10,5.92857142857143,35,5.75,6.16666666666667,5.66666666666667,6.04166666666667,5.8695652173913,20,15,3,12,23,1643,1095,548,130,530,1113,6.01650091296409,6.22948949771689,5.59091240875912,5.47284615384616,5.87294528301887,6.08486073674753,96
"98",2009,11,5.84615384615385,39,6.08333333333333,5.46666666666667,5.125,5.0625,6.04838709677419,24,15,8,8,31,1682,1119,563,138,538,1144,6.01255112960761,6.22635478105451,5.58760213143872,5.45268115942029,5.86089405204461,6.08387237762238,97
"99",2009,12,5.62115384615385,52,6.03714285714286,4.76470588235294,4.2,4.79166666666667,5.87,35,17,5,12,40,1734,1154,580,143,550,1184,6.0008137254902,6.22061611785095,5.56348275862069,5.40888111888112,5.83756545454545,6.07664695945946,98
"100",2010,1,6.18818181818182,55,6.3078125,6.02173913043478,5.72727272727273,6,6.24642857142857,32,23,11,13,42,1789,1186,603,154,563,1226,6.00657406372275,6.22296880269815,5.58096185737977,5.43162337662338,5.8413161634103,6.08246329526917,99
"101",2010,2,6.17179487179487,39,6.525,5.27272727272727,6.25,5.375,6.37741935483871,28,11,4,8,31,1828,1214,614,158,571,1257,6.01009901531729,6.22993492586491,5.57543973941368,5.4523417721519,5.83478283712785,6.08973747016707,100
"102",2010,3,6.00703703703704,27,6.1,5.89083333333333,3,5.5,6.12227272727273,15,12,1,5,22,1855,1229,626,159,576,1279,6.01005444743935,6.2283490642799,5.58148562300319,5.43691823899371,5.83187673611111,6.09029710711494,101
"103",2010,4,5.72727272727273,22,5.925,3.75,NA,5.5,5.91666666666667,20,2,0,10,12,1877,1249,628,159,586,1291,6.0067400106553,6.22349159327462,5.57565286624204,5.43691823899371,5.82621331058021,6.08868319132456,102
"104",2010,5,5.97741935483871,31,6.6,5.11538461538461,4.8,5.64285714285714,6.075,18,13,5,7,24,1908,1267,641,164,593,1315,6.00626362683438,6.22884056827151,5.56631825273011,5.4175,5.82404890387858,6.08843346007605,103
"105",2010,6,6.08095238095238,21,6.15714285714286,5.92857142857143,5.83333333333333,6.25,6.06315789473684,14,7,3,2,19,1929,1281,648,167,595,1334,6.00707672369103,6.22805698672912,5.57023148148148,5.42497005988024,5.82548067226891,6.08807346326837,104
"106",2010,7,6.24166666666667,36,6.216,6.3,7.25,6.63636363636364,6.068,25,11,4,11,25,1965,1306,659,171,606,1359,6.01137455470738,6.22782618683002,5.58241274658574,5.46766081871345,5.840199669967,6.08770419426049,105
"107",2010,8,6.43055555555556,36,6.78260869565217,5.80769230769231,5.33333333333333,6.2,6.51923076923077,23,13,3,10,26,2001,1329,672,174,616,1385,6.01891604197901,6.2374273890143,5.58677083333333,5.46534482758621,5.84604058441558,6.09580505415163,106
"108",2010,9,6.30344827586207,29,6.66470588235294,5.79166666666667,5.5,6.5,6.25217391304348,17,12,2,6,23,2030,1346,684,176,622,1408,6.02298078817734,6.24282392273403,5.59036549707602,5.46573863636364,5.85234887459807,6.098359375,107
"109",2010,10,6.125,16,7.16666666666667,4.78571428571429,6,6.4,6,9,7,1,5,11,2046,1355,691,177,627,1419,6.02377859237537,6.24896014760148,5.58221418234443,5.46875706214689,5.85671610845295,6.09759689922481,108
"110",2010,11,6.36111111111111,18,6.63636363636364,5.92857142857143,5.5,6.5,6.30769230769231,11,7,3,5,13,2064,1366,698,180,632,1432,6.02672044573643,6.25207979502196,5.58568767908309,5.46927777777778,5.86180537974684,6.09950418994414,109
"111",2010,12,6.04390243902439,41,6.5,5.33125,5,6.55555555555556,5.9,25,16,2,9,32,2105,1391,714,182,641,1464,6.02705510688836,6.25653558590942,5.57998599439776,5.46412087912088,5.87154602184087,6.09514344262295,110
"112",2011,1,5.89795918367347,49,6.38709677419355,5.05555555555556,4.25,5.3125,6.01219512195122,31,18,4,8,41,2154,1422,732,186,649,1505,6.02411838440112,6.25938185654008,5.56709016393443,5.43801075268817,5.86465485362096,6.09288372093023,111
"113",2011,2,6.41341463414634,41,6.74821428571429,5.69230769230769,5.6,6.3,6.45,28,13,5,10,31,2195,1450,745,191,659,1536,6.03138997722096,6.26882137931035,5.56927516778524,5.44225130890053,5.87126100151745,6.10009114583333,112
"114",2011,3,6.03888888888889,18,6.20769230769231,5.6,5,7,5.98235294117647,13,5,1,1,17,2213,1463,750,192,660,1553,6.03145097153186,6.26827819548872,5.56948,5.43994791666667,5.87297121212121,6.09880231809401,113
"115",2011,4,6.17237931034483,29,6.46875,5.80761538461538,6.03333333333333,6.84,6.03329166666667,16,13,6,5,24,2242,1479,763,198,665,1577,6.03327386262266,6.27044692359703,5.5735373525557,5.45792929292929,5.88024210526316,6.09780532656944,114
"116",2011,5,6.44,25,6.64285714285714,6.18181818181818,7,6.2,6.51578947368421,14,11,2,6,19,2267,1493,774,200,671,1596,6.03775915306573,6.27393904889484,5.58218217054264,5.47335,5.88310134128167,6.1027813283208,115
"117",2011,6,6.25,20,6.66666666666667,5.625,4.66666666666667,5,6.47058823529412,12,8,3,3,17,2287,1505,782,203,674,1613,6.03961521644075,6.27707043189369,5.58262020460358,5.46142857142857,5.8791706231454,6.10665778053317,116
"118",2011,7,6.20714285714286,28,6.73684210526316,5.08888888888889,5.66666666666667,5.9375,6.315,19,9,3,8,20,2315,1524,791,206,682,1633,6.04164146868251,6.28280249343832,5.57700252844501,5.46441747572816,5.87985483870968,6.10920943049602,117
"119",2011,8,6.56818181818182,22,6.58823529411765,6.5,8,6.875,6.5,17,5,1,4,18,2337,1541,796,207,686,1651,6.04659820282413,6.28617196625568,5.58280025125628,5.47666666666667,5.88565743440233,6.11347001817081,118
"120",2011,9,5.97619047619048,21,6.03571428571429,5.85714285714286,6.5,5.83333333333333,6.03333333333333,14,7,1,6,15,2358,1555,803,208,692,1666,6.0459711620017,6.28391704180064,5.58519178082192,5.48158653846154,5.88520375722543,6.11274849939976,119
"121",2011,10,6.02,35,6.25,5.35555555555556,5.25,5.94444444444444,6.04615384615385,26,9,4,9,26,2393,1581,812,212,701,1692,6.04559130798161,6.28335926628716,5.58264655172414,5.47721698113208,5.88596433666191,6.11172517730497,120
"122",2011,11,5.68275862068965,29,6.2375,5,5.75,4.8,5.86666666666667,16,13,2,5,24,2422,1597,825,214,706,1716,6.04124690338563,6.28289981214778,5.57346545454546,5.47976635514019,5.87827337110482,6.10829778554779,121
"123",2011,12,6.10441176470588,34,6.3275,5.78571428571429,5.16666666666667,6.41666666666667,5.992,20,14,6,9,25,2456,1617,839,220,715,1741,6.04212133550489,6.2834514533086,5.57700715137068,5.47122727272727,5.88505034965035,6.10662780011488,122
"124",2012,1,6.06031746031746,63,6.43409090909091,5.19473684210526,5.53333333333333,6.125,6.05090909090909,44,19,6,8,55,2519,1661,858,226,723,1796,6.04257641921397,6.28744190246839,5.56854195804196,5.47287610619469,5.88770539419087,6.1049214922049,123
"125",2012,2,6.38892857142857,28,6.375,6.42375,7,7.5,6.30346153846154,20,8,2,2,26,2547,1681,866,228,725,1822,6.0463839811543,6.28848364069007,5.57644226327945,5.48627192982456,5.89215310344828,6.10775466520307,124
"126",2012,3,6.32083333333333,24,6.27647058823529,6.42857142857143,10,6.9,6.16842105263158,17,7,1,5,19,2571,1698,873,229,730,1841,6.04894593543368,6.28836336866902,5.58327491408935,5.50598253275109,5.89905616438356,6.10838077131994,125
"127",2012,4,6.06285714285714,35,6.43181818181818,5.43846153846154,3.75,5.52857142857143,6.19642857142857,22,13,4,7,28,2606,1720,886,233,737,1869,6.04913277052955,6.29019825581395,5.58115011286682,5.47583690987125,5.89553731343284,6.10969983948636,126
"128",2012,5,6.5,36,6.53448275862069,6.35714285714286,6,5.9,6.73076923076923,29,7,3,10,26,2642,1749,893,236,747,1895,6.05527630582892,6.2942487135506,5.58723292273236,5.4825,5.89559705488621,6.11822110817942,127
"129",2012,6,6.16666666666667,39,6.7,5.21428571428571,5.8,7.875,5.97142857142857,25,14,5,4,35,2681,1774,907,241,751,1930,6.05689668034316,6.29996674182638,5.5814762954796,5.48908713692946,5.90613981358189,6.11555906735751,128
"130",2012,7,6.2709375,32,6.43181818181818,5.917,5,5.7,6.46125,22,10,1,8,24,2713,1796,917,242,759,1954,6.0594213048286,6.30158184855234,5.58513522355507,5.48706611570248,5.90396706192358,6.11980501535312,129
"131",2012,8,6.08461538461538,26,6.08333333333333,6.0875,6.425,5.07142857142857,6.45789473684211,18,8,4,7,19,2739,1814,925,246,766,1973,6.05966046002191,6.29941620727674,5.58948,5.50231707317073,5.8963590078329,6.12306082108464,130
"132",2012,9,6.3625,24,6.37894736842105,6.3,6,5.83333333333333,6.43809523809524,19,5,1,3,21,2763,1833,930,247,769,1994,6.06229098805646,6.30024058919804,5.5933,5.50433198380567,5.89611313394018,6.12637863590772,131
"133",2012,10,6.55833333333333,24,6.93529411764706,5.64285714285714,5,7,6.51818181818182,17,7,2,2,22,2787,1850,937,249,771,2016,6.06656261212774,6.30607621621622,5.59367022411953,5.50028112449799,5.8989766536965,6.13065426587302,132
"134",2012,11,6.2703125,32,6.73571428571429,5.38181818181818,5.16666666666667,6.50454545454545,6.14761904761905,21,11,3,11,21,2819,1871,948,252,782,2037,6.06887548776162,6.31089845002673,5.59121202531646,5.49630952380953,5.90749488491049,6.13082916053019,133
"135",2012,12,5.89375,48,6.17,5.43333333333333,5.5,5.64545454545455,5.96756756756757,30,18,4,11,37,2867,1901,966,256,793,2074,6.06594349494245,6.30867490794319,5.5882701863354,5.4963671875,5.90386002522068,6.12791658630665,134
"136",2013,1,6.39396551724138,58,6.59756097560976,5.90294117647059,6.42,6.03333333333333,6.46020408163265,41,17,5,9,49,2925,1942,983,261,802,2123,6.07244786324787,6.31477394438723,5.59371210579858,5.51406130268199,5.90531296758105,6.13558596325954,135
"137",2013,2,6.39705882352941,34,7.15,5.32142857142857,5.1,6.07142857142857,6.48148148148148,20,14,5,7,27,2959,1962,997,266,809,2150,6.07617776275769,6.3232879714577,5.58988866599799,5.50627819548872,5.90675030902349,6.13992976744186,136
"138",2013,3,5.94152631578947,38,6.11912,5.6,4.66,5.9156,5.94545454545455,25,13,5,5,33,2997,1987,1010,271,814,2183,6.07447047047047,6.32071917463513,5.59001881188119,5.49066420664207,5.90680466830467,6.13698992212552,137
"139",2013,4,5.57941176470588,34,5.76086956521739,5.2,5.375,5.5,5.59310344827586,23,11,4,5,29,3031,2010,1021,275,819,2212,6.06891718904652,6.31431293532338,5.58581684622919,5.48898181818182,5.90432112332112,6.12985940325497,138
"140",2013,5,5.88472222222222,36,6.12608695652174,5.45769230769231,5.75,5.57142857142857,5.96034482758621,23,13,6,7,29,3067,2033,1034,281,826,2241,6.06675513531138,6.31218347270044,5.58420599613153,5.49455516014235,5.9015,6.12766577420794,139
"141",2013,6,6.03846153846154,26,6.29411764705882,5.55555555555556,5.5,6,6.05263157894737,17,9,4,7,19,3093,2050,1043,285,833,2260,6.06651729712254,6.31203365853659,5.58395877277085,5.49463157894737,5.90232773109244,6.12703495575221,140
"142",2013,7,6.50909090909091,33,6.61666666666667,6.22222222222222,6.5,5.875,6.59655172413793,24,9,2,4,29,3126,2074,1052,287,837,2289,6.07118937939859,6.31555882352941,5.58941920152091,5.50163763066202,5.90219713261649,6.13298339886413,141
"143",2013,8,6.06111111111111,36,6.16785714285714,5.6875,5.75,5.625,6.115625,28,8,4,4,32,3162,2102,1060,291,841,2321,6.07107463630614,6.31359134157945,5.59015943396226,5.50505154639175,5.90087871581451,6.13274407582939,142
"144",2013,9,6.31785714285714,28,6.74761904761905,5.02857142857143,4.675,5.375,6.475,21,7,4,4,24,3190,2123,1067,295,845,2345,6.0732407523511,6.31788459726802,5.58647516401125,5.49379661016949,5.89838934911243,6.13624690831557,143
"145",2013,10,6.2758064516129,31,6.40217391304348,5.9125,5.9,6.875,6.132,23,8,2,6,25,3221,2146,1075,297,851,2370,6.07519031356722,6.31878797763281,5.58890139534884,5.49653198653199,5.9052749706228,6.13620210970464,144
"146",2013,11,6.34310344827586,29,6.99705882352941,5.41666666666667,5.91666666666667,6.59375,6.24761904761905,17,12,6,8,21,3250,2163,1087,303,859,2391,6.07758092307693,6.32411881645862,5.587,5.50485148514852,5.9116868451688,6.13718067754078,145
"147",2013,12,6.0044776119403,67,6.34878048780488,5.46153846153846,5.1875,4.5,6.18,41,26,8,7,60,3317,2204,1113,311,866,2451,6.07610431112451,6.3245775862069,5.58406918238994,5.49668810289389,5.90027598152425,6.13822888616891,146
"148",2014,1,6.33333333333333,81,6.53214285714286,5.888,5.875,6.46153846153846,6.30882352941176,56,25,8,13,68,3398,2260,1138,319,879,2519,6.08223602118894,6.32972079646018,5.5907460456942,5.50617554858934,5.90857679180887,6.14283406113537,147
"149",2014,2,5.92272727272727,44,6.33333333333333,5.43,5.125,4.625,6.21111111111111,24,20,8,8,36,3442,2284,1158,327,887,2555,6.08019697850087,6.32975875656743,5.58796977547496,5.4968501529052,5.897,6.14379608610568,148
"150",2014,3,6.31875,32,6.535,5.95833333333333,5.58333333333333,5.33333333333333,6.42068965517241,20,12,6,3,29,3474,2304,1170,333,890,2584,6.08239435808866,6.33154036458333,5.59176837606838,5.49840840840841,5.8951,6.1469036377709,149
"151",2014,4,6,41,6.16666666666667,5.54545454545455,5.16666666666667,6.09090909090909,5.96666666666667,30,11,6,11,30,3515,2334,1181,339,901,2614,6.0814332859175,6.32942116538132,5.59133700254022,5.49253687315634,5.89749056603774,6.1448351185922,150
"152",2014,5,6.33472222222222,36,6.55344827586207,5.42857142857143,5.16666666666667,6.71428571428571,6.24310344827586,29,7,3,7,29,3551,2363,1188,342,908,2643,6.08400112644326,6.33217054591621,5.59037794612795,5.4896783625731,5.90378744493392,6.14591335603481,151
"153",2014,6,6.67142857142857,21,6.75,6.42,6,7,6.655,16,5,1,1,20,3572,2379,1193,343,909,2663,6.08745464725644,6.3349806641446,5.59385498742666,5.49116618075802,5.90499339933994,6.14973676304919,152
"154",2014,7,6.30694444444444,36,6.40925925925926,6,6,6,6.3453125,27,9,4,4,32,3608,2406,1202,347,913,2695,6.08964467849224,6.33581421446384,5.59689600665557,5.49703170028819,5.90540963855422,6.15205899814471,153
"155",2014,8,6.15471698113208,53,6.28918918918919,5.84375,5.5,6.74444444444444,6.03409090909091,37,16,6,9,44,3661,2443,1218,353,922,2739,6.09058672493854,6.33510806385592,5.60013875205255,5.4970821529745,5.91359978308026,6.15016392844104,154
"156",2014,9,6.18235294117647,34,6.35384615384615,5.625,5.125,5.125,6.32333333333333,26,8,4,4,30,3695,2469,1226,357,926,2769,6.09143112313938,6.33530538679627,5.60030097879282,5.49291316526611,5.91019330453564,6.15204008667389,155
"157",2014,10,5.72058823529412,34,5.95,5.39285714285714,6,6.33333333333333,5.66129032258065,20,14,3,3,31,3729,2489,1240,360,929,2800,6.08804987932422,6.33220932101246,5.59795887096774,5.49713888888889,5.9115597416577,6.14660678571429,156
"158",2014,11,6.28809523809524,42,6.521875,5.54,6.3,5.13333333333333,6.37692307692308,32,10,3,3,39,3771,2521,1250,363,932,2839,6.0902779103686,6.33461681872273,5.5974952,5.5037741046832,5.90905472103004,6.14977069390631,157
"159",2014,12,6.15686274509804,51,6.47435897435897,5.125,5.5,5.57142857142857,6.25,39,12,2,7,44,3822,2560,1262,365,939,2883,6.09116640502355,6.336745703125,5.59300237717908,5.50375342465754,5.90653780617678,6.151300381547,158
"160",2015,1,6.64344262295082,61,6.73255813953488,6.43055555555556,6.625,6.8,6.62946428571429,43,18,4,5,56,3883,2603,1280,369,944,2939,6.09984238990471,6.34328428736074,5.60478046875,5.51590785907859,5.91127012711864,6.16041136440967,159
"161",2015,2,5.93617021276596,47,6.15789473684211,5,5.33333333333333,6.125,5.91860465116279,38,9,3,4,43,3930,2641,1289,372,948,2982,6.09788498727735,6.34061681181371,5.60055779674166,5.51443548387097,5.91217194092827,6.1569245472837,160
"162",2015,3,6.42352941176471,34,6.56785714285714,5.75,NA,7.66666666666667,6.30322580645161,28,6,0,3,31,3964,2669,1295,372,951,3013,6.10067810292634,6.34300074934433,5.60125019305019,5.51443548387097,5.91770662460568,6.15842980418188,161
"163",2015,4,5.90979591836735,49,6.16571428571429,5.27,5,5.61111111111111,5.977,35,14,2,9,40,4013,2704,1309,374,960,3053,6.09834737104411,6.34070599112426,5.59770741023682,5.51168449197861,5.91483229166667,6.15605273501474,162
"164",2015,5,6.45483870967742,31,6.624,5.75,NA,5.9,6.56153846153846,25,6,0,5,26,4044,2729,1315,374,965,3079,6.10108011869436,6.34330120923415,5.59840228136882,5.51168449197861,5.91475544041451,6.15947677817474,163
"165",2015,6,6.24615384615385,39,6.504,5.78571428571429,5.25,5.33333333333333,6.41212121212121,25,14,6,6,33,4083,2754,1329,380,971,3112,6.10246583394563,6.34475998547567,5.60037547027841,5.50755263157895,5.91116271884655,6.16215584832905,164
"166",2015,7,6.14186046511628,43,6.41724137931034,5.57142857142857,6.16666666666667,6.61538461538461,5.93666666666667,29,14,6,13,30,4126,2783,1343,386,984,3142,6.10287639360155,6.34551527128997,5.60007371556217,5.51779792746114,5.92046646341463,6.16000286441757,165
"167",2015,8,6.29814814814815,54,6.51621621621622,5.82352941176471,5.6,5.42857142857143,6.42765957446808,37,17,5,7,47,4180,2820,1360,391,991,3189,6.1053990430622,6.34775496453901,5.60286691176471,5.51884910485934,5.91699192734612,6.16394763248667,166
"168",2015,9,6.22916666666667,48,6.21794871794872,6.27777777777778,7.5,7.25,6.08333333333333,39,9,2,6,42,4228,2859,1369,393,997,3231,6.10680416272469,6.34598426023085,5.60730387143901,5.52893129770992,5.92501404212638,6.16289972144847,167
"169",2015,10,6.29777777777778,45,6.66896551724138,5.625,5.5,6.25,6.30243902439024,29,16,6,4,41,4273,2888,1385,399,1001,3272,6.10881535221156,6.34922749307479,5.6075083032491,5.5284962406015,5.92631268731269,6.16464822738387,168
"170",2015,11,6.06521739130435,46,6.39285714285714,5.55555555555556,4.5,6.5,6.04545454545455,28,18,4,2,44,4319,2916,1403,403,1003,3316,6.10835100717759,6.34964643347051,5.60684176764077,5.51828784119107,5.92745663010967,6.16306664656213,169
"171",2015,12,6.128,50,6.49722222222222,5.17857142857143,5.25,6.5,6.06744186046512,36,14,6,7,43,4369,2952,1417,409,1010,3359,6.10857587548638,6.35144613821138,5.60261044460127,5.51435207823961,5.93142475247525,6.16184251265258,170
"172",2016,1,5.90547945205479,73,5.85740740740741,6.04210526315789,6.18571428571429,6.29166666666667,5.82950819672131,54,19,7,12,61,4442,3006,1436,416,1022,3420,6.10523818099955,6.34257119095143,5.60842548746518,5.52564903846154,5.93565459882583,6.1559149122807,171
"173",2016,2,6.31951219512195,41,6.8,5.39285714285714,6.25,5.5,6.43333333333333,27,14,4,5,36,4483,3033,1450,420,1027,3456,6.10719785857685,6.34664325750082,5.60634413793103,5.53254761904762,5.93353359298929,6.1588046875,172
"174",2016,3,6.15357142857143,56,6.39736842105263,5.63888888888889,6.14285714285714,5.68333333333333,6.21,38,18,7,6,50,4539,3071,1468,427,1033,3506,6.10776999339061,6.34727092152393,5.6067431880109,5.54255269320843,5.93208034849952,6.15953479749002,173
"175",2016,4,6.16666666666667,48,6.509375,5.48125,6.175,5.83333333333333,6.21428571428571,32,16,4,6,42,4587,3103,1484,431,1039,3548,6.10838630913451,6.34894263615856,5.60539016172507,5.5484222737819,5.93151010587103,6.16018291995491,174
"176",2016,5,6.03421052631579,57,6.23690476190476,5.46666666666667,5.125,5.91666666666667,6.05625,42,15,4,9,48,4644,3145,1499,435,1048,3596,6.1074758828596,6.34744642289348,5.60400200133422,5.54452873563219,5.93138263358779,6.15879560622915,175
"177",2016,6,6.48046875,64,6.7906976744186,5.84523809523809,5.4,6.2,6.53240740740741,43,21,5,10,54,4708,3188,1520,440,1058,3650,6.11254630416313,6.35342503136763,5.60733486842105,5.54288636363636,5.93392155009452,6.16432301369863,176
"178",2016,7,6.41646153846154,65,6.70787234042553,5.65555555555556,5.875,6.43083333333333,6.41320754716981,47,18,4,12,53,4773,3235,1538,444,1070,3703,6.11668510370836,6.35857465224111,5.60789921976593,5.54587837837838,5.93949439252337,6.16788522819336,177
"179",2016,8,6.55479452054795,73,6.87272727272727,5.58333333333333,5.5,6.94444444444444,6.5,55,18,6,9,64,4846,3290,1556,450,1079,3767,6.12328477094511,6.36716990881459,5.60761503856041,5.54526666666667,5.94787673772011,6.17352774090789,178
"180",2016,9,6.25423728813559,59,6.48837209302326,5.625,6.5,6.5,6.2156862745098,43,16,2,8,51,4905,3333,1572,452,1087,3818,6.12485993883792,6.36873357335733,5.60779198473282,5.54949115044248,5.95194020239191,6.17409088528025,179
"181",2016,10,6.292875,56,6.6641282051282,5.44117647058824,4.78571428571429,6,6.34895744680851,39,17,7,9,47,4961,3372,1589,459,1096,3865,6.1267565007055,6.37215005931198,5.60600943989931,5.5378431372549,5.9523348540146,6.17621733505822,180
"182",2016,11,6.09189189189189,74,6.40769230769231,5.34545454545455,5.375,5.71428571428571,6.13134328358209,52,22,8,7,67,5035,3424,1611,467,1103,3932,6.12624409136048,6.3726898364486,5.60245127250155,5.53505353319058,5.95082411604715,6.1754526958291,181
"183",2016,12,5.8041095890411,73,6.0804347826087,5.33333333333333,5,5,5.90307692307692,46,27,4,8,65,5108,3470,1638,471,1111,3997,6.12164036805012,6.36881556195965,5.59801526251526,5.53050955414013,5.94397749774978,6.17102326745059,182
"184",2017,1,5.92291666666667,96,6.21929824561404,5.48974358974359,6.33333333333333,5.72727272727273,5.94823529411765,57,39,12,11,85,5204,3527,1677,483,1122,4082,6.11797444273636,6.36639920612418,5.59549731663685,5.55045548654244,5.94185294117647,6.16638412542871,183
"185",2017,2,6.21594202898551,69,6.46037735849057,5.40625,5,7,6.14126984126984,53,16,2,6,63,5273,3580,1693,485,1128,4145,6.11925640053101,6.3677905027933,5.59370880094507,5.54818556701031,5.94748138297872,6.16600241254524,184
"186",2017,3,6.3,58,6.35454545454545,6.12857142857143,6.7,6.72,6.26037735849057,44,14,4,5,53,5331,3624,1707,489,1133,4198,6.12122284749578,6.36762969094923,5.59809548916227,5.55760736196319,5.9508905560459,6.16719390185803,185
"187",2017,4,6.15090909090909,55,6.35714285714286,5.79,5.85,6.75,6.07755102040816,35,20,8,6,49,5386,3659,1727,497,1139,4247,6.12152599331601,6.36752937961192,5.60031789229878,5.5623138832998,5.95510008779631,6.16615964210031,186
"188",2017,5,6.074,50,6.3675,4.9,5,6.55,6.03260869565217,40,10,3,4,46,5436,3699,1737,500,1143,4293,6.12108885209713,6.36752906190862,5.59628612550374,5.55894,5.95718197725284,6.16472862799907,187
"189",2017,6,6.04347826086957,46,6.5,5.26470588235294,4.75,6.33333333333333,6.02325581395349,29,17,8,3,43,5482,3728,1754,508,1146,4336,6.12043761400949,6.36855954935622,5.5930724059293,5.54620078740158,5.95816666666667,6.16332564575646,188
"190",2017,7,6.34508196721311,61,6.26785714285714,6.51578947368421,6.44,7.02777777777778,6.22692307692308,42,19,5,9,52,5543,3770,1773,513,1155,4388,6.12290979613928,6.36743766578249,5.60296051889453,5.55491228070176,5.9665012987013,6.16407930720146,189
"191",2017,8,6.12746478873239,71,6.352,5.59285714285714,5.75,6.05,6.14016393442623,50,21,6,10,61,5614,3820,1794,519,1165,4449,6.12296740292127,6.36723560209424,5.60284225195095,5.5571676300578,5.96721802575107,6.16375140481007,190
"192",2017,9,5.99302325581395,43,6.616,5.12777777777778,5.25,6.01111111111111,5.98823529411765,25,18,8,9,34,5657,3845,1812,527,1174,4483,6.12197967120382,6.36885305591678,5.59812306843267,5.55250474383302,5.96755451448041,6.162420254294,191
"193",2017,10,6.37576271186441,59,6.50194444444444,6.17826086956522,5.6,7.00875,6.27647058823529,36,23,6,8,51,5716,3881,1835,533,1182,4534,6.12459919524143,6.37008760628704,5.60539455040872,5.55303939962477,5.97460152284264,6.16370313189237,192
"194",2017,11,6.56640625,64,6.765,5.85714285714286,4.5,6.75,6.53240740740741,50,14,2,10,54,5780,3931,1849,535,1192,4588,6.12949117647059,6.37511065886543,5.60730070308275,5.54910280373832,5.98110654362416,6.1680427201395,193
"195",2017,12,6.12885714285714,70,6.39380952380952,5.73142857142857,5.9375,5.99090909090909,6.15457627118644,42,28,8,11,59,5850,3973,1877,543,1203,4647,6.12948358974359,6.37530833123584,5.60915237080448,5.55482504604052,5.9811961762261,6.16787174521196,194
"196",2018,1,6.30105263157895,95,6.55223880597015,5.7,4.7125,5.17142857142857,6.39090909090909,67,28,8,7,88,5945,4040,1905,551,1210,4735,6.1322252312868,6.37824257425743,5.61048766404199,5.54259528130672,5.97651157024794,6.17201689545935,195
"197",2018,2,6.4,57,6.72142857142857,5.5,4.6,6,6.48510638297872,42,15,5,10,47,6002,4082,1920,556,1220,4782,6.13476824391869,6.38177364037237,5.60962447916667,5.53411870503597,5.97670409836066,6.17509410288582,196
"198",2018,3,6.1377358490566,53,6.4030303030303,5.7,6.25,5.38888888888889,6.29090909090909,33,20,4,9,44,6055,4115,1940,560,1229,4826,6.13479421965318,6.38194410692588,5.61055618556701,5.53923214285714,5.97239951179821,6.17615002072109,197
"199",2018,4,6.26350877192982,57,6.548,5.59411764705882,5.08333333333333,6.088,6.28038461538462,40,17,6,5,52,6112,4155,1957,566,1234,4878,6.13599460078534,6.38354271961492,5.61041338783853,5.53439929328622,5.97286790923825,6.17726117261173,198
"200",2018,5,6.08529411764706,34,6.23478260869565,5.77272727272727,6,6.5,6.03,23,11,4,4,30,6146,4178,1968,570,1238,4908,6.13571412300683,6.3827237912877,5.6113206300813,5.53766666666667,5.97457108239095,6.17636104319479,199
"201",2018,6,6.34715145454545,55,6.6732290625,5.89347826086957,4.875,5.17222222222222,6.57702891304348,32,23,4,9,46,6201,4210,1991,574,1247,4954,6.13758947427834,6.38493190736342,5.61458011049724,5.5330487804878,5.96878027265437,6.18008141501817,200
"202",2018,7,6.37612903225806,62,6.53738095238095,6.0375,5.41666666666667,6.33333333333333,6.38071428571429,42,20,6,6,56,6263,4252,2011,580,1253,5010,6.13995087498004,6.38643775399812,5.61878617603182,5.53184482758621,5.9705259377494,6.18232401796407,201
"203",2018,8,6.31607142857143,56,6.36285714285714,6.23809523809524,6.16666666666667,6.66666666666667,6.22045454545455,35,21,12,12,44,6319,4287,2032,592,1265,5054,6.14151168381073,6.3862452367623,5.62518651574803,5.54471283783784,5.97712964426877,6.18265598140087,202
"204",2018,9,6.35714285714286,35,6.5,6,5.5,6.35714285714286,6.35714285714286,25,10,2,7,28,6354,4312,2042,594,1272,5082,6.14269945388732,6.38690476113173,5.62702203721841,5.54456228956229,5.97922091194969,6.1836173415978,203
"205",2018,10,6.14893617021277,47,6.45666666666667,5.60588235294118,5.25,6.11666666666667,6.16,30,17,6,12,35,6401,4342,2059,600,1284,5117,6.14274524761756,6.38738676416398,5.62684749878582,5.54161666666666,5.9805054517134,6.1834558002736,204
"206",2018,11,6.468,50,6.75,5.86875,4.7,6.26666666666667,6.51219512195122,34,16,5,9,41,6451,4376,2075,605,1293,5158,6.14526621144009,6.39020414305302,5.62871277108434,5.53466115702479,5.98249729311678,6.1860688891043,205
"207",2018,12,6.21771428571429,70,6.356,5.9688,5.5275,4.33333333333333,6.30208955223881,45,25,8,3,67,6521,4421,2100,613,1296,5225,6.14604390890968,6.38985598959512,5.63276142857143,5.53456769983687,5.97867978395062,6.18755661818182,206
"208",2019,1,6.18930693069307,101,6.26642857142857,5.80823529411765,5.91333333333333,5.56666666666667,6.29790697674419,84,17,3,15,86,6622,4505,2117,616,1311,5311,6.14670376472365,6.38755456825749,5.63417052432688,5.53641233766233,5.97396567505721,6.18934350028243,207
"209",2019,2,6.59230769230769,52,6.6825,6.29166666666667,8,6.3,6.61666666666667,40,12,3,4,48,6674,4545,2129,619,1315,5359,6.15017565627809,6.39015034763476,5.63787646782527,5.54835218093699,5.97495741444867,6.19317098899048,208
"210",2019,3,6.37,55,6.31323529411765,6.46190476190476,7.2,5.1875,6.46274509803922,34,21,5,4,51,6729,4579,2150,624,1319,5410,6.15197240748997,6.38957923782485,5.64592511627907,5.56158653846154,5.97256937073541,6.19571226062847,209
"211",2019,4,6.21666666666667,51,6.62272727272727,5.47222222222222,6,5.65,6.25208333333333,33,18,4,3,48,6780,4612,2168,628,1322,5458,6.15245904572271,6.39124746964441,5.64448293357933,5.56437898089172,5.97183736762481,6.19620801209234,210
"212",2019,5,6.33960784313726,51,6.48162162162162,5.96428571428571,6.375,6.21428571428571,6.35954545454545,37,14,4,7,44,6831,4649,2182,632,1329,5502,6.15385629190455,6.39196673047967,5.6465348304308,5.56950949367088,5.97311437170805,6.19751423664122,211
"213",2019,6,6.35125,40,6.61515151515152,5.10714285714286,4.6875,6.10714285714286,6.4030303030303,33,7,4,7,33,6871,4682,2189,636,1336,5535,6.15500543297919,6.39353979709526,5.64480995888534,5.56396226415094,5.97381661676647,6.19873953568202,212
"214",2019,7,6.24,35,6.45769230769231,5.61111111111111,7.5,6.33333333333333,6.23125,26,9,1,3,32,6906,4708,2198,637,1339,5567,6.15543619026933,6.39389408028887,5.64467197452229,5.56700156985871,5.97462210604929,6.19892641099335,213
"215",2019,8,6.19621212121212,66,6.45957446808511,5.54473684210526,5.16666666666667,6.56,6.13125,47,19,9,10,56,6972,4755,2217,646,1349,5623,6.15582219305795,6.39454328706625,5.64381551646369,5.56142414860681,5.9789614529281,6.19825241508092,214
"216",2019,9,5.92663411764706,34,6.25292421052632,5.51333333333333,6.33333333333333,5.79166666666667,5.95555571428571,19,15,3,6,28,7006,4774,2232,649,1355,5651,6.15470994718813,6.39397965856724,5.64293862007168,5.56499229583975,5.97813210332103,6.19704988320651,215
"217",2019,10,6.60415094339623,53,7.11354838709677,5.88636363636364,5.35714285714286,6,6.6404,31,22,7,3,50,7059,4805,2254,656,1358,5701,6.15808441563961,6.39862203746098,5.64531455190772,5.5627743902439,5.97818041237114,6.20093823715138,216
"218",2019,11,6.25090909090909,44,6.458,5.97842105263158,5.4,7.41666666666667,6.16560975609756,25,19,5,3,41,7103,4830,2273,661,1361,5742,6.15865942418696,6.3989293768116,5.64809898812142,5.56154311649016,5.98135121234387,6.20068597875305,217
"219",2019,12,6.50564102564103,78,6.71122807017544,5.94761904761905,5.25,6.6,6.49917808219178,57,21,8,5,73,7181,4887,2294,669,1366,5815,6.16242833727893,6.40257190300798,5.65084088927637,5.55781763826607,5.98361566617863,6.2044331711092,218
"220",2020,1,6.52823896226415,106,6.82228065789474,5.78333333333333,5,6.3,6.55201385416667,76,30,5,10,96,7287,4963,2324,674,1376,5911,6.16774958419103,6.40899903687286,5.65255120481928,5.55367952522255,5.98591497093023,6.21007819658264,219
"221",2020,2,6.41197183098592,71,6.84803921568627,5.3,4.9,7.78125,6.23809523809524,51,20,5,8,63,7358,5014,2344,679,1384,5974,6.17010617287306,6.41346474272039,5.6495430887372,5.54886597938144,5.99629263005781,6.21037365584198,220
"222",2020,3,6.52018333333333,75,6.66243181818182,6.129,5.375,6.78,6.501625,55,20,4,5,70,7433,5069,2364,683,1389,6044,6.17363849993273,6.41616610179523,5.65359940778342,5.54784773060029,5.99911375089993,6.2137468514229,221
"223",2020,4,6.33684210526316,76,6.6,5.8,6.14285714285714,6.60714285714286,6.2758064516129,51,25,7,14,62,7509,5120,2389,690,1403,6106,6.17529031428952,6.41799725976563,5.65513143574717,5.55388405797101,6.00518104062723,6.21437700131019,222
"224",2020,5,6.30438356164384,73,6.45148936170213,6.03846153846154,6.78571428571429,5.62,6.36567164179105,47,26,7,6,67,7582,5167,2415,697,1409,6173,6.17653323265629,6.41830191019934,5.65925838509317,5.56625538020086,6.00354080908446,6.21601911064312,223
"225",2020,6,6.57572456521739,46,6.83269230769231,6.2416665,8,8,6.51098477272727,26,20,2,2,44,7628,5193,2435,699,1411,6217,6.17894052176193,6.42037665511265,5.66404202464066,5.57321888412017,6.00637065910702,6.21810669133022,224
"226",2020,7,6.35342337837838,74,6.659444375,5.78846153846154,5.16666666666667,7.08333333333333,6.28901955882353,48,26,6,6,68,7702,5241,2461,705,1417,6285,6.18061693456245,6.42256617057814,5.66535649329541,5.56975886524822,6.0109308398024,6.21887392680986,225
"227",2020,8,6.28983050847458,59,6.77352941176471,5.632,4.6,6.5,6.252,34,25,5,9,50,7761,5275,2486,710,1426,6335,6.18144718850664,6.42482830331754,5.66502104987932,5.56292957746479,6.0140175315568,6.21913537963694,226
"228",2020,9,6.715625,48,6.87857142857143,6.4875,6.11111111111111,7.4,6.63604651162791,28,20,9,5,43,7809,5303,2506,719,1431,6378,6.18473064797029,6.42722408070904,5.67158512769353,5.56979137691238,6.01886023759609,6.2219461633741,227
"229",2020,10,6.28985294117647,68,6.74906976744186,5.5,5.28571428571429,7.3125,6.1535,43,25,7,8,60,7877,5346,2531,726,1439,6438,6.18563814015488,6.42981281331837,5.66989029237455,5.56705234159779,6.02605211952745,6.22130826809568,228
"230",2020,11,6.3625,72,6.66976744186046,5.90689655172414,5.48,6.71428571428571,6.32461538461538,43,29,10,7,65,7949,5389,2560,736,1446,6503,6.18724010944773,6.43172746335128,5.67257512890625,5.56586956521739,6.02938381742739,6.22234086267876,229
"231",2020,12,6.66642608247423,97,6.90512432835821,6.13333333333333,6.5,5.58333333333333,6.73783879120879,67,30,3,6,91,8046,5456,2590,739,1452,6594,6.19301702212279,6.43754080461877,5.67791209652509,5.56966170500676,6.02754063360882,6.22945495298756,230
"232",2021,1,6.33063063063063,111,6.68441558441558,5.52941176470588,5.9,6.6,6.30970873786408,77,34,5,8,103,8157,5533,2624,744,1460,6697,6.19488966041437,6.44097643773722,5.67598793064024,5.5718817204301,6.03067739726027,6.23068925787666,231
"233",2021,2,6.15166666666667,90,6.44741935483871,5.49678571428571,5,5.6,6.220625,62,28,4,10,80,8247,5595,2652,748,1470,6777,6.19441796532072,6.44104783378016,5.67409590120663,5.56882352941176,6.02774761904762,6.2305704530028,232
"234",2021,3,6.36922216666667,60,6.50589139534884,6.02352941176471,4.66666666666667,5.8,6.42096963636364,43,17,3,5,55,8307,5638,2669,751,1475,6832,6.19568054532322,6.44154238382405,5.67632159235669,5.56521970705725,6.02697559322034,6.23210323331382,233
"235",2021,4,6.41025150943396,53,6.60585848484848,6.0875,5.79166666666667,5.5,6.48455775510204,33,20,6,4,49,8360,5671,2689,757,1479,6881,6.19704086363636,6.44249855228355,5.67937981777612,5.56701453104359,6.02555037187289,6.23390097660224,234
"236",2021,5,6.26386363636364,44,6.44965517241379,5.90466666666667,6,5.085,6.38175,29,15,5,4,40,8404,5700,2704,762,1483,6921,6.1973907210852,6.4425349631579,5.68062955991124,5.56985564304462,6.02301348617667,6.23475547175264,235
"237",2021,6,6.51923491803279,61,6.4894202173913,6.61066666666667,NA,5.6,6.60130946428571,46,15,0,5,56,8465,5746,2719,762,1488,6977,6.1997099763733,6.44291030630004,5.68576032732622,5.56985564304462,6.02159206989247,6.23769757058908,236
"238",2021,7,6.32788461538462,52,6.68333333333333,5.71052631578947,6.25,4.9,6.47978723404255,33,19,4,5,47,8517,5779,2738,766,1493,7024,6.20049253845251,6.44428320124589,5.68593218772827,5.57340731070496,6.01783590087073,6.23931747579727,237
"239",2021,8,6.41578947368421,57,6.62954545454545,5.69230769230769,5,5,6.49444444444444,44,13,2,3,54,8574,5823,2751,768,1496,7078,6.20192383368323,6.44568308775546,5.68596231552163,5.5719140625,6.01579478609626,6.24126390929641,238
"240",2021,9,6.54515159090909,44,6.82819057142857,5.44444444444444,NA,NA,6.54515159090909,35,9,0,0,44,8618,5858,2760,768,1496,7122,6.20367621489905,6.44796846876067,5.68517475724637,5.5719140625,6.01579478609626,6.24314133951137,239
"241",2021,10,6.57547169811321,53,6.85675675675676,5.925,5.4,6.83333333333333,6.52272727272727,37,16,2,9,44,8671,5895,2776,770,1505,7166,6.20594875100911,6.45053423070399,5.68655703530259,5.57146753246753,6.02068372093023,6.24485802679319,240
"242",2021,11,6.69227272727273,66,6.7358,6.55625,6.25,6.64285714285714,6.69813559322034,50,16,4,7,59,8737,5945,2792,774,1512,7225,6.20962248140094,6.45293343818335,5.6915409491404,5.57497416020672,6.02356415343915,6.24855953217993,241
"243",2021,12,6.31901757894737,95,6.57119796875,5.79838709677419,5.33333333333333,6.375,6.31386977011494,64,31,6,8,87,8832,6009,2823,780,1520,7312,6.2107991723279,6.454193037111,5.69271425079702,5.57311538461538,6.02541381578947,6.24933660968271,242
"244",2022,1,6.36764263513513,148,6.60011222222222,5.89795918367347,5.72222222222222,6.60714285714286,6.3426202238806,99,49,9,14,134,8980,6108,2872,789,1534,7446,6.21338412026726,6.45655813195809,5.69621599233983,5.57481622306717,6.03072294654498,6.2510153639538,243
"245",2022,2,6.38378048780488,82,6.65966101694915,5.67608695652174,5.8,6.113,6.42138888888889,59,23,6,10,72,9062,6167,2895,795,1544,7518,6.21492599867579,6.45850122750122,5.69605607253886,5.57651572327044,6.03125582901554,6.25264703378558,244
"246",2022,3,6.65333328571429,70,6.80256403846154,6.22222222222222,5.66666666666667,6,6.72592587301587,52,18,3,7,63,9132,6219,2913,798,1551,7581,6.21828654511607,6.46137809937289,5.69930735667696,5.57685463659148,6.03111476466796,6.25658009893154,245
"247",2022,4,6.69836065573771,61,6.88536585365854,6.315,6.66666666666667,6.74444444444444,6.69038461538462,41,20,3,9,52,9193,6260,2933,801,1560,7633,6.22147206896552,6.46415501597444,5.70350573815206,5.58093632958801,6.03523012820513,6.25953540285602,246
"248",2022,5,6.49166666666667,60,7.04411764705882,5.76923076923077,6.07142857142857,5.85,6.62,34,26,7,10,50,9253,6294,2959,808,1570,7683,6.22322411434129,6.46728795678424,5.70408324771882,5.58518564356435,6.03405031847134,6.26188126122608,247
"249",2022,6,6.28887096774194,62,6.25454545454545,6.32793103448276,6.6,5.93875,6.34074074074074,33,29,5,8,54,9315,6327,2988,813,1578,7737,6.22366105528717,6.46617834676782,5.71013799531459,5.59142681426814,6.03356717363752,6.26243165697299,248
"250",2022,7,6.87,74,7.08431034482759,6.093125,5.5,7.11111111111111,6.83661538461538,58,16,4,9,65,9389,6385,3004,817,1587,7802,6.228755216743,6.47179332811277,5.71217787283621,5.59097919216646,6.03967800882168,6.2672152947962,249
"251",2022,8,6.55458333333333,60,6.78986486486486,6.17608695652174,5,6.09375,6.66979166666667,37,23,4,12,48,9449,6422,3027,821,1599,7850,6.23082418562811,6.47362587978823,5.71570278493558,5.58809987819732,6.04008380237649,6.26967690828025,250
