"","year","month","avg_rating","no_ratings","avg_rating_owned","avg_rating_not_owned","avg_rating_prev_owned","avg_rating_comment","avg_rating_no_comment","no_ratings_owned","no_ratings_not_owned","no_ratings_prev_owned","no_ratings_comment","no_ratings_no_comment","cum_no_ratings","cum_no_ratings_owned","cum_no_ratings_not_owned","cum_no_ratings_prev_owned","cum_no_ratings_comment","cum_no_ratings_no_comment","cum_avg_rating","cum_avg_rating_owned","cum_avg_rating_not_owned","cum_avg_rating_prev_owned","cum_avg_rating_comment","cum_avg_rating_no_comment","month_after_release"
"1",2001,10,6.33333333333333,3,7,5,5,5.5,8,2,1,1,2,1,3,2,1,1,2,1,6.33333333333333,7,5,5,5.5,8,0
"2",2001,11,6.5,2,NA,6.5,7,NA,6.5,0,2,1,0,2,5,2,3,2,2,3,6.4,7,6,6,5.5,7,1
"3",2001,12,6.66666666666667,3,6.66666666666667,NA,NA,7,6.5,3,0,0,1,2,8,5,3,2,3,5,6.5,6.8,6,6,6,6.8,2
"4",2002,1,6.5,6,8,5,5,5,6.8,3,3,1,1,5,14,8,6,3,4,10,6.5,7.25,5.5,5.66666666666667,5.75,6.8,3
"5",2002,2,6.33333333333333,3,6.33333333333333,NA,NA,NA,6.33333333333333,3,0,0,0,3,17,11,6,3,4,13,6.47058823529412,7,5.5,5.66666666666667,5.75,6.69230769230769,4
"6",2002,3,5.25,4,5.25,NA,NA,6,5,4,0,0,1,3,21,15,6,3,5,16,6.23809523809524,6.53333333333333,5.5,5.66666666666667,5.8,6.375,5
"7",2002,4,6,4,6,6,NA,6,6,3,1,0,1,3,25,18,7,3,6,19,6.2,6.44444444444444,5.57142857142857,5.66666666666667,5.83333333333333,6.31578947368421,6
"8",2002,5,4,2,4,NA,NA,NA,4,2,0,0,0,2,27,20,7,3,6,21,6.03703703703704,6.2,5.57142857142857,5.66666666666667,5.83333333333333,6.09523809523809,7
"9",2002,6,5.75,2,5.75,NA,NA,6.5,5,2,0,0,1,1,29,22,7,3,7,22,6.01724137931035,6.15909090909091,5.57142857142857,5.66666666666667,5.92857142857143,6.04545454545455,8
"10",2002,7,5.77777777777778,9,5.875,5,NA,6,5.6,8,1,0,4,5,38,30,8,3,11,27,5.96052631578947,6.08333333333333,5.5,5.66666666666667,5.95454545454545,5.96296296296296,9
"11",2002,8,5.76923076923077,13,5.9,5.33333333333333,5,3,6,10,3,1,1,12,51,40,11,4,12,39,5.91176470588235,6.0375,5.45454545454545,5.5,5.70833333333333,5.97435897435897,10
"12",2002,9,6,4,7,5.66666666666667,NA,6,6,1,3,0,1,3,55,41,14,4,13,42,5.91818181818182,6.0609756097561,5.5,5.5,5.73076923076923,5.97619047619048,11
"13",2002,10,6.6,5,6.25,8,NA,6,6.75,4,1,0,1,4,60,45,15,4,14,46,5.975,6.07777777777778,5.66666666666667,5.5,5.75,6.04347826086957,12
"14",2002,11,5.375,8,6,4.33333333333333,NA,4.66666666666667,5.8,5,3,0,3,5,68,50,18,4,17,51,5.90441176470588,6.07,5.44444444444444,5.5,5.55882352941176,6.01960784313725,13
"15",2002,12,5.4,5,6,4.5,NA,4.5,6,3,2,0,2,3,73,53,20,4,19,54,5.86986301369863,6.06603773584906,5.35,5.5,5.44736842105263,6.01851851851852,14
"16",2003,1,5.25,8,5.83333333333333,3.5,3.5,4,5.66666666666667,6,2,2,2,6,81,59,22,6,21,60,5.80864197530864,6.04237288135593,5.18181818181818,4.83333333333333,5.30952380952381,5.98333333333333,15
"17",2003,2,5.5,2,5.5,NA,NA,NA,5.5,2,0,0,0,2,83,61,22,6,21,62,5.80120481927711,6.02459016393443,5.18181818181818,4.83333333333333,5.30952380952381,5.96774193548387,16
"18",2003,3,6.25,4,6,7,NA,NA,6.25,3,1,0,0,4,87,64,23,6,21,66,5.82183908045977,6.0234375,5.26086956521739,4.83333333333333,5.30952380952381,5.98484848484848,17
"19",2003,4,5.4375,8,6.375,4.5,NA,4.33333333333333,6.1,4,4,0,3,5,95,68,27,6,24,71,5.78947368421053,6.04411764705882,5.14814814814815,4.83333333333333,5.1875,5.99295774647887,18
"20",2003,5,5.45,10,5.08333333333333,6,NA,4.75,5.91666666666667,6,4,0,4,6,105,74,31,6,28,77,5.75714285714286,5.96621621621622,5.25806451612903,4.83333333333333,5.125,5.98701298701299,19
"21",2003,6,5.8,10,6,5.6,NA,6.25,5.5,5,5,0,4,6,115,79,36,6,32,83,5.76086956521739,5.96835443037975,5.30555555555556,4.83333333333333,5.265625,5.95180722891566,20
"22",2003,7,4.87837837837838,37,5.84375,4.14285714285714,2,4.66666666666667,4.94642857142857,16,21,1,9,28,152,95,57,7,41,111,5.54605263157895,5.94736842105263,4.87719298245614,4.42857142857143,5.13414634146341,5.6981981981982,21
"23",2003,8,4.79473684210526,19,5.45555555555556,4.2,NA,6.05,4.64705882352941,9,10,0,2,17,171,104,67,7,43,128,5.46257309941521,5.90480769230769,4.77611940298507,4.42857142857143,5.17674418604651,5.55859375,22
"24",2003,9,6.01818181818182,11,6.74285714285714,4.75,NA,6.125,5.95714285714286,7,4,0,4,7,182,111,71,7,47,135,5.49615384615385,5.95765765765766,4.77464788732394,4.42857142857143,5.25744680851064,5.57925925925926,23
"25",2003,10,5.35,10,5.75,4.75,5,4,5.6875,6,4,2,2,8,192,117,75,9,49,143,5.48854166666667,5.94700854700855,4.77333333333333,4.55555555555556,5.20612244897959,5.58531468531469,24
"26",2003,11,5.14285714285714,7,6.2,2.5,NA,5,5.33333333333333,5,2,0,4,3,199,122,77,9,53,146,5.47638190954774,5.95737704918033,4.71428571428571,4.55555555555556,5.19056603773585,5.58013698630137,25
"27",2003,12,5.375,8,6,4.33333333333333,NA,6,5.16666666666667,5,3,0,2,6,207,127,80,9,55,152,5.47246376811594,5.95905511811024,4.7,4.55555555555556,5.22,5.56381578947368,26
"28",2004,1,4.66666666666667,15,5.16666666666667,4.33333333333333,6,4.6,4.7,6,9,1,5,10,222,133,89,10,60,162,5.41801801801802,5.92330827067669,4.66292134831461,4.7,5.16833333333333,5.51049382716049,27
"29",2004,2,5.41176470588235,17,5.81818181818182,4.66666666666667,NA,5.25,5.46153846153846,11,6,0,4,13,239,144,95,10,64,175,5.41757322175732,5.91527777777778,4.66315789473684,4.7,5.1734375,5.50685714285714,28
"30",2004,3,5.26923076923077,13,5.3,5.16666666666667,NA,5.125,5.33333333333333,10,3,0,4,9,252,154,98,10,68,184,5.40992063492064,5.87532467532468,4.67857142857143,4.7,5.17058823529412,5.49836956521739,29
"31",2004,4,5.75,4,6,5.5,NA,7,5.33333333333333,2,2,0,1,3,256,156,100,10,69,187,5.415234375,5.87692307692308,4.695,4.7,5.19710144927536,5.49572192513369,30
"32",2004,5,5.5,8,5.66666666666667,5,5,5.33333333333333,5.6,6,2,1,3,5,264,162,102,11,72,192,5.41780303030303,5.86913580246914,4.70098039215686,4.72727272727273,5.20277777777778,5.4984375,31
"33",2004,6,4.30769230769231,13,4.66666666666667,4,2,4,4.5,6,7,1,5,8,277,168,109,12,77,200,5.36570397111913,5.82619047619048,4.65596330275229,4.5,5.12467532467532,5.4585,32
"34",2004,7,5.33333333333333,6,4.33333333333333,6.33333333333333,NA,6,4.66666666666667,3,3,0,3,3,283,171,112,12,80,203,5.36501766784452,5.8,4.70089285714286,4.5,5.1575,5.44679802955665,33
"35",2004,8,4.5,8,5.33333333333333,4,5.5,3.75,5.25,3,5,2,4,4,291,174,117,14,84,207,5.34123711340206,5.79195402298851,4.67094017094017,4.64285714285714,5.09047619047619,5.44299516908213,34
"36",2004,9,5.30769230769231,13,5,5.5,5,4.875,6,5,8,1,8,5,304,179,125,15,92,212,5.33980263157895,5.76983240223464,4.724,4.66666666666667,5.07173913043478,5.4561320754717,35
"37",2004,10,5.83333333333333,9,5.64285714285714,6.5,NA,7,5.5,7,2,0,2,7,313,186,127,15,94,219,5.35399361022364,5.76505376344086,4.75196850393701,4.66666666666667,5.11276595744681,5.45753424657534,36
"38",2004,11,5.86666666666667,15,6.71428571428571,5.125,5.5,4.5,6.36363636363636,7,8,2,4,11,328,193,135,17,98,230,5.37743902439025,5.79948186528497,4.77407407407407,4.76470588235294,5.08775510204081,5.50086956521739,37
"39",2004,12,5.08333333333333,6,5,5.16666666666667,NA,5.375,4.5,3,3,0,4,2,334,196,138,17,102,232,5.37215568862276,5.78724489795918,4.78260869565217,4.76470588235294,5.09901960784314,5.49224137931034,38
"40",2005,1,5.19230769230769,26,5.64705882352941,4.33333333333333,4,3.8,5.52380952380952,17,9,1,5,21,360,213,147,18,107,253,5.35916666666667,5.77605633802817,4.75510204081633,4.72222222222222,5.03831775700934,5.49486166007905,39
"41",2005,2,4.78947368421053,19,5.36363636363636,4,4,4.7,4.88888888888889,11,8,1,10,9,379,224,155,19,117,262,5.33060686015831,5.75580357142857,4.71612903225806,4.68421052631579,5.00940170940171,5.47404580152672,40
"42",2005,3,4.96428571428571,14,5.58333333333333,4.5,4.5,5.2,4.83333333333333,6,8,2,5,9,393,230,163,21,122,271,5.3175572519084,5.75130434782609,4.70552147239264,4.66666666666667,5.0172131147541,5.45276752767528,41
"43",2005,4,5.11111111111111,9,5.14285714285714,5,6,5,5.25,7,2,1,5,4,402,237,165,22,127,275,5.31293532338309,5.73333333333333,4.70909090909091,4.72727272727273,5.01653543307086,5.44981818181818,42
"44",2005,5,5.27777777777778,9,5.91666666666667,4,NA,5.2,5.375,6,3,0,5,4,411,243,168,22,132,279,5.31216545012165,5.73786008230453,4.69642857142857,4.72727272727273,5.02348484848485,5.44874551971326,43
"45",2005,6,4.64285714285714,14,5.85714285714286,3.42857142857143,3,4.33333333333333,5.2,7,7,1,9,5,425,250,175,23,141,284,5.29011764705882,5.7412,4.64571428571429,4.65217391304348,4.97943262411347,5.4443661971831,44
"46",2005,7,4.69285714285714,14,5.11111111111111,3.94,3.5,4.83333333333333,4.5875,9,5,2,6,8,439,259,180,25,147,292,5.27107061503417,5.71930501930502,4.62611111111111,4.56,4.9734693877551,5.4208904109589,45
"47",2005,8,5.61904761904762,21,5.84615384615385,5.25,5.66666666666667,5.5,5.77777777777778,13,8,3,12,9,460,272,188,28,159,301,5.28695652173913,5.72536764705882,4.65265957446809,4.67857142857143,5.01320754716981,5.43156146179402,46
"48",2005,9,4.89285714285714,14,5.07142857142857,4.71428571428571,6,4.5,5.05,7,7,1,4,10,474,279,195,29,163,311,5.2753164556962,5.7089605734767,4.6548717948718,4.72413793103448,5.00061349693251,5.41929260450161,47
"49",2005,10,5.52173913043478,23,5.5,5.66666666666667,6,5.5,5.55555555555556,20,3,1,14,9,497,299,198,30,177,320,5.28672032193159,5.69498327759197,4.67020202020202,4.76666666666667,5.04011299435028,5.423125,48
"50",2005,11,5.09090909090909,22,5.57142857142857,4.25,NA,4.625,5.65,14,8,0,12,10,519,313,206,30,189,330,5.27842003853565,5.68945686900958,4.65388349514563,4.76666666666667,5.01375661375661,5.43,49
"51",2005,12,5.40476190476191,21,5.73076923076923,4.875,4,4.35,6.36363636363636,13,8,1,10,11,540,326,214,31,199,341,5.28333333333333,5.69110429447853,4.66214953271028,4.74193548387097,4.98040201005025,5.46011730205279,50
"52",2006,1,4.76213793103448,29,4.87378947368421,4.55,5,4.2602,5.02631578947368,19,10,1,10,19,569,345,224,32,209,360,5.256769771529,5.64609275362319,4.65714285714286,4.75,4.94594258373206,5.43722222222222,51
"53",2006,2,5.37,30,5.95,4.5,NA,4.96666666666667,5.63888888888889,18,12,0,12,18,599,363,236,32,221,378,5.2624407345576,5.66116253443526,4.64915254237288,4.75,4.94706787330316,5.4468253968254,52
"54",2006,3,5.07272727272727,11,5.28571428571429,4.7,5,5.46666666666667,4.6,7,4,1,6,5,610,370,240,33,227,383,5.25901967213115,5.65405945945946,4.65,4.75757575757576,4.96080176211454,5.43577023498695,53
"55",2006,4,5.16666666666667,12,5.28571428571429,5,5,4.25,5.625,7,5,2,4,8,622,377,245,35,231,391,5.25723794212219,5.64722015915119,4.65714285714286,4.77142857142857,4.9484935064935,5.43964194373402,54
"56",2006,5,4.72222222222222,9,5.41666666666667,3.33333333333333,NA,4.83333333333333,4.66666666666667,6,3,0,3,6,631,383,248,35,234,397,5.24960697305864,5.64360835509138,4.64112903225807,4.77142857142857,4.94701709401709,5.427959697733,55
"57",2006,6,4.7,10,5,4.4,5,4,5.4,5,5,1,5,5,641,388,253,36,239,402,5.24103276131045,5.63531443298969,4.63636363636364,4.77777777777778,4.9272050209205,5.42761194029851,56
"58",2006,7,5.1875,16,5.33333333333333,4.75,5,5.5,5.14285714285714,12,4,1,2,14,657,400,257,37,241,416,5.23972907153729,5.626255,4.63813229571985,4.78378378378378,4.93195850622406,5.41802884615385,57
"59",2006,8,4.58333333333333,12,5.25,3.91666666666667,4,4.42857142857143,4.8,6,6,1,7,5,669,406,263,38,248,421,5.22795515695067,5.62069458128079,4.62167300380228,4.76315789473684,4.91775,5.41068883610451,58
"60",2006,9,5.10714285714286,14,6.08333333333333,4.375,4.66666666666667,6.33333333333333,4.77272727272727,6,8,3,3,11,683,412,271,41,251,432,5.22547877013177,5.62743203883495,4.61439114391144,4.75609756097561,4.93466932270916,5.39444444444444,59
"61",2006,10,4.79411764705882,17,5.4375,4.22222222222222,NA,4.25,4.96153846153846,8,9,0,4,13,700,420,280,41,255,445,5.21500285714286,5.62381428571429,4.60178571428572,4.75609756097561,4.9239294117647,5.38179775280899,60
"62",2006,11,4.97058823529412,17,4.96666666666667,5,6,4.25,5.19230769230769,15,2,1,4,13,717,435,282,42,259,458,5.20920781032078,5.60115402298851,4.60460992907802,4.78571428571429,4.91352123552123,5.3764192139738,61
"63",2006,12,5.07407407407407,27,6.07692307692308,4.14285714285714,4,4.94444444444444,5.13888888888889,13,14,3,9,18,744,448,296,45,268,476,5.20430376344086,5.61495982142857,4.58277027027027,4.73333333333333,4.91455970149253,5.36743697478992,62
"64",2007,1,5.03703703703704,27,5.57142857142857,4.46153846153846,6,4.5,5.26315789473684,14,13,1,8,19,771,462,309,46,276,495,5.19844617380026,5.61364069264069,4.57766990291262,4.76086956521739,4.90254347826087,5.36343434343434,63
"65",2007,2,4.825,20,5.46153846153846,3.64285714285714,4,4.66666666666667,4.89285714285714,13,7,1,6,14,791,475,316,47,282,509,5.18900379266751,5.60947789473684,4.55696202531646,4.74468085106383,4.89752482269503,5.35049115913556,64
"66",2007,3,5.20645161290323,31,5.49444444444444,4.80769230769231,5,5.27777777777778,5.17727272727273,18,13,2,9,22,822,493,329,49,291,531,5.18966180048662,5.60527789046653,4.56686930091185,4.75510204081633,4.9092852233677,5.34331450094162,65
"67",2007,4,6.05263157894737,19,6.57142857142857,4.6,NA,6,6.08333333333333,14,5,0,7,12,841,507,334,49,298,543,5.2091581450654,5.63195660749507,4.56736526946108,4.75510204081633,4.93490604026845,5.35966850828729,66
"68",2007,5,4.915,20,4.975,4.875,5.3,3.93333333333333,5.08823529411765,8,12,5,3,17,861,515,346,54,301,560,5.20232520325203,5.62175145631068,4.57803468208092,4.80555555555556,4.92492358803987,5.35142857142857,67
"69",2007,6,5.29166666666667,24,5.3,5.28571428571429,4.5,5.25,5.32142857142857,10,14,2,10,14,885,525,360,56,311,574,5.20474802259887,5.61562285714286,4.60555555555556,4.79464285714286,4.93537620578778,5.3506968641115,68
"70",2007,7,5.42352941176471,17,5.28571428571429,5.52,9,5.22222222222222,5.65,7,10,1,9,8,902,532,370,57,320,582,5.20887139689579,5.61128195488722,4.63027027027027,4.86842105263158,4.94344375,5.35481099656357,69
"71",2007,8,5.21428571428571,21,5.67857142857143,4.28571428571429,NA,4.4,5.46875,14,7,0,5,16,923,546,377,57,325,598,5.20899458288191,5.61300732600733,4.62387267904509,4.86842105263158,4.93508307692308,5.35785953177258,70
"72",2007,9,5.436,25,5.79333333333333,4.9,5,5.92857142857143,5.24444444444444,15,10,2,7,18,948,561,387,59,332,616,5.21498101265823,5.61782887700535,4.63100775193798,4.8728813559322,4.95603012048193,5.35454545454546,71
"73",2007,10,5.505,20,6.27272727272727,4.56666666666667,6,5.85714285714286,5.31538461538462,11,9,1,7,13,968,572,396,60,339,629,5.22097314049587,5.63042307692308,4.62954545454545,4.89166666666667,4.97463716814159,5.35373608903021,72
"74",2007,11,5.40217391304348,23,5.69642857142857,4.94444444444444,NA,6.58333333333333,4.98529411764706,14,9,0,6,17,991,586,405,60,345,646,5.22517860746721,5.632,4.63654320987654,4.89166666666667,5.00261449275362,5.34404024767802,73
"75",2007,12,5.203125,32,5.55882352941176,4.8,6,4.46153846153846,5.71052631578947,17,15,2,13,19,1023,603,420,62,358,665,5.22448875855327,5.62993698175788,4.64238095238095,4.92741935483871,4.98296648044693,5.35451127819549,74
"76",2008,1,5.45535714285714,28,5.72368421052632,4.88888888888889,6,6.17857142857143,5.21428571428571,19,9,1,7,21,1051,622,429,63,365,686,5.23063939105614,5.63280064308682,4.64755244755245,4.94444444444444,5.00589589041096,5.35021865889213,75
"77",2008,2,5.86086956521739,23,6,5.64444444444444,4.375,5.96666666666667,5.82352941176471,14,9,4,6,17,1074,636,438,67,371,703,5.24413594040968,5.64088364779874,4.66803652968037,4.91044776119403,5.02143396226415,5.36166429587482,76
"78",2008,3,5.34324324324324,37,5.72962962962963,4.3,4.66666666666667,5.27272727272727,5.37307692307692,27,10,3,11,26,1111,663,448,70,382,729,5.24743654365437,5.64449773755656,4.65982142857143,4.9,5.02867015706806,5.36207133058985,77
"79",2008,4,4.94192307692308,26,5.125,4.785,5,6,4.6245,12,14,2,6,20,1137,675,462,72,388,749,5.24045030782762,5.63526222222222,4.66361471861472,4.90277777777778,5.04369072164948,5.34237650200267,78
"80",2008,5,5.98846153846154,26,6.08823529411765,5.8,NA,6.14285714285714,5.93157894736842,17,9,0,7,19,1163,692,471,72,395,768,5.2571728288908,5.64639017341041,4.68532908704883,4.90277777777778,5.06316962025316,5.356953125,79
"81",2008,6,5.67037037037037,27,5.90952380952381,4.83333333333333,6,5.6,5.7,21,6,1,8,19,1190,713,477,73,403,787,5.26654789915967,5.65414025245442,4.68719077568134,4.91780821917808,5.07382630272953,5.36523506988564,80
"82",2008,7,5.41060606060606,33,5.425,5.39705882352941,5.39583333333333,5.7,5.28478260869565,16,17,12,10,23,1223,729,494,85,413,810,5.27043499591169,5.64911111111111,4.71161943319838,4.98529411764706,5.08898789346247,5.36295061728395,81
"83",2008,8,5.32424242424242,33,6.4,4.625,4.3,4.1,5.54285714285714,13,20,10,5,28,1256,742,514,95,418,838,5.27184872611465,5.66226684636119,4.70824902723735,4.91315789473684,5.07715789473684,5.36896181384248,82
"84",2008,9,4.55909090909091,22,5.725,3.89285714285714,3.66666666666667,4.65384615384615,4.42222222222222,8,14,6,13,9,1278,750,528,101,431,847,5.25957902973396,5.662936,4.68662878787879,4.83910891089109,5.06438979118329,5.35890200708382,83
"85",2008,10,5.28965517241379,29,5.52352941176471,4.95833333333333,5.08333333333333,5.5,5.20952380952381,17,12,6,8,21,1307,767,540,107,439,868,5.26024636572303,5.65984615384615,4.69266666666667,4.85280373831776,5.07232801822323,5.35528801843318,84
"86",2008,11,5.12096774193548,31,5.34722222222222,4.80769230769231,4.5,5.67307692307692,4.72222222222222,18,13,6,13,18,1338,785,553,113,452,886,5.25701943198804,5.65267770700637,4.69537070524412,4.83407079646018,5.08960619469026,5.34242663656885,85
"87",2008,12,5.06923076923077,26,4.95833333333333,5.16428571428571,5.9375,5.25454545454545,4.93333333333333,12,14,8,11,15,1364,797,567,121,463,901,5.25343988269795,5.64222333751569,4.70694885361552,4.90702479338843,5.09352483801296,5.33561598224195,86
"88",2009,1,5.02372881355932,59,5.34615384615385,4.76969696969697,5.13636363636364,4.78823529411765,5.11904761904762,26,33,11,17,42,1423,823,600,132,480,943,5.24391567111736,5.63286998784933,4.7104,4.92613636363636,5.0827125,5.32597030752916,87
"89",2009,2,5.6448717948718,39,5.67368421052632,5.6175,6.0625,5.7,5.63676470588235,19,20,8,5,34,1462,842,620,140,485,977,5.25461149110807,5.63379097387173,4.73966129032258,4.99107142857143,5.08907628865979,5.33678607983623,88
"90",2009,3,5.35405405405405,37,5.575,5.09411764705882,4.33333333333333,5.2,5.378125,20,17,6,5,32,1499,862,637,146,490,1009,5.25706604402935,5.63242691415313,4.74912087912088,4.96404109589041,5.0902081632653,5.33809712586719,89
"91",2009,4,5.224,25,5.6,5.04705882352941,5.25,5.08,5.32,8,17,4,10,15,1524,870,654,150,500,1024,5.25652362204724,5.63212873563219,4.75686544342508,4.97166666666667,5.090004,5.33783203125,90
"92",2009,5,5.37666666666667,30,5.81818181818182,5.12105263157895,4.89090909090909,4.5,5.75238095238095,11,19,11,9,21,1554,881,673,161,509,1045,5.25884298584299,5.63445175936436,4.767147102526,4.96614906832298,5.07957170923379,5.34616267942584,91
"93",2009,6,5.24,30,5.91333333333333,4.56666666666667,4.375,4.55555555555556,5.53333333333333,15,15,4,9,21,1584,896,688,165,518,1066,5.25848611111111,5.63912053571429,4.7627761627907,4.95181818181818,5.07046718146718,5.34984990619137,92
"94",2009,7,5.42424242424242,33,5.82352941176471,5,4.4,5.66666666666667,5.33333333333333,17,16,5,9,24,1617,913,704,170,527,1090,5.26186889301175,5.64255421686747,4.76816761363636,4.93558823529412,5.08064895635674,5.34948623853211,93
"95",2009,8,5.56,25,6.15384615384615,4.91666666666667,5.28571428571429,5.3,5.73333333333333,13,12,7,10,15,1642,926,716,177,537,1105,5.26640803897686,5.64973218142549,4.77065642458101,4.94943502824859,5.08473370577281,5.35469683257918,94
"96",2009,9,5.61785714285714,28,6.35333333333333,4.76923076923077,5,5.6875,5.59,15,13,5,8,20,1670,941,729,182,545,1125,5.2723005988024,5.66094792773645,4.77063100137174,4.95082417582418,5.09358165137615,5.35888,95
"97",2009,10,4.725,32,4.86470588235294,4.56666666666667,4.57142857142857,4.66666666666667,4.74782608695652,17,15,7,9,23,1702,958,744,189,554,1148,5.26201057579318,5.64681837160752,4.7665188172043,4.93677248677249,5.08664620938628,5.34663763066202,96
"98",2009,11,5.3625,40,5.82352941176471,5.02173913043478,4.63636363636364,5.02941176470588,5.60869565217391,17,23,11,17,23,1742,975,767,200,571,1171,5.26431802525832,5.64989948717949,4.77417209908735,4.92025,5.08494220665499,5.35178479931682,97
"99",2009,12,5.35714285714286,42,6.28125,4.78846153846154,5.18181818181818,5.35,5.359375,16,26,11,10,32,1784,991,793,211,581,1203,5.2665033632287,5.66009283551968,4.77464060529634,4.93388625592417,5.08950430292599,5.35198669991687,98
"100",2010,1,5.478125,48,5.70806451612903,5.05882352941176,5.3,5.43846153846154,5.49285714285714,31,17,10,13,35,1832,1022,810,221,594,1238,5.2720480349345,5.66154794520548,4.78060493827161,4.95045248868778,5.09714141414141,5.35596930533118,99
"101",2010,2,5.84545454545455,22,5.95833333333333,5.71,5.33333333333333,5.625,5.89444444444444,12,10,3,4,18,1854,1034,820,224,598,1256,5.27885221143474,5.66499226305609,4.79193902439024,4.95558035714286,5.10067224080267,5.36368630573248,100
"102",2010,3,5.67647058823529,17,5.80769230769231,5.25,5,5.8,5.625,13,4,3,5,12,1871,1047,824,227,603,1268,5.2824649919829,5.66676408787011,4.79416262135922,4.95616740088106,5.10647097844113,5.36615930599369,101
"103",2010,4,5.67647058823529,17,5.94444444444444,5.375,5.5,6,5.63333333333333,9,8,4,2,15,1888,1056,832,231,605,1283,5.28601271186441,5.66913068181818,4.79974759615385,4.96558441558441,5.10942479338843,5.36928293063133,102
"104",2010,5,5.70666666666667,15,5.8125,5.58571428571429,3.1,NA,5.70666666666667,8,7,1,0,15,1903,1064,839,232,605,1298,5.28932842879664,5.67020864661654,4.80630512514899,4.95754310344827,5.10942479338843,5.37318181818182,103
"105",2010,6,5.60714285714286,14,5.70833333333333,5,5,6.375,5.3,12,2,1,4,10,1917,1076,841,233,609,1308,5.29164945226917,5.67063382899628,4.80676575505351,4.95772532188841,5.11773727422003,5.37262232415902,104
"106",2010,7,5.7,15,6.1875,5.14285714285714,4,6.25,5.61538461538461,8,7,1,2,13,1932,1084,848,234,611,1321,5.2948198757764,5.6744483394834,4.80954009433962,4.95363247863248,5.12144353518821,5.37501135503407,105
"107",2010,8,5.33333333333333,18,5.65,4.9375,5,6,5.14285714285714,10,8,4,4,14,1950,1094,856,238,615,1335,5.29517538461539,5.67422486288848,4.81073598130841,4.95441176470588,5.12715772357723,5.37257677902622,106
"108",2010,9,5.91666666666667,9,5.70833333333333,6.33333333333333,8,4.91666666666667,6.41666666666667,6,3,1,3,6,1959,1100,859,239,618,1341,5.29803062787136,5.67441090909091,4.81605355064028,4.96715481171548,5.1261359223301,5.37724832214765,107
"109",2010,10,5.84210526315789,19,5.90909090909091,5.75,5,6.66666666666667,5.6875,11,8,3,3,16,1978,1111,867,242,621,1357,5.30325682507584,5.67673447344735,4.82467128027682,4.96756198347107,5.13357809983897,5.38090641120118,108
"110",2010,11,5.21346153846154,26,6.00333333333333,4.13636363636364,4,4.4,5.40714285714286,15,11,2,5,21,2004,1126,878,244,626,1378,5.30209181636727,5.68108525754885,4.81604783599089,4.95963114754098,5.12771884984025,5.38130624092888,109
"111",2010,12,5.41666666666667,36,5.78947368421053,5,5.07142857142857,5.875,5.28571428571429,19,17,7,8,28,2040,1145,895,251,634,1406,5.3041137254902,5.68288384279476,4.81954189944134,4.96274900398406,5.13714826498423,5.37940256045519,110
"112",2011,1,5.8030303030303,33,6.32608695652174,4.6,5.5,5.42857142857143,5.90384615384615,23,10,4,7,26,2073,1168,905,255,641,1432,5.31205595754945,5.69554965753425,4.81711602209945,4.97117647058823,5.14033073322933,5.38892458100559,111
"113",2011,2,5.62083333333333,24,6.22307692307692,4.90909090909091,5.66666666666667,5,5.745,13,11,3,4,20,2097,1181,916,258,645,1452,5.3155898903195,5.70135647756139,4.81822052401747,4.97926356589147,5.13946046511628,5.39382920110193,112
"114",2011,3,5.52042307692308,26,5.64061111111111,5.25,5.10033333333333,5,5.67655,18,8,3,6,20,2123,1199,924,261,651,1472,5.31809844559586,5.70044453711426,4.82195887445888,4.98065517241379,5.13817511520737,5.39767051630435,113
"115",2011,4,5.325,16,5.85714285714286,4.91111111111111,4.66666666666667,5.34,5.31818181818182,7,9,3,5,11,2139,1206,933,264,656,1483,5.31815007012623,5.70135406301824,4.82281886387996,4.97708712121212,5.13971341463414,5.39708091706001,114
"116",2011,5,5.78846153846154,26,5.91176470588235,5.55555555555556,5.5,5.8125,5.77777777777778,17,9,3,8,18,2165,1223,942,267,664,1501,5.32379815242494,5.70427882256746,4.82981953290871,4.98296254681648,5.14781927710843,5.40164623584277,115
"117",2011,6,5.85833333333333,18,6.1,5.55625,4.98333333333333,5.4375,5.97857142857143,10,8,3,4,14,2183,1233,950,270,668,1515,5.32820568025653,5.70748824006488,4.83593684210526,4.98296666666667,5.14955389221557,5.40697755775577,116
"118",2011,7,5.425,20,6,4.85,4.75,5.6,5.36666666666667,10,10,4,5,15,2203,1243,960,274,673,1530,5.32908443032229,5.70984151246983,4.83608333333333,4.97956569343066,5.15290044576523,5.40658235294118,117
"119",2011,8,5.62702702702703,37,5.848,5.16666666666667,4.38888888888889,5.18181818181818,5.81538461538462,25,12,9,11,26,2240,1268,972,283,684,1556,5.33400580357143,5.71256545741325,4.8401646090535,4.96078091872791,5.15336549707602,5.41341323907455,118
"120",2011,9,5.5,15,5.94444444444444,4.83333333333333,5,4.5,5.65384615384615,9,6,2,2,13,2255,1277,978,285,686,1569,5.33510997782705,5.71419968676586,4.8401226993865,4.96105614035088,5.15146064139942,5.41540535372849,119
"121",2011,10,5.72916666666667,24,6.2,4.94444444444444,5.5,6.35714285714286,5.47058823529412,15,9,2,7,17,2279,1292,987,287,693,1586,5.33925976305397,5.71983978328173,4.84107396149949,4.96481184668989,5.16363924963925,5.41599684741488,120
"122",2011,11,6.01996,25,6.2311875,5.64444444444444,5.66,6.71414285714286,5.75,16,9,5,7,18,2304,1308,996,292,700,1604,5.34664583333334,5.72609480122324,4.84833333333333,4.97671575342466,5.17914428571428,5.41974501246883,121
"123",2011,12,5.17666666666667,30,5.62777777777778,4.5,3.75,5.25,5.17142857142857,18,12,4,2,28,2334,1326,1008,296,702,1632,5.34446101113968,5.72476018099547,4.84418650793651,4.96013851351351,5.17934615384615,5.41548468137255,122
"124",2012,1,5.19444444444444,36,5.36111111111111,5.02777777777778,5.66666666666667,4.8,5.34615384615385,18,18,6,10,26,2370,1344,1026,302,712,1658,5.34218227848101,5.71988988095238,4.84740740740741,4.97417549668874,5.17401825842696,5.4143974668275,123
"125",2012,2,5.66666666666667,21,5.90909090909091,5.4,6.5,6,5.53333333333333,11,10,2,6,15,2391,1355,1036,304,718,1673,5.3450322040987,5.7214258302583,4.85274131274131,4.98421381578947,5.18092061281337,5.41546383741781,124
"126",2012,3,5.17857142857143,14,5.75,4.41666666666667,6,5,5.35714285714286,8,6,1,7,7,2405,1363,1042,305,725,1680,5.3440632016632,5.7215935436537,4.85023032629559,4.98754426229508,5.17917379310345,5.41522083333333,125
"127",2012,4,5.8,21,6.05555555555556,5.60833333333333,5.76666666666667,4,5.98947368421053,9,12,3,2,19,2426,1372,1054,308,727,1699,5.3480098928277,5.72378425655977,4.8588614800759,4.99513311688312,5.17592984869326,5.42164273101824,126
"128",2012,5,5.09565217391304,23,5.08,5.125,4,5,5.11578947368421,15,8,4,4,19,2449,1387,1062,312,731,1718,5.34563985300123,5.71682191780822,4.86086629001883,4.982375,5.17496716826265,5.4182601862631,127
"129",2012,6,5.2,24,6.05555555555556,4.68666666666667,5.11428571428571,5.08333333333333,5.23888888888889,9,15,7,6,18,2473,1396,1077,319,737,1736,5.34422644561262,5.71900573065902,4.85844011142061,4.98526959247649,5.17422116689281,5.41640034562212,128
"130",2012,7,5.49133333333333,15,5.55555555555556,5.395,3,5.5,5.48818181818182,9,6,1,4,11,2488,1405,1083,320,741,1747,5.34511334405145,5.71795871886121,4.86141274238227,4.979065625,5.17597975708502,5.41685231825987,129
"131",2012,8,5.05263157894737,19,5.17,4.92222222222222,4.33333333333333,3.25,5.88461538461539,10,9,3,6,13,2507,1415,1092,323,747,1760,5.34289668927004,5.71408621908127,4.86191391941392,4.97306811145511,5.16051004016064,5.42030738636364,130
"132",2012,9,5.65625,16,5.6875,5.625,6.25,4.75,5.95833333333333,8,8,4,4,12,2523,1423,1100,327,751,1772,5.34488386841062,5.71393675333802,4.86746363636364,4.98868807339449,5.15832356857523,5.42395090293454,131
"133",2012,10,5.42307692307692,26,5.78125,4.85,5.6,6,5.28571428571429,16,10,5,5,21,2549,1439,1110,332,756,1793,5.34568144370341,5.7146851980542,4.86730630630631,4.99789457831325,5.16389021164021,5.42233184606804,132
"134",2012,11,5.3551724137931,29,5.7375,4.88461538461539,5,4.9125,5.52380952380952,16,13,2,8,21,2578,1455,1123,334,764,1814,5.34578820791311,5.71493608247423,4.86750667853963,4.99790718562874,5.16125785340314,5.42350661521499,133
"135",2012,12,5.38888888888889,27,5.56,5.175,5.42,4.85714285714286,5.575,15,12,5,7,20,2605,1470,1135,339,771,1834,5.3462349328215,5.71335510204081,4.8707577092511,5.00413274336283,5.15849675745785,5.4251586695747,134
"136",2013,1,5.18793103448276,29,5.60263157894737,4.4,5.83333333333333,4.98,5.23125,19,10,3,5,24,2634,1489,1145,342,776,1858,5.34449202733485,5.71194224311618,4.86664628820961,5.01140643274854,5.15734664948454,5.42265392895587,135
"137",2013,2,5.759375,16,6.25,5.26875,5.7625,6.0125,5.675,8,8,4,4,12,2650,1497,1153,346,780,1870,5.34699698113208,5.71481763527054,4.86943625325239,5.02008959537572,5.16173205128205,5.42427326203208,136
"138",2013,3,5.98518518518518,27,6.64705882352941,4.86,5.36666666666667,6.65,5.8695652173913,17,10,3,4,23,2677,1514,1163,349,784,1893,5.35343369443407,5.72528533685601,4.86935511607911,5.02306876790831,5.16932525510204,5.42968357105124,137
"139",2013,4,5.91304347826087,23,6.25,5.14285714285714,NA,5.875,5.92105263157895,16,7,0,4,19,2700,1530,1170,349,788,1912,5.35820074074074,5.73077254901961,4.87099145299145,5.02306876790831,5.17290736040609,5.43456642259414,138
"140",2013,5,5.676,25,6.69285714285714,4.38181818181818,4.24,6.49,5.4725,14,11,5,5,20,2725,1544,1181,354,793,1932,5.36111633027523,5.73949611398964,4.86643522438611,5.01200847457627,5.18121185372005,5.43495910973085,139
"141",2013,6,5.79230769230769,13,5.93636363636364,5,5,5.25,6.03333333333333,11,2,1,4,9,2738,1555,1183,355,797,1941,5.36316362308254,5.74088874598071,4.86666103127642,5.01197464788732,5.18155708908407,5.43773364245234,140
"142",2013,7,5.83333333333333,21,5.82352941176471,5.875,5,5.75,5.85294117647059,17,4,1,4,17,2759,1572,1187,356,801,1958,5.36674229793404,5.74178244274809,4.87005897219882,5.01194101123595,5.18439575530587,5.44133861082737,141
"143",2013,8,5.68148148148148,27,6.35714285714286,4.95384615384615,5.16666666666667,6.33333333333333,5.4952380952381,14,13,6,6,21,2786,1586,1200,362,807,1979,5.36979253409907,5.74721437578815,4.87096666666667,5.01450552486188,5.19293804213135,5.44191056088934,142
"144",2013,9,6.192,25,6.6125,5.44444444444444,5.25,6,6.2,16,9,4,1,24,2811,1602,1209,366,808,2003,5.37710494485948,5.75585642946317,4.87523573200993,5.01707923497268,5.19393688118812,5.45099400898652,143
"145",2013,10,5.86,20,5.825,6,7,5.83333333333333,5.86470588235294,16,4,1,3,17,2831,1618,1213,367,811,2020,5.38051642529142,5.75654017305315,4.87894476504534,5.02248228882834,5.19630209617756,5.45447574257426,144
"146",2013,11,5.2258064516129,31,5.74166666666667,4.9,4.5,4.91428571428571,5.31666666666667,12,19,6,7,24,2862,1630,1232,373,818,2044,5.37884067085954,5.75643067484662,4.87926948051948,5.01407774798928,5.19388875305623,5.45285763209393,145
"147",2013,12,6.11891891891892,37,6.13076923076923,6.09090909090909,6.41666666666667,6.025,6.13030303030303,26,11,6,4,33,2899,1656,1243,379,822,2077,5.38828630562263,5.76230797101449,4.88999195494771,5.03628232189974,5.19793309002433,5.46362108810785,146
"148",2014,1,5.5546875,32,5.76190476190476,5.15909090909091,6.2,5.33333333333333,5.57758620689655,21,11,5,3,29,2931,1677,1254,384,825,2106,5.39010303650631,5.76230292188432,4.89235247208932,5.05143489583333,5.19842545454545,5.46519040835707,147
"149",2014,2,5.85294117647059,17,5.83333333333333,5.875,5.5,5.125,6.07692307692308,9,8,2,4,13,2948,1686,1262,386,829,2119,5.39277204884668,5.76268208778173,4.89858161648178,5.05375906735751,5.19807117008444,5.46894336951392,148
"150",2014,3,5.83448275862069,29,5.85714285714286,5.775,6,4.83333333333333,6.09565217391304,21,8,3,6,23,2977,1707,1270,389,835,2142,5.39707490762513,5.76384417106034,4.90410236220472,5.06105655526992,5.1954502994012,5.47567273576097,149
"151",2014,4,6,21,6.03571428571429,5.92857142857143,5,5.33333333333333,6.11111111111111,14,7,1,3,18,2998,1721,1277,390,838,2160,5.4012981987992,5.76605578152237,4.90971808927173,5.0609,5.19594391408115,5.48096805555555,150
"152",2014,5,5.38260869565217,23,5.65333333333333,4.875,4.7,5.22,5.42777777777778,15,8,5,5,18,3021,1736,1285,395,843,2178,5.40115590863952,5.76508179723502,4.90950194552529,5.05633164556962,5.19608659549229,5.48052846648301,151
"153",2014,6,5.97826086956522,23,6.25,5.68181818181818,6.375,5.66666666666667,6.025,12,11,4,3,20,3044,1748,1296,399,846,2198,5.40551642575559,5.76841075514874,4.91605709876543,5.06955137844611,5.19775531914894,5.48548271155596,152
"154",2014,7,4.93421052631579,19,5.7625,4.33181818181818,4,4.75,4.98333333333333,8,11,2,4,15,3063,1756,1307,401,850,2213,5.40259288279465,5.76838382687927,4.91114001530222,5.06421695760598,5.19564823529412,5.48207907817442,153
"155",2014,8,5.8962962962963,27,6.2,5.45454545454545,5.85714285714286,6.875,5.72608695652174,16,11,7,4,23,3090,1772,1318,408,854,2236,5.40690679611651,5.77228103837472,4.91567526555387,5.07782107843137,5.20351405152225,5.48458899821109,154
"156",2014,9,5.83913043478261,23,6.07142857142857,5.47777777777778,5.2,5.64285714285714,5.925,14,9,4,7,16,3113,1786,1327,412,861,2252,5.41010022486348,5.77462597984322,4.91948756593821,5.0790072815534,5.20708594657375,5.48771802841918,155
"157",2014,10,5.42708333333333,24,5.5,5.20833333333333,4,4.7,5.61842105263158,18,6,2,5,19,3137,1804,1333,414,866,2271,5.41023015620019,5.77188580931264,4.92078769692423,5.07379468599034,5.20415819861432,5.48881153676794,156
"158",2014,11,5.73809523809524,21,6.04545454545455,5.4,6,5,5.775,11,10,5,1,20,3158,1815,1343,419,867,2291,5.41241038632046,5.77354380165289,4.92435591958302,5.08484725536993,5.20392272202999,5.49130990833697,157
"159",2014,12,5.54333333333333,30,5.86111111111111,5.06666666666667,4.75714285714286,4.85,5.79545454545455,18,12,7,8,22,3188,1833,1355,426,875,2313,5.41364240903388,5.77440370976541,4.92561623616236,5.07946244131455,5.20068685714286,5.4942027669693,158
"160",2015,1,5.8,36,5.812,5.77272727272727,5.64285714285714,6.33333333333333,5.69333333333333,25,11,7,6,30,3224,1858,1366,433,881,2343,5.41795657568238,5.77490958019376,4.93243777452416,5.08857043879908,5.20840068104427,5.49675245411865,159
"161",2015,2,5.77321428571429,28,5.94761904761905,5.25,5.41666666666667,5.375,5.9325,21,7,3,8,20,3252,1879,1373,436,889,2363,5.42101537515375,5.77683980840873,4.93405680990532,5.09082798165138,5.20989988751406,5.5004405416843,160
"162",2015,3,5.54705882352941,34,5.55263157894737,5.54,5.75,5.5625,5.54230769230769,19,15,6,8,26,3286,1898,1388,442,897,2389,5.42231953743153,5.77459536354057,4.94060518731989,5.09977601809955,5.21304459308807,5.50089619087484,161
"163",2015,4,5.4552,25,5.33636363636364,5.54857142857143,6,4.625,5.84588235294118,11,14,4,8,17,3311,1909,1402,446,905,2406,5.42256780428874,5.77207019381875,4.94667617689016,5.10784977578475,5.20784640883978,5.50333374896093,162
"164",2015,5,5.94117647058824,17,6.58333333333333,4.4,5,4,6.0625,12,5,2,1,16,3328,1921,1407,448,906,2422,5.42521694711539,5.7771379489849,4.94473347547975,5.10736830357143,5.20651324503311,5.50702766308836,163
"165",2015,6,5.84375,16,5.9,5.75,5.75,6,5.82142857142857,10,6,6,2,14,3344,1931,1413,454,908,2436,5.42721949760766,5.77777421025375,4.94815286624204,5.11586123348018,5.20826101321586,5.50883456486043,164
"166",2015,7,5.63333333333333,30,5.65555555555556,5.6,5.45714285714286,5,5.76,18,12,7,5,25,3374,1949,1425,461,913,2461,5.42905216360403,5.77664545920985,4.95364210526316,5.12104338394794,5.20712048192771,5.5113860219423,165
"167",2015,8,5.485,30,5.95882352941176,4.86538461538461,5.45,5,5.51964285714286,17,13,4,2,28,3404,1966,1438,465,915,2489,5.42954524089307,5.77822075279756,4.95284422809458,5.12387311827957,5.20666775956284,5.51147890719164,166
"168",2015,9,5.32307692307692,26,5.99285714285714,4.54166666666667,5.66666666666667,5.5,5.3,14,12,3,3,23,3430,1980,1450,468,918,2512,5.42873819241983,5.77973838383838,4.94944137931035,5.12735256410256,5.20762636165577,5.5095425955414,167
"169",2015,10,5.10416666666667,24,5.38888888888889,4.25,2,4,5.325,18,6,1,4,20,3454,1998,1456,469,922,2532,5.42648291835553,5.77621721721721,4.94655906593407,5.12068443496802,5.20238720173536,5.50808491311216,168
"170",2015,11,6.14761904761905,21,6.50769230769231,5.5625,6.66666666666667,6.05,6.15789473684211,13,8,3,2,19,3475,2011,1464,472,924,2551,5.43084086330935,5.78094579811039,4.94992486338798,5.13051059322034,5.20422186147186,5.51292473539788,169
"171",2015,12,5.27083333333333,24,5.61764705882353,4.42857142857143,4,4.5,5.425,17,7,3,4,20,3499,2028,1471,475,928,2571,5.42974335524436,5.77957692307692,4.9474439157036,5.12337052631579,5.20118642241379,5.51224076234928,170
"172",2016,1,5.79909090909091,55,6.07763157894737,5.17647058823529,5.1875,5.375,5.87127659574468,38,17,8,8,47,3554,2066,1488,483,936,2618,5.43545920090039,5.78505905130687,4.95006048387097,5.12443271221532,5.20267200854701,5.51868640183346,171
"173",2016,2,5.67931034482759,29,5.98421052631579,5.1,4,4.33333333333333,5.83461538461538,19,10,5,3,26,3583,2085,1498,488,939,2644,5.43743287747698,5.78687386091127,4.9510614152203,5.1129118852459,5.1998945686901,5.52179311649017,172
"174",2016,3,5.36162790697674,43,5.58,5.05833333333333,4.70833333333333,6,5.31375,25,18,6,3,40,3626,2110,1516,494,942,2684,5.43653392167678,5.78442274881516,4.95233509234829,5.1079979757085,5.20244267515924,5.51869262295082,173
"175",2016,4,5.53846153846154,26,5.86666666666667,5.09090909090909,4.625,4.58333333333333,5.825,15,11,4,6,20,3652,2125,1527,498,948,2704,5.43725958378971,5.78500329411765,4.95333333333334,5.10411847389558,5.19852426160338,5.52095821005917,174
"176",2016,5,5.49485714285714,35,5.61,5.3,5.475,5.21428571428571,5.565,22,13,4,7,28,3687,2147,1540,502,955,2732,5.43780634662327,5.7832100605496,4.95625974025974,5.10707370517928,5.19863979057592,5.52140959004392,175
"177",2016,6,5.89259259259259,27,6.37142857142857,5.37692307692308,5.26666666666667,5.93333333333333,5.88095238095238,14,13,3,6,21,3714,2161,1553,505,961,2753,5.44111254711901,5.78702082369273,4.95978106889891,5.10802178217822,5.20322684703434,5.52415219760262,176
"178",2016,7,5.746875,32,5.805,5.65,5.25,6.66666666666667,5.65172413793103,20,12,4,3,29,3746,2181,1565,509,964,2782,5.44372450613988,5.78718569463549,4.96507348242812,5.10913752455796,5.20778112033195,5.52548202731848,177
"179",2016,8,5.64285714285714,42,5.52083333333333,5.80555555555556,5.61111111111111,5.35714285714286,5.7,24,18,9,7,35,3788,2205,1583,518,971,2817,5.44593241816262,5.78428662131519,4.97463044851548,5.11785907335907,5.2088578784758,5.5276503372382,178
"180",2016,9,6.15,20,6.30769230769231,5.85714285714286,6,5,6.21052631578947,13,7,2,1,19,3808,2218,1590,520,972,2836,5.44963025210084,5.78735437330929,4.97851572327044,5.12125192307692,5.20864300411523,5.53222531734838,179
"181",2016,10,5.484,50,5.56875,5.33333333333333,6,4.16666666666667,5.77317073170732,32,18,8,9,41,3858,2250,1608,528,981,2877,5.4500756868844,5.78424533333333,4.98248756218906,5.13456628787879,5.19908358817533,5.53565901981231,180
"182",2016,11,5.51486486486487,37,5.62678571428571,5.16666666666667,5.5,4.83333333333333,5.64677419354839,28,9,5,6,31,3895,2278,1617,533,987,2908,5.45069114249037,5.78230992098332,4.98351267779839,5.13799437148218,5.19686018237082,5.53684353507565,181
"183",2016,12,4.99193548387097,31,5.5,4.45,5.375,4.4375,5.07407407407407,16,15,6,4,27,3926,2294,1632,539,991,2935,5.44706877228732,5.78034088927637,4.97860906862745,5.14063265306122,5.19379515640767,5.5325863713799,182
"184",2017,1,5.39181818181818,55,5.79558823529412,4.73809523809524,4.45,4.35454545454545,5.65113636363636,34,21,10,11,44,3981,2328,1653,549,1002,2979,5.44630545089174,5.78056357388316,4.97555353901997,5.12805282331512,5.18458183632735,5.53433736153072,183
"185",2017,2,5.82291666666667,24,5.86764705882353,5.71428571428571,5.75,5.75,5.8375,17,7,4,4,20,4005,2345,1660,553,1006,2999,5.44856229712859,5.78119488272921,4.9786686746988,5.13255153707052,5.18683001988072,5.53635911970657,184
"186",2017,3,5.19642857142857,28,5.47058823529412,4.77272727272727,4,4.5,5.28,17,11,1,3,25,4033,2362,1671,554,1009,3024,5.44681180262832,5.77895935647756,4.97731298623579,5.13050722021661,5.18478790882062,5.53423974867725,185
"187",2017,4,6.09411764705882,34,6.24782608695652,5.77272727272727,5.625,6.3,6.06666666666667,23,11,8,4,30,4067,2385,1682,562,1013,3054,5.45222326038849,5.78348092243187,4.98251486325803,5.1375462633452,5.18919151036525,5.53946987557302,186
"188",2017,5,5.98214285714286,28,5.97058823529412,6,7,6.6,5.84782608695652,17,11,3,5,23,4095,2402,1693,565,1018,3077,5.45584664224664,5.7848051623647,4.98912581216775,5.14743539823009,5.19612082514735,5.54177478063049,187
"189",2017,6,5.74074074074074,27,6.05263157894737,5,5,4.5,5.84,19,8,1,2,25,4122,2421,1701,566,1020,3102,5.45771276079573,5.78690706319703,4.98917695473251,5.14717491166078,5.19475588235294,5.54417827208253,188
"190",2017,7,5.34375,32,6.05555555555556,4.42857142857143,4.5,5.14285714285714,5.4,18,14,8,7,25,4154,2439,1715,574,1027,3127,5.45683485796822,5.78888970889709,4.98460058309038,5.13815505226481,5.19440214216164,5.54302558362648,189
"191",2017,8,5.75757575757576,33,5.70454545454545,5.86363636363636,6.3125,4.75,5.98148148148148,22,11,8,6,27,4187,2461,1726,582,1033,3154,5.45920515882494,5.78813571718814,4.99020278099653,5.15429725085911,5.19182090997096,5.54677901077996,190
"192",2017,9,5.525,20,5.38888888888889,5.63636363636364,5.75,5.125,5.625,9,11,4,4,16,4207,2470,1737,586,1037,3170,5.45951794628001,5.78668097165992,4.99429476108233,5.15836348122867,5.19156316297011,5.5471738170347,191
"193",2017,10,5.92484848484848,33,6.25,5.53466666666667,5.2,6.33333333333333,5.884,18,15,5,3,30,4240,2488,1752,591,1040,3200,5.46313962264151,5.79003295819936,4.99892123287671,5.15871573604061,5.19485673076923,5.5503315625,192
"194",2017,11,5.945075,40,6.12375,5.6770625,6.619,5,6.0217027027027,24,16,7,3,37,4280,2512,1768,598,1043,3237,5.46764369158879,5.79322133757962,5.00505825791855,5.1758093645485,5.19429626078619,5.55571949335805,193
"195",2017,12,5.81775510204082,49,6.07787878787879,5.28125,5.125,5.7,5.83113636363636,33,16,4,5,44,4329,2545,1784,602,1048,3281,5.47160660660661,5.79691237721022,5.00753531390135,5.17547176079734,5.19670896946565,5.55941298384639,194
"196",2018,1,5.89259259259259,54,6.03414634146341,5.44615384615385,5.76,6.04285714285714,5.87021276595745,41,13,5,7,47,4383,2586,1797,607,1055,3328,5.47679329226557,5.80067362722351,5.01070840289371,5.18028665568369,5.20232322274882,5.56380228365385,195
"197",2018,2,5.25354838709677,31,5.57894736842105,4.73833333333333,4,5.5,5.24533333333333,19,12,2,1,30,4414,2605,1809,609,1056,3358,5.47522541912098,5.79905642994242,5.00890160309564,5.1764105090312,5.20260511363636,5.56095711733175,196
"198",2018,3,6.07619047619048,42,6.428,5.55882352941176,5.66666666666667,5.92857142857143,6.10571428571429,25,17,6,7,35,4456,2630,1826,615,1063,3393,5.48088981149013,5.80503498098859,5.01402135815991,5.18119349593496,5.20738570084666,5.56657648099028,197
"199",2018,4,5.76769230769231,26,6.3725,4.8,3.75,7,5.665,16,10,4,2,24,4482,2646,1836,619,1065,3417,5.48255354752343,5.80846636432351,5.01285566448802,5.1719450726979,5.21075211267606,5.56726777875329,198
"200",2018,5,5.76514285714286,35,5.989,5.46666666666667,5.5,6.625,5.51037037037037,20,15,4,8,27,4517,2666,1851,623,1073,3444,5.48474319238433,5.80982070517629,5.01653322528363,5.17405136436597,5.22129636533085,5.56682171893148,199
"201",2018,6,5.37319230769231,26,6.04686666666667,4.45454545454545,5,5,5.48515,15,11,3,6,20,4543,2681,1862,626,1079,3464,5.48410477657935,5.81114696008952,5.01321321160043,5.17321725239617,5.22006580166821,5.56635017321016,200
"202",2018,7,5.63666666666667,30,5.93571428571429,5.375,5.375,5.025,5.73076923076923,14,16,8,4,26,4573,2695,1878,634,1083,3490,5.48510561994314,5.81179406307978,5.01629552715655,5.17576340694006,5.21934533702678,5.56757507163324,201
"203",2018,8,5.578125,32,5.90909090909091,4.85,5.83333333333333,5.16666666666667,5.62068965517241,22,10,3,3,29,4605,2717,1888,637,1086,3519,5.48575200868621,5.81258189179242,5.01541472457627,5.17886028257457,5.21919981583794,5.56801278772379,202
"204",2018,9,6.29031761904762,21,6.43051307692308,6.0625,6,5.9,6.412291875,13,8,2,5,16,4626,2730,1896,639,1091,3535,5.4894043817553,5.81552442124542,5.01983280590718,5.1814303599374,5.22231989000917,5.57183413578501,203
"205",2018,10,6.17714285714286,35,6.18571428571429,6.14285714285714,7,5.95714285714286,6.23214285714286,28,7,2,7,28,4661,2758,1903,641,1098,3563,5.49456869126797,5.81928269398115,5.02396374146085,5.18710452418097,5.22700455373406,5.57702320235757,204
"206",2018,11,5.88095238095238,42,5.804,5.99411764705882,3.83333333333333,5.875,5.88235294117647,25,17,3,8,34,4703,2783,1920,644,1106,3597,5.4980192791835,5.81914540783327,5.03255364583334,5.18079813664596,5.23169168173599,5.57990927717543,205
"207",2018,12,5.46054054054054,37,5.61090909090909,5.24,6.8,5.6875,5.39793103448276,22,15,2,8,29,4740,2805,1935,646,1114,3626,5.49772672362869,5.81751218181818,5.03416175710595,5.18581114551084,5.23496499102334,5.57845385273028,206
"208",2019,1,5.47142857142857,63,5.50454545454545,5.39473684210526,5.15,5.45,5.47547169811321,44,19,10,10,53,4803,2849,1954,656,1124,3679,5.49738177597335,5.81267871884872,5.03766786079836,5.18526524390244,5.236878113879,5.57697028268551,207
"209",2019,2,5.51785714285714,28,6,4.96153846153846,4,6,5.5,15,13,1,1,27,4831,2864,1967,657,1125,3706,5.49750044918236,5.81365980097766,5.03716471784444,5.18346118721461,5.23755644444445,5.57640951699946,208
"210",2019,3,6.02413793103448,29,6.37826086956522,4.66666666666667,5.5,5.625,6.088,23,6,2,4,25,4860,2887,1973,659,1129,3731,5.50064293621399,5.81815783512297,5.0360380131779,5.18442185128983,5.2389291408326,5.57983748860895,209
"211",2019,4,5.98483870967742,31,6.78785714285714,5.32352941176471,5.4375,4.5,6.20481481481481,14,17,8,4,27,4891,2901,1990,667,1133,3758,5.50371185238192,5.82283752843847,5.03849396984925,5.18745727136432,5.23632038834952,5.58432774614157,210
"212",2019,5,5.47586206896552,29,6.28235294117647,4.33333333333333,5.33333333333333,6.8,5.2,17,12,6,5,24,4920,2918,2002,673,1138,3782,5.50354769715447,5.82551462302947,5.03426723276723,5.18875780089153,5.24319068541301,5.58188886039133,211
"213",2019,6,5.77282608695652,46,5.83620689655172,5.66470588235294,6.66666666666667,7,5.65595238095238,29,17,3,4,42,4966,2947,2019,676,1142,3824,5.50604201973419,5.82561984051578,5.0395755324418,5.19531656804734,5.24934413309983,5.58270231956067,212
"214",2019,7,5.91666666666667,30,6.36842105263158,5.13636363636364,5.4,6.42857142857143,5.76086956521739,19,11,5,7,23,4996,2966,2030,681,1149,3847,5.50850774019215,5.82909698921106,5.0401,5.19681938325991,5.25652828546562,5.58376752534443,213
"215",2019,8,6.14146341463415,41,6.38518518518519,5.67142857142857,6.75,5.8,6.21176470588235,27,14,6,7,34,5037,2993,2044,687,1156,3881,5.51365985110184,5.83411348813899,5.04442416829746,5.21038427947598,5.25981920415225,5.58926917547024,214
"216",2019,9,5.77441860465116,43,6,5.46111111111111,5.575,4.75,5.87948717948718,25,18,4,4,39,5080,3018,2062,691,1160,3920,5.51586706102362,5.83548763088138,5.04806159068865,5.21249493487699,5.25806120689655,5.59215654846939,215
"217",2019,10,5.68787878787879,33,5.5,5.94285714285714,6.4,6.33333333333333,5.62333333333333,19,14,5,3,30,5113,3037,2076,696,1163,3950,5.51697724819088,5.83338876193612,5.05409585741811,5.22102586206897,5.26083490971625,5.59239333417722,216
"218",2019,11,5.49222222222222,45,5.77173913043478,5.2,5.09090909090909,5.5,5.49102564102564,23,22,11,6,39,5158,3060,2098,707,1169,3989,5.51676127762699,5.83292538235294,5.05562583412774,5.21900141442716,5.2620624465355,5.59140227375282,217
"219",2019,12,5.825,54,5.98484848484848,5.57380952380952,6.02727272727273,5.6,5.84795918367347,33,21,11,5,49,5212,3093,2119,718,1174,4038,5.51995484842671,5.83454628839315,5.06076120811704,5.23138440111421,5.26350170357751,5.59451552005944,218
"220",2020,1,5.70486111111111,72,5.82142857142857,5.45652173913043,4.9375,5.42857142857143,5.73461538461538,49,23,8,7,65,5284,3142,2142,726,1181,4103,5.52247438872066,5.83434171546786,5.06501073762839,5.22814600550964,5.26448010160881,5.59673499146966,219
"221",2020,2,5.96090571428571,49,6.28125,5.35790470588235,5.58348285714286,5.8,5.97520844444444,32,17,7,4,45,5333,3174,2159,733,1185,4148,5.52650272829552,5.83884740705734,5.06731698934692,5.23153939972715,5.26628776371308,5.60084089922855,220
"222",2020,3,5.61685185185185,54,5.6815625,5.52272727272727,6.1,4,5.7462,32,22,5,4,50,5387,3206,2181,738,1189,4198,5.52740839985149,5.83727750155958,5.07191076570381,5.23742327913279,5.26202775441548,5.60257218913769,221
"223",2020,4,5.88267857142857,56,5.90083333333333,5.85,6.5,5.46153846153846,6.01,36,20,8,13,43,5443,3242,2201,746,1202,4241,5.53106357707147,5.83798324182604,5.07898109041345,5.25096297587131,5.26418552412646,5.60670314784249,222
"224",2020,5,5.55128205128205,39,6,4.83333333333333,6,4.75,5.64285714285714,24,15,3,4,35,5482,3266,2216,749,1206,4276,5.53120741517694,5.83917381200245,5.07731831227437,5.25396312416555,5.26248009950249,5.60699907623948,223
"225",2020,6,5.8046511627907,43,5.89090909090909,5.71428571428571,6.5,6,5.78461538461538,22,21,5,4,39,5525,3288,2237,754,1210,4315,5.53333557466063,5.83951997262774,5.08329789003129,5.26222596816976,5.26491818181818,5.60860441483198,224
"226",2020,7,5.84545454545455,44,6.03870967741936,5.38461538461539,5.8,6.02857142857143,5.81081081081081,31,13,5,7,37,5569,3319,2250,759,1217,4352,5.53580158915424,5.84138043687858,5.08503883555556,5.26576861660079,5.26931059983566,5.61032354090074,225
"227",2020,8,5.7637037037037,54,5.704,5.87368421052632,6.5,5.64,5.81128205128205,35,19,6,15,39,5623,3354,2269,765,1232,4391,5.53799022763649,5.83994683064997,5.09164274129573,5.2754488627451,5.27382386363636,5.61210841493965,226
"228",2020,9,6.18068181818182,44,6.61129032258065,5.15384615384615,4.33333333333333,6.75,6.12375,31,13,3,4,40,5667,3385,2282,768,1236,4431,5.54298024527969,5.84701083308715,5.09199709903594,5.27176872395833,5.27860113268608,5.61672716091176,227
"229",2020,10,5.88548155555556,45,5.66538461538462,6.18666684210526,6.125,6.16666666666667,5.84222230769231,26,19,8,6,39,5712,3411,2301,776,1242,4470,5.54567852240896,5.84562640574612,5.10103609300304,5.28056492268041,5.28289130434783,5.61869456823266,228
"230",2020,11,5.82041666666667,48,5.87027027027027,5.65272727272727,6.58333333333333,6.125,5.79272727272727,37,11,6,4,44,5760,3448,2312,782,1246,4514,5.54796800694444,5.84589085556845,5.10366092128028,5.29056058823529,5.28559470304976,5.62039094373062,229
"231",2020,12,5.91395061728395,81,6.1468,5.53838709677419,5.77777777777778,5.78166666666667,5.92453333333333,50,31,9,6,75,5841,3498,2343,791,1252,4589,5.55304326656394,5.85019201543739,5.10941274007683,5.29610414664981,5.28797204472844,5.62536167356723,230
"232",2021,1,5.85014084507042,71,5.97466666666667,5.63461538461539,4.85714285714286,6,5.83878787878788,45,26,7,5,66,5912,3543,2369,798,1257,4655,5.55661125169147,5.85177298052498,5.11517688898269,5.29225360902256,5.29080429594272,5.62838769495167,231
"233",2021,2,6.0225,48,6.19666666666667,5.5,5.33333333333333,6.11111111111111,6.00205128205128,36,12,6,9,39,5960,3579,2381,804,1266,4694,5.56036337583892,5.85524215423303,5.11711635867283,5.29256017412935,5.29663586097946,5.63149227098424,232
"234",2021,3,5.72574418604651,43,6.10594444444444,5.452,5.37777777777778,4.30233333333333,5.8325,18,25,9,3,40,6003,3597,2406,813,1269,4734,5.56154801266034,5.85649671114818,5.12059603075644,5.29350354243542,5.29428526398739,5.63319068863541,233
"235",2021,4,5.59655172413793,29,5.83181818181818,4.85714285714286,4.5,5.33333333333333,5.62692307692308,22,7,2,3,26,6032,3619,2413,815,1272,4760,5.56171629973475,5.85634668969329,5.11983176543722,5.29155629447853,5.29437735849057,5.63315645378152,234
"236",2021,5,5.54761904761905,42,5.72,5.29411764705882,4.5,5,5.65714285714286,25,17,6,7,35,6074,3644,2430,821,1279,4795,5.56161882120514,5.85541127058178,5.12105104938272,5.28577147381242,5.2927662236122,5.63333153701773,235
"237",2021,6,5.64,45,6.112,5.05,5.375,4.8375,5.81351351351351,25,20,8,8,37,6119,3669,2450,829,1287,4832,5.56219524758948,5.85715962660126,5.12047104081633,5.28663254523522,5.28993628593629,5.63471124172186,236
"238",2021,7,5.94117647058824,34,6.04761904761905,5.76923076923077,5.83333333333333,5,6.03225806451613,21,13,6,3,31,6153,3690,2463,835,1290,4863,5.56428940679343,5.85824354200542,5.12389526999594,5.29056093413174,5.28926201550388,5.63724546987457,237
"239",2021,8,5.64444444444444,54,6.10526315789474,4.55,4.75,5.36666666666667,5.7,38,16,4,9,45,6207,3728,2479,839,1299,4908,5.56498674399871,5.86076144581545,5.12019122630093,5.28798376638856,5.28979830638953,5.63782084759576,238
"240",2021,9,5.56818181818182,44,5.86666666666667,4.92857142857143,4.71428571428571,5,5.65789473684211,30,14,7,6,38,6251,3758,2493,846,1305,4946,5.5650092337226,5.86080858701437,5.11911514239872,5.28323685579196,5.28846590038314,5.63797507480793,239
"241",2021,10,5.30585365853659,41,6.03571428571429,3.73384615384615,3.4,4.625,5.47090909090909,28,13,5,8,33,6292,3786,2506,851,1313,4979,5.56332052129688,5.86210213153724,5.11192899042299,5.2721720094007,5.28442345773039,5.6368677887126,240
"242",2021,11,5.91333333333333,45,6.15428571428571,5.07,4.9,4.9,6.01219512195122,35,10,4,4,41,6337,3821,2516,855,1317,5020,5.56580601546473,5.8647785056268,5.11176234101749,5.27043085380117,5.28325588458618,5.63993321115538,241
"243",2021,12,5.89292510204082,49,5.92152371428571,5.82142857142857,5.6,5.2,5.97166659090909,35,14,5,5,44,6386,3856,2530,860,1322,5064,5.56831601158785,5.86529356846473,5.11568934782609,5.27234695348837,5.28294099848714,5.64281557069511,242
"244",2022,1,5.87810989010989,91,6.30179661016949,5.0969375,5.83333333333333,6.59,5.79022222222222,59,32,6,10,81,6477,3915,2562,866,1332,5145,5.57266852709588,5.8718717752235,5.11545513270882,5.27623369515012,5.29275375375376,5.6451362585034,243
"245",2022,2,5.84417910447761,67,6.12,5.48275862068965,5.63636363636364,4.94444444444444,5.98379310344828,38,29,11,9,58,6544,3953,2591,877,1341,5203,5.57544835727384,5.87425701998482,5.11956620995755,5.28075071835804,5.29041610738255,5.64891140688065,244
"246",2022,3,6.17460317460317,63,6.36184210526316,5.89,6.375,6.625,6.14406779661017,38,25,8,4,59,6607,3991,2616,885,1345,5262,5.58116150295142,5.87889952392884,5.12692891819572,5.29064223728814,5.29438513011153,5.65446333143292,245
"247",2022,4,5.91392156862745,51,5.99953488372093,5.45375,5.33333333333333,6.5,5.9022,43,8,3,1,50,6658,4034,2624,888,1346,5312,5.58371043106038,5.88018542389688,5.12792532393293,5.29078646396396,5.2952808320951,5.65679519013554,246
"248",2022,5,5.96583333333333,60,6.48225806451613,5.41379310344828,6.33333333333333,6.05555555555556,5.95,31,29,3,9,51,6718,4065,2653,891,1355,5363,5.58712325841024,5.88477687576876,5.13105015077271,5.29429672278339,5.30033062730628,5.65958345142644,247
"249",2022,6,5.55,39,5.7225,5.36842105263158,5.66666666666667,6.5,5.49864864864865,20,19,3,2,37,6757,4085,2672,894,1357,5400,5.58690899067633,5.88398237454101,5.13273804266467,5.29554628635347,5.30209874723655,5.65848075,248
"250",2022,7,5.68333333333333,42,5.675,5.69444444444444,6,4.66666666666667,5.76153846153846,24,18,7,3,39,6799,4109,2690,901,1360,5439,5.58750464038829,5.88276174251643,5.13649667286246,5.30101928967814,5.30069705882353,5.65921971869829,249
"251",2022,8,5.84583333333333,48,6.25333333333333,5.16666666666667,5.16666666666667,4.92,5.95348837209302,30,18,6,5,43,6847,4139,2708,907,1365,5482,5.58931561997955,5.88544769267939,5.13669721196455,5.30013051819184,5.29930256410257,5.66152791864283,250
