"","year","month","avg_rating","no_ratings","avg_rating_owned","avg_rating_not_owned","avg_rating_prev_owned","avg_rating_comment","avg_rating_no_comment","no_ratings_owned","no_ratings_not_owned","no_ratings_prev_owned","no_ratings_comment","no_ratings_no_comment","cum_no_ratings","cum_no_ratings_owned","cum_no_ratings_not_owned","cum_no_ratings_prev_owned","cum_no_ratings_comment","cum_no_ratings_no_comment","cum_avg_rating","cum_avg_rating_owned","cum_avg_rating_not_owned","cum_avg_rating_prev_owned","cum_avg_rating_comment","cum_avg_rating_no_comment","month_after_release"
"1",2001,10,9,2,9,NA,NA,NA,9,2,0,0,0,2,2,2,0,0,0,2,9,9,NA,NA,NA,9,0
"2",2001,11,6.66666666666667,3,9,5.5,NA,NA,6.66666666666667,1,2,0,0,3,5,3,2,0,0,5,7.6,9,5.5,NA,NA,7.6,1
"3",2001,12,7,2,8,6,NA,6,8,1,1,0,1,1,7,4,3,0,1,6,7.42857142857143,8.75,5.66666666666667,NA,6,7.66666666666667,2
"4",2002,1,6.66666666666667,6,6.6,7,NA,5,7,5,1,0,1,5,13,9,4,0,2,11,7.07692307692308,7.55555555555556,6,NA,5.5,7.36363636363636,3
"5",2002,2,6.75,4,6.66666666666667,7,NA,7.5,6,3,1,0,2,2,17,12,5,0,4,13,7,7.33333333333333,6.2,NA,6.5,7.15384615384615,4
"6",2002,3,6.33333333333333,6,6.33333333333333,NA,NA,9,5.8,6,0,0,1,5,23,18,5,0,5,18,6.82608695652174,7,6.2,NA,7,6.77777777777778,5
"7",2002,4,6.5,2,6.5,NA,NA,NA,6.5,2,0,0,0,2,25,20,5,0,5,20,6.8,6.95,6.2,NA,7,6.75,6
"8",2002,5,7,2,10,4,NA,4,10,1,1,0,1,1,27,21,6,0,6,21,6.81481481481481,7.09523809523809,5.83333333333333,NA,6.5,6.90476190476191,7
"9",2002,6,6.3,5,6.375,6,NA,6,6.375,4,1,0,1,4,32,25,7,0,7,25,6.734375,6.98,5.85714285714286,NA,6.42857142857143,6.82,8
"10",2002,7,6.85714285714286,14,7,5,NA,7.6,6.44444444444444,13,1,0,5,9,46,38,8,0,12,34,6.77173913043478,6.98684210526316,5.75,NA,6.91666666666667,6.72058823529412,9
"11",2002,8,7,10,7.22222222222222,5,NA,5,7.22222222222222,9,1,0,1,9,56,47,9,0,13,43,6.8125,7.03191489361702,5.66666666666667,NA,6.76923076923077,6.82558139534884,10
"12",2002,9,5.88888888888889,9,6.14285714285714,5,4,6.75,5.2,7,2,1,4,5,65,54,11,1,17,48,6.68461538461538,6.91666666666667,5.54545454545455,4,6.76470588235294,6.65625,11
"13",2002,10,5.83333333333333,6,5.8,6,NA,6,5.8,5,1,0,1,5,71,59,12,1,18,53,6.61267605633803,6.82203389830508,5.58333333333333,4,6.72222222222222,6.57547169811321,12
"14",2002,11,6.77777777777778,9,6.77777777777778,NA,NA,7,6.75,9,0,0,1,8,80,68,12,1,19,61,6.63125,6.81617647058824,5.58333333333333,4,6.73684210526316,6.5983606557377,13
"15",2002,12,7,8,7.6,6,NA,10,6.57142857142857,5,3,0,1,7,88,73,15,1,20,68,6.66477272727273,6.86986301369863,5.66666666666667,4,6.9,6.59558823529412,14
"16",2003,1,6.28571428571429,14,6.7,5.25,4,5.5,6.6,10,4,1,4,10,102,83,19,2,24,78,6.61274509803922,6.84939759036145,5.57894736842105,4,6.66666666666667,6.59615384615385,15
"17",2003,2,6.88461538461539,13,6.88461538461539,NA,NA,7.75,6.5,13,0,0,4,9,115,96,19,2,28,87,6.64347826086957,6.85416666666667,5.57894736842105,4,6.82142857142857,6.58620689655172,16
"18",2003,3,4.83333333333333,6,4.66666666666667,5,NA,7,4.4,3,3,0,1,5,121,99,22,2,29,92,6.55371900826446,6.78787878787879,5.5,4,6.82758620689655,6.46739130434783,17
"19",2003,4,7.2,5,7,8,NA,NA,7.2,4,1,0,0,5,126,103,23,2,29,97,6.57936507936508,6.79611650485437,5.60869565217391,4,6.82758620689655,6.50515463917526,18
"20",2003,5,6.27777777777778,18,6.5,5.83333333333333,NA,6.72727272727273,5.57142857142857,12,6,0,11,7,144,115,29,2,40,104,6.54166666666667,6.76521739130435,5.6551724137931,4,6.8,6.44230769230769,19
"21",2003,6,6.35714285714286,14,6.2,6.75,NA,6.71428571428571,6,10,4,0,7,7,158,125,33,2,47,111,6.5253164556962,6.72,5.78787878787879,4,6.78723404255319,6.41441441441441,20
"22",2003,7,5.89827586206897,58,5.97804878048781,5.70588235294118,NA,5.77692307692308,5.93333333333333,41,17,0,13,45,216,166,50,2,60,156,6.35694444444444,6.53674698795181,5.76,4,6.56833333333333,6.27564102564103,21
"23",2003,8,6.42857142857143,21,6.875,5,NA,5.66666666666667,6.55555555555556,16,5,0,3,18,237,182,55,2,63,174,6.36329113924051,6.56648351648352,5.69090909090909,4,6.52539682539683,6.30459770114942,22
"24",2003,9,6.72727272727273,22,6.71052631578947,6.83333333333333,NA,6.75,6.71875,19,3,0,6,16,259,201,58,2,69,190,6.39420849420849,6.58009950248756,5.75,4,6.54492753623188,6.33947368421053,23
"25",2003,10,7.125,16,7.17857142857143,6.75,NA,8,6.92307692307692,14,2,0,3,13,275,215,60,2,72,203,6.43672727272727,6.61906976744186,5.78333333333333,4,6.60555555555556,6.37684729064039,24
"26",2003,11,5.57142857142857,7,6.5,4.33333333333333,NA,6.5,5.2,4,3,0,2,5,282,219,63,2,74,208,6.41524822695035,6.61689497716895,5.71428571428571,4,6.6027027027027,6.34855769230769,25
"27",2003,12,6,9,6.71428571428571,3.5,NA,4,6.25,7,2,0,1,8,291,226,65,2,75,216,6.40240549828179,6.61991150442478,5.64615384615385,4,6.568,6.34490740740741,26
"28",2004,1,6.3695652173913,23,6.775,3.66666666666667,NA,6.5,6.32352941176471,20,3,0,6,17,314,246,68,2,81,233,6.4,6.63252032520325,5.55882352941176,4,6.56296296296296,6.34334763948498,27
"29",2004,2,5.7304347826087,23,5.93333333333333,5,6,5.2,5.87777777777778,18,5,1,5,18,337,264,73,3,86,251,6.35430267062315,6.58484848484848,5.52054794520548,4.66666666666667,6.48372093023256,6.30996015936255,28
"30",2004,3,7.29411764705882,17,7.3125,7,NA,7.5,7.18181818181818,16,1,0,6,11,354,280,74,3,92,262,6.39943502824859,6.62642857142857,5.54054054054054,4.66666666666667,6.55,6.34656488549618,29
"31",2004,4,6.35714285714286,14,6.36363636363636,6.33333333333333,6,7,6.18181818181818,11,3,1,3,11,368,291,77,4,95,273,6.39782608695652,6.61649484536082,5.57142857142857,5,6.56421052631579,6.33992673992674,30
"32",2004,5,7,18,7.26666666666667,5.66666666666667,NA,6.5,7.14285714285714,15,3,0,4,14,386,306,80,4,99,287,6.4259067357513,6.64836601307189,5.575,5,6.56161616161616,6.37909407665505,31
"33",2004,6,6.13157894736842,19,6.20588235294118,5.5,5,5.6875,6.45454545454545,17,2,1,8,11,405,323,82,5,107,298,6.4120987654321,6.6250773993808,5.57317073170732,5,6.49626168224299,6.38187919463087,32
"34",2004,7,6.72,25,6.73913043478261,6.5,NA,6.73333333333333,6.7,23,2,0,15,10,430,346,84,5,122,308,6.43,6.63265895953757,5.59523809523809,5,6.52540983606557,6.39220779220779,33
"35",2004,8,7.07142857142857,14,7.25,6,NA,7.6,6.77777777777778,12,2,0,5,9,444,358,86,5,127,317,6.45022522522523,6.65335195530726,5.6046511627907,5,6.56771653543307,6.40315457413249,34
"36",2004,9,6.8,15,7.07692307692308,5,NA,6.25,7.42857142857143,13,2,0,8,7,459,371,88,5,135,324,6.46165577342048,6.66819407008086,5.59090909090909,5,6.54888888888889,6.42530864197531,35
"37",2004,10,6.09677419354839,31,6.38461538461539,4.6,NA,6.27777777777778,6.02272727272727,26,5,0,9,22,490,397,93,5,144,346,6.43857142857143,6.64962216624685,5.53763440860215,5,6.53194444444444,6.39971098265896,36
"38",2004,11,7.15909090909091,22,7.38888888888889,6.125,6,7.5,7,18,4,1,7,15,512,415,97,6,151,361,6.46953125,6.68168674698795,5.56185567010309,5.16666666666667,6.57682119205298,6.42465373961219,37
"39",2004,12,6.39473684210526,19,6.52777777777778,4,NA,6.83333333333333,6,18,1,0,9,10,531,433,98,6,160,371,6.4668549905838,6.67528868360277,5.54591836734694,5.16666666666667,6.59125,6.41320754716981,38
"40",2005,1,6.3780487804878,41,6.515625,5.88888888888889,NA,6.66666666666667,6.21153846153846,32,9,0,15,26,572,465,107,6,175,397,6.46048951048951,6.66430107526882,5.57476635514019,5.16666666666667,6.59771428571429,6.4,39
"41",2005,2,6.064,25,6.53333333333333,4.85714285714286,NA,5.66666666666667,6.43076923076923,18,7,0,12,13,597,483,114,6,187,410,6.44388609715243,6.65942028985507,5.53070175438596,5.16666666666667,6.5379679144385,6.4009756097561,40
"42",2005,3,5.91333333333333,15,6.25,4.56666666666667,NA,6,5.85555555555556,12,3,0,6,9,612,495,117,6,193,419,6.43088235294118,6.64949494949495,5.50598290598291,5.16666666666667,6.52124352331606,6.38926014319809,41
"43",2005,4,6.61458333333333,24,6.7625,5.875,6,6.32692307692308,6.95454545454545,20,4,1,13,11,636,515,121,7,206,430,6.43781446540881,6.65388349514563,5.51818181818182,5.28571428571429,6.50898058252427,6.40372093023256,42
"44",2005,5,6.69230769230769,13,6.7,6.66666666666667,5,6.4,6.875,10,3,1,5,8,649,525,124,8,211,438,6.44291217257319,6.6547619047619,5.54596774193548,5.25,6.5063981042654,6.41232876712329,43
"45",2005,6,6.6,25,6.68181818181818,6,NA,7,6.23076923076923,22,3,0,12,13,674,547,127,8,223,451,6.44873887240356,6.65585009140768,5.55669291338583,5.25,6.53295964125561,6.40709534368071,44
"46",2005,7,6.6,41,6.93666666666667,5.68181818181818,5.5,6.25,6.71290322580645,30,11,2,10,31,715,577,138,10,233,482,6.45741258741259,6.67045060658579,5.56666666666667,5.3,6.52081545064378,6.42676348547718,45
"47",2005,8,6.30833333333333,30,6.5,5.67857142857143,5,5.84375,6.83928571428571,23,7,2,16,14,745,600,145,12,249,496,6.45140939597316,6.66391666666667,5.57206896551724,5.25,6.47730923694779,6.43840725806451,46
"48",2005,9,6.74264705882353,34,6.91964285714286,5.91666666666667,5.25,6.61764705882353,6.86764705882353,28,6,2,17,17,779,628,151,14,266,513,6.46412066752247,6.67531847133758,5.58576158940397,5.25,6.48627819548872,6.45263157894737,47
"49",2005,10,6.01724137931035,29,6.3125,4.6,6,5.85714285714286,6.16666666666667,24,5,1,14,15,808,652,156,15,280,528,6.44808168316832,6.66196319018405,5.55416666666667,5.3,6.45482142857143,6.44450757575757,48
"50",2005,11,6.48684210526316,38,6.734375,5.16666666666667,5,6.29166666666667,6.57692307692308,32,6,1,12,26,846,684,162,16,292,554,6.44982269503546,6.66535087719298,5.53981481481481,5.28125,6.44811643835616,6.45072202166065,49
"51",2005,12,6.14473684210526,38,6.359375,5,5,5.71428571428571,6.39583333333333,32,6,2,14,24,884,716,168,18,306,578,6.43670814479638,6.65167597765363,5.52053571428571,5.25,6.41454248366013,6.44844290657439,50
"52",2006,1,6.6,35,6.83333333333333,5.2,NA,6.58823529411765,6.61111111111111,30,5,0,17,18,919,746,173,18,323,596,6.44292709466812,6.65898123324397,5.51127167630058,5.25,6.42368421052632,6.45335570469798,51
"53",2006,2,6.83846153846154,26,6.84761904761905,6.8,NA,6.69230769230769,6.98461538461538,21,5,0,13,13,945,767,178,18,336,609,6.45380952380953,6.66414602346806,5.54747191011236,5.25,6.43407738095238,6.46469622331691,52
"54",2006,3,6.92307692307692,26,6.9375,6.75,NA,7.35714285714286,6.76315789473684,24,2,0,7,19,971,791,180,18,343,628,6.46637487126674,6.6724399494311,5.56083333333333,5.25,6.45291545189504,6.47372611464968,53
"55",2006,4,6.5,18,6.25,8.5,NA,6.16666666666667,6.66666666666667,16,2,0,6,12,989,807,182,18,349,640,6.46698685540951,6.66406443618339,5.59313186813187,5.25,6.44799426934097,6.47734375,54
"56",2006,5,7.11363636363636,22,7.325,5,NA,8.1875,6.5,20,2,0,8,14,1011,827,184,18,357,654,6.48105835806133,6.68004836759371,5.5866847826087,5.25,6.48697478991597,6.47782874617737,55
"57",2006,6,6.57142857142857,28,6.54761904761905,6.64285714285714,5,6.95454545454545,6.32352941176471,21,7,1,11,17,1039,848,191,19,368,671,6.4834937439846,6.67676886792453,5.62539267015707,5.23684210526316,6.50095108695652,6.47391952309985,56
"58",2006,7,6.25,32,6.43181818181818,5.85,7,6.9,5.95454545454545,22,10,2,10,22,1071,870,201,21,378,693,6.4765172735761,6.67057471264368,5.63656716417911,5.40476190476191,6.51150793650794,6.45743145743146,57
"59",2006,8,6.21153846153846,26,6.32608695652174,5.33333333333333,5,6.8125,5.94444444444444,23,3,1,8,18,1097,893,204,22,386,711,6.47023701002735,6.66170212765957,5.63210784313726,5.38636363636364,6.51774611398964,6.44444444444444,58
"60",2006,9,6.90967741935484,31,6.97142857142857,6.33333333333333,5,7.08333333333333,6.8,28,3,1,12,19,1128,921,207,23,398,730,6.48231382978723,6.67111834961998,5.64227053140097,5.3695652173913,6.53479899497487,6.45369863013698,59
"61",2006,10,6.25,42,6.38333333333333,5.91666666666667,NA,5.77777777777778,6.37878787878788,30,12,0,9,33,1170,951,219,23,407,763,6.47397435897436,6.66203995793901,5.65730593607306,5.3695652173913,6.51805896805897,6.45045871559633,60
"62",2006,11,6.30434782608696,23,6.55882352941176,5.58333333333333,NA,6.1875,6.36666666666667,17,6,0,8,15,1193,968,225,23,415,778,6.47070410729254,6.66022727272727,5.65533333333333,5.3695652173913,6.51168674698795,6.44884318766067,61
"63",2006,12,6.42978723404255,47,6.63055555555556,5.77272727272727,NA,6.05789473684211,6.68214285714286,36,11,0,19,28,1240,1004,236,23,434,806,6.46915322580645,6.65916334661355,5.66080508474576,5.3695652173913,6.4918202764977,6.45694789081886,62
"64",2007,1,6.83243243243243,74,6.91,6.5,NA,6.60555555555556,6.90535714285714,60,14,0,18,56,1314,1064,250,23,452,862,6.48961187214612,6.67330827067669,5.7078,5.3695652173913,6.49634955752212,6.4860788863109,63
"65",2007,2,6.31633571428571,49,6.6,5.607175,5,6.89285714285714,6.08572714285714,35,14,4,14,35,1363,1099,264,27,466,897,6.48338257520176,6.67097361237489,5.70246382575758,5.31481481481481,6.50826180257511,6.47045758082497,64
"66",2007,3,6.6356,50,6.86162162162162,5.99230769230769,4.25,6.1875,6.84647058823529,37,13,2,16,34,1413,1136,277,29,482,931,6.48876889596603,6.67718309859155,5.7160666064982,5.24137931034483,6.49761410788382,6.4841895273899,65
"67",2007,4,6.45555555555556,45,6.35135135135135,6.9375,NA,6.28571428571429,6.60416666666667,37,8,0,21,24,1458,1173,285,29,503,955,6.48774379286694,6.66690537084399,5.75035245614035,5.24137931034483,6.48876739562624,6.48720465968586,66
"68",2007,5,6.40697674418605,43,6.68181818181818,5.5,5,6.33333333333333,6.46,33,10,1,18,25,1501,1206,295,30,521,980,6.48543001332445,6.66731343283582,5.74186593220339,5.23333333333333,6.48339731285988,6.4865106632653,67
"69",2007,6,6.675,40,7.12962962962963,5.73076923076923,NA,7.11111111111111,6.31818181818182,27,13,0,18,22,1541,1233,308,30,539,1002,6.49035071382219,6.67743714517437,5.74139756493507,5.23333333333333,6.5043599257885,6.48281482035928,68
"70",2007,7,6.57244897959184,49,7.10757575757576,5.46875,7,6.4375,6.63787878787879,33,16,1,16,33,1590,1266,324,31,555,1035,6.49288078616352,6.68864928909952,5.72793348765432,5.29032258064516,6.50243243243243,6.48775888888889,69
"71",2007,8,6.27714285714286,35,6.56071428571429,5.14285714285714,5.5,5.95833333333333,6.44347826086956,28,7,2,12,23,1625,1294,331,33,567,1058,6.48823412307692,6.68588098918083,5.71556027190332,5.3030303030303,6.49091710758377,6.48679626654064,70
"72",2007,9,6.67741935483871,31,6.96296296296296,4.75,NA,6.85,6.59523809523809,27,4,0,10,21,1656,1321,335,33,577,1079,6.49177563405797,6.69154428463285,5.70403119402985,5.3030303030303,6.49714038128249,6.48890681186283,71
"73",2007,10,6.64814814814815,54,7,5.27272727272727,5.25,7.14705882352941,6.41891891891892,43,11,4,17,37,1710,1364,346,37,594,1116,6.49671371345029,6.70126832844575,5.69031921965318,5.2972972972973,6.51574074074074,6.48658642473118,72
"74",2007,11,6.90196078431373,51,7.11538461538461,6.20833333333333,6.375,7.5625,6.6,39,12,4,16,35,1761,1403,358,41,610,1151,6.50845,6.71277975766215,5.70768282122905,5.40243902439024,6.54319672131147,6.4900351433536,73
"75",2007,12,6.49450549450549,91,6.67384615384615,6.04615384615385,4,6.49354838709677,6.495,65,26,1,31,60,1852,1468,384,42,641,1211,6.50776482181425,6.71105585831063,5.73060013020833,5.36904761904762,6.54079563182527,6.49028113129645,74
"76",2008,1,6.25487804878049,82,6.44375,5.58333333333333,4.5,6.1695652173913,6.28813559322034,64,18,3,23,59,1934,1532,402,45,664,1270,6.49704263185109,6.69988903394256,5.72400609452736,5.31111111111111,6.52793674698795,6.48089011811024,75
"77",2008,2,6.6,49,6.74,6.25,7.66666666666667,6.85714285714286,6.49714285714286,35,14,3,14,35,1983,1567,416,48,678,1305,6.49958671205245,6.7007849393746,5.7417078125,5.45833333333333,6.53473451327434,6.48132601532567,76
"78",2008,3,6.22232142857143,56,6.39166666666667,5.71428571428571,4,6.1195652173913,6.29393939393939,42,14,2,23,33,2039,1609,430,50,701,1338,6.49197177538009,6.69271597265382,5.740815,5.4,6.52111269614836,6.47670437219731,77
"79",2008,4,6.59230769230769,39,6.91724137931034,5.65,4.66666666666667,6.25,6.71034482758621,29,10,3,10,29,2078,1638,440,53,711,1367,6.49385488450433,6.69669108669109,5.73875102272727,5.35849056603774,6.51729957805907,6.48166089978054,78
"80",2008,5,6.34516129032258,62,6.53958333333333,5.67857142857143,6.33333333333333,6.20344827586207,6.46969696969697,48,14,3,29,33,2140,1686,454,56,740,1400,6.48954693925234,6.69221826809015,5.73689526431718,5.41071428571429,6.505,6.48137889285714,79
"81",2008,6,6.86,50,7.11111111111111,6.21428571428571,4,6.8,6.88571428571429,36,14,2,15,35,2190,1722,468,58,755,1435,6.4980047716895,6.7009756097561,5.75117617521368,5.36206896551724,6.51086092715232,6.49124073170732,80
"82",2008,7,6.28378378378378,37,6.63461538461539,5.45454545454545,5.625,6.34375,6.23809523809524,26,11,4,16,21,2227,1748,479,62,771,1456,6.49444564436462,6.6999885583524,5.74436419624217,5.37903225806452,6.50739299610895,6.48758959478022,81
"83",2008,8,6.29019607843137,51,6.57352941176471,5.72352941176471,5.125,5.83333333333333,6.48055555555556,34,17,8,15,36,2278,1782,496,70,786,1492,6.4898728928885,6.69757575757576,5.74365010080645,5.35,6.49452926208651,6.48741987265416,82
"84",2008,9,5.73846153846154,26,6.23333333333333,4.625,6,5.55555555555556,5.83529411764706,18,8,3,9,17,2304,1800,504,73,795,1509,6.48139342447917,6.69293333333333,5.72589375,5.37671232876712,6.48389937106918,6.48007319416832,83
"85",2008,10,6.34202222222222,45,6.51086111111111,5.66666666666667,7,6.41469230769231,6.3125,36,9,4,13,32,2349,1836,513,77,808,1541,6.47872347807578,6.68936328976035,5.72485467836257,5.46103896103896,6.48278589108911,6.47659341336794,84
"86",2008,11,6.61160714285714,56,6.87222222222222,5.54545454545455,5.33333333333333,6.76666666666667,6.55487804878049,45,11,6,15,41,2405,1881,524,83,823,1582,6.48181765072765,6.69373790536948,5.72108864503817,5.45180722891566,6.48795990279465,6.47862228192162,85
"87",2008,12,6.27311111111111,45,6.31026315789474,6.07142857142857,8,6.60473684210526,6.03076923076923,38,7,1,19,26,2450,1919,531,84,842,1608,6.47798426530612,6.68614434601355,5.72570706214689,5.48214285714286,6.49059501187648,6.47138087686567,86
"88",2009,1,6.05925925925926,81,6.26428571428571,5.6,5.83333333333333,6.35769230769231,5.91818181818182,56,25,9,26,55,2531,1975,556,93,868,1663,6.46458374160411,6.67418278481013,5.72005476618705,5.51612903225806,6.48661405529954,6.45308505712568,87
"89",2009,2,6.51851851851852,81,6.98125,5.84545454545455,4.83333333333333,6.175,6.63114754098361,48,33,6,20,61,2612,2023,589,99,888,1724,6.46625629785605,6.6814686109738,5.72708056027165,5.47474747474747,6.47959572072072,6.45938541183295,88
"90",2009,3,6.2141975308642,81,6.62403846153846,5.47931034482759,3.6,6.3875,6.15737704918033,52,29,5,20,61,2693,2075,618,104,908,1785,6.45867487931675,6.68002939759036,5.715453802589,5.38461538461539,6.47756718061674,6.44906467787115,89
"91",2009,4,6.37014925373134,67,6.87948717948718,5.66071428571429,5.5,6.3,6.39038461538462,39,28,6,15,52,2760,2114,646,110,923,1837,6.45652588768116,6.68370908230842,5.71308119195047,5.39090909090909,6.47468147345612,6.44740362003266,90
"92",2009,5,6.70625,64,7.05135135135135,6.23333333333333,6.3,6.67,6.72272727272727,37,27,5,20,44,2824,2151,673,115,943,1881,6.46218535764872,6.6900330079033,5.73395312035661,5.4304347826087,6.47882396606575,6.45384393939394,91
"93",2009,6,6.50438596491228,57,6.53030303030303,6.46875,6.33333333333333,5.84375,6.76219512195122,33,24,3,16,41,2881,2184,697,118,959,1922,6.46302028809441,6.68761950549451,5.75925459110474,5.45338983050847,6.468228362878,6.46042167013527,92
"94",2009,7,6.09846153846154,65,6.48095238095238,5.4,6.5,6.68,5.924,42,23,4,15,50,2946,2226,720,122,974,1972,6.4549767311609,6.68372012578616,5.74777840277778,5.48770491803279,6.47148973305955,6.44682071501014,93
"95",2009,8,6.24310344827586,58,6.66969696969697,5.68,5.4,6.09375,6.3,33,25,5,16,42,3004,2259,745,127,990,2014,6.45088596870839,6.68351527224436,5.74550395973155,5.48425196850394,6.46538484848485,6.44375891261172,94
"96",2009,9,6.57835820895522,67,6.65555555555556,6.42045454545455,7,6.76666666666667,6.52403846153846,45,22,2,15,52,3071,2304,767,129,1005,2066,6.4536670302833,6.68296918402778,5.76486368970013,5.5077519379845,6.4698815920398,6.44577950145208,95
"97",2009,10,6.62,70,6.83469387755102,6.11904761904762,5.6,7,6.49811320754717,49,21,5,17,53,3141,2353,788,134,1022,2119,6.45737390958294,6.68612877178071,5.77430260152284,5.51119402985075,6.47869960861057,6.44708846153846,96
"98",2009,11,6.47818181818182,55,6.47,6.5,5,6.57142857142857,6.44634146341463,40,15,1,14,41,3196,2393,803,135,1036,2160,6.4577319931164,6.68251608859173,5.78785859277709,5.50740740740741,6.4799527027027,6.44707428240741,97
"99",2009,12,6.42873563218391,87,6.803125,5.96794871794872,6.25,6.73421052631579,6.34338235294118,48,39,8,19,68,3283,2441,842,143,1055,2228,6.45696358513555,6.68488775092175,5.79620005938242,5.54895104895105,6.4845317535545,6.44390953770197,98
"100",2010,1,6.754,75,6.96454545454545,6.175,5.64285714285714,6.61388888888889,6.79824561403509,55,20,7,18,57,3358,2496,862,150,1073,2285,6.46359781119714,6.69105008012821,5.80498892111369,5.55333333333333,6.48670177073625,6.45274855579869,99
"101",2010,2,6.44230769230769,52,6.56756756756757,6.13333333333333,7,5.77777777777778,6.58139534883721,37,15,1,9,43,3410,2533,877,151,1082,2328,6.46327315249267,6.68924634820371,5.81060484606614,5.56291390728477,6.48080499075785,6.4551247637457,100
"102",2010,3,6.44901960784314,51,6.6,6.05,5,6.45625,6.44571428571429,37,14,1,16,35,3461,2570,891,152,1098,2363,6.46306311759607,6.68796147859922,5.81436638608305,5.55921052631579,6.48044717668488,6.45498537875582,101
"103",2010,4,6.3,39,6.63214285714286,5.45454545454545,6,5.77777777777778,6.45666666666667,28,11,1,9,30,3500,2598,902,153,1107,2393,6.46124612857143,6.68735989222479,5.80997832594235,5.56209150326797,6.47473441734417,6.45500645633097,102
"104",2010,5,6.50212765957447,47,7.20344827586207,5.37222222222222,6,7.01111111111111,6.18620689655172,29,18,1,18,29,3547,2627,920,154,1125,2422,6.46178783478996,6.69305709935288,5.8014135326087,5.56493506493506,6.48331644444444,6.45178796449216,103
"105",2010,6,6.24418604651163,43,6.55757575757576,5.21,4,6.19,6.26060606060606,33,10,1,10,33,3590,2660,930,155,1135,2455,6.45918146239554,6.69137631578948,5.79505424731183,5.55483870967742,6.48073215859031,6.44921810590631,104
"106",2010,7,6.86363636363636,44,7.37096774193548,5.65384615384615,4.83333333333333,6.65384615384615,6.95161290322581,31,13,3,13,31,3634,2691,943,158,1148,2486,6.46407854980737,6.69920512820513,5.79310758218452,5.54113924050633,6.4826925087108,6.45548288415125,105
"107",2010,8,6.76341463414634,41,6.83235294117647,6.42857142857143,7,7,6.70606060606061,34,7,1,8,33,3675,2725,950,159,1156,2519,6.46741808163265,6.70086642201835,5.79778994736842,5.55031446540881,6.48627249134948,6.45876556173085,106
"108",2010,9,6.71666666666667,30,7.44117647058824,5.76923076923077,5,6,6.82692307692308,17,13,5,4,26,3705,2742,963,164,1160,2545,6.46943628879892,6.70545623632385,5.7974044132918,5.53353658536585,6.48459568965517,6.46252669941061,107
"109",2010,10,6.13545454545455,55,6.53571428571429,5.435,4.8,6.57142857142857,5.98658536585366,35,20,5,14,41,3760,2777,983,169,1174,2586,6.46455091755319,6.70331688872885,5.79003097660224,5.51183431952663,6.48563117546848,6.4549808391338,108
"110",2010,11,6.16854838709677,62,6.51282051282051,5.58478260869565,5.16666666666667,6.11666666666667,6.19512195121951,39,23,3,21,41,3822,2816,1006,172,1195,2627,6.45974920198849,6.70067862215909,5.7853384194831,5.50581395348837,6.47914728033473,6.45092518081462,109
"111",2010,12,6.30952380952381,63,6.56818181818182,5.71052631578947,5.5,6.38235294117647,6.28260869565217,44,19,5,17,46,3885,2860,1025,177,1212,2673,6.45731311454311,6.69864020979021,5.78395165853659,5.50564971751412,6.47778960396039,6.44802860082305,110
"112",2011,1,6.6359756097561,82,6.69910714285714,6.5,4.75,6.24411764705882,6.73846153846154,56,26,4,17,65,3967,2916,1051,181,1229,2738,6.46100616334762,6.69864917695474,5.80166550903901,5.48895027624309,6.47455736371033,6.4549234660336,111
"113",2011,2,6.52602739726027,73,7.01730769230769,5.30952380952381,5.26666666666667,6.71052631578947,6.46111111111111,52,21,3,19,54,4040,2968,1072,184,1248,2792,6.4621810519802,6.70423214285715,5.79202467350746,5.48532608695652,6.47814983974359,6.45504314111748,112
"114",2011,3,6.41092407407407,54,6.65378108108108,5.88235294117647,5.66666666666667,7.55555555555556,6.18199777777778,37,17,3,9,45,4094,3005,1089,187,1257,2837,6.46150497068881,6.70361094841931,5.79343475665748,5.48823529411765,6.48586396181384,6.45071214310892,113
"115",2011,4,7.03425925925926,54,7.34634146341463,6.05,4.5,7.35714285714286,6.92125,41,13,2,14,40,4148,3046,1102,189,1271,2877,6.4689612704918,6.7122622783979,5.79646138838476,5.47777777777778,6.49546105428796,6.4572542057699,114
"116",2011,5,6.65576923076923,52,6.725,6.425,7.5,6.25,6.7775,40,12,3,12,40,4200,3086,1114,192,1283,2917,6.47127413095238,6.71242738172392,5.80323200179533,5.509375,6.49316523772408,6.46164564621186,115
"117",2011,6,6.41666666666667,30,6.63157894736842,6.04545454545455,5.66666666666667,7.9,6.12,19,11,3,5,25,4230,3105,1125,195,1288,2942,6.47088684397163,6.71193265700484,5.8056004,5.51179487179487,6.49862655279503,6.45874247110809,116
"118",2011,7,7.21282051282051,39,7.34838709677419,6.6875,NA,8.13846153846154,6.75,31,8,0,13,26,4269,3136,1133,195,1301,2968,6.47766487467791,6.71822413903062,5.81182740511915,5.51179487179487,6.51501229823213,6.46129391846361,117
"119",2011,8,6.50686274509804,51,6.89571428571429,5.65625,5.66666666666667,6.5,6.50875,35,16,3,11,40,4320,3171,1149,198,1312,3008,6.47800957175926,6.72018319142227,5.80966096605744,5.51414141414141,6.51488643292683,6.46192498337766,118
"120",2011,9,6.67179487179487,39,7.06206896551724,5.54,6,6.93636363636364,6.56785714285714,29,10,1,11,28,4359,3200,1159,199,1323,3036,6.479743370039,6.72328153125,5.80733429680759,5.51658291457286,6.51839077853363,6.46290195981555,119
"121",2011,10,6.67543859649123,57,6.63157894736842,6.76315789473684,6.08333333333333,6.63888888888889,6.68229166666667,38,19,3,9,48,4416,3238,1178,202,1332,3084,6.48226932744565,6.7222053428042,5.82275080645161,5.525,6.51920495495495,6.46631658560311,120
"122",2011,11,6.40666666666667,60,6.83974358974359,5.60238095238095,5.14,6.3,6.43913043478261,39,21,5,14,46,4476,3277,1199,207,1346,3130,6.48125588695264,6.72360418065304,5.818891117598,5.51570048309179,6.51692496285289,6.46591704472844,121
"123",2011,12,6.45338983050847,59,6.61184210526316,6.16666666666667,5,7.07142857142857,6.37019230769231,38,21,3,7,52,4535,3315,1220,210,1353,3182,6.48089335170893,6.72232304675717,5.82487741803279,5.50833333333333,6.51979379157428,6.46435271841609,122
"124",2012,1,6.78048780487805,82,7.06440677966102,6.05217391304348,5.125,7.04705882352941,6.71076923076923,59,23,4,17,65,4617,3374,1243,214,1370,3247,6.48621428416721,6.7283049496147,5.82908322606597,5.50116822429906,6.52633649635036,6.46928560209424,123
"125",2012,2,6.9165,60,7.15195652173913,6.14285714285714,4,6.62666666666667,7.01311111111111,46,14,1,15,45,4677,3420,1257,215,1385,3292,6.49173430617918,6.73400318713451,5.83257792362768,5.49418604651163,6.52742310469314,6.47671942588092,124
"126",2012,3,6.46279069767442,43,7.03103448275862,5.28571428571429,5.16666666666667,6.06153846153846,6.63666666666667,29,14,6,13,30,4720,3449,1271,221,1398,3322,6.491470625,6.73650069585387,5.82655424862313,5.48529411764706,6.52309084406294,6.47816386213125,125
"127",2012,4,6.69024390243902,41,6.92413793103448,6.125,7,6.9375,6.63030303030303,29,12,1,8,33,4761,3478,1283,222,1406,3355,6.49318238815375,6.7380652386429,5.82934563522993,5.49211711711712,6.52544879089615,6.47966031296572,126
"128",2012,5,6.42830188679245,53,6.6,5.77272727272727,5.125,6.47142857142857,6.42173913043478,42,11,4,7,46,4814,3520,1294,226,1413,3401,6.49246808267553,6.73641786931819,5.82886433539413,5.48561946902655,6.52518117480537,6.47887690385181,127
"129",2012,6,6.66666666666667,33,7.09523809523809,5.91666666666667,5.75,5.6,6.85714285714286,21,12,4,5,28,4847,3541,1306,230,1418,3429,6.49365408500103,6.73854586275064,5.8296710949464,5.49021739130435,6.52191889985895,6.48196568970545,128
"130",2012,7,7.0272972972973,37,7.03846153846154,7.00090909090909,7.75,7.36363636363636,6.885,26,11,4,11,26,4884,3567,1317,234,1429,3455,6.49769683660934,6.74073195962994,5.83945364464692,5.52884615384615,6.52839818054583,6.48499865412446,129
"131",2012,8,6.93953488372093,43,7.17037037037037,6.55,6.5,7.125,6.89714285714286,27,16,3,8,35,4927,3594,1333,237,1437,3490,6.50155294296732,6.74395962715638,5.84798233308327,5.54113924050633,6.53171955462769,6.48913190544413,130
"132",2012,9,6.66279069767442,43,6.78378378378378,5.91666666666667,6,6.25,6.78787878787879,37,6,2,10,33,4970,3631,1339,239,1447,3523,6.50294795774648,6.74436543651887,5.84829010455564,5.54497907949791,6.52977263303386,6.49193027249503,131
"133",2012,10,6.39,50,7.01666666666667,5.45,6.5,6.34375,6.41176470588235,30,20,4,16,34,5020,3661,1359,243,1463,3557,6.50182297808765,6.74659680415187,5.84242858719647,5.56069958847737,6.52773820915926,6.49116400056227,132
"134",2012,11,6.36160714285714,56,6.66447368421053,5.72222222222222,5.66666666666667,5.8125,6.453125,38,18,3,8,48,5076,3699,1377,246,1471,3605,6.50027607368006,6.74575314949987,5.84085726216412,5.5619918699187,6.52384840244731,6.49065751733703,133
"135",2012,12,6.55172413793103,58,6.82954545454545,5.67857142857143,4.66666666666667,6.53125,6.55952380952381,44,14,3,16,42,5134,3743,1391,249,1487,3647,6.50085729450721,6.74673815121561,5.83922390366643,5.55120481927711,6.52392804303967,6.49145060323554,134
"136",2013,1,6.89371428571429,70,7.03058823529412,6.52631578947368,8,6.82857142857143,6.91,51,19,2,14,56,5204,3794,1410,251,1501,3703,6.50614168908532,6.75055374275172,5.84848258865248,5.5707171314741,6.52676948700866,6.49778027275182,135
"137",2013,2,6.16734693877551,49,6.39285714285714,5.86666666666667,5.875,5.75,6.22558139534884,28,21,4,6,43,5253,3822,1431,255,1507,3746,6.5029814106225,6.7479332548404,5.84874944095039,5.57549019607843,6.52367684140676,6.49465572610785,136
"138",2013,3,6.66914893617021,47,6.98472222222222,5.63636363636364,6,6.16666666666667,6.78815789473684,36,11,1,9,38,5300,3858,1442,256,1516,3784,6.50445497169811,6.75014279419389,5.84712929958391,5.5771484375,6.52155738786279,6.49760315803383,137
"139",2013,4,6.89390243902439,41,6.99264705882353,6.41428571428571,6,7,6.88243243243243,34,7,1,4,37,5341,3892,1449,257,1520,3821,6.5074445515821,6.75226127954779,5.84986918564527,5.57879377431906,6.52281644736842,6.50132958649568,138
"140",2013,5,6.71292682926829,41,7.0172,6.2375,9,6.986,6.675,25,16,1,5,36,5382,3917,1465,258,1525,3857,6.50900991267187,6.75395223385244,5.85410269624573,5.59205426356589,6.52433508196721,6.5029505703915,139
"141",2013,6,6.08333333333333,36,6.58333333333333,5.58333333333333,7.33333333333333,4.5,6.33870967741935,18,18,3,5,31,5418,3935,1483,261,1530,3888,6.50618149686231,6.75317176620077,5.85081621712744,5.61206896551724,6.51771960784313,6.50164103652263,140
"142",2013,7,6.38372093023256,43,6.62857142857143,5.3125,4.5,6.57692307692308,6.3,35,8,2,13,30,5461,3970,1491,263,1543,3918,6.50521724043216,6.7520732745592,5.84792786720322,5.60361216730038,6.51821840570317,6.50009707759061,141
"143",2013,8,6.75982142857143,56,6.89473684210526,6.475,6.25,5.83333333333333,6.93723404255319,38,18,2,9,47,5517,4008,1509,265,1552,3965,6.50780158600689,6.7534258732535,5.8554078528827,5.60849056603773,6.51424677835051,6.50527877679697,142
"144",2013,9,6.32954545454545,44,6.37096774193548,6.23076923076923,4,6.25,6.35294117647059,31,13,2,10,34,5561,4039,1522,267,1562,3999,6.50639117964395,6.75049044317901,5.85861396189225,5.59644194756554,6.51255505761843,6.50398358339585,143
"145",2013,10,6.42037037037037,54,6.78,5.7578947368421,5.83333333333333,6.68181818181818,6.35348837209302,35,19,6,11,43,5615,4074,1541,273,1573,4042,6.50556390917186,6.7507439617084,5.85737212848799,5.60164835164835,6.51373871582962,6.50238257050965,144
"146",2013,11,6.56981132075472,53,6.92857142857143,5.87222222222222,6.125,6,6.62916666666667,35,18,4,5,48,5668,4109,1559,277,1578,4090,6.50616467007763,6.75225867607691,5.85754358563181,5.60920577617328,6.51211089987325,6.50387050122249,145
"147",2013,12,6.83283582089552,67,6.96792452830189,6.32142857142857,6.16666666666667,6.90909090909091,6.81785714285714,53,14,3,11,56,5735,4162,1573,280,1589,4146,6.50998105492589,6.75500502162422,5.8616722504768,5.61517857142857,6.514859030837,6.50811151712494,146
"148",2014,1,6.40657894736842,76,6.92765957446808,5.56206896551724,4.8,5.89444444444444,6.56551724137931,47,29,5,18,58,5811,4209,1602,285,1607,4204,6.50862869557735,6.75693297695415,5.85624872034956,5.60087719298245,6.50790976975731,6.50890350856327,147
"149",2014,2,6.32,70,6.9046511627907,5.38888888888889,5.55555555555556,6.55333333333333,6.25636363636364,43,27,9,15,55,5881,4252,1629,294,1622,4259,6.50638349770447,6.75842683443086,5.84850242480049,5.59948979591837,6.50832983970407,6.50564225170228,148
"150",2014,3,6.35166666666667,60,6.51395348837209,5.94117647058824,5,6.66666666666667,6.29607843137255,43,17,1,9,51,5941,4295,1646,295,1631,4310,6.50482096448409,6.75597925494762,5.84945956865127,5.59745762711864,6.50920355610055,6.50316249419954,149
"151",2014,4,5.97755263157895,38,6.54,5.35261111111111,5,5.97142857142857,5.97893548387097,20,18,1,7,31,5979,4315,1664,296,1638,4341,6.5014698695434,6.75497819235226,5.84408500600961,5.59543918918919,6.50690537240537,6.49941887813868,150
"152",2014,5,6.28979591836735,49,6.64615384615385,4.9,5,5.44444444444444,6.48,39,10,6,9,40,6028,4354,1674,302,1647,4381,6.49974922859987,6.75400342214056,5.83844531063321,5.58360927152318,6.50109957498482,6.49924157726547,151
"153",2014,6,6.66909090909091,55,6.74615384615385,6.48125,5.6,7.56,6.47111111111111,39,16,5,10,45,6083,4393,1690,307,1657,4426,6.50128034686832,6.75393373548828,5.84453103550296,5.58387622149837,6.50749004224502,6.49895556936286,152
"154",2014,7,6.4648,50,6.77966666666667,5.9925,6.15,6.23333333333333,6.51560975609756,30,20,4,9,41,6133,4423,1710,311,1666,4467,6.50098293657264,6.75410827492652,5.84626166666667,5.59115755627009,6.50600900360144,6.49910842847549,153
"155",2014,8,6.30035087719298,57,6.53681818181818,5.5,6,7.1,6.13021276595745,44,13,1,10,47,6190,4467,1723,312,1676,4514,6.4991354361874,6.75196796507723,5.84364912942542,5.59246794871795,6.50955310262529,6.49526746787771,154
"156",2014,9,6.55365853658537,41,6.8037037037037,6.07142857142857,4.66666666666667,7.38571428571429,6.38235294117647,27,14,3,7,34,6231,4494,1737,315,1683,4548,6.49949419836302,6.75227879394749,5.84548500287853,5.58365079365079,6.5131972667855,6.49442333992964,155
"157",2014,10,6.26530612244898,49,6.47297297297297,5.625,5,6.4,6.23076923076923,37,12,2,10,39,6280,4531,1749,317,1693,4587,6.49766693471337,6.74999799161333,5.84397224128073,5.57996845425867,6.51252864737153,6.492181676477,156
"158",2014,11,6.76860465116279,43,6.935,6.38461538461539,NA,6.72777777777778,6.77941176470588,30,13,0,9,34,6323,4561,1762,317,1702,4621,6.49950946544362,6.75121484323613,5.8479610953462,5.57996845425867,6.51366686251468,6.49429503354252,157
"159",2014,12,6.88108108108108,74,7.23529411764706,6.09565217391304,4.5,7.9,6.83802816901408,51,23,2,3,71,6397,4612,1785,319,1705,4692,6.50392345630764,6.75656784475282,5.85115263305322,5.57319749216301,6.51610615835777,6.49949645140665,158
"160",2015,1,6.72430555555556,72,6.96063829787234,6.28,5.33333333333333,6.625,6.73671875,47,25,3,8,64,6469,4659,1810,322,1713,4756,6.50637631009429,6.7586265078343,5.85707593922652,5.57096273291925,6.51661471103327,6.50268867746005,159
"161",2015,2,6.56538461538462,65,6.78636363636364,6.10238095238095,5.125,7.00833333333333,6.46509433962264,44,21,4,12,53,6534,4703,1831,326,1725,4809,6.50696332262014,6.75888600893047,5.8598893773894,5.56549079754601,6.52003536231884,6.50227435017675,160
"162",2015,3,6.56949152542373,59,7.0275,5.60526315789474,4,6.6,6.56326530612245,40,19,1,10,49,6593,4743,1850,327,1735,4858,6.50752288032762,6.7611513598988,5.8572742972973,5.56070336391437,6.5204962536023,6.50288953272952,161
"163",2015,4,6.31698113207547,53,6.78,5.41666666666667,3.5,7.41666666666667,6.17659574468085,35,18,1,6,47,6646,4778,1868,328,1741,4905,6.50600336292507,6.76128943072415,5.85302861349036,5.55442073170731,6.52358472142447,6.49976296636086,162
"164",2015,5,6.8304347826087,46,7.08181818181818,6.19230769230769,6.5,7.85714285714286,6.64615384615385,33,13,2,7,39,6692,4811,1881,330,1748,4944,6.50823346533174,6.76348802743712,5.85537344497608,5.56015151515151,6.52892505720823,6.50091774878641,163
"165",2015,6,6.76274509803922,51,7.03428571428571,6.16875,4.83333333333333,7.07692307692308,6.65526315789474,35,16,3,13,38,6743,4846,1897,333,1761,4982,6.51015843838054,6.76544385059843,5.85801657880865,5.5536036036036,6.53297047132311,6.50209501204336,164
"166",2015,7,7.077,50,7.26764705882353,6.671875,5.66666666666667,7.5,7.04021739130435,34,16,3,4,46,6793,4880,1913,336,1765,5028,6.51433068600029,6.76894280737705,5.86482354939885,5.55461309523809,6.53516203966005,6.50701816825776,165
"167",2015,8,6.72463768115942,69,6.9843137254902,5.98888888888889,5.2,6.59230769230769,6.75535714285714,51,18,4,13,56,6862,4931,1931,340,1778,5084,6.5164454022151,6.77117033056175,5.86598003625065,5.55044117647059,6.53557986501687,6.50975360936271,166
"168",2015,9,6.42941176470588,51,6.8225,5,5.5,6.47857142857143,6.42159090909091,40,11,2,7,44,6913,4971,1942,342,1785,5128,6.5158033198322,6.77158336350835,5.86107489701339,5.55014619883041,6.53535630252101,6.50899714313573,167
"169",2015,10,6.41153846153846,52,6.69714285714286,5.82352941176471,5.33333333333333,6.61111111111111,6.36976744186047,35,17,3,9,43,6965,5006,1959,345,1794,5171,6.51502488872936,6.77106290451458,5.86074908116386,5.54826086956522,6.53573634336678,6.50783936375943,168
"170",2015,11,6.45,64,6.76304347826087,5.65,6.5,6.64,6.41481481481481,46,18,4,10,54,7029,5052,1977,349,1804,5225,6.51443282828283,6.77098988519398,5.85883027314112,5.55916905444126,6.5363143015521,6.50687796172249,169
"171",2015,12,6.64953125,64,7.19931818181818,5.44,5,6.85,6.62089285714286,44,20,2,8,56,7093,5096,1997,351,1812,5281,6.51565181869449,6.77468816718995,5.85463567851778,5.5559829059829,6.53769922737307,6.50808698163227,170
"172",2016,1,6.72340425531915,94,6.88194444444444,6.20454545454545,6.41666666666667,6.93333333333333,6.68354430379747,72,22,6,15,79,7187,5168,2019,357,1827,5360,6.51836904828162,6.7761824496904,5.85844846458643,5.57044817927171,6.540947454844,6.5106730130597,171
"173",2016,2,6.48125,48,6.68125,6.08125,5.83333333333333,7.32857142857143,6.33658536585366,32,16,3,7,41,7235,5200,2035,360,1834,5401,6.51812278507256,6.77559825,5.86020022113022,5.57263888888889,6.54395365321701,6.50935148120718,172
"174",2016,3,6.42704918032787,61,6.66136363636364,5.82058823529412,6.05,6.625,6.39716981132075,44,17,5,8,53,7296,5244,2052,365,1842,5454,6.51736134183114,6.7746397597254,5.85987205165692,5.57917808219178,6.54430564603691,6.5082613403007,173
"175",2016,4,6.77285714285714,70,6.9921568627451,6.18421052631579,6.25,7.8,6.60166666666667,51,19,4,10,60,7366,5295,2071,369,1852,5514,6.51978934971491,6.77673482530689,5.86284763399324,5.58644986449864,6.55108585313175,6.50927772034821,174
"176",2016,5,6.59272727272727,55,7.01578947368421,5.64705882352941,4,5.7875,6.72978723404255,38,17,1,8,47,7421,5333,2088,370,1860,5561,6.52032992184342,6.77843819613726,5.86109073275862,5.58216216216216,6.54780161290322,6.51114140442367,175
"177",2016,6,6.24074074074074,54,6.63636363636364,5.61904761904762,4.5,5.72727272727273,6.37209302325581,33,21,4,11,43,7475,5366,2109,374,1871,5604,6.51831014715719,6.77756446142378,5.85868063063063,5.57058823529412,6.54297755211117,6.51007447359029,176
"178",2016,7,6.57857142857143,70,6.85849056603774,5.70588235294118,6,7.05,6.5,53,17,1,10,60,7545,5419,2126,375,1881,5664,6.51886923127899,6.77835595128252,5.85745881937912,5.57173333333333,6.54567304625199,6.50996775247175,177
"179",2016,8,6.55217391304348,69,6.74375,6.11428571428571,5.5,7.05,6.46779661016949,48,21,4,10,59,7614,5467,2147,379,1891,5723,6.51917104675598,6.77805211267605,5.8599708663251,5.57097625329815,6.54834003172924,6.5095329984274,178
"180",2016,9,6.78409090909091,44,7.109375,5.91666666666667,5.375,6.92857142857143,6.75675675675676,32,12,4,7,37,7658,5499,2159,383,1898,5760,6.52069317706973,6.77998016002909,5.86028598888374,5.56892950391645,6.54974236037934,6.51112106770834,179
"181",2016,10,6.62571428571429,70,7.15813953488372,5.77777777777778,5.16666666666667,6.525,6.64655172413793,43,27,3,12,58,7728,5542,2186,386,1910,5818,6.52164445522774,6.78291427282569,5.85926690301921,5.56580310880829,6.54958691099476,6.51247118425576,180
"182",2016,11,6.78970588235294,68,6.90816326530612,6.48421052631579,4,6.54545454545455,6.83684210526316,49,19,1,11,57,7796,5591,2205,387,1921,5875,6.52398260005131,6.78401196565909,5.8646519047619,5.56175710594315,6.54956324830817,6.51561827234043,181
"183",2016,12,6.36825396825397,63,6.69302325581395,5.67,4.66,6.21428571428571,6.3875,43,20,5,7,56,7859,5634,2225,392,1928,5931,6.52273423463545,6.78331751863685,5.8629022247191,5.55025510204081,6.54834595435684,6.51440859045692,182
"184",2017,1,6.60720720720721,111,7.01232876712329,5.82894736842105,5.875,7.26315789473684,6.47173913043478,73,38,4,19,92,7970,5707,2263,396,1947,6023,6.52391070890841,6.78624687226213,5.86233205921343,5.55353535353535,6.55532152028762,6.51375682384194,183
"185",2017,2,6.79333333333333,60,7.13111111111111,5.78,5,7.08333333333333,6.72083333333333,45,15,3,12,48,8030,5752,2278,399,1959,6071,6.52592382938979,6.7889448713491,5.86178992537313,5.54937343358396,6.55855589586523,6.51539406193378,184
"186",2017,3,6.23032786885246,61,6.84210526315789,5.2195652173913,4.7,6.16666666666667,6.23727272727273,38,23,7,6,55,8091,5790,2301,406,1965,6126,6.52369526016562,6.78929376511226,5.85537046936115,5.53472906403941,6.5573592875318,6.51289705354228,185
"187",2017,4,6.48508771929825,57,6.6046511627907,6.11785714285714,6.71666666666667,6.4375,6.49285714285714,43,14,3,8,49,8148,5833,2315,409,1973,6175,6.52342517795778,6.78793260757758,5.85695786177106,5.54339853300733,6.55687328940699,6.51273803238867,186
"188",2017,5,6.4043661971831,71,6.83489795918367,5.44545454545455,5.53333333333333,6.1375,6.43825396825397,49,22,6,8,63,8219,5882,2337,415,1981,6238,6.5223966845115,6.78832385243115,5.85308406076166,5.54325301204819,6.55517970721857,6.51198578871433,187
"189",2017,6,6.49347826086957,46,6.95806451612903,5.53333333333333,4.33333333333333,6.66666666666667,6.48139534883721,31,15,6,3,43,8265,5913,2352,421,1984,6281,6.52223573502722,6.7892137493658,5.85104483418367,5.52600950118765,6.55534828629032,6.51177636522847,188
"190",2017,7,6.49,56,6.89261904761905,5.28214285714286,NA,7.33222222222222,6.32872340425532,42,14,0,9,47,8321,5955,2366,421,1993,6328,6.52201878980892,6.78994305625525,5.84767855029586,5.52600950118765,6.55885649774209,6.51041677465234,189
"191",2017,8,6.67254901960784,51,6.92702702702703,6,6,6.38888888888889,6.73333333333333,37,14,2,9,42,8372,5992,2380,423,2002,6370,6.52293577998089,6.79078953604806,5.84857455882353,5.52825059101655,6.5580924075924,6.51188655416013,190
"192",2017,9,6.62469387755102,49,6.93540540540541,5.66666666666667,5.5,6.56777777777778,6.6375,37,12,4,9,40,8421,6029,2392,427,2011,6410,6.5235278886118,6.79167704428595,5.84766197742475,5.52798594847775,6.55813575335654,6.51267041341654,191
"193",2017,10,6.23157894736842,57,6.76052631578947,5.17368421052632,5.36666666666667,6.50714285714286,6.14186046511628,38,19,6,14,43,8478,6067,2411,433,2025,6453,6.52156503302666,6.79148193505851,5.84235066362505,5.5257505773672,6.55778320987654,6.51019949635828,192
"194",2017,11,6.56755384615385,65,6.77325581395349,6.1655,6.3782,6.55,6.56901666666667,43,22,5,5,60,8543,6110,2433,438,2030,6513,6.52191494205783,6.79135366612111,5.84527268803946,5.53548173515982,6.55776403940886,6.51074134039613,193
"195",2017,12,6.475625,80,6.67767857142857,6.00416666666667,5.4,7.00833333333333,6.38161764705882,56,24,5,12,68,8623,6166,2457,443,2042,6581,6.52148548648962,6.79032126175803,5.84682476597477,5.53395259593679,6.56041185112634,6.50940713417414,194
"196",2018,1,6.52871287128713,101,6.8972972972973,5.51851851851852,5.6875,7.25,6.44945054945055,74,27,8,10,91,8724,6240,2484,451,2052,6672,6.52156915978909,6.79158988782051,5.84325621980676,5.53667627494457,6.56377241715399,6.5085893809952,195
"197",2018,2,6.64631578947368,57,6.81317073170732,6.21875,5.66666666666667,7.19142857142857,6.57,41,16,3,7,50,8781,6281,2500,454,2059,6722,6.52237892609042,6.79173075943321,5.84565938,5.53753524229075,6.56590626517727,6.50904616929485,196
"198",2018,3,6.43120689655172,58,6.99,5.18944444444444,5.66666666666667,6.44,6.42813953488372,40,18,3,15,43,8839,6321,2518,457,2074,6765,6.52178067089037,6.79298542952065,5.84096840746624,5.5383829321663,6.5649956605593,6.50853190687362,197
"199",2018,4,6.76797101449275,69,7.37895833333333,5.37142857142857,4.8,6.72785714285714,6.77818181818182,48,21,5,14,55,8908,6369,2539,462,2088,6820,6.52368762348451,6.79740161720835,5.83708485624261,5.53039177489177,6.56608764367816,6.51070650293255,198
"200",2018,5,6.87081632653061,49,7.18527777777778,6,6,7.71428571428571,6.7302380952381,36,13,1,7,42,8957,6405,2552,463,2095,6862,6.52558661940382,6.79958171740827,5.83791475313479,5.5314060475162,6.56992410501193,6.51205018216264,199
"201",2018,6,6.89285714285714,42,7.17241379310345,6.26923076923077,6,7.47777777777778,6.73333333333333,29,13,2,9,33,8999,6434,2565,465,2104,6895,6.527300738971,6.80126218526578,5.84010076023392,5.53342150537634,6.5738075095057,6.51310926033358,200
"202",2018,7,6.30483333333333,60,6.58657894736842,5.81818181818182,6.6,6.55,6.27245283018868,38,22,5,7,53,9059,6472,2587,470,2111,6948,6.52582728226074,6.800001684178,5.83991436026285,5.54476808510638,6.5737285646613,6.5112735103627,201
"203",2018,8,6.69166666666667,60,6.9875,6.1,4.33333333333333,7,6.64423076923077,40,20,3,8,52,9119,6512,2607,473,2119,7000,6.52691845048799,6.80115339373464,5.84190964710395,5.53708456659619,6.5753378952336,6.51226119285714,202
"204",2018,9,6.83035714285714,56,7.01219512195122,6.33333333333333,6,7,6.81,41,15,1,6,50,9175,6553,2622,474,2125,7050,6.5287705013624,6.80247381352052,5.84472099542334,5.5380611814346,6.57653694117647,6.51437281560284,203
"205",2018,10,6.49520547945205,73,6.52553191489362,6.44038461538462,6.95,7.39583333333333,6.31803278688525,47,26,5,12,61,9248,6600,2648,479,2137,7111,6.5285055525519,6.80050165151515,5.85056965634441,5.55279958246346,6.58113757604118,6.5126885599775,204
"206",2018,11,6.50566037735849,53,6.75,6.13333333333333,6.66666666666667,7.33333333333333,6.456,32,21,3,3,50,9301,6632,2669,482,2140,7161,6.52837537361574,6.80025797647768,5.85279447358561,5.55973236514523,6.58219205607476,6.51229274542662,205
"207",2018,12,6.42888888888889,72,6.40857142857143,6.5,5.66666666666667,6.625,6.404375,56,16,3,8,64,9373,6688,2685,485,2148,7225,6.5276111543796,6.79697830442584,5.85665119180633,5.56039381443299,6.58235148975791,6.51133679584775,206
"208",2019,1,6.28748223404255,94,6.450619,5.81166666666667,6.33333333333333,5.96428571428571,6.31348655172414,70,24,3,7,87,9467,6758,2709,488,2155,7312,6.52522685961762,6.79339068215448,5.85625265780731,5.56514549180328,6.58034385150812,6.50898272428884,207
"209",2019,2,6.68220338983051,59,7.10416666666667,6.02173913043478,4.75,7,6.61734693877551,36,23,4,10,49,9526,6794,2732,492,2165,7361,6.52619910560571,6.79503741978216,5.85764584553441,5.55851829268293,6.58228221709007,6.5097040728162,208
"210",2019,3,6.71963636363636,55,6.96086956521739,5.48666666666667,6.1675,6.40625,6.77297872340425,46,9,4,8,47,9581,6840,2741,496,2173,7408,6.52730953762655,6.79615266520468,5.85642774534841,5.56342943548387,6.58163414634146,6.51137441684665,209
"211",2019,4,6.51078431372549,51,6.61666666666667,6.16666666666667,6,7.66666666666667,6.43854166666667,39,12,3,3,48,9632,6879,2753,499,2176,7456,6.52722203903654,6.79513508213403,5.85778003995641,5.56605410821643,6.58313005514706,6.51090553648069,210
"212",2019,5,6.50833333333333,48,6.72857142857143,5.91538461538462,5,6.55555555555556,6.4974358974359,35,13,1,9,39,9680,6914,2766,500,2185,7495,6.52712837603306,6.79479812409604,5.85805077729573,5.564922,6.58301647597254,6.51083544763176,211
"213",2019,6,7.16833333333333,36,7.69391304347826,6.23846153846154,6.025,6.33333333333333,7.33533333333333,23,13,4,6,30,9716,6937,2779,504,2191,7525,6.52950418690819,6.79777918840997,5.85983031666067,5.56857341269841,6.5823327247832,6.51412248239203,212
"214",2019,7,6.37630769230769,65,6.57673076923077,5.57461538461538,5,6.57,6.34109090909091,52,13,1,10,55,9781,6989,2792,505,2201,7580,6.52848611389429,6.79613452997568,5.85850231017192,5.56744752475247,6.58227669241254,6.5128669762533,213
"215",2019,8,6.51753846153846,65,6.98883720930233,5.59636363636364,8,6.78857142857143,6.4848275862069,43,22,2,7,58,9846,7032,2814,507,2208,7638,6.52841384115377,6.79731288822525,5.85645289623312,5.57704339250493,6.58293070652174,6.51265405603561,214
"216",2019,9,6.5971875,64,6.88304347826087,5.86666666666667,6,6.4,6.61389830508475,46,18,2,5,59,9910,7078,2832,509,2213,7697,6.52885798990918,6.79787005227465,5.85651781426554,5.57870530451866,6.58251739719837,6.51343012602313,215
"217",2019,10,6.35978260869565,46,7.22083333333333,5.42045454545455,5.66666666666667,5,6.48928571428571,24,22,3,4,42,9956,7102,2854,512,2217,7739,6.52807680594616,6.79929938468037,5.85315642957253,5.579220703125,6.57966215606675,6.51329909290606,216
"218",2019,11,6.41016949152542,59,7.0375,5.66666666666667,4.6,7.0625,6.3078431372549,32,27,5,8,51,10015,7134,2881,517,2225,7790,6.52738219470794,6.80036784833193,5.8514086948976,5.56975048355899,6.58139820224719,6.5119540025674,217
"219",2019,12,6.32207792207792,77,6.91764705882353,5.15384615384615,5.7,6.3125,6.3231884057971,51,26,5,8,69,10092,7185,2907,522,2233,7859,6.52581576298058,6.80120031036882,5.84516974544203,5.57099808429119,6.58043484102105,6.5102966891462,218
"220",2020,1,6.55495495495495,111,6.93513513513513,5.79459459459459,6.05,6.8,6.5010989010989,74,37,10,20,91,10203,7259,2944,532,2253,7950,6.52613277271391,6.80256567433531,5.84453412024456,5.58000187969925,6.5823839325344,6.51019140628931,219
"221",2020,2,6.5555,70,6.96563829787234,5.71739130434783,5,7.07142857142857,6.4981746031746,47,23,3,7,63,10273,7306,2967,535,2260,8013,6.52633288036601,6.80361473172735,5.84354851702056,5.57674953271028,6.58389867256637,6.51009692749283,220
"222",2020,3,6.5828,75,6.8187037037037,5.97619047619048,6.83333333333333,6.23333333333333,6.67016666666667,54,21,3,15,60,10348,7360,2988,538,2275,8073,6.52674214147661,6.80372543885869,5.84448073962517,5.58375650557621,6.58158725274725,6.51128659482225,221
"223",2020,4,6.79818181818182,88,7.06169491525424,6.26206896551724,6.0625,6.65625,6.82972222222222,59,29,8,16,72,10436,7419,3017,546,2291,8145,6.52903101571483,6.80577695511524,5.84849468014584,5.59077106227106,6.58210868616325,6.51410149539595,222
"224",2020,5,6.68987341772152,79,6.99122807017544,5.90909090909091,6.66666666666667,6.38461538461539,6.75,57,22,3,13,66,10515,7476,3039,549,2304,8211,6.53023943699477,6.8071909082397,5.84893334978611,5.59665027322404,6.58099435763889,6.51599764705883,223
"225",2020,6,6.89571428571429,70,6.946,6.77,8.45,6.9875,6.88387096774194,50,20,2,8,62,10585,7526,3059,551,2312,8273,6.53265637033538,6.80811310523518,5.85495536122916,5.60700725952813,6.58240095155709,6.51875458479391,224
"226",2020,7,6.55743243243243,74,6.9156862745098,5.76304347826087,7,6.21538461538462,6.63032786885246,51,23,4,13,61,10659,7577,3082,555,2325,8334,6.53282837789661,6.80883716906427,5.85426945165477,5.61704684684685,6.5803488172043,6.51957123590113,225
"227",2020,8,6.56035294117647,85,6.72344262295082,6.14583333333333,5.9,6.29090909090909,6.60040540540541,61,24,5,11,74,10744,7638,3106,560,2336,8408,6.5330461355175,6.8081551754386,5.85652235994849,5.61957321428571,6.57898587328767,6.52028266888678,226
"228",2020,9,6.30138888888889,72,6.53695652173913,5.88461538461539,5.1,6.25833333333333,6.31,46,26,4,12,60,10816,7684,3132,564,2348,8468,6.53150403846154,6.80653165408641,5.85675557151979,5.61588829787234,6.57734710391823,6.51879271138404,227
"229",2020,10,6.5943661971831,71,6.73,6.41935483870968,6.8,7.125,6.4864406779661,40,31,5,12,59,10887,7724,3163,569,2360,8527,6.5319139965096,6.80613532237183,5.86226950679734,5.62629349736379,6.58013177966101,6.51856886126422,228
"230",2020,11,6.86395348837209,86,7.18360655737705,6.084,5.16666666666667,7.15384615384615,6.81232876712329,61,25,3,13,73,10973,7785,3188,572,2373,8600,6.5345163291716,6.80909302890173,5.86400829673777,5.62388286713287,6.58327475769068,6.52106240465116,229
"231",2020,12,6.2835,100,6.9365671641791,4.95757575757576,4.96666666666667,6.69928571428571,6.21581395348837,67,33,6,14,86,11073,7852,3221,578,2387,8686,6.53224940666486,6.81018074758023,5.8547216547656,5.61706055363322,6.5839551738584,6.51804014275846,230
"232",2021,1,6.7939837398374,123,6.98582417582418,6.2484375,5.5,6.9205,6.76941747572816,91,32,2,20,103,11196,7943,3253,580,2407,8789,6.53512483744195,6.81219302908221,5.85859466646173,5.61665689655172,6.58675155795596,6.52098608260325,231
"233",2021,2,6.66897435897436,78,7.04384615384615,5.91923076923077,5.25,5.38,6.85852941176471,52,26,2,10,68,11274,7995,3279,582,2417,8857,6.53605088522264,6.81369971607254,5.85907546508082,5.61539690721649,6.58175879189077,6.5235775860901,232
"234",2021,3,6.92496191780822,73,7.23119653846154,6.16666666666667,NA,7.72727272727273,6.7826164516129,52,21,0,11,62,11347,8047,3300,582,2428,8919,6.53855291266414,6.81639759537716,5.86103286363636,5.61539690721649,6.58694851729819,6.52537828231865,233
"235",2021,4,6.58918918918919,74,6.88048780487805,6.22727272727273,6.33333333333333,6.07142857142857,6.64328358208955,41,33,3,7,67,11421,8088,3333,585,2435,8986,6.53888099991244,6.8167224839268,5.86465900090009,5.61907863247863,6.58546652977413,6.5262573892722,234
"236",2021,5,6.91319444444444,72,7.23469387755102,6.22826086956522,6.66666666666667,6.77777777777778,6.93253968253968,49,23,3,9,63,11493,8137,3356,588,2444,9049,6.54122595492909,6.8192394555733,5.86715090882002,5.62442346938775,6.58617471358429,6.52908596530003,235
"237",2021,6,6.664583375,80,7.04654094339623,5.91481481481481,6.84,6.37272727272727,6.71111115942029,53,27,5,11,69,11573,8190,3383,593,2455,9118,6.54207868054956,6.82071039316239,5.86753131835649,5.63467284991568,6.5852183299389,6.53046343167361,236
"238",2021,7,6.78276923076923,65,6.91913043478261,6.45263157894737,4,6.61666666666667,6.82037735849057,46,19,1,12,53,11638,8236,3402,594,2467,9171,6.54342297387868,6.8212600922778,5.87079907407407,5.63192087542087,6.58537130117552,6.53213886926181,237
"239",2021,8,6.48690476190476,84,7.042,5.67058823529412,5.57142857142857,6.58,6.47432432432432,50,34,7,10,74,11722,8286,3436,601,2477,9245,6.54301796365808,6.82259209751388,5.86881794237485,5.6312163061564,6.58534961647154,6.53167610275825,238
"240",2021,9,6.50648397260274,73,6.85940733333333,5.93928571428571,5,6.5,6.50739578125,45,28,4,9,64,11795,8331,3464,605,2486,9309,6.54279185247987,6.82279095546753,5.86938754330254,5.62704297520661,6.58504062751408,6.53150917391772,239
"241",2021,10,6.5256976744186,86,6.95909090909091,5.75677419354839,4,7.31363636363636,6.41013333333333,55,31,2,11,75,11881,8386,3495,607,2497,9384,6.54266811716186,6.82368488552349,5.86838868383405,5.62168204283361,6.58825030036043,6.53053909846548,240
"242",2021,11,6.80615384615385,65,7.24761904761905,6,6,7.18181818181818,6.72962962962963,42,23,4,11,54,11946,8428,3518,611,2508,9438,6.54410178302361,6.82579751423825,5.86924913303013,5.62415875613748,6.59085366826156,6.53167820512821,241
"243",2021,12,6.73105695121951,82,7.1869334,6.01875,5.83333333333333,8.0625,6.58711716216216,50,32,3,8,74,12028,8478,3550,614,2516,9512,6.54537633604922,6.82792735550837,5.87059674647887,5.62518078175896,6.59553298887122,6.53210950063078,242
"244",2022,1,6.57134615384615,130,7.07470930232558,5.5875,6,6.04545454545455,6.61995798319328,86,44,3,11,119,12158,8564,3594,617,2527,9631,6.54565401957559,6.83040554880897,5.86713089872009,5.62700324149108,6.59313850415512,6.5331949506801,243
"245",2022,2,6.87214563218391,87,7.41901240740741,5.97727272727273,5.8,7.184375,6.80178408450704,54,33,5,16,71,12245,8618,3627,622,2543,9702,6.54797372315231,6.83409373288466,5.86813301626688,5.62839389067524,6.59685843491939,6.53516050711194,244
"246",2022,3,7.0385393258427,89,7.18064516129032,6.71222222222222,5,7.94444444444444,6.936625,62,27,1,9,80,12334,8680,3654,623,2552,9782,6.55151355926707,6.83656910023041,5.87437012862616,5.62738523274478,6.60161089341693,6.53844379881415,245
"247",2022,4,6.61619718309859,71,6.98404255319149,5.89583333333333,6.66666666666667,7.36666666666667,6.54692307692308,47,24,3,6,65,12405,8727,3678,626,2558,9847,6.55188377589682,6.83736333104159,5.87451018216422,5.63236581469648,6.60340539483972,6.53849977048848,246
"248",2022,5,6.22709183673469,98,6.82418181818182,5.46337209302326,4.93333333333333,5.87823529411765,6.30030864197531,55,43,3,17,81,12503,8782,3721,629,2575,9928,6.54933801807566,6.83728077772717,5.86975905670518,5.62903179650238,6.59861786407767,6.53655643029815,247
"249",2022,6,6.36732857142857,70,7.10606060606061,5.70845945945946,4.5,7.276625,6.25,33,37,4,8,62,12573,8815,3758,633,2583,9990,6.54832468305098,6.83828698695405,5.86817095529537,5.62189731437599,6.60071777003484,6.53477800200201,248
"250",2022,7,6.37224719101124,89,6.71166666666667,5.67,6,5.83333333333333,6.45623376623377,60,29,5,12,77,12662,8875,3787,638,2595,10067,6.5470870510188,6.83743096225352,5.86665340639028,5.6248605015674,6.59716917148362,6.53417723651535,249
"251",2022,8,6.81958762886598,97,7.045,6.45405405405405,5.8,6.65416666666667,6.84294117647059,60,37,5,12,85,12759,8935,3824,643,2607,10152,6.54915873030802,6.83882482260772,5.8723369377615,5.62622239502333,6.59743153049482,6.53676243498818,250
