"","year","month","avg_rating","no_ratings","avg_rating_owned","avg_rating_not_owned","avg_rating_prev_owned","avg_rating_comment","avg_rating_no_comment","no_ratings_owned","no_ratings_not_owned","no_ratings_prev_owned","no_ratings_comment","no_ratings_no_comment","cum_no_ratings","cum_no_ratings_owned","cum_no_ratings_not_owned","cum_no_ratings_prev_owned","cum_no_ratings_comment","cum_no_ratings_no_comment","cum_avg_rating","cum_avg_rating_owned","cum_avg_rating_not_owned","cum_avg_rating_prev_owned","cum_avg_rating_comment","cum_avg_rating_no_comment","month_after_release"
"1",2001,10,7,1,7,NA,NA,NA,7,1,0,0,0,1,1,1,0,0,0,1,7,7,NA,NA,NA,7,0
"2",2001,11,6.8,5,7.66666666666667,5.5,NA,5,7.25,3,2,0,1,4,6,4,2,0,1,5,6.83333333333333,7.5,5.5,NA,5,7.2,1
"3",2001,12,7,1,7,NA,NA,NA,7,1,0,0,0,1,7,5,2,0,1,6,6.85714285714286,7.4,5.5,NA,5,7.16666666666667,2
"4",2002,1,6.75,4,6.75,NA,NA,5,7.33333333333333,4,0,0,1,3,11,9,2,0,2,9,6.81818181818182,7.11111111111111,5.5,NA,5,7.22222222222222,3
"5",2002,2,9.5,2,9.5,NA,NA,10,9,2,0,0,1,1,13,11,2,0,3,10,7.23076923076923,7.54545454545455,5.5,NA,6.66666666666667,7.4,4
"6",2002,3,8.25,4,8.25,NA,NA,10,7.66666666666667,4,0,0,1,3,17,15,2,0,4,13,7.47058823529412,7.73333333333333,5.5,NA,7.5,7.46153846153846,5
"7",2002,5,8,1,8,NA,NA,8,NA,1,0,0,1,0,18,16,2,0,5,13,7.5,7.75,5.5,NA,7.6,7.46153846153846,7
"8",2002,6,7,5,7.25,6,6,7,7,4,1,1,2,3,23,20,3,1,7,16,7.39130434782609,7.65,5.66666666666667,6,7.42857142857143,7.375,8
"9",2002,7,5.33333333333333,3,5.33333333333333,NA,NA,4.5,7,3,0,0,2,1,26,23,3,1,9,17,7.15384615384615,7.34782608695652,5.66666666666667,6,6.77777777777778,7.35294117647059,9
"10",2002,8,8,8,8.14285714285714,7,NA,NA,8,7,1,0,0,8,34,30,4,1,9,25,7.35294117647059,7.53333333333333,6,6,6.77777777777778,7.56,10
"11",2002,9,6.6,5,7,5,NA,8,6.25,4,1,0,1,4,39,34,5,1,10,29,7.25641025641026,7.47058823529412,5.8,6,6.9,7.37931034482759,11
"12",2002,10,8.8,5,9,8,NA,8,9.33333333333333,4,1,0,2,3,44,38,6,1,12,32,7.43181818181818,7.63157894736842,6.16666666666667,6,7.08333333333333,7.5625,12
"13",2002,11,7.5,8,7.71428571428571,6,NA,6.5,7.83333333333333,7,1,0,2,6,52,45,7,1,14,38,7.44230769230769,7.64444444444444,6.14285714285714,6,7,7.60526315789474,13
"14",2002,12,6.5,4,6.66666666666667,6,NA,8,6,3,1,0,1,3,56,48,8,1,15,41,7.375,7.58333333333333,6.125,6,7.06666666666667,7.48780487804878,14
"15",2003,1,7.27777777777778,9,7.25,7.3,NA,9,7.0625,4,5,0,1,8,65,52,13,1,16,49,7.36153846153846,7.55769230769231,6.57692307692308,6,7.1875,7.41836734693878,15
"16",2003,2,7.66666666666667,6,7.8,7,NA,10,7.2,5,1,0,1,5,71,57,14,1,17,54,7.38732394366197,7.57894736842105,6.60714285714286,6,7.35294117647059,7.39814814814815,16
"17",2003,3,8.25,4,8.25,NA,NA,9,7.5,4,0,0,2,2,75,61,14,1,19,56,7.43333333333333,7.62295081967213,6.60714285714286,6,7.52631578947368,7.40178571428571,17
"18",2003,4,7.5,2,8,7,NA,NA,7.5,1,1,0,0,2,77,62,15,1,19,58,7.43506493506494,7.62903225806452,6.63333333333333,6,7.52631578947368,7.4051724137931,18
"19",2003,5,6.68421052631579,19,7,5.5,NA,6.55555555555556,6.8,15,4,0,9,10,96,77,19,1,28,68,7.28645833333333,7.50649350649351,6.39473684210526,6,7.21428571428571,7.31617647058824,19
"20",2003,6,7.57692307692308,13,7.71428571428571,7.41666666666667,NA,8.25,7,7,6,0,6,7,109,84,25,1,34,75,7.32110091743119,7.52380952380952,6.64,6,7.39705882352941,7.28666666666667,20
"21",2003,7,6.9125,40,7,6.76666666666667,NA,6.45454545454545,7.08620689655172,25,15,0,11,29,149,109,40,1,45,104,7.21140939597315,7.40366972477064,6.6875,6,7.16666666666667,7.23076923076923,21
"22",2003,8,6.33333333333333,6,6.8,4,NA,6,6.4,5,1,0,1,5,155,114,41,1,46,109,7.17741935483871,7.37719298245614,6.6219512195122,6,7.14130434782609,7.19266055045872,22
"23",2003,9,7,10,7.625,4.5,NA,7,7,8,2,0,6,4,165,122,43,1,52,113,7.16666666666667,7.39344262295082,6.52325581395349,6,7.125,7.1858407079646,23
"24",2003,10,6.75,6,6.9,6,NA,7,6.625,5,1,0,2,4,171,127,44,1,54,117,7.15204678362573,7.3740157480315,6.51136363636364,6,7.12037037037037,7.16666666666667,24
"25",2003,11,7.2,5,7.25,7,7,8.5,6.33333333333333,4,1,1,2,3,176,131,45,2,56,120,7.15340909090909,7.37022900763359,6.52222222222222,6.5,7.16964285714286,7.14583333333333,25
"26",2003,12,6.83333333333333,6,6.75,7,NA,8,6.25,4,2,0,2,4,182,135,47,2,58,124,7.14285714285714,7.35185185185185,6.54255319148936,6.5,7.19827586206897,7.11693548387097,26
"27",2004,1,7.26666666666667,15,7.5,6.33333333333333,NA,8.83333333333333,6.22222222222222,12,3,0,6,9,197,147,50,2,64,133,7.15228426395939,7.36394557823129,6.53,6.5,7.3515625,7.05639097744361,27
"28",2004,2,7.55555555555556,9,8,6.66666666666667,NA,6.66666666666667,8,6,3,0,3,6,206,153,53,2,67,139,7.16990291262136,7.38888888888889,6.5377358490566,6.5,7.32089552238806,7.09712230215827,28
"29",2004,3,7.44444444444444,9,7.5,7.25,7,9,7.25,7,2,1,1,8,215,160,55,3,68,147,7.18139534883721,7.39375,6.56363636363636,6.66666666666667,7.34558823529412,7.10544217687075,29
"30",2004,4,7.5,7,7.5,NA,NA,NA,7.5,7,0,0,0,7,222,167,55,3,68,154,7.19144144144144,7.39820359281437,6.56363636363636,6.66666666666667,7.34558823529412,7.12337662337662,30
"31",2004,5,6.625,4,7.16666666666667,5,NA,6.75,6.5,3,1,0,2,2,226,170,56,3,70,156,7.18141592920354,7.39411764705882,6.53571428571429,6.66666666666667,7.32857142857143,7.11538461538461,31
"32",2004,6,7.33333333333333,9,7.33333333333333,NA,NA,8.25,6.6,9,0,0,4,5,235,179,56,3,74,161,7.18723404255319,7.39106145251397,6.53571428571429,6.66666666666667,7.37837837837838,7.09937888198758,32
"33",2004,7,7.27272727272727,11,7.27272727272727,NA,NA,7.71428571428571,6.5,11,0,0,7,4,246,190,56,3,81,165,7.19105691056911,7.38421052631579,6.53571428571429,6.66666666666667,7.40740740740741,7.08484848484848,33
"34",2004,8,7.1,13,7.35833333333333,4,NA,6.61428571428571,7.66666666666667,12,1,0,7,6,259,202,57,3,88,171,7.18648648648649,7.38267326732673,6.49122807017544,6.66666666666667,7.34431818181818,7.10526315789474,34
"35",2004,9,6.45833333333333,12,6.45833333333333,NA,NA,6.75,6.3125,12,0,0,4,8,271,214,57,3,92,179,7.15424354243542,7.33084112149533,6.49122807017544,6.66666666666667,7.31847826086956,7.06983240223464,35
"36",2004,10,6.95454545454545,11,6.95454545454545,NA,NA,7.16666666666667,6.7,11,0,0,6,5,282,225,57,3,98,184,7.14645390070922,7.31244444444444,6.49122807017544,6.66666666666667,7.30918367346939,7.05978260869565,36
"37",2004,11,7.25,10,7.25,NA,NA,7.5,7.14285714285714,10,0,0,3,7,292,235,57,3,101,191,7.15,7.30978723404255,6.49122807017544,6.66666666666667,7.31485148514851,7.06282722513089,37
"38",2004,12,7.22222222222222,9,7.375,6,NA,6.8,7.75,8,1,0,5,4,301,243,58,3,106,195,7.15215946843854,7.3119341563786,6.48275862068965,6.66666666666667,7.29056603773585,7.07692307692308,38
"39",2005,1,6.425,16,6.72,2,NA,5.9,6.66363636363636,15,1,0,5,11,317,258,59,3,111,206,7.11545741324921,7.27751937984496,6.40677966101695,6.66666666666667,7.22792792792793,7.05485436893204,39
"40",2005,2,7.67857142857143,14,7.69230769230769,7.5,NA,7.75,7.58333333333333,13,1,0,8,6,331,271,60,3,119,212,7.1392749244713,7.29741697416974,6.425,6.66666666666667,7.26302521008403,7.06981132075472,40
"41",2005,3,6.95,14,7.06363636363636,6.53333333333333,NA,7.6375,6.03333333333333,11,3,0,8,6,345,282,63,3,127,218,7.13159420289855,7.28829787234042,6.43015873015873,6.66666666666667,7.28661417322835,7.04128440366972,41
"42",2005,4,6.16666666666667,6,6.4,5,NA,6.66666666666667,5.66666666666667,5,1,0,3,3,351,287,64,3,130,221,7.11509971509972,7.27282229965157,6.4078125,6.66666666666667,7.27230769230769,7.02262443438914,42
"43",2005,5,6,9,5.85714285714286,6.5,NA,8,5.75,7,2,0,1,8,360,294,66,3,131,229,7.08722222222222,7.2391156462585,6.41060606060606,6.66666666666667,7.27786259541985,6.97816593886463,43
"44",2005,6,7,10,7.14285714285714,6.66666666666667,NA,6.875,7.5,7,3,0,8,2,370,301,69,3,139,231,7.08486486486487,7.23687707641196,6.42173913043478,6.66666666666667,7.2546762589928,6.98268398268398,44
"45",2005,7,6.5,9,6.75,6,6,6.66666666666667,6.41666666666667,6,3,1,3,6,379,307,72,4,142,237,7.07097625329815,7.22736156351791,6.40416666666667,6.5,7.24225352112676,6.96835443037975,45
"46",2005,8,7.84615384615385,13,8.11111111111111,7.25,NA,8,7.66666666666667,9,4,0,7,6,392,316,76,4,149,243,7.09668367346939,7.25253164556962,6.44868421052632,6.5,7.27785234899329,6.98559670781893,46
"47",2005,9,7.1875,16,7.4,4,NA,7.55555555555556,6.71428571428571,15,1,0,9,7,408,331,77,4,158,250,7.10024509803922,7.25921450151057,6.41688311688312,6.5,7.29367088607595,6.978,47
"48",2005,10,7.21428571428571,21,7.36666666666667,6.83333333333333,NA,7.04166666666667,7.44444444444444,15,6,0,12,9,429,346,83,4,170,259,7.10582750582751,7.26387283236994,6.44698795180723,6.5,7.27588235294118,6.99420849420849,48
"49",2005,11,6.96842105263158,19,7.42142857142857,5.7,NA,7.375,6.27142857142857,14,5,0,12,7,448,360,88,4,182,266,7.1,7.27,6.40454545454546,6.5,7.28241758241758,6.97518796992481,49
"50",2005,12,6.89583333333333,24,6.9,6.875,6.5,7.125,6.78125,20,4,1,8,16,472,380,92,5,190,282,7.0896186440678,7.25052631578947,6.425,6.5,7.27578947368421,6.96418439716312,50
"51",2006,1,6.73684210526316,19,7.21428571428571,5.4,NA,6.875,6.63636363636364,14,5,0,8,11,491,394,97,5,198,293,7.07596741344196,7.2492385786802,6.37216494845361,6.5,7.25959595959596,6.9518771331058,51
"52",2006,2,7.13684210526316,19,7.27058823529412,6,NA,7.19090909090909,7.0625,17,2,0,11,8,510,411,99,5,209,301,7.07823529411765,7.25012165450122,6.36464646464646,6.5,7.25598086124402,6.95481727574751,52
"53",2006,3,7.26315789473684,19,7.16666666666667,9,NA,7.22222222222222,7.3,18,1,0,9,10,529,429,100,5,218,311,7.08487712665407,7.24662004662005,6.391,6.5,7.2545871559633,6.96591639871383,53
"54",2006,4,7.44117647058824,17,7.25,8.33333333333333,NA,7.33333333333333,7.46428571428571,14,3,0,3,14,546,443,103,5,221,325,7.0959706959707,7.24672686230248,6.44757281553398,6.5,7.25565610859728,6.98738461538462,54
"55",2006,5,7.14166666666667,12,7.52222222222222,6,NA,6.875,7.675,9,3,0,8,4,558,452,106,5,229,329,7.09695340501792,7.25221238938053,6.43490566037736,6.5,7.24235807860262,6.99574468085106,55
"56",2006,6,6.73076923076923,13,6.73076923076923,NA,NA,6.875,6.66666666666667,13,0,0,4,9,571,465,106,5,233,338,7.08861646234676,7.23763440860215,6.43490566037736,6.5,7.23605150214592,6.98698224852071,56
"57",2006,7,7.175,20,7.52777777777778,4,NA,7.33333333333333,7.04545454545455,18,2,0,9,11,591,483,108,5,242,349,7.09153976311337,7.24844720496894,6.38981481481482,6.5,7.2396694214876,6.98882521489971,57
"58",2006,8,7.16666666666667,27,7.45454545454545,5.9,8,7.13636363636364,7.1875,22,5,1,11,16,618,505,113,6,253,365,7.09482200647249,7.25742574257426,6.36814159292035,6.75,7.23517786561265,6.99753424657534,58
"59",2006,9,6.45454545454545,22,7.11764705882353,4.2,NA,7.18181818181818,5.72727272727273,17,5,0,11,11,640,522,118,6,264,376,7.0728125,7.25287356321839,6.27627118644068,6.75,7.23295454545454,6.96037234042553,59
"60",2006,10,7.225,20,7.38235294117647,6.33333333333333,NA,7.16666666666667,7.27272727272727,17,3,0,9,11,660,539,121,6,273,387,7.07742424242424,7.2569573283859,6.27768595041322,6.75,7.23076923076923,6.96925064599483,60
"61",2006,11,7.19545454545455,22,7.46111111111111,6,6,6.7,7.53846153846154,18,4,1,9,13,682,557,125,7,282,400,7.08123167155425,7.26355475763016,6.2688,6.64285714285714,7.21382978723404,6.98775,61
"62",2006,12,6.66176470588235,34,7.16666666666667,4.71428571428571,NA,6.625,6.68181818181818,27,7,0,12,22,716,584,132,7,294,422,7.06131284916201,7.25907534246575,6.18636363636364,6.64285714285714,7.18979591836735,6.9718009478673,62
"63",2007,1,6.86904761904762,42,6.9625,5,NA,7,6.82258064516129,40,2,0,11,31,758,624,134,7,305,453,7.05065963060686,7.2400641025641,6.16865671641791,6.64285714285714,7.18295081967213,6.96158940397351,63
"64",2007,2,6.97569107142857,28,7.25238095238095,6.14562142857143,NA,7.28571428571429,6.87235,21,7,0,7,21,786,645,141,7,312,474,7.04798899491094,7.24046511627907,6.16751312056738,6.64285714285714,7.18525641025641,6.95763575949367,64
"65",2007,3,6.92666666666667,30,7.2,5.83333333333333,6,6.77777777777778,6.99047619047619,24,6,2,9,21,816,669,147,9,321,495,7.04352861519608,7.2390134529148,6.1538731292517,6.5,7.17383177570094,6.95902898989899,65
"66",2007,4,6.81833333333333,30,7.102,5.4,NA,7.4375,6.59318181818182,25,5,0,8,22,846,694,152,9,329,517,7.03554296690307,7.23407780979827,6.12907467105263,6.5,7.18024316109423,6.94346102514507,66
"67",2007,5,6.92758620689655,29,7.07916666666667,6.2,NA,7.61111111111111,6.62,24,5,0,9,20,875,718,157,9,338,537,7.03196497142857,7.22889972144847,6.13133343949045,6.5,7.19171597633136,6.93141405959032,67
"68",2007,6,6.87833333333333,30,7.086,5.84,NA,6.95,6.79642857142857,25,5,0,16,14,905,743,162,9,354,551,7.02687220994475,7.22409152086137,6.12234166666667,6.5,7.18079096045198,6.92798430127042,68
"69",2007,7,7.35769230769231,26,7.42916666666667,6.5,NA,7.4375,7.32222222222222,24,2,0,8,18,931,767,164,9,362,569,7.03611100966703,7.23050847457627,6.12694725609756,6.5,7.18646408839779,6.94045579964851,69
"70",2007,8,6.89423076923077,26,7.09782608695652,5.33333333333333,NA,7.525,6.5,23,3,0,10,16,957,790,167,9,372,585,7.03225637408569,7.22664556962025,6.11269071856287,6.5,7.19556451612903,6.92840914529915,70
"71",2007,9,7.09375,32,7.42,5.92857142857143,NA,7.5,6.88095238095238,25,7,0,11,21,989,815,174,9,383,606,7.03424605662285,7.23257668711656,6.10528362068966,6.5,7.20430809399478,6.9267646039604,71
"72",2007,10,7.425,20,7.47222222222222,7,NA,7.40909090909091,7.44444444444444,18,2,0,11,9,1009,833,176,9,394,615,7.0419914271556,7.23775510204082,6.11545085227273,6.5,7.21002538071066,6.93434040650407,72
"73",2007,11,6.92083333333333,24,6.91764705882353,6.92857142857143,5.5,6.85714285714286,7.01,17,7,2,14,10,1033,850,183,11,408,625,7.03917652468538,7.23135294117647,6.14655382513661,6.31818181818182,7.19791666666667,6.93555096,73
"74",2007,12,6.67592592592593,54,6.85897435897436,6.2,5.75,6.6875,6.66666666666667,39,15,2,24,30,1087,889,198,13,432,655,7.02113095676173,7.21501687289089,6.15060277777778,6.23076923076923,7.16956018518519,6.92323564885496,74
"75",2008,1,6.89886363636364,44,7.22878787878788,5.90909090909091,NA,7.03863636363636,6.75909090909091,33,11,0,22,22,1131,922,209,13,454,677,7.0163743147657,7.21550976138829,6.13789162679426,6.23076923076923,7.16321585903084,6.91790155096012,75
"76",2008,2,7.375,32,7.63461538461539,6.25,7,8,6.82352941176471,26,6,1,15,17,1163,948,215,14,469,694,7.02624191745486,7.22700421940928,6.14102023255814,6.28571428571429,7.18997867803838,6.91558984149856,76
"77",2008,3,7.2974358974359,39,7.503125,6.35714285714286,7,7.36111111111111,7.24285714285714,32,7,1,18,21,1202,980,222,15,487,715,7.03504105657238,7.23602040816327,6.14783490990991,6.33333333333333,7.19630390143737,6.92520188811189,77
"78",2008,4,6.90111111111111,27,6.95,6.76142857142857,10,7.28571428571429,6.7665,20,7,1,7,20,1229,1000,229,16,494,735,7.03209873881204,7.2303,6.16659104803494,6.5625,7.19757085020243,6.92088346938776,78
"79",2008,5,6.64814814814815,27,7.125,5.28571428571429,6,6.42307692307692,6.85714285714286,20,7,1,13,14,1256,1020,236,17,507,749,7.02384502388535,7.22823529411765,6.14046334745763,6.52941176470588,7.17771203155819,6.91969205607477,79
"80",2008,6,6.74,25,7.02272727272727,4.66666666666667,NA,6.86363636363636,6.64285714285714,22,3,0,11,14,1281,1042,239,17,518,763,7.01830550351288,7.22389635316699,6.12196380753138,6.52941176470588,7.17104247104247,6.9146125163827,80
"81",2008,7,6.49,25,6.6125,6,5,7.03571428571429,6.27777777777778,20,5,1,7,18,1306,1062,244,18,525,781,7.00819245788668,7.21238229755179,6.11946454918033,6.44444444444444,7.16923809523809,6.89993514724712,81
"82",2008,8,6.72307692307692,26,6.83913043478261,5.83333333333333,6,6.14285714285714,6.93684210526316,23,3,1,7,19,1332,1085,247,19,532,800,7.00262713963964,7.20447004608295,6.11598927125506,6.42105263157895,7.15573308270677,6.9008116875,82
"83",2008,9,7.14814814814815,27,7.33333333333333,6.5,NA,7,7.22222222222222,21,6,0,9,18,1359,1106,253,19,541,818,7.00551828550405,7.20691681735986,6.12509624505929,6.42105263157895,7.15314232902033,6.90788429095355,83
"84",2008,10,6.7125,16,6.76153846153846,6.5,7.5,6.3,6.9,13,3,1,5,11,1375,1119,256,20,546,829,7.00210861818182,7.20174262734584,6.1294896484375,6.475,7.14532967032967,6.90777967430639,84
"85",2008,11,7.04666666666667,30,7.05,7,NA,7.33333333333333,6.975,28,2,0,6,24,1405,1147,258,20,552,853,7.00306003558719,7.19803836094159,6.13623779069767,6.475,7.1473731884058,6.90967098475967,85
"86",2008,12,7,32,7,7,NA,7.04545454545455,6.97619047619048,27,5,0,11,21,1437,1174,263,20,563,874,7.00299189283229,7.19348381601363,6.15265912547529,6.475,7.14538188277087,6.9112692791762,86
"87",2009,1,6.75227272727273,44,7.28235294117647,4.95,6.5,6.87692307692308,6.7,34,10,2,13,31,1481,1208,273,22,576,905,6.99554311276165,7.19598509933775,6.10860567765568,6.47727272727273,7.13932291666667,6.90403243093923,87
"88",2009,2,6.64545454545455,55,7.13125,5.9695652173913,5,7.16666666666667,6.32352941176471,32,23,5,21,34,1536,1240,296,27,597,939,6.98300738932292,7.19431451612903,6.09780185810811,6.2037037037037,7.14028475711893,6.88301315228967,88
"89",2009,3,6.85294117647059,51,6.98484848484848,6.61111111111111,4,7,6.81707317073171,33,18,3,10,41,1587,1273,314,30,607,980,6.97882756773787,7.1888845247447,6.12722722929936,5.98333333333333,7.13797364085667,6.88025443877551,89
"90",2009,4,7.06229508196721,61,7.40263157894737,6.5,NA,7.36190476190476,6.905,38,23,0,21,40,1648,1311,337,30,628,1020,6.98191708131068,7.19508009153318,6.15266869436202,5.98333333333333,7.14546178343949,6.88122485294118,90
"91",2009,5,6.6,40,7.01785714285714,5.625,7,7,6.48387096774194,28,12,2,9,31,1688,1339,349,32,637,1051,6.97286691350711,7.19137415982076,6.13452535816619,6.046875,7.14340659340659,6.86950461465271,91
"92",2009,6,7.09880952380952,42,7.25,6.87647058823529,NA,7.52666666666667,6.86111111111111,25,17,0,15,27,1730,1364,366,32,652,1078,6.97592447976879,7.19244868035191,6.16898729508197,6.046875,7.15222392638037,6.8692943877551,92
"93",2009,7,6.89130434782609,46,7.03030303030303,6.53846153846154,6.5,6.65,6.95833333333333,33,13,2,10,36,1776,1397,379,34,662,1114,6.97373274211712,7.18861846814603,6.18166055408971,6.07352941176471,7.14463746223565,6.87217176840216,93
"94",2009,8,6.68611111111111,36,6.868,6.27272727272727,NA,6.14285714285714,6.81724137931035,25,11,0,7,29,1812,1422,390,34,669,1143,6.96801840507726,7.18298171589311,6.1842291025641,6.07352941176471,7.13415545590433,6.8707780839895,94
"95",2009,9,6.95,46,7.27142857142857,6.45,7.5,7.66666666666667,6.77567567567568,28,18,2,9,37,1858,1450,408,36,678,1180,6.96757230893434,7.18468965517242,6.19595428921569,6.15277777777778,7.14122418879056,6.86779605932203,95
"96",2009,10,6.94459459459459,37,7.525,6.26176470588235,6,7.22,6.84259259259259,20,17,2,10,27,1895,1470,425,38,688,1207,6.96712366754617,7.18931972789116,6.19858670588235,6.14473684210526,7.14236918604651,6.86723227009113,96
"97",2009,11,6.89893617021277,47,7.01515151515152,6.625,6.16666666666667,7.26666666666667,6.7265625,33,14,3,15,32,1942,1503,439,41,703,1239,6.96547340370752,7.18549567531604,6.21218530751708,6.14634146341463,7.1450213371266,6.86359915254237,97
"98",2009,12,7.23658536585366,41,7.3962962962963,6.92857142857143,NA,7.38888888888889,7.19375,27,14,0,9,32,1983,1530,453,41,712,1271,6.97107884518407,7.18921568627451,6.23432527593819,6.14634146341463,7.14810393258427,6.87191136900079,98
"99",2010,1,7.015,60,7.25,6.36875,NA,7,7.02093023255814,44,16,0,17,43,2043,1574,469,41,729,1314,6.97236874694077,7.19091486658196,6.23891119402985,6.14634146341463,7.14465020576132,6.87678793759513,99
"100",2010,2,7.540625,32,7.5125,7.625,NA,8,7.43461538461538,24,8,0,6,26,2075,1598,477,41,735,1340,6.98113221686747,7.19574468085107,6.26215796645702,6.14634146341463,7.15163265306122,6.88761145522388,100
"101",2010,3,7.33333333333333,27,7.89473684210526,6,6,7.77777777777778,7.11111111111111,19,8,2,9,18,2102,1617,485,43,744,1358,6.98565620837298,7.20395794681509,6.25783371134021,6.13953488372093,7.15920698924731,6.89057389543446,101
"102",2010,4,7.16935483870968,31,7.56944444444444,6.61538461538461,7.35,7.85,7.03846153846154,18,13,2,5,26,2133,1635,498,45,749,1384,6.98832599624941,7.20798165137615,6.26716736947791,6.19333333333333,7.16381842456609,6.89335213150289,102
"103",2010,5,7.21428571428571,28,7.02105263157895,7.62222222222222,NA,7.5,7.05555555555556,19,9,0,10,18,2161,1654,507,45,759,1402,6.99125374826469,7.20583434099154,6.29122159763314,6.19333333333333,7.16824769433465,6.89543462910128,103
"104",2010,6,7.01785714285714,28,7.26190476190476,6.28571428571429,NA,7.08333333333333,7,21,7,0,6,22,2189,1675,514,45,765,1424,6.99159403837369,7.20653731343284,6.29114659533074,6.19333333333333,7.1675816993464,6.89705010533708,104
"105",2010,7,6.78289473684211,38,6.99074074074074,6.27272727272727,9,7.33333333333333,6.61206896551724,27,11,1,9,29,2227,1702,525,46,774,1453,6.98803293668612,7.20311398354877,6.29076066666667,6.25434782608696,7.16950904392765,6.89136225051617,105
"106",2010,8,6.75967741935484,31,6.75,6.775,NA,6.655,6.80952380952381,19,12,0,10,21,2258,1721,537,46,784,1474,6.98489785208149,7.19811156304474,6.30158165735568,6.25434782608696,7.16294642857143,6.89019630257802,106
"107",2010,9,6.90689655172414,29,7.27272727272727,5.75714285714286,4.5,6.36363636363636,7.23888888888889,22,7,2,11,18,2287,1743,544,48,795,1492,6.98390876694359,7.19905335628227,6.29457601102941,6.18125,7.15188679245283,6.89440304959785,107
"108",2010,10,6.97619047619048,21,7.2,6.41666666666667,NA,7.2,6.90625,15,6,0,5,16,2308,1758,550,48,800,1508,6.98383853986135,7.1990614334471,6.29590790909091,6.18125,7.1521875,6.89452874668435,108
"109",2010,11,6.79078947368421,38,7.15,6.296875,6.5,7.11111111111111,6.69137931034483,22,16,2,9,29,2346,1780,566,50,809,1537,6.98071157289002,7.19845505617978,6.29593524734982,6.194,7.1517305315204,6.89069573845153,109
"110",2010,12,6.57272727272727,33,6.44761904761905,6.79166666666667,7,6.98,6.5,21,12,1,5,28,2379,1801,578,51,814,1565,6.97505226986129,7.18970016657413,6.30622724913495,6.20980392156863,7.15067567567568,6.88370565495208,110
"111",2011,1,6.81081081081081,37,6.98275862068965,6.1875,NA,7.16666666666667,6.69642857142857,29,8,0,9,28,2416,1830,586,51,823,1593,6.97253698261589,7.18642076502732,6.30460639931741,6.20980392156863,7.15085054678007,6.88041390458255,111
"112",2011,2,6.60217391304348,46,6.76153846153846,5.71428571428571,NA,7.18181818181818,6.42,39,7,0,11,35,2462,1869,593,51,834,1628,6.96561712022746,7.17755484216158,6.29763802698145,6.20980392156863,7.15125899280576,6.87051557125307,112
"113",2011,3,7.06971428571429,35,7.26833333333333,6.63636363636364,NA,7.64285714285714,6.92642857142857,24,11,0,7,28,2497,1893,604,51,841,1656,6.96707623147777,7.178705758056,6.30380687086093,6.20980392156863,7.15535077288942,6.87146096014493,113
"114",2011,4,7.41379310344828,29,7.73888888888889,6.88181818181818,7,7.96666666666667,7.165,18,11,1,9,20,2526,1911,615,52,850,1676,6.97220480997625,7.18398220826792,6.31414528455285,6.225,7.16394117647059,6.87496381264916,114
"115",2011,5,6.96,25,7.38235294117647,6.0625,NA,7.33333333333333,6.75,17,8,0,9,16,2551,1928,623,52,859,1692,6.97208520188161,7.18573132780083,6.31091388443018,6.225,7.16571594877765,6.87378212174941,115
"116",2011,6,7.00666666666667,30,6.985,7.05,NA,6.8375,7.06818181818182,20,10,0,8,22,2581,1948,633,52,867,1714,6.97248715614103,7.1836704312115,6.32258981042654,6.225,7.16268742791234,6.87627733372229,116
"117",2011,7,7.26428571428571,35,7.5462962962963,6.3125,6.5,8.11538461538461,6.76136363636364,27,8,2,13,22,2616,1975,641,54,880,1736,6.97639118883792,7.18862784810127,6.32246388455538,6.23518518518518,7.17676136363636,6.87482105414747,117
"118",2011,8,6.88148148148148,27,7.71111111111111,5.22222222222222,5,6.97777777777778,6.83333333333333,18,9,2,9,18,2643,1993,650,56,889,1754,6.9754216231555,7.19334671349724,6.30722976923077,6.19107142857143,7.17474690663667,6.87439529646522,118
"119",2011,9,6.91666666666667,24,7.22222222222222,6,6.5,7,6.90909090909091,18,6,2,2,22,2667,2011,656,58,891,1776,6.97489289463817,7.19360517155644,6.30441974085366,6.20172413793103,7.17435465768799,6.87482508445946,119
"120",2011,10,7.359375,32,7.20588235294118,7.53333333333333,6,6.8,7.46296296296296,17,15,1,5,27,2699,2028,671,59,896,1803,6.97945140792886,7.19370808678501,6.33189172876304,6.19830508474576,7.172265625,6.88363247365502,120
"121",2011,11,7.53939393939394,33,7.8,6.57142857142857,NA,8,7.49333333333333,26,7,0,3,30,2732,2054,678,59,899,1833,6.98621498901903,7.20138266796495,6.33436482300885,6.19830508474576,7.17502780867631,6.8936112111293,121
"122",2011,12,7.23170731707317,41,7.33939393939394,6.7875,6.4,7,7.27142857142857,33,8,2,6,35,2773,2087,686,61,905,1868,6.98984469888208,7.20356492573072,6.33964919825073,6.20491803278689,7.17386740331492,6.90069023019272,122
"123",2012,1,6.73666666666667,57,7.04853658536585,5.9375,4.5,7.17785714285714,6.59302325581395,41,16,2,14,43,2830,2128,702,63,919,1911,6.98474535335689,7.2005780075188,6.3304834045584,6.15079365079365,7.1739281828074,6.89376732077446,123
"124",2012,2,6.9258064516129,31,7.235,6.36363636363636,6,6.91538461538462,6.93333333333333,20,11,1,13,18,2861,2148,713,64,932,1929,6.98410672841664,7.20089851024209,6.33099488078541,6.1484375,7.17032188841202,6.89413652151374,124
"125",2012,3,6.7972972972973,37,7.08,6.20833333333333,5,6.25,6.90322580645161,25,12,2,6,31,2898,2173,725,66,938,1960,6.98172165286404,7.19950759318914,6.32896462068966,6.11363636363636,7.16443496801706,6.89428028061224,125
"126",2012,4,6.91666666666667,30,7.21739130434783,5.92857142857143,3,6.85714285714286,6.93478260869565,23,7,1,7,23,2928,2196,732,67,945,1983,6.98105510587432,7.19969489981785,6.32513572404372,6.06716417910448,7.16215873015873,6.89475005042864,126
"127",2012,5,6.55555555555556,36,7.1304347826087,5.53846153846154,5,7,6.46666666666667,23,13,1,6,30,2964,2219,745,68,951,2013,6.9758870951417,7.19897701667418,6.31140852348993,6.05147058823529,7.1611356466877,6.88837026825633,127
"128",2012,6,6.90740740740741,27,6.975,6.71428571428571,NA,6.625,6.95652173913043,20,7,0,4,23,2991,2239,752,68,955,2036,6.97526892343698,7.19697632871818,6.31515871010638,6.05147058823529,7.15889005235602,6.88914015225933,128
"129",2012,7,7.17631578947368,38,7.31034482758621,6.74444444444444,2.2,7.91666666666667,7.0375,29,9,1,6,32,3029,2268,761,69,961,2068,6.97779113568835,7.19842592592593,6.32023567674113,5.99565217391304,7.16362122788762,6.89143585589942,129
"130",2012,8,7.08285714285714,35,7.5625,6.03636363636364,6.25,7.21818181818182,7.02083333333333,24,11,2,11,24,3064,2292,772,71,972,2092,6.97899130221932,7.20223821989529,6.31619086787565,6.00281690140845,7.16423868312757,6.89292033938814,130
"131",2012,9,7.21428571428571,21,7.075,10,10,6.66666666666667,7.30555555555556,20,1,1,3,18,3085,2312,773,72,975,2110,6.9805929821718,7.2011375432526,6.3209564683053,6.05833333333333,7.16270769230769,6.89644045023697,131
"132",2012,10,7.31756756756757,37,7.62037037037037,6.5,NA,7.35,7.30555555555556,27,10,0,10,27,3122,2339,783,72,985,2137,6.98458659513133,7.20597691321078,6.32324310344828,6.05833333333333,7.16460913705584,6.90160942910622,132
"133",2012,11,6.43103448275862,29,6.68421052631579,5.95,3,5.5,6.58,19,10,1,4,25,3151,2358,793,73,989,2162,6.97949201840686,7.20177268871926,6.31853638083228,6.01643835616438,7.15787664307381,6.89789054116559,133
"134",2012,12,7.34523809523809,42,7.59677419354839,6.63636363636364,4,7.71666666666667,7.19666666666667,31,11,1,12,30,3193,2389,804,74,1001,2192,6.98430295959912,7.20689828380075,6.32288476368159,5.98918918918919,7.16457542457542,6.90197963047445,134
"135",2013,1,6.88125,48,7.0741935483871,6.52941176470588,7,4.75,6.97391304347826,31,17,1,2,46,3241,2420,821,75,1003,2238,6.9827767201481,7.20519834710744,6.32716120584653,6.00266666666667,7.15976071784646,6.90345815460232,135
"136",2013,2,6.91315789473684,38,7.15217391304348,6.54666666666667,6.5,6.3125,7.07333333333333,23,15,3,8,30,3279,2443,836,78,1011,2268,6.98196991460811,7.20469914040115,6.33109970095694,6.02179487179487,7.15305637982196,6.90570518077601,136
"137",2013,3,7.12738095238095,42,7.92037037037037,5.7,6,7.6875,6.99558823529412,27,15,1,8,34,3321,2470,851,79,1019,2302,6.98380889792231,7.21252226720648,6.31997573443008,6.02151898734177,7.1572522080471,6.9070327324066,137
"138",2013,4,7.0325,40,7.11785714285714,6.83333333333333,5,6.98888888888889,7.04516129032258,28,12,1,9,31,3361,2498,863,80,1028,2333,6.9843883814341,7.21146116893515,6.32711396292005,6.00875,7.15577821011673,6.90886813116159,138
"139",2013,5,7.2,30,7.60869565217391,5.85714285714286,NA,7,7.25,23,7,0,6,24,3391,2521,870,80,1034,2357,6.98629588616927,7.21508528361761,6.3233325862069,6.00875,7.15487427466151,6.9123416843445,139
"140",2013,6,7.24571428571429,35,7.67083333333333,6.31818181818182,NA,6.93333333333333,7.31034482758621,24,11,0,6,29,3426,2545,881,80,1040,2386,6.9889461033275,7.21938310412574,6.32326827468785,6.00875,7.15359615384615,6.91717910729254,140
"141",2013,7,6.55434782608696,46,7.12096774193548,5.38333333333333,6,6.27083333333333,6.65441176470588,31,15,1,12,34,3472,2576,896,81,1052,2420,6.98318817684332,7.21819875776397,6.30753275669643,6.00864197530864,7.14352661596958,6.91348733471074,141
"142",2013,8,6.71875,32,6.86363636363636,6.4,NA,6.41666666666667,6.78846153846154,22,10,0,6,26,3504,2598,906,81,1058,2446,6.9807732163242,7.21519630484988,6.30855336644592,6.00864197530864,7.139404536862,6.91215836058872,142
"143",2013,9,6.68809523809524,42,6.84193548387097,6.25454545454545,6,6.66428571428571,6.7,31,11,1,14,28,3546,2629,917,82,1072,2474,6.97730664128596,7.2107949790795,6.30790550708833,6.00853658536585,7.13319962686567,6.90975721503638,143
"144",2013,10,7.08333333333333,30,7.06521739130435,7.14285714285714,4,7.5,7,23,7,1,5,25,3576,2652,924,83,1077,2499,6.97819612695749,7.20953242835596,6.3142308982684,5.98433734939759,7.13490250696379,6.9106600040016,144
"145",2013,11,6.83888888888889,45,7.01923076923077,6.59210526315789,NA,6.625,6.88513513513514,26,19,0,8,37,3621,2678,943,83,1085,2536,6.97646488539078,7.20768483943241,6.31982963944857,5.98433734939759,7.13114285714286,6.91028759858044,145
"146",2013,12,6.89545454545455,44,7.246875,5.95833333333333,NA,7.10769230769231,6.80645161290323,32,12,0,13,31,3665,2710,955,83,1098,2567,6.97549231923602,7.20814760147601,6.31528727748691,5.98433734939759,7.13086520947177,6.90903363848851,146
"147",2014,1,7.53898305084746,59,7.62830188679245,6.75,NA,7.59090909090909,7.52708333333333,53,6,0,11,48,3724,2763,961,83,1109,2615,6.98441980397422,7.2162070213536,6.31800140478668,5.98433734939759,7.13542831379621,6.92037833652007,147
"148",2014,2,6.355,40,7.05714285714286,5.57894736842105,5.5,7.9,6.13428571428571,21,19,2,5,35,3764,2784,980,85,1114,2650,6.97773096439958,7.21500718390805,6.30367280612245,5.97294117647059,7.13885996409336,6.90999598113207,148
"149",2014,3,7.28846153846154,26,7.5,6.4,4,6.5,7.32,21,5,1,1,25,3790,2805,985,86,1115,2675,6.97986262532982,7.21714081996435,6.30416177664975,5.95,7.13828699551569,6.91382779439252,149
"150",2014,4,7.25566666666667,30,7.221875,7.29428571428571,8,8.16,7.0748,16,14,1,5,25,3820,2821,999,87,1120,2700,6.98202862565445,7.21716767103864,6.31803738738739,5.97356321839081,7.14284821428571,6.91531827777778,150
"151",2014,5,7.09523809523809,42,7.42592592592593,6.5,5.33333333333333,6.5,7.15789473684211,27,15,3,4,38,3862,2848,1014,90,1124,2738,6.98325980062144,7.21914676966292,6.32072914201183,5.95222222222222,7.14056049822064,6.91868493425858,151
"152",2014,6,7.03571428571429,28,7.2,5.66666666666667,NA,7.21428571428571,6.97619047619048,25,3,0,7,21,3890,2873,1017,90,1131,2759,6.98363736503856,7.21898016011138,6.31879975417896,5.95222222222222,7.14101679929266,6.91912263501268,152
"153",2014,7,7.09090909090909,44,7.44827586206897,6.4,6.75,7.58333333333333,7.01315789473684,29,15,4,6,38,3934,2902,1032,94,1137,2797,6.98483715048297,7.22127153687112,6.31997999031008,5.98617021276596,7.14335092348285,6.92040019663925,153
"154",2014,8,6.49468085106383,47,7.11029411764706,4.88461538461539,7,7.1875,6.3525641025641,34,13,1,8,39,3981,2936,1045,95,1145,2836,6.97905032655112,7.2199863760218,6.30212377990431,5.99684210526316,7.14365938864629,6.91259144922426,154
"155",2014,9,7.45652173913043,23,7.8125,6.64285714285714,4.5,7.33333333333333,7.475,16,7,1,3,20,4004,2952,1052,96,1148,2856,6.98179304445554,7.22319783197832,6.30439101711027,5.98125,7.14415505226481,6.91652988445378,155
"156",2014,10,7.31481481481481,27,7.3695652173913,7,NA,6.83333333333333,7.45238095238095,23,4,0,6,21,4031,2975,1056,96,1154,2877,6.9840236541801,7.2243294117647,6.30702589962121,5.98125,7.14253899480069,6.92044120611748,156
"157",2014,11,6.83469387755102,49,7.18235294117647,6.04666666666667,5.85,7.5875,6.68780487804878,34,15,2,8,41,4080,3009,1071,98,1162,2918,6.98223023284314,7.22385510136258,6.30337941176471,5.97857142857143,7.14560240963855,6.9171724982865,157
"158",2014,12,6.94310344827586,58,7.16511627906977,6.30666666666667,5.86666666666667,7.1,6.91041666666667,43,15,3,10,48,4138,3052,1086,101,1172,2966,6.98168181488642,7.22302752293578,6.30342481583794,5.97524752475248,7.1452133105802,6.91706316587997,158
"159",2015,1,7.055,50,7.30487804878049,5.91666666666667,NA,7.95833333333333,6.76973684210526,41,9,0,12,38,4188,3093,1095,101,1184,3004,6.98255715138491,7.22411251212415,6.30024598173516,5.97524752475248,7.15345439189189,6.91519951731025,159
"160",2015,2,7.06022727272727,44,7.06060606060606,7.05909090909091,NA,7.44375,6.975,33,11,0,8,36,4232,3126,1106,101,1192,3040,6.98336468572779,7.22238643634037,6.30779326401447,5.97524752475248,7.15540268456376,6.91590768092105,160
"161",2015,3,6.87755102040816,49,7,6.4,4.5,7.375,6.78048780487805,39,10,2,8,41,4281,3165,1116,103,1200,3081,6.9821535505723,7.21964612954186,6.30861948924731,5.94660194174757,7.15686666666666,6.91410559883155,161
"162",2015,4,7.37194444444444,36,7.78047619047619,6.8,7,9.4,7.04483870967742,21,15,2,5,31,4317,3186,1131,105,1205,3112,6.98540406532314,7.22334274952919,6.31513647214854,5.96666666666667,7.16617427385892,6.91540788881748,162
"163",2015,5,6.48076923076923,26,7.07142857142857,5.79166666666667,NA,6.6,6.45238095238095,14,12,0,5,21,4343,3200,1143,105,1210,3133,6.98238299562514,7.222678125,6.30964072615923,5.96666666666667,7.1638347107438,6.91230429300989,163
"164",2015,6,6.77428571428571,35,7.00434782608696,6.33333333333333,2,7,6.72758620689655,23,12,1,6,29,4378,3223,1155,106,1216,3162,6.98071935815441,7.22112007446478,6.30988688311688,5.92924528301887,7.16302631578947,6.91061016761543,164
"165",2015,7,7.11190476190476,42,7.2969696969697,6.43333333333333,6.9,7.6,7.04594594594595,33,9,1,5,37,4420,3256,1164,107,1221,3199,6.98196591628959,7.22188882063882,6.31084136597938,5.93831775700935,7.16481572481572,6.91217547671147,165
"166",2015,8,6.99056603773585,53,7.25135135135135,6.3875,5.7,7.04545454545455,6.97619047619048,37,16,1,11,42,4473,3293,1180,108,1232,3241,6.98206781801923,7.22221986030975,6.31188080508474,5.93611111111111,7.16375,6.91300504473928,166
"167",2015,9,7.22028571428571,35,7.20458333333333,7.25454545454545,NA,7.01428571428571,7.27178571428571,24,11,0,7,28,4508,3317,1191,108,1239,3269,6.98391733584738,7.22209225203497,6.32058719563392,5.93611111111111,7.16290556900726,6.91607811257265,167
"168",2015,10,6.76083333333333,24,7.07411764705882,6,5,6.75,6.76625,17,7,1,8,16,4532,3334,1198,109,1247,3285,6.98273595542807,7.22133773245351,6.31871398163606,5.92752293577982,7.16025661587811,6.91534835616438,168
"169",2015,11,7.06976744186047,43,7.22058823529412,6.5,5,8.2,6.92105263157895,34,9,1,5,38,4575,3368,1207,110,1252,3323,6.98355395628415,7.22133016627078,6.32006574150787,5.91909090909091,7.1644089456869,6.91541358712007,169
"170",2015,12,7.03829787234043,47,7.14242424242424,6.79285714285714,NA,7.51666666666667,6.96829268292683,33,14,0,6,41,4622,3401,1221,110,1258,3364,6.98411063392471,7.22056453984122,6.32548677313677,5.91909090909091,7.16608903020668,6.91605807074911,170
"171",2016,1,7.24921875,64,7.61509433962264,5.48636363636364,5.425,7.23333333333333,7.25408163265306,53,11,2,15,49,4686,3454,1232,112,1273,3413,6.98773140204866,7.2266184134337,6.31799460227273,5.91026785714286,7.16688138256088,6.92091103135072,171
"172",2016,2,6.7875,52,7.10625,6.2775,5.5,6.35833333333333,6.84347826086957,32,20,1,6,46,4738,3486,1252,113,1279,3459,6.98553384339384,7.22551348250143,6.31734772364217,5.90663716814159,7.16308835027365,6.91988128071697,172
"173",2016,3,6.7125,40,7.05185185185185,6.00769230769231,6,6.38636363636364,6.83620689655172,27,13,1,11,29,4778,3513,1265,114,1290,3488,6.98324808497279,7.22417876458867,6.31416549407115,5.90745614035088,7.15646511627907,6.9191855934633,173
"174",2016,4,7.16666666666667,39,7.48148148148148,6.45833333333333,5,8.42857142857143,6.890625,27,12,1,7,32,4817,3540,1277,115,1297,3520,6.98473310151547,7.22614124293785,6.31552024275646,5.89956521739131,7.16333076329992,6.91892595170454,174
"175",2016,5,7.32470588235294,51,7.52717948717949,6.66666666666667,7.5,7.48571428571429,7.29909090909091,39,12,1,7,44,4868,3579,1289,116,1304,3564,6.98829485414955,7.22942162615256,6.31878925523662,5.91336206896552,7.16506134969325,6.92361934624018,175
"176",2016,6,7.43396226415094,53,7.44736842105263,7.4,7,6.61111111111111,7.60227272727273,38,15,1,9,44,4921,3617,1304,117,1313,3608,6.99309476732371,7.23171136300802,6.33122649539877,5.92264957264957,7.16126428027418,6.93189560698448,176
"177",2016,7,7.21111111111111,45,7.25,7.09090909090909,NA,7.55555555555556,7.125,34,11,0,9,36,4966,3651,1315,117,1322,3644,6.99507034836891,7.23188167625308,6.33758125475285,5.92264957264957,7.16394856278366,6.93380333424808,177
"178",2016,8,7.21578947368421,57,7.32888888888889,6.79166666666667,6,7.42857142857143,7.186,45,12,1,7,50,5023,3696,1327,118,1329,3694,6.99757502488553,7.23306277056277,6.34168752825923,5.92330508474576,7.1653423626787,6.9372169328641,178
"179",2016,9,7.48367346938775,49,7.68823529411765,7.02,NA,8.78,7.33636363636364,34,15,0,5,44,5072,3730,1342,118,1334,3738,7.00227116522082,7.23721179624665,6.34926926229508,5.92330508474576,7.17139430284857,6.94191528892456,179
"180",2016,10,7.09803921568627,51,7.3030303030303,6.72222222222222,6.5,7.5,7.03409090909091,33,18,2,7,44,5123,3763,1360,120,1341,3782,7.00322454616436,7.23778899813978,6.35420540441176,5.93291666666667,7.1731096196868,6.94298766525648,180
"181",2016,11,6.91615384615385,52,7.13756097560976,6.09090909090909,8,6.42857142857143,6.992,41,11,1,7,45,5175,3804,1371,121,1348,3827,7.00234963285024,7.2367087276551,6.35209288840262,5.95,7.16924332344214,6.9435639796185,181
"182",2016,12,7.27731818181818,44,7.3938125,6.96666666666667,NA,7.63636363636364,7.15763636363636,32,12,0,11,33,5219,3836,1383,121,1359,3860,7.00466781950565,7.23801929092805,6.35742541576283,5.95,7.1730242825607,6.94539413212435,182
"183",2017,1,7.12921348314607,89,7.48412698412698,6.26923076923077,5,7.96666666666667,6.95945945945946,63,26,1,15,74,5308,3899,1409,122,1374,3934,7.00675609457423,7.24199589638369,6.35579797728886,5.9422131147541,7.1816885007278,6.9456587061515,183
"184",2017,2,7.2719298245614,57,7.69318181818182,5.84615384615385,5,7.29166666666667,7.26666666666667,44,13,1,12,45,5365,3943,1422,123,1386,3979,7.0095734109972,7.24703068729394,6.35113878340366,5.93455284552846,7.18264069264069,6.94928910530284,184
"185",2017,3,6.92156862745098,51,7.01212121212121,6.75555555555556,7.5,7.15,6.89111111111111,33,18,2,6,45,5416,3976,1440,125,1392,4024,7.00874471011817,7.24508098591549,6.35619399305555,5.9596,7.1825,6.94863850646123,185
"186",2017,4,6.85775862068965,58,7.46527777777778,5.86363636363636,4.75,7.58333333333333,6.77403846153846,36,22,4,6,52,5474,4012,1462,129,1398,4076,7.00714493058093,7.24705682951146,6.34878204514364,5.92209302325582,7.18422031473533,6.94641102796859,186
"187",2017,5,7.68777777777778,45,7.85394736842105,6.78571428571429,NA,8.3,7.61125,38,7,0,5,40,5519,4050,1469,129,1403,4116,7.01269457329226,7.25275111111111,6.35086409121852,5.92209302325582,7.18819672131147,6.95287204810495,187
"188",2017,6,6.98589743589744,39,6.99242424242424,6.95,NA,6.5625,7.03428571428571,33,6,0,4,35,5558,4083,1475,129,1407,4151,7.01250654012234,7.25064707323047,6.35330125423729,5.92209302325582,7.18641791044776,6.95355850397494,188
"189",2017,7,7.39447222222222,36,7.97142857142857,5.375125,NA,9.33333333333333,7.21821212121212,28,8,0,3,33,5594,4111,1483,129,1410,4184,7.01496466750089,7.25555631233277,6.34802451112609,5.92209302325582,7.19098581560283,6.95564587715105,189
"190",2017,8,6.40238095238095,42,7.54166666666667,4.88333333333333,4.66666666666667,6.06666666666667,6.45833333333333,24,18,3,6,36,5636,4135,1501,132,1416,4220,7.01039963626685,7.2572169286578,6.33045992671552,5.89356060606061,7.18622175141243,6.95140340047393,190
"191",2017,9,7.19555555555556,45,7.72121212121212,5.75,7.5,6.6625,7.31081081081081,33,12,2,8,37,5681,4168,1513,134,1424,4257,7.01186628234466,7.2608905950096,6.32585614672835,5.91753731343284,7.18327949438202,6.95452721400047,191
"192",2017,10,7.46527777777778,36,7.72115384615385,6.8,6.33333333333333,6.75,7.5546875,26,10,3,4,32,5717,4194,1523,137,1428,4289,7.01472141857617,7.26374391988555,6.32896936966513,5.92664233576642,7.18206582633053,6.95900497785031,192
"193",2017,11,6.974,50,7.49142857142857,5.76666666666667,5,7.425,6.88809523809524,35,15,1,8,42,5767,4229,1538,138,1436,4331,7.0143683631004,7.26562828091747,6.32348527308192,5.91992753623189,7.18341922005571,6.95831732856153,193
"194",2017,12,7.29423076923077,52,7.53611111111111,6.75,NA,7.71428571428571,7.22888888888889,36,16,0,7,45,5819,4265,1554,138,1443,4376,7.01686928166351,7.26791137162954,6.32787667310167,5.91992753623189,7.18599445599445,6.961099714351,194
"195",2018,1,6.90229885057471,87,7.10483870967742,6.4,7.5,7.86363636363636,6.76315789473684,62,25,1,11,76,5906,4327,1579,139,1454,4452,7.01518156959025,7.26557476311532,6.32901858771374,5.93129496402878,7.19112104539202,6.95772065363881,195
"196",2018,2,7.00243902439024,41,7.10909090909091,6.5625,NA,7.5,6.94864864864865,33,8,0,4,37,5947,4360,1587,139,1458,4489,7.01509371952245,7.26439036697248,6.33019555765595,5.93129496402878,7.19196844993141,6.95764587881488,196
"197",2018,3,7.06904761904762,42,7.38387096774194,6.18181818181818,7,7.41428571428571,7,31,11,1,7,35,5989,4391,1598,140,1465,4524,7.01547209049925,7.26523388749715,6.3291741864831,5.93892857142857,7.19303071672355,6.95797355216622,197
"198",2018,4,7.78023255813954,43,8.35166666666667,6.46153846153846,NA,8.1,7.73815789473684,30,13,0,5,38,6032,4421,1611,140,1470,4562,7.02092379807692,7.27260619769283,6.33024230291744,5.93892857142857,7.1961156462585,6.96447223805348,198
"199",2018,5,6.99868421052632,38,7.70185185185185,5.27272727272727,5,6.5,7.0921875,27,11,1,6,32,6070,4448,1622,141,1476,4594,7.02078457166392,7.27521178057554,6.32307049938348,5.9322695035461,7.19328590785908,6.96536185241619,199
"200",2018,6,7.43666666666667,39,7.86652173913043,6.81875,5.46666666666667,6.583,7.73103448275862,23,16,3,10,29,6109,4471,1638,144,1486,4623,7.0234395727615,7.27825363453366,6.3279123015873,5.92256944444444,7.18917900403768,6.97016490374216,200
"201",2018,7,7.16170212765957,47,7.45172413793103,6.69444444444444,3,8.12222222222222,6.93421052631579,29,18,1,9,38,6156,4500,1656,145,1495,4661,7.02449518356075,7.27937155555555,6.33189634661836,5.90241379310345,7.19479598662207,6.96987177644282,201
"202",2018,8,7.195,46,7.23592592592593,7.13684210526316,NA,7.17,7.19875,27,19,0,6,40,6202,4527,1675,145,1501,4701,7.02575981135118,7.27911243649216,6.34102707462687,5.90241379310345,7.19469686875416,6.97181926185918,202
"203",2018,9,6.38441675,40,6.6384525,5.79166666666667,4.66666666666667,6.38888888888889,6.38311838709677,28,12,3,9,31,6242,4555,1687,148,1510,4732,7.02164995514258,7.27517424149286,6.33711935388263,5.87736486486487,7.1898940397351,6.96796259932375,203
"204",2018,10,6.82352941176471,34,7.05357142857143,5.75,NA,7.33333333333333,6.71428571428571,28,6,0,6,28,6276,4583,1693,148,1516,4760,7.02057664435946,7.27382035129827,6.33503860011813,5.87736486486487,7.1904617414248,6.96647038235294,204
"205",2018,11,6.92840909090909,44,7.2890625,5.96666666666667,NA,7,6.92125,32,12,0,4,40,6320,4615,1705,148,1520,4800,7.01993497151899,7.27392603900325,6.33244595307918,5.87736486486487,7.18996052631579,6.96609354583333,205
"206",2018,12,7.31689655172414,58,7.28468085106383,7.45454545454545,7,8.5,7.1276,47,11,1,8,50,6378,4662,1716,149,1528,4850,7.02263546879899,7.27403446374946,6.3396388986014,5.88489932885906,7.19681937172775,6.96775856082474,206
"207",2019,1,7.34015151515151,66,7.67857142857143,6.36470588235294,6.66666666666667,7.86111111111111,7.2578947368421,49,17,3,9,57,6444,4711,1733,152,1537,4907,7.0258874953445,7.27824212905965,6.33988479515291,5.90032894736842,7.20070917371503,6.97112879967393,207
"208",2019,2,7.19166666666667,48,7.33846153846154,6.55555555555556,NA,7.83636363636364,7,39,9,0,11,37,6492,4750,1742,152,1548,4944,7.02711321934689,7.27873656210526,6.34099905281286,5.90032894736842,7.20522609819121,6.97134486650485,208
"209",2019,3,7.1304347826087,46,7.53787878787879,6.09615384615385,5,7.0625,7.14473684210526,33,13,1,8,38,6538,4783,1755,153,1556,4982,7.02784016824717,7.2805244971775,6.33918538461539,5.89444444444445,7.20449228791774,6.97266740666399,209
"210",2019,4,7.07872093023256,43,7.73793103448276,5.71321428571429,6.66666666666667,6.75,7.1124358974359,29,14,3,4,39,6581,4812,1769,156,1560,5021,7.02817262118219,7.28328110349127,6.33423140192199,5.90929487179487,7.20332692307692,6.97375304122684,210
"211",2019,5,6.85,40,6.94827586206897,6.59090909090909,6,6.85714285714286,6.84848484848485,29,11,1,7,33,6621,4841,1780,157,1567,5054,7.02709621205256,7.28127425531915,6.33581761235955,5.90987261146497,7.20178047223995,6.97293510486743,211
"212",2019,6,7.32166666666667,42,7.45035714285714,7.06428571428571,7,8,7.23,28,14,1,5,37,6663,4869,1794,158,1572,5091,7.02895302716494,7.28224659478332,6.34150242474916,5.91677215189874,7.20431933842239,6.9748033824396,212
"213",2019,7,7.15840909090909,44,7.45064516129032,6.46153846153846,NA,7.62125,7.05555555555556,31,13,0,8,36,6707,4900,1807,158,1580,5127,7.0298022990905,7.28331197346939,6.34236599335916,5.91677215189874,7.20643037974683,6.97537039594304,213
"214",2019,8,7.55205479452055,73,7.76458333333333,7.144,7,7.11111111111111,7.6140625,48,25,1,9,64,6780,4948,1832,159,1589,5191,7.03542537168141,7.28798073362975,6.3533053220524,5.92358490566038,7.20589049716803,6.98324485070314,214
"215",2019,9,7.02946428571429,56,6.98111111111111,7.22727272727273,8,7.45454545454545,6.92555555555556,45,11,1,11,45,6836,4993,1843,160,1600,5236,7.03537653891164,7.28521503504907,6.35852162235486,5.9365625,7.2076,6.98274904889228,215
"216",2019,10,7.48026315789474,38,7.66964285714286,6.95,9,7.77272727272727,7.36111111111111,28,10,1,11,27,6874,5021,1853,161,1611,5263,7.03783590631364,7.2873588269269,6.36171362655154,5.9555900621118,7.21145872129112,6.98469010450313,216
"217",2019,11,6.95533333333333,45,7.34333333333333,6.17933333333333,NA,7.5,6.88725,30,15,0,5,40,6919,5051,1868,161,1616,5303,7.03729932360167,7.28769128291427,6.36024911670236,5.9555900621118,7.21235148514851,6.98395512351499,217
"218",2019,12,7.12857142857143,63,7.25686274509804,6.58333333333333,8,8.83333333333333,6.94912280701754,51,12,2,6,57,6982,5102,1880,163,1622,5360,7.03812289028931,7.28738311838494,6.36167305851064,5.98067484662577,7.2183477188656,6.98358470522388,218
"219",2020,1,7.01567010309278,97,7.60966101694915,6.09342105263158,5.66666666666667,7.33333333333333,6.97082352941176,59,38,3,12,85,7079,5161,1918,166,1634,5445,7.03781523096482,7.29106736485177,6.35635836809176,5.975,7.21919216646267,6.98338549494949,219
"220",2020,2,7.31153846153846,78,7.71206896551724,6.15,6.375,7.79166666666667,7.22424242424242,58,20,4,12,66,7157,5219,1938,170,1646,5511,7.04079838200363,7.29574605671584,6.35422876676987,5.98441176470588,7.22336573511543,6.98627000907276,220
"221",2020,3,7.155,62,7.65275,6.25,8,7.83333333333333,6.9922,40,22,1,12,50,7219,5259,1960,171,1658,5561,7.04177919656462,7.29846143183115,6.35305885204082,5.99619883040936,7.22778045838359,6.98632332673979,221
"222",2020,4,7.38148148148148,54,7.51621621621622,7.08823529411765,7.66666666666667,8.25,7.2304347826087,37,17,3,8,46,7273,5296,1977,174,1666,5607,7.04430139144782,7.29998275490936,6.35938055134041,6.025,7.23268907563025,6.98832602461209,222
"223",2020,5,7.43829787234043,47,7.74444444444444,7.025,6,7.5,7.42926829268293,27,20,1,6,41,7320,5323,1997,175,1672,5648,7.04683115027322,7.3022372102198,6.36604674511768,6.02485714285714,7.23364832535885,6.99152691572238,223
"224",2020,6,7.52777777777778,36,7.64285714285714,7.125,NA,8,7.41379310344828,28,8,0,7,29,7356,5351,2005,175,1679,5677,7.0491848858075,7.30401956082975,6.36907498753117,6.02485714285714,7.23684335914234,6.99368399154483,224
"225",2020,7,6.83046153846154,65,7.16622222222222,6.075,7,6.66666666666667,6.8471186440678,45,20,2,6,59,7421,5396,2025,177,1685,5736,7.04726910389435,7.30287039844329,6.36617054320988,6.03587570621469,7.23481305637982,6.99217643305439,225
"226",2020,8,7.21818181818182,44,7.51818181818182,6.31818181818182,6.5,6.72857142857143,7.31081081081081,33,11,2,7,37,7465,5429,2036,179,1692,5773,7.04827649296718,7.30417916190827,6.36591127210216,6.04106145251397,7.23271867612293,6.99421860730989,226
"227",2020,9,7.04966666666667,48,7.66841379310345,6.10526315789474,7,7.75,6.9096,29,19,1,8,40,7513,5458,2055,180,1700,5813,7.04828537468388,7.30611445034811,6.36350138686131,6.04638888888889,7.23515294117647,6.99363633579907,227
"228",2020,10,7.05907692307692,65,7.41604651162791,6.36136363636364,6.725,7.13,7.04618181818182,43,22,2,10,55,7578,5501,2077,182,1710,5868,7.04837793877012,7.30697376295219,6.36347874337988,6.05384615384616,7.2345380116959,6.99412883776414,228
"229",2020,11,7.38712765957447,94,7.6280303030303,6.81928571428571,6.36,8.23888888888889,7.29694117647059,66,28,4,9,85,7672,5567,2105,186,1719,5953,7.05252841762252,7.31078007364828,6.36954173396675,6.06043010752688,7.23979639325189,6.99845254829498,229
"230",2020,12,7.21375,112,7.60969696969697,6.64565217391304,5.5,6.87368421052632,7.28322580645161,66,46,2,19,93,7784,5633,2151,188,1738,6046,7.05484815262076,7.31428238416474,6.37544646675965,6.05446808510639,7.23579401611047,7.00283295071121,230
"231",2021,1,7.1572641509434,106,7.5556,6.19354838709677,7.5,7.25,7.14197802197802,75,31,1,15,91,7890,5708,2182,189,1753,6137,7.05622408365019,7.3174531657323,6.37286221356554,6.0621164021164,7.23591557330291,7.00489620661561,231
"232",2021,2,6.94154929577465,71,7.48,6.24677419354839,4.66666666666667,7.4,6.83879310344828,40,31,3,13,58,7961,5748,2213,192,1766,6195,7.05520135912573,7.31858431976339,6.37109595571622,6.0403125,7.23712344280861,7.00334108474576,232
"233",2021,3,7.21852857142857,70,7.58594,6.3,7,7.49982352941176,7.12830188679245,50,20,1,17,53,8031,5798,2233,193,1783,6248,7.05662495579629,7.3208899051397,6.3704591804747,6.04528497409327,7.23962815479529,7.00440109154929,233
"234",2021,4,6.98360655737705,61,7.12162162162162,6.77083333333333,NA,6.8,7,37,24,0,5,56,8092,5835,2257,193,1788,6304,7.05607452051408,7.31962633590402,6.37471659282233,6.04528497409327,7.23839876957494,7.00436199555837,234
"235",2021,5,6.98372093023256,43,7.672,6.02777777777778,6,7.4,6.92894736842105,25,18,1,5,38,8135,5860,2275,194,1793,6342,7.05569207375538,7.32112963651877,6.37197158241758,6.04505154639175,7.23884941438929,7.00391012614317,235
"236",2021,6,7.28260869565217,46,7.35526315789474,6.9375,2,4.66666666666667,7.675,38,8,1,6,40,8181,5898,2283,195,1799,6382,7.05696797701992,7.32134955408613,6.37395328515112,6.0243076923077,7.23027070594775,7.0081162676277,236
"237",2021,7,6.79079101694915,59,7.45260170731707,5.28333333333333,NA,6.34,6.83253092592593,41,18,0,5,54,8240,5939,2301,195,1804,6436,7.05506209830097,7.32225565583431,6.36542170795307,6.0243076923077,7.2278032150776,7.00664305313859,237
"238",2021,8,7.29208328125,64,7.6556588372093,6.54761904761905,2.5,6.9375,7.34273803571429,43,21,2,8,56,8304,5982,2322,197,1812,6492,7.05688885115607,7.32465223503845,6.36706948751077,5.98852791878173,7.22652152317881,7.00954220887246,238
"239",2021,9,6.82685185185185,54,7.00454545454545,6.54761904761905,8,6.93125,6.80869565217391,33,21,1,8,46,8358,6015,2343,198,1820,6538,7.05540261067241,7.32289603823774,6.36868772940675,5.99868686868687,7.22522362637362,7.00812909452432,239
"240",2021,10,7.66,45,7.78787878787879,7.30833333333333,7,8.28333333333333,7.56410256410256,33,12,2,6,39,8403,6048,2355,200,1826,6577,7.05864036891586,7.32543314649471,6.37347573248408,6.0087,7.2287004381161,7.0114258811008,240
"241",2021,11,7.29423728813559,59,7.5075,6.66866666666667,5.5,6.85,7.3742,44,15,1,9,50,8462,6092,2370,201,1835,6627,7.06028303238005,7.32674814018385,6.37534402953587,6.00616915422886,7.22684305177112,7.01416297268749,241
"242",2021,12,7.14929411764706,85,7.44220338983051,6.48461538461538,5,7.67272727272727,7.07148648648649,59,26,1,11,74,8547,6151,2396,202,1846,6701,7.06116824850825,7.32785557958055,6.376529778798,6.00118811881188,7.2295,7.01479600358155,242
"243",2022,1,7.5235103539823,113,7.79811407894737,6.95945945945946,6.25,8.13571428571429,7.43693606060606,76,37,2,14,99,8660,6227,2433,204,1860,6800,7.06720111893764,7.33359504416251,6.38539471845459,6.00362745098039,7.23632096774193,7.02094186617647,243
"244",2022,2,7.37617647058824,68,7.58938775510204,6.82631578947368,NA,6.5,7.493,49,19,0,8,60,8728,6276,2452,204,1868,6860,7.06960835128322,7.33559215105162,6.38881131729201,6.00362745098039,7.23316755888651,7.02507065451895,244
"245",2022,3,7.29230769230769,52,7.55263157894737,6.58571428571429,NA,6,7.344,38,14,0,2,50,8780,6314,2466,204,1870,6910,7.07092729954442,7.33689837503959,6.38992917680454,6.00362745098039,7.2318486631016,7.02737839218524,245
"246",2022,4,7.00142857142857,70,7.19411764705882,6.48421052631579,NA,7.05555555555556,6.99344262295082,51,19,0,9,61,8850,6365,2485,204,1879,6971,7.07037759209039,7.33575433464257,6.39065004024145,6.00362745098039,7.23100425758382,7.02708143594893,246
"247",2022,5,7.2512153125,64,7.897284,5.72105263157895,6,7.0625,7.27817464285714,45,19,1,8,56,8914,6410,2504,205,1887,7027,7.07167595579986,7.33969643057722,6.38556922923323,6.00360975609756,7.23028987811341,7.02908246335563,247
"248",2022,6,7.07446104477612,67,7.49093578947368,6.52873551724138,5.5,7.64285714285714,6.92431867924528,38,29,2,14,53,8981,6448,2533,207,1901,7080,7.07169673310321,7.34058772952853,6.38720832214765,5.99874396135266,7.23332824829037,7.02829821468926,248
"249",2022,7,7.44392405063291,79,7.69019607843137,6.99535714285714,6,8.04166666666667,7.33686567164179,51,28,1,12,67,9060,6499,2561,208,1913,7147,7.07494242384106,7.3433312324973,6.39385735259664,5.99875,7.23839884997386,7.03119089967818,249
"250",2022,8,7.33075,80,7.45438596491228,7.02434782608696,6.18666666666667,7.5625,7.305,57,23,3,8,72,9140,6556,2584,211,1921,7219,7.07718143982494,7.34429677852349,6.39946930340558,6.00142180094787,7.23974856845393,7.03392178418063,250
