"","year","month","avg_rating","no_ratings","avg_rating_owned","avg_rating_not_owned","avg_rating_prev_owned","avg_rating_comment","avg_rating_no_comment","no_ratings_owned","no_ratings_not_owned","no_ratings_prev_owned","no_ratings_comment","no_ratings_no_comment","cum_no_ratings","cum_no_ratings_owned","cum_no_ratings_not_owned","cum_no_ratings_prev_owned","cum_no_ratings_comment","cum_no_ratings_no_comment","cum_avg_rating","cum_avg_rating_owned","cum_avg_rating_not_owned","cum_avg_rating_prev_owned","cum_avg_rating_comment","cum_avg_rating_no_comment","month_after_release"
"1",2001,6,6.625,4,6.5,7,NA,NA,6.625,3,1,0,0,4,4,3,1,0,0,4,6.625,6.5,7,NA,NA,6.625,0
"2",2001,7,7,1,7,NA,NA,NA,7,1,0,0,0,1,5,4,1,0,0,5,6.7,6.625,7,NA,NA,6.7,1
"3",2001,8,5.25,4,NA,5.25,5,NA,5.25,0,4,1,0,4,9,4,5,1,0,9,6.05555555555556,6.625,5.6,5,NA,6.05555555555556,2
"4",2001,9,7.33333333333333,6,7.33333333333333,NA,NA,7.66666666666667,7,6,0,0,3,3,15,10,5,1,3,12,6.56666666666667,7.05,5.6,5,7.66666666666667,6.29166666666667,3
"5",2001,10,7.66666666666667,3,7.66666666666667,NA,NA,NA,7.66666666666667,3,0,0,0,3,18,13,5,1,3,15,6.75,7.19230769230769,5.6,5,7.66666666666667,6.56666666666667,4
"6",2001,11,6.66666666666667,3,6.66666666666667,NA,NA,9,5.5,3,0,0,1,2,21,16,5,1,4,17,6.73809523809524,7.09375,5.6,5,8,6.44117647058824,5
"7",2001,12,7,1,NA,7,NA,NA,7,0,1,0,0,1,22,16,6,1,4,18,6.75,7.09375,5.83333333333333,5,8,6.47222222222222,6
"8",2002,1,7,1,7,NA,NA,7,NA,1,0,0,1,0,23,17,6,1,5,18,6.76086956521739,7.08823529411765,5.83333333333333,5,7.8,6.47222222222222,7
"9",2002,2,5,2,3,7,7,5,NA,1,1,1,2,0,25,18,7,2,7,18,6.62,6.86111111111111,6,6,7,6.47222222222222,8
"10",2002,4,7,1,7,NA,NA,NA,7,1,0,0,0,1,26,19,7,2,7,19,6.63461538461539,6.86842105263158,6,6,7,6.5,10
"11",2002,5,6.4,5,7.33333333333333,5,NA,5,7.33333333333333,3,2,0,2,3,31,22,9,2,9,22,6.59677419354839,6.93181818181818,5.77777777777778,6,6.55555555555556,6.61363636363636,11
"12",2002,6,8,1,8,NA,NA,NA,8,1,0,0,0,1,32,23,9,2,9,23,6.640625,6.97826086956522,5.77777777777778,6,6.55555555555556,6.67391304347826,12
"13",2002,7,7.25,4,7,8,NA,8,7,3,1,0,1,3,36,26,10,2,10,26,6.70833333333333,6.98076923076923,6,6,6.7,6.71153846153846,13
"14",2002,8,7,6,7,7,NA,5.66666666666667,8.33333333333333,5,1,0,3,3,42,31,11,2,13,29,6.75,6.98387096774194,6.09090909090909,6,6.46153846153846,6.87931034482759,14
"15",2002,9,9.5,1,9.5,NA,NA,9.5,NA,1,0,0,1,0,43,32,11,2,14,29,6.81395348837209,7.0625,6.09090909090909,6,6.67857142857143,6.87931034482759,15
"16",2002,10,6.5,4,6.5,NA,NA,6,8,4,0,0,3,1,47,36,11,2,17,30,6.78723404255319,7,6.09090909090909,6,6.55882352941176,6.91666666666667,16
"17",2002,11,7,2,7,7,NA,NA,7,1,1,0,0,2,49,37,12,2,17,32,6.79591836734694,7,6.16666666666667,6,6.55882352941176,6.921875,17
"18",2002,12,7.25,4,7.33333333333333,7,7,7,7.5,3,1,1,2,2,53,40,13,3,19,34,6.83018867924528,7.025,6.23076923076923,6.33333333333333,6.60526315789474,6.95588235294118,18
"19",2003,1,7.4,5,7.5,7,NA,NA,7.4,4,1,0,0,5,58,44,14,3,19,39,6.87931034482759,7.06818181818182,6.28571428571429,6.33333333333333,6.60526315789474,7.01282051282051,19
"20",2003,2,7.44444444444444,9,7.14285714285714,8.5,NA,7.33333333333333,7.5,7,2,0,3,6,67,51,16,3,22,45,6.95522388059702,7.07843137254902,6.5625,6.33333333333333,6.70454545454545,7.07777777777778,20
"21",2003,3,5,1,5,NA,NA,NA,5,1,0,0,0,1,68,52,16,3,22,46,6.92647058823529,7.03846153846154,6.5625,6.33333333333333,6.70454545454545,7.03260869565217,21
"22",2003,4,7.625,4,6.83333333333333,10,NA,8.75,6.5,3,1,0,2,2,72,55,17,3,24,48,6.96527777777778,7.02727272727273,6.76470588235294,6.33333333333333,6.875,7.01041666666667,22
"23",2003,5,8,5,7.75,9,9,9,7.33333333333333,4,1,1,2,3,77,59,18,4,26,51,7.03246753246753,7.07627118644068,6.88888888888889,7,7.03846153846154,7.02941176470588,23
"24",2003,6,6.66666666666667,3,7.5,5,NA,6.66666666666667,NA,2,1,0,3,0,80,61,19,4,29,51,7.01875,7.09016393442623,6.78947368421053,7,7,7.02941176470588,24
"25",2003,7,6.88235294117647,17,7.53846153846154,4.75,NA,6.66666666666667,7,13,4,0,6,11,97,74,23,4,35,62,6.99484536082474,7.16891891891892,6.43478260869565,7,6.94285714285714,7.0241935483871,25
"26",2003,8,7.5,8,7.33333333333333,8,NA,8,7.42857142857143,6,2,0,1,7,105,80,25,4,36,69,7.03333333333333,7.18125,6.56,7,6.97222222222222,7.06521739130435,26
"27",2003,9,6.45,6,6.83333333333333,6.06666666666667,NA,6.05,7.25,3,3,0,4,2,111,83,28,4,40,71,7.0018018018018,7.16867469879518,6.50714285714286,7,6.88,7.07042253521127,27
"28",2003,10,6,3,5.5,7,NA,7,5.5,2,1,0,1,2,114,85,29,4,41,73,6.97543859649123,7.12941176470588,6.52413793103448,7,6.88292682926829,7.02739726027397,28
"29",2003,11,6,1,NA,6,NA,6,NA,0,1,0,1,0,115,85,30,4,42,73,6.96695652173913,7.12941176470588,6.50666666666667,7,6.86190476190476,7.02739726027397,29
"30",2003,12,7,5,6.75,8,NA,8,6.75,4,1,0,1,4,120,89,31,4,43,77,6.96833333333333,7.1123595505618,6.55483870967742,7,6.88837209302326,7.01298701298701,30
"31",2004,1,6.57142857142857,7,6.25,7,NA,5,6.83333333333333,4,3,0,1,6,127,93,34,4,44,83,6.94645669291339,7.0752688172043,6.59411764705882,7,6.84545454545454,7,31
"32",2004,2,8.16666666666667,6,8.16666666666667,NA,NA,8,8.25,6,0,0,2,4,133,99,34,4,46,87,7.0015037593985,7.14141414141414,6.59411764705882,7,6.89565217391304,7.05747126436782,32
"33",2004,3,5.66666666666667,6,5.8,5,NA,6.5,4,5,1,0,4,2,139,104,35,4,50,89,6.94388489208633,7.07692307692308,6.54857142857143,7,6.864,6.98876404494382,33
"34",2004,4,7.7,10,7.875,7,7,9,7.375,8,2,1,2,8,149,112,37,5,52,97,6.99463087248322,7.13392857142857,6.57297297297297,7,6.94615384615385,7.02061855670103,34
"35",2004,5,7.33333333333333,3,7,8,NA,6,8,2,1,0,1,2,152,114,38,5,53,99,7.00131578947368,7.13157894736842,6.61052631578947,7,6.92830188679245,7.04040404040404,35
"36",2004,6,7.625,4,7.5,8,NA,7.5,7.66666666666667,3,1,0,1,3,156,117,39,5,54,102,7.01730769230769,7.14102564102564,6.64615384615385,7,6.93888888888889,7.05882352941176,36
"37",2004,7,8.25,4,9,7.5,NA,8,8.33333333333333,2,2,0,1,3,160,119,41,5,55,105,7.048125,7.17226890756303,6.68780487804878,7,6.95818181818182,7.09523809523809,37
"38",2004,8,6.66666666666667,3,8,4,NA,NA,6.66666666666667,2,1,0,0,3,163,121,42,5,55,108,7.04110429447853,7.18595041322314,6.62380952380953,7,6.95818181818182,7.08333333333333,38
"39",2004,9,7.21428571428571,7,8.1,5,3,6.33333333333333,7.875,5,2,1,3,4,170,126,44,6,58,112,7.04823529411765,7.22222222222222,6.55,6.33333333333333,6.92586206896552,7.11160714285714,39
"40",2004,10,6.42857142857143,7,7.8,3,5,5.33333333333333,7.25,5,2,1,3,4,177,131,46,7,61,116,7.02372881355932,7.24427480916031,6.39565217391304,6.14285714285714,6.84754098360656,7.11637931034483,40
"41",2004,11,7.7,10,7.88888888888889,6,NA,8,7.4,9,1,0,5,5,187,140,47,7,66,121,7.05989304812834,7.28571428571429,6.38723404255319,6.14285714285714,6.93484848484848,7.12809917355372,41
"42",2004,12,5.83333333333333,3,8.5,4.5,NA,NA,5.83333333333333,1,2,0,0,3,190,141,49,7,66,124,7.04052631578947,7.29432624113475,6.31020408163265,6.14285714285714,6.93484848484848,7.09677419354839,42
"43",2005,1,7.75,8,8.28571428571429,4,NA,7,8.2,7,1,0,3,5,198,148,50,7,69,129,7.06919191919192,7.34121621621622,6.264,6.14285714285714,6.93768115942029,7.13953488372093,43
"44",2005,2,7.25,8,7.5,7,6,7,7.5,4,4,2,4,4,206,152,54,9,73,133,7.07621359223301,7.34539473684211,6.31851851851852,6.11111111111111,6.94109589041096,7.15037593984962,44
"45",2005,3,7.25,14,7.83333333333333,6.2,NA,7,7.4375,9,5,0,6,8,220,161,59,9,79,141,7.08727272727273,7.37267080745342,6.30847457627119,6.11111111111111,6.94556962025317,7.16666666666667,45
"46",2005,4,7.58333333333333,6,8.125,6.5,NA,8,7.375,4,2,0,2,4,226,165,61,9,81,145,7.10044247787611,7.39090909090909,6.31475409836066,6.11111111111111,6.97160493827161,7.17241379310345,46
"47",2005,5,6.1875,8,6.41666666666667,5.5,NA,6.3,6,6,2,0,5,3,234,171,63,9,86,148,7.06923076923077,7.35672514619883,6.28888888888889,6.11111111111111,6.93255813953488,7.14864864864865,47
"48",2005,6,9,1,9,NA,NA,9,NA,1,0,0,1,0,235,172,63,9,87,148,7.07744680851064,7.36627906976744,6.28888888888889,6.11111111111111,6.95632183908046,7.14864864864865,48
"49",2005,7,6.9,10,7.75,6.33333333333333,7,6.83333333333333,7,4,6,2,6,4,245,176,69,11,93,152,7.07020408163265,7.375,6.29275362318841,6.27272727272727,6.94838709677419,7.14473684210526,49
"50",2005,8,6.91666666666667,6,6.7,8,NA,7,6.9,5,1,0,1,5,251,181,70,11,94,157,7.06653386454183,7.35635359116022,6.31714285714286,6.27272727272727,6.94893617021277,7.13694267515924,50
"51",2005,9,7.75,8,8.16666666666667,6.5,NA,8,7.6,6,2,0,3,5,259,187,72,11,97,162,7.08764478764479,7.38235294117647,6.32222222222222,6.27272727272727,6.98144329896907,7.15123456790123,51
"52",2005,10,7.3,10,7.625,6,NA,7.4,7.2,8,2,0,5,5,269,195,74,11,102,167,7.09553903345725,7.39230769230769,6.31351351351351,6.27272727272727,7.00196078431373,7.15269461077844,52
"53",2005,11,7.52727272727273,11,7.75,6.93333333333333,NA,6.5,7.75555555555556,8,3,0,2,9,280,203,77,11,104,176,7.1125,7.4064039408867,6.33766233766234,6.27272727272727,6.99230769230769,7.18352272727273,53
"54",2005,12,7.34615384615385,13,7.95,5.33333333333333,NA,8.35714285714286,6.16666666666667,10,3,0,7,6,293,213,80,11,111,182,7.12286689419795,7.43192488262911,6.3,6.27272727272727,7.07837837837838,7.15,54
"55",2006,1,6.92857142857143,14,7.13636363636364,6.16666666666667,NA,6.5,7.04545454545455,11,3,0,3,11,307,224,83,11,114,193,7.11400651465798,7.41741071428571,6.29518072289156,6.27272727272727,7.06315789473684,7.1440414507772,55
"56",2006,2,7.42857142857143,7,8.66666666666667,6.5,8,8,6,3,4,1,5,2,314,227,87,12,119,195,7.12101910828025,7.43392070484582,6.30459770114942,6.41666666666667,7.10252100840336,7.13230769230769,56
"57",2006,3,6.92,25,7.3,5.4,7,7.04166666666667,6.80769230769231,20,5,1,12,13,339,247,92,13,131,208,7.10619469026549,7.42307692307692,6.25543478260869,6.46153846153846,7.0969465648855,7.11201923076923,57
"58",2006,4,7.47142857142857,21,8.07142857142857,6.27142857142857,6.8,7.28888888888889,7.60833333333333,14,7,1,9,12,360,261,99,14,140,220,7.1275,7.45785440613027,6.25656565656566,6.48571428571429,7.10928571428571,7.13909090909091,58
"59",2006,5,7.54545454545455,11,8.11111111111111,5,NA,7.4,7.66666666666667,9,2,0,5,6,371,270,101,14,145,226,7.13989218328841,7.47962962962963,6.23168316831683,6.48571428571429,7.11931034482759,7.15309734513274,59
"60",2006,6,7.91176470588235,17,8.19230769230769,7,5,8.0625,7.77777777777778,13,4,1,8,9,388,283,105,15,153,235,7.17371134020619,7.51236749116608,6.26095238095238,6.38666666666667,7.16862745098039,7.17702127659574,60
"61",2006,7,7.3,15,7.63636363636364,6.375,NA,7,7.45,11,4,0,5,10,403,294,109,15,158,245,7.17841191066998,7.51700680272109,6.2651376146789,6.38666666666667,7.16329113924051,7.18816326530612,61
"62",2006,8,8,10,8.125,7.5,NA,8.75,7.5,8,2,0,4,6,413,302,111,15,162,251,7.19830508474576,7.53311258278146,6.28738738738739,6.38666666666667,7.20246913580247,7.19561752988048,62
"63",2006,9,7.22631578947368,19,7.69166666666667,6.42857142857143,5.5,7.5,7.02727272727273,12,7,2,8,11,432,314,118,17,170,262,7.19953703703704,7.53917197452229,6.29576271186441,6.28235294117647,7.2164705882353,7.18854961832061,63
"64",2006,10,7.455,20,7.65625,6.65,NA,7.57142857142857,7.39230769230769,16,4,0,7,13,452,330,122,17,177,275,7.2108407079646,7.54484848484849,6.30737704918033,6.28235294117647,7.23050847457627,7.19818181818182,64
"65",2006,11,7.3,15,7.5,6.9,8,6.5,7.59090909090909,10,5,1,4,11,467,340,127,18,181,286,7.21370449678801,7.54352941176471,6.33070866141732,6.37777777777778,7.21436464088398,7.21328671328671,65
"66",2006,12,7.69791666666667,24,7.88157894736842,7,NA,7.80769230769231,7.56818181818182,19,5,0,13,11,491,359,132,18,194,297,7.23737270875764,7.56142061281337,6.35606060606061,6.37777777777778,7.25412371134021,7.22643097643098,66
"67",2007,1,7.81818181818182,33,8,7.25,7,8.10714285714286,7.60526315789474,25,8,1,14,19,524,384,140,19,208,316,7.27395038167939,7.58997395833333,6.40714285714286,6.41052631578947,7.31153846153846,7.24920886075949,67
"68",2007,2,7.41016571428571,21,7.5,7.29038666666667,NA,7.7,7.19279,12,9,0,9,12,545,396,149,19,217,328,7.27919904587156,7.58724747474748,6.46049315436241,6.41052631578947,7.32764976958525,7.24714475609756,68
"69",2007,3,7.55555555555556,18,7.71428571428571,7,NA,7.5,7.61111111111111,14,4,0,9,9,563,410,153,19,226,337,7.28803460035524,7.59158536585366,6.47459790849673,6.41052631578947,7.33451327433628,7.25686492581602,69
"70",2007,4,7.11739130434783,23,7.68823529411765,5.5,6.5,6.75,7.31333333333333,17,6,2,8,15,586,427,159,21,234,352,7.28133699658703,7.59543325526932,6.43782062893082,6.41904761904762,7.31452991452992,7.25927125,70
"71",2007,5,7.86666666666667,15,7.83333333333333,8,NA,8.1,7.75,12,3,0,5,10,601,439,162,21,239,362,7.29594589018303,7.60193621867882,6.46674987654321,6.41904761904762,7.33096234309623,7.27282729281768,71
"72",2007,6,7.30434782608696,23,7.76666666666667,6.4375,7,7,7.53846153846154,15,8,1,10,13,624,454,170,22,249,375,7.29625557692308,7.60737885462555,6.46537341176471,6.44545454545455,7.31767068273092,7.28203594666667,72
"73",2007,7,7.21739130434783,23,7.4,6,6,7.08333333333333,7.36363636363636,20,3,2,12,11,647,474,173,24,261,386,7.29345205564142,7.59862869198312,6.45730335260116,6.40833333333333,7.30689655172414,7.28436134715026,73
"74",2007,8,7.42307692307692,26,7.55263157894737,7.07142857142857,8,7.5,7.39473684210526,19,7,1,7,19,673,493,180,25,268,405,7.29845985141159,7.59685598377282,6.481186,6.472,7.31194029850746,7.28953945679012,74
"75",2007,9,7.816,25,7.91333333333333,7.67,7,7.76363636363636,7.85714285714286,15,10,2,11,14,698,508,190,27,279,419,7.31699638968481,7.60620078740157,6.54375515789474,6.51111111111111,7.32974910394265,7.30850472553699,75
"76",2007,10,7.86666666666667,27,8.17058823529412,7.35,7.5,7.40833333333333,8.23333333333333,17,10,2,12,15,725,525,200,29,291,434,7.33746686896552,7.62447619047619,6.5840674,6.57931034482759,7.33298969072165,7.34046884792627,76
"77",2007,11,7.09615384615385,26,7.53571428571429,6.58333333333333,7,6.3,7.59375,14,12,1,10,16,751,539,212,30,301,450,7.32911249001331,7.6221706864564,6.5840258490566,6.59333333333333,7.29867109634552,7.3494744,77
"78",2007,12,7.26071428571429,28,7.28636363636364,7.16666666666667,NA,6.6875,7.49,22,6,0,8,20,779,561,218,30,309,470,7.32665401797176,7.6090017825312,6.60006183486239,6.59333333333333,7.28284789644013,7.35545421276596,78
"79",2008,1,7.45588235294118,34,7.58,7.11111111111111,NA,7.65625,7.27777777777778,25,9,0,16,18,813,586,227,30,325,488,7.33205840098401,7.60776450511946,6.62032370044053,6.59333333333333,7.30123076923077,7.35258909836066,79
"80",2008,2,7.86086956521739,23,7.96842105263158,7.35,NA,7.93333333333333,7.725,19,4,0,15,8,836,605,231,30,340,496,7.34660703349282,7.61909090909091,6.63295878787879,6.59333333333333,7.32911764705882,7.35859572580645,80
"81",2008,3,7.48260869565217,23,7.65,6.88,NA,7.28571428571429,7.56875,18,5,0,7,16,859,623,236,30,347,512,7.35024852153667,7.61998394863563,6.63819271186441,6.59333333333333,7.32824207492795,7.365163046875,81
"82",2008,4,6.88541666666667,24,7.84615384615385,5.75,3,6.95833333333333,6.8125,13,11,1,12,12,883,636,247,31,359,524,7.3376143601359,7.62460691823899,6.5986375708502,6.47741935483871,7.31587743732591,7.35250664122137,82
"83",2008,5,7.25384615384615,26,7.56111111111111,6.5625,7,7.07857142857143,7.45833333333333,18,8,1,14,12,909,654,255,32,373,536,7.33521834983498,7.62285932721713,6.59750384313726,6.49375,7.30697050938338,7.35487589552239,83
"84",2008,6,7.01052631578947,19,7.26428571428571,6.3,5,6.84,7.07142857142857,14,5,1,5,14,928,668,260,33,378,550,7.32857056034483,7.61534431137725,6.59178261538462,6.44848484848485,7.30079365079365,7.34766087272727,84
"85",2008,7,7.73225806451613,31,8.05,7.15454545454545,6.625,7.05555555555556,8.00909090909091,20,11,4,9,22,959,688,271,37,387,572,7.34161989572471,7.62797965116279,6.61462538745388,6.46756756756757,7.29509043927649,7.37310048951049,85
"86",2008,8,7.35,10,8.1,6.6,6,6.75,7.75,5,5,1,4,6,969,693,276,38,391,578,7.34170637770898,7.63138528138528,6.61436043478261,6.45526315789474,7.28951406649616,7.37701294117647,86
"87",2008,9,6.83333333333333,24,6.96875,6.5625,5.5,6.83333333333333,6.83333333333333,16,8,3,6,18,993,709,284,41,397,596,7.32941941591138,7.61643159379408,6.61289957746479,6.38536585365854,7.28261964735516,7.36059308724832,87
"88",2008,10,7.72045454545455,22,8.4875,6.8,5.33333333333333,7.585,7.83333333333333,12,10,3,10,12,1015,721,294,44,407,608,7.33789505418719,7.63092926490985,6.61926353741497,6.31363636363636,7.29004914004914,7.3699234868421,88
"89",2008,11,6.92857142857143,21,6.96153846153846,6.875,6,6.59090909090909,7.3,13,8,4,11,10,1036,734,302,48,418,618,7.32959795366795,7.61907356948229,6.62603801324503,6.2875,7.27165071770335,7.36879203883495,89
"90",2008,12,6.99130434782609,23,7.15,6.81818181818182,6.71428571428571,6.81111111111111,7.10714285714286,12,11,7,9,14,1059,746,313,55,427,632,7.32225068932956,7.61152815013405,6.63279067092652,6.34181818181818,7.26194379391101,7.36299601265823,90
"91",2009,1,7.29411764705882,34,7.91666666666667,5.8,7,7.53571428571429,7.125,24,10,4,14,20,1093,770,323,59,441,652,7.32137555352242,7.62103896103896,6.60700767801858,6.3864406779661,7.27063492063492,7.35569552147239,91
"92",2009,2,7.10425531914894,47,7.39285714285714,6.67894736842105,6.33333333333333,7.23,7.07027027027027,28,19,3,10,37,1140,798,342,62,451,689,7.31242410526316,7.61303258145364,6.61100432748538,6.38387096774194,7.26973392461197,7.34036789550072,92
"93",2009,3,7.20588235294118,34,7.88235294117647,6.52941176470588,6.57142857142857,7.38888888888889,7.14,17,17,7,9,25,1174,815,359,69,460,714,7.30933856899489,7.61865030674847,6.60714061281337,6.40289855072464,7.2720652173913,7.33335221288515,93
"94",2009,4,7.02272727272727,22,7.66666666666667,6.25,6.5,7.5,6.84375,12,10,3,6,16,1196,827,369,72,466,730,7.3040664548495,7.61934703748489,6.59746200542005,6.40694444444444,7.275,7.32262120547945,94
"95",2009,5,7.06212121212121,33,7.44444444444444,6.60333333333333,8,7.05357142857143,7.06842105263158,18,15,1,14,19,1229,845,384,73,480,749,7.29756995931652,7.61562130177515,6.59769135416667,6.42876712328767,7.26854166666667,7.31617287049399,95
"96",2009,6,6.97272727272727,33,7.21111111111111,6.68666666666667,6.96666666666667,6.8,7.04782608695652,18,15,6,10,23,1262,863,399,79,490,772,7.28907565768621,7.6071842410197,6.60103629072682,6.46962025316456,7.25897959183674,7.30817808290155,96
"97",2009,7,7.25,22,7.95454545454545,6.54545454545455,9,7.33333333333333,7.21875,11,11,1,6,16,1284,874,410,80,496,788,7.28840613707165,7.61155606407323,6.59954507317073,6.50125,7.25987903225806,7.30636228426396,97
"98",2009,8,7.50833333333333,36,8.02631578947368,6.92941176470588,7.75,7.54166666666667,7.49166666666667,19,17,6,12,24,1320,893,427,86,508,812,7.29440415151515,7.62038073908175,6.61267793911007,6.58837209302326,7.26653543307087,7.31183926108374,98
"99",2009,9,7.58648648648649,37,8.25909090909091,6.6,7.02,7.575,7.59523809523809,22,15,10,16,21,1357,915,442,96,524,833,7.30236807663965,7.63573770491803,6.61224769230769,6.63333333333334,7.27595419847328,7.3189837695078,99
"100",2009,10,7.13953488372093,43,7.25,7.0125,6.75,7.11666666666667,7.15178571428571,23,20,4,15,28,1400,938,462,100,539,861,7.29736677142857,7.62627931769723,6.62957463203463,6.638,7.27152133580705,7.31354643437863,100
"101",2009,11,7.39142857142857,35,7.6,7.19444444444444,7.5,7.24285714285714,7.42857142857143,17,18,2,7,28,1435,955,480,102,546,889,7.29966096167248,7.62581151832461,6.65075725,6.65490196078432,7.27115384615385,7.3171692688414,101
"102",2009,12,6.80212121212121,33,6.90153846153846,6.7375,6.32142857142857,6.325,7.0095652173913,13,20,7,10,23,1468,968,500,109,556,912,7.28847648501362,7.6160847107438,6.65422696,6.63348623853211,7.25413669064748,7.30941171052632,102
"103",2010,1,6.82692307692308,26,7.0625,6.72222222222222,6.66666666666667,6.875,6.81818181818182,8,18,6,4,22,1494,976,518,115,560,934,7.28044409638554,7.61154713114754,6.65658972972973,6.63521739130435,7.25142857142857,7.29784098501071,103
"104",2010,2,7.06451612903226,31,7.6,6.5625,5.66666666666667,5.78571428571429,7.4375,15,16,3,7,24,1525,991,534,118,567,958,7.27605474098361,7.61137235116044,6.65377056179775,6.61059322033898,7.23333333333333,7.30133974947808,104
"105",2010,3,7.40909090909091,22,8.28571428571429,5.875,NA,7.83333333333333,7.25,14,8,0,6,16,1547,1005,542,118,573,974,7.27794665804783,7.62076616915423,6.64227579335794,6.61059322033898,7.23961605584642,7.30049638603696,105
"106",2010,4,7.065625,32,7.54166666666667,6.78,6,7.9,6.91111111111111,12,20,2,5,27,1579,1017,562,120,578,1001,7.27364374920836,7.61983284169125,6.64717701067616,6.60041666666667,7.24532871972318,7.28999348651349,106
"107",2010,5,7.25,26,7.875,6.71428571428571,5.5,7.05555555555556,7.35294117647059,12,14,2,9,17,1605,1029,576,122,587,1018,7.27326073520249,7.62280855199223,6.648808125,6.58237704918033,7.24241908006814,7.29104467583497,107
"108",2010,6,7.29166666666667,12,8,6.78571428571429,7,7.1,7.42857142857143,5,7,2,5,7,1617,1034,583,124,592,1025,7.2733973283859,7.62463249516441,6.65045193825043,6.58911290322581,7.24121621621622,7.29198388292683,108
"109",2010,7,7.18181818181818,22,7.5625,6.16666666666667,6,7.5,7.03333333333333,16,6,1,7,15,1639,1050,589,125,599,1040,7.2721680780964,7.62368571428572,6.64552373514431,6.5844,7.24424040066778,7.28825334615385,109
"110",2010,8,7.40714285714286,28,8.45714285714286,6.35714285714286,6,7.6,7.31578947368421,14,14,3,9,19,1667,1064,603,128,608,1059,7.27443520095981,7.6346522556391,6.63882832504146,6.570703125,7.24950657894737,7.28874738432484,110
"111",2010,9,7.2962962962963,27,7.55555555555556,6.77777777777778,7,7.875,7.05263157894737,18,9,1,8,19,1694,1082,612,129,616,1078,7.27478363636364,7.63333641404806,6.64087169934641,6.57403100775194,7.25762987012987,7.28458578849722,111
"112",2010,10,7.55882352941176,17,7.81666666666667,6.94,NA,6.5,8,12,5,0,5,12,1711,1094,617,129,621,1090,7.27760577440094,7.63534734917733,6.64329575364668,6.57403100775194,7.25152979066022,7.29246190825688,112
"113",2010,11,7.2328125,32,7.99642857142857,6.63888888888889,6,6.97916666666667,7.385,14,18,1,12,20,1743,1108,635,130,633,1110,7.27678340791738,7.63990974729242,6.64317083464567,6.56961538461539,7.24636650868878,7.29412926126126,113
"114",2010,12,7.79354838709677,31,8.4375,7.10666666666667,6.82,7.5,7.825,16,15,5,3,28,1774,1124,650,135,636,1138,7.28581368658399,7.65126334519573,6.65386689230769,6.57888888888889,7.24756289308176,7.30719110720563,114
"115",2011,1,7.25,36,7.43478260869565,6.92307692307692,7,7.5,7.15384615384615,23,13,4,10,26,1810,1147,663,139,646,1164,7.28510137016575,7.64692240627725,6.65914552036199,6.59100719424461,7.25147058823529,7.30376587628866,115
"116",2011,2,6.992,25,7.2,6.72727272727273,5.8,7.16666666666667,6.93684210526316,14,11,5,6,19,1835,1161,674,144,652,1183,7.28110816348774,7.64153316106804,6.66025738872404,6.56354166666667,7.25069018404908,7.29787276415892,116
"117",2011,3,7.87096774193548,31,8.26842105263158,7.24166666666667,7.61666666666667,7.8125,7.89130434782609,19,12,6,8,23,1866,1180,686,150,660,1206,7.29090754555198,7.65162711864407,6.67042781341108,6.60566666666667,7.2575,7.30919028192371,117
"118",2011,4,6.92857142857143,14,8.28571428571429,5.57142857142857,NA,5,8,7,7,0,5,9,1880,1187,693,150,665,1215,7.28820929787234,7.65536647009267,6.65932681096681,6.60566666666667,7.24052631578947,7.3143073909465,118
"119",2011,5,7.19107142857143,28,7.33809523809524,6.75,7.125,6.95833333333333,7.25454545454545,21,7,2,6,22,1908,1208,700,152,671,1237,7.28678379454927,7.64985099337748,6.66023354285714,6.6125,7.23800298062593,7.31324452708165,119
"120",2011,6,7.14814814814815,27,7.83333333333333,5.77777777777778,4,7.28571428571429,7.1,18,9,1,7,20,1935,1226,709,153,678,1257,7.28484934366925,7.65254486133768,6.64903170662906,6.59542483660131,7.23849557522124,7.30985161495625,120
"121",2011,7,7.05263157894737,19,7.59090909090909,6.3125,6.33333333333333,7.66666666666667,6.9375,11,8,3,3,16,1954,1237,717,156,681,1273,7.2825913408393,7.65199676637025,6.64527682008368,6.59038461538462,7.24038179148311,7.30517162608013,121
"122",2011,8,7.50625,16,7.91818181818182,6.6,6,7.66,7.43636363636364,11,5,1,5,11,1970,1248,722,157,686,1284,7.28440785786802,7.65434294871795,6.64496326869806,6.58662420382166,7.24344023323615,7.30629554517134,122
"123",2011,9,7.25925925925926,27,7.13888888888889,7.5,8,7,7.30434782608696,18,9,1,4,23,1997,1266,731,158,690,1307,7.28406784176264,7.64701421800948,6.65549039671683,6.59556962025317,7.24202898550725,7.30626127008416,123
"124",2011,10,7.16666666666667,12,8,6.75,2,7,7.18181818181818,4,8,1,1,11,2009,1270,739,159,691,1318,7.28336659034346,7.64812598425197,6.65651350473613,6.56666666666667,7.24167872648336,7.3052226707132,124
"125",2011,11,7.065625,32,7.98571428571429,6.35,5.33333333333333,7.16666666666667,7.005,14,18,3,12,20,2041,1284,757,162,703,1338,7.27995270945615,7.65180685358255,6.64922520475562,6.54382716049383,7.24039829302987,7.30073503736921,125
"126",2011,12,7.11935483870968,31,7.8,6.55882352941176,6.6875,6.25,7.42173913043478,14,17,8,8,23,2072,1298,774,170,711,1361,7.27754994208494,7.65340523882897,6.6472396382429,6.55058823529412,7.22925457102672,7.30277992652462,126
"127",2012,1,7.372,25,7.75,6.89090909090909,7.5,7.6,7.315,14,11,3,5,20,2097,1312,785,173,716,1381,7.2786759561278,7.65443597560976,6.65065411464968,6.56705202312139,7.23184357541899,7.30295690079652,127
"128",2012,2,7.45681818181818,22,7.77,7.19583333333333,7.75,7.03571428571429,7.65333333333333,10,12,2,7,15,2119,1322,797,175,723,1396,7.28052547428032,7.65531013615734,6.6588625846926,6.58057142857143,7.22994467496542,7.30672169054441,128
"129",2012,3,7.38181818181818,22,7.87,6.975,7.33333333333333,6.875,7.49444444444444,10,12,3,4,18,2141,1332,809,178,727,1414,7.28156631480617,7.65692192192192,6.66355189122373,6.59325842696629,7.22799174690509,7.30911137199434,129
"130",2012,4,6.59166666666667,18,6.55555555555556,6.62777777777778,7.375,7.2,6.35769230769231,9,9,4,5,13,2159,1341,818,182,732,1427,7.27581448818898,7.64953020134228,6.66315828850856,6.61043956043956,7.22780054644809,7.30044392431675,130
"131",2012,5,7.63103448275862,29,7.715,7.44444444444444,7.33333333333333,8.125,7.552,20,9,3,4,25,2188,1361,827,185,736,1452,7.2805226142596,7.6504922850845,6.6716607980653,6.62216216216216,7.23267663043478,7.30477512396694,131
"132",2012,6,7.2037037037037,27,7.82307692307692,6.62857142857143,6.33333333333333,6.92857142857143,7.3,13,14,3,7,20,2215,1374,841,188,743,1472,7.27958622121896,7.65212518195051,6.67094349583829,6.61755319148936,7.22981157469717,7.30471024456522,132
"133",2012,7,7.225625,16,7.4,7.14636363636364,6.5,6.3,7.64636363636364,5,11,2,5,11,2231,1379,852,190,748,1483,7.27919922904527,7.65121102248006,6.67708154929578,6.61631578947368,7.22359625668449,7.30724442346595,133
"134",2012,8,7.625,20,8.09090909090909,7.05555555555556,5.5,7.83333333333333,7.53571428571429,11,9,3,6,14,2251,1390,861,193,754,1497,7.28227164815637,7.65469064748202,6.68103772357724,6.59896373056995,7.22844827586207,7.30938108216433,134
"135",2012,9,7.375,16,7.33333333333333,7.42857142857143,6,5,7.53333333333333,9,7,1,1,15,2267,1399,868,194,755,1512,7.28292610498456,7.65262330235883,6.68706622119816,6.59587628865979,7.22549668874172,7.31160283068783,135
"136",2012,10,7.57962962962963,27,7.68333333333333,7.37222222222222,7.3375,6.76666666666667,7.81190476190476,18,9,4,6,21,2294,1417,877,198,761,1533,7.28641825632084,7.65301340860974,6.6940974686431,6.61085858585859,7.2218791064389,7.31845628180039,136
"137",2012,11,7.70555555555556,27,8.18214285714286,7.19230769230769,9,8.13333333333333,7.58333333333333,14,13,1,6,21,2321,1431,890,199,767,1554,7.29129404566997,7.65819007686932,6.70137469662922,6.62286432160804,7.22900912646675,7.3220357014157,137
"138",2012,12,6.916,25,7.06153846153846,6.75833333333333,7.6,6.46,7.22,13,12,1,10,15,2346,1444,902,200,777,1569,7.2872947485081,7.65281855955679,6.70213246119734,6.62775,7.21911196911197,7.32106021669853,138
"139",2013,1,7.35172413793103,29,7.96428571428571,6.78,6.66666666666667,7.625,7.308,14,15,3,4,25,2375,1458,917,203,781,1594,7.28808146526316,7.65580932784636,6.70340619411123,6.62832512315271,7.22119078104994,7.32085538268507,139
"140",2013,2,6.955,20,8.11111111111111,6.00909090909091,5,6.33333333333333,7.46363636363636,9,11,1,9,11,2395,1467,928,204,790,1605,7.28529999164927,7.65860259032038,6.69517616379311,6.6203431372549,7.21107594936709,7.32183394392523,140
"141",2013,3,7.55681818181818,22,8.41666666666667,6.96153846153846,6.33333333333333,7.1875,7.63888888888889,9,13,3,4,18,2417,1476,941,207,794,1623,7.28777140256516,7.66322493224932,6.69885598299681,6.61618357487923,7.21095717884131,7.32535026494147,141
"142",2013,4,6.78571428571429,7,7.16666666666667,6.5,6,6.66666666666667,6.875,3,4,2,3,4,2424,1479,945,209,797,1627,7.28632156765677,7.66221771467208,6.69801426455027,6.61028708133971,7.20890840652447,7.32424307314075,142
"143",2013,5,6.65714285714286,28,7.19375,5.94166666666667,6.5,5.625,7.07,16,12,2,8,20,2452,1495,957,211,805,1647,7.27913681892333,7.65720401337793,6.68853028213166,6.60924170616114,7.19316770186335,7.32115572556163,143
"144",2013,6,7.19130434782609,23,7.4,7.08,6.16666666666667,7.7,6.96875,8,15,3,7,16,2475,1503,972,214,812,1663,7.2783205979798,7.65583499667332,6.69457148148148,6.60303738317757,7.19753694581281,7.31776517137703,144
"145",2013,7,7.324,15,8.336,5.3,4,7.66666666666667,7.23833333333333,10,5,1,3,12,2490,1513,977,215,815,1675,7.2785957751004,7.66033046926636,6.68743447287615,6.59093023255814,7.19926380368098,7.31719610746269,145
"146",2013,8,6.77368421052632,19,7.26153846153846,5.71666666666667,6.25,5.95,6.99333333333333,13,6,2,4,15,2509,1526,983,217,819,1690,7.27477221203667,7.65693315858454,6.6815091353001,6.58778801843318,7.19316239316239,7.31432158579882,146
"147",2013,9,7.4,12,7.57777777777778,6.86666666666667,NA,8.25,7.23,9,3,0,2,10,2521,1535,986,217,821,1700,7.27536829829433,7.65646905537459,6.68207249492901,6.58778801843318,7.19573690621194,7.31382557647059,147
"148",2013,10,7.11111111111111,18,7.77777777777778,6.44444444444444,6.75,5.8,7.61538461538461,9,9,4,5,13,2539,1544,995,221,826,1713,7.27420381252462,7.65717616580311,6.67992309547739,6.59072398190045,7.18728813559322,7.31611411558669,148
"149",2013,11,7.39375,24,7.85,6.63333333333333,7.25,7.375,7.3975,15,9,2,4,20,2563,1559,1004,223,830,1733,7.27532324619587,7.65903143040411,6.67950545816733,6.59663677130045,7.18819277108434,7.31705336410848,149
"150",2013,12,6.58333333333333,18,7,6.0625,6,5.33333333333333,6.83333333333333,10,8,3,3,15,2581,1569,1012,226,833,1748,7.27049728012399,7.65483110261313,6.67462794466403,6.58871681415929,7.18151260504202,7.31290244851258,150
"151",2014,1,6.74166666666667,30,7.69642857142857,5.90625,5.33333333333333,7,6.71296296296296,14,16,3,3,27,2611,1583,1028,229,836,1775,7.26442109536576,7.6551989892609,6.66266875486382,6.57227074235808,7.18086124401914,7.3037766084507,151
"152",2014,2,6.92666666666667,15,7.89,5,4,7.975,6.54545454545455,10,5,2,4,11,2626,1593,1033,231,840,1786,7.26249180502666,7.65667294413057,6.6546209874153,6.55,7.18464285714286,7.29910609182531,152
"153",2014,3,6.91,20,7.4625,6.54166666666667,7.5,7.36666666666667,6.71428571428571,8,12,2,6,14,2646,1601,1045,233,846,1800,7.25982746787604,7.65570268582136,6.65332390430622,6.55815450643777,7.18593380614657,7.29455748888889,153
"154",2014,4,7.10833333333333,12,6.6,7.47142857142857,7,6,7.20909090909091,5,7,2,1,11,2658,1606,1052,235,847,1811,7.2591435214447,7.65241594022416,6.65876756653993,6.56191489361702,7.18453364817001,7.2940383655439,154
"155",2014,5,7.23611111111111,18,7.47916666666667,6.75,5.875,8.66666666666667,6.95,12,6,4,3,15,2676,1618,1058,239,850,1826,7.25898859491779,7.65113102595797,6.65928495274102,6.55041841004184,7.18976470588235,7.2912122015334,155
"156",2014,6,6.56666666666667,12,6.96666666666667,6.16666666666667,NA,6.25,6.63,6,6,0,2,10,2688,1624,1064,239,852,1836,7.25589787202381,7.64860221674877,6.65650703007519,6.55041841004184,7.18755868544601,7.28761082788671,156
"157",2014,7,6.25454545454545,11,6.075,6.35714285714286,7.25,5.8,6.63333333333333,4,7,2,5,6,2699,1628,1071,241,857,1842,7.25181677658392,7.64473587223587,6.65455040149393,6.55622406639004,7.17946324387398,7.28547963083605,157
"158",2014,8,6.481875,16,6.8,6.33727272727273,6.83333333333333,4.66666666666667,6.90076923076923,5,11,3,3,13,2715,1633,1082,244,860,1855,7.24727936648251,7.64214941824862,6.65132484288355,6.55963114754098,7.1706976744186,7.28278354716981,158
"159",2014,9,7.05,10,7.22222222222222,5.5,5.5,7.16666666666667,7,9,1,1,3,7,2725,1642,1083,245,863,1862,7.24655540550459,7.63984774665043,6.65026175438597,6.55530612244898,7.17068366164542,7.28172045112782,159
"160",2014,10,6.81764705882353,17,7.36363636363636,5.81666666666667,6.45,6.48571428571429,7.05,11,6,2,7,10,2742,1653,1089,247,870,1872,7.24389623632385,7.63800967937084,6.64566894398531,6.55445344129555,7.1651724137931,7.28048262820513,160
"161",2014,11,7.0078947368421,19,7.47727272727273,6.3625,8,6.25,7.27857142857143,11,8,1,5,14,2761,1664,1097,248,875,1886,7.24227217674756,7.63694711538462,6.64360390154968,6.56028225806452,7.15994285714286,7.28046844114528,161
"162",2014,12,7.04166666666667,12,6.83333333333333,7.25,7,8,6.95454545454545,6,6,2,1,11,2773,1670,1103,250,876,1897,7.24140406779661,7.63405988023952,6.64690252039891,6.5638,7.16090182648402,7.2785785345282,162
"163",2015,1,7.256,25,7.9,6.82666666666667,6.5,7.4,7.21052631578947,10,15,5,6,19,2798,1680,1118,255,882,1916,7.2415344817727,7.63564285714286,6.64931438282648,6.56254901960784,7.1625283446712,7.27790369519833,163
"164",2015,2,6.95833333333333,12,8.5,5.85714285714286,6,9,6.77272727272727,5,7,1,1,11,2810,1685,1125,256,883,1927,7.24032508185054,7.63820771513353,6.64438531555556,6.5603515625,7.16460928652321,7.27501996886352,164
"165",2015,3,7.36666666666667,18,7.38461538461539,7.32,8,7.35714285714286,7.37272727272727,13,5,1,7,11,2828,1698,1130,257,890,1938,7.24112923620934,7.63626619552415,6.64737476106195,6.565953307393,7.16612359550562,7.27557455108359,165
"166",2015,4,7.45454545454545,11,7.66666666666667,7.2,6.33333333333333,7.75,7.28571428571429,6,5,3,4,7,2839,1704,1135,260,894,1945,7.24195613948574,7.63637323943662,6.64980923348018,6.56326923076923,7.16873601789709,7.2756110437018,166
"167",2015,5,7.90476190476191,21,8.21428571428571,7.28571428571429,7.5,8.2,7.8125,14,7,2,5,16,2860,1718,1142,262,899,1961,7.2468228951049,7.64108265424913,6.65370707530648,6.57041984732824,7.17447163515016,7.27999157572667,167
"168",2015,6,6.37142857142857,14,6.42857142857143,6.31428571428571,6.5,6.25,6.42,7,7,2,4,10,2874,1725,1149,264,903,1971,7.24255862212944,7.63616231884058,6.65163923411663,6.56988636363636,7.1703765227021,7.27562835109081,168
"169",2015,7,7.6,12,7.96666666666667,7.23333333333333,NA,7.66666666666667,7.57777777777778,6,6,0,3,9,2886,1731,1155,264,906,1980,7.24404486486487,7.63730791450029,6.65466102164502,6.56988636363636,7.17201986754967,7.27700175757576,169
"170",2015,8,7.27647058823529,17,7.63636363636364,6.61666666666667,NA,7.5,7.24666666666667,11,6,0,2,15,2903,1742,1161,264,908,1995,7.24423475025836,7.63730195177956,6.65446466838932,6.56988636363636,7.1727422907489,7.27677367418546,170
"171",2015,9,7.88928571428571,14,8.20714285714286,7.57142857142857,7.5,7.9,7.88333333333333,7,7,3,5,9,2917,1749,1168,267,913,2004,7.2473306410696,7.63958261863922,6.65996017123288,6.58033707865169,7.17672508214677,7.27949774451098,171
"172",2015,10,6.69230769230769,13,6.91666666666667,6.5,6.5,8.5,6.36363636363636,6,7,2,2,11,2930,1755,1175,269,915,2015,7.24486808191127,7.63711111111111,6.65900721702128,6.57973977695167,7.1796174863388,7.27449800496278,172
"173",2015,11,7.17647058823529,17,7.36363636363636,6.83333333333333,7.5,6.875,7.26923076923077,11,6,2,4,13,2947,1766,1181,271,919,2028,7.24447352561928,7.63540770101925,6.65989287044877,6.58653136531365,7.17829162132753,7.27446424063116,173
"174",2015,12,7.18421052631579,19,7.72222222222222,6.7,7,7.9,6.92857142857143,9,10,3,5,14,2966,1775,1191,274,924,2042,7.24408748482805,7.63584788732394,6.66022962216625,6.59105839416058,7.18219696969697,7.272092791381,174
"175",2016,1,7.30208333333333,24,7.71428571428571,6.725,7.5,5.7,7.72368421052632,14,10,2,5,19,2990,1789,1201,276,929,2061,7.24455300334448,7.63646171045277,6.66076892589509,6.59764492753623,7.17421959095802,7.27625593401261,175
"176",2016,2,6.975,20,7.19230769230769,6.57142857142857,NA,6.83333333333333,7.03571428571429,13,7,0,6,14,3010,1802,1208,276,935,2075,7.24276195348838,7.63325749167592,6.66025122516557,6.59764492753623,7.1720320855615,7.27463300240964,176
"177",2016,3,6.9625,20,7.38888888888889,6.61363636363636,6.625,6.8,7.01666666666667,9,11,4,5,15,3030,1811,1219,280,940,2090,7.24091203960396,7.632043070127,6.65983058244463,6.59803571428571,7.17005319148936,7.27278156937799,177
"178",2016,4,6.84375,16,8,5.94444444444444,6.33333333333333,7.5,6.75,7,9,3,2,14,3046,1818,1228,283,942,2104,7.23882583059751,7.6334598459846,6.65458752442997,6.5952296819788,7.17075371549894,7.26930298479087,178
"179",2016,5,7,11,7.42857142857143,6.25,6,7.66666666666667,6.2,7,4,1,6,5,3057,1825,1232,284,948,2109,7.23796646385345,7.63267397260274,6.65327392857143,6.5931338028169,7.17389240506329,7.26676788999526,179
"180",2016,6,7.4375,16,7.7,7,NA,8.5,7.28571428571429,10,6,0,2,14,3073,1835,1238,284,950,2123,7.23900536283762,7.63304087193461,6.6549543457189,6.5931338028169,7.17668421052631,7.26689283089967,180
"181",2016,7,7.03409090909091,22,7.52083333333333,6.45,5.75,6.3125,7.19444444444444,12,10,4,4,18,3095,1847,1248,288,954,2141,7.2375487819063,7.63231185706551,6.65331208333334,6.58142361111111,7.1730607966457,7.26628373657169,181
"182",2016,8,6.83275862068966,29,6.95952380952381,6.5,7.45,6.25,7.0547619047619,21,8,2,8,21,3124,1868,1256,290,962,2162,7.23379112676057,7.62474839400428,6.65233557324841,6.58741379310345,7.16538461538461,7.26422917668825,182
"183",2016,9,6.86,20,7.2,6.44444444444444,5.33333333333333,6,7.075,11,9,3,4,16,3144,1879,1265,293,966,2178,7.23141332061069,7.622261841405,6.65085650592886,6.57457337883959,7.16055900621118,7.26283906336088,183
"184",2016,10,7.4,15,7.5,7.28571428571429,7.66666666666667,7,7.5,8,7,3,3,12,3159,1887,1272,296,969,2190,7.2322138271605,7.6217435082141,6.65435022012579,6.58564189189189,7.16006191950464,7.26413857534247,184
"185",2016,11,7.48333333333333,24,8.05714285714286,6.68,7,7.82,7.39473684210526,14,10,2,5,19,3183,1901,1282,298,974,2209,7.23410728243795,7.62495002630195,6.65455029641186,6.58842281879195,7.16344969199179,7.2652618741512,185
"186",2016,12,6.5,15,6.66666666666667,6.38888888888889,6,6.66666666666667,6.45833333333333,6,9,2,3,12,3198,1907,1291,300,977,2221,7.23066400250157,7.62193497640273,6.65269828040279,6.5845,7.16192425793245,7.26090206213417,186
"187",2017,1,6.77666666666667,30,7.40555555555556,5.83333333333333,5.83333333333333,7.9,6.43478260869565,18,12,6,7,23,3228,1925,1303,306,984,2244,7.22644469640645,7.61991168831169,6.64515232540292,6.56977124183007,7.16717479674797,7.25243470588235,187
"188",2017,2,6.692,25,7.12,6.05,5,5,6.83913043478261,15,10,3,2,23,3253,1940,1313,309,986,2267,7.22233737473102,7.61604639175258,6.64061955826352,6.55453074433657,7.16277890466531,7.24824149977944,188
"189",2017,3,7.17647058823529,17,7.81818181818182,6,6.75,8,6.83333333333333,11,6,4,5,12,3270,1951,1319,313,991,2279,7.2220989235474,7.61718605843157,6.63770544351782,6.55702875399361,7.16700302724521,7.24605681439228,189
"190",2017,4,7,14,7.54545454545455,5,5,6,7.16666666666667,11,3,2,2,12,3284,1962,1322,315,993,2291,7.22115209500609,7.61678389398573,6.63398901664145,6.54714285714286,7.16465256797583,7.24564097773898,190
"191",2017,5,6.80111111111111,18,7.392,6.0625,5,5.784,7.19230769230769,10,8,2,5,13,3302,1972,1330,317,998,2304,7.21886235009086,7.61564401622718,6.63055148872181,6.53738170347003,7.15773547094188,7.24534005208333,191
"192",2017,6,7.23333333333333,15,7.625,5.66666666666667,7,7.3,7.2,12,3,1,5,10,3317,1984,1333,318,1003,2314,7.21892779017184,7.61570060483871,6.62838220555139,6.53883647798742,7.15844466600199,7.24514411408816,192
"193",2017,7,6.91666666666667,18,7.3,6.76923076923077,7.1,7.3,6.76923076923077,5,13,5,5,13,3335,1989,1346,323,1008,2327,7.2172963958021,7.6149069884364,6.62974255572066,6.54752321981424,7.15914682539682,7.242485380318,193
"194",2017,8,6.69230769230769,13,7.5,6,7,7.25,6.44444444444444,6,7,1,4,9,3348,1995,1353,324,1012,2336,7.21525790919952,7.61456140350877,6.62648446415373,6.54891975308642,7.15950592885375,7.23941073630137,194
"195",2017,9,7.17647058823529,17,7.85,6.21428571428571,6.375,7.66666666666667,7.07142857142857,10,7,4,3,14,3365,2005,1360,328,1015,2350,7.21506195542348,7.61573566084788,6.62436285294118,6.54679878048781,7.16100492610837,7.23840999148936,195
"196",2017,10,7.24,15,8,6.73333333333333,7.2,6.86666666666667,7.33333333333333,6,9,3,3,12,3380,2011,1369,331,1018,2362,7.21517262721894,7.61688214818498,6.6250792403214,6.55271903323263,7.16013752455796,7.23889224386113,196
"197",2017,11,7.59318181818182,22,8.1125,6.97,7,8.37,7.36470588235294,12,10,1,5,17,3402,2023,1379,332,1023,2379,7.21761713109936,7.61982204646564,6.62758047860769,6.55406626506024,7.16605083088954,7.23979129045818,197
"198",2017,12,7.68181818181818,11,7.92857142857143,7.25,7,7.7,7.66666666666667,7,4,1,5,6,3413,2030,1383,333,1028,2385,7.21911323762086,7.62088669950739,6.62938067968185,6.55540540540541,7.16864785992218,7.24086519077568,198
"199",2018,1,7.485,20,7.78571428571429,6.78333333333333,7.7,8.175,7.3125,14,6,1,4,16,3433,2044,1389,334,1032,2401,7.22066224293621,7.6220156555773,6.63004570194385,6.55883233532934,7.1725484496124,7.2413425572678,199
"200",2018,2,6.16923076923077,13,6.41666666666667,5.95714285714286,6.16666666666667,6.5,6.14166666666667,6,7,3,1,12,3446,2050,1396,337,1033,2413,7.21669572838073,7.61848780487805,6.62667154727794,6.5553412462908,7.17189738625363,7.23587380024865,200
"201",2018,3,7.5,14,7.75,7.16666666666667,6.5,NA,7.5,8,6,1,0,14,3460,2058,1402,338,1033,2427,7.21784204624278,7.6189990281827,6.628982510699,6.5551775147929,7.17189738625363,7.23739739596209,201
"202",2018,4,6.83125,16,7.36363636363636,5.66,6.65,7.43333333333333,6.69230769230769,11,5,2,3,13,3476,2069,1407,340,1036,2440,7.21606256616801,7.61764137264379,6.62553907604833,6.55573529411765,7.17265444015444,7.2344932295082,202
"203",2018,5,6.89,10,7.58333333333333,5.85,4,6.6,7.08333333333333,6,4,1,4,6,3486,2075,1411,341,1040,2446,7.2151272174412,7.6175421686747,6.62334052445075,6.54824046920821,7.17045192307692,7.23412243663123,203
"204",2018,6,7.49375,16,7.54444444444444,7.42857142857143,7.5,8,7.46,9,7,2,1,15,3502,2084,1418,343,1041,2461,7.21640019417476,7.61722648752399,6.62731557122708,6.55379008746356,7.17124879923151,7.23549917919545,204
"205",2018,7,6.53333333333333,15,7,5.83333333333333,9,1,6.92857142857143,9,6,1,1,14,3517,2093,1424,344,1042,2475,7.21348691498436,7.6145723841376,6.62397014044944,6.5609011627907,7.16532629558541,7.23376302222222,205
"206",2018,8,6.73333333333333,15,8.33333333333333,5.66666666666667,6.5,9,6.57142857142857,6,9,2,1,14,3532,2099,1433,346,1043,2489,7.2114477576444,7.61662696522153,6.61795776692254,6.56054913294798,7.16708533077661,7.23003755725191,206
"207",2018,9,6.91666666666667,12,7.8,6.28571428571429,6.66666666666667,8,6.55555555555556,5,7,3,3,9,3544,2104,1440,349,1046,2498,7.21044962753951,7.61706273764259,6.61634269444445,6.56146131805158,7.1694741873805,7.22760747798239,207
"208",2018,10,7.44444444444444,9,7.66666666666667,7,NA,NA,7.44444444444444,6,3,0,0,9,3553,2110,1443,349,1046,2507,7.21104235294118,7.6172037914692,6.61714031878032,6.56146131805158,7.1694741873805,7.22838591144795,208
"209",2018,11,6.96666666666667,15,6.85714285714286,7.0625,NA,8,6.89285714285714,7,8,0,1,14,3568,2117,1451,349,1047,2521,7.21001498878924,7.61469059990553,6.61959578221916,6.56146131805158,7.17026743075454,7.22652260214201,209
"210",2018,12,6.77636363636364,22,7.44222222222222,6.31538461538462,5,7.5,6.61555555555556,9,13,2,4,18,3590,2126,1464,351,1051,2539,7.20735751532034,7.61396048918156,6.61689445355192,6.5525641025641,7.17152235965747,7.22219120913746,210
"211",2019,1,7.5,20,7.53333333333333,7.4,7.5,7,7.58823529411765,15,5,2,3,17,3610,2141,1469,353,1054,2556,7.2089788033241,7.61339560952826,6.61955989108237,6.55793201133145,7.17103415559772,7.22462577464789,211
"212",2019,2,7.15142857142857,14,6.77,7.4375,7.625,6.905,7.25,6,8,4,4,10,3624,2147,1477,357,1058,2566,7.2087564790287,7.61103865859339,6.62399016926202,6.56988795518207,7.17002835538752,7.2247246609509,212
"213",2019,3,6.85714285714286,14,7.6,6.44444444444444,7,9,6.69230769230769,5,9,1,1,13,3638,2152,1486,358,1059,2579,7.20740337548104,7.61101301115242,6.62290274562584,6.57108938547486,7.17175637393768,7.22204089957348,213
"214",2019,4,8.34666666666667,9,8,9.04,NA,8,8.44571428571428,6,3,0,2,7,3647,2158,1489,358,1061,2586,7.21021482862627,7.61209453197405,6.62777265278711,6.57108938547486,7.17331762488219,7.22535324052591,214
"215",2019,5,6.1,12,7.56666666666667,5.61111111111111,6.25,6.3,6.03333333333333,3,9,2,3,9,3659,2161,1498,360,1064,2595,7.20657378518721,7.61203146691347,6.62166453938585,6.56930555555556,7.17085526315789,7.22121906743738,215
"216",2019,6,7.35416666666667,12,7.40625,7.25,NA,6.875,7.45,8,4,0,2,10,3671,2169,1502,360,1066,2605,7.20705624625443,7.6112724757953,6.62333786950733,6.56930555555556,7.17030018761726,7.22209730518234,216
"217",2019,7,7.322222,15,7.26190428571429,7.375,8,NA,7.322222,7,8,3,0,15,3686,2176,1510,363,1066,2620,7.20752490775909,7.61014858915441,6.62732018543047,6.58112947658402,7.17030018761726,7.22267053816794,217
"218",2019,8,6.59375,16,7.5,5.6875,5.66666666666667,6.18,6.78181818181818,8,8,3,5,11,3702,2184,1518,366,1071,2631,7.20487217990276,7.60974511446887,6.62236724637681,6.57363387978142,7.16567693744164,7.22082736982136,218
"219",2019,9,7.58125,16,7.75454545454545,7.2,NA,NA,7.58125,11,5,0,0,16,3718,2195,1523,366,1071,2647,7.20649188004304,7.61047076537586,6.6242636112935,6.57363387978142,7.16567693744164,7.2230059727994,219
"220",2019,10,6.95,10,7.64285714285714,5.33333333333333,6,6,7.05555555555556,7,3,1,1,9,3728,2202,1526,367,1072,2656,7.20580386534335,7.61057371934605,6.62172574049804,6.57207084468665,7.1645895522388,7.22243855798193,220
"221",2019,11,6.9625,8,6.7,7.4,7.8,7.4,6.7,5,3,1,3,5,3736,2207,1529,368,1075,2661,7.20528287205568,7.60851079746262,6.62325276651407,6.57540760869565,7.16524651162791,7.22145689966178,221
"222",2019,12,6.90625,16,7.19230769230769,5.66666666666667,NA,7,6.9,13,3,0,1,15,3752,2220,1532,368,1076,2676,7.20400767857143,7.60607357207207,6.62137955613577,6.57540760869565,7.16509293680297,7.21965501121076,222
"223",2020,1,6.82380952380952,21,6.79166666666667,6.86666666666667,6.2,7.41666666666667,6.58666666666667,12,9,4,6,15,3773,2232,1541,372,1082,2691,7.20189154783992,7.60169504032258,6.62281212199871,6.57137096774194,7.16648798521257,7.21612664808621,223
"224",2020,2,7.58333333333333,12,7.66666666666667,7.5,8,7.25,7.65,6,6,1,2,10,3785,2238,1547,373,1084,2701,7.20310087450463,7.60186922698838,6.62621427278604,6.57520107238606,7.16664206642066,7.21773299148463,224
"225",2020,3,7.70833333333333,12,7.72222222222222,7.66666666666667,NA,7.25,7.9375,9,3,0,4,8,3797,2247,1550,373,1088,2709,7.20469760600474,7.60235128170895,6.62822805161291,6.57520107238606,7.16694852941176,7.21985854928018,225
"226",2020,4,7.42857142857143,14,8.05555555555556,6.3,7,7.625,7.35,9,5,2,4,10,3811,2256,1555,375,1092,2719,7.20552002361585,7.60415927748227,6.62717265594856,6.57746666666667,7.16862637362637,7.22033718646561,226
"227",2020,5,6.944375,16,7.45666666666667,6.28571428571429,5.5,7.37,6.84615384615385,9,7,2,3,13,3827,2265,1562,377,1095,2732,7.2044282231513,7.60357321412804,6.62564243277849,6.57175066312998,7.16917808219178,7.21855666544656,227
"228",2020,6,5.71428571428571,7,7.5,5,1,NA,5.71428571428571,2,5,1,0,7,3834,2267,1567,378,1095,2739,7.20170756651017,7.60348183943538,6.62045531589024,6.55701058201058,7.16917808219178,7.21471223439211,228
"229",2020,7,7.375,12,7.6875,6.75,5,7,7.40909090909091,8,4,1,1,11,3846,2275,1571,379,1096,2750,7.20224826053042,7.60377728791209,6.62078515595163,6.55290237467019,7.16902372262773,7.21548974909091,229
"230",2020,8,7.35,10,8.16666666666667,6.125,5,7.5,7.3125,6,4,1,2,8,3856,2281,1575,380,1098,2758,7.20263143412863,7.60525792634809,6.61952601904762,6.54881578947369,7.16962659380692,7.21577114213198,230
"231",2020,9,6.90625,16,8,6.05555555555556,NA,6,7.11538461538461,7,9,0,3,13,3872,2288,1584,380,1101,2771,7.20140671745868,7.60646561625874,6.61632164141414,6.54881578947369,7.1664396003633,7.21530018404908,231
"232",2020,10,7.62828272727273,11,7.67638875,7.5,NA,8,7.591111,8,3,0,1,10,3883,2296,1587,380,1102,2781,7.20261599793974,7.60670925087108,6.61799211090107,6.54881578947369,7.16719600725953,7.21665153541891,232
"233",2020,11,7.34117647058823,17,7.31111111111111,7.375,6.66666666666667,7.725,7.22307692307692,9,8,3,4,13,3900,2305,1595,383,1106,2794,7.20321997948718,7.60555507158352,6.62178901567398,6.54973890339426,7.16921338155515,7.21668143163923,233
"234",2020,12,7.26470588235294,17,7.75,6.57142857142857,5.33333333333333,7.66666666666667,7.17857142857143,10,7,3,3,14,3917,2315,1602,386,1109,2808,7.203486831759,7.6061790237581,6.62156896379526,6.54028497409327,7.17055906221821,7.21649142450142,234
"235",2021,1,7.05333333333333,15,7.48333333333333,5.33333333333333,NA,6.75,7.16363636363636,12,3,0,4,11,3932,2327,1605,386,1113,2819,7.20291401831129,7.60554552642888,6.61916104672898,6.54028497409327,7.16904761904762,7.21628517914154,235
"236",2021,2,6.76666666666667,15,6.95,6.4,6,7.33333333333333,6.625,10,5,2,3,12,3947,2337,1610,388,1116,2831,7.20125612363821,7.60274045357296,6.61848042236025,6.5375,7.16948924731182,7.21377884846344,236
"237",2021,3,7.33333333333333,9,7.6,7,6,10,7,5,4,2,1,8,3956,2342,1614,390,1117,2839,7.20155660262892,7.6027346029035,6.61942594795539,6.53474358974359,7.17202327663384,7.2131764424093,237
"238",2021,4,6.83636363636364,11,8.53333333333333,4.8,6.5,7,6.82,6,5,2,1,10,3967,2348,1619,392,1118,2849,7.20054396773381,7.60511262350937,6.61380696726375,6.53456632653061,7.1718694096601,7.21179639171639,238
"239",2021,5,7.45,16,8.02857142857143,7,5.66666666666667,NA,7.45,7,9,3,0,16,3983,2355,1628,395,1118,2865,7.20154605071554,7.60637131210191,6.61594194103194,6.52797468354431,7.1718694096601,7.21312667364747,239
"240",2021,6,6.25,8,6.5,6.16666666666667,6.66666666666667,5.5,6.5,2,6,3,2,6,3991,2357,1634,398,1120,2871,7.19963866700075,7.60543251591006,6.61429221542228,6.52902010050251,7.16888392857143,7.21163633577151,240
"241",2021,7,7.6875,8,7.9,7.33333333333333,8.33333333333333,6.25,8.16666666666667,5,3,3,2,6,3999,2362,1637,401,1122,2877,7.20061463365842,7.60605607112617,6.61560994502138,6.5425187032419,7.16724598930481,7.21362805700382,241
"242",2021,8,7.57142857142857,7,8,7,NA,5.5,8.4,4,3,0,2,5,4006,2366,1640,401,1124,2882,7.20126258612082,7.606722079459,6.61631309756098,6.5425187032419,7.1642793594306,7.21568630117974,242
"243",2021,9,6.91666666666667,12,7.64285714285714,5.9,NA,7.5,6.625,7,5,0,4,8,4018,2373,1645,401,1128,2890,7.20041262319562,7.60682867256637,6.61413585410335,6.5425187032419,7.16546985815603,7.214051183391,243
"244",2021,10,6.60833333333333,12,6.8125,6.2,NA,5.75,6.78,8,4,0,2,10,4030,2381,1649,401,1130,2900,7.19864960794045,7.60415978160437,6.61313127956337,6.5425187032419,7.16296460176991,7.21255445517241,244
"245",2021,11,6.58333333333333,12,7.71428571428571,5,NA,10,6.27272727272727,7,5,0,1,11,4042,2388,1654,401,1131,2911,7.19682284017813,7.60448259631491,6.60825482466748,6.5425187032419,7.16547303271441,7.20900306423909,245
"246",2021,12,6.45454545454545,11,6.57142857142857,6.25,7,5,7,7,4,2,3,8,4053,2395,1658,403,1134,2919,7.19480827041698,7.60146323173278,6.60739051869723,6.54478908188586,7.1597442680776,7.20843025693731,246
"247",2022,1,7.58571428571429,21,8.02307692307692,6.875,6.5,7,7.64736842105263,13,8,2,2,19,4074,2408,1666,405,1136,2938,7.19682324987727,7.60373938538206,6.60867555822329,6.54456790123457,7.15946302816901,7.21126886317223,247
"248",2022,2,7.21875,16,7.22222222222222,7.21428571428571,8,8,7.10714285714286,9,7,1,2,14,4090,2417,1673,406,1138,2952,7.19690902689487,7.60231875879189,6.61120949193067,6.54815270935961,7.16094024604569,7.21077504065041,248
"249",2022,3,7.57142857142857,7,8.66666666666667,6.75,8,8,7.5,3,4,1,1,6,4097,2420,1677,407,1139,2958,7.19754891872102,7.60363819834711,6.61154053667263,6.5517199017199,7.1616769095698,7.21136170385396,249
"250",2022,4,7.625,8,7.71428571428571,7,NA,8,7.5,7,1,0,2,6,4105,2427,1678,407,1141,2964,7.19838195371498,7.60395733003708,6.61177203814065,6.5517199017199,7.16314636283961,7.21194599190283,250
"251",2022,5,6.86363636363636,11,7.27777777777778,5,8,8,6.75,9,2,1,1,10,4116,2436,1680,408,1142,2974,7.19748734693878,7.60275223316913,6.60985326190476,6.55526960784314,7.16387915936953,7.21039271015467,251
"252",2022,6,7.31,10,8.3,5,6,7.86666666666667,7.07142857142857,7,3,1,3,7,4126,2443,1683,409,1145,2981,7.19776003877848,7.60475007777323,6.60698364824718,6.5539119804401,7.16572052401747,7.21006639382758,252
"253",2022,7,6.82352941176471,17,6.625,7,NA,6.33333333333333,6.92857142857143,8,9,0,3,14,4143,2451,1692,409,1148,2995,7.19622445570843,7.60155219910241,6.6090741607565,6.5539119804401,7.16354529616725,7.20875055759599,253
"254",2022,8,7.62777777777778,18,8.18181818181818,6.75714285714286,8,8.66666666666667,7.10833333333333,11,7,1,6,12,4161,2462,1699,410,1154,3007,7.19809130497477,7.60414477660439,6.60968421424367,6.55743902439025,7.17136048526863,7.2083498237446,254
