"","year","month","avg_rating","no_ratings","avg_rating_owned","avg_rating_not_owned","avg_rating_prev_owned","avg_rating_comment","avg_rating_no_comment","no_ratings_owned","no_ratings_not_owned","no_ratings_prev_owned","no_ratings_comment","no_ratings_no_comment","cum_no_ratings","cum_no_ratings_owned","cum_no_ratings_not_owned","cum_no_ratings_prev_owned","cum_no_ratings_comment","cum_no_ratings_no_comment","cum_avg_rating","cum_avg_rating_owned","cum_avg_rating_not_owned","cum_avg_rating_prev_owned","cum_avg_rating_comment","cum_avg_rating_no_comment","month_after_release"
"1",2001,10,4,1,NA,4,NA,NA,4,0,1,0,0,1,1,0,1,0,0,1,4,NA,4,NA,NA,4,0
"2",2001,11,3.5,2,NA,3.5,NA,NA,3.5,0,2,0,0,2,3,0,3,0,0,3,3.66666666666667,NA,3.66666666666667,NA,NA,3.66666666666667,1
"3",2002,2,5,4,5.66666666666667,3,NA,6,4,3,1,0,2,2,7,3,4,0,2,5,4.42857142857143,5.66666666666667,3.5,NA,6,3.8,4
"4",2002,3,5.66666666666667,3,5.66666666666667,NA,NA,6,5.5,3,0,0,1,2,10,6,4,0,3,7,4.8,5.66666666666667,3.5,NA,6,4.28571428571429,5
"5",2002,4,5,1,5,NA,NA,NA,5,1,0,0,0,1,11,7,4,0,3,8,4.81818181818182,5.57142857142857,3.5,NA,6,4.375,6
"6",2002,5,4,1,4,NA,NA,4,NA,1,0,0,1,0,12,8,4,0,4,8,4.75,5.375,3.5,NA,5.5,4.375,7
"7",2002,6,5.5,4,5,7,NA,5.33333333333333,6,3,1,0,3,1,16,11,5,0,7,9,4.9375,5.27272727272727,4.2,NA,5.42857142857143,4.55555555555556,8
"8",2002,7,5.25,6,5.5,5,NA,5.5,5,3,3,0,3,3,22,14,8,0,10,12,5.02272727272727,5.32142857142857,4.5,NA,5.45,4.66666666666667,9
"9",2002,8,4.75,8,4.2,5.66666666666667,5,4,5,5,3,1,2,6,30,19,11,1,12,18,4.95,5.02631578947368,4.81818181818182,5,5.20833333333333,4.77777777777778,10
"10",2002,9,5.25,4,5.5,5,NA,5.5,5,2,2,0,2,2,34,21,13,1,14,20,4.98529411764706,5.07142857142857,4.84615384615385,5,5.25,4.8,11
"11",2002,10,3.33333333333333,3,3.5,3,NA,NA,3.33333333333333,2,1,0,0,3,37,23,14,1,14,23,4.85135135135135,4.93478260869565,4.71428571428571,5,5.25,4.60869565217391,12
"12",2002,11,6,5,6.75,3,NA,3,6.75,4,1,0,1,4,42,27,15,1,15,27,4.98809523809524,5.2037037037037,4.6,5,5.1,4.92592592592593,13
"13",2002,12,3.5,2,5,2,NA,2,5,1,1,0,1,1,44,28,16,1,16,28,4.92045454545455,5.19642857142857,4.4375,5,4.90625,4.92857142857143,14
"14",2003,1,4.66666666666667,6,4.33333333333333,5,NA,4,4.8,3,3,0,1,5,50,31,19,1,17,33,4.89,5.11290322580645,4.52631578947368,5,4.85294117647059,4.90909090909091,15
"15",2003,2,5,4,6,2,2,4.66666666666667,6,3,1,1,3,1,54,34,20,2,20,34,4.89814814814815,5.19117647058824,4.4,3.5,4.825,4.94117647058824,16
"16",2003,3,4.5,4,5.33333333333333,2,NA,6,4,3,1,0,1,3,58,37,21,2,21,37,4.87068965517241,5.2027027027027,4.28571428571429,3.5,4.88095238095238,4.86486486486486,17
"17",2003,4,6.5,2,6.5,NA,NA,NA,6.5,2,0,0,0,2,60,39,21,2,21,39,4.925,5.26923076923077,4.28571428571429,3.5,4.88095238095238,4.94871794871795,18
"18",2003,5,4.375,12,4.92857142857143,3.6,NA,4.9,4,7,5,0,5,7,72,46,26,2,26,46,4.83333333333333,5.21739130434783,4.15384615384615,3.5,4.88461538461539,4.80434782608696,19
"19",2003,6,3.8,6,5,2.6,NA,3.2,5,3,3,0,4,2,78,49,29,2,30,48,4.75384615384615,5.20408163265306,3.99310344827586,3.5,4.66,4.8125,20
"20",2003,7,4.12790697674419,43,4.31578947368421,3.97916666666667,NA,4.33333333333333,4.07352941176471,19,24,0,9,34,121,68,53,2,39,82,4.53140495867769,4.95588235294118,3.98679245283019,3.5,4.58461538461539,4.50609756097561,21
"21",2003,8,4.5625,16,5.5,3,4,7,4.21428571428571,10,6,1,2,14,137,78,59,3,41,96,4.53503649635036,5.02564102564103,3.8864406779661,3.66666666666667,4.70243902439024,4.46354166666667,22
"22",2003,9,4.15,10,4.8,3.5,NA,3.625,4.5,5,5,0,4,6,147,83,64,3,45,102,4.50884353741496,5.01204819277108,3.85625,3.66666666666667,4.60666666666667,4.4656862745098,23
"23",2003,10,5.16666666666667,15,5.61111111111111,4.5,NA,6.07142857142857,4.375,9,6,0,7,8,162,92,70,3,52,110,4.56975308641975,5.07065217391304,3.91142857142857,3.66666666666667,4.80384615384615,4.45909090909091,24
"24",2003,11,5.625,4,5.75,5.5,NA,5.625,NA,2,2,0,4,0,166,94,72,3,56,110,4.59518072289156,5.08510638297872,3.95555555555556,3.66666666666667,4.8625,4.45909090909091,25
"25",2003,12,5,9,6,4.71428571428571,NA,6.5,4.57142857142857,2,7,0,2,7,175,96,79,3,58,117,4.616,5.10416666666667,4.02278481012658,3.66666666666667,4.91896551724138,4.46581196581197,26
"26",2004,1,4.63636363636364,11,5,4.5,2,5.66666666666667,4.25,3,8,1,3,8,186,99,87,4,61,125,4.61720430107527,5.1010101010101,4.06666666666667,3.25,4.95573770491803,4.452,27
"27",2004,2,4.35,10,4.2,4.5,NA,3,4.6875,5,5,0,2,8,196,104,92,4,63,133,4.60357142857143,5.05769230769231,4.09021739130435,3.25,4.89365079365079,4.46616541353383,28
"28",2004,3,4.5,10,4.625,4,NA,4.33333333333333,4.57142857142857,8,2,0,3,7,206,112,94,4,66,140,4.59854368932039,5.02678571428571,4.08829787234042,3.25,4.86818181818182,4.47142857142857,29
"29",2004,4,4.09090909090909,11,4.4,3.83333333333333,NA,4.5,3.85714285714286,5,6,0,4,7,217,117,100,4,70,147,4.57281105990783,5,4.073,3.25,4.84714285714286,4.4421768707483,30
"30",2004,5,3.64285714285714,14,4.125,3,3,3.42857142857143,3.85714285714286,8,6,1,7,7,231,125,106,5,77,154,4.51645021645021,4.944,4.01226415094339,3.2,4.71818181818182,4.41558441558442,31
"31",2004,6,3.5,8,3.8,3,5,3.5,3.5,5,3,1,6,2,239,130,109,6,83,156,4.48242677824268,4.9,3.98440366972477,3.5,4.63012048192771,4.40384615384615,32
"32",2004,7,4,13,4.83333333333333,3.28571428571429,3.5,4.2,3.875,6,7,2,5,8,252,136,116,8,88,164,4.45753968253968,4.89705882352941,3.94224137931034,3.5,4.60568181818182,4.3780487804878,33
"33",2004,8,3.5625,8,4.33333333333333,3.1,3.5,3.64285714285714,3,3,5,1,7,1,260,139,121,9,95,165,4.43,4.88489208633094,3.90743801652892,3.5,4.53473684210526,4.36969696969697,34
"34",2004,9,3.375,8,4.125,2.625,NA,3.5,3.16666666666667,4,4,0,5,3,268,143,125,9,100,168,4.39850746268657,4.86363636363636,3.8664,3.5,4.483,4.34821428571429,35
"35",2004,10,4,11,4.16666666666667,3.8,NA,4.66666666666667,3.75,6,5,0,3,8,279,149,130,9,103,176,4.38279569892473,4.83557046979866,3.86384615384615,3.5,4.48834951456311,4.32102272727273,36
"36",2004,11,4.8,10,4.85714285714286,4.66666666666667,2,4.33333333333333,5,7,3,1,3,7,289,156,133,10,106,183,4.39723183391003,4.83653846153846,3.88195488721804,3.35,4.48396226415094,4.34699453551913,37
"37",2004,12,4.11111111111111,9,4.5,3.8,NA,4.125,4,4,5,0,8,1,298,160,138,10,114,184,4.38859060402684,4.828125,3.87898550724638,3.35,4.45877192982456,4.34510869565217,38
"38",2005,1,4.71428571428571,21,5.16666666666667,4.11111111111111,5,5.0625,4.5,12,9,1,8,13,319,172,147,11,122,197,4.41003134796238,4.85174418604651,3.89319727891156,3.5,4.49836065573771,4.35532994923858,39
"39",2005,2,4.64,25,4.58823529411765,4.75,NA,4.69230769230769,4.58333333333333,17,8,0,13,12,344,189,155,11,135,209,4.42674418604651,4.82804232804233,3.93741935483871,3.5,4.51703703703704,4.36842105263158,40
"40",2005,3,3.94615384615385,13,3.92222222222222,4,3.5,3.88333333333333,4,9,4,2,6,7,357,198,159,13,141,216,4.40924369747899,4.78686868686869,3.93899371069182,3.5,4.49007092198582,4.35648148148148,41
"41",2005,4,4.2,10,4.85714285714286,2.66666666666667,NA,4,4.4,7,3,0,5,5,367,205,162,13,146,221,4.40354223433242,4.78926829268293,3.91543209876543,3.5,4.47328767123288,4.35746606334842,42
"42",2005,5,4.57692307692308,13,5,4.21428571428571,4,4.6,4.5625,6,7,1,5,8,380,211,169,14,151,229,4.40947368421052,4.79526066350711,3.92781065088757,3.53571428571429,4.47748344370861,4.3646288209607,43
"43",2005,6,3.54818181818182,11,5.44333333333333,2.8375,4.3,3.066,3.95,3,8,1,5,6,391,214,177,15,156,235,4.38524296675192,4.80434579439252,3.87853107344633,3.58666666666667,4.43224358974359,4.35404255319149,44
"44",2005,7,4.85714285714286,7,5.6,3,4,3.66666666666667,5.75,5,2,1,3,4,398,219,179,16,159,239,4.39354271356784,4.82251141552511,3.86871508379888,3.6125,4.41779874213837,4.37740585774059,45
"45",2005,8,4.67391304347826,23,4.95833333333333,4.36363636363636,3,4.39285714285714,5.11111111111111,12,11,1,14,9,421,231,190,17,173,248,4.40885985748218,4.8295670995671,3.89736842105263,3.57647058823529,4.41578034682081,4.40403225806452,46
"46",2005,9,5.2671875,16,5.33928571428571,5.21111111111111,5,4.85714285714286,5.58611111111111,7,9,2,7,9,437,238,199,19,180,257,4.44028604118993,4.84455882352941,3.95678391959799,3.72631578947368,4.43294444444445,4.4454280155642,47
"47",2005,10,4.65555555555556,18,5.31111111111111,4,5,3.75555555555556,5.55555555555556,9,9,1,9,9,455,247,208,20,189,266,4.4488021978022,4.86155870445344,3.95865384615385,3.79,4.40068783068783,4.48298872180451,48
"48",2005,11,4.05,20,4.20833333333333,3.8125,NA,3.25,4.85,12,8,0,10,10,475,259,216,20,199,276,4.43201052631579,4.83129343629344,3.95324074074074,3.79,4.34286432160804,4.49628623188406,49
"49",2005,12,4.75,20,4.92857142857143,4.33333333333333,NA,4.28571428571429,5,14,6,0,7,13,495,273,222,20,206,289,4.44485858585858,4.83628205128205,3.96351351351351,3.79,4.34092233009709,4.5189446366782,50
"50",2006,1,4.56756756756757,37,4.96153846153846,3.63636363636364,4.5,4.28571428571429,4.73913043478261,26,11,2,14,23,532,299,233,22,220,312,4.45339285714286,4.84717391304348,3.9480686695279,3.85454545454545,4.33740909090909,4.53517628205128,51
"51",2006,2,5.05,15,4.85,5.45,4,4.125,5.66666666666667,10,5,2,6,9,547,309,238,24,226,321,4.46975319926874,4.84726537216828,3.9796218487395,3.86666666666667,4.33176991150443,4.56690031152648,52
"52",2006,3,4.64705882352941,17,4.70833333333333,4.5,NA,3.66666666666667,4.85714285714286,12,5,0,3,14,564,321,243,24,229,335,4.4750975177305,4.84207165109034,3.990329218107,3.86666666666667,4.32305676855895,4.57902985074627,53
"53",2006,4,4.45833333333333,12,4.14285714285714,4.9,NA,3.66666666666667,4.72222222222222,7,5,0,3,9,576,328,248,24,232,344,4.47474826388889,4.8271493902439,4.00866935483871,3.86666666666667,4.31456896551724,4.5827761627907,54
"54",2006,5,4.3,10,4.5,4.16666666666667,5,4.28571428571429,4.33333333333333,4,6,1,7,3,586,332,254,25,239,347,4.47176621160409,4.8232078313253,4.01240157480315,3.912,4.31372384937239,4.58061959654179,55
"55",2006,6,4.3,14,4.4,4.16666666666667,5,4.2,4.35555555555556,8,6,1,5,9,600,340,260,26,244,356,4.46775833333333,4.81325,4.01596153846154,3.95384615384615,4.31139344262295,4.5749297752809,56
"56",2006,7,4.51923076923077,26,4.83333333333333,4.09090909090909,4.5,4.42857142857143,4.55263157894737,15,11,2,7,19,626,355,271,28,251,375,4.46989616613418,4.8140985915493,4.0190036900369,3.99285714285714,4.31466135458167,4.5738,57
"57",2006,8,4.05555555555556,9,4.16666666666667,3.83333333333333,6,3.3,5,6,3,1,5,4,635,361,274,29,256,379,4.46402362204724,4.8033379501385,4.01697080291971,4.06206896551724,4.29484375,4.5782981530343,58
"58",2006,9,4.26470588235294,17,4.33333333333333,4.22727272727273,3.5,4.2,4.35714285714286,6,11,4,10,7,652,367,285,33,266,386,4.45882668711656,4.79565395095368,4.02508771929824,3.99393939393939,4.29127819548872,4.57428756476684,59
"59",2006,10,3.775,20,4.625,3.20833333333333,NA,4.14285714285714,3.57692307692308,8,12,0,7,13,672,375,297,33,273,399,4.43847470238095,4.79201333333333,3.99208754208754,3.99393939393939,4.28747252747253,4.54179197994988,60
"60",2006,11,4.36363636363636,11,6.2,2.83333333333333,3,3.5,4.85714285714286,5,6,1,4,7,683,380,303,34,277,406,4.43726939970717,4.81053947368421,3.96914191419142,3.96470588235294,4.27610108303249,4.54722906403941,61
"61",2006,12,4.5,43,4.98076923076923,3.76470588235294,4,4.10526315789474,4.8125,26,17,3,19,24,726,406,320,37,296,430,4.44098484848485,4.82144088669951,3.95828125,3.96756756756757,4.26513513513513,4.56203488372093,62
"62",2007,1,4.01621621621622,37,4.09411764705882,3.95,4.8,4.2,3.91666666666667,17,20,5,13,24,763,423,340,42,309,454,4.42038663171691,4.79221040189125,3.95779411764706,4.06666666666667,4.26239482200647,4.52791850220265,63
"63",2007,2,4.41071428571429,28,4.69230769230769,4.16666666666667,5,4.16666666666667,4.47727272727273,13,15,3,6,22,791,436,355,45,315,476,4.42004424778761,4.78923165137615,3.96661971830986,4.12888888888889,4.26057142857143,4.52557773109244,64
"64",2007,3,4.26470588235294,17,4.66666666666667,4.04545454545455,4.25,3.95,4.71428571428571,6,11,2,10,7,808,442,366,47,325,483,4.41677599009901,4.78756787330317,3.96898907103825,4.13404255319149,4.25101538461538,4.52831262939959,65
"65",2007,4,4.06896551724138,29,4.64285714285714,3.53333333333333,4,4.36363636363636,3.88888888888889,14,15,1,11,18,837,456,381,48,336,501,4.40472520908005,4.783125,3.95183727034121,4.13125,4.25470238095238,4.50533932135729,66
"66",2007,5,4.52,25,4.88888888888889,4.3125,5,4.5,4.52380952380952,9,16,1,4,21,862,465,397,49,340,522,4.40806844547564,4.78517204301075,3.96637279596977,4.14897959183673,4.25758823529412,4.50608237547893,67
"67",2007,6,4.83333333333333,21,5.21428571428571,4.07142857142857,4.25,5.14285714285714,4.67857142857143,14,7,2,7,14,883,479,404,51,347,536,4.41818233295583,4.7977139874739,3.96819306930693,4.15294117647059,4.27544668587896,4.51058768656717,68
"68",2007,7,4.38888888888889,18,4.14285714285714,4.54545454545455,5,4.5,4.31818181818182,7,11,1,7,11,901,486,415,52,354,547,4.41759711431742,4.78828189300411,3.98349397590361,4.16923076923077,4.27988700564972,4.50671846435101,69
"69",2007,8,5.05555555555556,27,5.36666666666667,4.66666666666667,5,4.875,5.13157894736842,15,12,1,8,19,928,501,427,53,362,566,4.43615840517241,4.80559880239521,4.00269320843091,4.18490566037736,4.29303867403315,4.52769434628975,70
"70",2007,9,4.53103448275862,29,4.93125,4.03846153846154,NA,4.04,4.78947368421053,16,13,0,10,19,957,517,440,53,372,585,4.43903343782654,4.80948742746615,4.00375,4.18490566037736,4.28623655913978,4.53619658119658,71
"71",2007,10,4.4375,16,4.95,3.58333333333333,4,4.8125,4.0625,10,6,1,8,8,973,527,446,54,380,593,4.43900822199383,4.81215370018975,3.99809417040359,4.18148148148148,4.29731578947368,4.52980607082631,72
"72",2007,11,4.521875,32,4.53333333333333,4.51176470588235,5,3.5,4.98636363636364,15,17,1,10,22,1005,542,463,55,390,615,4.44164676616915,4.80443726937269,4.01695464362851,4.19636363636364,4.27687179487179,4.54613821138212,73
"73",2007,12,4.51428571428571,35,5.15384615384615,4.13636363636364,3.5,4.07142857142857,4.80952380952381,13,22,2,14,21,1040,555,485,57,404,636,4.44409134615384,4.81262162162162,4.02237113402062,4.1719298245614,4.26975247524752,4.55483490566038,74
"74",2008,1,4.08421052631579,38,4.72222222222222,3.51,3.5,3.83333333333333,4.16206896551724,18,20,2,9,29,1078,573,505,59,413,665,4.43140538033395,4.80978184991274,4.00207920792079,4.14915254237288,4.2602421307506,4.5377067669173,75
"75",2008,2,5.21481481481482,27,5.15555555555556,5.33333333333333,3.5,4.5,5.51578947368421,18,9,2,8,19,1105,591,514,61,421,684,4.45054751131222,4.82031302876481,4.02538910505837,4.12786885245902,4.26479809976247,4.56487573099415,76
"76",2008,3,4.25,32,4.31578947368421,4.15384615384615,4,4.30769230769231,4.21052631578947,19,13,2,13,19,1137,610,527,63,434,703,4.44490325417766,4.80459836065574,4.02855787476281,4.12380952380953,4.26608294930875,4.55529871977241,77
"77",2008,4,4.7304347826087,23,4.92,4.375,5,4.11111111111111,5.12857142857143,15,8,2,9,14,1160,625,535,65,443,717,4.45056465517241,4.807368,4.03373831775701,4.15076923076923,4.26293453724605,4.56649232914924,78
"78",2008,5,4.524,25,4.89285714285714,4.05454545454545,5,5.28571428571429,4.22777777777778,14,11,1,7,18,1185,639,546,66,450,735,4.45211392405063,4.80924100156495,4.03415750915751,4.16363636363636,4.27884444444444,4.55819727891157,79
"79",2008,6,4.425,36,5.4,3.9375,4.2,4.54,4.28125,12,24,5,20,16,1221,651,570,71,470,751,4.4513144963145,4.82013056835638,4.03008771929825,4.16619718309859,4.28995744680851,4.55229693741678,80
"80",2008,7,4.14814814814815,27,4.22222222222222,4.11111111111111,4.09090909090909,4.45,3.97058823529412,9,18,11,10,17,1248,660,588,82,480,768,4.44475560897436,4.81197727272727,4.03256802721088,4.15609756097561,4.29329166666666,4.53942057291667,81
"81",2008,8,4.30945945945946,37,4.66388888888889,3.97368421052632,3.9,4.12894736842105,4.5,18,19,10,19,18,1285,678,607,92,499,786,4.44085992217899,4.80804572271386,4.03072487644152,4.12826086956522,4.28703406813627,4.53851781170484,82
"82",2008,9,4.23333333333333,30,4.53846153846154,4,3.75,4.13636363636364,4.28947368421053,13,17,8,11,19,1315,691,624,100,510,805,4.43612547528517,4.80297395079595,4.02988782051282,4.098,4.28378431372549,4.5326397515528,83
"83",2008,10,4.66666666666667,18,5.09090909090909,4,4,4.75,4.6,11,7,3,8,10,1333,702,631,103,518,815,4.43923855963991,4.80748575498576,4.02955625990491,4.09514563106796,4.29098455598455,4.53346625766871,84
"84",2008,11,4.414,25,5.10714285714286,3.53181818181818,3.83333333333333,4.30454545454545,4.5,14,11,3,11,14,1358,716,642,106,529,829,4.43877393225331,4.81334497206704,4.02102803738318,4.0877358490566,4.29126654064272,4.53290108564536,85
"85",2008,12,4.31818181818182,33,4.59375,4.05882352941176,4,4.06153846153846,4.485,16,17,11,13,20,1391,732,659,117,542,849,4.43591301222142,4.80854508196721,4.02200303490137,4.07948717948718,4.28575645756457,4.53177267373381,86
"86",2009,1,4.17317073170732,82,4.50625,3.96,4.08,4.11666666666667,4.20576923076923,32,50,25,30,52,1473,764,709,142,572,901,4.42128649015614,4.7958835078534,4.01763046544429,4.07957746478873,4.27688811188811,4.51295782463929,87
"87",2009,2,4.6188679245283,53,4.92857142857143,4.415625,4.71428571428571,3.95384615384615,4.835,21,32,7,13,40,1526,785,741,149,585,941,4.42814875491481,4.79943312101911,4.03481781376518,4.10939597315436,4.2697094017094,4.52664718384697,88
"88",2009,3,4.72058823529412,34,4.73333333333333,4.71052631578947,4.27777777777778,4.13636363636364,5,15,19,9,11,23,1560,800,760,158,596,964,4.43452243589744,4.79819375,4.05171052631579,4.11898734177215,4.26724832214765,4.5379408713693,89
"89",2009,4,4.06388888888889,36,4.80909090909091,3.736,4.18333333333333,3.87692307692308,4.1695652173913,11,25,12,13,23,1596,811,785,170,609,987,4.42616228070175,4.79834155363749,4.04165605095541,4.12352941176471,4.25891625615763,4.52935663627153,90
"90",2009,5,4.19714285714286,35,4.31052631578947,4.0625,4.09090909090909,3.32727272727273,4.59583333333333,19,16,11,11,24,1631,830,801,181,620,1011,4.42124770079706,4.78717469879518,4.04207240948814,4.12154696132597,4.24238709677419,4.53093471810089,91
"91",2009,6,4.16326530612245,49,4.8,3.88235294117647,3.77777777777778,3.91666666666667,4.24324324324324,15,34,9,12,37,1680,845,835,190,632,1048,4.41372321428571,4.78740236686391,4.03556886227545,4.10526315789474,4.23620253164557,4.52077767175573,92
"92",2009,7,4.35681818181818,44,4.95294117647059,3.98148148148148,4.33846153846154,3.46153846153846,4.73225806451613,17,27,13,13,31,1724,862,862,203,645,1079,4.41227088167053,4.79066705336427,4.0338747099768,4.12019704433497,4.22058914728682,4.52685356811863,93
"93",2009,8,4.77083333333333,24,5.15,4.5,3.875,4.77777777777778,4.76666666666667,10,14,8,9,15,1748,872,876,211,654,1094,4.41719393592677,4.7947878440367,4.04132420091324,4.11090047393365,4.22825688073394,4.53014168190128,94
"94",2009,9,4.38387096774194,31,4.49333333333333,4.28125,4.75,3.99,4.57142857142857,15,16,6,10,21,1779,887,892,217,664,1115,4.41661326587971,4.78968996617813,4.04562780269058,4.12857142857143,4.22466867469879,4.53091928251121,95
"95",2009,10,4.140625,32,4.53125,3.75,3.4,4.77777777777778,3.89130434782609,16,16,5,9,23,1811,903,908,222,673,1138,4.41173660960795,4.78511074197121,4.04041850220264,4.11216216216216,4.23206537890044,4.5179920913884,96
"96",2009,11,4.29166666666667,30,4.57352941176471,3.92307692307692,4.16666666666667,3.6875,4.98214285714286,17,13,6,16,14,1841,920,921,228,689,1152,4.40978001086366,4.78120108695652,4.03876221498371,4.11359649122807,4.21941944847605,4.5236328125,97
"97",2009,12,4.44893617021277,47,4.57777777777778,4.275,4.875,4.66666666666667,4.37428571428571,27,20,8,12,35,1888,947,941,236,701,1187,4.41075476694915,4.77540126715945,4.04378320935175,4.13940677966102,4.22707560627675,4.51922914911542,98
"98",2010,1,4.5875,40,4.88095238095238,4.26315789473684,4.28571428571429,4,4.75806451612903,21,19,7,9,31,1928,968,960,243,710,1218,4.41442168049792,4.77769111570248,4.048125,4.14362139917695,4.22419718309859,4.5253078817734,99
"99",2010,2,4.50909090909091,33,4.95625,4.08823529411765,4.25,4.1875,4.612,16,17,10,8,25,1961,984,977,253,718,1243,4.41601478837328,4.78059451219512,4.04882292732856,4.14782608695652,4.22378830083565,4.52705148833468,100
"100",2010,3,3.84782608695652,23,4,3.70833333333333,3.92857142857143,3.375,3.94736842105263,11,12,7,4,19,1984,995,989,260,722,1262,4.40942792338709,4.7719648241206,4.04469160768453,4.14192307692307,4.21908587257618,4.51832408874802,101
"101",2010,4,4.60714285714286,28,4.83333333333333,4.4375,4,4.8,4.5,12,16,5,10,18,2012,1007,1005,265,732,1280,4.41217942345924,4.77269612711023,4.05094527363184,4.13924528301887,4.2270218579235,4.51806640625,102
"102",2010,5,4.78181818181818,33,4.98666666666667,4.61111111111111,5.1,4.3,4.99130434782609,15,18,10,10,23,2045,1022,1023,275,742,1303,4.41814425427873,4.77583659491194,4.06080156402737,4.17418181818182,4.22800539083558,4.52641980046048,103
"103",2010,6,4.38636363636364,22,4.92307692307692,3.61111111111111,5.75,3,4.69444444444444,13,9,2,4,18,2067,1035,1032,277,746,1321,4.41780599903241,4.77768599033817,4.05687984496124,4.185559566787,4.22142091152815,4.52870931112793,104
"104",2010,7,5.24055555555556,18,5.5,4.91625,5.04333333333333,6.76,4.65615384615385,10,8,3,5,13,2085,1045,1040,280,751,1334,4.42490887290168,4.7845980861244,4.06349038461539,4.19475,4.23832223701731,4.52995127436282,105
"105",2010,8,4.81666666666667,24,5.08461538461538,4.5,3.33333333333333,4.65,4.85,13,11,3,4,20,2109,1058,1051,283,755,1354,4.42936699857752,4.78828449905482,4.06805899143673,4.1856183745583,4.24050331125828,4.53467872968981,106
"106",2010,9,4.73125,32,4.99375,4.46875,5.3,4.5,4.796,16,16,5,7,25,2141,1074,1067,288,762,1379,4.43387902849136,4.79134543761639,4.07406747891284,4.20496527777778,4.24288713910761,4.53941624365482,107
"107",2010,10,4.72222222222222,27,5.26470588235294,3.8,3.66666666666667,4.44444444444444,4.86111111111111,17,10,3,9,18,2168,1091,1077,291,771,1397,4.43747001845018,4.79872135655362,4.07152274837512,4.19941580756014,4.24523994811932,4.54356120257695,108
"108",2010,11,4.40277777777778,36,5.05,3.59375,3.6,4.55555555555556,4.35185185185185,20,16,5,9,27,2204,1111,1093,296,780,1424,4.43690335753176,4.80324482448245,4.06452881976212,4.18929054054054,4.24882051282051,4.53992626404494,109
"109",2010,12,4.46470588235294,34,4.48235294117647,4.44705882352941,4.02,4.875,4.41,17,17,5,4,30,2238,1128,1110,301,784,1454,4.43732573726541,4.79840868794326,4.07038738738739,4.18647840531561,4.25201530612245,4.53724552957359,110
"110",2011,1,4.36190476190476,42,4.73181818181818,3.955,4.9375,4.05,4.459375,22,20,8,10,32,2280,1150,1130,309,794,1486,4.43593640350877,4.7971347826087,4.06834513274336,4.20592233009709,4.24947103274559,4.53556864064603,111
"111",2011,2,4.42105263157895,38,4.93333333333333,4.08695652173913,5.5,4.72222222222222,4.32758620689655,15,23,4,9,29,2318,1165,1153,313,803,1515,4.43569240724763,4.79888841201717,4.06871639202082,4.22246006389776,4.25476961394769,4.53158745874588,112
"112",2011,3,4.63732432432432,37,4.72324,4.45833333333333,4.16033333333333,5.55555555555556,4.34217857142857,25,12,3,9,28,2355,1190,1165,316,812,1543,4.43886029723991,4.79729915966387,4.07272961373391,4.22187025316456,4.26918719211822,4.52815035644848,113
"113",2011,4,3.91304347826087,23,5.09090909090909,2.83333333333333,4,3.33333333333333,4.11764705882353,11,12,2,6,17,2378,1201,1177,318,818,1560,4.43377460050462,4.79998834304746,4.06009345794392,4.22047484276729,4.26232273838631,4.52367692307692,114
"114",2011,5,4.64814814814815,27,5.5,3.73076923076923,4.08333333333333,4.66666666666667,4.63333333333333,14,13,6,12,15,2405,1215,1190,324,830,1575,4.43618128898129,4.80805432098766,4.05649579831933,4.21793518518518,4.26816867469879,4.52472126984127,115
"115",2011,6,4.47619047619048,21,4.92307692307692,3.75,5,4.75,4.41176470588235,13,8,2,4,17,2426,1228,1198,326,834,1592,4.43652761747733,4.80927198697069,4.054449081803,4.22273312883435,4.27047961630695,4.52351507537688,116
"116",2011,7,4.74785714285714,28,5.14944444444444,4.025,3.75,4.17,4.94047619047619,18,10,2,7,21,2454,1246,1208,328,841,1613,4.44007986960065,4.81418619582665,4.05420529801324,4.2198506097561,4.26964328180737,4.528943583385,117
"117",2011,8,4.59,30,4.57272727272727,4.6,4.44444444444444,4.36363636363636,4.72105263157895,11,19,9,11,19,2484,1257,1227,337,852,1632,4.44189049919485,4.81207319013524,4.06265688671557,4.22584866468843,4.27085680751174,4.53118014705882,118
"118",2011,9,4.62692307692308,26,5.29230769230769,3.96153846153846,4.33333333333333,4.28571428571429,4.75263157894737,13,13,3,7,19,2510,1270,1240,340,859,1651,4.44380717131474,4.81698897637795,4.06159677419355,4.22679705882353,4.27097788125727,4.53372864930345,119
"119",2011,10,4.6,30,4.63333333333333,4.56666666666667,4.25,4.11111111111111,4.80952380952381,15,15,4,9,21,2540,1285,1255,344,868,1672,4.44565196850394,4.81484513618677,4.06763346613546,4.22706686046511,4.26932027649769,4.53719258373206,120
"120",2011,11,5.02027027027027,37,5.91666666666667,3.84375,4.66666666666667,4.79545454545455,5.11538461538461,21,16,6,11,26,2577,1306,1271,350,879,1698,4.45390221187427,4.83256202143951,4.06481510621558,4.23460285714286,4.27590443686007,4.54604593639576,121
"121",2011,12,4.61555555555556,45,4.72241379310345,4.421875,3.95,4.25,4.73382352941176,29,16,5,11,34,2622,1335,1287,355,890,1732,4.45667658276125,4.83016928838951,4.06925407925408,4.23059436619718,4.27558426966292,4.54973210161663,122
"122",2012,1,4.63636363636364,55,5.14,4.032,4.41818181818182,4.92857142857143,4.59375,30,25,11,7,48,2677,1365,1312,366,897,1780,4.46036832274935,4.83697875457876,4.06854420731707,4.23623224043716,4.28068004459309,4.5509191011236,123
"123",2012,2,4.91575757575758,33,5.3425,3.77777777777778,4.83333333333333,4.28333333333333,5.0562962962963,24,9,3,6,27,2710,1389,1321,369,903,1807,4.46591365313653,4.84571346292297,4.06656320968963,4.24108672086721,4.2806976744186,4.55847039291644,124
"124",2012,3,4.26,25,5.125,3.46153846153846,3.125,4,4.38235294117647,12,13,4,8,17,2735,1401,1334,373,911,1824,4.46403144424132,4.84810563882941,4.06066716641679,4.22911796246649,4.27823271130625,4.55682894736842,125
"125",2012,4,4.484,25,4.72777777777778,3.85714285714286,3.5,3.8,4.75,18,7,3,7,18,2760,1419,1341,376,918,1842,4.46421231884058,4.84657928118393,4.05960477255779,4.22330053191489,4.27458605664488,4.55871661237785,126
"126",2012,5,4.84761904761905,42,5.33888888888889,4.47916666666667,4.33333333333333,5.33333333333333,4.76666666666667,18,24,6,6,36,2802,1437,1365,382,924,1878,4.46995931477516,4.85274599860821,4.06698168498168,4.22502879581152,4.28146103896104,4.56270287539936,127
"127",2012,6,4.95714285714286,28,5.21428571428571,4.7,5.5,5.9375,4.565,14,14,5,8,20,2830,1451,1379,387,932,1898,4.47477950530035,4.85623432115782,4.07340826686004,4.24150129198966,4.29567596566523,4.56272708113804,128
"128",2012,7,4.9062962962963,27,5.26315789473684,4.05875,3,5,4.885,19,8,1,5,22,2857,1470,1387,388,937,1920,4.47885754287714,4.86149387755102,4.07332372025955,4.23830154639175,4.29943436499466,4.56641979166667,129
"129",2012,8,4.6875,24,5.34615384615385,3.90909090909091,4.75,4.4,4.76315789473684,13,11,4,5,19,2881,1483,1398,392,942,1939,4.48059562651857,4.86574241402563,4.07203147353362,4.24352295918367,4.29996815286624,4.56834760185663,130
"130",2012,9,4.64444444444444,27,5.74285714285714,3.46153846153846,3.5,4.25,4.96,14,13,6,12,15,2908,1497,1411,398,954,1954,4.48211691884457,4.8739452237809,4.06640680368533,4.23231407035176,4.29933962264151,4.57135414534288,131
"131",2012,10,3.93676470588235,34,4.296875,3.61666666666667,4.01428571428571,3.83461538461538,4,16,18,7,13,21,2942,1513,1429,405,967,1975,4.47581441196465,4.86784269662922,4.06074177746676,4.22854567901234,4.29309203722854,4.56527898734177,132
"132",2012,11,4.79487179487179,39,5.04761904761905,4.5,5,4.83333333333333,4.77083333333333,21,18,4,15,24,2981,1534,1447,409,982,1999,4.4799885944314,4.8703037809648,4.06620594333103,4.23609046454767,4.30134419551935,4.56774687343672,133
"133",2012,12,4.902,50,5.41111111111111,4.30434782608696,3.92857142857143,4.84166666666667,4.92105263157895,27,23,7,12,38,3031,1561,1470,416,994,2037,4.48695018145826,4.87965791159513,4.06993197278912,4.23091586538461,4.30786720321931,4.57433775159548,134
"134",2013,1,4.51136363636364,44,5,3.925,3.83333333333333,4.23333333333333,4.6551724137931,24,20,6,15,29,3075,1585,1490,422,1009,2066,4.48729951219512,4.88148012618297,4.06798657718121,4.22526303317535,4.30675916749257,4.57547241045498,135
"135",2013,2,4.71612903225806,31,5.31666666666667,3.88461538461538,5.5,4.125,4.8037037037037,18,13,4,4,27,3106,1603,1503,426,1013,2093,4.48958338699292,4.88636681222708,4.0664005322688,4.23723239436619,4.30604146100691,4.57841662685141,136
"136",2013,3,4.42619047619048,42,4.595,4.27272727272727,3.71428571428571,4.1,4.528125,20,22,7,10,32,3148,1623,1525,433,1023,2125,4.4887376111817,4.88277634011091,4.06937704918033,4.22877829099307,4.30402737047898,4.57765929411765,137
"137",2013,4,4.24583333333333,24,4.5,3.94545454545455,4,4,4.31052631578947,13,11,3,5,19,3172,1636,1536,436,1028,2144,4.48689974779319,4.87973471882641,4.06848958333333,4.22720412844036,4.30254863813229,4.57529197761194,138
"138",2013,5,5.03772727272727,22,5.89363636363636,4.18181818181818,4.9,5.666,4.85294117647059,11,11,5,5,17,3194,1647,1547,441,1033,2161,4.49069380087664,4.88650637522769,4.06929541047188,4.23483219954648,4.30914811229429,4.57747616844054,139
"139",2013,6,4.34074074074074,27,4.55882352941176,3.97,3.84,3.44444444444444,4.78888888888889,17,10,5,9,18,3221,1664,1557,446,1042,2179,4.48943682086309,4.88315865384616,4.06865767501606,4.23040582959641,4.30167946257198,4.57922257916475,140
"140",2013,7,4.56666666666667,30,4.675,4.35,4.6,4.9375,4.43181818181818,20,10,5,8,22,3251,1684,1567,451,1050,2201,4.49014949246386,4.8806864608076,4.07045309508615,4.23450332594235,4.30652380952381,4.57774920490686,141
"141",2013,8,4.775,32,5.33333333333333,4.05714285714286,4.22857142857143,3.4,5.02962962962963,18,14,7,5,27,3283,1702,1581,458,1055,2228,4.49292598233323,4.88547356051704,4.07033523086654,4.23441266375545,4.30222748815166,4.58322531418312,142
"142",2013,9,4.796875,32,5.11904761904762,4.18181818181818,4.42857142857143,4.88888888888889,4.76086956521739,21,11,7,9,23,3315,1723,1592,465,1064,2251,4.49586003016591,4.88832037144516,4.07110552763819,4.23733548387096,4.30718984962406,4.58504042647712,143
"143",2013,10,4.35714285714286,21,4.78571428571429,3.5,3.5,5.25,4.26315789473684,14,7,2,2,19,3336,1737,1599,467,1066,2270,4.49498681055156,4.88749337938976,4.06860537836148,4.23417773019272,4.30895872420263,4.58234625550661,144
"144",2013,11,4.50657894736842,38,5.15625,4.03409090909091,4.5,4.25,4.5546875,16,22,6,6,32,3374,1753,1621,473,1072,2302,4.49511736810907,4.88994637763834,4.06813695249846,4.23754968287526,4.30862873134328,4.58196177237185,145
"145",2013,12,4.7,53,4.9,4.34210526315789,3.94444444444444,4.53846153846154,4.7525,34,19,9,13,40,3427,1787,1640,482,1085,2342,4.49828596440035,4.89013766088417,4.07131097560976,4.23207676348547,4.31138248847926,4.58487446626815,146
"146",2014,1,4.70689655172414,58,4.7741935483871,4.62962962962963,4.78571428571429,4.45454545454545,4.76595744680851,31,27,7,11,47,3485,1818,1667,489,1096,2389,4.50175781922525,4.88816061606161,4.08035392921416,4.24000204498977,4.31281934306569,4.5884370029301,147
"147",2014,2,4.85227272727273,44,5.36,4.18421052631579,3.66666666666667,4.5,4.8875,25,19,6,4,40,3529,1843,1686,495,1100,2429,4.50612808160952,4.89456104177971,4.08152431791222,4.23305252525252,4.3135,4.59336187731577,148
"148",2014,3,4.92857142857143,35,5.12105263157895,4.7,4.17142857142857,4.6875,5,19,16,7,8,27,3564,1862,1702,502,1108,2456,4.51027665544332,4.89687218045113,4.0873384253819,4.23219322709163,4.31620036101083,4.597832247557,149
"149",2014,4,4.91333333333333,30,5.12,4.5,4.6,3.73333333333333,5.20833333333333,20,10,5,6,24,3594,1882,1712,507,1114,2480,4.51364106844741,4.89924335812965,4.0897488317757,4.23582051282051,4.31306104129264,4.60374032258065,150
"150",2014,5,4.36785714285714,28,4.80526315789474,3.44444444444444,3.5,4.7,4.29565217391304,19,9,6,5,23,3622,1901,1721,513,1119,2503,4.51251408061844,4.89830405049974,4.0863742010459,4.22721442495126,4.31478999106345,4.60090930882941,151
"151",2014,6,4.84615384615385,26,5.25,4.375,4.5,4.75,4.875,14,12,4,6,20,3648,1915,1733,517,1125,2523,4.51489199561403,4.90087519582246,4.08837276399308,4.2293249516441,4.31711111111111,4.60308204518431,152
"152",2014,7,4.69432432432432,37,5.12166666666667,4.28947368421053,3.7,4.16666666666667,4.74088235294118,18,19,5,3,34,3685,1933,1752,522,1128,2557,4.51669362279511,4.90293119503363,4.09055365296804,4.22425478927203,4.3167109929078,4.60491435275714,153
"153",2014,8,4.33870967741935,31,4.60294117647059,4.01785714285714,4.55,4.2,4.36538461538461,17,14,5,5,26,3716,1950,1766,527,1133,2583,4.51520882669537,4.9003158974359,4.08997734994337,4.22734535104364,4.31619593998235,4.6025032907472,154
"154",2014,9,4.05862068965517,29,4.47692307692308,3.71875,3.35714285714286,3.85714285714286,4.12272727272727,13,16,7,7,22,3745,1963,1782,534,1140,2605,4.51167316421896,4.89751197147224,4.08664421997755,4.21593820224719,4.31337719298245,4.59845143953935,155
"155",2014,10,4.79,40,5.24285714285714,4.28947368421053,4.25,4.67777777777778,4.82258064516129,21,19,4,9,31,3785,1984,1801,538,1149,2636,4.51461453104359,4.90116733870968,4.08878400888395,4.21619144981412,4.31623150565709,4.60108725341427,156
"156",2014,11,4.79032258064516,31,5.275,3.90909090909091,4,4.5,4.83333333333333,20,11,4,4,27,3816,2004,1812,542,1153,2663,4.51685429769392,4.90489820359282,4.08769315673289,4.21459594095941,4.31686903729401,4.60344198272625,157
"157",2014,12,4.7625,40,5.29545454545455,4.11111111111111,4.16666666666667,4.4375,4.84375,22,18,6,8,32,3856,2026,1830,548,1161,2695,4.51940248962655,4.9091391905232,4.08792349726776,4.21407116788321,4.31770025839793,4.60629536178108,158
"158",2015,1,4.48870967741935,62,4.86111111111111,3.97307692307692,3.98461538461538,4.20909090909091,4.54901960784314,36,26,13,11,51,3918,2062,1856,561,1172,2746,4.5189167942828,4.90830067895248,4.08631465517241,4.20875401069518,4.31668088737201,4.60523160961399,159
"159",2015,2,4.39230769230769,52,4.65806451612903,4,3.5,3.90833333333333,4.5375,31,21,7,12,40,3970,2093,1877,568,1184,2786,4.51725843828715,4.90459436215958,4.08534896110815,4.20001936619718,4.31254222972973,4.6042591529074,160
"160",2015,3,4.184,50,4.95833333333333,3.46923076923077,3.7,4.14285714285714,4.1906976744186,24,26,11,7,43,4020,2117,1903,579,1191,2829,4.51311343283582,4.90520358998583,4.07693116132422,4.19051986183074,4.31154492023509,4.59797313538353,161
"161",2015,4,4.66818181818182,44,4.91333333333333,4.14285714285714,3.8,4.80769230769231,4.60967741935484,30,14,5,13,31,4064,2147,1917,584,1204,2860,4.51479232283465,4.90531718677224,4.0774126238915,4.18717636986301,4.31690199335548,4.5981,162
"162",2015,5,4.51162790697674,43,4.73076923076923,4.17647058823529,4,4.16666666666667,4.60294117647059,26,17,8,9,34,4107,2173,1934,592,1213,2894,4.51475919162406,4.90322871606075,4.07828335056877,4.18464695945945,4.31578730420445,4.59815687629579,163
"163",2015,6,4.42826086956522,46,4.88620689655172,3.64705882352941,3.94444444444444,4.04285714285714,4.4974358974359,29,17,9,7,39,4153,2202,1951,601,1220,2933,4.51380110763304,4.90300454132607,4.07452588416197,4.18104991680532,4.31422131147541,4.59681759290829,164
"164",2015,7,4.66382978723404,47,5.4,4.11851851851852,4.07142857142857,4.55,4.69459459459459,20,27,7,10,37,4200,2222,1978,608,1230,2970,4.51548,4.90747794779478,4.07512639029322,4.17978782894736,4.31613821138211,4.59803569023569,165
"165",2015,8,4.71666666666667,42,5.0037037037037,4.2,4.3,4.8,4.690625,27,15,5,10,32,4242,2249,1993,613,1240,3002,4.51747194719472,4.90863317029791,4.07606623181134,4.18076835236541,4.32004032258064,4.59902265156563,166
"166",2015,9,4.41666666666667,36,4.825,3.90625,4.25,5.125,4.328125,20,16,4,4,32,4278,2269,2009,617,1244,3034,4.51662365591398,4.90789598942266,4.0747137879542,4.18121717990275,4.32262861736334,4.59616545814107,167
"167",2015,10,4.64864864864865,37,4.86842105263158,4.41666666666667,4.625,4.08333333333333,4.75806451612903,19,18,8,6,31,4315,2288,2027,625,1250,3065,4.51775573580533,4.90756818181818,4.07775037000493,4.1868976,4.32148,4.59780293637847,168
"168",2015,11,4.81228070175439,57,5,4.49047619047619,3.68571428571429,4.55555555555556,4.86041666666667,36,21,7,9,48,4372,2324,2048,632,1259,3113,4.5215956084172,4.909,4.081982421875,4.18134651898734,4.32315329626688,4.60185223257308,169
"169",2015,12,4.64893617021277,47,5.40384615384615,3.71428571428571,4.16666666666667,4.75,4.63414634146341,26,21,6,6,41,4419,2350,2069,638,1265,3154,4.52294998868522,4.91447489361702,4.07825036249396,4.18120846394984,4.32517786561265,4.60227203551047,170
"170",2016,1,4.77966101694915,59,4.94871794871795,4.45,4,4,4.83636363636364,39,20,7,4,55,4478,2389,2089,645,1269,3209,4.52633229120143,4.91503390539975,4.08180947821924,4.17924186046511,4.32415287628053,4.60628420068558,171
"171",2016,2,4.6046511627907,43,4.9,4.19444444444444,3.4,5,4.51428571428571,25,18,5,8,35,4521,2414,2107,650,1277,3244,4.52707719531077,4.91487821043911,4.08277171333649,4.17324769230769,4.32838684416601,4.60529161528977,172
"172",2016,3,4.58461538461538,39,5.25238095238095,3.80555555555556,3,4.1875,4.68709677419355,21,18,5,8,31,4560,2435,2125,655,1285,3275,4.52756929824561,4.91778891170431,4.08042352941176,4.16429160305343,4.32750972762646,4.60606595419848,173
"173",2016,4,4.56967213114754,61,5.01829268292683,3.65,4.25,3.68181818181818,4.765,41,20,6,11,50,4621,2476,2145,661,1296,3325,4.52812508115127,4.91945315024233,4.07641025641025,4.16506959152798,4.32202932098765,4.60845593984963,174
"174",2016,5,4.72391304347826,46,5.28,4.06190476190476,4.31111111111111,4.5,4.7575,25,21,9,6,40,4667,2501,2166,670,1302,3365,4.53005485322477,4.92305717712915,4.07626962142197,4.16703134328358,4.32284946236559,4.61022763744428,175
"175",2016,6,4.66491228070175,57,5.17777777777778,3.78571428571429,3.5,4.75,4.65102040816326,36,21,4,8,49,4724,2537,2187,674,1310,3414,4.53168204911092,4.92667165944028,4.073479652492,4.16307270029673,4.32545801526717,4.61081312243703,176
"176",2016,7,4.96037735849057,53,5.64333333333333,4.0695652173913,3.83333333333333,5.72222222222222,4.80454545454545,30,23,6,9,44,4777,2567,2210,680,1319,3458,4.53643835042914,4.93504713673549,4.07343891402715,4.16016323529411,4.33498862774829,4.61327819548873,177
"177",2016,8,4.92045454545455,44,5.28,4.44736842105263,4.55555555555556,5.1875,4.86111111111111,25,19,9,8,36,4821,2592,2229,689,1327,3494,4.5399431653184,4.93837422839506,4.07662628981606,4.16532801161103,4.34012810851545,4.61583171150544,178
"178",2016,9,4.65555555555556,45,5.10344827586207,3.84375,4,4.44444444444444,4.70833333333333,29,16,7,9,36,4866,2621,2245,696,1336,3530,4.54101233045623,4.94020068676078,4.07496659242761,4.16366522988505,4.34083083832335,4.61677507082153,179
"179",2016,10,4.6,50,5.37931034482759,3.52380952380952,4.2,4.92,4.52,29,21,5,10,40,4916,2650,2266,701,1346,3570,4.54161228641172,4.94500603773585,4.0698587819947,4.16392439372325,4.34513372956909,4.61569075630253,180
"180",2016,11,4.82558139534884,43,5.13793103448276,4.17857142857143,4.2,4.42857142857143,4.90277777777778,29,14,5,7,36,4959,2679,2280,706,1353,3606,4.5440746118169,4.94709443822322,4.07052631578947,4.16417988668555,4.34556541019955,4.61855684969496,181
"181",2016,12,4.66307692307692,65,5.01219512195122,4.06666666666667,3.08333333333333,5,4.59444444444444,41,24,6,11,54,5024,2720,2304,712,1364,3660,4.54561425159236,4.94807573529412,4.07048611111111,4.15507162921348,4.35084310850439,4.61820109289618,182
"182",2017,1,4.59450549450549,91,4.934,4.18048780487805,4.195,4.23684210526316,4.68888888888889,50,41,20,19,72,5115,2770,2345,732,1383,3732,4.54648406647116,4.94782166064982,4.07240938166311,4.15616256830601,4.34927693420101,4.61956484458736,183
"183",2017,2,4.34259259259259,54,4.56451612903226,4.04347826086957,4.45454545454545,3.25,4.53260869565217,31,23,11,8,46,5169,2801,2368,743,1391,3778,4.54435403366222,4.94357943591574,4.07212837837838,4.1605800807537,4.34295470884256,4.61850608787719,184
"184",2017,3,4.75609756097561,41,5.08620689655172,3.95833333333333,4,5,4.72222222222222,29,12,5,5,36,5210,2830,2380,748,1396,3814,4.54602034548944,4.94504098939929,4.07155462184874,4.15950668449198,4.34530802292263,4.61948505506031,185
"185",2017,4,4.7375,56,5.16666666666667,3.965,3.64285714285714,4.05555555555556,4.86808510638298,36,20,7,9,47,5266,2866,2400,755,1405,3861,4.5480565894417,4.94782484298674,4.07066666666666,4.15471655629139,4.34345195729537,4.62251126651127,186
"186",2017,5,4.909375,64,5.095,4.6,4.69,4.60833333333333,4.97884615384615,40,24,10,12,52,5330,2906,2424,765,1417,3913,4.55239512195122,4.94985065381968,4.07590759075907,4.16171372549019,4.34569513055751,4.62724661385127,187
"187",2017,6,5.09324324324324,37,5.61111111111111,4.60263157894737,4.30555555555556,5.75,4.990625,18,19,9,5,32,5367,2924,2443,774,1422,3945,4.55612371902366,4.95392134062927,4.08000409332787,4.16338630490956,4.3506329113924,4.63019416983524,188
"188",2017,7,4.71857142857143,63,5.32941176470588,4.00241379310345,4.125,4.88,4.668125,34,29,8,15,48,5430,2958,2472,782,1437,3993,4.55800847145488,4.95823732251521,4.07909385113268,4.1629936061381,4.35615866388309,4.63065013774105,189
"189",2017,8,4.58432835820896,67,4.82790697674419,4.14791666666667,4.86,5.33333333333333,4.46810344827586,43,24,5,9,58,5497,3001,2496,787,1446,4051,4.55832927051119,4.95636987670776,4.07975560897436,4.16742185514612,4.36224066390041,4.62832288323871,190
"190",2017,9,4.89024390243902,41,5.26,4.3125,4.75,4.58333333333333,4.94285714285714,25,16,4,6,35,5538,3026,2512,791,1452,4086,4.56078656554713,4.95887838730998,4.08123805732484,4.17036788874842,4.36315426997245,4.63101713166912,191
"191",2017,10,4.83333333333333,63,5.12857142857143,4.46428571428571,4.08333333333333,5.375,4.79661016949153,35,28,12,4,59,5601,3061,2540,803,1456,4145,4.56385216925549,4.96081868670369,4.08546062992126,4.16906724782067,4.36593406593406,4.63337418576599,192
"192",2017,11,4.64318181818182,66,4.97023809523809,4.07083333333333,3.9,4.57142857142857,4.65169491525424,42,24,10,7,59,5667,3103,2564,813,1463,4204,4.56477607199576,4.96094618111505,4.08532371294852,4.16575768757687,4.36691729323308,4.63363130352046,193
"193",2017,12,4.71851351351351,74,5.36634146341463,3.91363636363636,3.46111111111111,3.95454545454545,4.85190476190476,41,33,9,11,63,5741,3144,2597,822,1474,4267,4.56675770771642,4.96623282442748,4.08314208702349,4.15804257907542,4.36383989145183,4.63685399578158,194
"194",2018,1,4.84836956521739,92,5.0155737704918,4.51935483870968,5.21,5.65,4.75060975609756,61,31,10,10,82,5833,3205,2628,832,1484,4349,4.57119938282187,4.96717191887676,4.08828767123288,4.17068629807692,4.37250673854447,4.63899885031042,195
"195",2018,2,4.87916666666667,48,5.38484848484848,3.76666666666667,3.8,4.61666666666667,4.91666666666667,33,15,5,6,42,5881,3238,2643,837,1490,4391,4.57371297398401,4.97142865966646,4.0864623533863,4.16847192353644,4.3734899328859,4.6416547483489,196
"196",2018,3,4.86,50,5.13636363636364,4.32352941176471,4.35714285714286,5,4.825,33,17,7,10,40,5931,3271,2660,844,1500,4431,4.57612645422357,4.97309263222256,4.08797744360902,4.17003672985782,4.37766666666666,4.64330986233356,197
"197",2018,4,4.83959070175439,57,5.24091965517241,4.42392857142857,4.6975,4.29625,4.9282993877551,29,28,12,8,49,5988,3300,2688,856,1508,4480,4.57863438042752,4.97544626363636,4.09147693452381,4.17743107476635,4.3772347480106,4.64642693526786,198
"198",2018,5,4.39125,48,4.7912,3.95652173913043,4.5,4.5,4.38136363636364,25,23,6,4,44,6036,3325,2711,862,1512,4524,4.57714424618953,4.97406095338346,4.09033198081888,4.17967633410672,4.37755952380952,4.64384895446508,199
"199",2018,6,4.8193,50,5.18216666666667,4.275,4.8,4.15727272727273,5.00602564102564,30,20,5,11,39,6086,3355,2731,867,1523,4563,4.57913369536641,4.97592180923994,4.09168436470157,4.18325374855824,4.37596848325672,4.64694448170064,200
"200",2018,7,4.87735849056604,53,5.27777777777778,4.46153846153846,4.77777777777778,4.375,4.96666666666667,27,26,9,8,45,6139,3382,2757,876,1531,4608,4.58170836781235,4.97833165878179,4.09517228871962,4.18936187214611,4.3759634225996,4.6500667686632,201
"201",2018,8,4.2974358974359,39,4.71818181818182,3.75294117647059,4.75,5.2,4.16470588235294,22,17,4,5,34,6178,3404,2774,880,1536,4642,4.5799138345743,4.97665031433608,4.09307498197548,4.19191022727272,4.37864583333333,4.64651177725119,202
"202",2018,9,4.80263157894737,38,4.9,4.61538461538461,4.4,4.64285714285714,4.83870967741935,25,13,5,7,31,6216,3429,2787,885,1543,4673,4.58127536518661,4.97609147564888,4.09551130247578,4.19308587570621,4.3798444588464,4.64778679007062,203
"203",2018,10,4.85438596491228,57,5.14102564102564,4.23333333333333,4,4.55,4.91914893617021,39,18,3,10,47,6273,3468,2805,888,1553,4720,4.58375700143472,4.9779462716263,4.09639572192513,4.19243355855855,4.38094011590469,4.65048891313559,204
"204",2018,11,4.76739130434783,46,4.7304347826087,4.80434782608696,4.5,4.8125,4.7578947368421,23,23,7,8,38,6319,3491,2828,895,1561,4758,4.5850937917392,4.976315574334,4.10215346534653,4.19483910614525,4.38315182575271,4.65134671500631,205
"205",2018,12,4.75616666666667,60,5.42030303030303,3.94444444444444,3.85714285714286,4.5,4.78462962962963,33,27,7,6,54,6379,3524,2855,902,1567,4812,4.58670287976172,4.98047323212259,4.10066199649737,4.19221840354767,4.38359923420548,4.65284240856193,206
"206",2019,1,4.87026315789474,76,5.2478,4.14423076923077,4.38888888888889,4.91666666666667,4.8615625,50,26,9,12,64,6455,3574,2881,911,1579,4876,4.59004146707978,4.98421311415781,4.10105518917043,4.1941613611416,4.38765041165294,4.65558196677605,207
"207",2019,2,4.72166666666667,60,4.95714285714286,4.515625,3.85454545454545,4.39090909090909,4.79591836734694,28,32,11,11,49,6515,3602,2913,922,1590,4925,4.59125367152724,4.98400268461966,4.1056093374528,4.19010954446854,4.38767295597484,4.6569782071066,208
"208",2019,3,5.13392857142857,56,5.60606060606061,4.45652173913043,4.6875,5.175,5.12708333333333,33,23,8,8,48,6571,3635,2936,930,1598,4973,4.59587850707655,4.98964997799175,4.1083583106267,4.19438817204301,4.39161451814768,4.66151571888196,209
"209",2019,4,4.77121212121212,33,5.28333333333333,4.34444444444444,4.02,4.625,4.78064516129032,15,18,10,2,31,6604,3650,2954,940,1600,5004,4.59675464415506,4.99085689589041,4.10979688557887,4.1925329787234,4.39190624999999,4.66225373101519,210
"210",2019,5,4.78747042553191,47,5.29212958333333,4.26086956521739,4.85714285714286,4.55555555555556,4.84239763157895,24,23,7,9,38,6651,3674,2977,947,1609,5042,4.59810235754022,4.99282492651061,4.11096405777628,4.19744561774023,4.39282162834058,4.6636114200714,211
"211",2019,6,5.072,50,5.17857142857143,4.93636363636364,4.4,5.04545454545455,5.07948717948718,28,22,5,11,39,6701,3702,2999,952,1620,5081,4.60163837934637,4.9942298163155,4.11701900633544,4.19850945378151,4.39725308641975,4.66680353867349,212
"212",2019,7,5.15188679245283,53,5.36842105263158,4.60333333333333,4.03125,4.5,5.32261904761905,38,15,8,11,42,6754,3740,3014,960,1631,5123,4.60595628960616,4.99803175935829,4.11943928334439,4.197115625,4.39794604537093,4.6721801249268,213
"213",2019,8,4.89768115942029,69,4.9435,4.83448275862069,4.61666666666667,4.99090909090909,4.88,40,29,12,11,58,6823,3780,3043,972,1642,5181,4.60890646050125,4.9974547037037,4.12625369700953,4.20229526748971,4.40191839220462,4.67450661648331,214
"214",2019,9,4.953125,64,5.29512195121951,4.34347826086957,4.84285714285714,5.08333333333333,4.92307692307692,41,23,7,12,52,6887,3821,3066,979,1654,5233,4.61210523885581,5.00064872546454,4.12788323548597,4.20687538304392,4.40686215235791,4.67697664437225,215
"215",2019,10,4.83680555555556,72,5.42307692307692,4.14393939393939,3.875,5.34166666666667,4.79090909090909,39,33,6,6,66,6959,3860,3099,985,1660,5299,4.61443005891651,5.00491678238342,4.12805421103582,4.20485380710659,4.41024096385541,4.67839569352708,216
"216",2019,11,4.75925925925926,54,4.75217391304348,4.76451612903226,5.25,4.28333333333333,4.81875,23,31,8,6,48,7013,3883,3130,993,1666,5347,4.615545241694,5.00341972186454,4.13435782747604,4.21327391742195,4.40978391356542,4.67965565363756,217
"217",2019,12,4.83368558823529,68,5.07050292682927,4.47407407407407,4,5,4.82048603174603,41,27,7,5,63,7081,3924,3157,1000,1671,5410,4.61764007908488,5.00412064220183,4.1372632245803,4.211781,4.41154997007779,4.68129563770795,218
"218",2020,1,4.76509433962264,106,5.11774193548387,4.26818181818182,4.5,4.6,4.79230769230769,62,44,15,15,91,7187,3986,3201,1015,1686,5501,4.61981486016419,5.00588795785248,4.13906279287723,4.21604039408867,4.41322657176749,4.68313204871842,219
"219",2020,2,4.86491525423729,59,5.47333333333333,4.23551724137931,3.93444444444444,5,4.86017543859649,30,29,9,2,57,7246,4016,3230,1024,1688,5558,4.62181057134971,5.00937983067729,4.13992879256966,4.2135654296875,4.41392180094786,4.6849477150054,220
"220",2020,3,4.53250743243243,74,5.08012333333333,3.68275862068965,4.21428571428571,4.875,4.4662185483871,45,29,7,12,62,7320,4061,3259,1031,1700,5620,4.62090778005465,5.01016374045801,4.13586069346425,4.21357032007759,4.41717647058823,4.6825346886121,221
"221",2020,4,5.14634013513514,74,5.360399375,4.75115384615385,5.502,5.63636363636364,5.06078047619048,48,26,15,11,63,7394,4109,3285,1046,1711,5683,4.62616636732486,5.01425507909467,4.14073059360731,4.23204684512428,4.42501461133839,4.68672780573641,222
"222",2020,5,4.71587301587302,63,5.14857142857143,4.175,4.18333333333333,5.41,4.58490566037736,35,28,6,10,53,7457,4144,3313,1052,1721,5736,4.62692424835725,5.01538950772201,4.14102022336251,4.23176901140684,4.43073794305636,4.6857869804742,223
"223",2020,6,4.94057971014493,69,5.37142857142857,4.49705882352941,5,5.11111111111111,4.915,35,34,4,9,60,7526,4179,3347,1056,1730,5796,4.62979990964656,5.01837140942809,4.14463698834777,4.23467897727272,4.43427745664739,4.68815978605935,224
"224",2020,7,4.5016393442623,61,4.96,3.88461538461538,3.5,4.08571428571429,4.55555555555556,35,26,6,7,54,7587,4214,3373,1062,1737,5850,4.62876948991696,5.01788659705743,4.14263267121257,4.23052824858757,4.43287276914219,4.68693574700855,225
"225",2020,8,4.88650793650794,63,5.10131578947368,4.56,4.85,5.04375,4.86363636363636,38,25,10,8,55,7650,4252,3398,1072,1745,5905,4.63089204183006,5.01863220131703,4.14570335491466,4.23630690298507,4.43567335243552,4.68858156138866,226
"226",2020,9,5.11684210526316,95,5.39767441860465,4.88461538461539,4.71428571428571,5.79583333333333,4.88732394366197,43,52,14,24,71,7745,4295,3450,1086,1769,5976,4.6368526946417,5.02242703608847,4.15684057971014,4.24246869244935,4.45412662521198,4.69094279116466,227
"227",2020,10,5.04166666666667,72,5.36904761904762,4.58333333333333,4.80769230769231,5.6875,4.9609375,42,30,13,8,64,7817,4337,3480,1099,1777,6040,4.64058131252399,5.02578374913534,4.16051724137931,4.24915468607825,4.45967923466516,4.69380366225166,228
"228",2020,11,4.69058823529412,85,4.9936170212766,4.31578947368421,4.17857142857143,4.25555555555556,4.7421052631579,47,38,14,9,76,7902,4384,3518,1113,1786,6116,4.64111922551253,5.0254388959854,4.16219442865264,4.24826684636118,4.45865061590145,4.69440387835187,229
"229",2020,12,4.7509375,128,4.95522388059702,4.52655737704918,5.059375,5.00411764705882,4.71216216216216,67,61,16,17,111,8030,4451,3579,1129,1803,6227,4.64286975342466,5.02438196360368,4.16840458228555,4.2597617360496,4.46379367720465,4.69472043038381,230
"230",2021,1,4.60903846153846,104,4.71818181818182,4.4865306122449,4.66933333333333,4.73923076923077,4.59043956043956,55,49,15,13,91,8134,4506,3628,1144,1816,6318,4.64243719203344,5.02064450066578,4.17270121278942,4.26513199300699,4.4657654185022,4.69321844254511,231
"231",2021,2,5.42216981132075,106,5.74051724137931,5.0375,5.06666666666667,5.66666666666667,5.33860759493671,58,48,15,27,79,8240,4564,3676,1159,1843,6397,4.65246773300971,5.02979275197195,4.18399347116431,4.275505608283,4.48335865436787,4.70118870095357,232
"232",2021,3,4.54291884615385,78,5.075,3.98283342105263,4.49122222222222,4.63157142857143,4.53417845070423,40,38,9,7,71,8318,4604,3714,1168,1850,6468,4.65144046525607,5.03018551694179,4.1819352907916,4.27716780821917,4.48391945945945,4.69935540970934,233
"233",2021,4,5.15084745762712,59,5.40769230769231,4.65,5,5.09090909090909,5.16458333333333,39,20,4,11,48,8377,4643,3734,1172,1861,6516,4.65495783574072,5.03335647641611,4.18444233261917,4.27963481228669,4.48750725416442,4.70278250306937,234
"234",2021,5,4.97758620689655,58,5.69,4.21428571428571,4.05555555555556,6.6,4.82452830188679,30,28,9,5,53,8435,4673,3762,1181,1866,6569,4.65717626437463,5.03757203509523,4.18466445241893,4.27792718035563,4.49316773847802,4.70376477241589,235
"235",2021,6,4.8125,68,5.25757575757576,4.39285714285714,3.71428571428571,4.225,4.91379310344828,33,35,7,10,58,8503,4706,3797,1188,1876,6627,4.65841841585323,5.03911477263068,4.18658353173558,4.27460606060606,4.4917382729211,4.70560295608873,236
"236",2021,7,4.84023385964912,57,5.31298236842105,3.89473684210526,3.5,4.5,4.90402770833333,38,19,2,9,48,8560,4744,3816,1190,1885,6675,4.65962910280374,5.04130848440135,4.18513041666667,4.27330420168067,4.49177771883289,4.70702983071161,237
"237",2021,8,4.52133333333333,75,4.78444444444444,4.12666666666667,2.97142857142857,4.53846153846154,4.51774193548387,45,30,7,13,62,8635,4789,3846,1197,1898,6737,4.65842792356688,5.03889485278764,4.18467438117525,4.26569089390142,4.49209747102212,4.70528783137895,238
"238",2021,9,4.81416666666667,60,4.90454545454545,4.7037037037037,4.27272727272727,5.41875,4.72115384615385,33,27,11,8,52,8695,4822,3873,1208,1906,6789,4.65950260149511,5.03797541476566,4.18829271107668,4.26575496688741,4.4959868835257,4.70540935631168,239
"239",2021,10,4.84123076923077,65,5.40823529411765,4.21935483870968,4.55555555555556,4.2,4.89466666666667,34,31,9,5,60,8760,4856,3904,1217,1911,6849,4.66085104109589,5.04056784390445,4.18853936219262,4.26789811010682,4.49521245421245,4.70706732661703,240
"240",2021,11,4.59936507936508,63,5.12205128205128,3.75,3.6625,4.22222222222222,4.66222222222222,39,24,8,9,54,8823,4895,3928,1225,1920,6903,4.66041200498697,5.04121704800817,4.18585989562118,4.26394448979592,4.4939328125,4.70671651745618,241
"241",2021,12,4.7555333,100,5.09019602941176,4.044375,3.292,4.65714285714286,4.77155034883721,68,32,10,14,86,8923,4963,3960,1235,1934,6989,4.6614780286899,5.04188812814829,4.18471658333333,4.25607449392712,4.49511427094105,4.7075143010445,242
"242",2022,1,4.65827067669173,133,5.13819444444444,4.09180327868852,4.07894736842105,4.15,4.7228813559322,72,61,19,15,118,9056,5035,4021,1254,1949,7107,4.66143092424912,5.04326529890764,4.18330705545884,4.25339074960127,4.49245818368394,4.707769445617,243
"243",2022,2,4.64415584415584,77,4.89791666666667,4.22413793103448,4.04545454545455,4.75,4.63835616438356,48,29,11,4,73,9133,5083,4050,1265,1953,7180,4.66128527865981,5.04189273657289,4.18359942469136,4.25158260869565,4.49298566308243,4.70706371169917,244
"244",2022,3,4.96133333333333,75,5.45777777777778,4.21666666666667,4,4.4625,5.02089552238806,45,30,6,8,67,9208,5128,4080,1271,1961,7247,4.66372919743701,5.04554227379095,4.18384256617647,4.2503949645948,4.49286129525752,4.70996515109701,245
"245",2022,4,5.10689189189189,74,5.44275,4.71176470588235,4.87777777777778,4.9,5.14301587301587,40,34,9,11,63,9282,5168,4114,1280,1972,7310,4.66726227644904,5.0486166369969,4.1882055590666,4.25480625,4.49513235294117,4.7136973255814,246
"246",2022,5,4.82467532467532,77,5.07375,4.55540540540541,4.79583333333333,4.36785714285714,4.92619047619048,40,37,12,14,63,9359,5208,4151,1292,1986,7373,4.66855737258254,5.04880967357911,4.19147860033727,4.25983126934984,4.49423514602215,4.71551301369863,247
"247",2022,6,5.08528358208955,67,5.73529411764706,4.41557575757576,4.32,5.27933333333333,5.0551724137931,34,33,10,9,58,9426,5242,4184,1302,1995,7431,4.67151946212604,5.05326226249523,4.19324609703633,4.26029339477726,4.49777694235589,4.71816410308169,248
"248",2022,7,4.91574647887324,71,4.97345945945946,4.85294117647059,5.14166666666667,4.75,4.93679365079365,37,34,12,8,63,9497,5279,4218,1314,2003,7494,4.67334531430978,5.05270293237355,4.19856369606448,4.26834246575342,4.49878432351472,4.72000206164932,249
"249",2022,8,5.15151515151515,99,5.26875,5.04117647058824,5.25,4.65,5.20786516853933,48,51,10,10,89,9596,5327,4269,1324,2013,7583,4.67827849624844,5.05464966773043,4.20863004684938,4.27575679758308,4.49953551912568,4.72572800342872,250
