"","year","month","avg_rating","no_ratings","avg_rating_owned","avg_rating_not_owned","avg_rating_prev_owned","avg_rating_comment","avg_rating_no_comment","no_ratings_owned","no_ratings_not_owned","no_ratings_prev_owned","no_ratings_comment","no_ratings_no_comment","cum_no_ratings","cum_no_ratings_owned","cum_no_ratings_not_owned","cum_no_ratings_prev_owned","cum_no_ratings_comment","cum_no_ratings_no_comment","cum_avg_rating","cum_avg_rating_owned","cum_avg_rating_not_owned","cum_avg_rating_prev_owned","cum_avg_rating_comment","cum_avg_rating_no_comment","month_after_release"
"1",2006,9,8,1,NA,8,NA,NA,8,0,1,0,0,1,1,0,1,0,0,1,8,NA,8,NA,NA,8,-1
"2",2006,10,7.80555555555556,18,8.42857142857143,7.40909090909091,NA,7.71428571428571,7.86363636363636,7,11,0,7,11,19,7,12,0,7,12,7.81578947368421,8.42857142857143,7.45833333333333,NA,7.71428571428571,7.875,0
"3",2006,11,7.23214285714286,28,7.73076923076923,6.8,7,7.2,7.26923076923077,13,15,1,15,13,47,20,27,1,22,25,7.46808510638298,7.975,7.09259259259259,7,7.36363636363636,7.56,1
"4",2006,12,7.52916666666667,24,7.97692307692308,7,NA,7.88888888888889,7.31333333333333,13,11,0,9,15,71,33,38,1,31,40,7.4887323943662,7.97575757575758,7.06578947368421,7,7.51612903225806,7.4675,2
"5",2007,1,7.96857142857143,35,8,7.90833333333333,NA,7.7,8.01333333333333,23,12,0,5,30,106,56,50,1,36,70,7.64716981132076,7.98571428571429,7.268,7,7.54166666666667,7.70142857142857,3
"6",2007,2,7.53434,32,7.97857142857143,7.18882666666667,8.125,7.58333333333333,7.51516869565217,14,18,2,9,23,138,70,68,3,45,93,7.6210063768116,7.98428571428571,7.24704235294118,7.75,7.55,7.65536430107527,4
"7",2007,3,7.7,34,8.4,7.14736842105263,7.5,7.77142857142857,7.65,15,19,2,14,20,172,85,87,5,59,113,7.63662139534884,8.05764705882353,7.22527448275862,7.65,7.60254237288136,7.65441486725664,5
"8",2007,4,7.3547619047619,105,8.00980392156863,6.73611111111111,7.5,7.41379310344828,7.33223684210526,51,54,5,29,76,277,136,141,10,88,189,7.52977935018051,8.03970588235294,7.03793531914894,7.575,7.54034090909091,7.5248617989418,6
"9",2007,5,7.52096774193548,93,7.88666666666667,7.178125,7.6,7.0741935483871,7.74435483870968,45,48,10,31,62,370,181,189,20,119,251,7.52756454054054,8.00165745856354,7.07353904761905,7.5875,7.41890756302521,7.57907920318725,7
"10",2007,6,7.78863636363636,88,8.13888888888889,7.23235294117647,7.8125,7.47333333333333,7.95172413793103,54,34,8,30,58,458,235,223,28,149,309,7.57772681222707,8.0331914893617,7.09775282511211,7.65178571428571,7.42986577181208,7.64902550161812,8
"11",2007,7,7.51573033707865,89,7.72545454545455,7.17647058823529,6.83333333333333,7.41964285714286,7.55983606557377,55,34,3,28,61,547,290,257,31,177,370,7.56763963436929,7.9748275862069,7.10816684824903,7.57258064516129,7.42824858757062,7.6343212972973,9
"12",2007,8,7.59025974025974,77,7.99268292682927,7.13194444444444,7.28571428571429,7.0625,7.72868852459016,41,36,7,16,61,624,331,293,38,193,431,7.5704308974359,7.97703927492447,7.11108832764505,7.51973684210526,7.3979274611399,7.64767721577726,10
"13",2007,9,7.35138888888889,72,7.44444444444444,7.1962962962963,7.83333333333333,7.31923076923077,7.3695652173913,45,27,3,26,46,696,376,320,41,219,477,7.54777137931034,7.91329787234043,7.11827775,7.54268292682927,7.38858447488584,7.62085719077568,11
"14",2007,10,7.42413793103448,87,7.58703703703704,7.15757575757576,7.7,7.6952380952381,7.33787878787879,54,33,3,21,66,783,430,353,44,240,543,7.53403432950192,7.87232558139535,7.12195150141643,7.55340909090909,7.41541666666667,7.58646202578269,12
"15",2007,11,7.36517857142857,112,7.70606060606061,6.87608695652174,7.375,7.1,7.55,66,46,4,46,66,895,496,399,48,286,609,7.51290377653631,7.85020161290323,7.09360621553885,7.53854166666667,7.36468531468531,7.58251047619048,13
"16",2007,12,7.27864077669903,103,7.58245614035088,6.90217391304348,6.85714285714286,7.16756756756757,7.34090909090909,57,46,7,37,66,998,553,445,55,323,675,7.48872633266533,7.82260397830018,7.07381770786517,7.45181818181818,7.34210526315789,7.55888722962963,14
"17",2008,1,7.58985507246377,138,7.97222222222222,6.87291666666667,6.85,7.3,7.75454545454545,90,48,10,50,88,1136,643,493,65,373,763,7.50101133802817,7.84354587869362,7.05425736308317,7.35923076923077,7.33646112600536,7.58145331585845,15
"18",2008,2,7.42176470588235,85,7.75083333333333,6.632,7.16666666666667,7.1984375,7.55660377358491,60,25,3,32,53,1221,703,518,68,405,816,7.49549457821458,7.83563300142248,7.03387814671815,7.35073529411765,7.32555555555555,7.57983931372549,16
"19",2008,3,7.56413043478261,92,8.05178571428571,6.80555555555556,7.1,7.52,7.58059701492537,56,36,5,25,67,1313,759,554,73,430,883,7.50030379284082,7.85158102766798,7.01904129963899,7.33356164383562,7.33686046511628,7.57989680634202,17
"20",2008,4,7.49185185185185,81,7.9325,7.06195121951219,7.45714285714286,7.33333333333333,7.54733333333333,40,41,7,21,60,1394,799,595,80,451,943,7.49981268292683,7.85563204005006,7.02199811764706,7.344375,7.33669623059867,7.57782489925769,18
"21",2008,5,7.4575,80,7.97916666666667,6.675,7.625,7.20666666666667,7.608,48,32,4,30,50,1474,847,627,84,481,993,7.49751620081411,7.86263282172373,7.00428848484849,7.3577380952381,7.32858627858628,7.57934429003021,19
"22",2008,6,7.57278350515464,97,7.8435,7.13378378378378,7.7,7.40354838709677,7.65227272727273,60,37,5,31,66,1571,907,664,89,512,1059,7.50216351368555,7.86136714443219,7.0115043373494,7.37696629213483,7.333125,7.58388940509915,20
"23",2008,7,7.3394495412844,109,7.71764705882353,6.71219512195122,7.25,7.10975609756098,7.47794117647059,68,41,8,41,68,1680,975,705,97,553,1127,7.49160647619048,7.85134358974359,6.99409770212766,7.36649484536083,7.31656419529837,7.57749678793256,21
"24",2008,8,7.25155339805825,103,7.6575,6.68511627906977,6.75,6.775,7.55412698412698,60,43,18,40,63,1783,1035,748,115,593,1190,7.47773913628716,7.84010628019324,6.97633540106952,7.27,7.28003372681282,7.57625956302521,22
"25",2008,9,7.30592105263158,76,7.77083333333333,6.50892857142857,6.41666666666667,7.08333333333333,7.36065573770492,48,28,6,15,61,1859,1083,776,121,608,1251,7.4707148359333,7.83703601108033,6.95947020618557,7.22768595041322,7.27518092105263,7.56574650679456,23
"26",2008,10,7.33370786516854,89,7.73222222222222,6.92613636363636,7.02222222222222,7.09166666666667,7.45677966101695,45,44,9,30,59,1948,1128,820,130,638,1310,7.46445527720739,7.83285460992908,6.95768156097561,7.21346153846154,7.26655172413793,7.56083883969466,24
"27",2008,11,7.37962962962963,108,7.8,6.85416666666667,6.54545454545455,7.22142857142857,7.435,60,48,11,28,80,2056,1188,868,141,666,1390,7.45999945525292,7.83119528619529,6.95195723502304,7.1613475177305,7.26465465465465,7.55359631654676,25
"28",2008,12,7.42105263157895,95,7.79183673469388,7.02608695652174,6.79166666666667,7.24137931034483,7.5,49,46,12,29,66,2151,1237,914,153,695,1456,7.45827934913993,7.82963621665319,6.95568805251641,7.13235294117647,7.26368345323741,7.55116681318681,26
"29",2009,1,7.42007042253521,142,7.86882352941176,6.75087719298246,6.65,7.20128205128205,7.50291262135922,85,57,14,39,103,2293,1322,971,167,734,1559,7.45591316179677,7.83215582450832,6.94366516992791,7.09191616766467,7.26036784741144,7.54797875561257,27
"30",2009,2,7.21108108108108,185,7.60974025974026,6.92685185185185,6.42631578947368,7.15333333333333,7.22225806451613,77,108,19,30,155,2478,1399,1079,186,764,1714,7.43763473769169,7.81991422444603,6.94198227988879,7.02392473118279,7.25616492146597,7.5185232672112,28
"31",2009,3,7.04039735099338,151,7.4359375,6.74942528735632,6.86538461538461,7.34117647058823,6.95299145299145,64,87,26,34,117,2629,1463,1166,212,798,1831,7.41481889691898,7.80311688311688,6.92761481989709,7.00448113207547,7.25978696741855,7.48238606226106,29
"32",2009,4,7.27729032258065,155,7.84203389830508,6.93020833333333,6.52222222222222,6.916,7.34676923076923,59,96,18,25,130,2784,1522,1262,230,823,1961,7.40716195402299,7.80462549277267,6.92781210776545,6.96673913043478,7.24934386391252,7.47339565527792,30
"33",2009,5,7.3003355704698,149,7.43015873015873,7.20523255813954,6.83125,6.984375,7.38675213675214,63,86,16,32,117,2933,1585,1348,246,855,2078,7.40173504261848,7.78974132492114,6.94551103857567,6.95792682926829,7.2394269005848,7.4685172666025,31
"34",2009,6,7.41166666666667,132,7.83918032786885,7.0443661971831,6.94736842105263,7.36428571428571,7.42442307692308,61,71,19,28,104,3065,1646,1419,265,883,2182,7.40216276672104,7.79157351154314,6.95045727977449,6.95716981132075,7.24338618346546,7.46641561869844,32
"35",2009,7,7.02857142857143,119,7.76395348837209,6.6125,6.38888888888889,6.625,7.15274725274725,43,76,18,28,91,3184,1689,1495,283,911,2273,7.38820002512563,7.7908703374778,6.93327684280936,6.92102473498233,7.22437980241493,7.45385784425869,33
"36",2009,8,7.40142857142857,105,7.68645833333333,7.16140350877193,7.04166666666667,7.42884615384615,7.39240506329114,48,57,18,26,79,3289,1737,1552,301,937,2352,7.38862234113712,7.78798503166379,6.94165520618557,6.92823920265781,7.23005336179296,7.4517937414966,34
"37",2009,9,7.054,125,7.47678571428571,6.71086956521739,6.98333333333333,6.72105263157895,7.11367924528302,56,69,12,19,106,3414,1793,1621,313,956,2458,7.37637049794962,7.77826547685444,6.93183151141271,6.93035143769968,7.21993723849372,7.43721272579333,35
"38",2009,10,7.26942446043165,139,7.78387096774194,6.85519480519481,6.55555555555556,6.68181818181818,7.37991452991453,62,77,18,22,117,3553,1855,1698,331,978,2575,7.37218656909654,7.77845283018868,6.92835623085984,6.90996978851964,7.20783231083845,7.43460927378641,36
"39",2009,11,7.32108843537415,147,7.675,6.96232876712329,6.28461538461538,7.06875,7.39130434782609,74,73,13,32,115,3700,1929,1771,344,1010,2690,7.37015645405405,7.77448418869881,6.92975656691135,6.88633720930232,7.20342574257426,7.43275794795539,37
"40",2009,12,7.18079470198675,151,7.48223684210526,6.87533333333333,7.07272727272727,7.19852941176471,7.17564102564103,76,75,22,34,117,3851,2005,1846,366,1044,2807,7.36273146715139,7.76340648379052,6.92754543878656,6.89754098360656,7.2032662835249,7.42204092625579,38
"41",2010,1,7.27576530612245,196,7.52407407407407,6.97102272727273,6.60625,7.03125,7.33846153846154,108,88,16,40,156,4047,2113,1934,382,1084,2963,7.35851961452928,7.75117368670137,6.92952372285419,6.88534031413612,7.19691881918819,7.41764052649342,39
"42",2010,2,7.42980769230769,104,7.93,6.96666666666667,6.8125,7.40714285714286,7.43815789473684,50,54,8,28,76,4151,2163,1988,390,1112,3039,7.3603056805589,7.7553074433657,6.93053263581489,6.88384615384615,7.20221223021583,7.41815362948338,40
"43",2010,3,7.1635593220339,118,7.45,6.86724137931034,7.08823529411765,7,7.21685393258427,60,58,17,29,89,4269,2223,2046,407,1141,3128,7.35486738814711,7.74706702654071,6.92873845552297,6.89238329238329,7.19707274320771,7.41242611253197,41
"44",2010,4,7.31883116883117,77,7.70568181818182,6.8030303030303,7,7.05625,7.38770491803279,44,33,4,16,61,4346,2267,2079,411,1157,3189,7.35422891854579,7.74626378473754,6.92674308802309,6.8934306569343,7.19512532411409,7.41195323925996,42
"45",2010,5,7.39319444444444,72,7.72885714285714,7.07567567567568,7.03571428571429,7.11111111111111,7.48722222222222,35,37,14,18,54,4418,2302,2116,425,1175,3243,7.35486393843368,7.74599913119027,6.92934729678639,6.89811764705882,7.19383829787234,7.41320656182547,43
"46",2010,6,7.09940476190476,84,7.80714285714286,6.59387755102041,6.7,6.91666666666667,7.14924242424242,35,49,15,18,66,4502,2337,2165,440,1193,3309,7.35009748556197,7.74691484809585,6.92175467898383,6.89136363636363,7.1896563285834,7.40794163795709,44
"47",2010,7,7.31985507246377,69,7.48666666666667,7.00708333333333,7.5,7.6125,7.23150943396226,45,24,7,16,53,4571,2382,2189,447,1209,3362,7.34964097134106,7.74199832073888,6.92269021470991,6.90089485458613,7.19525227460711,7.40516028554432,45
"48",2010,8,7.0283950617284,81,7.50731707317073,6.5375,6.15384615384615,6.43333333333333,7.1984126984127,41,40,13,18,63,4652,2423,2229,460,1227,3425,7.34404748065348,7.73802723895997,6.91577787348587,6.87978260869565,7.1840749796251,7.40135733722628,46
"49",2010,9,6.97282608695652,92,7.61224489795918,6.24418604651163,6.25,6.42,7.08051948051948,49,43,8,15,77,4744,2472,2272,468,1242,3502,7.3368484148398,7.73553398058252,6.90306728873239,6.86901709401709,7.17484702093397,7.39430293546545,47
"50",2010,10,7.13514851485149,101,7.69134615384615,6.54489795918367,6.86071428571429,7.08,7.15328947368421,52,49,14,25,76,4845,2524,2321,482,1267,3578,7.33264373168215,7.7346236133122,6.89550576475657,6.86877593360996,7.17297553275454,7.38918358859698,48
"51",2010,11,7.2140625,160,7.60065789473684,6.86428571428571,6.595,7.17241379310345,7.22328244274809,76,84,20,29,131,5005,2600,2405,502,1296,3709,7.32885292307692,7.73070769230769,6.89441533471933,6.85786852589641,7.17296296296296,7.38332404421677,49
"52",2010,12,7.18135593220339,118,7.60769230769231,6.65849056603774,7.07272727272727,7.41428571428571,7.15,65,53,11,14,104,5123,2665,2458,513,1310,3813,7.32545556900254,7.72770731707317,6.88932826688365,6.86247563352826,7.17554198473282,7.37696010490427,50
"53",2011,1,7.23901515151515,132,7.66940298507463,6.79538461538462,6.75833333333333,7.26470588235294,7.23521739130435,67,65,12,17,115,5255,2732,2523,525,1327,3928,7.32328427783064,7.72627745241581,6.88690799841459,6.86009523809524,7.17668425018839,7.37281030549898,51
"54",2011,2,7.24759259259259,108,7.62288461538462,6.89910714285714,6.625,6.64473684210526,7.37629213483146,52,56,12,19,89,5363,2784,2579,537,1346,4017,7.32176,7.72434626436782,6.88717288871656,6.8548417132216,7.16917533432392,7.37288744834454,52
"55",2011,3,7.07307692307692,78,7.60076923076923,6.54538461538462,6.73375,7.87142857142857,6.9943661971831,39,39,8,7,71,5441,2823,2618,545,1353,4088,7.31819497886418,7.72263903648601,6.88208131398014,6.85306422018348,7.17280857354028,7.36631332681018,53
"56",2011,4,7.38579545454545,88,7.70869565217391,7.03214285714286,7.11538461538461,7.10952380952381,7.47238805970149,46,42,13,21,67,5529,2869,2660,558,1374,4155,7.31927091336589,7.72241547577553,6.88445070676692,6.85917562724014,7.17184133915575,7.36802379783393,54
"57",2011,5,7.37450980392157,102,7.77155172413793,6.85113636363636,6.95,7.28055555555556,7.39464285714286,58,44,5,18,84,5631,2927,2704,563,1392,4239,7.32027151127686,7.72338913563375,6.88390860946746,6.85998223801066,7.17324712643678,7.36855128096249,55
"58",2011,6,7.06967213114754,61,7.46774193548387,6.65833333333333,6.71428571428571,7,7.07727272727273,31,30,7,6,55,5692,2958,2734,570,1398,4294,7.31758588896697,7.72070993914807,6.88143338697879,6.85819298245614,7.17250357653791,7.36482041918957,56
"59",2011,7,7.22430555555556,72,7.62068965517241,6.95697674418605,7.06923076923077,7.04166666666667,7.26083333333333,29,43,13,12,60,5764,2987,2777,583,1410,4354,7.31642069396253,7.71973886842986,6.88260312567519,6.86289879931389,7.17139007092198,7.36338743224621,57
"60",2011,8,7.21428571428571,84,7.8063829787234,6.46216216216216,6.20833333333333,6.75,7.32352941176471,47,37,12,16,68,5848,3034,2814,595,1426,4422,7.31495363885089,7.72108108108108,6.87707493958778,6.8496974789916,7.16666199158485,7.36277450927182,58
"61",2011,9,7.24032258064516,62,7.82142857142857,6.76176470588235,6.85454545454545,6.59090909090909,7.38039215686275,28,34,11,11,51,5910,3062,2848,606,1437,4473,7.3141707072758,7.72199869366427,6.87569834269663,6.84978547854786,7.16225469728601,7.36297538117595,59
"62",2011,10,7.19767441860465,86,7.52954545454545,6.85,6.97,6.75,7.28472222222222,44,42,10,14,72,5996,3106,2890,616,1451,4545,7.31249981320881,7.71927237604636,6.87532487197232,6.85173701298701,7.15827705031013,7.36173572717272,60
"63",2011,11,7.33649635036496,137,7.85294117647059,6.82753623188406,6.86666666666667,7.55769230769231,7.28468468468468,68,69,15,26,111,6133,3174,2959,631,1477,4656,7.31303585194848,7.72213610586011,6.8742105035485,6.85209191759113,7.16530805687203,7.35989881443299,61
"64",2011,12,7.19587628865979,97,7.41851851851852,6.91627906976744,7.29166666666667,7.80555555555556,7.05696202531646,54,43,12,18,79,6230,3228,3002,643,1495,4735,7.31121169823435,7.71705700123916,6.87481308461026,6.86029548989114,7.17301672240802,7.35484453643083,62
"65",2012,1,7.21077586206897,116,7.52982456140351,6.90254237288136,6.48333333333333,7.22857142857143,7.20684210526316,57,59,15,21,95,6346,3285,3061,658,1516,4830,7.30937580838323,7.71380821917808,6.87534755962104,6.85170212765957,7.17378627968337,7.35193351552795,63
"66",2012,2,7.0563829787234,94,7.53529411764706,6.48837209302326,6.4375,7.01875,7.06410256410256,51,43,8,16,78,6440,3336,3104,666,1532,4908,7.30568305590062,7.71107913669065,6.86998675257732,6.84672672672673,7.17216710182767,7.34735918500408,64
"67",2012,3,7.28513513513514,74,7.59428571428571,7.00769230769231,6.42857142857143,7.125,7.30454545454545,35,39,7,8,66,6514,3371,3143,673,1540,4974,7.30544962849248,7.70986650845446,6.8716954756602,6.84237741456166,7.17192207792207,7.34679108966627,65
"68",2012,4,7.015,80,7.41351351351351,6.67209302325581,6.44166666666667,7.13636363636364,6.99565217391304,37,43,12,11,69,6594,3408,3186,685,1551,5043,7.30192582347589,7.70664906103286,6.86900153170119,6.83535766423358,7.17166989039329,7.34198669046203,66
"69",2012,5,7.26,70,7.67352941176471,6.86944444444444,7.05714285714286,7.54,7.148,34,36,7,20,50,6664,3442,3222,692,1571,5093,7.30148542617047,7.70632190586868,6.86900648044693,6.83760115606936,7.1763590070019,7.3400822462203,67
"70",2012,6,7.42571428571429,70,7.71914893617021,6.82608695652174,6.75,7.08947368421053,7.55098039215686,47,23,6,19,51,6734,3489,3245,698,1590,5144,7.30277678645679,7.70649469762109,6.8687022742681,6.83684813753582,7.17532075471698,7.3421731881804,68
"71",2012,7,7.19584615384615,65,7.84827586206897,6.67027777777778,7.13636363636364,7.13076923076923,7.21211538461538,29,36,11,13,52,6799,3518,3281,709,1603,5196,7.30175450507427,7.70766344513928,6.86652510819872,6.84149506346968,7.17495945102932,7.34087160892995,69
"72",2012,8,7.2515625,64,7.565,6.72916666666667,6.66666666666667,7.13333333333333,7.28775510204082,40,24,9,15,49,6863,3558,3305,718,1618,5245,7.30128644616057,7.70605958403597,6.86552764901664,6.83930362116992,7.17457354758961,7.34037538226883,70
"73",2012,9,7.25359375,64,7.60970588235294,6.85,6.44818181818182,6.4375,7.37017857142857,34,30,11,8,56,6927,3592,3335,729,1626,5301,7.30084580337809,7.70514755011136,6.86538797001499,6.83340192043896,7.17094710947109,7.34069022448595,71
"74",2012,10,7.23456790123457,81,7.41632653061224,6.95625,7.32727272727273,7.525,7.16307692307692,49,32,11,16,65,7008,3641,3367,740,1642,5366,7.30007974885845,7.70126064268058,6.86625152361152,6.84074324324324,7.17439707673568,7.33853874021618,72
"75",2012,11,7.39301075268817,93,7.53879310344828,7.15142857142857,7.5,7.5,7.38154761904762,58,35,6,9,84,7101,3699,3402,746,1651,5450,7.30129684269821,7.69871316572046,6.86918544385655,6.84604557640751,7.17617201695941,7.3392016293578,73
"76",2012,12,7.36052631578947,76,7.76046511627907,6.83939393939394,6.91,7.05555555555556,7.4551724137931,43,33,10,18,58,7177,3742,3435,756,1669,5508,7.30192404625888,7.69942276857295,6.86889923726346,6.84689153439154,7.17487118034751,7.34042281771968,74
"77",2013,1,7.17659574468085,94,7.65217391304348,6.72083333333333,7,7.02777777777778,7.21184210526316,46,48,10,18,76,7271,3788,3483,766,1687,5584,7.30030379315087,7.6988489968321,6.86685870801034,6.84889033942559,7.17330171902786,7.33867279369627,75
"78",2013,2,7.19880952380952,84,7.48877551020408,6.79285714285714,7.1,7.440625,7.14191176470588,49,35,14,16,68,7355,3837,3518,780,1703,5652,7.29914464717879,7.69616627573625,6.86612247868107,6.85339743589744,7.17581327069876,7.33630553432413,76
"79",2013,3,7.14155844155844,77,7.4906976744186,6.7,6.89090909090909,7.07142857142857,7.15714285714286,43,34,11,14,63,7432,3880,3552,791,1717,5715,7.2975119590958,7.69388917525773,6.86453234234234,6.8539190897598,7.17496214327315,7.33433051268591,77
"80",2013,4,7.08013698630137,73,7.48970588235294,6.72307692307692,6.6875,6.94615384615385,7.10916666666667,34,39,8,13,60,7505,3914,3591,799,1730,5775,7.29539758560959,7.69211548288196,6.86299606794765,6.85225281602003,7.17324277456647,7.33199114805195,78
"81",2013,5,7.178125,64,7.528,6.95384615384615,7.05,7.22727272727273,7.16792452830189,25,39,10,11,53,7569,3939,3630,809,1741,5828,7.29440598229621,7.69107387661843,6.86397214325069,6.85469715698393,7.17358414704193,7.3304991214825,79
"82",2013,6,7.12928571428571,70,7.65,6.66486486486486,6.64285714285714,6.875,7.16209677419355,33,37,7,8,62,7639,3972,3667,816,1749,5890,7.29289290221233,7.69073262839879,6.86196315244069,6.85287990196078,7.17221841052029,7.32872646519525,80
"83",2013,7,7.267,80,7.77707317073171,6.73076923076923,6.75,7.67083333333333,7.19573529411765,41,39,9,12,68,7719,4013,3706,825,1761,5958,7.29262454722114,7.69161475205582,6.86058253642741,6.85175757575758,7.17561612720045,7.32720860691507,81
"84",2013,8,7.313125,80,7.76447368421053,6.90476190476191,6.875,7.60714285714286,7.25075757575758,38,42,16,14,66,7799,4051,3748,841,1775,6024,7.29283483523529,7.69229819797581,6.86107760939168,6.85219976218787,7.17901971830985,7.32637099601594,82
"85",2013,9,7.13904761904762,84,7.51341463414634,6.78209302325581,6.75,6.75928571428571,7.215,41,43,12,14,70,7883,4092,3791,853,1789,6094,7.29119610300647,7.69050586510264,6.86018171458718,6.85076201641266,7.17573504751257,7.32509170987857,83
"86",2013,10,7.29827160493827,81,7.70577777777778,6.78888888888889,6.70769230769231,7.081875,7.35153846153846,45,36,13,16,65,7964,4137,3827,866,1805,6159,7.29126806629834,7.69067198452985,6.85951107394826,6.8486143187067,7.17490304709141,7.3253708199383,84
"87",2013,11,7.34619047619048,105,7.79661016949153,6.76847826086957,6.65384615384615,7.14666666666667,7.37944444444444,59,46,13,15,90,8069,4196,3873,879,1820,6249,7.29198275870616,7.69216158245948,6.85842986831913,6.84573378839591,7.17467032967032,7.32614960473676,85
"88",2013,12,7.42345679012346,81,7.76734693877551,6.896875,6.5,7.47142857142857,7.41891891891892,49,32,7,7,74,8150,4245,3905,886,1827,6323,7.29328943312884,7.69302944640754,6.85874491165173,6.84300225733634,7.17580733442802,7.32723531235173,86
"89",2014,1,7.42719298245614,114,7.78095238095238,6.99019607843137,6.70588235294118,6.90384615384615,7.49455445544554,63,51,17,13,101,8264,4308,3956,903,1840,6424,7.29513660212972,7.69431522748375,6.86043955510617,6.84042081949059,7.17388586956521,7.32986595267746,87
"90",2014,2,7.35797872340426,94,7.65258620689655,6.88333333333333,6.95,6.984,7.49347826086957,58,36,10,25,69,8358,4366,3992,913,1865,6493,7.29584336922709,7.69376087952359,6.86064601202405,6.84162102957284,7.17134048257372,7.33160463268135,88
"91",2014,3,7.50591397849462,93,7.91339285714286,6.88918918918919,6.71111111111111,7.5125,7.50454545454545,56,37,9,16,77,8451,4422,4029,922,1881,6570,7.29815511537096,7.69654228855721,6.8609081360139,6.84034707158351,7.17424242424242,7.33363148858448,89
"92",2014,4,7.465625,96,7.68888888888889,7.17857142857143,7.22727272727273,7.34,7.48023255813953,54,42,11,10,86,8547,4476,4071,933,1891,6656,7.30003613899614,7.69644995531725,6.86418542864161,6.8449088960343,7.17511898466419,7.33552567307693,90
"93",2014,5,7.36860465116279,86,7.63541666666667,7.03157894736842,7.15,7.77692307692308,7.2958904109589,48,38,10,13,73,8633,4524,4109,943,1904,6729,7.30071920305803,7.6958023872679,6.86573348259917,6.84814422057264,7.17922794117647,7.33509568732353,91
"94",2014,6,7.29384615384615,65,7.72179487179487,6.65192307692308,6.75833333333333,6.95454545454545,7.36296296296296,39,26,12,11,54,8698,4563,4135,955,1915,6783,7.30066784088296,7.69602454525531,6.86438908827086,6.84701570680628,7.17793733681462,7.3353175409111,92
"95",2014,7,7.2991935483871,62,7.8921875,6.66666666666667,6.21818181818182,7.52272727272727,7.25098039215686,32,30,11,11,51,8760,4595,4165,966,1926,6834,7.30065740639269,7.69739064200218,6.86296491716687,6.83985507246377,7.17990654205607,7.33468815920398,93
"96",2014,8,7.27875,64,7.8046875,6.7528125,6.5,8.05,7.22733333333333,32,32,7,4,60,8824,4627,4197,973,1930,6894,7.30049851314597,7.69813269937324,6.86212506075768,6.83741007194245,7.18170984455958,7.33375382651581,94
"97",2014,9,7.14634146341463,82,7.57375,6.73928571428571,7.3125,7.34615384615385,7.10869565217391,40,42,12,13,69,8906,4667,4239,985,1943,6963,7.29907914664271,7.69706663809728,6.86090796886058,6.84319796954315,7.18281008749356,7.33152360764039,95
"98",2014,10,7.37858585858586,99,7.71340425531915,7.07596153846154,6.98461538461538,7.202,7.41011904761905,47,52,13,15,84,9005,4714,4291,998,1958,7047,7.29995323486952,7.69722952906237,6.86351407131205,6.84504008016032,7.18295709908069,7.3324604626082,96
"99",2014,11,7.2285,100,7.75531914893617,6.76132075471698,6.94117647058824,7.12647058823529,7.24939759036145,47,53,17,17,83,9105,4761,4344,1015,1975,7130,7.2991684656782,7.69780298256669,6.86226723756906,6.84665024630542,7.18247088607595,7.3314935315568,97
"100",2014,12,7.31666666666667,84,7.62244897959184,6.88857142857143,7.16,7.37,7.30945945945946,49,35,10,10,74,9189,4810,4379,1025,1985,7204,7.29932842311459,7.69703534303534,6.86247747887646,6.84970731707317,7.18341561712846,7.33126719600222,98
"101",2015,1,7.30008849557522,113,7.90294117647059,6.8041935483871,6.82421052631579,7.99615384615385,7.2096,51,62,19,13,100,9302,4861,4441,1044,1998,7304,7.29933765641798,7.69919563875746,6.86166378743526,6.84924329501916,7.1887037037037,7.32960143483023,99
"102",2015,2,7.31761363636364,88,7.67083333333333,6.89375,6.75,7.34090909090909,7.31428571428571,48,40,11,11,77,9390,4909,4481,1055,2009,7381,7.29950893290735,7.6989183133021,6.86195020754296,6.84820853080569,7.18953708312593,7.32944165831188,100
"103",2015,3,7.53315789473684,95,7.96875,7.08829787234043,7.07142857142857,7.73529411764706,7.48910256410256,48,47,14,17,78,9485,4957,4528,1069,2026,7459,7.30184911755403,7.70153116804519,6.86429966431095,6.851131898971,7.19411648568608,7.33111125888189,101
"104",2015,4,7.34942857142857,70,7.85666666666667,6.969,7.30555555555556,7.02777777777778,7.39688524590164,30,40,9,9,61,9555,4987,4568,1078,2035,7520,7.30219768498169,7.70246440745939,6.8652164798599,6.85492578849722,7.19338083538083,7.33164479787234,102
"105",2015,5,7.52604651162791,86,8.01644444444444,6.98780487804878,7.21111111111111,7.575,7.51810810810811,45,41,9,12,74,9641,5032,4609,1087,2047,7594,7.30419446945338,7.70527225755167,6.86630698199176,6.8578748850046,7.19561797752809,7.33346179615486,103
"106",2015,6,7.09565217391304,69,7.52432432432432,6.6,6.76428571428571,7.34375,7.02075471698113,37,32,14,16,53,9710,5069,4641,1101,2063,7647,7.30271255200824,7.70395146971789,6.8644707778496,6.85668483197094,7.19676684440135,7.33129447888061,104
"107",2015,7,7.68529411764706,68,7.8975,7.38214285714286,7.11111111111111,8.29545454545454,7.56754385964912,40,28,9,11,57,9778,5109,4669,1110,2074,7704,7.3053731724279,7.70546682325308,6.86757525808524,6.85874774774775,7.20259402121504,7.33304242990654,105
"108",2015,8,7.44,70,7.72159090909091,6.96346153846154,7.53888888888889,7.09230769230769,7.51929824561403,44,26,9,13,57,9848,5153,4695,1119,2087,7761,7.3063301056052,7.70560450223171,6.86810625772098,6.86421805183199,7.20190704360326,7.33441036979771,106
"109",2015,9,7.35789473684211,76,7.84146341463415,6.79142857142857,6.9625,7.125,7.38529411764706,41,35,8,8,68,9924,5194,4730,1127,2095,7829,7.30672499798469,7.70667693492491,6.86753887526427,6.8649157054126,7.20161336515513,7.33485232852216,107
"110",2015,10,7.23473684210526,95,7.476,6.96666666666667,7.5,7.36363636363636,7.21785714285714,50,45,8,11,84,10019,5244,4775,1135,2106,7913,7.30604240742589,7.70447749809306,6.86847306387435,6.86939207048458,7.2024596391263,7.33361037280425,108
"111",2015,11,7.13404255319149,94,7.567,6.64204545454545,7.01428571428571,6.91666666666667,7.16585365853659,50,44,14,12,82,10113,5294,4819,1149,2118,7995,7.3044436744784,7.70317907064601,6.8664056609255,6.87115752828547,7.20084041548631,7.33188979111945,109
"112",2015,12,7.20825242718447,103,7.74245283018868,6.642,6.88666666666667,6.81071428571429,7.27078651685393,53,50,15,14,89,10216,5347,4869,1164,2132,8084,7.30347385277996,7.70356835608752,6.86410122817827,6.87135738831615,7.19827861163227,7.33121708065314,110
"113",2016,1,7.2769298245614,114,7.57491803278689,6.93396226415094,7.125,7.90384615384615,7.19623762376238,61,53,12,13,101,10330,5408,4922,1176,2145,8185,7.3031809177154,7.70211723372781,6.86485349045104,6.87394557823129,7.20255477855478,7.32955148197923,111
"114",2016,2,7.365,77,7.713875,6.98783783783784,6.92,7.5,7.34934782608696,40,37,15,8,69,10407,5448,4959,1191,2153,8254,7.3036383088306,7.70220356093979,6.8657710990119,6.87452560873216,7.20366000928936,7.3297169711655,112
"115",2016,3,7.26,70,7.56341463414634,6.83103448275862,6.61111111111111,7.24,7.26333333333333,41,29,9,10,60,10477,5489,4988,1200,2163,8314,7.30334674811492,7.70116687921297,6.86556914194066,6.87255,7.20382801664355,7.32923789752225,113
"116",2016,4,7.52409638554217,83,7.75609756097561,7.29761904761905,6.85,7.83333333333333,7.5,41,42,10,6,77,10560,5530,5030,1210,2169,8391,7.30508180681819,7.70157414104882,6.86917671570577,6.87236363636364,7.2055693868142,7.33080489572161,114
"117",2016,5,7.32771084337349,83,7.704,6.75757575757576,6.16666666666667,7.4375,7.316,50,33,9,8,75,10643,5580,5063,1219,2177,8466,7.30525828056,7.7015958781362,6.86844931463559,6.86715340442986,7.20642168121268,7.33067373966454,115
"118",2016,6,7.30202702702703,74,7.92702702702703,6.67702702702703,6.75,6.4,7.36739130434783,37,37,6,5,69,10717,5617,5100,1225,2182,8535,7.30523596902118,7.70308082606373,6.86706056470588,6.86657959183674,7.20457378551787,7.33097057762156,116
"119",2016,7,7.35574712643678,87,7.75116279069767,6.96931818181818,7.19230769230769,7.35,7.35649350649351,43,44,13,10,77,10804,5660,5144,1238,2192,8612,7.3056427138097,7.7034461130742,6.86793524105754,6.87,7.20523722627737,7.33119877844868,117
"120",2016,8,7.33988764044944,89,7.68604651162791,7.01630434782609,7.08888888888889,7.65666666666667,7.27567567567568,43,46,9,15,74,10893,5703,5190,1247,2207,8686,7.30592250803269,7.70331492197089,6.86925026589596,6.8715797914996,7.20830539193475,7.33072575178448,118
"121",2016,9,7.16488095238095,84,7.63604651162791,6.67073170731707,5.94444444444444,6.9,7.22246376811594,43,41,9,15,69,10977,5746,5231,1256,2222,8755,7.30484320670493,7.70281152105813,6.86769429936915,6.86493630573248,7.20622412241224,7.32987251627641,119
"122",2016,10,7.31651785714286,112,7.60666666666667,6.98173076923077,7.22647058823529,7.1125,7.341,60,52,17,12,100,11089,5806,5283,1273,2234,8855,7.30496112183245,7.70181794695143,6.86881674805982,6.86976433621367,7.20572068039391,7.32999817955957,120
"123",2016,11,7.48990825688073,109,7.77868852459016,7.12291666666667,7,7.38235294117647,7.50978260869565,61,48,10,17,92,11198,5867,5331,1283,2251,8947,7.30676137524558,7.702617180842,6.87110464828363,6.87077942322681,7.20705464238116,7.33184686263552,121
"124",2016,12,7.49512195121951,82,7.96938775510204,6.79090909090909,6.55,7.45714285714286,7.49866666666667,49,33,10,7,75,11280,5916,5364,1293,2258,9022,7.30813066312057,7.70482674104124,6.87061127516779,6.86829853054911,7.20782993799823,7.33323363777433,122
"125",2017,1,7.0969298245614,114,7.59918032786885,6.5188679245283,6.5375,8,7.01952380952381,61,53,16,9,105,11394,5977,5417,1309,2267,9127,7.30601754256627,7.70374853605488,6.86716981354994,6.8642551566081,7.21097485663873,7.32962461707023,123
"126",2017,2,7.23169642857143,112,7.67452830188679,6.83389830508475,6.53333333333333,7.73888888888889,7.1873786407767,53,59,15,9,103,11506,6030,5476,1324,2276,9230,7.30529409699288,7.70349170812604,6.86681133674215,6.86050604229607,7.21306239015817,7.3280372567714,124
"127",2017,3,7.21531531531532,111,7.5830985915493,6.5625,6.8125,7.05555555555556,7.22941176470588,71,40,8,9,102,11617,6101,5516,1332,2285,9332,7.30443435310321,7.70209064087854,6.86460458303118,6.86021771771772,7.2124420131291,7.32695926703815,125
"128",2017,4,7.266875,80,7.625,6.78235294117647,6.98461538461538,7.1125,7.29411764705882,46,34,13,12,68,11697,6147,5550,1345,2297,9400,7.30417747114645,7.70151374654303,6.8641006990991,6.86142007434944,7.21191989551589,7.3267216893617,126
"129",2017,5,7.29535714285714,84,7.41882352941176,7.10454545454545,6.89166666666667,7.11733333333333,7.33405797101449,51,33,12,15,69,11781,6198,5583,1357,2312,9469,7.30411458110517,7.69918764117457,6.86552192011463,6.86168754605748,7.2113062283737,7.32677514837892,127
"130",2017,6,7.16825396825397,63,7.63666666666667,6.74242424242424,6.41666666666667,6.42857142857143,7.26071428571429,30,33,6,7,56,11844,6228,5616,1363,2319,9525,7.30339191827086,7.69888648041105,6.86479858974359,6.85972853998533,7.20894351013368,7.32638675905512,128
"131",2017,7,7.09402985074627,67,7.27647058823529,6.90606060606061,7,7.41666666666667,7.06229508196721,34,33,7,6,61,11911,6262,5649,1370,2325,9586,7.30221424565528,7.69659294155222,6.86503963179324,6.86044525547445,7.20947956989247,7.32470622574588,129
"132",2017,8,7.05622535211268,71,7.5432,6.58277777777778,6.35,6.35,7.172,35,36,10,10,61,11982,6297,5685,1380,2335,9647,7.30075662493741,7.69574035254883,6.86325222163589,6.8567463768116,7.20579871520342,7.32374063232093,130
"133",2017,9,7.24244186046512,86,7.63222222222222,6.81463414634146,6.78,7.02,7.27171052631579,45,41,20,10,76,12068,6342,5726,1400,2345,9723,7.30034105734173,7.69528965625985,6.86290410059379,6.85565,7.20500639658848,7.32333393808495,131
"134",2017,10,7.30770114942529,87,7.52796296296296,6.94727272727273,7.4475,7.6,7.26539473684211,54,33,8,11,76,12155,6396,5759,1408,2356,9799,7.30039373755657,7.69387695434647,6.86338754644904,6.85901278409091,7.2068505942275,7.32288456781304,132
"135",2017,11,7.25504587155963,109,7.43333333333333,7.05961538461538,7.09375,7.68,7.21212121212121,57,52,16,10,99,12264,6453,5811,1424,2366,9898,7.29999069471625,7.69157554625755,6.86514350025813,6.86165028089888,7.20885038038884,7.32177671044655,133
"136",2017,12,7.22727272727273,88,7.67,6.85833333333333,7.05384615384615,7.8,7.15384615384615,40,48,13,10,78,12352,6493,5859,1437,2376,9976,7.29947262629534,7.69144263052518,6.86508770779997,6.86338900487126,7.21133838383838,7.32046370088212,134
"137",2018,1,7.39315151515151,165,7.65481132075472,6.92305084745763,6.7695652173913,6.94047619047619,7.45916666666667,106,59,23,21,144,12517,6599,5918,1460,2397,10120,7.30070750818887,7.69085422033641,6.86566557620818,6.86191095890411,7.20896537338339,7.32243733992095,135
"138",2018,2,7.16833333333333,108,7.57971014492754,6.44051282051282,6.37692307692308,6.6,7.22,69,39,13,9,99,12625,6668,5957,1473,2406,10219,7.29957511920792,7.68970410917816,6.86288213530301,6.85763068567549,7.20668744804655,7.32144494373226,136
"139",2018,3,7.4489667,100,7.79359375,6.83629638888889,7.125,7.41333333333333,7.45525494117647,64,36,8,15,85,12725,6732,5993,1481,2421,10304,7.30074911984283,7.69069177064765,6.86272243450693,6.85907494935854,7.2079677819083,7.32254877232143,137
"140",2018,4,7.20612244897959,98,7.54,6.67894736842105,7,6.92307692307692,7.24941176470588,60,38,14,13,85,12823,6792,6031,1495,2434,10389,7.30002593386883,7.68936057126031,6.86156450837341,6.86039464882943,7.206446179129,7.32195038502262,138
"141",2018,5,7.33218865979381,97,7.63968392857143,6.91219512195122,6.56923076923077,7.08235294117647,7.38527875,56,41,13,17,80,12920,6848,6072,1508,2451,10469,7.30026740325078,7.68895433703271,6.86190638175231,6.85788461538462,7.2055854753162,7.32243431559843,139
"142",2018,6,7.31829268292683,82,7.55520833333333,6.98382352941176,7.28846153846154,7.28,7.32686567164179,48,34,13,15,67,13002,6896,6106,1521,2466,10536,7.30038108367944,7.68802339037123,6.86258525221094,6.8615647600263,7.20603811841038,7.32246249525436,140
"143",2018,7,7.24444444444444,90,7.57636363636364,6.72285714285714,7.03846153846154,7.028125,7.29121621621622,55,35,13,16,74,13092,6951,6141,1534,2482,10610,7.29999655132906,7.68713987915408,6.86178888617489,6.86306388526728,7.20489121676068,7.32224456644675,141
"144",2018,8,7.1680412371134,97,7.68103448275862,6.40512820512821,6.175,6.71333333333333,7.25121951219512,58,39,8,15,82,13189,7009,6180,1542,2497,10692,7.29902607096823,7.68708935654159,6.85890704692557,6.85949416342413,7.20193832599119,7.3216998550318,142
"145",2018,9,7.26355808988764,89,7.75583340909091,6.78222222222222,7.375,6.16666666666667,7.34285144578313,44,45,12,6,83,13278,7053,6225,1554,2503,10775,7.29878833559271,7.687518214944,6.85835269879518,6.8634749034749,7.19945665201758,7.32186278607888,143
"146",2018,10,7.50051546391753,97,7.69833333333333,7.17972972972973,6.83333333333333,7.575,7.4938202247191,60,37,12,8,89,13375,7113,6262,1566,2511,10864,7.30025132859813,7.68760944327288,6.86025160491856,6.86324393358876,7.20065312624452,7.32327149484536,144
"147",2018,11,7.20247422680412,97,7.32921568627451,7.06195652173913,6.70625,5.94,7.27108695652174,51,46,16,5,92,13472,7164,6308,1582,2516,10956,7.29954732185274,7.68505806393077,6.86172250317058,6.86165613147914,7.19814785373609,7.32283328952172,145
"148",2018,12,7.19747474747475,99,7.48305084745763,6.77625,7,6.69444444444444,7.30925925925926,59,40,12,18,81,13571,7223,6348,1594,2534,11037,7.29880270576966,7.68340799806175,6.86118392407058,6.86269761606023,7.19456985003946,7.32273367038144,146
"149",2019,1,7.08817666666667,117,7.43359793650794,6.68518518518519,6.71111111111111,6.575,7.12584100917431,63,54,18,8,109,13688,7286,6402,1612,2542,11146,7.29700235169492,7.68124796047214,6.85969939862543,6.86100496277916,7.19261998426436,7.32080819935403,147
"150",2019,2,7.23386138613861,101,7.44603448275862,6.94767441860465,6.515625,7.46111111111111,7.21163043478261,58,43,16,9,92,13789,7344,6445,1628,2551,11238,7.29653986438466,7.67939033769063,6.86028635376261,6.85761056511057,7.19356722853783,7.31991441448656,148
"151",2019,3,7.29181818181818,99,7.87111111111111,6.59666666666667,6.16666666666667,6.25,7.37108695652174,54,45,15,7,92,13888,7398,6490,1643,2558,11330,7.29650620607719,7.68078975939443,6.85845848228043,6.85130249543518,7.19098514464425,7.32032993733451,149
"152",2019,4,7.28332530120482,83,7.61641509433962,6.69486666666667,6.14076923076923,7.30928571428571,7.27805797101449,53,30,13,14,69,13971,7451,6520,1656,2572,11399,7.29642789993558,7.68033185344249,6.85770575920246,6.84572463768116,7.19162908242613,7.32007405825072,150
"153",2019,5,7.34717105263158,76,7.71457446808511,6.75172413793103,6.93,6.64090909090909,7.46669230769231,47,29,10,11,65,14047,7498,6549,1666,2583,11464,7.29670244109063,7.68054649773273,6.85723645594748,6.84623049219688,7.18928377855207,7.32090537247034,151
"154",2019,6,7.1605376344086,93,7.42684210526316,6.73888888888889,6.18181818181818,7.265625,7.1387012987013,57,36,11,16,77,14140,7555,6585,1677,2599,11541,7.29580687340877,7.6786323812045,6.85658945330296,6.84187239117472,7.18975375144286,7.31968973139243,152
"155",2019,7,7.27929577464789,71,7.48617021276596,6.87416666666667,7.02571428571429,7.628,7.22213114754098,47,24,7,10,61,14211,7602,6609,1684,2609,11602,7.29572438181691,7.67744246777164,6.85665328340142,6.84263657957245,7.19143349942507,7.31917679624203,153
"156",2019,8,7.22072289156626,83,7.40448979591837,6.95588235294118,7.5,7.1,7.22846153846154,49,34,5,5,78,14294,7651,6643,1689,2614,11680,7.29528887575207,7.67569437197752,6.85716115459883,6.84458259325044,7.19125860749809,7.31857099229452,154
"157",2019,9,7.32,74,7.63441860465116,6.88387096774194,7.21111111111111,7.58,7.279375,43,31,9,10,64,14368,7694,6674,1698,2624,11744,7.29541614629733,7.67546369118794,6.85728521875937,6.84652532391048,7.19274009146341,7.31835739015668,155
"158",2019,10,7.1687323943662,71,7.47909090909091,6.66296296296296,6.915,7.71818181818182,7.068,44,27,10,11,60,14439,7738,6701,1708,2635,11804,7.29479321213381,7.67434707159473,6.85650224593345,6.8469262295082,7.19493358633776,7.31708481785835,156
"159",2019,11,7.2900794047619,84,7.63144660377359,6.70645161290323,7.0875,7.11428571428571,7.30606064935065,53,31,8,7,77,14523,7791,6732,1716,2642,11881,7.29476594780693,7.67405523167758,6.85581128193702,6.84804778554779,7.19471990915973,7.31701337092837,157
"160",2019,12,7.07919191919192,99,7.37224137931034,6.66463414634146,6.39375,6.64444444444444,7.1758024691358,58,41,8,18,81,14622,7849,6773,1724,2660,11962,7.29330637806046,7.67182498534845,6.85465400118116,6.84593967517401,7.1909962406015,7.31605716936967,158
"161",2020,1,7.25955882352941,136,7.40588235294118,7.0156862745098,6.68571428571429,7.40588235294118,7.23865546218487,85,51,7,17,119,14758,7934,6824,1731,2677,12081,7.29299538284321,7.66897583942526,6.85585749560375,6.84529173887926,7.19236085169966,7.31529474877907,159
"162",2020,2,7.19576388888889,90,7.46899509803922,6.83846153846154,6,6.58888888888889,7.26319444444444,51,39,5,9,81,14848,7985,6863,1736,2686,12162,7.29240602168642,7.66769856731371,6.85575864053621,6.84285714285714,7.19033879374534,7.31494775612564,160
"163",2020,3,6.98947368421053,76,7.33265306122449,6.36666666666667,5.85714285714286,7.375,6.96805555555556,49,27,7,4,72,14924,8034,6890,1743,2690,12234,7.29086334829805,7.66565509833209,6.85384202467344,6.83889845094664,7.19061338289963,7.31290621301291,161
"164",2020,4,7.15035294117647,85,7.41377358490566,6.7140625,6.22222222222222,6.71,7.20906666666667,53,32,9,10,75,15009,8087,6922,1752,2700,12309,7.2900676001066,7.66400433535304,6.85319583212945,6.83573059360731,7.18883333333333,7.31227350800227,162
"165",2020,5,7.32412101265823,79,7.68969916666667,6.75806451612903,6.4,7.59090909090909,7.28096411764706,48,31,10,11,68,15088,8135,6953,1762,2711,12377,7.29024590204136,7.66415594591272,6.8527716884798,6.83325766174801,7.19046477314644,7.31210149228407,163
"166",2020,6,7.25185185185185,81,7.78586956521739,6.55,6.4,6.775,7.31901408450704,46,35,10,10,71,15169,8181,6988,1772,2721,12448,7.29004088403982,7.66484031536487,6.85125523039497,6.83081264108352,7.18893789048144,7.31214091982648,164
"167",2020,7,7.15363636363636,55,7.40172413793103,6.87692307692308,7,7.6,7.109,29,26,6,5,50,15224,8210,7014,1778,2726,12498,7.28954809314241,7.66391091595615,6.8513503778158,6.83138357705287,7.18969185619956,7.31132822611618,165
"168",2020,8,7.12805555555556,72,7.3104,6.71363636363636,5.96666666666667,6.4375,7.214375,50,22,6,8,64,15296,8260,7036,1784,2734,12562,7.28878792952406,7.66177101937046,6.85091977686186,6.82847533632287,7.18749085588881,7.31083427559306,166
"169",2020,9,7.30131578947368,76,7.71041666666667,6.6,5.94444444444444,6.5,7.42272727272727,48,28,9,10,66,15372,8308,7064,1793,2744,12628,7.28884986794171,7.66205207270101,6.84992519110986,6.82403792526492,7.18498542274052,7.31141908219829,167
"170",2020,10,7.07602739726027,73,7.32361111111111,6.83513513513514,6.56428571428571,6.48571428571429,7.13863636363636,36,37,14,7,66,15445,8344,7101,1807,2751,12694,7.28784397345419,7.6605918767977,6.84984812702437,6.82202545655783,7.18320610687023,7.31052073184181,168
"171",2020,11,7.2410380952381,105,7.46904761904762,6.89902380952381,7.23263636363636,6.94444444444444,7.26884375,63,42,11,9,96,15550,8407,7143,1818,2760,12790,7.28752792090032,7.65915649101939,6.85013727425452,6.8245099009901,7.18242753623188,7.310207910086,169
"172",2020,12,7.02464188888889,90,7.35327615384615,6.77333333333333,6.85714285714286,6.33333333333333,7.04848011494253,39,51,14,3,87,15640,8446,7194,1832,2763,12877,7.28601514961637,7.65774406701397,6.84959279260495,6.82475927947598,7.18150560984437,7.30843961637027,170
"173",2021,1,7.1821,100,7.47367647058824,6.5625,6,7.74,7.15273684210526,68,32,7,5,95,15740,8514,7226,1839,2768,12972,7.28535495171538,7.65627394761569,6.84832141572101,6.82161990212072,7.18251445086705,7.30729933240826,171
"174",2021,2,7.1519106097561,82,7.50753630434783,6.6975,6.22222222222222,7.66666666666667,7.11127197368421,46,36,9,6,76,15822,8560,7262,1848,2774,13048,7.28466335545443,7.65547465654206,6.84757374690168,6.81870075757576,7.18356164383562,7.30615754215205,172
"175",2021,3,7.32966666666667,81,7.55928571428571,6.81532,6.92857142857143,7.60691666666667,7.28144927536232,56,25,7,12,69,15903,8616,7287,1855,2786,13117,7.28489257435704,7.65484947307335,6.84746309180733,6.8191153638814,7.18538513998564,7.30602756804147,173
"176",2021,4,7.22228065789474,76,7.63256403846154,6.33333333333333,5.71428571428571,6.9,7.27111106060606,52,24,7,10,66,15979,8668,7311,1862,2796,13183,7.28459477689468,7.65471578103369,6.84577534536999,6.81496186895811,7.18436444921316,7.30585276037321,174
"177",2021,5,7.03636363636364,77,7.45909090909091,6.47272727272727,6.01,7.8,6.98333333333333,44,33,10,5,72,16056,8712,7344,1872,2801,13255,7.28340433109118,7.65372777662994,6.8440990672658,6.81066185897436,7.18546340592645,7.30410086307054,175
"178",2021,6,6.83041660714286,56,7.16814805555556,6.2225,5.85555555555556,5.86,6.92555549019608,36,20,9,5,51,16112,8748,7364,1881,2806,13306,7.28182989510924,7.65172950617284,6.84241085687127,6.80609197235513,7.18310156806842,7.30264995265294,176
"179",2021,7,7.06222222222222,63,7.48294117647059,6.56896551724138,6.14285714285714,7.83333333333333,7.02366666666667,34,29,7,3,60,16175,8782,7393,1888,2809,13366,7.28097454528594,7.65107603279435,6.84133823211146,6.80363294491525,7.18379601281595,7.30139759613946,177
"180",2021,8,7.20440677966102,59,7.61692307692308,6.4,4.875,7.20214285714286,7.20511111111111,39,20,4,14,45,16234,8821,7413,1892,2823,13411,7.28069627140569,7.65092503344292,6.84014751787401,6.79955549682875,7.18388699964577,7.30107451122213,178
"181",2021,9,7.14777782608696,69,7.53369378378378,6.7015625,6.22727272727273,6.15714285714286,7.25962370967742,37,32,11,7,62,16303,8858,7445,1903,2830,13473,7.28013371404036,7.65043535673967,6.83955185359302,6.79624750394114,7.18134734982332,7.30088376308172,179
"182",2021,10,7.26666666666667,75,7.55952380952381,6.89393939393939,7.01,7.25555555555556,7.26818181818182,42,33,10,9,66,16378,8900,7478,1913,2839,13539,7.28007204420564,7.65000633595506,6.83979186279754,6.79736487192891,7.18158259950687,7.30072434744072,180
"183",2021,11,7.09666666666667,66,7.37692307692308,6.69185185185185,6.4,6.375,7.14322580645161,39,27,5,4,62,16444,8939,7505,1918,2843,13601,7.27933592434931,7.64881489987694,6.83925963357762,6.79632898852972,7.1804477664439,7.30000639217704,181
"184",2021,12,7.26083333333333,72,7.34448979591837,7.08260869565217,7.08333333333333,6.8375,7.31375,49,23,6,8,64,16516,8988,7528,1924,2851,13665,7.27925526398644,7.64715580663106,6.84000312832094,6.79722401247401,7.17948544370396,7.30007076033662,182
"185",2022,1,7.19820175438597,114,7.44916666666667,6.853125,7.33,7.70208333333333,7.13892156862745,66,48,10,12,102,16630,9054,7576,1934,2863,13767,7.27869963559832,7.6457125458361,6.8400862658395,6.79997880041365,7.18167586447782,7.29887680249873,183
"186",2022,2,7.1160162195122,82,7.22111104166667,6.96764705882353,6.69090909090909,6.375,7.15401705128205,48,34,11,4,78,16712,9102,7610,1945,2867,13845,7.27790140438009,7.64347338167436,6.84065618265441,6.79936195372751,7.18055040111615,7.29806069122427,184
"187",2022,3,7.25706806451613,62,7.6253572972973,6.712,6.56666666666667,6.72222222222222,7.34789094339623,37,25,9,9,53,16774,9139,7635,1954,2876,13898,7.27782440026231,7.64340003720319,6.84023491159136,6.79829017400205,7.17911613351877,7.29825071880846,185
"188",2022,4,7.36194805194805,77,7.72139534883721,6.90735294117647,6.03333333333333,6.46875,7.46550724637681,43,34,6,8,69,16851,9182,7669,1960,2884,13967,7.27820880007121,7.64376529514267,6.84053247489895,6.79594846938775,7.17714563106796,7.29907700221951,186
"189",2022,5,6.9671875,64,7.42571428571429,6.41379310344828,6.42857142857143,7.16666666666667,6.94655172413793,35,29,7,6,58,16915,9217,7698,1967,2890,14025,7.27703201241502,7.64293728328089,6.83892485710575,6.79464107778343,7.17712387543252,7.29761914367201,187
"190",2022,6,7.02797101449275,69,7.496875,5.95619047619048,5.7,6.64285714285714,7.07145161290323,48,21,7,7,62,16984,9265,7719,1974,2897,14087,7.27602016544984,7.64218056556935,6.83652332556031,6.79075937183384,7.17583293061788,7.29662373038972,188
"191",2022,7,7.3005,60,7.65275862068966,6.97096774193548,6.22222222222222,6.71428571428571,7.37792452830189,29,31,9,7,53,17044,9294,7750,1983,2904,14140,7.27610634182117,7.64221357219712,6.83706110322581,6.78817902168432,7.17472038567493,7.29692846463932,189
"192",2022,8,7.10209528571429,70,7.48048780487805,6.56712655172414,7,8.5,6.97104171875,41,29,7,6,64,17114,9335,7779,1990,2910,14204,7.27539459857427,7.64150326084628,6.83605479110426,6.78892412060301,7.1774529209622,7.29546009293156,190
