"","year","month","avg_rating","no_ratings","avg_rating_owned","avg_rating_not_owned","avg_rating_prev_owned","avg_rating_comment","avg_rating_no_comment","no_ratings_owned","no_ratings_not_owned","no_ratings_prev_owned","no_ratings_comment","no_ratings_no_comment","cum_no_ratings","cum_no_ratings_owned","cum_no_ratings_not_owned","cum_no_ratings_prev_owned","cum_no_ratings_comment","cum_no_ratings_no_comment","cum_avg_rating","cum_avg_rating_owned","cum_avg_rating_not_owned","cum_avg_rating_prev_owned","cum_avg_rating_comment","cum_avg_rating_no_comment","month_after_release"
"1",2001,12,8,1,NA,8,NA,NA,8,0,1,0,0,1,1,0,1,0,0,1,8,NA,8,NA,NA,8,0
"2",2002,5,7,1,NA,7,NA,7,NA,0,1,0,1,0,2,0,2,0,1,1,7.5,NA,7.5,NA,7,8,5
"3",2002,6,7,1,7,NA,NA,NA,7,1,0,0,0,1,3,1,2,0,1,2,7.33333333333333,7,7.5,NA,7,7.5,6
"4",2002,7,4,1,NA,4,NA,NA,4,0,1,0,0,1,4,1,3,0,1,3,6.5,7,6.33333333333333,NA,7,6.33333333333333,7
"5",2002,8,8,3,8,NA,NA,8,8,3,0,0,1,2,7,4,3,0,2,5,7.14285714285714,7.75,6.33333333333333,NA,7.5,7,8
"6",2002,12,8.5,1,8.5,NA,NA,8.5,NA,1,0,0,1,0,8,5,3,0,3,5,7.3125,7.9,6.33333333333333,NA,7.83333333333333,7,12
"7",2003,1,8,1,8,NA,NA,NA,8,1,0,0,0,1,9,6,3,0,3,6,7.38888888888889,7.91666666666667,6.33333333333333,NA,7.83333333333333,7.16666666666667,13
"8",2003,2,8,1,NA,8,NA,8,NA,0,1,0,1,0,10,6,4,0,4,6,7.45,7.91666666666667,6.75,NA,7.875,7.16666666666667,14
"9",2003,3,7.33333333333333,3,9,4,NA,6,10,2,1,0,2,1,13,8,5,0,6,7,7.42307692307692,8.1875,6.2,NA,7.25,7.57142857142857,15
"10",2003,4,8.5,2,8.5,NA,NA,NA,8.5,2,0,0,0,2,15,10,5,0,6,9,7.56666666666667,8.25,6.2,NA,7.25,7.77777777777778,16
"11",2003,5,6.5,2,8,5,NA,5,8,1,1,0,1,1,17,11,6,0,7,10,7.44117647058824,8.22727272727273,6,NA,6.92857142857143,7.8,17
"12",2003,6,8,3,8,8,NA,8,8,1,2,0,1,2,20,12,8,0,8,12,7.525,8.20833333333333,6.5,NA,7.0625,7.83333333333333,18
"13",2003,7,7.8125,16,7.92307692307692,7.33333333333333,9,8.2,7.63636363636364,13,3,1,5,11,36,25,11,1,13,23,7.65277777777778,8.06,6.72727272727273,9,7.5,7.73913043478261,19
"14",2003,8,8.625,4,8.83333333333333,8,NA,8.75,8.5,3,1,0,2,2,40,28,12,1,15,25,7.75,8.14285714285714,6.83333333333333,9,7.66666666666667,7.8,20
"15",2003,9,8,1,8,NA,NA,NA,8,1,0,0,0,1,41,29,12,1,15,26,7.75609756097561,8.13793103448276,6.83333333333333,9,7.66666666666667,7.80769230769231,21
"16",2003,10,8.375,4,8.83333333333333,7,NA,9.5,8,3,1,0,1,3,45,32,13,1,16,29,7.81111111111111,8.203125,6.84615384615385,9,7.78125,7.82758620689655,22
"17",2003,11,9,3,9,NA,NA,9,NA,3,0,0,3,0,48,35,13,1,19,29,7.88541666666667,8.27142857142857,6.84615384615385,9,7.97368421052632,7.82758620689655,23
"18",2003,12,7,8,7.4,6.33333333333333,NA,6.33333333333333,7.4,5,3,0,3,5,56,40,16,1,22,34,7.75892857142857,8.1625,6.75,9,7.75,7.76470588235294,24
"19",2004,1,7.58333333333333,6,7.5,8,NA,8.33333333333333,6.83333333333333,5,1,0,3,3,62,45,17,1,25,37,7.74193548387097,8.08888888888889,6.82352941176471,9,7.82,7.68918918918919,25
"20",2004,2,7.57692307692308,13,7.77272727272727,6.5,NA,7.5,7.625,11,2,0,5,8,75,56,19,1,30,45,7.71333333333333,8.02678571428571,6.78947368421053,9,7.76666666666667,7.67777777777778,26
"21",2004,3,7.77777777777778,9,8.4,7,6,7.75,7.8,5,4,1,4,5,84,61,23,2,34,50,7.72023809523809,8.05737704918033,6.82608695652174,7.5,7.76470588235294,7.69,27
"22",2004,4,8,10,8.11111111111111,7,NA,8,8,9,1,0,5,5,94,70,24,2,39,55,7.75,8.06428571428571,6.83333333333333,7.5,7.79487179487179,7.71818181818182,28
"23",2004,5,7.29166666666667,12,7.42857142857143,7.1,7,6.75,7.5625,7,5,1,4,8,106,77,29,3,43,63,7.69811320754717,8.00649350649351,6.87931034482759,7.33333333333333,7.69767441860465,7.6984126984127,29
"24",2004,6,6.275,8,7.5,4.23333333333333,NA,7,5.84,5,3,0,3,5,114,82,32,3,46,68,7.59824561403509,7.97560975609756,6.63125,7.33333333333333,7.65217391304348,7.56176470588235,30
"25",2004,7,7.75,6,7.9,7,NA,7.9,7,5,1,0,5,1,120,87,33,3,51,69,7.60583333333333,7.97126436781609,6.64242424242424,7.33333333333333,7.67647058823529,7.5536231884058,31
"26",2004,8,8.2,5,8.2,NA,NA,9,7.66666666666667,5,0,0,2,3,125,92,33,3,53,72,7.6296,7.98369565217391,6.64242424242424,7.33333333333333,7.72641509433962,7.55833333333333,32
"27",2004,9,7.78571428571429,7,7.6,8.25,9,7.33333333333333,8.125,5,2,1,3,4,132,97,35,4,56,76,7.63787878787879,7.9639175257732,6.73428571428571,7.75,7.70535714285714,7.58815789473684,33
"28",2004,10,6.78571428571429,7,7.1,6,NA,6.16666666666667,7.25,5,2,0,3,4,139,102,37,4,59,80,7.59496402877698,7.92156862745098,6.69459459459459,7.75,7.6271186440678,7.57125,34
"29",2004,11,7.5,20,7.5625,7.25,8,7.45,7.55,16,4,2,10,10,159,118,41,6,69,90,7.58301886792453,7.8728813559322,6.74878048780488,7.83333333333333,7.60144927536232,7.56888888888889,35
"30",2004,12,7.66666666666667,18,7.78571428571429,7.25,7,7.92307692307692,7,14,4,1,13,5,177,132,45,7,82,95,7.59152542372881,7.86363636363636,6.79333333333333,7.71428571428571,7.65243902439024,7.53894736842105,36
"31",2005,1,7.75,30,7.87037037037037,6.66666666666667,NA,8.04545454545454,7.57894736842105,27,3,0,11,19,207,159,48,7,93,114,7.61449275362319,7.86477987421384,6.78541666666667,7.71428571428571,7.6989247311828,7.54561403508772,37
"32",2005,2,7.152,25,7.48823529411765,6.4375,7,7,7.25333333333333,17,8,1,10,15,232,176,56,8,103,129,7.56465517241379,7.82840909090909,6.73571428571429,7.625,7.63106796116505,7.51162790697674,38
"33",2005,3,7.30909090909091,22,7.85714285714286,6.35,6.8,7.43636363636364,7.18181818181818,14,8,1,11,11,254,190,64,9,114,140,7.54251968503937,7.83052631578947,6.6875,7.53333333333333,7.61228070175439,7.48571428571429,39
"34",2005,4,8.03225806451613,31,8.19230769230769,7.2,7,8.19230769230769,7.91666666666667,26,5,1,13,18,285,216,69,10,127,158,7.59578947368421,7.87407407407407,6.72463768115942,7.48,7.67165354330709,7.53481012658228,40
"35",2005,5,7.76666666666667,27,8.01176470588235,7.35,NA,7.91875,7.54545454545455,17,10,0,16,11,312,233,79,10,143,169,7.61057692307692,7.88412017167382,6.80379746835443,7.48,7.6993006993007,7.53550295857988,41
"36",2005,6,7.51,30,7.492,7.6,7.5,7.42307692307692,7.57647058823529,25,5,2,13,17,342,258,84,12,156,186,7.60175438596491,7.84612403100775,6.85119047619048,7.48333333333333,7.67628205128205,7.53924731182796,42
"37",2005,7,7.11363636363636,22,7.1875,6.91666666666667,7,6.76923076923077,7.61111111111111,16,6,1,13,9,364,274,90,13,169,195,7.57225274725275,7.80766423357664,6.85555555555556,7.44615384615385,7.60650887573965,7.5425641025641,43
"38",2005,8,7.55172413793103,29,7.70833333333333,6.8,NA,7.46875,7.65384615384615,24,5,0,16,13,393,298,95,13,185,208,7.57073791348601,7.7996644295302,6.85263157894737,7.44615384615385,7.59459459459459,7.54951923076923,44
"39",2005,9,7.4758064516129,31,7.82291666666667,6.28571428571429,8,7.80882352941176,7.07142857142857,24,7,1,17,14,424,322,102,14,202,222,7.56379716981132,7.80139751552795,6.81372549019608,7.48571428571429,7.61262376237624,7.51936936936937,45
"40",2005,10,7.29347826086957,46,7.65,6.625,7.5,7.28947368421053,7.2962962962963,30,16,4,19,27,470,352,118,18,221,249,7.53734042553191,7.78849431818182,6.78813559322034,7.48888888888889,7.58484162895928,7.49518072289157,46
"41",2005,11,7.59222222222222,45,7.65394736842105,7.25714285714286,8,7.84411764705882,7.43928571428571,38,7,1,17,28,515,390,125,19,238,277,7.5421359223301,7.77538461538462,6.8144,7.51578947368421,7.60336134453781,7.48953068592058,47
"42",2005,12,7.31785714285714,56,7.62,6.5625,7.5,6.88,7.67096774193548,40,16,2,25,31,571,430,141,21,263,308,7.52014010507881,7.76093023255814,6.78581560283688,7.51428571428572,7.53460076045627,7.50779220779221,48
"43",2006,1,7.418125,64,7.67877551020408,6.56666666666667,7.5,7.342,7.48529411764706,49,15,2,30,34,635,479,156,23,293,342,7.50985826771654,7.7525260960334,6.76474358974359,7.51304347826087,7.51488054607508,7.50555555555556,49
"44",2006,2,7.62244897959184,49,7.76923076923077,7.05,NA,7.79545454545455,7.48148148148148,39,10,0,22,27,684,518,166,23,315,369,7.51792397660819,7.75378378378378,6.78192771084337,7.51304347826087,7.53447619047619,7.50379403794038,50
"45",2006,3,7.33023255813954,43,7.73103448275862,6.5,NA,7.52777777777778,7.188,29,14,0,18,25,727,547,180,23,333,394,7.50682255845942,7.75257769652651,6.76,7.51304347826087,7.53411411411411,7.48375634517766,51
"46",2006,4,7.275,32,7.38095238095238,7.07272727272727,9,7.25,7.29,21,11,1,12,20,759,568,191,24,345,414,7.4970487483531,7.73883802816901,6.77801047120419,7.575,7.52423188405797,7.4743961352657,52
"47",2006,5,7.3195652173913,46,7.788,6.76190476190476,7.5,7.28947368421053,7.34074074074074,25,21,1,19,27,805,593,212,25,364,441,7.48690683229814,7.74091062394604,6.77641509433962,7.572,7.51197802197802,7.46621315192744,53
"48",2006,6,7.57446808510638,47,7.72972972972973,7,8,7.54166666666667,7.60869565217391,37,10,1,24,23,852,630,222,26,388,464,7.49173708920188,7.74025396825397,6.78648648648649,7.58846153846154,7.51381443298969,7.47327586206897,54
"49",2006,7,7.415625,64,7.68478260869565,6.72777777777778,NA,7.18518518518519,7.58378378378378,46,18,0,27,37,916,676,240,26,415,501,7.4864192139738,7.73647928994083,6.78208333333333,7.58846153846154,7.49243373493976,7.4814371257485,55
"50",2006,8,7.56976744186047,43,7.64285714285714,7.43333333333333,7.4,7.5,7.6,28,15,5,13,30,959,704,255,31,428,531,7.49015641293014,7.73275568181818,6.82039215686274,7.55806451612903,7.49266355140187,7.48813559322034,56
"51",2006,9,7.5,46,8.015625,6.32142857142857,7,7.2,7.64516129032258,32,14,1,15,31,1005,736,269,32,443,562,7.49060696517413,7.74505434782609,6.79442379182156,7.540625,7.4827539503386,7.49679715302491,57
"52",2006,10,7.31818181818182,55,7.57575757575758,6.93181818181818,7.33333333333333,7.61538461538461,7.22619047619048,33,22,3,13,42,1060,769,291,35,456,604,7.48166037735849,7.73778933680104,6.80481099656357,7.52285714285714,7.4865350877193,7.47798013245033,58
"53",2006,11,7.46545454545455,55,7.58571428571429,7.07692307692308,6.9,7.475,7.46,42,13,2,20,35,1115,811,304,37,476,639,7.48086098654708,7.72991368680641,6.81644736842105,7.48918918918919,7.48605042016807,7.47699530516432,59
"54",2006,12,7.03901098901099,91,7.455,6.23387096774194,5.5,6.81029411764706,7.17543859649123,60,31,2,34,57,1206,871,335,39,510,696,7.44752072968491,7.71097588978186,6.76253731343284,7.38717948717949,7.441,7.45229885057471,60
"55",2007,1,7.23813559322034,118,7.48928571428571,6.61764705882353,7,7.17169811320755,7.29230769230769,84,34,5,53,65,1324,955,369,44,563,761,7.42885951661631,7.69147643979058,6.74918699186992,7.34318181818182,7.41564831261101,7.43863337713535,61
"56",2007,2,7.50228706896552,58,7.67021276595745,6.78478636363636,7,7.64230769230769,7.3885203125,47,11,1,26,32,1382,1002,380,45,589,793,7.43194113603473,7.69047904191617,6.7502175,7.33555555555556,7.42565365025467,7.43661116015132,62
"57",2007,3,7.203125,64,7.65476190476191,6.34090909090909,7.14,7.21153846153846,7.19736842105263,42,22,5,26,38,1446,1044,402,50,615,831,7.4218137275242,7.68904214559387,6.72781753731343,7.316,7.41660162601626,7.4256710589651,63
"58",2007,4,7.37396226415094,53,7.41771428571429,7.28888888888889,7.25,7.45,7.32787878787879,35,18,4,20,33,1499,1079,420,54,635,864,7.4201218478986,7.68024096385542,6.75186345238095,7.31111111111111,7.41765354330709,7.4219359375,64
"59",2007,5,7.4468085106383,47,7.46774193548387,7.40625,7,7.57692307692308,7.39705882352941,31,16,2,13,34,1546,1110,436,56,648,898,7.42093315006468,7.67430630630631,6.77587763761468,7.3,7.4208487654321,7.42099404231626,65
"60",2007,6,7.37666666666667,63,7.44673076923077,7.04545454545455,7,7.29032258064516,7.4603125,52,11,2,31,32,1609,1162,447,58,679,930,7.41919990677439,7.66412220309811,6.7825115212528,7.28965517241379,7.41488954344624,7.42234693548387,66
"61",2007,7,7.20555555555556,63,7.378125,6.65333333333333,7,7.38095238095238,7.11785714285714,48,15,2,21,42,1672,1210,462,60,700,972,7.41114991028708,7.65277685950413,6.77831742424242,7.28,7.41387142857143,7.4091899691358,67
"62",2007,8,7.51808695652174,69,7.80878431372549,6.69444444444444,5,7.32133333333333,7.60416666666667,51,18,1,21,48,1741,1261,480,61,721,1020,7.41538808156232,7.65908643933386,6.7751721875,7.24262295081967,7.4111761442441,7.41836534313725,68
"63",2007,9,7.18015873015873,63,7.47826086956522,6.37352941176471,6.66666666666667,7.078125,7.28548387096774,46,17,3,32,31,1804,1307,497,64,753,1051,7.40717330931264,7.65272226472839,6.76143390342052,7.215625,7.39702257636122,7.41444590865842,69
"64",2007,10,7.45,73,7.69883720930233,7.09333333333333,6.63333333333333,7.14464285714286,7.64,43,30,6,28,45,1877,1350,527,70,781,1096,7.40883891848695,7.65419111111111,6.78032760910816,7.16571428571429,7.38797439180538,7.42370679744525,70
"65",2007,11,7.325,100,7.50833333333333,6.85357142857143,7.66666666666667,7.28529411764706,7.34545454545455,72,28,3,34,66,1977,1422,555,73,815,1162,7.40459820435002,7.646805907173,6.78402279279279,7.18630136986301,7.38369079754601,7.41926217728055,71
"66",2007,12,7.25833333333333,120,7.43908045977012,6.78181818181818,7.375,7.28292682926829,7.24556962025316,87,33,4,41,79,2097,1509,588,77,856,1241,7.3962282546495,7.63482968853545,6.78389906462585,7.1961038961039,7.37886448598131,7.40820519742143,72
"67",2008,1,7.34777070063694,157,7.6196261682243,6.766,7,7.1219512195122,7.42758620689655,107,50,11,41,116,2254,1616,638,88,897,1357,7.39285299467613,7.63382301980198,6.78249631661442,7.17159090909091,7.36712151616499,7.40986193809875,73
"68",2008,2,7.32045454545455,88,7.47647058823529,6.79,7,7.1258064516129,7.42631578947368,68,20,4,31,57,2342,1684,658,92,928,1414,7.39013264304014,7.62746912114014,6.78272439209726,7.16413043478261,7.35906034482759,7.41052521216407,74
"69",2008,3,7.07692307692308,91,7.34126984126984,6.48214285714286,6.75,7.21666666666667,7.00819672131148,63,28,4,30,61,2433,1747,686,96,958,1475,7.37841785861077,7.61714825414997,6.77045575801749,7.146875,7.3546012526096,7.39388654237288,75
"70",2008,4,7.29782608695652,92,7.3734375,7.125,6.85714285714286,7.159375,7.37166666666667,64,28,7,32,60,2525,1811,714,103,990,1535,7.37548144554456,7.60853561568194,6.78435945378151,7.12718446601942,7.34829090909091,7.39301801302931,76
"71",2008,5,7.33703703703704,81,7.46101694915254,7.00454545454545,6.83333333333333,7.34444444444444,7.33111111111111,59,22,3,36,45,2606,1870,736,106,1026,1580,7.37428651189563,7.60388128342246,6.79094110054348,7.1188679245283,7.3481559454191,7.39125484177215,77
"72",2008,6,7.35277777777778,72,7.40196078431373,7.23333333333333,7,7.31935483870968,7.3780487804878,51,21,3,31,41,2678,1921,757,109,1057,1621,7.37370823375654,7.59852056220718,6.80321354029062,7.11559633027523,7.34731125827815,7.39092082048118,78
"73",2008,7,7.15989010989011,91,7.44924242424242,6.396,6.30769230769231,6.91379310344828,7.275,66,25,13,29,62,2769,1987,782,122,1086,1683,7.3666813470567,7.59356215400101,6.79019520460358,7.02950819672131,7.33573480662983,7.38665041592394,79
"74",2008,8,7.09505494505494,91,7.35491803278688,6.56666666666667,6.38888888888889,7.14130434782609,7.07941176470588,61,30,9,23,68,2860,2048,812,131,1109,1751,7.35803868881119,7.5864541015625,6.78193676108374,6.98549618320611,7.33170243462579,7.37471881781839,80
"75",2008,9,7.333125,80,7.6031914893617,6.94848484848485,7.25555555555556,7.20540540540541,7.44302325581395,47,33,9,37,43,2940,2095,845,140,1146,1794,7.35736076530612,7.58682959427208,6.78844100591716,7.00285714285714,7.32762478184991,7.37635599219621,81
"76",2008,10,7.13013492063492,63,7.5,6.60378846153846,6.5625,7.10469047619048,7.14285714285714,37,26,8,21,42,3003,2132,871,148,1167,1836,7.35259378954379,7.58532270168855,6.78292898966705,6.97905405405406,7.32361311053984,7.37101451525054,82
"77",2008,11,7.06348314606742,89,7.13703703703704,6.95,5.62,7.27407407407407,6.97177419354839,54,35,5,27,62,3092,2186,906,153,1194,1898,7.34427204075033,7.57424885635865,6.78938316777042,6.93464052287582,7.32249288107203,7.35797294520548,83
"78",2008,12,7.17009345794393,107,7.29041095890411,6.91176470588235,6.875,7.32258064516129,7.10789473684211,73,34,8,31,76,3199,2259,940,161,1225,1974,7.33844612378869,7.56507658255866,6.79380973404255,6.93167701863354,7.32249510204081,7.34834480749747,84
"79",2009,1,7.11379310344828,145,7.2578431372549,6.77209302325581,6.79166666666667,7.08780487804878,7.12403846153846,102,43,12,41,104,3344,2361,983,173,1266,2078,7.32870488935407,7.55180347310462,6.79285976602238,6.92196531791908,7.31489454976303,7.3371186958614,85
"80",2009,2,7.00421348314607,178,7.23244680851064,6.74880952380952,6.63076923076923,7.11351351351351,6.97553191489362,94,84,13,37,141,3522,2455,1067,186,1303,2219,7.31230526689381,7.53957556008147,6.78939189315839,6.90161290322581,7.30917613200307,7.31414269941415,86
"81",2009,3,7.01571428571429,140,7.33051948051948,6.63095238095238,6.55882352941176,6.92903225806452,7.04036697247706,77,63,17,31,109,3662,2532,1130,203,1334,2328,7.30096645275806,7.53321800947867,6.78055853982301,6.87290640394089,7.30034220389805,7.30132416237113,87
"82",2009,4,6.95059171597633,169,7.23525641025641,6.70659340659341,6.79545454545455,6.90135135135135,6.96439393939394,78,91,22,37,132,3831,2610,1221,225,1371,2460,7.28551008874968,7.52431340996169,6.77504598689599,6.86533333333333,7.28957439824945,7.28324497967479,88
"83",2009,5,6.88084112149533,107,7.26442307692308,6.51818181818182,6.75,6.96111111111111,6.86460674157303,52,55,6,18,89,3938,2662,1276,231,1389,2549,7.27451476637887,7.51923666416228,6.76397425548589,6.86233766233766,7.28531785457163,7.26862795213809,89
"84",2009,6,7.27195121951219,123,7.52083333333333,6.92058823529412,6,7.24,7.28225806451613,72,51,2,30,93,4061,2734,1327,233,1419,2642,7.27443712139867,7.51927871250914,6.7699933308214,6.8549356223176,7.28435976039464,7.26910774034822,90
"85",2009,7,7.12624113475177,141,7.35822784810127,6.83064516129032,6.69230769230769,7.375,7.05321100917431,79,62,13,32,109,4202,2813,1389,246,1451,2751,7.26946433841028,7.5147557767508,6.77270061195104,6.84634146341463,7.28635871812543,7.26055348964013,91
"86",2009,8,7.16394230769231,104,7.50454545454545,6.78163265306122,6.84285714285714,7.254,7.13544303797468,55,49,7,25,79,4306,2868,1438,253,1476,2830,7.26691573385973,7.514559972106,6.77300497218359,6.84624505928854,7.28581063685637,7.25706100706714,92
"87",2009,9,7.13836206896552,116,7.30384615384615,6.92745098039216,6.72,7.09523809523809,7.14789473684211,65,51,10,21,95,4422,2933,1489,263,1497,2925,7.2635434531886,7.50989021479714,6.77829492948287,6.84144486692015,7.2831372745491,7.25351543589743,93
"88",2009,10,7.12022900763359,131,7.39295774647887,6.7975,6.45833333333333,6.88333333333333,7.19059405940594,71,60,12,30,101,4553,3004,1549,275,1527,3026,7.25941997584011,7.50712649800266,6.7790388315042,6.82472727272727,7.27528258022266,7.25141528420357,94
"89",2009,11,7.00583941605839,137,7.30342465753425,6.66640625,6.57142857142857,7.05961538461538,6.99324324324324,73,64,14,26,111,4690,3077,1613,289,1553,3137,7.2520126119403,7.50229379265518,6.77456983880967,6.81245674740484,7.27167192530586,7.24228009244501,95
"90",2009,12,6.9879746835443,158,7.25247524752475,6.51929824561403,6.525,7.06145833333333,6.95590909090909,101,57,8,48,110,4848,3178,1670,297,1601,3247,7.24340741542904,7.49435431088735,6.7658569760479,6.80471380471381,7.26536945658963,7.2325785802279,96
"91",2010,1,6.96858407079646,226,7.08507462686567,6.79891304347826,6.575,6.91860465116279,6.98032786885246,134,92,16,43,183,5074,3312,1762,313,1644,3430,7.23116656484036,7.47779528985507,6.76758294551646,6.79297124600639,7.25629957420925,7.21912030612245,97
"92",2010,2,6.77272727272727,121,6.953125,6.57017543859649,6.42857142857143,6.62727272727273,6.80505050505051,64,57,14,22,99,5195,3376,1819,327,1666,3529,7.2204887680462,7.46784893364929,6.76139700384827,6.77737003058104,7.2479930972389,7.20750429300085,98
"93",2010,3,7.18019801980198,101,7.3578125,6.87297297297297,6.75,7.16111111111111,7.18433734939759,64,37,4,18,83,5296,3440,1856,331,1684,3612,7.21972038330816,7.46580174418605,6.76362130926724,6.77703927492447,7.24706442992874,7.20697194075304,99
"94",2010,4,7.1129396039604,101,7.32203389830508,6.8192119047619,6.26,6.95625,7.14243411764706,59,42,10,16,85,5397,3499,1898,341,1700,3697,7.21772207707986,7.46337753643898,6.76485144889357,6.76187683284458,7.24432735294118,7.20548811198269,100
"95",2010,5,6.895,100,7.28142857142857,5.99333333333333,6.58333333333333,6.345,7.0325,70,30,6,20,80,5497,3569,1928,347,1720,3777,7.2118512006549,7.45980891005884,6.75284649896265,6.75878962536023,7.23387005813953,7.20182407995764,101
"96",2010,6,7.00454545454545,66,7.32619047619048,6.44166666666667,7.14,7.03571428571429,6.99615384615385,42,24,5,14,52,5563,3611,1952,352,1734,3829,7.20939170411649,7.45825477707007,6.74902051741803,6.76420454545455,7.2322701845444,7.19903096108644,102
"97",2010,7,7.043,100,7.36415094339623,6.68085106382979,6.57142857142857,7.19047619047619,7.00379746835443,53,47,7,21,79,5663,3664,1999,359,1755,3908,7.20645347872153,7.45689355895197,6.74741773386693,6.76044568245125,7.23177008547008,7.19508432702149,103
"98",2010,8,7.08975903614458,83,7.2945652173913,6.83513513513514,6.83333333333333,7.09791666666667,7.0864406779661,46,37,9,24,59,5746,3710,2036,368,1779,3967,7.20476784719805,7.45488086253369,6.74901181237721,6.76222826086957,7.22996430578977,7.19346850264683,104
"99",2010,9,6.91392405063291,79,7.17358490566038,6.38461538461539,5.8,6.97916666666667,6.88545454545455,53,26,5,24,55,5825,3763,2062,373,1803,4022,7.20082335622318,7.45091894764815,6.74441709505335,6.74932975871314,7.22662590127565,7.18925647687717,105
"100",2010,10,6.89175257731959,97,7.19344262295082,6.38055555555556,6.66666666666667,6.92857142857143,6.8768115942029,61,36,9,28,69,5922,3824,2098,382,1831,4091,7.19576090003377,7.44681171548117,6.73817352240229,6.74738219895288,7.2220679956308,7.18398669029577,106
"101",2010,11,6.85111111111111,135,7.06162790697674,6.48163265306122,6.59,7.30833333333333,6.75225225225225,86,49,10,24,111,6057,3910,2147,392,1855,4202,7.18807925540697,7.43833964194373,6.73231860735911,6.74336734693878,7.22318409703504,7.17258199666825,107
"102",2010,12,6.78646616541353,133,7.00055555555556,6.33837209302326,6.475,7.07058823529412,6.68888888888889,90,43,10,34,99,6190,4000,2190,402,1889,4301,7.17945008885299,7.4284895,6.72458358447489,6.73669154228856,7.22043753308629,7.16144839572192,108
"103",2011,1,6.85145161290323,186,7,6.57492307692308,6.3,6.81818181818182,6.85862745098039,121,65,9,33,153,6376,4121,2255,411,1922,4454,7.16988175188206,7.41590827469061,6.72026964523282,6.72712895377129,7.21353095733611,7.15104614952851,109
"104",2011,2,7.01819852941177,136,7.25769230769231,6.69612068965517,6.66363636363636,7.30625,6.9145,78,58,11,36,100,6512,4199,2313,422,1958,4554,7.16671392045455,7.41296927839962,6.71966409424989,6.72547393364929,7.21523569969356,7.14585189942907,110
"105",2011,3,6.94165289256198,121,7.1473417721519,6.5547619047619,6,7.15826086956522,6.89081632653061,79,42,2,23,98,6633,4278,2355,424,1981,4652,7.1626083295643,7.40806404862085,6.71672316348195,6.72205188679245,7.21457420494699,7.14047926698194,111
"106",2011,4,7.0379381443299,97,7.33742424242424,6.40032258064516,6.93333333333333,7.23571428571429,6.95768115942029,66,31,6,28,69,6730,4344,2386,430,2009,4721,7.160811448737,7.40699079189687,6.71261234283319,6.725,7.21486884021901,7.13780757254819,112
"107",2011,5,7.06648936170213,94,7.12966101694915,6.96,7.5,7.03571428571429,7.071875,59,35,2,14,80,6824,4403,2421,432,2023,4801,7.15951217028136,7.40327458550988,6.71618878562577,6.72858796296296,7.21362901631241,7.13670892522391,113
"108",2011,6,6.92439024390244,82,7.20408163265306,6.50909090909091,6.375,7.025,6.89193548387097,49,33,8,20,62,6906,4452,2454,440,2043,4863,7.15672039530843,7.40108221024259,6.71340385085574,6.72215909090909,7.21178242780225,7.13358822743163,114
"109",2011,7,6.95666666666667,105,7.36583333333333,6.41111111111111,5.75,6.84523809523809,6.98452380952381,60,45,12,21,84,7011,4512,2499,452,2064,4947,7.15372429753245,7.4006134751773,6.70796040416166,6.69634955752212,7.20805305232558,7.13105711542349,115
"110",2011,8,6.952,100,7.09491525423729,6.74634146341463,6.725,6.70434782608696,7.02597402597403,59,41,12,23,77,7111,4571,2540,464,2087,5024,7.15088750527352,7.39666768759571,6.70857994094488,6.69709051724138,7.20250191662674,7.12944656648089,116
"111",2011,9,6.96290322580645,93,7.26481481481482,6.54487179487179,6.33333333333333,6.86666666666667,6.99097222222222,54,39,9,21,72,7204,4625,2579,473,2108,5096,7.14846072320933,7.39512821621622,6.70610432338115,6.69016913319239,7.19915630929791,7.12749010007849,117
"112",2011,10,6.96197916666667,96,7.327,6.56521739130435,7.1,6.61904761904762,7.058,50,46,10,21,75,7300,4675,2625,483,2129,5171,7.1460083630137,7.39439957219251,6.70363544761905,6.69865424430642,7.1934342414279,7.12648221813962,118
"113",2011,11,6.96610169491525,118,7.23333333333333,6.62692307692308,6.45,7.34210526315789,6.89393939393939,66,52,8,19,99,7418,4741,2677,491,2148,5270,7.14314654219466,7.39215735076988,6.70214533059395,6.69460285132383,7.19474930167598,7.12211376660341,119
"114",2011,12,6.83836206896552,116,6.93188405797101,6.70106382978723,6.5,6.78125,6.85326086956522,69,47,7,24,92,7534,4810,2724,498,2172,5362,7.13845381603398,7.38555467775468,6.70212667033774,6.69186746987952,7.19018024861878,7.11750084856397,120
"115",2012,1,6.87929936305733,157,7.17287234042553,6.44126984126984,6.35714285714286,6.84375,6.8884,94,63,7,32,125,7691,4904,2787,505,2204,5487,7.13316357430763,7.3814779771615,6.69623001435235,6.68722772277228,7.18515040834846,7.11228167486787,121
"116",2012,2,7.07254901960784,102,7.25892857142857,6.84565217391304,5.95,6.81578947368421,7.13132530120482,56,46,10,19,83,7793,4960,2833,515,2223,5570,7.13237021044527,7.38009435483871,6.69865621249559,6.67291262135922,7.18199347728295,7.11256544883303,122
"117",2012,3,7.0155,100,7.29180327868852,6.58333333333333,6.575,6.86136363636364,7.05897435897436,61,39,8,22,78,7893,5021,2872,523,2245,5648,7.13088952869631,7.37902170882295,6.69709019846797,6.67141491395793,7.17885144766147,7.11182534525496,123
"118",2012,4,7,110,7.17682926829268,6.48214285714286,6.41666666666667,6.65909090909091,7.08522727272727,82,28,6,22,88,8003,5103,2900,529,2267,5736,7.12909047232288,7.37577268273565,6.69501484482759,6.66852551984877,7.17380745478606,7.11141728556485,124
"119",2012,5,6.8135593220339,118,6.86470588235294,6.744,6.68181818181818,6.76923076923077,6.82608695652174,68,50,11,26,92,8121,5171,2950,540,2293,5828,7.1245057320527,7.36905202088571,6.69584510169491,6.6687962962963,7.1692200174444,7.10691310054907,125
"120",2012,6,6.74,85,7.07954545454545,6.37560975609756,6.08333333333333,6.71764705882353,6.74558823529412,44,41,12,17,68,8206,5215,2991,552,2310,5896,7.12052291615891,7.36660939597316,6.69145538281511,6.65606884057971,7.16589675324675,7.10274585312076,126
"121",2012,7,6.85958762886598,97,7.18909090909091,6.42809523809524,5.25,7.22058823529412,6.782875,55,42,4,17,80,8303,5270,3033,556,2327,5976,7.11747453330122,7.36475673624289,6.68780845697329,6.64595323741007,7.1662963042544,7.09846378012048,127
"122",2012,8,6.9510101010101,99,7.13064516129032,6.65,6.15555555555556,6.89411764705882,6.96280487804878,62,37,9,17,82,8402,5332,3070,565,2344,6058,7.11551309807189,7.36203450862716,6.68735278501629,6.63814159292035,7.16432231228669,7.096627525586,128
"123",2012,9,6.99615384615385,78,7.25714285714286,6.5551724137931,6.4,6.64545454545455,7.13392857142857,49,29,5,22,56,8480,5381,3099,570,2366,6114,7.11441521816038,7.36107935328006,6.68611585995482,6.63605263157895,7.15949767540152,7.096969177298,129
"124",2012,10,6.88657407407407,108,7.10573770491803,6.60212765957447,6.6,6.76785714285714,6.928125,61,47,10,28,80,8588,5442,3146,580,2394,6194,7.11154995924546,7.35821719955899,6.6848611093452,6.63543103448276,7.15491708437761,7.09478843235389,130
"125",2012,11,6.84087719298246,114,7.04,6.586,6.94444444444444,7.06470588235294,6.80164948453608,64,50,9,17,97,8702,5506,3196,589,2411,6291,7.1080040278097,7.35451834362514,6.68331447121402,6.64015280135823,7.15428100373289,7.09026856620569,131
"126",2012,12,6.82100840336134,119,6.95,6.54605263157895,6.41666666666667,7.1304347826087,6.746875,81,38,9,23,96,8821,5587,3234,598,2434,6387,7.1041323035937,7.3486536602828,6.68170162337662,6.63678929765886,7.15405566967954,7.08510717864412,132
"127",2013,1,6.91099337748344,151,7.11622222222222,6.60819672131148,6.72222222222222,7.01724137931035,6.88573770491803,90,61,9,29,122,8972,5677,3295,607,2463,6509,7.10088174877396,7.34496882156068,6.68034083459787,6.63805601317957,7.15244478278522,7.08137034106621,133
"128",2013,2,6.97592592592593,108,7.20983606557377,6.67234042553191,6.4,7.015,6.96704545454545,61,47,10,20,88,9080,5738,3342,617,2483,6597,7.09939549008811,7.34353224119902,6.68022832136445,6.63419773095624,7.15133769633508,7.07984531605275,134
"129",2013,3,6.91537373737374,99,7.09020338983051,6.6575,6.72222222222222,6.84088,6.94054054054054,59,40,9,25,74,9179,5797,3382,626,2508,6671,7.09741072556923,7.34095394169398,6.67995950620934,6.63546325878594,7.14824302232855,7.07830003747564,135
"130",2013,4,6.99438775510204,98,7.07279411764706,6.81666666666667,5.33333333333333,6.69230769230769,7.04058823529412,68,30,3,13,85,9277,5865,3412,629,2521,6756,7.09632241565161,7.33784484228474,6.681161503517,6.62925278219396,7.14589190797303,7.07782556986382,136
"131",2013,5,6.80511363636364,88,7.04672131147541,6.25925925925926,6.6,6.48157894736842,6.89420289855072,61,27,5,19,69,9365,5926,3439,634,2540,6825,7.09358601708489,7.33484812689841,6.67784909857516,6.62902208201893,7.14092263779528,7.07596916483516,137
"132",2013,6,6.88047619047619,105,7.16639344262295,6.48409090909091,6.43,6.5,6.92052631578947,61,44,10,10,95,9470,5987,3483,644,2550,6920,7.09122313093981,7.33313178553533,6.67540139247775,6.62593167701863,7.13840921568628,7.0738351950867,138
"133",2013,7,6.76060606060606,99,6.87777777777778,6.55555555555556,6.71428571428571,6.83333333333333,6.74761904761905,63,36,7,15,84,9569,6050,3519,651,2565,7004,7.08780259692758,7.32839008264463,6.67417534811026,6.62688172043011,7.13662514619883,7.06992283695031,139
"134",2013,8,6.72204301075269,93,7.11101694915254,6.04705882352941,5.9375,6.3425,6.82602739726027,59,34,8,20,73,9662,6109,3553,659,2585,7077,7.08428203788036,7.32629071861188,6.6681742330425,6.6185128983308,7.13048104448743,7.06740702981489,140
"135",2013,9,6.71293103448276,116,6.90281690140845,6.41333333333333,6.39230769230769,6.416,6.79450549450549,71,45,13,25,91,9778,6180,3598,672,2610,7168,7.07987656473717,7.32142556634304,6.66498695108393,6.6141369047619,7.12363735632184,7.06394245954241,141
"136",2013,10,6.8195,100,7.07857142857143,6.37837837837838,6,6.8475,6.8125,63,37,10,20,80,9878,6243,3635,682,2630,7248,7.07724064081798,7.31897485183405,6.66206961485557,6.60513196480938,7.12153745247148,7.06116715645695,142
"137",2013,11,6.69074074074074,108,7.03916666666667,6.25520833333333,6.13333333333333,6.61363636363636,6.71046511627907,60,48,9,22,86,9986,6303,3683,691,2652,7334,7.07306058982576,7.31631128034269,6.65676705131686,6.59898697539797,7.11732409502263,7.05705475184074,143
"138",2013,12,6.85576923076923,130,6.99715909090909,6.55952380952381,6.125,6.55263157894737,6.90765765765766,88,42,12,19,111,10116,6391,3725,703,2671,7445,7.07026819395018,7.31191675794085,6.65567061744966,6.59089615931721,7.11330718831898,7.05482734049697,144
"139",2014,1,6.76340782122905,179,6.9712962962963,6.44718309859155,6.40909090909091,6.67826086956522,6.77596153846154,108,71,11,23,156,10295,6499,3796,714,2694,7601,7.06493278776105,7.30625634713033,6.65177108798735,6.58809523809524,7.1095929844098,7.04910400605183,145
"140",2014,2,6.38873873873874,111,6.66140350877193,6.10092592592593,5.828125,6.10833333333333,6.42272727272727,57,54,16,12,99,10406,6556,3850,730,2706,7700,7.05771987795502,7.30064978645516,6.64404494805194,6.57143835616438,7.10515280857354,7.04105059090909,146
"141",2014,3,6.76801801801802,111,7.10928571428571,6.18536585365854,6.25,7.075,6.70054945054945,70,41,8,20,91,10517,6626,3891,738,2726,7791,7.05466226585528,7.29862813160278,6.63921178360318,6.56795392953929,7.10493158473955,7.03707348864074,147
"142",2014,4,6.58404255319149,94,6.84814814814815,6.2275,5.8,6.5,6.6,54,40,14,15,79,10611,6680,3931,752,2741,7870,7.05049317217981,7.29498652694611,6.63502239888069,6.55365691489362,7.10162112367749,7.0326860927573,148
"143",2014,5,6.75569620253165,79,7.0622641509434,6.13076923076923,6.5,6.66666666666667,6.77164179104478,53,26,2,12,67,10690,6733,3957,754,2753,7937,7.04831459775491,7.29315461161444,6.63170913570887,6.55351458885942,7.09972520886306,7.03048249338541,149
"144",2014,6,6.5312987012987,77,6.83675675675676,6.24875,6.26176470588235,6.67857142857143,6.49857142857143,37,40,17,14,63,10767,6770,3997,771,2767,8000,7.04461716819913,7.29066026587888,6.6278766700025,6.54708171206226,7.09759432598482,7.02629369375,150
"145",2014,7,6.67342342342342,111,6.94066666666667,6.11666666666667,6.8,7.13409090909091,6.55955056179775,75,36,5,22,89,10878,6845,4033,776,2789,8089,7.0408294769259,7.28682542001461,6.62331342672948,6.54871134020618,7.09788221584797,7.02115830757819,151
"146",2014,8,6.60485436893204,103,6.75277777777778,6.26129032258065,6.1875,6.60952380952381,6.60365853658537,72,31,8,21,82,10981,6917,4064,784,2810,8171,7.03674010108369,7.2812664449906,6.62055193159448,6.54502551020408,7.09423256227758,7.01696849222861,152
"147",2014,9,6.9264367816092,87,7.0377358490566,6.75294117647059,6.84285714285714,6.74666666666667,6.96388888888889,53,34,7,15,72,11068,6970,4098,791,2825,8243,7.03587306198048,7.27941463414634,6.62165032942899,6.54766118836915,7.09238707964602,7.01650485866796,153
"148",2014,10,6.6354,100,6.88641791044776,6.12575757575758,7.07142857142857,6.75148148148148,6.59246575342466,67,33,7,27,73,11168,7037,4131,798,2852,8316,7.0322871642192,7.27567287196248,6.61768894940692,6.55225563909774,7.08915971248247,7.01278253367003,154
"149",2014,11,6.55546218487395,119,6.88923076923077,6.1537037037037,6.23333333333333,6.86842105263158,6.496,65,54,15,19,100,11287,7102,4185,813,2871,8416,7.02725994949942,7.27213601802309,6.61170204301075,6.54637146371464,7.08769888540578,7.00664205679658,155
"150",2014,12,6.813671875,128,6.96104651162791,6.51190476190476,6.16666666666667,6.59038461538462,6.87058823529412,86,42,9,26,102,11415,7188,4227,822,2897,8518,7.02486491896627,7.26841402337229,6.61071044475987,6.54221411192214,7.08323558853987,7.00501286100023,156
"151",2015,1,6.69934210526316,152,6.95511363636364,6.34765625,6.38,6.41111111111111,6.73805970149254,88,64,10,18,134,11567,7276,4291,832,2915,8652,7.0205872784646,7.26462479384277,6.60678700769051,6.54026442307692,7.07908524871355,7.00087835760518,157
"152",2015,2,6.81967741935484,124,7.00694444444444,6.56038461538462,6.46333333333333,6.695,6.84365384615385,72,52,18,20,104,11691,7348,4343,850,2935,8756,7.01845633820888,7.26209989112684,6.60623141837439,6.53863529411765,7.07646797274276,6.99901091251713,158
"153",2015,3,6.58318584070796,113,7.00971428571429,5.88883720930233,6.36363636363636,7.06928571428571,6.51444444444444,70,43,11,14,99,11804,7418,4386,861,2949,8855,7.01428948237885,7.25971825289836,6.59919814181486,6.53639953542393,7.07643387589013,6.99359339920948,159
"154",2015,4,6.83184466019418,103,6.96666666666667,6.59135135135135,6.73333333333333,6.57692307692308,6.86866666666667,66,37,6,13,90,11907,7484,4423,867,2962,8945,7.0127112664819,7.25713388562266,6.59913250056522,6.53776239907728,7.07424155975692,6.99233645053102,160
"155",2015,5,6.625,94,6.80277777777778,6.385,5.5,6.5,6.64156626506024,54,40,4,11,83,12001,7538,4463,871,2973,9028,7.00967444796267,7.2538790130008,6.59721332063634,6.53299655568312,7.07211688530104,6.98911160279131,161
"156",2015,6,6.61730337078652,89,6.72530612244898,6.485,6.11538461538461,5.90909090909091,6.71717948717949,49,40,13,11,78,12090,7587,4503,884,2984,9106,7.00678602564102,7.25046526954,6.59621653342216,6.52685520361991,7.06782959115282,6.98678229189545,162
"157",2015,7,6.62378640776699,103,6.87121212121212,6.18243243243243,5.56875,6.455,6.6644578313253,66,37,8,20,83,12193,7653,4540,892,3004,9189,7.00355064791273,7.24719456422318,6.59284428414097,6.51826233183856,7.06374950066578,6.98387088366525,163
"158",2015,8,6.66610169491525,118,6.83733333333333,6.36744186046512,5.85,6.65333333333333,6.66796116504854,75,43,10,15,103,12311,7728,4583,902,3019,9292,7.00031622532694,7.24321687370601,6.59072944577787,6.51085365853658,7.06171033454786,6.9803690863108,164
"159",2015,9,6.5989898989899,99,6.74035087719298,6.40714285714286,6.2,6.2,6.68765432098765,57,42,10,18,81,12410,7785,4625,912,3037,9373,6.99711466962127,7.23953500321131,6.58906228108108,6.5074451754386,7.05660306223247,6.97783949109143,165
"160",2015,10,6.49710743801653,121,6.73133333333333,6.11521739130435,6.25,6.79473684210526,6.44166666666667,75,46,8,19,102,12531,7860,4671,920,3056,9475,6.99228657329822,7.23468575063613,6.58439585741811,6.50520652173913,7.05497496727749,6.97206749868074,166
"161",2015,11,6.83222222222222,135,7.09133333333333,6.50833333333333,6.16666666666667,6.68333333333333,6.8551282051282,75,60,9,18,117,12666,7935,4731,929,3074,9592,6.99058053450181,7.23333081285444,6.58343120904671,6.50192680301399,7.05279879635654,6.97064111238532,167
"162",2015,12,6.64530726256983,179,6.82554545454545,6.35797101449275,6.42857142857143,6.278125,6.72523809523809,110,69,14,32,147,12845,8045,4800,943,3106,9739,6.98576901907357,7.22775512740833,6.58019021875,6.50083775185578,7.04481761107534,6.96693701098675,168
"163",2016,1,6.67372448979592,196,6.8099173553719,6.454,6.225,6.66153846153846,6.67558823529412,121,75,14,26,170,13041,8166,4875,957,3132,9909,6.98107913886972,7.22156380112662,6.57824883076923,6.49680250783699,7.04163585568327,6.96193859622565,169
"164",2016,2,6.71769230769231,130,7.11948051948052,6.13396226415094,5.68,6.90625,6.69122807017544,77,53,15,16,114,13171,8243,4928,972,3148,10023,6.97847946625161,7.22061021472765,6.5734705864448,6.4841975308642,7.04094774459975,6.95885957797067,170
"165",2016,3,6.83988549618321,131,7.04383116883117,6.54907407407407,6.95,6.86111111111111,6.83650442477876,77,54,10,18,113,13302,8320,4982,982,3166,10136,6.97711457299654,7.21897415865385,6.57320615214773,6.48894093686354,7.03992530006317,6.95749551598264,171
"166",2016,4,6.88668367346939,98,7.15524590163934,6.44391891891892,6.64,7.16666666666667,6.85837078651685,61,37,5,9,89,13400,8381,5019,987,3175,10225,6.97645321268657,7.21851032096409,6.57225304841602,6.48970618034448,7.04028456692913,6.95663271882641,172
"167",2016,5,6.78373983739837,123,7.00487804878049,6.34146341463415,5.91666666666667,6.55555555555556,6.82285714285714,82,41,6,18,105,13523,8463,5060,993,3193,10330,6.97470036604304,7.21644038756942,6.57038301383399,6.48624370594159,7.03755198872534,6.95527294772507,173
"168",2016,6,6.89322033898305,118,7.07710843373494,6.45714285714286,6.7,7.05909090909091,6.85520833333333,83,35,5,22,96,13641,8546,5095,998,3215,10426,6.9739955318525,7.21508717528669,6.56960511285574,6.48731462925852,7.03769937791602,6.9543515777863,174
"169",2016,7,6.68642857142857,140,6.85348837209302,6.42037037037037,6.18461538461538,6.49230769230769,6.70629921259843,86,54,13,13,127,13781,8632,5149,1011,3228,10553,6.97107416370365,7.21148459221502,6.56804001747912,6.48342235410485,7.03550294299876,6.95136639344262,175
"170",2016,8,6.75036496350365,137,6.99753086419753,6.39285714285714,5.61111111111111,6.38666666666667,6.79508196721311,81,56,18,15,122,13918,8713,5205,1029,3243,10675,6.96890164175887,7.20949558131528,6.56615524495677,6.46816326530612,7.03250185013876,6.94958028571429,176
"171",2016,9,6.72379032258065,124,6.93661971830986,6.43867924528302,6.54545454545455,7.22727272727273,6.67477876106195,71,53,11,11,113,14042,8784,5258,1040,3254,10788,6.96673714926648,7.20728995901639,6.56487030239635,6.46898076923077,7.0331602642901,6.94670184927697,177
"172",2016,10,6.66496815286624,157,6.8875,6.31475409836066,6.2,6.5,6.70077519379845,96,61,13,28,129,14199,8880,5319,1053,3282,10917,6.96340045425734,7.20383277027027,6.5620018894529,6.46566001899335,7.02861166971359,6.94379587340844,178
"173",2016,11,6.6337037037037,162,6.7088785046729,6.48745454545455,6.33333333333333,6.68181818181818,6.62614285714286,107,55,6,22,140,14361,8987,5374,1059,3304,11057,6.95968129308544,7.19793980193613,6.56123893747674,6.46491029272899,7.02630251210654,6.93977385818938,179
"174",2016,12,6.59433333333333,150,6.86263157894737,6.13090909090909,5.8125,6.72916666666667,6.56865079365079,95,55,8,24,126,14511,9082,5429,1067,3328,11183,6.95590469643718,7.19443239374587,6.55687936083993,6.46001874414245,7.02415970552885,6.93559237682196,180
"175",2017,1,6.89013385826772,254,7.06246590909091,6.50128205128205,6.26666666666667,6.82128571428571,6.90377358490566,176,78,15,42,212,14765,9258,5507,1082,3370,11395,6.95477325093125,7.19192363361417,6.55609189213728,6.45733826247689,7.02163130563798,6.93500039929794,181
"176",2017,2,6.93184357541899,179,7.07363636363636,6.70579710144928,6.57142857142857,7.14583333333333,6.89870967741935,110,69,14,24,155,14944,9368,5576,1096,3394,11550,6.95449859809957,7.19053469257045,6.5579444135581,6.45879562043795,7.02250957572186,6.93451338095238,182
"177",2017,3,6.74635761589404,151,6.84137931034483,6.6171875,6.83333333333333,6.97619047619048,6.70923076923077,87,64,6,21,130,15095,9455,5640,1102,3415,11680,6.95241649884067,7.18732194606029,6.55861667553191,6.46083484573503,7.02222474377745,6.93200595462329,183
"178",2017,4,6.87268115942029,138,7.06228915662651,6.58654545454545,6.72307692307692,7.49047619047619,6.76179487179487,83,55,13,21,117,15233,9538,5695,1115,3436,11797,6.95169415413904,7.18623390647935,6.55888640035118,6.46389237668161,7.02508658323632,6.93031783928117,184
"179",2017,5,6.72086956521739,115,6.91884057971015,6.42391304347826,6.5,6.68235294117647,6.72755102040816,69,46,8,17,98,15348,9607,5741,1123,3453,11895,6.94996462405525,7.18431341729988,6.55780492074551,6.46414959928762,7.02339921807124,6.92864729298024,185
"180",2017,6,6.6375,120,6.96575342465753,6.12765957446809,6,7,6.58571428571429,73,47,7,15,105,15468,9680,5788,1130,3468,12000,6.94754053853116,7.18266518595041,6.55431203351762,6.46127433628318,7.02329801038062,6.92564662916667,186
"181",2017,7,6.79692307692308,130,7.05054945054945,6.20512820512821,6.375,6.68965517241379,6.82772277227723,91,39,12,29,101,15598,9771,5827,1142,3497,12101,6.94628523208103,7.18143475591035,6.5519749528059,6.46036777583187,7.02053116957392,6.92482931575903,187
"182",2017,8,6.85858064516129,155,7.04318681318681,6.59609375,6.86538461538461,6.84,6.86086956521739,91,64,13,17,138,15753,9862,5891,1155,3514,12239,6.9454222719482,7.18015909551815,6.55245426073671,6.4649264069264,7.0196577973819,6.92410814200507,188
"183",2017,9,6.77188405797101,138,6.886375,6.61396551724138,6.78571428571429,6.91666666666667,6.74140350877193,80,58,14,24,114,15891,9942,5949,1169,3538,12353,6.94391523818513,7.17779511164756,6.55305396705328,6.46876817792985,7.01895915771622,6.92242204727597,189
"184",2017,10,6.66157575757576,165,6.9494623655914,6.28972222222222,5.875,7.26470588235294,6.5922972972973,93,72,8,17,148,16056,10035,6021,1177,3555,12501,6.94101376743896,7.17567902341804,6.54990500747384,6.4647323704333,7.02013431786216,6.91851368290537,190
"185",2017,11,6.66461038961039,154,6.9805,6.07962962962963,6.13636363636364,6.96315789473684,6.62259259259259,100,54,11,19,135,16210,10135,6075,1188,3574,12636,6.93838785009253,7.17375323137642,6.545724781893,6.46169191919192,7.01983142137661,6.91535213279519,191
"186",2017,12,6.71043243243243,185,6.91943925233645,6.42371794871795,6.96153846153846,7,6.67134969325153,107,78,13,22,163,16395,10242,6153,1201,3596,12799,6.93581561756633,7.1710963678969,6.54417813261823,6.46710241465445,7.0197100945495,6.91224467145871,192
"187",2018,1,6.85669642857143,224,6.99594594594595,6.58552631578947,6.39285714285714,6.86111111111111,6.85631067961165,148,76,14,18,206,16619,10390,6229,1215,3614,13005,6.93474920572838,7.16860144369586,6.5446826216086,6.46624691358024,7.01892017155506,6.91135867358708,193
"188",2018,2,6.84422077922078,154,7.03805555555556,6.38913043478261,5.94444444444444,7.288,6.77798507462687,108,46,9,20,134,16773,10498,6275,1224,3634,13139,6.93391802599415,7.16725843017718,6.5435423187251,6.46241013071895,7.02040107319758,6.90999844356496,194
"189",2018,3,6.75802919708029,137,6.89193548387097,6.475,6.30769230769231,7.14285714285714,6.68836206896552,93,44,13,21,116,16910,10591,6319,1237,3655,13255,6.93249302483737,7.16484080823341,6.54306504984966,6.46078415521422,7.02110465116279,6.90805881176914,195
"190",2018,4,6.7496875,128,7.06658227848101,6.23877551020408,5.48181818181818,6.7875,6.74428571428571,79,49,11,16,112,17038,10670,6368,1248,3671,13367,6.93111967660523,7.16411330834114,6.54072362594221,6.45215544871795,7.02008648869518,6.90668658262886,196
"191",2018,5,6.70654205607477,107,7.00967741935484,6.28888888888889,6,6.625,6.71684210526316,62,45,5,12,95,17145,10732,6413,1253,3683,13462,6.92971811315252,7.16322111442415,6.53895650241696,6.45035115722266,7.01879921259842,6.90534686896449,197
"192",2018,6,6.70715384615385,117,6.88731944444444,6.41888888888889,6.26923076923077,7.95,6.591,72,45,13,10,107,17262,10804,6458,1266,3693,13569,6.92820959622292,7.1613824509441,6.5381198590895,6.44849131121643,7.02132074194422,6.90286804849289,198
"193",2018,7,6.7953982300885,113,7.08354430379747,6.12588235294118,5.552,7.57846153846154,6.6936,79,34,10,13,100,17375,10883,6492,1276,3706,13669,6.92734584460432,7.16081742166682,6.53596088262477,6.44146551724138,7.02327509444144,6.90133708025459,199
"194",2018,8,6.7336036036036,111,6.85046875,6.57446808510638,6.66666666666667,7.05111111111111,6.70558823529412,64,47,6,9,102,17486,10947,6539,1282,3715,13771,6.92611598135651,7.15900301452453,6.5362376586634,6.44251950078003,7.02334253028264,6.89988719410355,200
"195",2018,9,6.48821428571429,112,6.63636363636364,6.34526315789474,5.5625,6.42307692307692,6.49676767676768,55,57,8,13,99,17598,11002,6596,1290,3728,13870,6.92332901750199,7.15639029267406,6.53458733323226,6.43706201550387,7.02124932939914,6.89700984498919,201
"196",2018,10,6.74765625,128,6.98588235294118,6.27674418604651,6.20833333333333,6.62173913043478,6.7752380952381,85,43,12,23,105,17726,11087,6639,1302,3751,13975,6.92206047895746,7.15508307026247,6.53291731435457,6.43495391705069,7.01879965342575,6.89609492307692,202
"197",2018,11,6.74492957746479,142,6.904125,6.53951612903226,6.20454545454545,6.99090909090909,6.69983333333333,80,62,11,22,120,17868,11167,6701,1313,3773,14095,6.92065278990374,7.15328521536671,6.53297836890016,6.43302361005331,7.01863702623906,6.89442401915573,203
"198",2018,12,6.71769113207547,159,6.81863787037037,6.50392156862745,6.38888888888889,6.75,6.71304237410072,108,51,9,20,139,18027,11275,6752,1322,3793,14234,6.9188626471404,7.15007972416852,6.53275889366113,6.43272314674735,7.01722053783285,6.89265276380497,204
"199",2019,1,6.86648351648352,182,7.05391304347826,6.54477611940298,6.36666666666667,6.884375,6.86475903614458,115,67,15,16,166,18209,11390,6819,1337,3809,14400,6.91833911472349,7.14910876997366,6.53287696876374,6.43198204936424,7.0166625098451,6.89233121111111,205
"200",2019,2,6.65874045801527,131,7.0303164556962,6.09423076923077,5.77272727272727,6.45652173913043,6.70180555555556,79,52,11,23,108,18340,11469,6871,1348,3832,14508,6.91648483860414,7.14829051268637,6.52955727696114,6.42660237388724,7.01330049582463,6.89091290598291,206
"201",2019,3,6.83716129032258,155,6.9646511627907,6.67826086956522,6.22666666666667,6.575,6.876,86,69,15,20,135,18495,11555,6940,1363,3852,14643,6.91582005623141,7.14692374643012,6.53103574207493,6.424402054292,7.01102479231568,6.89077541760568,207
"202",2019,4,6.84085271317829,129,6.954,6.57974358974359,5.94,6.64444444444444,6.8727027027027,90,39,5,18,111,18624,11645,6979,1368,3870,14754,6.91530079145189,7.14543270845857,6.53130793093566,6.42263157894737,7.00931976744186,6.89063944964078,208
"203",2019,5,6.5994696969697,132,6.81597701149425,6.18088888888889,5.66666666666667,7.41578947368421,6.46221238938053,87,45,6,19,113,18756,11732,7024,1374,3889,14867,6.91307805182342,7.14298959171497,6.52906293422551,6.41933042212518,7.01130560555413,6.88738309275577,209
"204",2019,6,6.85383333333333,120,7.15718309859155,6.41428571428571,5.98888888888889,6.92307692307692,6.84542056074766,71,49,9,13,107,18876,11803,7073,1383,3902,14974,6.91270141661369,7.14307497161739,6.52826778594655,6.41652928416486,7.01101166068683,6.88708324028316,210
"205",2019,7,6.65664122137405,131,6.68195121951219,6.61428571428571,6.93428571428571,6.57066666666667,6.66775862068966,82,49,7,15,116,19007,11885,7122,1390,3917,15090,6.91093659914768,7.13989346992007,6.52885959702331,6.41913669064748,7.00932537656369,6.88539724585818,211
"206",2019,8,6.7337926,150,6.92541372340426,6.41214285714286,5.55555555555556,6.69333333333333,6.73828807407407,94,56,9,15,135,19157,11979,7178,1399,3932,15225,6.90954955525395,7.1382104332582,6.52794901783226,6.41358112937812,7.00811991353001,6.88409282955665,212
"207",2019,9,6.83717946153846,130,7.0099205952381,6.52173913043478,5.95454545454545,6.45454545454545,6.87254899159664,84,46,11,11,119,19287,12063,7224,1410,3943,15344,6.90906175973453,7.13731709442096,6.52790947535991,6.41,7.00657557697185,6.88400330161627,213
"208",2019,10,6.70748091603053,131,6.94666666666667,6.32,5.78571428571429,6.98823529411765,6.66561403508772,81,50,7,17,114,19418,12144,7274,1417,3960,15458,6.90770183129055,7.13604546360343,6.52648034781413,6.40691601976005,7.00649684343434,6.88239271962738,214
"209",2019,11,6.7054501459854,137,6.96191574712644,6.2592,6.05,7.15789473684211,6.63259889830508,87,50,10,19,118,19555,12231,7324,1427,3979,15576,6.90628488008182,7.13480686615976,6.52465565947569,6.40441485634197,7.0072197788389,6.88050034219312,215
"210",2019,12,6.70458128078818,203,6.97464,6.27179487179487,5.71333333333333,6.925,6.68049180327869,125,78,15,20,183,19758,12356,7402,1442,3999,15759,6.90421251290616,7.13318653123988,6.52199109024588,6.39722607489598,7.00680857714428,6.87817776064471,216
"211",2020,1,6.74465648854962,262,6.95756578947368,6.45045454545455,6.04705882352941,6.7,6.75021459227468,152,110,17,29,233,20020,12508,7512,1459,4028,15992,6.90212441708291,7.13105234889671,6.52094356363152,6.39314599040438,7.00459967725918,6.8763133648074,217
"212",2020,2,6.64319587628866,194,6.9308,6.12217391304348,5.1,7.53684210526316,6.54617142857143,125,69,5,19,175,20214,12633,7581,1464,4047,16167,6.89963939992084,7.12907090793952,6.51731408125577,6.38872950819672,7.00709846800099,6.87273973711882,218
"213",2020,3,6.84523255813953,172,6.99398058252427,6.6231884057971,6.44444444444444,7.05909090909091,6.81386666666667,103,69,9,22,150,20386,12736,7650,1473,4069,16317,6.89918036054155,7.12797839038945,6.51826902614379,6.38906992532247,7.00737957729172,6.87219852485138,219
"214",2020,4,6.80188632530121,166,6.96481481481482,6.49850224137931,6.71428571428571,6.8,6.8021447260274,108,58,14,20,146,20552,12844,7708,1487,4089,16463,6.89839450953678,7.12660641388976,6.51812028801245,6.39213180901143,7.00636524822695,6.87157726173844,220
"215",2020,5,6.91774193548387,124,7.06623376623377,6.67446808510638,6.27272727272727,6.63333333333333,6.94821428571429,77,47,11,12,112,20676,12921,7755,1498,4101,16575,6.89851054169085,7.12624663570931,6.51906785041908,6.39125500667557,7.00527371372836,6.8720951107089,221
"216",2020,6,7.04842519685039,127,7.09032258064516,6.93382352941176,6.5,7.06190476190476,7.04575471698113,93,34,2,21,106,20803,13014,7789,1500,4122,16681,6.89942575397779,7.12598991701245,6.52087831300552,6.3914,7.00556222707423,6.87319863677238,222
"217",2020,7,6.76349206349206,126,6.95,6.49807692307692,5.6,6.16666666666667,6.80940170940171,74,52,9,9,117,20929,13088,7841,1509,4131,16798,6.89860738496822,7.12499486399756,6.52072709858436,6.38667992047713,7.00373456790123,6.87275428384332,223
"218",2020,8,6.57881944444444,144,6.68555555555556,6.40092592592593,6.04545454545455,6.375,6.604296875,90,54,11,16,128,21073,13178,7895,1520,4147,16926,6.89642214967019,7.12199368492943,6.51990768587714,6.38421052631579,7.00130877742946,6.87072412028831,224
"219",2020,9,6.70514705882353,136,6.95421686746988,6.31509433962264,6.11111111111111,7.57692307692308,6.6130081300813,83,53,9,13,123,21209,13261,7948,1529,4160,17049,6.89519562261304,7.12094357740744,6.51854191997987,6.38260300850229,7.00310757211538,6.86886482843569,225
"220",2020,10,6.59963768115942,138,6.78352941176471,6.30471698113208,6.04,7,6.56150793650794,85,53,10,12,126,21347,13346,8001,1539,4172,17175,6.89328495619993,7.11879460362656,6.51712550681165,6.38037686809616,7.0030986337488,6.86660998311499,226
"221",2020,11,6.56327044025157,159,6.80769230769231,6.23617647058824,6.09,6.59230769230769,6.56068493150685,91,68,9,13,146,21506,13437,8069,1548,4185,17321,6.89084506463312,7.11668771154276,6.51475786094931,6.37868863049095,7.00182258064516,6.86403131805323,227
"222",2020,12,6.81260869565217,207,6.96783335714286,6.48825865671642,6.11111111111111,7.6475,6.72331550802139,140,67,9,20,187,21713,13577,8136,1557,4205,17508,6.89009920140008,7.1151527914856,6.51453963987217,6.37714193962749,7.00489357907253,6.86252835618003,228
"223",2021,1,6.76103879069767,215,6.92296573529412,6.48227848101266,5.79166666666667,7.01666666666667,6.7289180104712,136,79,12,24,191,21928,13713,8215,1569,4229,17699,6.88883378785115,7.11324675782105,6.51422939866098,6.37266411727215,7.00496039252778,6.86108649076219,229
"224",2021,2,6.65373791907514,173,6.84477981132075,6.35149253731343,6.21538461538462,6.7037037037037,6.64449767123288,106,67,13,27,146,22101,13819,8282,1582,4256,17845,6.88699352789466,7.11118745567697,6.51291288456894,6.37137168141593,7.00304922462406,6.8593144555898,230
"225",2021,3,6.61973288461538,156,6.78498242105263,6.36237704918033,5.70041666666667,6.54735294117647,6.62858510791367,95,61,12,17,139,22257,13914,8343,1594,4273,17984,6.88512028979647,7.108960240046,6.51181223900275,6.36632057716436,7.0012362508776,6.85753112711299,231
"226",2021,4,6.80978260869565,138,7.03086419753086,6.49561403508772,6.04166666666667,6.678125,6.82704918032787,81,57,6,16,122,22395,13995,8400,1600,4289,18106,6.8846560522438,7.10850823722758,6.51170232261905,6.365103125,7.00003089298205,6.85732573677234,232
"227",2021,5,6.70244006535948,153,7.09756268817204,6.09,5.8,6.96875,6.67133817518248,93,60,10,16,137,22548,14088,8460,1610,4305,18243,6.88341962125244,7.10843598168654,6.50871152600473,6.36159316770186,6.99991463414634,6.8559290204462,233
"228",2021,6,6.72592592592593,108,6.93,6.35,6.05,6.31176470588235,6.8032967032967,70,38,10,17,91,22656,14158,8498,1620,4322,18334,6.88266885681497,7.1075537582992,6.50800182513532,6.35966975308642,6.9972078898658,6.85566778226246,234
"229",2021,7,6.68767123287671,146,6.90843373493976,6.3968253968254,5.91666666666667,6.53846153846154,6.70225563909774,83,63,6,13,133,22802,14241,8561,1626,4335,18467,6.88142029734234,7.10639323853662,6.50718368298096,6.35803505535055,6.99583217993079,6.85456290247468,235
"230",2021,8,6.7258234751773,141,6.99772945652174,6.21530612244898,6.43555555555556,6.936,6.69108355371901,92,49,9,20,121,22943,14333,8610,1635,4355,18588,6.88046405134463,7.10569575245936,6.50552259117305,6.3584617737003,6.99555740528128,6.85349872121799,236
"231",2021,9,6.6563829787234,141,6.91593406593407,6.184,5.88888888888889,6.19047619047619,6.73791666666667,91,50,9,21,120,23084,14424,8660,1644,4376,18708,6.87909533573037,7.10449855934554,6.50366622517321,6.35589111922141,6.99169389853748,6.85275733536455,237
"232",2021,10,6.69314007246377,138,6.91034482758621,6.32261431372549,5.5,6.25,6.72041023076923,87,51,12,8,130,23222,14511,8711,1656,4384,18838,6.87799027043321,7.1033345200193,6.50260622661003,6.34968900966183,6.99034044251825,6.85184401528825,238
"233",2021,11,6.69609929078014,141,6.86139240506329,6.48548387096774,6.23333333333333,7.33333333333333,6.66777777777778,79,62,9,6,135,23363,14590,8773,1665,4390,18973,6.87689252493258,7.10202448389308,6.50248522056309,6.34906006006006,6.99080922551253,6.85053431507932,239
"234",2021,12,6.72462814070352,199,6.96619841269841,6.30767123287671,6.12,7.41526086956522,6.634375,126,73,15,23,176,23562,14716,8846,1680,4413,19149,6.87560653000594,7.10086152622995,6.50087755369658,6.34701488095238,6.99302141400408,6.84854757741918,240
"235",2022,1,6.6314373088685,327,6.86961538461538,6.21512605042017,5.9,6.74166666666667,6.61780068728522,208,119,15,36,291,23889,14924,8965,1695,4449,19440,6.87226426639876,7.09763858348968,6.4970845331846,6.34305899705014,6.99098752528658,6.84509349588477,241
"236",2022,2,6.65321052631579,190,6.80130081300813,6.38134328358209,6.4,6.81388888888889,6.63639534883721,123,67,8,18,172,24079,15047,9032,1703,4467,19612,6.87053578055567,7.09521620389446,6.49622595659876,6.34332648267763,6.99027389747034,6.84326318376504,242
"237",2022,3,6.81189308176101,159,7.10783168316832,6.29655172413793,5.96428571428571,6.7075,6.82691366906475,101,58,14,20,139,24238,15148,9090,1717,4487,19751,6.87015108754847,7.09530031819382,6.49495190759076,6.34023587652883,6.98901348339648,6.8431481221204,243
"238",2022,4,6.76293706293706,143,6.85757575757576,6.55,5.88,7.055,6.74097744360902,99,44,5,10,133,24381,15247,9134,1722,4497,19884,6.86952225339403,7.0937567534597,6.49521708342456,6.33889953542392,6.98916021792306,6.84246472339569,244
"239",2022,5,6.80239726027397,146,7.16358024691358,6.35230769230769,5.61111111111111,6.87142857142857,6.79507575757576,81,65,9,14,132,24527,15328,9199,1731,4511,20016,6.8691226835732,7.09412573199374,6.49420728774867,6.3351155401502,6.98879483484815,6.84215220623501,245
"240",2022,6,6.66964539007092,141,6.87364864864865,6.44432835820896,6.22222222222222,6.96466666666667,6.63452380952381,74,67,9,15,126,24668,15402,9266,1740,4526,20142,6.86798248986541,7.09306643422932,6.493846626376,6.3345316091954,6.98871486964207,6.84085336907953,246
"241",2022,7,6.53582278481013,158,6.8132183908046,6.19591549295775,6.35125,6.5,6.53876712328767,87,71,8,12,146,24826,15489,9337,1748,4538,20288,6.86586852735036,7.09149455871909,6.49158111170611,6.33460812356979,6.98742254297047,6.83867944400631,247
"242",2022,8,6.80396226415094,159,7.17247422680412,6.22741935483871,5.83333333333333,7.11363636363636,6.75423357664234,97,62,9,22,137,24985,15586,9399,1757,4560,20425,6.86547456714028,7.09199853843193,6.48983858282796,6.33204040978941,6.98803146929825,6.83811302619339,248
