"","year","month","avg_rating","no_ratings","avg_rating_owned","avg_rating_not_owned","avg_rating_prev_owned","avg_rating_comment","avg_rating_no_comment","no_ratings_owned","no_ratings_not_owned","no_ratings_prev_owned","no_ratings_comment","no_ratings_no_comment","cum_no_ratings","cum_no_ratings_owned","cum_no_ratings_not_owned","cum_no_ratings_prev_owned","cum_no_ratings_comment","cum_no_ratings_no_comment","cum_avg_rating","cum_avg_rating_owned","cum_avg_rating_not_owned","cum_avg_rating_prev_owned","cum_avg_rating_comment","cum_avg_rating_no_comment","month_after_release"
"1",2007,6,8,1,NA,8,NA,NA,8,0,1,0,0,1,1,0,1,0,0,1,8,NA,8,NA,NA,8,-2
"2",2007,8,6.6,5,NA,6.6,NA,6,6.75,0,5,0,1,4,6,0,6,0,1,5,6.83333333333333,NA,6.83333333333333,NA,6,7,0
"3",2007,9,7.25,4,8,6.5,NA,7.25,NA,2,2,0,4,0,10,2,8,0,5,5,7,8,6.75,NA,7,7,1
"4",2007,10,7.15384615384615,13,7.3125,6.9,7,6.91666666666667,7.35714285714286,8,5,1,6,7,23,10,13,1,11,12,7.08695652173913,7.45,6.80769230769231,7,6.95454545454545,7.20833333333333,2
"5",2007,11,7.15384615384615,39,7.30740740740741,6.80833333333333,7.5,6.775,7.41739130434783,27,12,3,16,23,62,37,25,4,27,35,7.12903225806452,7.34594594594595,6.808,7.375,6.84814814814815,7.34571428571429,3
"6",2007,12,7.08,35,7.55652173913044,6.16666666666667,7.25,6.125,7.36296296296296,23,12,2,8,27,97,60,37,6,35,62,7.11134020618557,7.42666666666667,6.6,7.33333333333333,6.68285714285714,7.35322580645161,4
"7",2008,1,6.70135135135135,37,7.08947368421053,6.29166666666667,6.66666666666667,6.60625,6.77380952380952,19,18,6,16,21,134,79,55,12,51,83,6.99813432835821,7.34556962025316,6.49909090909091,7,6.65882352941177,7.2066265060241,5
"8",2008,2,6.92948717948718,39,7.32142857142857,5.93181818181818,6.625,7.09722222222222,6.78571428571429,28,11,2,18,21,173,107,66,14,69,104,6.98265895953757,7.3392523364486,6.40454545454545,6.94642857142857,6.7731884057971,7.12163461538462,6
"9",2008,3,7.12727272727273,33,7.71,6.23076923076923,7.33333333333333,6.625,7.41428571428571,20,13,3,12,21,206,127,79,17,81,125,7.00582524271845,7.39763779527559,6.37594936708861,7.01470588235294,6.75123456790123,7.1708,7
"10",2008,4,7.003125,32,7.20208333333333,6.40625,7,7.11666666666667,6.90294117647059,24,8,3,15,17,238,151,87,20,96,142,7.00546218487395,7.36655629139073,6.37873563218391,7.0125,6.80833333333333,7.1387323943662,8
"11",2008,5,6.95652173913043,23,7.57692307692308,6.15,6.25,7.05,6.88461538461539,13,10,4,10,13,261,164,97,24,106,155,7.00114942528736,7.38323170731707,6.35515463917526,6.88541666666667,6.8311320754717,7.11741935483871,9
"12",2008,6,7.25833333333333,24,7.66875,6.4375,7.25,7.58888888888889,7.06,16,8,2,9,15,285,180,105,26,115,170,7.02280701754386,7.40861111111111,6.36142857142857,6.91346153846154,6.8904347826087,7.11235294117647,10
"13",2008,7,6.12647058823529,34,6.82941176470588,5.42352941176471,6.14285714285714,5.59444444444444,6.725,17,17,7,18,16,319,197,122,33,133,186,6.92727272727273,7.35862944162437,6.23073770491803,6.75,6.71503759398496,7.07903225806452,11
"14",2008,8,6.94558823529412,34,7.43181818181818,6.05416666666667,5.16666666666667,6.68888888888889,7.234375,22,12,3,18,16,353,219,134,36,151,202,6.92903682719547,7.36598173515982,6.21492537313433,6.61805555555556,6.71192052980132,7.09133663366337,12
"15",2008,9,6.96296296296296,27,7.28125,6.5,6.4375,6.81818181818182,7.0625,16,11,8,11,16,380,235,145,44,162,218,6.93144736842105,7.36021276595745,6.23655172413793,6.58522727272727,6.71913580246914,7.08922018348624,13
"16",2008,10,6.58,25,6.78125,6.22222222222222,6.5,6.71428571428571,6.52777777777778,16,9,6,7,18,405,251,154,50,169,236,6.90975308641975,7.32330677290837,6.23571428571429,6.575,6.7189349112426,7.04639830508475,14
"17",2008,11,6.65,30,6.97058823529412,6.23076923076923,6.14285714285714,6.11111111111111,6.88095238095238,17,13,7,9,21,435,268,167,57,178,257,6.89183908045977,7.30093283582089,6.23532934131736,6.5219298245614,6.68820224719101,7.03287937743191,15
"18",2008,12,6.69358974358974,39,7.175,5.73076923076923,4.5,6.39090909090909,6.8125,26,13,1,11,28,474,294,180,58,189,285,6.87552742616034,7.28979591836735,6.19888888888889,6.48706896551724,6.67089947089947,7.01122807017544,16
"19",2009,1,6.725625,32,6.8,6.53555555555556,6.91,7.15,6.53272727272727,23,9,2,10,22,506,317,189,60,199,307,6.86604743083004,7.25425867507886,6.21492063492063,6.50116666666667,6.69497487437186,6.97693811074919,17
"20",2009,2,6.80975609756098,41,7.22916666666667,6.21764705882353,6.13333333333333,6.76470588235294,6.84166666666667,24,17,9,17,24,547,341,206,69,216,331,6.8618281535649,7.2524926686217,6.21514563106796,6.4531884057971,6.70046296296296,6.96712990936556,18
"21",2009,3,6.31935483870968,31,6.445,6.09090909090909,5,6.575,6.15789473684211,20,11,1,12,19,578,361,217,70,228,350,6.83273356401384,7.20775623268698,6.20884792626728,6.43242857142857,6.69385964912281,6.9232,19
"22",2009,4,6.87878787878788,33,7.52941176470588,6.1875,6,6.83571428571429,6.91052631578947,17,16,10,14,19,611,378,233,80,242,369,6.8352209492635,7.22222222222222,6.20738197424893,6.378375,6.70206611570248,6.92254742547425,20
"23",2009,5,6.80645161290323,31,7.11111111111111,6.38461538461539,5.83333333333333,6.64285714285714,6.94117647058824,18,13,6,14,17,642,396,246,86,256,386,6.83383177570093,7.21717171717172,6.21674796747967,6.3403488372093,6.698828125,6.92336787564767,21
"24",2009,6,6.58382352941176,34,6.93611111111111,6.1875,6.0625,6.84375,6.50384615384615,18,16,8,8,26,676,414,262,94,264,412,6.8212573964497,7.20495169082126,6.21496183206107,6.31670212765957,6.7032196969697,6.8968932038835,22
"25",2009,7,6.9304347826087,23,7.56,6.44615384615385,6,6.56666666666667,7.16428571428571,10,13,5,9,14,699,424,275,99,273,426,6.82484978540773,7.21332547169811,6.22589090909091,6.30070707070707,6.69871794871795,6.90568075117371,23
"26",2009,8,6.8037037037037,27,6.965625,6.56818181818182,5.83333333333333,7.36666666666667,6.64285714285714,16,11,3,6,21,726,440,286,102,279,447,6.82406336088154,7.20431818181818,6.23905594405594,6.28696078431373,6.71308243727599,6.89333333333333,24
"27",2009,9,7.03684210526316,38,7.175,6.88333333333333,6.2,6.88461538461539,7.116,20,18,7,13,25,764,460,304,109,292,472,6.83464659685864,7.20304347826087,6.27720394736842,6.28137614678899,6.72071917808219,6.90512711864407,25
"28",2009,10,6.3472972972973,37,6.71428571428571,5.865625,5.44285714285714,6.75,6.23620689655172,21,16,7,8,29,801,481,320,116,300,501,6.81213483146067,7.18170478170478,6.256625,6.23077586206897,6.7215,6.86640718562874,26
"29",2009,11,6.61627906976744,43,7.20833333333333,5.86842105263158,6.45,6.94615384615385,6.47333333333333,24,19,10,13,30,844,505,339,126,313,531,6.80215639810427,7.1829702970297,6.23486725663717,6.2481746031746,6.73083067092652,6.84419962335217,27
"30",2009,12,6.54,40,6.88,5.97333333333333,5.6875,6.17857142857143,6.73461538461538,25,15,8,14,26,884,530,354,134,327,557,6.79029411764706,7.16867924528302,6.22378531073446,6.21470149253731,6.70718654434251,6.83908438061041,28
"31",2010,1,6.81527777777778,36,7.21,5.91818181818182,6.01666666666667,6.185,7.05769230769231,25,11,6,10,26,920,555,365,140,337,583,6.79127173913044,7.17054054054054,6.21457534246575,6.20621428571429,6.69169139465875,6.84883361921098,29
"32",2010,2,6.588,25,7.55384615384615,5.54166666666667,5.78571428571429,5.28333333333333,7,13,12,7,6,19,945,568,377,147,343,602,6.78589417989418,7.17931338028169,6.19315649867374,6.18619047619048,6.66705539358601,6.85360465116279,30
"33",2010,3,6.88461538461539,26,7.25,6.3,6.75,7.4,6.76190476190476,16,10,4,5,21,971,584,387,151,348,623,6.78853759011329,7.18125,6.1959173126615,6.20112582781457,6.67758620689655,6.85051364365971,31
"34",2010,4,6.45833333333333,24,7.23076923076923,5.54545454545455,5.75,7,6.1875,13,11,8,8,16,995,597,398,159,356,639,6.78057286432161,7.1823283082077,6.17793969849246,6.17842767295598,6.68483146067416,6.83391236306729,32
"35",2010,5,7.19047619047619,21,7.83333333333333,6.70833333333333,6,7.21428571428571,7.17857142857143,9,12,4,7,14,1016,606,410,163,363,653,6.78904527559055,7.19199669966997,6.19346341463415,6.1740490797546,6.69504132231405,6.84130168453293,33
"36",2010,6,7.01315789473684,19,7.675,6.27777777777778,6.4,6.71875,7.22727272727273,10,9,5,8,11,1035,616,419,168,371,664,6.79315942028986,7.19983766233766,6.19527446300716,6.18077380952381,6.6955525606469,6.84769578313253,34
"37",2010,7,6.8,25,7.25,6.22727272727273,6.74,6.25714285714286,7.01111111111111,14,11,5,7,18,1060,630,430,173,378,682,6.79332075471698,7.20095238095238,6.19609302325581,6.19693641618497,6.68743386243386,6.85200879765396,35
"38",2010,8,6.82857142857143,35,7.65,6.28095238095238,6.21818181818182,6.52857142857143,6.90357142857143,14,21,11,7,28,1095,644,451,184,385,710,6.79444748858448,7.21071428571429,6.200044345898,6.19820652173913,6.68454545454545,6.85404225352113,36
"39",2010,9,6.48333333333333,21,6.66071428571429,6.12857142857143,5.75,7.16666666666667,6.36944444444444,14,7,4,3,18,1116,658,458,188,388,728,6.78859318996416,7.19901215805471,6.1989519650655,6.18867021276596,6.68827319587629,6.84206043956044,37
"40",2010,10,6.5125,32,7.11764705882353,5.82666666666667,6.21428571428571,6.35714285714286,6.63333333333333,17,15,7,14,18,1148,675,473,195,402,746,6.78089721254355,7.19696296296296,6.18714587737844,6.18958974358975,6.67674129353234,6.83702412868633,38
"41",2010,11,6.1957037037037,27,6.67847058823529,5.375,5.66666666666667,5.24854545454545,6.846875,17,10,3,11,16,1175,692,483,198,413,762,6.76745021276596,7.18422543352601,6.17033126293996,6.18166666666667,6.63870217917675,6.83723097112861,39
"42",2010,12,6.51142857142857,35,6.87619047619048,5.96428571428571,5.5,6.3125,6.67894736842105,21,14,4,16,19,1210,713,497,202,429,781,6.76004462809917,7.17515287517531,6.16452716297787,6.16816831683168,6.62653613053613,6.83338028169014,40
"43",2011,1,6.93928571428571,28,7.65625,5.98333333333333,5.2,6.975,6.925,16,12,4,8,20,1238,729,509,206,437,801,6.764098546042,7.18571193415638,6.16025540275049,6.14936893203884,6.63291533180778,6.83566791510612,41
"44",2011,2,6.68076923076923,26,7.25,6.19285714285714,5.8,6.38181818181818,6.9,12,14,5,11,15,1264,741,523,211,448,816,6.76238449367088,7.18675303643725,6.16112810707457,6.14109004739337,6.62675,6.83685049019608,42
"45",2011,3,6.76875,32,6.89444444444444,6.60714285714286,6.42857142857143,7.37142857142857,6.6,18,14,7,7,25,1296,759,537,218,455,841,6.76254166666667,7.17982081686429,6.17275605214153,6.15032110091743,6.63820659340659,6.82980975029726,43
"46",2011,4,6.81666666666667,15,7.18181818181818,5.8125,NA,7.20833333333333,6.55555555555556,11,4,0,6,9,1311,770,541,218,461,850,6.76316094584287,7.17984935064935,6.17009242144177,6.15032110091743,6.64562689804772,6.82690588235294,44
"47",2011,5,7.02,15,7.24545454545455,6.4,6.33333333333333,7.2,6.93,11,4,3,5,10,1326,781,545,221,466,860,6.76606636500754,7.18077336747759,6.17177981651376,6.15280542986425,6.65157510729614,6.82810465116279,45
"48",2011,6,6.34090909090909,22,6.5,6.18181818181818,5.64285714285714,5.9,6.47058823529412,11,11,7,5,17,1348,792,556,228,471,877,6.75912759643917,7.17131818181818,6.17197841726619,6.13714912280702,6.6435966029724,6.82117445838084,46
"49",2011,7,6.05555555555556,9,7.5,4.9,3.875,5.08333333333333,8,4,5,4,6,3,1357,796,561,232,477,880,6.75446131171702,7.17296984924623,6.16064171122995,6.09814655172414,6.62397064989518,6.82519318181818,47
"50",2011,8,6.3,18,6.65555555555556,5.94444444444444,5.91666666666667,6.5,6.26,9,9,6,3,15,1375,805,570,238,480,895,6.748512,7.1671850931677,6.15722807017544,6.09357142857143,6.62319583333333,6.81572067039106,48
"51",2011,9,6.93095238095238,21,7.17692307692308,6.53125,6,7.9,6.82894736842105,13,8,4,2,19,1396,818,578,242,482,914,6.7512564469914,7.16733985330073,6.16240484429066,6.09202479338843,6.62849377593361,6.81599562363238,49
"52",2011,10,6.72692307692308,26,7.32352941176471,5.6,5.425,6.68181818181818,6.76,17,9,8,11,15,1422,835,587,250,493,929,6.75081153305204,7.17051976047904,6.15378194207836,6.07068,6.62968356997972,6.81509149623251,50
"53",2011,11,6.8,24,7.10714285714286,6.37,6.3,6.875,6.7625,14,10,5,8,16,1446,849,597,255,501,945,6.75162793914246,7.16947467608952,6.15740368509213,6.07517647058824,6.63360079840319,6.81420105820106,51
"54",2011,12,6.54074074074074,27,7.25,5.50909090909091,6,6.87142857142857,6.425,16,11,2,7,20,1473,865,608,257,508,965,6.74776238968092,7.17096416184971,6.14567434210526,6.07459143968872,6.6368779527559,6.80613471502591,52
"55",2012,1,6.868,25,7.23125,6.22222222222222,6.16666666666667,7.16666666666667,6.77368421052632,16,9,3,6,19,1498,881,617,260,514,984,6.74976902536716,7.17205902383655,6.14679092382496,6.07565384615385,6.64306225680934,6.8055081300813,53
"56",2012,2,6.9304347826087,23,6.88888888888889,7.08,7,7.48333333333333,6.73529411764706,18,5,2,6,17,1521,899,622,262,520,1001,6.75250098619329,7.1663893214683,6.15429260450161,6.08270992366412,6.65275769230769,6.80431568431568,54
"57",2012,3,6.49333333333333,15,6.87777777777778,5.91666666666667,5.83333333333333,7,6.30909090909091,9,6,3,4,11,1536,908,628,265,524,1012,6.74997005208333,7.16352863436123,6.15202229299363,6.07988679245283,6.65540839694656,6.79893280632411,55
"58",2012,4,6.854,25,7.19,6.35,6.1875,7.275,6.72105263157895,15,10,8,6,19,1561,923,638,273,530,1031,6.75163613068546,7.16395882990249,6.15512539184953,6.08304029304029,6.66242264150943,6.79749757516974,56
"59",2012,5,6.45555555555556,36,6.85238095238095,5.9,5.27777777777778,6.5,6.4448275862069,21,15,9,7,29,1597,944,653,282,537,1060,6.74496180338134,7.15702754237288,6.14926493108729,6.05734042553192,6.66030540037244,6.78784905660377,57
"60",2012,6,7.02222222222222,36,7.36296296296296,6,5.8,6.95833333333333,7.05416666666667,27,9,5,12,24,1633,971,662,287,549,1084,6.75107409675444,7.16275386199794,6.14723564954683,6.05285714285714,6.66681967213115,6.79374538745387,58
"61",2012,7,6.86583333333333,24,7.29333333333333,6.15333333333333,5,7.83333333333333,6.72761904761905,15,9,2,3,21,1657,986,671,289,552,1105,6.75273627036813,7.16474036511156,6.1473174366617,6.04557093425606,6.67315942028985,6.7924886877828,59
"62",2012,8,6.66,20,6.8,6.52,5.83333333333333,7,6.64210526315789,10,10,3,1,19,1677,996,681,292,553,1124,6.75163029218843,7.16107831325301,6.15279001468429,6.0433904109589,6.67375045207957,6.78994661921708,60
"63",2012,9,6.725,20,6.85714285714286,6.41666666666667,6,6,6.90625,14,6,4,4,16,1697,1010,687,296,557,1140,6.75131644077784,7.15686534653465,6.15509461426492,6.04280405405405,6.66891202872531,6.79157894736842,61
"64",2012,10,6.36056666666667,30,6.49446666666667,6.22666666666667,5.58333333333333,6.26518181818182,6.41578947368421,15,15,6,11,19,1727,1025,702,302,568,1159,6.74452866242038,7.14717170731707,6.15662393162393,6.03367549668874,6.66109330985916,6.78541846419327,62
"65",2012,11,6.62631578947368,38,7.17391304347826,5.78666666666667,6.625,6.02,6.84285714285714,23,15,4,10,28,1765,1048,717,306,578,1187,6.7419835694051,7.14775858778626,6.14888423988842,6.04140522875817,6.65000173010381,6.78677337826453,63
"66",2012,12,6.61538461538461,26,7,5.75,6,5.21428571428571,7.13157894736842,18,8,3,7,19,1791,1066,725,309,585,1206,6.74014572864321,7.14526360225141,6.14448275862069,6.04100323624596,6.63282222222222,6.79220563847429,64
"67",2013,1,6.77333333333333,30,7.28888888888889,6,5.66666666666667,6.61,6.855,18,12,3,10,20,1821,1084,737,312,595,1226,6.74069247666117,7.14764852398524,6.1421302578019,6.03740384615385,6.63243865546218,6.79323001631321,65
"68",2013,2,6.55555555555556,27,7,5.90909090909091,5.83333333333333,6.66666666666667,6.52380952380952,16,11,6,6,21,1848,1100,748,318,601,1247,6.73798755411255,7.14550090909091,6.13870320855615,6.0335534591195,6.63278036605657,6.78869286287089,66
"69",2013,3,6.79464285714286,28,6.88157894736842,6.61111111111111,7,6.25,6.88541666666667,19,9,4,4,24,1876,1119,757,322,605,1271,6.73883315565032,7.14101966041108,6.14431968295905,6.04555900621118,6.63024958677686,6.7905192761605,67
"70",2013,4,6.23548387096774,31,6.43684210526316,5.91666666666667,5.875,7,6.18275862068965,19,12,8,2,29,1907,1138,769,330,607,1300,6.73065076035658,7.12926274165202,6.14076723016905,6.04142424242424,6.63146787479407,6.77696153846154,68
"71",2013,5,6.50666666666667,18,6.37461538461538,6.85,7,5.875,6.585625,13,5,1,2,16,1925,1151,774,331,609,1316,6.72855636363636,7.1207393570808,6.1453488372093,6.04432024169184,6.62898357963875,6.77463525835866,69
"72",2013,6,7.0625,24,7.22222222222222,6.58333333333333,7.1,6.83333333333333,7.13888888888889,18,6,5,6,18,1949,1169,780,336,615,1334,6.73266854797332,7.12230196749358,6.14871794871795,6.06002976190476,6.63097723577236,6.77955022488756,70
"73",2013,7,6.65384615384615,26,6.85714285714286,5.8,6,8.07142857142857,6.13157894736842,21,5,1,7,19,1975,1190,785,337,622,1353,6.73163088607595,7.11762268907563,6.14649681528662,6.05985163204748,6.64718810289389,6.77045084996304,71
"74",2013,8,7.04666666666667,30,7.3952380952381,6.23333333333333,6,6.96666666666667,7.06666666666667,21,9,5,6,24,2005,1211,794,342,628,1377,6.73634463840399,7.12243682906688,6.14748110831234,6.05897660818713,6.65024044585987,6.77561365286855,72
"75",2013,9,6.7675,20,7.51111111111111,6.15909090909091,6.625,7.325,6.628125,9,11,6,4,16,2025,1220,805,348,632,1393,6.73665234567901,7.12530409836065,6.1476397515528,6.06873563218391,6.65451107594937,6.77391959798995,73
"76",2013,10,6.29782608695652,23,6.45625,5.93571428571429,5.5125,6.28125,6.30666666666667,16,7,4,8,15,2048,1236,812,352,640,1408,6.73172412109375,7.11664320388349,6.14581280788177,6.06241477272727,6.6498453125,6.76894176136364,74
"77",2013,11,6.876,25,6.85625,6.91111111111111,7.05,6.83333333333333,6.88947368421053,16,9,4,6,19,2073,1252,821,356,646,1427,6.73346406174626,7.11331549520767,6.15420219244823,6.07351123595506,6.65154953560372,6.77054660126139,75
"78",2013,12,6.29166666666667,24,6.56666666666667,5.83333333333333,5.8,6.25,6.3,15,9,5,4,20,2097,1267,830,361,650,1447,6.72840772532189,7.10684372533544,6.15072289156627,6.06972299168975,6.64907846153846,6.76404284727021,76
"79",2014,1,6.44444444444444,27,6.61666666666667,6.30666666666667,6.56666666666667,6.525,6.4304347826087,12,15,9,4,23,2124,1279,845,370,654,1470,6.72479802259887,7.1022447224394,6.15349112426036,6.08181081081081,6.64831957186544,6.7588231292517,77
"80",2014,2,6.85454545454545,33,7.05,6.55384615384615,6.46666666666667,6.89166666666667,6.83333333333333,20,13,9,12,21,2157,1299,858,379,666,1491,6.72678303198887,7.10144033872209,6.15955710955711,6.09094986807388,6.6527042042042,6.75987256874581,78
"81",2014,3,6.55913043478261,23,6.88111111111111,5.4,4.75,6.45833333333333,6.59470588235294,18,5,4,6,17,2180,1317,863,383,672,1508,6.72501422018349,7.09842900531511,6.15515643105446,6.07694516971279,6.65096875,6.75801061007957,79
"82",2014,4,6.41538461538462,26,6.63529411764706,6,5.83333333333333,6,6.51428571428571,17,9,6,5,21,2206,1334,872,389,677,1529,6.72136491387126,7.09252698650674,6.15355504587156,6.07318766066838,6.64616100443132,6.75466317854807,80
"83",2014,5,5.95714285714286,28,6.76666666666667,5.02307692307692,6.25,6.27777777777778,5.80526315789474,15,13,6,9,19,2234,1349,885,395,686,1548,6.71178648164727,7.08890363232023,6.13694915254237,6.07587341772152,6.64132798833819,6.74301033591731,81
"84",2014,6,6.41111111111111,18,6.49090909090909,6.28571428571429,6.125,7.475,6.10714285714286,11,7,4,4,14,2252,1360,892,399,690,1562,6.70938321492007,7.0840669117647,6.13811659192825,6.07636591478697,6.64616086956522,6.73731113956466,82
"85",2014,7,6.57142857142857,14,7.5,5.64285714285714,5.625,5.16666666666667,6.95454545454545,7,7,4,3,11,2266,1367,899,403,693,1573,6.70853089143866,7.08619678127286,6.13426028921023,6.0718858560794,6.63975613275613,6.73883026064844,83
"86",2014,8,6.64954545454545,22,6.87833333333333,6.375,6.29166666666667,6.3175,6.83928571428571,12,10,6,8,14,2288,1379,909,409,701,1587,6.70796372377622,7.08438796229151,6.13690869086909,6.07511002444988,6.63607845934379,6.73971644612476,84
"87",2014,9,6.5237,30,6.92666666666667,6.12073333333333,6.58333333333333,6.98,6.43244,15,15,6,5,25,2318,1394,924,415,706,1612,6.70557894736842,7.08269081779053,6.1366461038961,6.0824578313253,6.63851416430595,6.73495099255583,85
"88",2014,10,6.71666666666667,24,6.77647058823529,6.57142857142857,6.5,6.6,6.74736842105263,17,7,2,5,19,2342,1411,931,417,711,1631,6.7056925704526,7.07900141743444,6.13991514500537,6.08446043165468,6.63824331926863,6.73509564684243,86
"89",2014,11,6.69655172413793,29,7.19090909090909,5.14285714285714,5.4,6.5,6.74782608695652,22,7,5,6,23,2371,1433,938,422,717,1654,6.7055807676086,7.0807194696441,6.13247441364606,6.07635071090047,6.63708647140865,6.73527267230955,87
"90",2014,12,6.19047619047619,21,6.88888888888889,5.66666666666667,5.6,6.625,6.08823529411765,9,12,5,4,17,2392,1442,950,427,721,1671,6.70105852842809,7.07952219140083,6.12659052631579,6.07077283372365,6.63701941747573,6.72869000598444,88
"91",2015,1,6.62340425531915,47,7.0258064516129,5.84375,5.78571428571429,6.40769230769231,6.70588235294118,31,16,7,13,34,2439,1473,966,434,734,1705,6.69956211562115,7.07839171758316,6.12190579710145,6.06617511520737,6.63295776566757,6.72823519061583,89
"92",2015,2,6.67777777777778,18,6.97692307692308,5.9,5,4.96666666666667,7.02,13,5,4,3,15,2457,1486,971,438,737,1720,6.69940252340252,7.07750403768506,6.120763130793,6.05643835616438,6.6261750339213,6.73077965116279,90
"93",2015,3,6.47058823529412,17,6.59090909090909,6.25,6.16666666666667,6,6.5,11,6,3,1,16,2474,1497,977,441,738,1736,6.69783023443816,7.07392852371409,6.12155680655067,6.05718820861678,6.62532655826558,6.72865264976958,91
"94",2015,4,6.67857142857143,21,7.25,5.75,5.2,5.875,6.86764705882353,13,8,5,4,17,2495,1510,985,446,742,1753,6.69766813627254,7.07544437086093,6.11853908629442,6.04757847533632,6.62128167115903,6.73000057045065,92
"95",2015,5,6.50576923076923,26,6.68529411764706,6.16666666666667,6.5,6.5,6.5078947368421,17,9,2,7,19,2521,1527,994,448,749,1772,6.69568901229671,7.0711008513425,6.11897484909457,6.04959821428571,6.62014819759679,6.7276190744921,93
"96",2015,6,6.76666666666667,21,7.28181818181818,6.2,5.66666666666667,7.3,6.6,11,10,6,5,16,2542,1538,1004,454,754,1788,6.69627537372148,7.07260793237971,6.11978187250996,6.04453744493392,6.62465649867374,6.72647706935123,94
"97",2015,7,5.975,24,6.83846153846154,4.95454545454545,4.6875,7.15,5.74,13,11,8,4,20,2566,1551,1015,462,758,1808,6.68952922837101,7.07064539007092,6.10715369458128,6.02103896103896,6.62742875989446,6.71556471238938,95
"98",2015,8,7.18886363636364,22,7.30555555555556,6.66375,6.33333333333333,7.66375,7.08333333333333,18,4,3,4,18,2588,1569,1019,465,762,1826,6.69377395672334,7.07334034416826,6.10933856722277,6.02305376344086,6.6328687664042,6.71919003285871,96
"99",2015,9,6.29444444444444,18,6.93636363636364,5.28571428571429,6.25,6,6.35333333333333,11,7,2,3,15,2606,1580,1026,467,765,1841,6.69101573292402,7.07238670886076,6.10371929824561,6.02402569593148,6.63038692810457,6.71620912547528,97
"100",2015,10,6.65,28,6.93181818181818,5.61666666666667,5,5.8,6.83478260869565,22,6,2,5,23,2634,1602,1032,469,770,1864,6.69057972665148,7.07045630461922,6.10088759689922,6.01965884861407,6.6249948051948,6.71767221030043,98
"101",2015,11,6.92272727272727,22,7.125,6.0125,7.025,6.59166666666667,7.046875,18,4,2,6,16,2656,1620,1036,471,776,1880,6.69250263554217,7.07106234567901,6.10054633204633,6.02392781316348,6.62473711340206,6.72047393617021,99
"102",2015,12,6.87777777777778,18,7.50909090909091,5.88571428571429,6.4,7.86666666666667,6.68,11,7,3,3,15,2674,1631,1043,474,779,1895,6.69374981301421,7.07401655426119,6.09910450623202,6.02630801687764,6.62951989730424,6.72015356200528,100
"103",2016,1,6.37351351351351,37,6.68,5.80769230769231,5.78571428571429,6.9,6.29125,24,13,7,5,32,2711,1655,1056,481,784,1927,6.68937919586868,7.06830271903323,6.09551704545455,6.02280665280665,6.63124489795918,6.71303113648158,101
"104",2016,2,6.6,23,6.98461538461538,6.1,4,6.75,6.58571428571429,13,10,1,2,21,2734,1668,1066,482,786,1948,6.6886272860278,7.06765047961631,6.09555909943715,6.01860995850622,6.63154707379135,6.71165862422998,102
"105",2016,3,6.4,20,6.875,5.6875,6.375,7.33333333333333,6,12,8,4,6,14,2754,1680,1074,486,792,1962,6.68653122730574,7.0662744047619,6.09251955307263,6.02154320987654,6.63686363636364,6.70658053007135,103
"106",2016,4,6.42105263157895,19,6.90909090909091,5.75,5.92857142857143,5.33333333333333,6.625,11,8,7,3,16,2773,1691,1082,493,795,1978,6.68471222502704,7.06525192193968,6.08998706099815,6.02022312373225,6.63194465408805,6.70592062689585,104
"107",2016,5,6.99653125,32,7.47836842105263,6.29230769230769,6.0625,7.06666666666667,6.98034615384615,19,13,8,6,26,2805,1710,1095,501,801,2004,6.68826951871658,7.06984210526316,6.09238904109589,6.02089820359281,6.63520099875156,6.70948103792415,105
"108",2016,6,6.23529411764706,17,7.44444444444444,4.875,4.66666666666667,7,6.07142857142857,9,8,3,3,14,2822,1719,1103,504,804,2018,6.68554075124025,7.07180337405468,6.08355938349955,6.0128373015873,6.63656218905473,6.70505450941526,106
"109",2016,7,6.6,21,6.72,6.3,6,7.66666666666667,6.42222222222222,15,6,1,3,18,2843,1734,1109,505,807,2036,6.6849088990503,7.0687600922722,6.0847303877367,6.01281188118812,6.64039157372986,6.70255402750491,107
"110",2016,8,6.45416666666667,24,6.81764705882353,5.57142857142857,4.66666666666667,5.75,6.595,17,7,3,4,20,2867,1751,1116,508,811,2056,6.68297732821765,7.06632210165619,6.08151075268817,6.00486220472441,6.636,6.70150778210117,108
"111",2016,9,6.6195652173913,23,6.84722222222222,5.8,5.66666666666667,6.59375,6.63333333333333,18,5,3,8,15,2890,1769,1121,511,819,2071,6.68247266435986,7.06409270774449,6.0802551293488,6.00287671232877,6.6355873015873,6.70101400289715,109
"112",2016,10,6.295,20,6.475,6.025,6.5,7.1,6.02666666666667,12,8,2,5,15,2910,1781,1129,513,824,2086,6.67980962199313,7.06012352610893,6.07986359610275,6.00481481481481,6.63840533980582,6.69616490891658,110
"113",2016,11,6.4,24,6.86428571428571,5.75,5.3,6.74,6.31052631578947,14,10,5,5,19,2934,1795,1139,518,829,2105,6.67752079072938,7.05859610027855,6.07696751536435,5.99801158301158,6.63901809408926,6.69268408551069,111
"114",2016,12,6.05555555555556,27,6.5125,5.39090909090909,4.36,7.25,5.96,16,11,5,2,25,2961,1811,1150,523,831,2130,6.67184937521108,7.05377139701822,6.07040521739131,5.98235181644359,6.64048856799037,6.68408450704225,112
"115",2017,1,6.46060606060606,33,6.63703703703704,5.66666666666667,5,6.5,6.45357142857143,27,6,3,5,28,2994,1838,1156,526,836,2158,6.66952104208417,7.04764961915125,6.06830968858131,5.97674904942966,6.63964832535885,6.68109360518999,113
"116",2017,2,6.27931034482759,29,6.97647058823529,5.29166666666667,5.375,6.4,6.23333333333333,17,12,8,8,21,3023,1855,1168,534,844,2179,6.66577770426728,7.04699730458221,6.06033047945206,5.967734082397,6.63737677725118,6.67677833868747,114
"117",2017,3,6.32045454545455,22,6.63666666666667,5.64285714285714,6.16666666666667,7.00833333333333,6.0625,15,7,3,6,16,3045,1870,1175,537,850,2195,6.66328275862069,7.04370588235294,6.05784340425532,5.96884543761639,6.63999529411765,6.6723006833713,115
"118",2017,4,6.77291666666667,24,7.38333333333333,5.75555555555556,5.325,8,6.5275,15,9,4,4,20,3069,1885,1184,541,854,2215,6.66414011078527,7.04640848806366,6.05554560810811,5.96408502772643,6.64636533957845,6.67099322799097,116
"119",2017,5,6.18333333333333,18,6.52307692307692,5.3,4.25,8.25,5.925,13,5,2,2,16,3087,1898,1189,543,856,2231,6.66133657272433,7.04282402528978,6.05236837678722,5.95777163904236,6.65011214953271,6.66564320932317,117
"120",2017,6,6.17272727272727,11,6.5,5.3,6,4,6.39,8,3,1,1,10,3098,1906,1192,544,857,2241,6.65960167850226,7.04054564533053,6.05047483221477,5.95784926470588,6.64701983663944,6.66441320838911,118
"121",2017,7,6.82222222222222,18,6.925,6,6,7.33333333333333,6.72,16,2,3,3,15,3116,1922,1194,547,860,2256,6.66054107830552,7.03958376690947,6.05039028475712,5.95808043875686,6.64941395348837,6.66478280141844,119
"122",2017,8,6.33181818181818,22,7.125,5.38,5.96,10,6.15714285714286,12,10,5,1,21,3138,1934,1204,552,861,2277,6.65823645634162,7.04011375387797,6.04482225913621,5.95809782608696,6.65330545876887,6.66010101010101,120
"123",2017,9,6.375,16,7.02727272727273,4.94,6.7,6.5,6.35714285714286,11,5,1,2,14,3154,1945,1209,553,863,2291,6.65679961953075,7.0400411311054,6.04025310173697,5.95943942133816,6.65295017381228,6.65824967263204,121
"124",2017,10,6.85333333333333,15,7.06666666666667,6,NA,6.8,6.86666666666667,12,3,0,3,12,3169,1957,1212,553,866,2303,6.65772988324392,7.04020439448135,6.04015346534653,5.95943942133816,6.65345958429561,6.65933564915327,122
"125",2017,11,6.83,25,6.82352941176471,6.84375,6.0625,6.375,6.91666666666667,17,8,4,4,21,3194,1974,1220,557,870,2324,6.65907827175955,7.03833839918946,6.04542295081967,5.96017953321364,6.65217931034483,6.66166092943201,123
"126",2017,12,6.58,25,6.8,6.25,6.5,6.5,6.60526315789474,15,10,4,6,19,3219,1989,1230,561,876,2343,6.6584641192917,7.0365409753645,6.04708617886179,5.96402852049911,6.65113698630137,6.66120358514724,124
"127",2018,1,6.44913636363636,22,6.87546153846154,5.83333333333333,6,6.4,6.46358823529412,13,9,4,5,17,3241,2002,1239,565,881,2360,6.65704319654427,7.035495004995,6.04553349475383,5.96428318584071,6.64971169125993,6.65978008474576,125
"128",2018,2,6.64227272727273,22,6.96875,5.77166666666667,5.94333333333333,7.66666666666667,6.48052631578947,16,6,3,3,19,3263,2018,1245,568,884,2379,6.65694361017468,7.03496580773042,6.04421365461847,5.96417253521127,6.6531628959276,6.6583484657419,126
"129",2018,3,6.53333333333333,18,6.78181818181818,6.14285714285714,6.25,6,6.56470588235294,11,7,4,1,17,3281,2029,1252,572,885,2396,6.65626546784517,7.03359339576146,6.04476517571885,5.96617132867133,6.65242485875706,6.65768405676127,127
"130",2018,4,6.41333333333333,15,7.14285714285714,5.775,4.94,5.35,6.57692307692308,7,8,5,2,13,3296,2036,1260,577,887,2409,6.6551598907767,7.03396905697446,6.04305238095238,5.95727902946274,6.64948816234498,6.65724823578248,128
"131",2018,5,6.40625,16,7.35714285714286,5.66666666666667,5.33333333333333,7,6.36666666666667,7,9,6,1,15,3312,2043,1269,583,888,2424,6.65395742753623,7.03507635829662,6.0403829787234,5.9508576329331,6.64988288288288,6.65545008250825,129
"132",2018,6,6.84375,16,6.92307692307692,6.5,6.25,6.85,6.84285714285714,13,3,2,2,14,3328,2056,1272,585,890,2438,6.65486989182692,7.03436819066148,6.04146698113208,5.95188034188034,6.65033258426966,6.65652625102543,130
"133",2018,7,6.96625,16,7.471,6.125,6.375,6.375,7.05071428571429,10,6,2,2,14,3344,2066,1278,587,892,2452,6.65635974880383,7.03648160696999,6.04185915492958,5.95332197614991,6.64971524663677,6.65877691680261,131
"134",2018,8,6.69285714285714,14,7.15454545454545,5,5,NA,6.69285714285714,11,3,1,0,14,3358,2077,1281,588,892,2466,6.65651191185229,7.03710688493018,6.03941920374707,5.95170068027211,6.64971524663677,6.6589703974047,132
"135",2018,9,6.77666666666667,15,7.14,6.05,6.0625,6.46666666666667,6.85416666666667,10,5,4,3,12,3373,2087,1286,592,895,2478,6.65704624962941,7.03759990416866,6.03946034214619,5.95244932432432,6.64910167597765,6.65991565778854,133
"136",2018,10,6.52777777777778,18,6.92307692307692,5.5,4.5,6,6.55882352941176,13,5,2,1,17,3391,2100,1291,594,896,2495,6.65636007077558,7.03689095238095,6.03737103020914,5.94755892255892,6.64837723214286,6.65922685370741,134
"137",2018,11,7.0125,20,7.40384615384615,6.28571428571429,6.66666666666667,7.55,6.83333333333333,13,7,3,5,15,3411,2113,1298,597,901,2510,6.6584482556435,7.03914860388074,6.03871032357473,5.95117252931323,6.6533806881243,6.66026733067729,135
"138",2018,12,6.69473684210526,19,6.83333333333333,6.45714285714286,6.16666666666667,7.25,6.54666666666667,12,7,3,4,15,3430,2125,1305,600,905,2525,6.65864927113702,7.03798635294117,6.04095478927203,5.95225,6.65601767955801,6.65959247524752,136
"139",2019,1,6.54,25,6.675,6,5.75,5.5,6.68181818181818,20,5,4,3,22,3455,2145,1310,604,908,2547,6.65779073806078,7.03460186480186,6.04079847328244,5.95091059602649,6.65219823788546,6.65978445229682,137
"140",2019,2,6.5,13,7.05555555555556,5.25,5.66666666666667,5.33333333333333,6.85,9,4,3,3,10,3468,2154,1314,607,911,2557,6.65719925028835,7.03468941504178,6.03839117199391,5.9495057660626,6.64785510428101,6.6605283535393,138
"141",2019,3,6.40722222222222,18,7.50727272727273,4.67857142857143,3.8,5.0625,6.79142857142857,11,7,5,4,14,3486,2165,1321,612,915,2571,6.65590849110728,7.03709053117783,6.0311854655564,5.93194444444444,6.64092459016393,6.66124115130299,139
"142",2019,4,6.95,10,7.0625,6.5,NA,NA,6.95,8,2,0,0,10,3496,2173,1323,612,915,2581,6.65674971395881,7.03718407731247,6.03189417989418,5.93194444444444,6.64092459016393,6.66235993800852,140
"143",2019,5,6.26428571428571,14,6.91111111111111,5.1,3.5,7.25,6.1,9,5,2,2,12,3510,2182,1328,614,917,2593,6.65518433048433,7.03666406966086,6.02838554216868,5.92402280130293,6.64225299890948,6.6597574238334,141
"144",2019,6,6.58555555555556,18,6.66666666666667,6.18,7,6.25,6.6275,15,3,1,2,16,3528,2197,1331,615,919,2609,6.65482908163265,7.0341379153391,6.02872727272727,5.92577235772358,6.64139934711643,6.65955960137984,142
"145",2019,7,6.375,12,7,5.125,5.125,7.75,6.1,8,4,4,2,10,3540,2205,1335,619,921,2619,6.65388050847458,7.03401405895691,6.02601947565543,5.92059773828756,6.64380673181324,6.65742306223749,143
"146",2019,8,6.28125,16,6.68181818181818,5.4,6,7,6.17857142857143,11,5,1,2,14,3556,2216,1340,620,923,2633,6.6522038807649,7.03226579422382,6.02368358208955,5.92072580645161,6.64457854821235,6.65487694644892,144
"147",2019,9,6.35714285714286,14,6.55555555555556,6,5,7.16666666666667,6.13636363636364,9,5,3,3,11,3570,2225,1345,623,926,2644,6.65104677871148,7.03033752808988,6.02359553903346,5.91629213483146,6.64626997840173,6.65271974281392,145
"148",2019,10,6.34615384615385,13,7.14285714285714,5.41666666666667,4.75,7,6.29166666666667,7,6,2,1,12,3583,2232,1351,625,927,2656,6.64994055260954,7.03069041218638,6.02090007401925,5.91256,6.64665156418554,6.65108847891566,146
"149",2019,11,6.33333333333333,15,6.55555555555556,6,6.375,6,6.38461538461539,9,6,4,2,13,3598,2241,1357,629,929,2669,6.64862062256809,7.02878224007139,6.02080766396463,5.91550079491256,6.64525941872981,6.64979055826152,147
"150",2019,12,6.34615384615385,13,6.15,7,7,8,6.20833333333333,10,3,2,1,12,3611,2251,1360,631,930,2681,6.64753170866796,7.02487827632163,6.02296764705883,5.9189381933439,6.64671612903226,6.64781462140992,148
"151",2020,1,6.41481481481481,27,6.7,6.10769230769231,5.55714285714286,5.5,6.67619047619048,14,13,7,6,21,3638,2265,1373,638,936,2702,6.64580456294667,7.02287019867549,6.02376984705026,5.91496865203762,6.63936538461538,6.64803515914138,149
"152",2020,2,6.26923076923077,13,7,5.1,5.25,6.5,6.22727272727273,8,5,2,2,11,3651,2273,1378,640,938,2713,6.64446370857299,7.02278970523537,6.02041799709724,5.912890625,6.63906823027718,6.64632915591596,150
"153",2020,3,7.31818181818182,11,7.31818181818182,NA,NA,6.16666666666667,7.75,11,0,0,3,8,3662,2284,1378,640,941,2721,6.64648743855816,7.02421234676007,6.02041799709724,5.912890625,6.63756216790648,6.64957405365674,151
"154",2020,4,6.28666666666667,18,6.555,5.75,5.75,5.83333333333333,6.51333333333333,12,6,6,6,12,3680,2296,1384,646,947,2733,6.64472744565217,7.0217600174216,6.01924566473989,5.91137770897833,6.63246673706441,6.6489758507135,152
"155",2020,5,6.76190476190476,21,7.375,4.8,4.8,6,7,16,5,5,5,16,3701,2312,1389,651,952,2749,6.64539232639827,7.02420458477508,6.01485673146148,5.90284178187404,6.62914495798319,6.65101891596944,153
"156",2020,6,6.52173913043478,23,6.96875,5.5,5.25,6.33333333333333,6.55,16,7,2,3,20,3724,2328,1396,653,955,2769,6.64462862513426,7.02382345360824,6.01227507163324,5.90084226646248,6.62821570680628,6.65028927410617,154
"157",2020,7,6.03,10,6.64285714285714,4.6,5.4,6.93333333333333,5.64285714285714,7,3,2,3,7,3734,2335,1399,655,958,2776,6.64298259239421,7.02268137044968,6.00924660471766,5.89931297709924,6.62917118997912,6.64774891930836,155
"158",2020,8,6,5,6,6,5,NA,6,2,3,1,0,5,3739,2337,1402,656,958,2781,6.64212276009628,7.02180616174583,6.00922681883024,5.89794207317073,6.62917118997912,6.64658432218626,156
"159",2020,9,6.28888888888889,9,6.15,6.4,5.75,5.42,7.375,4,5,2,5,4,3748,2341,1407,658,963,2785,6.64127454642476,7.02031653139684,6.01061549395878,5.8974924012158,6.62289304257528,6.64763052064632,157
"160",2020,10,6.75,16,7.0625,6.4375,6.5,6,6.85714285714286,8,8,2,2,14,3764,2349,1415,660,965,2799,6.6417367162593,7.02046019582801,6.01302897526502,5.89931818181818,6.62160207253886,6.64867845659164,158
"161",2020,11,6.63333333333333,15,7.27272727272727,4.875,NA,6,6.67857142857143,11,4,0,1,14,3779,2360,1419,660,966,2813,6.64170336067743,7.02163601694915,6.00982100070472,5.89931818181818,6.6209585921325,6.64882723071454,159
"162",2020,12,6.31916666666667,12,6.88888888888889,4.61,NA,5.33333333333333,6.64777777777778,9,3,0,3,9,3791,2369,1422,660,969,2822,6.6406824056977,7.02113170113972,6.00686779184248,5.89931818181818,6.61697213622291,6.64882388377038,160
"163",2021,1,6.67511133333333,15,6.84051307692308,5.6,5,6.5,6.68761928571429,13,2,1,1,14,3806,2382,1424,661,970,2836,6.64081809511298,7.02014595717884,6.00629634831461,5.89795763993948,6.61685154639175,6.64901539844852,161
"164",2021,2,6.86428571428571,14,6.96363636363636,6.5,6.75,7,6.81,11,3,2,4,10,3820,2393,1427,663,974,2846,6.64163708638743,7.01988619724195,6.00733426769446,5.90052790346908,6.6184250513347,6.64958105059733,162
"165",2021,3,6.15625,16,6.33333333333333,5.625,4,6.75,5.95833333333333,12,4,1,4,12,3836,2405,1431,664,978,2858,6.63961253128259,7.01646056964657,6.00626554856744,5.8976656626506,6.61896319018405,6.64667868089573,163
"166",2021,4,6.59523809523809,21,6.86111111111111,5,5,6.5,6.6,18,3,2,1,20,3857,2423,1434,666,979,2878,6.63937092818253,7.01530650846058,6.00416039051604,5.89496996996997,6.61884167517875,6.6463542981237,164
"167",2021,5,5.88,10,6.225,4.5,5,NA,5.88,8,2,1,0,10,3867,2431,1436,667,979,2888,6.63740720713731,7.01270574660633,6.00206545961003,5.89362818590704,6.61884167517875,6.643700716759,165
"168",2021,6,7.1,10,7.5,5.5,6,6.5,7.5,8,2,1,4,6,3877,2439,1438,668,983,2894,6.63860037915914,7.01430408774087,6.00136717663422,5.8937874251497,6.61835808748728,6.64547604353835,166
"169",2021,7,6.57894736842105,19,6.5,6.875,6.5,6.75,6.55882352941176,15,4,1,2,17,3896,2454,1442,669,985,2911,6.63830946355236,7.0111604197229,6.00379056865465,5.89469357249626,6.61862538071066,6.64497,167
"170",2021,8,5.61538461538461,13,6.33333333333333,4,4.33333333333333,4,6.1,9,4,3,3,10,3909,2463,1446,672,988,2921,6.63490756459453,7.00868358505887,5.99824757952974,5.88772321428571,6.61067408906882,6.64310430332078,168
"171",2021,9,6.6875,16,6.66666666666667,6.71428571428571,6.5,5.5,7.08333333333333,9,7,2,4,12,3925,2472,1453,674,992,2933,6.63512195414013,7.00743837783171,6.00169717825189,5.88954005934718,6.60619556451613,6.64490544493692,169
"172",2021,10,6.575,8,6.8,5,NA,7,6.51428571428571,7,1,0,1,7,3933,2479,1454,674,993,2940,6.63499966183575,7.00685263009278,6.00100825309491,5.88954005934718,6.6065921450151,6.64459444557823,170
"173",2021,11,7,15,7.38888888888889,6.41666666666667,5.875,7,7,9,6,4,1,14,3948,2488,1460,678,994,2954,6.63638644123607,7.00823459405144,6.00271643835617,5.88945427728613,6.60698792756539,6.64627883209208,171
"174",2021,12,7.04545454545455,11,8.08333333333333,5.8,3,5.66666666666667,7.5625,6,5,1,3,8,3959,2494,1465,679,997,2962,6.63752302854256,7.01082103849238,6.00202457337884,5.88519882179676,6.60415847542628,6.64875343349088,172
"175",2022,1,6.51578947368421,19,6.52307692307692,6.5,6.25,6.33333333333333,6.55,13,6,2,3,16,3978,2507,1471,681,1000,2978,6.63694159627954,7.00829185081771,6.00405574439157,5.88627019089574,6.603346,6.64822285762256,173
"176",2022,2,5.38235294117647,17,5.59090909090909,5,5,4,5.46875,11,6,1,1,16,3995,2518,1477,682,1001,2994,6.63160292115144,7.00209994837172,5.99997698036561,5.8849706744868,6.60074525474525,6.64191972945892,174
"177",2022,3,7.16923076923077,13,7.31428571428571,7,7,7,7.18333333333333,7,6,1,1,12,4008,2525,1483,683,1002,3006,6.6333467240519,7.00296541386138,6.00402292650034,5.88660322108345,6.60114371257485,6.64408106121091,175
"178",2022,4,6.70909090909091,11,6.78,6,6,6,6.78,10,1,1,1,10,4019,2535,1484,684,1003,3016,6.63355403582981,7.00208586587771,6.00402021563342,5.88676900584795,6.6005443668993,6.64453172082228,176
"179",2022,5,5.36363636363636,11,6.5,4,5,6.875,4.5,6,5,3,4,7,4030,2541,1489,687,1007,3023,6.63008775930521,7.0009003030303,5.99729079919409,5.88289665211062,6.60163455809335,6.63956588488257,177
"180",2022,6,6.69230769230769,13,7.22222222222222,5.5,4.83333333333333,7,6.66666666666667,9,4,3,1,12,4043,2550,1493,690,1008,3035,6.63028782339847,7.00168143921568,5.99595847287341,5.87833333333333,6.60202976190476,6.63967303789127,178
"181",2022,7,5.832,10,6.04571428571429,5.33333333333333,4.5,6,5.81333333333333,7,3,2,1,9,4053,2557,1496,692,1009,3044,6.62831820133234,6.99906439968713,5.99462967914439,5.87434971098266,6.60143310208127,6.6372298521682,179
"182",2022,8,6.56363636363636,11,6.375,7.06666666666667,NA,6,6.62,8,3,0,1,10,4064,2565,1499,692,1010,3054,6.62814312746063,6.997118,5.99677518345564,5.87434971098266,6.60083762376237,6.63717343483955,180
