"","year","month","avg_rating","no_ratings","avg_rating_owned","avg_rating_not_owned","avg_rating_prev_owned","avg_rating_comment","avg_rating_no_comment","no_ratings_owned","no_ratings_not_owned","no_ratings_prev_owned","no_ratings_comment","no_ratings_no_comment","cum_no_ratings","cum_no_ratings_owned","cum_no_ratings_not_owned","cum_no_ratings_prev_owned","cum_no_ratings_comment","cum_no_ratings_no_comment","cum_avg_rating","cum_avg_rating_owned","cum_avg_rating_not_owned","cum_avg_rating_prev_owned","cum_avg_rating_comment","cum_avg_rating_no_comment","month_after_release"
"1",2001,10,9,1,9,NA,NA,9,NA,1,0,0,1,0,1,1,0,0,1,0,9,9,NA,NA,9,NA,0
"2",2001,11,7.33333333333333,3,7.33333333333333,NA,NA,NA,7.33333333333333,3,0,0,0,3,4,4,0,0,1,3,7.75,7.75,NA,NA,9,7.33333333333333,1
"3",2002,2,8,1,8,NA,NA,NA,8,1,0,0,0,1,5,5,0,0,1,4,7.8,7.8,NA,NA,9,7.5,4
"4",2002,3,5,1,5,NA,NA,NA,5,1,0,0,0,1,6,6,0,0,1,5,7.33333333333333,7.33333333333333,NA,NA,9,7,5
"5",2002,5,6,1,6,NA,NA,NA,6,1,0,0,0,1,7,7,0,0,1,6,7.14285714285714,7.14285714285714,NA,NA,9,6.83333333333333,7
"6",2002,7,7,1,7,NA,NA,NA,7,1,0,0,0,1,8,8,0,0,1,7,7.125,7.125,NA,NA,9,6.85714285714286,9
"7",2002,9,5,1,5,NA,NA,NA,5,1,0,0,0,1,9,9,0,0,1,8,6.88888888888889,6.88888888888889,NA,NA,9,6.625,11
"8",2002,11,7,1,7,NA,NA,7,NA,1,0,0,1,0,10,10,0,0,2,8,6.9,6.9,NA,NA,8,6.625,13
"9",2002,12,6.5,2,7,6,NA,NA,6.5,1,1,0,0,2,12,11,1,0,2,10,6.83333333333333,6.90909090909091,6,NA,8,6.6,14
"10",2003,1,7,1,7,NA,NA,7,NA,1,0,0,1,0,13,12,1,0,3,10,6.84615384615385,6.91666666666667,6,NA,7.66666666666667,6.6,15
"11",2003,2,7.33333333333333,3,7.33333333333333,NA,NA,7.5,7,3,0,0,2,1,16,15,1,0,5,11,6.9375,7,6,NA,7.6,6.63636363636364,16
"12",2003,3,6,3,6,NA,NA,6,6,3,0,0,1,2,19,18,1,0,6,13,6.78947368421053,6.83333333333333,6,NA,7.33333333333333,6.53846153846154,17
"13",2003,4,5,1,5,NA,NA,NA,5,1,0,0,0,1,20,19,1,0,6,14,6.7,6.73684210526316,6,NA,7.33333333333333,6.42857142857143,18
"14",2003,5,5.8,5,5.8,NA,NA,6.25,4,5,0,0,4,1,25,24,1,0,10,15,6.52,6.54166666666667,6,NA,6.9,6.26666666666667,19
"15",2003,6,6.5,2,6.5,NA,NA,NA,6.5,2,0,0,0,2,27,26,1,0,10,17,6.51851851851852,6.53846153846154,6,NA,6.9,6.29411764705882,20
"16",2003,7,6.9,10,7.71428571428571,5,NA,7,6.83333333333333,7,3,0,4,6,37,33,4,0,14,23,6.62162162162162,6.78787878787879,5.25,NA,6.92857142857143,6.43478260869565,21
"17",2003,8,8,1,8,NA,NA,NA,8,1,0,0,0,1,38,34,4,0,14,24,6.65789473684211,6.82352941176471,5.25,NA,6.92857142857143,6.5,22
"18",2003,9,5.46666666666667,3,6.7,3,NA,NA,5.46666666666667,2,1,0,0,3,41,36,5,0,14,27,6.57073170731707,6.81666666666667,4.8,NA,6.92857142857143,6.38518518518519,23
"19",2003,10,7,1,7,NA,7,7,NA,1,0,1,1,0,42,37,5,1,15,27,6.58095238095238,6.82162162162162,4.8,7,6.93333333333333,6.38518518518519,24
"20",2003,11,8,1,NA,8,8,8,NA,0,1,1,1,0,43,37,6,2,16,27,6.61395348837209,6.82162162162162,5.33333333333333,7.5,7,6.38518518518519,25
"21",2003,12,6.5,2,6.5,NA,NA,NA,6.5,2,0,0,0,2,45,39,6,2,16,29,6.60888888888889,6.8051282051282,5.33333333333333,7.5,7,6.39310344827586,26
"22",2004,1,7,1,7,NA,NA,NA,7,1,0,0,0,1,46,40,6,2,16,30,6.61739130434783,6.81,5.33333333333333,7.5,7,6.41333333333333,27
"23",2004,2,7,4,7,NA,NA,7.5,6.83333333333333,4,0,0,1,3,50,44,6,2,17,33,6.648,6.82727272727273,5.33333333333333,7.5,7.02941176470588,6.45151515151515,28
"24",2004,3,6.8,5,8,5,5,7,6.75,3,2,1,1,4,55,47,8,3,18,37,6.66181818181818,6.90212765957447,5.25,6.66666666666667,7.02777777777778,6.48378378378378,29
"25",2004,4,7,1,7,NA,NA,NA,7,1,0,0,0,1,56,48,8,3,18,38,6.66785714285714,6.90416666666667,5.25,6.66666666666667,7.02777777777778,6.49736842105263,30
"26",2004,5,6.5,2,6.5,NA,NA,7,6,2,0,0,1,1,58,50,8,3,19,39,6.66206896551724,6.888,5.25,6.66666666666667,7.02631578947368,6.48461538461538,31
"27",2004,6,5.5,2,5.5,NA,NA,NA,5.5,2,0,0,0,2,60,52,8,3,19,41,6.62333333333333,6.83461538461538,5.25,6.66666666666667,7.02631578947368,6.43658536585366,32
"28",2004,7,7,3,7,NA,NA,NA,7,3,0,0,0,3,63,55,8,3,19,44,6.64126984126984,6.84363636363636,5.25,6.66666666666667,7.02631578947368,6.475,33
"29",2004,9,7.33333333333333,3,7.33333333333333,NA,NA,7,7.5,3,0,0,1,2,66,58,8,3,20,46,6.67272727272727,6.86896551724138,5.25,6.66666666666667,7.025,6.5195652173913,35
"30",2004,10,6.66666666666667,3,7,6,NA,7,6,2,1,0,2,1,69,60,9,3,22,47,6.67246376811594,6.87333333333333,5.33333333333333,6.66666666666667,7.02272727272727,6.50851063829787,36
"31",2004,11,7.5,2,7.5,NA,NA,8,7,2,0,0,1,1,71,62,9,3,23,48,6.69577464788732,6.89354838709677,5.33333333333333,6.66666666666667,7.06521739130435,6.51875,37
"32",2005,1,7.4,5,7.75,6,6,8.5,6.66666666666667,4,1,1,2,3,76,66,10,4,25,51,6.74210526315789,6.94545454545455,5.4,6.5,7.18,6.52745098039216,39
"33",2005,2,8.5,2,10,7,NA,8.5,NA,1,1,0,2,0,78,67,11,4,27,51,6.78717948717949,6.9910447761194,5.54545454545455,6.5,7.27777777777778,6.52745098039216,40
"34",2005,3,7.33333333333333,6,7.4,7,7,7.66666666666667,7,5,1,1,3,3,84,72,12,5,30,54,6.82619047619048,7.01944444444444,5.66666666666667,6.6,7.31666666666667,6.5537037037037,41
"35",2005,4,7,1,7,NA,NA,7,NA,1,0,0,1,0,85,73,12,5,31,54,6.82823529411765,7.01917808219178,5.66666666666667,6.6,7.30645161290323,6.5537037037037,42
"36",2005,5,6.66666666666667,6,7.2,4,NA,6,7,5,1,0,2,4,91,78,13,5,33,58,6.81758241758242,7.03076923076923,5.53846153846154,6.6,7.22727272727273,6.58448275862069,43
"37",2005,6,7.83333333333333,3,7.83333333333333,NA,NA,8,7.75,3,0,0,1,2,94,81,13,5,34,60,6.85,7.06049382716049,5.53846153846154,6.6,7.25,6.62333333333333,44
"38",2005,7,7.4,5,7.4,NA,NA,7,7.66666666666667,5,0,0,2,3,99,86,13,5,36,63,6.87777777777778,7.08023255813953,5.53846153846154,6.6,7.23611111111111,6.67301587301587,45
"39",2005,8,6.6,5,6.75,6,NA,6.6,NA,4,1,0,5,0,104,90,14,5,41,63,6.86442307692308,7.06555555555556,5.57142857142857,6.6,7.15853658536585,6.67301587301587,46
"40",2005,9,7,6,8.33333333333333,5.66666666666667,5,7.66666666666667,6.33333333333333,3,3,2,3,3,110,93,17,7,44,66,6.87181818181818,7.10645161290323,5.58823529411765,6.14285714285714,7.19318181818182,6.65757575757576,47
"41",2005,10,7.2,5,7,7.25,7,7,7.5,1,4,1,3,2,115,94,21,8,47,68,6.88608695652174,7.10531914893617,5.90476190476191,6.25,7.18085106382979,6.68235294117647,48
"42",2005,11,6.8,5,7,6,NA,6.5,8,4,1,0,4,1,120,98,22,8,51,69,6.8825,7.10102040816327,5.90909090909091,6.25,7.12745098039216,6.70144927536232,49
"43",2005,12,7.66666666666667,3,7.5,8,8,7.5,8,2,1,1,2,1,123,100,23,9,53,70,6.90162601626016,7.109,6,6.44444444444444,7.14150943396226,6.72,50
"44",2006,1,7.6,5,7.25,9,9,7.66666666666667,7.5,4,1,1,3,2,128,104,24,10,56,72,6.92890625,7.11442307692308,6.125,6.7,7.16964285714286,6.74166666666667,51
"45",2006,2,7.83333333333333,6,7.8,8,NA,8.33333333333333,7.33333333333333,5,1,0,3,3,134,109,25,10,59,75,6.96940298507463,7.14587155963303,6.2,6.7,7.22881355932203,6.76533333333333,52
"46",2006,3,6.71428571428571,7,6.71428571428571,NA,NA,6.66666666666667,6.75,7,0,0,3,4,141,116,25,10,62,79,6.95673758865248,7.1198275862069,6.2,6.7,7.20161290322581,6.76455696202532,53
"47",2006,4,6.66666666666667,3,6.5,7,7,NA,6.66666666666667,2,1,1,0,3,144,118,26,11,62,82,6.95069444444444,7.10932203389831,6.23076923076923,6.72727272727273,7.20161290322581,6.7609756097561,54
"48",2006,5,6.95,5,7,6.75,NA,6.875,7,4,1,0,2,3,149,122,27,11,64,85,6.9506711409396,7.10573770491803,6.25,6.72727272727273,7.19140625,6.76941176470588,55
"49",2006,6,7,4,6.5,7.5,NA,7.33333333333333,6,2,2,0,3,1,153,124,29,11,67,86,6.95196078431373,7.09596774193548,6.33620689655172,6.72727272727273,7.19776119402985,6.76046511627907,56
"50",2006,7,7.4,5,7,9,NA,8,7,4,1,0,2,3,158,128,30,11,69,89,6.96613924050633,7.09296875,6.425,6.72727272727273,7.22101449275362,6.7685393258427,57
"51",2006,8,6.42857142857143,7,6.66666666666667,5,5,7.5,6,6,1,1,2,5,165,134,31,12,71,94,6.94333333333333,7.07388059701493,6.37903225806452,6.58333333333333,7.22887323943662,6.72765957446809,58
"52",2006,9,7.8,5,7.8,NA,NA,7.5,8,5,0,0,2,3,170,139,31,12,73,97,6.96852941176471,7.1,6.37903225806452,6.58333333333333,7.23630136986301,6.76701030927835,59
"53",2006,10,6.5,4,7,5,NA,7,6.33333333333333,3,1,0,1,3,174,142,32,12,74,100,6.95775862068966,7.09788732394366,6.3359375,6.58333333333333,7.23310810810811,6.754,60
"54",2006,11,6.56666666666667,6,6.56666666666667,NA,NA,NA,6.56666666666667,6,0,0,0,6,180,148,32,12,74,106,6.94472222222222,7.07635135135135,6.3359375,6.58333333333333,7.23310810810811,6.7433962264151,61
"55",2006,12,6.1875,8,6.9,5,5,6.83333333333333,5.8,5,3,1,3,5,188,153,35,13,77,111,6.9125,7.07058823529412,6.22142857142857,6.46153846153846,7.21753246753247,6.7009009009009,62
"56",2007,1,6,1,NA,6,NA,NA,6,0,1,0,0,1,189,153,36,13,77,112,6.90767195767196,7.07058823529412,6.21527777777778,6.46153846153846,7.21753246753247,6.69464285714286,63
"57",2007,2,7.56311714285714,7,7.66666666666667,6.94182,NA,7.66666666666667,7.485455,6,1,0,3,4,196,159,37,13,80,116,6.93108071428572,7.09308176100629,6.23491405405405,6.46153846153846,7.234375,6.72191224137931,64
"58",2007,3,7.58333333333333,6,8.375,6,NA,7.5,7.66666666666667,4,2,0,3,3,202,163,39,13,83,119,6.95045455445545,7.12453987730061,6.22286717948718,6.46153846153846,7.24397590361446,6.74572957983193,65
"59",2007,4,8.018,5,8.018,NA,NA,8,8.0225,5,0,0,1,4,207,168,39,13,84,123,6.9762406763285,7.15113095238095,6.22286717948718,6.46153846153846,7.25297619047619,6.78725056910569,66
"60",2007,5,8,2,8,8,NA,NA,8,1,1,0,0,2,209,169,40,13,84,125,6.98603741626794,7.15615384615385,6.2672955,6.46153846153846,7.25297619047619,6.80665456,67
"61",2007,6,7.33333333333333,3,7.33333333333333,NA,NA,7.5,7,3,0,0,2,1,212,172,40,13,86,126,6.99095198113208,7.15924418604651,6.2672955,6.46153846153846,7.25872093023256,6.80818904761905,68
"62",2007,7,6.875,8,7.33333333333333,5.5,NA,6.16666666666667,7.3,6,2,0,3,5,220,178,42,13,89,131,6.98673554545455,7.16511235955056,6.23075761904762,6.46153846153846,7.22191011235955,6.82696045801527,69
"63",2007,8,6.6875,8,7.08333333333333,5.5,NA,6,6.91666666666667,6,2,0,2,6,228,184,44,13,91,137,6.97623605263158,7.16244565217391,6.19754136363636,6.46153846153846,7.19505494505495,6.83088919708029,70
"64",2007,9,7.18181818181818,11,7.5,4,4,6.75,7.42857142857143,10,1,1,4,7,239,194,45,14,95,144,6.9856979916318,7.17984536082474,6.14870711111111,6.28571428571429,7.17631578947368,6.85994319444444,71
"65",2007,10,7.5,6,7.2,9,NA,6,7.8,5,1,0,1,5,245,199,46,14,96,149,6.99829314285714,7.18035175879397,6.21069173913043,6.28571428571429,7.1640625,6.89148872483222,72
"66",2007,11,8.16666666666667,9,7.92857142857143,9,NA,7.875,8.4,7,2,0,4,5,254,206,48,14,100,154,7.03969220472441,7.20577669902913,6.32691291666667,6.28571428571429,7.1925,6.94046636363636,73
"67",2007,12,7.27272727272727,11,7.11111111111111,8,NA,6.66666666666667,8,9,2,0,6,5,265,215,50,14,106,159,7.04936535849057,7.20181395348837,6.3938364,6.28571428571429,7.1627358490566,6.97378503144654,74
"68",2008,1,7.75,8,8,6,NA,7.5,8,7,1,0,4,4,273,222,51,14,110,163,7.06989677655678,7.22698198198198,6.38611411764706,6.28571428571429,7.175,6.9989682208589,75
"69",2008,2,8.05555555555556,9,8.6875,3,NA,8.5,7.83333333333333,8,1,0,3,6,282,230,52,14,113,169,7.10135397163121,7.27778260869565,6.32099653846154,6.28571428571429,7.21017699115044,7.02859065088757,76
"70",2008,3,6.5875,8,6.34,7,NA,7.35,6.33333333333333,5,3,0,2,6,290,235,55,14,115,175,7.08717868965517,7.25782978723404,6.35803309090909,6.28571428571429,7.21260869565217,7.00475325714286,77
"71",2008,4,6.83333333333333,3,7.25,6,6,7.5,6.5,2,1,1,1,2,293,237,56,15,116,177,7.08457959044368,7.25776371308017,6.35163964285714,6.26666666666667,7.21508620689655,6.99904983050848,78
"72",2008,5,7.66666666666667,6,7.66666666666667,NA,NA,7.6,8,6,0,0,5,1,299,243,56,15,121,178,7.09626026755853,7.26786008230453,6.35163964285714,6.26666666666667,7.23099173553719,7.00467314606742,79
"73",2008,6,6.3,5,6.25,6.5,NA,NA,6.3,4,1,0,0,5,304,247,57,15,121,183,7.08316388157895,7.25137651821862,6.35424245614035,6.26666666666667,7.23099173553719,6.98541978142077,80
"74",2008,7,6.6,10,6.64285714285714,6.5,6.5,5.75,7.875,7,3,3,6,4,314,254,60,18,127,187,7.06777649681529,7.2346062992126,6.36153033333333,6.30555555555556,7.16102362204724,7.00444823529412,81
"75",2008,8,7.29166666666667,12,7.05,8.5,8,7.83333333333333,7.11111111111111,10,2,1,3,9,326,264,62,19,130,196,7.07601785276074,7.22761363636364,6.43051322580645,6.39473684210526,7.17653846153846,7.00934602040816,82
"76",2008,9,6.75,4,6.75,NA,NA,NA,6.75,4,0,0,0,4,330,268,62,19,130,200,7.07206612121212,7.22048507462687,6.43051322580645,6.39473684210526,7.17653846153846,7.0041591,83
"77",2008,10,6.83333333333333,6,6.8,7,NA,NA,6.83333333333333,5,1,0,0,6,336,273,63,19,130,206,7.06780303571428,7.21278388278388,6.4395526984127,6.39473684210526,7.17653846153846,6.99918359223301,84
"78",2008,11,7.5,4,7.5,NA,NA,8,7.33333333333333,4,0,0,1,3,340,277,63,19,131,209,7.07288770588235,7.21693140794224,6.4395526984127,6.39473684210526,7.18282442748092,7.00398,85
"79",2008,12,6.91428571428571,7,6.91428571428571,NA,NA,7.9,6.75,7,0,0,1,6,347,284,63,19,132,215,7.06968824207493,7.20947183098592,6.4395526984127,6.39473684210526,7.18825757575758,6.99689218604651,86
"80",2009,1,8.9,10,9,8,8,8.75,9,9,1,1,4,6,357,293,64,20,136,221,7.1209574789916,7.26447098976109,6.4639346875,6.475,7.23419117647059,7.05127520361991,87
"81",2009,2,6.75,10,6.92857142857143,6.33333333333333,NA,6.5,6.8125,7,3,0,2,8,367,300,67,20,138,229,7.11084964577657,7.25663333333333,6.45808686567164,6.475,7.22355072463768,7.04293371179039,88
"82",2009,3,6.88888888888889,9,6.88888888888889,NA,NA,5,7.42857142857143,9,0,0,2,7,376,309,67,20,140,236,7.10553675531915,7.24592233009709,6.45808686567164,6.475,7.19178571428571,7.05437211864407,89
"83",2009,4,6.83333333333333,6,7,6.75,7,6.5,7,2,4,1,2,4,382,311,71,21,142,240,7.10126130890052,7.24434083601286,6.47453267605634,6.5,7.18204225352113,7.05346591666667,90
"84",2009,5,6.5625,8,6.41666666666667,7,6,7,6.5,6,2,1,1,7,390,317,73,22,143,247,7.09020979487179,7.22867507886435,6.48892904109589,6.47727272727273,7.18076923076923,7.03778064777328,91
"85",2009,6,7.66666666666667,9,7.5,8,8,7,8,6,3,1,3,6,399,323,76,23,146,253,7.10321258145363,7.23371517027864,6.54857657894737,6.54347826086957,7.17705479452055,7.06060007905138,92
"86",2009,7,7.6,5,8,7,7,8.5,7,3,2,1,2,3,404,326,78,24,148,256,7.10936094059406,7.24076687116564,6.56015153846154,6.5625,7.19493243243243,7.059889921875,93
"87",2009,8,7.7,10,8.07142857142857,6.83333333333333,6.75,8,7.625,7,3,2,2,8,414,333,81,26,150,264,7.12362758454106,7.25822822822823,6.57026938271605,6.57692307692308,7.20566666666667,7.07701446969697,94
"88",2009,9,7.92857142857143,14,7.5625,8.41666666666667,8,8.5,7.7,8,6,1,4,10,428,341,87,27,154,274,7.14995752336449,7.26536656891496,6.69760712643678,6.62962962962963,7.23928571428571,7.09975116788321,95
"89",2009,10,7,8,7,7,NA,NA,7,7,1,0,0,8,436,348,88,27,154,282,7.14720600917431,7.26002873563218,6.70104340909091,6.62962962962963,7.23928571428571,7.09692134751773,96
"90",2009,11,6.36666666666667,12,6.93333333333333,4.66666666666667,6,7.25,5.925,9,3,1,4,8,448,357,91,28,158,290,7.12629870535714,7.25179271708683,6.63397604395604,6.60714285714286,7.23955696202532,7.06459248275862,97
"91",2009,12,7.24545454545455,11,7.37,6,6,6.66666666666667,7.4625,10,1,1,3,8,459,367,92,29,161,298,7.129154291939,7.2550136239782,6.627085,6.58620689655172,7.22888198757764,7.07527456375839,98
"92",2010,1,7.55555555555556,9,7.625,7,NA,9,7.14285714285714,8,1,0,2,7,468,375,93,29,163,305,7.13735431623932,7.26290666666667,6.63109483870968,6.58620689655172,7.25061349693252,7.07682563934426,99
"93",2010,2,7.5,10,7.85714285714286,6.66666666666667,8,8.5,7.25,7,3,1,2,8,478,382,96,30,165,313,7.1449410460251,7.27379581151832,6.63220645833333,6.63333333333333,7.26575757575758,7.08125182108626,100
"94",2010,3,7,11,7.22222222222222,6,6,7.25,6.85714285714286,9,2,1,4,7,489,391,98,31,169,320,7.14168061349693,7.27260869565217,6.61930428571429,6.61290322580645,7.26538461538461,7.0763494375,101
"95",2010,4,5,3,5.5,4,NA,NA,5,2,1,0,0,3,492,393,99,31,169,323,7.12862158536585,7.26358778625954,6.59284666666667,6.61290322580645,7.26538461538461,7.05706445820433,102
"96",2010,5,7,8,7.33333333333333,6,NA,5.5,7.5,6,2,0,2,6,500,399,101,31,171,329,7.12656364,7.2646365914787,6.58110712871287,6.61290322580645,7.24473684210526,7.06514231003039,103
"97",2010,6,7.99166666666667,12,8.26363636363636,5,5,8.98,7.28571428571429,11,1,1,5,7,512,410,102,32,176,336,7.1468394921875,7.29143902439024,6.56560607843137,6.5625,7.29403409090909,7.06973755952381,104
"98",2010,7,7.625,4,7.625,NA,NA,8.75,6.5,4,0,0,2,2,516,414,102,32,178,338,7.1505461627907,7.29466183574879,6.56560607843137,6.5625,7.31039325842697,7.06636633136095,105
"99",2010,8,7.90714285714286,14,8.01818181818182,7.5,5.5,8,7.8375,11,3,1,6,8,530,425,105,33,184,346,7.17053173584906,7.31338823529412,6.59230304761905,6.53030303030303,7.33288043478261,7.08419601156069,106
"100",2010,9,7.25,4,6.5,8,NA,8,6.5,2,2,0,2,2,534,427,107,33,186,348,7.17112700374532,7.30957845433255,6.61861514018692,6.53030303030303,7.34005376344086,7.08083856321839,107
"101",2010,10,7.65,8,7.33333333333333,7.84,8.33333333333333,7.8,7.4,3,5,3,5,3,542,430,112,36,191,351,7.1781952398524,7.30974418604651,6.67314125,6.68055555555556,7.3520942408377,7.08356643874644,108
"102",2010,11,6.84545454545455,11,7.04285714285714,6.5,6,6,6.93,7,4,1,1,10,553,437,116,37,192,361,7.17157652802893,7.30546910755149,6.66717086206897,6.66216216216216,7.34505208333333,7.07931252077562,109
"103",2010,12,7.47,10,7.17142857142857,8.16666666666667,8,7.33333333333333,7.52857142857143,7,3,1,3,7,563,444,119,38,195,368,7.17687712255773,7.30335585585586,6.70497327731093,6.69736842105263,7.34487179487179,7.08785820652174,110
"104",2011,1,7.57142857142857,7,8.75,6,4.5,7.75,7.33333333333333,4,3,2,4,3,570,448,122,40,199,371,7.18172249122807,7.31627232142857,6.68763786885246,6.5875,7.35301507537688,7.08984318059299,111
"105",2011,2,7.5,16,7.85714285714286,7.22222222222222,6.5,7.5,7.5,7,9,2,3,13,586,455,131,42,202,384,7.19041266211604,7.32459340659341,6.72436503816794,6.58333333333333,7.35519801980198,7.10372869791667,112
"106",2011,3,7.07692307692308,13,7.6,5.33333333333333,5,5.5,7.36363636363636,10,3,1,2,11,599,465,134,43,204,395,7.18794961602671,7.33051612903226,6.69322253731343,6.54651162790698,7.33700980392157,7.11096663291139,113
"107",2011,4,7.95,6,7.95,NA,NA,NA,7.95,6,0,0,0,6,605,471,134,43,204,401,7.19550714049587,7.3384076433121,6.69322253731343,6.54651162790698,7.33700980392157,7.12352074812967,114
"108",2011,5,7.16666666666667,9,7.3125,6,NA,NA,7.16666666666667,8,1,0,0,9,614,479,135,43,204,410,7.19508439739414,7.33797494780793,6.68808755555556,6.54651162790698,7.33700980392157,7.12446785365854,115
"109",2011,6,4.66666666666667,3,5.5,3,NA,3,5.5,2,1,0,1,2,617,481,136,43,205,412,7.18279063209076,7.33033264033264,6.66096926470588,6.54651162790698,7.31585365853658,7.11658208737864,116
"110",2011,7,7.9375,8,8.07142857142857,7,7,8,7.9,7,1,1,3,5,625,488,137,44,208,417,7.192450912,7.3409631147541,6.66344394160584,6.55681818181818,7.32572115384615,7.12597558752997,117
"111",2011,8,7.21666666666667,12,7.31,6.75,6,7.5,7.12222222222222,10,2,1,3,9,637,498,139,45,211,426,7.19290709576138,7.34034136546185,6.66468935251799,6.54444444444444,7.3281990521327,7.12589629107981,118
"112",2011,9,7.2,5,7.2,NA,NA,NA,7.2,5,0,0,0,5,642,503,139,45,211,431,7.1929623364486,7.33894632206759,6.66468935251799,6.54444444444444,7.3281990521327,7.12675596287703,119
"113",2011,10,6.86111111111111,9,6.89285714285714,6.75,NA,6.25,7.16666666666667,7,2,0,3,6,651,510,141,45,214,437,7.18837453149002,7.33282352941176,6.66589943262411,6.54444444444444,7.31308411214953,7.12730393592677,120
"114",2011,11,7.425,12,8.2,7.0375,6.93333333333333,8.9,7.13,4,8,3,2,10,663,514,149,48,216,447,7.1926573453997,7.3395719844358,6.6858511409396,6.56875,7.32777777777778,7.12736425055928,121
"115",2011,12,8.07894736842105,19,8.46428571428571,7,7,8.27777777777778,7.9,14,5,3,9,10,682,528,154,51,225,457,7.21734870967742,7.36939393939394,6.69605077922078,6.59411764705882,7.36577777777778,7.14427094091904,122
"116",2012,1,8.31578947368421,19,8.55882352941176,6.25,NA,8,8.33333333333333,17,2,0,1,18,701,545,156,51,226,475,7.24712099857347,7.40649541284404,6.69033217948718,6.59411764705882,7.36858407079646,7.18933014736842,123
"117",2012,2,8.14814814814815,27,8.10869565217391,8.375,8,8,8.16666666666667,23,4,2,3,24,728,568,160,53,229,499,7.28053821428571,7.43492957746479,6.732448875,6.64716981132076,7.37685589519651,7.23633631262525,124
"118",2012,3,7.81818181818182,11,8.125,7,NA,7.5,7.85,8,3,0,1,10,739,576,163,53,230,509,7.28854102841678,7.44451388888889,6.73737312883436,6.64716981132076,7.37739130434783,7.24839257367387,125
"119",2012,4,7.47692307692308,13,7.74444444444444,6.875,7.5,8.66666666666667,7.12,9,4,2,3,10,752,585,167,55,233,519,7.29179763297872,7.4491282051282,6.74066958083832,6.67818181818182,7.39399141630901,7.2459187283237,126
"120",2012,5,7.65384615384615,13,7.75,7.57142857142857,5.5,7,7.70833333333333,6,7,2,1,12,765,591,174,57,234,531,7.29795009150327,7.45218274111675,6.77409091954023,6.63684210526316,7.39230769230769,7.25636877589454,127
"121",2012,6,8.03846153846154,13,8.36363636363636,6.25,NA,8,8.04545454545454,11,2,0,2,11,778,602,176,57,236,542,7.31032367609254,7.46883720930232,6.76813534090909,6.63684210526316,7.39745762711864,7.27238343173432,128
"122",2012,7,8.35,10,8.3125,8.5,8.5,7.75,8.5,8,2,2,2,8,788,610,178,59,238,550,7.32351753807107,7.47990163934426,6.78759449438202,6.7,7.40042016806723,7.29023967272727,129
"123",2012,8,8.075,12,8.29,7,7,7.33333333333333,8.32222222222222,10,2,1,3,9,800,620,180,60,241,559,7.334789775,7.49296774193548,6.78995455555556,6.705,7.39958506224066,7.3068547763864,130
"124",2012,9,7.93333333333333,15,8.6,6.6,7.5,10,7.78571428571429,10,5,2,1,14,815,630,185,62,242,573,7.34580591411043,7.51053968253968,6.78482064864865,6.73064516129032,7.4103305785124,7.31855465968586,131
"125",2012,10,7.55,10,8.125,5.25,6.5,7.5,7.58333333333333,8,2,1,4,6,825,638,187,63,246,579,7.34828099393939,7.51824451410658,6.76840545454545,6.72698412698413,7.41178861788618,7.32129848013817,132
"126",2012,11,7.5,13,7.86363636363636,5.5,NA,9.5,7.13636363636364,11,2,0,2,11,838,649,189,63,248,590,7.3506346300716,7.52409861325115,6.75498317460317,6.72698412698413,7.42862903225806,7.31785054237288,133
"127",2012,12,8.2030303030303,33,8.09642857142857,8.8,8.5,8.14285714285714,8.21923076923077,28,5,2,7,26,871,677,194,65,255,616,7.38292975889782,7.54776957163958,6.80768979381443,6.78153846153846,7.44823529411765,7.35589581168831,134
"128",2013,1,7.66162790697674,43,8.08166666666667,6.69230769230769,6.75,6.9375,7.94193548387097,30,13,5,12,31,914,707,207,70,267,647,7.3960413785558,7.5704243281471,6.80044357487923,6.77928571428571,7.4252808988764,7.38397499227202,135
"129",2013,2,8.046875,32,8.18181818181818,7.75,7.5,7.5,8.22916666666667,22,10,5,8,24,946,729,217,75,275,671,7.41805689217759,7.58887517146776,6.84420193548387,6.82733333333333,7.42745454545455,7.41420539493293,136
"130",2013,3,8.15454545454545,33,8.18636363636364,8.09090909090909,8,8.00909090909091,8.22727272727273,22,11,5,11,22,979,751,228,80,286,693,7.44288234933606,7.60637816245006,6.9043500877193,6.900625,7.44982517482518,7.44001705627705,137
"131",2013,4,7.52857142857143,42,7.45185185185185,7.66666666666667,7.5,7.35714285714286,7.56285714285714,27,15,8,7,35,1021,778,243,88,293,728,7.44640726738492,7.60101542416452,6.95140666666667,6.95511363636364,7.44761092150171,7.44592282967033,138
"132",2013,5,7.96,30,8.21111111111111,7.58333333333333,7.91666666666667,8.5,7.87692307692308,18,12,6,4,26,1051,796,255,94,297,754,7.46106738344434,7.61481155778894,6.98114439215686,7.01648936170213,7.46178451178451,7.4607849071618,139
"133",2013,6,8.26315789473684,19,8.35714285714286,8,6.5,8.16666666666667,8.28125,14,5,2,3,16,1070,810,260,96,300,770,7.47531011214953,7.62764197530864,7.00073776923077,7.00572916666667,7.46883333333333,7.47783353246753,140
"134",2013,7,7.8030303030303,33,8.1,6.875,6.375,8.41666666666667,7.66666666666667,25,8,4,6,27,1103,835,268,100,306,797,7.48511497733454,7.64178443113772,6.99698440298507,6.9805,7.4874183006536,7.48423063989962,141
"135",2013,8,8.1325,40,8.27666666666667,7.7,7.5,7.63333333333333,8.27741935483871,30,10,6,9,31,1143,865,278,106,315,828,7.50777062117235,7.66380346820809,7.02227273381295,7.00990566037736,7.4915873015873,7.51392731884058,142
"136",2013,9,7.58833333333333,30,8.69117647058824,6.14615384615385,5.56666666666667,6.76666666666667,7.94047619047619,17,13,6,9,21,1173,882,291,112,324,849,7.50983104859335,7.68360544217687,6.98313340206186,6.93258928571429,7.47145061728395,7.52447799764429,143
"137",2013,10,8.17142857142857,35,8.22413793103448,7.91666666666667,8.2,7.83333333333333,8.34782608695652,29,6,5,12,23,1208,911,297,117,336,872,7.52899985099338,7.70081229418222,7.00199265993266,6.98675213675214,7.484375,7.54619474770642,144
"138",2013,11,7.8448275862069,58,7.98809523809524,7.46875,8,8.14545454545454,7.77446808510638,42,16,9,11,47,1266,953,313,126,347,919,7.5434690521327,7.71347324239244,7.0258524600639,7.05912698412698,7.50533141210375,7.55786922742111,145
"139",2013,12,7.52380952380952,42,7.63235294117647,7.0625,7.7,7.86428571428571,7.35357142857143,34,8,5,14,28,1308,987,321,131,361,947,7.54283778287462,7.71067882472138,7.02676579439252,7.08358778625954,7.51925207756233,7.55182874340021,146
"140",2014,1,7.97213114754098,61,8.32439024390244,7.25,7.25,7.5,8.076,41,20,6,11,50,1369,1028,341,137,372,997,7.56196626734843,7.73515564202335,7.03985870967742,7.09087591240876,7.51868279569892,7.57811616850551,147
"141",2014,2,7.76022727272727,44,8.11896551724138,7.06666666666667,7.28571428571429,7.8,7.75512820512821,29,15,7,5,39,1413,1057,356,144,377,1036,7.56814,7.74568590350047,7.04098825842697,7.10034722222222,7.52241379310345,7.58477974903475,148
"142",2014,3,8.05346153846154,52,8.11567567567567,7.9,8,7.31818181818182,8.25073170731707,37,15,6,11,41,1465,1094,371,150,388,1077,7.58536643003413,7.75819926873857,7.07571919137466,7.13633333333333,7.51662371134021,7.61013168059424,149
"143",2014,4,7.55,55,7.92682926829268,6.44642857142857,8.125,7.66666666666667,7.52717391304348,41,14,6,9,46,1520,1135,385,156,397,1123,7.58408672368421,7.76429074889868,7.0528358961039,7.17435897435897,7.52002518891688,7.60673358860196,150
"144",2014,5,7.62321428571429,56,7.98387096774194,7.176,7.53846153846154,6.91666666666667,7.708,31,25,13,6,50,1576,1166,410,169,403,1173,7.58547704314721,7.77012864493997,7.06034590243902,7.20236686390533,7.51104218362283,7.61105014492753,151
"145",2014,6,7.77435897435897,39,7.81481481481481,7.68333333333333,7.26,8.05384615384615,7.63461538461539,27,12,5,13,26,1615,1193,422,174,416,1199,7.59003827863777,7.77113998323554,7.07806118483412,7.20402298850575,7.52800480769231,7.61156115095913,152
"146",2014,7,7.59302325581395,43,7.90909090909091,7.26190476190476,7.14285714285714,8.31818181818182,7.34375,22,21,7,11,32,1658,1215,443,181,427,1231,7.59011569360676,7.7736378600823,7.08677611738149,7.20165745856354,7.5483606557377,7.6045993663688,153
"147",2014,8,8.20851851851852,81,8.37271186440678,7.76818181818182,7.90909090909091,8.044,8.23169014084507,59,22,11,10,71,1739,1274,465,192,437,1302,7.61891996549741,7.80138147566719,7.11901466666667,7.2421875,7.55970251716247,7.63879556067588,154
"148",2014,9,8.03026315789474,76,8.35357142857143,7.125,7.5,7.9,8.05,56,20,13,10,66,1815,1330,485,205,447,1368,7.63614425344352,7.82463157894737,7.11926148453608,7.25853658536585,7.56731543624161,7.65863437134503,155
"149",2014,10,7.99692307692308,65,8.25263157894737,7.63703703703704,7.375,7.44444444444444,8.08571428571429,38,27,12,9,56,1880,1368,512,217,456,1424,7.6486179893617,7.83652046783626,7.1465660546875,7.26497695852535,7.56489035087719,7.6754296488764,156
"150",2014,11,7.75689655172414,87,8.22203389830509,6.77678571428571,6.54545454545455,7.86363636363636,7.74144736842105,59,28,11,11,76,1967,1427,540,228,467,1500,7.65340712760549,7.85245970567624,7.12739225925926,7.23026315789474,7.57192719486081,7.67877454666666,157
"151",2014,12,8.23967391304348,92,8.41159420289855,7.72391304347826,7.4125,8.14583333333333,8.25375,69,23,8,12,80,2059,1496,563,236,479,1580,7.6796026323458,7.8782486631016,7.151761669627,7.2364406779661,7.58630480167015,7.7078872278481,158
"152",2015,1,8.34405594405594,143,8.6,7.61081081081081,8.03333333333333,8.3125,8.35173913043478,106,37,15,28,115,2202,1602,600,251,507,1695,7.72275287011807,7.9260049937578,7.1800697,7.28406374501992,7.62641025641026,7.75157039528023,159
"153",2015,2,7.98979591836735,98,8.2015625,7.59117647058823,7.30769230769231,7.79166666666667,8.01744186046512,64,34,13,12,86,2300,1666,634,264,519,1781,7.73413122608696,7.9365906362545,7.20211643533123,7.28522727272727,7.63023121387283,7.76440865805727,160
"154",2015,3,7.59395604395604,91,8.04583333333333,6.71935483870968,7.04166666666667,7.25,7.63641975308642,60,31,12,10,81,2391,1726,665,276,529,1862,7.72879624424927,7.94038818076477,7.1796117593985,7.27463768115942,7.62304347826087,7.75884093447905,161
"155",2015,4,8.05173913043478,115,8.52042253521127,7.29545454545455,7.46666666666667,8.68666666666667,7.9565,71,44,15,15,100,2506,1797,709,291,544,1962,7.74361604948124,7.96330550918197,7.18680087447109,7.28453608247423,7.65237132352941,7.76891530071356,162
"156",2015,5,8.05013245033113,151,8.31173076923077,7.47127659574468,7.76818181818182,7.96521739130435,8.065390625,104,47,22,23,128,2657,1901,756,313,567,2090,7.76103568686488,7.98236717517096,7.20448653439153,7.3185303514377,7.66506172839506,7.78707264114832,163
"157",2015,6,7.80481203007519,133,8.063125,7.41490566037736,7.45833333333333,7.66521739130435,7.834,80,53,24,23,110,2790,1981,809,337,590,2200,7.76312251612903,7.98562847046946,7.21827171817058,7.32848664688427,7.66506779661017,7.78941900909091,164
"158",2015,7,7.88917910447761,134,8.04777777777778,7.56477272727273,7.49814814814815,8.07777777777778,7.85991379310345,90,44,27,18,116,2924,2071,853,364,608,2316,7.76889939124487,7.98832930951231,7.23614515826495,7.34107142857143,7.67728618421052,7.79294983592401,165
"159",2015,8,7.78184713375796,157,8.05267857142857,7.10777777777778,7.546875,7.88157894736842,7.76811594202899,112,45,16,19,138,3081,2183,898,380,627,2454,7.76955917559234,7.9916307833257,7.22971249443207,7.34973684210526,7.68347687400319,7.79155330888346,166
"160",2015,9,7.80073529411765,136,8.11576086956522,7.14204545454545,7.03846153846154,7.38947368421053,7.86752136752137,92,44,13,19,117,3217,2275,942,393,646,2571,7.77087715884364,7.99665054945055,7.2256176433121,7.33944020356234,7.67482972136223,7.79501043173862,167
"161",2015,10,8.06235294117647,170,8.0968253968254,7.96363636363636,7.77058823529412,8.18636363636364,8.04391891891892,126,44,17,22,148,3387,2401,986,410,668,2719,7.7855068851491,8.00190753852561,7.25855154158215,7.35731707317073,7.69167664670659,7.80855896285399,168
"162",2015,11,7.92755208333333,192,8.17518248175183,7.31072727272727,7.74375,7.9852380952381,7.92046783625731,137,55,24,21,171,3579,2538,1041,434,689,2890,7.79312708019,8.01126083530339,7.26130818443804,7.3786866359447,7.70062409288824,7.81518056055363,169
"163",2015,12,7.79602564102564,234,8.05469512195122,7.19,7.01923076923077,8.11540540540541,7.73604060913706,164,70,26,37,197,3813,2702,1111,460,726,3087,7.7933049619722,8.01389711324945,7.25681531953195,7.35836956521739,7.72176308539945,7.81013016520894,170
"164",2016,1,7.906463878327,263,8.18663101604278,7.21710526315789,7.12068965517241,7.65789473684211,7.94844444444444,187,76,29,38,225,4076,2889,1187,489,764,3312,7.80060643277723,8.02507788161994,7.25427280539174,7.34427402862986,7.71858638743455,7.81952651570048,171
"165",2016,2,7.9783606557377,183,8.13528455284553,7.65666666666667,7.40952380952381,7.5,8.04037037037037,123,60,21,21,162,4259,3012,1247,510,785,3474,7.80824414651327,8.02957835325365,7.27363417802727,7.34696078431373,7.71273885350318,7.8298249337939,172
"166",2016,3,8.0043918128655,171,8.18922413793103,7.61456363636364,7.035,7.5,8.05645806451613,116,55,20,16,155,4430,3128,1302,530,801,3629,7.81581553498871,8.03549872122762,7.28803596006144,7.33518867924528,7.70848938826467,7.83950477266465,173
"167",2016,4,7.80479591836735,196,8.10597014925373,7.15387096774194,7.67090909090909,7.99821428571429,7.77255952380952,134,62,22,28,168,4626,3262,1364,552,829,3797,7.81534864245569,8.03839362354384,7.28193755131965,7.34856884057971,7.71827503015681,7.83654274953911,174
"168",2016,5,8.04785714285714,210,8.18973509933775,7.68474576271186,7.39565217391304,8.39772727272727,8.00691489361702,151,59,23,22,188,4836,3413,1423,575,851,3985,7.82544516542597,8.04508936419572,7.29863866479269,7.35045217391304,7.7358401880141,7.84458038143036,175
"169",2016,6,7.9284,175,8.155625,7.30957446808511,7.659375,7.7,7.9498125,128,47,16,15,160,5011,3541,1470,591,866,4145,7.82904067451607,8.04908500423609,7.29898831292517,7.35881556683587,7.7352193995381,7.84864241737033,176
"170",2016,7,7.71988994974874,199,8.01738461538462,7.15939275362319,6.98605833333333,7.67666666666667,7.726675,130,69,36,27,172,5210,3671,1539,627,893,4317,7.82487157773513,8.0479624080632,7.29272964262508,7.33741323763955,7.73344904815229,7.84378293259208,177
"171",2016,8,7.85065502183406,229,8.09575163398693,7.35723684210526,7.01818181818182,8.11666666666667,7.8105527638191,153,76,22,30,199,5439,3824,1615,649,923,4516,7.82595714653429,8.04987447698745,7.2957652755418,7.32659183359014,7.74590465872156,7.84231862710363,178
"172",2016,9,7.9251256281407,199,8.18473282442748,7.425,6.97826086956522,8.04827586206897,7.90411764705882,131,68,23,29,170,5638,3955,1683,672,952,4686,7.82945741752395,8.05434134007585,7.30098688057041,7.31466979166667,7.75511554621849,7.84456058898848,179
"173",2016,10,7.9280756302521,238,8.15988679245283,7.46151898734177,7.69189189189189,7.878125,7.93583495145631,159,79,37,32,206,5876,4114,1762,709,984,4892,7.83345182437032,8.05842051531356,7.30818440408626,7.33435557122708,7.75911585365854,7.84840411283729,180
"174",2016,11,7.79501858736059,269,7.98648648648649,7.37333333333333,7.32162162162162,7.86216216216216,7.78431034482759,185,84,37,37,232,6145,4299,1846,746,1021,5124,7.83176939300244,8.05532495929286,7.31114892741062,7.33372399463807,7.76285014691479,7.84550213114754,181
"175",2016,12,7.91430555555556,216,8.20261437908497,7.21412698412698,7.1,7.81212121212121,7.93273224043716,153,63,22,33,183,6361,4452,1909,768,1054,5307,7.83457206728502,8.06038679245283,7.30794705081194,7.32702877604167,7.76439278937381,7.84851006595063,182
"176",2017,1,7.81799373040752,319,8.08241071428571,7.19452631578947,7.475,7.68315789473684,7.83622775800712,224,95,34,38,281,6680,4676,2004,802,1092,5588,7.83378037724551,8.06144183062447,7.30257031936128,7.33330187032419,7.76156593406593,7.84789243378669,183
"177",2017,2,7.90472222222222,216,8.22743055555556,7.25930555555556,7.004,7.67272727272727,7.93103092783505,144,72,25,22,194,6896,4820,2076,827,1114,5782,7.83600245359629,8.06640082987552,7.30106980732177,7.32334715840387,7.75981149012567,7.85068193012799,184
"178",2017,3,7.71988047808765,251,8.01568047337278,7.11024390243902,7.18314285714286,7.825,7.70668161434978,169,82,35,28,223,7147,4989,2158,862,1142,6005,7.83192429271023,8.06468270194428,7.29381877664504,7.31765440835267,7.76140980735552,7.84533437468776,185
"179",2017,4,7.73361111111111,180,8.00968992248062,7.03529411764706,7.3,7.70434782608696,7.73789808917197,129,51,20,23,157,7327,5118,2209,882,1165,6162,7.82950906510168,8.06329660023447,7.28785012222725,7.31725408163265,7.76028326180257,7.84259703343071,186
"180",2017,5,7.7725,152,8.073,7.19461538461538,6.97777777777778,7.68421052631579,7.78511278195489,100,52,18,19,133,7479,5218,2261,900,1184,6295,7.82835043722423,8.06348256036796,7.28570584697037,7.31046455555555,7.7590625,7.84138251310564,187
"181",2017,6,7.68057142857143,140,7.96422222222222,7.17,7.32352941176471,7.31176470588235,7.73154471544715,90,50,17,17,123,7619,5308,2311,917,1201,6418,7.82563498096863,8.0617995478523,7.28320247511899,7.31070676117775,7.75273105745212,7.83927748831412,188
"182",2017,7,7.75982857142857,175,8.27605263157895,6.79508196721311,7.09130434782609,7.29444444444444,7.8131847133758,114,61,23,18,157,7794,5422,2372,940,1219,6575,7.82415741852707,8.06630431575065,7.27064962900506,7.30533840425532,7.74596390484003,7.8386544365019,189
"183",2017,8,7.7436170212766,188,7.97394957983193,7.3463768115942,7.51666666666667,7.81363636363636,7.73433734939759,119,69,24,22,166,7982,5541,2441,964,1241,6741,7.82226045101478,8.06432088070746,7.27279021712413,7.31059968879668,7.74716357775987,7.83608558374129,190
"184",2017,9,7.85605555555556,180,8.15731481481481,7.40416666666667,7.29655172413793,7.69047619047619,7.87792452830189,108,72,29,21,159,8162,5649,2513,993,1262,6900,7.82300574859103,8.06609877854488,7.27655428571429,7.31018942598187,7.74622028526149,7.83704969855073,191
"185",2017,10,7.85109274611399,193,8.06644927536232,7.31074363636364,7.29242380952381,7.75833333333333,7.86426568047337,138,55,21,24,169,8355,5787,2568,1014,1286,7069,7.82365455655296,8.06610713668567,7.27728653426791,7.30982149901381,7.74644634525661,7.83770035648607,192
"186",2017,11,7.62428571428571,189,8.07727272727273,6.81823529411765,6.09130434782609,7.2,7.69196319018405,121,68,23,26,163,8544,5908,2636,1037,1312,7232,7.81924436095506,8.06633581584292,7.26544454476479,7.28279556412729,7.73561737804878,7.83441562776549,193
"187",2017,12,7.77506976744186,215,8.18540145985402,7.05435897435897,6.62121212121212,7.10645161290323,7.88771739130435,137,78,33,31,184,8759,6045,2714,1070,1343,7416,7.81816004338395,8.06903424317618,7.25937797347089,7.26239158878505,7.72109456440804,7.83573810949299,194
"188",2018,1,7.72708196721312,305,8.08247572815534,6.98757575757576,6.93857142857143,7.78,7.71886363636364,206,99,35,41,264,9064,6251,2813,1105,1384,7680,7.81509530229479,8.06947720364742,7.24981223604692,7.25213484162896,7.72283959537572,7.83172054947917,195
"189",2018,2,7.76561855670103,194,8.09375,7.12924242424242,7.35178571428571,7.45625,7.80929411764706,128,66,28,24,170,9258,6379,2879,1133,1408,7850,7.81405852451933,8.06996425772065,7.24704821813129,7.25459752868491,7.71829545454545,7.83123488152866,196
"190",2018,3,7.6728488372093,172,7.90428571428571,7.15320754716981,6.83928571428571,7.15130434782609,7.75335570469799,119,53,28,23,149,9430,6498,2932,1161,1431,7999,7.81148290774125,8.06693013234841,7.24535191678035,7.24458139534884,7.70918238993711,7.82978420052507,197
"191",2018,4,7.77694444444444,180,7.93058252427184,7.57142857142857,7.09090909090909,7.24782608695652,7.85445859872612,103,77,22,23,157,9610,6601,3009,1183,1454,8156,7.81083598543184,8.06480260566581,7.253696184779,7.2417235841082,7.70188445667125,7.83025917361452,198
"192",2018,5,7.44786745341615,161,7.81312273684211,6.92212121212121,6.675,6.52631578947368,7.57117366197183,95,66,20,19,142,9771,6696,3075,1203,1473,8298,7.80485523283185,8.06123187873357,7.24657945365854,7.23230174563591,7.68672097759674,7.82582555796577,199
"193",2018,6,7.61006634328358,134,8.00805258064516,6.70731707317073,6.69444444444444,7.1375,7.67414313559322,93,41,18,16,118,9905,6789,3116,1221,1489,8416,7.80222002725896,8.06050339519811,7.23948389602054,7.22437264537265,7.68081934184016,7.82369883198669,200
"194",2018,7,7.93316770186335,161,8.15839285714286,7.41836734693878,6.95238095238095,7.93272727272727,7.93323741007194,112,49,21,22,139,10066,6901,3165,1242,1511,8555,7.80431446155375,8.0620920953485,7.24225333965245,7.21977375201288,7.68448709463931,7.82547859380479,201
"195",2018,8,7.73052325581395,172,7.9890756302521,7.15,7.1695652173913,7.75,7.72766666666667,119,53,23,22,150,10238,7020,3218,1265,1533,8705,7.80307475776519,8.06085435185185,7.24073394033561,7.21886086956522,7.68542726679713,7.82379314991384,202
"196",2018,9,7.77475163398693,153,8.11037,7.14150943396226,6.83333333333333,7.37452941176471,7.82477941176471,100,53,21,17,136,10391,7120,3271,1286,1550,8841,7.80265772014243,8.06154979634831,7.23912620605319,7.21256531881804,7.68201741935484,7.82380832145685,203
"197",2018,10,7.63647058823529,204,7.89985815602837,7.04698412698413,7.028,7.91578947368421,7.60778378378378,141,63,25,19,185,10595,7261,3334,1311,1569,9026,7.79945789240208,8.05840993664784,7.23549544691062,7.20904576659039,7.68484831102613,7.81938060824285,204
"198",2018,11,7.86589680203046,197,8.12854169117647,7.28032786885246,7.10416666666667,8.07,7.82332312883436,136,61,24,34,163,10792,7397,3395,1335,1603,9189,7.80067068569311,8.05969936731107,7.23630097790869,7.20716029962547,7.69301746724891,7.81945054304059,205
"199",2018,12,7.65521636842105,190,7.972109375,7.00098564516129,7.19565217391304,7.3,7.69700652941177,128,62,23,20,170,10982,7525,3457,1358,1623,9359,7.79815417501366,8.05820946445182,7.23208068556552,7.20696539027982,7.68817436845348,7.81722642910567,206
"200",2019,1,7.62758273469388,245,7.88822217647059,7.0368,6.86486486486486,7.36033333333333,7.66487334883721,170,75,37,30,215,11227,7695,3532,1395,1653,9574,7.79443189810279,8.05445405977907,7.22793401189128,7.1978917562724,7.68222444041137,7.81380508878212,207
"201",2019,2,7.78097222222222,216,8.0578231292517,7.19115942028986,7.54,7.51851851851852,7.81846560846561,147,69,25,27,189,11443,7842,3601,1420,1680,9763,7.79417783098838,8.05451721372099,7.22722936128853,7.2039147887324,7.67959345238095,7.81389531086756,208
"202",2019,3,7.63078651685393,178,8.00765765765766,7.00641791044776,7.07433333333333,7.50764705882353,7.64378881987578,111,67,30,17,161,11621,7953,3668,1450,1697,9924,7.79167515015919,8.05386319502074,7.22319600054525,7.20123379310345,7.67787094873306,7.81113562273277,209
"203",2019,4,7.54523255813953,172,7.95148514851485,6.96732394366197,6.78571428571429,6.39473684210526,7.6881045751634,101,71,28,19,153,11793,8054,3739,1478,1716,10077,7.7880808038667,8.05257933821703,7.2183372372292,7.19336197564276,7.66366375291375,7.80926763123946,210
"204",2019,5,7.66549738219895,191,7.79606299212598,7.40640625,7.16086956521739,7.375,7.69205714285714,127,64,23,16,175,11984,8181,3803,1501,1732,10252,7.78612707943925,8.04859723627918,7.22150221667105,7.19286409060626,7.66099711316397,7.80726686695279,211
"205",2019,6,7.71212328767123,146,8.01102272727273,7.25862068965517,7.23529411764706,7.21111111111111,7.74503649635037,88,58,17,9,137,12130,8269,3861,1518,1741,10389,7.78523634954658,8.04819736243802,7.22205981092981,7.19333926218709,7.65867145318782,7.80644623351622,212
"206",2019,7,7.76220125786164,159,8.00323529411765,7.33087719298246,7.40352941176471,7.42307692307692,7.79239726027397,102,57,17,13,146,12289,8371,3918,1535,1754,10535,7.78493831231182,8.04764950304623,7.2236429122001,7.1956671009772,7.65692531356898,7.80625153488372,213
"207",2019,8,7.6866847826087,184,7.94957264957265,7.22761194029851,7.644,7.64705882352941,7.69071856287425,117,67,25,17,167,12473,8488,3985,1560,1771,10702,7.78348888960154,8.04629759542884,7.22370964366374,7.20285192307693,7.65683060417843,7.80444869370211,214
"208",2019,9,7.85286585365854,164,8.11044642857143,7.29807692307692,7.2,7.675,7.87209459459459,112,52,20,16,148,12637,8600,4037,1580,1787,10850,7.78438924744797,8.04713302209302,7.22466755759227,7.20281582278481,7.65699328483492,7.80537142119816,215
"209",2019,10,7.56432448863636,176,7.80793388429752,7.02838381818182,7.10048304347826,7.72105263157895,7.54535738853503,121,55,23,19,157,12813,8721,4092,1603,1806,11007,7.78136642706626,8.04381424033941,7.22202933528837,7.20134754210855,7.65766722037652,7.80166267193604,216
"210",2019,11,7.46621761658031,193,7.68344827586207,7.13896103896104,6.95833333333333,7.48157894736842,7.46454022988506,116,77,24,19,174,13006,8837,4169,1627,1825,11181,7.77668983776718,8.03908385085436,7.22049509234828,7.19776282114321,7.65583397260274,7.7964163339594,217
"211",2019,12,7.53677130044843,223,7.74285714285714,7.0768115942029,7.03413793103448,7.65652173913043,7.523,154,69,29,23,200,13229,8991,4238,1656,1848,11381,7.77264555370776,8.03401000889778,7.21815574327513,7.19489740942029,7.65584253246753,7.79161154819436,218
"212",2020,1,7.49253267973856,306,7.91690954773869,6.70327102803738,6.68243243243243,7.38125,7.50552919708029,199,107,37,32,274,13535,9190,4345,1693,1880,11655,7.76631274695235,8.03147431882481,7.20547618872267,7.18369764323686,7.65116861702128,7.78488597425998,219
"213",2020,2,7.58533791044776,201,8.03515151515152,6.72482492753623,6.62381185185185,6.96875,7.63866443243243,132,69,27,16,185,13736,9322,4414,1720,1896,11840,7.76366452751893,8.03152638811413,7.19796260987766,7.17490873837209,7.64540981012658,7.78260126266892,220
"214",2020,3,7.27905263157895,190,7.75739495798319,6.47732394366197,6.19,7.28571428571429,7.27822485207101,119,71,31,21,169,13926,9441,4485,1751,1917,12009,7.75705270357604,8.02807107192034,7.18655450613155,7.15747174757282,7.64146948356807,7.77550328503622,221
"215",2020,4,7.65017886792453,212,7.80312223684211,7.26272233333333,7.1423335,7.68463782608696,7.64598544973545,152,60,20,23,189,14138,9593,4545,1771,1940,12198,7.75545012519451,8.02450678307099,7.1875600220022,7.15730079051384,7.64198127319588,7.77349649122807,222
"216",2020,5,7.74885321100917,218,7.92612903225806,7.31269841269841,7.136,7.8,7.74252577319588,155,63,25,24,194,14356,9748,4608,1796,1964,12392,7.75534994915018,8.02294250820681,7.1892708984375,7.15700428730512,7.64391225560081,7.7730116365397,223
"217",2020,6,7.75902631578947,190,8.10082644628099,7.15963768115942,7.30384615384615,8.06,7.73322857142857,121,69,26,15,175,14546,9869,4677,1822,1979,12567,7.75539796988863,8.02389741311176,7.18883371819542,7.15909972557629,7.64706602829712,7.77245764303334,224
"218",2020,7,7.54308108108108,185,7.788125,7.16712328767123,7.08260869565217,7.16666666666667,7.56919075144509,112,73,23,12,173,14731,9981,4750,1845,1991,12740,7.75273157762542,8.02125173529706,7.18850006315789,7.15814617886179,7.6441706027122,7.76969742543171,225
"219",2020,8,7.77464017045455,176,8.09530558333333,7.0875,7.38333333333333,8.45909090909091,7.67686149350649,120,56,18,22,154,14907,10101,4806,1863,2013,12894,7.75299024216811,8.02213149589149,7.18732320016646,7.16032190016103,7.6530768355688,7.7685886357996,226
"220",2020,9,7.52497076023392,171,7.95938053097345,6.67862068965517,6.86315789473684,7.51666666666667,7.52673758865248,113,58,19,30,141,15078,10214,4864,1882,2043,13035,7.75040426714418,8.02143726649696,7.18125725740131,7.15732183846971,7.65107374938815,7.76597252550825,227
"221",2020,10,7.57838139423077,208,7.88724308270677,7.03066666666667,6.76086956521739,7.1708,7.63406191256831,133,75,23,25,183,15286,10347,4939,1905,2068,13218,7.74806351367264,8.01971233884217,7.17897050010123,7.15253527559055,7.64526773210832,7.76414625510667,228
"222",2020,11,7.55395161290323,248,7.78676829268293,7.09940476190476,7.17333333333333,7.472,7.56313901345291,164,84,30,25,223,15534,10511,5023,1935,2093,13441,7.7449645210506,8.01607778232328,7.17763991638463,7.15285772609819,7.64319812231247,7.76081133844208,229
"223",2020,12,7.38383913793103,232,7.55162794520548,7.09898837209302,7.15967741935484,7.17492,7.4090709178744,146,86,31,25,207,15766,10657,5109,1966,2118,13648,7.73965048522136,8.00971485877826,7.17631597181444,7.15296525940997,7.63767076015109,7.75547647127784,230
"224",2021,1,7.57692448844884,303,7.83882888888889,7.08304761904762,6.58444444444444,7.35151515151515,7.60447451851852,198,105,45,33,270,16069,10855,5214,2011,2151,13918,7.73658209409422,8.00659782312298,7.17443772535481,7.1402435106912,7.63328064621106,7.7525471332088,231
"225",2021,2,7.63816426086956,230,7.7918846835443,7.30083333333333,7.21111111111111,7.30714285714286,7.68404841584158,158,72,27,28,202,16299,11013,5286,2038,2179,14120,7.73519329099945,8.00351740216108,7.17615934544079,7.14118238469087,7.62908979807251,7.75156719405099,232
"226",2021,3,7.46854166666667,192,7.93276923076923,6.49516129032258,6.63,7.78125,7.44011363636364,130,62,30,16,176,16491,11143,5348,2068,2195,14296,7.73208874234431,8.00269201741003,7.16826445400149,7.1337667794971,7.63019893849658,7.7477328469502,233
"227",2021,4,7.37937142857143,175,7.4387962962963,7.28358208955224,7.27142857142857,6.31578947368421,7.50891025641026,108,67,21,19,156,16666,11251,5415,2089,2214,14452,7.7283850624025,7.99727909963558,7.16969128347184,7.13515064624222,7.61891900180668,7.74515491143095,234
"228",2021,5,7.51404337278106,169,7.921011875,6.71438596491228,6.53130434782609,7.01666666666667,7.57333331125828,112,57,23,18,151,16835,11363,5472,2112,2232,14603,7.72623336976537,7.99652736777259,7.16494851973684,7.12857466856061,7.6140621281362,7.74337821748956,235
"229",2021,6,7.27448275862069,145,7.63241758241758,6.6712962962963,6.6875,7.42857142857143,7.25801526717557,91,54,28,14,131,16980,11454,5526,2140,2246,14734,7.72237566431096,7.99363458005936,7.16012455664133,7.12280359813084,7.61290590828139,7.73906285530067,236
"230",2021,7,7.34523664122137,131,7.7098875,6.77323529411765,6.46527777777778,7.12131578947368,7.38322321428571,80,51,18,19,112,17111,11534,5577,2158,2265,14846,7.71948832797616,7.99166650598231,7.15658656984041,7.11731913809083,7.60878219426048,7.7363783584804,237
"231",2021,8,7.50137195121951,164,7.75023148148148,7.02142857142857,6.72608695652174,7.11934782608696,7.56368794326241,108,56,23,23,141,17275,11642,5633,2181,2288,14987,7.71741764283647,7.98942677203229,7.15524290786437,7.11319335167355,7.60386218094405,7.73475366050577,238
"232",2021,9,7.41857142857143,175,7.78809523809524,6.86428571428571,6.37647058823529,8.13181818181818,7.31601307189542,105,70,17,22,153,17450,11747,5703,2198,2310,15140,7.71442061776504,7.98762717970545,7.15167162896721,7.10749531392175,7.60889033333333,7.73052200198151,239
"233",2021,10,7.41286666666667,150,7.66965909090909,7.04838709677419,6.63888888888889,7.32142857142857,7.42227941176471,88,62,18,14,136,17600,11835,5765,2216,2324,15276,7.71185055568182,7.98526290494296,7.15056084995663,7.10368894404332,7.60715863597246,7.7277777631579,240
"234",2021,11,7.54583783783784,185,7.80915254237288,7.08208955223881,6.45,7.16666666666667,7.59439024390244,118,67,24,21,164,17785,11953,5832,2240,2345,15440,7.710123687377,7.98352434367941,7.14977422839506,7.09668513392857,7.60321393176972,7.72636095272021,241
"235",2021,12,7.47075221238938,226,7.69930379746835,6.93970588235294,6.83076923076923,7.52727272727273,7.4646568627451,158,68,26,22,204,18011,12111,5900,2266,2367,15644,7.70712008106158,7.97981640492114,7.14735310169491,7.09363402471315,7.60250809885931,7.7229482939146,242
"236",2022,1,7.39116504854369,309,7.68397129186603,6.7792,6.56305555555556,7.140625,7.4201083032491,209,100,36,32,277,18320,12320,6000,2302,2399,15921,7.7017909268559,7.9747976038961,7.14121721666666,7.08533653344918,7.59634709045435,7.71767936122103,243
"237",2022,2,7.35432258064516,155,7.52696078431373,7.02207547169811,6.57611111111111,7.30333333333333,7.36231343283582,102,53,18,21,134,18475,12422,6053,2320,2420,16055,7.6988757661705,7.97112030912896,7.14017401288617,7.08138564655173,7.59380440909091,7.71471336717534,244
"238",2022,3,7.20013605442177,147,7.69218390804598,6.48666666666667,6.73076923076923,6.94235294117647,7.23384615384615,87,60,13,17,130,18622,12509,6113,2333,2437,16185,7.69493877027173,7.96918030857782,7.13375974153443,7.07943193313331,7.58926002051703,7.71085097991968,245
"239",2022,4,7.49282409722222,144,7.71458333333333,7.049305625,6.63333333333333,7.43181818181818,7.50382516393443,96,48,18,22,122,18766,12605,6161,2351,2459,16307,7.69338785303208,7.96724129155097,7.13310176432397,7.07601646108039,7.58785143147621,7.70930212669406,246
"240",2022,5,7.169125,160,7.50295238095238,6.53181818181818,6.19090909090909,7.19882352941177,7.16559440559441,105,55,22,17,143,18926,12710,6216,2373,2476,16450,7.68895574606362,7.96340570259638,7.12778152670527,7.06781066160978,7.58518039983845,7.70457567051672,247
"241",2022,6,7.44809934210526,152,7.68131313131313,7.01247358490566,6.45882352941176,6.36428571428571,7.55805144927536,99,53,17,14,138,19078,12809,6269,2390,2490,16588,7.68703677272251,7.96122542587243,7.12680667889615,7.0634789539749,7.57831593172691,7.70335669640704,248
"242",2022,7,7.32535714285714,140,7.5860824742268,6.73720930232558,6.8,7.4,7.32259259259259,97,43,15,5,135,19218,12906,6312,2405,2495,16723,7.68440199552503,7.95840589493258,7.12415257762991,7.06183563409564,7.57795858517034,7.70028289660946,249
"243",2022,8,7.34219696969697,132,7.54054945054945,6.9019512195122,6.97571428571429,7.10769230769231,7.36781512605042,91,41,14,13,119,19350,12997,6353,2419,2508,16842,7.68206757364341,7.95548022466723,7.12271856917991,7.0613372054568,7.57552100079745,7.69793378933618,250
