"","year","month","avg_rating","no_ratings","avg_rating_owned","avg_rating_not_owned","avg_rating_prev_owned","avg_rating_comment","avg_rating_no_comment","no_ratings_owned","no_ratings_not_owned","no_ratings_prev_owned","no_ratings_comment","no_ratings_no_comment","cum_no_ratings","cum_no_ratings_owned","cum_no_ratings_not_owned","cum_no_ratings_prev_owned","cum_no_ratings_comment","cum_no_ratings_no_comment","cum_avg_rating","cum_avg_rating_owned","cum_avg_rating_not_owned","cum_avg_rating_prev_owned","cum_avg_rating_comment","cum_avg_rating_no_comment","month_after_release"
"1",2006,10,7.41666666666667,6,8.75,6.75,9,7.75,6.75,2,4,1,4,2,6,2,4,1,4,2,7.41666666666667,8.75,6.75,9,7.75,6.75,0
"2",2006,11,7.70833333333333,12,8.71428571428571,6.3,NA,7.125,8,7,5,0,4,8,18,9,9,1,8,10,7.61111111111111,8.72222222222222,6.5,9,7.4375,7.75,1
"3",2006,12,8.48726114649681,157,8.8125,7.67777777777778,8.81818181818182,8.5375,8.47008547008547,112,45,11,40,117,175,121,54,12,48,127,8.39714285714286,8.80578512396694,7.48148148148148,8.83333333333333,8.35416666666667,8.41338582677165,2
"4",2007,1,8.0071875,160,8.45173913043478,6.87111111111111,8.11111111111111,7.87037037037037,8.07688679245283,115,45,9,54,106,335,236,99,21,102,233,8.21089552238806,8.63326271186441,7.2040404040404,8.52380952380952,8.09803921568627,8.26030042918455,3
"5",2007,2,8.15340141414141,99,8.57058823529412,7.23828193548387,8.42857142857143,7.8,8.29981057142857,68,31,7,29,70,434,304,130,28,131,303,8.19778050691244,8.61924342105263,7.21220569230769,8.5,8.03206106870229,8.26942818481848,4
"6",2007,3,8.21686746987952,83,8.35483870967742,7.80952380952381,8.8,8.26,8.19827586206897,62,21,5,25,58,517,366,151,33,156,361,8.2008447582205,8.57445355191257,7.29527642384106,8.54545454545454,8.06858974358974,8.25799650969529,5
"7",2007,4,7.99622564102564,78,8.45588235294118,7.12798518518519,7.33333333333333,7.548,8.20765283018868,51,27,6,25,53,595,417,178,39,181,414,8.1740207394958,8.55995203836931,7.26990078651685,8.35897435897436,7.99668508287293,8.25155154589372,6
"8",2007,5,8.14134615384615,104,8.46666666666667,7.3,7.78571428571429,7.69259259259259,8.2987012987013,75,29,7,27,77,699,492,207,46,208,491,8.16915928469242,8.54573170731707,7.27411758454106,8.27173913043478,7.95721153846154,8.25894570264766,7
"9",2007,6,7.799375,80,8.12053571428571,7.05,8.025,7.3125,8.06153846153846,56,24,8,28,52,779,548,231,54,236,543,8.13118400513479,8.50228102189781,7.25083264069264,8.23518518518519,7.88072033898305,8.24004114180479,8
"10",2007,7,7.55483870967742,93,8.05438596491228,6.76388888888889,8.28571428571429,7.49473684210526,7.59636363636364,57,36,7,38,55,872,605,267,61,274,598,8.06971598623853,8.4600826446281,7.18517730337079,8.24098360655738,7.8271897810219,8.18084003344481,9
"11",2007,8,7.87115384615385,78,8.41037735849057,6.728,8.3125,7.49189189189189,8.21341463414634,53,25,8,37,41,950,658,292,69,311,639,8.05341298947368,8.45607902735562,7.1460354109589,8.24927536231884,7.78729903536977,8.18293010954616,10
"12",2007,9,7.60789473684211,76,7.99152542372881,6.27647058823529,7.2,7.50666666666667,7.67391304347826,59,17,4,30,46,1026,717,309,73,341,685,8.0204116374269,8.41785216178522,7.09819527508091,8.19178082191781,7.76260997067449,8.14874794160584,11
"13",2007,10,7.6,100,8.20967741935484,6.60526315789474,7.22222222222222,7.8125,7.5,62,38,9,32,68,1126,779,347,82,373,753,7.98307490230906,8.4012836970475,7.04421423631124,8.08536585365854,7.76689008042895,8.09016247011952,12
"14",2007,11,7.60319090909091,110,7.92366216216216,6.94444444444444,7.75,7.84462162162162,7.48082191780822,74,36,6,37,73,1236,853,383,88,410,826,7.94926645631068,8.35984876905041,7.03483639686684,8.0625,7.77390487804878,8.03631033898305,13
"15",2007,12,7.62685185185185,108,8.01875,6.50714285714286,5.8,7.50434782608696,7.71774193548387,80,28,4,46,62,1344,933,411,92,456,888,7.92335813988095,8.33060128617363,6.99888647201946,7.96413043478261,7.74671271929825,8.01406795045045,14
"16",2008,1,7.68920863309352,139,7.98252427184466,6.85,7.33333333333333,7.49464285714286,7.82048192771084,103,36,6,56,83,1483,1036,447,98,512,971,7.90141155765341,8.29599517374517,6.98689561521253,7.92551020408163,7.719142578125,7.99752043254377,15
"17",2008,2,7.74920634920635,63,7.94565217391304,7.21764705882353,7.14285714285714,7.6304347826087,7.8175,46,17,7,23,40,1546,1082,464,105,535,1011,7.8952091461837,8.28110073937153,6.99534987068965,7.87333333333333,7.71532897196261,7.99039796241345,16
"18",2008,3,7.44935064935065,77,7.6962962962963,6.8695652173913,7.25,7.36896551724138,7.49791666666667,54,23,6,29,48,1623,1136,487,111,564,1059,7.87405627849661,8.25330193661972,6.98940932238193,7.83963963963964,7.6975195035461,7.96807586402266,17
"19",2008,4,7.61830985915493,71,8.00833333333333,6.80434782608696,8,7.42222222222222,7.73863636363636,48,23,7,27,44,1694,1184,510,118,591,1103,7.86333727272727,8.24337077702703,6.9810634117647,7.84915254237288,7.68494247038917,7.95892324569356,18
"20",2008,5,7.7,56,7.83333333333333,7.15454545454545,7.73333333333333,7.68823529411765,7.70512820512821,45,11,3,17,39,1750,1229,521,121,608,1142,7.85811048,8.2283572009764,6.98472618042226,7.84628099173554,7.68503453947368,7.95025598949212,19
"21",2008,6,7.64477611940299,67,7.99895833333333,6.75,6.3,7.352,7.81904761904762,48,19,5,25,42,1817,1277,540,126,633,1184,7.85024399559714,8.21973453406421,6.97646729629629,7.78492063492064,7.67188151658768,7.94560163851351,20
"22",2008,7,7.72666666666667,75,8.1530612244898,6.92307692307692,6.92307692307692,7.74137931034483,7.71739130434783,49,26,13,29,46,1892,1326,566,139,662,1230,7.84534531712474,8.21727073906486,6.97401473498233,7.70431654676259,7.67492598187311,7.93706694308943,21
"23",2008,8,7.42164948453608,97,7.73230769230769,6.790625,7.57272727272727,7.12619047619048,7.64727272727273,65,32,11,42,55,1989,1391,598,150,704,1285,7.82468242332831,8.19460891445004,6.96420123745819,7.69466666666667,7.64218892045454,7.92466329961089,22
"24",2008,9,7.47642857142857,70,7.76,7.19285714285714,6.88888888888889,7.28275862068966,7.61341463414634,35,35,18,29,41,2059,1426,633,168,733,1326,7.81284280718796,8.18394179523142,6.97684413902054,7.60833333333333,7.62796862210095,7.91503947209653,23
"25",2008,10,7.40294117647059,68,7.93142857142857,6.84242424242424,6.91428571428571,6.92916666666667,7.66136363636364,35,33,14,24,44,2127,1461,666,182,757,1370,7.79973828866949,8.17789253935661,6.97018369369369,7.55494505494505,7.60581373844121,7.9068922189781,24
"26",2008,11,7.55068493150685,73,7.69756097560976,7.3625,7.125,7.92666666666667,7.45344827586207,41,32,8,15,58,2200,1502,698,190,772,1428,7.79147424545455,8.16478095872171,6.98816954154728,7.53684210526316,7.61204792746114,7.8884750280112,25
"27",2008,12,7.42380952380952,84,7.74339622641509,6.87741935483871,6.3,6.97826086956522,7.59180327868852,53,31,14,23,61,2284,1555,729,204,795,1489,7.77795242556918,8.15041864951768,6.98346,7.45196078431373,7.59371194968553,7.87632124916051,26
"28",2009,1,7.57259615384615,104,7.90461538461538,7.01923076923077,7.365,7.34833333333333,7.66351351351351,65,39,20,30,74,2388,1620,768,224,825,1563,7.76900893634841,8.14055617283951,6.985276484375,7.44419642857143,7.58478909090909,7.86624589891235,27
"29",2009,2,7.26915584415584,154,7.78273809523809,6.65285714285714,7.2,7.19210526315789,7.29439655172414,84,70,22,38,116,2542,1704,838,246,863,1679,7.73872672698663,8.12291725352113,6.95750875894988,7.42235772357724,7.56749826187717,7.82673754615843,28
"30",2009,3,7.37307692307692,117,7.84609375,6.80188679245283,6.69565217391304,7.5625,7.3241935483871,64,53,23,24,93,2659,1768,891,269,887,1772,7.72263758555848,8.11289649321267,6.94825178451178,7.36022304832714,7.56736302142052,7.80036249435666,29
"31",2009,4,7.09625,120,7.49083333333333,6.70166666666667,6.40909090909091,6.83275862068966,7.18021978021978,60,60,22,29,91,2779,1828,951,291,916,1863,7.69558954300108,8.09247866520788,6.93269436382755,7.28831615120275,7.5441058951965,7.7700710359635,30
"32",2009,5,7.33023255813954,86,7.80888888888889,6.80487804878049,6.96666666666667,7.06785714285714,7.45689655172414,45,41,15,28,58,2865,1873,992,306,944,1921,7.68462245724258,8.08566524292579,6.92741163306452,7.27254901960784,7.52997987288135,7.76061548152004,31
"33",2009,6,7.3070652173913,92,8.11052631578947,6.74166666666667,6.6125,7.08653846153846,7.39393939393939,38,54,20,26,66,2957,1911,1046,326,970,1987,7.67287566452486,8.08615960230246,6.91782250478011,7.23205521472393,7.51809381443299,7.74843600402617,32
"34",2009,7,7.29382716049383,81,7.47111111111111,7.07222222222222,7.155,6.925,7.41475409836066,45,36,20,20,61,3038,1956,1082,346,990,2048,7.66276936800527,8.07200971370143,6.92295964879852,7.22760115606936,7.50611212121212,7.73849723632812,33
"35",2009,8,7.34489795918367,98,7.684375,6.70588235294118,7.07142857142857,7.21052631578947,7.37721518987342,64,34,7,19,79,3136,2020,1116,353,1009,2127,7.65283588647959,8.05972821782178,6.9163461827957,7.22450424929179,7.5005460852329,7.725078674189,34
"36",2009,9,7.35130769230769,130,7.8015625,6.91469696969697,6.75833333333333,7.38333333333333,7.3417,64,66,24,30,100,3266,2084,1182,377,1039,2227,7.64083384568279,8.05179990403071,6.91625409475465,7.1948275862069,7.49716169393647,7.70786364616075,35
"37",2009,10,7.33583333333333,120,7.73839285714286,6.98359375,7.13636363636364,7.08235294117647,7.43604651162791,56,64,22,34,86,3386,2140,1246,399,1073,2313,7.63002461311282,8.04359859813084,6.91971295345104,7.19160401002506,7.48401770736253,7.69775717250324,36
"38",2009,11,7.46916666666667,120,7.97818181818182,7.03846153846154,7.30645161290323,7.37241379310345,7.5,55,65,31,29,91,3506,2195,1311,430,1102,2404,7.62451892184826,8.04195945330296,6.92560056445461,7.19988372093023,7.48108076225045,7.69027135607321,37
"39",2009,12,7.44194915254237,118,7.8634328358209,6.88823529411765,6.99166666666667,7.29027777777778,7.50853658536585,67,51,24,36,82,3624,2262,1362,454,1138,2486,7.61857432119205,8.03667152961981,6.92420142437592,7.18887665198238,7.47504481546573,7.68427688656476,38
"40",2010,1,7.29461538461538,130,7.73943661971831,6.7593220338983,7.27272727272727,7.75757575757576,7.13711340206186,71,59,22,33,97,3754,2333,1421,476,1171,2583,7.60735571124134,8.02762580368624,6.91735562280084,7.19275210084034,7.48300683176772,7.66372912891986,39
"41",2010,2,7.24901960784314,102,7.67931034482759,6.68181818181818,6.71052631578947,7.36538461538461,7.20921052631579,58,44,19,26,76,3856,2391,1465,495,1197,2659,7.59787690352697,8.0191764951903,6.91028146075085,7.17424242424242,7.48045196324144,7.65073799924784,40
"42",2010,3,7.2821052631579,95,7.73888888888889,6.68048780487805,7,6.875,7.41971830985915,54,41,15,24,71,3951,2445,1506,510,1221,2730,7.5902843178942,8.01298609406953,6.90402545816733,7.16911764705882,7.46855118755119,7.64472979487179,41
"43",2010,4,7.39558823529412,68,8.03333333333333,6.53793103448276,6.575,7.20454545454545,7.48695652173913,39,29,12,22,46,4019,2484,1535,522,1243,2776,7.5869901318736,8.01330555555556,6.89710901628664,7.15545977011494,7.46387851971038,7.6421153962536,42
"44",2010,5,7.36878048780488,82,7.71255319148936,6.90714285714286,6.96666666666667,7,7.504,47,35,15,22,60,4101,2531,1570,537,1265,2836,7.58262700316996,8.00772066376926,6.89733270063694,7.15018621973929,7.45581106719368,7.63919334978843,43
"45",2010,6,7.49056603773585,53,7.75588235294118,7.01578947368421,6.42857142857143,7.17,7.56511627906977,34,19,7,10,43,4154,2565,1589,544,1275,2879,7.58145241694752,8.00438245614035,6.89874911264946,7.14090073529412,7.45356941176471,7.6380869538034,44
"46",2010,7,7.71409836065574,61,8.03117647058824,7.31481481481481,7.64285714285714,7.85294117647059,7.66045454545455,34,27,7,17,44,4215,2599,1616,551,1292,2923,7.58337208540925,8.00473297422086,6.90570070544554,7.147277676951,7.45882430340557,7.63842365378036,45
"47",2010,8,7.241875,80,7.669,6.53,6.45833333333333,6.72222222222222,7.39274193548387,50,30,12,18,62,4295,2649,1646,563,1310,2985,7.57701125494761,7.99839599849,6.89885318347509,7.13259325044405,7.44870305343511,7.63332071691792,46
"48",2010,9,7.31147540983607,61,7.934375,6.62413793103448,6.32857142857143,6.59615384615385,7.50520833333333,32,29,14,13,48,4356,2681,1675,577,1323,3033,7.57329277777778,7.99763185378591,6.89409691940298,7.1130849220104,7.44032577475435,7.6312932212331,47
"49",2010,10,7.35357142857143,56,7.85185185185185,6.88965517241379,7.16666666666667,7.63333333333333,7.25121951219512,27,29,15,15,41,4412,2708,1704,592,1338,3074,7.57050393019039,7.99617836041359,6.89402132629108,7.11444256756757,7.44248953662182,7.62622392322706,48
"50",2010,11,7.21215319148936,94,7.65188571428571,6.73333333333333,7.04166666666667,6.82142857142857,7.37791515151515,49,45,24,28,66,4506,2757,1749,616,1366,3140,7.56302834886818,7.99005926731955,6.88988698684963,7.11160714285714,7.42975915080527,7.62100469426751,49
"51",2010,12,7.29842105263158,95,7.62704918032787,6.70882352941176,6.65714285714286,7.1671875,7.36507936507936,61,34,14,32,63,4601,2818,1783,630,1398,3203,7.55756482069116,7.9822013484741,6.88643429052159,7.10150793650794,7.42374892703863,7.61597088354667,50
"52",2011,1,7.34795918367347,98,7.69322033898305,6.82564102564103,6.63684210526316,7.56666666666667,7.28831168831169,59,39,19,21,77,4699,2877,1822,649,1419,3280,7.553193390083,7.97627507820647,6.88513300768386,7.08790446841294,7.42586398872445,7.60827888414634,51
"53",2011,2,7.24946666666667,75,7.63727272727273,6.69903225806452,7.53636363636364,7.25,7.24934426229508,44,31,11,14,61,4774,2921,1853,660,1433,3341,7.54842181399246,7.97116857240672,6.88201961144091,7.09537878787879,7.4241458478716,7.60172545345705,52
"54",2011,3,7.34529411764706,85,7.83181818181818,6.82317073170732,6.73076923076923,7.3804347826087,7.33225806451613,44,41,13,23,62,4859,2965,1894,673,1456,3403,7.5448684379502,7.96910064080945,6.88074569165787,7.08833580980683,7.42345535714286,7.5968159682633,53
"55",2011,4,7.489,50,7.81206896551724,7.04285714285714,6.88571428571429,7.08235294117647,7.69848484848485,29,21,14,17,33,4909,2994,1915,687,1473,3436,7.54429939702587,7.96757962591851,6.8825234151436,7.08420669577875,7.41951866938221,7.59779241559953,54
"56",2011,5,7.18524590163934,61,7.58611111111111,6.608,7.15,7.45882352941176,7.07954545454545,36,25,8,17,44,4970,3030,1940,695,1490,3480,7.53989250301811,7.96304732673268,6.87898574226804,7.08496402877698,7.41996711409396,7.59123986781609,55
"57",2011,6,7.2125,56,7.58620689655172,6.81111111111111,6.77777777777778,7.09375,7.26,29,27,9,16,40,5026,3059,1967,704,1506,3520,7.53624467568643,7.95947479568487,6.87805406202339,7.08103693181818,7.41650132802125,7.58747577840909,56
"58",2011,7,7.11935483870968,62,7.72058823529412,6.38928571428571,5.77777777777778,6.60714285714286,7.26875,34,28,9,14,48,5088,3093,1995,713,1520,3568,7.53116465015723,7.95684881991594,6.87119415538847,7.06458625525947,7.40904671052632,7.58318798766816,57
"59",2011,8,7.26065573770492,61,7.47948717948718,6.87272727272727,6.80909090909091,7.05555555555556,7.29615384615385,39,22,11,9,52,5149,3132,2017,724,1529,3620,7.52795994173626,7.95090466155811,6.8712108775409,7.0607044198895,7.40696599084369,7.57906484530387,58
"60",2011,9,7.54649122807018,57,7.73939393939394,7.28125,7.27272727272727,7.36842105263158,7.63552631578947,33,24,11,19,38,5206,3165,2041,735,1548,3658,7.52816283903189,7.9486993364929,6.87603250367467,7.06387755102041,7.40649289405685,7.57965137780208,59
"61",2011,10,7.14181818181818,55,7.56969696969697,6.5,6.85714285714286,7.68181818181818,7.00681818181818,33,22,7,11,44,5261,3198,2063,742,1559,3702,7.52412388139137,7.94478843026892,6.87202246243335,7.06192722371968,7.40843553559974,7.57284298757428,60
"62",2011,11,7.14507042253521,71,7.5625,6.8025641025641,7.10714285714286,6.76666666666667,7.27358490566038,32,39,14,18,53,5332,3230,2102,756,1577,3755,7.51907647036759,7.94100105263158,6.87073374881066,7.06276455026455,7.40111033608117,7.56861910519308,61
"63",2011,12,7.47923076923077,65,7.66808510638298,6.98611111111111,6.8125,7.66666666666667,7.40744680851064,47,18,8,18,47,5397,3277,2120,764,1595,3802,7.51859657958125,7.93708678669515,6.87171336792453,7.06014397905759,7.40410721003135,7.56662670699632,62
"64",2012,1,7.0578313253012,83,7.30232558139535,6.795,6.72352941176471,7.28125,7.0044776119403,43,40,17,16,67,5480,3320,2160,781,1611,3869,7.51161783576643,7.92886548192771,6.87029275,7.05281690140845,7.40288702669149,7.55689189454639,63
"65",2012,2,7.24492753623188,69,7.81538461538462,6.50333333333333,6.97272727272727,7.78125,7.08301886792453,39,30,11,16,53,5549,3359,2190,792,1627,3922,7.50830162912237,7.92754790116106,6.8652659086758,7.05170454545454,7.40660786724032,7.55048820499745,64
"66",2012,3,7.18650793650794,63,7.49634146341463,6.60909090909091,6.73,7.25384615384615,7.169,41,22,10,13,50,5612,3400,2212,802,1640,3972,7.50468919101925,7.92234805882353,6.86271805605787,7.04769326683292,7.40539695121951,7.54568598690836,65
"67",2012,4,6.88775510204082,49,7.4375,6.36,6.15625,6.66666666666667,6.98529411764706,24,25,16,15,34,5661,3424,2237,818,1655,4006,7.49934918565625,7.9189495911215,6.85709983907018,7.03025672371638,7.39870151057402,7.54092979031453,66
"68",2012,5,7.73214285714286,56,7.8125,7.5875,7.8,7.81818181818182,7.71111111111111,36,20,5,11,45,5717,3460,2257,823,1666,4051,7.50162948049677,7.91784202312139,6.86357214887018,7.03493317132442,7.40147118847539,7.54282022710442,67
"69",2012,6,7.03611111111111,36,7.2625,6.855,6.85,6.9,7.075,16,20,10,8,28,5753,3476,2277,833,1674,4079,7.49871645054754,7.9148254890679,6.86349685551164,7.03271308523409,7.39907467144564,7.53960890904634,68
"70",2012,7,7.13232558139535,43,7.63448275862069,6.09214285714286,6,7.18461538461538,7.10966666666667,29,14,5,13,30,5796,3505,2291,838,1687,4109,7.49599822981367,7.91250596291013,6.85878321257093,7.02655131264916,7.39742205097807,7.53646988074957,69
"71",2012,8,7.24342105263158,38,7.55681818181818,6.8125,7.25,7.28571428571429,7.23387096774194,22,16,6,7,31,5834,3527,2307,844,1694,4140,7.49435305793624,7.91028732633967,6.85846221933247,7.02813981042654,7.39696044864227,7.53420404347826,70
"72",2012,9,7.046875,32,7.26315789473684,6.73076923076923,6.5,7.42857142857143,6.94,19,13,8,7,25,5866,3546,2320,852,1701,4165,7.49191199113536,7.90681990975748,6.85774669827586,7.02318075117371,7.39709053497942,7.53063739255702,71
"73",2012,10,7.40877192982456,57,7.45454545454545,7.34583333333333,7.48333333333333,7.53571428571429,7.36744186046512,33,24,12,14,43,5923,3579,2344,864,1715,4208,7.49111189262199,7.90264973456273,6.86274417235495,7.02957175925926,7.3982221574344,7.52896975760456,72
"74",2012,11,7.09130434782609,46,7.52142857142857,6.42222222222222,7.5,6.97142857142857,7.11282051282051,28,18,2,7,39,5969,3607,2362,866,1722,4247,7.48803078237561,7.89969043526477,6.85938710414903,7.03065819861432,7.39648722415795,7.52514827878503,73
"75",2012,12,7.44857142857143,70,7.74772727272727,6.94230769230769,6.64285714285714,7.30666666666667,7.48727272727273,44,26,14,15,55,6039,3651,2388,880,1737,4302,7.48757339625766,7.89785905231444,6.86028992462312,7.02448863636364,7.3957115716753,7.52466404927941,74
"76",2013,1,7.32222222222222,54,7.98,6.11052631578947,5.90909090909091,6.75,7.56315789473684,35,19,11,16,38,6093,3686,2407,891,1753,4340,7.48610795010668,7.89863901247966,6.85437155795596,7.01071829405163,7.38981802624073,7.5250010921659,75
"77",2013,2,7.18055555555556,36,7.86111111111111,6.5,6.42857142857143,6.27272727272727,7.58,18,18,7,11,25,6129,3704,2425,898,1764,4365,7.48431322238539,7.89845664146869,6.85174117113402,7.00618040089087,7.38285204081633,7.52531609163803,76
"78",2013,3,7.26293103448276,58,7.63333333333333,6.65681818181818,7.64583333333333,7.19444444444444,7.27551020408163,36,22,12,9,49,6187,3740,2447,910,1773,4414,7.48223787619202,7.89590465240642,6.84998869636289,7.01461538461538,7.3818956570784,7.52254298595378,77
"79",2013,4,7.47222222222222,36,7.97222222222222,6.97222222222222,6.92857142857143,8,7.3448275862069,18,18,7,7,29,6223,3758,2465,917,1780,4443,7.48217993572232,7.89627019691325,6.85088127383367,7.01395856052345,7.38432640449438,7.52138301598019,78
"80",2013,5,7.27,35,7.56315789473684,6.921875,7.08333333333333,7.96666666666667,7.02884615384615,19,16,9,9,26,6258,3777,2481,926,1789,4469,7.48099324704379,7.89459449298385,6.85133911326078,7.01463282937365,7.38725600894354,7.51851750727232,79
"81",2013,6,7.36842105263158,38,7.59615384615385,6.875,6.6875,7.71428571428571,7.29032258064516,26,12,8,7,31,6296,3803,2493,934,1796,4500,7.48031380876747,7.89255414146727,6.85145300441236,7.01183083511777,7.38853062360802,7.51694549777778,80
"82",2013,7,7.39795918367347,49,7.95555555555556,6.71363636363636,6.35714285714286,6.33333333333333,7.46739130434783,27,22,7,3,46,6345,3830,2515,941,1799,4546,7.47967781560284,7.89299827676241,6.85024745129225,7.00696068012752,7.38677098387993,7.51644406951166,81
"83",2013,8,7.21489361702128,47,7.61111111111111,6.68,6.66666666666667,7.4,7.13636363636364,27,20,3,14,33,6392,3857,2535,944,1813,4579,7.47773087296621,7.89102499351828,6.84890427613412,7.00587923728814,7.38687313844457,7.51370490063333,82
"84",2013,9,7.38636363636364,44,7.68,7,7.21428571428571,7.42857142857143,7.37837837837838,25,19,7,7,37,6436,3882,2554,951,1820,4616,7.47710623679304,7.88966599690881,6.85002832419734,7.00741324921136,7.38703351648352,7.51262017764298,83
"85",2013,10,7.29189189189189,37,7.82857142857143,6.5875,6.41666666666667,8.05,7.08275862068966,21,16,6,8,29,6473,3903,2570,957,1828,4645,7.47604754209795,7.88933727901614,6.84839390661479,7.00370950888192,7.38993490153173,7.50993643487621,84
"86",2013,11,7.36201818181818,55,7.71975,6.68421052631579,7.5,7.42307692307692,7.34311904761905,36,19,6,13,42,6528,3939,2589,963,1841,4687,7.47508681678922,7.88778735719726,6.84718900733874,7.00680166147456,7.39016892992939,7.50844159163644,85
"87",2013,12,7.43181818181818,44,7.84761904761905,7.05217391304348,7.20833333333333,7.16153846153846,7.54516129032258,21,23,12,13,31,6572,3960,2612,975,1854,4718,7.47479713024955,7.88757434343435,6.84899400459418,7.00928205128205,7.38856580366774,7.50868286138194,86
"88",2014,1,7.26666666666667,60,7.77777777777778,6.84848484848485,6.82142857142857,8.19230769230769,7.01063829787234,27,33,14,13,47,6632,3987,2645,989,1867,4765,7.47291416465622,7.88683080010033,6.84898765217391,7.00662285136501,7.39416229244778,7.50377035466947,87
"89",2014,2,7.0859649122807,57,7.07714285714286,7.1,6.72727272727273,6.65294117647059,7.27,35,22,11,17,40,6689,4022,2667,1000,1884,4805,7.46961679473763,7.87978478368971,6.85105824521935,7.00355,7.38747399150743,7.5018242955255,88
"90",2014,3,7.26666666666667,45,7.625,6.67647058823529,7.3,7.1125,7.35172413793103,28,17,10,16,29,6734,4050,2684,1010,1900,4834,7.46826057915058,7.87802330864198,6.8499524366617,7.00648514851485,7.38515842105263,7.50092381878362,89
"91",2014,4,6.65384615384615,26,7.33333333333333,6.07142857142857,6.9,5,6.95454545454545,12,14,5,4,22,6760,4062,2698,1015,1904,4856,7.46512821597634,7.8764141802068,6.84591265381764,7.005960591133,7.38014758403361,7.49844846375618,90
"92",2014,5,7.23928571428571,28,7.57058823529412,6.72727272727273,7.07142857142857,7.4375,7.16,17,11,7,8,20,6788,4079,2709,1022,1912,4876,7.46419663229228,7.87513959303751,6.84543091177556,7.00640900195695,7.38038755230125,7.49706024200164,91
"93",2014,6,7.512,25,7.94166666666667,7.11538461538461,6.85714285714286,7.125,7.69411764705882,12,13,7,8,17,6813,4091,2722,1029,1920,4893,7.46437204462058,7.87533473478368,6.84672018368847,7.00539358600583,7.3793234375,7.49774488861639,92
"94",2014,7,7.21212121212121,33,7.59375,6.85294117647059,6.4375,7.0625,7.26,16,17,8,8,25,6846,4107,2739,1037,1928,4918,7.46315611159802,7.87423774044315,6.84675879518072,7.001012536162,7.37800881742738,7.49653634404229,93
"95",2014,8,6.99411764705882,34,7.21875,6.79444444444444,6.92857142857143,6.125,7.11,16,18,7,4,30,6880,4123,2757,1044,1932,4948,7.46083818895349,7.87169400921659,6.84641724338049,7.00052681992337,7.37541459627329,7.49419275262733,94
"96",2014,9,7.27916666666667,24,8.05833333333333,6.5,7,8.25,7.085,12,12,3,4,20,6904,4135,2769,1047,1936,4968,7.46020665411356,7.87223564691657,6.84491597688696,7.0005253104107,7.37722159090909,7.49254543880838,95
"97",2014,10,7.49512195121951,41,7.18636363636364,7.85263157894737,7.51666666666667,7.6125,7.42,22,19,12,16,25,6945,4157,2788,1059,1952,4993,7.4604127775378,7.8686058215059,6.85178347919656,7.00637393767705,7.37915010245901,7.49218220308432,96
"98",2014,11,6.895625,32,7.35714285714286,6.01454545454545,6.6,7,6.88866666666667,21,11,5,2,30,6977,4178,2799,1064,1954,5023,7.4578223792461,7.86603504068933,6.84849315469811,7.00446428571428,7.37876202661208,7.48857769062314,97
"99",2014,12,7.26538461538462,26,7.6,6.875,7,7.07142857142857,7.33684210526316,14,12,4,7,19,7003,4192,2811,1068,1961,5042,7.45710791660717,7.8651465648855,6.84860631092138,7.00444756554307,7.37766496685364,7.488005898453,98
"100",2015,1,7.21388888888889,36,7.55909090909091,6.67142857142857,6.45,7.9,7.10322580645161,22,14,4,5,31,7039,4214,2825,1072,1966,5073,7.45586400625089,7.86354874228762,6.8477282619469,7.00237873134328,7.37899338758901,7.48565459097181,99
"101",2015,2,7.26764705882353,34,7.31578947368421,7.20666666666667,7.125,7.71428571428571,7.15185185185185,19,15,8,7,27,7073,4233,2840,1080,1973,5100,7.45495924501626,7.86109010158281,6.84962406338028,7.00328703703704,7.3801829700963,7.4838874,100
"102",2015,3,7.40416666666667,24,7.44375,7.325,7.25,7.375,7.41875,16,8,4,8,16,7097,4249,2848,1084,1981,5116,7.45478747921657,7.85951856907508,6.85095938904494,7.00419741697417,7.38016203937405,7.48368368647381,101
"103",2015,4,6.87692307692308,26,7.31666666666667,6.5,7,7.18181818181818,6.65333333333333,12,14,8,11,15,7123,4261,2862,1092,1992,5131,7.45267818896533,7.85798976766018,6.84924260656883,7.00416666666667,7.37906676706827,7.48125623465212,102
"104",2015,5,6.74814814814815,27,7.29375,5.95454545454545,6.5,7.9,6.48636363636364,16,11,4,5,22,7150,4277,2873,1096,1997,5153,7.45001772587413,7.85587898059388,6.84581703445875,7.00232664233577,7.38037105658488,7.47700868232098,103
"105",2015,6,6.52173913043478,23,7.80833333333333,5.11818181818182,5.3,7.66666666666667,6.35,12,11,5,3,20,7173,4289,2884,1101,2000,5173,7.44704122961105,7.85574595476801,6.83922757975035,6.99459582198002,7.3808005,7.47265140924029,104
"106",2015,7,6.73076923076923,26,7.16666666666667,6.5,6,6.42857142857143,6.84210526315789,9,17,9,7,19,7199,4298,2901,1110,2007,5192,7.44445433254619,7.85430302466264,6.83723968976215,6.98653153153153,7.3774793223717,7.47034394067797,105
"107",2015,8,7.16060606060606,33,7.78235294117647,6.5,6.4375,7.25,7.14074074074074,17,16,8,6,27,7232,4315,2917,1118,2013,5219,7.44315911780974,7.85401955967555,6.83538990058279,6.98260286225402,7.37709935419771,7.46863876987929,106
"108",2015,9,6.82954545454545,22,6.82692307692308,6.83333333333333,7.33333333333333,7.65,6.58823529411765,13,9,3,5,17,7254,4328,2926,1121,2018,5236,7.44129814447202,7.85093447319779,6.83538357484621,6.98354148082069,7.37777552031714,7.46578031703591,107
"109",2015,10,7.03576923076923,26,6.95541666666667,8,10,7.41666666666667,6.9215,24,2,1,6,20,7280,4352,2928,1122,2024,5256,7.43984982692308,7.84599595588236,6.83617907786885,6.98622994652406,7.37789081027668,7.46370923515982,108
"110",2015,11,7.05757575757576,33,7.275,6.85294117647059,6.875,6.83333333333333,7.10740740740741,16,17,8,6,27,7313,4368,2945,1130,2030,5283,7.43812481061124,7.8439043956044,6.83627583701189,6.9854424778761,7.37628128078818,7.46188827181526,109
"111",2015,12,7.49655172413793,29,7.64090909090909,7.04285714285714,7,7.3,7.54782608695652,22,7,2,6,23,7342,4390,2952,1132,2036,5306,7.43835558975756,7.84288710706151,6.83676569783198,6.98546819787986,7.37605648330059,7.46226078778741,110
"112",2016,1,7.1875,32,7.66666666666667,6.57142857142857,6.625,6.75,7.25,18,14,8,4,28,7374,4408,2966,1140,2040,5334,7.43726698399784,7.84216751361162,6.83551326365475,6.98293859649123,7.37482892156863,7.46114655793026,111
"113",2016,2,7.37878787878788,33,7.69444444444444,7,7.28571428571429,7.64285714285714,7.30769230769231,18,15,7,7,26,7407,4426,2981,1147,2047,5360,7.43700644525449,7.84156674197922,6.83634093928212,6.98478639930253,7.37574548119199,7.46040219029851,112
"114",2016,3,7.075,28,7.75,6.175,7.025,6.22,7.26086956521739,16,12,4,5,23,7435,4442,2993,1151,2052,5383,7.43564313920646,7.84123692030617,6.83368938857334,6.98492615117289,7.37292933723197,7.45954964517927,113
"115",2016,4,6.92,30,7.66666666666667,6.17333333333333,6.6,6.4375,7.09545454545455,15,15,5,8,22,7465,4457,3008,1156,2060,5405,7.43357089618219,7.84064940542966,6.83039638962766,6.98326124567474,7.36929660194175,7.45806766697502,114
"116",2016,5,7.425,20,8,6.72222222222222,7.33333333333333,6.5,7.52777777777778,11,9,3,2,18,7485,4468,3017,1159,2062,5423,7.43354799465598,7.84104171888989,6.83007369572423,6.98416738567731,7.36845344325897,7.45829904849714,115
"117",2016,6,6.83571428571429,28,7.26153846153846,6.46666666666667,7,5.9375,7.195,13,15,6,8,20,7513,4481,3032,1165,2070,5443,7.4313199440969,7.83936049988842,6.82827583773087,6.98424892703863,7.3629231884058,7.45733157082491,116
"118",2016,7,6.94864864864865,37,7.65789473684211,6.2,7,7.3125,6.84827586206897,19,18,3,8,29,7550,4500,3050,1168,2078,5472,7.42895453509934,7.83859431111112,6.82456798032787,6.98428938356164,7.36272906641001,7.45410375365497,117
"119",2016,8,6.83333333333333,36,7.01111111111111,6.65555555555556,6.58333333333333,6.77272727272727,6.86,18,18,6,11,25,7586,4518,3068,1174,2089,5497,7.42612796467177,7.83529756529438,6.82357638200782,6.9822402044293,7.35962230732408,7.45140180825905,118
"120",2016,9,6.78048780487805,41,7.15384615384615,6.13333333333333,6,6.57142857142857,6.82352941176471,26,15,6,7,34,7627,4544,3083,1180,2096,5531,7.42265723613479,7.83139841549296,6.82021807979241,6.97724576271187,7.35698998091603,7.44754216958959,119
"121",2016,10,7.13235294117647,34,7.80952380952381,6.03846153846154,5.78571428571429,6.2,7.29310344827586,21,13,7,5,29,7661,4565,3096,1187,2101,5560,7.42136884740896,7.83129778751369,6.81693551033592,6.97021903959562,7.35423655402189,7.44673664388489,120
"122",2016,11,7.16,25,7.58333333333333,6.76923076923077,6.66666666666667,6.875,7.21428571428571,12,13,3,4,21,7686,4577,3109,1190,2105,5581,7.42051870153526,7.83064767314835,6.81673603731103,6.96945378151261,7.35332589073634,7.44586198530729,121
"123",2016,12,7,30,7.46666666666667,6.53333333333333,6.83333333333333,7.875,6.68181818181818,15,15,6,8,22,7716,4592,3124,1196,2113,5603,7.41888371435978,7.8294587108014,6.81537526888604,6.96877090301003,7.35530099384761,7.44286199179011,122
"124",2017,1,6.69807692307692,52,7.14516129032258,6.03809523809524,6,6.13,6.83333333333333,31,21,7,10,42,7768,4623,3145,1203,2123,5645,7.41405854016478,7.82487008436081,6.81018516375199,6.96313383208645,7.34952943947244,7.43832696899912,123
"125",2017,2,7.14814814814815,27,7.2,7.08333333333333,7.22222222222222,7,7.15384615384615,15,12,9,1,26,7795,4638,3157,1212,2124,5671,7.41313749069917,7.82284915912031,6.81122342096927,6.96505775577558,7.34936487758945,7.43702270146359,124
"126",2017,3,7.05555555555556,27,7.02777777777778,7.11111111111111,6.33333333333333,6.75,7.08,18,9,3,2,25,7822,4656,3166,1215,2126,5696,7.41190318844286,7.81977542955327,6.81207591282375,6.96349794238683,7.34880103480715,7.4354557127809,125
"127",2017,4,7.54166666666667,36,8.21428571428571,6.6,6.6,6.9,7.64516129032258,21,15,10,5,31,7858,4677,3181,1225,2131,5727,7.4124976762535,7.82154680350652,6.81107586922351,6.9605306122449,7.34774800563116,7.43659083988127,126
"128",2017,5,6.6448275862069,29,7.285,5.22222222222222,5.8,6.875,6.608,20,9,5,4,25,7887,4697,3190,1230,2135,5752,7.40967500190187,7.81926216734086,6.80659321003135,6.95581300813008,7.34686229508196,7.43298952364395,127
"129",2017,6,6.78571428571429,21,7.2,6.65625,7.14285714285714,6,6.97058823529412,5,16,7,4,17,7908,4702,3206,1237,2139,5769,7.40801805007588,7.81860365801787,6.80584290081098,6.95687146321746,7.34434361851332,7.43162692667707,128
"130",2017,7,7.27129032258065,31,7.85785714285714,6.78823529411765,7,7,7.28033333333333,14,17,7,1,30,7939,4716,3223,1244,2140,5799,7.40748415921401,7.81872018659882,6.80575002792429,6.95711414790997,7.34418271028037,7.43084423866184,129
"131",2017,8,7.146,30,7.369,6.7,6.4,7.5,7.13379310344828,20,10,5,1,29,7969,4736,3233,1249,2141,5828,7.40649977914419,7.81682103040541,6.80542293226106,6.9548839071257,7.34425548808968,7.42936611873713,130
"132",2017,9,7.03125,32,7.38235294117647,6.63333333333333,6.375,7.1875,6.97916666666667,17,15,4,8,24,8001,4753,3248,1253,2149,5852,7.40499896762905,7.81526707342731,6.80462818349754,6.95303272146848,7.34367194043741,7.42751977785373,131
"133",2017,10,6.76904761904762,21,7.05416666666667,6.38888888888889,6.75,9.65,6.625,12,9,2,1,20,8022,4765,3257,1255,2150,5872,7.40333417352282,7.81335034627492,6.80347937979736,6.95270916334661,7.34474465116279,7.42478639986376,132
"134",2017,11,6.91829268292683,41,7.86136363636364,5.82631578947368,5.83636363636364,6.65,6.96428571428571,22,19,11,6,35,8063,4787,3276,1266,2156,5907,7.40086775889868,7.81357100480468,6.79781206959707,6.94300947867299,7.34281122448979,7.42205785339428,133
"135",2017,12,6.884,25,7.04545454545455,6.75714285714286,7.38333333333333,7.55,6.67368421052632,11,14,6,6,19,8088,4798,3290,1272,2162,5926,7.39927012116717,7.81181000416841,6.79763900911854,6.94508647798742,7.34338621646623,7.41965841039487,134
"136",2018,1,6.84354838709677,31,7.02941176470588,6.61785714285714,6.66666666666667,6.66666666666667,6.8625,17,14,6,3,28,8119,4815,3304,1278,2165,5954,7.39714826210125,7.80904764278297,6.79687722154964,6.94377934272301,7.34244849884526,7.41703824991602,135
"137",2018,2,7.23448275862069,29,7.575,6.81538461538462,6.62222222222222,6.22857142857143,7.55454545454545,16,13,9,7,22,8148,4831,3317,1287,2172,5976,7.39656931026019,7.80827249016767,6.79694975580344,6.94153069153069,7.33885865561694,7.41754446787149,136
"138",2018,3,6.9375,24,7.30769230769231,6.5,6,7,6.93181818181818,13,11,4,2,22,8172,4844,3328,1291,2174,5998,7.39522108908468,7.80692906688687,6.79596825120192,6.93861347792409,7.33854691812327,7.41576287762588,137
"139",2018,4,6.59375,16,7.0625,6.125,7.5,5.875,6.83333333333333,8,8,4,4,12,8188,4852,3336,1295,2178,6010,7.39365495114803,7.80570164880462,6.7943592146283,6.94034749034749,7.33585904499541,7.41459995673877,138
"140",2018,5,6.615,20,7.2,6.42,6.8,6.8,6.55333333333333,5,15,5,5,15,8208,4857,3351,1300,2183,6025,7.39175764376219,7.80507811406218,6.79268347955834,6.93980769230769,7.3346316994961,7.41245572448133,139
"141",2018,6,6.80952380952381,21,7.4,6.27272727272727,7,7.33333333333333,6.72222222222222,10,11,2,3,18,8229,4867,3362,1302,2186,6043,7.3902718118848,7.80424581877954,6.79098225461035,6.93990015360983,7.33462991765782,7.41039975839815,140
"142",2018,7,7.0875,20,7.525,6.65,6.33333333333333,8,6.98611111111111,10,10,3,2,18,8249,4877,3372,1305,2188,6061,7.38953773063402,7.80367324174698,6.79056415776987,6.93850574712644,7.33523811700183,7.40913970301931,141
"143",2018,8,6.84642857142857,28,6.89090909090909,6.81764705882353,7.23333333333333,6.8,6.85909090909091,11,17,6,6,22,8277,4888,3389,1311,2194,6083,7.38770046393621,7.80161914893617,6.79070001180289,6.93985507246377,7.3337743846855,7.40715037645899,142
"144",2018,9,7.13333333333333,15,7.44444444444444,6.66666666666667,7,7.3,7.05,9,6,2,5,10,8292,4897,3395,1313,2199,6093,7.38724032079113,7.80096271186441,6.79048080706922,6.93994668697639,7.33369758981355,7.40656421139012,143
"145",2018,10,7.265,20,7.25555555555556,7.27272727272727,6.875,6.75,7.32222222222222,9,11,4,2,18,8312,4906,3406,1317,2201,6111,7.38694619104909,7.79996216877293,6.79203826776277,6.93974943052392,7.33316719672876,7.40631578137785,144
"146",2018,11,6.7,19,7.04166666666667,6.11428571428571,6.5,9.5,6.54444444444444,12,7,2,1,18,8331,4918,3413,1319,2202,6129,7.38537951506422,7.79811191541277,6.79064820978611,6.9390826383624,7.33415122615804,7.40378458802415,145
"147",2018,12,6.77777777777778,18,7.09090909090909,6.28571428571429,6.33333333333333,6.3125,7.15,11,7,3,8,10,8349,4929,3420,1322,2210,6139,7.38406955803091,7.79653365794279,6.78961471929824,6.93770801815431,7.33045294117647,7.40337119074768,146
"148",2019,1,6.87272727272727,33,7.90555555555556,5.63333333333333,6,7.2,6.75,18,15,6,9,24,8382,4947,3435,1328,2219,6163,7.38205639942735,7.79693034162119,6.78456545560407,6.93347138554217,7.32992383956737,7.40082682784359,147
"149",2019,2,7.16666666666667,15,8.5,6.83333333333333,6.83333333333333,7,7.22727272727273,3,12,6,4,11,8397,4950,3447,1334,2223,6174,7.38167163748959,7.79735644444445,6.78473523063533,6.93302098950525,7.32933018443545,7.40051761256884,148
"150",2019,3,6.84157894736842,19,8.5,5.63545454545455,4,6,7.14214285714286,8,11,4,5,14,8416,4958,3458,1338,2228,6188,7.38045232176807,7.79849019766035,6.78107933487565,6.92425261584455,7.32634694793537,7.39993305429864,149
"151",2019,4,7.37894736842105,19,7.68333333333333,6.85714285714286,5.5,7.2,7.44285714285714,12,7,2,5,14,8435,4970,3465,1340,2233,6202,7.38044893183166,7.79821215291751,6.781232998557,6.92212686567164,7.32606403940887,7.40002994840374,150
"152",2019,5,6.67478260869565,23,6.795,6.4,5.75,6.625,6.68526315789474,16,7,2,4,19,8458,4986,3472,1342,2237,6221,7.37853,7.79499286000803,6.78046438364055,6.92038002980626,7.32481046043808,7.3978469281466,151
"153",2019,6,6.82222222222222,18,7.025,6.41666666666667,6.25,7.575,6.60714285714286,12,6,2,4,14,8476,4998,3478,1344,2241,6235,7.37734860075508,7.79314413765507,6.77983678550891,6.91938244047619,7.32525702811245,7.39607148997594,152
"154",2019,7,7.28235294117647,17,7.56,6.88571428571429,8,7,7.4,10,7,1,5,12,8493,5008,3485,1345,2246,6247,7.37715845284352,7.7926785942492,6.78004945193687,6.92018587360595,7.32453294746215,7.39607903633744,153
"155",2019,8,7.088,25,8.12857142857143,5.76363636363636,7,7.5,6.95789473684211,14,11,2,6,19,8518,5022,3496,1347,2252,6266,7.37630978398686,7.7936149741139,6.77685135583524,6.92030438010394,7.32500044404973,7.39475035748484,154
"156",2019,9,7.23461538461538,13,7.97142857142857,6.375,6.66666666666667,8.125,6.83888888888889,7,6,3,4,9,8531,5029,3502,1350,2256,6275,7.37609386238425,7.79386247762975,6.77616286122216,6.91974074074074,7.32641888297872,7.3939531059761,155
"157",2019,10,6.7,20,7,6.14285714285714,NA,6.66666666666667,6.70588235294118,13,7,0,3,17,8551,5042,3509,1350,2259,6292,7.37451254122325,7.79181562871877,6.7748994984326,6.91974074074074,7.32554271801682,7.39209404640814,156
"158",2019,11,7.275,20,7.75,6.5625,8.5,NA,7.275,12,8,1,0,20,8571,5054,3517,1351,2259,6312,7.37428033368336,7.79171634349031,6.77441636053455,6.92091043671355,7.32554271801682,7.39172302598226,157
"159",2019,12,7.41739130434783,23,7.64444444444444,6.6,7,7.85,7.26470588235294,18,5,1,6,17,8594,5072,3522,1352,2265,6329,7.37439571096114,7.79119369085174,6.77416875070982,6.92096893491124,7.32693200883002,7.39138185179333,158
"160",2020,1,7.26086956521739,23,7.76923076923077,6.6,6.33333333333333,7.75,7.15789473684211,13,10,3,4,19,8617,5085,3532,1355,2269,6348,7.37409269351283,7.79113754178958,6.77367563420159,6.91966789667897,7.32767783164389,7.39068300882168,159
"161",2020,2,7.09814814814815,27,7.84333333333333,6.16666666666667,6.7,7.275,7.04761904761905,15,12,5,6,21,8644,5100,3544,1360,2275,6369,7.37323076584915,7.79129105882353,6.77162029909706,6.91886029411765,7.3275389010989,7.38955185115403,160
"162",2020,3,7.10769230769231,13,8.07142857142857,5.98333333333333,6.95,6.3,7.35,7,6,2,3,10,8657,5107,3550,1362,2278,6379,7.37283201339957,7.7916750342667,6.77028798309859,6.918906020558,7.32618568920105,7.38948984793855,161
"163",2020,4,6.64705882352941,17,7.25,5.2,6.5,7,6.6,12,5,2,2,15,8674,5119,3555,1364,2280,6394,7.37140958496657,7.79040523539754,6.76807942053446,6.91829178885631,7.32589956140351,7.38763774476072,162
"164",2020,5,7.36842105263158,19,7.5,7.08333333333333,6.5,7.6875,7.13636363636364,13,6,3,8,11,8693,5132,3561,1367,2288,6405,7.37140305303118,7.78966960249416,6.76861059814659,6.91737381126555,7.3271638986014,7.38720620452771,163
"165",2020,6,7.48076923076923,13,8.41666666666667,6.67857142857143,7,7.5,7.47727272727273,6,7,3,2,11,8706,5138,3568,1370,2290,6416,7.37156636113026,7.79040179058,6.76843395179372,6.91755474452555,7.32731484716157,7.38736062032419,164
"166",2020,7,7.1,18,7.19166666666667,6.91666666666667,6.83333333333333,6.75,7.2,12,6,3,4,14,8724,5150,3574,1373,2294,6430,7.37100604539203,7.78900667961166,6.76868280358142,6.9173707210488,7.32630819529206,7.38695268118196,165
"167",2020,8,7.33636363636364,11,8.0875,5.33333333333333,NA,10,7.07,8,3,0,1,10,8735,5158,3577,1373,2295,6440,7.37096242014883,7.78946963939512,6.76747898797875,6.9173707210488,7.32747320261438,7.38646051863354,166
"168",2020,9,6.66484848484849,33,7.097,6,6.125,7,6.64322580645161,20,13,4,2,31,8768,5178,3590,1377,2297,6471,7.36830482892336,7.78679497875628,6.76469981615599,6.91506899055919,7.32718807139747,7.3828999752743,167
"169",2020,10,7.76111111111111,18,8.7,6.82222222222222,6.33333333333333,8.125,7.715625,9,9,3,2,16,8786,5187,3599,1380,2299,6487,7.36910957659914,7.78837948717949,6.76484366212837,6.91380434782609,7.32788212266203,7.3837206320333,168
"170",2020,11,7.232,25,7.95333333333333,6.15,6.66666666666667,6.75,7.27391304347826,15,10,3,2,23,8811,5202,3609,1383,2301,6510,7.36872054704347,7.7888551326413,6.76314002216681,6.91326825741143,7.32737983485441,7.38333267895545,169
"171",2020,12,7.15909090909091,22,7.27272727272727,7.04545454545455,7,7,7.175,11,11,4,2,20,8833,5213,3620,1387,2303,6530,7.36819843088419,7.78776604642241,6.7639978839779,6.91351838500361,7.32709552757273,7.38269460030628,170
"172",2021,1,7.53,30,7.93611111111111,6.92083333333333,6.75833333333333,8.29285714285714,7.29782608695652,18,12,6,7,23,8863,5231,3632,1393,2310,6553,7.36874610628456,7.78827650544829,6.76451606277533,6.91284996410625,7.33002207792208,7.38239672516405,171
"173",2021,2,7.14375,16,7.44166666666667,6.25,5,8.66666666666667,6.79230769230769,12,4,2,3,13,8879,5243,3636,1395,2313,6566,7.36834066223674,7.78748319664315,6.76395003850385,6.91010752688172,7.33175572849114,7.38122840999086,172
"174",2021,3,7.365,20,7.93636363636364,6.66666666666667,7.5,7.625,7.3,11,9,4,4,16,8899,5254,3645,1399,2317,6582,7.368333154287,7.78779489912448,6.76370983264746,6.91179413867048,7.332261976694,7.38103095411729,173
"175",2021,4,6.83846153846154,13,7.41428571428571,6.16666666666667,6,NA,6.83846153846154,7,6,2,0,13,8912,5261,3651,1401,2317,6595,7.36756022666069,7.78729792815055,6.76272866064092,6.91049250535332,7.332261976694,7.37996144655042,174
"176",2021,5,7.02631578947368,19,7.41666666666667,6.35714285714286,NA,7.375,6.93333333333333,12,7,0,4,15,8931,5273,3658,1401,2321,6610,7.36683425596238,7.78645446614831,6.76195252597048,6.91049250535332,7.33233563119345,7.3789479183056,175
"177",2021,6,7.46333333333333,12,7.58,7.3,7,7.5,7.456,7,5,1,2,10,8943,5280,3663,1402,2323,6620,7.36696374147378,7.78618075757576,6.76268696150696,6.91055634807418,7.33247998278088,7.37906431117825,176
"178",2021,7,8.10416666666667,12,8.025,8.5,8.5,7.75,8.35714285714286,10,2,2,5,7,8955,5290,3665,1404,2328,6627,7.36795161809046,7.78663221172023,6.76363501773533,6.91282051282051,7.33337671821306,7.3800974407726,177
"179",2021,8,6.76923076923077,13,7.5,5.91666666666667,6.16666666666667,7,6.75,7,6,3,1,12,8968,5297,3671,1407,2329,6639,7.3670837132025,7.78625342646782,6.76225070552983,6.91122956645345,7.33323357664233,7.37895853893659,178
"180",2021,9,7.18947368421053,19,7.24166666666667,7.1,6,6.26666666666667,7.61538461538461,12,7,2,6,13,8987,5309,3678,1409,2335,6652,7.36670821631246,7.78502249011114,6.76289351277868,6.90993612491128,7.33049293361884,7.37942058628984,179
"181",2021,10,7.35714285714286,14,7.625,7,7.75,8.83333333333333,6.95454545454545,8,6,2,3,11,9001,5317,3684,1411,2338,6663,7.36669333851795,7.78478171901449,6.76327967969598,6.91112686038271,7.33242130025663,7.3787191565361,180
"182",2021,11,7.152,20,7.638,6.666,6.66666666666667,6.56,7.25647058823529,10,10,3,3,17,9021,5327,3694,1414,2341,6680,7.36621735284337,7.78450617608411,6.76301633459664,6.91060820367751,7.33143143955574,7.37840804491018,181
"183",2021,12,7.385,22,7.76466666666667,6.57142857142857,7.875,8.16666666666667,7.26157894736842,15,7,4,3,19,9043,5342,3701,1418,2344,6699,7.36626304766118,7.78445046798952,6.76265396919751,6.91332863187588,7.33250042662116,7.37807668905807,182
"184",2022,1,6.95125,40,7.4975,6.405,6.48571428571429,6.8,6.97285714285714,20,20,7,5,35,9083,5362,3721,1425,2349,6734,7.36443540019818,7.78338015665797,6.76073161515722,6.91122807017544,7.33136696466581,7.37597055836056,183
"185",2022,2,6.71578947368421,19,7.23636363636364,6,6,8,6.56470588235294,11,8,2,2,17,9102,5373,3729,1427,2351,6751,7.36308138211383,7.78226026428439,6.75909958165728,6.90995094604064,7.33193577201191,7.37392767589987,184
"186",2022,3,6.9375,12,8,6.40625,5.75,5,7.11363636363636,4,8,2,1,11,9114,5377,3737,1429,2352,6762,7.36252103796358,7.78242224288637,6.75834421728659,6.90832750174947,7.33094430272109,7.37350425022183,185
"187",2022,4,6.94210526315789,19,7.025,6.8,NA,7.6,6.70714285714286,12,7,0,5,14,9133,5389,3744,1429,2357,6776,7.36164641848243,7.7807356466877,6.75842209935897,6.90832750174947,7.33151506151888,7.37212747048406,186
"188",2022,5,6.14814814814815,27,7.35714285714286,4.84615384615385,6.66666666666667,6.33333333333333,6.125,14,13,3,3,24,9160,5403,3757,1432,2360,6800,7.35806951310044,7.77963805293356,6.75180525419217,6.90782122905028,7.33024618644068,7.36772584411765,187
"189",2022,6,6.98461538461538,13,7.75,6.64444444444444,6.43333333333333,7.65,6.86363636363636,4,9,3,2,11,9173,5407,3766,1435,2362,6811,7.35754025291617,7.77961612724247,6.75154868295273,6.90682926829268,7.33051693480101,7.36691172221407,188
"190",2022,7,7.73913043478261,23,7.93333333333333,7.375,7.2,9.5,7.57142857142857,15,8,5,2,21,9196,5422,3774,1440,2364,6832,7.35849464332319,7.78004138694209,6.75287025437202,6.90784722222222,7.33235236886633,7.36754036007026,189
"191",2022,8,7.1037037037037,27,7.39285714285714,6.79230769230769,6.575,7.5,7.05416666666667,14,13,4,3,24,9223,5436,3787,1444,2367,6856,7.35774875203297,7.7790442236939,6.75300563506733,6.90692520775623,7.33256485002112,7.36644336931156,190
