"","year","month","avg_rating","no_ratings","avg_rating_owned","avg_rating_not_owned","avg_rating_prev_owned","avg_rating_comment","avg_rating_no_comment","no_ratings_owned","no_ratings_not_owned","no_ratings_prev_owned","no_ratings_comment","no_ratings_no_comment","cum_no_ratings","cum_no_ratings_owned","cum_no_ratings_not_owned","cum_no_ratings_prev_owned","cum_no_ratings_comment","cum_no_ratings_no_comment","cum_avg_rating","cum_avg_rating_owned","cum_avg_rating_not_owned","cum_avg_rating_prev_owned","cum_avg_rating_comment","cum_avg_rating_no_comment","month_after_release"
"1",2006,11,6,1,NA,6,NA,6,NA,0,1,0,1,0,1,0,1,0,1,0,6,NA,6,NA,6,NA,-4
"2",2007,1,7.5,2,NA,7.5,NA,NA,7.5,0,2,0,0,2,3,0,3,0,1,2,7,NA,7,NA,6,7.5,-2
"3",2007,3,8.125,8,8,8.33333333333333,NA,8.16666666666667,8.1,5,3,0,3,5,11,5,6,0,4,7,7.81818181818182,8,7.66666666666667,NA,7.625,7.92857142857143,0
"4",2007,4,7.63916666666667,48,8.14545454545454,7.21076923076923,8.5,7.05666666666667,7.83333333333333,22,26,2,12,36,59,27,32,2,16,43,7.67254237288136,8.11851851851852,7.29625,8.5,7.19875,7.84883720930233,1
"5",2007,5,7.42127659574468,47,7.71153846153846,7.06190476190476,8,7.07142857142857,7.56969696969697,26,21,1,14,33,106,53,53,3,30,76,7.5611320754717,7.9188679245283,7.20339622641509,8.33333333333333,7.13933333333333,7.72763157894737,2
"6",2007,6,7.6,100,8.15277777777778,6.95108695652174,6,7.375,7.71590909090909,54,46,1,34,66,206,107,99,4,64,142,7.58,8.03691588785047,7.08616161616162,7.75,7.26453125,7.72218309859155,3
"7",2007,7,7.74770642201835,109,8.19827586206897,7.23529411764706,7.125,7.42619047619048,7.94925373134328,58,51,4,42,67,315,165,150,8,106,209,7.63803174603175,8.09363636363636,7.13686666666667,7.4375,7.32858490566038,7.79497607655502,4
"8",2007,8,7.71442307692308,104,8.06076923076923,7.13717948717949,7.75,7.7609756097561,7.68412698412698,65,39,2,41,63,419,230,189,10,147,272,7.65699284009546,8.08434782608696,7.13693121693122,7.5,7.44918367346939,7.76930147058824,5
"9",2007,9,7.71989247311828,93,8.05603448275862,7.16285714285714,6.75,7.66111111111111,7.75701754385965,58,35,6,36,57,512,288,224,16,183,329,7.66841796875,8.07864583333333,7.14098214285714,7.21875,7.49087431693989,7.76717325227964,6
"10",2007,10,7.59835164835165,91,8.16176470588235,6.88,6.9,7.3171875,7.75084745762712,51,40,1,32,59,603,339,264,17,215,388,7.65784411276949,8.09115044247788,7.10143939393939,7.2,7.46502325581395,7.76469072164948,7
"11",2007,11,7.68244680851064,94,7.985,7.14852941176471,7.5,7.75428571428571,7.63983050847458,60,34,3,35,59,697,399,298,20,250,447,7.66116212338594,8.07518796992481,7.10681208053691,7.245,7.50552,7.74821029082774,8
"12",2007,12,7.61989795918367,98,7.8921875,7.10735294117647,7.33333333333333,7.82638888888889,7.5,64,34,3,36,62,795,463,332,23,286,509,7.65607547169811,8.04989200863931,7.10686746987952,7.25652173913044,7.54590909090909,7.71797642436149,9
"13",2008,1,7.57849152542373,118,7.95015789473684,6.90595238095238,8.025,7.28957142857143,7.73815789473684,76,42,4,42,76,913,539,374,27,328,585,7.64604819277108,8.0358293135436,7.08430481283423,7.37037037037037,7.51308536585366,7.72059829059829,10
"14",2008,2,7.58125,80,8.034,6.82666666666667,7.66666666666667,7.55357142857143,7.59615384615385,50,30,3,28,52,993,589,404,30,356,637,7.64082779456193,8.0356740237691,7.06517326732673,7.4,7.51626966292135,7.71043956043956,11
"15",2008,3,7.65227272727273,88,8.11851851851852,6.91176470588235,7.0625,7.16666666666667,7.90344827586207,54,34,8,30,58,1081,643,438,38,386,695,7.64175948196115,8.04263141524106,7.05326484018265,7.32894736842105,7.48909844559585,7.72654676258993,12
"16",2008,4,7.50586419753086,81,7.74418604651163,7.23618421052632,7.9,7.23928571428571,7.64669811320755,43,38,5,28,53,1162,686,476,43,414,748,7.63228657487091,8.02392419825073,7.06786764705882,7.3953488372093,7.47220289855072,7.72088903743315,13
"17",2008,5,7.55857142857143,70,7.88571428571429,6.7952380952381,9.35,7.0625,7.81739130434783,49,21,2,24,46,1232,735,497,45,438,794,7.62809821428571,8.01471020408163,7.05634808853119,7.48222222222222,7.44975342465753,7.7264798488665,14
"18",2008,6,7.3295,62,7.86028125,6.76333333333333,5,7.6331052631579,7.1953488372093,32,30,1,19,43,1294,767,527,46,457,837,7.6137913446677,8.00826727509778,7.03966793168881,7.42826086956522,7.45737636761488,7.6991935483871,15
"19",2008,7,6.96678571428571,56,7.86633333333333,5.92884615384615,5.25,6.52777777777778,7.37551724137931,30,26,4,27,29,1350,797,553,50,484,866,7.58695259259259,8.00292471769134,6.98744122965642,7.254,7.40551859504132,7.6883545034642,16
"20",2008,8,7.45581395348837,86,7.89363636363636,6.67903225806452,7.16666666666667,7.33478260869565,7.5,55,31,3,23,63,1436,852,584,53,507,929,7.57909888579387,7.99586971830986,6.97107020547945,7.24905660377358,7.40230966469428,7.67558127018299,17
"21",2008,9,7.33849315068493,73,7.8047619047619,6.70677419354839,6.83333333333333,6.82833333333333,7.50545454545455,42,31,6,18,55,1509,894,615,59,525,984,7.5674592445328,7.98689149888143,6.95774796747968,7.20677966101695,7.38263047619048,7.66607215447154,18
"22",2008,10,7.46639344262295,61,7.59324324324324,7.27083333333333,7,7.45454545454545,7.469,37,24,8,11,50,1570,931,639,67,536,1034,7.56353248407643,7.9712470461869,6.96950704225352,7.18208955223881,7.38410634328358,7.65654255319149,19
"23",2008,11,7.22967032967033,91,7.80425531914894,6.61590909090909,6.5,7.15227272727273,7.25434782608696,47,44,7,22,69,1661,978,683,74,558,1103,7.54524142083082,7.96322188139059,6.94672767203514,7.11756756756757,7.37496594982079,7.63138259292838,20
"24",2008,12,7.44041095890411,73,7.89642857142857,6.82258064516129,6.55555555555556,7.22608695652174,7.539,42,31,9,23,50,1734,1020,714,83,581,1153,7.54082814302191,7.96047156862745,6.94133753501401,7.0566265060241,7.36907228915663,7.62737640936687,21
"25",2009,1,7.34891304347826,92,7.844,6.75952380952381,6.99230769230769,7.26206896551724,7.38888888888889,50,42,13,29,63,1826,1070,756,96,610,1216,7.53115881708653,7.95502897196262,6.93123677248677,7.04791666666667,7.36398524590164,7.61502055921053,22
"26",2009,2,7.32027972027972,143,7.83125,6.90632911392405,6.99166666666667,7.46607142857143,7.28478260869565,64,79,12,28,115,1969,1134,835,108,638,1331,7.51584357541899,7.94804320987654,6.92888023952096,7.04166666666667,7.36846551724138,7.58648760330578,23
"27",2009,3,7.35269784172662,139,7.83730769230769,6.92702702702703,6.85,7.23916666666667,7.38394495412844,65,74,18,30,109,2108,1199,909,126,668,1440,7.50508586337761,7.94204003336113,6.9287293729373,7.01428571428571,7.36265868263473,7.57115625,24
"28",2009,4,7.43663366336634,101,7.74893617021277,7.16481481481481,7.31818181818182,7.18125,7.48470588235294,47,54,11,16,85,2209,1246,963,137,684,1525,7.50195608872793,7.93475601926164,6.94196780893043,7.03868613138686,7.35841520467836,7.56633770491803,25
"29",2009,5,7.22355769230769,104,7.78095238095238,6.84596774193548,7.25384615384615,7.05909090909091,7.26768292682927,42,62,13,22,82,2313,1288,1025,150,706,1607,7.48943839169909,7.92974068322981,6.93616097560976,7.05733333333333,7.34908781869688,7.55109831985065,26
"30",2009,6,7.30815217391304,92,7.634375,6.95227272727273,7.75,7.48076923076923,7.27974683544304,48,44,4,13,79,2405,1336,1069,154,719,1686,7.48250353430353,7.91912874251497,6.93682413470533,7.07532467532467,7.35146870653686,7.5383837485172,27
"31",2009,7,7.45337078651685,89,8.05,6.81511627906977,7.175,7.77727272727273,7.34701492537313,46,43,10,22,67,2494,1382,1112,164,741,1753,7.48146391339214,7.92348480463097,6.9321178057554,7.08140243902439,7.36411066126856,7.53106959498004,28
"32",2009,8,7.20454545454545,77,7.62903225806452,6.91847826086957,7.20416666666667,7.63333333333333,7.1008064516129,31,46,12,15,62,2571,1413,1158,176,756,1815,7.47317036172695,7.91702476999292,6.93157599309154,7.08977272727273,7.36945238095238,7.51637190082645,29
"33",2009,9,7.3703488372093,86,8.01805555555556,6.904,6.73076923076923,6.95,7.49772727272727,36,50,13,20,66,2657,1449,1208,189,776,1881,7.46984230334964,7.91953485162181,6.93043460264901,7.06507936507936,7.35864175257732,7.51571770334928,30
"34",2009,10,7.19555555555556,90,7.75384615384615,6.76862745098039,6.96666666666667,7.05,7.22702702702703,39,51,9,16,74,2747,1488,1259,198,792,1955,7.46085584273753,7.91519220430107,6.9238800635425,7.06060606060606,7.35240656565657,7.50479028132992,31
"35",2009,11,7.33839285714286,112,7.78367346938775,6.99206349206349,7.15,7.5625,7.27727272727273,49,63,18,24,88,2859,1537,1322,216,816,2043,7.45605841203218,7.91099934938191,6.9271293494705,7.06805555555556,7.35858578431373,7.49499021047479,32
"36",2009,12,7.42244897959184,98,7.77380952380952,7.15892857142857,7.20588235294118,7.5,7.39295774647887,42,56,17,27,71,2957,1579,1378,233,843,2114,7.45494453838349,7.90735022165928,6.93654934687954,7.07811158798283,7.36311506524318,7.49156338694418,33
"37",2010,1,7.37661290322581,124,7.6425,7.12734375,6.73125,7.32121212121212,7.3967032967033,60,64,16,33,91,3081,1639,1442,249,876,2205,7.45179195066537,7.89765466748017,6.9450173370319,7.05582329317269,7.36153652968037,7.4876485260771,34
"38",2010,2,7.33135593220339,59,8.1925,6.88974358974359,8.5,7.6125,7.22674418604651,20,39,2,16,43,3140,1659,1481,251,892,2248,7.44952898089172,7.90120916214587,6.94356178257934,7.06733067729084,7.36603811659193,7.48265791814947,35
"39",2010,3,7.28452380952381,84,7.8578125,6.93173076923077,6.6625,6.97142857142857,7.38888888888889,32,52,8,21,63,3224,1691,1533,259,913,2311,7.44522983870968,7.90038793613247,6.94316046966732,7.05482625482625,7.35696166484118,7.48010168758113,36
"40",2010,4,7.48245614035088,57,7.87857142857143,7.1,8.25,7.58,7.46170212765957,28,29,2,10,47,3281,1719,1562,261,923,2358,7.44587656202377,7.9000325770797,6.94607234314981,7.0639846743295,7.3593781148429,7.47973494486853,37
"41",2010,5,7.37767857142857,56,8.01923076923077,6.82166666666667,6.81818181818182,7.765625,7.2225,26,30,11,16,40,3337,1745,1592,272,939,2398,7.44473209469583,7.90180859598854,6.94372801507538,7.05404411764706,7.36630031948882,7.47544412010008,38
"42",2010,6,7.13,50,7.83888888888889,6.73125,6.83333333333333,8.1375,6.93809523809524,18,32,6,8,42,3387,1763,1624,278,947,2440,7.44008591674048,7.90116619398752,6.93954125615764,7.04928057553957,7.37281520591341,7.46619467213115,39
"43",2010,7,7.21834285714286,63,7.73703703703704,6.82932222222222,7.375,7.62222222222222,7.05679111111111,27,36,4,18,45,3450,1790,1660,282,965,2485,7.43603669565217,7.8986905027933,6.93715096385542,7.05390070921986,7.37746735751295,7.45878092555332,40
"44",2010,8,7.36416666666667,60,7.68939393939394,6.96666666666667,7.4,7.79166666666667,7.25729166666667,33,27,5,12,48,3510,1823,1687,287,977,2533,7.43480814814815,7.89490181020296,6.93762335506817,7.05993031358885,7.38255475946776,7.45496273193841,41
"45",2010,9,7.43909090909091,55,7.73260869565217,7.228125,7.5,7.54615384615385,7.40595238095238,23,32,1,13,42,3565,1846,1719,288,990,2575,7.43487422159888,7.89287973997833,6.94303118091914,7.06145833333333,7.38470303030303,7.45416333980583,42
"46",2010,10,7.2078431372549,51,7.7,6.915625,6.9,7.31818181818182,7.1775,19,32,10,11,40,3616,1865,1751,298,1001,2615,7.43167217920354,7.89091474530831,6.94253032552827,7.05604026845638,7.38397202797203,7.4499313957935,43
"47",2010,11,7.32884615384615,78,7.56805555555556,7.12380952380952,7.5,7.625,7.24,36,42,5,18,60,3694,1901,1793,303,1019,2675,7.42950097455333,7.88480063124671,6.94677668711657,7.06336633663366,7.38822963689892,7.44522265420561,44
"48",2010,12,7.49284090909091,88,7.97840909090909,7.00727272727273,7.45,7.26346153846154,7.58903225806452,44,44,10,26,62,3782,1945,1837,313,1045,2737,7.43097477525119,7.88691825192802,6.94822569406641,7.07571884984026,7.38512535885168,7.44848030690537,45
"49",2011,1,7.20597826086957,92,7.98333333333333,6.70625,7,7.07631578947368,7.23972602739726,36,56,11,19,73,3874,1981,1893,324,1064,2810,7.42563154362416,7.88867036850076,6.94106740623349,7.07314814814815,7.37961090225564,7.44305715302491,46
"50",2011,2,7.4490243902439,82,7.7802380952381,7.10125,8.4,7.82368421052632,7.33603174603175,42,40,5,19,63,3956,2023,1933,329,1083,2873,7.42611643073812,7.88641917943648,6.94438210036213,7.09331306990882,7.38740166204986,7.44071026801253,47
"51",2011,3,7.41134328358209,67,7.73625,7.11428571428571,7.77272727272727,7.18,7.4519298245614,32,35,11,10,57,4023,2055,1968,340,1093,2930,7.42587039522744,7.88408077858881,6.9474037601626,7.11529411764706,7.38550411710888,7.44092853242321,48
"52",2011,4,7.18307692307692,65,7.87272727272727,6.471875,6.75,7.17222222222222,7.18723404255319,33,32,4,18,47,4088,2088,2000,344,1111,2977,7.42200993150685,7.88390134099617,6.9397953,7.11104651162791,7.38204860486049,7.43692327846826,49
"53",2011,5,7.19014084507042,71,7.75555555555556,6.60857142857143,7.08333333333333,7.65,7.09661016949153,36,35,6,12,59,4159,2124,2035,350,1123,3036,7.41805159894205,7.88172598870057,6.93409857493858,7.11057142857143,7.38491184327694,7.43030981554677,50
"54",2011,6,7.39776119402985,67,7.68194444444444,7.06774193548387,7.38333333333333,7.109375,7.48823529411765,36,31,6,16,51,4226,2160,2066,356,1139,3087,7.41772991008045,7.8783962962963,6.93610387221684,7.11516853932584,7.3810412642669,7.43126679624231,51
"55",2011,7,7.53615384615385,65,7.8448275862069,7.2875,7.14285714285714,7.2125,7.60943396226415,29,36,7,12,53,4291,2189,2102,363,1151,3140,7.41952379398742,7.87795157606213,6.94212207421503,7.11570247933884,7.37928410078193,7.43427407643312,52
"56",2011,8,7.06928571428571,70,7.69166666666667,6.6025,6.625,7.21666666666667,7.03879310344828,30,40,8,12,58,4361,2219,2142,371,1163,3198,7.41390199495528,7.87543307796305,6.93577992530346,7.10512129380054,7.37760619088564,7.42710150093809,53
"57",2011,9,7.355,70,7.83055555555556,6.85147058823529,7.00555555555556,7.3025,7.376,36,34,9,20,50,4431,2255,2176,380,1183,3248,7.41297147370797,7.87471662971175,6.93446259191177,7.10276315789474,7.37633643279797,7.42631483990148,54
"58",2011,10,7.27108695652174,92,7.60477272727273,6.96520833333333,6.72727272727273,6.764,7.41194444444444,44,48,11,20,72,4523,2299,2224,391,1203,3320,7.41008547424276,7.86955023923445,6.93512616906475,7.09219948849105,7.36615627597673,7.42600319277108,55
"59",2011,11,7.42142857142857,105,8.02962962962963,6.77745098039216,7.01818181818182,7.45357142857143,7.40974025974026,54,51,11,28,77,4628,2353,2275,402,1231,3397,7.41034282627485,7.87322396940077,6.93159147252747,7.09017412935323,7.3681445978879,7.4256345599058,56
"60",2011,12,7.3044776119403,67,7.59393939393939,7.02352941176471,7.09090909090909,7,7.39230769230769,33,34,11,15,52,4695,2386,2309,413,1246,3449,7.40883207667732,7.86936127409891,6.93294525768731,7.09019370460049,7.36371268057785,7.42513209625978,57
"61",2012,1,7.31909090909091,110,7.84736842105263,6.75094339622641,6.6,7.45,7.28255813953488,57,53,15,24,86,4805,2443,2362,428,1270,3535,7.40677764828304,7.86884813753582,6.92886138865368,7.07301401869159,7.36534330708661,7.42166353606789,58
"62",2012,2,7.28870967741936,62,7.93333333333333,6.79142857142857,7,7.66666666666667,7.198,27,35,7,12,50,4867,2470,2397,435,1282,3585,7.40527359769879,7.86955303643725,6.92685465164789,7.07183908045977,7.36816380655226,7.41854410041841,59
"63",2012,3,7.50149253731343,67,8,6.92258064516129,6.75,7.28333333333333,7.54909090909091,36,31,8,12,55,4934,2506,2428,443,1294,3640,7.40658017835428,7.87142697525938,6.92680008237232,7.06602708803612,7.3673771251932,7.42051664835165,60
"64",2012,4,7.64384615384615,65,7.84054054054054,7.38392857142857,7.66666666666667,7.62272727272727,7.64814814814815,37,28,3,11,54,4999,2543,2456,446,1305,3694,7.40966525305061,7.8709775855289,6.93201164495114,7.07006726457399,7.36952950191571,7.4238442338928,61
"65",2012,5,7.41785714285714,70,7.80857142857143,7.02714285714286,7.0375,7.18571428571429,7.44365079365079,35,35,8,7,63,5069,2578,2491,454,1312,3757,7.40977837837838,7.87013033359193,6.93334829385789,7.06949339207049,7.3685487804878,7.42417636412031,62
"66",2012,6,7.57101449275362,69,8.096875,7.11621621621622,6.6125,7.90714285714286,7.48545454545455,32,37,8,14,55,5138,2610,2528,462,1326,3812,7.41194367458155,7.87291034482758,6.93602476265823,7.06158008658009,7.37423529411765,7.42506049317943,63
"67",2012,7,7.23461538461538,65,7.60526315789474,6.71296296296296,7.14285714285714,7.425,7.17244897959184,38,27,7,16,49,5203,2648,2555,469,1342,3861,7.40972834902941,7.86906948640483,6.93366755381605,7.06279317697228,7.37484053651267,7.4218545972546,64
"68",2012,8,7.44426229508197,61,7.82222222222222,7.14411764705882,7.525,7.375,7.44912280701754,27,34,4,4,57,5264,2675,2589,473,1346,3918,7.41012853343465,7.86859663551402,6.93643128621089,7.06670190274842,7.37484101040119,7.42225130168453,65
"69",2012,9,7.26,65,7.71,6.87428571428571,6.57142857142857,7.27647058823529,7.25416666666667,30,35,7,17,48,5329,2705,2624,480,1363,3966,7.40829735410021,7.86683770794824,6.93560236280488,7.05947916666667,7.37361408657373,7.42021699445285,66
"70",2012,10,7.38727272727273,55,7.546875,7.16521739130435,7.13333333333333,7.46,7.37111111111111,32,23,6,10,45,5384,2737,2647,486,1373,4011,7.40808257800892,7.86309682133723,6.93759750661126,7.06039094650206,7.3742432629279,7.41966606831214,67
"71",2012,11,7.53218390804598,87,8.04285714285714,7.18846153846154,6.89230769230769,7.91666666666667,7.43188405797101,35,52,13,18,69,5471,2772,2699,499,1391,4080,7.41005604094316,7.86536652236652,6.94243075213042,7.0560120240481,7.38126240115025,7.41987269607843,68
"72",2012,12,7.185,90,7.91836734693878,6.30853658536585,6,7.16315789473684,7.19084507042253,49,41,12,19,71,5561,2821,2740,511,1410,4151,7.40641370257148,7.86628713222261,6.93294547445255,7.03121330724071,7.37832340425532,7.4159553360636,69
"73",2013,1,7.23098591549296,71,7.66774193548387,6.8925,7.27777777777778,7.25333333333333,7.225,31,40,9,15,56,5632,2852,2780,520,1425,4207,7.40420216619318,7.86412903225806,6.93236352517986,7.03548076923077,7.37700771929825,7.41341350130734,70
"74",2013,2,6.96724137931034,58,7.64,6.45757575757576,5.7,7.35,6.8875,25,33,5,10,48,5690,2877,2813,525,1435,4255,7.39974808435852,7.86218143899896,6.92679367223605,7.02276190476191,7.37681951219512,7.4074807520564,71
"75",2013,3,7.43764705882353,85,7.86666666666667,7.07391304347826,7.38181818181818,7.3625,7.45507246376812,39,46,11,16,69,5775,2916,2859,536,1451,4324,7.4003059047619,7.86224142661179,6.92916075550892,7.03013059701493,7.37666161268091,7.40824019426457,72
"76",2013,4,7.57313432835821,67,7.90357142857143,7.33589743589744,7.8,8,7.52333333333333,28,39,10,7,60,5842,2944,2898,546,1458,4384,7.40228801780212,7.86263451086956,6.93463443754313,7.04423076923077,7.37965432098765,7.40981537408759,73
"77",2013,5,7.38333333333333,69,7.58243243243243,7.153125,7.66666666666667,6.89375,7.44754098360656,37,32,9,8,61,5911,2981,2930,555,1466,4445,7.40206675689393,7.85915665883931,6.93702068259386,7.05432432432432,7.37700272851296,7.41033309336333,74
"78",2013,6,7.36707317073171,82,7.71666666666667,7,6.93333333333333,7.31764705882353,7.38,42,40,15,17,65,5993,3023,2970,570,1483,4510,7.40158795261138,7.85717697651339,6.93786888888889,7.05114035087719,7.37632231962239,7.40989592017738,75
"79",2013,7,7.46287671232877,73,7.73307692307692,7.15294117647059,7.28571428571429,7.59421052631579,7.41666666666667,39,34,7,19,54,6066,3062,3004,577,1502,4564,7.40232551928783,7.85559634225996,6.94030312916112,7.05398613518198,7.37907856191744,7.40997602979842,76
"80",2013,8,7.50775862068966,58,7.92142857142857,7.12166666666667,7.14285714285714,7.63636363636364,7.47765957446808,28,30,7,11,47,6124,3090,3034,584,1513,4611,7.40332406923579,7.8561928802589,6.94209644034278,7.05505136986301,7.38094910773298,7.4106659292995,77
"81",2013,9,7.02631578947368,57,7.51363636363636,6.72,6.75,6.87142857142857,7.048,22,35,8,7,50,6181,3112,3069,592,1520,4661,7.39984737097557,7.85377120822622,6.93956357119583,7.05092905405405,7.37860263157895,7.40677549881999,78
"82",2013,10,7.33707692307692,65,7.86166666666667,6.88742857142857,6.9,7.78,7.25654545454545,30,35,10,10,55,6246,3142,3104,602,1530,4716,7.39919414024976,7.85384659452578,6.93897570876289,7.0484219269103,7.38122614379085,7.40502345207803,79
"83",2013,11,7.14848484848485,66,7.74193548387097,6.62285714285714,6.90909090909091,7.5625,7.09137931034483,31,35,11,8,58,6312,3173,3139,613,1538,4774,7.39657265525982,7.85275323038134,6.93545097164702,7.04592169657423,7.38216905071521,7.4012129451194,80
"84",2013,12,7.55958904109589,73,7.87647058823529,7.28333333333333,7.30769230769231,7.84166666666667,7.50409836065574,34,39,13,12,61,6385,3207,3178,626,1550,4835,7.39843642913078,7.85300467726847,6.93972013845186,7.05135782747604,7.3857264516129,7.40251098241986,81
"85",2014,1,7.33578947368421,95,7.72173913043478,6.9734693877551,7.17857142857143,7.11764705882353,7.38333333333333,46,49,14,17,78,6480,3253,3227,640,1567,4913,7.39751799382716,7.85114847832769,6.94023259993802,7.054140625,7.38281812380345,7.40220651333198,82
"86",2014,2,7.26619718309859,71,7.65147058823529,6.91216216216216,7.27222222222222,7.55625,7.18181818181818,34,37,9,16,55,6551,3287,3264,649,1583,4968,7.39609473362845,7.84908305445695,6.93991439950981,7.05716486902928,7.38457106759318,7.39976662640902,83
"87",2014,3,7.47987012987013,77,7.87261904761905,7.00857142857143,7.4125,7.578125,7.45409836065574,42,35,8,16,61,6628,3329,3299,657,1599,5029,7.39706798430899,7.84937999399219,6.94064280084874,7.06149162861492,7.38650781738587,7.40042565122291,84
"88",2014,4,7.08133333333333,60,7.66944444444444,6.82928571428571,6.86071428571429,7.290625,7.00522727272727,18,42,14,16,44,6688,3347,3341,671,1615,5073,7.39423543660287,7.84841230953092,6.93924292128106,7.05730253353204,7.38555789473684,7.39699794993101,85
"89",2014,5,7.22821428571429,56,8.032,6.58,6.11111111111111,6.98076923076923,7.30302325581395,25,31,9,13,43,6744,3372,3372,680,1628,5116,7.39285685053381,7.8497734282325,6.93594027283511,7.04477941176471,7.38232555282555,7.39620809225958,86
"90",2014,6,7.46967213114754,61,7.86935483870968,7.05666666666667,6.92857142857143,7.92857142857143,7.33297872340426,31,30,7,14,47,6805,3403,3402,687,1642,5163,7.39354542248347,7.84995180722891,6.93700487948266,7.04359534206696,7.38698294762485,7.39563250048421,87
"91",2014,7,7.33837209302326,43,7.90909090909091,6.74047619047619,7.03571428571429,8.66666666666667,7.23875,22,21,7,3,40,6848,3425,3423,694,1645,5203,7.39319897780374,7.85033167883211,6.93579918200409,7.04351585014409,7.38931671732523,7.39442640784163,88
"92",2014,8,7.12604166666667,48,7.56,6.65434782608696,6.85,7.26666666666667,7.09358974358974,25,23,4,9,39,6896,3450,3446,698,1654,5242,7.39133941415313,7.84822782608695,6.93392066163668,7.04240687679083,7.38864933494559,7.39218821060664,89
"93",2014,9,7.36060606060606,66,8.03333333333333,6.8,6.86666666666667,7.26666666666667,7.38823529411765,30,36,15,15,51,6962,3480,3482,713,1669,5293,7.39104806090204,7.84982356321839,6.93253607122344,7.03870967741936,7.38755302576393,7.3921501228037,90
"94",2014,10,7.30238095238095,63,7.7203125,6.87096774193548,6.81818181818182,6.9375,7.35545454545455,32,31,11,8,55,7025,3512,3513,724,1677,5348,7.39025289679716,7.84864350797266,6.9319927697125,7.0353591160221,7.3854060822898,7.39177273747195,91
"95",2014,11,7.21144927536232,69,7.83653846153846,6.83348837209302,6.97272727272727,7.92857142857143,7.13048387096774,26,43,11,7,62,7094,3538,3556,735,1684,5410,7.38851375810544,7.84855455059355,6.93080163104612,7.03442176870748,7.38766389548694,7.38877829944547,92
"96",2014,12,7.41929824561404,57,7.54444444444444,7.2047619047619,7.11111111111111,7.11111111111111,7.47708333333333,36,21,9,9,48,7151,3574,3577,744,1693,5458,7.38875913858202,7.8454913262451,6.93241000838692,7.03534946236559,7.38619373892498,7.3895548919018,93
"97",2015,1,7.44373684210526,95,7.7921568627451,7.03988636363636,6.56366666666667,7.0547619047619,7.55412162162162,51,44,15,21,74,7246,3625,3621,759,1714,5532,7.38947993375656,7.84474096551724,6.933715990058,7.02602766798419,7.38213302217036,7.39175625451916,94
"98",2015,2,7.37272727272727,66,7.85,6.865625,7.20555555555556,6.85882352941176,7.55102040816327,34,32,9,17,49,7312,3659,3653,768,1731,5581,7.38932871991247,7.84478983328778,6.93311951820422,7.02813151041667,7.37699364529174,7.39315456011468,95
"99",2015,3,7.82727272727273,55,8.09464285714286,7.55,7.75555555555556,8.96428571428571,7.66145833333333,28,27,9,7,48,7367,3687,3680,777,1738,5629,7.39259828967015,7.84668727963113,6.93764554347826,7.03655727155727,7.38338665132336,7.39544245869604,96
"100",2015,4,7.13392857142857,56,7.436,6.89032258064516,7.52777777777778,7.18,7.12391304347826,25,31,9,10,46,7423,3712,3711,786,1748,5675,7.39064685437155,7.8439213362069,6.93725022904877,7.04218193384224,7.38222311212815,7.3932415154185,97
"101",2015,5,7.073890625,64,7.708,6.58069444444444,6.71875,7.22692307692308,7.03488235294118,28,36,8,13,51,7487,3740,3747,794,1761,5726,7.38793917456925,7.84290374331551,6.93382455297571,7.03892317380353,7.38107666098807,7.39004970310863,98
"102",2015,6,7.50769230769231,52,7.82592592592593,7.164,7.16666666666667,7.8,7.43809523809524,27,25,6,10,42,7539,3767,3772,800,1771,5768,7.38876516779414,7.84278205468542,6.93535010604454,7.03988125,7.3834421230943,7.39039954923717,99
"103",2015,7,7.52307692307692,52,8.02592592592593,6.98,6.52857142857143,7.94,7.42380952380952,27,25,7,10,42,7591,3794,3797,807,1781,5810,7.38968523251219,7.84408539799684,6.93564408743745,7.03544609665428,7.38656709713644,7.39064106712565,100
"104",2015,8,7.45625,72,7.88235294117647,7.075,6.95588235294118,6.98888888888889,7.52301587301587,34,38,17,9,63,7663,3828,3835,824,1790,5873,7.39031066162078,7.84442528735632,6.93702492829205,7.03380461165049,7.38456759776536,7.39206105908394,101
"105",2015,9,7.45185185185185,54,7.79047619047619,7.23636363636364,7.20833333333333,7.19090909090909,7.51860465116279,21,33,12,11,43,7717,3849,3868,836,1801,5916,7.39074129843203,7.8441309431021,6.93957874870734,7.03630980861244,7.38338478622987,7.392980831643,102
"106",2015,10,7.396171875,64,7.78465517241379,7.07428571428571,7.1,7.925,7.34146551724138,29,35,11,6,58,7781,3878,3903,847,1807,5974,7.39078596581416,7.84368617844249,6.94078672815783,7.03713695395514,7.38518317653569,7.39248068295949,103
"107",2015,11,7.511875,80,8.01176470588235,7.14239130434783,7.14333333333333,7.125,7.58014705882353,34,46,15,12,68,7861,3912,3949,862,1819,6042,7.39201826739601,7.84514698364008,6.9431351228159,7.0389849187935,7.38346673996701,7.39459278384641,104
"108",2015,12,7.37209677419355,62,7.9248,6.99864864864865,7.075,7.44166666666667,7.3554,25,37,16,12,50,7923,3937,3986,878,1831,6092,7.39186237536287,7.84565278130556,6.94365042649272,7.03964123006834,7.38384817039869,7.394271109652,105
"109",2016,1,7.30367088607595,79,7.69416666666667,6.97674418604651,6.72142857142857,6.995,7.40830508474576,36,43,14,20,59,8002,3973,4029,892,1851,6151,7.39099170207448,7.84428014095142,6.94400362372797,7.03464686098655,7.37964667747164,7.39440572264672,106
"110",2016,2,7.45431034482759,58,8.05192307692308,6.96875,7.375,7.48888888888889,7.44795918367347,26,32,12,9,49,8060,3999,4061,904,1860,6200,7.39144734491315,7.84563015753938,6.9441986210293,7.03916482300885,7.3801752688172,7.39482896774193,107
"111",2016,3,7.29508196721311,61,7.77083333333333,6.98648648648649,6.875,7.26666666666667,7.3,24,37,8,9,52,8121,4023,4098,912,1869,6252,7.39072350695727,7.84518394233159,6.94458042947779,7.03772478070175,7.37962867843767,7.3940402431222,108
"112",2016,4,7.10833333333333,66,7.53548387096774,6.73,6.91666666666667,7,7.11349206349206,31,35,9,3,63,8187,4054,4133,921,1872,6315,7.38844700134359,7.84281573754317,6.94276327123155,7.03654180238871,7.3790202991453,7.39124142517815,109
"113",2016,5,7.40086206896552,58,7.83076923076923,7.0515625,7.11666666666667,6.68888888888889,7.53163265306122,26,32,6,9,49,8245,4080,4165,927,1881,6364,7.38853433596119,7.84273897058823,6.94359918367347,7.03706040992449,7.37571823498139,7.39232237586424,110
"114",2016,6,7.08474576271186,59,7.72096774193548,6.38035714285714,6.28125,6.32222222222222,7.222,31,28,8,9,50,8304,4111,4193,935,1890,6414,7.38637591522158,7.84182072488445,6.93983796804197,7.0305935828877,7.37070158730159,7.39099463673215,111
"115",2016,7,7.452,50,8.09565217391304,6.9037037037037,7.18,7.25555555555556,7.49512195121951,23,27,5,9,41,8354,4134,4220,940,1899,6455,7.38676868565956,7.84323294629898,6.93960677725118,7.03138829787234,7.37015587151132,7.39165601859024,112
"116",2016,8,7.42327586206897,58,7.925,7.06911764705882,7.51875,7.535,7.4,24,34,8,10,48,8412,4158,4254,948,1909,6503,7.38702039942939,7.8437049062049,6.9406418899859,7.03550105485232,7.37101938187533,7.39171760725819,113
"117",2016,9,7.18,58,7.432,6.98909090909091,7.368,7.134,7.18958333333333,25,33,5,10,48,8470,4183,4287,953,1919,6551,7.3856027863046,7.84124432225675,6.94101483554933,7.03724554039874,7.36978426263679,7.39023654403908,114
"118",2016,10,7.13548387096774,62,7.50769230769231,6.86666666666667,6.78181818181818,6.85333333333333,7.22553191489362,26,36,11,15,47,8532,4209,4323,964,1934,6598,7.38378523206751,7.83918389166073,6.94039569743234,7.03433091286307,7.36577869700103,7.38906329190664,115
"119",2016,11,7.41929824561404,57,7.875,7.17297297297297,6.78571428571429,7.57777777777778,7.38958333333333,20,37,7,9,48,8589,4229,4360,971,1943,6646,7.38402091046688,7.83935327500591,6.94236940366972,7.0325386199794,7.36676067936181,7.38906704784833,116
"120",2016,12,7.10377358490566,53,7.68636363636364,6.69032258064516,6.62857142857143,7.17777777777778,7.08863636363636,22,31,7,9,44,8642,4251,4391,978,1952,6690,7.38230219856515,7.83856151493766,6.94058997950353,7.0296472392638,7.36588934426229,7.38709112107623,117
"121",2017,1,7.38888888888889,63,8.02916666666667,6.99487179487179,7.27142857142857,7.75,7.36440677966102,24,39,7,4,59,8705,4275,4430,985,1956,6749,7.38234986789202,7.83963157894737,6.94106785553047,7.0313654822335,7.36667484662576,7.38689281375018,118
"122",2017,2,7.23253968253968,63,7.6825,6.95564102564103,6.825,7.22727272727273,7.23365384615385,24,39,8,11,52,8768,4299,4469,993,1967,6801,7.38127344890511,7.83875436147941,6.94119503244574,7.0297029204431,7.3658952719878,7.38572115865314,119
"123",2017,3,7.19716666666667,60,7.42454545454545,6.91925925925926,6.08333333333333,7.65,7.14685185185185,33,27,6,6,54,8828,4332,4496,999,1973,6855,7.3800221567739,7.83559903047091,6.94106330071174,7.02401901901902,7.36675924987329,7.38383947483589,120
"124",2017,4,7.38032786885246,61,7.75192307692308,7.10428571428571,7.225,7.56153846153846,7.33125,26,35,10,13,48,8889,4358,4531,1009,1986,6903,7.38002425469682,7.83509981642955,6.94232412271022,7.02601090188305,7.36803423967774,7.38347379400261,121
"125",2017,5,7.24009090909091,55,7.70681818181818,6.92893939393939,6.92958333333333,7.385,7.20788888888889,22,33,12,10,45,8944,4380,4564,1021,1996,6948,7.37916375223614,7.83445547945205,6.94222734443471,7.02487757100881,7.36811923847695,7.38233658606793,122
"126",2017,6,7.49707792207792,77,7.94375,7.24183673469388,7.18571428571429,7.13333333333333,7.52781690140845,28,49,7,6,71,9021,4408,4613,1028,2002,7019,7.38017022503049,7.83514972776769,6.94540984175157,7.02597276264591,7.36741558441558,7.38380817780311,123
"127",2017,7,7.06932432432432,74,7.60464285714286,6.74347826086957,6.93333333333333,6.65,7.13484375,28,46,9,10,64,9095,4436,4659,1037,2012,7083,7.37764107751512,7.83369477006312,6.94341609787508,7.025168756027,7.36384990059642,7.38155860511083,124
"128",2017,8,7.286875,64,7.78533333333333,6.84705882352941,7.175,7.75733333333333,7.14285714285714,30,34,8,15,49,9159,4466,4693,1045,2027,7132,7.3770068348073,7.83336990595611,6.94271800554017,7.02631578947368,7.36676171682289,7.37991862030286,125
"129",2017,9,7.32358208955224,67,7.9712,6.93809523809524,7.10714285714286,6.65,7.44175438596491,25,42,14,10,57,9226,4491,4735,1059,2037,7189,7.3766188597442,7.83413716321532,6.94267700105597,7.02738432483475,7.36324300441826,7.38040890248991,126
"130",2017,10,7.399375,80,8.08676470588235,6.89130434782609,7.25454545454545,7.51666666666667,7.37867647058824,34,46,11,12,68,9306,4525,4781,1070,2049,7257,7.37681448527832,7.83603535911602,6.94218272327965,7.02971962616822,7.36414153245485,7.38039266914703,127
"131",2017,11,6.98526315789474,76,7.7296875,6.44386363636364,6.55666666666667,6.45625,7.0475,32,44,12,8,68,9382,4557,4825,1082,2057,7325,7.37364267746749,7.83528856703972,6.93763846632124,7.02447319778188,7.36061059795819,7.37730233447099,128
"132",2017,12,7.37460526315789,76,7.74921052631579,7,7.3,7.375,7.37455882352941,38,38,5,8,68,9458,4595,4863,1087,2065,7393,7.37365041234934,7.83457671381937,6.93812576598807,7.02574057037718,7.36066634382566,7.37727709995942,129
"133",2018,1,6.97873563218391,87,7.28589743589744,6.72916666666667,6.42307692307692,6.5,7.04802631578947,39,48,13,11,76,9545,4634,4911,1100,2076,7469,7.37005087480356,7.82995899870522,6.93608340460191,7.01861818181818,7.35610597302505,7.37392684428973,130
"134",2018,2,7.32619047619048,63,7.446,7.24736842105263,7,7.9,7.21792452830189,25,38,9,10,53,9608,4659,4949,1109,2086,7522,7.3697632805995,7.82789869070616,6.93847355021216,7.01846708746618,7.35871332694151,7.37282765222016,131
"135",2018,3,7.25531325301205,83,7.55454545454545,7.05782,7.13636363636364,7.5625,7.22254666666667,33,50,11,8,75,9691,4692,4999,1120,2094,7597,7.36878305644413,7.82597612958227,6.93966725345069,7.019625,7.35949188156638,7.37134403053837,132
"136",2018,4,7.55087719298246,57,7.90909090909091,7.32571428571429,7.4625,7.57142857142857,7.548,22,35,8,7,50,9748,4714,5034,1128,2101,7647,7.36984782519491,7.82636402206194,6.94235133094954,7.02276595744681,7.36019800095193,7.37249909768537,133
"137",2018,5,7.29489795918367,49,7.512,7.06875,6.95,7.2,7.31341463414634,25,24,7,8,41,9797,4739,5058,1135,2109,7688,7.36947296111054,7.82470563410002,6.94295108738632,7.02231718061674,7.35959032716927,7.37218400104058,134
"138",2018,6,7.25910714285714,56,7.87772727272727,6.85882352941176,7.98,7.4425,7.20909090909091,22,34,5,12,44,9853,4761,5092,1140,2121,7732,7.36884569166751,7.82495064062172,6.94238935585232,7.02651754385965,7.36005940594059,7.37125589756855,135
"139",2018,7,7.16531111111111,45,7.48823529411765,6.96925,6.5125,7.06,7.1954,17,28,8,10,35,9898,4778,5120,1148,2131,7767,7.36792034754496,7.82375261615739,6.94253625,7.02293554006968,7.35865133740028,7.37046344792069,136
"140",2018,8,7.41186440677966,59,7.87894736842105,7.19,7.33333333333333,7.75,7.37358490566038,19,40,12,6,53,9957,4797,5160,1160,2137,7820,7.36818073716983,7.82397123202001,6.94445457364341,7.02614655172414,7.35975011698643,7.37048460358056,137
"141",2018,9,7.12132075471698,53,8.03125,6.72783783783784,6.875,7.3,7.06325,16,37,12,13,40,10010,4813,5197,1172,2150,7860,7.36687368631369,7.82466029503428,6.94291237252261,7.02459897610921,7.3593888372093,7.36892106870229,138
"142",2018,10,7.25767123287671,73,7.5348275862069,7.075,6.92,6.77272727272727,7.34370967741935,29,44,10,11,62,10083,4842,5241,1182,2161,7922,7.36608307051473,7.82292441140025,6.94402129364625,7.02371404399323,7.35640259139287,7.36872375662711,139
"143",2018,11,7.29338235294118,68,7.7551724137931,6.95,6.625,7.14166666666667,7.32589285714286,29,39,8,12,56,10151,4871,5280,1190,2173,7978,7.36559605950153,7.822521042907,6.94406545454546,7.02103361344538,7.35521675103543,7.3684231135623,140
"144",2018,12,7.3015,56,7.62413793103448,6.95496296296296,6.44444444444444,6.625,7.41425,29,27,9,8,48,10207,4900,5307,1199,2181,8026,7.36524440090134,7.82134693877551,6.94412089692859,7.01670558798999,7.35253828519028,7.36869718415151,141
"145",2019,1,7.21530864197531,81,7.75375,6.86367346938775,6.56666666666667,7.63846153846154,7.13441176470588,32,49,15,13,68,10288,4932,5356,1214,2194,8094,7.36406391912908,7.82090835360908,6.94338491411501,7.0111449752883,7.3542324521422,7.36672888559427,142
"146",2019,2,7.26507042253521,71,7.61914285714286,6.92083333333333,6.375,6.81888888888889,7.32983870967742,35,36,8,9,62,10359,4967,5392,1222,2203,8156,7.36338542330341,7.8194866116368,6.94323434718101,7.00698036006547,7.35204539264639,7.36644845512506,143
"147",2019,3,7.24876923076923,65,7.55653846153846,7.04358974358974,7.25,7.52222222222222,7.20482142857143,26,39,6,9,56,10424,4993,5431,1228,2212,8212,7.36267072141213,7.81811736431003,6.94395499907936,7.008167752443,7.35273779385172,7.36534627374574,144
"148",2019,4,7.33072289156626,83,7.56571428571429,7.159375,6.46875,7.34117647058823,7.3280303030303,35,48,8,17,66,10507,5028,5479,1236,2229,8278,7.36241834967165,7.81636038186158,6.94584223398431,7.00467637540453,7.35264961866308,7.3650487557381,145
"149",2019,5,7.02372881355932,59,7.77708333333333,6.50714285714286,6.77777777777778,7.35714285714286,6.97884615384615,24,35,9,7,52,10566,5052,5514,1245,2236,8330,7.36052712473973,7.8161737925574,6.94305759883932,7.00303614457831,7.35266368515206,7.36263788715486,146
"150",2019,6,7.15949152542373,59,7.68066666666667,6.98181818181818,6.58461538461538,7.16666666666667,7.15910714285714,15,44,13,3,56,10625,5067,5558,1258,2239,8386,7.35941078588235,7.81577264653641,6.94336444764304,6.99871224165342,7.35241447074587,7.36127875029812,147
"151",2019,7,7.30642857142857,42,7.485,7.14409090909091,6.88,6.96,7.35324324324324,20,22,4,5,37,10667,5087,5580,1262,2244,8423,7.35920217493203,7.81447218399843,6.94415584229391,6.99833597464342,7.35154010695187,7.36124345245162,148
"152",2019,8,7.40120879120879,91,7.5725,7.26686274509804,7.48181818181818,6.92727272727273,7.466375,40,51,11,11,80,10758,5127,5631,1273,2255,8503,7.35955750139431,7.81258435732397,6.9470786006038,7.0025137470542,7.34947050997783,7.36223257673762,149
"153",2019,9,7.29042253521127,71,7.75545454545455,7.08163265306122,6.875,7.16666666666667,7.30184615384615,22,49,8,6,65,10829,5149,5680,1281,2261,8568,7.3591042201496,7.81234026024471,6.94823936619718,7.00171740827478,7.34898540468819,7.36177446311858,150
"154",2019,10,7.10740740740741,54,7.6125,6.70333333333333,6.68,7.1875,7.09347826086957,24,30,5,8,46,10883,5173,5710,1286,2269,8614,7.35785533400717,7.8114131065146,6.94695264448336,7.000466562986,7.34841604230939,7.36034172277688,151
"155",2019,11,7.01833333333333,60,7.4,6.79736842105263,7,6.33333333333333,7.05438596491228,22,38,5,3,57,10943,5195,5748,1291,2272,8671,7.35599374942886,7.8096708373436,6.94596374391093,7.0004647560031,7.34707570422535,7.35833048091339,152
"156",2019,12,7.18811116666667,60,7.7792,6.76590485714286,6.44285714285714,7.25,7.18369053571429,25,35,7,4,56,11003,5220,5783,1298,2276,8727,7.35507827592475,7.80952490421456,6.94487398754972,6.99745762711864,7.34690509666081,7.35720983957832,153
"157",2020,1,7.16215625,96,7.58334210526316,6.88620689655172,6.29333333333333,7.23913333333333,7.1479012345679,38,58,15,15,81,11099,5258,5841,1313,2291,8808,7.35340961077574,7.80789026245721,6.94429143468584,6.98941355674029,7.34619947621126,7.35528499886467,154
"158",2020,2,7.248,65,7.75290322580645,6.78764705882353,7.06666666666667,6.88,7.31490909090909,31,34,6,10,55,11164,5289,5875,1319,2301,8863,7.35279588588319,7.80756797126111,6.94338489702128,6.98976497346474,7.34417340286832,7.35503444319079,155
"159",2020,3,7.10169491525424,59,7.345,6.97692307692308,7.33333333333333,8.22222222222222,6.9,20,39,3,9,50,11223,5309,5914,1322,2310,8913,7.35147583266506,7.80582539084573,6.94360606526886,6.99054462934947,7.34759437229437,7.35248179849658,156
"160",2020,4,7.12058823529412,51,7.34821428571429,6.84347826086957,6.15625,6.41666666666667,7.21444444444444,28,23,8,6,45,11274,5337,5937,1330,2316,8958,7.35043137040979,7.80342458309912,6.94321816910898,6.98552631578947,7.34518264248704,7.35178837575352,157
"161",2020,5,6.940625,64,7.59423076923077,6.49342105263158,5.80909090909091,6.39444444444444,7.03,26,38,11,9,55,11338,5363,5975,1341,2325,9013,7.34811812224378,7.80241040462428,6.94035753472803,6.97587621178225,7.3415023655914,7.34982472761567,158
"162",2020,6,7.02464285714286,56,7.61954545454545,6.63970588235294,6.21428571428571,6.5,7.065,22,34,7,4,52,11394,5385,6009,1348,2329,9065,7.34652828418466,7.80166332404828,6.93865639374272,6.97192136498516,7.3400571060541,7.34819087369002,159
"163",2020,7,7.33076923076923,52,7.58260869565217,7.13103448275862,7,6.94285714285714,7.39111111111111,23,29,5,7,45,11446,5408,6038,1353,2336,9110,7.34645668967325,7.80073169378698,6.93958036932759,6.9720251293422,7.33886686643835,7.34840288364435,160
"164",2020,8,7.57489361702128,47,7.7528,7.37272727272727,6.8,7.22222222222222,7.65842105263158,25,22,5,9,38,11493,5433,6060,1358,2345,9148,7.34739087009484,7.80051113565249,6.94115284983499,6.97139175257732,7.33841918976546,7.3496906722781,161
"165",2020,9,7.24807692307692,52,7.80434782608696,6.80689655172414,6.21666666666667,7.06666666666667,7.27173913043478,23,29,6,6,46,11545,5456,6089,1364,2351,9194,7.34694354872239,7.80052730938417,6.94051342913451,6.96807184750733,7.33772564866014,7.34930066021318,162
"166",2020,10,7.29205882352941,68,7.48428571428571,7.1575,7.1,7.66,7.26285714285714,28,40,5,5,63,11613,5484,6129,1369,2356,9257,7.34662217084302,7.79891265499635,6.94192955947137,6.96855368882396,7.33840959252971,7.34871235497462,163
"167",2020,11,7.02058823529412,68,7.59137931034483,6.59615384615385,6.09545454545455,7.09642857142857,7.00092592592593,29,39,11,14,54,11681,5513,6168,1380,2370,9311,7.34472419056587,7.79782096861963,6.9397432344358,6.96159420289855,7.33698016877637,7.34669533562453,164
"168",2020,12,7.37114285714286,70,7.87586206896552,7.01414634146342,7.00272727272727,7.62090909090909,7.32457627118644,29,41,11,11,59,11751,5542,6209,1391,2381,9370,7.34488156497319,7.7982293395886,6.94023454179417,6.96191948238677,7.33829189416211,7.34655605869797,165
"169",2021,1,7.10140845070423,71,7.69310344827586,6.69285714285714,6.65,6.95,7.12063492063492,29,42,10,8,63,11822,5571,6251,1401,2389,9433,7.34341932583319,7.79768210375157,6.93857243161094,6.95969307637402,7.33699162829636,7.34504720343475,166
"170",2021,2,6.97134328358209,67,7.73518518518518,6.45575,6.208125,7.00888888888889,6.96551724137931,27,40,16,9,58,11889,5598,6291,1417,2398,9491,7.34132250567751,7.79738067166845,6.93550250675569,6.9512067748765,7.33576021684737,7.34272787588242,167
"171",2021,3,7.04464285714286,56,7.73888888888889,6.71578947368421,6.1875,7.14285714285714,7.03061224489796,18,38,8,7,49,11945,5616,6329,1425,2405,9540,7.33993162578484,7.7971931980057,6.93418332595987,6.94691929824561,7.33519875259875,7.34112476624738,168
"172",2021,4,7.02045454545455,44,7.64,6.50416666666667,5.8,7.5,6.94473684210526,20,24,5,6,38,11989,5636,6353,1430,2411,9578,7.33875913504045,7.79663537970192,6.93255883362191,6.94290909090909,7.33560887598507,7.3395521267488,169
"173",2021,5,7.064,50,7.33333333333333,6.9125,6.5,7.5,7.00454545454545,18,32,5,6,44,12039,5654,6385,1435,2417,9622,7.33761801395464,7.79516041740361,6.93245830383712,6.94136585365853,7.33601696317749,7.33802019018915,170
"174",2021,6,6.83333333333333,39,7.68181818181818,6.5,5.825,10,6.75,11,28,4,1,38,12078,5665,6413,1439,2418,9660,7.3359896729591,7.79494033539276,6.93057013410261,6.93826268241834,7.33711869313482,7.33570706728779,171
"175",2021,7,6.99880952380952,42,7.48571428571429,6.51190476190476,5.1,7.275,6.93382352941176,21,21,5,8,34,12120,5686,6434,1444,2426,9694,7.33482122689769,7.79379827646852,6.92920364780852,6.93189750692521,7.33691384995878,7.33429753146276,172
"176",2021,8,7.17307692307692,52,7.552,6.82222222222222,6.07142857142857,7.8,7.12083333333333,25,27,7,4,48,12172,5711,6461,1451,2430,9742,7.33413023907328,7.79273980038522,6.92875658102461,6.92774638180565,7.33767613168724,7.33324576780949,173
"177",2021,9,7.39992431818182,44,7.3923335,7.40625,7.33333333333333,7.74444444444444,7.31133342857143,20,24,3,9,35,12216,5731,6485,1454,2439,9777,7.33436721840209,7.7913424655383,6.93052371164225,6.92858321870701,7.33917712177122,7.33316732535543,174
"178",2021,10,7.37619047619048,42,7.67222222222222,7.15416666666667,6.5,7.425,7.37105263157895,18,24,3,4,38,12258,5749,6509,1457,2443,9815,7.33451051884483,7.79096950252218,6.93134832846828,6.92770075497598,7.33931764224314,7.33331400305655,175
"179",2021,11,7.00775862068966,58,7.66944444444444,6.71,6.27777777777778,6.75833333333333,7.03653846153846,18,40,9,6,52,12316,5767,6549,1466,2449,9867,7.33297173920104,7.79059019767644,6.92999637654604,6.92371077762619,7.33789424254798,7.33174996858214,176
"180",2021,12,7.0684328358209,67,7.3954,6.87380952380952,6.21428571428571,6.81363636363636,7.11848214285714,25,42,7,11,56,12383,5792,6591,1473,2460,9923,7.33154041347008,7.78888443888122,6.92963833560916,6.92033944331296,7.33555,7.33054640128993,177
"181",2022,1,7.25063917525773,97,7.61904761904762,6.96930909090909,6.59090909090909,7.0625,7.26755056179775,42,55,11,8,89,12480,5834,6646,1484,2468,10012,7.33091161378205,7.78766175351389,6.92996663707493,6.91789757412399,7.33466491085899,7.32998641030763,178
"182",2022,2,7.21509433962264,53,7.15217391304348,7.26333333333333,6.91666666666667,7.5,7.20392156862745,23,30,6,2,51,12533,5857,6676,1490,2470,10063,7.33042184153834,7.78516624039611,6.93146468993409,6.91789261744966,7.3347987854251,7.32934750472026,179
"183",2022,3,7.02578947368421,57,7.39375,6.5548,6.66666666666667,7.01,7.028,32,25,3,7,50,12590,5889,6701,1493,2477,10113,7.32904264813344,7.78303933944643,6.93005943441278,6.91738780977897,7.33388090431974,7.32785760308514,180
"184",2022,4,7.17959183673469,49,7.29090909090909,7.08888888888889,6.88,7,7.2,22,27,5,5,44,12639,5911,6728,1498,2482,10157,7.32846324392752,7.78120769243783,6.93069682966706,6.91726301735647,7.33320829975826,7.3273037255095,181
"185",2022,5,7.08555555555556,45,7.36086956521739,6.79772727272727,7.5,7.22,7.06875,23,22,5,5,40,12684,5934,6750,1503,2487,10197,7.32760146168401,7.77957847489046,6.93026344740741,6.91920159680638,7.33298069963812,7.32628949102677,182
"186",2022,6,7.25519230769231,52,7.80909090909091,6.849,6.6,7.1,7.27170212765957,22,30,9,5,47,12736,5956,6780,1512,2492,10244,7.32730582129397,7.77968748656817,6.92990387463127,6.91730158730158,7.3325132423756,7.32603904139008,183
"187",2022,7,7.05055555555556,36,7.93444444444444,6.16666666666667,6.5,7.652,6.95354838709677,18,18,2,5,31,12772,5974,6798,1514,2497,10275,7.32652575477607,7.78015377803817,6.92788294645484,6.91675033025099,7.33315298358029,7.32491522530414,184
"188",2022,8,7.1816,50,7.3,7.09586206896552,7.35,7.046,7.19666666666667,21,29,2,5,45,12822,5995,6827,1516,2502,10320,7.32596060988925,7.7784718381985,6.92859649480006,6.91732189973615,7.33257913669065,7.32435600193799,185
