"","year","month","avg_rating","no_ratings","avg_rating_owned","avg_rating_not_owned","avg_rating_prev_owned","avg_rating_comment","avg_rating_no_comment","no_ratings_owned","no_ratings_not_owned","no_ratings_prev_owned","no_ratings_comment","no_ratings_no_comment","cum_no_ratings","cum_no_ratings_owned","cum_no_ratings_not_owned","cum_no_ratings_prev_owned","cum_no_ratings_comment","cum_no_ratings_no_comment","cum_avg_rating","cum_avg_rating_owned","cum_avg_rating_not_owned","cum_avg_rating_prev_owned","cum_avg_rating_comment","cum_avg_rating_no_comment","month_after_release"
"1",2001,6,6.66666666666667,6,6,8,7,NA,6.66666666666667,4,2,1,0,6,6,4,2,1,0,6,6.66666666666667,6,8,7,NA,6.66666666666667,0
"2",2001,8,6.16666666666667,6,6.5,5.5,NA,6.33333333333333,6,4,2,0,3,3,12,8,4,1,3,9,6.41666666666667,6.25,6.75,7,6.33333333333333,6.44444444444444,2
"3",2001,9,6.66666666666667,3,7,6,NA,NA,6.66666666666667,2,1,0,0,3,15,10,5,1,3,12,6.46666666666667,6.4,6.6,7,6.33333333333333,6.5,3
"4",2001,10,7,1,7,NA,NA,NA,7,1,0,0,0,1,16,11,5,1,3,13,6.5,6.45454545454545,6.6,7,6.33333333333333,6.53846153846154,4
"5",2001,11,6.25,4,6.25,NA,NA,7,6,4,0,0,1,3,20,15,5,1,4,16,6.45,6.4,6.6,7,6.5,6.4375,5
"6",2001,12,5.5,2,7,4,NA,4,7,1,1,0,1,1,22,16,6,1,5,17,6.36363636363636,6.4375,6.16666666666667,7,6,6.47058823529412,6
"7",2002,1,8.5,2,8.5,NA,NA,NA,8.5,2,0,0,0,2,24,18,6,1,5,19,6.54166666666667,6.66666666666667,6.16666666666667,7,6,6.68421052631579,7
"8",2002,2,7,6,6.75,7.5,8,7.5,6.75,4,2,1,2,4,30,22,8,2,7,23,6.63333333333333,6.68181818181818,6.5,7.5,6.42857142857143,6.69565217391304,8
"9",2002,3,5.66666666666667,3,5.66666666666667,NA,NA,4,6.5,3,0,0,1,2,33,25,8,2,8,25,6.54545454545455,6.56,6.5,7.5,6.125,6.68,9
"10",2002,4,7.66666666666667,3,7.5,8,NA,7.5,8,2,1,0,2,1,36,27,9,2,10,26,6.63888888888889,6.62962962962963,6.66666666666667,7.5,6.4,6.73076923076923,10
"11",2002,5,7,2,7,NA,NA,7,7,2,0,0,1,1,38,29,9,2,11,27,6.65789473684211,6.6551724137931,6.66666666666667,7.5,6.45454545454545,6.74074074074074,11
"12",2002,6,4.5,4,5.5,3.5,5,NA,4.5,2,2,1,0,4,42,31,11,3,11,31,6.45238095238095,6.58064516129032,6.09090909090909,6.66666666666667,6.45454545454545,6.45161290322581,12
"13",2002,7,6.11111111111111,9,6.375,4,NA,NA,6.11111111111111,8,1,0,0,9,51,39,12,3,11,40,6.3921568627451,6.53846153846154,5.91666666666667,6.66666666666667,6.45454545454545,6.375,13
"14",2002,8,7.11111111111111,9,7.14285714285714,7,NA,7.5,7,7,2,0,2,7,60,46,14,3,13,47,6.5,6.6304347826087,6.07142857142857,6.66666666666667,6.61538461538461,6.46808510638298,14
"15",2002,9,6.3,5,5.33333333333333,7.75,7,6.25,6.33333333333333,3,2,1,2,3,65,49,16,4,15,50,6.48461538461538,6.55102040816327,6.28125,6.75,6.56666666666667,6.46,15
"16",2002,10,6.75,4,6.75,NA,NA,8,6.33333333333333,4,0,0,1,3,69,53,16,4,16,53,6.5,6.56603773584906,6.28125,6.75,6.65625,6.45283018867925,16
"17",2002,11,6.6,5,6.6,NA,NA,NA,6.6,5,0,0,0,5,74,58,16,4,16,58,6.50675675675676,6.56896551724138,6.28125,6.75,6.65625,6.46551724137931,17
"18",2002,12,5,2,4,6,NA,NA,5,1,1,0,0,2,76,59,17,4,16,60,6.46710526315789,6.52542372881356,6.26470588235294,6.75,6.65625,6.41666666666667,18
"19",2003,1,6.5,4,6.66666666666667,6,6,6,6.66666666666667,3,1,1,1,3,80,62,18,5,17,63,6.46875,6.53225806451613,6.25,6.6,6.61764705882353,6.42857142857143,19
"20",2003,2,6.14285714285714,7,6.5,5.66666666666667,7,3,6.66666666666667,4,3,2,1,6,87,66,21,7,18,69,6.44252873563218,6.53030303030303,6.16666666666667,6.71428571428571,6.41666666666667,6.44927536231884,20
"21",2003,3,7.5,4,7.5,NA,NA,8.5,6.5,4,0,0,2,2,91,70,21,7,20,71,6.48901098901099,6.58571428571429,6.16666666666667,6.71428571428571,6.625,6.45070422535211,21
"22",2003,4,6.85714285714286,7,7.2,6,5,6,7.2,5,2,1,2,5,98,75,23,8,22,76,6.51530612244898,6.62666666666667,6.15217391304348,6.5,6.56818181818182,6.5,22
"23",2003,5,7.03333333333333,15,7.3125,6.71428571428571,8,7.16666666666667,6.94444444444444,8,7,2,6,9,113,83,30,10,28,85,6.58407079646018,6.69277108433735,6.28333333333333,6.8,6.69642857142857,6.54705882352941,23
"24",2003,6,6.63636363636364,11,6.2,7,7,6.5,6.66666666666667,5,6,1,2,9,124,88,36,11,30,94,6.58870967741935,6.66477272727273,6.40277777777778,6.81818181818182,6.68333333333333,6.55851063829787,24
"25",2003,7,6.26666666666667,30,6.88095238095238,4.83333333333333,NA,5.41666666666667,6.47916666666667,21,9,0,6,24,154,109,45,11,36,118,6.52597402597403,6.70642201834862,6.08888888888889,6.81818181818182,6.47222222222222,6.54237288135593,25
"26",2003,8,6.72727272727273,22,6.88235294117647,6.2,5,7.5,6.4375,17,5,1,6,16,176,126,50,12,42,134,6.55113636363636,6.73015873015873,6.1,6.66666666666667,6.61904761904762,6.52985074626866,26
"27",2003,9,6.40666666666667,15,7.01428571428571,5.875,7,7.01666666666667,6,7,8,1,6,9,191,133,58,13,48,143,6.53979057591623,6.74511278195489,6.06896551724138,6.69230769230769,6.66875,6.4965034965035,27
"28",2003,10,7.3875,8,7,8.03333333333333,NA,7.05,7.5,5,3,0,2,6,199,138,61,13,50,149,6.57386934673367,6.75434782608696,6.1655737704918,6.69230769230769,6.684,6.53691275167785,28
"29",2003,11,6.5,2,6.5,NA,NA,6,7,2,0,0,1,1,201,140,61,13,51,150,6.57313432835821,6.75071428571429,6.1655737704918,6.69230769230769,6.67058823529412,6.54,29
"30",2003,12,6.45833333333333,12,6.72222222222222,5.66666666666667,6.5,5.66666666666667,6.72222222222222,9,3,2,3,9,213,149,64,15,54,159,6.56666666666667,6.7489932885906,6.1421875,6.66666666666667,6.61481481481482,6.55031446540881,30
"31",2004,1,6.70588235294118,17,6.77777777777778,6.625,7.5,6.66666666666667,6.72727272727273,9,8,2,6,11,230,158,72,17,60,170,6.57695652173913,6.7506329113924,6.19583333333333,6.76470588235294,6.62,6.56176470588235,31
"32",2004,2,7,15,7.15384615384615,6,NA,6.66666666666667,7.08333333333333,13,2,0,3,12,245,171,74,17,63,182,6.60285714285714,6.7812865497076,6.19054054054054,6.76470588235294,6.62222222222222,6.59615384615385,32
"33",2004,3,7.28,15,7.27272727272727,7.3,NA,7.33333333333333,7.24444444444444,11,4,0,6,9,260,182,78,17,69,191,6.64192307692308,6.81098901098901,6.2474358974359,6.76470588235294,6.68405797101449,6.62670157068063,33
"34",2004,4,6.5,10,6.5,NA,NA,7,6.28571428571429,10,0,0,3,7,270,192,78,17,72,198,6.63666666666667,6.79479166666667,6.2474358974359,6.76470588235294,6.69722222222222,6.61464646464646,34
"35",2004,5,5.94444444444444,9,6.25,5.7,NA,5.5,6.16666666666667,4,5,0,3,6,279,196,83,17,75,204,6.61433691756272,6.78367346938775,6.2144578313253,6.76470588235294,6.64933333333333,6.60147058823529,35
"36",2004,6,6.54545454545455,11,6.8,4,NA,8,6.22222222222222,10,1,0,2,9,290,206,84,17,77,213,6.61172413793103,6.78446601941747,6.18809523809524,6.76470588235294,6.68441558441558,6.58544600938967,36
"37",2004,7,6.83333333333333,12,7.28571428571429,6.2,7,7,6.75,7,5,1,4,8,302,213,89,18,81,221,6.6205298013245,6.80093896713615,6.18876404494382,6.77777777777778,6.7,6.59140271493213,37
"38",2004,8,6.61111111111111,9,6.78571428571429,6,NA,7,6.5,7,2,0,2,7,311,220,91,18,83,228,6.62025723472669,6.80045454545454,6.18461538461538,6.77777777777778,6.70722891566265,6.58859649122807,38
"39",2004,9,6.95833333333333,12,7.0625,6.75,7,7,6.9375,8,4,2,4,8,323,228,95,20,87,236,6.6328173374613,6.80964912280702,6.20842105263158,6.8,6.72068965517241,6.60042372881356,39
"40",2004,10,6.416,25,6.7125,5.88888888888889,5.66666666666667,6.49090909090909,6.35714285714286,16,9,3,11,14,348,244,104,23,98,250,6.61724137931034,6.80327868852459,6.18076923076923,6.65217391304348,6.69489795918367,6.5868,40
"41",2004,11,6.71875,16,7.25,6.1875,6.33333333333333,6.64285714285714,6.77777777777778,8,8,3,7,9,364,252,112,26,105,259,6.6217032967033,6.81746031746032,6.18125,6.61538461538461,6.69142857142857,6.59343629343629,41
"42",2004,12,6.31818181818182,22,6.65625,5.41666666666667,5,6,6.58333333333333,16,6,1,10,12,386,268,118,27,115,271,6.60440414507772,6.80783582089552,6.14237288135593,6.55555555555556,6.63130434782609,6.5929889298893,42
"43",2005,1,6.47058823529412,17,6.75,5.8,NA,6,6.66666666666667,12,5,0,5,12,403,280,123,27,120,283,6.59875930521092,6.80535714285714,6.12845528455285,6.55555555555556,6.605,6.59611307420495,43
"44",2005,2,6.75,25,7.13235294117647,5.9375,NA,6.52083333333333,6.96153846153846,17,8,0,12,13,428,297,131,27,132,296,6.60759345794392,6.82407407407407,6.11679389312977,6.55555555555556,6.59734848484849,6.61216216216216,44
"45",2005,3,6.32352941176471,17,6.86363636363636,5.33333333333333,5.33333333333333,6.16666666666667,6.40909090909091,11,6,6,6,11,445,308,137,33,138,307,6.59674157303371,6.82548701298701,6.08248175182482,6.33333333333333,6.5786231884058,6.60488599348534,45
"46",2005,4,6.2,15,6.58333333333333,4.66666666666667,6,6.25,6.18181818181818,12,3,1,4,11,460,320,140,34,142,318,6.58380434782609,6.81640625,6.05214285714286,6.32352941176471,6.5693661971831,6.59025157232704,46
"47",2005,5,6.43529411764706,17,6.7,6.05714285714286,5,6.6,6.36666666666667,10,7,1,5,12,477,330,147,35,147,330,6.57851153039832,6.81287878787879,6.05238095238095,6.28571428571429,6.57040816326531,6.58212121212121,47
"48",2005,6,6.27368421052632,19,6.26666666666667,6.28571428571429,6,6.2,6.3,12,7,1,5,14,496,342,154,36,152,344,6.56683467741935,6.7937134502924,6.06298701298701,6.27777777777778,6.55822368421053,6.57063953488372,48
"49",2005,7,7.14285714285714,7,7.875,6.16666666666667,6,6.875,7.5,4,3,1,4,3,503,346,157,37,156,347,6.57485089463221,6.80621387283237,6.06496815286624,6.27027027027027,6.56634615384615,6.57867435158501,49
"50",2005,8,6.25,16,7.07142857142857,5.61111111111111,7,6.45,5.91666666666667,7,9,1,10,6,519,353,166,38,166,353,6.56483622350674,6.8114730878187,6.04036144578313,6.28947368421053,6.55933734939759,6.56742209631728,50
"51",2005,9,6.6,13,6.9125,6.1,7,6.92857142857143,6.21666666666667,8,5,2,7,6,532,361,171,40,173,359,6.5656954887218,6.81371191135734,6.04210526315789,6.325,6.5742774566474,6.56155988857939,51
"52",2005,10,6.31578947368421,19,6.625,5.78571428571429,4.25,6.88888888888889,5.8,12,7,2,9,10,551,373,178,42,182,369,6.5570780399274,6.80764075067024,6.03202247191011,6.22619047619048,6.58983516483516,6.54092140921409,52
"53",2005,11,5.64814814814815,27,6.13333333333333,5.04166666666667,4,6.27777777777778,5.33333333333333,15,12,3,9,18,578,388,190,45,191,387,6.51461937716263,6.78157216494845,5.96947368421053,6.07777777777778,6.57513089005236,6.48475452196382,53
"54",2005,12,6.125,16,6.45,5.58333333333333,6,6.3,6.04545454545455,10,6,1,5,11,594,398,196,46,196,398,6.50412457912458,6.77324120603015,5.95765306122449,6.07608695652174,6.56811224489796,6.47261306532663,54
"55",2006,1,6.40217391304348,23,6.703125,5.71428571428571,7,6.475,6.34615384615385,16,7,1,10,13,617,414,203,47,206,411,6.50032414910859,6.77053140096618,5.94926108374384,6.09574468085106,6.56359223300971,6.46861313868613,55
"56",2006,2,6.5,8,7.4,5,NA,6.66666666666667,6.4,5,3,0,3,5,625,419,206,47,209,416,6.50032,6.77804295942721,5.93543689320388,6.09574468085106,6.56507177033493,6.46778846153846,56
"57",2006,3,6.09523809523809,21,6.21428571428571,5.85714285714286,7,6.14285714285714,6.07142857142857,14,7,1,7,14,646,433,213,48,216,430,6.48715170278638,6.75981524249423,5.93286384976526,6.11458333333333,6.55138888888889,6.45488372093023,57
"58",2006,4,6.46666666666667,15,6.875,6,6.5,6.57142857142857,6.375,8,7,2,7,8,661,441,220,50,223,438,6.48668683812405,6.76190476190476,5.935,6.13,6.55201793721973,6.45342465753425,58
"59",2006,5,6.5,9,6.5625,6,6,7.16666666666667,6.16666666666667,8,1,1,3,6,670,449,221,51,226,444,6.48686567164179,6.75835189309577,5.93529411764706,6.12745098039216,6.56017699115044,6.44954954954955,59
"60",2006,6,6.79166666666667,12,7.07142857142857,6.4,NA,7.3,6.42857142857143,7,5,0,5,7,682,456,226,51,231,451,6.49222873900293,6.76315789473684,5.94557522123894,6.12745098039216,6.57619047619048,6.44922394678492,60
"61",2006,7,5.97058823529412,17,6.5,5.375,5.5,6.16666666666667,5.92857142857143,9,8,4,3,14,699,465,234,55,234,465,6.47954220314735,6.75806451612903,5.92606837606838,6.08181818181818,6.57094017094017,6.43354838709677,61
"62",2006,8,6.14166666666667,12,6.5875,5.25,6,6.675,5.875,8,4,1,4,8,711,473,238,56,238,473,6.47383966244726,6.75517970401691,5.91470588235294,6.08035714285714,6.57268907563025,6.42410147991543,62
"63",2006,9,6.51764705882353,17,6.52307692307692,6.5,6,6.475,6.55555555555556,13,4,2,8,9,728,486,242,58,246,482,6.47486263736264,6.74897119341564,5.92438016528926,6.07758620689655,6.56951219512195,6.42655601659751,63
"64",2006,10,6.82,20,7.49090909090909,6,6,7.41666666666667,6.56428571428571,11,9,1,6,14,748,497,251,59,252,496,6.48409090909091,6.76539235412475,5.92709163346614,6.07627118644068,6.58968253968254,6.4304435483871,64
"65",2006,11,5.99,10,5.5,6.31666666666667,5.9,5.975,6,4,6,1,4,6,758,501,257,60,256,502,6.47757255936675,6.75528942115769,5.93618677042802,6.07333333333333,6.580078125,6.42529880478088,65
"66",2006,12,6.625,24,6.91176470588235,5.92857142857143,7.125,7.14285714285714,6.41176470588235,17,7,4,7,17,782,518,264,64,263,519,6.48209718670077,6.76042471042471,5.93598484848485,6.1390625,6.59505703422053,6.42485549132948,66
"67",2007,1,6.15,20,6.59090909090909,5.61111111111111,NA,5.85714285714286,6.30769230769231,11,9,0,7,13,802,529,273,64,270,532,6.47381546134663,6.75689981096408,5.92527472527473,6.1390625,6.57592592592593,6.42199248120301,67
"68",2007,2,6.14548913043478,23,7.285,5.26894230769231,5.5,5.75,6.35641666666667,10,13,2,8,15,825,539,286,66,278,547,6.46466212121212,6.76669758812616,5.89544143356643,6.11969696969697,6.55215827338129,6.42019424131627,68
"69",2007,3,5.745,20,6.44,5.05,5,5.49,6,10,10,2,10,10,845,549,296,68,288,557,6.44762869822485,6.76074681238616,5.86687922297297,6.08676470588235,6.51527777777778,6.41265035906643,69
"70",2007,4,6.65789473684211,19,6.63636363636364,6.6875,7,6.58333333333333,6.69230769230769,11,8,2,6,13,864,560,304,70,294,570,6.45225260416666,6.75830357142857,5.88847450657895,6.11285714285714,6.51666666666667,6.41902850877193,70
"71",2007,5,6.85188888888889,18,6.864625,6.75,NA,6.72233333333333,6.91666666666667,16,2,0,6,12,882,576,306,70,300,582,6.46040844671202,6.76125694444444,5.89410539215686,6.11285714285714,6.52078,6.42928908934708,71
"72",2007,6,6.71363636363636,22,6.91875,6.16666666666667,6.875,6.71428571428571,6.71333333333333,16,6,4,7,15,904,592,312,74,307,597,6.46657107300885,6.76551351351351,5.89934695512821,6.15405405405405,6.52519218241042,6.43642587939699,72
"73",2007,7,6.27037037037037,27,6.82142857142857,5.67692307692308,NA,6.29166666666667,6.25333333333333,14,13,0,12,15,931,606,325,74,319,612,6.46088104189044,6.76680528052805,5.89045,6.15405405405405,6.51640752351097,6.43193831699346,73
"74",2007,8,6.35185185185185,27,6.59375,6,6.25,6.3,6.38235294117647,16,11,2,10,17,958,622,336,76,329,629,6.45780819415449,6.7623536977492,5.89403645833333,6.15657894736842,6.50982978723404,6.43059817170111,74
"75",2007,9,6.70588235294118,17,6.68181818181818,6.75,NA,7,6.66666666666667,11,6,0,2,15,975,633,342,76,331,644,6.46213358974359,6.7609541864139,5.9090533625731,6.15657894736842,6.5127915407855,6.43609666149068,75
"76",2007,10,6.5258064516129,31,6.96111111111111,5.92307692307692,6,6.1875,6.64347826086957,18,13,5,8,23,1006,651,355,81,339,667,6.46409567594433,6.76648847926267,5.90956690140845,6.14691358024691,6.50511504424779,6.44324775112444,76
"77",2007,11,6.63793103448276,29,6.68421052631579,6.55,6.66666666666667,6.6,6.65238095238095,19,10,3,8,21,1035,670,365,84,347,688,6.46896642512077,6.7641552238806,5.92711301369863,6.16547619047619,6.50730259365994,6.44963117732558,77
"78",2007,12,6.17730769230769,26,6.59375,5.511,7.11,6.13636363636364,6.20733333333333,16,10,1,11,15,1061,686,375,85,358,703,6.46181927426955,6.76018075801749,5.91601666666667,6.17658823529412,6.49590502793296,6.44446123755334,78
"79",2008,1,6.24,25,6.52941176470588,5.625,6,6.66666666666667,6,17,8,2,9,16,1086,703,383,87,367,719,6.4567129373849,6.75460028449502,5.90993798955614,6.17252873563218,6.50009264305177,6.43457058414465,79
"80",2008,2,6.41666666666667,18,6.42307692307692,6.4,6,6.35,6.5,13,5,2,10,8,1104,716,388,89,377,727,6.45606000905797,6.74858100558659,5.91625322164949,6.16865168539326,6.49611140583555,6.43529057771664,80
"81",2008,3,6.3,21,6.175,6.7,NA,6.57142857142857,6.16428571428571,16,5,0,7,14,1125,732,393,89,384,741,6.45314688888889,6.73604371584699,5.92622455470738,6.16865168539326,6.497484375,6.43017037786775,81
"82",2008,4,6.26842105263158,19,6.25,6.28181818181818,7,6.15714285714286,6.33333333333333,8,11,1,7,12,1144,740,404,90,391,753,6.45007888986014,6.73078918918919,5.93590655940594,6.17788888888889,6.49139130434783,6.42862715803453,82
"83",2008,5,6.17058823529412,17,6.24166666666667,6,6,6.33333333333333,5.9875,12,5,3,9,8,1161,752,409,93,400,761,6.44598643410853,6.72298404255319,5.93669009779951,6.17215053763441,6.487835,6.42398981603154,83
"84",2008,6,6.49047619047619,21,6.89090909090909,6.05,5,6.58888888888889,6.41666666666667,11,10,1,9,12,1182,763,419,94,409,773,6.44677686125211,6.72540498034076,5.93939439140812,6.15968085106383,6.4900586797066,6.42387613195343,84
"85",2008,7,6.4,25,6.625,6.29411764705882,6.33333333333333,6.54545454545455,6.28571428571429,8,17,12,11,14,1207,771,436,106,420,787,6.445807995029,6.72436316472114,5.9532253440367,6.17933962264151,6.49150952380953,6.42141836086404,85
"86",2008,8,6.4,25,6.59090909090909,6.25,6.5,6.66666666666667,6.25,11,14,6,9,16,1232,782,450,112,429,803,6.44487844967532,6.72248593350384,5.96245833333333,6.19651785714286,6.49518414918415,6.41800280199253,86
"87",2008,9,6.01153846153846,26,6.26923076923077,5.75384615384615,6.04285714285714,5.6875,6.15555555555556,13,13,7,8,18,1258,795,463,119,437,821,6.4359222972973,6.71507421383648,5.95660097192225,6.18747899159664,6.48039816933639,6.4122487819732,87
"88",2008,10,6.28947368421053,19,6.55,6,6.33333333333333,6.16666666666667,6.34615384615385,10,9,3,6,13,1277,805,472,122,443,834,6.43374334377447,6.71302360248447,5.95742849576271,6.19106557377049,6.47614898419865,6.41121852517986,88
"89",2008,11,6.77272727272727,22,6.84615384615385,6.66666666666667,6,7.22222222222222,6.46153846153846,13,9,2,9,13,1299,818,481,124,452,847,6.43948441108545,6.71513936430318,5.97069906444907,6.18798387096774,6.49100442477876,6.41199085005903,89
"90",2008,12,6.26190476190476,21,6.75,5.96153846153846,6.625,6.95,5.63636363636364,8,13,4,10,11,1320,826,494,128,462,858,6.43665928030303,6.71547699757869,5.97045799595142,6.201640625,6.5009393939394,6.40204691142191,90
"91",2009,1,6.24,35,6.38181818181818,6,6.0625,6.16666666666667,6.295,22,13,8,15,20,1355,848,507,136,477,878,6.4315795202952,6.70682075471698,5.97121548323472,6.19345588235294,6.49042767295598,6.39960848519362,91
"92",2009,2,6.58888888888889,36,6.9375,6.31,6.7,5.8,6.89230769230769,16,20,5,10,26,1391,864,527,141,487,904,6.43565079079799,6.71109259259259,5.98407258064516,6.21141843971631,6.47625051334702,6.41377903761062,92
"93",2009,3,6.8125,48,7.06521739130435,6.58,6.2,7.05,6.75,23,25,10,10,38,1439,887,552,151,497,942,6.44822116052814,6.72027508455468,6.01106204710145,6.21066225165563,6.48779476861167,6.42734209129512,93
"94",2009,4,6.66470588235294,34,6.775,6.56666666666667,6.33333333333333,7.55714285714286,6.43333333333333,16,18,6,7,27,1473,903,570,157,504,969,6.45321809232858,6.72124473975637,6.02860745614035,6.21535031847134,6.50264682539683,6.42750902992776,94
"95",2009,5,5.95172413793103,29,6.34545454545455,5.71111111111111,6.42857142857143,5,6.31428571428571,11,18,7,8,21,1502,914,588,164,512,990,6.44353545272969,6.71672210065645,6.01888818027211,6.22445121951219,6.47916796875,6.42510732323232,95
"96",2009,6,6.36060606060606,33,6.49565217391304,6.05,6,6.6125,6.28,23,10,5,8,25,1535,937,598,169,520,1015,6.44175260586319,6.71129562433298,6.01940844481605,6.21781065088757,6.48121923076923,6.42153325123153,96
"97",2009,7,6.44444444444444,18,6.375,6.5,6,6.4,6.46153846153846,8,10,5,5,13,1553,945,608,174,525,1028,6.44178380553767,6.70844867724868,6.02731291118421,6.21155172413793,6.48044571428572,6.4220391536965,97
"98",2009,8,6.16666666666667,21,6.85714285714286,5.82142857142857,5.66666666666667,6.25,6.14705882352941,7,14,6,4,17,1574,952,622,180,529,1045,6.43811324650572,6.70954201680672,6.0226788585209,6.19338888888889,6.47870321361059,6.41756578947368,98
"99",2009,9,5.92592592592593,27,6.625,5.63157894736842,6.61111111111111,6.35714285714286,5.775,8,19,9,7,20,1601,960,641,189,536,1065,6.42947548407246,6.7088375,6.01108619344774,6.21328042328042,6.47711567164179,6.40549882629108,99
"100",2009,10,6.49736842105263,38,6.97142857142857,5.91176470588235,5.52222222222222,6.775,6.29545454545455,21,17,9,16,22,1639,981,658,198,552,1087,6.43104957291031,6.71445871559633,6.00852013677812,6.18186868686869,6.48575,6.40327161913523,100
"101",2009,11,6.07619047619048,42,6.76,5.45454545454545,5.70833333333333,6.3125,5.93076923076923,20,22,12,16,26,1681,1001,680,210,568,1113,6.42218337299227,6.71536863136863,5.99059742647059,6.15480952380952,6.48086971830986,6.39223382749326,101
"102",2009,12,6.60333333333333,30,6.665,6.48,6,6.7,6.56190476190476,20,10,5,9,21,1711,1021,690,215,577,1134,6.42535958503799,6.7143819784525,5.99769021739131,6.15120930232558,6.484287694974,6.39537588183422,102
"103",2010,1,6.20571428571429,35,6.44666666666667,6.025,6,6.27272727272727,6.175,15,20,7,11,24,1746,1036,710,222,588,1158,6.42095661512028,6.71050579150579,5.99845950704225,6.14644144144144,6.48032993197279,6.3908085060449,103
"104",2010,2,6.2875,24,6.33,6.25714285714286,6.9,6.33333333333333,6.26,10,14,4,9,15,1770,1046,724,226,597,1173,6.41914703389831,6.70686806883365,6.00346167127072,6.15977876106195,6.47811390284757,6.38913576300085,104
"105",2010,3,6.375,22,6.83333333333333,6.05769230769231,6.1875,6.6,6.30882352941176,9,13,4,5,17,1792,1055,737,230,602,1190,6.41860505022322,6.70794691943128,6.00441824966079,6.16026086956522,6.47912624584718,6.38798844537815,105
"106",2010,4,6.8475,20,7.42,6.275,6.5,7.1,6.71153846153846,10,10,4,7,13,1812,1065,747,234,609,1203,6.42333899006623,6.71463286384976,6.00804049531459,6.16606837606838,6.48626272577997,6.39148482959269,106
"107",2010,5,6.815625,16,6.98,6.54166666666667,7,7.01,6.72727272727273,10,6,1,5,11,1828,1075,753,235,614,1214,6.42677256564552,6.71710139534884,6.01229249667995,6.1696170212766,6.49052768729642,6.39452738879736,107
"108",2010,6,6.75,10,7,6.58333333333333,7,6.75,6.75,4,6,2,4,6,1838,1079,759,237,618,1220,6.42853114798694,6.71815013901761,6.01680665349144,6.17662447257384,6.4922071197411,6.3962756147541,108
"109",2010,7,5.88461538461539,13,5.91666666666667,5.85714285714286,6,6,5.875,6,7,5,1,12,1851,1085,766,242,619,1232,6.42471110210697,6.71371797235023,6.0153475848564,6.17297520661157,6.49141195476575,6.39119825487013,109
"110",2010,8,6.07058823529412,17,6.03333333333333,6.1125,6.35,6.4,6.05,9,8,4,1,16,1868,1094,774,246,620,1248,6.42148835653105,6.70812065813528,6.01635174418605,6.17585365853659,6.49126451612903,6.38682391826923,110
"111",2010,9,6.17777777777778,18,6.92727272727273,5,5,7,5.76666666666667,11,7,3,6,12,1886,1105,781,249,626,1260,6.4191623806999,6.71030226244344,6.00724231754161,6.16168674698795,6.49614057507987,6.38091765873016,111
"112",2010,10,6.85714285714286,14,7.33333333333333,6.5,5.5,7.5,6.75,6,8,4,2,12,1900,1111,789,253,628,1272,6.42238960526316,6.71366696669667,6.0122385931559,6.15122529644269,6.49933757961784,6.38439956761006,112
"113",2010,11,6.35185185185185,27,6.53529411764706,6.04,7,7.53333333333333,6.20416666666667,17,10,1,3,24,1927,1128,799,254,631,1296,6.42140127140633,6.71097872340425,6.01258604505632,6.15456692913386,6.50425356576862,6.3810619212963,113
"114",2010,12,6.47727272727273,22,6.825,6.1875,6.17857142857143,7.2,6.26470588235294,10,12,7,5,17,1949,1138,811,261,636,1313,6.42203193945613,6.71198066783831,6.01517416769421,6.15521072796935,6.50972327044025,6.37955540746382,114
"115",2011,1,6.545,20,6.75,6.40833333333333,5.66666666666667,7,6.49444444444444,8,12,3,2,18,1969,1146,823,264,638,1331,6.42328098019299,6.71224607329843,6.0209067436209,6.14965909090909,6.51126018808777,6.38110912847483,115
"116",2011,2,6.16666666666667,21,7,5.83333333333333,6.66666666666667,6.2,6.15625,6,15,3,5,16,1990,1152,838,267,643,1347,6.42057298994975,6.71374479166667,6.01754922434368,6.15546816479401,6.50883981337481,6.37843819599109,116
"117",2011,3,6.25555555555556,18,6,6.41818181818182,6.5,6.4,6.2,7,11,2,5,13,2008,1159,849,269,648,1360,6.41909375,6.70943399482312,6.02273998822144,6.15802973977695,6.508,6.37673253676471,117
"118",2011,4,6.15384615384615,13,6.28571428571429,6,5.66666666666667,7,6,7,6,3,2,11,2021,1166,855,272,650,1371,6.41738755566551,6.70689022298456,6.02258040935673,6.15261029411765,6.50951384615385,6.37370988329686,118
"119",2011,5,6.71428571428571,14,6.5,7,7.5,7.16666666666667,6.59090909090909,8,6,1,3,11,2035,1174,861,273,653,1382,6.4194300982801,6.7054804088586,6.02939169570267,6.15754578754579,6.51253292496172,6.37543867583213,119
"120",2011,6,5.89705882352941,17,6.675,4.78571428571429,4,6.3125,5.76923076923077,10,7,1,4,13,2052,1184,868,274,657,1395,6.41510246101365,6.70522297297297,6.01936203917051,6.14967153284671,6.51131506849315,6.3697894265233,120
"121",2011,7,6.1,14,5.57142857142857,6.62857142857143,7.5,6.08,6.11111111111111,7,7,1,5,9,2066,1191,875,275,662,1404,6.4129672071636,6.69855919395466,6.02423571428571,6.15458181818182,6.50805740181269,6.36813123219373,121
"122",2011,8,6.76428571428571,14,7.17142857142857,6.35714285714286,6.5,6,6.89166666666667,7,7,2,2,12,2080,1198,882,277,664,1416,6.41533185096154,6.70132220367279,6.02687783446712,6.15707581227437,6.50652710843374,6.37256797316384,122
"123",2011,9,5.83333333333333,6,5.5,6,6.33333333333333,NA,5.83333333333333,2,4,3,0,6,2086,1200,886,280,664,1422,6.4136578379674,6.69932,6.02675648984199,6.15896428571429,6.50652710843374,6.37029272151899,123
"124",2011,10,6.44285714285714,21,6.64,5.95,5.95,6.33333333333333,6.48666666666667,15,6,6,6,15,2107,1215,892,286,670,1437,6.41394886093973,6.69858765432099,6.02624019058296,6.15458041958042,6.50497611940298,6.37150748086291,124
"125",2011,11,6.26,20,6.8375,5.875,NA,7,5.94285714285714,8,12,0,6,14,2127,1223,904,286,676,1451,6.4125012929008,6.6994963205233,6.02423257743363,6.15458041958042,6.50936982248521,6.36737164024811,125
"126",2011,12,6.175,20,7.15,5.2,3.5,6.57142857142857,5.96153846153846,10,10,2,7,13,2147,1233,914,288,683,1464,6.41028889147648,6.7031500405515,6.01521471553611,6.13614583333333,6.51000585651537,6.36376793032787,126
"127",2012,1,6.11904761904762,21,6.65,5.63636363636364,6,6.9,5.875,10,11,2,5,16,2168,1243,925,290,688,1480,6.40746782749078,6.7027224456959,6.01070945945946,6.13520689655172,6.51284011627907,6.3584839527027,127
"128",2012,2,6.35789473684211,19,6.4,6.28571428571429,6.66666666666667,7,6.2375,12,7,3,3,16,2187,1255,932,293,691,1496,6.40703715134888,6.69982788844621,6.01277494635193,6.14064846416382,6.51495513748191,6.35719000668449,128
"129",2012,3,6.31176470588235,17,6.33076923076923,6.25,5,7.8,6.21875,13,4,1,1,16,2204,1268,936,294,692,1512,6.40630229128857,6.69604416403785,6.01378872863248,6.13676870748299,6.51681213872832,6.35572503306878,129
"130",2012,4,5.76,15,6.12857142857143,5.4375,5.83333333333333,6.42,5.43,7,8,3,5,10,2219,1275,944,297,697,1522,6.40193341595313,6.69292862745098,6.00890492584746,6.1337037037037,6.51611764705882,6.34964273981603,130
"131",2012,5,6.51923076923077,13,6.5,6.54166666666667,6,6.75,6.47727272727273,7,6,1,2,11,2232,1282,950,298,699,1533,6.40261659946237,6.6918751950078,6.01226973684211,6.13325503355705,6.51678683834049,6.35055854533594,131
"132",2012,6,6.05714285714286,14,5.97142857142857,6.14285714285714,5.25,6.2,6,7,7,2,4,10,2246,1289,957,300,703,1543,6.40046315672306,6.68796276183087,6.01322492163009,6.12736666666667,6.51498435277383,6.34828661697991,132
"133",2012,7,6.16888888888889,9,7.5,5.78857142857143,6,NA,6.16888888888889,2,7,1,0,9,2255,1291,964,301,703,1552,6.3995389135255,6.68922075910147,6.01159362033195,6.12694352159468,6.51498435277383,6.34724629510309,133
"134",2012,8,6.74444444444444,9,6.75,6.74,6.66666666666667,7.4,6.41666666666667,4,5,3,3,6,2264,1295,969,304,706,1558,6.40091000441696,6.68940849420849,6.01535216718266,6.1322697368421,6.51874504249292,6.34751363928113,134
"135",2012,9,6.06428571428571,14,6.5,5.48333333333333,5.475,6,6.09,8,6,4,4,10,2278,1303,975,308,710,1568,6.39884119841967,6.68824558710667,6.0120782051282,6.12373376623377,6.51582253521127,6.34587133290816,135
"136",2012,10,6.17,20,6.27,6.07,6.14,6.2125,6.14166666666667,10,10,5,8,12,2298,1313,985,313,718,1580,6.39684954308094,6.68506016755521,6.01266624365482,6.12399361022364,6.51244289693593,6.34432041139241,136
"137",2012,11,6.11458333333333,24,6.425,5.89285714285714,6.2,6.25,6.0875,10,14,5,4,20,2322,1323,999,318,722,1600,6.39393206287683,6.68309448223734,6.01098723723724,6.12518867924528,6.51098891966759,6.34111015625,137
"138",2012,12,6.58823529411765,17,6.90909090909091,6,6,7,6.5625,11,6,4,1,16,2339,1334,1005,322,723,1616,6.39534427105601,6.6849580209895,6.01092164179104,6.12363354037267,6.5116652835408,6.34330213490099,138
"139",2013,1,6.47272727272727,22,6.63571428571429,6.1875,6.5,7.95,6.325,14,8,4,2,20,2361,1348,1013,326,725,1636,6.39606533248624,6.68444658753709,6.01231614017769,6.12825153374233,6.51563310344828,6.34307839242054,139
"140",2013,2,6.70277777777778,18,7.07222222222222,6.33333333333333,6.25,7.23333333333333,6.59666666666667,9,9,4,3,15,2379,1357,1022,330,728,1651,6.39838598150483,6.68701842299189,6.01514310176125,6.12972727272727,6.51859065934066,6.34538234403392,140
"141",2013,3,6.14285714285714,7,7,5,NA,7,6,4,3,0,1,6,2386,1361,1025,330,729,1657,6.39763631601006,6.68793828067597,6.01217195121951,6.12972727272727,6.51925102880658,6.34413171394086,141
"142",2013,4,6.22,10,7.16666666666667,5.81428571428571,5.06666666666667,7.66666666666667,5.6,3,7,3,3,7,2396,1364,1032,333,732,1664,6.39689492904841,6.68899120234604,6.0108296996124,6.12015015015015,6.52395355191257,6.34100135216346,142
"143",2013,5,7.2,10,7.5,6.75,7,6.75,7.3125,6,4,1,2,8,2406,1370,1036,334,734,1672,6.4002328553616,6.69254306569343,6.01368363899614,6.12278443113772,6.52456948228883,6.34564967105263,143
"144",2013,6,6.55555555555556,9,7.1,5.875,6,6.875,6.3,5,4,1,4,5,2415,1375,1040,335,738,1677,6.40081169772257,6.69402472727272,6.01315024038461,6.12241791044776,6.52646883468835,6.34551356589147,144
"145",2013,7,6.29230769230769,13,6.52857142857143,6.01666666666667,6.7,7.5,6.07272727272727,7,6,3,2,11,2428,1382,1046,338,740,1688,6.40023074546952,6.69318668596237,6.01317041108987,6.12754437869823,6.5291,6.34373593009479,145
"146",2013,8,6.33333333333333,9,7,5,5,6.25,6.35714285714286,6,3,1,2,7,2437,1388,1049,339,742,1695,6.39998368896184,6.69451296829971,6.01027287893232,6.12421828908555,6.52834770889488,6.3437912979351,146
"147",2013,9,6.37777777777778,18,7.2875,5.65,4.66666666666667,6.1,6.51666666666667,8,10,3,6,12,2455,1396,1059,342,748,1707,6.39982087576375,6.6979111747851,6.0068708687441,6.11143274853801,6.52491176470588,6.34500659050967,147
"148",2013,10,6.27272727272727,11,7,6.11111111111111,5.8,6.75,6.16666666666667,2,9,5,2,9,2466,1398,1068,347,750,1716,6.39925395377129,6.69834334763948,6.00774929775281,6.10694524495677,6.525512,6.34407124125874,148
"149",2013,11,6.125,12,6.4375,5.5,6.25,8,5.95454545454545,8,4,2,1,11,2478,1406,1072,349,751,1727,6.39792584745763,6.69685917496444,6.0058547108209,6.10776504297994,6.52747536617843,6.34159018529242,149
"150",2013,12,6.84375,16,6.92857142857143,6.77777777777778,6.4,6.5,6.95833333333333,7,9,5,4,12,2494,1413,1081,354,755,1739,6.40078598636728,6.69800707714083,6.01228145235893,6.11189265536723,6.5273298013245,6.34584603220242,150
"151",2014,1,6.5,18,6.55555555555556,6.44444444444444,6.16666666666667,6.83333333333333,6.43333333333333,9,9,3,3,15,2512,1422,1090,357,758,1754,6.40149691480892,6.69710548523206,6.0158497706422,6.11235294117647,6.52854089709763,6.34659421322691,151
"152",2014,2,6.29333333333333,15,6.21111111111111,6.41666666666667,6,7,6.03636363636364,9,6,2,4,11,2527,1431,1096,359,762,1765,6.40085486743174,6.69404891684137,6.01804402372263,6.11172701949861,6.5310157480315,6.34466076487252,152
"153",2014,3,7,16,7,7,7.375,7.6,6.72727272727273,9,7,4,5,11,2543,1440,1103,363,767,1776,6.40462455760912,6.69596111111111,6.02427583862194,6.12564738292011,6.53798435462842,6.34703054617117,153
"154",2014,4,6.07272727272727,11,5.97142857142857,6.25,5.83333333333333,4,6.28,7,4,3,1,10,2554,1447,1107,366,768,1786,6.40319508613939,6.69245611610228,6.02509146341463,6.12325136612022,6.5346796875,6.34665523516238,154
"155",2014,5,6.45526315789474,19,6.87727272727273,5.875,5.375,6.75,6.37666666666667,11,8,4,4,15,2573,1458,1115,370,772,1801,6.40357957637,6.69385048010974,6.02401457399103,6.11516216216216,6.53579533678757,6.34690519156024,155
"156",2014,6,6.1,5,6.325,5.2,5.2,5.2,6.325,4,1,1,1,4,2578,1462,1116,371,773,1805,6.40299078743212,6.69284131326949,6.02327620967742,6.11269541778976,6.53406727037516,6.34685664819945,156
"157",2014,7,6.17,10,6.5,5.84,6,5.35,6.375,5,5,1,2,8,2588,1467,1121,372,775,1813,6.40209051391036,6.69218404907975,6.02245874219447,6.11239247311828,6.53101161290323,6.34698083287369,157
"158",2014,8,6.2,10,5.66666666666667,6.42857142857143,6.6,6.4,6,3,7,5,5,5,2598,1470,1128,377,780,1818,6.4013126443418,6.69009115646258,6.02497894503546,6.11885941644562,6.53017179487179,6.34602654015402,158
"159",2014,9,6.31818181818182,11,6.125,6.83333333333333,7.5,7,6.16666666666667,8,3,1,2,9,2609,1478,1131,378,782,1827,6.40096215024914,6.68703247631935,6.02712312113174,6.12251322751323,6.53137340153453,6.3451429939792,159
"160",2014,10,5.92857142857143,14,6.14285714285714,5.71428571428571,3.83333333333333,5.5,6.16666666666667,7,7,3,5,9,2623,1485,1138,381,787,1836,6.39844081204727,6.68446734006734,6.02519881370826,6.10448818897638,6.5248208386277,6.34426811002179,160
"161",2014,11,6.22222222222222,9,6.4,6,6,6,6.28571428571429,5,4,1,2,7,2632,1490,1142,382,789,1843,6.39783824088146,6.68351275167785,6.02511055166375,6.10421465968586,6.52349049429658,6.34404571351058,161
"162",2014,12,5.5,5,6,4.75,2.5,NA,5.5,3,2,1,0,5,2637,1493,1144,383,789,1848,6.39613585513842,6.68213931681178,6.02288133741259,6.09480417754569,6.52349049429658,6.34176204004329,162
"163",2015,1,6.26923076923077,13,6.61111111111111,5.5,6,7.33333333333333,5.95,9,4,2,3,10,2650,1502,1148,385,792,1858,6.39551330188679,6.6817137150466,6.02105945121951,6.09431168831169,6.52655808080808,6.33965352529602,163
"164",2015,2,5.92307692307692,13,6.5,5.66666666666667,6,6,5.91666666666667,4,9,3,1,12,2663,1506,1157,388,793,1870,6.39320700337965,6.68123107569721,6.01830272255834,6.0935824742268,6.52589407313997,6.33693917112299,164
"165",2015,3,6.63846153846154,13,6.88333333333333,6.42857142857143,6.25,7,6.57272727272727,6,7,4,2,11,2676,1512,1164,392,795,1881,6.39439844917788,6.68203306878306,6.0207699742268,6.09517857142857,6.52708679245283,6.33831804891015,165
"166",2015,4,6,8,7,4.33333333333333,4,5.33333333333333,6.4,5,3,1,3,5,2684,1517,1167,393,798,1886,6.39322289493294,6.68308108108108,6.01643209083119,6.08984732824428,6.52259899749373,6.3384815747614,166
"167",2015,5,6.33333333333333,12,6.4375,6.125,NA,5.66666666666667,6.55555555555556,8,4,0,3,9,2696,1525,1171,393,801,1895,6.39295632418398,6.68179278688524,6.01680294619983,6.08984732824428,6.51939325842697,6.33951253298153,167
"168",2015,6,6.02,10,6.12,5.92,NA,6,6.02222222222222,5,5,0,1,9,2706,1530,1176,393,802,1904,6.39157806725795,6.67995686274509,6.01639136904762,6.08984732824428,6.51874563591022,6.33801273634454,168
"169",2015,7,5.95833333333333,12,5.25,6.3125,6.5,7.5,5.81818181818182,4,8,3,1,11,2718,1534,1184,396,803,1915,6.38966528697572,6.67622816166884,6.01839210304054,6.09295454545455,6.51996762141968,6.33502676240209,169
"170",2015,8,6.02727272727273,11,6.55,5.4,5,6.75,5.86666666666667,6,5,1,2,9,2729,1540,1189,397,805,1924,6.38820456211066,6.67573636363636,6.01579163162321,6.09020151133501,6.52053913043478,6.33283588877339,170
"171",2015,9,6.50555555555556,9,7.11,5.75,7,5.875,6.68571428571429,5,4,1,2,7,2738,1545,1193,398,807,1931,6.38859030314098,6.67714174757281,6.01490046102263,6.09248743718593,6.51893928128872,6.33411509580528,171
"172",2015,10,6.38888888888889,18,6.25,6.66666666666667,5.5,6.125,6.46428571428571,12,6,1,4,14,2756,1557,1199,399,811,1945,6.3885922532656,6.67384971098265,6.01816201000834,6.09100250626566,6.51699630086313,6.33505205655527,172
"173",2015,11,6.45238095238095,21,6.04545454545455,6.9,6.5,7.34,6.175,11,10,4,5,16,2777,1568,1209,403,816,1961,6.38907463089665,6.66944132653061,6.02545595533499,6.09506203473945,6.52203921568627,6.3337461754207,173
"174",2015,12,6.68181818181818,11,6.8125,6.33333333333333,6.16666666666667,5.5,6.8,8,3,3,1,10,2788,1576,1212,406,817,1971,6.39022964490674,6.67016751269035,6.02621802805281,6.09559113300493,6.520788249694,6.33611174530695,174
"175",2016,1,5.60714285714286,14,6,5.38888888888889,5,5.5,5.625,5,9,4,2,12,2802,1581,1221,410,819,1983,6.38631700571021,6.66804807084123,6.02152027027027,6.08490243902439,6.51829548229548,6.33180849722642,175
"176",2016,2,6.1,23,6.09285714285714,6.11111111111111,5.75,5.625,6.2,14,9,2,4,19,2825,1595,1230,412,823,2002,6.38398592920354,6.66299937304075,6.02217581300813,6.08327669902913,6.51395382746051,6.33055756743257,176
"177",2016,3,5.58636363636364,22,5.97307692307692,5.02777777777778,4.75,6.4,5.34705882352941,13,9,7,5,17,2847,1608,1239,419,828,2019,6.37782235686688,6.65742164179104,6.01495258272801,6.06100238663484,6.51326570048309,6.32227649826647,177
"178",2016,4,6.38888888888889,18,6.05555555555556,6.72222222222222,6.875,6.25,6.40625,9,9,4,2,16,2865,1617,1248,423,830,2035,6.37789188481675,6.65407173778602,6.0200530849359,6.06869976359338,6.5126313253012,6.32293673218673,178
"179",2016,5,6.978125,16,7.115,6.75,6,8.15,6.44545454545455,10,6,3,5,11,2881,1627,1254,426,835,2046,6.38122535577924,6.65690473263675,6.0235456539075,6.06821596244131,6.52243592814371,6.32359543010752,179
"180",2016,6,5.91071428571429,14,6.95833333333333,5.125,5.16666666666667,5.8125,5.95,6,8,6,4,10,2895,1633,1262,432,839,2056,6.37895,6.65801224739742,6.01784964342314,6.05569444444444,6.51905125148987,6.32177833171206,180
"181",2016,7,6.22222222222222,18,6.36363636363636,6,7,7.2,5.84615384615385,11,7,2,5,13,2913,1644,1269,434,844,2069,6.37798154823206,6.65604257907542,6.0177511820331,6.06004608294931,6.52308530805687,6.31878987433543,181
"182",2016,8,6.02631578947368,19,6.72727272727273,5.0625,5.75,6.5,5.97058823529412,11,8,2,2,17,2932,1655,1277,436,846,2086,6.37570267735334,6.65651601208459,6.01176683633516,6.05862385321101,6.52303073286052,6.31595218120805,182
"183",2016,9,6.90833333333333,12,6.94,6.75,NA,6.625,7.05,10,2,0,4,8,2944,1665,1279,436,850,2094,6.37787372622283,6.65821861861861,6.0129212275215,6.05862385321101,6.52351058823529,6.31875656638013,183
"184",2016,10,5.78260869565217,23,6.875,4.59090909090909,6,5,5.9,12,11,3,3,20,2967,1677,1290,439,853,2114,6.3732592686215,6.65976982707215,6.00079554263566,6.05822323462415,6.51815240328253,6.31479482024598,184
"185",2016,11,6.24444444444444,27,6.54285714285714,5.92307692307692,6.4,6.72,6.13636363636364,14,13,5,5,22,2994,1691,1303,444,858,2136,6.37209761189045,6.65880189237137,6.00002014581735,6.06207207207207,6.51932867132867,6.31295704588015,185
"186",2016,12,6.85294117647059,17,7.3125,6.44444444444444,6,6.83333333333333,6.85714285714286,8,9,2,3,14,3011,1699,1312,446,861,2150,6.37481243772833,6.66187992937021,6.00306878810976,6.06179372197309,6.52042276422764,6.31650058139535,186
"187",2017,1,6.15882352941177,17,7.02222222222222,5.1875,5.33333333333333,3,6.58,9,8,3,2,15,3028,1708,1320,449,863,2165,6.37359981836196,6.66377868852458,5.9981259469697,6.05692650334076,6.51226419466976,6.31832621247113,187
"188",2017,2,6.5125,24,7.09285714285714,5.7,5,7.25,6.365,14,10,1,4,20,3052,1722,1330,450,867,2185,6.37469208715596,6.66726713124274,5.99588439849624,6.05457777777778,6.5156678200692,6.31875343249428,188
"189",2017,3,6.17333333333333,15,5.825,6.57142857142857,6.33333333333333,8,6.04285714285714,8,7,3,1,14,3067,1730,1337,453,868,2199,6.37370728725139,6.66337225433525,5.99889771877338,6.0564238410596,6.51737788018433,6.31699693042292,189
"190",2017,4,6.1875,8,6,6.75,NA,7,6.07142857142857,6,2,0,1,7,3075,1736,1339,453,869,2206,6.37322284552846,6.66107949308755,6.00001960418223,6.0564238410596,6.5179332566168,6.31621770172257,190
"191",2017,5,6.23076923076923,13,7,5.33333333333333,6,6,6.27272727272727,7,6,2,2,11,3088,1743,1345,455,871,2217,6.37262313795337,6.66244061962134,5.99704553903346,6.05617582417582,6.51674397244546,6.31600191700496,191
"192",2017,6,5.72857142857143,7,5.5,5.82,5.36666666666667,NA,5.72857142857143,2,5,3,0,7,3095,1745,1350,458,871,2224,6.37116647819063,6.66110830945558,5.99638981481482,6.05165938864629,6.51674397244546,6.31415299010791,192
"193",2017,7,6.53571428571429,14,7,6.1875,4.83333333333333,5.5,6.61538461538461,6,8,3,1,13,3109,1751,1358,461,872,2237,6.37190744612416,6.66226956025128,5.99751564801178,6.04373101952278,6.51557798165138,6.31590355386678,193
"194",2017,8,6.49444444444444,18,6.87142857142857,6.25454545454545,5.26666666666667,6.6,6.44166666666667,7,11,3,6,12,3127,1758,1369,464,878,2249,6.37261280780301,6.66310238907849,5.99958089846604,6.03870689655172,6.51615489749431,6.31657458870609,194
"195",2017,9,6.68181818181818,11,6.92857142857143,6.25,7,7.375,6.28571428571429,7,4,1,4,7,3138,1765,1373,465,882,2256,6.37369670172084,6.6641552407932,6.00031045156592,6.04077419354839,6.52004988662132,6.31647883421986,195
"196",2017,10,5.96666666666667,15,6.05555555555556,5.83333333333333,6,6,5.96153846153846,9,6,1,2,13,3153,1774,1379,466,884,2269,6.37176030764351,6.66106764374295,5.99958393763597,6.04068669527897,6.51887330316742,6.31444524019392,196
"197",2017,11,6.28947368421053,19,6.5,6.16666666666667,6,6.16666666666667,6.34615384615385,7,12,8,6,13,3172,1781,1391,474,890,2282,6.37126741803279,6.66043458731049,6.00102534148095,6.04,6.51649887640449,6.31462587642419,197
"198",2017,12,5.94375,16,7,5.31,4.5,5.625,6.05,6,10,5,4,12,3188,1787,1401,479,894,2294,6.36912178481807,6.66157470621152,5.99609296930764,6.0239248434238,6.51251006711409,6.31324160854403,198
"199",2018,1,6.31578947368421,19,6.55,6.05555555555556,5,6.75,6.2,10,9,3,4,15,3207,1797,1410,482,898,2309,6.3688058154038,6.66095381190873,5.9964725177305,6.01755186721992,6.51356792873051,6.31250595495885,199
"200",2018,2,6.39,10,7.19166666666667,5.1875,4,7,6.32222222222222,6,4,1,1,9,3217,1803,1414,483,899,2318,6.36887169723345,6.66271991125901,5.99418405233381,6.01337474120083,6.51410901001112,6.31254367989646,200
"201",2018,3,6.32142857142857,14,6.72222222222222,5.6,6,6.5,6.29166666666667,9,5,2,2,12,3231,1812,1419,485,901,2330,6.36866612503869,6.66301545253863,5.99279510218464,6.01331958762887,6.51407769145394,6.31243615879828,201
"202",2018,4,5.63076923076923,13,5.5,5.74285714285714,5.25,6,5.6,6,7,4,1,12,3244,1818,1426,489,902,2342,6.3657090782984,6.65917711771177,5.99156819775596,6.00707566462168,6.51350776053215,6.30878576003416,202
"203",2018,5,6.36190476190476,21,6.91,5.86363636363636,6.25,6.5,6.33888888888889,10,11,4,3,18,3265,1828,1437,493,905,2360,6.36568460949464,6.66054923413566,5.99058890048713,6.00904665314402,6.51346298342541,6.30901536016949,203
"204",2018,6,5.985,10,6.65,5.54166666666667,5,NA,5.985,4,6,3,0,10,3275,1832,1443,496,905,2370,6.36452221374046,6.66052620087336,5.98872227997228,6.0029435483871,6.51346298342541,6.30764820675105,204
"205",2018,7,5.65294117647059,17,5.96,5.21428571428571,5,6.8,5.5,10,7,1,2,15,3292,1842,1450,497,907,2385,6.36084758505468,6.65672312703583,5.98498362068966,6.00092555331992,6.51409481808159,6.30256865828092,205
"206",2018,8,6.13571428571429,14,6,6.2375,5,8.4,5.96153846153846,6,8,3,1,13,3306,1848,1458,500,908,2398,6.35989420750151,6.6545909090909,5.98636917009603,5.99492,6.5161718061674,6.3007198707256,206
"207",2018,9,5.9695652173913,23,6.48461538461538,5.3,4.5,6,5.96111111111111,13,10,4,5,18,3329,1861,1468,504,913,2416,6.35719743166116,6.65340354648038,5.98169363079019,5.98305555555556,6.51334501642935,6.29818967301324,207
"208",2018,10,5.90909090909091,11,7,3,1.5,7,5.8,8,3,2,1,10,3340,1869,1471,506,914,2426,6.35572163173653,6.65488710540395,5.97561267845004,5.96533596837945,6.51387746170678,6.29613612943116,208
"209",2018,11,5.89210526315789,19,6.09583333333333,5.54285714285714,5.3,5.66,5.975,12,7,5,5,14,3359,1881,1478,511,919,2440,6.35309921107472,6.65132057416267,5.97356309201624,5.95882583170254,6.50923177366703,6.29429354508197,209
"210",2018,12,6.30555555555556,18,6.8,5.6875,3.5,6.66666666666667,6.23333333333333,10,8,2,3,15,3377,1891,1486,513,922,2455,6.35284579508439,6.65210682178741,5.97202304845222,5.94923976608187,6.50974403470716,6.29392107942973,210
"211",2019,1,6.02777777777778,18,6.70833333333333,4.66666666666667,4.33333333333333,9,5.65625,12,6,3,2,16,3395,1903,1492,516,924,2471,6.35112231222386,6.65246137677351,5.96677362600536,5.93984496124031,6.5151341991342,6.28979208822339,211
"212",2019,2,6.05,20,7,5.41666666666667,4,NA,6.05,8,12,3,0,20,3415,1911,1504,519,924,2491,6.34935878477306,6.65391627420198,5.96238447473405,5.92863198458574,6.5151341991342,6.28786682055399,212
"213",2019,3,6.70142857142857,14,6.875,6.632,5.5,7,6.65166666666667,4,10,2,2,12,3429,1915,1514,521,926,2503,6.35079622338874,6.65437806788511,5.9668072985469,5.92698656429942,6.51618142548596,6.28961096683979,213
"214",2019,4,6.66153846153846,13,7.5,5.94285714285714,5.5,6.5,6.71,6,7,3,3,10,3442,1921,1521,524,929,2513,6.35196985764091,6.65701926080166,5.96669707429323,5.92454198473282,6.51612917115178,6.2912838241146,214
"215",2019,5,6.41666666666667,12,7,5.83333333333333,5.5,6,6.5,6,6,2,2,10,3454,1927,1527,526,931,2523,6.35219462941517,6.65808718214841,5.96617305173543,5.92292775665399,6.51502040816327,6.29211107808165,215
"216",2019,6,6.78,11,7.59666666666667,5.8,4,7,6.758,6,5,1,1,10,3465,1933,1532,527,932,2533,6.35355274170274,6.66100051733057,5.96563071148825,5.9192789373814,6.51554077253219,6.29395035530991,216
"217",2019,7,6.54411764705882,17,6.80555555555556,6.25,3,7.5,6.41666666666667,9,8,1,2,15,3482,1942,1540,528,934,2548,6.35448312751292,6.66167044284243,5.96710795454546,5.91375,6.51764882226981,6.29467278257457,217
"218",2019,8,6.37727272727273,22,6.5625,6.27142857142857,4,4.7,6.75,8,14,2,4,18,3504,1950,1554,530,938,2566,6.35462621289954,6.66126358974359,5.96984958172458,5.90652830188679,6.50989765458422,6.29786681605612,218
"219",2019,9,5.93333333333333,15,6,5.88888888888889,4.66666666666667,5,6.07692307692308,6,9,3,2,13,3519,1956,1563,533,940,2579,6.35283042057403,6.65923517382413,5.96938339731286,5.89954971857411,6.50668510638298,6.29675310197751,219
"220",2019,10,5.91428571428571,14,5.64285714285714,6.18571428571429,5.5,5,6.06666666666667,7,7,3,2,12,3533,1963,1570,536,942,2591,6.35109262666289,6.65561079979623,5.97034792993631,5.89731343283582,6.50348619957537,6.29568747587804,220
"221",2019,11,6.86666666666667,15,7,6.8,6.5,NA,6.86666666666667,5,10,3,0,15,3548,1968,1580,539,942,2606,6.35327233652762,6.65648577235772,5.97559889240507,5.90066790352505,6.50348619957537,6.29897400230238,221
"222",2019,12,6.25272727272727,22,6.29666666666667,6.2,6,5.9,6.35647058823529,12,10,3,5,17,3570,1980,1590,542,947,2623,6.35265273109244,6.65430505050505,5.97701022012579,5.90121771217712,6.50029989440338,6.2993466450629,222
"223",2020,1,6.53421052631579,19,7,6.115,6.2,6.5,6.53823529411765,9,10,4,2,17,3589,1989,1600,546,949,2640,6.35361388966286,6.65586928104575,5.97787265625,5.90340659340659,6.50029926238145,6.30088494318182,223
"224",2020,2,6.17058823529412,17,6.19,6.14285714285714,6,6,6.18125,10,7,4,1,16,3606,1999,1607,550,950,2656,6.35275103993344,6.65353876938469,5.97859131922838,5.90410909090909,6.49977263157895,6.30016425075301,224
"225",2020,3,5.88384615384615,13,5.57142857142857,6.24833333333333,5,NA,5.88384615384615,7,6,2,0,13,3619,2006,1613,552,950,2669,6.35106666206134,6.6497627118644,5.97959469931804,5.90083333333333,6.49977263157895,6.29813647433496,225
"226",2020,4,5.73846153846154,13,6.17777777777778,4.75,6,NA,5.73846153846154,9,4,2,0,13,3632,2015,1617,554,950,2682,6.34887396751101,6.64765459057072,5.97655303030303,5.90119133574007,6.49977263157895,6.29542365771812,226
"227",2020,5,5.75,14,6.25,5.55,4.7,6,5.73076923076923,4,10,5,1,13,3646,2019,1627,559,951,2695,6.34657439659901,6.6468667657256,5.97393131530424,5.89044722719141,6.49924710830705,6.29269990723562,227
"228",2020,6,6.33483333333333,12,6.41666666666667,6.253,6,NA,6.33483333333333,6,6,2,0,12,3658,2025,1633,561,951,2707,6.34653588026244,6.64618469135802,5.9749566748316,5.89083778966132,6.49924710830705,6.29288668267455,228
"229",2020,7,5.86363636363636,11,6.31666666666667,5.32,4,6,5.85,6,5,1,1,10,3669,2031,1638,562,952,2717,6.34508810302535,6.64521122599704,5.97295741758242,5.88747330960854,6.49872268907563,6.29125662495399,229
"230",2020,8,5.45454545454545,11,5.92857142857143,4.625,5,4.5,5.8125,7,4,2,3,8,3680,2038,1642,564,955,2725,6.3424261548913,6.64274975466143,5.96967372107186,5.88432624113475,6.49244397905759,6.28985110091743,230
"231",2020,9,6.6875,8,7.1,6,NA,NA,6.6875,5,3,0,0,8,3688,2043,1645,564,955,2733,6.34317468817787,6.64386882036221,5.96972902735562,5.88432624113475,6.49244397905759,6.29101509330406,231
"232",2020,10,6.21428571428571,14,6.9,5.83333333333333,5.75,NA,6.21428571428571,5,9,4,0,14,3702,2048,1654,568,955,2747,6.34268726364128,6.644494140625,5.96898685006046,5.88338028169014,6.49244397905759,6.29062404441208,232
"233",2020,11,6.06666666666667,15,6.83333333333333,5.55555555555556,5,7,5.83333333333333,6,9,4,3,12,3717,2054,1663,572,958,2759,6.34157337906914,6.64504576436221,5.96674939867709,5.8772027972028,6.49403340292276,6.2886351032983,233
"234",2020,12,6.57333333333333,15,6.69090909090909,6.25,5.66666666666667,5,6.68571428571429,11,4,3,1,14,3732,2065,1667,575,959,2773,6.34250489013934,6.64529007263922,5.96742906418716,5.87610434782609,6.49247549530761,6.29063983050847,234
"235",2021,1,5.96363636363636,22,6.15625,5.45,5.5,NA,5.96363636363636,16,6,4,0,22,3754,2081,1673,579,959,2795,6.34028456313266,6.64153003363767,5.96557337118948,5.87350604490501,6.49247549530761,6.28806592128801,235
"236",2021,2,5.48333333333333,12,5.63333333333333,5.33333333333333,6,4,5.78,6,6,2,2,10,3766,2087,1679,581,961,2805,6.33755396972916,6.63863152850982,5.96331402620608,5.87394148020654,6.48728824141519,6.2862546345811,236
"237",2021,3,6.51428571428571,14,6.60909090909091,6.16666666666667,5,6.75,6.475,11,3,1,2,12,3780,2098,1682,582,963,2817,6.33820853174603,6.63847664442326,5.96367672413793,5.87243986254296,6.48783385254413,6.28705866169684,237
"238",2021,4,6.38235294117647,17,6.44444444444444,6.3125,6.33333333333333,6,6.40625,9,8,3,1,16,3797,2107,1690,585,964,2833,6.33840617592836,6.63764784053156,5.96532795857988,5.87480341880342,6.48732780082988,6.28773182139075,238
"239",2021,5,5.07142857142857,7,5.7,3.5,4,6.5,4.83333333333333,5,2,1,1,6,3804,2112,1692,586,965,2839,6.33607472397476,6.63542803030303,5.96241385933806,5.87160409556314,6.48734093264249,6.2846580662205,239
"240",2021,6,6,5,7,5.33333333333333,5.5,NA,6,2,3,2,0,5,3809,2114,1695,588,965,2844,6.33563356524022,6.63577294228949,5.96130044247788,5.87034013605442,6.48734093264249,6.28415761251758,240
"241",2021,7,6.59285714285714,14,6.7,6.4,5.5,6,6.63846153846154,9,5,2,1,13,3823,2123,1700,590,966,2857,6.33657552968873,6.63604521902967,5.96259073529412,5.86908474576271,6.4868364389234,6.2857697759888,241
"242",2021,8,5.6625,16,5.94285714285714,5.44444444444444,5,5.5,5.68571428571429,7,9,3,2,14,3839,2130,1709,593,968,2871,6.33376615003907,6.63376713615023,5.95986205383265,5.86468802698145,6.48479752066116,6.28284369557645,242
"243",2021,9,5.80888888888889,9,6.76,5.33333333333333,NA,7,5.66,3,6,0,1,8,3848,2133,1715,593,969,2879,6.33253852650728,6.63394467885607,5.95767011661808,5.86468802698145,6.48532920536636,6.2811129732546,243
"244",2021,10,5.73772727272727,11,7.33333333333333,5.139375,4.725,5,5.8115,3,8,4,1,10,3859,2136,1723,597,970,2889,6.3308430292822,6.63492696629213,5.95387071967499,5.85705192629816,6.48379793814433,6.27948745240568,244
"245",2021,11,6.49230769230769,13,6.78571428571429,6.15,7,7.5,6.30909090909091,7,6,1,2,11,3872,2143,1729,598,972,2900,6.33138513688017,6.6354195053663,5.9545513302487,5.85896321070234,6.48588888888889,6.27959974137931,245
"246",2021,12,6.09866666666667,15,5.948,6.4,7,7,5.96,10,5,1,2,13,3887,2153,1734,599,974,2913,6.33048707229226,6.63222666047375,5.95583578431373,5.86086811352254,6.48694455852156,6.2781734466186,246
"247",2022,1,6.25666666666667,30,6.45294117647059,6,5.25,6.66666666666667,6.21111111111111,17,13,4,3,27,3917,2170,1747,603,977,2940,6.32992168751596,6.63082211981567,5.95616442472811,5.85681592039801,6.48749641760491,6.27755756802721,247
"248",2022,2,5.86764705882353,17,6.64285714285714,5.325,5.55,5.875,5.86666666666667,7,10,5,2,15,3934,2177,1757,608,979,2955,6.32792405948144,6.63086081763895,5.95257214001138,5.8542927631579,6.48624514811032,6.27547182741117,248
"249",2022,3,5.77777777777778,9,5.75,5.8,5.5,6.33333333333333,5.5,4,5,2,3,6,3943,2181,1762,610,982,2961,6.32666833629216,6.62924530032095,5.95213918842225,5.85313114754099,6.48577800407332,6.27390045592705,249
"250",2022,4,6.13333333333333,15,6,6.33333333333333,7,7,5.91666666666667,9,6,2,3,12,3958,2190,1768,612,985,2973,6.32593563668519,6.62665936073059,5.95343283371041,5.85687908496732,6.48734416243655,6.27245854355869,250
"251",2022,5,6.05555555555556,9,6.9,5,NA,NA,6.05555555555556,5,4,0,0,9,3967,2195,1772,612,985,2982,6.32532222082178,6.62728200455581,5.95128061512415,5.85687908496732,6.48734416243655,6.27180390677398,251
"252",2022,6,6.2375,12,6.07142857142857,6.47,4,7,6.16818181818182,7,5,1,1,11,3979,2202,1777,613,986,2993,6.32505736365921,6.62551498637602,5.95274015194148,5.85384991843393,6.48786409736308,6.27142307049783,252
"253",2022,7,6.42857142857143,7,7,5.66666666666667,4,8,6.16666666666667,4,3,1,1,6,3986,2206,1780,614,987,2999,6.32523914952333,6.62619401631913,5.95225800561798,5.85083061889251,6.48939614994934,6.27121348782928,253
"254",2022,8,6.48,15,6.3375,6.64285714285714,5,NA,6.48,8,7,1,0,15,4001,2214,1787,615,987,3014,6.32581935766058,6.62515085817525,5.95496320649133,5.84944715447155,6.48939614994934,6.27225257133377,254
