"","year","month","avg_rating","no_ratings","avg_rating_owned","avg_rating_not_owned","avg_rating_prev_owned","avg_rating_comment","avg_rating_no_comment","no_ratings_owned","no_ratings_not_owned","no_ratings_prev_owned","no_ratings_comment","no_ratings_no_comment","cum_no_ratings","cum_no_ratings_owned","cum_no_ratings_not_owned","cum_no_ratings_prev_owned","cum_no_ratings_comment","cum_no_ratings_no_comment","cum_avg_rating","cum_avg_rating_owned","cum_avg_rating_not_owned","cum_avg_rating_prev_owned","cum_avg_rating_comment","cum_avg_rating_no_comment","month_after_release"
"1",2001,6,6,7,6.2,5.5,4,6.75,5,5,2,1,4,3,7,5,2,1,4,3,6,6.2,5.5,4,6.75,5,0
"2",2001,7,6.66666666666667,3,7,6,6,8,6,2,1,1,1,2,10,7,3,2,5,5,6.2,6.42857142857143,5.66666666666667,5,7,5.4,1
"3",2001,8,3.5,6,4,3.4,2,4,3.4,1,5,1,1,5,16,8,8,3,6,10,5.1875,6.125,4.25,4,6.5,4.4,2
"4",2001,9,6.66666666666667,6,7.75,4.5,NA,6.5,6.75,4,2,0,2,4,22,12,10,3,8,14,5.59090909090909,6.66666666666667,4.3,4,6.5,5.07142857142857,3
"5",2001,10,6.5,2,6.5,NA,NA,7,6,2,0,0,1,1,24,14,10,3,9,15,5.66666666666667,6.64285714285714,4.3,4,6.55555555555556,5.13333333333333,4
"6",2001,11,5.8,5,6.33333333333333,5,NA,7,5.5,3,2,0,1,4,29,17,12,3,10,19,5.68965517241379,6.58823529411765,4.41666666666667,4,6.6,5.21052631578947,5
"7",2001,12,7,3,9,3,NA,NA,7,2,1,0,0,3,32,19,13,3,10,22,5.8125,6.84210526315789,4.30769230769231,4,6.6,5.45454545454545,6
"8",2002,1,7,1,7,NA,NA,NA,7,1,0,0,0,1,33,20,13,3,10,23,5.84848484848485,6.85,4.30769230769231,4,6.6,5.52173913043478,7
"9",2002,2,6.75,4,7.66666666666667,4,NA,6.33333333333333,8,3,1,0,3,1,37,23,14,3,13,24,5.94594594594595,6.95652173913043,4.28571428571429,4,6.53846153846154,5.625,8
"10",2002,3,4.5,3,6.25,1,NA,3.25,7,2,1,0,2,1,40,25,15,3,15,25,5.8375,6.9,4.06666666666667,4,6.1,5.68,9
"11",2002,4,4.5,2,4.5,NA,NA,3,6,2,0,0,1,1,42,27,15,3,16,26,5.77380952380952,6.72222222222222,4.06666666666667,4,5.90625,5.69230769230769,10
"12",2002,5,4.5,2,NA,4.5,6,4.5,NA,0,2,1,2,0,44,27,17,4,18,26,5.71590909090909,6.72222222222222,4.11764705882353,4.5,5.75,5.69230769230769,11
"13",2002,6,6.5,6,6.6,6,NA,7,6.25,5,1,0,2,4,50,32,18,4,20,30,5.81,6.703125,4.22222222222222,4.5,5.875,5.76666666666667,12
"14",2002,7,6.35714285714286,7,6.35714285714286,NA,NA,7.5,5.5,7,0,0,3,4,57,39,18,4,23,34,5.87719298245614,6.64102564102564,4.22222222222222,4.5,6.08695652173913,5.73529411764706,13
"15",2002,8,6.83333333333333,6,6.6,8,8,6.5,7.5,5,1,1,4,2,63,44,19,5,27,36,5.96825396825397,6.63636363636364,4.42105263157895,5.2,6.14814814814815,5.83333333333333,14
"16",2002,9,6,5,6.66666666666667,5,NA,6,6,3,2,0,2,3,68,47,21,5,29,39,5.97058823529412,6.63829787234043,4.47619047619048,5.2,6.13793103448276,5.84615384615385,15
"17",2002,10,6.66666666666667,9,6.75,6,NA,6.6,6.75,8,1,0,5,4,77,55,22,5,34,43,6.05194805194805,6.65454545454545,4.54545454545455,5.2,6.20588235294118,5.93023255813953,16
"18",2002,11,6.11111111111111,9,6.71428571428571,4,4,5.2,7.25,7,2,2,5,4,86,62,24,7,39,47,6.05813953488372,6.66129032258065,4.5,4.85714285714286,6.07692307692308,6.04255319148936,17
"19",2002,12,6.16666666666667,6,7,2,NA,4.5,7,5,1,0,2,4,92,67,25,7,41,51,6.06521739130435,6.6865671641791,4.4,4.85714285714286,6,6.11764705882353,18
"20",2003,1,5.4,15,6.72727272727273,1.75,NA,3.75,6,11,4,0,4,11,107,78,29,7,45,62,5.97196261682243,6.69230769230769,4.03448275862069,4.85714285714286,5.8,6.09677419354839,19
"21",2003,2,7.8,5,9.66666666666667,5,NA,NA,7.8,3,2,0,0,5,112,81,31,7,45,67,6.05357142857143,6.80246913580247,4.09677419354839,4.85714285714286,5.8,6.22388059701493,20
"22",2003,3,6,5,7.25,1,NA,5,6.66666666666667,4,1,0,2,3,117,85,32,7,47,70,6.05128205128205,6.82352941176471,4,4.85714285714286,5.76595744680851,6.24285714285714,21
"23",2003,4,5.6,5,6,5,NA,7,5.25,3,2,0,1,4,122,88,34,7,48,74,6.0327868852459,6.79545454545455,4.05882352941177,4.85714285714286,5.79166666666667,6.18918918918919,22
"24",2003,5,6,12,6.85714285714286,4.8,NA,6,6,7,5,0,6,6,134,95,39,7,54,80,6.02985074626866,6.8,4.15384615384615,4.85714285714286,5.81481481481481,6.175,23
"25",2003,6,5.90909090909091,11,6.55555555555556,3,NA,6.5,5.57142857142857,9,2,0,4,7,145,104,41,7,58,87,6.02068965517241,6.77884615384615,4.09756097560976,4.85714285714286,5.86206896551724,6.1264367816092,24
"26",2003,7,5.02222222222222,45,5.72,4.15,5,5.5,4.80645161290323,25,20,1,14,31,190,129,61,8,72,118,5.78421052631579,6.57364341085271,4.11475409836066,4.875,5.79166666666667,5.77966101694915,25
"27",2003,8,5.5625,16,6.55,3.91666666666667,NA,5.46153846153846,6,10,6,0,13,3,206,139,67,8,85,121,5.76699029126214,6.57194244604317,4.09701492537313,4.875,5.74117647058824,5.78512396694215,26
"28",2003,9,4.96153846153846,13,5.9375,3.4,5,4.4,5.3125,8,5,2,5,8,219,147,72,10,90,129,5.71917808219178,6.53741496598639,4.04861111111111,4.9,5.66666666666667,5.75581395348837,27
"29",2003,10,6.63636363636364,11,7.25,5,NA,6.2,7,8,3,0,5,6,230,155,75,10,95,135,5.76304347826087,6.5741935483871,4.08666666666667,4.9,5.69473684210526,5.81111111111111,28
"30",2003,11,4.71428571428571,7,4.25,5.33333333333333,NA,4.75,4.66666666666667,4,3,0,4,3,237,159,78,10,99,138,5.73206751054852,6.51572327044025,4.13461538461539,4.9,5.65656565656566,5.78623188405797,29
"31",2003,12,5.41666666666667,12,6.14285714285714,4.4,6,5,5.71428571428571,7,5,1,5,7,249,166,83,11,104,145,5.71686746987952,6.5,4.15060240963856,5,5.625,5.78275862068966,30
"32",2004,1,5.47368421052632,19,6.16666666666667,4.28571428571429,NA,4,6.33333333333333,12,7,0,7,12,268,178,90,11,111,157,5.69962686567164,6.47752808988764,4.16111111111111,5,5.52252252252252,5.82484076433121,31
"33",2004,2,6.3125,16,6.66666666666667,5.25,NA,5,6.90909090909091,12,4,0,5,11,284,190,94,11,116,168,5.73415492957747,6.48947368421053,4.20744680851064,5,5.5,5.89583333333333,32
"34",2004,3,5.91666666666667,24,5.875,6,6,5.55555555555556,6.13333333333333,16,8,1,9,15,308,206,102,12,125,183,5.74837662337662,6.44174757281553,4.34803921568627,5.08333333333333,5.504,5.91530054644809,33
"35",2004,4,5.96428571428571,14,5.72222222222222,6.4,7,5.5625,6.5,9,5,1,8,6,322,215,107,13,133,189,5.75776397515528,6.41162790697674,4.44392523364486,5.23076923076923,5.50751879699248,5.93386243386243,34
"36",2004,5,4.94117647058824,17,5.46153846153846,3.25,NA,3.85714285714286,5.7,13,4,0,7,10,339,228,111,13,140,199,5.71681415929203,6.35745614035088,4.4009009009009,5.23076923076923,5.425,5.92211055276382,35
"37",2004,6,5.84782608695652,23,6.25,4.4,6,5.55,6.07692307692308,18,5,1,10,13,362,246,116,14,150,212,5.72513812154696,6.34959349593496,4.40086206896552,5.28571428571429,5.43333333333333,5.93160377358491,36
"38",2004,7,5.16666666666667,21,5.66666666666667,4.5,5,5.22727272727273,5.1,12,9,3,11,10,383,258,125,17,161,222,5.69451697127937,6.31782945736434,4.408,5.23529411764706,5.41925465838509,5.89414414414414,37
"39",2004,8,5.35,20,6.4,2.2,2,4.625,5.83333333333333,15,5,1,8,12,403,273,130,18,169,234,5.67741935483871,6.32234432234432,4.32307692307692,5.05555555555556,5.38165680473373,5.89102564102564,38
"40",2004,9,5.86842105263158,19,6.5,3.5,3,5.70833333333333,6.14285714285714,15,4,1,12,7,422,288,134,19,181,241,5.68601895734597,6.33159722222222,4.29850746268657,4.94736842105263,5.40331491712707,5.89834024896266,39
"41",2004,10,5.86363636363636,33,6.58,3.625,5,5.9,5.84782608695652,25,8,2,10,23,455,313,142,21,191,264,5.6989010989011,6.35143769968051,4.26056338028169,4.95238095238095,5.42931937172775,5.89393939393939,40
"42",2004,11,5.76666666666667,27,5.93809523809524,5.16666666666667,NA,5.17,6.11764705882353,21,6,0,10,17,482,334,148,21,201,281,5.70269709543568,6.32544910179641,4.2972972972973,4.95238095238095,5.41641791044776,5.90747330960854,41
"43",2004,12,6.4551724137931,29,6.6125,5.7,NA,6.36,6.66666666666667,24,5,0,20,9,511,358,153,21,221,290,5.7454011741683,6.34469273743017,4.34313725490196,4.95238095238095,5.50180995475113,5.93103448275862,42
"44",2005,1,5.36111111111111,36,5.76666666666667,3.33333333333333,NA,5.32352941176471,5.39473684210526,30,6,0,17,19,547,388,159,21,238,309,5.72010968921389,6.3,4.30503144654088,4.95238095238095,5.4890756302521,5.89805825242718,43
"45",2005,2,4.75,38,5.56,3.19230769230769,1,4.03125,5.27272727272727,25,13,1,16,22,585,413,172,22,254,331,5.65709401709402,6.25520581113801,4.22093023255814,4.77272727272727,5.39724409448819,5.85649546827795,44
"46",2005,3,4.73666666666667,30,5.28,3.65,NA,3.96666666666667,5.50666666666667,20,10,0,15,15,615,433,182,22,269,346,5.61219512195122,6.21016166281755,4.18956043956044,4.77272727272727,5.31747211895911,5.84132947976879,45
"47",2005,4,4.58,25,5.48666666666667,3.22,NA,4.27,4.78666666666667,15,10,0,10,15,640,448,192,22,279,361,5.571875,6.1859375,4.1390625,4.77272727272727,5.27992831541219,5.79750692520776,46
"48",2005,5,5.5,21,6.25,4,3,5.95833333333333,4.88888888888889,14,7,1,12,9,661,462,199,23,291,370,5.5695915279879,6.18787878787879,4.13417085427136,4.69565217391304,5.30790378006873,5.77540540540541,47
"49",2005,6,4.78260869565217,23,6.27272727272727,3.41666666666667,2,4.1875,6.14285714285714,11,12,1,16,7,684,473,211,24,307,377,5.54312865497076,6.18985200845666,4.09336492890995,4.58333333333333,5.24951140065147,5.78222811671088,48
"50",2005,7,6.13157894736842,38,6.46296296296296,5.31818181818182,5,5.85294117647059,6.35714285714286,27,11,1,17,21,722,500,222,25,324,398,5.57409972299169,6.2046,4.15405405405405,4.6,5.28117283950617,5.81256281407035,49
"51",2005,8,6.06578947368421,38,6.16666666666667,5.4,3,6.28125,5.90909090909091,33,5,1,16,22,760,533,227,26,340,420,5.59868421052631,6.20225140712945,4.18149779735683,4.53846153846154,5.32823529411765,5.81761904761905,50
"52",2005,9,5.87179487179487,39,6.72916666666667,4.5,4.66666666666667,5.57142857142857,6.22222222222222,24,15,3,21,18,799,557,242,29,361,438,5.61201501877347,6.22495511669659,4.20123966942149,4.55172413793103,5.34238227146814,5.83424657534247,51
"53",2005,10,5.36363636363636,33,5.79166666666667,4.22222222222222,4,4.94444444444444,5.86666666666667,24,9,1,18,15,832,581,251,30,379,453,5.60216346153846,6.20705679862306,4.20199203187251,4.53333333333333,5.32348284960422,5.83532008830022,52
"54",2005,11,5.60882352941176,34,5.8037037037037,4.85714285714286,NA,5.3,5.85263157894737,27,7,0,15,19,866,608,258,30,394,472,5.60242494226328,6.1891447368421,4.21976744186047,4.53333333333333,5.32258883248731,5.83601694915254,53
"55",2005,12,5.65961538461538,52,6.55714285714286,3.81176470588235,4.93333333333333,5.24,5.921875,35,17,3,20,32,918,643,275,33,414,504,5.60566448801743,6.20917573872473,4.19454545454546,4.56969696969697,5.31859903381642,5.84146825396825,54
"56",2006,1,5.51296296296296,54,6.15405405405405,4.11764705882353,4.83333333333333,4.89545454545455,5.9375,37,17,3,22,32,972,680,292,36,436,536,5.60051440329218,6.20617647058824,4.19006849315069,4.59166666666667,5.29724770642202,5.84720149253731,55
"57",2006,2,5.78333333333333,30,6.69444444444444,4.41666666666667,5,5.53571428571429,6,18,12,2,14,16,1002,698,304,38,450,552,5.60598802395209,6.21876790830945,4.19901315789474,4.61315789473684,5.30466666666667,5.85163043478261,56
"58",2006,3,5.80882352941176,34,6.18,4.77777777777778,NA,5.03846153846154,6.28571428571429,25,9,0,13,21,1036,723,313,38,463,573,5.61264478764479,6.21742738589212,4.21565495207668,4.61315789473684,5.29719222462203,5.86753926701571,57
"59",2006,4,5.65853658536585,41,6.12068965517241,4.54166666666667,3.5,5.5,5.73214285714286,29,12,1,13,28,1077,752,325,39,476,601,5.61439182915506,6.21369680851064,4.22769230769231,4.58461538461539,5.30273109243697,5.861231281198,58
"60",2006,5,5.51612903225806,31,6.4,4.6875,5.5,5,5.88888888888889,15,16,2,13,18,1108,767,341,41,489,619,5.61164259927798,6.21734028683181,4.24926686217009,4.62926829268293,5.29468302658487,5.86203554119548,59
"61",2006,6,5.45588235294118,34,5.93478260869565,4.45454545454545,NA,5.14285714285714,5.675,23,11,0,14,20,1142,790,352,41,503,639,5.60700525394045,6.20911392405063,4.25568181818182,4.62926829268293,5.29045725646123,5.85618153364632,60
"62",2006,7,5.775,32,6.24736842105263,5.08461538461538,6,5.27,6.00454545454545,19,13,2,10,22,1174,809,365,43,513,661,5.61158432708688,6.21001236093943,4.28520547945206,4.69302325581395,5.29005847953216,5.86111951588502,61
"63",2006,8,4.98387096774194,31,5.75,3.11111111111111,6,4.4,5.26190476190476,22,9,1,10,21,1205,831,374,44,523,682,5.5954356846473,6.19783393501805,4.25695187165776,4.72272727272727,5.27304015296367,5.84266862170088,62
"64",2006,9,5.3906976744186,43,6.11,3.73076923076923,3.5,4.825,5.88260869565217,30,13,2,20,23,1248,861,387,46,543,705,5.58838141025641,6.19477351916376,4.23927648578811,4.66956521739131,5.25653775322284,5.84397163120567,63
"65",2006,10,5.59090909090909,22,5.96428571428571,4.9375,3,4.5,6,14,8,3,6,16,1270,875,395,49,549,721,5.58842519685039,6.19108571428571,4.25341772151899,4.56734693877551,5.24826958105646,5.84743411927878,64
"66",2006,11,5.4037037037037,27,5.73478260869565,3.5,NA,4.8125,5.65263157894737,23,4,0,8,19,1297,898,399,49,557,740,5.58457979953739,6.1793986636971,4.24586466165414,4.56734693877551,5.24201077199282,5.84243243243243,65
"67",2006,12,6.22761194029851,67,6.578125,5.34210526315789,4.91666666666667,5.58823529411765,6.445,48,19,6,17,50,1364,946,418,55,574,790,5.61616568914956,6.19963002114165,4.29569377990431,4.60545454545455,5.25226480836237,5.88056962025316,66
"68",2007,1,5.77597402597403,77,6.07053571428571,4.99047619047619,6.33333333333333,5.36666666666667,5.92946428571429,56,21,3,21,56,1441,1002,439,58,595,846,5.62470506592644,6.19241516966068,4.32892938496583,4.6948275862069,5.2563025210084,5.8838061465721,67
"69",2007,2,5.46216216216216,37,6.275,3.96153846153846,3,4.53846153846154,5.9625,24,13,1,13,24,1478,1026,452,59,608,870,5.62063599458728,6.1943469785575,4.31836283185841,4.66610169491526,5.24095394736842,5.88597701149425,68
"70",2007,3,5.85445192307692,52,6.12974358974359,5.02857692307692,5.3,5.64583333333333,6.03326785714286,39,13,3,24,28,1530,1065,465,62,632,898,5.62858267973856,6.19198122065728,4.33821827956989,4.69677419354839,5.25632911392405,5.89056959910913,69
"71",2007,4,5.92982456140351,57,6.4975,4.59411764705882,3,5.51428571428571,6.33103448275862,40,17,2,28,29,1587,1105,482,64,660,927,5.63940233144297,6.2030407239819,4.34724377593361,4.64375,5.26727272727273,5.90434897518878,70
"72",2007,5,5.88333333333333,36,6.65217391304348,4.52307692307692,5,5.31578947368421,6.51764705882353,23,13,2,19,17,1623,1128,495,66,679,944,5.64481300061614,6.21219858156028,4.35186161616162,4.65454545454546,5.26863033873343,5.91539353813559,71
"73",2007,6,6.11538461538461,39,6.9,4.71428571428571,2.5,4.84615384615385,6.75,25,14,2,13,26,1662,1153,509,68,692,970,5.65585529482551,6.22711188204683,4.3618300589391,4.59117647058824,5.2606936416185,5.93776443298969,72
"74",2007,7,5.71276595744681,47,6.16176470588235,4.53846153846154,4.2,5.14285714285714,5.95454545454545,34,13,5,14,33,1709,1187,522,73,706,1003,5.65742042129901,6.2252401010952,4.36622892720307,4.56438356164384,5.25835694050991,5.93831655034895,73
"75",2007,8,5.94772727272727,44,6.67931034482759,4.53333333333333,5,5.46153846153846,6.15161290322581,29,15,1,13,31,1753,1216,537,74,719,1034,5.66470707358814,6.23606907894737,4.37089664804469,4.57027027027027,5.26203059805285,5.94471131528046,74
"76",2007,9,5.91904761904762,42,6.30357142857143,5.15,6,5.6,6.20909090909091,28,14,1,20,22,1795,1244,551,75,739,1056,5.6706582172702,6.2375884244373,4.39069237749546,4.58933333333333,5.27117726657645,5.95021922348485,75
"77",2007,10,5.86557692307692,52,6.36111111111111,4.750625,5.5,5.75055555555556,5.92647058823529,36,16,1,18,34,1847,1280,567,76,757,1090,5.6761459122902,6.2410625,4.40084920634921,4.60131578947369,5.28257595772787,5.94947844036697,76
"78",2007,11,5.90877192982456,57,6.6,4.52631578947368,4,5.9,5.91428571428571,38,19,5,22,35,1904,1318,586,81,779,1125,5.68311003151261,6.25141122913505,4.40491723549488,4.5641975308642,5.30001283697047,5.94838355555556,77
"79",2007,12,5.65161290322581,93,6.26451612903226,4.4258064516129,4.2,5.26279069767442,5.986,62,31,5,43,50,1997,1380,617,86,822,1175,5.68164321482223,6.252,4.40596677471637,4.54302325581395,5.29806569343066,5.94998425531915,78
"80",2008,1,5.7710843373494,83,6.33898305084746,4.375,4.75,5.25,6.13265306122449,59,24,4,34,49,2080,1439,641,90,856,1224,5.68521225961539,6.25556636553162,4.40480733229329,4.55222222222222,5.29615654205607,5.95729697712418,79
"81",2008,2,6.01964285714286,56,6.8,4.5,4.5,5.28333333333333,6.571875,37,19,4,24,32,2136,1476,660,94,880,1256,5.69398010299626,6.26921409214092,4.40754772727273,4.55,5.29580681818182,5.97295501592357,80
"82",2008,3,5.86101694915254,59,6.28048780487805,4.90555555555556,8,5.28571428571429,6.17894736842105,41,18,1,21,38,2195,1517,678,95,901,1294,5.69846993166287,6.26951878707976,4.4207691740413,4.58631578947368,5.29557158712542,5.9790042503864,81
"83",2008,4,5.47564102564103,39,6.03846153846154,4.35,5.125,5.17083333333333,5.61111111111111,26,13,2,12,27,2234,1543,691,97,913,1321,5.69457990152193,6.26562540505509,4.41943777134588,4.59742268041237,5.29393209200438,5.97148485995458,82
"84",2008,5,5.8469387755102,49,6.27142857142857,4.78571428571429,5,5.67857142857143,5.91428571428571,35,14,3,14,35,2283,1578,705,100,927,1356,5.69784997809899,6.26575411913815,4.42671134751773,4.6095,5.29974110032362,5.97000848082596,83
"85",2008,6,5.73207547169811,53,6.23714285714286,4.75,2.33333333333333,5.4,5.96774193548387,35,18,3,22,31,2336,1613,723,103,949,1387,5.69862649828767,6.26513329200248,4.43476002766252,4.54320388349515,5.30206533192835,5.96995782263879,84
"86",2008,7,5.52177419354839,62,6.20128205128205,4.3695652173913,4.25,4.902,5.94054054054054,39,23,14,25,37,2398,1652,746,117,974,1424,5.69405400333611,6.26362590799031,4.43275,4.50811965811966,5.29179671457906,5.96919346910112,85
"87",2008,8,5.1551724137931,58,5.8375,3.63888888888889,3.1875,4.47916666666667,5.63235294117647,40,18,8,24,34,2456,1692,764,125,998,1458,5.6813279723127,6.25355200945626,4.41404646596859,4.4236,5.27225450901804,5.96133847736625,86
"88",2008,9,5.56052631578947,57,6.05975609756098,4.28125,4.2,4.52380952380952,6.16527777777778,41,16,10,21,36,2513,1733,780,135,1019,1494,5.67858794269797,6.24896710905943,4.41132243589744,4.40703703703704,5.25683022571148,5.96625267737617,87
"89",2008,10,5.51739130434783,46,6.103125,4.17857142857143,4,5.15625,5.71,32,14,7,16,30,2559,1765,794,142,1035,1524,5.67569030871434,6.24632294617564,4.40721851385391,4.38697183098592,5.25527536231884,5.96120833333333,88
"90",2008,11,5.94237288135593,59,6.17857142857143,5.35882352941176,5.25,5.01764705882353,6.31666666666667,42,17,4,17,42,2618,1807,811,146,1052,1566,5.68170034377387,6.24474820143885,4.42716584463625,4.41061643835616,5.25143536121673,5.97074169859515,89
"91",2008,12,5.90769230769231,65,6.26136363636364,5.16666666666667,5.16666666666667,5.125,6.25555555555556,44,21,6,20,45,2683,1851,832,152,1072,1611,5.68717536339918,6.24514316585629,4.44583112980769,4.44046052631579,5.24907649253731,5.97869739292365,90
"92",2009,1,5.95641025641026,78,6.49310344827586,4.4,4.71428571428571,5.42307692307692,6.22307692307692,58,20,7,26,52,2761,1909,852,159,1098,1663,5.69478141977544,6.25267679413305,4.44475528169014,4.45251572327044,5.25319672131148,5.98633884546001,91
"93",2009,2,5.7725,60,6.54305555555556,4.61666666666667,3.6625,5.76764705882353,5.77441860465116,36,24,8,17,43,2821,1945,876,167,1115,1706,5.69643442041829,6.25805141388175,4.4494651826484,4.41467065868263,5.26104035874439,5.98099736225088,92
"94",2009,3,5.9948275862069,58,7,4.75769230769231,4.7,5.16190476190476,6.46756756756757,32,26,7,21,37,2879,1977,902,174,1136,1743,5.70244581451893,6.27006069802731,4.45834977827051,4.42614942528736,5.25920774647887,5.99132616179002,93
"95",2009,4,6.1047619047619,63,6.7875,5.4,5.35714285714286,5.65833333333333,6.20980392156863,32,31,7,12,51,2942,2009,933,181,1148,1794,5.71106101291638,6.27830263812842,4.48963719185423,4.4621546961326,5.26337979094077,5.99753706800446,94
"96",2009,5,5.79237288135593,59,6.40384615384615,4.6,4.64285714285714,5.02941176470588,6.10119047619048,39,20,7,17,42,3001,2048,953,188,1165,1836,5.71265961346218,6.280693359375,4.49195330535152,4.4688829787234,5.25996566523605,5.99990822440087,95
"97",2009,6,5.65,60,6.5025641025641,4.06666666666667,3.6,5.14285714285714,5.80434782608696,39,21,5,14,46,3061,2087,974,193,1179,1882,5.71143139496896,6.28483948251078,4.48278388090349,4.44637305699482,5.25857506361323,5.99512832093517,96
"98",2009,7,5.82463768115942,69,6.37555555555556,4.79166666666667,4.55555555555556,5.83333333333333,5.82156862745098,45,24,9,18,51,3130,2132,998,202,1197,1933,5.71392699680511,6.28675422138837,4.4902119238477,4.45123762376238,5.26721804511278,5.99054914640455,97
"99",2009,8,5.8801724137931,58,6.2109375,5.47307692307692,6.08888888888889,5.36666666666667,6.0593023255814,32,26,9,15,43,3188,2164,1024,211,1212,1976,5.7169515370138,6.28563308687615,4.51516748046875,4.52109004739336,5.26844884488449,5.99204529352227,98
"100",2009,9,5.58285714285714,70,6.46590909090909,4.08846153846154,3.75,5.04545454545455,5.82916666666667,44,26,4,22,48,3258,2208,1050,215,1234,2024,5.71407044198895,6.28922554347826,4.50460142857143,4.50674418604651,5.26447325769854,5.98818255928854,99
"101",2009,10,5.82238805970149,67,6.50232558139535,4.60416666666667,3.94444444444444,4.8,6.25744680851064,43,24,9,20,47,3325,2251,1074,224,1254,2071,5.71625308270677,6.29329631274989,4.50682635009311,4.48415178571428,5.2570653907496,5.99429333655239,100
"102",2009,11,5.9741935483871,62,6.29871794871795,5.42391304347826,6.275,5.77884615384615,6.11527777777778,39,23,10,26,36,3387,2290,1097,234,1280,2107,5.72097475642161,6.29338864628821,4.52605423883318,4.56068376068376,5.2676640625,5.99636046511628,101
"103",2009,12,5.53795180722892,83,6,4.87205882352941,4.94117647058824,5.3953125,5.62745098039216,49,34,17,32,51,3470,2339,1131,251,1312,2158,5.7165969740634,6.28724241128687,4.5364557913351,4.58645418326693,5.27077743902439,5.98764202965709,102
"104",2010,1,5.81176470588235,102,6.18358208955224,5.1,5.28125,5.17058823529412,6.13235294117647,67,35,16,34,68,3572,2406,1166,267,1346,2226,5.71931452967525,6.28435577722361,4.5533717838765,4.62808988764045,5.26824665676077,5.99206266846361,103
"105",2010,2,5.91666666666667,54,6.51470588235294,4.9,5.25,5.33333333333333,6.20833333333333,34,20,2,18,36,3626,2440,1186,269,1364,2262,5.72225358521787,6.28756557377049,4.55921711635751,4.63271375464684,5.26910557184751,5.99550464190981,104
"106",2010,3,5.44615384615385,52,5.92592592592593,4.928,5.16666666666667,4.33846153846154,5.81538461538462,27,25,3,13,39,3678,2467,1211,272,1377,2301,5.71835005437738,6.28360762059181,4.56683030553262,4.63860294117647,5.2603195352215,5.9924517601043,105
"107",2010,4,5.85,66,6.30232558139535,5.00434782608696,5.05555555555556,5.11904761904762,6.19111111111111,43,23,9,21,45,3744,2510,1234,281,1398,2346,5.72067080662393,6.28392828685259,4.57498500810373,4.65195729537366,5.2581974248927,5.99626236146632,106
"108",2010,5,5.76071428571429,56,6.21764705882353,5.05454545454545,5.85714285714286,5.40526315789474,5.94324324324324,34,22,7,19,37,3800,2544,1256,288,1417,2383,5.72126092105263,6.28304245283019,4.5833849522293,4.68125,5.26016937191249,5.99543915232899,107
"109",2010,6,5.475,48,6.02424242424242,4.26666666666667,4.66666666666667,4.8875,5.76875,33,15,6,16,32,3848,2577,1271,294,1433,2415,5.71818905925156,6.27972836631742,4.57964712824548,4.68095238095238,5.25600837404047,5.99243540372671,108
"110",2010,7,5.8125,64,6.34883720930233,4.71428571428571,4.57142857142857,5,6.18181818181818,43,21,7,20,44,3912,2620,1292,301,1453,2459,5.71973197852761,6.28086259541984,4.58183552631579,4.67840531561462,5.25248451479697,5.9958241154941,109
"111",2010,8,5.1702380952381,42,6.466,3.26470588235294,4.5,4.67916666666667,5.36666666666667,25,17,2,12,30,3954,2645,1309,303,1465,2489,5.71389516944866,6.28261247637051,4.56472994652407,4.67722772277228,5.24778839590444,5.98824085978304,110
"112",2010,9,5.44791666666667,48,5.91071428571429,4.8,5.75,5.20588235294118,5.58064516129032,28,20,4,17,31,4002,2673,1329,307,1482,2520,5.71070502248876,6.27871679760568,4.56827050413845,4.69120521172638,5.24730769230769,5.98322678571428,111
"113",2010,10,5.72854796296296,54,6.33939393939394,4.76864714285714,4.12684333333333,4.67647058823529,6.21193486486486,33,21,9,17,37,4056,2706,1350,316,1499,2557,5.71094257642998,6.27945676274944,4.57138747407408,4.67513161392405,5.2408338892595,5.98653621040281,112
"114",2010,11,5.77543859649123,57,5.95588235294118,5.50869565217391,5.18888888888889,5.37222222222222,5.96153846153846,34,23,9,18,39,4113,2740,1373,325,1517,2596,5.71183639435935,6.27544160583941,4.58708892206846,4.68935873846154,5.24239288068556,5.98616066640986,113
"115",2010,12,5.52881355932203,59,6.1125,4.3,4.83333333333333,4.65625,5.85348837209302,40,19,3,16,43,4172,2780,1392,328,1533,2639,5.70924810402685,6.27309712230216,4.58317032327586,4.69067557926829,5.23627527723418,5.98399889730958,114
"116",2011,1,5.83369565217391,92,6.17941176470588,4.85416666666667,4.75,5.28571428571429,6.0734375,68,24,8,28,64,4264,2848,1416,336,1561,2703,5.71193318245779,6.27086025280899,4.58776348163842,4.69208806547619,5.23716207559257,5.98611657047724,115
"117",2011,2,5.75205479452055,73,6.3,4.63333333333333,4.21428571428571,5.46,5.8622641509434,49,24,7,20,53,4337,2897,1440,343,1581,2756,5.71260850587964,6.2713531239213,4.58852297916667,4.68233699708455,5.23998102466793,5.98373479317852,116
"118",2011,3,5.4025974025974,77,6.36458333333333,3.81034482758621,4,4.97727272727273,5.57272727272727,48,29,12,22,55,4414,2945,1469,355,1603,2811,5.70720051880381,6.2728726655348,4.57316071477195,4.65927208450704,5.23637554585153,5.97569302383493,117
"119",2011,4,5.82678571428571,56,6.50857142857143,4.69047619047619,6,5.34375,6.02,35,21,3,16,40,4470,2980,1490,358,1619,2851,5.70869867785235,6.27564093959731,4.57481415436242,4.67050723463687,5.23743668931439,5.97631465801473,118
"120",2011,5,5.02142857142857,56,6.05588235294118,3.42272727272727,3,3.46666666666667,5.59024390243902,34,22,3,15,41,4526,3014,1512,361,1634,2892,5.70019511489174,6.27316191108162,4.55805098544974,4.65662490304709,5.22118115055079,5.97084131742738,119
"121",2011,6,5.5442,50,6.14472222222222,4,NA,5.63333333333333,5.51605263157895,36,14,0,12,38,4576,3050,1526,361,1646,2930,5.69849062281469,6.27164590163934,4.55293125163827,4.65662490304709,5.22418590522479,5.96494303412969,120
"122",2011,7,5.90350877192982,57,6.58974358974359,4.41666666666667,4.78571428571429,5.72222222222222,5.98717948717949,39,18,7,18,39,4633,3089,1544,368,1664,2969,5.70101296999784,6.27566202654581,4.55134267487047,4.65908040760869,5.22957331730769,5.96523512630515,121
"123",2011,8,5.81311475409836,61,6.30243902439024,4.81,5,5.08235294117647,6.09545454545455,41,20,2,17,44,4694,3130,1564,370,1681,3013,5.70246976778867,6.27601277955272,4.55465031329923,4.66092321621622,5.22808447352766,5.96713677066047,122
"124",2011,9,5.80703125,64,6.35232558139535,4.69047619047619,5,4.8825,6.22727272727273,43,21,6,20,44,4758,3173,1585,376,1701,3057,5.70387622740647,6.27704695871415,4.55644989905363,4.66633401595745,5.22402116402116,5.970880958456,123
"125",2011,10,5.38196721311475,61,6.17096774193548,4.56666666666667,4.15,4.27272727272727,5.626,31,30,10,11,50,4819,3204,1615,386,1712,3107,5.69980142975721,6.27602059925094,4.55663968421053,4.65295748704663,5.21790887850467,5.96533089475378,124
"126",2011,11,5.5027397260274,73,5.858,4.7304347826087,4.4375,5.13888888888889,5.62181818181818,50,23,8,18,55,4892,3254,1638,394,1730,3162,5.69686081152903,6.26959741856177,4.55908003052503,4.64858271573604,5.21708670520231,5.95935581593928,125
"127",2011,12,5.54426229508197,61,5.75,5.15238095238095,4.91666666666667,5.11666666666667,5.76875,40,21,6,21,40,4953,3294,1659,400,1751,3202,5.69498144356955,6.26328779599271,4.56659016877637,4.652603975,5.21588235294117,5.95697473141786,126
"128",2012,1,5.80172413793103,58,6.5,4.36842105263158,5.125,6.375,5.65217391304348,39,19,8,12,46,5011,3333,1678,408,1763,3248,5.69621694073039,6.26605760576058,4.56434629916567,4.66186664215686,5.22377197958026,5.95265797105911,127
"129",2012,2,5.94925373134328,67,6.34090909090909,5.2,3.66666666666667,5.21428571428571,6.14339622641509,44,23,6,14,53,5078,3377,1701,414,1777,3301,5.69955555139819,6.26703286941072,4.57294126396238,4.64744345410628,5.22369724254361,5.95572041502575,128
"130",2012,3,5.42698412698413,63,6.01538461538462,4.47083333333333,3.5,4.33333333333333,5.6843137254902,39,24,7,12,51,5141,3416,1725,421,1789,3352,5.69621534526357,6.26415983606557,4.57152063188406,4.62836482185273,5.21772498602571,5.9515910173031,129
"131",2012,4,6.10701754385965,57,6.71428571428571,5.14090909090909,6.275,6.11,6.1063829787234,35,22,4,10,47,5198,3451,1747,425,1799,3399,5.70072010196229,6.26872500724428,4.57869095020034,4.64386256470588,5.22268482490272,5.95373141806413,130
"132",2012,5,5.86189873417722,79,6.55436363636364,4.275,4.1,4.64285714285714,6.12446153846154,55,24,10,14,65,5277,3506,1771,435,1813,3464,5.7031330471859,6.27320593268682,4.57457543195935,4.63135997701149,5.21820739106453,5.9569350721709,131
"133",2012,6,6.20408163265306,49,6.75,5.17647058823529,1,4.77272727272727,6.61842105263158,32,17,1,11,38,5326,3538,1788,436,1824,3502,5.70774184941795,6.27751837196156,4.58029814876958,4.62303116972477,5.21552083333333,5.96411281838949,132
"134",2012,7,5.71368421052632,57,6.20375,4.56058823529412,4.47142857142857,5.475,5.75265306122449,40,17,7,8,49,5383,3578,1805,443,1832,3551,5.70780477243173,6.27669368362214,4.58011251523546,4.62063564334086,5.216653930131,5.96119490002816,133
"135",2012,8,5.97586206896552,58,6.22727272727273,5.18571428571429,4.33333333333333,5.45833333333333,6.11086956521739,44,14,3,12,46,5441,3622,1819,446,1844,3597,5.71066221099063,6.2760933186085,4.58477355140187,4.61870311659193,5.21822668112798,5.96310900472616,134
"136",2012,9,5.56086956521739,46,6.41290322580645,3.8,4.14285714285714,3.25,6.04736842105263,31,15,7,8,38,5487,3653,1834,453,1852,3635,5.70940643156552,6.27725431152477,4.57835501090513,4.61135008830022,5.20972462203024,5.96398984594223,135
"137",2012,10,5.57884615384615,52,5.81176470588235,5.13888888888889,4.58333333333333,4.54166666666667,5.89,34,18,6,12,40,5539,3687,1852,459,1864,3675,5.70818073478967,6.27296175752644,4.58380296436285,4.61098385620915,5.20542381974249,5.96318451428571,136
"138",2012,11,5.86,75,6.21698113207547,5,5.33333333333333,5.75,5.88524590163934,53,22,6,14,61,5614,3740,1874,465,1878,3736,5.71020895796224,6.27216844919786,4.58868894877268,4.62030449462365,5.20948349307774,5.96191196199143,137
"139",2012,12,5.406625,80,6.12021739130435,4.44117647058824,4.875,4.09090909090909,5.6163768115942,46,34,8,11,69,5694,3786,1908,473,1889,3805,5.70594364067439,6.27032223983096,4.5860603197065,4.6246122410148,5.20296982530439,5.95564601576872,138
"140",2013,1,5.9777397260274,146,6.19952380952381,5.40975609756098,5.29166666666667,5.52941176470588,6.03682170542636,105,41,12,17,129,5840,3891,1949,485,1906,3934,5.71273854280822,6.26841171935235,4.6033879374038,4.64111668041237,5.2058814270724,5.95830785205897,139
"141",2013,2,5.9961038961039,77,6.34,5.13636363636364,5.66666666666667,4.58333333333333,6.4271186440678,55,22,6,18,59,5917,3946,1971,491,1924,3993,5.71642607571404,6.26940952863659,4.60933693049214,4.65364885947047,5.20005717255717,5.96523493363386,140
"142",2013,3,5.97763157894737,76,6.35357142857143,4.925,3.33333333333333,4.73684210526316,6.39122807017544,56,20,6,19,57,5993,4002,1991,497,1943,4050,5.71973854330052,6.2705872063968,4.61250783023606,4.63770943661972,5.19552753474009,5.97123039259259,141
"143",2013,4,5.73,90,6.07538461538462,4.832,4.71538461538462,4.96428571428571,5.87105263157895,65,25,13,14,76,6083,4067,2016,510,1957,4126,5.7198903649515,6.26746742070322,4.61522970734127,4.63968939215686,5.19387327542156,5.96938514057198,142
"144",2013,5,5.73157894736842,76,6.38936170212766,4.66551724137931,3.83333333333333,5.03571428571429,5.88870967741935,47,29,9,14,62,6159,4114,2045,519,1971,4188,5.72003459814905,6.2688599902771,4.61594283129584,4.62570633911368,5.19274987316083,5.96819080468004,143
"145",2013,6,6.00963855421687,83,6.4,4.99130434782609,5.25,6.09375,5.98955223880597,60,23,6,16,67,6242,4174,2068,525,1987,4255,5.72388546779878,6.27074508864399,4.6201175483559,4.63284112380952,5.20000503271263,5.96852716568742,144
"146",2013,7,5.37191780821918,73,6.0469387755102,3.99375,4.31071428571429,4.22647058823529,5.71964285714286,49,24,14,17,56,6315,4223,2092,539,2004,4311,5.71981679968329,6.26814823585129,4.6129316873805,4.62447419294991,5.19174650698603,5.96529415216887,145
"147",2013,8,5.7234693877551,98,6.47692307692308,4.23939393939394,5.05,4.95454545454545,5.82068965517241,65,33,8,11,87,6413,4288,2125,547,2015,4398,5.71987261656011,6.27131296641791,4.60713086588235,4.63069760511883,5.19045161290322,5.96243362664847,146
"148",2013,9,5.33197674418605,86,5.86,4.39516129032258,4.32142857142857,5,5.43923076923077,55,31,7,21,65,6499,4343,2156,554,2036,4463,5.71473966610248,6.26610407552383,4.60408306586271,4.62678987364621,5.18848722986247,5.95481359847636,147
"149",2013,10,5.80595238095238,84,6.25510204081633,5.17714285714286,4.71875,5.81176470588235,5.8044776119403,49,35,16,17,67,6583,4392,2191,570,2053,4530,5.7159035530913,6.26598132969035,4.61323737562757,4.62937121052631,5.19364831953239,5.95259008609271,148
"150",2013,11,5.77551020408163,98,6.16176470588235,4.9,4.35,4.61538461538461,5.95294117647059,68,30,10,13,85,6681,4460,2221,580,2066,4615,5.71677789103428,6.26439237668161,4.61711080144079,4.62455446551724,5.19000968054211,5.95259655254604,149
"151",2013,12,5.85064601769912,113,6.33076829268293,4.58064516129032,3.61111111111111,5.07391304347826,6.04914444444444,82,31,9,23,90,6794,4542,2252,589,2089,4705,5.71900442890786,6.26559070893879,4.6166088321492,4.60906891341256,5.18873145045476,5.95444337725823,150
"152",2014,1,6.02444444444444,135,6.19722222222222,5.33333333333333,5.91666666666667,5.13157894736842,6.17068965517241,108,27,6,19,116,6929,4650,2279,595,2108,4821,5.72495541780921,6.26400279569892,4.6251000833699,4.62225477310924,5.18821631878558,5.959646565028,151
"153",2014,2,5.84949494949495,99,6.1875,4.42631578947368,3.51666666666667,5.73529411764706,5.87317073170732,80,19,6,17,82,7028,4730,2298,601,2125,4903,5.7267097453045,6.2627088794926,4.62345652306353,4.61121728785358,5.19259294117647,5.95820030389557,152
"154",2014,3,5.66024096385542,83,5.98360655737705,4.76363636363636,4.12,5.425,5.7,61,22,5,12,71,7111,4791,2320,606,2137,4974,5.72593391787372,6.25915529117094,4.62478581465517,4.60716433993399,5.19389798783341,5.95451469441093,153
"155",2014,4,5.75777777777778,90,6.32222222222222,4.91111111111111,5.225,4.63333333333333,5.98266666666667,54,36,12,15,75,7201,4845,2356,618,2152,5049,5.72633191084572,6.25985820433436,4.6291609040747,4.61916114886731,5.1899907063197,5.95493287581699,154
"156",2014,5,5.82906976744186,86,6.07910447761194,4.94736842105263,5.28571428571429,5.05882352941176,6.01884057971014,67,19,7,17,69,7287,4912,2375,625,2169,5118,5.72754440647729,6.25739271172638,4.63170656421053,4.626626544,5.18896265560166,5.9557944685424,155
"157",2014,6,6.29277108433735,83,6.65737704918033,5.28181818181818,5.14285714285714,5.44444444444444,6.39594594594595,61,22,7,9,74,7370,4973,2397,632,2178,5192,5.73390991723202,6.26229901467927,4.63767337922403,4.63234428797468,5.19001836547291,5.96206781394453,156
"158",2014,7,5.64811320754717,106,5.86666666666667,5.36304347826087,5.8,5.08333333333333,5.76363636363636,60,46,15,18,88,7476,5033,2443,647,2196,5280,5.73269343097913,6.2575825551361,4.65133159639787,4.65941513137558,5.18914389799636,5.95876062310606,157
"159",2014,8,5.57063063063063,111,6.11390243902439,4.03448275862069,4.25,5.24285714285714,5.64711111111111,82,29,8,21,90,7587,5115,2472,655,2217,5370,5.73032240543034,6.25527917888563,4.64409510113269,4.65441464122137,5.18965268380695,5.95353744692737,158
"160",2014,9,5.74078947368421,76,6.33921568627451,4.52,3.25,4.7,5.99672131147541,51,25,4,15,61,7663,5166,2497,659,2232,5431,5.73042621558137,6.25610782036392,4.64285265919103,4.64589012139605,5.18636200716846,5.95402248020622,159
"161",2014,10,5.45151515151515,99,5.82,4.74705882352941,5.54444444444444,5.05625,5.52771084337349,65,34,9,16,83,7762,5231,2531,668,2248,5514,5.72686885982994,6.25068877843624,4.64425250493876,4.65799639221557,5.1854359430605,5.94760538447588,160
"162",2014,11,5.60622222222222,90,6.22758620689655,4.48,4.59333333333333,5.09818181818182,5.77058823529412,58,32,15,22,68,7852,5289,2563,683,2270,5582,5.72548600229241,6.25043543202874,4.6422017518533,4.65657626647145,5.18459030837004,5.94544895915442,161
"163",2014,12,5.64190476190476,105,5.91375,4.772,3.5,4.71875,5.80786516853933,80,25,6,16,89,7957,5369,2588,689,2286,5671,5.72438307025261,6.24541869994412,4.64345559891809,4.64650448476052,5.18132983377078,5.94328973549638,162
"164",2015,1,5.88805031446541,159,6.45,4.82545454545455,5.35238095238095,5.57142857142857,5.93623188405797,104,55,21,21,138,8116,5473,2643,710,2307,5809,5.72758946402169,6.24930623058651,4.64724293984109,4.66738252112676,5.18488079757261,5.94312206748149,163
"165",2015,2,5.7560824742268,97,6.13181818181818,4.95612903225806,4.91666666666667,5.96428571428571,5.72096385542169,66,31,12,14,83,8213,5539,2674,722,2321,5892,5.72792598197979,6.24790630077631,4.65082389304413,4.67152574792243,5.18958207669108,5.93999254752206,164
"166",2015,3,5.62761904761905,105,5.93333333333333,5.04166666666667,5.15384615384615,5.66666666666667,5.61785714285714,69,36,13,21,84,8318,5608,2710,735,2342,5976,5.72665978480404,6.24403584165478,4.65601590036901,4.68005658503401,5.19385994876174,5.93546453982597,165
"167",2015,4,5.69625,120,6.00535714285714,4.975,4.77777777777778,4.79047619047619,5.88838383838384,84,36,9,21,99,8438,5692,2746,744,2363,6075,5.72622731571462,6.24051352775826,4.66019777494538,4.68123869623656,5.1902750740584,5.93469729876543,166
"168",2015,5,5.54085365853659,82,5.78636363636364,5.04074074074074,5,4.97368421052632,5.71190476190476,55,27,11,19,63,8520,5747,2773,755,2382,6138,5.72444320305164,6.23616721767879,4.66390302560404,4.68588290066225,5.18854743912679,5.9324105718475,167
"169",2015,6,5.84883720930233,86,6.49666666666667,4.35384615384615,5.07142857142857,5.775,5.86081081081081,60,26,7,12,74,8606,5807,2799,762,2394,6212,5.72568627585405,6.23885879111417,4.66102289746338,4.68942465879265,5.19148705096074,5.93155764488087,168
"170",2015,7,5.50869565217391,92,6.08620689655172,4.52352941176471,5.1,4.84615384615385,5.61772151898734,58,34,10,13,79,8698,5865,2833,772,2407,6291,5.72339113474362,6.23734919011083,4.65937278150371,4.69474299222798,5.18962193601994,5.92761660944206,169
"171",2015,8,5.49744525547445,137,6.05714285714286,4.61037735849057,4.13125,4.23684210526316,5.70042372881356,84,53,16,19,118,8835,5949,2886,788,2426,6409,5.71988750311262,6.23480467305429,4.65847300415801,4.68330151015228,5.18215993404782,5.92343362303011,170
"172",2015,9,5.23260869565217,115,5.74722222222222,4.37093023255814,5.17647058823529,4.08125,5.41868686868687,72,43,17,16,99,8950,6021,2929,805,2442,6508,5.71362637877095,6.22897409068261,4.65425165244111,4.69371626086956,5.17494676494677,5.91575539182544,171
"173",2015,10,5.48674698795181,83,5.73846153846154,5.06451612903226,5.57142857142857,4.85294117647059,5.65,52,31,7,17,66,9033,6073,2960,812,2459,6574,5.71154169046828,6.22477408200231,4.65854834121622,4.70128274630541,5.17272061813745,5.91308732735016,172
"174",2015,11,5.59160305343511,131,6.11927710843374,4.67916666666667,4.41875,5.21578947368421,5.65535714285714,83,48,16,19,112,9164,6156,3008,828,2478,6686,5.70982715953732,6.22335168940871,4.65887735704788,4.6958231763285,5.17305084745763,5.90876998055638,173
"175",2015,12,5.53820895522388,134,6.14310344827586,4.41851063829787,4.97692307692308,4.58862068965517,5.80047619047619,87,47,13,29,105,9298,6243,3055,841,2507,6791,5.70735384921489,6.22223338138715,4.65517940752865,4.70016835909631,5.16629038691663,5.90709558091592,174
"176",2016,1,5.56810650887574,169,5.77127118644068,5.09803921568627,5.18181818181818,4.78333333333333,5.66165562913907,118,51,11,18,151,9467,6361,3106,852,2525,6942,5.70486807753248,6.21386778808363,4.66245109143593,4.706386842723,5.16356039603961,5.90175685537309,175
"177",2016,2,5.53883928571429,112,6.01481481481482,4.29516129032258,4.83333333333333,4.85681818181818,5.70555555555556,81,31,6,22,90,9579,6442,3137,858,2547,7032,5.70292682847897,6.21136494877367,4.65882151418553,4.70727458041958,5.16091087553985,5.89924574658703,176
"178",2016,3,5.79244186046512,86,6.52115384615385,4.67794117647059,4.125,5.52222222222222,5.82402597402597,52,34,8,9,77,9665,6494,3171,866,2556,7109,5.70372334092085,6.21384554973822,4.65902651844844,4.70189560046189,5.16218309859155,5.89843101561401,177
"179",2016,4,5.57458333333333,120,6.17463768115942,4.76274509803922,4.66153846153846,5.90384615384615,5.53457943925234,69,51,13,13,107,9785,6563,3222,879,2569,7216,5.70213961062851,6.21343333841231,4.66066824643079,4.70129873720136,5.16593616193071,5.89303576635255,178
"180",2016,5,5.80368852459016,122,6.55617283950617,4.31707317073171,4.5,5.45652173913043,5.88434343434343,81,41,14,23,99,9907,6644,3263,893,2592,7315,5.70339013727667,6.21761183022276,4.65635093165799,4.69814287793953,5.16851466049383,5.89291812576897,179
"181",2016,6,5.81217391304348,115,6.28831168831169,4.84736842105263,5.06666666666667,5.8375,5.80808080808081,77,38,12,16,99,10022,6721,3301,905,2608,7414,5.70463840451008,6.21842181223032,4.65854986064829,4.70302938121547,5.17261886503068,5.89178528324791,180
"182",2016,7,5.4247619047619,105,5.97397260273973,4.171875,4.22222222222222,4.83333333333333,5.54712643678161,73,32,9,18,87,10127,6794,3333,914,2626,7501,5.70173655475462,6.21579526052399,4.65387731473148,4.69829495623632,5.17029322162986,5.88778777363018,181
"183",2016,8,5.80039682539683,126,6.2241935483871,4.60606060606061,4.66666666666667,5.94117647058824,5.77844036697248,93,33,9,17,109,10253,6887,3366,923,2643,7610,5.70294899931727,6.21590866850588,4.65340852347,4.69798655471289,5.17525160802119,5.88622156241787,182
"184",2016,9,5.67738095238095,84,6.215,4.33333333333333,4.66666666666667,5.82142857142857,5.64857142857143,60,24,3,14,70,10337,6947,3390,926,2657,7680,5.7027412295637,6.21590082049806,4.65114250442478,4.69788508639308,5.17865637937524,5.88405548046875,183
"185",2016,10,5.60576923076923,130,6.35759493670886,4.44117647058824,4.375,5.9,5.55227272727273,79,51,12,20,110,10467,7026,3441,938,2677,7790,5.70153683863571,6.21749402220324,4.64803054054054,4.69375436034115,5.18404557340306,5.87937048652118,184
"186",2016,11,5.5921875,128,6.08795180722892,4.67777777777778,4.625,5.6304347826087,5.58380952380952,83,45,12,23,105,10595,7109,3486,950,2700,7895,5.70021577064653,6.21598157265438,4.64841454102123,4.69288588421052,5.18784814814815,5.87543965674477,185
"187",2016,12,5.56386554621849,119,6.2,4.09722222222222,4.65789473684211,4.40909090909091,5.82577319587629,83,36,19,22,97,10714,7192,3522,969,2722,7992,5.6987013337689,6.21579713570634,4.6427805479841,4.69219978328173,5.18155400440852,5.8748368480981,186
"188",2017,1,5.74645161290323,155,6.30733944954128,4.41739130434783,5.18181818181818,5.55769230769231,5.78449612403101,109,46,11,26,129,10869,7301,3568,980,2748,8121,5.69938228815898,6.21716381317628,4.63987474495516,4.6976955,5.18511280931587,5.87340180889053,187
"189",2017,2,5.85779816513761,109,6.47887323943662,4.69736842105263,5.1875,6,5.84020618556701,71,38,8,12,97,10978,7372,3606,988,2760,8218,5.70095519129167,6.21968434617471,4.64048061286745,4.70166152834008,5.18865579710145,5.87300998904843,188
"190",2017,3,5.66144329896907,97,6.09842857142857,4.52851851851852,4.95833333333333,5.453125,5.70259259259259,70,27,6,16,81,11075,7442,3633,994,2776,8299,5.70060912776524,6.21854380542865,4.63964852463529,4.70321085513078,5.19018011527378,5.87134667911796,189
"191",2017,4,5.57745098039216,102,6.02089552238806,4.72857142857143,5.88888888888889,5.35,5.61976744186047,67,35,9,16,86,11177,7509,3668,1003,2792,8385,5.69948520085891,6.21678026368358,4.64049702562705,4.71385003988035,5.19109598853868,5.86876637924866,190
"192",2017,5,5.97433628318584,113,6.40117647058824,4.67857142857143,5,5.10714285714286,6.0969696969697,85,28,8,14,99,11290,7594,3696,1011,2806,8484,5.70223614614703,6.21884421912036,4.6407854680736,4.71611433234421,5.19067712045617,5.87142928925035,191
"193",2017,6,5.53772727272727,110,6.1225,4.42973684210526,4.76923076923077,4.91764705882353,5.6510752688172,72,38,13,17,93,11400,7666,3734,1024,2823,8577,5.70064877982456,6.21793934255153,4.6386376780932,4.71678866210937,5.18903294367694,5.86904000116591,192
"194",2017,7,5.46778846153846,104,6.14242424242424,4.29605263157895,4.88125,5.175,5.52102272727273,66,38,8,16,88,11504,7732,3772,1032,2839,8665,5.69854364481919,6.21729474909467,4.6351863971368,4.71806355620155,5.1889538569919,5.86550560761685,193
"195",2017,8,5.8726,125,6.36947674418605,4.77692307692308,4.95833333333333,5.02777777777778,6.01471962616822,86,39,12,18,107,11629,7818,3811,1044,2857,8772,5.70041457476997,6.21896878997186,4.63663686434007,4.72082527777777,5.18793839691985,5.86732570565435,194
"196",2017,9,5.73255813953488,86,6.31481481481481,4.75,5,5.33333333333333,5.77922077922078,54,32,5,9,77,11715,7872,3843,1049,2866,8849,5.70065054118651,6.2196262703252,4.63758081967213,4.7221559485224,5.18839497557572,5.86655905639055,195
"197",2017,10,5.68532110091743,109,6.22948717948718,4.31612903225806,4.87142857142857,4.71764705882353,5.86413043478261,78,31,7,17,92,11824,7950,3874,1056,2883,8941,5.7005092261502,6.21972301886793,4.63500854155912,4.72314544507575,5.18561914672217,5.86653406665921,196
"198",2017,11,5.53295238095238,105,6.11421875,4.62560975609756,4.83928571428571,5.05277777777778,5.63229885057471,64,41,14,18,87,11929,8014,3915,1070,2901,9028,5.69903437756727,6.21888045919641,4.63491011238825,4.72466503738317,5.18479489831093,5.864276815463,197
"199",2017,12,5.60920353982301,113,6.13311688311688,4.48861111111111,4.56333333333333,4.87222222222222,5.74884210526316,77,36,15,18,95,12042,8091,3951,1085,2919,9123,5.69819142086032,6.2180642689408,4.63357709187548,4.72243464516129,5.18286742034944,5.8630747659761,198
"200",2018,1,5.65657894736842,152,6.08715596330275,4.56511627906977,4.85833333333333,5.15384615384615,5.70359712230216,109,43,12,13,139,12194,8200,3994,1097,2932,9262,5.69767271526981,6.21632414634146,4.63284003254883,4.72392123062899,5.18273874488404,5.86068139602677,199
"201",2018,2,5.56236559139785,93,6.03833333333333,4.6969696969697,5,5.91666666666667,5.50987654320988,60,33,12,12,81,12287,8260,4027,1109,2944,9343,5.69664857898592,6.21503123486683,4.63336555500373,4.72690855725879,5.18573029891304,5.85764006100824,200
"202",2018,3,5.49565217391304,92,6.37884615384615,4.3475,4.3,5.40714285714286,5.51153846153846,52,40,10,14,78,12379,8312,4067,1119,2958,9421,5.69515478552387,6.21605606352262,4.63055399311532,4.72309346738159,5.18677822853279,5.85477455577964,201
"203",2018,4,5.473,100,6.04852941176471,4.25,3.55,5,5.56987951807229,68,32,10,17,83,12479,8380,4099,1129,2975,9504,5.69337455645485,6.21469665871122,4.62758309099781,4.71270291408326,5.18571092436975,5.85228652041246,202
"204",2018,5,5.575,65,6.28313953488372,4.19090909090909,4,4.3,5.77991071428571,43,22,1,9,56,12544,8423,4121,1130,2984,9560,5.69276116788903,6.21504606434762,4.62525190245087,4.71207220353982,5.18303954423592,5.85186256171548,203
"205",2018,6,5.71988095238095,84,6.21703703703704,4.825,4.375,5.66666666666667,5.72397435897436,54,30,6,6,78,12628,8477,4151,1136,2990,9638,5.69294156556858,6.2150587471983,4.62669551674296,4.71029189260563,5.18401003344482,5.8508275669226,204
"206",2018,7,5.5802380952381,84,6.10830188679245,4.67741935483871,4.57692307692308,5.57777777777778,5.58053333333333,53,31,13,9,75,12712,8530,4182,1149,2999,9713,5.69219682898049,6.21439542790152,4.62707151841225,4.7087829329852,5.18519173057686,5.84874046020797,205
"207",2018,8,5.65957894736842,95,6.24567164179104,4.25714285714286,4.5,4.61538461538461,5.82512195121951,67,28,6,13,82,12807,8597,4210,1155,3012,9795,5.69195487545874,6.2146391764569,4.62461118527316,4.70769834632034,5.18273240371846,5.84854273506891,206
"208",2018,9,5.70081081081081,74,6.11045454545455,5.1,4.8375,5.33636363636364,5.76444444444444,44,30,8,11,63,12881,8641,4240,1163,3023,9858,5.69200575188262,6.21410866797824,4.62797478537736,4.70859122098022,5.18329143235197,5.84800528403327,207
"209",2018,10,5.73256880733945,109,5.87317073170732,5.30555555555556,5.32777777777778,5.03636363636364,5.81071428571429,82,27,9,11,98,12990,8723,4267,1172,3034,9956,5.69234611932256,6.21090370285452,4.6322622662292,4.7133460665529,5.1827587343441,5.84763821715548,208
"210",2018,11,5.6813829787234,94,6.38636363636364,4.68717948717949,3.84615384615385,4.95454545454545,5.77771084337349,55,39,13,11,83,13084,8778,4306,1185,3045,10039,5.69226735631306,6.2120030758715,4.63275965861589,4.70383256540084,5.18193431855501,5.84706007470864,209
"211",2018,12,5.65601371134021,97,5.98171712121212,4.96258064516129,5.02,5.94444444444444,5.62651511363636,66,31,17,9,88,13181,8844,4337,1202,3054,10127,5.69200056293149,6.21028452397105,4.6351171524095,4.70830415141431,5.18418140144073,5.84514361805075,210
"212",2019,1,5.61171428571429,105,6.0395652173913,4.79166666666667,5.11538461538461,6.171875,5.51101123595506,69,36,13,16,89,13286,8913,4373,1215,3070,10216,5.6913660559988,6.20896290025805,4.63640592042077,4.71265974485596,5.18932899022801,5.84223271534847,211
"213",2019,2,5.7,73,6.00192307692308,4.95238095238095,3.5,5.92857142857143,5.67575757575758,52,21,2,7,66,13359,8965,4394,1217,3077,10282,5.69141323602066,6.207762,4.63791604233045,4.71066687756778,5.19101072473188,5.84116411398561,212
"214",2019,3,5.75521739130435,92,6.18430769230769,4.72222222222222,4.11111111111111,5.30769230769231,5.82886075949367,65,27,9,13,79,13451,9030,4421,1226,3090,10361,5.6918496334845,6.20759317054264,4.63843091834427,4.70626557096247,5.19150161812298,5.84107030402471,213
"215",2019,4,5.40721518987342,79,6.12886363636364,4.5,4.5,5.35714285714286,5.41208333333333,44,35,8,7,72,13530,9074,4456,1234,3097,10433,5.69018768810052,6.20721140952171,4.6373436018851,4.70492835494327,5.19187600904101,5.83810978817215,214
"216",2019,5,5.6658064516129,62,6.11658536585366,4.78571428571429,5.75,5.66666666666667,5.66571428571429,41,21,4,6,56,13592,9115,4477,1238,3103,10489,5.69007647292525,6.20680376631926,4.63803955550592,4.708305,5.19279407025459,5.83718938125655,215
"217",2019,6,5.75955223880597,67,6.19148936170213,4.7445,4.85666666666667,5.44,5.79098360655738,47,20,6,6,61,13659,9162,4497,1244,3109,10550,5.69041726480709,6.20672520519537,4.63851302868579,4.70902057073955,5.19327114827919,5.83692221990521,216
"218",2019,7,5.6623932051282,78,6.01476196428571,4.76545454545455,5.75,5.61428571428571,5.67291671875,56,22,4,14,64,13737,9218,4519,1248,3123,10614,5.69025814151562,6.20555901497071,4.63913102235008,4.71235704326923,5.19515850144092,5.83593330412662,217
"219",2019,8,5.68697916666667,96,6.15347222222222,4.2875,4.66666666666667,7,5.59944444444444,72,24,6,6,90,13833,9290,4543,1254,3129,10704,5.69023538567195,6.20515532831001,4.63727340744002,4.71213842902711,5.19861936720997,5.83394488882661,218
"220",2019,9,5.4825,80,6.02745098039216,4.52413793103448,4.7,4.82307692307692,5.61044776119403,51,29,5,13,67,13913,9341,4572,1259,3142,10771,5.68904090347158,6.20418509795525,4.63655579396326,4.71209022239873,5.19706556333546,5.83255464580819,219
"221",2019,10,5.61179268292683,82,6.05460344827586,4.54166666666667,3.57142857142857,4.5,5.76620833333333,58,24,7,10,72,13995,9399,4596,1266,3152,10843,5.68858828795999,6.20326204915417,4.63606028938208,4.7057832464455,5.19485406091371,5.83211409111869,220
"222",2019,11,5.55114942528736,87,6.07452830188679,4.73529411764706,4.55555555555556,5.4,5.56036585365854,53,34,9,5,82,14082,9452,4630,1275,3157,10925,5.6877391769635,6.20254020313161,4.63678900431966,4.70472281568627,5.19517896737409,5.83007442471396,221
"223",2019,12,5.63501225490196,102,6.35900362318841,4.12121212121212,4.5,4.93333333333333,5.75599137931034,69,33,6,15,87,14184,9521,4663,1281,3172,11012,5.6873600070502,6.20367411511396,4.63314027235686,4.70376392661983,5.19394073139975,5.82948913367236,222
"224",2020,1,5.50175675675676,148,5.94164948453608,4.66509803921569,3.93,5.34583333333333,5.53193548387097,97,51,10,24,124,14332,9618,4714,1291,3196,11136,5.68544336728998,6.201031529424,4.63348601824353,4.69777040278853,5.19508135168961,5.82617585668103,223
"225",2020,2,5.71339342342342,111,6.40969696969697,4.69214822222222,3.42888916666667,5.51666666666667,5.73723909090909,66,45,12,12,99,14443,9684,4759,1303,3208,11235,5.68565817420204,6.20245366067741,4.63404071443581,4.68608462010744,5.19628428927681,5.8253921682243,224
"226",2020,3,5.15297506666667,75,5.77251536585366,4.40588235294118,5,5.55,5.09189430769231,41,34,5,10,65,14518,9725,4793,1308,3218,11300,5.68290633282821,6.20064106735219,4.63242223242229,4.68728460244648,5.19738346799254,5.82117293274336,225
"227",2020,4,5.69422535211268,71,5.99055555555556,4.75294117647059,6.2,4.9,5.8244262295082,54,17,4,10,61,14589,9779,4810,1312,3228,11361,5.68296141887724,6.19948096737908,4.63284818295219,4.69189653963414,5.19646220570012,5.82119040049291,226
"228",2020,5,5.57076923076923,65,5.78205128205128,5.25384615384615,5.75,4.9,5.61475409836066,39,26,4,4,61,14654,9818,4836,1316,3232,11422,5.68246377371366,6.19782281320025,4.63618688172043,4.69511265957447,5.1960952970297,5.82008791279986,227
"229",2020,6,5.48506493506494,77,6.05961538461538,4.29,3.29166666666667,4.546875,5.73114754098361,52,25,6,16,61,14731,9870,4861,1322,3248,11483,5.6814319557396,6.19709466869301,4.63440645134746,4.68874301059001,5.19289716748768,5.81961544369938,228
"230",2020,7,5.84810455882353,68,6.28790596153846,4.41875,5.25,6.22222222222222,5.79103576271186,52,16,4,9,59,14799,9922,4877,1326,3257,11542,5.68219780052706,6.19757059967748,4.63369894607341,4.69043609351433,5.19574147988947,5.81946935106567,229
"231",2020,8,6.03219178082192,73,6.46909090909091,4.69722222222222,4.66666666666667,5.75,6.06692307692308,55,18,3,8,65,14872,9977,4895,1329,3265,11607,5.68391576452394,6.19906740402927,4.63393253524004,4.69038243792325,5.19709954058193,5.82085510898595,230
"232",2020,9,5.28655737704918,61,6.18277777777778,3.996,4.31666666666667,4.66666666666667,5.35418181818182,36,25,6,6,55,14933,10013,4920,1335,3271,11662,5.68229259023639,6.19900883751124,4.63069100813008,4.6887028164794,5.19612656679914,5.81865419739324,231
"233",2020,10,5.64556962025316,79,6.28846153846154,4.40740740740741,3.83333333333333,5.08333333333333,5.74626865671642,52,27,6,12,67,15012,10065,4947,1341,3283,11729,5.68209933719691,6.19947098758073,4.62947235900546,4.68487565995526,5.19571428571429,5.81824070679512,232
"234",2020,11,5.45698924731183,93,5.9015625,4.47586206896552,4,5.63636363636364,5.43292682926829,64,29,7,11,82,15105,10129,4976,1348,3294,11811,5.68071335650447,6.19758865534604,4.6285771221865,4.68131918397626,5.19718579234973,5.81556559563119,233
"235",2020,12,5.8106222,100,6.31368603174603,4.95405405405405,4.5,5.23076923076923,5.89726689655172,63,37,8,13,87,15205,10192,5013,1356,3307,11898,5.68156773890168,6.19830629022763,4.63097940554558,4.68024945427728,5.19731781070457,5.81616300806858,234
"236",2021,1,5.5621359223301,103,5.91408450704225,4.78125,5.19230769230769,5.09166666666667,5.62417582417582,71,32,13,12,91,15308,10263,5045,1369,3319,11989,5.68076414097204,6.19634002825685,4.63193255896928,4.68511195032871,5.19693582404339,5.81470576945533,235
"237",2021,2,5.63571428571429,63,5.87619047619048,5.15476190476191,5.55,6,5.60431034482759,42,21,5,5,58,15371,10305,5066,1374,3324,12047,5.68057949840609,6.19503519747695,4.63409983418871,4.688259286754,5.19814380264741,5.81369282559973,236
"238",2021,3,5.85908333333333,60,6.00609756097561,5.54184210526316,5.765,5.61611111111111,5.90196078431373,41,19,3,9,51,15431,10346,5085,1377,3333,12098,5.68127357073424,6.19428645950126,4.63749159488692,4.69060512708787,5.19927242724272,5.81406492560754,237
"239",2021,4,5.74545454545455,88,6.42391304347826,5.00238095238095,5,5.8,5.73424657534247,46,42,5,15,73,15519,10392,5127,1382,3348,12171,5.68163750692699,6.19530289742109,4.64048074117418,4.69172450072359,5.20196385902031,5.81358618601594,238
"240",2021,5,5.42755203125,64,5.98880333333333,4.552,3.375,5.71538461538462,5.35418294117647,39,25,4,13,51,15583,10431,5152,1386,3361,12222,5.68059396778541,6.19453082542422,4.64005138975155,4.68792443001443,5.20394971734603,5.81166918671249,239
"241",2021,6,6.15277777777778,72,6.73469387755102,4.91304347826087,6.16666666666667,5.70769230769231,6.25084745762712,49,23,3,13,59,15655,10480,5175,1389,3374,12281,5.68276562120728,6.19705639694657,4.64126468792271,4.69111825773938,5.205890634262,5.81377907336536,240
"242",2021,7,5.10420168067227,119,6.39736842105263,4.49753086419753,5.2,4.62727272727273,5.21237113402062,38,81,5,22,97,15774,10518,5256,1394,3396,12378,5.67840090021555,6.19778009507511,4.63904961187215,4.69294351506456,5.20214222614841,5.80906614962029,241
"243",2021,8,5.28488372093023,86,6.11777777777778,4.37073170731707,4.07,6.28571428571429,5.19620253164557,45,41,10,7,79,15860,10563,5297,1404,3403,12457,5.67626707440101,6.19743927293383,4.63697276949217,4.68850659544159,5.20437114310902,5.80517948141607,242
"244",2021,9,5.92342105263158,76,6.43148936170213,5.1,5.2,6.21428571428571,5.89391304347826,47,29,5,7,69,15936,10610,5326,1409,3410,12526,5.67744577058233,6.19847606409048,4.63949394667668,4.69032168914123,5.20644428152493,5.8056682739901,243
"245",2021,10,5.50602409638554,83,6.3125,4.4,4.21428571428571,4.08333333333333,5.74647887323944,48,35,7,12,71,16019,10658,5361,1416,3422,12597,5.67655757537924,6.1989895890411,4.6379303786607,4.6879684039548,5.20250584453536,5.8053346669842,244
"246",2021,11,5.83231707317073,82,6.37282608695652,5.14166666666667,5,6.29166666666667,5.75357142857143,46,36,7,12,70,16101,10704,5397,1423,3434,12667,5.67735083535184,6.19973664424514,4.64129048730777,4.68950334504568,5.20631188118812,5.80504861451014,245
"247",2021,12,5.59679245283019,106,6.01548387096774,5.00681818181818,4.71428571428571,4.09,5.75375,62,44,7,10,96,16207,10766,5441,1430,3444,12763,5.67682395261307,6.1986755563812,4.64424641793788,4.68962465734266,5.20307055749129,5.80466275953929,246
"248",2022,1,5.445144,125,5.76652,4.96308,4,4.79166666666667,5.51453982300885,75,50,4,12,113,16332,10841,5491,1434,3456,12876,5.67505074699976,6.19568582603081,4.6471496558004,4.6877010181311,5.20164207175926,5.80211663560112,247
"249",2022,2,5.51534653465347,101,6.13181818181818,4.77826086956522,4.22222222222222,5.02941176470588,5.61369047619048,55,46,9,17,84,16433,10896,5537,1443,3473,12960,5.67406917787379,6.19536343979442,4.64823889470833,4.68479782397782,5.20079902101929,5.80089535493827,248
"250",2022,3,5.67222368421053,76,6.0715,5.06,4.7,4.45,5.85740909090909,46,30,5,10,66,16509,10942,5567,1448,3483,13026,5.67406068205222,6.19484271979529,4.65045783366265,4.68485031767956,5.19864341085271,5.80118169814218,249
"251",2022,4,5.81285714285714,70,6.3975,5.03333333333333,4.78571428571429,4.72857142857143,6.08392857142857,40,30,7,14,56,16579,10982,5597,1455,3497,13082,5.67464670969299,6.19558086323074,4.65251005181347,4.68533557388316,5.1967615098656,5.80239205014524,250
"252",2022,5,5.85479012345679,81,6.37647058823529,4.96793333333333,5.96,5.20454545454545,5.95697142857143,51,30,5,11,70,16660,11033,5627,1460,3508,13152,5.67552255702281,6.19641702528777,4.6541917113915,4.6897008630137,5.19678591790194,5.8032147810219,251
"253",2022,6,5.55915492957747,71,6.03617021276596,4.625,5.66666666666667,5.70714285714286,5.52280701754386,47,24,6,14,57,16731,11080,5651,1466,3522,13209,5.67502873707489,6.19573727797834,4.65406773314458,4.69369935879945,5.19881459398069,5.80200475433417,252
"254",2022,7,5.62341772151899,79,5.9969387755102,5.01333333333333,5.5,5.75,5.60507246376812,49,30,8,10,69,16810,11129,5681,1474,3532,13278,5.67478618679358,6.19486198580286,4.65596492870973,4.6980754816825,5.20037514156285,5.80098138273836,253
"255",2022,8,5.50679012345679,81,5.907,4.86129032258065,4.68888888888889,5.35,5.53676470588235,50,31,9,13,68,16891,11179,5712,1483,3545,13346,5.67398056953407,6.19357447356651,4.65707926470588,4.69801973027646,5.20092383638928,5.79963515660123,254
