"","year","month","avg_rating","no_ratings","avg_rating_owned","avg_rating_not_owned","avg_rating_prev_owned","avg_rating_comment","avg_rating_no_comment","no_ratings_owned","no_ratings_not_owned","no_ratings_prev_owned","no_ratings_comment","no_ratings_no_comment","cum_no_ratings","cum_no_ratings_owned","cum_no_ratings_not_owned","cum_no_ratings_prev_owned","cum_no_ratings_comment","cum_no_ratings_no_comment","cum_avg_rating","cum_avg_rating_owned","cum_avg_rating_not_owned","cum_avg_rating_prev_owned","cum_avg_rating_comment","cum_avg_rating_no_comment","month_after_release"
"1",2001,12,6,1,NA,6,NA,6,NA,0,1,0,1,0,1,0,1,0,1,0,6,NA,6,NA,6,NA,0
"2",2002,1,3.5,2,NA,3.5,NA,NA,3.5,0,2,0,0,2,3,0,3,0,1,2,4.33333333333333,NA,4.33333333333333,NA,6,3.5,1
"3",2002,2,2,2,2,2,NA,2,2,1,1,0,1,1,5,1,4,0,2,3,3.4,2,3.75,NA,4,3,2
"4",2002,3,5,3,5,NA,NA,5,5,3,0,0,1,2,8,4,4,0,3,5,4,4.25,3.75,NA,4.33333333333333,3.8,3
"5",2002,6,4.5,2,NA,4.5,5,5,4,0,2,1,1,1,10,4,6,1,4,6,4.1,4.25,4,5,4.5,3.83333333333333,6
"6",2002,7,4,1,NA,4,NA,NA,4,0,1,0,0,1,11,4,7,1,4,7,4.09090909090909,4.25,4,5,4.5,3.85714285714286,7
"7",2002,8,5,4,5,5,NA,NA,5,2,2,0,0,4,15,6,9,1,4,11,4.33333333333333,4.5,4.22222222222222,5,4.5,4.27272727272727,8
"8",2002,9,5,2,6,4,NA,6,4,1,1,0,1,1,17,7,10,1,5,12,4.41176470588235,4.71428571428571,4.2,5,4.8,4.25,9
"9",2002,10,5,1,NA,5,NA,5,NA,0,1,0,1,0,18,7,11,1,6,12,4.44444444444444,4.71428571428571,4.27272727272727,5,4.83333333333333,4.25,10
"10",2002,11,4.8,5,6,4,3,4,8,2,3,1,4,1,23,9,14,2,10,13,4.52173913043478,5,4.21428571428571,4,4.5,4.53846153846154,11
"11",2002,12,6.5,2,6,7,NA,7,6,1,1,0,1,1,25,10,15,2,11,14,4.68,5.1,4.4,4,4.72727272727273,4.64285714285714,12
"12",2003,1,5,5,4.5,5.33333333333333,NA,5,5,2,3,0,2,3,30,12,18,2,13,17,4.73333333333333,5,4.55555555555556,4,4.76923076923077,4.70588235294118,13
"13",2003,2,2,1,2,NA,NA,NA,2,1,0,0,0,1,31,13,18,2,13,18,4.64516129032258,4.76923076923077,4.55555555555556,4,4.76923076923077,4.55555555555556,14
"14",2003,3,4.5,4,4.5,NA,NA,6,4,4,0,0,1,3,35,17,18,2,14,21,4.62857142857143,4.70588235294118,4.55555555555556,4,4.85714285714286,4.47619047619048,15
"15",2003,4,4.5,2,3,6,NA,NA,4.5,1,1,0,0,2,37,18,19,2,14,23,4.62162162162162,4.61111111111111,4.63157894736842,4,4.85714285714286,4.47826086956522,16
"16",2003,5,4.25,4,NA,4.25,NA,3,8,0,4,0,3,1,41,18,23,2,17,24,4.58536585365854,4.61111111111111,4.56521739130435,4,4.52941176470588,4.625,17
"17",2003,6,6.5,2,7,6,NA,NA,6.5,1,1,0,0,2,43,19,24,2,17,26,4.67441860465116,4.73684210526316,4.625,4,4.52941176470588,4.76923076923077,18
"18",2003,7,3.22222222222222,27,2.875,3.36842105263158,NA,2.75,3.30434782608696,8,19,0,4,23,70,27,43,2,21,49,4.11428571428571,4.18518518518519,4.06976744186047,4,4.19047619047619,4.08163265306123,19
"19",2003,8,4.5,4,5.33333333333333,2,NA,4,5,3,1,0,2,2,74,30,44,2,23,51,4.13513513513514,4.3,4.02272727272727,4,4.17391304347826,4.11764705882353,20
"20",2003,9,4.8125,8,5.625,4,NA,4.875,4.75,4,4,0,4,4,82,34,48,2,27,55,4.20121951219512,4.45588235294118,4.02083333333333,4,4.27777777777778,4.16363636363636,21
"21",2003,10,4.25,4,3.5,5,NA,4.66666666666667,3,2,2,0,3,1,86,36,50,2,30,56,4.20348837209302,4.40277777777778,4.06,4,4.31666666666667,4.14285714285714,22
"22",2003,11,4,2,NA,4,NA,4,NA,0,2,0,2,0,88,36,52,2,32,56,4.19886363636364,4.40277777777778,4.05769230769231,4,4.296875,4.14285714285714,23
"23",2003,12,4,4,4,4,NA,2,4.66666666666667,2,2,0,1,3,92,38,54,2,33,59,4.19021739130435,4.38157894736842,4.05555555555556,4,4.22727272727273,4.16949152542373,24
"24",2004,1,4.66666666666667,6,7,4.2,4,3,6.33333333333333,1,5,3,3,3,98,39,59,5,36,62,4.21938775510204,4.44871794871795,4.06779661016949,4,4.125,4.2741935483871,25
"25",2004,2,3.5,2,5,2,NA,NA,3.5,1,1,0,0,2,100,40,60,5,36,64,4.205,4.4625,4.03333333333333,4,4.125,4.25,26
"26",2004,3,4,5,2.5,5,3,2,5.33333333333333,2,3,1,2,3,105,42,63,6,38,67,4.1952380952381,4.36904761904762,4.07936507936508,3.83333333333333,4.01315789473684,4.29850746268657,27
"27",2004,4,5.66666666666667,3,6.5,4,4,6,5,2,1,1,2,1,108,44,64,7,40,68,4.23611111111111,4.46590909090909,4.078125,3.85714285714286,4.1125,4.30882352941177,28
"28",2004,5,3,1,3,NA,NA,NA,3,1,0,0,0,1,109,45,64,7,40,69,4.22477064220183,4.43333333333333,4.078125,3.85714285714286,4.1125,4.28985507246377,29
"29",2004,6,4.125,8,4,4.25,4.33333333333333,4.5,3.75,4,4,3,4,4,117,49,68,10,44,73,4.21794871794872,4.39795918367347,4.08823529411765,4,4.14772727272727,4.26027397260274,30
"30",2004,7,4.4,5,3.5,5,3,4.75,3,2,3,1,4,1,122,51,71,11,48,74,4.22540983606557,4.36274509803922,4.12676056338028,3.90909090909091,4.19791666666667,4.24324324324324,31
"31",2004,8,4,1,NA,4,NA,4,NA,0,1,0,1,0,123,51,72,11,49,74,4.22357723577236,4.36274509803922,4.125,3.90909090909091,4.19387755102041,4.24324324324324,32
"32",2004,9,4,10,5.4,2.6,NA,3.125,7.5,5,5,0,8,2,133,56,77,11,57,76,4.20676691729323,4.45535714285714,4.02597402597403,3.90909090909091,4.04385964912281,4.32894736842105,33
"33",2004,10,5.66666666666667,3,6.5,4,NA,4,6.5,2,1,0,1,2,136,58,78,11,58,78,4.23897058823529,4.52586206896552,4.02564102564103,3.90909090909091,4.04310344827586,4.38461538461539,34
"34",2004,11,4.25,4,4.66666666666667,3,NA,4.66666666666667,3,3,1,0,3,1,140,61,79,11,61,79,4.23928571428571,4.5327868852459,4.0126582278481,3.90909090909091,4.07377049180328,4.36708860759494,35
"35",2004,12,4.9,5,7.5,3.16666666666667,NA,3.625,10,2,3,0,4,1,145,63,82,11,65,80,4.26206896551724,4.62698412698413,3.98170731707317,3.90909090909091,4.04615384615385,4.4375,36
"36",2005,1,3.875,8,4.75,3,NA,4,3.8,4,4,0,3,5,153,67,86,11,68,85,4.24183006535948,4.63432835820895,3.93604651162791,3.90909090909091,4.04411764705882,4.4,37
"37",2005,2,4.42857142857143,7,5.5,1.75,NA,4,5,5,2,0,4,3,160,72,88,11,72,88,4.25,4.69444444444444,3.88636363636364,3.90909090909091,4.04166666666667,4.42045454545455,38
"38",2005,3,3.66666666666667,3,3,4,NA,3.5,4,1,2,0,2,1,163,73,90,11,74,89,4.23926380368098,4.67123287671233,3.88888888888889,3.90909090909091,4.02702702702703,4.41573033707865,39
"39",2005,4,5.66666666666667,3,NA,5.66666666666667,5.5,6,5.5,0,3,2,1,2,166,73,93,13,75,91,4.26506024096386,4.67123287671233,3.94623655913978,4.15384615384615,4.05333333333334,4.43956043956044,40
"40",2005,5,3.56,5,1.5,4.93333333333333,4.8,3.93333333333333,3,2,3,1,3,2,171,75,96,14,78,93,4.24444444444444,4.58666666666667,3.97708333333333,4.2,4.04871794871795,4.40860215053763,41
"41",2005,6,3.375,4,1.75,5,5,2.83333333333333,5,2,2,1,3,1,175,77,98,15,81,94,4.22457142857143,4.51298701298701,3.99795918367347,4.25333333333333,4.00370370370371,4.41489361702128,42
"42",2005,7,4,5,4,NA,NA,3.33333333333333,5,5,0,0,3,2,180,82,98,15,84,96,4.21833333333333,4.48170731707317,3.99795918367347,4.25333333333333,3.97976190476191,4.42708333333333,43
"43",2005,8,4.05555555555556,9,3.6,4.625,5,3.6,4.625,5,4,1,5,4,189,87,102,16,89,100,4.21058201058201,4.43103448275862,4.02254901960784,4.3,3.95842696629214,4.435,44
"44",2005,9,3.87777777777778,9,3.88,3.875,2,3.98571428571429,3.5,5,4,1,7,2,198,92,106,17,96,102,4.19545454545455,4.40108695652174,4.01698113207547,4.16470588235294,3.96041666666667,4.41666666666667,45
"45",2005,10,5,6,4.33333333333333,5.66666666666667,5,5.25,4.5,3,3,1,4,2,204,95,109,18,100,104,4.21911764705882,4.39894736842105,4.06238532110092,4.21111111111111,4.012,4.41826923076923,46
"46",2005,11,4.33333333333333,9,5,4.14285714285714,NA,3.83333333333333,5.33333333333333,2,7,0,6,3,213,97,116,18,106,107,4.22394366197183,4.41134020618557,4.06724137931035,4.21111111111111,4.00188679245283,4.44392523364486,47
"47",2005,12,5.0625,8,6.33333333333333,4.3,NA,4.92857142857143,6,3,5,0,7,1,221,100,121,18,113,108,4.25429864253394,4.469,4.07685950413223,4.21111111111111,4.05929203539823,4.45833333333333,48
"48",2006,1,3.94444444444444,9,4.28571428571429,2.75,4,3.7,4.25,7,2,1,5,4,230,107,123,19,118,112,4.24217391304348,4.45700934579439,4.05528455284553,4.2,4.04406779661017,4.45089285714286,49
"49",2006,2,5.4375,8,5.5,5.4,5,5.3,5.66666666666667,3,5,1,5,3,238,110,128,20,123,115,4.28235294117647,4.48545454545454,4.1078125,4.24,4.09512195121951,4.48260869565217,50
"50",2006,3,5.625,4,5.83333333333333,5,NA,5.75,5.5,3,1,0,2,2,242,113,129,20,125,117,4.30454545454545,4.5212389380531,4.11472868217054,4.24,4.1216,4.5,51
"51",2006,4,3.57142857142857,7,4.16666666666667,3.125,NA,4.1,2.25,3,4,0,5,2,249,116,133,20,130,119,4.28393574297189,4.51206896551724,4.08496240601504,4.24,4.12076923076923,4.46218487394958,52
"52",2006,5,4.83333333333333,6,5,4,4,5,4,5,1,1,5,1,255,121,134,21,135,120,4.29686274509804,4.53223140495868,4.08432835820896,4.22857142857143,4.15333333333334,4.45833333333333,53
"53",2006,6,4,3,NA,4,NA,4.5,3,0,3,0,2,1,258,121,137,21,137,121,4.29341085271318,4.53223140495868,4.08248175182482,4.22857142857143,4.15839416058394,4.44628099173554,54
"54",2006,7,4.33333333333333,9,5.2,3.25,NA,4,4.75,5,4,0,5,4,267,126,141,21,142,125,4.29475655430712,4.55873015873016,4.05886524822695,4.22857142857143,4.15281690140845,4.456,55
"55",2006,8,4.28571428571429,7,5,3.33333333333333,NA,4.3,4.25,4,3,0,5,2,274,130,144,21,147,127,4.29452554744525,4.57230769230769,4.04375,4.22857142857143,4.1578231292517,4.45275590551181,56
"56",2006,9,4.78571428571429,7,3.83333333333333,5.5,NA,4.25,5,3,4,0,2,5,281,133,148,21,149,132,4.3067615658363,4.55563909774436,4.08310810810811,4.22857142857143,4.15906040268457,4.47348484848485,57
"57",2006,10,3.85714285714286,7,3,4,NA,4,3.66666666666667,1,6,0,4,3,288,134,154,21,153,135,4.29583333333333,4.54402985074627,4.07987012987013,4.22857142857143,4.15490196078432,4.45555555555556,58
"58",2006,11,4.83333333333333,3,4.75,5,NA,5,4.75,2,1,0,1,2,291,136,155,21,154,137,4.30137457044674,4.54705882352941,4.0858064516129,4.22857142857143,4.16038961038961,4.45985401459854,59
"59",2006,12,4.07142857142857,21,4.83333333333333,3.5,5,4.02777777777778,4.10416666666667,9,12,2,9,12,312,145,167,23,163,149,4.28589743589744,4.5648275862069,4.0437125748503,4.29565217391304,4.15306748466258,4.43120805369128,60
"60",2007,1,3.76470588235294,17,4.125,3.44444444444444,NA,3,4.08333333333333,8,9,0,5,12,329,153,176,23,168,161,4.25896656534954,4.54183006535948,4.01306818181818,4.29565217391304,4.11875,4.40527950310559,61
"61",2007,2,4.14285714285714,7,4.6,3,NA,3.5,4.4,5,2,0,2,5,336,158,178,23,170,166,4.25654761904762,4.54367088607595,4.00168539325843,4.29565217391304,4.11147058823529,4.40512048192771,62
"62",2007,3,4.06363636363636,11,4.33333333333333,3.9625,4,4.14,4,3,8,1,5,6,347,161,186,24,175,172,4.25043227665706,4.53975155279503,4,4.28333333333333,4.11228571428572,4.39098837209302,63
"63",2007,4,3.375,8,4,1.5,NA,2.33333333333333,4,6,2,0,3,5,355,167,188,24,178,177,4.23070422535211,4.52035928143713,3.97340425531915,4.28333333333333,4.08230337078652,4.37994350282486,64
"64",2007,5,5.44,5,5.4,5.5,NA,6,5.3,3,2,0,1,4,360,170,190,24,179,181,4.2475,4.53588235294118,3.98947368421053,4.28333333333333,4.09301675977654,4.40027624309392,65
"65",2007,6,4.075,4,4.9,3.25,NA,4,4.15,2,2,0,2,2,364,172,192,24,181,183,4.2456043956044,4.54011627906977,3.98177083333333,4.28333333333333,4.09198895027624,4.39754098360656,66
"66",2007,7,4.61538461538461,13,5.4,4.125,4,4.85714285714286,4.33333333333333,5,8,1,7,6,377,177,200,25,188,189,4.25835543766578,4.56440677966102,3.9875,4.272,4.12047872340426,4.39550264550265,67
"67",2007,8,4.66666666666667,9,4.4,5,4,3.75,5.4,5,4,1,4,5,386,182,204,26,192,194,4.26787564766839,4.55989010989011,4.00735294117647,4.26153846153846,4.11276041666667,4.42139175257732,68
"68",2007,9,4.4,10,5.25,3.83333333333333,5,5.16666666666667,3.25,4,6,2,6,4,396,186,210,28,198,198,4.27121212121212,4.5747311827957,4.00238095238095,4.31428571428571,4.14469696969697,4.39772727272727,69
"69",2007,10,3.7,10,4.66666666666667,3.28571428571429,3,3.28571428571429,4.66666666666667,3,7,2,7,3,406,189,217,30,205,201,4.25714285714286,4.57619047619048,3.97926267281106,4.22666666666667,4.11536585365854,4.40174129353234,70
"70",2007,11,3.60714285714286,14,3.57142857142857,3.64285714285714,4.125,3.33333333333333,3.8125,7,7,4,6,8,420,196,224,34,211,209,4.23547619047619,4.54030612244898,3.96875,4.21470588235294,4.09312796208531,4.37918660287081,71
"71",2007,12,3.36363636363636,11,4.16666666666667,3.0625,NA,3.6,3.16666666666667,3,8,0,5,6,431,199,232,34,216,215,4.21322505800464,4.53467336683417,3.9375,4.21470588235294,4.08171296296296,4.3453488372093,72
"72",2008,1,3.22368421052632,19,3.6,3.08928571428571,4.58333333333333,2.86111111111111,3.55,5,14,3,9,10,450,204,246,37,225,225,4.17144444444444,4.51176470588235,3.88922764227642,4.2445945945946,4.03288888888889,4.31,73
"73",2008,2,4.29166666666667,12,4.375,4.125,4.5,4.91666666666667,3.66666666666667,8,4,1,6,6,462,212,250,38,231,231,4.1745670995671,4.5066037735849,3.893,4.25131578947368,4.05584415584416,4.29329004329004,74
"74",2008,3,3.69230769230769,13,3.42857142857143,4,NA,3.8,3.625,7,6,0,5,8,475,219,256,38,236,239,4.16136842105263,4.47214611872146,3.8955078125,4.25131578947368,4.05042372881356,4.27092050209205,75
"75",2008,4,3.66666666666667,9,4.5,3,3.5,2.75,4.4,4,5,2,4,5,484,223,261,40,240,244,4.1521694214876,4.47264573991031,3.87835249042146,4.21375,4.02875,4.27356557377049,76
"76",2008,5,3.5,14,4.42857142857143,2.57142857142857,4,3.5,3.5,7,7,1,6,8,498,230,268,41,246,252,4.13383534136546,4.47130434782609,3.84421641791045,4.20853658536585,4.01585365853659,4.24900793650794,77
"77",2008,6,4.2,12,4.56666666666667,3.83333333333333,4,3.82222222222222,5.33333333333333,6,6,1,9,3,510,236,274,42,255,255,4.13539215686274,4.47372881355932,3.84397810218978,4.20357142857143,4.00901960784314,4.26176470588235,78
"78",2008,7,2.79166666666667,12,3,2.77272727272727,2.6,2.75,2.8125,1,11,5,4,8,522,237,285,47,259,263,4.10450191570881,4.46751054852321,3.80263157894737,4.03297872340426,3.98957528957529,4.21768060836502,79
"79",2008,8,4.25,8,4,4.4,4.8,4.28571428571429,4,3,5,5,7,1,530,240,290,52,266,264,4.10669811320755,4.46166666666667,3.81293103448276,4.10673076923077,3.99736842105263,4.21685606060606,80
"80",2008,9,4,10,5,3.57142857142857,3.5,3.66666666666667,4.14285714285714,3,7,4,3,7,540,243,297,56,269,271,4.10472222222222,4.46831275720164,3.80723905723906,4.06339285714286,3.99368029739777,4.21494464944649,81
"81",2008,10,4.16428571428571,14,4.15,4.16666666666667,3.8125,4.08333333333333,4.225,2,12,8,6,8,554,245,309,64,275,279,4.1062274368231,4.46571428571428,3.82119741100324,4.03203125,3.99563636363636,4.21523297491039,82
"82",2008,11,4.25,12,3.83333333333333,4.66666666666667,4.2,4.8,3.85714285714286,6,6,5,5,7,566,251,315,69,280,286,4.10927561837456,4.45059760956175,3.83730158730159,4.04420289855072,4.01,4.20646853146853,83
"83",2008,12,4.66666666666667,15,5.66666666666667,4.41666666666667,4.44444444444444,4,5,3,12,9,5,10,581,254,327,78,285,296,4.1236660929432,4.46496062992126,3.8585626911315,4.09038461538462,4.00982456140351,4.23327702702703,84
"84",2009,1,3.68928571428571,28,3.75,3.64375,4,4.11111111111111,3.48947368421053,12,16,6,9,19,609,266,343,84,294,315,4.10369458128079,4.43270676691729,3.84854227405248,4.08392857142857,4.01292517006803,4.1884126984127,85
"85",2009,2,4.21904761904762,21,4.625,4.12352941176471,3.4,3.875,4.3,4,17,10,4,17,630,270,360,94,298,332,4.10753968253968,4.43555555555555,3.86152777777778,4.01117021276596,4.01107382550336,4.19412650602409,86
"86",2009,3,4.33333333333333,12,4.16666666666667,4.38888888888889,4.25,4.66666666666667,4.22222222222222,3,9,4,3,9,642,273,369,98,301,341,4.11176012461059,4.43260073260073,3.87439024390244,4.02091836734694,4.01760797342193,4.19486803519061,87
"87",2009,4,3.92857142857143,21,4.38333333333333,3.74666666666667,3.3,4.2,3.63,6,15,10,11,10,663,279,384,108,312,351,4.10595776772247,4.43154121863799,3.86940104166667,3.95416666666667,4.02403846153846,4.17877492877493,88
"88",2009,5,3.91666666666667,12,3,4,4.33333333333333,3.75,4,1,11,6,4,8,675,280,395,114,316,359,4.10259259259259,4.42642857142857,3.87303797468354,3.97412280701754,4.02056962025316,4.17479108635097,89
"89",2009,6,3.25,12,2,3.36363636363636,2.8,2.33333333333333,4.16666666666667,1,11,5,6,6,687,281,406,119,322,365,4.08770014556041,4.41779359430605,3.85923645320197,3.92478991596639,3.98913043478261,4.17465753424657,90
"90",2009,7,4.61538461538461,13,4.9,4.4375,4.41666666666667,5,4.44444444444444,5,8,6,4,9,700,286,414,125,326,374,4.0975,4.42622377622378,3.87041062801932,3.9484,4.00153374233129,4.18114973262032,91
"91",2009,8,4.5625,8,5,4.41666666666667,6,3,4.78571428571429,2,6,2,1,7,708,288,420,127,327,381,4.10275423728814,4.43020833333333,3.87821428571429,3.98070866141732,3.99847094801223,4.19225721784777,92
"92",2009,9,4.44705882352941,17,4.73333333333333,4.29090909090909,4.86666666666667,3.875,4.62307692307692,6,11,6,4,13,725,294,431,133,331,394,4.1108275862069,4.43639455782313,3.88874709976798,4.02067669172932,3.99697885196375,4.20647208121827,93
"93",2009,10,4.875,8,6.5,3.9,3.66666666666667,2,5.28571428571429,3,5,3,1,7,733,297,436,136,332,401,4.11916780354707,4.45723905723906,3.88887614678899,4.01286764705882,3.99096385542169,4.22531172069825,94
"94",2009,11,4.14285714285714,14,5.66666666666667,3,2.6,3.57142857142857,4.71428571428571,6,8,5,7,7,747,303,444,141,339,408,4.11961178045515,4.48118811881188,3.87286036036036,3.96276595744681,3.98230088495575,4.23370098039215,95
"95",2009,12,4.13333333333333,15,4.4,4,4.16666666666667,4.66666666666667,3.77777777777778,5,10,6,6,9,762,308,454,147,345,417,4.11988188976378,4.47987012987013,3.87566079295154,3.97108843537415,3.99420289855072,4.22386091127098,96
"96",2010,1,4.44444444444444,18,4.375,4.46428571428571,4.27777777777778,4.5,4.42857142857143,4,14,9,4,14,780,312,468,156,349,431,4.1273717948718,4.47852564102564,3.89326923076923,3.98878205128205,4,4.23051044083526,97
"97",2010,2,3.4,5,NA,3.4,3.33333333333333,3.25,4,0,5,3,4,1,785,312,473,159,353,432,4.12273885350319,4.47852564102564,3.88805496828753,3.97641509433962,3.99150141643059,4.22997685185185,98
"98",2010,3,4.75,8,5,4.6,5.33333333333333,4.5,4.83333333333333,3,5,3,2,6,793,315,478,162,355,438,4.12906683480454,4.48349206349206,3.89550209205021,4.00154320987654,3.9943661971831,4.23824200913242,99
"99",2010,4,4.625,8,5,4.25,3,4,5.66666666666667,4,4,2,5,3,801,319,482,164,360,441,4.13401997503121,4.48996865203762,3.89844398340249,3.98932926829268,3.99444444444444,4.24795918367347,100
"100",2010,5,4.75,10,5.64285714285714,2.66666666666667,2,4.5,4.91666666666667,7,3,1,4,6,811,326,485,165,364,447,4.14161528976572,4.51472392638037,3.89082474226804,3.97727272727273,4,4.2569351230425,101
"101",2010,6,4.17,10,4,4.28333333333333,6,4,4.18888888888889,4,6,2,1,9,821,330,491,167,365,456,4.14196102314251,4.50848484848485,3.89562118126273,4.00149700598802,4,4.25559210526316,102
"102",2010,7,4.025,8,4,4.05,4.05,3.3,4.75,4,4,4,4,4,829,334,495,171,369,460,4.14083232810615,4.50239520958084,3.89686868686869,4.00263157894737,3.99241192411924,4.25989130434782,103
"103",2010,8,4.53,10,4,4.75714285714286,4.225,6.5,4.0375,3,7,4,2,8,839,337,502,175,371,468,4.14547079856973,4.49792284866469,3.90886454183267,4.00771428571429,4.00592991913747,4.25608974358974,104
"104",2010,9,4.55555555555556,9,4.7,4.375,4.83333333333333,4,4.83333333333333,5,4,3,3,6,848,342,506,178,374,474,4.14982311320755,4.50087719298246,3.91254940711462,4.02162921348315,4.00588235294118,4.26339662447257,105
"105",2010,10,3.5,6,3.66666666666667,3.33333333333333,4,3.33333333333333,3.66666666666667,3,3,1,3,3,854,345,509,179,377,477,4.14525761124122,4.4936231884058,3.90913555992142,4.02150837988827,4.00053050397878,4.25964360587002,106
"106",2010,11,3.5,6,5.5,3.1,3.25,2.25,4.125,1,5,2,2,4,860,346,514,181,379,481,4.14075581395349,4.49653179190752,3.90126459143969,4.01298342541436,3.99129287598945,4.25852390852391,107
"107",2010,12,3.9,15,3.66666666666667,3.95833333333333,4.4,4.25,3.77272727272727,3,12,5,4,11,875,349,526,186,383,492,4.13662857142857,4.48939828080229,3.90256653992395,4.02338709677419,3.99399477806788,4.24766260162601,108
"108",2011,1,4.02777777777778,18,5.125,3.71428571428571,4.14285714285714,4.125,4,4,14,7,4,14,893,353,540,193,387,506,4.13443449048152,4.49660056657224,3.89768518518519,4.02772020725388,3.9953488372093,4.24081027667984,109
"109",2011,2,4,14,4.33333333333333,3.90909090909091,3.75,4.625,3.75,3,11,4,4,10,907,356,551,197,391,516,4.13235942668137,4.49522471910113,3.89791288566243,4.02208121827411,4.00179028132992,4.2312984496124,110
"110",2011,3,3,2,3,3,NA,NA,3,1,1,0,0,2,909,357,552,197,391,518,4.12986798679868,4.49103641456583,3.89628623188406,4.02208121827411,4.00179028132992,4.2265444015444,111
"111",2011,4,4.35230769230769,13,5.33333333333333,4.058,4.52666666666667,3.895,4.55555555555556,3,10,3,4,9,922,360,562,200,395,527,4.13300433839479,4.49805555555556,3.89916370106762,4.02965,4.00070886075949,4.23216318785579,112
"112",2011,5,4.2,10,5,3.4,5,6,3,5,5,1,4,6,932,365,567,201,399,533,4.13372317596566,4.50493150684932,3.8947619047619,4.0344776119403,4.02075187969925,4.21829268292683,113
"113",2011,6,4.23333333333333,15,4.16666666666667,4.27777777777778,4.5,5,4.11538461538461,6,9,3,2,13,947,371,576,204,401,546,4.13530095036959,4.49946091644205,3.90074652777778,4.04132352941176,4.02563591022444,4.21584249084249,114
"114",2011,7,4.2,7,4.75,3.98,5.45,NA,4.2,2,5,2,0,7,954,373,581,206,401,553,4.13577568134172,4.50080428954424,3.90142857142857,4.055,4.02563591022444,4.21564195298372,115
"115",2011,8,4.33333333333333,12,4.33333333333333,4.33333333333333,4,3.33333333333333,4.66666666666667,3,9,5,3,9,966,376,590,211,404,562,4.13822981366459,4.49946808510639,3.90801694915254,4.05369668246445,4.02049504950495,4.22286476868327,116
"116",2011,9,2.99090909090909,11,4.25,2.71111111111111,3,3,2.99,2,9,6,1,10,977,378,599,217,405,572,4.12531218014329,4.49814814814815,3.89003338898164,4.02456221198157,4.01797530864198,4.20131118881119,117
"117",2011,10,3,4,5,2.33333333333333,3,2,3.33333333333333,1,3,1,1,3,981,379,602,218,406,575,4.12072375127421,4.49947229551451,3.88227574750831,4.0198623853211,4.01300492610837,4.19678260869565,118
"118",2011,11,3.63461538461538,13,4,3.47222222222222,3,2,3.77083333333333,4,9,3,1,12,994,383,611,221,407,587,4.1143661971831,4.49425587467363,3.8762356792144,4.00601809954751,4.00805896805897,4.18807495741056,119
"119",2011,12,3.76923076923077,13,5.33333333333333,3.3,4.25,2,3.91666666666667,3,10,4,1,12,1007,386,621,225,408,599,4.10991062562065,4.50077720207254,3.86695652173913,4.01035555555556,4.00313725490196,4.18263772954925,120
"120",2012,1,3.70588235294118,17,3.8,3.66666666666667,3.25,3.6,3.75,5,12,8,5,12,1024,391,633,233,413,611,4.103203125,4.4918158567775,3.86315955766193,3.98424892703863,3.99825665859564,4.17414075286416,121
"121",2012,2,3.28181818181818,11,3.5,3.23333333333333,3.5,3.22,3.33333333333333,2,9,6,5,6,1035,393,642,239,418,617,4.09447342995169,4.48676844783715,3.85433021806854,3.9720920502092,3.98894736842105,4.16596434359805,122
"122",2012,3,3.82,10,4.66666666666667,3.45714285714286,3.25,4,3.74285714285714,3,7,4,3,7,1045,396,649,243,421,624,4.09184688995215,4.48813131313131,3.85004622496148,3.96020576131687,3.98902612826603,4.16121794871795,123
"123",2012,4,4.625,4,4.83333333333333,4,NA,5,4.5,3,1,0,1,3,1049,399,650,243,422,627,4.09387988560534,4.49072681704261,3.85027692307692,3.96020576131687,3.99142180094787,4.16283891547049,124
"124",2012,5,5.75,4,4.5,7,4,NA,5.75,2,2,1,0,4,1053,401,652,244,422,631,4.10017094017094,4.49077306733167,3.85993865030675,3.96036885245902,3.99142180094787,4.1729001584786,125
"125",2012,6,3.96666666666667,15,4.57142857142857,3.4375,3.7,4.8,3.55,7,8,5,5,10,1068,408,660,249,427,641,4.09829588014981,4.4921568627451,3.85481818181818,3.955140562249,4.00088992974239,4.16318252730109,126
"126",2012,7,3.885,12,4.5,3.5775,2.25,4,3.862,4,8,2,2,10,1080,412,668,251,429,651,4.09592592592592,4.49223300970874,3.85149700598802,3.94155378486056,4.00088578088578,4.15855606758833,127
"127",2012,8,4.6875,8,4.625,4.75,5,4,4.78571428571429,4,4,2,1,7,1088,416,672,253,430,658,4.10027573529412,4.49350961538462,3.85684523809524,3.9499209486166,4.00088372093023,4.16522796352584,128
"128",2012,9,3.83333333333333,6,4,3.8,4.66666666666667,1,4.4,1,5,3,1,5,1094,417,677,256,431,663,4.09881170018281,4.49232613908873,3.85642540620384,3.9583203125,3.9939211136891,4.16699849170437,129
"129",2012,10,3.24545454545455,11,4.175,2.71428571428571,3,2.74,3.66666666666667,4,7,1,5,6,1105,421,684,257,436,669,4.09031674208145,4.48931116389549,3.84473684210526,3.95459143968872,3.97954128440367,4.16251121076233,130
"130",2012,11,3.52777777777778,18,4.16666666666667,3.20833333333333,3.75,4.25,3.16666666666667,6,12,4,6,12,1123,427,696,261,442,681,4.08130008904719,4.4847775175644,3.83376436781609,3.95145593869732,3.98321266968326,4.14496328928047,131
"131",2012,12,3.73333333333333,15,4.6,3.3,4,3.33333333333333,3.83333333333333,5,10,5,3,12,1138,432,706,266,445,693,4.07671353251318,4.48611111111111,3.82620396600567,3.95236842105263,3.97883146067416,4.1395670995671,132
"132",2013,1,4.83636363636364,11,4.925,4.78571428571429,3.875,5.04,4.66666666666667,4,7,4,5,6,1149,436,713,270,450,699,4.08398607484769,4.4901376146789,3.83562412342216,3.95122222222222,3.99062222222222,4.14409155937053,133
"133",2013,2,3.26363636363636,11,3.25,3.27142857142857,4,2,3.54444444444444,4,7,1,2,9,1160,440,720,271,452,708,4.07620689655172,4.47886363636364,3.83013888888889,3.95140221402214,3.98181415929204,4.13646892655367,134
"134",2013,3,3.9375,16,4.14285714285714,3.77777777777778,3.3,3.16666666666667,4.4,7,9,5,6,10,1176,447,729,276,458,718,4.07431972789115,4.47360178970917,3.82949245541838,3.93960144927536,3.97113537117904,4.14013927576602,135
"135",2013,4,3.63333333333333,12,4.2,3.22857142857143,3,3.41666666666667,3.85,5,7,3,6,6,1188,452,736,279,464,724,4.06986531986532,4.47057522123894,3.82377717391304,3.9294982078853,3.96396551724138,4.13773480662983,136
"136",2013,5,4.375,12,5.66666666666667,3.94444444444444,3.64285714285714,3.66666666666667,4.61111111111111,3,9,7,3,9,1200,455,745,286,467,733,4.07291666666666,4.47846153846154,3.82523489932886,3.92248251748252,3.9620556745182,4.14354706684857,137
"137",2013,6,4.38888888888889,9,3.83333333333333,4.66666666666667,4,4.5,4.35714285714286,3,6,4,2,7,1209,458,751,290,469,740,4.0752688172043,4.47423580786026,3.83195739014647,3.92355172413793,3.96434968017058,4.14556756756757,138
"138",2013,7,4,8,3.5,4.16666666666667,4.16666666666667,4,4,2,6,3,3,5,1217,460,757,293,472,745,4.07477403451109,4.47,3.83461030383091,3.9260409556314,3.96457627118644,4.14459060402684,139
"139",2013,8,4.05882352941176,17,4.16666666666667,4,5,3.5,4.23076923076923,6,11,4,4,13,1234,466,768,297,476,758,4.07455429497569,4.46609442060086,3.83697916666667,3.94050505050505,3.96067226890756,4.14606860158311,140
"140",2013,9,4.13888888888889,9,4.43333333333333,3.99166666666667,4.7375,3.18333333333333,4.61666666666667,3,6,4,3,6,1243,469,774,301,479,764,4.07502011263073,4.46588486140725,3.83817829457364,3.95109634551495,3.95580375782881,4.14976439790576,141
"141",2013,10,4.6,10,4.83333333333333,4.25,3.5,3,4.77777777777778,6,4,2,1,9,1253,475,778,303,480,773,4.079209896249,4.47052631578948,3.84029562982005,3.94811881188119,3.9538125,4.15707632600259,142
"142",2013,11,4.21428571428571,14,4.7,3.94444444444444,3.4,4,4.23076923076923,5,9,5,1,13,1267,480,787,308,481,786,4.08070244672454,4.47291666666667,3.84148665819568,3.93922077922078,3.95390852390852,4.1582951653944,143
"143",2013,12,4.52777777777778,18,4.3,4.61538461538461,4.5,5.14285714285714,4.13636363636364,5,13,6,7,11,1285,485,800,314,488,797,4.08696498054475,4.47113402061856,3.8540625,3.94993630573248,3.9709631147541,4.15799247176913,144
"144",2014,1,4.18269230769231,26,4.84615384615385,3.51923076923077,4.33333333333333,3.125,4.375,13,13,3,4,22,1311,498,813,317,492,819,4.08886346300534,4.48092369477912,3.84870848708487,3.95356466876972,3.96408536585366,4.16382173382173,145
"145",2014,2,3.88888888888889,9,4.2,3.5,3.5,5.25,3.5,5,4,2,2,7,1320,503,817,319,494,826,4.0875,4.47813121272366,3.84700122399021,3.9507210031348,3.96929149797571,4.15819612590799,146
"146",2014,3,4.85,10,5.33333333333333,4.125,3.83333333333333,3,5.3125,6,4,3,2,8,1330,509,821,322,496,834,4.09323308270677,4.48821218074656,3.8483556638246,3.94962732919255,3.96538306451613,4.16926858513189,147
"147",2014,4,5.58333333333333,12,5.16666666666667,6,7.66666666666667,4.5,6.125,6,6,3,4,8,1342,515,827,325,500,842,4.10655737704918,4.49611650485437,3.8639661426844,3.98393846153846,3.96966,4.18785035629453,148
"148",2014,5,4.125,8,7,3.16666666666667,2,NA,4.125,2,6,1,0,8,1350,517,833,326,500,850,4.10666666666667,4.50580270793037,3.85894357743097,3.9778527607362,3.96966,4.18725882352941,149
"149",2014,6,3.1,10,NA,3.1,3,3,3.16666666666667,0,10,2,4,6,1360,517,843,328,504,856,4.09926470588235,4.50580270793037,3.84994068801898,3.97189024390244,3.96196428571429,4.18010514018691,150
"150",2014,7,3.20769230769231,13,4.3,2.525,3,3,3.225,5,8,2,1,12,1373,522,851,330,505,868,4.09082301529497,4.50383141762452,3.83748531139835,3.966,3.96005940594059,4.16690092165898,151
"151",2014,8,4,6,3.33333333333333,4.66666666666667,4,NA,4,3,3,1,0,6,1379,525,854,331,505,874,4.09042784626541,4.49714285714286,3.8403981264637,3.96610271903323,3.96005940594059,4.16575514874142,152
"152",2014,9,3.11111111111111,9,6,2.75,2.8,3.25,3,1,8,5,4,5,1388,526,862,336,509,879,4.08407780979827,4.5,3.83027842227378,3.94875,3.95447937131631,4.15912400455062,153
"153",2014,10,3.92857142857143,7,5,3.75,NA,2.5,4.5,1,6,0,2,5,1395,527,868,336,511,884,4.08329749103942,4.50094876660342,3.82972350230415,3.94875,3.9487866927593,4.16105203619909,154
"154",2014,11,4.625,12,5.5,4.33333333333333,4.5,5.33333333333333,4.38888888888889,3,9,4,3,9,1407,530,877,340,514,893,4.08791755508173,4.50660377358491,3.83489167616876,3.95523529411765,3.95686770428016,4.16334826427771,155
"155",2014,12,4.75,10,4.66666666666667,4.875,4.5,5,4.72222222222222,6,4,2,1,9,1417,536,881,342,515,902,4.09258997882851,4.50839552238806,3.83961407491487,3.95842105263158,3.9588932038835,4.16892461197339,156
"156",2015,1,5.07692307692308,13,5.66666666666667,4.57142857142857,4.5,4.66666666666667,5.2,6,7,4,3,10,1430,542,888,346,518,912,4.10153846153846,4.52121771217712,3.84538288288288,3.96468208092486,3.96299227799228,4.18023026315789,157
"157",2015,2,3.47272727272727,11,3.16666666666667,3.5875,3.74,2.66666666666667,3.775,3,8,5,3,8,1441,545,896,351,521,920,4.09673837612769,4.51376146788991,3.84308035714286,3.96148148148148,3.95552783109405,4.17670652173913,158
"158",2015,3,4,10,4.8,3.2,2.5,4,4,5,5,2,1,9,1451,550,901,353,522,929,4.0960716747071,4.51636363636364,3.83951165371809,3.95320113314448,3.95561302681992,4.17499461786867,159
"159",2015,4,4.53125,16,5.27777777777778,3.57142857142857,2,5.1,4.27272727272727,9,7,1,5,11,1467,559,908,354,527,940,4.10081799591002,4.52862254025045,3.8374449339207,3.94768361581921,3.96647058823529,4.17613829787234,160
"160",2015,5,6,3,6,NA,NA,NA,6,3,0,0,0,3,1470,562,908,354,527,943,4.10469387755102,4.5364768683274,3.8374449339207,3.94768361581921,3.96647058823529,4.18194061505832,161
"161",2015,6,4.55363636363636,11,5.66666666666667,3.218,3,6,4.409,6,5,1,1,10,1481,568,913,355,528,953,4.10802835921674,4.54841549295775,3.83405257393209,3.94501408450704,3.97032196969697,4.18432318992655,162
"162",2015,7,4.2125,16,4.76666666666667,3.5,3.75,4.35,4.16666666666667,9,7,4,4,12,1497,577,920,359,532,965,4.10914495657982,4.55181975736569,3.83151086956522,3.94284122562674,3.97317669172932,4.184103626943,163
"163",2015,8,3.90625,16,4.28571428571429,3.61111111111111,3.33333333333333,2.5,4.10714285714286,7,9,3,2,14,1513,584,929,362,534,979,4.10699933906147,4.5486301369863,3.82937567276641,3.93779005524862,3.96765917602996,4.18300306435138,164
"164",2015,9,4.83333333333333,6,5.5,4.5,5,NA,4.83333333333333,2,4,1,0,6,1519,586,933,363,534,985,4.10986833443054,4.5518771331058,3.83225080385852,3.94071625344353,3.96765917602996,4.18696446700507,165
"165",2015,10,4.625,8,5,4.4,4.5,4,4.71428571428571,3,5,4,1,7,1527,589,938,367,535,992,4.11256712508186,4.55415959252971,3.83527718550107,3.94681198910082,3.96771962616822,4.19068548387097,166
"166",2015,11,3.5,16,4.8,2.90909090909091,3.5,8,3.2,5,11,2,1,15,1543,594,949,369,536,1007,4.10621516526247,4.55622895622896,3.8245416227608,3.94439024390244,3.97524253731343,4.17592850049652,167
"167",2015,12,3.92307692307692,13,4.28571428571429,3.5,3.33333333333333,3,4.33333333333333,7,6,3,4,9,1556,601,955,372,540,1016,4.10468508997429,4.55307820299501,3.82250261780105,3.9394623655914,3.96801851851852,4.17732283464567,168
"168",2016,1,4.37619047619048,21,4.87692307692308,3.5625,5,5,4.22941176470588,13,8,2,4,17,1577,614,963,374,544,1033,4.10830057070387,4.5599348534202,3.82034267912773,3.94513368983957,3.97560661764706,4.17818005808325,169
"169",2016,2,4.12782608695652,23,4.92,3.78125,3.5,3.6,4.27444444444444,7,16,9,5,18,1600,621,979,383,549,1051,4.10858125,4.56399355877617,3.8197037793667,3.93467362924282,3.97218579234973,4.17982873453853,170
"170",2016,3,3.21428571428571,7,3,3.3,3.875,2,3.41666666666667,2,5,4,1,6,1607,623,984,387,550,1057,4.10468574984443,4.55897271268058,3.81706300813008,3.93405684754522,3.9686,4.17549668874172,171
"171",2016,4,3.375,8,5,3.14285714285714,2.5,5,3.14285714285714,1,7,2,1,7,1615,624,991,389,551,1064,4.10107120743034,4.55967948717949,3.81230070635721,3.92668380462725,3.97047186932849,4.16870300751879,172
"172",2016,5,4.5,14,4.8125,4.08333333333333,4.125,4,4.58333333333333,8,6,4,2,12,1629,632,997,393,553,1076,4.10449969306323,4.56287974683545,3.81393179538616,3.92870229007634,3.97057866184448,4.17332713754647,173
"173",2016,6,4.025,18,4.46,3.85769230769231,3.83333333333333,3,4.23,5,13,6,3,15,1647,637,1010,399,556,1091,4.10363084395871,4.56207221350079,3.81449504950495,3.92726817042607,3.96534172661871,4.17410632447296,174
"174",2016,7,2.83333333333333,9,3.25,2.71428571428571,2.5,2.5,2.92857142857143,2,7,4,2,7,1656,639,1017,403,558,1098,4.09672705314009,4.55796557120501,3.80692232055064,3.9131017369727,3.96008960573477,4.16616575591985,175
"175",2016,8,3.71428571428571,14,5,2.75,2.83333333333333,4.5,3.65384615384615,6,8,6,1,13,1670,645,1025,409,559,1111,4.09352095808383,4.56207751937985,3.79867317073171,3.89726161369193,3.96105545617174,4.16017101710171,176
"176",2016,9,5.035,10,5.17,4.9,5.5,4.33333333333333,5.33571428571429,5,5,3,3,7,1680,650,1030,412,562,1118,4.099125,4.56675384615385,3.80401941747573,3.90893203883495,3.96304270462633,4.1675313059034,177
"177",2016,10,4.0625,16,4.5,3.91666666666667,3.85714285714286,4.5,3.91666666666667,4,12,7,4,12,1696,654,1042,419,566,1130,4.09877948113207,4.56634556574924,3.80531669865643,3.90806682577566,3.96683745583039,4.16486725663717,178
"178",2016,11,3.78571428571429,14,4.8,3.22222222222222,2.83333333333333,3,3.91666666666667,5,9,6,2,12,1710,659,1051,425,568,1142,4.096216374269,4.56811836115326,3.80032350142721,3.89289411764706,3.96343309859155,4.16225919439579,179
"179",2016,12,4.50294117647059,17,4.66666666666667,4.41363636363636,5.71,3.95,4.73333333333333,6,11,5,5,12,1727,665,1062,430,573,1154,4.10022003474233,4.56900751879699,3.80667608286252,3.91402325581395,3.96331588132635,4.16819757365684,180
"180",2017,1,3.6304347826087,23,4.375,3.23333333333333,3.66666666666667,3.25,3.71052631578947,8,15,6,4,19,1750,673,1077,436,577,1173,4.09404571428571,4.56670133729569,3.79869080779944,3.91061926605505,3.95837088388215,4.16078431372549,181
"181",2017,2,4.11764705882353,17,4.16666666666667,4.09090909090909,4.5,4.33333333333333,4.07142857142857,6,11,2,3,14,1767,679,1088,438,580,1187,4.094272778721,4.56316642120766,3.80164522058823,3.9133105022831,3.96031034482759,4.15973041280539,182
"182",2017,3,3.89411764705882,17,4.8,3.61538461538462,4.75,3,4.08571428571429,4,13,4,3,14,1784,683,1101,442,583,1201,4.09236547085202,4.56455344070278,3.7994459582198,3.92088235294118,3.95536878216123,4.15886761032473,183
"183",2017,4,4.22222222222222,18,5.4,2.75,3.25,4.14285714285714,4.27272727272727,10,8,8,7,11,1802,693,1109,450,590,1212,4.09366259711432,4.57660894660895,3.79187556357078,3.90895555555556,3.95759322033898,4.15990099009901,184
"184",2017,5,3.77058823529412,17,3.66666666666667,3.82727272727273,4.5,4,3.75625,6,11,2,1,16,1819,699,1120,452,591,1228,4.09064321055525,4.5687982832618,3.79222321428571,3.91157079646018,3.95766497461929,4.15464169381107,185
"185",2017,6,3.5,10,3.75,3.33333333333333,3.25,3,3.71428571428571,4,6,4,3,7,1829,703,1126,456,594,1235,4.08741388737015,4.56413940256046,3.78977797513322,3.90576754385965,3.95282828282828,4.15214574898785,186
"186",2017,7,4.26,15,4.69,3.4,4,3.725,4.45454545454545,10,5,2,4,11,1844,713,1131,458,598,1246,4.08881778741865,4.565904628331,3.78805481874447,3.90617903930131,3.95130434782609,4.15481540930979,187
"187",2017,8,3.0625,8,3.25,3,2.5,2.83333333333333,3.2,2,6,4,3,5,1852,715,1137,462,601,1251,4.08438444924406,4.56222377622378,3.78389621811785,3.89400432900433,3.9457237936772,4.15099920063949,188
"188",2017,9,3.82857142857143,14,5.18333333333333,2.8125,3.66666666666667,2,4.13333333333333,6,8,3,2,12,1866,721,1145,465,603,1263,4.08246516613076,4.56739251040222,3.77710917030568,3.8925376344086,3.93927031509121,4.15083135391924,189
"189",2017,10,4.84615384615385,13,6,4.125,5,5,4.83333333333333,5,8,3,1,12,1879,726,1153,468,604,1275,4.08774880255455,4.57725895316805,3.77952298352125,3.89963675213675,3.94102649006623,4.15725490196078,190
"190",2017,11,3.77857142857143,21,4.51666666666667,3.48333333333333,3,3.7,3.79166666666667,6,15,6,3,18,1900,732,1168,474,607,1293,4.08433157894737,4.57676229508197,3.77571917808219,3.88824894514768,3.9398352553542,4.15216550657386,191
"191",2017,12,4.52083333333333,24,5.09090909090909,4.03846153846154,4.33333333333333,4.07142857142857,4.70588235294118,11,13,3,7,17,1924,743,1181,477,614,1310,4.08977650727651,4.58437415881561,3.77861134631668,3.89104821802935,3.94133550488599,4.15935114503817,192
"192",2018,1,2.83333333333333,18,3.41666666666667,2.54166666666667,2.5,3.5,2.64285714285714,6,12,6,4,14,1942,749,1193,483,618,1324,4.07813079299691,4.57502002670227,3.7661693210394,3.87376811594203,3.93847896440129,4.14331570996979,193
"193",2018,2,3.40681818181818,22,4.10555555555556,2.92307692307692,2.5,3.55,3.375,9,13,4,4,18,1964,758,1206,487,622,1342,4.07061099796334,4.56944591029024,3.75708126036484,3.86248459958932,3.9359807073955,4.13301043219076,194
"194",2018,3,4.515,20,5.18571428571429,4.15384615384615,4,4.33333333333333,4.54705882352941,7,13,7,3,17,1984,765,1219,494,625,1359,4.07509072580645,4.57508496732026,3.76131255127153,3.86443319838057,3.937888,4.13818984547461,195
"195",2018,4,3.05555555555556,9,3,3.0625,3,NA,3.05555555555556,1,8,1,0,9,1993,766,1227,495,625,1368,4.07048670346212,4.57302872062663,3.75675631621842,3.86268686868687,3.937888,4.13106725146199,196
"196",2018,5,3.67,19,3.696,3.66071428571429,4.13888888888889,5.66666666666667,3.295625,5,14,9,3,16,2012,771,1241,504,628,1384,4.06670477137177,4.5673411154345,3.75567284448026,3.86761904761905,3.94614649681529,4.12140895953757,197
"197",2018,6,4.18473684210526,19,4.62625,3.86363636363636,4.4,3.5,4.26529411764706,8,11,5,2,17,2031,779,1252,509,630,1401,4.0678089611029,4.56794608472401,3.7566214057508,3.87284872298625,3.94473015873016,4.12315488936474,198
"198",2018,7,3.11764705882353,17,4.25,2.76923076923077,3,3,3.15384615384615,4,13,4,4,13,2048,783,1265,513,634,1414,4.059921875,4.56632183908046,3.7464743083004,3.86604288499025,3.93876971608833,4.114243281471,199
"199",2018,8,3.62307692307692,13,4.22,3.25,3,2,3.75833333333333,5,8,2,1,12,2061,788,1273,515,635,1426,4.05716642406599,4.56412436548224,3.74335428122545,3.86267961165049,3.93571653543307,4.11124824684432,200
"200",2018,9,4,17,4.8,3.66666666666667,4.2,3.6,4.16666666666667,5,12,5,5,12,2078,793,1285,520,640,1438,4.05669874879692,4.56561160151324,3.74263813229572,3.86592307692308,3.93309375,4.1117107093185,201
"201",2018,10,3.925,20,4.4375,3.58333333333333,3.66666666666667,4.5,3.86111111111111,8,12,6,2,18,2098,801,1297,526,642,1456,4.05544327931363,4.56433208489388,3.74116422513493,3.86365019011407,3.93485981308411,4.10861263736264,202
"202",2018,11,4.27777777777778,9,6.16666666666667,3.33333333333333,NA,NA,4.27777777777778,3,6,0,0,9,2107,804,1303,526,642,1465,4.05639297579497,4.57031094527363,3.73928626247122,3.86365019011407,3.93485981308411,4.10965187713311,203
"203",2018,12,4.42857142857143,21,6.25,3.30769230769231,4.5,5.5,4.31578947368421,8,13,4,2,19,2128,812,1316,530,644,1484,4.06006578947368,4.58685960591133,3.73502279635258,3.86845283018868,3.93972049689441,4.11229110512129,204
"204",2019,1,4.47291666666667,24,5.15384615384615,3.66818181818182,3.01666666666667,4.125,4.5425,13,11,6,4,20,2152,825,1327,536,648,1504,4.06467007434944,4.59579393939394,3.73446872645064,3.85891791044776,3.94086419753086,4.11801196808511,205
"205",2019,2,4.4,15,5.71428571428571,3.25,3.2,2.33333333333333,4.91666666666667,7,8,5,3,12,2167,832,1335,541,651,1516,4.06699123211814,4.60520432692308,3.73156554307116,3.8528280961183,3.93345622119816,4.12433377308707,206
"206",2019,3,4.362,15,5.18571428571429,3.64125,3.125,4.125,4.44818181818182,7,8,4,4,11,2182,839,1343,545,655,1527,4.06901924839597,4.61004767580453,3.73102755026061,3.84748623853211,3.93462595419847,4.12666666666667,207
"207",2019,4,4.14285714285714,7,5,3.8,4.66666666666667,NA,4.14285714285714,2,5,3,0,7,2189,841,1348,548,655,1534,4.06925536774783,4.61097502972652,3.73128338278932,3.85197080291971,3.93462595419847,4.12674054758801,208
"208",2019,5,4.25,12,3.8,4.57142857142857,5.66666666666667,3.75,4.5,5,7,3,4,8,2201,846,1355,551,659,1542,4.07024079963653,4.60618203309693,3.73562361623616,3.86185117967332,3.93350531107739,4.12867704280156,209
"209",2019,6,5.61111111111111,9,7.08333333333333,2.66666666666667,4,4.33333333333333,6.25,6,3,1,3,6,2210,852,1358,552,662,1548,4.07651583710407,4.62362676056338,3.73326215022091,3.86210144927536,3.93531722054381,4.1368992248062,210
"210",2019,7,3.57142857142857,7,4.16666666666667,3.125,2,5,3.33333333333333,3,4,1,1,6,2217,855,1362,553,663,1554,4.07492106450158,4.62202339181287,3.73147577092511,3.85873417721519,3.93692307692308,4.13379665379666,211
"211",2019,8,2.14285714285714,7,3.5,1.6,1,NA,2.14285714285714,2,5,1,0,7,2224,857,1367,554,663,1561,4.06883992805755,4.6194049008168,3.72367959034382,3.85357400722022,3.93692307692308,4.12486867392697,212
"212",2019,9,4.43015857142857,14,5.255555,4.1,3.8,NA,4.43015857142857,4,10,5,0,14,2238,861,1377,559,663,1575,4.07110018766756,4.62236030197445,3.7264124909223,3.85309481216458,3.93692307692308,4.12758236190476,213
"213",2019,10,4.72727272727273,11,4.25,5,NA,NA,4.72727272727273,4,7,0,0,11,2249,865,1384,559,663,1586,4.0743095686972,4.62063840462428,3.73285404624278,3.85309481216458,3.93692307692308,4.13174162673392,214
"214",2019,11,4.97142857142857,14,5.75,4.66,6,4.1,5.11666666666667,4,10,3,2,12,2263,869,1394,562,665,1598,4.07985957578436,4.62583684695052,3.7395050215208,3.86455516014235,3.93741353383459,4.1391378097622,215
"215",2019,12,4.62181818181818,22,5.36,4.2,4.375,5.7,4.30470588235294,8,14,4,5,17,2285,877,1408,566,670,1615,4.08507755798687,4.63253388825542,3.74408380681818,3.86816254416961,3.9505671641791,4.14088063157895,216
"216",2020,1,4.625,32,6,3.8,3.75,4.33333333333333,4.69230769230769,12,20,8,6,26,2317,889,1428,574,676,1641,4.09253440656021,4.65099237345332,3.74486694677871,3.86651567944251,3.95396449704142,4.14961744058501,217
"217",2020,2,4.6875,16,4.71428571428571,4.66666666666667,3.75,4,4.78571428571429,7,9,4,2,14,2333,896,1437,578,678,1655,4.09661475353622,4.65148685267857,3.75064022268615,3.86570934256055,3.95410029498525,4.15499832024169,218
"218",2020,3,4.28947368421053,19,4.95,3.55555555555556,2,3.8,4.46428571428571,10,9,1,5,14,2352,906,1446,579,683,1669,4.09817271258503,4.65478169977925,3.74942600276625,3.86248704663212,3.95297218155198,4.1575927022169,219
"219",2020,4,4.71304347826087,23,5.17272727272727,4.29166666666667,4.5,5,4.65263157894737,11,12,4,4,19,2375,917,1458,583,687,1688,4.10412725052632,4.66099478735006,3.75388888888889,3.86686106346484,3.95906841339156,4.16316482227488,220
"220",2020,5,4.13333333333333,15,4.4,4,4.2,4,4.14285714285714,5,10,5,1,14,2390,922,1468,588,688,1702,4.10431055230126,4.6595794143167,3.75556539509537,3.86969387755102,3.95912790697674,4.16299777908343,221
"221",2020,6,3.66666666666667,21,4.125,3.38461538461538,2.75,3,3.73684210526316,8,13,4,2,19,2411,930,1481,592,690,1721,4.10049863956864,4.65498088172043,3.75230925050642,3.86212837837838,3.95634782608696,4.1582929808251,222
"222",2020,7,4.44,15,5.75,3.56666666666667,3.5,6,4.32857142857143,6,9,2,1,14,2426,936,1490,594,691,1735,4.10259778235779,4.66200023504274,3.75118791946309,3.86090909090909,3.95930535455861,4.15966698559078,223
"223",2020,8,4.5,10,5,4,4.5,10,3.88888888888889,5,5,2,1,9,2436,941,1495,596,692,1744,4.1042291543514,4.66379619553666,3.75202006688963,3.86305369127517,3.96803468208092,4.15826962155963,224
"224",2020,9,4.07692307692308,26,4.75,3.875,4.07142857142857,4.125,4.05555555555556,6,20,7,8,18,2462,947,1515,603,700,1762,4.10394078797725,4.66434236536431,3.75364356435644,3.86547263681592,3.96982857142857,4.1572203291714,225
"225",2020,10,4.54705882352941,17,4.6625,4.44444444444444,7,6.66666666666667,4.09285714285714,8,9,1,3,14,2479,955,1524,604,703,1776,4.10697951593384,4.66432693193717,3.75772309711286,3.87066225165563,3.98133712660028,4.15671296171171,226
"226",2020,11,4.65594590909091,22,5.343081,4.08333333333333,5.2,2.86666666666667,4.93846368421053,10,12,5,3,19,2501,965,1536,609,706,1795,4.11180848860456,4.67136065284974,3.76026692708333,3.8815763546798,3.97660056657224,4.16498776044569,227
"227",2020,12,4.00681818181818,44,4.61111111111111,3.85142857142857,4.54545454545455,2.75,4.20526315789474,9,35,11,6,38,2545,974,1571,620,712,1833,4.10999333202358,4.67080393223819,3.76229789942712,3.89335483870968,3.96626404494382,4.16582271140208,228
"228",2021,1,3.97727272727273,33,4.81818181818182,3.55681818181818,3.0625,4.66666666666667,3.90833333333333,11,22,8,3,30,2578,985,1593,628,715,1863,4.10829442591156,4.67244977664975,3.75946013810421,3.88277070063694,3.9692027972028,4.16167634460548,229
"229",2021,2,4.48461538461538,26,5.17777777777778,4.11764705882353,3.33333333333333,6,4.20909090909091,9,17,6,4,22,2604,994,1610,634,719,1885,4.11205185483871,4.67702518108652,3.76324223602485,3.87757097791798,3.98050069541029,4.16222972413793,230
"230",2021,3,2.9808,10,3.7616,2.2,5,4.404,2.625,5,5,1,2,8,2614,999,1615,635,721,1893,4.1077241889824,4.67244347347347,3.75840247678019,3.87933858267716,3.98167545076283,4.15573324352879,231
"231",2021,4,5.34615384615385,13,6.4,4.6875,4.7,5.83333333333333,5.2,5,8,5,3,10,2627,1004,1623,640,724,1903,4.11385269508946,4.68104684262948,3.76298213185459,3.88575,3.98934806629834,4.16122071991593,232
"232",2021,5,4.41666666666667,12,4.2,4.57142857142857,6,4.5,4.4,5,7,4,2,10,2639,1009,1630,644,726,1913,4.11522964380447,4.67866306243806,3.76645398773006,3.89888198757764,3.99075482093664,4.16246891270256,233
"233",2021,6,4.32142857142857,14,6,3.38888888888889,3.5,7.33333333333333,3.5,5,9,3,3,11,2653,1014,1639,647,729,1924,4.11631776479457,4.68517853057199,3.76438071995119,3.89703245749614,4.00451028806584,4.15868140852391,234
"234",2021,7,3.75,16,4.57142857142857,3.11111111111111,3.5,2.33333333333333,4.07692307692308,7,9,3,3,13,2669,1021,1648,650,732,1937,4.11412177969277,4.68439865817826,3.76081310679612,3.8952,3.99766120218579,4.15813269488901,235
"235",2021,8,3.56578947368421,19,4.0625,2.71428571428571,1,3.16666666666667,3.75,12,7,1,6,13,2688,1033,1655,651,738,1950,4.11024591889881,4.67717427879961,3.75638670694864,3.89075268817204,3.99090514905149,4.15541181025641,236
"236",2021,9,4.9,10,5.4,4.4,2,4,5,5,5,1,1,9,2698,1038,1660,652,739,1959,4.113173102298,4.6806560982659,3.75832530120482,3.8878527607362,3.99091745602165,4.15929200102093,237
"237",2021,10,3.73846153846154,13,3.9,3.6375,4.025,4,3.69090909090909,5,8,4,2,11,2711,1043,1668,656,741,1970,4.1113762559941,4.67691373921381,3.75774580335732,3.88868902439024,3.99094197031039,4.15667666497462,238
"238",2021,11,4.40714285714286,14,5.24,3.94444444444444,4.625,4.16666666666667,4.47272727272727,5,9,4,3,11,2725,1048,1677,660,744,1981,4.11289579082569,4.67960021946565,3.75874776386404,3.89315151515151,3.99165053763441,4.15843161534579,239
"239",2021,12,4.498205,26,5.36916625,4.11111111111111,4.16666666666667,2.875,4.79333318181818,8,18,6,4,22,2751,1056,1695,666,748,2003,4.11653739003999,4.68482420454546,3.76248967551623,3.89561561561561,3.98567914438503,4.16540507239142,240
"240",2022,1,4.14787234042553,47,4.61578947368421,3.83035714285714,4.84615384615385,5.17857142857143,3.9675,19,28,13,7,40,2798,1075,1723,679,755,2043,4.11706374553252,4.68360405581395,3.76359257109692,3.91381443298969,3.99673907284768,4.16153027900147,241
"241",2022,2,3.94814814814815,27,4.87142857142857,3.625,3.83333333333333,4.5,3.904,7,20,6,2,25,2825,1082,1743,685,757,2068,4.11544933097345,4.68481918669131,3.76200229489386,3.91310948905109,3.99806869220608,4.15841700193424,242
"242",2022,3,4.63157894736842,19,5,4.41666666666667,5,4.33333333333333,4.6875,7,12,6,3,16,2844,1089,1755,691,760,2084,4.11889745428973,4.68684514233242,3.76647863247863,3.92254703328509,3.99939210526316,4.16247905950096,243
"243",2022,4,4.3,18,4.39,4.1875,4.66666666666667,3.75,4.45714285714286,10,8,3,4,14,2862,1099,1763,694,764,2098,4.12003646401118,4.68414409463148,3.76838910947249,3.92576368876081,3.99808638743455,4.16444535748332,244
"244",2022,5,4.06363636363636,22,4.5,3.9,4.62857142857143,2.45,4.225,6,16,7,2,20,2884,1105,1779,701,766,2118,4.11960622746186,4.68314421719457,3.76957279370433,3.9327817403709,3.99404438642298,4.16501716713882,245
"245",2022,6,4.32947058823529,17,6.13333333333333,3.94292857142857,2.6,5.72525,3.9,3,14,2,4,13,2901,1108,1793,703,770,2131,4.12083604274388,4.68707072202166,3.7709263803681,3.92899004267425,4.00303766233766,4.16340045049273,246
"246",2022,7,4.8125,16,4.66666666666667,5,10,1,5.06666666666667,9,7,1,1,15,2917,1117,1800,704,771,2146,4.12462988001371,4.68690632050134,3.77570611111111,3.93761363636364,3.99914267185473,4.16971405405406,247
"247",2022,8,3.75555555555556,27,4.48571428571429,3.5,3.57142857142857,3.75,3.75652173913043,7,20,7,4,23,2944,1124,1820,711,775,2169,4.12124502717391,4.68565334519573,3.77267637362637,3.93400843881856,3.99785677419355,4.16533257722453,248
