"","year","month","avg_rating","no_ratings","avg_rating_owned","avg_rating_not_owned","avg_rating_prev_owned","avg_rating_comment","avg_rating_no_comment","no_ratings_owned","no_ratings_not_owned","no_ratings_prev_owned","no_ratings_comment","no_ratings_no_comment","cum_no_ratings","cum_no_ratings_owned","cum_no_ratings_not_owned","cum_no_ratings_prev_owned","cum_no_ratings_comment","cum_no_ratings_no_comment","cum_avg_rating","cum_avg_rating_owned","cum_avg_rating_not_owned","cum_avg_rating_prev_owned","cum_avg_rating_comment","cum_avg_rating_no_comment","month_after_release"
"1",2002,1,6,3,6,NA,NA,5,6.5,3,0,0,1,2,3,3,0,0,1,2,6,6,NA,NA,5,6.5,0
"2",2002,2,6.66666666666667,3,6.5,7,NA,NA,6.66666666666667,2,1,0,0,3,6,5,1,0,1,5,6.33333333333333,6.2,7,NA,5,6.6,1
"3",2002,3,8,2,8,NA,NA,8,8,2,0,0,1,1,8,7,1,0,2,6,6.75,6.71428571428571,7,NA,6.5,6.83333333333333,2
"4",2002,4,6,2,6,6,NA,NA,6,1,1,0,0,2,10,8,2,0,2,8,6.6,6.625,6.5,NA,6.5,6.625,3
"5",2002,5,6,3,6.5,5,NA,8,5,2,1,0,1,2,13,10,3,0,3,10,6.46153846153846,6.6,6,NA,7,6.3,4
"6",2002,6,7,1,7,NA,NA,NA,7,1,0,0,0,1,14,11,3,0,3,11,6.5,6.63636363636364,6,NA,7,6.36363636363636,5
"7",2002,7,6.16666666666667,3,6,6.25,NA,5,6.75,1,2,0,1,2,17,12,5,0,4,13,6.44117647058824,6.58333333333333,6.1,NA,6.5,6.42307692307692,6
"8",2002,8,5.4,5,5.33333333333333,5.5,NA,5,5.5,3,2,0,1,4,22,15,7,0,5,17,6.20454545454545,6.33333333333333,5.92857142857143,NA,6.2,6.20588235294118,7
"9",2002,9,7.33333333333333,3,7.33333333333333,NA,NA,8,7,3,0,0,1,2,25,18,7,0,6,19,6.34,6.5,5.92857142857143,NA,6.5,6.28947368421053,8
"10",2002,10,5.28571428571429,7,6,4.75,NA,4,6.25,3,4,0,3,4,32,21,11,0,9,23,6.109375,6.42857142857143,5.5,NA,5.66666666666667,6.28260869565217,9
"11",2002,11,7.2,5,7.2,NA,NA,7,7.25,5,0,0,1,4,37,26,11,0,10,27,6.25675675675676,6.57692307692308,5.5,NA,5.8,6.42592592592593,10
"12",2002,12,5.33333333333333,6,5.75,4.5,NA,5.66666666666667,5,4,2,0,3,3,43,30,13,0,13,30,6.12790697674419,6.46666666666667,5.34615384615385,NA,5.76923076923077,6.28333333333333,11
"13",2003,1,6.65,10,6.65,NA,NA,6.25,6.75,10,0,0,2,8,53,40,13,0,15,38,6.22641509433962,6.5125,5.34615384615385,NA,5.83333333333333,6.38157894736842,12
"14",2003,2,6.78571428571429,7,7.125,6.33333333333333,NA,8,6.3,4,3,0,2,5,60,44,16,0,17,43,6.29166666666667,6.56818181818182,5.53125,NA,6.08823529411765,6.37209302325581,13
"15",2003,3,5.33333333333333,6,6.33333333333333,4.33333333333333,5,4.33333333333333,6.33333333333333,3,3,1,3,3,66,47,19,1,20,46,6.20454545454545,6.5531914893617,5.34210526315789,5,5.825,6.3695652173913,14
"16",2003,4,5.25,4,5.33333333333333,5,NA,NA,5.25,3,1,0,0,4,70,50,20,1,20,50,6.15,6.48,5.325,5,5.825,6.28,15
"17",2003,5,5,7,5.2,4.5,NA,4.75,5.33333333333333,5,2,0,4,3,77,55,22,1,24,53,6.04545454545455,6.36363636363636,5.25,5,5.64583333333333,6.22641509433962,16
"18",2003,6,6,7,7,4.66666666666667,NA,6.16666666666667,5,4,3,0,6,1,84,59,25,1,30,54,6.04166666666667,6.40677966101695,5.18,5,5.75,6.2037037037037,17
"19",2003,7,5.57142857142857,21,6.1,5.09090909090909,8,5.5,5.61538461538461,10,11,1,8,13,105,69,36,2,38,67,5.94761904761905,6.36231884057971,5.15277777777778,6.5,5.69736842105263,6.08955223880597,18
"20",2003,8,6.72727272727273,11,6.42857142857143,7.25,10,5.75,7.28571428571429,7,4,1,4,7,116,76,40,3,42,74,6.02155172413793,6.36842105263158,5.3625,7.66666666666667,5.70238095238095,6.2027027027027,19
"21",2003,9,6.16666666666667,3,6,6.5,NA,NA,6.16666666666667,2,1,0,0,3,119,78,41,3,42,77,6.02521008403361,6.35897435897436,5.39024390243902,7.66666666666667,5.70238095238095,6.2012987012987,20
"22",2003,10,5.57142857142857,7,6.16666666666667,2,NA,4.66666666666667,6.25,6,1,0,3,4,126,84,42,3,45,81,6,6.34523809523809,5.30952380952381,7.66666666666667,5.63333333333333,6.2037037037037,21
"23",2003,11,5.5,2,5.5,NA,NA,5.5,NA,2,0,0,2,0,128,86,42,3,47,81,5.9921875,6.32558139534884,5.30952380952381,7.66666666666667,5.62765957446809,6.2037037037037,22
"24",2003,12,5.6,5,5.6,NA,NA,5.33333333333333,6,5,0,0,3,2,133,91,42,3,50,83,5.97744360902256,6.28571428571429,5.30952380952381,7.66666666666667,5.61,6.19879518072289,23
"25",2004,1,6.44444444444444,9,6.4,6.5,NA,7,6.16666666666667,5,4,0,3,6,142,96,46,3,53,89,6.00704225352113,6.29166666666667,5.41304347826087,7.66666666666667,5.68867924528302,6.19662921348315,24
"26",2004,2,6.5,8,6.5,NA,NA,7.25,5.75,8,0,0,4,4,150,104,46,3,57,93,6.03333333333333,6.30769230769231,5.41304347826087,7.66666666666667,5.79824561403509,6.17741935483871,25
"27",2004,3,6,11,6.71428571428571,4.75,NA,5.6,6.33333333333333,7,4,0,5,6,161,111,50,3,62,99,6.03105590062112,6.33333333333333,5.36,7.66666666666667,5.78225806451613,6.18686868686869,26
"28",2004,4,6.35714285714286,7,6.75,4,NA,7.375,5,6,1,0,4,3,168,117,51,3,66,102,6.04464285714286,6.35470085470085,5.33333333333333,7.66666666666667,5.87878787878788,6.15196078431373,27
"29",2004,5,6.04545454545455,11,6.57142857142857,5.125,3,6.375,5.16666666666667,7,4,1,8,3,179,124,55,4,74,105,6.04469273743017,6.36693548387097,5.31818181818182,6.5,5.93243243243243,6.12380952380952,28
"30",2004,6,6.2,10,6,6.5,5,6.2,6.2,6,4,1,5,5,189,130,59,5,79,110,6.05291005291005,6.35,5.39830508474576,6.2,5.94936708860759,6.12727272727273,29
"31",2004,7,6.75,4,7,6,NA,6,7.5,3,1,0,2,2,193,133,60,5,81,112,6.06735751295337,6.36466165413534,5.40833333333333,6.2,5.95061728395062,6.15178571428571,30
"32",2004,8,6.5,6,7.2,3,NA,5.75,8,5,1,0,4,2,199,138,61,5,85,114,6.08040201005025,6.39492753623188,5.36885245901639,6.2,5.94117647058824,6.18421052631579,31
"33",2004,9,6.55555555555556,9,6.55555555555556,NA,NA,8,5.83333333333333,9,0,0,3,6,208,147,61,5,88,120,6.10096153846154,6.40476190476191,5.36885245901639,6.2,6.01136363636364,6.16666666666667,32
"34",2004,10,6.4375,16,6.76923076923077,5,4.5,6.28571428571429,6.55555555555556,13,3,2,7,9,224,160,64,7,95,129,6.125,6.434375,5.3515625,5.71428571428571,6.03157894736842,6.1937984496124,33
"35",2004,11,6.66666666666667,9,7.14285714285714,5,6,6.28571428571429,8,7,2,1,7,2,233,167,66,8,102,131,6.14592274678112,6.46407185628743,5.34090909090909,5.75,6.04901960784314,6.22137404580153,34
"36",2004,12,7.57142857142857,7,7.66666666666667,7,NA,7.5,7.6,6,1,0,2,5,240,173,67,8,104,136,6.1875,6.50578034682081,5.36567164179105,5.75,6.07692307692308,6.27205882352941,35
"37",2005,1,5.95238095238095,21,5.94117647058824,6,NA,5.77777777777778,6.08333333333333,17,4,0,9,12,261,190,71,8,113,148,6.16858237547893,6.45526315789474,5.40140845070423,5.75,6.05309734513274,6.25675675675676,36
"38",2005,2,5,7,5.8,3,NA,4.5,5.66666666666667,5,2,0,4,3,268,195,73,8,117,151,6.13805970149254,6.43846153846154,5.33561643835616,5.75,6,6.24503311258278,37
"39",2005,3,6.61538461538461,13,6.8125,6.3,5,6,6.88888888888889,8,5,1,4,9,281,203,78,9,121,160,6.16014234875445,6.45320197044335,5.3974358974359,5.66666666666667,6,6.28125,38
"40",2005,4,5.9375,8,6.35714285714286,3,NA,5.75,6.125,7,1,0,4,4,289,210,79,9,125,164,6.15397923875433,6.45,5.36708860759494,5.66666666666667,5.992,6.27743902439024,39
"41",2005,5,6.35454545454545,11,6.77777777777778,4.45,NA,5.55714285714286,7.75,9,2,0,7,4,300,219,81,9,132,168,6.16133333333333,6.4634703196347,5.34444444444444,5.66666666666667,5.96893939393939,6.3125,40
"42",2005,6,7,4,7,7,NA,7,7,3,1,0,1,3,304,222,82,9,133,171,6.17236842105263,6.47072072072072,5.36463414634146,5.66666666666667,5.97669172932331,6.32456140350877,41
"43",2005,7,5.66666666666667,6,5.66666666666667,NA,NA,5.66666666666667,5.66666666666667,6,0,0,3,3,310,228,82,9,136,174,6.16258064516129,6.44956140350877,5.36463414634146,5.66666666666667,5.96985294117647,6.3132183908046,42
"44",2005,8,6.35714285714286,7,8.125,4,NA,6.4,6.25,4,3,0,5,2,317,232,85,9,141,176,6.16687697160883,6.47844827586207,5.31647058823529,5.66666666666667,5.98510638297872,6.3125,43
"45",2005,9,6.88888888888889,9,7.28571428571429,5.5,5.5,7,6.83333333333333,7,2,2,3,6,326,239,87,11,144,182,6.18680981595092,6.5020920502092,5.32068965517241,5.63636363636364,6.00625,6.32967032967033,44
"46",2005,10,6,9,6.33333333333333,5.33333333333333,5,5.8,6.25,6,3,1,5,4,335,245,90,12,149,186,6.18179104477612,6.49795918367347,5.32111111111111,5.58333333333333,5.9993288590604,6.32795698924731,45
"47",2005,11,6,11,5.92857142857143,6.125,5,6.5,5.71428571428571,7,4,3,4,7,346,252,94,15,153,193,6.17601156069364,6.48214285714286,5.35531914893617,5.46666666666667,6.01241830065359,6.30569948186529,46
"48",2005,12,5.7,10,6.125,4,NA,5,5.875,8,2,0,2,8,356,260,96,15,155,201,6.1626404494382,6.47115384615385,5.32708333333333,5.46666666666667,5.99935483870968,6.28855721393035,47
"49",2006,1,6.35294117647059,17,6.63636363636364,5.83333333333333,NA,6.375,6.33333333333333,11,6,0,8,9,373,271,102,15,163,210,6.17131367292225,6.47785977859779,5.35686274509804,5.46666666666667,6.01779141104294,6.29047619047619,48
"50",2006,2,5.4,5,5,7,NA,5.33333333333333,5.5,4,1,0,3,2,378,275,103,15,166,212,6.16111111111111,6.45636363636364,5.37281553398058,5.46666666666667,6.00542168674699,6.28301886792453,49
"51",2006,3,6.66428571428571,14,6.71538461538462,6,NA,7.05,6.375,13,1,0,6,8,392,288,104,15,172,220,6.17908163265306,6.46805555555556,5.37884615384615,5.46666666666667,6.04186046511628,6.28636363636364,50
"52",2006,4,6.78571428571429,7,6.66666666666667,7.5,NA,6.5,6.9,6,1,0,2,5,399,294,105,15,174,225,6.18972431077694,6.47210884353741,5.39904761904762,5.46666666666667,6.04712643678161,6.3,51
"53",2006,5,5.85714285714286,7,6.16666666666667,4,NA,6,5.75,6,1,0,3,4,406,300,106,15,177,229,6.18399014778325,6.466,5.38584905660377,5.46666666666667,6.04632768361582,6.29039301310044,52
"54",2006,6,6.9,5,6.9,NA,NA,6.875,7,5,0,0,4,1,411,305,106,15,181,230,6.19270072992701,6.47311475409836,5.38584905660377,5.46666666666667,6.0646408839779,6.29347826086957,53
"55",2006,7,6,8,6,6,7,6,6,5,3,1,2,6,419,310,109,16,183,236,6.1890214797136,6.46548387096774,5.40275229357798,5.5625,6.06393442622951,6.28601694915254,54
"56",2006,8,5.97142857142857,7,7.325,4.16666666666667,NA,6.93333333333333,5.25,4,3,0,3,4,426,314,112,16,186,240,6.18544600938967,6.47643312101911,5.36964285714286,5.5625,6.07795698924731,6.26875,55
"57",2006,9,6.22222222222222,9,6.6,5.75,6,6.8,5.5,5,4,1,5,4,435,319,116,17,191,244,6.18620689655173,6.47836990595611,5.38275862068966,5.58823529411765,6.09685863874345,6.25614754098361,56
"58",2006,10,6.34615384615385,13,6.83333333333333,5.25,5,6.66666666666667,6.25,9,4,1,3,10,448,328,120,18,194,254,6.19084821428572,6.48810975609756,5.37833333333333,5.55555555555556,6.10567010309278,6.25590551181102,57
"59",2006,11,6,12,5.88888888888889,6.33333333333333,6.33333333333333,5.5,6.25,9,3,3,4,8,460,337,123,21,198,262,6.18586956521739,6.47210682492581,5.40162601626016,5.66666666666667,6.09343434343434,6.25572519083969,58
"60",2006,12,6.13333333333333,15,6.5,5.71428571428571,5,5.6,6.4,8,7,1,5,10,475,345,130,22,203,272,6.18421052631579,6.4727536231884,5.41846153846154,5.63636363636364,6.08128078817734,6.26102941176471,59
"61",2007,1,6.17333333333333,15,6.6,5,4,4.91666666666667,7.01111111111111,11,4,2,6,9,490,356,134,24,209,281,6.18387755102041,6.47668539325842,5.40597014925373,5.5,6.04784688995215,6.28505338078292,60
"62",2007,2,6.13157894736842,19,6.33333333333333,5.78571428571429,6,6.21428571428571,6.08333333333333,12,7,1,7,12,509,368,141,25,216,293,6.1819253438114,6.47201086956522,5.42482269503546,5.52,6.05324074074074,6.27679180887372,61
"63",2007,3,5.7,12,7.25,4.925,5,5,6.05,4,8,1,4,8,521,372,149,26,220,301,6.17082533589252,6.48037634408602,5.39798657718121,5.5,6.03409090909091,6.27076411960133,62
"64",2007,4,6.81818181818182,11,7,5,NA,6.33333333333333,7.4,10,1,0,6,5,532,382,150,26,226,306,6.18421052631579,6.49397905759162,5.39533333333333,5.5,6.04203539823009,6.28921568627451,63
"65",2007,5,5.95,12,6.2,5.77142857142857,5.83333333333333,5.83333333333333,5.98888888888889,5,7,3,3,9,544,387,157,29,229,315,6.17904411764706,6.49018087855297,5.41210191082803,5.53448275862069,6.03930131004367,6.28063492063492,64
"66",2007,6,6.72222222222222,9,6.42857142857143,7.75,NA,6.3,7.25,7,2,0,5,4,553,394,159,29,234,319,6.1878842676311,6.48908629441624,5.44150943396226,5.53448275862069,6.04487179487179,6.29278996865204,65
"67",2007,7,6.33333333333333,12,6.625,5.75,NA,5.8,6.71428571428571,8,4,0,5,7,565,402,163,29,239,326,6.19097345132743,6.49179104477612,5.44907975460123,5.53448275862069,6.03974895397489,6.30184049079755,66
"68",2007,8,5.68181818181818,11,6.6875,3,3,4.5,7.1,8,3,1,6,5,576,410,166,30,245,331,6.18125,6.49560975609756,5.40481927710843,5.45,6.00204081632653,6.31389728096677,67
"69",2007,9,6.23157894736842,19,6.31764705882353,5.5,5,7.3,5.85,17,2,1,5,14,595,427,168,31,250,345,6.18285714285714,6.48852459016393,5.40595238095238,5.43548387096774,6.028,6.29507246376812,68
"70",2007,10,5.91666666666667,12,6.375,5,2,6,5.85714285714286,8,4,1,5,7,607,435,172,32,255,352,6.17759472817134,6.48643678160919,5.39651162790698,5.328125,6.02745098039216,6.28636363636364,69
"71",2007,11,6.21428571428571,14,6.33333333333333,5.5,NA,5.5,6.33333333333333,12,2,0,2,12,621,447,174,32,257,364,6.17842190016103,6.48232662192394,5.39770114942529,5.328125,6.02334630350194,6.28791208791209,70
"72",2007,12,6.41304347826087,23,6.475,6,5,6.33333333333333,6.5,20,3,1,12,11,644,467,177,33,269,375,6.18680124223603,6.48201284796574,5.40790960451977,5.31818181818182,6.03717472118959,6.29413333333333,71
"73",2008,1,6.56578947368421,19,6.63235294117647,6,6,6.65625,6.5,17,2,1,8,11,663,484,179,34,277,386,6.19766214177979,6.48729338842975,5.4145251396648,5.33823529411765,6.05505415162455,6.3,72
"74",2008,2,6.46153846153846,13,6.55555555555556,6.25,6.66666666666667,5.75,6.77777777777778,9,4,3,4,9,676,493,183,37,281,395,6.20273668639053,6.48853955375253,5.4327868852459,5.44594594594595,6.05071174377224,6.31088607594937,73
"75",2008,3,6.1,10,6.25,6,7,7.25,5.33333333333333,4,6,1,4,6,686,497,189,38,285,401,6.20123906705539,6.48661971830986,5.45079365079365,5.48684210526316,6.06754385964912,6.29625935162095,74
"76",2008,4,6.92222222222222,9,7.5,5.76666666666667,NA,7.2,6.7,6,3,0,4,5,695,503,192,38,289,406,6.21057553956835,6.49870775347912,5.45572916666667,5.48684210526316,6.08321799307958,6.3012315270936,75
"77",2008,5,6.3,10,6.88888888888889,1,1,6.66666666666667,6.14285714285714,9,1,1,3,7,705,512,193,39,292,413,6.21184397163121,6.50556640625,5.43264248704663,5.37179487179487,6.08921232876712,6.29854721549637,76
"78",2008,6,6.07692307692308,13,6.875,4.8,5.33333333333333,7.25,5.55555555555556,8,5,3,4,9,718,520,198,42,296,422,6.20940111420613,6.51125,5.41666666666667,5.36904761904762,6.10489864864865,6.28270142180095,77
"79",2008,7,6.42,25,6.77272727272727,6.14285714285714,5.8,5.59090909090909,7.07142857142857,11,14,10,11,14,743,531,212,52,307,436,6.21648721399731,6.51666666666667,5.46462264150943,5.45192307692308,6.08648208469055,6.30802752293578,78
"80",2008,8,6.46428571428571,14,6.94444444444444,5.6,5.6,5.66666666666667,7.0625,9,5,5,6,8,757,540,217,57,313,444,6.22107001321004,6.52379629629629,5.46774193548387,5.46491228070175,6.07843450479233,6.32162162162162,79
"81",2008,9,6,9,6.33333333333333,5.33333333333333,5.5,6.25,5.8,6,3,2,4,5,766,546,220,59,317,449,6.2184725848564,6.5217032967033,5.46590909090909,5.46610169491525,6.08059936908517,6.31581291759466,80
"82",2008,10,6.06153846153846,13,6.46666666666667,5.71428571428571,5.5,6.04285714285714,6.08333333333333,6,7,6,7,6,779,552,227,65,324,455,6.21585365853659,6.52110507246377,5.47356828193833,5.46923076923077,6.07978395061728,6.31274725274725,81
"83",2008,11,4.98333333333333,12,6.36,4,4.8,5.63333333333333,4.33333333333333,5,7,5,6,6,791,557,234,70,330,461,6.19715549936789,6.51965888689408,5.42948717948718,5.42142857142857,6.07166666666666,6.28698481561822,82
"84",2008,12,6.25,10,6.66666666666667,5.625,5.625,6.5,6.1875,6,4,4,2,8,801,563,238,74,332,469,6.1978152309613,6.52122557726465,5.4327731092437,5.43243243243243,6.07424698795181,6.28528784648188,83
"85",2009,1,6.93333333333333,15,7,6.5,6.5,6.97142857142857,6.9,13,2,2,7,8,816,576,240,76,339,477,6.21133578431373,6.53203125,5.44166666666667,5.46052631578947,6.09277286135693,6.29559748427673,84
"86",2009,2,5.83076923076923,13,5.98,5.7375,5.6,5,6.35,5,8,5,5,8,829,581,248,81,344,485,6.20536791314837,6.52728055077453,5.45120967741935,5.46913580246914,6.07688953488372,6.29649484536082,85
"87",2009,3,6.14285714285714,21,6.46666666666667,5.33333333333333,5.5,6.14285714285714,6.14285714285714,15,6,2,7,14,850,596,254,83,351,499,6.20382352941177,6.52575503355705,5.44842519685039,5.46987951807229,6.07820512820513,6.29218436873747,86
"88",2009,4,6.03125,16,6.04545454545455,6,7,4.5,6.25,11,5,2,2,14,866,607,259,85,353,513,6.2006351039261,6.5170510708402,5.45907335907336,5.50588235294118,6.06926345609065,6.29103313840156,87
"89",2009,5,6.95,20,7.26923076923077,6.35714285714286,5.66666666666667,6.5,7.19230769230769,13,7,3,7,13,886,620,266,88,360,526,6.21755079006772,6.53282258064516,5.48270676691729,5.51136363636364,6.07763888888889,6.31330798479087,88
"90",2009,6,6.625,16,6.375,7.375,5.5,6.3125,6.9375,12,4,2,8,8,902,632,270,90,368,534,6.22477827050998,6.52982594936709,5.51074074074074,5.51111111111111,6.08274456521739,6.32265917602996,89
"91",2009,7,5.91176470588235,17,6.19230769230769,5,5.5,5.91666666666667,5.90909090909091,13,4,2,6,11,919,645,274,92,374,545,6.2189880304679,6.52302325581395,5.50328467153285,5.51086956521739,6.08008021390374,6.31431192660551,90
"92",2009,8,5.9,15,6.35,5,5,8,5.375,10,5,5,3,12,934,655,279,97,377,557,6.21386509635974,6.52038167938931,5.49426523297491,5.48453608247423,6.09535809018567,6.29407540394973,91
"93",2009,9,5.73333333333333,15,5.2,6,6.41666666666667,6.75,5.36363636363636,5,10,6,4,11,949,660,289,103,381,568,6.20626975763962,6.51037878787879,5.51176470588235,5.53883495145631,6.10223097112861,6.27605633802817,92
"94",2009,10,6.5,19,6.84615384615385,5.75,6.375,7.05555555555556,6,13,6,4,9,10,968,673,295,107,390,578,6.21203512396694,6.5168647845468,5.51661016949153,5.57009345794393,6.12423076923077,6.27128027681661,93
"95",2009,11,5.93529411764706,17,6.32222222222222,5.5,6,5.56666666666667,6.13636363636364,9,8,3,6,11,985,682,303,110,396,589,6.20725888324873,6.51429618768328,5.51617161716172,5.58181818181818,6.11578282828283,6.26876061120543,94
"96",2009,12,6.61538461538461,13,6.83333333333333,6.42857142857143,6.66666666666667,7,6.44444444444444,6,7,3,4,9,998,688,310,113,400,598,6.2125751503006,6.51707848837209,5.53677419354839,5.61061946902655,6.124625,6.27140468227425,95
"97",2010,1,6.39285714285714,14,6.57142857142857,6.21428571428571,6.375,5.58333333333333,7,7,7,4,6,8,1012,695,317,117,406,606,6.21506916996047,6.51762589928057,5.55173501577287,5.63675213675214,6.11662561576355,6.28102310231023,96
"98",2010,2,7.09375,8,7.25,7,7,NA,7.09375,3,5,3,0,8,1020,698,322,120,406,614,6.22196078431373,6.52077363896848,5.57422360248447,5.67083333333333,6.11662561576355,6.29161237785016,97
"99",2010,3,7.38888888888889,9,7.21428571428571,8,9,8,7.08333333333333,7,2,1,3,6,1029,705,324,121,409,620,6.23216715257532,6.52765957446808,5.5891975308642,5.69834710743802,6.13044009779951,6.29927419354839,98
"100",2010,4,6.25,10,6.5,5.66666666666667,NA,7.25,6,7,3,0,2,8,1039,712,327,121,411,628,6.23233878729548,6.52738764044944,5.58990825688073,5.69834710743802,6.13588807785888,6.29546178343949,99
"101",2010,5,5.43636363636364,11,5.35,5.66666666666667,5.66666666666667,5,5.68571428571429,8,3,3,4,7,1050,720,330,124,415,635,6.224,6.51430555555555,5.59060606060606,5.69758064516129,6.12493975903614,6.28874015748032,100
"102",2010,6,6.64285714285714,7,6.58333333333333,7,7,6.83333333333333,6.5,6,1,1,3,4,1057,726,331,125,418,639,6.22677388836329,6.51487603305785,5.59486404833837,5.708,6.13002392344498,6.29006259780908,101
"103",2010,7,6.60909090909091,11,6.9625,5.66666666666667,5.5,4,6.87,8,3,2,1,10,1068,734,334,127,419,649,6.23071161048689,6.51975476839237,5.59550898203593,5.70472440944882,6.12494033412888,6.29899845916795,102
"104",2010,8,5.875,12,6.6,5.35714285714286,5.2,6.7,5.28571428571429,5,7,5,5,7,1080,739,341,132,424,656,6.22675925925926,6.52029769959405,5.59061583577713,5.68560606060606,6.13172169811321,6.28818597560976,103
"105",2010,9,6,3,5.5,7,NA,5.5,7,2,1,0,2,1,1083,741,342,132,426,657,6.22613111726685,6.51754385964912,5.59473684210526,5.68560606060606,6.1287558685446,6.2892694063927,104
"106",2010,10,5.91666666666667,12,6.42857142857143,5.2,4.5,5,6.375,7,5,4,4,8,1095,748,347,136,430,665,6.2227397260274,6.51671122994652,5.58904899135447,5.65073529411765,6.11825581395349,6.2903007518797,105
"107",2010,11,6.71666666666667,6,7.66666666666667,5.76666666666667,5.25,8,6.46,3,3,2,1,5,1101,751,350,138,431,670,6.22543142597639,6.52130492676431,5.59057142857143,5.64492753623188,6.12262180974478,6.29156716417911,106
"108",2010,12,5.78,10,5.82857142857143,5.66666666666667,NA,5.1,6.46,7,3,0,5,5,1111,758,353,138,436,675,6.22142214221422,6.51490765171504,5.59121813031161,5.64492753623188,6.11089449541284,6.29281481481482,107
"109",2011,1,6.125,8,6.8,5,5,9,5.71428571428571,5,3,1,1,7,1119,763,356,139,437,682,6.2207327971403,6.51677588466579,5.58623595505618,5.64028776978417,6.1175057208238,6.28687683284458,108
"110",2011,2,5.4,5,6.25,2,NA,7,5,4,1,0,1,4,1124,767,357,139,438,686,6.21708185053381,6.51538461538461,5.57619047619048,5.64028776978417,6.1195205479452,6.27937317784257,109
"111",2011,3,5.625,12,6.3125,4.25,3.5,5.66666666666667,5.61111111111111,8,4,2,3,9,1136,775,361,141,441,695,6.21082746478873,6.51329032258064,5.56149584487535,5.60992907801418,6.11643990929705,6.27071942446043,110
"112",2011,4,7.89285714285714,7,8.16666666666667,6.25,6.25,6.25,8.16666666666667,6,1,1,1,6,1143,781,362,142,442,701,6.22112860892389,6.52599231754161,5.56339779005525,5.61443661971831,6.11674208144796,6.28694721825963,111
"113",2011,5,7,9,7.16666666666667,6.66666666666667,7,NA,7,6,3,1,0,9,1152,787,365,143,442,710,6.22721354166667,6.53087674714104,5.57246575342466,5.62412587412587,6.11674208144796,6.29598591549296,112
"114",2011,6,6.78571428571429,7,6.78571428571429,NA,NA,7,6.75,7,0,0,1,6,1159,794,365,143,443,716,6.23058671268335,6.53312342569269,5.57246575342466,5.62412587412587,6.11873589164785,6.2997905027933,113
"115",2011,7,6.27142857142857,7,5.975,6.66666666666667,5,6,6.38,4,3,1,2,5,1166,798,368,144,445,721,6.23083190394511,6.53032581453634,5.58138586956522,5.61979166666667,6.11820224719101,6.300346740638,114
"116",2011,8,6.41666666666667,6,6.375,6.5,7.5,6.75,6.25,4,2,2,2,4,1172,802,370,146,447,725,6.23178327645051,6.52955112219451,5.58635135135135,5.64554794520548,6.12102908277405,6.30006896551724,115
"117",2011,9,6.44285714285714,7,6.875,5.86666666666667,5.86666666666667,6.275,6.66666666666667,4,3,3,4,3,1179,806,373,149,451,728,6.23303647158609,6.53126550868486,5.58860589812332,5.65,6.12239467849224,6.30157967032967,116
"118",2011,10,6.95833333333333,12,7.5625,5.75,6,6.25,7.3125,8,4,3,4,8,1191,814,377,152,455,736,6.24034424853065,6.54140049140049,5.59031830238727,5.65690789473684,6.12351648351648,6.31256793478261,117
"119",2011,11,6.16666666666667,6,6.2,6,NA,6,6.33333333333333,5,1,0,3,3,1197,819,378,152,458,739,6.23997493734336,6.53931623931624,5.59140211640212,5.65690789473684,6.12270742358078,6.31265223274696,118
"120",2011,12,7.3125,4,7.3125,NA,NA,8.125,6.5,4,0,0,2,2,1201,823,378,152,460,741,6.24354704412989,6.54307411907655,5.59140211640212,5.65690789473684,6.13141304347826,6.31315789473684,119
"121",2012,1,6.95,10,6.87777777777778,7.6,NA,8.16666666666667,6.42857142857143,9,1,0,3,7,1211,832,379,152,463,748,6.24938067712634,6.54669471153846,5.5967018469657,5.65690789473684,6.14460043196544,6.31423796791444,120
"122",2012,2,5.94444444444444,9,7.125,5,4.5,6.5,5.78571428571429,4,5,2,2,7,1220,836,384,154,465,755,6.24713114754098,6.54946172248804,5.58893229166667,5.64188311688312,6.14612903225806,6.30933774834437,121
"123",2012,3,5.27777777777778,9,6.125,4.6,7,3.25,5.85714285714286,4,5,1,2,7,1229,840,389,155,467,762,6.24003254678601,6.54744047619047,5.57622107969152,5.65064516129032,6.13372591006424,6.30518372703412,122
"124",2012,4,6.29,10,6.5,6.08,6.08,6.5,6.15,5,5,5,4,6,1239,845,394,160,471,768,6.24043583535109,6.54715976331361,5.58261421319797,5.6640625,6.13683651804671,6.30397135416667,123
"125",2012,5,6.86363636363636,11,7.0625,6.33333333333333,6.66666666666667,6,7.05555555555556,8,3,3,2,9,1250,853,397,163,473,777,6.24592,6.55199296600234,5.58828715365239,5.68251533742331,6.13625792811839,6.31267696267696,124
"126",2012,6,6.25,4,6,7,7,8,5.66666666666667,3,1,1,1,3,1254,856,398,164,474,780,6.24593301435407,6.55005841121495,5.59183417085427,5.6905487804878,6.14018987341772,6.31019230769231,125
"127",2012,7,6.46428571428571,7,6.375,6.58333333333333,8,6.75,6.08333333333333,4,3,1,4,3,1261,860,401,165,478,783,6.24714512291832,6.54924418604651,5.59925187032419,5.70454545454545,6.14529288702929,6.30932311621967,126
"128",2012,8,8.16666666666667,6,10,6.33333333333333,6,10,7.8,3,3,1,1,5,1267,863,404,166,479,788,6.25623520126283,6.56123986095017,5.60470297029703,5.70632530120482,6.15334029227557,6.31878172588833,127
"129",2012,9,6.38888888888889,9,7,5.16666666666667,5.16666666666667,6.25,6.42857142857143,6,3,3,2,7,1276,869,407,169,481,795,6.25717084639499,6.56426927502877,5.6014742014742,5.69674556213018,6.1537422037422,6.31974842767296,128
"130",2012,10,6.5,7,6.25,8,8,4.75,7.2,6,1,1,2,5,1283,875,408,170,483,800,6.25849571317225,6.56211428571428,5.60735294117647,5.71029411764706,6.14792960662526,6.32525,129
"131",2012,11,6.9375,8,7.08333333333333,6.5,6.5,7,6.875,6,2,2,4,4,1291,881,410,172,487,804,6.26270333075136,6.56566401816118,5.61170731707317,5.71947674418605,6.15492813141684,6.32798507462687,130
"132",2012,12,6.5,6,7,4,4,5.25,7.125,5,1,1,2,4,1297,886,411,173,489,808,6.26380107941403,6.5681151241535,5.60778588807786,5.70953757225434,6.15122699386503,6.33193069306931,131
"133",2013,1,6.89714285714286,14,7.23714285714286,6.55714285714286,6.58,6.63333333333333,6.96909090909091,7,7,5,3,11,1311,893,418,178,492,819,6.2705644546148,6.573359462486,5.62368421052632,5.73398876404494,6.15416666666667,6.3404884004884,132
"134",2013,2,7,5,7.25,6,6,NA,7,4,1,1,0,5,1316,897,419,179,492,824,6.2733358662614,6.5763768115942,5.62458233890215,5.7354748603352,6.15416666666667,6.34449029126214,133
"135",2013,3,6.04444444444444,9,6.2375,4.5,NA,6.7,5.71666666666667,8,1,0,3,6,1325,905,420,179,495,830,6.27178113207547,6.57338121546961,5.62190476190476,5.7354748603352,6.15747474747475,6.33995180722892,134
"136",2013,4,7.25,4,7.33333333333333,7,NA,8,7,3,1,0,1,3,1329,908,421,179,496,833,6.27472535741159,6.57589207048458,5.62517814726841,5.7354748603352,6.16118951612903,6.34232893157263,135
"137",2013,5,6.875,8,7.4,6,5,6.5,7,5,3,1,2,6,1337,913,424,180,498,839,6.27831712789828,6.58040525739321,5.62783018867925,5.73138888888889,6.16255020080321,6.34703218116806,136
"138",2013,6,6.86,5,10,6.075,5.5,8,6.1,1,4,2,2,3,1342,914,428,182,500,842,6.28048435171386,6.5841466083151,5.63200934579439,5.72884615384615,6.1699,6.34615201900238,137
"139",2013,7,6,6,6.2,5,5,NA,6,5,1,1,0,6,1348,919,429,183,500,848,6.27923590504451,6.58205658324265,5.63053613053613,5.72486338797814,6.1699,6.34370283018868,138
"140",2013,8,6.45,10,6.42857142857143,6.5,6.5,6,6.5,7,3,3,1,9,1358,926,432,186,501,857,6.28049337260678,6.58089632829373,5.63657407407407,5.73736559139785,6.16956087824351,6.34534422403734,139
"141",2013,9,5.6,15,6.57142857142857,4.75,5.25,5.33333333333333,5.66666666666667,7,8,4,3,12,1373,933,440,190,504,869,6.27305899490168,6.58082529474812,5.62045454545455,5.7271052631579,6.16458333333333,6.33597238204833,140
"142",2013,10,6.44444444444444,9,6.5,6.4,6.5,6.5,6.42857142857143,4,5,2,2,7,1382,937,445,192,506,876,6.27417510853835,6.5804802561366,5.62921348314607,5.73515625,6.16590909090909,6.33671232876712,141
"143",2013,11,6.5,5,6.625,6,NA,6,6.625,4,1,0,1,4,1387,941,446,192,507,880,6.274989185292,6.58066950053135,5.63004484304933,5.73515625,6.16558185404339,6.33802272727273,142
"144",2013,12,6.44444444444444,9,6.5,6.375,NA,8.25,5.92857142857143,5,4,0,2,7,1396,946,450,192,509,887,6.27608166189112,6.58024312896406,5.63666666666667,5.73515625,6.1737721021611,6.33479143179256,143
"145",2014,1,6.60833333333333,12,6.83,5.5,6,7.125,6.35,10,2,1,4,8,1408,956,452,193,513,895,6.27891335227273,6.58285564853556,5.63606194690265,5.73652849740933,6.18118908382066,6.33492737430168,144
"146",2014,2,6.82142857142857,14,6.95,6.5,NA,5.5,7.04166666666667,10,4,0,2,12,1422,966,456,193,515,907,6.28425457102672,6.58665631469979,5.64364035087719,5.73652849740933,6.17854368932039,6.34427783902977,145
"147",2014,3,6.625,8,7,6,7,7,6.5,5,3,1,2,6,1430,971,459,194,517,913,6.28616083916084,6.58878475798146,5.64596949891068,5.7430412371134,6.18172147001934,6.34530120481928,146
"148",2014,4,5.53125,8,5.25,6,5,4.5,6.15,5,3,3,3,5,1438,976,462,197,520,918,6.28196105702364,6.58192622950819,5.6482683982684,5.73172588832487,6.17201923076923,6.34423747276689,147
"149",2014,5,6,6,6,6,6,NA,6,4,2,2,0,6,1444,980,464,199,520,924,6.28078947368421,6.57955102040816,5.64978448275862,5.73442211055276,6.17201923076923,6.34200216450217,148
"150",2014,6,5.9,5,6.375,4,NA,4,6.375,4,1,0,1,4,1449,984,465,199,521,928,6.27947550034507,6.57871951219512,5.64623655913979,5.73442211055276,6.16785028790787,6.34214439655173,149
"151",2014,7,6.75,4,7.5,6,6,NA,6.75,2,2,1,0,4,1453,986,467,200,521,932,6.28077081899518,6.58058823529412,5.64775160599572,5.73575,6.16785028790787,6.34389484978541,150
"152",2014,8,6.9375,8,7,6.75,6.75,6.75,7,6,2,2,2,6,1461,992,469,202,523,938,6.28436687200548,6.583125,5.65245202558635,5.74579207920792,6.17007648183556,6.34809168443497,151
"153",2014,9,5.66666666666667,6,6.66666666666667,4.66666666666667,7,5,5.8,3,3,1,1,5,1467,995,472,203,524,943,6.28184049079755,6.58337688442211,5.64618644067797,5.75197044334975,6.16784351145038,6.34518557794274,152
"154",2014,10,6.16666666666667,6,6.5,5.5,NA,NA,6.16666666666667,4,2,0,0,6,1473,999,474,203,524,949,6.28137135098439,6.58304304304304,5.64556962025316,5.75197044334975,6.16784351145038,6.34405690200211,153
"155",2014,11,6.95833333333333,12,7.5,5.33333333333333,5.5,6.66666666666667,7.05555555555556,9,3,2,3,9,1485,1008,477,205,527,958,6.28684175084175,6.59123015873016,5.64360587002096,5.74951219512195,6.17068311195446,6.35074112734864,154
"156",2014,12,7.56923076923077,13,7.775,5.1,5.1,5.36666666666667,8.23,12,1,1,3,10,1498,1020,478,206,530,968,6.29797062750334,6.6051568627451,5.64246861924686,5.74635922330097,6.1661320754717,6.37015495867769,155
"157",2015,1,5.68888888888889,9,5.68888888888889,NA,NA,8.7,5.3125,9,0,0,1,8,1507,1029,478,206,531,976,6.29433311214333,6.59714285714286,5.64246861924686,5.74635922330097,6.17090395480226,6.36148565573771,156
"158",2015,2,6.27142857142857,7,8.45,5.4,5.5,6.5,6.18,2,5,4,2,5,1514,1031,483,210,533,981,6.29422721268164,6.60073714839961,5.6399585921325,5.74166666666667,6.17213883677298,6.36056065239552,157
"159",2015,3,6.72307692307692,13,6.69,6.83333333333333,6.5,6.63333333333333,6.75,10,3,1,3,10,1527,1041,486,211,536,991,6.29787819253438,6.60159462055715,5.64732510288066,5.74526066350711,6.17472014925373,6.36449041372351,158
"160",2015,4,6.81818181818182,11,6.85714285714286,6.75,6,6.5,7,7,4,1,4,7,1538,1048,490,212,540,998,6.30159947984395,6.60330152671755,5.65632653061224,5.74646226415094,6.17712962962963,6.36894789579158,159
"161",2015,5,7.28571428571429,7,7.33333333333333,7,NA,6.5,7.6,6,1,0,2,5,1545,1054,491,212,542,1003,6.30605825242719,6.60745730550284,5.65906313645621,5.74646226415094,6.17832103321033,6.37508474576271,160
"162",2015,6,4.75,3,4.75,NA,NA,6.75,3.75,3,0,0,1,2,1548,1057,491,212,543,1005,6.30304263565892,6.60218543046357,5.65906313645621,5.74646226415094,6.17937384898711,6.36986069651741,161
"163",2015,7,6.08333333333333,6,6.875,4.5,5,5.33333333333333,6.83333333333333,4,2,1,3,3,1554,1061,493,213,546,1008,6.30219433719434,6.60321394910462,5.65436105476673,5.74295774647887,6.17472527472527,6.37124007936508,162
"164",2015,8,6.42857142857143,7,7,5.66666666666667,5,6.5,6.4,4,3,1,2,5,1561,1065,496,214,548,1013,6.30276105060858,6.60470422535211,5.65443548387097,5.73948598130841,6.17591240875912,6.37138203356367,163
"165",2015,9,7.16666666666667,3,7.25,7,7,7.25,7,2,1,1,2,1,1564,1067,497,215,550,1014,6.30441815856777,6.6059137769447,5.65714285714286,5.7453488372093,6.17981818181818,6.37200197238659,164
"166",2015,10,5.41428571428571,7,6.18,3.5,4,5.96666666666667,5,5,2,1,3,4,1571,1072,499,216,553,1018,6.30045194143857,6.60392723880597,5.64849699398798,5.73726851851852,6.17866184448463,6.36661100196464,165
"167",2015,11,7.38888888888889,9,7.64285714285714,6.5,8,9.25,6.85714285714286,7,2,1,2,7,1580,1079,501,217,555,1025,6.30665189873418,6.6106672845227,5.65189620758483,5.74769585253456,6.18972972972973,6.36996097560976,166
"168",2015,12,6.75,10,7.14285714285714,5.83333333333333,4.66666666666667,6,7.07142857142857,7,3,3,3,7,1590,1086,504,220,558,1032,6.30944025157233,6.61409760589318,5.65297619047619,5.73295454545455,6.18870967741935,6.37471899224806,167
"169",2016,1,5.58333333333333,6,6,4.75,4.75,3,6.1,4,2,2,1,5,1596,1090,506,222,559,1037,6.30671052631579,6.61184403669724,5.64940711462451,5.7240990990991,6.1830053667263,6.37339440694311,168
"170",2016,2,5,2,5,NA,NA,5,NA,2,0,0,2,0,1598,1092,506,222,561,1037,6.30507509386733,6.60889194139194,5.64940711462451,5.7240990990991,6.17878787878788,6.37339440694311,169
"171",2016,3,6.43076923076923,13,7.28888888888889,4.5,6,8,6.14545454545455,9,4,1,2,11,1611,1101,510,223,563,1048,6.30608938547486,6.61445049954586,5.64039215686275,5.72533632286996,6.18525754884547,6.37100190839695,170
"172",2016,4,7.30333333333333,12,7.214,7.75,10,7.778,6.96428571428571,10,2,1,5,7,1623,1111,512,224,568,1055,6.31346272335182,6.61984698469847,5.6486328125,5.74441964285714,6.19927816901409,6.37493838862559,171
"173",2016,5,7.04166666666667,12,7.0625,7,9,6,7.25,8,4,1,2,10,1635,1119,516,225,570,1065,6.31880733944954,6.62301161751564,5.65910852713178,5.75888888888889,6.19857894736842,6.38315492957747,172
"174",2016,6,6.5625,8,6.5625,NA,NA,NA,6.5625,8,0,0,0,8,1643,1127,516,225,570,1073,6.31999391357273,6.62258207630878,5.65910852713178,5.75888888888889,6.19857894736842,6.38449207828518,173
"175",2016,7,6.2,5,6,7,NA,NA,6.2,4,1,0,0,5,1648,1131,517,225,570,1078,6.31962985436893,6.62038019451812,5.66170212765957,5.75888888888889,6.19857894736842,6.38363636363636,174
"176",2016,8,6.65384615384615,13,7.1,5.16666666666667,4.5,6.4,6.8125,10,3,2,5,8,1661,1141,520,227,575,1086,6.32224563515954,6.62458369851008,5.65884615384615,5.74779735682819,6.20033043478261,6.3867955801105,175
"177",2016,9,7.38888888888889,9,7.25,7.66666666666667,8,7.5,7.35714285714286,6,3,2,2,7,1670,1147,523,229,577,1093,6.32799401197605,6.62785527462947,5.67036328871893,5.7674672489083,6.20483535528596,6.39301006404392,176
"178",2016,10,6.30454545454545,11,7.2,5.55833333333333,5.5875,6.5,6.26111111111111,5,6,4,2,9,1681,1152,529,233,579,1102,6.32784057108864,6.63033854166666,5.66909262759924,5.76437768240343,6.20585492227979,6.39193284936479,177
"179",2016,11,6.05,10,6.35714285714286,5.33333333333333,5.33333333333333,6.5,6,7,3,3,1,9,1691,1159,532,236,580,1111,6.32619751626257,6.62868852459016,5.6671992481203,5.75889830508475,6.20636206896552,6.38875787578758,178
"180",2016,12,6.72727272727273,11,6.875,6.33333333333333,4,7.33333333333333,6.5,8,3,1,3,8,1702,1167,535,237,583,1119,6.32878965922444,6.63037703513282,5.67093457943925,5.75147679324895,6.21216123499142,6.38955317247543,179
"181",2017,1,6.3125,12,6.71875,5.5,5.5,6.4375,6.25,8,4,2,4,8,1714,1175,539,239,587,1127,6.3286756126021,6.63097872340425,5.66966604823748,5.74937238493724,6.21369676320273,6.38856255545697,180
"182",2017,2,5.625,8,7,4.25,5,NA,5.625,4,4,2,0,8,1722,1179,543,241,587,1135,6.32540650406504,6.63223070398643,5.65920810313076,5.74315352697095,6.21369676320273,6.38318061674009,181
"183",2017,3,6.52941176470588,17,6.66666666666667,6.2,6,6.2,6.66666666666667,12,5,1,5,12,1739,1191,548,242,592,1147,6.32740080506038,6.63257766582703,5.66414233576642,5.74421487603306,6.21358108108108,6.3861464690497,182
"184",2017,4,6.5,7,6.1,7.5,7.5,NA,6.5,5,2,2,0,7,1746,1196,550,244,592,1154,6.32809278350515,6.63035117056856,5.67081818181818,5.75860655737705,6.21358108108108,6.38683708838822,183
"185",2017,5,6.36666666666667,12,6.4,6,NA,6,6.4,11,1,0,1,11,1758,1207,551,244,593,1165,6.32835608646189,6.62825186412593,5.67141560798548,5.75860655737705,6.21322091062395,6.38696137339056,184
"186",2017,6,7.71428571428571,7,8.16666666666667,5,NA,8.33333333333333,7.25,6,1,0,3,4,1765,1213,552,244,596,1169,6.33385269121813,6.6358615004122,5.67019927536232,5.75860655737705,6.22389261744966,6.38991445680069,185
"187",2017,7,6.33333333333333,3,6.5,6,6,NA,6.33333333333333,2,1,1,0,3,1768,1215,553,245,596,1172,6.33385180995475,6.6356378600823,5.67079566003617,5.75959183673469,6.22389261744966,6.38976962457338,186
"188",2017,8,6.5,7,7.875,4.66666666666667,6,6,6.875,4,3,1,3,4,1775,1219,556,246,599,1176,6.33450704225352,6.6397046759639,5.66537769784173,5.76056910569106,6.22277128547579,6.39142006802721,187
"189",2017,9,6.96428571428571,14,7.16666666666667,6.6,NA,6.375,7.2,9,5,0,4,10,1789,1228,561,246,603,1186,6.33943543879262,6.6435667752443,5.67370766488414,5.76056910569106,6.22378109452736,6.39823777403036,188
"190",2017,10,6.40625,16,7.28571428571429,5.72222222222222,5.25,6,6.54166666666667,7,9,4,4,12,1805,1235,570,250,607,1198,6.34002770083103,6.64720647773279,5.67447368421053,5.7524,6.22230642504119,6.39967445742905,189
"191",2017,11,6,6,7,5.5,6.5,3,6.6,2,4,2,1,5,1811,1237,574,252,608,1203,6.33890115958034,6.64777687954729,5.67325783972126,5.75833333333333,6.21700657894737,6.40050706566916,190
"192",2017,12,6.65,12,6.68571428571429,6.6,7,8,6.52727272727273,7,5,4,1,11,1823,1244,579,256,609,1214,6.34094898518925,6.64799035369775,5.68126079447323,5.777734375,6.21993431855501,6.40165568369028,191
"193",2018,1,6.38888888888889,9,6.6875,4,NA,5.75,6.57142857142857,8,1,0,2,7,1832,1252,580,256,611,1221,6.34118449781659,6.64824281150159,5.67836206896552,5.777734375,6.21839607201309,6.40262899262899,192
"194",2018,2,6.57142857142857,7,8,5.5,5.33333333333333,9,6.16666666666667,3,4,3,1,6,1839,1255,584,259,612,1227,6.34206090266449,6.65147410358566,5.67714041095891,5.77258687258687,6.22294117647059,6.40147514262429,193
"195",2018,3,6.25,8,6.85714285714286,2,NA,NA,6.25,7,1,0,0,8,1847,1262,585,259,612,1235,6.3416621548457,6.6526148969889,5.6708547008547,5.77258687258687,6.22294117647059,6.40049392712551,194
"196",2018,4,7.15384615384615,13,7.33333333333333,6.75,6.75,8,7,9,4,4,2,11,1860,1271,589,263,614,1246,6.34733870967742,6.65743509047993,5.67818336162988,5.78745247148289,6.22872964169381,6.40578651685394,195
"197",2018,5,6.0625,8,6.41666666666667,5,5,NA,6.0625,6,2,2,0,8,1868,1277,591,265,614,1254,6.34611884368308,6.65630383711824,5.6758883248731,5.78150943396226,6.22872964169381,6.40359649122807,196
"198",2018,6,7.41666666666667,6,8.5,6.875,7.5,5.5,8.375,2,4,2,2,4,1874,1279,595,267,616,1258,6.34954642475987,6.65918686473807,5.68394957983193,5.79438202247191,6.22636363636364,6.40986486486487,197
"199",2018,7,6.9,5,6.875,7,NA,6,7.125,4,1,0,1,4,1879,1283,596,267,617,1262,6.35101117615753,6.65985970381917,5.68615771812081,5.79438202247191,6.22599675850891,6.41213153724248,198
"200",2018,8,7,7,7.33333333333333,5,NA,6.5,7.2,6,1,0,2,5,1886,1289,597,267,619,1267,6.35341993637328,6.66299456943367,5.68500837520938,5.79438202247191,6.22688206785137,6.41524072612471,199
"201",2018,9,6.9375,8,7.08333333333333,6.5,6.5,8,6.58333333333333,6,2,2,2,6,1894,1295,599,269,621,1273,6.35588701161563,6.66494208494208,5.68772954924875,5.7996282527881,6.23259259259259,6.41603299293009,200
"202",2018,10,6.42857142857143,14,6.6,6,6.33333333333333,5.83333333333333,6.875,10,4,3,6,8,1908,1305,603,272,627,1281,6.35642033542977,6.66444444444444,5.68980099502487,5.80551470588235,6.22877192982456,6.41889929742389,201
"203",2018,11,7,2,7,NA,NA,8,6,2,0,0,1,1,1910,1307,603,272,628,1282,6.3570942408377,6.66495791889824,5.68980099502487,5.80551470588235,6.2315923566879,6.41857254290172,202
"204",2018,12,5.8,5,5.66666666666667,6,8,4,6.25,3,2,1,1,4,1915,1310,605,273,629,1286,6.35563968668407,6.66267175572519,5.69082644628099,5.81355311355311,6.22804451510334,6.41804821150856,203
"205",2019,1,7.2,5,7,7.33333333333333,8,NA,7.2,2,3,1,0,5,1920,1312,608,274,629,1291,6.35783854166667,6.66318597560975,5.69893092105263,5.82153284671533,6.22804451510334,6.42107668474051,204
"206",2019,2,6.875,8,6.57142857142857,9,9.5,7,6.8,7,1,2,3,5,1928,1319,609,276,632,1296,6.35998443983402,6.66269901440485,5.70435139573071,5.8481884057971,6.23170886075949,6.42253858024692,205
"207",2019,3,5.8,5,6.33333333333333,5,4,4.5,6.66666666666667,3,2,1,2,3,1933,1322,611,277,634,1299,6.35853595447491,6.66195158850227,5.70204582651391,5.84151624548736,6.22624605678234,6.42310238645112,206
"208",2019,4,5.66666666666667,6,5.5,6,6,6,5.6,4,2,1,1,5,1939,1326,613,278,635,1304,6.35639504899433,6.65844645550528,5.70301794453507,5.84208633093525,6.22588976377953,6.41994631901841,207
"209",2019,5,7.08333333333333,12,7.28571428571429,6.8,6.75,7.7,6.64285714285714,7,5,4,5,7,1951,1333,618,282,640,1311,6.36086622245003,6.66174043510877,5.71189320388349,5.85496453900709,6.23740625,6.42113653699466,208
"210",2019,6,6.91083333333333,12,6.77,7.33333333333333,8,6.786,7,9,3,1,5,7,1963,1342,621,283,645,1318,6.36422822210902,6.66246646795827,5.71972624798712,5.86254416961131,6.24165891472868,6.42421092564492,209
"211",2019,7,7.28571428571429,7,7.2,7.5,7.5,6.5,7.6,5,2,2,2,5,1970,1347,623,285,647,1323,6.36750253807107,6.66446176688938,5.72544141252006,5.8740350877193,6.24245749613601,6.42865457294029,210
"212",2019,8,6.42857142857143,7,6.33333333333333,7,7,5.66666666666667,7,6,1,1,3,4,1977,1353,624,286,650,1327,6.36771876580678,6.6629933481153,5.72748397435897,5.87797202797203,6.2398,6.43037678975132,211
"213",2019,9,6.33333333333333,6,6.75,5.5,5.5,4.5,7.25,4,2,2,2,4,1983,1357,626,288,652,1331,6.36761472516389,6.66324981577008,5.7267571884984,5.87534722222222,6.23446319018405,6.43283996994741,212
"214",2019,10,6.66666666666667,3,7.5,5,5,NA,6.66666666666667,2,1,1,0,3,1986,1359,627,289,652,1334,6.3680664652568,6.66448123620309,5.7255980861244,5.87231833910035,6.23446319018405,6.43336581709146,213
"215",2019,11,7.25,2,7.25,NA,NA,NA,7.25,2,0,0,0,2,1988,1361,627,289,652,1336,6.368953722334,6.66534166054372,5.7255980861244,5.87231833910035,6.23446319018405,6.4345883233533,214
"216",2019,12,6.04166666666667,12,7,4.125,3.5,2,6.40909090909091,8,4,2,1,11,2000,1369,631,291,653,1347,6.36699,6.66729729729729,5.71545166402536,5.85601374570447,6.22797856049005,6.43438010393467,215
"217",2020,1,5.975,8,6.95,5,4.5,6.33333333333333,5.76,4,4,2,3,5,2008,1373,635,293,656,1352,6.36542828685259,6.66812090313183,5.71094488188976,5.84675767918089,6.22846036585366,6.43188609467456,216
"218",2020,2,7.1875,12,8.0625,5.4375,5.4375,7.625,7.1,8,4,4,2,10,2020,1381,639,297,658,1362,6.37031188118812,6.67619840695148,5.70923317683881,5.84124579124579,6.23270516717325,6.43679148311307,217
"219",2020,3,6.6,5,7.25,4,NA,6,6.75,4,1,0,1,4,2025,1385,640,297,659,1366,6.37087901234568,6.67785559566787,5.7065625,5.84124579124579,6.23235204855842,6.43770863836018,218
"220",2020,4,6.77777777777778,9,7,5,5,5.33333333333333,7.5,8,1,1,3,6,2034,1393,641,298,662,1372,6.37267944936086,6.67970567121321,5.70546021840874,5.83842281879195,6.22827794561934,6.44235422740525,219
"221",2020,5,7.2,10,7.42857142857143,6.66666666666667,6,7.33333333333333,7.14285714285714,7,3,1,3,7,2044,1400,644,299,665,1379,6.37672700587084,6.68345,5.70993788819876,5.83896321070234,6.23326315789474,6.44591007976795,220
"222",2020,6,6.2,5,6.25,6,6,6,6.25,4,1,1,1,4,2049,1404,645,300,666,1383,6.37629575402635,6.6822150997151,5.71038759689922,5.8395,6.23291291291291,6.44534345625452,221
"223",2020,7,7.8,5,7.33333333333333,8.5,8.5,8.5,7.33333333333333,3,2,2,2,3,2054,1407,647,302,668,1386,6.37976144109055,6.68360341151386,5.71901081916538,5.85711920529801,6.2397005988024,6.44726551226552,222
"224",2020,8,6.125,8,6,6.33333333333333,7.5,9,5.71428571428571,5,3,2,1,7,2062,1412,650,304,669,1393,6.37877303588749,6.68118271954674,5.72184615384615,5.86792763157895,6.24382660687593,6.44358219669778,223
"225",2020,9,5.66666666666667,6,5.66666666666667,5.66666666666667,5.5,6,5.6,3,3,2,1,5,2068,1415,653,306,670,1398,6.37670696324952,6.67903180212014,5.72159264931087,5.86552287581699,6.24346268656716,6.44056509298999,224
"226",2020,10,7.6,5,8.66666666666667,6,6,NA,7.6,3,2,1,0,5,2073,1418,655,307,670,1403,6.37965750120598,6.68323695345557,5.7224427480916,5.86596091205212,6.24346268656716,6.44469707769067,225
"227",2020,11,7,10,7.4,6.6,5.5,9,6.77777777777778,5,5,2,1,9,2083,1423,660,309,671,1412,6.38263562169947,6.68575544624033,5.72909090909091,5.86359223300971,6.24757078986587,6.44682011331445,226
"228",2020,12,6.5,6,6.4,7,NA,NA,6.5,5,1,0,0,6,2089,1428,661,309,671,1418,6.38297271421733,6.68475490196078,5.73101361573374,5.86359223300971,6.24757078986587,6.44704513399154,227
"229",2021,1,7.75,8,8,7.33333333333333,7,7.5,7.83333333333333,5,3,2,2,6,2097,1433,664,311,673,1424,6.38818788745827,6.68934403349616,5.73825301204819,5.87090032154341,6.25129271916791,6.45288623595506,228
"230",2021,2,7.875,8,8,7,7,8,7.85714285714286,7,1,2,1,7,2105,1440,665,313,674,1431,6.39383847980998,6.69571527777777,5.74015037593985,5.87811501597444,6.25388724035608,6.45975541579315,229
"231",2021,3,7.13583333333333,6,8,2.815,2.815,6.4075,7.5,5,1,1,2,4,2111,1445,666,314,676,1435,6.39594741828517,6.70022837370242,5.73575825825826,5.86835987261146,6.25434171597633,6.46265505226481,230
"232",2021,4,7.6,5,8.25,5,5,NA,7.6,4,1,1,0,5,2116,1449,667,315,676,1440,6.39879253308129,6.70450655624568,5.73465517241379,5.86560317460317,6.25434171597633,6.46660416666667,231
"233",2021,5,7.16666666666667,3,10,5.75,3.5,NA,7.16666666666667,1,2,1,0,3,2119,1450,669,316,676,1443,6.39987966021708,6.70677931034483,5.73470104633782,5.85811708860759,6.25434171597633,6.4680595980596,232
"234",2021,6,5.875,4,6,5.75,5.5,5.5,6,2,2,1,1,3,2123,1452,671,317,677,1446,6.39889072067828,6.70580578512396,5.73474664679583,5.85698738170347,6.25322747415066,6.46708852005533,233
"235",2021,7,6.75,4,6.75,NA,NA,9,6,4,0,0,1,3,2127,1456,671,317,678,1449,6.39955101081335,6.7059271978022,5.73474664679583,5.85698738170347,6.25727876106195,6.46612146307799,234
"236",2021,8,7.56666666666667,6,7.38,8.5,NA,NA,7.56666666666667,5,1,0,0,6,2133,1461,672,317,678,1455,6.40283403656821,6.7082340862423,5.73886160714286,5.85698738170347,6.25727876106195,6.47065979381444,235
"237",2021,9,5,3,6,3,NA,4.5,6,2,1,0,2,1,2136,1463,673,317,680,1456,6.40086376404494,6.70726589200273,5.73479197622585,5.85698738170347,6.25211029411765,6.47033653846154,236
"238",2021,10,5.58333333333333,6,6.33333333333333,4.83333333333333,5,4,5.9,3,3,2,1,5,2142,1466,676,319,681,1461,6.39857376283847,6.70650068212824,5.73079142011834,5.8516144200627,6.24880323054332,6.46838466803559,237
"239",2021,11,7.75,8,7.58333333333333,8.25,9,7.83333333333333,7.7,6,2,1,3,5,2150,1472,678,320,684,1466,6.4036023255814,6.71007472826087,5.73822271386431,5.861453125,6.25575292397661,6.47258526603002,238
"240",2021,12,7.25,4,7.66666666666667,6,6,NA,7.25,3,1,1,0,4,2154,1475,679,321,684,1470,6.40517409470752,6.71202033898305,5.73860824742268,5.86188473520249,6.25575292397661,6.47470068027211,239
"241",2022,1,5.18348333333333,6,5.42018,4,NA,4.5,5.525225,5,1,0,2,4,2160,1480,680,321,686,1474,6.40178050925926,6.70765601351351,5.73605147058823,5.86188473520249,6.25063411078717,6.47212408412483,240
"242",2022,2,6.9,4,7.2,6,6,NA,6.9,3,1,1,0,4,2164,1483,681,322,686,1478,6.40270143253235,6.70865198921106,5.73643906020558,5.86231366459627,6.25063411078717,6.47328207036536,241
"243",2022,3,7.4375,8,7.41666666666667,7.5,8,7,7.5,6,2,3,1,7,2172,1489,683,325,687,1485,6.40651284530387,6.71150496977837,5.74160322108346,5.88204615384615,6.25172489082969,6.47812181818182,242
"244",2022,4,7.2,5,7.5,6,6.5,6.5,7.66666666666667,4,1,2,2,3,2177,1493,684,327,689,1488,6.40833527790537,6.71361748158071,5.74198099415205,5.88582568807339,6.25244557329463,6.48051807795699,243
"245",2022,5,7.08,5,6.75,8.4,8.4,NA,7.08,4,1,1,0,5,2182,1497,685,328,689,1493,6.40987438130156,6.71371469605878,5.74586131386861,5.89349085365853,6.25244557329463,6.48252572002679,244
"246",2022,6,7.3875,8,7.44285714285714,7,6.65,6.43333333333333,7.96,7,1,2,3,5,2190,1504,686,330,692,1498,6.41344561643836,6.71710831117021,5.74768950437318,5.89807575757576,6.25322976878613,6.48745720961282,245
"247",2022,7,8.75,4,8.75,NA,NA,10,7.5,4,0,0,2,2,2194,1508,686,330,694,1500,6.41770551504102,6.72250059681697,5.74768950437318,5.89807575757576,6.26402737752161,6.48880726666667,246
"248",2022,8,6.6,5,7.25,6.16666666666667,NA,7,6.5,2,3,0,1,4,2199,1510,689,330,695,1504,6.41812000909504,6.72319927152318,5.74951378809869,5.89807575757576,6.26508633093525,6.48883703457447,247
