"","year","month","avg_rating","no_ratings","avg_rating_owned","avg_rating_not_owned","avg_rating_prev_owned","avg_rating_comment","avg_rating_no_comment","no_ratings_owned","no_ratings_not_owned","no_ratings_prev_owned","no_ratings_comment","no_ratings_no_comment","cum_no_ratings","cum_no_ratings_owned","cum_no_ratings_not_owned","cum_no_ratings_prev_owned","cum_no_ratings_comment","cum_no_ratings_no_comment","cum_avg_rating","cum_avg_rating_owned","cum_avg_rating_not_owned","cum_avg_rating_prev_owned","cum_avg_rating_comment","cum_avg_rating_no_comment","month_after_release"
"1",2007,10,6.34074074074074,27,7.775,5.73684210526316,7,5.8875,7,8,19,2,16,11,27,8,19,2,16,11,6.34074074074074,7.775,5.73684210526316,7,5.8875,7,0
"2",2007,11,6.77727272727273,22,7.27,6.36666666666667,8,6.5,6.96923076923077,10,12,1,9,13,49,18,31,3,25,24,6.53673469387755,7.49444444444444,5.98064516129032,7.33333333333333,6.108,6.98333333333333,1
"3",2007,12,7.44545454545455,22,7.46875,7.38333333333333,8,7.48,7.41666666666667,16,6,2,10,12,71,34,37,5,35,36,6.81830985915493,7.48235294117647,6.20810810810811,7.6,6.5,7.12777777777778,2
"4",2008,1,6.90909090909091,22,7.8,6.16666666666667,7,6.14285714285714,7.26666666666667,10,12,1,7,15,93,44,49,6,42,51,6.83978494623656,7.55454545454545,6.19795918367347,7.5,6.44047619047619,7.16862745098039,3
"5",2008,2,7.17894736842105,19,7.6,6.8,8,6.77272727272727,7.7375,9,10,2,11,8,112,53,59,8,53,59,6.89732142857143,7.5622641509434,6.3,7.625,6.50943396226415,7.24576271186441,4
"6",2008,3,6.74,25,7.16666666666667,6.5,7.16666666666667,6.73076923076923,6.75,9,16,3,13,12,137,62,75,11,66,71,6.86861313868613,7.50483870967742,6.34266666666667,7.5,6.5530303030303,7.16197183098592,5
"7",2008,4,7.11428571428571,28,7.70833333333333,6.66875,8.25,7.16875,7.04166666666667,12,16,2,16,12,165,74,91,13,82,83,6.91030303030303,7.53783783783784,6.4,7.61538461538461,6.67317073170732,7.14457831325301,6
"8",2008,5,7.24333333333333,30,7.67333333333333,6.81333333333333,7.06666666666667,7.26923076923077,7.22352941176471,15,15,3,13,17,195,89,106,16,95,100,6.96153846153846,7.56067415730337,6.45849056603774,7.5125,6.75473684210526,7.158,7
"9",2008,6,7.5445625,16,7.66811111111111,7.38571428571429,6,7.60092857142857,7.15,9,7,1,14,2,211,98,113,17,109,102,7.00574881516588,7.57054081632653,6.51592920353982,7.42352941176471,6.86342201834862,7.1578431372549,8
"10",2008,7,7.075,16,7.41111111111111,6.64285714285714,NA,7,7.12,9,7,0,6,10,227,107,120,17,115,112,7.01062995594714,7.5571308411215,6.52333333333333,7.42352941176471,6.87054782608696,7.15446428571429,9
"11",2008,8,6.98571428571429,21,7.46153846153846,6.2125,5,6.8125,7.09230769230769,13,8,2,8,13,248,120,128,19,123,125,7.00852016129032,7.546775,6.50390625,7.16842105263158,6.86677235772358,7.148,10
"12",2008,9,7.2,15,7.42857142857143,7,6.5,7.33333333333333,7.16666666666667,7,8,2,3,12,263,127,136,21,126,137,7.01944106463878,7.54025984251969,6.53308823529412,7.1047619047619,6.87788095238095,7.14963503649635,11
"13",2008,10,6.70961538461538,26,7.71153846153846,5.70769230769231,7.05,6.38888888888889,6.87941176470588,13,13,4,9,17,289,140,149,25,135,154,6.99156747404844,7.55616428571429,6.46107382550336,7.096,6.84528148148148,7.1198051948052,12
"14",2008,11,6.68653846153846,26,7,6.490625,6.58333333333333,6.61,6.734375,10,16,3,10,16,315,150,165,28,145,170,6.96639047619048,7.51908666666667,6.46393939393939,7.04107142857143,6.82905517241379,7.08352941176471,13
"15",2008,12,6.98047619047619,21,7.30571428571429,6.81785714285714,7.66666666666667,7.30666666666667,6.85,7,14,3,6,15,336,157,179,31,151,185,6.96727083333333,7.50957324840764,6.49162011173185,7.10161290322581,6.84803311258278,7.06459459459459,14
"16",2009,1,6.725,28,7.275,6.3125,6.4,6.66666666666667,6.79230769230769,12,16,5,15,13,364,169,195,36,166,198,6.94863461538462,7.49291715976331,6.47692307692308,7.00416666666667,6.83164457831325,7.04671717171717,15
"17",2009,2,6.63392857142857,28,7.40625,6.325,6.77777777777778,6.63888888888889,6.63157894736842,8,20,9,9,19,392,177,215,45,175,217,6.9261556122449,7.489,6.46279069767442,6.95888888888889,6.82173142857143,7.01036866359447,16
"18",2009,3,7.11034482758621,29,8,6.87826086956522,6,7.27777777777778,7.035,6,23,1,9,20,421,183,238,46,184,237,6.9388432304038,7.50575409836066,6.50294117647059,6.93804347826087,6.84403804347826,7.01244725738397,17
"19",2009,4,6.57105263157895,38,7.35,6.29285714285714,6.83333333333333,6.85,6.44230769230769,10,28,6,12,26,459,193,266,52,196,263,6.90839433551198,7.49768393782383,6.48082706766917,6.92596153846154,6.84440306122449,6.95608365019011,18
"20",2009,5,7.17692307692308,26,8,6.93,6.88888888888889,6.82727272727273,7.43333333333333,6,20,9,11,15,485,199,286,61,207,278,6.92278969072165,7.51282914572864,6.51223776223776,6.92049180327869,6.84349275362319,6.9818345323741,19
"21",2009,6,6.58148148148148,27,7.94444444444444,5.9,6.4,6.4,6.68823529411765,9,18,5,10,17,512,208,304,66,217,295,6.904791015625,7.53150480769231,6.47598684210526,6.88106060606061,6.82305529953917,6.96491525423729,20
"22",2009,7,6.32105263157895,19,7.2,6.00714285714286,4,5.8,6.50714285714286,5,14,3,5,14,531,213,318,69,222,309,6.88390395480226,7.52372300469484,6.45534591194969,6.75579710144928,6.80001351351351,6.94417475728155,21
"23",2009,8,6.89090909090909,11,8,6.78,6.6,7.33333333333333,6.725,1,10,3,3,8,542,214,328,72,225,317,6.88404612546126,7.52594859813084,6.46524390243903,6.74930555555556,6.80712444444444,6.93864353312303,22
"24",2009,9,6.89791666666667,24,8,6.53055555555556,5.63333333333333,7.30555555555556,6.65333333333333,6,18,3,9,15,566,220,346,75,234,332,6.88463427561838,7.53887727272727,6.46864161849711,6.70466666666667,6.82629487179487,6.92575301204819,23
"25",2009,10,7.30882352941176,17,7.69444444444444,6.875,6.75,8.33333333333333,7.08928571428571,9,8,4,3,14,583,229,354,79,237,346,6.89700343053173,7.54499126637555,6.47782485875706,6.70696202531645,6.84537130801688,6.93236994219653,24
"26",2009,11,6.62954545454545,22,7.91875,5.89285714285714,6.625,6.975,6.5,8,14,4,6,16,605,237,368,83,243,362,6.88727768595041,7.55760759493671,6.45557065217391,6.70301204819277,6.84857201646091,6.91325966850829,25
"27",2009,12,6.91538461538462,26,7.47,6.56875,7,6.3,7.06190476190476,10,16,3,5,21,631,247,384,86,248,383,6.88843581616482,7.55406072874494,6.46028645833333,6.71337209302325,6.83751209677419,6.92140992167102,26
"28",2010,1,7.45652173913043,23,7.95,7.07692307692308,7.42857142857143,8,7.26470588235294,10,13,7,6,17,654,257,397,93,254,400,6.90841437308869,7.56946692607004,6.48047858942066,6.76720430107527,6.86497244094488,6.936,27
"29",2010,2,6.95833333333333,18,7.47,6.76153846153846,6.66666666666667,6.625,7.125,5,13,3,6,12,672,262,410,96,260,412,6.90975148809524,7.56756870229008,6.48939024390244,6.7640625,6.85943461538462,6.94150485436893,28
"30",2010,3,7.875,12,8.4375,6.75,6.5,7.33333333333333,8.05555555555556,8,4,2,3,9,684,270,414,98,263,421,6.92668567251462,7.59334444444444,6.49190821256039,6.75867346938775,6.86484030418251,6.96532066508314,29
"31",2010,4,6.9,10,7.25,6.66666666666667,6.5,NA,6.9,4,6,1,0,10,694,274,420,99,263,431,6.92630115273775,7.58833211678832,6.49440476190476,6.7560606060606,6.86484030418251,6.96380510440835,30
"32",2010,5,7.5,8,8,6.66666666666667,NA,7.75,7.25,5,3,0,4,4,702,279,423,99,267,435,6.93283903133903,7.59570967741935,6.49562647754137,6.7560606060606,6.87810112359551,6.9664367816092,31
"33",2010,6,7.04444444444444,9,7.25,6.88,6.5,8.75,6.55714285714286,4,5,1,2,7,711,283,428,100,269,442,6.9342517580872,7.59082332155477,6.50011682242991,6.7535,6.8920185873606,6.95995475113122,32
"34",2010,7,7.1,11,7.66666666666667,6.8875,7.25,7,7.275,3,8,2,7,4,722,286,436,102,276,446,6.93677700831025,7.59161888111888,6.5072247706422,6.76323529411765,6.89475724637681,6.9627802690583,33
"35",2010,8,7.38823529411765,17,8.8,6.95384615384615,7.6,7.83333333333333,7.29285714285714,4,13,4,3,14,739,290,449,106,279,460,6.94716238159675,7.60828620689655,6.52015590200446,6.79481132075472,6.90484946236559,6.97282608695652,34
"36",2010,9,6.8,15,7.8,6.3,5.83333333333333,5.8,7.3,5,10,3,5,10,754,295,459,109,284,470,6.94423474801061,7.61153559322034,6.51535947712418,6.76834862385321,6.88539788732394,6.97978723404255,35
"37",2010,10,6.84259259259259,27,7.8,6.27941176470588,7.125,6.14285714285714,7.0875,10,17,4,7,20,781,305,476,113,291,490,6.94072087067862,7.61771475409836,6.50693277310925,6.78097345132743,6.86753608247423,6.98418367346939,36
"38",2010,11,6.82307692307692,13,7.3,6.61111111111111,7,6.24,7.1875,4,9,3,5,8,794,309,485,116,296,498,6.93879471032746,7.61360194174757,6.50886597938144,6.78663793103448,6.85693581081081,6.98744979919679,37
"39",2010,12,6.85416666666667,24,7.45833333333333,6.25,6,6.86363636363636,6.84615384615385,12,12,3,11,13,818,321,497,119,307,511,6.93631173594132,7.60779750778816,6.50261569416499,6.76680672268907,6.85717589576547,6.98385518590998,38
"40",2011,1,6.79411764705882,17,7.72222222222222,5.75,6.5,6.875,6.76923076923077,9,8,2,4,13,835,330,505,121,311,524,6.93341676646707,7.61091818181818,6.49069306930693,6.76239669421487,6.85740514469453,6.97853053435114,39
"41",2011,2,6.74615384615385,13,6.35,6.81818181818182,6.625,6.5,6.85555555555556,2,11,4,4,9,848,332,516,125,315,533,6.93054599056604,7.60332228915663,6.49767441860465,6.758,6.85286666666667,6.97645403377111,40
"42",2011,3,6.6,18,7.25,6.08,4,6.56,6.61538461538461,8,10,1,5,13,866,340,526,126,320,546,6.92367551963049,7.59500882352941,6.48973384030418,6.73611111111111,6.848290625,6.96785714285714,41
"43",2011,4,7.39230769230769,13,8.22,6.875,8,7.18333333333333,7.57142857142857,5,8,3,6,7,879,345,534,129,326,553,6.930606370876,7.60406666666666,6.49550561797753,6.76550387596899,6.85445705521472,6.9754972875226,42
"44",2011,5,7.009375,16,7.95,6.27777777777778,6.16666666666667,7.9875,6.68333333333333,7,9,3,4,12,895,352,543,132,330,565,6.93201452513967,7.61094602272727,6.49189686924494,6.75189393939394,6.86819090909091,6.96929203539823,43
"45",2011,6,7.05,10,7.58333333333333,6.25,6.5,7.25,7,6,4,2,2,8,905,358,547,134,332,573,6.9333182320442,7.61048324022346,6.49012797074954,6.74813432835821,6.87049096385542,6.96972076788831,44
"46",2011,7,6.82894736842105,19,7.21875,6.54545454545455,6.83333333333333,6.78571428571429,6.85416666666667,8,11,3,7,12,924,366,558,137,339,585,6.93117207792208,7.60192076502732,6.49121863799283,6.75,6.86874041297935,6.96735042735043,45
"47",2011,8,6.725,20,6.65,6.8,7.5,6.8,6.7,10,10,5,5,15,944,376,568,142,344,600,6.92680402542373,7.57660372340425,6.49665492957747,6.77640845070422,6.86774127906977,6.96066666666667,46
"48",2011,9,6.32307692307692,13,7.6,5.94,7,5.25,6.51818181818182,3,10,1,2,11,957,379,578,143,346,611,6.91860292580982,7.5767889182058,6.48702422145329,6.77797202797203,6.8583901734104,6.95270049099836,47
"49",2011,10,6.65,20,8,5.92307692307692,5.5,6.58333333333333,6.67857142857143,7,13,3,6,14,977,386,591,146,352,625,6.91310440122825,7.58446373056995,6.4746192893401,6.75171232876712,6.85370170454545,6.94656,48
"50",2011,11,6.95185185185185,27,7.46666666666667,6.69444444444444,7.5,8.07142857142857,6.56,9,18,2,7,20,1004,395,609,148,359,645,6.91414641434263,7.58177974683544,6.48111658456486,6.76182432432432,6.87744568245125,6.93457364341085,49
"51",2011,12,6.3,25,7.85714285714286,5.69444444444444,7,7.9,5.9,7,18,1,5,20,1029,402,627,149,364,665,6.89922546161322,7.58657462686567,6.4585326953748,6.76342281879194,6.89149175824176,6.90345864661654,50
"52",2012,1,6.27647058823529,17,7,6.12142857142857,6.28333333333333,6.77142857142857,5.93,3,14,6,7,10,1046,405,641,155,371,675,6.88910420650096,7.58222962962963,6.45117004680187,6.74483870967742,6.88922641509434,6.88903703703704,51
"53",2012,2,6.97173913043478,23,7.45,6.66428571428571,6.4,6.475,7.23666666666667,9,14,2,8,15,1069,414,655,157,379,690,6.89088213283443,7.57935507246377,6.4557251908397,6.74044585987261,6.88048284960422,6.89659420289855,52
"54",2012,3,6.92222222222222,18,8.08571428571429,6.18181818181818,6,7.67777777777778,6.16666666666667,7,11,2,9,9,1087,421,666,159,388,699,6.89140110395584,7.58777434679335,6.4512012012012,6.7311320754717,6.89897680412371,6.88719599427754,53
"55",2012,4,7.307,10,8.625,6.42833333333333,5.5,8,7.13375,4,6,2,2,8,1097,425,672,161,390,707,6.89518960802188,7.59753647058823,6.45099702380953,6.71583850931677,6.90462307692308,6.88998585572843,54
"56",2012,5,6.51470588235294,17,8,5.475,6.29,6.4,6.5625,7,10,5,5,12,1114,432,682,166,395,719,6.88938330341113,7.60405787037037,6.4366862170088,6.70301204819277,6.89823544303797,6.88452016689847,55
"57",2012,6,7.27272727272727,11,7.38333333333333,7.14,7.5,7.5,7.22222222222222,6,5,1,2,9,1125,438,687,167,397,728,6.89313155555556,7.60103424657534,6.44180494905386,6.70778443113772,6.90126700251889,6.88869505494505,56
"58",2012,7,6.844,10,7.125,6.65666666666667,6,6.83333333333333,6.84857142857143,4,6,2,3,7,1135,442,693,169,400,735,6.8926986784141,7.59672624434389,6.44366522366522,6.69940828402367,6.9007575,6.88831292517007,57
"59",2012,8,6.57666666666667,15,8.13333333333333,6.1875,4,5.75,6.87727272727273,3,12,1,4,11,1150,445,705,170,404,746,6.88857652173913,7.60034382022472,6.43930496453901,6.68352941176471,6.88936386138614,6.88815013404826,58
"60",2012,9,7.16666666666667,9,7.5,7.07142857142857,NA,7.25,7.14285714285714,2,7,0,2,7,1159,447,712,170,406,753,6.89073597929249,7.59989485458613,6.44551966292135,6.68352941176471,6.89114039408867,6.89051792828685,59
"61",2012,10,6.67,10,7.5,6.31428571428571,5,5.75,6.9,3,7,2,2,8,1169,450,719,172,408,761,6.88884773310522,7.59922888888889,6.44424200278164,6.66395348837209,6.88554656862745,6.89061760840998,60
"62",2012,11,6.31818181818182,11,9,5.72222222222222,6,8.5,5.83333333333333,2,9,2,2,9,1180,452,728,174,410,770,6.88352796610169,7.60542699115044,6.43531593406593,6.65632183908046,6.89342195121951,6.87825974025974,61
"63",2012,12,6.28235294117647,17,7.16666666666667,5.8,5.8,7.04285714285714,5.75,6,11,5,7,10,1197,458,739,179,417,780,6.87498997493734,7.59967903930131,6.42585926928281,6.63240223463687,6.89593045563549,6.86379487179487,62
"64",2013,1,7,12,7.5,6.5,7,7,7,6,6,2,4,8,1209,464,745,181,421,788,6.87623076923077,7.5983900862069,6.42645637583893,6.63646408839779,6.89691923990499,6.86517766497462,63
"65",2013,2,6.828125,16,7.64285714285714,6.19444444444444,4,6.3,7.06818181818182,7,9,1,5,11,1225,471,754,182,426,799,6.87560244897959,7.59905095541401,6.42368700265252,6.62197802197802,6.88991314553991,6.86797246558198,64
"66",2013,3,7.1875,8,7.58333333333333,6,NA,7.8,7.1,6,2,0,1,7,1233,477,756,182,427,806,6.87762611516626,7.59885324947589,6.42256613756614,6.62197802197802,6.89204449648712,6.86998759305211,65
"67",2013,4,7.54166666666667,12,7.83333333333333,7.25,NA,7.75,7.4375,6,6,0,4,8,1245,483,762,182,431,814,6.8840265060241,7.60176604554865,6.4290813648294,6.62197802197802,6.90000696055685,6.87556511056511,66
"68",2013,5,7.05,12,8.25,6.45,5,7.53333333333333,6.88888888888889,4,8,1,3,9,1257,487,770,183,434,823,6.88561097852029,7.60709034907597,6.4292987012987,6.61311475409836,6.90438479262673,6.87571081409477,67
"69",2013,6,5.91666666666667,12,NA,5.91666666666667,7.5,3,6.18181818181818,0,12,2,1,11,1269,487,782,185,435,834,6.87644838455477,7.60709034907597,6.42143222506394,6.6227027027027,6.8954091954023,6.8665587529976,68
"70",2013,7,6.85,10,8,6.08333333333333,7.25,7.66666666666667,6.5,4,6,2,3,7,1279,491,788,187,438,841,6.87624159499609,7.61029124236252,6.41885786802031,6.62941176470588,6.90069178082192,6.86350772889417,69
"71",2013,8,6.40625,8,8,5.875,6.5625,7.5,6.25,2,6,4,1,7,1287,493,794,191,439,848,6.87332012432012,7.61187221095335,6.41474811083124,6.62801047120419,6.9020569476082,6.85844339622641,70
"72",2013,9,6.33333333333333,9,7.5,6,7,6,6.75,2,7,1,5,4,1296,495,801,192,444,852,6.86957021604938,7.6114202020202,6.41112359550562,6.62994791666667,6.89189864864865,6.85793427230047,71
"73",2013,10,7.44166666666667,12,8.11428571428571,6.5,8,7.45,7.4375,7,5,1,4,8,1308,502,806,193,448,860,6.87481880733945,7.61843227091634,6.41167493796526,6.63704663212435,6.89688169642857,6.86332558139535,72
"74",2013,11,6.34375,16,6.5,6.32142857142857,6.9,6,6.36666666666667,2,14,5,1,15,1324,504,820,198,449,875,6.86840105740181,7.61399404761905,6.41013414634146,6.64368686868687,6.89488418708241,6.85481142857143,73
"75",2013,12,7.35416666666667,12,7.75,6.8,6.5,7.625,7.21875,7,5,2,4,8,1336,511,825,200,453,883,6.87276422155689,7.61585714285714,6.41249696969697,6.64225,6.90133112582782,6.8581087202718,74
"76",2014,1,7.07333333333333,15,7.58571428571429,6.625,7.4,6.6,7.31,7,8,5,5,10,1351,518,833,205,458,893,6.8749911176906,7.61544980694981,6.41453781512605,6.66073170731707,6.89804148471616,6.86316909294513,75
"77",2014,2,6.84090909090909,11,7.16666666666667,6.45,4,6,7.02777777777778,6,5,1,2,9,1362,524,838,206,460,902,6.87471585903084,7.61031106870229,6.41474940334129,6.64781553398058,6.89413695652174,6.86481152993348,76
"78",2014,3,7.14444444444444,9,7.38333333333333,6.66666666666667,6,6,7.2875,6,3,1,1,8,1371,530,841,207,461,910,6.87648650619985,7.60774150943396,6.41564803804994,6.64468599033816,6.89219739696312,6.86852747252747,77
"79",2014,4,7.545625,8,8.33333333333333,7.073,NA,NA,7.545625,3,5,0,0,8,1379,533,846,207,461,918,6.88036838288615,7.61182551594747,6.41953309692671,6.64468599033816,6.89219739696312,6.87442810457516,78
"80",2014,5,7.53090909090909,11,7.835,7.35714285714286,8,7.16666666666667,7.6675,4,7,1,3,8,1390,537,853,208,464,926,6.88551654676259,7.61348789571695,6.42722743259086,6.65120192307692,6.89397198275862,6.88127969762419,79
"81",2014,6,6.5,5,7,6.375,6.25,NA,6.5,1,4,2,0,5,1395,538,857,210,464,931,6.88413476702509,7.61234758364312,6.42698366394399,6.64738095238095,6.89397198275862,6.87923200859291,80
"82",2014,7,6.9,5,7.5,6.75,6,6,7.125,1,4,1,1,4,1400,539,861,211,465,935,6.88419142857143,7.61213914656772,6.42848432055749,6.64431279620853,6.89204946236559,6.88028342245989,81
"83",2014,8,6.7,14,7.08333333333333,6.4125,6.63333333333333,6.61666666666667,6.7625,6,8,3,6,8,1414,545,869,214,471,943,6.88236775106082,7.60631743119266,6.42833716915995,6.64415887850467,6.88854140127389,6.87928419936373,82
"84",2014,9,7.18846153846154,13,7.95833333333333,6.52857142857143,6.5,7.55,6.9625,6,7,3,5,8,1427,551,876,217,476,951,6.88515627189909,7.61015063520871,6.42913812785388,6.64216589861751,6.89548949579832,6.87998422712934,83
"85",2014,10,6.99333333333333,15,7.25,6.76875,6.875,7.375,6.85454545454545,7,8,2,4,11,1442,558,884,219,480,962,6.88628155339806,7.60563261648746,6.43221153846154,6.64429223744292,6.89948541666667,6.87969334719335,84
"86",2014,11,6.7,9,7.66666666666667,6.21666666666667,5.5,6.66666666666667,6.71666666666667,3,6,2,3,6,1451,561,890,221,483,968,6.8851261199173,7.60595900178253,6.43075842696629,6.63393665158371,6.89803933747412,6.87868285123967,85
"87",2014,12,7.23846153846154,13,7.71428571428571,6.68333333333333,8.25,6.9,7.38888888888889,7,6,2,4,9,1464,568,896,223,487,977,6.88826366120218,7.60729401408451,6.43244977678571,6.64843049327354,6.89805544147844,6.88338280450358,86
"88",2015,1,7.12857142857143,21,7.22142857142857,7.08214285714286,7.25,6.95,7.17058823529412,7,14,7,4,17,1485,575,910,230,491,994,6.89166195286195,7.60259652173913,6.44244505494505,6.66673913043478,6.89847861507128,6.88829476861167,87
"89",2015,2,6.73214285714286,14,7.75,6.325,6.5,5.5,6.9375,4,10,5,2,12,1499,579,920,235,493,1006,6.89017211474316,7.60361485319516,6.44116847826087,6.6631914893617,6.89280527383367,6.88888170974155,88
"90",2015,3,7.5,7,7.7,7,6,8,7.41666666666667,5,2,1,1,6,1506,584,922,236,494,1012,6.89300664010624,7.60444006849315,6.44238069414317,6.6603813559322,6.89504655870445,6.89201086956522,89
"91",2015,4,7.13333333333333,15,7.5,6.8125,6.5,8.25,6.96153846153846,7,8,1,2,13,1521,591,930,237,496,1025,6.89537672583826,7.60320304568528,6.44556451612903,6.65970464135021,6.90051008064516,6.89289268292683,90
"92",2015,5,7.2125,8,7.5,6.925,6.7,7.6,7.08333333333333,4,4,1,2,6,1529,595,934,238,498,1031,6.89703597122302,7.60250924369748,6.44761777301927,6.65987394957983,6.90331927710843,6.8940009699321,91
"93",2015,6,6.78,10,7.95,6,6.5,9,6.53333333333333,4,6,2,1,9,1539,599,940,240,499,1040,6.89627550357375,7.60482971619366,6.44476063829787,6.65854166666667,6.90752104208417,6.89087980769231,92
"94",2015,7,6.31875,8,8.16666666666667,5.21,NA,5.55,6.42857142857143,3,5,0,1,7,1547,602,945,240,500,1047,6.89328894634777,7.60762956810631,6.43822751322751,6.65854166666667,6.904806,6.88778892072588,93
"95",2015,8,7.60833333333333,12,8.5,6.36,6,5.66666666666667,8.25555555555556,7,5,1,3,9,1559,609,950,241,503,1056,6.89879281590763,7.61788669950739,6.43781578947368,6.6558091286307,6.89742147117296,6.89944602272727,94
"96",2015,9,7.11538461538461,13,7.83333333333333,6.5,6.83333333333333,7,7.16666666666667,6,7,3,4,9,1572,615,957,244,507,1065,6.90058396946565,7.61998861788618,6.43827063740857,6.65799180327869,6.89823076923077,6.90170422535211,95
"97",2015,10,6.95416666666667,12,8.41666666666667,6.46666666666667,6.275,5,7.345,3,9,4,2,10,1584,618,966,248,509,1075,6.9009898989899,7.62385598705502,6.43853519668737,6.65181451612903,6.8907721021611,6.90582790697674,96
"98",2015,11,6.56666666666667,15,7.21428571428571,6,6.33333333333333,6.2,6.75,7,8,3,5,10,1599,625,974,251,514,1085,6.89785365853658,7.6192688,6.43493326488706,6.64800796812749,6.88405252918288,6.90439170506912,97
"99",2015,12,7.55833333333333,12,7.9625,6.75,7,7.81428571428571,7.2,8,4,1,7,5,1611,633,978,252,521,1090,6.90277343265053,7.62360663507109,6.43622188139059,6.64940476190476,6.89655086372361,6.90574770642202,98
"100",2016,1,7.69090909090909,11,8.72,6.83333333333333,7,8.12,7.33333333333333,5,6,2,5,6,1622,638,984,254,526,1096,6.90811837237978,7.63219905956113,6.43864329268293,6.65216535433071,6.90818060836502,6.90808850364963,99
"101",2016,2,7.09375,8,7.625,5.5,8,7.33333333333333,6.95,6,2,1,3,5,1630,644,986,255,529,1101,6.90902944785276,7.63213198757764,6.43673935091278,6.65745098039216,6.91059168241966,6.90827883742053,100
"102",2016,3,7.14285714285714,7,7,7.16666666666667,7.5,NA,7.14285714285714,1,6,3,0,7,1637,645,992,258,529,1108,6.91002932193036,7.6311519379845,6.44115423387097,6.6672480620155,6.91059168241966,6.90976083032491,101
"103",2016,4,6.85,14,7.75,6.49,6.9,6.875,6.84,4,10,5,4,10,1651,649,1002,263,533,1118,6.90952029073289,7.6318844375963,6.44164171656687,6.67167300380228,6.91032457786116,6.90913685152057,102
"104",2016,5,7.5,8,7.83333333333333,7.3,7,6.75,7.75,3,5,1,2,6,1659,652,1007,264,535,1124,6.91236769138035,7.63281134969325,6.44590367428004,6.67291666666667,6.90972523364486,6.91362544483986,103
"105",2016,6,7.4375,8,7.625,7.25,NA,NA,7.4375,4,4,0,0,8,1667,656,1011,264,535,1132,6.91488782243551,7.6327637195122,6.44908506429278,6.67291666666667,6.90972523364486,6.9173277385159,104
"106",2016,7,6.33636363636364,11,7.425,5.71428571428571,9,6.6,6.11666666666667,4,7,1,5,6,1678,660,1018,265,540,1138,6.91109535160906,7.63150454545455,6.44403241650295,6.68169811320755,6.90685740740741,6.91310632688928,105
"107",2016,8,6.80666666666667,15,7.68333333333333,6.22222222222222,6.83333333333333,6.45,6.86153846153846,6,9,3,2,13,1693,666,1027,268,542,1151,6.91017011222682,7.63197147147147,6.44208860759494,6.68339552238806,6.90517158671587,6.91252389226759,106
"108",2016,9,7.77,10,8.45,6.75,NA,9,7.4625,6,4,0,2,8,1703,672,1031,268,544,1159,6.91521902524956,7.63927529761905,6.44328322017459,6.68339552238806,6.91287316176471,6.91632010353753,107
"109",2016,10,6.1,10,6.125,6.08333333333333,7,7,6,4,6,1,1,9,1713,676,1037,269,545,1168,6.91046001167542,7.6303150887574,6.44120057859209,6.68457249070632,6.91303302752294,6.90925941780822,108
"110",2016,11,6.856,5,7.8,6.62,6.25,7,6.76,1,4,2,2,3,1718,677,1041,271,547,1171,6.91030151338766,7.63056573116691,6.44188760806916,6.68136531365314,6.91335100548446,6.90887702818104,109
"111",2016,12,6.42857142857143,7,NA,6.42857142857143,6,8,6.16666666666667,0,7,2,1,6,1725,677,1048,273,548,1177,6.90834666666667,7.63056573116691,6.44179866412214,6.67637362637362,6.91533394160584,6.90509345794392,110
"112",2017,1,7.59090909090909,11,7.66,7.53333333333333,6.5,6.76666666666667,7.9,5,6,2,3,8,1736,682,1054,275,551,1185,6.91267165898618,7.63078152492669,6.44801233396584,6.67509090909091,6.91452450090744,6.91181012658228,111
"113",2017,2,7.41666666666667,6,8.25,5.75,NA,6.5,7.875,4,2,0,2,4,1742,686,1056,275,553,1189,6.91440757749713,7.63439212827989,6.44669034090909,6.67509090909091,6.9130253164557,6.91505046257359,112
"114",2017,3,6.28571428571429,7,7.5,5.8,6,5.25,6.7,2,5,2,2,5,1749,688,1061,277,555,1194,6.91189136649514,7.63400145348837,6.44364278982092,6.67021660649819,6.90703243243243,6.91414991624791,113
"115",2017,4,6.65,10,7.33333333333333,6.35714285714286,6.16666666666667,6.5,6.71428571428571,3,7,3,3,7,1759,691,1068,280,558,1201,6.91040250142126,7.63269609261939,6.44307584269663,6.66482142857143,6.90484408602151,6.91298501248959,114
"116",2017,5,7.391,10,7.81833333333333,6.75,NA,7.1525,7.55,6,4,0,4,6,1769,697,1072,280,562,1207,6.91311927642736,7.63429411764706,6.44422108208955,6.66482142857143,6.90660676156584,6.91615161557581,115
"117",2017,6,7.5,2,9,6,NA,NA,7.5,1,1,0,0,2,1771,698,1073,280,562,1209,6.91378204404291,7.63625071633238,6.44380708294501,6.66482142857143,6.90660676156584,6.91711745244003,116
"118",2017,7,7.27777777777778,9,9.5,6.64285714285714,NA,8,6.91666666666667,2,7,0,3,6,1780,700,1080,280,565,1215,6.91562247191011,7.64157571428572,6.44509722222222,6.66482142857143,6.91241238938053,6.91711522633745,117
"119",2017,8,7.3,8,7.33333333333333,7.28,NA,8.5,6.9,3,5,0,2,6,1788,703,1085,280,567,1221,6.9173422818792,7.64026031294453,6.44894470046083,6.66482142857143,6.91801234567901,6.91703112203112,118
"120",2017,9,6.16666666666667,6,8,5.8,6.5,5.5,6.5,1,5,2,2,4,1794,704,1090,282,569,1225,6.91483166109253,7.64077130681818,6.44596788990826,6.6636524822695,6.91302811950791,6.9156693877551,119
"121",2017,10,6.875,8,7.75,6.58333333333333,6.66666666666667,7.16666666666667,6.7,2,6,3,3,5,1802,706,1096,285,572,1230,6.91465482796892,7.64108073654391,6.44671989051095,6.66368421052631,6.91435839160839,6.91479268292683,120
"122",2017,11,7.08333333333333,6,8.125,5,5,6,7.625,4,2,2,2,4,1808,710,1098,287,574,1234,6.91521460176991,7.64380704225352,6.44408469945355,6.65209059233449,6.91117247386759,6.91709481361426,121
"123",2017,12,6.875,8,7,6.66666666666667,NA,NA,6.875,5,3,0,0,8,1816,715,1101,287,574,1242,6.91503744493392,7.6393048951049,6.44469118982743,6.65209059233449,6.91117247386759,6.91682367149758,122
"124",2018,1,7.54,5,7.125,9.2,NA,6,7.925,4,1,0,1,4,1821,719,1102,287,575,1246,6.91675343218012,7.63644367176634,6.44719147005445,6.65209059233449,6.90958782608696,6.92006019261637,123
"125",2018,2,7.28333333333333,6,8,6.925,7,7.33333333333333,7.23333333333333,2,4,2,3,3,1827,721,1106,289,578,1249,6.91795730706076,7.63745214979196,6.44891952983725,6.65449826989619,6.91178719723183,6.9208126501201,124
"126",2018,3,5.5625,8,7.25,5,5,5.25,5.875,2,6,2,4,4,1835,723,1112,291,582,1253,6.91204795640327,7.63638035961273,6.44110161870503,6.64312714776632,6.90036597938144,6.9174740622506,125
"127",2018,4,6.59090909090909,11,6.85,6.44285714285714,NA,8,6.45,4,7,0,1,10,1846,727,1119,291,583,1263,6.91013434452871,7.63205364511692,6.44111260053619,6.64312714776632,6.90225214408233,6.91377276326207,126
"128",2018,5,7.9625,8,8.65,7.73333333333333,7,9.4,7.75714285714286,2,6,1,1,7,1854,729,1125,292,584,1270,6.91467529665588,7.6348463648834,6.44800444444444,6.64434931506849,6.90652910958904,6.91842125984252,127
"129",2018,6,6,4,6,6,NA,6,6,1,3,0,1,3,1858,730,1128,292,585,1273,6.91270613562971,7.63260684931507,6.44681294326241,6.64434931506849,6.90497948717949,6.9162568735271,128
"130",2018,7,6.85,5,6.625,7,NA,7.625,6.33333333333333,2,3,0,2,3,1863,732,1131,292,587,1276,6.91253784219002,7.62985382513661,6.44828028293545,6.64434931506849,6.90743270868824,6.91488636363636,129
"131",2018,8,6.8,5,6.33333333333333,7.5,NA,7,6.75,3,2,0,1,4,1868,735,1133,292,588,1280,6.91223661670236,7.62456190476191,6.45013680494263,6.64434931506849,6.90759013605442,6.91437109375,130
"132",2018,9,7.16666666666667,6,NA,7.16666666666667,8,7,7.5,0,6,1,4,2,1874,735,1139,293,592,1282,6.91305122732124,7.62456190476191,6.45391132572432,6.64897610921502,6.90821452702703,6.91528471138845,131
"133",2018,10,7.625,4,8.16666666666667,6,6,7.33333333333333,8.5,3,1,1,3,1,1878,738,1140,294,595,1283,6.91456762513312,7.62676558265583,6.45351315789474,6.64676870748299,6.91035798319328,6.91651987529228,132
"134",2018,11,6.54166666666667,12,7.5,6.0625,5.75,6.5,6.55,4,8,2,2,10,1890,742,1148,296,597,1293,6.9122,7.62608221024259,6.45078832752613,6.64070945945946,6.90898324958124,6.91368522815158,133
"135",2018,12,6.3225,8,6.75,5.61,7,5.44333333333333,6.85,5,3,1,3,5,1898,747,1151,297,600,1298,6.90971443624868,7.62021820615797,6.44859687228497,6.64191919191919,6.901655,6.91343990755008,134
"136",2019,1,7.11954777777778,9,7.575,6.755186,6,6.8189825,7.36,4,5,1,4,5,1907,751,1156,298,604,1303,6.91070473518616,7.61997736351531,6.44992294982699,6.63976510067114,6.9011075,6.91515349194167,135
"137",2019,2,8.56666666666667,3,8,8.85,NA,8.85,8,1,2,0,2,1,1910,752,1158,298,606,1304,6.91330572251309,7.62048271276596,6.45406816062176,6.63976510067114,6.90753948844884,6.91598542944785,136
"138",2019,3,6.28571428571429,7,6.75,6.1,7,5.5,6.6,2,5,1,2,5,1917,754,1163,299,608,1309,6.91101404799166,7.61817374005305,6.45254594153052,6.64096989966555,6.90290942434211,6.91477845683728,137
"139",2019,4,7.5,10,8.5,6.83333333333333,6,7.75,7.33333333333333,4,6,1,4,6,1927,758,1169,300,612,1315,6.91407053969902,7.622827176781,6.45450036783576,6.63883333333333,6.90844596405229,6.91668821292776,138
"140",2019,5,6.125,8,7.33333333333333,5.4,5,8,5.85714285714286,3,5,1,1,7,1935,761,1174,301,613,1322,6.91080823255814,7.62168593955322,6.45000931005111,6.63338870431893,6.91022663947798,6.91107791225416,139
"141",2019,6,5.33333333333333,3,6,5,NA,5,6,1,2,0,2,1,1938,762,1176,301,615,1323,6.90836632094944,7.61955774278215,6.44754330782313,6.63338870431893,6.9040145203252,6.91038926681784,140
"142",2019,7,7.25,4,6,7.66666666666667,6.5,6,7.66666666666667,1,3,2,1,3,1942,763,1179,303,616,1326,6.90906999485067,7.61743512450852,6.4506454028838,6.63250825082508,6.90254696428571,6.91210030165912,141
"143",2019,8,6.6,5,7.25,6.16666666666667,6.5,8,6.25,2,3,1,1,4,1947,765,1182,304,617,1330,6.90827628659476,7.61647450980392,6.44992464467005,6.63207236842105,6.90432565640195,6.91010902255639,142
"144",2019,9,7.59444444444444,9,8.9375,6.52,NA,6.875,7.8,4,5,0,2,7,1956,769,1187,304,619,1337,6.91143350204499,7.62334590377113,6.4502198230834,6.63207236842105,6.90423090468498,6.91476813762154,143
"145",2019,10,7,6,7.25,6.5,NA,10,6.4,4,2,0,1,5,1962,773,1189,304,620,1342,6.91170434760449,7.62141397153946,6.45030355761144,6.63207236842105,6.90922408064516,6.91285022354694,144
"146",2019,11,7,3,8,6.5,NA,NA,7,1,2,0,0,3,1965,774,1191,304,620,1345,6.91183915012723,7.62190310077519,6.4503870109152,6.63207236842105,6.90922408064516,6.91304460966543,145
"147",2019,12,7.24,5,9,6.8,6.2,NA,7.24,1,4,1,0,5,1970,775,1195,305,620,1350,6.91267204568528,7.62368129032258,6.45155726359832,6.63065573770492,6.90922408064516,6.91425555555556,146
"148",2020,1,7.125,8,8,6.83333333333333,6.66666666666667,8,6.83333333333333,2,6,3,2,6,1978,777,1201,308,622,1356,6.91353080384227,7.62464993564994,6.45346455453788,6.63100649350649,6.91273139871383,6.91389749262537,147
"149",2020,2,7.14285714285714,7,7,7.2,6,6.5,7.4,2,5,1,2,5,1985,779,1206,309,624,1361,6.91433951133502,7.62304621309371,6.45655964344942,6.6289644012945,6.91140854166667,6.91568332108744,148
"150",2020,3,6.87142857142857,7,7.66666666666667,6.275,4,7.275,6.33333333333333,3,4,1,4,3,1992,782,1210,310,628,1364,6.91418871987952,7.62321355498721,6.45595944628099,6.62048387096774,6.91372441082803,6.91440249266862,149
"151",2020,4,7.58333333333333,6,NA,7.58333333333333,8,8.33333333333333,6.83333333333333,0,6,1,3,3,1998,782,1216,311,631,1367,6.91619816316317,7.62321355498721,6.46152214638158,6.62491961414791,6.92047374009509,6.91422457937088,150
"152",2020,5,7.00777777777778,9,7.5175,6.6,6,6.75,7.214,4,5,3,4,5,2007,786,1221,314,635,1372,6.91660883408072,7.62267557251908,6.46208921375921,6.61894904458599,6.91939988976378,6.91531705539358,151
"153",2020,6,6.875,4,6,7.16666666666667,7,NA,6.875,1,3,1,0,4,2011,787,1224,315,635,1376,6.91652607160617,7.62061372299873,6.46381611928104,6.62015873015873,6.91939988976378,6.91519985465116,152
"154",2020,7,6.88888888888889,9,6.8,7,NA,7,6.85714285714286,5,4,0,2,7,2020,792,1228,315,637,1383,6.91640293564357,7.61543308080808,6.4655626465798,6.62015873015873,6.91965295133438,6.91490600144613,153
"155",2020,8,7.05555555555556,9,8.5,6.64285714285714,6,8,6.78571428571429,2,7,2,2,7,2029,794,1235,317,639,1390,6.91702017249877,7.61766120906801,6.46656755465587,6.61624605678233,6.92303431924883,6.91425539568345,154
"156",2020,9,7.25,6,7.5,7.125,NA,NA,7.25,2,4,0,0,6,2035,796,1239,317,639,1396,6.91800193120393,7.61736557788945,6.46869324455206,6.61624605678233,6.92303431924883,6.91569842406877,155
"157",2020,10,6.36666666666667,12,NA,6.36666666666667,6,5,6.64,0,12,1,2,10,2047,796,1251,318,641,1406,6.91476987298486,7.61736557788945,6.46771457234212,6.61430817610063,6.91703421216849,6.91373755334282,156
"158",2020,11,6.56666666666667,15,7.8,5.95,NA,8,6.20833333333333,5,10,0,3,12,2062,801,1261,318,644,1418,6.91223759941804,7.61850561797753,6.46360898493259,6.61430817610063,6.92207908385093,6.90776798307475,157
"159",2020,12,6.6625,12,7.75,6.11875,5.1,4.25,7.46666666666667,4,8,2,3,9,2074,805,1269,320,647,1427,6.91079263741562,7.61915900621118,6.46143493301812,6.60484375,6.90968922720247,6.91129292221444,158
"160",2021,1,6.40909090909091,11,7.5,6.16666666666667,7,6.5,6.4,2,9,1,1,10,2085,807,1278,321,648,1437,6.90814576978418,7.61886369268897,6.45935910015649,6.60607476635514,6.90905699074074,6.90773486430063,159
"161",2021,2,6.72222222222222,9,7.33333333333333,6.41666666666667,NA,NA,6.72222222222222,3,6,0,0,9,2094,810,1284,321,648,1446,6.90734667144222,7.61780617283951,6.45915960280374,6.60607476635514,6.90905699074074,6.90658022130014,160
"162",2021,3,6.66666666666667,9,10,6.25,5,6.33333333333333,6.83333333333333,1,8,1,3,6,2103,811,1292,322,651,1452,6.90631665715645,7.62074352651048,6.45786449690402,6.60108695652174,6.90640388632873,6.90627754820937,161
"163",2021,4,6.58333333333333,6,7,6.5,7,7,6.375,1,5,1,2,4,2109,812,1297,323,653,1456,6.90539778568042,7.61997906403941,6.45802693138011,6.60232198142415,6.90669055130169,6.90481799450549,162
"164",2021,5,7.05714285714286,7,7.3,6.875,NA,NA,7.05714285714286,3,4,0,0,7,2116,815,1301,323,653,1463,6.9058997778828,7.61880122699387,6.45930893927748,6.60232198142415,6.90669055130169,6.90554682159945,163
"165",2021,6,6.92857142857143,7,8.5,6.66666666666667,7.5,6.75,7,1,6,1,2,5,2123,816,1307,324,655,1468,6.9059745313236,7.61988112745098,6.46026084927314,6.60509259259259,6.90621210687023,6.90586852861035,164
"166",2021,7,7.7,5,8,7.5,7,7.83333333333333,7.5,2,3,1,3,2,2128,818,1310,325,658,1470,6.90784019266918,7.62081051344743,6.46264193129771,6.60630769230769,6.91043910334347,6.9066768707483,165
"167",2021,8,7.36857142857143,7,7.495,7.2,NA,8,7.26333333333333,4,3,0,1,6,2135,822,1313,325,659,1476,6.90935078688525,7.62019829683698,6.46432667936024,6.60630769230769,6.91209245827011,6.90812669376694,166
"168",2021,9,6.3,5,7.83333333333333,4,NA,5.5,6.83333333333333,3,2,0,2,3,2140,825,1315,325,661,1479,6.90792707009346,7.62097333333333,6.46057865399239,6.60630769230769,6.90781986384266,6.90797498309669,167
"169",2021,10,6.86111111111111,9,8.5,6.39285714285714,NA,7.6875,6.2,2,7,0,4,5,2149,827,1322,325,665,1484,6.90773100511866,7.62309915356711,6.46022006807867,6.60630769230769,6.91250966917293,6.90558962264151,168
"170",2021,11,6.76666666666667,6,7.8,6.25,5.5,7,6.72,2,4,2,1,5,2155,829,1326,327,666,1489,6.90733825058005,7.62352593486128,6.45958592006033,6.59954128440367,6.91264103603604,6.90496642041639,169
"171",2021,12,7.29166666666667,12,8.08333333333333,6.5,7,8.5,7.05,6,6,1,2,10,2167,835,1332,328,668,1499,6.90946651130596,7.62682994011976,6.45976796546546,6.60076219512195,6.91739360778443,6.90593395597065,170
"172",2022,1,6.75491666666667,12,7.61666666666667,6.46766666666667,6.25,NA,6.75491666666667,3,9,2,0,12,2179,838,1341,330,668,1511,6.90861538779257,7.62679355608592,6.45982097688292,6.59863636363636,6.91739360778443,6.90473461283918,171
"173",2022,2,5.85,8,6,5.82857142857143,7.25,6,5.82857142857143,1,7,2,1,7,2187,839,1348,332,669,1518,6.90474299497028,7.62485458879619,6.45654297477745,6.60256024096385,6.91602231689088,6.8997720685112,172
"174",2022,3,7.6825,8,7.66666666666667,7.692,NA,7.32,7.9,3,5,0,3,5,2195,842,1353,332,672,1523,6.90757764464693,7.62500356294537,6.46110859571323,6.60256024096385,6.91782578869048,6.90305581089954,173
"175",2022,4,6.65,10,6.5,6.6875,6,6.5,6.8,2,8,2,5,5,2205,844,1361,334,677,1528,6.90640949206349,7.62233767772512,6.46243933137399,6.59895209580838,6.91473992614476,6.90271858638743,174
"176",2022,5,7.375,8,8.25,6.5,NA,NA,7.375,4,4,0,0,8,2213,848,1365,334,677,1536,6.90810344780841,7.6252983490566,6.4625493992674,6.59895209580838,6.91473992614476,6.90517838541667,175
"177",2022,6,8.83333333333333,3,10,8.25,NA,NA,8.83333333333333,1,2,0,0,3,2216,849,1367,334,677,1539,6.91070980595668,7.62809540636042,6.46516454279444,6.59895209580838,6.91473992614476,6.90893697205978,176
"178",2022,7,8.625,4,9.75,7.5,NA,8.25,9,2,2,0,2,2,2220,851,1369,334,679,1541,6.91379861711712,7.63308225616921,6.46667635500365,6.59895209580838,6.9186729455081,6.91165087605451,177
"179",2022,8,7.01428571428571,7,8.3,6.8,NA,8.15,6.56,1,6,0,2,5,2227,852,1375,334,681,1546,6.91411447238438,7.63386502347418,6.46813085818182,6.59895209580838,6.92228917767988,6.91051358344114,178
