"","year","month","avg_rating","no_ratings","avg_rating_owned","avg_rating_not_owned","avg_rating_prev_owned","avg_rating_comment","avg_rating_no_comment","no_ratings_owned","no_ratings_not_owned","no_ratings_prev_owned","no_ratings_comment","no_ratings_no_comment","cum_no_ratings","cum_no_ratings_owned","cum_no_ratings_not_owned","cum_no_ratings_prev_owned","cum_no_ratings_comment","cum_no_ratings_no_comment","cum_avg_rating","cum_avg_rating_owned","cum_avg_rating_not_owned","cum_avg_rating_prev_owned","cum_avg_rating_comment","cum_avg_rating_no_comment","month_after_release"
"1",2007,9,6.66666666666667,3,6.66666666666667,NA,NA,6.5,7,3,0,0,2,1,3,3,0,0,2,1,6.66666666666667,6.66666666666667,NA,NA,6.5,7,0
"2",2007,10,6.66666666666667,3,9,5.5,6,7.5,5,1,2,1,2,1,6,4,2,1,4,2,6.66666666666667,7.25,5.5,6,7,6,1
"3",2007,11,6.125,4,6.75,5.5,NA,6.5,6,2,2,0,1,3,10,6,4,1,5,5,6.45,7.08333333333333,5.5,6,6.9,6,2
"4",2007,12,7,2,8,6,6,6,8,1,1,1,1,1,12,7,5,2,6,6,6.54166666666667,7.21428571428571,5.6,6,6.75,6.33333333333333,3
"5",2008,1,6.13333333333333,3,NA,6.13333333333333,6.5,5.95,6.5,0,3,1,2,1,15,7,8,3,8,7,6.46,7.21428571428571,5.8,6.16666666666667,6.55,6.35714285714286,4
"6",2008,2,7,1,7,NA,NA,7,NA,1,0,0,1,0,16,8,8,3,9,7,6.49375,7.1875,5.8,6.16666666666667,6.6,6.35714285714286,5
"7",2008,3,9,1,NA,9,NA,9,NA,0,1,0,1,0,17,8,9,3,10,7,6.64117647058824,7.1875,6.15555555555556,6.16666666666667,6.84,6.35714285714286,6
"8",2008,4,6.47222222222222,9,7.25,5.85,7,6.25,6.91666666666667,4,5,1,6,3,26,12,14,4,16,10,6.58269230769231,7.20833333333333,6.04642857142857,6.375,6.61875,6.525,7
"9",2008,5,6.8,5,7.25,6.5,7.5,7.75,6.16666666666667,2,3,1,2,3,31,14,17,5,18,13,6.61774193548387,7.21428571428571,6.12647058823529,6.6,6.74444444444444,6.44230769230769,8
"10",2008,6,6.8,5,7,6.66666666666667,7,6.75,7,2,3,2,4,1,36,16,20,7,22,14,6.64305555555556,7.1875,6.2075,6.71428571428571,6.74545454545455,6.48214285714286,9
"11",2008,7,6.83333333333333,6,7,6,NA,7,6,5,1,0,5,1,42,21,21,7,27,15,6.6702380952381,7.14285714285714,6.19761904761905,6.71428571428571,6.79259259259259,6.45,10
"12",2008,8,6,1,NA,6,NA,6,NA,0,1,0,1,0,43,21,22,7,28,15,6.6546511627907,7.14285714285714,6.18863636363636,6.71428571428571,6.76428571428571,6.45,11
"13",2008,9,9,1,9,NA,NA,9,NA,1,0,0,1,0,44,22,22,7,29,15,6.70795454545454,7.22727272727273,6.18863636363636,6.71428571428571,6.84137931034483,6.45,12
"14",2008,10,8.1,2,8.1,NA,NA,7.2,9,2,0,0,1,1,46,24,22,7,30,16,6.76847826086956,7.3,6.18863636363636,6.71428571428571,6.85333333333333,6.609375,13
"15",2009,1,6.5,2,6.5,NA,NA,8,5,2,0,0,1,1,48,26,22,7,31,17,6.75729166666667,7.23846153846154,6.18863636363636,6.71428571428571,6.89032258064516,6.51470588235294,16
"16",2009,2,6,1,NA,6,6,6,NA,0,1,1,1,0,49,26,23,8,32,17,6.74183673469388,7.23846153846154,6.1804347826087,6.625,6.8625,6.51470588235294,17
"17",2009,3,6.65384615384615,13,7.05555555555556,5.75,NA,6.33333333333333,6.92857142857143,9,4,0,6,7,62,35,27,8,38,24,6.72338709677419,7.19142857142857,6.11666666666667,6.625,6.77894736842105,6.63541666666667,18
"18",2009,4,7.24137931034483,29,7.52941176470588,6.83333333333333,7.625,7.2,7.26315789473684,17,12,4,10,19,91,52,39,12,48,43,6.88846153846154,7.30192307692308,6.33717948717949,6.95833333333333,6.86666666666667,6.91279069767442,19
"19",2009,5,6.99583333333333,24,7.15,6.6875,6.33333333333333,7.31666666666667,6.88888888888889,16,8,3,6,18,115,68,47,15,54,61,6.91086956521739,7.26617647058824,6.3968085106383,6.83333333333333,6.91666666666667,6.90573770491803,20
"20",2009,6,6.525,20,7.25,6.04166666666667,7,7,6.13636363636364,8,12,1,9,11,135,76,59,16,63,72,6.8537037037037,7.26447368421053,6.32457627118644,6.84375,6.92857142857143,6.78819444444444,21
"21",2009,7,6.68333333333333,24,7.24615384615385,6.01818181818182,5.825,6.8,6.6,13,11,4,10,14,159,89,70,20,73,86,6.82798742138365,7.26179775280899,6.27642857142857,6.64,6.91095890410959,6.75755813953488,22
"22",2009,8,6.4,36,6.97894736842105,5.75294117647059,6.75,5.98,6.56153846153846,19,17,6,10,26,195,108,87,26,83,112,6.74897435897436,7.21203703703704,6.17413793103448,6.66538461538462,6.79879518072289,6.71205357142857,23
"23",2009,9,6.89230769230769,26,6.93846153846154,6.84615384615385,7.5,6.85555555555556,6.91176470588235,13,13,6,9,17,221,121,100,32,92,129,6.7658371040724,7.18264462809917,6.2615,6.821875,6.80434782608696,6.73837209302326,24
"24",2009,10,6.18076923076923,26,6.8625,5.09,4.75,6.32222222222222,6.10588235294118,16,10,2,9,17,247,137,110,34,101,146,6.70425101214575,7.14525547445256,6.155,6.7,6.76138613861386,6.66472602739726,25
"25",2009,11,6.67916666666667,36,6.98695652173913,6.13461538461539,6.33333333333333,7.10714285714286,6.40681818181818,23,13,3,14,22,283,160,123,37,115,168,6.70106007067138,7.1225,6.15284552845528,6.67027027027027,6.80347826086957,6.63095238095238,26
"26",2009,12,7.2425,40,7.56,6.71333333333333,6.9,6.94117647058824,7.46521739130435,25,15,5,17,23,323,185,138,42,132,191,6.76811145510836,7.18162162162162,6.21376811594203,6.69761904761905,6.82121212121212,6.73141361256545,27
"27",2010,1,6.66039215686274,51,7.03571428571429,5.839375,5.83333333333333,6.833125,6.58142857142857,35,16,6,16,35,374,220,154,48,148,226,6.75342245989305,7.15840909090909,6.17487012987013,6.58958333333333,6.8225,6.70818584070797,28
"28",2010,2,6.5625,24,6.91666666666667,6.20833333333333,6.27777777777778,6.41666666666667,6.61111111111111,12,12,9,6,18,398,232,166,57,154,244,6.74190954773869,7.14590517241379,6.17728915662651,6.54035087719298,6.80668831168831,6.70102459016393,29
"29",2010,3,6.60555555555556,27,6.88125,6.20454545454545,6.3125,6.38888888888889,6.71388888888889,16,11,4,9,18,425,248,177,61,163,262,6.73324705882353,7.12883064516129,6.17898305084746,6.52540983606557,6.78361963190184,6.70190839694656,30
"30",2010,4,6.28235294117647,17,7.11111111111111,5.35,4.75,6.0375,6.5,9,8,4,8,9,442,257,185,65,171,271,6.71590497737557,7.12821011673152,6.14313513513514,6.41615384615385,6.7487134502924,6.69520295202952,31
"31",2010,5,6.80952380952381,21,7.33928571428571,5.75,6.58333333333333,6.40625,7.05769230769231,14,7,3,8,13,463,271,192,68,179,284,6.72015118790497,7.13911439114391,6.12880208333333,6.42352941176471,6.73340782122905,6.71179577464789,32
"32",2010,6,6.98809523809524,21,7.08928571428571,6.78571428571429,5.5,6.95,7,14,7,2,5,16,484,285,199,70,184,300,6.73177685950413,7.13666666666667,6.15190954773869,6.39714285714286,6.73929347826087,6.72716666666667,33
"33",2010,7,7.125,22,7.26388888888889,6.5,6,7.07142857142857,7.15,18,4,2,7,15,506,303,203,72,191,315,6.74887351778656,7.14422442244224,6.1587684729064,6.38611111111111,6.75146596858639,6.74730158730159,34
"34",2010,8,6.36201025641026,39,6.94444444444444,5.86278095238095,6.22727272727273,6.00204444444444,6.47,18,21,11,9,30,545,321,224,83,200,345,6.72118972477064,7.13302180685358,6.13101964285714,6.36506024096385,6.717742,6.7231884057971,35
"35",2010,9,6.56481481481481,27,7.06818181818182,6.21875,6.75,6.89285714285714,6.45,11,16,4,7,20,572,332,240,87,207,365,6.71380839160839,7.1308734939759,6.13686833333333,6.38275862068965,6.72366376811594,6.70821917808219,36
"36",2010,10,6.6765625,32,6.96315789473684,6.25769230769231,5.66666666666667,6.40384615384615,6.86315789473684,19,13,3,13,19,604,351,253,90,220,384,6.71183509933775,7.12179487179487,6.1430766798419,6.35888888888889,6.70476545454545,6.71588541666667,37
"37",2010,11,6.84423076923077,26,6.97857142857143,6.6875,7.5,7.07142857142857,6.76052631578947,14,12,4,7,19,630,365,265,94,227,403,6.71729904761905,7.11630136986301,6.16772981132076,6.40744680851064,6.71607224669603,6.71799007444169,38
"38",2010,12,6.97058823529412,34,7.66,5.98571428571429,6.45,7.53571428571429,6.575,20,14,4,14,20,664,385,279,98,241,423,6.73026867469879,7.14454545454545,6.15859641577061,6.40918367346939,6.76368630705394,6.7112293144208,39
"39",2011,1,6.73780487804878,41,7.24166666666667,6.02647058823529,6,6.72727272727273,6.74166666666667,24,17,7,11,30,705,409,296,105,252,453,6.73070695035461,7.15024449877751,6.15100810810811,6.38190476190476,6.76209682539683,6.71324503311258,40
"40",2011,2,6.48448275862069,29,6.87058823529412,5.9375,5.83333333333333,6.40384615384615,6.55,17,12,6,13,16,734,426,308,111,265,469,6.720978746594,7.13908450704225,6.14268961038961,6.35225225225225,6.74452226415094,6.70767590618337,41
"41",2011,3,6.404,25,6.575,6.1,5.975,6.45,6.37333333333333,16,9,4,10,15,759,442,317,115,275,484,6.71053807641634,7.11866515837104,6.14147760252366,6.33913043478261,6.73381236363636,6.69731404958678,42
"42",2011,4,6.8375,20,7.25,6.07142857142857,6.375,7.8,6.51666666666667,13,7,4,5,15,779,455,324,119,280,499,6.71379768934531,7.12241758241758,6.13996419753086,6.34033613445378,6.75285142857143,6.69188376753507,43
"43",2011,5,6.525,30,6.95588235294118,5.96153846153846,5.8,6.5,6.53947368421053,17,13,5,11,19,809,472,337,124,291,518,6.70679653893696,7.11641949152542,6.13308130563798,6.31854838709677,6.74329347079038,6.68629343629344,44
"44",2011,6,6.4828125,32,6.77647058823529,6.15,6.7,6.51666666666667,6.45294117647059,17,15,5,15,17,841,489,352,129,306,535,6.69827395957194,7.10460122699386,6.13380227272727,6.33333333333333,6.73218431372549,6.6788785046729,45
"45",2011,7,6.565625,32,7.12142857142857,6.13333333333333,5.625,6.39230769230769,6.68421052631579,14,18,4,13,19,873,503,370,133,319,554,6.6934116838488,7.10506958250497,6.13377945945946,6.31203007518797,6.71833354231975,6.67906137184115,46
"46",2011,8,6.67702702702703,37,7.08333333333333,5.92692307692308,5.5,6.78928571428571,6.60869565217391,24,13,5,14,23,910,527,383,138,333,577,6.69274549450549,7.10407969639469,6.12675822454308,6.28260869565217,6.72131651651652,6.67625649913345,47
"47",2011,9,6.38703703703704,27,6.59375,6.08636363636364,6.75,5.65,6.82058823529412,16,11,5,10,17,937,543,394,143,343,594,6.6839363927428,7.0890423572744,6.12563045685279,6.29895104895105,6.69008279883382,6.6803872053872,48
"48",2011,10,6.14285714285714,28,7.13636363636364,5.5,6.66666666666667,6.13636363636364,6.14705882352941,11,17,6,11,17,965,554,411,149,354,611,6.66823668393782,7.08998194945848,6.09975279805353,6.31375838926174,6.67287683615819,6.66554828150573,49
"49",2011,11,6.75882352941176,34,7.2304347826087,5.77272727272727,5,7.05555555555556,6.652,23,11,2,9,25,999,577,422,151,363,636,6.67131971971972,7.09558058925476,6.09122843601896,6.29635761589404,6.68236473829201,6.66501572327044,50
"50",2011,12,6.775,28,7.01052631578947,6.27777777777778,6.875,7.08333333333333,6.69090909090909,19,9,4,6,22,1027,596,431,155,369,658,6.6741464459591,7.09286912751678,6.09512389791183,6.31129032258064,6.68888455284553,6.66588145896656,51
"51",2012,1,6.796,25,7.05625,6.33333333333333,6.5,6.75,6.81764705882353,16,9,2,8,17,1052,612,440,157,377,675,6.67704220532319,7.09191176470588,6.09999636363636,6.31369426751592,6.69018143236074,6.6697037037037,52
"52",2012,2,6.68833333333333,30,7.0125,6.31785714285714,7.13571428571429,6.77857142857143,6.66086956521739,16,14,7,7,23,1082,628,454,164,384,698,6.67735526802218,7.08988853503185,6.10671453744493,6.34878048780488,6.69179270833333,6.66941260744985,53
"53",2012,3,6.56451612903226,31,6.95454545454545,5.61111111111111,5.125,6.625,6.54347826086957,22,9,4,8,23,1113,650,463,168,392,721,6.67421239892183,7.08530769230769,6.0970807775378,6.31964285714286,6.69042959183673,6.66539528432732,54
"54",2012,4,6.65,24,7.04285714285714,6.1,6.33333333333333,6.4375,6.75625,14,10,3,8,16,1137,664,473,171,400,737,6.67370131926121,7.08441265060241,6.09714249471459,6.31988304093567,6.685371,6.66736770691994,55
"55",2012,5,6.465,30,6.9225,5.55,6.08333333333333,6.89166666666667,6.18055555555556,20,10,6,12,18,1167,684,483,177,412,755,6.66833624678663,7.0796783625731,6.08581449275362,6.31186440677966,6.69137961165048,6.65576158940397,56
"56",2012,6,6.69117647058824,17,7.175,6,6.25,6.54166666666667,6.77272727272727,10,7,2,6,11,1184,694,490,179,418,766,6.66866418918919,7.08105187319885,6.08458857142857,6.31117318435754,6.68923062200957,6.65744125326371,57
"57",2012,7,6.8475,12,6.78,6.89571428571429,7.16666666666667,6.5,6.917,5,7,3,2,10,1196,699,497,182,420,776,6.67045852842809,7.07889842632332,6.09601287726358,6.32527472527472,6.68832952380952,6.66078608247422,58
"58",2012,8,6.67647058823529,17,7.25,6.16666666666667,NA,8.125,6.23076923076923,8,9,0,4,13,1213,707,506,182,424,789,6.6705427864798,7.08083451202263,6.09726956521739,6.32527472527472,6.70188301886792,6.65370088719898,59
"59",2012,9,6.37272727272727,22,6.66923076923077,5.94444444444444,5.7,6.04,6.47058823529412,13,9,5,5,17,1235,720,515,187,429,806,6.6652375708502,7.07340277777778,6.09459883495146,6.30855614973262,6.69416876456876,6.64983870967742,60
"60",2012,10,6.61304347826087,23,7.18571428571429,5.72222222222222,5.5,6.85,6.48666666666667,14,9,7,8,15,1258,734,524,194,437,821,6.66428330683625,7.07554495912806,6.08820305343511,6.27938144329897,6.69702151029748,6.6468574908648,61
"61",2012,11,6.45,20,7.03,5.87,7.06666666666667,6.425,6.45625,10,10,3,4,16,1278,744,534,197,441,837,6.66092989045383,7.07493279569892,6.08411685393258,6.29137055837563,6.69455419501134,6.64321385902031,62
"62",2012,12,6.48529411764706,34,7.09523809523809,5.5,5.75,6.5,6.48214285714286,21,13,4,6,28,1312,765,547,201,447,865,6.65637835365854,7.07549019607843,6.07023473491773,6.28059701492537,6.69194272930649,6.638,63
"63",2013,1,7.08076923076923,26,7.41764705882353,6.44444444444444,7,6.88888888888889,7.18235294117647,17,9,4,9,17,1338,782,556,205,456,882,6.66462511210762,7.0829283887468,6.07629208633093,6.29463414634146,6.6958298245614,6.64849206349206,64
"64",2013,2,6.56,20,6.5,6.63333333333333,6,6.1,6.71333333333333,11,9,5,5,15,1358,793,565,210,461,897,6.66308424153167,7.07484237074401,6.08516530973451,6.28761904761905,6.68936746203904,6.64957636566332,65
"65",2013,3,6.52380952380952,21,7.13636363636364,5.85,5.91666666666667,6.35714285714286,6.60714285714286,11,10,6,7,14,1379,804,575,216,468,911,6.66096330674402,7.07568407960199,6.08107547826087,6.27731481481481,6.68439829059829,6.64892425905598,66
"66",2013,4,6.47857142857143,14,6.375,6.61666666666667,6.175,6.1,6.68888888888889,8,6,4,5,9,1393,812,581,220,473,920,6.65913022254128,7.06878078817734,6.0866065404475,6.27545454545455,6.67822071881607,6.6493152173913,67
"67",2013,5,6.615,14,6.66666666666667,6.57625,6.5,6.5,6.63416666666667,6,8,4,2,12,1407,818,589,224,475,932,6.65869111584933,7.06583129584352,6.09325704584041,6.27946428571429,6.67747031578947,6.64912017167382,68
"68",2013,6,7.04615384615385,13,7.25833333333333,4.5,7,7.4,6.825,12,1,1,5,8,1420,830,590,225,480,940,6.66223830985916,7.06861445783133,6.09055661016949,6.28266666666667,6.68499666666666,6.65061702127659,69
"69",2013,7,6.79133333333333,30,7.10277777777778,6.32416666666667,6.4,7.22222222222222,6.60666666666667,18,12,5,9,21,1450,848,602,230,489,961,6.66490924137931,7.06933962264151,6.09521328903654,6.28521739130435,6.69488425357873,6.64965660770031,70
"70",2013,8,6.91363636363636,22,7.07857142857143,6.625,7,7,6.86428571428571,14,8,3,8,14,1472,862,610,233,497,975,6.66862663043478,7.06948955916473,6.10216131147541,6.29442060085837,6.69979557344064,6.65273846153846,71
"71",2013,9,6.68148148148148,27,6.69230769230769,6.67142857142857,6.45,6.3,6.84210526315789,13,14,10,8,19,1499,875,624,243,505,994,6.66885817211474,7.06388571428571,6.11493333333333,6.30082304526749,6.69346217821782,6.65635814889336,72
"72",2013,10,6.82083333333333,24,7.38,5.88888888888889,6.66666666666667,6.58333333333333,6.9,15,9,3,6,18,1523,890,633,246,511,1012,6.67125305318451,7.06921348314607,6.11171943127962,6.30528455284553,6.69216908023483,6.66069169960474,73
"73",2013,11,6.64861111111111,36,7.01086956521739,6.00769230769231,5.6,6.25,6.80192307692308,23,13,5,10,26,1559,913,646,251,521,1038,6.67073021167415,7.06774370208105,6.10962600619195,6.29123505976096,6.68368214971209,6.66422928709056,74
"74",2013,12,6.98571428571429,28,7.55238095238095,5.28571428571429,7,7.09,6.92777777777778,21,7,2,10,18,1587,934,653,253,531,1056,6.67628758664146,7.07864025695932,6.10079387442573,6.29683794466403,6.691334086629,6.66872159090909,75
"75",2014,1,7.03846153846154,26,7.3,6.16666666666667,6.5,6.88333333333333,7.085,20,6,2,6,20,1613,954,659,255,537,1076,6.68212548047117,7.08328092243187,6.10139362670713,6.29843137254902,6.69347932960894,6.67645910780669,76
"76",2014,2,6.6,21,6.75714285714286,6.28571428571429,6,7.06,6.45625,14,7,4,5,16,1634,968,666,259,542,1092,6.68107001223991,7.07856404958678,6.10333093093093,6.29382239382239,6.69686051660517,6.6732326007326,77
"77",2014,3,6.771875,32,6.98333333333333,6.5,6.41666666666667,6.4375,6.88333333333333,18,14,6,8,24,1666,986,680,265,550,1116,6.68281416566627,7.07682555780933,6.11149764705882,6.29660377358491,6.693088,6.67775089605735,78
"78",2014,4,6.76481481481482,27,6.81428571428571,6.71153846153846,6.75,6.63333333333333,6.78125,14,13,6,3,24,1693,1000,693,271,553,1140,6.68412191376255,7.07315,6.12275382395382,6.30664206642066,6.69276383363472,6.6799298245614,79
"79",2014,5,6.58153846153846,13,7,6.22285714285714,5.5,7,6.50545454545455,6,7,2,2,11,1706,1006,700,273,555,1151,6.68334021101993,7.07271371769384,6.12375485714286,6.3007326007326,6.69387099099099,6.67826238053866,80
"80",2014,6,6.503,10,6.706,6.3,6.5,6.5,6.50428571428571,5,5,3,3,7,1716,1011,705,276,558,1158,6.68228927738928,7.07090009891197,6.12500482269503,6.30289855072464,6.69282867383513,6.67721070811744,81
"81",2014,7,7.078125,16,6.975,7.25,6.5,7.3,6.97727272727273,10,6,2,5,11,1732,1021,711,278,563,1169,6.68594595842956,7.06996082272282,6.13449845288326,6.30431654676259,6.69822095914742,6.68003421727973,82
"82",2014,8,6.5125,16,6.5875,6.4375,7.5,7.83333333333333,6.20769230769231,8,8,2,3,13,1748,1029,719,280,566,1182,6.68435835240275,7.06620991253644,6.13786981919332,6.31285714285714,6.70423745583039,6.67483925549915,83
"83",2014,9,6.7375,16,7.07272727272727,6,6,6.81111111111111,6.64285714285714,11,5,1,9,7,1764,1040,724,281,575,1189,6.68484036281179,7.06627884615385,6.13691767955801,6.31174377224199,6.70591026086957,6.67465096719933,84
"84",2014,10,6.16875,16,6.65,5.36666666666667,6.35,6.07777777777778,6.28571428571429,10,6,2,9,7,1780,1050,730,283,584,1196,6.68020134831461,7.06231428571429,6.13058684931507,6.31201413427562,6.6962301369863,6.6723745819398,85
"85",2014,11,6.21961538461538,26,5.875,6.37277777777778,6.75,6.66222222222222,5.98529411764706,8,18,6,9,17,1806,1058,748,289,593,1213,6.67357054263566,7.05333648393195,6.13641497326203,6.32110726643599,6.69571399662732,6.66274525968673,86
"86",2014,12,6.70666666666667,15,6.72222222222222,6.68333333333333,6.66666666666667,6.55,7.33333333333333,9,6,3,12,3,1821,1067,754,292,605,1216,6.6738431630972,7.05054358013121,6.14076710875331,6.32465753424658,6.69282380165289,6.66439967105263,87
"87",2015,1,7.09285714285714,28,7.42777777777778,6.49,6.48333333333333,7.27857142857143,6.90714285714286,18,10,6,14,14,1849,1085,764,298,619,1230,6.68018842617631,7.05680184331797,6.14533821989529,6.32785234899329,6.70607172859451,6.66716260162602,88
"88",2015,2,6.87368421052632,19,7.35,6.34444444444444,5.5,6.6875,7.00909090909091,10,9,2,8,11,1868,1095,773,300,627,1241,6.68215653104925,7.0594794520548,6.14765640362225,6.32233333333333,6.70583476874003,6.67019339242546,89
"89",2015,3,6.695,20,7.28181818181818,5.97777777777778,5.85714285714286,5.25,7.05625,11,9,7,4,16,1888,1106,782,307,631,1257,6.68229258474577,7.06169077757686,6.14570127877238,6.31172638436482,6.696606022187,6.67510739856802,90
"90",2015,4,6.5437037037037,27,6.84615384615385,6.26285714285714,7,6.41666666666667,6.64533333333333,13,14,6,12,15,1915,1119,796,313,643,1272,6.68033859007833,7.05918677390527,6.14776180904523,6.32492012779553,6.69138164852255,6.67475628930818,91
"91",2015,5,6.9425,20,7.42222222222222,6.55,6.43571428571429,6.4125,7.29583333333333,9,11,7,8,12,1935,1128,807,320,651,1284,6.68304826873385,7.06208333333334,6.15324460966543,6.32734375,6.68795453149002,6.68056074766355,92
"92",2015,6,6.74,25,6.77647058823529,6.6625,6.26,6.325,6.93529411764706,17,8,5,8,17,1960,1145,815,325,659,1301,6.68377469387755,7.05784279475983,6.15824343558282,6.32630769230769,6.68354840667678,6.68388931591084,93
"93",2015,7,7.26551724137931,29,7.485,6.77777777777778,6.8,7.62222222222222,7.105,20,9,5,9,20,1989,1165,824,330,668,1321,6.6922566113625,7.06517596566524,6.16501019417476,6.33348484848485,6.69619520958084,6.69026495079485,94
"94",2015,8,6.55,32,6.90588235294118,6.14666666666667,6.64285714285714,6.66666666666667,6.53793103448276,17,15,7,3,29,2021,1182,839,337,671,1350,6.69000415635824,7.06288494077834,6.16468224076281,6.33991097922849,6.69606318926975,6.68699259259259,95
"95",2015,9,6.77741935483871,31,7.015,6.34545454545455,7.11428571428571,6.79285714285714,6.76470588235294,20,11,7,14,17,2052,1202,850,344,685,1367,6.69132475633529,7.06208818635607,6.16702164705882,6.35566860465116,6.69804145985402,6.68795903438186,96
"96",2015,10,6.47652173913044,23,6.61230769230769,6.3,6.91666666666667,6.35166666666667,6.52058823529412,13,10,6,6,17,2075,1215,860,350,691,1384,6.68894380722892,7.05727572016461,6.16856790697674,6.36528571428572,6.69503386396527,6.68590317919075,97
"97",2015,11,6.75260869565217,23,6.934,6.4125,7,7,6.7155,15,8,3,3,20,2098,1230,868,353,694,1404,6.68964175405148,7.05577235772358,6.17081612903226,6.37067988668555,6.69635216138329,6.68632478632479,98
"98",2015,12,7.16666666666667,21,7.23333333333333,7,7,7.21428571428571,7.14285714285714,15,6,3,7,14,2119,1245,874,356,701,1418,6.69436923076923,7.05791164658635,6.17650846681922,6.37598314606742,6.70152410841655,6.69083215796897,99
"99",2016,1,6.546875,32,7.11538461538461,6.15789473684211,6.27777777777778,7.16666666666667,6.40384615384615,13,19,9,6,26,2151,1258,893,365,707,1444,6.6921749883775,7.05850556438792,6.1761124300112,6.37356164383562,6.70547157001415,6.6856648199446,100
"100",2016,2,6.7375,20,6.58928571428571,7.08333333333333,7,7,6.69117647058824,14,6,2,3,17,2171,1272,899,367,710,1461,6.69259253800092,7.05334119496855,6.18216729699666,6.37697547683924,6.70671605633803,6.68572895277207,101
"101",2016,3,6.77083333333333,24,6.81578947368421,6.6,7,7.6,6.55263157894737,19,5,3,5,19,2195,1291,904,370,715,1480,6.69344801822324,7.0498450813323,6.18447831858407,6.38202702702703,6.7129627972028,6.68402027027027,102
"102",2016,4,6.59103448275862,29,7.3,6.2178947368421,6.15333333333333,6.58333333333333,6.59304347826087,10,19,12,6,23,2224,1301,923,382,721,1503,6.69211258992806,7.05176787086856,6.1851661971831,6.37484293193717,6.71188404993065,6.68262807717897,103
"103",2016,5,6.5,21,6.875,6.26923076923077,6.33333333333333,5.75,6.8,8,13,9,6,15,2245,1309,936,391,727,1518,6.69031554565702,7.05068754774637,6.18633376068376,6.37388746803069,6.70394552957359,6.68378787878788,104
"104",2016,6,6.57083333333333,24,6.63571428571429,6.48,6.33333333333333,6.325,6.62,14,10,3,4,20,2269,1323,946,394,731,1538,6.68905174085501,7.0462962962963,6.18943805496829,6.37357868020305,6.70187195622435,6.68295838751625,105
"105",2016,7,7.07608695652174,23,7.44230769230769,6.6,6.83333333333333,7.25,7,13,10,6,7,16,2292,1336,956,400,738,1554,6.69293560209424,7.0501497005988,6.19373263598326,6.380475,6.70707100271003,6.68622265122265,106
"106",2016,8,6.97894736842105,19,7.1375,6.86363636363636,6.6,6.8,7.04285714285714,8,11,5,5,14,2311,1344,967,405,743,1568,6.69528706187798,7.05066964285714,6.20135305067218,6.38318518518519,6.70769636608345,6.6894068877551,107
"107",2016,9,6.30833333333333,24,6.625,5.99166666666667,6.65,6.28571428571429,6.31764705882353,12,12,4,7,17,2335,1356,979,409,750,1585,6.69130980728052,7.04690265486726,6.19878283963228,6.3857946210269,6.70375786666667,6.68541955835962,108
"108",2016,10,6.4375,16,7,6,4.66666666666667,6,6.5,7,9,3,2,14,2351,1363,988,412,752,1599,6.68958247554233,7.04666177549523,6.19697206477733,6.37327669902913,6.70188617021277,6.68379612257661,109
"109",2016,11,6.94545454545455,22,7,6.88,6.46,7,6.92941176470588,12,10,5,5,17,2373,1375,998,417,757,1616,6.69195465655289,7.04625454545455,6.20381603206413,6.37431654676259,6.70385521796566,6.68637995049505,110
"110",2016,12,6.45238095238095,21,7.04166666666667,5.66666666666667,6,5,6.79411764705882,12,9,3,4,17,2394,1387,1007,420,761,1633,6.68985313283208,7.04621485219899,6.19901529294935,6.37164285714286,6.69489934296978,6.68750153092468,111
"111",2017,1,6.5425,24,6.96538461538462,6.04272727272727,6.094,6.894,6.45,13,11,5,5,19,2418,1400,1018,425,766,1652,6.68839057071961,7.04546428571429,6.19732652259332,6.36837647058824,6.69619895561358,6.68476997578692,112
"112",2017,2,6.74352941176471,17,7.145,5.78,5,6.25,6.89538461538462,12,5,1,4,13,2435,1412,1023,426,770,1665,6.68877552361397,7.04631019830028,6.19528680351906,6.36516431924883,6.69388103896104,6.68641441441441,113
"113",2017,3,6.05714285714286,14,6.42857142857143,5.68571428571429,3.25,NA,6.05714285714286,7,7,2,0,14,2449,1419,1030,428,770,1679,6.685164720294,7.04326286116984,6.19182368932039,6.35060747663552,6.69388103896104,6.68116736152471,114
"114",2017,4,6.53333333333333,15,7,5.6,4.5,6.25,6.57692307692308,10,5,2,2,13,2464,1429,1035,430,772,1692,6.68424042207792,7.04296011196641,6.18896463768116,6.342,6.6927310880829,6.68036643026004,115
"115",2017,5,5.87,10,6.34,5.4,NA,5,6.0875,5,5,0,2,8,2474,1434,1040,430,774,1700,6.68094923201294,7.04050906555091,6.18517153846154,6.342,6.68835710594315,6.67757647058823,116
"116",2017,6,7.19444444444444,9,7.45833333333333,6.66666666666667,7,NA,7.19444444444444,6,3,1,0,9,2483,1440,1043,431,774,1709,6.68281047120419,7.04225,6.1865564717162,6.34352668213457,6.68835710594315,6.68029842012873,117
"117",2017,7,6.96521739130435,23,7.2,6.525,6.625,6.82,7.00555555555556,15,8,4,5,18,2506,1455,1051,435,779,1727,6.68540239425379,7.04387628865979,6.18913263558516,6.34611494252874,6.68920205391528,6.68368847712797,118
"118",2017,8,6.52380952380952,21,6.85,6.22727272727273,5.375,5.5,6.69444444444444,10,11,4,3,18,2527,1465,1062,439,782,1745,6.68405951721409,7.04255290102389,6.18952768361582,6.33726651480638,6.68463989769821,6.68379942693409,119
"119",2017,9,6.7,15,6.72727272727273,6.625,6.66666666666667,6.5,6.77272727272727,11,4,3,4,11,2542,1476,1066,442,786,1756,6.68415357985838,7.04020325203252,6.1911617260788,6.33950226244344,6.68370025445293,6.68435649202733,120
"120",2017,10,7.13333333333333,15,7.25,6.66666666666667,6,6.66666666666667,7.25,12,3,1,3,12,2557,1488,1069,443,789,1768,6.68678858036762,7.04189516129032,6.19249616463985,6.33873589164786,6.68363548795944,6.68819570135746,121
"121",2017,11,6.88461538461539,13,6.94444444444444,6.75,6,8.5,6.59090909090909,9,4,1,2,11,2570,1497,1073,444,791,1779,6.68778926070039,7.04130928523714,6.19457446411929,6.33797297297297,6.68822806573957,6.68759415401911,122
"122",2017,12,6.76666666666667,18,7.22222222222222,6.31111111111111,6.5,6,6.81176470588235,9,9,2,1,17,2588,1506,1082,446,792,1796,6.68833786707883,7.04239043824701,6.1955438077634,6.33869955156951,6.68735909090909,6.68876948775055,123
"123",2018,1,6.60384615384615,26,7.09444444444444,5.5,6,6,6.65416666666667,18,8,2,2,24,2614,1524,1090,448,794,1820,6.6874974751339,7.04300524934383,6.19043889908257,6.3371875,6.68562770780857,6.68831318681318,124
"124",2018,2,6.82307692307692,13,7.125,6.68888888888889,5.75,7.33333333333333,6.67,4,9,2,3,10,2627,1528,1099,450,797,1830,6.68816840502475,7.04321989528796,6.19452083712466,6.33457777777778,6.68806574654956,6.6882131147541,125
"125",2018,3,6.81190476190476,21,6.90909090909091,6.705,6.33333333333333,6.86,6.796875,11,10,3,5,16,2648,1539,1109,453,802,1846,6.6891496978852,7.042261208577,6.19912389540126,6.33456953642384,6.68913765586035,6.68915492957746,126
"126",2018,4,7.21428571428571,7,7,7.5,6.75,6.83333333333333,7.5,4,3,2,3,4,2655,1543,1112,455,805,1850,6.69053423728814,7.04215165262476,6.20263345323741,6.33639560439561,6.6896750310559,6.69090810810811,127
"127",2018,5,6.17692307692308,13,6.75,5.68571428571429,4.33333333333333,7,5.6625,6,7,3,5,8,2668,1549,1119,458,810,1858,6.68803163418291,7.04102001291156,6.19939982126899,6.32327510917031,6.69159061728395,6.6864800861141,128
"128",2018,6,6.67083333333333,12,6.63125,6.75,7,7.275,6.55,8,4,1,2,10,2680,1557,1123,459,812,1868,6.68795462686567,7.0389145793192,6.20136099732858,6.32474945533769,6.6930275862069,6.68574946466809,129
"129",2018,7,6.6,10,6.91666666666667,6.125,6,6.5,6.625,6,4,1,2,8,2690,1563,1127,460,814,1876,6.68762765799257,7.0384452975048,6.20108997338066,6.32404347826087,6.69255331695332,6.68549040511727,130
"130",2018,8,6.71666666666667,12,6.71428571428571,6.72,6.72,6,6.78181818181818,7,5,5,1,11,2702,1570,1132,465,815,1887,6.68775662472243,7.037,6.20338197879859,6.32830107526882,6.69170355828221,6.68605193428723,131
"131",2018,9,6.31363636363636,11,6.625,6.13571428571429,7.225,5,6.445,4,7,2,1,10,2713,1574,1139,467,816,1897,6.68623973461113,7.03595298602287,6.20296611062335,6.33214132762313,6.68963039215687,6.68478123352662,132
"132",2018,10,6.18846153846154,13,6.75,5.70714285714286,6.33333333333333,6,6.20416666666667,6,7,3,1,12,2726,1580,1146,470,817,1909,6.68386588407924,7.0348670886076,6.19993752181501,6.33214893617021,6.68878629130967,6.68176008381351,133
"133",2018,11,6.42857142857143,14,6.83333333333333,6.125,5.5,6.75,6.375,6,8,2,2,12,2740,1586,1154,472,819,1921,6.68256145985402,7.03410466582598,6.19941802426343,6.32862288135593,6.68893577533578,6.67984383133784,134
"134",2018,12,6.72222222222222,9,7.7,5.5,3,5.5,7.07142857142857,5,4,1,2,7,2749,1591,1158,473,821,1928,6.68269130592943,7.03619736015085,6.19700207253886,6.32158562367865,6.68603946406821,6.68126556016597,135
"135",2019,1,6.40761857142857,7,6.64222166666667,5,5,8,6.14222166666667,6,1,1,1,6,2756,1597,1159,474,822,1934,6.68199264513788,7.03471717595492,6.1959692838654,6.31879746835443,6.68763795620438,6.67959324198552,136
"136",2019,2,6.38888888888889,9,6.7,6,6,6,7.16666666666667,5,4,1,6,3,2765,1602,1163,475,828,1937,6.68103860036167,7.0336724906367,6.19529527085125,6.31812631578947,6.68265507246377,6.68034761486835,137
"137",2019,3,5.16666666666667,6,6.66666666666667,3.66666666666667,6,NA,5.16666666666667,3,3,1,0,6,2771,1605,1166,476,828,1943,6.67775955611693,7.03298649844237,6.18878936535163,6.31745798319328,6.68265507246377,6.67567335563561,138
"138",2019,4,6.83333333333333,6,6.375,7.75,8.5,NA,6.83333333333333,4,2,1,0,6,2777,1609,1168,477,828,1949,6.67809568959309,7.03135073337477,6.19146267123288,6.32203354297694,6.68265507246377,6.67615871216008,139
"139",2019,5,6.34285714285714,7,6.33333333333333,6.35,7.2,8.4,6,3,4,2,1,6,2784,1612,1172,479,829,1955,6.67725277658046,7.03005169354839,6.19200375426621,6.3256993736952,6.68472665862485,6.67408354475703,140
"140",2019,6,6.5,8,6.8,6,NA,6.5,6.5,5,3,0,2,6,2792,1617,1175,479,831,1961,6.67674488896848,7.02934034013605,6.19151353191489,6.3256993736952,6.68428206979543,6.67355090770015,141
"141",2019,7,6.45875,16,6.57,6.125,7,7.25,5.984,12,4,1,6,10,2808,1629,1179,480,837,1971,6.67550275284901,7.02595661755678,6.19128787107718,6.32710416666667,6.68833739545998,6.67005242516489,142
"142",2019,8,6.1,11,6.22857142857143,5.875,5.66666666666667,5.65,6.35714285714286,7,4,3,4,7,2819,1636,1183,483,841,1978,6.67325708761973,7.02254482273839,6.19021842772612,6.32300207039338,6.68339881093936,6.66894506066734,143
"143",2019,9,5.85,10,5.6,6.1,6.33333333333333,5.2,6.5,5,5,3,5,5,2829,1641,1188,486,846,1983,6.67034702368328,7.01821043875686,6.18983872053872,6.3230658436214,6.674631678487,6.66851907715582,144
"144",2019,10,6.3625,16,7.225,5.5,6,6,6.44615384615385,8,8,2,3,13,2845,1649,1196,488,849,1996,6.66861572231986,7.01921366282595,6.18522441471572,6.32174180327869,6.67224782096584,6.66707080661322,145
"145",2019,11,7.07142857142857,7,7.5,6,NA,7,7.08333333333333,5,2,0,1,6,2852,1654,1198,488,850,2002,6.66960439340814,7.02066706771463,6.18491519198665,6.32174180327869,6.67263341176471,6.66831834665335,146
"146",2019,12,7.35714285714286,7,8.125,6.33333333333333,6,NA,7.35714285714286,4,3,1,0,7,2859,1658,1201,489,850,2009,6.67128776845051,7.02333132086852,6.18528592839301,6.32108384458078,6.67263341176471,6.67071843205575,147
"147",2020,1,6.92307692307692,13,6.98571428571429,6.85,6.8,7,6.91666666666667,7,6,5,1,12,2872,1665,1207,494,851,2021,6.67242748259053,7.02317317117117,6.18859022369511,6.32593117408907,6.67301809635723,6.67217878772885,148
"148",2020,2,6.55,22,7.43636363636364,5.66363636363636,4.75,6,6.75625,11,11,4,6,16,2894,1676,1218,498,857,2037,6.67149679682101,7.02588504176611,6.18384926108375,6.31327309236948,6.66830618436406,6.67283914089347,149
"149",2020,3,6.7,11,6.94,6.5,6,6.5,6.74444444444444,5,6,1,2,9,2905,1681,1224,499,859,2046,6.67160472633391,7.0256295835812,6.18539901960784,6.31264529058116,6.66791431897555,6.6731541202346,150
"150",2020,4,7.025,8,7.2,6.5,7,6.83333333333333,7.14,6,2,1,3,5,2913,1687,1226,500,862,2051,6.67257525918297,7.02624975103734,6.18591223491028,6.31402,6.66849002320186,6.67429221355436,151
"151",2020,5,6.89285714285714,7,7.3125,6.33333333333333,7.25,6.625,7,4,3,1,2,5,2920,1691,1229,501,864,2056,6.67310333219178,7.02692686575991,6.186272091131,6.31588822355289,6.66838935185185,6.67508430447471,152
"152",2020,6,6.78571428571429,7,6.9,6.5,NA,8,6.58333333333333,5,2,0,1,6,2927,1696,1231,501,865,2062,6.67337264434575,7.02655267099057,6.18678180341186,6.31588822355289,6.66992878612717,6.67481732783705,153
"153",2020,7,6.17142857142857,7,6.83333333333333,5.675,5.7,NA,6.17142857142857,3,4,1,0,7,2934,1699,1235,502,865,2069,6.67217509543286,7.02621149499706,6.18512421052632,6.31466135458167,6.66992878612717,6.67311422426293,154
"154",2020,8,6.07142857142857,7,6.5,5.75,4.5,6,6.1,3,4,2,2,5,2941,1702,1239,504,867,2074,6.67074523291398,7.02528397767333,6.1837194511703,6.30746031746032,6.66838339100346,6.67173256027001,155
"155",2020,9,7.421,10,7.52333333333333,6.5,6.5,7,7.46777777777778,9,1,1,1,9,2951,1711,1240,505,868,2083,6.67328760759065,7.02790375803624,6.18397451612903,6.30784158415842,6.66876543778802,6.67517202592415,156
"156",2020,10,7.01538461538462,13,6.81428571428571,7.25,NA,7.5,6.92727272727273,7,6,0,2,11,2964,1718,1246,505,870,2094,6.67478803306343,7.0270333701979,6.18910786516854,6.30784158415842,6.67067632183908,6.67649633715377,157
"157",2020,11,6.69888888888889,9,6.88333333333333,6.33,6,6.5,6.75571428571429,6,3,1,2,7,2973,1724,1249,506,872,2101,6.67486099226371,7.02653325406032,6.18944627702162,6.30723320158103,6.67028486238532,6.67676027129938,158
"158",2020,12,5.08571428571429,7,5.65,4.33333333333333,4,NA,5.08571428571429,4,3,1,0,7,2980,1728,1252,507,872,2108,6.67112809731544,7.02334683449074,6.18499872204473,6.30268244575937,6.67028486238532,6.67147691176471,159
"159",2021,1,6.15,10,6.7,5.6,6,6.5,6.11111111111111,5,5,1,1,9,2990,1733,1257,508,873,2117,6.66938519397994,7.02241392383151,6.18267175815434,6.30208661417323,6.67008980526919,6.66909462919225,160
"160",2021,2,6.95936842105263,19,7.541,6.53636363636364,6.66666666666667,7.207,6.89333333333333,8,11,3,4,15,3009,1741,1268,511,877,2132,6.67121626121635,7.02479685812751,6.18574006309148,6.30422700587084,6.67253865450399,6.67067229362101,161
"161",2021,3,6.90625,8,6.89285714285714,7,NA,8,6.54166666666667,7,1,0,2,6,3017,1748,1269,511,879,2138,6.67183948624462,7.02426849542334,6.1863817178881,6.30422700587084,6.6755590443686,6.67031025724977,162
"162",2021,4,7.3125,8,7.42857142857143,6.5,NA,7,7.41666666666667,7,1,0,2,6,3025,1755,1270,511,881,2144,6.67353379504132,7.0258810997151,6.18662866141733,6.30422700587084,6.67629557321226,6.67239894123134,163
"163",2021,5,6,4,6,6,NA,5,6.33333333333333,2,2,0,1,3,3029,1757,1272,511,882,2147,6.67264434796963,7.02471333523051,6.18633522012579,6.30422700587084,6.67439501133787,6.671925165347,164
"164",2021,6,6.2,4,6.6,5,NA,NA,6.2,3,1,0,0,4,3033,1760,1273,511,882,2151,6.67202101219914,7.02398939204545,6.18540329929301,6.30422700587084,6.67439501133787,6.67104757322176,165
"165",2021,7,6.45,10,6.58333333333333,6.25,NA,5,6.61111111111111,6,4,0,1,9,3043,1766,1277,511,883,2160,6.67129139993428,7.02249225934315,6.18560563821457,6.30422700587084,6.67249875424689,6.67079783796296,166
"166",2021,8,6.66857142857143,14,6.78444444444444,6.46,6.325,6.8125,6.611,9,5,4,4,10,3057,1775,1282,515,887,2170,6.67127894340857,7.02128525633803,6.18667581903276,6.30438834951456,6.67313010146562,6.6705222718894,167
"167",2021,9,6.78,5,7.1,5.5,5.5,7.5,6.6,4,1,1,1,4,3062,1779,1283,516,888,2174,6.67145647615938,7.02146224283305,6.18614060795012,6.30282945736434,6.67406126126126,6.67039251609935,168
"168",2021,10,7,8,6.25,7.75,6.33333333333333,6,7.14285714285714,4,4,3,1,7,3070,1783,1287,519,889,2181,6.67231261563518,7.01973153673584,6.19100108780109,6.30300578034682,6.67330303712036,6.67190890875745,169
"169",2021,11,6.33333333333333,12,6.2,7,NA,6.5,6.27777777777778,10,2,0,3,9,3082,1793,1289,519,892,2190,6.67099277417262,7.01515969325153,6.1922563227308,6.30300578034682,6.6727201793722,6.67028919178082,170
"170",2021,12,6.52631578947368,19,6.92307692307692,5.66666666666667,NA,6.7,6.49375,13,6,0,3,16,3101,1806,1295,519,895,2206,6.67010633021606,7.01449686046511,6.18982115830116,6.30300578034682,6.67281162011173,6.669008762466,171
"171",2022,1,7.18181818181818,11,7.8,6.66666666666667,NA,9,6.77777777777778,5,6,0,2,9,3112,1811,1301,519,897,2215,6.67191508033419,7.01666556046383,6.19202029208302,6.30300578034682,6.67800044593088,6.66945071331828,172
"172",2022,2,7.13636363636364,11,7.35714285714286,6.75,6.5,8,6.94444444444444,7,4,2,2,9,3123,1818,1305,521,899,2224,6.67355098623119,7.01797652915291,6.19373057471265,6.30376199616123,6.68094149054505,6.67056354766187,173
"173",2022,3,6.5,11,7.08333333333333,5.8,5,4.66666666666667,7.1875,6,5,1,3,8,3134,1824,1310,522,902,2232,6.67294184109764,7.01819151864035,6.19222778625954,6.30126436781609,6.67424212860311,6.67241636648745,174
"174",2022,4,5,6,5.66666666666667,4.33333333333333,6,5,5,3,3,1,1,5,3140,1827,1313,523,903,2237,6.66974513694268,7.01597226600985,6.18798050266565,6.30068833652008,6.67238803986711,6.66867828788556,175
"175",2022,5,7.2,10,7.375,6.5,NA,8,7,8,2,0,2,8,3150,1835,1315,523,905,2245,6.67142848571429,7.01753750953678,6.18845505703422,6.30068833652008,6.67532198895028,6.66985894432071,176
"176",2022,6,6.25,10,7.41666666666667,4.5,5,5.66666666666667,6.5,6,4,3,3,7,3160,1841,1319,526,908,2252,6.67009485126582,7.0188383107007,6.1833346474602,6.29326996197719,6.67198942731278,6.66933096358792,177
"177",2022,7,7.17855555555556,9,6.91666666666667,7.70233333333333,NA,NA,7.17855555555556,6,3,0,0,9,3169,1847,1322,526,908,2261,6.67153888608394,7.01850640498105,6.18678169440242,6.29326996197719,6.67198942731278,6.67135795223352,178
"178",2022,8,6,7,7,5.25,NA,6,6,3,4,0,1,6,3176,1850,1326,526,909,2267,6.67005879408061,7.01847639459459,6.18395580693816,6.29326996197719,6.67125016501651,6.66958108954565,179
