"","year","month","avg_rating","no_ratings","avg_rating_owned","avg_rating_not_owned","avg_rating_prev_owned","avg_rating_comment","avg_rating_no_comment","no_ratings_owned","no_ratings_not_owned","no_ratings_prev_owned","no_ratings_comment","no_ratings_no_comment","cum_no_ratings","cum_no_ratings_owned","cum_no_ratings_not_owned","cum_no_ratings_prev_owned","cum_no_ratings_comment","cum_no_ratings_no_comment","cum_avg_rating","cum_avg_rating_owned","cum_avg_rating_not_owned","cum_avg_rating_prev_owned","cum_avg_rating_comment","cum_avg_rating_no_comment","month_after_release"
"1",2001,6,6.75,4,6.5,7,NA,NA,6.75,2,2,0,0,4,4,2,2,0,0,4,6.75,6.5,7,NA,NA,6.75,0
"2",2001,7,6,1,NA,6,NA,NA,6,0,1,0,0,1,5,2,3,0,0,5,6.6,6.5,6.66666666666667,NA,NA,6.6,1
"3",2001,8,7.66666666666667,3,8,7,7,NA,7.66666666666667,2,1,1,0,3,8,4,4,1,0,8,7,7.25,6.75,7,NA,7,2
"4",2001,9,6.5,2,6.5,NA,NA,NA,6.5,2,0,0,0,2,10,6,4,1,0,10,6.9,7,6.75,7,NA,6.9,3
"5",2001,10,6,1,6,NA,NA,NA,6,1,0,0,0,1,11,7,4,1,0,11,6.81818181818182,6.85714285714286,6.75,7,NA,6.81818181818182,4
"6",2001,11,7.5,4,8.33333333333333,5,5,9,7,3,1,1,1,3,15,10,5,2,1,14,7,7.3,6.4,6,9,6.85714285714286,5
"7",2001,12,7,1,7,NA,NA,NA,7,1,0,0,0,1,16,11,5,2,1,15,7,7.27272727272727,6.4,6,9,6.86666666666667,6
"8",2002,1,6,2,6,6,6,NA,6,1,1,1,0,2,18,12,6,3,1,17,6.88888888888889,7.16666666666667,6.33333333333333,6,9,6.76470588235294,7
"9",2002,2,5,2,5,NA,NA,4,6,2,0,0,1,1,20,14,6,3,2,18,6.7,6.85714285714286,6.33333333333333,6,6.5,6.72222222222222,8
"10",2002,3,7,1,7,NA,NA,NA,7,1,0,0,0,1,21,15,6,3,2,19,6.71428571428571,6.86666666666667,6.33333333333333,6,6.5,6.73684210526316,9
"11",2002,4,7.25,4,7.25,NA,NA,7.33333333333333,7,4,0,0,3,1,25,19,6,3,5,20,6.8,6.94736842105263,6.33333333333333,6,7,6.75,10
"12",2002,5,7,1,7,NA,NA,NA,7,1,0,0,0,1,26,20,6,3,5,21,6.80769230769231,6.95,6.33333333333333,6,7,6.76190476190476,11
"13",2002,7,6.75,4,7,6.66666666666667,NA,NA,6.75,1,3,0,0,4,30,21,9,3,5,25,6.8,6.95238095238095,6.44444444444444,6,7,6.76,13
"14",2002,8,7.5,2,7.5,NA,NA,7,8,2,0,0,1,1,32,23,9,3,6,26,6.84375,7,6.44444444444444,6,7,6.80769230769231,14
"15",2002,9,6.375,4,5.5,7.25,NA,5,6.83333333333333,2,2,0,1,3,36,25,11,3,7,29,6.79166666666667,6.88,6.59090909090909,6,6.71428571428571,6.81034482758621,15
"16",2002,10,6.75,4,6.75,NA,NA,6.5,7,4,0,0,2,2,40,29,11,3,9,31,6.7875,6.86206896551724,6.59090909090909,6,6.66666666666667,6.82258064516129,16
"17",2002,11,7,6,7.2,6,6,6.75,7.5,5,1,1,4,2,46,34,12,4,13,33,6.81521739130435,6.91176470588235,6.54166666666667,6,6.69230769230769,6.86363636363636,17
"18",2002,12,6.66666666666667,3,6.5,7,7,7,6.5,2,1,1,1,2,49,36,13,5,14,35,6.80612244897959,6.88888888888889,6.57692307692308,6.2,6.71428571428571,6.84285714285714,18
"19",2003,1,6.75,8,7,6.33333333333333,NA,6,6.85714285714286,5,3,0,1,7,57,41,16,5,15,42,6.79824561403509,6.90243902439024,6.53125,6.2,6.66666666666667,6.84523809523809,19
"20",2003,2,7,3,7,NA,NA,7,7,3,0,0,2,1,60,44,16,5,17,43,6.80833333333333,6.90909090909091,6.53125,6.2,6.70588235294118,6.84883720930233,20
"21",2003,3,6.75,4,7,6.5,6,6.66666666666667,7,2,2,1,3,1,64,46,18,6,20,44,6.8046875,6.91304347826087,6.52777777777778,6.16666666666667,6.7,6.85227272727273,21
"22",2003,4,6.8,5,7.25,5,NA,10,6,4,1,0,1,4,69,50,19,6,21,48,6.80434782608696,6.94,6.44736842105263,6.16666666666667,6.85714285714286,6.78125,22
"23",2003,5,6.58333333333333,6,7.375,5,NA,7.1,4,4,2,0,5,1,75,54,21,6,26,49,6.78666666666667,6.97222222222222,6.30952380952381,6.16666666666667,6.90384615384615,6.72448979591837,23
"24",2003,6,6.95,10,7.05555555555556,6,NA,7.375,6.66666666666667,9,1,0,4,6,85,63,22,6,30,55,6.80588235294118,6.98412698412698,6.29545454545455,6.16666666666667,6.96666666666667,6.71818181818182,24
"25",2003,7,7.23684210526316,19,7.03333333333333,8,NA,7.33333333333333,7.19230769230769,15,4,0,6,13,104,78,26,6,36,68,6.88461538461539,6.99358974358974,6.55769230769231,6.16666666666667,7.02777777777778,6.80882352941176,25
"26",2003,8,7,6,7.25,6.5,NA,NA,7,4,2,0,0,6,110,82,28,6,36,74,6.89090909090909,7.00609756097561,6.55357142857143,6.16666666666667,7.02777777777778,6.82432432432432,26
"27",2003,9,6.71428571428571,7,7,6.33333333333333,NA,6,7,4,3,0,2,5,117,86,31,6,38,79,6.88034188034188,7.00581395348837,6.53225806451613,6.16666666666667,6.97368421052632,6.83544303797468,27
"28",2003,10,6.81818181818182,11,6.55555555555556,8,7,6.5,7,9,2,1,4,7,128,95,33,7,42,86,6.875,6.96315789473684,6.62121212121212,6.28571428571429,6.92857142857143,6.84883720930233,28
"29",2003,11,5.28571428571429,7,6.5,4.8,NA,5,5.33333333333333,2,5,0,1,6,135,97,38,7,43,92,6.79259259259259,6.95360824742268,6.38157894736842,6.28571428571429,6.88372093023256,6.75,29
"30",2003,12,6.53846153846154,13,7.125,5.6,NA,8,6.27272727272727,8,5,0,2,11,148,105,43,7,45,103,6.77027027027027,6.96666666666667,6.2906976744186,6.28571428571429,6.93333333333333,6.69902912621359,30
"31",2004,1,6.58333333333333,12,6.77777777777778,6,NA,6.5,6.66666666666667,9,3,0,6,6,160,114,46,7,51,109,6.75625,6.95175438596491,6.27173913043478,6.28571428571429,6.88235294117647,6.69724770642202,31
"32",2004,2,7.45454545454545,11,7.45454545454545,NA,NA,8,7.33333333333333,11,0,0,2,9,171,125,46,7,53,118,6.80116959064327,6.996,6.27173913043478,6.28571428571429,6.92452830188679,6.74576271186441,32
"33",2004,3,7.23809523809524,21,7.42105263157895,5.5,NA,7.5,7.13333333333333,19,2,0,6,15,192,144,48,7,59,133,6.84895833333333,7.05208333333333,6.23958333333333,6.28571428571429,6.98305084745763,6.78947368421053,33
"34",2004,4,6.58333333333333,6,7.375,5,NA,6.5,7,4,2,0,5,1,198,148,50,7,64,134,6.84090909090909,7.06081081081081,6.19,6.28571428571429,6.9453125,6.7910447761194,34
"35",2004,5,7.08333333333333,12,7.2,6.5,NA,7.375,6.9375,10,2,0,4,8,210,158,52,7,68,142,6.8547619047619,7.06962025316456,6.20192307692308,6.28571428571429,6.97058823529412,6.79929577464789,35
"36",2004,6,7.14285714285714,7,7.33333333333333,6,NA,7.25,7,6,1,0,4,3,217,164,53,7,72,145,6.86405529953917,7.07926829268293,6.19811320754717,6.28571428571429,6.98611111111111,6.80344827586207,36
"37",2004,7,6.83333333333333,6,7.2,5,NA,NA,6.83333333333333,5,1,0,0,6,223,169,54,7,72,151,6.86322869955157,7.08284023668639,6.17592592592593,6.28571428571429,6.98611111111111,6.8046357615894,37
"38",2004,8,6.88888888888889,9,6.83333333333333,7,6,6,7.14285714285714,6,3,1,2,7,232,175,57,8,74,158,6.86422413793103,7.07428571428571,6.21929824561404,6.25,6.95945945945946,6.81962025316456,38
"39",2004,9,6.8,10,7,6,NA,6.66666666666667,7,8,2,0,6,4,242,183,59,8,80,162,6.86157024793388,7.07103825136612,6.21186440677966,6.25,6.9375,6.82407407407407,39
"40",2004,10,6.70833333333333,12,7.15,4.5,3,5.9,7.28571428571429,10,2,1,5,7,254,193,61,9,85,169,6.85433070866142,7.07512953367876,6.15573770491803,5.88888888888889,6.87647058823529,6.84319526627219,40
"41",2004,11,6.5625,8,7.08333333333333,5,NA,6.5,6.66666666666667,6,2,0,5,3,262,199,63,9,90,172,6.84541984732824,7.07537688442211,6.11904761904762,5.88888888888889,6.85555555555556,6.84011627906977,41
"42",2004,12,7,7,7.2,6.5,NA,7,7,5,2,0,5,2,269,204,65,9,95,174,6.84944237918216,7.07843137254902,6.13076923076923,5.88888888888889,6.86315789473684,6.84195402298851,42
"43",2005,1,7.16666666666667,12,7.375,6.75,NA,7.6,6.85714285714286,8,4,0,5,7,281,212,69,9,100,181,6.86298932384342,7.08962264150943,6.16666666666667,5.88888888888889,6.9,6.84254143646409,43
"44",2005,2,6.5,11,6.8125,5.66666666666667,NA,6.5,6.5,8,3,0,4,7,292,220,72,9,104,188,6.84931506849315,7.07954545454545,6.14583333333333,5.88888888888889,6.88461538461539,6.82978723404255,44
"45",2005,3,6.24166666666667,12,6.54444444444444,5.33333333333333,NA,6.35,6.1875,9,3,0,4,8,304,229,75,9,108,196,6.82532894736842,7.0585152838428,6.11333333333333,5.88888888888889,6.86481481481481,6.80357142857143,45
"46",2005,4,6.54166666666667,6,6.41666666666667,6.66666666666667,7,7.08333333333333,6,3,3,1,3,3,310,232,78,10,111,199,6.81983870967742,7.05021551724138,6.13461538461539,6,6.87072072072072,6.79145728643216,46
"47",2005,5,6.99375,16,7.29,6.5,8,6,7.44545454545455,10,6,1,5,11,326,242,84,11,116,210,6.82837423312883,7.06012396694215,6.16071428571429,6.18181818181818,6.83318965517241,6.82571428571429,47
"48",2005,6,6.85,10,7.0625,6,NA,7.21428571428571,6,8,2,0,7,3,336,250,86,11,123,213,6.82901785714286,7.0602,6.15697674418605,6.18181818181818,6.85487804878049,6.81408450704225,48
"49",2005,7,7,11,6.88888888888889,7.5,7.5,6.8,7.16666666666667,9,2,2,5,6,347,259,88,13,128,219,6.83443804034582,7.05424710424711,6.1875,6.38461538461539,6.852734375,6.82374429223744,49
"50",2005,8,6.1,13,6.39090909090909,4.5,NA,5.5,6.8,11,2,0,7,6,360,270,90,13,135,225,6.80791666666667,7.02722222222222,6.15,6.38461538461539,6.78259259259259,6.82311111111111,50
"51",2005,9,6.75,15,7.38636363636364,5,6,6.61111111111111,6.95833333333333,11,4,1,9,6,375,281,94,14,144,231,6.8056,7.04128113879004,6.10106382978723,6.35714285714286,6.771875,6.82662337662338,51
"52",2005,10,6.86111111111111,18,6.86111111111111,NA,NA,7,6.75,18,0,0,8,10,393,299,94,14,152,241,6.80814249363868,7.0304347826087,6.10106382978723,6.35714285714286,6.78388157894737,6.82344398340249,52
"53",2005,11,7.02631578947368,19,7.16666666666667,6.5,NA,6.1,7.35714285714286,15,4,0,5,14,412,314,98,14,157,255,6.81820388349515,7.03694267515924,6.11734693877551,6.35714285714286,6.76210191082803,6.85274509803922,53
"54",2005,12,6.42307692307692,13,7.14285714285714,5.58333333333333,5.83333333333333,6.5625,6.2,7,6,3,8,5,425,321,104,17,165,260,6.80611764705882,7.0392523364486,6.08653846153846,6.26470588235294,6.75242424242424,6.84019230769231,54
"55",2006,1,7.03333333333333,18,7.23846153846154,6.5,NA,7.075,7.02142857142857,13,5,0,4,14,443,334,109,17,169,274,6.81534988713318,7.04700598802395,6.10550458715596,6.26470588235294,6.76005917159763,6.84945255474453,55
"56",2006,2,6.625,12,6.9,5.25,5,7.125,6.375,10,2,1,4,8,455,344,111,18,173,282,6.81032967032967,7.04273255813954,6.09009009009009,6.19444444444444,6.76849710982659,6.83599290780142,56
"57",2006,3,7.18181818181818,11,7.2,7,NA,7,7.28571428571429,10,1,0,4,7,466,354,112,18,177,289,6.81909871244635,7.04717514124294,6.09821428571429,6.19444444444444,6.77372881355932,6.84688581314879,57
"58",2006,4,6.75,12,7,6.25,NA,7.33333333333333,6.16666666666667,8,4,0,6,6,478,362,116,18,183,295,6.8173640167364,7.04613259668508,6.10344827586207,6.19444444444444,6.79207650273224,6.83305084745763,58
"59",2006,5,7,11,7.125,6.66666666666667,NA,5,7.2,8,3,0,1,10,489,370,119,18,184,305,6.82147239263804,7.04783783783784,6.11764705882353,6.19444444444444,6.78233695652174,6.84508196721311,59
"60",2006,6,6.87,10,7.21428571428571,6.06666666666667,7.2,6.75,6.95,7,3,1,4,6,499,377,122,19,188,311,6.82244488977956,7.05092838196287,6.11639344262295,6.24736842105263,6.78164893617021,6.84710610932476,60
"61",2006,7,6.94736842105263,19,7.41666666666667,6.14285714285714,9,7.83333333333333,6.78125,12,7,1,3,16,518,389,129,20,191,327,6.82702702702703,7.06221079691517,6.11782945736434,6.385,6.79816753926702,6.84388379204893,61
"62",2006,8,6.22222222222222,18,7.07692307692308,4,NA,5,6.46666666666667,13,5,0,3,15,536,402,134,20,194,342,6.80671641791045,7.06268656716418,6.03880597014925,6.385,6.77036082474227,6.82733918128655,62
"63",2006,9,6.55555555555556,18,6.69230769230769,6.2,6,5.625,6.82142857142857,13,5,2,4,14,554,415,139,22,198,356,6.7985559566787,7.0510843373494,6.04460431654676,6.35,6.74722222222222,6.82710674157303,63
"64",2006,10,7.091,20,7.16571428571429,6.91666666666667,NA,6.665,7.375,14,6,0,8,12,574,429,145,22,206,368,6.8087456445993,7.05482517482518,6.08068965517241,6.35,6.74402912621359,6.84497282608696,64
"65",2006,11,5.525,10,7.5625,4.16666666666667,NA,4.95833333333333,6.375,4,6,0,6,4,584,433,151,22,212,372,6.78676369863014,7.05951501154735,6.0046357615894,6.35,6.69349056603774,6.83991935483871,65
"66",2006,12,6.575,24,6.65333333333333,6.44444444444444,6.5,6.4,6.75,15,9,2,12,12,608,448,160,24,224,384,6.77840460526316,7.04591517857143,6.029375,6.3625,6.67776785714286,6.837109375,66
"67",2007,1,6.53846153846154,26,6.675,6.08333333333333,7,6.58333333333333,6.5,20,6,1,12,14,634,468,166,25,236,398,6.76856466876972,7.0300641025641,6.03132530120482,6.388,6.67296610169492,6.82525125628141,67
"68",2007,2,6.29665272727273,22,6.25333333333333,6.38948,7,5.97777777777778,6.51741230769231,15,7,1,9,13,656,483,173,26,245,411,6.75273835365854,7.00594202898551,6.04581710982659,6.41153846153846,6.64742857142857,6.81551425790754,68
"69",2007,3,6.60416666666667,24,7,5.94444444444444,NA,6.875,6.46875,15,9,0,8,16,680,498,182,26,253,427,6.74749464705882,7.00576305220884,6.04080417582418,6.41153846153846,6.65462450592885,6.80252074941452,69
"70",2007,4,6.8,24,6.64210526315789,7.4,7,6.66666666666667,6.88,19,5,2,9,15,704,517,187,28,262,442,6.74928460227273,6.99239845261122,6.07714631016043,6.45357142857143,6.65503816793893,6.80515013574661,70
"71",2007,5,7.125,12,7.55,5,NA,6,7.5,10,2,0,3,9,716,527,189,28,265,451,6.75558150837989,7.00297912713473,6.06574793650794,6.45357142857143,6.64762264150943,6.81901631929046,71
"72",2007,6,6.8,15,6.81818181818182,6.75,NA,6.75,6.81818181818182,11,4,0,4,11,731,538,193,28,269,462,6.75649296853625,6.99920074349443,6.07992932642487,6.45357142857143,6.64914498141264,6.81899645021645,72
"73",2007,7,6.36153846153846,13,6.7875,5.68,NA,6.6,6.29,8,5,0,3,10,744,546,198,28,272,472,6.74959188172043,6.9960989010989,6.0698301010101,6.45357142857143,6.64860294117647,6.80778889830508,73
"74",2007,8,6.53333333333333,24,6.84285714285714,6.1,6.5,6.16666666666667,6.65555555555556,14,10,2,6,18,768,560,208,30,278,490,6.74283380208333,6.99226785714286,6.07128057692308,6.45666666666667,6.63820143884892,6.80219665306122,74
"75",2007,9,6.50322580645161,31,6.91764705882353,6,7.1,6.82,6.35238095238095,17,14,2,10,21,799,577,222,32,288,511,6.73353737171464,6.99006932409012,6.06678540540541,6.496875,6.64451388888889,6.78371107632094,75
"76",2007,10,6.79444444444444,18,6.95625,5.5,NA,6.6875,6.88,16,2,0,8,10,817,593,224,32,296,521,6.73487926560587,6.9891568296796,6.06172482142857,6.496875,6.64567567567568,6.78555923224568,76
"77",2007,11,6.45454545454545,22,6.6875,5.83333333333333,7,6.64285714285714,6.36666666666667,16,6,1,7,15,839,609,230,33,303,536,6.7275284386174,6.9812315270936,6.0557667826087,6.51212121212121,6.64561056105611,6.77383649253731,77
"78",2007,12,6.37037037037037,27,6.65625,5.95454545454545,NA,6.39285714285714,6.34615384615385,16,11,0,14,13,866,625,241,33,317,549,6.71639302540416,6.972912,6.0511467219917,6.51212121212121,6.63444794952681,6.76370921675774,78
"79",2008,1,6.88,25,7.16666666666667,6.14285714285714,4.5,6.95454545454545,6.82142857142857,18,7,2,11,14,891,643,248,35,328,563,6.72098356902357,6.97833592534992,6.05373532258065,6.39714285714286,6.64518292682927,6.76514451154529,79
"80",2008,2,6.82,25,7.44117647058824,5.5,7,6.41666666666667,7.19230769230769,17,8,1,12,13,916,660,256,36,340,576,6.72368598253275,6.99025757575758,6.03643109375,6.41388888888889,6.63711764705882,6.77478534722222,80
"81",2008,3,6.95384615384615,13,7.34285714285714,6.5,NA,6.88,7,7,6,0,5,8,929,667,262,36,345,584,6.72690673842842,6.99395802098951,6.04704717557252,6.41388888888889,6.64063768115942,6.77787047945206,81
"82",2008,4,6.56923076923077,13,6.925,6,NA,6.6,6.55,8,5,0,5,8,942,675,267,36,350,592,6.72473074309979,6.99314074074074,6.0461661423221,6.41388888888889,6.64005714285714,6.77479114864865,82
"83",2008,5,6.66666666666667,12,7,6,NA,6.5,6.75,8,4,0,4,8,954,683,271,36,354,600,6.72400037735849,6.99322108345534,6.04548472324723,6.41388888888889,6.63847457627119,6.7744606,83
"84",2008,6,6.40909090909091,11,6.3,6.5,NA,6,6.75,5,6,0,5,6,965,688,277,36,359,606,6.72041073575129,6.98818313953488,6.05532981949458,6.41388888888889,6.62958217270195,6.77421841584158,84
"85",2008,7,5.88235294117647,17,6.35714285714286,5.55,5.375,5.66666666666667,6.125,7,10,8,9,8,982,695,287,44,368,614,6.70590260692464,6.9818273381295,6.0377225087108,6.225,6.60603260869565,6.76575954397394,85
"86",2008,8,6.63157894736842,19,7.11538461538461,5.58333333333333,4.5,6.75,6.57692307692308,13,6,2,6,13,1001,708,293,46,374,627,6.70449186813187,6.98427966101695,6.0284176109215,6.15,6.6083422459893,6.76184427432217,86
"87",2008,9,6.53571428571429,14,6.94444444444444,5.8,6,6.1,6.77777777777778,9,5,1,5,9,1015,717,298,47,379,636,6.70216390147783,6.98377963737796,6.02458510067114,6.1468085106383,6.60163588390501,6.76206974842767,87
"88",2008,10,6.54166666666667,24,7.25,5.125,4,6.85714285714286,6.41176470588235,16,8,1,7,17,1039,733,306,48,386,653,6.69845655437921,6.98959072305593,6.00106653594771,6.10208333333333,6.60626943005181,6.75295001531394,88
"89",2008,11,6.23636363636364,33,6.65925925925926,4.33333333333333,3,5.5625,6.452,27,6,2,8,25,1072,760,312,50,394,678,6.68423167910448,6.97785526315789,5.96899474358974,5.978,6.58507614213198,6.74185303834808,89
"90",2008,12,7.03809523809524,21,7.34615384615385,6.5375,6,6.875,7.07647058823529,13,8,3,4,17,1093,773,320,53,398,695,6.69103052150046,6.98404915912031,5.983207375,5.97924528301887,6.58798994974874,6.75003792805756,90
"91",2009,1,6.44117647058824,34,7.23684210526316,5.43333333333333,4.625,6.75,6.34615384615385,19,15,4,8,26,1127,792,335,57,406,721,6.68349277728483,6.99011363636364,5.95858614925373,5.88421052631579,6.59118226600985,6.73547345353676,91
"92",2009,2,6.37916666666667,36,6.84210526315789,5.86176470588235,5,6.125,6.50625,19,17,3,12,24,1163,811,352,60,418,745,6.67407253654342,6.98664611590629,5.95391011363636,5.84,6.5777990430622,6.7280890738255,92
"93",2009,3,6.39677419354839,31,6.45333333333333,6.34375,6.5,6.66666666666667,6.28636363636364,15,16,8,9,22,1194,826,368,68,427,767,6.66687299832496,6.9769612590799,5.97085967391304,5.91764705882353,6.57967213114754,6.71541898305085,93
"94",2009,4,6.51363636363636,22,6.55,6.48333333333333,6.45,6.33333333333333,6.54210526315789,10,12,4,3,19,1216,836,380,72,430,786,6.664100625,6.97185406698565,5.98704305263158,5.94722222222222,6.57795348837209,6.71122946564886,94
"95",2009,5,6.474,25,6.28,6.60333333333333,7,7.05,6.33,10,15,2,5,20,1241,846,395,74,435,806,6.66027103948429,6.96367612293144,6.01044648101266,5.97567567567568,6.58337931034483,6.70176967741936,95
"96",2009,6,6.65714285714286,28,6.79444444444444,6.41,6.5,6.57142857142857,6.68571428571429,18,10,2,7,21,1269,864,405,76,442,827,6.66020201733648,6.96015046296296,6.020312,5.98947368421053,6.58319004524887,6.70136198307134,96
"97",2009,7,5.95652173913043,23,6.5,5.45833333333333,5.4,5.41666666666667,6.14705882352941,11,12,5,6,17,1292,875,417,81,448,844,6.64767520123839,6.95436571428572,6.00413995203837,5.95308641975309,6.56756696428571,6.69019710900474,97
"98",2009,8,6.61666666666667,18,7.5,5.22857142857143,NA,7.5,6.50625,11,7,0,2,16,1310,886,424,81,450,860,6.64724912977099,6.96113995485327,5.99133575471698,5.95308641975309,6.57171111111111,6.6867748372093,98
"99",2009,9,6.5,16,7.125,5.875,6,6.4,6.54545454545455,8,8,2,5,11,1326,894,432,83,455,871,6.64547236802413,6.9626062639821,5.98918138888889,5.95421686746988,6.56982417582418,6.6849900803674,99
"100",2009,10,6.635,30,7.003125,6.21428571428571,6.3,6.49444444444444,6.6952380952381,16,14,5,9,21,1356,910,446,88,464,892,6.64524067846608,6.96331868131868,5.99624744394619,5.97386363636364,6.56836206896552,6.68523134529148,100
"101",2009,11,6.56666666666667,30,6.94117647058824,6.07692307692308,6.25,7.41666666666667,6.35416666666667,17,13,4,6,24,1386,927,459,92,470,916,6.64353994227994,6.96291262135922,5.99853237472767,5.98586956521739,6.5791914893617,6.67655716157205,101
"102",2009,12,6.78571428571429,28,7.25,6.16666666666667,6.08333333333333,6.95,6.69444444444444,16,12,6,10,18,1414,943,471,98,480,934,6.64635527581329,6.96778366914104,6.00281605095541,5.99183673469388,6.58691666666667,6.67690188436831,102
"103",2010,1,6.69666666666667,30,6.53125,6.88571428571429,6.26666666666667,6.5,6.75652173913043,16,14,3,7,23,1444,959,485,101,487,957,6.64740052631579,6.96050052137644,6.02830177319588,6,6.58566735112936,6.67881542319749,103
"104",2010,2,6.7,25,7.0625,6.05555555555556,NA,6,6.875,16,9,0,5,20,1469,975,494,101,492,977,6.64829568413887,6.96217435897436,6.02879829959514,6,6.57971544715447,6.68283148413511,104
"105",2010,3,6.76619047619048,21,7.22727272727273,6.259,6,5.818,7.0625,11,10,1,5,16,1490,986,504,102,497,993,6.6499572885906,6.96513184584179,6.03336579365079,6,6.5720523138833,6.68894900302115,105
"106",2010,4,6.66666666666667,18,6.91666666666667,6.16666666666667,6,6.75,6.64285714285714,12,6,1,4,14,1508,998,510,103,501,1007,6.65015673740053,6.96454909819639,6.03493403921569,6,6.57347305389222,6.68830820258193,106
"107",2010,5,6.125,18,7.21428571428571,5.43181818181818,NA,5.66666666666667,6.21666666666667,7,11,0,3,15,1526,1005,521,103,504,1022,6.64396222804718,6.96628855721393,6.02220030710173,6,6.5680753968254,6.68138587084149,107
"108",2010,6,7.29375,16,7.725,6.8625,6.48,6.375,7.6,8,8,5,4,12,1542,1013,529,108,508,1034,6.65070451361868,6.97228035538006,6.03490805293006,6.02222222222222,6.56655511811024,6.69204676982592,108
"109",2010,7,6.76315789473684,19,7.08333333333333,6.21428571428571,6.5,7.66666666666667,6.59375,12,7,3,3,16,1561,1025,536,111,511,1050,6.6520732607303,6.97358048780488,6.03725067164179,6.03513513513513,6.57301369863014,6.69054891428572,109
"110",2010,8,6.4,15,7.07142857142857,5.8125,7,7,6.35714285714286,7,8,1,1,14,1576,1032,544,112,512,1064,6.64967408629442,6.97424418604651,6.03394551470588,6.04375,6.57384765625,6.6861619924812,110
"111",2010,9,5.92631578947368,19,6.95555555555556,5,6,5.6,6.04285714285714,9,10,3,5,14,1595,1041,554,115,517,1078,6.64105727899686,6.97408261287224,6.01528223826715,6.04260869565217,6.56442940038685,6.67780738404453,111
"112",2010,10,6.81052631578947,19,7.49090909090909,5.875,NA,6.475,6.9,11,8,0,4,15,1614,1052,562,115,521,1093,6.64305226765799,6.97948669201521,6.01328533807829,6.04260869565217,6.56374280230326,6.68085668801464,112
"113",2010,11,6.23529411764706,17,6.5,5.85714285714286,5.5,5.625,6.42307692307692,10,7,2,4,13,1631,1062,569,117,525,1106,6.63880218270999,6.97497175141243,6.0113644288225,6.03333333333333,6.55659047619048,6.67782672694394,113
"114",2010,12,6.26,20,6.51428571428571,5.66666666666667,6,6.25,6.2625,14,6,2,4,16,1651,1076,575,119,529,1122,6.63421342216838,6.96897769516729,6.0077675826087,6.0327731092437,6.55427221172023,6.67190406417112,114
"115",2011,1,6.36935483870968,31,6.74666666666667,6.015625,6,6.3,6.37962962962963,15,16,1,4,27,1682,1091,591,120,533,1149,6.62933196195006,6.96592117323556,6.00798030456853,6.0325,6.55236397748593,6.66503599651871,115
"116",2011,2,6.68235294117647,17,6.91818181818182,6.25,6,6.03333333333333,7.03636363636364,11,6,1,6,11,1699,1102,597,121,539,1160,6.62986248381401,6.965444646098,6.01041266331658,6.03223140495868,6.54658627087198,6.66855720689655,116
"117",2011,3,6.79166666666667,12,6.71428571428571,6.9,NA,6.25,6.9,7,5,0,2,10,1711,1109,602,121,541,1170,6.63099728813559,6.96385933273219,6.01780126245847,6.03223140495868,6.5454898336414,6.67053535042735,117
"118",2011,4,6.86666666666667,12,6.93333333333333,6.8,7,7.9,6.77272727272727,6,6,1,1,11,1723,1115,608,122,542,1181,6.63263863029599,6.96369506726457,6.02552032894737,6.04016393442623,6.5479889298893,6.67148718035563,118
"119",2011,5,6.36666666666667,18,7.1,5.45,5,6.33333333333333,6.37333333333333,10,8,2,3,15,1741,1125,616,124,545,1196,6.62988877656519,6.96490666666667,6.01804603896104,6.02338709677419,6.54680733944954,6.66774779264214,119
"120",2011,6,6,6,6,6,NA,5,6.2,4,2,0,1,5,1747,1129,618,124,546,1201,6.62772544934173,6.9614880425155,6.01798763754045,6.02338709677419,6.54397435897436,6.6658004662781,120
"121",2011,7,6.67333333333333,15,7.175,6.1,6.25,8.125,6.14545454545455,8,7,2,4,11,1762,1137,625,126,550,1212,6.62811371169126,6.96299032541777,6.018906176,6.02698412698413,6.55547272727273,6.66107785478548,121
"122",2011,8,6.575,24,6.84285714285714,6.2,5.5,6.75714285714286,6.5,14,10,2,7,17,1786,1151,635,128,557,1229,6.62739997760358,6.96152910512598,6.0217580472441,6.01875,6.55800718132855,6.6588497640358,122
"123",2011,9,5.95833333333333,12,6.7,5.42857142857143,6,6.66666666666667,5.72222222222222,5,7,3,3,9,1798,1156,642,131,560,1238,6.62293457174639,6.96039792387543,6.01529028037383,6.01832061068702,6.55858928571429,6.65204067851373,123
"124",2011,10,6.03333333333333,15,7.1,5.5,NA,6.25,6,5,10,0,2,13,1813,1161,652,131,562,1251,6.61805645890789,6.96099913867356,6.00738705521472,6.01832061068702,6.55749110320285,6.64526487609912,124
"125",2011,11,6.47142857142857,21,7.09375,4.48,NA,5.76666666666667,6.58888888888889,16,5,0,3,18,1834,1177,657,131,565,1269,6.61637751363141,6.96280373831776,5.99576310502283,6.01832061068702,6.55329203539823,6.64446521670607,125
"126",2011,12,6.22727272727273,22,6.79166666666667,5.55,4.66666666666667,6.5,6.2,12,10,3,2,20,1856,1189,667,134,567,1289,6.61176528017241,6.96107653490328,5.98908,5.98805970149254,6.55310405643739,6.63756893716059,126
"127",2012,1,6.51785714285714,14,7.54166666666667,5.75,6,6.5,6.52083333333333,6,8,5,2,12,1870,1195,675,139,569,1301,6.61106222459893,6.96399163179916,5.98624645925926,5.98848920863309,6.55291739894552,6.63649220599539,127
"128",2012,2,6.59722222222222,18,6.77777777777778,6.41666666666667,5.25,5.375,7.20833333333333,9,9,5,6,12,1888,1204,684,144,575,1313,6.61093027542373,6.96259966777409,5.99190988304094,5.96284722222222,6.54062608695652,6.64171847677076,128
"129",2012,3,6.51333333333333,15,6.89166666666667,5,NA,7,6.43846153846154,12,3,0,2,13,1903,1216,687,144,577,1326,6.61016098791382,6.96189967105263,5.98757839883552,5.96284722222222,6.54221837088388,6.63972576168929,129
"130",2012,4,6.45454545454545,11,6.71428571428571,6,6,6.25,6.57142857142857,7,4,1,4,7,1914,1223,691,145,581,1333,6.60926664576803,6.96048242027801,5.98765030390738,5.96310344827586,6.5402065404475,6.63936711177795,130
"131",2012,5,6.76388888888889,18,7.125,6.3125,6,6,6.80882352941176,10,8,2,1,17,1932,1233,699,147,582,1350,6.61070722567288,6.96181670721817,5.99136818311874,5.96360544217687,6.53927835051547,6.64150100740741,131
"132",2012,6,7.28571428571429,7,7.6,6.5,NA,NA,7.28571428571429,5,2,0,0,7,1939,1238,701,147,582,1357,6.61314407426508,6.96439418416801,5.99281934379458,5.96360544217687,6.53927835051547,6.64482414148858,132
"133",2012,7,7.05466666666667,15,7.8125,6.18857142857143,6,7.5,6.832,8,7,1,5,10,1954,1246,708,148,587,1367,6.6165334493347,6.96983948635634,5.99475474576271,5.96385135135135,6.54746166950596,6.64619338697879,133
"134",2012,8,6.75,8,8.33333333333333,5.8,5.33333333333333,5,7.33333333333333,3,5,3,2,6,1962,1249,713,151,589,1373,6.61707765545362,6.97311449159328,5.99338900420757,5.95132450331126,6.54220713073005,6.6491961835397,134
"135",2012,9,6.27777777777778,9,6.66666666666667,6.08333333333333,6,6,6.3125,3,6,1,1,8,1971,1252,719,152,590,1381,6.61552834094368,6.97238019169329,5.99413958275382,5.95164473684211,6.54128813559322,6.64724573497466,135
"136",2012,10,6.65625,16,7.03846153846154,5,4.5,5.83333333333333,6.84615384615385,13,3,2,3,13,1987,1265,722,154,593,1394,6.61585624559638,6.97305928853755,5.99000880886427,5.93279220779221,6.5377065767285,6.64910068866571,136
"137",2012,11,6,9,6.16666666666667,5.66666666666667,NA,7,5.875,6,3,0,1,8,1996,1271,725,154,594,1402,6.61307933867735,6.9692525570417,5.98867084137931,5.93279220779221,6.53848484848485,6.64468356633381,137
"138",2012,12,6.47857142857143,14,6.7,5.66666666666667,NA,7.3,6.02222222222222,11,3,0,5,9,2010,1282,728,154,599,1411,6.61214246766169,6.96694227769111,5.9873439010989,5.93279220779221,6.54484140233723,6.64071322466336,138
"139",2013,1,7.19375,16,7.375,6.65,6.5,7,7.22142857142857,12,4,1,2,14,2026,1294,732,155,601,1425,6.61673561697927,6.97072642967543,5.9909649726776,5.93645161290323,6.54635607321132,6.64641849824562,139
"140",2013,2,7,9,8.75,6.5,8,8.5,6.25,2,7,1,3,6,2035,1296,739,156,604,1431,6.61843064373464,6.97347222222222,5.99578668470907,5.94967948717949,6.55605960264901,6.6447563661775,140
"141",2013,3,6.53333333333333,15,6.75,6.38888888888889,7,7,6.41666666666667,6,9,3,3,12,2050,1302,748,159,607,1443,6.61780798048781,6.97244239631337,6.00051652406417,5.96949685534591,6.55825370675453,6.64285957033957,141
"142",2013,4,6.27272727272727,11,6.77777777777778,4,5,5.91666666666667,6.7,9,2,1,6,5,2061,1311,750,160,613,1448,6.61596621057739,6.9711060259344,5.99518181333333,5.9634375,6.55197389885808,6.64305687845304,142
"143",2013,5,6.66363636363636,11,6.6125,6.8,NA,NA,6.66363636363636,8,3,0,0,11,2072,1319,753,160,613,1459,6.61621928571429,6.96893100833965,5.99838826029216,5.9634375,6.55197389885808,6.64321203564085,143
"144",2013,6,6.66,10,6.72,6.6,7,6.3,6.75,5,5,2,2,8,2082,1324,758,162,615,1467,6.61642956772334,6.96799093655589,6.00235667546174,5.97623456790124,6.55115447154472,6.64379438309475,144
"145",2013,7,7.46153846153846,13,8,6.25,NA,8,7.36363636363636,9,4,0,2,11,2095,1333,762,162,617,1478,6.62167368019093,6.97495873968492,6.00365664041995,5.97623456790124,6.55585089141005,6.64915179972937,145
"146",2013,8,6.69666666666667,15,6.7125,6.67857142857143,7,7,6.675,8,7,1,1,14,2110,1341,769,163,618,1492,6.6222068056872,6.97339299030574,6.00980020806242,5.98251533742331,6.55656957928803,6.64939434316354,146
"147",2013,9,6.42857142857143,7,7.83333333333333,5.375,NA,5.5,6.8,3,4,0,2,5,2117,1344,773,163,620,1497,6.62156653755314,6.9753125,6.00651534282018,5.98251533742331,6.55316129032258,6.64989736806948,147
"148",2013,10,6.71875,16,7.35,5.66666666666667,5,7,6.67857142857143,10,6,3,2,14,2133,1354,779,166,622,1511,6.62229552742616,6.97807976366322,6.00389776636714,5.96475903614458,6.55459807073955,6.6501630443415,148
"149",2013,11,6.36428571428571,28,7.15,5.775,6.5,7.5,6.11739130434783,12,16,2,5,23,2161,1366,795,168,627,1534,6.61895250347062,6.97959004392387,5.99929101886792,5.97113095238095,6.56213716108453,6.64217494132986,149
"150",2013,12,6.07,10,7.33333333333333,5.52857142857143,NA,8,5.85555555555556,3,7,0,1,9,2171,1369,802,168,628,1543,6.61642393367112,6.98036523009496,5.99518249376559,5.97113095238095,6.56442675159236,6.63758675307842,150
"151",2014,1,6.2,19,7,5.61818181818182,6,6.25714285714286,6.16666666666667,8,11,2,7,12,2190,1377,813,170,635,1555,6.61281112328767,6.98047930283225,5.99008162361624,5.97147058823529,6.56103937007874,6.63395264308682,151
"152",2014,2,6.925,16,7.6,6.05714285714286,6,8,6.85333333333333,9,7,1,1,15,2206,1386,820,171,636,1570,6.61507541251133,6.98450216450217,5.99065409756097,5.97163742690058,6.56330188679245,6.63604863694268,152
"153",2014,3,6.01428571428571,14,7.24,5.33333333333333,3.5,4.5,6.26666666666667,5,9,2,2,12,2220,1391,829,173,638,1582,6.61128664864865,6.98542056074767,5.9835179252111,5.94306358381503,6.55683385579937,6.63324675094817,153
"154",2014,4,6.08666666666667,15,6.75714285714286,5.5,7.5,6.83333333333333,5.9,7,8,1,3,12,2235,1398,837,174,641,1594,6.60776570917226,6.98427753934192,5.9788964874552,5.95201149425287,6.55812792511701,6.62772670012547,154
"155",2014,5,6.51818181818182,11,7.25,6.1,6,6.5,6.52222222222222,4,7,2,2,9,2246,1402,844,176,643,1603,6.60732696349065,6.98503566333809,5.97990090047393,5.95255681818182,6.55794712286159,6.62713434809732,155
"156",2014,6,7.18888888888889,9,6.94,7.5,7.75,6.2,7.3125,5,4,2,1,8,2255,1407,848,178,644,1611,6.60964805321508,6.98487562189055,5.98707117924528,5.97275280898876,6.55739130434783,6.63053777777778,156
"157",2014,7,7.33333333333333,6,7.75,6.5,NA,7.4,7,4,2,0,5,1,2261,1411,850,178,649,1612,6.61156849181778,6.98704464918498,5.98827807058823,5.97275280898876,6.56388289676425,6.63076697270472,157
"158",2014,8,6.99047619047619,21,7.34615384615385,6.4125,NA,7.76,6.75,13,8,0,5,16,2282,1424,858,178,654,1628,6.61505537248028,6.99032303370787,5.99223351981352,5.97275280898876,6.57302752293578,6.6319387960688,158
"159",2014,9,5.80769230769231,13,7.25,4.57142857142857,5,6.33333333333333,5.65,6,7,4,3,10,2295,1430,865,182,657,1638,6.61048207407408,6.99141258741259,5.98073567630058,5.95137362637363,6.57193302891933,6.62594405372406,159
"160",2014,10,7.17307692307692,13,7.46428571428571,6.83333333333333,7,8,7.02272727272727,7,6,1,2,11,2308,1437,871,183,659,1649,6.61365093587522,6.99371607515658,5.98660890929965,5.95710382513661,6.57626707132018,6.6285908793208,160
"161",2014,11,7.26666666666667,9,7.625,6.98,6,8,7.05714285714286,4,5,1,2,7,2317,1441,876,184,661,1656,6.61618746655158,6.99546842470507,5.99227894977169,5.95733695652174,6.58057488653555,6.63040239130435,161
"162",2014,12,7.00086956521739,23,7.42307692307692,6.452,6.97333333333333,7.40333333333333,6.85882352941176,13,10,3,6,17,2340,1454,886,187,667,1673,6.61996852991453,6.99929160935351,5.99746767494357,5.97363636363636,6.58797601199401,6.63272346682606,162
"163",2015,1,6.57826086956522,23,7.05333333333333,5.6875,6.25,6.4375,6.65333333333333,15,8,4,8,15,2363,1469,894,191,675,1688,6.61956257300042,6.99984343090538,5.99469391498881,5.97942408376963,6.58619259259259,6.63290661137441,163
"164",2015,2,6.53846153846154,13,7.28571428571429,5.66666666666667,5.5,7.75,6.31818181818182,7,6,2,2,11,2376,1476,900,193,677,1699,6.61911883838384,7.00119918699187,5.99250706666667,5.97445595854922,6.58963072378139,6.63086895821071,164
"165",2015,3,6.8047619047619,21,7.55555555555556,6.24166666666667,6.25,7.5,6.68888888888889,9,12,2,3,18,2397,1485,912,195,680,1717,6.62074524822695,7.00455892255892,5.99578548245614,5.97728205128205,6.59364705882353,6.63147720442633,165
"166",2015,4,6.70576923076923,26,7.084375,6.1,7,6.85714285714286,6.65,16,10,1,7,19,2423,1501,922,196,687,1736,6.62165759801899,7.00540972684877,5.99691579175705,5.9825,6.59633187772926,6.63167993087558,166
"167",2015,5,7.22166666666667,12,7.366,6.5,6.5,7.75,6.9575,10,2,2,4,8,2435,1511,924,198,691,1744,6.62461452156058,7.00779616148246,5.99800471861472,5.98772727272727,6.60301013024602,6.63317451834863,167
"168",2015,6,6.6625,12,7.4375,5.1125,NA,7.125,6.57,8,4,0,2,10,2447,1519,928,198,693,1754,6.62480031058439,7.01005924950626,5.99418788793103,5.98772727272727,6.6045165945166,6.63281434435576,168
"169",2015,7,6.61875,16,7.32222222222222,5.71428571428571,5.5,6.27142857142857,6.88888888888889,9,7,4,7,9,2463,1528,935,202,700,1763,6.62476100690215,7.01189790575916,5.99209236363636,5.97806930693069,6.60118571428572,6.63412158820193,169
"170",2015,8,6.48333333333333,12,6.97777777777778,5,6,6.33333333333333,6.63333333333333,9,3,1,6,6,2475,1537,938,203,706,1769,6.6240752969697,7.01169811320755,5.98891936034115,5.97817733990148,6.59890934844193,6.63411891464104,170
"171",2015,9,6.55454545454545,11,7.82,5.5,5.5,6.52,6.58333333333333,5,6,1,5,6,2486,1542,944,204,711,1775,6.62376764279968,7.01431906614786,5.9858118220339,5.97583333333333,6.59835443037975,6.63394724507043,171
"172",2015,10,6.5,13,6.44444444444444,6.625,6,6,6.54166666666667,9,4,1,1,12,2499,1551,948,205,712,1787,6.62312379351741,7.01101225016119,5.9885088185654,5.9759512195122,6.59751404494382,6.63332756575266,172
"173",2015,11,5.91666666666667,12,6,5.85714285714286,6,6.25,5.75,5,7,1,4,8,2511,1556,955,206,716,1795,6.61974765432099,7.00776349614396,5.98754592670157,5.97606796116505,6.59557262569833,6.62939072980502,173
"174",2015,12,6.36,20,6.46666666666667,6.27272727272727,6.25,5.83333333333333,6.45294117647059,9,11,2,3,17,2531,1565,966,208,719,1812,6.61769512445674,7.0046517571885,5.99079333333333,5.97870192307692,6.59239221140473,6.62773529801325,174
"175",2016,1,6.45454545454545,11,6.6875,5.83333333333333,NA,6.5,6.41666666666667,8,3,0,5,6,2542,1573,969,208,724,1818,6.61698912667191,7.00303877940242,5.99030584107327,5.97870192307692,6.59175414364641,6.62703870187019,175
"176",2016,2,6.65789473684211,19,7.125,5.85714285714286,5,6.16666666666667,6.75,12,7,1,3,16,2561,1585,976,209,727,1834,6.61729260445139,7.00396214511041,5.98935077868852,5.97401913875598,6.59,6.62811142857143,176
"177",2016,3,6.69230769230769,13,6.8,6.625,6.5,7.5,6.54545454545455,5,8,1,2,11,2574,1590,984,210,729,1845,6.61767146853147,7.00332075471698,5.99451865853658,5.97652380952381,6.59249657064472,6.62761862330624,177
"178",2016,4,5.84,7,7,5.376,NA,NA,5.84,2,5,0,0,7,2581,1592,989,210,729,1852,6.61556232468036,7.00331658291457,5.99139166835187,5.97652380952381,6.59249657064472,6.62464166306696,178
"179",2016,5,6.3125,16,6.55,5.91666666666667,NA,NA,6.3125,10,6,0,0,16,2597,1602,995,210,729,1868,6.61369517135156,7.00048689138577,5.99094106532663,5.97652380952381,6.59249657064472,6.62196807280514,179
"180",2016,6,6.5,11,7.25,5.6,7,7.625,5.85714285714286,6,5,1,4,7,2608,1608,1000,211,733,1875,6.61321562883436,7.00141791044776,5.98898636,5.98137440758294,6.5981309686221,6.61911272533334,180
"181",2016,7,6.5,12,7,5,5,6,6.54545454545455,9,3,1,1,11,2620,1617,1003,212,734,1886,6.61269708396947,7.00141001855288,5.98602827517448,5.97674528301887,6.59731607629428,6.61868311770944,181
"182",2016,8,6.75333333333333,15,6.92222222222222,6.5,6.66666666666667,7.2,6.53,9,6,3,5,10,2635,1626,1009,215,739,1896,6.61349766982922,7.0009717097171,5.98908459861249,5.98637209302326,6.60139377537213,6.61821537974684,182
"183",2016,9,7.23846153846154,13,7.50909090909091,5.75,6,7.5,7.19090909090909,11,2,1,2,11,2648,1637,1011,216,741,1907,6.61656584592145,7.00438607208308,5.98861163204748,5.98643518518519,6.60381916329285,6.62151880440483,183
"184",2016,10,6.55263157894737,19,6.86363636363636,6.125,7.5,7,6.5,11,8,2,2,17,2667,1648,1019,218,743,1924,6.6161103712036,7.00344660194175,5.98968239450442,6.00032110091743,6.60488559892329,6.6204450935551,184
"185",2016,11,6.31578947368421,19,6.79166666666667,5.5,6,6.6,6.21428571428571,12,7,2,5,14,2686,1660,1026,220,748,1938,6.61398598659717,7.0019156626506,5.98634148148148,6.00031818181818,6.60485294117647,6.61751102167183,185
"186",2016,12,6.63461538461539,13,7.1875,5.75,NA,4,6.85416666666667,8,5,0,1,12,2699,1668,1031,220,749,1950,6.61408535012968,7.00280575539569,5.98519530552861,6.00031818181818,6.60137516688919,6.61896736410257,186
"187",2017,1,6.8125,8,6.8,6.83333333333333,6.5,6.75,6.83333333333333,5,3,1,2,6,2707,1673,1034,221,751,1956,6.614671725157,7.00219964136282,5.98765605415861,6.00257918552036,6.60177097203729,6.61962492842536,187
"188",2017,2,6.70833333333333,12,7.38888888888889,4.66666666666667,NA,NA,6.70833333333333,9,3,0,0,12,2719,1682,1037,221,751,1968,6.61508509010666,7.00426872770511,5.98383448408872,6.00257918552036,6.60177097203729,6.62016583333334,188
"189",2017,3,6.35714285714286,7,7.3,4,NA,7,6.1,5,2,0,2,5,2726,1687,1039,221,753,1973,6.61442272927366,7.00514522821577,5.98001574590953,6.00257918552036,6.60282868525897,6.61884762290928,189
"190",2017,4,6.675,16,6.775,6.375,7.5,7.5,6.4,12,4,2,4,12,2742,1699,1043,223,757,1985,6.61477620714807,7.00351971748087,5.98153054650048,6.01600896860987,6.60756935270806,6.61752461460957,190
"191",2017,5,6.55769230769231,13,6.75,5.5,5,NA,6.55769230769231,11,2,1,0,13,2755,1710,1045,224,757,1998,6.61450684573503,7.00188888888889,5.9806089569378,6.01147321428572,6.60756935270806,6.61713531531532,191
"192",2017,6,6.41111111111111,9,6.5,6.3,5.5,6.35,6.42857142857143,5,4,2,2,7,2764,1715,1049,226,759,2005,6.61384455861071,7.00042565597668,5.98182684461392,6.00694690265487,6.6068906455863,6.61647698753117,192
"193",2017,7,6.66666666666667,9,6.85714285714286,6,NA,6,6.75,7,2,0,1,8,2773,1722,1051,226,760,2013,6.61401599711504,6.99984320557491,5.98186142721218,6.00694690265487,6.60609210526316,6.61700763040239,193
"194",2017,8,6.36153846153846,13,6.36666666666667,6.35714285714286,6.5,6,6.42727272727273,6,7,2,2,11,2786,1728,1058,228,762,2024,6.61283788944724,6.99764467592593,5.98434438563327,6.01127192982456,6.60450131233596,6.6159764624506,194
"195",2017,9,6.78181818181818,11,7.18333333333333,6.3,7,9,6.56,6,5,1,1,10,2797,1734,1063,229,763,2034,6.61350245262781,6.99828719723184,5.98582912511759,6.01558951965066,6.60764089121887,6.61570125860374,195
"196",2017,10,7.11,20,7.73636363636364,6.34444444444444,6.03333333333333,6.68333333333333,7.29285714285714,11,9,3,6,14,2817,1745,1072,232,769,2048,6.61702746183883,7.00293982808023,5.9888398880597,6.01581896551724,6.60823146944083,6.62033025390625,196
"197",2017,11,6.07176470588235,17,6.27272727272727,5.70333333333333,5,6.244,6,11,6,3,5,12,2834,1756,1078,235,774,2060,6.61375665490473,6.99836560364465,5.98725079777365,6.00285106382979,6.60587855297158,6.61671667961165,197
"198",2017,12,7.41181818181818,11,7.44125,7.33333333333333,7,8.44,7.18333333333333,8,3,1,2,9,2845,1764,1081,236,776,2069,6.61684230579965,7.00037414965987,5.99098645698427,6.00707627118644,6.6106056701031,6.61918142097632,198
"199",2018,1,6.76363636363636,22,7.05,6,5,7.25,6.65555555555556,16,6,1,4,18,2867,1780,1087,237,780,2087,6.61796873386815,7.0008202247191,5.99103620975161,6.00282700421941,6.61388461538462,6.61949514135122,199
"200",2018,2,5.97,10,7.25,5.11666666666667,5.9,7,5.7125,4,6,3,2,8,2877,1784,1093,240,782,2095,6.61571649635036,7.00137892376682,5.98623637694419,6.00154166666667,6.61487212276215,6.61603167541766,200
"201",2018,3,6.625,10,6.8,6.45,NA,NA,6.625,5,5,0,0,10,2887,1789,1098,240,782,2105,6.61574865258053,7.00081609837898,5.98834823315118,6.00154166666667,6.61487212276215,6.61607428028504,201
"202",2018,4,6.73333333333333,15,7,6.63636363636364,6.125,6.4,6.9,4,11,4,5,10,2902,1793,1109,244,787,2115,6.61635643004824,7.00081427774679,5.99477579801623,6.00356557377049,6.61350698856417,6.61741671867613,202
"203",2018,5,5.60833333333333,12,6.16,5.21428571428571,5.5,6,5.53,5,7,2,2,10,2914,1798,1116,246,789,2125,6.61220533973919,6.99847608453838,5.98988025089606,5.99947154471545,6.61195183776933,6.61229946352941,203
"204",2018,6,6.44444444444444,9,6.8,6,5,5,6.85714285714286,5,4,1,2,7,2923,1803,1120,247,791,2132,6.61168879917892,6.99792567942318,5.98991639285714,5.99542510121458,6.60787610619469,6.61310335834897,204
"205",2018,7,6.85714285714286,7,6.83333333333333,7,7,9,6.5,6,1,1,1,6,2930,1809,1121,248,792,2138,6.61227520819113,6.99737976782753,5.99081744870651,5.99947580645161,6.61089646464647,6.6127859494855,205
"206",2018,8,6.80125,16,7.31333333333333,6.14285714285714,6,7,6.788,9,7,3,1,15,2946,1818,1128,251,793,2153,6.61330154786151,6.99894389438944,5.99176095744681,5.99948207171315,6.61138713745271,6.61400666976312,206
"207",2018,9,6.38647058823529,17,6.61214285714286,5.33333333333333,NA,5.65285714285714,6.9,14,3,0,7,10,2963,1832,1131,251,800,2163,6.61200012149848,6.99598799126638,5.99001446507515,5.99948207171315,6.603,6.61532887656034,207
"208",2018,10,6.66666666666667,18,7.13636363636364,5.92857142857143,6,6,6.70588235294118,11,7,3,1,17,2981,1843,1138,254,801,2180,6.61233021133848,6.99682582745524,5.9896365202109,5.99948818897638,6.60224719101124,6.61603502752294,208
"209",2018,11,6.45,10,7,6.21428571428571,6.5,7,6.3125,3,7,1,2,8,2991,1846,1145,255,803,2188,6.61178748244734,6.99683098591549,5.99100992139738,6.00145098039216,6.60323785803238,6.61492521023766,209
"210",2018,12,6.91,10,7.0125,6.5,6.5,7.125,6.85625,8,2,2,2,8,3001,1854,1147,257,805,2196,6.61278119293569,6.99689859762675,5.99189743679163,6.00533073929961,6.60453416149068,6.61580435336977,210
"211",2019,1,7,16,7.33333333333333,6,NA,5.5,7.21428571428571,12,4,0,2,14,3017,1866,1151,257,807,2210,6.614834723235,6.99906216505895,5.99192559513467,6.00533073929961,6.60179677819083,6.61959563800905,211
"212",2019,2,6.30769230769231,13,7.14285714285714,5.33333333333333,6,4.5,6.63636363636364,7,6,1,2,11,3030,1873,1157,258,809,2221,6.61351695049505,6.99959957287774,5.98851025064823,6.00531007751938,6.59660074165637,6.6196786852769,212
"213",2019,3,6.21428571428571,14,6.33333333333333,5.5,5,5.5,6.33333333333333,12,2,1,2,12,3044,1885,1159,259,811,2233,6.61168080157687,6.99535809018568,5.98766726488352,6.00142857142857,6.5938964241677,6.61813988356471,213
"214",2019,4,6.55,8,6.88,6,5.75,6.16666666666667,6.78,5,3,2,3,5,3052,1890,1162,261,814,2238,6.61151912188729,6.99505291005291,5.98769910499139,5.99950191570881,6.59232186732187,6.61850150134048,214
"215",2019,5,6.2,5,6.5,6,NA,NA,6.2,2,3,0,0,5,3057,1892,1165,261,814,2243,6.6108460451423,6.99452959830867,5.98773078111588,5.99950191570881,6.59232186732187,6.61756859563085,215
"216",2019,6,7.102,10,9,5.204,NA,NA,7.102,5,5,0,0,10,3067,1897,1170,261,814,2253,6.61244746005869,6.99981549815498,5.9843815042735,5.99950191570881,6.59232186732187,6.61971875721261,216
"217",2019,7,6.90909090909091,11,7.83333333333333,5.8,5,3,7.3,6,5,1,1,10,3078,1903,1175,262,815,2263,6.61350758934373,7.00244351024698,5.98359690212766,5.99568702290076,6.58791411042945,6.62272486080424,217
"218",2019,8,6.55384615384615,13,7,6.275,7,7,6.47272727272727,5,8,1,2,11,3091,1908,1183,263,817,2274,6.61325666774507,7.00243710691824,5.98556750633981,5.99950570342205,6.58892288861689,6.62199927880387,218
"219",2019,9,6.375,8,6.5,6.25,NA,4,6.71428571428571,4,4,0,1,7,3099,1912,1187,263,818,2281,6.61264161342369,7.0013859832636,5.98645860151643,5.99950570342205,6.58575794621027,6.62228249013591,219
"220",2019,10,6.93076923076923,13,7.325,6.3,NA,6.9,6.94444444444444,8,5,0,4,9,3112,1920,1192,263,822,2290,6.61397055269923,7.002734375,5.98777379194631,5.99950570342205,6.58728710462287,6.62354862882096,220
"221",2019,11,6.58333333333333,12,7,5.75,7,6.5,6.6,8,4,1,2,10,3124,1928,1196,264,824,2300,6.6138528681178,7.00272302904564,5.98697856187291,6.00329545454546,6.58707524271845,6.62344624347826,221
"222",2019,12,6.87894736842105,19,7.61,6.06666666666667,5,7.65,6.67333333333333,10,9,1,4,15,3143,1938,1205,265,828,2315,6.61545541202673,7.00585655314758,5.98757374273859,5.99950943396226,6.59221014492754,6.62376948596113,222
"223",2020,1,6.84615384615385,13,6.91666666666667,6.78571428571429,NA,8.5,6.54545454545455,6,7,0,2,11,3156,1944,1212,265,830,2326,6.61640569074778,7.00558127572017,5.99218346534654,5.99950943396226,6.59680722891567,6.62339912295787,223
"224",2020,2,6.4,17,7.07272727272727,5.16666666666667,5,6,6.425,11,6,1,1,16,3173,1955,1218,266,831,2342,6.61524625275764,7.00595907928389,5.98811688013136,5.99575187969925,6.59608904933815,6.62204370623399,224
"225",2020,3,5.76923076923077,13,5.92857142857143,5.58333333333333,5.875,5.25,5.86363636363636,7,6,4,2,11,3186,1962,1224,270,833,2353,6.61179421217828,7.00211518858308,5.98613264705882,5.99396296296296,6.59285714285715,6.61849824054399,225
"226",2020,4,6,8,6.14285714285714,5,5,7,5.66666666666667,7,1,1,2,6,3194,1969,1225,271,835,2359,6.61026185347527,6.99906043676993,5.98532764081633,5.99029520295203,6.59383233532934,6.61607730394235,226
"227",2020,5,6.63636363636364,11,7.3,6.08333333333333,6.3,NA,6.63636363636364,5,6,3,0,11,3205,1974,1231,274,835,2370,6.61035143837753,6.99982269503546,5.98580532900081,5.99368613138686,6.59383233532934,6.61617145991561,227
"228",2020,6,6.45,10,6.5625,6,6,6,6.5625,8,2,2,2,8,3215,1982,1233,276,837,2378,6.60985267807154,6.99805751765893,5.98582835360908,5.99373188405797,6.59241338112306,6.6159908999159,228
"229",2020,7,6.91818181818182,11,7.325,5.83333333333333,NA,7.05,6.88888888888889,8,3,0,2,9,3226,1990,1236,276,839,2387,6.61090401735896,6.99937185929648,5.98545822006473,5.99373188405797,6.5935041716329,6.61701984080436,229
"230",2020,8,6.09,10,6.41428571428571,5.33333333333333,5.5,5,6.21111111111111,7,3,2,1,9,3236,1997,1239,278,840,2396,6.60929430160692,6.99732098147221,5.9838792251816,5.99017985611511,6.59160714285715,6.61549514190317,230
"231",2020,9,6.88888888888889,9,7.33333333333333,6.66666666666667,7,6,7.14285714285714,3,6,3,2,7,3245,2000,1245,281,842,2403,6.61006975654854,6.997825,5.98716976706827,6.00096085409253,6.59020190023753,6.617031360799,231
"232",2020,10,6.45833333333333,12,5.91666666666667,7,NA,6.5,6.45,6,6,0,2,10,3257,2006,1251,281,844,2413,6.60951070310101,6.99459122632104,5.99202746602718,6.00096085409253,6.58998815165877,6.61633914629093,232
"233",2020,11,6.12857142857143,14,6.98,4,5,7,5.98333333333333,10,4,1,2,12,3271,2016,1255,282,846,2425,6.60745226536227,6.99451884920635,5.98567837450199,5.99741134751773,6.59095744680851,6.61320674639175,233
"234",2020,12,6.5625,16,6.79166666666667,5.875,NA,5.5,6.80769230769231,12,4,0,3,13,3287,2028,1259,282,849,2438,6.60723345299665,6.99331854043393,5.98532673550437,5.99741134751773,6.58710247349824,6.6142437899918,234
"235",2021,1,6.38235294117647,17,6.86363636363636,5.5,7,5.33333333333333,6.60714285714286,11,6,1,3,14,3304,2039,1265,283,852,2452,6.60607638014528,6.99261893084846,5.98302479051383,6.00095406360424,6.58268779342723,6.61420324632953,235
"236",2021,2,6.97368421052632,19,7.15384615384615,6.58333333333333,6.66666666666667,7.5,6.83333333333333,13,6,3,4,15,3323,2052,1271,286,856,2467,6.60817826060788,6.99364035087719,5.9858586624705,6.00793706293706,6.58697429906542,6.6155356141062,236
"237",2021,3,6.45075,8,7.1812,5.23333333333333,4,7.053,6.25,5,3,1,2,6,3331,2057,1274,287,858,2473,6.60780016811768,6.99409625668449,5.98408662480377,6.00094076655052,6.58806060606061,6.61464875050546,237
"238",2021,4,6.61111111111111,9,6,7.1,NA,7.5,6.16666666666667,4,5,0,3,6,3340,2061,1279,287,861,2479,6.60780908982036,6.99216690926735,5.98844906958561,6.00094076655052,6.5912380952381,6.61356448567971,238
"239",2021,5,6.38181818181818,11,6.6,6,6,6.25,6.45714285714286,7,4,1,4,7,3351,2068,1283,288,865,2486,6.6070672515667,6.99083945841393,5.98848508183944,6.0009375,6.58966011560694,6.61312403861625,239
"240",2021,6,7.07142857142857,14,7.2,7,5.5,7.33333333333333,6.6,5,9,1,9,5,3365,2073,1292,289,874,2491,6.60899921545319,6.99134394597202,5.99553123839009,5.99920415224914,6.59731807780321,6.61309769570454,240
"241",2021,7,6.79090909090909,11,6.9,6.5,6.5,7.35,6.66666666666667,8,3,1,2,9,3376,2081,1295,290,876,2500,6.60959193127962,6.99099279192696,5.99669989189189,6.00093103448276,6.59903652968037,6.613290544,241
"242",2021,8,5.72315789473684,19,6.74888888888889,4.8,5.66666666666667,5,5.85875,9,10,3,3,16,3395,2090,1305,293,879,2516,6.60463103387334,6.98995023923445,5.98752977777778,5.99750853242321,6.59357906712173,6.60849219395867,242
"243",2021,9,7.5,9,7.92857142857143,6,NA,9,7.07142857142857,7,2,0,2,7,3404,2097,1307,293,881,2523,6.60699834312573,6.99308345255127,5.9875488599847,5.99750853242321,6.59904199772985,6.60977659928657,243
"244",2021,10,6.62416666666667,12,7.055,6.19333333333333,NA,8,6.49909090909091,6,6,0,1,11,3416,2103,1313,293,882,2534,6.60705865339578,6.99326010461246,5.98848923076923,5.99750853242321,6.60063038548753,6.60929611681137,244
"245",2021,11,6.5,8,7.83333333333333,5.7,5.5,5.33333333333333,7.2,3,5,3,3,5,3424,2106,1318,296,885,2539,6.60680851635514,6.99445679012346,5.98739481031866,5.99246621621622,6.59633446327684,6.61045937770776,245
"246",2021,12,6.70909090909091,11,6.97142857142857,6.25,NA,7.5,6.53333333333333,7,4,0,2,9,3435,2113,1322,296,887,2548,6.60713605822416,6.99438050165641,5.98818937972768,5.99246621621622,6.59837204058625,6.6101869544741,246
"247",2022,1,6.82272727272727,22,7.07333333333333,6.28571428571429,6,6.5,6.855,15,7,1,2,20,3457,2128,1329,297,889,2568,6.6085080590107,6.99493703007519,5.9897564785553,5.99249158249158,6.59815073115861,6.61209359813084,247
"248",2022,2,6.375,20,6.63333333333333,5.6,8,6.33333333333333,6.38235294117647,15,5,1,3,17,3477,2143,1334,298,892,2585,6.60716490077653,6.99240597293514,5.9882956221889,5.99922818791946,6.5972600896861,6.6105827311412,248
"249",2022,3,6.93666666666667,9,8.375,5.786,5,5.64333333333333,7.58333333333333,4,5,1,3,6,3486,2147,1339,299,895,2591,6.60801559380379,6.99498183511877,5.9875402240478,5.99588628762542,6.59406256983241,6.61283533770745,249
"250",2022,4,6.33333333333333,12,6.75,6.125,6.5,NA,6.33333333333333,4,8,2,0,12,3498,2151,1347,301,895,2603,6.60707328759291,6.99452626685263,5.98835661469933,5.99923588039867,6.59406256983241,6.61154681521322,250
"251",2022,5,6.46875,8,6.16666666666667,6.65,NA,4,6.82142857142857,3,5,0,1,7,3506,2154,1352,301,896,2610,6.60675766115231,6.99337325905293,5.99080352071006,5.99923588039867,6.59116741071429,6.6121097164751,251
"252",2022,6,6.725,16,7.21428571428571,6.34444444444444,NA,5.5,6.9,7,9,0,2,14,3522,2161,1361,301,898,2624,6.60729482112436,6.99408884775567,5.99314207200588,5.99923588039867,6.58873719376392,6.61364571646342,252
"253",2022,7,6.40909090909091,11,7.375,5.85714285714286,6,5,6.55,4,7,1,1,10,3533,2165,1368,302,899,2634,6.60667771299179,6.99479260969977,5.99244616959064,5.99923841059603,6.58696996662959,6.61340408504176,253
"254",2022,8,7.22666666666667,15,7.44,6.8,6,7.5,7.12727272727273,10,5,1,4,11,3548,2175,1373,303,903,2645,6.60929886133033,6.99683954022989,5.99538700655499,5.99924092409241,6.59101439645626,6.61554115689981,254
