"","year","month","avg_rating","no_ratings","avg_rating_owned","avg_rating_not_owned","avg_rating_prev_owned","avg_rating_comment","avg_rating_no_comment","no_ratings_owned","no_ratings_not_owned","no_ratings_prev_owned","no_ratings_comment","no_ratings_no_comment","cum_no_ratings","cum_no_ratings_owned","cum_no_ratings_not_owned","cum_no_ratings_prev_owned","cum_no_ratings_comment","cum_no_ratings_no_comment","cum_avg_rating","cum_avg_rating_owned","cum_avg_rating_not_owned","cum_avg_rating_prev_owned","cum_avg_rating_comment","cum_avg_rating_no_comment","month_after_release"
"1",2009,6,7.16666666666667,6,7.66666666666667,6.66666666666667,NA,7,7.33333333333333,3,3,0,3,3,6,3,3,0,3,3,7.16666666666667,7.66666666666667,6.66666666666667,NA,7,7.33333333333333,0
"2",2009,7,7.70507246376812,69,8.23777777777778,6.70625,7.875,7.97241379310345,7.51125,45,24,6,29,40,75,48,27,6,32,43,7.662,8.20208333333333,6.70185185185185,7.875,7.88125,7.49883720930233,1
"3",2009,8,7.30064102564103,156,7.95535714285714,6.53680555555556,7.21,7.0195652173913,7.5235632183908,84,72,20,69,87,231,132,99,26,101,130,7.41796536796537,8.04507575757576,6.58181818181818,7.36346153846154,7.29257425742574,7.51538461538462,2
"4",2009,9,7.17889908256881,109,7.90909090909091,6.05813953488372,7.14285714285714,6.86904761904762,7.37313432835821,66,43,7,42,67,340,198,142,33,143,197,7.34132352941177,7.99974747474747,6.42323943661972,7.31666666666667,7.16818181818182,7.46700507614213,3
"5",2009,10,7.26918604651163,86,8.123,6.08333333333333,7,7.01166666666667,7.40714285714286,50,36,10,30,56,426,248,178,43,173,253,7.32676056338028,8.02459677419355,6.35449438202247,7.24302325581395,7.14104046242775,7.45375494071146,4
"6",2009,11,7.18882352941176,85,7.78804347826087,6.48205128205128,6.85,7.01724137931035,7.27767857142857,46,39,10,29,56,511,294,217,53,202,309,7.30381604696673,7.9875850340136,6.37741935483871,7.1688679245283,7.12326732673267,7.42184466019417,5
"7",2009,12,7.475,106,7.9484126984127,6.78139534883721,6.8125,7.51184210526316,7.45441176470588,63,43,16,38,68,617,357,260,69,240,377,7.33322528363047,7.98067226890756,6.44423076923077,7.08623188405797,7.18479166666667,7.42771883289125,6
"8",2010,1,7.59438775510204,98,7.85661764705882,7,7.5,7.80454545454545,7.48769230769231,68,30,5,33,65,715,425,290,74,273,442,7.36902097902098,7.96082352941176,6.50172413793103,7.11418918918919,7.25970695970696,7.43653846153846,7
"9",2010,2,7.469375,80,7.875,6.79333333333333,7.3,7.252,7.56818181818182,50,30,10,25,55,795,475,320,84,298,497,7.37911949685535,7.95178947368421,6.5290625,7.13630952380952,7.25906040268456,7.45110663983903,8
"10",2010,3,7.32470588235294,85,7.98085106382979,6.51315789473684,6.96428571428571,7.22,7.38181818181818,47,38,14,30,55,880,522,358,98,328,552,7.37386363636364,7.9544061302682,6.52737430167598,7.11173469387755,7.25548780487805,7.44420289855072,9
"11",2010,4,7.36268656716418,67,7.83421052631579,6.7448275862069,6.57,6.31666666666667,7.59090909090909,38,29,10,12,55,947,560,387,108,340,607,7.37307286166843,7.94625,6.543669250646,7.06157407407408,7.22235294117647,7.45749588138385,10
"12",2010,5,7.40289855072464,69,7.98684210526316,6.68709677419355,6.70833333333333,7.132,7.55681818181818,38,31,12,25,44,1016,598,418,120,365,651,7.37509842519685,7.94882943143813,6.55430622009569,7.02625,7.21616438356164,7.4642089093702,11
"13",2010,6,7.28209014705882,68,7.52321394736842,6.97666666666667,6.8,7.26581571428571,7.28936170212766,38,30,9,21,47,1084,636,448,129,386,698,7.36926395756458,7.9233995754717,6.58258928571429,7.01046511627907,7.21886562176166,7.45243553008596,12
"14",2010,7,6.68898305084746,59,7.54166666666667,5.80689655172414,6.41666666666667,7.18421052631579,6.45375,30,29,12,19,40,1143,666,477,141,405,738,7.33414884514436,7.9062043993994,6.53542976939204,6.95992907801419,7.21723982716049,7.39830623306233,13
"15",2010,8,7.19848484848485,66,7.7,6.32083333333333,5.175,6.80967741935484,7.54285714285714,42,24,4,31,35,1209,708,501,145,436,773,7.32674287014061,7.89397193502825,6.5251497005988,6.91068965517241,7.18826176605505,7.40485122897801,14
"16",2010,9,7.106,50,7.62857142857143,6.44090909090909,6.72222222222222,7.37333333333333,6.99142857142857,28,22,9,15,35,1259,736,523,154,451,808,7.31797627482129,7.88387517663043,6.52160611854685,6.89967532467533,7.19441713968958,7.38694306930693,15
"17",2010,10,7.04769230769231,65,7.56,6.45,6.54545454545455,6.43125,7.24897959183673,35,30,11,16,49,1324,771,553,165,467,857,7.3047070468278,7.86917267185473,6.51772151898734,6.87606060606061,7.16827008565311,7.37905484247374,16
"18",2010,11,7.20833333333333,66,7.84722222222222,6.44166666666667,6.09375,6.4,7.55978260869565,36,30,8,20,46,1390,807,583,173,487,903,7.30013102877698,7.86819346964064,6.51380789022299,6.83988439306358,7.13671895277207,7.38826135105205,17
"19",2010,12,7.14044943820225,89,7.74791666666667,6.42926829268293,6.42307692307692,6.81136363636364,7.24850746268657,48,41,13,22,67,1479,855,624,186,509,970,7.29052206220419,7.8614410877193,6.5082532051282,6.81075268817204,7.12265644400786,7.37860824742268,18
"20",2011,1,6.98866666666667,75,7.59222222222222,6.08333333333333,6.3,6.71428571428571,7.15212765957447,45,30,10,28,47,1554,900,654,196,537,1017,7.27595375160875,7.84798014444444,6.48876146788991,6.78469387755102,7.10136337057728,7.36814159292035,19
"21",2011,2,7.07246376811594,69,7.44722222222222,6.66363636363636,7.09,6.63333333333333,7.19444444444444,36,33,10,15,54,1623,936,687,206,552,1071,7.26730260628466,7.83256637820513,6.4971615720524,6.7995145631068,7.08864516304348,7.3593837535014,20
"22",2011,3,7.24859154929577,71,7.50108695652174,6.784,6.56,6.88269230769231,7.46,46,25,10,26,45,1694,982,712,216,578,1116,7.26651837662338,7.81703882892057,6.50723314606742,6.78842592592593,7.07938084775086,7.36344086021505,21
"23",2011,4,7.22137254901961,51,7.72653846153846,6.696,6.8,7.26857142857143,7.18833333333333,26,25,10,21,30,1745,1008,737,226,599,1146,7.26519892836676,7.81470449404762,6.51363636363636,6.78893805309735,7.08601357262104,7.35885689354276,22
"24",2011,5,7.1,54,7.62903225806452,6.38695652173913,6.25,6.26923076923077,7.36341463414634,31,23,6,13,41,1799,1039,760,232,612,1187,7.26024020566982,7.80916470644851,6.50980263157895,6.775,7.06866361111111,7.35901432181971,23
"25",2011,6,6.722,50,7.44814814814815,5.8695652173913,6.5,5.99230769230769,6.97837837837838,27,23,8,13,37,1849,1066,783,240,625,1224,7.24568530557058,7.80002075984991,6.49099616858237,6.76583333333333,7.046275408,7.34750816993464,24
"26",2011,7,6.75957446808511,47,7.57857142857143,5.55263157894737,5.42857142857143,6.7,6.79032258064516,28,19,7,16,31,1896,1094,802,247,641,1255,7.23363508966245,7.79435295246801,6.46876558603491,6.72793522267207,7.03763202808112,7.33374501992032,25
"27",2011,8,6.603,50,7.275,6.075,7.08333333333333,5.88529411764706,6.97272727272727,22,28,6,17,33,1946,1116,830,253,658,1288,7.21743172147996,7.78411481182796,6.45548192771084,6.73636363636364,7.00786037993921,7.32449534161491,26
"28",2011,9,6.62702702702703,37,8.05882352941176,5.41,5.0625,5.97692307692308,6.97916666666667,17,20,8,13,24,1983,1133,850,261,671,1312,7.20641559757943,7.7882366548985,6.43088235294118,6.68505747126437,6.98788692995529,7.31817835365854,27
"29",2011,10,7.13207547169811,53,7.61290322580645,6.45454545454545,6.25,6.14375,7.55945945945946,31,22,6,16,37,2036,1164,872,267,687,1349,7.20448041748527,7.78356712199313,6.43147935779816,6.67528089887641,6.96822726346434,7.32479614529281,28
"30",2011,11,6.97589285714286,56,7.36125,6.0125,5,6.92142857142857,6.99404761904762,40,16,7,14,42,2092,1204,888,274,701,1391,7.19836143881453,7.76953665282392,6.42393018018018,6.63248175182482,6.96729262482168,7.31480948957584,29
"31",2011,12,7.42592592592593,54,7.85151515151515,6.75714285714286,6.3125,7,7.48936170212766,33,21,8,7,47,2146,1237,909,282,708,1438,7.20408766542405,7.77172362974939,6.43162816281628,6.62340425531915,6.96761600282486,7.32051460361613,30
"32",2012,1,7.2804347826087,69,8.04125,6.23103448275862,6.27,7.01333333333333,7.35462962962963,40,29,10,15,54,2215,1277,938,292,723,1492,7.20646597291196,7.78016611589663,6.42542643923241,6.61130136986301,6.96856449515906,7.32174932975871,31
"33",2012,2,7.03181818181818,44,8.04761904761905,6.10434782608696,6.6,6.86363636363636,7.08787878787879,21,23,5,11,33,2259,1298,961,297,734,1525,7.20306424524126,7.78449316640986,6.41774193548387,6.61111111111111,6.96699200272479,7.31668852459016,32
"34",2012,3,7.31276595744681,47,7.81612903225806,6.3375,6.75,7.5,7.26842105263158,31,16,9,9,38,2306,1329,977,306,743,1563,7.20530014310495,7.78523109857035,6.41642784032753,6.61519607843137,6.97344835800807,7.31551503518874,33
"35",2012,4,7.00810810810811,37,7.76363636363636,5.9,6.375,6.79166666666667,7.112,22,15,4,12,25,2343,1351,992,310,755,1588,7.20218614169868,7.78487944485566,6.4086189516129,6.61209677419355,6.97055911258278,7.31231108312342,34
"36",2012,5,6.85625,32,7.70625,6.00625,5.2,6.82,6.87272727272727,16,16,5,10,22,2375,1367,1008,315,765,1610,7.19752510736842,7.78395912948061,6.40223214285714,6.58968253968254,6.96859101960784,7.30630434782609,35
"37",2012,6,6.50666666666667,30,7.07894736842105,5.51818181818182,5.1,6.32,6.544,19,11,4,5,25,2405,1386,1019,319,770,1635,7.18890733056133,7.77429446608947,6.39268891069676,6.57100313479624,6.96437938961039,7.29464831804281,36
"38",2012,7,7.69574468085106,47,8.15172413793104,6.96111111111111,7.125,7.75833333333333,7.67428571428571,29,18,4,12,35,2452,1415,1037,323,782,1670,7.19862240212072,7.78202977385159,6.40255544840887,6.57786377708978,6.97656282608696,7.30260479041916,37
"39",2012,8,6.93548387096774,31,7.70833333333333,5.86538461538461,6.66666666666667,6.36111111111111,7.17045454545455,18,13,3,9,22,2483,1433,1050,326,791,1692,7.19533714458317,7.781104068388,6.39590476190476,6.57868098159509,6.96956021491783,7.30088652482269,38
"40",2012,9,6.82564102564103,39,7.71363636363636,5.67647058823529,5.5,6.75,6.84516129032258,22,17,6,8,31,2522,1455,1067,332,799,1723,7.18962019429025,7.78008393814433,6.38444236176195,6.55918674698795,6.96736186483104,7.29268717353453,39
"41",2012,10,6.6890243902439,41,7.35208333333333,5.75294117647059,5.82857142857143,5.88461538461539,7.0625,24,17,7,13,28,2563,1479,1084,339,812,1751,7.1816122239563,7.77313869506423,6.37453874538745,6.54410029498525,6.95002725369458,7.2890062821245,40
"42",2012,11,7.35526315789474,57,7.82894736842105,6.40789473684211,6.55555555555556,7.58333333333333,7.29444444444444,38,19,9,12,45,2620,1517,1103,348,824,1796,7.1853901259542,7.77453667106131,6.37511332728921,6.54439655172414,6.95925015776699,7.2891425389755,41
"43",2012,12,7.11525423728814,59,7.88918918918919,5.81363636363636,6.16666666666667,6.49090909090909,7.25833333333333,37,22,6,11,48,2679,1554,1125,354,835,1844,7.18384551325121,7.77726649292149,6.36413333333333,6.53799435028249,6.95308039520958,7.28834056399132,42
"44",2013,1,7.41785714285714,70,7.78488372093023,6.83333333333333,6.85,7.0875,7.55,43,27,10,20,50,2749,1597,1152,364,855,1894,7.18980433975991,7.77747159048215,6.37513020833333,6.54656593406594,6.95622471345029,7.29524815205913,43
"45",2013,2,7.28833333333333,60,7.67,6.525,6.25,6.56153846153846,7.48936170212766,40,20,4,13,47,2809,1637,1172,368,868,1941,7.19190891064436,7.77484552840562,6.37768771331058,6.54334239130435,6.95031351382488,7.29994848016486,44
"46",2013,3,7.43017777777778,45,7.93076923076923,6.74515789473684,6.75,6.4372,7.92666666666667,26,19,6,15,30,2854,1663,1191,374,883,1971,7.19566577785564,7.77728330126278,6.38354995801847,6.5466577540107,6.94159697621744,7.30948756976154,45
"47",2013,4,7.79787234042553,47,8.03125,7.3,6.6,7.64285714285714,7.86363636363636,32,15,5,14,33,2901,1695,1206,379,897,2004,7.20542231299552,7.78207795280236,6.39494859038142,6.54736147757256,6.9525419509476,7.3186127744511,46
"48",2013,5,7.034,50,7.51785714285714,6.41818181818182,6.22727272727273,6.15333333333333,7.41142857142857,28,22,11,15,35,2951,1723,1228,390,912,2039,7.20251783463233,7.77778417295415,6.3953648208469,6.53833333333333,6.93939707236842,7.32020598332516,47
"49",2013,6,6.96923076923077,39,7.38421052631579,6.575,6.66666666666667,6.45833333333333,7.1962962962963,19,20,9,12,27,2990,1742,1248,399,924,2066,7.19947495986622,7.77349146383467,6.39824358974359,6.54122807017544,6.93314949134199,7.31858664085189,48
"50",2013,7,7.21129032258064,62,7.8,6.58333333333333,6.79,6.65,7.375,32,30,10,14,48,3052,1774,1278,409,938,2114,7.1997149836173,7.77396963359639,6.40258841940532,6.54731051344743,6.92892337953092,7.31986754966887,49
"51",2013,8,7.28285714285714,70,7.92558139534884,6.25925925925926,5.875,6.98421052631579,7.39411764705882,43,27,8,19,51,3122,1817,1305,417,957,2165,7.20157915759129,7.77755758392955,6.39962298850575,6.53441247002398,6.93002103448276,7.32161662817552,50
"52",2013,9,7.41549295774648,71,8.17236842105263,6.54393939393939,6.16666666666667,8.00416666666667,7.29576271186441,38,33,6,12,59,3193,1855,1338,423,969,2224,7.2063357751331,7.78564535309973,6.40318236173393,6.52919621749409,6.94332314757482,7.32093075539568,51
"53",2013,10,7.25,62,7.90833333333333,6.33846153846154,6.25,7.875,7.03260869565217,36,26,8,16,46,3255,1891,1364,431,985,2270,7.20716747465438,7.78798103120042,6.4019486803519,6.52401392111369,6.95845698477157,7.31508810572687,52
"54",2013,11,7.425,84,7.97592592592593,6.43333333333333,7.35,7.53888888888889,7.39393939393939,54,30,10,18,66,3339,1945,1394,441,1003,2336,7.21264753818509,7.79319903856041,6.40262410329986,6.54274376417234,6.96887350947159,7.31731592465753,53
"55",2013,12,7.38285714285714,70,8.045,6.5,6.31818181818182,7.5,7.35614035087719,40,30,11,13,57,3409,1985,1424,452,1016,2393,7.21614260193605,7.79827311335012,6.40467556179775,6.53727876106195,6.97566941929134,7.31824070204764,54
"56",2014,1,7.33085106382979,94,7.71967213114754,6.61212121212121,7.07,7.42631578947368,7.30666666666667,61,33,10,19,75,3503,2046,1457,462,1035,2468,7.21922070510991,7.79592968230694,6.40937405628003,6.54880952380952,6.98394215458937,7.31788897893031,55
"57",2014,2,7.7521978021978,91,8.32090909090909,6.88333333333333,7.125,7.659375,7.772,55,36,16,16,75,3594,2101,1493,478,1051,2543,7.23271567334446,7.80967259876249,6.42080241125251,6.56809623430962,6.9942246717412,7.33128195045222,56
"58",2014,3,7.27413793103448,87,7.81020408163265,6.58289473684211,6.38846153846154,6.83076923076923,7.35202702702703,49,38,13,13,74,3681,2150,1531,491,1064,2617,7.23369468350992,7.80968471162791,6.42482560418027,6.56334012219959,6.99222756578947,7.33186855177684,57
"59",2014,4,7.59864197530864,81,8.03901960784314,6.85,6.92857142857143,6.88235294117647,7.78890625,51,30,7,17,64,3762,2201,1561,498,1081,2681,7.24155240031898,7.81499869604725,6.43299679692505,6.56847389558233,6.99049965772433,7.34277881387542,58
"60",2014,5,7.80625,64,8.25833333333333,7.225,6.6,6.75,8.00185185185185,36,28,10,10,54,3826,2237,1589,508,1091,2735,7.25099846576059,7.82213327223961,6.44695280050346,6.56909448818898,6.98829526122823,7.3557915904936,59
"61",2014,6,7.20754716981132,53,7.76666666666667,6.47826086956522,7.1,6.9,7.27906976744186,30,23,10,10,43,3879,2267,1612,518,1101,2778,7.25040477700438,7.82139926334363,6.44739950372208,6.57934362934363,6.98749330608538,7.35460403167747,60
"62",2014,7,7.4455,100,8.00172413793103,6.67738095238095,7.09210526315789,7.45,7.444375,58,42,19,20,80,3979,2325,1654,537,1121,2858,7.25530789896959,7.82589769032258,6.45323941958887,6.59748603351955,6.99574498661909,7.35711686494052,61
"63",2014,8,7.6672619047619,84,8.08166666666667,6.63125,6.41875,7.71136363636364,7.65161290322581,60,24,8,22,62,4063,2385,1678,545,1143,2920,7.2638247920256,7.83233212997904,6.45578545887962,6.5948623853211,7.00951892388452,7.3633698630137,62
"64",2014,9,7.56578947368421,76,7.92037037037037,6.69545454545455,7.07142857142857,7.5,7.578125,54,22,7,12,64,4139,2439,1700,552,1155,2984,7.26936944431022,7.83428131611316,6.45888705882353,6.60090579710145,7.01461483116883,7.36797587131367,63
"65",2014,10,7.32325301204819,83,7.775,6.76162162162162,6.970625,7.27,7.3390625,46,37,16,19,64,4222,2485,1737,568,1174,3048,7.27042873756514,7.83318395573441,6.46533563615429,6.61132042253521,7.01874798126065,7.3673687664042,64
"66",2014,11,7.01607594936709,79,7.45255319148936,6.375,6.79166666666667,6.65111111111111,7.12377049180328,47,32,12,18,61,4301,2532,1769,580,1192,3109,7.26575683096954,7.82611853475514,6.46370152628604,6.61505172413793,7.01319641778523,7.36258925699582,65
"67",2014,12,7.30561797752809,89,8.053,6.3474358974359,6.555,7.65625,7.22876712328767,50,39,10,16,73,4390,2582,1808,590,1208,3182,7.2665649498861,7.83051205654532,6.46119358407079,6.61403389830509,7.02171368377483,7.35951917033312,66
"68",2015,1,7.3816,125,7.90602409638554,6.34523809523809,6.39473684210526,7.46153846153846,7.37232142857143,83,42,19,13,112,4515,2665,1850,609,1221,3294,7.26974975193798,7.83286383864916,6.45856108108108,6.6071921182266,7.0263965028665,7.35995446265938,67
"69",2015,2,7.40675675675676,74,7.98,6.51724137931035,7.4375,7.23529411764706,7.45789473684211,45,29,8,17,57,4589,2710,1879,617,1238,3351,7.27195906079756,7.83530705904059,6.45946673762639,6.61795786061588,7.02926504846527,7.36162041181737,68
"70",2015,3,7.34285714285714,77,7.61041666666667,6.9,6.8,6.64,7.51290322580645,48,29,10,15,62,4666,2758,1908,627,1253,3413,7.27312904629233,7.83139308556925,6.46616247379455,6.62086124401914,7.0246050518755,7.36436859068268,69
"71",2015,4,7.13238636363636,88,8.06792452830189,5.71571428571429,5.59166666666667,7.38076923076923,7.08933333333333,53,35,6,13,75,4754,2811,1943,633,1266,3488,7.27052379680269,7.83585276769833,6.45264436438497,6.61110584518168,7.02826234597156,7.35845470183486,70
"72",2015,5,7.36724137931034,58,7.64117647058824,6.97916666666667,7.16666666666667,7.5,7.34901960784314,34,24,6,7,51,4812,2845,1967,639,1273,3539,7.27168955320033,7.83352623198594,6.45906863243518,6.61632237871675,7.03085634721131,7.35831873410568,71
"73",2015,6,7.13681818181818,66,7.53720930232558,6.38826086956522,6.77272727272727,7.03636363636364,7.15690909090909,43,23,11,11,55,4878,2888,1990,650,1284,3594,7.26986472529725,7.82911431094183,6.45825025125628,6.61896923076923,7.03090352803738,7.35523650528659,72
"74",2015,7,7.16038961038961,77,7.87209302325581,6.26029411764706,5.8,6.82142857142857,7.23571428571429,43,34,7,14,63,4955,2931,2024,657,1298,3657,7.2681634974773,7.82974484135107,6.45492490118577,6.61024353120244,7.02864416795069,7.35317746786984,73
"75",2015,8,7.4989247311828,93,7.81896551724138,6.96857142857143,7.12222222222222,7.63888888888889,7.46533333333333,58,35,9,18,75,5048,2989,2059,666,1316,3732,7.27241484350238,7.82953567413851,6.4636561437591,6.61716216216216,7.03699098024316,7.35543140407288,74
"76",2015,9,7.50675,80,7.87725490196078,6.8551724137931,7.08888888888889,7.53846153846154,7.50059701492537,51,29,9,13,67,5128,3040,2088,675,1329,3799,7.27607061817473,7.83033622697369,6.4690938697318,6.62345185185185,7.04189626034613,7.35799157673072,75
"77",2015,10,7.2023595505618,89,7.46209677419355,6.60592592592593,6.36222222222222,7.18,7.20426829268293,62,27,9,7,82,5217,3102,2115,684,1336,3881,7.27481313590186,7.8229761863314,6.47084066193853,6.62001461988304,7.04261985778443,7.35474362277763,76
"78",2015,11,7.02171717171717,99,7.96916666666667,5.56410256410256,6.06,7.37,6.98258426966292,60,39,15,10,89,5316,3162,2154,699,1346,3970,7.2700997234763,7.82575019924099,6.45442339832869,6.60799713876967,7.045052102526,7.34640050377834,77
"79",2015,12,7.30650406504065,123,7.65641025641026,6.7,7.02272727272727,7.38636363636364,7.28910891089109,78,45,22,22,101,5439,3240,2199,721,1368,4071,7.27092298768156,7.82167349691358,6.45944884038199,6.62065187239945,7.05054103070176,7.34497912060919,78
"80",2016,1,7.23568345323741,139,7.7779012345679,6.47844827586207,6.76052631578947,7.36393939393939,7.19575471698113,81,58,19,33,106,5578,3321,2257,740,1401,4177,7.27004484223736,7.82060588075881,6.45993708462561,6.62424324324324,7.05792300499643,7.34119224323677,79
"81",2016,2,7.13207872340426,94,7.73302413793103,6.16388888888889,6.17,6.47654,7.21011904761905,58,36,10,10,84,5672,3379,2293,750,1411,4261,7.26775837976023,7.81910255401006,6.4552891408635,6.61818666666667,7.05380264351524,7.33860830790894,80
"82",2016,3,7.23956896551724,116,7.57632352941176,6.7625,6.53571428571429,6.32352941176471,7.39686868686869,68,48,14,17,99,5788,3447,2341,764,1428,4360,7.26719342259848,7.81431317957644,6.46158821016659,6.61667539267016,7.04510891456583,7.33993119266055,81
"83",2016,4,7.04441964285714,112,7.68940677966102,6.32641509433962,6.79166666666667,6.5125,7.13307291666667,59,53,12,16,96,5900,3506,2394,776,1444,4456,7.26296449661017,7.81221121791215,6.45859565580618,6.61938144329897,7.03920743074792,7.33547464093357,82
"84",2016,5,7.29622641509434,106,7.9203125,6.34523809523809,6.875,7.38235294117647,7.27977528089888,64,42,12,17,89,6006,3570,2436,788,1461,4545,7.26355153679654,7.81414916806723,6.45664121510673,6.62327411167513,7.04320022587269,7.33438393839384,83
"85",2016,6,7.1503,100,7.91761194029851,5.59242424242424,6.596875,5.29210526315789,7.58617283950617,67,33,16,19,81,6106,3637,2469,804,1480,4626,7.26169677857845,7.81605513610118,6.4450903199676,6.62274875621891,7.0207199527027,7.33879269347168,84
"86",2016,7,7.15510204081633,98,7.9530612244898,6.35714285714286,6.14285714285714,7.17826086956522,7.148,49,49,14,23,75,6204,3686,2518,818,1503,4701,7.26001298033527,7.8178764324471,6.44337887212073,6.61453545232274,7.02313075848304,7.33574877685599,85
"87",2016,8,7.01063829787234,94,7.63392857142857,6.09210526315789,6.38235294117647,7.125,6.98717948717949,56,38,17,16,78,6298,3742,2556,835,1519,4779,7.25629097014925,7.81512360502405,6.43815649452269,6.60980838323353,7.02420377221857,7.3300596359071,86
"88",2016,9,7.07692307692308,104,7.75,5.90789473684211,6.6,6.96153846153846,7.09340659340659,66,38,10,13,91,6402,3808,2594,845,1532,4870,7.25337715245236,7.81399488707983,6.43038858905166,6.60969230769231,7.02367201697128,7.32563757700206,87
"89",2016,10,7.1865,130,7.71007246376812,6.59426229508197,6.8875,6.49259259259259,7.36839805825243,69,61,20,27,103,6532,3877,2655,865,1559,4973,7.25204616197183,7.81214535207635,6.43415367231638,6.61611560693642,7.01447436177037,7.32652322541726,88
"90",2016,11,7.39595588235294,136,7.87722222222222,6.45434782608696,6.1875,7.26666666666667,7.42798165137615,90,46,8,27,109,6668,3967,2701,873,1586,5082,7.25498133323335,7.8136217620368,6.43449759348389,6.61218785796106,7.01876767339218,7.32869933097206,89
"91",2016,12,7.34,140,7.70463917525773,6.51744186046512,6.34375,7.39230769230769,7.3280701754386,97,43,16,26,114,6808,4064,2744,889,1612,5196,7.2567296606933,7.81102055364173,6.43579737609329,6.60735658042745,7.02479251240695,7.32868552732872,90
"92",2017,1,7.20424120603015,199,7.66115702479339,6.4954358974359,6.78787878787879,7.07962962962963,7.2238023255814,121,78,33,27,172,7007,4185,2822,922,1639,5368,7.25523897959184,7.80668758183991,6.43744578313253,6.61381778741866,7.02569586943258,7.32532488822653,91
"93",2017,2,7.30588235294118,119,7.74324324324324,6.58666666666667,6.78571428571429,7.1,7.34257425742574,74,45,14,18,101,7126,4259,2867,936,1657,5469,7.25608469407802,7.80558523831885,6.43978793163585,6.61638888888889,7.02650303560652,7.32564344487109,92
"94",2017,3,7.07881355932203,118,7.73851351351351,5.96931818181818,5.85769230769231,6.540625,7.16323529411765,74,44,13,16,102,7244,4333,2911,949,1673,5571,7.25319706377692,7.80443977152089,6.43267674338715,6.60599578503688,7.02185626419606,7.32266989768444,93
"95",2017,4,7.46535353535354,99,7.97730158730159,6.56944444444444,6.32142857142857,8.40538461538462,7.32325581395349,63,36,14,13,86,7343,4396,2947,963,1686,5657,7.2560574056925,7.80691709053685,6.43434747200543,6.60185877466251,7.03252403914591,7.32267880502033,94
"96",2017,5,6.87826923076923,104,7.59913793103448,5.96934782608696,6.35833333333333,6.74722222222222,6.9056976744186,58,46,12,18,86,7447,4454,2993,975,1704,5743,7.25078145964818,7.80421138976201,6.42720080187103,6.59886153846154,7.02951028755869,7.31643461605433,95
"97",2017,6,7.24348214285714,112,7.8758064516129,6.4594,5.99666666666667,6.23333333333333,7.39969072164948,62,50,9,15,97,7559,4516,3043,984,1719,5840,7.25067330731578,7.80519431576617,6.427729871837,6.59335365853659,7.02256284467714,7.31781746575343,96
"98",2017,7,7.25663366336634,101,7.79098360655738,6.44175,6.44166666666667,6.98666666666667,7.3275,61,40,12,21,80,7660,4577,3083,996,1740,5920,7.25075189686684,7.80500492243828,6.42791177424586,6.59152610441767,7.02212961494253,7.31794831081081,97
"99",2017,8,7.4685393258427,89,7.76727272727273,6.98529411764706,6,7.40625,7.48219178082192,55,34,10,16,73,7749,4632,3117,1006,1756,5993,7.25325326235643,7.8045568933506,6.43399165864613,6.58564612326044,7.02562957289294,7.3199489404305,98
"100",2017,9,7.42658227848101,79,7.824,6.74137931034483,7.3,7.30769230769231,7.45,50,29,11,13,66,7828,4682,3146,1017,1769,6059,7.25500249489014,7.80476453011533,6.43682517482517,6.5933726647001,7.02770239118146,7.32136557187655,99
"101",2017,10,6.87712121212121,132,7.3547619047619,6.04125,5.26181818181818,6.75142857142857,6.9009009009009,84,48,11,21,111,7960,4766,3194,1028,1790,6170,7.2487361218593,7.79683330465799,6.43088040075141,6.57912451361868,7.02446118994414,7.31380129659643,100
"102",2017,11,7.1284,125,7.60986842105263,6.38163265306122,5.82142857142857,6.73076923076923,7.23282828282828,76,49,14,26,99,8085,4842,3243,1042,1816,6269,7.24687563760049,7.79389870508054,6.43013629355535,6.5689443378119,7.02025634911894,7.312522571383,101
"103",2017,12,7.21526315789474,114,7.96824561403509,6.46228070175439,6.47333333333333,6.55294117647059,7.33134020618557,57,57,15,17,97,8199,4899,3300,1057,1833,6366,7.24643609342603,7.79592723617065,6.43069151515151,6.56758751182592,7.01592227495908,7.31280929940308,102
"104",2018,1,7.21975609756098,164,7.83115384615385,6.16,6.29545454545455,6.91730769230769,7.27673913043478,104,60,22,26,138,8363,5003,3360,1079,1859,6504,7.24591289369843,7.79665951029382,6.42585773809524,6.56203892493049,7.0145430500269,7.31204397293973,103
"105",2018,2,6.967,90,7.68703703703704,5.88694444444444,5.76625,7.48888888888889,6.90901234567901,54,36,8,9,81,8453,5057,3396,1087,1868,6585,7.24294327812611,7.79548893217323,6.42014487632509,6.55618215271389,7.01682844218416,7.30708640850418,104
"106",2018,3,6.72594339622642,106,7.44237288135593,5.82659574468085,5.69444444444444,6.02631578947368,6.87873563218391,59,47,18,19,87,8559,5116,3443,1105,1887,6672,7.23654042878841,7.79141663995309,6.41204240487946,6.54214479638009,7.00685507684155,7.30150089928058,105
"107",2018,4,7.07554054054054,74,7.51156862745098,6.10869565217391,6.25,6.86666666666667,7.11596774193548,51,23,8,12,62,8633,5167,3466,1113,1899,6734,7.23516037646241,7.788654447455,6.41002942873629,6.54004492362983,7.00596921011059,7.29979269379269,106
"108",2018,5,7.07093333333333,75,7.73711111111111,6.07166666666667,6.56,6.46666666666667,7.222,45,30,10,15,60,8708,5212,3496,1123,1914,6794,7.23374592673404,7.78820942632387,6.40712585812357,6.54022261798754,7.00174270114943,7.29910568148366,107
"109",2018,6,6.65088885714286,70,7.42032157894737,5.7371875,6.5,6.1325,6.75814172413793,38,32,11,12,58,8778,5250,3528,1134,1926,6852,7.22909794372294,7.78554661904762,6.40104931972789,6.53983245149912,6.99632685877466,7.29452659369527,108
"110",2018,7,6.97352941176471,68,7.3063829787234,6.22857142857143,6.66666666666667,7.02083333333333,6.96339285714286,47,21,6,12,56,8846,5297,3549,1140,1938,6908,7.22713336536287,7.78129502548612,6.40002874049028,6.5405,6.99647860165119,7.29184224377533,109
"111",2018,8,7.3046052631579,76,7.80333333333333,6.58064516129032,6.27777777777778,7.635,7.25454545454545,45,31,9,10,66,8922,5342,3580,1149,1948,6974,7.22779329186281,7.78148067203295,6.40159273743017,6.53844212358573,6.99975643223819,7.29148927731574,110
"112",2018,9,7.22685714285714,70,7.54024390243902,6.78379310344828,6.41444444444444,6.96428571428571,7.2925,41,29,9,14,56,8992,5383,3609,1158,1962,7030,7.22778600422598,7.7796432751254,6.40466389581601,6.53747841105354,6.99950332823649,7.29149732859175,111
"113",2018,10,7.1367816091954,87,7.51153846153846,6.58,6.16666666666667,7.61333333333333,7.0375,52,35,9,15,72,9079,5435,3644,1167,1977,7102,7.2269139497742,7.77707815087397,6.40634796926454,6.53461868037704,7.00416061203844,7.28892230639257,112
"114",2018,11,7.34131313131313,99,7.80145161290323,6.57027027027027,6.3,7.08333333333333,7.39864197530864,62,37,10,18,81,9178,5497,3681,1177,1995,7183,7.22814793528001,7.77735305621248,6.40799565335506,6.53262531860663,7.00487495238095,7.29015957399415,113
"115",2018,12,7.12857142857143,84,7.50727272727273,6.41034482758621,5.89,7.20909090909091,7.11643835616438,55,29,10,11,73,9262,5552,3710,1187,2006,7256,7.22724484452602,7.77467754863113,6.4080140161725,6.52721145745577,7.00599478065803,7.28841182745314,114
"116",2019,1,6.81666666666667,105,7.29112903225806,6.13255813953488,6.34666666666667,6.01315789473684,6.99418604651163,62,43,15,19,86,9367,5614,3753,1202,2025,7342,7.22264244155012,7.76933732632704,6.40485798028244,6.52495840266223,6.99667927407408,7.28496543448652,115
"117",2019,2,7.19058823529412,68,7.68,6.09523809523809,6.33333333333333,7.5,7.15508196721311,47,21,3,7,61,9435,5661,3774,1205,2032,7403,7.22241142024377,7.7685956103162,6.40313513513513,6.52448132780083,6.99841315452756,7.28389520734837,116
"118",2019,3,6.85987012987013,77,7.40487804878049,6.23916666666667,6.61538461538461,7.15625,6.78213114754098,41,36,13,16,61,9512,5702,3810,1218,2048,7464,7.21947663477712,7.76598031392494,6.40158582677165,6.52545155993432,6.99964625488281,7.2797945096463,117
"119",2019,4,6.73317457142857,70,7.49057142857143,5.97577771428571,5.53333333333333,5.05,6.8909721875,35,35,9,6,64,9582,5737,3845,1227,2054,7528,7.21592402108119,7.76430011329963,6.39770981014304,6.51817440912796,6.99395108568647,7.27648890010627,118
"120",2019,5,7.23717948717949,78,8.11111111111111,6.04545454545455,6.125,7.5,7.17460317460317,45,33,8,15,63,9660,5782,3878,1235,2069,7591,7.21609564906832,7.76699926496022,6.39471227952553,6.51562753036437,6.99761987916868,7.27564331972072,119
"121",2019,6,6.86949152542373,59,7.67857142857143,6.13870967741935,6.28666666666667,5.81111111111111,7.06,28,31,15,9,50,9719,5810,3909,1250,2078,7641,7.21399155983126,7.76657310671257,6.39268207214121,6.51288,6.99248100577478,7.27423222614841,120
"122",2019,7,7.19470588235294,85,7.689,6.48857142857143,6.59090909090909,7.38888888888889,7.17171052631579,50,35,11,9,76,9804,5860,3944,1261,2087,7717,7.21382435434516,7.76591122013652,6.39353301724138,6.51356066613799,6.99419047915668,7.27322255280549,121
"123",2019,8,6.93141176470588,85,7.66666666666667,5.97756756756757,6.53722222222222,7.13333333333333,6.89821917808219,48,37,18,12,73,9889,5908,3981,1279,2099,7790,7.21139690261907,7.76510490013541,6.38966697312233,6.51389366692729,6.99498595998094,7.26970840051348,122
"124",2019,9,7.20769230769231,65,7.625,6.54,6.4375,7.29166666666667,7.18867924528302,40,25,8,12,53,9954,5948,4006,1287,2111,7843,7.21137271147277,7.76416270174849,6.39060514727908,6.5134188034188,6.99667244433918,7.26916083641464,123
"125",2019,10,6.87905405405405,74,7.5287037037037,5.125,6,4.38888888888889,7.22384615384615,54,20,5,9,65,10028,6002,4026,1292,2120,7908,7.20892041982449,7.7620442769077,6.38431798807749,6.51143188854489,6.98560166509434,7.2687883712696,124
"126",2019,11,7.26875,64,7.89736842105263,6.35,6,7.52380952380952,7.14418604651163,38,26,10,21,43,10092,6040,4052,1302,2141,7951,7.20929983848593,7.76289565397351,6.38409778381046,6.50750384024578,6.99088067725362,7.2681145063514,125
"127",2019,12,7.24846153846154,91,7.76516666666667,6.24838709677419,5.91666666666667,6.93933333333333,7.30947368421053,60,31,6,15,76,10183,6100,4083,1308,2156,8027,7.20964980555828,7.76291799180328,6.38306740631888,6.50479357798165,6.99052204545455,7.26850609692289,126
"128",2020,1,6.8407476635514,107,7.32193548387097,6.17777777777778,5.5,6.18588235294118,6.96444444444444,62,45,13,17,90,10290,6162,4128,1321,2173,8117,7.20581379689018,7.75848097208699,6.38082951065891,6.49490537471613,6.98422711919006,7.26513470986818,127
"129",2020,2,6.80727646341463,82,7.71083340909091,5.76105263157895,6.581875,7.04166666666667,6.76709528571429,44,38,16,12,70,10372,6206,4166,1337,2185,8187,7.20266300038565,7.75814315501128,6.37517624099856,6.49594614809275,6.98454257665904,7.26087640283376,128
"130",2020,3,7.04151515151515,66,7.67590909090909,5.77272727272727,6,7.110625,7.0194,44,22,6,16,50,10438,6250,4188,1343,2201,8237,7.20164405441656,7.7575642272,6.37201151384909,6.493730454207,6.98545912312585,7.25941059973291,129
"131",2020,4,6.90096774193548,62,7.75034482758621,6.15454545454545,6.29047619047619,6.53846153846154,6.99714285714286,29,33,21,13,49,10500,6279,4221,1364,2214,8286,7.19986863238095,7.75753088389871,6.37031135276001,6.49060117302053,6.98283447606143,7.25785965604634,130
"132",2020,5,6.82736328358209,67,7.58450459459459,5.89355566666667,6.35833333333333,6.33333333333333,6.87595639344262,37,30,12,6,61,10567,6316,4251,1376,2220,8347,7.19750676445538,7.7565172720076,6.36694681016231,6.48944767441861,6.98107906756757,7.25506870132982,131
"133",2020,6,6.95602542857143,35,7.75916913043478,5.41666666666667,5.7,5.64285714285714,7.2843175,23,12,5,7,28,10602,6339,4263,1381,2227,8375,7.19670957083569,7.75652689383184,6.36427184846352,6.48658942795076,6.97687271216884,7.25516648835821,132
"134",2020,7,7.09019607843137,51,7.48857142857143,6.21875,7.83333333333333,6.28571428571429,7.21818181818182,35,16,3,7,44,10653,6374,4279,1384,2234,8419,7.19619964986389,7.75505553498588,6.36372771441925,6.48950867052023,6.97470704118174,7.25497319634161,133
"135",2020,8,7.26825396825397,63,7.98684210526316,6.176,6,6.38333333333333,7.36140350877193,38,25,2,6,57,10716,6412,4304,1386,2240,8476,7.19662326147817,7.75642919213974,6.36263728856877,6.48880230880231,6.97312300446429,7.25568892638037,134
"136",2020,9,7.04204545454545,44,7.514,6.42105263157895,6.2,6.6,7.14027777777778,25,19,5,8,36,10760,6437,4323,1391,2248,8512,7.19599115892193,7.75548764641914,6.36289402960907,6.4877641984184,6.97179516459075,7.25520081531955,135
"137",2020,10,7.05762711864407,59,7.81875,6.15555555555556,5.5,6.3,7.23125,32,27,11,11,48,10819,6469,4350,1402,2259,8560,7.19523660874388,7.75580058432524,6.36160710114942,6.48001426533524,6.96852391766268,7.25506651168224,136
"138",2020,11,7.15281690140845,71,7.64186046511628,6.40178571428571,4.91666666666667,7.22222222222222,7.14274193548387,43,28,6,9,62,10890,6512,4378,1408,2268,8622,7.19496004315886,7.75504821560197,6.36186406806761,6.47335227272727,6.96953065696649,7.25425879610299,137
"139",2020,12,7.04241935483871,62,7.74085714285714,6.13703703703704,5.25,6.4,7.16596153846154,35,27,10,10,52,10952,6547,4405,1418,2278,8674,7.19409650018262,7.75497235069497,6.36048601362088,6.46472496473907,6.96703052238806,7.25372946045654,138
"140",2021,1,7.04893617021277,94,7.44067796610169,6.38857142857143,6,7,7.05348837209302,59,35,12,8,86,11046,6606,4440,1430,2286,8760,7.19286120496107,7.7521653012413,6.36070740765765,6.46082517482518,6.96714590113736,7.25176362328767,139
"141",2021,2,7.16376811594203,69,7.71739130434783,6.05652173913044,5.9375,7.11111111111111,7.17166666666667,46,23,8,9,60,11115,6652,4463,1438,2295,8820,7.19268060008997,7.75192483162958,6.35913979161998,6.45791376912378,6.96771047058824,7.25121874603175,140
"142",2021,3,7.1,75,7.61702127659574,6.23214285714286,6,7.45882352941176,6.9948275862069,47,28,10,17,58,11190,6699,4491,1448,2312,8878,7.19205941644326,7.75097835199283,6.35834800489868,6.45475138121547,6.97132159602076,7.24954374183375,141
"143",2021,4,7.31914893617021,47,7.59677419354839,6.78125,5.8,6.6,7.51351351351351,31,16,5,10,37,11237,6730,4507,1453,2322,8915,7.19259098246863,7.75026805052006,6.35984932105613,6.45249827942189,6.96972245047373,7.25063929781268,142
"144",2021,5,7.1125,48,7.63214285714286,6.385,5.9,6.77777777777778,7.18974358974359,28,20,8,9,39,11285,6758,4527,1461,2331,8954,7.1922503207798,7.74977862977212,6.35996043516677,6.44947296372348,6.96898135135135,7.25037406075497,143
"145",2021,6,6.97981481481481,54,7.70677419354839,6,5.5,7.85714285714286,6.84914893617021,31,23,7,7,47,11339,6789,4550,1468,2338,9001,7.19123863391834,7.74958226248343,6.35814085494505,6.44494550408719,6.97164051753636,7.24827900677703,144
"146",2021,7,7.43964912280702,57,7.98756756756757,6.426,6.33333333333333,6.93181818181818,7.56108695652174,37,20,9,11,46,11396,6826,4570,1477,2349,9047,7.19248112232362,7.75087225021975,6.35843783150984,6.4442654028436,6.9714540357599,7.24986949707085,145
"147",2021,8,7.333619,70,7.68652770833333,6.56363636363636,5.41666666666667,6.72727272727273,7.44666661016949,48,22,6,11,59,11466,6874,4592,1483,2360,9106,7.19334276992849,7.75042294297352,6.35942092552265,6.44010788941335,6.97031590254237,7.2511445936745,146
"148",2021,9,7.058,50,7.76060606060606,5.69411764705882,6.6,7.23076923076923,6.9972972972973,33,17,5,13,37,11516,6907,4609,1488,2373,9143,7.19275514067385,7.75047159548284,6.35696699717943,6.44064516129032,6.97174274336283,7.2501173214481,147
"149",2021,10,6.9590625,64,7.8051282051282,5.6392,5.5,5.89142857142857,7.258,39,25,5,14,50,11580,6946,4634,1493,2387,9193,7.19146357512954,7.75077847826087,6.35309471083297,6.43749497655727,6.96540658986175,7.25016019471337,148
"150",2021,11,6.78103448275862,58,7.325,5.89090909090909,6.55,7.9,6.67547169811321,36,22,12,5,53,11638,6982,4656,1505,2392,9246,7.18941813026293,7.74858311515325,6.35091084407216,6.43839202657807,6.96736017140468,7.24686596041531,149
"151",2021,12,6.97533333333333,90,7.48166666666667,5.96266666666667,5.55555555555556,6.83333333333333,7.00373333333333,60,30,9,15,75,11728,7042,4686,1514,2407,9321,7.18777525579809,7.74630890514058,6.34842528595817,6.43314398943197,6.96652493975904,7.24490963094089,150
"152",2022,1,6.69718778761062,113,7.323037,5.98867924528302,5.5,6.91790111111111,6.65536842105263,60,53,23,18,95,11841,7102,4739,1537,2425,9416,7.18309352419559,7.74273296676992,6.34440196032918,6.41918022121015,6.96616402061856,7.23896162595582,151
"153",2022,2,7.37380281690141,71,7.6422641509434,6.58333333333333,5.33333333333333,7.59090909090909,7.334,53,18,3,11,60,11912,7155,4757,1540,2436,9476,7.18423022330423,7.74198875331936,6.3453060521337,6.41706493506494,6.96898511904762,7.23956338856057,152
"154",2022,3,7.03,40,7.688,5.93333333333333,6.75,7.15,7.02368421052632,25,15,4,2,38,11952,7180,4772,1544,2438,9514,7.18371405789826,7.74180077019498,6.34401108340318,6.4179274611399,6.96913361361772,7.2387011425268,153
"155",2022,4,7.08541666666667,48,7.29310344827586,6.76842105263158,6.875,7.5,6.98974358974359,29,19,4,9,39,12000,7209,4791,1548,2447,9553,7.18332086833334,7.73999577333888,6.34569419536631,6.41910852713178,6.97108612586841,7.23768477650999,154
"156",2022,5,6.73898305084746,59,7.09714285714286,6.21666666666667,7.045,6.68125,6.74803921568627,35,24,10,8,51,12059,7244,4815,1558,2455,9604,7.18114689609421,7.73688977498619,6.3450510674974,6.42312580231066,6.9701416496945,7.23508461786755,155
"157",2022,6,7.04764150943396,53,7.47132352941177,6.28947368421053,6.33333333333333,6.44444444444444,7.17102272727273,34,19,3,9,44,12112,7278,4834,1561,2464,9648,7.18056269980185,7.73564915223963,6.34483262101779,6.4229532351057,6.96822148944805,7.23479246165008,156
"158",2022,7,6.72466666666667,60,7.34307692307692,5.57619047619048,6.25,6.7,6.7296,39,21,4,10,50,12172,7317,4855,1565,2474,9698,7.17831543049622,7.73355672133388,6.34150790731205,6.42251118210863,6.96713732821342,7.23218783976077,157
"159",2022,8,7.15818181818182,55,7.59714285714286,6.39,6.46666666666667,6.65714285714286,7.23125,35,20,6,7,48,12227,7352,4875,1571,2481,9746,7.17822486464382,7.73290730821545,6.34170684923077,6.42267982176958,6.96626269649335,7.23218322080853,158
