"","year","month","avg_rating","no_ratings","avg_rating_owned","avg_rating_not_owned","avg_rating_prev_owned","avg_rating_comment","avg_rating_no_comment","no_ratings_owned","no_ratings_not_owned","no_ratings_prev_owned","no_ratings_comment","no_ratings_no_comment","cum_no_ratings","cum_no_ratings_owned","cum_no_ratings_not_owned","cum_no_ratings_prev_owned","cum_no_ratings_comment","cum_no_ratings_no_comment","cum_avg_rating","cum_avg_rating_owned","cum_avg_rating_not_owned","cum_avg_rating_prev_owned","cum_avg_rating_comment","cum_avg_rating_no_comment","month_after_release"
"1",2008,3,6.66666666666667,3,7,6.5,NA,7,6.5,1,2,0,1,2,3,1,2,0,1,2,6.66666666666667,7,6.5,NA,7,6.5,0
"2",2008,4,6.26470588235294,17,6.16666666666667,6.31818181818182,NA,5.75,6.42307692307692,6,11,0,4,13,20,7,13,0,5,15,6.325,6.28571428571429,6.34615384615385,NA,6,6.43333333333333,1
"3",2008,5,6.55,10,7.58333333333333,5,NA,6.83333333333333,6.42857142857143,6,4,0,3,7,30,13,17,0,8,22,6.4,6.88461538461539,6.02941176470588,NA,6.3125,6.43181818181818,2
"4",2008,6,5.66666666666667,18,7.4,5,7,5.35,6.0625,5,13,1,10,8,48,18,30,1,18,30,6.125,7.02777777777778,5.58333333333333,7,5.77777777777778,6.33333333333333,3
"5",2008,7,6.09189189189189,37,6.76923076923077,5.725,8,5.99333333333333,6.15909090909091,13,24,1,15,22,85,31,54,2,33,52,6.11058823529412,6.91935483870968,5.6462962962963,7.5,5.87575757575758,6.25961538461539,4
"6",2008,8,6.25263157894737,19,7.125,5.61818181818182,NA,5.28571428571429,6.81666666666667,8,11,0,7,12,104,39,65,2,40,64,6.13653846153846,6.96153846153846,5.64153846153846,7.5,5.7725,6.3640625,5
"7",2008,9,6.73529411764706,17,6.82222222222222,6.6375,7.1,7,6.59090909090909,9,8,1,6,11,121,48,73,3,46,75,6.22066115702479,6.93541666666667,5.75068493150685,7.36666666666667,5.93260869565217,6.39733333333333,6
"8",2008,10,6.80526315789474,38,6.90476190476191,6.68235294117647,8.03333333333333,6.93333333333333,6.72173913043478,21,17,3,15,23,159,69,90,6,61,98,6.36037735849057,6.92608695652174,5.92666666666667,7.7,6.17868852459016,6.4734693877551,7
"9",2008,11,6.46865671641791,67,7.42083333333333,5.93720930232558,7.4,6.452,6.47857142857143,24,43,2,25,42,226,93,133,8,86,140,6.39247787610619,7.05376344086022,5.93007518796993,7.625,6.25813953488372,6.475,8
"10",2008,12,6.87559523809524,84,7.1625,6.61477272727273,6,7.025,6.79259259259259,40,44,3,30,54,310,133,177,11,116,194,6.52338709677419,7.08646616541353,6.10028248587571,7.18181818181818,6.45646551724138,6.56340206185567,9
"11",2009,1,6.99175,80,7.35264705882353,6.725,7.28571428571429,6.904,7.03163636363636,34,46,7,25,55,390,167,223,18,141,249,6.61946153846154,7.14065868263473,6.22914798206278,7.22222222222222,6.53581560283688,6.66682730923695,10
"12",2009,2,6.46164383561644,73,7.39473684210526,6.13333333333333,6.75,6.25,6.55294117647059,19,54,4,22,51,463,186,277,22,163,300,6.5945788336933,7.16661290322581,6.21046931407942,7.13636363636364,6.49723926380368,6.64746666666667,11
"13",2009,3,6.83896103896104,77,7.44259259259259,6.513,6.41666666666667,6.99736842105263,6.78706896551724,27,50,6,19,58,540,213,327,28,182,358,6.62942592592593,7.20159624413146,6.25672782874618,6.98214285714286,6.54945054945055,6.67008379888268,12
"14",2009,4,6.62694444444444,72,7.22413793103448,6.22418604651163,5.85714285714286,6.280625,6.72589285714286,29,43,7,16,56,612,242,370,35,198,414,6.6291339869281,7.20429752066116,6.25294594594595,6.75714285714286,6.52772727272727,6.67763285024155,13
"15",2009,5,6.58360655737705,61,7.02222222222222,6.4,6,6.07692307692308,6.72083333333333,18,43,2,13,48,673,260,413,37,211,462,6.62500742942051,7.19169230769231,6.26825665859564,6.71621621621622,6.49995260663507,6.68212121212121,14
"16",2009,6,6.075,52,6.375,5.94166666666667,5.85714285714286,6.39285714285714,5.95789473684211,16,36,7,14,38,725,276,449,44,225,500,6.58555862068966,7.14434782608696,6.24207126948775,6.57954545454545,6.49328888888889,6.62708,15
"17",2009,7,6.43396226415094,53,7.02173913043478,5.98333333333333,6.83333333333333,6.85,6.33720930232558,23,30,9,10,43,778,299,479,53,235,543,6.57523136246787,7.13491638795987,6.22586638830898,6.62264150943396,6.50846808510638,6.60412523020258,16
"18",2009,8,6.48571428571429,35,6.54545454545455,6.45833333333333,7,6.75,6.40740740740741,11,24,5,8,27,813,310,503,58,243,570,6.57137761377614,7.114,6.23695825049702,6.6551724137931,6.51641975308642,6.59480701754386,17
"19",2009,9,6.51842105263158,38,6.62222222222222,6.425,7.5,6,6.5969696969697,18,20,2,5,33,851,328,523,60,248,603,6.56901292596945,7.08701219512195,6.24414913957935,6.68333333333333,6.50600806451613,6.59492537313433,18
"20",2009,10,6.46176470588235,51,7.1875,5.99354838709677,6.6,6.00714285714286,6.53409090909091,20,31,3,7,44,902,348,554,63,255,647,6.56294900221729,7.09278735632184,6.23012635379061,6.67936507936508,6.4923137254902,6.59078825347759,19
"21",2009,11,6.29420289855072,69,7.078125,5.61621621621622,6.625,6.14705882352941,6.34230769230769,32,37,4,17,52,971,380,591,67,272,699,6.54385169927909,7.09155263157895,6.19169204737733,6.67611940298507,6.47073529411765,6.57230329041488,20
"22",2009,12,6.48020833333333,48,6.64,6.36607142857143,5.98,6.64,6.43815789473684,20,28,5,10,38,1019,400,619,72,282,737,6.54085377821394,7.068975,6.19957996768982,6.62777777777778,6.47673758865248,6.56538670284939,21
"23",2010,1,6.31206896551724,58,6.88636363636364,5.96111111111111,6.42222222222222,5.83333333333333,6.36730769230769,22,36,9,6,52,1077,422,655,81,288,789,6.52853296193129,7.05945497630332,6.18647328244275,6.60493827160494,6.46333333333333,6.55233206590621,22
"24",2010,2,6.81219512195122,41,7.36,5.95625,NA,6.1875,6.96363636363636,25,16,0,8,33,1118,447,671,81,296,822,6.53893559928444,7.07626398210291,6.18098360655738,6.60493827160494,6.45587837837838,6.56884428223844,23
"25",2010,3,6.23225806451613,31,6.8375,6.02173913043478,6.71428571428571,6.625,6.09565217391304,8,23,7,8,23,1149,455,694,88,304,845,6.53066144473455,7.07206593406593,6.1757060518732,6.61363636363636,6.46032894736842,6.55596449704142,24
"26",2010,4,6.29589743589744,39,6.63478260869565,5.80875,5.2,5.25,6.5658064516129,23,16,5,8,31,1188,478,710,93,312,876,6.52295454545455,7.05102510460251,6.16743661971831,6.53763440860215,6.42929487179487,6.55631278538813,25
"27",2010,5,6.80694444444444,36,6.96153846153846,6.7195652173913,7.05714285714286,6.85769230769231,6.77826086956522,13,23,7,13,23,1224,491,733,100,325,899,6.53130718954248,7.04865580448065,6.18476125511596,6.574,6.44643076923077,6.56199110122358,26
"28",2010,6,7.004,25,7.425,6.61538461538461,6.25,7.1375,6.94117647058824,12,13,4,8,17,1249,503,746,104,333,916,6.54076861489191,7.05763419483101,6.1922654155496,6.56153846153846,6.46303303303303,6.56902838427948,27
"29",2010,7,6.33103448275862,29,6.77857142857143,5.91333333333333,6.54,7.08571428571429,6.09090909090909,14,15,5,7,22,1278,517,761,109,340,938,6.53600938967136,7.05007736943907,6.18676741130092,6.5605504587156,6.47585294117647,6.5578144989339,28
"30",2010,8,6.57678571428571,28,7.4,5.75357142857143,7,6.91666666666667,6.48409090909091,14,14,1,6,22,1306,531,775,110,346,960,6.53688361408882,7.05930320150659,6.17894193548387,6.56454545454545,6.48349710982659,6.556125,29
"31",2010,9,6.35526315789474,38,6.96666666666667,5.95652173913043,6.66666666666667,6.66666666666667,6.32857142857143,15,23,3,3,35,1344,546,798,113,349,995,6.53174851190476,7.05675824175824,6.1725313283208,6.56725663716814,6.48507163323782,6.54812060301507,30
"32",2010,10,6.88275862068966,29,7.225,6.46153846153846,7.5,6.66666666666667,6.90769230769231,16,13,2,3,26,1373,562,811,115,352,1021,6.53916241806264,7.06154804270463,6.17716399506782,6.58347826086957,6.48661931818182,6.55727717923604,31
"33",2010,11,6.28586956521739,46,6.35227272727273,6.225,5.76,6.65,6.18472222222222,22,24,5,10,36,1419,584,835,120,362,1057,6.53095137420719,7.03482876712329,6.17853892215569,6.54916666666667,6.49113259668508,6.54458845789972,32
"34",2010,12,6.348,50,6.73333333333333,5.99230769230769,7.16666666666667,6.36363636363636,6.34358974358974,24,26,3,11,39,1469,608,861,123,373,1096,6.52472430224643,7.02292763157895,6.17291521486643,6.56422764227642,6.4873726541555,6.53743613138686,33
"35",2011,1,6.72162162162162,37,6.97142857142857,6.39375,7,6.4,6.771875,21,16,1,5,32,1506,629,877,124,378,1128,6.52956175298805,7.02120826709062,6.1769441277081,6.56774193548387,6.48621693121693,6.54408687943262,34
"36",2011,2,6.30555555555556,36,6.46428571428571,6.20454545454545,6.16666666666667,6,6.32352941176471,14,22,3,2,34,1542,643,899,127,380,1162,6.52433203631647,7.00908242612753,6.17761957730812,6.55826771653543,6.48365789473684,6.53763339070568,35
"37",2011,3,6.32466666666667,45,6.245,6.37777777777778,5.55,6.6875,6.24621621621622,18,27,4,8,37,1587,661,926,131,388,1199,6.518670447385,6.98827534039334,6.18345572354212,6.52748091603053,6.48786082474227,6.52864053377815,36
"38",2011,4,6.67470588235294,34,7.12428571428571,6.36,6.575,6.84444444444444,6.6136,14,20,4,9,25,1621,675,946,135,397,1224,6.52194324491055,6.9910962962963,6.18718816067653,6.52888888888889,6.49594458438287,6.53037581699346,37
"39",2011,5,6.17777777777778,27,7.16,5.95454545454545,5.58333333333333,7.125,6.01304347826087,5,22,6,4,23,1648,680,968,141,401,1247,6.51630461165049,6.99233823529412,6.18190082644628,6.4886524822695,6.50221945137157,6.52083400160385,38
"40",2011,6,6.51086956521739,23,6.9,6.21153846153846,5.625,5,6.57954545454546,10,13,4,1,22,1671,690,981,145,402,1269,6.51622980251347,6.991,6.18229357798165,6.4648275862069,6.49848258706468,6.52185185185185,39
"41",2011,7,6.64166666666667,24,7.06923076923077,6.13636363636364,6.75,6.75,6.62,13,11,2,4,20,1695,703,992,147,406,1289,6.51800589970501,6.9924466571835,6.18178427419355,6.4687074829932,6.50096059113301,6.5233747090768,40
"42",2011,8,6.57666666666667,30,7.25333333333333,5.9,4.92857142857143,6.94,6.504,15,15,7,5,25,1725,718,1007,154,411,1314,6.51902608695652,6.99789693593315,6.1775868917577,6.3987012987013,6.50630170316302,6.52300608828006,41
"43",2011,9,6.3359375,32,6.61538461538461,6.14473684210526,6.375,6.46875,6.29166666666667,13,19,4,8,24,1757,731,1026,158,419,1338,6.51569151963574,6.99109439124487,6.17697855750487,6.39810126582278,6.50558472553699,6.51885650224215,42
"44",2011,10,6.2702380952381,42,6.80869565217391,5.61842105263158,5.9,5.28888888888889,6.53787878787879,23,19,5,9,33,1799,754,1045,163,428,1371,6.50996108949416,6.98553050397878,6.16682296650718,6.38282208588957,6.48,6.51931436907367,43
"45",2011,11,6.27560975609756,41,6.55263157894737,6.03636363636364,6.1,6.2,6.28611111111111,19,22,5,5,36,1840,773,1067,168,433,1407,6.50473913043478,6.97489003880983,6.16413308341143,6.37440476190476,6.47676674364896,6.51334754797441,44
"46",2011,12,6.02777777777778,36,5.86842105263158,6.20588235294118,6.64285714285714,6.16666666666667,5.98148148148148,19,17,7,9,27,1876,792,1084,175,442,1434,6.49558635394456,6.94834595959596,6.16478782287823,6.38514285714286,6.47045248868778,6.50333333333333,45
"47",2012,1,6.70487804878049,41,6.82631578947368,6.6,5.2,7,6.68974358974359,19,22,5,2,39,1917,811,1106,180,444,1473,6.50006259780908,6.94548705302096,6.17344484629295,6.35222222222222,6.47283783783784,6.50826883910387,46
"48",2012,2,6.53125,32,6.60714285714286,6.47222222222222,5.83333333333333,6.35714285714286,6.58,14,18,3,7,25,1949,825,1124,183,451,1498,6.50057465366855,6.93974545454545,6.17822953736655,6.34371584699454,6.4710421286031,6.50946595460614,47
"49",2012,3,6.67714285714286,35,6.95789473684211,6.34375,6.16666666666667,7.25,6.64242424242424,19,16,6,2,33,1984,844,1140,189,453,1531,6.50368951612903,6.94015402843602,6.18055263157895,6.33809523809524,6.47448123620309,6.51233180927498,48
"50",2012,4,6.48387096774194,31,6.6875,6.26666666666667,5,7,6.40740740740741,16,15,2,4,27,2015,860,1155,191,457,1558,6.50338461538461,6.93545348837209,6.181670995671,6.32408376963351,6.47908096280088,6.510513478819,49
"51",2012,5,6.26458333333333,24,6.45,6.005,6.01666666666667,6.1,6.30789473684211,14,10,3,5,19,2039,874,1165,194,462,1577,6.50057381069152,6.92767734553776,6.18015450643777,6.31932989690722,6.47497835497836,6.50807228915663,50
"52",2012,6,6.30434782608696,23,6.65384615384615,5.85,5,6,6.38888888888889,13,10,3,5,18,2062,887,1175,197,467,1595,6.49838506304559,6.92366403607666,6.17734468085106,6.2992385786802,6.46989293361884,6.50672727272727,51
"53",2012,7,6.56054054054054,37,7.00526315789474,6.09111111111111,6,8,6.47828571428571,19,18,1,2,35,2099,906,1193,198,469,1630,6.49948070509767,6.92537527593819,6.1760435875943,6.29772727272727,6.47641791044776,6.50611656441718,52
"54",2012,8,6.42575757575758,33,6.69411764705882,6.140625,6.33333333333333,6.45,6.42037037037037,17,16,3,6,27,2132,923,1209,201,475,1657,6.49833958724203,6.92111592632719,6.17557485525228,6.29825870646766,6.47608421052632,6.50471937235969,53
"55",2012,9,6.74,30,6.76666666666667,6.71333333333333,6.08,6.06,6.876,15,15,5,5,25,2162,938,1224,206,480,1682,6.50169287696577,6.9186460554371,6.18216503267974,6.29296116504854,6.47175,6.51023781212842,54
"56",2012,10,6.42702702702703,37,6.60952380952381,6.1875,4.5,6.7,6.384375,21,16,2,5,32,2199,959,1240,208,485,1714,6.50043656207367,6.91187695516163,6.18223387096774,6.27572115384615,6.47410309278351,6.50788798133022,55
"57",2012,11,6.16666666666667,42,6.44090909090909,5.865,5.425,6.43333333333333,6.12222222222222,22,20,4,6,36,2241,981,1260,212,491,1750,6.49418116912093,6.90131498470948,6.17719841269841,6.25966981132076,6.47360488798371,6.49995428571428,56
"58",2012,12,6.65405405405405,37,6.84285714285714,6.40625,6.4,6,6.73333333333333,21,16,5,4,33,2278,1002,1276,217,495,1783,6.49677787532924,6.90008982035928,6.18007053291536,6.26290322580645,6.46977777777778,6.50427369601795,57
"59",2013,1,6.64473684210526,38,7.05555555555556,6.275,6.575,6.26,6.7030303030303,18,20,4,5,33,2316,1020,1296,221,500,1816,6.49920552677029,6.90283333333333,6.18153549382716,6.2685520361991,6.46768,6.50788546255507,58
"60",2013,2,6.60057142857143,35,7.34133333333333,6.045,5.48333333333333,6.85,6.56838709677419,15,20,6,4,31,2351,1035,1316,227,504,1847,6.50071458953637,6.9091884057971,6.17946048632219,6.24779735682819,6.47071428571429,6.50890092041148,59
"61",2013,3,6.64516129032258,31,7.42307692307692,6.08333333333333,5.5,6.33333333333333,6.72,13,18,2,6,25,2382,1048,1334,229,510,1872,6.50259445843829,6.91556297709924,6.17816341829085,6.24126637554585,6.46909803921569,6.51172008547009,60
"62",2013,4,6.00571428571429,35,6.12777777777778,5.87647058823529,5.9,5.25,6.16206896551724,18,17,5,6,29,2417,1066,1351,234,516,1901,6.49539925527514,6.9022607879925,6.17436713545522,6.23397435897436,6.45492248062016,6.50638611257233,61
"63",2013,5,6.88161290322581,31,7.1765,6.34545454545455,6.25,6.87,6.88636363636364,20,11,4,9,22,2448,1086,1362,238,525,1923,6.50029003267974,6.90731123388582,6.17574889867841,6.23424369747899,6.46203809523809,6.51073322932917,62
"64",2013,6,6.218,25,6.44545454545455,6.03928571428571,7,7.125,6.0452380952381,11,14,1,4,21,2473,1097,1376,239,529,1944,6.49743631217145,6.90268003646308,6.17436046511628,6.23744769874477,6.46705103969754,6.50570473251029,63
"65",2013,7,6.13181818181818,22,6.65,5.7,7.5,5,6.31052631578947,10,12,2,3,19,2495,1107,1388,241,532,1963,6.4942124248497,6.90039747064137,6.17025936599423,6.24792531120332,6.45877819548872,6.50381558838513,64
"66",2013,8,6.77173913043478,23,7.21428571428571,6.08333333333333,4,5.83333333333333,6.9125,14,9,2,3,20,2518,1121,1397,243,535,1983,6.49674741858618,6.904317573595,6.16969935576235,6.22942386831276,6.45527102803738,6.5079374684821,65
"67",2013,9,6.4765625,32,6.59375,6.359375,5.75,7.08333333333333,6.33653846153846,16,16,1,6,26,2550,1137,1413,244,541,2009,6.49649411764706,6.89994722955145,6.17184713375796,6.22745901639344,6.46223659889094,6.50571926331508,66
"68",2013,10,6.11219512195122,41,6.39090909090909,5.78947368421053,5.125,6.08333333333333,6.11714285714286,22,19,8,6,35,2591,1159,1432,252,547,2044,6.49041296796604,6.89028472821398,6.16677374301676,6.19246031746032,6.45808043875685,6.49906555772994,67
"69",2013,11,6.43111111111111,45,6.835,6.108,6,6.5,6.4225,20,25,8,5,40,2636,1179,1457,260,552,2084,6.48940060698027,6.88934690415606,6.16576527110501,6.18653846153846,6.45846014492754,6.49759596928983,68
"70",2013,12,6.17741935483871,31,6.66666666666667,5.71875,5.66666666666667,6.5,6.11538461538461,15,16,6,5,26,2667,1194,1473,266,557,2110,6.48577427821523,6.88654941373534,6.16090970807875,6.17481203007519,6.45883303411131,6.49288625592417,69
"71",2014,1,6.434,50,6.74074074074074,6.07391304347826,2.75,4.9,6.60444444444444,27,23,2,5,45,2717,1221,1496,268,562,2155,6.48482149429518,6.88332514332514,6.15957219251337,6.14925373134328,6.44496441281139,6.49521577726218,70
"72",2014,2,6.455,40,6.78125,6.2375,6.5,6.7,6.42,16,24,2,5,35,2757,1237,1520,270,567,2190,6.48438882843671,6.88200485044463,6.16080263157895,6.15185185185185,6.44721340388007,6.49401369863014,71
"73",2014,3,6.5265625,32,7.04,6.29318181818182,5,6.4,6.55576923076923,10,22,6,6,26,2789,1247,1542,276,573,2216,6.48487271423449,6.88327185244587,6.16269130998703,6.1268115942029,6.44671902268761,6.49473826714802,72
"74",2014,4,6.48225806451613,31,6.96923076923077,6.13055555555556,6.4,5.92857142857143,6.64375,13,18,4,7,24,2820,1260,1560,280,580,2240,6.48484397163121,6.88415873015873,6.16232051282051,6.13071428571429,6.44046551724138,6.49633482142857,73
"75",2014,5,6.28709677419355,31,6.96428571428571,5.72941176470588,6.1,6.8,6.18846153846154,14,17,5,5,26,2851,1274,1577,285,585,2266,6.48269379165205,6.88503924646782,6.15765377298668,6.13017543859649,6.44353846153846,6.49280229479259,74
"76",2014,6,6.25714285714286,14,6.72222222222222,5.42,NA,5.33333333333333,6.50909090909091,9,5,0,3,11,2865,1283,1582,285,588,2277,6.48159162303665,6.88389711613406,6.15532237673831,6.13017543859649,6.43787414965986,6.49288098375055,75
"77",2014,7,6.30869565217391,23,6.5,6.20666666666667,6.42,6.16666666666667,6.35882352941176,8,15,5,6,17,2888,1291,1597,290,594,2294,6.48021468144044,6.88151820294346,6.15580463368816,6.1351724137931,6.43513468013468,6.49188753269399,76
"78",2014,8,6.25741935483871,31,6.77272727272727,5.974,5.83333333333333,6.6375,6.12521739130435,11,20,6,8,23,2919,1302,1617,296,602,2317,6.47784857828023,6.88059907834101,6.15355596784168,6.12905405405405,6.43782392026578,6.48824773413897,77
"79",2014,9,6.56363636363636,33,6.92222222222222,6.13333333333333,6,6.61111111111111,6.54583333333333,18,15,1,9,24,2952,1320,1632,297,611,2341,6.47880758807588,6.88116666666667,6.15337009803922,6.12861952861953,6.44037643207856,6.48883810337463,78
"80",2014,10,6.35135135135135,37,6.26470588235294,6.425,6.5,6.5,6.33333333333333,17,20,3,4,33,2989,1337,1652,300,615,2374,6.47722984275678,6.87332834704563,6.15665859564165,6.13233333333333,6.44076422764228,6.48667649536647,79
"81",2014,11,6.60714285714286,42,7.52631578947368,5.84782608695652,6.5,7.38888888888889,6.39393939393939,19,23,7,9,33,3031,1356,1675,307,624,2407,6.47903002309469,6.8824778761062,6.15241791044776,6.14071661237785,6.4544391025641,6.48540506855006,80
"82",2014,12,6.61935483870968,31,7.13125,6.07333333333333,5.25,6.06666666666667,6.67857142857143,16,15,2,3,28,3062,1372,1690,309,627,2435,6.48045068582626,6.88537900874636,6.15171597633136,6.13495145631068,6.45258373205742,6.48762628336756,81
"83",2015,1,6.48055555555556,36,6.7375,6.275,6.4375,6.33333333333333,6.49393939393939,16,20,8,3,33,3098,1388,1710,317,630,2468,6.48045190445449,6.88367435158502,6.15315789473684,6.14258675078864,6.45201587301587,6.48771069692058,82
"84",2015,2,6.19655172413793,29,6.7,5.93157894736842,5.75,6.175,6.2,10,19,4,4,25,3127,1398,1729,321,634,2493,6.47781899584266,6.88236051502146,6.15072296124928,6.13769470404984,6.45026813880126,6.48482551143201,83
"85",2015,3,7.07619047619048,21,7.3125,6.93076923076923,6.75,7.76666666666667,6.96111111111111,8,13,6,3,18,3148,1406,1742,327,637,2511,6.48181067344346,6.8848079658606,6.15654420206659,6.14892966360856,6.45646781789639,6.48823974512147,84
"86",2015,4,6.42171428571429,35,6.93733333333333,6.035,6.41666666666667,5.96666666666667,6.51586206896552,15,20,6,6,29,3183,1421,1762,333,643,2540,6.48114985862394,6.8853624208304,6.15516458569807,6.15375375375375,6.45189735614308,6.48855511811024,85
"87",2015,5,6.55357142857143,28,6.88461538461539,6.26666666666667,5.33333333333333,5.83333333333333,6.75,13,15,3,6,22,3211,1434,1777,336,649,2562,6.48178137651822,6.88535564853557,6.15610579628588,6.14642857142857,6.44617873651772,6.49080015612803,86
"88",2015,6,6.64722222222222,18,6.55909090909091,6.78571428571429,NA,6.83333333333333,6.61,11,7,0,3,15,3229,1445,1784,336,652,2577,6.48270362341282,6.88287197231834,6.15857623318386,6.14642857142857,6.44796012269939,6.49149398525417,87
"89",2015,7,6.46304347826087,23,6.47,6.45769230769231,6.625,6.53571428571429,6.43125,10,13,4,7,16,3252,1455,1797,340,659,2593,6.48256457564576,6.88003436426117,6.16074012242627,6.15205882352941,6.44889226100152,6.49112225221751,88
"90",2015,8,6.27692307692308,26,5.775,6.5,6.4,6,6.288,8,18,5,1,25,3278,1463,1815,345,660,2618,6.48093349603417,6.87399179767601,6.16410468319559,6.15565217391304,6.44821212121212,6.48918258212376,89
"91",2015,9,6.31304347826087,23,6.65,6.05384615384615,6,8.2,6.13333333333333,10,13,1,2,21,3301,1473,1828,346,662,2639,6.47976370796728,6.8724711473184,6.16332056892779,6.15520231213873,6.45350453172205,6.48635089048882,90
"92",2015,10,6.63076923076923,26,6.99230769230769,6.26923076923077,6,5.5,6.725,13,13,3,2,24,3327,1486,1841,349,664,2663,6.4809437932071,6.87351951547779,6.16406844106464,6.15386819484241,6.45063253012048,6.48850168982351,91
"93",2015,11,6.40625,32,7,5.94444444444444,6,6.875,6.33928571428571,14,18,4,4,28,3359,1500,1859,353,668,2691,6.48023221196785,6.8747,6.1619419042496,6.15212464589235,6.45317365269461,6.48694908955779,92
"94",2015,12,6.47045454545455,44,6.84545454545455,6.09545454545455,6.38333333333333,6.13333333333333,6.52368421052632,22,22,6,6,38,3403,1522,1881,359,674,2729,6.4801057890097,6.87427726675427,6.16116427432217,6.15598885793872,6.45032640949555,6.48746060828142,93
"95",2016,1,6.21509433962264,53,6.64,5.95757575757576,5.54545454545455,6.07142857142857,6.23695652173913,20,33,11,7,46,3456,1542,1914,370,681,2775,6.47604166666667,6.87123865110247,6.15765412748172,6.13783783783784,6.44643171806167,6.48330810810811,94
"96",2016,2,6.3,30,6.48571428571429,6.1375,6.26666666666667,5.5,6.35714285714286,14,16,3,2,28,3486,1556,1930,373,683,2803,6.47452667814114,6.86776992287918,6.15748704663213,6.13887399463807,6.44366032210835,6.48204780592223,95
"97",2016,3,6.571875,32,6.76923076923077,6.43684210526316,6.5,6.76,6.53703703703704,13,19,5,5,27,3518,1569,1949,378,688,2830,6.47541216600341,6.86695347355003,6.16021036428938,6.14365079365079,6.44595930232558,6.48257243816255,96
"98",2016,4,6.36969696969697,33,6.47857142857143,6.28947368421053,7.5,6.8125,6.228,14,19,1,8,25,3551,1583,1968,379,696,2855,6.47442973810195,6.86351863550221,6.16145833333333,6.14722955145119,6.4501724137931,6.48034325744309,97
"99",2016,5,6.37428571428571,35,6.64090909090909,5.92307692307692,5.75,6.37142857142857,6.375,22,13,4,7,28,3586,1605,1981,383,703,2883,6.47345231455661,6.86046728971963,6.15989399293286,6.14308093994778,6.44938833570413,6.4793201526188,98
"100",2016,6,6.77103448275862,29,7.28588235294118,6.04166666666667,6,5.75,6.84666666666667,17,12,2,2,27,3615,1622,1993,385,705,2910,6.47583955739973,6.86492601726264,6.15918213748119,6.14233766233766,6.44740425531915,6.48272852233677,99
"101",2016,7,6.66379310344828,29,6.965625,6.29230769230769,5.5,7,6.65178571428571,16,13,2,1,28,3644,1638,2006,387,706,2938,6.47733534577388,6.86590964590965,6.16004486540379,6.1390180878553,6.44818696883853,6.48433968686181,100
"102",2016,8,6.62413793103448,29,6.86111111111111,6.23636363636364,6.33333333333333,6.78571428571429,6.57272727272727,18,11,3,7,22,3673,1656,2017,390,713,2960,6.47849441873128,6.86585748792271,6.16046108081309,6.14051282051282,6.45150070126227,6.48499662162162,101
"103",2016,9,6.40714285714286,35,6.99444444444444,5.78529411764706,5.25,6.58333333333333,6.37068965517241,18,17,4,6,29,3708,1674,2034,394,719,2989,6.47782092772384,6.86724014336918,6.15732546705998,6.13147208121827,6.45260083449235,6.48388758782202,102
"104",2016,10,6.10857142857143,35,6.75,5.56842105263158,4.25,6.13333333333333,6.10344827586207,16,19,4,6,29,3743,1690,2053,398,725,3018,6.47436815388726,6.86613017751479,6.15187530443254,6.11256281407035,6.44995862068966,6.48023194168324,103
"105",2016,11,5.975,48,6.312,5.60869565217391,5.3125,6.66666666666667,5.92888888888889,25,23,8,3,45,3791,1715,2076,406,728,3063,6.46804537061461,6.85805247813411,6.14585741811175,6.09679802955665,6.45085164835165,6.47213189683317,104
"106",2016,12,6.45,34,6.70666666666667,6.24736842105263,7.4,5.66666666666667,6.5258064516129,15,19,3,3,31,3825,1730,2095,409,731,3094,6.46788496732026,6.85673988439306,6.14677804295943,6.10635696821516,6.44763337893297,6.47266968325792,105
"107",2017,1,6.16041666666667,48,6.41666666666667,6.00666666666667,6.15454545454545,6.4625,6.1,18,30,11,8,40,3873,1748,2125,420,739,3134,6.4640743609605,6.85220823798627,6.1448,6.10761904761905,6.44779431664412,6.46791320995533,106
"108",2017,2,6.63575757575758,33,6.90588235294118,6.34875,6,6.5,6.64451612903226,17,16,4,2,31,3906,1765,2141,424,741,3165,6.46552483358935,6.85272521246459,6.14632414759458,6.10660377358491,6.44793522267207,6.4696429699842,107
"109",2017,3,6.23421052631579,38,6.53157894736842,5.93684210526316,7,5.83333333333333,6.26857142857143,19,19,1,3,35,3944,1784,2160,425,744,3200,6.46329614604463,6.84930493273543,6.14448148148148,6.10870588235294,6.44545698924731,6.46744375,108
"110",2017,4,6.08571428571429,35,6.25625,5.94210526315789,4.8,6.21428571428571,6.05357142857143,16,19,5,7,28,3979,1800,2179,430,751,3228,6.4599748680573,6.84403333333333,6.14271684258834,6.09348837209302,6.44330226364847,6.46385377942999,109
"111",2017,5,6.35714285714286,35,6.52777777777778,6.17647058823529,5.375,6.66666666666667,6.328125,18,17,4,3,32,4014,1818,2196,434,754,3260,6.45907822620827,6.84090209020902,6.1429781420765,6.086866359447,6.44419098143236,6.46252147239264,110
"112",2017,6,6.37777777777778,27,6.77,6.14705882352941,6.3,8,6.248,10,17,5,2,25,4041,1828,2213,439,756,3285,6.45853501608513,6.84051422319475,6.14300948938093,6.08929384965831,6.44830687830688,6.46088888888889,111
"113",2017,7,5.71551724137931,29,6.17272727272727,5.43611111111111,7,6.86666666666667,5.58269230769231,11,18,2,3,26,4070,1839,2231,441,759,3311,6.45324078624079,6.83651984774334,6.13730614074406,6.09342403628118,6.4499604743083,6.45399275143461,112
"114",2017,8,6.28363636363636,33,6.34615384615385,6.243,6.226,6.5,6.26967741935484,13,20,10,2,31,4103,1852,2251,451,761,3342,6.45187667560322,6.8330777537797,6.13824522434474,6.09636363636364,6.45009198423128,6.45228306403352,113
"115",2017,9,6.340625,32,6.44210526315789,6.19230769230769,7,6.25,6.35357142857143,19,13,3,4,28,4135,1871,2264,454,765,3370,6.45101571946796,6.82910742918226,6.13855565371025,6.10233480176211,6.44904575163399,6.45146290801187,114
"116",2017,10,6.56058823529412,34,7.1725,5.68642857142857,6.905,6,6.595625,20,14,2,2,32,4169,1891,2278,456,767,3402,6.45190933077477,6.83273929138022,6.13577699736611,6.10585526315789,6.44787483702738,6.45281893004116,115
"117",2017,11,5.97872340425532,47,6.43478260869565,5.54166666666667,4.33333333333333,5.2,6.07142857142857,23,24,6,5,42,4216,1914,2302,462,772,3444,6.44663425047439,6.82795715778475,6.12958297132928,6.0828354978355,6.43979274611399,6.44816782810686,116
"118",2017,12,6.32543783783784,37,6.91608,5.92272727272727,5.4,6.93333333333333,6.20778064516129,15,22,7,6,31,4253,1929,2324,469,778,3475,6.4455798730308,6.8286424053914,6.1276247848537,6.07264392324094,6.44359897172237,6.44602336690648,117
"119",2018,1,6.57941176470588,34,7.02142857142857,6.27,6.2,6.46,6.6,14,20,5,5,29,4287,1943,2344,474,783,3504,6.44664128761372,6.830031497684,6.12883959044369,6.07398734177215,6.44370370370371,6.44729771689498,118
"120",2018,2,6.50111111111111,27,6.73533333333333,6.20833333333333,7,6.375,6.52304347826087,15,12,3,4,23,4314,1958,2356,477,787,3527,6.44698219749653,6.82930602655771,6.12924448217318,6.07981132075472,6.44335451080051,6.44779166430394,119
"121",2018,3,6.39210526315789,38,6.45,6.32777777777778,5.9,6.3,6.41666666666667,20,18,5,8,30,4352,1978,2374,482,795,3557,6.44650303308824,6.82547077856421,6.13074978938501,6.07794605809129,6.44191194968554,6.44752915378128,120
"122",2018,4,6.24076923076923,26,6.856,5.85625,6.5,6.5,6.2304,10,16,4,1,25,4378,1988,2390,486,796,3582,6.44528122430334,6.82562434607646,6.12891213389122,6.08141975308642,6.44198492462312,6.44601373534339,121
"123",2018,5,6.04705882352941,34,6.35294117647059,5.74117647058824,6,5,6.07878787878788,17,17,4,1,33,4412,2005,2407,490,797,3615,6.4422124206709,6.82161655860349,6.12617366015788,6.08075510204082,6.4401756587202,6.44266146611342,122
"124",2018,6,6.38709677419355,31,6.65625,6.1,5.57142857142857,7,6.32142857142857,16,15,7,3,28,4443,2021,2422,497,800,3643,6.44182786405582,6.82030737258783,6.12601156069364,6.0735814889336,6.442275,6.44172967334615,123
"125",2018,7,6.25925925925926,27,6.78571428571429,5.69230769230769,6.125,6.6,6.18181818181818,14,13,4,5,22,4470,2035,2435,501,805,3665,6.44072510067114,6.82006938574939,6.12369609856263,6.07399201596806,6.4432546583851,6.44016949522511,124
"126",2018,8,6.53076923076923,26,7.74285714285714,6.08421052631579,5.9375,6.04,6.64761904761905,7,19,8,5,21,4496,2042,2454,509,810,3686,6.44124581850534,6.82323271302645,6.12339038304809,6.07184675834971,6.44076543209877,6.44135138361368,125
"127",2018,9,6.49739130434783,23,6.52933333333333,6.4375,6,NA,6.49739130434783,15,8,1,0,23,4519,2057,2462,510,810,3709,6.4415315777827,6.82108954788527,6.12441104792852,6.07170588235294,6.44076543209877,6.44169889458075,126
"128",2018,10,6.69545454545455,33,6.97708333333333,5.94444444444444,NA,8,6.51551724137931,24,9,0,4,29,4552,2081,2471,510,814,3738,6.44337240773287,6.8228886112446,6.12375556454877,6.07170588235294,6.44842751842752,6.44227158908507,127
"129",2018,11,6.37777777777778,36,7.08181818181818,6.068,5.9875,6.3,6.38484848484848,11,25,8,3,33,4588,2092,2496,518,817,3771,6.4428577157803,6.8242500956023,6.12319711538462,6.07040540540541,6.44788249694003,6.44176907981968,128
"130",2018,12,6.02173913043478,23,6.23333333333333,5.625,7,6,6.02272727272727,15,8,1,1,22,4611,2107,2504,519,818,3793,6.44075714595532,6.82004328429046,6.12160543130991,6.07219653179191,6.44733496332518,6.43933857105194,129
"131",2019,1,6.34804979591837,49,6.43983647058824,6.14,5.5,6.7525,6.31209866666667,34,15,2,4,45,4660,2141,2519,521,822,3838,6.43978232618026,6.81400543671182,6.12171496625645,6.07,6.4488199513382,6.43784670140699,130
"132",2019,2,5.96764705882353,34,6.41875,5.56666666666667,5.2125,5.9,5.9741935483871,16,18,8,3,31,4694,2157,2537,529,825,3869,6.43636251384747,6.81107354659249,6.11777690185258,6.05703213610586,6.44682424242424,6.43413172395968,131
"133",2019,3,5.78909090909091,22,6.00545454545455,5.57272727272727,5.5,4.6,5.97684210526316,11,11,3,3,19,4716,2168,2548,532,828,3888,6.43334301102629,6.80698599630996,6.11542386185244,6.05389097744361,6.44013285024155,6.43189702674897,132
"134",2019,4,6.1,31,6.50714285714286,5.76470588235294,6.66666666666667,7,6.03793103448276,14,17,3,2,29,4747,2182,2565,535,830,3917,6.43116613440067,6.80506216315307,6.11309941520468,6.05732710280374,6.44148192771084,6.42898025019148,133
"135",2019,5,6.26666666666667,15,7,5.77777777777778,5.33333333333333,6.5,6.23076923076923,6,9,3,2,13,4762,2188,2574,538,832,3930,6.43064797144057,6.80559672760512,6.11192696192696,6.05328996282528,6.44162259615385,6.42832459033079,134
"136",2019,6,6.32592592592593,27,6.74615384615385,5.93571428571429,6.6,8,6.26153846153846,13,14,6,1,26,4789,2201,2588,544,833,3956,6.43005755690123,6.80524563380282,6.11097372488408,6.05931985294118,6.44349339735894,6.42722842264914,135
"137",2019,7,6.29486486486486,37,6.64333333333333,5.8375,6.5,6.52,6.275,21,16,6,3,34,4826,2222,2604,550,836,3990,6.42902106092002,6.80371540954096,6.10929339477727,6.06412727272727,6.44376794258373,6.42593123809524,136
"138",2019,8,6.39645161290323,31,6.64285714285714,6.19352941176471,6.43666666666667,5.7,6.53038461538462,14,17,3,5,26,4857,2236,2621,553,841,4016,6.42881318509368,6.80270824686941,6.10983975581839,6.06614828209765,6.43934601664685,6.42660748007968,137
"139",2019,9,6.17714285714286,35,6.26190476190476,6.05,6.2,5.83333333333333,6.209375,21,14,5,3,32,4892,2257,2635,558,844,4048,6.42701260016353,6.79767640230394,6.10952182163188,6.0673476702509,6.43719194312796,6.42489022727273,138
"140",2019,10,6.61878787878788,33,6.53684210526316,6.73,6.75,6,6.638125,19,14,4,1,32,4925,2276,2649,562,845,4080,6.42829759187817,6.79549896309315,6.11280105700265,6.07220640569395,6.43667455621302,6.42656265686275,139
"141",2019,11,6.1675,40,6.30384615384615,5.91428571428571,5.4,6.32857142857143,6.13333333333333,26,14,5,7,33,4965,2302,2663,567,852,4113,6.42619650352467,6.78994597741095,6.11175741644762,6.06627865961199,6.43578638497653,6.42420997811816,140
"142",2019,12,6.11851851851852,27,6.00588235294118,6.31,6.5,6.83333333333333,6.02916666666667,17,10,2,3,24,4992,2319,2673,569,855,4137,6.42453237980769,6.78419820612333,6.11249906472129,6.06780316344464,6.43718128654971,6.4219182112642,141
"143",2020,1,6.40681818181818,44,6.73333333333333,5.70714285714286,5.13333333333333,7,6.33076923076923,30,14,3,5,39,5036,2349,2687,572,860,4176,6.42437760921366,6.78354859088974,6.11038704875326,6.0629020979021,6.4404534883721,6.42106696360154,142
"144",2020,2,6.40061130434783,46,6.42348774193548,6.35333333333333,6,7,6.37336636363636,31,15,4,2,44,5082,2380,2702,576,862,4220,6.42416248720976,6.77885872268908,6.11173575129534,6.06246527777778,6.44175174013921,6.42056961137441,143
"145",2020,3,6.23428571428571,35,6.66666666666667,5.77647058823529,7,6.25,6.23225806451613,18,17,2,4,31,5117,2398,2719,578,866,4251,6.42286374047293,6.77801658048374,6.10963957337257,6.06570934256055,6.44086605080832,6.41919636791344,144
"146",2020,4,6.33636363636364,22,6.74375,5.25,4,4,6.44761904761905,16,6,1,1,21,5139,2414,2725,579,867,4272,6.42249343452034,6.77778946147473,6.10774678899083,6.06214162348877,6.43805074971165,6.41933608614233,145
"147",2020,5,6.53472222222222,36,6.64,6.403125,5.725,5,6.57857142857143,20,16,2,1,35,5175,2434,2741,581,868,4307,6.42327415652174,6.77665725554643,6.10947099598687,6.06098106712565,6.43639400921659,6.42063008126306,146
"148",2020,6,6.59242424242424,33,6.75238095238095,6.3125,6,7,6.55166666666667,21,12,2,3,30,5208,2455,2753,583,871,4337,6.42434596006145,6.77644959674135,6.11035597529968,6.06077186963979,6.43833524684271,6.42153649066175,147
"149",2020,7,6.13076923076923,13,6.21428571428571,6.03333333333333,5,NA,6.13076923076923,7,6,2,0,13,5221,2462,2759,585,871,4350,6.4236149703122,6.77485124289196,6.11018847408482,6.0571452991453,6.43833524684271,6.42066753103449,148
"150",2020,8,6.48275862068965,29,6.8,6.14285714285714,5,6.33333333333333,6.5,15,14,5,3,26,5250,2477,2773,590,874,4376,6.42394166857143,6.77500353653613,6.11035340786152,6.04818644067797,6.43797482837529,6.42113888482633,149
"151",2020,9,6.46727272727273,33,6.9247619047619,5.66666666666667,6.16666666666667,7.43333333333333,6.37066666666667,21,12,3,3,30,5283,2498,2785,593,877,4406,6.42421233390119,6.77626251401121,6.10844165170557,6.04878583473862,6.44137970353478,6.4207952246936,150
"152",2020,10,6.54054054054054,37,6.82380952380952,6.16875,6.83333333333333,7.33333333333333,6.47058823529412,21,16,3,3,34,5320,2519,2801,596,880,4440,6.42502138345865,6.77665889638746,6.10878614780436,6.05273489932886,6.44442045454546,6.42117652252253,151
"153",2020,11,6.35853658536585,41,6.83478260869565,5.75,5.41666666666667,6,6.3675,23,18,6,1,40,5361,2542,2819,602,881,4480,6.42451291923149,6.77718479937058,6.10649521106776,6.04639534883721,6.4439160045403,6.42069726785715,152
"154",2020,12,6.03513513513514,37,6.35,5.66470588235294,4,7,6.00833333333333,20,17,2,1,36,5398,2562,2836,604,882,4516,6.42184397184142,6.7738500234192,6.10384696755995,6.03961920529801,6.44454648526077,6.41741004428698,153
"155",2021,1,6.38511111111111,45,6.9,5.89260869565217,5.695,4.64,6.60325,22,23,8,5,40,5443,2584,2859,612,887,4556,6.42154028293221,6.77492405572755,6.10214760405737,6.03511437908497,6.43437429537768,6.41904165057068,154
"156",2021,2,6.4708334375,32,6.86444466666667,6.12352941176471,6.1,7.2,6.33580259259259,15,17,5,5,27,5475,2599,2876,617,892,4583,6.4218283890411,6.7754407195075,6.10227399165508,6.03564019448947,6.43866591928251,6.41855126118263,155
"157",2021,3,6.34285714285714,28,6.54210526315789,5.92222222222222,6,5.66666666666667,6.424,19,9,1,3,25,5503,2618,2885,618,895,4608,6.42142657277849,6.77374729946524,6.101712305026,6.03558252427185,6.4360782122905,6.41858082248264,156
"158",2021,4,5.95142857142857,35,6.21578947368421,5.6375,5.9,4,6.06969696969697,19,16,3,2,33,5538,2637,2901,621,897,4641,6.41845619898881,6.76972712552143,6.09915201654602,6.03492753623189,6.43064659977704,6.41610007110537,157
"159",2021,5,5.89393939393939,33,6.21428571428571,5.65789473684211,5.66666666666667,7.2,5.66071428571429,14,19,6,5,28,5571,2651,2920,627,902,4669,6.41534920660564,6.76679382497171,6.09628082191781,6.03140350877193,6.43491130820399,6.41157002141787,158
"160",2021,6,6.42758620689655,29,6.52222222222222,6.27272727272727,6,6.93333333333333,6.29565217391304,18,11,5,6,23,5600,2669,2931,632,908,4692,6.41541257678572,6.76514440989135,6.09694302285909,6.03115506329114,6.43820484581498,6.41100179667519,159
"161",2021,7,6.08766666666667,30,6.383125,5.75,NA,5.625,6.15884615384615,16,14,0,4,26,5630,2685,2945,632,912,4718,6.41366615097691,6.76286794413408,6.09529371816639,6.03115506329114,6.43463815789474,6.40961221492158,160
"162",2021,8,6.08344827586207,29,6.968,5.13571428571429,4.84285714285714,5.125,6.2368,15,14,7,4,25,5659,2700,2959,639,916,4743,6.41197392295459,6.76400756666667,6.09075363298412,6.01813771517997,6.4289192139738,6.40870133459836,161
"163",2021,9,6.06971428571429,35,5.83,6.2495,6.16666666666667,4.16666666666667,6.248125,15,20,3,3,32,5694,2715,2979,642,919,4775,6.40987011415525,6.7588473038674,6.09181940248406,6.01883177570094,6.42153427638738,6.40762522094241,162
"164",2021,10,6.71025641025641,39,6.99090909090909,6.34705882352941,5.5,5.66666666666667,6.79722222222222,22,17,2,3,36,5733,2737,2996,644,922,4811,6.41191355834642,6.76071261600292,6.09326769025368,6.01722049689441,6.41907809110629,6.41054051756392,163
"165",2021,11,6.91642857142857,28,7.335,6.35833333333333,6,6.83333333333333,6.9264,16,12,3,3,25,5761,2753,3008,647,925,4836,6.41436563617428,6.76405028332728,6.09432513297873,6.01714064914992,6.42042162162162,6.41320728494624,164
"166",2021,12,6.0765625,32,6.6675,5.09166666666667,5.16666666666667,5.83333333333333,6.10172413793103,20,12,3,3,29,5793,2773,3020,650,928,4865,6.41249964267219,6.7633539235485,6.09034105960265,6.01321538461538,6.41852370689655,6.41135055087359,165
"167",2022,1,6.5455737704918,61,6.7019512195122,6.225,5.83333333333333,6.5,6.55346153846154,41,20,6,9,52,5854,2814,3040,656,937,4917,6.41388630509054,6.76245928571429,6.09122697368421,6.01157012195122,6.41930629669157,6.4128534533252,166
"168",2022,2,6.24815789473684,38,6.71,5.735,5.34125,5.35,6.35382352941176,20,18,8,4,34,5892,2834,3058,664,941,4951,6.41281745247794,6.76208907198306,6.08913015042512,6.00349397590361,6.41476089266738,6.41244807715613,167
"169",2022,3,6.7392,25,6.91176470588235,6.3725,7,6.83,6.71052631578947,17,8,1,6,19,5917,2851,3066,665,947,4970,6.41419645597431,6.76298156085584,6.08986953685584,6.00499248120301,6.41739176346357,6.41358761167002,168
"170",2022,4,6.51073170731707,41,6.56444444444444,6.40714285714286,6,6.91666666666667,6.44114285714286,27,14,2,6,35,5958,2878,3080,667,953,5005,6.41486076367909,6.7611189819319,6.09131168831169,6.00497751124438,6.4205351521511,6.41378030569431,169
"171",2022,5,6.425,28,6.52222222222222,6.25,6.66666666666667,6.42857142857143,6.42380952380952,18,10,3,7,21,5986,2896,3090,670,960,5026,6.41490819077849,6.75963412638122,6.09182524271845,6.00794029850746,6.42059375,6.41382221050537,170
"172",2022,6,6.48260869565217,23,6.67692307692308,6.23,7,7.66666666666667,6.305,13,10,3,3,20,6009,2909,3100,673,963,5046,6.41516732068564,6.75926449982812,6.09227096774194,6.01236255572065,6.42447559709242,6.41339088981372,171
"173",2022,7,6.94346153846154,26,7.03117647058824,6.77777777777778,6.16666666666667,NA,6.94346153846154,17,9,3,0,26,6035,2926,3109,676,963,5072,6.41744331897266,6.76084430280246,6.09425538758444,6.01304733727811,6.42447559709242,6.41610812894322,172
"174",2022,8,6.62816216216216,37,6.88508333333333,6.15384615384615,6,7.40466666666667,6.37857142857143,24,13,1,9,28,6072,2950,3122,677,972,5100,6.41872734354414,6.76185506101695,6.09450352338245,6.01302806499262,6.43355144032922,6.41590204509804,173
