"","year","month","avg_rating","no_ratings","avg_rating_owned","avg_rating_not_owned","avg_rating_prev_owned","avg_rating_comment","avg_rating_no_comment","no_ratings_owned","no_ratings_not_owned","no_ratings_prev_owned","no_ratings_comment","no_ratings_no_comment","cum_no_ratings","cum_no_ratings_owned","cum_no_ratings_not_owned","cum_no_ratings_prev_owned","cum_no_ratings_comment","cum_no_ratings_no_comment","cum_avg_rating","cum_avg_rating_owned","cum_avg_rating_not_owned","cum_avg_rating_prev_owned","cum_avg_rating_comment","cum_avg_rating_no_comment","month_after_release"
"1",2008,3,9,1,9,NA,NA,NA,9,1,0,0,0,1,1,1,0,0,0,1,9,9,NA,NA,NA,9,-9
"2",2008,8,7,3,10,5.5,NA,5.5,10,1,2,0,2,1,4,2,2,0,2,2,7.5,9.5,5.5,NA,5.5,9.5,-4
"3",2008,11,8.86363636363636,11,8.86363636363636,NA,NA,10,8.61111111111111,11,0,0,2,9,15,13,2,0,4,11,8.5,8.96153846153846,5.5,NA,7.75,8.77272727272727,-1
"4",2008,12,8.91142857142857,35,8.86333333333333,9.2,8,9.18461538461538,8.75,30,5,1,13,22,50,43,7,1,17,33,8.788,8.89302325581395,8.14285714285714,8,8.84705882352941,8.75757575757576,0
"5",2009,1,8.21477272727273,44,8.54027777777778,6.75,8.5,8.35416666666667,8.1625,36,8,2,12,32,94,79,15,3,29,65,8.51968085106383,8.73227848101266,7.4,8.33333333333333,8.64310344827586,8.46461538461539,1
"6",2009,2,7.6390625,32,8.23421052631579,6.76923076923077,7.5,6.5,8.01875,19,13,2,8,24,126,98,28,5,37,89,8.29603174603175,8.63571428571429,7.10714285714286,8,8.17972972972973,8.34438202247191,2
"7",2009,3,7.31794871794872,39,8.04347826086956,6.275,5.45,6.5,7.56333333333333,23,16,4,9,30,165,121,44,9,46,119,8.06484848484848,8.52314049586777,6.80454545454545,6.86666666666667,7.85108695652174,8.14747899159664,3
"8",2009,4,7.4375,16,7.8,6.64,NA,7,7.53846153846154,11,5,0,3,13,181,132,49,9,49,132,8.00939226519337,8.46287878787879,6.78775510204082,6.86666666666667,7.79897959183673,8.0875,4
"9",2009,5,7.66764705882353,34,8.3875,7.02777777777778,7.5,7.5,7.7375,16,18,1,10,24,215,148,67,10,59,156,7.9553488372093,8.45472972972973,6.85223880597015,6.93,7.74830508474576,8.03365384615385,5
"10",2009,6,7.51,20,8.22727272727273,6.63333333333333,7.2,8,7.34666666666667,11,9,1,5,15,235,159,76,11,64,171,7.91744680851064,8.43899371069182,6.82631578947368,6.95454545454545,7.76796875,7.9733918128655,6
"11",2009,7,7.06,25,7.22222222222222,6.96875,NA,5.9,7.35,9,16,0,5,20,260,168,92,11,69,191,7.835,8.37380952380952,6.85108695652174,6.95454545454545,7.63260869565217,7.90811518324608,7
"12",2009,8,7.91851851851852,27,8.43333333333333,6.88888888888889,NA,7.6,7.99090909090909,18,9,0,5,22,287,186,101,11,74,213,7.84285714285714,8.37956989247312,6.85445544554455,6.95454545454545,7.6304054054054,7.91666666666667,8
"13",2009,9,7.37037037037037,27,8.1,6.94117647058824,8,6.875,7.57894736842105,10,17,1,8,19,314,196,118,12,82,232,7.80222929936306,8.36530612244898,6.86694915254237,7.04166666666667,7.55670731707317,7.88900862068966,9
"14",2009,10,7.93636363636364,33,8.48333333333333,7.28,7.9,8.5125,7.752,18,15,5,8,25,347,214,133,17,90,257,7.8149855907781,8.37523364485981,6.91353383458647,7.29411764705882,7.64166666666667,7.87568093385214,10
"15",2009,11,7.98047619047619,21,8.13636363636364,7.809,8,8.59,7.95,11,10,2,1,20,368,225,143,19,91,277,7.82442934782609,8.36355555555556,6.97615384615385,7.36842105263158,7.65208791208791,7.88104693140794,11
"16",2009,12,7.54090909090909,33,8.06,7.10833333333333,7,7.24,7.67173913043478,15,18,3,10,23,401,240,161,22,101,300,7.80109725685786,8.34458333333333,6.99093167701863,7.31818181818182,7.61128712871287,7.865,12
"17",2010,1,7.525,20,8.40909090909091,6.44444444444444,7,8.25,7.34375,11,9,2,4,16,421,251,170,24,105,316,7.7879809976247,8.34741035856574,6.962,7.29166666666667,7.63561904761905,7.83860759493671,13
"18",2010,2,7.95238095238095,21,8.42307692307692,7.1875,NA,8.33333333333333,7.88888888888889,13,8,0,3,18,442,264,178,24,108,334,7.79579185520362,8.35113636363636,6.97213483146067,7.29166666666667,7.655,7.84131736526946,14
"19",2010,3,6.83333333333333,15,8.375,6.27272727272727,7,8.25,5.88888888888889,4,11,1,6,9,457,268,189,25,114,343,7.76420131291029,8.35149253731343,6.93142857142857,7.28,7.68631578947368,7.79008746355685,15
"20",2010,4,7.28,15,8.13333333333333,6,6,8.5,6.67,9,6,1,5,10,472,277,195,26,119,353,7.74881355932203,8.34440433212996,6.90276923076923,7.23076923076923,7.72050420168067,7.75835694050991,16
"21",2010,5,7.69230769230769,13,8.57142857142857,6.66666666666667,8,8,7.6,7,6,1,3,10,485,284,201,27,122,363,7.74729896907217,8.35,6.89572139303483,7.25925925925926,7.72737704918033,7.75399449035813,17
"22",2010,6,7.79166666666667,12,8.5,7.55555555555556,5,8.25,7.5625,3,9,1,4,8,497,287,210,28,126,371,7.74837022132797,8.35156794425087,6.924,7.17857142857143,7.74396825396825,7.74986522911051,18
"23",2010,7,7.21428571428571,14,9.14285714285714,5.28571428571429,NA,5.16666666666667,7.77272727272727,7,7,0,3,11,511,294,217,28,129,382,7.73373776908023,8.3704081632653,6.87115207373272,7.17857142857143,7.68403100775194,7.75052356020942,19
"24",2010,8,7.85714285714286,14,8.27777777777778,7.1,NA,9.16666666666667,7.5,9,5,0,3,11,525,303,222,28,132,393,7.73702857142857,8.36765676567657,6.87630630630631,7.17857142857143,7.71772727272727,7.74351145038168,20
"25",2010,9,7.20833333333333,12,7.1,7.28571428571429,8,5,7.40909090909091,5,7,1,1,11,537,308,229,29,133,404,7.72521415270019,8.34707792207792,6.88882096069869,7.20689655172414,7.69729323308271,7.73440594059406,21
"26",2010,10,7.45,10,8.375,6.83333333333333,NA,4,7.83333333333333,4,6,0,1,9,547,312,235,29,134,413,7.72018281535649,8.3474358974359,6.88740425531915,7.20689655172414,7.66970149253731,7.7365617433414,22
"27",2010,11,7.11764705882353,17,7.91666666666667,6.68181818181818,5.875,7.5,6.95833333333333,6,11,4,5,12,564,318,246,33,139,425,7.70202127659575,8.33930817610063,6.87821138211382,7.04545454545455,7.66359712230216,7.71458823529412,23
"28",2010,12,7.53333333333333,27,8.40909090909091,6.93125,7.5,7.6875,7.46842105263158,11,16,2,8,19,591,329,262,35,147,444,7.69431472081218,8.34164133738602,6.88145038167939,7.07142857142857,7.66489795918367,7.70405405405405,24
"29",2011,1,7.71285714285714,21,7.96666666666667,7.07833333333333,6.5,7.75,7.70411764705882,15,6,2,4,17,612,344,268,37,151,461,7.69495098039216,8.32529069767442,6.88585820895522,7.04054054054054,7.66715231788079,7.70405639913232,25
"30",2011,2,7.19444444444444,9,8.33333333333333,6.625,NA,7.875,7,3,6,0,2,7,621,347,274,37,153,468,7.68769726247987,8.32536023054755,6.88014598540146,7.04054054054054,7.66986928104575,7.69352564102564,26
"31",2011,3,7.34166666666667,18,8.59285714285714,6.54545454545455,6,8,7.259375,7,11,2,2,16,639,354,285,39,155,484,7.67794992175274,8.33064971751413,6.86722807017544,6.98717948717949,7.67412903225806,7.67917355371901,27
"32",2011,4,7.60526315789474,19,8.23076923076923,6.25,NA,7.33333333333333,7.65625,13,6,0,3,16,658,367,291,39,158,500,7.67585106382979,8.32711171662126,6.85450171821306,6.98717948717949,7.6676582278481,7.67844,28
"33",2011,5,6.575,16,8.16666666666667,5.62,NA,8.25,6.01666666666667,6,10,0,4,12,674,373,301,39,162,512,7.64971810089021,8.3245308310992,6.81348837209302,6.98717948717949,7.68203703703704,7.6394921875,29
"34",2011,6,7.87894736842105,19,7.97857142857143,7.6,6.5,7.8,7.90714285714286,14,5,1,5,14,693,387,306,40,167,526,7.65600288600289,8.31201550387597,6.82633986928104,6.975,7.68556886227545,7.64661596958175,30
"35",2011,7,7.69,15,8,7.48333333333333,7,7.3875,7.8,6,9,1,4,11,708,393,315,41,171,537,7.65672316384181,8.30725190839695,6.84511111111111,6.97560975609756,7.67859649122807,7.64975791433892,31
"36",2011,8,6.74866666666667,15,8.85714285714286,4.90375,5,8.5,6.47923076923077,7,8,1,2,13,723,400,323,42,173,550,7.63788381742739,8.316875,6.79702786377709,6.92857142857143,7.68809248554913,7.62209090909091,32
"37",2011,9,7.07692307692308,13,7,7.2,6.66666666666667,5.75,7.66666666666667,8,5,3,4,9,736,408,328,45,177,559,7.62797554347826,8.29105392156863,6.80317073170732,6.91111111111111,7.64429378531073,7.62280858676207,33
"38",2011,10,7.85,10,8.625,7.33333333333333,NA,8.75,7.625,4,6,0,2,8,746,412,334,45,179,567,7.63095174262734,8.29429611650486,6.81269461077844,6.91111111111111,7.65664804469274,7.62283950617284,34
"39",2011,11,7.52352941176471,17,7.83333333333333,7.35454545454545,4,7.35,7.54666666666667,6,11,1,2,15,763,418,345,46,181,582,7.62855832241153,8.28767942583733,6.82997101449275,6.84782608695652,7.65325966850829,7.62087628865979,35
"40",2011,12,7.80769230769231,13,8.14285714285714,7.41666666666667,6.5,8,7.79166666666667,7,6,2,1,12,776,425,351,48,182,594,7.63155927835051,8.28529411764706,6.84,6.83333333333333,7.65516483516484,7.6243265993266,36
"41",2012,1,6.55454545454545,11,7.95,5.75714285714286,NA,8.4,6.14444444444444,4,7,0,2,9,787,429,358,48,184,603,7.61650571791614,8.28216783216784,6.81882681564246,6.83333333333333,7.66326086956522,7.60223880597015,37
"42",2012,2,7.56875,16,8.51111111111111,6.35714285714286,5.83333333333333,8.2,7.42307692307692,9,7,3,3,13,803,438,365,51,187,616,7.61555417185554,8.28687214611872,6.80997260273973,6.77450980392157,7.67187165775401,7.59845779220779,38
"43",2012,3,7.6,10,7.4,7.8,NA,8,7.55555555555556,5,5,0,1,9,813,443,370,51,188,625,7.61536285362854,8.27686230248307,6.82335135135135,6.77450980392157,7.67361702127659,7.59784,39
"44",2012,4,7.31818181818182,11,7.64285714285714,6.75,NA,7,7.35,7,4,0,1,10,824,450,374,51,189,635,7.61139563106796,8.267,6.82256684491979,6.77450980392157,7.67005291005291,7.59393700787401,40
"45",2012,5,7.35,10,8.08333333333333,6.25,3,NA,7.35,6,4,1,0,10,834,456,378,52,189,645,7.60826139088729,8.26458333333334,6.81650793650794,6.70192307692308,7.67005291005291,7.59015503875969,41
"46",2012,6,7,14,8.875,6.25,NA,6,7.16666666666667,4,10,0,2,12,848,460,388,52,191,657,7.59821933962264,8.26989130434783,6.80190721649485,6.70192307692308,7.65256544502618,7.5824200913242,42
"47",2012,7,7.61,10,8.66666666666667,7.15714285714286,8.25,8,7.56666666666667,3,7,2,1,9,858,463,395,54,192,666,7.59835664335664,8.27246220302376,6.80820253164557,6.75925925925926,7.654375,7.58220720720721,43
"48",2012,8,7.1,9,8.1,6.3,NA,8.2,6.78571428571429,4,5,0,2,7,867,467,400,54,194,673,7.59318339100346,8.27098501070664,6.80185,6.75925925925926,7.66,7.57392273402674,44
"49",2012,9,6.84615384615385,13,6.8125,6.9,8.5,NA,6.84615384615385,8,5,1,0,13,880,475,405,55,194,686,7.58214772727273,8.24642105263158,6.80306172839506,6.79090909090909,7.66,7.56013119533528,45
"50",2012,10,7.45,10,7.75,7.25,NA,8,7.3125,4,6,0,2,8,890,479,411,55,196,694,7.58066292134831,8.24227557411274,6.80958637469586,6.79090909090909,7.6634693877551,7.55727665706052,46
"51",2012,11,7.34045454545455,11,9.66666666666667,6.468125,8,9.5,6.86055555555556,3,8,1,2,9,901,482,419,56,198,703,7.57773029966704,8.25114107883818,6.80306682577566,6.8125,7.6820202020202,7.54835704125178,47
"52",2012,12,7.759375,16,7.485,8.21666666666667,8.65,8.325,7.57083333333333,10,6,2,4,12,917,492,425,58,202,715,7.58089967284624,8.23556910569106,6.82302352941176,6.87586206896552,7.69475247524752,7.54873426573426,48
"53",2013,1,7.578125,16,8.025,6.83333333333333,6,8.75,7.41071428571429,10,6,2,2,14,933,502,431,60,204,729,7.58085209003215,8.23137450199203,6.82316705336427,6.84666666666667,7.70509803921569,7.54608367626886,49
"54",2013,2,7.05,14,7.4,6.7875,9,7.16666666666667,7.01818181818182,6,8,1,3,11,947,508,439,61,207,740,7.57300422386484,8.22155511811024,6.82251708428246,6.88196721311475,7.69729468599034,7.53823648648649,50
"55",2013,3,6.57692307692308,13,7.25,6,6,6,6.625,6,7,2,1,12,960,514,446,63,208,752,7.559515625,8.2102140077821,6.80960762331839,6.85396825396825,7.68913461538462,7.52366356382979,51
"56",2013,4,7.35,10,8.33333333333333,6.92857142857143,NA,NA,7.35,3,7,0,0,10,970,517,453,63,208,762,7.55735567010309,8.21092843326886,6.81144591611479,6.85396825396825,7.68913461538462,7.52138451443569,52
"57",2013,5,7.43333333333333,9,8.4,6.225,4,NA,7.43333333333333,5,4,1,0,9,979,522,457,64,208,771,7.55621552604699,8.21273946360153,6.80631291028446,6.809375,7.68913461538462,7.52035667963683,53
"58",2013,6,6.37272727272727,11,7.86666666666667,5.8125,8,6.66666666666667,6.2625,3,8,1,3,8,990,525,465,65,211,779,7.54306565656566,8.21076190476191,6.78921505376344,6.82769230769231,7.6745971563981,7.50743902439024,54
"59",2013,7,6.575,16,7.24444444444444,5.71428571428571,6,7,6.54666666666667,9,7,2,1,15,1006,534,472,67,212,794,7.5276689860835,8.19447565543071,6.77327330508475,6.80298507462687,7.67141509433962,7.48928841309824,55
"60",2013,8,7.09090909090909,11,8.6,5.83333333333333,5,8,7,5,6,1,1,10,1017,539,478,68,213,804,7.52294493608653,8.19823747680891,6.76147489539749,6.77647058823529,7.67295774647887,7.48320273631841,56
"61",2013,9,7.61764705882353,17,7.875,7.38888888888889,NA,7.5,7.63333333333333,8,9,0,2,15,1034,547,487,68,215,819,7.52450193423598,8.19351005484461,6.77306981519507,6.77647058823529,7.6713488372093,7.48595238095238,57
"62",2013,10,7.35333333333333,15,8.0375,6.57142857142857,NA,8.35,7.2,8,7,0,2,13,1049,555,494,68,217,832,7.52205433746425,8.19126126126126,6.77021255060729,6.77647058823529,7.67760368663594,7.481484375,58
"63",2013,11,6.83333333333333,6,7.33333333333333,6.33333333333333,7,5,7.2,3,3,1,1,5,1055,558,497,69,218,837,7.51813744075829,8.18664874551972,6.7675754527163,6.77971014492754,7.66532110091743,7.47980286738351,59
"64",2013,12,6.93333333333333,15,6.55555555555556,7.5,5,5.66666666666667,7.25,9,6,1,3,12,1070,567,503,70,221,849,7.50993925233645,8.16075837742505,6.77631212723658,6.75428571428571,7.63819004524887,7.47655477031802,60
"65",2014,1,6.396875,16,6.7625,6.03125,7.125,8,6.29,8,8,2,1,15,1086,575,511,72,222,864,7.49354051565378,8.14130434782609,6.76464774951076,6.76458333333333,7.63981981981982,7.45595486111111,61
"66",2014,2,6.30769230769231,13,7.66666666666667,5.9,3,5.66666666666667,6.5,3,10,1,3,10,1099,578,521,73,225,874,7.47951319381256,8.13884083044983,6.74805182341651,6.71301369863014,7.61351111111111,7.4450171624714,62
"67",2014,3,8.13636363636364,11,8.07142857142857,8.25,NA,7,8.25,7,4,0,1,10,1110,585,525,73,226,884,7.48602252252252,8.13803418803419,6.75949523809524,6.71301369863014,7.61079646017699,7.45412330316742,63
"68",2014,4,7.43,10,7.8,7.06,7,9,7.25555555555556,5,5,3,1,9,1120,590,530,76,227,893,7.48552232142857,8.13516949152543,6.76233018867925,6.72434210526316,7.61691629955947,7.45212206047032,64
"69",2014,5,6.7375,8,7.33333333333333,6.38,7,NA,6.7375,3,5,1,0,8,1128,593,535,77,227,901,7.48021719858156,8.13111298482294,6.7587570093458,6.72792207792208,7.61691629955947,7.4457769145394,65
"70",2014,6,6.66666666666667,3,8,6,7,NA,6.66666666666667,1,2,1,0,3,1131,594,537,78,227,904,7.47805923961096,8.13089225589226,6.75593109869646,6.73141025641026,7.61691629955947,7.44319137168142,66
"71",2014,7,6.95454545454545,11,8.5,6.07142857142857,NA,NA,6.95454545454545,4,7,0,0,11,1142,598,544,78,227,915,7.47301663747811,8.13336120401338,6.74712316176471,6.73141025641026,7.61691629955947,7.43731693989071,67
"72",2014,8,7.38571428571429,14,7.53636363636364,6.83333333333333,NA,8,7.33846153846154,11,3,0,1,13,1156,609,547,78,228,928,7.47195934256055,8.12257799671593,6.74759597806216,6.73141025641026,7.61859649122807,7.43593211206896,68
"73",2014,9,6.15,10,7.5,5.8125,NA,5.75,6.25,2,8,0,2,8,1166,611,555,78,230,936,7.4606217838765,8.12054009819967,6.73411711711712,6.73141025641026,7.60234782608696,7.42579594017094,69
"74",2014,10,6.92222222222222,9,7.2,6.575,6.8,8,6.61428571428571,5,4,1,2,7,1175,616,559,79,232,943,7.45649787234042,8.11306818181818,6.73297853309481,6.73227848101266,7.60577586206897,7.41977200424178,70
"75",2014,11,7.6,10,8.28571428571429,6,6.5,7.7,7.5,7,3,1,5,5,1185,623,562,80,237,948,7.45770886075949,8.11500802568218,6.72906583629893,6.729375,7.60776371308017,7.42019514767932,71
"76",2014,12,6.98571428571429,14,7.475,6.79,7.5,3.1,7.28461538461538,4,10,2,1,13,1199,627,572,82,238,961,7.4521976647206,8.11092503987241,6.73013111888112,6.74817073170732,7.58882352941176,7.41836108220603,72
"77",2015,1,6.23684210526316,19,7.38888888888889,5.2,NA,6.75,6.17647058823529,9,10,0,2,17,1218,636,582,82,240,978,7.43323891625616,8.10070754716981,6.70384020618557,6.74817073170732,7.58183333333333,7.39677402862986,73
"78",2015,2,7.95555555555556,9,8.51428571428571,6,NA,9,7.825,7,2,0,1,8,1227,643,584,82,241,986,7.43707008964955,8.1052099533437,6.70142979452055,6.74817073170732,7.58771784232365,7.40024847870183,74
"79",2015,3,8,12,7.33333333333333,8.22222222222222,NA,9,7.90909090909091,3,9,0,1,11,1239,646,593,82,242,997,7.4425221953188,8.1016253869969,6.72451096121417,6.74817073170732,7.59355371900826,7.40586258776329,75
"80",2015,4,7.3,7,7.33333333333333,7.1,NA,8,7.18333333333333,6,1,0,1,6,1246,652,594,82,243,1003,7.44172150882825,8.09455521472393,6.7251430976431,6.74817073170732,7.59522633744856,7.40453140578265,76
"81",2015,5,6.71428571428571,7,7,6.33333333333333,NA,6,6.83333333333333,4,3,0,1,6,1253,656,597,82,244,1009,7.4376576217079,8.08788109756098,6.72317420435511,6.74817073170732,7.58868852459016,7.40113478691774,77
"82",2015,6,7.33333333333333,9,8.2,6.25,7,5.5,7.85714285714286,5,4,1,2,7,1262,661,601,83,246,1016,7.43691362916006,8.08872919818457,6.72002495840266,6.75120481927711,7.57170731707317,7.40427657480315,78
"83",2015,7,6.22727272727273,11,7.2,5.41666666666667,6,7,6.05555555555556,5,6,1,2,9,1273,666,607,84,248,1025,7.42646111547525,8.08205705705706,6.70714168039539,6.7422619047619,7.56709677419355,7.39243414634146,79
"84",2015,8,7.07692307692308,13,7.375,6.94444444444444,7.375,7.5,7,4,9,4,2,11,1286,670,616,88,250,1036,7.42292768273717,8.07783582089552,6.71060876623377,6.77102272727273,7.56656,7.38826737451737,80
"85",2015,9,6.70833333333333,12,6.375,6.875,6.5,5.75,6.9,4,8,2,2,10,1298,674,624,90,252,1046,7.41632126348228,8.06772997032641,6.71271634615385,6.765,7.55214285714286,7.38359942638623,81
"86",2015,10,7.13,15,7.4625,6.75,NA,8.175,6.75,8,7,0,4,11,1313,682,631,90,256,1057,7.41305026656512,8.06063049853373,6.71312995245642,6.765,7.561875,7.37700567644276,82
"87",2015,11,6.5,8,7,6,NA,NA,6.5,4,4,0,0,8,1321,686,635,90,256,1065,7.40752081756245,8.05444606413994,6.70863779527559,6.765,7.561875,7.37041784037559,83
"88",2015,12,7.17857142857143,14,7.5,6.75,NA,9,7.03846153846154,8,6,0,1,13,1335,694,641,90,257,1078,7.40511985018727,8.04805475504323,6.70902496099844,6.765,7.56747081712062,7.3664146567718,84
"89",2016,1,7.13636363636364,11,7.64285714285714,6.25,2,8,7.05,7,4,1,1,10,1346,701,645,91,258,1088,7.4029234769688,8.04400855920114,6.70617829457364,6.71263736263736,7.56914728682171,7.36350643382353,85
"90",2016,2,6.1,5,7.25,5.33333333333333,NA,NA,6.1,2,3,0,0,5,1351,703,648,91,258,1093,7.39810140636565,8.04174964438123,6.6998225308642,6.71263736263736,7.56914728682171,7.35772644098811,86
"91",2016,3,7.13636363636364,11,7.75,6.78571428571429,NA,5,7.35,4,7,0,1,10,1362,707,655,91,259,1103,7.39598751835536,8.04009900990099,6.70074045801527,6.71263736263736,7.5592277992278,7.35765639165911,87
"92",2016,4,8.00714285714286,14,8.2625,7.66666666666667,NA,8.03333333333333,8,8,6,0,3,11,1376,715,661,91,262,1114,7.40220566860465,8.04258741258742,6.70950832072617,6.71263736263736,7.56465648854962,7.36399910233393,88
"93",2016,5,6.64285714285714,7,7.16666666666667,6.25,5,7.75,6.2,3,4,1,2,5,1383,718,665,92,264,1119,7.39836225596529,8.03892757660167,6.70674436090226,6.69402173913043,7.56606060606061,7.35879803395889,89
"94",2016,6,6.96153846153846,13,7.78571428571429,6,7,5.5,7.4,7,6,1,3,10,1396,725,671,93,267,1129,7.39429441260745,8.03648275862069,6.70042473919523,6.69731182795699,7.54284644194756,7.35916297608503,90
"95",2016,7,7.05,10,7.25,6.75,7,7,7.0625,6,4,1,2,8,1406,731,675,94,269,1137,7.39184566145092,8.03002735978112,6.70071851851852,6.70053191489362,7.53881040892193,7.35707563764292,91
"96",2016,8,6.85714285714286,7,7.25,6.33333333333333,6,10,6.33333333333333,4,3,2,1,6,1413,735,678,96,270,1143,7.38919674451522,8.02578231292517,6.69909292035398,6.6859375,7.54792592592593,7.35170166229221,92
"97",2016,9,6.51578947368421,19,7.34545454545455,5.375,4,5.5,6.78666666666667,11,8,2,4,15,1432,746,686,98,274,1158,7.37760824022346,8.01575067024129,6.68365160349854,6.63112244897959,7.51802919708029,7.34438255613126,93
"98",2016,10,7.0625,8,7.2,6.83333333333333,7,10,6.64285714285714,5,3,1,1,7,1440,751,689,99,275,1165,7.37585763888889,8.01031957390147,6.68430333817126,6.63484848484848,7.52705454545454,7.34016738197425,94
"99",2016,11,7.295,20,8.1125,6.75,7,7,7.31052631578947,8,12,1,1,19,1460,759,701,100,276,1184,7.37475,8.01139657444005,6.68542796005706,6.6385,7.52514492753623,7.33969172297297,95
"100",2016,12,7.084375,16,7.435,6.5,6,6.75,7.19583333333333,10,6,1,4,12,1476,769,707,101,280,1196,7.37160230352303,8.00390117035111,6.68385431400283,6.63217821782178,7.51407142857143,7.3382483277592,96
"101",2017,1,7.30555555555556,18,7.45,7.125,8,7.5,7.28125,10,8,2,2,16,1494,779,715,103,282,1212,7.37080655957162,7.99679075738126,6.68879020979021,6.65873786407767,7.51397163120567,7.33749587458746,97
"102",2017,2,6.96153846153846,13,7.65,4.66666666666667,7,9,6.59090909090909,10,3,1,2,11,1507,789,718,104,284,1223,7.36727604512276,7.99239543726236,6.68034122562674,6.66201923076923,7.52443661971831,7.33078086672118,98
"103",2017,3,6.85714285714286,7,7.6,5,NA,8,6.66666666666667,5,2,0,1,6,1514,794,720,104,285,1229,7.36491743725231,7.98992443324937,6.67567361111111,6.66201923076923,7.52610526315789,7.32753864930838,99
"104",2017,4,7.03636363636364,11,7.5,6.48,NA,8,6.675,6,5,0,3,8,1525,800,725,104,288,1237,7.36254754098361,7.98625,6.67432413793103,6.66201923076923,7.53104166666667,7.32331851253031,100
"105",2017,5,7.875,8,8.75,7,7,9,7.5,4,4,1,2,6,1533,804,729,105,290,1243,7.36522178734507,7.99004975124378,6.67611111111111,6.66523809523809,7.5411724137931,7.32417135961384,101
"106",2017,6,6.66538461538462,13,7.85,5.925,6,4,6.8875,5,8,1,1,12,1546,809,737,106,291,1255,7.35933699870634,7.98918417799753,6.6679579375848,6.65896226415094,7.52900343642612,7.31999601593625,102
"107",2017,7,7.02,5,8.16666666666667,5.3,NA,3.6,7.875,3,2,0,1,4,1551,812,739,106,292,1259,7.35824306898775,7.98983990147783,6.66425575101489,6.65896226415094,7.51554794520548,7.32175933280381,103
"108",2017,8,7.92307692307692,13,8,7.75,6,6,8.08333333333333,9,4,1,1,12,1564,821,743,107,293,1271,7.36293797953964,7.98995127892814,6.67010094212651,6.65280373831776,7.51037542662116,7.32894964594807,104
"109",2017,9,7.3,10,7.25,7.5,NA,7,7.33333333333333,8,2,0,1,9,1574,829,745,107,294,1280,7.36253811944091,7.98281061519904,6.6723288590604,6.65280373831776,7.50863945578231,7.32898046875,105
"110",2017,10,7.74107142857143,28,8.703125,6.45833333333333,7.33333333333333,7.44444444444444,7.88157894736842,16,12,3,9,19,1602,845,757,110,303,1299,7.36915418227216,7.99644970414201,6.66893659180978,6.67136363636364,7.50673267326732,7.33706312548114,106
"111",2017,11,7.78260869565217,23,8.41176470588235,6,NA,6.66666666666667,7.95,17,6,0,3,20,1625,862,763,110,306,1319,7.37500615384615,8.0046403712297,6.66367627785059,6.67136363636364,7.49849673202614,7.34635708870356,107
"112",2017,12,7.99230769230769,26,8.32352941176471,7.36666666666667,7,8,7.99,17,9,3,6,20,1651,879,772,113,312,1339,7.38472743791641,8.01080773606371,6.67187176165803,6.68008849557522,7.50814102564102,7.35597087378641,108
"113",2018,1,7.65394736842105,38,8.18965517241379,5.92777777777778,8,8.6,7.51060606060606,29,9,1,5,33,1689,908,781,114,317,1372,7.39078448786264,8.01651982378855,6.66329705505762,6.69166666666667,7.52536277602523,7.35969023323615,109
"114",2018,2,7.63103448275862,29,7.7952380952381,7.2,5,7.8,7.59583333333333,21,8,1,5,24,1718,929,789,115,322,1396,7.39483993015134,8.01151776103337,6.66873891001268,6.67695652173913,7.52962732919254,7.36375,110
"115",2018,3,7.28376826086957,23,8.54388916666667,5.90909090909091,8.16666666666667,8.5,6.94592611111111,12,11,3,5,18,1741,941,800,118,327,1414,7.39337258472142,8.01830676939426,6.65829375,6.71483050847458,7.54446483180428,7.3584311669024,111
"116",2018,4,7.98846153846154,26,8.19473684210526,7.42857142857143,NA,8.9,7.77142857142857,19,7,0,5,21,1767,960,807,118,332,1435,7.40212884550085,8.02179861458333,6.66497521685254,6.71483050847458,7.56487951807229,7.36447503135888,112
"117",2018,5,8.3,21,8.43333333333333,7.5,8,7.94444444444444,8.56666666666667,18,3,1,9,12,1788,978,810,119,341,1447,7.41267431208053,8.02937287321063,6.66806790123457,6.72563025210084,7.57489736070381,7.37444483068417,113
"118",2018,6,7.63909090909091,22,8.29,6.5,7,7.66666666666667,7.63473684210526,14,8,1,3,19,1810,992,818,120,344,1466,7.41542633701657,8.03305107862903,6.66642420537897,6.72791666666667,7.5756976744186,7.37781832878581,114
"119",2018,7,7.74166666666667,24,7.59,8.5,8,8.75,7.54,20,4,3,4,20,1834,1012,822,123,348,1486,7.41969556706652,8.0242951284585,6.67534671532847,6.75894308943089,7.58919540229885,7.38000112382234,115
"120",2018,8,7.61578947368421,19,7.96666666666667,6.3,NA,8.5,7.51176470588235,15,4,0,2,17,1853,1027,826,123,350,1503,7.42170624392876,8.02345342745862,6.67352905569007,6.75894308943089,7.5944,7.38149146373919,116
"121",2018,9,7.51578947368421,19,7.85,7.14444444444444,10,9.1,6.95,10,9,2,5,14,1872,1037,835,125,355,1517,7.42266114850427,8.02178078109933,6.67860479041916,6.8108,7.61560563380282,7.37750934080421,117
"122",2018,10,8.25882352941177,17,8.36666666666667,8,10,7.83333333333333,8.35,12,5,1,3,14,1889,1049,840,126,358,1531,7.43018616728427,8.02572609151573,6.68647023809524,6.83611111111111,7.61743016759776,7.38640213585891,118
"123",2018,11,7.46296296296296,27,7.95882352941176,6.62,NA,5.33333333333333,7.72916666666667,17,10,0,3,24,1916,1066,850,126,361,1555,7.43064805323591,8.02465916510319,6.68568823529412,6.83611111111111,7.5984487534626,7.39169239228295,119
"124",2018,12,8.11904761904762,21,8.55882352941176,6.25,NA,9,8.02631578947368,17,4,0,2,19,1937,1083,854,126,363,1574,7.43811134228188,8.0330440166205,6.68364754098361,6.83611111111111,7.60617079889807,7.39935303049555,120
"125",2019,1,7.76764705882353,34,8.40952380952381,6.73076923076923,7.375,8.0625,7.67692307692308,21,13,4,8,26,1971,1104,867,130,371,1600,7.44379587519026,8.04020531702899,6.68435409457901,6.85269230769231,7.61601078167116,7.40386354375,121
"126",2019,2,7.525,20,7.53125,7.5,6,7,7.58333333333333,16,4,1,2,18,1991,1120,871,131,373,1618,7.44461158714214,8.03293452678572,6.68809988518944,6.84618320610687,7.61270777479893,7.40586011742892,122
"127",2019,3,6.05882352941176,17,6.2,5.85714285714286,NA,NA,6.05882352941176,10,7,0,0,17,2008,1130,878,131,373,1635,7.43287931772908,8.01671386725664,6.68147494305239,6.84618320610687,7.61270777479893,7.3918542324159,123
"128",2019,4,7.64285714285714,21,8.09375,6.2,7,9,7.32352941176471,16,5,1,4,17,2029,1146,883,132,377,1652,7.43505257269591,8.01778941535777,6.67874858437146,6.84734848484848,7.62742705570292,7.39115113196126,124
"129",2019,5,7.12142857142857,14,7.475,5,4,7,7.14166666666667,12,2,1,2,12,2043,1158,885,133,379,1664,7.43290341164953,8.01216465457686,6.67495480225989,6.82593984962406,7.62411609498681,7.38935196514423,125
"130",2019,6,7.880625,16,7.70909090909091,8.258,NA,8,7.87266666666667,11,5,0,1,15,2059,1169,890,133,380,1679,7.43638254978145,8.00931280581694,6.68384831460674,6.82593984962406,7.62510526315789,7.39366984514592,126
"131",2019,7,7.40555555555556,18,7.52142857142857,7,NA,9,7.08666666666667,14,4,0,3,15,2077,1183,894,133,383,1694,7.43611539239287,8.00353902789518,6.68526286353468,6.82593984962406,7.63587467362924,7.39095139905549,127
"132",2019,8,7.63636363636364,22,7.89285714285714,7.1875,7,8.33333333333333,7.52631578947368,14,8,1,3,19,2099,1197,902,134,386,1713,7.43821423058599,8.00224450292398,6.68971729490022,6.82723880597015,7.64129533678756,7.392452813777,128
"133",2019,9,7.75714285714286,21,8.06,7,10,9,7.62631578947368,15,6,1,2,19,2120,1212,908,135,388,1732,7.44137342924528,8.00295929867987,6.69176762114538,6.85074074074074,7.64829896907216,7.3950182852194,129
"134",2019,10,6.76315789473684,19,7.16666666666667,5.25,8,NA,6.76315789473684,15,4,1,0,19,2139,1227,912,136,388,1751,7.4353490743338,7.99273567237164,6.68544407894737,6.85919117647059,7.64829896907216,7.38816200456881,130
"135",2019,11,7.565,20,8.31818181818182,6.64444444444444,3,7.76,7.5,11,9,1,5,15,2159,1238,921,137,393,1766,7.43655010189902,7.99562735864298,6.6850434310532,6.83102189781022,7.64972010178117,7.38911193091732,131
"136",2019,12,7.63375,22,7.84,7.19178571428571,7.16666666666667,8.75,7.522125,15,7,3,2,20,2181,1253,928,140,395,1786,7.43853928014672,7.99376430167598,6.68886584051724,6.83821428571428,7.65529113924051,7.39060143896976,132
"137",2020,1,6.78378378378378,37,7.19565217391304,6.10714285714286,7.5,7.16666666666667,6.75,23,14,2,3,34,2218,1276,942,142,398,1820,7.42761684851217,7.97937826802508,6.68022027600849,6.8475352112676,7.651608040201,7.37863415934066,133
"138",2020,2,7.46285714285714,21,8.11692307692308,6.4,NA,7,7.486,13,8,0,1,20,2239,1289,950,142,399,1840,7.4279473738276,7.98076545384019,6.67786052631579,6.8475352112676,7.64997493734336,7.37980117934782,134
"139",2020,3,7.21739130434783,23,7.76666666666667,6.1875,6.875,9,7.04761904761905,15,8,4,2,21,2262,1304,958,146,401,1861,7.42580644120247,7.97830266104295,6.67376565762004,6.84828767123288,7.65670822942643,7.37605275120902,135
"140",2020,4,6.86428571428571,21,7.134375,6,NA,7,6.81,16,5,0,6,15,2283,1320,963,146,407,1876,7.42064133596145,7.96807323484849,6.67026739356179,6.84828767123288,7.64702702702703,7.37152674307036,136
"141",2020,5,7.80952380952381,21,8.125,6.8,6.33333333333333,7.25,7.94117647058824,16,5,3,4,17,2304,1336,968,149,411,1893,7.42418583767361,7.96995259730539,6.6709375,6.83791946308725,7.64316301703163,7.37664245641838,137
"142",2020,6,7.38095238095238,21,7.4375,7.2,4.5,5.6,7.9375,16,5,2,5,16,2325,1352,973,151,416,1909,7.42379534193548,7.9636513831361,6.67365621788284,6.80695364238411,7.61860576923077,7.3813432006286,138
"143",2020,7,7.254,20,8.25,6.258,7.66666666666667,5.25,7.755,10,10,3,4,16,2345,1362,983,154,420,1925,7.42234719402985,7.9657537958884,6.66942777212615,6.8237012987013,7.59604761904762,7.38444891948052,139
"144",2020,8,8.14285714285714,21,8.42105263157895,5.5,NA,8.3,8.09375,19,2,0,5,16,2366,1381,985,154,425,1941,7.42874225274725,7.97201786386677,6.66705329949239,6.8237012987013,7.6043294117647,7.3902958114374,140
"145",2020,9,7.09047619047619,21,7.42142857142857,6.42857142857143,5,7.33333333333333,7.05,14,7,2,3,18,2387,1395,992,156,428,1959,7.42576630498534,7.96649223655914,6.66537046370968,6.80032051282051,7.60242990654206,7.38716905053598,141
"146",2020,10,7.76315789473684,19,8.10714285714286,6.8,6,7.33333333333333,7.84375,14,5,1,3,16,2406,1409,997,157,431,1975,7.42843066084788,7.96788975869411,6.66604563691073,6.7952229299363,7.60055684454756,7.39086793417721,142
"147",2020,11,7.28846153846154,26,7.94117647058824,6.05555555555556,8,6,7.34,17,9,1,1,25,2432,1426,1006,158,432,2000,7.42693428042763,7.96757129733521,6.66058399602386,6.80284810126582,7.59685185185185,7.390232085,143
"148",2020,12,7.35294117647059,17,8,5.8,7,7.5,7.33333333333333,12,5,1,2,15,2449,1438,1011,159,434,2015,7.42642064924459,7.96784191237831,6.65632789317507,6.80408805031446,7.59640552995392,7.38980852109181,144
"149",2021,1,7.71263157894737,38,8.15793103448276,6.27777777777778,6,7.58333333333333,7.736875,29,9,2,6,32,2487,1467,1020,161,440,2047,7.43079379573784,7.97159963871848,6.65298774509804,6.79409937888199,7.59622727272727,7.3952340840254,145
"150",2021,2,8.16666666666667,9,8.8,7.375,NA,9.5,7.78571428571429,5,4,0,2,7,2496,1472,1024,161,442,2054,7.43344718349359,7.97441349864131,6.65580810546875,6.79409937888199,7.60484162895928,7.39656483446932,146
"151",2021,3,7.585,20,7.79375,6.75,4,8,7.53888888888889,16,4,1,2,18,2516,1488,1028,162,444,2072,7.43465189586646,7.97247088037635,6.65617461089494,6.77685185185185,7.60662162162162,7.39780124034749,147
"152",2021,4,6.56157894736842,19,7.18230769230769,5.21666666666667,4.5,5.5175,6.84,13,6,2,4,15,2535,1501,1034,164,448,2087,7.42810815384615,7.96562736175883,6.64782156673114,6.74908536585366,7.58796875,7.39379212745567,148
"153",2021,5,7.1775,24,7.64222222222222,5.78333333333333,5,7.5,7.113,18,6,1,4,20,2559,1519,1040,165,452,2107,7.42575778429074,7.96179504279131,6.64283413461539,6.73848484848485,7.58719026548673,7.39112680113906,149
"154",2021,6,7.46875,16,8.1,6.41666666666667,6.5,6.16666666666667,7.76923076923077,10,6,1,3,13,2575,1529,1046,166,455,2120,7.42602492038835,7.96269893394376,6.64153680688337,6.73704819277108,7.57782417582418,7.39344536320754,150
"155",2021,7,7.55555555555556,9,8.125,7.1,6.5,8.25,7.35714285714286,4,5,1,2,7,2584,1533,1051,167,457,2127,7.42647607198142,7.96312242009133,6.64371788772598,6.73562874251497,7.5807658643326,7.39332589092618,151
"156",2021,8,8.27777777777778,18,8.46428571428571,7.625,NA,9,8.1875,14,4,0,2,16,2602,1547,1055,167,459,2143,7.43236516910069,7.96765783451843,6.64743838862559,6.73562874251497,7.58694989106754,7.39925532897807,152
"157",2021,9,7.85,10,8.05555555555556,6,6,NA,7.85,9,1,1,0,10,2612,1556,1056,168,459,2153,7.43396407733538,7.9681662403599,6.64682528409091,6.73125,7.58694989106754,7.40134889456572,153
"158",2021,10,6.875,16,7.54545454545455,5.4,6,10,6.66666666666667,11,5,2,1,15,2628,1567,1061,170,460,2168,7.43056094748858,7.96519889597958,6.64094957587182,6.72264705882353,7.59219565217391,7.39626576107011,154
"159",2021,11,7.84375,16,7.88461538461539,7.66666666666667,NA,7,7.9,13,3,0,1,15,2644,1580,1064,170,461,2183,7.43306133509834,7.96453586708861,6.64384163533835,6.72264705882353,7.59091106290672,7.39972705909299,155
"160",2021,12,6.883778,15,7.11185222222222,6.54166666666667,NA,7,6.87547642857143,9,6,0,1,14,2659,1589,1070,170,462,2197,7.42996270778488,7.95970631843927,6.64326869158879,6.72264705882353,7.58963203463203,7.39638636322257,156
"161",2022,1,7.85357142857143,42,7.96206896551724,7.61153846153846,7.7,8.5,7.67727272727273,29,13,1,9,33,2701,1618,1083,171,471,2230,7.43654973713439,7.95974866501854,6.65489150507849,6.72836257309941,7.60702760084926,7.40054297757847,157
"162",2022,2,7.57894736842105,19,8,6.85714285714286,NA,9,7.3125,12,7,0,3,16,2720,1630,1090,171,474,2246,7.43754442647059,7.96004499386503,6.65619036697248,6.72836257309941,7.61584388185654,7.39991577916295,158
"163",2022,3,7.30714285714286,14,8.66666666666667,6.2875,7,8.5,7.10833333333333,6,8,1,2,12,2734,1636,1098,172,476,2258,7.43687667885881,7.96263651589242,6.65350409836066,6.72994186046512,7.61955882352941,7.39836618246235,159
"164",2022,4,7,15,8.14285714285714,6,NA,7,7,7,8,0,2,13,2749,1643,1106,172,478,2271,7.43449284830847,7.96340434570907,6.64877712477396,6.72994186046512,7.61696652719665,7.39608579480405,160
"165",2022,5,7.07105263157895,19,7.21363636363636,6.875,6,7.175,7.05882352941176,11,8,1,2,17,2768,1654,1114,173,480,2288,7.43199813583815,7.95841798065297,6.65040170556553,6.7257225433526,7.615125,7.39357991258741,161
"166",2022,6,6.47619047619048,21,6.45,6.5,7.16666666666667,5.25,6.76470588235294,10,11,3,4,17,2789,1664,1125,176,484,2305,7.42480130512728,7.94935296875,6.64893111111111,6.73323863636364,7.59557851239669,7.38894179609544,162
"167",2022,7,7.65787863636364,22,7.79794846153846,7.45555555555556,6.5,7.06666666666667,7.879583125,13,9,1,6,16,2811,1677,1134,177,490,2321,7.42662546069014,7.94817929039953,6.65533289241623,6.7319209039548,7.58910204081633,7.39232407152089,163
"168",2022,8,7.64285714285714,14,8.21428571428571,7.07142857142857,7.5,9.4,7.35,7,7,2,2,12,2825,1684,1141,179,492,2333,7.42769705132743,7.94928543349169,6.6578856266433,6.74050279329609,7.59646341463415,7.39210637376768,164
