"","year","month","avg_rating","no_ratings","avg_rating_owned","avg_rating_not_owned","avg_rating_prev_owned","avg_rating_comment","avg_rating_no_comment","no_ratings_owned","no_ratings_not_owned","no_ratings_prev_owned","no_ratings_comment","no_ratings_no_comment","cum_no_ratings","cum_no_ratings_owned","cum_no_ratings_not_owned","cum_no_ratings_prev_owned","cum_no_ratings_comment","cum_no_ratings_no_comment","cum_avg_rating","cum_avg_rating_owned","cum_avg_rating_not_owned","cum_avg_rating_prev_owned","cum_avg_rating_comment","cum_avg_rating_no_comment","month_after_release"
"1",2001,6,6,1,NA,6,NA,NA,6,0,1,0,0,1,1,0,1,0,0,1,6,NA,6,NA,NA,6,0
"2",2001,8,6,1,6,NA,NA,NA,6,1,0,0,0,1,2,1,1,0,0,2,6,6,6,NA,NA,6,2
"3",2001,11,6,1,6,NA,NA,NA,6,1,0,0,0,1,3,2,1,0,0,3,6,6,6,NA,NA,6,5
"4",2002,1,7.5,2,7.5,NA,NA,NA,7.5,2,0,0,0,2,5,4,1,0,0,5,6.6,6.75,6,NA,NA,6.6,7
"5",2002,2,8,1,8,NA,NA,8,NA,1,0,0,1,0,6,5,1,0,1,5,6.83333333333333,7,6,NA,8,6.6,8
"6",2002,4,7,3,7,NA,NA,NA,7,3,0,0,0,3,9,8,1,0,1,8,6.88888888888889,7,6,NA,8,6.75,10
"7",2002,5,6,1,NA,6,NA,6,NA,0,1,0,1,0,10,8,2,0,2,8,6.8,7,6,NA,7,6.75,11
"8",2002,6,8,1,8,NA,NA,NA,8,1,0,0,0,1,11,9,2,0,2,9,6.90909090909091,7.11111111111111,6,NA,7,6.88888888888889,12
"9",2002,7,10,1,10,NA,NA,NA,10,1,0,0,0,1,12,10,2,0,2,10,7.16666666666667,7.4,6,NA,7,7.2,13
"10",2002,8,8,1,8,NA,NA,NA,8,1,0,0,0,1,13,11,2,0,2,11,7.23076923076923,7.45454545454545,6,NA,7,7.27272727272727,14
"11",2002,12,8.33333333333333,3,8.33333333333333,NA,NA,9,8,3,0,0,1,2,16,14,2,0,3,13,7.4375,7.64285714285714,6,NA,7.66666666666667,7.38461538461539,18
"12",2003,1,7.5,2,7.5,NA,NA,NA,7.5,2,0,0,0,2,18,16,2,0,3,15,7.44444444444444,7.625,6,NA,7.66666666666667,7.4,19
"13",2003,3,5,2,7,3,NA,NA,5,1,1,0,0,2,20,17,3,0,3,17,7.2,7.58823529411765,5,NA,7.66666666666667,7.11764705882353,21
"14",2003,4,8.5,2,9,8,NA,8,9,1,1,0,1,1,22,18,4,0,4,18,7.31818181818182,7.66666666666667,5.75,NA,7.75,7.22222222222222,22
"15",2003,5,7.25,4,8,6.5,NA,7,7.33333333333333,2,2,0,1,3,26,20,6,0,5,21,7.30769230769231,7.7,6,NA,7.6,7.23809523809524,23
"16",2003,6,7,1,7,NA,NA,NA,7,1,0,0,0,1,27,21,6,0,5,22,7.2962962962963,7.66666666666667,6,NA,7.6,7.22727272727273,24
"17",2003,7,7.0625,8,7.1,7,NA,6,7.21428571428571,5,3,0,1,7,35,26,9,0,6,29,7.24285714285714,7.55769230769231,6.33333333333333,NA,7.33333333333333,7.22413793103448,25
"18",2003,8,7,6,7.25,6.5,NA,NA,7,4,2,0,0,6,41,30,11,0,6,35,7.20731707317073,7.51666666666667,6.36363636363636,NA,7.33333333333333,7.18571428571429,26
"19",2003,9,7.33333333333333,6,7.7,5.5,NA,5.5,7.7,5,1,0,1,5,47,35,12,0,7,40,7.22340425531915,7.54285714285714,6.29166666666667,NA,7.07142857142857,7.25,27
"20",2003,11,8,1,8,NA,NA,NA,8,1,0,0,0,1,48,36,12,0,7,41,7.23958333333333,7.55555555555556,6.29166666666667,NA,7.07142857142857,7.26829268292683,29
"21",2003,12,8.4,5,9,8,NA,9,8.25,2,3,0,1,4,53,38,15,0,8,45,7.34905660377358,7.63157894736842,6.63333333333333,NA,7.3125,7.35555555555556,30
"22",2004,1,7.16666666666667,6,7.2,7,NA,7,7.5,5,1,0,4,2,59,43,16,0,12,47,7.33050847457627,7.58139534883721,6.65625,NA,7.20833333333333,7.36170212765957,31
"23",2004,2,6.58333333333333,6,7,5.75,NA,5.5,6.8,4,2,0,1,5,65,47,18,0,13,52,7.26153846153846,7.53191489361702,6.55555555555556,NA,7.07692307692308,7.30769230769231,32
"24",2004,3,7.65,10,7.94444444444444,5,NA,8.625,7,9,1,0,4,6,75,56,19,0,17,58,7.31333333333333,7.59821428571429,6.47368421052632,NA,7.44117647058824,7.27586206896552,33
"25",2004,4,5.75,10,6.92857142857143,3,NA,7.3,4.2,7,3,0,5,5,85,63,22,0,22,63,7.12941176470588,7.52380952380952,6,NA,7.40909090909091,7.03174603174603,34
"26",2004,5,7.25,4,7.33333333333333,7,NA,7,7.33333333333333,3,1,0,1,3,89,66,23,0,23,66,7.13483146067416,7.51515151515152,6.04347826086957,NA,7.39130434782609,7.04545454545455,35
"27",2004,6,7.91666666666667,6,7.66666666666667,8.16666666666667,NA,8.33333333333333,7.5,3,3,0,3,3,95,69,26,0,26,69,7.18421052631579,7.52173913043478,6.28846153846154,NA,7.5,7.06521739130435,36
"28",2004,7,8,1,8,NA,NA,NA,8,1,0,0,0,1,96,70,26,0,26,70,7.19270833333333,7.52857142857143,6.28846153846154,NA,7.5,7.07857142857143,37
"29",2004,8,7.33333333333333,6,8,6,NA,6.5,8.16666666666667,4,2,0,3,3,102,74,28,0,29,73,7.20098039215686,7.55405405405405,6.26785714285714,NA,7.39655172413793,7.12328767123288,38
"30",2004,9,8,6,8.2,7,NA,8.5,7.75,5,1,0,2,4,108,79,29,0,31,77,7.24537037037037,7.59493670886076,6.29310344827586,NA,7.46774193548387,7.15584415584416,39
"31",2004,10,8,3,8.5,7,NA,NA,8,2,1,0,0,3,111,81,30,0,31,80,7.26576576576577,7.61728395061728,6.31666666666667,NA,7.46774193548387,7.1875,40
"32",2004,11,6.9,5,7,6.5,NA,7.75,6.33333333333333,4,1,0,2,3,116,85,31,0,33,83,7.25,7.58823529411765,6.32258064516129,NA,7.48484848484848,7.1566265060241,41
"33",2004,12,7,3,7,7,NA,NA,7,2,1,0,0,3,119,87,32,0,33,86,7.2436974789916,7.57471264367816,6.34375,NA,7.48484848484848,7.15116279069767,42
"34",2005,1,7.55,10,7.5625,7.5,8,7.75,7.5,8,2,1,2,8,129,95,34,1,35,94,7.26744186046512,7.57368421052632,6.41176470588235,8,7.5,7.18085106382979,43
"35",2005,2,7.25,4,7.66666666666667,6,NA,7.33333333333333,7,3,1,0,3,1,133,98,35,1,38,95,7.26691729323308,7.5765306122449,6.4,8,7.48684210526316,7.17894736842105,44
"36",2005,3,6.57142857142857,7,7.5,5.33333333333333,NA,6.8,6,4,3,0,5,2,140,102,38,1,43,97,7.23214285714286,7.57352941176471,6.31578947368421,8,7.40697674418605,7.15463917525773,45
"37",2005,4,7.28571428571429,7,7.25,7.33333333333333,7,7.4,7,4,3,1,5,2,147,106,41,2,48,99,7.23469387755102,7.56132075471698,6.39024390243902,7.5,7.40625,7.15151515151515,46
"38",2005,5,7.47142857142857,7,7.71666666666667,6,NA,8.06666666666667,7.025,6,1,0,3,4,154,112,42,2,51,103,7.24545454545455,7.56964285714286,6.38095238095238,7.5,7.44509803921569,7.14660194174757,47
"39",2005,6,7.1,5,7.125,7,NA,6.75,7.33333333333333,4,1,0,2,3,159,116,43,2,53,106,7.24088050314465,7.55431034482759,6.3953488372093,7.5,7.4188679245283,7.15188679245283,48
"40",2005,7,8,2,8,NA,NA,7,9,2,0,0,1,1,161,118,43,2,54,107,7.25031055900621,7.56186440677966,6.3953488372093,7.5,7.41111111111111,7.16915887850467,49
"41",2005,8,6.75,6,7.625,5,NA,7.25,6.5,4,2,0,2,4,167,122,45,2,56,111,7.23233532934132,7.56393442622951,6.33333333333333,7.5,7.40535714285714,7.14504504504505,50
"42",2005,9,6.77272727272727,11,7.28571428571429,5.875,NA,6.5,6.92857142857143,7,4,0,4,7,178,129,49,2,60,118,7.20393258426966,7.54883720930233,6.29591836734694,7.5,7.345,7.13220338983051,51
"43",2005,10,7.375,8,7.83333333333333,6,NA,8,6.75,6,2,0,4,4,186,135,51,2,64,122,7.21129032258064,7.56148148148148,6.2843137254902,7.5,7.3859375,7.11967213114754,52
"44",2005,11,6.68181818181818,11,6.64285714285714,6.75,7,6.75,6.66666666666667,7,4,1,2,9,197,142,55,3,66,131,7.18172588832487,7.51619718309859,6.31818181818182,7.33333333333333,7.36666666666667,7.08854961832061,53
"45",2005,12,8,5,8.5,7.66666666666667,7,8,NA,2,3,1,5,0,202,144,58,4,71,131,7.2019801980198,7.52986111111111,6.38793103448276,7.25,7.4112676056338,7.08854961832061,54
"46",2006,1,6.58823529411765,17,7.07142857142857,6.25,NA,6.05,7.35714285714286,7,10,0,10,7,219,151,68,4,81,138,7.15433789954338,7.50860927152318,6.36764705882353,7.25,7.24320987654321,7.10217391304348,55
"47",2006,2,7.5,2,7,8,NA,7,8,1,1,0,1,1,221,152,69,4,82,139,7.15746606334842,7.50526315789474,6.39130434782609,7.25,7.24024390243903,7.10863309352518,56
"48",2006,3,6.42857142857143,7,6.5,6.4,NA,5,7,2,5,0,2,5,228,154,74,4,84,144,7.13508771929825,7.49220779220779,6.39189189189189,7.25,7.18690476190476,7.10486111111111,57
"49",2006,4,7.60714285714286,7,7.54166666666667,8,NA,7.8125,7.33333333333333,6,1,0,4,3,235,160,75,4,88,147,7.14914893617021,7.4940625,6.41333333333333,7.25,7.21534090909091,7.10952380952381,58
"50",2006,5,6.83333333333333,9,6.875,6.8,7,6.16666666666667,7.16666666666667,4,5,1,3,6,244,164,80,5,91,153,7.1375,7.47896341463415,6.4375,7.2,7.18076923076923,7.11176470588235,59
"51",2006,6,7.53181818181818,11,7.76111111111111,6.5,8,7.58333333333333,7.47,9,2,1,6,5,255,173,82,6,97,158,7.15450980392157,7.49364161849711,6.4390243902439,7.33333333333333,7.20567010309278,7.12310126582278,60
"52",2006,7,6.5625,8,7.5,5.625,6,6,6.75,4,4,1,2,6,263,177,86,7,99,164,7.13650190114068,7.49378531073446,6.40116279069767,7.14285714285714,7.18131313131313,7.10945121951219,61
"53",2006,8,6.66666666666667,6,6.5,7,NA,7.5,6.25,4,2,0,2,4,269,181,88,7,101,168,7.12602230483271,7.47182320441989,6.41477272727273,7.14285714285714,7.18762376237624,7.08898809523809,62
"54",2006,9,6.45,10,6.75,6,6,6.625,6.33333333333333,6,4,1,4,6,279,187,92,8,105,174,7.10179211469534,7.44866310160428,6.39673913043478,7,7.16619047619048,7.06293103448276,63
"55",2006,10,7.29166666666667,12,7.25,7.375,NA,6.9,7.57142857142857,8,4,0,5,7,291,195,96,8,110,181,7.10962199312715,7.44051282051282,6.4375,7,7.15409090909091,7.08259668508287,64
"56",2006,11,6.76111111111111,18,7.27,6.125,NA,6,7.05384615384615,10,8,0,5,13,309,205,104,8,115,194,7.08932038834951,7.43219512195122,6.41346153846154,7,7.10391304347826,7.08067010309278,65
"57",2006,12,7.3,10,7.71428571428571,6.33333333333333,NA,7.4,7.2,7,3,0,5,5,319,212,107,8,120,199,7.09592476489028,7.44150943396226,6.41121495327103,7,7.11625,7.08366834170854,66
"58",2007,1,6.91666666666667,24,7.4375,5.875,6,6.55555555555556,7.13333333333333,16,8,1,9,15,343,228,115,9,129,214,7.08338192419825,7.44122807017544,6.37391304347826,6.88888888888889,7.07713178294574,7.08714953271028,67
"59",2007,2,7.29908933333333,15,7.78333333333333,5.36211333333333,8,6.6,7.648634,12,3,1,5,10,358,240,118,10,134,224,7.09241994413408,7.45833333333333,6.3481893220339,7,7.05932835820896,7.11221580357143,68
"60",2007,3,7.05,10,7.64285714285714,5.66666666666667,NA,6.75,7.25,7,3,0,4,6,368,247,121,10,138,230,7.09126722826087,7.46356275303644,6.3312920661157,7,7.05036231884058,7.11581017391304,69
"61",2007,4,6.89933333333333,15,7.13545454545455,6.25,NA,7.2,6.749,11,4,0,5,10,383,258,125,10,143,240,7.08375023498694,7.44957364341085,6.32869072,7,7.05559440559441,7.10052641666667,70
"62",2007,5,7.5,8,7.71428571428571,6,NA,6.9,8.5,7,1,0,5,3,391,265,126,10,148,243,7.09226685421995,7.45656603773585,6.32608206349206,7,7.05033783783784,7.11780386831276,71
"63",2007,6,7.825,8,8,7.3,7.6,8,7.76666666666667,6,2,1,2,6,399,271,128,11,150,249,7.10695824561403,7.46859778597786,6.34129953125,7.05454545454545,7.063,7.13343911646586,72
"64",2007,7,6.85625,16,6.94444444444444,6.74285714285714,7,7.66666666666667,6.37,9,7,1,6,10,415,280,135,12,156,259,7.09729238554217,7.45175,6.36212103703704,7.05,7.08621794871795,7.1039627027027,73
"65",2007,8,7.56666666666667,15,8.11111111111111,6.75,NA,7.28571428571429,7.8125,9,6,0,7,8,430,289,141,12,163,267,7.11366590697674,7.47228373702422,6.3786265248227,7.05,7.09478527607362,7.12519228464419,74
"66",2007,9,7.65,10,7.66666666666667,7.625,NA,7.16666666666667,7.85714285714286,6,4,0,3,7,440,295,145,12,166,274,7.12585531818182,7.47623728813559,6.41300924137931,7.05,7.0960843373494,7.14389175182482,75
"67",2007,10,6.46666666666667,15,6.75,6.14285714285714,5.5,6.5,6.44444444444444,8,7,2,6,9,455,303,152,14,172,283,7.10412382417582,7.45706270627063,6.40056802631579,6.82857142857143,7.07529069767442,7.12164784452297,76
"68",2007,11,7.12105263157895,19,7.56153846153846,6.16666666666667,NA,7.375,6.93636363636364,13,6,0,8,11,474,316,158,14,180,294,7.10480240506329,7.46136075949367,6.39168569620253,6.82857142857143,7.08861111111111,7.11471544217687,77
"69",2007,12,6.475,20,7.15,5.8,NA,6.42857142857143,6.5,10,10,0,7,13,494,326,168,14,187,307,7.0793043319838,7.45180981595092,6.35646630952381,6.82857142857143,7.06390374331551,7.0886851465798,78
"70",2008,1,6.83045454545455,22,7.38461538461539,6.03,7,6.73083333333333,6.95,13,9,1,12,10,516,339,177,15,199,317,7.06869445736434,7.44923303834808,6.33986632768361,6.84,7.04381909547739,7.08431022082019,79
"71",2008,2,6.77777777777778,18,7.25,5.83333333333333,5,7.18181818181818,6.14285714285714,12,6,1,11,7,534,351,183,16,210,324,7.05888827715356,7.44242165242165,6.32325868852459,6.725,7.05104761904762,7.06397018518518,80
"72",2008,3,6.78571428571429,14,7.38888888888889,5.7,7,7.78571428571429,5.78571428571429,9,5,2,7,7,548,360,188,18,217,331,7.05190937956204,7.44108333333333,6.30668265957447,6.75555555555556,7.0747465437788,7.03693758308157,81
"73",2008,4,6.90588235294118,17,7.34,6.28571428571429,6,6.66666666666667,7.03636363636364,10,7,1,6,11,565,370,195,19,223,342,7.0475156460177,7.43835135135135,6.30592994871795,6.71578947368421,7.0637668161435,7.03691912280702,82
"74",2008,5,6.86,15,7.625,5.98571428571429,NA,6.75,6.93333333333333,8,7,0,6,9,580,378,202,19,229,351,7.04266610344828,7.44230158730159,6.29483336633663,6.71578947368421,7.05554585152838,7.03426307692308,83
"75",2008,6,6.81818181818182,11,6.92857142857143,6.625,NA,6.875,6.78571428571429,7,4,0,4,7,591,385,206,19,233,358,7.03848788494078,7.43296103896104,6.30124436893204,6.71578947368421,7.05244635193133,7.02940318435754,84
"76",2008,7,7.0547619047619,21,7.24230769230769,6.75,6.5,7.12272727272727,6.98,13,8,2,11,10,612,398,214,21,244,368,7.03904630718954,7.42673366834171,6.31802028037383,6.69523809523809,7.05561475409836,7.02806070652174,85
"77",2008,8,6.8,15,7.91666666666667,6.05555555555556,8,6.08333333333333,7.27777777777778,6,9,1,6,9,627,404,223,22,250,377,7.03332749601276,7.4340099009901,6.30742753363229,6.75454545454545,7.03228,7.03402212201591,86
"78",2008,9,7.13,10,7.875,6.63333333333333,7,7.25,7.05,4,6,2,4,6,637,408,229,24,254,383,7.0348451177394,7.43833333333333,6.31596655021834,6.775,7.03570866141732,7.03427242819843,87
"79",2008,10,7.03947368421053,19,7.34090909090909,6.625,6,7.3,6.75,11,8,2,10,9,656,419,237,26,264,392,7.03497917682927,7.43577565632458,6.32639805907173,6.71538461538462,7.0457196969697,7.02774576530612,88
"80",2008,11,6.89285714285714,14,7,6.7,NA,8,6.80769230769231,9,5,0,1,13,670,428,242,26,265,405,7.03200946268657,7.42661214953271,6.33411710743802,6.71538461538462,7.04932075471698,7.02068232098765,89
"81",2008,12,7.25384615384615,13,7.58888888888889,6.5,NA,7.46,7.125,9,4,0,5,8,683,437,246,26,270,413,7.03623183016105,7.42995423340961,6.3368143902439,6.71538461538462,7.05692592592593,7.02270300242131,90
"82",2009,1,7.54285714285714,21,8.02857142857143,6.57142857142857,6,7.625,7.49230769230769,14,7,1,8,13,704,451,253,27,278,426,7.05134423295454,7.44853658536585,6.3433056916996,6.68888888888889,7.07327338129496,7.03703366197183,91
"83",2009,2,7.04090909090909,22,7.34285714285714,6.9,7.5,7.375,6.96666666666667,7,15,2,4,18,726,458,268,29,282,444,7.05102801652892,7.44692139737991,6.37446395522388,6.7448275862069,7.07755319148936,7.03418094594595,92
"84",2009,3,6.97058823529412,17,7.42857142857143,6.65,7,8.33333333333333,6.67857142857143,7,10,1,3,14,743,465,278,30,285,458,7.04918753701211,7.44664516129032,6.38437532374101,6.75333333333333,7.09077192982456,7.0233107860262,93
"85",2009,4,7.30882352941176,17,7.41666666666667,7.1875,NA,7.67857142857143,7.05,9,8,0,7,10,760,474,286,30,292,468,7.05499518421052,7.44607594936709,6.40684034965035,6.75333333333333,7.10486301369863,7.02388106837607,94
"86",2009,5,6.8125,16,7.625,6,6,7.8,6.36363636363636,8,8,2,5,11,776,482,294,32,297,479,7.04999528350515,7.44904564315353,6.39576986394558,6.70625,7.11656565656566,7.00871887265136,95
"87",2009,6,7.05789473684211,19,7.1,7,7.5,7.44,6.92142857142857,11,8,2,5,14,795,493,302,34,302,493,7.0501840754717,7.44125760649087,6.4117759602649,6.75294117647059,7.12192052980132,7.00624004056795,96
"88",2009,7,6.62586206896552,29,7.08076923076923,6.25625,5,7,6.566,13,16,1,4,25,824,506,318,35,306,518,7.03525041262136,7.43199604743083,6.40395075471698,6.70285714285714,7.12032679738562,6.98499293436294,97
"89",2009,8,6.64285714285714,14,7,6,NA,6.33333333333333,6.72727272727273,9,5,0,3,11,838,515,323,35,309,529,7.02869491646778,7.42444660194175,6.39769764705882,6.70285714285714,7.11268608414239,6.97963391304348,98
"90",2009,9,7,10,7.16666666666667,6.75,7,6.75,7.16666666666667,6,4,1,4,6,848,521,327,36,313,535,7.02835653301887,7.42147792706334,6.4020071559633,6.71111111111111,7.10805111821086,6.98173147663551,99
"91",2009,10,6.47368421052632,19,6.5,6.45833333333333,7,6.5,6.45,7,12,1,9,10,867,528,339,37,322,545,7.01620108419838,7.40926136363636,6.40400100294985,6.71891891891892,7.09105590062112,6.97197493577982,100
"92",2009,11,6.80952380952381,21,7.66666666666667,6.16666666666667,6.75,6.88333333333333,6.78,9,12,2,6,15,888,537,351,39,328,560,7.01131344594594,7.41357541899441,6.39588700854701,6.72051282051282,7.08725609756098,6.96683275,101
"93",2009,12,7.46666666666667,15,7.75,7.14285714285714,7.16666666666667,7.9,7.25,8,7,3,5,10,903,545,358,42,333,570,7.01887745293466,7.41851376146789,6.4104925698324,6.75238095238095,7.09945945945946,6.97180059649123,102
"94",2010,1,6.60588235294118,17,7.02727272727273,5.83333333333333,6,7.06666666666667,6.35454545454545,11,6,1,6,11,920,556,364,43,339,581,7.01124602173913,7.41077338129497,6.40097895604396,6.73488372093023,7.0988790560472,6.96011418244406,103
"95",2010,2,7.1,20,8,6.71428571428571,7.5,6.7,7.23333333333333,6,14,1,5,15,940,562,378,44,344,596,7.01313440425532,7.4170640569395,6.41258291005291,6.75227272727273,7.09308139534884,6.9669905033557,104
"96",2010,3,6.625,8,7.33333333333333,6.2,6.33333333333333,7.5,6.33333333333333,3,5,3,2,6,948,565,383,47,346,602,7.00985900843882,7.41661946902655,6.40980767624021,6.72553191489362,7.09543352601156,6.9606749833887,105
"97",2010,4,6.55,13,7.55,5.925,6.5,6.75,6.51363636363636,5,8,1,2,11,961,570,391,48,348,613,7.00363823100936,7.41778947368421,6.39988833759591,6.72083333333333,7.09344827586207,6.95265308319739,106
"98",2010,5,7.46428571428571,14,7.86363636363636,6,8,8,7.31818181818182,11,3,1,3,11,975,581,394,49,351,624,7.01025265641026,7.42623063683305,6.39684350253807,6.7469387755102,7.10119658119658,6.95909669871795,107
"99",2010,6,7.06,15,7.30909090909091,6.375,NA,6.33333333333333,7.24166666666667,11,4,0,3,12,990,592,398,49,354,636,7.0110064040404,7.42405405405406,6.39662396984925,6.7469387755102,7.09468926553672,6.96442820754717,108
"100",2010,7,6.475,8,6.33333333333333,6.56,6.5,6,6.54285714285714,3,5,2,1,7,998,595,403,51,355,643,7.00670975951904,7.41855462184874,6.39865096774194,6.73725490196078,7.09160563380282,6.95983878693623,109
"101",2010,8,6.83338095238095,21,7.5,6.42315384615385,6.33333333333333,6.95,6.72736363636364,8,13,3,10,11,1019,603,416,54,365,654,7.00313772325809,7.41963515754561,6.39941668269231,6.71481481481482,7.08772602739726,6.95592865443425,110
"102",2010,9,6.69721052631579,19,7.30833333333333,6.41515384615385,NA,6.437125,6.88636363636364,6,13,0,8,11,1038,609,429,54,373,665,6.99753789980732,7.41853858784893,6.39989356643357,6.71481481481482,7.07377211796247,6.95477795488722,111
"103",2010,10,7.13157894736842,19,7.02727272727273,7.275,NA,6.68,7.29285714285714,11,8,0,5,14,1057,620,437,54,378,679,6.99994734153264,7.41159677419355,6.4159138215103,6.71481481481482,7.06856349206349,6.96174865979381,112
"104",2010,11,7.075,24,7.56153846153846,6.5,5,6.475,7.375,13,11,1,8,16,1081,633,448,55,386,695,7.00161363552266,7.41467614533966,6.4179784375,6.68363636363636,7.05626165803109,6.97126235971223,113
"105",2010,12,6.675,12,7.35,6,6.5,6.6,6.72857142857143,6,6,2,5,7,1093,639,454,57,391,702,6.99802775846295,7.41406885758999,6.41245449339207,6.67719298245614,7.05042710997443,6.96884236467236,114
"106",2011,1,7.58571428571429,21,7.82142857142857,7.11428571428571,5.8,7.5,7.60588235294118,14,7,1,4,17,1114,653,461,58,395,719,7.00910622980251,7.42280245022971,6.42311136659436,6.66206896551724,7.05497974683544,6.98390450625869,115
"107",2011,2,7.475,20,8.09090909090909,6.72222222222222,6,7.22222222222222,7.68181818181818,11,9,2,9,11,1134,664,470,60,404,730,7.01732305114638,7.43387048192771,6.4288390212766,6.64,7.05870544554455,6.99442101369863,116
"108",2011,3,7.08,10,7.4,6.33333333333333,7,6.65,7.1875,7,3,1,2,8,1144,671,473,61,406,738,7.01787092657343,7.43351713859911,6.4282332769556,6.64590163934426,7.0566921182266,6.99651401084011,117
"109",2011,4,6.65833333333333,12,7.3,5.375,5,6.9,6.48571428571429,8,4,1,5,7,1156,679,477,62,411,745,7.01413870242215,7.4319440353461,6.41940113207547,6.61935483870968,7.05478588807786,6.99171455033557,118
"110",2011,5,6.65833333333333,12,6.5,6.69,7,7.5,6.2375,2,10,1,4,8,1168,681,487,63,415,753,7.01048316780822,7.42920704845815,6.42495757700206,6.62539682539683,7.05907710843374,6.98370164674635,119
"111",2011,6,6.95,10,7.875,6.33333333333333,6,8.25,6.625,4,6,1,2,8,1178,685,493,64,417,761,7.00996972835314,7.4318102189781,6.42384247464503,6.615625,7.06478896882494,6.97993080157687,120
"112",2011,7,7.13636363636364,11,7.125,7.16666666666667,6.5,6.75,7.22222222222222,8,3,1,2,9,1189,693,496,65,419,770,7.01113905803196,7.4282683982684,6.42833536290323,6.61384615384615,7.06328639618139,6.98276277922078,121
"113",2011,8,6.875,8,7.4,6,5,7.5,6.78571428571429,5,3,1,1,7,1197,698,499,66,420,777,7.01022918964077,7.4280659025788,6.4257602004008,6.58939393939394,7.06432619047619,6.98098756756757,122
"114",2011,9,6.75,12,6.875,6.5,NA,6.5,6.8,8,4,0,2,10,1209,706,503,66,422,787,7.00764626964433,7.42179886685553,6.42635057654076,6.58939393939394,7.06165165876777,6.97868785260483,123
"115",2011,10,6.72222222222222,9,7.08333333333333,6,NA,6.5,6.78571428571429,6,3,0,2,7,1218,712,506,66,424,794,7.00553722495895,7.41894662921349,6.42382280632411,6.58939393939394,7.05900235849057,6.9769865743073,124
"116",2011,11,6.5625,16,7.14285714285714,6.11111111111111,6.5,6.43333333333333,6.59230769230769,7,9,2,3,13,1234,719,515,68,427,807,6.99979282009724,7.41625869262865,6.41835794174757,6.58676470588235,7.05460655737705,6.9707897645601,125
"117",2011,12,6.56363636363636,11,7.11666666666667,5.9,6,6.5,6.6,6,5,1,4,7,1245,725,520,69,431,814,6.99593922891566,7.41377931034483,6.41337373076923,6.57826086956522,7.04945939675174,6.96760115479115,126
"118",2012,1,7.46666666666667,12,7.8,7.13333333333333,NA,7.25,7.51,6,6,0,2,10,1257,731,526,69,433,824,7.00043304693715,7.41694938440493,6.42158619771863,6.57826086956522,7.0503856812933,6.97418366504854,127
"119",2012,2,6.91666666666667,12,7.14285714285714,6.6,7.5,7.25,6.75,7,5,2,4,8,1269,738,531,71,437,832,6.99964092986604,7.41434959349594,6.42326617702448,6.60422535211268,7.05221281464531,6.97202805288461,128
"120",2012,3,7.22727272727273,11,7.25,7.16666666666667,NA,7.66666666666667,7.0625,8,3,0,3,8,1280,746,534,71,440,840,7.001597140625,7.41258713136729,6.42744258426966,6.60422535211268,7.05640227272727,6.97288969047619,129
"121",2012,4,6.03333333333333,6,7.3,3.5,6,7.6,5.25,4,2,1,2,4,1286,750,536,72,442,844,6.99707958009331,7.41198666666667,6.41651929104478,6.59583333333333,7.05886199095023,6.96472433649289,130
"122",2012,5,6.07142857142857,7,7.83333333333333,4.75,5,5,6.25,3,4,1,1,6,1293,753,540,73,443,850,6.99206832173241,7.41366533864542,6.40417470370371,6.57397260273973,7.0542144469526,6.95967922352941,131
"123",2012,6,6.73888888888889,9,7.4375,6.18,5,9,6.45625,4,5,1,1,8,1302,757,545,74,444,858,6.99031823348694,7.41379128137385,6.40211805504587,6.5527027027027,7.05859684684685,6.95498524475524,132
"124",2012,7,6.77777777777778,9,7.3,6.125,5.5,6.16666666666667,7.08333333333333,5,4,1,3,6,1311,762,549,75,447,864,6.98885914569031,7.41304461942257,6.40009897996357,6.53866666666667,7.05261073825503,6.95587655092593,133
"125",2012,8,6.92,5,7.8,6.33333333333333,7,NA,6.92,2,3,1,0,5,1316,764,552,76,447,869,6.98859752279635,7.41405759162304,6.39973612318841,6.54473684210526,7.05261073825503,6.95567012658228,134
"126",2012,9,6.90909090909091,11,8.25,6.14285714285714,NA,7.66666666666667,6.625,4,7,0,3,8,1327,768,559,76,450,877,6.98793846269782,7.41841145833334,6.39651939177102,6.54473684210526,7.05670444444444,6.95265375142531,135
"127",2012,10,6.671875,16,7.16666666666667,6.03571428571429,NA,8,6.58333333333333,9,7,0,1,15,1343,777,566,76,451,892,6.9841730007446,7.4154954954955,6.39205713780919,6.54473684210526,7.05879600886918,6.94644320627803,136
"128",2012,11,6.88461538461539,13,7.125,6.77777777777778,NA,6.2,7.3125,4,9,0,5,8,1356,781,575,76,456,900,6.98321853982301,7.41400768245839,6.39809450434783,6.54473684210526,7.04937938596491,6.94969704444444,137
"129",2012,12,7.07692307692308,13,7.28571428571429,6.83333333333333,NA,6.625,7.27777777777778,7,6,0,4,9,1369,788,581,76,460,909,6.98410835646457,7.41286802030457,6.40258922547332,6.54473684210526,7.04568913043478,6.95294536853685,138
"130",2013,1,6.84615384615385,13,7.44444444444444,5.5,NA,7,6.81818181818182,9,4,0,2,11,1382,797,585,76,462,920,6.98281066570188,7.41322459222083,6.39641767521368,6.54473684210526,7.04549134199134,6.95133406521739,139
"131",2013,2,7.31818181818182,11,7.75,6.8,6,7.625,7.14285714285714,6,5,1,4,7,1393,803,590,77,466,927,6.98545896625987,7.41574097135741,6.39983786440678,6.53766233766234,7.05046566523605,6.95278030204962,140
"132",2013,3,6.625,16,7,6.14285714285714,8,7,6.5,9,7,1,4,12,1409,812,597,78,470,939,6.98136574875798,7.41113300492611,6.39682469011725,6.55641025641026,7.05003617021277,6.94699397231097,141
"133",2013,4,7.5,15,7.91428571428571,7.1375,7.4,8.75,7.30769230769231,7,8,1,2,13,1424,819,605,79,472,952,6.98682889044944,7.41543345543346,6.40661874380165,6.56708860759494,7.05723940677966,6.95191947478992,142
"134",2013,5,7.2,9,7.76,6.5,NA,6.43333333333333,7.58333333333333,5,4,0,3,6,1433,824,609,79,475,958,6.98816771807397,7.41752427184466,6.40723208538588,6.56708860759494,7.05329894736842,6.95587405010438,143
"135",2013,6,7.33333333333333,9,7,7.5,7.5,7.5,7.3125,3,6,1,1,8,1442,827,615,80,476,966,6.9903220110957,7.41600967351874,6.41789323577236,6.57875,7.05423739495798,6.95882747412008,144
"136",2013,7,7.15625,16,7.45,6.66666666666667,NA,5.33333333333333,7.57692307692308,10,6,0,3,13,1458,837,621,80,479,979,6.99214289437586,7.41641577060932,6.42029684380032,6.57875,7.04345929018789,6.96703507660878,145
"137",2013,8,7.23,10,7.4125,6.5,NA,7,7.25555555555556,8,2,0,1,9,1468,845,623,80,480,988,6.99376317438692,7.41637869822485,6.42055271268058,6.57875,7.04336875,6.96966329959514,146
"138",2013,9,6.81818181818182,11,7.5,6,6,7.25,6.57142857142857,6,5,1,4,7,1479,851,628,81,484,995,6.99245729546991,7.41696827262045,6.41720436305733,6.5716049382716,7.04507644628099,6.96686164824121,147
"139",2013,10,7.4,7,7.26,7.75,NA,NA,7.4,5,2,0,0,7,1486,856,630,81,484,1002,6.99437707940781,7.41605140186916,6.42143546031746,6.5716049382716,7.04507644628099,6.96988756487026,148
"140",2013,11,7.003125,32,7.64444444444444,6.17857142857143,7.5,7.65,6.70909090909091,18,14,1,10,22,1518,874,644,82,494,1024,6.99456148880105,7.42075514874142,6.41615580745342,6.58292682926829,7.05732186234818,6.96428451171875,149
"141",2013,12,7.11764705882353,17,7.30769230769231,6.5,NA,7.16666666666667,7.09090909090909,13,4,0,6,11,1535,887,648,82,500,1035,6.9959246514658,7.41909808342729,6.41667336419753,6.58292682926829,7.058634,6.96563028019324,150
"142",2014,1,7.3,14,7.7,5.83333333333333,NA,7.74,7.05555555555556,11,3,0,5,9,1549,898,651,82,505,1044,6.99867291155584,7.42253897550112,6.41398516129032,6.58292682926829,7.0653801980198,6.96640549808429,151
"143",2014,2,7.40869565217391,23,7.82666666666667,6.625,NA,8.33333333333333,7.27,15,8,0,3,20,1572,913,659,82,508,1064,7.00467197201018,7.42917853231106,6.41654679817906,6.58292682926829,7.07286811023622,6.97211216165414,152
"144",2014,3,7.9375,8,8.16666666666667,7.25,NA,9,7.78571428571429,6,2,0,1,7,1580,919,661,82,509,1071,7.00939515189873,7.43399347116431,6.41906859304085,6.58292682926829,7.07665422396857,6.97742982259571,153
"145",2014,4,6.625,12,7.58333333333333,5.66666666666667,6.5,6.66666666666667,6.58333333333333,6,6,2,6,6,1592,925,667,84,515,1077,7.00649770100503,7.43496216216216,6.41230035982009,6.58095238095238,7.07187766990291,6.97523429897864,154
"146",2014,5,7.22,15,7.48333333333333,6.16666666666667,NA,6.75,7.39090909090909,12,3,0,4,11,1607,937,670,84,519,1088,7.00849056627256,7.43558164354322,6.41120050746269,6.58095238095238,7.06939691714836,6.97943689338235,155
"147",2014,6,7,10,7,7,6,7.5,6.875,2,8,1,2,8,1617,939,678,85,521,1096,7.00843805813234,7.43465388711395,6.4181479941003,6.57411764705882,7.07104990403071,6.97867458029197,156
"148",2014,7,7.45,14,7.64444444444444,7.1,NA,7.7,7.35,9,5,0,4,10,1631,948,683,85,525,1106,7.01222828939301,7.43664556962026,6.42313959004392,6.57411764705882,7.07584190476191,6.98203195298373,157
"149",2014,8,7.13636363636364,11,7.22222222222222,6.75,NA,7.75,7,9,2,0,2,9,1642,957,685,85,527,1115,7.01305989037759,7.43462904911181,6.4240939270073,6.57411764705882,7.07840037950664,6.98217698654709,158
"150",2014,9,7.33727272727273,11,8.102,6.7,NA,7.0025,7.52857142857143,5,6,0,4,7,1653,962,691,85,531,1122,7.01521738656987,7.43809771309772,6.4264896382055,6.57411764705882,7.07782862523541,6.98558586452763,159
"151",2014,10,6.93214285714286,14,6.59375,7.38333333333333,NA,8,6.64090909090909,8,6,0,3,11,1667,970,697,85,534,1133,7.01451970005999,7.43113402061856,6.43472645624103,6.57411764705882,7.08300936329588,6.98223948808473,160
"152",2014,11,6.05230769230769,13,6.45428571428571,5.58333333333333,4.5,7.84,5.72727272727273,7,6,2,2,11,1680,977,703,87,536,1144,7.00707401190476,7.42413510747186,6.427459943101,6.52643678160919,7.08583395522388,6.9701725,161
"153",2014,12,7.51428571428571,7,8.375,6.36666666666667,7.1,6.55,7.9,4,3,1,2,5,1687,981,706,88,538,1149,7.00917862477771,7.42801223241591,6.42720161473088,6.53295454545454,7.08384200743494,6.97421874673629,162
"154",2015,1,6.975,20,7.5,6.45,NA,7.6,6.76666666666667,10,10,0,5,15,1707,991,716,88,543,1164,7.00877817223198,7.42873864783048,6.42752002793296,6.53295454545454,7.08859484346225,6.97154410652921,163
"155",2015,2,6.78333333333333,12,7.0625,6.225,7,7.5,6.425,8,4,1,4,8,1719,999,720,89,547,1172,7.00720438627109,7.42580580580581,6.42639491666667,6.53820224719101,7.09160329067642,6.96781343003413,164
"156",2015,3,7.0875,8,7.56666666666667,6.8,6.66666666666667,NA,7.0875,3,5,3,0,8,1727,1002,725,92,547,1180,7.00757634047481,7.42622754491018,6.42897150344828,6.54239130434783,7.09160329067642,6.96862486440678,165
"157",2015,4,7.13333333333333,15,7.61111111111111,6.41666666666667,3,7.16666666666667,7.125,9,6,1,3,12,1742,1011,731,93,550,1192,7.00865920780712,7.42787339268052,6.42887050615595,6.50430107526882,7.09201272727273,6.97019911073826,166
"158",2015,5,7.41,10,7.65714285714286,6.83333333333333,NA,8,7.2625,7,3,0,2,8,1752,1018,734,93,552,1200,7.01094996575342,7.42944990176818,6.4305236239782,6.50430107526882,7.09530253623188,6.97214778333333,167
"159",2015,6,7.94,15,8.11111111111111,7.68333333333333,NA,7.33333333333333,8.09166666666667,9,6,0,3,12,1767,1027,740,93,555,1212,7.01883663837012,7.435423563778,6.44068154054054,6.50430107526882,7.09658918918919,6.98323212871287,168
"160",2015,7,7.32692307692308,13,7.625,7.07142857142857,7,7.3125,7.35,6,7,2,8,5,1780,1033,747,95,563,1217,7.02108670786517,7.43652468538238,6.44659215528782,6.51473684210526,7.09965719360568,6.98473898110107,169
"161",2015,8,6.97692307692308,13,7.22857142857143,6.68333333333333,NA,7.66666666666667,6.77,7,6,0,3,10,1793,1040,753,95,566,1227,7.02076650306748,7.435125,6.44847853917663,6.51473684210526,7.10266254416961,6.98298886715567,170
"162",2015,9,7.15454545454545,11,6.75,7.64,9,7.25,7.1,6,5,1,4,7,1804,1046,758,96,570,1234,7.02158222838137,7.43119502868069,6.45633817941953,6.540625,7.10369649122807,6.98365262560778,171
"163",2015,10,6.6925,12,7.47285714285714,5.6,6,8,6.431,7,5,1,2,10,1816,1053,763,97,572,1244,7.01940767621145,7.43147198480532,6.45072652686763,6.53505154639175,7.10683041958042,6.97921008038585,172
"164",2015,11,6.91666666666667,18,7.63636363636364,5.78571428571429,6,7.75,6.67857142857143,11,7,2,4,14,1834,1064,770,99,576,1258,7.0183993129771,7.43359022556391,6.44468096103896,6.52424242424242,7.111296875,6.97586434022258,173
"165",2015,12,6.77142857142857,14,6.96666666666667,6.625,6,8,6.67692307692308,6,8,1,1,13,1848,1070,778,100,577,1271,7.01652832251082,7.43097196261683,6.44653514138818,6.519,7.11283708838821,6.97280671911881,174
"166",2016,1,7.14285714285714,14,7.6,6,NA,9,6.63636363636364,10,4,0,3,11,1862,1080,782,100,580,1282,7.0174781632653,7.43253703703704,6.4442510741688,6.519,7.12259827586207,6.96991992199688,175
"167",2016,2,6.73846153846154,13,6.5,6.94285714285714,NA,6,6.8,6,7,0,1,12,1875,1086,789,100,581,1294,7.015543648,7.42738489871087,6.44867470215463,6.519,7.1206660929432,6.9683441576507,176
"168",2016,3,7.63636363636364,11,8,6.66666666666667,NA,8,7.55555555555556,8,3,0,2,9,1886,1094,792,100,583,1303,7.01916454931071,7.43157221206582,6.44950042929293,6.519,7.12368267581475,6.97240010744436,177
"169",2016,4,6.21428571428571,14,6.66666666666667,5.875,6,6,6.25,6,8,3,2,12,1900,1100,800,103,585,1315,7.01323386315789,7.4274,6.443755425,6.50388349514563,7.11984102564103,6.96580786311787,178
"170",2016,5,6.9,15,7.35714285714286,6.5,7,6,7.03846153846154,7,8,2,2,13,1915,1107,808,105,587,1328,7.01234691383812,7.42695573622403,6.4443123019802,6.51333333333333,7.11602555366269,6.9665190813253,179
"171",2016,6,7.48214285714286,14,7.5,7.45,7.375,8.125,7,9,5,2,6,8,1929,1116,813,107,593,1336,7.01575652669777,7.42754480286739,6.45049734317343,6.52943925233645,7.12623440134907,6.96671956586827,180
"172",2016,7,6.5,17,7.15,5.57142857142857,5,8,6.40625,10,7,1,1,16,1946,1126,820,108,594,1352,7.01125094552929,7.42507992895205,6.44299309756098,6.51527777777778,7.12770538720539,6.96008678994083,181
"173",2016,8,6.8625,12,7.08571428571429,6.55,9,7,6.76428571428571,7,5,1,5,7,1958,1133,825,109,599,1359,7.01033929519918,7.42298323036187,6.44364162424243,6.53807339449541,7.12663939899833,6.95907824871229,182
"174",2016,9,7.01428571428571,7,7.44,5.95,NA,8,6.85,5,2,0,1,6,1965,1138,827,109,600,1365,7.01035335368957,7.42305799648507,6.44244781136639,6.53807339449541,7.128095,6.95859878388279,183
"175",2016,10,6.91176470588235,17,7.625,5.2,NA,8,6.57692307692308,12,5,0,4,13,1982,1150,832,109,604,1378,7.00950773965691,7.42516521739131,6.43498117788462,6.53807339449541,7.13386920529801,6.95499806966619,184
"176",2016,11,6.66666666666667,9,8.5,6.14285714285714,5,9,6.375,2,7,1,1,8,1991,1152,839,110,605,1386,7.00795798091411,7.42703125,6.43254390941597,6.52409090909091,7.13695371900826,6.95165031746032,185
"177",2016,12,6.76923076923077,13,6.875,6.6,8,8,6.22222222222222,8,5,1,4,9,2004,1160,844,111,609,1395,7.00640935129741,7.42322413793104,6.4335359478673,6.53738738738739,7.1426223316913,6.94694432974911,186
"178",2017,1,6.74375,16,7.69,5.16666666666667,NA,7.7,6.52307692307692,10,6,0,3,13,2020,1170,850,111,612,1408,7.00432888118812,7.42550427350428,6.42459334117647,6.53738738738739,7.1453545751634,6.94303078125,187
"179",2017,2,7.2,13,8.2,6.575,5,5.5,7.50909090909091,5,8,1,2,11,2033,1175,858,112,614,1419,7.00558009837678,7.4288,6.42599573426574,6.52366071428571,7.13999511400652,6.94741884425652,188
"180",2017,3,7.08,10,7.4375,5.65,NA,7.5,6.975,8,2,0,2,8,2043,1183,860,112,616,1427,7.00594436612824,7.42885883347422,6.42419109302326,6.52366071428571,7.14116396103896,6.9475734688157,189
"181",2017,4,7.25,20,7.46875,6.375,5,7.33333333333333,7.23529411764706,16,4,1,3,17,2063,1199,864,113,619,1444,7.00831039263209,7.42939115929942,6.42396335648148,6.51017699115044,7.14209531502423,6.95096076177285,190
"182",2017,5,7.34615384615385,13,7.55555555555556,6.875,NA,7.83333333333333,7.2,9,4,0,3,10,2076,1208,868,113,622,1454,7.01042598265896,7.43033112582782,6.42604186635945,6.51017699115044,7.14542926045016,6.95267354883081,191
"183",2017,6,7.31666666666667,6,7.35,7.25,NA,NA,7.31666666666667,4,2,0,0,6,2082,1212,870,113,622,1460,7.01130852065322,7.43006600660066,6.42793602298851,6.51017699115044,7.14542926045016,6.95416941095891,192
"184",2017,7,7.00666666666667,15,7,7.01666666666667,7,7.025,7,9,6,2,4,11,2097,1221,876,115,626,1471,7.01127531711969,7.42689598689599,6.43196842465754,6.51869565217391,7.14465974440895,6.95451212780422,193
"185",2017,8,7.21181818181818,11,7.83333333333333,6.97875,7.25,9,7.033,3,8,2,1,10,2108,1224,884,117,627,1481,7.01232179316888,7.42789215686275,6.43691667420815,6.53119658119658,7.14761881977672,6.95504209318028,194
"186",2017,9,6.81818181818182,11,7.1,6.58333333333333,NA,6,6.9,5,6,0,1,10,2119,1229,890,117,628,1491,7.01131398773006,7.42655817737999,6.43790375280899,6.53119658119658,7.14579140127389,6.95467293091885,195
"187",2017,10,7.19473684210526,19,7.51538461538462,6.5,7.5,8,7.1,13,6,1,2,17,2138,1242,896,118,630,1508,7.01294403180543,7.42748792270532,6.43831957589286,6.53940677966102,7.14850317460318,6.95631123342175,196
"188",2017,11,7.4375,16,7.7,7,NA,8.375,7.125,10,6,0,4,12,2154,1252,902,118,634,1520,7.01609765088208,7.42966453674122,6.44205580931264,6.53940677966102,7.15624132492114,6.95764298684211,197
"189",2017,12,7.54444444444444,18,7.81666666666667,7,8,7.5,7.55714285714286,12,6,1,4,14,2172,1264,908,119,638,1534,7.02047621546961,7.43333860759494,6.44574266519824,6.55168067226891,7.15839655172414,6.96311430247718,198
"190",2018,1,7.12777777777778,18,7.44,6.7375,NA,7,7.14375,10,8,0,2,16,2190,1274,916,119,640,1550,7.02135814611872,7.43339089481947,6.44829076419214,6.55168067226891,7.1579015625,6.96497892903226,199
"191",2018,2,7,7,8.5,6.4,NA,6.5,7.2,2,5,0,2,5,2197,1276,921,119,642,1555,7.02129009558489,7.43506269592477,6.44802859934854,6.55168067226891,7.15585202492212,6.96573462379421,200
"192",2018,3,7.3,15,7.55,6.8,NA,7.5,7.25,10,5,0,3,12,2212,1286,926,119,645,1567,7.02318008137432,7.43595645412131,6.44992909287257,6.55168067226891,7.1574527131783,6.96791151244416,201
"193",2018,4,6.66666666666667,6,6.5,6.75,7,6.5,6.75,2,4,1,2,4,2218,1288,930,120,647,1571,7.02221566275924,7.43450310559006,6.45121972043011,6.55541666666667,7.15542040185472,6.96735667727562,202
"194",2018,5,7.275,12,8.26,6.57142857142857,NA,8.25,7.08,5,7,0,2,10,2230,1293,937,120,649,1581,7.02357593721973,7.43769528228925,6.4521177588047,6.55541666666667,7.15879352850539,6.96806915876028,203
"195",2018,6,7.7,10,8.4,7,6,9,7.375,5,5,1,2,8,2240,1298,942,121,651,1589,7.0265956875,7.44140215716487,6.45502583864119,6.55082644628099,7.16445007680492,6.97011789804909,204
"196",2018,7,7.125,12,7.28571428571429,6.9,7,7.3,7,7,5,1,5,7,2252,1305,947,122,656,1596,7.02712004440497,7.44056704980843,6.45737522703274,6.55450819672131,7.16548323170732,6.97024895989975,205
"197",2018,8,7.16777777777778,18,7.54,6.2,NA,7.27777777777778,7.05777777777778,13,5,0,9,9,2270,1318,952,122,665,1605,7.02823539207048,7.44154779969651,6.45602346638656,6.55450819672131,7.1670030075188,6.97073977570093,206
"198",2018,9,6.73333333333333,15,8,5.28571428571429,5,5.83333333333333,7.33333333333333,8,7,1,6,9,2285,1326,959,123,671,1614,7.02629949234135,7.44491704374057,6.44748106360793,6.54186991869919,7.15507749627422,6.97276167286245,207
"199",2018,10,6.90952380952381,21,7.61,6.27272727272727,7,8.26666666666667,6.68333333333333,10,11,1,3,18,2306,1336,970,124,674,1632,7.02523605377276,7.44615269461078,6.44549931958763,6.54556451612903,7.16002522255193,6.96956944852941,208
"200",2018,11,6.55,10,7.1,6,NA,7.125,6.16666666666667,5,5,0,4,6,2316,1341,975,124,678,1638,7.02318408462867,7.44486204325131,6.44321470769231,6.54556451612903,7.1598185840708,6.96662841269841,209
"201",2018,12,7.19444444444444,18,7.7,6.5625,NA,7.875,7,10,8,0,4,14,2334,1351,983,124,682,1652,7.02450485861182,7.44675055514434,6.44418549338759,6.54556451612903,7.16401319648094,6.96691122276029,210
"202",2019,1,6.5,15,7.19230769230769,2,NA,8,6.39285714285714,13,2,0,1,14,2349,1364,985,124,683,1666,7.02115553001277,7.44432551319648,6.43516176649746,6.54556451612903,7.16523718887262,6.96208723889556,211
"203",2019,2,7.08076923076923,13,7.65625,6.16,NA,7.6875,6.81111111111111,8,5,0,4,9,2362,1372,990,124,687,1675,7.02148363251481,7.4455612244898,6.43377206060606,6.54556451612903,7.16827802037846,6.9612760238806,212
"204",2019,3,6.99722222222222,18,7.64583333333333,5.7,4,6.67857142857143,7.2,12,6,1,7,11,2380,1384,996,125,694,1686,7.02130014285714,7.44729768786127,6.42935174698795,6.5252,7.1633386167147,6.96283353499407,213
"205",2019,4,6.93,10,6.875,7.15,6.5,6.75,7.05,8,2,1,4,6,2390,1392,998,126,698,1692,7.02091813389121,7.44400862068966,6.43079593186373,6.525,7.16096991404012,6.96314263593381,214
"206",2019,5,6.50526315789474,19,7.13333333333333,5.42857142857143,7,6.66666666666667,6.475,12,7,3,3,16,2409,1404,1005,129,701,1708,7.01685111664591,7.44135327635328,6.42381526368159,6.53604651162791,7.1588544935806,6.95856987119438,215
"207",2019,6,6.93298263157895,19,7.70909090909091,5.86583375,6.213335,8,6.80745117647059,11,8,2,2,17,2428,1415,1013,131,703,1725,7.01619481466227,7.44343462897527,6.41940869693978,6.53111961832061,7.16124751066856,6.95708058550725,216
"208",2019,7,7.32222222222222,18,7.59090909090909,6.9,6.25,8.6,6.83076923076923,11,7,2,5,13,2446,1426,1020,133,708,1738,7.01844685609157,7.44457223001403,6.42270687254902,6.5268922556391,7.1714081920904,6.95613579401611,217
"209",2019,8,7.10833333333333,12,7.52222222222222,5.86666666666667,NA,NA,7.10833333333333,9,3,0,0,12,2458,1435,1023,133,708,1750,7.0188856834825,7.44505923344948,6.42107625610948,6.5268922556391,7.1714081920904,6.95717943428571,218
"210",2019,9,6.94736842105263,19,7.33333333333333,6.6,5.16666666666667,5.33333333333333,7.25,9,10,3,3,16,2477,1444,1033,136,711,1766,7.01833710536939,7.44436288088643,6.42280833494676,6.49688727941176,7.16365260196906,6.95983239524349,219
"211",2019,10,7.31052631578947,19,7.72727272727273,6.7375,NA,7.5625,7.12727272727273,11,8,0,8,11,2496,1455,1041,136,719,1777,7.02056130208333,7.44650171821306,6.42522671469741,6.49688727941176,7.16809040333797,6.96086888576252,220
"212",2019,11,7.5625,20,7.81666666666667,6.8,6.5,9,7.48684210526316,15,5,2,1,19,2516,1470,1046,138,720,1796,7.0248692408585,7.45027891156463,6.42701817399618,6.49693239130435,7.17063472222222,6.96643319042316,221
"213",2019,12,6.61333333333333,15,8.25,6.01818181818182,7.23333333333333,7.56666666666667,6.375,4,11,3,3,12,2531,1474,1057,141,723,1808,7.02243026866851,7.45244911804614,6.4227634910123,6.5126004964539,7.17227800829876,6.9625077488938,222
"214",2020,1,7.2037037037037,27,7.7,6.48181818181818,6.23333333333333,8,7.02272727272727,16,11,3,5,22,2558,1490,1068,144,728,1830,7.02434363174355,7.45510738255034,6.42337173220974,6.50678243055556,7.17796291208791,6.96323169945355,223
"215",2020,2,7.25,14,7.5,6.625,NA,7,7.29166666666667,10,4,0,2,12,2572,1500,1072,144,730,1842,7.02557193234836,7.45540666666667,6.42412407649254,6.50678243055556,7.17747534246575,6.96537134093377,224
"216",2020,3,6.80769230769231,13,7.44444444444444,5.375,NA,5.5,7.38888888888889,9,4,0,4,9,2585,1509,1076,144,734,1851,7.02447621276595,7.45534128561962,6.42022398698885,6.50678243055556,7.16833378746594,6.96743058346839,225
"217",2020,4,6.75555555555556,9,8,5.76,7,9,6.475,4,5,1,1,8,2594,1513,1081,145,735,1859,7.02354318041634,7.45678122934567,6.41717022201665,6.51018393103448,7.17082585034014,6.96531146315223,226
"218",2020,5,8,2,8,NA,NA,8,8,2,0,0,1,1,2596,1515,1081,145,736,1860,7.02429545839753,7.45749834983499,6.41717022201665,6.51018393103448,7.17195244565217,6.96586774731183,227
"219",2020,6,6.96428571428571,14,6.95,7,NA,7,6.95454545454545,10,4,0,3,11,2610,1525,1085,145,739,1871,7.0239735670498,7.45417049180328,6.41931890322581,6.51018393103448,7.17125439783491,6.96580118118653,228
"220",2020,7,7.28076923076923,26,7.375,6.96666666666667,NA,7.5,7.2625,20,6,0,2,24,2636,1545,1091,145,741,1895,7.02650645295902,7.45314563106796,6.42232906507791,6.51018393103448,7.17214170040486,6.96955884432717,229
"221",2020,8,7.25,30,7.75,5.875,NA,6.83333333333333,7.35416666666667,22,8,0,6,24,2666,1567,1099,145,747,1919,7.02902138409602,7.45731333758775,6.41834486806188,6.51018393103448,7.1694203480589,6.97436894736842,230
"222",2020,9,7.27703703703704,27,7.55444444444444,6.72222222222222,6.83333333333333,7.31818181818182,7.24875,18,9,3,11,16,2693,1585,1108,148,758,1935,7.03150798737467,7.45841640378549,6.42081318592058,6.51673425675676,7.17157915567282,6.97663773126615,231
"223",2020,10,7.071875,32,7.44545454545455,6.25,7,7.5,6.952,22,10,1,7,25,2725,1607,1118,149,765,1960,7.03198202201834,7.45823895457374,6.41928533989267,6.51997765100671,7.17458431372549,6.97632347448979,232
"224",2020,11,7.31818181818182,22,7.5,6.16666666666667,NA,7.25,7.33333333333333,19,3,0,4,18,2747,1626,1121,149,769,1978,7.03427412085911,7.45872693726937,6.41860928635147,6.51997765100671,7.17497659297789,6.97957230030333,233
"225",2020,12,7.00555555555556,18,7.29285714285714,6,NA,6.9,7.01176470588235,14,4,0,1,17,2765,1640,1125,149,770,1995,7.03408716455696,7.45731097560976,6.41712089777778,6.51997765100671,7.17461948051948,6.97984662155388,234
"226",2021,1,6.69464285714286,28,7.11578947368421,5.80555555555556,5.85,6.16666666666667,6.83863636363636,19,9,5,6,22,2793,1659,1134,154,776,2017,7.03068421410669,7.45339963833635,6.41226720458554,6.49822512987013,7.16682603092784,6.97830640059494,235
"227",2021,2,6.875,26,7.75,5.85416666666667,6,8,6.83,14,12,1,1,25,2819,1673,1146,155,777,2042,7.02924831855267,7.45588164973102,6.40642321989529,6.49501077419355,7.16789832689833,6.97649070029383,236
"228",2021,3,7.09375,16,7.7,6.08333333333333,5.5,7.8,6.77272727272727,10,6,3,5,11,2835,1683,1152,158,782,2053,7.02961234920634,7.45733214497921,6.40474046006945,6.47611816455696,7.17193989769821,6.97539893326839,237
"229",2021,4,6.25,8,6.8,5.33333333333333,NA,6.66666666666667,6,5,3,0,3,5,2843,1688,1155,158,785,2058,7.02741857544846,7.45538507109005,6.40195758441559,6.47611816455696,7.17000891719745,6.97302915937804,238
"230",2021,5,7.17070157894737,19,7.73166642857143,5.6,4,NA,7.17070157894737,14,5,1,0,19,2862,1702,1160,159,785,2077,7.02836979035639,7.45765765569918,6.39850087068966,6.46054509433962,7.17000891719745,6.97483742898411,239
"231",2021,6,7.11333333333333,15,7.43333333333333,5.83333333333333,NA,7.45,7.06153846153846,12,3,0,2,13,2877,1714,1163,159,787,2090,7.02881277024678,7.45748735705951,6.39704300085985,6.46054509433962,7.17072045743329,6.97537671770335,240
"232",2021,7,7.7116,25,7.87722222222222,7.28571428571429,6,7.875,7.68047619047619,18,7,1,4,21,2902,1732,1170,160,791,2111,7.03469481047553,7.46184949769053,6.40235983760684,6.4576666875,7.1742819216182,6.98239097110374,241
"233",2021,8,6.85848,25,7.622625,5.5,NA,5.375,7.14104761904762,16,9,0,4,21,2927,1748,1179,160,795,2132,7.03318973009907,7.46332112700229,6.39547159457167,6.4576666875,7.16522893081761,6.98395372420262,242
"234",2021,9,7.11538461538461,26,7.425,6.08333333333333,7,7.5,7.08333333333333,20,6,1,2,24,2953,1768,1185,161,797,2156,7.03391342363698,7.4628876300905,6.39389114767933,6.46103521739131,7.16606900878294,6.98505999072356,243
"235",2021,10,7.18666666666667,24,7.41555555555556,6.5,6,6.696,7.31578947368421,18,6,2,5,19,2977,1786,1191,163,802,2175,7.03514489082969,7.46241059910415,6.39442570109152,6.45537834355828,7.16313840399002,6.98794912183908,244
"236",2021,11,6.95818181818182,33,7.58526315789474,6.10714285714286,7,7.125,6.9351724137931,19,14,3,4,29,3010,1805,1205,166,806,2204,7.03430110963455,7.46370378393352,6.39108797510374,6.46522090361446,7.16294913151365,6.98725469147005,245
"237",2021,12,7.17340425531915,47,7.51969696969697,6.35714285714286,5.33333333333333,7.77777777777778,7.03026315789474,33,14,3,9,38,3057,1838,1219,169,815,2242,7.03643975793261,7.4647091022851,6.39069812141099,6.44512822485207,7.16973865030675,6.9879836485281,246
"238",2022,1,7.10909090909091,33,7.18,7,7,7.75,6.96666666666667,20,13,1,6,27,3090,1858,1232,170,821,2269,7.03721564401294,7.46164441872982,6.39712744318182,6.44839217647059,7.17397929354446,6.98772998677832,247
"239",2022,2,6.94617647058824,34,7.53190476190476,6,NA,6.57142857142857,7.04333333333333,21,13,0,7,27,3124,1879,1245,170,828,2296,7.03622482074263,7.4624296593933,6.3929807309237,6.44839217647059,7.16888526570048,6.98838385888502,248
"240",2022,3,7.205,20,7.66,6.75,6,7.75,7.06875,10,10,3,4,16,3144,1889,1255,173,832,2312,7.03729845419847,7.46347555849656,6.3958255059761,6.44061658959538,7.17167908653846,6.98894002595156,249
"241",2022,4,7.331875,32,7.73809523809524,6.55636363636364,NA,7.23555555555556,7.3695652173913,21,11,0,9,23,3176,1910,1266,173,841,2335,7.04026647984886,7.46649493717278,6.39722038704581,6.44061658959538,7.17236266349584,6.9926892248394,250
"242",2022,5,6.81,30,7.23529411764706,6.25384615384615,4.66666666666667,6.76666666666667,6.82083333333333,17,13,3,6,24,3206,1927,1279,176,847,2359,7.0381117716781,7.46445528282304,6.39576310398749,6.41037880681818,7.16948878394333,6.99094079694786,251
"243",2022,6,7,18,7.27272727272727,6.57142857142857,5.5,6.375,7.17857142857143,11,7,2,4,14,3224,1938,1286,178,851,2373,7.03789898883374,7.46336704334366,6.39671929237947,6.40014983146068,7.16575440658049,6.99204776232617,252
"244",2022,7,6.82258064516129,31,7.38235294117647,6.14285714285714,7.5,7.6,6.67307692307692,17,14,2,5,26,3255,1955,1300,180,856,2399,7.03584833794162,7.46266257289003,6.39398539230769,6.41237038888889,7.16829088785047,6.98859080450188,253
"245",2022,8,7.22333347826087,23,7.595,6.64518555555556,6.5,7.32875,7.16711133333333,14,9,1,8,15,3278,1969,1309,181,864,2414,7.03716382245271,7.46360351955308,6.39571251336899,6.41285453038674,7.16977662037037,6.98970008699254,254
