"","year","month","avg_rating","no_ratings","avg_rating_owned","avg_rating_not_owned","avg_rating_prev_owned","avg_rating_comment","avg_rating_no_comment","no_ratings_owned","no_ratings_not_owned","no_ratings_prev_owned","no_ratings_comment","no_ratings_no_comment","cum_no_ratings","cum_no_ratings_owned","cum_no_ratings_not_owned","cum_no_ratings_prev_owned","cum_no_ratings_comment","cum_no_ratings_no_comment","cum_avg_rating","cum_avg_rating_owned","cum_avg_rating_not_owned","cum_avg_rating_prev_owned","cum_avg_rating_comment","cum_avg_rating_no_comment","month_after_release"
"1",2008,9,5,1,NA,5,NA,NA,5,0,1,0,0,1,1,0,1,0,0,1,5,NA,5,NA,NA,5,-1
"2",2008,10,8.01851851851852,27,8.44444444444444,7.16666666666667,7,8.05,8,18,9,1,10,17,28,18,10,1,10,18,7.91071428571429,8.44444444444444,6.95,7,8.05,7.83333333333333,0
"3",2008,11,8.07887931034483,116,8.67416666666667,7.44107142857143,7.5,7.33333333333333,8.33895348837209,60,56,11,30,86,144,78,66,12,40,104,8.04618055555556,8.62115384615385,7.36666666666667,7.45833333333333,7.5125,8.25144230769231,1
"4",2008,12,7.73928571428571,84,8.20754716981132,6.93870967741935,7,7.43939393939394,7.93333333333333,53,31,1,33,51,228,131,97,13,73,155,7.93311403508772,8.45381679389313,7.22989690721649,7.42307692307692,7.47945205479452,8.14677419354839,2
"5",2009,1,8.17238095238095,105,8.57619047619048,7.56666666666667,8.10714285714286,7.83974358974359,8.36893939393939,63,42,7,39,66,333,194,139,20,112,221,8.00855855855856,8.49355670103093,7.33165467625899,7.6625,7.60491071428571,8.2131221719457,3
"6",2009,2,8.14456521739131,92,8.64313725490196,7.52439024390244,7.6875,7.88260869565217,8.23188405797101,51,41,8,23,69,425,245,180,28,135,290,8.038,8.52469387755102,7.37555555555555,7.66964285714286,7.65222222222222,8.21758620689655,4
"7",2009,3,7.93488372093023,86,8.75138888888889,7.347,7.925,7.55,8.12068965517241,36,50,4,28,58,511,281,230,32,163,348,8.0206457925636,8.55373665480427,7.36934782608696,7.7015625,7.63466257668712,8.20143678160919,5
"8",2009,4,8.04142857142857,140,8.7016393442623,7.53164556962025,7.7,7.58571428571429,8.19333333333333,61,79,5,35,105,651,342,309,37,198,453,8.02511520737327,8.58011695906433,7.41084142394822,7.70135135135135,7.6260101010101,8.19955849889625,6
"9",2009,5,8.34860962566845,187,8.72373831775701,7.846875,7.92727272727273,8.48584905660377,8.29432835820896,107,80,11,53,134,838,449,389,48,251,587,8.0973031026253,8.6143429844098,7.50051413881748,7.753125,7.80756972111554,8.22119250425894,7
"10",2009,6,8.32010204081633,196,8.81392,7.45070422535211,7.25,8.00906976744186,8.40751633986928,125,71,10,43,153,1034,574,460,58,294,740,8.13953578336557,8.65780487804878,7.49282608695652,7.66637931034483,7.83704081632653,8.25971621621622,8
"11",2009,7,8.20663265306122,196,8.58695652173913,7.66666666666667,8.26470588235294,8.17264150943396,8.21923076923077,115,81,17,53,143,1230,689,541,75,347,883,8.15022764227642,8.64597968069666,7.518853974122,7.802,7.88829971181556,8.25315968289921,9
"12",2009,8,8.08700564971751,177,8.59719626168224,7.30714285714286,7.13846153846154,7.61351351351351,8.21214285714286,107,70,13,37,140,1407,796,611,88,384,1023,8.14227434257285,8.63942211055276,7.49459901800327,7.70397727272727,7.86182291666667,8.24754643206256,10
"13",2009,9,7.93331606217617,193,8.51914893617021,7.37707070707071,7.29105263157895,7.22085714285714,8.09113924050633,94,99,19,35,158,1600,890,710,107,419,1181,8.11706875,8.62671910112359,7.47821126760563,7.63065420560748,7.80828162291169,8.22662150719729,11
"14",2009,10,8.2590243902439,205,8.6218253968254,7.68037974683544,7,7.91170212765957,8.3623417721519,126,79,4,47,158,1805,1016,789,111,466,1339,8.13319113573407,8.62611220472441,7.49845373891001,7.60792792792793,7.81871244635193,8.24263629574309,12
"15",2009,11,8.08004484304933,223,8.56535433070866,7.43802083333333,7.67,7.53870967741936,8.16744791666667,127,96,15,31,192,2028,1143,885,126,497,1531,8.12734714003945,8.61936132983377,7.49189830508475,7.61531746031746,7.80124748490946,8.23320705421293,13
"16",2009,12,7.87252475247525,202,8.39953703703704,7.26702127659574,7.76666666666667,7.855,7.87685185185185,108,94,12,40,162,2230,1251,979,138,537,1693,8.10426457399103,8.60038369304556,7.4703064351379,7.62847826086957,7.80525139664805,8.19910809214412,14
"17",2010,1,8.00219696969697,264,8.3758125,7.42740384615385,7.90714285714286,7.90697674418605,8.02072398190045,160,104,14,43,221,2494,1411,1083,152,580,1914,8.09346030473136,8.57491849751949,7.4661865189289,7.65414473684211,7.81279310344828,8.17851097178683,15
"18",2010,2,7.99193548387097,155,8.35253164556962,7.6171052631579,8.38333333333333,7.5037037037037,8.094921875,79,76,6,27,128,2649,1490,1159,158,607,2042,8.08751981879955,8.56312751677852,7.47608283002589,7.68183544303797,7.79904448105437,8.17327130264447,16
"19",2010,3,8.19918604651163,172,8.63479591836735,7.6222972972973,7.85833333333333,8.23480769230769,8.18375,98,74,12,52,120,2821,1588,1233,170,659,2162,8.09432825239277,8.56755037783375,7.48485806974858,7.69429411764706,7.83342943854325,8.17385291396855,17
"20",2010,4,8.14875,120,8.49753086419753,7.42435897435897,7.66666666666667,7.9625,8.17740384615385,81,39,6,16,104,2941,1669,1272,176,675,2266,8.09654879292758,8.56415218693828,7.48300314465409,7.69335227272727,7.83648888888889,8.1740158870256,18
"21",2010,5,8.28,120,8.74527027027027,7.53152173913043,7.5,8.20208333333333,8.29947916666667,74,46,4,24,96,3061,1743,1318,180,699,2362,8.10374060764456,8.57184165232358,7.48469650986343,7.68905555555556,7.84904148783977,8.17911515664691,19
"22",2010,6,7.86016260162602,123,8.52727272727273,7.08771929824561,7.55,7.3952380952381,7.95588235294118,66,57,10,21,102,3184,1809,1375,190,720,2464,8.09433103015075,8.57021558872305,7.46824,7.68173684210526,7.83580555555556,8.16987418831169,20
"23",2010,7,8.01680327868852,122,8.59347826086957,7.26603773584906,7.5,7.59464285714286,8.14255319148936,69,53,10,28,94,3306,1878,1428,200,748,2558,8.09147005444646,8.57107028753993,7.46073529411765,7.67265,7.82677807486631,8.16887021110242,21
"24",2010,8,8.2548,125,8.84701492537313,7.57068965517241,8.48571428571429,8.35714285714286,8.23413461538462,67,58,14,21,104,3431,1945,1486,214,769,2662,8.09742057709123,8.58057583547557,7.4650269179004,7.72584112149533,7.84126137841352,8.1714199849737,22
"25",2010,9,8.00442477876106,113,8.48529411764706,7.27777777777778,7.83333333333333,8.12380952380952,7.97717391304348,68,45,6,21,92,3544,2013,1531,220,790,2754,8.09445541760722,8.57735717834078,7.45952318745918,7.72877272727273,7.84877215189873,8.16493100944082,23
"26",2010,10,8.11411347517731,141,8.59384615384615,7.241,7.56666666666667,8.32948717948718,8.03176470588235,91,50,6,39,102,3685,2104,1581,226,829,2856,8.09520759837178,8.57807034220532,7.45261227071474,7.72446902654867,7.87138721351025,8.16017507002801,24
"27",2010,11,7.91092372881356,177,8.45519892473118,7.30833333333333,7.28125,7.51930263157895,8.01798561151079,93,84,16,38,139,3862,2197,1665,242,867,2995,8.08676165199378,8.572869139736,7.44533333333333,7.6951652892562,7.85595559400231,8.15357595993323,25
"28",2010,12,8.02108695652174,230,8.61464285714286,7.09777777777778,7.54736842105263,8.46458333333333,7.90412087912088,140,90,19,48,182,4092,2337,1755,261,915,3177,8.08307025904203,8.57537163029525,7.42750997150997,7.6844061302682,7.88788360655738,8.13928548945547,26
"29",2011,1,8.12791878172589,197,8.64495412844037,7.4875,7.64166666666667,7.91724137931034,8.16428571428571,109,88,12,29,168,4289,2446,1843,273,944,3345,8.08513021683376,8.57847240392477,7.4303743895822,7.68252747252747,7.88878548728814,8.14054110612855,27
"30",2011,2,8.12278048780488,164,8.48591836734694,7.58357575757576,7.19333333333333,8.15553846153846,8.11256,98,66,15,39,125,4453,2544,1909,288,983,3470,8.08651684257803,8.57490703616352,7.4356710319539,7.65704861111111,7.89936876907426,8.13953314121038,28
"31",2011,3,7.928,150,8.69620253164557,7.07323943661972,7.39285714285714,7.82051282051282,7.96576576576577,79,71,14,39,111,4603,2623,1980,302,1022,3581,8.08135118401042,8.57856023637057,7.42267474747475,7.64480132450331,7.8963595890411,8.1341468863446,29
"32",2011,4,8.22719298245614,114,8.62361111111111,7.54761904761905,8,8.442,8.16685393258427,72,42,5,25,89,4717,2695,2022,307,1047,3670,8.0848758744965,8.57976382189239,7.42527002967359,7.65058631921824,7.909388252149,8.13494005449592,30
"33",2011,5,7.85576923076923,156,8.58734939759036,7.02397260273973,6.58333333333333,7.17857142857143,7.96111111111111,83,73,6,21,135,4873,2778,2095,313,1068,3805,8.07754145290375,8.57999046076313,7.41128687350835,7.63012779552716,7.89501825842697,8.12877266754271,31
"34",2011,6,7.85217391304348,115,8.34193548387097,7.27924528301887,7.45,8.04761904761905,7.80851063829787,62,53,10,21,94,4988,2840,2148,323,1089,3899,8.07234552927025,8.57479348591549,7.40802886405959,7.62455108359133,7.89796097337006,8.12105155167992,32
"35",2011,7,7.94347826086956,115,8.48947368421053,7.40689655172414,7.71428571428571,7.535,8.02947368421053,57,58,7,20,95,5103,2897,2206,330,1109,3994,8.06944140701548,8.57311477390403,7.40799909338169,7.62645454545455,7.89141523895401,8.11887330996495,33
"36",2011,8,8.15670078740157,127,8.44405952380952,7.5953488372093,8.44444444444444,8.53440625,8.02947368421053,84,43,9,32,95,5230,2981,2249,339,1141,4089,8.0715603250478,8.56947819523649,7.41158114717652,7.64817109144543,7.90944829097283,8.11679628270971,34
"37",2011,9,8.17857142857143,119,8.63840579710145,7.544,7.68333333333333,8.33913043478261,8.14010416666667,69,50,12,23,96,5349,3050,2299,351,1164,4185,8.07394101701252,8.5710375409836,7.41446107003045,7.64937321937322,7.91793857388316,8.11733094384708,35
"38",2011,10,8.075,144,8.642,7.45869565217391,6.84545454545455,7.975,8.09303278688525,75,69,11,22,122,5493,3125,2368,362,1186,4307,8.07396877844529,8.57274064,7.41575,7.62494475138122,7.91899704890388,8.11664267471558,36
"39",2011,11,8.05,163,8.52083333333333,7.37537313432836,7.525,8.34761904761905,8.00598591549296,96,67,20,21,142,5656,3221,2435,382,1207,4449,8.07327802333805,8.5711935734244,7.41463901437372,7.61971204188482,7.92645443247722,8.1131108114183,37
"40",2011,12,7.8113475177305,141,8.30844155844156,7.21328125,7.61538461538461,7.70689655172414,7.83839285714286,77,64,13,29,112,5797,3298,2499,395,1236,4561,8.06690710712437,8.56505897513644,7.40948219287715,7.61956962025316,7.92130299352751,8.10636483227363,38
"41",2012,1,8.05875598086124,209,8.59983606557377,7.3,7.47647058823529,8.23075,8.01804733727811,122,87,17,40,169,6006,3420,2586,412,1276,4730,8.06662345987346,8.56629956140351,7.40579891724671,7.61366504854369,7.93100352664577,8.10320930232559,39
"42",2012,2,8.22911392405063,158,8.65490196078431,7.45357142857143,7.54545454545455,7.68529411764706,8.37822580645161,102,56,11,34,124,6164,3522,2642,423,1310,4854,8.07078853017521,8.56886555934128,7.40681150643452,7.61189125295508,7.92462633587786,8.1102348578492,40
"43",2012,3,8.04728682170543,129,8.39277108433735,7.42391304347826,7.64285714285714,8.42857142857143,7.94158415841584,83,46,7,28,101,6293,3605,2688,430,1338,4955,8.07030676942635,8.56481123439667,7.40710416666667,7.61239534883721,7.93517227204783,8.10679717457115,41
"44",2012,4,7.91666666666667,117,8.46384615384615,7.23269230769231,7.57692307692308,7.76875,7.94009900990099,65,52,13,16,101,6410,3670,2740,443,1354,5056,8.06750241809672,8.56302302452316,7.40379416058394,7.61135440180587,7.93320568685377,8.10346716772152,42
"45",2012,5,8.09327731092437,119,8.54166666666667,7.4063829787234,8.7,8.65,7.9875,72,47,3,19,100,6529,3742,2787,446,1373,5156,8.06797220094961,8.56261210582576,7.40383781844277,7.61867713004484,7.94312490895849,8.10121799844841,43
"46",2012,6,7.9891156462585,147,8.35340909090909,7.44576271186441,7.64285714285714,8.195,7.95669291338583,88,59,14,20,127,6676,3830,2846,460,1393,5283,8.06623584481726,8.55780535248041,7.40470695713282,7.61941304347826,7.94674120603015,8.09774370622753,44
"47",2012,7,8.08697183098591,142,8.51890243902439,7.49666666666667,7.11111111111111,7.559375,8.24045454545455,82,60,9,32,110,6818,3912,2906,469,1425,5393,8.06666771780581,8.55698990286298,7.40660564349621,7.60965884861407,7.93804245614035,8.1006545521973,45
"48",2012,8,8.08119047619048,126,8.49287878787879,7.62833333333333,7.7,8.22727272727273,8.06721739130435,66,60,5,11,115,6944,3978,2966,474,1436,5508,8.06693123559908,8.55592621920563,7.41109103169251,7.61061181434599,7.94025800835655,8.09995642701525,46
"49",2012,9,7.85487804878049,123,8.39924242424242,7.22456140350877,7.63333333333333,7.82068965517241,7.86542553191489,66,57,6,29,94,7067,4044,3023,480,1465,5602,8.06324048393944,8.5533690652819,7.40757393317896,7.61089583333333,7.93789112627986,8.09602106390575,47
"50",2012,10,7.99459459459459,185,8.50090909090909,7.252,7.02857142857143,7.51081081081081,8.11554054054054,110,75,14,37,148,7252,4154,3098,494,1502,5750,8.06148931329288,8.55197989889263,7.40380761781795,7.59439271255061,7.92737050599201,8.09652347826087,48
"51",2012,11,7.9944099378882,161,8.47375,7.52098765432099,7.58333333333333,7.79032258064516,8.04307692307692,80,81,21,31,130,7413,4234,3179,515,1533,5880,8.06003244300553,8.55050177137458,7.40679333123624,7.59394174757282,7.92459915198956,8.09534183673469,49
"52",2012,12,7.89901315789474,152,8.30967741935484,7.25169491525424,7.46153846153846,8.21428571428571,7.82782258064516,93,59,13,28,124,7565,4327,3238,528,1561,6004,8.05679715796431,8.54532574532008,7.40396726374305,7.59068181818182,7.92979532351057,8.08981678880746,50
"53",2013,1,7.97878048780488,205,8.39054054054054,7.49255319148936,7.385,7.975,7.97958579881657,111,94,20,36,169,7770,4438,3332,548,1597,6173,8.0547388030888,8.54145437133844,7.40646638655462,7.58317518248175,7.93081433938635,8.08679896322696,51
"54",2013,2,7.81165605095541,157,8.4,7.31329411764706,8.20833333333333,7.59,7.85769230769231,72,85,12,27,130,7927,4510,3417,560,1624,6303,8.04992437239813,8.53919611973392,7.40414866842259,7.59657142857143,7.925148091133,8.08207361573854,52
"55",2013,3,7.9646303030303,165,8.44278350515464,7.28255882352941,7.9605,7.76607407407407,8.00347826086957,97,68,8,27,138,8092,4607,3485,568,1651,6441,8.04818518289669,8.53716616019101,7.40177618364419,7.60169718309859,7.92254663840097,8.08038969104177,53
"56",2013,4,7.78071428571429,161,8.31476470588235,7.18342105263158,7.27722222222222,7.41625,7.84456204379562,85,76,18,24,137,8253,4692,3561,586,1675,6578,8.0429673452078,8.53313714833759,7.39711597865768,7.59173037542662,7.91529223880597,8.07547810884768,54
"57",2013,5,7.89858208955224,134,8.48246753246753,7.10982456140351,7.5,7.81785714285714,7.91990566037736,77,57,5,28,106,8387,4769,3618,591,1703,6684,8.04066048646715,8.53231903963095,7.3925898286346,7.59095431472081,7.91369025249559,8.07301092160383,55
"58",2013,6,7.64259259259259,135,8.12671232876712,7.07258064516129,7.21875,7.5,7.67035398230088,73,62,16,22,113,8522,4842,3680,607,1725,6797,8.03435455292185,8.52620394465097,7.38719836956522,7.58114332784185,7.90841420289855,8.06631675739297,56
"59",2013,7,8.04216867469879,166,8.71098901098901,7.23066666666667,7.79411764705882,8.18125,8.0089552238806,91,75,17,32,134,8688,4933,3755,624,1757,6931,8.03450385589319,8.52961271031826,7.38407190412783,7.58694551282051,7.91338332384747,8.06520776222768,57
"60",2013,8,7.83219178082192,146,8.48311688311688,7.10579710144928,6.66666666666667,7.55,7.9051724137931,77,69,9,30,116,8834,5010,3824,633,1787,7047,8.03116023318995,8.52889810379241,7.37905073221757,7.57386097946288,7.90728287632904,8.06257343550447,58
"61",2013,9,7.95980392156863,153,8.52378048780488,7.30845070422535,7.55,8.22222222222222,7.90357142857143,82,71,10,27,126,8987,5092,3895,643,1814,7173,8.02994542116391,8.52881569128044,7.37776379974326,7.5734898911353,7.91197050716648,8.05978042659975,59
"62",2013,10,7.94156626506024,166,8.60416666666667,7.03285714285714,6.7,8.12692307692308,7.90714285714286,96,70,10,26,140,9153,5188,3965,653,1840,7313,8.02834256527914,8.53021000385505,7.37167465321564,7.56011332312404,7.91500788043478,8.05685833447286,60
"63",2013,11,7.86394736842105,190,8.29809523809524,7.32764705882353,7.8125,8.27291666666667,7.80481927710843,105,85,20,24,166,9343,5293,4050,673,1864,7479,8.02499941132399,8.52560542225581,7.37075061728395,7.56761367013373,7.91961614806867,8.05126420644472,61
"64",2013,12,7.62165605095541,157,8.24935064935065,7.0175,7.07692307692308,8.10769230769231,7.52519083969466,77,80,13,26,131,9500,5370,4130,686,1890,7610,8.01833363157895,8.52164422718808,7.36390799031477,7.55831486880466,7.92220343915344,8.04220827858082,62
"65",2014,1,7.94182242990654,214,8.54475806451613,7.11111111111111,7.5,7.98513513513513,7.93276836158192,124,90,14,37,177,9714,5494,4220,700,1927,7787,8.0166480852378,8.52216590826356,7.35851658767772,7.55714857142857,7.92341177996886,8.0397206883267,63
"66",2014,2,7.88736559139785,186,8.4321052631579,7.31868131868132,7.67647058823529,7.73333333333333,7.9069696969697,95,91,17,21,165,9900,5589,4311,717,1948,7952,8.01421914141414,8.5206350867776,7.35767571329158,7.55997768479777,7.92136267967146,8.0369661720322,64
"67",2014,3,7.86583850931677,161,8.374375,7.36358024691358,7.39166666666667,7.88,7.86323529411765,80,81,12,25,136,10061,5669,4392,729,1973,8088,8.01184469734619,8.51857108837537,7.35778460837887,7.55720713305898,7.92083857070451,8.03404488130564,65
"68",2014,4,7.63120567375887,141,8.38787878787879,6.96533333333333,6.79333333333333,7.19,7.70413223140496,66,75,15,20,121,10202,5735,4467,744,1993,8209,8.00658395412664,8.51706704446382,7.35119543317663,7.5418064516129,7.91350451580532,8.02918199537094,66
"69",2014,5,7.77222222222222,126,8.53984375,6.97983870967742,6.64375,7.88571428571429,7.74952380952381,64,62,16,21,105,10328,5799,4529,760,2014,8314,8.00372477730442,8.51731841696844,7.34611172444248,7.5229,7.91321474677259,8.02565010825115,67
"70",2014,6,8.00282258064516,124,8.40859375,7.57,7.671875,7.90277777777778,8.01981132075472,64,60,16,18,106,10452,5863,4589,776,2032,8420,8.00371407386146,8.51613158792427,7.34903900631946,7.52597164948454,7.91312229330708,8.02557660332542,68
"71",2014,7,7.99923076923077,130,8.55416666666667,7.31034482758621,7.625,7.81764705882353,8.02654867256637,72,58,8,17,113,10582,5935,4647,784,2049,8533,8.003658996409,8.51659300758214,7.34855605767161,7.52698214285714,7.91233016105417,8.02558947615142,69
"72",2014,8,7.80986842105263,152,8.27011494252874,7.19384615384615,6.825,7.35217391304348,7.89147286821705,87,65,10,23,129,10734,6022,4712,794,2072,8662,8.00091480342836,8.513032132182,7.34642190152801,7.51814105793451,7.90611221042471,8.02359212652967,70
"73",2014,9,7.91677631578947,152,8.54135802469136,7.20422535211268,6.69285714285714,7.39166666666667,8.015234375,81,71,14,24,128,10886,6103,4783,808,2096,8790,7.99973998713945,8.51340807799443,7.34431110181894,7.50384158415842,7.90022161259542,8.02347042093288,71
"74",2014,10,7.86930379746835,158,8.40903614457831,7.272,7.59090909090909,7.46666666666667,7.963671875,83,75,11,30,128,11044,6186,4858,819,2126,8918,7.99787391343716,8.51200767862916,7.3431947303417,7.50501098901099,7.8941037158984,8.0226121327652,72
"75",2014,11,7.95606936416185,173,8.36078431372549,7.37464788732394,7.2,8.002,7.94831081081081,102,71,15,25,148,11217,6288,4929,834,2151,9066,7.99722916109477,8.50955462786259,7.34364779874214,7.49952517985611,7.89535774058577,8.02139918376352,73
"76",2014,12,8.00134146341463,164,8.3719801980198,7.40714285714286,7.6125,8.68928571428571,7.85970588235294,101,63,16,28,136,11381,6389,4992,850,2179,9202,7.99728841929532,8.50737979339489,7.34444911858974,7.50165176470588,7.90555966039467,8.01900945446643,74
"77",2015,1,8.02873708920188,213,8.4237984496124,7.42203571428571,6.90008333333333,7.59658620689655,8.09684782608696,129,84,12,29,184,11594,6518,5076,862,2208,9386,7.99786618078317,8.50572560601411,7.34573305752561,7.49327726218097,7.90150158514493,8.02053537183039,75
"78",2015,2,7.92295597484277,159,8.43865979381443,7.11612903225806,7.24375,8.17045454545454,7.88321167883212,97,62,16,22,137,11753,6615,5138,878,2230,9523,7.99685276099719,8.50474217687075,7.34296243674581,7.48873006833713,7.90415493273542,8.01855980258322,76
"79",2015,3,8.11429936305733,157,8.55257731958763,7.40575,7.84225,8.52708333333333,8.03981203007519,97,60,20,24,133,11910,6712,5198,898,2254,9656,7.99840096557515,8.50543347735399,7.34368718737976,7.49660356347439,7.91078771073647,8.01885252692627,77
"80",2015,4,7.63673469387755,147,8.29166666666667,6.76349206349206,7.18823529411765,7.34117647058823,7.67538461538462,84,63,17,17,130,12057,6796,5261,915,2271,9786,7.99399149871444,8.50279127427899,7.33673940315529,7.49087431693989,7.90652377807133,8.01428980175762,78
"81",2015,5,7.85071428571429,140,8.51884057971015,7.20140845070423,6.09090909090909,8.07647058823529,7.81951219512195,69,71,11,17,123,12197,6865,5332,926,2288,9909,7.99234692957285,8.50295258557902,7.33493735933983,7.47424406047516,7.90778649475524,8.01187203552327,79
"82",2015,6,7.77217741935484,124,8.36328125,7.14166666666667,7.12,7.86875,7.75787037037037,64,60,10,16,108,12321,6929,5392,936,2304,10017,7.99013111760409,8.50166250541204,7.33278672106825,7.4704594017094,7.90751540798611,8.00913347309574,80
"83",2015,7,7.81780303030303,132,8.36736111111111,7.15833333333333,7.25,7.26666666666667,7.95952380952381,72,60,12,27,105,12453,7001,5452,948,2331,10122,7.9883044647876,8.50028131695472,7.33086683785767,7.46766877637131,7.90009244959245,8.00861885002965,81
"84",2015,8,7.60058479532164,171,8.21573033707865,6.93292682926829,7.01111111111111,7.67432432432432,7.58022388059702,89,82,18,37,134,12624,7090,5534,966,2368,10256,7.98305255861851,8.49670937940762,7.32497036501626,7.45916149068323,7.89656482263513,8.00302164586584,82
"85",2015,9,7.82930232558139,129,8.31694444444445,7.21333333333333,7.63416666666667,8.13888888888889,7.7790990990991,72,57,12,18,111,12753,7162,5591,978,2386,10367,7.98149733396064,8.4949021921251,7.32383223037024,7.46130879345603,7.89839291701592,8.00062409568825,83
"86",2015,10,7.79135135135135,148,8.25402298850575,7.13147540983607,7.51882352941176,7.822,7.7835593220339,87,61,17,30,118,12901,7249,5652,995,2416,10485,7.97931598325711,8.49201124293006,7.32175619249823,7.46229145728643,7.8974443294702,7.99818121125418,84
"87",2015,11,7.64744318181818,176,8.21818181818182,6.91363636363636,7.41875,7.90416666666667,7.60690789473684,99,77,16,24,152,13077,7348,5729,1011,2440,10637,7.9748493920624,8.48832192433315,7.31627090242625,7.46160237388724,7.89751045081967,7.99259001598196,85
"88",2015,12,7.73781516587678,211,8.20954867256637,7.19387755102041,7.37894736842105,7.74074074074074,7.73738586956522,113,98,19,27,184,13288,7461,5827,1030,2467,10821,7.97108552829621,8.48409978555153,7.31421245924146,7.46007766990291,7.89579468990677,7.98825053137419,86
"89",2016,1,7.62378723404255,235,8.21030769230769,6.89761904761905,7.18823529411765,7.75735294117647,7.60119402985075,130,105,17,34,201,13523,7591,5932,1047,2501,11022,7.9650502477261,8.47941094717428,7.30683850303439,7.45566380133715,7.89391263494602,7.98119207040465,87
"90",2016,2,7.70534759358289,187,8.30357142857143,7.04662921348315,7.0675,7.46060606060606,7.75779220779221,98,89,20,33,154,13710,7689,6021,1067,2534,11176,7.9615079868709,8.47716978800884,7.30299219398771,7.44838800374883,7.88826973164957,7.97811372584109,88
"91",2016,3,7.6559880239521,167,8.11505376344086,7.07905405405405,6.79166666666667,7.6875,7.6506993006993,93,74,12,24,143,13877,7782,6095,1079,2558,11319,7.95783126756504,8.47284226419943,7.3002733388023,7.4410843373494,7.88638604378421,7.97397729481404,89
"92",2016,4,7.93196202531646,158,8.47413793103448,7.26760563380282,7.35714285714286,7.9962962962963,7.91870229007634,87,71,14,27,131,14035,7869,6166,1093,2585,11450,7.95754004275027,8.47285658914729,7.2998971780733,7.44000914913083,7.88753404255319,7.9733448908297,90
"93",2016,5,7.95647798742138,159,8.29421052631579,7.45515625,7.84375,7.93571428571429,7.96091603053435,95,64,16,28,131,14194,7964,6230,1109,2613,11581,7.95752814569537,8.47072557759919,7.30149213483146,7.44583408476104,7.88805032529659,7.9732043001468,91
"94",2016,6,7.9358024691358,162,8.36,7.25161290322581,7.64,7.89047619047619,7.94255319148936,100,62,10,21,141,14356,8064,6292,1119,2634,11722,7.95728298272499,8.46935249255952,7.30100063572791,7.44756925826631,7.88806966590737,7.97283560825798,92
"95",2016,7,7.68021276595745,141,8.21680555555556,7.12028985507246,7.68181818181818,7.47083333333333,7.72316239316239,72,69,11,24,117,14497,8136,6361,1130,2658,11839,7.95458815617024,8.46711756391347,7.29904040245244,7.44984955752212,7.88430229495862,7.97036818988091,93
"96",2016,8,7.74269662921348,178,8.26022727272727,7.23666666666667,7.23214285714286,7.74655172413793,7.74194630872483,88,90,14,29,149,14675,8224,6451,1144,2687,11988,7.95201802385009,8.46490375729572,7.29817020616959,7.44718531468531,7.88281559359881,7.96752911244578,94
"97",2016,9,7.86205555555556,180,8.20633027522936,7.33352112676056,7.22333333333333,8.14423076923077,7.81441558441558,109,71,12,26,154,14855,8333,6522,1156,2713,12142,7.95092793672164,8.46152148085923,7.29855504446489,7.4448615916955,7.88532086251382,7.96558713556252,95
"98",2016,10,7.66236571428571,175,8.17540206185567,7.02435897435897,7.14736842105263,7.64333333333333,7.66630344827586,97,78,19,30,145,15030,8430,6600,1175,2743,12287,7.94756809713906,8.45822924080664,7.29531454545454,7.44005106382979,7.8826742617572,7.96205526165867,96
"99",2016,11,7.67603686635945,217,8.12295081967213,7.10210526315789,7.4,7.69259259259259,7.67368421052632,122,95,10,27,190,15247,8552,6695,1185,2770,12477,7.94370358103234,8.45344626987839,7.29257296489918,7.43971308016877,7.88082148014441,7.95766394165265,97
"100",2016,12,7.69234693877551,147,8.21970588235294,6.96935483870968,6.79166666666667,8.1202380952381,7.62103174603175,85,62,12,21,126,15394,8637,6757,1197,2791,12603,7.9413033324672,8.45114594187796,7.28960722214,7.433216374269,7.88262289501971,7.95429842101088,98
"101",2017,1,7.76771844660194,206,8.325,7.22115384615385,7.2,8.18928571428571,7.70140449438202,102,104,25,28,178,15600,8739,6861,1222,2819,12781,7.93901112179487,8.44967358965556,7.28856959626876,7.42844517184943,7.88566885420362,7.9507763868242,99
"102",2017,2,7.70377906976744,172,8.19375,7.08486842105263,6.95,7.66666666666667,7.7097972972973,96,76,12,24,148,15772,8835,6937,1234,2843,12929,7.93644582170936,8.44689275608375,7.2863378982269,7.4237925445705,7.88382008441787,7.94801786681105,100
"103",2017,3,7.61112582781457,151,8.20354430379747,6.96111111111111,7.40384615384615,7.93947368421053,7.56386363636364,79,72,13,19,132,15923,8914,7009,1247,2862,13061,7.93336076744332,8.44473608929773,7.28299700385219,7.42358460304731,7.88418955276031,7.9441354413904,101
"104",2017,4,7.66166666666667,150,8.27012987012987,7.01986301369863,6.62,7.359375,7.69776119402985,77,73,15,16,134,16073,8991,7082,1262,2878,13195,7.93082520375786,8.44324074074074,7.28028466534877,7.41403328050713,7.88127189020153,7.94163342175067,102
"105",2017,5,7.69676258992806,139,8.24210526315789,7.03888888888889,6.62727272727273,7.8725,7.6672268907563,76,63,11,20,119,16212,9067,7145,1273,2898,13314,7.92881837527757,8.44155481416124,7.27815619314205,7.40723487824037,7.88121135265701,7.93918078714136,103
"106",2017,6,7.95034444444444,180,8.35829090909091,7.30928571428571,7.5,8.14423076923077,7.91761038961039,110,70,6,26,154,16392,9177,7215,1279,2924,13468,7.92905475231821,8.44055677236569,7.27845821205821,7.40767005473026,7.88355010259918,7.93893414018415,104
"107",2017,7,7.69046242774566,173,8.25612244897959,6.95133333333333,7.54705882352941,7.66666666666667,7.69375,98,75,17,21,152,16565,9275,7290,1296,2945,13620,7.9265629640809,8.43860803234501,7.2750927297668,7.40949845679012,7.88200356536503,7.93619787077827,105
"108",2017,8,7.62897435897436,195,8.22371428571429,6.93511111111111,7.18619047619048,7.23,7.68764705882353,105,90,21,25,170,16760,9380,7380,1317,2970,13790,7.92310056682578,8.43620250533049,7.27094661246612,7.4059377372817,7.87651531986532,7.93313379260334,106
"109",2017,9,7.7975247029703,202,8.28490556603774,7.259375,7.30666666666667,7.72758620689655,7.80924849710983,106,96,15,29,173,16962,9486,7476,1332,2999,13963,7.92160508725386,8.43451185852835,7.27079802033173,7.40481981981982,7.87507519173058,7.93159886772184,107
"110",2017,10,7.57118604651163,215,8.14620535714286,6.94592233009709,7.09523809523809,8.31666666666667,7.47751308900524,112,103,21,24,191,17177,9598,7579,1353,3023,14154,7.91721898410665,8.43114758178787,7.26638290011875,7.400014781966,7.87858104531922,7.92547124417126,108
"111",2017,11,7.69309917355372,242,8.30815384615385,6.97919642857143,7.39074074074074,8.02857142857143,7.6363768115942,130,112,27,35,207,17419,9728,7691,1380,3058,14361,7.91410531546013,8.42950395662006,7.2622007541282,7.39983333333333,7.88029774362328,7.92130422602883,109
"112",2017,12,7.74770833333333,240,8.33893129770992,7.03715596330275,7.45833333333333,7.52857142857143,7.77665094339623,131,109,24,28,212,17659,9859,7800,1404,3086,14573,7.91184384676369,8.42830048585049,7.2590558974359,7.40083333333333,7.87710644847699,7.91919988952172,110
"113",2018,1,7.78941245136187,257,8.4334,7.07680327868852,6.869,7.82863636363636,7.78130985915493,135,122,30,44,213,17916,9994,7922,1434,3130,14786,7.9100876027015,8.42836937062237,7.25624917950012,7.38970711297071,7.8764250798722,7.91721351210605,111
"114",2018,2,7.86542553191489,188,8.20758928571429,7.36118421052632,7.00666666666667,7.92380952380952,7.85808383233533,112,76,15,21,167,18104,10106,7998,1449,3151,14953,7.90962381186478,8.42592256976053,7.25724631157789,7.38574189095928,7.87674087591241,7.91655313248178,112
"115",2018,3,7.77913917582418,182,8.37389473684211,7.12969344827586,7.48684210526316,7.91740740740741,7.75505374193548,95,87,19,27,155,18286,10201,8085,1468,3178,15108,7.90832510226403,8.42543804430938,7.25587375757576,7.38705040871934,7.87708637507867,7.91489623510723,113
"116",2018,4,7.72473684210526,209,8.20217741935484,7.02823529411765,7.40666666666667,7.85428571428571,7.71026595744681,124,85,15,21,188,18495,10325,8170,1483,3199,15296,7.90625049040281,8.42275675447942,7.25350542594859,7.38724881995954,7.87693669896843,7.912381166318,114
"117",2018,5,7.73974747474747,198,8.3134693877551,7.1775,6.96428571428571,8.6,7.65372222222222,98,100,14,18,180,18693,10423,8270,1497,3217,15476,7.90448685711229,8.42172920368416,7.25258637605804,7.38329325317301,7.88098243705315,7.9093727268028,115
"118",2018,6,7.74036363636364,165,8.26363636363636,7.14233766233766,7.09090909090909,7.71315789473684,7.74390410958904,88,77,11,19,146,18858,10511,8347,1508,3236,15622,7.90305084420405,8.42040562172961,7.25156934587277,7.38116047745358,7.87999706427688,7.9078262911279,116
"119",2018,7,7.91664596273292,161,8.50581395348837,7.24106666666667,7.305,7.56904761904762,7.96878571428571,86,75,20,21,140,19019,10597,8422,1528,3257,15762,7.90316592985962,8.42109875342078,7.2514758169081,7.38016361256544,7.87799217070924,7.9083677401345,117
"120",2018,8,7.64398907103825,183,8.17448979591837,7.03235294117647,7.21764705882353,7.45333333333333,7.68137254901961,98,85,17,30,153,19202,10695,8507,1545,3287,15915,7.90069590771795,8.41883903599813,7.24928639120724,7.37837540453074,7.87411636750836,7.90618550549796,118
"121",2018,9,7.78522058823529,136,8.24507042253521,7.28292307692308,6.49,7.98333333333333,7.76066115702479,71,65,16,15,121,19338,10766,8572,1561,3302,16036,7.8998837946013,8.41769306056102,7.24954145240317,7.36926969891095,7.87461250757117,7.90508744824146,119
"122",2018,10,7.76988450495049,202,8.20255379032258,7.08205128205128,7.18,7.70689655172414,7.78044317919075,124,78,15,29,173,19540,10890,8650,1576,3331,16209,7.89853989201638,8.41524335720844,7.24803113641618,7.36746827411167,7.87315235664965,7.90375710963046,120
"123",2018,11,7.65253335,200,8.13873019047619,7.11515789473684,7.00454545454545,7.08571428571429,7.7727676969697,105,95,22,35,165,19740,10995,8745,1598,3366,16374,7.89604742451875,8.41260271305138,7.24658768782161,7.36247183979975,7.86496449792038,7.90243713570295,121
"124",2018,12,7.75771276595745,188,8.26545454545455,7.04166666666667,6.99166666666667,7.87826086956522,7.74090909090909,110,78,18,23,165,19928,11105,8823,1616,3389,16539,7.89474238057006,8.41114514452949,7.24477607729797,7.35834158415841,7.8650547359103,7.90082566418768,122
"125",2019,1,7.69741803278689,244,8.1785401459854,7.08140186915888,7.13740740740741,7.53333333333333,7.71783410138249,137,107,27,27,217,20172,11242,8930,1643,3416,16756,7.8923555502677,8.40831051681196,7.24281851399776,7.35471089470481,7.86243281615925,7.89845581642397,123
"126",2019,2,7.75648561797753,178,8.20373094736842,7.24457831325301,7.56315789473684,7.52105263157895,7.78461911949686,95,83,19,19,159,20350,11337,9013,1662,3435,16915,7.89116710565111,8.40659621328394,7.24283471984911,7.35709386281588,7.86054454148472,7.89738575820278,124
"127",2019,3,7.79195767195767,189,8.18009900990099,7.34647727272727,7.14285714285714,7.3396875,7.88414012738853,101,88,14,32,157,20539,11438,9101,1676,3467,17072,7.89025417985297,8.40459619426473,7.24383686737721,7.35530429594272,7.85573709258725,7.8972639468135,125
"128",2019,4,7.64264648484848,165,8.17541670454546,7.03376623376623,7.07647058823529,7.71521739130435,7.63089204225352,88,77,17,23,142,20704,11526,9178,1693,3490,17214,7.8882808766422,8.40284642894326,7.24207445303988,7.35250443000591,7.85481103151862,7.8950666184501,126
"129",2019,5,7.91686666666667,150,8.36011904761905,7.35272727272727,6.99285714285714,7.36954545454545,8.0109375,84,66,14,22,128,20854,11610,9244,1707,3512,17342,7.88848649036157,8.40253729026701,7.24286448831675,7.34955477445811,7.85177121298405,7.89592185272748,127
"130",2019,6,7.6875974025974,154,8.15157894736842,6.94050847457627,6.61538461538461,7.58823529411765,7.69992700729927,95,59,13,17,137,21008,11705,9303,1720,3529,17479,7.88701386471821,8.40050046475865,7.24094693432226,7.34400581395349,7.85050170019836,7.89438564963671,128
"131",2019,7,7.7677524,175,8.26788782178218,7.08513513513514,6.93846153846154,7.57692307692308,7.80105147651007,101,74,13,26,149,21183,11806,9377,1733,3555,17628,7.88602860501346,8.39936596730476,7.23971732217127,7.34096364685516,7.84850084388186,7.89359674608577,129
"132",2019,8,7.7280619047619,210,8.10841129032258,7.1796511627907,7.01,7.87407407407407,7.70651912568306,124,86,15,27,183,21393,11930,9463,1748,3582,17811,7.88447795727575,8.39634179463537,7.23917143928987,7.33812356979405,7.84869360692351,7.89167460782663,130
"133",2019,9,7.80197134408602,186,8.2631067961165,7.22971891566265,7.21666666666667,7.97458333333333,7.77639919753086,103,83,18,24,162,21579,12033,9546,1766,3606,17973,7.88376679225173,8.39520133050777,7.23908925204274,7.33688561721404,7.84953147531891,7.89063557057809,131
"134",2019,10,7.76511855670103,194,8.23276146788991,7.16543529411765,7.23157894736842,7.32692307692308,7.83293452380952,109,85,19,26,168,21773,12142,9631,1785,3632,18141,7.8827096224682,8.39374309092407,7.23843920672827,7.33576470588235,7.84579033590308,7.8901012132738,132
"135",2019,11,7.53876237623762,202,8.16150943396226,6.85114583333333,6.8125,7.87285714285714,7.5,106,96,20,21,181,21975,12248,9727,1805,3653,18322,7.87954796860069,8.39173323073155,7.23461683972448,7.32996675900277,7.84594593484807,7.88624746807117,133
"136",2019,12,7.75879581151832,191,8.3336036036036,6.96125,7.44761904761905,8,7.72739644970414,111,80,21,22,169,22166,12359,9807,1826,3675,18491,7.87850747135253,8.39121115057853,7.23238686652391,7.33131982475356,7.84686816326531,7.88479563625548,134
"137",2020,1,7.78811627240143,279,8.38112630136986,7.13714285714286,6.688,8.01142857142857,7.7560837704918,146,133,25,35,244,22445,12505,9940,1851,3710,18735,7.87738387391402,8.39109340663735,7.2311124748491,7.32263101026472,7.84842061994609,7.88311932479317,135
"138",2020,2,7.7730302892562,242,8.24955023809524,7.25543103448276,6.775,8.06923076923077,7.73737652777778,126,116,20,26,216,22687,12631,10056,1871,3736,18951,7.87627074447922,8.3896814488164,7.23139299920446,7.31677712453233,7.84995730728051,7.88145817529418,136
"139",2020,3,7.80380487804878,205,8.37654867256637,7.10032608695652,7.0125,7.85526315789474,7.79854838709677,113,92,16,19,186,22892,12744,10148,1887,3755,19137,7.87562180587105,8.38956500156937,7.23020476941269,7.31419713831478,7.84998415446072,7.88065234258243,137
"140",2020,4,7.74752475247525,202,8.23151260504202,7.05361445783133,7.33,7.60588235294118,7.76054054054054,119,83,15,17,185,23094,12863,10231,1902,3772,19322,7.8745013587945,8.38810280494442,7.22877216303392,7.31432176656151,7.84888401378579,7.87950232274092,138
"141",2020,5,7.6345274742268,194,8.01349846846847,7.12771084337349,6.79545454545455,7.81666666666667,7.61241809248555,111,83,22,21,173,23288,12974,10314,1924,3793,19495,7.87250226339746,8.38489785031602,7.227958890828,7.30838877338877,7.84870564197205,7.87713219851244,139
"142",2020,6,7.96607954545455,176,8.49789473684211,7.34234567901235,6.94615384615385,7.79230769230769,7.9962,95,81,13,26,150,23464,13069,10395,1937,3819,19645,7.87320417277532,8.38571923712603,7.22885021645022,7.30595766649458,7.84832168106834,7.87804134436244,140
"143",2020,7,7.83591160220994,181,8.39099099099099,6.95571428571429,6.82352941176471,8.27391304347826,7.77215189873418,111,70,17,23,158,23645,13180,10465,1954,3842,19803,7.87291870205118,8.38576363505311,7.227023220258,7.3017604912999,7.85086946902655,7.87719649598546,141
"144",2020,8,7.70634146341463,164,8.31347826086957,6.93055555555556,6.925,8.12,7.66469798657718,92,72,20,15,149,23809,13272,10537,1974,3857,19952,7.87177129278844,8.38526256103074,7.22499743760084,7.29794326241135,7.8519161265232,7.87560957347635,142
"145",2020,9,7.89832349112426,169,8.47957519607843,7.0134328358209,7.1875,8.265,7.84910516778524,102,67,8,20,149,23978,13374,10604,1982,3877,20101,7.8719584360664,8.38598185883057,7.22366069407771,7.29749747729566,7.85404707247872,7.87541310780558,143
"146",2020,10,7.76801630434783,184,8.23838235294118,7.18292682926829,7.04117647058824,7.68055555555556,7.7775,102,82,17,18,166,24162,13476,10686,1999,3895,20267,7.87116688933036,8.38486467646186,7.22334811903425,7.29531765882941,7.85324531450578,7.87461113534317,144
"147",2020,11,7.63382075471698,212,8.21739495798319,6.88709677419355,6.58636363636364,7.25740740740741,7.68875675675676,119,93,22,27,185,24374,13595,10779,2021,3922,20452,7.86910250184623,8.38339877749173,7.22044698023935,7.28760019792182,7.84914342172361,7.87292997653042,145
"148",2020,12,8.04150234741784,213,8.38892086330935,7.38891891891892,6.84,8.37833333333333,7.99873015873016,139,74,12,24,189,24587,13734,10853,2033,3946,20641,7.87059602147477,8.38345466579293,7.22159568782825,7.28495818986719,7.85236201216422,7.87408187006444,146
"149",2021,1,7.74875,252,8.31006711409396,6.93674757281553,7.33166666666667,7.98066666666667,7.71740990990991,149,103,30,30,222,24839,13883,10956,2063,3976,20863,7.86935985265108,8.3826670301808,7.21891776195692,7.28563742123122,7.8533301056338,7.87241474763937,147
"150",2021,2,7.92588633587786,262,8.2061603164557,7.50008548076923,7.001,7.14482542857143,8.04631422907489,158,104,20,35,227,25101,14041,11060,2083,4011,21090,7.86994986653919,8.38068084253259,7.22156165370705,7.28290446471435,7.84714769134879,7.87428649644382,148
"151",2021,3,7.91592234693878,196,8.26868672131148,7.33433783783784,6.921875,8.04095454545454,7.90011367816092,122,74,16,22,174,25297,14163,11134,2099,4033,21264,7.87030605921651,8.3797161258208,7.22231119903,7.28015245354931,7.84820490701711,7.87449783624906,149
"152",2021,4,7.85455502392344,209,8.28126666666667,7.27921348314607,7.4452380952381,8.21578947368421,7.81843157894737,120,89,21,19,190,25506,14283,11223,2120,4052,21454,7.87017699286443,8.37888899320871,7.22276244230598,7.28178773584906,7.8499285266535,7.87400130465182,150
"153",2021,5,7.93744388601036,193,8.4539308490566,7.30816091954023,6.77272727272727,7.53888888888889,7.97843811428571,106,87,22,18,175,25699,14389,11310,2142,4070,21629,7.87068216856687,8.37944180693585,7.22341935366932,7.27655929038282,7.84855292137592,7.87484630172454,151
"154",2021,6,7.8022625698324,179,8.24559405940594,7.22820512820513,7.02222222222222,7.82775,7.79905660377359,101,78,18,20,159,25878,14490,11388,2160,4090,21788,7.8702089052477,8.3785088447205,7.22345213294696,7.27443981481481,7.84845119559902,7.87429321920323,152
"155",2021,7,7.65365017241379,174,8.00486481818182,7.05,6.59375,7.35965,7.71990373239437,110,64,16,32,142,26052,14600,11452,2176,4122,21930,7.86876252034393,8.37569371849315,7.22248278815927,7.26943474264706,7.84465652353227,7.87329352439581,153
"156",2021,8,7.90275280898876,178,8.37044642857143,7.10909090909091,6.6,8.08708333333333,7.87402597402597,112,66,17,24,154,26230,14712,11518,2193,4146,22084,7.86899318261533,8.37565377175095,7.22183303438097,7.26424532603739,7.84605986251809,7.8732986320413,154
"157",2021,9,7.80512953367876,193,8.25161016949153,7.10266666666667,6.70833333333333,7,7.9087134502924,118,75,12,22,171,26423,14830,11593,2205,4168,22255,7.86852670703554,8.37466677612947,7.22106209695506,7.26121995464853,7.84159409548944,7.87357074769715,155
"158",2021,10,7.81853773584906,212,8.21449152542373,7.32148936170213,6.92037037037037,7.8327027027027,7.81554285714286,118,94,27,37,175,26635,14948,11687,2232,4205,22430,7.8681288222264,8.37340234747123,7.22186984598272,7.25709677419355,7.84151585969084,7.87311801114579,156
"159",2021,11,7.73407943925234,214,8.14678899082569,7.30564761904762,7.02222222222222,7.12877272727273,7.8034375,109,105,18,22,192,26849,15057,11792,2250,4227,22622,7.86706038139223,8.37176185760776,7.22261583191994,7.25521777777778,7.83780629051337,7.87252661082133,157
"160",2021,12,7.89740643122677,269,8.33273043209877,7.23831775700935,6.41052631578947,8.10353571428571,7.87345780082988,162,107,19,28,241,27118,15219,11899,2269,4255,22863,7.86736140238956,8.37134638412511,7.22275702916211,7.2481445570736,7.83955492126909,7.8725364265407,158
"161",2022,1,7.79960113022113,407,8.2547158649789,7.16511764705882,6.82592592592593,7.69,7.80991306451613,237,170,27,35,372,27525,15456,12069,2296,4290,23235,7.86635946121708,8.36955798913043,7.22194513961389,7.24317944250871,7.83833477622378,7.87153380589628,159
"162",2022,2,7.85814127572016,243,8.40073693877551,7.02729166666667,6.81333333333333,7.99117647058824,7.83649918660287,147,96,24,34,209,27768,15603,12165,2320,4324,23444,7.86628754321521,8.36985173428187,7.22040903329223,7.23873275862069,7.83953658418131,7.87122147713701,160
"163",2022,3,7.77924603174603,252,8.1855859375,7.35979838709677,6.965,7.6385,7.79826576576577,128,124,31,30,222,28020,15731,12289,2351,4354,23666,7.86550472876517,8.36835240035598,7.22181551712914,7.23512335176521,7.83815139871382,7.87053711273558,161
"164",2022,4,7.95178304761905,210,8.38565411290323,7.32620151162791,6.86111111111111,7.67608695652174,7.98569219251337,124,86,18,23,187,28230,15855,12375,2369,4377,23853,7.86614654410202,8.36848771491643,7.22254094707071,7.23228155339806,7.83729979209504,7.87143989225674,162
"165",2022,5,7.7562962835249,261,8.18958635036496,7.27758064516129,6.71052631578947,7.93611111111111,7.74297666666667,137,124,19,18,243,28491,15992,12499,2388,4395,24096,7.86514022919519,8.36695510567784,7.22308698455876,7.22813023450586,7.83770448009101,7.87014438413015,163
"166",2022,6,7.84173515981735,219,8.27965517241379,7.34854368932039,6.79,8.1436,7.80283505154639,116,103,14,25,194,28710,16108,12602,2402,4420,24290,7.86496169522815,8.36632642475788,7.22411238057451,7.22557660283097,7.83943465837104,7.86960679621244,164
"167",2022,7,7.90954106280193,207,8.26665354330709,7.342625,6.46823529411765,8.29088235294118,7.87542105263158,127,80,17,17,190,28917,16235,12682,2419,4437,24480,7.86528081301657,8.36554672312904,7.22485997634442,7.22025423728813,7.84116434302456,7.86965192320262,165
"168",2022,8,7.73319123505976,251,8.23518181818182,7.06851851851852,6.8795,7.92685714285714,7.70181018518519,143,108,20,35,216,29168,16378,12790,2439,4472,24696,7.86414413981075,8.36440847783612,7.22353981391712,7.21746002460025,7.84183501565295,7.86818391966311,166
