"","year","month","avg_rating","no_ratings","avg_rating_owned","avg_rating_not_owned","avg_rating_prev_owned","avg_rating_comment","avg_rating_no_comment","no_ratings_owned","no_ratings_not_owned","no_ratings_prev_owned","no_ratings_comment","no_ratings_no_comment","cum_no_ratings","cum_no_ratings_owned","cum_no_ratings_not_owned","cum_no_ratings_prev_owned","cum_no_ratings_comment","cum_no_ratings_no_comment","cum_avg_rating","cum_avg_rating_owned","cum_avg_rating_not_owned","cum_avg_rating_prev_owned","cum_avg_rating_comment","cum_avg_rating_no_comment","month_after_release"
"1",2002,9,8,1,8,NA,NA,NA,8,1,0,0,0,1,1,1,0,0,0,1,8,8,NA,NA,NA,8,0
"2",2002,12,7,1,NA,7,NA,NA,7,0,1,0,0,1,2,1,1,0,0,2,7.5,8,7,NA,NA,7.5,3
"3",2003,1,7,1,7,NA,NA,NA,7,1,0,0,0,1,3,2,1,0,0,3,7.33333333333333,7.5,7,NA,NA,7.33333333333333,4
"4",2003,3,8,1,8,NA,NA,8,NA,1,0,0,1,0,4,3,1,0,1,3,7.5,7.66666666666667,7,NA,8,7.33333333333333,6
"5",2003,7,7.2,5,7.5,6,6,NA,7.2,4,1,1,0,5,9,7,2,1,1,8,7.33333333333333,7.57142857142857,6.5,6,8,7.25,10
"6",2003,8,7.5,2,8,7,NA,8,7,1,1,0,1,1,11,8,3,1,2,9,7.36363636363636,7.625,6.66666666666667,6,8,7.22222222222222,11
"7",2003,9,7,2,7,NA,NA,8,6,2,0,0,1,1,13,10,3,1,3,10,7.30769230769231,7.5,6.66666666666667,6,8,7.1,12
"8",2003,10,8,1,8,NA,NA,NA,8,1,0,0,0,1,14,11,3,1,3,11,7.35714285714286,7.54545454545455,6.66666666666667,6,8,7.18181818181818,13
"9",2003,11,7,1,7,NA,NA,7,NA,1,0,0,1,0,15,12,3,1,4,11,7.33333333333333,7.5,6.66666666666667,6,7.75,7.18181818181818,14
"10",2003,12,5.5,1,NA,5.5,NA,5.5,NA,0,1,0,1,0,16,12,4,1,5,11,7.21875,7.5,6.375,6,7.3,7.18181818181818,15
"11",2004,1,6,1,NA,6,NA,6,NA,0,1,0,1,0,17,12,5,1,6,11,7.14705882352941,7.5,6.3,6,7.08333333333333,7.18181818181818,16
"12",2004,2,6,3,7,4,NA,6,6,2,1,0,1,2,20,14,6,1,7,13,6.975,7.42857142857143,5.91666666666667,6,6.92857142857143,7,17
"13",2004,3,8,3,8,NA,NA,8,8,3,0,0,2,1,23,17,6,1,9,14,7.10869565217391,7.52941176470588,5.91666666666667,6,7.16666666666667,7.07142857142857,18
"14",2004,4,7,3,7,7,NA,7,7,2,1,0,2,1,26,19,7,1,11,15,7.09615384615385,7.47368421052632,6.07142857142857,6,7.13636363636364,7.06666666666667,19
"15",2004,5,7.4,5,7.33333333333333,7.5,NA,8,6.5,3,2,0,3,2,31,22,9,1,14,17,7.14516129032258,7.45454545454545,6.38888888888889,6,7.32142857142857,7,20
"16",2004,6,6.5,2,6.5,NA,NA,NA,6.5,2,0,0,0,2,33,24,9,1,14,19,7.10606060606061,7.375,6.38888888888889,6,7.32142857142857,6.94736842105263,21
"17",2004,7,7,1,7,NA,NA,7,NA,1,0,0,1,0,34,25,9,1,15,19,7.10294117647059,7.36,6.38888888888889,6,7.3,6.94736842105263,22
"18",2004,8,6.33333333333333,3,6.33333333333333,NA,NA,6,6.5,3,0,0,1,2,37,28,9,1,16,21,7.04054054054054,7.25,6.38888888888889,6,7.21875,6.90476190476191,23
"19",2004,9,6.66666666666667,3,6.66666666666667,NA,NA,7,6.5,3,0,0,1,2,40,31,9,1,17,23,7.0125,7.19354838709677,6.38888888888889,6,7.20588235294118,6.8695652173913,24
"20",2004,11,7.57142857142857,7,7.57142857142857,NA,NA,7,8,7,0,0,3,4,47,38,9,1,20,27,7.09574468085106,7.26315789473684,6.38888888888889,6,7.175,7.03703703703704,26
"21",2004,12,7,3,7,7,NA,7,7,1,2,0,2,1,50,39,11,1,22,28,7.09,7.25641025641026,6.5,6,7.15909090909091,7.03571428571429,27
"22",2005,1,7,1,7,NA,NA,NA,7,1,0,0,0,1,51,40,11,1,22,29,7.08823529411765,7.25,6.5,6,7.15909090909091,7.03448275862069,28
"23",2005,2,5.9,3,6.5,5.6,NA,NA,5.9,1,2,0,0,3,54,41,13,1,22,32,7.02222222222222,7.23170731707317,6.36153846153846,6,7.15909090909091,6.928125,29
"24",2005,3,7,3,7,7,7,7,7,2,1,1,2,1,57,43,14,2,24,33,7.02105263157895,7.22093023255814,6.40714285714286,6.5,7.14583333333333,6.93030303030303,30
"25",2005,4,6.5,2,6.5,NA,NA,6.5,NA,2,0,0,2,0,59,45,14,2,26,33,7.00338983050847,7.18888888888889,6.40714285714286,6.5,7.09615384615385,6.93030303030303,31
"26",2005,5,7.5,2,9,6,NA,7.5,NA,1,1,0,2,0,61,46,15,2,28,33,7.01967213114754,7.22826086956522,6.38,6.5,7.125,6.93030303030303,32
"27",2005,6,7,3,7,7,NA,6,7.5,2,1,0,1,2,64,48,16,2,29,35,7.01875,7.21875,6.41875,6.5,7.08620689655172,6.96285714285714,33
"28",2005,7,6.96,5,6.95,7,7,6.93333333333333,7,4,1,1,3,2,69,52,17,3,32,37,7.01449275362319,7.19807692307692,6.45294117647059,6.66666666666667,7.071875,6.96486486486486,34
"29",2005,8,6.21428571428571,7,6.9,4.5,NA,6.66666666666667,5.875,5,2,0,3,4,76,57,19,3,35,41,6.94078947368421,7.1719298245614,6.24736842105263,6.66666666666667,7.03714285714286,6.85853658536585,35
"30",2005,10,7.25,4,8,6.5,6.5,7.33333333333333,7,2,2,2,3,1,80,59,21,5,38,42,6.95625,7.2,6.27142857142857,6.6,7.06052631578947,6.86190476190476,37
"31",2005,11,7.25,2,7.25,NA,NA,NA,7.25,2,0,0,0,2,82,61,21,5,38,44,6.96341463414634,7.2016393442623,6.27142857142857,6.6,7.06052631578947,6.87954545454545,38
"32",2005,12,6.26,5,6.075,7,NA,6,6.325,4,1,0,1,4,87,65,22,5,39,48,6.92298850574713,7.13230769230769,6.30454545454545,6.6,7.03333333333333,6.83333333333333,39
"33",2006,1,7,8,6.5,7.5,8,7.16666666666667,6.5,4,4,1,6,2,95,69,26,6,45,50,6.92947368421053,7.09565217391304,6.48846153846154,6.83333333333333,7.05111111111111,6.82,40
"34",2006,2,6,4,7,5.66666666666667,6,6,NA,1,3,1,4,0,99,70,29,7,49,50,6.89191919191919,7.09428571428571,6.40344827586207,6.71428571428571,6.96530612244898,6.82,41
"35",2006,3,7,6,7,NA,NA,7.5,6,6,0,0,4,2,105,76,29,7,53,52,6.89809523809524,7.08684210526316,6.40344827586207,6.71428571428571,7.00566037735849,6.78846153846154,42
"36",2006,4,7.25,4,8.5,6.83333333333333,NA,6.83333333333333,8.5,1,3,0,3,1,109,77,32,7,56,53,6.91100917431193,7.1051948051948,6.44375,6.71428571428571,6.99642857142857,6.82075471698113,43
"37",2006,5,6.9375,8,7.14285714285714,5.5,NA,7.2,6.5,7,1,0,5,3,117,84,33,7,61,56,6.91282051282051,7.10833333333333,6.41515151515152,6.71428571428571,7.01311475409836,6.80357142857143,44
"38",2006,6,6.86,5,6.93333333333333,6.75,NA,5.5,7.76666666666667,3,2,0,2,3,122,87,35,7,63,59,6.91065573770492,7.10229885057471,6.43428571428571,6.71428571428571,6.96507936507937,6.85254237288136,45
"39",2006,7,6.66666666666667,3,7,6,NA,7,6.5,2,1,0,1,2,125,89,36,7,64,61,6.9048,7.1,6.42222222222222,6.71428571428571,6.965625,6.84098360655738,46
"40",2006,8,5.6,5,6,5,NA,5.66666666666667,5.5,3,2,0,3,2,130,92,38,7,67,63,6.85461538461538,7.06413043478261,6.34736842105263,6.71428571428571,6.90746268656716,6.7984126984127,47
"41",2006,9,6.5,2,7,6,6,6,7,1,1,1,1,1,132,93,39,8,68,64,6.84924242424242,7.06344086021505,6.33846153846154,6.625,6.89411764705882,6.8015625,48
"42",2006,10,6.35714285714286,7,6,6.5,NA,6.33333333333333,6.375,2,5,0,3,4,139,95,44,8,71,68,6.82446043165468,7.04105263157895,6.35681818181818,6.625,6.87042253521127,6.77647058823529,49
"43",2006,11,6.28571428571429,7,7,5.75,6.66666666666667,5.8,7.5,3,4,3,5,2,146,98,48,11,76,70,6.7986301369863,7.03979591836735,6.30625,6.63636363636364,6.8,6.79714285714286,50
"44",2006,12,6.9375,8,6.91666666666667,7,NA,6.625,7.25,6,2,0,4,4,154,104,50,11,80,74,6.80584415584415,7.03269230769231,6.334,6.63636363636364,6.79125,6.82162162162162,51
"45",2007,1,6.40909090909091,11,6.8125,5.33333333333333,NA,6.35714285714286,6.5,8,3,0,7,4,165,112,53,11,87,78,6.77939393939394,7.01696428571428,6.27735849056604,6.63636363636364,6.75632183908046,6.8051282051282,52
"46",2007,2,6.34747615384615,13,6.67857142857143,5.96119833333333,NA,7.16666666666667,6.101719,7,6,0,3,10,178,119,59,11,90,88,6.74784938202247,6.99705882352941,6.24520661016949,6.63636363636364,6.77,6.72519534090909,53
"47",2007,3,7.45,4,6.9,8,9,7.83333333333333,6.3,2,2,1,3,1,182,121,61,12,93,89,6.76328126373626,6.99545454545454,6.30274081967213,6.83333333333333,6.80430107526882,6.72041786516854,54
"48",2007,4,6.85714285714286,7,7,6.66666666666667,7,7,6.5,4,3,1,5,2,189,125,64,13,98,91,6.76675761904762,6.9956,6.31979984375,6.84615384615385,6.81428571428571,6.71557351648352,55
"49",2007,5,7.3125,8,7.66666666666667,6.25,NA,6.83333333333333,7.6,6,2,0,3,5,197,131,66,13,101,96,6.78891974619289,7.02633587786259,6.3176846969697,6.84615384615385,6.81485148514851,6.76163739583333,56
"50",2007,6,6.65833333333333,12,6.75,6.475,6,7.66666666666667,6.32222222222222,8,4,2,3,9,209,139,70,15,104,105,6.78142196172249,7.01043165467626,6.32667414285714,6.73333333333333,6.83942307692308,6.72397323809524,57
"51",2007,7,6.6875,8,7,5.75,NA,6.41666666666667,7.5,6,2,0,6,2,217,145,72,15,110,107,6.77795940092166,7.01,6.31065541666667,6.73333333333333,6.81636363636364,6.73847841121495,58
"52",2007,8,6.8,7,7.375,6.03333333333333,7,6.92,6.5,4,3,1,5,2,224,149,75,16,115,109,6.77864816964286,7.01979865771812,6.29956253333333,6.75,6.82086956521739,6.73410266055046,59
"53",2007,9,6.75,8,7.6,5.33333333333333,NA,5.66666666666667,7.4,5,3,0,3,5,232,154,78,16,118,114,6.77766030172414,7.03863636363636,6.26239987179487,6.75,6.79152542372881,6.76330868421053,60
"54",2007,10,6.84444444444444,9,7.16666666666667,6.68333333333333,7,6.775,6.9,3,6,2,4,5,241,157,84,18,122,119,6.7801543153527,7.04108280254777,6.29246654761905,6.77777777777778,6.79098360655738,6.76905201680672,61
"55",2007,11,6.95833333333333,12,7.375,6.125,6.16666666666667,7.5,6.57142857142857,8,4,3,5,7,253,165,88,21,127,126,6.78860549407115,7.05727272727273,6.28485443181818,6.69047619047619,6.81889763779528,6.75807293650794,62
"56",2007,12,6.85294117647059,17,6.75,7.1,7.33333333333333,6.5625,7.11111111111111,12,5,3,8,9,270,177,93,24,135,135,6.79265625925926,7.0364406779661,6.32867946236559,6.77083333333333,6.8037037037037,6.78160881481481,63
"57",2008,1,7.07692307692308,26,7.5625,6.3,7,6.90625,7.35,16,10,3,16,10,296,193,103,27,151,145,6.81762564189189,7.0800518134715,6.32589504854369,6.7962962962963,6.81456953642384,6.82080820689655,64
"58",2008,2,6.72727272727273,11,6.8125,6.5,NA,6.3,7.08333333333333,8,3,0,5,6,307,201,106,27,156,151,6.81438824104234,7.06940298507463,6.33082254716981,6.7962962962963,6.79807692307692,6.83123966887417,65
"59",2008,3,7.05,12,7.06,7,6,7.14285714285714,6.92,10,2,1,7,5,319,211,108,28,163,156,6.82325137931034,7.06895734597156,6.34321472222222,6.76785714285714,6.81288343558282,6.83408455128205,66
"60",2008,4,6.35,10,6.71428571428571,5.5,NA,6.125,6.5,7,3,0,4,6,329,218,111,28,167,162,6.80886683890577,7.05756880733945,6.32042513513514,6.76785714285714,6.79640718562874,6.82171104938272,67
"61",2008,5,7.07142857142857,7,7.58333333333333,4,4,6,7.25,6,1,1,1,6,336,224,112,29,168,168,6.814336875,7.07165178571428,6.29970705357143,6.67241379310345,6.79166666666667,6.83700708333333,68
"62",2008,6,6.45454545454545,11,6.66666666666667,6.2,6,6.25,7,6,5,3,8,3,347,230,117,32,176,171,6.8029313832853,7.06108695652174,6.29544606837607,6.609375,6.76704545454545,6.83986660818713,69
"63",2008,7,6.86111111111111,18,7.13636363636364,6.42857142857143,6.66666666666667,7.40909090909091,6,11,7,3,11,7,365,241,124,35,187,178,6.80580052054794,7.06452282157676,6.30296120967742,6.61428571428571,6.8048128342246,6.80683814606741,70
"64",2008,8,6.75416666666667,12,6.59375,7.075,7.5,6.86,6.67857142857143,8,4,2,5,7,377,249,128,37,192,185,6.80415700265252,7.04939759036144,6.327087421875,6.66216216216216,6.80625,6.80198481081081,71
"65",2008,9,6.34583333333333,12,6.39,6.125,6.5,6.18,6.46428571428571,10,2,1,5,7,389,259,130,38,197,192,6.79001848329049,7.02393822393822,6.32397838461538,6.65789473684211,6.79035532994924,6.78967286458333,72
"66",2008,10,6.0625,8,6.16666666666667,5.75,5.75,6.25,6,6,2,2,2,6,397,265,132,40,199,198,6.77535816120907,7.00452830188679,6.31528174242424,6.6125,6.78492462311558,6.76574338383838,73
"67",2008,11,7.03571428571429,14,7.42857142857143,6.64285714285714,6.75,7.1,7,7,7,4,5,9,411,272,139,44,204,207,6.78422673965937,7.01544117647059,6.33177834532374,6.625,6.79264705882353,6.77592845410628,74
"68",2008,12,6.66176470588235,17,7.2,5.89285714285714,6.75,6.25,7.02777777777778,10,7,3,8,9,428,282,146,47,212,216,6.77936259345794,7.02198581560284,6.31073417808219,6.63297872340426,6.77216981132076,6.78642217592593,75
"69",2009,1,6.79090909090909,11,6.24285714285714,7.75,7.75,6.78333333333333,6.8,7,4,4,6,5,439,289,150,51,218,221,6.77965191343963,7.00311418685121,6.3491146,6.72058823529412,6.77247706422018,6.78672936651584,76
"70",2009,2,6.46875,16,6.70833333333333,5.75,7,6.9375,6,12,4,2,8,8,455,301,154,53,226,229,6.7687190989011,6.99136212624585,6.33355318181818,6.7311320754717,6.7783185840708,6.75924537117904,77
"71",2009,3,6.15555555555556,18,6.43,5.8125,6,6.28571428571429,6.07272727272727,10,8,2,7,11,473,311,162,55,233,240,6.74538517970402,6.97331189710611,6.30782216049383,6.70454545454545,6.76351931330472,6.72777995833333,78
"72",2009,4,6.47222222222222,18,6.37,6.6,6.25,6.25,6.53571428571429,10,8,4,4,14,491,321,170,59,237,254,6.73537105906314,6.95451713395639,6.32157170588235,6.67372881355932,6.75485232067511,6.71719366141732,79
"73",2009,5,6.53333333333333,15,6.66666666666667,6.44444444444444,6.33333333333333,6.25,6.63636363636364,6,9,3,4,11,506,327,179,62,241,265,6.72938179841897,6.94923547400612,6.32774966480447,6.65725806451613,6.74647302904564,6.71383845283019,80
"74",2009,6,6.16428571428571,14,6.33333333333333,5.86,6.5,5.75,6.33,9,5,1,4,10,520,336,184,63,245,275,6.71416767307692,6.9327380952381,6.31503907608695,6.65476190476191,6.73020408163265,6.69988069090909,81
"75",2009,7,6.61538461538461,13,6.75,6.4,7,6.75,6.55555555555556,8,5,2,4,9,533,344,189,65,249,284,6.71175833020638,6.92848837209302,6.31728671957672,6.66538461538462,6.73052208835341,6.69530700704225,82
"76",2009,8,6.76923076923077,13,6.72222222222222,6.875,NA,7.07142857142857,6.41666666666667,9,4,0,7,6,546,353,193,65,256,290,6.71312672161172,6.92322946175637,6.32884554404145,6.66538461538462,6.73984375,6.68954203448276,83
"77",2009,9,6.875,16,6.91666666666667,6.75,7,7.25,6.75,12,4,1,4,12,562,365,197,66,260,302,6.71773521352313,6.92301369863014,6.3373969035533,6.67045454545455,6.74769230769231,6.69194433774834,84
"78",2009,10,6.328125,16,6.63888888888889,5.92857142857143,5.25,6,6.47727272727273,9,7,2,5,11,578,374,204,68,265,313,6.70695015570934,6.91617647058824,6.32336857843137,6.62867647058824,6.73358490566038,6.68439996805112,85
"79",2009,11,6.63928571428571,28,6.83333333333333,6.49375,6.88,7.03076923076923,6.3,12,16,5,13,15,606,386,220,73,278,328,6.70382374587459,6.91360103626943,6.33575995454545,6.6458904109589,6.74748201438849,6.66682070121951,86
"80",2009,12,6.60238095238095,21,6.58846153846154,6.625,6.66666666666667,7.075,6.17272727272727,13,8,3,10,11,627,399,228,76,288,339,6.70042614035088,6.90300751879699,6.34590872807017,6.64671052631579,6.75885416666667,6.65078817109145,87
"81",2010,1,6.5625,20,6.90384615384615,5.92857142857143,7,6.65,6.475,13,7,1,10,10,647,412,235,77,298,349,6.69616258114374,6.90303398058253,6.33347740425532,6.6512987012987,6.75520134228188,6.64575126074499,88
"82",2010,2,6.42173913043478,23,6.74545454545455,6.125,7.75,6.74285714285714,6.28125,11,12,4,7,16,670,423,247,81,305,365,6.68674207462687,6.89893617021277,6.32334894736842,6.70555555555556,6.75491803278689,6.62977312328767,89
"83",2010,3,6.38461538461539,13,6.875,5.6,6,6.2,6.5,8,5,3,5,8,683,431,252,84,310,373,6.68099149341142,6.89849187935035,6.30899678571428,6.68035714285714,6.74596774193548,6.62698978552279,90
"84",2010,4,6.86923076923077,13,6.71666666666667,7,6,6.21666666666667,7.42857142857143,6,7,1,6,7,696,437,259,85,316,380,6.68450745689655,6.89599542334096,6.32767254826255,6.67235294117647,6.73591772151899,6.6417557631579,91
"85",2010,5,6.57142857142857,7,6.875,6.16666666666667,5.25,6.33333333333333,6.75,4,3,2,3,4,703,441,262,87,319,384,6.68338149359886,6.89580498866213,6.32582896946565,6.63965517241379,6.73213166144201,6.64288330729167,92
"86",2010,6,6.63888888888889,18,6.90909090909091,6.21428571428571,6.75,6.375,6.85,11,7,2,8,10,721,452,269,89,327,394,6.68227072122053,6.89612831858407,6.32292635687732,6.64213483146067,6.72339449541284,6.64814007614213,93
"87",2010,7,6.21428571428571,14,7,5.625,5.25,6,6.3,6,8,4,4,10,735,458,277,93,331,404,6.67335672108844,6.89748908296943,6.30276963898917,6.58225806451613,6.71465256797583,6.63952274752475,94
"88",2010,8,7.25333333333333,15,7.60833333333333,5.83333333333333,5,7.08333333333333,7.36666666666667,12,3,1,6,9,750,470,280,94,337,413,6.68495625333333,6.91563829787234,6.29773996428571,6.56542553191489,6.72121661721068,6.65536849878935,95
"89",2010,9,6.3,10,7.5,4.5,6,5.375,6.91666666666667,6,4,1,4,6,760,476,284,95,341,419,6.67989103947368,6.92300420168067,6.27241968309859,6.55947368421053,6.70542521994135,6.65911023866349,96
"90",2010,10,6.92857142857143,14,6.78571428571429,7.07142857142857,6,6,7,7,7,1,1,13,774,483,291,96,342,432,6.68438913436693,6.92101449275362,6.29163982817869,6.55364583333333,6.70336257309942,6.66936849537037,97
"91",2010,11,6.64583333333333,24,6.85294117647059,6.14285714285714,6,6.66666666666667,6.63888888888889,17,7,5,6,18,798,500,298,101,348,450,6.68322956140351,6.9187,6.2881449328859,6.52623762376238,6.70272988505747,6.66814931111111,98
"92",2010,12,6.59411764705882,17,6.84166666666667,6,5,6.8125,6.4,12,5,1,8,9,815,512,303,102,356,459,6.68137078527607,6.91689453125,6.2833900660066,6.51127450980392,6.70519662921348,6.66289148148148,99
"93",2011,1,6.53478260869565,23,7.31666666666667,5.68181818181818,6.4,6.71428571428571,6.45625,12,11,5,7,16,838,524,314,107,363,475,6.67734748210024,6.92604961832061,6.26231589171974,6.50607476635514,6.70537190082645,6.65593092631579,100
"94",2011,2,6.53846153846154,13,6.72222222222222,6.125,6.75,7,6.5,9,4,2,1,12,851,533,318,109,364,487,6.67522584018802,6.92260787992495,6.26058864779874,6.5105504587156,6.70618131868132,6.65208868583162,101
"95",2011,3,7.4375,16,7.75,7.125,7.25,6.66666666666667,7.9,8,8,4,6,10,867,541,326,113,370,497,6.689293183391,6.93484288354898,6.28180119631902,6.53672566371681,6.70554054054054,6.67719756539236,102
"96",2011,4,6.41071428571429,14,7.29166666666667,5.75,NA,6,6.52272727272727,6,8,0,3,11,881,547,334,113,373,508,6.684866276958,6.93875685557587,6.26906344311377,6.53672566371681,6.69986595174263,6.67385273622047,103
"97",2011,5,5.39583333333333,12,5.48333333333333,5.36666666666667,NA,5.84,5.07857142857143,3,9,0,5,7,893,550,343,113,378,515,6.66754444568869,6.93081818181818,6.245385393586,6.53672566371681,6.68849206349206,6.65216930097088,104
"98",2011,6,6.85,10,7.28571428571429,5.83333333333333,6,7,6.8125,7,3,1,2,8,903,557,346,114,380,523,6.6695649944629,6.93527827648115,6.24181268786127,6.53201754385965,6.69013157894737,6.65462177820268,105
"99",2011,7,6.54166666666667,12,6.64285714285714,6.4,7,6.66666666666667,6.5,7,5,1,3,9,915,564,351,115,383,532,6.66788763934426,6.93164893617021,6.24406606837607,6.53608695652174,6.68994778067885,6.6520059962406,106
"100",2011,8,6.66666666666667,9,7.25,5.5,5,7,6.625,6,3,1,1,8,924,570,354,116,384,540,6.66787574675325,6.935,6.23776042372881,6.52284482758621,6.69075520833333,6.65160590740741,107
"101",2011,9,6.60833333333333,12,6.82857142857143,6.3,6.75,6.7,6.54285714285714,7,5,2,5,7,936,577,359,118,389,547,6.66711238247863,6.93370883882149,6.23862727019498,6.52669491525424,6.69087403598972,6.65021424131627,108
"102",2011,10,6.67368421052632,19,7.04166666666667,6.04285714285714,6,6.75454545454545,6.5625,12,7,1,11,8,955,589,366,119,400,555,6.66724313089005,6.93590831918506,6.23488303278689,6.52226890756303,6.692625,6.64894989189189,109
"103",2011,11,6.21642857142857,14,7.00375,5.16666666666667,7,7,6.08583333333333,8,6,2,2,12,969,597,372,121,402,567,6.66072981424149,6.93681742043551,6.21765373655914,6.5301652892562,6.69415422885572,6.63703208112875,110
"104",2011,12,6.94736842105263,19,7.15384615384615,6.5,NA,6.75,7.16666666666667,13,6,0,10,9,988,610,378,121,412,576,6.6662420951417,6.94144262295082,6.22213542328042,6.5301652892562,6.69550970873786,6.64530762152778,111
"105",2012,1,6.08947368421053,19,6.8,5.3,5.6,7.06666666666667,5.90625,10,9,2,3,16,1007,620,387,123,415,592,6.65535967229394,6.93916129032258,6.20069041343669,6.5150406504065,6.69819277108434,6.62533309121622,112
"106",2012,2,6.68,20,7.375,6.21666666666667,5,8,6.53333333333333,8,12,3,2,18,1027,628,399,126,417,610,6.65583952288218,6.94471337579618,6.20117090225564,6.47896825396825,6.70443645083933,6.6226183442623,113
"107",2012,3,6.71875,16,7.3,5.75,5.7,6.33333333333333,6.80769230769231,10,6,5,3,13,1043,638,405,131,420,623,6.65680459252157,6.95028213166144,6.19448688888889,6.44923664122137,6.70178571428571,6.62648024077047,114
"108",2012,4,6.11111111111111,9,6.5,5.8,6,4,6.375,4,5,2,1,8,1052,642,410,133,421,631,6.6521361121673,6.94747663551402,6.18967607317073,6.44248120300752,6.69536817102138,6.62329190174327,115
"109",2012,5,6.71818181818182,11,7.08,6.41666666666667,NA,6.6,6.81666666666667,5,6,0,5,6,1063,647,416,133,426,637,6.65281955785513,6.94850077279753,6.19294997596154,6.44248120300752,6.69424882629108,6.62511332810047,116
"110",2012,6,7.5,10,8,6.33333333333333,NA,NA,7.5,7,3,0,0,10,1073,654,419,133,426,647,6.66071499534017,6.95975535168196,6.19395510739857,6.44248120300752,6.69424882629108,6.63863553323029,117
"111",2012,7,6.94333333333333,6,7,6.915,7,7,6.932,2,4,2,1,5,1079,656,423,135,427,652,6.6622865523633,6.95987804878049,6.20077349881797,6.45074074074074,6.69496487119438,6.6408852607362,118
"112",2012,8,7.20833333333333,12,7.5,6.8,6.5,6,7.31818181818182,7,5,2,1,11,1091,663,428,137,428,663,6.6682925664528,6.96558069381599,6.20777380841121,6.4514598540146,6.69334112149533,6.65212245852187,119
"113",2012,9,6.77777777777778,9,6.75,6.8,6,7.33333333333333,6.5,4,5,2,3,6,1100,667,433,139,431,669,6.66918835454546,6.96428785607196,6.21461244803695,6.44496402877698,6.69779582366589,6.65075813153961,120
"114",2012,10,6.89090909090909,11,7.5,6.38333333333333,6.45,5.9,6.99,5,6,2,1,10,1111,672,439,141,432,679,6.67138360936094,6.96827380952381,6.21691842824601,6.44503546099291,6.69594907407407,6.65575432989691,121
"115",2012,11,6.62962962962963,27,7,6.23076923076923,6.75,6.45833333333333,6.76666666666667,14,13,4,12,15,1138,686,452,145,444,694,6.67039296133568,6.96892128279883,6.2173167920354,6.45344827586207,6.68952702702703,6.65815157060519,122
"116",2012,12,6.8,15,7.3,5.8,6.33333333333333,6.33333333333333,6.91666666666667,10,5,3,3,12,1153,696,457,148,447,706,6.67207908933218,6.97367816091954,6.21275096280087,6.45101351351351,6.68713646532438,6.66254559490085,123
"117",2013,1,6,5,6,6,NA,7,5.75,3,2,0,1,4,1158,699,459,148,448,710,6.66917719343696,6.96949928469242,6.21182394335512,6.45101351351351,6.68783482142857,6.65740449295775,124
"118",2013,2,7.12444444444444,27,7.13882352941176,7.1,6.875,6.92857142857143,7.193,17,10,4,7,20,1185,716,469,152,455,730,6.67955037130802,6.97351955307262,6.23076159914712,6.46217105263158,6.69153846153846,6.67207834246575,125
"119",2013,3,6.4375,8,6.875,6,8,7.5,6.28571428571429,4,4,1,1,7,1193,720,473,153,456,737,6.67792723386421,6.97297222222222,6.22881012684989,6.47222222222222,6.69331140350877,6.66840867028494,126
"120",2013,4,6.9,5,7.5,6.5,6.5,7.5,6,2,3,1,3,2,1198,722,476,154,459,739,6.67885408180301,6.97443213296399,6.23051930672269,6.4724025974026,6.69858387799564,6.66659971583221,127
"121",2013,5,7.22727272727273,11,7.28571428571429,7.125,7.25,7.83333333333333,7,7,4,2,3,8,1209,729,480,156,462,747,6.68384382961125,6.97742112482853,6.2379733125,6.4823717948718,6.70595238095238,6.67017026773762,128
"122",2013,6,6.79166666666667,12,6.7,6.85714285714286,7,8,6.55,5,7,3,2,10,1221,734,487,159,464,757,6.68490351351351,6.97553133514986,6.24687308008213,6.49213836477987,6.71153017241379,6.66858281373844,129
"123",2013,7,6.66666666666667,18,6.58333333333333,6.83333333333333,7.25,6.92857142857143,6.5,12,6,4,7,11,1239,746,493,163,471,768,6.68463857142857,6.96922252010724,6.25401052738337,6.51073619631902,6.71475583864119,6.66616821614583,130
"124",2013,8,6.5,8,7.25,5.75,7,8,6,4,4,1,2,6,1247,750,497,164,473,774,6.68345404170008,6.97072,6.24995410462777,6.51371951219512,6.72019027484144,6.66100412144703,131
"125",2013,9,6.15625,16,6.16666666666667,6.14285714285714,6,6,6.17857142857143,9,7,2,2,14,1263,759,504,166,475,788,6.67677528899446,6.96118577075099,6.2484666468254,6.50753012048193,6.71715789473684,6.6524329822335,132
"126",2013,10,6.6125,16,7.24,5.56666666666667,NA,5.5,6.77142857142857,10,6,0,2,14,1279,769,510,166,477,802,6.67597121970289,6.96481144343303,6.24044547058823,6.50753012048193,6.71205450733753,6.65451021197007,133
"127",2013,11,6.525,20,6.89285714285714,5.66666666666667,5.5,5.83333333333333,6.64705882352941,14,6,2,3,17,1299,783,516,168,480,819,6.67364679753657,6.96352490421456,6.23377362403101,6.49553571428571,6.7065625,6.65435554334554,134
"128",2013,12,6.31818181818182,22,7.06666666666667,4.71428571428571,5,5.77777777777778,6.69230769230769,15,7,2,9,13,1321,798,523,170,489,832,6.6677268660106,6.96546365914787,6.21343630975143,6.47794117647059,6.68946830265849,6.65494854567308,135
"129",2014,1,6.65789473684211,19,7.05,6.22222222222222,6,7.14285714285714,6.375,10,9,6,7,12,1340,808,532,176,496,844,6.66758745522388,6.9665099009901,6.21358494360902,6.46164772727273,6.69586693548387,6.65096823459716,136
"130",2014,2,6.79166666666667,12,6.64285714285714,7,7.16666666666667,6.66666666666667,6.83333333333333,7,5,3,3,9,1352,815,537,179,499,853,6.66868875,6.96373006134969,6.22090724394786,6.47346368715084,6.69569138276553,6.65289236811254,137
"131",2014,3,7.14285714285714,14,7.375,6.83333333333333,7.16666666666667,7,7.2,8,6,3,4,10,1366,823,543,182,503,863,6.67354845534407,6.96772782503037,6.22767438305709,6.48489010989011,6.69811133200795,6.65923196987254,138
"132",2014,4,6.3,15,7.0625,5.42857142857143,4.66666666666667,6.375,6.27272727272727,8,7,3,4,11,1381,831,550,185,507,874,6.66949108616944,6.96864019253911,6.21750398181818,6.45540540540541,6.69556213017751,6.65436749427918,139
"133",2014,5,6.86,10,6.9,6.83333333333333,7,8,6.575,4,6,2,2,8,1391,835,556,187,509,882,6.67086066858375,6.96831137724551,6.22414962230216,6.46122994652406,6.70068762278978,6.65364760770975,140
"134",2014,6,6.50909090909091,11,6.36,8,7,7.4,6,10,1,2,4,7,1402,845,557,189,513,889,6.66959143366619,6.9611124260355,6.22733786355476,6.46693121693122,6.70614035087719,6.64850077615298,141
"135",2014,7,6.08461538461538,13,6.9,5.72222222222222,6.5,NA,6.08461538461538,4,9,2,0,13,1415,849,566,191,513,902,6.66421709540636,6.96082449941107,6.21930598939929,6.46727748691099,6.70614035087719,6.6403738248337,142
"136",2014,8,6.09444444444444,18,6.96666666666667,5.22222222222222,5.33333333333333,6.31428571428571,5.95454545454545,9,9,3,7,11,1433,858,575,194,520,913,6.65706014654571,6.96088578088578,6.20369946086957,6.44974226804124,6.70086538461538,6.63211083242059,143
"137",2014,9,6.67142857142857,14,5.9,7.25,7.275,7,6.58181818181818,6,8,4,3,11,1447,864,583,198,523,924,6.65719916378715,6.95351851851852,6.2180569296741,6.46641414141414,6.70258126195029,6.63151211038961,144
"138",2014,10,6.28,20,6.63636363636364,5.84444444444444,7,5.925,6.36875,11,9,3,4,16,1467,875,592,201,527,940,6.65205670756646,6.94953142857143,6.21237701013513,6.47437810945274,6.69667931688805,6.62703956382979,145
"139",2014,11,5.5,15,5.8,5.35,6,5.66666666666667,5.45833333333333,5,10,3,3,12,1482,880,602,204,530,952,6.6403962145749,6.943,6.19805181063123,6.46740196078431,6.69084905660377,6.61230797268908,146
"140",2014,12,6.94117647058824,17,7.13636363636364,6.58333333333333,6.16666666666667,6.83333333333333,6.96428571428571,11,6,3,3,14,1499,891,608,207,533,966,6.64380733155437,6.9453872053872,6.20185393092105,6.46304347826087,6.69165103189493,6.61740909937888,147
"141",2015,1,6.29565217391304,23,6.4,6.18181818181818,5.8,5.75,6.41052631578947,12,11,5,4,19,1522,903,619,212,537,985,6.63854611695138,6.93813953488372,6.20149788368336,6.44740566037736,6.68463687150838,6.61341846700508,148
"142",2015,2,7,25,7.29411764705882,6.375,7.2,7.38888888888889,6.78125,17,8,5,9,16,1547,920,627,217,546,1001,6.64438732385262,6.94471739130435,6.20371162679426,6.4647465437788,6.69624542124542,6.61610108891109,149
"143",2015,3,6.4975,20,6.42727272727273,6.58333333333333,6.825,6.62142857142857,6.43076923076923,11,9,2,7,13,1567,931,636,219,553,1014,6.64251256541162,6.93860365198711,6.20908363207547,6.46803652968037,6.69529837251356,6.61372503944773,150
"144",2015,4,6.64285714285714,14,7.04166666666667,4.25,7.5,7.3,6.27777777777778,12,2,1,5,9,1581,943,638,220,558,1023,6.64251561669829,6.93991516436903,6.20294230407523,6.47272727272727,6.70071684587814,6.61076949169111,151
"145",2015,5,6.39090909090909,11,6.66666666666667,5.15,NA,6.375,6.4,9,2,0,4,7,1592,952,640,220,562,1030,6.64077712939699,6.93733193277311,6.199651859375,6.47272727272727,6.69839857651245,6.6093370776699,152
"146",2015,6,7.212,10,7.51714285714286,6.5,6.75,7.20666666666667,7.21428571428571,7,3,2,3,7,1602,959,643,222,565,1037,6.64434281523096,6.94156412930136,6.2010531726283,6.47522522522523,6.70109734513274,6.6134206268081,153
"147",2015,7,6.81818181818182,11,7,6.5,6.5,6,7.125,7,4,3,3,8,1613,966,647,225,568,1045,6.64552832610044,6.94198757763975,6.2029013755796,6.47555555555556,6.69739436619718,6.61733702392345,154
"148",2015,8,6.33333333333333,21,6.5,6.11111111111111,NA,6.5,6.31578947368421,12,9,0,2,19,1634,978,656,225,570,1064,6.64151602815178,6.93656441717791,6.20164205792683,6.47555555555556,6.69670175438596,6.6119522462406,155
"149",2015,9,6.4,12,7.01428571428571,5.54,6.85,7.5,6.3,7,5,2,1,11,1646,985,661,227,571,1075,6.63975527946537,6.93711675126904,6.19663720121029,6.47885462555066,6.69810858143608,6.60876017674419,156
"150",2015,10,6.53588235294118,17,6.95,5.94428571428571,4,5.75,6.77769230769231,10,7,1,4,13,1663,995,668,228,575,1088,6.63869343956705,6.93724623115578,6.1939927994012,6.46798245614035,6.69151304347826,6.61077866727941,157
"151",2015,11,6.7047619047619,21,7.32,5.16666666666667,6,7.08333333333333,6.55333333333333,15,6,2,6,15,1684,1010,674,230,581,1103,6.63951733372922,6.94293069306931,6.18484746290801,6.46391304347826,6.69555938037866,6.60999745240254,158
"152",2015,12,6.92307692307692,13,7.33333333333333,6.57142857142857,6.75,7.5,6.81818181818182,6,7,2,2,11,1697,1016,681,232,583,1114,6.64168956393636,6.94523622047244,6.18882113069016,6.46637931034483,6.69831903945111,6.61205313285458,159
"153",2016,1,6.39473684210526,19,6.27272727272727,6.5625,6.5,7.125,6.2,11,8,5,4,15,1716,1027,689,237,587,1129,6.63895523892774,6.93803310613437,6.19315992743106,6.46708860759494,6.7012265758092,6.60657855624446,160
"154",2016,2,6.325,15,6.43055555555556,6.16666666666667,6,6.99166666666667,6.15833333333333,9,6,1,3,12,1731,1036,695,238,590,1141,6.63623465626805,6.93362451737452,6.19293120863309,6.46512605042017,6.70270338983051,6.60186432077125,161
"155",2016,3,6.14905882352941,17,6.28155555555556,6,6,6.25,6.118,9,8,3,4,13,1748,1045,703,241,594,1154,6.63149667620137,6.92800861244019,6.19073568990043,6.45933609958506,6.69965488215488,6.59641350953206,162
"156",2016,4,6.3,25,6.44117647058824,6,5.5,6,6.35714285714286,17,8,2,4,21,1773,1062,711,243,598,1175,6.62682244218838,6.92021563088512,6.18858957805907,6.45144032921811,6.69497491638796,6.59213718297872,163
"157",2016,5,6.73333333333333,15,6.83333333333333,6.33333333333333,NA,7.4,6.4,12,3,0,5,10,1788,1074,714,243,603,1185,6.62771598993289,6.91924487895717,6.18919774509804,6.45144032921811,6.70082089552239,6.5905157721519,164
"158",2016,6,6.81578947368421,19,7,6.3,5,6,6.86111111111111,14,5,1,1,18,1807,1088,719,244,604,1203,6.62969351964582,6.92028400735294,6.18996827538247,6.44549180327869,6.69966059602649,6.59456458021613,165
"159",2016,7,6.01428571428571,14,6.42857142857143,5.6,5,7,5.85,7,7,2,2,12,1821,1095,726,246,606,1215,6.62496221306974,6.91714063926941,6.18427987603306,6.43373983739837,6.70065181518152,6.58721085596708,166
"160",2016,8,7.14545454545455,11,7,7.22857142857143,7.025,7.625,6.87142857142857,4,7,4,4,7,1832,1099,733,250,610,1222,6.62808743995633,6.91744222020018,6.19425264665757,6.4432,6.7067131147541,6.58883894435352,167
"161",2016,9,6.7,15,7.0625,6.28571428571429,6.66666666666667,6,6.875,8,7,3,3,12,1847,1107,740,253,613,1234,6.62867146183,6.91849051490515,6.19511782432432,6.44584980237154,6.70325448613377,6.59162170988655,168
"162",2016,10,5.91666666666667,18,6.36363636363636,5.21428571428571,6.5,5.33333333333333,6.03333333333333,11,7,2,3,15,1865,1118,747,255,616,1249,6.62179956568365,6.9130313059034,6.18592662650602,6.44627450980392,6.69658279220779,6.58491688550841,169
"163",2016,11,6.62105263157895,19,6.88461538461539,6.05,5,7.08333333333333,6.40769230769231,13,6,3,6,13,1884,1131,753,258,622,1262,6.62179203290871,6.91270468611848,6.18484354581673,6.42945736434109,6.70031350482315,6.58309127575277,170
"164",2016,12,6.9375,20,6.93333333333333,6.94375,6.5,6.975,6.928125,12,8,2,4,16,1904,1143,761,260,626,1278,6.62510829306723,6.91292125984252,6.19282153745072,6.43,6.70206869009585,6.58741094679186,171
"165",2017,1,6.44444444444444,18,7.15,5.5625,3,6.125,6.53571428571429,10,8,1,4,14,1922,1153,769,261,630,1292,6.62341633194589,6.91497745013009,6.18626422626788,6.41685823754789,6.69840476190476,6.58685076625387,172
"166",2017,2,7.31428571428571,14,7.71111111111111,6.6,6,6.33333333333333,7.58181818181818,9,5,4,3,11,1936,1162,774,265,633,1303,6.62841228822314,6.92114371772805,6.1889369379845,6.41056603773585,6.69667456556082,6.59525033768227,173
"167",2017,3,5.91818181818182,11,6.83333333333333,5.575,5.65,6,5.91,3,8,4,1,10,1947,1165,782,269,634,1313,6.62439968669748,6.92091759656652,6.18265625319693,6.39925650557621,6.69557570977918,6.59003137090632,174
"168",2017,4,6.21,20,6.475,5.8125,5.125,4,6.6,12,8,4,3,17,1967,1177,790,273,637,1330,6.6201861667514,6.91637128292268,6.17890783544304,6.38058608058608,6.68288069073783,6.59015878947368,175
"169",2017,5,6.66,15,6.58181818181818,6.875,5,6.975,6.54545454545455,11,4,1,4,11,1982,1188,794,274,641,1341,6.62048748234107,6.91327356902357,6.18241459697733,6.37554744525547,6.68470358814352,6.58979208799404,176
"170",2017,6,6.18181818181818,11,6.8,5.66666666666667,NA,7,6.1,5,6,0,1,10,1993,1193,800,274,642,1351,6.61806632714501,6.91279882648784,6.1785464875,6.37554744525547,6.68519470404984,6.58616668393782,177
"171",2017,7,6.33333333333333,15,7.1,4.8,NA,7.5,5.90909090909091,10,5,0,4,11,2008,1203,805,274,646,1362,6.6159393376494,6.91435494596841,6.16998408695652,6.37554744525547,6.69023993808049,6.5806983773862,178
"172",2017,8,6.45294117647059,17,7.05,5.92222222222222,5.5,6.625,6.4,8,9,2,4,13,2025,1211,814,276,650,1375,6.61457095802469,6.91525103220479,6.16724470515971,6.36920289855072,6.68983846153846,6.57898995636364,179
"173",2017,9,7.18181818181818,11,6.83333333333333,7.6,7.5,7,7.25,6,5,2,3,8,2036,1217,819,278,653,1383,6.61763565324165,6.91484716516023,6.17599168498169,6.3773381294964,6.69126339969372,6.58287143167028,180
"174",2017,10,7.05,20,7.3,6.3,6,7.66666666666667,6.94117647058824,15,5,2,3,17,2056,1232,824,280,656,1400,6.62184153210117,6.91953652597402,6.17674416262136,6.37464285714286,6.69572408536585,6.58722227857143,181
"175",2017,11,6.67,25,6.75,6.56818181818182,6.3,7.25,6.48684210526316,14,11,5,6,19,2081,1246,835,285,662,1419,6.6224200816915,6.9176316211878,6.18190082634731,6.37333333333333,6.70074773413897,6.58587821705426,182
"176",2017,12,6.92222222222222,18,7.19090909090909,6.5,6.66666666666667,6.6,7.04615384615385,11,7,3,5,13,2099,1257,842,288,667,1432,6.62499103858981,6.9200230708035,6.18454535629454,6.37638888888889,6.69999250374812,6.59005669692738,183
"177",2018,1,6.57222222222222,18,6.76,6.3375,5.6,7,6.51875,10,8,2,2,16,2117,1267,850,290,669,1448,6.62454236655645,6.91876006314128,6.18598492941176,6.37103448275862,6.70088938714499,6.58926877762431,184
"178",2018,2,6.28,15,6.74545454545455,5,3,6.5,6.2,11,4,2,4,11,2132,1278,854,292,673,1459,6.6221182879925,6.91726838810642,6.18042996487119,6.34794520547945,6.69969539375928,6.58633392049349,185
"179",2018,3,6.125,16,6.5,5.75,5.8,5.5,6.33333333333333,8,8,5,4,12,2148,1286,862,297,677,1471,6.618415358473,6.91467262830482,6.17643525522042,6.33872053872054,6.6926070901034,6.58427001359619,186
"180",2018,4,6.86428571428571,14,6.625,7.18333333333333,7.3,NA,6.86428571428571,8,6,1,0,14,2162,1294,868,298,677,1485,6.62000748843663,6.91288176197836,6.18339538018433,6.34194630872483,6.6926070901034,6.58690989225589,187
"181",2018,5,5.8125,8,6.125,5.5,5.5,6,5.78571428571429,4,4,2,1,7,2170,1298,872,300,678,1492,6.61703050230415,6.91045377503852,6.18026053899083,6.33633333333333,6.69158554572271,6.58315093163539,188
"182",2018,6,6.24444444444444,18,6.48333333333333,6.125,6.83333333333333,6.1,6.3,6,12,3,5,13,2188,1304,884,303,683,1505,6.61396535191956,6.90848849693251,6.1795103959276,6.34125412541254,6.68725475841874,6.58070510963455,189
"183",2018,7,6.075,12,6.725,5.75,5.16666666666667,6.63333333333333,5.88888888888889,4,8,3,3,9,2200,1308,892,306,686,1514,6.61102554090909,6.90792737003058,6.17565828475336,6.3297385620915,6.68701895043732,6.57659259577279,190
"184",2018,8,6.65625,16,6.87777777777778,6.37142857142857,6,7,6.63333333333333,9,7,1,1,15,2216,1317,899,307,687,1529,6.61135207129964,6.90772133637054,6.17718263626251,6.32866449511401,6.68747452692867,6.57714924133421,191
"185",2018,9,6.26923076923077,13,7.16666666666667,5.5,NA,7,6.13636363636364,6,7,0,2,11,2229,1323,906,307,689,1540,6.60935674742037,6.90889569160998,6.17195054083885,6.32866449511401,6.68838171262699,6.57400077272727,192
"186",2018,10,6.65909090909091,22,6.96428571428571,6.125,6.83333333333333,6.5,6.69444444444444,14,8,3,4,18,2251,1337,914,310,693,1558,6.60984282096846,6.90947569184742,6.171539595186,6.33354838709677,6.68729437229437,6.57539229139923,193
"187",2018,11,6.5375,24,6.65,6.3125,NA,7.33333333333333,6.42380952380952,16,8,0,3,21,2275,1353,922,310,696,1579,6.60907964395604,6.90640724316334,6.17276267895879,6.33354838709677,6.6900790229885,6.57337630778974,194
"188",2018,12,6.69631578947368,19,7.05555555555556,6.373,5.83333333333333,7.375,6.38307692307692,9,10,3,6,13,2294,1362,932,313,702,1592,6.60980217523976,6.90739280469897,6.17491114806867,6.32875399361022,6.69593304843305,6.57182235552764,195
"189",2019,1,6.22631578947368,19,6.86363636363636,5.35,5,5,6.29444444444444,11,8,4,1,18,2313,1373,940,317,703,1610,6.60665204928664,6.90704224326293,6.16789062765957,6.31198738170347,6.69352062588904,6.56872123602485,196
"190",2019,2,6.41666666666667,12,6.77777777777778,5.33333333333333,4,7.33333333333333,6.11111111111111,9,3,1,3,9,2325,1382,943,318,706,1619,6.60567147956989,6.9062004341534,6.16523562036055,6.30471698113207,6.69623937677054,6.5661773872761,197
"191",2019,3,6.32727272727273,22,6.9,6,5.8,5.66666666666667,6.575,8,14,5,6,16,2347,1390,957,323,712,1635,6.60306186195143,6.90616474820144,6.16281838035528,6.2969040247678,6.68756320224719,6.56626372477064,198
"192",2019,4,6.20625,16,6.14444444444444,6.28571428571429,7,7.5,6.12,9,7,1,1,15,2363,1399,964,324,713,1650,6.6003750275074,6.90126447462473,6.1637107780083,6.29907407407407,6.68870266479663,6.56220678181818,199
"193",2019,5,6.45,4,6.93333333333333,5,NA,NA,6.45,3,1,0,0,4,2367,1402,965,324,713,1654,6.60012090832277,6.90133309557774,6.16250486010363,6.29907407407407,6.68870266479663,6.56193542321645,200
"194",2019,6,6.22727272727273,11,6.25,6.2,5,6.5,6.16666666666667,6,5,1,2,9,2378,1408,970,325,715,1663,6.59839621110176,6.89855752840909,6.16269813402062,6.29507692307692,6.68817482517482,6.55979626578473,201
"195",2019,7,6.25,8,6.125,6.375,5.83333333333333,5.83333333333333,6.5,4,4,3,3,5,2386,1412,974,328,718,1668,6.59722807627829,6.89636614730878,6.16357001026694,6.29085365853658,6.68460306406685,6.55961702038369,202
"196",2019,8,6.17647058823529,17,6.84615384615385,4,6,7.75,5.69230769230769,13,4,1,4,13,2403,1425,978,329,722,1681,6.5942514315439,6.89590807017544,6.15472105316973,6.28996960486322,6.6905055401662,6.55290969066032,203
"197",2019,9,6.66666666666667,15,7.3125,5.92857142857143,5,7.5,6.36363636363636,8,7,1,4,11,2418,1433,985,330,726,1692,6.59470065756823,6.89823377529658,6.15311389847716,6.28606060606061,6.69496556473829,6.55167919030733,204
"198",2019,10,5.90526315789474,19,5.67,6.16666666666667,5.625,6.375,5.78,10,9,4,4,15,2437,1443,994,334,730,1707,6.58932547804678,6.8897221067221,6.15323660965795,6.27814371257485,6.69321232876712,6.54489817809022,205
"199",2019,11,6.70888888888889,18,6.90461538461538,6.2,7,6.73333333333333,6.704,13,5,1,3,15,2455,1456,999,335,733,1722,6.59020211405295,6.88985508241758,6.15347066066066,6.28029850746269,6.69337653478854,6.54628408246225,206
"200",2019,12,5.99,20,5.96153846153846,6.04285714285714,6,6.75,5.90555555555556,13,7,1,2,18,2475,1469,1006,336,735,1740,6.58535199595959,6.88163989108237,6.15270098409543,6.27946428571429,6.6935306122449,6.53965585632184,207
"201",2020,1,6.37037037037037,27,6.375,6.36363636363636,5.5,6.625,6.26315789473684,16,11,4,8,19,2502,1485,1017,340,743,1759,6.58303205035971,6.87618114478114,6.15498248770895,6.27029411764706,6.69279273216689,6.53666923820352,208
"202",2020,2,6.82142857142857,14,6.85,6.75,8,7,6.75,10,4,1,4,10,2516,1495,1021,341,747,1769,6.58435858108108,6.87600602006689,6.1573136043095,6.27536656891496,6.69443775100401,6.5378751780667,209
"203",2020,3,6.5,15,6.83333333333333,6.27777777777778,5.83333333333333,6.14285714285714,6.8125,6,9,3,7,8,2531,1501,1030,344,754,1777,6.58385862900039,6.87583544303797,6.1583662038835,6.27151162790698,6.68931697612732,6.53911153066967,210
"204",2020,4,6.65,20,6.46428571428571,7.08333333333333,NA,8,6.5,14,6,0,2,18,2551,1515,1036,344,756,1795,6.58437718149745,6.87203234323432,6.16372315637066,6.27151162790698,6.69278439153439,6.53871932590529,211
"205",2020,5,6.8952380952381,21,7,6.78,5.075,6,7.10588235294118,11,10,4,4,17,2572,1526,1046,348,760,1812,6.58691531493001,6.87295478374836,6.16961490439771,6.25775862068965,6.68913815789473,6.54404039183223,212
"206",2020,6,6.06428571428571,14,6.42857142857143,5.7,7,6,6.075,7,7,1,2,12,2586,1533,1053,349,762,1824,6.58408592034029,6.87092563600783,6.16649305792973,6.25988538681948,6.68732939632546,6.5409545997807,213
"207",2020,7,5.69411764705882,17,6.38333333333333,5.31818181818182,5.125,4.75,5.82,6,11,4,2,15,2603,1539,1064,353,764,1839,6.57827360353438,6.86902469135802,6.15772292293233,6.24702549575071,6.68225785340314,6.53507405655247,214
"208",2020,8,6.953125,16,7.52777777777778,6.21428571428571,6,5.25,7.34615384615385,9,7,1,3,13,2619,1548,1071,354,767,1852,6.58056364642993,6.87285465116279,6.15809261437909,6.24632768361582,6.67665580182529,6.5407673812095,215
"209",2020,9,6.05,10,6.33333333333333,5.625,5,8,5.83333333333333,6,4,1,1,9,2629,1554,1075,355,768,1861,6.57854552681628,6.87077155727155,6.15610901395349,6.24281690140845,6.67837890625,6.53734615260612,216
"210",2020,10,7.03571428571429,14,7.1,6.875,7,7.66666666666667,6.86363636363636,10,4,1,3,11,2643,1564,1079,356,771,1872,6.58096715474839,6.87223721227621,6.1587740407785,6.24494382022472,6.68222438391699,6.53926345619658,217
"211",2020,11,6.55416666666667,24,6.95,6,6.5,7.36,6.34210526315789,14,10,2,5,19,2667,1578,1089,358,776,1891,6.58072598050243,6.87292712294043,6.15731606060606,6.2463687150838,6.68659149484536,6.53728249074564,218
"212",2020,12,6.86,25,7.03846153846154,6.66666666666667,NA,6.77777777777778,6.90625,13,12,0,9,16,2692,1591,1101,358,785,1907,6.58331953566121,6.87427969830295,6.16286756584923,6.2463687150838,6.68763694267516,6.54037818038804,219
"213",2021,1,6.57307692307692,26,6.725,6.44285714285714,6,6.7,6.54285714285714,12,14,1,5,21,2718,1603,1115,359,790,1928,6.58322155629139,6.87316219588272,6.16638313004484,6.24568245125348,6.68771518987342,6.54040518153527,220
"214",2021,2,6.7,15,7.1,5.9,5,8,6.22727272727273,10,5,1,4,11,2733,1613,1120,360,794,1939,6.58386249176729,6.87456850588964,6.16519391964286,6.24222222222222,6.69432619647355,6.53862877256318,221
"215",2021,3,6.73037055555556,18,6.98820538461538,6.06,5,6.76666666666667,6.72311133333333,13,5,1,3,15,2751,1626,1125,361,797,1954,6.5848211050527,6.87547704182042,6.16472639111111,6.2387811634349,6.69459849435382,6.54004496417605,222
"216",2021,4,6.47375,16,6.51142857142857,6.44444444444444,7,6.5,6.46181818181818,7,9,1,5,11,2767,1633,1134,362,802,1965,6.58417884351283,6.87391651561543,6.16694637566138,6.24088397790055,6.69338528678304,6.53960705343511,223
"217",2021,5,6.33823529411765,17,7.03125,5.72222222222222,4,6.75,6.21153846153846,8,9,1,4,13,2784,1641,1143,363,806,1978,6.58267703304597,6.87468352833638,6.16344461067367,6.23471074380165,6.69366625310174,6.53745088978766,224
"218",2021,6,6.8,15,7.7,6.35,7,6.6875,6.92857142857143,5,10,1,8,7,2799,1646,1153,364,814,1985,6.58384167917113,6.87719056500607,6.16506261058109,6.23681318681319,6.69360565110565,6.53883015617128,225
"219",2021,7,6.03846153846154,13,6.33333333333333,5.78571428571429,4.75,4.5,6.16666666666667,6,7,2,1,12,2812,1652,1160,366,815,1997,6.58132036273115,6.87521529661017,6.16277343965517,6.22868852459016,6.69091411042945,6.5365938207311,226
"220",2021,8,5.69526315789474,19,6.68416666666667,4,7,4,6.14733333333333,12,7,1,4,15,2831,1664,1167,367,819,2012,6.57537367008124,6.87383754206731,6.14980050556984,6.23079019073569,6.67777167277167,6.53369177932405,227
"221",2021,9,5.78125,16,6.16666666666667,4.625,NA,4,5.9,12,4,0,1,15,2847,1676,1171,367,820,2027,6.57091073410607,6.86877426610978,6.14459196413322,6.23079019073569,6.67450609756097,6.52900239763197,228
"222",2021,10,5.98333333333333,12,6.225,5.5,6,5.7,6.125,8,4,2,4,8,2859,1684,1175,369,824,2035,6.56844451206715,6.865715956057,6.14239760851064,6.22953929539295,6.66977548543689,6.52741418181818,229
"223",2021,11,6.55555555555556,9,6.8,6.25,6,7.5,5.8,5,4,1,4,5,2868,1689,1179,370,828,2040,6.5684040655509,6.86552141503848,6.14276267175573,6.22891891891892,6.67378623188406,6.52563130392157,230
"224",2021,12,6.66666666666667,15,6.77777777777778,6.5,NA,6.75,6.63636363636364,9,6,0,4,11,2883,1698,1185,370,832,2051,6.56891531737773,6.86505634275618,6.14457146835443,6.22891891891892,6.67415264423077,6.52622518771331,231
"225",2022,1,6.80147058823529,34,7.18421052631579,6.31666666666667,6,7.25,6.61458333333333,19,15,1,10,24,2917,1717,1200,371,842,2075,6.57162593760713,6.86858804309843,6.14672265833333,6.22830188679245,6.68099168646081,6.52724716144578,232
"226",2022,2,6.14545454545455,11,6.325,5.66666666666667,6.5,6.5,6.11,8,3,1,1,10,2928,1725,1203,372,843,2085,6.57002488387978,6.86606705507246,6.14552551122194,6.22903225806452,6.68077698695136,6.52524597601918,233
"227",2022,3,6.69380952380952,21,7.55,4.98142857142857,NA,7.41888888888889,6.15,14,7,0,9,12,2949,1739,1210,372,852,2097,6.57090636147846,6.87157312823462,6.1387910661157,6.22903225806452,6.68857394366197,6.52309864568431,234
"228",2022,4,6.34782608695652,23,6.36363636363636,6.33333333333333,7.25,6.5,6.15,11,12,2,13,10,2972,1750,1222,374,865,2107,6.56917996635262,6.86838038285714,6.14070146481178,6.23449197860963,6.68573988439306,6.5213278879924,235
"229",2022,5,6.65384615384615,13,7,5.875,NA,NA,6.65384615384615,9,4,0,0,13,2985,1759,1226,374,865,2120,6.56954869681742,6.86905382035247,6.13983457585644,6.23449197860963,6.68573988439306,6.5221405,236
"230",2022,6,6.36363636363636,11,6.75,5.33333333333333,5,5,6.66666666666667,8,3,1,2,9,2996,1767,1229,375,867,2129,6.56879267690253,6.86851481041313,6.13786589910496,6.2312,6.68185121107266,6.52275146077971,237
"231",2022,7,6.42857142857143,7,7,5,5,6.5,6.4,5,2,1,2,5,3003,1772,1231,376,869,2134,6.56846582084582,6.86888581828442,6.13601721364744,6.22792553191489,6.68143268124281,6.52246385192127,238
"232",2022,8,6.12,15,6.44444444444444,5.63333333333333,6.8,6.33333333333333,5.97777777777778,9,6,1,6,9,3018,1781,1237,377,875,2143,6.56623686547382,6.8667409713644,6.13357897332255,6.22944297082228,6.67904571428571,6.5201763229118,239
