"","year","month","avg_rating","no_ratings","avg_rating_owned","avg_rating_not_owned","avg_rating_prev_owned","avg_rating_comment","avg_rating_no_comment","no_ratings_owned","no_ratings_not_owned","no_ratings_prev_owned","no_ratings_comment","no_ratings_no_comment","cum_no_ratings","cum_no_ratings_owned","cum_no_ratings_not_owned","cum_no_ratings_prev_owned","cum_no_ratings_comment","cum_no_ratings_no_comment","cum_avg_rating","cum_avg_rating_owned","cum_avg_rating_not_owned","cum_avg_rating_prev_owned","cum_avg_rating_comment","cum_avg_rating_no_comment","month_after_release"
"1",2001,6,7.5,6,7.5,7.5,7,NA,7.5,4,2,1,0,6,6,4,2,1,0,6,7.5,7.5,7.5,7,NA,7.5,0
"2",2001,7,4,1,4,NA,NA,4,NA,1,0,0,1,0,7,5,2,1,1,6,7,6.8,7.5,7,4,7.5,1
"3",2001,8,7.57142857142857,7,7.75,7.33333333333333,6,7.5,7.6,4,3,1,2,5,14,9,5,2,3,11,7.28571428571429,7.22222222222222,7.4,6.5,6.33333333333333,7.54545454545455,2
"4",2001,9,6.8,5,7.33333333333333,6,NA,7.33333333333333,6,3,2,0,3,2,19,12,7,2,6,13,7.15789473684211,7.25,7,6.5,6.83333333333333,7.30769230769231,3
"5",2001,10,7,3,8,5,NA,NA,7,2,1,0,0,3,22,14,8,2,6,16,7.13636363636364,7.35714285714286,6.75,6.5,6.83333333333333,7.25,4
"6",2001,11,7.66666666666667,3,7.5,8,NA,8,7.5,2,1,0,1,2,25,16,9,2,7,18,7.2,7.375,6.88888888888889,6.5,7,7.27777777777778,5
"7",2001,12,5,1,5,NA,NA,NA,5,1,0,0,0,1,26,17,9,2,7,19,7.11538461538461,7.23529411764706,6.88888888888889,6.5,7,7.15789473684211,6
"8",2002,1,8.5,2,8.5,NA,NA,NA,8.5,2,0,0,0,2,28,19,9,2,7,21,7.21428571428571,7.36842105263158,6.88888888888889,6.5,7,7.28571428571429,7
"9",2002,2,6.5,2,NA,6.5,NA,6,7,0,2,0,1,1,30,19,11,2,8,22,7.16666666666667,7.36842105263158,6.81818181818182,6.5,6.875,7.27272727272727,8
"10",2002,3,7,4,7,NA,NA,7,7,4,0,0,2,2,34,23,11,2,10,24,7.14705882352941,7.30434782608696,6.81818181818182,6.5,6.9,7.25,9
"11",2002,4,7.5,4,7.5,NA,NA,8,6,4,0,0,3,1,38,27,11,2,13,25,7.18421052631579,7.33333333333333,6.81818181818182,6.5,7.15384615384615,7.2,10
"12",2002,5,7,2,7,NA,NA,NA,7,2,0,0,0,2,40,29,11,2,13,27,7.175,7.31034482758621,6.81818181818182,6.5,7.15384615384615,7.18518518518519,11
"13",2002,6,7.75,4,7.75,NA,NA,NA,7.75,4,0,0,0,4,44,33,11,2,13,31,7.22727272727273,7.36363636363636,6.81818181818182,6.5,7.15384615384615,7.25806451612903,12
"14",2002,7,6.625,4,6.625,NA,NA,8,6.16666666666667,4,0,0,1,3,48,37,11,2,14,34,7.17708333333333,7.28378378378378,6.81818181818182,6.5,7.21428571428571,7.16176470588235,13
"15",2002,8,7.66666666666667,6,7.4,9,NA,9,7.4,5,1,0,1,5,54,42,12,2,15,39,7.23148148148148,7.29761904761905,7,6.5,7.33333333333333,7.19230769230769,14
"16",2002,9,5,3,5,5,5,NA,5,2,1,1,0,3,57,44,13,3,15,42,7.1140350877193,7.19318181818182,6.84615384615385,6,7.33333333333333,7.03571428571429,15
"17",2002,10,8,1,NA,8,8,NA,8,0,1,1,0,1,58,44,14,4,15,43,7.12931034482759,7.19318181818182,6.92857142857143,6.5,7.33333333333333,7.05813953488372,16
"18",2002,11,7.75,4,7.75,NA,NA,8,7,4,0,0,3,1,62,48,14,4,18,44,7.16935483870968,7.23958333333333,6.92857142857143,6.5,7.44444444444444,7.05681818181818,17
"19",2002,12,6.66666666666667,3,10,5,NA,NA,6.66666666666667,1,2,0,0,3,65,49,16,4,18,47,7.14615384615385,7.29591836734694,6.6875,6.5,7.44444444444444,7.03191489361702,18
"20",2003,1,6.66666666666667,6,7,6,7,7,6.6,4,2,1,1,5,71,53,18,5,19,52,7.1056338028169,7.27358490566038,6.61111111111111,6.6,7.42105263157895,6.99038461538461,19
"21",2003,2,6.875,4,7,6.5,NA,6.5,7,3,1,0,1,3,75,56,19,5,20,55,7.09333333333333,7.25892857142857,6.60526315789474,6.6,7.375,6.99090909090909,20
"22",2003,3,7.25,4,7.5,7,NA,NA,7.25,2,2,0,0,4,79,58,21,5,20,59,7.10126582278481,7.26724137931035,6.64285714285714,6.6,7.375,7.00847457627119,21
"23",2003,4,6.4,5,6.66666666666667,6,NA,7,6.25,3,2,0,1,4,84,61,23,5,21,63,7.05952380952381,7.23770491803279,6.58695652173913,6.6,7.35714285714286,6.96031746031746,22
"24",2003,5,8,7,8.4,7,NA,7.75,8.33333333333333,5,2,0,4,3,91,66,25,5,25,66,7.13186813186813,7.32575757575758,6.62,6.6,7.42,7.02272727272727,23
"25",2003,6,6,3,6.5,5,NA,5,6.5,2,1,0,1,2,94,68,26,5,26,68,7.09574468085106,7.30147058823529,6.55769230769231,6.6,7.32692307692308,7.00735294117647,24
"26",2003,7,7.078125,32,7.33333333333333,6.3125,NA,6.44444444444444,7.32608695652174,24,8,0,9,23,126,92,34,5,35,91,7.09126984126984,7.30978260869565,6.5,6.6,7.1,7.08791208791209,25
"27",2003,8,6.57142857142857,14,6.88888888888889,6,NA,5.75,6.9,9,5,0,4,10,140,101,39,5,39,101,7.03928571428571,7.27227722772277,6.43589743589744,6.6,6.96153846153846,7.06930693069307,26
"28",2003,9,7.47777777777778,9,7.46,7.5,7.5,8,7.4125,5,4,2,1,8,149,106,43,7,40,109,7.06577181208054,7.2811320754717,6.53488372093023,6.85714285714286,6.9875,7.09449541284404,27
"29",2003,10,7.5,6,8,7,NA,NA,7.5,3,3,0,0,6,155,109,46,7,40,115,7.08258064516129,7.30091743119266,6.56521739130435,6.85714285714286,6.9875,7.11565217391304,28
"30",2003,11,7,2,7,NA,NA,NA,7,2,0,0,0,2,157,111,46,7,40,117,7.08152866242038,7.2954954954955,6.56521739130435,6.85714285714286,6.9875,7.11367521367521,29
"31",2003,12,6.92857142857143,7,6.83333333333333,7,NA,NA,6.92857142857143,3,4,0,0,7,164,114,50,7,40,124,7.075,7.28333333333333,6.6,6.85714285714286,6.9875,7.10322580645161,30
"32",2004,1,7.26666666666667,15,7.5,6.33333333333333,NA,7.66666666666667,7,12,3,0,6,9,179,126,53,7,46,133,7.09106145251397,7.30396825396825,6.58490566037736,6.85714285714286,7.07608695652174,7.09624060150376,31
"33",2004,2,7.16,15,7.53636363636364,6.125,NA,7,7.21818181818182,11,4,0,4,11,194,137,57,7,50,144,7.09639175257732,7.32262773722628,6.55263157894737,6.85714285714286,7.07,7.10555555555556,32
"34",2004,3,6.57142857142857,14,6.875,6.16666666666667,7,6.66666666666667,6.54545454545455,8,6,2,3,11,208,145,63,9,53,155,7.06105769230769,7.29793103448276,6.51587301587302,6.88888888888889,7.04716981132075,7.0658064516129,33
"35",2004,4,7.31818181818182,11,7.6875,6.33333333333333,6,7.75,7.07142857142857,8,3,1,4,7,219,153,66,10,57,162,7.07397260273973,7.31830065359477,6.50757575757576,6.8,7.09649122807018,7.06604938271605,34
"36",2004,5,6.16666666666667,6,8,5.25,NA,5.33333333333333,7,2,4,0,3,3,225,155,70,10,60,165,7.04977777777778,7.32709677419355,6.43571428571429,6.8,7.00833333333333,7.06484848484848,35
"37",2004,6,7.30769230769231,13,7.625,6.8,NA,7.2,7.375,8,5,0,5,8,238,163,75,10,65,173,7.06386554621849,7.34171779141104,6.46,6.8,7.02307692307692,7.07919075144509,36
"38",2004,7,6.88888888888889,9,7,6,6,7.66666666666667,6.5,8,1,1,3,6,247,171,76,11,68,179,7.05748987854251,7.32573099415205,6.45394736842105,6.72727272727273,7.05147058823529,7.05977653631285,37
"39",2004,8,6.85714285714286,7,6.625,7.16666666666667,7.16666666666667,NA,6.85714285714286,4,3,3,0,7,254,175,79,14,68,186,7.05196850393701,7.30971428571428,6.48101265822785,6.82142857142857,7.05147058823529,7.05215053763441,38
"40",2004,9,7.41666666666667,6,7.375,7.5,NA,7,7.625,4,2,0,2,4,260,179,81,14,70,190,7.06038461538462,7.31117318435754,6.50617283950617,6.82142857142857,7.05,7.06421052631579,39
"41",2004,10,7.11538461538461,13,7.77777777777778,5.625,NA,5.5,7.6,9,4,0,3,10,273,188,85,14,73,200,7.06300366300366,7.33351063829787,6.46470588235294,6.82142857142857,6.98630136986301,7.091,40
"42",2004,11,6.79166666666667,12,7.33333333333333,5.16666666666667,5,6.7,6.85714285714286,9,3,1,5,7,285,197,88,15,78,207,7.05157894736842,7.33350253807107,6.42045454545455,6.7,6.96794871794872,7.08309178743961,41
"43",2004,12,6,11,7.75,5,6,6.16666666666667,5.8,4,7,2,6,5,296,201,95,17,84,212,7.0125,7.34179104477612,6.31578947368421,6.61764705882353,6.91071428571429,7.05283018867924,42
"44",2005,1,6.6875,24,7.19230769230769,6.09090909090909,5,6.77777777777778,6.63333333333333,13,11,1,9,15,320,214,106,18,93,227,6.988125,7.33271028037383,6.29245283018868,6.52777777777778,6.89784946236559,7.02511013215859,43
"45",2005,2,7.13157894736842,19,7.46153846153846,6.41666666666667,7,7.33333333333333,7.03846153846154,13,6,1,6,13,339,227,112,19,99,240,6.99616519174041,7.34008810572687,6.29910714285714,6.55263157894737,6.92424242424242,7.02583333333333,44
"46",2005,3,6.69411764705882,17,7.18,6,6.375,6,7.18,10,7,4,7,10,356,237,119,23,106,250,6.98174157303371,7.33333333333333,6.28151260504202,6.52173913043478,6.86320754716981,7.032,45
"47",2005,4,6.53076923076923,13,6.57142857142857,6.48333333333333,6.5,5.6,6.81,7,6,2,3,10,369,244,125,25,109,260,6.96585365853659,7.31147540983606,6.2912,6.52,6.82844036697248,7.02346153846154,46
"48",2005,5,6.75,18,7.15384615384615,5.7,7,7.16666666666667,6.33333333333333,13,5,1,9,9,387,257,130,26,118,269,6.95581395348837,7.30350194552529,6.26846153846154,6.53846153846154,6.85423728813559,7.00037174721189,47
"49",2005,6,6.875,12,6.75,7.5,7.5,7.25,6.5,10,2,2,6,6,399,267,132,28,124,275,6.95338345864662,7.28277153558052,6.28712121212121,6.60714285714286,6.87338709677419,6.98945454545454,48
"50",2005,7,6.27272727272727,11,7.14285714285714,4.75,4,5.25,6.85714285714286,7,4,1,4,7,410,274,136,29,128,282,6.93512195121951,7.27919708029197,6.24191176470588,6.51724137931035,6.82265625,6.98617021276596,49
"51",2005,8,5.85714285714286,14,5.7,6.25,NA,5.42857142857143,6.28571428571429,10,4,0,7,7,424,284,140,29,135,289,6.89952830188679,7.22359154929577,6.24214285714286,6.51724137931035,6.75037037037037,6.96920415224913,50
"52",2005,9,6.8,19,6.8375,6.77272727272727,6.75,6.45,6.96153846153846,8,11,4,6,13,443,292,151,33,141,302,6.89525959367946,7.21301369863014,6.28079470198676,6.54545454545455,6.73758865248227,6.96887417218543,51
"53",2005,10,6.5625,16,7.08333333333333,5,5,6.71428571428571,6.44444444444444,12,4,1,7,9,459,304,155,34,148,311,6.88366013071895,7.2078947368421,6.24774193548387,6.5,6.73648648648649,6.95369774919614,52
"54",2005,11,6.95833333333333,24,7.10526315789474,6.4,7,6.57142857142857,7.11764705882353,19,5,1,7,17,483,323,160,35,155,328,6.88737060041408,7.20185758513932,6.2525,6.51428571428571,6.72903225806452,6.96219512195122,53
"55",2005,12,6.82692307692308,26,7.46428571428571,6.08333333333333,6.5,7,6.7,14,12,2,11,15,509,337,172,37,166,343,6.88428290766208,7.21275964391691,6.24069767441861,6.51351351351351,6.74698795180723,6.95072886297376,54
"56",2006,1,6.405,20,6.75833333333333,5.875,6,6.44444444444444,6.37272727272727,12,8,1,9,11,529,349,180,38,175,354,6.86616257088847,7.19713467048711,6.22444444444444,6.5,6.73142857142857,6.93276836158192,55
"57",2006,2,6.5,10,6.2,6.8,8,6.28571428571429,7,5,5,1,7,3,539,354,185,39,182,357,6.85936920222635,7.18305084745763,6.24,6.53846153846154,6.71428571428571,6.93333333333333,56
"58",2006,3,7.16666666666667,12,7.55555555555556,6,NA,6.33333333333333,7.44444444444444,9,3,0,3,9,551,363,188,39,185,366,6.86606170598911,7.19228650137741,6.23617021276596,6.53846153846154,6.70810810810811,6.94590163934426,57
"59",2006,4,6.35384615384615,13,6.84444444444444,5.25,7,6.33333333333333,6.37142857142857,9,4,1,6,7,564,372,192,40,191,373,6.85425531914894,7.18387096774193,6.215625,6.55,6.69633507853403,6.93512064343163,58
"60",2006,5,6.26923076923077,13,6.5,6,7,5.91666666666667,6.57142857142857,7,6,1,6,7,577,379,198,41,197,380,6.84107452339688,7.1712401055409,6.20909090909091,6.5609756097561,6.67258883248731,6.92842105263158,59
"61",2006,6,6.07142857142857,14,6.8,4.25,NA,6.4,5.88888888888889,10,4,0,5,9,591,389,202,41,202,389,6.82284263959391,7.16169665809769,6.17029702970297,6.5609756097561,6.66584158415842,6.90437017994858,60
"62",2006,7,6.98695652173913,23,7.16666666666667,6.65,9,6.85714285714286,7.04375,15,8,1,7,16,614,404,210,42,209,405,6.82899022801303,7.16188118811881,6.18857142857143,6.61904761904762,6.67224880382775,6.90987654320987,61
"63",2006,8,6.95833333333333,12,7.28571428571429,6.5,7,6.5,7.11111111111111,7,5,1,3,9,626,411,215,43,212,414,6.8314696485623,7.1639902676399,6.19581395348837,6.62790697674419,6.66981132075472,6.91425120772947,62
"64",2006,9,6.51578947368421,19,6.67692307692308,6.16666666666667,5,6.0625,6.84545454545455,13,6,1,8,11,645,424,221,44,220,425,6.82217054263566,7.14905660377358,6.19502262443439,6.59090909090909,6.64772727272727,6.91247058823529,63
"65",2006,10,6.43478260869565,23,6.625,6.22727272727273,7,6.25,6.57692307692308,12,11,1,10,13,668,436,232,45,230,438,6.80883233532934,7.13463302752294,6.19655172413793,6.6,6.6304347826087,6.90251141552511,64
"66",2006,11,7.375,16,7.38888888888889,7.35714285714286,7.16666666666667,7.33333333333333,7.38461538461539,9,7,3,3,13,684,445,239,48,233,451,6.82207602339181,7.13977528089888,6.23054393305439,6.63541666666667,6.63948497854077,6.91640798226164,65
"67",2006,12,7.068,25,7.59375,6.13333333333333,5.5,6.5,7.24736842105263,16,9,2,6,19,709,461,248,50,239,470,6.83074753173484,7.15553145336226,6.22701612903226,6.59,6.63598326359833,6.92978723404255,66
"68",2007,1,6.65263157894737,38,6.77083333333333,6.45,6.975,6.4875,6.69666666666667,24,14,4,8,30,747,485,262,54,247,500,6.82168674698795,7.13649484536082,6.23893129770992,6.61851851851852,6.63117408906883,6.9158,67
"69",2007,2,6.6717812,25,6.94444444444444,5.97064714285714,NA,6.71428571428571,6.65525166666667,18,7,0,7,18,772,503,269,54,254,518,6.81683229274611,7.12962226640159,6.23194992565056,6.61851851851852,6.63346456692913,6.9067461969112,68
"70",2007,3,6.47222222222222,18,6.85,6,6.33333333333333,6.8,6.34615384615385,10,8,3,5,13,790,513,277,57,259,531,6.80898041772152,7.12417153996101,6.22525101083033,6.60350877192982,6.63667953667954,6.89302171374765,69
"71",2007,4,6.51739130434783,23,7.16666666666667,5.80909090909091,7,6.88888888888889,6.27857142857143,12,11,1,9,14,813,525,288,58,268,545,6.80073127921279,7.12514285714286,6.20935600694445,6.61034482758621,6.64514925373134,6.87723766972477,70
"72",2007,5,6.89047619047619,21,7.26923076923077,6.275,7,6.33333333333333,7.11333333333333,13,8,2,6,15,834,538,296,60,274,560,6.80299104316547,7.12862453531598,6.21113016891892,6.62333333333333,6.63832116788321,6.88356166071428,71
"73",2007,6,6.98947368421053,19,7.16363636363636,6.75,6.5,7.08333333333333,6.94615384615385,11,8,2,6,13,853,549,304,62,280,573,6.80714481828839,7.12932604735883,6.22531095394737,6.61935483870968,6.64785714285714,6.88498172774869,72
"74",2007,7,6.40384615384615,13,6.35416666666667,7,7,6,6.75,12,1,1,6,7,866,561,305,63,286,580,6.8010906812933,7.11274509803922,6.22785091803279,6.62539682539682,6.63426573426573,6.88335263793103,73
"75",2007,8,6.78333333333333,30,6.6875,6.89285714285714,6.5,6.125,7.02272727272727,16,14,4,8,22,896,577,319,67,294,602,6.80049612723214,7.10095320623917,6.25703614420063,6.61791044776119,6.62040816326531,6.88844606312292,74
"76",2007,9,7.25,22,7.33333333333333,7.07142857142857,NA,6.5,7.36842105263158,15,7,0,3,19,918,592,326,67,297,621,6.81126855119826,7.10684121621622,6.27452309815951,6.61791044776119,6.61919191919192,6.90313128824477,75
"77",2007,10,6.55769230769231,26,6.86363636363636,6.33333333333333,7,6.58333333333333,6.55,11,15,1,6,20,944,603,341,68,303,641,6.80428445974576,7.10240464344942,6.27711005865103,6.62352941176471,6.61848184818482,6.89211315132605,76
"78",2007,11,6.672,25,6.96666666666667,6.23,7,7.2,6.32,15,10,1,10,15,969,618,351,69,313,656,6.80087154798762,7.09911003236246,6.27576789173789,6.62898550724638,6.6370607028754,6.87903129573171,77
"79",2007,12,6.59787234042553,47,6.90666666666667,6.05294117647059,7.25,6.55333333333333,6.61875,30,17,2,15,32,1016,648,368,71,328,688,6.79148083661417,7.09020061728395,6.26547426630435,6.64647887323944,6.63323170731707,6.86692518895349,78
"80",2008,1,6.58958333333333,48,6.946875,5.875,5.28571428571429,7,6.36451612903226,32,16,7,17,31,1064,680,384,78,345,719,6.78237267857143,7.08345588235294,6.24920450520834,6.52435897435897,6.65130434782609,6.84526360222531,79
"81",2008,2,6.908,25,7.66923076923077,6.08333333333333,NA,6.71428571428571,6.98333333333333,13,12,0,7,18,1089,693,396,78,352,737,6.78525668503214,7.09444444444444,6.24417810606061,6.52435897435897,6.65255681818182,6.84863572591587,80
"82",2008,3,6.43942307692308,26,6.65333333333333,6.14772727272727,7.5,6.7125,6.26875,15,11,2,10,16,1115,708,407,80,362,753,6.77719240358744,7.0850988700565,6.24157132678133,6.54875,6.65421270718232,6.83631411686587,81
"83",2008,4,6.62307692307692,26,6.9375,6.12,6.83333333333333,5.94444444444444,6.98235294117647,16,10,3,9,17,1141,724,417,83,371,770,6.77368056967572,7.08183701657459,6.23865594724221,6.55903614457831,6.63699460916442,6.83953835064935,82
"84",2008,5,6.78571428571429,21,6.96875,6.2,6,7,6.625,16,5,1,9,12,1162,740,422,84,380,782,6.7738980464716,7.07939189189189,6.23819793838863,6.55238095238095,6.64559210526316,6.83624620204604,83
"85",2008,6,7.04347826086957,23,7.39285714285714,6.5,7.5,7.6875,6.7,14,9,2,8,15,1185,754,431,86,388,797,6.77913040506329,7.08521220159151,6.24366480278422,6.57441860465116,6.66707474226804,6.83368196988708,84
"86",2008,7,6.23684210526316,19,7.2,5.16666666666667,4.6,5.6875,6.63636363636364,10,9,5,8,11,1204,764,440,91,396,808,6.77057269933555,7.08671465968586,6.22163529545455,6.46593406593407,6.64728535353535,6.83099570544554,85
"87",2008,8,6.56896551724138,29,7.25,5.73076923076923,5.83333333333333,6.27777777777778,6.7,16,13,6,9,20,1233,780,453,97,405,828,6.76583092457421,7.0900641025641,6.20754863134658,6.42680412371134,6.63907407407407,6.82783155797101,86
"88",2008,9,6.2,19,6.35,6.03333333333333,6.08333333333333,6.4,6.08333333333333,10,9,6,7,12,1252,790,462,103,412,840,6.75724403354632,7.08069620253165,6.20415482683983,6.40679611650485,6.63501213592233,6.81719586904762,87
"89",2008,10,6.70526315789474,19,6.77272727272727,6.6125,6.25,6.85,6.66666666666667,11,8,2,4,15,1271,801,470,105,416,855,6.75646697875688,7.07646691635456,6.21110538297873,6.40380952380952,6.63707932692308,6.81455500584795,88
"90",2008,11,6.57179487179487,39,6.96086956521739,6.0125,6.475,6.95454545454545,6.42142857142857,23,16,4,11,28,1310,824,486,109,427,883,6.75096910687023,7.07324029126214,6.20456693415638,6.40642201834862,6.64525761124122,6.80208893544734,89
"91",2008,12,6.45833333333333,30,6.61363636363636,6.36842105263158,6.58333333333333,6.40909090909091,6.48684210526316,11,19,6,11,19,1340,835,505,115,438,902,6.74441755970149,7.06718562874252,6.21073174257426,6.41565217391304,6.63932648401827,6.79544848115299,90
"92",2009,1,6.64264705882353,34,6.63958333333333,6.65,7.33333333333333,6.66666666666667,6.634,24,10,3,9,25,1374,859,515,118,447,927,6.74189922125182,7.05523864959255,6.21926122330097,6.43898305084746,6.63987695749441,6.79109442286947,91
"93",2009,2,6.47142857142857,35,6.86666666666667,6.175,6.92857142857143,6.5,6.46296296296296,15,20,7,8,27,1409,874,535,125,455,954,6.73518064584812,7.05200228832952,6.21760659813084,6.4664,6.63741758241758,6.78180768343816,92
"94",2009,3,6.3,27,6.65,5.92307692307692,6.06,6.825,6.20869565217391,14,13,5,4,23,1436,888,548,130,459,977,6.72699827994429,7.04566441441442,6.21061958029197,6.45076923076923,6.6390522875817,6.76831579324463,93
"95",2009,4,6.31666666666667,30,6.29166666666667,6.33333333333333,5.75,6.4375,6.27272727272727,12,18,4,8,22,1466,900,566,134,467,999,6.7186013165075,7.03561111111111,6.21452213780919,6.42985074626866,6.63559957173448,6.75740193193193,94
"96",2009,5,6.48529411764706,34,6.76315789473684,6.13333333333333,5.66666666666667,6,6.75,19,15,3,12,22,1500,919,581,137,479,1021,6.71331302,7.02997823721436,6.21242604130809,6.41313868613139,6.61967640918581,6.7572424387855,95
"97",2009,6,6.55714285714286,21,7.32,5.86363636363636,4.76666666666667,5.88333333333333,6.82666666666667,10,11,3,6,15,1521,929,592,140,485,1036,6.71115682445759,7.03310010764263,6.20594515202703,6.37785714285714,6.61056701030928,6.75824761583012,96
"98",2009,7,6.63784685714286,35,7.64285714285714,5.96784,6.125,6.55308,6.66296296296296,14,21,8,8,27,1556,943,613,148,493,1063,6.70950782133676,7.04215270413574,6.19778820554649,6.36418918918919,6.60963415821501,6.75582740357479,97
"99",2009,8,6.85217391304348,23,7.13333333333333,6.54545454545455,6,6.14285714285714,7.1625,12,11,6,7,16,1579,955,624,154,500,1079,6.71158592146928,7.04329842931937,6.20391693910257,6.35,6.60309928,6.76185776645042,98
"100",2009,9,6.76206896551724,29,7.08888888888889,6.22727272727273,6.33333333333333,6.71428571428571,6.77727272727273,18,11,3,7,22,1608,973,635,157,507,1101,6.71249637437811,7.04414182939363,6.20432152755906,6.34968152866242,6.60463439842209,6.76216578564941,99
"101",2009,10,6.13157894736842,19,6.75,5.68181818181818,5.33333333333333,5.66666666666667,6.21875,8,11,3,3,16,1627,981,646,160,510,1117,6.7057124585126,7.04174311926606,6.19542441176471,6.330625,6.59911694117647,6.75438185317816,100
"102",2009,11,6.71481481481482,27,7.13888888888889,5.86666666666667,6.05,5.9,6.9,18,9,6,5,22,1654,999,655,166,515,1139,6.70586104594921,7.04349349349349,6.19090712977099,6.32048192771084,6.59232939805825,6.7571944951712,101
"103",2009,12,6.7171875,32,7.340625,6.09375,5.91666666666667,6.125,6.91458333333333,16,16,6,8,24,1686,1015,671,172,523,1163,6.70607602016607,7.04817733990148,6.18859041728763,6.30639534883721,6.58518095602295,6.76044241616509,102
"104",2010,1,6.6258064516129,31,6.76923076923077,6.52222222222222,6.32222222222222,6.6,6.63076923076923,13,18,9,5,26,1717,1028,689,181,528,1189,6.70462677344205,7.04464980544747,6.19730648766328,6.30718232044199,6.58532128787879,6.75760683767872,103
"105",2010,2,6.46666666666667,21,7.27142857142857,4.85714285714286,2,7.08333333333333,6.22,14,7,1,6,15,1738,1042,696,182,534,1204,6.70175153624856,7.04769673704415,6.18382783045977,6.28351648351648,6.59091692883895,6.75090907807309,104
"106",2010,3,6.765625,16,7.4375,6.09375,6.4375,7.66666666666667,6.55769230769231,8,8,4,3,13,1754,1050,704,186,537,1217,6.70233419042189,7.05066666666667,6.18280421875,6.28682795698925,6.59692670391062,6.74884513557929,105
"107",2010,4,7.1,7,7.425,6.66666666666667,NA,6.2,7.25,4,3,0,1,6,1761,1054,707,186,538,1223,6.70391491766042,7.05208728652752,6.18485738330976,6.28682795698925,6.59618892193309,6.75130378577269,106
"108",2010,5,6.66176470588235,17,6.95,6.25,6,6,6.703125,10,7,1,1,16,1778,1064,714,187,539,1239,6.70351190663667,7.05112781954887,6.18549603641457,6.28529411764706,6.59508282003711,6.75068162227603,107
"109",2010,6,7.03666666666667,15,7.14545454545455,6.7375,7,8.15,6.63181818181818,11,4,1,4,11,1793,1075,718,188,543,1250,6.70629903513664,7.05209302325582,6.18857126740947,6.28909574468085,6.60653709023941,6.749635624,108
"110",2010,7,6.66388888888889,18,7.075,6.15,5.8,7.125,6.53214285714286,10,8,4,4,14,1811,1085,726,192,547,1264,6.70587750966317,7.05230414746544,6.18814623966942,6.27890625,6.6103284095064,6.74722668512659,109
"111",2010,8,6.2,15,6.66666666666667,6.08333333333333,5.5,7,6.14285714285714,3,12,2,1,14,1826,1088,738,194,548,1278,6.70172188937569,7.05124080882353,6.18644196476965,6.27087628865979,6.6110394890511,6.74060604851331,110
"112",2010,9,6.85,15,7.82142857142857,6,6,5.33333333333333,7.22916666666667,7,8,1,3,12,1841,1095,746,195,551,1290,6.70293002172732,7.05616438356164,6.18444258713137,6.26948717948718,6.60408283121597,6.74515079844962,111
"113",2010,10,6.77083333333333,24,6.88461538461539,6.63636363636364,6.66666666666667,6.42857142857143,6.91176470588235,13,11,3,7,17,1865,1108,757,198,558,1307,6.70380384450402,7.05415162454874,6.19100947159841,6.27550505050505,6.60188107526882,6.74731792654935,112
"114",2010,11,6.31428571428571,21,6.9,5.875,6.25,7.5,6.18947368421053,9,12,4,2,19,1886,1117,769,202,560,1326,6.69946668610817,7.05290957923008,6.18607824447334,6.275,6.60508864285714,6.73932468325792,113
"115",2010,12,6.26818181818182,22,6.48461538461538,5.95555555555556,6.5,6.7875,5.97142857142857,13,9,2,8,14,1908,1130,778,204,568,1340,6.69449379979036,7.04637168141593,6.18341152956298,6.27720588235294,6.60765781690141,6.73130188805971,114
"116",2011,1,6.36206896551724,29,6.6,6.10714285714286,6.2,6.4375,6.33333333333333,15,14,5,8,21,1937,1145,792,209,576,1361,6.68951686628807,7.04052401746725,6.1820633459596,6.27535885167464,6.60529451388889,6.72516130051433,115
"117",2011,2,6.32777777777778,18,6.3,6.3625,5.75,6.76666666666667,6.10833333333333,10,8,2,6,12,1955,1155,800,211,582,1373,6.68618627621483,7.03411255411256,6.1838677125,6.27037914691943,6.6069581443299,6.71977023306628,116
"118",2011,3,6.37894736842105,19,6.32,6.44444444444444,5,5.5,6.48235294117647,10,9,2,2,17,1974,1165,809,213,584,1390,6.68322906281662,7.02798283261803,6.18676658838072,6.25845070422535,6.60316719178082,6.71686656834533,117
"119",2011,4,6.85,18,7.43,6.125,7,7.8,6.48461538461538,10,8,3,5,13,1992,1175,817,216,589,1403,6.68473602911647,7.03140425531915,6.1861617747858,6.26875,6.61332706281834,6.7147145616536,118
"120",2011,5,6.515,16,6.96166666666667,5.175,5.66666666666667,6.35714285714286,6.63777777777778,12,4,3,7,9,2008,1187,821,219,596,1412,6.68338355079681,7.03069924178602,6.1812352862363,6.26050228310502,6.61031818791946,6.7142241713881,119
"121",2011,6,6.76666666666667,12,6.7,6.81428571428571,7,6.625,6.8375,5,7,1,4,8,2020,1192,828,220,600,1420,6.6838783019802,7.02931208053691,6.18658716183575,6.26386363636364,6.61041606666667,6.71491868309859,120
"122",2011,7,6.55555555555556,18,7.04545454545455,5.78571428571429,6.25,7.125,6.39285714285714,11,7,2,4,14,2038,1203,835,222,604,1434,6.6827449313052,7.02945968412303,6.1832265508982,6.26373873873874,6.61382390728477,6.71177442817295,121
"123",2011,8,6.63809523809524,21,6.86153846153846,6.275,6.33333333333333,6.83333333333333,6.56,13,8,3,6,15,2059,1216,843,225,610,1449,6.6822895434677,7.02766447368421,6.18409747330961,6.26466666666667,6.61598301639344,6.71020326432022,122
"124",2011,9,6.9,14,7.64285714285714,6.15714285714286,6.5,7.8,6.4,7,7,2,5,9,2073,1223,850,227,615,1458,6.68375985045827,7.03118560915781,6.18387549411765,6.26674008810573,6.62560917073171,6.70828842935528,123
"125",2011,10,6.36,15,6.95454545454545,4.725,6,6.25,6.43333333333333,11,4,1,6,9,2088,1234,854,228,621,1467,6.6814339894636,7.03050243111832,6.17704235362998,6.2655701754386,6.62198009661836,6.70660158827539,124
"126",2011,11,6.64130434782609,23,7.42307692307692,5.625,5.85,6.10714285714286,6.875,13,10,5,7,16,2111,1247,864,233,628,1483,6.68099676456656,7.03459502806736,6.17065297453704,6.25665236051502,6.61624146496815,6.70841842886042,125
"127",2011,12,6.615,20,6.90909090909091,6.25555555555556,6,6.625,6.60833333333333,11,9,1,8,12,2131,1258,873,234,636,1495,6.68037736743313,7.03349761526232,6.17152825887743,6.25555555555556,6.61635163522013,6.70761507023412,126
"128",2012,1,7.0741935483871,31,7.44,6.40909090909091,5.9,7.15,7.03809523809524,20,11,5,10,21,2162,1278,884,239,646,1516,6.68602413043478,7.03985915492958,6.17448435520362,6.24811715481172,6.62461244582043,6.71219296174143,127
"129",2012,2,6.91,25,7.48214285714286,6.18181818181818,6,7.28571428571429,6.76388888888889,14,11,3,7,18,2187,1292,895,242,653,1534,6.68858443987197,7.04465170278638,6.17457449162011,6.24504132231405,6.63169929555896,6.71279956323338,128
"130",2012,3,6.85714285714286,14,7.125,6.5,7,7,6.84615384615385,8,6,3,1,13,2201,1300,901,245,654,1547,6.68965659700136,7.04514615384616,6.17674158712541,6.25428571428571,6.63226244648318,6.7139201874596,129
"131",2012,4,6.32,15,6.35,6.28571428571429,6.1,NA,6.32,8,7,5,0,15,2216,1308,908,250,654,1562,6.68715440884476,7.04089449541285,6.17758168502203,6.2512,6.63226244648318,6.71013734314981,130
"132",2012,5,6.35333333333333,15,6.92857142857143,5.85,5.075,5,6.69166666666667,7,8,4,3,12,2231,1315,916,254,657,1574,6.68490998207082,7.04029657794677,6.17472070960699,6.23267716535433,6.62480919330289,6.70999652477764,131
"133",2012,6,6.38095238095238,21,7,5.7,5.5,6.125,6.44117647058824,11,10,2,4,17,2252,1326,926,256,661,1591,6.68207556394316,7.03996229260935,6.16959413606911,6.226953125,6.62178462934947,6.70712415461974,132
"134",2012,7,6.90625,16,7.29,6.26666666666667,7,6.95,6.9,10,6,1,2,14,2268,1336,932,257,663,1605,6.68365704144621,7.04183383233533,6.1702190665236,6.22996108949416,6.62277472096531,6.70880656074766,133
"135",2012,8,6.75,16,7.15,6.08333333333333,6.25,6.66666666666667,6.76923076923077,10,6,2,3,13,2284,1346,938,259,666,1618,6.68412179071804,7.04263744427935,6.16966329424307,6.23011583011583,6.62297243243243,6.70929204573548,134
"136",2012,9,6.5,12,7.125,5.25,4.5,7,6.33333333333333,8,4,2,3,9,2296,1354,942,261,669,1627,6.68315948170732,7.04312407680945,6.16575814225053,6.21685823754789,6.62466313901345,6.70721237246466,135
"137",2012,10,7,15,7.85714285714286,6.25,7,7.75,6.72727272727273,7,8,2,4,11,2311,1361,950,263,673,1638,6.68521599740372,7.04731080088171,6.16646754736842,6.22281368821293,6.63135161961367,6.70734708791209,136
"138",2012,11,6.936,25,7.09333333333333,6.7,6.66666666666667,7.33333333333333,6.81052631578947,15,10,3,6,19,2336,1376,960,266,679,1657,6.68789990154109,7.0478125,6.17202517708333,6.22781954887218,6.63755469808542,6.7085301931201,137
"139",2012,12,6.51904761904762,21,6.5875,6.3,6.25,6.5,6.52222222222222,16,5,4,3,18,2357,1392,965,270,682,1675,6.6863954900297,7.04252155172414,6.17268825906736,6.22814814814815,6.63694961876833,6.70652807761194,138
"140",2013,1,7.00961538461539,26,7.046875,6.95,6.16666666666667,6.6875,7.15277777777778,16,10,3,8,18,2383,1408,975,273,690,1693,6.68992201846412,7.04257102272727,6.18066068717949,6.22747252747253,6.63753571014493,6.71127261075015,139
"141",2013,2,6.63888888888889,18,7,5.91666666666667,5,6.21428571428571,6.90909090909091,12,6,1,7,11,2401,1420,981,274,697,1704,6.68953942940441,7.04221126760563,6.17904604485219,6.22299270072993,6.6332849928264,6.71254960680751,140
"142",2013,3,6.02,19,6.78571428571429,5.57333333333333,5.345,6.22,5.96666666666667,7,12,4,4,15,2420,1427,993,278,701,1719,6.68428271487603,7.04095304835319,6.17172625377644,6.21035971223022,6.63092673323823,6.70604102966841,141
"143",2013,4,5.75,14,6.71428571428571,4.78571428571429,5.25,3.625,6.6,7,7,4,4,10,2434,1434,1000,282,705,1729,6.67890886195563,7.03935843793584,6.16202417,6.19673758865248,6.61387182978723,6.70542772122614,142
"144",2013,5,6.90909090909091,22,7.85,6.125,6.16666666666667,7.3,6.79411764705882,10,12,6,5,17,2456,1444,1012,288,710,1746,6.68097075325733,7.04497229916898,6.16158514822134,6.19611111111111,6.61870371830986,6.70629125429553,143
"145",2013,6,6.9875,16,7.125,6.85,6.75,7.4,6.92857142857143,8,8,2,2,14,2472,1452,1020,290,712,1760,6.68295476132686,7.0454132231405,6.16698448039216,6.19993103448276,6.62089837078652,6.70805939204546,144
"146",2013,7,6.2,10,6.75,5.83333333333333,6.33333333333333,NA,6.2,4,6,3,0,10,2482,1456,1026,293,712,1770,6.68100893231265,7.04460164835165,6.16503330409357,6.20129692832764,6.62089837078652,6.705189,145
"147",2013,8,6.44117647058824,17,6.5625,6.33333333333333,6,6,6.53571428571429,8,9,3,3,14,2499,1464,1035,296,715,1784,6.67937741896759,7.04196721311475,6.1664967826087,6.19925675675676,6.6182932027972,6.70385904147982,146
"148",2013,9,6.14285714285714,14,6.92857142857143,5.35714285714286,6.25,5.5,6.31818181818182,7,7,4,3,11,2513,1471,1042,300,718,1795,6.67638844807004,7.04142760027192,6.16105966410749,6.19993333333333,6.61362066852368,6.70149555988858,147
"149",2013,10,6.58823529411765,17,7,6,5.66666666666667,6,6.66666666666667,10,7,3,2,15,2530,1481,1049,303,720,1810,6.67579611462451,7.04114787305874,6.15998490943756,6.19465346534653,6.61191616666667,6.70120692265193,148
"150",2013,11,6.54347826086957,23,7.09090909090909,6.04166666666667,NA,10,6.38636363636364,11,12,0,1,22,2553,1492,1061,303,721,1832,6.67460406188797,7.04151474530831,6.1586467200754,6.19465346534653,6.61661531206658,6.69742605349345,149
"151",2013,12,6.48571428571429,21,6.83571428571429,5.78571428571429,7.16666666666667,7.24,6.25,14,7,3,5,16,2574,1506,1068,306,726,1848,6.673063003108,7.0396015936255,6.15620240636704,6.20418300653595,6.62090859504132,6.69355223484849,150
"152",2014,1,6.58823529411765,17,7.33333333333333,5.75,6.75,6.5,6.61538461538461,9,8,4,4,13,2591,1515,1076,310,730,1861,6.67250643380934,7.04134653465347,6.15318231412639,6.21122580645161,6.62024608219178,6.69300619559377,151
"153",2014,2,6.80666666666667,15,6.61111111111111,7.1,6,6.5,6.85384615384615,9,6,1,2,13,2606,1524,1082,311,732,1874,6.67327865310821,7.03880577427822,6.15843268946395,6.21054662379421,6.61991754098361,6.69412194770544,152
"154",2014,3,6.275,16,6.56666666666667,6.1,6.3,7.65,6.07857142857143,6,10,5,2,14,2622,1530,1092,316,734,1888,6.67084827231121,7.03695424836601,6.15789759157509,6.21196202531646,6.62272430517711,6.68955748411017,153
"155",2014,4,7.08333333333333,12,7.33333333333333,6.83333333333333,7,7.375,6.9375,6,6,2,4,8,2634,1536,1098,318,738,1896,6.6727274753227,7.03811197916667,6.16158849726776,6.21691823899371,6.6268016802168,6.69060365506329,154
"156",2014,5,6.63636363636364,11,7.875,3.33333333333333,2,6.8,6.5,8,3,1,5,6,2645,1544,1101,319,743,1902,6.67257624574669,7.0424481865285,6.15388207992734,6.20369905956113,6.62796721399731,6.69000238170347,155
"157",2014,6,6.47727272727273,11,7.45,5.66666666666667,5.5,6.5,6.47222222222222,5,6,1,2,9,2656,1549,1107,320,745,1911,6.67176738328313,7.04376371852808,6.15124134598013,6.2015,6.62762367785235,6.68897672946102,156
"158",2014,7,6.83529411764706,17,7.2,6.31428571428571,7,6.78333333333333,6.86363636363636,10,7,1,6,11,2673,1559,1114,321,751,1922,6.67280739618406,7.04476587556126,6.15226586175942,6.20398753894081,6.62886769640479,6.68997634235172,157
"159",2014,8,6.06818181818182,22,6.6875,5.71428571428571,5.66666666666667,6.8,5.85294117647059,8,14,3,5,17,2695,1567,1128,324,756,1939,6.66787167717996,7.04294192724952,6.14682993794326,6.19901234567901,6.62999952380952,6.68263771531717,158
"160",2014,9,6.90833333333333,18,7.7,5.91875,6.55,6.4375,7.04285714285714,10,8,2,4,14,2713,1577,1136,326,760,1953,6.66946707335053,7.04710843373494,6.14522374119718,6.20116564417178,6.62898636842105,6.68521993343574,159
"161",2014,10,6.38260869565217,23,6.91666666666667,5.8,6,7,6.32380952380952,12,11,3,2,21,2736,1589,1147,329,762,1974,6.66705561769006,7.04612334801762,6.14191296425458,6.19933130699088,6.62996015748032,6.68137514184397,160
"162",2014,11,6.47727272727273,22,6.65,6.33333333333333,6.1,5.66666666666667,6.60526315789474,10,12,5,3,19,2758,1599,1159,334,765,1993,6.66554175852067,7.04364602876798,6.14389488352028,6.19784431137725,6.62618253594771,6.68064953838435,161
"163",2014,12,6.455,20,7.07142857142857,5.01666666666667,NA,7,6.22142857142857,14,6,0,6,14,2778,1613,1165,334,771,2007,6.66402597912167,7.04388716676999,6.13808941630901,6.19784431137725,6.62909162127108,6.67744620328849,162
"164",2015,1,6.62758620689655,29,6.65263157894737,6.58,7.45,6.76666666666667,6.61153846153846,19,10,4,3,26,2807,1632,1175,338,774,2033,6.66364950837193,7.03933210784314,6.14185035744681,6.21266272189349,6.62962485788114,6.67660331037875,163
"165",2015,2,6.4,14,6.67142857142857,6.12857142857143,6.475,6.9,6.26363636363636,7,7,4,3,11,2821,1639,1182,342,777,2044,6.6623410740872,7.03776082977425,6.14177171742809,6.21573099415205,6.63066877734878,6.67438088551859,164
"166",2015,3,6.92857142857143,14,7.25,5,NA,6.83333333333333,6.95454545454545,12,2,0,3,11,2835,1651,1184,342,780,2055,6.66365579188712,7.03930345245306,6.13984304898649,6.21573099415205,6.63144825641026,6.67588054987835,165
"167",2015,4,6.2875,16,7.01,5.08333333333333,6,5.66666666666667,6.66,10,6,2,6,10,2851,1661,1190,344,786,2065,6.66154478077867,7.03912703190849,6.1345161092437,6.21447674418605,6.62408351145038,6.6758036464891,166
"168",2015,5,6.68461538461538,13,7.375,5.58,7,6,6.89,8,5,1,3,10,2864,1669,1195,345,789,2075,6.66164950069832,7.04073696824446,6.132195958159,6.21675362318841,6.62171057034221,6.67683591807229,167
"169",2015,6,7.4375,8,7.4375,NA,NA,6.5,7.75,8,0,0,2,6,2872,1677,1195,345,791,2081,6.66381064415042,7.04262969588551,6.132195958159,6.21675362318841,6.62140283185841,6.67993009610764,168
"170",2015,7,6.64710526315789,19,7.059,6.5,6,6.765,6.625,5,14,3,3,16,2891,1682,1209,348,794,2097,6.66370085437565,7.04267835909631,6.13645506203474,6.21488505747126,6.62194539042821,6.67951098235575,169
"171",2015,8,6.85333333333333,15,7.5375,6.07142857142857,7,7.83333333333333,6.60833333333333,8,7,1,3,12,2906,1690,1216,349,797,2109,6.66467968685478,7.04502071005917,6.13608073190789,6.21713467048711,6.6265051944793,6.6791059886202,170
"172",2015,9,6.50833333333333,18,7.08846153846154,5,NA,6.23571428571429,6.68181818181818,13,5,0,7,11,2924,1703,1221,349,804,2120,6.66371722640219,7.04535231943629,6.13142847665848,6.21713467048711,6.62310278606965,6.67912006132075,171
"173",2015,10,6.50909090909091,22,6.96428571428571,5.7125,5.9,5.92857142857143,6.78,14,8,5,7,15,2946,1717,1229,354,811,2135,6.66256251527495,7.04469132207338,6.12870152156225,6.21265536723164,6.61710806411837,6.67982881967213,172
"174",2015,11,6.43636363636364,22,6.96,6,5,7.125,6.28333333333333,10,12,2,4,18,2968,1727,1241,356,815,2153,6.66088583894878,7.04420092646207,6.12745702659146,6.20584269662921,6.61960078527607,6.67651394797956,173
"175",2015,12,6.575,20,7.1,6.05,5.95,6,6.67647058823529,10,10,5,3,17,2988,1737,1251,361,818,2170,6.66031096720214,7.0445221646517,6.12683786570743,6.20229916897507,6.61732841075795,6.67651360829493,174
"176",2016,1,6.41428571428571,21,6.72857142857143,5.78571428571429,5,7,6.27647058823529,14,7,1,4,17,3009,1751,1258,362,822,2187,6.6585939415088,7.04199600228441,6.1249397217806,6.19897790055249,6.61919055961071,6.67340399176955,175
"177",2016,2,6.61538461538461,13,7.125,6.38888888888889,4.5,6.125,6.83333333333333,4,9,2,4,9,3022,1755,1267,364,826,2196,6.6584080641959,7.04218518518519,6.1268146566693,6.18964285714286,6.61679738498789,6.67405943989071,176
"178",2016,3,7.34210526315789,19,7.68181818181818,6.875,7,7,7.38235294117647,11,8,1,2,17,3041,1766,1275,365,828,2213,6.66267976652417,7.04616930917327,6.13150915294118,6.19186301369863,6.61772299516908,6.67950046543154,177
"179",2016,4,6.646,25,6.74375,6.47222222222222,6.25,6.475,6.67857142857143,16,9,2,4,21,3066,1782,1284,367,832,2234,6.66254376060013,7.04345398428732,6.13389732866044,6.19217983651226,6.61703682692308,6.67949173231871,178
"180",2016,5,6.75892857142857,28,7.15357142857143,6.36428571428571,6,7.03,6.7,14,14,3,5,23,3094,1796,1298,370,837,2257,6.66341602133161,7.04431236080178,6.13638225731895,6.19062162162162,6.61950375149343,6.67970072219761,179
"181",2016,6,6.636,25,6.69642857142857,6.55909090909091,6.25,7.3,6.54545454545455,14,11,4,3,22,3119,1810,1309,374,840,2279,6.66319627124078,7.04162154696133,6.13993443086325,6.19125668449198,6.62193409523809,6.67840479596314,180
"182",2016,7,6.27857142857143,28,7,5.65333333333333,5.5,5.2,6.51304347826087,13,15,3,5,23,3147,1823,1324,377,845,2302,6.65977412456308,7.04132473944048,6.13442157854985,6.18575596816976,6.61352028402367,6.67675261946134,181
"183",2016,8,6.4741935483871,31,6.64210526315789,6.20833333333333,8,6.64285714285714,6.425,19,12,1,7,24,3178,1842,1336,378,852,2326,6.65796386721208,7.03720684039088,6.13508545658683,6.19055555555556,6.61376131455399,6.674155,182
"184",2016,9,6.94285714285714,21,6.875,7.03333333333333,7.75,8.5,6.68333333333333,12,9,2,3,18,3199,1854,1345,380,855,2344,6.65983406376993,7.0361569579288,6.14109603717472,6.19876315789474,6.62037969590643,6.67422548208191,183
"185",2016,10,6.00952380952381,21,6.74545454545455,5.2,5,5.73333333333333,6.05555555555556,11,10,3,3,18,3220,1865,1355,383,858,2362,6.65559290993789,7.03444235924933,6.13415067896679,6.18937336814621,6.61727813519813,6.66951080863675,184
"186",2016,11,6.75,18,6.9375,6.6,6.25,6.83333333333333,6.73333333333333,8,10,2,3,15,3238,1873,1365,385,861,2377,6.65611771772699,7.03402829684997,6.13756349450549,6.18968831168831,6.61803094076655,6.66991355910812,185
"187",2016,12,6.48333333333333,18,6.85,6.025,6.83333333333333,6.06666666666667,6.56666666666667,10,8,3,3,15,3256,1883,1373,388,864,2392,6.65516252149877,7.03305098247478,6.13690762563729,6.19466494845361,6.61611648148148,6.66926610785953,186
"188",2017,1,6.10666666666667,30,6.43333333333333,5.78,5.6,5.4,6.18518518518519,15,15,7,3,27,3286,1898,1388,395,867,2419,6.65015495130858,7.02831138040042,6.13305055475504,6.18412658227848,6.61190846597462,6.6638629723026,187
"189",2017,2,7.37941176470588,17,7.56363636363636,7.04166666666667,6.125,6.5,7.56785714285714,11,6,2,3,14,3303,1909,1394,397,870,2433,6.6539083166818,7.03139601885804,6.13696138450502,6.18382871536524,6.61152257471264,6.66906474722565,188
"190",2017,3,6.2,15,6.5,6.09090909090909,6,NA,6.2,4,11,5,0,15,3318,1913,1405,402,870,2448,6.6518562899337,7.03028489283848,6.13660083274021,6.18154228855721,6.61152257471264,6.66619057598039,189
"191",2017,4,6.36904761904762,21,6.45833333333333,6.25,6,6,6.55357142857143,12,9,2,7,14,3339,1925,1414,404,877,2462,6.65007761904762,7.02671948051948,6.1373226096181,6.18064356435644,6.60664155074116,6.66555017465475,190
"192",2017,5,7.03846153846154,26,7.41666666666667,6.1875,6.5,6.75,7.09090909090909,18,8,3,4,22,3365,1943,1422,407,881,2484,6.65307850520059,7.03033196088523,6.13760490154712,6.18299754299754,6.60729244040863,6.66931744363929,191
"193",2017,6,6.75882352941176,17,7.04444444444444,6.4375,6.33333333333333,6.83333333333333,6.74285714285714,9,8,3,3,14,3382,1952,1430,410,884,2498,6.65361004435245,7.03039702868853,6.13928263636364,6.18409756097561,6.60805954751131,6.66972959567654,192
"194",2017,7,5.95,10,6.75,4.75,6,7,5.6875,6,4,1,2,8,3392,1958,1434,411,886,2506,6.65153572228774,7.02953779366701,6.13540737099024,6.1836496350365,6.60894428893905,6.66659398643256,193
"195",2017,8,6.61428571428571,28,6.75384615384615,6.49333333333333,7.5,5.8,6.79130434782609,13,15,2,5,23,3420,1971,1449,413,891,2529,6.65123075146199,7.02771943176053,6.13911260869565,6.19002421307506,6.60440475869809,6.66772816528272,194
"196",2017,9,6.9125,16,7.09090909090909,6.52,NA,7.5,6.82857142857143,11,5,0,2,14,3436,1982,1454,413,893,2543,6.65244737194412,7.02807013118063,6.1404224002751,6.19002421307506,6.60641057110862,6.66861365709792,195
"197",2017,10,6.53333333333333,9,7.1,5.825,NA,4,6.85,5,4,0,1,8,3445,1987,1458,413,894,2551,6.65213618867925,7.02825113236034,6.13955704389575,6.19002421307506,6.6034951230425,6.66918248921991,196
"198",2017,11,6.91739130434783,23,7.32,6.1625,6.45,7,6.9,15,8,4,4,19,3468,2002,1466,417,898,2570,6.65389537773933,7.03043706293706,6.13968224420191,6.19251798561151,6.60526129175946,6.67088892217899,197
"199",2017,12,7.025,16,7.18181818181818,6.68,6.5,6.5,7.1,11,5,2,2,14,3484,2013,1471,419,900,2584,6.65559964695752,7.03126428216592,6.14151881033311,6.19398568019093,6.60502737777778,6.67321382739938,198
"200",2018,1,6.48115384615385,26,6.68944444444444,6.0125,7.25,6.48714285714286,6.47894736842105,18,8,2,7,19,3510,2031,1479,421,907,2603,6.65430745584046,7.02823485967504,6.1408209398242,6.19900237529691,6.60411757442117,6.67179582404917,199
"201",2018,2,6.74,20,7.19411764705882,4.16666666666667,4.5,6.83333333333333,6.7,17,3,2,6,14,3530,2048,1482,423,913,2617,6.65479296600567,7.02961181640625,6.13682467611336,6.19096926713948,6.6056239211391,6.67194670615208,200
"202",2018,3,6.9,22,7.39090909090909,6.40909090909091,6.4,6.125,7.07222222222222,11,11,5,4,18,3552,2059,1493,428,917,2635,6.65631170326577,7.0315420106848,6.13883065639652,6.19341121495327,6.60352741548528,6.67468103605313,201
"203",2018,4,6.875,8,7.75,6,6,NA,6.875,4,4,2,0,8,3560,2063,1497,430,917,2643,6.65680313764045,7.03293504604944,6.1384596993988,6.19251162790698,6.60352741548528,6.67528737419599,202
"204",2018,5,6.81538461538462,13,7.51428571428571,6,6.16666666666667,7,6.78181818181818,7,6,3,2,11,3573,2070,1503,433,919,2654,6.65738012034705,7.03456280193237,6.13790696606786,6.19233256351039,6.60439025027203,6.67572891107762,203
"205",2018,6,6.32692307692308,13,6.53571428571429,6.08333333333333,7,7,6.27083333333333,7,6,1,1,12,3586,2077,1509,434,920,2666,6.65618214445064,7.03288155994222,6.13768997349238,6.1941935483871,6.60482026086956,6.67390642535634,204
"206",2018,7,6.34,10,6.4,6.25,5.66666666666667,NA,6.34,6,4,3,0,10,3596,2083,1513,437,920,2676,6.65530288375973,7.0310585693711,6.1379868935889,6.19057208237986,6.60482026086956,6.67265864349776,205
"207",2018,8,6.16666666666667,18,6.75,5,5,6,6.1875,12,6,1,2,16,3614,2095,1519,438,922,2692,6.65286916712784,7.02944868735084,6.13349188281764,6.18785388127854,6.60350828633405,6.66977508543834,206
"208",2018,9,6.12740722222222,18,6.829333,5.25,3.5,6.33333333333333,6.086222,10,8,2,3,15,3632,2105,1527,440,925,2707,6.65026500550661,7.02849801900238,6.12886324165029,6.17563636363636,6.60263204324324,6.66654150720355,207
"209",2018,10,6.79041666666667,24,6.92307692307692,6.63363636363636,7.1,8.885,6.6,13,11,2,2,22,3656,2118,1538,442,927,2729,6.65118503829322,7.02785095845137,6.13247345253576,6.17981900452489,6.60755624595469,6.66600507878344,208
"210",2018,11,6.57692307692308,26,6.60714285714286,6.54166666666667,6.5,6.75,6.5625,14,12,5,2,24,3682,2132,1550,447,929,2753,6.65066064638783,7.02508833489681,6.1356414,6.18340044742729,6.60786290635091,6.66510274609517,209
"211",2018,12,5.79545454545455,22,5.69230769230769,5.94444444444444,6.375,5.08333333333333,6.0625,13,9,4,6,16,3704,2145,1559,451,935,2769,6.64558112850972,7.01701087645688,6.13453763309814,6.18509977827051,6.598079828877,6.66162075117371,210
"212",2019,1,6.65384615384615,26,7.13333333333333,6,5,6,6.80952380952381,15,11,3,5,21,3730,2160,1570,454,940,2790,6.64563873994638,7.0178186712963,6.13359501273885,6.17726872246696,6.59489855319149,6.662734,211
"213",2019,2,6.52272727272727,22,6.95833333333333,6,5.25,6.25,6.58333333333333,12,10,4,4,18,3752,2172,1580,458,944,2808,6.64491804371002,7.01749002302026,6.13274947468354,6.16917030567686,6.59343711864407,6.66222502136752,212
"214",2019,3,5.97894736842105,19,6.3125,5.73636363636364,5,5,6.03333333333333,8,11,5,1,18,3771,2180,1591,463,945,2826,6.64156258286926,7.01490290366973,6.13000890634821,6.15654427645788,6.59175094179894,6.6582193418259,213
"215",2019,4,6.85,24,6.88571428571429,6.8,6.33333333333333,6.86,6.84736842105263,14,10,6,5,19,3795,2194,1601,469,950,2845,6.64288076416337,7.01407854603464,6.13419373516552,6.15880597014925,6.59316277894737,6.65948255184534,214
"216",2019,5,6.70833333333333,12,6,7.0625,6,7,6.68181818181818,4,8,1,1,11,3807,2198,1609,470,951,2856,6.64308707643814,7.01223308917197,6.13880930391547,6.15846808510638,6.59359057833859,6.65956857843137,215
"217",2019,6,6.75625,16,7.01,6.33333333333333,6,6,6.86428571428571,10,6,3,2,14,3823,2208,1615,473,953,2870,6.64356068532566,7.01222297554348,6.13953199380805,6.15746300211416,6.5923448478489,6.66056719860627,216
"218",2019,7,6.91647058823529,17,7.86666666666667,5.8475,4.75,6.356,7.15,9,8,2,5,12,3840,2217,1623,475,958,2882,6.64476888020833,7.01569162381597,6.13809252618607,6.15153684210526,6.59111131524008,6.66260508674531,217
"219",2019,8,6.61818181818182,22,7.40909090909091,5.82727272727273,6,6,6.64761904761905,11,11,2,1,21,3862,2228,1634,477,959,2903,6.64461742620404,7.01763390035907,6.13600010403917,6.15090146750524,6.59049493222106,6.66249667929728,218
"220",2019,9,6.34347826086957,23,6.94,5.88461538461539,5.8,5.75,6.46842105263158,10,13,5,4,19,3885,2238,1647,482,963,2922,6.64283462033462,7.01728701072386,6.13401588949605,6.14726141078838,6.58700377985462,6.66123472279261,219
"221",2019,10,6.485,20,6.91333333333333,5.2,5,7.5,6.23125,15,5,1,4,16,3905,2253,1652,483,967,2938,6.64202624839949,7.01659490901021,6.13118896489104,6.14488612836439,6.59078039296794,6.65889307692307,220
"222",2019,11,6.53903225806452,31,7.26166666666667,5.53846153846154,5.75,7.5,6.47275862068966,18,13,4,2,29,3936,2271,1665,487,969,2967,6.64121506605691,7.01853735358873,6.12656106306306,6.14164271047228,6.59265700722394,6.65707376474553,221
"223",2019,12,6.04736842105263,19,6.35,5.71111111111111,5.5,4,6.16111111111111,10,9,2,1,18,3955,2281,1674,489,970,2985,6.63836219974716,7.01560645769399,6.12432746117085,6.13901840490798,6.58998416494845,6.65408303517588,222
"224",2020,1,6.64379310344828,29,6.63782608695652,6.66666666666667,NA,6.16666666666667,6.69884615384615,23,6,0,3,26,3984,2304,1680,489,973,3011,6.63840173192771,7.01183521267361,6.12626438690476,6.13901840490798,6.58867897225077,6.65446956492859,223
"225",2020,2,7.14625,16,7.02428571428571,8,NA,6.66666666666667,7.25692307692308,14,2,0,3,13,4000,2318,1682,489,976,3024,6.640433125,7.01191040983607,6.12849237217598,6.13901840490798,6.58891868852459,6.65705947751322,224
"226",2020,3,6.94736842105263,19,7.32727272727273,6.425,6.33333333333333,8,6.82352941176471,11,8,3,2,17,4019,2329,1690,492,978,3041,6.64188417516795,7.01339988407042,6.12989595857988,6.14020325203252,6.59180433537832,6.65799008878658,225
"227",2020,4,6.71136363636364,22,7.18928571428571,5.875,5.625,8,6.5825,14,8,4,2,20,4041,2343,1698,496,980,3061,6.64226243504083,7.01445084507042,6.12869503533569,6.13604838709677,6.59467820408163,6.65749685070238,226
"228",2020,5,6.50210526315789,19,6.50307692307692,6.5,5.75,6,6.59625,13,6,4,3,16,4060,2356,1704,500,983,3077,6.6416065270936,7.01162917232598,6.1300024471831,6.13296,6.59286331637843,6.65717837504062,227
"229",2020,6,6.5475,20,6.75,6.345,5,6.7,6.49666666666667,10,10,1,5,15,4080,2366,1714,501,988,3092,6.64114522058824,7.01052338546069,6.13125680863477,6.13069860279441,6.59340550607287,6.65639969598965,228
"230",2020,7,6.66171428571429,28,7.16635294117647,5.88181818181818,4.5,6.2,6.76208695652174,17,11,3,5,23,4108,2383,1725,504,993,3115,6.64128541869523,7.01163505245489,6.12966618550725,6.12099206349206,6.591424612286,6.65718005136436,229
"231",2020,8,5.75,12,6.6,5.14285714285714,4.66666666666667,NA,5.75,5,7,3,0,12,4120,2388,1732,507,993,3127,6.63868944174757,7.01077317001675,6.12567792725173,6.1123865877712,6.591424612286,6.65369870802686,230
"232",2020,9,6.75,12,7.42857142857143,5.8,7,8.125,6.0625,7,5,1,4,8,4132,2395,1737,508,997,3135,6.63901270571152,7.01199429227558,6.12474045480714,6.11413385826772,6.59757737211635,6.65219006698564,231
"233",2020,10,6.98125,16,7.39090909090909,6.08,7.2,7.9,6.76923076923077,11,5,2,3,13,4148,2406,1742,510,1000,3148,6.64033281099325,7.01372665419784,6.12461203788749,6.11839215686275,6.60148464,6.65267339898348,232
"234",2020,11,6.45714285714286,28,6.63888888888889,6.13,NA,7.575,6.27083333333333,18,10,0,4,24,4176,2424,1752,510,1004,3172,6.63910452586207,7.01094320544555,6.12464279109589,6.11839215686275,6.60536318725099,6.64978431904161,233
"235",2020,12,5.98214285714286,28,6.36666666666667,5.53846153846154,5.5,4.5,6.09615384615385,15,13,7,2,26,4204,2439,1765,517,1006,3198,6.63472894862036,7.00698086510865,6.12032530878187,6.11001934235977,6.60117757455268,6.64528325828643,234
"236",2021,1,6.94695652173913,23,7.0847619047619,5.5,NA,8.5,6.79904761904762,21,2,0,2,21,4227,2460,1767,517,1008,3219,6.63642784480719,7.0076448495935,6.11962318619128,6.11001934235977,6.60494507936508,6.64628638086362,235
"237",2021,2,6.85294117647059,17,6.95833333333333,6.6,5.5,7,6.83333333333333,12,5,2,2,15,4244,2472,1772,519,1010,3234,6.63729512252592,7.00740547330097,6.12097865124153,6.10766859344894,6.60572736633663,6.64715394557823,236
"238",2021,3,6.94975,12,7.03609090909091,6,NA,7.46566666666667,6.77777777777778,11,1,0,3,9,4256,2483,1773,519,1013,3243,6.63817610432331,7.00753255336287,6.12091041737169,6.10766859344894,6.60827407699901,6.64751645390071,237
"239",2021,4,7.05384615384615,13,7.075,6.8,NA,9,6.89166666666667,12,1,0,1,12,4269,2495,1774,519,1014,3255,6.63944190676974,7.00785704609219,6.12129321871477,6.10766859344894,6.61063278106509,6.648416546851,238
"240",2021,5,6.08333333333333,6,7.5,4.66666666666667,4.5,4,6.5,3,3,2,1,5,4275,2498,1777,521,1015,3260,6.63866140350877,7.00844809047238,6.11883746201463,6.10149712092131,6.60806072906404,6.64818891411043,239
"241",2021,6,5.57,10,6.74,4.4,2,NA,5.57,5,5,2,0,10,4285,2503,1782,523,1015,3270,6.6361674445741,7.00791183779465,6.11401468574635,6.08581261950287,6.60806072906404,6.64489170030581,240
"242",2021,7,6.7,15,7.25,6.07142857142857,6,7.5,6.64285714285714,8,7,1,1,14,4300,2511,1789,524,1016,3284,6.63639011627907,7.00868312624453,6.11384805477921,6.08564885496183,6.60893862204724,6.64488302679659,241
"243",2021,8,6.57,15,6.955,5.8,5.75,6.5,6.5875,10,5,2,3,12,4315,2521,1794,526,1019,3296,6.63615932792584,7.00847018246728,6.11297333890747,6.08437262357414,6.60861789990186,6.64467410800971,242
"244",2021,9,6.375,16,6.875,5.875,6.66666666666667,6,6.42857142857143,8,8,3,2,14,4331,2529,1802,529,1021,3310,6.63519452782267,7.00804797548438,6.11191685349611,6.08767485822306,6.60742570029383,6.64376007854985,243
"245",2021,10,6.64933333333333,15,6.43428571428571,6.8375,6.75,6.75,6.63384615384615,7,8,2,2,13,4346,2536,1810,531,1023,3323,6.63524332719742,7.00646424684543,6.11512385082873,6.09016949152542,6.60770443792766,6.64372129401143,244
"246",2021,11,6.52666666666667,15,6.79,6,6,6.75,6.44545454545455,10,5,1,4,11,4361,2546,1815,532,1027,3334,6.63486986929603,7.00561403377848,6.11480670523416,6.09,6.60825865628043,6.64306714457109,245
"247",2021,12,5.67826086956522,23,6.07142857142857,5.06666666666667,6,2,6.02857142857143,14,9,1,2,21,4384,2560,1824,533,1029,3355,6.62985116332117,7.00050520703125,6.10963496162281,6.08983114446529,6.59930188532556,6.63922082265276,246
"248",2022,1,6.44,30,6.57647058823529,6.26153846153846,6.425,6,6.50769230769231,17,13,4,4,26,4414,2577,1837,537,1033,3381,6.62856082917988,6.99770792782305,6.11070994556342,6.09232774674115,6.59698125847047,6.63820936409346,247
"249",2022,2,6.52666666666667,15,6.925,6.07142857142857,6,6.25,6.56923076923077,8,7,3,2,13,4429,2585,1844,540,1035,3394,6.62821573718672,6.99748291295938,6.110560829718,6.09181481481482,6.59631076328502,6.63794515615793,248
"250",2022,3,6.61111111111111,18,6.66666666666667,6.33333333333333,7.25,7.08333333333333,6.51666666666667,15,3,1,3,15,4447,2600,1847,541,1038,3409,6.62814650326063,6.99557435769231,6.11092266919329,6.09395563770795,6.59771834296724,6.63741151657378,249
"251",2022,4,6.93823529411765,17,7.542,6.07571428571429,7,7.84333333333333,6.74428571428571,10,7,1,3,14,4464,2610,1854,542,1041,3423,6.62932739695341,6.99766794252874,6.11078973570658,6.09562730627306,6.60130801152738,6.63784862985685,250
"252",2022,5,6.42307692307692,13,6.5625,6.2,NA,7.5,6.33333333333333,8,5,0,1,12,4477,2618,1859,542,1042,3435,6.6287285012285,6.99633817035906,6.11102967724583,6.09562730627306,6.60217047984645,6.6367848209607,251
"253",2022,6,6.025,16,6.73333333333333,5.6,5,6.6,5.94285714285714,6,10,2,2,14,4493,2624,1869,544,1044,3449,6.62657856665925,6.99573678734756,6.10829543606207,6.09159926470588,6.60216632183908,6.63396806610612,252
"254",2022,7,6.5,10,7.33333333333333,5.25,4,8,6.33333333333333,6,4,1,1,9,4503,2630,1873,545,1045,3458,6.62629746835443,6.99650696958175,6.10646245061399,6.08776146788991,6.60350396172249,6.63318561596298,253
"255",2022,8,6.8952380952381,21,7.13076923076923,6.5125,6.775,7.23333333333333,6.83888888888889,13,8,4,3,18,4524,2643,1881,549,1048,3476,6.62754586648983,6.99716735906168,6.10818935140883,6.09276867030965,6.60530690839694,6.63425082278481,254
