"","year","month","avg_rating","no_ratings","avg_rating_owned","avg_rating_not_owned","avg_rating_prev_owned","avg_rating_comment","avg_rating_no_comment","no_ratings_owned","no_ratings_not_owned","no_ratings_prev_owned","no_ratings_comment","no_ratings_no_comment","cum_no_ratings","cum_no_ratings_owned","cum_no_ratings_not_owned","cum_no_ratings_prev_owned","cum_no_ratings_comment","cum_no_ratings_no_comment","cum_avg_rating","cum_avg_rating_owned","cum_avg_rating_not_owned","cum_avg_rating_prev_owned","cum_avg_rating_comment","cum_avg_rating_no_comment","month_after_release"
"1",2008,5,7.25,1,NA,7.25,NA,7.25,NA,0,1,0,1,0,1,0,1,0,1,0,7.25,NA,7.25,NA,7.25,NA,-1
"2",2008,6,7.625,4,8,7.25,NA,8,7.25,2,2,0,2,2,5,2,3,0,3,2,7.55,8,7.25,NA,7.75,7.25,0
"3",2008,7,9.33333333333333,3,10,9,NA,10,9,1,2,0,1,2,8,3,5,0,4,4,8.21875,8.66666666666667,7.95,NA,8.3125,8.125,1
"4",2008,8,7,4,NA,7,NA,5.5,8.5,0,4,0,2,2,12,3,9,0,6,6,7.8125,8.66666666666667,7.52777777777778,NA,7.375,8.25,2
"5",2008,9,7.8,5,9,7.5,NA,8,7.75,1,4,0,1,4,17,4,13,0,7,10,7.80882352941176,8.75,7.51923076923077,NA,7.46428571428571,8.05,3
"6",2008,10,8.22537313432836,67,8.6452380952381,7.52,8.2,7.98076923076923,8.38048780487805,42,25,5,26,41,84,46,38,5,33,51,8.14107142857143,8.65434782608696,7.51973684210526,8.2,7.87121212121212,8.3156862745098,4
"7",2008,11,8.36795492957746,355,8.7354126984127,7.46893203883495,7.84375,8.170992,8.475,252,103,16,125,230,439,298,141,21,158,281,8.32454214123007,8.72289932885906,7.48262411347518,7.92857142857143,8.10837974683544,8.44608540925267,5
"8",2008,12,8.15943396226415,318,8.42863849765258,7.61333333333333,8.1304347826087,8.03876404494382,8.20633187772926,213,105,23,89,229,757,511,246,44,247,510,8.25518361955086,8.60024266144814,7.53841463414634,8.03409090909091,8.08329554655871,8.33843137254902,6
"9",2009,1,8.19271232876712,365,8.48964285714286,7.53053097345133,7.68888888888889,8.12731481481481,8.22019455252918,252,113,18,108,257,1122,763,359,62,355,767,8.23486096256684,8.56371428571429,7.53593314763231,7.93387096774194,8.09668732394366,8.29881355932203,7
"10",2009,2,8.15383561643836,365,8.484375,7.5192,7.65909090909091,7.98876404494382,8.20706521739131,240,125,22,89,276,1487,1003,484,84,444,1043,8.21497242770679,8.5447298105683,7.53161157024793,7.86190476190476,8.07505405405406,8.27453499520614,8
"11",2009,3,8.07160120845921,331,8.43653846153846,7.45447154471545,7.44736842105263,7.98059701492537,8.09469696969697,208,123,19,67,264,1818,1211,607,103,511,1307,8.18886908690869,8.52614698596201,7.5159802306425,7.78543689320388,8.06266927592955,8.23820964039786,9
"12",2009,4,8.03041666666667,360,8.51488372093023,7.31206896551724,7.14285714285714,8.13532608695652,7.99440298507463,215,145,21,92,268,2178,1426,752,124,603,1575,8.16267860422406,8.52444880785414,7.47666223404255,7.67661290322581,8.07375456053068,8.19672380952381,10
"13",2009,5,8.05706349206349,378,8.38238683127572,7.47148148148148,7.08,7.67523809523809,8.16615646258503,243,135,25,84,294,2556,1669,887,149,687,1869,8.14705946791862,8.50376512881965,7.47587373167982,7.57651006711409,8.02502765647744,8.19191546281434,11
"14",2009,6,8.15716783216783,286,8.52027777777778,7.54056603773585,7.47826086956522,7.85806451612903,8.23995535714286,180,106,23,62,224,2842,1849,993,172,749,2093,8.14807670654469,8.50537263385614,7.48277945619335,7.56337209302326,8.01120694259012,8.19705685618729,12
"15",2009,7,8.06287128712871,404,8.42261904761905,7.46644736842105,7.04444444444444,7.47326732673267,8.25940594059406,252,152,36,101,303,3246,2101,1145,208,850,2396,8.137471965496,8.49544693003332,7.48061135371179,7.47355769230769,7.94728705882353,8.20494156928214,13
"16",2009,8,8.07276422764228,369,8.38076923076923,7.53888888888889,7.81896551724138,7.9046511627907,8.12385159010601,234,135,29,86,283,3615,2335,1280,237,936,2679,8.13086694329184,8.48395460385439,7.4867578125,7.51582278481013,7.94336965811966,8.19637551325121,14
"17",2009,9,7.94200501253133,399,8.33504098360656,7.32329032258064,7.20441176470588,7.69082474226804,8.0226821192053,244,155,34,97,302,4014,2579,1435,271,1033,2981,8.11209367214748,8.46986583947266,7.46910104529617,7.47675276752768,7.91965537270087,8.17877893324388,15
"18",2009,10,7.93132608695652,460,8.25971786833856,7.18836879432624,7.71153846153846,7.88636363636364,7.94365650969529,319,141,26,99,361,4474,2898,1576,297,1132,3342,8.0935078229772,8.44673360938578,7.4439847715736,7.4973063973064,7.91674381625442,8.15338120885697,16
"19",2009,11,7.95535714285714,504,8.32745398773006,7.27387640449438,7.40909090909091,7.80761904761905,7.99423558897243,326,178,33,105,399,4978,3224,1754,330,1237,3741,8.07952069104058,8.43467245657568,7.42672177879133,7.48848484848485,7.90748100242522,8.1364073777065,17
"20",2009,12,8.04407456043956,546,8.39011142061281,7.37975780748663,6.92444444444444,7.85775177966102,8.09544392523365,359,187,45,118,428,5524,3583,1941,375,1355,4169,8.07601714518465,8.430207647223,7.42219717156105,7.4208,7.9031503394834,8.13220196689854,18
"21",2010,1,7.91139130434783,644,8.27950804597701,7.14521531100478,7.10744680851064,7.68029197080292,7.9738382642998,435,209,47,137,507,6168,4018,2150,422,1492,4676,8.05882858463035,8.4138924838228,7.39527195813953,7.38590047393365,7.88268680294906,8.11503122326775,19
"22",2010,2,7.88021582733813,417,8.36098484848485,7.05065359477124,7.28571428571429,7.68277777777778,7.93455657492355,264,153,28,90,327,6585,4282,2303,450,1582,5003,8.04751779954442,8.41063054647361,7.37237720798958,7.37966666666667,7.87131397597977,8.10323525884469,20
"23",2010,3,8.01712328767123,365,8.31859504132231,7.4239837398374,7.35806451612903,7.76776315789474,8.08269896193772,242,123,31,76,289,6950,4524,2426,481,1658,5292,8.04592154100719,8.40570733863837,7.37499369744435,7.37827442827443,7.86656737635706,8.10211375661376,21
"24",2010,4,8.00544846796657,359,8.34753086419753,7.28884482758621,6.91111111111111,7.83116883116883,8.05303546099291,243,116,27,77,282,7309,4767,2542,508,1735,5574,8.04393360377617,8.40274176631005,7.37106243509048,7.35344488188976,7.86499637463977,8.09963078579117,22
"25",2010,5,7.89344827586207,290,8.22704081632653,7.19787234042553,7.072,7.83584905660377,7.90632911392405,196,94,25,53,237,7599,4963,2636,533,1788,5811,8.03819064482169,8.39580294176909,7.36488646054628,7.34024390243902,7.86413238814318,8.091747031492,23
"26",2010,6,7.87417218543046,302,8.29974358974359,7.09859813084112,7.02333333333333,7.68591549295775,7.93203463203463,195,107,30,71,231,7901,5158,2743,563,1859,6042,8.03192136564992,8.39217138425746,7.35449898286548,7.32335701598579,7.85732582571275,8.08564084740152,24
"27",2010,7,8.15398089171975,314,8.37938596491228,7.55639534883721,7.29333333333333,8.30625,8.115,228,86,15,64,250,8215,5386,2829,578,1923,6292,8.03658681801582,8.39163015224656,7.36063651820431,7.32257785467128,7.8722666198648,8.08680737444374,25
"28",2010,8,7.78058823529412,340,8.17224770642202,7.08073770491803,7.10344827586207,7.76447368421053,7.78522727272727,218,122,29,76,264,8555,5604,2951,607,1999,6556,8.02641270718878,8.3830960028551,7.34906496441884,7.31210873146623,7.86816843921961,8.07466320927395,26
"29",2010,9,8.00457424242424,330,8.40049772727273,7.21272727272727,7.14583333333333,7.7618768115942,8.06873563218391,220,110,24,69,261,8885,5824,3061,631,2068,6817,8.0256015993247,8.38375334821428,7.34416553740608,7.30578446909667,7.86462195841393,8.07443626228546,27
"30",2010,10,7.88198847262248,347,8.23790322580645,6.99040404040404,7.18214285714286,7.8467032967033,7.89453125,248,99,28,91,256,9232,6072,3160,659,2159,7073,8.0202036622617,8.37779636034255,7.33308250316456,7.300531107739,7.86386670217693,8.06792478439135,28
"31",2010,11,7.76316476495727,468,8.17478342372881,7.06127167630058,7.13181818181818,7.60473684210526,7.80351504021448,295,173,44,95,373,9700,6367,3333,703,2254,7446,8.00780219793814,8.36839023244856,7.31897411041104,7.28997155049787,7.85294507985803,8.05467943996777,29
"32",2010,12,7.91336032388664,494,8.20348837209302,7.248,7.28222222222222,7.77946428571429,7.95261780104712,344,150,45,112,382,10194,6711,3483,748,2366,7828,8.00322555620954,8.35993750707793,7.31591751650876,7.28950534759358,7.84946669907016,8.04969891543178,30
"33",2011,1,7.99318936877076,602,8.35685096153846,7.17983870967742,6.88297872340426,7.97018348623853,7.99827586206897,416,186,47,109,493,10796,7127,3669,795,2475,8321,8.00266592441645,8.35975734670969,7.30901899972745,7.26547169811321,7.85478311515152,8.04665221848335,31
"34",2011,2,8.0210799086758,438,8.41949134948097,7.24832214765101,7.08333333333333,7.92929473684211,8.04650145772595,289,149,42,95,343,11234,7416,3818,837,2570,8664,8.00338386327221,8.36208516855447,7.30665026453641,7.2563321385902,7.85753743579767,8.04664625,32
"35",2011,3,7.81155717761557,411,8.19615384615385,7.05072463768116,7.11702127659574,7.58513513513514,7.86127596439169,273,138,47,74,337,11645,7689,3956,884,2644,9001,7.9966135096608,8.35619373260502,7.29772262639029,7.24892533936652,7.84991346822996,8.03970593378513,33
"36",2011,4,7.91490765171504,379,8.32396694214876,7.19233576642336,7.21617647058823,7.97898550724638,7.90064516129032,242,137,34,69,310,12024,7931,4093,918,2713,9311,7.99403811709914,8.35521039087126,7.29419514048375,7.24771241830065,7.85319617029119,8.03507605090753,34
"37",2011,5,7.83396739130435,368,8.15284552845528,7.19098360655738,7.00606060606061,7.58157894736842,7.89965753424658,246,122,33,76,292,12392,8177,4215,951,2789,9603,7.98928456423499,8.34912236883943,7.2912077603796,7.23932702418507,7.84579462531373,8.03095835780485,35
"38",2011,6,7.93007692307692,364,8.22210358565737,7.28141592920354,6.81481481481481,7.65579710144928,7.99423050847458,251,113,27,69,295,12756,8428,4328,978,2858,9898,7.98759503919724,8.34533953607024,7.29095210489834,7.22760736196319,7.84120756123163,8.02986372095373,36
"39",2011,7,8.00763888888889,360,8.31966527196653,7.39132231404959,7.44285714285714,7.89605263157895,8.0375,239,121,28,76,284,13116,8667,4449,1006,2934,10182,7.98814519060689,8.34463154609438,7.29368188581704,7.23359840954274,7.84262822426721,8.03007671479081,37
"40",2011,8,7.76923076923077,429,8.03967741935484,7.06470588235294,6.43513513513513,7.48586956521739,7.84658753709199,310,119,37,92,337,13545,8977,4568,1043,3026,10519,7.98121168844592,8.33410065834911,7.28771688047285,7.20527325023969,7.83178162921348,8.02419822321513,38
"41",2011,9,7.82840579710145,345,8.16153846153846,7.12612612612613,7.22666666666667,7.51639344262295,7.89542253521127,234,111,30,61,284,13890,9211,4679,1073,3087,10803,7.9774162937365,8.32971681793508,7.28388346014105,7.20587138863001,7.82554946873988,8.02081283995186,39
"42",2011,10,7.72290640394089,406,8.148828125,6.996,7.09,7.51666666666667,7.77195121951219,256,150,40,78,328,14296,9467,4829,1113,3165,11131,7.9701883268047,8.32482535227633,7.27494112859805,7.20170709793351,7.81793719115324,8.01347957146707,40
"43",2011,11,7.76565392354125,497,8.15281818181818,7.00059880239521,7.15294117647059,7.7029347826087,7.7799012345679,330,167,51,92,405,14793,9797,4996,1164,3257,11536,7.96331659027919,8.31903150045932,7.26577075860688,7.1995704467354,7.81468873503224,8.00527922243412,41
"44",2011,12,7.86397849462366,465,8.20546875,7.11034482758621,7.23076923076923,7.61976744186047,7.91939313984169,320,145,39,86,379,15258,10117,5141,1203,3343,11915,7.96028918075764,8.315439518632,7.2613870278156,7.20058187863674,7.80967430750823,8.0025473025598,42
"45",2012,1,7.84116279069767,645,8.26117647058824,7.02977272727273,6.69076923076923,7.63237704918033,7.88986615678776,425,220,65,122,523,15903,10542,5361,1268,3465,12438,7.95545760674087,8.31325190760766,7.25188224398433,7.17444794952681,7.80343180663781,7.99780922254381,43
"46",2012,2,7.91166666666667,462,8.28421926910299,7.21515527950311,6.96818181818182,7.59659090909091,7.98580213903743,301,161,44,88,374,16365,10843,5522,1312,3553,12812,7.95422134555454,8.31244596606105,7.25081142883013,7.16753048780488,7.79830881227132,7.99745871916952,44
"47",2012,3,7.77198492462312,398,8.16849816849817,6.906,7.01176470588235,7.70564516129032,7.78422619047619,273,125,34,62,336,16763,11116,5647,1346,3615,13148,7.94989454870847,8.30891072418136,7.24317880467505,7.16359583952452,7.79671956016597,7.99200951551566,45
"48",2012,4,7.76662404092072,391,8.16590909090909,6.93661417322835,6.93333333333333,7.50625,7.83360128617363,264,127,48,80,311,17154,11380,5774,1394,3695,13459,7.94571716917337,8.30559328734622,7.23643586941462,7.15566714490674,7.79043063870095,7.98834914258117,46
"49",2012,5,7.77054812834225,374,8.07040816326531,7.20104651162791,7.1875,7.68115942028986,7.79077049180328,245,129,32,69,305,17528,11625,5903,1426,3764,13764,7.94197953674121,8.30063669763441,7.23566249534135,7.15638148667602,7.78842752656748,7.98397094667248,47
"50",2012,6,7.77058114285714,350,8.14556525423729,6.99429824561404,6.78928571428571,7.44867931034483,7.83452054794521,236,114,28,58,292,17878,11861,6017,1454,3822,14056,7.9386240474326,8.29755121912149,7.2310895313279,7.14931224209078,7.7832717451596,7.9808662571144,48
"51",2012,7,7.77276119402985,402,8.19830188679245,6.94963503649635,7.05135135135135,7.73310810810811,7.78170731707317,265,137,37,74,328,18280,12126,6154,1491,3896,14384,7.93497651641138,8.29538223734125,7.22482380727982,7.14688128772636,7.78231894507187,7.97632481298665,49
"52",2012,8,7.80276649746193,394,8.20256,7.10868055555556,6.80487804878049,7.36147540983607,7.8836036036036,250,144,41,61,333,18674,12376,6298,1532,3957,14717,7.93218703652137,8.29350719214609,7.22216826135281,7.13772845953003,7.77583133939853,7.97422682000407,50
"53",2012,9,7.71595441595442,351,8.086875,6.91396396396396,6.81578947368421,7.7796511627907,7.69528301886792,240,111,38,86,265,19025,12616,6409,1570,4043,14982,7.92819767253614,8.289576332435,7.2168303495085,7.12993630573248,7.77591259213455,7.96929289213723,51
"54",2012,10,7.76109027777778,432,8.07081694915254,7.09416058394161,7.07777777777778,7.55853658536585,7.80854571428571,295,137,45,82,350,19457,12911,6546,1615,4125,15332,7.92448741943773,8.28457795755557,7.21426301710968,7.12848297213622,7.77159142060606,7.96562334398643,52
"55",2012,11,7.75916492693111,479,8.08198170731707,7.05794701986755,6.52941176470588,7.56461538461538,7.79700748129676,328,151,34,78,401,19936,13239,6697,1649,4203,15733,7.9205152347512,8.27955857768714,7.21073849634164,7.11613098847786,7.7677503235784,7.96132569185787,53
"56",2012,12,7.68973541666667,480,8.093509375,6.8821875,6.71282051282051,7.48390804597701,7.73530025445293,320,160,39,87,393,20416,13559,6857,1688,4290,16126,7.91508937695925,8.27516771222066,7.20307214671139,7.10681279620853,7.76199408158508,7.95581732047625,54
"57",2013,1,7.83367709064327,684,8.16444906444906,7.04992674876847,7.01176470588235,7.46283185840708,7.90706677758319,481,203,51,113,571,21100,14040,7060,1739,4403,16697,7.91245022985782,8.27137457336182,7.19866867422096,7.10402530189764,7.75431628662276,7.95415016110678,55
"58",2013,2,7.77141327623126,467,8.09044585987261,7.11666666666667,6.97948717948718,7.45978260869565,7.84786666666667,314,153,39,92,375,21567,14354,7213,1778,4495,17072,7.90939629294756,8.2674166789745,7.19692927214751,7.10129358830146,7.74828801112347,7.95181555998125,56
"59",2013,3,7.69152941176471,442,8.04660211267606,7.05329746835443,6.791,7.48820512820513,7.7350989010989,284,158,50,78,364,22009,14638,7371,1828,4573,17436,7.90502093916125,8.26313253244979,7.19385047347714,7.09280634573304,7.74385187185655,7.94729130763936,57
"60",2013,4,7.72045454545455,440,7.96730769230769,7.26201298701299,7.19512195121951,7.50731343283582,7.7587399463807,286,154,41,67,373,22449,14924,7525,1869,4640,17809,7.90140344113324,8.25746341530421,7.19524542724252,7.09505082932049,7.74043633836207,7.94334220001123,58
"61",2013,5,7.72219451371571,401,8.02996108949416,7.17291666666667,7.25116279069767,7.43125,7.78586626139818,257,144,43,72,329,22850,15181,7669,1912,4712,18138,7.89825846170678,8.25361201567749,7.19482616247229,7.09856171548117,7.73571192911715,7.94048578895137,59
"62",2013,6,7.84197435897436,390,8.17958646616541,7.11774193548387,6.63833333333333,7.78482142857143,7.85155688622755,266,124,30,56,334,23240,15447,7793,1942,4768,18472,7.89731393502582,8.25233728296757,7.19359962017195,7.09145211122554,7.73628871854027,7.9388778280641,60
"63",2013,7,7.6037982832618,466,7.9560409556314,7.00722543352601,7.02857142857143,7.29885057471264,7.67379947229551,293,173,42,87,379,23706,15740,7966,1984,4855,18851,7.8915441597064,8.24682172871664,7.18955207632438,7.09012096774194,7.72844997116375,7.93354841865153,61
"64",2013,8,7.5943949044586,471,7.88282208588957,6.94593103448276,6.81372549019608,7.57894736842105,7.5973670886076,326,145,51,76,395,24177,16066,8111,2035,4931,19246,7.88575529842412,8.23943570334869,7.18519687338183,7.0831941031941,7.72614573311701,7.92664871869479,62
"65",2013,9,7.60995717344754,467,7.8641935483871,7.10796178343949,6.55217391304348,7.36911764705882,7.65100250626566,310,157,46,68,399,24644,16376,8268,2081,4999,19645,7.88052896648271,8.23233231619443,7.18373026608611,7.07145603075444,7.72128917983597,7.92105020310511,63
"66",2013,10,7.53926940639269,438,7.90551724137931,6.82162162162162,6.2421052631579,7.43765432098765,7.56232492997199,290,148,38,81,357,25082,16666,8416,2119,5080,20002,7.87456964556255,8.22664550642026,7.17736238593156,7.05658329400661,7.71676665551181,7.91464759724027,64
"67",2013,11,7.51780392156863,510,7.77988668555241,6.92853503184713,6.52415094339623,7.06352941176471,7.60865882352941,353,157,53,85,425,25592,17019,8573,2172,5165,20427,7.86745998163489,8.21737904753511,7.17280553365216,7.04359116022099,7.70601638141336,7.90828125715964,65
"68",2013,12,7.69012345679012,486,7.94628482972136,7.18251533742331,6.86304347826087,7.63897058823529,7.69844497607655,323,163,46,68,418,26078,17342,8736,2218,5233,20845,7.86415506748984,8.21232983565909,7.1729867032967,7.03984670874662,7.70514515765335,7.9040734583833,66
"69",2014,1,7.68261658031088,772,7.97593692022263,7.00407725321888,7.02222222222222,7.84739583333333,7.65921597633136,539,233,54,96,676,26850,17881,8969,2272,5329,21521,7.85893541340782,8.20520407191991,7.16859871111606,7.03942781690141,7.70770775192344,7.89638219599461,67
"70",2014,2,7.56768958333333,528,7.95294645892351,6.79057142857143,6.625,7.46785714285714,7.59044209302326,353,175,46,98,430,27378,18234,9144,2318,5427,21951,7.85331857513332,8.20032050619721,7.16136393700787,7.03120362381363,7.7033765634789,7.89038910937998,68
"71",2014,3,7.70365296803653,438,8.04090909090909,7.06907894736842,7.01,7.88947368421053,7.6758530183727,286,152,40,57,381,27816,18520,9296,2358,5484,22332,7.85096189063848,8.19785875323974,7.15985497418244,7.03084393553859,7.70531083333333,7.88672896919219,69
"72",2014,4,7.57850122850123,407,7.94820717131474,6.98365384615385,6.87169811320755,7.41231884057971,7.61242603550296,251,156,53,69,338,28223,18771,9452,2411,5553,22670,7.84703277291571,8.194520489585,7.15694687261955,7.02734549979262,7.70167019809112,7.88263922981914,70
"73",2014,5,7.58236363636364,385,7.90124,6.99185185185185,6.7,7.20212765957447,7.63523668639053,250,135,45,47,338,28608,19021,9587,2456,5600,23008,7.84347091547819,8.19066579622522,7.15462207572755,7.02134771986971,7.69747760892857,7.87900475226008,71
"74",2014,6,7.54451796460177,339,7.88288888888889,6.87668061403509,6.79459459459459,7.6629768852459,7.51852517985612,225,114,37,61,278,28947,19246,9701,2493,5661,23286,7.83996986008913,8.18706765613634,7.15135588392949,7.01798235058163,7.69710584702349,7.87470116550717,72
"75",2014,7,7.50123711340206,485,7.86452145214521,6.89642857142857,6.83203125,7.40774647887324,7.51727053140097,303,182,64,71,414,29432,19549,9883,2557,5732,23700,7.83438799741778,8.1820683467185,7.14666127997571,7.01332811888933,7.69352166782973,7.86845744050633,73
"76",2014,8,7.48621444201313,457,7.8771986970684,6.686,6.62,7.55923076923077,7.47410714285714,307,150,45,65,392,29889,19856,10033,2602,5797,24092,7.82906445648901,8.17735465904513,7.13977408850792,7.00652574942352,7.69201590477833,7.86204098206873,74
"77",2014,9,7.6176368159204,402,8.00789682539683,6.962,7.13333333333333,7.29507936507937,7.67758112094395,252,150,45,63,339,30291,20108,10183,2647,5860,24431,7.82625854346175,8.17523095832504,7.13715539919473,7.00868152625614,7.68774849829351,7.85948145143465,75
"78",2014,10,7.50509661835749,414,7.8769776119403,6.82246575342466,6.70863636363636,7.33785714285714,7.54766666666667,268,146,44,84,330,30705,20376,10329,2691,5944,24761,7.82192827031428,8.17130811297605,7.13270727369542,7.00377554812338,7.68280386944818,7.85532576794152,76
"79",2014,11,7.43250521920668,479,7.84829581993569,6.66279761904762,6.61808510638298,7.42050632911392,7.434875,311,168,47,79,400,31184,20687,10497,2738,6023,25161,7.8159465604156,8.1664520766665,7.1251865704487,6.99715485756027,7.67936347335215,7.84864160168515,77
"80",2014,12,7.55506172839506,567,7.89696569920844,6.86579787234043,6.7125,7.4,7.58393305439331,379,188,56,89,478,31751,21066,10685,2794,6112,25639,7.81128775597619,8.16160372685844,7.1206226888161,6.99144953471725,7.6752955170157,7.84370651507469,78
"81",2015,1,7.6107026348808,797,7.92942379182156,6.94864864864865,6.77101449275362,7.61459459459459,7.61007288629738,538,259,69,111,686,32548,21604,10944,2863,6223,26325,7.80637604583999,8.15582179735234,7.11655276224415,6.98613691931541,7.67421279125823,7.83761828452042,79
"82",2015,2,7.64561643835616,511,7.97076219512195,7.06284153005465,6.795,7.53380281690141,7.66365909090909,328,183,50,71,440,33059,21932,11127,2913,6294,26765,7.80389115036753,8.15305417244209,7.11566940145592,6.98285616203227,7.67262888465205,7.83475850326919,80
"83",2015,3,7.58983572895277,487,7.91748366013072,7.03591160220994,6.66486486486486,7.44315068493151,7.61570048309179,306,181,37,73,414,33546,22238,11308,2950,6367,27179,7.8007836266619,8.14981266795575,7.11439276883622,6.97886779661017,7.66999783257421,7.83142173516318,81
"84",2015,4,7.59110869565217,460,7.97109589041096,6.93065476190476,6.88625,7.70161290322581,7.57389447236181,292,168,40,62,398,34006,22530,11476,2990,6429,27577,7.79794734870317,8.14749640967598,7.1117029827466,6.97762876254181,7.67030272204075,7.82770502012547,82
"85",2015,5,7.538125,432,7.89160583941606,6.92512658227848,6.73543859649123,7.20845070422535,7.60296398891967,274,158,57,71,361,34438,22804,11634,3047,6500,27938,7.79468806376677,8.14442177293457,7.10916911036617,6.97309812930752,7.66525787692307,7.82480103586513,83
"86",2015,6,7.42469849246231,398,7.86620553359684,6.65434482758621,6.71063829787234,7.44561403508772,7.42120234604106,253,145,47,57,341,34836,23057,11779,3094,6557,28279,7.79046094672178,8.14136895996877,7.10357020375244,6.96911118293472,7.6633485130395,7.8199342741964,84
"87",2015,7,7.5755980861244,418,7.88361204013378,6.80168067226891,6.49117647058824,7.45196078431373,7.59277929155313,299,119,34,51,367,35254,23356,11898,3128,6608,28646,7.78791335848414,8.13806919463949,7.10055080097495,6.96391624040921,7.66171703995157,7.81702406409272,85
"88",2015,8,7.55783400809717,494,7.9047197640118,6.79916129032258,6.32813953488372,6.97794117647059,7.65039906103286,339,155,43,68,426,35748,23695,12053,3171,6676,29072,7.78473390231621,8.13473070732222,7.09667497137642,6.95529485966572,7.65475227681246,7.81458246216291,86
"89",2015,9,7.47118686868687,396,7.885140562249,6.77,6.65116279069767,7.44918032786885,7.47519402985075,249,147,43,61,335,36144,23944,12200,3214,6737,29407,7.78129862605135,8.13213515327431,7.0927388057377,6.95122588674549,7.65289093068131,7.81071620158466,87
"90",2015,10,7.40987234042553,470,7.77272435897436,6.69335443037975,6.74561403508772,7.21611111111111,7.44492462311558,312,158,57,72,398,36614,24256,12358,3271,6809,29805,7.77653076801224,8.12751212524736,7.08763258051465,6.94764292265363,7.64827231605228,7.80583161684281,88
"91",2015,11,7.41927710843374,581,7.78804945054945,6.80069124423963,6.59913793103448,7.48642857142857,7.4100782778865,364,217,58,70,511,37195,24620,12575,3329,6879,30316,7.77095033042076,8.12249326198213,7.08268098846918,6.94157104235506,7.64662541067015,7.79916088336192,89
"92",2015,12,7.439720653789,673,7.73687962962963,6.90705394190871,6.73013698630137,7.26091954022989,7.4662662116041,432,241,73,87,586,37868,25052,12816,3402,6966,30902,7.76506362997782,8.11584368952579,7.07937838873283,6.93703409758966,7.64180824002297,7.79284814380946,90
"93",2016,1,7.48492443324937,794,7.8359842519685,6.86136363636364,6.59277108433735,7.51535353535354,7.48058992805755,508,286,83,99,695,38662,25560,13102,3485,7065,31597,7.75931042211991,8.11028153794992,7.0746194039078,6.9288350071736,7.64003626326964,7.78597978732158,91
"94",2016,2,7.49793499043977,523,7.9185671641791,6.74840425531915,6.53474576271186,7.22071428571429,7.54077262693157,335,188,59,70,453,39185,25895,13290,3544,7135,32050,7.75582185887457,8.1078013558602,7.07000477276147,6.92227426636569,7.63592238262088,7.78251398876755,92
"95",2016,3,7.44865900383142,522,7.87645161290323,6.82311320754717,7.07333333333333,7.52032786885246,7.43917570498915,310,212,66,61,461,39707,26205,13502,3610,7196,32511,7.75178380487068,8.10506453386758,7.06612823507628,6.92503601108033,7.63494249583101,7.77764551505644,93
"96",2016,4,7.53590601092896,549,7.94399550561798,6.78316062176166,6.79068965517241,7.31123373493976,7.57592274678112,356,193,58,83,466,40256,26561,13695,3668,7279,32977,7.74883972426471,8.10290570799292,7.06214044760862,6.92291166848419,7.63125135320785,7.77479495830427,94
"97",2016,5,7.67597989949749,597,7.99333333333333,7.02174358974359,6.96630434782609,7.60954022988506,7.6873137254902,402,195,46,87,510,40853,26963,13890,3714,7366,33487,7.74777499669547,8.10127205837629,7.06157332109431,6.92344911147012,7.63099492261743,7.77346263744139,95
"98",2016,6,7.5610092936803,538,7.964527696793,6.85123076923077,6.845,7.5212987012987,7.5676420824295,343,195,52,77,461,41391,27306,14085,3766,7443,33948,7.74534741707134,8.09955436570717,7.05866123038694,6.92236590547,7.62986008329974,7.77066767821374,96
"99",2016,7,7.48177137870855,573,7.81520718232044,6.90971563981043,6.64830508474576,7.39060344827586,7.49203883495146,362,211,59,58,515,41964,27668,14296,3825,7501,34463,7.74174840196359,8.09583405052769,7.05646288682149,6.91813856209151,7.62801007865618,7.76650397063517,97
"100",2016,8,7.54735549132948,692,7.84544419134396,7.0301185770751,6.67857142857143,7.47529411764706,7.55744645799012,439,253,77,85,607,42656,28107,14549,3902,7586,35070,7.73859480354464,8.09192324011812,7.05600477214929,6.91341107124552,7.62629891906143,7.76288555289421,98
"101",2016,9,7.48031129508197,610,7.875,6.871832875,6.440625,7.17558139534884,7.53032421755725,370,240,48,86,524,43266,28477,14789,3950,7672,35594,7.73495330814034,8.08910476911191,7.05301597944418,6.90766582278481,7.62124655891553,7.75946188205877,99
"102",2016,10,7.41533280254777,628,7.77555303030303,6.80047413793103,6.77321428571429,7.26534090909091,7.43977592592593,396,232,56,88,540,43894,28873,15021,4006,7760,36134,7.73038043536702,8.08480433311398,7.04911545968977,6.90578632051922,7.61721051546391,7.75468437565727,100
"103",2016,11,7.42854439592431,687,7.76229357798165,6.84880478087649,6.5406779661017,7.52291666666667,7.41749593495935,436,251,59,72,615,44581,29309,15272,4065,7832,36749,7.72572909602746,8.08000667064724,7.04582329229963,6.90048708487085,7.61634366700715,7.74904147677488,101
"104",2016,12,7.48482142857143,728,7.91907024793388,6.62344262295082,6.34672131147541,7.38161290322581,7.49993700787402,484,244,61,93,635,45309,29793,15516,4126,7925,37384,7.72185832461542,8.07739218977612,7.03918105955143,6.8923000484731,7.61358909779179,7.74481021907768,102
"105",2017,1,7.52908474576271,885,7.89374781085814,6.86595541401274,6.75934065934066,7.28457943925234,7.56271208226221,571,314,91,107,778,46194,30364,15830,4217,8032,38162,7.71816510434256,8.07393872711105,7.03574499810486,6.88943087502964,7.609206125498,7.7410978258477,103
"106",2017,2,7.4179012345679,648,7.83166259168704,6.70983263598326,6.68181818181818,7.39840909090909,7.42096428571429,409,239,66,88,560,46842,30773,16069,4283,8120,38722,7.71401133235131,8.07071866603841,7.03089758665754,6.88623161335513,7.60692162561576,7.7364680344507,104
"107",2017,3,7.52323475609756,656,7.84618850574713,6.88755656108597,6.67631578947368,7.14426229508197,7.56208739495798,435,221,57,61,595,47498,31208,16290,4340,8181,39317,7.71137649648406,8.06758899993591,7.02895293554328,6.88347465437788,7.60347189830094,7.73382906198336,105
"108",2017,4,7.55115462184874,595,7.90279545454545,6.85140703517588,6.56382978723404,7.43683333333333,7.56397570093458,396,199,47,60,535,48093,31604,16489,4387,8241,39852,7.70939425342566,8.06552412700924,7.02681019588817,6.88005014816504,7.60225865792986,7.73154883644485,106
"109",2017,5,7.41896988906498,631,7.7406015037594,6.86581896551724,6.84805970149254,7.20579710144928,7.44514234875445,399,232,67,69,562,48724,32003,16721,4454,8310,40414,7.70563311366062,8.06147312783177,7.0245764798756,6.87956892680737,7.59896673886883,7.72756604716187,107
"110",2017,6,7.43816443594646,523,7.76496913580247,6.90608040201005,6.59,7.390625,7.44479302832244,324,199,50,64,459,49247,32327,16920,4504,8374,40873,7.70279261335716,8.05850139233458,7.02318282033097,6.87635435168739,7.59737444470981,7.72439053238079,108
"111",2017,7,7.44965201465201,546,7.77987841945289,6.94898617511521,6.79285714285714,7.43819444444444,7.45139240506329,329,217,56,72,474,49793,32656,17137,4560,8446,41347,7.70001682626072,8.05569434437776,7.0222432934586,6.87532894736842,7.59601747572815,7.72126089510726,109
"112",2017,8,7.49038474295191,603,7.85888250652742,6.84886363636364,6.57307692307692,7.47944117647059,7.49177570093458,383,220,52,68,535,50396,33039,17357,4612,8514,41882,7.69750852904992,8.05341283059415,7.02004570605519,6.87192107545534,7.59508639887244,7.71832945489709,110
"113",2017,9,7.47622980251346,557,7.81706586826347,6.9657399103139,6.47555555555556,7.36785714285714,7.48834331337325,334,223,45,56,501,50953,33373,17580,4657,8570,42383,7.69508958903303,8.05104744883589,7.01935684414107,6.8680910457376,7.59360158693115,7.71561083995941,111
"114",2017,10,7.37554438860972,597,7.68400537634409,6.86555555555556,6.725,7.49435483870968,7.36177570093458,372,225,44,62,535,51550,33745,17805,4701,8632,42918,7.69138893947624,8.04700123010817,7.01741327267621,6.86675175494576,7.59288873957367,7.71120006127965,112
"115",2017,11,7.4658504398827,682,7.8598753117207,6.90355871886121,6.77352941176471,7.54887640449438,7.45338954468803,401,281,68,89,593,52232,34146,18086,4769,8721,43511,7.68844405402818,8.04480368154396,7.01564432820966,6.86542252044454,7.59243958261667,7.70768642940865,113
"116",2017,12,7.5379940564636,673,7.9115421686747,6.93713178294574,6.70435483870968,7.56115384615385,7.53495798319328,415,258,62,78,595,52905,34561,18344,4831,8799,44106,7.68653019242038,8.04320351002575,7.01454008504143,6.86335541295798,7.59216224570974,7.70535628327211,114
"117",2018,1,7.51886069075452,941,7.8524262295082,6.90413265861027,6.53166116883117,7.42842105263158,7.52901644208038,610,331,77,95,846,53846,35171,18675,4908,8894,44952,7.68360003974297,8.03989470046345,7.01258319839357,6.85815157090465,7.59041326737126,7.70203755428012,115
"118",2018,2,7.44808652246256,601,7.82571815718157,6.84745689655172,6.7127868852459,7.38314285714286,7.45664783427495,369,232,61,70,531,54447,35540,18907,4969,8964,45483,7.6810003809209,8.03767097664603,7.0105570016396,6.8563670577581,7.58879468987059,7.69917270496669,116
"119",2018,3,7.39156667272727,550,7.69894764350453,6.92698630136986,6.769,7.28038461538462,7.40646736082474,331,219,50,65,485,54997,35871,19126,5019,9029,45968,7.67810588595742,8.03454540380809,7.0096000852243,6.85549669456067,7.58657443792225,7.69608442416463,117
"120",2018,4,7.50043672447014,519,7.7917643030303,6.99176952380952,7,7.43214285714286,7.50869688984881,330,189,38,56,463,55516,36201,19315,5057,9085,46431,7.67644491804165,8.03233226706445,7.00942561066528,6.85658254103223,7.58562252063841,7.69421583575628,118
"121",2018,5,7.50121579925651,538,7.82523897280967,6.98309178743961,6.52444444444444,7.61353527272727,7.48842579710145,331,207,45,55,483,56054,36532,19522,5102,9140,46914,7.67476308862882,8.03045588798861,7.00914638203053,6.85365305958448,7.5857904857768,7.69209713795455,119
"122",2018,6,7.42279176201373,437,7.74337209302326,6.96072625698324,6.59826086956522,7.45038461538462,7.41906493506494,258,179,46,52,385,56491,36790,19701,5148,9192,47299,7.67281390256855,8.0284426338679,7.00870644485051,6.8513710003885,7.58502448215839,7.68987473582951,120
"123",2018,7,7.52059774261603,474,7.83939873417722,6.88299575949367,6.45454545454545,7.01847826086957,7.57456385514019,316,158,33,46,428,56965,37106,19859,5181,9238,47727,7.67154732730624,8.02683270899585,7.00770627926884,6.84884344914109,7.58220340333405,7.68884066587047,121
"124",2018,8,7.44448347222222,504,7.78735067278287,6.81105084745763,6.74537037037037,7.41591836734694,7.44755971428571,327,177,54,49,455,57469,37433,20036,5235,9287,48182,7.66955598966399,8.02474068789571,7.00596900578958,6.84777610506208,7.58132605146979,7.68656216284089,122
"125",2018,9,7.45556791111111,450,7.83791424561404,6.79515151515151,6.7025641025641,7.52115384615385,7.44699889447236,285,165,39,52,398,57919,37718,20201,5274,9339,48580,7.66789341545952,8.02332901346837,7.00424706697688,6.84670229616989,7.58099100974408,7.6845994995883,123
"126",2018,10,7.41871090252708,554,7.74269694524496,6.8756038647343,6.88644444444444,7.7252702739726,7.37218525987526,347,207,45,73,481,58473,38065,20408,5319,9412,49061,7.6655325461324,8.02077077551557,7.00294222853783,6.84703852415868,7.5821100478113,7.6815365524551,124
"127",2018,11,7.51669571428571,574,7.86108214492754,6.99786026200873,7.08490566037736,7.57661290322581,7.5094401171875,345,229,53,62,512,59047,38410,20637,5372,9474,49573,7.66408569292259,8.01933644649831,7.00288583611959,6.84938531459419,7.58207407325311,7.67975910556149,125
"128",2018,12,7.49110329225352,568,7.75257225433526,7.0835886036036,6.65924528301887,7.6006,7.48053411196911,346,222,53,50,518,59615,38756,20859,5425,9524,50091,7.66243755061646,8.01695486918155,7.00374474663215,6.84752772534562,7.58217133242335,7.6776988842307,126
"129",2019,1,7.41745388663968,741,7.82589519650655,6.75644286219081,6.52754098360656,7.74958904109589,7.38115767964072,458,283,61,73,668,60356,39214,21142,5486,9597,50759,7.65942984806813,8.01472338731065,7.00043444328824,6.84396972475392,7.58344480254246,7.67379633444315,127
"130",2019,2,7.47097247706422,545,7.83622418879056,6.86990291262136,6.93809523809524,7.54666666666667,7.46160824742268,339,206,42,60,485,60901,39553,21348,5528,9657,51244,7.65774335249011,8.01319351022678,6.99917486415589,6.84468486070912,7.58321629595112,7.671788075482,128
"131",2019,3,7.58762204545455,528,7.90683469135802,7.08063725490196,6.9046511627907,7.61796875,7.58343629310345,324,204,43,64,464,61429,39877,21552,5571,9721,51708,7.65714063960019,8.01232934649046,6.99994594469191,6.84514771315742,7.58344509515482,7.6709952537325,129
"132",2019,4,7.44529175050302,497,7.81391003460208,6.933125,6.98333333333333,7.61346153846154,7.4256404494382,289,208,54,52,445,61926,40166,21760,5625,9773,52153,7.6554404022543,8.01090169172932,6.99930721507353,6.84647429511111,7.58360480609843,7.66890174256514,130
"133",2019,5,7.3669844789357,451,7.71432330827068,6.86756756756757,6.79375,7.562,7.34266832917706,266,185,48,50,401,62377,40432,21945,5673,9823,52554,7.6533547998461,8.00895051815394,6.99819662793347,6.84602818790763,7.58349483558994,7.66641250104654,131
"134",2019,6,7.38273706896552,464,7.84083333333333,6.71021276595745,6.48482142857143,7.31094339622642,7.39199513381995,276,188,56,53,411,62841,40708,22133,5729,9876,52965,7.6513566357951,8.00781068463201,6.99575046310938,6.84249745330773,7.58203217598218,7.66428306579816,132
"135",2019,7,7.55971125265393,471,7.90355555555556,7.01857923497268,6.56530612244898,7.26065573770492,7.60420487804878,288,183,49,61,410,63312,40996,22316,5778,9937,53375,7.65067485389816,8.00707828446678,6.99593766804087,6.84014674800969,7.58005935091074,7.66382157526932,133
"136",2019,8,7.52016844974446,587,7.99361747126437,6.8307949790795,6.84367346938776,7.51327868852459,7.52096745247148,348,239,49,61,526,63899,41344,22555,5827,9998,53901,7.64947597348941,8.00696498234327,6.9941877632454,6.84017640466793,7.57965190738147,7.66242751451735,134
"137",2019,9,7.39833948339483,542,7.81404320987654,6.78050458715596,6.63793103448276,7.49791666666667,7.38866396761134,324,218,58,48,494,64441,41668,22773,5885,10046,54395,7.64736371611241,8.00546487064414,6.99214222983357,6.83818316227698,7.57926137467649,7.65994127144039,135
"138",2019,10,7.38916847826087,552,7.753971875,6.88599137931034,6.83518518518519,7.38575409836066,7.38959266802444,320,232,54,61,491,64993,41988,23005,5939,10107,54886,7.6451708065484,8.00354818591026,6.99107172353836,6.83815590335073,7.57809347679826,7.65752278285901,136
"139",2019,11,7.48081250865052,578,7.84602825443787,6.966467,6.71929824561404,7.35396825396825,7.49632937864078,338,240,57,63,515,65571,42326,23245,5996,10170,55401,7.64372200911989,8.00229028918396,6.99081768466337,6.83702600233489,7.57670509046214,7.6560243513655,137
"140",2019,12,7.53564673913043,690,7.87627227171492,6.90103734439834,6.8765625,7.45069444444444,7.54554409385113,449,241,64,72,618,66261,42775,23486,6060,10242,56019,7.64259658185056,8.00096750508475,6.98989640977603,6.83744354950495,7.57581925112283,7.65480553633588,138
"141",2020,1,7.39997193722944,924,7.81285238095238,6.80358907407407,6.48289473684211,7.14796116504854,7.43158839220463,546,378,76,103,821,67185,43321,23864,6136,10345,56840,7.63925974815807,7.99859657971884,6.9869453465471,6.83305213657106,7.57155928177864,7.65158137596762,139
"142",2020,2,7.47921520061728,648,7.85369371657754,6.96806569343066,6.89894736842105,7.57,7.46909339622642,374,274,38,65,583,67833,43695,24138,6174,10410,57423,7.63773086300179,7.9973563080444,6.98673103612561,6.83345771137026,7.5715495456292,7.64972862546366,140
"143",2020,3,7.48064205342237,599,7.8114383090379,7.0374267578125,6.82720588235294,7.34090909090909,7.49476946691177,343,256,68,55,544,68432,44038,24394,6242,10465,57967,7.63635583089783,7.9959082433353,6.9872630564893,6.8333896042935,7.57033738843765,7.64827438801387,141
"144",2020,4,7.55165120593692,539,7.84415094339623,7.13076923076923,7.18888888888889,7.83095238095238,7.51468487394958,318,221,36,63,476,68971,44356,24615,6278,10528,58443,7.63569387452698,7.99482025475697,6.98855149299207,6.8354281474992,7.57189691964286,7.64718634310353,142
"145",2020,5,7.57909659926471,544,7.88511972049689,7.13522522522523,6.92021276595745,7.71862947368421,7.56276523613963,322,222,47,57,487,69515,44678,24837,6325,10585,58930,7.63525096410847,7.99402962912396,6.98986250352297,6.83605816758893,7.57268707132735,7.64648868352282,143
"146",2020,6,7.47570371111111,450,7.76692015209125,7.06613192513369,6.77992760869565,7.4875,7.47416248743719,263,187,46,52,398,69965,44941,25024,6371,10637,59328,7.63422479010934,7.99270055784251,6.99043245164642,6.83565289279548,7.57227062611639,7.64533263872033,144
"147",2020,7,7.51796927855711,499,7.9201572327044,6.81136281767956,6.73947368421053,7.38730158730159,7.53685016055046,318,181,38,63,436,70464,45259,25205,6409,10700,59764,7.633401511552,7.99219085198524,6.98914653203729,6.83508263067561,7.57118155607477,7.64454121979787,145
"148",2020,8,7.34439715667311,517,7.69826453968254,6.79257425742574,6.53958333333333,7.37142857142857,7.34064610132159,315,202,48,63,454,70981,45574,25407,6457,10763,60218,7.63129650807963,7.99015928160794,6.98758367142913,6.83288595013164,7.57001232463068,7.64225007124115,146
"149",2020,9,7.44446666,500,7.88831017361111,6.84150943396226,6.60178571428571,7.34935483870968,7.45792997716895,288,212,56,62,438,71481,45862,25619,6513,10825,60656,7.62998965837076,7.98951969887925,6.98637489129162,6.83089890680178,7.56874851270208,7.64091908665259,147
"150",2020,10,7.47548623853211,545,7.86344155844156,6.97130801687764,6.67131147540984,7.14454545454545,7.51263265306122,308,237,61,55,490,72026,46170,25856,6574,10880,61146,7.62882057548663,7.98867863179554,6.98623678604579,6.82941809857012,7.56660410386029,7.63989104961894,148
"151",2020,11,7.4330800149925,667,7.81252321518987,6.88205036764706,6.43981818181818,7.30847457627119,7.44517166118421,395,272,55,59,608,72693,46565,26128,6629,10939,61754,7.62702454349112,7.98718434661226,6.98515217544396,6.82618563584251,7.56521187037206,7.63797393674903,149
"152",2020,12,7.4791664167916,667,7.77315949760766,6.98563586345382,6.71566037735849,7.37554929577465,7.49151006711409,418,249,53,71,596,73360,46983,26377,6682,11010,62350,7.62568019547437,7.98528020283933,6.98515674147932,6.82530897635438,7.56398879654859,7.63657389719326,150
"153",2021,1,7.43995331695332,814,7.72984765625,6.94847682119205,6.64054794520548,7.23124324324324,7.46082432432432,512,302,73,74,740,74174,47495,26679,6755,11084,63090,7.62364199234233,7.98252661901253,6.98474153341579,6.82331229903775,7.56176729068928,7.63451248200982,151
"154",2021,2,7.44748567010309,582,7.7354476,7.01306034482759,6.61,7.69046875,7.41746459459459,350,232,41,64,518,74756,47845,26911,6796,11148,63608,7.62227055754722,7.980719164594,6.98498567017204,6.82202539434962,7.56250615805526,7.63274492438058,152
"155",2021,3,7.54934489402697,519,7.85178913738019,7.08980582524272,6.545,7.75744680851064,7.52862288135593,313,206,40,47,472,75275,48158,27117,6836,11195,64080,7.62176775556294,7.97988119170231,6.98578195854998,6.82040441486249,7.56332457793658,7.63197798299001,153
"156",2021,4,7.458149092827,474,7.70769615646259,7.05055555555556,6.36111111111111,7.12083333333333,7.49615650234742,294,180,36,48,426,75749,48452,27297,6872,11243,64506,7.62074391041466,7.97822961074878,6.98620908414844,6.81799833818394,7.56143543982923,7.63108101292903,154
"157",2021,5,7.4538682231405,484,7.82607299638989,6.95579710144928,6.58805555555556,7.5625,7.44300504545455,277,207,36,44,440,76233,48729,27504,6908,11287,64946,7.61968442393714,7.97736467647602,6.98598019815299,6.81680002605675,7.56143958979357,7.62980682474671,155
"158",2021,6,7.39624312941176,425,7.77605828897338,6.77962962962963,6.88787878787879,6.78809523809524,7.46293297650131,263,162,33,42,383,76658,48992,27666,6941,11329,65329,7.61844564194213,7.9762840188194,6.98477189944336,6.81713795994813,7.55857257039456,7.62882850449264,156
"159",2021,7,7.498491675,400,7.85126782051282,7.00120481927711,6.786,7.733,7.46499048571429,234,166,25,50,350,77058,49226,27832,6966,11379,65679,7.61782297347453,7.97568974363141,6.98486991125323,6.81702621016365,7.55933901485192,7.62795542014951,157
"160",2021,8,7.51297563926941,438,7.94974258687259,6.88100558659218,6.41058823529412,7.7641269047619,7.48633838383838,259,179,34,42,396,77496,49485,28011,7000,11421,66075,7.61723038634252,7.97555393856724,6.98420618221413,6.81505208285714,7.56009210927239,7.62710668240635,158
"161",2021,9,7.47549804705882,425,7.6979948046875,7.13846153846154,6.72352941176471,7.03,7.53489778666667,256,169,34,50,375,77921,49741,28180,7034,11471,66450,7.61645734384826,7.97412543615931,6.98513127643719,6.8146096929201,7.5577815343039,7.62658631617757,159
"162",2021,10,7.35068201219512,492,7.72087240740741,6.90045045045045,6.59772727272727,7.40546875,7.34248960280374,270,222,44,64,428,78413,50011,28402,7078,11535,66878,7.61478974455766,7.97275817060247,6.98446938138159,6.81326145521334,7.55693645253576,7.62476817877329,160
"163",2021,11,7.5187712248996,498,7.93559631921824,6.84879581151832,6.64857142857143,7.56521739130435,7.51404440265487,307,191,35,46,452,78911,50318,28593,7113,11581,67330,7.61418378058826,7.97253143884892,6.98356308781869,6.81245108674258,7.55696934461618,7.62402486751819,161
"164",2021,12,7.38597158590308,681,7.68461207161125,6.98332182758621,6.80909090909091,7.306875,7.39650024958403,391,290,55,80,601,79592,50709,28883,7168,11661,67931,7.61223116594633,7.97031138969414,6.98356066544334,6.81242530412946,7.55525357859532,7.62201190884868,162
"165",2022,1,7.49225962343096,956,7.84213695271454,6.97335064935065,6.86521739130435,7.54274025974026,7.48783754266212,571,385,69,77,879,80548,51280,29268,7237,11738,68810,7.61080725977057,7.96888417433697,6.98342635984693,6.81292864170236,7.55517149258818,7.62029792442959,163
"166",2022,2,7.43257956448911,597,7.8097667638484,6.92322834645669,6.34897959183674,7.28070175438596,7.44861111111111,343,254,49,57,540,81145,51623,29522,7286,11795,69350,7.60949600295767,7.96782694651609,6.98290843100061,6.80980847927532,7.55384510216193,7.61896106964672,164
"167",2022,3,7.48908494208494,518,7.90951186440678,6.93291479820628,6.91030303030303,7.45208333333333,7.49286382978723,295,223,33,48,470,81663,51918,29745,7319,11843,69820,7.60873221850777,7.96749559805848,6.98253362581946,6.8102615903812,7.55343265895466,7.61811223403036,165
"168",2022,4,7.47065476190476,504,7.77794349152542,7.03692186602871,6.55540540540541,7.02692307692308,7.52170353982301,295,209,37,52,452,82167,52213,29954,7356,11895,70272,7.60788527218956,7.96642464118132,6.98291311243907,6.80897968733007,7.55113097772173,7.61749211890938,166
"169",2022,5,7.49347912524851,503,7.80474048442907,7.0731308411215,6.76111111111111,7.36547619047619,7.5051409978308,289,214,36,42,461,82670,52502,30168,7392,11937,70733,7.60718917575904,7.96553464229934,6.98355308174224,6.80874656114719,7.55047775655525,7.61675987417471,167
"170",2022,6,7.5371717791411,489,7.91065313653137,7.07288990825688,6.69857142857143,7.73323529411765,7.51434246575342,271,218,28,51,438,83159,52773,30386,7420,11988,71171,7.60677745235032,7.96525281469691,6.98419401599421,6.80833080592992,7.55125525358692,7.61612957777746,168
"171",2022,7,7.5076861167002,497,7.85222222222222,7.06674311926606,6.82794117647059,7.31,7.52979865771812,279,218,34,50,447,83656,53052,30604,7454,12038,71618,7.60618875107583,7.96465838780819,6.98478203404783,6.8084202548967,7.55025319654428,7.61559074785668,169
"172",2022,8,7.52562449799197,498,7.83326523297491,7.13369863013699,6.65277777777778,7.70492727272727,7.50336343115124,279,219,36,55,443,84154,53331,30823,7490,12093,72061,7.60571199420111,7.96397100729407,6.98584009895208,6.80767217356475,7.55095666749359,7.61490082263637,170
