"","year","month","avg_rating","no_ratings","avg_rating_owned","avg_rating_not_owned","avg_rating_prev_owned","avg_rating_comment","avg_rating_no_comment","no_ratings_owned","no_ratings_not_owned","no_ratings_prev_owned","no_ratings_comment","no_ratings_no_comment","cum_no_ratings","cum_no_ratings_owned","cum_no_ratings_not_owned","cum_no_ratings_prev_owned","cum_no_ratings_comment","cum_no_ratings_no_comment","cum_avg_rating","cum_avg_rating_owned","cum_avg_rating_not_owned","cum_avg_rating_prev_owned","cum_avg_rating_comment","cum_avg_rating_no_comment","month_after_release"
"1",2008,8,6.99285714285714,14,8.21428571428571,5.77142857142857,NA,6.4,7.32222222222222,7,7,0,5,9,14,7,7,0,5,9,6.99285714285714,8.21428571428571,5.77142857142857,NA,6.4,7.32222222222222,0
"2",2008,9,8.40833333333333,24,8.88461538461539,7.84545454545455,7.5,7.42857142857143,8.81176470588235,13,11,2,7,17,38,20,18,2,12,26,7.88684210526316,8.65,7.03888888888889,7.5,7,8.29615384615385,1
"3",2008,10,7.775,12,8.96,6.92857142857143,6.65,7.7,8,5,7,2,9,3,50,25,25,4,21,29,7.86,8.712,7.008,7.075,7.3,8.26551724137931,2
"4",2008,11,7.73935042735043,117,8.75166666666667,6.67375438596491,7.5,7.21666666666667,8.06602777777778,60,57,4,45,72,167,85,82,8,66,101,7.77547305389221,8.74,6.77565853658537,7.2875,7.24318181818182,8.12330693069307,3
"5",2008,12,8.09908333333333,180,8.5507264957265,7.26031746031746,7.7,7.84354838709677,8.23334745762712,117,63,10,62,118,347,202,145,18,128,219,7.94334005763689,8.63037128712871,6.98623448275862,7.51666666666667,7.533984375,8.18259817351598,4
"6",2009,1,8.15366795366795,259,8.6819018404908,7.25677083333333,8.11111111111111,7.88901098901099,8.29702380952381,163,96,18,91,168,606,365,241,36,219,387,8.03323267326733,8.65338356164384,7.094,7.81388888888889,7.68150684931507,8.23227131782946,5
"7",2009,2,7.88413461538462,208,8.38108108108108,7.31546391752577,8.59090909090909,7.63134328358209,8.00425531914894,111,97,11,67,141,814,476,338,47,286,528,7.99513390663391,8.58988445378151,7.15755621301775,7.99574468085106,7.66975524475525,8.17138068181818,6
"8",2009,3,7.85182186234818,247,8.60336134453781,7.153125,8.025,7.84126984126984,7.8554347826087,119,128,16,63,184,1061,595,466,63,349,712,7.96177097078228,8.59257983193277,7.15633905579399,8.0031746031746,7.70071633237822,8.08973174157303,7
"9",2009,4,7.78766949152542,236,8.58303571428571,7.06927419354839,7.52941176470588,7.57380952380952,7.86554913294798,112,124,17,63,173,1297,707,590,80,412,885,7.93009175019275,8.59106789250353,7.1380406779661,7.9025,7.68131067961165,8.04590847457627,8
"10",2009,5,7.65222535211268,213,8.27163461538461,7.06122935779817,8.09333333333333,7.65489285714286,7.65127388535032,104,109,15,56,157,1510,811,699,95,468,1042,7.89089602649007,8.55010480887793,7.12606294706724,7.93263157894737,7.67814957264957,7.98644817658349,9
"11",2009,6,7.67230392156863,204,8.29,7.18464912280702,7.134375,7.89148936170213,7.60668789808917,90,114,16,47,157,1714,901,813,111,515,1199,7.86487922987165,8.52412319644839,7.13427798277983,7.81756756756757,7.69761941747573,7.93672143452877,10
"12",2009,7,7.97755102040816,196,8.54905660377358,7.30444444444444,7.56666666666667,7.67439024390244,8.05774193548387,106,90,15,41,155,1910,1007,903,126,556,1354,7.87644136125654,8.52674776564052,7.15123809523809,7.78769841269841,7.69590647482014,7.9505753323486,11
"13",2009,8,7.93020833333333,192,8.69777777777778,7.25294117647059,7.40476190476191,7.82244897959184,7.96713286713287,90,102,21,49,143,2102,1097,1005,147,605,1497,7.88135252140818,8.54077939835916,7.16156019900497,7.73299319727891,7.70615537190083,7.95215698062792,12
"14",2009,9,7.90959183673469,245,8.53617886178862,7.27786885245902,7.56363636363636,7.646875,8.0024861878453,123,122,22,64,181,2347,1220,1127,169,669,1678,7.88430038346826,8.54031557377049,7.17415084294587,7.71094674556213,7.70048430493274,7.95758581644815,13
"15",2009,10,7.83594470046083,217,8.51293103448276,7.05841584158416,7.19615384615385,8.09811320754717,7.75121951219512,116,101,13,53,164,2564,1336,1228,182,722,1842,7.88020787831513,8.5379378742515,7.1646319218241,7.67417582417582,7.72967313019391,7.93921226927253,14
"16",2009,11,7.77648305084746,236,8.41895161290322,7.06517857142857,7.26923076923077,7.82894736842105,7.75977653631285,124,112,13,57,179,2800,1460,1340,195,779,2021,7.87146535714286,8.52783219178082,7.15631940298507,7.64717948717949,7.73693709884467,7.92331964374072,15
"17",2009,12,7.81666666666667,237,8.47906976744186,7.02546296296296,6.875,7.75483870967742,7.83857142857143,129,108,24,62,175,3037,1589,1448,219,841,2196,7.86718900230491,8.52387350534928,7.14655939226519,7.56255707762557,7.73825683709869,7.9165660291439,16
"18",2010,1,7.85,296,8.5986301369863,7.12133333333333,7.55555555555556,7.75909090909091,7.87608695652174,146,150,27,66,230,3333,1735,1598,246,907,2426,7.86566246624662,8.53016426512969,7.1441914893617,7.56178861788618,7.73977287761852,7.91272835943941,17
"19",2010,2,7.70053191489362,188,8.40707070707071,6.91460674157303,7.23333333333333,7.18285714285714,7.81895424836601,99,89,15,35,153,3521,1834,1687,261,942,2579,7.85684549843794,8.52351962922574,7.1320794309425,7.54291187739464,7.71908067940552,7.90716518030244,18
"20",2010,3,7.66979695431472,197,8.34040404040404,6.99234693877551,8.06923076923077,7.72363636363636,7.64894366197183,99,98,13,55,142,3718,1933,1785,274,997,2721,7.8469346422808,8.51414123124677,7.12440784313725,7.56788321167883,7.71933199598796,7.8936894524072,19
"21",2010,4,7.83012048192771,166,8.3555,7.03409090909091,7.40625,7.66625,7.88214285714286,100,66,16,40,126,3884,2033,1851,290,1037,2847,7.84621601441813,8.50633792424988,7.12118746623447,7.55896551724138,7.71728447444552,7.89317843343871,20
"22",2010,5,7.75436241610738,149,8.26976744186046,7.05079365079365,7.5625,7.48214285714286,7.81735537190083,86,63,16,28,121,4033,2119,1914,306,1065,2968,7.8428224646665,8.49673666823974,7.11887042842215,7.55915032679739,7.71110234741784,7.89008726415094,21
"23",2010,6,7.64717741935484,124,8.21029411764706,6.96339285714286,6.75,7.38636363636364,7.70343137254902,68,56,12,22,102,4157,2187,1970,318,1087,3070,7.83698652874669,8.48783036122542,7.11445076142132,7.52861635220126,7.70452989880405,7.88388566775244,22
"24",2010,7,7.76920289855072,138,8.39675324675325,6.97704918032787,6.84705882352941,7.6,7.81036036036036,77,61,17,27,111,4295,2264,2031,335,1114,3181,7.83480861466822,8.48473277385159,7.1103239783358,7.49402985074627,7.70199640933573,7.88132002514932,23
"25",2010,8,7.74049079754601,163,8.50344827586207,6.8671052631579,7.41111111111111,7.96388888888889,7.67716535433071,87,76,9,36,127,4458,2351,2107,344,1150,3308,7.8313600269179,8.4854253509145,7.10155102040816,7.49186046511628,7.7101947826087,7.87348216444982,24
"26",2010,9,7.91408450704225,142,8.49320987654321,7.14508196721312,7.25,7.55555555555556,8.03584905660377,81,61,8,36,106,4600,2432,2168,352,1186,3414,7.83391369565217,8.48568462171053,7.1027758302583,7.48636363636364,7.70550084317032,7.87852343292326,25
"27",2010,10,7.775,152,8.47272727272727,7.05866666666667,7,7.3343137254902,7.99752475247525,77,75,15,51,101,4752,2509,2243,367,1237,3515,7.83202925084175,8.48528696691909,7.1013009362461,7.46648501362398,7.69019725141471,7.88194281650071,26
"28",2010,11,7.87209302325581,215,8.52435897435898,7.09336734693878,7.5375,8.03306451612903,7.80686274509804,117,98,16,62,153,4967,2626,2341,383,1299,3668,7.83376343869539,8.48702779893374,7.10096881674498,7.46945169712794,7.70656197074673,7.87881106870229,27
"29",2010,12,7.85182648401826,219,8.53538461538461,6.85337078651685,6.71875,8.22596153846154,7.73532934131737,130,89,16,52,167,5186,2756,2430,399,1351,3835,7.83452622445044,8.4893087808418,7.09190041152264,7.43934837092732,7.72655366395263,7.8725629726206,28
"30",2011,1,7.91159663865546,238,8.46106557377049,7.33370689655172,7.28846153846154,8.05576923076923,7.87129032258064,122,116,26,52,186,5424,2878,2546,425,1403,4021,7.83790800147493,8.48811153578874,7.10291751767478,7.43011764705882,7.73875552387741,7.87250410345685,29
"31",2011,2,8.10681865284974,193,8.59100869565217,7.39294871794872,7.78125,7.95036363636364,8.15302013422819,115,78,16,44,149,5617,2993,2624,441,1447,4170,7.84714776571123,8.49206515202138,7.11153887195122,7.44285714285714,7.74519004837595,7.8825273381295,30
"32",2011,3,8.02480686695279,233,8.59198473282443,7.29637254901961,7.57222222222222,8.02547169811321,8.02461111111111,131,102,18,53,180,5850,3124,2726,459,1500,4350,7.85422376068376,8.49625512163892,7.11845487894351,7.4479302832244,7.75509333333333,7.88840666666667,31
"33",2011,4,7.93921568627451,204,8.52280701754386,7.2,7.16666666666667,7.946,7.93701298701299,114,90,24,50,154,6054,3238,2816,483,1550,4504,7.85708771060456,8.49718993205682,7.12106107954546,7.43395445134576,7.76125161290323,7.89006860568384,32
"34",2011,5,7.83207547169811,159,8.54588235294118,7.01216216216216,5.96,7.37586206896552,7.93384615384615,85,74,15,29,130,6213,3323,2890,498,1579,4634,7.85644760985031,8.49843544989467,7.11827266435986,7.38955823293173,7.75417352754908,7.89129671989642,33
"35",2011,6,7.78719512195122,164,8.31891891891892,7.35,7.75,7.28529411764706,7.91846153846154,74,90,12,34,130,6377,3397,2980,510,1613,4764,7.85466661439548,8.49452487488961,7.1252711409396,7.39803921568627,7.74429014259144,7.89203799328296,34
"36",2011,7,7.73522727272727,132,8.55746268656717,6.88769230769231,6.97777777777778,7.9125,7.6785,67,65,9,32,100,6509,3464,3045,519,1645,4864,7.85224443078814,8.49574220554272,7.12019967159278,7.39075144508671,7.7475623100304,7.88764782072369,35
"37",2011,8,7.80842105263158,190,8.53695652173913,7.12448979591837,7.86315789473684,7.71707317073171,7.83355704697987,92,98,19,41,149,6699,3556,3143,538,1686,5013,7.85100149276011,8.49680849268841,7.12033343938912,7.40743494423792,7.74682087781732,7.88604009575105,36
"38",2011,9,7.75248520710059,169,8.40925531914894,6.92933333333333,6.375,7.43216216216216,7.84227272727273,94,75,8,37,132,6868,3650,3218,546,1723,5145,7.84857731508445,8.49455369863013,7.11588191423244,7.39230769230769,7.74006384213581,7.88491720116618,37
"39",2011,10,7.78878048780488,205,8.475,6.96236559139785,7.42,7.55875,7.84454545454545,112,93,15,40,165,7073,3762,3311,561,1763,5310,7.84684419623922,8.49397155768208,7.11156991845364,7.39304812834225,7.73595008508225,7.88366271186441,38
"40",2011,11,7.68722466960352,227,8.47685185185185,6.97058823529412,7.328125,7.45677966101695,7.76815476190476,108,119,16,59,168,7300,3870,3430,577,1822,5478,7.84188068493151,8.49349379844961,7.10667871720117,7.39124783362218,7.72690998902305,7.88012029937934,39
"41",2011,12,7.98553299492386,197,8.41100917431193,7.45852272727273,7.49545454545455,7.81375,8.02929936305732,109,88,11,40,157,7497,3979,3518,588,1862,5635,7.84565546218487,8.49123422970595,7.11547981807846,7.39319727891156,7.72877551020408,7.88427666370896,40
"42",2012,1,7.80070671378092,283,8.37891156462585,7.17573529411765,8.04772727272727,7.70333333333333,7.82690582959641,147,136,22,60,223,7780,4126,3654,610,1922,5858,7.84402043701799,8.48723242850218,7.11772249589491,7.41680327868852,7.72798126951093,7.88209269375213,41
"43",2012,2,7.87359813084112,214,8.39449152542373,7.23333333333333,7.5,7.74,7.90917159763314,118,96,22,45,169,7994,4244,3750,632,1967,6027,7.84481223417563,8.48465386427898,7.12068213333334,7.41969936708861,7.72825622775801,7.88285199933632,42
"44",2012,3,7.85307262569832,179,8.53296703296703,7.15,6.475,8.15125,7.76726618705036,91,88,10,40,139,8173,4335,3838,642,2007,6166,7.84499314817081,8.48566805074971,7.1213543512246,7.40498442367601,7.73668659691081,7.88024635095686,43
"45",2012,4,7.94169680851064,188,8.56824770642202,7.07721518987342,7.8326,7.787225,7.98344594594595,109,79,15,40,148,8361,4444,3917,657,2047,6314,7.84716756368855,8.48769351935193,7.12046413071228,7.41474733637747,7.73767415730337,7.88266534684828,44
"46",2012,5,7.82301075268817,186,8.51019801980198,7.00647058823529,7.22105263157895,7.51791666666667,7.86820987654321,101,85,19,24,162,8547,4545,4002,676,2071,6476,7.84664186264186,8.48819361936193,7.11804297851075,7.40930325443787,7.73512747464993,7.88230373687462,45
"47",2012,6,7.9041875,160,8.56322916666667,6.915625,7.63636363636364,8.02818181818182,7.88442028985507,96,64,11,22,138,8707,4641,4066,687,2093,6614,7.84769932238429,8.48974574445162,7.11485686178062,7.41293886462882,7.73820783564262,7.88234789839734,46
"48",2012,7,7.93441558441558,154,8.58139534883721,7.11617647058824,7.23529411764706,8.05128205128205,7.89478260869565,86,68,17,39,115,8861,4727,4134,704,2132,6729,7.84920641011172,8.49141315845145,7.11487856797291,7.40864914772727,7.74393480300188,7.88256041016496,47
"49",2012,8,7.96172839506173,162,8.46373626373626,7.31830985915493,7.14285714285714,7.69210526315789,8.04435483870968,91,71,7,38,124,9023,4818,4205,711,2170,6853,7.85122664302338,8.4908904109589,7.11831343638526,7.4060323488045,7.74302718894009,7.88548796147673,48
"50",2012,9,7.86244318181818,176,8.62081632653061,6.90961538461538,7.84,7.37194444444444,7.98857142857143,98,78,10,36,140,9199,4916,4283,721,2206,6993,7.85144124361343,8.49348047192839,7.11451272472566,7.41205131761442,7.73697144152312,7.8875516945517,49
"51",2012,10,7.91120879120879,182,8.43465346534654,7.25851851851852,8,7.75290322580645,7.94370860927152,101,81,14,31,151,9381,5017,4364,735,2237,7144,7.85260078882848,8.49229619294399,7.11718560953254,7.42325034013605,7.73719222172553,7.88873866181411,50
"52",2012,11,7.76454935622318,233,8.44991452991453,7.07327586206897,7.5,7.47916666666667,7.83859459459459,117,116,22,48,185,9614,5134,4480,757,2285,7329,7.85046681922197,8.49133034670822,7.11604866071429,7.42548084544253,7.73177199124727,7.88747291581389,51
"53",2012,12,7.73720379146919,211,8.39724409448819,6.73928571428571,6.67647058823529,7.59772727272727,7.77395209580838,127,84,17,44,167,9825,5261,4564,774,2329,7496,7.84803440203562,8.48905911423683,7.10911437335671,7.40902971576227,7.72923958780593,7.88494383671292,52
"54",2013,1,7.86850318471338,314,8.45217391304348,7.04238461538462,7.40909090909091,7.80982142857143,7.88124031007752,184,130,22,56,258,10139,5445,4694,796,2385,7754,7.84866831048427,8.48781267217631,7.10726629740094,7.40903140703518,7.73113165618449,7.88482060871808,53
"55",2013,2,7.98672566371681,226,8.61186440677966,7.3037037037037,7.54210526315789,7.86744186046512,8.01475409836066,118,108,19,43,183,10365,5563,4802,815,2428,7937,7.85167853352629,8.49044400503325,7.11168429820908,7.41213374233129,7.73354571663921,7.88781642938138,54
"56",2013,3,7.88266331658291,199,8.43300970873786,7.2921875,7.58478260869565,7.95757575757576,7.86777108433735,103,96,23,33,166,10564,5666,4898,838,2461,8103,7.8522622112836,8.48939992940346,7.11522213148224,7.4168723150358,7.73654977651361,7.88740577563865,55
"57",2013,4,8.05981651376147,218,8.48931623931624,7.56227722772277,7.6375,7.7375,8.13224719101124,117,101,20,40,178,10782,5783,4999,858,2501,8281,7.85645872750881,8.48939823620958,7.12425445089018,7.42201515151515,7.73656497401039,7.89266863905326,56
"58",2013,5,7.79702380952381,168,8.32258064516129,7.14533333333333,7.53846153846154,7.28478260869565,7.87827586206897,93,75,13,23,145,10950,5876,5074,871,2524,8426,7.85554684931507,8.48675799863853,7.12456602286165,7.42375315729047,7.73244809825673,7.89242095893663,57
"59",2013,6,7.84526862637363,182,8.27227722772277,7.31282580246914,7.23214285714286,7.72297297297297,7.87647510344828,101,81,14,37,145,11132,5977,5155,885,2561,8571,7.85537880794107,8.48313367910322,7.1275241299709,7.4207220338983,7.73231120655994,7.8921511947264,58
"60",2013,7,7.9017094017094,234,8.60169491525424,7.18965517241379,6.98125,7.32083333333333,8.05161290322581,118,116,16,48,186,11366,6095,5271,901,2609,8757,7.85633264912898,8.48542904019688,7.12889146082337,7.4129178690344,7.72474089689536,7.89553818545164,59
"61",2013,8,7.91318407960199,201,8.40301724137931,7.24470588235294,7.01,7.93636363636364,7.90863095238095,116,85,10,33,168,11567,6211,5356,911,2642,8925,7.85732055762081,8.48388987280631,7.13072944174758,7.40849506037322,7.72738417865254,7.89578463753502,60
"62",2013,9,7.93356481481482,216,8.55450450450451,7.27714285714286,7.75263157894737,7.7046875,7.97336956521739,111,105,19,32,184,11783,6322,5461,930,2674,9109,7.85871822880421,8.4851297057893,7.1335445687603,7.41552580645161,7.72711256544503,7.89735183774289,61
"63",2013,10,7.93062200956938,209,8.44774774774775,7.34489795918367,7.86176470588235,7.87794117647059,7.94085714285714,111,98,17,34,175,11992,6433,5559,947,2708,9284,7.85997138842561,8.48448468832581,7.13727053246987,7.42353643083421,7.72900627769572,7.89817189681172,62
"64",2013,11,7.60964912280702,228,8.31709401709402,6.86396396396396,7.06,7.21142857142857,7.68186528497409,117,111,20,35,193,12220,6550,5670,967,2743,9477,7.85530089116203,8.48149465648854,7.13192008641976,7.41601758014478,7.7224021144732,7.89376679223383,63
"65",2013,12,7.77489626556017,241,8.29016393442623,7.24663865546218,6.79166666666667,7.58375,7.81293532338308,122,119,18,40,201,12461,6672,5789,985,2783,9678,7.85374583821523,8.4779961031175,7.1342782674037,7.40460812182741,7.72040927057133,7.89208802335193,64
"66",2014,1,7.83086053412463,337,8.48005780346821,7.14603658536585,7.23181818181818,7.25,7.93444055944056,173,164,33,51,286,12798,6845,5953,1018,2834,9964,7.85314321690889,8.47804821037253,7.13460219889132,7.3990068762279,7.71194389555399,7.89330368225612,65
"67",2014,2,7.74875518672199,241,8.48739837398374,6.97881355932203,7.32692307692308,7.75142857142857,7.74830097087379,123,118,26,35,206,13039,6968,6071,1044,2869,10170,7.85121381164199,8.47821326061997,7.13157418711909,7.39721168582375,7.71242558382712,7.89036655752212,66
"68",2014,3,7.71078189300411,243,8.30886956521739,7.1734375,7.025,7.2625,7.79911330049261,115,128,28,40,203,13282,7083,6199,1072,2909,10373,7.8486445482608,8.47546378653112,7.13243860138732,7.38748973880597,7.70623891371605,7.88858072785115,67
"69",2014,4,7.55702247191011,178,8.31505376344086,6.72764705882353,7.27777777777778,7.64583333333333,7.54318181818182,93,85,18,24,154,13460,7176,6284,1090,2933,10527,7.84478803046062,8.47338489409141,7.12696322246977,7.38567798165137,7.7057446300716,7.88352787023844,68
"70",2014,5,7.69881656804734,169,8.48214285714286,6.92470588235294,6.67857142857143,7.576,7.72013888888889,84,85,14,25,144,13629,7260,6369,1104,2958,10671,7.84297798004255,8.47348622589531,7.12426391741247,7.37671105072464,7.70464807302231,7.88132301471277,69
"71",2014,6,7.83698224852071,169,8.32126436781609,7.32317073170732,7.525,7.324,7.92604166666667,87,82,12,25,144,13798,7347,6451,1116,2983,10815,7.84290454341209,8.47168368041377,7.12679226321501,7.37830555555555,7.70145792826014,7.88191843643088,70
"72",2014,7,7.57218905472637,201,8.37592592592593,6.63881720430108,6.75,8,7.48198795180723,108,93,16,35,166,13999,7455,6544,1132,3018,10981,7.83901756482606,8.47029644533869,7.11985740984108,7.36942491166078,7.70492014579191,7.87587267917312,71
"73",2014,8,7.76872037914692,211,8.24385964912281,7.21030927835052,6.89,7.78285714285714,7.76590909090909,114,97,20,35,176,14210,7569,6641,1152,3053,11157,7.83797374313863,8.4668859822962,7.12117857099835,7.3611015625,7.7058136259417,7.87413802007708,72
"74",2014,9,7.84473170731707,205,8.45045454545455,7.14336842105263,6.756,7.26666666666667,7.96786982248521,110,95,20,36,169,14415,7679,6736,1172,3089,11326,7.83806985015608,8.46665060554759,7.12149152167459,7.35077559726962,7.70069569439948,7.87553663164401,73
"75",2014,10,7.64440366972477,218,8.30151515151515,7.09773109243697,7.396,7.43333333333333,7.68205405405405,99,119,25,33,185,14633,7778,6855,1197,3122,11511,7.83518464361375,8.46454872717922,7.12107905032823,7.3517201336675,7.69786963484945,7.87242706020328,74
"76",2014,11,7.71813953488372,215,8.29310344827586,7.04444444444444,7.03181818181818,7.49857142857143,7.76083333333333,116,99,22,35,180,14848,7894,6954,1219,3157,11691,7.83348982287176,8.46202938940968,7.11998804860512,7.34594667760459,7.69566012036744,7.87070891198358,75
"77",2014,12,7.74297413793103,232,8.23151260504202,7.22849557522124,7.00434782608696,7.47380952380952,7.80247368421053,119,113,23,42,190,15080,8013,7067,1242,3199,11881,7.83209727387267,8.45860601522526,7.12172306353474,7.33962077294686,7.69274742106908,7.86961769968858,76
"78",2015,1,7.67943708609272,302,8.37666666666667,6.99138157894737,6.9036,7.67875,7.67954198473282,150,152,25,40,262,15382,8163,7219,1267,3239,12143,7.82910004485762,8.45710033076075,7.11897865216789,7.33101736385162,7.6925745600494,7.86551658486371,77
"79",2015,2,7.77051886792453,212,8.44227272727273,7.04607843137255,7.6375,7.98076923076923,7.74112903225806,110,102,16,26,186,15594,8273,7321,1283,3265,12329,7.82830363537258,8.45690317901607,7.11796296817375,7.33483943881528,7.69486952526799,7.86364002676616,78
"80",2015,3,7.80460076045627,263,8.55481481481482,7.013359375,6.76296296296296,7.52219512195122,7.85675675675676,135,128,27,41,222,15857,8408,7449,1310,3306,12551,7.82791050577032,8.45847526165556,7.11616551080682,7.32305267175573,7.69272807017544,7.86351827663134,79
"81",2015,4,7.67238095238095,189,8.3169696969697,6.96333333333333,7.02,7.11714285714286,7.79857142857143,99,90,15,35,154,16046,8507,7539,1325,3341,12705,7.82607857970834,8.45682849418126,7.11434101207057,7.31962188679245,7.68669829392397,7.86273104210941,80
"82",2015,5,7.76072222222222,180,8.30106382978723,7.17011627906977,7.103,7.56774193548387,7.80087248322148,94,86,10,31,149,16226,8601,7625,1335,3372,12854,7.82535356156785,8.45512614812231,7.11497008393443,7.31799925093633,7.6856046856465,7.86201399486541,81
"83",2015,6,7.60840909090909,176,8.1132183908046,7.11494382022472,6.44444444444444,7.51612903225806,7.62813793103448,87,89,18,31,145,16402,8688,7714,1353,3403,12999,7.82302566089501,8.4517023480663,7.11496978091781,7.30637767923134,7.68406082868058,7.85940517655204,82
"84",2015,7,7.90552884615385,208,8.35853658536585,7.25,7.409375,8.17428571428571,7.85115606936416,123,85,16,35,173,16610,8811,7799,1369,3438,13172,7.82405881336544,8.45040177051413,7.11644145275035,7.30758144631118,7.68905148342059,7.85929683343456,83
"85",2015,8,7.71165322580645,248,8.32971014492754,6.93627272727273,6.625,7.646,7.72823232323232,138,110,20,50,198,16858,8949,7909,1389,3488,13370,7.82240520168466,8.44854061906358,7.11393562903022,7.29775305975522,7.68843434633027,7.8573558631264,84
"86",2015,9,7.70550660792952,227,8.37971962616822,7.10433333333333,6.92857142857143,7.68055555555556,7.71020942408377,107,120,28,36,191,17085,9056,8029,1417,3524,13561,7.82085202750951,8.44772747349823,7.11379211483373,7.29045800988003,7.68835385925085,7.85528337806946,85
"87",2015,10,7.6468281938326,227,8.29813084112149,7.06608333333333,7.2932,7.44594594594595,7.68594736842105,107,120,25,37,190,17312,9163,8149,1442,3561,13751,7.81857017617837,8.4459805740478,7.11308956804516,7.29050554785021,7.68583515866329,7.85294363246309,86
"88",2015,11,7.52572614107884,241,8.09517543859649,7.01456692913386,7.13913043478261,7.46052631578947,7.53793103448276,114,127,23,38,203,17553,9277,8276,1465,3599,13954,7.81454947245485,8.44166972081492,7.11157768124698,7.28812901023891,7.68345623784384,7.84836089221729,87
"89",2015,12,7.55296442687747,253,8.25942028985507,6.70521739130435,7.485,7.78139534883721,7.50619047619048,138,115,20,43,210,17806,9415,8391,1485,3642,14164,7.81083269066606,8.43899840679766,7.1060084483375,7.29078047138047,7.68461257550796,7.8432877640497,88
"90",2016,1,7.54253822629969,327,8.22924050632911,6.9005325443787,6.83076923076923,7.45649122807018,7.5607037037037,158,169,26,57,270,18133,9573,8560,1511,3699,14434,7.80599442397838,8.43553640447091,7.10195173948598,7.2828649900728,7.68109732360097,7.83800179368159,89
"91",2016,2,7.57952380952381,210,8.32857142857143,6.83047619047619,6.74,7.72413793103448,7.55635359116022,105,105,20,29,181,18343,9678,8665,1531,3728,14615,7.80340167311781,8.43437590411242,7.09866207616849,7.27577335075114,7.68143213519313,7.83451371125556,90
"92",2016,3,7.45073170731707,205,8.4,6.73675213675214,7.18333333333333,7.20714285714286,7.48926553672316,88,117,18,28,177,18548,9766,8782,1549,3756,14792,7.79950382197541,8.43406614785992,7.0938404566158,7.27469916074887,7.67789643237487,7.83038249661979,91
"93",2016,4,7.8261328125,256,8.6528813559322,7.11920289855072,6.9,7.83589743589744,7.82437788018433,118,138,23,39,217,18804,9884,8920,1572,3795,15009,7.79986635237183,8.43667847025496,7.09423283520179,7.26921692111959,7.67952015810276,7.83029568192418,92
"94",2016,5,7.6653813559322,236,8.35552845528455,6.9141592920354,7.27272727272727,7.091,7.74902912621359,123,113,11,30,206,19040,10007,9033,1583,3825,15215,7.79819941649159,8.4356810232837,7.09198017159305,7.26924131396083,7.67490431372549,7.82919539204732,93
"95",2016,6,7.81877828054299,221,8.46803278688525,7.01868686868687,7.06666666666667,7.93518518518519,7.80257731958763,122,99,15,27,194,19261,10129,9132,1598,3852,15409,7.79843553761487,8.43607068812321,7.09118559899255,7.26733979974969,7.67672871235721,7.82886026932312,94
"96",2016,7,7.47918552036199,221,8.10094339622641,6.90608695652174,7.765,6.82068965517241,7.57864583333333,106,115,20,29,192,19482,10235,9247,1618,3881,15601,7.79481402782055,8.43259990229604,7.08888362604088,7.2734913473424,7.6703321308941,7.8257809044292,95
"97",2016,8,7.69874074074074,270,8.21792452830189,6.95504504504505,7.0375,8.10769230769231,7.65516393442623,159,111,20,26,244,19752,10394,9358,1638,3907,15845,7.79350075384771,8.42931595151049,7.08729609852533,7.27060989010989,7.67324264141285,7.82315354307353,96
"98",2016,9,7.45,255,8.25364341085271,6.62722222222222,6.4,7.56304347826087,7.42511961722488,129,126,15,46,209,20007,10523,9484,1653,3953,16054,7.78912265157195,8.42716240615794,7.08118377161535,7.26270961887477,7.67196028332912,7.81797171359163,97
"99",2016,10,7.78472413793103,290,8.35745222929936,7.10864661654135,6.85714285714286,7.788,7.78404166666667,157,133,21,50,240,20297,10680,9617,1674,4003,16294,7.78905980637532,8.42613764044944,7.08156357387959,7.25762186379928,7.67340969273045,7.81747194611513,98
"100",2016,11,7.59394366197183,284,8.33148148148148,6.92570469798658,7.475,7.7,7.57344537815126,135,149,24,46,238,20581,10815,9766,1698,4049,16532,7.7863673723337,8.42495607951919,7.0791856328077,7.26069434628975,7.67371178068659,7.81395886099686,99
"101",2016,12,7.66584677419355,248,8.33139534883721,6.94436974789916,7.1,7.86290322580645,7.63769585253456,129,119,15,31,217,20829,10944,9885,1713,4080,16749,7.7849323966585,8.42385325292398,7.07756265958523,7.25928721541156,7.67514926470588,7.81167519792227,100
"102",2017,1,7.61963305322129,357,8.24944444444444,7.09640512820513,6.78095238095238,7.35281132075472,7.66615131578947,162,195,42,53,304,21186,11106,10080,1755,4133,17053,7.78214697866515,8.42130920223303,7.07792717162698,7.24783988603989,7.67101572707476,7.8090809763678,101
"103",2017,2,7.71125461254613,271,8.34662162162162,6.94674796747967,7.39655172413793,7.83846153846154,7.68987068965517,148,123,29,39,232,21457,11254,10203,1784,4172,17285,7.78125161439157,8.42032699484628,7.0763457698716,7.25025728699551,7.67258101629914,7.80748093086491,102
"104",2017,3,7.63876865671642,268,8.06845588235294,7.19606060606061,6.47619047619048,7.42714285714286,7.67809734513274,136,132,21,42,226,21725,11390,10335,1805,4214,17511,7.7794939420023,8.41612554872695,7.07787478374456,7.24125152354571,7.67013478879924,7.80581108389013,103
"105",2017,4,7.58984732824428,262,8.06783582089552,7.089453125,6.75,7.45185185185185,7.60570212765957,134,128,18,27,235,21987,11524,10463,1823,4241,17746,7.7772340878701,8.41207566817077,7.07801642836662,7.23640098738343,7.66874510728602,7.80316115688043,104
"106",2017,5,7.87362869198312,237,8.41333333333333,7.1593137254902,7.46052631578947,7.39677419354839,7.94538834951456,135,102,19,31,206,22224,11659,10565,1842,4272,17952,7.77826205408567,8.41209023072305,7.07880131471841,7.23871281216069,7.66677153558052,7.80479322025401,105
"107",2017,6,7.56753424657534,219,8.06021739130435,7.21062992125984,7.26190476190476,7.716,7.54396825396825,92,127,21,30,189,22443,11751,10692,1863,4302,18141,7.77620576081629,8.4093353757127,7.08036718013468,7.23897423510467,7.66711483031148,7.80207584422028,106
"108",2017,7,7.55643835616438,219,8.26659574468085,7.0224,7.1875,7.42592592592593,7.57479166666667,94,125,24,27,192,22662,11845,10817,1887,4329,18333,7.77408198261406,8.40820261713803,7.07969731811038,7.23831955484897,7.66561053361053,7.79969551573665,107
"109",2017,8,7.73309012875536,233,8.39632075471698,7.17952755905512,7.15,7.8004,7.725,106,127,20,25,208,22895,11951,10944,1907,4354,18541,7.77366481284123,8.40809723035729,7.08085580135234,7.23739328788673,7.66638447404685,7.79885755299067,108
"110",2017,9,7.67995670995671,231,8.28728813559322,7.04575221238938,7.01851851851852,7.875,7.65305418719212,118,113,27,28,203,23126,12069,11057,1934,4382,18744,7.77272878534982,8.40691606595409,7.08049705073709,7.23433764219235,7.66771748060246,7.79727848324797,109
"111",2017,10,7.6789224137931,232,8.24009009009009,7.16413223140496,7.40588235294118,7.36774193548387,7.72691542288557,111,121,17,31,201,23358,12180,11178,1951,4413,18945,7.77179706695779,8.40539573070607,7.08140238772589,7.23583239364428,7.66561024246544,7.79653195513328,110
"112",2017,11,7.44464944649446,271,8.28923076923077,6.66595744680851,6.525,7.12926829268293,7.50086956521739,130,141,20,41,230,23629,12310,11319,1971,4454,19175,7.76804502475771,8.40416896831844,7.07622721883558,7.22861948249619,7.66067310282892,7.79298554837027,111
"113",2017,12,7.55730337078652,267,8.17111111111111,6.92954545454545,7.05882352941176,7.70285714285714,7.53534482758621,135,132,17,35,232,23896,12445,11451,1988,4489,19407,7.76569032013726,8.40164081960627,7.07453636276308,7.22716750503018,7.66100200490087,7.78990559540372,112
"114",2018,1,7.7095419939577,331,8.30683333333333,7.13699053254438,6.61197692307692,7.40176315789474,7.74945870307167,162,169,26,38,293,24227,12607,11620,2014,4527,19700,7.76492319684649,8.40042254303165,7.07544468932874,7.21922562065541,7.65882593328915,7.7893040248731,113
"115",2018,2,7.49882608695652,230,8.18796296296296,6.88877049180328,7.34615384615385,7.42,7.50843902439024,108,122,13,25,205,24457,12715,11742,2027,4552,19905,7.76242075029644,8.39861793157688,7.0735051345597,7.22003966452886,7.65751427943761,7.78641141873901,114
"116",2018,3,7.60974576271186,236,8.38,6.93730158730159,7.315,8.34310344827586,7.50700483091787,110,126,20,29,207,24693,12825,11868,2047,4581,20112,7.76096157979994,8.39845824561403,7.07205909083249,7.22096746458231,7.66185439860292,7.78353566477725,115
"117",2018,4,7.61265765765766,222,8.21689655172414,6.95141509433962,7.35714285714286,7.16363636363636,7.66205,116,106,14,22,200,24915,12941,11974,2061,4603,20312,7.75964014810355,8.3968307704196,7.07099108819108,7.22189247937894,7.65947316967195,7.78233946878693,116
"118",2018,5,7.76051813471503,193,8.47635416666667,7.0520618556701,6.74,7.7952380952381,7.75627906976744,96,97,15,21,172,25108,13037,12071,2076,4624,20484,7.75964689700494,8.39741635345555,7.07083897688675,7.2184105973025,7.66008974913495,7.78212064489358,117
"119",2018,6,7.47690607734807,181,8.35120481927711,6.73642857142857,6.30333333333333,7.37962962962963,7.49396103896104,83,98,12,27,154,25289,13120,12169,2088,4651,20638,7.75762324686622,8.39712400914634,7.06814588626839,7.21315153256705,7.65846162115674,7.77997040846981,118
"120",2018,7,7.67821428571429,196,8.30467391304348,7.12403846153846,6.10588235294118,7.29545454545455,7.7266091954023,92,104,17,22,174,25485,13212,12273,2105,4673,20812,7.7570125285462,8.39648024523161,7.06861951356636,7.20420921615202,7.65675262144233,7.77952427878147,119
"121",2018,8,7.63150490196078,204,8.34239393939394,6.9612380952381,6.73476190476191,7.72,7.61914525139665,99,105,21,25,179,25689,13311,12378,2126,4698,20991,7.75601585464595,8.39607798061753,7.06770861932461,7.19957215428034,7.65708918688804,7.77815665237483,120
"122",2018,9,7.51344827586207,174,8.41054054054054,6.8496,6.65,7.18421052631579,7.5538064516129,74,100,10,19,155,25863,13385,12478,2136,4717,21146,7.75438391872559,8.39615793799029,7.06596067398621,7.19699925093633,7.65518443926224,7.77651216731297,121
"123",2018,10,7.45085347826087,207,7.99075166666667,6.92638095238095,6.87,7.64705882352941,7.41229289017341,102,105,20,34,173,26070,13487,12583,2156,4751,21319,7.75197383812811,8.39309191591903,7.06479593817055,7.19396586270872,7.65512628920227,7.77355659083447,122
"124",2018,11,7.62814345991561,237,8.37434343434343,7.09282608695652,7.25,7.58709677419355,7.63432038834951,99,138,18,31,206,26307,13586,12721,2174,4782,21525,7.75085824913521,8.39295529736494,7.06510001493593,7.19442980680773,7.6546852781263,7.77222406318235,123
"125",2018,12,7.79094230769231,208,8.42065217391304,7.29151724137931,7.38977777777778,7.93783783783784,7.75915789473684,92,116,18,37,171,26515,13678,12837,2192,4819,21696,7.75117269319253,8.39314159014476,7.06714600685518,7.19603394160584,7.65685930691014,7.77212108038348,124
"126",2019,1,7.77771008403361,238,8.39385593220339,7.17183333333333,7.53529411764706,7.95538461538462,7.75591981132076,118,120,17,26,212,26753,13796,12957,2209,4845,21908,7.75140877509064,8.39314770005799,7.06811555838543,7.19864481665912,7.65846130030959,7.7719643034508,125
"127",2019,2,7.48579545454545,176,8.22375,6.87083333333333,7.325,7.51666666666667,7.48092105263158,80,96,12,24,152,26929,13876,13053,2221,4869,22060,7.74967280478295,8.39217106298645,7.06666462039378,7.19932751013057,7.65776237420414,7.76995892837715,126
"128",2019,3,7.46025157232704,159,8.36648648648649,6.67129411764706,6.55,7.06521739130435,7.52705882352941,74,85,10,23,136,27088,13950,13138,2231,4892,22196,7.74797397223863,8.39203481505376,7.06410665930887,7.19641703272075,7.65497649223221,7.76847062353577,127
"129",2019,4,7.65209905660377,212,8.3798,7.00236607142857,6.52631578947368,6.99833333333333,7.81361764705882,100,112,19,42,170,27300,14050,13250,2250,4934,22366,7.74722944908425,8.39194773451957,7.06358477660377,7.1907584,7.6493869071747,7.76881377805598,128
"130",2019,5,7.68170103092783,194,8.23275862068965,7.23364485981308,7.03684210526316,7.671875,7.68258426966292,87,107,19,16,178,27494,14137,13357,2269,4950,22544,7.74676707499818,8.39096807455613,7.06494709066407,7.18946954605553,7.64945959595959,7.76813293825408,129
"131",2019,6,7.67005649717514,177,8.15255813953488,7.21406593406593,6.83571428571429,7.90545454545455,7.63664516129032,86,91,14,22,155,27671,14223,13448,2283,4972,22699,7.74627638899931,8.3895265183154,7.06595614886972,7.18730021901007,7.65059231697506,7.76723507467289,130
"132",2019,7,7.91983695652174,184,8.56043956043956,7.29301075268817,7.11428571428571,8.1125,7.8909375,91,93,14,24,160,27855,14314,13541,2297,4996,22859,7.74742286698977,8.39061308299567,7.06751556679713,7.18685520243796,7.6528112489992,7.76810092130015,131
"133",2019,8,7.639125,240,8.32974137931035,6.99306451612903,7.17142857142857,7.4,7.68132352941176,116,124,14,36,204,28095,14430,13665,2311,5032,23063,7.74649773838761,8.39012374705475,7.06683997731431,7.18676174816097,7.65100258346581,7.76733334605212,132
"134",2019,9,7.62969072164948,194,8.18817204301075,7.11544554455446,6.675,7.33448275862069,7.68157575757576,93,101,12,29,165,28289,14523,13766,2323,5061,23228,7.74569670048429,8.38883052193073,7.06719659232893,7.18411812311666,7.6491888954752,7.76672416738419,133
"135",2019,10,7.4229380952381,210,8.2832967032967,6.76501680672269,6.21875,7.421875,7.42312921348315,91,119,16,32,178,28499,14614,13885,2339,5093,23406,7.74331839573318,8.38817337279321,7.06460679078142,7.17751449337323,7.64776065187512,7.7641111663676,134
"136",2019,11,7.9695871559633,218,8.52787037037037,7.42145454545455,7.32,7.666,8.01803191489362,108,110,10,30,188,28717,14722,13995,2349,5123,23594,7.7450360747989,8.38919818434995,7.06741159628439,7.17812107279693,7.64786746047238,7.76613443926422,135
"137",2019,12,7.73085836909871,233,8.43234234234234,7.09262295081967,6.75,7.55483870967742,7.75787128712871,111,122,16,31,202,28950,14833,14117,2365,5154,23796,7.74492196753022,8.38952104564147,7.06762947439258,7.17522469344609,7.6473079161816,7.76606429483947,136
"138",2020,1,7.89017847133758,314,8.4105251369863,7.43797244047619,7.2551724137931,8.055,7.86611693430657,146,168,29,40,274,29264,14979,14285,2394,5194,24070,7.74648055631492,8.38972577208091,7.07198492544627,7.17619314954052,7.65044763188294,7.7672032405484,137
"139",2020,2,7.75083333333333,228,8.49620689655172,7.2909219858156,7.11071428571429,8.0084,7.71911330049261,87,141,14,25,203,29492,15066,14426,2408,5219,24273,7.74651420724264,8.39034065710872,7.07412482046305,7.17581245847176,7.65216229162674,7.7668010546698,138
"140",2020,3,7.76238578680203,197,8.57290322580645,7.03759615384615,8.09090909090909,8.012,7.72610465116279,93,104,11,25,172,29689,15159,14530,2419,5244,24445,7.74661952238203,8.3914606728676,7.07386336269787,7.17997370814386,7.65387776506483,7.76651470648395,139
"141",2020,4,7.58470198675497,151,8.26,7.08793103448276,6.4125,7.68888888888889,7.5706015037594,64,87,16,18,133,29840,15223,14617,2435,5262,24578,7.74580016756032,8.39090799054063,7.07394709311076,7.17493075975359,7.65399752945648,7.76545455285215,140
"142",2020,5,7.56180124223603,161,8.26621621621622,6.96264367816092,6.90217391304348,8.06086956521739,7.4786231884058,74,87,23,23,138,30001,15297,14704,2458,5285,24716,7.74481273957535,8.3903047878669,7.07328853781284,7.17237851912124,7.65576821192053,7.76385305065545,141
"143",2020,6,7.68303571428571,168,8.53115942028986,7.09191919191919,7.35235294117647,8.77941176470588,7.55960264900662,69,99,17,17,151,30169,15366,14803,2475,5302,24867,7.74446872617588,8.39093728621632,7.07341313652638,7.17361470707071,7.65937099207846,7.76261277998955,142
"144",2020,7,7.77386206896552,145,8.31384615384615,7.335125,8.38888888888889,8.12142857142857,7.73671755725191,65,80,9,14,131,30314,15431,14883,2484,5316,24998,7.74460932242528,8.39061255524593,7.07481990593294,7.17801787439613,7.66058784800602,7.76247707816626,143
"145",2020,8,7.72690721649485,194,8.223375,7.37850877192983,6.96153846153846,7.65833333333333,7.73658823529412,80,114,13,24,170,30508,15511,14997,2497,5340,25168,7.74449675494952,8.38975000580233,7.07712840301394,7.17689082899479,7.6605777153558,7.76230220915448,144
"146",2020,9,7.71117021276596,188,8.67654320987654,6.9803738317757,6.78125,8.16428571428571,7.631875,81,107,16,28,160,30696,15592,15104,2513,5368,25328,7.7442926439927,8.3912398884043,7.07644297272246,7.17437182650219,7.6632051043219,7.76147828490209,145
"147",2020,10,7.84401234567901,162,8.57691358024691,7.11111111111111,6.66923076923077,6.7,7.91927631578947,81,81,13,10,152,30858,15673,15185,2526,5378,25480,7.7448161578845,8.392199472979,7.07662789990122,7.17177212984956,7.6614140944589,7.76241962323391,146
"148",2020,11,7.74031132075472,212,8.50174757281553,7.02078899082569,7.38235294117647,7.525,7.76273958333333,103,109,17,20,192,31070,15776,15294,2543,5398,25672,7.74478542001931,8.3929147020791,7.07622993723029,7.17317986629965,7.66090866987773,7.76242201620443,147
"149",2020,12,7.58833507853403,191,8.37270731707317,6.99825688073394,7.25,7.56428571428571,7.59246625766871,82,109,14,28,163,31261,15858,15403,2557,5426,25835,7.74382953200473,8.39281021188043,7.07567815750178,7.17360046929996,7.66041006266126,7.76134971937295,148
"150",2021,1,7.88311926605505,218,8.48972222222222,7.28754545454545,7.64285714285714,7.8732,7.88440414507772,108,110,14,25,193,31479,15966,15513,2571,5451,26028,7.74479414847994,8.3934657609921,7.07718047186231,7.17615573706729,7.66138598422307,7.76226217919164,149
"151",2021,2,7.55617647058824,170,8.36954022988506,6.70361445783133,6.25,7.28809523809524,7.59395973154362,87,83,8,21,149,31649,16053,15596,2579,5472,26177,7.74378100413915,8.39333609543387,7.07519239933316,7.17328282279953,7.6599533991228,7.76130419834206,150
"152",2021,3,7.81058783783784,148,8.40328947368421,7.18495833333333,7.31818181818182,7.92073913043478,7.79032,76,72,11,23,125,31797,16129,15668,2590,5495,26302,7.74409195836085,8.39338299584598,7.07569681261169,7.17389822393822,7.6610449499545,7.76144209565813,151
"153",2021,4,8.03097402597403,154,8.87101449275362,7.34905882352941,7.51666666666667,8.54166666666667,7.98781690140845,69,85,15,12,142,31951,16198,15753,2605,5507,26444,7.74547469562768,8.39541760340782,7.0771718187012,7.17587193857965,7.66296386417287,7.76265769172591,152
"154",2021,5,7.84981857142857,147,8.49327868852459,7.39341081395349,8.15384615384615,8.16125,7.83189446043165,61,86,13,8,139,32098,16259,15839,2618,5515,26583,7.74595256184186,8.39578475552001,7.0788888812425,7.1807281894576,7.66368667271079,7.76301972425987,153
"155",2021,6,7.86108666666667,150,8.58503947368421,7.11756756756757,6.39285714285714,7.83636363636364,7.86304316546763,76,74,14,11,139,32248,16335,15913,2632,5526,26722,7.74648810251798,8.39666527946127,7.0790687481933,7.17653738601824,7.66403040173724,7.76354001684006,154
"156",2021,7,7.642455,148,8.21699459016394,7.23961689655172,6.84615384615385,6.91666666666667,7.70649514705882,61,87,13,12,136,32396,16396,16000,2645,5538,26858,7.74601283090505,8.39599682910465,7.07994172875,7.17491357277883,7.66241097869267,7.76325116054807,155
"157",2021,8,7.48005952380952,168,8.15625,7.06394230769231,7.19444444444444,6.82,7.54477124183007,64,104,9,15,153,32564,16460,16104,2654,5553,27011,7.74464075881341,8.39506464216281,7.0798384041232,7.17497980406933,7.66013542229425,7.76201361186184,156
"158",2021,9,7.6518344295302,149,8.3125,7.09720160493827,7.59375,7.74807692307692,7.63149048780488,68,81,16,26,123,32713,16528,16185,2670,5579,27134,7.74421804787088,8.39472495220232,7.07992530058696,7.17748928838951,7.66054525900699,7.76142194294981,157
"159",2021,10,7.64668674698795,166,8.5643661971831,6.96084210526316,6.86666666666667,6.66352941176471,7.75885906040268,71,95,9,17,149,32879,16599,16280,2679,5596,27283,7.74372563034155,8.39545056991384,7.07923040479115,7.17644509145203,7.65751644031451,7.76140794634022,158
"160",2021,11,7.65741935483871,186,8.42828571428571,7.19224137931035,7.22352941176471,7.33166666666667,7.7200641025641,70,116,17,30,156,33065,16669,16396,2696,5626,27439,7.74324013307122,8.39558845821584,7.08002994571847,7.17674198813056,7.655778883754,7.76117289259813,159
"161",2021,12,7.51397112107623,223,8.22384317647059,7.07673108695652,6.75555555555556,6.87333333333333,7.61355212435233,85,138,18,30,193,33288,16754,16534,2714,5656,27632,7.741704234559,8.39471712307508,7.08000241199951,7.17394856300663,7.65162871287128,7.76014181239143,160
"162",2022,1,7.63606779661017,295,8.37611111111111,7.08431952662722,7.10869565217391,7.74782608695652,7.62661764705882,126,169,23,23,272,33583,16880,16703,2737,5679,27904,7.7407763022958,8.39457823933649,7.08004609231874,7.17340021921812,7.65201831308329,7.75884025802753,161
"163",2022,2,7.38075214723926,163,8.11279130434783,6.84340425531915,6.70571428571429,7.60833333333333,7.35250068965517,69,94,14,18,145,33746,16949,16797,2751,5697,28049,7.73903731286671,8.39343107439966,7.0787217884146,7.17102013813159,7.6518802878708,7.75673967556776,162
"164",2022,3,7.57489261744966,149,8.40411111111111,6.96744186046512,7.5,7.75,7.56229496402878,63,86,12,10,139,33895,17012,16883,2763,5707,28188,7.73831574450509,8.39347062544086,7.07815494165729,7.17244893231994,7.65205221657613,7.75578083439762,163
"165",2022,4,7.80049307692308,169,8.39407894736842,7.31541215053763,7.7,8.2995652173913,7.72187212328767,76,93,16,23,146,34064,17088,16976,2779,5730,28334,7.73862422175904,8.39347333099251,7.07945471312441,7.17548629003238,7.65465130890052,7.75560610891509,164
"166",2022,5,7.46573170731707,164,8.17714285714286,6.93595744680851,6.86666666666667,7.33333333333333,7.48517482517483,70,94,15,21,143,34228,17158,17070,2794,5751,28477,7.73731668487788,8.39259076116097,7.07866451142355,7.17382834645669,7.65347800382542,7.75424811216069,165
"167",2022,6,7.42077922077922,154,8.24508196721311,6.88010752688172,6.85666666666667,6.85909090909091,7.51439393939394,61,93,15,22,132,34382,17219,17163,2809,5773,28609,7.73589888575417,8.39206819675939,7.07758860397366,7.17213470986116,7.65045071886367,7.75314144115488,166
"168",2022,7,7.66,152,8.38289855072464,7.05903614457831,6.75,7.98153846153846,7.59365079365079,69,83,6,26,126,34534,17288,17246,2815,5799,28735,7.73556481988765,8.39203159879685,7.07749931636321,7.17123495559502,7.65193516123469,7.75244209117801,167
"169",2022,8,7.4037083125,160,8.28653846153846,6.97864194444444,6.94117647058824,7.10833333333333,7.45583330882353,52,108,17,24,136,34694,17340,17354,2832,5823,28871,7.73403438116101,8.39171524106113,7.07688409242826,7.16985395480226,7.64969465911042,7.75104488310069,168
