"","year","month","avg_rating","no_ratings","avg_rating_owned","avg_rating_not_owned","avg_rating_prev_owned","avg_rating_comment","avg_rating_no_comment","no_ratings_owned","no_ratings_not_owned","no_ratings_prev_owned","no_ratings_comment","no_ratings_no_comment","cum_no_ratings","cum_no_ratings_owned","cum_no_ratings_not_owned","cum_no_ratings_prev_owned","cum_no_ratings_comment","cum_no_ratings_no_comment","cum_avg_rating","cum_avg_rating_owned","cum_avg_rating_not_owned","cum_avg_rating_prev_owned","cum_avg_rating_comment","cum_avg_rating_no_comment","month_after_release"
"1",2008,8,7,13,7.44444444444444,6,NA,7.1875,6.7,9,4,0,8,5,13,9,4,0,8,5,7,7.44444444444444,6,NA,7.1875,6.7,0
"2",2008,9,6.90588235294118,17,7.03846153846154,6.475,NA,6.7,7.05,13,4,0,7,10,30,22,8,0,15,15,6.94666666666667,7.20454545454545,6.2375,NA,6.96,6.93333333333333,1
"3",2008,10,6.5325,40,6.91052631578947,6.19047619047619,6,6.60714285714286,6.49230769230769,19,21,2,14,26,70,41,29,2,29,41,6.71,7.06829268292683,6.20344827586207,6,6.78965517241379,6.65365853658537,2
"4",2008,11,6.31666666666667,78,7.015625,5.8304347826087,6.65,6.44666666666667,6.23541666666667,32,46,8,30,48,148,73,75,10,59,89,6.5027027027027,7.04520547945205,5.97466666666667,6.52,6.61525423728814,6.42808988764045,3
"5",2008,12,6.60714285714286,42,6.9,6.285,6.32,6.74,6.48636363636364,22,20,5,20,22,190,95,95,15,79,111,6.52578947368421,7.01157894736842,6.04,6.45333333333333,6.64683544303797,6.43963963963964,4
"6",2009,1,6.51081081081081,37,7.13157894736842,5.85555555555556,6.75,5.91666666666667,6.796,19,18,4,12,25,227,114,113,19,91,136,6.52334801762115,7.03157894736842,6.01061946902655,6.51578947368421,6.55054945054945,6.50514705882353,5
"7",2009,2,6.356,25,6.94545454545455,5.89285714285714,6.16666666666667,6.1875,6.43529411764706,11,14,3,8,17,252,125,127,22,99,153,6.50674603174603,7.024,5.99763779527559,6.46818181818182,6.52121212121212,6.49738562091503,6
"8",2009,3,6.22222222222222,36,6.875,5.7,5.66666666666667,6.7,6.03846153846154,16,20,3,10,26,288,141,147,25,109,179,6.47118055555556,7.00709219858156,5.95714285714286,6.372,6.53761467889908,6.43072625698324,7
"9",2009,4,6.48586956521739,46,6.88,6.18269230769231,5.75,6.68,6.43194444444444,20,26,4,10,36,334,161,173,29,119,215,6.47320359281437,6.99130434782609,5.99104046242775,6.28620689655172,6.54957983193277,6.43093023255814,8
"10",2009,5,6.91255048780488,41,7.31111111111111,6.60063347826087,7.5,7.17351,6.85882352941176,18,23,4,7,34,375,179,196,33,126,249,6.52123885333333,7.02346368715084,6.06257433673469,6.43333333333333,6.58424261904762,6.48935742971887,9
"11",2009,6,6.3,36,6.86363636363636,6.052,5.375,6.38333333333333,6.25833333333333,11,25,4,12,24,411,190,221,37,138,273,6.5018602676399,7.01421052631579,6.06137814479638,6.31891891891892,6.56677224637681,6.46904761904762,10
"12",2009,7,6.42142857142857,28,6.66470588235294,6.04545454545455,5.5,6.0625,6.565,17,11,2,8,20,439,207,232,39,146,293,6.49673022779043,6.98550724637681,6.06062314655172,6.27692307692308,6.53914089041096,6.47559726962457,11
"13",2009,8,6.45185185185185,27,6.81333333333333,6,6.16666666666667,6.4375,6.45789473684211,15,12,3,8,19,466,222,244,42,154,312,6.49412997854077,6.97387387387387,6.05764168032787,6.26904761904762,6.53386084415584,6.47451923076923,12
"14",2009,9,6.6448275862069,29,6.83529411764706,6.375,6.75,6.88181818181818,6.5,17,12,2,11,18,495,239,256,44,165,330,6.50295872727273,6.96401673640167,6.0725178515625,6.29090909090909,6.557058,6.47590909090909,13
"15",2009,10,6.6375,32,6.82105263157895,6.36923076923077,NA,6.2,6.71851851851852,19,13,0,5,27,527,258,269,44,170,357,6.51112821631879,6.95348837209302,6.08685713754647,6.29090909090909,6.54655629411765,6.49425770308123,14
"16",2009,11,6.71125,40,6.95227272727273,6.41666666666667,6.5,6.55,6.75806451612903,22,18,3,9,31,567,280,287,47,179,388,6.52524615520282,6.95339285714286,6.10754205574913,6.30425531914894,6.54672944134078,6.51533505154639,15
"17",2009,12,6.54583333333333,24,6.70769230769231,6.35454545454545,6.1,7,6.48095238095238,13,11,5,3,21,591,293,298,52,182,409,6.52608218274112,6.94249146757679,6.11665963087248,6.28461538461539,6.55420093406593,6.51356968215159,16
"18",2010,1,6.66447368421053,38,6.80416666666667,6.425,6.96666666666667,6.44444444444444,6.73275862068965,24,14,6,9,29,629,317,312,58,191,438,6.53444287758346,6.93201892744479,6.13049541666667,6.35517241379311,6.54902916230366,6.52808219178082,17
"19",2010,2,6.5,21,7.31818181818182,5.6,NA,6.57142857142857,6.46428571428571,11,10,0,7,14,650,328,322,58,198,452,6.53333010769231,6.94496951219512,6.11402040372671,6.35517241379311,6.54982106060606,6.52610619469027,18
"20",2010,3,6.68421052631579,19,7.04545454545455,6.1875,7.25,7.4,6.42857142857143,11,8,2,5,14,669,339,330,60,203,466,6.53761520179372,6.94823008849557,6.11580172727273,6.385,6.57076142857143,6.52317596566524,19
"21",2010,4,6.73913043478261,23,6.625,6.86363636363636,7.25,7,6.71428571428571,12,11,4,2,21,692,351,341,64,205,487,6.54431296242774,6.93717948717949,6.13992542521994,6.4390625,6.57494912195122,6.53141683778234,20
"22",2010,5,6.51111111111111,27,6.95333333333333,5.95833333333333,6.33333333333333,6.5375,6.5,15,12,3,8,19,719,366,353,67,213,506,6.54306616133519,6.93784153005465,6.13375232294618,6.43432835820896,6.57354258215962,6.5302371541502,21
"23",2010,6,6.2,5,7,5.66666666666667,NA,5.5,6.66666666666667,2,3,0,2,3,724,368,356,67,215,509,6.5406969198895,6.93817934782609,6.12981620786517,6.43432835820896,6.56355613953488,6.53104125736739,22
"24",2010,7,6.36764705882353,17,7.1,5.32142857142857,5.625,7.375,6.05769230769231,10,7,2,4,13,741,378,363,69,219,522,6.53672681511471,6.94246031746032,6.11422746556474,6.41086956521739,6.57837703196347,6.51925287356322,23
"25",2010,8,6.38461538461539,13,6.6875,5.9,6,NA,6.38461538461539,8,5,1,0,13,754,386,368,70,219,535,6.53410420424403,6.93717616580311,6.11131676630435,6.405,6.57837703196347,6.51598130841122,24
"26",2010,9,6.51428571428571,14,6.66,6.15,6.5,6.85,6.45833333333333,10,4,1,2,12,768,396,372,71,221,547,6.5337429296875,6.93017676767677,6.11173271505376,6.40633802816902,6.58083515837104,6.51471663619744,25
"27",2010,10,6.66666666666667,15,6.875,6.42857142857143,6.5,7.1,6.45,8,7,2,5,10,783,404,379,73,226,557,6.53628936143039,6.92908415841584,6.11758461741425,6.40890410958904,6.59232110619469,6.51355475763016,26
"28",2010,11,6.14583333333333,24,6.70833333333333,5.58333333333333,6,6.5,6.075,12,12,2,4,20,807,416,391,75,230,577,6.52467728624535,6.92271634615385,6.10118815856777,6.398,6.59071552173913,6.49835355285962,27
"29",2010,12,6.15882352941177,17,6.54444444444444,5.725,6.5,5.92857142857143,6.32,9,8,3,7,10,824,425,399,78,237,587,6.51712933252427,6.91470588235294,6.09364553884712,6.40192307692308,6.57115852320675,6.49531516183986,28
"30",2011,1,6.35714285714286,14,6.57142857142857,6.14285714285714,6,6.5,6.34615384615385,7,7,2,1,13,838,432,406,80,238,600,6.5144565274463,6.90914351851852,6.09449401477833,6.391875,6.57085953781513,6.49208333333333,29
"31",2011,2,6.825,16,7.05384615384615,5.83333333333333,5.5,6.75,6.83571428571429,13,3,1,2,14,854,445,409,81,240,614,6.52027467213115,6.91337078651685,6.09257841075795,6.38086419753087,6.572352375,6.49991856677524,30
"32",2011,3,6.2,12,6.77142857142857,5.4,5.5,5,6.30909090909091,7,5,2,1,11,866,452,414,83,241,625,6.51583668591224,6.91117256637168,6.08421393719807,6.35963855421687,6.56582809128631,6.49656,31
"33",2011,4,6.71428571428571,14,6.55555555555556,7,NA,6.5,6.8,9,5,0,4,10,880,461,419,83,245,635,6.51899382954545,6.90422993492408,6.09514217183771,6.35963855421687,6.56475334693878,6.50133858267717,32
"34",2011,5,6.5,14,6.7,6,5,6,6.7,10,4,1,4,10,894,471,423,84,249,645,6.51869638702461,6.89989384288747,6.0942424822695,6.34345238095238,6.55568100401606,6.50441860465116,33
"35",2011,6,6.42583333333333,12,6.795,5.6875,NA,6.81666666666667,6.29555555555556,8,4,0,3,9,906,479,427,84,252,654,6.51746641280353,6.89814196242171,6.09043224824356,6.34345238095238,6.55878797619048,6.50154434250765,34
"36",2011,7,6.32857142857143,21,6.76363636363636,5.85,7,6.6,6.24375,11,10,1,5,16,927,490,437,85,257,670,6.51318723840345,6.89512244897959,6.08493036613272,6.35117647058824,6.55958976653697,6.49538805970149,35
"37",2011,8,6.375,8,7,6,6.5,6.5,6.33333333333333,3,5,2,2,6,935,493,442,87,259,676,6.51200488770053,6.89576064908722,6.08396961538462,6.35459770114943,6.55912961389961,6.49394970414201,36
"38",2011,9,6.35333333333333,15,7.33333333333333,5.7,5.5,5.75,6.44615384615385,6,9,1,2,13,950,499,451,88,261,689,6.50949954736842,6.90102204408818,6.07630725055432,6.34488636363637,6.55292938697318,6.49304789550073,37
"39",2011,10,6.45,10,6.42857142857143,6.5,6,6,6.5,7,3,1,1,9,960,506,454,89,262,698,6.50887976041666,6.89448616600791,6.07910698237886,6.34101123595506,6.55081896946565,6.49313753581662,38
"40",2011,11,5.6,18,6.4375,4.93,6.33333333333333,6,5.48571428571429,8,10,3,4,14,978,514,464,92,266,712,6.49215191206544,6.88737354085603,6.05434174568966,6.34076086956522,6.54253597744361,6.47332865168539,39
"41",2011,12,6.43333333333333,12,6.74,6.21428571428571,NA,6.125,6.5875,5,7,0,4,8,990,519,471,92,270,720,6.49143895959596,6.88595375722543,6.05671883227176,6.34076086956522,6.53635025925926,6.47459722222222,40
"42",2012,1,6.76111111111111,18,6.75,6.775,5.75,6.5,6.81333333333333,10,8,2,3,15,1008,529,479,94,273,735,6.49625453373016,6.88338374291115,6.06871517745303,6.3281914893617,6.53595080586081,6.48151020408163,41
"43",2012,2,6.40476190476191,21,7.3,5.59090909090909,6.16666666666667,5.14285714285714,7.03571428571429,10,11,3,7,14,1029,539,490,97,280,749,6.4943873372206,6.89111317254174,6.05798891836735,6.32319587628866,6.50112346428571,6.4918691588785,42
"44",2012,3,6.70588235294118,17,6.93333333333333,5,6,6.5,6.73333333333333,15,2,1,2,15,1046,554,492,98,282,764,6.49782463671128,6.89225631768953,6.05368815040651,6.31989795918367,6.5011154964539,6.49660994764398,43
"45",2012,4,6,4,6,6,6,NA,6,2,2,1,0,4,1050,556,494,99,282,768,6.49592816190476,6.88904676258993,6.05347078947368,6.31666666666667,6.5011154964539,6.4940234375,44
"46",2012,5,6,9,7.5,5.57142857142857,6.83333333333333,5.625,6.3,2,7,3,4,5,1059,558,501,102,286,773,6.49171347497639,6.89123655913979,6.04673566866268,6.33186274509804,6.48886213286713,6.49276843467012,45
"47",2012,6,6.07222222222222,18,7.28571428571429,5.3,6.45,7.41666666666667,5.4,7,11,4,6,12,1077,565,512,106,292,785,6.48470247910863,6.89612389380531,6.03069251953125,6.33632075471698,6.50792660958904,6.47606369426752,46
"48",2012,7,6.88615384615385,13,7.14285714285714,6.58666666666667,6,6.5,7.05777777777778,7,6,1,4,9,1090,572,518,107,296,794,6.48949043119266,6.89914335664336,6.03713237451738,6.33317757009346,6.50781949324324,6.48265743073048,47
"49",2012,8,6.04736842105263,19,7.2875,5.14545454545455,6,6,6.06428571428571,8,11,1,5,14,1109,580,529,108,301,808,6.48191575293057,6.9045,6.01859086956522,6.33009259259259,6.49938395348837,6.47540841584158,48
"50",2012,9,6.725,16,6.75384615384615,6.6,NA,6.75,6.71666666666667,13,3,0,4,12,1125,593,532,108,305,820,6.48537295111111,6.90119730185498,6.0218694924812,6.33009259259259,6.50267072131147,6.47893902439024,49
"51",2012,10,6.92307692307692,13,7.09090909090909,6,6,6.66666666666667,7,11,2,1,3,10,1138,604,534,109,308,830,6.49037308435852,6.9046523178808,6.02178758426966,6.32706422018349,6.50426808441558,6.48521686746988,50
"52",2012,11,6.73333333333333,15,6.28571428571429,7.125,7.75,8.5,6.60714285714286,7,8,2,1,14,1153,611,542,111,309,844,6.49353388551604,6.89756137479542,6.03807116236162,6.3527027027027,6.51072676375404,6.48723933649289,51
"53",2012,12,6.55,19,6.82307692307692,5.95833333333333,6.5,7.5,6.371875,13,6,4,3,16,1172,624,548,115,312,860,6.49444929180887,6.89600961538462,6.03719812043796,6.35782608695652,6.52023900641026,6.48509302325581,52
"54",2013,1,6.52631578947368,19,6.9375,6.22727272727273,3,6.83333333333333,6.46875,8,11,1,3,16,1191,632,559,116,315,876,6.49495765743073,6.89653481012658,6.0409384078712,6.32887931034483,6.52322085714286,6.48479452054795,53
"55",2013,2,6.5,9,7.125,6,6,NA,6.5,4,5,1,0,9,1200,636,564,117,315,885,6.494995475,6.89797169811321,6.04057547872341,6.32606837606838,6.52322085714286,6.48494915254237,54
"56",2013,3,6.16470588235294,17,6.48,5.71428571428571,6.1,6.16666666666667,6.16428571428571,10,7,5,3,14,1217,646,571,122,318,899,6.49038173377157,6.89150154798762,6.0365754290718,6.31680327868853,6.51985713836478,6.47995550611791,55
"57",2013,4,6.145,10,6.74,5.55,5,6,6.16111111111111,5,5,1,1,9,1227,651,576,123,319,908,6.48756688671557,6.89033794162826,6.03235168402778,6.30609756097561,6.51822749216301,6.47679515418502,56
"58",2013,5,6.36363636363636,11,6.5,6.2,7,8,6.2,6,5,1,1,10,1238,657,581,124,320,918,6.486465726979,6.88677321156773,6.03379444061962,6.3116935483871,6.52285803125,6.47377995642702,57
"59",2013,6,7.04545454545455,11,7,7.5,7.5,7,7.05555555555556,10,1,1,2,9,1249,667,582,125,322,927,6.49138876701361,6.88847076461769,6.03631369415808,6.3212,6.52582164596273,6.47942826321467,58
"60",2013,7,6.875,8,6.83333333333333,6.9,NA,7,6.83333333333333,3,5,0,2,6,1257,670,587,125,324,933,6.49383020684169,6.88822388059702,6.0436704770017,6.3212,6.52874867283951,6.48170418006431,59
"61",2013,8,6.40909090909091,11,7.1,5.83333333333333,6,5,6.72222222222222,5,6,1,2,9,1268,675,593,126,326,942,6.49309508675079,6.88979259259259,6.04154227655987,6.31865079365079,6.51936984662577,6.48400212314225,60
"62",2013,9,6.57647058823529,17,6.88,6.14285714285714,6,6.76666666666667,6.53571428571429,10,7,1,3,14,1285,685,600,127,329,956,6.49419810894941,6.8896496350365,6.04272428333333,6.31614173228346,6.52162483282675,6.48475941422594,61
"63",2013,10,6.41578947368421,19,7.05714285714286,6.04166666666667,NA,5.6,6.51176470588235,7,12,0,2,17,1304,692,612,127,331,973,6.49305565184049,6.89134393063584,6.04270354575163,6.31614173228346,6.51605610271903,6.48523124357657,62
"64",2013,11,6.88461538461539,13,6.95,6.66666666666667,NA,7,6.875,10,3,0,1,12,1317,702,615,127,332,985,6.49692070615034,6.89217948717949,6.04574726829268,6.31614173228346,6.51751376506024,6.48997969543147,63
"65",2013,12,6.14285714285714,14,6.85714285714286,5.42857142857143,7,6.8,5.77777777777778,7,7,1,5,9,1331,709,622,128,337,994,6.49319652141247,6.89183356840621,6.03880155948553,6.321484375,6.52170495548961,6.48353118712274,64
"66",2014,1,6.05952380952381,21,6.88636363636364,5.15,6,5.65,6.1875,11,10,1,5,16,1352,720,632,129,342,1010,6.48646048076923,6.89175,6.02473824367089,6.31899224806202,6.50896073099415,6.47884158415842,65
"67",2014,2,5.95833333333333,12,6.4,5.64285714285714,5.5,6.16666666666667,5.88888888888889,5,7,2,3,9,1364,725,639,131,345,1019,6.48181420087976,6.88835862068966,6.02055488262911,6.30648854961832,6.50598426086956,6.4736310107949,66
"68",2014,3,6.35714285714286,7,6.875,5.66666666666667,7,7,6.25,4,3,1,1,6,1371,729,642,132,346,1025,6.48117765864332,6.8882853223594,6.01890119937695,6.31174242424242,6.50741205202312,6.47232195121951,67
"69",2014,4,6.35,10,6.875,6,6.75,6.375,6.33333333333333,4,6,2,4,6,1381,733,648,134,350,1031,6.48022778421434,6.88821282401091,6.01872618827161,6.31828358208955,6.50589877142857,6.47151309408341,68
"70",2014,5,6.59090909090909,11,6.5,7,NA,6,6.72222222222222,9,2,0,2,9,1392,742,650,134,352,1040,6.48110242097701,6.88350404312668,6.02174549230769,6.31828358208955,6.50302434659091,6.47368269230769,69
"71",2014,6,7.2,5,7.375,6.5,NA,6.5,7.375,4,1,0,1,4,1397,746,651,134,353,1044,6.48367542591267,6.88613941018767,6.02248013824885,6.31828358208955,6.50301577903683,6.47713601532567,70
"72",2014,7,6.38375,8,6.43857142857143,6,NA,5.5,6.51,7,1,0,1,7,1405,753,652,134,354,1051,6.48310645551601,6.88197875166003,6.0224456595092,6.31828358208955,6.50018240112994,6.47735490009515,71
"73",2014,8,7.3375,8,7.61666666666667,6.5,NA,7.5,7.28333333333333,6,2,0,2,6,1413,759,654,134,356,1057,6.48794378627035,6.88778656126482,6.02390607033639,6.31828358208955,6.50579935393258,6.48192999053926,72
"74",2014,9,5.825,8,7.16666666666667,5.02,5,NA,5.825,3,5,2,0,8,1421,762,659,136,356,1065,6.4842115200563,6.8888845144357,6.01628918057663,6.29889705882353,6.50579935393258,6.47699530516432,73
"75",2014,10,6.9875,8,7.2,6.63333333333333,NA,7.53333333333333,6.66,5,3,0,3,5,1429,767,662,136,359,1070,6.48702909027292,6.89091264667536,6.01908545317221,6.29889705882353,6.51438598885794,6.47785046728972,74
"76",2014,11,6.12142857142857,14,6.24444444444444,5.9,6.5,6,6.14166666666667,9,5,1,2,12,1443,776,667,137,361,1082,6.48348203049203,6.88341494845361,6.01819275862069,6.30036496350365,6.51153620498615,6.47412199630314,75
"77",2014,12,6.7,10,6.85714285714286,6.33333333333333,6.33333333333333,6.16666666666667,6.92857142857143,7,3,3,3,7,1453,783,670,140,364,1089,6.48497217481074,6.88318007662835,6.0196038358209,6.30107142857143,6.50869387362637,6.47704315886134,76
"78",2015,1,6.00588235294118,17,6.51428571428571,5.65,6.66666666666667,4.75,6.17333333333333,7,10,3,2,15,1470,790,680,143,366,1104,6.47943168027211,6.87991139240506,6.01416848529412,6.30874125874126,6.49908352459016,6.47291666666667,77
"79",2015,2,6.65384615384615,13,6.8125,6.4,7,7.375,6.33333333333333,8,5,1,4,9,1483,798,685,144,370,1113,6.48096060013486,6.87923558897243,6.01698477372263,6.31354166666667,6.50855289189189,6.47178796046721,78
"80",2015,3,6.95555555555556,9,7.08571428571429,6.5,NA,7.1,6.9375,7,2,0,1,8,1492,805,687,144,371,1121,6.4838234383378,6.88103105590062,6.01839093158661,6.31354166666667,6.51014708894879,6.47511150758252,79
"81",2015,4,6.38461538461539,13,6.8,6.125,6,6.83333333333333,6.25,5,8,2,3,10,1505,810,695,146,374,1131,6.48296649169435,6.88053086419753,6.01961808633094,6.30924657534247,6.51273949197861,6.47312113174182,80
"82",2015,5,6.57142857142857,7,6.75,5.5,NA,NA,6.57142857142857,6,1,0,0,7,1512,816,696,146,374,1138,6.48337603835979,6.87957107843137,6.01887150862069,6.30924657534247,6.51273949197861,6.47372583479789,81
"83",2015,6,6.5,7,6.58333333333333,6,6,NA,6.5,6,1,1,0,7,1519,822,697,147,374,1145,6.48345264647795,6.87740875912409,6.01884443328551,6.30714285714286,6.51273949197861,6.4738864628821,82
"84",2015,7,6.4,5,6.25,7,NA,7,6.25,4,1,0,1,4,1524,826,698,147,375,1149,6.48317885170604,6.87437046004843,6.02025010028653,6.30714285714286,6.51403885333333,6.47310704960836,83
"85",2015,8,6.375,12,6.28571428571429,6.5,6.5,7,6.25,7,5,2,2,10,1536,833,703,149,377,1159,6.48233370442708,6.8694237695078,6.02366226173542,6.30973154362416,6.51661689655172,6.47118205349439,84
"86",2015,9,6.375,8,6.6,6,7,7,6.28571428571429,5,3,1,1,7,1544,838,706,150,378,1166,6.48177757124352,6.86781622911695,6.02356171388102,6.31433333333333,6.51789568783069,6.47006861063465,85
"87",2015,10,6.5,14,6.9375,5.91666666666667,6,7,6.46153846153846,8,6,2,1,13,1558,846,712,152,379,1179,6.48194131578947,6.86847517730497,6.02266091292135,6.31019736842105,6.51916773087071,6.46997455470738,86
"88",2015,11,6.26666666666667,15,6.85714285714286,5.75,5.5,6,6.33333333333333,7,8,4,3,12,1573,853,720,156,382,1191,6.47988847425302,6.86838218053927,6.01963134722222,6.28942307692308,6.5150904973822,6.46859781696054,87
"89",2015,12,6.26071428571429,14,6.60714285714286,5.91428571428571,6.9,6.58333333333333,6.17272727272727,7,7,1,3,11,1587,860,727,157,385,1202,6.4779549905482,6.86625581395349,6.01861701513067,6.29331210191083,6.51562225974026,6.46589018302829,88
"90",2016,1,6.60714285714286,14,7.2,6.27777777777778,6.25,6.5,6.63636363636364,5,9,2,3,11,1601,865,736,159,388,1213,6.47908467832605,6.86818497109827,6.02178610054348,6.29276729559749,6.51550146907216,6.4674361088211,89
"91",2016,2,6.45,16,6.82222222222222,5.97142857142857,6.5,5.66666666666667,6.63076923076923,9,7,1,3,13,1617,874,743,160,391,1226,6.47879688930117,6.86771167048055,6.02131166890983,6.2940625,6.50898867007672,6.46916802610114,90
"92",2016,3,6.65454545454545,11,6.7,6.6,NA,5.975,7.04285714285714,6,5,0,4,7,1628,880,748,160,395,1233,6.47998437960688,6.86656818181818,6.02517990641711,6.2940625,6.50358118987342,6.47242497972425,91
"93",2016,4,5.41666666666667,6,6.25,3.75,4.5,NA,5.41666666666667,4,2,1,0,6,1634,884,750,161,395,1239,6.47607990820073,6.86377828054299,6.01911276,6.28291925465839,6.50358118987342,6.46731234866828,92
"94",2016,5,6.11538461538461,13,6.6875,5.2,4.66666666666667,6,6.125,8,5,3,1,12,1647,892,755,164,396,1251,6.47323289010322,6.86219730941704,6.01368817218543,6.25335365853659,6.50230952020202,6.46402877697842,93
"95",2016,6,6.79166666666667,12,6.95,6,6,6.5,6.88888888888889,10,2,1,3,9,1659,902,757,165,399,1260,6.47553620855937,6.86317073170732,6.01365200792602,6.25181818181818,6.50229215538847,6.46706349206349,94
"96",2016,7,6.42777777777778,9,6.87,5.875,NA,7.85,6.25,5,4,0,1,8,1668,907,761,165,400,1268,6.47527851918465,6.86320837927233,6.01292321944809,6.25181818181818,6.505661425,6.46569400630915,95
"97",2016,8,6.26923076923077,13,6.83333333333333,5.78571428571429,5,5,6.375,6,7,1,1,12,1681,913,768,166,401,1280,6.47368505056514,6.86301204819277,6.0108523046875,6.24427710843374,6.50190665835411,6.46484375,96
"98",2016,9,6.21428571428571,7,6.5,5.83333333333333,5.83333333333333,5.5,6.33333333333333,4,3,3,1,6,1688,917,771,169,402,1286,6.47260934241706,6.86142857142857,6.0101615693904,6.23698224852071,6.49941435323383,6.46423017107309,97
"99",2016,10,6.73333333333333,12,6.82857142857143,6.6,7,7.33333333333333,6.53333333333333,7,5,1,3,9,1700,924,776,170,405,1295,6.47444974705882,6.86117965367965,6.01396207474227,6.24147058823529,6.5055915308642,6.46471042471042,98
"100",2016,11,6.45555555555556,18,6.79090909090909,5.92857142857143,5,5,6.54117647058824,11,7,1,1,17,1718,935,783,171,406,1312,6.47425178696158,6.86035294117647,6.01319868454662,6.23421052631579,6.5018831773399,6.46570121951219,99
"101",2016,12,6.46,10,6.875,6.18333333333333,NA,6.05,6.5625,4,6,0,2,8,1728,939,789,171,408,1320,6.47416931134259,6.86041533546326,6.01449248415716,6.23421052631579,6.49966806372549,6.46628787878788,100
"102",2017,1,6.90833333333333,12,6.89,7,NA,7.5,6.79,10,2,0,2,10,1740,949,791,171,410,1330,6.47716354597701,6.86072708113804,6.01698428571429,6.23421052631579,6.50454773170732,6.46872180451128,101
"103",2017,2,6.40909090909091,11,6.5,6.3,6.5,6.25,6.44444444444444,6,5,1,2,9,1751,955,796,172,412,1339,6.47673590519703,6.85846073298429,6.01876202261307,6.23575581395349,6.50331206310679,6.46855862584018,102
"104",2017,3,6.24,5,6.06666666666667,6.5,7.5,NA,6.24,3,2,1,0,5,1756,958,798,173,412,1344,6.47606182801822,6.85598121085595,6.01996813283208,6.24306358381503,6.50331206310679,6.46770833333333,103
"105",2017,4,6.95833333333333,6,7.05,6.5,NA,6.5,7.05,5,1,0,1,5,1762,963,799,173,413,1349,6.4777040692395,6.85698857736241,6.02056892365457,6.24306358381503,6.50330404358353,6.46986656782802,104
"106",2017,5,7,16,7.07692307692308,6.66666666666667,7,6.75,7.03571428571429,13,3,1,2,14,1778,976,802,174,415,1363,6.48240414510686,6.85991803278688,6.02298574812968,6.24741379310345,6.50449293975903,6.47567865003668,105
"107",2017,6,6.25,8,6.5,5.5,5.5,NA,6.25,6,2,2,0,8,1786,982,804,176,415,1371,6.48136314109743,6.85771894093686,6.02168478855721,6.23892045454546,6.50449293975903,6.47436177972283,106
"108",2017,7,6,5,6.25,5,NA,NA,6,4,1,0,0,5,1791,986,805,176,415,1376,6.48001930206589,6.85525354969574,6.02041561490683,6.23892045454546,6.50449293975903,6.47263808139535,107
"109",2017,8,6.44444444444444,9,6.42857142857143,6.5,6.5,7,6.375,7,2,2,1,8,1800,993,807,178,416,1384,6.47984142777778,6.85224572004028,6.02160417596035,6.24185393258427,6.5056840625,6.47207369942196,108
"110",2017,9,6.5,1,6.5,NA,NA,6.5,NA,1,0,0,1,0,1801,994,807,178,417,1384,6.47985262076624,6.85189134808853,6.02160417596035,6.24185393258427,6.50567043165467,6.47207369942196,109
"111",2017,10,6.4,6,6.5,5.9,NA,5.9,6.5,5,1,0,1,5,1807,999,808,178,418,1389,6.47958747648036,6.85013013013013,6.02145367574257,6.24185393258427,6.50422145933014,6.47217422606191,110
"112",2017,11,6.30833333333333,12,6.7125,5.5,5.5,NA,6.30833333333333,8,4,2,0,12,1819,1007,812,180,418,1401,6.47845770753161,6.8490367428004,6.01888493842365,6.23361111111111,6.50422145933014,6.47077087794433,111
"113",2017,12,5.6,5,7,4.66666666666667,6,NA,5.6,2,3,1,0,5,1824,1009,815,181,418,1406,6.47604965460526,6.84933597621407,6.01390744785276,6.23232044198895,6.50422145933014,6.46767425320057,112
"114",2018,1,6.30666666666667,15,6.56,5.8,6,6.66666666666667,6.21666666666667,10,5,1,3,12,1839,1019,820,182,421,1418,6.47466806416531,6.84649656526006,6.01260313414634,6.23104395604396,6.50537902612826,6.46555007052186,113
"115",2018,2,6.64285714285714,7,7.1,5.5,NA,NA,6.64285714285714,5,2,0,0,7,1846,1024,822,182,421,1425,6.47530583423619,6.847734375,6.01135592457421,6.23104395604396,6.50537902612826,6.46642105263158,114
"116",2018,3,6.63636363636364,11,7,5.66666666666667,5,7.25,6.5,8,3,1,2,9,1857,1032,825,183,423,1434,6.47625986537426,6.84891472868217,6.01010250909091,6.22431693989071,6.50889969267139,6.46663179916318,115
"117",2018,4,6.33333333333333,6,6.66666666666667,6,6.5,6,6.66666666666667,3,3,2,3,3,1863,1035,828,185,426,1437,6.47579955448202,6.84838647342995,6.0100659057971,6.2272972972973,6.50531589201878,6.46704940848991,116
"118",2018,5,6.125,12,6.66666666666667,5.94444444444444,6,5.75,6.2,3,9,2,2,10,1875,1038,837,187,428,1447,6.47355443733333,6.8478612716763,6.00936029868578,6.22486631016043,6.50178637850467,6.46520387007602,117
"119",2018,6,5.25,8,6,5.14285714285714,4.5,6,5,1,7,2,2,6,1883,1039,844,189,430,1453,6.46835611789697,6.84704523580366,6.00217366113744,6.20661375661376,6.49945248837209,6.45915347556779,118
"120",2018,7,6.70833333333333,12,6.83333333333333,6.33333333333333,7,8.25,6.4,9,3,1,2,10,1895,1048,847,190,432,1463,6.46987576253298,6.84692748091603,6.00334659976387,6.21078947368421,6.507556875,6.45874914559125,119
"121",2018,8,6.31818181818182,11,6.6,6.08333333333333,NA,6,6.35,5,6,0,1,10,1906,1053,853,190,433,1473,6.46900029905562,6.84575498575499,6.00390922626026,6.21078947368421,6.50638468822171,6.45801086218601,120
"122",2018,9,6.85714285714286,7,6.9,6.75,7,7,6.83333333333333,5,2,1,1,6,1913,1058,855,191,434,1479,6.47042058024046,6.84601134215501,6.00565446783626,6.21492146596859,6.50752205069124,6.45953346855984,121
"123",2018,10,6.125,8,6.6,5.33333333333333,3,7,6,5,3,1,1,7,1921,1063,858,192,435,1486,6.46898207704321,6.84485418626529,6.00330369463869,6.19817708333333,6.50865418390804,6.45736877523553,122
"124",2018,11,6.265,8,6.83,5.7,4,5.6,6.664,4,4,1,3,5,1929,1067,862,193,438,1491,6.46813611715915,6.8447985004686,6.00189625290023,6.18678756476684,6.50243052511415,6.45806170355466,123
"125",2018,12,6.675,4,8,6.23333333333333,NA,6,6.9,1,3,0,1,3,1933,1068,865,193,439,1494,6.46856418520435,6.84588014981273,6.00269892485549,6.18678756476684,6.50128603644647,6.45894912985274,124
"126",2019,1,6.54545454545455,11,6.41666666666667,6.7,7,7,6.44444444444444,6,5,2,2,9,1944,1074,870,195,441,1503,6.46899926440329,6.84348230912477,6.00670640229885,6.19512820512821,6.50354777777778,6.4588622754491,125
"127",2019,2,6.03571428571429,14,6.28571428571429,5.78571428571429,5,7,5.96153846153846,7,7,3,1,13,1958,1081,877,198,442,1516,6.4659012104188,6.83987049028677,6.00494249714937,6.1770202020202,6.50467097285068,6.45459762532982,126
"128",2019,3,6.39285714285714,7,7.1875,5.33333333333333,3,NA,6.39285714285714,4,3,1,0,7,1965,1085,880,199,442,1523,6.46564100254453,6.84115207373272,6.00265292045455,6.16105527638191,6.50467097285068,6.45431385423506,127
"129",2019,4,5.875,8,6.4,5,6,NA,5.875,5,3,1,0,8,1973,1090,883,200,442,1531,6.46324610745059,6.83912844036697,5.999246398641,6.16025,6.50467097285068,6.45128674069236,128
"130",2019,5,6.65625,8,6.875,6,7,6.5,6.70833333333333,6,2,1,2,6,1981,1096,885,201,444,1537,6.46402552751136,6.83932481751825,5.99924810169492,6.16442786069652,6.50464993243243,6.45229017566688,129
"131",2019,6,6.52,5,6.66666666666667,6.3,6.3,7,6.4,3,2,2,1,4,1986,1099,887,203,445,1541,6.46416645015106,6.83885350318471,5.99992623449831,6.16576354679803,6.50576307865168,6.45215444516548,130
"132",2019,7,6,1,6,NA,NA,NA,6,1,0,0,0,1,1987,1100,887,203,445,1542,6.46393284851535,6.83809090909091,5.99992623449831,6.16576354679803,6.50576307865168,6.45186121919585,131
"133",2019,8,6.02,5,6,6.03333333333333,6.1,6.1,6,2,3,1,1,4,1992,1102,890,204,446,1546,6.46281855923695,6.83656987295826,6.00003884269663,6.16544117647059,6.50485329596412,6.45069210866753,132
"134",2019,9,7.1,5,7.125,7,7,NA,7.1,4,1,1,0,5,1997,1106,891,205,446,1551,6.46441390585879,6.8376130198915,6.0011611335578,6.16951219512195,6.50485329596412,6.45278529980658,133
"135",2019,10,7,6,7.25,6.5,6,7.5,6.75,4,2,1,2,4,2003,1110,893,206,448,1555,6.46601825761358,6.8390990990991,6.00227835386338,6.16868932038835,6.50929591517857,6.4535498392283,134
"136",2019,11,6.36363636363636,11,7.125,4.33333333333333,3.5,6.83333333333333,6.1875,8,3,2,3,8,2014,1118,896,208,451,1563,6.46545907149951,6.84114490161002,5.99669036830357,6.14302884615385,6.51145137472284,6.45218809980806,135
"137",2019,12,5.78571428571429,7,6.33333333333333,5.375,6.5,NA,5.78571428571429,3,4,1,0,7,2021,1121,900,209,451,1570,6.46310468579911,6.83978590544157,5.9939273,6.14473684210526,6.51145137472284,6.44921656050955,136
"138",2020,1,6.5,13,6.55555555555556,6.375,5.5,NA,6.5,9,4,2,0,13,2034,1130,904,211,451,1583,6.46334049655851,6.83752212389381,5.99561346238938,6.13862559241706,6.51145137472284,6.44963360707517,137
"139",2020,2,7.16666666666667,3,7.5,6.5,NA,NA,7.16666666666667,2,1,0,0,3,2037,1132,905,211,451,1586,6.46437632302406,6.8386925795053,5.99617079558011,6.13862559241706,6.51145137472284,6.45098991172762,138
"140",2020,3,5.95,6,6.23333333333333,5.66666666666667,NA,NA,5.95,3,3,0,0,6,2043,1135,908,211,451,1592,6.46286567302986,6.83709251101322,5.99508212555066,6.13862559241706,6.51145137472284,6.44910175879397,139
"141",2020,4,6.47090909090909,11,6.90888888888889,4.5,NA,NA,6.47090909090909,9,2,0,0,11,2054,1144,910,211,451,1603,6.46290874878287,6.83765734265734,5.99179623076923,6.13862559241706,6.51145137472284,6.44925140361822,140
"142",2020,5,6.08333333333333,12,6.85714285714286,5,4.33333333333333,5.5,6.375,7,5,3,4,8,2066,1151,915,214,455,1611,6.46070405130688,6.83777584708949,5.98637657923497,6.11331775700935,6.50255949450549,6.44888268156425,141
"143",2020,6,6.66666666666667,3,6,7,6,NA,6.66666666666667,1,2,1,0,3,2069,1152,917,215,455,1614,6.4610026921218,6.83704861111111,5.98858731733915,6.11279069767442,6.50255949450549,6.44928748451053,142
"144",2020,7,6.25,4,6.33333333333333,6,NA,NA,6.25,3,1,0,0,4,2073,1155,918,215,455,1618,6.46059554751568,6.83574025974026,5.98859974945534,6.11279069767442,6.50255949450549,6.44879480840544,143
"145",2020,8,6.16666666666667,9,6.5,5,NA,8,5.9375,7,2,0,1,8,2082,1162,920,215,456,1626,6.45932496157541,6.83371772805508,5.98645061956522,6.11279069767442,6.50584335526316,6.44627921279213,144
"146",2020,9,6.51818181818182,11,6.55555555555556,6.35,NA,NA,6.51818181818182,9,2,0,0,11,2093,1171,922,215,456,1637,6.45963429049212,6.83157984628523,5.98723922993493,6.11279069767442,6.50584335526316,6.44676237018937,145
"147",2020,10,6.4975,8,6.695,6.3,5,8,6.28285714285714,4,4,1,1,7,2101,1175,926,216,457,1644,6.45977847215612,6.83111489361702,5.98859024838013,6.10763888888889,6.50911284463895,6.44606447688565,146
"148",2020,11,7.07142857142857,14,7.33333333333333,5.5,NA,NA,7.07142857142857,12,2,0,0,14,2115,1187,928,216,457,1658,6.46382721985816,6.83619208087616,5.98753725215517,6.10763888888889,6.50911284463895,6.45134499396864,147
"149",2020,12,5.99166666666667,12,6.08181818181818,5,NA,6.9,5.90909090909091,11,1,0,1,11,2127,1198,929,216,458,1669,6.46116340855666,6.82926544240401,5.98647424111948,6.10763888888889,6.50996631004367,6.4477711204314,148
"150",2021,1,6.47375,16,6.78,5.8,5.33333333333333,6.5,6.47,11,5,3,2,14,2143,1209,934,219,460,1683,6.46125738217452,6.82881720430107,5.98547598501071,6.09703196347032,6.50992297826087,6.44795603089721,149
"151",2021,2,6.52666692307692,13,7.23083375,5.4,6,5.5,6.98296333333333,8,5,1,4,9,2156,1217,939,220,464,1692,6.46165178107607,6.8314598767461,5.98235843450479,6.09659090909091,6.50121674568965,6.45080181442081,150
"152",2021,3,6.34285714285714,7,6.76666666666667,6.025,6.5,6,6.48,3,4,2,2,5,2163,1220,943,222,466,1697,6.46126733240869,6.83130054918033,5.9825393107105,6.10022522522523,6.49906560085837,6.4508878432528,151
"153",2021,4,5.61111111111111,9,5.75,5.33333333333333,5.5,5,5.6875,6,3,2,1,8,2172,1226,946,224,467,1705,6.45774458563536,6.82600870309951,5.9804805179704,6.09486607142857,6.49585561027837,6.44730596480939,152
"154",2021,5,6.7,4,6.76666666666667,6.5,6.5,NA,6.7,3,1,1,0,4,2176,1229,947,225,467,1709,6.45818990808824,6.82586384865744,5.98102911298839,6.09666666666667,6.49585561027837,6.44789740784084,153
"155",2021,6,7,4,7,7,7,NA,7,3,1,1,0,4,2180,1232,948,226,467,1713,6.45918405504587,6.82628788149351,5.98210397679325,6.10066371681416,6.49585561027837,6.44918661412726,154
"156",2021,7,6.56666666666667,6,7.08,4,NA,NA,6.56666666666667,5,1,0,0,6,2186,1237,949,226,467,1719,6.45947906678866,6.82731339531124,5.98001535300316,6.10066371681416,6.49585561027837,6.44959666666667,155
"157",2021,8,6.45454545454545,11,6.625,6,NA,6.5,6.45,8,3,0,1,10,2197,1245,952,226,468,1729,6.45945436504324,6.82601338955823,5.98007832983193,6.10066371681416,6.49586446581197,6.44959899942163,156
"158",2021,9,5.66125,8,6.66666666666667,5.058,6,4,6.215,3,5,1,2,6,2205,1248,957,227,470,1735,6.45655838548753,6.82563034455128,5.97526078369906,6.10022026431718,6.48524376595745,6.44878770605187,157
"159",2021,10,6.33333333333333,3,7,6,NA,NA,6.33333333333333,1,2,0,0,3,2208,1249,959,227,470,1738,6.45639096014493,6.82576995196157,5.97531237747654,6.10022026431718,6.48524376595745,6.44858841772152,158
"160",2021,11,6.5,7,6.33333333333333,7.5,7.5,7.5,6.33333333333333,6,1,1,1,6,2215,1255,960,228,471,1744,6.4565287765237,6.82341567330677,5.97690059375,6.10635964912281,6.48739823779193,6.44819189793578,159
"161",2021,12,7.0975,8,7.0975,NA,NA,NA,7.0975,8,0,0,0,8,2223,1263,960,228,471,1752,6.45883546558705,6.82515175771971,5.97690059375,6.10635964912281,6.48739823779193,6.45115677511416,160
"162",2022,1,6.39285714285714,14,6.61111111111111,6,NA,6.5,6.375,9,5,0,2,12,2237,1272,965,228,473,1764,6.45842254805543,6.82363731918239,5.97702027979275,6.10635964912281,6.48745152219873,6.45063870181406,161
"163",2022,2,5.88888888888889,9,6,5.5,1,6,5.875,7,2,1,1,8,2246,1279,967,229,474,1772,6.45614035618878,6.8191295308835,5.97603368148914,6.08406113537118,6.48642314345991,6.44803988148984,162
"164",2022,3,6.125,12,6.41666666666667,5.83333333333333,NA,6,6.13636363636364,6,6,0,1,11,2258,1285,973,229,475,1783,6.45438053144376,6.81725032684825,5.97515372045221,6.08406113537118,6.48539909473684,6.4461170330903,163
"165",2022,4,6.94444444444444,9,6.8,7.125,NA,6,7.0625,5,4,0,1,8,2267,1290,977,229,476,1791,6.4563260873401,6.81718346511628,5.97986138178096,6.08406113537118,6.48437934873949,6.44887027917365,164
"166",2022,5,6,7,6.4,5,NA,6,6,5,2,0,1,6,2274,1295,979,229,477,1797,6.45492138962181,6.81557271814672,5.97785962206333,6.08406113537118,6.48336387840671,6.44737154702282,165
"167",2022,6,5.9,6,5.46666666666667,6.33333333333333,NA,6.4,5.8,3,3,0,1,5,2280,1298,982,229,478,1802,6.45346107017544,6.81245506163328,5.97894559063137,6.08406113537118,6.48318947698745,6.44557528856826,166
"168",2022,7,7.5,5,8,7.16666666666667,NA,7,7.625,2,3,0,1,4,2285,1300,985,229,479,1806,6.45575108971554,6.81428205384615,5.98256301522843,6.08406113537118,6.48426841336117,6.44818752491695,167
"169",2022,8,7.486,20,7.61571428571429,7.18333333333333,8.1,7.2,7.58133333333333,14,6,1,5,15,2305,1314,991,230,484,1821,6.46469034273319,6.82282090563166,5.98983306760848,6.09282608695652,6.49166233471074,6.45752151015925,168
