"","year","month","avg_rating","no_ratings","avg_rating_owned","avg_rating_not_owned","avg_rating_prev_owned","avg_rating_comment","avg_rating_no_comment","no_ratings_owned","no_ratings_not_owned","no_ratings_prev_owned","no_ratings_comment","no_ratings_no_comment","cum_no_ratings","cum_no_ratings_owned","cum_no_ratings_not_owned","cum_no_ratings_prev_owned","cum_no_ratings_comment","cum_no_ratings_no_comment","cum_avg_rating","cum_avg_rating_owned","cum_avg_rating_not_owned","cum_avg_rating_prev_owned","cum_avg_rating_comment","cum_avg_rating_no_comment","month_after_release"
"1",2008,10,7.5,4,8,7.33333333333333,NA,8,7.33333333333333,1,3,0,1,3,4,1,3,0,1,3,7.5,8,7.33333333333333,NA,8,7.33333333333333,0
"2",2008,11,7.55128205128205,39,7.82222222222222,6.94166666666667,6.9,7.66363636363636,7.50714285714286,27,12,2,11,28,43,28,15,2,12,31,7.54651162790698,7.82857142857143,7.02,6.9,7.69166666666667,7.49032258064516,1
"3",2008,12,7.47424242424242,66,7.775,6.94791666666667,7.66666666666667,7.62142857142857,7.40555555555556,42,24,3,21,45,109,70,39,5,33,76,7.50275229357798,7.79642857142857,6.97564102564103,7.36,7.6469696969697,7.44013157894737,2
"4",2009,1,7.65476190476191,63,8.04880952380952,6.86666666666667,7.8,7.5,7.71195652173913,42,21,5,17,46,172,112,60,10,50,122,7.55843023255814,7.89107142857143,6.9375,7.58,7.597,7.54262295081967,3
"5",2009,2,7.00632911392405,79,7.58409090909091,6.28,6.76,7.06842105263158,6.98666666666667,44,35,5,19,60,251,156,95,15,69,182,7.38466135458167,7.80448717948718,6.69526315789474,7.30666666666667,7.45144927536232,7.35934065934066,4
"6",2009,3,7.25454545454545,77,7.6390243902439,6.81666666666667,7.18181818181818,6.97407407407407,7.406,41,36,11,27,50,328,197,131,26,96,232,7.35411585365854,7.77005076142132,6.72862595419847,7.25384615384615,7.3171875,7.36939655172414,5
"7",2009,4,7.3967032967033,91,7.82358490566038,6.80131578947368,6.875,7.72727272727273,7.29130434782609,53,38,4,22,69,419,250,169,30,118,301,7.36336515513127,7.7814,6.74497041420118,7.20333333333333,7.39364406779661,7.3514950166113,6
"8",2009,5,7.36630434782609,92,7.70816326530612,6.97674418604651,7.28571428571429,7.29166666666667,7.39264705882353,49,43,7,24,68,511,299,212,37,142,369,7.36389432485323,7.76939799331104,6.79198113207547,7.21891891891892,7.37640845070423,7.35907859078591,7
"9",2009,6,6.91510416666667,96,7.528125,6.30208333333333,6.8125,7.03235294117647,6.88987341772152,48,48,8,17,79,607,347,260,45,159,448,7.29291598023064,7.73602305475504,6.70153846153846,7.14666666666667,7.33962264150943,7.27633928571429,8
"10",2009,7,7.22840909090909,88,7.61625,6.90520833333333,7.25,7.125,7.25882352941176,40,48,12,20,68,695,387,308,57,179,516,7.28474820143885,7.72364341085271,6.73327922077922,7.16842105263158,7.31564245810056,7.27403100775194,9
"11",2009,8,6.8421875,64,7.676,6.30769230769231,6.75,6.595,6.95454545454545,25,39,12,20,44,759,412,347,69,199,560,7.24743083003953,7.72075242718447,6.68544668587896,7.09565217391304,7.24321608040201,7.24892857142857,10
"12",2009,9,7.01857142857143,70,7.49333333333333,6.6625,6.67142857142857,7.14210526315789,6.97254901960784,30,40,7,19,51,829,442,387,76,218,611,7.22810615199035,7.70531674208145,6.68307493540052,7.05657894736842,7.23440366972477,7.22585924713584,11
"13",2009,10,7.11794871794872,78,7.4475,6.77105263157895,6.92857142857143,6.79545454545455,7.24464285714286,40,38,7,22,56,907,482,425,83,240,667,7.21863285556781,7.68392116182573,6.69094117647059,7.04578313253012,7.19416666666667,7.22743628185907,12
"14",2009,11,6.94246575342466,73,7.58620689655172,6.51818181818182,7.14444444444444,6.7,7.0051724137931,29,44,9,15,58,980,511,469,92,255,725,7.1980612244898,7.67837573385519,6.67473347547975,7.05543478260869,7.16509803921569,7.20965517241379,13
"15",2009,12,7.05840336134454,119,7.48936170212766,6.77708333333333,6.782,7.16923076923077,7.02741935483871,47,72,25,26,93,1099,558,541,117,281,818,7.18293903548681,7.66245519713262,6.68835489833642,6.99700854700855,7.16548042704626,7.18893643031785,14
"16",2010,1,7.23893805309735,113,7.76129032258065,6.60392156862745,7.22,6.73269230769231,7.39022988505747,62,51,15,26,87,1212,620,592,132,307,905,7.1881600660066,7.67233870967742,6.68108108108108,7.02234848484848,7.12882736156352,7.20828729281768,15
"17",2010,2,7.31898734177215,79,7.84102564102564,6.81,7.71666666666667,7.75555555555556,7.19016393442623,39,40,6,18,61,1291,659,632,138,325,966,7.19616576297444,7.68232169954476,6.68924050632911,7.05253623188406,7.16353846153846,7.20714285714286,16
"18",2010,3,7.125,68,7.72972972972973,6.40322580645161,6.14285714285714,5.88333333333333,7.39107142857143,37,31,7,12,56,1359,696,663,145,337,1022,7.19260485651214,7.68484195402299,6.67586726998492,7.00862068965517,7.11795252225519,7.21722113502935,17
"19",2010,4,6.96171875,64,7.21785714285714,6.7625,7.02857142857143,7.21153846153846,6.89803921568627,28,36,7,13,51,1423,724,699,152,350,1073,7.18222066057625,7.6667817679558,6.68032904148784,7.00953947368421,7.12142857142857,7.20205032618826,18
"20",2010,5,6.93970588235294,68,7.59714285714286,6.24242424242424,6.6,7.00588235294118,6.91764705882353,35,33,5,17,51,1491,759,732,157,367,1124,7.17116029510396,7.66357048748353,6.66058743169399,6.99649681528662,7.11607629427793,7.18914590747331,19
"21",2010,6,6.751,50,7.50178571428571,5.79545454545455,7,6.42727272727273,6.84230769230769,28,22,1,11,39,1541,787,754,158,378,1163,7.15752757949383,7.65781448538755,6.63534482758621,6.99651898734177,7.09603174603175,7.17751504729149,20
"22",2010,7,6.94344262295082,61,7.57592592592593,6.44117647058824,6.15,6.35294117647059,7.17159090909091,27,34,10,17,44,1602,814,788,168,395,1207,7.14937578027465,7.65509828009828,6.62696700507614,6.94613095238095,7.06405063291139,7.17729908864954,21
"23",2010,8,7.22016129032258,62,7.52407407407407,6.98571428571429,7.06153846153846,7.22368421052632,7.21860465116279,27,35,13,19,43,1664,841,823,181,414,1250,7.15201322115384,7.65089179548157,6.64222357229648,6.95441988950276,7.0713768115942,7.17872,22
"24",2010,9,6.79387755102041,49,7.69444444444444,6.27096774193548,7.02857142857143,6.04,6.98717948717949,18,31,7,10,39,1713,859,854,188,424,1289,7.14176882661996,7.65180442374854,6.62874707259953,6.95718085106383,7.04705188679245,7.17292474786656,23
"25",2010,10,6.91140350877193,57,7.664,6.3234375,6.79166666666667,7.1,6.86630434782609,25,32,6,11,46,1770,884,886,194,435,1335,7.13435028248587,7.65214932126697,6.61772009029345,6.9520618556701,7.0483908045977,7.1623595505618,24
"26",2010,11,6.92772277227723,101,7.30816326530612,6.56923076923077,6.58,6.70625,6.96941176470588,49,52,10,16,85,1871,933,938,204,451,1420,7.12319615179049,7.63408360128617,6.61503198294243,6.93382352941176,7.03625277161863,7.15080985915493,25
"27",2010,12,6.7903738317757,107,7.50227272727273,6.2931746031746,6.05263157894737,6.60357142857143,6.85658227848101,44,63,19,28,79,1978,977,1001,223,479,1499,7.1051921132457,7.62814738996929,6.59477522477523,6.85874439461883,7.01096033402923,7.13530353569046,26
"28",2011,1,7.20483870967742,93,7.47115384615385,6.86707317073171,6.86363636363636,7.76470588235294,7.07960526315789,52,41,11,17,76,2071,1029,1042,234,496,1575,7.10966682761951,7.62021379980564,6.60548944337812,6.85897435897436,7.03679435483871,7.13261587301587,27
"29",2011,2,7.20933333333333,75,7.65588235294118,6.8390243902439,7.25333333333333,7.44444444444444,7.13508771929825,34,41,15,18,57,2146,1063,1083,249,514,1632,7.11315004659832,7.62135465663217,6.61433056325023,6.88273092369478,7.05107003891051,7.13270220588235,28
"30",2011,3,7.28369230769231,65,7.841875,6.74242424242424,6.46428571428571,7.34666666666667,7.2648,32,33,14,15,50,2211,1095,1116,263,529,1682,7.11816372682044,7.62779908675799,6.61811827956989,6.86045627376426,7.05945179584121,7.13662901307967,29
"31",2011,4,7.01333333333333,60,7.33243243243243,6.5,6.81818181818182,7.125,6.97272727272727,37,23,11,16,44,2271,1132,1139,274,545,1726,7.11539409951563,7.61814487632509,6.61573309920983,6.85875912408759,7.06137614678899,7.13245075318656,30
"32",2011,5,6.83076923076923,65,7.17241379310345,6.55555555555556,6.33,6.6,6.9,29,36,10,15,50,2336,1161,1175,284,560,1776,7.10747431506849,7.60701119724376,6.61388936170213,6.84014084507042,7.04901785714286,7.12590653153153,31
"33",2011,6,7.173,40,7.57478260869565,6.62941176470588,6.65,7.3,7.13612903225806,23,17,8,9,31,2376,1184,1192,292,569,1807,7.10857744107744,7.60638513513513,6.61411073825503,6.83493150684931,7.05298769771529,7.1260819037078,32
"34",2011,7,6.83098591549296,71,7.38,6.29722222222222,5.95,6.21052631578947,7.05769230769231,35,36,10,19,52,2447,1219,1228,302,588,1859,7.10052308949734,7.59988515176374,6.60482084690554,6.80562913907285,7.02576530612245,7.12416890801506,33
"35",2011,8,7.14754098360656,61,7.54848484848485,6.675,6.75,7.38333333333333,7.08979591836735,33,28,8,12,49,2508,1252,1256,310,600,1908,7.10166666666666,7.5985303514377,6.60638535031847,6.80419354838709,7.03291666666667,7.12328616352201,34
"36",2011,9,6.73188405797101,69,7.44444444444444,6.27380952380952,5.90909090909091,5.375,6.90983606557377,27,42,11,8,61,2577,1279,1298,321,608,1969,7.09176561893675,7.59527756059421,6.59562403697997,6.77352024922118,7.01110197368421,7.11667343829355,35
"37",2011,10,7.15202702702703,74,7.51547619047619,6.675,6.87272727272727,7.05789473684211,7.18454545454545,42,32,11,19,55,2651,1321,1330,332,627,2024,7.09344775556394,7.59274034822104,6.59753383458647,6.77680722891566,7.01251993620415,7.11851778656126,36
"38",2011,11,6.7722972972973,74,7.43783783783784,6.10675675675676,7,6.52777777777778,6.85089285714286,37,37,8,18,56,2725,1358,1367,340,645,2080,7.08472660550459,7.58851988217968,6.58425018288222,6.78205882352941,6.99899224806202,7.1113125,37
"39",2011,12,7.32672413793103,58,7.65789473684211,6.6975,7,7.3125,7.329,38,20,4,8,50,2783,1396,1387,344,653,2130,7.0897700323392,7.59040830945559,6.58588320115357,6.78459302325581,7.00283307810107,7.11642253521127,38
"40",2012,1,7.13010204081633,98,7.59545454545455,6.53488372093023,6.36666666666667,7.125,7.13125,55,43,15,18,80,2881,1451,1430,359,671,2210,7.09114196459563,7.59059958649207,6.58434965034965,6.76713091922005,7.00611028315946,7.1169592760181,39
"41",2012,2,6.755,60,7.515,6.375,6.25,6.96153846153846,6.69787234042553,20,40,12,13,47,2941,1471,1470,371,684,2257,7.08428425705542,7.58957171991842,6.57865306122449,6.75040431266846,7.00526315789474,7.10823216659282,40
"42",2012,3,7.07727272727273,55,7.47222222222222,6.69642857142857,7.14285714285714,7.66666666666667,7.00510204081633,27,28,7,6,49,2996,1498,1498,378,690,2306,7.08415554072096,7.58745660881175,6.58085447263018,6.75767195767196,7.01101449275362,7.10604076322637,41
"43",2012,4,7.0698275862069,58,7.37285714285714,6.60869565217391,6.28571428571429,7.14166666666667,7.05108695652174,35,23,7,12,46,3054,1533,1521,385,702,2352,7.08388343156516,7.58255707762557,6.58127547666009,6.74909090909091,7.01324786324786,7.10496598639456,42
"44",2012,5,6.90081967213115,61,7.33625,6.07142857142857,6.8125,6.815,6.91764705882353,40,21,8,10,51,3115,1573,1542,393,712,2403,7.08029855537721,7.57629370629371,6.57433203631647,6.75038167938931,7.01046348314607,7.10099042863088,43
"45",2012,6,7.37909090909091,55,7.9241935483871,6.675,7.1,7.85,7.27444444444444,31,24,2,10,45,3170,1604,1566,395,722,2448,7.08548264984227,7.5830174563591,6.5758748403576,6.75215189873417,7.02209141274238,7.10417892156863,44
"46",2012,7,7.30971830985915,71,7.70921052631579,6.84969696969697,7.02222222222222,7.44375,7.29269841269841,38,33,9,8,63,3241,1642,1599,404,730,2511,7.09039493983338,7.58593788063337,6.58152595372108,6.75816831683168,7.02671232876712,7.10890880127439,45
"47",2012,8,7.42971212121212,66,7.8557027027027,6.88620689655172,7.5,8.22222222222222,7.30457894736842,37,29,6,9,57,3307,1679,1628,410,739,2568,7.09716691865739,7.59188266825491,6.58695331695332,6.7690243902439,7.04127198917456,7.1132519470405,46
"48",2012,9,7.37678571428571,56,7.83243243243243,6.48947368421053,6.16666666666667,7.1,7.46046511627907,37,19,6,13,43,3363,1716,1647,416,752,2611,7.10182307463574,7.59706934731935,6.58582877959927,6.76033653846154,7.04228723404255,7.11897012638835,47
"49",2012,10,6.88583333333333,60,7.34264705882353,6.28846153846154,5.2,7.08333333333333,6.86388888888889,34,26,5,6,54,3423,1750,1673,421,758,2665,7.09803710195735,7.59212628571428,6.58120741183503,6.7418052256532,7.04261213720317,7.11380150093808,48
"50",2012,11,7.47692307692308,78,7.68541666666667,7.14333333333333,7.05714285714286,8.03,7.39558823529412,48,30,7,10,68,3501,1798,1703,428,768,2733,7.10647843473293,7.59461679644049,6.59110980622431,6.74696261682243,7.05546875,7.1208126600805,49
"51",2012,12,7.00284090909091,88,7.58510638297872,6.33536585365854,5.88461538461539,6.69565217391304,7.11153846153846,47,41,13,23,65,3589,1845,1744,441,791,2798,7.10393730844246,7.59437452574526,6.58509747706422,6.72154195011338,7.04500632111252,7.12059721229449,50
"52",2013,1,7.16835106382979,94,7.45454545454545,6.76474358974359,7.09090909090909,7.75,7.075,55,39,11,13,81,3683,1900,1783,452,804,2879,7.10558131957643,7.59032684210526,6.5890269209198,6.73053097345132,7.05640547263682,7.11931434525877,51
"53",2013,2,6.996,60,7.35516129032258,6.61206896551724,6.43181818181818,6.94444444444444,7.00509803921569,31,29,11,9,51,3743,1931,1812,463,813,2930,7.10382473951376,7.58655152770585,6.58939569536424,6.72343412526998,7.05516605166052,7.11732627986348,52
"54",2013,3,6.96461538461538,78,7.4219512195122,6.45783783783784,7.27714285714286,7.64,6.85373134328358,41,37,7,11,67,3821,1972,1849,470,824,2997,7.1009829887464,7.58312931034483,6.58676311519741,6.73168085106383,7.06297330097087,7.11143343343343,53
"55",2013,4,7.1764,100,7.49428571428571,6.63513513513514,6.55555555555556,6.84545454545455,7.26974358974359,63,37,9,22,78,3921,2035,1886,479,846,3075,7.10290640142821,7.58037886977887,6.58771208907742,6.72837160751566,7.05731678486998,7.11544910569106,54
"56",2013,5,7.19574468085106,94,7.56666666666667,6.80869565217391,7.26153846153846,7.0875,7.21794871794872,48,46,13,16,78,4015,2083,1932,492,862,3153,7.1050799501868,7.58006289006241,6.59297360248447,6.74245934959349,7.05787703016241,7.11798477640342,55
"57",2013,6,6.91846846846847,111,7.40471698113208,6.47413793103448,7.23529411764706,6.47894736842105,7.00923913043478,53,58,17,19,92,4126,2136,1990,509,881,3245,7.10005962190984,7.57571207865168,6.58951005025126,6.75891944990177,7.04539160045403,7.11490169491525,56
"58",2013,7,7.06732673267327,101,7.62727272727273,6.39782608695652,7.39230769230769,7.23684210526316,7.02804878048781,55,46,13,19,82,4227,2191,2036,522,900,3327,7.09927750177431,7.57700638977636,6.58517927308448,6.77469348659004,7.04943333333333,7.11276104598737,57
"59",2013,8,7.10560747663551,107,7.51590909090909,6.44512195121951,6.66071428571429,7.22,7.07931034482759,66,41,14,20,87,4334,2257,2077,536,920,3414,7.09943377941855,7.57521976074435,6.58241454020222,6.77171641791045,7.05314130434783,7.1119086115993,58
"60",2013,9,7.12072072072072,111,7.45454545454545,6.63111111111111,6.88571428571429,7.05882352941176,7.13191489361702,66,45,14,17,94,4445,2323,2122,550,937,3508,7.09996535433071,7.57179121825226,6.58344721960415,6.77461818181818,7.05324439701174,7.11244469783352,59
"61",2013,10,7.09634146341463,123,7.505,6.55660377358491,6.56,6.98529411764706,7.11415094339623,70,53,20,17,106,4568,2393,2175,570,954,3614,7.09986777583187,7.56983744254074,6.58279310344828,6.76708771929824,7.05203354297694,7.1124947426674,60
"62",2013,11,7.082265625,128,7.50281690140845,6.55842105263158,6.61904761904762,7.25,7.05481818181818,71,57,21,18,110,4696,2464,2232,591,972,3724,7.09938798977854,7.56790625,6.58217069892473,6.76182741116751,7.05569958847737,7.11079108485499,61
"63",2013,12,7.22971014492754,138,7.63858695652174,6.41195652173913,6.97058823529412,7.112,7.25575221238938,92,46,17,25,113,4834,2556,2278,608,997,3837,7.10310839884154,7.57045031298904,6.5787335381914,6.76766447368421,7.05711133400201,7.11506020328381,62
"64",2014,1,7.16969696969697,165,7.51634615384615,6.57868852459016,6.48611111111111,7.16666666666667,7.17013888888889,104,61,18,21,144,4999,2660,2339,626,1018,3981,7.10530626125225,7.56833496240601,6.57873236425823,6.75956869009585,7.05937131630648,7.11705249937202,63
"65",2014,2,7.14,140,7.56857142857143,6.71142857142857,6.77777777777778,7.54166666666667,7.05689655172414,70,70,27,24,116,5139,2730,2409,653,1042,4097,7.10625141078031,7.56834102564102,6.58258821087588,6.76032159264931,7.07047984644914,7.11534927996095,64
"66",2014,3,7.18201754385965,114,7.52857142857143,6.63068181818182,6.32142857142857,7.27857142857143,7.1685,70,44,14,14,100,5253,2800,2453,667,1056,4197,7.10789567865981,7.56734678571428,6.58345087647778,6.75110944527736,7.07323863636364,7.11661567786514,65
"67",2014,4,7.08300970873786,103,7.47265625,6.44358974358974,6.51428571428571,7.1125,7.07590361445783,64,39,7,20,83,5356,2864,2492,674,1076,4280,7.10741710231516,7.56523079608938,6.58126203852328,6.74864985163205,7.07396840148699,7.1158261682243,66
"68",2014,5,7.24333333333333,117,7.620625,6.7877358490566,6.26388888888889,6.78823529411765,7.3207,64,53,18,17,100,5473,2928,2545,692,1093,4380,7.11032267494975,7.56644159836065,6.58556188605108,6.73604046242774,7.06952424519671,7.12050365296803,67
"69",2014,6,7.09824561403509,114,7.40087719298246,6.79561403508772,7.36111111111111,6.52941176470588,7.1979381443299,57,57,18,17,97,5587,2985,2602,710,1110,4477,7.11007624843386,7.56328006700167,6.59016333589547,6.75188732394366,7.06125225225225,7.1221813714541,68
"70",2014,7,6.9219298245614,114,7.36640625,6.353,6.6425,7.09166666666667,6.90196078431373,64,50,20,12,102,5701,3049,2652,730,1122,4579,7.10631398000351,7.55914758937356,6.5856919306184,6.7488904109589,7.06157754010695,7.11727582441581,69
"71",2014,8,7.10113475177305,141,7.40843373493976,6.66137931034483,6.84583333333333,7.01739130434783,7.11745762711864,83,58,24,23,118,5842,3132,2710,754,1145,4697,7.10618897637795,7.55515357598978,6.58731180811808,6.75197612732095,7.06068995633188,7.11728039173941,70
"72",2014,9,6.84961240310078,129,7.25757575757576,6.42222222222222,6.9695652173913,6.75555555555556,6.87450980392157,66,63,23,27,102,5971,3198,2773,777,1172,4799,7.10064578797521,7.54901219512195,6.58356112513523,6.75841698841699,7.05366040955631,7.1121204417587,71
"73",2014,10,7.09128440366973,109,7.48103448275862,6.64803921568627,6.75238095238095,7.03333333333333,7.10511363636364,58,51,21,21,88,6080,3256,2824,798,1193,4887,7.10047796052632,7.54780128992629,6.58472556657224,6.75825814536341,7.0533025984912,7.11199427051361,72
"74",2014,11,6.73217105263158,152,7.20055555555556,6.05225806451613,6.24625,6.95,6.67860655737705,90,62,16,30,122,6232,3346,2886,814,1223,5009,7.09149486521181,7.53846114763897,6.57328655578656,6.7481941031941,7.05076860179886,7.1014386105011,73
"75",2014,12,7.07565789473684,152,7.34065934065934,6.68032786885246,6.65384615384615,6.675,7.13636363636364,91,61,26,20,132,6384,3437,2947,840,1243,5141,7.09111779448622,7.53322403258656,6.57550220563285,6.74527380952381,7.0447224456959,7.10233534331842,74
"76",2015,1,7.16689814814815,216,7.38625954198473,6.82882352941176,6.76166666666667,7.115,7.1752688172043,131,85,30,30,186,6600,3568,3032,870,1273,5327,7.09359787878788,7.52782819506726,6.58260389182058,6.74583908045977,7.04637863315004,7.10488192228271,75
"77",2015,2,7.07299270072993,137,7.36184210526316,6.71311475409836,6.52777777777778,6.78571428571429,7.125,76,61,18,21,116,6737,3644,3093,888,1294,5443,7.0931788629954,7.52436635565313,6.58517782088587,6.74141891891892,7.04214837712519,7.10531067426052,76
"78",2015,3,6.97905405405405,148,7.16421052631579,6.64716981132075,7.06153846153846,6.73548387096774,7.04358974358974,95,53,13,31,117,6885,3739,3146,901,1325,5560,7.09072563543936,7.51521556565927,6.58622218690401,6.74603773584906,7.03497358490566,7.1040118705036,77
"79",2015,4,6.92889705882353,136,7.48211267605634,6.32461538461538,6.17222222222222,6.58333333333333,6.97173553719008,71,65,18,15,121,7021,3810,3211,919,1340,5681,7.08759094146133,7.51459868766404,6.58092650264715,6.73479869423286,7.02991791044776,7.10119450800915,78
"80",2015,5,7.14861111111111,108,7.39047619047619,6.81,7.10833333333333,6.90769230769231,7.18157894736842,63,45,12,13,95,7129,3873,3256,931,1353,5776,7.08851535979801,7.51257965401497,6.58409244471745,6.73961331901182,7.02874353288987,7.10251662049861,79
"81",2015,6,7.05609756097561,123,7.37916666666667,6.6,6.85714285714286,7.15909090909091,7.03366336633663,72,51,14,22,101,7252,3945,3307,945,1375,5877,7.08796552675124,7.51014474017744,6.58433776837012,6.7413544973545,7.03082909090909,7.10133333333333,80
"82",2015,7,7.08033333333333,120,7.44666666666667,6.4,6.49230769230769,6.85909090909091,7.13,78,42,26,22,98,7372,4023,3349,971,1397,5975,7.08784129137276,7.50891399453144,6.58202597790385,6.73468589083419,7.02812455261274,7.10180351464435,81
"83",2015,8,6.87950310559006,161,7.25520833333333,6.32461538461538,6.05789473684211,6.45454545454545,6.94676258992806,96,65,19,22,139,7533,4119,3414,990,1419,6114,7.0833885570158,7.50300097110949,6.57712507322789,6.72169696969697,7.0192318534179,7.09827870461236,82
"84",2015,9,6.86128169014084,142,7.30756164383562,6.38913043478261,6.77,7.31346666666667,6.80787401574803,73,69,15,15,127,7675,4192,3483,1005,1434,6241,7.07927921824104,7.49959756679389,6.57340080390468,6.72241791044776,7.02230962343096,7.09236917160711,83
"85",2015,10,7.02163934426229,122,7.50446153846154,6.47105263157895,6.484375,6.35454545454545,7.1684,65,57,16,22,100,7797,4257,3540,1021,1456,6341,7.07837732461203,7.49967183462532,6.57175282485876,6.7186875612145,7.01221978021978,7.09356820690743,84
"86",2015,11,6.91424050632911,158,7.21855670103093,6.43032786885246,6.66875,6.57368421052632,6.96079136690647,97,61,16,19,139,7955,4354,3601,1037,1475,6480,7.07511728472659,7.49340904915021,6.56935712302138,6.71791706846673,7.00657084745762,7.09072006172839,85
"87",2015,12,6.92555555555556,180,7.175,6.53357142857143,6.79545454545455,6.89230769230769,6.93116883116883,110,70,22,26,154,8135,4464,3671,1059,1501,6634,7.07180799016595,7.48556294802867,6.56867474802506,6.71952785646837,7.00459160559627,7.08701627977088,86
"88",2016,1,6.83238578680203,197,7.13485981308411,6.47277777777778,6.872,7.11944444444444,6.80351955307263,107,90,25,18,179,8332,4571,3761,1084,1519,6813,7.06614714354297,7.47735353314373,6.56637995214039,6.72304428044281,7.00595260039499,7.07956788492588,87
"89",2016,2,7.04896323529412,136,7.41430864197531,6.51090909090909,6.365,6.59375,7.10965833333333,81,55,20,16,120,8468,4652,3816,1104,1535,6933,7.06587116202173,7.47625580395529,6.56558045073375,6.71655797101449,7.00165602605863,7.0800887061878,88
"90",2016,3,6.81537795275591,127,7.35228358208955,6.21583333333333,6.19722222222222,6.49135294117647,6.86545454545455,67,60,18,17,110,8595,4719,3876,1122,1552,7043,7.06216986620128,7.47449565585929,6.56016640866873,6.70822638146168,6.99606636597938,7.07673647593355,89
"91",2016,4,7.05154362416107,149,7.3952808988764,6.54166666666667,6.47727272727273,7.18421052631579,7.03215384615385,89,60,22,19,130,8744,4808,3936,1144,1571,7173,7.06198879231473,7.47302932612313,6.5598844004065,6.70378496503497,6.9983418204965,7.07592848180677,90
"92",2016,5,6.97353333333333,150,7.34076086956522,6.39103448275862,6.44782608695652,6.63157894736842,7.02312977099237,92,58,23,19,131,8894,4900,3994,1167,1590,7304,7.06049696424556,7.47054591836735,6.5574323985979,6.69874035989717,6.99395911949685,7.074981516977,91
"93",2016,6,7.02172131147541,122,7.37866666666667,6.45212765957447,6.59375,6.75,7.05694444444444,75,47,16,14,108,9016,4975,4041,1183,1604,7412,7.0599722715173,7.4691608040201,6.55620762187577,6.69732037193576,6.99182980049875,7.07471869940637,92
"94",2016,7,7.03984375,128,7.48472222222222,6.46785714285714,6.20588235294118,7.4,7.00258620689655,72,56,17,12,116,9144,5047,4097,1200,1616,7528,7.05969050743657,7.46938280166436,6.555,6.69035833333333,6.99486076732673,7.07360719978746,93
"95",2016,8,6.99594594594595,148,7.41914893617021,6.25925925925926,5.96428571428571,6.6125,7.055859375,94,54,14,20,128,9292,5141,4151,1214,1636,7656,7.05867520447697,7.46846430655515,6.55115273428089,6.68198517298188,6.99018643031785,7.07331047544409,94
"96",2016,9,6.8125,164,7.32102272727273,6.22368421052632,6.68409090909091,6.725,6.82465277777778,88,76,22,20,144,9456,5229,4227,1236,1656,7800,7.05440566835872,7.4659829795372,6.54526496333097,6.68202265372168,6.98698369565217,7.06871987179487,95
"97",2016,10,7.0162987012987,154,7.47023809523809,6.47157142857143,6.11111111111111,6.23333333333333,7.10079136690648,84,70,27,15,139,9610,5313,4297,1263,1671,7939,7.05379500520291,7.46605025409373,6.54406446357924,6.66981789390341,6.9802184320766,7.06928139564177,96
"98",2016,11,6.83553459119497,159,7.18858695652174,6.35074626865672,6.55882352941176,7.22857142857143,6.77572463768116,92,67,17,21,138,9769,5405,4364,1280,1692,8077,7.050242604156,7.46132747456059,6.5410964711274,6.66834375,6.98330082742317,7.06426581651603,97
"99",2016,12,6.94797687861272,173,7.29656862745098,6.44718309859155,6.40384615384615,6.38571428571429,7.02565789473684,102,71,26,21,152,9942,5507,4435,1306,1713,8229,7.04846308589821,7.45827583076085,6.53959301014656,6.66307810107198,6.97597489784004,7.06355267954794,98
"100",2017,1,6.88181818181818,176,7.25841584158416,6.37466666666667,6.685,7.128,6.84105960264901,101,75,20,25,151,10118,5608,4510,1326,1738,8380,7.04556434077881,7.45467635520685,6.53685033259423,6.66340874811463,6.97816168009206,7.05954355608592,99
"101",2017,2,7.02777777777778,153,7.22789473684211,6.7,6.87368421052632,7.13055555555556,7.01407407407407,95,58,19,18,135,10271,5703,4568,1345,1756,8515,7.04529938662253,7.45089864983342,6.53892184763572,6.66637918215614,6.97972380410023,7.05882266588373,100
"102",2017,3,7.05335570469799,149,7.25284090909091,6.7655737704918,6.84117647058823,6.68,7.08021582733813,88,61,17,10,139,10420,5791,4629,1362,1766,8654,7.04541458733205,7.44788896563633,6.54190861957226,6.66856093979442,6.97802661381653,7.05916628148833,101
"103",2017,4,6.96241830065359,153,7.39777777777778,6.34047619047619,6.72142857142857,6.4,7.02355072463768,90,63,21,15,138,10573,5881,4692,1383,1781,8792,7.04421356284877,7.44712208808026,6.53920396419437,6.66936370209689,6.97315833801235,7.05860725659691,102
"104",2017,5,7.03120805369127,149,7.36988636363636,6.54262295081967,6.49285714285714,7.46315789473684,6.96807692307692,88,61,28,19,130,10722,5969,4753,1411,1800,8922,7.04403282969595,7.44598341430726,6.53924784346728,6.66586109142452,6.97833055555555,7.05728816408877,103
"105",2017,6,6.91923076923077,130,7.34848484848485,6.4765625,6.92307692307692,6.6,6.96086956521739,66,64,13,15,115,10852,6035,4817,1424,1815,9037,7.04253778105418,7.44491714995858,6.5384149885821,6.66820926966292,6.97520385674931,7.05606119287374,104
"106",2017,7,6.8877245508982,167,7.35271739130435,6.31733333333333,6.15,6.26875,6.95331125827815,92,75,20,16,151,11019,6127,4892,1444,1831,9188,7.0401914874308,7.44353272400849,6.5350255519215,6.66103185595568,6.96903058438012,7.05437255115368,105
"107",2017,8,7.1185625,160,7.60070707070707,6.33606557377049,6.57142857142857,7.13636363636364,7.11724832214765,99,61,14,11,149,11179,6226,4953,1458,1842,9337,7.04131317649164,7.44603196273691,6.53257520694528,6.66017146776406,6.97002985884907,7.05537592374424,106
"108",2017,9,6.84913385826772,127,7.32260273972603,6.20907407407407,6.38333333333333,6.69166666666667,6.88582524271845,73,54,18,24,103,11306,6299,5007,1476,1866,9440,7.03915443127543,7.44460152405144,6.5290862792091,6.65679539295393,6.96644962486602,7.05352595338983,107
"109",2017,10,6.97065217391304,138,7.22567567567568,6.67578125,7.29375,7.24615384615385,6.942,74,64,16,13,125,11444,6373,5071,1492,1879,9565,7.03832838168472,7.44205946963753,6.53093768487477,6.66362600536193,6.96838477913784,7.05206847882906,108
"110",2017,11,6.89951748251748,143,7.35565882352941,6.23103448275862,6.35714285714286,6.88,6.9018046875,85,58,14,15,128,11587,6458,5129,1506,1894,9693,7.03661525847933,7.44092226695571,6.52754630532267,6.66077689243028,6.96768479408659,7.05008418446301,109
"111",2017,12,7.17397872340426,141,7.55397959183673,6.30793023255814,6.465,7.23846153846154,7.1674296875,98,43,10,13,128,11728,6556,5172,1516,1907,9821,7.03826671214188,7.44261226357535,6.52572041763341,6.65948548812665,6.96953067645516,7.05161358313817,110
"112",2018,1,6.93984042553191,188,7.28121495327103,6.48888888888889,6.0047619047619,6.50357142857143,7.0161875,107,81,21,28,160,11916,6663,5253,1537,1935,9981,7.03671383014434,7.44002041122618,6.52515248429469,6.65054001301236,6.96278811369509,7.05104568680493,111
"113",2018,2,7.045,130,7.52693333333333,6.38781818181818,5.845,7.41304347826087,6.96588785046729,75,55,14,23,107,12046,6738,5308,1551,1958,10088,7.03680325419226,7.44098783021668,6.52372946495855,6.64326885880077,6.9680771195097,7.05014244647105,112
"114",2018,3,6.94069328,125,7.35494939393939,6.47728813559322,6.32894736842105,7.25,6.8952904587156,66,59,19,16,109,12171,6804,5367,1570,1974,10197,7.03581617451319,7.44015324221046,6.52321893050121,6.63946496815287,6.97036220871327,7.04848716877513,113
"115",2018,4,7.1464481147541,122,7.28603608108108,6.93125,6.86666666666667,7.35294117647059,7.1130159047619,74,48,12,17,105,12293,6878,5415,1582,1991,10302,7.03691412429838,7.43849510468159,6.52683582640812,6.64118836915297,6.9736288297338,7.04914485827995,114
"116",2018,5,7.20196078431373,102,7.57333333333333,6.67142857142857,6.71428571428571,7.08333333333333,7.21777777777778,60,42,14,12,90,12395,6938,5457,1596,2003,10392,7.03827231383622,7.43966118910349,6.52794868975627,6.64182957393484,6.97428607089366,7.05060530504234,115
"117",2018,6,6.84182608695652,115,7.35383333333333,6.28327272727273,6.54588235294118,6.89142857142857,6.8349504950495,60,55,17,14,101,12510,6998,5512,1613,2017,10493,7.03646645323741,7.43892531151758,6.52550725689405,6.64081835089895,6.97371095686663,7.04852952730392,116
"118",2018,7,6.8,97,7.41458333333333,6.19795918367347,6.23529411764706,6.98571428571429,6.76867469879518,48,49,17,14,83,12607,7046,5561,1630,2031,10576,7.03464704767193,7.43875948481408,6.52262111131091,6.63658895705522,6.97379369768587,7.04633323846445,117
"119",2018,8,7.00021336,125,7.34831054794521,6.51153846153846,6.45,6.81818181818182,7.01777780701754,73,52,10,11,114,12732,7119,5613,1640,2042,10690,7.03430898523406,7.43783199887625,6.52251843933725,6.6354512195122,6.97295543584721,7.04602871842844,118
"120",2018,9,6.81754389473684,95,7.23690482142857,6.21538461538462,6.68181818181818,6.91176470588235,6.79700858974359,56,39,11,17,78,12827,7175,5652,1651,2059,10768,7.03270356825446,7.43626378675958,6.5203991507431,6.63576014536645,6.97245021855269,7.04422489505944,119
"121",2018,10,7.00763888888889,144,7.50833333333333,6.30666666666667,6.47058823529412,7.30833333333333,6.98030303030303,84,60,17,12,132,12971,7259,5712,1668,2071,10900,7.03242530799476,7.43709776415484,6.51815406162465,6.63407673860911,6.97439642684693,7.04345079541285,120
"122",2018,11,6.76259259259259,135,7.35972222222222,6.08015873015873,6.03809523809524,6.90714285714286,6.74586776859504,72,63,21,14,121,13106,7331,5775,1689,2085,11021,7.02964586220052,7.4363378352203,6.51337593073593,6.62666666666667,6.9739448441247,7.04018361945377,121
"123",2018,12,7.22690476190476,126,7.44395348837209,6.76025,6.8125,7.39285714285714,7.20616071428571,86,40,8,14,112,13232,7417,5815,1697,2099,11133,7.03152423443168,7.43642613860051,6.51507411865864,6.62754272245138,6.97673892329681,7.04185337914309,122
"124",2019,1,6.92408284023669,169,7.42594059405941,6.17867647058824,5.32692307692308,6.8,6.9436301369863,101,68,13,23,146,13401,7518,5883,1710,2122,11279,7.03016929109768,7.43628527134876,6.51118578956315,6.61765497076023,6.9748232799246,7.04058193722848,123
"125",2019,2,7.12237288135593,118,7.41575757575758,6.75,6.75,6.89090909090909,7.14616822429907,66,52,8,11,107,13519,7584,5935,1718,2133,11386,7.03097408610104,7.43610662842827,6.51327818028643,6.61827124563446,6.97439052977028,7.04157418496399,124
"126",2019,3,6.93458333333333,120,7.72822580645161,6.08620689655172,5.93333333333333,7.5,6.89419642857143,62,58,15,8,112,13639,7646,5993,1733,2141,11498,7.03012601143779,7.4384753688203,6.50914500250292,6.61234275822274,6.97635450723961,7.04013860410506,125
"127",2019,4,6.95704347826087,115,7.1168,6.6575,6.54545454545455,6.86923076923077,6.96823529411765,75,40,11,13,102,13754,7721,6033,1744,2154,11600,7.02951495346808,7.43535068902992,6.51012862589093,6.61192087155963,6.97570798514392,7.03950635086207,126
"128",2019,5,7.03382113821138,123,7.55890410958904,6.2672,6.29785714285714,6.36923076923077,7.11236363636364,73,50,14,13,110,13877,7794,6083,1758,2167,11710,7.02955312171219,7.43650791249679,6.5081318428407,6.60941979522184,6.97206968158745,7.04019074893254,127
"129",2019,6,6.775,102,7.19722222222222,6.3,6.66666666666667,6.80769230769231,6.77022471910112,54,48,12,13,89,13979,7848,6131,1770,2180,11799,7.02769573431576,7.43486145132518,6.50650236503017,6.60980790960452,6.97108944954128,7.03815439189762,128
"130",2019,7,7.13741336,125,7.54478931034483,6.20473684210526,6.125,7.278125,7.11675844036697,87,38,8,16,109,14104,7935,6169,1778,2196,11908,7.0286681324447,7.43606670951481,6.50464354028205,6.60762654668167,6.97332650273224,7.0388738948606,129
"131",2019,8,6.93851258064516,124,7.53602260869565,6.18890909090909,6.24285714285714,6.73526315789474,6.97529104761905,69,55,14,19,105,14228,8004,6224,1792,2215,12013,7.02788240792803,7.43692839830085,6.50185347043702,6.60477678571429,6.97128442437923,7.03831814700741,130
"132",2019,9,7.03487804878049,123,7.17521126760563,6.84326923076923,6.88,6.55555555555556,7.07271929824561,71,52,10,9,114,14351,8075,6276,1802,2224,12127,7.02794236638562,7.43462723219814,6.50468228170809,6.60630410654828,6.96960206834532,7.03864153541684,131
"133",2019,10,6.85203866071429,112,7.27213883333333,6.36730769230769,6.14285714285714,6.22727272727273,6.92008247524752,60,52,14,11,101,14463,8135,6328,1816,2235,12228,7.02658018599184,7.43342879287032,6.50355341340076,6.60273127753304,6.96594854586129,7.03766226938175,132
"134",2019,11,6.93223214285714,112,7.29,6.35813953488372,6.4,6.76333333333333,6.95835051546392,69,43,12,15,97,14575,8204,6371,1828,2250,12325,7.0258551787307,7.43222248049732,6.50257196672422,6.60140043763676,6.96459777777778,7.0370380713996,133
"135",2019,12,6.82809277419355,155,7.2948275862069,6.23094676470588,5.86521739130435,6.36666666666667,6.88871810218978,87,68,23,18,137,14730,8291,6439,1851,2268,12462,7.02377417583164,7.43078075382946,6.4997034291039,6.5922528363047,6.95985229276896,7.03540752768416,134
"136",2020,1,6.82156912195122,205,7.27697919642857,6.27311827956989,5.675,6.52962962962963,6.86585207865169,112,93,28,27,178,14935,8403,6532,1879,2295,12640,7.02099867961165,7.42873079852434,6.4964774004899,6.57858435337946,6.9547908496732,7.03301980063291,135
"137",2020,2,6.92781690140845,142,7.30618421052632,6.49212121212121,6.10571428571429,6.57142857142857,6.9462962962963,76,66,14,7,135,15077,8479,6598,1893,2302,12775,7.02012106387212,7.42763237410072,6.49643382540164,6.57508716323296,6.95362510860121,7.03210334872798,136
"138",2020,3,7.04742574257426,101,7.25454545454545,6.79978260869565,6.37285714285714,6.375,7.13808988764045,55,46,7,12,89,15178,8534,6644,1900,2314,12864,7.02030275925682,7.42651686196391,6.49853407284768,6.57434210526316,6.95062445980985,7.03283662002488,137
"139",2020,4,7.13504273504274,117,7.3620253164557,6.66315789473684,6.17692307692308,6.72352941176471,7.205,79,38,13,17,100,15295,8613,6682,1913,2331,12964,7.02118046943446,7.42592533379775,6.49947027536666,6.57164140094093,6.94896825396825,7.03416463128664,138
"140",2020,5,6.89198347107438,121,7.42289855072464,6.1875,6.32894736842105,6.86842105263158,6.89637254901961,69,52,19,19,102,15416,8682,6734,1932,2350,13066,7.02016640373638,7.42590127850726,6.49706123849124,6.56925465838509,6.94831702127659,7.0330889545385,139
"141",2020,6,7.06409090909091,110,7.47786885245902,6.54897959183673,6.20833333333333,6.11111111111111,7.1490099009901,61,49,12,9,101,15526,8743,6783,1944,2359,13167,7.02047760401907,7.42626385679973,6.49743629367536,6.56702674897119,6.94512293344637,7.03397814840131,140
"142",2020,7,6.95776699029126,103,7.29242424242424,6.36081081081081,5.875,6.95,6.95824742268041,66,37,12,6,97,15629,8809,6820,1956,2365,13264,7.02006432145371,7.42526108525372,6.49669507038123,6.56278118609407,6.94513530655391,7.03342432750302,141
"143",2020,8,6.91881818181818,110,7.56301587301587,6.05531914893617,5.97272727272727,6.62142857142857,6.9621875,63,47,11,14,96,15739,8872,6867,1967,2379,13360,7.01935671135396,7.42623928088368,6.49367414882773,6.55948144382308,6.94323034888608,7.03291244610778,142
"144",2020,9,6.81977118644068,118,7.5111052631579,6.17377049180328,6.05882352941176,6.26666666666667,6.91933,57,61,17,18,100,15857,8929,6928,1984,2397,13460,7.01787149397742,7.42678103931011,6.49085744515011,6.55519153225806,6.93814977054651,7.03206859435364,143
"145",2020,10,7.16112359550562,89,7.38254545454545,6.80294117647059,6.73333333333333,7.78571428571429,7.10780487804878,55,34,9,7,82,15946,8984,6962,1993,2404,13542,7.01867103223379,7.42651022929653,6.49238155415111,6.55599598595083,6.94061772046589,7.03252719539211,144
"146",2020,11,6.97695652173913,115,7.48455882352941,6.24255319148936,6.65,8.14285714285714,6.90138888888889,68,47,10,7,108,16061,9052,7009,2003,2411,13650,7.01837234792354,7.42694629916041,6.49070628905693,6.55646530204693,6.94410825383658,7.03148961758242,145
"147",2020,12,6.7798347107438,121,7.16702702702703,6.17021276595745,6.25,6.44444444444444,6.80678571428571,74,47,12,9,112,16182,9126,7056,2015,2420,13762,7.01658869608207,7.42483869165023,6.4885714824263,6.55464019851117,6.94225,7.02966089812527,146
"148",2021,1,7.13464516129032,155,7.4684375,6.59152542372881,6.43333333333333,6.82,7.16835714285714,96,59,15,15,140,16337,9222,7115,2030,2435,13902,7.01770877639713,7.4252925504229,6.48942521152495,6.55374384236453,6.94149691991786,7.03105763774996,147
"149",2021,2,6.86418664,125,7.30696073529412,6.3359649122807,6.2,7.41666666666667,6.83633050420168,68,57,15,6,119,16462,9290,7172,2045,2441,14021,7.01654304519499,7.42442639720129,6.48820557445622,6.55114914425428,6.94266489143793,7.02940493616718,148
"150",2021,3,7.00066658823529,85,7.28583326923077,6.55131303030303,6.27777777777778,6.50909090909091,7.07373864864865,52,33,9,11,74,16547,9342,7205,2054,2452,14095,7.01646148969602,7.42365495183044,6.48849461623872,6.54995131450828,6.94071982055465,7.02963769208939,149
"151",2021,4,6.84863157894737,95,7.1595,6.31571428571429,5.855,6.69444444444444,6.86476744186047,60,35,10,9,86,16642,9402,7240,2064,2461,14181,7.01550344129311,7.42196921506063,6.48765935220995,6.54658430232558,6.93981917919545,7.02863784429871,150
"152",2021,5,6.95817307692308,104,7.29758064516129,6.45714285714286,6.24615384615385,6.83666666666667,6.97865168539326,62,42,13,15,89,16746,9464,7282,2077,2476,14270,7.0151473946017,7.42115432797971,6.48748334386158,6.54470389985556,6.93919426494345,7.02832608759636,151
"153",2021,6,6.92722226190476,84,7.34385964912281,6.04765444444444,5.66083375,5.95454545454545,7.07379,57,27,8,11,73,16830,9521,7309,2085,2487,14343,7.01470855258467,7.42069158281693,6.48585858256944,6.54131255155875,6.93483916365098,7.02855748030398,152
"154",2021,7,6.98926829268293,82,7.13918367346939,6.76666666666667,6.83333333333333,7.61111111111111,6.91260273972603,49,33,9,9,73,16912,9570,7342,2094,2496,14416,7.01458520222327,7.41925021525601,6.48712072732226,6.54256765520535,6.93727764423076,7.02797030660377,153
"155",2021,8,7.37046875,96,7.76016949152542,6.74905405405405,6.41666666666667,7.95,7.33183333333333,59,37,9,6,90,17008,9629,7379,2103,2502,14506,7.01659395225776,7.42133913802057,6.48843412115463,6.54202884926296,6.93970623501199,7.0298555728664,154
"156",2021,9,6.92475170212766,94,7.50699442622951,5.84848484848485,5.78571428571429,7.1,6.91065126436782,61,33,7,7,87,17102,9690,7412,2110,2509,14593,7.01608914746813,7.4218783508772,6.48558491365354,6.53951974881516,6.94015344758868,7.02914490509148,155
"157",2021,10,6.86699029126214,103,7.325,6.22790697674419,6.04545454545455,7.33636363636364,6.81086956521739,60,43,11,11,92,17205,9750,7455,2121,2520,14685,7.01519654751526,7.42128217641026,6.4840986425218,6.5369574115983,6.94188293650793,7.02777743275451,156
"158",2021,11,7.04257798165138,109,7.47940909090909,6.37209302325581,6.31818181818182,7.32380952380952,6.97546590909091,66,43,11,21,88,17314,9816,7498,2132,2541,14773,7.01536892687998,7.42167300529748,6.48345630568152,6.53582864446529,6.94503935458481,7.02746582278481,157
"159",2021,12,7.05659912162162,148,7.25764915789474,6.69622641509434,6.46,6.78333333333333,7.08741857142857,95,53,10,15,133,17462,9911,7551,2142,2556,14906,7.01571837532929,7.42010078599536,6.48494972586412,6.53547463585434,6.94409037558685,7.02800075607138,158
"160",2022,1,6.9489282,200,7.1952532231405,6.57164556962025,6.313,7,6.9453777540107,121,79,20,13,187,17662,10032,7630,2162,2569,15093,7.01496206035557,7.4173888088118,6.48584736304063,6.53341659111933,6.94437329700272,7.02697706950242,159
"161",2022,2,7.44268195402299,87,7.70374263157895,6.94666666666667,6.8,7.4,7.446416625,57,30,6,7,80,17749,10089,7660,2168,2576,15173,7.0170586083723,7.41900662701953,6.4876521383812,6.53415436808118,6.94561141304347,7.02918857444144,160
"162",2022,3,6.89843078947368,114,7.28458728571429,6.28409090909091,5.9,6.59166666666667,6.93452068627451,70,44,10,12,102,17863,10159,7704,2178,2588,15275,7.01630153669596,7.41808041834826,6.48648953530634,6.53124273186409,6.9439702472952,7.02855642225859,161
"163",2022,4,7.03915,100,7.21230158730159,6.74432432432432,6.16666666666667,7.40884615384615,6.98390804597701,63,37,6,13,87,17963,10222,7741,2184,2601,15362,7.01642873406446,7.41681216689493,6.48772191964863,6.5302411492674,6.94629373317954,7.02830356398906,162
"164",2022,5,6.96210207207207,111,7.34184074626866,6.38386363636364,5.53,6.81153846153846,6.98207479591837,67,44,10,13,98,18074,10289,7785,2194,2614,15460,7.01609509129136,7.41632396734377,6.48713492357097,6.52568216499544,6.94562356541698,7.02801052263907,163
"165",2022,6,6.50879120879121,91,6.86,6.16521739130435,5.44444444444444,4.46,6.62790697674419,45,46,9,5,86,18165,10334,7831,2203,2619,15546,7.01355368455822,7.41390142248887,6.48524395096412,6.52126494325919,6.94087819778541,7.02579716197093,164
"166",2022,7,6.82572916666667,96,7.11,6.41025641025641,6.91666666666667,6.4,6.87523255813954,57,39,6,10,86,18261,10391,7870,2209,2629,15632,7.01256627128854,7.41223436627851,6.48487234815756,6.52233891806247,6.93882084442753,7.02496882548618,165
"167",2022,8,7.23198347107438,121,7.50933333333333,6.77978260869565,6.618,7.26666666666667,7.22816513761468,75,46,10,12,109,18382,10466,7916,2219,2641,15741,7.01401059079534,7.41293018345118,6.48658607630116,6.52277001802614,6.94031048845134,7.02637587700909,166
