"","year","month","avg_rating","no_ratings","avg_rating_owned","avg_rating_not_owned","avg_rating_prev_owned","avg_rating_comment","avg_rating_no_comment","no_ratings_owned","no_ratings_not_owned","no_ratings_prev_owned","no_ratings_comment","no_ratings_no_comment","cum_no_ratings","cum_no_ratings_owned","cum_no_ratings_not_owned","cum_no_ratings_prev_owned","cum_no_ratings_comment","cum_no_ratings_no_comment","cum_avg_rating","cum_avg_rating_owned","cum_avg_rating_not_owned","cum_avg_rating_prev_owned","cum_avg_rating_comment","cum_avg_rating_no_comment","month_after_release"
"1",2008,12,8.25625,64,9.08536585365854,6.77826086956522,7.5,8.43214285714286,8.11944444444444,41,23,4,28,36,64,41,23,4,28,36,8.25625,9.08536585365854,6.77826086956522,7.5,8.43214285714286,8.11944444444444,0
"2",2009,1,7.96180555555556,144,8.63529411764706,6.99152542372881,7.4375,8.08478260869565,7.90408163265306,85,59,8,46,98,208,126,82,12,74,134,8.05240384615385,8.78174603174603,6.93170731707317,7.45833333333333,8.21621621621622,7.96194029850746,1
"3",2009,2,7.34297520661157,121,8.43137254901961,6.55,6.88571428571429,7.41666666666667,7.31176470588235,51,70,14,36,85,329,177,152,26,110,219,7.79148936170213,8.68079096045198,6.75592105263158,7.15,7.95454545454545,7.70958904109589,2
"4",2009,3,7.62155963302752,109,8.3728813559322,6.735,6.66666666666667,7.64210526315789,7.61722222222222,59,50,9,19,90,438,236,202,35,129,309,7.74920091324201,8.60381355932203,6.75074257425743,7.02571428571429,7.90852713178295,7.68268608414239,3
"5",2009,4,7.4025641025641,117,8.29230769230769,6.69076923076923,7.85,7.36136363636364,7.41210526315789,52,65,5,22,95,555,288,267,40,151,404,7.67612612612613,8.54756944444444,6.73614232209738,7.12875,7.82880794701987,7.61905940594059,4
"6",2009,5,7.47252747252747,91,8.44594594594595,6.80555555555556,6.94444444444444,7.58333333333333,7.43283582089552,37,54,9,24,67,646,325,321,49,175,471,7.64744582043344,8.536,6.74781931464175,7.09489795918367,7.79514285714286,7.59256900212314,5
"7",2009,6,7.37303921568627,102,8.20212765957447,6.66454545454545,7.25,7.75238095238095,7.27469135802469,47,55,6,21,81,748,372,376,55,196,552,7.61002673796792,8.49381720430108,6.73563829787234,7.11181818181818,7.7905612244898,7.54592391304348,6
"8",2009,7,7.65975609756098,82,8.46,7.06382978723404,7.36363636363636,7.97631578947368,7.56428571428571,35,47,11,19,63,830,407,423,66,215,615,7.61493975903615,8.49090909090909,6.77210401891253,7.15378787878788,7.80697674418605,7.54780487804878,7
"9",2009,8,7.61475409836066,61,8.1,7.14516129032258,7,7.44444444444444,7.64423076923077,30,31,4,9,52,891,437,454,70,224,667,7.61492704826038,8.46407322654462,6.79757709251101,7.145,7.79241071428571,7.55532233883059,8
"10",2009,9,7.39618131868132,91,8.33684210526316,6.72174528301887,7,7.84385416666667,7.23582089552239,38,53,10,24,67,982,475,507,80,248,734,7.59465631364562,8.45389473684211,6.78964990138067,7.126875,7.79738911290323,7.52615803814714,9
"11",2009,10,7.278125,96,8.01818181818182,6.65192307692308,7.16666666666667,7.40862068965517,7.22164179104478,44,52,9,29,67,1078,519,559,89,277,801,7.56646799628943,8.41695568400771,6.77683810375671,7.13089887640449,7.75668772563177,7.50068664169788,10
"12",2009,11,7.59108910891089,101,8.66190476190476,6.82881355932203,7.15,8.05769230769231,7.42933333333333,42,59,10,26,75,1179,561,618,99,303,876,7.56857718405428,8.43529411764706,6.7818001618123,7.13282828282828,7.78251650165017,7.49457762557078,11
"13",2009,12,7.48474576271186,118,8.04677419354839,6.8625,7.27333333333333,7.815625,7.36162790697674,62,56,15,32,86,1297,623,674,114,335,962,7.56095026985351,8.39662921348315,6.78850519287834,7.15131578947368,7.78567910447761,7.48269230769231,12
"14",2010,1,7.31547619047619,126,7.98623188405797,6.50350877192982,6.64285714285714,7.47631578947368,7.28691588785047,69,57,7,19,107,1423,692,731,121,354,1069,7.53921468728039,8.35570809248555,6.76628248974008,7.12190082644628,7.76907485875706,7.46309635173059,13
"15",2010,2,7.56347826086956,115,8.35172413793103,6.76140350877193,6.5,8.09677419354839,7.36666666666667,58,57,10,31,84,1538,750,788,131,385,1153,7.5410289336801,8.3554,6.76592956852792,7.07442748091603,7.79546103896104,7.45607111882047,14
"16",2010,3,7.40869565217391,92,8.08510638297872,6.70222222222222,7.0625,7.03571428571429,7.47564102564103,47,45,8,14,78,1630,797,833,139,399,1231,7.53355981595092,8.33946047678795,6.76248799519808,7.07374100719424,7.76880325814536,7.45731112916328,15
"17",2010,4,7.1253164556962,79,8.27575757575758,6.3,6.71666666666667,7.36153846153846,7.07878787878788,33,46,6,13,66,1709,830,879,145,412,1297,7.51468841427736,8.33692771084337,6.73828498293515,7.05896551724138,7.75595266990291,7.43804934464148,16
"18",2010,5,7.23461538461538,78,8.08181818181818,6.61333333333333,7.10909090909091,7.276,7.21509433962264,33,45,11,25,53,1787,863,924,156,437,1350,7.50246362618914,8.32717265353418,6.73219967532468,7.0625,7.72849542334096,7.4292962962963,17
"19",2010,6,7.25666666666667,75,8.16911764705882,6.5,6,7.17647058823529,7.2801724137931,34,41,11,17,58,1862,897,965,167,454,1408,7.49256310418904,8.32118171683389,6.72233419689119,6.99251497005988,7.70782488986784,7.42315340909091,18
"20",2010,7,7.296875,64,8.42307692307692,6.52631578947368,7.33333333333333,7.57894736842105,7.17777777777778,26,38,12,19,45,1926,923,1003,179,473,1453,7.48606048805815,8.32405200433369,6.71490777666999,7.01536312849162,7.70264799154334,7.41555402615279,19
"21",2010,8,7.61333333333333,75,8.475,6.62857142857143,6.5,7.1875,7.72881355932203,40,35,6,16,59,2001,963,1038,185,489,1512,7.49083083458271,8.33032191069574,6.71199662813102,6.99864864864865,7.68579243353783,7.42777777777778,20
"22",2010,9,7.23467741935484,62,7.89655172413793,6.6530303030303,6.63333333333333,6.16666666666667,7.41603773584906,29,33,6,9,53,2063,992,1071,191,498,1565,7.48313257392147,8.31764112903226,6.71017973856209,6.98717277486911,7.65833835341365,7.42738019169329,21
"23",2010,10,7.4775,84,8.10552631578947,6.95869565217391,7.371,7.68125,7.42955882352941,38,46,10,16,68,2147,1030,1117,201,514,1633,7.48291220307406,8.30981553398058,6.72041405550582,7.00626865671642,7.65905155642023,7.42747091243111,22
"24",2010,11,7.35565217391304,115,8.24655172413793,6.44912280701754,7.03333333333333,6.48269230769231,7.61067415730337,58,57,9,26,89,2262,1088,1174,210,540,1722,7.47644230769231,8.30644301470588,6.70724233390119,7.00742857142857,7.60241203703704,7.43693960511034,23
"25",2010,12,7.47217741935484,124,8.52358490566038,6.68732394366197,6.96666666666667,7.56521739130435,7.4509900990099,53,71,9,23,101,2386,1141,1245,219,563,1823,7.47622066219614,8.31652936021034,6.70610642570281,7.00575342465753,7.60089253996448,7.43771804717499,24
"26",2011,1,7.52644628099174,121,8.41896551724138,6.7047619047619,7.3,7.55161290322581,7.51777777777778,58,63,10,31,90,2507,1199,1308,229,594,1913,7.47864479457519,8.32148457047539,6.70604166666667,7.01860262008734,7.59832070707071,7.44148457919498,25
"27",2011,2,7.37962962962963,108,8.36551724137931,6.236,6.21428571428571,7.64347826086957,7.30823529411765,58,50,7,23,85,2615,1257,1358,236,617,1998,7.47455544933078,8.32351630867144,6.6887352724595,6.99474576271186,7.60000405186386,7.43581581581582,26
"28",2011,3,7.44059829059829,117,8.36875,6.58852459016393,6.69230769230769,7.64423076923077,7.38241758241758,56,61,13,26,91,2732,1313,1419,249,643,2089,7.4731012079063,8.32544554455446,6.6844274136716,6.97895582329317,7.60179237947123,7.43348970799426,27
"29",2011,4,7.535,90,8.30865384615385,6.47631578947368,6.7,7.14130434782609,7.67014925373134,52,38,7,23,67,2822,1365,1457,256,666,2156,7.47507530120482,8.32480586080586,6.6789996568291,6.971328125,7.58588963963964,7.44084415584416,28
"30",2011,5,7.73023255813953,86,8.55576923076923,6.46764705882353,7.75,8.08695652173913,7.6,52,34,4,23,63,2908,1417,1491,260,689,2219,7.4826212173315,8.33328158080452,6.6741800804829,6.98330769230769,7.60261611030479,7.44536277602524,29
"31",2011,6,7.39888888888889,90,8.56521739130435,6.17954545454545,6.75,7.90192307692308,7.19453125,46,44,7,26,64,2998,1463,1535,267,715,2283,7.48010757171448,8.34057416267942,6.66000162866449,6.97719101123596,7.6135,7.43833114323259,30
"32",2011,7,7.39259259259259,81,8.115,6.68780487804878,7.09090909090909,7.5,7.34464285714286,40,41,11,25,56,3079,1503,1576,278,740,2339,7.4778052939266,8.33457085828343,6.66072493654822,6.98169064748202,7.60966554054054,7.43608807182557,31
"33",2011,8,7.26830357142857,112,8.13181818181818,6.43508771929825,7.03333333333333,6.17142857142857,7.63392857142857,55,57,12,28,84,3191,1558,1633,290,768,2423,7.47045205264807,8.32741335044929,6.6528490508267,6.9838275862069,7.55722981770833,7.44294676021461,32
"34",2011,9,7.29878048780488,82,8.22439024390244,6.37317073170732,6.11111111111111,6.72727272727273,7.38732394366197,41,41,9,11,71,3273,1599,1674,299,779,2494,7.46615108463184,8.32477173233271,6.64599910394265,6.95755852842809,7.54551026957638,7.44136327185245,33
"35",2011,10,7.49301075268817,93,8.77297297297297,6.64732142857143,6.69444444444444,7.5425,7.47945205479452,37,56,18,20,73,3366,1636,1730,317,799,2567,7.46689319667261,8.33490831295844,6.64604190751445,6.94261829652997,7.54543491864831,7.44244643552785,34
"36",2011,11,7.339,100,8.26734693877551,6.44705882352941,6.4,7.74,7.23875,49,51,7,20,80,3466,1685,1781,324,819,2647,7.46320326024235,8.33294362017804,6.6403439079169,6.9308950617284,7.5501862026862,7.43629013978088,35
"37",2011,12,7.49327731092437,119,8.49677419354839,6.40175438596491,6.54166666666667,7.87096774193548,7.36022727272727,62,57,12,31,88,3585,1747,1838,336,850,2735,7.46420153417015,8.33875787063538,6.63294477693145,6.91699404761905,7.56188529411765,7.43384277879342,36
"38",2012,1,7.39699248120301,133,8.16724137931035,6.80133333333333,7.46875,7.7375,7.28910891089109,58,75,16,32,101,3718,1805,1913,352,882,2836,7.46179733727811,8.33324653739612,6.63954652378463,6.94207386363637,7.56825680272109,7.42868829337095,37
"39",2012,2,7.23211382113821,123,7.90887096774194,6.54426229508197,7.38,7.05769230769231,7.27886597938144,62,61,15,26,97,3841,1867,1974,367,908,2933,7.45444220255142,8.31915372254955,6.63660207700101,6.9599727520436,7.55363711453745,7.42373337879305,38
"40",2012,3,7.57177419354839,124,8.3527027027027,6.416,7.66666666666667,7.84375,7.47717391304348,74,50,12,32,92,3965,1941,2024,379,940,3025,7.45811160151324,8.32043276661515,6.63115242094862,6.98234828496042,7.56351329787234,7.42535867768595,39
"41",2012,4,7.53190476190476,105,8.44047619047619,6.16904761904762,6.25,7.4375,7.55987654320988,63,42,4,24,81,4070,2004,2066,383,964,3106,7.46001535626536,8.32420658682635,6.62175822846079,6.9746997389034,7.5603760373444,7.42886670959433,40
"42",2012,5,7.4992,125,8.39692307692308,6.52666666666667,6.96428571428571,7.22777777777778,7.54485981308411,65,60,14,18,107,4195,2069,2126,397,982,3213,7.46118295589988,8.32649105848236,6.61907455315146,6.97433249370277,7.55427953156823,7.43272953625895,41
"43",2012,6,7.65000961538462,104,8.39168333333333,6.63863636363636,6.42857142857143,8.4125625,7.51136363636364,60,44,7,16,88,4299,2129,2170,404,998,3301,7.465750988602,8.32832832315641,6.61947119815668,6.96487623762376,7.56803957915832,7.4348258103605,42
"44",2012,7,7.76285714285714,105,8.47118644067797,6.85434782608696,7.47142857142857,7.93214285714286,7.7012987012987,59,46,7,28,77,4404,2188,2216,411,1026,3378,7.472834582198,8.33218053016453,6.62434679602888,6.97350364963504,7.5779761208577,7.44089994079337,43
"45",2012,8,7.73030303030303,99,8.58163265306122,6.896,7.83333333333333,7.16666666666667,7.78666666666667,49,50,6,9,90,4503,2237,2266,417,1035,3468,7.4784951143682,8.33764461332141,6.63034090909091,6.98587529976019,7.57439951690821,7.44987312572088,44
"46",2012,9,7.3525,100,8.42156862745098,6.23979591836735,6.65625,7.22,7.39666666666667,51,49,8,25,75,4603,2288,2315,425,1060,3543,7.47575787529872,8.3395152972028,6.62207451403888,6.9796705882353,7.56604103773585,7.44874682472481,45
"47",2012,10,7.32880341880342,117,8.29112903225806,6.244,6.05,6.85809523809524,7.43177083333333,62,55,10,21,96,4720,2350,2370,435,1081,3639,7.47211514830509,8.33823872340426,6.61330063291139,6.95829885057471,7.55228815911194,7.44829898323715,46
"48",2012,11,7.56899224806202,129,8.45970149253731,6.60645161290323,6.80769230769231,7.54761904761905,7.57314814814815,67,62,13,21,108,4849,2417,2432,448,1102,3747,7.47469241080635,8.3416057095573,6.61312602796053,6.95392857142857,7.55219918330309,7.45189751801441,47
"49",2012,12,7.46489473684211,152,8.08928571428571,6.69358823529412,6.6,7.19655172413793,7.52816260162602,84,68,10,29,123,5001,2501,2500,458,1131,3870,7.47439462107579,8.33313114754099,6.6153146,6.94620087336245,7.54308001768347,7.45432144702842,48
"50",2013,1,7.68976608187134,171,8.40368421052632,6.79736842105263,7.28333333333333,7.67391304347826,7.69222972972973,95,76,12,23,148,5172,2596,2576,470,1154,4018,7.4815153712297,8.33571302003082,6.62068575310559,6.9548085106383,7.54568760831889,7.46308461921354,49
"51",2013,2,7.61188811188811,143,8.45324675324675,6.63030303030303,7.75,8.33333333333333,7.48770491803279,77,66,8,21,122,5315,2673,2642,478,1175,4140,7.48502304797742,8.3390987654321,6.62092600302801,6.96811715481172,7.55976468085107,7.46381014492754,50
"52",2013,3,7.5775546875,128,8.42105263157895,6.90038028169014,7.38759090909091,7.78869696969697,7.50421052631579,57,71,22,33,95,5443,2730,2713,500,1208,4235,7.48719906301672,8.34080989010989,6.62823940287504,6.986574,7.56601862582782,7.46471641086187,51
"53",2013,4,7.48884297520661,121,8.19112903225806,6.75084745762712,5.58333333333333,7.525,7.48168316831683,62,59,6,20,101,5564,2792,2772,506,1228,4336,7.48723481308411,8.33748603151863,6.63084902597402,6.9699347826087,7.56535057003258,7.46511162361624,52
"54",2013,5,7.54467213114754,122,8.06898734177215,6.58139534883721,7.4,7.06818181818182,7.6495,79,43,5,22,100,5686,2871,2815,511,1250,4436,7.4884672001407,8.33009787530477,6.63009360568383,6.97414285714286,7.5566004,7.46926825969342,53
"55",2013,6,7.70141509433962,106,8.45847457627119,6.75106382978723,7,7.978,7.61604938271605,59,47,8,25,81,5792,2930,2862,519,1275,4517,7.49236438190608,8.33268293515358,6.63208018867924,6.97454142581888,7.56486313725491,7.47190037635599,54
"56",2013,7,7.33364779874214,159,8.27784810126582,6.40125,6.675,7.31129032258065,7.3390625,79,80,16,31,128,5951,3009,2942,535,1306,4645,7.48812376071249,8.33124327018943,6.62580336505778,6.9655831775701,7.55884418070444,7.4682398277718,55
"57",2013,8,7.69939393939394,165,8.41752577319588,6.675,6.91923076923077,7.89090909090909,7.65151515151515,97,68,13,33,132,6116,3106,3010,548,1339,4777,7.49382349574886,8.33393786220219,6.62691478405315,6.96448357664234,7.56702800597461,7.47330416579443,56
"58",2013,9,7.51977611940299,134,8.29852941176471,6.71742424242424,6.95555555555556,7.73275862068965,7.46095238095238,68,66,18,29,105,6250,3174,3076,566,1368,4882,7.49437992,8.33317926906112,6.62885679453836,6.96419964664311,7.57054130116959,7.47303850880787,57
"59",2013,10,7.52056962025316,158,7.99891304347826,6.85378787878788,7.3,7.14821428571429,7.60076923076923,92,66,18,28,130,6408,3266,3142,584,1396,5012,7.49502567103621,8.3237633190447,6.6335816359007,6.97454965753425,7.56207055873926,7.47635155626497,58
"60",2013,11,7.6371875,160,8.44111111111111,6.60357142857143,6.87647058823529,7.88787878787879,7.57204724409449,90,70,17,33,127,6568,3356,3212,601,1429,5139,7.49848880937881,8.32691030989273,6.63292761519302,6.97177537437604,7.5695944716585,7.4787164818058,59
"61",2013,12,7.46477987421384,159,8.18894736842105,6.38984375,6.53571428571429,7.65333333333333,7.42093023255814,95,64,14,30,129,6727,3451,3276,615,1459,5268,7.49769206184035,8.32311243117937,6.62817872405372,6.96184878048781,7.57131631254284,7.47730144267274,60
"62",2014,1,7.63295964125561,223,8.39385245901639,6.71386138613861,6.58695652173913,7.66025641025641,7.62717391304348,122,101,23,39,184,6950,3573,3377,638,1498,5452,7.50203230215827,8.325527847747,6.63074133846609,6.94833385579938,7.57363184245661,7.48235950110052,61
"63",2014,2,7.585,158,8.22766233766234,6.97407407407407,6.68,7.12513513513514,7.72561983471074,77,81,25,37,121,7108,3650,3458,663,1535,5573,7.50387654755206,8.32346328767124,6.63878354540196,6.93821568627451,7.56282117263844,7.48764112686166,62
"64",2014,3,7.57924528301887,159,8.23404255319149,6.63230769230769,6.56875,7.5,7.59,94,65,16,19,140,7267,3744,3523,679,1554,5713,7.50552559515619,8.32121821581197,6.63866406471757,6.92950957290133,7.56205308880309,7.49014948363382,63
"65",2014,4,7.60896551724138,145,8.37738095238095,6.55081967213115,7.47777777777778,7.74285714285714,7.57692307692308,84,61,9,28,117,7412,3828,3584,688,1582,5830,7.50754917701025,8.32245062695925,6.6371689453125,6.93668168604651,7.56525316055626,7.49189090909091,64
"66",2014,5,7.44305555555556,144,8.28571428571429,6.47462686567164,6.85294117647059,8.11538461538461,7.3763358778626,77,67,17,13,131,7556,3905,3651,705,1595,5961,7.50632007676019,8.32172624839949,6.63418611339359,6.93466241134752,7.56973699059561,7.48935145109881,65
"67",2014,6,7.56540880503145,159,8.42133333333333,6.80119047619048,7.20588235294118,7.44230769230769,7.58947368421053,75,84,17,26,133,7715,3980,3735,722,1621,6094,7.50753784834738,8.32360326633166,6.63794203480589,6.9410484764543,7.56769309068476,7.49153659337053,66
"68",2014,7,7.68872222222222,180,8.527,6.640875,6.69315789473684,7.22961538461538,7.76623376623377,100,80,19,26,154,7895,4080,3815,741,1647,6248,7.51166871437619,8.32858848039216,6.63800353866317,6.93469230769231,7.56235610200364,7.49830729833547,67
"69",2014,8,7.55809523809524,168,8.13520408163265,6.75014285714286,7.2975,7.4625,7.57402777777778,98,70,20,24,144,8063,4178,3885,761,1671,6392,7.51263605357807,8.32405241742461,6.64002406692406,6.9442273324573,7.56092190305207,7.50001314142679,68
"70",2014,9,7.61222222222222,180,8.63563218390805,6.65483870967742,7.055,7.67857142857143,7.6,87,93,20,28,152,8243,4265,3978,781,1699,6544,7.51481068785636,8.3304082063306,6.64037041226747,6.94706402048656,7.56286080047087,7.50233557457213,69
"71",2014,10,7.61813186813187,182,8.34528301886792,6.60394736842105,6.88235294117647,8.03548387096774,7.53245033112583,106,76,17,31,151,8425,4371,4054,798,1730,6695,7.51704267062315,8.3307689315946,6.63968759250123,6.94568546365915,7.57132976878613,7.5030147871546,70
"72",2014,11,7.60162679425837,209,8.34655172413793,6.67247311827957,7.60294117647059,7.83295454545455,7.53993939393939,116,93,17,44,165,8634,4487,4147,815,1774,6860,7.51909016678249,8.33117695564966,6.6404228357849,6.95939509202454,7.57781877113867,7.5039029154519,71
"73",2014,12,7.57617346938776,196,8.43362745098039,6.64574468085106,6.56818181818182,6.91962962962963,7.6810650887574,102,94,22,27,169,8830,4589,4241,837,1801,7029,7.52035724801812,8.33345412943997,6.64054079226597,6.94911230585424,7.56795141588007,7.50816246976811,72
"74",2015,1,7.69541044776119,268,8.36294871794872,6.765625,7.11176470588235,7.39423076923077,7.76791666666667,156,112,17,52,216,9098,4745,4353,854,1853,7245,7.52551379424049,8.33442381454163,6.64375913163335,6.95235011709602,7.56307636265515,7.51590669427191,73
"75",2015,2,7.69206030150754,199,8.405,6.51333333333333,7.38214285714286,7.24807692307692,7.75878612716763,124,75,14,26,173,9297,4869,4428,868,1879,7418,7.52907868129504,8.33622119531732,6.64155002258356,6.95928225806452,7.55871766897286,7.52157104340793,74
"76",2015,3,7.71205882352941,204,8.4347619047619,6.94555555555556,7.08388888888889,7.76033333333333,7.70373563218391,105,99,18,30,174,9501,4974,4527,886,1909,7592,7.53300752552363,8.33830136710897,6.64819825491495,6.9618137697517,7.56188606600314,7.52574604847208,75
"77",2015,4,7.80858585858586,198,8.46869918699187,6.726,6.72727272727273,7.88382352941176,7.79298780487805,123,75,11,34,164,9699,5097,4602,897,1943,7756,7.53863331271265,8.34144810672945,6.64946621034333,6.9589375696767,7.56751955738549,7.53139685404848,76
"78",2015,5,7.92529069767442,172,8.60754716981132,6.82954545454545,6.85714285714286,7.934375,7.92321428571429,106,66,14,32,140,9871,5203,4668,911,1975,7896,7.54537073244859,8.34686930616952,6.65201231790917,6.95737321624589,7.5734635443038,7.53834397163121,77
"79",2015,6,7.7508938547486,179,8.7755,6.45392405063291,6.06923076923077,7.88088235294118,7.72041379310345,100,79,13,34,145,10050,5303,4747,924,2009,8041,7.54903129353234,8.35495210258345,6.64871571518854,6.94487770562771,7.5786662518666,7.5416271608009,78
"80",2015,7,7.45411049723757,181,8.14375238095238,6.50131578947368,7.125,7.47407407407407,7.45061038961039,105,76,12,27,154,10231,5408,4823,936,2036,8195,7.54735201837553,8.35085151627219,6.64639301264773,6.94718696581197,7.57727922396857,7.53991677852349,79
"81",2015,8,7.64847368421053,190,8.57395833333333,6.70329787234043,7.34772727272727,7.77272727272727,7.62235668789809,96,94,22,33,157,10421,5504,4917,958,2069,8352,7.5491957105844,8.35474291424419,6.64748088265202,6.95638517745303,7.58039656839053,7.54146647509579,80
"82",2015,9,7.62287709497207,179,8.48406542056075,6.34305555555556,7.65454545454545,8.19310344827586,7.51263333333333,107,72,11,29,150,10600,5611,4989,969,2098,8502,7.55043995283019,8.35720905364463,6.64308749248346,6.96431062951496,7.58886582459485,7.54095777464126,81
"83",2015,10,7.71191176470588,204,8.40691666666667,6.71904761904762,6.84545454545455,7.83424242424242,7.68830409356725,120,84,11,33,171,10804,5731,5073,980,2131,8673,7.55348884672344,8.35824986913279,6.64434525921545,6.96297653061225,7.59266564992961,7.54386290787502,82
"84",2015,11,7.33896103896104,231,7.91969696969697,6.56464646464647,5.82105263157895,7.23448275862069,7.3539603960396,132,99,19,29,202,11035,5863,5172,999,2160,8875,7.54899805165383,8.34837625788846,6.64281970224285,6.94125825825826,7.58785671296296,7.53954061971831,83
"85",2015,12,7.49453441295547,247,8.3336,6.63483606557377,6.45,7.59705882352941,7.47816901408451,125,122,26,34,213,11282,5988,5294,1025,2194,9088,7.54780566388938,8.34806780227121,6.64263571968266,6.92879707317073,7.58799931631723,7.53810222271127,84
"86",2016,1,7.55191740412979,339,8.36492146596859,6.5027027027027,6.56730769230769,7.297,7.59602076124567,191,148,26,50,289,11621,6179,5442,1051,2244,9377,7.54792560881164,8.34858876840913,6.63883011760382,6.91985442435776,7.58151537433155,7.53988727738083,85
"87",2016,2,7.80199074074074,216,8.53859649122807,6.97872549019608,7.3125,7.77096774193548,7.80718918918919,114,102,20,31,185,11837,6293,5544,1071,2275,9562,7.55256175551238,8.35203082790402,6.6450836038961,6.92718674136321,7.58409692307692,7.54505887889563,86
"88",2016,3,7.76395918367347,245,8.42277777777778,6.82465346534653,6.94230769230769,7.82142857142857,7.75438095238095,144,101,26,35,210,12082,6437,5645,1097,2310,9772,7.55684849362688,8.35361348454249,6.64829645704163,6.9275451230629,7.58769285714286,7.54955720425706,87
"89",2016,4,7.47607003891051,257,8.18116438356164,6.54864864864865,6.66842105263158,7.36,7.49746543778802,146,111,19,40,217,12339,6583,5756,1116,2350,9989,7.55516601831591,8.34978885006836,6.64637482626824,6.9231335125448,7.58381723404255,7.54842556812494,88
"90",2016,5,7.53206278026906,223,8.364453125,6.41052631578947,6.64117647058824,7.84285714285714,7.47420212765957,128,95,17,35,188,12562,6711,5851,1133,2385,10177,7.55475589078172,8.3500685441812,6.64254546231413,6.91890291262136,7.58761865828092,7.5470544364744,89
"91",2016,6,7.52136815920398,201,8.21363247863248,6.55714285714286,6.38947368421053,7.34285714285714,7.55026011560694,117,84,19,28,173,12763,6828,5935,1152,2413,10350,7.554230079135,8.34773066783832,6.64133673125527,6.91017100694445,7.58477849150435,7.54710801932367,90
"92",2016,7,7.38627272727273,220,8.0400826446281,6.58717171717172,6.79047619047619,7.35555555555556,7.39056994818653,121,99,21,27,193,12983,6949,6034,1173,2440,10543,7.55138400215667,8.34237372283782,6.64044804441498,6.90802813299233,7.58224200819672,7.54424243573935,91
"93",2016,8,7.64795774647887,284,8.25454022988506,6.68845454545455,6.99875,7.40395833333333,7.69758474576271,174,110,16,48,236,13267,7123,6144,1189,2488,10779,7.55345130775609,8.34022813421312,6.64130753580729,6.90924894869638,7.57880245176849,7.54759977734484,92
"94",2016,9,7.68030303030303,264,8.396,6.73859649122807,6.64285714285714,7.71931818181818,7.6725,150,114,28,44,220,13531,7273,6258,1217,2532,10999,7.55592628039317,8.34137838581054,6.64307981783317,6.90311996713229,7.58124427330174,7.5500980089099,93
"95",2016,10,7.46905594405594,286,8.27134146341463,6.3905737704918,6.22,7.27954545454545,7.50351239669421,164,122,20,44,242,13817,7437,6380,1237,2576,11241,7.55412813924875,8.33983393841603,6.6382513322884,6.89207518189167,7.5760910326087,7.54909509830087,94
"96",2016,11,7.64144703947368,304,8.34660960451977,6.65866141732283,6.78947368421053,7.58717948717949,7.64943358490566,177,127,19,39,265,14121,7614,6507,1256,2615,11506,7.55600795977622,8.3399914499606,6.63864968495466,6.89052308917198,7.57625640535373,7.55140604032679,95
"97",2016,12,7.52641975308642,243,8.37058823529412,6.45345794392523,6.52111111111111,7.31846153846154,7.56617647058824,136,107,27,39,204,14364,7750,6614,1283,2654,11710,7.55550740740741,8.34052837419355,6.63565368914424,6.88274902572097,7.57246816126601,7.55166335610589,96
"98",2017,1,7.60891803278689,366,8.37747222222222,6.5022,6.5469696969697,8.11960975609756,7.54449230769231,216,150,33,41,325,14730,7966,6764,1316,2695,12035,7.55683451459606,8.34153011549084,6.6326941898285,6.87432902735562,7.58079202226345,7.55146970502701,97
"99",2017,2,7.66798013245033,302,8.36022988505747,6.726953125,6.94090909090909,8.00111111111111,7.60964980544747,174,128,22,45,257,15032,8140,6892,1338,2740,12292,7.55906748270356,8.34192984029484,6.6344447910621,6.87542376681614,7.5876950729927,7.55268612918972,98
"100",2017,3,7.61154676258993,278,8.27953642384106,6.81732283464567,7.27037037037037,7.46416666666667,7.63347107438017,151,127,27,36,242,15310,8291,7019,1365,2776,12534,7.56002040496407,8.3407934989748,6.63775373984898,6.8832358974359,7.58609311959654,7.5542458831977,99
"101",2017,4,7.49981481481481,270,8.19243421052632,6.60762711864407,6.82592592592593,7.45851063829787,7.5085201793722,152,118,27,47,223,15580,8443,7137,1392,2823,12757,7.55897704749679,8.33812257491413,6.63725563962449,6.88212428160919,7.58396900460503,7.55344657051031,100
"102",2017,5,7.73746478873239,284,8.27156756756757,6.73939393939394,6.7,7.675,7.74653225806452,185,99,21,36,248,15864,8628,7236,1413,2859,13005,7.56217236510338,8.33669551460362,6.63865305417358,6.87941755130927,7.58511525008744,7.55712863514033,101
"103",2017,6,7.68858333333333,240,8.44071942446043,6.65346534653465,6.51428571428571,7.88064516129032,7.6600956937799,139,101,21,31,209,16104,8767,7337,1434,2890,13214,7.564056284153,8.33834480438007,6.63885695788469,6.87407043235704,7.58828529411764,7.55875721961556,102
"104",2017,7,7.57922413793103,232,8.38914728682171,6.56485436893204,6.26315789473684,7.34102564102564,7.62735751295337,129,103,19,39,193,16336,8896,7440,1453,2929,13407,7.56427169441724,8.33908148606116,6.63783245967742,6.86608189951824,7.58499300102424,7.55974475274111,103
"105",2017,8,7.52657992565056,269,8.16656050955414,6.62946428571429,7.12727272727273,7.40740740740741,7.53987603305785,157,112,11,27,242,16605,9053,7552,1464,2956,13649,7.56366109003312,8.3360895725174,6.63770835540254,6.8680443989071,7.58337094046008,7.55939247563924,104
"106",2017,9,7.51404761904762,210,8.35892857142857,6.5484693877551,6.63888888888889,7.525,7.5128947368421,112,98,18,20,190,16815,9165,7650,1482,2976,13839,7.56304147487362,8.33636867430442,6.63656516339869,6.86526113360324,7.58297866263441,7.55875409350387,105
"107",2017,10,7.55498245614035,285,8.37767741935484,6.57407692307692,6.71842105263158,7.83469387755102,7.49690677966102,155,130,19,49,236,17100,9320,7780,1501,3025,14075,7.56290715789474,8.33705567596567,6.63552101542416,6.86340239840106,7.58705603305785,7.55771707992895,106
"108",2017,11,7.271261829653,317,8.02075949367089,6.52647798742138,6.38387096774194,7.04177777777778,7.30922794117647,158,159,31,45,272,17417,9478,7939,1532,3070,14347,7.55759903542516,8.3317829605402,6.63333713314019,6.85369908616188,7.57906335504886,7.55300605701541,107
"109",2017,12,7.3852614379085,306,8.04815476190476,6.57826086956522,6.04642857142857,7.152,7.4308203125,168,138,28,50,256,17723,9646,8077,1560,3120,14603,7.55462350617841,8.32684313705163,6.63239612479881,6.83920961538461,7.57221939102564,7.55086406217901,108
"110",2018,1,7.43426683377309,379,8.20202431279621,6.47,6.73375,7.35641666666667,7.4489094984326,211,168,32,60,319,18102,9857,8245,1592,3180,14922,7.55210360899348,8.3241712519022,6.62908714372347,6.8370898241206,7.56814764150943,7.5486844947058,109
"111",2018,2,7.55383018867925,265,8.429921875,6.73529197080292,6.7448275862069,7.73157894736842,7.52407488986784,128,137,29,38,227,18367,9985,8382,1621,3218,15149,7.55212852017205,8.32552689334001,6.63082301360057,6.8354392350401,7.57007753262896,7.54831573239158,110
"112",2018,3,7.66859418972332,253,8.38653650684932,6.68897196261682,6.72857142857143,7.33139534883721,7.73763966666667,146,107,21,43,210,18620,10131,8489,1642,3261,15359,7.55371100214823,8.32640611588195,6.63155595476499,6.8340724725944,7.56693023612389,7.55090431408295,111
"113",2018,4,7.37816901408451,213,8.25136363636364,6.44563106796117,6.26944444444444,7.075,7.42786885245902,110,103,18,30,183,18833,10241,8592,1660,3291,15542,7.55172563372803,8.3256000742115,6.6293271066108,6.82795,7.56244591309632,7.54945562733239,112
"114",2018,5,7.54568726804124,194,7.98865384615385,7.03381477777778,6.55,7.46666666666667,7.55684311764706,104,90,10,24,170,19027,10345,8682,1670,3315,15712,7.5516640663268,8.3222126979217,6.63352013706519,6.82628562874251,7.56175248868778,7.5495355581721,113
"115",2018,6,7.62611398963731,193,8.19455445544554,7.0020652173913,7.23076923076923,8.00647058823529,7.54477987421384,101,92,13,34,159,19220,10446,8774,1683,3349,15871,7.55241166441207,8.32097839938733,6.63738452587189,6.82940998217469,7.56626739325172,7.54948791443513,114
"116",2018,7,7.35382978723404,188,7.98275229357798,6.48607594936709,6.32352941176471,7.5,7.33345454545455,109,79,17,23,165,19408,10555,8853,1700,3372,16036,7.55048805595631,8.31748558597821,6.63603431943974,6.82435117647059,7.56581539145907,7.54726507171365,115
"117",2018,8,7.39854368932039,206,8.0827868852459,6.40476190476191,6.075,7.49833333333333,7.38153409090909,122,84,20,30,176,19614,10677,8937,1720,3402,16212,7.54889222952993,8.31480381755175,6.6338605605908,6.81563779069767,7.56522031158142,7.54546587034296,116
"118",2018,9,7.61393617021277,188,8.24350515463918,6.94285714285714,7.02105263157895,7.98378378378378,7.52331125827815,97,91,19,37,151,19802,10774,9028,1739,3439,16363,7.54950975608524,8.31416190458511,6.63697516947275,6.81788211615871,7.56972361151497,7.5452614245554,117
"119",2018,10,7.43437151515151,198,8.11199610619469,6.53352941176471,6.85555555555556,7.25416666666667,7.45922735632184,113,85,18,24,174,20000,10887,9113,1757,3463,16537,7.5483698875,8.31206355469827,6.63601029628004,6.81826807057484,7.56753667340456,7.54435618612808,118
"120",2018,11,7.36730824267782,239,8.13493919708029,6.33627450980392,6.48695652173913,7.2093023255814,7.40197280612245,137,102,23,43,196,20239,11024,9215,1780,3506,16733,7.54623175156875,8.30986235395501,6.63269254801953,6.81398707865168,7.563143040502,7.54268839538636,119
"121",2018,12,7.32241860465116,215,7.98770491803279,6.44967741935484,5.98291666666667,7.3625,7.31641711229947,122,93,24,28,187,20454,11146,9308,1804,3534,16920,7.54387916397771,8.30633613762785,6.63086396970348,6.80293070953437,7.56155333899264,7.54018764302601,120
"122",2019,1,7.39517799352751,309,8.10541176470588,6.52654676258993,6.25,7.674,7.34135135135135,170,139,40,50,259,20763,11316,9447,1844,3584,17179,7.54166615710639,8.30331765553199,6.6293290811898,6.79093655097614,7.5631220703125,7.53718987833984,121
"123",2019,2,7.61081730769231,208,8.28318584070797,6.81105263157895,6.68,7.7,7.59578651685393,113,95,20,30,178,20971,11429,9542,1864,3614,17357,7.54235202994611,8.30311860967714,6.63113831796269,6.78974624463519,7.56425830105147,7.5377908002535,122
"124",2019,3,7.29519650655022,229,8.29357142857143,6.33948717948718,6.35185185185185,7.628,7.23515463917526,112,117,27,35,194,21200,11541,9659,1891,3649,17551,7.53968228396226,8.30302595875574,6.62760553162853,6.78349391856161,7.56486969032612,7.53444561107629,123
"125",2019,4,7.4803664921466,191,8.36262626262626,6.53097826086957,6.57894736842105,7.47,7.48269230769231,99,92,19,35,156,21391,11640,9751,1910,3684,17707,7.53915265391987,8.3035328685567,6.62669386011691,6.78145916230366,7.56396837676439,7.53398966058621,124
"126",2019,5,7.55876344086021,186,8.13504347826087,6.62535211267606,6.525,7.56583333333333,7.55771604938272,115,71,10,24,162,21577,11755,9822,1920,3708,17869,7.53932170459285,8.30188452488303,6.62668416106699,6.7801234375,7.56398044768069,7.534204763557,125
"127",2019,6,7.15833333333333,192,7.93820224719101,6.48446601941748,6.63461538461539,7.30357142857143,7.13353658536585,89,103,26,28,164,21769,11844,9925,1946,3736,18033,7.535961432312,8.2991516877744,6.62520824483627,6.77817934224049,7.56202877408994,7.53056091166195,126
"128",2019,7,7.50585635359116,181,8.2416,6.59753086419753,6.25833333333333,7.68529411764706,7.4643537414966,100,81,12,34,147,21950,11944,10006,1958,3770,18180,7.53571318542141,8.29866984176155,6.62498419248451,6.77499336057201,7.56314045092838,7.53002557315732,127
"129",2019,8,7.45387738589212,241,8.1907379389313,6.57634345454545,6.925,7.11049029411765,7.51027913043478,131,110,16,34,207,22191,12075,10116,1974,3804,18387,7.53482442747059,8.29749890351967,6.62445527975484,6.77620921985815,7.55909468191377,7.5298032686137,128
"130",2019,9,7.27666666666667,204,7.84035714285714,6.5904347826087,6.6485,7.2830303030303,7.27543859649123,112,92,20,33,171,22395,12187,10208,1994,3837,18558,7.53247282295155,8.29329771559859,6.62414866869122,6.77492828485456,7.55672039874902,7.52745946222653,129
"131",2019,10,7.54814867579909,219,8.13579838709677,6.78111115789474,6.45357142857143,7.26032142857143,7.5903432460733,124,95,14,28,191,22614,12311,10303,2008,3865,18749,7.53262463208632,8.2917113362034,6.62559595942929,6.77268774900398,7.55457313583441,7.5281000725372,130
"132",2019,11,7.49377450980392,204,8.14603603603604,6.7152688172043,6.64761904761905,7.6551724137931,7.46702857142857,111,93,21,29,175,22818,12422,10396,2029,3894,18924,7.53227729993864,8.29040961680889,6.6263981502501,6.77139329719073,7.55532233436055,7.52753531283027,131
"133",2019,12,7.48575244725738,237,8.22966424460432,6.43061224489796,6.63611111111111,7.74545454545455,7.44374181372549,139,98,18,33,204,23055,12561,10494,2047,3927,19128,7.53179903535025,8.28973740864581,6.62456977034496,6.77020371275037,7.55692008403361,7.526641655688,132
"134",2020,1,7.40369285714286,350,7.93397375,6.54891171641791,6.02083333333333,7.64333333333333,7.35411206896552,216,134,24,60,290,23405,12777,10628,2071,3987,19418,7.52988332663961,8.28372308992722,6.62361585811065,6.76151955577016,7.55822050915475,7.52406499588011,133
"135",2020,2,7.63463376681614,223,8.24957390977444,6.72588888888889,6.89473684210526,7.63225806451613,7.63501734375,133,90,19,31,192,23628,12910,10718,2090,4018,19610,7.53087195657694,8.28337128195198,6.62447465385333,6.76273062200957,7.55879172971628,7.52515132177461,134
"136",2020,3,7.58328571428571,210,8.12387096774193,6.80383720930233,6.45833333333333,7.15806451612903,7.65692737430168,124,86,12,31,179,23838,13034,10804,2102,4049,19789,7.53133369368236,8.28185386297377,6.62590238245094,6.76099286393911,7.55572367745122,7.52634329273839,135
"137",2020,4,7.50633802816901,142,8.30731707317073,6.41166666666667,6.23333333333333,7.59583333333333,7.48813559322034,82,60,15,24,118,23980,13116,10864,2117,4073,19907,7.5311856793161,8.28201305657213,6.6247191955081,6.75725413320737,7.55596002209673,7.52611681418597,136
"138",2020,5,7.55292842767296,159,8.27995340425532,6.50153846153846,6.41538461538462,8.02380952380952,7.48127260869565,94,65,13,21,138,24139,13210,10929,2130,4094,20045,7.5313288955632,8.28199840045421,6.62398658065697,6.7551676056338,7.55835983634587,7.52580808381143,137
"139",2020,6,7.56929411764706,170,8.20442477876106,6.31017543859649,5.65764705882353,6.94285714285714,7.65758389261745,113,57,17,21,149,24309,13323,10986,2147,4115,20194,7.53159439754823,8.28134045410193,6.62235839614054,6.74647741034001,7.55521875334143,7.52678038229177,138
"140",2020,7,7.52428859756098,164,8.04022432692308,6.63,6.63076923076923,7.62,7.50707431654676,104,60,13,25,139,24473,13427,11046,2160,4140,20333,7.5315454394639,8.27947286810159,6.62239990403766,6.74578101851852,7.55560994444444,7.52664566812571,139
"141",2020,8,7.61623529411765,170,8.38364705882353,6.84882352941176,6.39,8.01,7.56373333333333,85,85,15,20,150,24643,13512,11131,2175,4160,20483,7.53212967333523,8.28012819715809,6.62412894977989,6.74332735632184,7.55779451201923,7.5269172665137,140
"142",2020,9,7.28937853107345,177,7.9261320754717,6.3387323943662,6.18181818181818,7.02727272727273,7.34944444444444,106,71,11,33,144,24820,13618,11202,2186,4193,20627,7.53039853102337,8.27737275664562,6.62232006248884,6.74050182982617,7.55361916766039,7.52567830367965,141
"143",2020,10,7.57510152284264,197,8.18976851851852,6.82921348314607,6.5047619047619,7.96923076923077,7.51517543859649,108,89,21,26,171,25017,13726,11291,2207,4219,20798,7.53075055122517,8.27668346204285,6.62395087591887,6.73825872224739,7.55618041479023,7.5255919497067,142
"144",2020,11,7.50563953488372,258,8.26837748344371,6.4292523364486,6.37409090909091,7.59285714285714,7.49502173913043,151,107,22,28,230,25275,13877,11398,2229,4247,21028,7.53049422512364,8.27659308207827,6.62212312160028,6.7346644235083,7.55642222039086,7.52525757894237,143
"145",2020,12,7.63967431192661,218,8.40123140495868,6.68969072164948,6.04347826086957,8.26018181818182,7.57002551020408,121,97,23,22,196,25493,13998,11495,2252,4269,21224,7.53142786411956,8.27767046720961,6.62269328751631,6.72760523978686,7.56004899742328,7.52567100310969,144
"146",2021,1,7.61382575757576,264,8.11596385542169,6.76326530612245,6.91111111111111,7.07058823529412,7.69413043478261,166,98,18,34,230,25757,14164,11593,2270,4303,21454,7.53227241293629,8.27577528946626,6.62388159579056,6.72906035242291,7.5561815407855,7.52747699123707,145
"147",2021,2,7.54955223880597,201,8.1975,6.58962962962963,6.22,7.71964285714286,7.52202312138728,120,81,15,28,173,25958,14284,11674,2285,4331,21627,7.53240621542492,8.27511769812378,6.62364393866712,6.72571859956236,7.55723832140383,7.52743336431313,146
"148",2021,3,7.60219895287958,191,8.07495726495726,6.85472972972973,6.55625,7.86923076923077,7.56012121212121,117,74,16,26,165,26149,14401,11748,2301,4357,21792,7.53291600214157,8.27349150753421,6.62509953524004,6.72454019991308,7.55910010787239,7.5276808631608,147
"149",2021,4,7.46778481012658,158,8.01808510638298,6.65953125,6.20833333333333,7.3625,7.47964788732394,94,64,12,16,142,26307,14495,11812,2313,4373,21934,7.53252482381115,8.27183519834426,6.62528609380291,6.72186208387376,7.55838078435856,7.52736989924319,148
"150",2021,5,7.65374331550802,187,8.11324786324786,6.88571428571429,6.5,8.33571428571429,7.53364779874214,117,70,9,28,159,26494,14612,11882,2322,4401,22093,7.53338040839435,8.27056537092801,6.62682034505975,6.72100215331611,7.56332632810725,7.52741508034219,149
"151",2021,6,7.58060240963855,166,8.20515463917526,6.70260869565217,6.7,7.336,7.62397163120567,97,69,15,25,141,26660,14709,11951,2337,4426,22234,7.53367443885971,8.27013401318921,6.62725791481884,6.72086735130509,7.56204228874831,7.52802740712423,150
"152",2021,7,7.35082872928177,181,7.94708737864078,6.56346153846154,7.08888888888889,7.86842105263158,7.29012345679012,103,78,18,19,162,26841,14812,12029,2355,4445,22396,7.53244143437279,8.26788760464489,6.62684423809128,6.72368025477707,7.56335189426322,7.52630654447223,151
"153",2021,8,7.45973958333333,192,8.3117,6.53369565217391,6.5625,7.54217391304348,7.44852071005917,100,92,16,23,169,27033,14912,12121,2371,4468,22565,7.53192507453852,8.26818141094421,6.62613722795149,6.72259257697174,7.56324287600716,7.52572396942167,152
"154",2021,9,7.3648125,160,8.02931034482759,6.57287671232877,6.71764705882353,7.575,7.33478571428571,87,73,17,20,140,27193,14999,12194,2388,4488,22705,7.53094180634722,8.2667958663911,6.62581838117107,6.72255737018426,7.56329526960784,7.52454663598327,153
"155",2021,10,7.59078914285714,245,8.1231806870229,6.97900587719298,6.44736842105263,7.778125,7.56264478873239,131,114,19,32,213,27438,15130,12308,2407,4520,22918,7.53147619651578,8.26555240383345,6.62908969857004,6.72038512671375,7.5648161880531,7.52490072039445,154
"156",2021,11,7.46338028169014,213,8.10737704918033,6.6,7.16153846153846,7.17708333333333,7.49973544973545,122,91,13,24,189,27651,15252,12399,2420,4544,23107,7.53095164297855,8.26428716692893,6.62887620050004,6.72275495867769,7.56276830325704,7.52469488509976,155
"157",2021,12,7.59285042402827,283,8.2057199408284,6.68429824561403,6.38095238095238,7.58695652173913,7.59337180769231,169,114,21,23,260,27934,15421,12513,2441,4567,23367,7.53157874096083,8.26364532390896,6.62938112443059,6.71981442031954,7.56289011823955,7.52545903967133,156
"158",2022,1,7.61904702917772,377,8.21260233480176,6.7208,6.51304347826087,7.80325,7.59718317507418,227,150,23,40,337,28311,15648,12663,2464,4607,23704,7.53274350181908,8.26290486132414,6.63046402985075,6.71788433441559,7.56497702843499,7.52647874240635,157
"159",2022,2,7.50681069958848,243,8.15591911764706,6.68177570093458,6.09545454545455,7.953,7.43173076923077,136,107,22,35,208,28554,15784,12770,2486,4642,23912,7.53252280871331,8.26198303788647,6.63089397102584,6.71237610619469,7.56790266479966,7.52565457134493,158
"160",2022,3,7.53384259259259,216,8.08227642276423,6.80849462365591,5.38888888888889,7.36651515151515,7.56401639344262,123,93,9,33,183,28770,15907,12863,2495,4675,24095,7.53253271741397,8.26059346639845,6.63217803078598,6.70760200400802,7.56648110588235,7.5259459269558,159
"161",2022,4,7.63417004048583,247,8.10622377622378,6.98509615384615,6.81818181818182,7.672,7.62990990990991,143,104,11,25,222,29017,16050,12967,2506,4700,24317,7.53339787986353,8.25921808535826,6.63500856096244,6.70808739026337,7.56704237659575,7.52689505736728,160
"162",2022,5,7.59399159663866,238,8.22326086956522,6.7256,6.61333333333333,7.7525,7.5580412371134,138,100,15,44,194,29255,16188,13067,2521,4744,24511,7.53389083165271,8.25891155609094,6.63570184510599,6.70752360174534,7.56876247259697,7.52714157357921,161
"163",2022,6,7.61919642857143,224,8.09809160305343,6.94462365591398,6.14375,7.37209302325581,7.67790055248619,131,93,16,43,181,29479,16319,13160,2537,4787,24692,7.53453903728077,8.25762058153074,6.63788495516717,6.70396807252661,7.56699585753081,7.52824668354123,162
"164",2022,7,7.61747639676113,247,8.1125,6.87744111111111,6.36,7.646875,7.61310079069767,148,99,15,32,215,29726,16467,13259,2552,4819,24907,7.53522818239925,8.25631628529787,6.63967363149559,6.70194631661442,7.56752628553642,7.52897915365159,163
"165",2022,8,7.40740350877193,285,8.10992907801418,6.71951388888889,6.224,7.03170731707317,7.47053278688525,141,144,25,41,244,30011,16608,13403,2577,4860,25151,7.53401429309253,8.25507347483141,6.64053142430799,6.69730966239814,7.56300600205762,7.52841214186315,164
