"","year","month","avg_rating","no_ratings","avg_rating_owned","avg_rating_not_owned","avg_rating_prev_owned","avg_rating_comment","avg_rating_no_comment","no_ratings_owned","no_ratings_not_owned","no_ratings_prev_owned","no_ratings_comment","no_ratings_no_comment","cum_no_ratings","cum_no_ratings_owned","cum_no_ratings_not_owned","cum_no_ratings_prev_owned","cum_no_ratings_comment","cum_no_ratings_no_comment","cum_avg_rating","cum_avg_rating_owned","cum_avg_rating_not_owned","cum_avg_rating_prev_owned","cum_avg_rating_comment","cum_avg_rating_no_comment","month_after_release"
"1",2001,6,7,7,7,NA,NA,6.83333333333333,7.125,7,0,0,3,4,7,7,0,0,3,4,7,7,NA,NA,6.83333333333333,7.125,0
"2",2001,7,6.5,2,6,7,NA,NA,6.5,1,1,0,0,2,9,8,1,0,3,6,6.88888888888889,6.875,7,NA,6.83333333333333,6.91666666666667,1
"3",2001,8,6.5,4,6,8,8,7,6.33333333333333,3,1,1,1,3,13,11,2,1,4,9,6.76923076923077,6.63636363636364,7.5,8,6.875,6.72222222222222,2
"4",2001,9,7.875,4,8.16666666666667,7,NA,7,8.16666666666667,3,1,0,1,3,17,14,3,1,5,12,7.02941176470588,6.96428571428571,7.33333333333333,8,6.9,7.08333333333333,3
"5",2001,10,7,3,7,NA,NA,6,7.5,3,0,0,1,2,20,17,3,1,6,14,7.025,6.97058823529412,7.33333333333333,8,6.75,7.14285714285714,4
"6",2001,11,6,2,6,NA,NA,NA,6,2,0,0,0,2,22,19,3,1,6,16,6.93181818181818,6.86842105263158,7.33333333333333,8,6.75,7,5
"7",2001,12,6.66666666666667,3,8,4,NA,NA,6.66666666666667,2,1,0,0,3,25,21,4,1,6,19,6.9,6.97619047619048,6.5,8,6.75,6.94736842105263,6
"8",2002,1,6.33333333333333,3,8,3,NA,NA,6.33333333333333,2,1,0,0,3,28,23,5,1,6,22,6.83928571428571,7.06521739130435,5.8,8,6.75,6.86363636363636,7
"9",2002,2,6,3,7,5.5,NA,5,6.5,1,2,0,1,2,31,24,7,1,7,24,6.75806451612903,7.0625,5.71428571428571,8,6.5,6.83333333333333,8
"10",2002,3,6.5,4,6.5,NA,NA,NA,6.5,4,0,0,0,4,35,28,7,1,7,28,6.72857142857143,6.98214285714286,5.71428571428571,8,6.5,6.78571428571429,9
"11",2002,4,7.125,4,7.5,6,6,6.5,9,3,1,1,3,1,39,31,8,2,10,29,6.76923076923077,7.03225806451613,5.75,7,6.5,6.86206896551724,10
"12",2002,6,6.1,5,6.83333333333333,5,NA,NA,6.1,3,2,0,0,5,44,34,10,2,10,34,6.69318181818182,7.01470588235294,5.6,7,6.5,6.75,12
"13",2002,7,5.57142857142857,7,5,7,NA,2,6.16666666666667,5,2,0,1,6,51,39,12,2,11,40,6.53921568627451,6.75641025641026,5.83333333333333,7,6.09090909090909,6.6625,13
"14",2002,8,6.83333333333333,6,7.25,6,NA,8,6.25,4,2,0,2,4,57,43,14,2,13,44,6.57017543859649,6.80232558139535,5.85714285714286,7,6.38461538461539,6.625,14
"15",2002,9,7.33333333333333,3,7.33333333333333,NA,NA,7.5,7,3,0,0,2,1,60,46,14,2,15,45,6.60833333333333,6.83695652173913,5.85714285714286,7,6.53333333333333,6.63333333333333,15
"16",2002,10,7.71428571428571,7,7.6,8,NA,7.8,7.5,5,2,0,5,2,67,51,16,2,20,47,6.72388059701493,6.91176470588235,6.125,7,6.85,6.67021276595745,16
"17",2002,11,7.8,5,7.8,NA,NA,7.5,8,5,0,0,2,3,72,56,16,2,22,50,6.79861111111111,6.99107142857143,6.125,7,6.90909090909091,6.75,17
"18",2002,12,6.5,10,6.875,5,5,7.33333333333333,6.14285714285714,8,2,2,3,7,82,64,18,4,25,57,6.76219512195122,6.9765625,6,6,6.96,6.67543859649123,18
"19",2003,1,6.77777777777778,9,7.5,5.33333333333333,NA,6,7.16666666666667,6,3,0,3,6,91,70,21,4,28,63,6.76373626373626,7.02142857142857,5.90476190476191,6,6.85714285714286,6.72222222222222,19
"20",2003,2,7,5,7.75,4,NA,4,7.75,4,1,0,1,4,96,74,22,4,29,67,6.77604166666667,7.06081081081081,5.81818181818182,6,6.75862068965517,6.78358208955224,20
"21",2003,3,7.7,5,7.625,8,NA,7.75,7.66666666666667,4,1,0,2,3,101,78,23,4,31,70,6.82178217821782,7.08974358974359,5.91304347826087,6,6.82258064516129,6.82142857142857,21
"22",2003,4,6.94444444444444,9,6.92857142857143,7,NA,7,6.9375,7,2,0,1,8,110,85,25,4,32,78,6.83181818181818,7.07647058823529,6,6,6.828125,6.83333333333333,22
"23",2003,5,7.11,10,7.2625,6.5,NA,6.91666666666667,7.4,8,2,0,6,4,120,93,27,4,38,82,6.855,7.09247311827957,6.03703703703704,6,6.84210526315789,6.8609756097561,23
"24",2003,6,6.36363636363636,11,6.44444444444444,6,NA,6.33333333333333,6.4,9,2,0,6,5,131,102,29,4,44,87,6.81374045801527,7.03529411764706,6.03448275862069,6,6.77272727272727,6.83448275862069,24
"25",2003,7,6.75862068965517,29,6.88,6,5,7.25,6.68,25,4,1,4,25,160,127,33,5,48,112,6.80375,7.00472440944882,6.03030303030303,5.8,6.8125,6.8,25
"26",2003,8,6.58333333333333,18,7.35,5.625,5,6.41666666666667,6.66666666666667,10,8,2,6,12,178,137,41,7,54,124,6.7814606741573,7.02992700729927,5.95121951219512,5.57142857142857,6.76851851851852,6.78709677419355,26
"27",2003,9,7.26333333333333,15,7.88333333333333,6.33333333333333,6,8.5,7.07307692307692,9,6,2,2,13,193,146,47,9,56,137,6.81891191709845,7.08253424657534,6,5.66666666666667,6.83035714285714,6.81423357664234,27
"28",2003,10,7.63636363636364,11,7.63636363636364,NA,NA,7.66666666666667,7.625,11,0,0,3,8,204,157,47,9,59,145,6.86299019607843,7.12133757961783,6,5.66666666666667,6.8728813559322,6.85896551724138,28
"29",2003,11,7.5,5,8.83333333333333,5.5,7,8.75,6.66666666666667,3,2,1,2,3,209,160,49,10,61,148,6.87822966507177,7.1534375,5.97959183673469,5.8,6.9344262295082,6.85506756756757,29
"30",2003,12,7,14,7.3,6.25,NA,8,6.72727272727273,10,4,0,3,11,223,170,53,10,64,159,6.88587443946188,7.16205882352941,6,5.8,6.984375,6.84622641509434,30
"31",2004,1,7.26315789473684,19,7.26315789473684,NA,NA,6.5,7.35294117647059,19,0,0,2,17,242,189,53,10,66,176,6.91549586776859,7.17222222222222,6,5.8,6.96969696969697,6.89517045454546,31
"32",2004,2,6.91666666666667,12,7.4,4.5,6,6.3,7.35714285714286,10,2,1,5,7,254,199,55,11,71,183,6.91555118110236,7.18366834170854,5.94545454545455,5.81818181818182,6.92253521126761,6.91284153005465,32
"33",2004,3,7.03846153846154,13,7.04166666666667,7,NA,6.16666666666667,7.3,12,1,0,3,10,267,211,56,11,74,193,6.92153558052434,7.17559241706161,5.96428571428571,5.81818181818182,6.89189189189189,6.93290155440415,33
"34",2004,4,6.77777777777778,9,7.14285714285714,5.5,6,7.25,6.4,7,2,1,4,5,276,218,58,12,78,198,6.91684782608696,7.17454128440367,5.94827586206897,5.83333333333333,6.91025641025641,6.91944444444445,34
"35",2004,5,7,7,7.16666666666667,6,NA,7,7,6,1,0,3,4,283,224,59,12,81,202,6.91890459363958,7.17433035714286,5.94915254237288,5.83333333333333,6.91358024691358,6.9210396039604,35
"36",2004,6,6.875,12,7.4375,5.75,6.5,7.75,6.7,8,4,2,2,10,295,232,63,14,83,212,6.9171186440678,7.18340517241379,5.93650793650794,5.92857142857143,6.93373493975904,6.91061320754717,36
"37",2004,7,6.5,8,6.5,NA,NA,NA,6.5,8,0,0,0,8,303,240,63,14,83,220,6.90610561056106,7.160625,5.93650793650794,5.92857142857143,6.93373493975904,6.89568181818182,37
"38",2004,8,6.875,12,7.16666666666667,6,7,6.5,7.0625,9,3,1,4,8,315,249,66,15,87,228,6.90492063492063,7.16084337349398,5.93939393939394,6,6.91379310344828,6.9015350877193,38
"39",2004,9,7.33333333333333,12,7.33333333333333,NA,NA,9,7,12,0,0,2,10,327,261,66,15,89,238,6.92064220183486,7.16877394636015,5.93939393939394,6,6.96067415730337,6.90567226890756,39
"40",2004,10,6.67647058823529,17,6.75,6.33333333333333,6,6.6,6.70833333333333,14,3,1,5,12,344,275,69,16,94,250,6.90857558139535,7.14745454545455,5.95652173913043,6,6.94148936170213,6.8962,40
"41",2004,11,6.30769230769231,13,6.375,6.2,NA,5,6.41666666666667,8,5,0,1,12,357,283,74,16,95,262,6.88669467787115,7.1256183745583,5.97297297297297,6,6.92105263157895,6.87423664122137,41
"42",2004,12,6.9,10,7.16666666666667,6.5,7.25,6.58333333333333,7.375,6,4,2,6,4,367,289,78,18,101,266,6.88705722070845,7.12647058823529,6,6.13888888888889,6.9009900990099,6.88176691729323,42
"43",2005,1,6.98387096774194,31,7.125,6.72727272727273,7.66666666666667,6.72222222222222,7.09090909090909,20,11,3,9,22,398,309,89,21,110,288,6.89459798994975,7.12637540453075,6.08988764044944,6.35714285714286,6.88636363636364,6.89774305555556,43
"44",2005,2,7.02631578947368,19,7.07692307692308,6.91666666666667,6.83333333333333,6.64285714285714,7.25,13,6,3,7,12,417,322,95,24,117,300,6.90059952038369,7.12437888198758,6.14210526315789,6.41666666666667,6.87179487179487,6.91183333333333,44
"45",2005,3,6.92666666666667,15,7.39,6,8,6.55714285714286,7.25,10,5,1,7,8,432,332,100,25,124,308,6.90150462962963,7.13237951807229,6.135,6.48,6.85403225806452,6.92061688311688,45
"46",2005,4,6.52941176470588,17,6.90909090909091,5.83333333333333,8,6.54545454545455,6.5,11,6,1,11,6,449,343,106,26,135,314,6.88741648106904,7.12521865889213,6.11792452830189,6.53846153846154,6.82888888888889,6.9125796178344,46
"47",2005,5,7.2,20,7.69285714285714,6.05,6.9,7.55555555555556,6.90909090909091,14,6,2,9,11,469,357,112,28,144,325,6.90074626865672,7.14747899159664,6.11428571428571,6.56428571428571,6.87430555555556,6.91246153846154,47
"48",2005,6,6.59375,16,6.33333333333333,7.375,9,6.40909090909091,7,12,4,1,11,5,485,369,116,29,155,330,6.89061855670103,7.1210027100271,6.15775862068965,6.64827586206897,6.84129032258064,6.91378787878788,48
"49",2005,7,6.58333333333333,12,6.6,6.57142857142857,7.25,6,6.7,5,7,2,2,10,497,374,123,31,157,340,6.88319919517103,7.11403743315508,6.18130081300813,6.68709677419355,6.83057324840764,6.9075,49
"50",2005,8,6.32,25,6.5625,5.88888888888889,6.6,6.4375,6.11111111111111,16,9,5,16,9,522,390,132,36,173,349,6.85622605363985,7.09141025641026,6.16136363636364,6.675,6.79421965317919,6.88696275071633,50
"51",2005,9,6.89423076923077,26,6.98809523809524,6.5,7,7.59375,6.58333333333333,21,5,3,8,18,548,411,137,39,181,367,6.85802919708029,7.08613138686131,6.17372262773723,6.7,6.82955801104972,6.87207084468665,51
"52",2005,10,6.348,25,6.39047619047619,6.125,5.5,6.42727272727273,6.28571428571429,21,4,2,11,14,573,432,141,41,192,381,6.83577661431065,7.05231481481481,6.17234042553191,6.64146341463415,6.80651041666667,6.8505249343832,52
"53",2005,11,6.885,20,7.11333333333333,6.2,NA,6.125,7.075,15,5,0,4,16,593,447,146,41,196,397,6.83743676222597,7.05436241610738,6.17328767123288,6.64146341463415,6.79260204081633,6.8595717884131,53
"54",2005,12,6.79166666666667,24,7.1,6.27777777777778,6.33333333333333,7.04545454545455,6.57692307692308,15,9,3,11,13,617,462,155,44,207,410,6.83565640194489,7.05584415584415,6.17935483870968,6.62045454545455,6.80603864734299,6.85060975609756,54
"55",2006,1,7.06896551724138,29,7.2,6.77777777777778,7,7.44444444444444,6.9,20,9,1,9,20,646,482,164,45,216,430,6.84613003095975,7.06182572614108,6.21219512195122,6.62888888888889,6.83263888888889,6.85290697674419,55
"56",2006,2,6.91176470588235,17,7.29166666666667,6,6,7.21428571428571,6.7,12,5,2,7,10,663,494,169,47,223,440,6.84781297134238,7.06740890688259,6.20591715976331,6.60212765957447,6.84461883408072,6.84943181818182,56
"57",2006,3,6.73529411764706,17,7.07692307692308,5.625,7,6.33333333333333,6.95454545454545,13,4,1,6,11,680,507,173,48,229,451,6.845,7.06765285996055,6.19248554913295,6.61041666666667,6.83122270742358,6.8519955654102,57
"58",2006,4,6.85714285714286,7,7.5,6,NA,6.5,7,4,3,0,2,5,687,511,176,48,231,456,6.84512372634643,7.07103718199609,6.18920454545454,6.61041666666667,6.82835497835498,6.85361842105263,58
"59",2006,5,6.97368421052632,19,7.3,5.75,NA,6.64285714285714,7.16666666666667,15,4,0,7,12,706,526,180,48,238,468,6.8485835694051,7.07756653992395,6.17944444444444,6.61041666666667,6.82289915966386,6.8616452991453,59
"60",2006,6,6.86363636363636,11,7.05,5,NA,6.5,6.94444444444444,10,1,0,2,9,717,536,181,48,240,477,6.84881450488145,7.07705223880597,6.17292817679558,6.61041666666667,6.82020833333333,6.86320754716981,60
"61",2006,7,6.85238095238095,21,7,6.38,6.66666666666667,6.5,7.06923076923077,16,5,3,8,13,738,552,186,51,248,490,6.84891598915989,7.07481884057971,6.17849462365591,6.61372549019608,6.80987903225806,6.86867346938776,61
"62",2006,8,6.34761904761905,21,6.95,5.14285714285714,6,6.18571428571429,6.42857142857143,14,7,1,7,14,759,566,193,52,255,504,6.83504611330698,7.07173144876325,6.14093264248705,6.60192307692308,6.79274509803922,6.85644841269841,62
"63",2006,9,6.83333333333333,15,7.04545454545455,6.25,7,6,7.04166666666667,11,4,2,3,12,774,577,197,54,258,516,6.83501291989664,7.07123050259965,6.14314720812183,6.61666666666667,6.78352713178294,6.86075581395349,63
"64",2006,10,6.875,16,7.3,6.16666666666667,6.33333333333333,7,6.85714285714286,10,6,3,2,14,790,587,203,57,260,530,6.83582278481013,7.07512776831346,6.14384236453202,6.60175438596491,6.78519230769231,6.86066037735849,64
"65",2006,11,6.63333333333333,15,7.27777777777778,5.66666666666667,NA,6.5,6.75,9,6,0,7,8,805,596,209,57,267,538,6.83204968944099,7.07818791946309,6.13014354066986,6.60175438596491,6.77771535580524,6.85901486988848,65
"66",2006,12,7.09848484848485,33,7.3375,6.73076923076923,7.6,7.04166666666667,7.13095238095238,20,13,5,12,21,838,616,222,62,279,559,6.84254176610978,7.08660714285714,6.16531531531532,6.68225806451613,6.78906810035842,6.86923076923077,66
"67",2007,1,6.31034482758621,29,6.4,6.11111111111111,6.75,6.4,6.26315789473684,20,9,2,10,19,867,636,231,64,289,578,6.82474048442907,7.06501572327044,6.16320346320346,6.684375,6.77560553633218,6.84930795847751,67
"68",2007,2,6.79784652173913,23,7.25,6.09449666666667,NA,6.875,6.756698,14,9,0,8,15,890,650,240,64,297,593,6.82404547191011,7.069,6.16062695833333,6.684375,6.77828282828283,6.84696537942664,68
"69",2007,3,6.29545454545455,22,6.89285714285714,5.25,5.375,5.85,6.66666666666667,14,8,4,10,12,912,664,248,68,307,605,6.811294375,7.06528614457831,6.13125189516129,6.60735294117647,6.74804560260586,6.84338920661157,69
"70",2007,4,6.44791666666667,24,6.81944444444444,5.33333333333333,4,6.25,6.56666666666667,18,6,1,9,15,936,682,254,69,316,620,6.80197699786325,7.05879765395894,6.11240342519685,6.5695652173913,6.73386075949367,6.83669430645161,70
"71",2007,5,7.46428571428571,21,7.296875,8,6.5,7.10714285714286,7.64285714285714,16,5,2,7,14,957,698,259,71,323,634,6.81651041797283,7.06425501432665,6.14884351351351,6.56760563380282,6.74195046439628,6.85449600946372,71
"72",2007,6,6.97,30,7.15909090909091,6.45,7.6,7.3,6.904,22,8,2,5,25,987,720,267,73,328,659,6.82117575481256,7.06715277777778,6.15786692883895,6.5958904109589,6.75045731707317,6.8563740060698,72
"73",2007,7,6.725,20,7.02941176470588,5,5,6.66666666666667,6.75,17,3,2,6,14,1007,737,270,75,334,673,6.81926561072493,7.06628222523745,6.14500174074074,6.55333333333333,6.74895209580838,6.85416117384844,73
"74",2007,8,6.79545454545455,22,7,6.55,6,6.7,6.875,12,10,2,10,12,1029,749,280,77,344,685,6.81875653061225,7.06522029372497,6.15946596428571,6.53896103896104,6.74752906976744,6.85452623357664,74
"75",2007,9,6.69,30,7.21052631578947,5.79090909090909,4.66666666666667,6.70833333333333,6.67777777777778,19,11,3,12,18,1059,768,291,80,356,703,6.8151090368272,7.06881510416667,6.14553426116838,6.46875,6.74620786516854,6.8500006685633,75
"76",2007,10,6.73666666666667,30,6.90526315789474,6.44545454545455,7.5,6.8,6.71363636363636,19,11,1,8,22,1089,787,302,81,364,725,6.81294808999082,7.0648665819568,6.15645850993377,6.48148148148148,6.74739010989011,6.84586271724138,76
"77",2007,11,6.96071428571429,28,7.01904761904762,6.78571428571429,6.75,7.25,6.845,21,7,2,8,20,1117,808,309,83,372,745,6.81665216651746,7.06367574257426,6.17071349514563,6.48795180722892,6.75819892473118,6.84583955704698,77
"78",2007,12,6.54166666666667,42,6.82142857142857,5.98214285714286,6,6.23529411764706,6.75,28,14,2,17,25,1159,836,323,85,389,770,6.80668720448663,7.05556220095694,6.16254015479876,6.47647058823529,6.7353470437018,6.84272788311688,78
"79",2008,1,6.77395833333333,48,6.88387096774194,6.57352941176471,7,7.12692307692308,6.64285714285714,31,17,4,13,35,1207,867,340,89,402,805,6.80538564208782,7.04942329873126,6.18308961764706,6.5,6.74800995024876,6.83403785093168,79
"80",2008,2,7.32608695652174,23,7.58823529411765,6.58333333333333,NA,6.91666666666667,7.47058823529412,17,6,0,6,17,1230,884,346,89,408,822,6.81512233333333,7.0597850678733,6.19003026011561,6.5,6.75049019607843,6.84720251824817,80
"81",2008,3,7.01958333333333,24,7.46214285714286,6.4,6.6,7.28375,6.8875,14,10,5,8,16,1254,898,356,94,416,838,6.81903546251994,7.0660579064588,6.19592828651685,6.50531914893617,6.76074519230769,6.84797192124105,81
"82",2008,4,6.5741935483871,31,6.925,5.93636363636364,6.25,6.68181818181818,6.515,20,11,4,11,20,1285,918,367,98,427,858,6.81312877042802,7.06298474945534,6.18814841961853,6.49489795918367,6.75871194379391,6.84021033799534,82
"83",2008,5,6.7258064516129,31,6.75,6.7,7,6.875,6.63157894736842,16,15,2,12,19,1316,934,382,100,439,877,6.81107178571429,7.05762312633833,6.20824730366492,6.505,6.76189066059225,6.83569038768529,83
"84",2008,6,6.92,25,7,6.5,5,7.1,6.875,21,4,1,5,20,1341,955,386,101,444,897,6.81310251304996,7.05635602094241,6.21127064766839,6.49009900990099,6.7656981981982,6.83656685618729,84
"85",2008,7,6.46571428571429,35,7.08571428571429,5.53571428571429,5.5,6.21538461538462,6.61363636363636,21,14,10,13,22,1376,976,400,111,457,919,6.80426632994186,7.05698770491803,6.187626175,6.4009009009009,6.75004376367615,6.83123010881393,85
"86",2008,8,6.61029411764706,34,7.05681818181818,5.79166666666667,5.5,5.92857142857143,6.78703703703704,22,12,8,7,27,1410,998,412,119,464,946,6.7995889858156,7.05698396793587,6.17609337378641,6.34033613445378,6.73765086206897,6.82996878435518,86
"87",2008,9,6.48518518518518,27,7.15294117647059,5.35,5.64285714285714,6.38888888888889,6.53333333333333,17,10,7,9,18,1437,1015,422,126,473,964,6.79368160751566,7.05859113300493,6.1565177014218,6.3015873015873,6.73101479915433,6.82442994813278,87
"88",2008,10,6.65483870967742,31,6.77916666666667,6.22857142857143,6.9,6.66666666666667,6.652,24,7,5,6,25,1468,1039,429,131,479,989,6.79074963896458,7.05213666987488,6.1576934032634,6.32442748091603,6.73020876826722,6.82007125379171,88
"89",2008,11,6.48611111111111,36,6.57894736842105,6.38235294117647,6.5,6.25,6.53333333333333,19,17,9,6,30,1504,1058,446,140,485,1019,6.78345775930851,7.04363894139887,6.16625665919283,6.33571428571429,6.72426804123711,6.81162950932287,89
"90",2008,12,6.69085185185185,27,7.02164285714286,6.33461538461538,6.17857142857143,6.55481818181818,6.784375,14,13,7,11,16,1531,1072,459,147,496,1035,6.78182460483344,7.04335167910448,6.17102498910675,6.32823129251701,6.72051008064516,6.81120818357488,90
"91",2009,1,6.43809523809524,42,6.7037037037037,5.96,6.3625,6.40909090909091,6.44838709677419,27,15,8,11,31,1573,1099,474,155,507,1066,6.77264683407502,7.03500727934486,6.16434698312236,6.33,6.71375345167653,6.80065710131332,91
"92",2009,2,6.55392156862745,51,6.962,6.16153846153846,5.9625,6.41666666666667,6.59615384615385,25,26,8,12,39,1624,1124,500,163,519,1105,6.76577799876847,7.0333834519573,6.16420094,6.31196319018405,6.70688439306358,6.79343933936652,92
"93",2009,3,6.18666666666667,45,6.75,5.736,5.83333333333333,5.77272727272727,6.32058823529412,20,25,9,11,34,1669,1144,525,172,530,1139,6.75016385260635,7.0284291958042,6.14381041904762,6.28691860465116,6.68749622641509,6.779324381036,93
"94",2009,4,6.54102564102564,39,6.98823529411765,6.19545454545455,5.42,6.68333333333333,6.51515151515152,17,22,5,6,33,1708,1161,547,177,536,1172,6.74538844847775,7.0278406546081,6.14588751371115,6.26242937853107,6.68744962686567,6.7718860665529,94
"95",2009,5,6.46136363636364,44,6.75294117647059,6.27777777777778,6.3125,6.25,6.52352941176471,17,27,8,10,34,1752,1178,574,185,546,1206,6.73825540525114,7.02387351443124,6.15209141114983,6.26459459459459,6.67943772893773,6.76488430348259,95
"96",2009,6,6.48809523809524,42,7.16666666666667,5.80952380952381,5,5.88461538461539,6.75862068965517,21,21,4,13,29,1794,1199,595,189,559,1235,6.73239881270903,7.02637447873228,6.14000078991597,6.23783068783069,6.66095348837209,6.76473722267207,96
"97",2009,7,6.41190476190476,42,6.87727272727273,5.9,5.23,6.63,6.34375,22,20,10,10,32,1836,1221,615,199,569,1267,6.72506724945534,7.02368796068796,6.13219588617886,6.18718592964824,6.66040949033392,6.75410455406472,97
"98",2009,8,6.62413793103448,29,6.63125,6.61538461538461,6.42857142857143,6.825,6.54761904761905,16,13,7,8,21,1865,1237,628,206,577,1288,6.72349783914209,7.01861196443007,6.14219820063694,6.19538834951456,6.66269150779896,6.75073794254658,98
"99",2009,9,6.8780487804878,41,7.675,6.11904761904762,6,6.85714285714286,6.88235294117647,20,21,9,7,34,1906,1257,649,215,584,1322,6.72682238719832,7.02905568814638,6.14144910631741,6.18720930232558,6.66502226027397,6.75412289712557,99
"100",2009,10,6.8,40,7.575,6.025,6,6.5,6.91379310344828,20,20,8,11,29,1946,1277,669,223,595,1351,6.72832655190133,7.03760610806578,6.13796781763827,6.1804932735426,6.66197142857143,6.75755031088083,100
"101",2009,11,6.59673913043478,46,7.15555555555556,5.80263157894737,5.79166666666667,5.96428571428571,6.71025641025641,27,19,6,7,39,1992,1304,688,229,602,1390,6.72528788654618,7.04004831288344,6.12870707848837,6.17030567685589,6.65385880398671,6.75622335971223,101
"102",2009,12,6.7472972972973,37,6.88823529411765,6.6275,6.20833333333333,6.75,6.74655172413793,17,20,6,8,29,2029,1321,708,235,610,1419,6.72568924100542,7.03809462528388,6.1427972740113,6.17127659574468,6.65511967213115,6.75602570119803,102
"103",2010,1,6.48936170212766,47,6.7,6.25,5.7,5.8,6.67567567567568,25,22,10,10,37,2076,1346,730,245,620,1456,6.7203388583815,7.03181500742942,6.14602804109589,6.15204081632653,6.64132741935484,6.75398383928571,103
"104",2010,2,6.46764705882353,34,6.9375,6.05,6.16666666666667,6.21428571428571,6.53333333333333,16,18,6,7,27,2110,1362,748,251,627,1483,6.71626704739336,7.03070704845815,6.14371720588235,6.15239043824701,6.63655980861244,6.74996660148348,104
"105",2010,3,6.9,27,6.95625,6.81818181818182,7.25,6.8,6.92272727272727,16,11,4,5,22,2137,1378,759,255,632,1505,6.71858842770239,7.02984252539913,6.15349205533597,6.16960784313725,6.63785284810127,6.75249200664452,105
"106",2010,4,6.38333333333333,30,6.96428571428571,5.875,5.41666666666667,6.375,6.38461538461539,14,16,6,4,26,2167,1392,775,261,636,1531,6.71394714813106,7.02918318965517,6.14774254193548,6.15229885057471,6.63619968553459,6.74624459177008,106
"107",2010,5,6.61538461538461,26,7.22222222222222,5.25,4.5,6.1,6.73809523809524,18,8,2,5,21,2193,1410,783,263,641,1552,6.7127786000912,7.0316475177305,6.13857020434227,6.13973384030418,6.63201716068643,6.74613432345361,107
"108",2010,6,6.81785714285714,28,6.63571428571429,7,7,7,6.75714285714286,14,14,4,7,21,2221,1424,797,267,648,1573,6.71410331832508,7.02775491573034,6.15370196988708,6.15262172284644,6.63599228395062,6.74628129052765,108
"109",2010,7,6.90137931034483,29,7.11411764705882,6.6,5.66666666666667,7.1,6.86,17,12,3,5,24,2250,1441,809,270,653,1597,6.71651709777778,7.02877376821652,6.16032196538937,6.14722222222222,6.63954517611026,6.74799027551659,109
"110",2010,8,6.524,25,6.79285714285714,6.18181818181818,6.33333333333333,6.07142857142857,6.7,14,11,6,7,18,2275,1455,820,276,660,1615,6.71440152527472,7.02650378006873,6.16061032926829,6.15126811594203,6.6335196969697,6.7474553993808,110
"111",2010,9,7.01785714285714,28,7.295,6.325,6.4,7.2,6.97826086956522,20,8,4,5,23,2303,1475,828,280,665,1638,6.71809095527573,7.03014440677966,6.1621986352657,6.15482142857143,6.63777894736842,6.75069625763126,111
"112",2010,10,6.784,25,6.96923076923077,6.58333333333333,7,6.68333333333333,6.81578947368421,13,12,3,6,19,2328,1488,840,283,671,1657,6.71879874140893,7.0296122311828,6.1682148452381,6.16378091872791,6.63818628912072,6.75144264936632,112
"113",2010,11,6.38780487804878,41,6.86666666666667,5.885,6.25,6.3,6.4,21,20,4,5,36,2369,1509,860,287,676,1693,6.71307027015618,7.02734459907223,6.16162845348837,6.16498257839721,6.6356849112426,6.74396956290608,113
"114",2010,12,6.75142857142857,35,6.86363636363636,6.56153846153846,6.28571428571429,7,6.71935483870968,22,13,7,4,31,2404,1531,873,294,680,1724,6.7136287312812,7.02499216198563,6.16758358533792,6.16785714285714,6.63782794117647,6.74352695475638,114
"115",2011,1,6.76617647058824,34,7.03571428571429,6.33076923076923,7.8,5.28571428571429,7.15,21,13,1,7,27,2438,1552,886,295,687,1751,6.71436155455291,7.02513724226804,6.16997795711061,6.17338983050847,6.62405094614265,6.74979467161622,115
"116",2011,2,6.77115384615385,26,7.43666666666667,5.86363636363636,6.25,7.33333333333333,6.6025,15,11,4,6,20,2464,1567,897,299,693,1771,6.71496082386364,7.02907657945118,6.16622125975474,6.17441471571906,6.63019191919192,6.74813126482213,116
"117",2011,3,6.23548387096774,31,6.30769230769231,6.18333333333333,5.6,5.85,6.41904761904762,13,18,10,10,21,2495,1580,915,309,703,1792,6.70900339478958,7.02314113924051,6.16655789071038,6.15582524271845,6.61909388335704,6.74427481584821,117
"118",2011,4,6.244,25,6.81538461538462,5.625,5.33333333333333,5.5,6.47894736842105,13,12,6,6,19,2520,1593,927,315,709,1811,6.70439026587302,7.02144569993723,6.15954743257821,6.14015873015873,6.60962341325811,6.74149114853672,118
"119",2011,5,7.06176470588235,34,7.47619047619048,6.39230769230769,6.25,7.21428571428571,7.02222222222222,21,13,2,7,27,2554,1614,940,317,716,1838,6.70914779561472,7.0273624535316,6.16276645744681,6.14085173501577,6.61553491620112,6.74561505440696,119
"120",2011,6,6.86875,32,7.09375,6.64375,6.7,6.75,6.89615384615385,16,16,6,6,26,2586,1630,956,323,722,1864,6.71112276488786,7.02801411042945,6.17081639121339,6.15123839009288,6.61665235457064,6.7477148444206,120
"121",2011,7,6.48695652173913,23,6.975,5.95454545454545,5.66666666666667,6.425,6.5,12,11,3,4,19,2609,1642,967,326,726,1883,6.70914659639709,7.02762667478685,6.1683562254395,6.14677914110429,6.61559641873278,6.74521533191715,121
"122",2011,8,6.48333333333333,30,7.1125,5.76428571428571,6.36666666666667,6.04285714285714,6.61739130434783,16,14,3,7,23,2639,1658,981,329,733,1906,6.70657956422887,7.02844571773221,6.16258967380224,6.14878419452887,6.61012687585266,6.74367285939139,122
"123",2011,9,6.79090909090909,22,7.22307692307692,6.16666666666667,6.4,7.2,6.45,13,9,5,10,12,2661,1671,990,334,743,1918,6.70727676437429,7.02995990424895,6.16262673737374,6.15254491017964,6.61806594885599,6.74183549009385,123
"124",2011,10,6.56969696969697,33,6.91333333333333,6.28333333333333,5.8875,6.76,6.48695652173913,15,18,8,10,23,2694,1686,1008,342,753,1941,6.70559148849295,7.02892230130486,6.16478221230159,6.14634502923977,6.61995086321381,6.73881528593508,124
"125",2011,11,6.39459459459459,37,6.91666666666667,5.9,5.91666666666667,6.375,6.4,18,19,6,8,29,2731,1704,1027,348,761,1970,6.70137805565727,7.02773650234742,6.15988361246349,6.14238505747126,6.61737582128778,6.73382764974619,125
"126",2011,12,5.94615384615385,26,6.66363636363636,5.42,6,5.86,5.96666666666667,11,15,4,5,21,2757,1715,1042,352,766,1991,6.69425588320638,7.02540116618076,6.14923269673705,6.14076704545454,6.61243211488251,6.72573604721245,126
"127",2012,1,6.5175,40,6.66111111111111,6.4,6.77777777777778,6.5625,6.50625,18,22,9,8,32,2797,1733,1064,361,774,2023,6.69172809081158,7.02161742642816,6.15441773496241,6.15664819944598,6.61191602067184,6.72226419673752,127
"128",2012,2,6.5780487804878,41,7.05263157894737,6.16818181818182,6.21428571428571,6.70833333333333,6.52413793103448,19,22,7,12,29,2838,1752,1086,368,786,2052,6.69008578928823,7.02195376712329,6.15469656537753,6.15774456521739,6.61338804071247,6.71946416666667,128
"129",2012,3,6.83913043478261,23,7.10666666666667,6.3375,6,5,6.92272727272727,15,8,3,1,22,2861,1767,1094,371,787,2074,6.69128398112548,7.02267289190719,6.15603333638026,6.15646900269542,6.61133799237611,6.72162028447444,129
"130",2012,4,6.33181818181818,22,6.48333333333333,6.15,6.125,6.27777777777778,6.36923076923077,12,10,4,9,13,2883,1779,1104,375,796,2087,6.68854091918141,7.01903485103991,6.1559786865942,6.15613333333333,6.60756658291457,6.71942523718256,130
"131",2012,5,6.39184347826087,23,6.87603333333333,5.86363636363636,5.5,5.60248,6.61111111111111,12,11,4,5,18,2906,1791,1115,379,801,2105,6.68619266001376,7.01807671691792,6.15309459192825,6.14920844327177,6.60129263420724,6.71849903562945,131
"132",2012,6,6.66428571428571,28,7.1,6.42222222222222,6.71428571428571,6.5,6.71904761904762,10,18,7,7,21,2934,1801,1133,386,808,2126,6.68598359577368,7.01853159355913,6.15737022947926,6.15945595854922,6.6004150990099,6.71850445437441,132
"133",2012,7,6.66818181818182,22,7.07692307692308,6.07777777777778,5.25,5.7,6.95294117647059,13,9,4,5,17,2956,1814,1142,390,813,2143,6.68585110622463,7.01895005512679,6.15674296847636,6.1501282051282,6.59487749077491,6.72036419505366,133
"134",2012,8,6.24545454545455,22,7.57142857142857,5.62666666666667,5,7.2,5.96470588235294,7,15,5,5,17,2978,1821,1157,395,818,2160,6.68259767293485,7.02107380560132,6.14987076058773,6.13556962025316,6.59857628361858,6.71441688425926,134
"135",2012,9,6.735,20,6.7,6.77777777777778,6.5,6.9,6.70588235294118,11,9,4,3,17,2998,1832,1166,399,821,2177,6.68294725483656,7.01914596069869,6.15471738421956,6.13922305764411,6.59967771010962,6.71435023886082,135
"136",2012,10,6.78484848484849,33,6.90869565217391,6.5,6.2,6.36,6.86071428571429,23,10,5,5,28,3031,1855,1176,404,826,2205,6.68405670405807,7.01777649595687,6.15765346088435,6.13997524752475,6.59822687651332,6.71620882993197,136
"137",2012,11,6.58636363636364,33,6.41315789473684,6.82142857142857,6.8125,6.8,6.54821428571429,19,14,8,5,28,3064,1874,1190,412,831,2233,6.6830045267624,7.01164642475987,6.16546257983193,6.15303398058252,6.59944091456077,6.71410231527094,137
"138",2012,12,6.35388888888889,36,6.705,5.915,5.6,6.472,6.33483870967742,20,16,3,5,31,3100,1894,1206,415,836,2264,6.67918253870968,7.00840834213305,6.16213969320066,6.14903614457831,6.59867870813397,6.70890921819788,138
"139",2013,1,6.32941176470588,34,6.72380952380952,5.69230769230769,5.8,6.4,6.32258064516129,21,13,5,3,31,3134,1915,1219,420,839,2295,6.67538796107211,7.0052874151436,6.15712917965546,6.14488095238095,6.59796829558999,6.70369083660131,139
"140",2013,2,6.58166666666667,30,6.88611111111111,6.125,5.8,5.9375,6.81590909090909,18,12,5,8,22,3164,1933,1231,425,847,2317,6.67449932680152,7.00417765131919,6.15681597887896,6.14082352941176,6.59173010625738,6.70475635304273,140
"141",2013,3,6.96153846153846,26,7.46428571428571,6.375,6.6,7.3125,6.80555555555556,14,12,5,8,18,3190,1947,1243,430,855,2335,6.676838830721,7.00748608115049,6.15892234111022,6.14616279069767,6.59847415204678,6.70553339186295,141
"142",2013,4,6.42575757575758,33,6.62,6.26388888888889,6.67857142857143,6.25625,6.48,15,18,7,8,25,3223,1962,1261,437,863,2360,6.67426803288861,7.00452364933741,6.1604206740682,6.15469107551487,6.59530173812283,6.70314426694915,142
"143",2013,5,6.55857142857143,21,6.56083333333333,6.55555555555556,7.125,6.186,6.675,12,9,4,5,16,3244,1974,1270,441,868,2376,6.67351907213317,7.001826443769,6.16322084251969,6.16349206349206,6.59294400921659,6.70295474326599,143
"144",2013,6,6.07708333333333,24,6.35,5.88214285714286,5.75,5.25,6.29473684210526,10,14,5,5,19,3268,1984,1284,446,873,2395,6.66913888310893,6.99854102822581,6.16015612928349,6.15885650224215,6.58525246277205,6.69971627139875,144
"145",2013,7,6.6304347826087,23,7.25,6.15384615384615,6.7,7.36,6.42777777777778,10,13,5,5,18,3291,1994,1297,451,878,2413,6.66886838954725,6.99980210631896,6.16009288357749,6.16485587583149,6.58966446469248,6.69768772067965,145
"146",2013,8,6.55526315789474,38,6.99,6.07222222222222,6.25,6.5375,6.56,20,18,6,8,30,3329,2014,1315,457,886,2443,6.66757160408531,6.99970476663357,6.15889009125475,6.16597374179431,6.58919345372461,6.69599691772411,146
"147",2013,9,6.165625,32,6.34117647058823,5.96666666666667,6.07142857142857,5.875,6.34,17,15,7,12,20,3361,2031,1330,464,898,2463,6.66279258256471,6.99419271294929,6.15672215789474,6.1645474137931,6.57964966592428,6.6931061591555,147
"148",2013,10,6.66,25,7.125,6.23076923076923,6.33333333333333,6.875,6.61904761904762,12,13,3,4,21,3386,2043,1343,467,902,2484,6.66277196396928,6.99496103768967,6.15743892032763,6.16563169164882,6.58095942350333,6.69248006038647,148
"149",2013,11,6.55135135135135,37,6.70434782608696,6.3,6.03333333333333,6.1125,6.67241379310345,23,14,6,8,29,3423,2066,1357,473,910,2513,6.66156759275489,6.99172575024201,6.15890970523213,6.16395348837209,6.5768410989011,6.69224849582173,149
"150",2013,12,6.29354838709677,31,7.17857142857143,5.56470588235294,5.71666666666667,5.75,6.424,14,17,6,6,25,3454,2080,1374,479,916,2538,6.65826458309207,6.99298336538462,6.15155783842795,6.15835073068893,6.57142510917031,6.68960617415287,150
"151",2014,1,6.57317073170732,41,6.57142857142857,6.57692307692308,6,7,6.5,28,13,4,6,35,3495,2108,1387,483,922,2573,6.65726634334764,6.9873839658444,6.15554467916366,6.15703933747412,6.57421409978308,6.68702699961135,151
"152",2014,2,6.95540540540541,37,7.2625,6.38846153846154,6.75,7.8125,6.71896551724138,24,13,4,8,29,3532,2132,1400,487,930,2602,6.66038954416761,6.99048095684803,6.15770747857143,6.16190965092402,6.58486602150538,6.6873829631053,152
"153",2014,3,6.92972972972973,37,7.52777777777778,6.36315789473684,5.75,5.75,7.07272727272727,18,19,4,4,33,3569,2150,1419,491,934,2635,6.66318180722891,6.99497925581395,6.16045840028189,6.15855397148676,6.58129057815846,6.69220890702087,153
"154",2014,4,6.67297297297297,37,7.24761904761905,5.91875,5.95,6.7,6.66875,21,16,6,5,32,3606,2171,1435,497,939,2667,6.66328227121464,6.99742303086135,6.15776339372822,6.15603621730382,6.58192268370607,6.69192743532058,154
"155",2014,5,6.66451612903226,31,6.75263157894737,6.525,6.075,7.15,6.63103448275862,19,12,4,2,29,3637,2190,1447,501,941,2696,6.6632927880121,6.99529926940639,6.160808894264,6.15538922155689,6.58313007438895,6.69127242952522,155
"156",2014,6,6.8547619047619,21,7.13928571428571,6.28571428571429,5.33333333333333,7.6,6.77631578947368,14,7,3,2,19,3658,2204,1454,504,943,2715,6.66439198195735,6.99621388384755,6.16141022696011,6.15049603174603,6.58528674443266,6.69186757642725,156
"157",2014,7,6.76875,32,7.00666666666667,6.55882352941176,6.5,6.5,6.89090909090909,15,17,7,10,22,3690,2219,1471,511,953,2737,6.66529698373984,6.99628454258675,6.16600303874915,6.15528375733855,6.58439181532004,6.69346747168432,157
"158",2014,8,6.7047619047619,21,7.25,6.20909090909091,7.06,7.575,6.5,10,11,5,4,17,3711,2229,1482,516,957,2754,6.66552030988952,6.99742279048901,6.16632285425101,6.1640503875969,6.58853228840125,6.69227322803195,158
"159",2014,9,6.49166666666667,24,7.38461538461539,5.43636363636364,5.9,6.96666666666667,6.42380952380952,13,11,1,3,21,3735,2242,1493,517,960,2775,6.66440317804551,6.99966788581624,6.16094472203617,6.16353965183752,6.58971395833333,6.69024161081081,159
"160",2014,10,6.882,35,7.10555555555556,6.64529411764706,7.16166666666667,6.94111111111111,6.86153846153846,18,17,6,9,26,3770,2260,1510,523,969,2801,6.66642330769231,7.00051123893805,6.16639766225166,6.17499043977055,6.59297770897833,6.69183165655123,160
"161",2014,11,6.29459459459459,37,6.9375,5.8047619047619,5.88888888888889,5.85714285714286,6.39666666666667,16,21,9,7,30,3807,2276,1531,532,976,2831,6.66280952718676,7.00006827768014,6.16143727629001,6.17015037593985,6.58770020491803,6.68870380430943,161
"162",2014,12,6.55589743589744,39,6.85684210526316,6.27,6.2625,6.1375,6.66387096774194,19,20,8,8,31,3846,2295,1551,540,984,2862,6.66172539521581,6.99888252723312,6.16283718246293,6.17151851851852,6.58404004065041,6.68843482529699,162
"163",2015,1,6.65531914893617,47,6.83103448275862,6.37222222222222,6.4375,6.875,6.61025641025641,29,18,8,8,39,3893,2324,1569,548,992,2901,6.66164805291549,6.99678803786575,6.16523930528999,6.17540145985401,6.58638649193549,6.68738382281972,163
"164",2015,2,6.36774193548387,31,6.62941176470588,6.05,6.7125,5.66666666666667,6.44285714285714,17,14,8,3,28,3924,2341,1583,556,995,2929,6.65932616462793,6.99412020504058,6.16422013265951,6.18312949640288,6.58361346733668,6.6850462512803,164
"165",2015,3,6.91739130434783,23,6.96666666666667,6.825,NA,6.875,6.94,15,8,0,8,15,3947,2356,1591,556,1003,2944,6.66082996453002,6.99394541595925,6.16754272155877,6.18312949640288,6.58593758723829,6.68634526834239,165
"166",2015,4,6.56969696969697,33,6.88666666666667,6.30555555555556,6.09,5.5,6.63870967741935,15,18,10,2,31,3980,2371,1609,566,1005,2975,6.66007433919598,6.99326672290173,6.16908668116843,6.18148409893993,6.58377651741294,6.68584889747899,166
"167",2015,5,6.63725490196078,51,6.86923076923077,6.396,6.27777777777778,6.8,6.59756097560976,26,25,9,10,41,4031,2397,1634,575,1015,3016,6.65978562887621,6.99192131831456,6.17255842717258,6.18299130434783,6.58590679802956,6.6846486969496,167
"168",2015,6,6.7952380952381,42,7.43333333333333,5.94444444444444,6.0625,6.75,6.81333333333333,24,18,8,12,30,4073,2421,1652,583,1027,3046,6.66118238890253,6.99629714993804,6.17007292372881,6.18133790737564,6.5878241480039,6.685916109652,168
"169",2015,7,6.65975609756098,41,6.94761904761905,6.3575,6.725,7.40333333333333,6.53228571428571,21,20,4,6,35,4114,2442,1672,587,1033,3081,6.66116817452601,6.99587854217854,6.17231487440191,6.18504258943782,6.59256089060988,6.68417087633885,169
"170",2015,8,6.68611111111111,54,7.10535714285714,6.23461538461538,7.08333333333333,6.5,6.71382978723404,28,26,6,7,47,4168,2470,1698,593,1040,3128,6.66149133157389,6.9971195951417,6.17326882803298,6.19413153456998,6.59193788461539,6.6846165185422,170
"171",2015,9,6.19840909090909,44,6.69695652173913,5.65238095238095,6.66666666666667,5.39166666666667,6.5009375,23,21,6,12,32,4212,2493,1719,599,1052,3160,6.65665381528965,6.99435034095467,6.16690545084351,6.19886477462437,6.57824657794677,6.6827564778481,171
"172",2015,10,6.9804347826087,46,7.10333333333333,6.75,6.5,7.2,6.91944444444444,30,16,2,10,36,4258,2523,1735,601,1062,3196,6.66015168388915,6.99564621482362,6.17228269164265,6.19986688851913,6.5841011299435,6.68542255006258,172
"173",2015,11,6.62095588235294,68,6.98011363636364,5.9625,6.67777777777778,7.28571428571429,6.54467213114754,44,24,9,7,61,4326,2567,1759,610,1069,3257,6.65953556865464,6.99537997662641,6.16942039226833,6.20691803278688,6.5886954162769,6.68278645072152,173
"174",2015,12,6.39089285714286,56,6.70567567567568,5.77789473684211,5.88125,6.83,6.3382,37,19,8,6,50,4382,2604,1778,618,1075,3307,6.6561024349612,6.99126359447005,6.1652364848144,6.20270226537217,6.59004223255814,6.67757649531297,174
"175",2016,1,6.68730158730159,63,7.35294117647059,5.90689655172414,5.95384615384615,6.16,6.78679245283019,34,29,13,10,53,4445,2638,1807,631,1085,3360,6.65654462767154,6.99592509476876,6.16109046485888,6.19757527733756,6.58607870967742,6.67929924702381,175
"176",2016,2,6.55,53,7.02166666666667,5.93478260869565,5.21428571428571,6.51818181818182,6.55833333333333,30,23,7,11,42,4498,2668,1830,638,1096,3402,6.65528921076034,6.99621454272864,6.15824615846995,6.1867868338558,6.58539726277372,6.67780584068195,176
"177",2016,3,6.725,58,7.0125,6.37115384615385,6.22916666666667,6.54166666666667,6.74615384615385,32,26,12,6,52,4556,2700,1856,650,1102,3454,6.65617666154521,6.99640755555556,6.16122870150862,6.18756923076923,6.58515916515427,6.67883482049797,177
"178",2016,4,6.81875,48,7.01428571428571,6.29230769230769,6,8,6.74,35,13,4,3,45,4604,2735,1869,654,1105,3499,6.65787160512597,6.99663634369287,6.16214043338684,6.18642201834862,6.58900036199095,6.67962145470134,178
"179",2016,5,6.62708333333333,48,6.90333333333333,6.16666666666667,6.11111111111111,5.75,6.75238095238095,30,18,9,6,42,4652,2765,1887,663,1111,3541,6.65755392734307,6.99562401446655,6.16218360890302,6.18539969834088,6.58446930693069,6.68048445919232,179
"180",2016,6,6.57647058823529,68,6.87692307692308,6.17241379310345,6.71428571428571,6.60909090909091,6.57017543859649,39,29,7,11,57,4720,2804,1916,670,1122,3598,6.65638577754237,6.99397303851641,6.16233844989562,6.19092537313433,6.58471069518717,6.67873692884936,180
"181",2016,7,6.83301282051282,78,7.10576923076923,6.56025641025641,6.56875,6.72333333333333,6.85912698412698,39,39,16,15,63,4798,2843,1955,686,1137,3661,6.65925716340141,6.99550664790714,6.17027645524297,6.19973760932945,6.58653948988566,6.68184115542201,181
"182",2016,8,6.48915662650602,83,6.72254901960784,6.1171875,5.67857142857143,6.045,6.63015873015873,51,32,14,20,63,4881,2894,1987,700,1157,3724,6.65636465273509,6.99069640635798,6.1694214745848,6.18931428571429,6.57717839239412,6.68096682867884,182
"183",2016,9,6.50461538461538,65,6.9,6.07096774193548,6,6.61111111111111,6.4875,34,31,15,9,56,4946,2928,2018,715,1166,3780,6.65437037403962,6.98964323770492,6.16790905351834,6.18534265734266,6.57744030874786,6.67810065343915,183
"184",2016,10,6.85925925925926,81,7.17735849056604,6.25714285714286,6.27272727272727,6.68181818181818,6.88714285714286,53,28,11,11,70,5027,2981,2046,726,1177,3850,6.65767174656852,6.99298067762496,6.16913023949169,6.18666666666667,6.5784158028887,6.68190142077922,184
"185",2016,11,6.78133333333333,75,7.06153846153846,6.47777777777778,6.39285714285714,7.11111111111111,6.73636363636364,39,36,14,9,66,5102,3020,2082,740,1186,3916,6.65948958643669,6.99386602649007,6.1744670845341,6.19056756756757,6.58245817875211,6.68281932328907,185
"186",2016,12,6.45172413793103,58,6.73484848484848,6.078,6.7375,5.52777777777778,6.62142857142857,33,25,8,9,49,5160,3053,2107,748,1195,3965,6.65715423837209,6.9910662954471,6.17332248220218,6.19641711229947,6.5745149790795,6.6820606481715,186
"187",2017,1,6.69827586206897,87,6.91034482758621,6.27413793103448,6.64285714285714,7,6.65460526315789,58,29,7,11,76,5247,3111,2136,755,1206,4041,6.65783607204116,6.98956136290582,6.17469123127341,6.20055629139073,6.57839585406302,6.68154428854244,187
"188",2017,2,6.48620689655172,58,6.90689655172414,6.06551724137931,6.09090909090909,6.5,6.48461538461538,29,29,11,6,52,5305,3140,2165,766,1212,4093,6.65595963619227,6.98879789808917,6.17322885450347,6.1989817232376,6.57800775577558,6.67904238211581,188
"189",2017,3,6.65178571428571,56,6.95714285714286,6.14285714285714,5.88888888888889,6.2,6.706,35,21,9,6,50,5361,3175,2186,775,1218,4143,6.65591603618727,6.98844894488189,6.17293708600183,6.19538064516129,6.57614564860427,6.67936772145788,189
"190",2017,4,6.57407407407407,54,6.78571428571429,6.18421052631579,6.28571428571429,6.3125,6.6195652173913,35,19,7,8,46,5415,3210,2205,782,1226,4189,6.6550998836565,6.9862384423676,6.17303422675737,6.19618925831202,6.57442528548124,6.67871102172356,190
"191",2017,5,6.75762711864407,59,7.06857142857143,6.30416666666667,5.25,6.54285714285714,6.78653846153846,35,24,6,7,52,5474,3245,2229,788,1233,4241,6.65620494519546,6.98712647149461,6.17444615074024,6.1889847715736,6.57424606650446,6.68003312190521,191
"192",2017,6,6.53114754098361,61,6.78214285714286,6.31818181818182,6.58333333333333,6.22727272727273,6.598,28,33,12,11,50,5535,3273,2262,800,1244,4291,6.65482671544715,6.98537286892759,6.17654309018568,6.1949,6.57117797427653,6.6790772477278,192
"193",2017,7,6.5936170212766,47,7.12173913043478,6.0875,6.3875,6.42857142857143,6.66363636363636,23,24,8,14,33,5582,3296,2286,808,1258,4324,6.65431133464707,6.9863244538835,6.17560825459318,6.19680693069307,6.56959093799682,6.67895940564292,193
"194",2017,8,6.72415384615385,65,7.12951219512195,6.03166666666667,6.35714285714286,7.04636363636364,6.65851851851852,41,24,7,11,54,5647,3337,2310,815,1269,4378,6.65511525942978,6.98808372789931,6.17411275757576,6.19818404907975,6.57372371946415,6.67870727957972,194
"195",2017,9,6.4796,50,6.80555555555556,6.09695652173913,6.75714285714286,6.28571428571429,6.51116279069767,27,23,7,7,43,5697,3364,2333,822,1276,4421,6.65357484114446,6.98661872770511,6.1733521088727,6.20294403892944,6.57214373040752,6.67707769056774,195
"196",2017,10,6.54739130434783,69,6.78951219512195,6.19285714285714,6.22222222222222,6.5,6.55542372881356,41,28,9,10,59,5766,3405,2361,831,1286,4480,6.65230417447103,6.98424534508076,6.17358342651419,6.20315282791817,6.57158273716952,6.67547555133928,196
"197",2017,11,6.60671428571429,70,7.05957446808511,5.68130434782609,5.72222222222222,6.71428571428571,6.57982142857143,47,23,9,14,56,5836,3452,2384,840,1300,4536,6.65175734578478,6.98527097334878,6.1688340897651,6.198,6.57311953846154,6.67429463624339,197
"198",2017,12,6.51119402985075,67,6.9375,6.01612903225806,5.86363636363636,6.85,6.46525423728814,36,31,11,8,59,5903,3488,2415,851,1308,4595,6.65016192952735,6.98477792431193,6.16687390062112,6.19367802585194,6.5748129969419,6.6716105484222,198
"199",2018,1,6.74118421052632,76,6.84195652173913,6.58666666666667,6.575,7,6.7019696969697,46,30,8,10,66,5979,3534,2445,859,1318,4661,6.65131892791436,6.98291890209395,6.17202473210634,6.19722933643772,6.57803899848255,6.67204043552886,199
"200",2018,2,6.91129032258065,62,7.29487179487179,6.26086956521739,6.31428571428571,7.2,6.8859649122807,39,23,7,5,57,6041,3573,2468,866,1323,4718,6.6539870667108,6.98632392947103,6.17285270259319,6.19817551963049,6.580389569161,6.67462494065282,200
"201",2018,3,6.62880597014925,67,6.94913043478261,5.92714285714286,5.93333333333333,6.4875,6.64796610169491,46,21,9,8,59,6108,3619,2489,875,1331,4777,6.6537108497053,6.98585117435756,6.17077961832061,6.19545142857143,6.57983125469572,6.67429568138999,201
"202",2018,4,6.67953488372093,43,7.13538461538462,5.98235294117647,5.8,7.26,6.60315789473684,26,17,5,5,38,6151,3645,2506,880,1336,4815,6.65389137863761,6.98691780521262,6.16950138467678,6.19320454545455,6.58237679640718,6.67373426168224,202
"203",2018,5,6.88416666666667,48,7.03357142857143,6.675,6.5,7.13090909090909,6.81081081081081,28,20,8,11,37,6199,3673,2526,888,1347,4852,6.65567444265204,6.98727345494147,6.17350374901029,6.19596846846847,6.5868562731997,6.67477956924979,203
"204",2018,6,6.53068181818182,44,6.99285714285714,6.10869565217391,6.3,6.69333333333333,6.505,21,23,10,6,38,6243,3694,2549,898,1353,4890,6.65479350792887,6.98730519761776,6.17291897606905,6.19712694877506,6.58732845528455,6.67346021881391,204
"205",2018,7,6.16136363636364,44,6.76521739130435,5.5,5.33333333333333,6.375,6.14,23,21,6,4,40,6287,3717,2570,904,1357,4930,6.6513402051853,6.98593096583266,6.16742041634241,6.19139380530974,6.58670257921886,6.66913194117647,205
"206",2018,8,6.74479166666667,48,7.13709677419355,6.02941176470588,6.35714285714286,7,6.68589743589744,31,17,7,9,39,6335,3748,2587,911,1366,4969,6.65204828255722,6.98718127001067,6.16651351758794,6.19266739846323,6.58942562225476,6.66926352787281,206
"207",2018,9,6.51914893617021,47,7.232,5.70909090909091,5.6,5.92222222222222,6.66052631578947,25,22,11,9,38,6382,3773,2609,922,1375,5007,6.65106955029771,6.98880344553406,6.16265637025681,6.18559652928417,6.58505847272727,6.66919721789495,207
"208",2018,10,6.72828947368421,76,7.048,6.11346153846154,5.71666666666667,6.67,6.73712121212121,50,26,6,10,66,6458,3823,2635,928,1385,5073,6.65197830133168,6.98957766152236,6.16217095635674,6.18256465517242,6.58567176895307,6.67008091267495,208
"209",2018,11,6.71538461538462,52,7.31153846153846,6.11923076923077,6.18571428571429,6.10833333333333,6.8975,26,26,14,12,40,6510,3849,2661,942,1397,5113,6.65248477265744,6.99175250714471,6.16175139797069,6.18261146496815,6.58157151037938,6.67186005671817,209
"210",2018,12,6.47194901639344,61,7.05849676470588,5.73333333333333,5.54285714285714,5.75,6.58092245283019,34,27,7,8,53,6571,3883,2688,949,1405,5166,6.65080882057525,6.99233692763327,6.15744809151786,6.17789251844047,6.57683658362989,6.67092709252807,210
"211",2019,1,6.60608196721311,61,7.0106,6.06153846153846,5.14285714285714,6.75442857142857,6.58685185185185,35,26,7,7,54,6632,3918,2714,956,1412,5220,6.65039743063932,6.99250007401736,6.15652928150332,6.17031380753138,6.57771699716714,6.670057348659,211
"212",2019,2,6.77916666666667,48,7.37083333333333,6.1875,6.1875,6.71428571428571,6.79024390243902,24,24,8,7,41,6680,3942,2738,964,1419,5261,6.65132271856287,6.99480347285642,6.1568007560263,6.17045643153527,6.57839069767442,6.67099398593423,212
"213",2019,3,6.592,50,7.16666666666667,5.91739130434783,5.76666666666667,6.46,6.625,27,23,6,10,40,6730,3969,2761,970,1429,5301,6.65088198514115,6.99597261022928,6.15480639985513,6.1679587628866,6.5775622113366,6.67064692699491,213
"214",2019,4,6.66224489795918,49,6.80806451612903,6.41111111111111,5.925,6.91666666666667,6.62674418604651,31,18,8,6,43,6779,4000,2779,978,1435,5344,6.65096411860156,6.9945163225,6.15646652392947,6.16597137014315,6.57898006968641,6.67029366766467,214
"215",2019,5,6.67916666666667,48,6.81379310344828,6.47368421052632,6.57142857142857,6.16666666666667,6.75238095238095,29,19,7,6,42,6827,4029,2798,985,1441,5386,6.65116240808554,6.99321551005212,6.15862061115082,6.16885279187817,6.57726328938237,6.67093378388414,215
"216",2019,6,6.61555555555556,36,6.983,6.15625,4.5,5.375,6.770625,20,16,2,4,32,6863,4049,2814,987,1445,5418,6.65097563164796,6.99316505062978,6.15860713219616,6.16547112462006,6.57393522491349,6.67152258397933,216
"217",2019,7,6.40395833333333,48,6.75333333333333,5.82166666666667,5.4,6.26666666666667,6.42357142857143,30,18,5,6,42,6911,4079,2832,992,1451,5460,6.64925998553031,6.99140114979161,6.15646556144068,6.16161290322581,6.57266464507236,6.66961526739927,217
"218",2019,8,6.48896551724138,58,6.87526315789474,5.755,5.3125,5.26666666666667,6.63,38,20,8,6,52,6969,4117,2852,1000,1457,5512,6.64792592337494,6.99032919358756,6.15365023492286,6.15482,6.56728647906658,6.66924153846154,218
"219",2019,9,6.72115384615385,52,7.08928571428571,6.29166666666667,6.42857142857143,6.75,6.71590909090909,28,24,7,8,44,7021,4145,2876,1007,1465,5556,6.64846827517447,6.99099765741857,6.15480197148818,6.15672293942403,6.56828423208191,6.66961111591073,219
"220",2019,10,6.27553571428571,56,7.07735294117647,5.03636363636364,4.28571428571429,5.85416666666667,6.39045454545455,34,22,7,12,44,7077,4179,2898,1014,1477,5600,6.64551727568178,6.99170023689878,6.14631141131815,6.1438067061144,6.56248232904536,6.66741774285714,220
"221",2019,11,6.25,54,6.796875,5.45454545454545,5.25,6.25,6.25,32,22,12,8,46,7131,4211,2920,1026,1485,5646,6.64252219324077,6.99021973165519,6.1410994760274,6.13335282651072,6.56079892255892,6.66401688983351,221
"222",2019,12,6.62755102040816,49,7.11379310344828,5.9225,5.28571428571429,7.125,6.58333333333333,29,20,7,4,45,7180,4240,2940,1033,1489,5691,6.64242002228412,6.99106492688679,6.13961240476191,6.12760890609874,6.56231457353929,6.66337890704621,222
"223",2020,1,6.57333333333333,75,7.11860465116279,5.840625,5.74444444444444,6.18888888888889,6.62575757575758,43,32,9,9,66,7255,4283,2972,1042,1498,5757,6.64170582494831,6.99234538641139,6.13639315948856,6.12429942418426,6.56007102803738,6.6629476046552,223
"224",2020,2,6.5055,60,6.978125,5.96535714285714,5.84777777777778,6.75,6.47833333333333,32,28,9,6,54,7315,4315,3000,1051,1504,5811,6.64058862064251,6.99223992815759,6.13479682333334,6.12193149381542,6.56082872340426,6.66123203579419,224
"225",2020,3,6.6624293220339,59,6.8996123255814,6.025,6,7.60222222222222,6.4932666,43,16,2,9,50,7374,4358,3016,1053,1513,5861,6.64076336994846,6.99132597980725,6.13421434681698,6.12169990503324,6.56702339722406,6.65979912813513,225
"226",2020,4,6.48239416666667,84,6.89002846153846,6.12911111111111,6.25666666666667,6.2,6.52055554054054,39,45,9,10,74,7458,4397,3061,1062,1523,5935,6.63897964601769,6.99042750284285,6.13413932375041,6.12284369114878,6.56461352593565,6.65806298230834,226
"227",2020,5,6.50375482758621,87,6.9615,6.11418446808511,5.73636363636364,6.65259277777778,6.46492753623188,40,47,11,18,69,7545,4437,3108,1073,1541,6004,6.63742039363817,6.99016671850349,6.13383756113256,6.11888164026095,6.56564118754056,6.65584340439707,227
"228",2020,6,6.75244897959184,49,7.24,6.10238095238095,6.45,6,6.80152173913043,28,21,4,3,46,7594,4465,3129,1077,1544,6050,6.63816261127205,6.99173342217245,6.13362644295302,6.12011142061282,6.56454214378238,6.65695104132232,228
"229",2020,7,6.53482903846154,52,6.970915,5.71111111111111,5.86666666666667,5.625,6.610648125,34,18,9,4,48,7646,4499,3147,1086,1548,6098,6.63745984567094,6.99157609246499,6.13120976803305,6.11801104972376,6.56211438630491,6.65658657100689,229
"230",2020,8,6.47090909090909,55,6.75862068965517,6.15,6.05555555555556,6.9875,6.38297872340426,29,26,9,8,47,7701,4528,3173,1095,1556,6145,6.63627035190235,6.99008410777385,6.13136373778759,6.11749771689498,6.5643014588689,6.65449388283157,230
"231",2020,9,6.41474576271186,59,6.89034482758621,5.955,5.6,5.64285714285714,6.51865384615385,29,30,10,7,52,7760,4557,3203,1105,1563,6197,6.6345860798969,6.98944938336625,6.12971187636591,6.11281447963801,6.56017470889316,6.65335402775537,231
"232",2020,10,6.64894736842105,76,6.8005,6.48055555555556,6.0625,5.64444444444444,6.78388059701493,40,36,8,9,67,7836,4597,3239,1113,1572,6264,6.63472536753445,6.98780527300413,6.1336113430071,6.11245283018868,6.5549319783715,6.65475014527459,232
"233",2020,11,6.45688311688312,77,6.66891304347826,6.14225806451613,5.97,6.275,6.47797101449275,46,31,10,8,69,7913,4643,3270,1123,1580,6333,6.63299481612536,6.98464588412664,6.13369331498471,6.11118432769368,6.55351460126582,6.65282408179378,233
"234",2020,12,6.55695031914894,94,7.08422216666667,5.62647058823529,5.125,6.75714285714286,6.521916625,60,34,8,14,80,8007,4703,3304,1131,1594,6413,6.63210207443487,6.98591625983415,6.12847371065376,6.10420866489832,6.55530305520703,6.65119105566818,234
"235",2021,1,6.67,85,6.79909090909091,6.43333333333333,5.91666666666667,6.80833333333333,6.6472602739726,55,30,6,12,73,8092,4758,3334,1137,1606,6486,6.63250016188828,6.98375665615805,6.13121689862028,6.10321899736148,6.55719369240349,6.65114681467777,235
"236",2021,2,6.46197183098592,71,6.56578947368421,6.34242424242424,6.2375,6.24285714285714,6.51578947368421,38,33,8,14,57,8163,4796,3367,1145,1620,6543,6.63101694352566,6.98044498957464,6.13328694386695,6.10415720524018,6.5544772037037,6.64996763564115,236
"237",2021,3,6.28137254901961,51,6.73653846153846,5.808,5.94,5.42777777777778,6.46428571428571,26,25,5,9,42,8214,4822,3392,1150,1629,6585,6.62884603238373,6.97912985690585,6.1308894870283,6.10344347826087,6.54825234499693,6.64878333181473,237
"238",2021,4,6.366,50,6.62142857142857,6.04090909090909,5.35,6.66666666666667,6.3468085106383,28,22,4,3,47,8264,4850,3414,1154,1632,6632,6.62725572483059,6.97706477731959,6.13030964850615,6.10083188908146,6.54847001838235,6.64664328106152,238
"239",2021,5,6.63961347826087,46,7.0835747826087,6.19565217391304,5.33333333333333,7.16666666666667,6.6028423255814,23,23,6,3,43,8310,4873,3437,1160,1635,6675,6.62732413116727,6.97756749230453,6.13074691300553,6.09686206896552,6.54960432415902,6.646361117603,239
"240",2021,6,6.70561394736842,38,7.3356665,6.00555555555556,6.275,6.5,6.7441665625,20,18,4,6,32,8348,4893,3455,1164,1641,6707,6.6276805055103,6.97903121193542,6.13009468596238,6.09747422680412,6.54942295551493,6.64682776054868,240
"241",2021,7,6.58207547169811,53,7.17678571428571,5.916,6.26,6.4,6.60531914893617,28,25,5,6,47,8401,4921,3480,1169,1647,6754,6.62739279371503,6.98015641536273,6.12855664942529,6.09816937553465,6.5488786095932,6.64653890879479,241
"242",2021,8,6.47814814814815,54,6.99724137931034,5.876,5.36666666666667,6.78363636363636,6.4,29,25,9,11,43,8455,4950,3505,1178,1658,6797,6.62643960496747,6.98025650909091,6.1267552467903,6.09258064516129,6.55043610977081,6.64497922465794,242
"243",2021,9,6.76533333333333,45,7.09423076923077,6.31526315789474,6.16666666666667,6.75,6.76604651162791,26,19,3,2,43,8500,4976,3524,1181,1660,6840,6.62717492470588,6.98085203376205,6.1277716061294,6.09276883996613,6.55067654819277,6.64574032017544,243
"244",2021,10,6.28518518518518,54,7.17727272727273,5.671875,5.625,6.35714285714286,6.27446808510638,22,32,12,7,47,8554,4998,3556,1193,1667,6887,6.62501599953238,6.98171663065226,6.12366904949382,6.08806370494552,6.54986386922616,6.64320659067809,244
"245",2021,11,6.4,44,6.53888888888889,6.30384615384615,6.5,6.35714285714286,6.40810810810811,18,26,5,7,37,8598,5016,3582,1198,1674,6924,6.62386448709002,6.98012753588516,6.1249768676717,6.08978297161937,6.54905798685783,6.64195028740613,245
"246",2021,12,6.67135135135135,74,7.23365853658537,5.97272727272727,5.98181818181818,7.05,6.61892307692308,41,33,11,9,65,8672,5057,3615,1209,1683,6989,6.62426970249077,6.9821830571485,6.1235870373444,6.08880066170389,6.55173682115271,6.64173612677064,246
"247",2022,1,6.52089655172414,87,6.72919230769231,6.21142857142857,5.55714285714286,6.16666666666667,6.54713580246914,52,35,7,6,81,8759,5109,3650,1216,1689,7070,6.6232429341249,6.97960808768839,6.12442935342466,6.08574013157895,6.55036889875666,6.64065230410184,247
"248",2022,2,6.76620689655172,58,7.04411764705882,6.3725,6.5,6.46,6.79509433962264,34,24,2,5,53,8817,5143,3674,1218,1694,7123,6.62418337983441,6.98003455570678,6.12604984757758,6.08642036124795,6.5501021664699,6.64180145865507,248
"249",2022,3,6.75434782608696,46,6.94333333333333,6.4,6.125,7.225,6.65526315789474,30,16,4,8,38,8863,5173,3690,1222,1702,7161,6.62485894843732,6.97982171273922,6.12723770731708,6.08654664484452,6.55327442420682,6.64187289345064,249
"250",2022,4,6.45981481481481,54,6.73323529411765,5.995,5.5,5.84545454545455,6.61697674418605,34,20,4,11,43,8917,5207,3710,1226,1713,7204,6.62385946618818,6.97821158440561,6.12652483557952,6.08463295269168,6.54872917104495,6.64172429067185,250
"251",2022,5,6.63478260869565,46,6.856,6.37142857142857,6.16,6.7,6.625,25,21,5,6,40,8963,5232,3731,1231,1719,7244,6.62391552605154,6.97762762232416,6.12790328062182,6.08493907392364,6.54925716695753,6.64163194229708,251
"252",2022,6,6.85,34,6.94761904761905,6.69230769230769,6.75,6.5,6.871875,21,13,2,2,32,8997,5253,3744,1233,1721,7276,6.62476990774702,6.97750765657719,6.1298630181624,6.08601784266018,6.54919992446252,6.64264455607477,252
"253",2022,7,6.44552631578947,38,7.12263157894737,5.76842105263158,6.5,6.13833333333333,6.503125,19,19,4,6,32,9035,5272,3763,1237,1727,7308,6.6240160332042,6.97803067526555,6.12803803879883,6.08735650767987,6.54777247828605,6.64203363300493,253
"254",2022,8,6.09583333333333,60,6.71607142857143,5.553125,5.59090909090909,5.715,6.172,28,32,11,10,50,9095,5300,3795,1248,1737,7358,6.62053159538208,6.97664673962264,6.12319028722003,6.08298076923077,6.54297816350029,6.63883960179397,254
