"","year","month","avg_rating","no_ratings","avg_rating_owned","avg_rating_not_owned","avg_rating_prev_owned","avg_rating_comment","avg_rating_no_comment","no_ratings_owned","no_ratings_not_owned","no_ratings_prev_owned","no_ratings_comment","no_ratings_no_comment","cum_no_ratings","cum_no_ratings_owned","cum_no_ratings_not_owned","cum_no_ratings_prev_owned","cum_no_ratings_comment","cum_no_ratings_no_comment","cum_avg_rating","cum_avg_rating_owned","cum_avg_rating_not_owned","cum_avg_rating_prev_owned","cum_avg_rating_comment","cum_avg_rating_no_comment","month_after_release"
"1",2001,8,6,1,6,NA,NA,NA,6,1,0,0,0,1,1,1,0,0,0,1,6,6,NA,NA,NA,6,0
"2",2002,2,7,1,7,NA,NA,NA,7,1,0,0,0,1,2,2,0,0,0,2,6.5,6.5,NA,NA,NA,6.5,6
"3",2002,3,7.5,2,7.5,NA,NA,NA,7.5,2,0,0,0,2,4,4,0,0,0,4,7,7,NA,NA,NA,7,7
"4",2002,6,7,1,7,NA,NA,NA,7,1,0,0,0,1,5,5,0,0,0,5,7,7,NA,NA,NA,7,10
"5",2002,7,6.5,2,7,6,NA,6,7,1,1,0,1,1,7,6,1,0,1,6,6.85714285714286,7,6,NA,6,7,11
"6",2002,10,9,1,9,NA,NA,9,NA,1,0,0,1,0,8,7,1,0,2,6,7.125,7.28571428571429,6,NA,7.5,7,14
"7",2002,11,8,1,NA,8,NA,NA,8,0,1,0,0,1,9,7,2,0,2,7,7.22222222222222,7.28571428571429,7,NA,7.5,7.14285714285714,15
"8",2002,12,7,1,7,NA,NA,NA,7,1,0,0,0,1,10,8,2,0,2,8,7.2,7.25,7,NA,7.5,7.125,16
"9",2003,1,6,1,6,NA,NA,6,NA,1,0,0,1,0,11,9,2,0,3,8,7.09090909090909,7.11111111111111,7,NA,7,7.125,17
"10",2003,2,4,1,NA,4,NA,4,NA,0,1,0,1,0,12,9,3,0,4,8,6.83333333333333,7.11111111111111,6,NA,6.25,7.125,18
"11",2003,3,5,1,NA,5,NA,NA,5,0,1,0,0,1,13,9,4,0,4,9,6.69230769230769,7.11111111111111,5.75,NA,6.25,6.88888888888889,19
"12",2003,4,5,1,5,NA,NA,5,NA,1,0,0,1,0,14,10,4,0,5,9,6.57142857142857,6.9,5.75,NA,6,6.88888888888889,20
"13",2003,5,7.33333333333333,3,7,7.5,NA,8.5,5,1,2,0,2,1,17,11,6,0,7,10,6.70588235294118,6.90909090909091,6.33333333333333,NA,6.71428571428571,6.7,21
"14",2003,6,6.5,2,7,6,NA,7,6,1,1,0,1,1,19,12,7,0,8,11,6.68421052631579,6.91666666666667,6.28571428571429,NA,6.75,6.63636363636364,22
"15",2003,7,6.7,5,6.83333333333333,6.5,7,6.75,6.66666666666667,3,2,1,2,3,24,15,9,1,10,14,6.6875,6.9,6.33333333333333,7,6.75,6.64285714285714,23
"16",2003,8,7.33333333333333,6,7.5,7,NA,7,7.5,4,2,0,2,4,30,19,11,1,12,18,6.81666666666667,7.02631578947368,6.45454545454545,7,6.79166666666667,6.83333333333333,24
"17",2003,9,6.1875,8,6.7,5.33333333333333,7,6.625,5.75,5,3,1,4,4,38,24,14,2,16,22,6.68421052631579,6.95833333333333,6.21428571428571,7,6.75,6.63636363636364,25
"18",2003,10,6.83333333333333,6,7,6,NA,6,7,5,1,0,1,5,44,29,15,2,17,27,6.70454545454545,6.96551724137931,6.2,7,6.70588235294118,6.7037037037037,26
"19",2003,11,6.75,4,7.25,6.25,6,6.25,7.25,2,2,1,2,2,48,31,17,3,19,29,6.70833333333333,6.98387096774194,6.20588235294118,6.66666666666667,6.65789473684211,6.74137931034483,27
"20",2003,12,6.5625,8,6.6,6.5,NA,7,5.83333333333333,5,3,0,5,3,56,36,20,3,24,32,6.6875,6.93055555555556,6.25,6.66666666666667,6.72916666666667,6.65625,28
"21",2004,1,7.4375,8,7.9,6.66666666666667,6.5,7.5,7.33333333333333,5,3,2,5,3,64,41,23,5,29,35,6.78125,7.04878048780488,6.30434782608696,6.6,6.86206896551724,6.71428571428571,29
"22",2004,2,6.55,10,6.64285714285714,6.33333333333333,NA,6.66666666666667,6.5,7,3,0,3,7,74,48,26,5,32,42,6.75,6.98958333333333,6.30769230769231,6.6,6.84375,6.67857142857143,30
"23",2004,3,6.42307692307692,13,6.41666666666667,6.5,NA,6.75,6.27777777777778,12,1,0,4,9,87,60,27,5,36,51,6.70114942528736,6.875,6.31481481481481,6.6,6.83333333333333,6.6078431372549,31
"24",2004,4,7.07692307692308,13,6.88888888888889,7.5,8,7.2,7,9,4,1,5,8,100,69,31,6,41,59,6.75,6.8768115942029,6.46774193548387,6.83333333333333,6.8780487804878,6.66101694915254,32
"25",2004,5,7.07142857142857,7,7.4,6.25,NA,7.1,7,5,2,0,5,2,107,74,33,6,46,61,6.77102803738318,6.91216216216216,6.45454545454545,6.83333333333333,6.90217391304348,6.67213114754098,33
"26",2004,6,6.41666666666667,6,7.25,6,NA,7.16666666666667,5.66666666666667,2,4,0,3,3,113,76,37,6,49,64,6.75221238938053,6.92105263157895,6.40540540540541,6.83333333333333,6.91836734693878,6.625,34
"27",2004,7,6.66666666666667,6,7,6,NA,6.75,6.5,4,2,0,4,2,119,80,39,6,53,66,6.74789915966387,6.925,6.38461538461539,6.83333333333333,6.90566037735849,6.62121212121212,35
"28",2004,8,6.33333333333333,6,6.2,7,NA,7,5.66666666666667,5,1,0,3,3,125,85,40,6,56,69,6.728,6.88235294117647,6.4,6.83333333333333,6.91071428571429,6.57971014492754,36
"29",2004,9,6.875,4,7.16666666666667,6,NA,7.75,6,3,1,0,2,2,129,88,41,6,58,71,6.73255813953488,6.89204545454545,6.39024390243902,6.83333333333333,6.93965517241379,6.56338028169014,37
"30",2004,10,6.2,5,6.5,5,NA,6.66666666666667,5.5,4,1,0,3,2,134,92,42,6,61,73,6.71268656716418,6.875,6.35714285714286,6.83333333333333,6.92622950819672,6.53424657534247,38
"31",2004,11,7.28571428571429,7,7.5,6,NA,NA,7.28571428571429,6,1,0,0,7,141,98,43,6,61,80,6.74113475177305,6.91326530612245,6.34883720930233,6.83333333333333,6.92622950819672,6.6,39
"32",2004,12,6.16666666666667,9,6.6,5.625,NA,6.33333333333333,6.08333333333333,5,4,0,3,6,150,103,47,6,64,86,6.70666666666667,6.89805825242718,6.28723404255319,6.83333333333333,6.8984375,6.56395348837209,40
"33",2005,1,6.875,16,7.2,6.33333333333333,5,6.9375,6.8125,10,6,1,8,8,166,113,53,7,72,94,6.72289156626506,6.92477876106195,6.29245283018868,6.57142857142857,6.90277777777778,6.58510638297872,41
"34",2005,2,6.85714285714286,14,6.875,6.83333333333333,6,6.88888888888889,6.8,8,6,2,9,5,180,121,59,9,81,99,6.73333333333333,6.92148760330578,6.34745762711864,6.44444444444444,6.90123456790123,6.5959595959596,42
"35",2005,3,7.16666666666667,9,7.21428571428571,7,NA,7.5,6.5,7,2,0,6,3,189,128,61,9,87,102,6.75396825396825,6.9375,6.36885245901639,6.44444444444444,6.94252873563218,6.59313725490196,43
"36",2005,4,6.42857142857143,14,6.9,5.25,NA,6.44444444444444,6.4,10,4,0,9,5,203,138,65,9,96,107,6.73152709359606,6.93478260869565,6.3,6.44444444444444,6.89583333333333,6.58411214953271,44
"37",2005,5,6.36363636363636,11,6.66666666666667,6,NA,6.4,6.33333333333333,6,5,0,5,6,214,144,70,9,101,113,6.71261682242991,6.92361111111111,6.27857142857143,6.44444444444444,6.87128712871287,6.57079646017699,45
"38",2005,6,6,5,7,5.33333333333333,NA,5.66666666666667,6.5,2,3,0,3,2,219,146,73,9,104,115,6.69634703196347,6.92465753424658,6.23972602739726,6.44444444444444,6.83653846153846,6.5695652173913,46
"39",2005,7,6.75,4,7,6.5,7,7,6,2,2,1,3,1,223,148,75,10,107,116,6.69730941704036,6.92567567567568,6.24666666666667,6.5,6.8411214953271,6.56465517241379,47
"40",2005,8,6.72727272727273,11,7.125,5.66666666666667,NA,7.3,6.25,8,3,0,5,6,234,156,78,10,112,122,6.69871794871795,6.93589743589744,6.22435897435897,6.5,6.86160714285714,6.54918032786885,48
"41",2005,9,7.04615384615385,13,7.14545454545455,6.5,6.5,7.16,6.66666666666667,11,2,2,10,3,247,167,80,12,122,125,6.717004048583,6.94970059880239,6.23125,6.5,6.88606557377049,6.552,49
"42",2005,10,6.27272727272727,11,6.625,5.33333333333333,NA,6,6.42857142857143,8,3,0,4,7,258,175,83,12,126,132,6.69806201550388,6.93485714285714,6.19879518072289,6.5,6.85793650793651,6.54545454545455,50
"43",2005,11,7.02307692307692,13,7.11818181818182,6.5,6,7.35714285714286,6.63333333333333,11,2,1,7,6,271,186,85,13,133,138,6.71365313653136,6.94569892473118,6.20588235294118,6.46153846153846,6.88421052631579,6.54927536231884,51
"44",2005,12,6.96428571428571,14,7.10909090909091,6.43333333333333,6,7.3125,6.5,11,3,1,8,6,285,197,88,14,141,144,6.7259649122807,6.95482233502538,6.21363636363636,6.42857142857143,6.90851063829787,6.54722222222222,52
"45",2006,1,6.45555555555556,18,6.85,5.66666666666667,6.33333333333333,6.625,6.32,12,6,3,8,10,303,209,94,17,149,154,6.70990099009901,6.9488038277512,6.17872340425532,6.41176470588235,6.89328859060403,6.53246753246753,53
"46",2006,2,6.29583333333333,12,6.39444444444444,6,NA,5.78571428571429,7.01,9,3,0,7,5,315,218,97,17,156,159,6.69412698412698,6.92591743119266,6.17319587628866,6.41176470588235,6.84358974358974,6.54748427672956,54
"47",2006,3,6.72222222222222,18,7.22222222222222,6.22222222222222,NA,6.71428571428571,6.72727272727273,9,9,0,7,11,333,227,106,17,163,170,6.69564564564564,6.93766519823788,6.17735849056604,6.41176470588235,6.83803680981595,6.55911764705882,55
"48",2006,4,6.3625,8,6.98,5.33333333333333,NA,6.31666666666667,6.5,5,3,0,6,2,341,232,109,17,169,172,6.68782991202346,6.9385775862069,6.15412844036697,6.41176470588235,6.81952662721894,6.55843023255814,56
"49",2006,5,6.78571428571429,7,6.9,6.5,NA,7.5,6.5,5,2,0,2,5,348,237,111,17,171,177,6.68979885057471,6.93776371308017,6.16036036036036,6.41176470588235,6.82748538011696,6.55677966101695,57
"50",2006,6,7.11363636363636,11,7.32142857142857,6.75,7.5,7.36111111111111,6,7,4,1,9,2,359,244,115,18,180,179,6.70278551532033,6.94877049180328,6.18086956521739,6.47222222222222,6.85416666666667,6.55055865921788,58
"51",2006,7,6.76666666666667,15,6.86363636363636,6.5,7,6.75,6.8,11,4,1,10,5,374,255,119,19,190,184,6.70534759358289,6.94509803921569,6.19159663865546,6.5,6.84868421052632,6.55733695652174,59
"52",2006,8,6.6,10,7.625,5.91666666666667,NA,6.1,7.1,4,6,0,5,5,384,259,125,19,195,189,6.70260416666667,6.95559845559846,6.1784,6.5,6.82948717948718,6.57169312169312,60
"53",2006,9,6.59090909090909,11,6.83333333333333,5.5,NA,6,6.92857142857143,9,2,0,4,7,395,268,127,19,199,196,6.69949367088608,6.95149253731343,6.16771653543307,6.5,6.81281407035176,6.5844387755102,61
"54",2006,10,6.81818181818182,11,6.83333333333333,6.8,NA,6.9,6.75,6,5,0,5,6,406,274,132,19,204,202,6.70270935960591,6.94890510948905,6.19166666666667,6.5,6.81495098039216,6.58935643564356,62
"55",2006,11,6.42857142857143,7,6.42857142857143,NA,NA,7.5,6,7,0,0,2,5,413,281,132,19,206,207,6.69806295399516,6.93594306049822,6.19166666666667,6.5,6.82160194174757,6.57512077294686,63
"56",2006,12,6.70416666666667,24,6.77222222222222,6.5,NA,7.03076923076923,6.31818181818182,18,6,0,13,11,437,299,138,19,219,218,6.69839816933638,6.92608695652174,6.20507246376812,6.5,6.83401826484018,6.56215596330275,64
"57",2007,1,6.95,42,7.13333333333333,6.27777777777778,6,7.10416666666667,6.74444444444444,33,9,1,24,18,479,332,147,20,243,236,6.72045929018789,6.94668674698795,6.20952380952381,6.475,6.86069958847737,6.5760593220339,65
"58",2007,2,6.5427452173913,23,6.796875,5.96187714285714,NA,6.33333333333333,6.77119454545455,16,7,0,12,11,502,348,154,20,255,247,6.71231701195219,6.93979885057471,6.19826714285714,6.475,6.83588235294118,6.58474955465587,66
"59",2007,3,6.99791666666667,24,7.371875,6.25,NA,7.125,6.87083333333333,16,8,0,12,12,526,364,162,20,267,259,6.72534817490494,6.95879120879121,6.20082185185185,6.475,6.84887640449438,6.5980044015444,67
"60",2007,4,6.66666666666667,18,6.79166666666667,6.41666666666667,6.5,6.91666666666667,6.16666666666667,12,6,2,12,6,544,376,168,22,279,265,6.72340650735294,6.95345744680851,6.20853059523809,6.47727272727273,6.85179211469534,6.58823826415094,68
"61",2007,5,6.82142857142857,14,6.85,6.75,6,6.83333333333333,6.8,10,4,1,9,5,558,386,172,23,288,270,6.72586584229391,6.95077720207254,6.22112290697674,6.45652173913043,6.85121527777778,6.59215977777778,69
"62",2007,6,6.72173913043478,23,6.95454545454545,6.50833333333333,6.65,6.9375,6.60666666666667,11,12,2,8,15,581,397,184,25,296,285,6.72570247848537,6.95088161209068,6.23985402173913,6.472,6.8535472972973,6.59292329824561,70
"63",2007,7,6.145,20,6.77777777777778,5.62727272727273,6.13333333333333,6.675,5.79166666666667,9,11,3,8,12,601,406,195,28,304,297,6.70637793677205,6.94704433497537,6.20529815384615,6.43571428571429,6.84884868421053,6.56054929292929,71
"64",2007,8,6.82592592592593,27,6.79444444444444,6.88888888888889,7,6.75384615384615,6.89285714285714,18,9,2,13,14,628,424,204,30,317,311,6.7115177388535,6.94056603773585,6.23545656862745,6.47333333333333,6.84495268138802,6.57550848874598,72
"65",2007,9,6.00588235294118,17,6.22857142857143,5.85,NA,6.125,5.72,7,10,0,12,5,645,431,214,30,329,316,6.69291959689922,6.92900232018562,6.21744457943925,6.47333333333333,6.81869300911854,6.56197196202532,73
"66",2007,10,6.79411764705882,17,6.95833333333333,6.4,6,7.33333333333333,6.1875,12,5,1,9,8,662,443,219,31,338,324,6.69551833836858,6.92979683972912,6.22161251141553,6.45806451612903,6.83239644970414,6.55272574074074,74
"67",2007,11,6.525,24,6.675,6.225,NA,6.55,6.475,16,8,0,16,8,686,459,227,31,354,332,6.68955268221574,6.92091503267974,6.22173189427313,6.45806451612903,6.81963276836158,6.5508528313253,75
"68",2007,12,6.59833333333333,30,6.82391304347826,5.85714285714286,7,6.17352941176471,7.15384615384615,23,7,2,17,13,716,482,234,33,371,345,6.6857306424581,6.91628630705394,6.21082538461538,6.49090909090909,6.7900269541779,6.57357431884058,76
"69",2008,1,6.35483870967742,31,6.63636363636364,5.66666666666667,5.75,6.125,6.5,22,9,2,12,19,747,504,243,35,383,364,6.67199884872825,6.90406746031746,6.19067135802469,6.44857142857143,6.7691906005222,6.5697339010989,77
"70",2008,2,6.6125,28,6.69722222222222,6.46,6.3,6.49375,6.77083333333333,18,10,5,16,12,775,522,253,40,399,376,6.66984921290323,6.89693486590038,6.20131675889328,6.43,6.75814536340852,6.57615196808511,78
"71",2008,3,6.5,9,6.71428571428571,5.75,NA,7,6.4375,7,2,0,1,8,784,529,255,40,400,384,6.66789941326531,6.8945179584121,6.19777701960784,6.43,6.75875,6.57326338541667,79
"72",2008,4,6.54,25,6.66666666666667,6.35,6,6.08333333333333,6.96153846153846,15,10,4,12,13,809,544,265,44,412,397,6.6639470210136,6.88823529411765,6.20352128301887,6.39090909090909,6.73907766990291,6.58597768261965,80
"73",2008,5,6.6875,16,6.5,7,NA,6.83333333333333,6.5,10,6,0,9,7,825,554,271,44,421,404,6.66440380606061,6.8812274368231,6.22115549815498,6.39090909090909,6.74109263657957,6.58448797029703,81
"74",2008,6,6.4,10,6.4,6.4,8,6,7,5,5,1,6,4,835,559,276,45,427,408,6.66123729341317,6.87692307692308,6.22439543478261,6.42666666666667,6.73067915690867,6.58856161764706,82
"75",2008,7,5.975,20,6.83333333333333,5.60714285714286,5.40909090909091,6.31818181818182,5.55555555555556,6,14,11,11,9,855,565,290,56,438,417,6.64518495906433,6.87646017699115,6.19459703448276,6.22678571428572,6.7203196347032,6.56626652278178,83
"76",2008,8,6.18823529411765,17,6.4375,5.96666666666667,5.73333333333333,6.63333333333333,5.6875,8,9,3,9,8,872,573,299,59,447,425,6.63627653669725,6.87033158813264,6.1877362541806,6.20169491525424,6.71856823266219,6.54972503529412,84
"77",2008,9,6.64705882352941,17,7.14285714285714,6.3,6.4,6.5,6.77777777777778,7,10,5,8,9,889,580,309,64,455,434,6.63648272215973,6.87362068965517,6.19136938511327,6.2171875,6.71472527472528,6.55445423963134,85
"78",2008,10,6.80711764705882,17,7.2821,6.12857142857143,5.8,6.89281818181818,6.65,10,7,5,11,6,906,590,316,69,466,440,6.6396844812362,6.88054406779661,6.18997829113924,6.18695652173913,6.71892918454936,6.55575713636364,86
"79",2008,11,7.45,10,7.6875,6.5,NA,6.875,7.83333333333333,8,2,0,4,6,916,598,318,69,470,446,6.64853072052402,6.89133946488294,6.19192811320755,6.18695652173913,6.72025744680851,6.57294426008969,87
"80",2008,12,6.81538461538462,13,7.125,6.67777777777778,6.62,7,6.73333333333333,4,9,5,4,9,929,602,327,74,474,455,6.65086559741658,6.89289202657807,6.20530012232416,6.21621621621622,6.72261814345992,6.57611679120879,88
"81",2009,1,6,8,6.75,5.25,6,5.33333333333333,6.4,4,4,3,3,5,937,606,331,77,477,460,6.64530858057631,6.89194884488449,6.19375570996979,6.20779220779221,6.71388050314466,6.57420247826087,89
"82",2009,2,6.42142857142857,14,6.75,6.175,6,6.66666666666667,6.35454545454545,6,8,2,3,11,951,612,339,79,480,471,6.64201276550999,6.89055718954249,6.19331309734513,6.20253164556962,6.71358541666667,6.56907248407643,90
"83",2009,3,6.30555555555556,18,6.6625,6.02,6.5,6.125,6.35714285714286,8,10,3,4,14,969,620,349,82,484,485,6.63576278637771,6.88761451612903,6.18834710601719,6.21341463414634,6.70872107438017,6.56295492783505,91
"84",2009,4,6.79166666666667,12,7.1,6.57142857142857,7,7.08333333333333,6.5,5,7,2,6,6,981,625,356,84,490,491,6.63766986748216,6.8893136,6.19587960674157,6.23214285714286,6.71330816326531,6.56218562118126,92
"85",2009,5,6.71052631578947,19,6.57142857142857,6.79166666666667,7,7.21428571428571,6.41666666666667,7,12,2,7,12,1000,632,368,86,497,503,6.63905414,6.88579272151899,6.21530744565217,6.25,6.72036418511067,6.55871399602386,93
"86",2009,6,7.2,16,6.92857142857143,7.41111111111111,6.9,7.23,7.15,7,9,2,10,6,1016,639,377,88,507,509,6.64788793307086,6.8862613458529,6.24385448275862,6.26477272727273,6.73041617357002,6.56568396856582,94
"87",2009,7,6.5,14,7.3,6.05555555555556,5.75,6.5,6.5,5,9,2,4,10,1030,644,386,90,511,519,6.64587780582524,6.88947360248447,6.23946409326425,6.25333333333333,6.72861252446184,6.56441838150289,95
"88",2009,8,6.8125,8,6.6,7.16666666666667,NA,7.125,6.5,5,3,0,4,4,1038,649,389,90,515,523,6.64716198458574,6.88724345146379,6.24661475578406,6.25333333333333,6.73169126213592,6.56392569789675,96
"89",2009,9,6.7,10,6.5,6.83333333333333,6.75,6.875,6.58333333333333,4,6,2,4,6,1048,653,395,92,519,529,6.64766616412214,6.88487136294028,6.25552693670886,6.26413043478261,6.732795761079,6.56414582230624,97
"90",2009,10,6.60833333333333,12,6.3,6.91666666666667,6,6.46666666666667,6.75,6,6,2,6,6,1060,659,401,94,525,535,6.64722088679245,6.87954628224583,6.26541930174564,6.25851063829787,6.72975428571429,6.5662301682243,98
"91",2009,11,6.18181818181818,22,6.75,5.85714285714286,6.4,6.65,5.79166666666667,8,14,5,10,12,1082,667,415,99,535,547,6.63775798521257,6.87799250374813,6.25164612048193,6.26565656565657,6.72826355140187,6.54923791590494,99
"92",2009,12,6.51904761904762,21,6.99090909090909,6,6,7,6.27857142857143,11,10,4,7,14,1103,678,425,103,542,561,6.63549786038078,6.87982448377581,6.24572503529412,6.25533980582524,6.73177306273063,6.54248331550802,100
"93",2010,1,6.25333333333333,15,6.4875,5.98571428571429,7,5.875,6.39090909090909,8,7,2,4,11,1118,686,432,105,546,572,6.6303704293381,6.87524927113703,6.24151189814815,6.26952380952381,6.72549633699634,6.53956842657343,101
"94",2010,2,6.1875,8,6.25,6.125,NA,6.5,6.14285714285714,4,4,0,1,7,1126,690,436,105,547,579,6.62722392539964,6.87162463768116,6.24044298165138,6.26952380952381,6.72508409506399,6.53477226252159,102
"95",2010,3,6.33333333333333,6,6.9,5.76666666666667,6,6.85,6.075,3,3,1,2,4,1132,693,439,106,549,583,6.62566620141343,6.87174747474748,6.23720533029613,6.26698113207547,6.72553916211294,6.53161773584906,103
"96",2010,4,6.24166666666667,12,6.8,5.125,7,6.325,6.2,8,4,1,4,8,1144,701,443,107,553,591,6.62163823426573,6.87092867332382,6.22716284424379,6.27383177570093,6.72264195298373,6.52712883248731,104
"97",2010,5,6.625,8,7.625,5.625,5,5.875,7.375,4,4,2,4,4,1152,705,447,109,557,595,6.62166157986111,6.87520709219858,6.22177436241611,6.25045871559633,6.71655475763016,6.53282880672269,105
"98",2010,6,7.66666666666667,6,7.66666666666667,7.66666666666667,8,7.5,7.75,3,3,1,2,4,1158,708,450,110,559,599,6.62707611398964,6.87856073446328,6.23140697777778,6.26636363636364,6.71935778175313,6.54095682804675,106
"99",2010,7,6.7,5,6.7,NA,NA,6.625,7,5,0,0,4,1,1163,713,450,110,563,600,6.62738963026655,6.87730855539972,6.23140697777778,6.26636363636364,6.71868738898757,6.5417219,107
"100",2010,8,6.1,5,6.25,6,NA,6,6.125,2,3,0,1,4,1168,715,453,110,564,604,6.62513196917808,6.87555384615385,6.2298744812362,6.26636363636364,6.71741312056738,6.53896215231788,108
"101",2010,9,6.125,8,6.75,5.5,4,8,5.85714285714286,4,4,1,1,7,1176,719,457,111,565,611,6.62172971088435,6.87485535465925,6.22348608315098,6.24594594594595,6.71968318584071,6.53115080196399,109
"102",2010,10,5.95454545454545,11,7.25,5.21428571428571,3,7.5,5.61111111111111,4,7,2,2,9,1187,723,464,113,567,620,6.61554687447346,6.87693084370678,6.20826107758621,6.18849557522124,6.7224356261023,6.51779538709677,110
"103",2010,11,6.59722222222222,18,6.75,6.40625,6.66666666666667,6.78571428571429,6.47727272727273,10,8,3,7,11,1205,733,472,116,574,631,6.61527314522821,6.87519918144611,6.2116168220339,6.20086206896552,6.72320731707317,6.51708896988907,111
"104",2010,12,6.55315789473684,19,6.90066666666667,5.25,6,7.10714285714286,6.23,15,4,1,7,12,1224,748,476,117,581,643,6.6143089379085,6.87570989304813,6.20353600840336,6.1991452991453,6.7278330464716,6.51173116640747,112
"105",2011,1,6.56206896551724,29,6.77,6.1,7.5,6.5625,6.56153846153846,20,9,2,16,13,1253,768,485,119,597,656,6.61309987230646,6.87295703125,6.20161472164948,6.22100840336135,6.72340201005025,6.51271820121951,113
"106",2011,2,6.49090909090909,22,6.50384615384615,6.47222222222222,6.75,6.575,6.42083333333333,13,9,4,10,12,1275,781,494,123,607,668,6.61099148235294,6.86681306017926,6.20654481781377,6.23821138211382,6.7209571663921,6.5110675748503,114
"107",2011,3,7.03703703703704,27,7.15625,6.86363636363636,7,7.13636363636364,6.96875,16,11,3,11,16,1302,797,505,126,618,684,6.61982652841782,6.87262358845671,6.2208577029703,6.25634920634921,6.72835113268609,6.52177359649123,115
"108",2011,4,6.156,25,6.375,5.95384615384615,5,6.16666666666667,6.15263157894737,12,13,4,6,19,1327,809,518,130,624,703,6.61108827430294,6.86524227441286,6.21415664092664,6.21769230769231,6.72295032051282,6.51179678520626,116
"109",2011,5,6.27727272727273,22,6.6,5.95454545454545,5.66666666666667,6.58333333333333,6.1625,11,11,3,6,16,1349,820,529,133,630,719,6.6056442846553,6.86168414634146,6.20875829867675,6.20526315789474,6.72162063492064,6.50402383866481,117
"110",2011,6,7.52,15,7.75454545454545,6.875,7.375,8,7.1,11,4,4,7,8,1364,831,533,137,637,727,6.61569951612903,6.87350300842359,6.21375823639775,6.23941605839416,6.73566875981162,6.51058203576341,118
"111",2011,7,5.96875,16,6.5,5.4375,5.5,5.92857142857143,6,8,8,2,7,9,1380,839,541,139,644,736,6.60819865217391,6.86994159713945,6.2022793715342,6.22877697841727,6.72689596273292,6.50433850543478,119
"112",2011,8,6.91666666666667,12,7.0625,6.625,NA,6.85714285714286,7,8,4,0,7,5,1392,847,545,139,651,741,6.6108578591954,6.87176033057851,6.20538190825688,6.22877697841727,6.72829646697389,6.50768304993252,120
"113",2011,9,6.75882352941176,17,6.94545454545455,6.41666666666667,6.75,7.2,6.45,11,6,2,7,10,1409,858,551,141,658,751,6.61264310858765,6.87270512820513,6.20768264972777,6.23617021276596,6.73331458966566,6.50691496671105,121
"114",2011,10,6.524,25,6.55454545454545,6.5,7,6,6.68947368421053,11,14,2,6,19,1434,869,565,143,664,770,6.61109772663877,6.86867779056387,6.21492591150443,6.24685314685315,6.72668825301205,6.51141966233766,122
"115",2011,11,6.46428571428571,14,6.25,6.625,6.75,5.75,6.75,6,8,2,4,10,1448,875,573,145,668,780,6.60967827348066,6.86443542857143,6.22065120418848,6.25379310344828,6.72083982035928,6.51447838461539,123
"116",2011,12,6.72352941176471,17,7.255,5.96428571428571,6.5,6.46428571428571,6.905,10,7,2,7,10,1465,885,580,147,675,790,6.61099941296928,6.86884858757062,6.21755713793104,6.25714285714286,6.71817925925926,6.51942169620253,124
"117",2012,1,6.5,25,6.8,6.05,4,6.875,6.42857142857143,15,10,1,4,21,1490,900,590,148,679,811,6.60913700671141,6.86770111111111,6.21471718644068,6.24189189189189,6.71910309278351,6.51706922318126,125
"118",2012,2,6.21428571428571,14,6.625,6.05,4,5.5,6.61111111111111,4,10,1,5,9,1504,904,600,149,684,820,6.60546152925532,6.86662721238938,6.2119719,6.22684563758389,6.71019152046784,6.5181013902439,126
"119",2012,3,6.6047619047619,21,6.75,6.31428571428571,6,6.6875,6.55384615384615,14,7,1,8,13,1525,918,607,150,692,833,6.60545189508197,6.864848583878,6.21315179571664,6.22533333333334,6.70992919075145,6.51865923169268,127
"120",2012,4,6.43076923076923,13,7.2,5.2,6.5,6.75,6.37272727272727,8,5,1,2,11,1538,926,612,151,694,844,6.60397538361508,6.86774406047516,6.20487441176471,6.2271523178808,6.7100446685879,6.51675727488152,128
"121",2012,5,6.15,8,6.5,6.03333333333333,5.5,6,6.3,2,6,2,4,4,1546,928,618,153,698,848,6.6016262225097,6.86695150862069,6.2032089644013,6.21764705882353,6.70597564469914,6.51573483490566,129
"122",2012,6,6.61111111111111,9,7,6.41666666666667,6.5,7,6.5,3,6,2,2,7,1555,931,624,155,700,855,6.60168111897106,6.86738023630505,6.20526144230769,6.22129032258065,6.70681571428572,6.51560601169591,130
"123",2012,7,6.71,11,6.71428571428571,6.7025,7,7.125,6.47285714285714,7,4,2,4,7,1566,938,628,157,704,862,6.60244197956577,6.86623773987207,6.20842856687898,6.2312101910828,6.70919176136364,6.51525886310905,131
"124",2012,8,7,11,6.8,7.16666666666667,NA,7.33333333333333,6.875,5,6,0,3,8,1577,943,634,157,707,870,6.60521505389981,6.86588653234358,6.21749706624606,6.2312101910828,6.71184016973126,6.51856682758621,132
"125",2012,9,6.23333333333333,12,6.7875,5.125,NA,5.23333333333333,6.56666666666667,8,4,0,3,9,1589,951,638,157,710,879,6.60240663310258,6.86522712933754,6.21064755485894,6.2312101910828,6.70559295774648,6.51905931740615,133
"126",2012,10,6.9375,8,7.375,6.5,8,5,7.21428571428571,4,4,2,1,7,1597,955,642,159,711,886,6.60408524733876,6.86736230366492,6.21245037383178,6.25345911949686,6.70319409282701,6.52455207674944,134
"127",2012,11,6.70952380952381,21,7.13333333333333,5.65,3,7.31666666666667,6.46666666666667,15,6,1,6,15,1618,970,648,160,717,901,6.60545373300371,6.87147525773196,6.2072425,6.233125,6.70832775453278,6.52358839067703,135
"128",2012,12,6.28125,16,6.6875,5.875,4.66666666666667,7.33333333333333,6.03846153846154,8,8,3,3,13,1634,978,656,163,720,914,6.60227915544675,6.86997034764826,6.20319076219512,6.20429447852761,6.71093194444445,6.51668833698031,136
"129",2013,1,6.86538461538461,26,7.13157894736842,6.14285714285714,NA,7.07692307692308,6.65384615384615,19,7,0,13,13,1660,997,663,163,733,927,6.60640008433735,6.87495586760281,6.20255375565611,6.20429447852761,6.71742291950887,6.51861180151025,137
"130",2013,2,7.09444444444444,18,7.33636363636364,6.71428571428571,6.66666666666667,7.41666666666667,6.93333333333333,11,7,3,6,12,1678,1008,670,166,739,939,6.61163536352801,6.87999107142857,6.20790020895523,6.21265060240964,6.723100135318,6.5239117571885,138
"131",2013,3,6.30769230769231,13,6.33333333333333,6.3,6,6.5,6.27272727272727,3,10,1,2,11,1691,1011,680,167,741,950,6.60929872264932,6.87836894164194,6.20925461764706,6.21137724550898,6.7224979757085,6.52100330526316,139
"132",2013,4,6.82,10,6.95,6.625,NA,6.6,6.875,6,4,0,2,8,1701,1017,684,167,743,958,6.6105374132863,6.87879154375615,6.21168587719298,6.21137724550898,6.72216823687752,6.52395943632568,140
"133",2013,5,7.28,10,7.6,6.53333333333333,6,7.35,7.2625,7,3,1,2,8,1711,1024,687,168,745,966,6.61445011104617,6.8837216796875,6.21309045123726,6.21011904761905,6.72385369127517,6.53007571428572,141
"134",2013,6,6.70833333333333,12,6.57142857142857,6.9,7.5,6,6.77272727272727,7,5,1,1,11,1723,1031,692,169,746,977,6.61510396982008,6.88160135790495,6.21805367052023,6.21775147928994,6.72288337801609,6.53280771750256,142
"135",2013,7,5.92864285714286,14,6.27281818181818,4.66666666666667,4.5,6.0002,5.88888888888889,11,3,2,5,9,1737,1042,695,171,751,986,6.60957118019574,6.87517466410749,6.21135703597122,6.19766081871345,6.71807190412783,6.52693016227181,143
"136",2013,8,6.43333333333333,15,6.375,6.66666666666667,7,NA,6.43333333333333,12,3,1,0,15,1752,1054,698,172,751,1001,6.60806229452055,6.86948007590133,6.21331395415473,6.20232558139535,6.71807190412783,6.52552761238761,144
"137",2013,9,6.95454545454545,11,7.35714285714286,6.25,6.5,6.2,7.58333333333333,7,4,1,5,6,1763,1061,702,173,756,1007,6.61022412932501,6.87269745523091,6.21352299145299,6.20404624277457,6.7146455026455,6.53183032770606,145
"138",2013,10,6.1125,16,6.19166666666667,5.875,NA,6.55,5.85,12,4,0,6,10,1779,1073,706,173,762,1017,6.60574768971332,6.86508108108108,6.21160501416431,6.20404624277457,6.71334908136483,6.52512599803343,146
"139",2013,11,7.2,15,7.22727272727273,7.125,6.75,6.75,7.26923076923077,11,4,2,2,13,1794,1084,710,175,764,1030,6.61071635451505,6.86875645756458,6.21675090140845,6.21028571428572,6.71344502617801,6.53451761165049,147
"140",2013,12,6.76666666666667,15,7.45,5.4,5,6.4,6.95,10,5,1,5,10,1809,1094,715,176,769,1040,6.61200947484798,6.87406946983547,6.21103935664336,6.20340909090909,6.71140702210663,6.53851263461539,148
"141",2014,1,6.7125,16,6.33571428571429,7.00555555555556,7.16666666666667,6.53333333333333,6.75384615384615,7,9,3,3,13,1825,1101,724,179,772,1053,6.61289048767123,6.87064668483197,6.22091593922652,6.2195530726257,6.71071502590674,6.54117107312441,149
"142",2014,2,6.51875,16,7,6.0375,5.5,6.25,6.60833333333333,8,8,2,4,12,1841,1109,732,181,776,1065,6.61207231939163,6.87157980162308,6.21891139344262,6.21160220994475,6.70834020618557,6.54192783098592,150
"143",2014,3,7.11111111111111,9,7.125,7,NA,7,7.14285714285714,8,1,0,2,7,1850,1117,733,181,778,1072,6.61450007567567,6.87339480752014,6.21997699863575,6.21160220994475,6.70908997429306,6.54585180970149,151
"144",2014,4,6.25,17,6.53,5.85,4.81666666666667,6.45,6.18846153846154,10,7,3,4,13,1867,1127,740,184,782,1085,6.61118111408677,6.87034782608696,6.21647721621622,6.18885869565217,6.70776470588236,6.54156971428572,152
"145",2014,5,6.52142857142857,14,7.85,5.525,5.4,6.7,6.42222222222222,6,8,5,5,9,1881,1133,748,189,787,1094,6.6105130994152,6.87553574580759,6.20908173796792,6.16798941798942,6.70771537484117,6.54058787934187,153
"146",2014,6,6.5,9,6.08333333333333,7.33333333333333,7,6.25,6.57142857142857,6,3,1,2,7,1890,1139,751,190,789,1101,6.60998684656084,6.87136259877085,6.2135727563249,6.17236842105263,6.70655513307985,6.54078396003633,154
"147",2014,7,6.42307692307692,13,6.94444444444444,5.25,NA,6.75,6.27777777777778,9,4,0,4,9,1903,1148,755,190,793,1110,6.60871000525486,6.87193554006969,6.20846773509934,6.17236842105263,6.70677427490542,6.53865147747748,155
"148",2014,8,7.07,20,7.28888888888889,6.89090909090909,6.5,7.275,7.01875,9,11,2,4,16,1923,1157,766,192,797,1126,6.61350761310452,6.87517891097667,6.21826780678851,6.17578125,6.709626097867,6.54547348134991,156
"149",2014,9,6.35,10,6.33333333333333,6.35714285714286,6.5,NA,6.35,3,7,2,0,10,1933,1160,773,194,797,1136,6.61214440765649,6.8737775862069,6.21952540750324,6.17912371134021,6.709626097867,6.54375276408451,157
"150",2014,10,6.55555555555556,9,6.66666666666667,6.33333333333333,6,6.75,6.4,6,3,1,4,5,1942,1166,776,195,801,1141,6.61188215242018,6.87271183533448,6.21996538659794,6.17820512820513,6.70982771535581,6.54312282208589,158
"151",2014,11,6.5,6,7.5,6,NA,7,6.25,2,4,0,2,4,1948,1168,780,195,803,1145,6.61153754620123,6.87378595890411,6.21883735897436,6.17820512820513,6.71055043586551,6.54209881222708,159
"152",2014,12,7.42857142857143,7,7.41666666666667,7.5,7.5,7.33333333333333,7.5,6,1,1,3,4,1955,1174,781,196,806,1149,6.61446298721227,6.87656047700171,6.22047777208707,6.18494897959184,6.71286848635236,6.54543354221062,160
"153",2015,1,6.45833333333333,18,7.09375,5.95,5,5.6,6.78846153846154,8,10,2,5,13,1973,1182,791,198,811,1162,6.6130385909782,6.87803045685279,6.2170583312263,6.1729797979798,6.70600739827374,6.54815244406196,161
"154",2015,2,6.9375,8,6.91666666666667,7,6,6.75,7.5,6,2,1,6,2,1981,1188,793,199,817,1164,6.61434888440181,6.87822558922559,6.21903296343001,6.17211055276382,6.70633047735618,6.5497879209622,162
"155",2015,3,6.45454545454545,11,6.6,6.33333333333333,6.5,7,6.14285714285714,5,6,3,4,7,1992,1193,799,202,821,1171,6.61346643574297,6.87705951383068,6.21989128911139,6.1769801980198,6.70776126674787,6.54735537147737,163
"156",2015,4,6.9,8,6.66666666666667,7.04,7.5,7,6.88571428571429,3,5,2,1,7,2000,1196,804,204,822,1178,6.61461257,6.87653177257525,6.22499146766169,6.18995098039216,6.70811678832117,6.54936599320883,164
"157",2015,5,6.83333333333333,12,7.16666666666667,6.5,6.5,6.75,6.875,6,6,2,4,8,2012,1202,810,206,826,1186,6.61591706759443,6.87798003327787,6.22702856790124,6.19296116504854,6.7083196125908,6.55156251264756,165
"158",2015,6,6.33333333333333,9,6.1,6.625,6,5.5,6.57142857142857,5,4,1,2,7,2021,1207,814,207,828,1193,6.61465865413162,6.87475724937863,6.2289842014742,6.19202898550725,6.70540096618358,6.55167907795474,166
"159",2015,7,6.6,19,7.27777777777778,5.99,6.125,6.72727272727273,6.425,9,10,4,11,8,2040,1216,824,211,839,1201,6.61452212745098,6.87774013157895,6.22608390776699,6.19075829383886,6.70568772348034,6.55083525395504,167
"160",2015,8,5.8625,16,6.14,5.4,2,5.725,5.90833333333333,10,6,1,4,12,2056,1226,830,212,843,1213,6.60866981517509,6.87172267536705,6.22011221686747,6.17099056603774,6.70103440094899,6.54447909315746,168
"161",2015,9,5.81111111111111,9,6.36,5.125,NA,5.45,6.1,5,4,0,4,5,2065,1231,834,212,847,1218,6.60519377239709,6.86964419171405,6.21485988009592,6.17099056603774,6.69512632821724,6.54265446633826,169
"162",2015,10,6.425,6,6.51,6,NA,7.275,6,5,1,0,2,4,2071,1236,835,212,849,1222,6.60467172380492,6.86818932038835,6.21460256287425,6.17099056603774,6.69649234393404,6.54087818330606,170
"163",2015,11,6.07142857142857,7,6.1,6,NA,7.25,5.6,5,2,0,2,5,2078,1241,837,212,851,1227,6.60287542829643,6.86509427880741,6.21408977299881,6.17099056603774,6.69779318448884,6.53704412387938,171
"164",2015,12,6.66666666666667,9,7,6.4,7.25,7.1,6.125,4,5,2,5,4,2087,1245,842,214,856,1231,6.60315052228078,6.86552771084337,6.21519375296912,6.18107476635514,6.70014252336449,6.53570523151909,172
"165",2016,1,6.54545454545455,11,6.8,6.33333333333333,7,6.75,6.5,5,6,1,2,9,2098,1250,848,215,858,1240,6.60284801715919,6.8652656,6.21602964622642,6.18488372093023,6.70025874125874,6.53544608064516,173
"166",2016,2,6.39545454545455,11,6.63888888888889,5.3,7.6,6.30833333333333,6.5,9,2,1,6,5,2109,1259,850,216,864,1245,6.6017663063063,6.86364733915806,6.21387428235294,6.19143518518519,6.69753703703704,6.53530372690763,174
"167",2016,3,6.65,14,7.17777777777778,5.7,5.16666666666667,6.65714285714286,6.64285714285714,9,5,3,7,7,2123,1268,855,219,871,1252,6.6020843805935,6.86587697160883,6.21086916959064,6.17739726027397,6.69721239954076,6.53590506389777,175
"168",2016,4,6.61111111111111,9,7.33333333333333,6.25,6.25,6,6.78571428571429,3,6,2,2,7,2132,1271,861,221,873,1259,6.6021224859287,6.86698033044847,6.2111418583043,6.17805429864253,6.69561512027492,6.53729399523432,176
"169",2016,5,7.15555555555556,9,7.48571428571429,6,NA,7.75,6.98571428571429,7,2,0,2,7,2141,1278,863,221,875,1266,6.60444892106492,6.87036932707355,6.21065253765933,6.17805429864253,6.69802514285715,6.53977341232228,177
"170",2016,6,6.02307692307692,13,6.66,5.625,5.66666666666667,5.5,6.25555555555556,5,8,3,4,9,2154,1283,871,224,879,1275,6.60094017641597,6.8695494933749,6.20527340987371,6.17120535714286,6.69257337883959,6.53776716862745,178
"171",2016,7,6.92857142857143,14,7.8,6.44444444444444,6.33333333333333,6.85714285714286,7,5,9,3,7,7,2168,1288,880,227,886,1282,6.60305587638376,6.87316149068323,6.20771947727273,6.17334801762115,6.69387358916479,6.54029106084243,179
"172",2016,8,6.5,12,6.66666666666667,6.33333333333333,7,6.66666666666667,6.44444444444444,6,6,1,3,9,2180,1294,886,228,889,1291,6.60248859633027,6.87220401854714,6.20857013544018,6.17697368421053,6.69378177727784,6.53962288148722,180
"173",2016,9,7.07142857142857,7,7.33333333333333,6.875,6.5,7.5,6.75,3,4,2,3,4,2187,1297,890,230,892,1295,6.6039895473251,6.87327062451812,6.2115653258427,6.17978260869565,6.6964932735426,6.5402726949807,181
"174",2016,10,5.6,5,5,5.75,6,5.5,5.66666666666667,1,4,3,2,3,2192,1298,894,233,894,1298,6.60169942518248,6.87182742681048,6.20950015659955,6.1774678111588,6.69381655480985,6.53825357473036,182
"175",2016,11,6.84722222222222,18,6.921875,6.25,6.5,6.82142857142857,6.86363636363636,16,2,1,7,11,2210,1314,896,234,901,1309,6.60369915837104,6.87243683409437,6.20959055803571,6.17884615384615,6.69480799112098,6.54098788388083,183
"176",2016,12,6.29166666666667,12,6.25,6.3125,6.33333333333333,6.5,6.1875,4,8,3,4,8,2222,1318,904,237,905,1317,6.60201401440144,6.87054779969651,6.21050126106195,6.18080168776371,6.69394696132597,6.53884065299924,184
"177",2017,1,6.5,11,6.5,6.5,NA,6.5,6.5,7,4,0,2,9,2233,1325,908,237,907,1326,6.60151148231079,6.86859018867924,6.21177658590308,6.18080168776371,6.69351929437707,6.53857702865762,185
"178",2017,2,6.96153846153846,13,7.71428571428571,6.08333333333333,3,7.5,6.72222222222222,7,6,1,4,9,2246,1332,914,238,911,1335,6.6035953428317,6.87303453453453,6.21093341356674,6.16743697478992,6.69706037321625,6.53981508614232,186
"179",2017,3,7,6,7.5,6.75,7,5,7.4,2,4,1,1,5,2252,1334,918,239,912,1340,6.60465148312611,6.87397451274363,6.2132822875817,6.17092050209205,6.69519956140351,6.54302473134329,187
"180",2017,4,6.625,16,6.54545454545455,6.8,7,7.5,6.5,11,5,1,2,14,2268,1345,923,240,914,1354,6.60479503527336,6.87128773234201,6.21646060671723,6.174375,6.69696061269147,6.54257986706056,188
"181",2017,5,6.4375,8,7.75,6,7,7,6.35714285714286,2,6,1,1,7,2276,1347,929,241,915,1361,6.60420700351493,6.87259242761693,6.21506258342304,6.17780082987552,6.69729180327869,6.5416261131521,189
"182",2017,6,6.5,6,6.6,6,NA,6,6.75,5,1,0,2,4,2282,1352,930,241,917,1365,6.60393301489921,6.87158431952663,6.21483133333333,6.17780082987552,6.69577099236642,6.54223673260073,190
"183",2017,7,6.65555555555556,9,7.3,5.85,5,6.5,6.73333333333333,5,4,1,3,6,2291,1357,934,242,920,1371,6.60413580969009,6.87316285924834,6.21326888650964,6.17293388429752,6.69513260869565,6.54307304157549,191
"184",2017,8,6.684375,16,6.88333333333333,6.42857142857143,6,6.8125,6.64166666666667,9,7,1,4,12,2307,1366,941,243,924,1383,6.6046923016905,6.8732298682284,6.21487049946865,6.17222222222222,6.6956406926407,6.54392851771511,192
"185",2017,9,6.61111111111111,9,7.375,6,NA,7,6.5625,4,5,0,1,8,2316,1370,946,243,925,1391,6.60471724525043,6.87469489051095,6.21373482029598,6.17222222222222,6.69596972972973,6.54403532710281,193
"186",2017,10,6.67142857142857,7,6.53333333333333,7.5,7.5,6.5,6.74,6,1,1,2,5,2323,1376,947,244,927,1396,6.60491826947912,6.87320639534884,6.21509307286167,6.17766393442623,6.69554692556635,6.54473720630373,194
"187",2017,11,6.8411875,16,6.95714285714286,6.751,6.16666666666667,6.76666666666667,6.85838461538462,7,9,3,3,13,2339,1383,956,247,930,1409,6.60653447627191,6.87363123644252,6.22013822175732,6.17753036437247,6.69577634408602,6.54763104329312,195
"188",2017,12,6.66666666666667,12,7.16666666666667,6.16666666666667,6.5,7,6.5,6,6,2,4,8,2351,1389,962,249,934,1417,6.60684140365801,6.87489704823614,6.21980471933472,6.18012048192771,6.69707922912206,6.54736213126323,196
"189",2018,1,6.67307692307692,13,6.91666666666667,6.125,6.25,6.4375,6.77777777777778,9,4,2,4,9,2364,1398,966,251,938,1426,6.607205642978,6.87516595135909,6.21941215320911,6.18067729083665,6.6959722814499,6.54881636746143,197
"190",2018,2,5.72727272727273,11,6.33333333333333,5.5,5.75,5.5,5.75,3,8,2,1,10,2375,1401,974,253,939,1436,6.60313016421052,6.874005710207,6.2135032238193,6.17727272727273,6.69469861554846,6.54325357938719,198
"191",2018,3,6.18181818181818,11,6.2,6.16666666666667,6.83333333333333,6.4,6,5,6,3,5,6,2386,1406,980,256,944,1442,6.60118782062028,6.87160881934566,6.21321646938776,6.1849609375,6.69313771186441,6.54099316227462,199
"192",2018,4,6.66363636363636,11,NA,6.66363636363636,7,7.5,6.47777777777778,0,11,1,2,9,2397,1406,991,257,946,1451,6.601474401335,6.87160881934566,6.21821608476287,6.18813229571984,6.69484355179704,6.54060106133701,200
"193",2018,5,7.05714285714286,14,7.05714285714286,7.05714285714286,5.5,6.2,7.2,7,7,2,2,12,2411,1413,998,259,948,1463,6.60412034010784,6.8725279547063,6.22410034068136,6.18281853281853,6.69379957805907,6.54600966507177,201
"194",2018,6,6.75833333333333,12,6.6875,6.9,NA,7.3,6.65,8,4,0,2,10,2423,1421,1002,259,950,1473,6.60488408584399,6.87148627726953,6.22679854291417,6.18281853281853,6.69507578947369,6.54671564154786,202
"195",2018,7,7,6,7.5,6,NA,7,7,4,2,0,2,4,2429,1425,1004,259,952,1477,6.60586008233841,6.87325052631579,6.22634675298805,6.18281853281853,6.69571638655462,6.54794322274882,203
"196",2018,8,7.01875,8,7.25,6.325,NA,6.93,7.16666666666667,6,2,0,5,3,2437,1431,1006,259,957,1480,6.60721548625359,6.87483018867925,6.22654288270378,6.18281853281853,6.69694043887148,6.54919739189189,204
"197",2018,9,6.68181818181818,11,7,6.3,6.33333333333333,6.33333333333333,6.8125,6,5,3,3,8,2448,1437,1011,262,960,1488,6.60755071078431,6.87535281837161,6.22690617210683,6.18454198473283,6.69580416666667,6.55061299731183,205
"198",2018,10,5.51785714285714,14,5.80555555555556,5,5,6.35,5.05555555555556,9,5,1,5,9,2462,1446,1016,263,965,1497,6.60135424045491,6.86869432918396,6.2208682480315,6.18003802281369,6.69401243523316,6.54162467601871,206
"199",2018,11,6.78461538461538,13,7.675,6.38888888888889,6,7.33333333333333,6.62,4,9,1,3,10,2475,1450,1025,264,968,1507,6.60231682424242,6.87091862068966,6.22234355121951,6.17935606060606,6.69599380165289,6.54214475116125,207
"200",2018,12,6.86666666666667,9,7.4,6.2,5.5,8,6.725,5,4,2,1,8,2484,1455,1029,266,969,1515,6.60327461352657,6.87273676975945,6.22225669582119,6.17424812030075,6.6973395252838,6.54311032343234,208
"201",2019,1,6.84210526315789,19,7.67142857142857,6.35833333333333,8,6.9,6.82142857142857,7,12,2,5,14,2503,1462,1041,268,974,1529,6.60508755093887,6.876560875513,6.22382530259366,6.18787313432836,6.69837987679672,6.54565869195553,209
"202",2019,2,6.42857142857143,7,7.5,6,4,6.33333333333333,6.5,2,5,1,3,4,2510,1464,1046,269,977,1533,6.6045952749004,6.87741256830601,6.22275539196941,6.17973977695167,6.69725895598772,6.54553955642531,210
"203",2019,3,7.26666666666667,9,7.6,6.85,6.5,7,7.4,5,4,1,3,6,2519,1469,1050,270,980,1539,6.60696075426756,6.87987202178353,6.2251448952381,6.18092592592593,6.69818571428572,6.54887078622482,211
"204",2019,4,7.35714285714286,7,7,7.83333333333333,6.5,7.66666666666667,7.125,4,3,1,3,4,2526,1473,1053,271,983,1543,6.60903964370546,6.88019823489477,6.22972662867996,6.18210332103321,6.70114140386572,6.55036431626701,212
"205",2019,5,6.62857142857143,14,6.96666666666667,6.375,6.5,5,6.9,6,8,1,2,12,2540,1479,1061,272,985,1555,6.6091472992126,6.88054901960784,6.23082199811499,6.18327205882353,6.69768730964467,6.55306246945338,213
"206",2019,6,7.2,10,7.8125,4.75,NA,9.5,6.94444444444444,8,2,0,1,9,2550,1487,1063,272,986,1564,6.61146436862745,6.88556287827841,6.22803587958608,6.18327205882353,6.70052941176471,6.55531466751918,214
"207",2019,7,6.97333333333333,15,7.37142857142857,6.625,7.33333333333333,7.5,6.89230769230769,7,8,3,2,13,2565,1494,1071,275,988,1577,6.61358056140351,6.88783935742972,6.23100106442577,6.19581818181818,6.70214777327935,6.55809266962587,215
"208",2019,8,6.93846153846154,13,7.46666666666667,5.75,NA,7.5,6.83636363636364,9,4,0,2,11,2578,1503,1075,275,990,1588,6.61521882854926,6.89130538922156,6.22921129302326,6.19581818181818,6.7037595959596,6.56002023929471,216
"209",2019,9,5.75,4,6,5.5,6,5.5,6,2,2,1,2,2,2582,1505,1077,276,992,1590,6.61387844306739,6.89012093023256,6.22785714020427,6.19510869565217,6.70133266129033,6.55931581132076,217
"210",2019,10,7.125,8,7.125,7.125,NA,6.5,7.21428571428571,4,4,0,1,7,2590,1509,1081,276,993,1597,6.61545719691119,6.8907435387674,6.23117681776133,6.19510869565217,6.70112990936556,6.56218668753914,218
"211",2019,11,7.225,8,7.3,7,7,6.5,7.46666666666667,6,2,1,2,6,2598,1515,1083,277,995,1603,6.61733415704388,6.89236435643565,6.23259662049862,6.19801444043321,6.70072562814071,6.56557213973799,219
"212",2019,12,7.22222222222222,9,7.75,6.8,6,9.5,6.57142857142857,4,5,1,2,7,2607,1519,1088,278,997,1610,6.6194223782125,6.89462277814352,6.23520417279412,6.19730215827338,6.70634102306921,6.56559760248447,220
"213",2020,1,6.8283,10,7.04042857142857,6.33333333333333,NA,6.9566,6.7,7,3,0,5,5,2617,1526,1091,278,1002,1615,6.6202205349637,6.89529161205767,6.23547400549954,6.19730215827338,6.70758982035928,6.56601370897833,221
"214",2020,2,6.85714285714286,7,7,6.5,NA,7,6.8,5,2,0,2,5,2624,1531,1093,278,1004,1620,6.62085256859756,6.89563357282822,6.235958042086,6.19730215827338,6.70817231075698,6.56673588888889,222
"215",2020,3,6.85714285714286,14,6.88888888888889,6.8,NA,8,6.76923076923077,9,5,0,1,13,2638,1540,1098,278,1005,1633,6.62210657316148,6.89559415584416,6.23852653916211,6.19730215827338,6.70945771144279,6.56834791181874,223
"216",2020,4,7.258,10,7.385,6.75,6.5,8.33333333333333,6.79714285714286,8,2,1,3,7,2648,1548,1100,279,1008,1640,6.62450798338368,6.89812338501292,6.23945649090909,6.19838709677419,6.71429067460318,6.56932447560976,224
"217",2020,5,7,2,9,5,NA,NA,7,1,1,0,0,2,2650,1549,1101,279,1008,1642,6.6247913735849,6.89948030987734,6.23833073569482,6.19838709677419,6.71429067460318,6.5698490499391,225
"218",2020,6,5.51666666666667,6,5.525,5.5,6,4.33333333333333,6.7,4,2,1,3,3,2656,1553,1103,280,1011,1645,6.62228807981927,6.8959401159047,6.23699196736174,6.19767857142857,6.70722551928784,6.57008640729483,226
"219",2020,7,7.03333333333333,9,7.21428571428571,6.4,6.8,7.45,6.7,7,2,1,4,5,2665,1560,1105,281,1015,1650,6.62367622514071,6.89736858974359,6.23728700452489,6.19982206405694,6.71015270935961,6.57048008484849,227
"220",2020,8,6.35714285714286,7,7.1,4.5,5,5.75,6.6,5,2,1,2,5,2672,1565,1107,282,1017,1655,6.62297797155688,6.8980159744409,6.23414827461608,6.19556737588652,6.7082645034415,6.57056926888218,228
"221",2020,9,6.66666666666667,6,7.33333333333333,6,NA,7.25,6.375,3,3,0,2,4,2678,1568,1110,282,1019,1659,6.62307585511575,6.89884885204082,6.23351544144144,6.19556737588652,6.70932777232581,6.57009773357444,229
"222",2020,10,7,10,7.1,6.9,NA,7.5,6.875,5,5,0,2,8,2688,1573,1115,282,1021,1667,6.62447810267857,6.89948823903369,6.23650416143498,6.19556737588652,6.71087659157689,6.57156097180564,230
"223",2020,11,7.6,10,7.71428571428571,7.33333333333333,NA,8.5,7.21428571428571,7,3,0,3,7,2698,1580,1118,282,1024,1674,6.62809382505559,6.90309810126582,6.23944735241503,6.19556737588652,6.7161181640625,6.57424859020311,231
"224",2020,12,7.1175,8,7.34857142857143,5.5,NA,7,7.13428571428571,7,1,0,1,7,2706,1587,1119,282,1025,1681,6.62954070214338,6.90506301197228,6.23878654155496,6.19556737588652,6.71639512195122,6.57658069006544,232
"225",2021,1,7.1,5,7,7.5,NA,8,6.5,4,1,0,2,3,2711,1591,1120,282,1027,1684,6.63040838804869,6.90530169704588,6.239912625,6.19556737588652,6.71889483933788,6.57644426365796,233
"226",2021,2,6.21428571428571,7,6.3,6,6,6,6.375,5,2,1,3,4,2718,1596,1122,283,1030,1688,6.62933669610007,6.90340538847118,6.23948497326203,6.19487632508834,6.71680097087379,6.57596690758294,234
"227",2021,3,6.78333333333333,6,6.74,7,NA,7,6.74,5,1,0,1,5,2724,1601,1123,283,1031,1693,6.62967589574155,6.90289506558401,6.240162190561,6.19487632508834,6.71707565470417,6.57645135262847,235
"228",2021,4,6.75,6,6.25,7.75,7.5,NA,6.75,4,2,1,0,6,2730,1605,1125,284,1031,1699,6.62994034432234,6.90126791277259,6.24284634666667,6.19947183098591,6.71707565470417,6.57706423778694,236
"229",2021,5,7.05,8,7.375,6.725,6.9,7.25,6.98333333333333,4,4,1,2,6,2738,1609,1129,285,1033,1705,6.6311676917458,6.90244561839652,6.24455459698848,6.2019298245614,6.71810745401743,6.57849392375367,237
"230",2021,6,7,3,7,7,NA,7,7,2,1,0,2,1,2741,1611,1130,285,1035,1706,6.63157137541043,6.90256672873991,6.24522313274336,6.2019298245614,6.71865217391305,6.578740996483,238
"231",2021,7,7.05,10,7.1875,6.5,NA,8,6.94444444444444,8,2,0,1,9,2751,1619,1132,285,1036,1715,6.63309238095238,6.90397467572576,6.24567326855124,6.2019298245614,6.719888996139,6.58066013994169,239
"232",2021,8,6.35238095238095,21,7.28333333333333,5.11111111111111,5,5.07142857142857,6.99285714285714,12,9,1,7,14,2772,1631,1141,286,1043,1729,6.63096577922078,6.90676578786021,6.23672404907975,6.19772727272727,6.70882550335571,6.58399776749566,240
"233",2021,9,7,3,7,NA,NA,NA,7,3,0,0,0,3,2775,1634,1141,286,1043,1732,6.63136473513513,6.90693696450429,6.23672404907975,6.19772727272727,6.70882550335571,6.58471832563511,241
"234",2021,10,6.276,10,6.5,6.052,7,6.2,6.352,5,5,1,5,5,2785,1639,1146,287,1048,1737,6.63008873967684,6.90569554606468,6.23591809773124,6.20052264808362,6.70639790076336,6.5840484398388,242
"235",2021,11,6.63529411764706,17,7.7,5.4375,3,6,6.72,9,8,1,2,15,2802,1648,1154,288,1050,1752,6.63012032119914,6.91003337378641,6.23038313691508,6.18940972222222,6.70505238095238,6.5852124086758,243
"236",2021,12,7.13636363636364,11,7.92857142857143,5.75,6,6,7.25,7,4,1,1,10,2813,1655,1158,289,1051,1762,6.63209994312122,6.9143413897281,6.22872378238342,6.18875432525952,6.70438154138916,6.58898532349603,244
"237",2022,1,6.74615384615385,13,6.7125,6.8,6,6.64285714285714,6.86666666666667,8,5,3,7,6,2826,1663,1163,292,1058,1768,6.63262460721868,6.91337041491281,6.23117982803095,6.18681506849315,6.70397448015123,6.58992768099548,245
"238",2022,2,7.46428571428571,14,8.11111111111111,6.3,6,7.66666666666667,7.3125,9,5,4,6,8,2840,1672,1168,296,1064,1776,6.63672434507042,6.91981758373206,6.23147443493151,6.18429054054054,6.70940319548872,6.59318251126126,246
"239",2022,3,7.35526315789474,19,7.625,7.05555555555556,NA,7.9375,7.2,10,9,0,4,15,2859,1682,1177,296,1068,1791,6.6414995243092,6.92401010701546,6.23777581988105,6.18429054054054,6.71400280898877,6.59826473478504,247
"240",2022,4,7.41428571428571,14,7.91111111111111,6.52,NA,8.06,7.05555555555556,9,5,0,5,9,2873,1691,1182,296,1073,1800,6.64526527671423,6.92926374926079,6.23896966159052,6.18429054054054,6.72027493010252,6.60055118888889,248
"241",2022,5,7.5859375,16,8.125,6.4,7,7.775,7.52291666666667,11,5,1,4,12,2889,1702,1187,297,1077,1812,6.65047495327102,6.93699177438308,6.23964796967144,6.18703703703704,6.72419220055711,6.60665956953642,249
"242",2022,6,6.81176470588235,17,6.98,6.57142857142857,5,6.8,6.81666666666667,10,7,1,5,12,2906,1712,1194,298,1082,1824,6.65141849277357,6.93724299065421,6.24159308207705,6.18305369127517,6.72454251386322,6.60804119517544,250
"243",2022,7,6.975,16,7.44285714285714,6.61111111111111,4,6.8,7.05454545454545,7,9,1,5,11,2922,1719,1203,299,1087,1835,6.65319032854209,6.93930191972077,6.24435755610973,6.1757525083612,6.72488960441583,6.61071778746594,251
"244",2022,8,7.47327272727273,22,7.57183333333333,7.355,7.5,7.0724,7.59117647058823,12,10,1,5,17,2944,1731,1213,300,1092,1852,6.65931866168478,6.94368688619295,6.25351371805441,6.18016666666667,6.72648076923077,6.61971767818575,252
