"","year","month","avg_rating","no_ratings","avg_rating_owned","avg_rating_not_owned","avg_rating_prev_owned","avg_rating_comment","avg_rating_no_comment","no_ratings_owned","no_ratings_not_owned","no_ratings_prev_owned","no_ratings_comment","no_ratings_no_comment","cum_no_ratings","cum_no_ratings_owned","cum_no_ratings_not_owned","cum_no_ratings_prev_owned","cum_no_ratings_comment","cum_no_ratings_no_comment","cum_avg_rating","cum_avg_rating_owned","cum_avg_rating_not_owned","cum_avg_rating_prev_owned","cum_avg_rating_comment","cum_avg_rating_no_comment","month_after_release"
"1",2009,2,9,1,NA,9,NA,NA,9,0,1,0,0,1,1,0,1,0,0,1,9,NA,9,NA,NA,9,-1
"2",2009,3,8.16,25,8.46428571428571,7.77272727272727,8.1,8.3,8.125,14,11,5,5,20,26,14,12,5,5,21,8.19230769230769,8.46428571428571,7.875,8.1,8.3,8.16666666666667,0
"3",2009,4,7.71048034934498,229,8.14713114754098,7.21261682242991,7.24,7.42457627118644,7.80970588235294,122,107,15,59,170,255,136,119,20,64,191,7.75960784313726,8.17977941176471,7.27941176470588,7.455,7.49296875,7.84895287958115,1
"4",2009,5,7.79106889352818,479,8.20975182481752,7.23146341463415,7.75185185185185,7.6575900621118,7.85864779874214,274,205,27,161,318,734,410,324,47,225,509,7.78013896457766,8.19980975609756,7.24907407407407,7.62553191489362,7.61076444444444,7.85500982318271,2
"5",2009,6,7.78495440729483,329,8.07106741573034,7.4476821192053,7.28571428571429,7.86184210526316,7.76185770750988,178,151,21,76,253,1063,588,475,68,301,762,7.7816293508937,8.16083673469388,7.31221052631579,7.52058823529412,7.67415946843854,7.8240813648294,3
"6",2009,7,7.59272151898734,316,7.95416666666667,7.18243243243243,7.1,7.428,7.64398340248963,168,148,25,75,241,1379,756,623,93,376,1003,7.738340826686,8.11491005291005,7.28138041733547,7.40752688172043,7.6250585106383,7.7808075772682,4
"7",2009,8,7.68974820143885,278,7.94431137724551,7.30675675675676,7.60714285714286,7.6703125,7.69556074766355,167,111,14,64,214,1657,923,734,107,440,1217,7.73018829209415,8.08404333694475,7.28521798365123,7.43364485981308,7.63164090909091,7.7658175842235,5
"8",2009,9,7.50825688073394,327,7.87247191011236,7.07315436241611,7.672,7.51636363636364,7.50661764705882,178,149,25,55,272,1984,1101,883,132,495,1489,7.69360987903226,8.04983832879201,7.24943374858437,7.47878787878788,7.61883232323232,7.71846877098724,6
"9",2009,10,7.62348993288591,298,7.96276595744681,7.04363636363636,7.15833333333333,7.625,7.62302631578947,188,110,30,70,228,2282,1289,993,162,565,1717,7.68445311130587,8.03713886733902,7.2266364551863,7.41944444444444,7.61959646017699,7.70579499126383,7
"10",2009,11,7.50394136807818,307,7.8796449704142,7.04384057971015,7.23,7.49865671641791,7.50541666666667,169,138,25,67,240,2589,1458,1131,187,632,1957,7.66304828118965,8.01888340192044,7.20433244916004,7.39411764705882,7.6067753164557,7.68122125702606,8
"11",2009,12,7.63812949640288,417,7.9969465648855,7.03161290322581,7.4,7.63979591836735,7.63761755485893,262,155,28,98,319,3006,1720,1286,215,730,2276,7.65959148369927,8.01554186046512,7.18351477449456,7.39488372093023,7.61120821917808,7.67510984182777,9
"12",2010,1,7.52873767258383,507,7.89740740740741,7.00733333333333,7.28452380952381,7.58040540540541,7.51990762124711,297,210,42,74,433,3513,2017,1496,257,804,2709,7.64070651864503,7.99814675260288,7.15878342245989,7.37684824902724,7.60837313432836,7.6503026947213,10
"13",2010,2,7.61162420382166,314,7.98839779005525,7.09887218045113,6.9969696969697,7.50727272727273,7.63378378378378,181,133,33,55,259,3827,2198,1629,290,859,2968,7.63832035536974,7.99734394904459,7.1538919582566,7.33362068965517,7.60189988358556,7.64886118598383,11
"14",2010,3,7.64606741573034,267,7.94235668789809,7.22318181818182,7.7,7.47647058823529,7.68611111111111,157,110,19,51,216,4094,2355,1739,309,910,3184,7.63882559843674,7.99367813163482,7.1582748706153,7.35614886731392,7.59487032967033,7.65138819095477,12
"15",2010,4,7.46015325670498,261,7.86137931034483,6.95862068965517,6.78181818181818,7.60487804878049,7.43318181818182,145,116,22,41,220,4355,2500,1855,331,951,3404,7.62811756601607,7.9860048,7.1457897574124,7.31797583081571,7.59530178759201,7.63728554641598,13
"16",2010,5,7.34302325581395,215,7.76440677966102,6.83041237113402,6.45238095238095,7.37142857142857,7.33612716763006,118,97,21,42,173,4570,2618,1952,352,993,3577,7.61470503282276,7.97601680672269,7.13011782786885,7.26633522727273,7.58583282980866,7.62272015655577,14
"17",2010,6,7.61760869565217,230,7.98357664233577,7.07849462365591,7.29130434782609,7.63265306122449,7.61353591160221,137,93,23,49,181,4800,2755,2045,375,1042,3758,7.61484416666667,7.97639274047187,7.12777017114914,7.26786666666667,7.58803454894434,7.62227780734433,15
"18",2010,7,7.51982378854626,227,7.97835820895522,6.85913978494624,6.89583333333333,7.082,7.64350282485876,134,93,24,50,177,5027,2889,2138,399,1092,3935,7.61055341157748,7.97648390446521,7.11608512628625,7.24548872180451,7.56486446886447,7.62323252858958,16
"19",2010,8,7.57480620155039,258,7.87798742138365,7.08787878787879,6.84090909090909,7.68888888888889,7.55070422535211,159,99,22,45,213,5285,3048,2237,421,1137,4148,7.60880832544939,7.97134580052493,7.11483683504694,7.22434679334917,7.56977308707124,7.61950819672131,17
"20",2010,9,7.62676991150443,226,7.98955223880597,7.09836956521739,6.975,7.59444444444444,7.6328947368421,134,92,20,36,190,5511,3182,2329,441,1173,4338,7.60954491017964,7.97211250785669,7.11418634607127,7.21303854875283,7.57053026427962,7.62009451360074,18
"21",2010,10,7.38382899628253,269,7.84388489208633,6.89192307692308,7.02307692307692,7.23571428571429,7.42276995305164,139,130,26,56,213,5780,3321,2459,467,1229,4551,7.59904013840831,7.9667455585667,7.102435949573,7.20246252676659,7.55527420667209,7.61085915183476,19
"22",2010,11,7.46946666666667,375,7.86863636363636,6.90290322580645,6.53,7.31913580246914,7.5108843537415,220,155,35,81,294,6155,3541,2614,502,1310,4845,7.59114573517466,7.96065009884213,7.09060443764346,7.15557768924303,7.54067328244275,7.60479256965944,20
"23",2010,12,7.46533816425121,414,7.84665354330709,6.86,6.80857142857143,7.38857142857143,7.48095930232558,254,160,35,70,344,6569,3795,2774,537,1380,5189,7.58321692799513,7.95302028985507,7.07730353280461,7.13296089385475,7.53295797101449,7.59658315667759,21
"24",2011,1,7.57597429906542,428,7.87736900369004,7.05573248407643,6.79428571428571,7.61466666666667,7.56775354107649,271,157,35,75,353,6997,4066,2931,572,1455,5542,7.58277390310133,7.94797811116576,7.07614807233026,7.11223776223776,7.53716975945017,7.5947468422952,22
"25",2011,2,7.38978547854785,303,7.80313609467456,6.86847014925373,7.19032258064516,7.18776595744681,7.426875,169,134,31,47,256,7300,4235,3065,603,1502,5798,7.57476356164384,7.94219811097993,7.06706851549755,7.11625207296849,7.52623635153129,7.58733477061056,23
"26",2011,3,7.43353503184713,314,7.82956043956044,6.8875,6.79054054054054,7.23790322580645,7.48166666666667,182,132,37,62,252,7614,4417,3197,640,1564,6050,7.56893932230103,7.93755693909894,7.05965436346575,7.097421875,7.51480626598466,7.58293338842975,24
"27",2011,4,7.4849358974359,312,7.87608695652174,6.92265625,7.02,7.5234375,7.475,184,128,35,64,248,7926,4601,3325,675,1628,6298,7.56563260156447,7.93509867420126,7.05438045112782,7.09340740740741,7.51514557739558,7.57868323277231,25
"28",2011,5,7.47450657894737,304,7.82771428571429,6.9953488372093,7.14473684210526,7.27352941176471,7.51501976284585,175,129,38,51,253,8230,4776,3454,713,1679,6551,7.56226658566221,7.93116394472362,7.05217573827446,7.09614305750351,7.50780643240024,7.57622454587086,26
"29",2011,6,7.5087109375,256,7.74211180124224,7.11315789473684,6.74310344827586,7.29130434782609,7.55633333333333,161,95,29,46,210,8486,4937,3549,742,1725,6761,7.56065095451332,7.92499878468706,7.05380811496196,7.08234501347709,7.50203304347826,7.57560671498299,27
"30",2011,7,7.55935114503817,262,7.90171232876712,7.12844827586207,6.8703125,7.36041666666667,7.60397196261682,146,116,32,48,214,8748,5083,3665,774,1773,6975,7.56061202560585,7.92432992327366,7.05617053206003,7.07357881136951,7.49819909757473,7.57647698924731,28
"31",2011,8,7.43184931506849,292,7.7510582010582,6.84611650485437,6.84615384615385,7.33389830508475,7.45665236051502,189,103,26,59,233,9040,5272,3768,800,1832,7208,7.5564528761062,7.91811817147193,7.05042860934183,7.0661875,7.49290775109171,7.57260363485017,29
"32",2011,9,7.33231707317073,246,7.81268115942029,6.71851851851852,6.32727272727273,6.85116279069767,7.43423645320197,138,108,33,43,203,9286,5410,3876,833,1875,7411,7.55051518414818,7.91542865064695,7.04118034055728,7.03691476590636,7.4781904,7.56881352044259,30
"33",2011,10,7.35830508474576,295,7.70621118012422,6.94029850746269,6.90645161290323,6.940625,7.43947368421053,161,134,31,48,247,9581,5571,4010,864,1923,7658,7.54459701492537,7.90938233710285,7.03780922693267,7.0322337962963,7.46477223088924,7.56464181248368,31
"34",2011,11,7.26243323442136,337,7.69874251497006,6.83382352941176,6.82,7.34724137931035,7.24480286738351,167,170,45,58,279,9918,5738,4180,909,1981,7937,7.53500947771728,7.90325182990589,7.02951315789474,7.02172717271727,7.46133114588592,7.55339889126874,32
"35",2011,12,7.35150602409639,332,7.60304568527919,6.98444444444444,6.7530303030303,6.934375,7.42200704225352,197,135,33,48,284,10250,5935,4315,942,2029,8221,7.52906575609756,7.89328711036226,7.02810312862109,7.01231422505308,7.44886495810744,7.54885987106192,33
"36",2012,1,7.37661870503597,417,7.68559670781893,6.94511494252874,6.57105263157895,7.18428571428571,7.41541786743516,243,174,38,70,347,10667,6178,4489,980,2099,8568,7.52310621543077,7.88511799935254,7.02488638895077,6.99520408163265,7.44004144830872,7.54345553221289,34
"37",2012,2,7.38251533742331,326,7.70520833333333,6.92014925373134,6.87027027027027,7.10104166666667,7.43111510791367,192,134,37,48,278,10993,6370,4623,1017,2147,8846,7.51893695988356,7.87969529042386,7.0218505299589,6.99065880039331,7.43246250582208,7.53992505087045,35
"38",2012,3,7.32761904761905,294,7.70517045454545,6.76449152542373,6.47730769230769,7.26511627906977,7.33832669322709,176,118,26,43,251,11287,6546,4741,1043,2190,9097,7.51395357490919,7.8750029025359,7.01544505378612,6.977861936721,7.42917671232877,7.53436264702649,36
"39",2012,4,7.40460317460317,315,7.72272727272727,7.00179856115108,6.98837209302326,7.128,7.45679245283019,176,139,43,50,265,11602,6722,4880,1086,2240,9362,7.51098465781762,7.87101591788158,7.01505635245902,6.97827808471455,7.42245401785714,7.53216695150609,37
"40",2012,5,7.41622516556291,302,7.80151351351351,6.80700854700855,6.92483870967742,7.04098360655738,7.51120331950207,185,117,31,61,241,11904,6907,4997,1117,2301,9603,7.50858064516129,7.86915433618069,7.01018511106664,6.97679498657117,7.41234115601912,7.53164084140373,38
"41",2012,6,7.43549488054608,293,7.75236842105263,6.85097087378641,6.59677419354839,7.61764705882353,7.41158301158301,190,103,31,34,259,12197,7097,5100,1148,2335,9862,7.50682495695663,7.86602775820769,7.00696960784314,6.9665331010453,7.41533062098501,7.52848783208274,39
"42",2012,7,7.48544802867383,279,7.80643274853801,6.97722222222222,6.68181818181818,7.18378378378378,7.53157024793388,171,108,22,37,242,12476,7268,5208,1170,2372,10104,7.50634690605964,7.86462561915245,7.0063527265745,6.96117948717949,7.41171880269815,7.52856165874901,40
"43",2012,8,7.47874912891986,287,7.82405696202532,7.05581395348837,6.96111111111111,7.17575757575758,7.51811417322835,158,129,18,33,254,12763,7426,5337,1188,2405,10358,7.50572631826373,7.86376245623485,7.00754824807945,6.96117845117845,7.40848108108108,7.52830546437536,41
"44",2012,9,7.51863117870722,263,7.82133333333333,7.11681415929204,6.94,6.95121951219512,7.62342342342342,150,113,25,41,222,13026,7576,5450,1213,2446,10580,7.50598687240903,7.86292238648363,7.00981376146789,6.96074196207749,7.40081643499591,7.53030132325142,42
"45",2012,10,7.3480303030303,330,7.73106060606061,6.77348484848485,6.62857142857143,7.25892857142857,7.36624087591241,198,132,35,56,274,13356,7774,5582,1248,2502,10854,7.5020840820605,7.85956393105222,7.00422518810462,6.95142628205128,7.39764068745004,7.5261597567717,43
"46",2012,11,7.41126649076517,379,7.77223684210526,6.86622516556291,6.85526315789474,7.41044776119403,7.41144230769231,228,151,38,67,312,13735,8002,5733,1286,2569,11166,7.49957808518384,7.85707573106723,7.00059044130473,6.94858475894246,7.3979746983262,7.52295432563138,44
"47",2012,12,7.41942257217848,381,7.84893617021277,6.72808219178082,6.37674418604651,7.37042253521127,7.43064516129032,235,146,43,71,310,14116,8237,5879,1329,2640,11476,7.49741463587419,7.85684351098701,6.99382292906957,6.93008276899925,7.39723371212121,7.52046078773092,45
"48",2013,1,7.42984031936128,501,7.72786885245902,6.96607142857143,6.81111111111111,7.1015873015873,7.47705479452055,305,196,45,63,438,14617,8542,6075,1374,2703,11914,7.49509851542724,7.85223835167408,6.99292757201646,6.92618631732169,7.39034295227525,7.5188650327346,46
"49",2013,2,7.28089552238806,335,7.64171122994652,6.825,6.36315789473684,7.02894736842105,7.33255395683453,187,148,38,57,278,14952,8729,6223,1412,2760,12192,7.49029929106474,7.84772826211479,6.98893379399004,6.91103399433428,7.38287934782609,7.51461679790026,47
"50",2013,3,7.32312250712251,351,7.75575,6.7501059602649,7.10857142857143,6.76752173913043,7.40691803278689,200,151,35,46,305,15303,8929,6374,1447,2806,12497,7.48646481082141,7.8456680479337,6.98327596485723,6.91581202487906,7.37279151817534,7.51198831719613,48
"51",2013,4,7.39813455657492,327,7.62290322580645,6.95472727272727,6.74441176470588,7.32263157894737,7.40806228373702,217,110,34,38,289,15630,9146,6484,1481,2844,12786,7.48461682661549,7.84038268095342,6.98279164096237,6.91187711006077,7.37212130801688,7.50963929297669,49
"52",2013,5,7.34092307692308,325,7.72434554973822,6.79440298507463,6.67105263157895,7.05,7.39257246376812,191,134,38,49,276,15955,9337,6618,1519,2893,13062,7.48168981510498,7.83800899646567,6.97897718343911,6.90585253456221,7.36666539923954,7.50716567141326,50
"53",2013,6,7.30478547854785,303,7.67837078651685,6.7728,6.58571428571429,6.925,7.38346613545817,178,125,28,52,251,16258,9515,6743,1547,2945,13313,7.47839285274942,7.83502259590121,6.97515512383212,6.900058177117,7.35886689303905,7.50483347104334,51
"54",2013,7,7.37131842105263,380,7.68632905982906,6.86643835616438,6.65,7.15492156862745,7.4048632218845,234,146,36,51,329,16638,9749,6889,1583,2996,13642,7.47594734944104,7.83145358498307,6.97285106691827,6.89437144662034,7.35539519359146,7.50242251869227,52
"55",2013,8,7.39778645833333,384,7.76941964285714,6.8775,6.61372549019608,7.11818181818182,7.44452887537994,224,160,51,55,329,17022,9973,7049,1634,3051,13971,7.47418411467513,7.83006026270931,6.97068676408001,6.88561199510404,7.35111897738447,7.50105919404481,53
"56",2013,9,7.30563025210084,357,7.78058510638298,6.77727810650888,6.259,6.96976744186046,7.35162420382166,188,169,40,43,314,17379,10161,7218,1674,3094,14285,7.47072167558548,7.82914486763114,6.96615835411471,6.87063918757467,7.34581900452489,7.49777444872244,54
"57",2013,10,7.41177650429799,349,7.66405529953917,6.99704545454545,6.77522727272727,7.23576923076923,7.44259259259259,217,132,44,52,297,17728,10378,7350,1718,3146,14582,7.46956125902527,7.82569290807477,6.96671306122449,6.86819557625145,7.344,7.49665052804828,55
"58",2013,11,7.24994884910486,391,7.54484978540773,6.81506329113924,6.39244897959184,7.19454545454545,7.25901785714286,233,158,49,55,336,18119,10611,7508,1767,3201,14918,7.46482212042608,7.81952605786448,6.96352171017581,6.85500282965478,7.3414320524836,7.4912982973589,56
"59",2013,12,7.35055066079295,454,7.64539007092199,6.8671511627907,6.68818181818182,7.56865671641791,7.31279069767442,282,172,55,67,387,18573,10893,7680,1822,3268,15305,7.46202885909654,7.81501799320665,6.96136341145833,6.84996706915477,7.3460905752754,7.48678458020255,57
"60",2014,1,7.27036518771331,586,7.56584444444444,6.79969026548673,6.69836065573771,7.08538461538462,7.293443378119,360,226,61,65,521,19159,11253,7906,1883,3333,15826,7.45616660577275,7.80704656536035,6.95674184163926,6.84505576208178,7.34100630063006,7.48041968911917,58
"61",2014,2,7.3871875,480,7.7347602739726,6.84734042553191,6.73583333333333,7.33513513513514,7.39667487684729,292,188,60,74,406,19639,11545,8094,1943,3407,16232,7.45448067620551,7.80521827631009,6.95420076599951,6.84168296448791,7.34087877898444,7.47832503696402,59
"62",2014,3,7.31649214659686,382,7.70203619909502,6.78726708074534,6.41346153846154,7.25357142857143,7.32730061349693,221,161,26,56,326,20021,11766,8255,1969,3463,16558,7.45184785974727,7.80328021417644,6.95094500302847,6.83602844083291,7.3394669361825,7.47535161251359,60
"63",2014,4,7.35831549295775,355,7.64057077625571,6.90380147058824,6.66666666666667,7.31511111111111,7.36458709677419,219,136,36,45,310,20376,11985,8391,2005,3508,16868,7.45021829603455,7.80030705047977,6.95018090811584,6.83298753117207,7.33915450399088,7.47331598292625,61
"64",2014,5,7.30895953757225,346,7.77107843137255,6.64507042253521,6.64545454545455,7.46486486486486,7.29029126213592,204,142,44,37,309,20722,12189,8533,2049,3545,17177,7.4478596660554,7.79981786857002,6.94510348060471,6.82896046852123,7.34046657263752,7.47002351982302,62
"65",2014,6,7.25542586750789,317,7.66142105263158,6.64803149606299,6.65384615384615,7.13396226415094,7.27981060606061,190,127,39,53,264,21039,12379,8660,2088,3598,17441,7.44496021674034,7.79769367477179,6.94074688221709,6.82568965517241,7.33742468037799,7.46714431511955,63
"66",2014,7,7.29504249291785,353,7.60990566037736,6.82163120567376,6.80882352941176,7.05128205128205,7.32531847133758,212,141,34,39,314,21392,12591,8801,2122,3637,17755,7.4424863500374,7.7945318084346,6.93883854107488,6.82541941564562,7.33435633764091,7.46463610250634,64
"67",2014,8,7.26918114143921,403,7.69316239316239,6.68213017751479,6.61190476190476,7.02071428571429,7.32141141141141,234,169,42,70,333,21795,12825,8970,2164,3707,18088,7.43928185363616,7.79268226120858,6.93400200668896,6.82127541589649,7.32843377394119,7.46199933657674,65
"68",2014,9,7.2529490616622,373,7.71131221719457,6.58651315789474,6.39027777777778,7.07636363636364,7.28349056603774,221,152,36,55,318,22168,13046,9122,2200,3762,18406,7.43614660772285,7.79130384792273,6.92821179565885,6.81422272727273,7.3247485380117,7.45891524502879,66
"69",2014,10,7.18870967741935,403,7.60592105263158,6.64514285714286,6.76578947368421,7.45,7.14120234604106,228,175,38,62,341,22571,13274,9297,2238,3824,18747,7.43172867839263,7.78811963236402,6.92288351080994,6.81340035746202,7.32677928870293,7.45313618178909,67
"70",2014,11,7.23966911764706,408,7.58102941176471,6.76176470588235,6.77209302325581,7.21198113207547,7.24380281690141,238,170,43,53,355,22979,13512,9467,2281,3877,19102,7.42831859523913,7.78447195085849,6.91999028203232,6.81262165716791,7.32520995615166,7.44924583813213,68
"71",2014,12,7.22015217391304,460,7.60581818181818,6.64686486486486,6.4734693877551,7.23818181818182,7.2177037037037,275,185,49,55,405,23439,13787,9652,2330,3932,19507,7.42423324373907,7.78090846449554,6.91475528387899,6.80548927038627,7.32399262461852,7.44443861178039,69
"72",2015,1,7.31048,625,7.62917771883289,6.82600806451613,6.78805970149254,7.23142857142857,7.32045045045045,377,248,67,70,555,24064,14164,9900,2397,4002,20062,7.42127879820479,7.77686988138944,6.91253212121212,6.80500208594076,7.32237356321839,7.44100857342239,70
"73",2015,2,7.30991379310345,464,7.6993031358885,6.67853107344633,6.70135135135135,7.37666666666667,7.3,287,177,37,60,404,24528,14451,10077,2434,4062,20466,7.4191720890411,7.77532938896962,6.90842195097748,6.80342645850452,7.32317552929591,7.43822505619076,71
"74",2015,3,7.24824833702882,451,7.622030651341,6.73478947368421,6.45108695652174,6.99166666666667,7.28762148337596,261,190,46,60,391,24979,14712,10267,2480,4122,20857,7.4160860322671,7.77260977433388,6.90520872698939,6.79689112903226,7.3183500727802,7.43540173562833,72
"75",2015,4,7.24463007159905,419,7.56897233201581,6.75030120481928,6.675,7.18947368421053,7.25331491712707,253,166,42,57,362,25398,14965,10433,2522,4179,21219,7.41325746121742,7.76916705646508,6.90274398543085,6.79486122125297,7.31659224694903,7.43229530138084,73
"76",2015,5,7.15645161290323,341,7.53711340206186,6.65408163265306,6.96621621621622,6.70952380952381,7.21923076923077,194,147,37,42,299,25739,15159,10580,2559,4221,21518,7.40985520027973,7.76619730852959,6.89928903591683,6.7973388042204,7.3105517649846,7.42933469653314,74
"77",2015,6,7.30380281690141,355,7.64193548387097,6.77210144927536,6.7,7.03260869565217,7.34417475728155,217,138,40,46,309,26094,15376,10718,2599,4267,21827,7.40841239365371,7.76444361342352,6.89765142750513,6.7958407079646,7.30755542535739,7.42812910615293,75
"78",2015,7,7.18016304347826,368,7.5,6.69383561643836,6.33333333333333,6.81272727272727,7.24472843450479,222,146,51,55,313,26462,15598,10864,2650,4322,22140,7.40523819061295,7.76067989485831,6.89491237113402,6.78693962264151,7.30125844516428,7.42553631436314,76
"79",2015,8,7.16404109589041,438,7.46291512915129,6.67904191616767,6.55083333333333,6.76339285714286,7.22277486910995,271,167,60,56,382,26900,15869,11031,2710,4378,22522,7.40131089219331,7.75559487050224,6.89164427522437,6.78171217712177,7.29437848332572,7.42209723825593,77
"80",2015,9,7.13438692098093,367,7.509745,6.68485628742515,6.41,6.9320612244898,7.16556289308176,200,167,45,49,318,27267,16069,11198,2755,4427,22840,7.39771823082847,7.75253494305806,6.88856036792285,6.77564065335753,7.29036819516603,7.41852552539405,78
"81",2015,10,7.24405275779376,417,7.63936507936508,6.64030303030303,6.53333333333333,6.88338983050847,7.30349162011173,252,165,51,59,358,27684,16321,11363,2806,4486,23198,7.3954035905216,7.75078757429079,6.88495546950629,6.77123663578047,7.28501560410165,7.41675028019657,79
"82",2015,11,7.2640243902439,492,7.60635738831615,6.768407960199,6.79035087719298,7.19551282051282,7.27693236714976,291,201,57,78,414,28176,16612,11564,2863,4564,23612,7.39310949034639,7.74825752468095,6.88292969560706,6.77161718477122,7.28348597721297,7.41429878875148,80
"83",2015,12,7.26792792792793,555,7.53819241982507,6.83066037735849,6.46458333333333,7.33589743589744,7.25681341719078,343,212,48,78,477,28731,16955,11776,2911,4642,24089,7.39069134384463,7.74400790327337,6.88198870584239,6.76655444864308,7.28436665230504,7.41118033127154,81
"84",2016,1,7.19083827893175,674,7.51226744186047,6.62438524590164,6.59772727272727,7.07037037037037,7.2072934232715,430,244,66,81,593,29405,17385,12020,2977,4723,24682,7.3861104574052,7.73827604256543,6.87675948419301,6.76281155525697,7.28069659114969,7.4062818248116,82
"85",2016,2,7.15344,475,7.57388679245283,6.62287619047619,6.27990163934426,7.07,7.16217209302326,265,210,61,45,430,29880,17650,12230,3038,4768,25112,7.38241171352075,7.73580787535411,6.87240008176615,6.75311520737327,7.27870805369127,7.40210186365084,83
"86",2016,3,7.26441441441441,444,7.586328125,6.82606382978723,6.53275862068966,7.00288461538462,7.29910714285714,256,188,58,52,392,30324,17906,12418,3096,4820,25504,7.38068401266324,7.73367078074388,6.87169858270253,6.74898708010336,7.27573236514523,7.40051882057716,84
"87",2016,4,7.24939024390244,492,7.57247557003257,6.71324324324324,6.38076923076923,6.93269230769231,7.28681818181818,307,185,52,52,440,30816,18213,12603,3148,4872,25944,7.37858781152648,7.730953659474,6.86937260969611,6.74290470139771,7.2720710180624,7.39859050262103,85
"88",2016,5,7.20146,500,7.63895765472313,6.50554404145078,6.435,7.20833333333333,7.20052272727273,307,193,50,60,440,31316,18520,12796,3198,4932,26384,7.37575973943032,7.72942867170626,6.86388504220069,6.73809068167605,7.27129562043795,7.39528737113402,86
"89",2016,6,7.1838961038961,385,7.51279069767442,6.76794117647059,6.7,6.89024390243902,7.21889534883721,215,170,44,41,344,31701,18735,12966,3242,4973,26728,7.3734296078988,7.72694256738724,6.86262710165047,6.73757371992597,7.26815403177156,7.39301713558815,87
"90",2016,7,7.17559782608696,460,7.59420955882353,6.56994680851064,6.32131147540984,7.23888888888889,7.16717980295566,272,188,61,54,406,32161,19007,13154,3303,5027,27134,7.37060001243742,7.72504308938812,6.85844404743804,6.72988616409325,7.26783966580465,7.38963798186777,88
"91",2016,8,7.04261261261261,555,7.37276785714286,6.53607305936073,6.59393939393939,7.08676470588235,7.0364476386037,336,219,66,68,487,32716,19343,13373,3369,5095,27621,7.36503597628072,7.71892384842062,6.85316480969117,6.72722291481152,7.26542296368989,7.3834107020021,89
"92",2016,9,7.1054,500,7.45048859934853,6.55647668393782,6.16507936507937,6.84666666666667,7.14068181818182,307,193,63,60,440,33216,19650,13566,3432,5155,28061,7.3611276794316,7.71472997455471,6.84894390387734,6.71690384615385,7.26054898157129,7.37960468265564,90
"93",2016,10,7.19619417475728,515,7.57198675496689,6.66338028169014,6.72916666666667,7.17066666666667,7.19956043956044,302,213,48,60,455,33731,19952,13779,3480,5215,28516,7.35860949868074,7.71256936647955,6.84607540460121,6.71707298850575,7.25951486097795,7.3767319048955,91
"94",2016,11,7.23290830449827,578,7.56077380952381,6.77769008264463,6.89287142857143,7.199375,7.23829518072289,336,242,70,80,498,34309,20288,14021,3550,5295,29014,7.35649182430266,7.7100554022082,6.84489508594252,6.72053943661972,7.25860623229462,7.37435575928862,92
"95",2016,12,7.22856887298748,559,7.54926686217009,6.72692660550459,6.58171428571429,7.05305555555556,7.25451745379877,341,218,70,72,487,34868,20629,14239,3620,5367,29501,7.35444097740048,7.70739754714237,6.84308898096777,6.71785497237569,7.25584870504937,7.37237747872953,93
"96",2017,1,7.21435092724679,701,7.51323851203501,6.65454918032787,6.58243243243243,7.25641025641026,7.20908507223114,457,244,74,78,623,35569,21086,14483,3694,5445,30124,7.35168005847789,7.70318950962724,6.83991258717117,6.71514212236058,7.25585674931129,7.36900039835347,94
"97",2017,2,7.24759532374101,556,7.57879479768786,6.70190476190476,6.50588235294118,7.03620689655172,7.27221485943775,346,210,51,58,498,36125,21432,14693,3745,5503,30622,7.3500780899654,7.70118127099664,6.8379401075342,6.71229238985314,7.2535417045248,7.3674263927895,95
"98",2017,3,7.23976155268022,541,7.55293577981651,6.76121962616822,6.65241935483871,7.34216666666667,7.22698752598753,327,214,62,60,481,36666,21759,14907,3807,5563,31103,7.34845039000709,7.69895339859368,6.83683873348092,6.71131731021802,7.25449757325184,7.36525454136257,96
"99",2017,4,7.13831119544592,527,7.44104938271605,6.65512315270936,6.66648148148148,6.79855072463768,7.18949781659389,324,203,54,69,458,37193,22083,15110,3861,5632,31561,7.34547285779582,7.69516945161436,6.83439741892786,6.71069023569024,7.24891157670454,7.36270403345902,97
"100",2017,5,7.14606525911708,521,7.50660436137072,6.5674,6.55185185185185,6.8397619047619,7.17292275574113,321,200,54,42,479,37714,22404,15310,3915,5674,32040,7.34271814180411,7.69246772897697,6.83090953625082,6.7084993614304,7.24588297497356,7.35986679151061,98
"101",2017,6,7.13754677754678,481,7.53534545454545,6.60650485436893,6.60531914893617,7.05925925925926,7.14744730679157,275,206,47,54,427,38195,22679,15516,3962,5728,32467,7.34013436313654,7.69056250275585,6.82793020108276,6.70727536597678,7.24412360335195,7.35707308959867,99
"102",2017,7,7.24226611226611,481,7.55961267605634,6.78477157360406,6.68684210526316,6.93818181818182,7.28152582159624,284,197,57,55,426,38676,22963,15713,4019,5783,32893,7.33891720963905,7.68894295170491,6.8273891045631,6.70698556854939,7.2412139028186,7.35609467059861,100
"103",2017,8,7.15487229862475,509,7.46095394736842,6.7009756097561,6.46833333333333,7.07166666666667,7.16599109131403,304,205,60,60,449,39185,23267,15918,4079,5843,33342,7.33652652800817,7.685964112262,6.82576108807639,6.70347511645011,7.23947287352387,7.35353464099334,101
"104",2017,9,7.17691630901288,466,7.47043772241993,6.73108108108108,6.49736842105263,7.1622641509434,7.17879661016949,281,185,57,53,413,39651,23548,16103,4136,5896,33755,7.33465070237825,7.68339222014608,6.82467335279141,6.70063467117988,7.23877883310719,7.35139668197304,102
"105",2017,10,7.1261329588015,534,7.49362068965517,6.58088372093023,6.44981481481481,6.86879310344828,7.15748949579832,319,215,54,58,476,40185,23867,16318,4190,5954,34231,7.33187980589773,7.68085578413709,6.82146126976345,6.69740214797136,7.23517467248908,7.34870030089685,103
"106",2017,11,7.0447619047619,567,7.44586102719033,6.48220338983051,6.28,6.59586206896552,7.09591355599214,331,236,60,58,509,40752,24198,16554,4250,6012,34740,7.32788501177856,7.67764133399454,6.81662468285611,6.69150941176471,7.22900698602794,7.34499654576857,104
"107",2017,12,7.15679263565892,516,7.45193811074919,6.72325358851675,6.42682926829268,7.22,7.15001072961373,307,209,41,50,466,41268,24505,16763,4291,6062,35206,7.32574573519434,7.67481371148745,6.81546053808984,6.68898042414356,7.22893269548004,7.34241563937965,105
"108",2018,1,7.19416120576671,763,7.49507216494845,6.66919064748201,6.45822784810127,7.16824324324324,7.19694484760523,485,278,79,74,689,42031,24990,17041,4370,6136,35895,7.32335704598987,7.67132533013205,6.81307435009683,6.68480892448513,7.22820078226858,7.3396233458699,106
"109",2018,2,7.0999609375,512,7.40983050847458,6.67870967741935,6.29,6.52244897959184,7.16107991360691,295,217,50,49,463,42543,25285,17258,4420,6185,36358,7.32066850010578,7.66827447103025,6.81138486499015,6.680342760181,7.22260953920776,7.33734968920183,107
"110",2018,3,7.08557312252964,506,7.39747663551402,6.54437837837838,6.34473684210526,7.08269230769231,7.08590308370044,321,185,38,52,454,43049,25606,17443,4458,6237,36812,7.31790517782063,7.66487971569163,6.80855300120392,6.67748205473306,7.221443001443,7.3342486145822,108
"111",2018,4,7.15572368421053,456,7.51257950530035,6.57196531791908,6.5046511627907,7.40869565217391,7.12734146341463,283,173,43,46,410,43505,25889,17616,4501,6283,37222,7.31620526376279,7.66321487890609,6.8062295640327,6.67583092646079,7.22281394238421,7.33196953414647,109
"112",2018,5,7.08706815270936,406,7.53092869767442,6.58743455497382,6.49615384615385,7.36297872340426,7.05094615598886,215,191,52,47,359,43911,26104,17807,4553,6330,37581,7.31408666780534,7.662125332133,6.80388274274162,6.67377882714694,7.22385466034755,7.32928500226178,110
"113",2018,6,7.05121126760563,355,7.47794392523365,6.40354609929078,6.23235294117647,7.16444444444444,7.04189024390244,214,141,34,27,328,44266,26318,17948,4587,6357,37909,7.31197848619708,7.66062769473364,6.80073768665032,6.67050686723349,7.2236023281422,7.32679837690258,111
"114",2018,7,7.11096974554707,393,7.53979106837607,6.47987421383648,6.11794871794872,7.06595744680851,7.11708413294798,234,159,39,47,346,44659,26552,18107,4626,6404,38255,7.31020960567859,7.65956277417897,6.79792014138179,6.66584846519671,7.22244534665834,7.32490160188211,112
"115",2018,8,7.2544915625,448,7.5657480866426,6.75029239766082,6.668,6.875,7.28565753623188,277,171,50,34,414,45107,26829,18278,4676,6438,38669,7.30965621743854,7.65859417048716,6.79747455957982,6.66587147134303,7.22061043802423,7.32448144508521,113
"116",2018,9,7.155231484375,384,7.67943930555556,6.48125,6.34888888888889,6.57894736842105,7.21852280346821,216,168,45,38,346,45491,27045,18446,4721,6476,39015,7.30835268272845,7.65876065409502,6.79459449203079,6.66285003177293,7.21684527486102,7.32354176316801,114
"117",2018,10,7.15533333333333,435,7.39742049469965,6.70460526315789,6.38414634146341,7.27596153846154,7.13895561357702,283,152,41,52,383,45926,27328,18598,4762,6528,39398,7.30690332034142,7.65605429925351,6.79385901709861,6.66045044099118,7.21731617647059,7.32174734478907,115
"118",2018,11,7.0539262472885,461,7.4396138996139,6.55940594059406,6.26153846153846,6.69181818181818,7.1029802955665,259,202,52,55,406,46387,27587,18800,4814,6583,39804,7.30438920150042,7.65402225287273,6.79133989361702,6.65614146240133,7.21292571775786,7.31951592528389,116
"119",2018,12,7.046230248307,443,7.39868725868726,6.55010869565217,6.45857142857143,7.32613636363636,7.0153634085213,259,184,70,44,399,46830,27846,18984,4884,6627,40203,7.30194708285287,7.65164734216763,6.78900179098188,6.65330978705979,7.21367738041346,7.31649732333408,117
"120",2019,1,7.09970906200318,629,7.45084832904884,6.53057083333333,6.15826153846154,7.20168571428571,7.08693917710197,389,240,65,70,559,47459,28235,19224,4949,6697,40762,7.2992667121094,7.64888088861342,6.78577543695381,6.64680783996767,7.21355203822607,7.31334921961631,118
"121",2019,2,7.09545861297539,447,7.42812949640288,6.54822485207101,6.25777777777778,6.83589743589744,7.12026960784314,278,169,45,39,408,47906,28513,19393,4994,6736,41170,7.29736502504906,7.6467285760881,6.78370530603826,6.6433023628354,7.21136549881235,7.31143577580763,119
"122",2019,3,7.03133640552995,434,7.39846153846154,6.48275862068965,6.03875,6.85820512820513,7.04843037974684,260,174,40,39,395,48340,28773,19567,5034,6775,41565,7.29497660095159,7.6444851732527,6.78102913067921,6.6384986094557,7.20933254612546,7.30893638614219,120
"123",2019,4,7.19378313672922,373,7.54616566964286,6.66402684563758,6.79545454545455,6.89575,7.22958291291291,224,149,44,40,333,48713,28997,19716,5078,6815,41898,7.29420175312545,7.6437256612753,6.78014490768919,6.63985860575029,7.2074920029347,7.30830569478257,121
"124",2019,5,7.12404371584699,366,7.61333333333333,6.44287581699346,6.23181818181818,7.03111111111111,7.13707165109034,213,153,44,45,321,49079,29210,19869,5122,6860,42219,7.29293282259215,7.64350403971242,6.77754778801148,6.63635337758688,7.20633498542274,7.30700376607688,122
"125",2019,6,7.1595225464191,377,7.4990625,6.6624183006536,6.63684210526316,6.71875,7.20040579710145,224,153,38,32,345,49456,29434,20022,5160,6892,42564,7.29191584438693,7.6424048039682,6.7766680151833,6.63635697674418,7.20407109692397,7.3061397425054,123
"126",2019,7,7.12784829949239,394,7.37415848101266,6.75602974522293,6.64083340909091,7.01369565217391,7.14293744252874,237,157,44,46,348,49850,29671,20179,5204,6938,42912,7.29061910190572,7.6402621603586,6.77650744189504,6.63639482513451,7.20280887863937,7.30481623392058,124
"127",2019,8,7.0633611691023,479,7.35143344709898,6.60956989247312,6.27025641025641,6.9125,7.07710706150342,293,186,39,40,439,50329,29964,20365,5243,6978,43351,7.28845620278567,7.63743787745294,6.77498274834275,6.63367130841121,7.20114474061335,7.3025103049526,125
"128",2019,9,7.09107959810875,423,7.43033613445378,6.65463064864865,6.15888888888889,7.27166666666667,7.06796445333333,238,185,45,48,375,50752,30202,20550,5288,7026,43726,7.2868111384773,7.63580585921462,6.77389928661801,6.62963098903177,7.20162653003131,7.30049880848923,126
"129",2019,10,7.09059527980535,411,7.35676570281124,6.68148148148148,6.6195652173913,7.060325,7.09385892183288,249,162,46,40,371,51163,30451,20712,5334,7066,44097,7.2852349072572,7.63352412794325,6.77317643588258,6.62954418260217,7.20082663458817,7.29876029117627,127
"130",2019,11,7.16662796714579,487,7.49528195652174,6.73672985781991,6.69537037037037,7.50454545454545,7.13306505643341,276,211,54,44,443,51650,30727,20923,5388,7110,44540,7.28411658044531,7.63228239138217,6.77280888687091,6.63020391054194,7.20270618846695,7.29711226717557,128
"131",2019,12,7.08635231316726,562,7.38045845272206,6.60446009389671,6.56666666666667,7.0287037037037,7.09248031496063,349,213,45,54,508,52212,31076,21136,5433,7164,45048,7.28198788362829,7.62945427468142,6.77111233629826,6.62967764954905,7.20139461194863,7.29480466125022,129
"132",2020,1,7.07285758575198,758,7.39613815217391,6.57383389261745,6.26923076923077,7.16959459459459,7.06239188596491,460,298,65,74,684,52970,31536,21434,5498,7238,45732,7.27899523182934,7.62605100805428,6.76836954558179,6.62541627319025,7.20106949433545,7.29132853210006,130
"133",2020,2,7.0387319330855,538,7.46647853035144,6.44368888888889,6.42962962962963,6.94,7.05112506276151,313,225,54,60,478,53508,31849,21659,5552,7298,46210,7.27657948736638,7.62448278972652,6.76499666835958,6.6235120082853,7.19892312962455,7.28884384786843,131
"134",2020,3,7.11465968220339,472,7.33133112280702,6.7844385026738,6.69117647058824,7.23478260869565,7.10168866197183,285,187,51,46,426,53980,32134,21846,5603,7344,46636,7.27516366394961,7.62188279517022,6.765163088895,6.62412790826343,7.19914773965141,7.28713426494553,132
"135",2020,4,7.1256720979021,429,7.30211778195489,6.83773006134969,6.64634146341463,7.4,7.09977890306122,266,163,41,37,392,54409,32400,22009,5644,7381,47028,7.27398496406845,7.61925756388889,6.76570052433096,6.62428927533664,7.20015458609944,7.28557257187208,133
"136",2020,5,7.0995814573991,446,7.45844782442748,6.58858695652174,6.56238089285714,7.0765306122449,7.10242652392947,262,184,56,49,397,54855,32662,22193,5700,7430,47425,7.27256697183484,7.61796761986406,6.7642320930023,6.62368105263158,7.19933930013459,7.28403943574064,134
"137",2020,6,7.05535802469136,405,7.34486988847584,6.48272058823529,6.06551724137931,7.27272727272727,7.02886426592798,269,136,29,44,361,55260,32931,22329,5729,7474,47786,7.27097504958379,7.61573679511706,6.76251748130234,6.62085564670972,7.19977134064758,7.2821117113799,135
"138",2020,7,7.03362162162162,370,7.42234782608696,6.395,6.38,6.85116279069767,7.05761467889908,230,140,35,43,327,55630,33161,22469,5764,7517,48113,7.26939639115585,7.61439547661409,6.76022755084784,6.61939312977099,7.19777717174405,7.28058591731964,136
"139",2020,8,7.12741071428571,448,7.47047101449275,6.57691860465116,6.37045454545455,7.19204545454545,7.12037128712871,276,172,44,44,404,56078,33437,22641,5808,7561,48517,7.26826208566639,7.61320747674731,6.75883498255378,6.61750723140496,7.19774381695543,7.27925181359111,137
"140",2020,9,7.13704491725768,423,7.51937007874016,6.56242603550296,6.20952380952381,6.96627906976744,7.15636842105263,254,169,42,43,380,56501,33691,22810,5850,7604,48897,7.26727971611122,7.61250002671336,6.75737978255151,6.61457811965812,7.1964349026828,7.27829683293454,138
"141",2020,10,7.07940074157303,445,7.38888888888889,6.60190474285714,6.25581395348837,7.09,7.07835390123457,270,175,43,40,405,56946,33961,22985,5893,7644,49302,7.26581155076739,7.61072225199493,6.75619604829237,6.61196029187171,7.19587794348509,7.27665436635431,139
"142",2020,11,7.11174074074074,540,7.38586585585586,6.67075685990338,6.64545454545455,7.36923076923077,7.09169660678643,333,207,44,39,501,57486,34294,23192,5937,7683,49803,7.26436427251853,7.60853886190004,6.75543346153846,6.61220852282297,7.19675790706755,7.27479375880971,140
"143",2020,12,7.13222467771639,543,7.41715384615385,6.66243902439024,6.3864406779661,6.885375,7.15616161616162,338,205,59,48,495,58029,34632,23397,5996,7731,50298,7.26312779075979,7.60667099012474,6.75461866222165,6.60998699132755,7.19482460225068,7.27362625889697,141
"144",2021,1,7.176904,625,7.51260256410256,6.61978723404255,6.6008064516129,7.12483050847458,7.18233215547703,390,235,62,59,566,58654,35022,23632,6058,7790,50864,7.26220901507144,7.60562345754097,6.75327787914692,6.60989303400462,7.19429448010269,7.27261036430481,142
"145",2021,2,7.0889803164557,474,7.37748810714286,6.67257731958763,6.4643137254902,7.140625,7.0831611971831,280,194,51,48,426,59128,35302,23826,6109,7838,51290,7.26082032607225,7.60381398787604,6.7526207856963,6.60867768865608,7.19396580760398,7.27103685396763,143
"146",2021,3,7.03169442857143,420,7.39984905511811,6.4683734939759,6.21785714285714,7.32186046511628,6.99859856763926,254,166,42,43,377,59548,35556,23992,6151,7881,51667,7.25920427050447,7.60235693160085,6.75065408636212,6.6060091042107,7.19466362136784,7.26904894613583,144
"147",2021,4,7.06056179775281,356,7.28737556561086,6.68925925925926,6.58333333333333,7.34027777777778,7.02909375,221,135,27,36,320,59904,35777,24127,6178,7917,51987,7.25802376969818,7.60041124353635,6.75031055829569,6.60591000323729,7.19532575470506,7.26757192952084,145
"148",2021,5,6.98787542424242,330,7.24426505208333,6.63115942028985,6.51315789473684,6.73428571428571,7.01796233898305,192,138,38,35,295,60234,35969,24265,6216,7952,52282,7.25654372596872,7.5985101601379,6.74963292149186,6.60534298584299,7.19329652917505,7.26616351306377,146
"149",2021,6,7.0059850798722,313,7.37635699453552,6.48461538461538,6.19512195121951,7.21176470588235,6.98090799283154,183,130,41,34,279,60547,36152,24395,6257,7986,52561,7.25524845359803,7.59738562956406,6.74822065341259,6.60265494645997,7.19337515652391,7.26464934304903,147
"150",2021,7,6.90936781609195,348,7.25560606060606,6.45233333333333,6.01818181818182,7.1537037037037,6.88881619937695,198,150,33,27,321,60895,36350,24545,6290,8013,52882,7.25327183052796,7.59552394167813,6.7464124196374,6.59958855325914,7.19324148259079,7.26236799137703,148
"151",2021,8,7.08098930481283,374,7.39284444444444,6.61006711409396,6.31529411764706,7.04933333333333,7.08375,225,149,34,30,344,61269,36575,24694,6324,8043,53226,7.25222017855686,7.59427710950102,6.74558973191869,6.59806008855155,7.19270471217207,7.26121358208394,149
"152",2021,9,7.18736797402597,385,7.49496230769231,6.77286585365854,6.34722222222222,7.12745098039216,7.1965169760479,221,164,36,51,334,61654,36796,24858,6360,8094,53560,7.25181520728582,7.59368061609957,6.74576968541315,6.59664025157233,7.19229355077835,7.26081013424197,150
"153",2021,10,6.8912741576087,368,7.23037212264151,6.43044871794872,5.89479166666667,6.96911111111111,6.88043,212,156,48,45,323,62022,37008,25014,6408,8139,53883,7.24967598078101,7.59159940661478,6.74380318381706,6.5913829588015,7.19105958963017,7.25852995712934,151
"154",2021,11,6.9975355450237,422,7.3555737704918,6.50674157303371,6.42272727272727,7.1875,6.98194871794872,244,178,33,32,390,62444,37252,25192,6441,8171,54273,7.24797200179361,7.59005344249973,6.74212816926008,6.59051886353051,7.19104564924734,7.25654247378991,152
"155",2021,12,6.89760472566372,565,7.23036345794393,6.45983606557377,6.05089552238806,6.36403846153846,6.95168941520468,321,244,67,52,513,63009,37573,25436,6508,8223,54786,7.24483026789824,7.58698047826897,6.73942022487813,6.58496342962508,7.1858158822814,7.25368791935896,153
"156",2022,1,6.97105091264668,767,7.2408788961039,6.56232786885246,6.23842105263158,6.96307692307692,6.97178924501424,462,305,76,65,702,63776,38035,25741,6584,8288,55488,7.2415376693427,7.58277648376495,6.73732189270036,6.58096324422843,7.18406901544401,7.25012151095732,154
"157",2022,2,6.9692074,450,7.2499751119403,6.55576923076923,6.27608695652174,7.13642857142857,6.95199345588235,268,182,46,42,408,64226,38303,25923,6630,8330,55896,7.23962958505901,7.58044792548886,6.73604724916098,6.57884796380091,7.18382881152461,7.247945393767,155
"158",2022,3,7.04611083116883,385,7.44493636363636,6.51434345454545,6.52972972972973,7.081125,7.04293674220963,220,165,37,32,353,64611,38523,26088,6667,8362,56249,7.23847645756914,7.57967403603042,6.73464502874885,6.57857537123144,7.18343578091365,7.24665882771249,156
"159",2022,4,7.11420961340206,388,7.37408367965368,6.73184713375796,6.56774193548387,6.94121212121212,7.13029107042254,231,157,31,33,355,64999,38754,26245,6698,8395,56604,7.23773466868721,7.57844857872736,6.73462829148409,6.57852523141236,7.18248362120309,7.24592901084729,157
"160",2022,5,6.98627737226277,411,7.2936546184739,6.51382716049383,6.3551724137931,7.14705882352941,6.97177718832891,249,162,29,34,377,65410,39003,26407,6727,8429,56981,7.23615465112368,7.57663041868574,6.73327373461582,6.57756236063624,7.18234072843754,7.24411515645566,158
"161",2022,6,7.0541061452514,358,7.37723502304147,6.5568085106383,5.9530303030303,6.72619047619048,7.09768987341772,217,141,33,42,316,65768,39220,26548,6760,8471,57297,7.23516369252524,7.57552718561958,6.7323365040681,6.57451360946746,7.1800790933774,7.24330760301586,159
"162",2022,7,6.98385577720207,386,7.16470183486239,6.74918648809524,6.19615384615385,6.66191176470588,7.01495264204545,218,168,26,34,352,66154,39438,26716,6786,8505,57649,7.23369734347129,7.57325628125158,6.73244246294356,6.57306395520189,7.1780076425632,7.24191328661382,160
"163",2022,8,6.9864412470024,417,7.28129113924051,6.59822222222222,6.23085714285714,7.29658536585366,6.95262234042553,237,180,35,41,376,66571,39675,26896,6821,8546,58025,7.23214853404636,7.57151221726528,6.73154420136823,6.571308019352,7.17857652703019,7.24003869125377,161
