"","year","month","avg_rating","no_ratings","avg_rating_owned","avg_rating_not_owned","avg_rating_prev_owned","avg_rating_comment","avg_rating_no_comment","no_ratings_owned","no_ratings_not_owned","no_ratings_prev_owned","no_ratings_comment","no_ratings_no_comment","cum_no_ratings","cum_no_ratings_owned","cum_no_ratings_not_owned","cum_no_ratings_prev_owned","cum_no_ratings_comment","cum_no_ratings_no_comment","cum_avg_rating","cum_avg_rating_owned","cum_avg_rating_not_owned","cum_avg_rating_prev_owned","cum_avg_rating_comment","cum_avg_rating_no_comment","month_after_release"
"1",2009,3,6.95,10,7.16666666666667,6.85714285714286,NA,5.5,7.3125,3,7,0,2,8,10,3,7,0,2,8,6.95,7.16666666666667,6.85714285714286,NA,5.5,7.3125,0
"2",2009,4,6.35625,32,7.6625,5.92083333333333,6.33333333333333,6.1625,6.42083333333333,8,24,3,8,24,42,11,31,3,10,32,6.49761904761905,7.52727272727273,6.13225806451613,6.33333333333333,6.03,6.64375,1
"3",2009,5,6.3390243902439,41,7.24,6.04838709677419,6.75,6.125,6.39090909090909,10,31,6,8,33,83,21,62,9,18,65,6.41927710843373,7.39047619047619,6.09032258064516,6.61111111111111,6.07222222222222,6.51538461538462,2
"4",2009,6,6.42450980392157,51,7.375,6.06486486486487,6.58333333333333,6.19444444444444,6.55,14,37,6,18,33,134,35,99,15,36,98,6.42126865671642,7.38428571428571,6.08080808080808,6.6,6.13333333333333,6.52704081632653,3
"5",2009,7,6.8635593220339,59,7.61666666666667,6.228125,7,6.50833333333333,7.01951219512195,27,32,5,18,41,193,62,131,20,54,139,6.55647668393782,7.48548387096774,6.11679389312977,6.7,6.25833333333333,6.67230215827338,4
"6",2009,8,6.78770491803279,61,7.56739130434783,6.31578947368421,6.35714285714286,6.77894736842105,6.79166666666667,23,38,7,19,42,254,85,169,27,73,181,6.61200787401575,7.50764705882353,6.16153846153846,6.61111111111111,6.39383561643836,6.7,5
"7",2009,9,6.59210526315789,57,7.5,5.97794117647059,6.71428571428571,6.6875,6.54054054054054,23,34,7,20,37,311,108,203,34,93,218,6.60836012861736,7.50601851851852,6.1307881773399,6.63235294117647,6.45698924731183,6.67293577981651,6
"8",2009,10,6.51830985915493,71,7.345,6.19411764705882,6.45833333333333,6.47391304347826,6.53958333333333,20,51,12,23,48,382,128,254,46,116,266,6.59162303664921,7.480859375,6.14350393700787,6.58695652173913,6.46034482758621,6.64887218045113,7
"9",2009,11,6.64,70,7.44444444444444,6.13488372093023,7.11,6.90952380952381,6.52448979591837,27,43,10,21,49,452,155,297,56,137,315,6.59911504424779,7.47451612903226,6.14225589225589,6.68035714285714,6.52919708029197,6.62952380952381,8
"10",2009,12,7.07868852459016,61,7.46551724137931,6.728125,7.09090909090909,7.225,7.00731707317073,29,32,11,20,41,513,184,329,67,157,356,6.65614035087719,7.47309782608696,6.19924012158055,6.74776119402985,6.61783439490446,6.67303370786517,9
"11",2010,1,6.77230769230769,65,7.2375,6.32121212121212,6.34545454545455,6.15,6.99270833333333,32,33,11,17,48,578,216,362,78,174,404,6.66920415224914,7.43819444444444,6.2103591160221,6.69102564102564,6.57212643678161,6.71101485148515,10
"12",2010,2,6.88888888888889,54,7.335,6.62647058823529,6.5,6.96153846153846,6.86585365853659,20,34,7,13,41,632,236,396,85,187,445,6.6879746835443,7.42944915254237,6.24608585858586,6.67529411764706,6.59919786096257,6.72528089887641,11
"13",2010,3,6.67555555555556,45,7.22222222222222,6.31111111111111,8,6.31764705882353,6.89285714285714,18,27,2,17,28,677,254,423,87,204,473,6.68714918759232,7.41476377952756,6.25023640661939,6.70574712643678,6.57573529411765,6.73520084566596,12
"14",2010,4,7.03648648648649,37,7.69444444444444,6.41315789473684,7.09166666666667,7.88333333333333,6.87258064516129,18,19,6,6,31,714,272,442,93,210,504,6.70525210084034,7.43327205882353,6.25723981900452,6.73064516129032,6.61309523809524,6.74365079365079,13
"15",2010,5,7.105,40,7.71363636363636,6.36111111111111,6.4,7.15384615384615,7.08148148148148,22,18,5,13,27,754,294,460,98,223,531,6.72645888594164,7.45425170068027,6.26130434782609,6.71377551020408,6.64461883408072,6.76082862523541,14
"16",2010,6,7.25,42,7.57045454545455,6.8975,6.8125,7.35,7.21875,22,20,8,10,32,796,316,480,106,233,563,6.75408291457286,7.4623417721519,6.2878125,6.72122641509434,6.67489270386266,6.78685612788632,15
"17",2010,7,6.6051282051282,39,7.07058823529412,6.24545454545455,7,6.7,6.57241379310345,17,22,7,10,29,835,333,502,113,243,592,6.74712574850299,7.44234234234234,6.2859561752988,6.73849557522124,6.67592592592593,6.77635135135135,16
"18",2010,8,6.98333333333333,45,7.66666666666667,6.38541666666667,8,6.92307692307692,7.0078125,21,24,4,13,32,880,354,526,117,256,624,6.75920454545455,7.45564971751412,6.29049429657795,6.78162393162393,6.6884765625,6.78822115384615,17
"19",2010,9,6.67093023255814,43,7.57666666666667,6.18571428571429,7.0625,6.54545454545455,6.7140625,15,28,8,11,32,923,369,554,125,267,656,6.75509209100758,7.46056910569106,6.28519855595668,6.7996,6.68258426966292,6.78460365853659,18
"20",2010,10,7.20108695652174,46,7.6695652173913,6.73260869565217,6.8125,7.36363636363636,7.15,23,23,8,11,35,969,392,577,133,278,691,6.77626418988648,7.47283163265306,6.30303292894281,6.80037593984962,6.70953237410072,6.80311143270622,19
"21",2010,11,6.73448275862069,58,7.46538461538462,6.140625,7,6.02142857142857,6.96136363636364,26,32,7,14,44,1027,418,609,140,292,735,6.77390457643622,7.47236842105263,6.29449917898194,6.81035714285714,6.67654109589041,6.81258503401361,20
"22",2010,12,7.03018867924528,53,7.50967741935484,6.35454545454545,6.78,6.54166666666667,7.17317073170732,31,22,10,12,41,1080,449,631,150,304,776,6.78648148148148,7.47494432071269,6.29659270998415,6.80833333333333,6.67121710526316,6.83163659793815,21
"23",2011,1,6.79677419354839,62,7.27083333333333,6.49736842105263,6.75,6.71875,6.82391304347826,24,38,6,16,46,1142,473,669,156,320,822,6.78704028021016,7.46458773784355,6.30799701046338,6.80608974358974,6.67359375,6.83120437956204,22
"24",2011,2,6.66132,50,7.23809523809524,6.24365517241379,5.025,6.81054545454545,6.61923076923077,21,29,4,11,39,1192,494,698,160,331,861,6.78176677852349,7.45495951417004,6.30532378223496,6.7615625,6.67814501510574,6.82160278745645,23
"25",2011,3,6.75714285714286,28,7.08,6.38461538461539,6.5,7.53333333333333,6.54545454545455,15,13,4,6,22,1220,509,711,164,337,883,6.78120163934426,7.44390962671906,6.30677355836849,6.75518292682927,6.69337091988131,6.81472253680634,24
"26",2011,4,7,34,7.59523809523809,6.03846153846154,6.33333333333333,6.35714285714286,7.16666666666667,21,13,3,7,27,1254,530,724,167,344,910,6.78713397129187,7.44990566037736,6.30195580110497,6.74760479041916,6.68652906976744,6.82516483516484,25
"27",2011,5,6.58780487804878,41,7.495,5.72380952380952,6,6.9375,6.5030303030303,20,21,4,8,33,1295,550,745,171,352,943,6.78082316602317,7.45154545454545,6.28565906040268,6.73011695906433,6.69223295454545,6.81389183457052,26
"28",2011,6,6.89150943396226,53,7.18181818181818,6.68548387096774,6.63636363636364,6.77777777777778,6.91477272727273,22,31,11,9,44,1348,572,776,182,361,987,6.78517507418398,7.44117132867133,6.30163144329897,6.72445054945055,6.69436565096953,6.81838905775076,27
"29",2011,7,7.05404255319149,47,7.57458333333333,6.51086956521739,6.85,6.92307692307692,7.10411764705882,24,23,10,13,34,1395,596,799,192,374,1021,6.79423369175627,7.44654362416107,6.30765456821026,6.73098958333333,6.70231550802139,6.82790401567091,28
"30",2011,8,6.95818181818182,55,7.7,6.38387096774194,6.57142857142857,6.83529411764706,7.01315789473684,24,31,7,17,38,1450,620,830,199,391,1059,6.80045241379311,7.45635483870968,6.31050120481928,6.72537688442211,6.70809718670077,6.83455146364495,29
"31",2011,9,6.57272727272727,55,7.51764705882353,6.15,6.55,6.05833333333333,6.71627906976744,17,38,10,12,43,1505,637,868,209,403,1102,6.79213023255814,7.45799058084772,6.30347465437788,6.71698564593301,6.6887493796526,6.82993647912886,30
"32",2011,10,6.90510204081633,49,7.67142857142857,6.33035714285714,6.58333333333333,6.33333333333333,6.98488372093023,21,28,6,6,43,1554,658,896,215,409,1145,6.79569240669241,7.46480243161094,6.30431473214286,6.71325581395349,6.68353545232274,6.83575545851529,31
"33",2011,11,6.69846153846154,65,7.7,5.72727272727273,6.4375,6.56666666666667,6.738,32,33,8,15,50,1619,690,929,223,424,1195,6.7917887584929,7.47571014492754,6.28381700753498,6.70336322869955,6.67940094339623,6.83166527196653,32
"34",2011,12,6.88793103448276,58,7.61666666666667,6.10714285714286,6.4,6.8,6.91860465116279,30,28,5,15,43,1677,720,957,228,439,1238,6.79511389385808,7.48158333333333,6.27864785788924,6.69671052631579,6.68352164009112,6.83468497576737,33
"35",2012,1,6.97857142857143,70,7.459375,6.57368421052632,7.15,6.13,7.12,32,38,10,10,60,1747,752,995,238,449,1298,6.80246479679451,7.48063829787234,6.28991557788945,6.71575630252101,6.67119376391982,6.84787365177196,34
"36",2012,2,6.838,50,7.27777777777778,6.32173913043478,7,6.80909090909091,6.84615384615385,27,23,1,11,39,1797,779,1018,239,460,1337,6.80345353366722,7.47360718870347,6.29063457760314,6.71694560669456,6.67449130434783,6.84782348541511,35
"37",2012,3,6.975,54,7.2875,6.52045454545455,5.375,6.4375,7.06847826086956,32,22,4,8,46,1851,811,1040,243,468,1383,6.80845813074014,7.46626387176325,6.29549615384615,6.69485596707819,6.67044017094017,6.85516268980477,36
"38",2012,4,6.91354166666667,48,7.534,6.23913043478261,6.42857142857143,6.5625,6.98375,25,23,7,8,40,1899,836,1063,250,476,1423,6.81111427066877,7.46828947368421,6.29427657572907,6.6874,6.66862605042017,6.85877723120169,37
"39",2012,5,7.19189189189189,37,7.62941176470588,6.82,7.08333333333333,7.75,6.924,17,20,6,12,25,1936,853,1083,256,488,1448,6.81839152892562,7.47150058616647,6.30398522622345,6.6966796875,6.69521721311475,6.85990331491713,38
"40",2012,6,7.13461538461539,26,7.16666666666667,7.09090909090909,NA,7.75,7.02272727272727,15,11,0,4,22,1962,868,1094,256,492,1470,6.82258205912335,7.46623271889401,6.31189762340036,6.6966796875,6.70379268292683,6.86234013605442,39
"41",2012,7,6.78116279069767,43,7.495,6.1604347826087,6,6.94545454545455,6.7246875,20,23,7,11,32,2005,888,1117,263,503,1502,6.82169376558604,7.46688063063063,6.30877887197851,6.67813688212928,6.70907753479125,6.85940745672437,40
"42",2012,8,6.83421052631579,38,7.02631578947368,6.64210526315789,7.5,6.84,6.83214285714286,19,19,2,10,28,2043,907,1136,265,513,1530,6.82192657856094,7.45765159867696,6.31435387323943,6.68433962264151,6.71162962962963,6.85890849673203,41
"43",2012,9,6.58055555555556,36,7.175,6.105,7.125,6.65,6.55384615384615,16,20,4,10,26,2079,923,1156,269,523,1556,6.817746993747,7.45275189599133,6.31073183391003,6.69089219330855,6.71045124282983,6.85381105398458,42
"44",2012,10,6.9530303030303,33,7.76388888888889,5.98,6.31428571428571,7.17857142857143,6.89230769230769,18,15,7,7,26,2112,941,1171,276,530,1582,6.81986079545455,7.45870350690754,6.30649530315969,6.68134057971014,6.71663396226415,6.85444374209861,43
"45",2012,11,7.02854166666667,48,7.34115384615385,6.65909090909091,7.5,7.22222222222222,6.98384615384615,26,22,4,9,39,2160,967,1193,280,539,1621,6.82449814814815,7.45554291623578,6.31299748533109,6.69303571428571,6.72507606679035,6.85755706354103,44
"46",2012,12,6.71326530612245,49,7.138,6.27083333333333,6.1,5.925,6.91538461538462,25,24,10,10,39,2209,992,1217,290,549,1660,6.8220307831598,7.44754032258064,6.31216598192276,6.67258620689655,6.71050273224044,6.85891566265061,45
"47",2013,1,6.96489361702128,47,7.29347826086957,6.65,7.25,6.34615384615385,7.20147058823529,23,24,6,13,34,2256,1015,1241,296,562,1694,6.82500709219858,7.44404926108374,6.31869943593876,6.68429054054054,6.70207473309609,6.86579102715467,46
"48",2013,2,6.77209302325581,43,7.42777777777778,6.3,6.57142857142857,6,6.92222222222222,18,25,7,7,36,2299,1033,1266,303,569,1730,6.82401739886908,7.44376573088093,6.31833017377567,6.68168316831683,6.69343760984183,6.86696531791908,47
"49",2013,3,6.58859649122807,57,7.32777777777778,6.2474358974359,6.27272727272727,7.13333333333333,6.48645833333333,18,39,11,9,48,2356,1051,1305,314,578,1778,6.81832173174873,7.44177925784967,6.31621149425287,6.66735668789809,6.70028719723183,6.85669291338583,48
"50",2013,4,6.67682926829268,41,7.43055555555556,6.08695652173913,6.53333333333333,6.54166666666667,6.7,18,23,6,6,35,2397,1069,1328,320,584,1813,6.81590154359616,7.44159027128157,6.31224096385542,6.66484375,6.69865753424658,6.85366795366796,49
"51",2013,5,6.66842105263158,38,7.12105263157895,6.21578947368421,5.34,6.43333333333333,6.74137931034483,19,19,5,9,29,2435,1088,1347,325,593,1842,6.8136,7.43599264705882,6.31088047512992,6.64446153846154,6.69463069139966,6.85190010857764,50
"52",2013,6,7.15714285714286,28,7.33684210526316,6.77777777777778,5,7.3,7.12608695652174,19,9,1,5,23,2463,1107,1356,326,598,1865,6.81750548112059,7.43429087624209,6.31397935103245,6.63941717791411,6.69969230769231,6.85528150134049,51
"53",2013,7,6.825,40,7.44444444444444,6.31818181818182,7.1,6.875,6.8125,18,22,5,8,32,2503,1125,1378,331,606,1897,6.81762524970036,7.43445333333333,6.31404644412191,6.6463746223565,6.70200660066007,6.8545598313126,52
"54",2013,8,6.87352941176471,34,7.475,6.54545454545455,6.92857142857143,6.31428571428571,7.01851851851852,12,22,7,7,27,2537,1137,1400,338,613,1924,6.81837445802129,7.43488126649076,6.31768285714286,6.65221893491124,6.69757911908646,6.85686070686071,53
"55",2013,9,6.6,40,7.22222222222222,6.09090909090909,6.2,6.47142857142857,6.62727272727273,18,22,5,7,33,2577,1155,1422,343,620,1957,6.8149848661234,7.4315670995671,6.31417440225035,6.64562682215743,6.69502580645161,6.85298926928973,54
"56",2013,10,6.54347826086957,23,7.6,5.73076923076923,5.66666666666667,7.25,6.47619047619048,10,13,3,2,21,2600,1165,1435,346,622,1978,6.81258307692308,7.43301287553648,6.30888919860627,6.6371387283237,6.69681028938907,6.8489888776542,55
"57",2013,11,6.60377049180328,61,7.1,6.18272727272727,6.4,5.72222222222222,6.75634615384615,28,33,7,9,52,2661,1193,1468,353,631,2030,6.807796317174,7.42519698239732,6.30605313351499,6.63243626062323,6.68290966719493,6.8466157635468,56
"58",2013,12,6.96558139534884,43,7.52,6.43636363636364,6.38333333333333,7.865,6.76,21,22,6,8,35,2704,1214,1490,359,639,2065,6.81030547337279,7.42683690280066,6.30797718120805,6.62827298050139,6.69770892018779,6.84514769975787,57
"59",2014,1,7.00454545454545,55,7.39814814814815,6.625,6.5625,6.66666666666667,7.07065217391304,27,28,8,9,46,2759,1241,1518,367,648,2111,6.81417760057992,7.42621273166801,6.31382476943346,6.62683923705722,6.69727777777778,6.85006158218854,58
"60",2014,2,6.57741379310345,58,7.01923076923077,6.2184375,6.44285714285714,6.63888888888889,6.54975,26,32,14,18,40,2817,1267,1550,381,666,2151,6.80930280440185,7.41786108918705,6.31185548387097,6.62007874015748,6.6956996996997,6.8444769874477,59
"61",2014,3,6.66951219512195,41,7.1575,6.2047619047619,6.93333333333333,6.71666666666667,6.66142857142857,20,21,3,6,35,2858,1287,1571,384,672,2186,6.80729741077677,7.41381507381507,6.31042393380013,6.62252604166667,6.69588690476191,6.84154620311071,60
"62",2014,4,7.1563829787234,47,7.55384615384615,6.66428571428571,6.6,6.86666666666667,7.25571428571429,26,21,5,12,35,2905,1313,1592,389,684,2221,6.81294526678141,7.41658796648895,6.31509170854271,6.62223650385604,6.69888304093567,6.84807294011707,61
"63",2014,5,6.58717948717949,39,6.96,6.19473684210526,6.2,6.02857142857143,6.709375,20,19,5,7,32,2944,1333,1611,394,691,2253,6.80995448369566,7.40973743435859,6.31367225325884,6.61687817258883,6.69209261939219,6.8461029738127,62
"64",2014,6,6.94210526315789,38,7.5625,6.49090909090909,7.3125,6.14285714285714,7.12258064516129,16,22,8,7,31,2982,1349,1633,402,698,2284,6.81163849765259,7.41154929577465,6.3160600122474,6.63072139303483,6.68658452722063,6.84985551663748,63
"65",2014,7,6.99888888888889,45,7.265,6.786,6.665,7.33333333333333,6.9474358974359,20,25,10,6,39,3027,1369,1658,412,704,2323,6.81442220019822,7.40940832724616,6.32314595898673,6.63155339805825,6.69209659090909,6.85149375807146,64
"66",2014,8,6.6680487804878,41,7.38095238095238,5.9195,8,6.62222222222222,6.6809375,21,20,1,9,32,3068,1390,1678,413,713,2355,6.81246610169492,7.40897841726619,6.31833492252682,6.63486682808717,6.69121458625526,6.8491762208068,65
"67",2014,9,6.94571428571429,35,7.58888888888889,6.26470588235294,7,6,6.97352941176471,18,17,4,1,34,3103,1408,1695,417,714,2389,6.81396906219788,7.41127840909091,6.31779705014749,6.63836930455636,6.69024649859944,6.85094600251151,66
"68",2014,10,6.75833333333333,48,7.15384615384615,6.29090909090909,6.875,6.55,6.81315789473684,26,22,4,10,38,3151,1434,1717,421,724,2427,6.8131215487147,7.40661087866109,6.31745253348864,6.64061757719715,6.68830939226519,6.85035434693037,67
"69",2014,11,6.90795454545455,44,7.4475,6.45833333333333,6.5,7.12222222222222,6.85285714285714,20,24,3,9,35,3195,1454,1741,424,733,2462,6.814427543036,7.40717331499312,6.31939460080413,6.63962264150944,6.69363710777626,6.85038992688871,68
"70",2014,12,7.08780487804878,41,7.28846153846154,6.74,6.66666666666667,7.3,7.04411764705882,26,15,3,7,34,3236,1480,1756,427,740,2496,6.81789122373301,7.40508783783784,6.32298747152619,6.63981264637002,6.69937297297297,6.85302884615385,69
"71",2015,1,6.77327868852459,61,7.20333333333333,6.35709677419355,6.35714285714286,7.04545454545455,6.7134,30,31,7,11,50,3297,1510,1787,434,751,2546,6.81706581740977,7.40107947019867,6.32357918298825,6.6352534562212,6.70444207723036,6.85028672427337,70
"72",2015,2,6.82796610169492,59,7.668,6.21029411764706,6.28125,6.91666666666667,6.812,25,34,8,9,50,3356,1535,1821,442,760,2596,6.81725744934446,7.40542671009772,6.32146403075233,6.62884615384615,6.7069552631579,6.84954930662558,71
"73",2015,3,6.86348214285714,56,7.21607142857143,6.51089285714286,7.08333333333333,7.38333333333333,6.8011,28,28,6,6,50,3412,1563,1849,448,766,2646,6.81801611957796,7.40203454894434,6.32433261222282,6.63493303571429,6.71225326370757,6.84863378684807,72
"74",2015,4,6.92745098039216,51,7.63448275862069,5.99545454545455,5.625,7.4375,6.83255813953488,29,22,4,8,43,3463,1592,1871,452,774,2689,6.81962777938204,7.4062688442211,6.32046552645644,6.62599557522124,6.71974935400517,6.84837671997025,73
"75",2015,5,6.93333333333333,39,7.29,6.55789473684211,6.5,6.4,7.01176470588235,20,19,1,5,34,3502,1612,1890,453,779,2723,6.82089406053684,7.40482630272953,6.32285238095238,6.6257174392936,6.71769704749679,6.85041681968417,74
"76",2015,6,6.70972222222222,36,7.35357142857143,6.3,6.2,6.15,6.82166666666667,14,22,8,6,30,3538,1626,1912,461,785,2753,6.81976286037309,7.40438499384994,6.32258943514644,6.61832971800434,6.71335796178344,6.85010352342899,75
"77",2015,7,6.97625,40,7.26041666666667,6.55,6.675,5.6,7.21911764705882,24,16,4,6,34,3578,1650,1928,465,791,2787,6.82151229737284,7.40229090909091,6.32447665975104,6.61881720430108,6.70491276864728,6.85460531036958,76
"78",2015,8,7.13804347826087,46,7.33666666666667,6.765625,6.25,7.29,7.09583333333333,30,16,4,10,36,3624,1680,1944,469,801,2823,6.82553007726269,7.40111904761905,6.32810751028806,6.61567164179105,6.71221722846442,6.85768154445625,77
"79",2015,9,7.090625,32,7.34705882352941,6.8,6.8,7.875,6.97857142857143,17,15,5,4,28,3656,1697,1959,474,805,2851,6.82785038293217,7.40057748968768,6.33172077590607,6.61761603375527,6.7179950310559,6.85886881795861,78
"80",2015,10,6.71813953488372,43,7.18769230769231,6,6.83333333333333,6.6875,6.72514285714286,26,17,3,8,35,3699,1723,1976,477,813,2886,6.82657502027575,7.39736506094022,6.32886690283401,6.61897274633124,6.71769495694957,6.85724705474706,79
"81",2015,11,6.56840909090909,44,7.45238095238095,5.76130434782609,5.58333333333333,6.07,6.67916666666667,21,23,6,8,36,3743,1744,1999,483,821,2922,6.82354020838899,7.39802752293578,6.32233666833417,6.60610766045549,6.71138367844093,6.855053045859,80
"82",2015,12,6.80555555555556,54,7.05357142857143,6.53846153846154,7,6.54166666666667,6.88095238095238,28,26,6,12,42,3797,1772,2025,489,833,2964,6.82328443508033,7.39258465011287,6.32511160493827,6.61094069529652,6.70893877551021,6.85542004048583,81
"83",2016,1,6.74353846153846,65,7.25657142857143,6.145,6.57142857142857,6.37272727272727,6.81907407407407,35,30,7,11,54,3862,1807,2055,496,844,3018,6.82194225789746,7.3899501936912,6.32248223844282,6.61038306451613,6.70455687203792,6.85476971504308,82
"84",2016,2,6.79074074074074,54,7.39545454545455,6.375,6.63636363636364,7.04545454545455,6.72558139534884,22,32,11,11,43,3916,1829,2087,507,855,3061,6.8215120020429,7.39001640240568,6.32328749401054,6.61094674556213,6.70894269005848,6.85295491669389,83
"85",2016,3,6.83720930232558,43,7.45,6.1952380952381,6.64,4.5,6.95121951219512,22,21,5,2,41,3959,1851,2108,512,857,3102,6.82168249557969,7.39072933549433,6.32201185958254,6.61123046875,6.70378763127188,6.85425370728563,84
"86",2016,4,7.09636363636364,55,7.52105263157895,6.14705882352941,6.125,6.96666666666667,7.12173913043478,38,17,8,9,46,4014,1889,2125,520,866,3148,6.82544618834081,7.39335097935415,6.32061223529412,6.60375,6.70651963048499,6.8581623252859,85
"87",2016,5,6.76666666666667,39,7.22222222222222,6.37619047619048,6.77142857142857,7.18,6.70588235294118,18,21,7,5,34,4053,1907,2146,527,871,3182,6.82488058228473,7.39173571054011,6.32115610438024,6.60597722960152,6.70923765786452,6.85653519798869,86
"88",2016,6,6.70315625,32,7.42307692307692,6.21057894736842,6.5,6.71428571428571,6.70004,13,19,2,7,25,4085,1920,2165,529,878,3207,6.8239270501836,7.39194791666667,6.3201856812933,6.60557655954631,6.70927790432802,6.85531524789523,87
"89",2016,7,6.97849056603774,53,7.56642857142857,6.32,6.44,7.025,6.97022222222222,28,25,5,8,45,4138,1948,2190,534,886,3252,6.82590671822137,7.39445585215606,6.32018356164383,6.60402621722846,6.71212866817156,6.85690528905289,88
"90",2016,8,6.61145833333333,48,7.15789473684211,6.25344827586207,5.83333333333333,7.5,6.48452380952381,19,29,6,6,42,4186,1967,2219,540,892,3294,6.82344768275203,7.39217081850534,6.31931140153222,6.59546296296296,6.71742825112108,6.85215725561627,89
"91",2016,9,6.37236842105263,38,7.059375,5.87272727272727,7,7.04166666666667,6.246875,16,22,1,6,32,4224,1983,2241,541,898,3326,6.8193896780303,7.38948562783661,6.31492726461401,6.59621072088725,6.71959465478842,6.84633373421528,90
"92",2016,10,6.705,50,7.32173913043478,6.17962962962963,5.57142857142857,5.97222222222222,6.86585365853659,23,27,7,9,41,4274,2006,2268,548,907,3367,6.81805147402901,7.38870887337986,6.31331657848324,6.5831204379562,6.71217861080485,6.84657142857143,91
"93",2016,11,6.75151515151515,66,7.295,5.91538461538462,6.5,6.83333333333333,6.73333333333333,40,26,3,12,54,4340,2046,2294,551,919,3421,6.81703963133641,7.38687683284457,6.3088064516129,6.58266787658802,6.713760609358,6.84478398129202,92
"94",2016,12,6.80883333333333,60,7.16594594594595,6.23434782608696,6.42857142857143,7.11555555555556,6.75470588235294,37,23,7,9,51,4400,2083,2317,558,928,3472,6.81692772727273,7.38295247239558,6.30806732844195,6.58073476702509,6.71765732758621,6.84346082949309,93
"95",2017,1,6.69769230769231,65,7.37222222222222,6.21842105263158,6.8625,6.45833333333333,6.75188679245283,27,38,8,12,53,4465,2110,2355,566,940,3525,6.81519193729003,7.38281516587678,6.30662080679405,6.58471731448763,6.71434680851064,6.84208397163121,94
"96",2017,2,7.02978723404255,47,7.42608695652174,6.65,6.5,7.175,7.00853658536585,23,24,7,6,41,4512,2133,2379,573,946,3566,6.81742730496454,7.38328176277543,6.31008490962589,6.58368237347295,6.71726849894292,6.84399775659002,95
"97",2017,3,6.60121951219512,41,7.09565217391304,5.96944444444444,5.66666666666667,5.3,6.78194444444444,23,18,3,5,36,4553,2156,2397,576,951,3602,6.81548034263123,7.3802133580705,6.30752690863579,6.57890625,6.70981703470032,6.84337756801777,96
"98",2017,4,6.86428571428571,35,7.18478260869565,6.25,7.5,6.57142857142857,6.9375,23,12,2,7,28,4588,2179,2409,578,958,3630,6.81585265911072,7.37815052776503,6.3072403486924,6.58209342560554,6.70880584551148,6.84410358126722,97
"99",2017,5,6.34102564102564,39,6.55882352941176,6.17272727272727,7,6.86666666666667,6.29722222222222,17,22,2,3,36,4627,2196,2431,580,961,3666,6.81185044305165,7.37180783242258,6.30602303578774,6.58353448275862,6.70929864724246,6.83873322422259,98
"100",2017,6,6.94032258064516,31,7.01,6.875,6.3,6.56,7.01346153846154,15,16,5,5,26,4658,2211,2447,585,966,3692,6.81270545298411,7.36935323383084,6.30974335921537,6.58111111111111,6.70852587991719,6.83996370530878,99
"101",2017,7,6.61,46,7.44461538461538,5.525,5.66666666666667,6.70625,6.58973684210526,26,20,6,8,38,4704,2237,2467,591,974,3730,6.81072321428572,7.37022798390702,6.30338143494122,6.57182741116751,6.70850718685832,6.8374144772118,100
"102",2017,8,6.75277777777778,54,7.20384615384615,6.33392857142857,6.7,6,6.78173076923077,26,28,5,2,52,4758,2263,2495,596,976,3782,6.81006557377049,7.36831639416703,6.30372424849699,6.57290268456376,6.70705532786885,6.83664886303543,101
"103",2017,9,6.74,52,7.5295652173913,6.11379310344828,6.3125,7.35714285714286,6.644,23,29,8,7,45,4810,2286,2524,604,983,3827,6.80930810810811,7.36993875765529,6.30154199683043,6.5694536423841,6.71168463886063,6.83438359027959,102
"104",2017,10,6.55104166666667,48,6.86363636363636,6.28653846153846,6.5,6.6,6.54659090909091,22,26,4,4,44,4858,2308,2550,608,987,3871,6.80675627830383,7.36511265164645,6.30138901960784,6.56899671052631,6.71123201621074,6.83111237406355,103
"105",2017,11,7.25849056603774,53,7.84,6.5,6.91666666666667,8.7,7.03913043478261,30,23,6,7,46,4911,2338,2573,614,994,3917,6.81163143962533,7.37120615911035,6.30316439953362,6.57239413680782,6.72523742454728,6.83355527189176,104
"106",2017,12,6.74918032786885,61,7.54666666666667,5.97741935483871,7.1,7.2,6.66078431372549,30,31,7,10,51,4972,2368,2604,621,1004,3968,6.8108652453741,7.37342905405405,6.29928648233487,6.57834138486312,6.72996613545817,6.83133467741936,105
"107",2018,1,7.07918918918919,74,7.4831914893617,6.37592592592593,6.65625,7.36,7.03015873015873,47,27,8,11,63,5046,2415,2631,629,1015,4031,6.81480023781213,7.3755652173913,6.30007297605473,6.57933227344992,6.73679408866995,6.83444207392707,106
"108",2018,2,6.92072727272727,55,7.42941176470588,6.09714285714286,7,7.1875,6.87531914893617,34,21,1,8,47,5101,2449,2652,630,1023,4078,6.81594236424231,7.37631278072683,6.29846606334842,6.58,6.74031867057674,6.83491319274154,107
"109",2018,3,7.06486486486487,37,7.31578947368421,6.8,7.375,7.58,6.984375,19,18,4,5,32,5138,2468,2670,634,1028,4110,6.81773491630985,7.37584683954619,6.30184719101124,6.58501577287066,6.74440272373541,6.83607688564477,108
"110",2018,4,6.99871794871795,39,7.42708333333333,6.31333333333333,6.5,7.03125,6.99032258064516,24,15,3,8,31,5177,2492,2685,637,1036,4141,6.81909831949005,7.37634028892456,6.3019113594041,6.58461538461538,6.74661776061776,6.83723158657329,109
"111",2018,5,7.05853658536585,41,7.40333333333333,6.11818181818182,5.83333333333333,6.4,7.15,30,11,3,5,36,5218,2522,2696,640,1041,4177,6.82097968570334,7.37666137985725,6.30116172106825,6.58109375,6.74495292987512,6.83992722049318,110
"112",2018,6,7.19702392857143,28,7.54148166666667,6.577,6,6.874,7.26724652173913,18,10,3,5,23,5246,2540,2706,643,1046,4200,6.82298678421655,7.37782939763779,6.30218107908352,6.57838258164852,6.74556978967495,6.84226730238095,111
"113",2018,7,6.578125,32,7.03333333333333,6.17647058823529,6.9,6.75,6.56666666666667,15,17,5,2,30,5278,2555,2723,648,1048,4230,6.8215022110648,7.37580691585127,6.30139625413147,6.58086419753086,6.74557824427481,6.84031268794326,112
"114",2018,8,7.0175,40,7.47727272727273,6.45555555555556,6.71428571428571,7.125,7.00555555555556,22,18,7,4,36,5318,2577,2741,655,1052,4266,6.8229764328695,7.37667313542879,6.30240860999635,6.58229007633588,6.74702091254753,6.84170714252227,113
"115",2018,9,6.73823529411765,34,7.04285714285714,6.525,6.38888888888889,6.84444444444444,6.7,14,20,9,9,25,5352,2591,2761,664,1061,4291,6.82243809230194,7.37486942107294,6.30402100688157,6.57966867469879,6.74784731385485,6.84088153577255,114
"116",2018,10,7.01111111111111,45,7.68181818181818,6.3695652173913,6.41666666666667,8.625,6.85365853658537,22,23,6,4,41,5397,2613,2784,670,1065,4332,6.82401124143042,7.37745375813241,6.3045625,6.57820895522388,6.75489765258216,6.84100246306556,115
"117",2018,11,7.03375,48,7.299,6.59166666666667,5.1875,5.84285714285714,7.23707317073171,30,18,4,7,41,5445,2643,2802,674,1072,4373,6.82586017814509,7.37656325009459,6.3064068522484,6.56995548961424,6.7489421641791,6.84471590898697,116
"118",2018,12,6.95581395348837,43,7.17586206896552,6.5,6.5,6.8125,6.98857142857143,29,14,2,8,35,5488,2672,2816,676,1080,4408,6.82687840196793,7.37438498128742,6.30736931818182,6.56974852071006,6.74941296296296,6.84585813747732,117
"119",2019,1,6.8198,50,7.29769230769231,6.30208333333333,7.07142857142857,6.7,6.85358974358974,26,24,7,11,39,5538,2698,2840,683,1091,4447,6.82681449440231,7.37364591178651,6.30732464788733,6.57489019033675,6.74891475710357,6.84592594333259,118
"120",2019,2,6.88373684210526,38,7.26104761904762,6.41764705882353,6.61666666666667,7,6.87727777777778,21,17,6,2,36,5576,2719,2857,689,1093,4483,6.82720241571019,7.37277626700993,6.30798109905495,6.57525399129173,6.74937419945105,6.84617770912336,119
"121",2019,3,6.9290243902439,41,7.39576923076923,6.12,6.33333333333333,7.25,6.89432432432432,26,15,3,4,37,5617,2745,2872,692,1097,4520,6.82794564180167,7.37299405100182,6.30699930362117,6.57420520231214,6.75119963536919,6.84657182964602,120
"122",2019,4,7.32692307692308,26,7.63333333333333,6.90909090909091,5.66666666666667,7.5,7.29545454545455,15,11,3,4,22,5643,2760,2883,695,1101,4542,6.83024466950204,7.3744089384058,6.309296566077,6.57028776978417,6.75392007266122,6.84874607441656,121
"123",2019,5,7.00388880952381,42,7.78111111111111,6.42097208333333,6.35714285714286,7.8,6.89630621621622,18,24,7,5,37,5685,2778,2907,702,1106,4579,6.83152752858399,7.37704415766739,6.31021855177159,6.56816239316239,6.75864918625678,6.84913037781175,122
"124",2019,6,6.90441176470588,34,7.10714285714286,6.57692307692308,7,6.2,7.02586206896552,21,13,3,5,29,5719,2799,2920,705,1111,4608,6.83196083231334,7.37501917470525,6.31140593493151,6.57,6.75613501350135,6.85024262152778,123
"125",2019,7,7.02504073170732,41,7.5210668,6.25,5.875,7.5,6.97369378378378,25,16,4,4,37,5760,2824,2936,709,1115,4645,6.83333518576389,7.37631208923513,6.31107129768392,6.56607898448519,6.75880358744394,6.85122597847148,124
"126",2019,8,7.15547619047619,42,7.6812,6.38235294117647,6.33333333333333,7.5,7.09805555555556,25,17,3,6,36,5802,2849,2953,712,1121,4681,6.83566712685281,7.37898748332748,6.31148165594311,6.56509831460674,6.76277074041035,6.85312426190985,125
"127",2019,9,7.304,25,7.57352941176471,6.73125,6,7.45,7.2675,17,8,1,5,20,5827,2866,2961,713,1126,4701,6.8376764492878,7.38014143056525,6.31261578183046,6.56430575035063,6.76582238010657,6.85488718783238,126
"128",2019,10,7.24714285714286,35,7.57647058823529,6.93611111111111,6.875,6.8,7.32166666666667,17,18,4,5,30,5862,2883,2979,717,1131,4731,6.84012123336745,7.38129911203607,6.3163831252098,6.5660390516039,6.76597347480106,6.85784710843374,127
"129",2019,11,6.90263157894737,38,7.3952380952381,6.29411764705882,6.625,8,6.87297297297297,21,17,4,1,37,5900,2904,2996,721,1132,4768,6.84052384237288,7.38139991046832,6.31625678571429,6.56636615811373,6.76706360424028,6.85796448615772,128
"130",2019,12,6.9265306122449,49,7.61428571428571,6.00952380952381,4.5,7.4,6.89565217391304,28,21,4,3,46,5949,2932,3017,725,1135,4814,6.84123225247941,7.38362392223738,6.31412175339741,6.55496551724138,6.76873656387665,6.85832460947237,129
"131",2020,1,7.06071428571429,56,7.35142857142857,6.57619047619048,5.95,6.57,7.16739130434783,35,21,6,10,46,6005,2967,3038,731,1145,4860,6.84327904579517,7.38324413211998,6.3159332883476,6.55,6.76700087336244,6.86124993209877,130
"132",2020,2,6.87261904761905,42,7.32045454545455,6.38,6.05,7.01666666666667,6.83333333333333,22,20,2,9,33,6047,2989,3058,733,1154,4893,6.84348282950223,7.38278198059551,6.31635229888816,6.54863574351978,6.76894800693241,6.86106165338238,131
"133",2020,3,6.89090909090909,33,7.31304347826087,5.92,6,7.28333333333333,6.8037037037037,23,10,3,6,27,6080,3012,3068,736,1160,4920,6.84374024177632,7.38224944887118,6.31506040743155,6.54639945652174,6.77160862068965,6.86074688414634,132
"134",2020,4,7.12686842105263,38,7.68157692307692,5.925,5.75,6.86363636363636,7.23411111111111,26,12,4,11,27,6118,3038,3080,740,1171,4947,6.84549880189605,7.38481117182357,6.31354069155844,6.54209459459459,6.7724730999146,6.86278465130382,133
"135",2020,5,6.72790697674419,43,7.26666666666667,6.04736842105263,5.6,7.54,6.62105263157895,24,19,5,5,38,6161,3062,3099,745,1176,4985,6.84467808310339,7.38388515349445,6.31190878670539,6.53577181208053,6.77573639455782,6.86094195987964,134
"136",2020,6,7.12028571428571,35,7.423,6.71666666666667,6.54166666666667,6.5,7.15787878787879,20,15,6,2,33,6196,3082,3114,751,1178,5018,6.84623493705617,7.38413898118105,6.31385848747591,6.5358189081225,6.77526825127334,6.86289471303308,135
"137",2020,7,6.8578125,32,7.16111111111111,6.46785714285714,6.375,6.3,6.9375,18,14,4,4,28,6228,3100,3128,755,1182,5046,6.84629442357097,7.38284398064516,6.31454773976982,6.53496688741722,6.77365989847715,6.86330869401506,136
"138",2020,8,6.66388888888889,36,7.05416666666667,5.88333333333333,5.375,7.16666666666667,6.56333333333333,24,12,4,6,30,6264,3124,3140,759,1188,5076,6.84524611590038,7.38031893085787,6.3128997866242,6.52885375494071,6.77564478114478,6.86153578999212,137
"139",2020,9,6.76,40,7.09090909090909,6.35555555555556,5.5,6.41666666666667,6.82058823529412,22,18,3,6,34,6304,3146,3158,762,1194,5110,6.84470521414975,7.37829508582327,6.31314291640279,6.5248031496063,6.77384087102177,6.86126334050881,138
"140",2020,10,7.18780487804878,41,7.31724137931035,6.875,6.2,6.85714285714286,7.25588235294118,29,12,6,7,34,6345,3175,3170,768,1201,5144,6.84692224901497,7.37773742992126,6.31526982018927,6.522265625,6.7743263946711,6.86387163102644,139
"141",2020,11,7.075,44,7.46785714285714,6.3875,6,7.44285714285714,7.00540540540541,28,16,1,7,37,6389,3203,3186,769,1208,5181,6.84849298325247,7.37852523883859,6.31563255806654,6.52158647594278,6.77820033112582,6.86488239143023,140
"142",2020,12,6.89141304347826,46,7.39224137931035,6.03705882352941,6.33333333333333,7.57875,6.74671052631579,29,17,3,8,38,6435,3232,3203,772,1216,5219,6.84879979331779,7.37864831064356,6.3141540212301,6.52085492227979,6.78346710526315,6.86402197164208,141
"143",2021,1,6.9728813559322,59,7.07236842105263,6.79285714285714,6.75,6.875,6.99285714285714,38,21,9,10,49,6494,3270,3224,781,1226,5268,6.84992711271943,7.37508909480122,6.31727212468983,6.52349551856594,6.78421370309951,6.86522032460137,142
"144",2021,2,6.91304347826087,46,7.05,6.65625,6.5,7.35,6.79166666666667,30,16,6,10,36,6540,3300,3240,787,1236,5304,6.85037105045872,7.37213373939394,6.31894608950617,6.52331639135959,6.78879126213592,6.86472109162896,143
"145",2021,3,6.72571428571429,35,7.17727272727273,5.96153846153846,5.5,5.7,6.89666666666667,22,13,3,5,30,6575,3322,3253,790,1241,5334,6.849707478327,7.37084326911499,6.31751777743621,6.51943037974683,6.78440451248992,6.86490076302962,144
"146",2021,4,6.56896551724138,29,7.1,6.1375,6.74,6.82857142857143,6.48636363636364,13,16,5,7,22,6604,3335,3269,795,1248,5356,6.84847466232586,7.36978750824588,6.31663668706026,6.52081761006289,6.78465224358974,6.86334590552651,145
"147",2021,5,6.89090909090909,33,7.34705882352941,6.40625,6.5,7.6,6.76428571428571,17,16,3,5,28,6637,3352,3285,798,1253,5384,6.84868565164984,7.36967223747017,6.31707315981735,6.52073934837092,6.78790582601755,6.86283073365528,146
"148",2021,6,6.92592592592593,27,7.33846153846154,6.54285714285714,6.74,7.85,6.852,13,14,5,2,25,6664,3365,3299,803,1255,5409,6.84899859993998,7.36955166121843,6.31803132161261,6.52210460772104,6.7895984063745,6.86278067480126,147
"149",2021,7,6.93333333333333,30,7.14285714285714,6.44444444444444,NA,5.5,7.15384615384615,21,9,0,4,26,6694,3386,3308,803,1259,5435,6.84937655661787,7.36814569994093,6.31837525090689,6.52210460772104,6.78550119142176,6.86417307635695,148
"150",2021,8,6.97894736842105,38,7.47619047619048,6.36470588235294,5.375,6.4,7.06666666666667,21,17,4,5,33,6732,3407,3325,807,1264,5468,6.85010794266191,7.36881166422072,6.31861212932331,6.51641883519207,6.78397626582278,6.8653951481346,149
"151",2021,9,7.12307692307692,39,7.47692307692308,6.41538461538462,6.875,7.4,7.08235294117647,26,13,4,5,34,6771,3433,3338,811,1269,5502,6.85168020528726,7.36963045150015,6.31898901437987,6.51818742293465,6.78640346729708,6.86673585423483,150
"152",2021,10,6.93939393939394,33,7.39473684210526,6.32142857142857,6.35714285714286,6.5,6.96774193548387,19,14,7,2,31,6804,3452,3352,818,1271,5533,6.85210562463257,7.36976863847045,6.31899920346062,6.51680929095354,6.78595279307631,6.86730176576902,151
"153",2021,11,6.54736842105263,38,6.91052631578947,6.18421052631579,5.375,5.7,6.73870967741935,19,19,4,7,31,6842,3471,3371,822,1278,5564,6.85041313504823,7.36725477960242,6.31823949273213,6.51125304136253,6.78000469483568,6.86658531092739,152
"154",2021,12,6.92163895833333,48,7.3759596969697,5.92213333333333,5.6164,7.3705,6.88083340909091,33,15,5,4,44,6890,3504,3386,827,1282,5608,6.85090933817126,7.36733676084475,6.31648474010632,6.50584280532043,6.78184711388455,6.86669710057062,153
"155",2022,1,6.95827397260274,73,7.39871794871795,6.45305882352941,6.3125,8.03571428571429,6.844,39,34,8,7,66,6963,3543,3420,835,1289,5674,6.85203494758007,7.36768219305673,6.31784249415205,6.50399041916168,6.7886563227308,6.86643308776877,154
"156",2022,2,7.21418604651163,43,7.45392857142857,6.76666666666667,7,8.08714285714286,7.04444444444444,28,15,1,7,36,7006,3571,3435,836,1296,5710,6.85425768484157,7.3683584458135,6.31980242503639,6.50458373205741,6.79566975308642,6.86755540105079,155
"157",2022,3,7.2611935483871,31,7.44705555555556,7.00384615384615,8,7.349,7.25178571428571,18,13,1,3,28,7037,3589,3448,837,1299,5738,6.85605035384397,7.36875313736417,6.3223814762181,6.50637037037037,6.79694765204003,6.8694303485535,156
"158",2022,4,7.25459459459459,37,7.50607142857143,6.47222222222222,NA,7.22428571428571,7.26166666666667,28,9,0,7,30,7074,3617,3457,837,1306,5768,6.85813490811422,7.36981614874205,6.32277157361874,6.50637037037037,6.79923813169984,6.87147041262136,157
"159",2022,5,7.22234577777778,45,7.41367538461538,6.96052631578947,6,7.66666666666667,7.19060857142857,26,19,3,3,42,7119,3643,3476,840,1309,5810,6.86043712600084,7.3701291710129,6.32625757479862,6.5045619047619,6.80122612681436,6.87377743545611,158
"160",2022,6,6.77568181818182,44,7.21607142857143,6.005,6.8,7.00714285714286,6.73189189189189,28,16,2,7,37,7163,3671,3492,842,1316,5847,6.85991650146587,7.36895411876873,6.32478560423826,6.50526365795724,6.80232142857143,6.87287957927142,159
"161",2022,7,7.00694444444444,36,7.09464285714286,6.7,6,9,6.95,28,8,1,1,35,7199,3699,3500,843,1317,5882,6.86065174329768,7.36687768856448,6.32564323714286,6.50466429418742,6.80399012908124,6.8733384733084,160
"162",2022,8,6.60541666666667,48,7.12142857142857,5.883,6.4575,7.32222222222222,6.44,28,20,8,9,39,7247,3727,3520,851,1326,5921,6.85896121153581,7.36503369197746,6.32312821875,6.50422091656874,6.80750754147813,6.87048419185949,161
