"","year","month","avg_rating","no_ratings","avg_rating_owned","avg_rating_not_owned","avg_rating_prev_owned","avg_rating_comment","avg_rating_no_comment","no_ratings_owned","no_ratings_not_owned","no_ratings_prev_owned","no_ratings_comment","no_ratings_no_comment","cum_no_ratings","cum_no_ratings_owned","cum_no_ratings_not_owned","cum_no_ratings_prev_owned","cum_no_ratings_comment","cum_no_ratings_no_comment","cum_avg_rating","cum_avg_rating_owned","cum_avg_rating_not_owned","cum_avg_rating_prev_owned","cum_avg_rating_comment","cum_avg_rating_no_comment","month_after_release"
"1",2009,3,9.25,4,9.5,9,NA,9,9.33333333333333,2,2,0,1,3,4,2,2,0,1,3,9.25,9.5,9,NA,9,9.33333333333333,-2
"2",2009,4,8.25,2,NA,8.25,NA,NA,8.25,0,2,0,0,2,6,2,4,0,1,5,8.91666666666667,9.5,8.625,NA,9,8.9,-1
"3",2009,5,6.16666666666667,3,NA,6.16666666666667,NA,NA,6.16666666666667,0,3,0,0,3,9,2,7,0,1,8,8,9.5,7.57142857142857,NA,9,7.875,0
"4",2009,6,8.21132075471698,53,8.76857142857143,7.12777777777778,8.33333333333333,8.21538461538461,8.21,35,18,3,13,40,62,37,25,3,14,48,8.18064516129032,8.80810810810811,7.252,8.33333333333333,8.27142857142857,8.15416666666667,1
"5",2009,7,8.4378431372549,357,8.73836206896552,7.88008,8.164,8.3959595959596,8.45391472868217,232,125,25,99,258,419,269,150,28,113,306,8.39978520286396,8.74795539033457,7.7754,8.18214285714286,8.38053097345133,8.4068954248366,2
"6",2009,8,8.1604609929078,282,8.62601156069364,7.42155963302752,7.84615384615385,7.9525974025974,8.23853658536585,173,109,13,77,205,701,442,259,41,190,511,8.3035092724679,8.70022624434389,7.62648648648649,8.07560975609756,8.20710526315789,8.3393542074364,3
"7",2009,9,8.29888268156425,179,8.55590551181102,7.67115384615385,7.9,8.186,8.34263565891473,127,52,10,50,129,880,569,311,51,240,640,8.30256818181818,8.66801405975395,7.63395498392283,8.04117647058824,8.20270833333333,8.340015625,4
"8",2009,10,8.31022727272727,176,8.49343065693431,7.66666666666667,7.86111111111111,8.179,8.36230158730159,137,39,9,50,126,1056,706,350,60,290,766,8.3038446969697,8.63413597733711,7.6376,8.01416666666667,8.19862068965517,8.34368146214099,5
"9",2009,11,8.01408450704225,213,8.28712121212121,7.56913580246914,7.95,7.57872340425532,8.13734939759036,132,81,20,47,166,1269,838,431,80,337,932,8.25520882584712,8.57947494033413,7.62473317865429,7.998125,8.11216617210682,8.3069313304721,6
"10",2009,12,8.1551912568306,183,8.37142857142857,7.45116279069767,7.88888888888889,8.08333333333333,8.18074074074074,140,43,9,48,135,1452,978,474,89,385,1067,8.24260330578512,8.54969325153374,7.60898734177215,7.98707865168539,8.10857142857143,8.29096532333646,7
"11",2010,1,8.16877551020408,245,8.38898305084746,7.59558823529412,7.65625,8.25978260869565,8.14773869346734,177,68,16,46,199,1697,1155,542,105,431,1266,8.231944608132,8.52506493506493,7.60730627306273,7.93666666666667,8.12470997679814,8.26845181674566,8
"12",2010,2,8.07946428571429,168,8.41134453781513,7.2734693877551,7.14,7.48292682926829,8.27204724409449,119,49,15,41,127,1865,1274,591,120,472,1393,8.2182091152815,8.51444270015699,7.57962774957699,7.83708333333333,8.06896186440678,8.26877961234745,9
"13",2010,3,8.10379310344828,145,8.47631578947368,7.396,7.71875,7.76551724137931,8.18836206896552,95,50,16,29,116,2010,1369,641,136,501,1509,8.2099552238806,8.5117969320672,7.56530421216849,7.82316176470588,8.05139720558882,8.26259774685222,10
"14",2010,4,8.19418604651163,129,8.39854368932039,7.38461538461539,7.33333333333333,7.93055555555556,8.23693693693694,103,26,6,18,111,2139,1472,667,142,519,1620,8.20900420757363,8.50387228260869,7.55826086956522,7.80246478873239,8.04720616570328,8.26083950617284,11
"15",2010,5,8.33857142857143,140,8.5045871559633,7.75483870967742,7.88461538461539,7.82857142857143,8.42857142857143,109,31,13,21,119,2279,1581,698,155,540,1739,8.21696358051777,8.50392156862745,7.56699140401146,7.80935483870968,8.0387037037037,8.27231742380678,12
"16",2010,6,7.96490909090909,110,8.20275862068966,7.06521739130435,6.88888888888889,7.62105263157895,8.0367032967033,87,23,9,19,91,2389,1668,721,164,559,1830,8.20535789033068,8.48821342925659,7.55098474341193,7.75884146341463,8.02450805008944,8.26060109289617,13
"17",2010,7,8.13295454545455,132,8.29182692307692,7.54285714285714,8.15,8.13333333333333,8.13287037037037,104,28,8,24,108,2521,1772,749,172,583,1938,8.20156683855613,8.47668735891648,7.55068090787717,7.77703488372093,8.02898799313894,8.25348297213622,14
"18",2010,8,8.06324503311258,151,8.27702702702703,7.47,7.90909090909091,7.72222222222222,8.1375,111,40,11,27,124,2672,1883,789,183,610,2062,8.19375,8.46491768454594,7.54659062103929,7.78497267759563,8.01540983606557,8.24650824442289,15
"19",2010,9,8.09291666666667,120,8.36761363636364,7.3375,8.11111111111111,7.9225,8.127,88,32,9,20,100,2792,1971,821,192,630,2162,8.18941618911175,8.46057331303907,7.53844092570036,7.80026041666667,8.01246031746031,8.24098057354302,16
"20",2010,10,7.99615384615385,143,8.38018867924528,6.89594594594595,6.1,7.34782608695652,8.12041666666667,106,37,10,23,120,2935,2077,858,202,653,2282,8.18,8.45647087144921,7.51073426573427,7.71608910891089,7.98905053598775,8.23464066608238,17
"21",2010,11,7.58350282485876,354,8.15640211640212,6.92727272727273,7.36875,7.4265625,7.61813793103448,189,165,32,64,290,3289,2266,1023,234,717,2572,8.11579811492855,8.43144307149162,7.4166275659824,7.66858974358974,7.93884239888424,8.16512830482115,18
"22",2010,12,7.65323699421965,346,8.20561224489796,6.93146666666667,7.604,7.49722222222222,7.67135483870968,196,150,25,36,310,3635,2462,1173,259,753,2882,8.07176891334251,8.41346466287571,7.35458653026428,7.66235521235521,7.91772908366534,8.1120159611381,19
"23",2011,1,7.96214285714286,350,8.30023696682465,7.44892086330935,7.58571428571429,7.85,7.97702265372168,211,139,35,41,309,3985,2673,1312,294,794,3191,8.06214052697616,8.40452674897119,7.36458079268293,7.65323129251701,7.91423173803526,8.09894390473206,20
"24",2011,2,7.9813358778626,262,8.24888235294118,7.48695652173913,7.33333333333333,7.61538461538461,8.04533632286996,170,92,18,39,223,4247,2843,1404,312,833,3414,8.05715563927479,8.39521983819909,7.37259971509971,7.63477564102564,7.90024009603841,8.09544229642648,21
"25",2011,3,7.95193693693694,222,8.22837037037037,7.52298850574713,6.97368421052632,7.63,8.00223958333333,135,87,19,30,192,4469,2978,1491,331,863,3606,8.05192884314165,8.3876561450638,7.38137491616365,7.59682779456193,7.89084588644264,8.09047975596229,22
"26",2011,4,7.88643216080402,199,8.25932203389831,7.34320987654321,7,7.55,7.94152046783626,118,81,14,28,171,4668,3096,1572,345,891,3777,8.04487360754071,8.38276485788114,7.37940839694656,7.57260869565217,7.88013468013468,8.08373576912894,23
"27",2011,5,7.99153846153846,195,8.3895652173913,7.419375,7.3125,7.80227272727273,8.01560693641619,115,80,12,22,173,4863,3211,1652,357,913,3950,8.04273493728152,8.38300840859545,7.38134382566586,7.56386554621849,7.87825848849945,8.08075189873418,24
"28",2011,6,7.70768115942029,207,7.96780303030303,7.24986666666667,6.28125,7.63636363636364,7.71616216216216,132,75,16,22,185,5070,3343,1727,373,935,4135,8.02905522682446,8.36661381992223,7.37563404748118,7.50884718498659,7.87256684491978,8.06444014510278,25
"29",2011,7,8.05098039215686,204,8.33321167883212,7.47388059701493,7.51818181818182,7.86875,8.08488372093023,137,67,11,32,172,5274,3480,1794,384,967,4307,8.02990329920364,8.36529885057471,7.37930323299888,7.50911458333333,7.8724405377456,8.06525655908986,26
"30",2011,8,7.85150862068966,232,8.27101449275362,7.23563829787234,6.92391304347826,7.59705882352941,7.89520202020202,138,94,23,34,198,5506,3618,1888,407,1001,4505,8.02238648746822,8.36170259812051,7.37215042372881,7.47604422604423,7.86308691308691,8.05778246392897,27
"31",2011,9,7.85480392156863,204,8.14721804511278,7.30704225352113,7.7,7.55238095238095,7.88950819672131,133,71,15,21,183,5710,3751,1959,422,1022,4688,8.01639929947461,8.35409757398027,7.36979070954568,7.48400473933649,7.85670254403131,8.05121373720137,28
"32",2011,10,7.83652582159624,213,8.35449612403101,7.04107142857143,7.84375,7.99782608695652,7.817,129,84,16,23,190,5923,3880,2043,438,1045,4878,8.0099307783218,8.35411082474227,7.35627508565834,7.49714611872146,7.85980861244019,8.04209102091021,29
"33",2011,11,7.74913043478261,276,8.15329411764706,7.10094339622642,7.2775,7.4375,7.795875,170,106,20,36,240,6199,4050,2149,458,1081,5118,7.99831908372318,8.34568148148148,7.34368078175896,7.48755458515284,7.84574468085106,8.03054513481829,30
"34",2011,12,7.80131462745098,255,8.0990690960452,7.12564102564103,7.46153846153846,7.60862068965517,7.82604084070796,177,78,13,29,226,6454,4227,2227,471,1110,5344,7.99053536256585,8.33535491601609,7.33604400538841,7.48683651804671,7.83954954954955,8.0218965625,31
"35",2012,1,7.748,325,8.22238805970149,6.97903225806452,7.38214285714286,7.59146341463415,7.7705985915493,201,124,28,41,284,6779,4428,2351,499,1151,5628,7.97890768992477,8.33022701671183,7.31721395150999,7.48096192384769,7.83071242397915,8.00921557036247,32
"36",2012,2,7.93063829787234,235,8.19936305732484,7.38974358974359,7.66666666666667,7.45428571428571,8.014,157,78,21,35,200,7014,4585,2429,520,1186,5828,7.97729045195324,8.32574596074155,7.31954302181968,7.48846153846154,7.81960370994941,8.00937975806452,33
"37",2012,3,7.83146341463415,205,8.16022727272727,7.23698630136986,7.10526315789474,7.57142857142857,7.86114130434783,132,73,19,21,184,7219,4717,2502,539,1207,6012,7.97314936002216,8.32111410430358,7.31713429256595,7.47495361781076,7.81528583264291,8.00484285262808,34
"38",2012,4,7.77,200,8.29246031746032,6.88040540540541,7.46666666666667,6.93181818181818,7.87359550561798,126,74,21,22,178,7419,4843,2576,560,1229,6190,7.96767289796469,8.32036862068966,7.30458850931677,7.47464285714286,7.79947111472742,8.00106869628433,35
"39",2012,5,7.74529702970297,202,8.24194915254237,7.04761904761905,7.16666666666667,7.51,7.77853107344633,118,84,15,25,177,7621,4961,2660,575,1254,6367,7.96177866815379,8.31850337230397,7.29647368421053,7.46660869565217,7.79370015948963,7.99488224124392,36
"40",2012,6,7.93945945945946,185,8.13083333333333,7.58615384615385,7.44615384615385,7.13636363636364,7.99022988505747,120,65,13,11,174,7806,5081,2725,588,1265,6541,7.96124970919805,8.31407109427278,7.30338348623853,7.46615646258503,7.78798418972332,7.99475848188351,37
"41",2012,7,7.94368686868687,198,8.31984126984127,7.28541666666667,6.7,7.85909090909091,7.95426136363636,126,72,15,22,176,8004,5207,2797,603,1287,6717,7.96081524612694,8.31421072210486,7.30292098677154,7.44709784411277,7.78919968919969,7.99369736936132,38
"42",2012,8,7.98325242718447,206,8.231640625,7.57564102564103,7.63636363636364,7.96086956521739,7.98606557377049,128,78,22,23,183,8210,5335,2875,625,1310,6900,7.96137822533496,8.31222965885661,7.31032,7.45376,7.79221374045801,7.99349496086957,39
"43",2012,9,7.75942857142857,175,8.09336283185841,7.1508064516129,7.31818181818182,8.002,7.719,113,62,11,25,150,8385,5448,2937,636,1335,7050,7.95716341443053,8.3076900201909,7.30695267279537,7.45141509433962,7.79614232209738,7.98765464255319,40
"44",2012,10,7.64883163265306,196,7.9838547008547,7.1526582278481,7.375,7.61724137931034,7.65431736526946,117,79,18,29,167,8581,5565,3016,654,1364,7217,7.95012075865284,8.30088162264151,7.30291114058355,7.4493119266055,7.79233870967742,7.979941281696,41
"45",2012,11,7.65630196078431,255,7.94744805194805,7.21237623762376,7.07894736842105,7.44088235294118,7.68944343891403,154,101,19,34,221,8836,5719,3117,673,1398,7438,7.94164137958352,8.29136443958734,7.29997754250882,7.4388558692422,7.78379113018598,7.97130992605539,42
"46",2012,12,7.70987394957983,238,8.1875816993464,6.85,6.66842105263158,7.48076923076923,7.73797169811321,153,85,19,26,212,9074,5872,3202,692,1424,7650,7.93556240136654,8.28866029121254,7.28803247970019,7.41770231213873,7.77825842696629,7.96484355947713,43
"47",2013,1,7.95895765472313,307,8.20953488372093,7.37336956521739,7.16964285714286,7.32638888888889,8.0429889298893,215,92,28,36,271,9381,6087,3294,720,1460,7921,7.93632802792879,8.28586548874651,7.29041590771099,7.40805555555555,7.76711643835616,7.9675171354627,44
"48",2013,2,7.8198347107438,242,8.24258064516129,7.06666666666667,7.45384615384615,7.652,7.83917050691244,155,87,13,25,217,9623,6242,3381,733,1485,8138,7.93339844435207,8.2847906488305,7.28465838509317,7.40886766712142,7.76517845117845,7.96409476898501,45
"49",2013,3,7.72257674418605,215,7.96388888888889,7.38094382022472,7.03095238095238,7.81904761904762,7.71213402061856,126,89,21,21,194,9838,6368,3470,754,1506,8332,7.92879113945924,8.27844114792713,7.28712795389049,7.39834217506631,7.76592961487384,7.95822818410946,46
"50",2013,4,7.73969849246231,199,8.19422764227642,7.00407894736842,6.82090909090909,7.76478260869565,7.73642045454545,123,76,22,23,176,10037,6491,3546,776,1529,8508,7.9250420673508,8.27684535972885,7.28106147772138,7.38197164948453,7.76591236102027,7.95363977785614,47
"51",2013,5,7.88,200,8.20387596899225,7.29154929577465,7.68235294117647,7.58571428571429,7.9145251396648,129,71,17,21,179,10237,6620,3617,793,1550,8687,7.92416208166455,8.27542344864048,7.28126734863146,7.38841109709962,7.76347096774193,7.95283380108208,48
"52",2013,6,7.73477068062827,191,8.06034333333333,7.18450704225352,6.828125,7.7163,7.7374251497006,120,71,16,24,167,10428,6740,3688,809,1574,8854,7.92069317510548,8.27159412908012,7.27940455531453,7.37733003708282,7.76275171537484,7.94877086401626,49
"53",2013,7,7.71121495327103,214,7.98473282442748,7.27951807228916,7.5,7.76086956521739,7.70523560209424,131,83,17,23,191,10642,6871,3771,826,1597,9045,7.91648077710957,8.26612493523504,7.27940705383187,7.37985472154964,7.7627246086412,7.94362821779989,50
"54",2013,8,7.69080310880829,193,7.86138059701493,7.30338983050847,7.32142857142857,7.625,7.69841040462428,134,59,14,20,173,10835,7005,3830,840,1617,9218,7.91246086109829,8.25838250249821,7.27977650130548,7.37888095238095,7.76102115027829,7.93902606096767,51
"55",2013,9,7.63502538071066,197,7.95458333333333,7.13701298701299,7,7.03846153846154,7.72573099415205,120,77,19,26,171,11032,7125,3907,859,1643,9389,7.90750665609137,8.25326588491228,7.27696288712567,7.37050058207218,7.7495868533171,7.93514136010225,52
"56",2013,10,7.6085635359116,181,7.94601769911504,7.04779411764706,6.81111111111111,7.59615384615385,7.61064516129032,113,68,18,26,155,11213,7238,3975,877,1669,9544,7.90268112280389,8.24846911163305,7.27304251572327,7.35901938426454,7.74719664469742,7.92987135687343,53
"57",2013,11,7.62170731707317,246,7.94183006535948,7.09505376344086,6.96307692307692,7.19642857142857,7.67633027522936,153,93,26,28,218,11459,7391,4068,903,1697,9762,7.89664922157256,8.24212142199973,7.26897345132743,7.34761904761905,7.73810913376547,7.92420940688383,54
"58",2013,12,7.72055084745763,236,8.1125,7.06136363636364,6.75,7.71086956521739,7.72159624413146,148,88,24,23,213,11695,7539,4156,927,1720,9975,7.89309563317657,8.23957679135164,7.26457747834456,7.33214670981661,7.73774488372093,7.91988293032581,55
"59",2014,1,7.77471590909091,352,8.05679012345679,7.14587155963303,7.15161290322581,7.9969696969697,7.75172413793103,243,109,31,33,319,12047,7782,4265,958,1753,10294,7.88963670872416,8.23386911205346,7.26154372801876,7.32630480167015,7.74262475755847,7.91467187002137,56
"60",2014,2,7.48348017621145,227,7.96884615384615,6.83298969072165,6.65652173913043,7.51136363636364,7.48048780487805,130,97,23,22,205,12274,7912,4362,981,1775,10499,7.88212509613818,8.22951458923155,7.25201375515818,7.31060142711519,7.73975842253521,7.90619413563196,57
"61",2014,3,7.70277777777778,216,8.14057971014493,6.92820512820513,6.896,7.53823529411765,7.71683417085427,138,78,25,17,199,12490,8050,4440,1006,1792,10698,7.87902349319456,8.22798999130435,7.24632522522522,7.30029821073559,7.73784665178571,7.90267173583847,58
"62",2014,4,7.68536612021858,183,7.97132075471698,7.29171428571429,7.14814814814815,7.44470588235294,7.71001204819277,106,77,27,17,166,12673,8156,4517,1033,1809,10864,7.87622705200032,8.22465417238843,7.24709895948638,7.29632139399806,7.73509187396351,7.89972792986009,59
"63",2014,5,7.59457142857143,175,7.94525862068966,6.90508474576271,6.42857142857143,7.736,7.571,116,59,14,25,150,12848,8272,4576,1047,1834,11014,7.87239067792653,8.22073614966151,7.24268924825175,7.2847182425979,7.73510425299891,7.89525097421463,60
"64",2014,6,7.72574324324324,148,8.0681914893617,7.12962962962963,7.01,7.76388888888889,7.72046153846154,94,54,10,18,130,12996,8366,4630,1057,1852,11144,7.87072063942752,8.21902216471432,7.24137062634989,7.28211920529801,7.73538401727861,7.89321197325915,61
"65",2014,7,7.82015957446808,188,8.07405172413793,7.41111111111111,7.58333333333333,7.6525,7.84011904761905,116,72,18,20,168,13184,8482,4702,1075,1872,11312,7.86999965336772,8.21703954609762,7.24396980008507,7.28716279069767,7.7344985042735,7.89242346446252,62
"66",2014,8,7.51995024875622,201,7.85246478873239,6.71966101694915,6,7.59090909090909,7.51122905027933,142,59,14,22,179,13385,8624,4761,1089,1894,11491,7.86474302801644,8.21103657583488,7.23747237975215,7.27061524334252,7.73283062302006,7.88648544339048,63
"67",2014,9,7.66825842696629,178,7.8671568627451,7.40131578947368,7.20526315789474,7.90588235294118,7.64316770186335,102,76,19,17,161,13563,8726,4837,1108,1911,11652,7.86216437587554,8.20701689548476,7.24004672317552,7.26949458483754,7.73437006802721,7.88312343202883,64
"68",2014,10,7.66421568627451,204,8.03129770992366,7.00547945205479,6.62962962962963,7.35882352941176,7.72529411764706,131,73,27,34,170,13767,8857,4910,1135,1945,11822,7.85923116365221,8.20441791012759,7.23655926680244,7.2542731277533,7.72780524421593,7.8808538512942,65
"69",2014,11,7.60782828282828,198,7.92791666666667,7.11538461538461,7.125,7.80666666666667,7.59153005464481,120,78,24,15,183,13965,8977,4988,1159,1960,12005,7.85566669745793,8.20072178121867,7.23466439454691,7.25159620362381,7.7284087755102,7.87644350104123,66
"70",2014,12,7.59393719806763,207,7.85144444444444,7.11111111111111,7.365,7.43806451612903,7.62139204545455,135,72,10,31,176,14172,9112,5060,1169,1991,12181,7.85184380680215,8.19554701821774,7.23290632411067,7.25256629597947,7.72388809643395,7.8727583310073,67
"71",2015,1,7.78238562091503,306,8.01071065989848,7.3697247706422,7.74285714285714,7.67275862068966,7.79386281588448,197,109,28,29,277,14478,9309,5169,1197,2020,12458,7.85037577220611,8.19163545278763,7.23579144902302,7.2640350877193,7.72315405940594,7.87100411221705,68
"72",2015,2,7.71518691588785,214,8.01515151515152,7.23231707317073,7.50217391304348,7.88421052631579,7.69871794871795,132,82,23,19,195,14692,9441,5251,1220,2039,12653,7.84840664511299,8.189167930304,7.23573719291563,7.26852459016393,7.72465483079941,7.86834894728523,69
"73",2015,3,7.63024390243902,205,7.89621848739496,7.26220930232558,6.75625,7.8,7.61684210526316,119,86,16,15,190,14897,9560,5337,1236,2054,12843,7.84540447271263,8.18552138389122,7.23616376241334,7.26189320388349,7.72520506329114,7.86462814217862,70
"74",2015,4,7.6519806763285,207,8.02639097744361,6.97905405405405,6.66666666666667,7.62142857142857,7.65543010752688,133,74,15,21,186,15104,9693,5411,1251,2075,13029,7.84275360368115,8.18333791705355,7.23264756976529,7.25475619504396,7.72415479518072,7.86164166321283,71
"75",2015,5,7.64883720930233,172,8.00567010309278,7.18733333333333,7.18863636363636,7.7475,7.63585526315789,97,75,22,20,152,15276,9790,5486,1273,2095,13181,7.84057020358733,8.18157757201226,7.23202807145461,7.25361351139041,7.72437766109785,7.85903795083833,72
"76",2015,6,7.6671724137931,145,7.96311111111111,7.18290909090909,7.328125,7.88888888888889,7.63574803149606,90,55,16,18,127,15421,9880,5541,1289,2113,13308,7.83893978535763,8.17958749291498,7.23154051615232,7.25453840186191,7.72577908187411,7.85690706567478,73
"77",2015,7,7.84403409090909,176,8.08290598290598,7.37033898305085,7.30263157894737,7.92777777777778,7.83449367088608,117,59,19,18,158,15597,9997,5600,1308,2131,13466,7.83899727062897,8.17845597979394,7.23300285714286,7.2552370030581,7.72748531206006,7.856644083618,74
"78",2015,8,7.57807486631016,187,7.9448,6.83870967741935,6.5,7.04666666666667,7.62441860465116,125,62,10,15,172,15784,10122,5662,1318,2146,13638,7.83590600798277,8.17557048310611,7.22868527022254,7.24950682852807,7.7227265610438,7.85371529769761,75
"79",2015,9,7.66844311377246,167,8.05394495412844,6.94396551724138,7.15789473684211,7.52047619047619,7.68972602739726,109,58,19,21,146,15951,10231,5720,1337,2167,13784,7.83415274465551,8.17427469748803,7.22579825174825,7.24820493642483,7.72076658975542,7.85197832486941,76
"80",2015,10,7.54585635359116,181,7.81344537815126,7.03225806451613,7.33333333333333,7.84375,7.5169696969697,119,62,18,16,165,16132,10350,5782,1355,2183,13949,7.8309180777337,8.17012603188406,7.22372293324109,7.24933579335793,7.72166797984425,7.84801557315936,77
"81",2015,11,7.55635593220339,236,7.89866666666667,6.9593023255814,6.94210526315789,7.83333333333333,7.5293023255814,150,86,19,21,215,16368,10500,5868,1374,2204,14164,7.82695933712122,8.16624804095238,7.21984764826176,7.24508733624454,7.72273194192377,7.84317772027676,78
"82",2015,12,7.54166666666667,306,7.82164948453608,7.05669642857143,6.68566666666667,7.321875,7.56733576642336,194,112,30,32,274,16674,10694,5980,1404,2236,14438,7.82172366738635,8.1599966738358,7.21679197324415,7.2331339031339,7.71699516994633,7.83794287505194,79
"83",2016,1,7.63852941176471,306,7.96948275862069,7.20227272727273,6.91911764705882,7.92954545454545,7.61598591549296,174,132,34,22,284,16980,10868,6112,1438,2258,14722,7.81842228680801,8.15694648785425,7.21647840314136,7.22570931849791,7.7190660761736,7.833661135036,80
"84",2016,2,7.55221621621622,185,7.88342105263158,7.02042253521127,7.2,7.54285714285714,7.55298245614035,114,71,13,14,171,17165,10982,6183,1451,2272,14893,7.815553185552,8.15410712347478,7.21422707423581,7.22547898001378,7.71798028169014,7.83043840931981,81
"85",2016,3,7.62427884615385,208,7.96532846715328,6.96619718309859,7.37083333333333,7.59166666666667,7.62736842105263,137,71,24,18,190,17373,11119,6254,1475,2290,15083,7.81326313417372,8.1517811340948,7.21141125679565,7.22784406779661,7.71698742358078,7.827880344096,82
"86",2016,4,7.48930348258707,201,7.81507352941177,6.80769230769231,6.64705882352941,7.25,7.52175141242938,136,65,17,24,177,17574,11255,6319,1492,2314,15260,7.80955789404803,8.14771252154598,7.20725842696629,7.22122654155496,7.71214399308556,7.82432956946265,83
"87",2016,5,7.778,225,8.09862068965517,7.196875,7.04705882352941,8.13157894736842,7.74538834951456,145,80,17,19,206,17799,11400,6399,1509,2333,15466,7.80915896567223,8.14708810789474,7.20712861384591,7.21926441351888,7.71555987998285,7.82327810875469,84
"88",2016,6,7.57462686567164,201,7.80992907801418,7.02166666666667,7.83333333333333,7.78333333333333,7.55779569892473,141,60,12,15,186,18000,11541,6459,1521,2348,15652,7.80654002388889,8.14296893076857,7.20540579037003,7.22410913872452,7.71599284497444,7.82012325773064,85
"89",2016,7,7.70788177339901,203,7.96167883211679,7.18106060606061,7.45277777777778,7.41388888888889,7.73648648648649,137,66,18,18,185,18203,11678,6525,1539,2366,15837,7.80543978629897,8.14084213307073,7.20515954022988,7.22678362573099,7.7136945054945,7.8191462543411,86
"90",2016,8,7.83502512562814,199,8.11975806451613,7.36426666666667,7.03636363636364,7.5125,7.86322404371585,124,75,22,16,183,18402,11802,6600,1561,2382,16020,7.80575972339964,8.14062060921878,7.20696757575757,7.2240999359385,7.71234307304786,7.81964976466916,87
"91",2016,9,7.65366492146597,191,7.87118644067797,7.30205479452055,6.91590909090909,7.06842105263158,7.71831395348837,118,73,22,19,172,18593,11920,6673,1583,2401,16192,7.80419730167268,8.13795339177853,7.20800779259703,7.21981680353758,7.70724748021657,7.81857332201087,88
"92",2016,10,7.61568348623853,218,7.90491911764706,7.1359756097561,7.254,7.7,7.60476165803109,136,82,25,25,193,18811,12056,6755,1608,2426,16385,7.80201262187019,8.13532460434639,7.2071333826795,7.22034825870646,7.70717279472382,7.81605482026243,89
"93",2016,11,7.57758536585366,246,8.00238271604938,6.75833333333333,6.71111111111111,7.53227586206897,7.58364055299539,162,84,18,29,217,19057,12218,6839,1626,2455,16602,7.79911557065646,8.13356191111475,7.20162099722181,7.21471094710947,7.70510680244399,7.81301699975906,90
"94",2016,12,7.6459243697479,238,7.98271084337349,6.86944444444444,6.49473684210526,7.37142857142857,7.67248847926267,166,72,19,21,217,19295,12384,6911,1645,2476,16819,7.79722598756155,8.13153984415375,7.19816032412097,7.20639513677811,7.70227673667205,7.81120389024318,91
"95",2017,1,7.62863787375415,301,7.93107142857143,7.06409523809524,7,7.5,7.64287822878229,196,105,27,30,271,19596,12580,7016,1672,2506,17090,7.79463642733212,8.12841648887123,7.19615393386545,7.20306220095693,7.69985522745411,7.80853471211235,92
"96",2017,2,7.51363228699552,223,7.9071724137931,6.78205128205128,6.86842105263158,7.604,7.50222222222222,145,78,19,25,198,19819,12725,7094,1691,2531,17288,7.79147461678188,8.12589543654224,7.19160078939949,7.1993021880544,7.69890841564599,7.80502650566867,93
"97",2017,3,7.56534562211982,217,7.91689655172414,6.85736111111111,6.5875,6.98611111111111,7.61773869346734,145,72,20,18,199,20036,12870,7166,1711,2549,17487,7.78902552555401,8.12354074825175,7.18824253418923,7.19215078901227,7.69387493134562,7.80289519242866,94
"98",2017,4,7.73262008733624,229,7.9040243902439,7.30015384615385,7.54545454545455,7.63454545454545,7.74304347826087,164,65,11,22,207,20265,13034,7231,1722,2571,17694,7.78838812879349,8.12077868881387,7.18924851334532,7.19440766550522,7.69336725009724,7.80219499434837,95
"99",2017,5,7.6952736318408,201,7.95038461538462,7.22816901408451,7.02307692307692,7.15,7.7521978021978,130,71,26,19,182,20466,13164,7302,1748,2590,17876,7.78747363578619,8.11909597614707,7.18962695152013,7.19185926773455,7.68938115830115,7.8016859605057,96
"100",2017,6,7.4406432748538,171,7.87,6.75757575757576,6.5,6.82142857142857,7.49585987261147,105,66,17,14,157,20637,13269,7368,1765,2604,18033,7.78459976886176,8.11712483457683,7.18575678610206,7.18519546742209,7.68471474654377,7.79902335884212,97
"101",2017,7,7.51644549763033,211,7.89409448818898,6.94547619047619,7.08695652173913,7.80769230769231,7.49732323232323,127,84,23,13,198,20848,13396,7452,1788,2617,18231,7.78188581302764,8.11501040833084,7.18304830917874,7.1839317673378,7.68532564004585,7.79574670780539,98
"102",2017,8,7.43984924623116,199,7.76552845528455,6.91276315789474,6.87391304347826,6.96428571428571,7.47583783783784,123,76,23,14,185,21047,13519,7528,1811,2631,18416,7.77865184729416,8.11183071454989,7.18031960680127,7.17999447818884,7.68148886354998,7.7925330272589,99
"103",2017,9,7.67848958333333,192,7.9125,7.25176470588235,6.86363636363636,7.46153846153846,7.69424581005587,124,68,11,13,179,21239,13643,7596,1822,2644,18595,7.77774638306889,8.1100190156124,7.18095918904687,7.17808452250274,7.68040741301059,7.79158689056198,100
"104",2017,10,7.61705314009662,207,7.91485074626866,7.07041095890411,6.8875,7.45,7.62553299492386,134,73,20,10,197,21446,13777,7669,1842,2654,18792,7.77619534785042,8.10812073963853,7.17990689790064,7.17492942453854,7.67953926149208,7.78984611696466,101
"105",2017,11,7.54504166666667,240,7.89965753424658,6.99425531914894,7.07619047619048,7.70454545454545,7.52894495412844,146,94,21,22,218,21686,13923,7763,1863,2676,19010,7.77363715899659,8.10593474323062,7.17765889475718,7.17381642512077,7.67974484304932,7.78685419410836,102
"106",2017,12,7.61778189300412,243,7.90405882352941,7.13111111111111,6.98695652173913,7.50006666666667,7.62552631578947,153,90,23,15,228,21929,14076,7853,1886,2691,19238,7.7719100930275,8.10374043975561,7.17712542977206,7.17153764581124,7.67874329245633,7.78494220968915,103
"107",2018,1,7.62429435185185,324,7.95921658986175,6.94505953271028,6.21219178571429,7.68333333333333,7.61892717171717,217,107,28,27,297,22253,14293,7960,1914,2718,19535,7.76976083224734,8.10154624151682,7.17400595100503,7.15750332810867,7.67878888888889,7.78241820322498,104
"108",2018,2,7.46657142857143,210,7.88682170542636,6.79728395061728,6.98409090909091,7.06111111111111,7.50458333333333,129,81,22,18,192,22463,14422,8041,1936,2736,19727,7.76692640341896,8.09962560185827,7.17021108941674,7.15553273243801,7.67472521929824,7.77971407715314,105
"109",2018,3,7.35082872928177,181,7.53672566371681,7.04191176470588,6.64666666666667,6.9475,7.40093167701863,113,68,15,20,161,22644,14535,8109,1951,2756,19888,7.76360041512101,8.09524942758857,7.16913520409422,7.15162038441825,7.66944782293178,7.77664770716009,106
"110",2018,4,7.4360806043956,182,7.70703366972477,7.03150684931507,6.964,6.8,7.50589432926829,109,73,25,18,164,22826,14644,8182,1976,2774,20052,7.7609889805485,8.09235981289265,7.16790728061599,7.14924664473684,7.66380612833453,7.77443328695392,107
"111",2018,5,7.57212765957447,188,7.93044642857143,7.04407894736842,7.11538461538461,7.52777777777778,7.57435754189944,112,76,13,9,179,23014,14756,8258,1989,2783,20231,7.75944618362736,8.09113086879913,7.16676766408331,7.14902532428356,7.66336622349982,7.77266305521229,108
"112",2018,6,7.45257142857143,140,7.90605263157895,6.9140625,7.14,7.71666666666667,7.4278125,76,64,10,12,128,23154,14832,8322,1999,2795,20359,7.75759067418157,8.09018251752966,7.16482424537371,7.14898017508754,7.6635950626118,7.7704949295152,109
"113",2018,7,7.53854304635762,151,7.78978021978022,7.1575,7.04166666666667,7.44444444444444,7.54450704225352,91,60,12,9,142,23305,14923,8382,2011,2804,20501,7.75617139969964,8.08835067345707,7.16477181698879,7.14833981601193,7.66289165477888,7.76892962635969,110
"114",2018,8,7.57282233532934,167,7.95748148148148,6.86870050847458,6.89285714285714,7.66153846153846,7.56533331168831,108,59,14,13,154,23472,15031,8441,2025,2817,20655,7.75486689672802,8.08741035859224,7.16270236938751,7.14657351604938,7.66288541001065,7.76741164851125,111
"115",2018,9,7.51412162162162,148,7.75704081632653,7.038,6.99,7.66071428571429,7.49880597014925,98,50,10,14,134,23620,15129,8491,2035,2831,20789,7.75335841659611,8.08527034833762,7.16196804852196,7.14580411302211,7.66287467326033,7.76568029246236,112
"116",2018,10,7.45742074468085,188,7.73085447154472,6.94,7.2475,7.82109130434783,7.40672727272727,123,65,20,23,165,23808,15252,8556,2055,2854,20954,7.75102154317877,8.08241215578284,7.16028175549322,7.1467938540146,7.66414971969166,7.76285375584614,113
"117",2018,11,7.60072388888889,198,7.92156407692308,6.98735294117647,6.96666666666667,6.97222222222222,7.66357405555556,130,68,15,18,180,24006,15382,8624,2070,2872,21134,7.74978189744231,8.08105275841892,7.15891821660482,7.14548858454106,7.65981312674094,7.76200818254944,114
"118",2018,12,7.75331606217617,193,8.07024,7.17073529411765,7.18181818181818,7.48866666666667,7.77561797752809,125,68,11,15,178,24199,15507,8692,2081,2887,21312,7.74981008430101,8.08096559811697,7.15901066497929,7.14568061989428,7.65892390024246,7.76212185294669,115
"119",2019,1,7.57598620155039,258,7.73061435294118,7.27727272727273,6.88,7.83157894736842,7.55566711297071,170,88,20,19,239,24457,15677,8780,2101,2906,21551,7.74797639407941,8.07716642023346,7.16019597949886,7.14315153260352,7.66005275292498,7.75983227553246,116
"120",2019,2,7.75046783625731,171,7.97990740740741,7.35714285714286,7.15,7.84,7.73860927152318,108,63,10,20,151,24628,15785,8843,2111,2926,21702,7.74799369295112,8.07650098004434,7.16159908402126,7.1431839744197,7.66128274094326,7.75968460833103,117
"121",2019,3,7.44075675675676,185,7.95405405405405,6.67081081081081,6.38461538461539,7.4075,7.44478787878788,111,74,13,20,165,24813,15896,8917,2124,2946,21867,7.7457030052795,8.07564594677906,7.15752615229337,7.1385411346516,7.65955984385607,7.75730851831527,118
"122",2019,4,7.38988812080537,149,7.74208831325301,6.9469696969697,6.73333333333333,7.46153846153846,7.38303919117647,83,66,15,13,136,24962,15979,8983,2139,2959,22003,7.74357912026281,8.07391334251204,7.15597914950462,7.13569956521739,7.65868986143967,7.75499516884061,119
"123",2019,5,7.38355263157895,152,7.79655172413793,6.83076923076923,6.46666666666667,7.125,7.40571428571429,87,65,15,12,140,25114,16066,9048,2154,2971,22143,7.74140009556423,8.0724113842898,7.15364287135278,7.13104056174559,7.65653426455738,7.7527868265366,120
"124",2019,6,7.63486540372671,161,7.92372727272727,7.01183,6.69230769230769,7.93380928571429,7.60639455782313,110,51,13,14,147,25275,16176,9099,2167,2985,22290,7.74072147695352,8.0714003029179,7.15284800857237,7.12840856945085,7.65783471691792,7.75182138627187,121
"125",2019,7,7.61885542168675,166,8.01313131313131,7.03626865671642,7.064375,7.86666666666667,7.59423841059603,99,67,16,15,151,25441,16275,9166,2183,3000,22441,7.73992631303802,8.07104585560675,7.15199585751691,7.12793924415941,7.65887887666666,7.75076104897286,122
"126",2019,8,7.62357843137255,204,8.00909836065574,7.05,6.5,7.34736842105263,7.65194594594595,122,82,12,19,185,25645,16397,9248,2195,3019,22626,7.73900079274713,8.0705849423675,7.1510914824827,7.1245063189066,7.65691839350778,7.74995309378591,123
"127",2019,9,7.65752873563218,174,7.73636363636364,7.52203125,6.88461538461539,7.825,7.64056962025316,110,64,13,16,158,25819,16507,9312,2208,3035,22784,7.73845173438166,8.068357745199,7.15364089669244,7.12309391757246,7.65780449093904,7.74919455319522,124
"128",2019,10,7.57585535135135,185,7.95930846846847,7.00067567567568,6.8047619047619,7.89333333333333,7.54784258823529,111,74,21,15,170,26004,16618,9386,2229,3050,22954,7.73729497654208,8.06762935010229,7.15243490624334,7.1200948272768,7.65896282950819,7.74770331706892,125
"129",2019,11,7.52388743455497,191,7.9072619047619,7.05581395348837,7.18421052631579,7.29181818181818,7.53806944444444,105,86,19,11,180,26195,16723,9472,2248,3061,23134,7.73573892231342,8.06662243855767,7.15155764674831,7.12063673042705,7.6576434596537,7.746072207141,126
"130",2019,12,7.56831932773109,238,7.88326797385621,7.00141176470588,7.495,7.56588235294118,7.56850678733032,153,85,16,17,221,26433,16876,9557,2264,3078,23355,7.73423149358757,8.06496012325195,7.15022224861358,7.12328240724382,7.65713665692007,7.74439196917148,127
"131",2020,1,7.57315789473684,285,7.81565934065934,7.14466019417476,6.575,7.69,7.55941176470588,182,103,20,30,255,26718,17058,9660,2284,3108,23610,7.73251332697059,8.06230021338961,7.15016294306418,7.11848133537653,7.65745387065637,7.74239408894536,128
"132",2020,2,7.66118383886256,211,8.02018923664122,7.0733125,6.74107142857143,7.79234333333333,7.65327472361809,131,80,14,12,199,26929,17189,9740,2298,3120,23809,7.73195443053957,8.06197927919017,7.14953172792608,7.11618205831158,7.65797267628205,7.74164921290268,129
"133",2020,3,7.49209580838323,167,7.75436893203883,7.07,6.87272727272727,7.79090909090909,7.47102564102564,103,64,11,11,156,27096,17292,9804,2309,3131,23965,7.73047611677001,8.06014699456395,7.14901254895961,7.11502224772629,7.65843971574576,7.73988759065304,130
"134",2020,4,7.68373017857143,168,7.98976900990099,7.22238805970149,6.85714285714286,7.46153846153846,7.70236561290323,101,67,14,13,155,27264,17393,9871,2323,3144,24120,7.73018806961562,8.05973831426435,7.14951058960591,7.11346808867843,7.65762555661577,7.7396464668325,131
"135",2020,5,7.6370718,150,7.89631815533981,7.06893617021277,6.18,7.53177111111111,7.65143098484848,103,47,18,18,132,27414,17496,9918,2341,3162,24252,7.72967856934414,8.05877624999999,7.14912875882234,7.10629063220846,7.65690911764706,7.73916632318984,132
"136",2020,6,7.57068493150685,146,7.87879120879121,7.06090909090909,6.75714285714286,7.1,7.60529411764706,91,55,14,10,136,27560,17587,9973,2355,3172,24388,7.72883629535559,8.05784495763916,7.14864223704001,7.10421501910828,7.65515341424968,7.73841978309004,133
"137",2020,7,7.69075471698113,159,8.00188679245283,7.06849056603774,6.60764705882353,7.158125,7.75034965034965,106,53,17,16,143,27719,17693,10026,2372,3188,24531,7.72861785417945,8.05750970835923,7.1482185348095,7.10065614249579,7.65265891781681,7.73848932656638,134
"138",2020,8,7.536520875,160,7.87122118811881,6.9635593220339,6.75,8.1,7.47822993103448,101,59,13,15,145,27879,17794,10085,2385,3203,24676,7.7275153929481,8.05645232156906,7.14713822806148,7.09874480922432,7.65475386512644,7.73696000202626,135
"139",2020,9,7.47906077348066,181,7.68267326732673,7.222,7.30555555555556,7.60588235294118,7.46591463414634,101,80,18,17,164,28060,17895,10165,2403,3220,24840,7.72591274554526,8.05434269963676,7.14772740088539,7.10029395339159,7.65449584782608,7.73517049154589,136
"140",2020,10,7.52951,161,7.8421990625,7.06769230769231,6.76666666666667,7.44285714285714,7.53776265306122,96,65,15,14,147,28221,17991,10230,2418,3234,24987,7.72479227348429,8.053210700906,7.14721886901271,7.09822430521092,7.65357966295609,7.73400912954736,137
"141",2020,11,7.560625,208,7.88946153846154,7.0125641025641,6.855,8.23076923076923,7.51594871794872,130,78,16,13,195,28429,18121,10308,2434,3247,25182,7.7235911481234,8.05203596490259,7.14619994470314,7.09662546014791,7.65589055435786,7.73232055118735,138
"142",2020,12,7.53543147208122,197,7.77645161290323,7.12602739726027,6.45384615384615,7.08666666666667,7.57241758241758,124,73,13,15,182,28626,18245,10381,2447,3262,25364,7.72229626039266,8.05016298821594,7.1460580897794,7.09321061299551,7.65327303188228,7.73117316353887,139
"143",2021,1,7.54997287804878,205,7.80769230769231,7.1032592,7.09375,7.45384615384615,7.55648145833333,130,75,16,13,192,28831,18375,10456,2463,3275,25556,7.72107097187056,8.04844754938775,7.14575109697781,7.09321411693057,7.65248141374045,7.72986071998748,140
"144",2021,2,7.59157068062827,191,7.87162790697674,7.00887096774194,6.5625,7.43888888888889,7.60745664739884,129,62,16,18,173,29022,18504,10518,2479,3293,25729,7.7202187027083,8.04721485732814,7.14494423559612,7.08978877369907,7.6513138870331,7.72903768354774,141
"145",2021,3,7.70832414201183,169,7.87870660194175,7.44242424242424,7.13636363636364,8.10564285714286,7.67243729032258,103,66,11,14,155,29191,18607,10584,2490,3307,25884,7.72014983967662,8.0462820712635,7.1467992696523,7.08999452610442,7.6532372633807,7.72869874594344,142
"146",2021,4,7.65305858108108,148,7.8887153125,7.218,6.771,8.10909090909091,7.61644284671533,96,52,16,11,137,29339,18703,10636,2506,3318,26021,7.71981139916153,8.04547330214404,7.14714737401278,7.08795784916201,7.65474853224834,7.72810772107144,143
"147",2021,5,7.48204225352113,142,7.89156626506024,6.90593220338983,5.44444444444444,6.83333333333333,7.51066176470588,83,59,9,6,136,29481,18786,10695,2515,3324,26157,7.71866614565314,8.04479331257319,7.14581668723702,7.08207648906561,7.65326583333333,7.7269771384333,144
"148",2021,6,7.44460201492537,134,7.74826295774648,7.10238095238095,6.31818181818182,7.17692307692308,7.47336090909091,71,63,11,13,121,29615,18857,10758,2526,3337,26278,7.71742607833869,8.04367682240017,7.14556232292247,7.07874994853524,7.65141013784836,7.72580933404368,145
"149",2021,7,7.48685714285714,140,7.72333333333333,7.16220338983051,6.55833333333333,8.575,7.43813432835821,81,59,12,6,134,29755,18938,10817,2538,3343,26412,7.71634123038146,8.04230667652339,7.14565308958121,7.0762893498818,7.65306779240203,7.72434982886566,146
"150",2021,8,7.6431724137931,145,7.95753086419753,7.2453125,6.96428571428571,8.14285714285714,7.61782608695652,81,64,14,7,138,29900,19019,10881,2552,3350,26550,7.71598639832777,8.04194562490141,7.14623926753056,7.07567490987461,7.65409123283582,7.72379614613936,147
"151",2021,9,7.5106025,144,7.84742607594937,7.10123230769231,7.11538461538461,7.56,7.50691611940298,79,65,13,10,134,30044,19098,10946,2565,3360,26684,7.71500199940089,8.04114098334903,7.14597200529874,7.07587616764133,7.65381119940476,7.72270703192924,148
"152",2021,10,7.59957317073171,164,7.99035294117647,7.17911392405063,7.05789473684211,7.95,7.57681818181818,85,79,19,10,154,30208,19183,11025,2584,3370,26838,7.71437533335541,8.04091594119793,7.14620948480725,7.07574395123839,7.65469009792285,7.72186990237722,149
"153",2021,11,7.38439392045455,176,7.75375882978723,6.9609756097561,6.6875,7.22727272727273,7.39486866666667,94,82,16,11,165,30384,19277,11107,2600,3381,27003,7.71246390863613,8.03951568345696,7.14484195282254,7.07335475769231,7.65329950606329,7.71987178350553,150
"154",2021,12,7.5364353877551,245,7.86203564885496,7.16228070175439,7,7.72142857142857,7.52522367965368,131,114,16,14,231,30629,19408,11221,2616,3395,27234,7.7110558643769,8.03831772980214,7.14501912218162,7.07290610474006,7.65358045066274,7.7182207696262,151
"155",2022,1,7.50970945945946,296,7.85851396648045,6.97606837606838,6.88571428571429,7.45454545454545,7.51413868613139,179,117,21,22,274,30925,19587,11338,2637,3417,27508,7.70912866839128,8.03667455455148,7.1432756720762,7.07141538490709,7.65229898448931,7.71618796132034,152
"156",2022,2,7.58125748502994,167,7.7762,7.29029850746269,6.875,7.5,7.58811688311688,100,67,14,13,154,31092,19687,11405,2651,3430,27662,7.70844185224496,8.03535147559302,7.1441393748356,7.07037811014712,7.65172175801749,7.71547496348782,153
"157",2022,3,7.63096026490066,151,8.09195402298851,7.004296875,6.57708333333333,7.28333333333333,7.65299295774648,87,64,12,9,142,31243,19774,11469,2663,3439,27804,7.70806737733253,8.03560051077171,7.14335901735112,7.06815522718738,7.65075767083454,7.71515585671126,154
"158",2022,4,7.4275,148,7.89058823529412,6.80269841269841,6.91666666666667,7.677,7.40942028985507,85,63,6,10,138,31391,19859,11532,2669,3449,27942,7.70674457870091,8.03497983282138,7.14149796826222,7.06781467590858,7.6508337576109,7.71364588934221,155
"159",2022,5,7.34931677018634,161,7.81265060240964,6.85628205128205,6.36,6.75,7.37655844155844,83,78,14,7,154,31552,19942,11610,2683,3456,28096,7.70492073624493,8.03405448300069,7.13958178897502,7.06412127096534,7.64900915219907,7.71179824316628,156
"160",2022,6,7.38371428571429,140,7.64147058823529,7.14027777777778,6.91428571428571,6.70833333333333,7.44703125,68,72,7,12,128,31692,20010,11682,2690,3468,28224,7.70350180076992,8.03272036481758,7.13958607858243,7.06373136431227,7.64575421856978,7.71059748582766,157
"161",2022,7,7.63786764705882,136,7.87828947368421,7.33333333333333,6.91,8.1,7.61653846153846,76,60,10,6,130,31828,20086,11742,2700,3474,28354,7.70322134818399,8.03213604002787,7.14057610032362,7.06316198888889,7.64653875359815,7.71016623545179,158
"162",2022,8,7.4648427672956,159,7.75761971830986,7.228625,6.44117647058824,8.03333333333333,7.41843537414966,71,88,17,12,147,31987,20157,11830,2717,3486,28501,7.70203642323444,8.03116909758396,7.14123107100592,7.05927028708134,7.647870232358,7.70866157117294,159
