"","year","month","avg_rating","no_ratings","avg_rating_owned","avg_rating_not_owned","avg_rating_prev_owned","avg_rating_comment","avg_rating_no_comment","no_ratings_owned","no_ratings_not_owned","no_ratings_prev_owned","no_ratings_comment","no_ratings_no_comment","cum_no_ratings","cum_no_ratings_owned","cum_no_ratings_not_owned","cum_no_ratings_prev_owned","cum_no_ratings_comment","cum_no_ratings_no_comment","cum_avg_rating","cum_avg_rating_owned","cum_avg_rating_not_owned","cum_avg_rating_prev_owned","cum_avg_rating_comment","cum_avg_rating_no_comment","month_after_release"
"1",2009,4,7.625,4,7.66666666666667,7.5,NA,NA,7.625,3,1,0,0,4,4,3,1,0,0,4,7.625,7.66666666666667,7.5,NA,NA,7.625,0
"2",2009,5,6.75,6,6.66666666666667,6.83333333333333,NA,7,6.7,3,3,0,1,5,10,6,4,0,1,9,7.1,7.16666666666667,7,NA,7,7.11111111111111,1
"3",2009,6,6.7625,8,7.1,6.71428571428571,NA,6.5,6.85,1,7,0,2,6,18,7,11,0,3,15,6.95,7.15714285714286,6.81818181818182,NA,6.66666666666667,7.00666666666667,2
"4",2009,7,7.42857142857143,7,7.375,7.5,8,7.25,7.5,4,3,1,2,5,25,11,14,1,5,20,7.084,7.23636363636364,6.96428571428571,8,6.9,7.13,3
"5",2009,8,7.75,2,7.5,8,NA,NA,7.75,1,1,0,0,2,27,12,15,1,5,22,7.13333333333333,7.25833333333333,7.03333333333333,8,6.9,7.18636363636364,4
"6",2009,9,6.64285714285714,7,6.25,6.8,NA,6.66666666666667,6.625,2,5,0,3,4,34,14,20,1,8,26,7.03235294117647,7.11428571428571,6.975,8,6.8125,7.1,5
"7",2009,10,7.24615384615385,13,7.58333333333333,6.95714285714286,NA,7.4,7.15,6,7,0,5,8,47,20,27,1,13,34,7.09148936170213,7.255,6.97037037037037,8,7.03846153846154,7.11176470588235,6
"8",2009,11,7.18421052631579,19,7.19230769230769,7.16666666666667,8.5,7.5,7.1,13,6,2,4,15,66,33,33,3,17,49,7.11818181818182,7.23030303030303,7.00606060606061,8.33333333333333,7.14705882352941,7.10816326530612,7
"9",2009,12,6.94827586206897,29,7.42307692307692,6.5625,7.25,7,6.9375,13,16,2,5,24,95,46,49,5,22,73,7.06631578947368,7.28478260869565,6.86122448979592,7.9,7.11363636363636,7.05205479452055,8
"10",2010,1,7.212,25,7.5,6.94615384615385,7.11666666666667,7.2625,7.18823529411765,12,13,6,8,17,120,58,62,11,30,90,7.09666666666667,7.32931034482759,6.87903225806452,7.47272727272727,7.15333333333333,7.07777777777778,9
"11",2010,2,7.67272727272727,11,7.77142857142857,7.5,6.5,7.3,7.8125,7,4,1,3,8,131,65,66,12,33,98,7.14503816793893,7.37692307692308,6.91666666666667,7.39166666666667,7.16666666666667,7.13775510204082,10
"12",2010,3,6.77,10,7.5,6.5875,6.675,5,6.96666666666667,2,8,4,1,9,141,67,74,16,34,107,7.11843971631206,7.38059701492537,6.88108108108108,7.2125,7.10294117647059,7.12336448598131,11
"13",2010,4,7.44444444444444,9,7.5,7.33333333333333,6,8,7.375,6,3,1,1,8,150,73,77,17,35,115,7.138,7.39041095890411,6.8987012987013,7.14117647058824,7.12857142857143,7.14086956521739,12
"14",2010,5,6.3875,8,7.15,5.625,6,5.5,6.92,4,4,2,3,5,158,77,81,19,38,120,7.1,7.37792207792208,6.8358024691358,7.02105263157895,7,7.13166666666667,13
"15",2010,6,7.21428571428571,14,7,7.42857142857143,8,6.91666666666667,7.4375,7,7,1,6,8,172,84,88,20,44,128,7.10930232558139,7.34642857142857,6.88295454545454,7.07,6.98863636363636,7.15078125,14
"16",2010,7,6.99047619047619,21,7.45833333333333,6.36666666666667,7,7.5,6.67692307692308,12,9,1,8,13,193,96,97,21,52,141,7.09637305699482,7.36041666666667,6.83505154639175,7.06666666666667,7.06730769230769,7.10709219858156,15
"17",2010,8,7.05555555555556,9,7.25,6.66666666666667,7.25,7.16666666666667,7,6,3,2,3,6,202,102,100,23,55,147,7.09455445544554,7.35392156862745,6.83,7.08260869565217,7.07272727272727,7.10272108843537,16
"18",2010,9,7.21363636363636,22,7.33333333333333,7.07,8.5,7.5,7.10625,12,10,1,6,16,224,114,110,24,61,163,7.10625,7.35175438596491,6.85181818181818,7.14166666666667,7.11475409836066,7.10306748466258,17
"19",2010,10,6.97586206896552,29,6.925,7.08888888888889,6.8,7,6.965,20,9,5,9,20,253,134,119,29,70,183,7.09130434782609,7.28805970149254,6.86974789915966,7.08275862068966,7.1,7.0879781420765,18
"20",2010,11,6.42857142857143,35,7.08823529411765,5.80555555555556,6,6.33333333333333,6.44827586206897,17,18,1,6,29,288,151,137,30,76,212,7.01076388888889,7.26556291390728,6.72992700729927,7.04666666666667,7.03947368421053,7.00047169811321,19
"21",2010,12,6.88571428571429,35,7.38095238095238,6.14285714285714,5.8,6.9,6.88,21,14,5,10,25,323,172,151,35,86,237,6.99721362229102,7.2796511627907,6.67549668874172,6.86857142857143,7.02325581395349,6.98776371308017,20
"22",2011,1,7.14390243902439,41,7.40555555555556,6.63928571428571,6.45,6.78461538461538,7.31071428571429,27,14,6,13,28,364,199,165,41,99,265,7.01373626373626,7.29673366834171,6.67242424242424,6.80731707317073,6.99191919191919,7.02188679245283,21
"23",2011,2,7.07826086956522,23,7.2375,6.71428571428571,6,7.125,7.06842105263158,16,7,1,4,19,387,215,172,42,103,284,7.01757105943152,7.29232558139535,6.67412790697674,6.78809523809524,6.99708737864078,7.025,22
"24",2011,3,6.82307692307692,26,7.11875,6.35,7.125,6.4875,6.97222222222222,16,10,4,8,18,413,231,182,46,111,302,7.00532687651332,7.28030303030303,6.65631868131868,6.81739130434782,6.96036036036036,7.02185430463576,23
"25",2011,4,6.530625,16,7.07142857142857,6.11,6,6.81666666666667,6.46461538461538,7,9,1,3,13,429,238,191,47,114,315,6.98762237762238,7.27415966386555,6.63057591623037,6.8,6.95657894736842,6.99885714285714,24
"26",2011,5,6.74838709677419,31,7.14285714285714,6.42352941176471,7,7.08333333333333,6.668,14,17,1,6,25,460,252,208,48,120,340,6.9715,7.26686507936508,6.61365384615385,6.80416666666667,6.96291666666667,6.9745294117647,25
"27",2011,6,6.84642857142857,28,7.29166666666667,6.5125,6.75,6.88888888888889,6.82631578947368,12,16,4,9,19,488,264,224,52,129,359,6.9643237704918,7.26799242424242,6.60642857142857,6.8,6.9577519379845,6.9666852367688,26
"28",2011,7,7.35,18,7.42,7,NA,7.5,7.275,15,3,0,6,12,506,279,227,52,135,371,6.97804347826087,7.27616487455197,6.61162995594714,6.8,6.98185185185185,6.9766576819407,27
"29",2011,8,7.08974358974359,39,7.17692307692308,6.91538461538462,6.625,7,7.14,26,13,4,14,25,545,305,240,56,149,396,6.98603669724771,7.26770491803279,6.62808333333333,6.7875,6.98355704697987,6.9869696969697,28
"30",2011,9,7,26,7.15,6.76,6.65714285714286,7.16666666666667,6.97826086956522,16,10,7,3,23,571,321,250,63,152,419,6.98667250437828,7.26183800623053,6.63336,6.77301587301587,6.98717105263158,6.98649164677804,29
"31",2011,10,6.97826086956522,23,7.125,6.64285714285714,6.5,6.4,7.13888888888889,16,7,2,5,18,594,337,257,65,157,437,6.9863468013468,7.2553412462908,6.6336186770428,6.76461538461538,6.96847133757962,6.99276887871854,30
"32",2011,11,7.07297297297297,37,7.09047619047619,7.05,8.5,7.55555555555556,6.91785714285714,21,16,2,9,28,631,358,273,67,166,465,6.99142630744849,7.24567039106145,6.65802197802198,6.81641791044776,7.00030120481928,6.98825806451613,31
"33",2011,12,6.78129032258065,31,7.10526315789474,6.26833333333333,6.655,6.79111111111111,6.77727272727273,19,12,4,9,22,662,377,285,71,175,487,6.98158610271903,7.23859416445623,6.64161403508772,6.80732394366197,6.98954285714286,6.97872689938398,32
"34",2012,1,6.90816326530612,49,6.95,6.81333333333333,6.92857142857143,7.3125,6.82926829268293,34,15,7,8,41,711,411,300,78,183,528,6.97652601969058,7.2147201946472,6.6502,6.81820512820513,7.00366120218579,6.96712121212121,33
"35",2012,2,6.8448275862069,29,6.975,6.55555555555556,6,7.0625,6.76190476190476,20,9,3,8,21,740,431,309,81,191,549,6.97136486486486,7.20359628770302,6.64744336569579,6.7879012345679,7.00612565445026,6.95927140255009,34
"36",2012,3,6.63576923076923,26,6.86277777777778,6.125,NA,7,6.60541666666667,18,8,0,2,24,766,449,317,81,193,573,6.95997389033942,7.18993318485524,6.63425867507886,6.7879012345679,7.0060621761658,6.9444502617801,35
"37",2012,4,7.25555555555556,27,7.32777777777778,7.11111111111111,7,7.13333333333333,7.29047619047619,18,9,3,6,21,793,467,326,84,199,594,6.97003783102144,7.19524625267666,6.64742331288344,6.79547619047619,7.00989949748744,6.9566835016835,36
"38",2012,5,6.81304347826087,23,6.86470588235294,6.66666666666667,6.25,7.5,6.66842105263158,17,6,2,4,19,816,484,332,86,203,613,6.96561274509804,7.18363636363636,6.64777108433735,6.78279069767442,7.01955665024631,6.94774877650897,37
"39",2012,6,7.26115384615385,26,7.67647058823529,6.47666666666667,7.09666666666667,7.3225,7.25,17,9,3,4,22,842,501,341,89,207,635,6.97473871733967,7.20035928143713,6.64325513196481,6.79337078651685,7.02541062801932,6.95822047244094,38
"40",2012,7,6.82695652173913,23,6.5625,7.43142857142857,6,7,6.75125,16,7,1,7,16,865,517,348,90,214,651,6.97080924855491,7.18061895551257,6.6591091954023,6.78455555555555,7.02457943925234,6.95313364055299,39
"41",2012,8,6.72941176470588,17,7.3125,6.21111111111111,7,6.35,6.78,8,9,3,2,15,882,525,357,93,216,666,6.96615646258503,7.18262857142857,6.64781512605042,6.79150537634408,7.01833333333333,6.94923423423423,40
"42",2012,9,6.81818181818182,22,7.38888888888889,6.42307692307692,6.5,6.375,7.07142857142857,9,13,6,8,14,904,534,370,99,224,680,6.96255530973451,7.18610486891386,6.63991891891892,6.77383838383838,6.99535714285714,6.95175,41
"43",2012,10,6.55263157894737,19,6.88888888888889,6.25,6,6.66666666666667,6.53125,9,10,1,3,16,923,543,380,100,227,696,6.95411700975081,7.18117863720074,6.62965789473684,6.7661,6.99101321585903,6.94208333333333,42
"44",2012,11,6.64347826086957,23,7.29166666666667,5.93636363636364,6,7.16666666666667,6.565,12,11,1,3,20,946,555,391,101,230,716,6.9465644820296,7.18356756756757,6.61015345268542,6.75851485148515,6.99330434782609,6.93155027932961,43
"45",2012,12,6.74705882352941,17,7.06363636363636,6.16666666666667,6.66666666666667,6.7,6.76666666666667,11,6,3,5,12,963,566,397,104,235,728,6.94304257528556,7.18123674911661,6.60345088161209,6.75586538461538,6.98706382978723,6.92883241758242,44
"46",2013,1,6.95454545454545,33,7.14705882352941,6.75,7,7.33333333333333,6.91666666666667,17,16,4,3,30,996,583,413,108,238,758,6.94342369477911,7.18024013722127,6.60912832929782,6.76490740740741,6.99142857142857,6.92835092348285,45
"47",2013,2,6.69761904761905,21,6.65,6.74090909090909,6.71666666666667,6.27,6.83125,10,11,3,5,16,1017,593,424,111,243,774,6.93834808259587,7.17129848229342,6.61254716981132,6.7636036036036,6.97658436213992,6.92634366925065,46
"48",2013,3,7.30769230769231,13,7.3,7.33333333333333,6,6,7.41666666666667,10,3,1,1,12,1030,603,427,112,244,786,6.94300970873786,7.1734328358209,6.6176112412178,6.75678571428571,6.97258196721311,6.93382951653944,47
"49",2013,4,6.84666666666667,15,7,6.61666666666667,7,6.13333333333333,7.025,9,6,1,3,12,1045,612,433,113,247,798,6.94162679425837,7.17088235294118,6.61759815242494,6.75893805309734,6.96238866396761,6.93520050125313,48
"50",2013,5,7.24772727272727,22,7.00454545454545,7.49090909090909,7.5,7.5,7.20789473684211,11,11,2,3,19,1067,623,444,115,250,817,6.94793814432989,7.16794542536116,6.63923423423423,6.77182608695652,6.96884,6.94154222766218,49
"51",2013,6,6.9,20,7,6.66666666666667,NA,7.625,6.71875,14,6,0,4,16,1087,637,450,115,254,833,6.94705611775529,7.16425431711146,6.6396,6.77182608695652,6.97917322834646,6.93726290516206,50
"52",2013,7,7.23214285714286,14,7.57142857142857,6.89285714285714,6.375,6.3125,7.6,7,7,2,4,10,1101,644,457,117,258,843,6.95068119891008,7.1686801242236,6.64347921225383,6.76504273504273,6.96883720930233,6.94512455516014,51
"53",2013,8,6.79444444444444,18,7.02307692307692,6.2,5.83333333333333,5.625,7.12857142857143,13,5,3,4,14,1119,657,462,120,262,857,6.94816800714924,7.16579908675799,6.63867965367965,6.74175,6.94832061068702,6.94812135355893,52
"54",2013,9,7.05555555555556,18,7.08333333333333,7,5,7.5,6.92857142857143,12,6,1,4,14,1137,669,468,121,266,871,6.94986807387862,7.16431988041854,6.64331196581197,6.72735537190082,6.95661654135338,6.94780711825488,53
"55",2013,10,7.07894736842105,19,7.17857142857143,6.8,7.5,7.25,7.03333333333333,14,5,2,4,15,1156,683,473,123,270,886,6.95198961937716,7.16461200585652,6.64496828752643,6.73991869918699,6.96096296296296,6.94925507900677,54
"56",2013,11,6.62857142857143,21,6.825,6,7,6.9,6.54375,16,5,1,5,16,1177,699,478,124,275,902,6.94621920135939,7.15683834048641,6.63822175732218,6.74201612903226,6.95985454545455,6.94206208425721,55
"57",2013,12,6.65483870967742,31,7.18181818181818,6.365,6.25,6.375,6.75217391304348,11,20,8,8,23,1208,710,498,132,283,925,6.9387417218543,7.15722535211268,6.62724899598394,6.71219696969697,6.94332155477032,6.93734054054054,56
"58",2014,1,7.26153846153846,39,7.52083333333333,6.84666666666667,7.75,7.20833333333333,7.28518518518518,24,15,4,12,27,1247,734,513,136,295,952,6.94883720930232,7.16911444141689,6.63366471734893,6.74272058823529,6.95410169491525,6.94720588235294,57
"59",2014,2,6.60740740740741,27,7.02941176470588,5.89,6.2,6.66666666666667,6.59047619047619,17,10,5,6,21,1274,751,523,141,301,973,6.94160125588697,7.16595206391478,6.61944550669216,6.72347517730496,6.94837209302326,6.93950668036999,58
"60",2014,3,7.21428571428571,28,7.5,6.77272727272727,6.4,6.6,7.34782608695652,17,11,5,5,23,1302,768,534,146,306,996,6.94746543778802,7.17334635416667,6.62260299625468,6.71239726027397,6.94267973856209,6.94893574297189,59
"61",2014,4,7.1625,20,7.425,6.9,6.5,6.375,7.25,10,10,2,2,18,1322,778,544,148,308,1014,6.95071860816944,7.17658097686375,6.62770220588235,6.70952702702703,6.93899350649351,6.95428007889546,60
"62",2014,5,6.81666666666667,30,7.5,6.13333333333333,5.5,7.42857142857143,6.6304347826087,15,15,4,7,23,1352,793,559,152,315,1037,6.94774408284023,7.18269861286255,6.61443649373882,6.67769736842105,6.94987301587302,6.94709739633558,61
"63",2014,6,7.09090909090909,22,7.16666666666667,6.75,6.5,6.5,7.15,18,4,2,2,20,1374,811,563,154,317,1057,6.95003639010189,7.18234278668311,6.61539964476021,6.67538961038961,6.94703470031546,6.95093661305582,62
"64",2014,7,6.61538461538461,26,7.16666666666667,6.14285714285714,6.5,6,6.66666666666667,12,14,2,2,24,1400,823,577,156,319,1081,6.94382142857143,7.1821142162819,6.60393414211438,6.67314102564103,6.94109717868339,6.94462534690102,63
"65",2014,8,7.10428571428571,35,7.20769230769231,6.80555555555556,6.4,6.64285714285714,7.21964285714286,26,9,5,7,28,1435,849,586,161,326,1109,6.94773519163763,7.18289752650177,6.60703071672355,6.66465838509317,6.93469325153374,6.95156898106402,64
"66",2014,9,6.66,25,6.85294117647059,6.25,6,6.25,6.73809523809524,17,8,1,4,21,1460,866,594,162,330,1130,6.94280821917808,7.17642032332563,6.60222222222222,6.66055555555556,6.92639393939394,6.9476017699115,65
"67",2014,10,7.10869565217391,23,7.57142857142857,6.38888888888889,5.5,6.83333333333333,7.15,14,9,2,3,20,1483,880,603,164,333,1150,6.94538098449089,7.18270454545454,6.59903814262023,6.64640243902439,6.92555555555556,6.95112173913043,66
"68",2014,11,6.912,25,7.64444444444444,6.5,6.33333333333333,8.66666666666667,6.67272727272727,9,16,3,3,22,1508,889,619,167,336,1172,6.94482758620689,7.1873790776153,6.59647819063005,6.64077844311377,6.94110119047619,6.94589590443686,67
"69",2014,12,6.61842105263158,38,7.19411764705882,6.15238095238095,5.775,6.4125,6.67333333333333,17,21,4,8,30,1546,906,640,171,344,1202,6.93680465717982,7.1875055187638,6.58190625,6.62052631578947,6.92880813953488,6.9390931780366,68
"70",2015,1,6.928,50,6.95806451612903,6.87894736842105,7.41666666666667,7.15384615384615,6.84864864864865,31,19,6,13,37,1596,937,659,177,357,1239,6.93652882205514,7.17991462113127,6.59047040971168,6.64751412429379,6.93700280112045,6.93639225181598,69
"71",2015,2,7.06875,32,7.228,6.5,6.5,6.9,7.1,25,7,2,5,27,1628,962,666,179,362,1266,6.93912776412776,7.18116424116424,6.58951951951952,6.64586592178771,6.93649171270718,6.93988151658768,70
"72",2015,3,6.83103448275862,29,6.96428571428571,6.70666666666667,6.9,6.5,6.84285714285714,14,15,5,1,28,1657,976,681,184,363,1294,6.93723596861798,7.17805327868852,6.59209985315712,6.65277173913044,6.93528925619835,6.93778207109737,71
"73",2015,4,6.73445945945946,37,6.609375,6.96538461538462,8,6.83333333333333,6.70267857142857,24,13,3,9,28,1694,1000,694,187,372,1322,6.93280696576151,7.164405,6.59909221902017,6.67438502673797,6.93282258064516,6.93280257186082,72
"74",2015,5,6.92692307692308,26,7.07222222222222,6.6,7.43333333333333,7.25,6.9,18,8,3,2,24,1720,1018,702,190,374,1346,6.93271802325581,7.16277504911591,6.59910256410256,6.68636842105263,6.93451871657754,6.9322176820208,73
"75",2015,6,7.0336,25,7.24692307692308,6.8025,6.86666666666667,7.32166666666667,6.94263157894737,13,12,6,6,19,1745,1031,714,196,380,1365,6.93416332378223,7.1638360814743,6.60252100840336,6.69188775510204,6.94063157894737,6.93236263736264,74
"76",2015,7,6.43636363636364,33,6.73684210526316,6.02857142857143,6,7,6.35862068965517,19,14,5,4,29,1778,1050,728,201,384,1394,6.924924071991,7.15610952380952,6.59148351648352,6.67467661691542,6.94125,6.92042682926829,75
"77",2015,8,6.97361111111111,36,7.07045454545455,6.82142857142857,6.875,6.64285714285714,7.05344827586207,22,14,8,7,29,1814,1072,742,209,391,1423,6.92589029768467,7.15435167910448,6.59582210242588,6.68234449760766,6.93590792838875,6.92313773717498,76
"78",2015,9,7.04827586206897,29,7.25714285714286,6.5,4.5,7.16666666666667,7.03461538461538,21,8,2,3,26,1843,1093,750,211,394,1449,6.92781606077048,7.15632662397072,6.5948,6.66165876777251,6.93766497461929,6.92513802622498,77
"79",2015,10,6.9,31,6.79761904761905,7.115,7,6.875,6.9037037037037,21,10,2,4,27,1874,1114,760,213,398,1476,6.92735592315902,7.14956463195691,6.6016447368421,6.66483568075117,6.9370351758794,6.92474593495935,78
"80",2015,11,6.63030303030303,33,7.22857142857143,6.18947368421053,6.6,7.36666666666667,6.46666666666667,14,19,5,6,27,1907,1128,779,218,404,1503,6.92221552176193,7.15054521276596,6.5915917843389,6.66334862385321,6.94341584158416,6.91651696606786,79
"81",2015,12,6.94146341463415,41,7.084,6.71875,6,7,6.925,25,16,7,9,32,1948,1153,795,225,413,1535,6.92262063655031,7.14910234171726,6.59415094339623,6.64271111111111,6.94464891041162,6.91669381107492,80
"82",2016,1,7.05555555555556,45,7.16666666666667,6.83333333333333,6.75,6.91666666666667,7.07692307692308,30,15,4,6,39,1993,1183,810,229,419,1574,6.92562217762167,7.14954775993237,6.59858024691358,6.64458515283843,6.94424821002387,6.92066391359593,81
"83",2016,2,7.14827586206897,29,7.44117647058824,6.73333333333333,6.825,7.08333333333333,7.16521739130435,17,12,4,6,23,2022,1200,822,233,425,1597,6.92881552917903,7.15367916666667,6.60054744525547,6.64768240343348,6.94621176470588,6.92418597370069,82
"84",2016,3,6.75454545454545,33,7.14705882352941,6.3375,5,6.8,6.74642857142857,17,16,1,5,28,2055,1217,838,234,430,1625,6.92601703163017,7.15358668857847,6.59552505966587,6.64064102564103,6.94451162790698,6.92112307692307,83
"85",2016,4,6.74642857142857,28,6.94117647058824,6.44545454545455,5.5,6.92857142857143,6.68571428571429,17,11,1,7,21,2083,1234,849,235,437,1646,6.92360297647623,7.15066045380875,6.59358068315666,6.63578723404255,6.94425629290618,6.91811968408262,84
"86",2016,5,6.54137931034483,29,6.77916666666667,5.4,7,6.375,6.568,24,5,1,4,25,2112,1258,854,236,441,1671,6.91835464015151,7.14357313195548,6.5865925058548,6.63733050847458,6.93909297052154,6.91288150807899,85
"87",2016,6,6.85714285714286,21,6.72727272727273,7,7.33333333333333,7,6.84210526315789,11,10,3,2,19,2133,1269,864,239,443,1690,6.91775199249882,7.13996453900709,6.59137731481481,6.64606694560669,6.93936794582393,6.91208579881657,86
"88",2016,7,6.86666666666667,27,7.295,5.64285714285714,8,6.375,6.95217391304348,20,7,1,4,23,2160,1289,871,240,447,1713,6.91711342592592,7.14237005430566,6.5837543053961,6.65170833333333,6.93431767337808,6.91262405137186,87
"89",2016,8,6.81891891891892,37,7.03478260869565,6.46428571428571,6,6.5,6.82777777777778,23,14,2,1,36,2197,1312,885,242,448,1749,6.91545971779699,7.14048399390244,6.58186440677966,6.64632231404959,6.93334821428571,6.91087764436821,88
"90",2016,9,6.91071428571429,28,7.02941176470588,6.72727272727273,NA,6.83333333333333,6.92,17,11,0,3,25,2225,1329,896,242,451,1774,6.9154,7.13906320541761,6.58364955357143,6.64632231404959,6.93268292682927,6.91100620067644,89
"91",2016,10,6.69864864864865,37,6.85227272727273,6.47333333333333,7.33333333333333,6.66666666666667,6.70483870967742,22,15,3,6,31,2262,1351,911,245,457,1805,6.91185455349248,7.13439304219097,6.58183315038419,6.65473469387755,6.92919037199125,6.90746537396122,90
"92",2016,11,6.81363636363636,44,7.1,6.2,6.36,7.08333333333333,6.77105263157895,30,14,5,6,38,2306,1381,925,250,463,1843,6.9099804856895,7.13364590876177,6.57605405405405,6.64884,6.9311879049676,6.90465274009766,91
"93",2016,12,6.85386363636364,44,6.9037037037037,6.77470588235294,6,6.6,6.87243902439024,27,17,1,3,41,2350,1408,942,251,466,1884,6.90892978723404,7.12923650568182,6.57963906581741,6.64625498007968,6.92905579399142,6.9039516985138,92
"94",2017,1,6.82410714285714,56,6.99864864864865,6.48421052631579,6.7,7.225,6.73695652173913,37,19,6,10,46,2406,1445,961,257,476,1930,6.90695552784705,7.12589273356401,6.57775234131113,6.64750972762646,6.9352731092437,6.89997150259067,93
"95",2017,2,6.71586956521739,46,6.93548387096774,6.262,6,7.4,6.63243902439024,31,15,1,5,41,2452,1476,976,258,481,1971,6.9033707177814,7.12189363143631,6.57289959016394,6.645,6.94010395010395,6.89440639269406,94
"96",2017,3,7.04347826086957,23,7.20588235294118,6.58333333333333,7.5,7.08333333333333,7.02941176470588,17,6,2,6,17,2475,1493,982,260,487,1988,6.90467272727273,7.12284996651038,6.5729633401222,6.65157692307692,6.94186858316222,6.89556086519115,95
"97",2017,4,7.04,30,7.2047619047619,6.65555555555556,6.35,7.58,6.932,21,9,4,5,25,2505,1514,991,264,492,2013,6.90629341317365,7.12398612945839,6.57371342078708,6.64700757575758,6.94835365853659,6.89601341281669,96
"98",2017,5,6.89148936170213,47,7.14193548387097,6.40625,6.625,6.45,6.91111111111111,31,16,4,2,45,2552,1545,1007,268,494,2058,6.90602076802508,7.12434627831715,6.57105263157895,6.64667910447761,6.94633603238866,6.89634353741496,97
"99",2017,6,7.0575,40,7.388,6.50666666666667,6.25,7.25,7.03611111111111,25,15,4,4,36,2592,1570,1022,272,498,2094,6.90835841049383,7.12854458598726,6.57010763209393,6.6408455882353,6.94877510040161,6.89874641833811,98
"100",2017,7,6.66976744186046,43,6.90740740740741,6.26875,6.5,7.42857142857143,6.52222222222222,27,16,2,7,36,2635,1597,1038,274,505,2130,6.90446489563567,7.12480588603632,6.56546242774567,6.63981751824818,6.95542574257426,6.89238262910798,99
"101",2017,8,6.83039215686274,51,6.91969696969697,6.66666666666667,6.375,7.13,6.75731707317073,33,18,4,10,41,2686,1630,1056,278,515,2171,6.90305845122859,7.12065337423313,6.5671875,6.63600719424461,6.95881553398058,6.88983187471211,100
"102",2017,9,6.65116279069767,43,7,6.0625,5.5,6.57142857142857,6.66666666666667,27,16,4,7,36,2729,1657,1072,282,522,2207,6.89908941004031,7.11868738684369,6.55965485074627,6.61989361702128,6.95362068965517,6.8861916628908,101
"103",2017,10,6.76,47,7.003125,6.24133333333333,5.51714285714286,7.325,6.64410256410256,32,15,7,8,39,2776,1689,1087,289,530,2246,6.89673451008645,7.11649792776791,6.55526218951242,6.59318339100346,6.95922641509434,6.88198797862867,102
"104",2017,11,6.70422222222222,45,7.19230769230769,6.03631578947368,5.66666666666667,7.05,6.60542857142857,26,19,3,10,35,2821,1715,1106,292,540,2281,6.89366359447004,7.1176472303207,6.54634719710669,6.58366438356164,6.96090740740741,6.87774441034634,103
"105",2017,12,6.65172413793103,58,6.65526315789474,6.645,6.16666666666667,6.88333333333333,6.625,38,20,6,6,52,2879,1753,1126,298,546,2333,6.88878951024661,7.10762407301768,6.54809946714032,6.57526845637584,6.96005494505495,6.87211101585941,104
"106",2018,1,7.08333333333333,66,7.3195652173913,6.54,6.66666666666667,7.3,7.0655737704918,46,20,3,5,61,2945,1799,1146,301,551,2394,6.89314940577249,7.11304335742079,6.54795811518325,6.57617940199336,6.96313974591652,6.87704051796157,105
"107",2018,2,6.69,40,6.73870967741935,6.52222222222222,6.66666666666667,7,6.63529411764706,31,9,3,6,34,2985,1830,1155,304,557,2428,6.89042713567839,7.10670218579235,6.54775757575758,6.57707236842105,6.9635368043088,6.87365527182866,106
"108",2018,3,7.0004347826087,46,7.07875,6.82142857142857,7,6.54166666666667,7.16235294117647,32,14,3,12,34,3031,1862,1169,307,569,2462,6.89209666776641,7.10622180451128,6.55103507271172,6.58120521172638,6.95463971880492,6.87764216084484,107
"109",2018,4,6.9359375,32,7.30952380952381,6.22272727272727,6.75,6,7.03275862068966,21,11,4,3,29,3063,1883,1180,311,572,2491,6.89255468494939,7.10848911311737,6.54797457627119,6.58337620578778,6.94963286713287,6.87944801284624,108
"110",2018,5,6.7,37,6.9125,6.30769230769231,5.4,6.2,6.778125,24,13,5,5,32,3100,1907,1193,316,577,2523,6.8902564516129,7.10602254850551,6.54535624476111,6.56465189873418,6.94313691507799,6.87816290130796,109
"111",2018,6,6.775,34,7.15625,5.86,5.5,7.4,6.64107142857143,24,10,2,6,28,3134,1931,1203,318,583,2551,6.88900606253988,7.1066468151217,6.53965918536991,6.55795597484277,6.94783876500858,6.87556056448451,110
"112",2018,7,7.2974358974359,39,7.64347826086957,6.8,6,7.73333333333333,7.21818181818182,23,16,3,6,33,3173,1954,1219,321,589,2584,6.89402615820989,7.11296571136131,6.54307629204266,6.55274143302181,6.95584040747029,6.87993614551084,111
"113",2018,8,7.06976744186047,43,7.26923076923077,6.76470588235294,6.66666666666667,7.3,7.03947368421053,26,17,6,5,38,3216,1980,1236,327,594,2622,6.89637593283582,7.11501767676768,6.54612459546926,6.55483180428135,6.95873737373737,6.88224828375286,112
"114",2018,9,6.62540733333333,45,6.6763540625,6.5,NA,6.75,6.61325195121951,32,13,0,4,41,3261,2012,1249,327,598,2663,6.89263671573137,7.1080409194831,6.54564451561249,6.55483180428135,6.95734113712375,6.87810677055952,113
"115",2018,10,6.65972222222222,36,6.56666666666667,6.93888888888889,6.75,6.2,6.73387096774194,27,9,4,5,31,3297,2039,1258,331,603,2694,6.89009351835001,7.10087215792055,6.54845786963434,6.55719033232629,6.95106135986733,6.87644704157387,114
"116",2018,11,6.65818181818182,55,6.73611111111111,6.51052631578947,6.75,7.1,6.56,36,19,4,10,45,3352,2075,1277,335,613,2739,6.8862882846062,7.09454377349398,6.54789350039154,6.55949253731343,6.95349102773246,6.87124802117561,115
"117",2018,12,6.53703703703704,54,6.65,6.26875,6.16666666666667,6.24444444444444,6.59555555555556,38,16,3,9,45,3406,2113,1293,338,622,2784,6.8807511244862,7.0865491386654,6.54443928847641,6.55600591715976,6.94323151125402,6.86679178520115,116
"118",2019,1,6.52428571428571,63,6.64840909090909,6.23684210526316,6.4,6.5,6.52637931034483,44,19,5,5,58,3469,2157,1312,343,627,2842,6.87427740847506,7.07761165044043,6.53998475609756,6.55373177842566,6.93969696969697,6.85984459183673,117
"119",2019,2,6.46470588235294,51,6.68918918918919,5.87142857142857,7,5,6.494,37,14,2,1,50,3520,2194,1326,345,628,2892,6.86834327556818,7.0710612260711,6.53292609351433,6.55631884057971,6.93660828025478,6.85351947786998,118
"120",2019,3,6.63684210526316,38,6.62631578947368,6.64736842105263,6.54285714285714,6.76666666666667,6.62571428571429,19,19,7,3,35,3558,2213,1345,352,631,2927,6.86587080663294,7.0672428061455,6.53454275092937,6.55605113636364,6.93580031695721,6.8507954663478,119
"121",2019,4,7.07,51,7.34903225806452,6.6375,6.5,7.5,7.02326086956522,31,20,2,5,46,3609,2244,1365,354,636,2973,6.86875542532557,7.07113561942959,6.53605128205128,6.55573446327684,6.9402358490566,6.8534639522368,120
"122",2019,5,6.90325,40,7.12741935483871,6.13111111111111,7.06,6.6875,6.92722222222222,31,9,3,4,36,3649,2275,1374,357,640,3009,6.86913355165799,7.07190256263736,6.53339883551674,6.55997198879552,6.93865625,6.85434640412097,121
"123",2019,6,6.75142857142857,35,6.67272727272727,6.88461538461539,NA,7,6.73636363636364,22,13,0,2,33,3684,2297,1387,357,642,3042,6.86801529044517,7.06807937744885,6.53669069935112,6.55997198879552,6.93884735202492,6.85306651216305,122
"124",2019,7,6.90307692307692,39,7.07928571428571,6.45454545454545,6.25,7.8125,6.66838709677419,28,11,2,8,31,3723,2325,1398,359,650,3073,6.86838257587967,7.06821433548387,6.5360443490701,6.55824512534819,6.9496,6.85120349170192,123
"125",2019,8,6.48324324324324,37,6.5084,6.43083333333333,6.45,6.79,6.45617647058824,25,12,4,3,34,3760,2350,1410,363,653,3107,6.86459264095745,7.06225886382979,6.53514893617021,6.5570523415978,6.94886676875957,6.84688069842291,124
"126",2019,9,6.68333333333333,42,6.82592592592593,6.42666666666667,6.08333333333333,7.66666666666667,6.60769230769231,27,15,6,3,39,3802,2377,1425,369,656,3146,6.86259030247238,7.05957439209087,6.53400701754386,6.54934959349594,6.9521493902439,6.84391555308328,125
"127",2019,10,6.63609756097561,41,6.63161290322581,6.65,7,8,6.56615384615385,31,10,1,2,39,3843,2408,1435,370,658,3185,6.86017390840489,7.05406492109635,6.53481533101045,6.55056756756757,6.95533434650456,6.84051438932496,126
"128",2019,11,6.65384615384615,39,6.97916666666667,6.13333333333333,5.66666666666667,6.8,6.63235294117647,24,15,3,5,34,3882,2432,1450,373,663,3219,6.85810106388459,7.05332579358553,6.53066206896552,6.54345844504022,6.9541628959276,6.83831572848711,127
"129",2019,12,7.18727272727273,55,7.16388888888889,7.23157894736842,6.85714285714286,7.75,7.09148936170213,36,19,7,8,47,3937,2468,1469,380,671,3266,6.8626996012192,7.05493854538088,6.5397277059224,6.54923684210526,6.96365126676602,6.84195907225964,128
"130",2020,1,6.98324675324675,77,7.08946428571429,6.7,6.25,6.64285714285714,7.05888888888889,56,21,4,14,63,4014,2524,1490,384,685,3329,6.86501204035874,7.0557045681458,6.54198657718121,6.54611979166667,6.95709489051095,6.84606438269751,129
"131",2020,2,6.32368421052632,57,6.62051282051282,5.68055555555556,7,6.08333333333333,6.35196078431373,39,18,2,6,51,4071,2563,1508,386,691,3380,6.85743265291083,7.04908245415529,6.53170424403183,6.54847150259068,6.94950795947902,6.83860897337278,130
"132",2020,3,6.63474576271186,59,6.90121951219512,6.02777777777778,7,6.98076923076923,6.53695652173913,41,18,5,13,46,4130,2604,1526,391,704,3426,6.85425141162228,7.04675435099846,6.52576015727392,6.55424552429668,6.95008522727273,6.83455876532399,131
"133",2020,4,6.61363636363636,44,6.80882352941176,5.95,6.125,6.07142857142857,6.71621621621622,34,10,4,7,37,4174,2638,1536,395,711,3463,6.85171498083373,7.04368776724792,6.52201171875,6.54989873417722,6.94143459915612,6.83329434883049,132
"134",2020,5,6.9625,40,7.096,6.74,6.36666666666667,7.64285714285714,6.81818181818182,25,15,3,7,33,4214,2663,1551,398,718,3496,6.85276657095396,7.04417886969583,6.52411992263056,6.5485175879397,6.94827298050139,6.83315169622426,133
"135",2020,6,6.63870361111111,36,6.83739130434783,6.28717923076923,6.5,6.57142857142857,6.6549424137931,23,13,2,7,29,4250,2686,1564,400,725,3525,6.85095333176471,7.04240816455696,6.52215046675192,6.548275,6.94463448275862,6.83168557730496,134
"136",2020,7,6.43255813953488,43,6.68666666666667,5.84615384615385,4,6.1,6.48648648648649,30,13,3,6,37,4293,2716,1577,403,731,3562,6.84676255765199,7.03847876656848,6.51657788839569,6.52930521091811,6.93770177838577,6.82809984839978,135
"137",2020,8,6.7821052631579,38,6.95076923076923,6.41666666666667,6.8,6.6,6.80969696969697,26,12,5,5,33,4331,2742,1589,408,736,3595,6.84619525744632,7.03764709336251,6.51582336689742,6.53262254901961,6.93540760869565,6.82793092072323,136
"138",2020,9,6.58853658536585,41,6.69909090909091,6.46052631578947,6.125,7.125,6.49657142857143,22,19,6,6,35,4372,2764,1608,414,742,3630,6.84377897072278,7.03495236251809,6.51516998134328,6.52671497584541,6.93694070080863,6.82473599449036,137
"139",2020,10,6.80333333333333,48,6.96307692307692,6.11111111111111,6,7.94444444444444,6.54,39,9,2,9,39,4420,2803,1617,416,751,3669,6.84333974208145,7.03395231180878,6.51292104514533,6.52418269230769,6.94901464713715,6.82170936494958,138
"140",2020,11,6.40928967213115,61,6.71972795918367,5.14166666666667,4.76666666666667,6.15,6.46013078431373,49,12,3,10,51,4481,2852,1629,419,761,3720,6.83743100424013,7.02855364656382,6.50281972375691,6.51159904534606,6.93851511169514,6.81675223924731,139
"141",2020,12,6.88307692307692,65,6.94666666666667,6.74,7,6.83333333333333,6.89433962264151,45,20,2,12,53,4546,2897,1649,421,773,3773,6.83808366256049,7.02728167069382,6.50569637962402,6.51391923990499,6.93688227684347,6.81784212297906,140
"142",2021,1,6.88597826086957,92,7.01612903225806,6.617,7.39666666666667,7.2125,6.81723684210526,62,30,3,16,76,4638,2959,1679,424,789,3849,6.83903370633894,7.02704798918554,6.50768512805241,6.52016509433962,6.94247148288973,6.81783017147311,141
"143",2021,2,6.47428571428571,35,6.71538461538462,5.77777777777778,4.5,6.5,6.47352941176471,26,9,2,1,34,4673,2985,1688,426,790,3883,6.83630180398031,7.02433333333333,6.50379344194313,6.51068075117371,6.94191139240506,6.81481543394283,142
"144",2021,3,7.11041666666667,36,7.20277777777778,6.83333333333333,7,7.15833333333333,7.10606060606061,27,9,1,3,33,4709,3012,1697,427,793,3916,6.83839739435124,7.02593293492696,6.50554114908662,6.51182669789227,6.94273013871375,6.81726974719101,143
"145",2021,4,6.33608695652174,46,6.46645161290323,6.06666666666667,5.5,6.44,6.32341463414634,31,15,4,5,41,4755,3043,1712,431,798,3957,6.83353802944269,7.02023332237923,6.5016958703271,6.50243619489559,6.93958020050125,6.81215272428608,144
"146",2021,5,6.81190476190476,42,7.00384615384615,6.5,5,6.7,6.82702702702703,26,16,2,5,37,4797,3069,1728,433,803,3994,6.83334861997082,7.0200944933203,6.50168016782407,6.49549653579677,6.93808841843089,6.81229051827742,145
"147",2021,6,6.77142857142857,28,6.75,6.81,6.5,8,6.72592592592593,18,10,3,1,27,4825,3087,1738,436,804,4021,6.83298929119171,7.01851959831552,6.50345415995397,6.49552752293578,6.9394092039801,6.81171060184034,146
"148",2021,7,6.67222222222222,36,6.85,6.39285714285714,6,8.25,6.475,22,14,3,4,32,4861,3109,1752,439,808,4053,6.83179866899815,7.01732711482792,6.50257039383562,6.49214123006834,6.94589727722772,6.80905214162349,147
"149",2021,8,6.64733870967742,62,6.66597826086957,6.59375,5.375,6.716875,6.63703703703704,46,16,4,8,54,4923,3155,1768,443,816,4107,6.82947559008734,7.01220443740095,6.50339554864253,6.48205417607224,6.94365196078431,6.80679043827612,148
"150",2021,9,6.60564102564103,39,7.09615384615385,5.62461538461538,4.5,7,6.56057142857143,26,13,2,4,35,4962,3181,1781,445,820,4142,6.82771630995566,7.01289060044011,6.49698109489051,6.47314606741573,6.94392682926829,6.80470988169966,149
"151",2021,10,6.86288888888889,45,6.91375,6.456,5.59333333333333,6.25,6.92268292682927,40,5,3,4,41,5007,3221,1786,448,824,4183,6.82803242061114,7.01165942253958,6.49686636618141,6.46725446428572,6.94055825242719,6.80586620368157,150
"152",2021,11,6.9883503030303,33,7.09343454545455,6.77818181818182,6,7.375,6.93501931034483,22,11,1,4,29,5040,3243,1797,449,828,4212,6.82908212103175,7.0122141720629,6.49858838619922,6.46621380846325,6.94265700483092,6.80675543447293,151
"153",2021,12,6.63761909090909,77,6.95179018518519,5.9,5.625,6.47777777777778,6.65877455882353,54,23,8,9,68,5117,3297,1820,457,837,4280,6.82620100840336,7.01122451622687,6.49102380769231,6.45148796498906,6.93765830346476,6.8044043364486,152
"154",2022,1,6.66615950980392,102,6.66840385714286,6.66125,6.42833333333333,6.458485,6.72327,70,32,6,22,80,5219,3367,1852,463,859,4360,6.8230731615252,7.00409726759727,6.49396508099352,6.4511879049676,6.92538611175786,6.80291563302752,153
"155",2022,2,6.72682926829268,41,6.81612903225806,6.45,7.25,6.83333333333333,6.71842105263158,31,10,2,3,38,5260,3398,1862,465,862,4398,6.82232297148289,7.00238243084167,6.49372896348013,6.45462365591398,6.9250657424594,6.80218557526148,154
"156",2022,3,6.38857142857143,35,6.324,6.55,NA,6.33333333333333,6.39375,25,10,0,3,32,5295,3423,1872,465,865,4430,6.81945586968839,6.99742784107508,6.49402955662393,6.45462365591398,6.92301349132948,6.79923525056433,155
"157",2022,4,7.16476183673469,49,7.33405405405405,6.6427775,5.63777666666667,6,7.24072456521739,37,12,3,3,46,5344,3460,1884,468,868,4476,6.82262203592814,7.00102760115607,6.49497699575372,6.44938745726496,6.91982335253456,6.80377245084897,156
"158",2022,5,6.79279580645161,31,6.41121227272727,7.72555555555556,6.8,7.3,6.71765444444444,22,9,1,4,27,5375,3482,1893,469,872,4503,6.82245001488372,6.99730102527283,6.50082760697306,6.45013503198294,6.92156728211009,6.80325608705308,157
"159",2022,6,6.64488888888889,45,6.91878787878788,5.89166666666667,6.16666666666667,6.5,6.6552380952381,33,12,6,3,42,5420,3515,1905,475,875,4545,6.82097579889299,6.99656391749644,6.49699037270341,6.44655437894737,6.92012190857143,6.8018882640264,158
"160",2022,7,6.92916666666667,24,7.31176470588235,6,6.5,5.83333333333333,7.08571428571429,17,7,1,3,21,5444,3532,1912,476,878,4566,6.82145276083762,6.9980810220838,6.49517084728034,6.44666665966387,6.91640850797267,6.80319363994744,159
"161",2022,8,6.59777777777778,45,6.97931034482759,5.90625,6.25,6.71428571428571,6.57631578947368,29,16,2,7,38,5489,3561,1928,478,885,4604,6.81961902532337,6.99792815782084,6.4902835373444,6.44584378661088,6.91480979661017,6.80132105994787,160
