"","year","month","avg_rating","no_ratings","avg_rating_owned","avg_rating_not_owned","avg_rating_prev_owned","avg_rating_comment","avg_rating_no_comment","no_ratings_owned","no_ratings_not_owned","no_ratings_prev_owned","no_ratings_comment","no_ratings_no_comment","cum_no_ratings","cum_no_ratings_owned","cum_no_ratings_not_owned","cum_no_ratings_prev_owned","cum_no_ratings_comment","cum_no_ratings_no_comment","cum_avg_rating","cum_avg_rating_owned","cum_avg_rating_not_owned","cum_avg_rating_prev_owned","cum_avg_rating_comment","cum_avg_rating_no_comment","month_after_release"
"1",2009,10,8.25,8,8.33333333333333,8,NA,8.5,8.16666666666667,6,2,0,2,6,8,6,2,0,2,6,8.25,8.33333333333333,8,NA,8.5,8.16666666666667,0
"2",2009,11,7.747,50,8.33478260869565,7.2462962962963,7.66666666666667,7.43529411764706,7.90757575757576,23,27,3,17,33,58,29,29,3,19,39,7.81637931034483,8.33448275862069,7.29827586206897,7.66666666666667,7.54736842105263,7.9474358974359,1
"3",2009,12,7.95886075949367,79,8.3563829787234,7.375,8.5,7.77173913043478,8.03571428571429,47,32,5,23,56,137,76,61,8,42,95,7.8985401459854,8.34802631578947,7.33852459016393,8.1875,7.6702380952381,7.99947368421053,2
"4",2010,1,7.56193181818182,88,8.07159090909091,7.05227272727273,7.375,7.39705882352941,7.66574074074074,44,44,4,34,54,225,120,105,12,76,149,7.76688888888889,8.24666666666667,7.21857142857143,7.91666666666667,7.54802631578947,7.87852348993289,3
"5",2010,2,7.73380281690141,71,8.43548387096774,7.19,8.6,7.45526315789474,7.83557692307692,31,40,5,19,52,296,151,145,17,95,201,7.7589527027027,8.28543046357616,7.21068965517242,8.11764705882353,7.52947368421053,7.86741293532338,4
"6",2010,3,7.70826086956522,115,8.45652173913044,7.20942028985507,7.75,7.58522727272727,7.78450704225352,46,69,8,44,71,411,197,214,25,139,272,7.74476885644769,8.3253807106599,7.21028037383178,8,7.54712230215827,7.84577205882353,5
"7",2010,4,7.63846153846154,91,8.23076923076923,7.19423076923077,7.875,7.296,7.76818181818182,39,52,8,25,66,502,236,266,33,164,338,7.72549800796813,8.30974576271187,7.20714285714286,7.96969696969697,7.50884146341463,7.83062130177515,6
"8",2010,5,7.78229166666667,96,8.54878048780488,7.21090909090909,6.75,7.88888888888889,7.74057971014493,41,55,6,27,69,598,277,321,39,191,407,7.73461538461538,8.34512635379062,7.20778816199377,7.78205128205128,7.56256544502618,7.81535626535627,7
"9",2010,6,7.60526315789474,76,8.18157894736842,7.02894736842105,8.33333333333333,7.64117647058824,7.59491525423729,38,38,3,17,59,674,315,359,42,208,466,7.7200296735905,8.32539682539683,7.18885793871866,7.82142857142857,7.56899038461539,7.78744635193133,8
"10",2010,7,7.64295774647887,71,8.19655172413793,7.26071428571429,7.25555555555556,7.64285714285714,7.64298245614035,29,42,9,14,57,745,344,401,51,222,523,7.71268456375839,8.31453488372093,7.19638403990025,7.72156862745098,7.57364864864865,7.7717017208413,9
"11",2010,8,7.33898305084746,59,8.14285714285714,6.61290322580645,7.35714285714286,7.40526315789474,7.3075,28,31,7,19,40,804,372,432,58,241,563,7.68526119402985,8.30161290322581,7.15451388888889,7.67758620689655,7.5603734439834,7.73872113676732,10
"12",2010,9,7.64685714285714,70,8.31,6.859375,7.5,7.42857142857143,7.70142857142857,38,32,7,14,56,874,410,464,65,255,619,7.68218535469107,8.30239024390244,7.13415948275862,7.65846153846154,7.55313725490196,7.73534733441034,11
"13",2010,10,7.73275862068965,87,8.41578947368421,7.2030612244898,7.64285714285714,7.6452380952381,7.76060606060606,38,49,7,21,66,961,448,513,72,276,685,7.68676378772112,8.31200892857143,7.14074074074074,7.65694444444444,7.56014492753623,7.73778102189781,12
"14",2010,11,7.76197183098592,142,8.42071428571429,7.12152777777778,7.18333333333333,7.37241379310345,7.86194690265487,70,72,15,29,113,1103,518,585,87,305,798,7.69644605621033,8.32669884169884,7.13837606837607,7.57528735632184,7.54229508196721,7.7553634085213,13
"15",2010,12,7.5007734375,128,8.0706724137931,7.02857142857143,8,7.04440740740741,7.62277227722772,58,70,6,27,101,1231,576,655,93,332,899,7.67609991876523,8.30091840277778,7.12664122137405,7.60268817204301,7.50180421686747,7.74046718576196,14
"16",2011,1,7.83969465648855,131,8.24154929577465,7.36416666666667,6.83333333333333,7.72619047619048,7.86136363636364,71,60,6,21,110,1362,647,715,99,353,1009,7.69183480176211,8.29440340030912,7.14657342657343,7.55606060606061,7.51515297450425,7.75364717542121,15
"17",2011,2,7.72166666666667,120,8.35344827586207,7.13064516129032,6.57142857142857,8.03269230769231,7.63563829787234,58,62,7,26,94,1482,705,777,106,379,1103,7.69425033738192,8.2992609929078,7.14530244530245,7.49103773584906,7.55065699208443,7.74359020852221,16
"18",2011,3,7.48103448275862,116,8.47222222222222,6.61774193548387,7.57,7.1125,7.675,54,62,10,40,76,1598,759,839,116,419,1179,7.67877284105131,8.31156653491436,7.10631704410012,7.49784482758621,7.50882816229117,7.73916878710772,17
"19",2011,4,7.5675,80,8.25588235294118,7.05869565217391,7.125,7.08823529411765,7.6968253968254,34,46,6,17,63,1678,793,885,122,436,1242,7.67346781883194,8.3091790668348,7.10384180790961,7.47950819672131,7.49242889908257,7.73702093397745,18
"20",2011,5,7.72621359223301,103,8.20865384615385,7.2343137254902,6.25,7.35714285714286,7.82073170731707,52,51,6,21,82,1781,845,936,128,457,1324,7.67651824817518,8.30299289940828,7.11095085470085,7.421875,7.48621225382932,7.74220543806646,19
"21",2011,6,7.66772151898734,79,8.12,7.20384615384615,7.28571428571429,7.775,7.65217391304348,40,39,7,10,69,1860,885,975,135,467,1393,7.67614462365591,8.29472203389831,7.11466666666667,7.41481481481481,7.49239614561028,7.73774587221823,20
"22",2011,7,7.58472222222222,72,8.32837837837838,6.79857142857143,7.91666666666667,7.67631578947368,7.55188679245283,37,35,3,19,53,1932,922,1010,138,486,1446,7.67273757763975,8.2960726681128,7.10371287128713,7.42572463768116,7.49958641975309,7.7309336099585,21
"23",2011,8,7.76219512195122,82,8.51081081081081,7.14666666666667,7.31818181818182,7.91176470588235,7.72307692307692,37,45,11,17,65,2014,959,1055,149,503,1511,7.67637984111221,8.30435766423358,7.10554502369668,7.41778523489933,7.51351689860835,7.73059563203176,22
"24",2011,9,7.48192771084337,83,8.18888888888889,6.94042553191489,6,7.44736842105263,7.4921875,36,47,8,19,64,2097,995,1102,157,522,1575,7.66868335717692,8.30017989949749,7.09850272232305,7.34554140127389,7.5111091954023,7.72090793650793,23
"25",2011,10,7.6093023255814,86,8.27948717948718,7.0531914893617,7.4,7.61111111111111,7.60882352941176,39,47,10,18,68,2183,1034,1149,167,540,1643,7.66634402198809,8.29939941972921,7.09664926022628,7.34880239520958,7.51444259259259,7.71626902008521,24
"26",2011,11,7.75545454545455,110,8.40816326530612,7.23114754098361,6.8,7.91176470588235,7.72688172043011,49,61,10,17,93,2293,1083,1210,177,557,1736,7.67061883994767,8.30432040627885,7.10342975206612,7.31779661016949,7.52656912028726,7.71683755760368,25
"27",2011,12,7.35730337078652,89,8.16351351351351,6.78365384615385,7.58333333333333,7.175,7.3972602739726,37,52,6,16,73,2382,1120,1262,183,573,1809,7.65891225860621,8.29966875,7.09025356576862,7.32650273224044,7.51675218150087,7.70394140409066,26
"28",2012,1,7.62076271186441,118,8.29166666666667,7.0546875,7.04545454545455,7.4,7.6605,54,64,11,18,100,2500,1174,1326,194,591,1909,7.6571116,8.299300681431,7.08853695324284,7.31056701030928,7.51319627749577,7.70166579360922,27
"29",2012,2,7.78815789473684,76,8.20405405405405,7.39358974358974,7.6375,8,7.7484375,37,39,8,12,64,2576,1211,1365,202,603,1973,7.66097787267081,8.29639058629232,7.09725274725275,7.32351485148515,7.52288391376451,7.7031829700963,28
"30",2012,3,7.45666666666667,90,8.04186046511628,6.92127659574468,7.79,6.95,7.62058823529412,43,47,10,22,68,2666,1254,1412,212,625,2041,7.65408064516129,8.28766267942584,7.09139518413598,7.34551886792453,7.5027184,7.70043116119549,29
"31",2012,4,7.58613333333333,75,8.229,6.85142857142857,7.16666666666667,7.83684210526316,7.50107142857143,40,35,9,19,56,2741,1294,1447,221,644,2097,7.65222145202481,8.28584930448222,7.08559087767796,7.33823529411765,7.51257608695652,7.69510729613734,30
"32",2012,5,7.61644736842105,76,8.33333333333333,7.14891304347826,7.28571428571429,7.49545454545455,7.66574074074074,30,46,7,22,54,2817,1324,1493,228,666,2151,7.65125630102946,8.2869252265861,7.08754186202277,7.33662280701754,7.51201051051051,7.694370060437,31
"33",2012,6,8.01123076923077,65,8.35,7.63967741935484,8.246,8.71428571428571,7.92637931034483,34,31,5,7,58,2882,1358,1524,233,673,2209,7.65937508674531,8.28850441826215,7.09877296587927,7.35613733905579,7.52451560178306,7.70046174739701,32
"34",2012,7,7.52830188679245,53,8.20666666666667,6.64347826086957,7.375,7.59090909090909,7.51190476190476,30,23,4,11,42,2935,1388,1547,237,684,2251,7.65700817717206,8.2867355907781,7.09200387847447,7.35645569620253,7.52558333333333,7.69694358063083,33
"35",2012,8,7.31416666666667,60,7.96666666666667,6.96282051282051,7.0625,6.80714285714286,7.46847826086957,21,39,8,14,46,2995,1409,1586,245,698,2297,7.65013989983305,8.28196522356281,7.08882723833543,7.34685714285714,7.51117335243553,7.69236830648672,34
"36",2012,9,7.39803921568627,51,8.23809523809524,6.81,6.8,7.62222222222222,7.35,21,30,5,9,42,3046,1430,1616,250,707,2339,7.64591891004596,8.28132097902098,7.08365099009901,7.33592,7.51258698727016,7.68622060709705,35
"37",2012,10,7.54322033898305,59,8.3875,6.78064516129032,5.8,7.95,7.47941176470588,28,31,5,8,51,3105,1458,1647,255,715,2390,7.64396747181964,8.28336008230452,7.07794778384942,7.30580392156863,7.51748111888112,7.68180753138075,36
"38",2012,11,7.76395348837209,86,8.23191489361702,7.2,7.95833333333333,7.87857142857143,7.74166666666667,47,39,6,14,72,3191,1505,1686,261,729,2462,7.64720119084926,8.28175348837209,7.08077105575326,7.32080459770115,7.52441563786008,7.68355808285946,37
"39",2012,12,7.79705882352941,85,8.14634146341463,7.47159090909091,7.64285714285714,7.60714285714286,7.83450704225352,41,44,7,14,71,3276,1546,1730,268,743,2533,7.65108943833944,8.27816235446313,7.09071098265896,7.32921641791045,7.52597442799462,7.68778918278721,38
"40",2013,1,7.5,92,8.09772727272727,6.95208333333333,7.03076923076923,7.385,7.53194444444444,44,48,13,20,72,3368,1590,1778,281,763,2605,7.64696229216152,8.27316918238993,7.08696850393701,7.31540925266904,7.52227916120577,7.68348176583493,39
"41",2013,2,7.59384615384615,65,8.52,7.015,7.375,7.84666666666667,7.518,25,40,4,15,50,3433,1615,1818,285,778,2655,7.64595659772793,8.27699009287925,7.08538503850385,7.31624561403509,7.52853341902314,7.68036534839925,40
"42",2013,3,7.52370588235294,68,8.3264,6.89,6.61111111111111,8.08784615384615,7.39036363636364,30,38,9,13,55,3501,1645,1856,294,791,2710,7.64358211939446,8.27789118541033,7.08138469827586,7.29465986394558,7.53772566371681,7.67447970479705,41
"43",2013,4,7.67571428571429,42,8.44642857142857,7.29035714285714,8.33333333333333,7.213,7.8203125,14,28,3,10,32,3543,1659,1884,297,801,2742,7.64396302568445,8.27931344183243,7.08449044585987,7.30515151515152,7.53367166042447,7.67618161925602,42
"44",2013,5,7.52545454545455,66,8.27193548387097,6.86428571428571,7.125,7.58,7.51454545454545,31,35,4,11,55,3609,1690,1919,301,812,2797,7.64179578830701,8.27917810650887,7.08047420531527,7.30275747508306,7.53429926108374,7.67300321773329,43
"45",2013,6,7.79607843137255,51,8.18421052631579,7.565625,7.9,7.8,7.79555555555556,19,32,7,6,45,3660,1709,1951,308,818,2842,7.6439456284153,8.27812229373903,7.08843157355202,7.31633116883117,7.53624816625917,7.67494370161858,44
"46",2013,7,7.23333333333333,72,7.94516129032258,6.69512195121951,7.22222222222222,7.15384615384615,7.25084745762712,31,41,9,13,59,3732,1740,1992,317,831,2901,7.63602384780278,8.27219022988505,7.08033634538153,7.31365930599369,7.53026594464501,7.66631851085832,45
"47",2013,8,7.7301724137931,58,8.20645161290323,7.18333333333333,7.58333333333333,7.58333333333333,7.74711538461538,31,27,6,6,52,3790,1771,2019,323,837,2953,7.63746464379947,8.2710395256917,7.0817137196632,7.31866873065016,7.53064635603345,7.66774128005418,46
"48",2013,9,7.13150684931507,73,7.79655172413793,6.69318181818182,7.5625,6.88,7.19655172413793,29,44,8,15,58,3863,1800,2063,331,852,3011,7.62790344292001,8.263395,7.07342704798837,7.32456193353474,7.51919131455399,7.65866489538359,47
"49",2013,10,7.51544117647059,68,8.01451612903226,7.0972972972973,6.375,7.425,7.53888888888889,31,37,4,14,54,3931,1831,2100,335,866,3065,7.62595802594759,8.25918132168214,7.07384761904762,7.31322388059702,7.51766859122402,7.6565546492659,48
"50",2013,11,7.128,75,8.22903225806452,6.35227272727273,6.75,7.92857142857143,6.94426229508197,31,44,8,14,61,4006,1862,2144,343,880,3126,7.61663529705441,8.25867937701396,7.05903917910448,7.30008746355685,7.52420568181818,7.64265515035189,49
"51",2013,12,7.78828125,64,8.18787878787879,7.36290322580645,7.89375,7.78333333333333,7.78942307692308,33,31,8,12,52,4070,1895,2175,351,892,3178,7.61933439803439,8.25744643799472,7.06337011494253,7.31361823361823,7.52769170403587,7.64505663939585,50
"52",2014,1,7.54421052631579,95,8.40232558139535,6.83461538461538,6.94444444444444,7.31666666666667,7.586875,43,52,9,15,80,4165,1938,2227,360,907,3258,7.61762088835534,8.26066099071207,7.05802873821284,7.30438888888889,7.52420176405733,7.64362799263352,51
"53",2014,2,7.91012658227848,79,8.53292682926829,7.23815789473684,7.3125,8.02352941176471,7.87903225806452,41,38,12,17,62,4244,1979,2265,372,924,3320,7.62306573986805,8.26630166750884,7.06105077262693,7.30465053763441,7.53338852813853,7.64802409638554,52
"54",2014,3,7.58560606060606,66,8.03387096774193,7.18857142857143,7.1875,7.5,7.60272727272727,31,35,8,11,55,4310,2010,2300,380,935,3375,7.62249211136891,8.26271691542289,7.06299130434783,7.30218421052632,7.53299572192513,7.64728592592592,53
"55",2014,4,7.76396226415094,53,8.56818181818182,7.19322580645161,7.88333333333333,8.24545454545455,7.63785714285714,22,31,6,11,42,4363,2032,2331,386,946,3417,7.62421063488425,8.26602411417323,7.06472329472329,7.31121761658031,7.54128012684989,7.64717003219198,54
"56",2014,5,7.53879310344828,58,8.0625,7.05,7.33333333333333,7.685,7.50833333333333,28,30,3,10,48,4421,2060,2361,389,956,3465,7.62309002488124,8.26325776699029,7.06453621346887,7.3113881748072,7.54278347280335,7.64524675324675,55
"57",2014,6,7.47962962962963,54,8.23333333333333,7,7.78333333333333,7.3,7.52045454545455,21,33,6,10,44,4475,2081,2394,395,966,3509,7.62135888268156,8.26295579048534,7.06364661654135,7.31855696202532,7.5402701863354,7.64368196067256,56
"58",2014,7,7.17727272727273,55,7.59411764705882,6.99078947368421,7.4,6.525,7.22843137254902,17,38,5,4,51,4530,2098,2432,400,970,3560,7.61596710816777,8.25753622497617,7.06250822368421,7.319575,7.53608350515464,7.63773314606742,57
"59",2014,8,7.51461538461538,52,8.35263157894737,7.03212121212121,8.4625,7.69285714285714,7.48688888888889,19,33,4,7,45,4582,2117,2465,404,977,3605,7.61481689218681,8.25838970240907,7.0621014198783,7.33089108910891,7.53720675537359,7.63585020804438,58
"60",2014,9,7.84298245614035,57,8.3765625,7.16,7.22222222222222,7.35416666666667,7.97333333333333,32,25,9,12,45,4639,2149,2490,413,989,3650,7.61762039232593,8.26014937180084,7.0630843373494,7.32852300242131,7.53498584428716,7.64001095890411,59
"61",2014,10,7.51666666666667,69,8.24464285714286,7.01951219512195,6.78571428571429,6.33333333333333,7.69416666666667,28,41,7,9,60,4708,2177,2531,420,998,3710,7.61614082412914,8.25994993109784,7.06237850651916,7.31947619047619,7.5241492985972,7.64088679245283,60
"62",2014,11,7.79072289156626,83,8.11836734693878,7.31852941176471,8,7.95157894736842,7.74296875,49,34,6,19,64,4791,2226,2565,426,1017,3774,7.61916530995617,8.25683333333333,7.0657738791423,7.32906103286385,7.53213470993117,7.64261791202968,61
"63",2014,12,7.91986301369863,73,8.33108108108108,7.49722222222222,7.46666666666667,8.19705882352941,7.83571428571429,37,36,9,17,56,4864,2263,2601,435,1034,3830,7.62367824835526,8.25804728236854,7.07174548250673,7.33190804597701,7.5430667311412,7.64544125326371,62
"64",2015,1,7.75120481927711,83,8.33875,7.2046511627907,7.86666666666667,8.07352941176471,7.66818181818182,40,43,6,17,66,4947,2303,2644,441,1051,3896,7.6258178694158,8.25944897959183,7.0739069591528,7.33918367346939,7.55164700285443,7.64582648870637,63
"65",2015,2,7.35641509433962,53,8.42333333333333,6.65625,6.57142857142857,7.5,7.3345652173913,21,32,7,7,46,5000,2324,2676,448,1058,3942,7.6229622,8.26092986230637,7.06891255605381,7.3271875,7.55130529300567,7.64219431760528,64
"66",2015,3,7.55403225806452,62,8.15434782608696,7.2,7.7,8.16818181818182,7.42156862745098,23,39,5,11,51,5062,2347,2715,453,1069,3993,7.62211793757408,8.25988538559863,7.0707955801105,7.33130242825607,7.55765294667914,7.63937640871525,65
"67",2015,4,7.53972602739726,73,8.1,6.96388888888889,7.18571428571429,7.975,7.45409836065574,37,36,7,12,61,5135,2384,2751,460,1081,4054,7.62094664070107,8.25740394295302,7.06939658306071,7.32908695652174,7.56228584643848,7.63658855451406,66
"68",2015,5,7.79873417721519,79,8.07,7.52051282051282,7.35714285714286,7.65384615384615,7.82727272727273,40,39,7,13,66,5214,2424,2790,467,1094,4120,7.62364039125431,8.25431146864686,7.07570250896057,7.32950749464668,7.56337385740402,7.63964320388349,67
"69",2015,6,7.85777777777778,63,8.25897435897436,7.20583333333333,7.625,8.1625,7.75404255319149,39,24,4,16,47,5277,2463,2814,471,1110,4167,7.62643566420314,8.25438530247665,7.07681236673774,7.332016985138,7.57200990990991,7.64093352531797,68
"70",2015,7,7.58515535714286,56,8.1928,7.09511935483871,6.93333333333333,8.18571428571429,7.4993612244898,25,31,9,7,49,5333,2488,2845,480,1117,4216,7.62600219388712,8.25376647909967,7.07701184534271,7.32454166666667,7.57585586392122,7.63928811669829,69
"71",2015,8,7.50783783783784,74,8.09942857142857,6.97692307692308,8.18181818181818,7.42777777777778,7.53357142857143,35,39,11,18,56,5407,2523,2884,491,1135,4272,7.62438500092473,8.25162544589774,7.07565835644938,7.34374745417515,7.57350748898679,7.63790231741573,70
"72",2015,9,7.72413793103448,58,8.27586206896552,7.17241379310345,7.41666666666667,7.7,7.72916666666667,29,29,6,10,48,5465,2552,2913,497,1145,4320,7.62544367795059,8.25190086206896,7.0766215928596,7.3446277665996,7.57461222707424,7.63891636574074,71
"73",2015,10,7.93015873015873,63,8.3,7.40384615384615,6.85,8.5625,7.83818181818182,37,26,5,8,55,5528,2589,2939,502,1153,4375,7.62891637120116,8.25258825801467,7.0795164001361,7.33970119521912,7.58146660884649,7.64142141714286,72
"74",2015,11,7.52021276595745,94,8.36714285714286,7.01779661016949,6.78,7.9125,7.48372093023256,35,59,5,8,86,5622,2624,2998,507,1161,4461,7.62709884382782,8.25411623475609,7.07830176784523,7.33418145956608,7.58374763135228,7.63838123739072,73
"75",2015,12,7.56743119266055,109,8.25,6.94473684210526,7.45882352941176,7.20869565217391,7.66337209302326,52,57,17,23,86,5731,2676,3055,524,1184,4547,7.62596400279183,8.25403624813153,7.07580972176759,7.3382251908397,7.57646199324324,7.63885390367275,74
"76",2016,1,7.47317757009346,107,8.00434782608696,7.07262295081967,6.6,8.04166666666667,7.40136842105263,46,61,10,12,95,5838,2722,3116,534,1196,4642,7.62316370332305,8.24981667891256,7.07574733632863,7.32440074906367,7.58112959866221,7.63399368806549,75
"77",2016,2,7.67214285714286,70,8.31034482758621,7.22073170731707,6.45714285714286,7.71923076923077,7.66140350877193,29,41,7,13,57,5908,2751,3157,541,1209,4699,7.62374402505078,8.25045474372955,7.07763025023757,7.31317929759704,7.58261455748553,7.63432617578208,76
"78",2016,3,7.30569620253165,79,7.95921052631579,6.7,6.05714285714286,7.2375,7.31791044776119,38,41,7,12,67,5987,2789,3198,548,1221,4766,7.61954730248872,8.24648655432054,7.07278883677298,7.29713503649635,7.57922276822277,7.62987803189257,77
"79",2016,4,7.78768831168831,77,8.21862857142857,7.42857142857143,7.69230769230769,7.7,7.80077611940299,35,42,13,10,67,6064,2824,3240,561,1231,4833,7.6216823383905,8.24614128895183,7.07740083333333,7.30629233511586,7.58020389926889,7.63224719635837,78
"80",2016,5,7.816625,80,8.30243902439024,7.30589743589744,6.83333333333333,8.46666666666667,7.70191176470588,41,39,6,12,68,6144,2865,3279,567,1243,4901,7.62422065429687,8.24694694589877,7.08011854223849,7.30128747795414,7.58876186645213,7.63321377269945,79
"81",2016,6,7.63918918918919,74,8.30641025641026,6.89571428571429,7.13333333333333,8.83333333333333,7.40806451612903,39,35,6,12,62,6218,2904,3314,573,1255,4963,7.62439879382438,8.24774552341597,7.0781710018105,7.29952879581152,7.60066215139442,7.63040110820069,80
"82",2016,7,7.66829268292683,82,8.195,7.16666666666667,7.6,7.86875,7.61969696969697,40,42,5,16,66,6300,2944,3356,578,1271,5029,7.62497011111111,8.2470288722826,7.07927851609058,7.30212802768166,7.60403697875689,7.63026062835554,81
"83",2016,8,7.45,74,8.18461538461538,7.05208333333333,6.78571428571429,8.125,7.31935483870968,26,48,14,12,62,6374,2970,3404,592,1283,5091,7.62293876686539,8.24648249158248,7.07889503525264,7.28991554054054,7.60890958690569,7.62647430760165,82
"84",2016,9,7.56483516483516,91,7.96578947368421,7.27735849056604,7.83333333333333,7,7.72394366197183,38,53,9,20,71,6465,3008,3457,601,1303,5162,7.62212091260634,8.24293650265957,7.08193772056697,7.29805324459235,7.59956331542594,7.62781493607129,83
"85",2016,10,7.889,80,8.27243902439024,7.48589743589744,7.67222222222222,7.66666666666667,7.92823529411765,41,39,9,12,68,6545,3049,3496,610,1315,5230,7.62538299465241,8.24333322400786,7.08644413615561,7.3035737704918,7.60017566539924,7.63172097514341,84
"86",2016,11,7.4695652173913,115,7.9125,7.04915254237288,8,8.16153846153846,7.38137254901961,56,59,3,13,102,6660,3105,3555,613,1328,5332,7.62269244744745,8.23736650563606,7.08582523206751,7.30698205546493,7.60567093373494,7.62693186421606,85
"87",2016,12,7.74677419354839,93,8.37604166666667,7.07555555555556,6.83333333333333,7.90625,7.71363636363636,48,45,9,16,77,6753,3153,3600,622,1344,5409,7.62440125869984,8.23947764034252,7.08569686111111,7.30012861736334,7.60924925595238,7.62816614901091,86
"88",2017,1,7.53663551401869,107,8.27339285714286,6.72764705882353,6.75454545454545,7.98571428571429,7.46903225806452,56,51,11,14,93,6860,3209,3651,633,1358,5502,7.62303231778426,8.24006949205359,7.08069534374144,7.2906477093207,7.61313033873343,7.62547631770266,87
"89",2017,2,7.33246753246753,77,8.0578947368421,6.62564102564103,6.64285714285714,7.5,7.29193548387097,38,39,7,15,62,6937,3247,3690,640,1373,5564,7.6198070779876,8.23793748075146,7.07588582655827,7.2835625,7.61189439184268,7.62175965132998,88
"90",2017,3,7.52368421052632,95,8.34642857142857,6.87169811320755,6.22222222222222,7.8,7.471875,42,53,9,15,80,7032,3289,3743,649,1388,5644,7.61850848976109,8.2393228944968,7.07299457654288,7.26884437596302,7.6139272334294,7.61963513465628,89
"91",2017,4,7.51898734177215,79,8.14102564102564,6.9125,6.9,7.65,7.48828125,39,40,5,15,64,7111,3328,3783,654,1403,5708,7.6174028547321,8.23817097355769,7.07129756806767,7.2660244648318,7.61431290092659,7.6181623510862,90
"92",2017,5,7.75509259259259,108,8.21826923076923,7.325,7.375,8.25,7.66902173913043,52,56,12,16,92,7219,3380,3839,666,1419,5800,7.61946276492589,8.2378647928994,7.07499835894764,7.26798798798799,7.62148062015504,7.6189690862069,91
"93",2017,6,7.75897435897436,78,8.38108108108108,7.19756097560976,6.8,7.83333333333333,7.74545454545455,37,41,5,12,66,7297,3417,3880,671,1431,5866,7.62095404960943,8.23941556921275,7.07629347938144,7.26450074515648,7.6232571628232,7.62039220934197,92
"94",2017,7,7.46915887850467,107,8.09795918367347,6.93793103448276,6.64,7.53333333333333,7.45869565217391,49,58,5,15,92,7404,3466,3938,676,1446,5958,7.61876035926526,8.23741575302942,7.07425563737938,7.25988165680473,7.62232434301522,7.61789538435717,93
"95",2017,8,7.49858974358974,78,8.00588235294118,7.10659090909091,7,7.9625,7.37887096774194,34,44,8,16,62,7482,3500,3982,684,1462,6020,7.61750757818765,8.23516657142856,7.0746129331994,7.25684210526316,7.62604719562244,7.61543367109635,94
"96",2017,9,7.53430379746835,79,8.09571428571429,7.08772727272727,7.31428571428571,8.10714285714286,7.47861111111111,35,44,7,7,72,7561,3535,4026,691,1469,6092,7.61663823568311,8.23378585572842,7.07475625931446,7.25742402315485,7.62833968686181,7.61381659553513,95
"97",2017,10,7.49161616161616,99,8.17022222222222,6.92611111111111,7.64,7.13333333333333,7.55559523809524,45,54,10,15,84,7660,3580,4080,701,1484,6176,7.6150224151436,8.23298687150837,7.07278889705882,7.26288159771755,7.62333625336927,7.61302472474094,96
"98",2017,11,7.89010204081633,98,8.21729166666667,7.576,7.73333333333333,8.65833333333333,7.78290697674419,48,50,6,12,86,7758,3628,4130,707,1496,6262,7.61849725444702,8.23277921719955,7.07888104116223,7.26687411598303,7.63163836898396,7.61535782497605,97
"99",2017,12,7.80572916666667,96,8.131,7.45217391304348,8.11111111111111,7.528125,7.86125,50,46,9,16,80,7854,3678,4176,716,1512,6342,7.62078580341227,8.23139559543229,7.08299298371648,7.27748603351955,7.63054298941799,7.61845958688111,98
"100",2018,1,7.61067961165049,103,8.51276595744681,6.85357142857143,6.625,8.52727272727273,7.50108695652174,47,56,8,11,92,7957,3725,4232,724,1523,6434,7.62065498303381,8.23494577181207,7.07995715973535,7.27027624309392,7.63701969796454,7.61678127137084,99
"101",2018,2,8.04923076923077,65,8.490625,7.62121212121212,7.08333333333333,8.625,7.96842105263158,32,33,6,8,57,8022,3757,4265,730,1531,6491,7.62412761156819,8.23712350279478,7.08414506447831,7.2687397260274,7.6421822338341,7.61986915729472,100
"102",2018,3,7.92763440860215,93,8.28913043478261,7.57382978723404,7.9,7.96666666666667,7.92012820512821,46,47,10,15,78,8115,3803,4312,740,1546,6569,7.6276058780037,8.23775256376544,7.08948253710575,7.27727027027027,7.64533053040104,7.6234344192419,101
"103",2018,4,7.57564102564103,78,8.15,7.10813953488372,7.025,7.45454545454545,7.5955223880597,35,43,4,11,67,8193,3838,4355,744,1557,6636,7.62711115586476,8.23695231891609,7.08966675086108,7.27591397849462,7.64398265895954,7.62315260699217,102
"104",2018,5,7.54333333333333,75,8.37705882352941,6.85195121951219,6.11,7.43285714285714,7.55470588235294,34,41,3,7,68,8268,3872,4396,747,1564,6704,7.62635119738752,8.2381825929752,7.08744965878071,7.27123159303882,7.64303772378517,7.62245833830549,103
"105",2018,6,7.76691176470588,68,8.23666666666667,7.39605263157895,5.66666666666667,7.36363636363636,7.84473684210526,30,38,3,11,57,8336,3902,4434,750,1575,6761,7.62749780470249,8.23817093798051,7.09009442940911,7.26481333333333,7.64108634920635,7.62433230291377,104
"106",2018,7,7.92692307692308,65,8.86896551724138,7.16805555555556,6.875,8.375,7.80392156862745,29,36,6,14,51,8401,3931,4470,756,1589,6812,7.62981451017736,8.24282447214448,7.09072230425056,7.26171957671958,7.64755254877281,7.62567684967704,105
"107",2018,8,7.37211549295775,71,8.05074814814815,6.95568181818182,6.61428571428571,7.45,7.36492615384615,27,44,7,6,65,8472,3958,4514,763,1595,6877,7.62765485127479,8.24151419909044,7.08940600354453,7.25577981651376,7.64680940438872,7.6232122873346,106
"108",2018,9,7.75016666666667,60,8.14074074074074,7.43060606060606,6.7,8.14285714285714,7.69830188679245,27,33,5,7,53,8532,3985,4547,768,1602,6930,7.6285163970933,8.2408314178168,7.09188227402683,7.25216145833333,7.64897690387016,7.62378656565657,107
"109",2018,10,7.60626865671642,67,8.36275862068966,7.02894736842105,6.71,8.16666666666667,7.484,29,38,10,12,55,8599,4014,4585,778,1614,6985,7.62834305151762,8.24171230692575,7.09136067611777,7.24519280205656,7.6528258983891,7.62268588403723,108
"110",2018,11,7.73611764705882,85,8.30613636363636,7.12439024390244,8.23333333333333,7.990625,7.67710144927536,44,41,3,16,69,8684,4058,4626,781,1630,7054,7.62939796176877,8.24241084277968,7.09165341547773,7.24898847631242,7.65614171779141,7.62321815990927,109
"111",2018,12,7.46515151515151,66,8.25555555555556,6.91794871794872,6.25,8.2,7.40491803278689,27,39,6,5,61,8750,4085,4665,787,1635,7115,7.62815907428571,8.2424977233782,7.09020122186495,7.24137229987294,7.65780489296636,7.62134657765285,110
"112",2019,1,7.54943820224719,89,8.23372093023256,6.90978260869565,7.39285714285714,7.45,7.5620253164557,43,46,7,10,79,8839,4128,4711,794,1645,7194,7.6273664328544,8.2424062984496,7.088439545744,7.24270780856423,7.65654164133739,7.62069514873506,111
"113",2019,2,7.6472972972973,74,8.253125,7.18571428571429,7.33333333333333,7.60909090909091,7.65396825396825,32,42,6,11,63,8913,4160,4753,800,1656,7257,7.62753190844833,8.24248874999999,7.08929911634757,7.2433875,7.65622644927536,7.62098400165358,112
"114",2019,3,7.77197530864198,81,8.51414634146341,7.01125,6.5625,8.23214285714286,7.67582089552239,41,40,8,14,67,8994,4201,4793,808,1670,7324,7.62883276628864,8.24514001428231,7.08864775714584,7.23664603960396,7.66105449101797,7.62148564991808,113
"115",2019,4,7.70505263157895,95,8.29531914893617,7.12708333333333,6.5,7.875,7.67063291139241,47,48,9,16,79,9089,4248,4841,817,1686,7403,7.62962943118055,8.2456951977401,7.08902885767403,7.22853121175031,7.66308481613286,7.62201011751993,114
"116",2019,5,7.42280701754386,57,8.38095238095238,6.86388888888889,6.51428571428571,7.35714285714286,7.432,21,36,7,7,50,9146,4269,4877,824,1693,7453,7.62834046577739,8.24636055282267,7.08736696739799,7.22246359223301,7.66181984642646,7.6207353951429,115
"117",2019,6,8.02441860465116,86,8.42790697674419,7.62093023255814,6.35714285714286,8.025,8.02432432432432,43,43,7,12,74,9232,4312,4920,831,1705,7527,7.63203010181976,8.24817096474953,7.09203022357724,7.21517448856799,7.66437595307918,7.62470318852133,116
"118",2019,7,7.75243902439024,82,8.36857142857143,7.2936170212766,7.52222222222222,7.75,7.75277777777778,35,47,9,10,72,9314,4347,4967,840,1715,7599,7.63309017607902,8.2491403726708,7.09393772901148,7.21846428571429,7.66487521865889,7.62591668640611,117
"119",2019,8,7.93137033333333,90,8.45875,7.5094666,7.35,8.55733333333333,7.80617773333333,40,50,5,15,75,9404,4387,5017,845,1730,7674,7.63594483517652,8.25105156143149,7.09807893761212,7.2192426035503,7.67261329479769,7.62767842455043,118
"120",2019,9,7.61670588235294,85,8.0425,7.23822222222222,7.23857142857143,6.82307692307692,7.76,40,45,7,13,72,9489,4427,5062,852,1743,7746,7.63577249762883,8.24916720126496,7.09932477874358,7.2194014084507,7.66627710843374,7.62890836948102,119
"121",2019,10,7.77925531914894,94,8.29230769230769,7.14404761904762,7.275,8.43333333333333,7.65506329113924,52,42,4,15,79,9583,4479,5104,856,1758,7825,7.63717992591047,8.24966805090421,7.0996927958464,7.21966121495327,7.67282195676906,7.62917242555911,120
"122",2019,11,7.615,90,8.15294117647059,7.28839285714286,7.03333333333333,7.48461538461538,7.63701298701299,34,56,9,13,77,9673,4513,5160,865,1771,7902,7.63697355835832,8.24893933082206,7.10174070348837,7.2177225433526,7.67144042913608,7.62924882687927,121
"123",2019,12,7.74545454545455,99,8.175,7.52076923076923,7.6,7.675,7.76329113924051,34,65,8,20,79,9772,4547,5225,873,1791,7981,7.63807257777323,8.2483864526061,7.10695349856459,7.22122565864834,7.67148017867113,7.63057564590904,122
"124",2020,1,7.68044347826087,115,8.09212280701754,7.27586206896552,7.75,7.5151,7.69619047619048,57,58,4,10,105,9887,4604,5283,877,1801,8086,7.63856541215738,8.24645182450042,7.10880787999243,7.22363740022805,7.67061188228762,7.63142768117735,123
"125",2020,2,7.81975442105263,95,8.3343411627907,7.39423076923077,6.71428571428571,8.178125,7.74717303797468,43,52,7,16,79,9982,4647,5335,884,1817,8165,7.64028981166099,8.24726508930492,7.11158988378632,7.21960407239819,7.67508090258668,7.63254756889161,124
"126",2020,3,7.53350649350649,77,8.13413793103448,7.170625,6.66666666666667,6.2,7.62611111111111,29,48,6,5,72,10059,4676,5383,890,1822,8237,7.63947240282334,8.24656348802394,7.11211629760357,7.21587640449438,7.67103293084523,7.63249130751487,125
"127",2020,4,7.66538461538462,52,8.28076923076923,7.05,6.975,9.16666666666667,7.5734693877551,26,26,4,3,49,10111,4702,5409,894,1825,8286,7.63960566709524,8.24675263079539,7.11181771676835,7.21479865771812,7.67349150684932,7.63214227612841,126
"128",2020,5,7.7671875,64,8.32,7.27941176470588,NA,8.01,7.72222222222222,30,34,0,10,54,10175,4732,5443,894,1835,8340,7.64040814742015,8.24721700549449,7.11286460224141,7.21479865771812,7.67532534059946,7.63272552757794,127
"129",2020,6,7.71295081967213,61,8.24705882352941,7.04037037037037,6.125,7.49,7.762,34,27,4,11,50,10236,4766,5470,898,1846,8390,7.64084045525596,8.24721587704573,7.11250676965265,7.2099443207127,7.6742210184182,7.63349593563767,128
"130",2020,7,7.64561403508772,57,7.86,7.40740740740741,7.05,7.55,7.66122448979592,30,27,6,8,49,10293,4796,5497,904,1854,8439,7.6408668901195,8.24479375938281,7.11395525377479,7.20888274336283,7.67368500539374,7.63365693802584,129
"131",2020,8,7.77132352941176,68,8.34827586206896,7.34230769230769,7.57,7.21666666666667,7.92830188679245,29,39,10,15,53,10361,4825,5536,914,1869,8492,7.64172308657466,8.24541572435232,7.11556395050578,7.21283369803063,7.67001712145533,7.63549586669807,130
"132",2020,9,7.7558813559322,59,8.29375,7.38705714285714,7.3247,8.2547,7.65408163265306,24,35,10,10,49,10420,4849,5571,924,1879,8541,7.64236947216891,8.24565495359867,7.11726961586789,7.21404437229437,7.67312879191059,7.63560249385318,131
"133",2020,10,7.6491935483871,62,8.11052631578947,7.4453488372093,7.07142857142857,7.83333333333333,7.62946428571429,19,43,7,6,56,10482,4868,5614,931,1885,8597,7.64240983590918,8.24512754108462,7.11978251335946,7.21297207303974,7.67363872679045,7.63556251017797,132
"134",2020,11,7.52305555555556,72,8.04851851851852,7.20777777777778,7,7.92272727272727,7.45098360655738,27,45,7,11,61,10554,4895,5659,938,1896,8658,7.64159559408755,8.24404307865167,7.12048224597986,7.21138272921109,7.67508386075949,7.63426205821206,133
"135",2020,12,7.79285714285714,63,8.49038461538461,7.3027027027027,7.50833333333333,8.72777777777778,7.63703703703704,26,37,6,9,54,10617,4921,5696,944,1905,8712,7.64249316191015,8.24534461897987,7.12166591116573,7.21327012711865,7.68005721784777,7.63427925849403,134
"136",2021,1,7.82917431192661,109,8.15058823529412,7.54655172413793,7.6875,8.625,7.69225806451613,51,58,8,16,93,10726,4972,5754,952,1921,8805,7.64439025731867,8.24437266090104,7.12594873653111,7.21725525210084,7.6879276418532,7.63489164111301,135
"137",2021,2,8.17416892561983,121,8.706875,7.82389643835616,6.94444444444444,8.46578947368421,8.11984745098039,48,73,9,19,102,10847,5020,5827,961,1940,8907,7.65030002212594,8.24879499402389,7.13469254676506,7.21470031217482,7.69554587628866,7.6404451936679,136
"138",2021,3,7.71905172413793,116,8.60896551724138,7.42241379310345,7.16666666666667,7.62333333333333,7.73326732673267,29,87,3,15,101,10963,5049,5914,964,1955,9008,7.65102748700173,8.25086370964546,7.1389251724721,7.21455082987552,7.69499181585678,7.64148593916519,137
"139",2021,4,8.00702898550725,138,8.39673076923077,7.77139534883721,7.07,7.95,8.011484375,52,86,10,10,128,11101,5101,6000,974,1965,9136,7.65545305287812,8.25235069006076,7.14799057833333,7.21306673511294,7.69628956743003,7.64666980516638,138
"140",2021,5,8.0172,125,8.42127659574468,7.77371794871795,7.6,8.11538461538461,8.00580357142857,47,78,5,13,112,11226,5148,6078,979,1978,9248,7.65948105647604,8.25389294289043,7.15602064330372,7.21504290091931,7.69904398382204,7.65101917603806,139
"141",2021,6,8.02865979381443,97,8.49193548387097,7.81106060606061,8.625,8.2,7.99731707317073,31,66,4,15,82,11323,5179,6144,983,1993,9330,7.66264367570432,8.25531779687198,7.16305720540365,7.22078026449644,7.70281435022579,7.65406273740622,140
"142",2021,7,7.87292682926829,123,8.6105,7.51746987951807,7.275,8.10833333333333,7.84747747747748,40,83,8,12,111,11446,5219,6227,991,2005,9441,7.66490340206186,8.25804002107683,7.16778118997912,7.22121796165489,7.70524139650873,7.65633675881792,141
"143",2021,8,7.90640740740741,135,8.3833,7.62588235294118,7.58571428571429,8.12708333333333,7.85869369369369,50,85,7,24,111,11581,5269,6312,998,2029,9552,7.6677186201537,8.25922867147466,7.17395016951838,7.2237745490982,7.71023114834894,7.65868826842546,142
"144",2021,9,8.03038461538462,130,8.23461538461538,7.89423076923077,7.15714285714286,8.06666666666667,8.02565217391304,52,78,7,15,115,11711,5321,6390,1005,2044,9667,7.67174445734779,8.25898813568877,7.18274232707355,7.2233104477612,7.71284686888454,7.66305372297507,143
"145",2021,10,7.93042857142857,140,8.51111111111111,7.65536842105263,7.4875,7.56666666666667,7.98409836065574,45,95,8,18,122,11851,5366,6485,1013,2062,9789,7.67480038309004,8.261102472978,7.18966591673092,7.22539684106614,7.71157080504365,7.66705489222597,144
"146",2021,11,7.72823129251701,147,8.43076923076923,7.34368421052632,7.00714285714286,7.928,7.68729508196721,52,95,7,25,122,11998,5418,6580,1020,2087,9911,7.67545502083681,8.26273087301587,7.19188958510638,7.22389901960784,7.71416339242933,7.66730403995561,145
"147",2021,12,7.88540816326531,196,8.37761904761905,7.65225563909774,7.72222222222222,7.87,7.88735632183908,63,133,9,22,174,12194,5481,6713,1029,2109,10085,7.67882969821224,8.26405142674694,7.20101049754208,7.22825753158406,7.71578899952584,7.671100678235,146
"148",2022,1,7.82,207,8.20658536585366,7.5664,7.88333333333333,8.4,7.77141361256545,82,125,12,16,191,12401,5563,6838,1041,2125,10276,7.68118614144021,8.26320436275391,7.20768989031881,7.2358088376561,7.72094070588235,7.67296519462826,147
"149",2022,2,7.86519610294118,136,8.24842105263158,7.58869202531646,5.75,7.93214285714286,7.85751368852459,57,79,4,14,122,12537,5620,6917,1045,2139,10398,7.68318226130653,8.2630544252669,7.21204136764493,7.23012153110048,7.72232304815334,7.67513050682824,148
"150",2022,3,8.05754838709677,155,8.50952380952381,7.74804347826087,7.85,8.27529411764706,8.03072463768116,63,92,4,17,138,12692,5683,7009,1049,2156,10536,7.68775417664671,8.26578670948443,7.21907692110144,7.23248522402288,7.7266832096475,7.67978806093394,149
"151",2022,4,8.07595744680851,141,8.48,7.8865625,7.875,8.16368421052632,8.06229508196721,45,96,8,19,122,12833,5728,7105,1057,2175,10658,7.69201948180472,8.26746960020949,7.22809572695285,7.2373481551561,7.73050068965517,7.68416654250329,150
"152",2022,5,7.95714285714286,161,8.15918367346939,7.86875,7.81666666666667,7.79117647058824,7.97673611111111,49,112,12,17,144,12994,5777,7217,1069,2192,10802,7.69530444897645,8.26655112861346,7.23803798531246,7.24385126286249,7.73097125912409,7.68806674782448,151
"153",2022,6,7.89763513513514,148,8.2780487804878,7.7518691588785,8,7.4625,7.9225,41,107,4,8,140,13142,5818,7324,1073,2200,10942,7.69758301704459,8.26663215366105,7.24554480338613,7.24667008387698,7.729995,7.69106625936758,152
"154",2022,7,8.11768292682927,164,8.59574468085106,7.92564102564103,7.9,8.18235294117647,8.11020408163265,47,117,5,17,147,13306,5865,7441,1078,2217,11089,7.70276086051406,8.269269543052,7.2562384276307,7.24970037105752,7.73346368967073,7.69662250969429,153
"155",2022,8,7.96736559139785,186,8.37405797101449,7.72752136752137,7.51666666666667,7.9832,7.96490683229814,69,117,6,25,161,13492,5934,7558,1084,2242,11250,7.7064086873703,8.27048801314459,7.2635340222281,7.25117804428045,7.73624843889385,7.70046195644445,154
