"","year","month","avg_rating","no_ratings","avg_rating_owned","avg_rating_not_owned","avg_rating_prev_owned","avg_rating_comment","avg_rating_no_comment","no_ratings_owned","no_ratings_not_owned","no_ratings_prev_owned","no_ratings_comment","no_ratings_no_comment","cum_no_ratings","cum_no_ratings_owned","cum_no_ratings_not_owned","cum_no_ratings_prev_owned","cum_no_ratings_comment","cum_no_ratings_no_comment","cum_avg_rating","cum_avg_rating_owned","cum_avg_rating_not_owned","cum_avg_rating_prev_owned","cum_avg_rating_comment","cum_avg_rating_no_comment","month_after_release"
"1",2009,6,9,1,NA,9,NA,9,NA,0,1,0,1,0,1,0,1,0,1,0,9,NA,9,NA,9,NA,-2
"2",2009,7,10,1,10,NA,NA,NA,10,1,0,0,0,1,2,1,1,0,1,1,9.5,10,9,NA,9,10,-1
"3",2009,8,7.68421052631579,19,8.75,6.90909090909091,10,6.16666666666667,8.38461538461539,8,11,1,6,13,21,9,12,1,7,14,7.85714285714286,8.88888888888889,7.08333333333333,10,6.57142857142857,8.5,0
"4",2009,9,8.08129007633588,131,8.67285714285714,7.40244262295082,8.02083333333333,7.78664444444444,8.23546511627907,70,61,12,45,86,152,79,73,13,52,100,8.05032236842105,8.69746835443038,7.34998630136986,8.17307692307692,7.62305769230769,8.2725,1
"5",2009,10,7.84653846153846,130,8.52,7.17307692307692,7.875,7.69736842105263,7.90815217391304,65,65,8,38,92,282,144,138,21,90,192,7.95637943262411,8.61736111111111,7.26665942028986,8.05952380952381,7.65443333333333,8.09791666666667,2
"6",2009,11,7.97056910569106,123,8.67896551724138,7.33846153846154,7.1,7.80645161290323,8.02586956521739,58,65,11,31,92,405,202,203,32,121,284,7.96068888888889,8.63504950495049,7.28965024630542,7.7296875,7.69338016528926,8.07457746478873,3
"7",2009,12,7.88343195266272,169,8.66436781609195,7.05487804878049,7.53846153846154,7.64444444444444,7.94812030075188,87,82,13,36,133,574,289,285,45,157,417,7.9379425087108,8.64387543252595,7.22210175438596,7.67444444444445,7.68215923566879,8.03424460431655,4
"8",2010,1,7.79712643678161,174,8.46410256410256,7.25520833333333,7.71052631578947,7.82608695652174,7.78671875,78,96,19,46,128,748,367,381,64,203,545,7.905185828877,8.60566757493188,7.23044356955381,7.68515625,7.71477339901478,7.97611009174312,5
"9",2010,2,7.70116071428571,112,8.50392156862745,7.03,6.87875,7.50645161290323,7.77567901234568,51,61,8,31,81,860,418,442,72,234,626,7.87861511627907,8.59325358851675,7.20278054298643,7.59555555555556,7.68717521367521,7.95017571884984,6
"10",2010,3,7.6790780141844,141,8.1984126984127,7.25961538461539,7.63636363636364,7.76969696969697,7.65138888888889,63,78,11,33,108,1001,481,520,83,267,734,7.85050849150849,8.54153846153846,7.21130576923077,7.60096385542169,7.69737453183521,7.90621253405995,7
"11",2010,4,7.73041666666667,120,8.43467741935484,6.97758620689655,7.64,7.2758064516129,7.88876404494382,62,58,10,31,89,1121,543,578,93,298,823,7.83765298840321,8.52933701657459,7.18785294117647,7.60516129032258,7.65352013422819,7.90432563791009,8
"12",2010,5,7.54590909090909,110,8.3734693877551,6.88114754098361,7.07142857142857,7.34782608695652,7.59827586206897,49,61,7,23,87,1231,592,639,100,321,910,7.81158326563769,8.51643581081081,7.15857433489828,7.5678,7.63161682242991,7.87506593406593,9
"13",2010,6,7.83571428571429,77,8.63611111111111,7.13292682926829,7.375,7.88333333333333,7.8241935483871,36,41,4,15,62,1308,628,680,104,336,972,7.81300382262997,8.52329617834395,7.15702794117647,7.56038461538462,7.64285416666667,7.87182098765432,10
"14",2010,7,7.36488888888889,90,8.41944444444444,6.66185185185185,6.84857142857143,7.17272727272727,7.42705882352941,36,54,7,22,68,1398,664,734,111,358,1040,7.78415522174535,8.5176656626506,7.12059809264305,7.5154954954955,7.61396368715084,7.84274038461538,11
"15",2010,8,7.56123595505618,89,8.28780487804878,6.940625,7.15555555555556,7.25625,7.67384615384615,41,48,9,24,65,1487,705,782,120,382,1105,7.77081304640215,8.50429787234043,7.10955115089514,7.4885,7.59148952879581,7.83280542986425,12
"16",2010,9,7.71237113402062,97,8.14,7.15238095238095,8.1875,7.79166666666667,7.68630136986301,55,42,8,24,73,1584,760,824,128,406,1178,7.76723421717172,8.47793421052632,7.11173422330097,7.5321875,7.60332266009852,7.82372665534805,13
"17",2010,10,7.45909090909091,88,8.17941176470588,7.00555555555556,7.28125,7.375,7.48382352941176,34,54,8,20,68,1672,794,878,136,426,1246,7.75101614832536,8.46515113350126,7.10520387243736,7.51742647058824,7.59260328638498,7.80517656500803,14
"18",2010,11,7.71009174311927,109,8.48529411764706,7.02844827586207,7.875,7.91666666666667,7.65176470588235,51,58,8,24,85,1781,845,936,144,450,1331,7.74851151038742,8.46636686390532,7.10044764957265,7.53729166666667,7.60988666666667,7.79537941397446,15
"19",2010,12,7.2887786259542,131,8.18509090909091,6.64013157894737,6.19230769230769,7.37272727272727,7.27183486238532,55,76,13,22,109,1912,900,1012,157,472,1440,7.71701307531381,8.44917777777778,7.06587845849802,7.42592356687898,7.59883262711864,7.75575,16
"20",2011,1,7.50625,128,7.92910447761194,7.04180327868852,6.75,7.73703703703704,7.44455445544554,67,61,11,27,101,2040,967,1073,168,499,1541,7.7037887254902,8.41314374353671,7.06450978564772,7.38166666666667,7.60631062124249,7.73535366645036,17
"21",2011,2,7.66219512195122,82,8.19302325581395,7.07692307692308,7.625,7.76923076923077,7.64202898550725,43,39,4,13,69,2122,1010,1112,172,512,1610,7.70218143261074,8.40377227722772,7.06494514388489,7.38732558139535,7.610447265625,7.73135403726708,18
"22",2011,3,7.6283185840708,113,8.42280701754386,6.81964285714286,7.05555555555556,8.11904761904762,7.51630434782609,57,56,9,21,92,2235,1067,1168,181,533,1702,7.69844697986577,8.40478912839738,7.05318407534246,7.37082872928177,7.63048592870544,7.71972972972973,19
"23",2011,4,7.95885416666667,96,8.57340425531915,7.36938775510204,7.625,7.83846153846154,8.00357142857143,47,49,12,26,70,2331,1114,1217,193,559,1772,7.7091716001716,8.41190305206463,7.06591536565324,7.38663212435233,7.64015921288014,7.73094243792325,20
"24",2011,5,7.71758241758242,91,8.39772727272727,7.08085106382979,7.3,8.1578947368421,7.60138888888889,44,47,6,19,72,2422,1158,1264,199,578,1844,7.70948761354253,8.41136442141624,7.0664707278481,7.38402010050251,7.65717820069204,7.72588394793926,21
"25",2011,6,7.65590909090909,110,8.21603773584906,7.13508771929825,7.8125,7.82291666666667,7.6093023255814,53,57,8,24,86,2532,1211,1321,207,602,1930,7.70715995260663,8.40281585466557,7.06943149129447,7.40057971014493,7.66378571428571,7.72068911917098,22
"26",2011,7,7.69351851851852,108,8.43333333333333,7.10166666666667,7.55555555555556,8.14230769230769,7.55121951219512,48,60,9,26,82,2640,1259,1381,216,628,2012,7.70660189393939,8.40397934868944,7.0708320057929,7.40703703703704,7.68359713375796,7.71378230616302,23
"27",2011,8,7.88,102,8.54035714285714,7.07608695652174,7.29,7.68076923076923,7.94815789473684,56,46,10,26,76,2742,1315,1427,226,654,2088,7.71305215171408,8.40978707224335,7.0710014015417,7.40185840707965,7.68348470948012,7.7223132183908,24
"28",2011,9,7.856,100,8.50227272727273,7.34821428571429,7.59090909090909,8.15238095238095,7.77721518987342,44,56,11,21,79,2842,1359,1483,237,675,2167,7.71808198451794,8.41278145695365,7.08146931894808,7.4106329113924,7.69807259259259,7.72431472081218,25
"29",2011,10,7.46916666666667,120,8.20816326530612,6.95915492957746,7.15909090909091,6.87068965517241,7.65989010989011,49,71,11,29,91,2962,1408,1554,248,704,2258,7.70799763673194,8.40566051136364,7.07588095238095,7.39947580645161,7.66399005681818,7.72171833480956,26
"30",2011,11,7.79615384615385,104,8.57254901960784,7.04905660377359,7.1875,7.89090909090909,7.77073170731707,51,53,8,22,82,3066,1459,1607,256,726,2340,7.71098793215916,8.41149417409185,7.07499626633479,7.3928515625,7.67086639118457,7.7234358974359,27
"31",2011,12,7.84583333333333,96,8.19387755102041,7.48297872340426,8.9,8.115,7.775,49,47,5,20,76,3162,1508,1654,261,746,2416,7.71508191018343,8.40442307692308,7.08658948004837,7.42172413793103,7.68277345844504,7.72505794701987,28
"32",2012,1,7.46164383561644,146,8.27676056338028,6.69,6.3125,7.50694444444444,7.44681818181818,71,75,8,36,110,3308,1579,1729,269,782,2526,7.70389631197098,8.39868271057632,7.06938635049161,7.38873605947955,7.67467902813299,7.71294140934283,29
"33",2012,2,7.66086956521739,92,8.20212765957447,7.09555555555556,7.8,7.05714285714286,7.76923076923077,47,45,5,14,78,3400,1626,1774,274,796,2604,7.70273205882353,8.3930012300123,7.07005016910936,7.39624087591241,7.66381783919598,7.71462749615975,30
"34",2012,3,7.96590909090909,88,8.42416666666667,6.98392857142857,7.58333333333333,8.390625,7.87152777777778,60,28,6,16,72,3488,1686,1802,280,812,2676,7.70937184633027,8.3941103202847,7.06871198668146,7.40025,7.67813916256158,7.7188490284006,31
"35",2012,4,7.71551724137931,87,8.12777777777778,7.27380952380952,7.47142857142857,7.93666666666667,7.66944444444444,45,42,7,15,72,3575,1731,1844,287,827,2748,7.7095213986014,8.38718659734258,7.07338340563991,7.40198606271777,7.68282829504232,7.71755458515284,32
"36",2012,5,7.55876288659794,97,8.23695652173913,6.94705882352941,7.14285714285714,8.35625,7.40123456790123,46,51,7,16,81,3672,1777,1895,294,843,2829,7.70553894335512,8.38329769274058,7.06998364116095,7.39581632653061,7.69560972716489,7.70849770236833,33
"37",2012,6,7.42014925373134,67,7.97941176470588,6.84393939393939,7.65714285714286,6.6125,7.59636363636364,34,33,7,12,55,3739,1811,1928,301,855,2884,7.70042497994116,8.37571507454445,7.06611462655602,7.40189368770764,7.6804081871345,7.70635922330097,34
"38",2012,7,7.67435897435897,78,8.38157894736842,7.0025,6.75,7.76315789473684,7.64576271186441,38,40,6,19,59,3817,1849,1968,307,874,2943,7.69989232381451,8.37583558680368,7.06482164634146,7.38915309446254,7.68220709382151,7.70514441046551,35
"39",2012,8,7.86436781609195,87,8.48913043478261,7.16341463414634,7.11111111111111,7.81818181818182,7.88,46,41,9,22,65,3904,1895,2009,316,896,3008,7.70355763319672,8.37858575197889,7.0668337481334,7.38123417721519,7.68554575892857,7.70892287234043,36
"40",2012,9,7.54545882352941,85,8.305,6.87031111111111,6.21428571428571,7.5,7.55682352941176,40,45,7,17,68,3989,1935,2054,323,913,3076,7.70018876911507,8.37706459948321,7.0625282375852,7.35594427244582,7.68209090909091,7.70556046814044,37
"41",2012,10,7.59115044247788,113,8.34313725490196,6.97258064516129,7.61538461538461,7.43,7.6258064516129,51,62,13,20,93,4102,1986,2116,336,933,3169,7.69718503169186,8.37619335347432,7.0598927221172,7.36598214285714,7.67668703108253,7.70321994319975,38
"42",2012,11,7.40892857142857,112,8.494,6.53387096774194,7.025,7.8875,7.32916666666667,50,62,12,16,96,4214,2036,2178,348,949,3265,7.6895237304224,8.37908644400786,7.04491873278237,7.35422413793103,7.68024130663857,7.69222174578867,39
"43",2012,12,7.71071428571429,98,8.356,7.03854166666667,6.85,7.52941176470588,7.74876543209877,50,48,15,17,81,4312,2086,2226,363,966,3346,7.69000533395176,8.3785330776606,7.04478122192273,7.33338842975207,7.67758695652174,7.69359055588763,40
"44",2013,1,7.79285714285714,112,8.32647058823529,6.96818181818182,7.24545454545455,8.48,7.59540229885057,68,44,11,25,87,4424,2154,2270,374,991,3433,7.69260917721519,8.3768895078923,7.04329647577093,7.33080213903743,7.69782946518668,7.69110224293621,41
"45",2013,2,7.78787878787879,99,8.4,7.21176470588235,7.04166666666667,8.30416666666667,7.62266666666667,48,51,12,24,75,4523,2202,2321,386,1015,3508,7.69469445058589,8.37739327883742,7.04699827660491,7.32181347150259,7.71216650246306,7.68963911060433,42
"46",2013,3,7.6994623655914,93,8.46184210526316,7.17272727272727,7.1,7.48333333333333,7.75133333333333,38,55,10,18,75,4616,2240,2376,396,1033,3583,7.69479051126517,8.37882589285714,7.04990867003367,7.31621212121212,7.70817909002904,7.69093050516327,43
"47",2013,4,7.5722972972973,74,8.32894736842105,6.77361111111111,7.75,7.15,7.69824561403509,38,36,9,17,57,4690,2278,2412,405,1050,3640,7.69285778251599,8.37799385425812,7.04578482587065,7.32585185185185,7.69914190476191,7.69104505494505,44
"48",2013,5,7.70777777777778,90,8.27727272727273,7.16304347826087,7.33333333333333,7.41666666666667,7.766,44,46,12,15,75,4780,2322,2458,417,1065,3715,7.69313870292887,8.37608527131783,7.04797925142392,7.32606714628297,7.69516338028169,7.69255827725437,45
"49",2013,6,7.67542168674699,83,8.40588235294118,7.16857142857143,6.48571428571429,7.56666666666667,7.69941176470588,34,49,14,15,68,4863,2356,2507,431,1080,3783,7.69283631503187,8.37651528013583,7.05033625847626,7.29877030162413,7.69337870370371,7.69268146973302,46
"50",2013,7,7.43424657534247,73,8.25384615384615,6.98085106382979,7.66666666666667,8.10833333333333,7.30163934426229,26,47,6,12,61,4936,2382,2554,437,1092,3844,7.68901195299838,8.37517632241814,7.04905755677369,7.30382151029748,7.69793864468865,7.68647606659729,47
"51",2013,8,7.80056179775281,89,8.48673469387755,6.96,6.58333333333333,8.1578947368421,7.70357142857143,49,40,12,19,70,5025,2431,2594,449,1111,3914,7.69098766169154,8.37742492801316,7.04768427139553,7.28456570155902,7.70580468046805,7.68678180889116,48
"52",2013,9,7.49747252747253,91,8.38235294117647,6.96964912280702,6.27428571428571,7.39230769230769,7.515,34,57,7,13,78,5116,2465,2651,456,1124,3992,7.68754554339327,8.37749290060852,7.04600641267446,7.26905701754386,7.70217882562278,7.6834253507014,49
"53",2013,10,7.775,104,8.38979591836735,7.22727272727273,7.3,8.00416666666667,7.70625,49,55,15,24,80,5220,2514,2706,471,1148,4072,7.68928793103448,8.37773269689737,7.04969068736142,7.27004246284501,7.70849216027875,7.68387377210216,50
"54",2013,11,7.47043010752688,93,8.27325581395349,6.78,7.4375,7.88125,7.38506493506493,43,50,8,16,77,5313,2557,2756,479,1164,4149,7.68545699228308,8.37597575283535,7.04479789550072,7.27283924843424,7.71086683848797,7.67832827187274,51
"55",2013,12,7.91538461538462,91,8.64,7.20652173913043,7.25,8.41111111111111,7.79315068493151,45,46,8,18,73,5404,2602,2802,487,1182,4222,7.68932883049593,8.38054189085319,7.04745289079229,7.27246406570842,7.72153045685279,7.68031359545239,52
"56",2014,1,7.55751879699248,133,8.09861111111111,6.91885245901639,7.4875,7.98333333333333,7.50338983050847,72,61,16,15,118,5537,2674,2863,503,1197,4340,7.68616272349648,8.37295063575168,7.04471288857841,7.2793041749503,7.7248111946533,7.67550322580645,53
"57",2014,2,7.70641025641026,117,8.50490196078431,7.08939393939394,7.46666666666667,7.6125,7.72577319587629,51,66,15,20,97,5654,2725,2929,518,1217,4437,7.68658171206226,8.37542018348624,7.04571969955616,7.28472972972973,7.72296548890715,7.67660220869957,54
"58",2014,3,7.6452380952381,84,8.12439024390244,7.18837209302326,7.2875,8.43846153846154,7.5,41,43,8,13,71,5738,2766,2972,526,1230,4508,7.68597647263855,8.37169920462762,7.0477836473755,7.28477186311787,7.73052764227643,7.67382076308784,55
"59",2014,4,7.59774193548387,62,8.40161290322581,6.79387096774194,6.7,7.36785714285714,7.66479166666667,31,31,5,14,48,5800,2797,3003,531,1244,4556,7.68503327586207,8.37203074722917,7.0451625041625,7.27926553672316,7.7264461414791,7.67372563652327,56
"60",2014,5,7.66067415730337,89,8.5325,6.94897959183673,7.16666666666667,7.65217391304348,7.66363636363636,40,49,9,23,66,5889,2837,3052,540,1267,4622,7.68466513839361,8.37429326753613,7.04361828309305,7.27738888888889,7.72509786898185,7.67358156642146,57
"61",2014,6,7.57265625,64,8.05384615384615,7.24342105263158,7.55555555555556,7.28181818181818,7.63301886792453,26,38,9,11,53,5953,2863,3090,549,1278,4675,7.68346094406182,8.37138316451275,7.04607540453074,7.28194899817851,7.72128247261346,7.67312171122995,58
"62",2014,7,7.68,85,8.40857142857143,7.17,7.78571428571429,7.73076923076923,7.67083333333333,35,50,14,13,72,6038,2898,3140,563,1291,4747,7.68341222259026,8.37183229813664,7.04804872611465,7.29447602131439,7.72137800154919,7.67308700231726,59
"63",2014,8,7.57977777777778,90,8.10425531914894,7.00651162790698,7.6,7.30769230769231,7.62571428571429,47,43,10,13,77,6128,2945,3183,573,1304,4824,7.68189017624021,8.36756196943973,7.04748759032359,7.29980802792321,7.71725383435583,7.67233084577115,60
"64",2014,9,7.65058823529412,85,8.07441860465116,7.21666666666667,7.55833333333333,7.76764705882353,7.62132352941176,43,42,12,17,68,6213,2988,3225,585,1321,4892,7.68146193465315,8.36334337349398,7.04969085271318,7.30511111111111,7.71790234670704,7.67162183156174,61
"65",2014,10,7.66601941747573,103,8.30217391304348,7.15263157894737,7.39090909090909,8.54545454545454,7.56086956521739,46,57,11,11,92,6316,3034,3282,596,1332,4984,7.68121010132996,8.3624159525379,7.05147867154174,7.30669463087248,7.72473648648649,7.66957744783307,62
"66",2014,11,7.52794117647059,102,8.37777777777778,6.85701754385965,7,5.9375,7.66329787234043,45,57,8,8,94,6418,3079,3339,604,1340,5078,7.67877422873169,8.36264046768431,7.04815902964959,7.30263245033113,7.71406641791045,7.6694612051989,63
"67",2014,12,7.70384615384615,104,8.20243902439024,7.37936507936508,7.68888888888889,8.15882352941176,7.61494252873563,41,63,18,17,87,6522,3120,3402,622,1357,5165,7.67917402637228,8.36053525641026,7.0542924750147,7.31381028938907,7.71963817243921,7.66854288480155,64
"68",2015,1,7.78023255813954,129,8.27536231884058,7.21083333333333,7.54166666666667,7.66666666666667,7.80619047619048,69,60,12,24,105,6651,3189,3462,634,1381,5270,7.68113411517065,8.35869238005644,7.05700548815713,7.31812302839117,7.71871759594497,7.67128538899431,65
"69",2015,2,7.85384615384615,91,8.5468085106383,7.11363636363636,7.21428571428571,8.09090909090909,7.82125,47,44,7,11,80,6742,3236,3506,641,1392,5350,7.68346529219816,8.36142459826947,7.05771620079863,7.31698907956318,7.72165876436782,7.67352785046729,66
"70",2015,3,7.73218390804598,87,8.51951219512195,7.0304347826087,8,7.71785714285714,7.73493150684931,41,46,5,14,73,6829,3277,3552,646,1406,5423,7.68408595694831,8.36340250228868,7.05736289414414,7.32227554179567,7.72162091038407,7.6743544163747,67
"71",2015,4,7.67282608695652,92,8.33265306122449,6.92093023255814,6.55714285714286,7.9625,7.61184210526316,49,43,7,16,76,6921,3326,3595,653,1422,5499,7.68393628088426,8.36294948887553,7.05573101529902,7.31407350689127,7.72433122362869,7.6734904528096,68
"72",2015,5,7.37528735632184,87,8.34558823529412,6.75283018867925,6.9,7.21666666666667,7.40833333333333,34,53,7,15,72,7008,3360,3648,660,1437,5571,7.68010459474886,8.36277380952381,7.05133031798246,7.30968181818182,7.71903201113431,7.67006354334949,69
"73",2015,6,7.6375,92,8.49444444444444,6.81702127659574,7.4,8.38235294117647,7.46866666666667,45,47,5,17,75,7100,3405,3695,665,1454,5646,7.67955253521127,8.36451395007342,7.048349932341,7.31036090225564,7.72678748280605,7.66738823946157,70
"74",2015,7,7.71978021978022,91,8.47307692307692,6.71538461538462,7.54285714285714,7.25714285714286,7.85857142857143,52,39,7,21,70,7191,3457,3734,672,1475,5716,7.68006160478376,8.366146948221,7.04487225495447,7.31278273809524,7.72010101694915,7.66972953114066,71
"75",2015,8,7.59755102040816,98,8.24166666666667,6.9792,6.99285714285714,7.37105263157895,7.6520253164557,48,50,14,19,79,7289,3505,3784,686,1494,5795,7.67895225682535,8.36444222539229,7.04400449260042,7.30625364431487,7.71566198125837,7.66948817946506,72
"76",2015,9,7.43333333333333,114,8.27272727272727,6.90571428571429,7.125,7.25,7.46326530612245,44,70,12,16,98,7403,3549,3854,698,1510,5893,7.67516993110901,8.36330515638208,7.04149273482097,7.30313753581662,7.71072781456954,7.66605871372816,73
"77",2015,10,7.6518691588785,107,8.42788461538461,6.91818181818182,6.95454545454545,7.24545454545455,7.6984375,52,55,11,11,96,7510,3601,3909,709,1521,5989,7.6748379494008,8.36423771174673,7.03975773855206,7.29772919605078,7.70736291913215,7.66657772583069,74
"78",2015,11,7.61296,125,8.3864,7.09733333333333,7.16428571428571,8.20142857142857,7.53873873873874,50,75,14,14,111,7635,3651,3984,723,1535,6100,7.6738248853962,8.36454122158312,7.04084161646586,7.29514522821577,7.71186905537459,7.66425147540984,75
"79",2015,12,7.60252252252252,111,8.4662962962963,6.78421052631579,6.11111111111111,7.98117647058824,7.53404255319149,54,57,9,17,94,7746,3705,4041,732,1552,6194,7.67280312419313,8.36602429149797,7.03722172729522,7.28058743169399,7.71481894329897,7.66227542783339,76
"80",2016,1,7.64055944055944,143,8.22678571428571,7.2632183908046,7.41333333333333,7.65238095238095,7.63852459016393,56,87,15,21,122,7889,3761,4128,747,1573,6316,7.67221865889213,8.36395107684126,7.04198473837209,7.28325301204819,7.71398537825811,7.66181665611147,77
"81",2016,2,7.65050505050505,99,8.25531914893617,7.10384615384615,7.66666666666667,7.20833333333333,7.71149425287356,47,52,6,12,87,7988,3808,4180,753,1585,6403,7.67194954932399,8.36261029411764,7.0427543062201,7.28630810092961,7.7101570977918,7.66249164454162,78
"82",2016,3,7.688,100,8.22083333333333,7.19615384615385,7.48,7.18421052631579,7.80617283950617,48,52,5,19,81,8088,3856,4232,758,1604,6484,7.67214799703264,8.36084543568464,7.04463917769376,7.28758575197889,7.70392705735661,7.66428655151142,79
"83",2016,4,7.52616822429907,107,8.48717948717949,6.975,7.43125,7.425,7.53659793814433,39,68,16,10,97,8195,3895,4300,774,1614,6581,7.67024197681513,8.36211039794608,7.04353790697674,7.29055555555555,7.70219888475837,7.66240449779669,80
"84",2016,5,7.54301075268817,93,8.0375,7.16981132075472,7.95454545454545,7.5,7.54878048780488,40,53,11,11,82,8288,3935,4353,785,1625,6663,7.66881430984556,8.35881067344345,7.0450753503331,7.29985987261146,7.70083015384616,7.66100615338437,81
"85",2016,6,7.60752475247525,101,8.25673913043478,7.06454545454545,7.11818181818182,6.953125,7.73070588235294,46,55,11,16,85,8389,3981,4408,796,1641,6748,7.66807640958398,8.35763124843004,7.04531828493648,7.29734924623116,7.69353991468617,7.6618841138115,82
"86",2016,7,7.79827160493827,81,8.16279069767442,7.38578947368421,7.1,7.4,7.82447368421053,43,38,5,5,76,8470,4024,4446,801,1646,6824,7.66932148760331,8.35554920477137,7.04822829509672,7.29611735330836,7.6926482381531,7.6636949003517,83
"87",2016,8,7.29426229508197,122,7.86071428571429,6.81363636363636,6.8,6.61904761904762,7.43465346534653,56,66,15,21,101,8592,4080,4512,816,1667,6925,7.6639959264432,8.34875735294117,7.0447967641844,7.28699754901961,7.67912357528494,7.66035436823105,84
"88",2016,9,7.69291666666667,144,8.27838235294118,7.16907894736842,7,8.18714285714286,7.60853658536585,68,76,13,21,123,8736,4148,4588,829,1688,7048,7.66447264194139,8.34760366441658,7.04685549258936,7.28249698431846,7.68544372037915,7.65945005675369,85
"89",2016,10,7.64965986394558,147,8.35,6.85797101449275,6.9,7.19230769230769,7.74793388429752,78,69,11,26,121,8883,4226,4657,840,1714,7169,7.66422751322751,8.34764789398958,7.044056903586,7.27748809523809,7.67796324387398,7.66094350676524,86
"90",2016,11,7.7711059602649,151,8.39856962025316,7.08263888888889,6.93846153846154,8.02222222222222,7.73712030075188,79,72,13,18,133,9034,4305,4729,853,1732,7302,7.66601394731016,8.34858234610917,7.04464432226686,7.27232121922626,7.68154099307159,7.66233100520406,87
"91",2016,12,7.79401709401709,117,8.47704918032787,7.05,7.14583333333333,8.07857142857143,7.73177083333333,61,56,12,21,96,9151,4366,4785,865,1753,7398,7.66765052999672,8.35037723316536,7.04470700104493,7.27056647398844,7.68629720479179,7.66323208975399,88
"92",2017,1,7.76673758865248,141,8.50266666666667,6.93045454545455,7.00066666666667,8.29032258064516,7.61918181818182,75,66,15,31,110,9292,4441,4851,880,1784,7508,7.66915411106328,8.35294911056068,7.04315254586683,7.26596590909091,7.69679316143498,7.66258670751199,89
"93",2017,2,7.51652173913044,115,8.23275862068965,6.78771929824561,7.41666666666667,7.59375,7.5040404040404,58,57,12,16,99,9407,4499,4908,892,1800,7607,7.66728818964601,8.35139964436541,7.04018602281989,7.2679932735426,7.69587722222222,7.66052333377153,90
"94",2017,3,7.6224,125,8.04626865671642,7.13275862068966,7.3125,7.58125,7.62844036697248,67,58,8,16,109,9532,4566,4966,900,1816,7716,7.66669953839698,8.34692225142356,7.04126721707612,7.26838888888889,7.6948672907489,7.66007011404873,91
"95",2017,4,7.92469026548673,113,8.62905660377358,7.3025,7.22727272727273,8.40909090909091,7.87245098039216,53,60,11,11,102,9645,4619,5026,911,1827,7818,7.66972213582167,8.35015955834596,7.04438579387187,7.2678924259056,7.69916748768473,7.66284100793042,92
"96",2017,5,7.73207547169811,106,8.28372093023256,7.35555555555556,7.97857142857143,7.55,7.75104166666667,43,63,14,10,96,9751,4662,5089,925,1837,7914,7.67039995897857,8.34954676104675,7.04823796423659,7.27864864864865,7.69835547087643,7.66391091736164,93
"97",2017,6,7.77047619047619,105,8.56595744680851,7.12586206896552,7.77272727272727,8.09090909090909,7.73297872340426,47,58,11,11,94,9856,4709,5147,936,1848,8008,7.67146611201299,8.35170673179018,7.04911268700214,7.28445512820513,7.7006920995671,7.66472165334666,94
"98",2017,7,7.73157894736842,114,8.59433962264151,6.98196721311475,7.72857142857143,8.190625,7.65663265306122,53,61,14,16,98,9970,4762,5208,950,1864,8106,7.67215346038114,8.35440718185636,7.04832622887865,7.291,7.70489753218884,7.66462385886998,95
"99",2017,8,7.77276785714286,112,8.37627118644068,7.10094339622642,6.85714285714286,7.90714285714286,7.75357142857143,59,53,7,14,98,10082,4821,5261,957,1878,8204,7.6732711763539,8.35467475627462,7.04885630108345,7.28782654127482,7.70640521831736,7.66568637250122,96
"100",2017,9,7.53269230769231,104,8.20555555555556,7.01949152542373,7,8.10714285714286,7.44333333333333,45,59,5,14,90,10186,4866,5320,962,1892,8294,7.67183585313175,8.35329572544183,7.04853063909775,7.28633056133056,7.70937050739958,7.66327357125633,97
"101",2017,10,7.70635593220339,118,8.59333333333333,7.15958904109589,7.06428571428571,7.98888888888889,7.68302752293578,45,73,14,9,109,10304,4911,5393,976,1901,8403,7.67223117236025,8.35549521482386,7.05003393287595,7.28314549180328,7.71069384534456,7.66352981078187,98
"102",2017,11,7.89174496644295,149,8.44568181818182,7.09262295081967,7.0625,7.528,7.93246268656716,88,61,8,15,134,10453,4999,5454,984,1916,8537,7.67536018367933,8.35708281656331,7.05051026769344,7.28135162601626,7.70926356993737,7.6677510835188,99
"103",2017,12,7.68814159292035,113,8.33898305084746,6.97703703703704,6.72222222222222,7.64285714285714,7.69454545454545,59,54,9,14,99,10566,5058,5508,993,1930,8636,7.67549687677456,8.35687168841439,7.04978994190269,7.27628398791541,7.70878186528497,7.66805824455767,100
"104",2018,1,7.77316465753425,146,8.32483870967742,7.36597666666667,7.57692307692308,7.28571428571429,7.82486393939394,62,84,13,14,132,10712,5120,5592,1006,1944,8768,7.67682804705004,8.35648378906249,7.054539527897,7.2801689860835,7.70573508230453,7.67041891423358,101
"105",2018,2,7.40409090909091,110,8.07407407407407,6.75803571428571,6.57142857142857,8.04166666666667,7.32602040816327,54,56,7,12,98,10822,5174,5648,1013,1956,8866,7.67405581593051,8.35353633552377,7.05159968838527,7.27527147087858,7.70779601226994,7.66661211820438,102
"106",2018,3,7.88838709677419,93,8.47125,7.26666666666667,7.41111111111111,7.10909090909091,7.99292682926829,48,45,9,11,82,10915,5222,5693,1022,1967,8948,7.67588200091617,8.3546183454615,7.05329967328298,7.27646771037182,7.7044478901881,7.66960248547162,103
"107",2018,4,7.46851851851852,108,8.44791666666667,6.685,6.64285714285714,7.16666666666667,7.52888888888889,48,60,7,18,90,11023,5270,5753,1029,1985,9038,7.67385031661072,8.35546812144212,7.04945855032157,7.27215743440233,7.69957128463476,7.66820126576676,104
"108",2018,5,7.68042105263158,95,8.38533333333333,7.046,7.63636363636364,8.1,7.61390243902439,45,50,11,13,82,11118,5315,5803,1040,1998,9120,7.67390646159381,8.35572097836312,7.04942875064622,7.27600961538461,7.70217667667668,7.66771305263158,105
"109",2018,6,7.48257575757576,66,8.22333333333333,6.86527777777778,7.66666666666667,8,7.40087719298246,30,36,3,9,57,11184,5345,5839,1043,2007,9177,7.67277736409156,8.35497792329279,7.04829337900326,7.27713326941515,7.70351220727454,7.6660556870437,106
"110",2018,7,7.62771084337349,83,8.35625,7.17058823529412,7.5,7.53333333333333,7.63918918918919,32,51,6,9,74,11267,5377,5890,1049,2016,9251,7.67244537498891,8.35498549376975,7.04935229881155,7.27840800762631,7.70275248015873,7.66584077829424,107
"111",2018,8,7.62223529411765,85,8.35975,6.96666666666667,6.85714285714286,7.92307692307692,7.56791666666667,40,45,14,13,72,11352,5417,5935,1063,2029,9323,7.67206941860465,8.35502067565072,7.04872536478517,7.27285983066792,7.70416412025628,7.66508452643999,108
"112",2018,9,7.41387179487179,78,8.22583333333333,6.71790476190476,7.715,7.78636363636364,7.35271641791045,36,42,8,11,67,11430,5453,5977,1071,2040,9390,7.67030744006999,8.35416779754263,7.04640070938598,7.27616246498599,7.70460735294118,7.66285570181044,109
"113",2018,10,7.51460674157303,89,8.10666666666667,6.90909090909091,6.7375,7.6625,7.5,45,44,8,8,81,11519,5498,6021,1079,2048,9471,7.6691044396215,8.35214205165514,7.04539728284338,7.27216867469879,7.70444287109375,7.66146289093021,110
"114",2018,11,7.84269230769231,104,8.66938775510204,7.10618181818182,7.14857142857143,7.43529411764706,7.92229885057471,49,55,7,17,87,11623,5547,6076,1086,2065,9558,7.67065766497462,8.35494447449071,7.04594750493746,7.27137200736648,7.70222711864407,7.66383710399665,111
"115",2018,12,7.65625,100,8.41444444444445,7.03590909090909,7.41666666666667,7.67380952380952,7.65158227848101,45,55,6,21,79,11723,5592,6131,1092,2086,9637,7.67053476413887,8.3554232832618,7.04585745229163,7.27217032967033,7.70194103547459,7.66373664418388,112
"116",2019,1,7.87539682539682,126,8.31896551724138,7.49705882352941,7.11111111111111,7.585,7.93018867924528,58,68,9,20,106,11849,5650,6199,1101,2106,9743,7.67271322812052,8.35504902654867,7.05080691079207,7.27085376930063,7.70083048433048,7.66663553730884,113
"117",2019,2,7.50506329113924,79,8.409375,6.88936170212766,7.25,6.55,7.65955882352941,32,47,6,11,68,11928,5682,6246,1107,2117,9811,7.67160287055667,8.35535498064062,7.04959206532181,7.27074074074074,7.69485073216816,7.66658648863521,114
"118",2019,3,7.76802197802198,91,8.45,7.27905660377358,8,8.16666666666667,7.73988235294118,38,53,10,6,85,12019,5720,6299,1117,2123,9896,7.67233289291954,8.35598374125874,7.05152278774409,7.27726947179946,7.69618417333961,7.66721605092967,115
"119",2019,4,7.6525641025641,78,8.14,7.25581395348837,7,7.7,7.6463768115942,35,43,2,9,69,12097,5755,6342,1119,2132,9965,7.67220542613871,8.35467019982624,7.05290792179124,7.27677390527256,7.69620028142589,7.66707175514301,116
"120",2019,5,7.77358974358974,78,8.38,7.28,7.16666666666667,7.76153846153846,7.776,35,43,6,13,65,12175,5790,6385,1125,2145,10030,7.67285495195072,8.35482331606217,7.05443728112765,7.27618666666667,7.69659627039627,7.66777767098704,117
"121",2019,6,7.50615384615385,65,8.37142857142857,6.85135135135135,7.46,7.1875,7.55087719298246,28,37,5,8,57,12240,5818,6422,1130,2153,10087,7.67196969281046,8.35490323135098,7.05326721270632,7.277,7.69470459823502,7.6671170853574,118
"122",2019,7,7.91293333333333,75,8.44634146341463,7.26970588235294,7.78142857142857,8.01428571428571,7.9025,41,34,7,7,68,12315,5859,6456,1137,2160,10155,7.67343719366626,8.35554309609148,7.05440706939282,7.2801055408971,7.69574027777778,7.66869325849336,119
"123",2019,8,7.34,91,8.38939393939394,6.74293103448276,5.54545454545455,7.19,7.35851851851852,33,58,11,10,81,12406,5892,6514,1148,2170,10236,7.67099137836531,8.35573268839103,7.05163371814553,7.26348432055749,7.69340967741936,7.66623876905041,120
"124",2019,9,7.64210526315789,76,8.23529411764706,7.16190476190476,7,6.9,7.75454545454545,34,42,7,10,66,12482,5926,6556,1155,2180,10302,7.67081549751642,8.35504168072898,7.05234015253203,7.26188744588744,7.68977018348624,7.66680450786255,121
"125",2019,10,7.68630136986301,73,8.06842105263158,7.27142857142857,6.92857142857143,7.35,7.73968253968254,38,35,7,10,63,12555,5964,6591,1162,2190,10365,7.67090553882915,8.3532154594232,7.05350357153695,7.25987951807229,7.68821872146119,7.66724747129764,122
"126",2019,11,7.30581395348837,86,8.40666666666667,6.71607142857143,7.22222222222222,7.41666666666667,7.28783783783784,30,56,9,12,74,12641,5994,6647,1171,2202,10439,7.66842172612926,8.35348298298297,7.05066075522792,7.2595900939368,7.68673887375114,7.66455791167737,123
"127",2019,12,7.58651113924051,79,8.16547268292683,6.96184210526316,7,7.4875,7.61165682539683,41,38,1,16,63,12720,6035,6685,1172,2218,10502,7.66791300471698,8.35220569676884,7.05015587733732,7.25936860068259,7.68530162308386,7.66424056560656,124
"128",2020,1,7.65848214285714,112,8.41442307692308,7.00333333333333,7.19166666666667,7.63888888888889,7.66223404255319,52,60,12,18,94,12832,6087,6745,1184,2236,10596,7.66783069046135,8.3527372071628,7.04973936842105,7.25868243243243,7.68492799642218,7.66422276519442,125
"129",2020,2,7.79148936170213,94,8.55714285714286,7.17307692307692,6.2,7.75,7.79431818181818,42,52,5,6,88,12926,6129,6797,1189,2242,10684,7.66872995667647,8.354137931147,7.05068295424452,7.25423044575273,7.68510214094558,7.66529431111943,126
"130",2020,3,7.92222222222222,72,8.39051282051282,7.36878787878788,6.5,8.106,7.89258064516129,39,33,4,10,62,12998,6168,6830,1193,2252,10746,7.67013412986613,8.35436792801556,7.05221991800879,7.25170159262364,7.68697113676732,7.66660565978039,127
"131",2020,4,7.76338028169014,71,8.21315789473684,7.24545454545455,2.5,6.8,7.86875,38,33,2,7,64,13069,6206,6863,1195,2259,10810,7.67064070854694,8.35350328391878,7.05314906600612,7.24374895397489,7.68422266489597,7.66780244403331,128
"132",2020,5,7.90530303030303,66,8.58703703703704,7.43333333333333,7,8.5,7.85655737704918,27,39,4,5,61,13135,6233,6902,1199,2264,10871,7.67181982641797,8.35451490133161,7.05529731092437,7.24293577981651,7.68602429328622,7.66886159690921,129
"133",2020,6,7.69578125,64,7.978125,7.4134375,7.08333333333333,7.85555555555556,7.66963636363636,32,32,6,9,55,13199,6265,6934,1205,2273,10926,7.67193601181908,8.35259239904229,7.05695010672051,7.24214107883817,7.68669555653322,7.66886549697969,130
"134",2020,7,7.91551724137931,58,8.58484848484848,7.032,6.93333333333333,8.3625,7.844,33,25,9,8,50,13257,6298,6959,1214,2281,10976,7.67300169118202,8.35380936487773,7.05686047420607,7.23985172981878,7.6890657606313,7.66966330357143,131
"135",2020,8,7.66266666666667,75,8.18285714285714,7.2075,7.33,8.08333333333333,7.62608695652174,35,40,10,6,69,13332,6333,6999,1224,2287,11045,7.67294355085508,8.35286457918837,7.05772139448493,7.24058823529411,7.69010013117621,7.66939107469444,132
"136",2020,9,8.0309375,64,8.26888888888889,7.725,7.875,7.86666666666667,8.04793103448276,36,28,4,6,58,13396,6369,7027,1228,2293,11103,7.67465388324873,8.35238991678442,7.06038025330867,7.24265472312703,7.69056214566071,7.67136849680267,133
"137",2020,10,7.64923076923077,65,8.68333333333333,7.04390243902439,6.625,7,7.71525423728814,24,41,4,6,59,13461,6393,7068,1232,2299,11162,7.67453112101627,8.35363231346785,7.06028466893039,7.24064935064935,7.68875989560679,7.67160046765813,134
"138",2020,11,7.67426966292135,89,8.43405405405405,7.13365384615385,6.91666666666667,7.1375,7.72728395061728,37,52,6,8,81,13550,6430,7120,1238,2307,11243,7.67452940369003,8.35409508242612,7.06082051123596,7.23907915993538,7.68684828781968,7.67200163835276,135
"139",2020,12,7.70493827160494,81,8.25581395348837,7.08157894736842,6.5,7.8,7.69154929577465,43,38,4,10,71,13631,6473,7158,1242,2317,11314,7.67471010344069,8.35344220299706,7.06093071248953,7.23669887278583,7.68733664220975,7.67212430793707,136
"140",2021,1,7.65675217948718,78,8.39210526315789,6.95816675,6.92857142857143,7.14051307692308,7.76,38,40,7,13,65,13709,6511,7198,1249,2330,11379,7.67460792836822,8.35366785132851,7.06035964295638,7.23497197758206,7.68428569527897,7.67262627823183,137
"141",2021,2,7.69382716049383,81,8.58378378378378,6.94545454545455,6.58333333333333,8.8,7.53802816901408,37,44,6,10,71,13790,6548,7242,1255,2340,11450,7.67472081870921,8.35496813989004,7.0596615175366,7.23185657370518,7.68905370512821,7.67179165240175,138
"142",2021,3,7.48,57,7.796,7.233125,6.49,7.5,7.47625,25,32,4,9,48,13847,6573,7274,1259,2349,11498,7.67391926698924,8.3528421390537,7.06042462331592,7.22949960285941,7.6883293614304,7.67097533658028,139
"143",2021,4,7.55106382978723,47,8.275,7.01481481481482,7.63,7.5,7.56,20,27,10,7,40,13894,6593,7301,1269,2356,11538,7.67350367712682,8.35260600333686,7.06025595260923,7.23265563435776,7.6877698089983,7.67059060669094,140
"144",2021,5,7.72307692307692,65,8.22222222222222,7.36842105263158,7.5,7.64285714285714,7.73275862068965,27,38,3,7,58,13959,6620,7339,1272,2363,11596,7.67373451465004,8.35207422658609,7.06185157514648,7.23328616352201,7.68763676258993,7.67090155398413,141
"145",2021,6,7.07906976744186,43,8.14117647058823,6.38461538461539,7.66666666666667,7.25,7.06153846153846,17,26,3,4,39,14002,6637,7365,1275,2367,11635,7.67190830524211,8.35153403344884,7.05946078886626,7.23430588235294,7.68689719898606,7.66885899613236,142
"146",2021,7,7.88666666666667,60,8.35294117647059,7.27692307692308,6.4375,9.125,7.79821428571429,34,26,8,4,56,14062,6671,7391,1283,2371,11691,7.67282464016498,8.3515412052166,7.06022577594372,7.22933749025721,7.68932335301561,7.66947860918656,143
"147",2021,8,7.76640625,64,8.34264705882353,7.11333333333333,7.58333333333333,8.19166666666667,7.72241379310345,34,30,6,6,58,14126,6705,7421,1289,2377,11749,7.67324862593798,8.3514961043997,7.06044046759197,7.23098525989138,7.69059136306268,7.66973992850455,144
"148",2021,9,7.63032258064516,62,8.1832,7.25675675675676,7.4,6.8,7.70315789473684,25,37,5,5,57,14188,6730,7458,1294,2382,11806,7.67306104383986,8.35087093313521,7.06141441539287,7.23163833075734,7.68872194374475,7.66990127223446,145
"149",2021,10,7.8105,60,8.59285714285714,7.1259375,7.66666666666667,7.55,7.8626,28,32,12,10,50,14248,6758,7490,1306,2392,11856,7.67363981541269,8.35187353950872,7.06169008144192,7.23563552833078,7.68814200250836,7.67071393556006,146
"150",2021,11,7.70477777777778,90,8.63463414634146,6.92673469387755,7.15,8.36666666666667,7.60294871794872,41,49,6,12,78,14338,6799,7539,1312,2404,11934,7.67383526921467,8.3535786703927,7.06081293407614,7.23524390243902,7.69152898086523,7.67027102564103,147
"151",2021,12,7.91640625,64,8.86166666666667,7.08235294117647,7.25,8.51111111111111,7.81909090909091,30,34,4,9,55,14402,6829,7573,1316,2413,11989,7.67491321274823,8.35581071606384,7.06090964082926,7.23528875379939,7.69458585578119,7.67095374259738,148
"152",2022,1,7.69950495049505,101,8.37826086956522,7.13181818181818,6.92857142857143,7.74166666666667,7.6938202247191,46,55,7,12,89,14503,6875,7628,1323,2425,12078,7.67508447148865,8.35596092799999,7.06142091111694,7.23366591080876,7.69481883298969,7.67112224043716,149
"153",2022,2,7.61304347826087,69,8.54333333333333,6.8974358974359,6.66666666666667,8.18571428571429,7.54838709677419,30,39,6,7,62,14572,6905,7667,1329,2432,12140,7.67479070065879,8.35677500072411,7.06058676274945,7.23110609480812,7.69623177220395,7.6704954217463,150
"154",2022,3,7.20470588235294,51,7.9921052631579,6.7371875,7.5,7.75,7.18244897959184,19,32,5,2,49,14623,6924,7699,1334,2434,12189,7.67315120631881,8.35577431831311,7.05924259124562,7.23211394302848,7.69627595316352,7.66853346624005,151
"155",2022,4,7.65967741935484,62,8.42352941176471,6.73214285714286,7.45,7.125,7.7625,34,28,5,10,52,14685,6958,7727,1339,2444,12241,7.67309432005447,8.35610540097728,7.05805729390449,7.23292755787901,7.69393849018003,7.66893263785639,152
"156",2022,5,7.56048387096774,62,8.43571428571429,6.83970588235294,7.325,7.72,7.52980769230769,28,34,4,10,52,14747,6986,7761,1343,2454,12293,7.6726208781447,8.3564244746636,7.057100722845,7.23320178704393,7.69404469030155,7.66834413243309,153
"157",2022,6,7.83035714285714,56,8.57857142857143,7.08214285714286,7.33333333333333,9,7.80909090909091,28,28,3,1,55,14803,7014,7789,1346,2455,12348,7.67321759710869,8.35731128885086,7.05719074463988,7.23342496285289,7.69457664765784,7.66897104146421,154
"158",2022,7,7.4088,75,8.312,6.9572,7.332,7.06666666666667,7.47396825396825,25,50,5,12,63,14878,7039,7839,1351,2467,12411,7.67188466796612,8.35715035942605,7.05655296721521,7.23378978534418,7.69152236319416,7.66798117959874,155
"159",2022,8,7.48524590163934,61,8.54736842105263,7.0047619047619,7.46,7.46666666666667,7.48620689655172,19,42,5,3,58,14939,7058,7881,1356,2470,12469,7.67112257112256,8.35766242278265,7.05627695850781,7.2346238938053,7.69124925910931,7.66713565001203,156
