"","year","month","avg_rating","no_ratings","avg_rating_owned","avg_rating_not_owned","avg_rating_prev_owned","avg_rating_comment","avg_rating_no_comment","no_ratings_owned","no_ratings_not_owned","no_ratings_prev_owned","no_ratings_comment","no_ratings_no_comment","cum_no_ratings","cum_no_ratings_owned","cum_no_ratings_not_owned","cum_no_ratings_prev_owned","cum_no_ratings_comment","cum_no_ratings_no_comment","cum_avg_rating","cum_avg_rating_owned","cum_avg_rating_not_owned","cum_avg_rating_prev_owned","cum_avg_rating_comment","cum_avg_rating_no_comment","month_after_release"
"1",2002,10,7,2,9,5,NA,5,9,1,1,0,1,1,2,1,1,0,1,1,7,9,5,NA,5,9,-4
"2",2002,11,7,1,NA,7,NA,NA,7,0,1,0,0,1,3,1,2,0,1,2,7,9,6,NA,5,8,-3
"3",2002,12,6.5,2,6,7,NA,NA,6.5,1,1,0,0,2,5,2,3,0,1,4,6.8,7.5,6.33333333333333,NA,5,7.25,-2
"4",2003,1,8.5,2,9,8,NA,9,8,1,1,0,1,1,7,3,4,0,2,5,7.28571428571429,8,6.75,NA,7,7.4,-1
"5",2003,2,6.66666666666667,3,7,6,NA,6.5,7,2,1,0,2,1,10,5,5,0,4,6,7.1,7.6,6.6,NA,6.75,7.33333333333333,0
"6",2003,3,7.33333333333333,3,8,7,NA,7.33333333333333,NA,1,2,0,3,0,13,6,7,0,7,6,7.15384615384615,7.66666666666667,6.71428571428571,NA,7,7.33333333333333,1
"7",2003,4,8,3,8,NA,NA,8,8,3,0,0,2,1,16,9,7,0,9,7,7.3125,7.77777777777778,6.71428571428571,NA,7.22222222222222,7.42857142857143,2
"8",2003,5,7.4375,8,7.64285714285714,6,6,7.75,7.125,7,1,1,4,4,24,16,8,1,13,11,7.35416666666667,7.71875,6.625,6,7.38461538461539,7.31818181818182,3
"9",2003,6,6.83333333333333,6,7.2,5,NA,7.33333333333333,6.33333333333333,5,1,0,3,3,30,21,9,1,16,14,7.25,7.59523809523809,6.44444444444444,6,7.375,7.10714285714286,4
"10",2003,7,6.6,15,7,6.25,NA,5,6.84615384615385,7,8,0,2,13,45,28,17,1,18,27,7.03333333333333,7.44642857142857,6.35294117647059,6,7.11111111111111,6.98148148148148,5
"11",2003,8,6.6875,8,7.5,5.875,NA,6.41666666666667,7.5,4,4,0,6,2,53,32,21,1,24,29,6.9811320754717,7.453125,6.26190476190476,6,6.9375,7.01724137931035,6
"12",2003,9,8.05,8,8.63333333333333,7.7,NA,8,8.08,3,5,0,3,5,61,35,26,1,27,34,7.12131147540984,7.55428571428571,6.53846153846154,6,7.05555555555556,7.17352941176471,7
"13",2003,10,7.625,8,7.83333333333333,7,NA,7.6,7.66666666666667,6,2,0,5,3,69,41,28,1,32,37,7.17971014492754,7.59512195121951,6.57142857142857,6,7.140625,7.21351351351351,8
"14",2003,11,7.16666666666667,6,6,7.4,8,7,7.5,1,5,1,4,2,75,42,33,2,36,39,7.17866666666667,7.55714285714286,6.6969696969697,7,7.125,7.22820512820513,9
"15",2003,12,7.3,5,7.3,NA,NA,7,7.5,5,0,0,2,3,80,47,33,2,38,42,7.18625,7.52978723404255,6.6969696969697,7,7.11842105263158,7.24761904761905,10
"16",2004,1,7.82142857142857,7,8.4375,7,NA,8.1875,7.33333333333333,4,3,0,4,3,87,51,36,2,42,45,7.23735632183908,7.60098039215686,6.72222222222222,7,7.22023809523809,7.25333333333333,11
"17",2004,2,7,14,7.1,6.75,8,7.8,6.55555555555556,10,4,1,5,9,101,61,40,3,47,54,7.20445544554455,7.51885245901639,6.725,7.33333333333333,7.28191489361702,7.13703703703704,12
"18",2004,3,6.95714285714286,14,7.3,6.5,7,7.48,6.66666666666667,8,6,1,5,9,115,69,46,4,52,63,7.17434782608696,7.49347826086956,6.69565217391304,7.25,7.30096153846154,7.06984126984127,13
"19",2004,4,7,10,7.64285714285714,5.5,6,7.5,6.66666666666667,7,3,1,4,6,125,76,49,5,56,69,7.1604,7.50723684210526,6.62244897959184,7,7.31517857142857,7.03478260869565,14
"20",2004,5,6.81818181818182,11,7,6.33333333333333,NA,7,6.5,8,3,0,7,4,136,84,52,5,63,73,7.13272058823529,7.45892857142857,6.60576923076923,7,7.28015873015873,7.00547945205479,15
"21",2004,6,6.96153846153846,13,7.16666666666667,6.78571428571429,7.5,7.6,6.5625,6,7,2,5,8,149,90,59,7,68,81,7.11778523489933,7.43944444444444,6.6271186440678,7.14285714285714,7.30367647058824,6.96172839506173,16
"22",2004,7,6.62727272727273,11,6.98888888888889,5,5,5.75,7.12857142857143,9,2,1,4,7,160,99,61,8,72,88,7.0840625,7.39848484848485,6.57377049180328,6.875,7.21736111111111,6.975,17
"23",2004,8,7,11,7.66666666666667,4,NA,5.75,7.71428571428571,9,2,0,4,7,171,108,63,8,76,95,7.07865497076023,7.42083333333333,6.49206349206349,6.875,7.14013157894737,7.02947368421053,18
"24",2004,9,6.78571428571429,7,6.625,7,6,6.5,7.5,4,3,1,5,2,178,112,66,9,81,97,7.06713483146067,7.39241071428571,6.51515151515152,6.77777777777778,7.10061728395062,7.03917525773196,19
"25",2004,10,6.75,14,7.0625,6.33333333333333,5.5,6.6,6.83333333333333,8,6,2,5,9,192,120,72,11,86,106,7.04401041666667,7.37041666666667,6.5,6.54545454545455,7.07151162790698,7.02169811320755,20
"26",2004,11,6.25,12,6.8,5.85714285714286,8,5.66666666666667,6.83333333333333,5,7,2,6,6,204,125,79,13,92,112,6.99730392156863,7.3476,6.44303797468354,6.76923076923077,6.97989130434783,7.01160714285714,21
"27",2004,12,7.25,8,7.57142857142857,5,NA,6.5,7.5,7,1,0,2,6,212,132,80,13,94,118,7.00683962264151,7.3594696969697,6.425,6.76923076923077,6.96968085106383,7.0364406779661,22
"28",2005,1,6.625,8,6.875,6.375,NA,6.75,6.5,4,4,0,4,4,220,136,84,13,98,122,6.99295454545455,7.34522058823529,6.42261904761905,6.76923076923077,6.96071428571429,7.01885245901639,23
"29",2005,2,6.61538461538461,13,6.72727272727273,6,NA,6.57142857142857,6.66666666666667,11,2,0,7,6,233,147,86,13,105,128,6.97188841201717,7.29897959183674,6.41279069767442,6.76923076923077,6.9347619047619,7.00234375,24
"30",2005,3,7.12727272727273,11,7.28571428571429,6.85,6.66666666666667,6.5,7.48571428571429,7,4,3,4,7,244,154,90,16,109,135,6.97889344262295,7.29837662337662,6.43222222222222,6.75,6.91880733944954,7.02740740740741,25
"31",2005,4,7.33333333333333,9,7.5,7,NA,8.5,7,6,3,0,2,7,253,160,93,16,111,142,6.99150197628459,7.3059375,6.4505376344086,6.75,6.9472972972973,7.02605633802817,26
"32",2005,5,6.5,14,7,5.6,NA,6.875,6,9,5,0,8,6,267,169,98,16,119,148,6.96573033707865,7.2896449704142,6.40714285714286,6.75,6.94243697478992,6.98445945945946,27
"33",2005,6,6.58333333333333,6,7,5.75,5.5,7,6.5,4,2,1,1,5,273,173,100,17,120,153,6.95732600732601,7.28294797687861,6.394,6.67647058823529,6.94291666666667,6.96862745098039,28
"34",2005,7,7.33333333333333,6,7.75,6.5,7,7.4,7,4,2,1,5,1,279,177,102,18,125,154,6.96541218637993,7.29350282485876,6.39607843137255,6.69444444444444,6.9612,6.96883116883117,29
"35",2005,8,6.75,14,7.55555555555556,5.3,5,6.27777777777778,7.6,9,5,1,9,5,293,186,107,19,134,159,6.95511945392492,7.30618279569893,6.34485981308411,6.60526315789474,6.91529850746269,6.98867924528302,30
"36",2005,9,7.11111111111111,9,7.57142857142857,5.5,NA,6.75,7.4,7,2,0,4,5,302,193,109,19,138,164,6.95976821192053,7.31580310880829,6.32935779816514,6.60526315789474,6.91050724637681,7.00121951219512,31
"37",2005,10,7.43181818181818,11,7.6875,6.75,7,7.875,7.17857142857143,8,3,1,4,7,313,201,112,20,142,171,6.97635782747604,7.33059701492537,6.340625,6.625,6.93767605633803,7.00847953216374,32
"38",2005,11,6.76230769230769,13,7.13,6.33333333333333,7,6.802,6.7375,7,6,1,5,8,326,208,118,21,147,179,6.96782208588957,7.32384615384615,6.34025423728814,6.64285714285714,6.9330612244898,6.9963687150838,33
"39",2005,12,7.26666666666667,15,7.63636363636364,6.25,8,7.875,7.04545454545455,11,4,1,4,11,341,219,122,22,151,190,6.98096774193548,7.33954337899543,6.33729508196721,6.70454545454545,6.95801324503311,6.99921052631579,34
"40",2006,1,7.60714285714286,14,7.79166666666667,6.5,6,7.58333333333333,7.625,12,2,1,6,8,355,231,124,23,157,198,7.00566197183099,7.3630303030303,6.33991935483871,6.67391304347826,6.98191082802548,7.02449494949495,35
"41",2006,2,7.16666666666667,9,7.5,6,8,7,7.25,7,2,1,3,6,364,238,126,24,160,204,7.00964285714286,7.36705882352941,6.33452380952381,6.72916666666667,6.98225,7.03112745098039,36
"42",2006,3,6.83333333333333,12,6.88888888888889,6.66666666666667,NA,7.25,6.75,9,3,0,2,10,376,247,129,24,162,214,7.00401595744681,7.34963562753036,6.3422480620155,6.72916666666667,6.98555555555556,7.01799065420561,37
"43",2006,4,6.36842105263158,19,7,5.90909090909091,6,7,6,8,11,1,7,12,395,255,140,25,169,226,6.97344303797468,7.33866666666667,6.30821428571429,6.7,6.98615384615385,6.96393805309734,38
"44",2006,5,7.78571428571429,14,7.90909090909091,7.33333333333333,NA,7.33333333333333,8.125,11,3,0,6,8,409,266,143,25,175,234,7.00124694376528,7.36225563909774,6.32972027972028,6.7,6.99805714285714,7.00363247863248,39
"45",2006,6,7.51111111111111,9,7.72857142857143,6.75,NA,8.33333333333333,7.1,7,2,0,3,6,418,273,145,25,178,240,7.01222488038278,7.37164835164835,6.33551724137931,6.7,7.02056179775281,7.00604166666667,40
"46",2006,7,6.78666666666667,15,7.42857142857143,6.225,NA,6.83333333333333,6.75555555555556,7,8,0,6,9,433,280,153,25,184,249,7.00441108545035,7.37307142857143,6.3297385620915,6.7,7.01445652173913,6.99698795180723,41
"47",2006,8,6.53571428571429,14,7.13636363636364,4.33333333333333,NA,7,6.35,11,3,0,4,10,447,291,156,25,188,259,6.98973154362416,7.36412371134021,6.29134615384615,6.7,7.01414893617021,6.97200772200772,42
"48",2006,9,6.58333333333333,12,6.84375,6.0625,NA,6.625,6.5,8,4,0,8,4,459,299,160,25,196,263,6.97910675381264,7.35020066889632,6.285625,6.7,6.99826530612245,6.9648288973384,43
"49",2006,10,6.125,8,6.66666666666667,5.8,NA,6.5,5.75,3,5,0,4,4,467,302,165,25,200,267,6.96447537473234,7.34341059602649,6.27090909090909,6.7,6.9883,6.94662921348315,44
"50",2006,11,6.41666666666667,12,6.77777777777778,5.33333333333333,NA,5.66666666666667,6.66666666666667,9,3,0,3,9,479,311,168,25,203,276,6.950751565762,7.32704180064309,6.25416666666667,6.7,6.9687684729064,6.9375,45
"51",2006,12,7.2,10,7.64285714285714,6.16666666666667,6,6.625,7.58333333333333,7,3,2,4,6,489,318,171,27,207,282,6.95584867075665,7.33399371069182,6.25263157894737,6.64814814814815,6.96212560386473,6.95124113475177,46
"52",2007,1,6.95238095238095,21,7.03125,6.7,6,6.9375,6.96153846153846,16,5,1,8,13,510,334,176,28,215,295,6.95570588235294,7.31949101796407,6.26534090909091,6.625,6.96120930232558,6.95169491525424,47
"53",2007,2,6.9957525,12,7,6.9872575,7.5,6.75,7.11862875,8,4,2,4,8,522,342,180,30,219,303,6.95662649425287,7.31201754385965,6.2813835,6.68333333333333,6.95735159817352,6.95610240924093,48
"54",2007,3,7.39166666666667,12,7.67142857142857,7,NA,7.16666666666667,7.46666666666667,7,5,0,3,9,534,349,185,30,222,312,6.96640267790262,7.31922636103152,6.30080556756757,6.68333333333333,6.96018018018018,6.97083022435897,49
"55",2007,4,6.68181818181818,11,7.5,5.7,NA,6.66666666666667,6.6875,6,5,0,3,8,545,355,190,30,225,320,6.9606587706422,7.32228169014084,6.28499489473684,6.68333333333333,6.95626666666667,6.96374696875,50
"56",2007,5,7.20666666666667,15,6.71666666666667,7.53333333333333,7,6.5,7.46363636363636,6,9,1,4,11,560,361,199,31,229,331,6.96724826785714,7.31221606648199,6.3414524120603,6.69354838709677,6.94829694323144,6.98035960725076,51
"57",2007,6,6.66666666666667,15,7.09090909090909,5.5,7,7,6.54545454545455,11,4,1,4,11,575,372,203,32,233,342,6.95940700869565,7.30567204301075,6.32487206896552,6.703125,6.94918454935622,6.96637143274854,52
"58",2007,7,6.63888888888889,9,6.79166666666667,6.33333333333333,7,6.08333333333333,6.91666666666667,6,3,1,3,6,584,378,206,33,236,348,6.95446751712329,7.29751322751323,6.32499529126214,6.71212121212121,6.93817796610169,6.96551445402299,53
"59",2007,8,6.8,20,7.2,6.4,6.75,6.75,6.82142857142857,10,10,2,6,14,604,388,216,35,242,362,6.9493526986755,7.295,6.32846773148148,6.71428571428571,6.93351239669421,6.9599420718232,54
"60",2007,9,6.38888888888889,18,6.63636363636364,6,7,6.5,6.33333333333333,11,7,1,6,12,622,399,223,36,248,374,6.93313348874598,7.27684210526316,6.31815708520179,6.72222222222222,6.92302419354839,6.93983697860963,55
"61",2007,10,6.75555555555556,9,7.25,5.76666666666667,NA,6,6.85,6,3,0,1,8,631,405,226,36,249,382,6.930600681458,7.27644444444444,6.3108364159292,6.72222222222222,6.9193172690763,6.93795557591623,56
"62",2007,11,6.7,20,6.77777777777778,6.63636363636364,6.66666666666667,6.83333333333333,6.64285714285714,9,11,6,6,14,651,414,237,42,255,396,6.92351617511521,7.2656038647343,6.3259452742616,6.71428571428571,6.91729411764706,6.9275228030303,57
"63",2007,12,6.38888888888889,27,6.85294117647059,5.6,6,5.94444444444444,6.61111111111111,17,10,1,9,18,678,431,247,43,264,414,6.9022257079646,7.24932714617169,6.29655477732793,6.69767441860465,6.88412878787879,6.91376577294686,58
"64",2008,1,6.36363636363636,22,6.83333333333333,5.8,5.5,6.1,6.58333333333333,12,10,2,10,12,700,443,257,45,274,426,6.88529861428572,7.23805869074492,6.27723357976654,6.64444444444444,6.85551094890511,6.90445781690141,59
"65",2008,2,7.10294117647059,17,7.20833333333333,6.85,7,7.04166666666667,7.13636363636364,12,5,1,6,11,717,455,262,46,280,437,6.89045889818689,7.23727472527472,6.28816423664122,6.65217391304348,6.8595,6.9102952631579,60
"66",2008,3,6.44666666666667,15,6.5,6.42727272727273,6,7.06666666666667,6.29166666666667,4,11,1,3,12,732,459,273,47,283,449,6.88136479508197,7.23084967320261,6.29376934065934,6.63829787234043,6.8616961130742,6.89376175946548,61
"67",2008,4,6.70833333333333,24,6.77777777777778,6.5,6,6.28571428571429,6.88235294117647,18,6,2,7,17,756,477,279,49,290,466,6.87587173280423,7.21375262054507,6.29820440860215,6.61224489795918,6.84779310344828,6.89334555793991,62
"68",2008,5,6.92105263157895,19,7.05555555555556,6.8,6,6.5,7.03333333333333,9,10,3,4,15,775,486,289,52,294,481,6.87697939354839,7.21082304526749,6.31556757785467,6.57692307692308,6.84306122448979,6.89771108108108,63
"69",2008,6,6.88,20,7.13125,5.875,NA,6.825,6.91666666666667,16,4,0,8,12,795,502,293,52,302,493,6.8770553836478,7.20828685258964,6.30955300341297,6.57692307692308,6.84258278145695,6.89817247464503,64
"70",2008,7,6.55,14,7.21428571428571,5.88571428571429,6.5,6.64285714285714,6.45714285714286,7,7,4,7,7,809,509,300,56,309,500,6.87139558714462,7.20836935166994,6.29966343333333,6.57142857142857,6.83805825242718,6.89199806,65
"71",2008,8,6.25,18,6.5,5.9375,6.375,6.5,6.05,10,8,4,8,10,827,519,308,60,317,510,6.85787065296252,7.19472061657033,6.29025659090909,6.55833333333333,6.82952681388012,6.87548829411765,66
"72",2008,9,6.34375,16,6.625,6.25,6.42857142857143,6.42857142857143,6.27777777777778,4,12,7,7,9,843,523,320,67,324,519,6.84811272835113,7.19036328871893,6.28874696875,6.54477611940298,6.82086419753086,6.86512337186898,67
"73",2008,10,6.53125,16,6.625,6.4375,6.75,6.125,6.66666666666667,8,8,4,4,12,859,531,328,71,328,531,6.84221074505239,7.18184557438795,6.29237509146342,6.55633802816901,6.81237804878049,6.86063847457627,68
"74",2008,11,6.44388888888889,18,6.93625,6.05,6.8,7.07,6.04545454545455,8,10,5,7,11,877,539,338,76,335,542,6.83403538198404,7.17820037105751,6.28520423076923,6.57236842105263,6.81776119402985,6.84409415129151,69
"75",2008,12,6.57142857142857,14,7.5,5.33333333333333,6.83333333333333,6.3,6.72222222222222,8,6,3,5,9,891,547,344,79,340,551,6.82990912457913,7.18290676416819,6.26860183139535,6.58227848101266,6.81014705882353,6.84210350272232,70
"76",2009,1,6.36190476190476,21,6.57083333333333,6.08333333333333,6.5625,6.89285714285714,6.09642857142857,12,9,4,7,14,912,559,353,83,347,565,6.81913270833333,7.16976744186046,6.26387827195468,6.58132530120482,6.81181556195965,6.82362660176991,71
"77",2009,2,6.84,20,7.35,6.33,6.825,7.21666666666667,6.67857142857143,10,10,4,6,14,932,569,363,87,353,579,6.81958050429185,7.17293497363796,6.26569980716254,6.59252873563218,6.81869688385269,6.82011922279793,72
"78",2009,3,6.55652173913044,23,6.88,6.30769230769231,7,6.6,6.55,10,13,2,3,20,955,579,376,89,356,599,6.81324505759162,7.16787564766839,6.26715167553192,6.60168539325843,6.81685393258427,6.81110021702838,73
"79",2009,4,6.2695652173913,23,6.88181818181818,5.70833333333333,5.25,5.875,6.35263157894737,11,12,4,4,19,978,590,388,93,360,618,6.80045913087935,7.16254237288136,6.24986863402062,6.54354838709677,6.80638888888889,6.79700490291262,74
"80",2009,5,6.18181818181818,22,6.85714285714286,5.86666666666667,6.05555555555556,6.5,5.5,7,15,9,15,7,1000,597,403,102,375,625,6.78684903,7.15896147403685,6.23560553349876,6.50049019607843,6.79413333333333,6.782478448,75
"81",2009,6,6.70666666666667,15,6.81,6.5,6,6.5,6.73846153846154,10,5,2,2,13,1015,607,408,104,377,638,6.78566406896552,7.15321252059308,6.23884566176471,6.49086538461538,6.79257294429708,6.78158155172414,76
"82",2009,7,6.4625,16,6.83333333333333,6.37692307692308,6.25,6.5,6.45714285714286,3,13,4,2,14,1031,610,421,108,379,652,6.78064891367604,7.1516393442623,6.24310933491687,6.48194444444444,6.7910290237467,6.77461507668712,77
"83",2009,8,6.32352941176471,17,6.5,6.125,7,6.3,6.33333333333333,9,8,1,5,12,1048,619,429,109,384,664,6.77323380725191,7.1421647819063,6.24090682983683,6.48669724770642,6.78463541666667,6.76664010542169,78
"84",2009,9,6.33333333333333,15,6.5,6.25,6.33333333333333,6.5,6.27272727272727,5,10,3,4,11,1063,624,439,112,388,675,6.76702636876764,7.13701923076923,6.24111396355353,6.48258928571429,6.78170103092783,6.75859115555555,79
"85",2009,10,6.59333333333333,15,7.1125,6,5.5,6.25,6.71818181818182,8,7,4,4,11,1078,632,446,116,392,686,6.76460948979592,7.13670886075949,6.23732966367713,6.44870689655172,6.77627551020408,6.75794319241982,80
"86",2009,11,6.47727272727273,22,7.25,5.83333333333333,6.3,6.35714285714286,6.53333333333333,10,12,5,7,15,1100,642,458,121,399,701,6.75886275454546,7.13847352024922,6.2267446069869,6.44256198347107,6.76892230576441,6.75313699001426,81
"87",2009,12,6.98,15,7.84,6.55,6,7,6.97272727272727,5,10,3,4,11,1115,647,468,124,403,712,6.76183769506726,7.14389489953632,6.23365177350427,6.43185483870968,6.7712158808933,6.75652953651685,82
"88",2010,1,6.6469696969697,33,6.9275,6.21538461538462,6.5,6.6875,6.64137931034483,20,13,3,4,29,1148,667,481,127,407,741,6.75853574041812,7.13740629685157,6.23315806652807,6.43346456692913,6.77039312039312,6.75202298245614,83
"89",2010,2,6.36666666666667,15,7.2,5.95,5.66666666666667,9,6.17857142857143,5,10,3,1,14,1163,672,491,130,408,755,6.75348153912296,7.13787202380952,6.22739109979634,6.41576923076923,6.77585784313725,6.74138944370861,84
"90",2010,3,5.92647058823529,17,6.28571428571429,5.675,5,5.5,5.98333333333333,7,10,2,2,15,1180,679,501,132,410,770,6.74156697457627,7.12908689248895,6.21636532934132,6.39431818181818,6.76963414634146,6.72662211688312,85
"91",2010,4,6.95454545454545,11,7.0625,6.66666666666667,7,6.5,7.05555555555556,8,3,2,2,9,1191,687,504,134,412,779,6.7435340302267,7.1283114992722,6.21904569444445,6.40335820895522,6.76832524271845,6.73042237483954,86
"92",2010,5,5.47222222222222,9,7,5.28125,4,5,5.53125,1,8,2,1,8,1200,688,512,136,413,787,6.73399919166667,7.128125,6.20439263671875,6.36801470588235,6.76404358353511,6.71823256670902,87
"93",2010,6,6.28888888888889,9,6.66666666666667,6.1,NA,NA,6.28888888888889,3,6,0,0,9,1209,691,518,136,413,796,6.73068571546733,7.12612156295224,6.20318345559846,6.36801470588235,6.76404358353511,6.71337817839196,88
"94",2010,7,6.70357142857143,14,7.03125,6.26666666666667,5,6.5,6.785,8,6,1,4,10,1223,699,524,137,417,806,6.7303753311529,7.12503576537911,6.20391036259542,6.35802919708029,6.76151079136691,6.7142667866005,89
"95",2010,8,5.875,12,5.5,5.95,5,4.5,6.15,2,10,3,2,10,1235,701,534,140,419,816,6.72206399190283,7.12039942938659,6.19915548689139,6.32892857142857,6.75071599045346,6.70735175245098,90
"96",2010,9,7.15333333333333,15,7.63,6.2,NA,6.5,7.31666666666667,10,5,0,3,12,1250,711,539,140,422,828,6.727239224,7.12756680731364,6.19916332096475,6.32892857142857,6.7489336492891,6.71618240338164,91
"97",2010,10,5.7,10,7.25,5.3125,7,5.66666666666667,5.71428571428571,2,8,1,3,7,1260,713,547,141,425,835,6.71908653174603,7.12791023842917,6.18619566727605,6.33368794326241,6.74129411764706,6.70778326946108,92
"98",2010,11,6.56,15,6.78571428571429,6.3625,6.75,5.25,7.03636363636364,7,8,2,4,11,1275,720,555,143,429,846,6.7172149254902,7.12458333333333,6.18873699099099,6.33951048951049,6.72738927738928,6.71205559101655,93
"99",2010,12,6.20588235294118,17,7.24444444444444,5.0375,7,6.64,6.025,9,8,2,5,12,1292,729,563,145,434,858,6.71048686532508,7.12606310013717,6.17237838365897,6.34862068965517,6.72638248847926,6.70244642191142,94
"100",2011,1,6.38235294117647,17,6.875,5.94444444444444,6,6.2,6.45833333333333,8,9,1,5,12,1309,737,572,146,439,870,6.70622538579068,7.12333785617368,6.16879201048951,6.34623287671233,6.72038724373576,6.69907934482759,95
"101",2011,2,5.82857142857143,7,6.6,5.25,4.5,4.65,6.3,3,4,2,2,5,1316,740,576,148,441,875,6.70155701367781,7.12121621621622,6.16241151041667,6.32128378378378,6.7109977324263,6.69679889142857,96
"102",2011,3,6.35588235294118,17,6.5,6.255,5.5,6.16666666666667,6.39642857142857,7,10,2,3,14,1333,747,586,150,444,889,6.69714855963991,7.11539491298527,6.16399151877133,6.31033333333333,6.70731981981982,6.69206865016873,97
"103",2011,4,6.44615384615385,13,6.52727272727273,6,NA,7,6.4,11,2,0,1,12,1346,758,588,150,445,901,6.69472439078752,7.10686015831135,6.1634337244898,6.31033333333333,6.70797752808989,6.6881787236404,98
"104",2011,5,6.33076923076923,13,6.54285714285714,6.08333333333333,NA,6.76666666666667,6.2,7,6,0,3,10,1359,765,594,150,448,911,6.69124284768212,7.10169934640523,6.16262462962963,6.31033333333333,6.70837053571429,6.68282001097695,99
"105",2011,6,6.66666666666667,6,7,6.6,7,6.5,6.75,1,5,3,2,4,1365,766,599,153,450,915,6.69113482051282,7.10156657963446,6.16627550918197,6.32385620915032,6.70744444444444,6.68311369398907,100
"106",2011,7,7.26666666666667,15,7.5,6.91666666666667,7.5,7.33333333333333,7.25,9,6,2,3,12,1380,775,605,155,453,927,6.69739060144927,7.1061935483871,6.17371740495868,6.33903225806451,6.71158940397351,6.69045202804747,101
"107",2011,8,7,7,7.66666666666667,6.5,NA,NA,7,3,4,0,0,7,1387,778,609,155,453,934,6.69891782984859,7.10835475578406,6.17586047619048,6.33903225806451,6.71158940397351,6.69277198072805,102
"108",2011,9,7.33333333333333,3,7.33333333333333,NA,NA,NA,7.33333333333333,3,0,0,0,3,1390,781,609,155,453,937,6.70028707194244,7.10921895006402,6.17586047619048,6.33903225806451,6.71158940397351,6.69482287086446,103
"109",2011,10,7.55,10,7.78571428571429,7,8,8.5,7.3125,7,3,1,2,8,1400,788,612,156,455,945,6.70635645,7.11522842639594,6.179900375817,6.34967948717949,6.71945054945055,6.70005188359788,104
"110",2011,11,7.14285714285714,7,7.2,7,8,6,7.33333333333333,5,2,1,1,6,1407,793,614,157,456,951,6.70852809523809,7.11576292559899,6.18257171009772,6.36019108280255,6.71787280701754,6.70404735015773,105
"111",2011,12,6.61111111111111,9,6.5,6.75,7,6.5,6.64285714285714,5,4,1,2,7,1416,798,618,158,458,958,6.70790891949152,7.11190476190476,6.18624438511327,6.36424050632911,6.71692139737991,6.70360024008351,106
"112",2012,1,6.65,16,7.04444444444444,6.14285714285714,6,6.7,6.64285714285714,9,7,1,2,14,1432,807,625,159,460,972,6.7072618924581,7.11115241635688,6.185758448,6.36194968553459,6.71684782608696,6.70272533950617,107
"113",2012,2,6.91666666666667,6,NA,6.91666666666667,6.66666666666667,6,7.1,0,6,3,1,5,1438,807,631,162,461,977,6.70813562586926,7.11115241635688,6.19270844690967,6.36759259259259,6.71529284164859,6.70475847492323,108
"114",2012,3,5.83333333333333,6,7,5.25,6,7,5.6,2,4,1,1,5,1444,809,635,163,462,982,6.7045007132964,7.11087762669963,6.18677012598425,6.36533742331288,6.71590909090909,6.69913343177189,109
"115",2012,4,6.40909090909091,11,6.7,6.16666666666667,5.5,6.6,6.25,5,6,3,5,6,1455,814,641,166,467,988,6.70226737457044,7.10835380835381,6.18658195007801,6.34969879518072,6.71466809421842,6.69640590080972,110
"116",2012,5,6.07692307692308,13,6.57142857142857,5.5,7,6,6.09090909090909,7,6,1,2,11,1468,821,647,167,469,999,6.69672958446866,7.10377588306943,6.18021488408037,6.35359281437126,6.71162046908316,6.68973876876877,111
"117",2012,6,6.61111111111111,9,6.41666666666667,7,5,6,6.78571428571429,6,3,1,2,7,1477,827,650,168,471,1006,6.69620787406906,7.09879081015719,6.18399850769231,6.34553571428571,6.70859872611465,6.69040659045726,112
"118",2012,7,6.025,8,5.75,6.85,7,6,6.02857142857143,6,2,1,1,7,1485,833,652,169,472,1013,6.69259193939394,7.0890756302521,6.18604145705522,6.34940828402367,6.70709745762712,6.68583319842053,113
"119",2012,8,6.251,10,6.93,4.66666666666667,3,NA,6.251,7,3,1,0,10,1495,840,655,170,472,1023,6.68963814715719,7.08775,6.17908248854962,6.32970588235294,6.70709745762712,6.68158262952102,114
"120",2012,9,5.24285714285714,7,7.5,4.34,3,6.5,5.03333333333333,2,5,1,1,6,1502,842,660,171,473,1029,6.68289549267643,7.08872921615202,6.16515004545455,6.31023391812865,6.70665961945032,6.67197184645287,115
"121",2012,10,6.5,15,7.2,6.15,6.66666666666667,6,6.625,5,10,3,3,12,1517,847,670,174,476,1041,6.68108703361898,7.08938606847698,6.16492392537314,6.31637931034483,6.70220588235294,6.67143038424592,116
"122",2012,11,6.75,10,7.9,5.6,4.5,7.16666666666667,6.57142857142857,5,5,2,3,7,1527,852,675,176,479,1048,6.68153833005894,7.09414319248826,6.16073930370371,6.29573863636363,6.70511482254697,6.67076243320611,117
"123",2012,12,6.06923076923077,13,6.8,5.21666666666667,5.9,4.6,6.51,7,6,2,3,10,1540,859,681,178,482,1058,6.6763695,7.09174621653085,6.15242148311307,6.29129213483146,6.69201244813278,6.66924293950851,118
"124",2013,1,7.03076923076923,13,7.12727272727273,6.5,5,6.2,7.18181818181818,11,2,1,2,11,1553,870,683,179,484,1069,6.67933614294913,7.09219540229885,6.15343928257687,6.2840782122905,6.68997933884298,6.67451733395697,119
"125",2013,2,6.45,10,6.5,6.4,6,7,6.38888888888889,5,5,1,1,9,1563,875,688,180,485,1078,6.67786886116443,7.08881142857143,6.15523114825582,6.2825,6.69061855670103,6.67213268089054,120
"126",2013,3,6.28571428571429,14,7.16666666666667,5.625,5.6,NA,6.28571428571429,6,8,5,0,14,1577,881,696,185,485,1092,6.67438746353836,7.08934165720772,6.14913653735632,6.26405405405405,6.69061855670103,6.6671785989011,121
"127",2013,4,6.05555555555556,9,6.7,5.25,3,3,6.4375,5,4,1,1,8,1586,886,700,186,486,1100,6.67087580706179,7.08714446952596,6.14399861428572,6.24650537634408,6.68302469135803,6.66550820909091,122
"128",2013,5,6.35714285714286,7,6.3,6.5,6,NA,6.35714285714286,5,2,1,0,7,1593,891,702,187,486,1107,6.66949719397363,7.08272727272727,6.14501286324786,6.2451871657754,6.68302469135803,6.66355829268293,123
"129",2013,6,6.75555555555556,9,7.35,2,NA,7.9,6.42857142857143,8,1,0,2,7,1602,899,703,187,488,1114,6.6699806679151,7.08510567296997,6.139116685633,6.2451871657754,6.68801229508197,6.66208171454219,124
"130",2013,7,6.65,10,7.33333333333333,6.35714285714286,6.5,7.25,6.5,3,7,3,2,8,1612,902,710,190,490,1122,6.66985671836228,7.08593126385809,6.14126623943662,6.24921052631579,6.69030612244898,6.66092605169341,125
"131",2013,8,6.2,5,6.5,5,5,5,6.5,4,1,1,1,4,1617,906,711,191,491,1126,6.66840385281385,7.08334437086093,6.13966108298172,6.24267015706806,6.68686354378819,6.66035437833037,126
"132",2013,9,5,11,6,3.8,3,3,5.44444444444444,6,5,1,2,9,1628,912,716,192,493,1135,6.65713085380835,7.07621710526316,6.12332266759777,6.22578125,6.67190669371197,6.65071280176211,127
"133",2013,10,6.375,4,7.5,5.25,NA,NA,6.375,2,2,0,0,4,1632,914,718,192,493,1139,6.65643935661765,7.07714442013129,6.12089001392758,6.22578125,6.67190669371197,6.64974453906936,128
"134",2013,11,6.13636363636364,11,7.5,5.35714285714286,5,9,5.85,4,7,2,1,10,1643,918,725,194,494,1149,6.65295741326841,7.07898692810457,6.11351590344828,6.21314432989691,6.67661943319838,6.64278418624891,129
"135",2013,12,6.94166666666667,12,8.06,6.14285714285714,6.5,8,6.84545454545455,5,7,2,1,11,1655,923,732,196,495,1160,6.65505077341389,7.08430119176598,6.11379648907104,6.21607142857143,6.67929292929293,6.64470606034483,130
"136",2014,1,6.125,16,6.66666666666667,5.8,5.5,5.33333333333333,6.30769230769231,6,10,2,3,13,1671,929,742,198,498,1173,6.64997548174745,7.08160387513455,6.10956742587601,6.20883838383838,6.67118473895582,6.6409710400682,131
"137",2014,2,6.26818181818182,11,7.33333333333333,5.86875,6.5,NA,6.26818181818182,3,8,4,0,11,1682,932,750,202,498,1184,6.64747861474435,7.08241416309013,6.10699870666667,6.21460396039604,6.67118473895582,6.63750762668919,132
"138",2014,3,4.75,4,5.33333333333333,3,3,NA,4.75,3,1,1,0,4,1686,935,751,203,498,1188,6.64297688612099,7.07680213903743,6.10286155792277,6.1987684729064,6.67118473895582,6.63115238215488,133
"139",2014,4,7.33333333333333,6,7,7.66666666666667,NA,NA,7.33333333333333,3,3,0,0,6,1692,938,754,203,498,1194,6.64542495862884,7.07655650319829,6.10908359416446,6.1987684729064,6.67118473895582,6.63468092964824,134
"140",2014,5,5.64285714285714,7,6.25,4.83333333333333,4,5.75,5.6,4,3,2,2,5,1699,942,757,205,500,1199,6.64129430841671,7.07304670912951,6.10402778071334,6.17731707317073,6.6675,6.63036616346956,135
"141",2014,6,6.55555555555556,9,6.83333333333333,6.41666666666667,6,5.5,6.85714285714286,3,6,2,2,7,1708,945,763,207,502,1206,6.6408425234192,7.07228571428571,6.10648627785059,6.1756038647343,6.66284860557769,6.63168244610282,136
"142",2014,7,5.1875,8,4.9,5.66666666666667,6,NA,5.1875,5,3,1,0,8,1716,950,766,208,502,1214,6.63406703379953,7.06085263157895,6.10476374673629,6.17475961538461,6.66284860557769,6.62216559308072,137
"143",2014,8,6.875,4,7.25,6.5,NA,7.75,6,2,2,0,2,2,1720,952,768,208,504,1216,6.63462734302325,7.06125,6.1057930078125,6.17475961538461,6.6671626984127,6.6211422944079,138
"144",2014,9,6.78571428571429,7,7.08333333333333,5,NA,NA,6.78571428571429,6,1,0,0,7,1727,958,769,208,504,1223,6.63523973943254,7.06138830897704,6.10435504551366,6.17475961538461,6.6671626984127,6.62208424366312,139
"145",2014,10,7,11,7.0625,6.83333333333333,6,8.5,6.85,8,3,1,1,10,1738,966,772,209,505,1233,6.63754834867664,7.06139751552795,6.1071878626943,6.17392344497607,6.67079207920792,6.62393270884023,140
"146",2014,11,4,2,6,2,2,4,NA,1,1,1,2,0,1740,967,773,210,507,1233,6.63451668390804,7.06029989658738,6.10187455368693,6.15404761904762,6.66025641025641,6.62393270884023,141
"147",2014,12,6.825,8,7.25,5.55,5.55,6.3,7,6,2,2,2,6,1748,973,775,212,509,1239,6.6353884610984,7.06146968139774,6.10045036129032,6.14834905660377,6.65884086444008,6.62575385794996,142
"148",2015,1,6,10,5.66666666666667,6.14285714285714,6.75,5.83333333333333,6.25,3,7,4,6,4,1758,976,782,216,515,1243,6.63177419226393,7.05718237704918,6.10082996163683,6.15949074074074,6.64922330097087,6.62454467417538,143
"149",2015,2,6.69230769230769,13,6.6875,6.7,7.33333333333333,7.75,6.5,8,5,3,2,11,1771,984,787,219,517,1254,6.63221853754941,7.05417682926829,6.10463663278272,6.17557077625571,6.65348162475822,6.62345217703349,144
"150",2015,3,7.75,6,8,7.25,6.5,NA,7.75,4,2,1,0,6,1777,988,789,220,517,1260,6.63599270118176,7.05800607287449,6.10753996197719,6.17704545454545,6.65348162475822,6.62881669047619,145
"151",2015,4,5.8,5,6,5.66666666666667,NA,3,6.5,2,3,0,1,4,1782,990,792,220,518,1264,6.63364704264871,7.05586868686869,6.10586998737374,6.17704545454545,6.64642857142857,6.62840904272152,146
"152",2015,5,6.4,5,7,4,4,5.5,7,4,1,1,2,3,1787,994,793,221,520,1267,6.63299330162283,7.05564386317907,6.10321441361917,6.16719457013575,6.64201923076923,6.62928889502762,147
"153",2015,6,6.125,6,NA,6.125,6,7,5.95,0,6,3,1,5,1793,994,799,224,521,1272,6.63129337981037,7.05564386317907,6.10337801001252,6.16495535714286,6.64270633397313,6.62661873427673,148
"154",2015,7,6,3,7,5.5,4,4,7,1,2,1,1,2,1796,995,801,225,522,1274,6.63023888084632,7.05558793969849,6.10187144818976,6.15533333333333,6.63764367816092,6.62720489010989,149
"155",2015,8,6.94444444444444,9,7.875,6.2,5.33333333333333,5.25,7.42857142857143,4,5,3,2,7,1805,999,806,228,524,1281,6.6318055567867,7.05886886886887,6.10248018610422,6.14451754385965,6.63234732824428,6.63158394223263,150
"156",2015,9,6.4,5,7,6,NA,6.5,6.33333333333333,2,3,0,2,3,1810,1001,809,228,526,1284,6.63116520994475,7.05875124875125,6.10210016069221,6.14451754385965,6.63184410646388,6.63088709501558,151
"157",2015,10,5.67,10,6.56666666666667,5.28571428571429,6.33333333333333,3.5,6.2125,3,7,3,2,8,1820,1004,816,231,528,1292,6.62588408241758,7.05728087649402,6.0950968504902,6.1469696969697,6.61998106060606,6.6282964628483,152
"158",2015,11,7.02714285714286,7,7.438,6,4,4,7.53166666666667,5,2,1,1,6,1827,1009,818,232,529,1298,6.62742147235906,7.0591674925669,6.0948643398533,6.13771551724138,6.61502835538752,6.63247228813559,153
"159",2015,12,6.09090909090909,11,6.75,4.33333333333333,NA,5.4,6.66666666666667,8,3,0,5,6,1838,1017,821,232,534,1304,6.62421057127312,7.05673549655851,6.08842756394641,6.13771551724138,6.60365168539326,6.63262962423313,154
"160",2016,1,6.42857142857143,14,6.625,6.16666666666667,4,6.5,6.40909090909091,8,6,1,3,11,1852,1025,827,233,537,1315,6.62273165766739,7.05336585365854,6.08899519951633,6.12854077253219,6.60307262569832,6.63075971863118,155
"161",2016,2,7.14285714285714,7,8,6.8,7,NA,7.14285714285714,2,5,4,0,7,1859,1027,832,237,537,1322,6.62469017213556,7.05520934761441,6.09326806490385,6.14324894514768,6.60307262569832,6.63347127836611,156
"162",2016,3,6.4,5,6,6.5,7,7,6.25,1,4,1,1,4,1864,1028,836,238,538,1326,6.62408746244635,7.05418287937743,6.0952141507177,6.1468487394958,6.60381040892193,6.63231450226245,157
"163",2016,4,7.5,4,8,6,NA,NA,7.5,3,1,0,0,4,1868,1031,837,238,538,1330,6.62596307815846,7.05693501454898,6.09510039426523,6.1468487394958,6.60381040892193,6.63492408270677,158
"164",2016,5,6.09,10,7,4.725,NA,6.6,5.58,6,4,0,5,5,1878,1037,841,238,543,1335,6.62310917465389,7.05660559305689,6.08858386444709,6.1468487394958,6.60377532228361,6.63097305617978,159
"165",2016,6,6.05555555555556,9,6.5,5.5,4,7,5.9375,5,4,1,1,8,1887,1042,845,239,544,1343,6.62040224165342,7.05393474088292,6.08579766863905,6.13786610878661,6.60450367647059,6.62684216679077,160
"166",2016,7,6.86666666666667,6,6.73333333333333,7,NA,6.5,7.05,3,3,0,2,4,1893,1045,848,239,546,1347,6.62118279450607,7.05301435406699,6.089031875,6.13786610878661,6.60412087912088,6.62809876020787,161
"167",2016,8,6.83333333333333,6,7,6.66666666666667,6,7,6.8,3,3,1,1,5,1899,1048,851,240,547,1352,6.62185309636651,7.05286259541985,6.09106819036428,6.13729166666667,6.60484460694698,6.62873448964497,162
"168",2016,9,7.33333333333333,3,7.33333333333333,NA,NA,NA,7.33333333333333,3,0,0,0,3,1902,1051,851,240,547,1355,6.62297530494217,7.05366317792578,6.09106819036428,6.13729166666667,6.60484460694698,6.63029448708487,163
"169",2016,10,6.71666666666667,6,7.5,6.56,6.6,7,6.66,1,5,3,1,5,1908,1052,856,243,548,1360,6.62326993186583,7.05408745247148,6.09380727803738,6.14300411522634,6.60556569343066,6.63040369852941,164
"170",2016,11,6.95461538461538,13,7.06375,6.78,6.275,7.20333333333333,6.88,8,5,4,3,10,1921,1060,861,247,551,1370,6.62551224882873,7.05416037735849,6.09779213704994,6.14514170040486,6.60882032667877,6.63222556934307,165
"171",2016,12,5.75,8,5.5,6,4,NA,5.75,4,4,1,0,8,1929,1064,865,248,551,1378,6.62188130119233,7.04831766917293,6.09733991907515,6.13649193548387,6.60882032667877,6.62710379535559,166
"172",2017,1,5.91176470588235,17,6.375,4.8,4,5.83333333333333,5.92857142857143,12,5,1,3,14,1946,1076,870,249,554,1392,6.61567781603289,7.04080855018587,6.08988394252874,6.12791164658634,6.60462093862816,6.62007832614943,167
"173",2017,2,7.03,10,7.03333333333333,7,NA,5.5,7.4125,9,1,0,2,8,1956,1085,871,249,556,1400,6.61779602760736,7.0407465437788,6.09092885189438,6.12791164658634,6.60064748201439,6.62460645,168
"174",2017,3,5.45555555555556,9,5.5,5.42,4.5,7,5.01428571428571,4,5,2,2,7,1965,1089,876,251,558,1407,6.61247278880407,7.03508723599633,6.08709934931507,6.11494023904382,6.6020788530466,6.61659490405117,169
"175",2017,4,6.15,10,7.1,5.2,5,6,6.16666666666667,5,5,2,1,9,1975,1094,881,253,559,1416,6.61013115443038,7.03538391224863,6.08206473325766,6.10612648221344,6.60100178890877,6.61373519067797,170
"176",2017,5,6.875,4,6.875,NA,NA,5.5,7.33333333333333,4,0,0,1,3,1979,1098,881,253,560,1419,6.6106665133906,7.03479963570127,6.08206473325766,6.10612648221344,6.59903571428571,6.61525653981677,171
"177",2017,6,5.75,8,6.5,5,5.66666666666667,4,6,4,4,3,1,7,1987,1102,885,256,561,1426,6.60720132360342,7.03285843920145,6.07717404519774,6.1009765625,6.59440285204991,6.61223634642356,172
"178",2017,7,4.41666666666667,6,5.5,3.875,3.16666666666667,4.875,3.5,2,4,3,4,2,1993,1104,889,259,565,1428,6.60060663823382,7.03008152173913,6.06726550056243,6.06698841698841,6.58223008849558,6.6078774719888,173
"179",2017,8,5.1875,8,5.25,5.125,7,NA,5.1875,4,4,1,0,8,2001,1108,893,260,565,1436,6.59495703648176,7.02365523465704,6.06304482642777,6.07057692307692,6.58223008849558,6.59996450557103,174
"180",2017,9,4.78,5,7,4.225,5.25,5.25,4.46666666666667,1,4,2,2,3,2006,1109,897,262,567,1439,6.59043321535394,7.02363390441839,6.05484841694537,6.06431297709923,6.57753086419753,6.59551704656011,175
"181",2017,10,6.5,4,6.33333333333333,7,NA,NA,6.5,3,1,0,0,4,2010,1112,898,262,567,1443,6.59025324875622,7.02177158273381,6.05590092427617,6.06431297709923,6.57753086419753,6.59525227304227,176
"182",2017,11,6.66666666666667,6,7.2,4,4,NA,6.66666666666667,5,1,1,0,6,2016,1117,899,263,567,1449,6.59048066964286,7.02256938227395,6.05361404894327,6.05646387832699,6.57753086419753,6.59554798481711,177
"183",2017,12,6.5,4,6.5,6.5,7,NA,6.5,1,3,1,0,4,2020,1118,902,264,567,1453,6.5903015,7.02210196779964,6.05509870288248,6.06003787878788,6.57753086419753,6.59528494838266,178
"184",2018,1,7,6,7.1,6.5,NA,7.16666666666667,6.83333333333333,5,1,0,3,3,2026,1123,903,264,570,1456,6.59151482230997,7.02244879786287,6.05559139534884,6.06003787878788,6.58063157894737,6.59577543269231,179
"185",2018,2,6.08333333333333,6,6.5,5.25,5.25,6,6.125,4,2,2,2,4,2032,1127,905,266,572,1460,6.59001428641732,7.02059449866903,6.05381108287293,6.05394736842105,6.5786013986014,6.5944856369863,180
"186",2018,3,6.28571428571429,7,7.5,5.8,6.33333333333333,5,6.8,2,5,3,2,5,2039,1129,910,269,574,1465,6.58896960765081,7.02144375553587,6.05241651648352,6.05706319702602,6.57310104529617,6.59518705119454,181
"187",2018,4,6.98888833333333,6,6.8583325,7.25,NA,6.5,7.086666,4,2,0,1,5,2045,1133,912,269,575,1470,6.59014296332518,7.02086789938217,6.05504279605263,6.05706319702602,6.57297391304348,6.59685874829932,182
"188",2018,5,6.58333333333333,6,7.1,4,NA,6,6.7,5,1,0,1,5,2051,1138,913,269,576,1475,6.59012304241833,7.02121557996485,6.05279192771084,6.05706319702602,6.57197916666667,6.59720837966102,183
"189",2018,6,6.3,5,10,5.375,NA,3,7.125,1,4,0,1,4,2056,1139,917,269,577,1479,6.58941749027237,7.0238308428446,6.0498353653217,6.05706319702602,6.56578856152513,6.59863580797836,184
"190",2018,7,7,6,7.5,6,6,NA,7,4,2,2,0,6,2062,1143,919,271,577,1485,6.59061220174588,7.02549722659668,6.04972690968444,6.05664206642066,6.56578856152513,6.60025748148148,185
"191",2018,8,8,2,8,NA,NA,NA,8,2,0,0,0,2,2064,1145,919,271,577,1487,6.5919778875969,7.02719941484716,6.04972690968444,6.05664206642066,6.56578856152513,6.60214012104909,186
"192",2018,9,7.1,5,7.1,NA,NA,8,6.875,5,0,0,1,4,2069,1150,919,271,578,1491,6.59320558724021,7.02751593913044,6.04972690968444,6.05664206642066,6.56826989619377,6.60287213950369,187
"193",2018,10,6.2,4,6.26666666666667,6,NA,6.26666666666667,6,3,1,0,3,1,2073,1153,920,271,581,1492,6.59244686927158,7.02553627927147,6.04967285869565,6.05664206642066,6.56671256454389,6.60246806970509,188
"194",2018,11,6.25,6,6.5,5,5,6,6.375,5,1,1,2,4,2079,1158,921,272,583,1496,6.59145856661856,7.02326712435233,6.04853314875136,6.05275735294117,6.56476843910806,6.60185986631016,189
"195",2018,12,7.05625,8,7.59,6.16666666666667,6,NA,7.05625,5,3,1,0,8,2087,1163,924,273,583,1504,6.59324022999521,7.02570363714531,6.0489166991342,6.0525641025641,6.56476843910806,6.60427683510638,190
"196",2019,1,6.27777777777778,9,6.58333333333333,5.66666666666667,5,5.5,6.66666666666667,6,3,1,3,6,2096,1169,927,274,586,1510,6.59188566793893,7.02343313088109,6.04767964401295,6.04872262773722,6.55931740614335,6.60452474172185,191
"197",2019,2,6.42857142857143,7,6.5,6,6,6,6.5,6,1,1,1,6,2103,1175,928,275,587,1516,6.5913420637185,7.02076028085106,6.04762826508621,6.04854545454545,6.55836456558773,6.60411105540897,192
"198",2019,3,6.125,8,5.5,7.16666666666667,7.5,2,6.71428571428571,5,3,2,1,7,2111,1180,931,277,588,1523,6.58957477972525,7.01431638135593,6.05123418904404,6.05902527075812,6.55061224489796,6.60461743926461,193
"199",2019,4,5.98,5,6.725,3,3,NA,5.98,4,1,1,0,5,2116,1184,932,278,588,1528,6.58813438563327,7.01333896114865,6.04796033261803,6.04802158273381,6.55061224489796,6.60257353403141,194
"200",2019,5,5.75,4,6.33333333333333,4,NA,7,5.33333333333333,3,1,0,1,3,2120,1187,933,278,589,1531,6.586553,7.01162032855939,6.04576530546624,6.04802158273381,6.55137521222411,6.6000864532985,195
"201",2019,6,6.25,4,8,4.5,5,5,6.66666666666667,2,2,1,1,3,2124,1189,935,279,590,1534,6.58591919020715,7.01328286795626,6.04245885561497,6.04426523297491,6.54874576271186,6.60021666232073,196
"202",2019,7,6.97,4,7,6.94,NA,8,6.62666666666667,2,2,0,1,3,2128,1191,937,279,591,1537,6.58664114661654,7.01326056255248,6.04437463180363,6.04426523297491,6.5512013536379,6.60026828887443,197
"203",2019,8,7.3625,8,7.4,7.25,7.25,9,6.81666666666667,6,2,2,2,6,2136,1197,939,281,593,1543,6.58954698501872,7.01519910609858,6.04694252396166,6.05284697508897,6.55946037099494,6.60110976020739,198
"204",2019,9,5,1,NA,5,NA,5,NA,0,1,0,1,0,2137,1197,940,281,594,1543,6.58880316331305,7.01519910609858,6.04582875531915,6.05284697508897,6.55683501683502,6.60110976020739,199
"205",2019,10,6,6,6.25,5.5,5.5,6,6,4,2,2,2,4,2143,1201,942,283,596,1547,6.58715462435837,7.01265056619484,6.04466988322718,6.04893992932862,6.55496644295302,6.59955550096962,200
"206",2019,11,6.275,10,7,5.55,4.75,6.75,6.07142857142857,5,5,2,3,7,2153,1206,947,285,599,1554,6.58570476544356,7.01259811774461,6.04205810982049,6.03982456140351,6.55594323873122,6.59717655083655,201
"207",2019,12,6.8,5,6.83333333333333,6.75,7,NA,6.8,3,2,1,0,5,2158,1209,949,286,599,1559,6.586201278962,7.01215329197684,6.04355008429926,6.04318181818182,6.55594323873122,6.59782704297627,202
"208",2020,1,6.58777777777778,9,6.625,6.558,7,7,6.53625,4,5,1,1,8,2167,1213,954,287,600,1567,6.58620782648823,7.01087661170651,6.04624636268344,6.04651567944251,6.55668333333333,6.59751267389917,203
"209",2020,2,6.25,8,6.14285714285714,7,NA,7,6.14285714285714,7,1,0,1,7,2175,1220,955,287,601,1574,6.5849712,7.00589617213115,6.04724505759162,6.04651567944251,6.55742096505824,6.59549069885642,204
"210",2020,3,6,4,6.5,5.5,NA,NA,6,2,2,0,0,4,2179,1222,957,287,601,1578,6.58389736576411,7.00506819148936,6.04610138975967,6.04651567944251,6.55742096505824,6.59398121673004,205
"211",2020,4,6.4,5,7,6.25,6.5,NA,6.4,1,4,2,0,5,2184,1223,961,289,601,1583,6.58347635531135,7.00506404742436,6.04695008324662,6.04965397923875,6.55742096505824,6.59336851547694,206
"212",2020,5,6.4,7,6.33333333333333,6.8,6.8,6.8,6.33333333333333,6,1,1,1,6,2191,1229,962,290,602,1589,6.58289016887266,7.0017846460537,6.04773287941788,6.05224137931034,6.55782392026578,6.59238663310258,207
"213",2020,6,6.2,5,6.66666666666667,5.5,NA,NA,6.2,3,2,0,0,5,2196,1232,964,290,602,1594,6.58201837887067,7.00096861201299,6.04659650414938,6.05224137931034,6.55782392026578,6.59115580928482,208
"214",2020,7,7.12,7,6.97333333333333,8,NA,7.15,7.108,6,1,0,2,5,2203,1238,965,290,604,1599,6.58372780753518,7.00083467689822,6.04862075647668,6.05224137931034,6.55978476821192,6.59277195747342,209
"215",2020,8,5.33333333333333,3,6.25,3.5,3.5,3.5,6.25,2,1,1,1,2,2206,1240,966,291,605,1601,6.5820273617407,6.9996236532258,6.04598243271222,6.043470790378,6.55472727272727,6.59234376014991,210
"216",2020,9,7.5,4,7.5,NA,NA,NA,7.5,4,0,0,0,4,2210,1244,966,291,605,1605,6.58368885067873,7.00123258038585,6.04598243271222,6.043470790378,6.55472727272727,6.5946058317757,211
"217",2020,10,6.58333333333333,6,6.5,6.66666666666667,6.5,6,6.7,3,3,2,1,5,2216,1247,969,293,606,1610,6.58368788808664,7.00002672814755,6.04790405572755,6.04658703071672,6.55381188118812,6.59493314285714,212
"218",2020,11,5.53333333333333,6,5.3,6,6,8.2,5,4,2,1,1,5,2222,1251,971,294,607,1615,6.58085164716471,6.99459099120703,6.0478053861998,6.04642857142857,6.55652388797364,6.58999526934985,213
"219",2020,12,7.125,4,7.125,NA,NA,NA,7.125,4,0,0,0,4,2226,1255,971,294,607,1619,6.58182945193171,6.9950066374502,6.0478053861998,6.04642857142857,6.55652388797364,6.59131708462014,214
"220",2021,1,6.33333333333333,6,6.4,6,NA,5.5,6.75,5,1,0,2,4,2232,1260,972,294,609,1623,6.5811614516129,6.9926455,6.0477562037037,6.04642857142857,6.55305418719212,6.59170817005545,215
"221",2021,2,6.28952428571429,7,6.6316675,5.83333333333333,5.25,5.83333333333333,6.6316675,4,3,2,3,4,2239,1264,975,296,612,1627,6.58024967842787,6.99150316455696,6.04709644102564,6.0410472972973,6.54952614379085,6.5918064105716,216
"222",2021,3,6.20083333333333,6,6.33333333333333,6.06833333333333,5.1025,5.735,6.66666666666667,3,3,2,3,3,2245,1267,978,298,615,1630,6.5792356481069,6.98994475138121,6.04716158486708,6.03474832214765,6.54555284552846,6.59194419018405,217
"223",2021,4,6.935185,6,7.4027775,6,6,NA,6.935185,4,2,1,0,6,2251,1271,980,299,615,1636,6.58018442470013,6.99124398898505,6.0470653367347,6.03463210702341,6.54555284552846,6.5932030195599,218
"224",2021,5,5.95,6,6.74,2,2,NA,5.95,5,1,1,0,6,2257,1276,981,300,615,1642,6.57850914488259,6.99025949059561,6.04293988786952,6.02118333333333,6.54555284552846,6.59085270401949,219
"225",2021,6,6.81666666666667,6,7.18,5,NA,7.95,6.25,5,1,0,2,4,2263,1281,982,300,617,1646,6.57914058329651,6.99100008587041,6.04187783095723,6.02118333333333,6.55010534846029,6.59002438639125,220
"226",2021,7,6.33333333333333,3,7,5,NA,NA,6.33333333333333,2,1,0,0,3,2266,1283,983,300,617,1649,6.57881515445719,6.99101411535464,6.04081793489318,6.02118333333333,6.55010534846029,6.58955739235901,221
"227",2021,8,6.2,4,7,5.93333333333333,5.4,NA,6.2,1,3,2,0,4,2270,1284,986,302,617,1653,6.57814763876652,6.99102111370716,6.04049090263692,6.01706953642384,6.55010534846029,6.58861472474289,222
"228",2021,9,6.21111111111111,9,6.13333333333333,6.25,6,5.25,6.48571428571429,3,6,1,2,7,2279,1287,992,303,619,1660,6.576698174638,6.98902184149184,6.04175809475807,6.01701320132013,6.54590468497577,6.58818080722892,223
"229",2021,10,6.33333333333333,3,6,6.5,6,NA,6.33333333333333,1,2,1,0,3,2282,1288,994,304,619,1663,6.57637823838738,6.9882539673913,6.04268011066399,6.0169572368421,6.54590468497577,6.58772107035478,224
"230",2021,11,5.8433325,4,6.45777666666667,4,4,8,5.12444333333333,3,1,1,1,3,2286,1291,995,305,620,1666,6.57509556867891,6.98702125484121,6.04062716582915,6.01034426229508,6.54825,6.58508611644658,225
"231",2021,12,5.40166666666667,6,5.1275,5.95,5,NA,5.40166666666667,4,2,1,0,6,2292,1295,997,306,620,1672,6.5720237652705,6.98127755984556,6.0404453660983,6.00704248366013,6.54825,6.58083939593301,226
"232",2022,1,6.83333333333333,9,6.78571428571429,7,NA,NA,6.83333333333333,7,2,0,0,9,2301,1302,999,306,620,1681,6.57304583659278,6.98022614439324,6.0423663963964,6.00704248366013,6.54825,6.58219123735871,227
"233",2022,2,7.075,4,7.33333333333333,6.3,6.3,6.3,7.33333333333333,3,1,1,1,3,2305,1305,1000,307,621,1684,6.57391690672451,6.98103788505747,6.04262403,6.00799674267101,6.54785024154589,6.58352937648456,228
"234",2022,3,6.25,6,6.66666666666667,5.83333333333333,NA,7,6.1,3,3,0,1,5,2311,1308,1003,307,622,1689,6.57307592816962,6.9803168501529,6.04199803589232,6.00799674267101,6.54857717041801,6.58209796921255,229
"235",2022,4,6,1,NA,6,NA,NA,6,0,1,0,0,1,2312,1308,1004,307,622,1690,6.57282805795847,6.9803168501529,6.04195620517928,6.00799674267101,6.54857717041801,6.58175353254438,230
"236",2022,5,6.5,10,6.71428571428571,6,6,6,6.71428571428571,7,3,3,3,7,2322,1315,1007,310,625,1697,6.57251441429802,6.9789007148289,6.04183121151936,6.00791935483871,6.545944,6.58230021803182,231
"237",2022,6,7.7,4,8.65,6.75,6,8.3,7.5,2,2,1,1,3,2326,1317,1009,311,626,1700,6.57445334049871,6.98143845102506,6.04323491575818,6.00789389067524,6.54874600638978,6.58391968823529,232
"238",2022,7,6.5,1,6.5,NA,NA,NA,6.5,1,0,0,0,1,2327,1318,1009,311,626,1701,6.5744213450795,6.98107317147193,6.04323491575818,6.00789389067524,6.54874600638978,6.58387035273369,233
"239",2022,8,6.41,10,6.5,6.35,6,NA,6.41,4,6,2,0,10,2337,1322,1015,313,626,1711,6.57371778776209,6.97961757942511,6.04504830541872,6.00784345047923,6.54874600638978,6.58285416130918,234
