"","year","month","avg_rating","no_ratings","avg_rating_owned","avg_rating_not_owned","avg_rating_prev_owned","avg_rating_comment","avg_rating_no_comment","no_ratings_owned","no_ratings_not_owned","no_ratings_prev_owned","no_ratings_comment","no_ratings_no_comment","cum_no_ratings","cum_no_ratings_owned","cum_no_ratings_not_owned","cum_no_ratings_prev_owned","cum_no_ratings_comment","cum_no_ratings_no_comment","cum_avg_rating","cum_avg_rating_owned","cum_avg_rating_not_owned","cum_avg_rating_prev_owned","cum_avg_rating_comment","cum_avg_rating_no_comment","month_after_release"
"1",2001,8,7.66666666666667,3,7.5,8,NA,NA,7.66666666666667,2,1,0,0,3,3,2,1,0,0,3,7.66666666666667,7.5,8,NA,NA,7.66666666666667,0
"2",2001,9,6,1,NA,6,NA,6,NA,0,1,0,1,0,4,2,2,0,1,3,7.25,7.5,7,NA,6,7.66666666666667,1
"3",2001,11,7.5,4,7.5,7.5,NA,9,7,2,2,0,1,3,8,4,4,0,2,6,7.375,7.5,7.25,NA,7.5,7.33333333333333,3
"4",2001,12,5,2,5,NA,NA,3,7,2,0,0,1,1,10,6,4,0,3,7,6.9,6.66666666666667,7.25,NA,6,7.28571428571429,4
"5",2002,1,9,1,9,NA,NA,NA,9,1,0,0,0,1,11,7,4,0,3,8,7.09090909090909,7,7.25,NA,6,7.5,5
"6",2002,2,9,2,9,NA,NA,10,8,2,0,0,1,1,13,9,4,0,4,9,7.38461538461539,7.44444444444444,7.25,NA,7,7.55555555555556,6
"7",2002,3,8,1,8,NA,NA,NA,8,1,0,0,0,1,14,10,4,0,4,10,7.42857142857143,7.5,7.25,NA,7,7.6,7
"8",2002,5,8,2,8,NA,NA,6,10,2,0,0,1,1,16,12,4,0,5,11,7.5,7.58333333333333,7.25,NA,6.8,7.81818181818182,9
"9",2002,6,7,5,8.25,2,NA,2,8.25,4,1,0,1,4,21,16,5,0,6,15,7.38095238095238,7.75,6.2,NA,6,7.93333333333333,10
"10",2002,7,8.66666666666667,3,9,8,NA,8,9,2,1,0,1,2,24,18,6,0,7,17,7.54166666666667,7.88888888888889,6.5,NA,6.28571428571429,8.05882352941176,11
"11",2002,8,8,1,NA,8,NA,8,NA,0,1,0,1,0,25,18,7,0,8,17,7.56,7.88888888888889,6.71428571428571,NA,6.5,8.05882352941176,12
"12",2002,9,7.5,2,7.5,NA,NA,8,7,2,0,0,1,1,27,20,7,0,9,18,7.55555555555556,7.85,6.71428571428571,NA,6.66666666666667,8,13
"13",2002,10,6.5,2,9,4,NA,NA,6.5,1,1,0,0,2,29,21,8,0,9,20,7.48275862068965,7.90476190476191,6.375,NA,6.66666666666667,7.85,14
"14",2002,11,8.125,4,8,8.5,NA,8.16666666666667,8,3,1,0,3,1,33,24,9,0,12,21,7.56060606060606,7.91666666666667,6.61111111111111,NA,7.04166666666667,7.85714285714286,15
"15",2002,12,9,2,9,NA,NA,NA,9,2,0,0,0,2,35,26,9,0,12,23,7.64285714285714,8,6.61111111111111,NA,7.04166666666667,7.95652173913043,16
"16",2003,1,6.75,4,7.33333333333333,5,NA,7.5,6,3,1,0,2,2,39,29,10,0,14,25,7.55128205128205,7.93103448275862,6.45,NA,7.10714285714286,7.8,17
"17",2003,2,9,2,9,NA,NA,NA,9,2,0,0,0,2,41,31,10,0,14,27,7.6219512195122,8,6.45,NA,7.10714285714286,7.88888888888889,18
"18",2003,3,7,3,6.5,8,NA,8,6.5,2,1,0,1,2,44,33,11,0,15,29,7.57954545454545,7.90909090909091,6.59090909090909,NA,7.16666666666667,7.79310344827586,19
"19",2003,4,7.66666666666667,3,7.66666666666667,NA,NA,8,7.5,3,0,0,1,2,47,36,11,0,16,31,7.58510638297872,7.88888888888889,6.59090909090909,NA,7.21875,7.7741935483871,20
"20",2003,5,8.33333333333333,6,8.25,8.5,9,8.2,9,4,2,1,5,1,53,40,13,1,21,32,7.66981132075472,7.925,6.88461538461539,9,7.45238095238095,7.8125,21
"21",2003,6,7.57142857142857,7,7.5,8,NA,8,7,6,1,0,4,3,60,46,14,1,25,35,7.65833333333333,7.8695652173913,6.96428571428571,9,7.54,7.74285714285714,22
"22",2003,7,7.09285714285714,35,7.48684210526316,6.625,5.5,7.28571428571429,7.04464285714286,19,16,2,7,28,95,65,30,3,32,63,7.45,7.75769230769231,6.78333333333333,6.66666666666667,7.484375,7.43253968253968,23
"23",2003,8,7.76923076923077,13,8.1,6.66666666666667,NA,8.16666666666667,7.65,10,3,0,3,10,108,75,33,3,35,73,7.48842592592593,7.80333333333333,6.77272727272727,6.66666666666667,7.54285714285714,7.46232876712329,24
"24",2003,9,7.35714285714286,14,7.45454545454545,7,NA,7.66666666666667,7.27272727272727,11,3,0,3,11,122,86,36,3,38,84,7.4733606557377,7.75872093023256,6.79166666666667,6.66666666666667,7.55263157894737,7.4375,25
"25",2003,10,8,4,7.66666666666667,9,NA,NA,8,3,1,0,0,4,126,89,37,3,38,88,7.49007936507936,7.75561797752809,6.85135135135135,6.66666666666667,7.55263157894737,7.46306818181818,26
"26",2003,11,7.78571428571429,7,7.78571428571429,NA,NA,8,7.625,7,0,0,3,4,133,96,37,3,41,92,7.50563909774436,7.7578125,6.85135135135135,6.66666666666667,7.58536585365854,7.47010869565217,27
"27",2003,12,6.84615384615385,13,7.875,5.2,NA,5.66666666666667,7.2,8,5,0,3,10,146,104,42,3,44,102,7.44691780821918,7.76682692307692,6.65476190476191,6.66666666666667,7.45454545454545,7.44362745098039,28
"28",2004,1,7.21428571428571,14,7.5,6.5,NA,8.5,7,10,4,0,2,12,160,114,46,3,46,114,7.4265625,7.74342105263158,6.64130434782609,6.66666666666667,7.5,7.3969298245614,29
"29",2004,2,7.18181818181818,11,7.375,6.66666666666667,NA,7.5,7.11111111111111,8,3,0,2,9,171,122,49,3,48,123,7.41081871345029,7.71926229508197,6.64285714285714,6.66666666666667,7.5,7.3760162601626,30
"30",2004,3,7.30769230769231,13,7.3,7.33333333333333,NA,8.25,6.88888888888889,10,3,0,4,9,184,132,52,3,52,132,7.40353260869565,7.6875,6.68269230769231,6.66666666666667,7.55769230769231,7.34280303030303,31
"31",2004,4,6.80769230769231,13,6.77272727272727,7,6,7.33333333333333,6.65,11,2,1,3,10,197,143,54,4,55,142,7.36421319796954,7.61713286713287,6.69444444444444,6.5,7.54545454545455,7.29401408450704,32
"32",2004,5,6.5,6,7.33333333333333,5.66666666666667,NA,6.33333333333333,6.66666666666667,3,3,0,3,3,203,146,57,4,58,145,7.33866995073892,7.61130136986301,6.64035087719298,6.5,7.48275862068965,7.28103448275862,33
"33",2004,6,6.91666666666667,12,7.44444444444444,5.33333333333333,NA,9,6.5,9,3,0,2,10,215,155,60,4,60,155,7.31511627906977,7.60161290322581,6.575,6.5,7.53333333333333,7.23064516129032,34
"34",2004,7,7.5,8,7.66666666666667,7,7,7.75,7.25,6,2,1,4,4,223,161,62,5,64,159,7.32174887892377,7.60403726708075,6.58870967741935,6.6,7.546875,7.2311320754717,35
"35",2004,8,6.73076923076923,13,7.35,4.66666666666667,NA,5.375,7.33333333333333,10,3,0,4,9,236,171,65,5,68,168,7.28919491525424,7.58918128654971,6.5,6.6,7.41911764705882,7.23660714285714,36
"36",2004,9,7.36111111111111,9,7.53125,6,NA,7.04166666666667,8,8,1,0,6,3,245,179,66,5,74,171,7.29183673469388,7.58659217877095,6.49242424242424,6.6,7.38851351351351,7.25,37
"37",2004,10,7.03333333333333,15,7.5,6.5,8,6.78571428571429,7.25,8,7,1,7,8,260,187,73,6,81,179,7.27692307692308,7.58288770053476,6.49315068493151,6.83333333333333,7.33641975308642,7.25,38
"38",2004,11,7.125,16,7.29166666666667,6.625,7.75,7.5,6.75,12,4,2,8,8,276,199,77,8,89,187,7.26811594202899,7.56532663316583,6.5,7.0625,7.35112359550562,7.22860962566845,39
"39",2004,12,7.07692307692308,13,7.2,6.66666666666667,7,7.42857142857143,6.66666666666667,10,3,1,7,6,289,209,80,9,96,193,7.25951557093426,7.54784688995215,6.50625,7.05555555555556,7.35677083333333,7.21113989637306,40
"40",2005,1,7,19,7.3,5.875,NA,6.58333333333333,7.19230769230769,15,4,0,6,13,308,224,84,9,102,206,7.24350649350649,7.53125,6.47619047619048,7.05555555555556,7.31127450980392,7.20995145631068,41
"41",2005,2,6.92631578947368,19,7.3,6.28571428571429,NA,7.2,6.72727272727273,12,7,0,8,11,327,236,91,9,110,217,7.22507645259939,7.51949152542373,6.46153846153846,7.05555555555556,7.30318181818182,7.18548387096774,42
"42",2005,3,7.44695454545455,22,7.83330769230769,6.88888888888889,NA,7.02775,7.95,13,9,0,12,10,349,249,100,9,122,227,7.23906303724928,7.53587550200803,6.5,7.05555555555556,7.27609016393443,7.21916299559471,43
"43",2005,4,7.075,20,7.10714285714286,7,3,7.28571428571429,6.96153846153846,14,6,1,7,13,369,263,106,10,129,240,7.23017073170732,7.51305323193916,6.52830188679245,6.65,7.27661240310078,7.20520833333333,44
"44",2005,5,7.36470588235294,17,7.65714285714286,6,NA,7.525,7.22222222222222,14,3,0,8,9,386,277,109,10,137,249,7.23609585492228,7.5203357400722,6.51376146788991,6.65,7.29111678832117,7.20582329317269,45
"45",2005,6,7.14777777777778,18,7.17733333333333,7,8,7.266,7,15,3,1,10,8,404,292,112,11,147,257,7.23216089108911,7.50271575342466,6.52678571428571,6.77272727272727,7.28940816326531,7.19941634241245,46
"46",2005,7,7.62941176470588,17,7.69285714285714,7.33333333333333,NA,8.18888888888889,7,14,3,0,9,8,421,306,115,11,156,265,7.24820190023753,7.51141503267974,6.54782608695652,6.77272727272727,7.34130128205128,7.19339622641509,47
"47",2005,8,7.6,20,7.93333333333333,6.6,NA,7.57142857142857,7.66666666666667,15,5,0,14,6,441,321,120,11,170,271,7.26415646258503,7.53113084112149,6.55,6.77272727272727,7.36025294117647,7.20387453874539,48
"48",2005,9,7.52840909090909,22,7.61184210526316,7,NA,7.27272727272727,7.78409090909091,19,3,0,11,11,463,340,123,11,181,282,7.27671274298056,7.53564117647059,6.5609756097561,6.77272727272727,7.35493370165746,7.22650709219858,49
"49",2005,10,7.44047619047619,21,7.640625,6.8,NA,7.75,7.28571428571429,16,5,0,7,14,484,356,128,11,188,296,7.28381818181818,7.5403595505618,6.5703125,6.77272727272727,7.36964361702128,7.22930743243243,50
"50",2005,11,7.40909090909091,22,8,6.14285714285714,NA,7.30769230769231,7.55555555555556,15,7,0,13,9,506,371,135,11,201,305,7.28926482213439,7.55894339622641,6.54814814814815,6.77272727272727,7.3656368159204,7.23893442622951,51
"51",2005,12,7.24090909090909,22,7.45625,6.66666666666667,6,7.125,7.30714285714286,16,6,2,8,14,528,387,141,13,209,319,7.28725,7.5546976744186,6.5531914893617,6.65384615384615,7.35642583732058,7.24192789968652,52
"52",2006,1,7.3962962962963,27,7.84285714285714,5.83333333333333,NA,7.51111111111111,7.16666666666667,21,6,0,18,9,555,408,147,13,227,328,7.29255495495495,7.5695294117647,6.52380952380952,6.65384615384615,7.36869162995595,7.23986280487805,53
"53",2006,2,7.21666666666667,30,7.55263157894737,6.63636363636364,6,7.19444444444444,7.25,19,11,1,18,12,585,427,158,14,245,340,7.28866324786325,7.5687775175644,6.53164556962025,6.60714285714286,7.35588979591837,7.2402205882353,54
"54",2006,3,6.87058823529412,17,7.06666666666667,6.4,6,6.725,7,12,5,1,8,9,602,439,163,15,253,349,7.27685714285714,7.55505239179954,6.52760736196319,6.56666666666667,7.33594071146245,7.23402578796562,55
"55",2006,4,7.16818181818182,11,7.42777777777778,6,NA,7.15,7.18333333333333,9,2,0,5,6,613,448,165,15,258,355,7.27490701468189,7.55249553571428,6.52121212121212,6.56666666666667,7.33233720930233,7.23316901408451,56
"56",2006,5,7.06818181818182,22,7.65384615384615,6.22222222222222,6,6.45,7.58333333333333,13,9,1,10,12,635,461,174,16,268,367,7.26774488188976,7.5553535791757,6.50574712643678,6.53125,7.29941417910448,7.24461852861035,57
"57",2006,6,7.57692307692308,13,7.8,6.83333333333333,6,7.78571428571429,7.33333333333333,10,3,1,7,6,648,471,177,17,275,373,7.2739475308642,7.56054777070064,6.51129943502825,6.5,7.31179272727273,7.24604557640751,58
"58",2006,7,6.7,40,7.21739130434783,6,6.16666666666667,7.11764705882353,6.39130434782609,23,17,3,17,23,688,494,194,20,292,396,7.24057848837209,7.54457085020243,6.46649484536082,6.45,7.3004897260274,7.19640151515152,59
"59",2006,8,7.09090909090909,22,7.60714285714286,6.1875,8,6.81818181818182,7.36363636363636,14,8,1,11,11,710,508,202,21,303,407,7.23594084507042,7.54629527559055,6.45544554455446,6.52380952380952,7.2829801980198,7.20092137592138,60
"60",2006,9,7.22222222222222,27,7.70588235294118,6.4,NA,7.375,7.1,17,10,0,12,15,737,525,212,21,315,422,7.23543826322931,7.55146285714286,6.45283018867925,6.52380952380952,7.28648571428572,7.19733412322275,61
"61",2006,10,7.15333333333333,30,7.13478260869565,7.21428571428571,NA,7.1875,7.11428571428571,23,7,0,16,14,767,548,219,21,331,436,7.23222685788788,7.53397445255474,6.47716894977169,6.52380952380952,7.28170090634441,7.19466743119266,62
"62",2006,11,6.82608695652174,23,6.66666666666667,7.4,NA,6.75,6.88461538461539,18,5,0,10,13,790,566,224,21,341,449,7.22040253164557,7.50639222614841,6.49776785714286,6.52380952380952,7.26610850439883,7.18569042316258,63
"63",2006,12,7.35526315789474,38,7.41666666666667,7.125,NA,7.45833333333333,7.30769230769231,30,8,0,12,26,828,596,232,21,353,475,7.22659178743961,7.50187583892617,6.51939655172414,6.52380952380952,7.27264305949009,7.19236842105263,64
"64",2007,1,7.22132352941177,68,7.38877551020408,6.78947368421053,5.5,7.5,7.07888888888889,49,19,2,23,45,896,645,251,23,376,520,7.22619196428572,7.49328372093023,6.5398406374502,6.43478260869565,7.28655053191489,7.18254807692308,65
"65",2007,2,7.06206581395349,43,7.42592592592593,6.448051875,NA,7.82142857142857,6.69547689655172,27,16,0,14,29,939,672,267,23,390,549,7.21867607028754,7.49057738095238,6.53434018726592,6.43478260869565,7.30575128205128,7.15681936247723,66
"66",2007,3,7.125,28,7.55882352941176,6.45454545454545,NA,6.6875,7.3,17,11,0,8,20,967,689,278,23,398,569,7.21596362978283,7.49226124818578,6.53118284172662,6.43478260869565,7.29332412060302,7.16185207381371,67
"67",2007,4,7.2530612244898,49,7.621875,6.55882352941176,7,7.495,7.08620689655172,32,17,2,20,29,1016,721,295,25,418,598,7.21775278543307,7.49801386962552,6.53277569491525,6.48,7.30297368421053,7.15818366220736,68
"68",2007,5,6.91333333333333,45,7.11481481481481,6.61111111111111,8,7.13,6.74,27,18,1,20,25,1061,748,313,26,438,623,7.20484149858624,7.48418181818182,6.53728060702875,6.53846153846154,7.29507534246575,7.14140261637239,69
"69",2007,6,7.36136363636364,44,7.60416666666667,7.07,7,6.75,7.64666666666667,24,20,3,14,30,1105,772,333,29,452,653,7.21107405429864,7.48791191709844,6.56927576576577,6.58620689655172,7.27819247787611,7.16461535987749,70
"70",2007,7,7.11111111111111,36,7.60416666666667,6.125,6,7.32142857142857,6.97727272727273,24,12,1,14,22,1141,796,345,30,466,675,7.20792009640666,7.49141708542713,6.55382269565217,6.56666666666667,7.27949141630901,7.15850937777778,71
"71",2007,8,7.08108108108108,37,7.34615384615385,6.45454545454545,7.5,6.67857142857143,7.32608695652174,26,11,1,14,23,1178,822,356,31,480,698,7.20393618845501,7.48682238442822,6.55075514044944,6.59677419354839,7.26196458333333,7.16403127507163,72
"72",2007,9,6.9375,40,7.04347826086957,6.79411764705882,5.75,6.71428571428571,7.05769230769231,23,17,4,14,26,1218,845,373,35,494,724,7.19518623152709,7.4747550295858,6.56184672922252,6.5,7.24644331983806,7.16021247237569,73
"73",2007,10,6.69488888888889,45,6.70607142857143,6.67647058823529,7,6.74857142857143,6.67064516129032,28,17,2,14,31,1263,873,390,37,508,755,7.17736091053048,7.45010080183276,6.56684315384615,6.52702702702703,7.23272244094488,7.14011103311258,74
"74",2007,11,6.8359375,64,7.19444444444444,6.375,7.375,6.80769230769231,6.85526315789474,36,28,2,26,38,1327,909,418,39,534,793,7.16089437076112,7.43997579757976,6.55399241626794,6.57051282051282,7.21202808988764,7.12646132408575,75
"75",2007,12,7.19493670886076,79,7.5188679245283,6.53461538461538,6.5,7.2,7.19047619047619,53,26,2,37,42,1406,962,444,41,571,835,7.16280713371266,7.44432224532225,6.55285772522523,6.56707317073171,7.21124868651489,7.12968123353293,76
"76",2008,1,7.18719512195122,82,7.49454545454545,6.56111111111111,5.83333333333333,7.35882352941176,7.065625,55,27,3,34,48,1488,1017,471,44,605,883,7.16415109543011,7.4470383480826,6.5533308492569,6.51704545454545,7.21954214876033,7.12619912797282,77
"77",2008,2,6.69305555555556,72,7.24736842105263,6.07352941176471,6.16666666666667,6.98181818181818,6.44871794871795,38,34,3,33,39,1560,1055,505,47,638,922,7.14240822435897,7.43984644549763,6.52102738613861,6.49468085106383,7.2072460815047,7.09754211496746,78
"78",2008,3,7.1125,56,7.46764705882353,6.56363636363636,6.5,7.37096774193548,6.792,34,22,2,31,25,1616,1089,527,49,669,947,7.14137180074257,7.44071441689623,6.52280612903226,6.49489795918367,7.21483258594918,7.08947606124604,79
"79",2008,4,7.08220338983051,59,7.32948717948718,6.6,7,7.104,7.06617647058824,39,20,1,25,34,1675,1128,547,50,694,981,7.13928765970149,7.43686879432624,6.52562857404022,6.505,7.21084005763689,7.08866853211009,80
"80",2008,5,7.01,47,7.35185185185185,6.5485,6,6.98037037037037,7.05,27,20,2,27,20,1722,1155,567,52,721,1001,7.13575890243902,7.43488138528138,6.52643532627866,6.48557692307692,7.20220943134535,7.08789593406593,81
"81",2008,6,7.29761904761905,42,7.36458333333333,7.20833333333333,6.66666666666667,7.45833333333333,7.17708333333333,24,18,3,18,24,1764,1179,585,55,739,1025,7.1396127154195,7.43345038167939,6.5474168034188,6.49545454545455,7.20844790257104,7.08998422439024,82
"82",2008,7,6.97916666666667,48,7.56666666666667,6,6,7.14583333333333,6.8125,30,18,5,24,24,1812,1209,603,60,763,1049,7.13536248896247,7.43675599669148,6.53107600331675,6.45416666666667,7.20647837483617,7.08363568160152,83
"83",2008,8,6.975,40,7.43478260869565,6.35294117647059,8,8.1875,6.671875,23,17,1,8,32,1852,1232,620,61,771,1081,7.1318989362851,7.43671915584415,6.52619166129032,6.47950819672131,7.21665758754864,7.07144665124884,84
"84",2008,9,7.06829268292683,41,7.33913043478261,6.72222222222222,8,7.16842105263158,6.98181818181818,23,18,2,19,22,1893,1255,638,63,790,1103,7.13052130480718,7.43493067729083,6.53172230407524,6.52777777777778,7.21549746835443,7.06965895738894,85
"85",2008,10,7.33152173913043,46,7.4296875,7.10714285714286,6.625,7.625,7.175,32,14,4,16,30,1939,1287,652,67,806,1133,7.13528975244972,7.43480031080031,6.5440779601227,6.53358208955224,7.22362655086849,7.07244821712268,86
"86",2008,11,7.05,48,7.41785714285714,6.535,6.125,6.88,7.12727272727273,28,20,4,15,33,1987,1315,672,71,821,1166,7.13322940613991,7.43443954372623,6.54380778273809,6.51056338028169,7.21734835566382,7.0739998542024,87
"87",2008,12,7.05531914893617,47,7.446875,6.22,6.5,7.1625,6.94347826086956,32,15,2,24,23,2034,1347,687,73,845,1189,7.13142911996067,7.43473496659243,6.53673774381368,6.51027397260274,7.21579053254438,7.07147504625736,88
"88",2009,1,6.85456790123457,81,7.02115384615385,6.55586206896552,5.83333333333333,6.86060606060606,6.85041666666667,52,29,6,33,48,2115,1399,716,79,878,1237,7.12082592434988,7.41936240171551,6.53751233240224,6.45886075949367,7.20244077448747,7.06289719482619,89
"89",2009,2,6.84247311827957,93,7.22021276595745,6.45652173913043,6.5,6.80555555555556,6.85133333333333,47,46,2,18,75,2208,1446,762,81,896,1312,7.10910182518116,7.41288934993084,6.53262313648294,6.45987654320988,7.19446763392857,7.05080322408537,90
"90",2009,3,6.7883908045977,87,7.30227272727273,6.26255813953488,5.5,6.94545454545455,6.73523076923077,44,43,6,22,65,2295,1490,805,87,918,1377,7.09694415250545,7.40962281879195,6.51819730434783,6.39367816091954,7.1885,7.03590692084241,91
"91",2009,4,6.7961038961039,77,7.18604651162791,6.30294117647059,6.5,6.75333333333333,6.80645161290323,43,34,2,15,62,2372,1533,839,89,933,1439,7.08717825885329,7.40335159817351,6.5094741716329,6.39606741573034,7.18150375133976,7.02602072967339,92
"92",2009,5,6.53671875,64,6.93103448275862,6.21,6.875,7.23,6.22159090909091,29,35,4,20,44,2436,1562,874,93,953,1483,7.07271626847291,7.39458258642766,6.49748149885584,6.41666666666667,7.18252151101784,7.00215362778153,93
"93",2009,6,6.78358208955224,67,7.09090909090909,6.19565217391304,NA,6.76315789473684,6.79166666666667,44,23,0,19,48,2503,1606,897,93,972,1531,7.06497675988813,7.38626276463263,6.48974228539576,6.41666666666667,7.17432407407407,6.99555442847812,94
"94",2009,7,6.66875,48,6.97708333333333,6.36041666666667,6,6.43571428571429,6.76470588235294,24,24,2,14,34,2551,1630,921,95,986,1565,7.05752129753038,7.38023803680982,6.48637223669924,6.40789473684211,7.16383671399594,6.9905391884984,95
"95",2009,8,6.60192307692308,52,6.90322580645161,6.15714285714286,6.3,6.6875,6.56388888888889,31,21,5,16,36,2603,1661,942,100,1002,1601,7.04841983480599,7.37133534015653,6.47903272823779,6.4025,7.15623053892216,6.98094555277951,96
"96",2009,9,6.75078125,64,7.46470588235294,5.94166666666667,6.33333333333333,6.47368421052632,6.86777777777778,34,30,3,19,45,2667,1695,972,103,1021,1646,7.0412774015748,7.37320825958702,6.46244735596708,6.4004854368932,7.14352889324192,6.97785165856622,97
"97",2009,10,7.025,74,7.44625,6.52941176470588,6.38888888888889,6.91,7.08367346938776,40,34,9,25,49,2741,1735,1006,112,1046,1695,7.04083795330171,7.37489221902017,6.4647105666004,6.39955357142857,7.13794741873805,6.98091081415929,98
"98",2009,11,6.91666666666667,66,7.36842105263158,6.30357142857143,6,6.53947368421053,7.06914893617021,38,28,4,19,47,2807,1773,1034,116,1065,1742,7.03791835767723,7.3747535250987,6.46034703094778,6.38577586206897,7.12727042253521,6.98329152123995,99
"99",2009,12,6.92569444444444,72,7.5,6.07413793103448,6.5,7.26785714285714,6.70795454545455,43,29,8,28,44,2879,1816,1063,124,1093,1786,7.03511178534213,7.37771916299559,6.44981075258702,6.39314516129032,7.13087191216834,6.97650830347145,100
"100",2010,1,6.76959459459459,74,7.11219512195122,6.34393939393939,6.64285714285714,6.74411764705882,6.77719298245614,41,33,7,17,57,2953,1857,1096,131,1110,1843,7.02845812055537,7.37185675821217,6.44662302007299,6.40648854961832,7.12494864864865,6.97034391209984,101
"101",2010,2,7.0609756097561,41,7.20454545454545,6.89473684210526,7.46,7.1,7.05151515151515,22,19,5,8,33,2994,1879,1115,136,1118,1876,7.02890341683367,7.36989781798829,6.45425904035875,6.44522058823529,7.12477012522361,6.97177176439232,102
"102",2010,3,7.09090909090909,44,7.50909090909091,6.67272727272727,5.75,7.07142857142857,7.09459459459459,22,22,4,7,37,3038,1901,1137,140,1125,1913,7.02980145819618,7.37150867964229,6.45848621811785,6.42535714285714,7.12443822222222,6.97414732357554,103
"103",2010,4,6.892,45,7.42333333333333,6.42708333333333,7.66666666666667,7.4,6.74685714285714,21,24,3,10,35,3083,1922,1161,143,1135,1948,7.02779008433344,7.37207492195629,6.45783706287683,6.4513986013986,7.12686607929515,6.97006356776181,104
"104",2010,5,6.81630434782609,46,7.23913043478261,6.39347826086957,6,6.78125,6.835,23,23,3,16,30,3129,1945,1184,146,1151,1978,7.02468099392777,7.3705028277635,6.45658684966216,6.44212328767123,7.12206168549088,6.96801508088979,105
"105",2010,6,6.86842105263158,38,6.96296296296296,6.63636363636364,5.5,6.9,6.85714285714286,27,11,2,10,28,3167,1972,1195,148,1161,2006,7.02280607199242,7.36492292089249,6.45824169874477,6.42939189189189,7.12014900947459,6.96646751246261,106
"106",2010,7,6.6725,40,7.34347826086957,5.76470588235294,5.4,7.17142857142857,6.40384615384615,23,17,5,14,26,3207,1995,1212,153,1175,2032,7.01843680386654,7.36467568922306,6.44851388613861,6.39575163398693,7.12076,6.95926861712598,107
"107",2010,8,7.02222222222222,54,7.38125,6.5,6,7.03888888888889,7.01388888888889,32,22,4,18,36,3261,2027,1234,157,1193,2068,7.01849948788715,7.36493734583128,6.44943179092382,6.38566878980892,7.11952472757754,6.96021945357834,108
"108",2010,9,6.74318181818182,44,6.91153846153846,6.5,5,6.5625,6.84642857142857,26,18,2,16,28,3305,2053,1252,159,1209,2096,7.01483413918306,7.35919532391622,6.45015880990415,6.36823899371069,7.11215301902399,6.95869934637405,109
"109",2010,10,6.82629032258065,62,7.03235294117647,6.57607142857143,5.8,6.43888888888889,6.98477272727273,34,28,5,18,44,3367,2087,1280,164,1227,2140,7.01136228987229,7.35387062769526,6.4529131484375,6.35091463414634,7.10227628361858,6.95923543457944,110
"110",2010,11,6.85696202531646,79,7.39411764705882,6.45111111111111,6.4375,7.18181818181818,6.73157894736842,34,45,8,22,57,3446,2121,1325,172,1249,2197,7.00782264364481,7.35451579443659,6.45285194716981,6.35494186046512,7.1036773418735,6.95332900773782,111
"111",2010,12,6.85070422535211,71,7.12692307692308,6.5140625,6.42857142857143,6.94117647058824,6.82222222222222,39,32,7,17,54,3517,2160,1357,179,1266,2251,7.0046507904464,7.35040648148148,6.45429537951363,6.35782122905028,7.10149526066351,6.95018384273656,112
"112",2011,1,6.84615384615385,78,7.12,6.55789473684211,6.3,6.59090909090909,6.88805970149254,40,38,5,11,67,3595,2200,1395,184,1277,2318,7.00121191376912,7.34621727272727,6.45711744086021,6.35625,7.09709710258418,6.94838819240725,113
"113",2011,2,6.84571428571429,70,7.18372093023256,6.30740740740741,6.625,7.06923076923077,6.71363636363636,43,27,4,26,44,3665,2243,1422,188,1303,2362,6.99824197271487,7.34310209540794,6.45427484528833,6.36196808510638,7.0965410590944,6.94401516934801,114
"114",2011,3,6.83460317460318,63,7.40486486486486,6.02307692307692,5.66666666666667,7.02142857142857,6.78122448979592,37,26,3,14,49,3728,2280,1448,191,1317,2411,6.99547661748927,7.34410438596491,6.44653234116022,6.35104712041885,7.09574259681093,6.94070669017005,115
"115",2011,4,6.86176470588235,34,7.51875,6.27777777777778,6.5,6.64,6.9,16,18,1,5,29,3762,2296,1466,192,1322,2440,6.99426816321106,7.34532142857143,6.44446032060027,6.35182291666667,7.0940189107413,6.94022288114754,116
"116",2011,5,6.91931818181818,44,7.10652173913043,6.71428571428571,5,7.09545454545455,6.86060606060606,23,21,1,11,33,3806,2319,1487,193,1333,2473,6.99340168943773,7.34295299698146,6.44827090114324,6.34481865284974,7.09403075768942,6.93916046502224,117
"117",2011,6,6.94125454545455,55,7.12936363636364,6.65909090909091,5.75,7.0846,6.8875,33,22,2,15,40,3861,2352,1509,195,1348,2513,6.99265885262885,7.33995620748299,6.45134448641484,6.33871794871795,7.09392581602374,6.93833817349781,118
"118",2011,7,7.08617021276596,47,7.295,6.71764705882353,6.33333333333333,7.22916666666667,7.03714285714286,30,17,3,12,35,3908,2382,1526,198,1360,2548,6.99378347748209,7.33939000839631,6.45431115989515,6.33863636363636,7.09511911764706,6.93969538069074,119
"119",2011,8,6.7089552238806,67,7.32142857142857,6.26923076923077,6.33333333333333,6.36666666666667,6.80769230769231,28,39,6,15,52,3975,2410,1565,204,1375,2600,6.98898259874214,7.33918132780083,6.44969893290735,6.33848039215686,7.08717236363636,6.93705531923077,120
"120",2011,9,6.85,48,7.49047619047619,6.35185185185185,6,6.66666666666667,6.91111111111111,21,27,6,12,36,4023,2431,1592,210,1387,2636,6.98732434253045,7.34048827642945,6.4480394660804,6.32880952380952,7.08353424657534,6.93670099772382,121
"121",2011,10,7.05169491525424,59,7.35441176470588,6.64,5,6.525,7.15918367346939,34,25,2,10,49,4082,2465,1617,212,1397,2685,6.98825473542381,7.34068032454361,6.45100731601732,6.31627358490566,7.07953614889048,6.94076120297951,122
"122",2011,11,6.77179487179487,78,7.33333333333333,6.21025641025641,5.5,6.9,6.74615384615385,39,39,5,13,65,4160,2504,1656,217,1410,2750,6.98419611298077,7.34056589456869,6.44533745772947,6.29746543778802,7.07788085106383,6.93616139272727,123
"123",2011,12,6.975,56,7.27073170731707,6.16666666666667,5,7,6.965,41,15,1,16,40,4216,2545,1671,218,1426,2790,6.98407396347249,7.33944086444008,6.44283592459605,6.29151376146789,7.07700701262272,6.93657484946236,124
"124",2012,1,6.89415584415584,77,7.35853658536585,6.36527777777778,6.71,6.93409090909091,6.87818181818182,41,36,5,22,55,4293,2586,1707,223,1448,2845,6.98246117633357,7.33974361948956,6.44120025190392,6.30089686098655,7.07483563535912,6.93544598594024,125
"125",2012,2,6.96666666666667,51,6.98275862068965,6.94545454545455,6,6.83333333333333,6.9952380952381,29,22,1,9,42,4344,2615,1729,224,1457,2887,6.98227574355433,7.33578470363289,6.44761644303065,6.29955357142857,7.07334385724091,6.93631583997229,126
"126",2012,3,6.67916666666667,48,6.87,6.36111111111111,7,6.46666666666667,6.75,30,18,1,12,36,4392,2645,1747,225,1469,2923,6.97896307604736,7.33050170132325,6.44672514596451,6.30266666666667,7.06838801906058,6.93402115292507,127
"127",2012,4,6.7047619047619,42,6.93809523809524,6.47142857142857,6.75,6.68888888888889,6.70909090909091,21,21,2,9,33,4434,2666,1768,227,1478,2956,6.97636577131258,7.32741072768192,6.44701856900452,6.30660792951542,7.06607713125846,6.93151009133965,128
"128",2012,5,6.64042553191489,47,6.89032258064516,6.15625,7,6.86363636363636,6.57222222222222,31,16,4,11,36,4481,2697,1784,231,1489,2992,6.97284218478018,7.32238672599184,6.44441077914798,6.31861471861472,7.06458159838818,6.92718710895722,129
"129",2012,6,7.16522727272727,44,7.28777777777778,6.97058823529412,NA,7.187,7.15882352941177,27,17,0,10,34,4525,2724,1801,231,1499,3026,6.97471289060773,7.32204368575624,6.44937747362576,6.31861471861472,7.06539826551034,6.92978976536682,130
"130",2012,7,6.8325,44,7.13035714285714,6.31125,6.66666666666667,6.7,6.90821428571429,28,16,3,16,28,4569,2752,1817,234,1515,3054,6.97334336397461,7.32009338662791,6.44816116125481,6.32307692307692,7.06153927392739,6.92959195481336,131
"131",2012,8,6.70566037735849,53,7.153125,6.02380952380952,4.66666666666667,6.60714285714286,6.74102564102564,32,21,3,14,39,4622,2784,1838,237,1529,3093,6.97027387061878,7.31817420977011,6.44331274755169,6.30210970464135,7.05737867887508,6.92721430003233,132
"132",2012,9,6.89736842105263,38,7.71578947368421,6.07894736842105,6.6,7.25384615384615,6.712,19,19,5,13,25,4660,2803,1857,242,1542,3118,6.96967936266094,7.32086942561541,6.43958472267097,6.30826446280992,7.05903501945525,6.92548872033355,133
"133",2012,10,6.894,50,7.28260869565217,6.56296296296296,6.75,7.02,6.8625,23,27,4,10,40,4710,2826,1884,246,1552,3158,6.96887597239915,7.32055803255485,6.4413528821656,6.31544715447154,7.05878350515464,6.92469088980367,134
"134",2012,11,6.95217391304348,46,7.19666666666667,6.49375,7,6.75,7.00833333333333,30,16,4,10,36,4756,2856,1900,250,1562,3194,6.96871443019344,7.31925665266106,6.44179412105263,6.3264,7.0568066581306,6.92563363494051,135
"135",2012,12,6.94423076923077,52,7.48787878787879,6,5,6.36363636363636,7.1,33,19,5,11,41,4808,2889,1919,255,1573,3235,6.96844963186356,7.32118276220145,6.43741992183429,6.30039215686274,7.05195931341386,6.92784353323029,136
"136",2013,1,6.92615384615385,65,7.3030303030303,6.5375,6.5,6.83333333333333,6.96170212765957,33,32,4,18,47,4873,2922,1951,259,1591,3282,6.96788545659758,7.32097775496235,6.43906141978473,6.3034749034749,7.04948585795097,6.92832840645947,137
"137",2013,2,6.89137931034483,58,7.08928571428571,6.70666666666667,6.5,6.41666666666667,6.94615384615385,28,30,4,6,52,4931,2950,1981,263,1597,3334,6.96698556682214,7.3187786440678,6.44311399798082,6.306463878327,7.04710832811522,6.92860642771446,138
"138",2013,3,6.644,50,7.06818181818182,6.31071428571429,5.33333333333333,6.3,6.79142857142857,22,28,3,15,35,4981,2972,2009,266,1612,3369,6.96374339088536,7.3169236204576,6.44126870582379,6.29548872180451,7.04015632754343,6.92718130899377,139
"139",2013,4,6.87635135135135,74,7.3125,6.46315789473684,7.5,6.89772727272727,6.86730769230769,36,38,2,22,52,5055,3008,2047,268,1634,3421,6.96246406132542,7.31687067819149,6.44167505129458,6.3044776119403,7.03823867809058,6.92627121601871,140
"140",2013,5,6.91,50,7.22647058823529,6.2375,4,6.82307692307692,6.94054054054054,34,16,1,13,37,5105,3042,2063,269,1647,3458,6.96195021155729,7.31586028928337,6.44009153174988,6.29591078066914,7.03654037644202,6.92642389531521,141
"141",2013,6,6.78404255319149,47,6.91851851851852,6.6025,6,6.22307692307692,6.99852941176471,27,20,2,13,34,5152,3069,2083,271,1660,3492,6.9603272185559,7.31236461388074,6.44165090254441,6.29372693726937,7.03016987951807,6.92712595360825,142
"142",2013,7,6.86936170212766,47,7.18903225806452,6.25,7.25,6.85111111111111,6.87368421052632,31,16,2,9,38,5199,3100,2099,273,1669,3530,6.95950487209078,7.31113129032258,6.44019000952835,6.3007326007326,7.02920431396046,6.92655066005666,143
"143",2013,8,6.7152380952381,63,7.01647058823529,6.36206896551724,7.125,7.84555555555556,6.52685185185185,34,29,6,9,54,5262,3134,2128,279,1678,3584,6.95658035537818,7.30793458838545,6.43912539003759,6.31845878136201,7.03358283671037,6.92052841238839,144
"144",2013,9,6.82127659574468,47,7.31538461538462,6.20952380952381,5.5,6.78571428571429,6.83636363636364,26,21,2,14,33,5309,3160,2149,281,1692,3617,6.95538252589941,7.30799588607595,6.43688172638436,6.31263345195729,7.03153191489362,6.91976052806193,145
"145",2013,10,7.00576923076923,52,7.3551724137931,6.56521739130435,5.5,6.90909090909091,7.03170731707317,29,23,4,11,41,5361,3189,2172,285,1703,3658,6.95587126095877,7.30842489808717,6.43824071362799,6.30122807017544,7.03074104521433,6.92101526243849,146
"146",2013,11,7.1135593220339,59,7.35675675675676,6.70454545454545,6,7.28333333333333,7.07021276595745,37,22,2,12,47,5420,3226,2194,287,1715,3705,6.95758779151291,7.30897923124613,6.4409110437557,6.29912891986063,7.0325084548105,6.92290791632928,147
"147",2013,12,6.8125,60,7.13709677419355,6.46551724137931,6.35714285714286,6.78571428571429,6.81603773584906,31,29,7,7,53,5480,3257,2223,294,1722,3758,6.95599923905109,7.30734326066933,6.4412320422852,6.30051020408163,7.03150522648084,6.92140069984034,148
"148",2014,1,7.19533333333333,75,7.63076923076923,6.21086956521739,6.5,7.57894736842105,7.06517857142857,52,23,2,19,56,5555,3309,2246,296,1741,3814,6.95923057245724,7.31242580840133,6.43887303205699,6.30185810810811,7.03747960941987,6.92351175406397,149
"149",2014,2,6.91363636363636,66,7.01842105263158,6.77142857142857,7.11111111111111,7.27777777777778,6.85614035087719,38,28,9,9,57,5621,3347,2274,305,1750,3871,6.95869521971179,7.30908783985659,6.442967823219,6.32573770491803,7.03871542857143,6.92251971841901,150
"150",2014,3,7.1,48,7.20322580645161,6.91176470588235,6.66666666666667,6.3125,7.2575,31,17,3,8,40,5669,3378,2291,308,1758,3911,6.95989166166872,7.3081163410302,6.4464464556962,6.32905844155844,7.03541069397042,6.92594575044745,151
"151",2014,4,6.65274576271186,59,7.03928571428571,6.30361290322581,5.825,6.83529411764706,6.57885714285714,28,31,4,17,42,5728,3406,2322,312,1775,3953,6.95672797311452,7.30590634174985,6.44453954780362,6.32259615384615,7.03349408450704,6.92225798886921,152
"152",2014,5,7.0805,60,7.29575,6.65,6.25,7.65384615384615,6.92191489361702,40,20,2,13,47,5788,3446,2342,314,1788,4000,6.95801102798894,7.30578845037725,6.44629412040991,6.32213375796178,7.03800447427293,6.9222539575,153
"153",2014,6,6.84222222222222,45,7.30322580645161,5.82142857142857,4,6.75714285714286,6.85789473684211,31,14,1,7,38,5833,3477,2356,315,1795,4038,6.95711774901423,7.30576560253092,6.44258099745331,6.3147619047619,7.03690919220056,6.9216482986627,154
"154",2014,7,7.01911764705882,68,7.35294117647059,6.68529411764706,7.07,6.57058823529412,7.16862745098039,34,34,10,17,51,5901,3511,2390,325,1812,4089,6.95783220301644,7.30622244374822,6.44603382008368,6.338,7.03253421633554,6.92472874296894,155
"155",2014,8,6.90013888888889,72,7.58809523809524,5.937,7,7.39333333333333,6.77035087719298,42,30,1,15,57,5973,3553,2420,326,1827,4146,6.9571367537251,7.30955446101886,6.43972348347107,6.34003067484662,7.03549644225506,6.92260632657983,156
"156",2014,9,6.45423728813559,59,6.94827586206897,5.97666666666667,7.075,6.20833333333333,6.51702127659574,29,30,4,12,47,6032,3582,2450,330,1839,4193,6.95221781001326,7.30662953657175,6.4340534,6.34893939393939,7.0300989668298,6.91806005962318,157
"157",2014,10,6.83536585365854,82,7.06153846153846,6.44333333333333,5.26666666666667,7.46666666666667,6.69402985074627,52,30,3,15,67,6114,3634,2480,333,1854,4260,6.95065061007524,7.30312245459549,6.43416565725806,6.33918918918919,7.03363106796117,6.9145365798122,158
"158",2014,11,6.71779411764706,68,6.86142857142857,6.56545454545455,7.36,7.41625,6.50288461538462,35,33,5,16,52,6182,3669,2513,338,1870,4312,6.94808926399223,7.29890896702099,6.43588970553124,6.3542899408284,7.03690481283423,6.90957231679035,159
"159",2014,12,7.02059701492537,67,7.32408163265306,6.19444444444444,5,6.86285714285714,7.0622641509434,49,18,5,14,53,6249,3718,2531,343,1884,4365,6.94886667146743,7.29924072081764,6.43417259186092,6.33454810495627,7.03561146496815,6.9114263069874,160
"160",2015,1,6.99890243902439,82,7.0482,6.921875,7.41666666666667,6.88888888888889,7.01246575342466,50,32,6,9,73,6331,3768,2563,349,1893,4438,6.94951474174696,7.29590950106157,6.44026173624659,6.35315186246418,7.03491389329107,6.91308828977017,161
"161",2015,2,6.81378378378378,74,7.40893617021277,5.77777777777778,6.27777777777778,7.54,6.58035714285714,47,27,9,18,56,6405,3815,2590,358,1911,4494,6.94794657767369,7.29730196592399,6.43335553281853,6.35125698324022,7.03967137624281,6.90894210725412,162
"162",2015,3,6.86935897435897,78,7.26666666666667,6.578,6.04166666666667,7.26818181818182,6.80388059701492,33,45,6,11,67,6483,3848,2635,364,1922,4561,6.9470010535246,7.29703924116424,6.43582574193548,6.34615384615385,7.04097918834547,6.90739877877658,163
"163",2015,4,6.80972222222222,72,7.37073170731707,6.06774193548387,5.8,6.82727272727273,6.80655737704918,41,31,5,11,61,6555,3889,2666,369,1933,4622,6.94549318535469,7.29781614811006,6.43154569767442,6.33875338753388,7.039763062597,6.90606789917784,164
"164",2015,5,6.565,60,7.215625,5.82142857142857,5.61666666666667,6.69166666666667,6.53333333333333,32,28,6,12,48,6615,3921,2694,375,1945,4670,6.942042,7.29714537107881,6.42520446547884,6.3272,7.03761542416453,6.90223679443255,165
"165",2015,6,6.87134328358209,67,7.05972222222222,6.65258064516129,6.99,6.70928571428571,6.91415094339623,36,31,7,14,53,6682,3957,2725,382,1959,4723,6.94133310835079,7.29498534243114,6.42779113027523,6.33934554973822,7.03526901480347,6.90237049121321,166
"166",2015,7,6.51052631578947,57,7.1375,6.05454545454545,6.14285714285714,6.88181818181818,6.42173913043478,24,33,7,11,46,6739,3981,2758,389,1970,4769,6.93768924617896,7.29403592062296,6.42332517403916,6.33580976863753,7.03441218274112,6.89773449989516,167
"167",2015,8,6.48253968253968,63,7.10689655172414,5.95,5.73333333333333,6.27272727272727,6.52692307692308,29,34,3,11,52,6802,4010,2792,392,1981,4821,6.93347365921788,7.2926825436409,6.41756118553008,6.33119897959184,7.03018273599193,6.89373487450736,168
"168",2015,9,6.6134328358209,67,6.875,6.30967741935484,5.375,6.16666666666667,6.68275862068965,36,31,4,9,58,6869,4046,2823,396,1990,4879,6.93035199155627,7.28896613939694,6.41637648955012,6.3215404040404,7.02627738693467,6.8912268559131,169
"169",2015,10,7.07903225806452,62,7.375,6.76333333333333,6,7.16666666666667,7.06964285714286,32,30,1,6,56,6931,4078,2853,397,1996,4935,6.93168198384072,7.28964124570868,6.42002482649842,6.32073047858942,7.0266993987976,6.89325143465046,170
"170",2015,11,7.02323943661972,71,7.45,6.53181818181818,7.1875,7.04705882352941,7.01574074074074,38,33,4,17,54,7002,4116,2886,401,2013,4989,6.93261037275064,7.29112172011662,6.42130312889813,6.32937655860349,7.02687133631396,6.89457723591902,171
"171",2015,12,6.94175824175824,91,7.30196078431373,6.4825,6,8.1,6.71315789473684,51,40,5,15,76,7093,4167,2926,406,2028,5065,6.93272773579585,7.29125437964963,6.42213972317156,6.32532019704433,7.03480867850099,6.89185505034551,172
"172",2016,1,6.96923076923077,91,7.32622950819672,6.24333333333333,6.5,6.60714285714286,7.03506493506494,61,30,3,14,77,7184,4228,2956,409,2042,5142,6.93319012110245,7.29175898770104,6.42032504397835,6.32660146699266,7.03187659157689,6.89399957798522,173
"173",2016,2,6.61615384615385,65,7.32142857142857,5.79333333333333,5.97777777777778,6.93333333333333,6.54433962264151,35,30,9,12,53,7249,4263,2986,418,2054,5195,6.9303473348048,7.29200258034248,6.41402573007367,6.31909090909091,7.03130087633885,6.89043230606352,174
"174",2016,3,6.86164383561644,73,7.14722222222222,6.58378378378378,7,7.66666666666667,6.7484375,36,37,4,9,64,7322,4299,3023,422,2063,5259,6.92966236410817,7.29079018376367,6.41610348329474,6.32554502369668,7.03407270964615,6.88870428408443,175
"175",2016,4,6.98594202898551,69,7.094375,6.73809523809524,7.33333333333333,7.20833333333333,6.93912280701754,48,21,3,12,57,7391,4347,3044,425,2075,5316,6.93018777296712,7.28862134805613,6.41832484559789,6.33265882352941,7.03508048192771,6.88924488901429,176
"176",2016,5,6.85483870967742,62,7.34146341463415,5.90476190476191,6.75,7.5,6.77272727272727,41,21,2,7,55,7453,4388,3065,427,2082,5371,6.92956095934523,7.28911508659982,6.41480614355628,6.33461358313817,7.03664361191163,6.88805172779743,177
"177",2016,6,6.95352112676056,71,7.3,6.53125,6.2,7.30833333333333,6.88135593220339,39,32,5,12,59,7524,4427,3097,432,2094,5430,6.92978705874535,7.289210978089,6.41600930900871,6.33305555555555,7.0382005730659,6.88797897421731,178
"178",2016,7,6.88114754098361,61,7.55434782608696,6.47368421052632,7,7.33333333333333,6.77040816326531,23,38,3,12,49,7585,4450,3135,435,2106,5479,6.9293958905735,7.29058134831461,6.41670839872408,6.33765517241379,7.03988224121558,6.88692751049461,179
"179",2016,8,6.78544303797468,79,7.08981481481482,6.128,2,6.76,6.79406779661017,54,25,1,20,59,7664,4504,3160,436,2126,5538,6.9279120341858,7.28817428952043,6.41442431329114,6.32770642201835,7.03724929444967,6.88593821415673,180
"180",2016,9,6.6672131147541,61,6.968,6.45833333333333,6.24,6.41666666666667,6.72857142857143,25,36,5,12,49,7725,4529,3196,441,2138,5587,6.9258534407767,7.28640693309782,6.41491890801001,6.32671201814059,7.03376613657624,6.88455805083229,181
"181",2016,10,6.73516483516484,91,7.05909090909091,6.24027777777778,6.64285714285714,6.21052631578947,6.87361111111111,55,36,7,19,72,7816,4584,3232,448,2157,5659,6.92363329452405,7.28367953752182,6.41297364789604,6.33165178571428,7.02651460361613,6.88441877186782,182
"182",2016,11,6.62679487179487,78,7.02127659574468,6.02870967741935,7,7.03571428571429,6.53734375,47,31,2,14,64,7894,4631,3263,450,2171,5723,6.92070025715733,7.2810164111423,6.40932296353049,6.33462222222222,7.02657392906495,6.88053745063777,183
"183",2016,12,6.87623456790123,81,7.15196078431373,6.4075,6.7,7.31923076923077,6.79154411764706,51,30,5,13,68,7975,4682,3293,455,2184,5791,6.920248630721,7.27961063648014,6.40930635590646,6.33863736263736,7.02831593406593,6.87949245898808,184
"184",2017,1,6.95181818181818,110,7.34571428571429,6.2625,6.66666666666667,7.1,6.92282608695652,70,40,3,18,92,8085,4752,3333,458,2202,5883,6.920678148423,7.28058438552189,6.40754450345034,6.34078602620087,7.02890190735695,6.88017012238653,185
"185",2017,2,6.74550561797753,89,7.15283018867925,6.14583333333333,5.84444444444444,6.97142857142857,6.70333333333333,53,36,9,14,75,8174,4805,3369,467,2216,5958,6.918770838023,7.27917523413111,6.40474794597803,6.33122055674518,7.02853880866426,6.87794408022826,186
"186",2017,3,6.8012987012987,77,7.17111111111111,6.28125,6.16666666666667,7.33333333333333,6.73088235294118,45,32,6,9,68,8251,4850,3401,473,2225,6026,6.91767456429524,7.27817257731959,6.40358595413113,6.329133192389,7.02977168539326,6.87628457185529,187
"187",2017,4,6.85640449438202,89,7.14912280701754,6.335,6.125,7.68181818181818,6.74,57,32,4,11,78,8340,4907,3433,477,2236,6104,6.91702072302158,7.27667352761361,6.4029466443344,6.3274213836478,7.0329794275492,6.87454305865006,188
"188",2017,5,7.09388888888889,90,7.45566037735849,6.57567567567568,6,7.16363636363636,7.08417721518987,53,37,5,11,79,8430,4960,3470,482,2247,6183,6.91890899525504,7.27858608870968,6.40478842363112,6.32402489626556,7.03361904761905,6.87722154779233,189
"189",2017,6,7.01791044776119,67,7.41315789473684,6.5,6.5,6.72222222222222,7.06379310344828,38,29,2,9,58,8497,4998,3499,484,2256,6241,6.91968963516535,7.27960924369748,6.40557754501286,6.3247520661157,7.03237677304965,6.87895542861721,190
"190",2017,7,7.02679487179487,78,7.34239130434783,6.573125,8,6.60416666666667,7.10363636363636,46,32,1,12,66,8575,5044,3531,485,2268,6307,6.92066388688046,7.2801818001586,6.40709595865194,6.32820618556701,7.03011111111111,6.8813066164579,191
"191",2017,8,6.88295454545455,88,7.10204081632653,6.60769230769231,5.83333333333333,6.75,6.89625,49,39,3,8,80,8663,5093,3570,488,2276,6387,6.92028082996652,7.27846789711369,6.40928734733893,6.32516393442623,7.02912653778559,6.88149378894629,192
"192",2017,9,6.81232876712329,73,7.07567567567568,6.54166666666667,6.38,6.125,6.94754098360656,37,36,5,12,61,8736,5130,3606,493,2288,6448,6.91937875801282,7.2770052631579,6.41060893788131,6.3257200811359,7.02438461538462,6.88211861507444,193
"193",2017,10,6.57926829268293,82,7.06666666666667,5.98648648648649,7,6.75,6.54411764705882,45,37,4,14,68,8818,5175,3643,497,2302,6516,6.91621601610342,7.27517623188406,6.40630135328026,6.33114688128772,7.02271589921807,6.87859128759975,194
"194",2017,11,6.75511363636364,88,7.04387755102041,6.39230769230769,6.83333333333333,7,6.70069444444444,49,39,3,16,72,8906,5224,3682,500,2318,6588,6.9146241668538,7.27300669984686,6.4061531314503,6.33416,7.02255910267472,6.8766470598057,195
"195",2017,12,7.15740740740741,81,7.64090909090909,6.58243243243243,6.9,8.01666666666667,7.00797101449275,44,37,5,12,69,8987,5268,3719,505,2330,6657,6.91681237676644,7.27607953682612,6.40790691852648,6.33976237623762,7.02767896995708,6.87800823644284,196
"196",2018,1,6.85462711864407,118,7.2044358974359,6.1725,7,6.64117647058824,6.89055445544554,78,40,4,17,101,9105,5346,3759,509,2347,6758,6.91600646128501,7.2750342312009,6.40540192338388,6.34495088408644,7.02487942053686,6.87819574282332,197
"197",2018,2,7.02195121951219,82,7.16938775510204,6.8030303030303,5.5,6.11111111111111,7.13424657534247,49,33,1,9,73,9187,5395,3792,510,2356,6831,6.91695208773266,7.27407469879518,6.40886229694093,6.34329411764706,7.02138879456706,6.88093204948031,198
"198",2018,3,6.84354838709677,62,7.43870967741935,6.24838709677419,6.33333333333333,8,6.78474576271186,31,31,3,3,59,9249,5426,3823,513,2359,6890,6.91646003135474,7.2750152967195,6.40756103321998,6.34323586744639,7.02263331920305,6.88010839332366,199
"199",2018,4,6.76842105263158,76,7.05897435897436,6.46216216216216,6.5,6.62666666666667,6.80327868852459,39,37,6,15,61,9325,5465,3860,519,2374,6951,6.91525349383378,7.2734735590119,6.4080844119171,6.34504816955684,7.02013142375737,6.87943415767515,200
"200",2018,5,7.05337792207792,77,7.44714489795918,6.36428571428571,7.66666666666667,6.75,7.09865820895522,49,28,3,10,67,9402,5514,3888,522,2384,7018,6.91638469793661,7.27501688429452,6.40776898919753,6.35264367816092,7.01899832214765,6.88152706326589,201
"201",2018,6,7.04628967213115,61,7.48593527777778,6.4132,6.5,7.57,6.94360137254902,36,25,2,10,51,9463,5550,3913,524,2394,7069,6.91722208601923,7.27638500360361,6.40780368770764,6.35320610687023,7.02129991645781,6.88197490451266,202
"202",2018,7,7.00819672131148,61,7.76666666666667,6.11428571428571,7.5,7.03333333333333,7,33,28,2,15,46,9524,5583,3941,526,2409,7115,6.91780476690466,7.27928296077378,6.4057183024613,6.35756653992395,7.02137484433375,6.882737962052,203
"203",2018,8,6.65135135135135,74,7.34848484848485,6.09024390243902,6.08,6.25,6.7,33,41,5,8,66,9598,5616,3982,531,2417,7181,6.91575042717233,7.27968959579772,6.40247007282772,6.35495291902071,7.01882167976831,6.88105843197326,204
"204",2018,9,6.82432432432432,74,7.27272727272727,6.16666666666667,5,6.36363636363636,6.90476190476191,44,30,4,11,63,9672,5660,4012,535,2428,7244,6.91505093052109,7.27963547173145,6.40070683698903,6.34482242990654,7.01585337726524,6.88126457758144,205
"205",2018,10,6.70722891566265,83,6.96170212765957,6.375,5,6.74615384615385,6.7,47,36,3,13,70,9755,5707,4048,538,2441,7314,6.91328268580215,7.27701713159278,6.40047821887352,6.33732342007435,7.01441704219582,6.87952975116215,206
"206",2018,11,7.15614457831325,83,7.46,6.52592592592593,6,7.38888888888889,7.12783783783784,56,27,4,9,74,9838,5763,4075,542,2450,7388,6.91533163244562,7.27879520562207,6.40130940613497,6.33483394833948,7.01579265306123,6.88201686518679,207
"207",2018,12,7.01313953488372,86,7.4506,6.40555555555556,6.83333333333333,7.29285714285714,6.95875,50,36,6,14,72,9924,5813,4111,548,2464,7460,6.91617922208787,7.28027296920695,6.40134658963756,6.34029197080292,7.01736688311689,6.88275745308311,208
"208",2019,1,6.86772357723577,123,7.03486111111111,6.63176470588235,6.21428571428571,7.12307692307692,6.79927835051546,72,51,7,26,97,10047,5885,4162,555,2490,7557,6.91558600577287,7.27727047918437,6.40417006967804,6.3387027027027,7.01847068273093,6.88168593357152,209
"209",2019,2,6.60757575757576,66,6.63939393939394,6.57575757575758,7,6.90909090909091,6.54727272727273,33,33,1,11,55,10113,5918,4195,556,2501,7612,6.91357585286265,7.27371354680636,6.40551986412396,6.33989208633093,7.01798960415834,6.87926965317919,210
"210",2019,3,6.87340909090909,88,6.951,6.70714285714286,6.66,7.11363636363636,6.83909090909091,60,28,5,11,77,10201,5978,4223,561,2512,7689,6.91322935006372,7.27047453496153,6.40751973241771,6.34274509803921,7.01840843949045,6.8788672909351,211
"211",2019,4,7.01176772727273,66,7.48488372093023,6.12724652173913,5.67555666666667,7.4875,6.94614948275862,43,23,3,8,58,10267,6021,4246,564,2520,7747,6.91386279049381,7.27200577478824,6.40600153085257,6.33919622340425,7.01989761904762,6.87937101716793,212
"212",2019,5,6.91071428571429,56,7.30645161290323,6.42,3,6.02857142857143,7.03673469387755,31,25,1,7,49,10323,6052,4271,565,2527,7796,6.91384571054926,7.27218221579643,6.40608346991337,6.33328614159292,7.01715156311833,6.88036009107234,213
"213",2019,6,6.98857142857143,70,7.34285714285714,6.63428571428571,6.16666666666667,7.03846153846154,6.97719298245614,35,35,6,13,57,10393,6087,4306,571,2540,7853,6.9143490108727,7.27258859372433,6.40793834184858,6.33153532399299,7.01726062992126,6.8810629402776,214
"214",2019,7,6.88870967741935,62,7.12424242424242,6.62068965517241,7.75,6.45,6.93571428571429,33,29,2,6,56,10455,6120,4335,573,2546,7909,6.91419696508847,7.2717886879085,6.4093615916955,6.33648633507853,7.01592380204242,6.88144990137817,215
"215",2019,8,6.75958762886598,97,6.82870967741936,6.63714285714286,6.625,6.04545454545455,6.85093023255814,62,35,4,11,86,10552,6182,4370,577,2557,7995,6.91277570792267,7.2673449967648,6.41118592677345,6.33848642980936,7.01174892452093,6.88112160975609,216
"216",2019,9,7.05766233766234,77,7.38954545454545,6.61515151515152,6,6.325,7.09780821917808,44,33,1,4,73,10629,6226,4403,578,2561,8068,6.91382531470505,7.26820860424028,6.41271462639109,6.33790081314879,7.01067629832097,6.88308220996529,217
"217",2019,10,6.94026923076923,78,7.28763157894737,6.610275,6.625,7.25333333333333,6.86573015873016,38,40,4,15,63,10707,6264,4443,582,2576,8131,6.91401795741104,7.26832643199234,6.41449324780553,6.33987400343643,7.01208928571429,6.88294776411265,218
"218",2019,11,6.89259259259259,81,7.37291666666667,6.19393939393939,6.16666666666667,6.24285714285714,7.02835820895522,48,33,6,14,67,10788,6312,4476,588,2590,8198,6.91385708843159,7.26912179499366,6.41286718051832,6.33810658163265,7.00793127413128,6.88413616369846,219
"219",2019,12,6.68507462686567,67,7.06486486486487,6.21666666666667,6.23333333333333,6.6875,6.68474576271186,37,30,6,8,59,10855,6349,4506,594,2598,8257,6.91244498111469,7.2679314490471,6.41156091877497,6.33704826599326,7.00694457274827,6.88271142909047,220
"220",2020,1,6.7488407079646,113,7.24143548387097,6.15,6.225,7.2324375,6.66907216494845,62,51,10,16,97,10968,6411,4557,604,2614,8354,6.91075941557257,7.26767520979566,6.40863364055299,6.33519316225166,7.00832478959449,6.88023081996648,221
"221",2020,2,7.27908217391304,92,7.57113034482759,6.78088235294118,6,7.51785714285714,7.23622512820513,58,34,1,14,78,11060,6469,4591,605,2628,8432,6.91382322151899,7.27039593909414,6.41139043781311,6.33463912396694,7.0110391933029,6.88352393619544,222
"222",2020,3,6.84551282051282,78,7.00865384615385,6.51923076923077,5.75,6.60294117647059,6.91311475409836,52,26,2,17,61,11138,6521,4617,607,2645,8493,6.91334484018675,7.26830874559117,6.41199772579597,6.33271280065898,7.00841625708885,6.8837364688567,223
"223",2020,4,6.73962966666667,90,7.30476196428571,5.80882352941176,6,6.60714285714286,6.76403513157895,56,34,4,14,76,11228,6577,4651,611,2659,8569,6.91195239579622,7.26861912726167,6.40758836809288,6.33053464811784,7.00630349755548,6.88267481619792,224
"224",2020,5,6.82289156626506,83,7.3952380952381,6.23658536585366,5,5.79090909090909,6.98055555555556,42,41,1,11,72,11311,6619,4692,612,2670,8641,6.91129886835823,7.26942257138541,6.40609409633419,6.32836057189542,7.00129625468165,6.88349039463025,225
"225",2020,6,6.92139819444444,72,7.23125,6.5340834375,6,7.6875,6.82563546875,40,32,1,8,64,11383,6659,4724,613,2678,8705,6.91136274883598,7.2691932722631,6.40696108594411,6.32782491027732,7.00334615384616,6.88306503963239,226
"226",2020,7,6.57707605263158,76,7.3639445,5.70277777777778,5.96,6.3,6.60082542857143,40,36,5,6,70,11459,6699,4760,618,2684,8775,6.90914564534427,7.26975903567697,6.40163532983193,6.32484898058252,7.00177384500746,6.88081355555555,227
"227",2020,8,6.7041095890411,73,6.97631578947368,6.40857142857143,5.46,6.54285714285714,6.74237288135593,38,35,5,14,59,11532,6737,4795,623,2698,8834,6.90784772372529,7.26810387115927,6.40168595828988,6.31790797752809,6.99939251297257,6.87988894611727,228
"228",2020,9,6.94881355932203,59,7.45090909090909,6.31153846153846,4.66666666666667,5.78571428571429,7.10538461538462,33,26,3,7,52,11591,6770,4821,626,2705,8886,6.90805624622552,7.26899494534712,6.40119978635138,6.30999468051118,6.9962517560074,6.88120852464551,229
"229",2020,10,6.8755,100,7.31538461538462,6.39895833333333,6.6,6.28260869565217,7.0525974025974,52,48,5,23,77,11691,6822,4869,631,2728,8963,6.90777777350098,7.26934854588097,6.40117768946395,6.31229266244057,6.99023497067449,6.88268090483097,230
"230",2020,11,6.88177083333333,96,7.24363636363636,6.39634146341463,5.7125,7.375,6.82441860465116,55,41,8,10,86,11787,6877,4910,639,2738,9049,6.9075659582591,7.26914290824488,6.40113730549898,6.30478352112676,6.99164024835647,6.88212719084982,231
"231",2020,12,6.72060638297872,94,7.34534,6.01068181818182,6.8,6.99427272727273,6.68433734939759,50,44,4,11,83,11881,6927,4954,643,2749,9132,6.90608677299891,7.26969290890718,6.39766939241017,6.30786418351477,6.99165078210259,6.88032949518178,232
"232",2021,1,6.77028037383178,107,7.12382978723404,6.49333333333333,5.92857142857143,6.875,6.76181818181818,47,60,7,8,99,11988,6974,5014,650,2757,9231,6.90487462045379,7.2687098910238,6.39881415436777,6.30377949230769,6.99131229597389,6.879058493121,233
"233",2021,2,6.89330275229358,109,7.23631578947368,6.51730769230769,5.65,7.117,6.87070707070707,57,52,4,10,99,12097,7031,5066,654,2767,9330,6.90477035215342,7.26844727350306,6.40003043229372,6.29978084097859,6.99176653415251,6.87896987674169,234
"234",2021,3,7.03809523809524,63,7.45714285714286,6.51428571428571,6.83333333333333,7.52,6.99655172413793,35,28,6,5,58,12160,7066,5094,660,2772,9388,6.90546109786184,7.26938193886216,6.40065845504515,6.30463131818182,6.99271933621934,6.87969630911802,235
"235",2021,4,6.98697674418605,86,7.33076923076923,6.46117647058824,NA,7.61111111111111,6.91402597402597,52,34,0,9,77,12246,7118,5128,660,2781,9465,6.90603355789645,7.26983039898848,6.40105970553822,6.30463131818182,6.99472060409925,6.87997558901215,236
"236",2021,5,6.97620253164557,79,7.23521739130435,6.61515151515152,6.43333333333333,7.29090909090909,6.92529411764706,46,33,3,11,68,12325,7164,5161,663,2792,9533,6.90648332251521,7.26960814907873,6.40242863204805,6.30521368024133,6.99588753581662,6.88029885135844,237
"237",2021,6,6.72026213483146,89,7.02134744680851,6.38333333333333,5,6.875,6.70497938271605,47,42,3,8,81,12414,7211,5203,666,2800,9614,6.90514824230707,7.26799003050894,6.40227448971747,6.29933433933934,6.99554214285715,6.87882174745163,238
"238",2021,7,7.02402597402597,77,7.46046511627907,6.47205882352941,5.96666666666667,7.28,6.98582089552239,43,34,3,10,67,12491,7254,5237,669,2810,9681,6.90588105676087,7.26913097739178,6.40272754821463,6.29784255605381,6.99655444839858,6.8795622642289,239
"239",2021,8,6.69215053763441,93,7.39044444444444,6.0375,5.71428571428571,7.00714285714286,6.66651162790698,45,48,7,7,86,12584,7299,5285,676,2817,9767,6.90430151621106,7.2698789025894,6.39941043897824,6.29179980769231,6.99658075967341,6.87768631923825,240
"240",2021,9,6.94854402298851,87,7.29506403846154,6.43371428571429,6.2,6.85625,6.96934267605634,52,35,5,16,71,12671,7351,5320,681,2833,9838,6.90460528845395,7.27005705890355,6.39963612218045,6.29112580029369,6.99578821037769,6.87834779528359,241
"241",2021,10,6.81582278481013,79,7.57073170731707,6.00131578947368,5.08333333333333,6.875,6.80522388059701,41,38,3,12,67,12750,7392,5358,684,2845,9905,6.90405518509804,7.27172476190476,6.39681115528182,6.28582846491228,6.99527873462215,6.87785316607774,242
"242",2021,11,6.85100397590361,83,7.34863636363636,6.28957256410256,6,6.92857142857143,6.84385960526316,44,39,2,7,76,12833,7436,5397,686,2852,9981,6.90371206576794,7.27217986013986,6.39603622382806,6.28499514577259,6.99511500701263,6.87759432321411,243
"243",2021,12,6.89690265486726,113,7.16551724137931,6.61363636363636,6.75,7.13461538461539,6.866,58,55,4,13,100,12946,7494,5452,690,2865,10081,6.90365262938359,7.27135434214038,6.39823138297873,6.28769082608696,6.9957479930192,6.87747931157623,244
"244",2022,1,7.0434948447205,161,7.25790852941176,6.67281355932203,7,7.54777777777778,6.94188559701493,102,59,4,27,134,13107,7596,5511,694,2892,10215,6.90537038300145,7.27117379015271,6.40117102159318,6.29179635446686,7.00090179806363,6.87832419089574,245
"245",2022,2,6.92430107526882,93,7.40133333333333,6.47708333333333,7.3125,7.04428571428571,6.91453488372093,45,48,8,7,86,13200,7641,5559,702,2899,10301,6.90550375833333,7.27194033634341,6.40182649757151,6.3034283048433,7.00100655398414,6.87862650325211,246
"246",2022,3,6.81875,80,7.21521739130435,6.28235294117647,5.37142857142857,7.65714285714286,6.73835616438356,46,34,7,7,73,13280,7687,5593,709,2906,10374,6.90498114533132,7.27160089892025,6.40110021455391,6.29422661495063,7.00258706125258,6.87763944572971,247
"247",2022,4,7.21221052631579,95,7.41882352941176,6.97272727272727,8,6.56,7.27218390804598,51,44,3,8,87,13375,7738,5637,712,2914,10461,6.9071633353271,7.2725712212458,6.40556208976406,6.30141386235955,7.00137199725464,6.88092071599273,248
"248",2022,5,7.11046511627907,86,7.190625,7.00921052631579,NA,6.69444444444444,7.15909090909091,48,38,0,9,77,13461,7786,5675,712,2923,10538,6.90846219523066,7.27206603005394,6.40960414096917,6.30141386235955,7.00042695860418,6.88295327481495,249
"249",2022,6,7.02295454545455,88,7.32264150943396,6.56914285714286,6.5,6.52625,7.13333333333333,53,35,1,16,72,13549,7839,5710,713,2939,10610,6.90920581666544,7.27240797423141,6.41058204903678,6.30169238429173,6.99784552568901,6.88465236663525,250
"250",2022,7,6.97378048780488,82,7.53068181818182,6.32894736842105,6.375,6.92857142857143,6.98308823529412,44,38,4,14,68,13631,7883,5748,717,2953,10678,6.90959427848287,7.27384956361791,6.41004236256089,6.30210135285914,6.99751710125296,6.88527922925641,251
"251",2022,8,6.89302325581395,86,7.15,6.5975,5.5,7.18,6.85526315789474,46,40,2,10,76,13717,7929,5788,719,2963,10754,6.90949038492382,7.27313105183504,6.41133785418107,6.29987019471488,6.99813297333783,6.88506710154361,252
