"","year","month","avg_rating","no_ratings","avg_rating_owned","avg_rating_not_owned","avg_rating_prev_owned","avg_rating_comment","avg_rating_no_comment","no_ratings_owned","no_ratings_not_owned","no_ratings_prev_owned","no_ratings_comment","no_ratings_no_comment","cum_no_ratings","cum_no_ratings_owned","cum_no_ratings_not_owned","cum_no_ratings_prev_owned","cum_no_ratings_comment","cum_no_ratings_no_comment","cum_avg_rating","cum_avg_rating_owned","cum_avg_rating_not_owned","cum_avg_rating_prev_owned","cum_avg_rating_comment","cum_avg_rating_no_comment","month_after_release"
"1",2009,7,7.5,2,8,7,NA,8,7,1,1,0,1,1,2,1,1,0,1,1,7.5,8,7,NA,8,7,-4
"2",2009,10,8.75,2,10,7.5,7.5,7.5,10,1,1,1,1,1,4,2,2,1,2,2,8.125,9,7.25,7.5,7.75,8.5,-1
"3",2009,11,7.17142857142857,7,8.06666666666667,6.5,NA,7.7,7.08333333333333,3,4,0,1,6,11,5,6,1,3,8,7.51818181818182,8.44,6.75,7.5,7.73333333333333,7.4375,0
"4",2009,12,7.525,12,7.9,7,7,7.76,7.35714285714286,7,5,1,5,7,23,12,11,2,8,15,7.52173913043478,8.125,6.86363636363636,7.25,7.75,7.4,1
"5",2010,1,7.86538461538461,26,8.425,7.515625,7.97222222222222,7.51666666666667,8.34090909090909,10,16,9,15,11,49,22,27,11,23,26,7.70408163265306,8.26136363636364,7.25,7.84090909090909,7.59782608695652,7.79807692307692,2
"6",2010,2,7.66129032258065,62,7.75757575757576,7.55172413793103,7.42307692307692,7.52272727272727,7.7375,33,29,13,22,40,111,55,56,24,45,66,7.68018018018018,7.95909090909091,7.40625,7.61458333333333,7.56111111111111,7.76136363636364,3
"7",2010,3,7.44166666666667,78,7.86805555555556,7.07619047619048,7.30769230769231,7.428,7.44811320754717,36,42,13,25,53,189,91,98,37,70,119,7.58174603174603,7.92307692307692,7.26479591836735,7.50675675675676,7.51357142857143,7.6218487394958,4
"8",2010,4,7.38303571428571,56,7.72321428571429,7.04285714285714,6.73076923076923,6.96052631578947,7.6,28,28,13,19,37,245,119,126,50,89,156,7.53632653061224,7.87605042016807,7.21547619047619,7.305,7.39550561797753,7.61666666666667,5
"9",2010,5,7.24730769230769,52,7.30526315789474,7.21393939393939,7.10333333333333,7.295,7.22205882352941,19,33,15,18,34,297,138,159,65,107,190,7.4857239057239,7.79746376811594,7.2151572327044,7.25846153846154,7.37859813084112,7.54605263157895,6
"10",2010,6,6.97592592592593,27,7.26153846153846,6.71071428571429,7.07857142857143,6.525,7.33666666666667,13,14,7,12,15,324,151,173,72,119,205,7.44324074074074,7.75132450331126,7.17433526011561,7.24097222222222,7.29252100840336,7.53073170731707,7
"11",2010,7,6.93875,40,7.21315789473684,6.69047619047619,6.83333333333333,6.58333333333333,7.09107142857143,19,21,9,12,28,364,170,194,81,131,233,7.3878021978022,7.69117647058824,7.1219587628866,7.19567901234568,7.2275572519084,7.47789699570815,8
"12",2010,8,7.12215909090909,44,7.49264705882353,6.88888888888889,6.56666666666667,6.86964285714286,7.24,17,27,12,14,30,408,187,221,93,145,263,7.35915441176471,7.67312834224599,7.09348416289593,7.11451612903226,7.193,7.45076045627376,9
"13",2010,9,6.909375,32,6.9,6.91578947368421,7.58,6.6875,6.98333333333333,13,19,5,8,24,440,200,240,98,153,287,7.32644318181818,7.622875,7.07941666666667,7.13826530612245,7.16656862745098,7.4116724738676,10
"14",2010,10,6.717,50,6.98913043478261,6.48518518518518,6.80625,6.375,6.825,23,27,16,12,38,490,223,267,114,165,325,7.26425510204082,7.55751121076233,7.01932584269663,7.09166666666667,7.109,7.34307692307692,11
"15",2010,11,6.7828125,32,7.38,6.51136363636364,6.54545454545455,6.95,6.75185185185185,10,22,11,5,27,522,233,289,125,170,352,7.23474137931034,7.54989270386266,6.98065743944637,7.0436,7.10432352941176,7.29772727272727,12
"16",2010,12,6.71463414634146,41,7.3,6.1,6.5625,7.11111111111111,6.603125,21,20,8,9,32,563,254,309,133,179,384,7.19686500888099,7.52923228346457,6.9236569579288,7.01466165413534,7.10466480446927,7.23984375,13
"17",2011,1,6.80754716981132,53,7.08095238095238,6.628125,6.36666666666667,6.74285714285714,6.83076923076923,21,32,15,14,39,616,275,341,148,193,423,7.16336850649351,7.495,6.89592375366569,6.94898648648649,7.07841968911917,7.20212765957447,14
"18",2011,2,6.75185185185185,54,7.37368421052632,6.41428571428571,6.84375,6.34347826086957,7.05483870967742,19,35,16,23,31,670,294,376,164,216,454,7.13020149253731,7.48715986394558,6.85109042553191,6.93871951219512,7.00016203703704,7.1920704845815,15
"19",2011,3,6.9531914893617,47,7.27894736842105,6.73214285714286,6.75,7.14705882352941,6.84333333333333,19,28,14,17,30,717,313,404,178,233,484,7.11859832635983,7.47452076677316,6.84284653465346,6.92387640449438,7.01087982832618,7.17045454545455,16
"20",2011,4,6.92666666666667,30,7.25294117647059,6.5,6.4,6.68571428571429,7,17,13,5,7,23,747,330,417,183,240,507,7.11089022757698,7.46310606060606,6.83215827338129,6.90956284153005,7.00139583333333,7.16272189349112,17
"21",2011,5,6.88269230769231,26,7.21428571428571,6.76052631578947,7.375,6.30555555555556,7.18823529411765,7,19,6,9,17,773,337,436,189,249,524,7.10321474773609,7.45793768545994,6.82903669724771,6.92433862433862,6.97624497991968,7.16354961832061,18
"22",2011,6,6.19318181818182,22,6.63888888888889,5.88461538461539,5.25,5.625,6.51785714285714,9,13,4,8,14,795,346,449,193,257,538,7.07803144654088,7.43663294797688,6.80169265033407,6.88963730569948,6.93418287937743,7.14674721189591,19
"23",2011,7,6.63970588235294,34,7.25,6.26190476190476,6.22727272727273,6.125,6.79807692307692,13,21,11,8,26,829,359,470,204,265,564,7.06005428226779,7.42987465181059,6.77757446808511,6.85392156862745,6.90975471698113,7.13067375886525,20
"24",2011,8,6.82352941176471,34,7.17647058823529,6.47058823529412,6.61111111111111,6.33333333333333,7,17,17,9,9,25,863,376,487,213,274,589,7.05073580533024,7.41841755319149,6.76685831622177,6.84366197183099,6.89082116788321,7.1251273344652,21
"25",2011,9,6.51666666666667,24,6.67,6.40714285714286,5.75,5.5,6.72,10,14,6,4,20,887,386,501,219,278,609,7.03628523111612,7.39902849740933,6.75680638722555,6.81369863013699,6.87080935251799,7.11182266009852,22
"26",2011,10,6.68428571428571,35,7.38461538461539,6.27045454545455,6.33333333333333,5.8,7.038,13,22,12,10,25,922,399,523,231,288,634,7.02292299349241,7.39855889724311,6.73634799235182,6.78874458874459,6.83362847222222,7.10891167192429,23
"27",2011,11,6.50857142857143,35,7.10833333333333,6.19565217391304,6.38636363636364,6.225,6.622,12,23,11,10,25,957,411,546,242,298,659,7.0041118077325,7.39008515815085,6.71357142857143,6.77045454545454,6.81320469798658,7.09044006069803,24
"28",2011,12,6.2,14,6.7875,5.41666666666667,5,6.8,5.86666666666667,8,6,4,5,9,971,419,552,246,303,668,6.99251802265706,7.3785799522673,6.69947463768116,6.74166666666667,6.81298679867987,7.07395209580838,25
"29",2012,1,6.43513513513513,37,7.17142857142857,5.98695652173913,6.30833333333333,5.94,6.61851851851852,14,23,12,10,27,1008,433,575,258,313,695,6.97205853174603,7.37188221709007,6.67097391304348,6.72151162790698,6.78509584664537,7.05625899280576,26
"30",2012,2,6.48181818181818,22,7.2,5.88333333333333,7.02,5.4,6.8,10,12,5,5,17,1030,443,587,263,318,712,6.96158737864078,7.36800225733634,6.65487223168654,6.72718631178707,6.76331761006289,7.0501404494382,27
"31",2012,3,6.70588235294118,17,7.25,6.40909090909091,6.25,6.28571428571429,7,6,11,4,7,10,1047,449,598,267,325,722,6.95743553008596,7.36642538975501,6.65035117056856,6.72003745318352,6.75303076923077,7.0494459833795,28
"32",2012,4,6.86,25,6.9,6.83333333333333,6.83333333333333,6.75,6.88095238095238,10,15,6,4,21,1072,459,613,273,329,743,6.95516324626866,7.35626361655774,6.65482871125612,6.72252747252747,6.75299392097264,7.04468371467026,29
"33",2012,5,6.11875,24,6.47727272727273,5.81538461538462,5.65,5.66,6.44642857142857,11,13,6,10,14,1096,470,626,279,339,757,6.93684762773723,7.3356914893617,6.63739616613418,6.6994623655914,6.72075221238938,7.03361955085865,30
"34",2012,6,6.34090909090909,22,7,5.79166666666667,5.83333333333333,6.27272727272727,6.40909090909091,10,12,6,11,11,1118,480,638,285,350,768,6.92512075134168,7.32869791666667,6.62148902821316,6.68122807017544,6.70667142857143,7.02467447916667,31
"35",2012,7,6.8156,25,6.99454545454545,6.675,6.72222222222222,6.92,6.775,11,14,9,7,18,1143,491,652,294,357,786,6.92272528433946,7.32121181262729,6.62263803680981,6.68248299319728,6.7108543417367,7.01895674300255,32
"36",2012,8,6.43333333333333,21,6.9375,6.12307692307692,5.35,6.7,6.35,8,13,6,5,16,1164,499,665,300,362,802,6.91389604810997,7.31506012024048,6.61287218045113,6.65583333333333,6.7107044198895,7.00561097256858,33
"37",2012,9,6.20714285714286,28,6.87857142857143,5.53571428571429,6.3,5.625,6.44,14,14,5,8,20,1192,513,679,305,370,822,6.89729446308725,7.30314814814815,6.59066273932253,6.65,6.68722972972973,6.99184914841849,34
"38",2012,10,6.28571428571429,21,7.16666666666667,5.93333333333333,6.3,6.91666666666667,6.03333333333333,6,15,5,6,15,1213,519,694,310,376,837,6.88670651277824,7.30157032755299,6.5764553314121,6.64435483870968,6.69089095744681,6.97467144563919,35
"39",2012,11,6.15,25,6.83333333333333,5.51923076923077,6.35,5.29166666666667,6.42105263157895,12,13,5,6,19,1238,531,707,315,382,856,6.8718295638126,7.29098870056497,6.55701555869873,6.63968253968254,6.66891361256545,6.96238317757009,36
"40",2012,12,6.50666666666667,30,6.93333333333333,6.22222222222222,6.72222222222222,6.4625,6.52272727272727,12,18,9,8,22,1268,543,725,324,390,878,6.86319006309149,7.2830847145488,6.54870344827586,6.64197530864198,6.66467948717949,6.95136674259681,37
"41",2013,1,6.76086956521739,23,7.03846153846154,6.4,6,5.95,7.04705882352941,13,10,1,6,17,1291,556,735,325,396,895,6.86136715724245,7.27736510791367,6.54668027210884,6.64,6.65385101010101,6.9531843575419,38
"42",2013,2,6.41379310344828,29,7.1,6.05263157894737,5.85714285714286,5.7,6.5625,10,19,7,5,24,1320,566,754,332,401,919,6.85153409090909,7.27423144876325,6.53423076923077,6.62349397590361,6.64195760598504,6.94298150163221,39
"43",2013,3,6.86842105263158,19,7.07142857142857,6.75,7,6.75,6.88235294117647,7,12,3,2,17,1339,573,766,335,403,936,6.85177371172517,7.27175392670157,6.53761096605744,6.62686567164179,6.64249379652605,6.94188034188034,40
"44",2013,4,6.4375,16,6.75,6.33333333333333,6.125,5,6.53333333333333,4,12,4,1,15,1355,577,778,339,404,951,6.84688191881919,7.26813691507799,6.53446015424164,6.62094395280236,6.63842821782178,6.935436382755,41
"45",2013,5,6.77727272727273,22,7.46666666666667,5.95,5.78571428571429,6.85714285714286,6.74,12,10,7,7,15,1377,589,788,346,411,966,6.84576978939724,7.27218166383701,6.52704314720812,6.60404624277457,6.64215328467153,6.9324016563147,42
"46",2013,6,6.3,15,7.07142857142857,5.625,5,8,6.03846153846154,7,8,1,2,13,1392,596,796,347,413,979,6.83988864942529,7.26982382550336,6.51797738693467,6.59942363112392,6.64872881355932,6.92053115423902,43
"47",2013,7,7.01315789473684,19,7.09090909090909,6.90625,6.875,6.75,7.10714285714286,11,8,2,5,14,1411,607,804,349,418,993,6.84222182849043,7.26658154859967,6.5218407960199,6.60100286532951,6.64994019138756,6.92316213494461,44
"48",2013,8,6.63636363636364,11,6.8,6.5,6,6,6.77777777777778,5,6,1,2,9,1422,612,810,350,420,1002,6.84062939521801,7.26276960784314,6.52167901234568,6.59928571428571,6.64684523809524,6.92185628742515,45
"49",2013,9,6.4375,16,6.55,6.25,6.75,6.25,6.55,10,6,2,6,10,1438,622,816,352,426,1012,6.83614394993046,7.25131028938907,6.51968137254902,6.60014204545455,6.6412558685446,6.91818181818182,46
"50",2013,10,6.11904761904762,21,6.6875,5.76923076923077,5.83333333333333,5.83333333333333,6.23333333333333,8,13,6,6,15,1459,630,829,358,432,1027,6.82582248115148,7.24415079365079,6.50791314837153,6.5872905027933,6.63003472222222,6.90817916260954,47
"51",2013,11,6.48695652173913,23,6.16666666666667,6.6,6.16666666666667,7,6.43809523809524,6,17,6,2,21,1482,636,846,364,434,1048,6.82056342780027,7.2339858490566,6.50976359338061,6.58035714285714,6.6317396313364,6.89875954198473,48
"52",2013,12,6.15789473684211,19,7.28571428571429,5.5,5.85714285714286,5.66666666666667,6.6,7,12,7,9,10,1501,643,858,371,443,1058,6.81217521652232,7.23454898911353,6.49564102564102,6.5667115902965,6.61213318284424,6.89593572778828,49
"53",2014,1,5.91666666666667,24,5.81818181818182,6,6.23076923076923,5.91666666666667,5.91666666666667,11,13,13,6,18,1525,654,871,384,449,1076,6.79808196721312,7.21072629969419,6.48824339839265,6.55533854166667,6.60283964365256,6.87955390334573,50
"54",2014,2,5.9875,20,7.21428571428571,5.32692307692308,5.375,6.1,5.95,7,13,4,5,15,1545,661,884,388,454,1091,6.78758899676376,7.21076399394856,6.47116515837104,6.54317010309278,6.59730176211454,6.86677360219982,51
"55",2014,3,6.34615384615385,13,6.58333333333333,6.14285714285714,5,6.5,6.33333333333333,6,7,3,1,12,1558,667,891,391,455,1103,6.78390564826701,7.20511994002999,6.46858585858586,6.53132992327366,6.59708791208791,6.86097008159565,52
"56",2014,4,6.59460714285714,14,6.58333333333333,6.6030625,5.66666666666667,6,6.75677272727273,6,8,3,3,11,1572,673,899,394,458,1114,6.78221978371502,7.1995765230312,6.46978253615128,6.5247461928934,6.5931768558952,6.85994120287253,53
"57",2014,5,6.3,10,8,6.11111111111111,6.11111111111111,5.8,6.8,1,9,9,5,5,1582,674,908,403,463,1119,6.77917161820481,7.20076409495549,6.46622742290749,6.51550868486352,6.58461123110151,6.85967336907954,54
"58",2014,6,5.68928571428571,14,5.94285714285714,5.43571428571429,5,6.75,5.5125,7,7,3,2,12,1596,681,915,406,465,1131,6.76961121553885,7.18783406754773,6.45834371584699,6.50431034482759,6.58532258064516,6.84537975243148,55
"59",2014,7,6.19047619047619,21,6.14285714285714,6.21428571428571,6.3,6.25,6.16666666666667,7,14,5,6,15,1617,688,929,411,471,1146,6.76208998144713,7.17720203488372,6.45466576964478,6.50182481751825,6.58105095541401,6.83649607329843,56
"60",2014,8,5.99444444444444,18,6.48,5.80769230769231,6.75,7,5.79333333333333,5,13,4,3,15,1635,693,942,415,474,1161,6.75363883792049,7.17217171717172,6.4457372611465,6.50421686746988,6.58370253164557,6.82301851851852,57
"61",2014,9,6.64736842105263,19,7.475,6.04545454545455,5.41666666666667,6.83333333333333,6.6125,8,11,6,3,16,1654,701,953,421,477,1177,6.75241807738815,7.17562767475036,6.44111699895068,6.48871733966746,6.58527253668763,6.82015675446049,58
"62",2014,10,6.52941176470588,17,6.75,6.33333333333333,5.625,6.58333333333333,6.5,8,9,4,6,11,1671,709,962,425,483,1188,6.75014931178935,7.17082510578279,6.44010862785863,6.48058823529412,6.58524844720497,6.81719234006734,59
"63",2014,11,6.5,19,6.85555555555556,6.18,5.6,5.98333333333333,6.73846153846154,9,10,5,6,13,1690,718,972,430,489,1201,6.74733698224852,7.16687325905293,6.43743261316872,6.4703488372093,6.57786298568507,6.81634013322232,60
"64",2014,12,6.72352941176471,17,7.2,6.1875,6.33333333333333,7.66,6.33333333333333,9,8,3,5,12,1707,727,980,433,494,1213,6.74709988283539,7.1672833562586,6.43539234693877,6.46939953810624,6.58881578947368,6.81156183017313,61
"65",2015,1,6.80769230769231,13,7,6.64285714285714,6.625,7,6.75,6,7,4,3,10,1720,733,987,437,497,1223,6.74755784883721,7.16591405184175,6.43686372847011,6.470823798627,6.59129778672032,6.8110584627964,62
"66",2015,2,6.05333333333333,15,5.9125,6.21428571428571,5.5,6.575,5.86363636363636,8,7,2,4,11,1735,741,994,439,501,1234,6.74155590778098,7.15238191632929,6.435296277666,6.46640091116173,6.59116766467066,6.80261304700162,63
"67",2015,3,6.57692307692308,13,6.9625,5.96,5.93333333333333,NA,6.57692307692308,8,5,3,0,13,1748,749,999,442,501,1247,6.74033152173913,7.15035380507343,6.43291741741742,6.46278280542986,6.59116766467066,6.8002602245389,64
"68",2015,4,6.25454545454545,11,7.2,5.71428571428571,5,6.16,6.33333333333333,4,7,3,5,6,1759,753,1006,445,506,1253,6.73729363274588,7.15061752988048,6.42791699801193,6.45292134831461,6.58690711462451,6.79802434158021,65
"69",2015,5,6.77777777777778,9,7.1,6.375,NA,6.375,7.1,5,4,0,4,5,1768,758,1010,445,510,1258,6.73749971719457,7.15028364116095,6.42770742574257,6.45292134831461,6.58524509803922,6.79922456279809,66
"70",2015,6,6.94444444444444,9,8,6.41666666666667,6,7,6.91666666666667,3,6,4,3,6,1777,761,1016,449,513,1264,6.73854783342713,7.15363337713535,6.42764222440945,6.4488864142539,6.58767056530214,6.79978204113924,67
"71",2015,7,6.92857142857143,14,7.3125,6.41666666666667,6,6.25,7.2,8,6,1,4,10,1791,769,1022,450,517,1274,6.74003322166388,7.15528608582575,6.42757778864971,6.44788888888889,6.5850580270793,6.80292346938776,68
"72",2015,8,6.225,20,7.0625,5.66666666666667,5,6.3,6.2,8,12,4,5,15,1811,777,1034,454,522,1289,6.73434538928769,7.15433075933076,6.41874709864603,6.43513215859031,6.5823275862069,6.79590729247479,69
"73",2015,9,6.83333333333333,9,7.33333333333333,6.58333333333333,6,6,7.07142857142857,3,6,4,2,7,1820,780,1040,458,524,1296,6.73483489010989,7.15501923076923,6.41969663461538,6.43133187772926,6.58010496183206,6.79739544753087,70
"74",2015,10,6.28125,16,6.5,6.0625,6.16666666666667,5.66666666666667,6.42307692307692,8,8,3,3,13,1836,788,1048,461,527,1309,6.73088208061002,7.1483692893401,6.41696994274809,6.42960954446855,6.57490512333966,6.79367799847212,71
"75",2015,11,6.65,16,6.9875,6.3125,6.21428571428571,6.5,6.67142857142857,8,8,7,2,14,1852,796,1056,468,529,1323,6.73018331533477,7.14675251256281,6.41617850378788,6.42638888888889,6.57462192816635,6.7923843537415,72
"76",2015,12,6.26923076923077,13,6.5,6,6,5,6.65,7,6,6,3,10,1865,803,1062,474,532,1333,6.72697024128686,7.14111457036115,6.41382721280603,6.42099156118143,6.56574248120301,6.79131620405101,73
"77",2016,1,6.44142857142857,21,6.77285714285714,5.77857142857143,6.38333333333333,5.48,6.741875,14,7,3,5,16,1886,817,1069,477,537,1349,6.7237908271474,7.13480416156671,6.40966744621141,6.42075471698113,6.55563314711359,6.79072979985174,74
"78",2016,2,6.64285714285714,14,7.3,6.27777777777778,6.08333333333333,5.5,6.83333333333333,5,9,6,2,12,1900,822,1078,483,539,1361,6.72319447368421,7.13580900243309,6.40856632653061,6.41656314699793,6.55171614100186,6.79110543717855,75
"79",2016,3,6.52777777777778,18,6.76923076923077,5.9,5.83333333333333,6.33333333333333,6.56666666666667,13,5,3,3,15,1918,835,1083,486,542,1376,6.72136053180396,7.13010179640719,6.40621837488458,6.41296296296296,6.5505073800738,6.78865879360465,76
"80",2016,4,6.484375,16,6.77777777777778,6.10714285714286,5.95833333333333,5.475,6.62857142857143,9,7,6,2,14,1934,844,1090,492,544,1390,6.71939994829369,7.12634478672986,6.40429770642202,6.40741869918699,6.54655330882353,6.7870464028777,77
"81",2016,5,6.64642857142857,14,6.88333333333333,6.46875,6.4,6.16666666666667,6.77727272727273,6,8,5,3,11,1948,850,1098,497,547,1401,6.71887551334702,7.12462941176471,6.40476730418944,6.40734406438632,6.54446983546618,6.78696966452534,78
"82",2016,6,6.534375,16,6.82142857142857,6.31111111111111,5.66666666666667,5.5,6.87916666666667,7,9,3,4,12,1964,857,1107,500,551,1413,6.71737245417515,7.1221528588098,6.40400587172538,6.4029,6.53688747731397,6.78775265392781,79
"83",2016,7,6.61363636363636,11,7,6.46875,6.33333333333333,6.70833333333333,6.5,3,8,3,6,5,1975,860,1115,503,557,1418,6.7167946835443,7.12172674418605,6.40447040358744,6.40248508946322,6.53873429084381,6.7867380112835,80
"84",2016,8,6.40909090909091,33,6.98333333333333,6.08095238095238,6.01428571428571,5.26666666666667,6.52333333333333,12,21,7,3,30,2008,872,1136,510,560,1448,6.71173779880478,7.11982224770642,6.39848987676056,6.3971568627451,6.53191964285714,6.7812807320442,81
"85",2016,9,5.97727272727273,11,7,5.59375,5.1875,7,5.875,3,8,4,1,10,2019,875,1144,514,561,1458,6.70773625557207,7.11941142857143,6.39286232517482,6.38774319066148,6.53275401069519,6.77506481481482,82
"86",2016,10,5.625,16,6.25,5,4,3.5,5.92857142857143,8,8,4,2,14,2035,883,1152,518,563,1472,6.69922334152334,7.11153454133635,6.38318967013889,6.36930501930502,6.52198046181172,6.76701392663044,83
"87",2016,11,6.05434782608696,23,6.97727272727273,5.20833333333333,4.66666666666667,5.25,6.22368421052632,11,12,3,4,19,2058,894,1164,521,567,1491,6.69201627793975,7.10988255033557,6.37107774914089,6.3595009596929,6.51300705467372,6.76009020791415,84
"88",2016,12,6.68157894736842,19,7.08888888888889,6.315,5.92857142857143,5.125,7.09666666666667,9,10,7,4,15,2077,903,1174,528,571,1506,6.69192079922966,7.10967331118494,6.37060008517888,6.35378787878788,6.50328371278459,6.76344256308101,85
"89",2017,1,6.75,14,7.7,6.22222222222222,5.91666666666667,6.5,6.76923076923077,5,9,6,1,13,2091,908,1183,534,572,1519,6.69230966044955,7.11292400881057,6.36947125950972,6.34887640449438,6.50327797202797,6.76349210006583,86
"90",2017,2,6.66,20,7.5,5.97272727272727,6.12857142857143,6.91428571428571,6.52307692307692,9,11,7,7,13,2111,917,1194,541,579,1532,6.69200355281857,7.11672300981461,6.3658161641541,6.3460258780037,6.5082469775475,6.7614520234987,87
"91",2017,3,6.20134,10,6.8,5.60268,4.67113333333333,6,6.22371111111111,5,5,3,1,9,2121,922,1199,544,580,1541,6.68969019330505,7.11500542299349,6.36263377814845,6.33678933823529,6.50737068965517,6.75831142115509,88
"92",2017,4,6.06111111111111,9,6.5875,5.64,6.06666666666667,5.51,6.75,4,5,3,5,4,2130,926,1204,547,585,1545,6.68703422535211,7.11272678185745,6.35963280730897,6.33530786106033,6.49884615384615,6.75828990291262,89
"93",2017,5,6.31666666666667,12,6.76,6,5.66666666666667,2,6.70909090909091,5,7,6,1,11,2142,931,1211,553,586,1556,6.68495933706816,7.11083243823845,6.35755400495458,6.32805316455696,6.49116894197952,6.75794209511568,90
"94",2017,6,6.74545454545455,11,7.84,5.83333333333333,6,5,7.13333333333333,5,6,5,2,9,2153,936,1217,558,588,1565,6.68526841616349,7.11472756410256,6.35496951520131,6.32511362007168,6.48609693877551,6.76010089456869,91
"95",2017,7,6.71875,16,6.80769230769231,6.33333333333333,8,6.5,6.79166666666667,13,3,1,4,12,2169,949,1220,559,592,1577,6.68551539880129,7.11052160168599,6.35491631147541,6.32810983899821,6.48619087837838,6.7603410906785,92
"96",2017,8,6.87272727272727,11,6.95,6.66666666666667,6,6,6.96,8,3,1,1,10,2180,957,1223,560,593,1587,6.68646004587156,7.10917972831766,6.35568103025347,6.32752392857143,6.48537099494098,6.76159918084436,93
"97",2017,9,5.85714285714286,7,6.75,5.5,5.25,5,6,2,5,4,1,6,2187,959,1228,564,594,1593,6.68380562414266,7.10843065693431,6.35219698697068,6.31988191489362,6.48287037037037,6.75873063402386,94
"98",2017,10,7.11583333333333,12,7.4,6.5475,6.595,7,7.139,8,4,2,2,10,2199,967,1232,566,596,1603,6.68616321055025,7.11084281282317,6.35283108766234,6.32085406360424,6.48460570469799,6.76110286961946,95
"99",2017,11,6.148875,8,6.73033333333333,5.8,6,7,6.02728571428571,3,5,4,1,7,2207,970,1237,570,597,1610,6.68421563207975,7.10966597938144,6.35059652384802,6.31860245614035,6.48546901172529,6.75791236024845,96
"100",2017,12,6.13636363636364,11,6.33333333333333,5.9,4.66666666666667,5.5,6.27777777777778,6,5,3,2,9,2218,976,1242,573,599,1619,6.68149860234445,7.10489344262295,6.34878252818035,6.30995357766143,6.48217863105175,6.75524329833231,97
"101",2018,1,6.55,10,6.85714285714286,5.83333333333333,7,5.83333333333333,6.85714285714286,7,3,1,3,7,2228,983,1245,574,602,1626,6.68090839317774,7.10312919633774,6.34754048192771,6.31115574912892,6.47894518272425,6.7556819803198,98
"102",2018,2,6.55555555555556,9,6.9,5.86666666666667,6.3,6.15,6.67142857142857,6,3,1,2,7,2237,989,1248,575,604,1633,6.68040406794815,7.10189686552073,6.34638453525641,6.31113634782609,6.4778559602649,6.75532082057563,99
"103",2018,3,6.09230769230769,13,6.675,5.83333333333333,4.25,7.23333333333333,5.75,4,9,2,3,10,2250,993,1257,577,607,1643,6.67700617777778,7.10017724068479,6.34271113762927,6.30399202772963,6.48158978583196,6.749202008521,100
"104",2018,4,6.5,4,6.5,NA,NA,NA,6.5,4,0,0,0,4,2254,997,1257,577,607,1647,6.67669205856256,7.09776930792377,6.34271113762927,6.30399202772963,6.48158978583196,6.74859678202793,101
"105",2018,5,6.34,10,6.48333333333333,6.125,5.83333333333333,5,6.48888888888889,6,4,3,1,9,2264,1003,1261,580,608,1656,6.67520490282686,7.09409371884347,6.34202053925456,6.3015575862069,6.47915296052632,6.74718532608696,102
"106",2018,6,6.77,10,7.03333333333333,6.375,6.25,6.5,6.8375,6,4,2,2,8,2274,1009,1265,582,610,1664,6.67562176781003,7.09373240832507,6.34212482213439,6.30138041237113,6.47922131147541,6.74761953125,103
"107",2018,7,6.27777777777778,9,6,6.3125,6.5,5.5,6.5,1,8,5,2,7,2283,1010,1273,587,612,1671,6.67405339465616,7.0926495049505,6.34193864886096,6.30307223168654,6.47602124183007,6.74658222621185,104
"108",2018,8,6.41428571428571,7,7.13333333333333,5.875,NA,NA,6.41428571428571,3,4,0,0,7,2290,1013,1277,587,612,1678,6.67325934497817,7.09276999012833,6.3404760375881,6.30307223168654,6.47602124183007,6.74519600715137,105
"109",2018,9,6.38888888888889,9,7.05,5.86,5,5,6.5625,4,5,3,1,8,2299,1017,1282,590,613,1686,6.67214610700305,7.0926017699115,6.33860210608424,6.29644644067796,6.47361337683524,6.74432912218268,106
"110",2018,10,6.72142857142857,7,7.41666666666667,6.2,NA,7,6.675,3,4,0,1,6,2306,1020,1286,590,614,1692,6.67229570685169,7.09355490196078,6.33817099533437,6.29644644067796,6.47447068403909,6.74408327423168,107
"111",2018,11,6.93571428571429,14,7.6375,6,6,7,6.93076923076923,8,6,1,1,13,2320,1028,1292,591,615,1705,6.67388530172414,7.09778793774319,6.33660054179567,6.2959448392555,6.47532520325203,6.74550668621701,108
"112",2018,12,6,7,6.5,5.33333333333333,8,7,5.6,4,3,1,2,5,2327,1032,1295,592,617,1710,6.67185814353245,7.09547093023256,6.33427637065637,6.29882331081081,6.47702593192869,6.74215725146199,109
"113",2019,1,6.375,8,6.6,6,6,7,6.28571428571429,5,3,3,1,7,2335,1037,1298,595,618,1717,6.67084107066381,7.09308196721311,6.33350377503852,6.29731663865546,6.47787216828479,6.74029638905067,110
"114",2019,2,7.25714285714286,7,7.36,7,NA,6.9,7.4,5,2,0,2,5,2342,1042,1300,595,620,1722,6.67259346712212,7.09436276391555,6.33452915384615,6.29731663865546,6.47923387096774,6.74221190476191,111
"115",2019,3,6.16,10,6,6.22857142857143,6,4,6.4,3,7,2,1,9,2352,1045,1307,597,621,1731,6.67041407312925,7.09122105263158,6.33396166794185,6.29632060301507,6.47524154589372,6.74043264009243,112
"116",2019,4,6.57142857142857,7,7.5,5.33333333333333,NA,6,6.66666666666667,4,3,0,1,6,2359,1049,1310,597,622,1737,6.67012034760492,7.09277979027645,6.33167015267175,6.29632060301507,6.47447749196142,6.7401778353483,113
"117",2019,5,6.56,5,7.1,5.75,6,7,6.45,3,2,1,1,4,2364,1052,1312,598,623,1741,6.66988743654822,7.09280038022814,6.33078346036585,6.29582508361204,6.47532102728732,6.73951114302125,114
"118",2019,6,6.25,4,6.5,6,6,7,6,2,2,2,1,3,2368,1054,1314,600,624,1744,6.66917816722973,7.09167552182163,6.3302799847793,6.294839,6.47616185897436,6.73823904816514,115
"119",2019,7,4.5,6,6,3.75,4.5,NA,4.5,2,4,2,0,6,2374,1056,1318,602,624,1750,6.66369582982308,7.08960795454546,6.32244908952959,6.28887607973422,6.47616185897436,6.73056508571429,116
"120",2019,8,6.5,7,6.91666666666667,4,4,6,6.58333333333333,6,1,1,1,6,2381,1062,1319,603,625,1756,6.66321457370853,7.08863088512241,6.32068832448825,6.28508026533997,6.4754,6.73006201594533,117
"121",2019,9,6.66666666666667,9,7.75,5.8,5.5,7,6.57142857142857,4,5,2,2,7,2390,1066,1324,605,627,1763,6.66322757322176,7.09111257035647,6.31872197885196,6.28248495867769,6.47707336523126,6.72943216108905,118
"122",2019,10,6.61818181818182,11,6.7,6.55,6.33333333333333,6.75,6.58888888888889,5,6,3,2,9,2401,1071,1330,608,629,1772,6.66302119950021,7.08928664799253,6.31976533834586,6.28273585526316,6.47794117647059,6.72871834085779,119
"123",2019,11,6.04545454545455,11,6.28571428571429,5.625,5.75,6.66666666666667,5.8125,7,4,2,3,8,2412,1078,1334,610,632,1780,6.66020476782753,7.08406864564007,6.31768208395802,6.28098918032787,6.47883702531646,6.72460050561798,120
"124",2019,12,6.33333333333333,3,6,6.5,6,6,7,1,2,1,2,1,2415,1079,1336,611,634,1781,6.65979871635611,7.08306394810009,6.31795501497006,6.28052929623568,6.47732649842272,6.72475513756317,121
"125",2020,1,6.39285714285714,14,6.55,6,6,7,6.34615384615385,10,4,3,1,13,2429,1089,1340,614,635,1794,6.65826014820914,7.07816896235078,6.31700589552239,6.27915863192182,6.47814960629922,6.72201164994426,122
"126",2020,2,6.91666666666667,6,7.5,6.33333333333333,6,7,6.9,3,3,2,1,5,2435,1092,1343,616,636,1799,6.6588968788501,7.07932783882784,6.31704236783321,6.27825227272727,6.47897012578617,6.72250633685381,123
"127",2020,3,6.0625,8,6.83333333333333,5.6,5.66666666666667,6.625,5.5,3,5,6,4,4,2443,1095,1348,622,640,1803,6.65694388047483,7.07865388127854,6.31438271513353,6.27235273311897,6.47988281250001,6.71979417637271,124
"128",2020,4,6.61111111111111,9,6.75,6.5,5.83333333333333,5,6.8125,4,5,3,1,8,2452,1099,1353,625,641,1811,6.65677565252855,7.07745768880801,6.31506866223207,6.27024544,6.47757410296412,6.72020369961347,125
"129",2020,5,6.3375,8,5.75,6.53333333333333,6.5,5.5,6.45714285714286,2,6,2,1,7,2460,1101,1359,627,642,1818,6.65573735772358,7.07504632152589,6.31603230316409,6.27097830940989,6.47605140186916,6.71919081408141,126
"130",2020,6,6.73333333333333,3,6.7,6.75,NA,7.5,6.35,1,2,0,1,2,2463,1102,1361,627,643,1820,6.65583187170118,7.07470598911071,6.31667002204261,6.27097830940989,6.47764385692069,6.71878510989011,127
"131",2020,7,7.21,10,7.44285714285714,6.66666666666667,6,7,7.2625,7,3,2,2,8,2473,1109,1364,629,645,1828,6.65807274565305,7.07702975653742,6.31743980938416,6.27011669316375,6.47926356589148,6.72116460612692,128
"132",2020,8,6.29166666666667,12,6.71428571428571,5.7,5,6.5,6.25,7,5,1,2,10,2485,1116,1369,630,647,1838,6.65630338028169,7.07475448028674,6.31518473338203,6.26810063492063,6.47932766615147,6.71860114254625,129
"133",2020,9,6.86666666666667,6,7.5,5.6,5.2,NA,6.86666666666667,4,2,1,0,6,2491,1120,1371,631,647,1844,6.65681007627459,7.07627321428571,6.31414142961342,6.26640792393027,6.47932766615147,6.7190829175705,130
"134",2020,10,7.22222222222222,9,7,7.33333333333333,NA,5,7.5,3,6,0,1,8,2500,1123,1377,631,648,1852,6.65884556,7.07606945681211,6.31858235294118,6.26640792393027,6.47704475308643,6.72245620950324,131
"135",2020,11,7.27090909090909,11,8.08,6.3,7,7.246,7.29166666666667,6,5,1,5,6,2511,1129,1382,632,653,1858,6.66152684189566,7.0814047829938,6.31851512301013,6.26756867088608,6.48293261868301,6.72429434876211,132
"136",2020,12,6.33823529411765,17,6.39583333333333,6.2,6,6.41666666666667,6.32142857142857,12,5,1,3,14,2528,1141,1387,633,656,1872,6.65935280854431,7.07419456617003,6.31808788752704,6.26714597156398,6.48262957317074,6.72128146367522,133
"137",2021,1,5.59375,8,7.16666666666667,4.65,6.75,6.33333333333333,5.15,3,5,1,3,5,2536,1144,1392,634,659,1877,6.65599128548896,7.07443706293706,6.31209619252873,6.26790757097792,6.48194992412747,6.71709584443261,134
"138",2021,2,6.75,8,7.25,6.25,NA,NA,6.75,4,4,0,0,8,2544,1148,1396,634,659,1885,6.65628691037736,7.07504878048781,6.31191826647564,6.26790757097792,6.48194992412747,6.71723549071618,135
"139",2021,3,7.36666666666667,6,7.73333333333333,7,NA,6,7.64,3,3,0,1,5,2550,1151,1399,634,660,1890,6.65795839215686,7.07676455256299,6.31339378127234,6.26790757097792,6.4812196969697,6.71967666666667,136
"140",2021,4,6.125,4,6.25,6,NA,6,6.16666666666667,2,2,0,1,3,2554,1153,1401,634,661,1893,6.65712368833203,7.07533044232437,6.31294639543183,6.26790757097792,6.48049167927383,6.71880026413101,137
"141",2021,5,6.09090909090909,11,6.8,5.5,5.25,5.33333333333333,6.375,5,6,4,3,8,2565,1158,1407,638,664,1901,6.65469547758285,7.07414162348878,6.30947967306325,6.26152570532915,6.47530873493976,6.71735344555497,138
"142",2021,6,7.4,5,7.33333333333333,7.5,NA,8,7.25,3,2,0,1,4,2570,1161,1409,638,665,1905,6.65614548638132,7.07481136950905,6.31116955287438,6.26152570532915,6.4776015037594,6.71847186351706,139
"143",2021,7,5.6,5,7,5.25,5,NA,5.6,1,4,1,0,5,2575,1162,1413,639,665,1910,6.6540947184466,7.07474698795181,6.30816553432413,6.25955148669796,6.4776015037594,6.71554392670157,140
"144",2021,8,5.58333333333333,6,6,5.5,NA,1,6.5,1,5,0,1,5,2581,1163,1418,639,666,1915,6.65160554048818,7.07382287188306,6.3053158674189,6.25955148669796,6.46937687687688,6.71498114882507,141
"145",2021,9,7,5,7.25,6,NA,6,7.25,4,1,0,1,4,2586,1167,1419,639,667,1919,6.65227915699923,7.07442673521851,6.30510070472163,6.25955148669796,6.4686731634183,6.71609635226681,142
"146",2021,10,7.66666666666667,6,7.6,8,NA,8,7.6,5,1,0,1,5,2592,1172,1420,639,668,1924,6.65462727623457,7.07666894197952,6.30629429577465,6.25955148669796,6.47096556886228,6.7183933991684,143
"147",2021,11,6.25,4,7.33333333333333,3,NA,NA,6.25,3,1,0,0,4,2596,1175,1421,639,668,1928,6.65400381355932,7.07732425531915,6.30396755805771,6.25955148669796,6.47096556886228,6.71742162863071,144
"148",2021,12,5.85714285714286,7,5.75,6,6.5,6.66666666666667,5.25,4,3,2,3,4,2603,1179,1424,641,671,1932,6.65186089127929,7.07282103477523,6.30332717696629,6.26030171606864,6.47184053651267,6.71438348861284,145
"149",2022,1,6.04166666666667,12,6.57142857142857,5.3,4.66666666666667,6.16666666666667,6,7,5,3,3,9,2615,1186,1429,644,674,1941,6.64906076481836,7.06986172006745,6.29981658502449,6.25287795031056,6.4704821958457,6.71107104585266,146
"150",2022,2,7,8,7.75,6.25,5.5,6,7.14285714285714,4,4,2,1,7,2623,1190,1433,646,675,1948,6.6501311094167,7.07214789915967,6.29967752965806,6.25054705882353,6.46978518518519,6.7126226386037,147
"151",2022,3,6.275,4,5.1,6.66666666666667,7,7,6.03333333333333,1,3,1,1,3,2627,1191,1436,647,676,1951,6.64955991625428,7.07049202350966,6.30044422005571,6.25170540958269,6.47056952662722,6.7115781137878,148
"152",2022,4,7,5,8,5.5,4,NA,7,3,2,1,0,5,2632,1194,1438,648,676,1956,6.65022564589666,7.07282747068677,6.299330945758,6.24823055555556,6.47056952662722,6.71231538854806,149
"153",2022,5,6.9,9,7.5,6.42,6.75,8.5,6.44285714285714,4,5,2,2,7,2641,1198,1443,650,678,1963,6.65107682695949,7.07425375626044,6.29974906444906,6.24977446153846,6.47655604719764,6.7113545084055,150
"154",2022,6,6.75,10,6.6,6.9,7,7.25,6.625,5,5,1,2,8,2651,1203,1448,651,680,1971,6.65144998113919,7.07228262676642,6.30182175414365,6.25092688172043,6.47883088235295,6.71100400811771,151
"155",2022,7,6.25,4,6,7,NA,6,6.33333333333333,3,1,0,1,3,2655,1206,1449,651,681,1974,6.65084516007533,7.06961525704809,6.30230358868185,6.25092688172043,6.47812775330397,6.71043004052685,152
"156",2022,8,6.74545454545455,11,7.5,6.31428571428571,5.4,NA,6.74545454545455,4,7,3,0,11,2666,1210,1456,654,681,1985,6.65123552138035,7.07103801652893,6.30236119505494,6.24702354740061,6.47812775330397,6.71062413098237,153
