"","year","month","avg_rating","no_ratings","avg_rating_owned","avg_rating_not_owned","avg_rating_prev_owned","avg_rating_comment","avg_rating_no_comment","no_ratings_owned","no_ratings_not_owned","no_ratings_prev_owned","no_ratings_comment","no_ratings_no_comment","cum_no_ratings","cum_no_ratings_owned","cum_no_ratings_not_owned","cum_no_ratings_prev_owned","cum_no_ratings_comment","cum_no_ratings_no_comment","cum_avg_rating","cum_avg_rating_owned","cum_avg_rating_not_owned","cum_avg_rating_prev_owned","cum_avg_rating_comment","cum_avg_rating_no_comment","month_after_release"
"1",2001,6,7.4375,16,7.4375,NA,NA,9,7.07692307692308,16,0,0,3,13,16,16,0,0,3,13,7.4375,7.4375,NA,NA,9,7.07692307692308,0
"2",2001,7,9.5,2,9.5,NA,NA,9,10,2,0,0,1,1,18,18,0,0,4,14,7.66666666666667,7.66666666666667,NA,NA,9,7.28571428571429,1
"3",2001,8,5.6,10,6.66666666666667,4,5.5,6.66666666666667,5.14285714285714,6,4,2,3,7,28,24,4,2,7,21,6.92857142857143,7.41666666666667,4,5.5,8,6.57142857142857,2
"4",2001,9,6.83333333333333,6,6.8,7,NA,6,7.25,5,1,0,2,4,34,29,5,2,9,25,6.91176470588235,7.31034482758621,4.6,5.5,7.55555555555556,6.68,3
"5",2001,10,9.5,2,9.5,NA,NA,9,10,2,0,0,1,1,36,31,5,2,10,26,7.05555555555556,7.45161290322581,4.6,5.5,7.7,6.80769230769231,4
"6",2001,11,8.42857142857143,7,8.42857142857143,NA,NA,8.66666666666667,8.25,7,0,0,3,4,43,38,5,2,13,30,7.27906976744186,7.63157894736842,4.6,5.5,7.92307692307692,7,5
"7",2001,12,6,1,6,NA,NA,6,NA,1,0,0,1,0,44,39,5,2,14,30,7.25,7.58974358974359,4.6,5.5,7.78571428571429,7,6
"8",2002,1,6.66666666666667,6,8,5.33333333333333,NA,1,7.8,3,3,0,1,5,50,42,8,2,15,35,7.18,7.61904761904762,4.875,5.5,7.33333333333333,7.11428571428571,7
"9",2002,2,8.33333333333333,6,8.33333333333333,NA,NA,9.5,7.75,6,0,0,2,4,56,48,8,2,17,39,7.30357142857143,7.70833333333333,4.875,5.5,7.58823529411765,7.17948717948718,8
"10",2002,3,8.2,5,8.2,NA,NA,8.5,8,5,0,0,2,3,61,53,8,2,19,42,7.37704918032787,7.75471698113208,4.875,5.5,7.68421052631579,7.23809523809524,9
"11",2002,4,4,2,2,6,NA,2,6,1,1,0,1,1,63,54,9,2,20,43,7.26984126984127,7.64814814814815,5,5.5,7.4,7.2093023255814,10
"12",2002,5,6,2,8,4,NA,NA,6,1,1,0,0,2,65,55,10,2,20,45,7.23076923076923,7.65454545454545,4.9,5.5,7.4,7.15555555555556,11
"13",2002,6,8.83333333333333,6,8.6,10,NA,9,8.75,5,1,0,2,4,71,60,11,2,22,49,7.36619718309859,7.73333333333333,5.36363636363636,5.5,7.54545454545455,7.28571428571429,12
"14",2002,7,7.5,8,7.57142857142857,7,7,8,7.33333333333333,7,1,1,2,6,79,67,12,3,24,55,7.37974683544304,7.71641791044776,5.5,6,7.58333333333333,7.29090909090909,13
"15",2002,8,6.83333333333333,12,8.125,4.25,7,9,6.63636363636364,8,4,1,1,11,91,75,16,4,25,66,7.30769230769231,7.76,5.1875,6.25,7.64,7.18181818181818,14
"16",2002,9,7.09090909090909,11,7.25,6.66666666666667,NA,8.33333333333333,6.625,8,3,0,3,8,102,83,19,4,28,74,7.2843137254902,7.71084337349398,5.42105263157895,6.25,7.71428571428571,7.12162162162162,15
"17",2002,10,7.41666666666667,12,7.22222222222222,8,NA,6.75,7.75,9,3,0,4,8,114,92,22,4,32,82,7.29824561403509,7.66304347826087,5.77272727272727,6.25,7.59375,7.18292682926829,16
"18",2002,11,7.07142857142857,14,7.28571428571429,6.85714285714286,NA,6.33333333333333,7.27272727272727,7,7,0,3,11,128,99,29,4,35,93,7.2734375,7.63636363636364,6.03448275862069,6.25,7.48571428571429,7.19354838709677,17
"19",2002,12,7.66666666666667,6,7.75,7.5,NA,9.66666666666667,5.66666666666667,4,2,0,3,3,134,103,31,4,38,96,7.2910447761194,7.64077669902913,6.12903225806452,6.25,7.65789473684211,7.14583333333333,18
"20",2003,1,7.7,10,8.33333333333333,2,NA,9.33333333333333,7,9,1,0,3,7,144,112,32,4,41,103,7.31944444444444,7.69642857142857,6,6.25,7.78048780487805,7.13592233009709,19
"21",2003,2,6.88461538461539,13,7.125,4,4,8.5,5.875,12,1,1,5,8,157,124,33,5,46,111,7.28343949044586,7.64112903225806,5.93939393939394,5.8,7.85869565217391,7.04504504504505,20
"22",2003,3,7.25,10,7.3125,7,NA,7.08333333333333,7.5,8,2,0,6,4,167,132,35,5,52,115,7.2814371257485,7.62121212121212,6,5.8,7.76923076923077,7.06086956521739,21
"23",2003,4,8.25,8,8.66666666666667,7,7,10,8,6,2,1,1,7,175,138,37,6,53,122,7.32571428571429,7.66666666666667,6.05405405405405,6,7.81132075471698,7.11475409836066,22
"24",2003,5,7.61764705882353,17,8.55,6.28571428571429,6.33333333333333,7.55555555555556,7.6875,10,7,3,9,8,192,148,44,9,62,130,7.3515625,7.72635135135135,6.09090909090909,6.11111111111111,7.7741935483871,7.15,23
"25",2003,6,7.91666666666667,12,7.9,8,NA,8,7.8,10,2,0,7,5,204,158,46,9,69,135,7.38480392156863,7.7373417721519,6.17391304347826,6.11111111111111,7.79710144927536,7.17407407407407,24
"26",2003,7,7.3468253968254,63,8.03809523809524,5.96428571428571,6.65,7.208,7.43815789473684,42,21,5,25,38,267,200,67,14,94,173,7.37584269662921,7.8005,6.10820895522388,6.30357142857143,7.64042553191489,7.23208092485549,25
"27",2003,8,7.32692307692308,26,7.97222222222222,5.875,7,7.33333333333333,7.32352941176471,18,8,1,9,17,293,218,75,15,103,190,7.37150170648464,7.81467889908257,6.08333333333333,6.35,7.61359223300971,7.24026315789474,26
"28",2003,9,7.49130434782609,23,7.62105263157895,6.875,NA,7.7875,7.33333333333333,19,4,0,8,15,316,237,79,15,111,205,7.38022151898734,7.79915611814346,6.12341772151899,6.35,7.62612612612613,7.24707317073171,27
"29",2003,10,8.05,10,8.5,7,10,8.625,7.66666666666667,7,3,1,4,6,326,244,82,16,115,211,7.40076687116564,7.81926229508197,6.15548780487805,6.578125,7.66086956521739,7.25900473933649,28
"30",2003,11,7.71428571428571,7,7.71428571428571,NA,NA,9.33333333333333,6.5,7,0,0,3,4,333,251,82,16,118,215,7.40735735735736,7.81633466135458,6.15548780487805,6.578125,7.70338983050847,7.24488372093023,29
"31",2003,12,6.57894736842105,19,6.47058823529412,7.5,NA,6.125,6.90909090909091,17,2,0,8,11,352,268,84,16,126,226,7.36264204545455,7.73097014925373,6.1875,6.578125,7.6031746031746,7.22853982300885,30
"32",2004,1,7.18421052631579,19,7.02777777777778,10,NA,7.72222222222222,6.7,18,1,0,9,10,371,286,85,16,135,236,7.35350404312668,7.68671328671329,6.23235294117647,6.578125,7.61111111111111,7.20614406779661,31
"33",2004,2,6.88461538461539,26,7.08333333333333,4.5,NA,7.13333333333333,6.54545454545455,24,2,0,15,11,397,310,87,16,150,247,7.3227959697733,7.64,6.19252873563218,6.578125,7.56333333333333,7.17672064777328,32
"34",2004,3,7.55260869565217,23,7.74809523809524,5.5,NA,7.83333333333333,7.37214285714286,21,2,0,9,14,420,331,89,16,159,261,7.33538095238095,7.6468580060423,6.17696629213483,6.578125,7.57861635220126,7.1872030651341,33
"35",2004,4,7.92692307692308,26,8.28,6.75,5,7.62307692307692,8.23076923076923,20,6,1,13,13,446,351,95,17,172,274,7.36986547085202,7.68293447293447,6.21315789473684,6.48529411764706,7.58197674418605,7.23671532846715,34
"36",2004,5,7,19,7.57142857142857,5.4,6,7.4,6.55555555555556,14,5,1,10,9,465,365,100,18,182,283,7.35475268817204,7.67865753424657,6.1725,6.45833333333333,7.57197802197802,7.21505300353357,35
"37",2004,6,7.77586206896552,29,8.225,6.77777777777778,8,7.63636363636364,7.86111111111111,20,9,3,11,18,494,385,109,21,193,301,7.37947368421053,7.70703896103896,6.22247706422018,6.67857142857143,7.57564766839378,7.2536877076412,36
"38",2004,7,6.73684210526316,19,7.26666666666667,4.75,7,5.8,7.77777777777778,15,4,1,10,9,513,400,113,22,203,310,7.35567251461988,7.690525,6.17035398230088,6.69318181818182,7.48817733990148,7.26890322580645,37
"39",2004,8,7.67241379310345,29,8.06521739130435,6.16666666666667,3,7.75,7.57692307692308,23,6,1,16,13,542,423,119,23,219,323,7.37261992619926,7.71089834515366,6.17016806722689,6.53260869565217,7.50730593607306,7.28130030959752,38
"40",2004,9,7.515625,32,7.8125,6.625,7,7.9,6.875,24,8,1,20,12,574,447,127,24,239,335,7.38059233449477,7.71635346756152,6.1988188976378,6.55208333333333,7.54016736401674,7.26674626865672,39
"41",2004,10,7.34848484848485,33,7.41666666666667,6.66666666666667,6,7.17647058823529,7.53125,30,3,1,17,16,607,477,130,25,256,351,7.37884678747941,7.69750524109015,6.20961538461538,6.53,7.516015625,7.27880341880342,40
"42",2004,11,7.49333333333333,30,7.512,7.4,7,7,7.925,25,5,1,14,16,637,502,135,26,270,367,7.38423861852433,7.68826693227092,6.2537037037037,6.54807692307692,7.48925925925926,7.30697547683924,41
"43",2004,12,7.14285714285714,28,7.32,5.66666666666667,5,7.69230769230769,6.66666666666667,25,3,1,13,15,665,527,138,27,283,382,7.37407518796993,7.67079696394687,6.24094202898551,6.49074074074074,7.49858657243816,7.28183246073298,42
"44",2005,1,7.73684210526316,38,7.78125,7.5,8,8,7.61538461538461,32,6,1,12,26,703,559,144,28,295,408,7.39368421052632,7.6771198568873,6.29340277777778,6.54464285714286,7.51898305084746,7.30308823529412,43
"45",2005,2,7.13157894736842,38,7.56896551724138,5.72222222222222,7.5,7.07894736842105,7.18421052631579,29,9,1,19,19,741,588,153,29,314,427,7.38024291497976,7.67178571428571,6.25980392156863,6.57758620689655,7.49235668789809,7.29779859484778,44
"46",2005,3,7.03658536585366,41,7.671875,4.77777777777778,NA,6.25,7.54,32,9,0,16,25,782,620,162,29,330,452,7.36222506393862,7.67179032258065,6.17746913580247,6.57758620689655,7.43212121212121,7.31119469026549,45
"47",2005,4,7.66333333333333,30,7.85416666666667,6.9,6.4,7.28333333333333,7.91666666666667,24,6,1,12,18,812,644,168,30,342,470,7.37334975369458,7.67858695652174,6.20327380952381,6.57166666666667,7.42690058479532,7.33438297872341,46
"48",2005,5,7.47222222222222,36,7.93548387096774,4.6,8,7.44444444444444,7.5,31,5,1,18,18,848,675,173,31,360,488,7.37754716981132,7.69038518518519,6.15693641618497,6.61774193548387,7.42777777777778,7.34049180327869,47
"49",2005,6,6.64583333333333,24,6.97222222222222,5.66666666666667,5.5,6.125,7.16666666666667,18,6,2,12,12,872,693,179,33,372,500,7.35740825688073,7.6717316017316,6.14050279329609,6.55,7.38575268817204,7.33632,48
"50",2005,7,7.82285714285714,35,7.90357142857143,7.5,9.5,8.48571428571429,7.38095238095238,28,7,1,14,21,907,721,186,34,386,521,7.37536934950386,7.68073509015257,6.19166666666667,6.63676470588235,7.42564766839378,7.33811900191939,49
"51",2005,8,7.26162790697674,43,7.54487179487179,4.5,9,7.25892857142857,7.26666666666667,39,4,1,28,15,950,760,190,35,414,536,7.37022105263158,7.67376315789474,6.15605263157895,6.70428571428571,7.41437198067633,7.33611940298508,50
"52",2005,9,7.21931818181818,44,7.60138888888889,5.5,4,7.6,6.90208333333333,36,8,1,20,24,994,796,198,36,434,560,7.36354124748491,7.67048994974874,6.12954545454545,6.62916666666667,7.42292626728111,7.31751785714286,51
"53",2005,10,7.60769230769231,39,8.12727272727273,4.75,6.8,7.26,7.97368421052632,33,6,4,20,19,1033,829,204,40,454,579,7.37275895450145,7.68867310012063,6.08897058823529,6.64625,7.41574889867841,7.33905008635579,52
"54",2005,11,7.62317073170732,41,7.76527777777778,6.6,10,7.32045454545455,7.97368421052632,36,5,1,22,19,1074,865,209,41,476,598,7.38231843575419,7.6918612716763,6.1011961722488,6.7280487804878,7.41134453781513,7.35921404682274,53
"55",2005,12,7.33225806451613,62,7.77755102040816,5.65384615384615,6.375,7.63,7.19047619047619,49,13,4,20,42,1136,914,222,45,496,640,7.37958626760563,7.69645514223195,6.075,6.69666666666667,7.42016129032258,7.348140625,54
"56",2006,1,7.28846153846154,52,7.71794871794872,6,6.57142857142857,7.25,7.32142857142857,39,13,7,24,28,1188,953,235,52,520,668,7.37559764309764,7.69733473242392,6.07085106382979,6.67980769230769,7.41230769230769,7.34702095808383,55
"57",2006,2,7.38571428571429,35,7.59090909090909,4,NA,6.97058823529412,7.77777777777778,33,2,0,17,18,1223,986,237,52,537,686,7.37588716271464,7.69377281947262,6.05337552742616,6.67980769230769,7.39832402234637,7.35832361516035,56
"58",2006,3,6.99264705882353,34,7.225,5.25,6,6.77380952380952,7.34615384615385,30,4,2,21,13,1257,1016,241,54,558,699,7.36552108194113,7.6799311023622,6.04004149377593,6.65462962962963,7.37482078853047,7.35809728183119,57
"59",2006,4,7.43928571428571,28,7.72857142857143,6.57142857142857,5,6.96153846153846,7.85333333333333,21,7,2,13,15,1285,1037,248,56,571,714,7.36712840466926,7.68091610414658,6.05504032258065,6.59553571428571,7.365411558669,7.36850140056023,58
"60",2006,5,7.25,32,7.42857142857143,6,7,6.69230769230769,7.63157894736842,28,4,1,13,19,1317,1065,252,57,584,733,7.36428246013667,7.67428169014085,6.05416666666667,6.60263157894737,7.35042808219178,7.37532060027285,59
"61",2006,6,7.21428571428571,42,7.5,6,7,7.31578947368421,7.1304347826087,34,8,2,19,23,1359,1099,260,59,603,756,7.359646799117,7.66888989990901,6.0525,6.61610169491525,7.34933665008292,7.36787037037037,60
"62",2006,7,7.1948275862069,58,7.46304347826087,6.16666666666667,6.25,7.875,6.83684210526316,46,12,4,20,38,1417,1145,272,63,623,794,7.35290049400141,7.66062008733624,6.05753676470588,6.59285714285714,7.36621187800963,7.34245591939547,61
"63",2006,8,6.74047619047619,42,7.34827586206897,5.38461538461539,7,7.53571428571429,6.34285714285714,29,13,1,14,28,1459,1174,285,64,637,822,7.33527073337903,7.65290459965928,6.02684210526316,6.59921875,7.36993720565149,7.30840632603406,62
"64",2006,9,7.48518518518518,54,7.71052631578947,6.95,6.75,7.20869565217391,7.69032258064516,38,16,2,23,31,1513,1212,301,66,660,853,7.34062128222075,7.65471122112211,6.07591362126246,6.60378787878788,7.36431818181818,7.32228604923798,63
"65",2006,10,6.77142857142857,42,7.125,6.06428571428571,8,6.81052631578947,6.73913043478261,28,14,3,19,23,1555,1240,315,69,679,876,7.32524758842444,7.64275,6.07539682539683,6.66449275362319,7.34882179675994,7.30697488584475,64
"66",2006,11,7.63222222222222,45,7.92179487179487,5.75,5.83333333333333,7.42307692307692,7.7171875,39,6,3,13,32,1600,1279,321,72,692,908,7.33388125,7.65125879593432,6.06931464174455,6.62986111111111,7.35021676300578,7.32143171806167,65
"67",2006,12,7.53606557377049,61,7.76296296296296,5.78571428571429,6,7.23636363636364,7.70512820512821,54,7,2,22,39,1661,1333,328,74,714,947,7.34130644190247,7.6557839459865,6.06326219512195,6.61283783783784,7.34670868347339,7.33723336853221,66
"68",2007,1,7.2524,100,7.57703703703704,5.86842105263158,5.6,7.42617647058823,7.16287878787879,81,19,5,34,66,1761,1414,347,79,748,1013,7.3362578080636,7.6512729844413,6.05259365994236,6.54873417721519,7.35032085561497,7.32587364264561,67
"69",2007,2,7.295786,50,7.60714285714286,5.6611625,5,7.73529411764706,7.06937272727273,42,8,1,17,33,1811,1456,355,80,765,1046,7.33514041965765,7.65,6.04377267605634,6.529375,7.35887581699346,7.31778135755258,68
"70",2007,3,7.20757575757576,66,7.51296296296296,5.83333333333333,7,6.71304347826087,7.47209302325581,54,12,3,23,43,1877,1510,367,83,788,1089,7.33065492807672,7.64509933774835,6.03689182561308,6.54638554216867,7.34002538071066,7.32387447199265,69
"71",2007,4,7.684375,48,7.9125,7,7,7.6,7.72272727272727,36,12,2,15,33,1925,1546,379,85,803,1122,7.33947496103896,7.65132600258732,6.06738601583114,6.55705882352941,7.34488169364882,7.33560543672014,70
"72",2007,5,7.09649122807018,57,7.34444444444444,6.16666666666667,7.2,6.82352941176471,7.2125,45,12,5,17,40,1982,1591,391,90,820,1162,7.3324870332997,7.6426461345066,6.07043299232737,6.59277777777778,7.33407317073171,7.33136772805508,71
"73",2007,6,7.290625,64,7.33220338983051,6.8,6,7.39642857142857,7.20833333333333,59,5,2,28,36,2046,1650,396,92,848,1198,7.33117756598241,7.63154545454546,6.0796446969697,6.57989130434783,7.3361320754717,7.32767053422371,72
"74",2007,7,7.01241935483871,62,7.34224489795918,5.76923076923077,4,7.0535,6.99285714285714,49,13,1,20,42,2108,1699,409,93,868,1240,7.32180232447818,7.62320188346086,6.0697782396088,6.55215053763441,7.3296198156682,7.31633008064516,73
"75",2007,8,7.22816901408451,71,7.38524590163934,6.27,7.5,7,7.38571428571429,61,10,3,29,42,2179,1760,419,96,897,1282,7.31875139972465,7.61495454545455,6.07455680190931,6.58177083333333,7.31896321070234,7.31860319812793,74
"76",2007,9,7.18688524590164,61,7.30888888888889,6.84375,9,6.98333333333333,7.31891891891892,45,16,1,24,37,2240,1805,435,97,921,1319,7.31516040178572,7.60732409972299,6.10284896551724,6.60670103092783,7.31021715526601,7.31861205458681,75
"77",2007,10,7.20329113924051,79,7.49032258064516,6.15647058823529,6.5,7.2624,7.17592592592593,62,17,4,25,54,2319,1867,452,101,946,1373,7.31134941785252,7.60343867166578,6.1048657079646,6.60247524752475,7.30895348837209,7.31300021849964,76
"78",2007,11,7.61666666666667,84,8.0469696969697,6.03888888888889,7.25,7.79166666666667,7.48541666666667,66,18,2,36,48,2403,1933,470,103,982,1421,7.32202218060757,7.61858251422659,6.10233893617021,6.61504854368932,7.32664969450102,7.31882427867699,77
"79",2007,12,7.62045454545455,88,7.946875,6.75,5.83333333333333,7.78378378378378,7.50196078431373,64,24,6,37,51,2491,1997,494,109,1019,1472,7.3325649538338,7.62910365548323,6.13380425101215,6.57201834862385,7.34324828263003,7.32516936141304,78
"80",2008,1,7.853,100,8.06987951807229,6.79411764705882,7.16666666666667,8.17435897435897,7.64754098360656,83,17,3,39,61,2591,2080,511,112,1058,1533,7.35265121574682,7.64669230769231,6.15577162426614,6.58794642857143,7.37388468809074,7.33799693411611,79
"81",2008,2,7.51066666666667,75,7.87169811320755,6.64090909090909,6,7.38666666666667,7.59333333333333,53,22,3,30,45,2666,2133,533,115,1088,1578,7.35709651162791,7.6522831692452,6.17579606003752,6.57260869565217,7.37423713235294,7.34527839036755,80
"82",2008,3,7.02285714285714,70,7.64489795918367,5.57142857142857,7.33333333333333,6.6,7.25777777777778,49,21,3,25,45,2736,2182,554,118,1113,1623,7.34854506578947,7.65211732355637,6.15288682310469,6.59194915254237,7.35684636118598,7.34285231053605,81
"83",2008,4,7.871875,64,7.97692307692308,7.41666666666667,5.66666666666667,8.472,7.48717948717949,52,12,3,25,39,2800,2234,566,121,1138,1662,7.36050689285714,7.65967770814682,6.17968074204947,6.56900826446281,7.38134446397188,7.34623904933815,82
"84",2008,5,7.63333333333333,60,7.85106382978723,6.84615384615385,6.33333333333333,7.70967741935484,7.55172413793103,47,13,3,31,29,2860,2281,579,124,1169,1691,7.36623052447552,7.6636212187637,6.19464473229706,6.5633064516129,7.39005132591959,7.34976303962153,83
"85",2008,6,7.36,70,7.64444444444444,6.4,7.5,7.7,7,54,16,2,36,34,2930,2335,595,126,1205,1725,7.36608167235495,7.66317773019272,6.2001668907563,6.5781746031746,7.3993112033195,7.34286915942029,84
"86",2008,7,7.22819444444444,72,7.788125,6.10833333333333,5.84,6.93769230769231,7.39239130434783,48,24,15,26,46,3002,2383,619,141,1231,1771,7.36277458361093,7.66569450272766,6.19660630048465,6.49964539007092,7.3895613322502,7.34415544889893,85
"87",2008,8,7.54871794871795,78,7.77049180327869,6.75294117647059,7.42222222222222,7.75,7.45925925925926,61,17,9,24,54,3080,2444,636,150,1255,1825,7.36748353896104,7.66831014729951,6.21147688679245,6.555,7.39645418326693,7.34756126027397,86
"88",2008,9,6.85797101449275,69,7.49772727272727,5.732,5.80769230769231,7.09722222222222,6.5969696969697,44,25,13,36,33,3149,2488,661,163,1291,1858,7.35631924420451,7.66529340836013,6.19334236006051,6.49539877300613,7.38810999225407,7.33422997847148,87
"89",2008,10,7.22923076923077,65,7.66444444444444,6.25,6.375,7.66666666666667,7.06170212765957,45,20,8,18,47,3214,2533,681,171,1309,1905,7.35374900435594,7.66527832609554,6.19500631424376,6.48976608187134,7.39194041252865,7.32750619422572,88
"90",2008,11,7.36428571428571,91,7.75625,6.43518518518519,6.13888888888889,7.13,7.47950819672131,64,27,18,30,61,3305,2597,708,189,1339,1966,7.3540391225416,7.66752021563343,6.2041656779661,6.4563492063492,7.386071695295,7.33222243133266,89
"91",2008,12,7.26989247311828,93,7.73389830508475,6.46470588235294,6.70625,7.53333333333333,7.14444444444444,59,34,16,30,63,3398,2656,742,205,1369,2029,7.35173610947616,7.66899472891567,6.21610417789757,6.47585365853658,7.38929875821768,7.32639196648595,90
"92",2009,1,7.16140350877193,114,7.54156626506024,6.14354838709677,6.2475,6.66463414634146,7.44041095890411,83,31,20,41,73,3512,2739,773,225,1410,2102,7.34555788724374,7.66513326031399,6.21319443725744,6.45555555555555,7.36822695035461,7.33035171265461,91
"93",2009,2,7.02091503267974,153,7.48987341772152,6.52027027027027,6.5875,7.81944444444444,6.77521367521368,79,74,20,36,117,3665,2818,847,245,1446,2219,7.33200526603001,7.66022001419447,6.2400227863046,6.46632653061224,7.37946058091286,7.30108125281658,92
"94",2009,3,7.35864661654135,133,8.16707317073171,6.05882352941176,6.31818181818182,7.61538461538461,7.29626168224299,82,51,22,26,107,3798,2900,898,267,1472,2326,7.33293820431806,7.67455172413793,6.22973195991091,6.45411985018726,7.3836277173913,7.30085954428203,93
"95",2009,4,7.22920353982301,113,7.88965517241379,6.53272727272727,6.21052631578947,7.55,7.11325301204819,58,55,19,30,83,3911,2958,953,286,1502,2409,7.32994101252877,7.67876943881001,6.2472185729276,6.43793706293706,7.38695073235686,7.29439572436696,94
"96",2009,5,7.23347222222222,144,7.76153846153846,6.32679245283019,6.02083333333333,6.95833333333333,7.32518518518518,91,53,24,36,108,4055,3049,1006,310,1538,2517,7.3265152404439,7.68123975073795,6.25141083499006,6.40564516129032,7.37691807542263,7.29571684545093,95
"97",2009,6,7.25731707317073,123,7.77405063291139,6.32954545454545,6.23076923076923,7.20689655172414,7.27287234042553,79,44,13,29,94,4178,3128,1050,323,1567,2611,7.32447805169938,7.6835837595908,6.25468504761905,6.39860681114551,7.37377153797064,7.29489440827269,96
"98",2009,7,7.0125,116,7.72,6.25446428571429,6.52941176470588,6.75862068965517,7.09712643678161,60,56,17,29,87,4294,3188,1106,340,1596,2698,7.31605013972986,7.68426913425345,6.25467386980109,6.40514705882353,7.36259398496241,7.2885171608599,97
"99",2009,8,7.41412213740458,131,7.93518518518519,6.57,6.91052631578947,7.92058823529412,7.23659793814433,81,50,19,34,97,4425,3269,1156,359,1630,2795,7.31895351412429,7.6904863872744,6.2683125432526,6.43189415041783,7.37423312883435,7.28671531305904,98
"100",2009,9,7.56544715447154,123,7.8843023255814,6.82432432432432,6.44615384615385,7.275,7.66758241758242,86,37,13,32,91,4548,3355,1193,372,1662,2886,7.32561989885664,7.69545454545455,6.28555683151718,6.43239247311828,7.37232250300842,7.29872463617464,99
"101",2009,10,7.59518518518519,135,7.90128205128205,7.17631578947368,7.04761904761905,7.89880952380952,7.45806451612903,78,57,21,42,93,4683,3433,1250,393,1704,2979,7.33339083920564,7.70013108068745,6.32617544,6.46526717557252,7.38529929577465,7.30369899295066,100
"102",2009,11,7.47777777777778,117,8.05342465753425,6.52272727272727,6.15,7.55625,7.44823529411765,73,44,16,32,85,4800,3506,1294,409,1736,3064,7.33691027083333,7.70748716486024,6.33285880989181,6.45293398533007,7.38845046082949,7.30770864882507,101
"103",2009,12,7.34748603351955,179,8.06018518518519,6.26338028169014,6.33333333333333,7.42888888888889,7.32014925373134,108,71,21,45,134,4979,3614,1365,430,1781,3198,7.33729048001607,7.71802711676813,6.32924490842491,6.44709302325581,7.38947220662549,7.3082299249531,102
"104",2010,1,7.35,201,7.71439393939394,6.65289855072464,6.55263157894737,7.406,7.33145695364238,132,69,19,50,151,5180,3746,1434,449,1831,3349,7.33778364864865,7.71789909236519,6.34481820083682,6.45155902004454,7.3899235390497,7.30927718722007,103
"105",2010,2,7.3604347826087,115,7.82307692307692,6.759,6.94615384615385,6.772,7.52388888888889,65,50,13,25,90,5295,3811,1484,462,1856,3439,7.33827559962229,7.71969299396484,6.35877311320755,6.46547619047619,7.38160021551724,7.31489366094795,104
"106",2010,3,7.27959016393443,122,7.566,6.62162162162162,6.65,7.35789473684211,7.26514563106796,85,37,10,19,103,5417,3896,1521,472,1875,3542,7.33695390437512,7.71633983572895,6.36516719263642,6.46938559322034,7.38136,7.31344700734049,105
"107",2010,4,7.2989010989011,91,7.87543859649123,6.33235294117647,6.18181818181818,7.78,7.06229508196721,57,34,11,30,61,5508,3953,1555,483,1905,3603,7.33632521786492,7.71863394889957,6.36444971061093,6.4628364389234,7.38763779527559,7.30919492089925,106
"108",2010,5,7.28453608247423,97,7.66810344827586,6.71410256410256,7.29166666666667,7.2675,7.28896103896104,58,39,12,20,77,5605,4011,1594,495,1925,3680,7.33542895628903,7.71790326601845,6.37300457967378,6.48292929292929,7.38638961038961,7.30877154891304,107
"109",2010,6,7.4735632183908,87,8.08245614035088,6.31666666666667,6.73076923076923,7.85714285714286,7.35151515151515,57,30,13,21,66,5692,4068,1624,508,1946,3746,7.33754028460998,7.72301130776795,6.3719638546798,6.48927165354331,7.39146968139774,7.30952463961559,108
"110",2010,7,7.48333333333333,102,7.66388888888889,7.05,6.67142857142857,8.27083333333333,7.24102564102564,72,30,7,24,78,5794,4140,1654,515,1970,3824,7.34010688643424,7.72198309178744,6.38426197097944,6.49174757281553,7.40218274111675,7.30812743200837,109
"111",2010,8,7.43143939393939,132,7.88988764044944,6.48255813953488,7,6.07083333333333,7.7337962962963,89,43,14,24,108,5926,4229,1697,529,1994,3932,7.34214129260884,7.72551667060771,6.38675268120212,6.50519848771267,7.38615847542628,7.31981925228891,110
"112",2010,9,7.17051282051282,117,7.61794871794872,6.27564102564103,5.89285714285714,6.5046875,7.42117647058824,78,39,14,32,85,6043,4307,1736,543,2026,4017,7.33881835181201,7.72356860924077,6.38425650921659,6.48941068139963,7.37223593287265,7.32196397809311,111
"113",2010,10,7.19045454545455,110,7.65073529411765,6.4452380952381,6.54117647058824,6.56363636363636,7.34715909090909,68,42,17,22,88,6153,4375,1778,560,2048,4105,7.33616598407281,7.72243657142857,6.38569701912261,6.49098214285714,7.3635498046875,7.32250409257004,112
"114",2010,11,7.22006578947368,152,7.86123595505618,6.31428571428571,6.38888888888889,7.2,7.22606837606838,89,63,18,35,117,6305,4464,1841,578,2083,4222,7.33336705789056,7.7252038530466,6.38325328625747,6.48780276816609,7.36080172827652,7.31983166745618,113
"115",2010,12,7.45186666666667,150,8.02451612903226,6.51754385964912,6.71875,8.11212121212121,7.26564102564103,93,57,16,33,117,6455,4557,1898,594,2116,4339,7.33612072811774,7.73131226684222,6.38728624868282,6.49402356902357,7.37251890359168,7.31837043097488,114
"116",2011,1,7.29464285714286,168,7.75876288659794,6.66056338028169,6.715,7.39375,7.263671875,97,71,20,40,128,6623,4654,1969,614,2156,4467,7.33506859429261,7.73188440051569,6.39714032503809,6.50122149837134,7.37291280148423,7.3168030669353,115
"117",2011,2,7.43555555555556,135,8.14178082191781,6.60403225806452,6.34375,7.49193548387097,7.41875,73,62,16,31,104,6758,4727,2031,630,2187,4571,7.33707595442438,7.73821451237572,6.4034560807484,6.49722222222222,7.37459990855052,7.31912257711661,116
"118",2011,3,7.11042372881356,118,8.02112676056338,5.73468085106383,6.32789473684211,7.1251724137931,7.10561797752809,71,47,19,29,89,6876,4798,2078,649,2216,4660,7.33318634380454,7.74240100041684,6.38832978825794,6.49226502311248,7.3713357400722,7.31504491416309,117
"119",2011,4,7.4623275862069,116,7.98313253012048,6.15242424242424,6.2,6.9009375,7.67619047619048,83,33,10,32,84,6992,4881,2111,659,2248,4744,7.335328847254,7.74649457078468,6.38464201800095,6.48783004552352,7.3646396797153,7.32143956576729,118
"120",2011,5,7.13333333333333,114,7.49545454545455,6.63541666666667,6.26923076923077,6.47916666666667,7.30777777777778,66,48,13,24,90,7106,4947,2159,672,2272,4834,7.33208827751196,7.74314534061047,6.39021736915239,6.48360119047619,7.35528609154929,7.3211852089367,119
"121",2011,6,7.50357142857143,112,7.98,6.70952380952381,7,7.66666666666667,7.47835051546392,70,42,11,15,97,7218,5017,2201,683,2287,4931,7.3347491410363,7.74645006976281,6.39631044979555,6.49191800878477,7.35732837778749,7.32427688095721,120
"122",2011,7,7.65402298850575,87,8.09818181818182,6.890625,6.1,8.05882352941176,7.55571428571429,55,32,5,17,70,7305,5072,2233,688,2304,5001,7.33855158110883,7.7502641955836,6.40339422301836,6.48906976744186,7.36250434027778,7.32751635672866,121
"123",2011,8,7.59322080536913,149,7.91214183673469,6.98039215686275,7.18095238095238,7.15,7.70495714285714,98,51,21,30,119,7454,5170,2284,709,2334,5120,7.34364223235846,7.75333266924565,6.41627815236427,6.50956276445698,7.35977292202228,7.33628890625,122
"124",2011,9,7.42458333333333,120,7.7355421686747,6.72702702702703,6.96,7.21212121212121,7.5051724137931,83,37,15,33,87,7574,5253,2321,724,2367,5207,7.34492463691576,7.75305157053113,6.42123192589401,6.51889502762431,7.35771440642163,7.33911065872864,123
"125",2011,10,7.43464285714286,140,7.80052083333333,6.63636363636364,6.525,7.51923076923077,7.41535087719298,96,44,20,26,114,7714,5349,2365,744,2393,5321,7.34655291677469,7.75390351467564,6.42523437632135,6.51905913978495,7.35946928541579,7.34074407066341,124
"126",2011,11,7.2226582278481,158,7.70902173913043,6.54469696969697,6.5,7.3234375,7.19706349206349,92,66,17,32,126,7872,5441,2431,761,2425,5447,7.34406620934959,7.75314462414997,6.42847770464829,6.51863337713535,7.35899381443299,7.33742045162475,125
"127",2011,12,7.58544776119403,134,7.99408602150538,6.65853658536585,6.875,7.52608695652174,7.59774774774775,93,41,12,23,111,8006,5534,2472,773,2448,5558,7.3481063202598,7.7571936935309,6.43229340614887,6.52416558861578,7.36056372549019,7.3426195034185,126
"128",2012,1,7.51885245901639,183,8.02606837606838,6.61969696969697,6.25,7.78414634146341,7.44225352112676,117,66,18,41,142,8189,5651,2538,791,2489,5700,7.35192199291733,7.76276055565387,6.43716678486998,6.51792667509482,7.36754118119727,7.34510161403509,127
"129",2012,2,7.55035211267606,142,7.98010752688172,6.73469387755102,6.47894736842105,6.795,7.67418032786885,93,49,19,20,122,8331,5744,2587,810,2509,5822,7.35530418917297,7.76627957869081,6.44280220332432,6.51701234567901,7.36297728178557,7.35199745791824,128
"130",2012,3,7.74877049180328,122,8.14120879120879,6.59677419354839,6.2,8.16891891891892,7.56588235294118,91,31,5,37,85,8453,5835,2618,815,2546,5907,7.36098298828818,7.77212680377035,6.44462540106952,6.51506748466258,7.374689709348,7.35507519891654,129
"131",2012,4,7.41110606060606,132,7.73617021276596,6.607,6.43623529411765,7.03523076923077,7.50330188679245,94,38,17,26,106,8585,5929,2656,832,2572,6013,7.36175366336633,7.77155673806713,6.44694853162651,6.51345673076923,7.37125816485225,7.35768820888076,130
"132",2012,5,7.63828828828829,111,8.2731884057971,6.59523809523809,6.09375,7.7,7.6203488372093,69,42,16,25,86,8696,5998,2698,848,2597,6099,7.36528348666053,7.7773274258086,6.44925696812454,6.50553773584906,7.37442279553331,7.36139190031153,131
"133",2012,6,7.44764150943396,106,7.83493150684932,6.59090909090909,6.1,7.97,7.28641975308642,73,33,10,25,81,8802,6071,2731,858,2622,6180,7.36627530106794,7.77802007906441,6.45096861955328,6.50081118881119,7.38010144927536,7.36040925566343,132
"134",2012,7,7.66830508474576,118,7.92361111111111,7.26869565217391,7.215,7.772,7.64043010752688,72,46,10,25,93,8920,6143,2777,868,2647,6273,7.37027076233183,7.77972650170926,6.46451397191214,6.50903917050691,7.38380279561768,7.36456068866571,133
"135",2012,8,7.52021276595745,141,7.84329268292683,7.07118644067797,7.04259259259259,6.9375,7.69128440366972,82,59,27,32,109,9061,6225,2836,895,2679,6382,7.37260403928926,7.78056383935743,6.4771351551481,6.52513519553073,7.37847181784248,7.37014089627076,134
"136",2012,9,7.57083333333333,132,8.05952380952381,6.715625,7.13529411764706,8.23181818181818,7.35050505050505,84,48,17,33,99,9193,6309,2884,912,2712,6481,7.3754503644077,7.78427799968299,6.48110447295423,6.53650877192982,7.38885545722714,7.36984095047061,135
"137",2012,10,7.37828947368421,152,7.80795454545455,6.7875,6.5625,7.14,7.4251968503937,88,64,16,25,127,9345,6397,2948,928,2737,6608,7.3754965436062,7.78460370486165,6.48775620759837,6.53695689655172,7.38658238947753,7.37090484261501,136
"138",2012,11,7.48848684210526,152,7.82956989247312,6.95084745762712,6.86190476190476,7.32926829268293,7.5472972972973,93,59,21,41,111,9497,6490,3007,949,2778,6719,7.37730495946088,7.78524805855162,6.49684246757566,6.54414752370917,7.38573650107991,7.37381890162227,137
"139",2012,12,7.67160555555556,180,8.12008547008547,6.83871428571429,6.53,7.7,7.66475172413793,117,63,20,35,145,9677,6607,3070,969,2813,6864,7.3827791877648,7.79117752383835,6.5038580781759,6.54385552115583,7.38964664059723,7.37996477272727,138
"140",2013,1,7.68488372093023,215,8.08345070422535,6.90958904109589,6.844,8.08095238095238,7.58872832369942,142,73,25,42,173,9892,6749,3143,994,2855,7037,7.3893453497776,7.79732699659209,6.51328167356029,6.55140442655936,7.39981646234676,7.38509708682677,139
"141",2013,2,7.68728571428571,140,8.18886363636364,6.83846153846154,6.62857142857143,7.6304347826087,7.69846153846154,88,52,14,23,117,10032,6837,3195,1008,2878,7154,7.39350320972887,7.80236652040369,6.51857411580595,6.55247619047619,7.401659485754,7.39022200167738,140
"142",2013,3,7.56915714285714,140,7.81808510638298,7.06047826086956,6.77777777777778,6.77747826086957,7.72478632478632,94,46,9,23,117,10172,6931,3241,1017,2901,7271,7.3959207825403,7.80257969989901,6.52626544276458,6.55447000983284,7.39671078938297,7.39560558382616,141
"143",2013,4,7.62608695652174,138,8.04431818181818,6.89,6.65714285714286,7.05263157894737,7.71764705882353,88,50,14,19,119,10310,7019,3291,1031,2920,7390,7.39900157129001,7.80561047157715,6.53179164387724,6.55586420950534,7.39447191780822,7.40079136671177,142
"144",2013,5,7.60751879699248,133,8.12564102564103,6.87272727272727,7.47222222222222,7.38888888888889,7.64173913043478,78,55,18,18,115,10443,7097,3346,1049,2938,7505,7.40165720578378,7.80912778638862,6.53739578601315,6.5715881792183,7.39443771272975,7.4044834377082,143
"145",2013,6,7.49236641221374,131,8.22,6.35098039215686,6.03125,7.57352941176471,7.4639175257732,80,51,16,34,97,10574,7177,3397,1065,2972,7602,7.40278099111027,7.8137076633691,6.53459708566382,6.56347042253521,7.3964865410498,7.40524180478821,144
"146",2013,7,7.54093264248705,193,8.0218487394958,6.76756756756757,6.20588235294118,7.06666666666667,7.64968152866242,119,74,17,36,157,10767,7296,3471,1082,3008,7759,7.40525737902851,7.81710250822369,6.53956390089311,6.55785212569316,7.3925392287234,7.41018793658977,145
"147",2013,8,7.45073298429319,191,7.81345864661654,6.61896551724138,6.21428571428571,7.25739130434783,7.51206896551724,133,58,21,46,145,10958,7429,3529,1103,3054,7904,7.40605002737726,7.81703727284965,6.54086888637008,6.5513109700816,7.39050360183366,7.41205695850203,146
"148",2013,9,7.27825301204819,166,7.455,7.02352941176471,6.875,7.11814814814815,7.30935251798561,98,68,8,27,139,11124,7527,3597,1111,3081,8043,7.40414295217547,7.8123236216288,6.54999341117598,6.55364176417642,7.38811684518014,7.41028200920055,147
"149",2013,10,7.69726775956284,183,7.97179487179487,7.21060606060606,6.575,7.56923076923077,7.73194444444444,117,66,20,39,144,11307,7644,3663,1131,3120,8187,7.40888707880074,7.81476450811094,6.56189634179634,6.55401945181256,7.39038076923077,7.41593968486625,148
"150",2013,11,7.58866995073892,203,7.84710144927536,7.04,7.5,7.86388888888889,7.52934131736527,138,65,15,36,167,11510,7782,3728,1146,3156,8354,7.41205788010426,7.81533794654331,6.57023237660944,6.56640139616056,7.39578200253485,7.41820663155375,149
"151",2013,12,7.54333333333333,195,7.7992,7.08642857142857,7.409375,8.00882352941177,7.44503105590062,125,70,16,34,161,11705,7907,3798,1162,3190,8515,7.4142448697138,7.81508282534463,6.5797462611901,6.57800860585198,7.40231598746082,7.41871382266589,150
"152",2014,1,7.44532203389831,295,7.89475935828877,6.66712962962963,6.68518518518519,7.05975609756098,7.50755905511811,187,108,27,41,254,12000,8094,3906,1189,3231,8769,7.41500885,7.8169236347912,6.58216239119304,6.58044238856182,7.39796904982977,7.42128728475311,151
"153",2014,2,7.6625,204,8.03671328671329,6.78524590163934,6.83333333333333,7.88095238095238,7.60586419753086,143,61,15,42,162,12204,8237,3967,1204,3273,8931,7.41914587020649,7.82073933470924,6.58528517771616,6.58359302325582,7.40416681943171,7.42463533758818,152
"154",2014,3,7.44540229885058,174,7.98888888888889,6.728,6.23333333333333,6.96071428571429,7.53835616438356,99,75,21,28,146,12378,8336,4042,1225,3301,9077,7.4195149620294,7.82273631238004,6.58793327560614,6.57758857142857,7.40040533171766,7.42646449267379,153
"155",2014,4,7.3669696969697,165,7.80606060606061,6.70833333333333,6.36470588235294,7.144,7.40678571428571,99,66,17,25,140,12543,8435,4108,1242,3326,9217,7.41882374232639,7.82254059276823,6.58986764849075,6.57467471819646,7.39847805171377,7.42616558533145,154
"156",2014,5,7.61676258992806,139,8.16101123595506,6.648,6.76666666666667,7.50576923076923,7.64230088495575,89,50,15,26,113,12682,8524,4158,1257,3352,9330,7.4209932345056,7.82607460112623,6.59056669071669,6.57696579156722,7.39931026252983,7.42878330117899,155
"157",2014,6,7.69558823529412,136,8.13651685393258,6.86063829787234,6.625,7.96206896551724,7.62336448598131,89,47,16,29,107,12818,8613,4205,1273,3381,9437,7.42390670931502,7.82928246836178,6.59358532699168,6.57756952081697,7.4041372375037,7.43098953057116,156
"158",2014,7,7.43393939393939,165,7.84809523809524,6.70916666666667,6.37916666666667,7.36730769230769,7.44640287769784,105,60,12,26,139,12983,8718,4265,1285,3407,9576,7.42403421397212,7.82950905024088,6.59521132473623,6.57571673151751,7.40385617845612,7.43121326232247,157
"159",2014,8,7.53025125628141,199,7.90842519685039,6.86319444444444,7.22222222222222,7.7803125,7.48233532934132,127,72,9,32,167,13182,8845,4337,1294,3439,9743,7.42563770292823,7.8306421594121,6.59966020290523,6.58021329211746,7.4073591160221,7.43208952068152,158
"160",2014,9,7.28592814371257,167,7.79635416666667,6.59577464788732,6.17307692307692,7.390625,7.26111111111111,96,71,26,32,135,13349,8941,4408,1320,3471,9878,7.42388989437411,7.83027400738173,6.59959761796733,6.57219393939394,7.40720484010372,7.42975280421138,159
"161",2014,10,7.68802083333333,192,8.07896825396825,6.94166666666667,6.33,7.21710526315789,7.80422077922078,126,66,20,38,154,13541,9067,4474,1340,3509,10032,7.42763504911011,7.8337299988971,6.60464378632097,6.56857910447761,7.40514619549729,7.43550121610845,160
"162",2014,11,7.46701570680628,191,8.1378640776699,6.68181818181818,6.23684210526316,7.296875,7.50125786163522,103,88,19,32,159,13732,9170,4562,1359,3541,10191,7.4281827993009,7.83714611777535,6.60613246383165,6.56394113318617,7.40416774922338,7.43652715140811,161
"163",2014,12,7.54138888888889,180,7.89292452830189,7.03783783783784,6.725,7.2296875,7.60878378378378,106,74,20,32,148,13912,9276,4636,1379,3573,10339,7.42964751293847,7.83778351660198,6.61302336065574,6.56627701232777,7.40260509375875,7.43899295870007,162
"164",2015,1,7.50401785714286,280,7.93090659340659,6.71122448979592,6.36538461538461,7.57955555555556,7.48955319148936,182,98,26,45,235,14192,9458,4734,1405,3618,10574,7.43111479706877,7.83957548107422,6.61505625264047,6.56255943060498,7.40480597014925,7.44011662568565,163
"165",2015,2,7.40270935960591,203,7.78358208955224,6.66304347826087,6.8725,7.59032258064516,7.36889534883721,134,69,20,31,172,14395,9592,4803,1425,3649,10746,7.43071422021535,7.83879325479566,6.61574563814283,6.56690947368421,7.40638202247191,7.43897666108319,164
"166",2015,3,7.6207960199005,201,8.02165413533835,6.83676470588235,6.955,7.74137931034483,7.60046511627907,133,68,20,29,172,14596,9725,4871,1445,3678,10918,7.43333181693615,7.84129407712082,6.61883110244303,6.57228096885813,7.40902338227298,7.44152071808024,165
"167",2015,4,7.56462176165803,193,8.02629310344828,6.86911688311688,7.01923076923077,7.30606060606061,7.61795,116,77,26,33,160,14789,9841,4948,1471,3711,11078,7.43504518223003,7.8434747383396,6.6227260105093,6.58018082936778,7.40810778765831,7.44406889330204,166
"168",2015,5,7.57981927710843,166,7.9890350877193,6.68269230769231,5.91666666666667,7.125,7.68014705882353,114,52,12,30,136,14955,9955,5000,1483,3741,11214,7.43665216984286,7.84514162732295,6.62334966,6.57481186783547,7.40583747661053,7.44693197788479,167
"169",2015,6,7.45970238095238,168,8.10752577319588,6.57464788732394,6.47727272727273,7.34375,7.47902777777778,97,71,22,24,144,15123,10052,5071,1505,3765,11358,7.43690823249355,7.8476735873458,6.62266777755867,6.57338604651163,7.4054416998672,7.44733889769326,168
"170",2015,7,7.25802469135802,162,7.86122448979592,6.334375,5.86875,7.48333333333333,7.20681818181818,98,64,16,30,132,15285,10150,5135,1521,3795,11490,7.43501231272489,7.84780442364532,6.61907464459591,6.56597370151216,7.40605744400527,7.44457573542211,169
"171",2015,8,7.39767326732673,202,7.78762962962963,6.61194029850746,6.67647058823529,7.2037037037037,7.4276,135,67,17,27,175,15487,10285,5202,1538,3822,11665,7.43452529218054,7.84701457462324,6.61898275663207,6.56719505851756,7.40462794348509,7.444321063009,170
"172",2015,9,7.51907514450867,173,8.01666666666667,6.80422535211268,6.62222222222222,7.064,7.59594594594595,102,71,18,25,148,15660,10387,5273,1556,3847,11813,7.43545933588761,7.84868055261384,6.62147701498199,6.56783161953728,7.40241434884325,7.44622070600186,171
"173",2015,10,7.17954545454545,176,7.6843137254902,6.48378378378378,6.26315789473684,6.94827586206897,7.22517006802721,102,74,19,29,147,15836,10489,5347,1575,3876,11960,7.43261513008335,7.84708217179903,6.6195714045259,6.56415619047619,7.3990165118679,7.44350377926422,172
"174",2015,11,7.35189573459716,211,7.775,6.74885057471264,6.43571428571429,7.19074074074074,7.37554347826087,124,87,14,27,184,16047,10613,5434,1589,3903,12144,7.43155376082757,7.84623997927071,6.62164120353331,6.5630245437382,7.39757571099155,7.44247407773386,173
"175",2015,12,7.47966804979253,241,7.86027397260274,6.89473684210526,6.616,7.29871794871795,7.51460396039604,146,95,25,39,202,16288,10759,5529,1614,3942,12346,7.43226566797642,7.84643042104285,6.62633356845723,6.56384510532838,7.39659766615931,7.44365423618986,174
"176",2016,1,7.20857142857143,259,7.58955696202532,6.61257425742574,6.634375,7.08425531914894,7.2361320754717,158,101,32,47,212,16547,10917,5630,1646,3989,12558,7.42876431981628,7.84271273243565,6.62608673179396,6.5652162818955,7.39291752318877,7.44015091575092,175
"177",2016,2,7.54221105527638,199,8.0551724137931,6.82530120481928,6.584,7.70138888888889,7.50705521472393,116,83,25,36,163,16746,11033,5713,1671,4025,12721,7.43011245670608,7.84494651500045,6.62898097321898,6.5654973070018,7.39567652173913,7.44100819117994,176
"178",2016,3,7.31005291005291,189,7.86380952380952,6.61785714285714,6.43846153846154,7.36842105263158,7.30352941176471,105,84,26,19,170,16935,11138,5797,1697,4044,12891,7.42877255388249,7.84512434009696,6.62881978609626,6.56355097230407,7.39554846686449,7.43919519044295,177
"179",2016,4,7.55583495145631,206,8.00326829268293,6.89277108433735,6.495,8.14814814814815,7.46649162011173,123,83,20,27,179,17141,11261,5880,1717,4071,13070,7.43029958578846,7.84685169167925,6.6325456292517,6.56275247524752,7.40053991648244,7.43956902830911,178
"180",2016,5,7.25509259259259,216,7.70647482014389,6.44025974025974,5.80952380952381,6.50882352941176,7.39450549450549,139,77,21,34,182,17357,11400,5957,1738,4105,13252,7.42811921414991,7.84514007894737,6.63006014772537,6.55365132336018,7.39315420219245,7.43895013582855,179
"181",2016,6,7.50948484848485,198,8.07427067669173,6.35384615384615,7.13333333333333,7.70630303030303,7.47012121212121,133,65,15,33,165,17555,11533,6022,1753,4138,13417,7.42903692395329,7.84778244168907,6.6270787612089,6.55861152310325,7.39565152247463,7.43933347246031,180
"182",2016,7,7.56582914572864,199,7.89290780141844,6.77068965517241,7.07058823529412,7.84852941176471,7.50757575757576,141,58,17,34,165,17754,11674,6080,1770,4172,13582,7.43057019263264,7.84832747130375,6.62844873355263,6.56352881355932,7.39934228187919,7.44016250920336,181
"183",2016,8,7.44426229508197,244,8.02337662337662,6.45333333333333,6.11111111111111,7.5025,7.4328431372549,154,90,27,40,204,17998,11828,6170,1797,4212,13786,7.43075581731303,7.85060660297599,6.62589437601297,6.55673121869783,7.40032193732194,7.44005419991296,182
"184",2016,9,7.56190476190476,231,8.01224489795918,6.77380952380952,6.58333333333333,7.74807692307692,7.53829268292683,147,84,24,26,205,18229,11975,6254,1821,4238,13991,7.43241775193373,7.85259080584551,6.62788108410617,6.55708182317408,7.40245540349221,7.44149361732543,183
"185",2016,10,7.27022522522523,222,7.82182481751825,6.38117647058824,7.18148148148148,7.18620689655172,7.28284974093264,137,85,27,29,193,18451,12112,6339,1848,4267,14184,7.43046627283074,7.85224280878468,6.62457300836094,6.56620454545455,7.40098570424186,7.43933496897913,184
"186",2016,11,7.50706106870229,262,7.87415730337079,6.72916666666667,6.35,7.38095238095238,7.53113636363636,178,84,25,42,220,18713,12290,6423,1873,4309,14404,7.43153867364933,7.85256020341741,6.62594088432197,6.56331873998932,7.40079043861685,7.44073710080533,185
"187",2016,12,7.44916317991632,239,7.91824324324324,6.68626373626374,6.55652173913044,7.47142857142857,7.4453431372549,148,91,23,35,204,18952,12438,6514,1896,4344,14608,7.43176093288307,7.85334176716514,6.62678358919251,6.56323628691983,7.40135957642726,7.44080142387733,186
"188",2017,1,7.58592334494774,287,7.91739130434783,6.99378640776699,6.77909090909091,7.72205128205128,7.56451612903226,184,103,33,39,248,19239,12622,6617,1929,4383,14856,7.43406066843391,7.85427546347647,6.63249634275352,6.56692897874546,7.40421309605293,7.44286666666667,187
"189",2017,2,7.55370039370079,254,8.02149367816092,6.53625,6.575,7.6468085106383,7.53255990338164,174,80,20,47,207,19493,12796,6697,1949,4430,15063,7.43561961216847,7.8565492966552,6.63134661788861,6.56701180092355,7.40678690744921,7.44409925645622,188
"190",2017,3,7.61813278008299,241,8.12272727272727,6.72494252873563,6.77272727272727,7.42806451612903,7.64619047619048,154,87,22,31,210,19734,12950,6784,1971,4461,15273,7.43784854058984,7.85971465637066,6.6325469192217,6.56930796549975,7.40693476798924,7.44687796110784,189
"191",2017,4,7.78461538461538,208,8.19777777777778,7.02054794520548,7.52777777777778,7.79615384615385,7.78296703296703,135,73,18,26,182,19942,13085,6857,1989,4487,15455,7.44146540467355,7.86320250668704,6.63667759953333,6.57798190045249,7.40919010474705,7.45083578777095,190
"192",2017,5,7.578779342723,213,8.08166666666667,6.75925925925926,7.125,7.752,7.53872832369942,132,81,24,40,173,20155,13217,6938,2013,4527,15628,7.44291655172414,7.86538433835212,6.63810872009225,6.58450372578241,7.41221912966644,7.45180874712055,191
"193",2017,6,7.5960396039604,202,8.22586206896552,6.74651162790698,6.66666666666667,8.25,7.49943181818182,116,86,27,26,176,20357,13333,7024,2040,4553,15804,7.44443597288402,7.86852057301432,6.63943597665148,6.58559117647059,7.41700329453108,7.45233909769679,192
"194",2017,7,7.69818181818182,220,8.21395348837209,6.96703296703297,6.69565217391304,8.59090909090909,7.5989898989899,129,91,23,22,198,20577,13462,7115,2063,4575,16002,7.44714890897604,7.87183069380478,6.64362590302179,6.58681822588463,7.42264830601093,7.45415367454068,193
"195",2017,8,7.53979166666667,240,7.97080536912752,6.83406593406593,6.39166666666667,7.37037037037037,7.5612676056338,149,91,24,27,213,20817,13611,7206,2087,4602,16215,7.44821699092088,7.87291417236059,6.64603084929226,6.58457402970771,7.42234159061278,7.45556072155412,194
"196",2017,9,7.68468899521531,209,8.3448,6.70238095238095,6.19047619047619,8.63142857142857,7.49425287356322,125,84,21,35,174,21026,13736,7290,2108,4637,16389,7.45056754018834,7.87720841584158,6.64668015089164,6.58064800759013,7.43146775932715,7.45597151137959,195
"197",2017,10,7.60793650793651,252,7.94423076923077,7.06145833333333,7.02272727272727,7.62727272727273,7.60502283105023,156,96,22,33,219,21278,13892,7386,2130,4670,16608,7.45243129523451,7.87796104232652,6.65207125643109,6.58521408450704,7.43285139186295,7.45793696411368,196
"198",2017,11,7.64681818181818,253,8.19585987261146,6.74890625,6.72916666666667,7.55,7.665,157,96,24,40,213,21531,14049,7482,2154,4710,16821,7.45471543820538,7.88151361662752,6.6533137262764,6.58681801299907,7.43384628450106,7.46055895012187,197
"199",2017,12,7.57482071713147,251,8.05761589403973,6.8458,7.09318181818182,7.43484848484848,7.59600917431193,151,100,22,33,218,21782,14200,7582,2176,4743,17039,7.45609944449545,7.88338625352113,6.65585245317858,6.5919375,7.433853257432,7.46229192440871,198
"200",2018,1,7.59764705882353,306,8.11494845360825,6.70160714285714,6.441,7.64193548387097,7.59265454545455,194,112,30,31,275,22088,14394,7694,2206,4774,17314,7.45806039931184,7.88650721133806,6.65651849493112,6.58988485947416,7.43520444072057,7.46436248700474,199
"201",2018,2,7.42603603603604,222,7.9865671641791,6.5725,6.55384615384615,7.94347826086956,7.36623115577889,134,88,26,23,199,22310,14528,7782,2232,4797,17513,7.45774173464814,7.88743012114537,6.65556840143922,6.58946505376344,7.43764144256827,7.46324742191515,200
"202",2018,3,7.8046511627907,215,8.20387596899225,7.20581395348837,6.525,7.51794871794872,7.86818181818182,129,86,20,39,176,22525,14657,7868,2252,4836,17689,7.46105296781354,7.89021524186396,6.66158277834266,6.58889253996447,7.43828908188585,7.46727639210809,201
"203",2018,4,7.5226724137931,232,8.05791044776119,6.79081632653061,6.55555555555556,7.45483870967742,7.53313432835821,134,98,27,31,201,22757,14791,7966,2279,4867,17890,7.46168115744606,7.89173448718815,6.66317264624655,6.58849758666081,7.43839449352784,7.4680163275573,202
"204",2018,5,7.62294117647059,204,8.16573643410853,6.68933333333333,6.125,7.98727272727273,7.55263157894737,129,75,16,33,171,22961,14920,8041,2295,4900,18061,7.46311389312312,7.89410353887399,6.66341665215769,6.58526623093682,7.44209102040816,7.46881745750512,203
"205",2018,6,7.78759036144578,166,8.17101851851852,7.07362068965517,7.12642857142857,8.41761904761905,7.69634482758621,108,58,14,21,145,23127,15028,8099,2309,4921,18206,7.46544290655943,7.89609361192441,6.66635427830596,6.58854742312689,7.4462540134119,7.47062957816105,204
"206",2018,7,7.6281611,200,8.03332435483871,6.96710526315789,7,7.54347826086957,7.63916508474576,124,76,17,23,177,23327,15152,8175,2326,4944,18383,7.46683801260342,7.89721667238648,6.66915025076453,6.59155460017197,7.44670631067961,7.47225231572649,205
"207",2018,8,7.47857142857143,217,8.02962962962963,6.57134146341463,6.73392857142857,7.32878787878788,7.5054347826087,135,82,28,33,184,23544,15287,8257,2354,4977,18567,7.46694615698267,7.89838601556878,6.66817891486012,6.59324808836024,7.44592445248141,7.47258115581408,206
"208",2018,9,7.7002688172043,186,8.20130434782609,6.8887323943662,7.30769230769231,7.66538461538462,7.7059375,115,71,13,26,160,23730,15402,8328,2367,5003,18727,7.46877498187948,7.90064777431502,6.6700592339097,6.59717194761301,7.44706496102338,7.47457490895499,207
"209",2018,10,7.36295105504587,218,7.80344170731707,6.79263157894737,6.836,7.41481481481481,7.35561952879581,123,95,25,27,191,23948,15525,8423,2392,5030,18918,7.46781166068148,7.89987763929146,6.67144168348569,6.59966806020067,7.44689184890656,7.47337391108997,208
"210",2018,11,7.64244186046512,258,8.18458904109589,6.93571428571429,6.82608695652174,7.33333333333333,7.68777777777778,146,112,23,33,225,24206,15671,8535,2415,5063,19143,7.46967295918367,7.90253017356901,6.67490958406561,6.60182443064182,7.4461516887221,7.47589393773181,209
"211",2018,12,7.68449579831933,238,8.02707006369427,7.02049382716049,6.815,7.78,7.66222797927461,157,81,24,45,193,24444,15828,8616,2439,5108,19336,7.47176459049255,7.90376550101087,6.67815846100279,6.60392209922099,7.44909279561472,7.47775380895739,210
"212",2019,1,7.58020958083832,334,8.08550458715596,6.63060344827586,7.00892857142857,7.37156862745098,7.61780918727915,218,116,28,51,283,24778,16046,8732,2467,5159,19619,7.47322639640003,7.90623459740745,6.67752671781952,6.60851884880421,7.4483264198488,7.47977407869922,211
"213",2019,2,7.78347826086957,230,8.04620689655172,7.33529411764706,7.14285714285714,7.57407407407407,7.81133004926108,145,85,21,27,203,25008,16191,8817,2488,5186,19822,7.47607980046385,7.90748813229572,6.68386790291482,6.61302893890675,7.44898110296953,7.48316959186762,212
"214",2019,3,7.76641666666667,204,8.1924,7.09239240506329,7.73529411764706,8.33428571428571,7.64881065088757,125,79,17,35,169,25212,16316,8896,2505,5221,19991,7.47842902784388,7.90967089666585,6.68749576214029,6.62064510978044,7.45491591649109,7.48456988895003,213
"215",2019,4,7.89131707317073,205,8.30924242424242,7.13561643835616,6.53076923076923,8.03416666666667,7.87237569060773,132,73,13,24,181,25417,16448,8969,2518,5245,20172,7.48175916315852,7.91287757478113,6.69114308172595,6.62018109610802,7.4575664442326,7.48804960588935,214
"216",2019,5,7.70285353535354,198,8.093828125,6.98792857142857,7.56666666666667,8.250625,7.62729885057471,128,70,15,24,174,25615,16576,9039,2533,5269,20346,7.48346818856139,7.91427487632722,6.69344145370063,6.6257860244769,7.46117878155247,7.48924047232872,215
"217",2019,6,7.39152709359606,203,7.93608333333333,6.60421686746988,6.70555555555556,7.485,7.38131147540984,120,83,18,20,183,25818,16696,9122,2551,5289,20529,7.48274528042451,7.91443162134643,6.69262960973471,6.62634888279106,7.4612688598979,7.48827836962346,216
"218",2019,7,7.58846153846154,208,7.7980487804878,7.28517647058823,6.722,7.73931034482759,7.56402234636872,123,85,20,29,179,26026,16819,9207,2571,5318,20708,7.48359016560363,7.9135804952732,6.69810006516781,6.62709295993777,7.46278506957502,7.48893310073402,217
"219",2019,8,7.64555970149254,268,8.18179487179487,6.89866071428571,6.51111111111111,7.54146341463415,7.66436123348018,156,112,27,41,227,26294,16975,9319,2598,5359,20935,7.48524103027307,7.9160453814433,6.70051049468827,6.62588760585065,7.46338701250233,7.49083528301887,218
"220",2019,9,7.72511848341232,211,8.20157480314961,7.0047619047619,7.02777777777778,7.60357142857143,7.74371584699454,127,84,18,28,183,26505,17102,9403,2616,5387,21118,7.48715063761554,7.91816573207812,6.70322846963735,6.62865290519877,7.4641156487841,7.49302664314803,219
"221",2019,10,7.7467046184739,249,8.17134262820513,7.03440860215054,7.04117647058824,7.04615384615385,7.8283831838565,156,93,17,26,223,26754,17258,9496,2633,5413,21341,7.48956631157958,7.92045427048325,6.70647191449031,6.63131636916065,7.46210807315721,7.49653090764257,220
"222",2019,11,7.69008368200837,239,8.20216216216216,6.85725274725275,7.11111111111111,7.767,7.67904306220096,148,91,18,30,209,26993,17406,9587,2651,5443,21550,7.49134172192791,7.92284958060439,6.70790312923751,6.63457412297246,7.46378853573396,7.49830097911833,221
"223",2019,12,7.87751910828025,314,8.26063414634146,7.15698165137615,7.2,8.03125,7.84977819548872,205,109,29,48,266,27307,17611,9696,2680,5491,21816,7.49578233053796,7.92678154562489,6.71295155734324,6.64069253731343,7.46874904389,7.50258650073341,222
"224",2020,1,7.64179528061224,392,8.29006004366812,6.73104294478528,6.68928571428571,7.13658536585366,7.7008084045584,229,163,28,41,351,27699,17840,9859,2708,5532,22167,7.49784872558576,7.93144470571749,6.71325066436759,6.64119497784342,7.46628723788864,7.5057252154103,223
"225",2020,2,7.50869615646258,294,7.89693641618497,6.95360884297521,7.58333333333333,7.32258064516129,7.53063372623574,173,121,30,31,263,27993,18013,9980,2738,5563,22430,7.49796265209159,7.93111328207406,6.71616482665331,6.65151789627465,7.46548642818622,7.50601727686135,224
"226",2020,3,7.97314606741573,267,8.31625,7.46009345794393,7.54227272727273,7.88764705882353,7.98562231759657,160,107,22,34,233,28260,18173,10087,2760,5597,22663,7.50245217692852,7.93450412975293,6.72405620799049,6.65861811594203,7.46805092013578,7.51094813219786,225
"227",2020,4,7.72480842911877,261,8.16609375,7.02574257425743,6.54193548387097,7.34891304347826,7.76113445378151,160,101,31,23,238,28521,18333,10188,2791,5620,22901,7.50448699274219,7.9365253122784,6.72704701315273,6.65732210677176,7.46756334519572,7.51354820837518,226
"228",2020,5,7.76110599078341,217,8.19185185185185,7.05195121951219,7.51529411764706,7.664,7.77375,135,82,17,25,192,28738,18468,10270,2808,5645,23093,7.50642471709931,7.93839173435131,6.72964118500487,6.66251638176638,7.46843330380867,7.51571158013251,227
"229",2020,6,7.49501541666667,216,8.04785123966942,6.79087715789474,6.46052631578947,7.09,7.54802790575916,121,95,19,25,191,28954,18589,10365,2827,5670,23284,7.50633960247289,7.93910423099683,6.7302024409069,6.66115882561018,7.46676472663139,7.51597667282254,228
"230",2020,7,7.70966507177033,209,8.21282051282051,7.06978260869565,7.25,7.47666666666667,7.74871508379888,117,92,19,30,179,29163,18706,10457,2846,5700,23463,7.50779675787813,7.94081623810542,6.73319004494597,6.66508995080815,7.46681684210526,7.51775224182756,229
"231",2020,8,7.83567961165049,206,8.26793893129771,7.08066666666667,7,7.43333333333333,7.91242774566474,131,75,20,33,173,29369,18837,10532,2866,5733,23636,7.51009659334672,7.94309117959335,6.73566447968097,6.6674270760642,7.46662410605267,7.52064100736165,230
"232",2020,9,7.82864864864865,222,8.17215384615385,7.34326086956522,8,8.475,7.75030303030303,130,92,21,24,198,29591,18967,10624,2887,5757,23834,7.51248646041026,7.94466117730796,6.74092604480422,6.67712019397298,7.47082786173354,7.52254891541495,231
"233",2020,10,8.08185483870968,248,8.55477707006369,7.26593406593407,6.97058823529412,8.25757575757576,8.05488372093023,157,91,17,33,215,29839,19124,10715,2904,5790,24049,7.51721863500787,7.94966997228613,6.74538481567896,6.67883815426997,7.47531191709844,7.52730803151898,232
"234",2020,11,7.61181818181818,220,8.10074626865672,6.85,6.93529411764706,8.10869565217391,7.55380710659898,134,86,17,23,197,30059,19258,10801,2921,5813,24246,7.51791100336006,7.9507211834043,6.74621778539024,6.68033070866141,7.47781799415104,7.52752333787017,233
"235",2020,12,7.8671768707483,294,8.2585635359116,7.24026548672566,6.80952380952381,8.29634146341463,7.79762845849802,181,113,21,41,253,30353,19439,10914,2942,5854,24499,7.5212940022403,7.95358755851638,6.75133299431922,6.68125288919102,7.48355073454048,7.53031270051839,234
"236",2021,1,7.59534161490683,322,7.90985221674877,7.05882352941176,6.91666666666667,7.48387096774194,7.60721649484536,203,119,30,31,291,30675,19642,11033,2972,5885,24790,7.52207129095354,7.95313555391508,6.75464953321853,6.68362920592194,7.48355242141036,7.53121544372731,235
"237",2021,2,7.72741803278689,244,8.13389937106918,6.96705882352941,6.46875,7.8448275862069,7.71158139534884,159,85,16,29,215,30919,19801,11118,2988,5914,25005,7.52369180277499,7.95458706883491,6.75627345745638,6.68247858099063,7.48532397700372,7.53276628074385,236
"238",2021,3,7.66379947154472,246,8.18282409722222,6.93105882352941,6.9218125,7.47993333333333,7.68933643518519,144,102,32,30,216,31165,19945,11220,3020,5944,25221,7.52479773848869,7.95623490699424,6.75786241532977,6.68501456953642,7.48529676985195,7.53410719321201,237
"239",2021,4,7.75270042194093,237,8.16759398496241,7.22211538461538,6.87916666666667,7.5236,7.77971698113208,133,104,24,25,212,31402,20078,11324,3044,5969,25433,7.52651778612827,7.95763498456022,6.76212613034264,6.68654533508541,7.48545719551013,7.53615450477726,238
"240",2021,5,7.89896642241379,232,8.19901556338028,7.42555555555556,6.6,7.69230769230769,7.9250495631068,142,90,20,26,206,31634,20220,11414,3064,5995,25639,7.52924928020484,7.95933013996044,6.76735730681619,6.68598041775457,7.48635429524603,7.53927913452163,239
"241",2021,6,7.68402004291845,233,8.26744133802817,6.77362637362637,6.645,7.60294117647059,7.69787271356784,142,91,20,34,199,31867,20362,11505,3084,6029,25838,7.53038090814949,7.96147883803163,6.76740689265537,6.68571465629053,7.48701177641399,7.54050059602136,240
"242",2021,7,7.75927853881279,219,8.15993798449612,7.185,7.14285714285714,7.37841666666667,7.80615384615385,129,90,14,24,195,32086,20491,11595,3098,6053,26033,7.53194322757589,7.9627282270265,6.77064823630875,6.68778050355067,7.48658119940525,7.54249046978835,241
"243",2021,8,7.79501295719844,257,8.22389955128205,7.13257425742574,6.80428571428571,7.25051724137931,7.86426899122807,156,101,21,29,228,32343,20647,11696,3119,6082,26261,7.53403360016078,7.96470152709837,6.77377362346101,6.68856492465533,7.48545560670832,7.54528417539317,242
"244",2021,9,7.67279620853081,211,8.25121951219512,6.86431818181818,6.3,7.45652173913043,7.69925531914894,123,88,25,23,188,32554,20770,11784,3144,6105,26449,7.53493299533083,7.9663982874338,6.77444978784793,6.68547519083969,7.4853466011466,7.54637860524027,243
"245",2021,10,7.70628458498024,253,8.26725490196078,6.848,6.13888888888889,6.74666666666667,7.83538116591928,153,100,18,30,223,32807,20923,11884,3162,6135,26672,7.53625441917883,7.96859830951585,6.77506868899361,6.68236369386464,7.48173447432762,7.54879490589382,244
"246",2021,11,7.59773333333333,300,8.20769736842105,6.97128378378378,5.98076923076923,7.290625,7.63440298507463,152,148,26,32,268,33107,21075,12032,3188,6167,26940,7.53681151206693,7.97032277247924,6.77748223902926,6.6766417816813,7.48074282471217,7.54964653786192,245
"247",2021,12,7.5872401344086,372,8.17116425837321,6.83852760736196,6.421875,7.2625,7.61780391176471,209,163,32,32,340,33479,21284,12195,3220,6199,27280,7.53737184682935,7.97229495207668,6.7782981795818,6.6741099378882,7.47961622842394,7.55049600659824,246
"248",2022,1,7.72054061420345,521,8.05969952380952,7.28127753303965,7.22424242424242,7.45454545454545,7.75193489270386,294,227,33,55,466,34000,21578,12422,3253,6254,27746,7.54017863882353,7.97348583835388,6.78748963934954,6.67969074700276,7.4793957467221,7.55387921574281,247
"249",2022,2,7.77946308724832,298,8.06146892655367,7.36694214876033,7.112,7.84933333333333,7.77164179104478,177,121,25,30,268,34298,21755,12543,3278,6284,28014,7.54225767449997,7.97420167409791,6.79307951048394,6.68298779743746,7.48116183959261,7.55596247304919,248
"250",2022,3,7.61475836431227,269,8.00825301204819,6.98058252427184,6.23913043478261,7.43971428571429,7.64094017094017,166,103,23,35,234,34567,21921,12646,3301,6319,28248,7.54282187404171,7.97445953286803,6.79460669777005,6.67989518327779,7.48093226776388,7.55666640894931,249
"251",2022,4,7.64935114503817,262,8.08960264900662,7.05045045045045,6.98947368421053,7.596,7.65497890295359,151,111,19,25,237,34829,22072,12757,3320,6344,28485,7.54362323695771,7.97524725534614,6.79683282119621,6.68166686746988,7.48138571878941,7.55748438546603,250
"252",2022,5,7.82748299319728,294,8.26954838709677,7.33453237410072,6.07291666666667,7.12407407407407,7.89861423220974,155,139,24,27,267,35123,22227,12896,3344,6371,28752,7.54599930871509,7.97729956449364,6.8026284351737,6.67729784688995,7.47987144875216,7.56065222314969,251
"253",2022,6,7.78789015151515,264,8.26953793103448,7.20100840336134,6.6903125,8.25922727272727,7.74504132231405,145,119,32,22,242,35387,22372,13015,3376,6393,28994,7.54780390312827,7.97919365367424,6.80627094122167,6.6774212085308,7.48255341780072,7.56219123680761,252
"254",2022,7,7.54961206896552,232,8.09007352941176,6.78395833333333,6.65052631578947,8.11818181818182,7.45532663316583,136,96,19,33,199,35619,22508,13111,3395,6426,29193,7.5478156803953,7.97986362271193,6.80610756616582,6.6772706921944,7.48581761593526,7.56146277258247,253
"255",2022,8,7.82544938566553,293,8.32588344262295,6.99290909090909,6.76470588235294,7.98,7.80782003802281,183,110,17,30,263,35912,22691,13221,3412,6456,29456,7.55008084734908,7.98265422810806,6.80766177293699,6.67770633059789,7.48811400247831,7.5636623910239,254
