"","year","month","avg_rating","no_ratings","avg_rating_owned","avg_rating_not_owned","avg_rating_prev_owned","avg_rating_comment","avg_rating_no_comment","no_ratings_owned","no_ratings_not_owned","no_ratings_prev_owned","no_ratings_comment","no_ratings_no_comment","cum_no_ratings","cum_no_ratings_owned","cum_no_ratings_not_owned","cum_no_ratings_prev_owned","cum_no_ratings_comment","cum_no_ratings_no_comment","cum_avg_rating","cum_avg_rating_owned","cum_avg_rating_not_owned","cum_avg_rating_prev_owned","cum_avg_rating_comment","cum_avg_rating_no_comment","month_after_release"
"1",2001,6,7.325,8,8.12,6,NA,NA,7.325,5,3,0,0,8,8,5,3,0,0,8,7.325,8.12,6,NA,NA,7.325,0
"2",2001,7,7,1,7,NA,NA,NA,7,1,0,0,0,1,9,6,3,0,0,9,7.28888888888889,7.93333333333333,6,NA,NA,7.28888888888889,1
"3",2001,8,7.8,5,7.66666666666667,8,NA,7.5,8,3,2,0,2,3,14,9,5,0,2,12,7.47142857142857,7.84444444444444,6.8,NA,7.5,7.46666666666667,2
"4",2001,9,8.66666666666667,3,8.66666666666667,NA,NA,NA,8.66666666666667,3,0,0,0,3,17,12,5,0,2,15,7.68235294117647,8.05,6.8,NA,7.5,7.70666666666667,3
"5",2001,10,8,3,8,8,NA,8,8,2,1,0,2,1,20,14,6,0,4,16,7.73,8.04285714285714,7,NA,7.75,7.725,4
"6",2001,11,8,3,8,8,NA,NA,8,2,1,0,0,3,23,16,7,0,4,19,7.76521739130435,8.0375,7.14285714285714,NA,7.75,7.76842105263158,5
"7",2001,12,8,1,NA,8,NA,NA,8,0,1,0,0,1,24,16,8,0,4,20,7.775,8.0375,7.25,NA,7.75,7.78,6
"8",2002,1,8.25,2,8.25,NA,NA,NA,8.25,2,0,0,0,2,26,18,8,0,4,22,7.81153846153846,8.06111111111111,7.25,NA,7.75,7.82272727272727,7
"9",2002,2,8,2,8,NA,NA,NA,8,2,0,0,0,2,28,20,8,0,4,24,7.825,8.055,7.25,NA,7.75,7.8375,8
"10",2002,3,8,2,8,8,NA,NA,8,1,1,0,0,2,30,21,9,0,4,26,7.83666666666667,8.05238095238095,7.33333333333333,NA,7.75,7.85,9
"11",2002,5,7.6,5,8,7,NA,8,7.5,3,2,0,1,4,35,24,11,0,5,30,7.80285714285714,8.04583333333333,7.27272727272727,NA,7.8,7.80333333333333,11
"12",2002,6,7.88888888888889,9,8.42857142857143,6,NA,8,7.875,7,2,0,1,8,44,31,13,0,6,38,7.82045454545455,8.13225806451613,7.07692307692308,NA,7.83333333333333,7.81842105263158,12
"13",2002,7,7.8,5,8,7.5,NA,8.5,7.33333333333333,3,2,0,2,3,49,34,15,0,8,41,7.81836734693878,8.12058823529412,7.13333333333333,NA,8,7.78292682926829,13
"14",2002,8,7.41666666666667,12,7.71428571428571,7,7,7.75,7.25,7,5,1,4,8,61,41,20,1,12,49,7.73934426229508,8.05121951219512,7.1,7,7.91666666666667,7.69591836734694,14
"15",2002,9,8.4,5,8.5,8,8,9,8.25,4,1,1,1,4,66,45,21,2,13,53,7.78939393939394,8.09111111111111,7.14285714285714,7.5,8,7.7377358490566,15
"16",2002,10,8.64285714285714,7,8.7,8.5,9,NA,8.64285714285714,5,2,1,0,7,73,50,23,3,13,60,7.87123287671233,8.152,7.26086956521739,8,8,7.84333333333333,16
"17",2002,11,8.5,6,8.33333333333333,8.66666666666667,NA,8,8.75,3,3,0,2,4,79,53,26,3,15,64,7.91898734177215,8.1622641509434,7.42307692307692,8,8,7.9,17
"18",2002,12,8.22222222222222,9,8.25,8,NA,8,8.28571428571429,8,1,0,2,7,88,61,27,3,17,71,7.95,8.17377049180328,7.44444444444444,8,8,7.93802816901408,18
"19",2003,1,7.83333333333333,6,8.2,6,6,7.5,8,5,1,1,2,4,94,66,28,4,19,75,7.94255319148936,8.17575757575757,7.39285714285714,7.5,7.94736842105263,7.94133333333333,19
"20",2003,2,7.8,10,8.14285714285714,7,NA,7.25,8.16666666666667,7,3,0,4,6,104,73,31,4,23,81,7.92884615384615,8.17260273972603,7.35483870967742,7.5,7.82608695652174,7.95802469135803,20
"21",2003,3,8.66666666666667,3,9,8,NA,10,8,2,1,0,1,2,107,75,32,4,24,83,7.94953271028037,8.19466666666666,7.375,7.5,7.91666666666667,7.95903614457831,21
"22",2003,4,7.72727272727273,11,7.66666666666667,8,NA,8,7.66666666666667,9,2,0,2,9,118,84,34,4,26,92,7.92881355932203,8.13809523809524,7.41176470588235,7.5,7.92307692307692,7.9304347826087,22
"23",2003,5,7.22222222222222,9,7.57142857142857,6,NA,7,7.33333333333333,7,2,0,3,6,127,91,36,4,29,98,7.87874015748032,8.09450549450549,7.33333333333333,7.5,7.82758620689655,7.89387755102041,23
"24",2003,6,7.75,10,7.94444444444444,6,NA,7.58333333333333,8,9,1,0,6,4,137,100,37,4,35,102,7.86934306569343,8.081,7.2972972972973,7.5,7.78571428571429,7.89803921568627,24
"25",2003,7,8.0725,40,8.41071428571429,7.28333333333333,8.5,9.25,7.86470588235294,28,12,2,6,34,177,128,49,6,41,136,7.91525423728814,8.153125,7.29387755102041,7.83333333333333,8,7.88970588235294,25
"26",2003,8,7.78571428571429,14,8.57142857142857,7,8,7.5,7.9,7,7,1,4,10,191,135,56,7,45,146,7.90575916230366,8.17481481481481,7.25714285714286,7.85714285714286,7.95555555555556,7.89041095890411,26
"27",2003,9,7.56470588235294,17,7.96363636363636,6.83333333333333,8,7.375,7.62307692307692,11,6,1,4,13,208,146,62,8,49,159,7.87788461538462,8.15890410958904,7.21612903225806,7.875,7.90816326530612,7.8685534591195,27
"28",2003,10,7.16666666666667,6,7.5,6.5,NA,8,6.75,4,2,0,2,4,214,150,64,8,51,163,7.85794392523364,8.14133333333333,7.19375,7.875,7.91176470588235,7.84110429447853,28
"29",2003,11,7.925,8,8.2,6,NA,7.625,8.225,7,1,0,4,4,222,157,65,8,55,167,7.86036036036036,8.14394904458599,7.17538461538462,7.875,7.89090909090909,7.8502994011976,29
"30",2003,12,7.28571428571429,14,7.22222222222222,7.4,NA,7.5,7.125,9,5,0,6,8,236,166,70,8,61,175,7.82627118644068,8.09397590361446,7.19142857142857,7.875,7.85245901639344,7.81714285714286,30
"31",2004,1,7.25,10,8,6.125,NA,7.3,7.2,6,4,0,5,5,246,172,74,8,66,180,7.80284552845528,8.0906976744186,7.13378378378378,7.875,7.81060606060606,7.8,31
"32",2004,2,7.90909090909091,11,8,7.5,NA,7.6,8.16666666666667,9,2,0,5,6,257,181,76,8,71,186,7.80739299610895,8.08618784530387,7.14342105263158,7.875,7.79577464788732,7.81182795698925,32
"33",2004,3,7.70588235294118,17,7.64285714285714,8,9,8,7.64285714285714,14,3,1,3,14,274,195,79,9,74,200,7.80109489051095,8.05435897435897,7.17594936708861,8,7.80405405405405,7.8,33
"34",2004,4,7.68181818181818,11,8.16666666666667,5.5,NA,8.16666666666667,7.5,9,2,0,3,8,285,204,81,9,77,208,7.79649122807018,8.0593137254902,7.13456790123457,8,7.81818181818182,7.78846153846154,34
"35",2004,5,7.781,20,8.07692307692308,7.23142857142857,7,8.23142857142857,7.53846153846154,13,7,1,7,13,305,217,88,10,84,221,7.79547540983607,8.06036866359447,7.14227272727273,7.9,7.85261904761905,7.7737556561086,35
"36",2004,6,6.80769230769231,13,7.72222222222222,4.75,NA,6.42857142857143,7.25,9,4,0,7,6,318,226,92,10,91,227,7.75509433962264,8.04690265486726,7.03826086956522,7.9,7.74307692307692,7.75991189427313,36
"37",2004,7,7.703125,16,8.05769230769231,6.16666666666667,7.5,8.35714285714286,7.19444444444444,13,3,1,7,9,334,239,95,11,98,236,7.75260479041916,8.04748953974895,7.01073684210526,7.86363636363636,7.7869387755102,7.73834745762712,37
"38",2004,8,7.60714285714286,14,7.95,6.75,7,7.3,7.77777777777778,10,4,1,5,9,348,249,99,12,103,245,7.74675287356322,8.04357429718875,7.00020202020202,7.79166666666667,7.76330097087379,7.73979591836735,38
"39",2004,9,7.07142857142857,14,8.5,5.16666666666667,6.5,6.5,7.83333333333333,8,6,2,8,6,362,257,105,14,111,251,7.72063535911602,8.05778210116731,6.89542857142857,7.60714285714286,7.67225225225225,7.74203187250996,39
"40",2004,10,7.53333333333333,15,7.72727272727273,7,8,7,7.66666666666667,11,4,1,3,12,377,268,109,15,114,263,7.71318302387268,8.04421641791045,6.89926605504587,7.63333333333333,7.65456140350877,7.73859315589354,40
"41",2004,11,7.79545454545455,22,8.15625,6.83333333333333,5,7.85714285714286,7.76666666666667,16,6,1,7,15,399,284,115,16,121,278,7.71771929824561,8.05052816901408,6.89582608695652,7.46875,7.66628099173554,7.74010791366906,41
"42",2004,12,7.76304347826087,23,8.09375,7.00714285714286,NA,7.72727272727273,7.79583333333333,16,7,0,11,12,422,300,122,16,132,290,7.72018957345972,8.05283333333333,6.9022131147541,7.46875,7.67136363636364,7.74241379310345,42
"43",2005,1,7.57272727272727,33,7.55,7.60769230769231,9,7.81818181818182,7.45,20,13,1,11,22,455,320,135,17,143,312,7.70949450549451,8.02140625,6.97014814814815,7.55882352941176,7.68265734265734,7.72179487179487,43
"44",2005,2,8.03846153846154,13,7.95833333333333,9,NA,8.125,8,12,1,0,4,9,468,332,136,17,147,321,7.71863247863248,8.0191265060241,6.98507352941176,7.55882352941176,7.69469387755102,7.72959501557632,44
"45",2005,3,7.97058823529412,17,8.17857142857143,7,7,8.2,7.875,14,3,1,5,12,485,346,139,18,152,333,7.72746391752577,8.02557803468208,6.98539568345324,7.52777777777778,7.71131578947368,7.73483483483484,45
"46",2005,4,7.77777777777778,27,7.76315789473684,7.8125,9,7.5,7.94117647058824,19,8,2,10,17,512,365,147,20,162,350,7.7301171875,8.01191780821918,7.0304081632653,7.675,7.69827160493827,7.74485714285714,46
"47",2005,5,7.71333333333333,30,8.15263157894737,6.95454545454545,9,7.8625,7.65909090909091,19,11,1,8,22,542,384,158,21,170,372,7.72918819188192,8.01888020833333,7.02512658227848,7.73809523809524,7.706,7.73978494623656,47
"48",2005,6,7.59375,16,8.04545454545454,6.6,8,6.5,7.75,11,5,1,2,14,558,395,163,22,172,386,7.72530465949821,8.01962025316456,7.01208588957055,7.75,7.69197674418605,7.74015544041451,48
"49",2005,7,7.88095238095238,21,8.38235294117647,5.75,5.5,7.66666666666667,8.04166666666667,17,4,2,9,12,579,412,167,24,181,398,7.73094991364421,8.03458737864078,6.98185628742515,7.5625,7.6907182320442,7.74924623115578,49
"50",2005,8,7.73913043478261,23,8.30769230769231,7,NA,8.3,7.30769230769231,13,10,0,10,13,602,425,177,24,191,411,7.73126245847176,8.04294117647059,6.9828813559322,7.5625,7.72261780104712,7.7352798053528,50
"51",2005,9,7.79347826086957,23,7.95588235294118,7.33333333333333,7,8.25,7.5,17,6,2,9,14,625,442,183,26,200,425,7.733552,8.039592760181,6.99437158469945,7.51923076923077,7.74635,7.72752941176471,51
"52",2005,10,7.91935483870968,31,8.26086956521739,6.9375,8,8.15625,7.66666666666667,23,8,2,16,15,656,465,191,28,216,440,7.74233231707317,8.0505376344086,6.99198952879581,7.55357142857143,7.77671296296296,7.72545454545455,52
"53",2005,11,8.13225806451613,31,8.2125,7.85714285714286,8,8.25833333333333,8.05263157894737,24,7,2,12,19,687,489,198,30,228,459,7.75992721979622,8.05848670756646,7.02257575757576,7.58333333333333,7.80206140350877,7.73899782135076,53
"54",2005,12,7.84,25,8.03125,7.5,8,8.25,7.56666666666667,16,9,1,10,15,712,505,207,31,238,474,7.76273876404494,8.05762376237624,7.04333333333333,7.59677419354839,7.82088235294118,7.73354430379747,54
"55",2006,1,7.43928571428571,28,8.08333333333333,6.28,6.4,7.65,7.32222222222222,18,10,2,10,18,740,523,217,33,248,492,7.7505,8.0585086042065,7.00815668202765,7.52424242424242,7.81399193548387,7.71849593495935,55
"56",2006,2,8.07608695652174,23,8.35294117647059,7.29166666666667,8,8.05769230769231,8.1,17,6,1,13,10,763,540,223,34,261,502,7.76031454783748,8.06777777777778,7.01578475336323,7.53823529411765,7.82613026819923,7.72609561752988,56
"57",2006,3,7.70454545454545,22,8.06666666666667,6.92857142857143,NA,7.1,7.88235294117647,15,7,0,5,17,785,555,230,34,266,519,7.75875159235669,8.06774774774775,7.01313043478261,7.53823529411765,7.81248120300752,7.73121387283237,57
"58",2006,4,7.77631578947368,19,7.97727272727273,7.5,7,7.65,7.82142857142857,11,8,1,5,14,804,566,238,35,271,533,7.75916666666667,8.06598939929329,7.02949579831933,7.52285714285714,7.80948339483395,7.73358348968105,58
"59",2006,5,7.86363636363636,11,8.0625,7.33333333333333,NA,7.5,8.07142857142857,8,3,0,4,7,815,574,241,35,275,540,7.76057668711657,8.06594076655053,7.03327800829875,7.52285714285714,7.80498181818182,7.73796296296296,59
"60",2006,6,8,18,7.9375,8.5,NA,7.5,8.14285714285714,16,2,0,4,14,833,590,243,35,279,554,7.76575030012005,8.06245762711865,7.04534979423868,7.52285714285714,7.80060931899642,7.74819494584838,60
"61",2006,7,7.56666666666667,39,8.04545454545454,6.94705882352941,6,7.9,7.45172413793103,22,17,2,10,29,872,612,260,37,289,583,7.75684633027523,8.06184640522876,7.03892307692308,7.44054054054054,7.80404844290657,7.73344768439108,61
"62",2006,8,7.71,20,8.24615384615385,6.71428571428571,5,7.6875,7.725,13,7,1,8,12,892,625,267,38,297,595,7.75579596412556,8.06568,7.03041198501873,7.37631578947368,7.80090909090909,7.73327731092437,62
"63",2006,9,7.24166666666667,24,7.5,6.81111111111111,NA,7.25384615384615,7.22727272727273,15,9,0,13,11,916,640,276,38,310,606,7.74232532751092,8.052421875,7.02326086956522,7.37631578947368,7.77796774193548,7.72409240924092,63
"64",2006,10,7.96551724137931,29,8.33333333333333,7.36363636363636,8,8.5,7.68421052631579,18,11,1,10,19,945,658,287,39,320,625,7.7491746031746,8.06010638297873,7.03630662020906,7.39230769230769,7.80053125,7.72288,64
"65",2006,11,7.89667647058824,34,8.35948,6.61111111111111,8,7.7804375,8,25,9,1,16,18,979,683,296,40,336,643,7.75429724208376,8.07106442166911,7.02337837837838,7.4075,7.79957440476191,7.73063763608087,65
"66",2006,12,7.7344262295082,61,8.11315789473684,7.10869565217391,7.66666666666667,7.88421052631579,7.66666666666667,38,23,3,19,42,1040,721,319,43,355,685,7.75313173076923,8.07328294036062,7.02952978056426,7.42558139534884,7.80410422535211,7.72671532846715,66
"67",2007,1,7.75774647887324,71,8.05714285714286,7.09090909090909,8,7.65714285714286,7.8,49,22,2,21,50,1111,770,341,45,376,735,7.75342664266427,8.07225584415585,7.03348973607038,7.45111111111111,7.79589627659575,7.73170068027211,67
"68",2007,2,7.59122911111111,45,7.95,6.48230090909091,5,8.22631578947368,7.12712730769231,34,11,1,19,26,1156,804,352,46,395,761,7.7471127249135,8.06708582089553,7.01626508522727,7.39782608695652,7.8166,7.71104508541393,68
"69",2007,3,7.525,44,8.225,6.94166666666667,7.25,7.83333333333333,7.31153846153846,20,24,6,18,26,1200,824,376,52,413,787,7.73896859166667,8.07091868932039,7.01150348404255,7.38076923076923,7.81732929782082,7.6978466454892,69
"70",2007,4,7.56808510638298,47,7.81851851851852,7.23,7.8,7.74117647058824,7.47,27,20,2,17,30,1247,851,396,54,430,817,7.73252791499599,8.062910693302,7.02253866161616,7.3962962962963,7.81431860465116,7.68948018359853,70
"71",2007,5,7.20714285714286,28,7.66666666666667,6.38,7.76666666666667,7,7.38666666666667,18,10,3,13,15,1275,869,406,57,443,832,7.72099004705882,8.05470310701957,7.0067125862069,7.41578947368421,7.79042212189616,7.68402080528846,71
"72",2007,6,7.68571428571429,42,7.88620689655172,7.23846153846154,8.5,7.66666666666667,7.69333333333333,29,13,2,12,30,1317,898,419,59,455,862,7.71986507972665,8.04926169265034,7.01390288782816,7.45254237288136,7.78715824175824,7.68434490719258,72
"73",2007,7,7.5125,36,7.82727272727273,7.01785714285714,7.33333333333333,7.57894736842105,7.43823529411765,22,14,3,19,17,1353,920,433,62,474,879,7.71434760532151,8.04395326086957,7.01403073903002,7.44677419354839,7.77881223628692,7.67958510807736,73
"74",2007,8,7.87567567567568,37,8.05,7.55384615384615,NA,8.23076923076923,7.68333333333333,24,13,0,13,24,1390,944,446,62,487,903,7.71864194964029,8.04410699152543,7.0297652690583,7.44677419354839,7.79087679671458,7.67968472868217,74
"75",2007,9,7.14864864864865,37,7.5875,6.81428571428571,4.66666666666667,7.08888888888889,7.16785714285714,16,21,3,9,28,1427,960,467,65,496,931,7.70386286615277,8.036496875,7.02007561027837,7.31846153846154,7.77813911290323,7.66429141783029,75
"76",2007,10,7.53529411764706,51,7.825,7.27777777777778,7.5,7.78947368421053,7.384375,24,27,3,19,32,1478,984,494,68,515,963,7.69804621786198,8.03133841463415,7.0341605465587,7.32647058823529,7.7785572815534,7.6549899376947,76
"77",2007,11,7.4609375,64,7.76923076923077,6.98,6.16666666666667,7.97826086956522,7.17073170731707,39,25,3,23,41,1542,1023,519,71,538,1004,7.68820512970169,8.02134604105572,7.03155165703275,7.2774647887324,7.78709479553903,7.63521445219124,77
"78",2007,12,7.19910714285714,56,7.90172413793103,6.44444444444444,7.33333333333333,7.22,7.1875,29,27,3,20,36,1598,1052,546,74,558,1040,7.67106527534418,8.01804847908745,7.00251888278388,7.27972972972973,7.7667688172043,7.61971664423077,78
"79",2008,1,7.44642857142857,70,7.84756097560976,6.87931034482759,7.5,7.60344827586207,7.33536585365854,41,29,7,29,41,1668,1093,575,81,587,1081,7.66163807553957,8.01165324794145,6.99630488695652,7.29876543209877,7.75870017035775,7.60893183163737,79
"80",2008,2,7.50416666666667,48,7.81071428571429,7.075,7.8,7.66136363636364,7.37115384615385,28,20,5,22,26,1716,1121,595,86,609,1107,7.65723328088578,8.00663425512935,6.99895010084033,7.32790697674419,7.75518390804598,7.60334716350497,80
"81",2008,3,7.38181818181818,33,7.82352941176471,6.9125,7.26666666666667,7.39166666666667,7.37619047619048,17,16,3,12,21,1749,1138,611,89,621,1128,7.65203676958262,8.00389894551846,6.99668626841244,7.32584269662921,7.74815942028985,7.59911818262411,81
"82",2008,4,7.71041666666667,48,7.83870967741935,7.47647058823529,NA,7.5,7.79705882352941,31,17,0,14,34,1797,1169,628,89,635,1162,7.65359616583194,7.99951839178786,7.00967406050955,7.32584269662921,7.74268818897638,7.60490990533563,82
"83",2008,5,7.07073170731707,41,8.15238095238095,5.935,6.65,7.26666666666667,6.98965517241379,21,20,2,12,29,1838,1190,648,91,647,1191,7.64059429270947,8.00221596638656,6.97650510802469,7.31098901098901,7.73385935085008,7.58992889168766,83
"84",2008,6,7.6171875,32,7.73684210526316,7.44230769230769,8.5,7.45454545454545,7.70238095238095,19,13,2,11,21,1870,1209,661,93,658,1212,7.6401937486631,7.99804549214227,6.98566612708018,7.33655913978495,7.72918996960486,7.59187731848185,84
"85",2008,7,7.32926829268293,41,7.625,6.81666666666667,7.25,7.59615384615385,7.20535714285714,26,15,5,13,28,1911,1235,676,98,671,1240,7.63352292517007,7.99019190283401,6.98191613905325,7.33214285714286,7.72661251862891,7.58314944354839,85
"86",2008,8,7.47708333333333,48,8.14166666666667,6.8125,6.5,7.85789473684211,7.22758620689655,24,24,6,19,29,1959,1259,700,104,690,1269,7.62968979581419,7.99307942811756,6.97610758571429,7.28413461538462,7.73022753623188,7.57502388494878,86
"87",2008,9,7.09117647058823,34,7.53529411764706,6.64705882352941,6.16666666666667,7.2,7.04583333333333,17,17,6,10,24,1993,1276,717,110,700,1293,7.62050291520321,7.98698040752351,6.96830587168759,7.22318181818182,7.72265285714286,7.5652013225058,87
"88",2008,10,7.56944444444444,36,8.16875,7.09,6.7,7.38,7.7047619047619,16,20,5,15,21,2029,1292,737,115,715,1314,7.61959699852144,7.98923142414861,6.97160829036635,7.2004347826087,7.71546433566434,7.56743174277017,88
"89",2008,11,7.20648148148148,54,7.65,6.79464285714286,6.25,7.23157894736842,7.19285714285714,26,28,2,19,35,2083,1318,765,117,734,1349,7.60888733077292,7.98253945371776,6.96513112418301,7.18418803418803,7.70293869209809,7.5577133506301,89
"90",2008,12,7.29166666666667,48,7.61111111111111,6.88095238095238,7.16666666666667,7.04545454545455,7.36486486486486,27,21,6,11,37,2131,1345,786,123,745,1386,7.60174205068043,7.97508327137547,6.96288207379135,7.18333333333333,7.69323087248322,7.55256515873016,90
"91",2009,1,7.43039215686275,51,8.22291666666667,6.72592592592593,7.16666666666667,8.025,7.20540540540541,24,27,6,14,37,2182,1369,813,129,759,1423,7.59773708065995,7.9794280496713,6.95501268142681,7.18255813953488,7.69935046113307,7.54353851721715,91
"92",2009,2,7.09072164948454,97,7.54883720930233,6.72592592592593,7,7.13333333333333,7.08292682926829,43,54,4,15,82,2279,1412,867,133,774,1505,7.57615722246599,7.96631515580737,6.94074430219147,7.17706766917293,7.6883811369509,7.51844206644518,92
"93",2009,3,7.33841825,80,7.57741935483871,7.18721346938776,7.22222222222222,7.62667571428571,7.27727272727273,31,49,9,14,66,2359,1443,916,142,788,1571,7.56809485799067,7.9579604989605,6.95392878820961,7.17992957746479,7.68728484771574,7.50831019096117,93
"94",2009,4,7.55511363636364,88,7.84166666666667,7.35673076923077,6.61111111111111,7.75,7.50845070422535,36,52,9,17,71,2447,1479,968,151,805,1642,7.56762802206784,7.95512981744422,6.97556691115703,7.14602649006622,7.68860926708075,7.50831626674787,94
"95",2009,5,7.275,84,7.61081081081081,7.01063829787234,7,7.07894736842105,7.33230769230769,37,47,7,19,65,2531,1516,1015,158,824,1707,7.55791614776768,7.94672625329816,6.97719090640394,7.13955696202532,7.67455152912621,7.50161412419449,95
"96",2009,6,7.40909090909091,77,7.91071428571429,7.12244897959184,6.9,7.32777777777778,7.43389830508475,28,49,12,18,59,2608,1544,1064,170,842,1766,7.55352215107362,7.9460731865285,6.98388042293233,7.12264705882353,7.66713831353919,7.49935181766705,96
"97",2009,7,7.59298245614035,57,7.88181818181818,7.41142857142857,7.6875,7.77272727272727,7.55,22,35,8,11,46,2665,1566,1099,178,853,1812,7.55436614258912,7.94517049808429,6.99749660600546,7.14803370786517,7.66849995310668,7.50063758830022,97
"98",2009,8,7.23214285714286,56,7.32692307692308,7.15,7.41666666666667,7.35,7.1890243902439,26,30,6,15,41,2721,1592,1129,184,868,1853,7.54773457184858,7.93507349246231,7.00154895482728,7.15679347826087,7.66299592165899,7.49374274689692,98
"99",2009,9,7.24912280701754,57,7.944,6.70625,6.2,7.26,7.2468085106383,25,32,5,10,47,2778,1617,1161,189,878,1900,7.54160754859611,7.93521150278293,6.99340979328165,7.13148148148148,7.65840599088838,7.48763437368421,99
"100",2009,10,7.13292682926829,82,7.42777777777778,6.90217391304348,5.88888888888889,7.21428571428571,7.11617647058824,36,46,9,14,68,2860,1653,1207,198,892,1968,7.52989012937063,7.92416031457955,6.98993270091135,7.075,7.65143549327354,7.47479944613821,100
"101",2009,11,7.51408450704225,71,7.71875,7.34615384615385,7.23076923076923,7.61842105263158,7.47596153846154,32,39,13,19,52,2931,1685,1246,211,911,2020,7.5295072569089,7.92025934718101,7.0010824799358,7.0845971563981,7.65074693743139,7.47482936138614,101
"102",2009,12,6.9984375,64,7.576,6.62820512820513,7.42857142857143,6.84375,7.05,25,39,7,16,48,2995,1710,1285,218,927,2068,7.51815885475793,7.91522631578948,6.98976557976654,7.09564220183486,7.63681818770227,7.46496871856866,102
"103",2010,1,7.35379746835443,79,7.67820512820513,7.0375,7.05,7.36818181818182,7.34824561403509,39,40,10,22,57,3074,1749,1325,228,949,2125,7.5139348633702,7.90994110920526,6.99120661886792,7.09364035087719,7.63059057955743,7.46183779294118,103
"104",2010,2,7.49358974358974,39,7.9375,7.02631578947368,8,8.21875,7.30645161290323,20,19,1,8,31,3113,1769,1344,229,957,2156,7.51367997751365,7.91025268513285,6.99170295386905,7.09759825327511,7.63550727272727,7.45960357606679,104
"105",2010,3,7.006,50,7.89736842105263,6.45967741935484,6.83333333333333,7.505,6.88125,19,31,9,10,40,3163,1788,1375,238,967,2196,7.50565468542523,7.91011577181208,6.97970819636364,7.08760504201681,7.63415766287487,7.44906890255009,105
"106",2010,4,7.12,40,7.75,6.49,6.66666666666667,8,6.96470588235294,20,20,3,6,34,3203,1808,1395,241,973,2230,7.5008385170153,7.90834457964602,6.97268729032258,7.08236514522822,7.63641362795478,7.4416839955157,106
"107",2010,5,7.05483870967742,31,7.53571428571429,6.65882352941177,7.2,6.88461538461539,7.17777777777778,14,17,5,13,18,3234,1822,1412,246,986,2248,7.4965633178726,7.90548133918771,6.96890847733711,7.08475609756097,7.62650148073022,7.43957086743772,107
"108",2010,6,7.25833333333333,24,7.72857142857143,6.6,6.25,7.7,7.14210526315789,14,10,2,5,19,3258,1836,1422,248,991,2267,7.49480840085942,7.90413235294118,6.96631418424754,7.07802419354839,7.62687231079718,7.43707777238641,108
"109",2010,7,7.1953125,32,7.66666666666667,6.77941176470588,6.5,7.75,7.06730769230769,15,17,2,6,26,3290,1851,1439,250,997,2293,7.49189537082067,7.90220799567801,6.96410616400278,7.0734,7.6276132998997,7.43288500218055,109
"110",2010,8,6.84666666666667,45,7.74285714285714,6.0625,6.875,6.45,6.96,21,24,4,10,35,3335,1872,1463,254,1007,2328,7.48318913643178,7.90042040598291,6.94931563226247,7.07027559055118,7.61591902681231,7.42577547680412,110
"111",2010,9,7.32903225806452,31,8.02727272727273,6.945,7.66666666666667,7.625,7.28518518518518,11,20,3,4,27,3366,1883,1483,257,1011,2355,7.48176939096851,7.90116144450345,6.94925743088334,7.0772373540856,7.61595495548961,7.42416361358811,111
"112",2010,10,7.31111111111111,36,7.77777777777778,6.84444444444444,6,7.1,7.39230769230769,18,18,3,10,26,3402,1901,1501,260,1021,2381,7.47996348324515,7.89999316149395,6.94800051299134,7.06480769230769,7.61090152791381,7.42381575388492,112
"113",2010,11,7.50767857142857,56,7.78846153846154,7.26433333333333,7.35,7.573,7.49347826086957,26,30,8,10,46,3458,1927,1531,268,1031,2427,7.48041231058415,7.89848832381941,6.95419906596995,7.07332089552239,7.61053390882638,7.42513609806345,113
"114",2010,12,7.2452380952381,42,7.94117647058824,6.772,6.625,7.52307692307692,7.12068965517241,17,25,4,13,29,3500,1944,1556,272,1044,2456,7.47759022,7.89886162551441,6.95127170308483,7.06672794117647,7.60944488505747,7.42154125,114
"115",2011,1,7.10185185185185,54,7.98636363636364,6.49375,7.71666666666667,7.02631578947368,7.14285714285714,22,32,6,19,35,3554,1966,1588,278,1063,2491,7.47188119583568,7.89984079348932,6.94205212216625,7.08075539568345,7.5990220696143,7.41762557607387,115
"116",2011,2,7.457625,48,7.72026086956522,7.216,6.33333333333333,7.7555,7.35833333333333,23,25,3,12,36,3602,1989,1613,281,1075,2527,7.47169121876735,7.89776420311715,6.94629805951643,7.07277580071174,7.6007688,7.41678089038386,116
"117",2011,3,7.02439024390244,41,7.47058823529412,6.70833333333333,6.9,7.27272727272727,6.93333333333333,17,24,5,11,30,3643,2006,1637,286,1086,2557,7.46665708756519,7.89414406779661,6.94280926695174,7.06975524475525,7.59744609576427,7.41110884239343,117
"118",2011,4,7.30483870967742,31,8.05384615384615,6.76388888888889,7.75,7.625,7.19347826086956,13,18,2,8,23,3674,2019,1655,288,1094,2580,7.46529171747414,7.89517236255572,6.94086330513595,7.07447916666667,7.59764758683729,7.4091687248062,118
"119",2011,5,7.06578947368421,38,7.46470588235294,6.74285714285714,6.5,7.08181818181818,7.05925925925926,17,21,2,11,27,3712,2036,1676,290,1105,2607,7.46120198545259,7.89157809430256,6.93838232100239,7.07051724137931,7.59251263348416,7.40554480629076,119
"120",2011,6,7.16129032258065,31,7.82142857142857,6.61764705882353,6.75,7.4375,7.06521739130435,14,17,2,8,23,3743,2050,1693,292,1113,2630,7.45871807908095,7.89109902439025,6.93516170702894,7.06832191780822,7.59139843665768,7.40256855893536,120
"121",2011,7,6.91621621621622,37,7.4425,6.29705882352941,6.5,6.91666666666667,6.91607142857143,20,17,5,9,28,3780,2070,1710,297,1122,2658,7.45340787566138,7.88676473429952,6.92881799415205,7.05875420875421,7.58598614973262,7.39744368322047,121
"122",2011,8,7.03970588235294,34,7.87272727272727,6.64130434782609,7,7.37142857142857,6.9537037037037,11,23,5,7,27,3814,2081,1733,302,1129,2685,7.4497199187205,7.88669053339741,6.92500217541835,7.05778145695364,7.58465585473871,7.39298149348231,122
"123",2011,9,6.89583333333333,24,7.40909090909091,6.46153846153846,6,7,6.88636363636364,11,13,4,2,22,3838,2092,1746,306,1131,2707,7.44625632360605,7.88417925430211,6.92155141466208,7.04395424836601,7.58362198054819,7.38886417066864,123
"124",2011,10,6.81547619047619,42,7.3675,6.31363636363636,6.13333333333333,7.85,6.57205882352941,20,22,3,8,34,3880,2112,1768,309,1139,2741,7.43942829123711,7.87928645833334,6.91398686085973,7.03511326860841,7.58549294117647,7.37873232761766,124
"125",2011,11,7.37560975609756,41,7.40952380952381,7.34,6.66666666666667,6.97142857142857,7.45882352941176,21,20,6,7,34,3921,2133,1788,315,1146,2775,7.4387609716909,7.87466150961088,6.91875210850112,7.02809523809524,7.58174211169284,7.37971362522523,125
"126",2011,12,7.18720930232558,43,7.52291666666667,6.76315789473684,7.25,6.33333333333333,7.32567567567568,24,19,4,6,37,3964,2157,1807,319,1152,2812,7.43603223259334,7.87074779786741,6.91711608743774,7.03087774294671,7.57523998263889,7.37900259957326,126
"127",2012,1,7.17625,40,7.86,6.4925,6.625,7.81818181818182,6.93275862068965,20,20,4,11,29,4004,2177,1827,323,1163,2841,7.43343700549451,7.87064905833716,6.91246785440613,7.02585139318885,7.57753779879622,7.37444748680042,127
"128",2012,2,7.17045454545455,44,7.73636363636364,6.60454545454545,5.83333333333333,7.19285714285714,7.16,22,22,3,14,30,4048,2199,1849,326,1177,2871,7.43057850049407,7.86930559345157,6.90880409410492,7.0148773006135,7.57296215802889,7.37220665621735,128
"129",2012,3,7.38333333333333,30,7.94117647058824,6.65384615384615,8.25,7.9375,7.18181818181818,17,13,2,8,22,4078,2216,1862,328,1185,2893,7.43023093918588,7.86985694945848,6.90702404403867,7.02240853658537,7.57542317299578,7.37075883511925,129
"130",2012,4,7.50645161290323,31,7.55882352941176,7.44285714285714,7,8.5,7.31538461538462,17,14,3,5,26,4109,2233,1876,331,1190,2919,7.43080597955707,7.86748902821317,6.91102279850746,7.02220543806647,7.57930794957983,7.37026560808496,130
"131",2012,5,7.27941176470588,34,8.04166666666667,6.86363636363636,6.75,7.1,7.35416666666667,12,22,4,10,24,4143,2245,1898,335,1200,2943,7.4295635457398,7.86842004454343,6.91047353530031,7.0189552238806,7.57531371666667,7.37013432212029,131
"132",2012,6,7.35666666666667,30,7.96666666666667,6.74666666666667,7.11666666666667,7.33636363636364,7.36842105263158,15,15,6,11,19,4173,2260,1913,341,1211,2962,7.42903948478313,7.86907212389381,6.90918911134344,7.02067448680352,7.57314323699422,7.37012333220797,132
"133",2012,7,6.822,20,6.9375,6.745,6.5,7,6.7775,8,12,3,4,16,4193,2268,1925,344,1215,2978,7.42614399475316,7.86578615520282,6.90816559480519,7.01613372093023,7.57125634567901,7.36693932505037,133
"134",2012,8,7.145,20,7.35714285714286,7.03076923076923,7.5,7.08,7.16666666666667,7,13,3,5,15,4213,2275,1938,347,1220,2993,7.42480934488488,7.8642210989011,6.90898801341589,7.02031700288184,7.569243,7.36593561977949,134
"135",2012,9,6.73939393939394,33,7.325,6.40476190476191,6.33333333333333,7,6.656,12,21,3,8,25,4246,2287,1959,350,1228,3018,7.41948228214791,7.86139177962396,6.9035828330781,7.01442857142857,7.56553457654723,7.36005477468522,135
"136",2012,10,6.88571428571429,28,8.03333333333333,6.025,6,7.2,6.81739130434783,12,16,1,5,23,4274,2299,1975,351,1233,3041,7.41598543986898,7.86228925619835,6.8964652,7.01153846153846,7.56405227899432,7.35595044722131,136
"137",2012,11,6.8537037037037,27,7.60454545454545,6.3375,6.46666666666667,5.73333333333333,7.17380952380952,11,16,3,6,21,4301,2310,1991,354,1239,3062,7.41245565449895,7.86106190476191,6.89197326469111,7.0069209039548,7.55518681194512,7.35470127694318,137
"138",2012,12,7.03714285714286,35,7.7,6.25,6.44,7.75,6.88965517241379,19,16,5,6,29,4336,2329,2007,359,1245,3091,7.40942614621771,7.85974796049807,6.88685539113104,6.99902506963788,7.55612567068273,7.35033817858298,138
"139",2013,1,7.16428571428571,35,7.46875,6.90789473684211,7.09375,6.95,7.25,16,19,8,10,25,4371,2345,2026,367,1255,3116,7.40746322809426,7.8570801705757,6.88705269990128,7.00108991825613,7.55129598406374,7.3495331546855,139
"140",2013,2,7.3469696969697,33,7.55588235294118,7.125,7.7,6.9625,7.47,17,16,5,8,25,4404,2362,2042,372,1263,3141,7.4070099386921,7.85491236240474,6.88891712536729,7.01048387096774,7.54756647664291,7.35049198026106,140
"141",2013,3,7.47916666666667,36,8.05,6.765625,7.5,7.45833333333333,7.48958333333333,20,16,2,12,24,4440,2382,2058,374,1275,3165,7.40759499324324,7.85655037783376,6.88795858600583,7.01310160427807,7.54672663529412,7.3515467014218,141
"142",2013,4,7.23529411764706,17,7.68181818181818,6.41666666666667,5,7.33333333333333,7.21428571428571,11,6,1,3,14,4457,2393,2064,375,1278,3179,7.40693779896792,7.85574717927288,6.88658855135659,7.00773333333333,7.54622571205008,7.35094221767852,142
"143",2013,5,7.01290322580645,31,7.725,6.25333333333333,6.98,7.33333333333333,6.936,16,15,5,6,25,4488,2409,2079,380,1284,3204,7.40421608065954,7.85487878787879,6.88201961038961,7.00736842105263,7.54523088785047,7.34770452871411,143
"144",2013,6,7.37142857142857,21,7.71,7.06363636363636,7.25,8,7.26666666666667,10,11,2,3,18,4509,2419,2090,382,1287,3222,7.40406337768907,7.85427986771393,6.88297548803828,7.0086387434555,7.54629095571096,7.34725180322781,144
"145",2013,7,7.05652173913044,23,7.73076923076923,6.18,7,7.13333333333333,7.02941176470588,13,10,2,6,17,4532,2432,2100,384,1293,3239,7.40229959620477,7.85361965460527,6.87962798571428,7.00859375,7.54437467904099,7.34558360913862,145
"146",2013,8,6.91304347826087,23,7.6875,6.5,6.3,7.25,6.79411764705882,8,15,5,6,17,4555,2440,2115,389,1299,3256,7.39982914818881,7.853075,6.87693558865248,6.99948586118252,7.54301498075443,7.34270433353808,146
"147",2013,9,7.56818181818182,22,7.88461538461539,7.11111111111111,8,7.5,7.60714285714286,13,9,3,8,14,4577,2453,2124,392,1307,3270,7.40063835918724,7.85324215246637,6.87792785781544,7.00714285714286,7.54275169089518,7.34383648623853,147
"148",2013,10,6.85625,32,7.53125,6.18125,6.05,6.78,6.87037037037037,16,16,5,5,27,4609,2469,2140,397,1312,3297,7.39685870470818,7.85115552855407,6.87271905140187,6.99508816120907,7.53984486280488,7.33995914771004,148
"149",2013,11,6.46969696969697,33,7.22727272727273,6.09090909090909,7.25,6.5,6.46296296296296,11,22,2,6,27,4642,2480,2162,399,1318,3324,7.39026750753986,7.84838830645161,6.86476353839038,6.99636591478697,7.5351111229135,7.33283553249098,149
"150",2013,12,6.79375,32,7.49230769230769,6.31578947368421,5.66666666666667,5.7,6.95,13,19,3,4,28,4674,2493,2181,402,1322,3352,7.38618351946941,7.84653148816687,6.8599810958276,6.98644278606965,7.52955859304085,7.32963762231504,150
"151",2014,1,7.41428571428571,28,7.45454545454545,7.38823529411765,7.58333333333333,7.75,7.22777777777778,11,17,6,10,18,4702,2504,2198,408,1332,3370,7.38635086558911,7.84480950479233,6.86406677434031,6.99522058823529,7.53121355855856,7.32909356379822,151
"152",2014,2,7.325,32,7.69333333333333,7,7,7.25,7.35909090909091,15,17,7,10,22,4734,2519,2215,415,1342,3392,7.38593615758344,7.84390750297738,6.86511005417607,6.99530120481928,7.52911807749627,7.32928812205189,152
"153",2014,3,7.37368421052632,19,8.18181818181818,6.2625,5.66666666666667,7.75,7.27333333333333,11,8,3,4,15,4753,2530,2223,418,1346,3407,7.38588718072796,7.8453766798419,6.86294141700405,6.98576555023923,7.52977448736998,7.32904176988553,153
"154",2014,4,7.23333333333333,24,7.48333333333333,7.15,6.5,6.15,7.59444444444444,6,18,5,6,18,4777,2536,2241,423,1352,3425,7.38512073895751,7.8445201104101,6.86524710843373,6.98002364066194,7.52365122781065,7.33043658686131,154
"155",2014,5,7.125,20,7.38888888888889,6.90909090909091,6.5,7.33333333333333,7.08823529411765,9,11,3,3,17,4797,2545,2252,426,1355,3442,7.38403622472379,7.84290884086444,6.86546126554174,6.97664319248826,7.5232298597786,7.32924035735038,155
"156",2014,6,6.97647058823529,17,7.44285714285714,6.65,6.7,7.5,6.61,7,10,5,7,10,4814,2552,2262,431,1362,3452,7.38259696094724,7.84181152037618,6.86450874005305,6.97343387470998,7.52311046989721,7.32715681054461,156
"157",2014,7,7.29166666666667,12,7.975,6.95,7.2,6,7.40909090909091,4,8,3,1,11,4826,2556,2270,434,1363,3463,7.38237085992541,7.84201995305165,6.864810030837,6.975,7.52199300073367,7.32741706901531,157
"158",2014,8,6.875,24,7.65,6.32142857142857,7,7.66666666666667,6.61111111111111,10,14,7,6,18,4850,2566,2284,441,1369,3481,7.37986015876289,7.84127162899455,6.86147932136602,6.97539682539682,7.52262707085464,7.32371310255674,158
"159",2014,9,7.05870967741935,31,7.62285714285714,6.59411764705882,6,7.43375,6.92826086956522,14,17,4,8,23,4881,2580,2301,445,1377,3504,7.37782048145872,7.84008643410853,6.85950402868318,6.96662921348315,7.52211071895425,7.32111738299087,159
"160",2014,10,7.12128205128205,39,7.61176470588235,6.74227272727273,7.146,7.74777777777778,6.93333333333333,17,22,5,9,30,4920,2597,2323,450,1386,3534,7.37578694512195,7.8385918367347,6.85839378820491,6.96862222222222,7.52357608946609,7.31782549801924,160
"161",2014,11,6.6037037037037,27,7.26923076923077,5.98571428571429,7,7.66666666666667,6.3,13,14,4,6,21,4947,2610,2337,454,1392,3555,7.37157302809784,7.83575593869732,6.85316592640137,6.9688986784141,7.5241928591954,7.31181302672293,161
"162",2014,12,7.1125,24,7.375,6.85,6.58333333333333,6.16666666666667,7.24761904761905,12,12,6,3,21,4971,2622,2349,460,1395,3576,7.37032222289278,7.83364721586576,6.85314975308642,6.96386956521739,7.52127344802867,7.31143604865772,162
"163",2015,1,6.93809523809524,21,7.05555555555556,6.85,6.86666666666667,6.8,6.98125,9,12,6,5,16,4992,2631,2361,466,1400,3592,7.36850396033654,7.83098555682251,6.8531337441762,6.96261802575107,7.51869747142857,7.30996528674833,163
"164",2015,2,7.16,20,7.3,6.95,6.8,7.5,7.12222222222222,12,8,2,2,18,5012,2643,2369,468,1402,3610,7.36767194134078,7.82857472569051,6.85346085690165,6.96192307692308,7.51867079885877,7.30902917174515,164
"165",2015,3,7.03947368421053,38,7.5625,6.65909090909091,6.5,7.9375,6.8,16,22,6,8,30,5050,2659,2391,474,1410,3640,7.36520233069307,7.82697367431366,6.85167242576328,6.95607594936709,7.52104713475177,7.30483387637363,165
"166",2015,4,6.83333333333333,18,7.55555555555556,6.11111111111111,6.6,6.71428571428571,6.90909090909091,9,9,5,7,11,5068,2668,2400,479,1417,3651,7.36331329321231,7.82605809595203,6.84889532083333,6.95235908141962,7.51706172194777,7.30364155299918,166
"167",2015,5,7.16727272727273,33,7.6,6.76,6.884,7.5,7.02260869565217,16,17,5,10,23,5101,2684,2417,484,1427,3674,7.362045044109,7.82471050670641,6.84827007447249,6.95165289256198,7.51694215837421,7.30188222917801,167
"168",2015,6,7.24923076923077,26,8.015,6.59285714285714,7,7.2225,7.26111111111111,12,14,1,8,18,5127,2696,2431,485,1435,3692,7.3614729412912,7.82555749258161,6.84679916495269,6.95175257731959,7.51530066898955,7.30168345341279,168
"169",2015,7,7.40403411764706,17,7.71873111111111,7.05,NA,7.83333333333333,7.16987090909091,9,8,0,6,11,5144,2705,2439,485,1441,3703,7.36161359836703,7.82520206284658,6.8474656703567,6.95175257731959,7.51662488549618,7.30129189576019,169
"170",2015,8,7.33277777777778,36,7.724,6.84375,6.85714285714286,7.49090909090909,7.2632,20,16,7,11,25,5180,2725,2455,492,1452,3728,7.3614131949807,7.82445929541285,6.84744145417515,6.95040650406504,7.51643006887052,7.30103645118026,170
"171",2015,9,6.75217391304348,23,7.65,6.06153846153846,5,7.6875,6.25333333333333,10,13,2,8,15,5203,2735,2468,494,1460,3743,7.3587200365174,7.82382141864717,6.8433017706645,6.94251012145749,7.51736743835616,7.29683780122896,171
"172",2015,10,6.79,25,7.22222222222222,6.546875,5.83333333333333,6.66666666666667,6.80681818181818,9,16,6,3,22,5228,2744,2484,500,1463,3765,7.35600044950268,7.82184824344024,6.8413924194847,6.9292,7.5156230075188,7.29397447277556,172
"173",2015,11,5.624,25,6.6,5.38,5.36666666666667,5.8,5.58,5,20,3,5,20,5253,2749,2504,503,1468,3785,7.3477575385494,7.81962589305202,6.82971995607029,6.91988071570576,7.50977960490463,7.28491780449141,173
"174",2015,12,7.25892857142857,28,7.765625,6.58333333333333,6.66666666666667,7.58333333333333,7.17045454545455,16,12,3,6,22,5281,2765,2516,506,1474,3807,7.3472865650445,7.81931341048825,6.82854482114467,6.91837944664031,7.51007900949796,7.28425634095088,174
"175",2016,1,7.31052631578947,38,7.32,7.3,7.375,8.1,7.19090909090909,20,18,4,5,33,5319,2785,2534,510,1479,3840,7.34702394247039,7.81572767684022,6.83189375295975,6.92196078431372,7.51207333333333,7.28345413802083,175
"176",2016,2,7.28787878787879,33,8.1578947368421,6.10714285714286,6,7.64285714285714,7.19230769230769,19,14,1,7,26,5352,2804,2548,511,1486,3866,7.34665925822123,7.8180462125535,6.82791160518053,6.92015655577299,7.51268940780619,7.28284115106053,176
"177",2016,3,7.02741935483871,31,8.10555555555556,6.58636363636364,6.38888888888889,7.34375,6.91739130434783,9,22,9,8,23,5383,2813,2570,520,1494,3889,7.34482079695337,7.81896607891931,6.82584387937743,6.91096153846154,7.51178477911646,7.28067983800463,177
"178",2016,4,6.93884615384615,26,7.691,6.46875,5,5.5,7.20045454545455,10,16,2,4,22,5409,2823,2586,522,1498,3911,7.34286935662785,7.81851278072972,6.82363448182521,6.90363984674329,7.50641285714286,7.28022855791358,178
"179",2016,5,7.1953125,32,7.828125,6.5625,5.5,5.83333333333333,7.33620689655172,16,16,4,3,29,5441,2839,2602,526,1501,3940,7.34200153464437,7.81856695315252,6.82202873558801,6.89296577946768,7.50306892738174,7.28064058121827,179
"180",2016,6,7.0875,20,7.44230769230769,6.42857142857143,6,8.125,6.97222222222222,13,7,1,2,18,5461,2852,2609,527,1503,3958,7.3410694652994,7.81685188639552,6.82097308164048,6.89127134724858,7.50389651363939,7.27923797119757,180
"181",2016,7,7.18,25,7.72727272727273,6.75,NA,7.625,6.97058823529412,11,14,0,8,17,5486,2863,2623,527,1511,3975,7.34033546299672,7.81650771219001,6.82059426991994,6.89127134724858,7.50453769688948,7.27791795974843,181
"182",2016,8,7.08,20,7.59090909090909,6.45555555555556,6.025,7.5,6.975,11,9,4,4,16,5506,2874,2632,531,1515,3991,7.33938982019615,7.81564425191371,6.81934603723404,6.88474576271186,7.50452571617162,7.27670355549987,182
"183",2016,9,6.61428571428571,21,7.3125,6.18461538461538,6,6.16666666666667,6.68888888888889,8,13,4,3,18,5527,2882,2645,535,1518,4009,7.33663476569568,7.81424759888966,6.81622637807183,6.87813084112149,7.5018817259552,7.27406432776253,183
"184",2016,10,7.00214285714286,28,7.55,6.64764705882353,7.402,7,7.0025,11,17,5,4,24,5555,2893,2662,540,1522,4033,7.33494875787579,7.81324285516765,6.81514980090158,6.88298148148148,7.50056272010512,7.27244827423754,184
"185",2016,11,6.95652173913043,23,7.16666666666667,6.82142857142857,6.4,7.41666666666667,6.79411764705882,9,14,5,6,17,5578,2902,2676,545,1528,4050,7.33338837396917,7.81123762232943,6.81518264947683,6.8785504587156,7.50023328534031,7.27044046666667,185
"186",2016,12,7.0575,20,7.675,6.44,6.16666666666667,7.875,6.853125,10,10,3,4,16,5598,2912,2686,548,1532,4066,7.33240270632369,7.81076977335165,6.81378584139985,6.87465328467153,7.50121178851175,7.26879830054107,186
"187",2017,1,6.80265217391304,23,7.87011111111111,6.11642857142857,7.25,6.785125,6.812,9,14,2,8,15,5621,2921,2700,550,1540,4081,7.33023507383028,7.81095261211914,6.81016991481482,6.87601818181818,7.49749185714286,7.26711930654251,187
"188",2017,2,7.272,25,7.96666666666667,6.23,5.66666666666667,7.75,7.12105263157895,15,10,3,6,19,5646,2936,2710,553,1546,4100,7.32997721395679,7.81174815395096,6.80802906642066,6.86945750452079,7.49847183699871,7.26644241219512,188
"189",2017,3,6.918,25,7.54545454545455,6.425,5,6.275,7.22058823529412,11,14,1,8,17,5671,2947,2724,554,1554,4117,7.32816105625111,7.81075418391585,6.80606048825257,6.86608303249097,7.4921733976834,7.26625307019675,189
"190",2017,4,6.73076923076923,26,7.5625,6.36111111111111,6.21428571428571,7.05555555555556,6.55882352941176,8,18,7,9,17,5697,2955,2742,561,1563,4134,7.32543467614534,7.81008209137056,6.803139595186,6.85795008912656,7.4896592834293,7.26334395016933,190
"191",2017,5,6.76,25,7.20833333333333,6.34615384615385,6.5,7.3,6.625,12,13,3,5,20,5722,2967,2755,564,1568,4154,7.32296423453338,7.80764832490732,6.80098321960073,6.85604609929078,7.48905450255102,7.26027055609052,191
"192",2017,6,7.23333333333333,15,7.66666666666667,6.94444444444444,6.5,8.5,7.03846153846154,6,9,3,2,13,5737,2973,2764,567,1570,4167,7.3227298849573,7.80736380087454,6.80145035094067,6.85416225749559,7.49034233121019,7.25957856731462,192
"193",2017,7,6.84,25,7.45454545454545,6.35714285714286,7,6.9,6.825,11,14,4,5,20,5762,2984,2778,571,1575,4187,7.32063543040611,7.80606319705094,6.79921122030238,6.85518388791594,7.48846822857143,7.25750272032481,193
"194",2017,8,7.01739130434783,23,7.71111111111111,6.57142857142857,6.75,6.2,7.09523809523809,9,14,2,2,21,5785,2993,2792,573,1577,4208,7.31942979256699,7.80577767457401,6.79806904369628,6.8548167539267,7.48683415345593,7.25669293963878,194
"195",2017,9,7.16666666666667,27,7.88636363636364,6.671875,6.39285714285714,7.29166666666667,7.13095238095238,11,16,7,6,21,5812,3004,2808,580,1583,4229,7.31872012216105,7.80607276298269,6.79734998931624,6.84924137931035,7.48609441566646,7.25606854812012,195
"196",2017,10,6.79,20,7.47777777777778,6.22727272727273,7.5,6.78333333333333,6.79285714285714,9,11,2,6,14,5832,3013,2819,582,1589,4243,7.31690695301784,7.80509212744773,6.79512549485633,6.85147766323024,7.48344081812461,7.25454015790714,196
"197",2017,11,6.92222222222222,18,7.33333333333333,6.84,6.68571428571429,7.25,6.82857142857143,3,15,7,4,14,5850,3016,2834,589,1593,4257,7.31569253846154,7.80462287135279,6.79536300988003,6.84950764006791,7.48285465160075,7.25313927413672,197
"198",2017,12,6.93181818181818,22,6.9375,6.92857142857143,6.38571428571429,6.94,6.92941176470588,8,14,7,5,17,5872,3024,2848,596,1598,4274,7.3142543170981,7.80232889550265,6.79601782654494,6.84406040268456,7.48115610763454,7.25185163547028,198
"199",2018,1,6.83333333333333,33,7.86666666666667,5.97222222222222,6,6.2,6.94642857142857,15,18,9,5,28,5905,3039,2866,605,1603,4302,7.31156669771381,7.80264645607108,6.79084395324494,6.8315041322314,7.47715998752339,7.24986375871687,199
"200",2018,2,7.06,20,7.6,6.76923076923077,6.33333333333333,6.75,7.1375,7,13,3,4,16,5925,3046,2879,608,1607,4318,7.31071752742616,7.80218075508864,6.79074635984717,6.82904605263158,7.47535000622277,7.24944740389069,200
"201",2018,3,7.38333333333333,15,8.07142857142857,6.78125,8.125,8.16666666666667,7.1875,7,8,2,3,12,5940,3053,2887,610,1610,4330,7.3109009006734,7.80279809367835,6.79072004502944,6.83329508196721,7.47663817391304,7.24927572517321,201
"202",2018,4,6.9551724137931,29,7.59166666666667,6.50588235294118,6.94444444444444,6.91666666666667,6.96521739130435,12,17,9,6,23,5969,3065,2904,619,1616,4353,7.30917261685375,7.80197147797716,6.78905260674931,6.83491114701131,7.47455907178218,7.24777484263726,202
"203",2018,5,7.06785714285714,28,7.95833333333333,6.4,6.33333333333333,7.9,6.88695652173913,12,16,3,5,23,5997,3077,2920,622,1621,4376,7.30804591462398,7.80258127396815,6.78692081164384,6.83249196141479,7.47587135101789,7.24587840265082,203
"204",2018,6,7.06521739130435,23,7.75,6.31818181818182,6.375,7.5,6.94444444444444,12,11,4,5,18,6020,3089,2931,626,1626,4394,7.30711816445183,7.8023770087407,6.78516164107813,6.82956869009585,7.47594554735547,7.24464357988166,204
"205",2018,7,7.13272727272727,22,7.72,6.54545454545455,6.5,7.625,7.02333333333333,11,11,1,4,18,6042,3100,2942,627,1630,4412,7.30648317610063,7.80208470322581,6.7842653874915,6.82904306220096,7.47631132515337,7.24374068223028,205
"206",2018,8,7.25909090909091,22,7.725,6.7,6.66666666666667,7.425,7.22222222222222,12,10,3,4,18,6064,3112,2952,630,1634,4430,7.30631123845647,7.80178746143959,6.78397993563686,6.82826984126984,7.47618571603427,7.243653248307,206
"207",2018,9,7.18636363636364,33,7.86176470588235,6.46875,7.58333333333333,8.22142857142857,6.90769230769231,17,16,6,7,26,6097,3129,2968,636,1641,4456,7.30566202230605,7.8021133205497,6.7822805828841,6.83539308176101,7.47936469226082,7.24169297351885,207
"208",2018,10,7.02592592592593,27,7.43846153846154,6.64285714285714,7,6.84,7.06818181818182,13,14,1,5,22,6124,3142,2982,637,1646,4478,7.30442869856303,7.80060871419478,6.78162601274312,6.83565149136578,7.47742251518834,7.24084052925413,208
"209",2018,11,7.052,25,7.48181818181818,6.71428571428571,6.83333333333333,6.61428571428571,7.22222222222222,11,14,6,7,18,6149,3153,2996,643,1653,4496,7.30340239876403,7.79949653663178,6.78131133845127,6.8356298600311,7.47376736842105,7.24076598976868,209
"210",2018,12,6.578125,32,7.4,6.20454545454545,6.5,6.5,6.59259259259259,10,22,7,5,27,6181,3163,3018,650,1658,4523,7.29964752467239,7.79823350616504,6.77710694831014,6.83201538461538,7.47083079613993,7.23689672562458,210
"211",2019,1,7.35172413793103,29,7.30625,7.40769230769231,7,7.825,7.17142857142857,16,13,2,8,21,6210,3179,3031,652,1666,4544,7.29989071658615,7.79575733878579,6.77981153744639,6.83253067484663,7.47253148859544,7.2365941659331,211
"212",2019,2,7.09782608695652,23,7.39583333333333,6.77272727272727,7,7,7.11842105263158,12,11,1,4,19,6233,3191,3042,653,1670,4563,7.29914509064656,7.7942533939204,6.77978592044707,6.83278713629403,7.47139967664671,7.23610210168748,212
"213",2019,3,7.17068965517241,29,7.59230769230769,6.828125,7.5,8.2,6.95625,13,16,3,5,24,6262,3204,3058,656,1675,4587,7.29855019961674,7.79343401373284,6.78003883911053,6.83583841463415,7.47357460298507,7.23463786570743,213
"214",2019,4,7.3625,20,8.20454545454546,6.33333333333333,6.75,6.9,7.51666666666667,11,9,2,5,15,6282,3215,3067,658,1680,4602,7.29875379656161,7.79484061586315,6.77872799804369,6.83557750759878,7.47186753571429,7.23555712516297,214
"215",2019,5,7.09655172413793,29,7.85333333333333,6.28571428571429,6.9,6.95,7.17368421052632,15,14,5,10,19,6311,3230,3081,663,1690,4621,7.29782464744098,7.79511225386997,6.77648775397598,6.83606334841629,7.46877956213018,7.2353027245185,215
"216",2019,6,7.37857142857143,21,8.00454545454545,6.69,6.16666666666667,7.05,7.48125,11,10,3,5,16,6332,3241,3091,666,1695,4637,7.29809244314593,7.79582307312558,6.77620794888386,6.83304804804805,7.46754422418879,7.23615136726332,216
"217",2019,7,7.40645161290323,31,8.12352941176471,6.53571428571429,5.9,8.25,7.34827586206897,17,14,5,2,29,6363,3258,3105,671,1697,4666,7.29862035989313,7.79753302025783,6.77512359742351,6.82609538002981,7.46846638774308,7.23684824046292,217
"218",2019,8,7.1671875,32,7.69736842105263,6.39230769230769,6.4,6.96363636363636,7.27380952380952,19,13,5,11,21,6395,3277,3118,676,1708,4687,7.29796268178264,7.79695226731767,6.77352750801796,6.82294378698225,7.46521514051522,7.23701384467676,218
"219",2019,9,7.122,35,7.44277777777778,6.78235294117647,7,8.01428571428571,6.89892857142857,18,17,3,7,28,6430,3295,3135,679,1715,4715,7.2970048755832,7.79501747496207,6.77357536523126,6.82372606774669,7.46745624489796,7.23500612725344,219
"220",2019,10,7.30208333333333,24,7.925,6.85714285714286,5.5,6.75,7.4125,10,14,2,4,20,6454,3305,3149,681,1719,4735,7.29702376045863,7.79541076550681,6.77394689425214,6.81983847283407,7.46578677137871,7.2357558373812,220
"221",2019,11,6.99736842105263,38,7.43809523809524,6.45294117647059,5.84,8.13333333333333,6.784375,21,17,5,6,32,6492,3326,3166,686,1725,4767,7.29526977048675,7.79315471437162,6.77222323752369,6.81269679300291,7.46810867246377,7.23272580029368,221
"222",2019,12,7.10185185185185,27,7.69666666666667,6.35833333333333,6.325,8,6.98958333333333,15,12,4,3,24,6519,3341,3178,690,1728,4791,7.29446868384722,7.79272151451662,6.77066040591567,6.80986956521739,7.46903209490741,7.23150780421624,222
"223",2020,1,7.31944444444444,36,7.56818181818182,6.92857142857143,5.33333333333333,6.66666666666667,7.37878787878788,22,14,3,3,33,6555,3363,3192,693,1731,4824,7.29460585049581,7.79125262563188,6.7713529981203,6.80347763347763,7.46764151357597,7.23251531716418,223
"224",2020,2,7.27170731707317,41,7.64090909090909,6.84421052631579,7.16,7.82727272727273,7.068,22,19,9,11,30,6596,3385,3211,702,1742,4854,7.29446351576713,7.79027550369277,6.77178410775459,6.80804843304843,7.46991243398393,7.23149853522867,224
"225",2020,3,7.0295652173913,23,7.18705882352941,6.58333333333333,7,6.94444444444444,7.08428571428571,17,6,3,9,14,6619,3402,3217,705,1751,4868,7.29354303520169,7.78726119341564,6.7714326297793,6.80886524822695,7.46721157053113,7.2310751622843,225
"226",2020,4,7.45789473684211,19,7.7875,6.89285714285714,5.75,8.16666666666667,7.325,12,7,2,3,16,6638,3414,3224,707,1754,4884,7.29401346037963,7.7872620328061,6.77169626861042,6.80586987270155,7.46840790193843,7.23138286036036,226
"227",2020,5,6.87142857142857,28,7.48,6.53333333333333,6.86666666666667,7.55,6.68636363636364,10,18,6,6,22,6666,3424,3242,713,1760,4906,7.29223842634264,7.78636465537383,6.77037284700802,6.80638148667602,7.46868605681818,7.22893882796575,227
"228",2020,6,7.40476190476191,21,8,5.91666666666667,5.625,7.5,7.38235294117647,15,6,4,4,17,6687,3439,3248,717,1764,4923,7.29259179751757,7.78729647571969,6.76879580357143,6.79979079497908,7.46875706349206,7.22946859435303,228
"229",2020,7,7.1304347826087,23,7.02307692307692,7.27,6.4,6.76666666666667,7.185,13,10,3,3,20,6710,3452,3258,720,1767,4943,7.29203596870343,7.78441847624566,6.77033418354819,6.798125,7.46756505942275,7.2292886688246,229
"230",2020,8,6.83888888888889,18,7.63333333333333,5.25,NA,4.75,7.1,12,6,0,2,16,6728,3464,3264,720,1769,4959,7.29082362514863,7.78389508660508,6.76753945159314,6.798125,7.46449262860373,7.2288715245009,230
"231",2020,9,7.32941176470588,34,7.775,6.93333333333333,6,7.85714285714286,7.19259259259259,16,18,2,7,27,6762,3480,3282,722,1776,4986,7.29101765010352,7.78385418965517,6.76844874162096,6.79591412742382,7.46604023648649,7.22867506819093,231
"232",2020,10,7.17413793103448,29,7.253125,7.07692307692308,6.6,7.38333333333333,7.1195652173913,16,13,5,6,23,6791,3496,3295,727,1782,5009,7.29051853188043,7.78142522311213,6.7696657875569,6.79456671251719,7.46576176206509,7.22817406468357,232
"233",2020,11,6.88,30,7.41176470588235,6.18461538461538,7,7,6.856,17,13,1,5,25,6821,3513,3308,728,1787,5034,7.28871299662806,7.77963637346997,6.76736661729141,6.7948489010989,7.46445856743145,7.22632576281287,233
"234",2020,12,6.36285714285714,35,7.14705882352941,5.62222222222222,5.4,6,6.42333333333333,17,18,5,5,30,6856,3530,3326,733,1792,5064,7.28398648628938,7.77658996600567,6.76116920324714,6.78533424283765,7.46037246651786,7.22156869865718,234
"235",2021,1,6.97777777777778,27,7.30769230769231,6.67142857142857,5.8,7.33333333333333,6.87619047619048,13,14,5,6,21,6883,3543,3340,738,1798,5085,7.28278531890164,7.77486948348857,6.76079304491018,6.77865853658536,7.45994853170189,7.22014235791543,235
"236",2021,2,6.83913043478261,23,7.94166666666667,5.63636363636364,6,7.13333333333333,6.73529411764706,12,11,4,6,17,6906,3555,3351,742,1804,5102,7.28130775412685,7.775432511955,6.75710199045061,6.77446091644205,7.45886222838137,7.21852683065464,236
"237",2021,3,7.24594736842105,19,7.65209090909091,6.6875,5,7.29325,7.23333333333333,11,8,1,4,15,6925,3566,3359,743,1808,5117,7.28121073646209,7.77505204150309,6.75693622208991,6.77207267833109,7.45849582964602,7.2185702345124,237
"238",2021,4,7.19565217391304,23,7.96666666666667,5.75,5.5,7.8,7.02777777777778,15,8,2,5,18,6948,3581,3367,745,1813,5135,7.28092751151411,7.77585467187937,6.75454373923374,6.7686577181208,7.45943765030336,7.21790143914313,238
"239",2021,5,7.35714285714286,21,8.125,6.33333333333333,6.75,7.1,7.4375,12,9,4,5,16,6969,3593,3376,749,1818,5151,7.28115717463051,7.77702075702756,6.75342084419431,6.76855807743658,7.45844909790979,7.21858355464958,239
"240",2021,6,7.115625,16,7.585,6.33333333333333,7,9.5,6.95666666666667,10,6,1,1,15,6985,3603,3382,750,1819,5166,7.28077800286328,7.7764878101582,6.75267556771141,6.76886666666667,7.45957144584937,7.21782305265195,240
"241",2021,7,6.52916666666667,24,7.375,5.68333333333333,6.17142857142857,7.16666666666667,6.31666666666667,12,12,7,6,18,7009,3615,3394,757,1825,5184,7.2782043586817,7.77515507053942,6.74889474661167,6.76334214002642,7.45860847123288,7.21469403742283,241
"242",2021,8,7.05137931034483,29,7.2075,6.94117647058824,7.4,6.418,7.18333333333333,12,17,5,5,24,7038,3627,3411,762,1830,5208,7.27726972861608,7.77327697270472,6.74985305482263,6.76751968503937,7.45576527868852,7.21454951804915,242
"243",2021,9,7.36363636363636,22,7.76923076923077,6.77777777777778,6,6.875,7.47222222222222,13,9,4,4,18,7060,3640,3420,766,1834,5226,7.27753885977337,7.77326252197802,6.74992654093567,6.76351174934726,7.45449861504907,7.21543702449291,243
"244",2021,10,7.37894736842105,19,7.39166666666667,7.35714285714286,NA,7,7.42352941176471,12,7,0,2,17,7079,3652,3427,766,1836,5243,7.27781103969487,7.77200864731654,6.75116684271958,6.76351174934726,7.45400351851852,7.21611174709135,244
"245",2021,11,7.1,33,7.59285714285714,6.73684210526316,6.85714285714286,6.8,7.15357142857143,14,19,7,5,28,7112,3666,3446,773,1841,5271,7.27698598847019,7.77132448990726,6.75108786128845,6.7643596377749,7.45222730038023,7.21577952760386,245
"246",2021,12,6.69117647058824,34,6.85,6.46428571428571,6,6.66666666666667,6.69642857142857,20,14,4,6,28,7146,3686,3460,777,1847,5299,7.27419876154492,7.76632544221378,6.74992739017341,6.76042471042471,7.44967539794261,7.21303526891866,246
"247",2022,1,7.15891304347826,46,7.72346153846154,6.425,6.5,6.92857142857143,7.20025641025641,26,20,4,7,39,7192,3712,3480,781,1854,5338,7.27346139460512,7.76602521012931,6.74805999137931,6.75909090909091,7.44770790722762,7.21294190520794,247
"248",2022,2,7.38265306122449,49,7.75,6.89285714285714,7.0625,7.68181818181818,7.29605263157895,28,21,4,11,38,7241,3740,3501,785,1865,5376,7.27420029692031,7.76590523529412,6.74892852613539,6.76063694267516,7.44908871849866,7.21352936941964,248
"249",2022,3,7.20575757575758,33,7.839,6.9304347826087,6.75,7.6125,7.0756,10,23,6,8,25,7274,3750,3524,791,1873,5401,7.27388979241133,7.76610015466667,6.75011315834279,6.76055625790139,7.44978668446343,7.21289092575448,249
"250",2022,4,7.49310344827586,29,8.01333333333333,6.93571428571429,7.1,7.25,7.55652173913044,15,14,5,6,23,7303,3765,3538,796,1879,5424,7.27476028344516,7.76708514741036,6.75084758903335,6.76268844221105,7.44914872804683,7.21434806231563,250
"251",2022,5,6.95003333333333,30,7.47368421052632,6.04554545454545,5.625,8,6.83337037037037,19,11,4,3,27,7333,3784,3549,800,1882,5451,7.27343179462703,7.7656119397463,6.74866153000845,6.757,7.45002681190223,7.21246099614749,251
"252",2022,6,6.95689655172414,29,7.30882352941176,6.45833333333333,6.33333333333333,6.475,7.21052631578947,17,12,3,10,19,7362,3801,3561,803,1892,5470,7.27218491578375,7.76356895027625,6.74768317045774,6.75541718555417,7.44487339323467,7.21245427605118,252
"253",2022,7,7.07129032258065,31,7.53086956521739,5.75,NA,6.186,7.49285714285714,23,8,0,10,21,7393,3824,3569,803,1902,5491,7.27134253347761,7.76216934623431,6.74544683945083,6.75541718555417,7.4382547108307,7.21352665998907,253
"254",2022,8,7.32385714285714,35,7.99175,6.43333333333333,6.5,8.016875,7.11851851851852,20,15,1,8,27,7428,3844,3584,804,1910,5518,7.27158997711362,7.76336383454735,6.74414056082589,6.75509950248756,7.4406782513089,7.21306177781804,254
