"","year","month","avg_rating","no_ratings","avg_rating_owned","avg_rating_not_owned","avg_rating_prev_owned","avg_rating_comment","avg_rating_no_comment","no_ratings_owned","no_ratings_not_owned","no_ratings_prev_owned","no_ratings_comment","no_ratings_no_comment","cum_no_ratings","cum_no_ratings_owned","cum_no_ratings_not_owned","cum_no_ratings_prev_owned","cum_no_ratings_comment","cum_no_ratings_no_comment","cum_avg_rating","cum_avg_rating_owned","cum_avg_rating_not_owned","cum_avg_rating_prev_owned","cum_avg_rating_comment","cum_avg_rating_no_comment","month_after_release"
"1",2001,6,7.23,10,7.75714285714286,6,6,6.75,7.55,7,3,1,4,6,10,7,3,1,4,6,7.23,7.75714285714286,6,6,6.75,7.55,0
"2",2001,7,6.5,2,6.5,NA,NA,NA,6.5,2,0,0,0,2,12,9,3,1,4,8,7.10833333333333,7.47777777777778,6,6,6.75,7.2875,1
"3",2001,8,7.76923076923077,13,8,7,6,8.75,7.33333333333333,10,3,1,4,9,25,19,6,2,8,17,7.452,7.75263157894737,6.5,6,7.75,7.31176470588235,2
"4",2001,9,7.3,5,7.5,7.16666666666667,NA,NA,7.3,2,3,0,0,5,30,21,9,2,8,22,7.42666666666667,7.72857142857143,6.72222222222222,6,7.75,7.30909090909091,3
"5",2001,10,6.61111111111111,9,6.57142857142857,6.75,NA,7,6.3,7,2,0,4,5,39,28,11,2,12,27,7.23846153846154,7.43928571428571,6.72727272727273,6,7.5,7.12222222222222,4
"6",2001,11,6.71428571428571,7,6.33333333333333,7,NA,6,6.83333333333333,3,4,0,1,6,46,31,15,2,13,33,7.15869565217391,7.33225806451613,6.8,6,7.38461538461539,7.06969696969697,5
"7",2001,12,8.5,2,8.5,NA,NA,NA,8.5,2,0,0,0,2,48,33,15,2,13,35,7.21458333333333,7.4030303030303,6.8,6,7.38461538461539,7.15142857142857,6
"8",2002,1,8.66666666666667,6,9,8,NA,9.5,8.25,4,2,0,2,4,54,37,17,2,15,39,7.37592592592593,7.57567567567568,6.94117647058824,6,7.66666666666667,7.26410256410256,7
"9",2002,2,8.66666666666667,3,8.66666666666667,NA,NA,9,8.5,3,0,0,1,2,57,40,17,2,16,41,7.44385964912281,7.6575,6.94117647058824,6,7.75,7.32439024390244,8
"10",2002,3,8,2,8,NA,NA,9,7,2,0,0,1,1,59,42,17,2,17,42,7.46271186440678,7.67380952380952,6.94117647058824,6,7.82352941176471,7.31666666666667,9
"11",2002,4,7,3,6,9,NA,NA,7,2,1,0,0,3,62,44,18,2,17,45,7.44032258064516,7.59772727272727,7.05555555555556,6,7.82352941176471,7.29555555555556,10
"12",2002,5,7,3,9,6,NA,7,7,1,2,0,1,2,65,45,20,2,18,47,7.42,7.62888888888889,6.95,6,7.77777777777778,7.28297872340426,11
"13",2002,6,7.31818181818182,11,7.625,6.5,NA,8.33333333333333,6.9375,8,3,0,3,8,76,53,23,2,21,55,7.40526315789474,7.62830188679245,6.89130434782609,6,7.85714285714286,7.23272727272727,12
"14",2002,7,8.22222222222222,9,8.5,6,NA,8,8.25,8,1,0,1,8,85,61,24,2,22,63,7.49176470588235,7.74262295081967,6.85416666666667,6,7.86363636363636,7.36190476190476,13
"15",2002,8,8.38461538461539,13,8.66666666666667,7.75,NA,8,8.71428571428571,9,4,0,6,7,98,70,28,2,28,70,7.61020408163265,7.86142857142857,6.98214285714286,6,7.89285714285714,7.49714285714286,14
"16",2002,9,8.1,10,8.77777777777778,2,NA,9,7.71428571428571,9,1,0,3,7,108,79,29,2,31,77,7.65555555555556,7.96582278481013,6.81034482758621,6,8,7.51688311688312,15
"17",2002,10,6.66666666666667,9,7.33333333333333,5.33333333333333,NA,6.25,7,6,3,0,4,5,117,85,32,2,35,82,7.57948717948718,7.92117647058824,6.671875,6,7.8,7.48536585365854,16
"18",2002,11,7.64285714285714,14,7.45454545454545,8.33333333333333,7,6,8.09090909090909,11,3,1,3,11,131,96,35,3,38,93,7.58625954198473,7.86770833333333,6.81428571428571,6.33333333333333,7.65789473684211,7.55698924731183,17
"19",2002,12,7.41666666666667,12,8,4.5,NA,7,7.71428571428571,10,2,0,5,7,143,106,37,3,43,100,7.57202797202797,7.88018867924528,6.68918918918919,6.33333333333333,7.58139534883721,7.568,18
"20",2003,1,6.725,20,7.32142857142857,5.33333333333333,6,6.1,6.93333333333333,14,6,2,5,15,163,120,43,5,48,115,7.4680981595092,7.815,6.5,6.2,7.42708333333333,7.48521739130435,19
"21",2003,2,6.97368421052632,19,7.53125,4,NA,7,6.95833333333333,16,3,0,7,12,182,136,46,5,55,127,7.41648351648352,7.78161764705882,6.33695652173913,6.2,7.37272727272727,7.43543307086614,20
"22",2003,3,6.88888888888889,9,7.5,5.66666666666667,4,6.5,7.2,6,3,1,4,5,191,142,49,6,59,132,7.39162303664921,7.76971830985915,6.29591836734694,5.83333333333333,7.3135593220339,7.42651515151515,21
"23",2003,4,7.63636363636364,11,7.6875,7.5,8.5,8.5,7.44444444444444,8,3,1,2,9,202,150,52,7,61,141,7.4049504950495,7.76533333333333,6.36538461538461,6.21428571428571,7.35245901639344,7.42765957446808,22
"24",2003,5,6.96296296296296,27,7.75,4.71428571428571,9,6.63636363636364,7.1875,20,7,1,11,16,229,170,59,8,72,157,7.3528384279476,7.76352941176471,6.16949152542373,6.5625,7.24305555555556,7.4031847133758,23
"25",2003,6,7.73076923076923,13,8.11111111111111,6.875,NA,7.66666666666667,7.875,9,4,0,9,4,242,179,63,8,81,161,7.37314049586777,7.78100558659218,6.21428571428571,6.5625,7.29012345679012,7.41490683229814,24
"26",2003,7,6.63888888888889,54,7.16666666666667,5.58333333333333,8,6.65625,6.63157894736842,36,18,1,16,38,296,215,81,9,97,199,7.23918918918919,7.67813953488372,6.07407407407407,6.72222222222222,7.18556701030928,7.26532663316583,25
"27",2003,8,7.52,25,7.77777777777778,6.85714285714286,NA,7,7.86666666666667,18,7,0,10,15,321,233,88,9,107,214,7.26105919003115,7.68583690987124,6.13636363636364,6.72222222222222,7.16822429906542,7.30747663551402,26
"28",2003,9,7.83333333333333,21,7.875,7.77777777777778,7.5,7.82142857142857,7.85714285714286,12,9,2,14,7,342,245,97,11,121,221,7.29619883040936,7.69510204081633,6.28865979381443,6.86363636363636,7.24380165289256,7.32488687782805,27
"29",2003,10,7,21,7.375,5.8,NA,7.13636363636364,6.85,16,5,0,11,10,363,261,102,11,132,231,7.27906336088154,7.67547892720306,6.26470588235294,6.86363636363636,7.23484848484848,7.304329004329,28
"30",2003,11,6.88888888888889,9,6.88888888888889,NA,NA,6.2,7.75,9,0,0,5,4,372,270,102,11,137,235,7.26962365591398,7.64925925925926,6.26470588235294,6.86363636363636,7.1970802919708,7.31191489361702,29
"31",2003,12,7.125,16,7.72727272727273,5.8,9,7.16666666666667,7.1,11,5,1,6,10,388,281,107,12,143,245,7.26365979381443,7.65231316725979,6.24299065420561,7.04166666666667,7.1958041958042,7.30326530612245,30
"32",2004,1,7.46296296296296,27,7.97058823529412,6.6,NA,8.27777777777778,7.05555555555556,17,10,0,9,18,415,298,117,12,152,263,7.2766265060241,7.67046979865772,6.27350427350427,7.04166666666667,7.25986842105263,7.28631178707224,31
"33",2004,2,7.4,10,7.4,NA,NA,7.25,7.5,10,0,0,4,6,425,308,117,12,156,269,7.27952941176471,7.66168831168831,6.27350427350427,7.04166666666667,7.25961538461539,7.2910780669145,32
"34",2004,3,6.825,24,7.12,6.33333333333333,6.5,6.14285714285714,7.10588235294118,15,9,2,7,17,449,323,126,14,163,286,7.25523385300668,7.63653250773994,6.27777777777778,6.96428571428571,7.21165644171779,7.28006993006993,33
"35",2004,4,7.6,25,7.57894736842105,7.66666666666667,5,7.33333333333333,7.75,19,6,1,9,16,474,342,132,15,172,302,7.27341772151899,7.63333333333333,6.34090909090909,6.83333333333333,7.21802325581395,7.30496688741722,34
"36",2004,5,6.96428571428571,28,7.15,6.5,6,6.30769230769231,7.53333333333333,20,8,2,13,15,502,362,140,17,185,317,7.25617529880478,7.60662983425414,6.35,6.73529411764706,7.15405405405405,7.31577287066246,35
"37",2004,6,7.49666666666667,30,7.49545454545455,7.5,7,7.23076923076923,7.7,22,8,1,13,17,532,384,148,18,198,334,7.26973684210526,7.60026041666667,6.41216216216216,6.75,7.15909090909091,7.33532934131737,36
"38",2004,7,7.58,25,8.35714285714286,3.5,NA,7.03571428571429,8.27272727272727,21,4,0,14,11,557,405,152,18,212,345,7.28366247755835,7.63950617283951,6.33552631578947,6.75,7.15094339622642,7.36521739130435,37
"39",2004,8,7.21052631578947,19,7.84615384615385,5.83333333333333,7.5,7.28571428571429,7.16666666666667,13,6,2,7,12,576,418,158,20,219,357,7.28125,7.64593301435407,6.31645569620253,6.825,7.15525114155251,7.35854341736695,38
"40",2004,9,7.425,20,7.5,7,NA,7.92857142857143,7.15384615384615,17,3,0,7,13,596,435,161,20,226,370,7.28607382550336,7.64022988505747,6.32919254658385,6.825,7.17920353982301,7.35135135135135,39
"41",2004,10,7.48,25,7.95238095238095,5,NA,7.5,7.46428571428571,21,4,0,11,14,621,456,165,20,237,384,7.2938808373591,7.6546052631579,6.2969696969697,6.825,7.19409282700422,7.35546875,40
"42",2004,11,7.51063829787234,47,8.20588235294118,5.69230769230769,5.5,7.575,7.46296296296296,34,13,2,20,27,668,490,178,22,257,411,7.30913173652695,7.69285714285714,6.25280898876404,6.70454545454545,7.22373540856031,7.3625304136253,41
"43",2004,12,7.27083333333333,24,7.75,5.83333333333333,6,7.57142857142857,7.14705882352941,18,6,1,7,17,692,508,184,23,264,428,7.30780346820809,7.69488188976378,6.23913043478261,6.67391304347826,7.23295454545455,7.35397196261682,42
"44",2005,1,7.1219512195122,41,7.58333333333333,5.86363636363636,6.33333333333333,6.93181818181818,7.34210526315789,30,11,3,22,19,733,538,195,26,286,447,7.29740791268759,7.68866171003717,6.21794871794872,6.63461538461539,7.20979020979021,7.35346756152125,43
"45",2005,2,7.03225806451613,31,7.61111111111111,6.23076923076923,7.66666666666667,6.8,7.25,18,13,3,15,16,764,556,208,29,301,463,7.28664921465969,7.68615107913669,6.21875,6.74137931034483,7.18936877076412,7.34989200863931,44
"46",2005,3,6.87111111111111,45,8.048,5.4,7.33333333333333,6.65217391304348,7.1,25,20,3,23,22,809,581,228,32,324,485,7.26353522867738,7.70172117039587,6.1469298245614,6.796875,7.15123456790123,7.33855670103093,45
"47",2005,4,7.1375,28,7.85666666666667,6.30769230769231,6.5,6.83333333333333,7.365625,15,13,2,12,16,837,596,241,34,336,501,7.25931899641577,7.70562080536913,6.15560165975104,6.77941176470588,7.13988095238095,7.33942115768463,46
"48",2005,5,6.89516129032258,31,7.67045454545455,5,4,6.88157894736842,6.91666666666667,22,9,1,19,12,868,618,250,35,355,513,7.2463133640553,7.70436893203884,6.114,6.7,7.12605633802817,7.32953216374269,47
"49",2005,6,7.875,20,8.21875,6.5,6.5,7.75,8.0625,16,4,2,12,8,888,634,254,37,367,521,7.26047297297297,7.71735015772871,6.12007874015748,6.68918918918919,7.14645776566757,7.34078694817658,48
"50",2005,7,6.98214285714286,28,7.07142857142857,6.71428571428571,NA,6.9,7.02777777777778,21,7,0,10,18,916,655,261,37,377,539,7.25196506550218,7.69664122137405,6.1360153256705,6.68918918918919,7.13992042440318,7.33033395176252,49
"51",2005,8,7.10454545454545,44,7.55,5.91666666666667,NA,6.81481481481481,7.56470588235294,32,12,0,27,17,960,687,273,37,404,556,7.24520833333333,7.68981077147016,6.12637362637363,6.68918918918919,7.11819306930693,7.3375,50
"52",2005,9,8.10322580645161,31,8.18181818181818,7.91111111111111,NA,8.29166666666667,7.98421052631579,22,9,0,12,19,991,709,282,37,416,575,7.27204843592331,7.70507757404796,6.18333333333333,6.68918918918919,7.15204326923077,7.35886956521739,51
"53",2005,10,7.08275862068966,29,7.49473684210526,6.3,6.33333333333333,6.88888888888889,7.17,19,10,3,9,20,1020,728,292,40,425,595,7.26666666666667,7.69958791208791,6.18732876712329,6.6625,7.14647058823529,7.35252100840336,52
"54",2005,11,6.31451612903226,31,6.67105263157895,5.75,6,6.27941176470588,6.35714285714286,19,12,3,17,14,1051,747,304,43,442,609,7.23858230256898,7.67342704149933,6.17006578947368,6.61627906976744,7.1131221719457,7.32963875205254,53
"55",2005,12,7.62647058823529,34,7.79642857142857,6.83333333333333,6,8.60714285714286,6.94,28,6,3,14,20,1085,775,310,46,456,629,7.25073732718894,7.67787096774194,6.18290322580645,6.57608695652174,7.15899122807018,7.31724960254372,54
"56",2006,1,7.72,50,7.9,7,8,8.42857142857143,7.20689655172414,40,10,1,21,29,1135,815,320,47,477,658,7.27140969162996,7.68877300613497,6.2084375,6.6063829787234,7.21488469601677,7.31238601823708,55
"57",2006,2,7.00277777777778,36,7.08387096774194,6.5,NA,6.94117647058824,7.05789473684211,31,5,0,17,19,1171,846,325,47,494,677,7.2631511528608,7.66660756501182,6.21292307692308,6.6063829787234,7.20546558704453,7.30524372230428,56
"58",2006,3,7.27551020408163,49,7.79761904761905,4.14285714285714,1,7,7.45,42,7,1,19,30,1220,888,332,48,513,707,7.26364754098361,7.67280405405405,6.16927710843374,6.48958333333333,7.19785575048733,7.31138613861386,57
"59",2006,4,6.82,25,7.23684210526316,5.5,NA,6.625,7,19,6,0,12,13,1245,907,338,48,525,720,7.25473895582329,7.66367144432194,6.15739644970414,6.48958333333333,7.1847619047619,7.30576388888889,58
"60",2006,5,7.1875,24,7.47222222222222,6.33333333333333,7,5.94444444444444,7.93333333333333,18,6,1,9,15,1269,925,344,49,534,735,7.25346729708432,7.65994594594595,6.16046511627907,6.5,7.16385767790262,7.31857142857143,59
"61",2006,6,6.69130434782609,23,6.97142857142857,3.75,NA,6.19,7.07692307692308,21,2,0,10,13,1292,946,346,49,544,748,7.24345975232198,7.64466173361522,6.14653179190752,6.5,7.14595588235294,7.31437165775401,60
"62",2006,7,7.87962962962963,27,8.05,7.39285714285714,6,8.15,7.72058823529412,20,7,1,10,17,1319,966,353,50,554,765,7.25648218347233,7.65305383022774,6.17124645892351,6.49,7.16407942238267,7.32339869281046,61
"63",2006,8,7.20191428571429,35,7.63719230769231,5.94444444444444,6.375,7.51192857142857,6.9952380952381,26,9,4,14,21,1354,992,362,54,568,786,7.25507163958641,7.65263810483871,6.16560773480663,6.48148148148148,7.17265316901408,7.314631043257,62
"64",2006,9,6.92906976744186,43,7.63620689655172,5.46428571428571,8,6.790625,7.01111111111111,29,14,1,16,27,1397,1021,376,55,584,813,7.2450372226199,7.65217140058766,6.13949468085106,6.50909090909091,7.16218664383562,7.30455104551045,63
"65",2006,10,7.45027027027027,37,8.09615384615385,5.92363636363636,6,6.97384615384615,7.70833333333333,26,11,1,13,24,1434,1047,387,56,597,837,7.25033263598326,7.66319675262655,6.13335917312662,6.5,7.15808542713568,7.31612903225806,64
"66",2006,11,7.0046511627907,43,7.31875,6.09090909090909,7,6.39285714285714,7.3,32,11,2,14,29,1477,1079,398,58,611,866,7.24318009478673,7.65298146431881,6.13218592964824,6.51724137931035,7.14055155482815,7.31558891454965,65
"67",2006,12,7.12586206896552,58,7.62222222222222,5.40769230769231,5.075,6.87777777777778,7.2375,45,13,4,18,40,1535,1124,411,62,629,906,7.23874723127036,7.65175,6.1092700729927,6.4241935483871,7.13303179650238,7.3121412803532,66
"68",2007,1,7.35507246376812,69,7.56938775510204,6.83,6,7.36538461538461,7.34883720930233,49,20,1,26,43,1604,1173,431,63,655,949,7.24375124688279,7.6483094629156,6.14271461716937,6.41746031746032,7.14225496183206,7.31380400421496,67
"69",2007,2,7.30693020408163,49,7.56969696969697,6.76497375,6.5,7.22352941176471,7.351236875,33,16,2,17,32,1653,1206,447,65,672,981,7.24562406533575,7.6461583747927,6.16498787472036,6.42,7.14431101190476,7.31502505606524,68
"70",2007,3,7.41878048780488,41,7.46103448275862,7.31666666666667,7.6,7.04545454545455,7.85105263157895,29,12,5,22,19,1694,1235,459,70,694,1000,7.24981498229044,7.64181133603239,6.19509712418301,6.50428571428571,7.14117723342939,7.32520958,69
"71",2007,4,7.51818181818182,44,8.15483870967742,6,5.66666666666667,6.71428571428571,7.89333333333333,31,13,3,14,30,1738,1266,472,73,708,1030,7.25660907940161,7.65437361769352,6.18972368644068,6.46986301369863,7.13273587570621,7.34175687378641,70
"72",2007,5,6.97659574468085,47,7.27647058823529,6.19230769230769,6.25,7.27727272727273,6.712,34,13,4,22,25,1785,1300,485,77,730,1055,7.24923617927171,7.64449,6.18979294845361,6.45844155844156,7.13709178082192,7.32683372511848,71
"73",2007,6,7.34146341463415,41,7.41428571428571,6.91666666666667,8,6.97368421052632,7.65909090909091,35,6,1,19,22,1826,1335,491,78,749,1077,7.25130699890471,7.63845468164794,6.19867531568228,6.47820512820513,7.13294659546061,7.33362077994429,72
"74",2007,7,6.93095238095238,42,7.304,6.38235294117647,7.5,7.06470588235294,6.84,25,17,3,17,25,1868,1360,508,81,766,1102,7.24410416488223,7.63230661764706,6.20482200787402,6.51604938271605,7.13143211488251,7.32242248638839,73
"75",2007,8,6.925,48,7.6030303030303,5.43333333333333,7,6.425,7.28214285714286,33,15,1,20,28,1916,1393,523,82,786,1130,7.23610990605428,7.63161306532663,6.18269518164436,6.52195121951219,7.11345674300255,7.32142440707965,74
"76",2007,9,7.375,40,7.95,5.65,5.75,7.2,7.48,30,10,2,15,25,1956,1423,533,84,801,1155,7.23895019427403,7.63832536893886,6.17270090056285,6.50357142857143,7.11507740324594,7.32485677922078,75
"77",2007,10,7.55584905660377,53,7.99882352941176,6.76315789473684,7.66666666666667,7.4775,7.62068965517241,34,19,3,24,29,2009,1457,552,87,825,1184,7.24731039323046,7.64673781743308,6.19302460144928,6.54367816091954,7.12562060606061,7.33210268581081,76
"78",2007,11,7.28461538461538,65,7.69565217391304,6.28947368421053,8.33333333333333,6.63888888888889,7.53191489361702,46,19,3,18,47,2074,1503,571,90,843,1231,7.24847954676953,7.64823486360612,6.19623394045534,6.60333333333333,7.11522775800712,7.33973158407799,77
"79",2007,12,7.0551282051282,78,7.69807692307692,5.76923076923077,NA,6.63103448275862,7.30612244897959,52,26,0,29,49,2152,1555,597,90,872,1280,7.2414714591078,7.64990160771704,6.17763748743719,6.60333333333333,7.099125,7.338444984375,78
"80",2008,1,7,74,7.36607142857143,5.86111111111111,7,6.875,7.09523809523809,56,18,4,32,42,2226,1611,615,94,904,1322,7.23344410601976,7.64003538175046,6.16837330081301,6.62021276595745,7.09119137168142,7.33071829046899,79
"81",2008,2,7.49508196721311,61,8.01666666666667,6.34210526315789,7.33333333333333,7.34074074074074,7.61764705882353,42,19,6,27,34,2287,1653,634,100,931,1356,7.24042264101443,7.64960496067756,6.17357977917981,6.663,7.09842857142857,7.33791266961652,80
"82",2008,3,7.06666666666667,63,7.62051282051282,6.16666666666667,3.5,6.66,7.25581395348837,39,24,2,20,43,2350,1692,658,102,951,1399,7.23576450212766,7.64893439716312,6.17332762917933,6.60098039215686,7.08920820189275,7.33538926375983,81
"83",2008,4,6.98188405797101,69,7.53191489361702,5.80681818181818,6.5,7.13461538461539,6.88953488372093,47,22,4,26,43,2419,1739,680,106,977,1442,7.22852276973956,7.64577170787809,6.16146997058824,6.59716981132075,7.09041658137155,7.3220940221914,82
"84",2008,5,7.4,45,7.875,5.5,6.5,8.1,6.975,36,9,2,17,28,2464,1775,689,108,994,1470,7.23165445616883,7.65042084507042,6.15282957910015,6.59537037037037,7.10768309859155,7.31548270748299,83
"85",2008,6,6.98076923076923,52,7.30555555555556,6.25,7,6.64285714285714,7.20967741935484,36,16,1,21,31,2516,1811,705,109,1015,1501,7.22646922893482,7.64356543346218,6.15503486524823,6.59908256880734,7.09806600985222,7.31329752165223,84
"86",2008,7,6.93565217391304,69,7.43090909090909,6.064,5.56666666666667,6.64171428571429,7.23823529411765,44,25,15,35,34,2585,1855,730,124,1050,1535,7.2187066073501,7.63852129380054,6.15191723287671,6.4741935483871,7.08285428571429,7.31163490553746,85
"87",2008,8,7.18367346938776,49,7.64090909090909,6.81111111111111,6.11666666666667,6.97333333333333,7.27647058823529,22,27,12,15,34,2634,1877,757,136,1065,1569,7.21805488990129,7.63854928076718,6.17542877146632,6.44264705882353,7.0813117370892,7.31087289993626,86
"88",2008,9,7.00555555555556,54,8.17307692307692,5.92142857142857,5.8125,6.36363636363636,7.446875,26,28,16,22,32,2688,1903,785,152,1087,1601,7.21378593005952,7.64585233841303,6.16636889171975,6.37631578947368,7.06678656853726,7.31359124297314,87
"89",2008,10,7.08,50,7.65294117647059,5.8625,5.7,6.875,7.21666666666667,34,16,5,20,30,2738,1937,801,157,1107,1631,7.21134279766253,7.64597676819824,6.1602991011236,6.35477707006369,7.06332158988257,7.31180844880441,88
"90",2008,11,7.60625,64,7.88095238095238,7.08181818181818,6.35,7.54827586206897,7.65428571428571,42,22,10,29,35,2802,1979,823,167,1136,1666,7.22036280513919,7.65096361798888,6.18493266099636,6.35449101796407,7.07570158450704,7.31900334933974,89
"91",2008,12,6.84117647058823,51,7.37575757575758,5.86111111111111,5.2,6.66666666666667,6.91388888888889,33,18,5,15,36,2853,2012,841,172,1151,1702,7.21358450052576,7.64644980119284,6.17800187871582,6.32093023255814,7.070370981755,7.31043453584019,90
"92",2009,1,7.22792207792208,77,7.35212765957447,7.03333333333333,7.17857142857143,7.04833333333333,7.34255319148936,47,30,14,30,47,2930,2059,871,186,1181,1749,7.21396129010239,7.63973142302088,6.2074622043628,6.38548387096774,7.06981117696867,7.31129764436821,91
"93",2009,2,6.67460317460317,126,7.46969696969697,5.8,5.8125,6.64814814814815,6.68181818181818,66,60,16,27,99,3056,2125,931,202,1208,1848,7.19172335732984,7.63445035294118,6.18120255639098,6.34009900990099,7.06038658940397,7.27757553030303,92
"94",2009,3,7.13809523809524,84,7.50961538461539,6.534375,5.14285714285714,6.56666666666667,7.26231884057971,52,32,7,15,69,3140,2177,963,209,1223,1917,7.19028871974522,7.63146853468075,6.19293829698858,6.3,7.0543311529027,7.27702638497653,93
"95",2009,4,7.21306818181818,88,7.38625,7.06875,6.88888888888889,7.01363636363636,7.27954545454545,40,48,9,22,66,3228,2217,1011,218,1245,1983,7.19090972118959,7.62704420387912,6.23451986152325,6.3243119266055,7.05361204819277,7.2771102269289,94
"96",2009,5,6.8474358974359,78,7.4063829787234,6,6.66666666666667,7.34782608695652,6.63818181818182,47,31,6,23,55,3306,2264,1042,224,1268,2038,7.1828059830611,7.62246333922261,6.22754278310941,6.33348214285714,7.05894873817035,7.2598673110893,95
"97",2009,6,6.59736842105263,76,7.19565217391304,5.68,4.85714285714286,5.8,6.79344262295082,46,30,7,15,61,3382,2310,1072,231,1283,2099,7.16965008279125,7.61396406926407,6.21221975746269,6.28874458874459,7.04422992985191,7.2463123296808,96
"98",2009,7,6.88037974683544,79,7.23679245283019,6.15384615384615,6.8,7.00357142857143,6.81274509803922,53,26,5,28,51,3461,2363,1098,236,1311,2150,7.16304726379659,7.60550444350402,6.21083750455374,6.29957627118644,7.04336155606407,7.23602771162791,97
"99",2009,8,6.96176470588235,68,7.27777777777778,6.60625,5.95454545454545,6.70454545454545,7.08478260869565,36,32,11,22,46,3529,2399,1130,247,1333,2196,7.15916876735619,7.60058649437265,6.22203502654867,6.28421052631579,7.03776969242311,7.23285955373406,98
"100",2009,9,7.05625,88,7.76590909090909,6.34659090909091,6.1,6.75862068965517,7.20254237288136,44,44,10,29,59,3617,2443,1174,257,1362,2255,7.15666479955764,7.60356406058125,6.2267032197615,6.27704280155642,7.03182599118943,7.23206633259424,99
"101",2009,10,6.96959459459459,74,7.40483870967742,6.65581395348837,6.51785714285714,6.44117647058824,7.12719298245614,31,43,14,17,57,3691,2474,1217,271,1379,2312,7.15291427255486,7.60107396928052,6.24186489728842,6.28948339483395,7.02454459753444,7.22948078719723,100
"102",2009,11,6.88194444444444,72,7.34146341463415,6.2741935483871,6,6.64814814814815,7.02222222222222,41,31,11,27,45,3763,2515,1248,282,1406,2357,7.14772962529896,7.59684174950298,6.24266793269231,6.2781914893617,7.01731650071124,7.22552379295715,101
"103",2009,12,7.07532467532468,77,7.46808510638298,6.46,5.33333333333333,7.575,6.9,47,30,9,20,57,3840,2562,1278,291,1426,2414,7.14627775520833,7.59447970335675,6.24776962441315,6.24896907216495,7.0251381486676,7.21783743993372,102
"104",2010,1,7.23489583333333,96,7.86979166666667,6.6,6.84615384615385,7.71304347826087,7.08424657534247,48,48,13,23,73,3936,2610,1326,304,1449,2487,7.14843917174797,7.59954291187739,6.26052004524887,6.27450657894737,7.03605728088337,7.21391619622035,103
"105",2010,2,6.81506849315068,73,7.48684210526316,6.08571428571429,6.14285714285714,6.725,6.84905660377358,38,35,7,20,53,4009,2648,1361,311,1469,2540,7.14236881516588,7.59792560422961,6.25602467303453,6.27154340836013,7.03182232811436,7.20630298425197,104
"106",2010,3,7.16860465116279,43,7.63095238095238,6.72727272727273,6.5,6.74642857142857,7.37241379310345,21,22,2,14,29,4052,2669,1383,313,1483,2569,7.14264723099704,7.59818546272012,6.26352102675344,6.27300319488818,7.02912811867836,7.20817811599844,105
"107",2010,4,7,50,7.65625,5.83333333333333,6.55555555555556,6.375,7.11904761904762,32,18,9,8,42,4102,2701,1401,322,1491,2611,7.14090847879083,7.59887338022954,6.25799399000714,6.28090062111801,7.02561837692824,7.20674438146304,106
"108",2010,5,7.11363636363636,44,7.62,6.44736842105263,4.91666666666667,6.6875,7.35714285714286,25,19,6,16,28,4146,2726,1420,328,1507,2639,7.14061904968644,7.59906713132795,6.26052787323944,6.25594512195122,7.02202853351029,7.20834012125805,107
"109",2010,6,7.38780487804878,41,7.73157894736842,7.09090909090909,6.25,7,7.46764705882353,19,22,6,7,34,4187,2745,1442,334,1514,2673,7.14303954621447,7.59998433515483,6.27319665742025,6.25583832335329,7.02192668428005,7.21163845117845,108
"110",2010,7,6.66468085106383,47,7.135,6.3162962962963,6.16666666666667,7.13636363636364,6.52055555555556,20,27,6,11,36,4234,2765,1469,340,1525,2709,7.13772947094946,7.59662097649186,6.27398882232812,6.25426470588235,7.02275213114754,7.202454625323,109
"111",2010,8,6.72115384615385,52,7.54166666666667,6.01785714285714,6.21428571428571,5.72,6.95952380952381,24,28,7,10,42,4286,2789,1497,347,1535,2751,7.1326753569762,7.59614808174973,6.26919811623247,6.25345821325648,7.01426514657981,7.19874575790622,110
"112",2010,9,6.545,40,7.08,5.65333333333333,5.325,5.75,6.74375,25,15,4,8,32,4326,2814,1512,351,1543,2783,7.1272414655571,7.59156254442075,6.26308834656085,6.24287749287749,7.00771030460143,7.19351404240029,111
"113",2010,10,6.84067796610169,59,7.64642857142857,6.11290322580645,6.11111111111111,6.96315789473684,6.7825,28,31,9,19,40,4385,2842,1543,360,1562,2823,7.12338576510832,7.59210309641098,6.26007101749838,6.23958333333333,7.00716837387964,7.18769025150549,112
"114",2010,11,7.04411764705882,68,7.47368421052632,6.5,5.6,6.89285714285714,7.08333333333333,38,30,5,14,54,4453,2880,1573,365,1576,2877,7.12217529306086,7.590540625,6.26464690400509,6.23082191780822,7.00615291878173,7.18573151894334,113
"115",2010,12,7.4,80,7.71,6.88333333333333,6.75,7.70833333333333,7.26785714285714,50,30,4,24,56,4533,2930,1603,369,1600,2933,7.12707844253254,7.59257918088737,6.27622556456644,6.23644986449865,7.016685625,7.18729954994886,114
"116",2011,1,7.19493670886076,79,7.68125,6.44193548387097,7.42857142857143,7.33333333333333,7.15409836065574,48,31,7,18,61,4612,2978,1634,376,1618,2994,7.12824080225499,7.5940083948959,6.2793693880049,6.25864361702128,7.02020828182942,7.18662310621243,115
"117",2011,2,6.81481481481481,54,7.47916666666667,6.28333333333333,7.16666666666667,6.53636363636364,6.88604651162791,24,30,6,11,43,4666,3002,1664,382,1629,3037,7.12461349764252,7.59309027315123,6.27944085336539,6.27290575916231,7.01694106813996,7.18236732960158,116
"118",2011,3,6.79365079365079,63,7.22222222222222,6.22222222222222,6.16666666666667,6.86111111111111,6.76666666666667,36,27,6,18,45,4729,3038,1691,388,1647,3082,7.12020439416367,7.58869552337064,6.27852725014784,6.27126288659794,7.0152380085003,7.17629772225827,117
"119",2011,4,6.78461538461538,39,7.29583333333333,5.96666666666667,4.33333333333333,7,6.72,24,15,3,9,30,4768,3062,1706,391,1656,3112,7.11745943372483,7.58640006531679,6.2757852168816,6.25639386189258,7.01515519323671,7.17189896529563,118
"120",2011,5,7.11862745098039,51,7.70735294117647,5.94117647058824,5.91666666666667,6.55882352941176,7.39852941176471,34,17,6,17,34,4819,3096,1723,397,1673,3146,7.11747179497821,7.58772835917313,6.27248379570517,6.25125944584383,7.01051823072325,7.17434824539097,119
"121",2011,6,6.65568181818182,44,6.91481481481481,6.24411764705882,5.725,6.54166666666667,6.6984375,27,17,6,12,32,4863,3123,1740,403,1685,3178,7.11329355953115,7.58191066282421,6.27220665517242,6.24342431761787,7.00717922848665,7.16955619257395,120
"122",2011,7,7.14224137931035,58,8.02205882352941,5.89583333333333,6.6,7.28076923076923,7.10222222222222,34,24,9,13,45,4921,3157,1764,412,1698,3223,7.11363474497053,7.58665093443142,6.26708592970522,6.25121359223301,7.00927385159011,7.16861606577723,121
"123",2011,8,7.06736842105263,38,7.2024,6.80769230769231,5.33333333333333,6.696,7.2,25,13,3,10,28,4959,3182,1777,415,1708,3251,7.11328021375277,7.58363199245757,6.2710408441193,6.24457831325301,7.00743969555035,7.16888636727161,122
"124",2011,9,7.26829268292683,41,7.65384615384615,6.6,6.75,7.46153846153846,7.17857142857143,26,15,4,13,28,5000,3208,1792,419,1721,3279,7.114551316,7.58420105985037,6.27379440848214,6.24940334128878,7.01086984311447,7.16896906983836,123
"125",2011,10,7.13303571428571,56,7.803125,6.23958333333333,7.33333333333333,7.81818181818182,6.96555555555556,32,24,3,11,45,5056,3240,1816,422,1732,3324,7.11475604825949,7.58636327160494,6.27334227973568,6.25710900473934,7.01599711316397,7.16621527677497,124
"126",2011,11,7.19464285714286,56,7.88387096774194,6.34,6,8.01428571428571,6.92142857142857,31,25,2,14,42,5112,3271,1841,424,1746,3366,7.11563117762128,7.58918281870988,6.27424746333515,6.2558962264151,7.02400171821306,7.16316089720737,125
"127",2011,12,6.8716049382716,81,7.57380952380952,6.11538461538461,6.14285714285714,6.87894736842105,6.86935483870968,42,39,7,19,62,5193,3313,1880,431,1765,3428,7.11182487579434,7.58898792635074,6.27095190425532,6.25406032482599,7.02244022662889,7.15784701866978,126
"128",2012,1,6.89883720930233,86,7.58421052631579,5.55172413793103,4.8,7.06521739130435,6.83809523809524,57,29,5,23,63,5279,3370,1909,436,1788,3491,7.10835510134495,7.58890712166172,6.26002597171294,6.23738532110092,7.02299049217002,7.15207664852478,127
"129",2012,2,7.2287037037037,54,8.00172413793103,6.332,4.66666666666667,7.45333333333333,7.14230769230769,29,25,6,15,39,5333,3399,1934,442,1803,3530,7.10957370710669,7.59242924389526,6.26095634953464,6.21606334841629,7.02657071547421,7.15196871954674,128
"130",2012,3,7.66666666666667,48,8.01612903225806,7.02941176470588,8.75,6.5,7.93589743589744,31,17,2,9,39,5381,3430,1951,444,1812,3569,7.11454312952983,7.59625860058309,6.26765227063045,6.22747747747748,7.02395529801324,7.16053504623144,129
"131",2012,4,7.19767441860465,43,8,6.5,6.28571428571429,6.9375,7.25714285714286,20,23,7,8,35,5424,3450,1974,451,1820,3604,7.11520217182891,7.59859913043478,6.27035946301925,6.22838137472284,7.02357527472527,7.1614732463929,130
"132",2012,5,7.2063829787234,47,7.60869565217391,6.82083333333333,5.7,7.125,7.21395348837209,23,24,5,4,43,5471,3473,1998,456,1824,3647,7.11598548345823,7.59866599481716,6.27697176176176,6.22258771929825,7.02379769736842,7.16209201535509,131
"133",2012,6,7.11224489795918,49,7.64074074074074,6.46363636363636,6.05714285714286,7.98571428571429,6.76285714285714,27,22,7,14,35,5520,3500,2020,463,1838,3682,7.1159522789855,7.59899057142857,6.27900474257426,6.22008639308855,7.03112459194777,7.15829700706138,132
"134",2012,7,7.63179487179487,39,7.78,7.36714285714286,7,7.875,7.604,25,14,2,4,35,5559,3525,2034,465,1842,3717,7.11957125022486,7.60027432624113,6.2864943854474,6.22344086021505,7.03295711183496,7.16249383373688,133
"135",2012,8,7.57083333333333,48,7.76785714285714,7.295,6.2,6.125,7.86,28,20,5,8,40,5607,3553,2054,470,1850,3757,7.12343438202247,7.60159499014917,6.29631430379747,6.2231914893617,7.02903081081081,7.16992003726377,134
"136",2012,9,6.9645652173913,46,7.2396875,6.33571428571429,6.1,6.797,7.01111111111111,32,14,5,10,36,5653,3585,2068,475,1860,3793,7.12214162037856,7.59836457461646,6.29658103481625,6.22189473684211,7.02778333333333,7.16841275507514,135
"137",2012,10,6.85609756097561,41,7.324,6.125,5,5.84444444444444,7.140625,25,16,2,9,32,5694,3610,2084,477,1869,3825,7.1202259536354,7.59646454293629,6.29526371401152,6.2167714884696,7.02208507223114,7.16818028235294,136
"138",2012,11,7.10625,48,7.73461538461538,6.36363636363636,6.625,6.81818181818182,7.19189189189189,26,22,4,11,37,5742,3636,2106,481,1880,3862,7.12010912225705,7.59745242024202,6.29597795821463,6.22016632016632,7.02089202127659,7.16840745209736,137
"139",2012,12,7.36554285714286,70,7.74897959183673,6.47085714285714,6.5,7.63333333333333,7.29250909090909,49,21,8,15,55,5812,3685,2127,489,1895,3917,7.12306513764625,7.59946729986431,6.29770455101082,6.22474437627812,7.02573984168865,7.17015000765892,138
"140",2013,1,7.40592105263158,76,7.85652173913043,6.715,6.92142857142857,7.43333333333333,7.39918032786885,46,30,7,15,61,5888,3731,2157,496,1910,3978,7.12671613111413,7.60263655856339,6.30350838201206,6.23457661290323,7.02894083769633,7.17366203619909,139
"141",2013,2,6.67727272727273,66,7.63636363636364,5.71818181818182,5.2,6.77272727272727,6.65818181818182,33,33,11,11,55,5954,3764,2190,507,1921,4033,7.12173405777628,7.60293225292242,6.29468839269407,6.21213017751479,7.02747371160854,7.16663217951897,140
"142",2013,3,6.8177868852459,61,7.5625,5.99603448275862,6.20944444444444,5.95269230769231,7.05208333333333,32,29,9,13,48,6015,3796,2219,516,1934,4081,7.11865163424771,7.60259141201264,6.29078529968455,6.21208333333333,7.02024922440538,7.16528487625582,141
"143",2013,4,6.98125,40,7.72222222222222,6.375,7.125,6.13636363636364,7.30172413793103,18,22,8,11,29,6055,3814,2241,524,1945,4110,7.11774394384806,7.60315600419507,6.29161203926819,6.22602099236641,7.01525038560411,7.1662475863747,142
"144",2013,5,7.36,50,8.04838709677419,6.23684210526316,6.21428571428571,6.40909090909091,7.62820512820513,31,19,7,11,39,6105,3845,2260,531,1956,4149,7.11972802293202,7.60674564369311,6.2911515840708,6.22586629001883,7.01184151329243,7.17058992046276,143
"145",2013,6,6.7406779661017,59,7.21052631578947,5.89047619047619,4.85714285714286,6.49333333333333,6.825,38,21,7,15,44,6164,3883,2281,538,1971,4193,7.1160998669695,7.60286814318825,6.2874627707146,6.20805762081784,7.00789548452562,7.16696341044598,144
"146",2013,7,6.79473684210526,57,7.72413793103448,5.83214285714286,6.71428571428571,6.43333333333333,6.92380952380952,29,28,7,15,42,6221,3912,2309,545,1986,4235,7.11315537373413,7.60376712678936,6.2819413512343,6.21455963302752,7.00355589123867,7.16455196694215,145
"147",2013,8,7.53879310344828,58,8.07142857142857,6.72826086956522,7.15,7.57352941176471,7.52439024390244,35,23,5,17,41,6279,3947,2332,550,2003,4276,7.11708704889313,7.60791411198378,6.2863433018868,6.22306363636364,7.00839340988517,7.1680022404116,146
"148",2013,9,6.75454545454545,55,6.98,6.56666666666667,5.33333333333333,6.84615384615385,6.72619047619048,25,30,3,13,42,6334,3972,2362,553,2016,4318,7.11393899273761,7.60396198388721,6.28990371718883,6.21823688969259,7.00734722222222,7.16370485873089,147
"149",2013,10,6.91551724137931,58,7.66969696969697,5.92,6.61111111111111,7.5,6.80816326530612,33,25,9,9,49,6392,4005,2387,562,2025,4367,7.11213854505632,7.60450362047441,6.28602956849602,6.22452846975089,7.00953679012346,7.15971549805358,148
"150",2013,11,7.11944444444444,72,7.63658536585366,6.43548387096774,6.75,7.375,7.0875,41,31,4,8,64,6464,4046,2418,566,2033,4431,7.11221992264851,7.60482871972318,6.28794564929694,6.22824204946997,7.01097491392031,7.15867243962988,149
"151",2013,12,6.95294117647059,51,7.56764705882353,5.72352941176471,5,6.16666666666667,7.12142857142857,34,17,2,9,42,6515,4080,2435,568,2042,4473,7.11097307444359,7.60451887254902,6.28400516632444,6.22391725352113,7.00725367286973,7.15832273194724,150
"152",2014,1,6.83947368421053,76,7.57954545454545,5.821875,5.77777777777778,7.25,6.77727272727273,44,32,9,10,66,6591,4124,2467,577,2052,4539,7.10784244879381,7.60425242483026,6.2780107742197,6.21695840554593,7.00843664717349,7.15278201806565,151
"153",2014,2,6.65760869565217,46,7.84782608695652,5.46739130434783,5.36111111111111,6.83333333333333,6.61486486486486,23,23,9,9,37,6637,4147,2490,586,2061,4576,7.10472194967606,7.60560332770677,6.27052312449799,6.20381399317406,7.00767200388161,7.14843260052447,152
"154",2014,3,7.34464285714286,56,7.44642857142857,7.24285714285714,6.5,7.2,7.37608695652174,28,28,6,10,46,6693,4175,2518,592,2071,4622,7.10672935604363,7.60453580838323,6.28133541699762,6.20681587837838,7.00860067600193,7.15069830809173,153
"155",2014,4,6.53103448275862,58,7.23823529411765,5.52916666666667,4.8125,5.8,6.72173913043478,34,24,8,12,46,6751,4209,2542,600,2083,4668,7.10178337727744,7.60157685911143,6.27423390243903,6.188225,7.00163802208353,7.14647120394173,154
"156",2014,5,6.60714285714286,56,7.33333333333333,5.93103448275862,6,6.20833333333333,6.71590909090909,27,29,8,12,44,6807,4236,2571,608,2095,4712,7.0977140561187,7.59986709159584,6.27036273045508,6.18574835526316,6.99709403341289,7.14245067487266,155
"157",2014,6,6.87916666666667,48,7.62,6.07391304347826,7.2375,7.49090909090909,6.6972972972973,25,23,8,11,37,6855,4261,2594,616,2106,4749,7.09618374617068,7.59998521473832,6.26862088666153,6.19940746753247,6.99967331433998,7.13898243419667,156
"158",2014,7,6.6,54,7.25,6.08,7.15,6.96666666666667,6.57843137254902,24,30,6,3,51,6909,4285,2624,622,2109,4800,7.09230562744247,7.59802497082847,6.26646439786586,6.20857717041801,6.99962636320531,7.13302657916667,157
"159",2014,8,6.82063492063492,63,7.21666666666667,6.46060606060606,6.9,6.66666666666667,6.8462962962963,30,33,5,9,54,6972,4315,2657,627,2118,4854,7.08985077165806,7.59537358053302,6.26887564170117,6.21409090909091,6.99821152030217,7.12983674907293,158
"160",2014,9,6.82448979591837,49,7.20833333333333,6.456,5,5.5,7.0452380952381,24,25,4,7,42,7021,4339,2682,631,2125,4896,7.08799880074063,7.59323277252823,6.27061990305742,6.20639461172742,6.99327623529412,7.1291110253268,159
"161",2014,10,7.04545454545455,66,7.75588235294118,6.290625,5.16666666666667,6.9,7.10425531914894,34,32,6,19,47,7087,4373,2714,637,2144,4943,7.08760259348102,7.59449737022639,6.27085577745026,6.19660125588697,6.99244962686567,7.12887468743678,160
"162",2014,11,7.38095238095238,42,8.23913043478261,6.34210526315789,5,7,7.51612903225806,23,19,3,11,31,7129,4396,2733,640,2155,4974,7.08933084303549,7.59787010919017,6.27135110867179,6.1909921875,6.99248816705336,7.13128821471653,161
"163",2014,12,6.83676470588235,68,7.30833333333333,5.705,6.36666666666667,6.78181818181818,6.84736842105263,48,20,3,11,57,7197,4444,2753,643,2166,5031,7.08694450187578,7.59474279927993,6.26723667998547,6.19181181959565,6.99141828254848,7.12807147286822,162
"164",2015,1,6.92916666666667,72,7.64390243902439,5.98387096774194,6.16666666666667,6.81818181818182,6.94918032786885,41,31,9,11,61,7269,4485,2784,652,2177,5092,7.08538170037144,7.59519219620959,6.26408138649426,6.19146472392638,6.9905429490124,7.12592843283582,163
"165",2015,2,7.25,62,7.62857142857143,6.75925925925926,7.91666666666667,7.715,7.16057692307692,35,27,6,10,52,7331,4520,2811,658,2187,5144,7.08677391624608,7.59545066371681,6.2688376307364,6.20719604863222,6.99385550983082,7.12627868973561,164
"166",2015,3,7.23704918032787,61,8.08102564102564,5.74090909090909,5.16666666666667,5.444,7.82173913043478,39,22,3,15,46,7392,4559,2833,661,2202,5190,7.08801401244589,7.59960451853476,6.26473793858101,6.20247352496218,6.98329791099001,7.13244269364162,165
"167",2015,4,7.42156862745098,51,7.96875,6.5,6.75,8.5,6.88235294117647,32,19,2,17,34,7443,4591,2852,663,2219,5224,7.0902995539433,7.6021775212372,6.26630525245442,6.20412518853695,6.99491753041911,7.13081500382848,166
"168",2015,5,6.59186046511628,43,7.24827586206897,5.23214285714286,5.1,6.875,6.52714285714286,29,14,5,8,35,7486,4620,2866,668,2227,5259,7.08743649211862,7.59995606060606,6.261253517097,6.19586077844312,6.99448675348002,7.12679741015402,167
"169",2015,6,7.21454545454545,55,7.76363636363636,6.39090909090909,6.2,7.2,7.21777777777778,33,22,10,10,45,7541,4653,2888,678,2237,5304,7.08836355655748,7.60111691381904,6.26224119806094,6.19592182890856,6.99540545373268,7.12756930241327,168
"170",2015,7,7.30627222222222,54,7.65,6.8766125,6.35833333333333,7.81,7.11253076923077,30,24,6,15,39,7595,4683,2912,684,2252,5343,7.08991287425938,7.60143006619688,6.2673046978022,6.19734649122807,7.00083126110124,7.12745953209807,169
"171",2015,8,7.27090909090909,55,7.82777777777778,6.21578947368421,5.375,7.4,7.25208333333333,36,19,4,7,48,7650,4719,2931,688,2259,5391,7.09121415424837,7.60315681288408,6.26697075400887,6.19256540697674,7.00206817175741,7.12856914858097,170
"172",2015,9,7.1241935483871,31,7.60789473684211,6.35833333333333,6,NA,7.1241935483871,19,12,4,0,31,7681,4738,2943,692,2259,5422,7.09134725686759,7.60317581257915,6.26734328236494,6.19145231213873,7.00206817175741,7.12854413131686,171
"173",2015,10,6.92153846153846,65,7.24285714285714,6.54666666666667,6,7.08333333333333,6.88490566037736,35,30,6,12,53,7746,4773,2973,698,2271,5475,7.08992231861606,7.6005336266499,6.27016188361924,6.18980659025788,7.0024975781594,7.12618562191781,172
"174",2015,11,6.98852459016393,61,7.34571428571429,6.50769230769231,7,7.44,6.9,35,26,7,10,51,7807,4808,2999,705,2281,5526,7.08913004739336,7.59867866056572,6.27222116705569,6.19785106382979,7.00441560718983,7.12409813246471,173
"175",2015,12,7.01617647058824,68,7.46190476190476,6.29615384615385,6.77142857142857,6.90625,7.05,42,26,7,16,52,7875,4850,3025,712,2297,5578,7.08850009904762,7.59749422680412,6.27242686942149,6.20349016853933,7.00373182411841,7.12340736464683,174
"176",2016,1,6.82547945205479,73,7.55488372093023,5.78,4.63333333333333,6.23529411764706,7.00464285714286,43,30,3,17,56,7948,4893,3055,715,2314,5634,7.08608433316558,7.59711976292663,6.26759125368249,6.1969020979021,6.99808643042351,7.12222688675896,175
"177",2016,2,6.56865671641791,67,7.05681818181818,5.63478260869565,5.33333333333333,6.55,6.5719298245614,44,23,6,10,57,8015,4937,3078,721,2324,5691,7.08175898689956,7.59230443589224,6.26286266406758,6.18971567267684,6.99615834767642,7.11671521349499,176
"178",2016,3,6.61492537313433,67,7.34864864864865,5.71,5.625,5.78947368421053,6.94166666666667,37,30,8,19,48,8082,4974,3108,729,2343,5739,7.07788892353378,7.59049195818255,6.25752615186615,6.18351851851852,6.986373026035,7.11525113782889,177
"179",2016,4,6.75211267605634,71,7.51081081081081,5.92647058823529,5.11111111111111,5.5,6.93387096774194,37,34,9,9,62,8153,5011,3142,738,2352,5801,7.07505191708573,7.58990361205348,6.2539437555697,6.17044037940379,6.98068537414966,7.11331258058955,178
"180",2016,5,7.12962962962963,54,7.83225806451613,6.18260869565217,4.91666666666667,6.22222222222222,7.31111111111111,31,23,6,9,45,8207,5042,3165,744,2361,5846,7.07541102473498,7.59139369297898,6.25342536492891,6.16032930107527,6.97779415501906,7.11483514881971,179
"181",2016,6,6.60980769230769,52,7.27083333333333,6.04321428571429,5.335,6.95833333333333,6.50525,24,28,6,12,40,8259,5066,3193,750,2373,5886,7.07247951083666,7.5898750493486,6.25158198559349,6.15372666666667,6.97769574378424,7.1106925382263,180
"182",2016,7,7.03857142857143,70,7.4175,6.53333333333333,6,6.26875,7.26666666666667,40,30,6,16,54,8329,5106,3223,756,2389,5940,7.07219453475807,7.58852467685076,6.25420455476265,6.15250661375661,6.97294767685224,7.11211048484849,181
"183",2016,8,7.11369047619048,84,7.59056603773585,6.29838709677419,6.7,8.73076923076923,6.81760563380282,53,31,10,13,71,8413,5159,3254,766,2402,6011,7.07260885296565,7.58854564838147,6.25462547019054,6.15965404699739,6.98246128226478,7.10863188820496,182
"184",2016,9,6.88965517241379,58,7.31666666666667,6.43214285714286,7.175,6.9375,6.882,30,28,4,8,50,8471,5189,3282,770,2410,6061,7.07135618935191,7.58697379071112,6.25613993906155,6.16492857142857,6.98231203319502,7.10676229665072,183
"185",2016,10,7.01833333333333,60,7.33170731707317,6.34210526315789,6.44285714285714,6.41666666666667,7.27619047619048,41,19,7,18,42,8531,5230,3301,777,2428,6103,7.07098327042551,7.58497265774379,6.25663474098758,6.16743243243243,6.97811861614498,7.10792827789612,184
"186",2016,11,7.04285714285714,77,7.87833333333333,6.04028571428571,6.61666666666667,6.88833333333333,7.09,42,35,9,18,59,8608,5272,3336,786,2446,6162,7.07073167750929,7.58730974962064,6.25436489208633,6.17257633587786,6.97745789043336,7.10775661798117,185
"187",2016,12,6.67536231884058,69,7.68139534883721,5.01153846153846,6.21428571428571,6.3,6.8078431372549,43,26,7,18,51,8677,5315,3362,793,2464,6213,7.06758767776881,7.58807093132643,6.24475350386675,6.17294451450189,6.97250892857143,7.10529474971833,186
"188",2017,1,6.94310344827586,116,7.74615384615385,5.91960784313726,5.94761904761905,6.67307692307692,7.02111111111111,65,51,21,26,90,8793,5380,3413,814,2490,6303,7.06594544296599,7.58998085501859,6.23989489598594,6.16713144963145,6.96938232931727,7.1040926987149,187
"189",2017,2,6.47692307692308,65,7.38888888888889,5.82894736842105,4.6,5.9,6.65,27,38,7,15,50,8858,5407,3451,821,2505,6353,7.06162319710996,7.58897669687442,6.23536982903506,6.15376979293544,6.96297884231537,7.10051885408468,188
"190",2017,3,6.90422535211268,71,7.375,6.42,7,6.74545454545455,6.93333333333333,36,35,11,11,60,8929,5443,3486,832,2516,6413,7.06037162952178,7.58756145507992,6.23722354561102,6.16495793269231,6.96202782193959,7.09895466708249,189
"191",2017,4,6.7531914893617,47,7.4037037037037,5.875,6.08333333333333,6.28571428571429,6.835,27,20,6,7,40,8976,5470,3506,838,2523,6453,7.05876317736185,7.58665393053017,6.23515723901883,6.16437350835322,6.96015140705509,7.09731849992252,190
"192",2017,5,7.19365079365079,63,7.64418604651163,6.225,5,6.5,7.32452830188679,43,20,8,10,53,9039,5513,3526,846,2533,6506,7.05970331673858,7.58710266642481,6.23509962563812,6.15336288416076,6.95833478089222,7.09916942514602,191
"193",2017,6,7.05652173913044,46,7.52,6.1875,5,7.42857142857143,6.98974358974359,30,16,2,7,39,9085,5543,3542,848,2540,6545,7.05968720748486,7.58673949125023,6.23488460756635,6.15064268867925,6.95963070866142,7.0985173842628,192
"194",2017,7,6.49275362318841,69,7.18421052631579,5.64516129032258,5.63636363636364,7.45454545454545,6.31034482758621,38,31,11,11,58,9154,5581,3573,859,2551,6603,7.05541383875901,7.58399874574449,6.2297680604534,6.14405704307334,6.96176479811839,7.09159416628805,193
"195",2017,8,7.10333333333333,81,7.57555555555556,6.51305555555556,7.03333333333333,7.20833333333333,7.08507246376812,45,36,6,12,69,9235,5626,3609,865,2563,6672,7.05583413968598,7.58393121222894,6.23259387087836,6.15022543352601,6.96291923527117,7.0915267206235,194
"196",2017,9,7.17230769230769,65,7.425,6.64285714285714,7.16666666666667,7.32307692307692,7.13461538461539,44,21,6,13,52,9300,5670,3630,871,2576,6724,7.05664820215054,7.58269788359788,6.23496729476584,6.15722732491389,6.96473680124224,7.09185994646044,195
"197",2017,10,6.65184615384615,65,7.60921052631579,5.30444444444444,5.944,6.42,6.72755102040816,38,27,5,16,49,9365,5708,3657,876,2592,6773,7.05383857768286,7.58287438682551,6.22809715066995,6.1560102739726,6.96137422839506,7.08922431418869,196
"198",2017,11,6.56914893617021,94,7.41914893617021,5.71914893617021,5.56666666666667,7.37647058823529,6.39090909090909,47,47,9,17,77,9459,5755,3704,885,2609,6850,7.04902191352151,7.58153727193744,6.22163911447084,6.15001694915254,6.96407895745497,7.08137463941606,197
"199",2017,12,7.08574390243902,82,7.72846666666667,6.30405405405405,6.2,6.63636363636364,7.1553661971831,45,37,5,11,71,9541,5800,3741,890,2620,6921,7.04933752017608,7.58267724137931,6.22245423148891,6.15029775280899,6.96270305343512,7.08213369166305,198
"200",2018,1,7.16393258426966,89,7.66345454545455,6.35588235294118,6.5,7.30833333333333,7.11061538461539,55,34,6,24,65,9630,5855,3775,896,2644,6986,7.05039660228453,7.58343603757472,6.22365596821192,6.15263950892857,6.96584039334342,7.08239869453192,199
"201",2018,2,6.99830508474576,59,7.18055555555556,6.71304347826087,6,6.65,7.06938775510204,36,23,4,10,49,9689,5891,3798,900,2654,7035,7.05007939725462,7.58097402817858,6.22661961032122,6.15196111111111,6.96465033911078,7.08230807107321,200
"202",2018,3,7.05188679245283,53,7.94807692307692,6.18888888888889,6,6.0375,7.13469387755102,26,27,5,4,49,9742,5917,3825,905,2658,7084,7.05008923013755,7.58258712185229,6.226353275817,6.15112154696133,6.96325507900678,7.08267042348955,201
"203",2018,4,7.190625,64,7.71470588235294,6.59666666666667,7.1875,6.6875,7.2625,34,30,8,8,56,9806,5951,3855,913,2666,7140,7.05100645319192,7.58334195933457,6.2292350920882,6.1602026286966,6.96242760690173,7.08408085154062,202
"204",2018,5,6.91846153846154,52,7.4675,6.04,6.8,5.76363636363636,7.22829268292683,32,20,6,11,41,9858,5983,3875,919,2677,7181,7.05030729153986,7.58272238007688,6.22825839483871,6.16437976060936,6.95750168098618,7.08490423060855,203
"205",2018,6,6.81923076923077,52,7.43125,5.84,6.6,7.20909090909091,6.71463414634146,32,20,5,11,41,9910,6015,3895,924,2688,7222,7.04909478102926,7.58191654197839,6.22626477021823,6.16673701298701,6.95853125,7.08280217114373,204
"206",2018,7,6.90454545454545,44,7.56923076923077,5.94444444444444,6.4,7.33333333333333,6.87317073170732,26,18,5,3,41,9954,6041,3913,929,2691,7263,7.04845582479405,7.58186194338686,6.22496838231536,6.16799246501615,6.95894908955779,7.08161879113314,205
"207",2018,8,7.45296875,64,7.74975,6.95833333333333,6.28571428571429,7.87375,7.39285714285714,40,24,7,8,56,10018,6081,3937,936,2699,7319,7.05104005589938,7.5829662884394,6.22943898399797,6.16887286324786,6.96166061504261,7.08400017488728,206
"208",2018,9,7.03645833333333,48,7.29347826086957,6.8,5.71428571428571,6.41071428571429,7.29411764705882,23,25,7,14,34,10066,6104,3962,943,2713,7353,7.05097052255116,7.581875491481,6.23303919232711,6.16549840933192,6.95881754515297,7.084971750306,207
"209",2018,10,7.12903225806452,62,7.15263157894737,7.09166666666667,6.8,6.97777777777778,7.15471698113208,38,24,5,9,53,10128,6142,3986,948,2722,7406,7.05144838862559,7.57921979811137,6.23820905168088,6.16884493670886,6.95888023512124,7.08547087226573,208
"210",2018,11,6.93350649350649,77,7.24228571428571,6.67619047619048,6.3375,7.33333333333333,6.85969230769231,35,42,8,12,65,10205,6177,4028,956,2734,7471,7.05055847917687,7.57731066860936,6.24277588877855,6.17025627615063,6.9605237746891,7.08350652924642,209
"211",2018,12,6.89541660714286,56,7.36166657894737,5.91111111111111,6.44,7.545333,6.75413043478261,38,18,5,10,46,10261,6215,4046,961,2744,7517,7.0497117834519,7.5759921689461,6.24130036579338,6.17165972944849,6.96265500364432,7.08149092457097,210
"212",2019,1,7.08571428571429,77,7.15681818181818,6.99090909090909,6.97142857142857,7.77777777777778,6.99411764705882,44,33,7,9,68,10338,6259,4079,968,2753,7585,7.04997993905978,7.57304542738457,6.24736486393724,6.17744318181818,6.96531977115874,7.08070761766645,211
"213",2019,2,7.15254237288136,59,7.48809523809524,6.32352941176471,7.2,7.25,7.12765957446809,42,17,5,12,47,10397,6301,4096,973,2765,7632,7.05056195152448,7.57247918266942,6.2476809765625,6.18269784172662,6.96655527305606,7.08099676100629,212
"214",2019,3,7.06666666666667,51,7.37878787878788,6.49444444444444,7.5,7.35555555555556,7.0047619047619,33,18,2,9,42,10448,6334,4114,975,2774,7674,7.05064056374426,7.57147005525734,6.24876064171123,6.1854,6.96781735039654,7.0805795256711,213
"215",2019,4,7.04846153846154,65,7.68589743589744,6.09230769230769,4.975,8.05555555555556,6.88660714285714,39,26,4,9,56,10513,6373,4140,979,2783,7730,7.05062709122039,7.57217030127099,6.24777808695652,6.18045454545455,6.97133500898312,7.0791742923674,214
"216",2019,5,6.86666666666667,45,7.025,6.74,7.07142857142857,7.7,6.7625,20,25,7,5,40,10558,6393,4165,986,2788,7770,7.04984302045842,7.57045852182074,6.2507326002401,6.1867799188641,6.97264179698709,7.07754405148005,215
"217",2019,6,6.71403846153846,52,7,6.17388888888889,5.25,6.963,6.65476190476191,34,18,4,10,42,10610,6427,4183,990,2798,7812,7.04819722997172,7.56744069239148,6.25040193162802,6.18299494949495,6.97260733738385,7.07527102918587,216
"218",2019,7,7.59767441860465,43,7.96551724137931,6.83571428571429,7.4,7.13333333333333,7.72058823529412,29,14,5,9,34,10653,6456,4197,995,2807,7846,7.05041515160049,7.56922883054523,6.25235436740529,6.18911055276382,6.97312266832918,7.07806745857762,217
"219",2019,8,7.04733333333333,60,7.46428571428571,6.6825,7.7,7.09142857142857,7.04150943396226,28,32,5,7,53,10713,6484,4229,1000,2814,7899,7.05039789134696,7.56877565237508,6.25560919366281,6.196665,6.97341696162047,7.07782216483099,218
"220",2019,9,7.2459649122807,57,7.94714285714286,6.56896551724138,5.83333333333333,7.59090909090909,7.16347826086957,28,29,6,11,46,10770,6512,4258,1006,2825,7945,7.05143292571959,7.57040253839066,6.25774337247534,6.19449801192843,6.97582135575222,7.0783180969163,219
"221",2019,10,6.90937254901961,51,7.376,6.34130434782609,7,7.625,6.77623255813953,28,23,3,8,43,10821,6540,4281,1009,2833,7988,7.05076338693281,7.56957023394495,6.2581923102079,6.19689296333003,6.97765454641723,7.07669194792188,220
"222",2019,11,7.17433962264151,53,7.773125,6.26190476190476,5.75,6.81,7.20408163265306,32,21,4,4,49,10874,6572,4302,1013,2837,8037,7.05136569891484,7.57056137096774,6.25821043235705,6.19512833168806,6.97741816355305,7.0774686176434,221
"223",2019,12,6.59294871794872,78,6.91794871794872,6.26794871794872,7.2,5.73,6.71985294117647,39,39,9,10,68,10952,6611,4341,1022,2847,8105,7.0481008592038,7.5667114400242,6.25829792213776,6.20397749510763,6.97303664559186,7.07446826403454,222
"224",2020,1,7.010242875,80,7.5803886,6.06,6.28571428571429,6.53260157894737,7.15901639344262,50,30,7,19,61,11032,6661,4371,1029,2866,8166,7.04782632704859,7.56681410599009,6.25693692061313,6.20453352769679,6.97011680390789,7.07509983835415,223
"225",2020,2,7.35824561403509,57,7.41625,7.284,7.75,6.75,7.42980392156863,32,25,4,6,51,11089,6693,4396,1033,2872,8217,7.04942195328704,7.56609424174511,6.26277781619654,6.2105179090029,6.96965694986073,7.07730136059389,224
"226",2020,3,7.53035714285714,56,7.40333333333333,7.67692307692308,7.66666666666667,8,7.50377358490566,30,26,3,3,53,11145,6723,4422,1036,2875,8270,7.05183849618663,7.56536795478209,6.2710925554048,6.21473455598456,6.97073209043479,7.08003449576783,225
"227",2020,4,7.51443359375,64,8.24775735294118,6.68333333333333,6.64285714285714,7.95454545454545,7.42308962264151,34,30,7,11,53,11209,6757,4452,1043,2886,8323,7.05447977428852,7.56880161462187,6.27387045822103,6.21760786193672,6.9744818988219,7.08221903520365,226
"228",2020,5,6.6864406779661,59,7.7,5.63793103448276,5.71428571428571,6.79166666666667,6.65957446808511,30,29,7,12,47,11268,6787,4481,1050,2898,8370,7.0525526970181,7.56938153970827,6.26975480473109,6.21425238095238,6.97372489993099,7.07984576224611,227
"229",2020,6,7.2311320754717,53,7.82758620689655,6.51041666666667,8,6.875,7.29444444444444,29,24,7,8,45,11321,6816,4505,1057,2906,8415,7.05338872802756,7.5704801217723,6.27103691009989,6.22607852412488,6.97345311768755,7.08099334878194,228
"230",2020,7,6.44469387755102,49,7.24103448275862,5.29,4.97142857142857,6.5625,6.40648648648649,29,20,7,12,37,11370,6845,4525,1064,2918,8452,7.05076550483729,7.56908436961286,6.26670083535912,6.2178242481203,6.97176311172036,7.0780405856602,229
"231",2020,8,6.74285714285714,63,7.21212121212121,6.22666666666667,4.81666666666667,6.63,6.76415094339623,33,30,6,10,53,11433,6878,4555,1070,2928,8505,7.04906881745823,7.56737169380634,6.26643716355653,6.20996728971963,6.97059588797815,7.0760845420341,230
"232",2020,9,6.0625,48,6.66,5.41304347826087,5.88888888888889,5.8,6.09302325581395,25,23,9,5,43,11481,6903,4578,1079,2933,8548,7.04494415033534,7.56408554396639,6.26214968982088,6.20728915662651,6.96860032730993,7.07113933434721,231
"233",2020,10,7.00208333333333,48,7.33846153846154,6.60454545454545,6.75,7.03,6.99473684210526,26,22,6,10,38,11529,6929,4600,1085,2943,8586,7.0447657030098,7.56323892480878,6.26378723478261,6.21029032258065,6.96880895684676,7.07080119147449,232
"234",2020,11,7.03676470588235,68,7.545,6.31071428571429,6.1,7.90909090909091,6.86842105263158,40,28,5,11,57,11597,6969,4628,1090,2954,8643,7.04471878847978,7.5631342387717,6.26407114952463,6.20978440366973,6.97231034529452,7.06946650815689,233
"235",2020,12,6.8640350877193,57,7.32142857142857,6.42241379310345,5.625,6.125,7.06111111111111,28,29,4,12,45,11654,6997,4657,1094,2966,8688,7.04383506006521,7.5621670015721,6.26505717844106,6.20764625228519,6.96888225219151,7.06942323089318,234
"236",2021,1,7.33965363636364,77,7.71855065217391,6.77741935483871,6.01666666666667,7.8,7.26292924242424,46,31,6,11,66,11731,7043,4688,1100,2977,8754,7.04577675560481,7.56318839131052,6.26844523890785,6.20660454545455,6.97195322808196,7.07088215215901,235
"237",2021,2,6.6344262295082,61,7.34074074074074,6.07352941176471,5.5,7.05833333333333,6.53061224489796,27,34,6,12,49,11792,7070,4722,1106,2989,8803,7.04364883989145,7.56233887411598,6.26704177890724,6.2027712477396,6.97230002007361,7.06787485629899,236
"238",2021,3,7.30172413793103,58,8.09444444444444,6.00454545454545,6.12,7.93333333333333,7.18571428571429,36,22,5,9,49,11850,7106,4744,1111,2998,8852,7.04491199324894,7.56503459611596,6.2658244688027,6.20239873987399,6.97518504336225,7.06852715318572,237
"239",2021,4,7.07608695652174,46,7.58333333333333,6.125,3.5,7.4,7.03658536585366,30,16,2,5,41,11896,7136,4760,1113,3003,8893,7.04503254203093,7.56511152466368,6.2653511092437,6.19754267744834,6.97589236097236,7.06837988980096,238
"240",2021,5,7.1465306122449,49,7.42689655172414,6.74,6.35714285714286,8.2,7.02681818181818,29,20,7,5,44,11945,7165,4780,1120,3008,8937,7.04544890079531,7.56455210607118,6.26733708786611,6.19854017857143,6.97792711436171,7.06817526686807,239
"241",2021,6,7.16122448979592,49,8.00416666666667,6.352,6,6.45,7.3,24,25,6,8,41,11994,7189,4805,1126,3016,8978,7.04592188761047,7.56601973014328,6.26777758168574,6.19748223801066,6.97652677718833,7.06923394519937,240
"242",2021,7,6.605,40,7.02916666666667,5.96875,5.5,7.35555555555556,6.38709677419355,24,16,2,9,31,12034,7213,4821,1128,3025,9009,7.04445630048197,7.56423344516845,6.26678516490355,6.19624556737589,6.97765446611571,7.06688670884671,241
"243",2021,8,7.05263157894737,38,7.06538461538462,7.025,9,5.5,7.40322580645161,26,12,1,7,31,12072,7239,4833,1129,3032,9040,7.04448203445991,7.56244175162315,6.2686677591558,6.19872896368468,6.97424299472296,7.06804008407079,242
"244",2021,9,6.75,38,7.38636363636364,5.875,5.75,6,6.86363636363636,22,16,4,5,33,12110,7261,4849,1133,3037,9073,7.04355797853014,7.56190825506129,6.26736879356568,6.19714474845543,6.97263903852486,7.06729663396892,243
"245",2021,10,6.78360975609756,41,7.69283333333333,5.5,6.25,7.004,6.73823529411765,24,17,6,7,34,12151,7285,4866,1139,3044,9107,7.04268085918854,7.56233957995882,6.26468789149199,6.19742317822652,6.9727111563732,7.06606811902932,244
"246",2021,11,7.42372881355932,59,7.62,7.1375,6,7.4,7.42745098039216,35,24,1,8,51,12210,7320,4890,1140,3052,9158,7.04452212285012,7.56261527868852,6.26897163190184,6.19725,6.97383117955439,7.06808062459052,245
"247",2021,12,6.84402985074627,67,7.27878787878788,6.42205882352941,5.2,6.10625,6.94406779661017,33,34,8,8,59,12277,7353,4924,1148,3060,9217,7.04342796448644,7.56134147150823,6.27002869212023,6.19030052264809,6.97156299346406,7.06728679179776,246
"248",2022,1,6.77027027027027,74,7.45833333333333,6.11842105263158,5.85714285714286,5.59090909090909,6.97619047619048,36,38,7,11,63,12351,7389,4962,1155,3071,9280,7.0417913626427,7.56083960481797,6.26886765014107,6.18828138528139,6.96661763594921,7.06666835775862,247
"249",2022,2,7.51551724137931,58,7.63333333333333,7.20625,6,7.06666666666667,7.56730769230769,42,16,1,6,52,12409,7431,4978,1156,3077,9332,7.04400557015069,7.56124933925447,6.27188053033347,6.18811851211073,6.96681272668184,7.06945803257608,248
"250",2022,3,6.73265306122449,49,7.403125,5.47058823529412,5.5,6.3,6.83,32,17,3,9,40,12458,7463,4995,1159,3086,9372,7.04278095360411,7.56057133056412,6.26915340940941,6.18633735979293,6.96486803629294,7.06843601792573,249
"251",2022,4,6.75227272727273,44,7.034375,6,6.33333333333333,6.19444444444444,6.89571428571429,32,12,6,9,35,12502,7495,5007,1165,3095,9407,7.04175852823548,7.55832472848566,6.26850834431796,6.18709442060086,6.9626277092084,7.06779338365047,250
"252",2022,5,6.78044776119403,67,7.02702702702703,6.47633333333333,6.25,7.37692307692308,6.63685185185185,37,30,4,13,54,12569,7532,5037,1169,3108,9461,7.04036559153473,7.55571479553903,6.26974613460393,6.18730966638152,6.96436060489061,7.06533372370785,251
"253",2022,6,7.43953488372093,43,7.75151515151515,6.41,6.75,6.73,7.65454545454545,33,10,4,10,33,12612,7565,5047,1173,3118,9494,7.04172653980336,7.55656891473893,6.2700240301169,6.1892284739983,6.96360896728673,7.06738175268591,252
"254",2022,7,7.04103448275862,29,7.51666666666667,6.53142857142857,5.5,8,6.97,15,14,2,2,27,12641,7580,5061,1175,3120,9521,7.04172495213986,7.5564899525066,6.27074714088125,6.18805531914894,6.96427332051282,7.06710559395021,253
"255",2022,8,6.71219512195122,41,6.76470588235294,6.675,7.175,7.75,6.53428571428571,17,24,4,6,35,12682,7597,5085,1179,3126,9556,7.04065960574042,7.5547181571673,6.27265511897739,6.19140373197625,6.9657814331414,7.06515407701967,254
