"","year","month","avg_rating","no_ratings","avg_rating_owned","avg_rating_not_owned","avg_rating_prev_owned","avg_rating_comment","avg_rating_no_comment","no_ratings_owned","no_ratings_not_owned","no_ratings_prev_owned","no_ratings_comment","no_ratings_no_comment","cum_no_ratings","cum_no_ratings_owned","cum_no_ratings_not_owned","cum_no_ratings_prev_owned","cum_no_ratings_comment","cum_no_ratings_no_comment","cum_avg_rating","cum_avg_rating_owned","cum_avg_rating_not_owned","cum_avg_rating_prev_owned","cum_avg_rating_comment","cum_avg_rating_no_comment","month_after_release"
"1",2001,6,6.33333333333333,3,6.33333333333333,NA,NA,8,5.5,3,0,0,1,2,3,3,0,0,1,2,6.33333333333333,6.33333333333333,NA,NA,8,5.5,0
"2",2001,8,8,3,9,7.5,7.5,NA,8,1,2,2,0,3,6,4,2,2,1,5,7.16666666666667,7,7.5,7.5,8,7,2
"3",2001,9,8,2,8,8,NA,8,8,1,1,0,1,1,8,5,3,2,2,6,7.375,7.2,7.66666666666667,7.5,8,7.16666666666667,3
"4",2001,10,7.66666666666667,3,7.66666666666667,NA,NA,7,8,3,0,0,1,2,11,8,3,2,3,8,7.45454545454545,7.375,7.66666666666667,7.5,7.66666666666667,7.375,4
"5",2001,11,6,1,6,NA,NA,NA,6,1,0,0,0,1,12,9,3,2,3,9,7.33333333333333,7.22222222222222,7.66666666666667,7.5,7.66666666666667,7.22222222222222,5
"6",2001,12,9,1,9,NA,NA,NA,9,1,0,0,0,1,13,10,3,2,3,10,7.46153846153846,7.4,7.66666666666667,7.5,7.66666666666667,7.4,6
"7",2002,1,7.83333333333333,3,7.83333333333333,NA,NA,8,7.75,3,0,0,1,2,16,13,3,2,4,12,7.53125,7.5,7.66666666666667,7.5,7.75,7.45833333333333,7
"8",2002,2,6.75,4,6.66666666666667,7,7,7,6.66666666666667,3,1,1,1,3,20,16,4,3,5,15,7.375,7.34375,7.5,7.33333333333333,7.6,7.3,8
"9",2002,3,6,1,6,NA,NA,6,NA,1,0,0,1,0,21,17,4,3,6,15,7.30952380952381,7.26470588235294,7.5,7.33333333333333,7.33333333333333,7.3,9
"10",2002,4,6,2,6,6,6,6,NA,1,1,1,2,0,23,18,5,4,8,15,7.19565217391304,7.19444444444444,7.2,7,7,7.3,10
"11",2002,5,6.33333333333333,3,7.5,4,NA,NA,6.33333333333333,2,1,0,0,3,26,20,6,4,8,18,7.09615384615385,7.225,6.66666666666667,7,7,7.13888888888889,11
"12",2002,6,6.92857142857143,7,7.3,6,7,6,7.3,5,2,1,2,5,33,25,8,5,10,23,7.06060606060606,7.24,6.5,7,6.8,7.17391304347826,12
"13",2002,7,6.9,5,7.375,5,5,6,7.125,4,1,1,1,4,38,29,9,6,11,27,7.03947368421053,7.25862068965517,6.33333333333333,6.66666666666667,6.72727272727273,7.16666666666667,13
"14",2002,8,6.71428571428571,7,6.71428571428571,NA,NA,6,7,7,0,0,2,5,45,36,9,6,13,32,6.98888888888889,7.15277777777778,6.33333333333333,6.66666666666667,6.61538461538461,7.140625,14
"15",2002,9,5.66666666666667,3,NA,5.66666666666667,7,NA,5.66666666666667,0,3,1,0,3,48,36,12,7,13,35,6.90625,7.15277777777778,6.16666666666667,6.71428571428571,6.61538461538461,7.01428571428571,15
"16",2002,10,6.9,10,7.375,5,5,7.25,6.66666666666667,8,2,1,4,6,58,44,14,8,17,41,6.9051724137931,7.19318181818182,6,6.5,6.76470588235294,6.96341463414634,16
"17",2002,11,6.4,5,6.5,6,NA,6.5,6.33333333333333,4,1,0,2,3,63,48,15,8,19,44,6.86507936507936,7.13541666666667,6,6.5,6.73684210526316,6.92045454545455,17
"18",2002,12,6,3,6.5,5,NA,NA,6,2,1,0,0,3,66,50,16,8,19,47,6.82575757575758,7.11,5.9375,6.5,6.73684210526316,6.86170212765957,18
"19",2003,1,6.71428571428571,7,6.66666666666667,7,NA,8,6.5,6,1,0,1,6,73,56,17,8,20,53,6.81506849315068,7.0625,6,6.5,6.8,6.82075471698113,19
"20",2003,2,6.57142857142857,7,6.57142857142857,NA,NA,6.5,6.6,7,0,0,2,5,80,63,17,8,22,58,6.79375,7.00793650793651,6,6.5,6.77272727272727,6.80172413793103,20
"21",2003,3,6.5,4,6.33333333333333,7,NA,6,6.66666666666667,3,1,0,1,3,84,66,18,8,23,61,6.77976190476191,6.97727272727273,6.05555555555556,6.5,6.73913043478261,6.79508196721311,21
"22",2003,4,6.58333333333333,6,7.25,5.25,NA,7.5,6.125,4,2,0,2,4,90,70,20,8,25,65,6.76666666666667,6.99285714285714,5.975,6.5,6.8,6.75384615384615,22
"23",2003,5,7,8,8.33333333333333,6.2,6,7.4,6.33333333333333,3,5,1,5,3,98,73,25,9,30,68,6.78571428571429,7.04794520547945,6.02,6.44444444444444,6.9,6.73529411764706,23
"24",2003,6,7.22222222222222,9,7.25,7,NA,7.75,6.8,8,1,0,4,5,107,81,26,9,34,73,6.82242990654206,7.0679012345679,6.05769230769231,6.44444444444444,7,6.73972602739726,24
"25",2003,7,6.74193548387097,31,6.83333333333333,6.125,6,7.0625,6.6304347826087,27,4,1,8,23,138,108,30,10,42,96,6.80434782608696,7.00925925925926,6.06666666666667,6.4,7.01190476190476,6.71354166666667,25
"26",2003,8,6.58823529411765,17,6.92307692307692,5.5,NA,7.66666666666667,6.35714285714286,13,4,0,3,14,155,121,34,10,45,110,6.78064516129032,7,6,6.4,7.05555555555556,6.66818181818182,26
"27",2003,9,6.69047619047619,21,7.08823529411765,5,NA,5.6,7.03125,17,4,0,5,16,176,138,38,10,50,126,6.76988636363636,7.01086956521739,5.89473684210526,6.4,6.91,6.71428571428571,27
"28",2003,10,7,5,7.25,6,NA,8,6.75,4,1,0,1,4,181,142,39,10,51,130,6.77624309392265,7.01760563380282,5.8974358974359,6.4,6.93137254901961,6.71538461538462,28
"29",2003,11,6.77777777777778,9,6.66666666666667,7,NA,7.14285714285714,5.5,6,3,0,7,2,190,148,42,10,58,132,6.77631578947368,7.00337837837838,5.97619047619048,6.4,6.95689655172414,6.6969696969697,29
"30",2003,12,6.875,16,6.92307692307692,6.66666666666667,NA,6.5,7,13,3,0,4,12,206,161,45,10,62,144,6.78398058252427,6.99689440993789,6.02222222222222,6.4,6.92741935483871,6.72222222222222,30
"31",2004,1,6.70833333333333,12,7.05,5,NA,6.625,6.75,10,2,0,4,8,218,171,47,10,66,152,6.77981651376147,7,5.97872340425532,6.4,6.90909090909091,6.72368421052632,31
"32",2004,2,6.61764705882353,17,6.875,6,NA,5.5,6.76666666666667,12,5,0,2,15,235,183,52,10,68,167,6.76808510638298,6.99180327868852,5.98076923076923,6.4,6.86764705882353,6.72754491017964,32
"33",2004,3,6.71428571428571,14,6.61111111111111,6.9,8,6.9,6.61111111111111,9,5,2,5,9,249,192,57,12,73,176,6.76506024096386,6.97395833333333,6.06140350877193,6.66666666666667,6.86986301369863,6.72159090909091,33
"34",2004,4,6.79411764705882,17,6.85714285714286,6.5,7,6.5,7,14,3,1,7,10,266,206,60,13,80,186,6.76691729323308,6.96601941747573,6.08333333333333,6.69230769230769,6.8375,6.73655913978495,34
"35",2004,5,6.79,10,7.3625,4.5,NA,7.475,6.33333333333333,8,2,0,4,6,276,214,62,13,84,192,6.76775362318841,6.98084112149533,6.03225806451613,6.69230769230769,6.86785714285714,6.72395833333333,35
"36",2004,6,6.85714285714286,14,7,6.33333333333333,6,7.5,6.75,11,3,2,2,12,290,225,65,15,86,204,6.77206896551724,6.98177777777778,6.04615384615385,6.6,6.88255813953488,6.72549019607843,36
"37",2004,7,7.27307692307692,13,7.3125,6.8,6.8,7,7.32272727272727,12,1,1,2,11,303,237,66,16,88,215,6.79356435643564,6.99852320675105,6.05757575757576,6.6125,6.88522727272727,6.75604651162791,37
"38",2004,8,6.78571428571429,7,7,6.25,7.5,7.25,6.6,5,2,1,2,5,310,242,68,17,90,220,6.79338709677419,6.99855371900826,6.06323529411765,6.66470588235294,6.89333333333333,6.7525,38
"39",2004,9,6.69047619047619,21,7.02941176470588,5.25,NA,6.95454545454545,6.4,17,4,0,11,10,331,259,72,17,101,230,6.7868580060423,7.00057915057915,6.01805555555556,6.66470588235294,6.9,6.73717391304348,39
"40",2004,10,6.775,20,6.61111111111111,8.25,8,6.5625,6.91666666666667,18,2,1,8,12,351,277,74,18,109,242,6.78618233618234,6.97527075812274,6.07837837837838,6.73888888888889,6.87522935779817,6.74607438016529,40
"41",2004,11,7.03125,16,7.28571428571429,5.25,NA,7.2,6.95454545454545,14,2,0,5,11,367,291,76,18,114,253,6.79686648501362,6.99020618556701,6.05657894736842,6.73888888888889,6.88947368421053,6.75513833992095,41
"42",2004,12,6.58333333333333,12,6.75,6.25,NA,6.8,6.42857142857143,8,4,0,5,7,379,299,80,18,119,260,6.7901055408971,6.98377926421405,6.06625,6.73888888888889,6.88571428571429,6.74634615384615,42
"43",2005,1,6.71052631578947,19,6.86363636363636,6.5,NA,6.64285714285714,6.75,11,8,0,7,12,398,310,88,18,126,272,6.78630653266332,6.97951612903226,6.10568181818182,6.73888888888889,6.87222222222222,6.74650735294118,43
"44",2005,2,6.73529411764706,17,7.03846153846154,5.75,NA,6.92857142857143,6.6,13,4,0,7,10,415,323,92,18,133,282,6.78421686746988,6.98188854489164,6.09021739130435,6.73888888888889,6.87518796992481,6.74131205673759,44
"45",2005,3,6.38888888888889,18,6.64285714285714,5.5,8,6.25,6.42857142857143,14,4,1,4,14,433,337,96,19,137,296,6.76778290993072,6.96780415430267,6.065625,6.80526315789474,6.85693430656934,6.72652027027027,45
"46",2005,4,6.72727272727273,11,6.77777777777778,6.5,NA,6.16666666666667,6.9375,9,2,0,3,8,444,346,98,19,140,304,6.76677927927928,6.9628612716763,6.07448979591837,6.80526315789474,6.84214285714286,6.73207236842105,46
"47",2005,5,6.53125,16,6.96153846153846,4.66666666666667,NA,6.33333333333333,6.65,13,3,0,6,10,460,359,101,19,146,314,6.75858695652174,6.96281337047354,6.03267326732673,6.80526315789474,6.82123287671233,6.72945859872612,47
"48",2005,6,6.575,20,6.96875,5,5,7,6.29166666666667,16,4,2,8,12,480,375,105,21,154,326,6.7509375,6.96306666666667,5.99333333333333,6.63333333333333,6.83051948051948,6.71334355828221,48
"49",2005,7,6.82608695652174,23,6.83333333333333,6.8,7,6.76666666666667,6.84705882352941,18,5,1,6,17,503,393,110,22,160,343,6.75437375745527,6.95712468193384,6.03,6.65,6.828125,6.71997084548105,49
"50",2005,8,6.28260869565217,23,6.59375,5.57142857142857,5.75,6.11538461538461,6.5,16,7,2,13,10,526,409,117,24,173,353,6.73374524714829,6.94290953545232,6.0025641025641,6.575,6.77456647398844,6.71373937677054,50
"51",2005,9,7,21,7,7,NA,7.09375,6.94230769230769,17,4,0,8,13,547,426,121,24,181,366,6.74396709323583,6.94518779342723,6.03553719008264,6.575,6.78867403314917,6.72185792349727,51
"52",2005,10,6.75,18,6.79411764705882,6,6,6.83333333333333,6.66666666666667,17,1,1,9,9,565,443,122,25,190,375,6.7441592920354,6.93939051918736,6.03524590163934,6.552,6.79078947368421,6.72053333333333,52
"53",2005,11,6.67586206896552,29,6.94166666666667,5.4,NA,6.13333333333333,7.05882352941176,24,5,0,12,17,594,467,127,25,202,392,6.74082491582492,6.93950749464668,6.01023622047244,6.552,6.75173267326733,6.73520408163265,53
"54",2005,12,6.44347826086956,23,7.09375,4.95714285714286,NA,5,6.95294117647059,16,7,0,6,17,617,483,134,25,208,409,6.72974068071313,6.94461697722567,5.95522388059702,6.552,6.70120192307692,6.74425427872861,54
"55",2006,1,6.64285714285714,21,6.61111111111111,6.83333333333333,NA,NA,6.64285714285714,18,3,0,0,21,638,501,137,25,208,430,6.72688087774295,6.93263473053892,5.97445255474453,6.552,6.70120192307692,6.7393023255814,55
"56",2006,2,5.95833333333333,12,6.375,5.125,NA,5.8125,6.25,8,4,0,8,4,650,509,141,25,216,434,6.71269230769231,6.92387033398821,5.95035460992908,6.552,6.66828703703704,6.73479262672811,56
"57",2006,3,6.14285714285714,21,6.47058823529412,4.75,NA,5.65,6.59090909090909,17,4,0,10,11,671,526,145,25,226,445,6.69485842026826,6.90922053231939,5.91724137931034,6.552,6.62323008849557,6.73123595505618,57
"58",2006,4,6.57894736842105,19,7,5.85714285714286,7,6.33333333333333,6.8,12,7,1,9,10,690,538,152,26,235,455,6.69166666666667,6.91124535315985,5.91447368421053,6.56923076923077,6.61212765957447,6.73274725274725,58
"59",2006,5,6.56666666666667,18,6.71764705882353,4,NA,6.16666666666667,6.76666666666667,17,1,0,6,12,708,555,153,26,241,467,6.68848870056497,6.90531531531532,5.90196078431373,6.56923076923077,6.60103734439834,6.73361884368308,59
"60",2006,6,6.134,25,6.82333333333333,5.1,5.5,6.3,6.02333333333333,15,10,2,10,15,733,570,163,28,251,482,6.66957708049113,6.90315789473684,5.85276073619632,6.49285714285714,6.58904382470119,6.71151452282158,60
"61",2006,7,6.71428571428571,28,7.11764705882353,6.09090909090909,6.5,6,6.95238095238095,17,11,4,7,21,761,587,174,32,258,503,6.67122207621551,6.90936967632027,5.86781609195402,6.49375,6.57306201550388,6.72157057654076,61
"62",2006,8,6.37407407407407,27,6.68,5.5,6,6.38888888888889,6.36666666666667,20,7,2,9,18,788,607,181,34,267,521,6.66104060913706,6.90181219110379,5.85359116022099,6.46470588235294,6.56685393258427,6.70930902111324,62
"63",2006,9,6.76,25,7,6.4,6.5,6.84615384615385,6.66666666666667,15,10,2,13,12,813,622,191,36,280,533,6.66408364083641,6.90418006430868,5.88219895287958,6.46666666666667,6.57982142857143,6.70834896810507,63
"64",2006,10,6.80833333333333,24,6.85555555555556,6.66666666666667,6,7.35,6.62777777777778,18,6,1,6,18,837,640,197,37,286,551,6.66821983273596,6.9028125,5.90609137055838,6.45405405405405,6.59597902097902,6.7057168784029,64
"65",2006,11,7.008,25,7.25,6.7,6.25,6.74545454545455,7.21428571428571,14,11,2,11,14,862,654,208,39,297,565,6.67807424593968,6.91024464831804,5.94807692307692,6.44358974358974,6.60151515151515,6.7183185840708,65
"66",2006,12,6.34166666666667,36,6.68461538461538,5.45,6,6.4,6.31923076923077,26,10,1,10,26,898,680,218,40,307,591,6.66458797327394,6.90161764705882,5.92522935779817,6.4325,6.59495114006515,6.7007614213198,66
"67",2007,1,6.46290322580645,31,6.77380952380952,5.81,6.35,6.445,6.47142857142857,21,10,2,10,21,929,701,228,42,317,612,6.65785791173305,6.89778887303852,5.92017543859649,6.42857142857143,6.59022082018927,6.69289215686275,67
"68",2007,2,6.41362888888889,27,6.71052631578947,5.7084975,NA,6.8125,6.24568315789474,19,8,0,8,19,956,720,236,42,325,631,6.65096023012552,6.89284722222222,5.91299991525424,6.42857142857143,6.59569230769231,6.67942627575277,68
"69",2007,3,6.57035714285714,28,6.960625,6.05,7,6.19166666666667,6.854375,16,12,2,12,16,984,736,248,44,337,647,6.64866664634146,6.89432065217391,5.9196289516129,6.45454545454545,6.58130563798219,6.68375267387944,69
"70",2007,4,6.71153846153846,26,6.725,6.66666666666667,6.5,7.71428571428571,6.34210526315789,20,6,2,7,19,1010,756,254,46,344,666,6.65028512871287,6.88984126984127,5.93727551181102,6.45652173913043,6.60436046511628,6.67400597597598,70
"71",2007,5,6.64705882352941,17,7.25,5.2,6,6.75,6.59090909090909,12,5,1,6,11,1027,768,259,47,350,677,6.65023172346641,6.89546875,5.92304239382239,6.4468085106383,6.60685714285714,6.67265580502216,71
"72",2007,6,7.03030303030303,33,7.16666666666667,5.66666666666667,NA,7.125,7,30,3,0,8,25,1060,798,262,47,358,702,6.66206413207547,6.905664160401,5.92010679389313,6.4468085106383,6.61843575418994,6.68431336182336,72
"73",2007,7,6.89130434782609,23,7.05882352941176,6.41666666666667,10,6.83333333333333,6.91176470588235,17,6,1,6,17,1083,815,268,48,364,719,6.66693257617729,6.90885889570552,5.93122380597015,6.52083333333333,6.62197802197802,6.68969121001391,73
"74",2007,8,6.52962962962963,27,6.375,6.75454545454545,7.2,6.8125,6.41052631578947,16,11,5,8,19,1110,831,279,53,372,738,6.66359277477478,6.89858002406739,5.96368451612903,6.58490566037736,6.6260752688172,6.68250403794038,74
"75",2007,9,6.61538461538461,26,6.625,6.6,6,7,6.47368421052632,16,10,1,7,19,1136,847,289,54,379,757,6.66248941901409,6.89341204250295,5.98570235294118,6.57407407407407,6.63298153034301,6.67726285336856,75
"76",2007,10,7.02483870967742,31,7.23722222222222,6.73076923076923,NA,7.19625,6.96521739130435,18,13,0,8,23,1167,865,302,54,387,780,6.67211480719794,6.90056647398844,6.01777476821192,6.57407407407407,6.64462532299742,6.68575382051282,76
"77",2007,11,6.475,40,6.91153846153846,5.66428571428571,7,6.60526315789474,6.35714285714286,26,14,2,19,21,1207,891,316,56,406,801,6.66558241922121,6.90088664421998,6.00211386075949,6.58928571428571,6.64278325123153,6.67713855181024,77
"78",2007,12,6.19230769230769,52,6.51612903225806,5.71428571428571,4,5.8,6.35135135135135,31,21,1,15,37,1259,922,337,57,421,838,6.6460349324861,6.88795010845987,5.98417798219584,6.54385964912281,6.61275534441805,6.66275415274463,78
"79",2008,1,6.68148148148148,54,6.90882352941177,6.295,5.13333333333333,6.63571428571429,6.6975,34,20,3,14,40,1313,956,357,60,435,878,6.64749274942879,6.88869246861925,6.00159098039216,6.47333333333333,6.61349425287356,6.6643371070615,79
"80",2008,2,6.96176470588235,34,7.18,6.35555555555556,6.5,6.85555555555556,7,25,9,2,9,25,1347,981,366,62,444,903,6.6554253749072,6.89611620795107,6.0102950273224,6.4741935483871,6.6184009009009,6.67363009966777,80
"81",2008,3,6.53333333333333,24,6.625,6.35,7,6.7875,6.40625,16,8,1,8,16,1371,997,374,63,452,919,6.65328809628009,6.89176529588766,6.01756144385027,6.48253968253968,6.62139380530973,6.66897495103373,81
"82",2008,4,6.4578125,32,6.53518518518518,6.04,NA,6.26,6.54772727272727,27,5,0,10,22,1403,1024,379,63,462,941,6.64882963649323,6.88236328125,6.01785746701847,6.48253968253968,6.61357142857143,6.66614025504782,82
"83",2008,5,6.37791304347826,23,6.78571428571429,5.74355555555556,5.25,6.3692,6.38461538461539,14,9,2,10,13,1426,1038,388,65,472,954,6.64446001402524,6.88105973025048,6.01149479381443,6.44461538461538,6.60839406779661,6.66230396226415,83
"84",2008,6,6.38095238095238,21,6.96428571428571,5.21428571428571,7.25,5.625,6.84615384615385,14,7,2,8,13,1447,1052,395,67,480,967,6.64063578438148,6.88216730038023,5.99736703797468,6.46865671641791,6.59200416666667,6.66477557394002,84
"85",2008,7,5.7027027027027,37,6.61111111111111,4.84210526315789,5.66666666666667,5.32142857142857,5.93478260869565,18,19,9,14,23,1484,1070,414,76,494,990,6.61725066037736,6.87760747663551,5.94434777777778,6.37368421052631,6.555995951417,6.64781614141414,85
"86",2008,8,6.60185185185185,27,6.740625,6.4,6.33333333333333,6.65,6.59347826086957,16,11,3,4,23,1511,1086,425,79,498,1013,6.61697549966909,6.87558931860037,5.95614112941176,6.37215189873418,6.55675100401606,6.64658240868707,86
"87",2008,9,6.50441176470588,34,6.74545454545455,6.0625,5.83333333333333,6.09615384615385,6.75714285714286,22,12,6,13,21,1545,1108,437,85,511,1034,6.61449836893204,6.87300541516245,5.95906173913043,6.33411764705882,6.54503326810176,6.64882783365571,87
"88",2008,10,6.33913043478261,23,6.83076923076923,5.7,6,6.36,6.33333333333333,13,10,4,5,18,1568,1121,447,89,516,1052,6.61045917091837,6.87251561106155,5.95326617449664,6.3191011235955,6.54324031007752,6.64342963878327,88
"89",2008,11,6.42233333333333,30,6.61125,5.66666666666667,7,5.01666666666667,6.77375,24,6,1,6,24,1598,1145,453,90,522,1076,6.60692739674593,6.86703930131004,5.94947015452538,6.32666666666667,6.52569348659004,6.6463364126394,89
"90",2008,12,6.50961538461539,26,6.453125,6.6,6.83333333333333,6.72222222222222,6.39705882352941,16,10,6,9,17,1624,1161,463,96,531,1093,6.60536944581281,6.86133505598622,5.96352047516199,6.35833333333333,6.52902448210923,6.64245926806953,90
"91",2009,1,6.81888888888889,45,7.09444444444444,5.71666666666667,4.25,6.67105263157895,6.92692307692308,36,9,2,19,26,1669,1197,472,98,550,1119,6.61112641102456,6.86834586466165,5.95881351694915,6.31530612244898,6.53393090909091,6.64906879356568,91
"92",2009,2,6.48076923076923,52,7.06,5.94444444444444,6,7,6.38636363636364,25,27,9,8,44,1721,1222,499,107,558,1163,6.60718766995933,6.87226677577741,5.95803603206413,6.28878504672897,6.54061290322581,6.6391298194325,92
"93",2009,3,6.585,50,6.69791666666667,6.48076923076923,5.76,6.41,6.66,24,26,10,15,35,1771,1246,525,117,573,1198,6.60656125352908,6.86890850722311,5.98392377142857,6.24358974358974,6.53719371727749,6.63973954924875,93
"94",2009,4,6.5609756097561,41,6.8,6.42307692307692,6,6.11111111111111,6.6875,15,26,3,9,32,1812,1261,551,120,582,1230,6.60552979028697,6.8680888183981,6.00464606170599,6.2375,6.53060481099656,6.64098209756097,94
"95",2009,5,6.49268292682927,41,6.65909090909091,6.3,6.14285714285714,6.1875,6.688,22,19,7,16,25,1853,1283,570,127,598,1255,6.60303290879655,6.86450506625097,6.01449119298245,6.23228346456693,6.52142474916388,6.64191870916335,95
"96",2009,6,6.48478260869565,46,6.61785714285714,6.27777777777778,6.5,6.33333333333333,6.52162162162162,28,18,4,9,37,1899,1311,588,131,607,1292,6.60016849921011,6.85923722349352,6.02255098639456,6.24045801526717,6.51863591433278,6.63847366873065,96
"97",2009,7,6.56388888888889,36,6.89,6.15625,5.83333333333333,6.05555555555556,6.73333333333333,20,16,9,9,27,1935,1331,604,140,616,1319,6.59949352971576,6.85969947407964,6.0260926821192,6.21428571428571,6.51187012987013,6.64041545109932,97
"98",2009,8,6.99166666666667,24,6.875,7.225,6,6.25,7.14,16,8,1,4,20,1959,1347,612,141,620,1339,6.60429810107197,6.85988121752041,6.04176467320261,6.21276595744681,6.51018064516129,6.64787750560119,98
"99",2009,9,6.18125,32,6.64736842105263,5.5,5.5,6.42857142857143,6.112,19,13,3,7,25,1991,1366,625,144,627,1364,6.59749873430437,6.85692532942899,6.030495968,6.19791666666667,6.50926953748006,6.63805570381231,99
"100",2009,10,6.4,40,6.97727272727273,5.69444444444444,6.25,7,6.2258064516129,22,18,4,9,31,2031,1388,643,148,636,1395,6.5936090497292,6.85883285302593,6.02108861586314,6.19932432432432,6.51621383647799,6.62889460931899,100
"101",2009,11,6.01086956521739,46,6.45833333333333,5.52272727272727,4.7,5.1875,6.18421052631579,24,22,10,8,38,2077,1412,665,158,644,1433,6.58070292729899,6.85202549575071,6.00460147368421,6.10443037974683,6.49970807453416,6.61710256803908,101
"102",2009,12,6.38157894736842,38,6.65909090909091,6,5.25,5.87,6.56428571428571,22,16,4,10,28,2115,1434,681,162,654,1461,6.57712528605201,6.84906555090655,6.00449336270191,6.08333333333333,6.49007951070336,6.61609033538672,102
"103",2010,1,6.50892857142857,56,6.82413793103448,6.17037037037037,5.75555555555556,5.95454545454545,6.64444444444444,29,27,9,11,45,2171,1463,708,171,665,1506,6.57536618148319,6.84857142857143,6.01081918079096,6.06608187134503,6.48122105263158,6.61693756972111,103
"104",2010,2,6.87631578947368,38,7.10769230769231,6.375,6,6.54444444444444,6.97931034482759,26,12,2,9,29,2209,1489,720,173,674,1535,6.58054322317791,6.85309603760913,6.01688886111111,6.06531791907514,6.48206528189911,6.62378370032573,104
"105",2010,3,6.00192307692308,26,5.97916666666667,6.02142857142857,6,6.0625,5.975,12,14,1,8,18,2235,1501,734,174,682,1553,6.57381207158836,6.846109260493,6.01697544959128,6.06494252873563,6.47714369501466,6.61626399227302,105
"106",2010,4,6.43461538461538,26,6.57857142857143,6.26666666666667,5.73333333333333,6.51111111111111,6.39411764705882,14,12,3,9,17,2261,1515,746,177,691,1570,6.57221140203449,6.84363696369637,6.02099193029491,6.0593220338983,6.47758610709117,6.61385858598726,106
"107",2010,5,6.405,20,6.58181818181818,6.18888888888889,5.875,6.6,6.32142857142857,11,9,4,6,14,2281,1526,755,181,697,1584,6.57074527838667,6.841749672346,6.02299335099338,6.05524861878453,6.47863988522238,6.61127397727272,107
"108",2010,6,6,20,6.66363636363636,5.18888888888889,5,5.33333333333333,6.11764705882353,11,9,2,3,17,2301,1537,764,183,700,1601,6.56578443285528,6.84047495120364,6.013167513089,6.04371584699453,6.47373142857143,6.60603246720799,108
"109",2010,7,6.21115384615385,26,7.04285714285714,5.24083333333333,5.33333333333333,6.93333333333333,5.9945,14,12,3,6,20,2327,1551,776,186,706,1621,6.56182207993124,6.84230174081238,6.00122420103093,6.03225806451613,6.47763739376771,6.59848734114744,109
"110",2010,8,6.208,25,6.51818181818182,5.96428571428571,5,6.375,6.17619047619048,11,14,2,4,21,2352,1562,790,188,710,1642,6.55806121598639,6.84001920614597,6.00056959493671,6.02127659574468,6.47705915492958,6.59308646772229,110
"111",2010,9,6.04782608695652,23,6.26666666666667,5.80909090909091,6.5,6.1,6.03333333333333,12,11,3,5,18,2375,1574,801,191,715,1660,6.55311999157894,6.83564803049555,5.99794004993758,6.02879581151832,6.47442237762238,6.58701685542168,111
"112",2010,10,6.51612903225806,31,6.92857142857143,6.17647058823529,6.16666666666667,6.25,6.58,14,17,6,6,25,2406,1588,818,197,721,1685,6.55264338320864,6.83646725440806,6.00165034229829,6.03299492385787,6.47255478502081,6.58691274777448,112
"113",2010,11,6.24473684210526,38,6.825,5.25,6,6.91666666666667,6.11875,24,14,3,6,32,2444,1612,832,200,727,1717,6.54785596563011,6.83629652605459,5.98900237980769,6.0325,6.47622008253095,6.57818752475247,113
"114",2010,12,6.6093023255814,43,6.95925925925926,6.01875,5.5,6.125,6.72,27,16,6,8,35,2487,1639,848,206,735,1752,6.54891836751106,6.838322147651,5.98956365566038,6.01699029126214,6.47239727891156,6.58102053652968,114
"115",2011,1,6.25294117647059,34,6.66666666666667,5.58461538461538,5.64,5.9375,6.35,21,13,5,8,26,2521,1660,861,211,743,1778,6.54492660848869,6.83615060240964,5.98344945412311,6.00805687203791,6.46663795423957,6.57764228346456,115
"116",2011,2,6.777,29,7.1875,6.27176923076923,6,6.6866,6.79583333333333,16,13,1,5,24,2550,1676,874,212,748,1802,6.5475658745098,6.83950477326969,5.98773796338673,6.00801886792453,6.46810828877005,6.58054826859045,116
"117",2011,3,6.47560975609756,41,6.69565217391304,6.19444444444444,5.5,5.78571428571429,6.61764705882353,23,18,4,7,34,2591,1699,892,216,755,1836,6.5464272404477,6.83755738669806,5.99190917040359,5.99861111111111,6.46178145695364,6.5812352832244,117
"118",2011,4,6.57996,25,6.9,6.0999,5.83333333333333,6.25,6.64280952380952,15,10,3,4,21,2616,1714,902,219,759,1857,6.54674769877676,6.83810385064177,5.99310640798226,5.99634703196347,6.46066534914361,6.58193159935379,118
"119",2011,5,6.14545454545455,22,6.58571428571429,5.375,5.33333333333333,5.625,6.26111111111111,14,8,3,4,18,2638,1728,910,222,763,1875,6.54340105382866,6.83605902777778,5.9876725054945,5.98738738738739,6.45628440366973,6.57885172266666,119
"120",2011,6,6.38421052631579,19,6.48,6.27777777777778,5.83333333333333,6,6.45625,10,9,3,3,16,2657,1738,919,225,766,1891,6.54226269476853,6.83401035673187,5.99051357997824,5.98533333333333,6.45449738903394,6.57781437334743,120
"121",2011,7,6.359,20,6.868,5.85,5,6.16666666666667,6.44142857142857,10,10,4,6,14,2677,1748,929,229,772,1905,6.54089353007097,6.83420480549199,5.98900105489774,5.96812227074236,6.4522603626943,6.57681206299212,121
"122",2011,8,6.44,30,6.8,5.96923076923077,5.7,6.75714285714286,6.34347826086957,17,13,5,7,23,2707,1765,942,234,779,1928,6.53977538973033,6.83387535410765,5.98872821656051,5.96239316239316,6.455,6.57402851659751,122
"123",2011,9,6.32692307692308,26,6.53571428571429,6.08333333333333,7,6.41666666666667,6.3,14,12,2,6,20,2733,1779,954,236,785,1948,6.53775045005488,6.83152894884767,5.98991821802935,5.97118644067797,6.45470700636943,6.57121508213552,123
"124",2011,10,6.58275862068966,29,6.66923076923077,6.5125,7,5,6.7,13,16,3,2,27,2762,1792,970,239,787,1975,6.53822301955105,6.8303515625,5.99853812371134,5.98410041841004,6.45101016518425,6.57297568607595,124
"125",2011,11,5.94814814814815,27,6.56666666666667,5.175,4.5,6,5.944,15,12,2,2,25,2789,1807,982,241,789,2000,6.53251057009681,6.82816270060874,5.98847452138493,5.97178423236514,6.44986692015209,6.56511349,125
"126",2011,12,6.08333333333333,30,6.66666666666667,5.69444444444444,6.41666666666667,6.4,6.02,12,18,6,5,25,2819,1819,1000,247,794,2025,6.52773039375665,6.8270973062122,5.98318198,5.98259109311741,6.44955289672544,6.55838369382716,126
"127",2012,1,5.9537037037037,27,6.43333333333333,5.35416666666667,5.66666666666667,6.6,5.80681818181818,15,12,3,5,22,2846,1834,1012,250,799,2047,6.52228460295151,6.82387677208288,5.97572330039526,5.9788,6.45049436795995,6.55030629213483,127
"128",2012,2,6.36538461538461,26,6.75,6.03571428571429,6.5,6.25,6.38636363636364,12,14,2,4,22,2872,1846,1026,252,803,2069,6.52086419916434,6.82339653304442,5.97654189083821,5.98293650793651,6.44949564134496,6.54856306428226,128
"129",2012,3,6.71428571428571,21,7.22727272727273,6.15,6,7.5,6.63157894736842,11,10,1,2,19,2893,1857,1036,253,805,2088,6.52226822675423,6.82578890683899,5.9782161969112,5.98300395256917,6.45210559006211,6.54931847701149,129
"130",2012,4,6.139,20,6.40571428571429,5.51666666666667,6.55,6.66666666666667,6.04588235294118,14,6,2,3,17,2913,1871,1042,255,808,2105,6.51963679368349,6.82264564404062,5.97555852207294,5.98745098039216,6.45290222772277,6.54525272209026,130
"131",2012,5,6.37058823529412,17,6.89090909090909,5.41666666666667,6,5,6.66428571428571,11,6,2,3,14,2930,1882,1048,257,811,2119,6.51877200682594,6.82304463336876,5.97235875954199,5.98754863813229,6.44752774352651,6.54603915998112,131
"132",2012,6,6.48461538461538,26,7.3,5.975,6,7.925,6.22272727272727,10,16,3,4,22,2956,1892,1064,260,815,2141,6.51847157645467,6.82556553911205,5.97239847744361,5.98769230769231,6.45477914110429,6.54271694535264,132
"133",2012,7,6.53666666666667,21,6.45833333333333,6.64111111111111,6.25,6.2,6.641875,12,9,3,5,16,2977,1904,1073,263,820,2157,6.5185999261001,6.82325105042017,5.97800743709227,5.99068441064639,6.4532256097561,6.54345247102457,133
"134",2012,8,6.52777777777778,27,6.875,6.25,5.875,5.75,6.59,12,15,4,2,25,3004,1916,1088,267,822,2182,6.51868241677763,6.8235751565762,5.98175733455883,5.98895131086142,6.45151459854015,6.54398578368469,134
"135",2012,9,6.35,20,6.63636363636364,6,6.25,6.5,6.3,11,9,4,5,15,3024,1927,1097,271,827,2197,6.51756679232804,6.82250648676699,5.98190700091158,5.99280442804428,6.45180773881499,6.54231997269003,135
"136",2012,10,6.50576923076923,26,6.94722222222222,5.5125,5.4,6.62777777777778,6.44117647058824,18,8,5,9,17,3050,1945,1105,276,836,2214,6.51746622295082,6.82366066838046,5.97850857918552,5.9820652173913,6.45370215311005,6.54154335140018,136
"137",2012,11,6.35882352941176,34,6.88666666666667,5.94210526315789,5.1,6.31666666666667,6.36785714285714,15,19,5,6,28,3084,1960,1124,281,842,2242,6.51571724383917,6.82414285714286,5.97789322064057,5.96637010676156,6.45272565320665,6.53937421052631,137
"138",2012,12,6.51315789473684,19,7.83333333333333,5.90384615384615,5.29166666666667,10,6.31944444444444,6,13,6,1,18,3103,1966,1137,287,843,2260,6.51570157267161,6.82722278738555,5.97704659630607,5.95226480836237,6.45693357058126,6.53762255752212,138
"139",2013,1,6.44166666666667,36,6.60526315789474,6.25882352941176,6.66666666666667,6.33333333333333,6.47777777777778,19,17,3,9,27,3139,1985,1154,290,852,2287,6.51485249442498,6.82509823677582,5.98119755632582,5.95965517241379,6.4556279342723,6.53691603847835,139
"140",2013,2,6.24285714285714,28,6.56190476190476,5.28571428571429,5,5,6.33846153846154,21,7,1,2,26,3167,2006,1161,291,854,2313,6.51244773602779,6.82234297108674,5.97700428940569,5.95635738831615,6.45221896955503,6.5346852485949,140
"141",2013,3,6.03809523809524,21,6.20909090909091,5.85,6,7,5.7375,11,10,2,5,16,3188,2017,1171,293,859,2329,6.50932308030113,6.81899851264254,5.97591970964987,5.95665529010239,6.45540745052386,6.52920866466294,141
"142",2013,4,6.63,20,6.96,6.3,6.33333333333333,6.125,6.75625,10,10,3,4,16,3208,2027,1181,296,863,2345,6.51007543017456,6.81969412925505,5.97866382726503,5.96047297297297,6.45387601390498,6.5307577739872,142
"143",2013,5,6.28125,16,6.5,5.91666666666667,6.5,6.35714285714286,6.22222222222222,10,6,2,7,9,3224,2037,1187,298,870,2354,6.50893982009925,6.81812469317624,5.97835044650379,5.96409395973154,6.45309770114943,6.52957815632965,143
"144",2013,6,6.30952380952381,21,6.42307692307692,6.125,7.5,6.64285714285714,6.14285714285714,13,8,1,7,14,3245,2050,1195,299,877,2368,6.50764930046225,6.81561951219512,5.97933220083682,5.96923076923077,6.45461231470924,6.52729179898648,144
"145",2013,7,5.9,17,6.57272727272727,4.66666666666667,3.5,4.66666666666667,6.16428571428571,11,6,2,3,14,3262,2061,1201,301,880,2382,6.50448251992642,6.8143231441048,5.97277433805162,5.95282392026578,6.44851704545454,6.52515826196473,145
"146",2013,8,6.68333333333333,15,6.63636363636364,6.8125,7.25,6.85,6.6,11,4,1,5,10,3277,2072,1205,302,885,2392,6.50530118400976,6.81337837837838,5.97556180912863,5.95711920529801,6.45078531073446,6.52547114548495,146
"147",2013,9,5.8695652173913,23,6.1,5.69230769230769,5.4,5.625,5.92105263157895,10,13,5,4,19,3300,2082,1218,307,889,2411,6.50087029696969,6.80995196926032,5.97253857142857,5.94804560260586,6.44706974128234,6.52070799668187,147
"148",2013,10,6.26923076923077,13,7.07142857142857,5.33333333333333,5,5.75,6.71428571428571,7,6,2,6,7,3313,2089,1224,309,895,2418,6.49996135828554,6.81082814743896,5.9694052124183,5.94190938511327,6.44239664804469,6.52126839536807,148
"149",2013,11,6.49358974358974,39,6.82291666666667,5.96666666666667,5,6.78571428571429,6.4296875,24,15,2,7,32,3352,2113,1239,311,902,2450,6.49988722553699,6.81096545196403,5.96937205811138,5.93585209003215,6.44506097560976,6.52007223673469,149
"150",2013,12,6.5,24,6.83333333333333,5.94444444444444,5.33333333333333,6.4,6.52631578947368,15,9,3,5,19,3376,2128,1248,314,907,2469,6.49988802725118,6.81112312030075,5.96919229166667,5.93009554140127,6.44481256890849,6.52012028351559,150
"151",2014,1,6.55571428571429,35,6.68035714285714,6.05714285714286,7,6.475,6.57962962962963,28,7,2,8,27,3411,2156,1255,316,915,2496,6.50046085605394,6.80942486085343,5.96968285258964,5.93686708860759,6.44507650273224,6.52076401442307,151
"152",2014,2,6.31785714285714,28,6.4875,6.09166666666667,4.5,6.05,6.33846153846154,16,12,1,2,26,3439,2172,1267,317,917,2522,6.49897411456819,6.80705340699815,5.97083818468824,5.93233438485804,6.44421483097056,6.5188846074544,152
"153",2014,3,6.68181818181818,22,6.6,6.8,7,7.1,6.61578947368421,13,9,1,3,19,3461,2185,1276,318,920,2541,6.50013637099104,6.80582151029748,5.97668650470219,5.93569182389937,6.44635326086957,6.51960920110192,153
"154",2014,4,6.27894736842105,19,6.56666666666667,5.78571428571429,6.125,6.14285714285714,6.35833333333333,12,7,4,7,12,3480,2197,1283,322,927,2553,6.49892872988506,6.80451524806554,5.97564456742011,5.93804347826087,6.44406148867314,6.5188511476694,154
"155",2014,5,6.67692307692308,26,7.08888888888889,5.75,6.5,7.275,6.56818181818182,18,8,3,4,22,3506,2215,1291,325,931,2575,6.50024871078152,6.80682618510158,5.97424630518977,5.94323076923077,6.44763157894737,6.51927261359223,155
"156",2014,6,6.31739130434783,23,6.57272727272727,6.08333333333333,6,5.825,6.42105263157895,11,12,3,4,19,3529,2226,1303,328,935,2594,6.49905695097761,6.80566936208445,5.97525094397544,5.94375,6.4449679144385,6.51855319198149,156
"157",2014,7,6.65172413793103,29,6.74117647058824,6.525,6.5,6.5,6.66296296296296,17,12,3,2,27,3558,2243,1315,331,937,2621,6.50030128724002,6.80518056174766,5.98026766539924,5.9487915407855,6.44508537886873,6.52004081648226,157
"158",2014,8,6.14666666666667,27,6.6875,5.36,6.5,5.58333333333333,6.30761904761905,16,11,2,6,21,3585,2259,1326,333,943,2642,6.49763793026499,6.80434705621956,5.97512215686274,5.9521021021021,6.43960233297985,6.51835237698713,158
"159",2014,9,6.18461538461538,26,7.08666666666667,4.95454545454545,5.16666666666667,6,6.2,15,11,3,2,24,3611,2274,1337,336,945,2666,6.49538409858765,6.80620932277924,5.96672548990277,5.94508928571428,6.43867195767196,6.51548648912228,159
"160",2014,10,6.2,22,5.9,6.40769230769231,6.08,5.85714285714286,6.36,9,13,5,7,15,3633,2283,1350,341,952,2681,6.49359537021745,6.80263688129654,5.97097183703704,5.94706744868035,6.43439600840336,6.5146165535248,160
"161",2014,11,6.47558823529412,34,6.71428571428571,6.3085,6.1,7.06714285714286,6.32222222222222,14,20,5,7,27,3667,2297,1370,346,959,2708,6.49342841014453,6.80209838920331,5.97589925547445,5.9492774566474,6.43901459854015,6.51269829394387,161
"162",2014,12,6.58125,24,6.85833333333333,5.75,5.33333333333333,6.925,6.5125,18,6,3,4,20,3691,2315,1376,349,963,2728,6.49399945272284,6.80253563714902,5.97491422965116,5.94398280802292,6.44103322949117,6.51269684017595,162
"163",2015,1,6.06111111111111,36,6.475,5.54375,4.77777777777778,5.84,6.09677419354839,20,16,9,5,31,3727,2335,1392,358,968,2759,6.48981807888382,6.79973019271948,5.96995831896552,5.91466480446927,6.43792871900827,6.5080235520116,163
"164",2015,2,6.44054054054054,37,6.7047619047619,6.09375,6.75,7,6.37272727272727,21,16,2,4,33,3764,2356,1408,360,972,2792,6.48933368225292,6.79888370118845,5.97136504261364,5.91930555555555,6.44024176954733,6.50642441977077,164
"165",2015,3,6.44166666666667,24,6.56111111111111,6.08333333333333,6.25,6.58,6.40526315789474,18,6,2,5,19,3788,2374,1414,362,977,2811,6.48903167370644,6.79708087615838,5.97184015558699,5.92113259668508,6.44095701125896,6.50574065457132,165
"166",2015,4,6.4037037037037,27,6.75714285714286,5.16666666666667,5,6,6.47391304347826,21,6,1,4,23,3815,2395,1420,363,981,2834,6.48842777981651,6.79673068893528,5.96843801408451,5.91859504132231,6.43915902140673,6.50548235003528,166
"167",2015,5,6.11111111111111,18,6.20833333333333,5.91666666666667,5.75,5.375,6.32142857142857,12,6,2,4,14,3833,2407,1426,365,985,2848,6.48665587790242,6.7937972579975,5.96822018232819,5.91767123287671,6.43483756345178,6.50457759129213,167
"168",2015,6,6.66551724137931,29,7.02142857142857,6.33333333333333,6.5,5.9,6.825,14,15,8,5,24,3862,2421,1441,373,990,2872,6.48799895908855,6.79511358942585,5.97202080499653,5.93016085790884,6.43213636363636,6.50725521587743,168
"169",2015,7,6.28571428571429,21,6.46428571428571,5.92857142857143,6,7.5,6.15789473684211,14,7,2,2,19,3883,2435,1448,375,992,2891,6.48690496523307,6.7932114989733,5.97181075966851,5.93053333333333,6.43428931451613,6.50495917675545,169
"170",2015,8,6.48724137931034,29,6.74285714285714,6.24866666666667,6.625,7.0625,6.3952,14,15,2,4,25,3912,2449,1463,377,996,2916,6.4869074591002,6.79292364230298,5.97464933697881,5.9342175066313,6.43681224899598,6.50401816872428,170
"171",2015,9,6.32894736842105,19,6.80555555555556,5.9,6.66666666666667,6.75,6.21666666666667,9,10,3,4,15,3931,2458,1473,380,1000,2931,6.48614397863139,6.79296989422294,5.97414255261371,5.94,6.438065,6.50254758785397,171
"172",2015,10,6.5375,36,6.81944444444444,6.25555555555556,5.2,5.92,6.63709677419355,18,18,3,5,31,3967,2476,1491,383,1005,2962,6.48661002772876,6.79316235864297,5.97753989268947,5.93420365535248,6.43548756218906,6.50395576637407,172
"173",2015,11,5.88947368421053,38,6.635,5.06111111111111,5.43333333333333,6,5.88,20,18,6,3,35,4005,2496,1509,389,1008,2997,6.48094431460674,6.79189503205128,5.96660833664679,5.92647814910025,6.43419146825397,6.49666899566233,173
"174",2015,12,6.628,25,7.14666666666667,5.85,5.83333333333333,7.83333333333333,6.46363636363636,15,10,3,3,22,4030,2511,1519,392,1011,3019,6.4818565707196,6.79401433691756,5.96584067149441,5.92576530612245,6.43834322453017,6.49642828088771,174
"175",2016,1,6.40882352941177,34,6.55652173913044,6.1,5.66666666666667,6.2,6.4448275862069,23,11,3,5,29,4064,2534,1530,395,1016,3048,6.48124556594488,6.79185872138911,5.96680521568628,5.92379746835443,6.43717027559055,6.49593732939632,175
"176",2016,2,6.58846153846154,26,6.775,6.42857142857143,6.33333333333333,5,6.652,12,14,3,1,25,4090,2546,1544,398,1017,3073,6.48192713447433,6.7917792615868,5.97099221502591,5.92688442211055,6.43575712881023,6.49720695737065,176
"177",2016,3,6.71724137931034,29,7.15625,6.17692307692308,6,5.71428571428571,7.03636363636364,16,13,1,7,22,4119,2562,1557,399,1024,3095,6.48358387472687,6.79405542544886,5.9727116120745,5.92706766917293,6.4308251953125,6.50103941195476,177
"178",2016,4,6.47777777777778,36,6.615,6.30625,6.9,6.25,6.49117647058824,20,16,5,2,34,4155,2582,1573,404,1026,3129,6.48353356919374,6.79266847405112,5.97610424666243,5.93910891089109,6.43047270955166,6.50093224033237,178
"179",2016,5,6.3975,20,6.95769230769231,5.35714285714286,2,5.5,6.55588235294118,13,7,1,3,17,4175,2595,1580,405,1029,3146,6.48312143233533,6.79349518304431,5.97336201265823,5.92938271604938,6.42775996112731,6.50122917355372,179
"180",2016,6,6.3644,25,6.788125,5.61111111111111,6,6,6.39608695652174,16,9,1,2,23,4200,2611,1589,406,1031,3169,6.48241475714286,6.79346227499042,5.97131024543738,5.9295566502463,6.42693016488846,6.50046607131587,180
"181",2016,7,6.325,20,6.65,6,5.33333333333333,7.5,6.26315789473684,10,10,3,1,19,4220,2621,1599,409,1032,3188,6.48166871563981,6.79291491797024,5.97148966854284,5.92518337408313,6.42796996124031,6.49905175031367,181
"182",2016,8,6.17111111111111,36,6.76636363636364,5.23571428571429,6,6.5,6.13,22,14,1,4,32,4256,2643,1613,410,1036,3220,6.47904181860902,6.79269390843738,5.96510352138872,5.92536585365853,6.42824806949807,6.4953841552795,182
"183",2016,9,6.50344827586207,29,6.85,6.07692307692308,6.125,6.28571428571429,6.57272727272727,16,13,4,7,22,4285,2659,1626,414,1043,3242,6.47920699649942,6.79303873636705,5.96599752767528,5.92729468599034,6.42729146692234,6.4959090006169,183
"184",2016,10,6.23571428571429,28,6.71176470588235,5.5,5.26666666666667,6.2,6.24,17,11,6,3,25,4313,2676,1637,420,1046,3267,6.47762624159518,6.79252242152466,5.96286620647526,5.91785714285714,6.42663957934991,6.49395071319253,184
"185",2016,11,6.42738095238095,42,6.59423076923077,6.15625,7.83333333333333,7.33333333333333,6.35769230769231,26,16,3,3,39,4355,2702,1653,423,1049,3306,6.47714167164179,6.79061435973353,5.96473803992741,5.93144208037825,6.42923260247855,6.4923433091349,185
"186",2016,12,6.72222222222222,27,6.84375,6.54545454545455,6,7.66666666666667,6.60416666666667,16,11,1,3,24,4382,2718,1664,424,1052,3330,6.47865175262437,6.79092715231788,5.96857691105769,5.9316037735849,6.43276140684411,6.49314924324324,186
"187",2017,1,6.59583333333333,24,6.85,5.83333333333333,5,6.93333333333333,6.54761904761905,18,6,1,3,21,4406,2736,1670,425,1055,3351,6.47929005447117,6.79131578947368,5.96809100598802,5.92941176470588,6.43418483412322,6.49349059385258,187
"188",2017,2,6.16080952380952,21,6.81264285714286,4.85714285714286,6,6.4814,6.060625,14,7,2,5,16,4427,2750,1677,427,1060,3367,6.47777930426926,6.79142436363636,5.9634537745975,5.92974238875878,6.43440754716981,6.49143361449361,188
"189",2017,3,6.14761904761905,21,6.13076923076923,6.175,5.83333333333333,NA,6.14761904761905,13,8,3,0,21,4448,2763,1685,430,1060,3388,6.47622054406475,6.78831596091205,5.96445814836795,5.92906976744186,6.43440754716981,6.48930253246753,189
"190",2017,4,6.47777777777778,27,6.61764705882353,6.24,6,6.5,6.476,17,10,2,2,25,4475,2780,1695,432,1062,3413,6.4762299396648,6.78727230215827,5.9660837640118,5.92939814814815,6.43453107344633,6.48920509229417,190
"191",2017,5,6.66666666666667,24,6.86842105263158,5.9,5.375,6,6.84210526315789,19,5,4,5,19,4499,2799,1700,436,1067,3432,6.47724582796177,6.7878231511254,5.9658894,5.9243119266055,6.43249484536083,6.49115879370629,191
"192",2017,6,6.58333333333333,18,6.88461538461539,5.8,5,7.5,6.52941176470588,13,5,1,1,17,4517,2812,1705,437,1068,3449,6.47766858091654,6.78827062588904,5.96540292082111,5.92219679633867,6.43349438202247,6.49134734125833,192
"193",2017,7,6.52,25,6.5,6.55,6.5,6.375,6.54761904761905,15,10,2,4,21,4542,2827,1715,439,1072,3470,6.47790158080141,6.78674106827025,5.96881165014577,5.9248291571754,6.43327611940299,6.49168789048991,193
"194",2017,8,6.3,20,6.64285714285714,5.5,5,6.5,6.25,14,6,1,4,16,4562,2841,1721,440,1076,3486,6.47712165278387,6.78603203097501,5.96717721092388,5.92272727272727,6.43352416356877,6.49057859437751,194
"195",2017,9,6.62083333333333,24,6.91538461538462,6.27272727272727,7,7,6.56666666666667,13,11,4,3,21,4586,2854,1732,444,1079,3507,6.47787374182294,6.78662123335669,5.96911777136259,5.93243243243243,6.43509916589435,6.49103421157685,195
"196",2017,10,6.59523809523809,21,7.25,5.72222222222222,5.16666666666667,6.66666666666667,6.58333333333333,12,9,3,3,18,4607,2866,1741,447,1082,3525,6.47840872151074,6.78856140963014,5.96784145893165,5.92729306487695,6.43574121996303,6.49150552624113,196
"197",2017,11,6.54785714285714,28,6.572,6.4875,7,6.708,6.51304347826087,20,8,2,5,23,4635,2886,1749,449,1087,3548,6.47882825889968,6.78706063756063,5.97021839908519,5.93207126948775,6.43699356025759,6.49164514656144,197
"198",2017,12,5.675,20,5.85,5.55833333333333,6.75,4.925,5.8625,8,12,2,4,16,4655,2894,1761,451,1091,3564,6.47537464661654,6.78447028334485,5.96741168654174,5.93569844789357,6.43145004582952,6.48882070145903,198
"199",2018,1,6.22322580645161,31,6.703125,5.71133333333333,6.06666666666667,6.625,6.19551724137931,16,15,6,2,29,4686,2910,1776,457,1093,3593,6.47370656850192,6.78402302405498,5.96524886261261,5.93741794310722,6.43180420860018,6.4864533760089,199
"200",2018,2,6.10869565217391,23,6.56666666666667,5.25,5.16666666666667,6.75,5.76666666666667,15,8,6,8,15,4709,2925,1784,463,1101,3608,6.47192375875982,6.78290837606837,5.96204146860987,5.92742980561555,6.43411625794732,6.48346091463414,200
"201",2018,3,6.77931034482759,29,7.065,6.14444444444444,6,8.375,6.524,20,9,4,4,25,4738,2945,1793,467,1105,3633,6.47380518784297,6.78482410865874,5.96295704406023,5.92805139186295,6.44114208144796,6.48373987888797,201
"202",2018,4,6.2,18,6.21428571428571,6.19090909090909,6,4,6.32941176470588,7,11,1,1,17,4756,2952,1804,468,1106,3650,6.47276891925988,6.78347120596206,5.96434699556541,5.92820512820513,6.4389349005425,6.48302109041096,202
"203",2018,5,6.61904761904762,21,6.72222222222222,6.54166666666667,6.9,6.61666666666667,6.62,9,12,3,6,15,4777,2961,1816,471,1112,3665,6.47341196985556,6.78328503883823,5.96816188325991,5.9343949044586,6.43989388489209,6.48358171350614,203
"204",2018,6,6.29473684210526,19,6.55,5.85714285714286,NA,6.075,6.35333333333333,12,7,0,4,15,4796,2973,1823,471,1116,3680,6.47270412427022,6.78234342415069,5.96773558968733,5.9343949044586,6.43858602150538,6.48305080978261,204
"205",2018,7,6.22857142857143,21,6.52,5.5,6.4,6,6.24,15,6,2,1,20,4817,2988,1829,473,1117,3700,6.47163981316172,6.78102643908969,5.96620119190815,5.93636363636363,6.43819337511191,6.48173702162162,205
"206",2018,8,6.72727272727273,22,7.13333333333333,5.85714285714286,7,6.6,6.76470588235294,15,7,1,5,17,4839,3003,1836,474,1122,3717,6.47280202107873,6.78278621378621,5.96578539215686,5.93860759493671,6.43891443850267,6.48303120258273,206
"207",2018,9,5.8995,20,6.219,5.58,5.5,5.5,5.92052631578947,10,10,1,1,19,4859,3013,1846,475,1123,3736,6.47044226795637,6.78091503484898,5.96369554712893,5.93768421052631,6.43807836153161,6.48017049785867,207
"208",2018,10,6.24666666666667,30,6.44210526315789,5.90909090909091,4.5,5.25,6.4,19,11,2,4,26,4889,3032,1857,477,1127,3762,6.46906913070157,6.77879188654353,5.96337209477652,5.93165618448637,6.43386157941437,6.47961642211589,208
"209",2018,11,7.19806451612903,31,7.41090909090909,6.67777777777778,6.6,7.76666666666667,7.0616,22,9,3,6,25,4920,3054,1866,480,1133,3787,6.47366239430894,6.78334544859201,5.96681778135048,5.93583333333333,6.44091968225949,6.48345840506997,209
"210",2018,12,6.13913043478261,23,6.70714285714286,5.25555555555556,5.125,6.475,6.06842105263158,14,9,4,4,19,4943,3068,1875,484,1137,3806,6.47210580214445,6.78299771838331,5.96340372266667,5.92913223140496,6.44103957783641,6.48138648975302,210
"211",2019,1,6.62648648648649,37,7.05363636363636,6,5.83333333333333,6.25,6.69935483870968,22,15,3,6,31,4980,3090,1890,487,1143,3837,6.47325280722892,6.78492459546925,5.96369416931217,5.92854209445585,6.44003674540682,6.48314750586395,211
"212",2019,2,6.49230769230769,26,6.48947368421053,6.5,6.33333333333333,6.38333333333333,6.525,19,7,3,6,20,5006,3109,1897,490,1149,3857,6.47335177387135,6.78311900932775,5.96567315761729,5.93102040816326,6.43974064403829,6.48336452683433,212
"213",2019,3,6.51818181818182,22,6.99230769230769,5.83333333333333,5.7,6.33333333333333,6.54736842105263,13,9,2,3,19,5028,3122,1906,492,1152,3876,6.47354792760541,6.78399007046765,5.96504825813221,5.93008130081301,6.43946354166667,6.48367827141383,213
"214",2019,4,6.45833333333333,18,7.21428571428571,5.97727272727273,6.5,5.75,6.546875,7,11,2,2,16,5046,3129,1917,494,1154,3892,6.47349365437971,6.7849527005433,5.96511840375587,5.93238866396761,6.43826863084922,6.48393807297019,214
"215",2019,5,6.4128,25,6.9575,5.44444444444444,5.33333333333333,7.16666666666667,6.31,16,9,3,3,22,5071,3145,1926,497,1157,3914,6.47319443502268,6.78583052464229,5.96268534787123,5.92877263581489,6.44015730337079,6.48296039345937,215
"216",2019,6,6.8030625,16,7.2849,6,6,8.66633333333333,6.37307692307692,10,6,1,3,13,5087,3155,1932,498,1160,3927,6.47423195989778,6.78741236133122,5.96280123188406,5.9289156626506,6.44591465517241,6.48259663356251,216
"217",2019,7,6.74705882352941,17,6.83636363636364,6.58333333333333,6,NA,6.74705882352941,11,6,3,0,17,5104,3166,1938,501,1160,3944,6.47514067006269,6.78758243840808,5.96472238390093,5.92934131736527,6.44591465517241,6.48373655679513,217
"218",2019,8,6.15909090909091,22,6.42307692307692,5.77777777777778,5.33333333333333,6.21428571428571,6.13333333333333,13,9,3,7,15,5126,3179,1947,504,1167,3959,6.47378423332033,6.78609185278389,5.96385823317925,5.92579365079365,6.44452527849186,6.48240893660015,218
"219",2019,9,7.03534380952381,21,7.45263875,5.7,NA,7.875,6.83777764705882,16,5,0,4,17,5147,3195,1952,504,1171,3976,6.47607542257626,6.7894298028169,5.96318236680328,5.92579365079365,6.44941161400512,6.48392837022133,219
"220",2019,10,6.3551724137931,29,6.715,5.55555555555556,6,6.75,6.292,20,9,2,4,25,5176,3215,1961,506,1175,4001,6.47539802936631,6.78896678693623,5.96131156552779,5.92608695652174,6.45043489361702,6.48272911772057,220
"221",2019,11,6.10384615384615,26,6.55,5.58333333333333,5.2,5.33333333333333,6.20434782608696,14,12,5,3,23,5202,3229,1973,511,1178,4024,6.47354098423683,6.78793069681015,5.95901266092245,5.91898238747554,6.44758998302207,6.481137972167,221
"222",2019,12,6.7492752173913,23,7.37380928571429,5.77777777777778,4.25,NA,6.7492752173913,14,9,2,0,23,5225,3243,1982,513,1178,4047,6.47475474258373,6.79045992907801,5.95818969727548,5.91247563352826,6.44758998302207,6.48266185569558,222
"223",2020,1,6.15806451612903,31,6.60666666666667,5.7375,6.13333333333333,4.5,6.27241379310345,15,16,6,2,29,5256,3258,1998,519,1180,4076,6.47288689687976,6.7896137354205,5.95642241241241,5.9150289017341,6.44428898305085,6.48116597890088,223
"224",2020,2,6.52307692307692,26,6.97647058823529,5.66666666666667,5,6.975,6.44090909090909,17,9,1,4,22,5282,3275,2007,520,1184,4098,6.47313395115486,6.79058367938931,5.95512305929248,5.91326923076923,6.44608192567568,6.48094986090776,224
"225",2020,3,6.01666666666667,24,6.13571428571429,5.85,5.875,6.6,5.86315789473684,14,10,4,5,19,5306,3289,2017,524,1189,4117,6.4710692668677,6.78779615384615,5.9546018740704,5.91297709923664,6.44672918418839,6.47809874423123,225
"226",2020,4,6.64444444444444,27,6.745,6.35714285714286,6.5,6,6.696,20,7,3,2,25,5333,3309,2024,527,1191,4142,6.4719470335646,6.78753748866727,5.95599406126482,5.91631878557875,6.44597900923594,6.47941393771125,226
"227",2020,5,6.21875,16,6.45,5.83333333333333,5.33333333333333,NA,6.21875,10,6,3,0,16,5349,3319,2030,530,1191,4158,6.47118966722752,6.7865205031636,5.95563151724138,5.91301886792453,6.44597900923594,6.4784109018759,227
"228",2020,6,6.30263157894737,19,6.33333333333333,6.275,5,7,6.11666666666667,9,10,1,4,15,5368,3328,2040,531,1195,4173,6.47059305700447,6.78529493689904,5.95719704901961,5.91129943502825,6.44783347280335,6.47711059908938,228
"229",2020,7,6.79411764705882,17,6.86363636363636,6.66666666666667,6,6,6.84375,11,6,2,1,16,5385,3339,2046,533,1196,4189,6.47161439740019,6.78555302485774,5.95927760508309,5.91163227016885,6.44745903010033,6.4785109883027,229
"230",2020,8,6.31818181818182,22,6.76470588235294,4.8,4.33333333333333,7.25,6.11111111111111,17,5,3,4,18,5407,3356,2051,536,1200,4207,6.47099011096727,6.78544742252681,5.95645147732813,5.90279850746268,6.45013416666667,6.47693903731875,230
"231",2020,9,6.54375,16,6.7,6.2,NA,6.5,6.55,11,5,0,2,14,5423,3367,2056,536,1202,4221,6.47120478148626,6.78516826551826,5.95704376459144,5.90279850746268,6.45021713810316,6.47718136223644,231
"232",2020,10,6.3,29,6.4,6.19285714285714,5.5,6.625,6.248,15,14,2,4,25,5452,3382,2070,538,1206,4246,6.47029411775495,6.78345994973388,5.95863863768116,5.90130111524163,6.45079684908789,6.47583196655676,232
"233",2020,11,6.484,25,7,5.15714285714286,NA,7,6.4625,18,7,0,1,24,5477,3400,2077,538,1207,4270,6.47035667883878,6.78460633823529,5.95593740009629,5.90130111524163,6.45125186412593,6.47575703278688,233
"234",2020,12,6.3695652173913,23,6.57692307692308,6.1,5,5,6.5,13,10,2,2,21,5500,3413,2087,540,1209,4291,6.46993518727273,6.78381527981248,5.95662768567321,5.89796296296296,6.44885111662531,6.47587567699837,234
"235",2021,1,5.85714285714286,28,6.3125,5.25,5,4.2,6.21739130434783,16,12,5,5,23,5528,3429,2099,545,1214,4314,6.46683131874095,6.78161608340624,5.95258788947118,5.8897247706422,6.43958896210873,6.47449757301808,235
"236",2021,2,6.4,17,6.83,5.78571428571429,4,NA,6.4,10,7,1,0,17,5545,3439,2106,546,1214,4331,6.46662642560866,6.78175677522535,5.95203322886989,5.88626373626373,6.43958896210873,6.47420515585315,236
"237",2021,3,6.25,28,6.53333333333333,5.92307692307692,5.33333333333333,6.8,6.1304347826087,15,13,3,5,23,5573,3454,2119,549,1219,4354,6.46553804593576,6.78067792414591,5.95185558282208,5.88324225865209,6.44106726825267,6.47238918925126,237
"238",2021,4,6.21875,24,6.36764705882353,5.85714285714286,5,5,6.27173913043478,17,7,1,1,23,5597,3471,2126,550,1220,4377,6.46447981597284,6.77865501296456,5.95154373471308,5.88163636363636,6.43988606557377,6.47133482522275,238
"239",2021,5,6.45454545454545,11,6.5,6,NA,6.5,6.44444444444444,10,1,0,2,9,5608,3481,2127,550,1222,4386,6.46446032988588,6.77785451019822,5.95156651622003,5.88163636363636,6.43998445171849,6.47127964660283,239
"240",2021,6,6.36,15,6.94545454545455,4.75,5,6.325,6.37272727272727,11,4,2,4,11,5623,3492,2131,552,1226,4397,6.46418166992709,6.77838245990836,5.94931111215392,5.87844202898551,6.43960929853181,6.47103309756652,240
"241",2021,7,7.13421052631579,19,7.38461538461539,6.59166666666667,NA,7.275,7.11764705882353,13,6,0,2,17,5642,3505,2137,552,1228,4414,6.46643805919887,6.78063097004279,5.95111463734207,5.87844202898551,6.44096986970684,6.47352345491618,241
"242",2021,8,6.41458333333333,24,6.996875,5.25,5,6.39166666666667,6.42222222222222,16,8,2,6,18,5666,3521,2145,554,1234,4432,6.46621841334275,6.78161361829026,5.94849975757576,5.87527075812274,6.4407301458671,6.47331510153429,242
"243",2021,9,6.74545454545455,22,6.93888888888889,5.875,NA,7,6.73333333333333,18,4,0,1,21,5688,3539,2149,554,1235,4453,6.46729844057665,6.78241354902515,5.9483629502094,5.87527075812274,6.44118299595142,6.47454132719515,243
"244",2021,10,6.28125,16,6.29166666666667,6.25,6.5,7,6.23333333333333,12,4,2,1,15,5704,3551,2153,556,1236,4468,6.46677656556802,6.78075515347789,5.94892335346029,5.87751798561151,6.44163511326861,6.47373154207699,244
"245",2021,11,6.72,15,6.93,6.3,NA,7,6.7,10,5,0,1,14,5719,3561,2158,556,1237,4482,6.46744072914845,6.78117426284751,5.94973678405931,5.87751798561151,6.4420864995958,6.47443831548416,245
"246",2021,12,6.49128192307692,26,6.58666647058824,6.31111111111111,5.65,6.03333333333333,6.55101434782609,17,9,2,3,23,5745,3578,2167,558,1240,4505,6.46754862663185,6.78025010620458,5.95123764651592,5.87670250896057,6.44109758064516,6.47482926970033,246
"247",2022,1,6.43620689655172,29,6.73947368421053,5.86,5.5,7,6.39444444444444,19,10,2,2,27,5774,3597,2177,560,1242,4532,6.46739121233114,6.7800347178204,5.95081854846118,5.87535714285714,6.44199758454106,6.4743503662842,247
"248",2022,2,6.5625,24,6.70666666666667,6.32222222222222,5,6,6.61363636363636,15,9,1,2,22,5798,3612,2186,561,1244,4554,6.46778490169024,6.77973003322259,5.95234765782251,5.87379679144385,6.44128697749196,6.47502324549846,248
"249",2022,3,6.20151212121212,33,6.48571428571429,5.70415833333333,6.5,6.55,6.16666333333333,21,12,2,3,30,5831,3633,2198,563,1247,4584,6.46627795575373,6.77803052023121,5.95099266606005,5.87602131438721,6.44154851643945,6.47300518324607,249
"250",2022,4,5.91666666666667,18,5.95833333333333,5.83333333333333,5,6,5.88461538461539,12,6,1,5,13,5849,3645,2204,564,1252,4597,6.46458655496666,6.77533192866941,5.95067235934664,5.87446808510638,6.43978514376997,6.47134125734174,250
"251",2022,5,7.04166666666667,12,7.27777777777778,6.33333333333333,5,6.83333333333333,7.11111111111111,9,3,1,3,9,5861,3654,2207,565,1255,4606,6.46576808735711,6.77656948002189,5.95119251472587,5.8729203539823,6.44072589641434,6.4725913504125,251
"252",2022,6,6.5604347826087,23,6.675,6.43545454545455,5,8.09,6.49090909090909,12,11,1,1,22,5884,3666,2218,566,1256,4628,6.46613813052345,6.77623701036552,5.95359417493237,5.87137809187279,6.44203901273885,6.47267842696629,252
"253",2022,7,7.01875,16,7.12,6.85,NA,7.5,6.98666666666667,10,6,0,1,15,5900,3676,2224,566,1257,4643,6.46763673898305,6.77717216539717,5.95601253597122,5.87137809187279,6.44288066825776,6.47433895326298,253
"254",2022,8,7.3,26,7.24,7.38181818181818,7.1,8.33333333333333,7.16521739130435,15,11,1,3,23,5926,3691,2235,567,1260,4666,6.47128868714141,6.77905306962882,5.96302992393736,5.87354497354497,6.44738174603175,6.47774448349764,254
