"","year","month","avg_rating","no_ratings","avg_rating_owned","avg_rating_not_owned","avg_rating_prev_owned","avg_rating_comment","avg_rating_no_comment","no_ratings_owned","no_ratings_not_owned","no_ratings_prev_owned","no_ratings_comment","no_ratings_no_comment","cum_no_ratings","cum_no_ratings_owned","cum_no_ratings_not_owned","cum_no_ratings_prev_owned","cum_no_ratings_comment","cum_no_ratings_no_comment","cum_avg_rating","cum_avg_rating_owned","cum_avg_rating_not_owned","cum_avg_rating_prev_owned","cum_avg_rating_comment","cum_avg_rating_no_comment","month_after_release"
"1",2002,12,7,1,7,NA,NA,7,NA,1,0,0,1,0,1,1,0,0,1,0,7,7,NA,NA,7,NA,0
"2",2003,2,5,1,5,NA,NA,5,NA,1,0,0,1,0,2,2,0,0,2,0,6,6,NA,NA,6,NA,2
"3",2003,4,2.33333333333333,3,3,1,NA,2.5,2,2,1,0,2,1,5,4,1,0,4,1,3.8,4.5,1,NA,4.25,2,4
"4",2003,5,5.75,4,6.5,5,NA,6.66666666666667,3,2,2,0,3,1,9,6,3,0,7,2,4.66666666666667,5.16666666666667,3.66666666666667,NA,5.28571428571429,2.5,5
"5",2003,6,3.5,2,5,2,NA,5,2,1,1,0,1,1,11,7,4,0,8,3,4.45454545454545,5.14285714285714,3.25,NA,5.25,2.33333333333333,6
"6",2003,7,2.58695652173913,23,2.8,2.52777777777778,1.66666666666667,3.2,2.11538461538462,5,18,3,10,13,34,12,22,3,18,16,3.19117647058824,4.16666666666667,2.65909090909091,1.66666666666667,4.11111111111111,2.15625,7
"7",2003,8,2.64285714285714,7,3.375,1.66666666666667,NA,2.25,2.8,4,3,0,2,5,41,16,25,3,20,21,3.09756097560976,3.96875,2.54,1.66666666666667,3.925,2.30952380952381,8
"8",2003,9,2.25,4,NA,2.25,1,2.66666666666667,1,0,4,1,3,1,45,16,29,4,23,22,3.02222222222222,3.96875,2.5,1.5,3.76086956521739,2.25,9
"9",2003,10,4.5,4,5.5,3.5,NA,3,6,2,2,0,2,2,49,18,31,4,25,24,3.14285714285714,4.13888888888889,2.56451612903226,1.5,3.7,2.5625,10
"10",2003,11,3,1,NA,3,NA,3,NA,0,1,0,1,0,50,18,32,4,26,24,3.14,4.13888888888889,2.578125,1.5,3.67307692307692,2.5625,11
"11",2003,12,3.6,5,NA,3.6,NA,4.5,3,0,5,0,2,3,55,18,37,4,28,27,3.18181818181818,4.13888888888889,2.71621621621622,1.5,3.73214285714286,2.61111111111111,12
"12",2004,1,2.75,6,1,3.1,NA,2.5,2.875,1,5,0,2,4,61,19,42,4,30,31,3.13934426229508,3.97368421052632,2.76190476190476,1.5,3.65,2.64516129032258,13
"13",2004,2,3.625,8,3.8,3.33333333333333,NA,4.6,2,5,3,0,5,3,69,24,45,4,35,34,3.19565217391304,3.9375,2.8,1.5,3.78571428571429,2.58823529411765,14
"14",2004,3,4,1,NA,4,NA,NA,4,0,1,0,0,1,70,24,46,4,35,35,3.20714285714286,3.9375,2.82608695652174,1.5,3.78571428571429,2.62857142857143,15
"15",2004,4,2.2,5,NA,2.2,1,2.5,1,0,5,1,4,1,75,24,51,5,39,36,3.14,3.9375,2.76470588235294,1.4,3.65384615384615,2.58333333333333,16
"16",2004,5,3.875,8,5,2.75,NA,4.16666666666667,3,4,4,0,6,2,83,28,55,5,45,38,3.21084337349398,4.08928571428571,2.76363636363636,1.4,3.72222222222222,2.60526315789474,17
"17",2004,6,3.2,5,NA,3.2,4,3.33333333333333,3,0,5,1,3,2,88,28,60,6,48,40,3.21022727272727,4.08928571428571,2.8,1.83333333333333,3.69791666666667,2.625,18
"18",2004,7,2.4,5,3,1.5,NA,1.66666666666667,3.5,3,2,0,3,2,93,31,62,6,51,42,3.16666666666667,3.98387096774194,2.75806451612903,1.83333333333333,3.57843137254902,2.66666666666667,19
"19",2004,8,4.16666666666667,6,5.5,1.5,NA,6,2.33333333333333,4,2,0,3,3,99,35,64,6,54,45,3.22727272727273,4.15714285714286,2.71875,1.83333333333333,3.71296296296296,2.64444444444444,20
"20",2004,9,4,7,6.5,3,4,3.6,5,2,5,1,5,2,106,37,69,7,59,47,3.27830188679245,4.28378378378378,2.73913043478261,2.14285714285714,3.70338983050847,2.74468085106383,21
"21",2004,10,3,3,4,2.5,2.5,3,NA,1,2,2,3,0,109,38,71,9,62,47,3.27064220183486,4.27631578947368,2.73239436619718,2.22222222222222,3.66935483870968,2.74468085106383,22
"22",2004,11,3.55555555555556,9,3.6,3.5,6,3,5.5,5,4,1,7,2,118,43,75,10,69,49,3.29237288135593,4.19767441860465,2.77333333333333,2.6,3.60144927536232,2.85714285714286,23
"23",2004,12,4.1,5,4.5,4,4,4.875,1,1,4,1,4,1,123,44,79,11,73,50,3.32520325203252,4.20454545454546,2.83544303797468,2.72727272727273,3.67123287671233,2.82,24
"24",2005,1,2.8625,20,3.28571428571429,2.63461538461538,5,3.23076923076923,2.17857142857143,7,13,1,13,7,143,51,92,12,86,57,3.26048951048951,4.07843137254902,2.8070652173913,2.91666666666667,3.6046511627907,2.74122807017544,25
"25",2005,2,3.407,10,4.345,2,NA,3.29571428571429,3.66666666666667,6,4,0,7,3,153,57,96,12,93,60,3.27006535947712,4.10649122807018,2.7734375,2.91666666666667,3.58139784946237,2.7875,26
"26",2005,3,2.83333333333333,6,2.33333333333333,3.33333333333333,NA,2.8,3,3,3,0,5,1,159,60,99,12,98,61,3.25358490566038,4.01783333333333,2.79040404040404,2.91666666666667,3.5415306122449,2.79098360655738,27
"27",2005,4,1.51666666666667,6,1,1.62,3,1.62,1,1,5,1,5,1,165,61,104,13,103,62,3.19042424242424,3.96836065573771,2.73413461538462,2.92307692307692,3.44825242718447,2.76209677419355,28
"28",2005,5,1.9375,8,2.3,1.33333333333333,NA,2.08333333333333,1.5,5,3,0,6,2,173,66,107,13,109,64,3.13248554913295,3.8419696969697,2.69485981308411,2.92307692307692,3.37311926605505,2.72265625,29
"29",2005,6,3.2,5,3.5,2,NA,3.5,2,4,1,0,4,1,178,70,108,13,113,65,3.13438202247191,3.82242857142857,2.68842592592593,2.92307692307692,3.37761061946903,2.71153846153846,30
"30",2005,7,3.38888888888889,9,4.66666666666667,2.75,NA,3.875,3,3,6,0,4,5,187,73,114,13,117,70,3.14663101604278,3.85712328767123,2.69166666666667,2.92307692307692,3.39461538461538,2.73214285714286,31
"31",2005,8,2.4,10,5,1.75,1,2.5,2,2,8,1,8,2,197,75,122,14,125,72,3.108730964467,3.8876,2.62991803278689,2.78571428571429,3.33736,2.71180555555556,32
"32",2005,9,4.47222222222222,9,6.5625,2.8,NA,4.8,4.0625,4,5,0,5,4,206,79,127,14,130,76,3.16830097087379,4.02303797468354,2.63661417322835,2.78571428571429,3.39361538461538,2.78289473684211,33
"33",2005,10,3.16666666666667,12,4,2.57142857142857,2,3.4,2,5,7,2,10,2,218,84,134,16,140,78,3.16821100917431,4.02166666666667,2.63320895522388,2.6875,3.39407142857143,2.76282051282051,34
"34",2005,11,3,10,2.6,3.4,3,3.4,2.6,5,5,1,5,5,228,89,139,17,145,83,3.16083333333333,3.94179775280899,2.66079136690648,2.70588235294118,3.39427586206897,2.75301204819277,35
"35",2005,12,3.29166666666667,12,3.6,1.75,NA,3.75,3.0625,10,2,0,4,8,240,99,141,17,149,91,3.167375,3.90727272727273,2.64787234042553,2.70588235294118,3.4038255033557,2.78021978021978,36
"36",2006,1,3.27777777777778,18,3.4,3.125,4,3.75,2.9,10,8,1,8,10,258,109,149,18,157,101,3.17507751937984,3.86073394495413,2.67348993288591,2.77777777777778,3.42146496815287,2.79207920792079,37
"37",2006,2,3.59090909090909,11,3.35714285714286,4,NA,3.8,3.41666666666667,7,4,0,5,6,269,116,153,18,162,107,3.19208178438662,3.83034482758621,2.70816993464052,2.77777777777778,3.43314814814815,2.82710280373832,38
"38",2006,3,3,12,3.33333333333333,2.66666666666667,NA,2.42857142857143,3.8,6,6,0,7,5,281,122,159,18,169,112,3.18387900355872,3.80590163934426,2.70660377358491,2.77777777777778,3.39153846153846,2.87053571428571,39
"39",2006,4,3.0625,8,3.6,2.16666666666667,NA,3.125,3,5,3,0,4,4,289,127,162,18,173,116,3.18051903114187,3.79779527559055,2.69660493827161,2.77777777777778,3.38537572254335,2.875,40
"40",2006,5,2.55555555555556,9,2.66666666666667,2.5,3,2.71428571428571,2,3,6,1,7,2,298,130,168,19,180,118,3.16164429530201,3.77169230769231,2.68958333333333,2.78947368421053,3.35927777777778,2.86016949152542,41
"41",2006,6,4.33333333333333,6,4.8,2,NA,4.8,2,5,1,0,5,1,304,135,169,19,185,119,3.18476973684211,3.80977777777778,2.68550295857988,2.78947368421053,3.39821621621622,2.85294117647059,42
"42",2006,7,3.66666666666667,12,4.14285714285714,3,NA,3.5,3.75,7,5,0,4,8,316,142,174,19,189,127,3.20306962025316,3.82619718309859,2.69454022988506,2.78947368421053,3.40037037037037,2.90944881889764,43
"43",2006,8,2.19230769230769,13,2.75,1.71428571428571,NA,2.40909090909091,1,6,7,0,11,2,329,148,181,19,200,129,3.16313069908815,3.78256756756757,2.65662983425414,2.78947368421053,3.34585,2.87984496124031,44
"44",2006,9,3.8125,8,4.1,3.33333333333333,NA,4.5,3.125,5,3,0,4,4,337,153,184,19,204,133,3.17854599406528,3.79294117647059,2.66766304347826,2.78947368421053,3.36848039215686,2.88721804511278,45
"45",2006,10,2.35,10,2.9,1.8,NA,5,1.6875,5,5,0,2,8,347,158,189,19,206,141,3.15466858789625,3.7646835443038,2.64470899470899,2.78947368421053,3.38432038834951,2.81914893617021,46
"46",2006,11,2.45454545454545,11,3.16666666666667,1.6,NA,2.6,2.33333333333333,6,5,0,5,6,358,164,194,19,211,147,3.13315642458101,3.74280487804878,2.61778350515464,2.78947368421053,3.3657345971564,2.79931972789116,47
"47",2006,12,3.45454545454545,22,4.27272727272727,2.63636363636364,2.5,4,3.25,11,11,2,6,16,380,175,205,21,217,163,3.15176315789474,3.77611428571429,2.61878048780488,2.76190476190476,3.38327188940092,2.84355828220859,48
"48",2007,1,3.32692307692308,26,3.67857142857143,2.91666666666667,2,3.22727272727273,3.4,14,12,1,11,15,406,189,217,22,228,178,3.1629802955665,3.76888888888889,2.6352534562212,2.72727272727273,3.37574561403509,2.89044943820225,49
"49",2007,2,4.33333333333333,15,4.875,3.71428571428571,3.66666666666667,5.83333333333333,3.33333333333333,8,7,3,6,9,421,197,224,25,234,187,3.20467933491686,3.81380710659898,2.66897321428571,2.84,3.43876068376068,2.91176470588235,50
"50",2007,3,3.13333333333333,15,3.71428571428571,2.625,2,3.57142857142857,2.75,7,8,1,7,8,436,204,232,26,241,195,3.2022247706422,3.81039215686275,2.66745689655172,2.80769230769231,3.44261410788382,2.90512820512821,51
"51",2007,4,2.9,15,3.375,1,1,3.04166666666667,2.33333333333333,12,3,1,12,3,451,216,235,27,253,198,3.19217294900222,3.7862037037037,2.64617021276596,2.74074074074074,3.42359683794466,2.89646464646465,52
"52",2007,5,2.75384615384615,13,2.83333333333333,2.68571428571429,3.33333333333333,2.6,2.85,6,7,3,5,8,464,222,242,30,258,206,3.17989224137931,3.76045045045045,2.64731404958678,2.8,3.40763565891473,2.89466019417476,53
"53",2007,6,3.42857142857143,7,4,3,NA,3.16666666666667,5,3,4,0,6,1,471,225,246,30,264,207,3.1835881104034,3.76364444444444,2.6530487804878,2.8,3.40215909090909,2.9048309178744,54
"54",2007,7,3.96153846153846,13,3.3,4.375,4,2.91666666666667,4.85714285714286,5,8,2,6,7,484,230,254,32,270,214,3.20448347107438,3.7535652173913,2.70728346456693,2.875,3.39137037037037,2.96869158878505,55
"55",2007,8,4.94444444444444,9,5.21428571428571,4,6,5.75,4.3,7,2,1,4,5,493,237,256,33,274,219,3.23624746450304,3.79670886075949,2.7173828125,2.96969696969697,3.42580291970803,2.99908675799087,56
"56",2007,9,1.72222222222222,9,2.375,1.2,2,1.75,1.7,4,5,1,4,5,502,241,261,34,278,224,3.20910358565737,3.77311203319502,2.68831417624521,2.94117647058824,3.40169064748201,2.97008928571429,57
"57",2007,10,2.75,14,2.71428571428571,2.78571428571429,2.5,2.25,2.95,7,7,3,4,10,516,248,268,37,282,234,3.19664728682171,3.74322580645161,2.69085820895522,2.90540540540541,3.38535460992908,2.96923076923077,58
"58",2007,11,3.355,20,3.44444444444444,3.28181818181818,5,3.25,3.5125,9,11,3,12,8,536,257,279,40,294,242,3.20255597014925,3.7327626459144,2.71415770609319,3.0625,3.37982993197279,2.98719008264463,59
"59",2007,12,2.60869565217391,23,2.9375,2.43333333333333,3.75,2.5,2.70833333333333,8,15,4,11,12,559,265,294,44,305,254,3.17812164579606,3.70875471698113,2.69982993197279,3.125,3.34809836065574,2.9740157480315,60
"60",2008,1,3.51923076923077,26,3.57142857142857,3.45833333333333,9,4,3.30555555555556,14,12,1,8,18,585,279,306,45,313,272,3.19328205128205,3.70186379928315,2.72957516339869,3.25555555555556,3.36476038338658,2.99595588235294,61
"61",2008,2,3.63333333333333,15,4.66666666666667,2.94444444444444,3,3.25,4.4,6,9,2,10,5,600,285,315,47,323,277,3.20428333333333,3.72217543859649,2.73571428571429,3.24468085106383,3.36120743034056,3.02129963898917,62
"62",2008,3,2.85714285714286,21,3.83333333333333,2.46666666666667,3.5,2.63636363636364,3.1,6,15,2,11,10,621,291,330,49,334,287,3.19254428341385,3.72446735395189,2.72348484848485,3.25510204081633,3.33733532934132,3.02404181184669,63
"63",2008,4,3.08333333333333,12,3.78571428571429,2.1,2,3,3.25,7,5,2,8,4,633,298,335,51,342,291,3.19047393364929,3.72590604026846,2.71417910447761,3.20588235294118,3.32944444444444,3.02714776632302,64
"64",2008,5,3,10,4,2.88888888888889,3.33333333333333,2.88888888888889,4,1,9,3,9,1,643,299,344,54,351,292,3.18751166407465,3.72682274247492,2.71875,3.21296296296296,3.31814814814815,3.03047945205479,65
"65",2008,6,3.70833333333333,12,4.5,3.55,2.5,4.33333333333333,3.5,2,10,3,3,9,655,301,354,57,354,301,3.1970534351145,3.73196013289037,2.74223163841808,3.17543859649123,3.32675141242938,3.04451827242525,66
"66",2008,7,2.95238095238095,21,3.5,2.61538461538462,2,3.0625,2.88461538461538,8,13,5,8,13,676,309,367,62,362,314,3.18945266272189,3.72595469255663,2.73773841961853,3.08064516129032,3.32091160220994,3.03789808917197,67
"67",2008,8,3.55555555555556,9,4,3.33333333333333,3.33333333333333,4,3.33333333333333,3,6,3,3,6,685,312,373,65,365,320,3.19426277372263,3.72858974358974,2.74731903485255,3.09230769230769,3.32649315068493,3.0434375,68
"68",2008,9,3.13157894736842,19,3.83333333333333,2.5,2.66666666666667,3.25,3.04545454545455,9,10,6,8,11,704,321,383,71,373,331,3.19257102272727,3.73152647975078,2.74086161879896,3.05633802816901,3.32485254691689,3.04350453172205,69
"69",2008,10,3.15,10,2.66666666666667,3.35714285714286,2,2.66666666666667,3.875,3,7,2,6,4,714,324,390,73,379,335,3.19197478991597,3.72166666666667,2.75192307692308,3.02739726027397,3.3144327176781,3.0534328358209,70
"70",2008,11,3.15384615384615,13,4,2.42857142857143,2.5,2.6,3.5,6,7,2,5,8,727,330,397,75,384,343,3.19129298486933,3.72672727272727,2.74622166246851,3.01333333333333,3.30513020833333,3.06384839650146,71
"71",2008,12,3.20588235294118,17,4.33333333333333,2.59090909090909,2.92857142857143,3.11111111111111,3.3125,6,11,7,9,8,744,336,408,82,393,351,3.19162634408602,3.73755952380952,2.74203431372549,3.00609756097561,3.30068702290076,3.06951566951567,72
"72",2009,1,2.92857142857143,28,3.875,2.55,2.63636363636364,2.84615384615385,3,8,20,11,13,15,772,344,428,93,406,366,3.18208549222798,3.74075581395349,2.73306074766355,2.96236559139785,3.28613300492611,3.06666666666667,73
"73",2009,2,2.788,25,3.6875,2.36470588235294,2.8,3.625,2.39411764705882,8,17,10,8,17,797,352,445,103,414,383,3.16972396486826,3.73954545454546,2.71898876404494,2.94660194174757,3.29268115942029,3.03681462140992,74
"74",2009,3,3.28125,16,3.91666666666667,2.9,4,4.5,2.55,6,10,4,6,10,813,358,455,107,420,393,3.17191881918819,3.74251396648045,2.72296703296703,2.98598130841122,3.30992857142857,3.02442748091603,75
"75",2009,4,3.39473684210526,19,4,3.23333333333333,3.91666666666667,4.25,3,4,15,6,6,13,832,362,470,113,426,406,3.17700721153846,3.7453591160221,2.73925531914894,3.0353982300885,3.32316901408451,3.02364532019704,76
"76",2009,5,2.83333333333333,15,NA,2.83333333333333,2.78571428571429,2.5,3.125,0,15,7,7,8,847,362,485,120,433,414,3.17092089728453,3.7453591160221,2.74216494845361,3.02083333333333,3.30986143187067,3.0256038647343,77
"77",2009,6,2.6875,16,3.83333333333333,2,2,3.66666666666667,2.1,6,10,4,6,10,863,368,495,124,439,424,3.16195828505214,3.74679347826087,2.72717171717172,2.98790322580645,3.31473804100228,3.00377358490566,78
"78",2009,7,3.125,24,3.875,2.75,2.64285714285714,3.55,2.82142857142857,8,16,7,10,14,887,376,511,131,449,438,3.16095828635851,3.74952127659575,2.72788649706458,2.96946564885496,3.31997772828508,2.99794520547945,79
"79",2009,8,3.45,10,4.125,3,3.5,2.33333333333333,3.92857142857143,4,6,2,3,7,897,380,517,133,452,445,3.16418060200669,3.75347368421053,2.73104448742747,2.97744360902256,3.31342920353982,3.01258426966292,80
"80",2009,9,3.08333333333333,12,4,2.16666666666667,2.66666666666667,2.85714285714286,3.4,6,6,3,7,5,909,386,523,136,459,450,3.16311331133113,3.75730569948187,2.72456978967495,2.97058823529412,3.30647058823529,3.01688888888889,81
"81",2009,10,3.16304347826087,23,3.3,3.05769230769231,3.41666666666667,3.36111111111111,3.03571428571429,10,13,3,9,14,932,396,536,139,468,464,3.16311158798283,3.74575757575758,2.73264925373134,2.98021582733813,3.30752136752137,3.01745689655172,82
"82",2009,11,3.41176470588235,17,5,2.54545454545455,2.33333333333333,3.44444444444444,3.375,6,11,3,9,8,949,402,547,142,477,472,3.16756585879873,3.7644776119403,2.72888482632541,2.96654929577465,3.31010482180293,3.02351694915254,83
"83",2009,12,3.47272727272727,22,3.14285714285714,3.62666666666667,4.3,3.5,3.44545454545455,7,15,5,11,11,971,409,562,147,488,483,3.17447991761071,3.75383863080685,2.75284697508897,3.01190476190476,3.31438524590164,3.03312629399586,84
"84",2010,1,3.36458333333333,24,3.89583333333333,2.83333333333333,3,2.85714285714286,3.57352941176471,12,12,6,7,17,995,421,574,153,495,500,3.17906532663317,3.75788598574822,2.75452961672474,3.01143790849673,3.30791919191919,3.0515,85
"85",2010,2,3.0625,8,2.66666666666667,3.3,3.5,3,3.1,3,5,2,3,5,1003,424,579,155,498,505,3.17813559322034,3.75016509433962,2.75924006908463,3.01774193548387,3.30606425702811,3.0519801980198,86
"86",2010,3,3.10714285714286,14,3.61111111111111,2.2,1.5,4,2.75,9,5,2,4,10,1017,433,584,157,502,515,3.17715830875123,3.74727482678984,2.75445205479452,2.9984076433121,3.31159362549801,3.04611650485437,87
"87",2010,4,3.16666666666667,12,3.66666666666667,2.66666666666667,4,3.33333333333333,3.11111111111111,6,6,1,3,9,1029,439,590,158,505,524,3.17703595724004,3.74617312072893,2.7535593220339,3.00474683544304,3.31172277227723,3.04723282442748,88
"88",2010,5,2.84615384615385,13,4.66666666666667,2.3,2.75,2.83333333333333,2.85714285714286,3,10,4,6,7,1042,442,600,162,511,531,3.17290786948177,3.75242081447964,2.746,2.99845679012346,3.30610567514677,3.04472693032015,89
"89",2010,6,3.03846153846154,13,4.875,2.22222222222222,2.75,3,3.05,4,9,4,3,10,1055,446,609,166,514,541,3.17125118483412,3.76248878923767,2.73825944170772,2.99246987951807,3.30431906614786,3.04482439926063,90
"90",2010,7,3.5,8,3.6,3.33333333333333,4.5,NA,3.5,5,3,2,0,8,1063,451,612,168,514,549,3.17372530573848,3.76068736141907,2.74117647058824,3.01041666666667,3.30431906614786,3.05145719489982,91
"91",2010,8,4.02727272727273,11,5.76666666666667,3.375,3,4.96,3.25,3,8,1,5,6,1074,454,620,169,519,555,3.18246741154562,3.77394273127753,2.74935483870968,3.0103550295858,3.3202697495183,3.0536036036036,92
"92",2010,9,2.58333333333333,6,1,2.9,3.25,2.5,2.66666666666667,1,5,2,3,3,1080,455,625,171,522,558,3.17913888888889,3.76784615384615,2.75056,3.01315789473684,3.31555555555556,3.05152329749104,93
"93",2010,10,2.79166666666667,12,2.75,2.83333333333333,3.33333333333333,2.875,2.625,6,6,3,8,4,1092,461,631,174,530,562,3.17488095238095,3.75459869848156,2.7513470681458,3.01867816091954,3.30890566037736,3.04848754448399,94
"94",2010,11,2.65384615384615,13,3.625,2.22222222222222,3.5,3,2.625,4,9,2,1,12,1105,465,640,176,531,574,3.16875113122172,3.75348387096774,2.74390625,3.02414772727273,3.30832391713748,3.03963414634146,95
"95",2010,12,2.35,20,3.1,1.6,1.83333333333333,2.125,2.5,10,10,3,8,12,1125,475,650,179,539,586,3.15419555555556,3.73972631578947,2.72630769230769,3.00418994413408,3.29076066790353,3.02858361774744,96
"96",2011,1,3.62,25,4.09090909090909,3.25,3.6,3.40909090909091,3.78571428571429,11,14,5,11,14,1150,486,664,184,550,600,3.16432173913043,3.74767489711934,2.73734939759036,3.02038043478261,3.29312727272727,3.04625,97
"97",2011,2,3.12380952380952,21,3.5,2.93571428571429,3.75,3.625,2.81538461538462,7,14,4,8,13,1171,493,678,188,558,613,3.1635952177626,3.74415821501014,2.74144542772861,3.03590425531915,3.2978853046595,3.04135399673736,98
"98",2011,3,2.88888888888889,18,3.42857142857143,2.54545454545455,3.5,3.42857142857143,2.54545454545455,7,11,2,7,11,1189,500,689,190,565,624,3.15943650126156,3.73974,2.73831640058055,3.04078947368421,3.29950442477876,3.03261217948718,99
"99",2011,4,3.125,8,4,2.6,3,2,3.8,3,5,1,3,5,1197,503,694,191,568,629,3.15920634920635,3.74129224652087,2.73731988472623,3.04057591623037,3.29264084507042,3.03871224165342,100
"100",2011,5,3.52941176470588,17,3.75,3.33333333333333,3.8,3.5,3.55555555555556,8,9,5,8,9,1214,511,703,196,576,638,3.16439044481054,3.74142857142857,2.74495021337127,3.05994897959184,3.29552083333333,3.04600313479624,101
"101",2011,6,3,12,3,3,3.2,3.33333333333333,2.88888888888889,4,8,5,3,9,1226,515,711,201,579,647,3.16278140293638,3.73566990291262,2.7478199718706,3.0634328358209,3.29571675302245,3.04381761978362,102
"102",2011,7,4.03571428571429,14,4.1875,3.83333333333333,3.5,4.25,3.875,8,6,2,6,8,1240,523,717,203,585,655,3.17263709677419,3.74258126195029,2.75690376569038,3.06773399014778,3.30550427350427,3.05396946564886,103
"103",2011,8,3,10,3.5,2.66666666666667,2.6,3.5,2.25,4,6,5,6,4,1250,527,723,208,591,659,3.171256,3.74074003795066,2.75615491009682,3.05649038461538,3.30747884940778,3.04908952959029,104
"104",2011,9,3.22222222222222,9,4,2.6,5,4,3,4,5,1,2,7,1259,531,728,209,593,666,3.17162033359809,3.74269303201507,2.75508241758242,3.06578947368421,3.30981450252951,3.04857357357357,105
"105",2011,10,2.91666666666667,12,3.83333333333333,2,3,3.33333333333333,1.66666666666667,6,6,1,9,3,1271,537,734,210,602,669,3.16921321793863,3.74370577281192,2.74891008174387,3.06547619047619,3.31016611295681,3.04237668161435,106
"106",2011,11,3.05,20,3.6,2.5,4,4.2,2.66666666666667,10,10,3,5,15,1291,547,744,213,607,684,3.16736638264911,3.74107861060329,2.74556451612903,3.07863849765258,3.31749588138386,3.03413742690059,107
"107",2011,12,3,17,3.06666666666667,2.5,3,2.66666666666667,3.18181818181818,15,2,1,6,11,1308,562,746,214,613,695,3.16519113149847,3.72307829181495,2.74490616621984,3.07827102803738,3.31112561174552,3.03647482014389,108
"108",2012,1,3.36142857142857,21,4.334,2.47727272727273,2.8,3.934,2.84090909090909,10,11,5,10,11,1329,572,757,219,623,706,3.16829194883371,3.73375874125874,2.74101717305152,3.07191780821918,3.32112359550562,3.03342776203966,109
"109",2012,2,2.83333333333333,9,3.1,2.5,1.5,3.5,2.64285714285714,5,4,2,2,7,1338,577,761,221,625,713,3.16603886397608,3.72826689774697,2.73975032851511,3.05769230769231,3.321696,3.02959326788219,110
"110",2012,3,2.69375,16,3.21428571428571,2.28888888888889,3,2.275,2.83333333333333,7,9,1,4,12,1354,584,770,222,629,725,3.16045790251108,3.72210616438356,2.73448051948052,3.05743243243243,3.31503974562798,3.02634482758621,111
"111",2012,4,2.57857142857143,14,2.83333333333333,2.3875,2.4,3.03333333333333,2.45454545454545,6,8,5,3,11,1368,590,778,227,632,736,3.15450292397661,3.71306779661017,2.73091259640103,3.04295154185022,3.31370253164557,3.01779891304348,112
"112",2012,5,2.65679058823529,17,3.10594909090909,1.83333333333333,3,2.86090666666667,2.54545454545455,11,6,2,6,11,1385,601,784,229,638,747,3.14839381949459,3.70195580698835,2.72404336734694,3.04257641921397,3.30944426332289,3.01084337349398,113
"113",2012,6,3.625,16,3.76923076923077,3,NA,3.6,3.63636363636364,13,3,0,5,11,1401,614,787,229,643,758,3.15383685938615,3.70338019543974,2.72509529860229,3.04257641921397,3.31170363919129,3.01992084432718,114
"114",2012,7,4.408,15,4.4,4.424,NA,4.5,4.39384615384615,10,5,0,2,13,1416,624,792,229,645,771,3.16712248587571,3.71454397435897,2.73582070707071,3.04257641921397,3.31538827906977,3.0430869001297,115
"115",2012,8,4,10,5,3.33333333333333,3.33333333333333,4,4,4,6,3,5,5,1426,628,798,232,650,776,3.17296314165498,3.72273159235669,2.74031328320802,3.04633620689655,3.32065452307692,3.04925257731959,116
"116",2012,9,2.91176470588235,17,4,2.31818181818182,2.5,2.08333333333333,3.36363636363636,6,11,3,6,11,1443,634,809,235,656,787,3.16988595980596,3.72535558359621,2.73457354758962,3.03936170212766,3.30933756097561,3.05364675984752,117
"117",2012,10,2.9,10,3.75,2.33333333333333,1.66666666666667,3,2.85714285714286,4,6,3,3,7,1453,638,815,238,659,794,3.16802852030282,3.72551009404389,2.73161963190184,3.02205882352941,3.30792934749621,3.05191435768262,118
"118",2012,11,3.625,16,3.8,3.33333333333333,2.5,4.33333333333333,3.2,10,6,2,6,10,1469,648,821,240,665,804,3.17300574540504,3.72665962962963,2.73601705237515,3.01770833333333,3.31718111278196,3.05375621890547,119
"119",2012,12,3.43181818181818,22,4.59090909090909,2.27272727272727,2.25,3.33333333333333,3.46875,11,11,4,6,16,1491,659,832,244,671,820,3.17682457411133,3.74108564491654,2.72989182692308,3.00512295081967,3.31732554396423,3.06185365853659,120
"120",2013,1,3.30555555555556,18,4.38888888888889,2.22222222222222,3,2.66666666666667,3.625,9,9,4,6,12,1509,668,841,248,677,832,3.17836013253811,3.74981353293413,2.72445897740785,3.00504032258065,3.31155899556869,3.06997596153846,121
"121",2013,2,2.68333333333333,24,3.25,2.27857142857143,3.15,2.25,2.9,10,14,6,8,16,1533,678,855,254,685,848,3.17061020221787,3.7424416519174,2.71715789473684,3.00846456692913,3.29916122627737,3.06676886792453,122
"122",2013,3,3.15384615384615,13,3.33333333333333,3.1,3.5,4,2.9,3,10,2,3,10,1546,681,865,256,688,858,3.17046923673997,3.74063941262849,2.7215838150289,3.0123046875,3.30221720930233,3.06482517482518,123
"123",2013,4,3.125,12,3.33333333333333,2.91666666666667,3,2.9375,3.5,6,6,4,8,4,1558,687,871,260,696,862,3.17011902439024,3.73708215429403,2.72292766934558,3.01211538461538,3.29802505747127,3.06684454756381,124
"124",2013,5,3.90909090909091,11,4.7,3.25,3.25,3.375,4.21428571428571,5,6,2,4,7,1569,692,877,262,700,869,3.17529983428936,3.74403965317919,2.72653363740023,3.01393129770992,3.29846491428572,3.07608745684695,125
"125",2013,6,3.51666666666667,6,3.36666666666667,3.66666666666667,4.5,5,3.22,3,3,2,1,5,1575,695,880,264,701,874,3.17660027936508,3.74241070503597,2.72973863636364,3.02518939393939,3.30089221112696,3.07691075514874,126
"126",2013,7,3.57142857142857,14,4.33333333333333,2.2,2,2.5,4,9,5,1,4,10,1589,704,885,265,705,884,3.18007894273128,3.74996511363636,2.72674576271186,3.02132075471698,3.29634814184397,3.08735294117647,127
"127",2013,8,2.5,16,3,1.85714285714286,2.5,2.5,2.5,9,7,2,4,12,1605,713,892,267,709,896,3.17329933956386,3.74049851332398,2.71992152466368,3.01741573033708,3.29185534555712,3.07948660714286,128
"128",2013,9,2.63333333333333,15,3.2,2.35,2.5,2.78571428571429,2.5,5,10,3,7,8,1620,718,902,270,716,904,3.16829965432099,3.73673459610028,2.71582039911308,3.01166666666667,3.28690703910615,3.07435840707965,129
"129",2013,10,3.40909090909091,11,4.08333333333333,2.6,3.25,2.875,3.71428571428571,6,5,4,4,7,1631,724,907,274,720,911,3.16992362967505,3.73960696132597,2.71518191841235,3.01514598540146,3.28461866666667,3.07927552140505,130
"130",2013,11,3.5375,24,4.7,2.70714285714286,3.625,4.875,3.27,10,14,4,4,20,1655,734,921,278,724,931,3.17525404229607,3.75269133514986,2.71505971769815,3.02392086330935,3.2934053038674,3.08337271750806,131
"131",2013,12,3.02272727272727,22,3.6,2.54166666666667,2.92857142857143,3.3,2.94117647058824,10,12,7,5,17,1677,744,933,285,729,948,3.17325309481216,3.75063903225806,2.71282958199357,3.02157894736842,3.29345053497943,3.08082278481013,132
"132",2014,1,3.10344827586207,29,3.10714285714286,3.1,3.25,3.31818181818182,2.97222222222222,14,15,6,11,18,1706,758,948,291,740,966,3.1720664947245,3.73875387862797,2.71895569620253,3.02628865979381,3.29381816216216,3.07879917184265,133
"133",2014,2,3.13333333333333,33,3.125,3.14117647058824,3.26363636363636,3.25,3.11724137931034,16,17,11,4,29,1739,774,965,302,744,995,3.17133147786084,3.72606645994832,2.72639378238342,3.03493377483444,3.29358258064516,3.07991959798995,134
"134",2014,3,3.31111111111111,18,3.35384615384615,3.2,NA,2.6,3.58461538461538,13,5,0,5,13,1757,787,970,302,749,1008,3.17276348321002,3.71991796696315,2.72883505154639,3.03493377483444,3.28895252336449,3.08642857142857,135
"135",2014,4,4.94444444444444,18,5.45454545454545,4.14285714285714,5,4.875,5,11,7,5,8,10,1775,798,977,307,757,1018,3.19072982535211,3.74382887218045,2.73896622313204,3.06693811074919,3.30571392338177,3.10522593320236,136
"136",2014,5,2.98055555555556,18,3.17857142857143,2.85454545454545,3.1,2.5,3.11785714285714,7,11,5,4,14,1793,805,988,312,761,1032,3.18861987730061,3.73891359006211,2.74025303643725,3.06746794871795,3.30147889618923,3.10539728682171,137
"137",2014,6,3.625,10,4.03571428571429,2.66666666666667,2.5,5.5,3.15625,7,3,2,2,8,1803,812,991,314,763,1040,3.19104017748197,3.74147221674877,2.74003027245207,3.06385350318471,3.30724173001311,3.10578846153846,138
"138",2014,7,2.44,29,3.06777777777778,2.1575,4.25,3.45,2.11863636363636,9,20,4,7,22,1832,821,1011,318,770,1062,3.17915144104803,3.73408701583435,2.72850642927794,3.07877358490566,3.30853953246753,3.08533898305085,139
"139",2014,8,3.45652173913043,23,3.71428571428571,3.05555555555556,3.3,5.33333333333333,3.175,14,9,5,3,20,1855,835,1020,323,773,1082,3.18259053369272,3.73375501796407,2.73139215686274,3.08219814241486,3.31639772315653,3.08699630314233,140
"140",2014,9,3.09090909090909,11,2.33333333333333,3.375,3.2,3.6,2.66666666666667,3,8,5,5,6,1866,838,1028,328,778,1088,3.1820500750268,3.728741575179,2.73640077821012,3.08399390243902,3.31822035989717,3.08467830882353,141
"141",2014,10,3.04166666666667,12,4,2.08333333333333,2.5,2.25,3.2,6,6,4,2,10,1878,844,1034,332,780,1098,3.18115305644302,3.73066995260664,2.73261121856866,3.0769578313253,3.31548133333333,3.08572859744991,142
"142",2014,11,3.0625,16,3.375,2.75,3.66666666666667,4.25,2.66666666666667,8,8,3,4,12,1894,852,1042,335,784,1110,3.18015070749736,3.7273303286385,2.73274472168906,3.08223880597015,3.32024928571429,3.0811981981982,143
"143",2014,12,2.67647058823529,17,2.77272727272727,2.5,3.33333333333333,2.71428571428571,2.65,11,6,3,7,10,1911,863,1048,338,791,1120,3.17567003663004,3.71516273464658,2.73141221374046,3.0844674556213,3.31488677623262,3.07734821428571,144
"144",2015,1,3.25862068965517,29,3.61764705882353,2.75,3,3.3125,3.23809523809524,17,12,5,8,21,1940,880,1060,343,799,1141,3.17691002061856,3.71327890909091,2.73162264150943,3.0832361516035,3.31486287859825,3.08030674846626,145
"145",2015,2,2.69166666666667,24,3.38181818181818,2.10769230769231,2.65,2.82,2.65789473684211,11,13,4,5,19,1964,891,1073,347,804,1160,3.17098036659878,3.7091868013468,2.72406337371855,3.07824207492795,3.31178537313433,3.07338793103448,146
"146",2015,3,2.81481481481481,27,3.36363636363636,2.4375,2.9,2.66666666666667,2.83333333333333,11,16,5,3,24,1991,902,1089,352,807,1184,3.16615039678554,3.70497277161863,2.71985307621671,3.07571022727273,3.30938716232962,3.06852195945946,147
"147",2015,4,3.02222222222222,27,3.25714285714286,2.76923076923077,2.75,2.86,3.11764705882353,14,13,4,10,17,2018,916,1102,356,817,1201,3.16422469772052,3.69812820960699,2.72043557168784,3.07205056179775,3.30388670746634,3.06921731890092,148
"148",2015,5,3.13684210526316,19,3.8875,2.59090909090909,3.2,3.33333333333333,3.1,8,11,5,3,16,2037,924,1113,361,820,1217,3.16396928816888,3.69976779220779,2.71915543575921,3.07382271468144,3.30399443902439,3.06962202136401,149
"149",2015,6,2.71122238095238,21,3.41812846153846,1.5625,2,3.2339175,2.58823529411765,13,8,2,4,17,2058,937,1121,363,824,1234,3.15934942176871,3.6958603094984,2.71090098126673,3.06790633608815,3.30365425970874,3.06299027552674,150
"150",2015,7,3.1,23,3.62857142857143,2.27777777777778,3.33333333333333,2.56,3.25,14,9,3,5,18,2081,951,1130,366,829,1252,3.15869346948582,3.69486972660357,2.70745132743363,3.07008196721311,3.29916901085645,3.06567891373802,151
"151",2015,8,2.6875,16,2.75,2.625,3.5,3,2.58333333333333,8,8,4,4,12,2097,959,1138,370,833,1264,3.15509828803052,3.6869876016684,2.70687170474517,3.07472972972973,3.29773242496999,3.0610996835443,152
"152",2015,9,3.46111111111111,18,3.81818181818182,2.9,2.75,2,3.54705882352941,11,7,2,1,17,2115,970,1145,372,834,1281,3.15770265248227,3.68847537113402,2.70805240174672,3.07298387096774,3.29617639088729,3.06754879000781,153
"153",2015,10,3.16666666666667,12,3.66666666666667,2.66666666666667,3,5,3,6,6,2,1,11,2127,976,1151,374,835,1292,3.15775322519981,3.68834130122951,2.70783666377063,3.0725935828877,3.29821689820359,3.06697368421053,154
"154",2015,11,3.10526315789474,38,3.92857142857143,2.08823529411765,3,3.6,2.92857142857143,21,17,6,10,28,2165,997,1168,380,845,1320,3.15683192147806,3.69340131394183,2.69881849315068,3.07144736842105,3.30178829585799,3.06403787878788,155
"155",2015,12,3.0625,24,3.15384615384615,2.95454545454545,2,4.6,2.65789473684211,13,11,4,5,19,2189,1010,1179,384,850,1339,3.15579767473732,3.68645654455446,2.70120441051739,3.06028645833333,3.30942483529412,3.05827483196415,156
"156",2016,1,3.15151515151515,33,3.36842105263158,2.85714285714286,3.1875,3.57142857142857,3.03846153846154,19,14,8,7,26,2222,1029,1193,392,857,1365,3.15573407290729,3.68058416909621,2.70303436714166,3.06288265306122,3.31156488914819,3.05789743589744,157
"157",2016,2,2.85714285714286,21,3.28571428571429,2.64285714285714,2.6,2.66666666666667,2.93333333333333,7,14,5,6,15,2243,1036,1207,397,863,1380,3.15293852429782,3.67791612934363,2.70233637116819,3.05705289672544,3.30708123986095,3.05654347826087,158
"158",2016,3,3.26923076923077,13,3.8125,2.4,2.66666666666667,3.08333333333333,3.42857142857143,8,5,3,6,7,2256,1044,1212,400,869,1387,3.15360864804965,3.67894742337165,2.70108910891089,3.054125,3.30553637514384,3.05842105263158,159
"159",2016,4,3.44347826086957,23,3.78571428571429,2.91111111111111,3.5,3.86666666666667,3.29411764705882,14,9,3,6,17,2279,1058,1221,403,875,1404,3.15653405440983,3.6803602173913,2.70263718263718,3.05744416873449,3.30938412571429,3.06127492877493,160
"160",2016,5,2.84210526315789,19,3.25,2.65384615384615,2.4,3,2.8,6,13,5,4,15,2298,1064,1234,408,879,1419,3.15393433855527,3.67793337406015,2.70212317666126,3.04938725490196,3.30797623435722,3.05851303735025,161
"161",2016,6,3.61071428571429,28,3.8,3.50555555555556,3.5,4.35,3.40909090909091,10,18,4,6,22,2326,1074,1252,412,885,1441,3.15943297936371,3.67906993482309,2.71367412140575,3.05376213592233,3.31504080225989,3.06386537126995,162
"162",2016,7,2.68571428571429,14,3.37142857142857,2,2,3,2.56,7,7,2,4,10,2340,1081,1259,414,889,1451,3.15659876495727,3.67707780758557,2.70970611596505,3.04867149758454,3.31362329583802,3.06039283252929,163
"163",2016,8,2.96,25,3.6,2.53333333333333,3.57142857142857,3.28571428571429,2.83333333333333,10,15,7,7,18,2365,1091,1274,421,896,1469,3.15452055391121,3.67637131989001,2.7076295133438,3.05736342042755,3.31340525669643,3.05761061946903,164
"164",2016,9,3.08333333333333,12,3.66666666666667,2.5,4,5,2.90909090909091,6,6,1,1,11,2377,1097,1280,422,897,1480,3.15416117374842,3.67631824065634,2.70665625,3.0595971563981,3.31528551839465,3.05650675675676,165
"165",2016,10,3.24285714285714,14,3.06666666666667,3.375,4.66666666666667,4.66666666666667,2.85454545454545,6,8,3,3,11,2391,1103,1288,425,900,1491,3.15468051442911,3.67300191296464,2.71080745341615,3.07094117647059,3.31979012222222,3.05501676727029,166
"166",2016,11,3.14285714285714,21,4,2.36363636363636,2,2.85714285714286,3.28571428571429,10,11,2,7,14,2412,1113,1299,427,907,1505,3.15457757462687,3.67593990116801,2.70786759045419,3.06592505854801,3.31621952590959,3.05716279069767,167
"167",2016,12,3.46470588235294,34,3.6,3.27142857142857,4.1625,4.14285714285714,3.28888888888889,20,14,8,7,27,2446,1133,1313,435,914,1532,3.15888843417825,3.67459939099735,2.71387661843107,3.08609195402299,3.32255044857768,3.06124673629243,168
"168",2017,1,2.8625,36,2.8125,2.9025,3.5,3.11538461538462,2.7195652173913,16,20,6,13,23,2482,1149,1333,441,927,1555,3.15458948831587,3.6625945256745,2.71670667666917,3.09172335600907,3.31964521035599,3.05619292604502,169
"169",2017,2,2.95652173913043,23,3.18181818181818,2.75,2,2.66666666666667,3.05882352941176,11,12,4,6,17,2505,1160,1345,445,933,1572,3.15277090219561,3.65803543965517,2.71700371747212,3.08191011235955,3.31544599142551,3.0562213740458,170
"170",2017,3,3.29166666666667,24,3.9,2.27777777777778,2.16666666666667,3,3.33333333333333,15,9,3,3,21,2529,1175,1354,448,936,1593,3.15408901146698,3.66112434893617,2.71408419497784,3.07578125,3.3144349465812,3.05987445072191,171
"171",2017,4,3.52631578947368,19,4.33333333333333,2.8,3.5,4.33333333333333,3.375,9,10,4,3,16,2548,1184,1364,452,939,1609,3.15686464285714,3.66623404560811,2.71471407624633,3.07953539823009,3.31769021299255,3.06300807955252,172
"172",2017,5,2.88095238095238,21,2.66666666666667,2.96666666666667,4.66666666666667,3,2.85294117647059,6,15,6,4,17,2569,1190,1379,458,943,1626,3.15460922927209,3.66119421008403,2.71745467730239,3.10032751091703,3.31634264050901,3.06081180811808,173
"173",2017,6,2.8695652173913,23,4,2.26666666666667,3,3,2.83333333333333,8,15,4,5,18,2592,1198,1394,462,948,1644,3.15207990354938,3.66345668614357,2.71260401721664,3.09945887445887,3.31467416666667,3.05832116788321,174
"174",2017,7,3.03846153846154,26,3.47058823529412,2.22222222222222,3,2.8,3.1875,17,9,3,10,16,2618,1215,1403,465,958,1660,3.15095153170359,3.66075811522634,2.70945830363507,3.09881720430107,3.30930178496869,3.05956626506024,175
"175",2017,8,3.54411764705882,34,4.33333333333333,2.26923076923077,2.4,4.6875,3.19230769230769,21,13,5,8,26,2652,1236,1416,470,966,1686,3.15599212292609,3.67218536407767,2.70541666666667,3.0913829787234,3.32071543478261,3.06161328588375,176
"176",2017,9,3.43478260869565,23,4.4,2.69230769230769,2.5,3.2,3.5,10,13,6,5,18,2675,1246,1429,476,971,1704,3.1583892,3.67802657303371,2.70529741077677,3.08392857142857,3.32009383110196,3.0662441314554,177
"177",2017,10,3.11225806451613,31,5.44222222222222,2.15909090909091,1.5,2.62,3.18518518518519,9,22,5,4,27,2706,1255,1451,481,975,1731,3.15786072062084,3.6906781752988,2.69701585113715,3.06746361746362,3.31722165128205,3.06809936452917,178
"178",2017,11,3.46666666666667,30,3.8125,3.07142857142857,4,4.2,3.32,16,14,3,5,25,2736,1271,1465,484,980,1756,3.16124675073099,3.69221173092053,2.70059385665529,3.07324380165289,3.32172562244898,3.07168564920273,179
"179",2017,12,3.29032258064516,31,3.58823529411765,2.92857142857143,2.75,2.85714285714286,3.41666666666667,17,14,4,7,24,2767,1288,1479,488,987,1780,3.16269284784966,3.69083937111801,2.70275185936443,3.07059426229508,3.31843070921986,3.07633707865169,180
"180",2018,1,3.07371428571429,35,3.28947368421053,2.8175,3,3.625,3.00258064516129,19,16,6,4,31,2802,1307,1495,494,991,1811,3.16158140970735,3.68500467482785,2.70397993311037,3.06973684210526,3.31966812310797,3.07507454445058,181
"181",2018,2,3.25,20,3,3.625,3.5,3.5,3.1875,12,8,2,4,16,2822,1319,1503,496,995,1827,3.16220804748405,3.6787726383624,2.70888223552894,3.07147177419355,3.32039307537688,3.07605911330049,182
"182",2018,3,2.63636363636364,22,3.125,2.35714285714286,3.14285714285714,4,2.33333333333333,8,14,7,4,18,2844,1327,1517,503,999,1845,3.15814033403657,3.67543414468726,2.70563612392881,3.07246520874751,3.32311422422422,3.06881300813008,183
"183",2018,4,3.25555555555556,27,3.74285714285714,2.73076923076923,3.5,3,3.2875,14,13,4,3,24,2871,1341,1530,507,1002,1869,3.15905646464646,3.67613803877703,2.70584967320261,3.0758382642998,3.32214681636727,3.07162118780096,184
"184",2018,5,2.9824,25,3.16,2.66666666666667,2.75,2.5,3.07428571428571,16,9,4,4,21,2896,1357,1539,511,1006,1890,3.15753146063536,3.67005240235814,2.70562053281351,3.07328767123288,3.31887784294235,3.07165079365079,185
"185",2018,6,3.01666666666667,24,3.20714285714286,2.75,3,3.96,2.76842105263158,14,10,5,5,19,2920,1371,1549,516,1011,1909,3.15637366780822,3.66532539022611,2.70590703679793,3.07257751937984,3.32204857566766,3.06863279203772,186
"186",2018,7,2.77777777777778,18,3.75,2,2,2.66666666666667,2.8,8,10,3,3,15,2938,1379,1559,519,1014,1924,3.15405415588836,3.66581661348803,2.70137908915972,3.06637764932563,3.32010957593688,3.06653846153846,187
"187",2018,8,3.19444444444444,27,3.4,2.9375,3.16666666666667,4.9,2.80681818181818,15,12,3,5,22,2965,1394,1571,522,1019,1946,3.15442195952782,3.66295631994261,2.70318268618714,3.0669540229885,3.32786173699706,3.0636022610483,188
"188",2018,9,3.21684210526316,19,3.92,2.25,3,2,3.54133333333333,11,8,2,4,15,2984,1405,1579,524,1023,1961,3.15481940683646,3.66496876156584,2.7008866371121,3.06669847328244,3.32266970674487,3.0672565017848,189
"189",2018,10,3.13636363636364,22,3.9375,2.67857142857143,3,2.75,3.22222222222222,8,14,3,4,18,3006,1413,1593,527,1027,1979,3.154684334664,3.66651175513093,2.7006905210295,3.06631878557875,3.32043925024343,3.06866599292572,190
"190",2018,11,2.90869565217391,23,4,2.20714285714286,2.8,3.48333333333333,2.70588235294118,9,14,5,6,17,3029,1422,1607,532,1033,1996,3.15281647738528,3.66862244022503,2.69639079029247,3.06381578947368,3.32138539206196,3.06557615230461,191
"191",2018,12,2.8140475,28,3.355185,1.84,3,3,2.76333318181818,18,10,2,6,22,3057,1440,1617,534,1039,2018,3.14971358848544,3.66470447222222,2.69109461966605,3.06357677902622,3.31952946102021,3.06228113478692,192
"192",2019,1,3.47058823529412,34,3.90909090909091,2.66666666666667,1.66666666666667,4.09090909090909,3.17391304347826,22,12,3,11,23,3091,1462,1629,537,1050,2041,3.15324310579101,3.66838196990424,2.69091467157765,3.05577281191806,3.32761058095238,3.06353911317981,193
"193",2019,2,3.63076923076923,26,3.6,3.65,4.25,3.5,3.67,10,16,4,6,20,3117,1472,1645,541,1056,2061,3.15722632017966,3.66791741847826,2.70024316109422,3.06460258780037,3.32859006628788,3.06942422610383,194
"194",2019,3,3.25862068965517,29,4,2.86842105263158,3.14285714285714,3.16666666666667,3.28260869565217,10,19,7,6,23,3146,1482,1664,548,1062,2084,3.15816097902098,3.67015819163293,2.70216346153846,3.06560218978102,3.32767524482109,3.07177702975048,195
"195",2019,4,2.64285714285714,14,2.8,2.25,2.5,3,2.5,10,4,2,4,10,3160,1492,1668,550,1066,2094,3.15587798734177,3.66432603217158,2.70107913669065,3.06354545454545,3.32644569418387,3.06904648042025,196
"196",2019,5,2.675,16,3.4,2.11111111111111,2.5,2,2.9,7,9,2,4,12,3176,1499,1677,552,1070,2106,3.15345542821159,3.66309168779186,2.6979129397734,3.0615036231884,3.32148701869159,3.06808325261159,197
"197",2019,6,3.8,15,4.08333333333333,2.66666666666667,NA,5,3.61538461538462,12,3,0,2,13,3191,1511,1680,552,1072,2119,3.15649465371357,3.66642914626075,2.69785714285714,3.0615036231884,3.32461857276119,3.07144092968381,198
"198",2019,7,3.53076923076923,26,3.53125,3.53,2.5,2.96,3.66666666666667,16,10,4,5,21,3217,1527,1690,556,1077,2140,3.15951956481194,3.66501273084479,2.70278106508876,3.05746402877698,3.32292582172702,3.07728192990654,199
"199",2019,8,3.15357142857143,28,3.53125,2.65,1.83333333333333,2,3.24230769230769,16,12,3,2,26,3245,1543,1702,559,1079,2166,3.1594682403698,3.66362569021387,2.7024089306698,3.05089445438283,3.32047368860056,3.07926284856879,200
"200",2019,9,2.84090909090909,22,3.59090909090909,2.09090909090909,2.75,3,2.78125,11,11,4,6,16,3267,1554,1713,563,1085,2182,3.15732306091215,3.66311096525096,2.69848219497957,3.048756660746,3.31870148387097,3.07707760311641,201
"201",2019,10,4.3,20,4.63636363636364,3.88888888888889,3,5.5,4,11,9,2,4,16,3287,1565,1722,565,1089,2198,3.16427576513538,3.66995171884984,2.70470383275261,3.04858407079646,3.32671359963269,3.08379587352138,202
"202",2019,11,4.1104347826087,23,4.08142857142857,4.15555555555556,5.5,5,4.02571428571429,14,9,2,2,21,3310,1579,1731,567,1091,2219,3.17085028398791,3.67360002533249,2.71224725592143,3.05723104056437,3.32978103574702,3.09270992789545,203
"203",2019,12,3.13235294117647,34,3.63888888888889,2.5625,2.66666666666667,3.1,3.13793103448276,18,16,6,5,29,3344,1597,1747,573,1096,2248,3.17045886363636,3.67320879148403,2.71087578706354,3.05314136125654,3.32873276459854,3.09329329626335,204
"204",2020,1,3.84272727272727,55,4.45285714285714,2.775,3.42857142857143,4.45,3.70777777777778,35,20,7,10,45,3399,1632,1767,580,1106,2293,3.1813369932333,3.68992919117647,2.71160158460668,3.0576724137931,3.33887080470163,3.10535252071522,205
"205",2020,2,3.27803045454545,22,3.63589769230769,2.76111111111111,1.5,2.83333333333333,3.444791875,13,9,2,6,16,3421,1645,1776,582,1112,2309,3.18195881613563,3.68950219452888,2.71185247747748,3.05231958762887,3.33614308453237,3.10770463404071,206
"206",2020,3,2.62962962962963,27,3,2.09090909090909,3.5,3.25,2.52173913043478,16,11,2,4,23,3448,1661,1787,584,1116,2332,3.17763373259861,3.68286039133052,2.70803021824286,3.05385273972603,3.33583432795699,3.10192538593482,207
"207",2020,4,3.59375,32,3.5,3.6875,3.71428571428571,3.7,3.54545454545455,16,16,14,10,22,3480,1677,1803,598,1126,2354,3.18146008908046,3.68111574836017,2.71672212978369,3.0693143812709,3.33906848134991,3.10607051826678,208
"208",2020,5,3.12121212121212,33,3.5625,2.70588235294118,2.66666666666667,4.33333333333333,2.85185185185185,16,17,6,6,27,3513,1693,1820,604,1132,2381,3.18089413891261,3.67999474896633,2.71662087912088,3.06531456953642,3.34433843639576,3.10318773624528,209
"209",2020,6,2.74074074074074,27,3.22222222222222,2.5,3,2.71428571428571,2.75,9,18,6,7,20,3540,1702,1838,610,1139,2401,3.17753703672316,3.67757409518214,2.71449945593036,3.06467213114754,3.34046629499561,3.10024573094544,210
"210",2020,7,2.80357142857143,28,3.03333333333333,2.53846153846154,6,3.5,2.6875,15,13,1,4,24,3568,1717,1851,611,1143,2425,3.17460232903587,3.67194589982528,2.71326310102647,3.06947626841244,3.34102459317585,3.09616082474227,211
"211",2020,8,3.22,25,3.53333333333333,2.75,3,4.3,2.95,15,10,5,5,20,3593,1732,1861,616,1148,2445,3.17491820484275,3.67074544457275,2.71346050510478,3.06891233766234,3.34520131533101,3.09496523517382,212
"212",2020,9,3.36153846153846,39,3.52631578947368,3.205,3.22,3.86666666666667,3.04583333333333,19,20,5,15,24,3632,1751,1881,621,1163,2469,3.17692211178414,3.66917824671616,2.71868686868687,3.07012882447665,3.35192700773861,3.09448764682058,213
"213",2020,10,3.16666666666667,21,3.375,2.88888888888889,3,3,3.18421052631579,12,9,3,2,19,3653,1763,1890,624,1165,2488,3.17686315630988,3.66717589903573,2.71949735449735,3.06979166666667,3.35132284120172,3.09517282958199,214
"214",2020,11,3.36551724137931,29,3.6875,2.96923076923077,2.52,2.5,3.59130434782609,16,13,5,6,23,3682,1779,1903,629,1171,2511,3.17834902498642,3.66735869027544,2.72120336311088,3.0654213036566,3.34696081127242,3.09971724412585,215
"215",2020,12,2.72535211267606,71,3.54545454545455,2.35714285714286,2.33333333333333,2.75,2.72222222222222,22,49,15,8,63,3753,1801,1952,644,1179,2574,3.16977913935518,3.66586957801222,2.71206454918033,3.04836956521739,3.34291018659881,3.09047785547786,216
"216",2021,1,3.18282608695652,46,3.73521739130435,2.6304347826087,3.2,2.18181818181818,3.49742857142857,23,23,5,11,35,3799,1824,1975,649,1190,2609,3.16993711766254,3.66674402960526,2.71111392405063,3.04953775038521,3.33217740336134,3.09593714066692,217
"217",2021,2,3.43243243243243,37,4,3,4.14285714285714,3.4375,3.42857142857143,16,21,7,16,21,3836,1840,1996,656,1206,2630,3.17246900677789,3.6696419076087,2.71415330661323,3.06120426829268,3.33357471807629,3.09859315589354,218
"218",2021,3,3.21365625,32,3.46,2.99629411764706,3.10925,3.6837,3,15,17,4,10,22,3868,1855,2013,660,1216,2652,3.1728097492244,3.66794669002695,2.71653601589667,3.06149545454545,3.33645403782895,3.09777526395174,219
"219",2021,4,3.41666666666667,24,4,2.25,2.5,3.5,3.40909090909091,16,8,2,2,22,3892,1871,2021,662,1218,2674,3.17431349177801,3.67078626937467,2.71468926274122,3.05979909365559,3.3367225862069,3.10033657442034,220
"220",2021,5,3.16666666666667,30,3.9,2.8,2,4.11111111111111,2.76190476190476,10,20,8,9,21,3922,1881,2041,670,1227,2695,3.174255,3.67200484316853,2.71552523272905,3.0471447761194,3.34240269763651,3.09769944341373,221
"221",2021,6,3.52592592592593,27,4.01538461538462,3.07142857142857,2.5,4.66666666666667,3.38333333333333,13,14,4,3,24,3949,1894,2055,674,1230,2719,3.17665943530008,3.67436172650475,2.7179498783455,3.04389762611276,3.3456326097561,3.10022066936374,222
"222",2021,7,2.63461538461538,26,3.22222222222222,2.32352941176471,2.25,2.25,2.70454545454545,9,17,4,4,22,3975,1903,2072,678,1234,2741,3.17311398993711,3.67222338938518,2.7147138030888,3.03921386430678,3.34208112641815,3.09704487413353,223
"223",2021,8,3.78421052631579,19,3.99333333333333,3,NA,4.4,3.425,15,4,0,7,12,3994,1918,2076,678,1241,2753,3.17602105908863,3.67473467674661,2.71526348747591,3.03921386430678,3.34804843674456,3.09847439157283,224
"224",2021,9,3.69090909090909,33,3.5,3.92,4,3.825,3.67241379310345,18,15,3,4,29,4027,1936,2091,681,1245,2782,3.18024040476782,3.67311007747934,2.72390578670493,3.04344640234949,3.34958081124498,3.10445722501797,225
"225",2021,10,3.375,28,4.66666666666667,2.40625,2.71428571428571,4.42857142857143,3.02380952380952,12,16,7,7,21,4055,1948,2107,688,1252,2803,3.18158523057953,3.67923054928131,2.72149359278595,3.04009738372093,3.35561350638978,3.10385301462719,226
"226",2021,11,3.68655172413793,29,4.363125,2.85384615384615,3.3,4.1,3.60041666666667,16,13,5,5,24,4084,1964,2120,693,1257,2827,3.18517093780607,3.68480199083503,2.72230518867925,3.04197258297258,3.35857447096261,3.10806862398302,227
"227",2021,12,3.19512195121951,41,3.81818181818182,2.47368421052632,2.5,2.08333333333333,3.38571428571429,22,19,6,6,35,4125,1986,2139,699,1263,2862,3.18526984484848,3.68627951158107,2.72009677419355,3.03732045779685,3.35251631828979,3.11146401118099,228
"228",2022,1,3.30897435897436,78,4.00222222222222,2.36363636363636,2.9,3.43571428571429,3.28125,45,33,10,14,64,4203,2031,2172,709,1277,2926,3.18756557458958,3.69327971935007,2.71468093922652,3.03538363892807,3.35342843382929,3.11517771701982,229
"229",2022,2,2.94117647058824,34,3.15384615384615,2.80952380952381,2.75,4.5,2.73333333333333,13,21,8,4,30,4237,2044,2193,717,1281,2956,3.18558841397215,3.68984887964775,2.71558914728682,3.03219944211994,3.35700867291179,3.11130243572395,230
"230",2022,3,3.22555566666667,30,4.06941176470588,2.12205153846154,1.5,2.33333333333333,3.32469148148148,17,13,6,3,27,4267,2061,2206,723,1284,2983,3.18586941176471,3.69297967491509,2.71209141885766,3.01948409405256,3.35461690809969,3.11323388199799,231
"231",2022,4,4.08333333333333,33,4.53125,2.88888888888889,3.5,4.08333333333333,4.08333333333333,24,9,2,6,27,4300,2085,2215,725,1290,3010,3.19275692558139,3.70262882973621,2.71280978329571,3.02080965517241,3.35800628682171,3.12193577076412,232
"232",2022,5,3.51111111111111,36,4.18461538461538,3.1304347826087,4.1,3.14285714285714,3.6,13,23,5,7,29,4336,2098,2238,730,1297,3039,3.19540008763838,3.70561540038132,2.71710172922252,3.02820136986301,3.35684511179645,3.12649775255018,233
"233",2022,6,3.58,25,3.61111111111111,3.5625,3.8,4.5,3.4047619047619,9,16,5,4,21,4361,2107,2254,735,1301,3060,3.19760485668425,3.70521172757475,2.72310278172138,3.03345170068027,3.36035980784012,3.12840740849673,234
"234",2022,7,3.2396875,32,3.71133333333333,2.82352941176471,3.4,2.9375,3.34041666666667,15,17,5,8,24,4393,2122,2271,740,1309,3084,3.19791139995447,3.705255,2.72385454425363,3.03592837837838,3.35777548510313,3.13005728599222,235
"235",2022,8,3.59210526315789,38,4,3.18421052631579,3.1,4.11111111111111,3.43103448275862,19,19,5,9,29,4431,2141,2290,745,1318,3113,3.20129198375085,3.7078706725829,2.72767409170306,3.03635838926174,3.3629196585736,3.13286112110504,236
