"","year","month","avg_rating","no_ratings","avg_rating_owned","avg_rating_not_owned","avg_rating_prev_owned","avg_rating_comment","avg_rating_no_comment","no_ratings_owned","no_ratings_not_owned","no_ratings_prev_owned","no_ratings_comment","no_ratings_no_comment","cum_no_ratings","cum_no_ratings_owned","cum_no_ratings_not_owned","cum_no_ratings_prev_owned","cum_no_ratings_comment","cum_no_ratings_no_comment","cum_avg_rating","cum_avg_rating_owned","cum_avg_rating_not_owned","cum_avg_rating_prev_owned","cum_avg_rating_comment","cum_avg_rating_no_comment","month_after_release"
"1",2001,6,7.39285714285714,14,7.57692307692308,5,NA,7.5,7.35,13,1,0,4,10,14,13,1,0,4,10,7.39285714285714,7.57692307692308,5,NA,7.5,7.35,0
"2",2001,7,7.83333333333333,3,7.83333333333333,NA,NA,NA,7.83333333333333,3,0,0,0,3,17,16,1,0,4,13,7.47058823529412,7.625,5,NA,7.5,7.46153846153846,1
"3",2001,8,7.18181818181818,11,7.3,6,6,6.66666666666667,7.375,10,1,1,3,8,28,26,2,1,7,21,7.35714285714286,7.5,5.5,6,7.14285714285714,7.42857142857143,2
"4",2001,9,7,6,7,NA,NA,6,7.2,6,0,0,1,5,34,32,2,1,8,26,7.29411764705882,7.40625,5.5,6,7,7.38461538461539,3
"5",2001,10,8.5,4,8.5,NA,NA,7,9,4,0,0,1,3,38,36,2,1,9,29,7.42105263157895,7.52777777777778,5.5,6,7,7.55172413793103,4
"6",2001,11,7.72727272727273,11,7.875,7.33333333333333,NA,9,7.6,8,3,0,1,10,49,44,5,1,10,39,7.48979591836735,7.59090909090909,6.6,6,7.2,7.56410256410256,5
"7",2001,12,8,5,8.5,6,NA,6,8.5,4,1,0,1,4,54,48,6,1,11,43,7.53703703703704,7.66666666666667,6.5,6,7.09090909090909,7.65116279069767,6
"8",2002,1,8.625,4,8.625,NA,NA,NA,8.625,4,0,0,0,4,58,52,6,1,11,47,7.61206896551724,7.74038461538461,6.5,6,7.09090909090909,7.73404255319149,7
"9",2002,2,7.5,6,7.75,7,6,NA,7.5,4,2,1,0,6,64,56,8,2,11,53,7.6015625,7.74107142857143,6.625,6,7.09090909090909,7.70754716981132,8
"10",2002,3,7.42857142857143,7,7.42857142857143,NA,NA,8.33333333333333,6.75,7,0,0,3,4,71,63,8,2,14,57,7.58450704225352,7.70634920634921,6.625,6,7.35714285714286,7.64035087719298,9
"11",2002,4,7.55555555555556,9,7.625,7,NA,8,7,8,1,0,5,4,80,71,9,2,19,61,7.58125,7.69718309859155,6.66666666666667,6,7.52631578947368,7.5983606557377,10
"12",2002,5,7.33333333333333,6,7.5,7,NA,7,7.5,4,2,0,2,4,86,75,11,2,21,65,7.56395348837209,7.68666666666667,6.72727272727273,6,7.47619047619048,7.59230769230769,11
"13",2002,6,8,9,8.1875,6.5,NA,8.75,7.4,8,1,0,4,5,95,83,12,2,25,70,7.60526315789474,7.73493975903614,6.70833333333333,6,7.68,7.57857142857143,12
"14",2002,7,7.6,10,7.55555555555556,8,NA,7.33333333333333,7.71428571428571,9,1,0,3,7,105,92,13,2,28,77,7.6047619047619,7.71739130434783,6.80769230769231,6,7.64285714285714,7.59090909090909,13
"15",2002,8,7.73333333333333,15,8,6.66666666666667,NA,8.2,7.5,12,3,0,5,10,120,104,16,2,33,87,7.62083333333333,7.75,6.78125,6,7.72727272727273,7.58045977011494,14
"16",2002,9,7.6875,8,7.71428571428571,7.5,NA,7,7.91666666666667,7,1,0,2,6,128,111,17,2,35,93,7.625,7.74774774774775,6.82352941176471,6,7.68571428571429,7.60215053763441,15
"17",2002,10,8.2,10,8.11111111111111,9,NA,7.5,8.66666666666667,9,1,0,4,6,138,120,18,2,39,99,7.66666666666667,7.775,6.94444444444444,6,7.66666666666667,7.66666666666667,16
"18",2002,11,8.06666666666667,15,8,8.2,8,8.125,8,10,5,1,8,7,153,130,23,3,47,106,7.70588235294118,7.79230769230769,7.21739130434783,6.66666666666667,7.74468085106383,7.68867924528302,17
"19",2002,12,7.70588235294118,17,7.70588235294118,NA,NA,8.2,7.5,17,0,0,5,12,170,147,23,3,52,118,7.70588235294118,7.78231292517007,7.21739130434783,6.66666666666667,7.78846153846154,7.66949152542373,18
"20",2003,1,7.80555555555556,18,7.78125,8,8,7.33333333333333,8.04166666666667,16,2,1,6,12,188,163,25,4,58,130,7.71542553191489,7.78220858895706,7.28,7,7.74137931034483,7.70384615384615,19
"21",2003,2,7.5,11,7.55,7,NA,6.83333333333333,7.75,10,1,0,3,8,199,173,26,4,61,138,7.7035175879397,7.76878612716763,7.26923076923077,7,7.69672131147541,7.70652173913043,20
"22",2003,3,7.06666666666667,15,7,7.33333333333333,NA,6.8125,7.35714285714286,12,3,0,8,7,214,185,29,4,69,145,7.6588785046729,7.71891891891892,7.27586206896552,7,7.59420289855072,7.68965517241379,21
"23",2003,4,8.09090909090909,11,8.09090909090909,NA,NA,8.5,8,11,0,0,2,9,225,196,29,4,71,154,7.68,7.73979591836735,7.27586206896552,7,7.61971830985915,7.70779220779221,22
"24",2003,5,7.7,20,7.76470588235294,7.33333333333333,6,8.4,7,17,3,1,10,10,245,213,32,5,81,164,7.68163265306122,7.74178403755869,7.28125,6.8,7.71604938271605,7.66463414634146,23
"25",2003,6,7.56521739130435,23,7.66666666666667,6.5,NA,7.38461538461539,7.8,21,2,0,13,10,268,234,34,5,94,174,7.67164179104478,7.73504273504274,7.23529411764706,6.8,7.67021276595745,7.67241379310345,24
"26",2003,7,7.34754098360656,61,7.65714285714286,6.08333333333333,4,7.31818181818182,7.36410256410256,49,12,1,22,39,329,283,46,6,116,213,7.61155015197568,7.72155477031802,6.93478260869565,6.33333333333333,7.60344827586207,7.61596244131455,25
"27",2003,8,7.21666666666667,30,7.39130434782609,6.64285714285714,NA,7.64285714285714,7.08695652173913,23,7,0,7,23,359,306,53,6,123,236,7.57855153203343,7.69673202614379,6.89622641509434,6.33333333333333,7.60569105691057,7.56440677966102,26
"28",2003,9,7.688,25,7.80454545454545,6.83333333333333,NA,8.2,7.34666666666667,22,3,0,10,15,384,328,56,6,133,251,7.58567708333333,7.70396341463415,6.89285714285714,6.33333333333333,7.65037593984962,7.55139442231076,27
"29",2003,10,7.75,24,7.77272727272727,7.5,NA,7.92857142857143,7.67647058823529,22,2,0,7,17,408,350,58,6,140,268,7.5953431372549,7.70828571428571,6.91379310344828,6.33333333333333,7.66428571428571,7.55932835820896,28
"30",2003,11,7.17307692307692,26,7.40476190476191,6.2,5.5,6.85,7.375,21,5,2,10,16,434,371,63,8,150,284,7.57004608294931,7.6911051212938,6.85714285714286,6.125,7.61,7.54894366197183,29
"31",2003,12,7.69230769230769,26,7.69565217391304,7.66666666666667,NA,7.85714285714286,7.63157894736842,23,3,0,7,19,460,394,66,8,157,303,7.57695652173913,7.69137055837563,6.89393939393939,6.125,7.62101910828025,7.55412541254125,30
"32",2004,1,7.62162162162162,37,7.8,6.85714285714286,8,7.42857142857143,7.73913043478261,30,7,2,14,23,497,424,73,10,171,326,7.58028169014084,7.69905660377358,6.89041095890411,6.5,7.60526315789474,7.56717791411043,31
"33",2004,2,7.553125,32,7.65555555555556,7,NA,7.36363636363636,7.65238095238095,27,5,0,11,21,529,451,78,10,182,347,7.57863894139886,7.69645232815964,6.8974358974359,6.5,7.59065934065934,7.57233429394813,32
"34",2004,3,7.49393939393939,33,7.59655172413793,6.75,NA,7.44166666666667,7.52380952380952,29,4,0,12,21,562,480,82,10,194,368,7.57366548042705,7.69041666666667,6.89024390243902,6.5,7.58144329896907,7.5695652173913,33
"35",2004,4,7.77840909090909,44,7.77564102564103,7.8,8,7.96052631578947,7.64,39,5,1,19,25,606,519,87,11,213,393,7.58853135313531,7.69682080924855,6.94252873563218,6.63636363636364,7.61525821596244,7.57404580152672,34
"36",2004,5,7.28823529411765,34,7.5,6.06,7,7.75,6.87777777777778,29,5,1,16,18,640,548,92,12,229,411,7.572578125,7.68640510948905,6.8945652173913,6.66666666666667,7.62467248908297,7.54355231143552,35
"37",2004,6,7.67741935483871,31,7.7962962962963,6.875,7.5,8,7.56521739130435,27,4,1,8,23,671,575,96,13,237,434,7.5774217585693,7.6915652173913,6.89375,6.73076923076923,7.6373417721519,7.54470046082949,36
"38",2004,7,7.69444444444444,36,7.82352941176471,5.5,5.5,7.92857142857143,7.54545454545455,34,2,2,14,22,707,609,98,15,251,456,7.58338048090523,7.69893267651888,6.86530612244898,6.56666666666667,7.65358565737052,7.54473684210526,37
"39",2004,8,7.42105263157895,19,7.42105263157895,NA,NA,7.42857142857143,7.41666666666667,19,0,0,7,12,726,628,98,15,258,468,7.57913223140496,7.69052547770701,6.86530612244898,6.56666666666667,7.64748062015504,7.54145299145299,38
"40",2004,9,7.5,38,7.66176470588235,6.125,7,7.47058823529412,7.52380952380952,34,4,2,17,21,764,662,102,17,275,489,7.57519633507853,7.68904833836858,6.83627450980392,6.61764705882353,7.63654545454546,7.54069529652352,39
"41",2004,10,6.86111111111111,36,7.14285714285714,5.875,7,6.73913043478261,7.07692307692308,28,8,1,23,13,800,690,110,18,298,502,7.5430625,7.66688405797101,6.76636363636364,6.63888888888889,7.56728187919463,7.52868525896414,40
"42",2004,11,7.46590909090909,44,7.5,7.28571428571429,NA,7.75,7.33333333333333,37,7,0,14,30,844,727,117,18,312,532,7.53904028436019,7.65839064649243,6.7974358974359,6.63888888888889,7.57548076923077,7.51766917293233,41
"43",2004,12,7.27333333333333,45,7.4325,6,NA,7.15909090909091,7.38260869565217,40,5,0,22,23,889,767,122,18,334,555,7.5255905511811,7.64661016949153,6.76475409836066,6.63888888888889,7.54805389221557,7.51207207207207,42
"44",2005,1,7.19921875,64,7.46153846153846,6.0625,4,7.09821428571429,7.27777777777778,52,12,1,28,36,953,819,134,19,362,591,7.50367261280168,7.63485958485958,6.70186567164179,6.5,7.51325966850829,7.49780033840948,43
"45",2005,2,7.53448275862069,58,7.66666666666667,6.57142857142857,7,7.54,7.53030303030303,51,7,1,25,33,1011,870,141,20,387,624,7.50544015825915,7.63672413793103,6.69539007092199,6.525,7.51498708010336,7.49951923076923,44
"46",2005,3,7.45087719298246,57,7.50425531914894,7.2,8,7.44090909090909,7.45714285714286,47,10,2,22,35,1068,917,151,22,409,659,7.50252808988764,7.62993456924755,6.72880794701987,6.65909090909091,7.51100244498778,7.49726858877086,45
"47",2005,4,7.15909090909091,44,7.35897435897436,5.6,7,7.02380952380952,7.28260869565217,39,5,1,21,23,1112,956,156,23,430,682,7.48893884892086,7.61888075313808,6.69262820512821,6.67391304347826,7.48720930232558,7.4900293255132,46
"48",2005,5,7.66071428571429,56,7.83333333333333,6.625,6.5,7.72727272727273,7.56521739130435,48,8,2,33,23,1168,1004,164,25,463,705,7.49717465753425,7.62913346613546,6.68932926829268,6.66,7.50431965442765,7.49248226950355,47
"49",2005,6,7.3921568627451,51,7.31818181818182,7.85714285714286,10,7.58695652173913,7.23214285714286,44,7,1,23,28,1219,1048,171,26,486,733,7.49278096800656,7.61607824427481,6.73713450292398,6.78846153846154,7.5082304526749,7.48253751705321,48
"50",2005,7,7.38552631578947,76,7.67758620689655,6.44444444444444,6.92857142857143,7.32972972972973,7.43846153846154,58,18,7,37,39,1295,1106,189,33,523,772,7.48648648648649,7.61930379746835,6.70925925925926,6.81818181818182,7.49560229445507,7.48031088082902,49
"51",2005,8,7.58072289156626,83,7.67397260273973,6.9,5,7.72777777777778,7.46808510638298,73,10,1,36,47,1378,1179,199,34,559,819,7.49216255442671,7.6226887192536,6.71884422110553,6.76470588235294,7.51055456171735,7.47960927960928,50
"52",2005,9,7.3625,72,7.52037037037037,6.88888888888889,6.9,7.41176470588235,7.31842105263158,54,18,5,34,38,1450,1233,217,39,593,857,7.48572413793103,7.61820762368208,6.73294930875576,6.78205128205128,7.50489038785835,7.47246207701284,51
"53",2005,10,7.37301587301587,63,7.39473684210526,7.16666666666667,NA,7.24074074074074,7.47222222222222,57,6,0,27,36,1513,1290,223,39,620,893,7.48103106411104,7.60833333333333,6.74461883408072,6.78205128205128,7.49338709677419,7.47245240761478,52
"54",2005,11,7.34649122807018,57,7.51136363636364,6.78846153846154,7.2,7.25,7.40277777777778,44,13,5,21,36,1570,1334,236,44,641,929,7.47614649681529,7.60513493253373,6.74703389830508,6.82954545454545,7.48541341653666,7.4697524219591,53
"55",2005,12,7.374,75,7.51209677419355,6.71538461538462,NA,7.575,7.20731707317073,62,13,0,34,41,1645,1396,249,44,675,970,7.47148936170213,7.60100286532951,6.74538152610442,6.82954545454545,7.48992592592593,7.45865979381443,54
"56",2006,1,7.52196261682243,107,7.815,5.97058823529412,3,7.41530612244898,7.61206896551724,90,17,1,49,58,1752,1486,266,45,724,1028,7.47457191780822,7.61396366083445,6.69586466165414,6.74444444444444,7.48487569060774,7.46731517509728,55
"57",2006,2,7.633125,80,7.8,6.6875,6.5,7.45434782608696,7.875,68,12,2,46,34,1832,1554,278,47,770,1062,7.48149563318777,7.62210424710425,6.6955035971223,6.73404255319149,7.48305194805195,7.48036723163842,56
"58",2006,3,7.65875,80,7.7,7.46428571428571,7.5,7.73611111111111,7.59545454545455,66,14,4,36,44,1912,1620,292,51,806,1106,7.48891213389121,7.62527777777778,6.73236301369863,6.79411764705882,7.49435483870968,7.48494575045208,57
"59",2006,4,7.31290322580645,62,7.59347826086957,6.50625,7,7.12258064516129,7.50322580645161,46,16,3,31,31,1974,1666,308,54,837,1137,7.48338399189463,7.62439975990396,6.72061688311688,6.80555555555556,7.48058542413381,7.48544415127529,58
"60",2006,5,7.43181818181818,66,7.44230769230769,7.39285714285714,6.83333333333333,7.48148148148148,7.3974358974359,52,14,3,27,39,2040,1718,322,57,864,1176,7.48171568627451,7.61888824214203,6.7498447204969,6.80701754385965,7.48061342592593,7.48252551020408,59
"61",2006,6,7.45070422535211,71,7.58064516129032,6.55555555555556,6,7.23809523809524,7.54,62,9,1,21,50,2111,1780,331,58,885,1226,7.48067266698247,7.61755617977528,6.74456193353474,6.79310344827586,7.47485875706215,7.48486949429038,60
"62",2006,7,7.33425925925926,108,7.45632183908046,6.82857142857143,6.91666666666667,7.46511627906977,7.24769230769231,87,21,6,43,65,2219,1867,352,64,928,1291,7.47354664263182,7.61004284949116,6.74957386363636,6.8046875,7.47440732758621,7.47292796281952,61
"63",2006,8,7.43010752688172,93,7.5,7,7.66666666666667,7.2972972972973,7.51785714285714,80,13,3,37,56,2312,1947,365,67,965,1347,7.47179930795848,7.60552131484335,6.75849315068493,6.84328358208955,7.46761658031088,7.47479584261322,62
"64",2006,9,7.46559139784946,93,7.60263157894737,6.85294117647059,7.33333333333333,7.640625,7.37377049180328,76,17,3,32,61,2405,2023,382,70,997,1408,7.47155925155925,7.60541275333663,6.76269633507853,6.86428571428571,7.47316950852558,7.47041903409091,63
"65",2006,10,7.2320987654321,81,7.25070422535211,7.1,7.5,7.11538461538461,7.28727272727273,71,10,2,26,55,2486,2094,392,72,1023,1463,7.46375703942076,7.5933858643744,6.77130102040816,6.88194444444444,7.46407624633431,7.46353383458647,64
"66",2006,11,7.36237623762376,101,7.46511627906977,6.77333333333333,7,7.12777777777778,7.49230769230769,86,15,3,36,65,2587,2180,407,75,1059,1528,7.45979899497487,7.58832568807339,6.77137592137592,6.88666666666667,7.45264400377715,7.46475785340314,65
"67",2006,12,7.39233576642336,137,7.49336283185841,6.91666666666667,7,7.47872340425532,7.34722222222222,113,24,7,47,90,2724,2293,431,82,1106,1618,7.456406020558,7.58364587876145,6.77946635730859,6.89634146341463,7.45375226039783,7.45822002472188,66
"68",2007,1,7.32668539325843,178,7.46360544217687,6.67741935483871,7,7.30472972972973,7.34230769230769,147,31,4,74,104,2902,2440,462,86,1180,1722,7.44844934527912,7.57641393442623,6.77261904761905,6.90116279069767,7.44440677966102,7.45121951219512,67
"69",2007,2,7.35513091666667,120,7.39238095238095,7.09438066666667,NA,7.08205128205128,7.4866137037037,105,15,0,39,81,3022,2545,477,86,1219,1803,7.4447437822634,7.56882121807466,6.78273733752621,6.90116279069767,7.43281378178835,7.45280960066556,68
"70",2007,3,7.28018018018018,111,7.42142857142857,6.84074074074074,6.88888888888889,7.14,7.35915492957746,84,27,9,40,71,3133,2629,504,95,1259,1874,7.43891340887328,7.564111829593,6.78584466269841,6.9,7.42351072279587,7.44926131803629,69
"71",2007,4,7.37747747747748,111,7.46521739130435,6.95263157894737,7.71428571428571,7.11315789473684,7.51506849315069,92,19,7,38,73,3244,2721,523,102,1297,1947,7.43681125462392,7.56076809996325,6.79190384321224,6.95588235294118,7.41441788743254,7.45172866461222,70
"72",2007,5,7.16973684210526,114,7.3948275862069,6.44444444444444,5.8,6.9671875,7.24878048780488,87,27,5,32,82,3358,2808,550,107,1329,2029,7.42774440440738,7.55562678062678,6.77484674545455,6.9018691588785,7.40364936042137,7.44352671759487,71
"73",2007,6,7.375,100,7.46279069767442,6.83571428571429,8,7.52857142857143,7.31527777777778,86,14,1,28,72,3458,2894,564,108,1357,2101,7.42621911798728,7.55286800276434,6.77635764184397,6.91203703703704,7.40622697126013,7.4391317039505,72
"74",2007,7,7.04469026548673,113,7.16902173913043,6.5,5.66666666666667,6.90196078431373,7.16209677419355,92,21,3,51,62,3571,2986,585,111,1408,2163,7.41414609633156,7.54104152712659,6.76643711111111,6.87837837837838,7.38796164772727,7.43119080443828,73
"75",2007,8,7.24727272727273,110,7.37052631578947,6.46666666666667,6.33333333333333,7.08888888888889,7.35692307692308,95,15,3,45,65,3681,3081,600,114,1453,2228,7.40915938875306,7.53578383641675,6.75894285,6.8640350877193,7.37869924294563,7.42902410682226,74
"76",2007,9,7.29698275862069,116,7.5543956043956,6.36,5.77777777777778,7.43125,7.22631578947368,91,25,9,40,76,3797,3172,625,123,1493,2304,7.40573234395575,7.53631778058008,6.742985136,6.78455284552845,7.3801071667783,7.42233754774306,75
"77",2007,10,7.32504424778761,113,7.47647727272727,6.792,7.3125,7.36047619047619,7.30408450704225,88,25,8,42,71,3910,3260,650,131,1535,2375,7.40340043734015,7.53470245398773,6.74487032307692,6.81679389312977,7.37957003257329,7.41880240421053,76
"78",2007,11,7.2620253164557,158,7.54837398373984,6.25571428571429,7.025,7.08362068965517,7.3655,123,35,8,58,100,4068,3383,685,139,1593,2475,7.39790946656834,7.535199527047,6.71987694890511,6.82877697841727,7.36879472693032,7.41664877171717,77
"79",2007,12,7.41789772727273,176,7.52074829931973,6.89655172413793,6.2,7.22569444444444,7.55096153846154,147,29,5,72,104,4244,3530,714,144,1665,2579,7.39873838595664,7.53459773371105,6.72705281512605,6.80694444444444,7.36260660660661,7.42206502908104,78
"80",2008,1,7.39867724867725,189,7.49774193548387,6.94705882352941,6.72222222222222,7.16538461538462,7.52096774193548,155,34,9,65,124,4433,3685,748,153,1730,2703,7.39873577938191,7.53304748982361,6.73705308823529,6.80196078431373,7.35519653179191,7.42660218645949,79
"81",2008,2,7.26555555555556,135,7.54081632653061,6.53648648648649,7.16666666666667,7.24090909090909,7.27747252747253,98,37,6,44,91,4568,3783,785,159,1774,2794,7.39479984894921,7.53324874438277,6.72759963057325,6.81572327044025,7.3523618940248,7.42174506442376,80
"82",2008,3,7.04181818181818,110,7.24216867469879,6.42592592592593,6.33333333333333,7.17435897435897,6.96901408450704,83,27,6,39,71,4678,3866,812,165,1813,2865,7.38649972424113,7.52699948266943,6.71756860837438,6.79818181818182,7.34853281853282,7.41052555322862,81
"83",2008,4,7.20839160839161,143,7.35789473684211,6.62068965517241,6.83333333333333,7.21224489795918,7.2063829787234,114,29,6,49,94,4821,3980,841,171,1862,2959,7.3812166998548,7.52215577889447,6.7142279548157,6.79941520467836,7.3449462943072,7.40404045623521,82
"84",2008,5,7.1759126984127,126,7.24856382978723,6.9625,6.83333333333333,7.20675925925926,7.15277777777778,94,32,9,54,72,4947,4074,873,180,1916,3031,7.37598761067314,7.51584315169367,6.72332841924399,6.80111111111111,7.34105167014614,7.39807182777961,83
"85",2008,6,7.09785714285714,112,7.36,5.96190476190476,6.925,6.86652173913043,7.25909090909091,91,21,4,46,66,5059,4165,894,184,1962,3097,7.36983014627397,7.51243817527011,6.70544262863535,6.80380434782609,7.32992609582059,7.39511001291572,84
"86",2008,7,7.11324324324324,185,7.37374100719424,6.32608695652174,6.17647058823529,6.71071428571429,7.28798449612403,139,46,17,56,129,5244,4304,940,201,2018,3226,7.36077816742944,7.50795887546468,6.68687841489362,6.75074626865672,7.31274281466799,7.39082632052077,85
"87",2008,8,7.19853146853147,143,7.30789915966387,6.65625,5.875,7.36224489795918,7.1131914893617,119,24,8,49,94,5387,4423,964,209,2067,3320,7.35647126601077,7.50257630567488,6.68611588174274,6.71722488038278,7.31391630382196,7.3829655753012,86
"88",2008,9,7.0475,120,7.48488372093023,5.94117647058824,6,6.93,7.10625,86,34,10,40,80,5507,4509,998,219,2107,3400,7.34973864354458,7.50223885562209,6.66073718436874,6.68447488584475,7.30662790697674,7.37645462058823,87
"89",2008,10,7.03861788617886,123,7.35459770114943,6.275,5.80769230769231,7.04852941176471,7.03483146067416,87,36,13,34,89,5630,4596,1034,232,2141,3489,7.34294151154529,7.49944408181027,6.64730726305609,6.63534482758621,7.30252919196637,7.36774024362281,88
"90",2008,11,7.04274193548387,124,7.31354166666667,6.11428571428571,5.69230769230769,7.23823529411765,6.96888888888889,96,28,13,34,90,5754,4692,1062,245,2175,3579,7.33647214285714,7.49564045183291,6.63325396421846,6.58530612244898,7.30152413793103,7.3577104526404,89
"91",2008,12,7.11214285714286,140,7.26619047619048,6.65,6.33333333333333,7.22872340425532,7.05322580645161,105,35,12,47,93,5894,4797,1097,257,2222,3672,7.3311436562606,7.49061809464248,6.63378824977211,6.57354085603113,7.29998424842484,7.34999883169935,90
"92",2009,1,7.18325581395349,215,7.34942857142857,6.45625,6.56944444444444,7.05083333333333,7.23451612903226,175,40,18,60,155,6109,4972,1137,275,2282,3827,7.32593889507284,7.48564863234111,6.62754240105541,6.57327272727273,7.29343339176161,7.34532158609877,91
"93",2009,2,6.8833984375,256,7.12844311377246,6.42359550561798,5.79411764705882,6.66981132075472,6.93916256157635,167,89,17,53,203,6365,5139,1226,292,2335,4030,7.30813993872742,7.47404066939093,6.61273712071778,6.52791095890411,7.27927837259101,7.32486245905707,92
"94",2009,3,6.86545045045045,222,7.2447972972973,6.10675675675676,5.79166666666667,6.73061224489796,6.90364161849711,148,74,24,49,173,6587,5287,1300,316,2384,4203,7.29322008653408,7.46762341592586,6.58393516153846,6.47199367088608,7.26800125838926,7.30752455626933,93
"95",2009,4,6.99242424242424,198,7.44166666666667,6.45333333333333,6.2,6.76315789473684,7.046875,108,90,20,38,160,6785,5395,1390,336,2422,4363,7.28444225644805,7.46710379981464,6.57547892805755,6.45580357142857,7.26008051197357,7.2979660119184,94
"96",2009,5,7.04234234234234,222,7.24963235294118,6.71453488372093,5.5,6.53653846153846,7.19705882352941,136,86,16,52,170,7007,5531,1476,352,2474,4533,7.27677190095619,7.46175646356897,6.58358110433604,6.41235795454546,7.24487267582862,7.29418171409662,95
"97",2009,6,7.01050314465409,159,7.37191919191919,6.41416666666667,6.38235294117647,7.12564102564103,6.97308333333333,99,60,17,39,120,7166,5630,1536,369,2513,4653,7.27086390036282,7.46017673179396,6.57696335286458,6.4109756097561,7.24302228412256,7.28590064689447,96
"98",2009,7,6.87275420118343,169,7.17427184466019,6.40220393939394,6.41666666666667,6.8518865,6.87922480620155,103,66,18,40,129,7335,5733,1602,387,2553,4782,7.26169136605317,7.45504011861154,6.56976352684145,6.41124031007752,7.23689403055229,7.27493009410288,97
"99",2009,8,7.21086092715232,151,7.48630434782609,6.78135593220339,6.79411764705882,7.26571428571429,7.19431034482759,92,59,17,35,116,7486,5825,1661,404,2588,4898,7.26066606598985,7.4555339055794,6.57727945213727,6.42735148514851,7.23728379443586,7.27302076561862,98
"100",2009,9,6.93216374269006,171,7.2712962962963,6.35079365079365,5.8,6.5,7.05563909774436,108,63,20,38,133,7657,5933,1724,424,2626,5031,7.2533297858169,7.45218017866172,6.56900299883991,6.39775943396226,7.22661479817212,7.26727404293381,99
"101",2009,10,6.87933673469388,196,7.24193548387097,6.25486111111111,6.51,6.81083333333333,6.90955882352941,124,72,25,60,136,7853,6057,1796,449,2686,5167,7.24399543741245,7.44787601122668,6.55640933741648,6.40400890868597,7.21732705137751,7.25785866266692,100
"102",2009,11,6.93333333333333,201,7.27881355932203,6.4421686746988,6.59230769230769,6.97906976744186,6.92088607594937,118,83,26,43,158,8054,6175,1879,475,2729,5325,7.23624238515023,7.44464534412955,6.55136304949441,6.41431578947368,7.21357290582631,7.24786022723004,101
"103",2009,12,7.13599137931034,232,7.45308219178082,6.59767441860465,6.816,7.21328125,7.10654761904762,146,86,25,64,168,8286,6321,1965,500,2793,5493,7.23343545377745,7.44484021515583,6.55338990839695,6.4344,7.21356622269961,7.24353826870562,102
"104",2010,1,6.94360465116279,258,7.17735294117647,6.49204545454545,6.49285714285714,7.08507462686567,6.89397905759162,170,88,28,67,191,8544,6491,2053,528,2860,5684,7.22468354049625,7.43783469419196,6.55076043351193,6.4375,7.21055610489511,7.23179199683321,103
"105",2010,2,6.95350877192982,171,7.28009259259259,6.39365079365079,6.14090909090909,6.90641025641026,6.96742424242424,108,63,22,39,132,8715,6599,2116,550,2899,5816,7.21936272748135,7.43525306864676,6.54608278355388,6.42563636363636,7.20646445670921,7.22579190337001,104
"106",2010,3,7.20032051282051,156,7.39207920792079,6.84818181818182,6.52083333333333,7.24242424242424,7.1890243902439,101,55,12,33,123,8871,6700,2171,562,2932,5939,7.21902786269868,7.43460223880597,6.55373614463381,6.42766903914591,7.20686918826739,7.22503042768143,105
"107",2010,4,6.98492063492063,126,7.24510869565217,6.28088235294118,5.80769230769231,6.7,7.07395833333333,92,34,13,30,96,8997,6792,2205,575,2962,6035,7.2157492686451,7.43203548292108,6.54952887528345,6.41365217391304,7.20173546927751,7.22262729246064,106
"108",2010,5,7.06150793650794,126,7.26206896551724,6.61410256410256,7.55,6.96774193548387,7.09210526315789,87,39,10,31,95,9123,6879,2244,585,2993,6130,7.21361900361723,7.42988588457625,6.55065114527629,6.43307692307692,7.1993118810558,7.22060452039151,107
"109",2010,6,7.0252380952381,105,7.2474025974026,6.41428571428571,6.14285714285714,7.38636363636364,6.92951807228916,77,28,7,22,83,9228,6956,2272,592,3015,6213,7.21147552774165,7.42786587119034,6.54897058538732,6.42964527027027,7.2006767694859,7.21671587155963,108
"110",2010,7,7.13490566037736,106,7.3375,6.70588235294118,6.51666666666667,7.26818181818182,7.07465753424658,72,34,12,33,73,9334,7028,2306,604,3048,6286,7.21060597493036,7.42694009675583,6.55128411535126,6.43137417218543,7.2014076312336,7.21506613267579,109
"111",2010,8,7.01581196581197,117,7.42662337662338,6.225,6.83333333333333,6.75925925925926,7.09277777777778,77,40,9,27,90,9451,7105,2346,613,3075,6376,7.20819449476246,7.4269366643209,6.54572087382779,6.43727569331158,7.19752535284553,7.21333997961104,110
"112",2010,9,6.85325203252033,123,7.22272727272727,6.23478260869565,5.69230769230769,6.86666666666667,6.84947916666667,77,46,13,27,96,9574,7182,2392,626,3102,6472,7.20363444432839,7.42474728487886,6.53974129180602,6.42180511182109,7.19464553836235,7.20794278584672,111
"113",2010,10,6.93333333333333,123,7.29880952380952,6.14615384615385,6.15333333333333,6.95555555555556,6.92413793103448,84,39,15,36,87,9697,7266,2431,641,3138,6559,7.20020585438795,7.42329135700523,6.53342705471,6.41552262090484,7.19190263224984,7.20417833663668,112
"114",2010,11,6.99297765363128,179,7.23744166666667,6.49576271186441,6.33823529411765,6.60869565217391,7.12588721804511,120,59,17,46,133,9876,7386,2490,658,3184,6692,7.19644989570676,7.42027186569185,6.5325346064257,6.41352583586626,7.18347690326633,7.20262234160191,113
"115",2010,12,6.88768844221106,199,7.14595588235294,6.33015873015873,6.46666666666667,6.93333333333333,6.87317880794702,136,63,21,48,151,10075,7522,2553,679,3232,6843,7.19035128238213,7.41531215102366,6.52754060712887,6.41516936671576,7.17976189975248,7.19535272687418,114
"116",2011,1,7.05577777777778,225,7.24420731707317,6.54918032786885,6.33333333333333,6.69333333333333,7.14638888888889,164,61,21,45,180,10300,7686,2614,700,3277,7023,7.18741156990291,7.41166120218579,6.52804558913542,6.41271428571429,7.17308222764724,7.19409778015093,115
"117",2011,2,6.96147435897436,156,7.22726495726496,6.16410256410256,6.5,7.00368421052632,6.9478813559322,117,39,11,38,118,10456,7803,2653,711,3315,7141,7.18404066277735,7.40889632192746,6.52269550320392,6.414064697609,7.17114041025641,7.19002922699902,116
"118",2011,3,6.86627450980392,153,7.23617021276596,6.27694915254237,6.30833333333333,6.53975,6.98185840707965,94,59,18,40,113,10609,7897,2712,729,3355,7254,7.17945792911679,7.40684031910852,6.51734925147493,6.41145404663923,7.16361265573771,7.18678642266336,117
"119",2011,4,6.9470347826087,115,7.317625,6.09997142857143,6.33,7.406,6.81954444444444,80,35,10,25,90,10724,7977,2747,739,3380,7344,7.17696551380082,7.40594559358155,6.51203136876593,6.41035182679296,7.16540546153846,7.1822859082244,118
"120",2011,5,6.83432835820896,134,7.19310344827586,6.17021276595745,5.63333333333333,6.73823529411765,6.867,87,47,15,34,100,10858,8064,2794,754,3414,7444,7.17273698379075,7.40364930555556,6.50628137795276,6.39489389920424,7.16115127709432,7.17805047152068,119
"121",2011,6,6.86299212598425,127,7.15394736842105,6.42941176470588,6,6.63793103448276,6.92959183673469,76,51,16,29,98,10985,8140,2845,770,3443,7542,7.16915595539372,7.40131793611794,6.50490339894552,6.38668831168831,7.15674425210572,7.17482202466189,120
"122",2011,7,6.95747014925373,134,7.29671428571429,6.23953488372093,6.17857142857143,7.28333333333333,6.83776530612245,91,43,14,36,98,11119,8231,2888,784,3479,7640,7.16660483586653,7.40016146276273,6.50095227493075,6.38297193877551,7.15805417073872,7.17049852225131,121
"123",2011,8,6.86432748538012,171,7.0344,6.40217391304348,6.19444444444444,6.79591836734694,6.89180327868852,125,46,18,49,122,11290,8356,2934,802,3528,7762,7.16202649867139,7.39468992340833,6.49940360259032,6.37874064837905,7.15302450680272,7.16611810229322,122
"124",2011,9,6.92520661157025,121,7.42012195121951,5.88461538461539,5.35294117647059,7.02758620689655,6.8929347826087,82,39,17,29,92,11411,8438,2973,819,3557,7854,7.15951530715976,7.39493707039583,6.49133877228389,6.35744810744811,7.15200181613719,7.16291809396486,123
"125",2011,10,7.03191176470588,136,7.35585106382979,6.30690476190476,6.15384615384615,6.7216,7.1018018018018,94,42,13,25,111,11547,8532,3015,832,3582,7965,7.15801239889149,7.39450644631974,6.48876954228856,6.35426682692308,7.14899789503071,7.16206637915882,124
"126",2011,11,6.98543046357616,151,7.15978260869565,6.7135593220339,6.03333333333333,6.81315789473684,7.04336283185841,92,59,15,38,113,11698,8624,3074,847,3620,8078,7.15578467857753,7.39200243506493,6.49308398503578,6.34858323494687,7.14547250276243,7.16040588140629,125
"127",2011,12,7.0840490797546,163,7.33252032520325,6.32,5.94285714285714,7.05428571428571,7.0921875,123,40,14,35,128,11861,8747,3114,861,3655,8206,7.15479885085574,7.39116599977135,6.49086068400771,6.34198606271777,7.14459930506156,7.1593417877163,126
"128",2012,1,7.09739583333333,192,7.42651515151515,6.37333333333333,6.315,7.04673913043478,7.11335616438356,132,60,20,46,146,12053,8879,3174,881,3701,8352,7.15388444121795,7.39169151931524,6.48863899495904,6.34137343927355,7.14338299378547,7.15853792025862,127
"129",2012,2,7.18510344827586,145,7.37798165137615,6.60111111111111,6.55,7.08666666666667,7.21078260869565,109,36,10,30,115,12198,8988,3210,891,3731,8467,7.15425554763076,7.39152525589675,6.48990036448598,6.34371492704826,7.14292695255964,7.15924751505846,128
"130",2012,3,6.82640845070423,142,7.17254901960784,5.94375,5.93928571428571,6.64857142857143,6.88457943925234,102,40,14,35,107,12340,9090,3250,905,3766,8574,7.15048291491086,7.38906809680968,6.48317851384615,6.33745856353591,7.13833257036644,7.1558197702356,129
"131",2012,4,7.09031007751938,129,7.4115,5.98275862068965,5.5,7.1,7.08774509803922,100,29,9,27,102,12469,9190,3279,914,3793,8676,7.14986038736065,7.38931218715996,6.47875272034157,6.32921225382932,7.13805970471922,7.15501944559705,130
"132",2012,5,6.95661764705882,136,7.26847826086957,6.30454545454545,6.04166666666667,7.1,6.89896907216495,92,44,12,39,97,12605,9282,3323,926,3832,8773,7.1477754200714,7.38811452273217,6.47644603370448,6.32548596112311,7.13767235386222,7.15218838595691,131
"133",2012,6,7.0037037037037,135,7.301,6.15428571428571,5.45,6.98076923076923,7.00917431192661,100,35,10,26,109,12740,9382,3358,936,3858,8882,7.14624875745683,7.38718599445747,6.47308819833234,6.31613247863248,7.13661494556765,7.15043331569466,132
"134",2012,7,7.15709923664122,131,7.47833333333333,6.4519512195122,6.60625,7.18333333333333,7.14930693069307,90,41,16,30,101,12871,9472,3399,952,3888,8983,7.14635919275891,7.38805204814189,6.47283323624596,6.32100840336134,7.13697542695473,7.1504206512301,133
"135",2012,8,7.13721804511278,133,7.384375,6.49594594594595,6.34444444444444,6.87068965517241,7.21153846153846,96,37,9,29,104,13004,9568,3436,961,3917,9087,7.14626570055368,7.38801515468227,6.47308212165309,6.32122788761707,7.13500394689814,7.1511201397601,134
"136",2012,9,6.95491071428571,112,7.11282051282051,6.59264705882353,6.8,7.03846153846154,6.94393939393939,78,34,9,13,99,13116,9646,3470,970,3930,9186,7.1446316842025,7.38578986108231,6.47425365129683,6.32567010309278,7.13468459541985,7.14888729697365,135
"137",2012,10,7.18516556291391,151,7.4609900990099,6.628,6.91666666666667,7.452,7.13222222222222,101,50,12,25,126,13267,9747,3520,982,3955,9312,7.14509302555212,7.38656909818406,6.47643754829546,6.33289205702648,7.1366903817952,7.14866180304983,136
"138",2012,11,7.09348101265823,158,7.35304761904762,6.57924528301887,6.62142857142857,7.08342105263158,7.09666666666667,105,53,14,38,120,13425,9852,3573,996,3993,9432,7.14448559925512,7.38621183516037,6.47796254408061,6.33694779116466,7.13618343601302,7.14800028731976,137
"139",2012,12,7.2331914893617,188,7.56557971014493,6.3158,6,7.1484375,7.25057692307692,138,50,14,32,156,13613,9990,3623,1010,4025,9588,7.14571065672519,7.38868958958959,6.4757245845984,6.33227722772277,7.13628085962733,7.14966924384647,138
"140",2013,1,7.187899543379,219,7.44145569620253,6.53114754098361,5.93478260869565,7.07261904761905,7.21525423728814,158,61,23,42,177,13832,10148,3684,1033,4067,9765,7.14637862709659,7.38951113519905,6.47664228284474,6.32342691190707,7.13562342267027,7.15085803481823,139
"141",2013,2,7.04833333333333,168,7.1987619047619,6.79761904761905,6.54705882352941,6.89848484848485,7.08496296296296,105,63,17,33,135,14000,10253,3747,1050,4100,9900,7.14520208357143,7.38755769043207,6.48203900987457,6.32704761904762,7.13371474634146,7.14995946565657,140
"142",2013,3,7.05444444444444,162,7.28104347826087,6.5,6.17647058823529,7.24925,6.9905737704918,115,47,17,40,122,14162,10368,3794,1067,4140,10022,7.14416390128513,7.38637625385803,6.48226151027939,6.32464854732896,7.13483102898551,7.14801922869687,141
"143",2013,4,7.15530120481928,166,7.30709677419355,6.70714285714286,6.38888888888889,7.06571428571429,7.17923664122137,124,42,18,35,131,14328,10492,3836,1085,4175,10153,7.14429293481295,7.38543928707587,6.48472371480709,6.32571428571429,7.13425160718563,7.148422014183,142
"144",2013,5,7.04666666666667,126,7.26488372093023,6.5775,5.5,7.13705882352941,7.03256880733945,86,40,9,17,109,14454,10578,3876,1094,4192,10262,7.14344189636087,7.38445916052184,6.48568115841073,6.31892138939671,7.13426299141222,7.14719145488209,143
"145",2013,6,7.23098159509202,163,7.42568807339449,6.83796296296296,7,7.24074074074074,7.22904411764706,109,54,14,27,136,14617,10687,3930,1108,4219,10398,7.14441808647465,7.384879666885,6.49052167175573,6.32752707581227,7.13494440862764,7.1482620417388,144
"146",2013,7,7.07551724137931,145,7.2873786407767,6.55595238095238,6.675,7.09393939393939,7.07008928571429,103,42,10,33,112,14762,10790,3972,1118,4252,10510,7.1437413067335,7.38394893419833,6.49121353726083,6.33063506261181,7.13462616650988,7.1474289923882,145
"147",2013,8,7.07620481927711,166,7.3172268907563,6.46595744680851,6.5,7.14189189189189,7.05736434108527,119,47,14,37,129,14928,10909,4019,1132,4289,10639,7.14299029809753,7.38322110184252,6.49091818113959,6.3327296819788,7.13468884588482,7.14633694050193,146
"148",2013,9,7.18733333333333,150,7.41448598130841,6.62209302325581,6.23214285714286,6.86904761904762,7.23914728682171,107,43,14,21,129,15078,11016,4062,1146,4310,10768,7.14343143454039,7.38352478213508,6.4923067872969,6.33150087260035,7.13339453828306,7.14744880293462,147
"149",2013,10,7.04895833333333,144,7.33009708737864,6.34268292682927,6,6.71296296296296,7.12649572649573,103,41,13,27,117,15222,11119,4103,1159,4337,10885,7.14253771974773,7.38302985880025,6.49081164270046,6.32778257118205,7.1307771408808,7.14722358383096,148
"150",2013,11,6.92099056603774,212,7.239,6.15161290322581,6.45526315789474,6.9,6.92680722891566,150,62,19,46,166,15434,11269,4165,1178,4383,11051,7.13949456848516,7.38111269855356,6.4857623457383,6.32983870967742,7.12835511293635,7.14391265134377,149
"151",2013,12,6.95253807106599,197,7.16892857142857,6.42105263157895,5.64705882352941,7.07352941176471,6.92730061349693,140,57,17,34,163,15631,11409,4222,1195,4417,11214,7.13713832576291,7.37850898413533,6.48488871861677,6.32012552301255,7.12793309033281,7.14076410825754,150
"152",2014,1,7.06587755102041,245,7.30404371584699,6.36290322580645,6.43809523809524,7.03636363636364,7.07047169811321,183,62,21,33,212,15876,11592,4284,1216,4450,11426,7.13603862244898,7.37733341959972,6.48312328898226,6.32216282894737,7.12725403595506,7.13945989060039,151
"153",2014,2,7.15765027322404,183,7.40948905109489,6.40760869565217,6.60714285714286,7.30196078431373,7.10189393939394,137,46,14,51,132,16059,11729,4330,1230,4501,11558,7.13628489756523,7.37770901185097,6.48232105542725,6.32540650406504,7.12923360586537,7.13903086260599,152
"154",2014,3,7.39012578616352,159,7.69324561403509,6.62222222222222,6.06666666666667,7.26129032258065,7.421328125,114,45,15,31,128,16218,11843,4375,1245,4532,11686,7.13877353372796,7.3807463480537,6.48376003885714,6.32228915662651,7.13013690644307,7.14212294283758,153
"155",2014,4,7.11019867549669,151,7.30594059405941,6.7148,6.35625,6.85142857142857,7.18827586206897,101,50,16,35,116,16369,11944,4425,1261,4567,11802,7.13850993768709,7.3801137809779,6.48637065988701,6.32272006344171,7.12800097657105,7.14257657261481,154
"156",2014,5,7.1463503649635,137,7.43585858585859,6.39210526315789,6.54285714285714,7.11515151515152,7.15625,99,38,14,33,104,16506,12043,4463,1275,4600,11906,7.13857501332849,7.38057203354646,6.485568041676,6.32513725490196,7.12790879565218,7.14269601125483,155
"157",2014,6,7.13971631205674,141,7.34264705882353,6.60897435897436,6.45833333333333,7.10192307692308,7.14826086956522,102,39,12,26,115,16647,12145,4502,1287,4626,12021,7.13858468012254,7.38025351996706,6.48663708796091,6.32637917637918,7.12776274535236,7.1427492479827,156
"158",2014,7,6.88174603174603,126,7.1425,6.42826086956522,6.38235294117647,6.68214285714286,6.93877551020408,80,46,17,28,98,16773,12225,4548,1304,4654,12119,7.13665528945329,7.37869766871166,6.48604665127529,6.32710889570552,7.12508174903309,7.14109981929202,157
"159",2014,8,7.03432624113475,141,7.39942307692308,6.00810810810811,5.95,7.278125,6.96275229357798,104,37,10,32,109,16914,12329,4585,1314,4686,12228,7.13580224488589,7.37887249574175,6.48218978625954,6.32423896499239,7.12612685872813,7.1395100351652,158
"160",2014,9,7.14812030075188,133,7.39885057471264,6.67391304347826,6.14,7.00384615384615,7.18317757009346,87,46,10,26,107,17047,12416,4631,1324,4712,12335,7.13589834985628,7.37901248389175,6.48409418484129,6.32284743202417,7.12545213497453,7.13988882934739,159
"161",2014,10,7.06558441558442,154,7.25398230088496,6.54634146341463,6.27222222222222,6.953125,7.09508196721311,113,41,18,32,122,17201,12529,4672,1342,4744,12457,7.13526883146329,7.37788482720089,6.48464044734589,6.32216840536513,7.12428972596965,7.13945000481657,160
"162",2014,11,6.94316129032258,155,7.25711340206186,6.41810344827586,6.565,7.19333333333333,6.85905172413793,97,58,20,39,116,17356,12626,4730,1362,4783,12573,7.13355319025121,7.37695699350546,6.4838245602537,6.3257342143906,7.1248526991428,7.13686301678199,161
"163",2014,12,7.17843137254902,153,7.52941176470588,6.47647058823529,6.57692307692308,7.40625,7.13604651162791,102,51,13,24,129,17509,12728,4781,1375,4807,12702,7.13394535210463,7.3781787397863,6.48374611378373,6.32810909090909,7.1262576367797,7.13685472445284,162
"164",2015,1,7.14802631578947,228,7.32279761904762,6.65866666666667,6.61222222222222,6.61315789473684,7.255,168,60,18,38,190,17737,12896,4841,1393,4845,12892,7.13412635564075,7.3774572735732,6.48591410245817,6.33178033022254,7.1222333250774,7.13859592848278,163
"165",2015,2,6.91986486486486,148,7.23699029126214,6.194,6.46153846153846,7.20913043478261,6.86664,103,45,13,23,125,17885,12999,4886,1406,4868,13017,7.13235332233715,7.37634425725056,6.48322557715923,6.33298008534851,7.12264389071487,7.13598438273028,164
"166",2015,3,7.02119205298013,151,7.2607476635514,6.43863636363636,6.3625,6.925,7.04308943089431,107,44,16,28,123,18036,13106,4930,1422,4896,13140,7.13142266411621,7.37540050358614,6.48282762068966,6.33331223628692,7.12151357434641,7.13511481811263,165
"167",2015,4,7.01564417177914,163,7.41535087719298,6.08571428571429,5.525,6.77407407407407,7.06360294117647,114,49,16,27,136,18199,13220,4979,1438,4923,13276,7.13038568987307,7.3757450075643,6.47891949588271,6.32431849791377,7.11960805606338,7.13438224691172,166
"168",2015,5,7.26896551724138,145,7.53785046728972,6.51184210526316,6.42,7.09615384615385,7.30672268907563,107,38,15,26,119,18344,13327,5017,1453,4949,13395,7.13148109300044,7.377046522098,6.47916885987642,6.32530626290433,7.11948483734088,7.13591330421799,167
"169",2015,6,7.13507042253521,142,7.46773195876289,6.418,6.881875,7.16413793103448,7.12761061946903,97,45,16,29,113,18486,13424,5062,1469,4978,13508,7.13150866439468,7.37770180274136,6.47862508297116,6.33136827773996,7.11974496986742,7.13584384883032,168
"170",2015,7,7.25322033898305,177,7.40791366906475,6.68736842105263,6.68181818181818,7.54628571428571,7.18098591549296,139,38,22,35,142,18663,13563,5100,1491,5013,13650,7.1326629786208,7.37801142815011,6.4801804254902,6.33653923541247,7.12272301216837,7.13631345860806,169
"171",2015,8,7.16384615384615,195,7.32564935064935,6.55609756097561,6.5,7.17058823529412,7.16242236024845,154,41,11,34,161,18858,13717,5141,1502,5047,13811,7.13298542634426,7.37742356200335,6.48078587239837,6.33773635153129,7.12304546463246,7.13661781985374,170
"172",2015,9,6.76804733727811,169,7.05661157024793,6.040625,6.49583333333333,6.94342105263158,6.71717557251908,121,48,12,38,131,19027,13838,5189,1514,5085,13942,7.12974400430967,7.3746183697066,6.4767142358836,6.33898943196829,7.12170313864307,7.1326767113757,171
"173",2015,10,7.1766081871345,171,7.41900826446281,6.59,6.55,7.36764705882353,7.12919708029197,121,50,16,34,137,19198,13959,5239,1530,5119,14079,7.13016143191999,7.37500315208826,6.47779541324681,6.34119607843137,7.12333667903888,7.13264285176504,172
"174",2015,11,7.05,204,7.38832116788321,6.35820895522388,6.1875,6.99358974358974,7.06333333333333,137,67,20,39,165,19402,14096,5306,1550,5158,14244,7.12931858416658,7.3751325908059,6.47628536939314,6.3392129032258,7.12235565335402,7.13183998244875,173
"175",2015,12,7.05916334661355,251,7.33511235955056,6.38630136986301,6.5,6.96444444444444,7.07985436893204,178,73,26,45,206,19653,14274,5379,1576,5203,14450,7.12842259044421,7.37463352949418,6.47506416992006,6.3418654822335,7.12098990197963,7.13109887266436,174
"176",2016,1,7.20325670498084,261,7.44685863874346,6.53857142857143,6.15909090909091,7.27727272727273,7.18824884792627,191,70,22,44,217,19914,14465,5449,1598,5247,14667,7.12940339309029,7.37558721050812,6.475880009176,6.3393491864831,7.12230044978083,7.13194441330879,175
"177",2016,2,7.27675879396985,199,7.53899253731343,6.73615384615385,6.446875,7.19230769230769,7.28945086705202,134,65,16,26,173,20113,14599,5514,1614,5273,14840,7.13086134191816,7.37708706075759,6.47894816285818,6.34041511771995,7.1226456400531,7.13378057345013,176
"178",2016,3,7.0418691588785,214,7.26164179104478,6.67375,6.36,7.02585365853658,7.04566473988439,134,80,15,41,173,20327,14733,5594,1629,5314,15013,7.12992444384317,7.37603705966198,6.48173403110476,6.34059545733579,7.12189884456154,7.13276518417372,177
"179",2016,4,7.2475845410628,207,7.48469387755102,6.66666666666667,6.17368421052632,7.69375,7.166,147,60,19,32,175,20534,14880,5654,1648,5346,15188,7.13111055663777,7.37711048387097,6.48369652812169,6.33867111650485,7.12532182192294,7.13314812417698,178
"180",2016,5,7.19341666666667,240,7.33381502890173,6.83089552238806,6.3,7.14892857142857,7.19929245283019,173,67,16,28,212,20774,15053,5721,1664,5374,15400,7.13183037306248,7.37661290108284,6.48776265862612,6.33829927884615,7.1254448195013,7.13405868246753,179
"181",2016,6,7.28857142857143,210,7.53668831168831,6.60625,6.2,7.17142857142857,7.30659340659341,154,56,15,28,182,20984,15207,5777,1679,5402,15582,7.13339897874571,7.37823397119747,6.4889112290116,6.33706372840977,7.12568316549426,7.13607391284816,180
"182",2016,7,7.38508064516129,248,7.63513513513514,6.65079365079365,6.5125,7.57105263157895,7.35142857142857,185,63,16,38,210,21232,15392,5840,1695,5440,15792,7.13633874199322,7.38132172557172,6.49065756335617,6.3387197640118,7.12879420220588,7.13893767160588,181
"183",2016,8,7.30435319148936,235,7.57204812834225,6.26145833333333,6.29333333333333,7.38166666666667,7.29303902439024,187,48,15,30,205,21467,15579,5888,1710,5470,15997,7.13817800204966,7.38361107901662,6.48878909137228,6.3383216374269,7.13018107129799,7.14091246546227,182
"184",2016,9,7.2673640167364,239,7.52670454545455,6.54285714285714,6.62857142857143,7.3,7.26060606060606,176,63,21,41,198,21706,15755,5951,1731,5511,16195,7.13960044089192,7.38520958425896,6.48936148042346,6.34184286539572,7.13144446742878,7.14237583883915,183
"185",2016,10,7.18333464566929,254,7.38603783783784,6.63985507246377,6.02941176470588,7.16923076923077,7.18589302325581,185,69,17,39,215,21960,15940,6020,1748,5550,16410,7.14010629189436,7.38521919698871,6.49108640697675,6.33880434782608,7.13170999279279,7.14294599085923,184
"186",2016,11,7.24204460966543,269,7.50707865168539,6.72362637362637,6.15909090909091,7.17857142857143,7.25153846153846,178,91,22,35,234,22229,16118,6111,1770,5585,16644,7.14133987898691,7.38656495843157,6.49454920144003,6.33657062146892,7.13200366338407,7.14447270547945,185
"187",2016,12,7.16448763250883,283,7.50660377358491,6.14295774647887,6.075,6.98039215686275,7.20495689655172,212,71,24,51,232,22512,16330,6182,1794,5636,16876,7.14163087109097,7.3881233312921,6.49051118893562,6.33307134894091,7.13063173527325,7.14530420182508,186
"188",2017,1,7.28521212121212,330,7.50752941176471,6.52933333333333,6.48333333333333,7.35208333333333,7.27382978723404,255,75,24,48,282,22842,16585,6257,1818,5684,17158,7.14370519963226,7.38995924027736,6.4909765334825,6.33505500550055,7.13250184025334,7.14741658176944,187
"189",2017,2,7.26236434108527,258,7.50363157894737,6.58823529411765,6.15277777777778,7.56071428571429,7.20435185185185,190,68,18,42,216,23100,16775,6325,1836,5726,17374,7.14503048354978,7.3912467362146,6.49202216126482,6.33326797385621,7.13564276283619,7.14812442212502,188
"190",2017,3,7.26817490494297,263,7.50175,6.52666666666667,6.47619047619048,7.47297297297297,7.23464601769911,200,63,21,37,226,23363,16975,6388,1857,5763,17600,7.14641673458032,7.39254868924889,6.49236383375078,6.33488422186322,7.1378085129273,7.14923543806818,189
"191",2017,4,7.36911764705882,238,7.59694444444444,6.66206896551724,6.64375,7.67441860465116,7.30179487179487,180,58,16,43,195,23601,17155,6446,1873,5806,17795,7.14866252150333,7.39469332556106,6.49389081135588,6.33752269087026,7.14178271787806,7.15090720483282,190
"192",2017,5,7.23072016460905,243,7.49553977272727,6.53507462686567,6.19473684210526,7.56875,7.17945497630332,176,67,19,32,211,23844,17331,6513,1892,5838,18006,7.14949879089079,7.39571744273267,6.49431447412867,6.336088794926,7.14412306611854,7.15124173664334,191
"193",2017,6,7.17227722772277,202,7.47410071942446,6.50634920634921,6.16521739130435,7.19285714285714,7.16896551724138,139,63,23,28,174,24046,17470,6576,1915,5866,18180,7.14969014264327,7.3963410990269,6.49442977037713,6.3340365535248,7.14435568700989,7.15141137018702,192
"194",2017,7,7.33542600896861,223,7.54475308641975,6.77950819672131,6.45588235294118,7.09416666666667,7.38187165775401,162,61,17,36,187,24269,17632,6637,1932,5902,18367,7.15139680951007,7.39770468466424,6.49704989754407,6.33510869565217,7.144049552694,7.15375775630206,193
"195",2017,8,7.10378151260504,238,7.4360248447205,6.40909090909091,6.61304347826087,7.33611111111111,7.06237623762376,161,77,23,36,202,24507,17793,6714,1955,5938,18569,7.15093439303056,7.39805142471758,6.49604113345249,6.33837851662404,7.14521395419333,7.15276367655771,194
"196",2017,9,7.19587234042553,235,7.46947976878613,6.43241935483871,6.075,6.79176470588235,7.26422885572139,173,62,12,34,201,24742,17966,6776,1967,5972,18770,7.15136121453399,7.39873922965601,6.49545899793389,6.33677173360447,7.1432016845278,7.15395731006926,195
"197",2017,10,7.06122222222222,225,7.24319620253165,6.63208955223881,6.79333333333333,7.03691176470588,7.06554973821989,158,67,15,34,191,24967,18124,6843,1982,6006,18961,7.15054889133656,7.39738324873096,6.49679675142481,6.34022704339051,7.14259997668998,7.15306675333579,196
"198",2017,11,7.15710743801653,242,7.39117647058824,6.60444444444444,6.36363636363636,7.22857142857143,7.14502415458937,170,72,11,35,207,25209,18294,6915,1993,6041,19168,7.15061185171962,7.39732557122553,6.49791759508315,6.34035624686402,7.1430980731667,7.15297989931135,197
"199",2017,12,7.08208,250,7.32840236686391,6.56814814814815,6.225,7.54615384615385,6.99630331753554,169,81,20,39,211,25459,18463,6996,2013,6080,19379,7.1499388888016,7.39669468667064,6.49873072755861,6.33921013412816,7.14568346381579,7.15127399298209,198
"200",2018,1,7.21311607142857,336,7.44535269709544,6.62396842105263,6.55608695652174,7.09811320754717,7.23465371024735,241,95,23,53,283,25795,18704,7091,2036,6133,19662,7.15076182089552,7.39732164242942,6.50040857001833,6.34166011787819,7.14527237241154,7.15247409775201,199
"201",2018,2,7.17294372294372,231,7.44053892215569,6.4746875,6.70526315789474,7.4203125,7.13316582914573,167,64,19,32,199,26026,18871,7155,2055,6165,19861,7.15095870168293,7.39770409623231,6.50017850034941,6.34502189781022,7.14669999351176,7.15228063591964,200
"202",2018,3,7.18840163934426,244,7.43776470588235,6.61554054054054,6.60294117647059,7.67432432432432,7.10154589371981,170,74,17,37,207,26270,19041,7229,2072,6202,20068,7.15130647773125,7.39806176146211,6.50135940932356,6.34713803088803,7.14984770396646,7.15175731064381,201
"203",2018,4,7.22123981900453,221,7.43186503067485,6.62931034482759,6.47058823529412,7.33823529411765,7.1999679144385,163,58,17,34,187,26491,19204,7287,2089,6236,20255,7.15188989354875,7.39834867735888,6.50237781940442,6.34814265198659,7.15087483322643,7.15220240483831,202
"204",2018,5,7.32074432038835,206,7.61074338129496,6.71910447761194,6.61555555555556,7.39444444444444,7.30513723529412,139,67,18,36,170,26697,19343,7354,2107,6272,20425,7.15319281192643,7.39987495889986,6.50435234838183,6.35042714760322,7.15227287308673,7.15347530183598,203
"205",2018,6,7.03120218579235,183,7.22078125,6.59,6.60384615384615,7.22346153846154,6.99936305732484,128,55,13,26,157,26880,19471,7409,2120,6298,20582,7.1523622953869,7.39869761850958,6.50498814549872,6.35198113207547,7.15256676087647,7.15229972986104,204
"206",2018,7,7.22574179190751,173,7.59169587719298,6.51864406779661,6.26666666666667,7.65,7.14381606896552,114,59,9,28,145,27053,19585,7468,2129,6326,20727,7.15283154659372,7.3998210191473,6.50509603240493,6.35162047909817,7.15476848877648,7.1522403806629,205
"207",2018,8,7.26964912280702,228,7.46337078651685,6.58,6.44444444444444,7.66842105263158,7.18989473684211,178,50,18,38,190,27281,19763,7518,2147,6364,20917,7.1538078453869,7.40039339472752,6.50559419659484,6.35239869585468,7.15783555311125,7.15258241478223,206
"208",2018,9,7.24827102803738,214,7.61143835616438,6.46852941176471,6.33111111111111,7.72173913043478,7.19125654450262,146,68,18,23,191,27495,19909,7586,2165,6387,21108,7.15454307437716,7.40194106484504,6.50526195228052,6.35222170900693,7.15986620635666,7.15293236545386,207
"209",2018,10,7.39467213114754,244,7.5171511627907,7.10208333333333,6.84318181818182,7.40833333333333,7.39230769230769,172,72,22,36,208,27739,20081,7658,2187,6423,21316,7.15665531670212,7.40292787510582,6.51087322669104,6.35716049382716,7.16125882920753,7.1552681727341,208
"210",2018,11,7.14664583333333,240,7.43432960893855,6.30245901639344,6.04411764705882,6.84264705882353,7.19682038834951,179,61,17,34,206,27979,20260,7719,2204,6457,21522,7.15656945673541,7.40320531391905,6.50922621712657,6.35474591651542,7.15958114604305,7.15566589396896,209
"211",2018,12,7.31655411255411,231,7.63341772151899,6.6307397260274,6.44615384615385,6.92333333333333,7.37524378109453,158,73,26,30,201,28210,20418,7792,2230,6487,21723,7.15787950478554,7.40498675972181,6.51036462654004,6.35581165919282,7.15848858640357,7.15769761865304,210
"212",2019,1,7.1612962962963,324,7.3544298245614,6.70260416666667,6.38695652173913,7.38172413793103,7.11323308270677,228,96,23,58,266,28534,20646,7888,2253,6545,21989,7.15791830202565,7.4044284442507,6.51270425583164,6.35612960497115,7.16046683880825,7.15715973304834,211
"213",2019,2,7.11811926605505,218,7.43265306122449,6.4669014084507,5.95454545454545,7.04848484848485,7.13054054054054,147,71,11,33,185,28752,20793,7959,2264,6578,22174,7.15761654250139,7.40462798345597,6.51229566151527,6.35417844522968,7.1599050562481,7.15693764634256,212
"214",2019,3,7.29762822115385,208,7.4693778,6.85344827586207,6.90625,7.32272727272727,7.29289525714286,150,58,16,33,175,28960,20943,8017,2280,6611,22349,7.15862215124309,7.40509174091582,6.51476377323188,6.35805263157894,7.16071781273635,7.15800223902635,213
"215",2019,4,6.94293532338308,201,7.33531914893617,6.02083333333333,6.14157894736842,6.79733333333333,6.96847953216374,141,60,19,30,171,29161,21084,8077,2299,6641,22520,7.15713547203457,7.404625134225,6.51109461062276,6.35626359286646,7.15907626261105,7.15656314564831,214
"216",2019,5,7.26449561403509,228,7.44764880952381,6.75166666666667,6.30769230769231,7.47241379310345,7.2341959798995,168,60,13,29,199,29389,21252,8137,2312,6670,22719,7.15796837252033,7.40496524233013,6.5128685227971,6.35599048442906,7.16043859970015,7.15724314626524,215
"217",2019,6,7.23084604060914,197,7.5470188028169,6.41454545454545,6.04545454545455,7.5268,7.18782947674419,142,55,11,25,172,29586,21394,8192,2323,6695,22891,7.1584536324613,7.40590810507619,6.51220839477539,6.35452001721911,7.1618066407767,7.15747296797868,216
"218",2019,7,7.32712711711712,222,7.52705455621302,6.68962264150943,6.67647058823529,7.52121212121212,7.29323925925926,169,53,17,33,189,29808,21563,8245,2340,6728,23080,7.1597098560789,7.40685759031674,6.51334883808369,6.35685897435897,7.16356947978597,7.15858474566724,217
"219",2019,8,7.2137323943662,284,7.4933,6.54809523809524,6.4304347826087,7.30810810810811,7.1995951417004,200,84,23,37,247,30092,21763,8329,2363,6765,23327,7.1602197059019,7.40765198823691,6.51369926401729,6.35757511637748,7.16436000886918,7.15901898786813,218
"220",2019,9,7.35057613168724,243,7.60869822485207,6.76108108108108,6.49705882352941,7.526875,7.32383886255924,169,74,17,32,211,30335,21932,8403,2380,6797,23538,7.16174456535355,7.40920117727521,6.51587780197548,6.35857142857143,7.16606671472708,7.16049647081315,219
"221",2019,10,7.25718828451883,239,7.53624277456647,6.52572727272727,6.59375,6.97027027027027,7.30974257425743,173,66,16,37,202,30574,22105,8469,2396,6834,23740,7.16249065840256,7.41019544085048,6.51595456016059,6.36014190317195,7.16500665203395,7.16176638289806,220
"222",2019,11,7.27276267857143,280,7.56017293814433,6.62441860465116,6.40178571428571,7.525,7.230723125,194,86,28,40,240,30854,22299,8555,2424,6874,23980,7.1634913768069,7.41150023633346,6.51704490590298,6.36062293729373,7.1671014634856,7.16245652543786,221
"223",2019,12,7.35323765472313,307,7.52857624454148,6.83846153846154,6.76666666666667,7.535,7.32909210332103,229,78,18,36,271,31161,22528,8633,2442,6910,24251,7.16536076826803,7.412690328924,6.51994893663848,6.36361588861589,7.16901815629522,7.16431864417962,222
"224",2020,1,7.32233862258953,363,7.58792546875,6.68691588785047,6.54444444444444,6.9632380952381,7.36932373831776,256,107,27,42,321,31524,22784,8740,2469,6952,24572,7.16716837393732,7.41465926307935,6.52199304004577,6.36559335763467,7.16777495109321,7.16699675891258,223
"225",2020,2,7.24620689655172,290,7.52063725490196,6.59523255813953,5.86666666666667,7.70564102564103,7.17482071713147,204,86,18,39,251,31814,22988,8826,2487,6991,24823,7.16788884830578,7.41559973246911,6.52270668139588,6.36198230800161,7.17077549134601,7.16707587157072,224
"226",2020,3,6.97689569395018,281,7.19242208791209,6.58067545454545,6.53747,7.07341463414634,6.96040704166667,182,99,21,41,240,32095,23170,8925,2508,7032,25063,7.16621665399595,7.41384667544238,6.52334969635854,6.36345170255183,7.17020782992036,7.16509683796832,225
"227",2020,4,7.23481780780781,333,7.48735668224299,6.78067226890756,6.14285714285714,7.27040816326531,7.22867721830986,214,119,21,49,284,32428,23384,9044,2529,7081,25347,7.16692111261872,7.41451940643174,6.52673551968156,6.36161995650454,7.1709012088688,7.16580922318223,226
"228",2020,5,7.40062237341772,316,7.61053673728814,6.781375,6.7452380952381,7.56214285714286,7.37586375912409,236,80,21,42,274,32744,23620,9124,2550,7123,25621,7.1691764753848,7.41647791998306,6.52896822007891,6.36477916470588,7.17320812298189,7.16805562038952,227
"229",2020,6,7.33538152610442,249,7.59804597701149,6.726,6.23529411764706,7.61441176470588,7.29125581395349,174,75,17,34,215,32993,23794,9199,2567,7157,25836,7.17043083411633,7.41780568504665,6.53057463202522,6.36392164783794,7.17530410227749,7.16908085810497,228
"230",2020,7,7.22670212765957,282,7.4791052631579,6.7054347826087,6.3952380952381,7.29857142857143,7.21651821862348,190,92,21,35,247,33275,23984,9291,2588,7192,26083,7.17090772381668,7.41829129711474,6.53230610698525,6.36417576120556,7.17590398498331,7.16953007897864,229
"231",2020,8,7.32241245136187,257,7.61434065934066,6.614,7.03823529411765,7.56295454545455,7.27272300469484,182,75,17,44,213,33532,24166,9366,2605,7236,26296,7.17206890462841,7.41976779235289,6.53296028614136,6.36857461420345,7.1782575262576,7.17036595109522,230
"232",2020,9,7.2095818815331,287,7.3790404040404,6.83258426966292,6.28125,6.90147058823529,7.25098814229249,198,89,16,34,253,33819,24364,9455,2621,7270,26549,7.17238725302345,7.41943681127893,6.53578064939186,6.36804153758107,7.17696306189821,7.17113424422765,231
"233",2020,10,7.27118802768166,289,7.44598292307692,6.90858159574468,7.245,7.51612903225806,7.24175713178295,195,94,20,31,258,34108,24559,9549,2641,7301,26807,7.17322440043391,7.41964758907121,6.53945048800922,6.37468264672472,7.17840315847144,7.17181394374603,232
"234",2020,11,7.20656891495601,341,7.4725,6.57465346534653,6.66625,7.03138888888889,7.22724590163934,240,101,16,36,305,34449,24799,9650,2657,7337,27112,7.17355446747366,7.4201590846405,6.53981893367876,6.37643841550621,7.17768181273,7.17243753282679,233
"235",2020,12,7.34006267029973,367,7.54554117647059,6.87223214285714,6.30882352941176,7.35588372093023,7.33796296296296,255,112,17,43,324,34816,25054,9762,2674,7380,27436,7.17530965217141,7.42143522551289,6.54363272997337,6.37600855272999,7.17872011653116,7.1743922725616,234
"236",2021,1,7.25203389830508,413,7.4556862745098,6.6696261682243,6.47916666666667,7.12448979591837,7.2692032967033,306,107,24,49,364,35229,25360,9869,2698,7429,27800,7.17620911323058,7.42184850709779,6.54499875468639,6.37692619347665,7.17836242562929,7.17563368309352,235
"237",2021,2,7.23929423452769,307,7.47902638613861,6.77809523809524,6.56521739130435,7.34897959183674,7.21846251937984,202,105,23,49,258,35536,25562,9974,2721,7478,28058,7.17675411357497,7.42230034699945,6.5474526478845,6.37851777655274,7.17948040385129,7.17602750445505,236
"238",2021,3,7.19598540145985,274,7.40388601036269,6.70061728395062,6.015,7.42575757575758,7.16452282157676,193,81,10,33,241,35810,25755,10055,2731,7511,28299,7.17690126165875,7.42216235565909,6.54868649527598,6.37718669718052,7.18056243642657,7.17592952825188,237
"239",2021,4,7.33623188405797,276,7.49823863636364,7.0511,7.30071428571429,7.39324324324324,7.32740585774059,176,100,14,37,239,36086,25931,10155,2745,7548,28538,7.17811988527407,7.42267870386795,6.55363394485475,6.381896856102,7.18160498940116,7.17719811199103,238
"240",2021,5,7.26212837837838,296,7.48025641025641,6.8409900990099,6.57368421052632,7.1972972972973,7.27138996138996,195,101,19,37,259,36382,26126,10256,2764,7585,28797,7.17880336924853,7.42310845403046,6.55646379777691,6.38321522069464,7.18168153724456,7.17804527277147,239
"241",2021,6,7.29751152073733,217,7.53351351351351,6.79130434782609,6.37142857142857,7.49193548387097,7.26510752688172,148,69,14,31,186,36599,26274,10325,2778,7616,28983,7.17950720456843,7.42373035967115,6.55803319225182,6.38315582073434,7.18294438813025,7.17860399958596,240
"242",2021,7,7.31377409090909,242,7.48881101910828,6.99047058823529,6.58235294117647,7.35172413793103,7.30860718309859,157,85,17,29,213,36841,26431,10410,2795,7645,29196,7.18038917266089,7.42411693844349,6.56156414121038,6.38436739534884,7.18358462524526,7.17955244040279,241
"243",2021,8,7.39608156028369,282,7.57371287128713,6.9475625,6.5,7.75405405405405,7.34202040816327,202,80,14,37,245,37123,26633,10490,2809,7682,29441,7.18202765159066,7.42525156009461,6.56450788465205,6.38494370594518,7.18633226503514,7.18090445467205,242
"244",2021,9,7.37071897058824,272,7.60090581521739,6.88941920454545,6.9,7.44186046511628,7.35736052401747,184,88,16,43,229,37395,26817,10578,2825,7725,29670,7.18340013557962,7.42645678002759,6.56721087162035,6.38786083893805,7.18775462265372,7.18226638388945,243
"245",2021,10,7.36120542435424,271,7.57815217391304,6.90237551724138,6.32777777777778,7.30967741935484,7.367861125,184,87,18,31,240,37666,27001,10665,2843,7756,29910,7.18467941220198,7.4274905177586,6.56994498546648,6.38748043264158,7.18824193656524,7.18375560949515,244
"246",2021,11,7.47269736842105,304,7.66543778801843,6.99195402298851,6.875,7.81282051282051,7.42264150943396,217,87,16,39,265,37970,27218,10752,2859,7795,30175,7.18698537634975,7.42938759166727,6.57335967912947,6.39020876880028,7.19136683258499,7.18585353040596,245
"247",2021,12,7.37104317848411,409,7.56809682432432,6.85486725663717,5.73529411764706,7.03888888888889,7.42156805633803,296,113,17,54,355,38379,27514,10865,2876,7849,30530,7.18894685635373,7.43087984771389,6.57628746157386,6.38633757649513,7.19031780608994,7.18859439698657,246
"248",2022,1,7.40003108247423,582,7.61791749391728,6.87633918128655,6.68235294117647,7.53190909090909,7.38316296511628,411,171,34,66,516,38961,27925,11036,2910,7915,31046,7.1921000356767,7.43363266678603,6.58093668629939,6.38979617525773,7.19316619835755,7.19182822360368,247
"249",2022,2,7.46116223404255,376,7.72391666666667,6.92717741935484,5.78125,7.78480487804878,7.42155223880597,252,124,16,41,335,39337,28177,11160,2926,7956,31381,7.1946718481328,7.43622881144195,6.58478380555556,6.38646851332878,7.19621511563599,7.19428058474873,248
"250",2022,3,7.43857260273973,365,7.64107307692308,6.93714285714286,5.91666666666667,7.68111111111111,7.404465625,260,105,12,45,320,39702,28437,11265,2938,8001,31701,7.19691414764999,7.4381017062278,6.58806811096316,6.38454964942138,7.19894231471066,7.19640225955017,249
"251",2022,4,7.36289736842105,380,7.55109454545455,6.87,6.5,7.36775806451613,7.36194968553459,275,105,12,62,318,40082,28712,11370,2950,8063,32019,7.19848776233721,7.43918393772638,6.59067170360598,6.3850192779661,7.20024041423787,7.19804641088104,250
"252",2022,5,7.30899363387978,366,7.58148809523809,6.70663745614035,6.42352941176471,7.22578125,7.31696607784431,252,114,17,32,334,40448,28964,11484,2967,8095,32353,7.19948769185127,7.44042204875017,6.59182287878788,6.38523992922144,7.20034137862878,7.1992740920471,251
"253",2022,6,7.4175625,320,7.5953738317757,7.05858490566038,6.76923076923077,7.36842105263158,7.42418439716312,214,106,13,38,282,40768,29178,11590,2980,8133,32635,7.20119942503925,7.44155851052162,6.59609179810182,6.38691505704698,7.2011267010943,7.20121754864409,252
"254",2022,7,7.37829101587302,315,7.62348552173913,6.71482352941177,6.384,7.053125,7.41505890459364,230,85,15,32,283,41083,29408,11675,2995,8165,32918,7.20255725798992,7.44298136187432,6.5969562261242,6.38690045742905,7.20054665768524,7.2030559684671,253
"255",2022,8,7.38673469387755,392,7.58048327137546,6.9630081300813,6.60666666666667,7.68976744186047,7.34939828080229,269,123,15,43,349,41475,29677,11798,3010,8208,33267,7.20429800675105,7.44422771472857,6.6007724987286,6.38799563787375,7.20310958333333,7.20459122764301,254
