"","year","month","avg_rating","no_ratings","avg_rating_owned","avg_rating_not_owned","avg_rating_prev_owned","avg_rating_comment","avg_rating_no_comment","no_ratings_owned","no_ratings_not_owned","no_ratings_prev_owned","no_ratings_comment","no_ratings_no_comment","cum_no_ratings","cum_no_ratings_owned","cum_no_ratings_not_owned","cum_no_ratings_prev_owned","cum_no_ratings_comment","cum_no_ratings_no_comment","cum_avg_rating","cum_avg_rating_owned","cum_avg_rating_not_owned","cum_avg_rating_prev_owned","cum_avg_rating_comment","cum_avg_rating_no_comment","month_after_release"
"1",2003,1,6.5,6,6.6,6,NA,8,6.2,5,1,0,1,5,6,5,1,0,1,5,6.5,6.6,6,NA,8,6.2,0
"2",2003,2,6,5,6,6,NA,6,6,4,1,0,2,3,11,9,2,0,3,8,6.27272727272727,6.33333333333333,6,NA,6.66666666666667,6.125,1
"3",2003,3,7.375,4,7.83333333333333,6,NA,7.16666666666667,8,3,1,0,3,1,15,12,3,0,6,9,6.56666666666667,6.70833333333333,6,NA,6.91666666666667,6.33333333333333,2
"4",2003,4,6.91666666666667,6,7.5,4,NA,7.75,6.5,5,1,0,2,4,21,17,4,0,8,13,6.66666666666667,6.94117647058824,5.5,NA,7.125,6.38461538461539,3
"5",2003,5,5.6,5,5.33333333333333,6,NA,5.75,5,3,2,0,4,1,26,20,6,0,12,14,6.46153846153846,6.7,5.66666666666667,NA,6.66666666666667,6.28571428571429,4
"6",2003,6,7,2,7,7,7,7,7,1,1,1,1,1,28,21,7,1,13,15,6.5,6.71428571428571,5.85714285714286,7,6.69230769230769,6.33333333333333,5
"7",2003,7,7,17,7.07142857142857,6.66666666666667,NA,7.5,6.84615384615385,14,3,0,4,13,45,35,10,1,17,28,6.68888888888889,6.85714285714286,6.1,7,6.88235294117647,6.57142857142857,6
"8",2003,8,6.55,10,6.78571428571429,6,NA,6.625,6.5,7,3,0,4,6,55,42,13,1,21,34,6.66363636363636,6.84523809523809,6.07692307692308,7,6.83333333333333,6.55882352941176,7
"9",2003,9,5.25,4,5.5,5,NA,NA,5.25,2,2,0,0,4,59,44,15,1,21,38,6.56779661016949,6.78409090909091,5.93333333333333,7,6.83333333333333,6.42105263157895,8
"10",2003,10,7.33333333333333,3,7,8,NA,NA,7.33333333333333,2,1,0,0,3,62,46,16,1,21,41,6.60483870967742,6.79347826086957,6.0625,7,6.83333333333333,6.48780487804878,9
"11",2003,11,5.66666666666667,3,5.5,6,6,6,5,2,1,1,2,1,65,48,17,2,23,42,6.56153846153846,6.73958333333333,6.05882352941176,6.5,6.76086956521739,6.45238095238095,10
"12",2003,12,4.66666666666667,3,6,2,NA,5,4.5,2,1,0,1,2,68,50,18,2,24,44,6.47794117647059,6.71,5.83333333333333,6.5,6.6875,6.36363636363636,11
"13",2004,1,6.83333333333333,6,6.8,7,NA,9,6.4,5,1,0,1,5,74,55,19,2,25,49,6.50675675675676,6.71818181818182,5.89473684210526,6.5,6.78,6.36734693877551,12
"14",2004,2,6.83333333333333,6,6.83333333333333,NA,NA,5.5,7.5,6,0,0,2,4,80,61,19,2,27,53,6.53125,6.72950819672131,5.89473684210526,6.5,6.68518518518519,6.45283018867925,13
"15",2004,3,7.29,10,7.87777777777778,2,NA,7.98,6.6,9,1,0,5,5,90,70,20,2,32,58,6.61555555555555,6.87714285714286,5.7,6.5,6.8875,6.46551724137931,14
"16",2004,4,6.83333333333333,6,7,6,NA,8,5.66666666666667,5,1,0,3,3,96,75,21,2,35,61,6.62916666666667,6.88533333333333,5.71428571428571,6.5,6.98285714285714,6.42622950819672,15
"17",2004,5,7,7,6.91666666666667,7.5,NA,6.625,7.5,6,1,0,4,3,103,81,22,2,39,64,6.65436893203883,6.88765432098765,5.79545454545455,6.5,6.94615384615385,6.4765625,16
"18",2004,6,9,1,9,NA,NA,NA,9,1,0,0,0,1,104,82,22,2,39,65,6.67692307692308,6.91341463414634,5.79545454545455,6.5,6.94615384615385,6.51538461538462,17
"19",2004,7,6.3,5,6.375,6,NA,6.5,6,4,1,0,3,2,109,86,23,2,42,67,6.65963302752294,6.88837209302326,5.80434782608696,6.5,6.91428571428571,6.5,18
"20",2004,8,7.14285714285714,7,7.14285714285714,NA,NA,7,7.5,7,0,0,5,2,116,93,23,2,47,69,6.68879310344828,6.90752688172043,5.80434782608696,6.5,6.92340425531915,6.52898550724638,19
"21",2004,9,7.65,10,7.72222222222222,7,NA,8.375,7.16666666666667,9,1,0,4,6,126,102,24,2,51,75,6.76507936507937,6.97941176470588,5.85416666666667,6.5,7.03725490196078,6.58,20
"22",2004,10,6.77777777777778,9,7.16666666666667,6,NA,6.8,6.75,6,3,0,5,4,135,108,27,2,56,79,6.76592592592593,6.98981481481481,5.87037037037037,6.5,7.01607142857143,6.58860759493671,21
"23",2004,11,6.83333333333333,6,7,6.66666666666667,NA,6.5,7,3,3,0,2,4,141,111,30,2,58,83,6.76879432624113,6.99009009009009,5.95,6.5,6.99827586206897,6.60843373493976,22
"24",2004,12,7,6,7,NA,NA,7,7,6,0,0,5,1,147,117,30,2,63,84,6.77823129251701,6.99059829059829,5.95,6.5,6.9984126984127,6.61309523809524,23
"25",2005,1,7.8,13,7.94545454545455,7,7,8.625,7.43333333333333,11,2,1,4,9,160,128,32,3,67,93,6.86125,7.07265625,6.015625,6.66666666666667,7.0955223880597,6.69247311827957,24
"26",2005,2,4.33333333333333,3,NA,4.33333333333333,5,4.33333333333333,NA,0,3,2,3,0,163,128,35,5,70,93,6.81472392638037,7.07265625,5.87142857142857,6,6.97714285714286,6.69247311827957,25
"27",2005,3,7.4,5,7.75,6,6,6.66666666666667,8.5,4,1,1,3,2,168,132,36,6,73,95,6.83214285714286,7.09318181818182,5.875,6,6.96438356164384,6.73052631578947,26
"28",2005,4,6.6,5,6.75,6,6,6.5,6.66666666666667,4,1,1,2,3,173,136,37,7,75,98,6.82543352601156,7.08308823529412,5.87837837837838,6,6.952,6.72857142857143,27
"29",2005,5,5.11111111111111,9,5.28571428571429,4.5,NA,4.25,5.8,7,2,0,4,5,182,143,39,7,79,103,6.74065934065934,6.99510489510489,5.80769230769231,6,6.81518987341772,6.68349514563107,28
"30",2005,6,7,7,7,NA,NA,8.5,6.4,7,0,0,2,5,189,150,39,7,81,108,6.75026455026455,6.99533333333333,5.80769230769231,6,6.85679012345679,6.67037037037037,29
"31",2005,7,8.21428571428571,7,8.1,8.5,8,9,7.16666666666667,5,2,1,4,3,196,155,41,8,85,111,6.80255102040816,7.03096774193548,5.9390243902439,6.25,6.95764705882353,6.68378378378378,30
"32",2005,8,6.35714285714286,7,7.1,4.5,5,6.9,5,5,2,1,5,2,203,160,43,9,90,113,6.7871921182266,7.033125,5.87209302325581,6.11111111111111,6.95444444444445,6.65398230088496,31
"33",2005,9,6.92307692307692,13,7.27272727272727,5,NA,7.42857142857143,6.33333333333333,11,2,0,7,6,216,171,45,9,97,119,6.79537037037037,7.04853801169591,5.83333333333333,6.11111111111111,6.98865979381443,6.63781512605042,32
"34",2005,10,7.08333333333333,12,7.2,6.5,NA,7.8,6.57142857142857,10,2,0,5,7,228,181,47,9,102,126,6.81052631578947,7.05690607734807,5.86170212765957,6.11111111111111,7.02843137254902,6.63412698412698,33
"35",2005,11,6.66666666666667,9,7,4,NA,7,6.25,8,1,0,5,4,237,189,48,9,107,130,6.80506329113924,7.05449735449735,5.82291666666667,6.11111111111111,7.02710280373832,6.62230769230769,34
"36",2005,12,6.60769230769231,13,6.95,5.46666666666667,NA,5.375,7.15555555555556,10,3,0,4,9,250,199,51,9,111,139,6.7948,7.04924623115578,5.80196078431372,6.11111111111111,6.96756756756757,6.6568345323741,35
"37",2006,1,7.27,10,7.5875,6,7,6.74,7.8,8,2,1,5,5,260,207,53,10,116,144,6.81307692307692,7.07004830917874,5.80943396226415,6.2,6.95775862068966,6.69652777777778,36
"38",2006,2,6.5,6,6.25,7,NA,6.33333333333333,6.66666666666667,4,2,0,3,3,266,211,55,10,119,147,6.80601503759399,7.05450236966825,5.85272727272727,6.2,6.94201680672269,6.69591836734694,37
"39",2006,3,6.94444444444444,9,6.94444444444444,NA,NA,7.625,6.4,9,0,0,4,5,275,220,55,10,123,152,6.81054545454545,7.05,5.85272727272727,6.2,6.96422764227642,6.68618421052632,38
"40",2006,4,6.5,3,7.25,5,NA,5,7.25,2,1,0,1,2,278,222,56,10,124,154,6.80719424460432,7.0518018018018,5.8375,6.2,6.94838709677419,6.69350649350649,39
"41",2006,5,7.5,5,7.5,NA,NA,9,6.5,5,0,0,2,3,283,227,56,10,126,157,6.81943462897526,7.06167400881057,5.8375,6.2,6.98095238095238,6.68980891719745,40
"42",2006,6,7,7,7.6,5.5,NA,7.5,6.8,5,2,0,2,5,290,232,58,10,128,162,6.82379310344828,7.07327586206897,5.82586206896552,6.2,6.9890625,6.69320987654321,41
"43",2006,7,6.3,5,7.25,5.66666666666667,7,7,6.125,2,3,1,1,4,295,234,61,11,129,166,6.81491525423729,7.07478632478632,5.81803278688524,6.27272727272727,6.98914728682171,6.67951807228916,42
"44",2006,8,7.16666666666667,12,7.09090909090909,8,NA,7,7.25,11,1,0,4,8,307,245,62,11,133,174,6.82866449511401,7.07551020408163,5.85322580645161,6.27272727272727,6.98947368421053,6.70574712643678,43
"45",2006,9,6.5,16,6.72727272727273,6,6,5.25,6.91666666666667,11,5,2,4,12,323,256,67,13,137,186,6.81238390092879,7.060546875,5.86417910447761,6.23076923076923,6.93868613138686,6.71935483870968,44
"46",2006,10,5.85714285714286,7,6.25,5.33333333333333,NA,6,5.83333333333333,4,3,0,1,6,330,260,70,13,138,192,6.79212121212121,7.04807692307692,5.84142857142857,6.23076923076923,6.93188405797102,6.69166666666667,45
"47",2006,11,6,8,6.16666666666667,5.5,NA,6,6,6,2,0,3,5,338,266,72,13,141,197,6.77337278106509,7.0281954887218,5.83194444444444,6.23076923076923,6.91205673758865,6.6741116751269,46
"48",2006,12,7.37272727272727,11,7.41,7,7,7.5,7.3,10,1,1,4,7,349,276,73,14,145,204,6.79226361031519,7.04202898550725,5.84794520547945,6.28571428571429,6.92827586206897,6.69558823529412,47
"49",2007,1,6.73684210526316,19,6.6875,7,NA,6.4,6.85714285714286,16,3,0,5,14,368,292,76,14,150,218,6.78940217391304,7.02260273972603,5.89342105263158,6.28571428571429,6.91066666666667,6.70596330275229,48
"50",2007,2,6.53461,14,6.74444444444444,6.156908,7,6.2,6.72050444444444,9,5,1,5,9,382,301,81,15,155,227,6.7800642408377,7.01428571428571,5.90968567901234,6.33333333333333,6.88774193548387,6.70653982378855,49
"51",2007,3,6.9,5,6.375,9,9,9,5.5,4,1,1,2,3,387,305,82,16,157,230,6.78161379844961,7.00590163934426,5.94737243902439,6.5,6.91464968152866,6.69080234782609,50
"52",2007,4,7.08333333333333,12,7.18181818181818,6,6,7.14285714285714,7,11,1,1,7,5,399,316,83,17,164,235,6.79068807017544,7.01202531645569,5.94800650602409,6.47058823529412,6.92439024390244,6.69738102127659,51
"53",2007,5,7.11111111111111,9,7.375,5,NA,7.5,7,8,1,0,2,7,408,324,84,17,166,242,6.7977562254902,7.02098765432099,5.93672071428571,6.47058823529412,6.93132530120482,6.70613446280992,52
"54",2007,6,7.3,14,7.62727272727273,6.1,6,7.84285714285714,6.75714285714286,11,3,1,7,7,422,335,87,18,173,249,6.81441834123223,7.04089552238806,5.94235103448276,6.44444444444444,6.96820809248555,6.70756843373494,53
"55",2007,7,4.66666666666667,3,7,3.5,NA,2,6,1,2,0,1,2,425,336,89,18,174,251,6.79925774117647,7.04077380952381,5.88746674157303,6.44444444444444,6.93965517241379,6.70193043824701,54
"56",2007,8,7.65384615384615,13,7.63636363636364,7.75,NA,7.875,7.55555555555556,11,2,0,4,9,438,347,91,18,178,260,6.82462223744292,7.05965417867435,5.92840153846154,6.44444444444444,6.96067415730337,6.731479,55
"57",2007,9,7.42857142857143,7,7.42857142857143,NA,NA,8,7.33333333333333,7,0,0,1,6,445,354,91,18,179,266,6.83412256179775,7.06694915254237,5.92840153846154,6.44444444444444,6.96648044692737,6.74505466165413,56
"58",2007,10,6.86333333333333,9,7.39571428571429,5,5,6.75666666666667,6.91666666666667,7,2,1,3,6,454,361,93,19,182,272,6.83470162995595,7.07332409972299,5.90843591397849,6.36842105263158,6.96302197802198,6.74884022058823,57
"59",2007,11,7.06666666666667,15,7.07142857142857,7,NA,7.4,6.9,14,1,0,5,10,469,375,94,19,187,282,6.842120554371,7.07325333333333,5.92004829787234,6.36842105263158,6.97470588235294,6.7542004964539,58
"60",2007,12,7.09090909090909,22,7.05555555555556,7.25,7.5,6.84615384615385,7.44444444444444,18,4,2,13,9,491,393,98,21,200,291,6.85326790224032,7.0724427480916,5.97433204081632,6.47619047619048,6.96635,6.77554824742268,59
"61",2008,1,7.28571428571429,21,7.53125,6.5,NA,7.33333333333333,7.22222222222222,16,5,0,12,9,512,409,103,21,212,300,6.8710049609375,7.09039119804401,5.99984990291262,6.47619047619048,6.98712264150943,6.78894846666667,60
"62",2008,2,7.32142857142857,14,7.32142857142857,NA,NA,7.33333333333333,7.3125,14,0,0,6,8,526,423,103,21,218,308,6.88299342205323,7.0980378250591,5.99984990291262,6.47619047619048,6.99665137614679,6.80254720779221,61
"63",2008,3,6.61538461538461,13,6.8,6,5,7.4,6.125,10,3,2,5,8,539,433,106,23,223,316,6.87653903525046,7.09115473441109,5.99985415094339,6.34782608695652,7.00569506726457,6.78539411392405,62
"64",2008,4,7.52222222222222,9,7.5,7.7,NA,7.35,7.57142857142857,8,1,0,2,7,548,441,107,23,225,323,6.88714332116788,7.09857142857143,6.01574336448598,6.34782608695652,7.00875555555556,6.80242891640867,63
"65",2008,5,6.20454545454545,11,6.9375,4.25,NA,6.6875,5.92857142857143,8,3,0,4,7,559,449,110,23,229,330,6.8737111627907,7.09570155902004,5.96758672727273,6.34782608695652,7.00314410480349,6.78389254545454,64
"66",2008,6,7.26923076923077,13,7.375,6,NA,6.75,7.36363636363636,12,1,0,2,11,572,461,111,23,231,341,6.88270024475524,7.10297180043384,5.96787873873874,6.34782608695652,7.00095238095238,6.80259395894428,65
"67",2008,7,6.82142857142857,14,7.05,6.25,5.5,7.2,6.67,10,4,2,4,10,586,471,115,25,235,351,6.88123641638225,7.10184713375796,5.97769165217391,6.28,7.00434042553191,6.79881635327635,66
"68",2008,8,6.95,15,7.11363636363636,6.5,5,5.5,7.47727272727273,11,4,2,4,11,601,482,119,27,239,362,6.88295264559068,7.10211618257261,5.99524823529412,6.18518518518519,6.97916317991632,6.81943243093923,67
"69",2008,9,6.75,10,7.3,6.2,5.5,6.5,6.91666666666667,5,5,2,4,6,611,487,124,29,243,368,6.88077666121113,7.1041478439425,6.00350435483871,6.13793103448276,6.97127572016461,6.82101777173913,68
"70",2008,10,6.72727272727273,11,7.57142857142857,5.25,5,7,6.625,7,4,2,3,8,622,494,128,31,246,376,6.87806196141479,7.11076923076923,5.97995734375,6.06451612903226,6.97162601626016,6.81684718085106,69
"71",2008,11,6.27272727272727,11,7.28571428571429,4.5,5.5,6.66666666666667,6.125,7,4,2,3,8,633,501,132,33,249,384,6.86754271721959,7.11321357285429,5.93511015151515,6.03030303030303,6.96795180722892,6.80243369791667,70
"72",2008,12,7.08333333333333,6,7.08333333333333,NA,NA,7.5,6.875,6,0,0,2,4,639,507,132,33,251,388,6.86956892018779,7.11285996055227,5.93511015151515,6.03030303030303,6.97219123505976,6.80318180412371,71
"73",2009,1,6.66666666666667,12,6.54545454545455,8,8,6.33333333333333,6.77777777777778,11,1,1,3,9,651,518,133,34,254,397,6.86582878648233,7.10081081081081,5.95063563909774,6.08823529411765,6.96464566929134,6.80260589420655,72
"74",2009,2,6.33333333333333,18,6.59090909090909,5.92857142857143,6,6.75,6.125,11,7,2,6,12,669,529,140,36,260,409,6.85150155455904,7.09020793950851,5.94953242857143,6.08333333333333,6.95969230769231,6.78272503667482,73
"75",2009,3,6.90476190476191,21,7.03333333333333,6.58333333333333,6.5,7.64285714285714,6.53571428571429,15,6,1,7,14,690,544,146,37,267,423,6.85312252173913,7.08863970588235,5.97557904109589,6.09459459459459,6.97760299625468,6.77454973995272,74
"76",2009,4,7.40476190476191,21,7.6,6.91666666666667,6.75,7.55555555555556,7.29166666666667,15,6,4,9,12,711,559,152,41,276,435,6.86941566807314,7.10236135957066,6.0127272368421,6.15853658536585,6.99644927536232,6.78881503448276,75
"77",2009,5,6.40909090909091,22,6.67857142857143,5.9375,6.5,6.68181818181818,6.13636363636364,14,8,6,11,11,733,573,160,47,287,446,6.85559964529331,7.09200698080279,6.008965875,6.20212765957447,6.98439024390244,6.7727231838565,76
"78",2009,6,6.53846153846154,13,7,6,5.5,7.3,6.0625,7,6,2,5,8,746,580,166,49,292,454,6.85007310991957,7.09089655172414,6.00864180722891,6.1734693877551,6.98979452054795,6.76020823788546,77
"79",2009,7,7.21875,16,7.65384615384615,5.33333333333333,5.66666666666667,6.9375,7.5,13,3,3,8,8,762,593,169,52,300,462,6.85781435695538,7.10323777403035,5.99665408284024,6.14423076923077,6.9884,6.77301848484848,78
"80",2009,8,7.125,12,7.6,6.78571428571429,6.33333333333333,7.5,6.9375,5,7,3,4,8,774,598,176,55,304,470,6.86195677002584,7.10739130434782,6.02803715909091,6.15454545454545,6.99513157894737,6.77581817021276,79
"81",2009,9,6.54545454545455,11,7,5.33333333333333,5.33333333333333,5.66666666666667,6.875,8,3,3,3,8,785,606,179,58,307,478,6.85752170700637,7.10597359735973,6.01639407821229,6.11206896551724,6.98214983713355,6.77747811715481,80
"82",2009,10,6.83333333333333,12,7,6.66666666666667,6.5,6.33333333333333,7,6,6,4,3,9,797,612,185,62,310,487,6.85715751568381,7.10493464052287,6.037484,6.13709677419355,6.97587096774194,6.7815904312115,81
"83",2009,11,6.82,10,6.64,7,10,5.85,7.0625,5,5,1,2,8,807,617,190,63,312,495,6.8566970755886,7.10116693679092,6.06281336842105,6.1984126984127,6.96865384615385,6.78613038383838,82
"84",2009,12,7.48,10,7.725,6.5,7,9,7.31111111111111,8,2,1,1,9,817,625,192,64,313,504,6.86432624235006,7.109152,6.06736739583333,6.2109375,6.97514376996805,6.79550503968254,83
"85",2010,1,6.9,10,7.5,6.3,6.16666666666667,7.5,6,5,5,3,6,4,827,630,197,67,319,508,6.86475760580411,7.11225396825397,6.07327177664974,6.2089552238806,6.98501567398119,6.78924122047244,84
"86",2010,2,7.5,4,7.5,7.5,7,8,7.33333333333333,2,2,1,1,3,831,632,199,68,320,511,6.86781533092659,7.11348101265823,6.08761075376884,6.22058823529412,6.9881875,6.79243549902153,85
"87",2010,3,7.83333333333333,9,7.83333333333333,7.83333333333333,8.25,NA,7.83333333333333,6,3,2,0,9,840,638,202,70,320,520,6.87816016666667,7.12025078369906,6.11353732673267,6.27857142857143,6.9881875,6.81045103846154,86
"88",2010,4,7.75,2,7.75,NA,NA,9.5,6,2,0,0,1,1,842,640,202,70,321,521,6.88023104513064,7.12221875,6.11353732673267,6.27857142857143,6.99601246105919,6.80889547024952,87
"89",2010,5,6.625,4,7,6.25,6,6,7.25,2,2,1,2,2,846,642,204,71,323,523,6.87902427895981,7.12183800623053,6.11487519607843,6.27464788732394,6.98984520123839,6.81058229445507,88
"90",2010,6,7.66666666666667,3,9,7,7,8,7,1,2,1,2,1,849,643,206,72,325,524,6.88180746760895,7.12475894245723,6.1234686407767,6.28472222222222,6.99606153846154,6.81094377862595,89
"91",2010,7,6.15384615384615,13,6.875,5,5.75,4.5,6.45454545454545,8,5,2,2,11,862,651,211,74,327,535,6.87082893271462,7.12168970814132,6.09684616113744,6.27027027027027,6.98079510703364,6.80361596261682,90
"92",2010,8,7.63636363636364,11,8.25,6,8,8.33333333333333,7.375,8,3,1,3,8,873,659,214,75,330,543,6.88047484536082,7.13538694992413,6.0954885046729,6.29333333333333,6.99309090909091,6.81203414364641,91
"93",2010,9,7.33333333333333,3,9,6.5,6.5,6,8,1,2,2,1,2,876,660,216,77,331,545,6.88202573059361,7.13821212121212,6.09923398148148,6.2987012987013,6.99009063444109,6.81639365137615,92
"94",2010,10,6.2,5,6.2,NA,4,8,5.75,5,0,1,1,4,881,665,216,78,332,549,6.87815498297389,7.13115789473684,6.09923398148148,6.26923076923077,6.99313253012048,6.80862393442623,93
"95",2010,11,6,8,6.8,4.66666666666667,4,7,5.4,5,3,2,3,5,889,670,219,80,335,554,6.87025257592801,7.12868656716418,6.0796097716895,6.2125,6.99319402985075,6.79591072202166,94
"96",2010,12,6.2,10,7,5.66666666666667,NA,6.66666666666667,6,4,6,0,3,7,899,674,225,80,338,561,6.86279704115684,7.12792284866469,6.06859795555555,6.2125,6.99029585798816,6.78597957219251,95
"97",2011,1,7,7,6.8,7.5,NA,7,7,5,2,0,1,6,906,679,227,80,339,567,6.86385710816777,7.12550810014727,6.08120942731277,6.2125,6.99032448377581,6.78824433862434,96
"98",2011,2,6.375,10,6.59375,5.5,5,6.58333333333333,6.28571428571429,8,2,1,3,7,916,687,229,81,342,574,6.85852024017467,7.11931586608442,6.07613336244541,6.19753086419753,6.98675438596491,6.78211592334495,97
"99",2011,3,6.875,8,6.83333333333333,7,NA,7,6.8,6,2,0,3,5,924,693,231,81,345,579,6.85866292207792,7.11683982683983,6.08413220779221,6.19753086419753,6.98686956521739,6.7822703626943,98
"100",2011,4,7.28571428571429,7,8,6.75,6.75,6.5,7.6,3,4,4,2,5,931,696,235,85,347,584,6.86187383458647,7.12064655172414,6.09546612765957,6.22352941176471,6.98406340057637,6.78927147260274,99
"101",2011,5,6.33333333333333,6,6.66666666666667,6,6,NA,6.33333333333333,3,3,1,0,6,937,699,238,86,347,590,6.85848937033084,7.11869814020029,6.09426277310924,6.22093023255814,6.98406340057637,6.78463481355932,100
"102",2011,6,7.25,8,7.35714285714286,6.5,NA,6,7.42857142857143,7,1,0,1,7,945,706,239,86,348,597,6.86180374603175,7.12106232294617,6.09596041841004,6.22093023255814,6.98123563218391,6.79218515912898,101
"103",2011,7,6.1875,8,6.875,5.5,4.5,5,6.9,4,4,2,3,5,953,710,243,88,351,602,6.85614327387198,7.11967605633803,6.08615037037037,6.18181818181818,6.96430199430199,6.79308063122924,102
"104",2011,8,7.6,5,8,7.33333333333333,7.5,8.5,7,2,3,2,2,3,958,712,246,90,353,605,6.86002561586639,7.12214887640449,6.10135991869919,6.21111111111111,6.97300283286119,6.79410667768595,103
"105",2011,9,6.48333333333333,6,6.75,5.95,5.95,8.5,6.08,4,2,2,1,5,964,716,248,92,354,610,6.85768105809129,7.12006983240223,6.10013927419355,6.2054347826087,6.97731638418079,6.7882533442623,104
"106",2011,10,8,5,8,NA,NA,7,8.25,5,0,0,1,4,969,721,248,92,355,614,6.86357537667699,7.12617198335645,6.10013927419355,6.2054347826087,6.97738028169014,6.7977761237785,105
"107",2011,11,6.225,12,7.08333333333333,5.36666666666667,5,7,6.15454545454545,6,6,3,1,11,981,727,254,95,356,625,6.85576405708461,7.12581843191197,6.0828131496063,6.16736842105263,6.97744382022472,6.786455264,106
"108",2011,12,6.55,10,6.38888888888889,8,NA,7.16666666666667,6.28571428571429,9,1,0,3,7,991,736,255,95,359,632,6.85267864783047,7.11680706521739,6.09033152941176,6.16736842105263,6.97902506963788,6.78090908227848,107
"109",2012,1,7.14166666666667,12,7.57,5,NA,8.66666666666667,6.63333333333333,10,2,0,3,9,1003,746,257,95,362,641,6.85613613160518,7.12288203753351,6.08184645914397,6.16736842105263,6.99301104972376,6.77883703588143,108
"110",2012,2,7.4,10,7.5,7,8,8,6.8,8,2,1,5,5,1013,754,259,96,367,646,6.86150497532083,7.12688328912467,6.08893644787645,6.18645833333333,7.00673024523161,6.77900083591331,109
"111",2012,3,7.16666666666667,6,7,7.5,6,7,7.33333333333333,4,2,1,3,3,1019,758,261,97,370,649,6.86330180569185,7.12621372031662,6.0997491954023,6.18453608247423,7.00667567567567,6.7815632357473,110
"112",2012,4,7.38571428571429,14,8.24,5.25,5.8,8.5,6.94,10,4,5,4,10,1033,768,265,102,374,659,6.87038193610842,7.14071614583333,6.08692279245283,6.1656862745098,7.02264705882353,6.78396743550834,111
"113",2012,5,7.9,10,8.42857142857143,6.66666666666667,7,7.33333333333333,8.14285714285714,7,3,1,3,7,1043,775,268,103,377,666,6.8802536337488,7.15234838709677,6.09341246268657,6.17378640776699,7.02511936339523,6.79825006006006,112
"114",2012,6,6.66666666666667,6,7,5,5,7,6.5,5,1,1,2,4,1049,780,269,104,379,670,6.87903197330791,7.15137179487179,6.08934773234201,6.1625,7.02498680738786,6.79646946268657,113
"115",2012,7,6.45272727272727,11,6.64285714285714,6.12,6.1,NA,6.45272727272727,7,4,1,0,11,1060,787,273,105,379,681,6.87460805660377,7.14684879288437,6.08979684981685,6.16190476190476,7.02498680738786,6.79091709251101,114
"116",2012,8,7,3,8,5,NA,9,6,2,1,0,1,2,1063,789,274,105,380,683,6.87496193791157,7.1490114068441,6.08581948905109,6.16190476190476,7.03018421052632,6.78860108345534,115
"117",2012,9,6.8125,8,7.3,6,7,9,6.5,5,3,2,1,7,1071,794,277,107,381,690,6.87449536881419,7.14996221662468,6.08489003610108,6.17757009345794,7.03535433070866,6.78567324637681,116
"118",2012,10,6.91666666666667,9,7.875,5,7,5.4375,8.1,6,3,1,4,5,1080,800,280,108,385,695,6.87484679629629,7.1554,6.07326621428571,6.18518518518519,7.01875324675325,6.79512883453237,117
"119",2012,11,6.27777777777778,9,7,4.83333333333333,NA,6.5,6.1,6,3,0,4,5,1089,806,283,108,389,700,6.86991234159779,7.15424317617866,6.06012204946996,6.18518518518519,7.01341902313625,6.79016362857143,118
"120",2012,12,7.6,5,7.75,7,7,NA,7.6,4,1,1,0,5,1094,810,284,109,389,705,6.87324912248629,7.15718518518518,6.06343147887324,6.19266055045872,7.01341902313625,6.79590714893617,119
"121",2013,1,7.16666666666667,9,8.25,5,6,6,7.3125,6,3,2,1,8,1103,816,287,111,390,713,6.87564328195829,7.16522058823529,6.05231547038327,6.18918918918919,7.01082051282051,6.80170342215989,120
"122",2013,2,8.33333333333333,6,8.33333333333333,NA,NA,9,8.2,6,0,0,1,5,1109,822,287,111,391,718,6.88352979260595,7.17374695863747,6.05231547038327,6.18918918918919,7.01590792838875,6.81144086350975,121
"123",2013,3,5.5,4,NA,5.5,NA,NA,5.5,0,4,0,0,4,1113,822,291,111,391,722,6.87855753818508,7.17374695863747,6.04472350515464,6.18918918918919,7.01590792838875,6.80417526315789,122
"124",2013,4,7.91666666666667,6,8.2,6.5,6.5,7.91666666666667,NA,5,1,1,6,0,1119,827,292,112,397,722,6.88412380697051,7.17995163240629,6.04628267123288,6.19196428571429,7.02952141057934,6.80417526315789,123
"125",2013,5,7,1,7,NA,NA,NA,7,1,0,0,0,1,1120,828,292,112,397,723,6.88422726785714,7.17973429951691,6.04628267123288,6.19196428571429,7.02952141057934,6.80444611341632,124
"126",2013,6,7.25,4,8,6.5,6,NA,7.25,2,2,1,0,4,1124,830,294,113,397,727,6.88552895017793,7.18171084337349,6.04936918367347,6.19026548672566,7.02952141057934,6.80689757909216,125
"127",2013,7,7.6,5,8,6,8,7.5,7.66666666666667,4,1,1,2,3,1129,834,295,114,399,730,6.88869312666076,7.18563549160671,6.04920183050847,6.20614035087719,7.03187969924812,6.81043087671233,126
"128",2013,8,6.97727272727273,11,8.2,5.95833333333333,6.375,6.58333333333333,7.125,5,6,2,3,8,1140,839,301,116,402,738,6.88954784210526,7.19168057210965,6.04739049833887,6.20905172413793,7.02853233830846,6.8138408401084,127
"129",2013,9,7.4625,8,7.83333333333333,6.35,NA,7,7.52857142857143,6,2,0,1,7,1148,845,303,116,403,745,6.89354054006968,7.19623668639053,6.04938792079208,6.20905172413793,7.02846153846154,6.8205564295302,128
"130",2013,10,7.33333333333333,9,7.33333333333333,NA,NA,6.5,7.4375,9,0,0,1,8,1157,854,303,116,404,753,6.89696157303371,7.19768149882904,6.04938792079208,6.20905172413793,7.02715346534653,6.82711094289508,129
"131",2013,11,7.6225,40,7.80588235294118,6.58333333333333,6,7.80555555555556,7.47272727272727,34,6,2,18,22,1197,888,309,118,422,775,6.92120680033417,7.22096846846847,6.05975579288026,6.20550847457627,7.06035545023697,6.84543811612903,130
"132",2013,12,7.6197619047619,42,7.97147058823529,6.125,6,7.29166666666667,7.751,34,8,2,12,30,1239,922,317,120,434,805,6.94488663438256,7.2486442516269,6.06140233438486,6.20208333333333,7.06675115207373,6.87918576397515,131
"133",2014,1,7.49387755102041,49,7.83939393939394,6.78125,7,7.15384615384615,7.61666666666667,33,16,6,13,36,1288,955,333,126,447,841,6.96577215838509,7.26905759162303,6.09598960960961,6.24007936507936,7.0692841163311,6.91075450653983,132
"134",2014,2,7.4,32,7.70869565217391,6.61111111111111,6.33333333333333,7.6,7.36296296296296,23,9,3,5,27,1320,978,342,129,452,868,6.97629889393939,7.27939672801636,6.10954543859649,6.2422480620155,7.07515486725664,6.92482089861751,133
"135",2014,3,7.61764705882353,17,8,5.83333333333333,6,7.5,7.68181818181818,14,3,1,6,11,1337,992,345,130,458,879,6.98445365744203,7.28956653225806,6.1071435942029,6.24038461538461,7.08072052401747,6.93429412969283,134
"136",2014,4,6.88888888888889,18,6.84615384615385,7,7,6.9,6.88461538461539,13,5,4,5,13,1355,1005,350,134,463,892,6.98318416236162,7.28383084577114,6.11989868571429,6.26305970149254,7.07876889848812,6.93357011210762,135
"137",2014,5,7.0625,16,7.54166666666667,5.625,5,7,7.07142857142857,12,4,3,2,14,1371,1017,354,137,465,906,6.98410980306345,7.28687315634218,6.11430661016949,6.23540145985401,7.07843010752688,6.93570037527594,136
"138",2014,6,6.79411764705882,17,6.90625,5,NA,7,6.65,16,1,0,7,10,1388,1033,355,137,472,916,6.98178280979827,7.28097773475314,6.11116771830986,6.23540145985401,7.07726694915254,6.93258137554585,137
"139",2014,7,7.64,20,7.68333333333333,7.25,7.25,8.4,7.23076923076923,18,2,2,7,13,1408,1051,357,139,479,929,6.99113248579545,7.28786869647954,6.11754773109244,6.25,7.09659707724426,6.93675407965554,138
"140",2014,8,6.23913043478261,23,7.2,4.4375,5.125,6.66666666666667,6.175,15,8,4,3,20,1431,1066,365,143,482,949,6.97904580013976,7.28663227016885,6.08072476712329,6.21853146853147,7.09392116182573,6.92070025289778,139
"141",2014,9,6.83529411764706,17,7.01333333333333,5.5,5.5,5.425,7.26923076923077,15,2,2,4,13,1448,1081,367,145,486,962,6.9773581077348,7.28283996299722,6.07756005449591,6.20862068965517,7.08018518518518,6.92541012474012,140
"142",2014,10,6.94736842105263,19,6.9,7.125,7.125,6.8,7,15,4,4,5,14,1467,1096,371,149,491,976,6.97696969325153,7.2776003649635,6.08885320754717,6.23322147651007,7.07733197556008,6.92648006147541,141
"143",2014,11,6.81716666666667,30,6.83333333333333,6.7525,7,6.41666666666667,7.08416666666667,24,6,3,12,18,1497,1120,377,152,503,994,6.97376722778891,7.26808035714286,6.09941522546419,6.24835526315789,7.06157057654076,6.92933555331992,142
"144",2014,12,7.61538461538461,26,8.15,5.83333333333333,6.33333333333333,8.28571428571429,7.36842105263158,20,6,3,7,19,1523,1140,383,155,510,1013,6.98472064346684,7.28355263157895,6.09524684073107,6.25,7.07837254901961,6.93757111549852,143
"145",2015,1,6.3046875,32,6.67,5,5.33333333333333,6,6.325,25,7,3,2,30,1555,1165,390,158,512,1043,6.97072639228296,7.27038626609442,6.07558856410256,6.23259493670886,7.07416015625,6.91995162032598,144
"146",2015,2,6.92608695652174,23,7.17368421052632,5.75,5.66666666666667,6.85,6.96666666666667,19,4,3,8,15,1578,1184,394,161,520,1058,6.97007575411914,7.26883445945946,6.0722830964467,6.22204968944099,7.07071153846154,6.92061393194707,145
"147",2015,3,6.83333333333333,24,7.11764705882353,6.14285714285714,6,6.625,6.9375,17,7,6,8,16,1602,1201,401,167,528,1074,6.96802717852684,7.26669442131557,6.07351506234414,6.21407185628743,7.06395833333333,6.92086549348231,146
"148",2015,4,7.07142857142857,21,7.21176470588235,6.475,5.95,7.25,7.02941176470588,17,4,2,4,17,1623,1218,405,169,532,1091,6.96936508934072,7.26592775041051,6.07748034567901,6.21094674556213,7.06535714285714,6.92255686526123,147
"149",2015,5,5.975,16,6.36363636363636,5.12,6,7.66666666666667,5.58461538461538,11,5,1,3,13,1639,1229,410,170,535,1104,6.95965804758999,7.25785191212368,6.06580375609756,6.20970588235294,7.06872897196262,6.90680211956522,148
"150",2015,6,7.32608695652174,23,7.45,6.5,NA,6.78571428571429,7.5625,20,3,0,7,16,1662,1249,413,170,542,1120,6.96472896510228,7.26092874299439,6.06895772397094,6.20970588235294,7.06507380073801,6.91616923214286,149
"151",2015,7,6.38,20,6.48181818181818,6.25555555555556,7,6.66666666666667,6.32941176470588,11,9,4,3,17,1682,1260,422,174,545,1137,6.95777618311534,7.25412698412698,6.0729372985782,6.22787356321839,7.06288073394495,6.90739625329815,150
"152",2015,8,6.55952380952381,21,6.82894736842105,4,6.5,6.71428571428571,6.48214285714286,19,2,2,7,14,1703,1279,424,176,552,1151,6.95286526130358,7.24781078967944,6.06315929245283,6.23096590909091,7.05846014492754,6.90222375325803,151
"153",2015,9,7.63636363636364,11,7.63636363636364,NA,NA,7.125,7.92857142857143,11,0,0,4,7,1714,1290,424,176,556,1158,6.95725177362894,7.25112403100775,6.06315929245283,6.23096590909091,7.05893884892086,6.90842792746114,152
"154",2015,10,6.76176470588235,17,6.8125,6.64,6.66666666666667,6.66666666666667,6.78214285714286,12,5,3,3,14,1731,1302,429,179,559,1172,6.95533191218948,7.24708141321044,6.06988237762238,6.23826815642458,7.05683363148479,6.90691940273037,153
"155",2015,11,7.16315789473684,19,7.60666666666667,5.5,8.21666666666667,6.5,7.24117647058824,15,4,3,2,17,1750,1317,433,182,561,1189,6.95758830857143,7.25117691723614,6.06461787528868,6.27087912087912,7.05484848484848,6.91169851976451,154
"156",2015,12,7,14,7,NA,NA,6.42857142857143,7.57142857142857,14,0,0,7,7,1764,1331,433,182,568,1196,6.95792490929705,7.24853493613824,6.06461787528868,6.27087912087912,7.04713028169014,6.91555981605351,155
"157",2016,1,6.59,30,6.65555555555556,6,6.5,6.5,6.62272727272727,27,3,2,8,22,1794,1358,436,184,576,1218,6.95177231884058,7.23674521354934,6.06417325688073,6.27336956521739,7.03953125,6.91027055829228,156
"158",2016,2,8,10,8,8,NA,7.5,8.125,8,2,0,2,8,1804,1366,438,184,578,1226,6.95758289356984,7.24121522693997,6.07301264840183,6.27336956521739,7.04112456747405,6.91819701468189,157
"159",2016,3,6.77272727272727,11,7.08333333333333,6.4,6.5,6,6.94444444444444,6,5,4,2,9,1815,1372,443,188,580,1235,6.95646255647383,7.24052478134111,6.07670325056433,6.2781914893617,7.03753448275862,6.91838829149797,158
"160",2016,4,6.81578947368421,19,6.85714285714286,6.7,7,7.25,6.7,14,5,2,4,15,1834,1386,448,190,584,1250,6.95500520174482,7.23665223665224,6.0836596875,6.28578947368421,7.0389897260274,6.915767632,159
"161",2016,5,7.21052631578947,19,7.1875,7.33333333333333,8,7.33333333333333,7.1875,16,3,1,3,16,1853,1402,451,191,587,1266,6.95762522396114,7.2360912981455,6.09197237250554,6.29476439790576,7.0404940374787,6.91920184834123,160
"162",2016,6,7,20,7.26666666666667,6.2,5.66666666666667,7.5,6.94444444444444,15,5,3,2,18,1873,1417,456,194,589,1284,6.95807770421783,7.2364149611856,6.09315688596491,6.28505154639175,7.04205432937182,6.9195557165109,161
"163",2016,7,6.16666666666667,12,6.28571428571429,6,6.16666666666667,7.125,5.6875,7,5,3,4,8,1885,1424,461,197,593,1292,6.95303954376658,7.23174157303371,6.09214650759219,6.28324873096447,7.04261382799325,6.91192688854489,162
"164",2016,8,7.02,15,6.98333333333333,7.16666666666667,7,7.125,6.98181818181818,12,3,2,4,11,1900,1436,464,199,597,1303,6.95356817894737,7.22966573816156,6.0990938362069,6.29045226130653,7.04316582914573,6.91251691481197,163
"165",2016,9,7,17,7.33333333333333,4.5,NA,6.66666666666667,7.18181818181818,15,2,0,6,11,1917,1451,466,199,603,1314,6.95397993740219,7.23073742246726,6.09223077253219,6.29045226130653,7.03941956882255,6.91477133942161,164
"166",2016,10,6.83076923076923,13,7.48,4.66666666666667,5.5,4.5,7.25454545454545,10,3,2,2,11,1930,1461,469,201,605,1325,6.95315002072539,7.23244353182751,6.08311202558635,6.28258706467662,7.03102479338843,6.91759210566037,165
"167",2016,11,7.19230769230769,13,7.16666666666667,7.5,NA,7.5,6.92857142857143,12,1,0,6,7,1943,1473,470,201,611,1332,6.95475014925373,7.23190767141887,6.08612668085106,6.28258706467662,7.03563011456628,6.9176498048048,166
"168",2016,12,7.04736842105263,19,7.575,6.14285714285714,5.5,6.85,7.1,12,7,2,4,15,1962,1485,477,203,615,1347,6.95564706422018,7.23468013468013,6.0869592033543,6.27487684729064,7.03442276422764,6.91968043058649,167
"169",2017,1,7.055,20,7.42307692307692,6.37142857142857,6.65,8.16666666666667,6.85882352941176,13,7,4,3,17,1982,1498,484,207,618,1364,6.95664961654894,7.23631508678237,6.09107342975207,6.28212560386473,7.03991909385113,6.91892195014663,168
"170",2017,2,7.42857142857143,14,8.875,5.5,5.25,NA,7.42857142857143,8,6,4,0,14,1996,1506,490,211,618,1378,6.95995968937876,7.24501992031872,6.08383579591837,6.26255924170616,7.03991909385113,6.92409981132075,169
"171",2017,3,7.26666666666667,15,7.9,6,6,7,7.36363636363636,10,5,3,4,11,2011,1516,495,214,622,1389,6.96224740924913,7.24934036939314,6.08298896969697,6.2588785046729,7.03966237942122,6.92758066234701,170
"172",2017,4,7.52941176470588,17,8.07692307692308,5.75,NA,8.33333333333333,7.09090909090909,13,4,0,6,11,2028,1529,499,214,628,1400,6.96700174556213,7.25637671680837,6.08031971943888,6.2588785046729,7.05202229299363,6.92886395714285,171
"173",2017,5,6.04545454545455,11,6.64285714285714,5,5.5,6.6,5.58333333333333,7,4,2,5,6,2039,1536,503,216,633,1406,6.9620301814615,7.25358072916666,6.07172870775348,6.25185185185185,7.04845181674565,6.9231220056899,172
"174",2017,6,6.825,20,7.03125,6,5.5,6.7,6.86666666666667,16,4,2,5,15,2059,1552,507,218,638,1421,6.96069914521612,7.25128865979381,6.07116280078895,6.24495412844037,7.04572100313479,6.9225260661506,173
"175",2017,7,7.125,8,7.16666666666667,7,7,7.5,7,6,2,2,2,6,2067,1558,509,220,640,1427,6.96133504596033,7.25096277278562,6.07481245579568,6.25181818181818,7.047140625,6.92285181499649,174
"176",2017,8,6.21428571428571,21,6.46875,5.4,6,7.3,5.875,16,5,3,5,16,2088,1574,514,223,645,1443,6.95382161877394,7.24301143583227,6.06824813229572,6.24843049327354,7.0491007751938,6.91123322245322,175
"177",2017,9,7.21428571428571,21,7.46428571428571,6.71428571428571,7,8,6.9,14,7,3,6,15,2109,1588,521,226,651,1458,6.9564151446183,7.24496221662468,6.07692809980806,6.25840707964602,7.05786482334869,6.91111765432099,176
"178",2017,10,6.72727272727273,11,7.2,6.33333333333333,7,8.33333333333333,6.125,5,6,2,3,8,2120,1593,527,228,654,1466,6.95522619811321,7.24482109227872,6.07984732447818,6.26491228070175,7.06371559633027,6.9068277899045,177
"179",2017,11,6.73333333333333,15,6.90909090909091,6.25,6,6.9375,6.5,11,4,2,8,7,2135,1604,531,230,662,1473,6.95366723185012,7.24251870324189,6.08112907721281,6.26260869565217,7.06219033232628,6.90489446028513,178
"180",2017,12,6.5,10,6.75,5.5,6,5.5,6.75,8,2,1,2,8,2145,1612,533,231,664,1481,6.95155223310023,7.24007444168734,6.07894848030019,6.26147186147186,7.05748493975903,6.90405775827144,179
"181",2018,1,6.94117647058824,17,7.45454545454545,6,6.5,7.4,6.75,11,6,4,5,12,2162,1623,539,235,669,1493,6.95147064754856,7.241528034504,6.07806964749536,6.26553191489362,7.06004484304933,6.9028195177495,180
"182",2018,2,6.82352941176471,17,7.33333333333333,5.6,5.6,7.5,6.35,12,5,5,7,10,2179,1635,544,240,676,1503,6.95047248279027,7.24220183486238,6.073675625,6.25166666666667,7.06460059171598,6.89914141051231,181
"183",2018,3,6.53846153846154,13,7.83333333333333,5.42857142857143,6,7.66666666666667,6.2,6,7,2,3,10,2192,1641,551,242,679,1513,6.94802898722628,7.24436319317489,6.06548010889292,6.2495867768595,7.06726067746686,6.89452051553205,182
"184",2018,4,6.95769230769231,13,7.35714285714286,6.49166666666667,5.98333333333333,10,6.70416666666667,7,6,3,1,12,2205,1648,557,245,680,1525,6.94808595918367,7.24484223300971,6.07007098743267,6.24632653061225,7.07157352941176,6.89302264918033,183
"185",2018,5,6.52384615384615,13,6.75666666666667,6,8,6.33333333333333,6.581,9,4,1,3,10,2218,1657,561,246,683,1535,6.94559943192065,7.24219070609535,6.06957137254902,6.25345528455285,7.06833089311859,6.89098992833876,184
"186",2018,6,6.54545454545455,11,7,5.33333333333333,5,6.33333333333333,6.8,8,3,1,6,5,2229,1665,564,247,689,1540,6.94362473755047,7.24102702702702,6.06565521276596,6.24838056680162,7.06193033381713,6.8906945064935,185
"187",2018,7,6.77083333333333,12,7.11428571428571,6.29,6.29,6,6.84090909090909,7,5,5,1,11,2241,1672,569,252,690,1551,6.94269948237394,7.24049641148325,6.06762660808436,6.24920634920635,7.06039130434783,6.89034141843971,186
"188",2018,8,7.42307692307692,13,7.5,6.5,NA,6.75,7.72222222222222,12,1,0,4,9,2254,1684,570,252,694,1560,6.94547007098491,7.24234560570071,6.06838515789474,6.24920634920635,7.0586023054755,6.89514073076923,187
"189",2018,9,5.84090909090909,11,6.54166666666667,5,4.33333333333333,4.5,6.13888888888889,6,5,3,2,9,2265,1690,575,255,696,1569,6.94010575717439,7.23985798816568,6.05909485217391,6.22666666666667,7.05125,6.89080276609305,188
"190",2018,10,7.1,10,8,6.2,6.25,8.33333333333333,6.57142857142857,5,5,4,3,7,2275,1695,580,259,699,1576,6.94080858901099,7.24210029498525,6.06030955172414,6.22702702702703,7.05675250357654,6.88938422588832,189
"191",2018,11,6.94444444444444,9,7.08333333333333,6.66666666666667,7,7.16666666666667,6.83333333333333,6,3,1,3,6,2284,1701,583,260,702,1582,6.94082291593695,7.24154027042916,6.06342974271012,6.23,7.05722222222222,6.88917164348925,190
"192",2018,12,7.60058823529412,17,7.96230769230769,6.425,6.4,6.61833333333333,8.13636363636364,13,4,3,6,11,2301,1714,587,263,708,1593,6.94569732290308,7.24700700116686,6.06589359454855,6.2319391634981,7.05350282485876,6.89778376647834,191
"193",2019,1,7.19444444444444,18,7.46875,5,6,7.5,7.07692307692308,16,2,1,5,13,2319,1730,589,264,713,1606,6.94762808969383,7.24905780346821,6.0622742614601,6.23106060606061,7.05663394109397,6.89923383561644,192
"194",2019,2,7.96666666666667,15,8.5,6.9,8.5,7.875,8,10,5,2,4,11,2334,1740,594,266,717,1617,6.95417718080548,7.25624712643678,6.06932582491582,6.24812030075188,7.06119944211994,6.90672204081632,193
"195",2019,3,7.5,7,8.66666666666667,6.625,5,7,7.58333333333333,3,4,2,1,6,2341,1743,598,268,718,1623,6.95580928662964,7.25867469879518,6.0730427090301,6.23880597014925,7.06111420612813,6.90922337646334,194
"196",2019,4,6.66666666666667,9,6.6,6.75,7,6.66666666666667,6.66666666666667,5,4,1,3,6,2350,1748,602,269,721,1629,6.95470193191489,7.25679061784897,6.0775407641196,6.24163568773234,7.05947295423023,6.90832998158379,195
"197",2019,5,6.75,14,7.22727272727273,5,5,6.33333333333333,6.86363636363636,11,3,3,3,11,2364,1759,605,272,724,1640,6.95348965313029,7.25660602615122,6.07219758677686,6.22794117647059,7.05646408839779,6.90803020731707,196
"198",2019,6,6.96428571428571,14,7.27777777777778,6.4,6,7.1,6.88888888888889,9,5,2,5,9,2378,1768,610,274,729,1649,6.95355321278385,7.25671380090497,6.07488449180328,6.22627737226277,7.05676268861454,6.90792573681019,197
"199",2019,7,7.88769230769231,13,8.14,6.5,NA,8.885,7.44444444444444,11,2,0,4,9,2391,1779,612,274,733,1658,6.9586321790046,7.26217537942664,6.07627375816993,6.22627737226277,7.06673942701228,6.91083808202654,198
"200",2019,8,7.6,15,7.81818181818182,7,7,8.2,7.3,11,4,2,5,10,2406,1790,616,276,738,1668,6.96263073150457,7.26559217877095,6.08227198051948,6.23188405797102,7.07441734417344,6.91317118705036,199
"201",2019,9,6.1,8,6.33333333333333,5.4,6.75,6.5,5.7,6,2,2,4,4,2414,1796,618,278,742,1672,6.95977197183098,7.26247772828508,6.08006398058252,6.23561151079137,7.07132075471698,6.91026886363636,200
"202",2019,10,7.45833333333333,12,8.05555555555556,5.66666666666667,7,8,7.35,9,3,1,2,10,2426,1805,621,279,744,1682,6.96223806265457,7.26643213296399,6.0780668921095,6.23835125448029,7.07381720430107,6.91288319857312,201
"203",2019,11,6.1,10,6.66666666666667,1,NA,3.5,6.75,9,1,0,2,8,2436,1814,622,279,746,1690,6.95869849753694,7.26345644983462,6.06990279742765,6.23835125448029,7.06423592493297,6.91211215384615,202
"204",2019,12,6.90909090909091,11,6.85,7.5,6.25,7,6.88888888888889,10,1,2,2,9,2447,1824,623,281,748,1699,6.95847549652636,7.26118969298245,6.07219829855538,6.23843416370107,7.06406417112299,6.91198913478517,203
"205",2020,1,6.16666666666667,12,6.27272727272727,5,NA,6,6.25,11,1,0,4,8,2459,1835,624,281,752,1707,6.95461144367629,7.25526430517711,6.07048003205128,6.23843416370107,7.05840425531915,6.90888666666666,204
"206",2020,2,7.10588235294118,17,7.18666666666667,6.5,NA,7.5,7.05333333333333,15,2,0,2,15,2476,1850,626,281,754,1722,6.95565005654281,7.25470810810811,6.07185230031949,6.23843416370107,7.05957559681698,6.91014491289198,205
"207",2020,3,6.37384615384615,13,6.76222222222222,5.5,6,7,6.32166666666667,9,4,3,1,12,2489,1859,630,284,755,1734,6.95261130574528,7.25232383001614,6.06822149206349,6.23591549295775,7.05949668874172,6.90607239907728,206
"208",2020,4,7.91071428571429,14,8.29545454545454,6.5,7,7.8,7.97222222222222,11,3,3,5,9,2503,1870,633,287,760,1743,6.95797025169796,7.25845989304813,6.070267835703,6.24390243902439,7.06436842105263,6.91157747561675,207
"209",2020,5,7.7,10,8.375,5,5,7.75,7.66666666666667,8,2,2,4,6,2513,1878,635,289,764,1749,6.96092301631516,7.26321618743344,6.06689691338583,6.23529411764706,7.06795811518325,6.91416783304745,208
"210",2020,6,7.57142857142857,7,8.2,6,NA,9,7.33333333333333,5,2,0,1,6,2520,1883,637,289,765,1755,6.96261886507936,7.26570366436537,6.06668687598116,6.23529411764706,7.07048366013072,6.91560087749288,209
"211",2020,7,7.125,8,7.42857142857143,5,6,7.5,6.75,7,1,2,4,4,2528,1890,638,291,769,1759,6.96313272943038,7.26630687830688,6.06501495297806,6.23367697594502,7.0727178153446,6.91522429789653,210
"212",2020,8,5.75,10,6.41666666666667,4.75,4.66666666666667,7.25,5.375,6,4,3,2,8,2538,1896,642,294,771,1767,6.95835285263987,7.26361814345991,6.05682171339564,6.21768707482993,7.07317769130999,6.90825101301641,211
"213",2020,9,6.75,8,7.33333333333333,5,NA,7,6.71428571428571,6,2,0,1,7,2546,1902,644,294,772,1774,6.95769816967792,7.26383806519453,6.05353965838509,6.21768707482993,7.0730829015544,6.90748564825253,212
"214",2020,10,7.25,8,7.2,7.33333333333333,7,7.5,7.16666666666667,5,3,2,2,6,2554,1907,647,296,774,1780,6.95861375880971,7.26367068694284,6.05947378670788,6.22297297297297,7.07418604651163,6.90835929213483,213
"215",2020,11,6.39285714285714,14,6.88888888888889,5.5,NA,7,6.29166666666667,9,5,0,2,12,2568,1916,652,296,776,1792,6.95552941588785,7.26191022964509,6.05518334355828,6.22297297297297,7.07399484536082,6.90422965401785,214
"216",2020,12,6.86875,16,7,6.58,6.63333333333333,8.4,6.76666666666667,11,5,3,1,15,2584,1927,657,299,777,1807,6.95499208204334,7.2604151530877,6.05917738203957,6.22709030100335,7.07570141570141,6.90308773657996,215
"217",2021,1,6.964583125,16,7.36944416666667,5.75,5,7,6.962222,12,4,3,1,15,2600,1939,661,302,778,1822,6.95505110384615,7.26108990716864,6.05730641452345,6.21490066225166,7.07560411311054,6.90357457189901,216
"218",2021,2,7.1,14,7.26363636363636,6.5,7,7.5,7.03333333333333,11,3,1,2,12,2614,1950,664,303,780,1834,6.95582741775057,7.26110427179487,6.05930653614458,6.21749174917492,7.07669230769231,6.90442359323882,217
"219",2021,3,7.64808333333333,12,7.5777,8,8,8.3885,7.5,10,2,2,2,10,2626,1960,666,305,782,1844,6.95899081111957,7.26271955612245,6.06513444444444,6.22918032786885,7.080047314578,6.90765340021692,218
"220",2021,4,7.2875,8,7.47142857142857,6,6,7.3,7.28571428571429,7,1,1,1,7,2634,1967,667,306,783,1851,6.95998856112376,7.26346229283172,6.0650367916042,6.22843137254902,7.0803282247765,6.9090831280389,219
"221",2021,5,7,6,8,5,5,6,7.2,4,2,2,1,5,2640,1971,669,308,784,1856,6.96007949621212,7.2649570421106,6.06185282511211,6.22045454545455,7.07895025510204,6.90986684806034,220
"222",2021,6,6.66666666666667,6,6.75,6.5,NA,3,7.4,4,2,0,1,5,2646,1975,671,308,785,1861,6.95941416099773,7.26391409113924,6.06315877794337,6.22045454545455,7.07375414012739,6.91118370231058,221
"223",2021,7,6.6,5,6.6,NA,NA,NA,6.6,5,0,0,0,5,2651,1980,671,308,785,1866,6.95873627687665,7.26223754040404,6.06315877794337,6.22045454545455,7.07375414012739,6.91034987674169,222
"224",2021,8,6.38,5,7.475,2,NA,2,7.475,4,1,0,1,4,2656,1984,672,308,786,1870,6.95764678840361,7.2626664969758,6.05711241071428,6.22045454545455,7.06729898218829,6.91155768449198,223
"225",2021,9,7.18333333333333,6,7.42,6,NA,NA,7.18333333333333,5,1,0,0,6,2662,1989,673,308,786,1876,6.95815547332832,7.26306200603318,6.05702754829123,6.22045454545455,7.06729898218829,6.91242690298507,224
"226",2021,10,7.1875,8,6.92857142857143,9,NA,7,7.21428571428571,7,1,0,1,7,2670,1996,674,308,787,1883,6.95884264794007,7.26188894288577,6.06139397626113,6.22045454545455,7.06721346886912,6.91354905469994,225
"227",2021,11,7.08181818181818,11,7.08181818181818,NA,NA,6.96666666666667,7.125,11,0,0,3,8,2681,2007,674,308,790,1891,6.95934720999627,7.26090200797209,6.06139397626113,6.22045454545455,7.06683164556962,6.91444361184558,226
"228",2021,12,6.53333333333333,12,6.64,6,7.5,7.23333333333333,5.83333333333333,10,2,2,6,6,2693,2017,676,310,796,1897,6.9574488934274,7.25782366385721,6.06121233727811,6.22870967741936,7.06808668341708,6.91102418028466,227
"229",2022,1,7.00769230769231,13,7.00909090909091,7,7,5.8,7.7625,11,2,1,5,8,2706,2028,678,311,801,1905,6.95769026977088,7.25647452169625,6.06398162241888,6.23118971061093,7.06017103620474,6.91459993175853,228
"230",2022,2,7.31538461538462,13,7.87142857142857,6.66666666666667,6.5,7.83333333333333,7.16,7,6,2,3,10,2719,2035,684,313,804,1915,6.95940046708349,7.25858984275184,6.06926833333333,6.23290734824281,7.06305597014925,6.91588139425587,229
"231",2022,3,6.84666666666667,15,6.975,6.33333333333333,6.33333333333333,6.8,6.86363636363636,12,3,3,4,11,2734,2047,687,316,808,1926,6.95878195683979,7.25692737176355,6.07042145560408,6.23386075949367,7.06175371287129,6.91558300623053,230
"232",2022,4,6.22857142857143,7,6.1,7,7,6.5,6.025,6,1,1,3,4,2741,2053,688,317,811,1930,6.95691713608172,7.25354619094009,6.0717725872093,6.23627760252366,7.05967570900123,6.91373723834197,231
"233",2022,5,6.5,8,7,5.66666666666667,5,NA,6.5,5,3,1,0,8,2749,2058,691,318,811,1938,6.95558743906875,7.25293018950437,6.07001380607815,6.23238993710692,7.05967570900123,6.91202934468524,232
"234",2022,6,6.37222222222222,9,6.55833333333333,6,NA,6,6.41875,6,3,0,1,8,2758,2064,694,318,812,1946,6.95368378172589,7.2509110125969,6.06971115273775,6.23238993710692,7.05837068965517,6.91000147482014,233
"235",2022,7,6.1,10,6.6,5.6,5,7,5.71428571428571,5,5,1,3,7,2768,2069,699,319,815,1953,6.95059966401734,7.2493380038666,6.0663512732475,6.22852664576803,7.05815582822086,6.90571575524833,234
"236",2022,8,6.46153846153846,13,6.85714285714286,6,6,6,6.5,7,6,1,1,12,2781,2076,705,320,816,1965,6.94831350952894,7.24801557321772,6.06578658156028,6.2278125,7.05685906862745,6.90323810178117,235
