"","year","month","avg_rating","no_ratings","avg_rating_owned","avg_rating_not_owned","avg_rating_prev_owned","avg_rating_comment","avg_rating_no_comment","no_ratings_owned","no_ratings_not_owned","no_ratings_prev_owned","no_ratings_comment","no_ratings_no_comment","cum_no_ratings","cum_no_ratings_owned","cum_no_ratings_not_owned","cum_no_ratings_prev_owned","cum_no_ratings_comment","cum_no_ratings_no_comment","cum_avg_rating","cum_avg_rating_owned","cum_avg_rating_not_owned","cum_avg_rating_prev_owned","cum_avg_rating_comment","cum_avg_rating_no_comment","month_after_release"
"1",2001,7,5,1,5,NA,NA,NA,5,1,0,0,0,1,1,1,0,0,0,1,5,5,NA,NA,NA,5,0
"2",2001,8,6.25,4,6.33333333333333,6,NA,NA,6.25,3,1,0,0,4,5,4,1,0,0,5,6,6,6,NA,NA,6,1
"3",2001,9,7,2,8,6,NA,8,6,1,1,0,1,1,7,5,2,0,1,6,6.28571428571429,6.4,6,NA,8,6,2
"4",2001,11,7,1,7,NA,NA,NA,7,1,0,0,0,1,8,6,2,0,1,7,6.375,6.5,6,NA,8,6.14285714285714,4
"5",2001,12,8,1,8,NA,NA,NA,8,1,0,0,0,1,9,7,2,0,1,8,6.55555555555556,6.71428571428571,6,NA,8,6.375,5
"6",2002,1,7.25,4,7.25,NA,NA,7.5,7,4,0,0,2,2,13,11,2,0,3,10,6.76923076923077,6.90909090909091,6,NA,7.66666666666667,6.5,6
"7",2002,2,7,1,NA,7,7,NA,7,0,1,1,0,1,14,11,3,1,3,11,6.78571428571429,6.90909090909091,6.33333333333333,7,7.66666666666667,6.54545454545455,7
"8",2002,3,7.66666666666667,3,7.66666666666667,NA,NA,8,7.5,3,0,0,1,2,17,14,3,1,4,13,6.94117647058824,7.07142857142857,6.33333333333333,7,7.75,6.69230769230769,8
"9",2002,4,6,2,6,NA,NA,5,7,2,0,0,1,1,19,16,3,1,5,14,6.84210526315789,6.9375,6.33333333333333,7,7.2,6.71428571428571,9
"10",2002,6,7.33333333333333,3,7.33333333333333,NA,NA,6,8,3,0,0,1,2,22,19,3,1,6,16,6.90909090909091,7,6.33333333333333,7,7,6.875,11
"11",2002,7,7.625,4,7.625,NA,NA,7.5,7.66666666666667,4,0,0,1,3,26,23,3,1,7,19,7.01923076923077,7.10869565217391,6.33333333333333,7,7.07142857142857,7,12
"12",2002,8,7.25,4,7.25,NA,NA,7,7.33333333333333,4,0,0,1,3,30,27,3,1,8,22,7.05,7.12962962962963,6.33333333333333,7,7.0625,7.04545454545455,13
"13",2002,9,7.875,4,8.33333333333333,6.5,NA,8,7.83333333333333,3,1,0,1,3,34,30,4,1,9,25,7.14705882352941,7.25,6.375,7,7.16666666666667,7.14,14
"14",2002,10,6.5,4,7,6,NA,6,6.66666666666667,2,2,0,1,3,38,32,6,1,10,28,7.07894736842105,7.234375,6.25,7,7.05,7.08928571428571,15
"15",2002,11,6.7,5,6.7,NA,NA,6.75,6.66666666666667,5,0,0,2,3,43,37,6,1,12,31,7.03488372093023,7.16216216216216,6.25,7,7,7.04838709677419,16
"16",2002,12,7.5,4,7.5,NA,NA,10,6.66666666666667,4,0,0,1,3,47,41,6,1,13,34,7.07446808510638,7.19512195121951,6.25,7,7.23076923076923,7.01470588235294,17
"17",2003,1,7.85,4,8,7.4,NA,7.4,8,3,1,0,1,3,51,44,7,1,14,37,7.13529411764706,7.25,6.41428571428571,7,7.24285714285714,7.09459459459459,18
"18",2003,2,6.16666666666667,6,6.2,6,6,6,6.2,5,1,1,1,5,57,49,8,2,15,42,7.03333333333333,7.14285714285714,6.3625,6.5,7.16,6.98809523809524,19
"19",2003,3,6.57142857142857,7,7.6,4,6,7.33333333333333,6,5,2,1,3,4,64,54,10,3,18,46,6.9828125,7.18518518518519,5.89,6.33333333333333,7.18888888888889,6.90217391304348,20
"20",2003,4,6.5,2,7,6,NA,NA,6.5,1,1,0,0,2,66,55,11,3,18,48,6.96818181818182,7.18181818181818,5.9,6.33333333333333,7.18888888888889,6.88541666666667,21
"21",2003,5,6.6,5,7,5,NA,6,7,4,1,0,2,3,71,59,12,3,20,51,6.94225352112676,7.16949152542373,5.825,6.33333333333333,7.07,6.8921568627451,22
"22",2003,6,6.2,5,6.5,6,NA,4.66666666666667,8.5,2,3,0,3,2,76,61,15,3,23,53,6.89342105263158,7.14754098360656,5.86,6.33333333333333,6.75652173913044,6.95283018867925,23
"23",2003,7,6.82,15,6.98333333333333,6.16666666666667,NA,7.56,6.45,12,3,0,5,10,91,73,18,3,28,63,6.88131868131868,7.12054794520548,5.91111111111111,6.33333333333333,6.9,6.87301587301587,24
"24",2003,8,7.35714285714286,7,7.41666666666667,7,NA,7,7.41666666666667,6,1,0,1,6,98,79,19,3,29,69,6.91530612244898,7.14303797468354,5.96842105263158,6.33333333333333,6.90344827586207,6.92028985507246,25
"25",2003,9,7.44444444444444,9,8,6.75,6,7.2,7.64,5,4,1,4,5,107,84,23,4,33,74,6.95981308411215,7.19404761904762,6.10434782608696,6.25,6.93939393939394,6.96891891891892,26
"26",2003,10,7.66666666666667,6,7.8,7,NA,7.5,7.75,5,1,0,2,4,113,89,24,4,35,78,6.99734513274336,7.22808988764045,6.14166666666667,6.25,6.97142857142857,7.00897435897436,27
"27",2003,11,5.5,2,7,4,NA,4,7,1,1,0,1,1,115,90,25,4,36,79,6.97130434782609,7.22555555555556,6.056,6.25,6.88888888888889,7.00886075949367,28
"28",2003,12,7.125,8,7.14285714285714,7,NA,7,7.2,7,1,0,3,5,123,97,26,4,39,84,6.98130081300813,7.21958762886598,6.09230769230769,6.25,6.8974358974359,7.0202380952381,29
"29",2004,1,6.4,10,6.71428571428571,5.66666666666667,7,5.5,6.625,7,3,1,2,8,133,104,29,5,41,92,6.93759398496241,7.18557692307692,6.04827586206897,6.4,6.82926829268293,6.98586956521739,30
"30",2004,2,5.95833333333333,12,5.95833333333333,NA,NA,5.25,6.66666666666667,12,0,0,6,6,145,116,29,5,47,98,6.85655172413793,7.05862068965517,6.04827586206897,6.4,6.62765957446809,6.96632653061225,31
"31",2004,3,6.375,4,6.375,NA,NA,NA,6.375,4,0,0,0,4,149,120,29,5,47,102,6.84362416107383,7.03583333333333,6.04827586206897,6.4,6.62765957446809,6.94313725490196,32
"32",2004,4,7.53333333333333,9,7.6,7,NA,7.5,7.54285714285714,8,1,0,2,7,158,128,30,5,49,109,6.88291139240506,7.07109375,6.08,6.4,6.66326530612245,6.98165137614679,33
"33",2004,5,6.6,15,6.58333333333333,6.66666666666667,6,6.5,6.61538461538461,12,3,1,2,13,173,140,33,6,51,122,6.85838150289017,7.02928571428571,6.13333333333333,6.33333333333333,6.65686274509804,6.94262295081967,34
"34",2004,6,6.475,8,6.4,7,NA,6.4,6.5,7,1,0,2,6,181,147,34,6,53,128,6.8414364640884,6.99931972789116,6.15882352941177,6.33333333333333,6.64716981132076,6.921875,35
"35",2004,7,6.20833333333333,12,6.11111111111111,6.5,6,5.66666666666667,6.75,9,3,1,6,6,193,156,37,7,59,134,6.8020725388601,6.94807692307692,6.18648648648649,6.28571428571429,6.54745762711864,6.91417910447761,36
"36",2004,8,8.16666666666667,6,7.5,9.5,NA,8,8.25,4,2,0,2,4,199,160,39,7,61,138,6.84321608040201,6.961875,6.35641025641026,6.28571428571429,6.59508196721312,6.95289855072464,37
"37",2004,9,7.33333333333333,9,7.71428571428571,6,NA,7.66666666666667,7.16666666666667,7,2,0,3,6,208,167,41,7,64,144,6.86442307692308,6.99341317365269,6.3390243902439,6.28571428571429,6.6453125,6.96180555555556,38
"38",2004,10,6.49411764705882,17,6.88461538461539,5.225,4,6.25,6.52666666666667,13,4,1,2,15,225,180,45,8,66,159,6.83644444444444,6.98555555555556,6.24,6,6.63333333333333,6.92075471698113,39
"39",2004,11,6.88888888888889,9,6.88888888888889,NA,NA,6.66666666666667,7,9,0,0,3,6,234,189,45,8,69,165,6.83846153846154,6.98095238095238,6.24,6,6.63478260869565,6.92363636363636,40
"40",2004,12,6.72222222222222,9,6.71428571428571,6.75,NA,7.75,5.9,7,2,0,4,5,243,196,47,8,73,170,6.83415637860082,6.97142857142857,6.26170212765958,6,6.6958904109589,6.89352941176471,41
"41",2005,1,7.125,12,7.66666666666667,6.58333333333333,7.5,7.16666666666667,7.08333333333333,6,6,2,6,6,255,202,53,10,79,176,6.8478431372549,6.99207920792079,6.29811320754717,6.3,6.73164556962025,6.9,42
"42",2005,2,7.06666666666667,9,7.08571428571429,7,NA,5,7.325,7,2,0,1,8,264,209,55,10,80,184,6.85530303030303,6.99521531100478,6.32363636363636,6.3,6.71,6.91847826086957,43
"43",2005,3,6.4,15,6.61538461538461,5,NA,6.16666666666667,6.45833333333333,13,2,0,3,12,279,222,57,10,83,196,6.83082437275986,6.97297297297297,6.27719298245614,6.3,6.69036144578313,6.89030612244898,44
"44",2005,4,6.875,8,6.83333333333333,7,NA,6.75,7,6,2,0,4,4,287,228,59,10,87,200,6.83205574912892,6.96929824561403,6.30169491525424,6.3,6.69310344827586,6.8925,45
"45",2005,5,6.8,10,6.88888888888889,6,NA,6.5,7,9,1,0,4,6,297,237,60,10,91,206,6.83097643097643,6.9662447257384,6.29666666666667,6.3,6.68461538461538,6.89563106796117,46
"46",2005,6,6.85,10,6.75,7,6.5,7.3,6.4,6,4,2,5,5,307,243,64,12,96,211,6.83159609120521,6.96090534979424,6.340625,6.33333333333333,6.71666666666667,6.88388625592417,47
"47",2005,7,6.48333333333333,15,6.56818181818182,6.25,NA,5.8,6.825,11,4,0,5,10,322,254,68,12,101,221,6.81537267080745,6.94389763779528,6.33529411764706,6.33333333333333,6.67128712871287,6.88122171945701,48
"48",2005,8,6.4,10,6.33333333333333,7,NA,6.33333333333333,6.42857142857143,9,1,0,3,7,332,263,69,12,104,228,6.80286144578313,6.92300380228137,6.34492753623188,6.33333333333333,6.66153846153846,6.86732456140351,49
"49",2005,9,6.58333333333333,12,6,7.4,7.66666666666667,6.14285714285714,7.2,7,5,3,7,5,344,270,74,15,111,233,6.79520348837209,6.89907407407407,6.41621621621622,6.6,6.62882882882883,6.8744635193133,50
"50",2005,10,6.78571428571429,7,6.91666666666667,6,NA,7.75,6.4,6,1,0,2,5,351,276,75,15,113,238,6.79501424501425,6.89945652173913,6.41066666666667,6.6,6.64867256637168,6.86449579831933,51
"51",2005,11,6.39285714285714,14,6.42307692307692,6,NA,6,6.5,13,1,0,3,11,365,289,76,15,116,249,6.77958904109589,6.8780276816609,6.40526315789474,6.6,6.63189655172414,6.84839357429719,52
"52",2005,12,6.47058823529412,17,7.25,5.77777777777778,6,5.75,6.69230769230769,8,9,3,4,13,382,297,85,18,120,262,6.76583769633508,6.88804713804714,6.33882352941177,6.5,6.6025,6.84064885496183,53
"53",2006,1,6.7,15,6.77272727272727,6.5,7,6.5,6.875,11,4,1,7,8,397,308,89,19,127,270,6.76335012594458,6.88392857142857,6.34606741573034,6.52631578947368,6.59685039370079,6.84166666666667,54
"54",2006,2,6.5625,8,6.64285714285714,6,NA,6,6.75,7,1,0,2,6,405,315,90,19,129,276,6.75938271604938,6.87857142857143,6.34222222222222,6.52631578947368,6.58759689922481,6.83967391304348,55
"55",2006,3,6.8,17,6.57333333333333,8.5,NA,7.12,6.66666666666667,15,2,0,5,12,422,330,92,19,134,288,6.76101895734597,6.86469696969697,6.38913043478261,6.52631578947368,6.60746268656716,6.83246527777778,56
"56",2006,4,6.66666666666667,3,6.66666666666667,NA,NA,7,6,3,0,0,2,1,425,333,92,19,136,289,6.76035294117647,6.86291291291291,6.38913043478261,6.52631578947368,6.61323529411765,6.8295847750865,57
"57",2006,5,7.42307692307692,13,7.40909090909091,7.5,7.5,7,7.55,11,2,2,3,10,438,344,94,21,139,299,6.78002283105023,6.88037790697674,6.41276595744681,6.61904761904762,6.62158273381295,6.85367892976589,58
"58",2006,6,6.55,10,6.91666666666667,6,7,7,6.35714285714286,6,4,1,3,7,448,350,98,22,142,306,6.77488839285714,6.881,6.39591836734694,6.63636363636364,6.62957746478873,6.84232026143791,59
"59",2006,7,7.14285714285714,7,7.5,6.66666666666667,7,7,7.16666666666667,4,3,1,1,6,455,354,101,23,143,312,6.78054945054945,6.88799435028248,6.4039603960396,6.65217391304348,6.63216783216783,6.84855769230769,60
"60",2006,8,5.6,10,5.78571428571429,5.16666666666667,NA,5,6.2,7,3,0,5,5,465,361,104,23,148,317,6.75516129032258,6.86662049861496,6.36826923076923,6.65217391304348,6.57702702702703,6.83832807570978,61
"61",2006,9,7.05,16,7.08666666666667,6.5,NA,6.85,7.25,15,1,0,8,8,481,376,105,23,156,325,6.76496881496882,6.87539893617021,6.36952380952381,6.65217391304348,6.59102564102564,6.84846153846154,62
"62",2006,10,6.26923076923077,13,6.72222222222222,5.25,6,6.4,6.1875,9,4,1,5,8,494,385,109,24,161,333,6.75192307692308,6.87181818181818,6.32844036697248,6.625,6.58509316770186,6.83258258258258,63
"63",2006,11,6.96428571428571,14,7.04545454545455,6.66666666666667,6.5,6.25,7.08333333333333,11,3,2,2,12,508,396,112,26,163,345,6.75777559055118,6.87664141414141,6.3375,6.61538461538461,6.58098159509202,6.84130434782609,64
"64",2006,12,6.77631578947368,19,7.01923076923077,6.25,6.3,6.75,6.78333333333333,13,6,5,4,15,527,409,118,31,167,360,6.7584440227704,6.88117359413203,6.33305084745763,6.56451612903226,6.58502994011976,6.83888888888889,65
"65",2007,1,6.30769230769231,13,6.4,6,6,6,6.44444444444444,10,3,1,4,9,540,419,121,32,171,369,6.74759259259259,6.86968973747017,6.32479338842975,6.546875,6.57134502923977,6.82926829268293,66
"66",2007,2,6.45135764705882,17,6.76923076923077,5.41827,NA,6.85714285714286,6.167308,13,4,0,7,10,557,432,125,32,178,379,6.73855131059246,6.86666666666667,6.29578464,6.546875,6.58258426966292,6.81180232189974,67
"67",2007,3,6.13944444444444,18,6.61615384615385,4.9,5,5.75,6.25071428571429,13,5,2,4,14,575,445,130,34,182,393,6.71979666086957,6.85934831460674,6.24210061538462,6.45588235294118,6.56428571428571,6.79181445292621,68
"68",2007,4,6.35294117647059,17,6.63636363636364,5.83333333333333,5.5,5.4,6.75,11,6,2,5,12,592,456,136,36,187,405,6.70926195945946,6.85396929824561,6.22406676470588,6.40277777777778,6.5331550802139,6.79057550617284,69
"69",2007,5,6.44444444444444,9,6.6,6.25,6.33333333333333,6.6,6.25,5,4,3,5,4,601,461,140,39,192,409,6.70529630615641,6.8512147505423,6.22480771428572,6.3974358974359,6.53489583333333,6.78528870415648,70
"70",2007,6,6.51666666666667,12,6.72,5.5,NA,6,6.88571428571429,10,2,0,5,7,613,471,142,39,197,416,6.70160371941272,6.84842887473461,6.21459915492958,6.3974358974359,6.52131979695432,6.78697855769231,71
"71",2007,7,7.41538461538462,13,7.93333333333333,6.25,5,7.08333333333333,7.7,9,4,1,6,7,626,480,146,40,203,423,6.71642664536741,6.86877083333333,6.21556904109589,6.3625,6.53793103448276,6.80208765957447,72
"72",2007,8,6.83333333333333,15,7.3,5.9,6,6.58333333333333,7,10,5,1,6,9,641,490,151,41,209,432,6.71916237129485,6.87757142857143,6.20511973509934,6.35365853658537,6.53923444976077,6.80621083333333,73
"73",2007,9,6.88461538461539,13,7.22222222222222,6.125,6.75,7.75,6.72727272727273,9,4,2,2,11,654,499,155,43,211,443,6.72245119266055,6.8837875751503,6.20305212903226,6.37209302325581,6.55071090047393,6.80425074492099,74
"74",2007,10,7.3,15,7.3,NA,NA,6.25,7.46153846153846,15,0,0,2,13,669,514,155,43,213,456,6.73540071748879,6.89593385214008,6.20305212903226,6.37209302325581,6.54788732394366,6.82298921052632,75
"75",2007,11,6.43181818181818,22,6.375,6.58333333333333,6,6.16666666666667,6.61538461538461,16,6,2,9,13,691,530,161,45,222,469,6.72573528219971,6.88020754716981,6.21722409937888,6.35555555555556,6.53243243243243,6.81723471215352,76
"76",2007,12,6.3125,16,6.83333333333333,5.64285714285714,5,6.25,6.33333333333333,9,7,1,4,12,707,539,168,46,226,481,6.71638342291372,6.87942486085343,6.19329214285714,6.32608695652174,6.52743362831858,6.80516232848233,77
"77",2008,1,6.03571428571429,28,6.34210526315789,5.38888888888889,6.125,5.4,6.38888888888889,19,9,4,10,18,735,558,177,50,236,499,6.69045317006803,6.86112903225806,6.15239028248588,6.31,6.47966101694915,6.79014645290581,78
"78",2008,2,7,9,7,7,NA,7.25,6.92857142857143,7,2,0,2,7,744,565,179,50,238,506,6.69419768817204,6.86284955752212,6.16186078212291,6.31,6.48613445378151,6.7920614229249,79
"79",2008,3,6.57368421052632,19,6.99333333333333,5,5.5,6.66666666666667,6.53076923076923,15,4,2,6,13,763,580,183,52,244,519,6.69119669724771,6.86622413793103,6.13646491803279,6.27884615384615,6.4905737704918,6.78551653179191,80
"80",2008,4,6.83684210526316,19,7.45,5.78571428571429,6,7.375,6.69333333333333,12,7,2,4,15,782,592,190,54,248,534,6.69473539641944,6.87805743243243,6.12354252631579,6.26851851851852,6.50483870967742,6.78292711610487,81
"81",2008,5,6.96363636363636,11,7.075,6.66666666666667,7,7.66666666666667,6.7,8,3,2,3,8,793,600,193,56,251,542,6.69846542244641,6.88068333333333,6.13198487046632,6.29464285714286,6.51872509960159,6.781703099631,82
"82",2008,6,6.39285714285714,14,6.54545454545455,5.83333333333333,NA,6,6.55,11,3,0,4,10,807,611,196,56,255,552,6.69316366790582,6.87464811783961,6.12741367346939,6.29464285714286,6.51058823529412,6.77750557971014,83
"83",2008,7,7.11111111111111,9,7.6,6.5,6,6,7.42857142857143,5,4,2,2,7,816,616,200,58,257,559,6.69777338235294,6.88053571428571,6.1348654,6.28448275862069,6.50661478599222,6.78565846153846,84
"84",2008,8,6.15384615384615,13,6,6.5,6.5,6.5,6.09090909090909,9,4,4,2,11,829,625,204,62,259,570,6.68924376357057,6.867856,6.14202490196079,6.29838709677419,6.50656370656371,6.77225101754386,85
"85",2008,9,5.83333333333333,15,7,5.65384615384615,5.71428571428571,6,5.58333333333333,2,13,7,9,6,844,627,217,69,268,576,6.67403208530806,6.86827751196172,6.11277917050691,6.23913043478261,6.48955223880597,6.75986645833333,86
"86",2008,10,5.671875,16,6.42857142857143,5.08333333333333,5.8125,6.375,5.25,7,9,4,6,10,860,634,226,73,274,586,6.65538730232558,6.86342271293375,6.07178353982301,6.21575342465753,6.48704379562044,6.73410081911263,87
"87",2008,11,7,12,7.44444444444444,5.66666666666667,3,6.25,7.375,9,3,1,4,8,872,643,229,74,278,594,6.66012967889908,6.87155520995334,6.06647633187773,6.1722972972973,6.48363309352518,6.74273245791246,88
"88",2008,12,6.675,20,6.96666666666667,5.8,5.5,6.625,6.70833333333333,15,5,4,8,12,892,658,234,78,286,606,6.6604630941704,6.87372340425532,6.06078239316239,6.13782051282051,6.48758741258741,6.74205128712871,89
"89",2009,1,6.62941176470588,17,6.95,5.86,6.93333333333333,6.5,6.65714285714286,12,5,3,3,14,909,670,239,81,289,620,6.65988237623762,6.8750895522388,6.05658192468619,6.16728395061728,6.48771626297578,6.740134,90
"90",2009,2,6.49047619047619,21,6.72,5.91666666666667,6,5.94,6.6625,15,6,1,5,16,930,685,245,82,294,636,6.65605707526882,6.87169343065693,6.05315542857143,6.16524390243902,6.47840136054422,6.73818094339623,91
"91",2009,3,6.6952380952381,21,6.62222222222222,6.75,5.9,6.875,6.65294117647059,9,12,5,4,17,951,694,257,87,298,653,6.65692227129338,6.86845821325648,6.08569291828794,6.15,6.48372483221477,6.73596183767228,92
"92",2009,4,6.58823529411765,17,7.3,5.57142857142857,5.83333333333333,6,6.71428571428571,10,7,6,3,14,968,704,264,93,301,667,6.65571599173554,6.87458806818182,6.07205712121212,6.12956989247312,6.47890365448505,6.73550686656672,93
"93",2009,5,6.575,22,6.89615384615385,6.11111111111111,5.2,6.06428571428571,6.81333333333333,13,9,5,7,15,990,717,273,98,308,682,6.6539223030303,6.87497907949791,6.07334461538462,6.08214285714286,6.46948051948052,6.73721859237537,94
"94",2009,6,6.85,14,6.88,6.83333333333333,6.5,7,6.83846153846154,5,9,4,1,13,1004,722,282,102,309,695,6.65665645418327,6.87501385041551,6.09759957446809,6.09852941176471,6.47119741100324,6.73911234532374,95
"95",2009,7,6.3525,20,6.575,5.83333333333333,5.66666666666667,4.9,6.83666666666667,14,6,3,5,15,1024,736,288,105,314,710,6.6507158984375,6.86930706521739,6.09209402777778,6.08619047619048,6.44617834394904,6.74117335211268,96
"96",2009,8,6.88888888888889,18,7.11538461538461,6.3,7.5,6.7,6.96153846153846,13,5,1,5,13,1042,749,293,106,319,723,6.65483021113244,6.87357810413885,6.0956419112628,6.09952830188679,6.45015673981191,6.74513565698479,97
"97",2009,9,6.45,18,7.16666666666667,5.73333333333333,5.91666666666667,6.3,6.50769230769231,9,9,6,5,13,1060,758,302,112,324,736,6.65135196226415,6.8770580474934,6.08484463576159,6.08973214285714,6.44783950617284,6.74094168478261,98
"98",2009,10,6.36,25,6.57142857142857,6.09090909090909,6.4,6.75,6.23684210526316,14,11,5,6,19,1085,772,313,117,330,755,6.64463878341014,6.87151554404145,6.08505776357828,6.10299145299145,6.45333333333333,6.72825573509934,99
"99",2009,11,5.77777777777778,18,5.81818181818182,5.71428571428571,6,3.5,6.42857142857143,11,7,2,4,14,1103,783,320,119,334,769,6.6304923662738,6.85671775223499,6.076947125,6.10126050420168,6.41796407185629,6.72279984395319,100
"100",2009,12,6.55,29,6.71333333333333,6.375,6.25,5.41666666666667,6.84565217391304,15,14,4,6,23,1132,798,334,123,340,792,6.62843028268551,6.85402255639098,6.08944035928144,6.10609756097561,6.40029411764706,6.72636752525253,101
"101",2010,1,6.05208333333333,24,6.65909090909091,5.53846153846154,5.33333333333333,5.21428571428571,6.39705882352941,11,13,6,7,17,1156,809,347,129,347,809,6.61646460207612,6.85137206427688,6.06879850144092,6.07015503875969,6.37636887608069,6.71944756489493,102
"102",2010,2,6.73333333333333,15,6.77272727272727,6.625,6.25,6,6.91666666666667,11,4,2,3,12,1171,820,351,131,350,821,6.61796163962425,6.85031707317073,6.07513698005698,6.07290076335878,6.37314285714286,6.72233018270402,103
"103",2010,3,6.36363636363636,11,6.75,5.33333333333333,7,5.75,6.71428571428571,8,3,1,4,7,1182,828,354,132,354,828,6.61559482233503,6.84934782608696,6.06885050847458,6.07992424242424,6.36610169491526,6.72226217391304,104
"104",2010,4,6.25,14,6.77777777777778,5.3,4.33333333333333,4.5,6.54166666666667,9,5,3,2,12,1196,837,359,135,356,840,6.61131528428094,6.84857825567503,6.05814228412256,6.04111111111111,6.35561797752809,6.71968223809524,105
"105",2010,5,6.07142857142857,7,6.625,5.33333333333333,4.5,6,6.08333333333333,4,3,2,1,6,1203,841,362,137,357,846,6.60817379883624,6.84751486325803,6.0521355801105,6.01861313868613,6.3546218487395,6.71516912529551,106
"106",2010,6,6.34666666666667,15,6.4375,6.24285714285714,4.5,5.375,6.7,8,7,2,4,11,1218,849,369,139,361,857,6.60495326765189,6.84365135453475,6.05575360433604,5.99676258992806,6.34376731301939,6.71497442240373,107
"107",2010,7,7.0625,16,7.13636363636364,6.9,7.75,6.75,7.10714285714286,11,5,2,2,14,1234,860,374,141,363,871,6.61088580226904,6.84739534883721,6.06704032085562,6.02163120567376,6.34600550964187,6.72127793340987,108
"108",2010,8,5.98636363636364,22,6.54375,4.5,4,5.83333333333333,6.04375,16,6,2,6,16,1256,876,380,143,369,887,6.59994671974522,6.84184931506849,6.04229757894737,5.99335664335664,6.33766937669377,6.70905645997745,109
"109",2010,9,5.93636363636364,11,6.25714285714286,5.375,6.5,6.33333333333333,5.7875,7,4,2,3,8,1267,883,384,145,372,895,6.5941855406472,6.83721404303511,6.0353465625,6.00034482758621,6.33763440860215,6.70081908379888,110
"110",2010,10,6.31818181818182,11,6.38888888888889,6,NA,5,6.61111111111111,9,2,0,2,9,1278,892,386,145,374,904,6.59180992175274,6.83269058295964,6.03516341968912,6.00034482758621,6.33048128342246,6.69992597345133,111
"111",2010,11,6.55769230769231,13,6.57142857142857,6.54166666666667,5,6.33333333333333,6.625,7,6,1,3,10,1291,899,392,146,377,914,6.59146636715724,6.83065628476084,6.04291602040816,5.99349315068493,6.33050397877984,6.69910621444201,112
"112",2010,12,6.75,14,7,6.3,6.25,6.625,6.8,9,5,2,4,10,1305,908,397,148,381,924,6.59316711111111,6.83233480176211,6.04615385390428,5.99695945945946,6.33359580052494,6.70019813852814,113
"113",2011,1,6.35294117647059,17,6.46153846153846,6,5.5,5,6.4375,13,4,2,1,16,1322,921,401,150,382,940,6.59007797276853,6.8271009771987,6.04569346633417,5.99033333333333,6.33010471204189,6.69572668085106,114
"114",2011,2,6.13333333333333,15,6.5,1,1,6.75,5.90909090909091,14,1,1,4,11,1337,935,402,151,386,951,6.58495368735976,6.82220320855615,6.03314199004975,5.95728476821192,6.33445595854922,6.68662784437434,115
"115",2011,3,6.55,10,6.16666666666667,10,NA,7,6.5,9,1,0,1,9,1347,944,403,151,387,960,6.58469419450631,6.81595338983051,6.0429853101737,5.95728476821192,6.33617571059432,6.68487820833333,116
"116",2011,4,6.15,10,6.16666666666667,6,NA,NA,6.15,9,1,0,0,10,1357,953,404,151,387,970,6.58149084745763,6.80982161594963,6.04287891089109,5.95728476821192,6.33617571059432,6.679364,117
"117",2011,5,6.625,12,6.64285714285714,6.6,6.75,6.66666666666667,6.61111111111111,7,5,4,3,9,1369,960,409,155,390,979,6.58187222790358,6.80860416666667,6.04968968215159,5.97774193548387,6.33871794871795,6.67873654749745,118
"118",2011,6,6.82307692307692,13,6.75,6.94,6.73333333333333,6.25,7.07777777777778,8,5,3,4,9,1382,968,414,158,394,988,6.5841411577424,6.80811983471074,6.06044222222222,5.99208860759494,6.33781725888325,6.68237153846154,119
"119",2011,7,5.59090909090909,11,6.2,5.08333333333333,6.16666666666667,4.5,5.83333333333333,5,6,3,2,9,1393,973,420,161,396,997,6.57629797559225,6.80499486125385,6.04648352380952,5.99534161490683,6.32853535353535,6.67470720160481,120
"120",2011,8,6.38333333333333,15,6.53125,6.21428571428571,7.75,8,6.13461538461539,8,7,2,2,13,1408,981,427,163,398,1010,6.57424224431818,6.8027624872579,6.0492343793911,6.01687116564417,6.33693467336684,6.66775552475247,121
"121",2011,9,6.33333333333333,6,6.25,6.5,6.5,5.5,6.75,4,2,2,2,4,1414,985,429,165,400,1014,6.57322,6.80051776649746,6.05133585081585,6.02272727272727,6.33275,6.66807996055227,122
"122",2011,10,6.54,15,6.82727272727273,5.75,5.33333333333333,5.66666666666667,6.75833333333333,11,4,3,3,12,1429,996,433,168,403,1026,6.57287129461162,6.80081325301205,6.048552147806,6.01041666666667,6.32779156327544,6.66913555555556,123
"123",2011,11,6.425,20,6.81818181818182,5.94444444444444,4.66666666666667,5,6.78125,11,9,3,4,16,1449,1007,442,171,407,1042,6.57083028295376,6.80100297914598,6.04643230769231,5.98684210526316,6.31474201474202,6.67085708253359,124
"124",2011,12,5.74285714285714,7,6,5.64,5.3,5.1,6,2,5,4,2,5,1456,1009,447,175,409,1047,6.56684964285714,6.79941526263627,6.04188608501119,5.97114285714286,6.30880195599022,6.66765337153773,125
"125",2012,1,6.28,15,6.5,5.95,10,6.5,6.24615384615385,9,6,1,2,13,1471,1018,453,176,411,1060,6.56392459551326,6.79676817288802,6.04066905077263,5.99403409090909,6.30973236009732,6.66248403773585,126
"126",2012,2,6.64615384615385,13,6.6,6.8,6.8,6.475,6.72222222222222,10,3,3,4,9,1484,1028,456,179,415,1069,6.56464493261456,6.79485408560311,6.04566464912281,6.00754189944134,6.31132530120482,6.66298697848456,127
"127",2012,3,7.31818181818182,11,7.375,7.16666666666667,7.16666666666667,8,7.16666666666667,8,3,3,2,9,1495,1036,459,182,417,1078,6.57018935117057,6.79933397683398,6.05299145969499,6.02664835164835,6.31942446043166,6.66719209647495,128
"128",2012,4,7.39285714285714,14,7.27777777777778,7.6,7,7,7.5,9,5,3,3,11,1509,1045,464,185,420,1089,6.57782178926441,6.80345454545454,6.06966181034483,6.04243243243243,6.32428571428571,6.67560429752066,129
"129",2012,5,7,6,8,6,5.5,NA,7,3,3,2,0,6,1515,1048,467,187,420,1095,6.57949378217822,6.80687977099237,6.06921430406852,6.03663101604278,6.32428571428571,6.67738180821918,130
"130",2012,6,6.625,12,6.68181818181818,6,6,6,6.68181818181818,11,1,1,1,11,1527,1059,468,188,421,1106,6.57985139489195,6.80558073654391,6.06906641025641,6.03643617021277,6.32351543942993,6.67742593128391,131
"131",2012,7,6.916,5,7,6.86,7,NA,6.916,2,3,2,0,5,1532,1061,471,190,421,1111,6.58094848563969,6.80594721960415,6.07410420382165,6.04657894736842,6.32351543942993,6.6784996219622,132
"132",2012,8,6.54545454545455,11,6.88888888888889,5,3,7.5,6.33333333333333,9,2,1,2,9,1543,1070,473,191,423,1120,6.58069545042126,6.80664485981308,6.06956253699788,6.03062827225131,6.3290780141844,6.67572596428571,133
"133",2012,9,5.875,4,5.875,NA,NA,6.5,5.66666666666667,4,0,0,1,3,1547,1074,473,191,424,1123,6.57887076923077,6.80317504655493,6.06956253699788,6.03062827225131,6.32948113207547,6.67303034728406,134
"134",2012,10,6.5,5,6.625,6,NA,NA,6.5,4,1,0,0,5,1552,1078,474,191,424,1128,6.57861667525773,6.80251391465677,6.06941578059072,6.03062827225131,6.32948113207547,6.67226336879432,135
"135",2012,11,5.5,6,6.66666666666667,4.33333333333333,4.5,6.25,5.125,3,3,1,2,4,1558,1081,477,192,426,1132,6.57446282413351,6.80213691026827,6.0584970230608,6.02265625,6.32910798122066,6.66679600706714,136
"136",2012,12,6.4,10,6.5,6,NA,7,6.33333333333333,8,2,0,1,9,1568,1089,479,192,427,1141,6.57335017857143,6.7999173553719,6.05825277661795,6.02265625,6.33067915690867,6.66416571428571,137
"137",2013,1,6.25,16,6,6.66666666666667,6.8,7,6.2,10,6,5,1,15,1584,1099,485,197,428,1156,6.57008401515152,6.79263876251137,6.06577954639175,6.04238578680203,6.33224299065421,6.65814280276816,138
"138",2013,2,6.39583333333333,12,6.63888888888889,5.66666666666667,6,5,6.52272727272727,9,3,1,1,11,1596,1108,488,198,429,1167,6.56877385964912,6.79138989169675,6.06332598360656,6.04217171717172,6.32913752913753,6.6568663924593,139
"139",2013,3,6,11,6.41666666666667,5.5,7,6.375,5.78571428571429,6,5,1,4,7,1607,1114,493,199,433,1174,6.56488057249533,6.78937163375224,6.05761273833671,6.04698492462312,6.32956120092379,6.65167212947189,140
"140",2013,4,7.3,5,6.5,8.5,7,6,7.625,3,2,1,1,4,1612,1117,495,200,434,1178,6.56716071960298,6.78859444941808,6.06748096969697,6.05175,6.32880184331797,6.65497714770798,141
"141",2013,5,6.92307692307692,13,6.92857142857143,6.91666666666667,6.875,6.5,7.11111111111111,7,6,4,4,9,1625,1124,501,204,438,1187,6.57000804923077,6.78946619217082,6.07765085828343,6.06789215686274,6.33036529680365,6.65843561920809,142
"142",2013,6,6.45714285714286,14,7.05,5.66666666666667,6,5,6.7,8,6,4,2,12,1639,1132,507,208,440,1199,6.56904397803539,6.7913074204947,6.07278714003945,6.06658653846154,6.32431818181818,6.65885160967473,143
"143",2013,7,4.875,12,5.07142857142857,4.6,4,2.5,5.35,7,5,1,2,10,1651,1139,512,209,442,1209,6.55673112053301,6.78073748902546,6.058404453125,6.0566985645933,6.30701357466063,6.64802570719603,144
"144",2013,8,6.36666666666667,9,6.0375,9,NA,5.75,6.54285714285714,8,1,0,2,7,1660,1147,513,209,444,1216,6.55570065060241,6.77555361813426,6.06413855750487,6.0566985645933,6.30450450450451,6.64742029605263,145
"145",2013,9,6.72727272727273,11,6.85714285714286,6.5,6,9,6.5,7,4,1,1,10,1671,1154,517,210,445,1226,6.55683008976661,6.77604852686309,6.06751079303675,6.05642857142857,6.31056179775281,6.64621784665579,146
"146",2013,10,5.44444444444444,9,6,3.5,5,8,5.125,7,2,1,1,8,1680,1161,519,211,446,1234,6.55087088095238,6.77136950904393,6.05761672447013,6.05142180094787,6.31434977578475,6.6363558184765,147
"147",2013,11,6.24444444444444,9,6.6,5.8,5.33333333333333,5.25,7.04,5,4,3,4,5,1689,1166,523,214,450,1239,6.5492380580225,6.7706346483705,6.05564642447419,6.04135514018692,6.30488888888889,6.63798472962066,148
"148",2013,12,5.88888888888889,9,5.875,6,6,4.5,6.28571428571429,8,1,1,2,7,1698,1174,524,215,452,1246,6.54573797408716,6.76453151618399,6.05554022900763,6.04116279069767,6.29690265486726,6.63600568218298,149
"149",2014,1,6.48076923076923,13,6.69444444444444,6,6,7.33333333333333,6.225,9,4,2,3,10,1711,1183,528,217,455,1256,6.54524434833431,6.76399830938293,6.05511946969697,6.04078341013825,6.30373626373626,6.63273334394904,150
"150",2014,2,5.91818181818182,11,6.44285714285714,5,6,6,5.91,7,4,1,1,10,1722,1190,532,218,456,1266,6.5412387224158,6.76210924369748,6.0471862406015,6.04059633027523,6.3030701754386,6.62702454976303,151
"151",2014,3,6.64285714285714,7,6.5,7,8,NA,6.64285714285714,5,2,1,0,7,1729,1195,534,219,456,1273,6.54165013302487,6.76101255230126,6.05075483146067,6.04954337899543,6.3030701754386,6.6271116103692,152
"152",2014,4,6.41666666666667,6,6.25,6.75,6.75,6.5,6.4,4,2,2,1,5,1735,1199,536,221,457,1278,6.54121791354467,6.75930775646372,6.05336395522388,6.05588235294118,6.3035010940919,6.62622306729264,153
"153",2014,5,7.5,9,7.8,7.125,NA,NA,7.5,5,4,0,0,9,1744,1204,540,221,457,1287,6.54616575688074,6.76362956810631,6.061302,6.05588235294118,6.3035010940919,6.63233339549339,154
"154",2014,6,6.66666666666667,6,6.75,6.5,NA,6,7,4,2,0,2,4,1750,1208,542,221,459,1291,6.54657890285714,6.76358443708609,6.06292081180812,6.05588235294118,6.30217864923747,6.63347256390395,155
"155",2014,7,6.58333333333333,6,6.875,6,6,7.5,6.4,4,2,1,1,5,1756,1212,544,222,460,1296,6.54670448747153,6.76395214521452,6.06268948529412,6.05563063063063,6.30478260869565,6.63257182098765,156
"156",2014,8,5.5,5,7.16666666666667,3,3,3,7.16666666666667,3,2,1,2,3,1761,1215,546,223,462,1299,6.54373258375923,6.76494650205761,6.05147084249084,6.04192825112108,6.29047619047619,6.63380529638183,157
"157",2014,9,5.83333333333333,9,6.33333333333333,5.58333333333333,6.75,6,5.8125,3,6,2,1,8,1770,1218,552,225,463,1307,6.54012038418079,6.76388341543514,6.04638239130435,6.04822222222222,6.28984881209503,6.62877817903596,158
"158",2014,10,5.78571428571429,7,6.375,5,6,6.75,5.4,4,3,1,2,5,1777,1222,555,226,465,1312,6.53714861001688,6.76261047463175,6.04072627027027,6.04800884955752,6.29182795698925,6.62409533536585,159
"159",2014,11,6.6,10,8.33333333333333,5.85714285714286,5,5.75,7.16666666666667,3,7,3,4,6,1787,1225,562,229,469,1318,6.53750032456631,6.76645714285714,6.03843964412811,6.03427947598253,6.28720682302772,6.62656531107739,160
"160",2014,12,5.72857142857143,7,7.75,3.03333333333333,3.03333333333333,2.55,7,4,3,3,2,5,1794,1229,565,232,471,1323,6.53434396878484,6.76965825874695,6.02248332743363,5.99547413793103,6.27133757961783,6.62797662887377,161
"161",2015,1,6.64285714285714,14,6.6875,6.58333333333333,8.25,NA,6.64285714285714,8,6,2,0,14,1808,1237,571,234,471,1337,6.53518422566372,6.76912691996766,6.02837667250438,6.01474358974359,6.27133757961783,6.62813244577412,162
"162",2015,2,6.39,10,6.16,6.62,6,6.5,6.37777777777778,5,5,3,1,9,1818,1242,576,237,472,1346,6.53438563256326,6.76667471819646,6.03351229166667,6.01455696202532,6.27182203389831,6.62645845468053,163
"163",2015,3,6.56153846153846,13,6.64285714285714,6.46666666666667,6.6,7.75,6.34545454545455,7,6,5,2,11,1831,1249,582,242,474,1357,6.53457841616603,6.7659807846277,6.03797780068728,6.02665289256198,6.27805907172996,6.62418060427413,164
"164",2015,4,6.74285714285714,7,7.23333333333333,6.375,6.25,6,6.86666666666667,3,4,2,1,6,1838,1252,586,244,475,1363,6.53537164309032,6.76710063897764,6.04027829351536,6.02848360655738,6.27747368421053,6.62524804108584,165
"165",2015,5,7.07142857142857,7,7.5,6,5,NA,7.07142857142857,5,2,1,0,7,1845,1257,588,245,475,1370,6.53740546341464,6.77001591089897,6.04014129251701,6.02428571428571,6.27747368421053,6.62752779562044,166
"166",2015,6,7.1,10,7.42857142857143,6.33333333333333,6,NA,7.1,7,3,2,0,10,1855,1264,591,247,475,1380,6.5404383180593,6.77366297468354,6.04162957698815,6.02408906882591,6.27747368421053,6.63095150724637,167
"167",2015,7,6.5,2,6.5,NA,NA,NA,6.5,2,0,0,0,2,1857,1266,591,247,475,1382,6.54039476575121,6.77323064770932,6.04162957698815,6.02408906882591,6.27747368421053,6.63076199710564,168
"168",2015,8,6.77,10,6.7125,7,5,6,6.85555555555556,8,2,1,1,9,1867,1274,593,248,476,1391,6.54162457418318,6.77284929356358,6.0448618549747,6.01995967741935,6.27689075630252,6.63221644859813,169
"169",2015,9,6.86,10,6.72,7,NA,6,7.075,5,5,0,2,8,1877,1279,598,248,478,1399,6.54332076718168,6.77264268960125,6.05284795986622,6.01995967741935,6.27573221757322,6.63474844889206,170
"170",2015,10,5.6625,8,6.1,5.4,5.5,5.33333333333333,5.86,3,5,2,3,5,1885,1282,603,250,481,1404,6.53958253580902,6.77106864274571,6.04743462686567,6.0158,6.26985446985447,6.63198937321937,171
"171",2015,11,6.14285714285714,7,6.25,6,6.5,6,6.16666666666667,4,3,2,1,6,1892,1286,606,252,482,1410,6.53811473572939,6.76944790046656,6.0471998019802,6.01964285714286,6.26929460580913,6.63000927659574,172
"172",2015,12,6.51818181818182,11,7.16666666666667,5.74,5.5,8,6.37,6,5,1,1,10,1903,1292,611,253,483,1420,6.53799951655281,6.77129256965944,6.04468589198036,6.01758893280632,6.27287784679089,6.62817822535211,173
"173",2016,1,6.20666666666667,15,6.66,5.3,6.83333333333333,7,6.15,10,5,3,1,14,1918,1302,616,256,484,1434,6.53540827945777,6.77043778801843,6.03864136363636,6.0271484375,6.27438016528926,6.62350981868898,174
"174",2016,2,5.78571428571429,7,6.5,4.83333333333333,5,5,6.1,4,3,2,2,5,1925,1306,619,258,486,1439,6.53268211948052,6.76960949464012,6.03279980613893,6.01918604651163,6.26913580246914,6.62169081306463,175
"175",2016,3,6.4,5,7.5,5.66666666666667,5,8,6,2,3,2,1,4,1930,1308,622,260,487,1443,6.53233838341969,6.77072629969419,6.03103389067524,6.01134615384615,6.27268993839836,6.61996748440748,176
"176",2016,4,6.5,5,6.5,NA,NA,6.5,6.5,5,0,0,2,3,1935,1313,622,260,489,1446,6.53225482170543,6.7696953541508,6.03103389067524,6.01134615384615,6.27361963190184,6.61971858921162,177
"177",2016,5,6.83333333333333,9,6.8125,7,NA,7.5,6.75,8,1,0,1,8,1944,1321,623,260,490,1454,6.53364870370371,6.76995457986374,6.03258921348315,6.01134615384615,6.27612244897959,6.62043540577716,178
"178",2016,6,7,7,7,NA,NA,7,7,7,0,0,3,4,1951,1328,623,260,493,1458,6.53532192721681,6.7711671686747,6.03258921348315,6.01134615384615,6.28052738336714,6.62147673525377,179
"179",2016,7,6.27272727272727,11,6.3,6.25,7,5,6.55555555555556,5,6,3,2,9,1962,1333,629,263,495,1467,6.53384968399592,6.76939984996249,6.03466308426073,6.02262357414449,6.27535353535354,6.62107231083844,180
"180",2016,8,5.94444444444444,18,6,5.66666666666667,5.66666666666667,5.75,6,15,3,3,4,14,1980,1348,632,266,499,1481,6.52849145454546,6.76083827893175,6.03291626582278,6.01860902255639,6.27114228456914,6.61520126941256,181
"181",2016,9,6.38888888888889,9,6.16666666666667,6.83333333333333,NA,6,6.58333333333333,6,3,0,3,6,1989,1354,635,266,502,1487,6.52785976872801,6.75820531757755,6.03669776377953,6.01860902255639,6.2695219123506,6.61507268325487,182
"182",2016,10,7.03333333333333,9,7.05,7,6,10,6.6625,6,3,1,1,8,1998,1360,638,267,503,1495,6.53013667667668,6.75949264705882,6.04122739811912,6.0185393258427,6.27693836978131,6.61532647491639,183
"183",2016,11,5.625,12,6.125,4.625,4.16666666666667,3.75,6,8,4,3,2,10,2010,1368,642,270,505,1505,6.52473287562189,6.75578216374269,6.03240355140187,5.99796296296296,6.26693069306931,6.6112379269103,184
"184",2016,12,6.31818181818182,11,6.9375,4.66666666666667,5,6.33333333333333,6.3125,8,3,2,3,8,2021,1376,645,272,508,1513,6.52360864918357,6.7568386627907,6.0260512868217,5.990625,6.26732283464567,6.60965834765367,185
"185",2017,1,6.56666666666667,15,6.57692307692308,6.5,5,5,6.67857142857143,13,2,1,1,14,2036,1389,647,273,509,1527,6.52392587426326,6.75515478761699,6.02751635239567,5.98699633699634,6.26483300589391,6.61029016371971,186
"186",2017,2,6.26923076923077,13,6.18181818181818,6.75,NA,NA,6.26923076923077,11,2,0,0,13,2049,1400,649,273,509,1540,6.52230994631528,6.75065,6.02974280431433,5.98699633699634,6.26483300589391,6.60741109090909,187
"187",2017,3,6.92857142857143,7,6.625,7.33333333333333,7.33333333333333,NA,6.92857142857143,4,3,3,0,7,2056,1404,652,276,509,1547,6.52369313229572,6.75029202279202,6.0357409202454,6.00163043478261,6.26483300589391,6.60886430510666,188
"188",2017,4,5.35714285714286,7,5.5,5,6,4.83333333333333,5.75,5,2,1,3,4,2063,1409,654,277,512,1551,6.51973489093553,6.74585521646558,6.03257351681957,6.00162454873646,6.2564453125,6.6066493101225,189
"189",2017,5,6.7,10,6.88888888888889,5,5,5,6.88888888888889,9,1,1,1,9,2073,1418,655,278,513,1560,6.52060447660396,6.74676304654443,6.03099706870229,5.99802158273381,6.25399610136452,6.60827761538461,190
"190",2017,6,6.30125,8,5.985,7.25,7.25,NA,6.30125,6,2,2,0,8,2081,1424,657,280,513,1568,6.51976121095627,6.74355337078652,6.03470788432268,6.00696428571429,6.25399610136452,6.60671114795918,191
"191",2017,7,6.75,6,6.875,6.5,5,6.5,6.875,4,2,1,2,4,2087,1428,659,281,515,1572,6.52042313368472,6.74392156862745,6.03612,6.00338078291815,6.25495145631068,6.60739381679389,192
"192",2017,8,6.5,10,6.83333333333333,6,3,6,6.71428571428571,6,4,1,3,7,2097,1434,663,282,518,1579,6.52032574153553,6.74429567642957,6.03590208144796,5.9927304964539,6.2534749034749,6.60786768841038,193
"193",2017,9,6.9375,8,7.16666666666667,6.25,4,7,6.92857142857143,6,2,1,1,7,2105,1440,665,283,519,1586,6.52191120190024,6.74605555555556,6.03654598496241,5.98568904593639,6.25491329479769,6.60928315258512,194
"194",2017,10,6.19,10,6.6125,4.5,3,5.3,6.57142857142857,8,2,1,3,7,2115,1448,667,284,522,1593,6.52034188179669,6.74531767955801,6.03193865067466,5.97517605633803,6.24942528735632,6.60911681104833,195
"195",2017,11,6.15909090909091,11,6.71428571428571,5.1875,4.875,5.375,6.33333333333333,7,4,2,2,9,2126,1455,671,286,524,1602,6.51847275634995,6.74516838487973,6.02690473919523,5.96748251748252,6.24608778625954,6.60756746566791,196
"196",2017,12,7.5125,8,8,7.22,6.05,NA,7.5125,3,5,2,0,8,2134,1458,676,288,524,1610,6.52219919400188,6.74775034293553,6.03572940828402,5.96805555555556,6.24608778625954,6.61206402484472,197
"197",2018,1,7.08333333333333,12,7.42857142857143,6.6,7,NA,7.08333333333333,7,5,3,0,12,2146,1465,681,291,524,1622,6.52533694315005,6.75100341296928,6.03987236417034,5.9786941580756,6.24608778625954,6.61555060419235,198
"198",2018,2,6.53846153846154,13,6.77777777777778,6,5.5,7,6.5,9,4,2,1,12,2159,1474,685,293,525,1634,6.52541597035665,6.75116689280868,6.03963953284672,5.97542662116041,6.24752380952381,6.61470200734394,199
"199",2018,3,6,4,6.66666666666667,4,NA,NA,6,3,1,0,0,4,2163,1477,686,293,525,1638,6.52444432732316,6.75099526066351,6.03666629737609,5.97542662116041,6.24752380952381,6.6132009035409,200
"200",2018,4,6.33333333333333,3,7,5,NA,8,5.5,2,1,0,1,2,2166,1479,687,293,526,1640,6.52417963065559,6.75133198106829,6.0351573216885,5.97542662116041,6.25085551330799,6.61184334146341,201
"201",2018,5,6.42857142857143,7,6.75,6,8,6,6.5,4,3,1,1,6,2173,1483,690,294,527,1646,6.52387164289002,6.75132838840189,6.03500446376812,5.98231292517007,6.25037950664137,6.61143565006075,202
"202",2018,6,7.85714285714286,7,8,7.5,NA,10,7.5,5,2,0,1,6,2180,1488,692,294,528,1652,6.52815278899083,6.75552419354839,6.03923855491329,5.98231292517007,6.25748106060606,6.61466288135593,203
"203",2018,7,6.85714285714286,7,7,6.5,6.5,7,6.83333333333333,5,2,2,1,6,2187,1493,694,296,529,1658,6.52920579789666,6.75634293369056,6.04056639769452,5.98581081081081,6.25888468809074,6.61545420989143,204
"204",2018,8,5.64285714285714,7,6.375,4.66666666666667,4.66666666666667,7.5,5.33333333333333,4,3,3,1,6,2194,1497,697,299,530,1664,6.5263778851413,6.75532398129593,6.03465291248207,5.97257525083612,6.26122641509434,6.61083117788461,205
"205",2018,9,7,1,7,NA,NA,NA,7,1,0,0,0,1,2195,1498,697,299,530,1665,6.52659365831435,6.7554873164219,6.03465291248207,5.97257525083612,6.26122641509434,6.61106491291291,206
"206",2018,10,7.33333333333333,6,7.75,6.5,7,8.5,7.1,4,2,1,1,5,2201,1502,699,300,531,1670,6.52879285779191,6.75813581890812,6.0359843776824,5.976,6.26544256120527,6.61252879041916,207
"207",2018,11,6.8,5,7.25,5,NA,5,7.25,4,1,0,1,4,2206,1506,700,300,532,1674,6.52940756119674,6.7594422310757,6.0345044,5.976,6.26306390977444,6.61405201911589,208
"208",2018,12,5.04166666666667,6,5.75,4.33333333333333,5,4.08333333333333,6,3,3,2,3,3,2212,1509,703,302,535,1677,6.52537209764919,6.75743538767396,6.02724477951636,5.96953642384106,6.25084112149533,6.61295353607632,209
"209",2019,1,7.07142857142857,14,6.77272727272727,8.16666666666667,8,6.5,7.16666666666667,11,3,1,2,12,2226,1520,706,303,537,1689,6.52880641509434,6.75754605263158,6.03633580736544,5.97623762376237,6.25176908752328,6.61688755476613,210
"210",2019,2,6.13,6,6.195,6,6,NA,6.13,4,2,2,0,6,2232,1524,708,305,537,1695,6.52773435483871,6.75606955380577,6.03623316384181,5.97639344262295,6.25176908752328,6.61516405899705,211
"211",2019,3,5.83333333333333,6,6.33333333333333,5.33333333333333,6,NA,5.83333333333333,3,3,3,0,6,2238,1527,711,308,537,1701,6.5258726899017,6.75523903077931,6.03326734177215,5.97662337662337,6.25176908752328,6.61240627865961,212
"212",2019,4,6,4,6,6,6,6,6,2,2,1,1,3,2242,1529,713,309,538,1704,6.52493446922391,6.75425114453891,6.03317402524544,5.97669902912621,6.25130111524164,6.61132809859155,213
"213",2019,5,5.83333333333333,3,6.5,5.5,4,6.5,5.5,1,2,1,1,2,2245,1530,715,310,539,1706,6.52401028062361,6.75408496732026,6.03168262937063,5.97032258064516,6.2517625231911,6.61002525205158,214
"214",2019,6,7.71428571428571,7,7.71428571428571,NA,NA,NA,7.71428571428571,7,0,0,0,7,2252,1537,715,310,539,1713,6.52771007104796,6.75845803513338,6.03168262937063,5.97032258064516,6.2517625231911,6.61453769994162,215
"215",2019,7,5.75,2,5.75,NA,NA,NA,5.75,2,0,0,0,2,2254,1539,715,310,539,1715,6.52702,6.75714749837557,6.03168262937063,5.97032258064516,6.2517625231911,6.61352949271137,216
"216",2019,8,6.5,9,6.4375,7,NA,5,6.6875,8,1,0,1,8,2263,1547,716,310,540,1723,6.52691254087495,6.75549450549451,6.03303502793296,5.97032258064516,6.24944444444445,6.61387294254208,217
"217",2019,9,5.75,6,6,5.25,NA,5,6.125,4,2,0,2,4,2269,1551,718,310,542,1727,6.52485812252093,6.75354609929078,6.0308538718663,5.97032258064516,6.24483394833948,6.61274063694267,218
"218",2019,10,6.005,4,6.00666666666667,6,6,NA,6.005,3,1,1,0,4,2273,1554,719,311,542,1731,6.52394328200616,6.75210424710425,6.0308109596662,5.97041800643087,6.24483394833948,6.61133626805315,219
"219",2019,11,6.2125,8,6.925,5.5,3.5,5.06666666666667,6.9,4,4,2,3,5,2281,1558,723,313,545,1736,6.52285097764139,6.75254813863928,6.0278742461964,5.95463258785942,6.23834862385321,6.61216767281106,220
"220",2019,12,6.54208333333333,6,7.1505,3.5,NA,3.5,7.1505,5,1,0,1,5,2287,1563,724,313,546,1741,6.52290143419327,6.75382117722329,6.02438270718232,5.95463258785942,6.23333333333333,6.61371371625502,221
"221",2020,1,5.73944444444444,18,6.29307692307692,4.3,3,5.625,5.77214285714286,13,5,1,4,14,2305,1576,729,314,550,1755,6.5167833318872,6.75002062182741,6.01255566529492,5.94522292993631,6.22890909090909,6.60700033048433,222
"222",2020,2,6.53846153846154,13,6.55555555555556,6.5,6,5,6.66666666666667,9,4,2,1,12,2318,1585,733,316,551,1767,6.51690490940466,6.74891640378549,6.01521566166439,5.94556962025316,6.22667876588022,6.60740553480475,223
"223",2020,3,7.125,8,7.14285714285714,7,7,NA,7.125,7,1,1,0,8,2326,1592,734,317,551,1775,6.51899638005159,6.75064855527638,6.01655732970027,5.94889589905363,6.22667876588022,6.60973835492958,224
"224",2020,4,6.8,5,5,7.25,6.5,6,7,1,4,2,1,4,2331,1593,738,319,552,1779,6.51959913341914,6.74954959196485,6.02324265582656,5.95235109717868,6.22626811594203,6.61061584035975,225
"225",2020,5,6.4,12,6.85,5.5,5,4.76666666666667,6.94444444444444,8,4,2,3,9,2343,1601,742,321,555,1788,6.51898658984208,6.75005153029357,6.02042194070081,5.94641744548286,6.21837837837838,6.61229618568233,226
"226",2020,6,6.75,4,6.75,NA,NA,NA,6.75,4,0,0,0,4,2347,1605,742,321,555,1792,6.51938030677461,6.75005140186916,6.02042194070081,5.94641744548286,6.21837837837838,6.61260356026786,227
"227",2020,7,7.52,5,7.52,NA,NA,9.1,7.125,5,0,0,1,4,2352,1610,742,321,556,1796,6.5215074744898,6.75244254658385,6.02042194070081,5.94641744548286,6.22356115107914,6.61374475501114,228
"228",2020,8,7.12,8,7.56571428571429,4,NA,7,7.13714285714286,7,1,0,1,7,2360,1617,743,321,557,1803,6.52353626271187,6.7559632034632,6.01770266487214,5.94641744548286,6.22495511669659,6.61577680532446,229
"229",2020,9,5.53333333333333,6,5.8,5,NA,NA,5.53333333333333,4,2,0,0,6,2366,1621,745,321,557,1809,6.52102518174134,6.75360425663171,6.01497057718121,5.94641744548286,6.22495511669659,6.61218661138751,230
"230",2020,10,6.9375,8,7.4,6.16666666666667,6,8,6.78571428571429,5,3,1,1,7,2374,1626,748,322,558,1816,6.52242863521483,6.75559194341943,6.01557898395722,5.94658385093168,6.22813620071685,6.61285549559471,231
"231",2020,11,5.83333333333333,6,6.25,5,6.5,6.5,5.7,4,2,1,1,5,2380,1630,750,323,559,1821,6.52069142016807,6.75435122699387,6.01287077333333,5.94829721362229,6.22862254025045,6.61034902800659,232
"232",2020,12,6.6,5,6.66666666666667,6.5,6.5,7,6.5,3,2,2,1,4,2385,1633,752,325,560,1825,6.52085768553459,6.75419014084507,6.01416632978723,5.95169230769231,6.23,6.61010716712329,233
"233",2021,1,6.5,7,6.75,5,NA,5,6.75,6,1,0,1,6,2392,1639,753,325,561,1831,6.52079664715719,6.75417480170836,6.01281949535193,5.95169230769231,6.22780748663102,6.61056558164937,234
"234",2021,2,6.25,4,5,6.66666666666667,6,6,6.33333333333333,1,3,1,1,3,2396,1640,756,326,562,1834,6.52034456594324,6.75310518292683,6.01541412698413,5.95184049079754,6.22740213523132,6.61011209378408,235
"235",2021,3,6.6,5,6.6,NA,NA,7.5,6,5,0,0,2,3,2401,1645,756,326,564,1837,6.52051044564765,6.75263981762918,6.01541412698413,5.95184049079754,6.23191489361702,6.6091157212847,236
"236",2021,4,5.73888888888889,9,6.52142857142857,3,NA,7.65,5.5,7,2,0,1,8,2410,1652,758,326,565,1845,6.51759152697096,6.75166010895884,6.00745788918206,5.95184049079754,6.23442477876106,6.60430654742547,237
"237",2021,5,7.1,3,7.1,NA,NA,NA,7.1,3,0,0,0,3,2413,1655,758,326,565,1848,6.5183156154165,6.7522915407855,6.00745788918206,5.95184049079754,6.23442477876106,6.60511124458874,238
"238",2021,6,7.44444444444444,9,7.375,8,NA,NA,7.44444444444444,8,1,0,0,9,2422,1663,759,326,565,1857,6.52175705202312,6.75528713168972,6.01008310935441,5.95184049079754,6.23442477876106,6.60917909531502,239
"239",2021,7,6,1,6,NA,NA,NA,6,1,0,0,0,1,2423,1664,759,326,565,1858,6.5215417168799,6.75483323317308,6.01008310935441,5.95184049079754,6.23442477876106,6.60885122712594,240
"240",2021,8,6.6875,8,7.16666666666667,5.25,4,NA,6.6875,6,2,1,0,8,2431,1670,761,327,565,1866,6.52208785684904,6.7563128742515,6.00808551905388,5.94587155963303,6.23442477876106,6.60918841371918,241
"241",2021,9,6.1,5,7,4.75,NA,3,6.875,3,2,0,1,4,2436,1673,763,327,566,1870,6.52122150246306,6.75674985056784,6.00478778505898,5.94587155963303,6.22871024734982,6.6097569946524,242
"242",2021,10,5.91666666666667,6,7.16666666666667,4.66666666666667,4.66666666666667,9,5.3,3,3,3,1,5,2442,1676,766,330,567,1875,6.51973610974611,6.75748359188544,5.99954710182768,5.93424242424242,6.23359788359788,6.60626430933333,243
"243",2021,11,5.22222222222222,9,5.42857142857143,4.5,4.5,6,5,7,2,2,2,7,2451,1683,768,332,569,1882,6.51497167686659,6.75195632798574,5.99564203125,5.92560240963855,6.23277680140598,6.60028989373007,244
"244",2021,12,6.26230769230769,13,6.64285714285714,5.81833333333333,6.1025,6.83333333333333,6.091,7,6,4,3,10,2464,1690,774,336,572,1892,6.51363862824676,6.75150443786982,5.99426754521964,5.92770833333333,6.23592657342657,6.59759808668076,245
"245",2022,1,7.05,10,7,7.25,7.25,NA,7.05,8,2,2,0,10,2474,1698,776,338,572,1902,6.51580662085691,6.75267520612485,5.99750396907216,5.9355325443787,6.23592657342657,6.59997664563617,246
"246",2022,2,7.2,10,7.2,NA,NA,8.66666666666667,6.57142857142857,10,0,0,3,7,2484,1708,776,338,575,1909,6.51856102254429,6.75529420374707,5.99750396907216,5.9355325443787,6.24860869565217,6.59987196437925,247
"247",2022,3,5.66666666666667,6,6,4,NA,NA,5.66666666666667,5,1,0,0,6,2490,1713,777,338,575,1915,6.51650826506024,6.75308960887332,5.99493317889318,5.9355325443787,6.24860869565217,6.59694808355091,248
"248",2022,4,6.57142857142857,7,6.5,6.66666666666667,6,8,6.33333333333333,4,3,2,1,6,2497,1717,780,340,576,1921,6.51666222667201,6.7525,5.99751676923077,5.93591176470588,6.25164930555556,6.5961247162936,249
"249",2022,5,4.2,5,5.5,3.33333333333333,NA,2.5,5.33333333333333,2,3,0,2,3,2502,1719,783,340,578,1924,6.51203260591527,6.7510427574171,5.98730916985951,5.93591176470588,6.23866782006921,6.5941557068607,250
"250",2022,6,3.5,2,3.5,NA,NA,NA,3.5,2,0,0,0,2,2504,1721,783,340,578,1926,6.50962682907349,6.7472646717025,5.98730916985951,5.93591176470588,6.23866782006921,6.59094266874351,251
"251",2022,7,5.58333333333333,6,5.25,6.25,8.5,NA,5.58333333333333,4,2,1,0,6,2510,1725,785,341,578,1932,6.50741258167331,6.74379275362319,5.98797844585987,5.94343108504399,6.23866782006921,6.58781344720497,252
"252",2022,8,6.14444444444444,9,6,6.43333333333333,7.8,5,6.2875,6,3,1,1,8,2519,1731,788,342,579,1940,6.50611575228265,6.741214615829,5.98967395939086,5.9488596491228,6.23652849740933,6.58657504123711,253
