"","year","month","avg_rating","no_ratings","avg_rating_owned","avg_rating_not_owned","avg_rating_prev_owned","avg_rating_comment","avg_rating_no_comment","no_ratings_owned","no_ratings_not_owned","no_ratings_prev_owned","no_ratings_comment","no_ratings_no_comment","cum_no_ratings","cum_no_ratings_owned","cum_no_ratings_not_owned","cum_no_ratings_prev_owned","cum_no_ratings_comment","cum_no_ratings_no_comment","cum_avg_rating","cum_avg_rating_owned","cum_avg_rating_not_owned","cum_avg_rating_prev_owned","cum_avg_rating_comment","cum_avg_rating_no_comment","month_after_release"
"1",2001,8,8,1,8,NA,NA,8,NA,1,0,0,1,0,1,1,0,0,1,0,8,8,NA,NA,8,NA,0
"2",2001,9,7,1,7,NA,NA,NA,7,1,0,0,0,1,2,2,0,0,1,1,7.5,7.5,NA,NA,8,7,1
"3",2001,10,9,2,9,NA,NA,9,9,2,0,0,1,1,4,4,0,0,2,2,8.25,8.25,NA,NA,8.5,8,2
"4",2001,11,7.66666666666667,3,7.66666666666667,NA,NA,8,7.5,3,0,0,1,2,7,7,0,0,3,4,8,8,NA,NA,8.33333333333333,7.75,3
"5",2001,12,6,1,NA,6,6,6,NA,0,1,1,1,0,8,7,1,1,4,4,7.75,8,6,6,7.75,7.75,4
"6",2002,1,8,1,NA,8,8,NA,8,0,1,1,0,1,9,7,2,2,4,5,7.77777777777778,8,7,7,7.75,7.8,5
"7",2002,2,8,1,8,NA,NA,NA,8,1,0,0,0,1,10,8,2,2,4,6,7.8,8,7,7,7.75,7.83333333333333,6
"8",2002,3,6,1,6,NA,NA,NA,6,1,0,0,0,1,11,9,2,2,4,7,7.63636363636364,7.77777777777778,7,7,7.75,7.57142857142857,7
"9",2002,4,8.5,2,8.5,NA,NA,9,8,2,0,0,1,1,13,11,2,2,5,8,7.76923076923077,7.90909090909091,7,7,8,7.625,8
"10",2002,5,6.5,1,NA,6.5,NA,NA,6.5,0,1,0,0,1,14,11,3,2,5,9,7.67857142857143,7.90909090909091,6.83333333333333,7,8,7.5,9
"11",2002,6,8.58333333333333,6,8.5,8.75,8,7,8.9,4,2,1,1,5,20,15,5,3,6,14,7.95,8.06666666666667,7.6,7.33333333333333,7.83333333333333,8,10
"12",2002,7,8.725,4,8.725,NA,NA,8.95,8.5,4,0,0,2,2,24,19,5,3,8,16,8.07916666666667,8.20526315789474,7.6,7.33333333333333,8.1125,8.0625,11
"13",2002,8,7.75,2,8.5,7,NA,8.5,7,1,1,0,1,1,26,20,6,3,9,17,8.05384615384616,8.22,7.5,7.33333333333333,8.15555555555556,8,12
"14",2002,9,8,1,8,NA,NA,NA,8,1,0,0,0,1,27,21,6,3,9,18,8.05185185185185,8.20952380952381,7.5,7.33333333333333,8.15555555555556,8,13
"15",2002,10,6.4,5,9,5.75,6,NA,6.4,1,4,1,0,5,32,22,10,4,9,23,7.79375,8.24545454545455,6.8,7,8.15555555555556,7.65217391304348,14
"16",2002,11,6,5,8,5.5,NA,NA,6,1,4,0,0,5,37,23,14,4,9,28,7.55135135135135,8.23478260869565,6.42857142857143,7,8.15555555555556,7.35714285714286,15
"17",2002,12,7,4,8,4,NA,8,4,3,1,0,3,1,41,26,15,4,12,29,7.49756097560976,8.20769230769231,6.26666666666667,7,8.11666666666667,7.24137931034483,16
"18",2003,1,8,5,8,8,8,8,8,4,1,1,2,3,46,30,16,5,14,32,7.55217391304348,8.18,6.375,7.2,8.1,7.3125,17
"19",2003,2,7.8,5,8.5,5,5,NA,7.8,4,1,1,0,5,51,34,17,6,14,37,7.57647058823529,8.21764705882353,6.29411764705882,6.83333333333333,8.1,7.37837837837838,18
"20",2003,3,8.33333333333333,3,8.33333333333333,NA,NA,8,8.5,3,0,0,1,2,54,37,17,6,15,39,7.61851851851852,8.22702702702703,6.29411764705882,6.83333333333333,8.09333333333333,7.43589743589744,19
"21",2003,4,8.6,2,8.6,NA,NA,9.2,8,2,0,0,1,1,56,39,17,6,16,40,7.65357142857143,8.24615384615385,6.29411764705882,6.83333333333333,8.1625,7.45,20
"22",2003,5,7.625,4,7.5,8,NA,NA,7.625,3,1,0,0,4,60,42,18,6,16,44,7.65166666666667,8.19285714285714,6.38888888888889,6.83333333333333,8.1625,7.46590909090909,21
"23",2003,6,8.25,2,8.25,NA,NA,8.25,NA,2,0,0,2,0,62,44,18,6,18,44,7.67096774193548,8.19545454545455,6.38888888888889,6.83333333333333,8.17222222222222,7.46590909090909,22
"24",2003,7,6.92857142857143,7,7.08333333333333,6,NA,7.5,6.83333333333333,6,1,0,1,6,69,50,19,6,19,50,7.59565217391304,8.062,6.36842105263158,6.83333333333333,8.13684210526316,7.39,23
"25",2003,8,7.63636363636364,11,7.875,7,NA,10,7.4,8,3,0,1,10,80,58,22,6,20,60,7.60125,8.03620689655173,6.45454545454545,6.83333333333333,8.23,7.39166666666667,24
"26",2003,9,8.08333333333333,6,8.5,6,NA,8.33333333333333,7.83333333333333,5,1,0,3,3,86,63,23,6,23,63,7.63488372093023,8.07301587301587,6.43478260869565,6.83333333333333,8.24347826086956,7.41269841269841,25
"27",2003,10,7.55555555555556,9,7.5,8,NA,NA,7.55555555555556,8,1,0,0,9,95,71,24,6,23,72,7.62736842105263,8.00845070422535,6.5,6.83333333333333,8.24347826086956,7.43055555555556,26
"28",2003,11,7.5,2,8,7,NA,7,8,1,1,0,1,1,97,72,25,6,24,73,7.62474226804124,8.00833333333333,6.52,6.83333333333333,8.19166666666666,7.43835616438356,27
"29",2003,12,8.5,6,9.5,6.5,NA,NA,8.5,4,2,0,0,6,103,76,27,6,24,79,7.67572815533981,8.08684210526316,6.51851851851852,6.83333333333333,8.19166666666666,7.51898734177215,28
"30",2004,1,7,6,7.2,6,NA,6.625,7.75,5,1,0,4,2,109,81,28,6,28,81,7.63853211009174,8.0320987654321,6.5,6.83333333333333,7.96785714285714,7.52469135802469,29
"31",2004,2,8.16666666666667,9,8.78571428571429,6,NA,9,7.75,7,2,0,3,6,118,88,30,6,31,87,7.67881355932203,8.09204545454546,6.46666666666667,6.83333333333333,8.06774193548387,7.54022988505747,30
"32",2004,3,8.04545454545454,11,8.07142857142857,8,NA,8.5,7.78571428571429,7,4,0,4,7,129,95,34,6,35,94,7.71007751937984,8.09052631578948,6.64705882352941,6.83333333333333,8.11714285714286,7.55851063829787,31
"33",2004,4,8.25,4,8.33333333333333,8,8,NA,8.25,3,1,1,0,4,133,98,35,7,35,98,7.72631578947368,8.09795918367347,6.68571428571429,7,8.11714285714286,7.58673469387755,32
"34",2004,5,7.8,10,8.25,6,6,8,7.66666666666667,8,2,1,4,6,143,106,37,8,39,104,7.73146853146853,8.10943396226415,6.64864864864865,6.875,8.1051282051282,7.59134615384615,33
"35",2004,6,7.68181818181818,11,8.27777777777778,5,NA,7.4,7.91666666666667,9,2,0,5,6,154,115,39,8,44,110,7.72792207792208,8.12260869565218,6.56410256410256,6.875,8.025,7.60909090909091,34
"36",2004,7,7.66666666666667,6,7.66666666666667,NA,NA,8,7.6,6,0,0,1,5,160,121,39,8,45,115,7.725625,8.1,6.56410256410256,6.875,8.02444444444444,7.60869565217391,35
"37",2004,8,7.64285714285714,7,7.64285714285714,NA,NA,9,7.1,7,0,0,2,5,167,128,39,8,47,120,7.72215568862275,8.075,6.56410256410256,6.875,8.06595744680851,7.5875,36
"38",2004,9,7.375,10,7.59375,6.5,NA,8.05,6.7,8,2,0,5,5,177,136,41,8,52,125,7.70254237288136,8.04669117647059,6.5609756097561,6.875,8.06442307692308,7.552,37
"39",2004,10,7.92857142857143,14,8,7.66666666666667,8,8.08333333333333,7.8125,11,3,1,6,8,191,147,44,9,58,133,7.71910994764398,8.04319727891156,6.63636363636363,7,8.06637931034483,7.56766917293233,38
"40",2004,11,7.75454545454545,11,7.82857142857143,7.625,8,7.97777777777778,6.75,7,4,1,9,2,202,154,48,10,67,135,7.7210396039604,8.03344155844156,6.71875,7.1,8.0544776119403,7.55555555555556,39
"41",2004,12,7.4,15,7.83333333333333,5.66666666666667,6,7.25,7.57142857142857,12,3,1,8,7,217,166,51,11,75,142,7.69884792626728,8.01897590361446,6.65686274509804,7,7.96866666666667,7.55633802816901,40
"42",2005,1,8.36363636363636,11,8.36363636363636,NA,NA,8.25,8.5,11,0,0,6,5,228,177,51,11,81,147,7.73092105263158,8.04039548022599,6.65686274509804,7,7.98950617283951,7.58843537414966,41
"43",2005,2,8.3125,8,8.3125,NA,NA,8.58333333333333,7.5,8,0,0,6,2,236,185,51,11,87,149,7.75063559322034,8.05216216216216,6.65686274509804,7,8.03045977011494,7.58724832214765,42
"44",2005,3,7.57894736842105,19,7.83333333333333,3,NA,6.9375,8.04545454545454,18,1,0,8,11,255,203,52,11,95,160,7.7378431372549,8.03275862068965,6.58653846153846,7,7.93842105263158,7.61875,43
"45",2005,4,7.83333333333333,15,8.03846153846154,6.5,8.5,8.375,7.21428571428571,13,2,1,8,7,270,216,54,12,103,167,7.74314814814815,8.03310185185185,6.58333333333333,7.125,7.97233009708738,7.60179640718563,44
"46",2005,5,7.14705882352941,17,7.85,6.14285714285714,7.16666666666667,7.66666666666667,6.5625,10,7,3,9,8,287,226,61,15,112,175,7.70783972125435,8.025,6.5327868852459,7.13333333333333,7.94776785714286,7.55428571428571,45
"47",2005,6,8,9,7.875,9,NA,8,8,8,1,0,5,4,296,234,62,15,117,179,7.71672297297297,8.01987179487179,6.57258064516129,7.13333333333333,7.95,7.56424581005587,46
"48",2005,7,7.25,12,7.71428571428571,6.6,6,7.2,7.28571428571429,7,5,1,5,7,308,241,67,16,122,186,7.69853896103896,8.01099585062241,6.57462686567164,7.0625,7.91926229508197,7.55376344086022,47
"49",2005,8,7.68421052631579,19,7.9375,6.33333333333333,8,7.54166666666667,7.92857142857143,16,3,1,12,7,327,257,70,17,134,193,7.69770642201835,8.00642023346303,6.56428571428571,7.11764705882353,7.88544776119403,7.56735751295337,48
"50",2005,9,7.40625,16,7.60714285714286,6,NA,7.55555555555556,7.21428571428571,14,2,0,9,7,343,271,72,17,143,200,7.68411078717201,7.98579335793358,6.54861111111111,7.11764705882353,7.86468531468532,7.555,49
"51",2005,10,6.83125,16,7.07692307692308,5.76666666666667,8,6.66666666666667,6.93,13,3,1,6,10,359,284,75,18,149,210,7.64610027855153,7.94419014084507,6.51733333333333,7.16666666666667,7.81644295302014,7.52523809523809,50
"52",2005,11,7.90476190476191,21,7.875,8,NA,7.85,7.95454545454545,16,5,0,10,11,380,300,80,18,159,221,7.6603947368421,7.9405,6.61,7.16666666666667,7.8185534591195,7.54660633484163,51
"53",2005,12,8,16,8.10714285714286,7.25,NA,8.33333333333333,7.8,14,2,0,6,10,396,314,82,18,165,231,7.67411616161616,7.94792993630573,6.62560975609756,7.16666666666667,7.83727272727273,7.55757575757576,52
"54",2006,1,7.23333333333333,21,7.86,5.66666666666667,7,7.03636363636364,7.45,15,6,1,11,10,417,329,88,19,176,241,7.65191846522782,7.94392097264438,6.56022727272727,7.15789473684211,7.78721590909091,7.55311203319502,53
"55",2006,2,6.85714285714286,14,7.16666666666667,5,NA,6.6,7,12,2,0,5,9,431,341,90,19,181,250,7.62610208816705,7.91656891495601,6.52555555555556,7.15789473684211,7.75441988950276,7.5332,54
"56",2006,3,7.45454545454545,11,7.8,4,NA,7,7.71428571428571,10,1,0,4,7,442,351,91,19,185,257,7.62183257918552,7.91324786324786,6.4978021978022,7.15789473684211,7.73810810810811,7.53813229571984,55
"57",2006,4,7.29166666666667,12,7.71428571428571,6.7,6.5,6.58333333333333,8,7,5,1,6,6,454,358,96,20,191,263,7.61310572687225,7.90935754189944,6.50833333333333,7.125,7.70183246073299,7.54866920152091,56
"58",2006,5,7.25,10,7.5,6.66666666666667,NA,7.41666666666667,7,7,3,0,6,4,464,365,99,20,197,267,7.60528017241379,7.90150684931507,6.51313131313131,7.125,7.69314720812183,7.54044943820225,57
"59",2006,6,7.41052631578947,19,7.5,7.31111111111111,6.25,7.125,7.9,10,9,2,12,7,483,375,108,22,209,274,7.59761904761905,7.8908,6.57962962962963,7.04545454545455,7.66052631578947,7.54963503649635,58
"60",2006,7,7.62941176470588,17,7.9,6.75,7.33333333333333,7.1,8,13,4,3,7,10,500,388,112,25,216,284,7.5987,7.89110824742268,6.58571428571428,7.08,7.64236111111111,7.56549295774648,59
"61",2006,8,7.3,10,7.64285714285714,6.5,6,7.25,7.375,7,3,1,6,4,510,395,115,26,222,288,7.5928431372549,7.88670886075949,6.58347826086956,7.03846153846154,7.63175675675676,7.56284722222222,60
"62",2006,9,7.76315789473684,19,8.21428571428571,6.5,7.5,7.90909090909091,7.5625,14,5,1,11,8,529,409,120,27,233,296,7.59896030245747,7.8979217603912,6.58,7.05555555555556,7.64484978540773,7.56283783783784,61
"63",2006,10,7.60526315789474,19,7.84615384615385,7.08333333333333,8,7.375,8,13,6,2,12,7,548,422,126,29,245,303,7.59917883211679,7.89632701421801,6.60396825396825,7.12068965517241,7.63163265306123,7.57293729372937,62
"64",2006,11,6.98,15,7.27,6.4,NA,6.5,7.52857142857143,10,5,0,8,7,563,432,131,29,253,310,7.58268206039076,7.8818287037037,6.59618320610687,7.12068965517241,7.59584980237154,7.57193548387097,63
"65",2006,12,7.4,20,7.63333333333333,6.7,7,6.6,7.66666666666667,15,5,1,5,15,583,447,136,30,258,325,7.57641509433962,7.8734899328859,6.6,7.11666666666667,7.5765503875969,7.57630769230769,64
"66",2007,1,7.49666666666667,30,7.66818181818182,7.025,7.6,7.76428571428571,7.2625,22,8,2,14,16,613,469,144,32,272,341,7.57251223491028,7.8638592750533,6.62361111111111,7.146875,7.58621323529412,7.56158357771261,65
"67",2007,2,7.12096833333333,18,7.69090909090909,6.22534714285714,5,6.94444444444444,7.29749222222222,11,7,1,9,9,631,480,151,33,281,350,7.55963142630745,7.85989583333333,6.60514854304636,7.08181818181818,7.56565836298932,7.55479265714286,66
"68",2007,3,7.10869565217391,23,7.73076923076923,6.3,6,7,7.13888888888889,13,10,1,5,18,654,493,161,34,286,368,7.54377282874618,7.85649087221095,6.5861952173913,7.05,7.55576923076923,7.53444953804348,67
"69",2007,4,7.61363636363636,22,7.52941176470588,7.9,8,7.5,7.8125,17,5,2,14,8,676,510,166,36,300,376,7.54604649408284,7.84558823529412,6.62576765060241,7.10277777777778,7.55316666666667,7.54036550531915,68
"70",2007,5,7.65909090909091,22,7.83333333333333,7.28571428571429,7,7.9,7.45833333333333,15,7,1,10,12,698,525,173,37,310,388,7.54960949856733,7.84523809523809,6.65247069364162,7.1,7.56435483870968,7.53782842783505,69
"71",2007,6,7.54666666666667,15,7.65454545454545,7.25,7.33333333333333,7.57142857142857,7.525,11,4,3,7,8,713,536,177,40,317,396,7.54954758765778,7.84132462686567,6.66597418079096,7.1175,7.56451104100946,7.53756926767677,70
"72",2007,7,7.42857142857143,7,8.66666666666667,6.5,NA,7.33333333333333,8,3,4,0,6,1,720,539,181,40,323,397,7.54837143055555,7.84591836734694,6.66230624309392,7.1175,7.56021671826625,7.53873408060453,71
"73",2007,8,7.645,20,7.65625,7.6,NA,7.81818181818182,7.43333333333333,16,4,0,11,9,740,555,185,40,334,406,7.55098301351351,7.84045045045045,6.6825807027027,7.1175,7.5687125748503,7.53639761083744,72
"74",2007,9,6.96666666666667,15,7.38888888888889,6.33333333333333,7,6.75,7.04545454545455,9,6,1,4,11,755,564,191,41,338,417,7.5393740794702,7.83324468085106,6.67160958115183,7.11463414634146,7.55902366863905,7.52344707434053,73
"75",2007,10,6.71304347826087,23,7.41666666666667,5.94545454545455,7,7.48,6.5,12,11,2,5,18,778,576,202,43,343,435,7.51494528277635,7.82456597222222,6.63206648514852,7.1093023255814,7.55787172011662,7.48109754022988,74
"76",2007,11,7.22727272727273,33,7.52,6.3125,NA,7.07692307692308,7.325,25,8,0,13,20,811,601,210,43,356,455,7.50323974106042,7.81189683860233,6.61989252380952,7.1093023255814,7.54030898876405,7.47423610989011,75
"77",2007,12,7.725,20,8.5,6.5625,7.83333333333333,6.9375,8.25,12,8,3,8,12,831,613,218,46,364,467,7.50857693140794,7.82536704730832,6.61778637614679,7.15652173913043,7.52706043956044,7.4941700856531,76
"78",2008,1,7.33333333333333,39,7.67307692307692,6.65384615384615,6,7.4,7.26315789473684,26,13,2,20,19,870,639,231,48,384,486,7.50072118390804,7.81917057902973,6.61981571428572,7.10833333333333,7.52044270833333,7.48513874485597,77
"79",2008,2,7.08823529411765,17,7.9,5.92857142857143,6.5,7.25,7,10,7,2,6,11,887,649,238,50,390,497,7.49281559188275,7.82041602465331,6.599485,7.084,7.51628205128205,7.47440126760563,78
"80",2008,3,7.05,24,7.51333333333333,6.27777777777778,6,7.15384615384615,6.92727272727273,15,9,1,13,11,911,664,247,51,403,508,7.48114975850713,7.81347891566265,6.58776287449393,7.06274509803922,7.5045905707196,7.46255399606299,79
"81",2008,4,7.49285714285714,14,8.3625,6.33333333333333,6.66666666666667,7.5,7.48888888888889,8,6,3,5,9,925,672,253,54,408,517,7.48132695135135,7.82001488095238,6.58172897233202,7.04074074074074,7.50453431372549,7.46301243713733,80
"82",2008,5,8.05714285714286,28,8.34,7.35,6,8.11538461538461,8.00666666666667,20,8,1,13,15,953,692,261,55,421,532,7.49824494228751,7.83504335260115,6.60527750957854,7.02181818181818,7.52339667458432,7.47834103383459,81
"83",2008,6,7.41666666666667,12,7.775,6.7,9,7.78333333333333,7.05,8,4,1,6,6,965,700,265,56,427,538,7.49723049740932,7.83435714285714,6.60670728301887,7.05714285714286,7.52704918032787,7.47356399628253,82
"84",2008,7,7.27384615384615,26,7.60125,6.75,6.33333333333333,6.97076923076923,7.57692307692308,16,10,3,13,13,991,716,275,59,440,551,7.49136975782038,7.82914804469273,6.61191792727273,7.02033898305085,7.51061363636364,7.47600259528131,83
"85",2008,8,7.272,25,7.52,6.9,6.2,7.94,7.105,15,10,5,5,20,1016,731,285,64,445,571,7.48597187992126,7.82280437756498,6.62202607017544,6.95625,7.51543820224719,7.46300775831874,84
"86",2008,9,6.86111111111111,18,7.5,6.0625,5.6,6.77777777777778,6.94444444444444,10,8,5,9,9,1034,741,293,69,454,580,7.47509422630561,7.81844804318488,6.60674890784983,6.85797101449275,7.50081497797357,7.4549610862069,85
"87",2008,10,7.25625,24,7.52857142857143,6.875,6,7.14285714285714,7.30294117647059,14,10,2,7,17,1058,755,303,71,461,597,7.47012989603024,7.81307284768212,6.61560207920792,6.83380281690141,7.49537960954447,7.45063221105528,86
"88",2008,11,7.19736842105263,19,7.40384615384615,6.75,6,7.25,7.16666666666667,13,6,1,7,12,1077,768,309,72,468,609,7.46531794800371,7.80614583333333,6.61821174757282,6.82222222222222,7.4917094017094,7.44503683087028,87
"89",2008,12,7.09047619047619,21,7.24375,6.6,6.66666666666667,6.25,7.42666666666667,16,5,3,6,15,1098,784,314,75,474,624,7.45814884335155,7.79466836734694,6.61792175159236,6.816,7.47599156118143,7.44459524038461,88
"90",2009,1,7.26285714285714,35,7.65555555555556,5.9375,NA,7.21428571428571,7.275,27,8,0,7,28,1133,811,322,75,481,652,7.45211600176522,7.79003699136868,6.60101686335404,6.816,7.47218295218295,7.43731200920245,89
"91",2009,2,7.01025641025641,39,7.38947368421053,6.65,6.5,6.85714285714286,7.04375,19,20,2,7,32,1172,830,342,77,488,684,7.43741248293515,7.78086746987951,6.60388137426901,6.80779220779221,7.4633606557377,7.41889975146199,90
"92",2009,3,7.36551724137931,29,7.85555555555556,6.56363636363636,7,6.58333333333333,7.5695652173913,18,11,1,6,23,1201,848,353,78,494,707,7.43567646128226,7.78245283018868,6.60262728045326,6.81025641025641,7.45267206477733,7.42380117397454,91
"93",2009,4,7.39285714285714,56,7.84210526315789,7.16216216216216,6.78571428571429,7.78571428571429,7.33673469387755,19,37,7,7,49,1257,867,390,85,501,756,7.43376883850437,7.7837600922722,6.65571135897436,6.80823529411765,7.4573253493014,7.41815797619048,92
"94",2009,5,6.91071428571429,28,7.39285714285714,6.42857142857143,5.5,7.08333333333333,6.86363636363636,14,14,2,6,22,1285,881,404,87,507,778,7.42237154085603,7.77754824063564,6.64784017326733,6.77816091954023,7.45289940828402,7.40247741645244,93
"95",2009,6,7.55714285714286,35,7.84210526315789,7.21875,7,7.5,7.57407407407407,19,16,2,8,27,1320,900,420,89,515,805,7.42594502272727,7.77891111111111,6.66958911904762,6.78314606741573,7.45363106796117,7.40823283229814,94
"96",2009,7,7.39308823529412,34,7.63888888888889,7.1165625,6.39416666666667,7.26045454545455,7.45652173913043,18,16,6,11,23,1354,918,436,95,526,828,7.42511996307238,7.77616557734204,6.6859918119266,6.75857894736842,7.44959125475285,7.40957419082126,95
"97",2009,8,7.17407407407407,27,7.56923076923077,6.80714285714286,6.7,7.35,7.1,13,14,4,8,19,1381,931,450,99,534,847,7.42021175235337,7.77327604726101,6.68976095555556,6.75621212121212,7.44809925093633,7.40262978748524,96
"98",2009,9,7.04,25,7.45,6.76666666666667,7.83333333333333,7.5,6.82352941176471,10,15,3,8,17,1406,941,465,102,542,864,7.41345123044097,7.76984059511158,6.69224178494624,6.78789215686275,7.44886531365314,7.39123545138889,97
"99",2009,10,7.39411764705882,34,7.66190476190476,6.96153846153846,6.33333333333333,6.94444444444444,7.556,21,13,3,9,25,1440,962,478,105,551,889,7.41299474305555,7.7674844074844,6.69956575313808,6.77490476190476,7.44062613430127,7.39586887514061,98
"100",2009,11,7.48928571428571,28,7.73157894736842,6.97777777777778,6.9,7.84285714285714,7.37142857142857,19,9,5,7,21,1468,981,487,110,558,910,7.41444988419618,7.76678899082568,6.70470724845996,6.78059090909091,7.44567204301075,7.39530486813187,99
"101",2009,12,6.91166666666667,30,7.375,6.38214285714286,6.5,7.16666666666667,6.80238095238095,16,14,2,9,21,1498,997,501,112,567,931,7.40438079439252,7.76050150451354,6.69569347305389,6.77558035714286,7.44124338624339,7.38193064446831,100
"102",2010,1,7.24634146341463,41,7.64,6.63125,7.83333333333333,7.25,7.24545454545455,25,16,3,8,33,1539,1022,517,115,575,964,7.40017051981806,7.75755381604696,6.69369909090909,6.80317391304348,7.43858260869565,7.37725874481328,101
"103",2010,2,7.0375,24,7.33076923076923,6.69090909090909,7,6.75714285714286,7.15294117647059,13,11,1,7,17,1563,1035,528,116,582,981,7.39460168266155,7.75219323671497,6.69364096590909,6.80487068965517,7.43038659793814,7.37337148827727,102
"104",2010,3,6.63076923076923,13,7.03333333333333,6.28571428571429,5,5.66666666666667,6.92,6,7,1,3,10,1576,1041,535,117,585,991,7.38830103426396,7.74804995196926,6.68830360747664,6.78944444444444,7.42134188034188,7.36879659939455,103
"105",2010,4,7.653125,16,7.95714285714286,7.41666666666667,7.625,7.175,7.8125,7,9,2,4,12,1592,1048,544,119,589,1003,7.39096258165829,7.74944656488549,6.70035373161765,6.80348739495798,7.41966893039049,7.37410511465603,104
"106",2010,5,7.05,15,7.425,6.3,6.5,6,7.3125,10,5,2,3,12,1607,1058,549,121,592,1015,7.38777998133167,7.74637996219281,6.69670752276867,6.79847107438017,7.41247466216216,7.37337677832512,105
"107",2010,6,7.42222222222222,18,7.86,6.875,7.5,7.85,7.20833333333333,10,8,2,6,12,1625,1068,557,123,598,1027,7.38816149538462,7.74744382022471,6.69926827648115,6.80987804878049,7.41686454849498,7.37144832521908,106
"108",2010,7,7.5,20,7.75,6.5,7,7.3,7.56666666666667,16,4,1,5,15,1645,1084,561,124,603,1042,7.38952123404255,7.74748154981549,6.6978474688057,6.81141129032258,7.41589552238806,7.37425857005758,107
"109",2010,8,6.932,25,7.57142857142857,6.11818181818182,6,7.14,6.79333333333333,14,11,2,10,15,1670,1098,572,126,613,1057,7.38267211377245,7.74523679417122,6.68670005244755,6.79853174603175,7.41139477977161,7.36601459791864,108
"110",2010,9,6.83611111111111,18,7.1,6.50625,7.525,7.5,6.753125,10,8,2,2,16,1688,1108,580,128,615,1073,7.37684385663507,7.73941335740072,6.6842110862069,6.8098828125,7.41168292682927,7.35687551724138,109
"111",2010,10,7.14583333333333,24,7.43333333333333,6.66666666666667,6.5,6.66666666666667,7.21428571428571,15,9,2,3,21,1712,1123,589,130,618,1094,7.37360539135514,7.73532502226179,6.68394300509338,6.80511538461538,7.40806634304207,7.35413841864717,110
"112",2010,11,7.35,20,7.35714285714286,7.33333333333333,7.75,7,7.46666666666667,14,6,2,5,15,1732,1137,595,132,623,1109,7.37333281177829,7.73066842568161,6.6904914789916,6.81943181818182,7.40479133226324,7.3556604418395,111
"113",2010,12,7.12380952380952,21,7.7,6.6,6.775,7.51666666666667,6.96666666666667,10,11,4,6,15,1753,1147,606,136,629,1124,7.37034365658871,7.73040104620749,6.68884889438944,6.818125,7.40585850556439,7.35046924377224,112
"114",2011,1,7.06764705882353,34,7.30416666666667,6.5,6.5,7.325,7.03333333333333,24,10,2,4,30,1787,1171,616,138,633,1154,7.36458445998881,7.72166524338172,6.68578316558442,6.81351449275362,7.40534755134281,7.34222480935875,113
"115",2011,2,7.45833333333333,12,8.35714285714286,6.2,6,8.25,7.3,7,5,1,2,10,1799,1178,621,139,635,1164,7.36520979988883,7.72544142614601,6.68187186795491,6.8076618705036,7.40800787401575,7.3418620532646,114
"116",2011,3,7.07826086956522,23,7.55555555555556,6.77142857142857,6.625,6.66666666666667,7.14,9,14,4,3,20,1822,1187,635,143,638,1184,7.36158750274424,7.72415332771693,6.68384634645669,6.80255244755245,7.40452194357367,7.33845222128378,115
"117",2011,4,7.86666666666667,15,8.27777777777778,7.25,7.25,8.66666666666667,7.66666666666667,9,6,2,3,12,1837,1196,641,145,641,1196,7.36571172019597,7.72831939799331,6.68914575663027,6.80872413793103,7.41042901716069,7.34174534280936,116
"118",2011,5,7.42708333333333,24,8.18181818181818,6.78846153846154,7.33333333333333,8,7.27631578947368,11,13,3,5,19,1861,1207,654,148,646,1215,7.36650318645889,7.73245236122618,6.6911199235474,6.81935810810811,7.41499226006192,7.34072216460905,117
"119",2011,6,7.03333333333333,15,7.59090909090909,5.5,5,6.25,7.31818181818182,11,4,1,4,11,1876,1218,658,149,650,1226,7.36383924840085,7.73117405582922,6.68387907294833,6.80714765100671,7.40782307692308,7.34051992659054,118
"120",2011,7,6.53125,16,7.4375,5.625,5.5,7,6.46428571428571,8,8,2,2,14,1892,1226,666,151,652,1240,7.35679832452431,7.7292577487765,6.67115980480481,6.78983443708609,7.40657208588957,7.33062695967742,119
"121",2011,8,7.43333333333333,18,8.275,5.75,7.83333333333333,8.75,6.775,12,6,3,6,12,1910,1238,672,154,658,1252,7.35751959685864,7.73454765751211,6.66293516369048,6.81016233766234,7.41882218844985,7.32530146166134,120
"122",2011,9,6.93809523809524,21,7.33333333333333,6.41111111111111,5.33333333333333,6.75,6.98235294117647,12,9,3,4,17,1931,1250,681,157,662,1269,7.35295827550492,7.73069599999999,6.65960709251101,6.78194267515924,7.41478096676737,7.32070719464145,121
"123",2011,10,7.54117647058824,17,8.275,6.88888888888889,7.16666666666667,7.875,7.43846153846154,8,9,3,4,13,1948,1258,690,160,666,1282,7.35460083675565,7.7341573926868,6.66259772463768,6.78915625,7.41754504504505,7.32190127145086,122
"124",2011,11,7.135,20,7.63636363636364,6.52222222222222,6.75,7.7,6.94666666666667,11,9,2,5,15,1968,1269,699,162,671,1297,7.35236912093496,7.73330969267139,6.66079031473534,6.78867283950617,7.41964977645306,7.31756162683115,123
"125",2011,12,7.42142857142857,14,7.5,7.28,NA,7,7.59,9,5,0,4,10,1982,1278,704,162,675,1307,7.35285692734611,7.73166666666666,6.66518811079545,6.78867283950617,7.41716296296296,7.31964608263198,124
"126",2012,1,7.3875,28,7.83529411764706,6.69545454545455,6.45,7.48571428571429,7.3547619047619,17,11,2,7,21,2010,1295,715,164,682,1328,7.35333951741293,7.73302702702702,6.66565374825175,6.78454268292683,7.41786656891496,7.32020137801205,125
"127",2012,2,7.44375,32,7.77142857142857,6.81818181818182,7,7.08333333333333,7.52692307692308,21,11,1,6,26,2042,1316,726,165,688,1354,7.35475633202742,7.73363981762918,6.66796477961432,6.78584848484848,7.41494912790698,7.32417092319055,126
"128",2012,3,6.34615384615385,13,7.21428571428571,5.33333333333333,6.66666666666667,7,6.22727272727273,7,6,3,2,11,2055,1323,732,168,690,1365,7.3483758783455,7.73089191232048,6.65702517759563,6.78372023809524,7.41374637681159,7.31533145054945,127
"129",2012,4,7.88636363636364,11,7.96428571428571,7.75,7,8.375,7.77777777777778,7,4,1,2,9,2066,1330,736,169,692,1374,7.35124028557599,7.73212030075188,6.66296525815217,6.785,7.41652456647399,7.31836057496361,128
"130",2012,5,7.04347826086957,23,7.5,6.33333333333333,6.33333333333333,6.66666666666667,7.1,14,9,3,3,20,2089,1344,745,172,695,1394,7.34785180947822,7.72970238095238,6.65898312751678,6.77712209302326,7.41328776978417,7.31522771162123,129
"131",2012,6,7.15,10,7.35714285714286,6.66666666666667,NA,5,7.6875,7,3,0,2,8,2099,1351,748,172,697,1402,7.34690920914721,7.72777202072539,6.65901394385027,6.77712209302326,7.40636298421808,7.31735194721826,130
"132",2012,7,7.01761904761905,21,7.33333333333333,6.59666666666667,7,6.66666666666667,7.158,12,9,3,6,15,2120,1363,757,175,703,1417,7.34364737264151,7.72429933969185,6.65827269484808,6.78094285714286,7.40004978662873,7.31566508821454,131
"133",2012,8,7.65789473684211,19,8.16666666666667,6.78571428571429,5,6.66666666666667,7.84375,12,7,2,3,16,2139,1375,764,177,706,1433,7.34643872370267,7.72816,6.65944035340314,6.76081920903955,7.39693342776204,7.32156136078158,132
"134",2012,9,7.375,14,7.7,7.19444444444444,7.25,6.65,7.77777777777778,5,9,4,5,9,2153,1380,773,181,711,1442,7.34662444496052,7.72805797101449,6.66566937904269,6.77162983425414,7.39168073136427,7.32440875866852,133
"135",2012,10,6.46428571428571,14,6.88888888888889,5.7,6,5.9,6.77777777777778,9,5,1,5,9,2167,1389,778,182,716,1451,7.34092405629903,7.72262059035277,6.65946327763496,6.76739010989011,7.38126396648045,7.32101821502412,134
"136",2012,11,6.4,25,6.86111111111111,6.140625,6.08333333333333,7,6.28571428571429,9,16,3,4,21,2192,1398,794,185,720,1472,7.33019271441606,7.71707439198855,6.64900809823677,6.7562972972973,7.37914583333333,7.30624825407609,135
"137",2012,12,7.15,16,7.1,7.23333333333333,8,7.58333333333333,6.89,10,6,2,6,10,2208,1408,800,187,726,1482,7.3288869701087,7.71269176136363,6.6533905375,6.76959893048128,7.38083333333333,7.30343956140351,136
"138",2013,1,6.67647058823529,17,7.8,5.07142857142857,6.5,7.125,6.53846153846154,10,7,2,4,13,2225,1418,807,189,730,1495,7.32390221573034,7.71330747531734,6.63966843866171,6.76674603174603,7.37943150684931,7.29678757859532,137
"139",2013,2,7.51578947368421,19,7.86363636363636,7.0375,NA,6.325,7.83333333333333,11,8,0,4,15,2244,1429,815,189,734,1510,7.32552692959002,7.71446466060182,6.64357353374233,6.76674603174603,7.37368528610354,7.30211750331126,138
"140",2013,3,7.58333333333333,12,8.21428571428571,6.7,7,6.8,8.14285714285714,7,5,3,5,7,2256,1436,820,192,739,1517,7.32689824024823,7.71690111420613,6.64391759756097,6.770390625,7.36980378890392,7.30599698747528,139
"141",2013,4,7.57142857142857,14,8.22222222222222,6.4,6.16666666666667,7.08333333333333,7.9375,9,5,3,6,8,2270,1445,825,195,745,1525,7.32840635682819,7.72004844290657,6.64243930909091,6.76110256410256,7.3674966442953,7.30930979016394,140
"142",2013,5,7.33583333333333,12,7.56625,6.875,7,7.306,7.35714285714286,8,4,1,5,7,2282,1453,829,196,750,1532,7.32844541191937,7.71920165175499,6.64356143546441,6.76232142857143,7.36708666666667,7.30952834856397,141
"143",2013,6,6.5,5,6.5,NA,NA,6.16666666666667,7,5,0,0,3,2,2287,1458,829,196,753,1534,7.32663420638391,7.71502057613168,6.64356143546441,6.76232142857143,7.36230411686587,7.30912479139505,142
"144",2013,7,7.13888888888889,18,7.73333333333333,6.54444444444444,6.5,7.51666666666667,6.95,9,9,3,6,12,2305,1467,838,199,759,1546,7.3251680824295,7.71513292433538,6.64249693317422,6.75836683417085,7.36352437417655,7.30633727684347,143
"145",2013,8,7,12,7.6,6.57142857142857,7,6.5,7.25,5,7,3,4,8,2317,1472,845,202,763,1554,7.32348400086318,7.71474184782608,6.64190820118343,6.76195544554455,7.35899737876802,7.30604725225225,144
"146",2013,9,7.375,16,7.55555555555556,7.14285714285714,8,6.25,7.75,9,7,3,4,12,2333,1481,852,205,767,1566,7.32383730390056,7.71377447670493,6.64602397887324,6.78007317073171,7.35321382007823,7.3094491890166,145
"147",2013,10,6.75,12,7.3,6.35714285714286,6.66666666666667,7.125,6.5625,5,7,3,4,8,2345,1486,859,208,771,1574,7.32090082302772,7.71238223418573,6.64366988358556,6.7784375,7.35202983138781,7.30565275095299,146
"148",2013,11,6.43333333333333,15,7.4375,5.28571428571429,5.5,6.71428571428571,6.1875,8,7,2,7,8,2360,1494,866,210,778,1582,7.31525950423729,7.71091030789826,6.63269333718245,6.7662619047619,7.34629177377892,7.29999837547408,147
"149",2013,12,7.03571428571429,14,7.45454545454545,5.5,5.5,6.5,7.25,11,3,2,4,10,2374,1505,869,212,782,1592,7.31361096461668,7.7090365448505,6.62878300345224,6.75431603773585,7.34196291560102,7.29968431532663,148
"150",2014,1,7.28888888888889,9,7.93333333333333,6,NA,7.75,7.15714285714286,6,3,0,2,7,2383,1511,872,212,784,1599,7.3135175954679,7.70992720052945,6.62661975917431,6.75431603773585,7.34300382653061,7.29906030644153,149
"151",2014,2,7.10416666666667,24,7.41666666666667,6.79166666666667,6.25,6.71428571428571,7.26470588235294,12,12,4,7,17,2407,1523,884,216,791,1616,7.31143017449107,7.70761654629021,6.62886021493212,6.74497685185185,7.3374399494311,7.29869890470297,150
"152",2014,3,7.68666666666667,9,7.5225,9,NA,7,7.7725,8,1,0,1,8,2416,1531,885,216,792,1624,7.31282799254967,7.70664924885695,6.63153946892655,6.74497685185185,7.33701388888889,7.30103290024631,151
"153",2014,4,7.35714285714286,14,8.14285714285714,6.57142857142857,6,7.33333333333333,7.36363636363636,7,7,3,3,11,2430,1538,892,219,795,1635,7.31308330452675,7.70863459037711,6.63106774663677,6.73477168949772,7.337,7.30145408562691,152
"154",2014,5,7.72666666666667,15,7.84,7.5,7.5,7.85,7.68181818181818,10,5,1,4,11,2445,1548,897,220,799,1646,7.31562062576687,7.70948320413437,6.63591129319955,6.73825,7.33956821026283,7.30399600850547,153
"155",2014,6,6.9375,8,8.125,5.75,4,4,7.35714285714286,4,4,1,1,7,2453,1552,901,221,800,1653,7.31438745617611,7.71055412371134,6.63197827968923,6.72585972850679,7.33539375,7.3042210707804,154
"156",2014,7,6.9,10,6.66666666666667,7.25,8,NA,6.9,6,4,1,0,10,2463,1558,905,222,800,1663,7.31270500609013,7.70653401797176,6.63470986740331,6.7315990990991,7.33539375,7.30179039687312,155
"157",2014,8,6.05555555555556,9,7.125,5.2,5.5,6.5,5.92857142857143,4,5,2,2,7,2472,1562,910,224,802,1670,7.30812800566343,7.70504481434059,6.62682684615384,6.72060267857143,7.33331047381546,7.29603438922156,156
"158",2014,9,7.34375,16,7.65,6.83333333333333,6.75,7.83333333333333,7.23076923076923,10,6,2,3,13,2488,1572,916,226,805,1683,7.30835708601286,7.70469465648855,6.62817950873362,6.72086283185841,7.33517391304348,7.29553026143791,157
"159",2014,10,7.02666666666667,15,7.44,6.2,6,6.4,7.44444444444444,10,5,1,6,9,2503,1582,921,227,811,1692,7.30666896923692,7.70302149178255,6.62585497285559,6.7176872246696,7.3282552404439,7.29632235815603,158
"160",2014,11,7.12777777777778,18,8.01111111111111,6.24444444444444,7.25,9,7.01764705882353,9,9,4,1,17,2521,1591,930,231,812,1709,7.30539168187227,7.7047642991829,6.6221639032258,6.72690476190476,7.33031403940887,7.293550280866,159
"161",2014,12,7.39230769230769,26,7.525,6.95,5.1,6.675,7.52272727272727,20,6,2,4,22,2547,1611,936,233,816,1731,7.30627892815077,7.70253258845437,6.62426541666667,6.71293991416309,7.32710171568627,7.29646298671288,160
"162",2015,1,6.83333333333333,18,7.6,5.875,6,7.4,6.61538461538461,10,8,1,5,13,2565,1621,944,234,821,1744,7.30296001169591,7.70190006169031,6.61791570974576,6.70989316239316,7.32754567600487,7.29138614105505,161
"163",2015,2,7.51666666666667,12,8.14,7.07142857142857,7.5,7.75,7.47,5,7,2,2,10,2577,1626,951,236,823,1754,7.30395515327901,7.70324723247232,6.62125386961093,6.71658898305085,7.32857229647631,7.2924044640821,162
"164",2015,3,7.41666666666667,12,7.6,7.28571428571429,6.75,7,7.45454545454545,5,7,2,1,11,2589,1631,958,238,824,1765,7.30447757049054,7.70293071735132,6.62610900835073,6.71686974789916,7.32817354368932,7.29341497450425,163
"165",2015,4,7.68235294117647,17,8.05,6.8,7,6.625,8.00769230769231,12,5,2,4,13,2606,1643,963,240,828,1778,7.30694260552571,7.70546561168594,6.62701186915888,6.71922916666667,7.32477657004831,7.29863747469066,164
"166",2015,5,7.33333333333333,12,7.55,6.25,6,8.16666666666667,7.05555555555556,10,2,1,3,9,2618,1653,965,241,831,1787,7.30706357142857,7.70452510586812,6.62623049740932,6.71624481327801,7.32781588447653,7.29741322327924,165
"167",2015,6,7.57857142857143,14,7.9,7,7.25,7.33333333333333,7.64545454545455,9,5,4,3,11,2632,1662,970,245,834,1798,7.30850776215805,7.70558363417569,6.62815714432989,6.72495918367347,7.32783573141487,7.2995425083426,166
"168",2015,7,6.96153846153846,13,7.1875,6.6,6.75,NA,6.96153846153846,8,5,4,0,13,2645,1670,975,249,834,1811,7.30680243100189,7.70310179640718,6.62801274871795,6.72536144578313,7.32783573141487,7.29711619547212,167
"169",2015,8,7.44823529411765,17,7.96153846153846,5.78,6,5.5,7.708,13,4,1,2,15,2662,1683,979,250,836,1826,7.30770564613073,7.70509803921569,6.62454793667007,6.72246,7.32346291866029,7.30049147316539,168
"170",2015,9,7.58571428571429,14,7.85555555555556,7.1,NA,8.175,7.35,9,5,0,4,10,2676,1692,984,250,840,1836,7.30916010089686,7.70589834515366,6.62696385162601,6.72246,7.32751785714286,7.30076112745098,169
"171",2015,10,7.2625,8,7.3,7.225,8.5,7,7.3,4,4,1,1,7,2684,1696,988,251,841,1843,7.30902102459016,7.70494103773585,6.62938505060728,6.72954183266932,7.32712841854934,7.30075823657081,170
"172",2015,11,7.03125,16,7.8125,6.25,4.5,6.83333333333333,7.07692307692308,8,8,2,3,13,2700,1704,996,253,844,1856,7.30737497407407,7.70544600938967,6.6263377811245,6.71191699604743,7.32537322274881,7.29919042564655,171
"173",2015,12,6.54166666666667,12,7.07142857142857,5.8,5.33333333333333,6.5,6.55,7,5,3,2,10,2712,1711,1001,256,846,1866,7.30398688421829,7.70285213325541,6.62221021978022,6.69576171875,7.3234219858156,7.295175471597,172
"174",2016,1,7.58,25,7.75294117647059,7.2125,4,7,7.65909090909091,17,8,1,3,22,2737,1728,1009,257,849,1888,7.30650801242236,7.70334490740741,6.62689041625371,6.68527237354086,7.32227915194346,7.29941601165254,173
"175",2016,2,7.34333333333333,15,7.2625,7.66666666666667,NA,6.725,7.56818181818182,12,3,0,4,11,2752,1740,1012,257,853,1899,7.3067087318314,7.70030459770115,6.62997275691699,6.68527237354086,7.31947831184056,7.3009728436019,174
"176",2016,3,7.06875,16,7.91666666666667,6.56,6.52,6.75,7.175,6,10,5,4,12,2768,1746,1022,262,857,1911,7.30533324783237,7.70104810996563,6.62928809197651,6.68211832061069,7.3168203033839,7.30018180533752,175
"177",2016,4,6.96875,16,7.44444444444444,6.35714285714286,6.5,6.5,7.03571428571429,9,7,1,2,14,2784,1755,1029,263,859,1925,7.30339886135057,7.69973219373219,6.62743676384839,6.68142585551331,7.31491850989523,7.29825840519481,176
"178",2016,5,7.5,11,7.9375,6.33333333333333,NA,6,7.65,8,3,0,1,10,2795,1763,1032,263,860,1935,7.30417260465116,7.7008111174135,6.6265818120155,6.68142585551331,7.31338953488372,7.30007619121447,177
"179",2016,6,6.86923076923077,13,7.27777777777778,5.95,NA,7.26666666666667,6.75,9,4,0,3,10,2808,1772,1036,263,863,1945,7.30215898504273,7.6986625282167,6.62396952702703,6.68142585551331,7.31322711471611,7.29724803598972,178
"180",2016,7,7.5,10,7.83333333333333,7,NA,7,7.55555555555556,6,4,0,1,9,2818,1778,1040,263,864,1954,7.30286104684173,7.69911698537683,6.62541579807692,6.68142585551331,7.31286458333333,7.29843778403276,179
"181",2016,8,7.425,20,7.75,6.9375,6,8.25,7.21875,12,8,2,4,16,2838,1790,1048,265,868,1970,7.30372178646934,7.69945810055866,6.62779812022901,6.67628301886792,7.3171831797235,7.29779057360406,180
"182",2016,9,7.15333333333333,15,7.5,6.75714285714286,7,6.33333333333333,7.35833333333333,8,7,1,3,12,2853,1798,1055,266,871,1982,7.30293110059586,7.69857063403782,6.62865633175355,6.6775,7.313794489093,7.29815712916246,181
"183",2016,10,6.76086956521739,23,7.875,5.54545454545455,6.6,6.75,6.76470588235294,12,11,5,6,17,2876,1810,1066,271,877,1999,7.29859611613352,7.69974033149171,6.61747882739212,6.67607011070111,7.30993728620296,7.29362052526263,182
"184",2016,11,7.46153846153846,13,8.125,6.4,NA,8.66666666666667,7.1,8,5,0,3,10,2889,1818,1071,271,880,2009,7.29932932848736,7.70161166116612,6.61646352007469,6.67607011070111,7.3145625,7.29265675958188,183
"185",2016,12,7.02857142857143,14,7.15555555555556,6.8,NA,7,7.03636363636364,9,5,0,3,11,2903,1827,1076,271,883,2020,7.29802357216672,7.69892172961138,6.61731638475836,6.67607011070111,7.31349377123443,7.2912611039604,184
"186",2017,1,6.88333333333333,24,7.36923076923077,6.30909090909091,6.75,6,7.11578947368421,13,11,4,5,19,2927,1840,1087,275,888,2039,7.29462331055688,7.69659239130435,6.61419726770929,6.67714545454545,7.30609797297297,7.28962600784699,185
"187",2017,2,7.47826086956522,23,8.35714285714286,6.11111111111111,6,7.625,7.4,14,9,4,8,15,2950,1854,1096,279,896,2054,7.29605506101695,7.70158036677454,6.61006608576642,6.66743727598566,7.3089453125,7.2904320496592,186
"188",2017,3,6.91666666666667,12,7.57142857142857,6,6,NA,6.91666666666667,7,5,2,0,12,2962,1861,1101,281,896,2066,7.29451803848751,7.70109081139172,6.60729557674841,6.66268683274021,7.3089453125,7.28826109874153,187
"189",2017,4,7.49333333333333,15,7.76153846153846,5.75,NA,8,7.45714285714286,13,2,0,1,14,2977,1874,1103,281,897,2080,7.29551979509573,7.70151013874066,6.60574109700816,6.66268683274021,7.30971571906354,7.28939780288462,188
"190",2017,5,7.66304347826087,23,8.15,6.75,7,8,7.54411764705882,15,8,2,6,17,3000,1889,1111,283,903,2097,7.29833747666667,7.70507146638433,6.6067798649865,6.66507067137809,7.31430232558139,7.2914627706247,189
"191",2017,6,7.235,20,7.52,6.95,5.75,7.5,7.16875,10,10,2,4,16,3020,1899,1121,285,907,2113,7.29791802317881,7.70409689310163,6.60984159678858,6.65864912280702,7.31512127894156,7.29053356838618,190
"192",2017,7,7.10952380952381,21,7.28666666666667,6.66666666666667,6.66666666666667,6.375,7.28235294117647,15,6,3,4,17,3041,1914,1127,288,911,2130,7.29661704373561,7.70082549634274,6.61014412599823,6.65873263888889,7.31099341383095,7.29046827699531,191
"193",2017,8,7.5,22,7.63333333333333,7.21428571428571,NA,7.5625,7.46428571428571,15,7,0,8,14,3063,1929,1134,288,919,2144,7.29807784198498,7.70030067392431,6.61387339506173,6.65873263888889,7.31318280739935,7.29160327891791,192
"194",2017,9,7.1625,20,7.55769230769231,6.42857142857143,5,7.7,6.98333333333333,13,7,1,5,15,3083,1942,1141,289,924,2159,7.29719832306195,7.69934603501545,6.61273657318142,6.65299307958477,7.31527597402597,7.28946152385364,193
"195",2017,10,7.35714285714286,14,7.7,6.5,NA,8.33333333333333,7.09090909090909,10,4,0,3,11,3097,1952,1145,289,927,2170,7.29746930255086,7.6993493852459,6.61234273362445,6.65299307958477,7.31857065803668,7.28845503686636,194
"196",2017,11,7.02068965517241,29,7.48571428571429,6.58666666666667,5.5,7.25,6.984,14,15,2,4,25,3126,1966,1160,291,931,2195,7.29490160908509,7.69782807731434,6.61201071551724,6.64506872852234,7.31827604726101,7.28498743963554,195
"197",2017,12,7.69047619047619,21,7.69444444444444,7.66666666666667,9,7,7.725,18,3,1,1,20,3147,1984,1163,292,932,2215,7.29754128693994,7.69779737903226,6.61473123817713,6.65313356164383,7.31793454935622,7.28896046501129,196
"198",2018,1,7.30606060606061,33,7.73809523809524,6.55,5.5,6.5625,7.544,21,12,2,8,25,3180,2005,1175,294,940,2240,7.29762969496855,7.69821945137157,6.61407015319149,6.64528911564626,7.31150531914894,7.29180688839286,197
"199",2018,2,7.85,20,8.1,7.1,7.25,8,7.82352941176471,15,5,2,3,17,3200,2020,1180,296,943,2257,7.301082009375,7.70120297029703,6.6161291779661,6.649375,7.31369565217391,7.29581188746123,198
"200",2018,3,6.825,20,7.5,5.57142857142857,5.66666666666667,6.92857142857143,6.76923076923077,13,7,3,7,13,3220,2033,1187,299,950,2270,7.29812497826087,7.69991637973438,6.60996834877843,6.63951505016722,7.31085789473684,7.29279622466961,199
"201",2018,4,7.11818181818182,11,7.64444444444444,4.75,7.5,NA,7.11818181818182,9,2,1,0,11,3231,2042,1189,300,950,2281,7.29751235840297,7.69967189030362,6.60683972245585,6.64238333333333,7.31085789473684,7.2919541560719,200
"202",2018,5,6.93214285714286,14,7.4875,6.19166666666667,8.15,8.2875,6.39,8,6,1,4,10,3245,2050,1195,301,954,2291,7.2959360338983,7.69884390243902,6.60475517154812,6.64739202657807,7.31495283018868,7.28801721082497,201
"203",2018,6,7.55333333333333,15,7.88,6.9,7,7,7.59285714285714,10,5,2,1,14,3260,2060,1200,303,955,2305,7.29712037730061,7.69972330097087,6.60598535833333,6.64971947194719,7.31462303664921,7.28986873318872,202
"204",2018,7,6.76315789473684,19,7,6.4375,5.5,6.33333333333333,6.84375,11,8,2,3,16,3279,2071,1208,305,958,2321,7.29402635864593,7.69600676001931,6.60486956125828,6.64218032786885,7.31155010438413,7.28679337785437,203
"205",2018,8,7.3,15,7.39285714285714,6,6,8.5,6.86363636363636,14,1,1,4,11,3294,2085,1209,306,962,2332,7.29405356102003,7.69397122302158,6.60436925558313,6.6400816993464,7.31649168399168,7.2847973542024,204
"206",2018,9,6.71875,16,7.14285714285714,6.38888888888889,6,6,6.88461538461539,7,9,1,3,13,3310,2092,1218,307,965,2345,7.29127263746223,7.69212715105162,6.60277703612479,6.63799674267101,7.31239896373057,7.28257886140725,205
"207",2018,10,7.21538461538462,13,8.54285714285714,5.66666666666667,6,6,7.31666666666667,7,6,1,1,12,3323,2099,1224,308,966,2357,7.29097575383689,7.69496426869938,6.59818825980392,6.63592532467532,7.31104037267081,7.28275240984302,206
"208",2018,11,7.115,20,7.35714285714286,6.55,6.26,7.375,7.05,14,6,5,4,16,3343,2113,1230,313,970,2373,7.28992295243793,7.69272598201609,6.59795319512195,6.62992012779553,7.31130412371134,7.28118307206068,207
"209",2018,12,7.58125,16,7.68181818181818,7.36,7,7.4,7.60714285714286,11,5,1,2,14,3359,2124,1235,314,972,2387,7.29131063709437,7.69266949152542,6.6010384048583,6.63109872611465,7.3114866255144,7.28309485965647,208
"210",2019,1,7.36,25,7.53125,7.05555555555556,6.66666666666667,7.35714285714286,7.36111111111111,16,9,3,7,18,3384,2140,1244,317,979,2405,7.29181809397163,7.69146261682243,6.60432671221865,6.63143533123028,7.31181307456588,7.28367876507277,209
"211",2019,2,7.11538461538461,13,7.4375,6.6,NA,7.16666666666667,7.1,8,5,0,3,10,3397,2148,1249,317,982,2415,7.29114289961731,7.69051675977653,6.60430939151321,6.63143533123028,7.31136965376782,7.28291819047619,210
"212",2019,3,7.6225,20,7.81153846153846,7.27142857142857,6.5,6.66666666666667,8.03214285714286,13,7,2,6,14,3417,2161,1256,319,988,2429,7.29308236172081,7.69124479407681,6.60802741242038,6.63061128526646,7.30745445344129,7.28723648826678,211
"213",2019,4,7.25,16,7.77777777777778,6.57142857142857,6,6,7.33333333333333,9,7,3,1,15,3433,2170,1263,322,989,2444,7.29288157005534,7.69160368663594,6.60782456848773,6.62473602484472,7.3061324570273,7.28751940671031,212
"214",2019,5,7.63636363636364,11,7.75,7.33333333333333,7.5,7.75,7.61111111111111,8,3,1,2,9,3444,2178,1266,323,991,2453,7.29397863821138,7.69181818181818,6.6095437835703,6.62744582043344,7.3070282542886,7.28870665715451,213
"215",2019,6,6.7421052631579,19,7.8125,5.96363636363636,6.33333333333333,5.66666666666667,6.94375,8,11,3,3,16,3463,2186,1277,326,994,2469,7.29095074501877,7.69225983531564,6.60397997650744,6.62473926380368,7.30207746478873,7.28647121506683,214
"216",2019,7,7.09375,16,8,6.1875,6,6,7.16666666666667,8,8,1,1,15,3479,2194,1285,327,995,2484,7.29004381431446,7.69338195077484,6.60138710505837,6.62282874617737,7.3007688442211,7.28574775764895,215
"217",2019,8,7.24444444444444,18,7.4875,7.05,7,7.68,7.07692307692308,8,10,4,5,13,3497,2202,1295,331,1000,2497,7.2898091020875,7.69263396911898,6.6048512972973,6.62738670694864,7.302665,7.28466056467761,216
"218",2019,9,7.55384615384615,13,8.4625,6.1,NA,7,7.6,8,5,0,1,12,3510,2210,1300,331,1001,2509,7.29078701709401,7.69542081447964,6.60290956153846,6.62738670694864,7.30236263736264,7.28616876444799,217
"219",2019,10,6.61875,16,6.77777777777778,6.41428571428571,5,6.63333333333333,6.61538461538461,9,7,1,3,13,3526,2219,1307,332,1004,2522,7.28773750141804,7.69169896349707,6.60189933435348,6.62248493975904,7.30036354581673,7.28271111419508,218
"220",2019,11,7.26363636363636,11,7.55714285714286,6.75,NA,7.75,7.15555555555556,7,4,0,2,9,3537,2226,1311,332,1006,2531,7.28766254735652,7.69127583108715,6.60235120518688,6.62248493975904,7.30125745526839,7.28225896088503,219
"221",2019,12,7.96428571428571,14,8.22727272727273,7,NA,7.83333333333333,8,11,3,0,3,11,3551,2237,1314,332,1009,2542,7.29033016896649,7.6939114886008,6.60325907914764,6.62248493975904,7.30283944499504,7.28536484264359,220
"222",2020,1,7.46071045454545,22,8.152545,6.25,6.4,5.61375,7.87114611111111,14,8,5,4,18,3573,2251,1322,337,1013,2560,7.29137924993003,7.6967639404709,6.60112135400908,6.61918397626113,7.29616979269496,7.2894836171875,221
"223",2020,2,6.7,24,6.93529411764706,6.12857142857143,6,7.33333333333333,6.60952380952381,17,7,1,3,21,3597,2268,1329,338,1016,2581,7.28743343341674,7.69105627425044,6.59863237772761,6.61735207100592,7.29627952755905,7.28395120495932,222
"224",2020,3,7.815,20,8.01875,7,7,7.75,7.83125,16,4,1,4,16,3617,2284,1333,339,1020,2597,7.29035058335637,7.69335185201401,6.59983678169542,6.6184808259587,7.29805882352941,7.28732308817867,223
"225",2020,4,7.89111133333333,15,8.28518555555556,7.3,7.5,NA,7.89111133333333,9,6,2,0,15,3632,2293,1339,341,1020,2612,7.29283169878854,7.6956747928478,6.60297418222554,6.62365102639296,7.29805882352941,7.29079047856049,224
"226",2020,5,7.06,15,7.26363636363636,6.5,NA,6.7,7.24,11,4,0,5,10,3647,2304,1343,341,1025,2622,7.29187406909789,7.693612109375,6.60266748324646,6.62365102639296,7.29514146341463,7.2905967696415,225
"227",2020,6,7.32235294117647,17,7.66666666666667,6.496,NA,7.25,7.332,12,5,0,2,15,3664,2316,1348,341,1027,2637,7.2920154830786,7.69347249568221,6.60227183234421,6.62365102639296,7.29505355404089,7.29083228289723,226
"228",2020,7,6.91538461538462,13,7.84285714285714,5.83333333333333,7,7.46666666666667,6.75,7,6,3,3,10,3677,2323,1354,344,1030,2647,7.29068390807724,7.69392264313388,6.5988644239291,6.62693313953488,7.29555339805825,7.28878909331319,227
"229",2020,8,6.95238095238095,21,7.46428571428571,5.92857142857143,5,6.33333333333333,7.05555555555556,14,7,1,3,18,3698,2337,1361,345,1033,2665,7.28876277176852,7.69254698331194,6.59541692138134,6.62221739130435,7.29275895450145,7.28721378236398,228
"230",2020,9,7.74285714285714,14,8.21428571428571,7.27142857142857,7,NA,7.74285714285714,7,7,1,0,14,3712,2344,1368,346,1033,2679,7.29047541217672,7.69410507679181,6.59887604532164,6.62330924855491,7.29275895450145,7.28959489734976,229
"231",2020,10,7.39473684210526,19,7.90909090909091,6.6875,6,10,7.25,11,8,1,1,18,3731,2355,1376,347,1034,2697,7.29100636022514,7.69510925690021,6.59939130087209,6.62151296829971,7.29537717601547,7.28933063774564,230
"232",2020,11,7.20555555555556,18,7.29166666666667,7.03333333333333,6.5,6.75,7.2625,12,6,1,2,16,3749,2367,1382,348,1036,2713,7.29059608695652,7.69306392057457,6.60127527496382,6.62116379310345,7.29432432432432,7.28917240324364,231
"233",2020,12,6.87777777777778,18,7.09090909090909,6.54285714285714,4.9,7.5,6.8,11,7,2,2,16,3767,2378,1389,350,1038,2729,7.28862350146005,7.69027851135408,6.60098087113031,6.61132857142857,7.29472061657033,7.28630440820814,232
"234",2021,1,7.20833333333333,12,7.78571428571429,6.4,6,7.75,7.1,7,5,1,2,10,3779,2385,1394,351,1040,2739,7.28836854458851,7.6905586163522,6.6002599928264,6.6095868945869,7.29559615384615,7.28562421686747,233
"235",2021,2,6.84090909090909,22,7.43333333333333,5.57142857142857,5.83333333333333,7.625,6.66666666666667,15,7,3,4,18,3801,2400,1401,354,1044,2757,7.28577867140226,7.68895095833333,6.59511950749465,6.60300847457627,7.29685823754789,7.28158314472253,234
"236",2021,3,7.39090909090909,22,7.55789473684211,6.33333333333333,6,7.52,7.35294117647059,19,3,1,5,17,3823,2419,1404,355,1049,2774,7.28638365942977,7.68792157916494,6.59456013532763,6.60130985915493,7.29792183031458,7.28202045061284,235
"237",2021,4,6.42941176470588,17,7.45,4.97142857142857,NA,NA,6.42941176470588,10,7,0,0,17,3840,2429,1411,355,1049,2791,7.2825897734375,7.68694207492795,6.58650774627923,6.60130985915493,7.29792183031458,7.27682720530276,236
"238",2021,5,6.41428571428571,14,7.3,5.75,4.83333333333333,6,6.44615384615385,6,8,3,1,13,3854,2435,1419,358,1050,2804,7.27943558121432,7.68598862422998,6.58179170542636,6.58649441340782,7.29668571428571,7.27297600927247,237
"239",2021,6,6.33333333333333,12,7.85714285714286,4.2,3,5,6.77777777777778,7,5,1,3,9,3866,2442,1424,359,1053,2813,7.27649889549922,7.68647923832924,6.57342867275281,6.57650417827298,7.29014245014245,7.27139165659438,238
"240",2021,7,7.3,14,7.74444444444444,6.5,7,7,7.38181818181818,9,5,1,3,11,3880,2451,1429,360,1056,2824,7.27658369329897,7.68669208486332,6.57317174947516,6.57768055555556,7.28931818181818,7.27182178824363,239
"241",2021,8,7.22608695652174,23,7.57058823529412,6.25,6,6,7.28181818181818,17,6,1,1,22,3903,2468,1435,361,1057,2846,7.27628612093261,7.68589234197731,6.5718205087108,6.57608033240997,7.28809839167455,7.27189906184118,240
"242",2021,9,7.35,10,7.3,7.4,6.5,6.75,7.5,5,5,1,2,8,3913,2473,1440,362,1059,2854,7.27647450293892,7.68511213101496,6.57469613194444,6.57587016574586,7.2870821529745,7.27253844779257,241
"243",2021,10,6.875,8,7.83333333333333,6.3,6,6.5,7,3,5,1,2,6,3921,2476,1445,363,1061,2860,7.27565537617955,7.68529172051696,6.57374562629758,6.57428374655647,7.28559849198869,7.27196668881119,242
"244",2021,11,6.24,15,7.4,5.225,5,6.46,6.13,7,8,1,5,10,3936,2483,1453,364,1066,2870,7.27170851880081,7.68448743455497,6.56631963523744,6.56995879120879,7.28172607879925,7.2679877108014,243
"245",2021,12,6.93333333333333,15,7.57142857142857,6.375,NA,6,7.07692307692308,7,8,0,2,13,3951,2490,1461,364,1068,2883,7.27042387496836,7.68416959839358,6.56527202600958,6.56995879120879,7.27932584269663,7.26712616371835,244
"246",2022,1,7.61388888888889,36,7.69166666666667,7.45833333333333,7.75,8,7.57878787878788,24,12,2,3,33,3987,2514,1473,366,1071,2916,7.27352513920241,7.68424116945107,6.57254747454175,6.57640710382514,7.28134453781512,7.27065319958848,245
"247",2022,2,7.3,20,7.3125,7.25,5,7.33333333333333,7.29411764705882,16,4,1,3,17,4007,2530,1477,367,1074,2933,7.27365728225605,7.68189023715415,6.57438214624238,6.57211171662125,7.28148975791434,7.27078920218207,246
"248",2022,3,7.40111111111111,18,7.79230769230769,6.384,7,8.07333333333333,7.26666666666667,13,5,1,3,15,4025,2543,1482,368,1077,2948,7.2742272621118,7.6824546991742,6.57373983130904,6.57327445652174,7.28369545032498,7.27076822591588,247
"249",2022,4,7.48461538461538,13,7.7,7,6.5,5.66666666666667,8.03,9,4,2,3,10,4038,2552,1486,370,1080,2958,7.2749045889054,7.68251657523511,6.57488723418573,6.57287837837838,7.2792037037037,7.27333493238675,248
"250",2022,5,6.785,20,7.72,5.85,6,NA,6.785,10,10,2,0,20,4058,2562,1496,372,1080,2978,7.27249007639231,7.68266288056206,6.57004173128342,6.56979838709677,7.2792037037037,7.27005531564809,249
"251",2022,6,7,14,7.44444444444444,6.2,6,5,7.15384615384615,9,5,2,1,13,4072,2571,1501,374,1081,2991,7.27155322445972,7.68182897705173,6.56880908061292,6.5667513368984,7.27709528214616,7.26955022734871,250
"252",2022,7,7.6125,16,7.84545454545455,7.1,7,8,7.55714285714286,11,5,1,2,14,4088,2582,1506,375,1083,3005,7.27288765410959,7.68252606506584,6.5705726626826,6.56790666666667,7.27843028624192,7.27089009317804,251
"253",2022,8,7.15555555555556,18,7.025,7.41666666666667,6,8.5,7.07647058823529,12,6,1,1,17,4106,2594,1512,376,1084,3022,7.27237329030687,7.67948430994603,6.57393017857143,6.56639627659574,7.27955719557195,7.26979640304434,252
