"","year","month","avg_rating","no_ratings","avg_rating_owned","avg_rating_not_owned","avg_rating_prev_owned","avg_rating_comment","avg_rating_no_comment","no_ratings_owned","no_ratings_not_owned","no_ratings_prev_owned","no_ratings_comment","no_ratings_no_comment","cum_no_ratings","cum_no_ratings_owned","cum_no_ratings_not_owned","cum_no_ratings_prev_owned","cum_no_ratings_comment","cum_no_ratings_no_comment","cum_avg_rating","cum_avg_rating_owned","cum_avg_rating_not_owned","cum_avg_rating_prev_owned","cum_avg_rating_comment","cum_avg_rating_no_comment","month_after_release"
"1",2001,6,7.875,4,7.875,NA,NA,NA,7.875,4,0,0,0,4,4,4,0,0,0,4,7.875,7.875,NA,NA,NA,7.875,0
"2",2001,7,6.5,1,6.5,NA,NA,NA,6.5,1,0,0,0,1,5,5,0,0,0,5,7.6,7.6,NA,NA,NA,7.6,1
"3",2001,8,6.25,4,6.66666666666667,5,NA,NA,6.25,3,1,0,0,4,9,8,1,0,0,9,7,7.25,5,NA,NA,7,2
"4",2001,10,8,3,8,NA,NA,10,7,3,0,0,1,2,12,11,1,0,1,11,7.25,7.45454545454545,5,NA,10,7,4
"5",2001,11,7,4,7.66666666666667,5,NA,NA,7,3,1,0,0,4,16,14,2,0,1,15,7.1875,7.5,5,NA,10,7,5
"6",2001,12,6.5,2,7,6,NA,NA,6.5,1,1,0,0,2,18,15,3,0,1,17,7.11111111111111,7.46666666666667,5.33333333333333,NA,10,6.94117647058824,6
"7",2002,1,7.5,2,7.5,NA,NA,7,8,2,0,0,1,1,20,17,3,0,2,18,7.15,7.47058823529412,5.33333333333333,NA,8.5,7,7
"8",2002,2,8.125,4,8.16666666666667,8,NA,8.75,7.5,3,1,0,2,2,24,20,4,0,4,20,7.3125,7.575,6,NA,8.625,7.05,8
"9",2002,3,9,3,9,NA,NA,NA,9,3,0,0,0,3,27,23,4,0,4,23,7.5,7.76086956521739,6,NA,8.625,7.30434782608696,9
"10",2002,5,7,1,NA,7,NA,NA,7,0,1,0,0,1,28,23,5,0,4,24,7.48214285714286,7.76086956521739,6.2,NA,8.625,7.29166666666667,11
"11",2002,6,7.4,5,7.4,NA,NA,8,7.25,5,0,0,1,4,33,28,5,0,5,28,7.46969696969697,7.69642857142857,6.2,NA,8.5,7.28571428571429,12
"12",2002,7,10,1,10,NA,NA,NA,10,1,0,0,0,1,34,29,5,0,5,29,7.54411764705882,7.77586206896552,6.2,NA,8.5,7.37931034482759,13
"13",2002,8,6.8,5,6.8,NA,NA,6.33333333333333,7.5,5,0,0,3,2,39,34,5,0,8,31,7.44871794871795,7.63235294117647,6.2,NA,7.6875,7.38709677419355,14
"14",2002,9,8.3125,8,8.5,7.75,NA,9.25,8,6,2,0,2,6,47,40,7,0,10,37,7.59574468085106,7.7625,6.64285714285714,NA,8,7.48648648648649,15
"15",2002,10,6.66666666666667,3,7,6.5,7,6,7,1,2,1,1,2,50,41,9,1,11,39,7.54,7.74390243902439,6.61111111111111,7,7.81818181818182,7.46153846153846,16
"16",2002,11,7.8125,8,8.5,6.66666666666667,7,8.25,6.5,5,3,1,6,2,58,46,12,2,17,41,7.57758620689655,7.82608695652174,6.625,7,7.97058823529412,7.41463414634146,17
"17",2002,12,7.71428571428571,7,7.71428571428571,NA,NA,8,7.6,7,0,0,2,5,65,53,12,2,19,46,7.59230769230769,7.81132075471698,6.625,7,7.97368421052632,7.43478260869565,18
"18",2003,1,7.55555555555556,9,8.5,5.66666666666667,7,8.75,6.6,6,3,1,4,5,74,59,15,3,23,51,7.58783783783784,7.88135593220339,6.43333333333333,7,8.10869565217391,7.35294117647059,19
"19",2003,2,7.77777777777778,9,7.5,10,10,8.2,7.25,8,1,1,5,4,83,67,16,4,28,55,7.60843373493976,7.83582089552239,6.65625,7.75,8.125,7.34545454545455,20
"20",2003,3,7,6,7.25,6.5,NA,7.33333333333333,6.66666666666667,4,2,0,3,3,89,71,18,4,31,58,7.56741573033708,7.80281690140845,6.63888888888889,7.75,8.04838709677419,7.31034482758621,21
"21",2003,4,6.83333333333333,6,6.8,7,7,8,6.6,5,1,1,1,5,95,76,19,5,32,63,7.52105263157895,7.73684210526316,6.65789473684211,7.6,8.046875,7.25396825396825,22
"22",2003,5,7.6,15,7.75,7,7,7.2,7.8,12,3,3,5,10,110,88,22,8,37,73,7.53181818181818,7.73863636363636,6.70454545454545,7.375,7.93243243243243,7.32876712328767,23
"23",2003,6,8.09090909090909,11,8.625,6.66666666666667,8,8.14285714285714,8,8,3,2,7,4,121,96,25,10,44,77,7.58264462809917,7.8125,6.7,7.5,7.96590909090909,7.36363636363636,24
"24",2003,7,7.27142857142857,35,7.47916666666667,6.81818181818182,9,7.625,7.16666666666667,24,11,1,8,27,156,120,36,11,52,104,7.51282051282051,7.74583333333333,6.73611111111111,7.63636363636364,7.91346153846154,7.3125,25
"25",2003,8,7.66666666666667,9,7.625,8,8,6.33333333333333,8.33333333333333,8,1,1,3,6,165,128,37,12,55,110,7.52121212121212,7.73828125,6.77027027027027,7.66666666666667,7.82727272727273,7.36818181818182,26
"26",2003,9,7.33333333333333,12,7.66666666666667,6.33333333333333,7,7.66666666666667,7,9,3,1,6,6,177,137,40,13,61,116,7.50847457627119,7.73357664233577,6.7375,7.61538461538461,7.81147540983606,7.34913793103448,27
"27",2003,10,8.07692307692308,13,8.08333333333333,8,NA,9,7.8,12,1,0,3,10,190,149,41,13,64,126,7.54736842105263,7.76174496644295,6.76829268292683,7.61538461538461,7.8671875,7.38492063492064,28
"28",2003,11,7.9,5,7.9,NA,NA,8.5,7,5,0,0,3,2,195,154,41,13,67,128,7.55641025641026,7.76623376623377,6.76829268292683,7.61538461538461,7.8955223880597,7.37890625,29
"29",2003,12,7.08333333333333,12,7.44444444444444,6,NA,7,7.125,9,3,0,4,8,207,163,44,13,71,136,7.52898550724638,7.74846625766871,6.71590909090909,7.61538461538461,7.84507042253521,7.36397058823529,30
"30",2004,1,7.45454545454545,11,7.66666666666667,6.5,NA,6.66666666666667,7.75,9,2,0,3,8,218,172,46,13,74,144,7.52522935779816,7.74418604651163,6.70652173913043,7.61538461538461,7.7972972972973,7.38541666666667,31
"31",2004,2,8.07692307692308,13,8.3,7.33333333333333,NA,8,8.14285714285714,10,3,0,6,7,231,182,49,13,80,151,7.55627705627706,7.77472527472527,6.74489795918367,7.61538461538461,7.8125,7.4205298013245,32
"32",2004,3,6.88888888888889,9,6.875,7,NA,7,6.83333333333333,8,1,0,3,6,240,190,50,13,83,157,7.53125,7.73684210526316,6.75,7.61538461538461,7.78313253012048,7.39808917197452,33
"33",2004,4,7.53846153846154,13,7.72727272727273,6.5,NA,7.61111111111111,7.375,11,2,0,9,4,253,201,52,13,92,161,7.53162055335968,7.7363184079602,6.74038461538461,7.61538461538461,7.76630434782609,7.39751552795031,34
"34",2004,5,7.66666666666667,9,7.71428571428571,7.5,NA,7.5,7.875,7,2,0,5,4,262,208,54,13,97,165,7.53625954198473,7.73557692307692,6.76851851851852,7.61538461538461,7.75257731958763,7.40909090909091,35
"35",2004,6,7.71666666666667,18,8.14615384615385,6.6,6.5,7.825,7.5,13,5,2,12,6,280,221,59,15,109,171,7.54785714285714,7.75972850678733,6.75423728813559,7.46666666666667,7.7605504587156,7.41228070175439,36
"36",2004,7,7.75,16,7.71428571428571,8,10,7.72222222222222,7.78571428571429,14,2,1,9,7,296,235,61,16,118,178,7.55878378378378,7.75702127659575,6.79508196721311,7.625,7.75762711864407,7.42696629213483,37
"37",2004,8,7,10,7.71428571428571,5.33333333333333,8,6.66666666666667,7.5,7,3,1,6,4,306,242,64,17,124,182,7.54052287581699,7.75578512396694,6.7265625,7.64705882352941,7.70483870967742,7.42857142857143,38
"38",2004,9,7,6,7.2,6,NA,7,7,5,1,0,5,1,312,247,65,17,129,183,7.53012820512821,7.74453441295547,6.71538461538462,7.64705882352941,7.67751937984496,7.42622950819672,39
"39",2004,10,7.36083333333333,12,7.92555555555556,5.66666666666667,6.5,5.33333333333333,8.03666666666667,9,3,2,3,9,324,256,68,19,132,192,7.52385802469136,7.7508984375,6.66911764705882,7.52631578947368,7.62424242424242,7.45484375,40
"40",2004,11,7.29166666666667,24,8.30769230769231,6.09090909090909,7.2,8,6.86666666666667,13,11,5,9,15,348,269,79,24,141,207,7.50784482758621,7.77780669144981,6.58860759493671,7.45833333333333,7.64822695035461,7.41222222222222,41
"41",2004,12,7.95238095238095,21,8.08823529411765,7.375,NA,8.1,7.81818181818182,17,4,0,10,11,369,286,83,24,151,218,7.53314363143631,7.79625874125874,6.62650602409639,7.45833333333333,7.67814569536424,7.43270642201835,42
"42",2005,1,7.95263157894737,19,8.23846153846154,7.33333333333333,7,7.38,8.15714285714286,13,6,1,5,14,388,299,89,25,156,232,7.55368556701031,7.81548494983278,6.67415730337079,7.44,7.66858974358974,7.4764224137931,43
"43",2005,2,7.82352941176471,17,8.45833333333333,6.3,6.5,7.73333333333333,8.5,12,5,2,15,2,405,311,94,27,171,234,7.56501234567901,7.84028938906752,6.65425531914894,7.37037037037037,7.67426900584795,7.48517094017094,44
"44",2005,3,7.21052631578947,19,7.8125,6.77272727272727,7,7,7.57142857142857,8,11,1,12,7,424,319,105,28,183,241,7.54912735849057,7.83959247648903,6.66666666666667,7.35714285714286,7.63005464480874,7.48767634854772,45
"45",2005,4,7.85714285714286,7,7.6,8.5,8.5,8,7.83333333333333,5,2,2,1,6,431,324,107,30,184,247,7.55412993039443,7.83589506172839,6.70093457943925,7.43333333333333,7.63206521739131,7.49607287449393,46
"46",2005,5,7.95454545454545,11,8,7.5,NA,8.4,7.58333333333333,10,1,0,5,6,442,334,108,30,189,253,7.56409502262443,7.84080838323353,6.70833333333333,7.43333333333333,7.65238095238095,7.49814229249012,47
"47",2005,6,7.73076923076923,13,8.05,6.66666666666667,7,7.4375,8.2,10,3,1,8,5,455,344,111,31,197,258,7.56885714285714,7.84688953488372,6.70720720720721,7.41935483870968,7.64365482233503,7.51174418604651,48
"48",2005,7,7.875,16,8.1,7.5,7,7.95,7.75,10,6,1,10,6,471,354,117,32,207,264,7.57925690021231,7.8540395480226,6.74786324786325,7.40625,7.65845410628019,7.51715909090909,49
"49",2005,8,7.33235294117647,17,7.62692307692308,6.375,7,7.225,7.48571428571429,13,4,1,10,7,488,367,121,33,217,271,7.57065573770492,7.84599455040872,6.73553719008264,7.39393939393939,7.63847926267281,7.51634686346863,50
"50",2005,9,7.55263157894737,19,7.85,7.22222222222222,7.5,7.70833333333333,7.28571428571429,10,9,2,12,7,507,377,130,35,229,278,7.56998027613412,7.84610079575597,6.76923076923077,7.4,7.64213973799127,7.51053956834533,51
"51",2005,10,7.4,20,7.66666666666667,6.6,6.5,7.55555555555556,7.27272727272727,15,5,2,9,11,527,392,135,37,238,289,7.56352941176471,7.83923469387755,6.76296296296296,7.35135135135135,7.63886554621849,7.50148788927336,52
"52",2005,11,7.23809523809524,21,7.71428571428571,6.28571428571429,6.66666666666667,7,7.71428571428571,14,7,3,14,7,548,406,142,40,252,296,7.55105839416058,7.83492610837438,6.73943661971831,7.3,7.60337301587302,7.50652027027027,53
"53",2005,12,7.5,18,7.6,7,7,8,7.25,15,3,1,6,12,566,421,145,41,258,308,7.54943462897526,7.82655581947743,6.7448275862069,7.29268292682927,7.61259689922481,7.49652597402597,54
"54",2006,1,7.68275862068965,29,7.91538461538462,5.66666666666667,NA,7.66666666666667,7.69411764705882,26,3,0,12,17,595,447,148,41,270,325,7.55593277310924,7.8317225950783,6.72297297297297,7.29268292682927,7.615,7.50686153846154,55
"55",2006,2,7.19230769230769,13,7.20833333333333,7,NA,7.5,6.5,12,1,0,9,4,608,459,149,41,279,329,7.54815789473684,7.81542483660131,6.7248322147651,7.29268292682927,7.61129032258065,7.49462006079028,56
"56",2006,3,7.45833333333333,12,7.66666666666667,6.83333333333333,6.83333333333333,7.5,7.4,9,3,3,7,5,620,468,152,44,286,334,7.54641935483871,7.8125641025641,6.72697368421053,7.26136363636364,7.60856643356643,7.49320359281437,57
"57",2006,4,7.52777777777778,18,7.65384615384615,7.2,8,7.8125,7.3,13,5,1,8,10,638,481,157,45,294,344,7.5458934169279,7.80827442827443,6.74203821656051,7.27777777777778,7.6141156462585,7.48758720930233,58
"58",2006,5,7.65714285714286,14,8.32,6,8,7.91428571428571,7.4,10,4,1,7,7,652,491,161,46,301,351,7.54828220858896,7.81869653767821,6.72360248447205,7.29347826086957,7.62109634551495,7.48584045584046,59
"59",2006,6,7.31470588235294,17,7.30454545454545,7.33333333333333,7,8.17857142857143,6.71,11,6,2,7,10,669,502,167,48,308,361,7.54234678624813,7.80743027888446,6.74550898203593,7.28125,7.63376623376623,7.46434903047092,60
"60",2006,7,7.52777777777778,18,7.65384615384615,7.2,8,7,8.05555555555556,13,5,2,9,9,687,515,172,50,317,370,7.54196506550218,7.80355339805825,6.75872093023256,7.31,7.61577287066246,7.47872972972973,61
"61",2006,8,7.83333333333333,18,7.92857142857143,7.5,7.5,7.83333333333333,7.83333333333333,14,4,2,9,9,705,529,176,52,326,379,7.54940425531915,7.80686200378072,6.77556818181818,7.31730769230769,7.6217791411043,7.48715039577837,62
"62",2006,9,7.17,10,7.0875,7.5,NA,6.9,7.28571428571429,8,2,0,3,7,715,537,178,52,329,386,7.5440979020979,7.79614525139665,6.78370786516854,7.31730769230769,7.61519756838906,7.48349740932643,63
"63",2006,10,7.16666666666667,21,7.73076923076923,6.25,6,6.75,7.42307692307692,13,8,1,8,13,736,550,186,53,337,399,7.53332880434783,7.7946,6.76075268817204,7.29245283018868,7.5946587537092,7.48152882205514,64
"64",2006,11,7.46666666666667,15,7.875,7,7,7,7.77777777777778,8,7,5,6,9,751,558,193,58,343,408,7.53199733688415,7.79575268817204,6.76943005181347,7.26724137931035,7.58425655976676,7.4880637254902,65
"65",2006,12,7.125,19,7.15625,7.07142857142857,6.33333333333333,7.48611111111111,6.8,12,7,3,9,10,770,570,200,61,352,418,7.52195454545455,7.78228947368421,6.78,7.22131147540984,7.58174715909091,7.4716028708134,66
"66",2007,1,7.45833333333333,36,7.74230769230769,6.72,7.16666666666667,7.23125,7.64,26,10,3,16,20,806,596,210,64,368,438,7.51911290322581,7.78054530201342,6.77714285714286,7.21875,7.56650815217391,7.47929223744292,67
"67",2007,2,7.13792434782609,23,7.2,6.99603714285714,7.75,7.19333333333333,7.0340325,16,7,2,15,8,829,612,217,66,383,446,7.50853710494572,7.76536764705882,6.78420396313364,7.23484848484848,7.55189295039164,7.47130551569507,68
"68",2007,3,7.06521739130435,23,7.26315789473684,6.125,8,7.61111111111111,6.71428571428571,19,4,1,9,14,852,631,221,67,392,460,7.49656955399061,7.75024564183835,6.77227266968326,7.24626865671642,7.55325255102041,7.4482657826087,69
"69",2007,4,7.16964285714286,28,7.33695652173913,6.4,NA,7.19642857142857,7.14285714285714,23,5,0,14,14,880,654,226,67,406,474,7.48616734090909,7.73571100917431,6.76403654867257,7.24626865671642,7.54094827586207,7.43924527426161,70
"70",2007,5,7.08333333333333,21,7.51666666666667,6,7,6.52777777777778,7.5,15,6,1,9,12,901,669,232,68,415,486,7.47677831298557,7.73079970104634,6.74427698275862,7.24264705882353,7.51897590361446,7.4407453909465,71
"71",2007,6,6.9695,20,6.96666666666667,6.978,NA,6.7825,7.25,15,5,0,12,8,921,684,237,68,427,494,7.46576249728556,7.71404239766082,6.74920784810127,7.24264705882353,7.49827868852459,7.43765639676114,72
"72",2007,7,7.43333333333333,24,7.68571428571429,5.66666666666667,NA,7.6,7.26666666666667,21,3,0,12,12,945,705,240,68,439,506,7.4649388994709,7.71319858156028,6.73567608333333,7.24264705882353,7.50105922551253,7.43360130434783,73
"73",2007,8,7.34047368421053,19,7.44793333333333,6.9375,6,7.433625,7.27272727272727,15,4,1,8,11,964,720,244,69,447,517,7.46248574688797,7.70767222222222,6.73898467213115,7.22463768115942,7.49985234899329,7.43017845261122,74
"74",2007,9,7.70833333333333,12,7.65,8,8,8,7.3,10,2,2,7,5,976,730,246,71,454,522,7.46550846311475,7.70688219178082,6.74923682926829,7.24647887323944,7.50756387665198,7.42893153256705,75
"75",2007,10,7.66111111111111,18,8.075,6.83333333333333,7,7.33333333333333,7.825,12,6,3,6,12,994,742,252,74,460,534,7.46905056338028,7.71283557951482,6.75123912698413,7.23648648648649,7.50529130434783,7.43783194756554,76
"76",2007,11,7.04166666666667,24,7.45454545454545,6.69230769230769,8,7.23076923076923,6.81818181818182,11,13,3,13,11,1018,753,265,77,473,545,7.4589747151277,7.70906241699867,6.7483481509434,7.26623376623377,7.49774630021142,7.42532524770642,77
"77",2007,12,7.18648648648649,37,7.48,6.575,6.66666666666667,6.99375,7.33333333333333,25,12,3,16,21,1055,778,277,80,489,566,7.44941825592417,7.70170179948586,6.74083848375451,7.24375,7.48125562372188,7.42191212014134,78
"78",2008,1,6.94333333333333,30,7.58125,6.21428571428571,5.75,6.35,7.24,16,14,4,10,20,1085,794,291,84,499,586,7.43542512442396,7.69927455919395,6.71550604810997,7.17261904761905,7.45858517034068,7.41570351535836,79
"79",2008,2,7.06818181818182,22,7.54166666666667,6.5,6.5,7.03846153846154,7.11111111111111,12,10,4,13,9,1107,806,301,88,512,595,7.42812670280036,7.69692803970223,6.70834637873754,7.14204545454545,7.44791796875,7.41109623529412,80
"80",2008,3,7.5,27,7.78333333333333,6.93333333333333,NA,7.79,7.32941176470588,18,9,0,10,17,1134,824,310,88,522,612,7.4298379717813,7.69881553398058,6.71487825806452,7.14204545454545,7.45447126436782,7.40882722222222,81
"81",2008,4,7.14545363636364,11,7.325,6.66666333333333,8,6.9999975,7.22857142857143,8,3,1,4,7,1145,832,313,89,526,619,7.42710589519651,7.69522115384615,6.7144161341853,7.15168539325843,7.45101519011407,7.40678878836834,82
"82",2008,5,7.71538461538462,13,8,7.075,NA,7.58888888888889,8,9,4,0,9,4,1158,841,317,89,535,623,7.43034218480138,7.69848275862069,6.71896608832808,7.15168539325843,7.45333456074766,7.41059752808989,83
"83",2008,6,7.05769230769231,13,6.875,7.35,7,6.75,7.25,8,5,1,5,8,1171,849,322,90,540,631,7.42620516652434,7.69072320376914,6.7287647515528,7.15,7.4468222037037,7.40856142630745,84
"84",2008,7,6.636,25,7.2,6.11538461538461,6.11538461538461,6.42142857142857,6.90909090909091,12,13,13,14,11,1196,861,335,103,554,642,7.4096875,7.68388385598142,6.70496194029851,7.01941747572816,7.42090972924188,7.40000352024922,85
"85",2008,8,6.946,25,7.38333333333333,6.54230769230769,6.46875,6.50833333333333,7.35,12,13,8,12,13,1221,873,348,111,566,655,7.40019348894349,7.67975257731959,6.69888577586207,6.97972972972973,7.40156181978799,7.39901108396947,86
"86",2008,9,6.91,30,7.31666666666667,6.63888888888889,6.60714285714286,6.8,7.02,12,18,14,15,15,1251,885,366,125,581,670,7.38843824940048,7.67482937853107,6.69593510928962,6.938,7.38603096385542,7.39052576119403,87
"87",2008,10,7.32608695652174,23,7.4,7.1875,7.1,7.45454545454545,7.20833333333333,15,8,5,11,12,1274,900,374,130,592,682,7.38731259811617,7.67024888888889,6.70644986631016,6.94423076923077,7.38730403716216,7.38732002932552,88
"88",2008,11,7.25,20,7.44444444444444,7.09090909090909,6.83333333333333,7.15,7.35,9,11,6,10,10,1294,909,385,136,602,692,7.38519030139103,7.66801320132013,6.71743441558442,6.93933823529412,7.38336210963455,7.38678072254335,89
"89",2008,12,7.05833333333333,24,7.3,6.72,7.55,6.89166666666667,7.225,14,10,4,12,12,1318,923,395,140,614,704,7.37923842943854,7.66243120260022,6.71749936708861,6.95678571428572,7.3737524267101,7.38402309659091,90
"90",2009,1,7.14615384615385,26,7.8,6.1,6.14285714285714,7.22222222222222,7.10588235294118,16,10,7,9,17,1344,939,405,147,623,721,7.37472935267857,7.66477529286475,6.7022524691358,6.91802721088435,7.37156338683788,7.37746499306519,91
"91",2009,2,7.0047619047619,42,7.41428571428571,6.59523809523809,6.2,7.06666666666667,6.97037037037037,21,21,10,15,27,1386,960,426,157,638,748,7.36351821789322,7.65929583333333,6.69697711267606,6.87229299363057,7.36439496865204,7.36277040106952,92
"92",2009,3,7.13947368421053,38,7.532,6.38461538461539,6.4,7.09375,7.17272727272727,25,13,5,16,22,1424,985,439,162,654,770,7.35753950140449,7.65606497461929,6.68772722095672,6.85771604938272,7.35777368501529,7.3573405974026,93
"93",2009,4,7.07894736842105,38,7.58333333333333,6.21428571428571,6.5,7.13571428571429,7.04583333333333,24,14,4,14,24,1462,1009,453,166,668,794,7.35029839261286,7.6543349851338,6.67309547461369,6.84909638554217,7.35311974550898,7.34792476070529,94
"94",2009,5,6.77931034482759,29,7.20833333333333,6.47647058823529,6.875,6.5,6.97647058823529,12,17,8,12,17,1491,1021,470,174,680,811,7.33919265593561,7.6490930460333,6.6659835106383,6.85028735632184,7.33806469117647,7.34013842170161,95
"95",2009,6,6.83870967741935,31,7.29166666666667,6.55263157894737,6.5,6.59090909090909,6.975,12,19,7,11,20,1522,1033,489,181,691,831,7.32899885019711,7.64494094869313,6.66157924335378,6.83674033149171,7.32617075253256,7.33135049338147,96
"96",2009,7,7.05652173913044,23,7.07333333333333,7.025,6,6.52,7.20555555555556,15,8,2,5,18,1545,1048,497,183,696,849,7.3249425566343,7.63675954198473,6.66742907444668,6.8275956284153,7.32037929597701,7.32868346289753,97
"97",2009,8,6.92666666666667,30,7.57142857142857,6.3625,6.33333333333333,5.8125,7.33181818181818,14,16,6,8,22,1575,1062,513,189,704,871,7.31735634920635,7.63589830508475,6.65791861598441,6.81190476190476,7.30324430397727,7.32876264064294,98
"98",2009,9,6.92307692307692,26,7.15,6.61363636363636,6.66666666666667,6.5,7.05,15,11,3,6,20,1601,1077,524,192,710,891,7.31095331043098,7.62913091922006,6.65698902671756,6.80963541666667,7.29645632394366,7.32250534231201,99
"99",2009,10,6.9,30,6.90909090909091,6.89473684210526,6.92857142857143,6.68181818181818,7.02631578947368,11,19,7,11,19,1631,1088,543,199,721,910,7.30339438994482,7.62185110294118,6.66530801104972,6.81381909547739,7.28707904299584,7.31632116483517,100
"100",2009,11,7.27073170731707,41,7.71904761904762,6.8,6.75,6.82352941176471,7.5875,21,20,8,17,24,1672,1109,563,207,738,934,7.30259345095693,7.62369161406673,6.67009280639432,6.81135265700483,7.2764010704607,7.32328935760172,101
"101",2009,12,7.03034482758621,29,7.49142857142857,6.6,6.6875,6.615,7.32352941176471,14,15,8,12,17,1701,1123,578,215,750,951,7.29795194003527,7.62204274265361,6.66827378892734,6.80674418604651,7.26581865333333,7.32329364879075,102
"102",2010,1,7.45121951219512,41,7.64814814814815,7.07142857142857,5.8,7.125,7.53030303030303,27,14,5,8,33,1742,1150,592,220,758,984,7.30155927095292,7.62265565217391,6.67780785472973,6.78386363636364,7.26433244063325,7.33023603658537,103
"103",2010,2,6.97222222222222,18,7.66666666666667,6.625,6.75,6,7.25,6,12,6,4,14,1760,1156,604,226,762,998,7.29819105113636,7.62288408304498,6.67675869205298,6.78296460176991,7.25769552493438,7.32911048096193,104
"104",2010,3,6.94,20,7.14444444444444,6.77272727272727,7,7.46,6.76666666666667,9,11,4,5,15,1780,1165,615,230,767,1013,7.29416643258427,7.61918798283262,6.67847520325203,6.78673913043478,7.2590143285528,7.32078209279369,105
"105",2010,4,7.275,20,7.45833333333333,7,7.5,6.7,7.46666666666667,12,8,4,5,15,1800,1177,623,234,772,1028,7.29395347222222,7.61754800339847,6.68260393258427,6.79893162393162,7.25539376943005,7.32291075875487,106
"106",2010,5,7,16,7.1,6.83333333333333,7,7.5,6.88461538461539,10,6,5,3,13,1816,1187,629,239,775,1041,7.29136357378854,7.61318786857624,6.68404173290938,6.80313807531381,7.25634063225806,7.31743732949088,107
"107",2010,6,6.49230769230769,13,6.6,6.425,4,3.66666666666667,7.34,5,8,1,3,10,1829,1192,637,240,778,1051,7.28568411700382,7.60893791946309,6.68078846153846,6.79145833333333,7.24249870179949,7.3176520076118,108
"108",2010,7,6.640625,16,7.32142857142857,6.11111111111111,5.25,7.32142857142857,6.11111111111111,7,9,4,7,9,1845,1199,646,244,785,1060,7.28009010840108,7.60725938281902,6.67285178018576,6.76618852459016,7.24320253503185,7.30740779245283,109
"109",2010,8,7.31538461538462,26,7.81333333333333,6.63636363636364,7.66666666666667,8.13333333333333,6.88235294117647,15,11,3,9,17,1871,1214,657,247,794,1077,7.28058057188669,7.60980560131796,6.67224086757991,6.77712550607288,7.25329217884131,7.30069847725163,110
"110",2010,9,7.21333333333333,15,7.4,7,7.33333333333333,7.5,7.10909090909091,8,7,3,4,11,1886,1222,664,250,798,1088,7.28004573170731,7.60843207855974,6.67569615963855,6.7838,7.25452880952381,7.29876126838236,111
"111",2010,10,6.85714285714286,7,6.75,7,7,6,7.5,4,3,3,3,4,1893,1226,667,253,801,1092,7.27848190702588,7.60563132137031,6.6771547976012,6.78636363636364,7.24983019975031,7.29949840659341,112
"112",2010,11,6.96153846153846,26,7.07142857142857,6.83333333333333,6.16666666666667,7.16666666666667,6.85294117647059,14,12,3,9,17,1919,1240,679,256,810,1109,7.27418772798332,7.5996,6.67991494845361,6.7791015625,7.24890616049383,7.2926530748422,113
"113",2010,12,7.30024390243902,41,7.5405,7.07142857142857,7.0625,6.93125,7.5364,20,21,8,16,25,1960,1260,700,264,826,1134,7.27473278061224,7.59866190476191,6.69166035714286,6.78768939393939,7.24275301452784,7.29802668430335,114
"114",2011,1,7.27083333333333,24,7.71428571428571,6.65,7.07142857142857,7.91666666666667,7.05555555555556,14,10,7,6,18,1984,1274,710,271,832,1152,7.27468560987903,7.59993249607535,6.6910735915493,6.7950184501845,7.24761296875,7.29423807291667,115
"115",2011,2,7.30555555555556,18,8.05555555555556,6.55555555555556,6.16666666666667,6.64285714285714,7.72727272727273,9,9,6,7,11,2002,1283,719,277,839,1163,7.27496316183816,7.60312860483242,6.68937726008345,6.78140794223827,7.24256733015495,7.29833384350817,116
"116",2011,3,7.009375,16,7.3125,6.70625,6.83,6.6625,7.125,8,8,5,4,12,2018,1291,727,282,843,1175,7.27285740832507,7.60132765298218,6.68956292984869,6.7822695035461,7.23981493475682,7.29656362553192,117
"117",2011,4,7.38333333333333,24,7.56875,7.0125,6,7.23333333333333,7.47333333333333,16,8,3,9,15,2042,1307,735,285,852,1190,7.27415585210578,7.60092884468248,6.69307789115646,6.7740350877193,7.23974646713615,7.29879181512605,118
"118",2011,5,7.13888888888889,18,7.39285714285714,6.25,7,7.38888888888889,6.88888888888889,14,4,1,9,9,2060,1321,739,286,861,1199,7.27297390776699,7.59872369417108,6.69067963464141,6.77482517482517,7.24130544715447,7.29571497914929,119
"119",2011,6,7.51538461538462,13,7.57,7.33333333333333,NA,8,7.37,10,3,0,3,10,2073,1331,742,286,864,1209,7.27449409068982,7.59850788880541,6.69327796495957,6.77482517482517,7.24393980324074,7.2963294127378,120
"120",2011,7,6.58333333333333,18,6.78571428571429,6.45454545454545,5.5,5.83333333333333,6.95833333333333,7,11,2,6,12,2091,1338,753,288,870,1221,7.26854435676709,7.59425560538117,6.68979050464807,6.76597222222222,7.23421148275862,7.29300758394759,121
"121",2011,8,7.34615384615385,13,7.07142857142857,7.66666666666667,7.875,7.125,7.44444444444444,7,6,4,4,9,2104,1345,759,292,874,1230,7.26902388307985,7.59153457249071,6.6975128458498,6.78116438356164,7.2337116590389,7.29411565853659,122
"122",2011,9,7.04166666666667,12,7.08333333333333,7,NA,7.1,7,6,6,0,5,7,2116,1351,765,292,879,1237,7.26773452268431,7.58927757216876,6.69988529411765,6.78116438356164,7.23295106939704,7.29245130153598,123
"123",2011,10,7.34210526315789,19,7.76923076923077,6.41666666666667,7,7.25,7.36666666666667,13,6,1,4,15,2135,1364,771,293,883,1252,7.26839637002342,7.5909926686217,6.69768125810635,6.78191126279863,7.23302830124575,7.29334046325879,124
"124",2011,11,6.99761904761905,21,7.5125,6.31111111111111,6.6,7.46,6.853125,12,9,4,5,16,2156,1376,780,297,888,1268,7.26575892857143,7.59030813953488,6.69322083333333,6.77946127946128,7.23430629504504,7.28778569400631,125
"125",2011,12,7.15384615384615,13,7.14285714285714,7.16666666666667,NA,6.66666666666667,7.3,7,6,0,3,10,2169,1383,786,297,891,1278,7.26508817427386,7.58804338394794,6.69683492366412,6.77946127946128,7.23239505050505,7.28788126760564,126
"126",2012,1,6.63703703703704,27,7.03846153846154,6.26428571428571,6.5,7.15555555555556,6.37777777777778,13,14,6,9,18,2196,1396,800,303,900,1296,7.25736623406193,7.58292550143267,6.6892653125,6.77392739273927,7.23162665555556,7.27524094135803,127
"127",2012,2,6.95263157894737,19,7.34615384615385,6.1,6.9,6.5125,7.27272727272727,13,6,4,8,11,2215,1409,806,307,908,1307,7.25475225733634,7.5807409510291,6.68487872208437,6.77557003257329,7.22529073788546,7.27521978576894,128
"128",2012,3,7.46153846153846,13,7.28571428571429,7.66666666666667,9,8,7.3,7,6,1,3,10,2228,1416,812,308,911,1317,7.25595881956912,7.57928248587571,6.69213331280788,6.78279220779221,7.22784192096597,7.27540794229309,129
"129",2012,4,6.25,16,6.64285714285714,5.94444444444444,5.75,6.66666666666667,6.15384615384615,7,9,4,3,13,2244,1423,821,312,914,1330,7.24878620766488,7.57467603654252,6.68393696711328,6.76955128205128,7.22599998905908,7.26444530827068,130
"130",2012,5,6.33333333333333,9,6.4,6.25,6,6.66666666666667,6.16666666666667,5,4,2,3,6,2253,1428,825,314,917,1336,7.24512927208167,7.57056302521008,6.68183303030303,6.76464968152866,7.22417010905125,7.25951516467066,131
"131",2012,6,6.88461538461539,13,7.4375,6,5.5,8,6.79166666666667,8,5,2,1,12,2266,1436,830,316,918,1348,7.24306101059135,7.5698217270195,6.67772560240964,6.75664556962025,7.22501523965142,7.25535034124629,132
"132",2012,7,6.875,10,6.7,7.05,NA,6,7.25,5,5,0,3,7,2276,1441,835,316,921,1355,7.24144387082601,7.56680360860514,6.67995479041916,6.75664556962025,7.22102496199783,7.25532270110701,133
"133",2012,8,7.5625,12,7.67857142857143,7.4,7.5,6.41666666666667,7.94444444444444,7,5,2,3,9,2288,1448,840,318,924,1364,7.24312773164335,7.56734392265193,6.68424077380952,6.76132075471698,7.21841340909091,7.25986969208211,134
"134",2012,9,6.96,10,7.175,6.1,NA,7.5,6.825,8,2,0,2,8,2298,1456,842,318,926,1372,7.24189567014795,7.56518818681319,6.68285302850356,6.76132075471698,7.219021587473,7.25733400874636,135
"135",2012,10,6.92857142857143,14,7.85714285714286,6,NA,6.125,7.25,7,7,0,4,10,2312,1463,849,318,930,1382,7.23999837802768,7.56658509911141,6.67722290930506,6.76132075471698,7.21431611827957,7.2572809406657,136
"136",2012,11,5.59090909090909,11,6.25,5.21428571428571,6,5,5.8125,4,7,2,3,8,2323,1467,856,320,933,1390,7.23218951786483,7.56299522835719,6.66525963785047,6.7565625,7.20719613076099,7.24896565467626,137
"137",2012,12,6.5,14,7.83333333333333,5.5,5.25,6.5,6.5,6,8,4,4,10,2337,1473,864,324,937,1400,7.22780327342747,7.56409640190088,6.65447019675926,6.73796296296296,7.20417715048026,7.2436159,138
"138",2013,1,7.09692307692308,13,6.57142857142857,7.71,NA,6.33666666666667,7.325,7,6,0,3,10,2350,1480,870,324,940,1410,7.22707925531915,7.55940135135135,6.66174971264368,6.73796296296296,7.2014085,7.24419309219858,139
"139",2013,2,7.06470588235294,17,7.36363636363636,6.51666666666667,6.16666666666667,7.33333333333333,6.91818181818182,11,6,3,6,11,2367,1491,876,327,946,1421,7.22591307562315,7.55795707578806,6.66075599315069,6.73272171253823,7.20224523255814,7.24166942997889,140
"140",2013,3,7.48333333333333,15,7.4375,7.66666666666667,NA,7.95,7.25,12,3,0,5,10,2382,1503,879,327,951,1431,7.2275341099916,7.55699534264804,6.66418913538111,6.73272171253823,7.20617664563617,7.2417276450035,141
"141",2013,4,6.8125,16,7.22222222222222,6.28571428571429,NA,6,6.86666666666667,9,7,0,1,15,2398,1512,886,327,952,1446,7.22476490825688,7.55500264550265,6.66119892776524,6.73272171253823,7.20490965336134,7.23783697095436,142
"142",2013,5,7.27666666666667,15,7.535,6.76,7,5.825,7.80454545454545,10,5,1,4,11,2413,1522,891,328,956,1457,7.22508754662246,7.55487122207622,6.66175336700337,6.73353658536585,7.19913597280335,7.24211548387097,143
"143",2013,6,6.95454545454545,11,6.91666666666667,7,6.33333333333333,6,7.3125,6,5,3,3,8,2424,1528,896,331,959,1465,7.22385983910891,7.55236518324607,6.66364090401786,6.72990936555891,7.1953847653806,7.24249983617748,144
"144",2013,7,6.61,10,6.525,6.95,NA,7,6.35,8,2,0,4,6,2434,1536,898,331,963,1471,7.22133781840591,7.54701432291667,6.66427867483296,6.72990936555891,7.19457319833853,7.23885945615228,145
"145",2013,8,6.19230769230769,13,6.94444444444444,4.5,NA,5.875,6.33333333333333,9,4,0,4,9,2447,1545,902,331,967,1480,7.21587096444626,7.54350420711974,6.65468098669623,6.72990936555891,7.18911477766287,7.23335287837838,146
"146",2013,9,6.972,10,7.03666666666667,6.875,6,8,6.85777777777778,6,4,1,1,9,2457,1551,906,332,968,1489,7.21487840862841,7.54154352030948,6.65565369757174,6.72771084337349,7.18995246900826,7.23108278038953,147
"147",2013,10,6.91666666666667,12,7.375,6.6875,6,6.5,7.05555555555556,4,8,1,3,9,2469,1555,914,333,971,1498,7.21342901984609,7.54111511254019,6.65593243982495,6.72552552552553,7.18782079299691,7.23002821094793,148
"148",2013,11,6.5,14,7.4,6,6.125,7.83333333333333,6.13636363636364,5,9,4,3,11,2483,1560,923,337,974,1509,7.20940646395489,7.54066282051282,6.64953656554713,6.71839762611276,7.18980902464066,7.22205583830351,149
"149",2013,12,6.73333333333333,15,6.88888888888889,6.5,7.33333333333333,7.33333333333333,6.58333333333333,9,6,3,3,12,2498,1569,929,340,977,1521,7.20654773819055,7.53692415551307,6.64857077502691,6.72382352941176,7.19024973387922,7.21701660749507,150
"150",2014,1,7.10227272727273,22,7.5,6.625,7.33333333333333,7.40625,6.92857142857143,12,10,3,8,14,2520,1581,939,343,985,1535,7.20563740079365,7.53664389626819,6.64831975505857,6.72915451895044,7.19200405076142,7.21438583713355,151
"151",2014,2,6.64736842105263,19,6.81111111111111,6.5,5.83333333333333,6.13333333333333,6.88461538461539,9,10,3,6,13,2539,1590,949,346,991,1548,7.20145972823946,7.53253710691824,6.64675684931507,6.72138728323699,7.18559433905146,7.21161644702843,152
"152",2014,3,6.55294117647059,17,6.68461538461538,6.125,6.125,6.5,6.55625,13,4,4,1,16,2556,1603,953,350,992,1564,7.19714642018779,7.52566063630692,6.64456689401889,6.71457142857143,7.18490321572581,7.20491193094629,153
"153",2014,4,6.75,12,6.71428571428571,6.8,7.25,6.33333333333333,6.88888888888889,7,5,2,3,9,2568,1610,958,352,995,1573,7.19505695093458,7.52213291925466,6.64537813152401,6.71761363636364,7.18233566834171,7.20310378893834,154
"154",2014,5,6.55555555555556,9,7.5,5.8,5.33333333333333,5,7,4,5,3,2,7,2577,1614,963,355,997,1580,7.19282353511835,7.5220780669145,6.64098883696781,6.70591549295775,7.17795786359077,7.20220396202532,155
"155",2014,6,6.8125,8,7.25,6.375,NA,8,6.64285714285714,4,4,0,1,7,2585,1618,967,355,998,1587,7.19164651837524,7.52140543881335,6.63988857290589,6.70591549295775,7.17878155310621,7.19973677378702,156
"156",2014,7,6.66666666666667,3,9,5.5,5.5,6.66666666666667,NA,1,2,2,3,0,2588,1619,969,357,1001,1587,7.19103796367851,7.52231871525633,6.63753586171311,6.69915966386555,7.17724674325674,7.19973677378702,157
"157",2014,8,6.79166666666667,6,7.625,6.375,6.5,NA,6.79166666666667,2,4,1,0,6,2594,1621,973,358,1001,1593,7.19011420585967,7.52244540407156,6.63645657759507,6.69860335195531,7.17724674325674,7.19819978656623,158
"158",2014,9,6.77777777777778,9,8.33333333333333,6,6,8,6.625,3,6,3,1,8,2603,1624,979,361,1002,1601,7.18868853246254,7.52394334975369,6.63255592441267,6.69279778393352,7.17806785429142,7.1953355777639,159
"159",2014,10,6.91666666666667,6,8.5,5.33333333333333,4.5,4,7.5,3,3,2,1,5,2609,1627,982,363,1003,1606,7.18806295515523,7.52574308543331,6.62858681262729,6.68071625344353,7.17489929212363,7.19628409713574,160
"160",2014,11,6.7,9,6.75,6.68571428571429,6.9,5.9,6.92857142857143,2,7,2,2,7,2618,1629,989,365,1005,1613,7.18638512223071,7.52479066912216,6.62899115267947,6.68191780821918,7.17236217910448,7.19512229386237,161
"161",2014,12,7.23125,8,8.4,6.84166666666667,6.325,7.43333333333333,7.11,2,6,4,3,5,2626,1631,995,369,1008,1618,7.18652180121858,7.52586388718577,6.63027361809045,6.67804878048781,7.17313887896825,7.1948592459827,162
"162",2015,1,7.32222222222222,9,8,6.475,6.66666666666667,7,7.3625,5,4,3,1,8,2635,1636,999,372,1009,1626,7.18698529411764,7.52731295843521,6.6296519019019,6.67795698924731,7.17296728444004,7.19568404674047,163
"163",2015,2,5.72727272727273,11,6.66666666666667,5.375,5.33333333333333,6.25,5.42857142857143,3,8,3,4,7,2646,1639,1007,375,1013,1633,7.18091695011338,7.52573764490543,6.61968445878848,6.6672,7.16932279368213,7.18810916105328,164
"164",2015,3,6.81818181818182,11,8,6.14285714285714,6.25,7.25,6.72222222222222,4,7,2,2,9,2657,1643,1014,377,1015,1642,7.17941522393677,7.52689227023737,6.61639275147929,6.66498673740053,7.1694817635468,7.18555557856273,165
"165",2015,4,6.81818181818182,11,7,6.33333333333333,8,6.5,6.88888888888889,8,3,1,2,9,2668,1651,1017,378,1017,1651,7.17792588080959,7.52433918837068,6.61555776794494,6.66851851851852,7.16816518190757,7.18393837674137,166
"166",2015,5,6.8125,8,7.375,6.25,6.66666666666667,7.25,6.66666666666667,4,4,3,2,6,2676,1655,1021,381,1019,1657,7.17683342675635,7.52397824773414,6.61412561214496,6.66850393700788,7.16832579980373,7.18206533494267,167
"167",2015,6,6.70909090909091,11,7.56,6,5,7.2,6.3,5,6,2,5,6,2687,1660,1027,383,1024,1663,7.17491858950502,7.52408674698795,6.61053773125609,6.65979112271541,7.16848045898438,7.17888289837643,168
"168",2015,7,6.05555555555556,9,5.8,6.375,5.75,8,5.8125,5,4,2,1,8,2696,1665,1031,385,1025,1671,7.17118184347181,7.51890930930931,6.60962390882638,6.65506493506494,7.16929169756098,7.17234126870138,169
"169",2015,8,6.57,10,7.425,6,6,6.94,6.2,4,6,2,5,5,2706,1669,1037,387,1030,1676,7.16896018107908,7.51868424206111,6.60609667309547,6.65167958656331,7.16817863106796,7.16944048926014,170
"170",2015,9,7.71428571428571,7,8.125,7.16666666666667,7.5,7.875,7.5,4,3,1,4,3,2713,1673,1040,388,1034,1679,7.17036721341688,7.52013389121339,6.60771370192308,6.65386597938144,7.17091294970986,7.17003112567004,171
"171",2015,10,7,8,7.5,5.5,4,6.91666666666667,7.25,6,2,1,6,2,2721,1679,1042,389,1040,1681,7.16986631753032,7.52006194163192,6.60558757197697,6.64704370179949,7.16944614423077,7.17012627007734,172
"172",2015,11,6.76666666666667,21,7.27272727272727,6.21,6.51666666666667,6,6.89444444444444,11,10,6,3,18,2742,1690,1052,395,1043,1699,7.16677835521517,7.51845207100592,6.6018272338403,6.64506329113924,7.16608244487057,7.16720556798117,173
"173",2015,12,7.35,12,8.16666666666667,6.53333333333333,6,7.84,7,6,6,1,5,7,2754,1696,1058,396,1048,1706,7.16757670660857,7.52074528301887,6.60143879962193,6.64343434343434,7.16929770038168,7.16651949589684,174
"174",2016,1,6.90909090909091,11,7.3125,5.83333333333333,NA,7,6.875,8,3,0,3,8,2765,1704,1061,396,1051,1714,7.16654837251356,7.5197676056338,6.59926696512724,6.64343434343434,7.168814452902,7.16515884480747,175
"175",2016,2,7.78571428571429,7,8.2,6.75,NA,NA,7.78571428571429,5,2,0,0,7,2772,1709,1063,396,1051,1721,7.16811192279942,7.52175775307197,6.59955056444026,6.64343434343434,7.168814452902,7.16768289366647,176
"176",2016,3,7.08333333333333,12,7.64285714285714,6.3,6.5,6.5,7.375,7,5,2,4,8,2784,1716,1068,398,1055,1729,7.16774649784482,7.52225174825175,6.5981481741573,6.6427135678392,7.16627866350711,7.1686421399653,177
"177",2016,4,7.22727272727273,11,7.83333333333333,6.5,6.83333333333333,6.66666666666667,7.4375,6,5,3,3,8,2795,1722,1073,401,1058,1737,7.16798076923077,7.5233356562137,6.59769082013048,6.64413965087282,7.16486199432892,7.16988040299367,178
"178",2016,5,7.11363636363636,11,7.39285714285714,6.625,8.5,8.25,6.86111111111111,7,4,1,2,9,2806,1729,1077,402,1060,1746,7.16776772986457,7.52280740312319,6.59779224698236,6.64875621890547,7.1669094245283,7.16828880870561,179
"179",2016,6,7.25,12,7.54545454545455,4,NA,6.5,8,11,1,0,6,6,2818,1740,1078,402,1066,1752,7.16811790276792,7.52295057471264,6.59538242115028,6.64875621890547,7.16315571294559,7.1711371347032,180
"180",2016,7,6.40909090909091,11,7,6.1875,5.66666666666667,6.16666666666667,6.5,3,8,3,3,8,2829,1743,1086,405,1069,1760,7.16516657829621,7.52205048766494,6.59237776243094,6.64148148148148,7.16035920486436,7.16808651136364,181
"181",2016,8,7.28461538461538,13,7.24545454545455,7.5,7,8,7.07,11,2,1,3,10,2842,1754,1088,406,1072,1770,7.16571296622097,7.52031584948689,6.59404618566176,6.6423645320197,7.16270894589552,7.16753235028249,182
"182",2016,9,6.49411764705882,17,6.57142857142857,6.44,5.5,6.5,6.49285714285714,7,10,2,3,14,2859,1761,1098,408,1075,1784,7.16171956977964,7.51654400908575,6.59264321493625,6.63676470588235,7.1608595255814,7.16223781390135,183
"183",2016,10,7,7,7.75,6,6,7.5,6.8,4,3,1,2,5,2866,1765,1101,409,1077,1789,7.16132458129797,7.5170730878187,6.59102838328792,6.63520782396088,7.16148931290622,7.16122541084405,184
"184",2016,11,7.60909090909091,11,7.95714285714286,7,5,9.1,7.27777777777778,7,4,1,2,9,2877,1772,1105,410,1079,1798,7.16303658324644,7.51881151241535,6.59250882352941,6.63121951219512,7.16508247451344,7.16180882091213,185
"185",2016,12,6.90909090909091,11,7.25,6,5.5,8,6.66666666666667,8,3,2,2,9,2888,1780,1108,412,1081,1807,7.16206933864266,7.51760337078652,6.59090455776173,6.62572815533981,7.16662718778908,7.15934270060874,186
"186",2017,1,6.80263157894737,19,7.16666666666667,6.475,6.66666666666667,7.0625,6.61363636363636,9,10,3,8,11,2907,1789,1118,415,1089,1818,7.15972007223942,7.51583789826719,6.58986784436494,6.62602409638554,7.16586224977043,7.15604084708471,187
"187",2017,2,6,9,5.8,6.25,7,3,6.375,5,4,1,1,8,2916,1794,1122,416,1090,1826,7.15614068930041,7.51105574136009,6.5886561942959,6.62692307692308,7.16204035779817,7.15261898138007,188
"188",2017,3,7.65384615384615,13,8.5,6.66666666666667,6,7.3,7.875,7,6,2,5,8,2929,1801,1128,418,1095,1834,7.15834969272789,7.51489950027762,6.58907114361702,6.62392344497608,7.16267031050228,7.1557700436205,189
"189",2017,4,7.14285714285714,7,7.66666666666667,6.75,6,10,6.66666666666667,3,4,1,1,6,2936,1804,1132,419,1096,1840,7.15831275544959,7.51515188470067,6.58963979681979,6.62243436754177,7.1652591149635,7.15417514130435,190
"190",2017,5,8.65,5,8.65,NA,NA,NA,8.65,5,0,0,0,5,2941,1809,1132,419,1096,1845,7.16084877592655,7.51828855721393,6.58963979681979,6.62243436754177,7.1652591149635,7.15822886720867,191
"191",2017,6,6.08333333333333,6,5.875,6.5,NA,NA,6.08333333333333,4,2,0,0,6,2947,1813,1134,419,1096,1851,7.15865498812351,7.51466298952013,6.58948170194004,6.62243436754177,7.1652591149635,7.15474460291734,192
"192",2017,7,6.625,8,8,4.33333333333333,NA,6.66666666666667,6.6,5,3,0,3,5,2955,1818,1137,419,1099,1856,7.15721023688663,7.51599779977998,6.58352880386983,6.62243436754177,7.16389808007279,7.15325014008621,193
"193",2017,8,7.3,10,7.33333333333333,7,NA,7,7.33333333333333,9,1,0,1,9,2965,1827,1138,419,1100,1865,7.15769182124789,7.51509797482211,6.583894771529,6.62243436754177,7.16374908181818,7.15411917426274,194
"194",2017,9,7.14285714285714,14,7.2,7,NA,7.66666666666667,7,10,4,0,3,11,2979,1837,1142,419,1103,1876,7.15762210473313,7.51338268916712,6.58535223292469,6.62243436754177,7.16511694469628,7.15321549040512,195
"195",2017,10,7.88888888888889,9,8.75,7.2,7,7,8.33333333333333,4,5,1,3,6,2988,1841,1147,420,1106,1882,7.15982471552878,7.51606952743074,6.58803160418483,6.62333333333333,7.16466906871609,7.15697782146653,196
"196",2017,11,6.5,8,7,5.66666666666667,NA,7.5,6.16666666666667,5,3,0,2,6,2996,1846,1150,420,1108,1888,7.15806283377837,7.51467172264355,6.58562804347826,6.62333333333333,7.16527435920578,7.15383064618644,197
"197",2017,12,7.07142857142857,14,7.45,6.125,5.5,6.6,7.33333333333333,10,4,2,5,9,3010,1856,1154,422,1113,1897,7.15765988372093,7.51432327586207,6.58403141247834,6.61800947867299,7.16273494159928,7.15468226673695,198
"198",2018,1,7.11111111111111,9,7.25,7,9,NA,7.11111111111111,4,5,1,0,9,3019,1860,1159,423,1113,1906,7.15752111626366,7.51375483870968,6.58582592752373,6.62364066193854,7.16273494159928,7.15447652675761,199
"199",2018,2,6.6,10,6.875,5.5,NA,5.5,6.875,8,2,0,2,8,3029,1868,1161,423,1115,1914,7.1556805051172,7.51101927194861,6.58395542635659,6.62364066193854,7.1597524573991,7.1533083908046,200
"200",2018,3,6.95,10,7.83333333333333,5.625,6,6.625,7.16666666666667,6,4,1,4,6,3039,1874,1165,424,1119,1920,7.15500370187562,7.51205122732124,6.58066287553648,6.62216981132075,7.1578409204647,7.15335013541667,201
"201",2018,4,6.875,12,7.25,6.125,7,7,6.8125,8,4,2,4,8,3051,1882,1169,426,1123,1928,7.15390240904621,7.51093730074389,6.57910372112917,6.62394366197183,7.15727870881567,7.15193581950208,202
"202",2018,5,5.66666666666667,9,5.5,5.8,5.5,5,5.75,4,5,1,1,8,3060,1886,1174,427,1124,1936,7.14952818627451,7.5066723223754,6.57578556218058,6.62131147540984,7.15535942170819,7.14614269628099,203
"203",2018,6,8.1,10,9.2,7,NA,10,7.88888888888889,5,5,0,1,9,3070,1891,1179,427,1125,1945,7.15262418566775,7.51114965626653,6.57758460559796,6.62131147540984,7.15788799111111,7.14957956812339,204
"204",2018,7,7.5625,8,7.875,7.25,8,8,7.5,4,4,1,1,7,3078,1895,1183,428,1126,1952,7.15368948992852,7.51191767810026,6.57985819949281,6.62453271028037,7.15863587033748,7.15083619877049,205
"205",2018,8,7.66666666666667,3,7.5,8,NA,8,7.5,2,1,0,1,2,3081,1897,1184,428,1127,1954,7.15418898085037,7.51190511333685,6.58105764358108,6.62453271028037,7.15938242236025,7.15119358239509,206
"206",2018,9,7.72727272727273,11,7.72727272727273,NA,NA,7.5,8,11,0,0,6,5,3092,1908,1184,428,1133,1959,7.15622776520052,7.51314675052411,6.58105764358108,6.62453271028037,7.16118622241836,7.15336001020929,207
"207",2018,10,6.13333333333333,9,6.75,5.64,7,6,6.2,4,5,2,3,6,3101,1912,1189,430,1136,1965,7.15325902934537,7.51155020920502,6.57710029436501,6.62627906976744,7.15811970950704,7.15044898727735,208
"208",2018,11,7.16666666666667,6,7.66666666666667,6.66666666666667,7,NA,7.16666666666667,3,3,2,0,6,3107,1915,1192,432,1136,1971,7.1532849211458,7.51179321148825,6.57732571308725,6.62800925925926,7.15811970950704,7.15049835616438,209
"209",2018,12,6.9,5,7,6.83333333333333,6,NA,6.9,2,3,2,0,5,3112,1917,1195,434,1136,1976,7.15287797236504,7.51125925925926,6.57796841004184,6.62511520737327,7.15811970950704,7.14986450404858,210
"210",2019,1,7.82,10,8.85714285714286,5.4,NA,8.5,7.74444444444444,7,3,0,1,9,3122,1924,1198,434,1137,1985,7.15501481422165,7.51615592515593,6.57501857262103,6.62511520737327,7.15929990325418,7.1525603324937,211
"211",2019,2,7.2,10,7.21428571428571,7.16666666666667,NA,8,7.11111111111111,7,3,0,1,9,3132,1931,1201,434,1138,1994,7.15515844508301,7.51506162610047,6.57649646128226,6.62511520737327,7.16003865553603,7.15237324974925,212
"212",2019,3,7.6,10,7.4,7.8,7,10,7.33333333333333,5,5,1,1,9,3142,1936,1206,435,1139,2003,7.15657423615531,7.51476446280992,6.58156902985074,6.62597701149425,7.16253203687445,7.15318635047429,213
"213",2019,4,7.09444444444444,9,7.51666666666667,6.25,6.75,10,6.73125,6,3,1,1,8,3151,1942,1209,436,1140,2011,7.15639677880038,7.51477033985582,6.58074627791563,6.62626146788991,7.16502104385965,7.15150783689707,214
"214",2019,5,7.3,5,7.375,7,7,8,6.83333333333333,4,1,1,2,3,3156,1946,1210,437,1142,2014,7.15662428707224,7.51448304213772,6.58109276859504,6.62711670480549,7.16648335376532,7.15103389275075,215
"215",2019,6,7.94222222222222,9,8.06,7,NA,NA,7.94222222222222,8,1,0,0,9,3165,1954,1211,437,1142,2023,7.15885821484992,7.5167164790174,6.58143868703551,6.62711670480549,7.16648335376532,7.15455376173999,216
"216",2019,7,7.28571428571429,7,7.4,7,NA,7,7.4,5,2,0,2,5,3172,1959,1213,437,1144,2028,7.15913816204287,7.51641858090863,6.58212881286068,6.62711670480549,7.16619229895105,7.15515890532544,217
"217",2019,8,6.65,10,7.33333333333333,6.35714285714286,6.125,NA,6.65,3,7,4,0,10,3182,1962,1220,441,1144,2038,7.15753810496543,7.51613863404689,6.58083790983606,6.62256235827664,7.16619229895105,7.1526802060844,218
"218",2019,9,7.08333333333333,6,7.83333333333333,6.33333333333333,3,10,6.5,3,3,1,1,5,3188,1965,1223,442,1145,2043,7.15739844730238,7.51662290076336,6.58023078495503,6.6143665158371,7.16866724017467,7.15108284875184,219
"219",2019,10,8.66666666666667,3,9.5,7,NA,8.5,9,2,1,0,2,1,3191,1967,1224,442,1147,2044,7.1588173769978,7.5186395526182,6.58057373366013,6.6143665158371,7.17098865736704,7.15198740704501,220
"220",2019,11,7.85714285714286,7,7.375,8.5,8.75,7.33333333333333,8.25,4,3,2,3,4,3198,1971,1227,444,1150,2048,7.16034591932458,7.51834804667681,6.58526670741646,6.62398648648649,7.17141216521739,7.15413196289063,221
"221",2019,12,6.92916666666667,12,7.66428571428571,5.9,6,4.5,7.415,7,5,1,2,10,3210,1978,1232,445,1152,2058,7.15948169781931,7.51886450960566,6.58248559253247,6.62258426966292,7.166774296875,7.15539954324587,222
"222",2020,1,8.09090909090909,11,8.25,7.66666666666667,8,8.33333333333333,8,8,3,2,3,8,3221,1986,1235,447,1155,2066,7.16266260478112,7.52180966767372,6.58511923076923,6.62874720357942,7.16980432034632,7.15867001936109,223
"223",2020,2,7.63636363636364,11,8.16666666666667,7,6.75,7.4,7.83333333333333,6,5,4,5,6,3232,1992,1240,451,1160,2072,7.16427482982673,7.52375200803213,6.58679213709677,6.62982261640798,7.17079654310345,7.16062367760618,224
"224",2020,3,6.7,5,7,6.5,7.5,7.16666666666667,6,2,3,1,3,2,3237,1994,1243,452,1163,2074,7.16355769230769,7.52322668004012,6.58658266291231,6.63174778761062,7.17078588993981,7.15950446480232,225
"225",2020,4,5.4,5,5.66666666666667,5,7,4.5,6,3,2,1,2,3,3242,1997,1245,453,1165,2077,7.16083783158544,7.52043765648473,6.58403393574297,6.63256070640177,7.16620084978541,7.15782968704863,226
"226",2020,5,6.3125,8,7.66666666666667,5.5,5.5,7,6.21428571428571,3,5,2,1,7,3250,2000,1250,455,1166,2084,7.15874961538461,7.520657,6.5796978,6.62758241758242,7.16605831046312,7.15466039347409,227
"227",2020,6,7.56666666666667,6,7.56666666666667,NA,NA,NA,7.56666666666667,6,0,0,0,6,3256,2006,1250,455,1166,2090,7.15950130528255,7.52079461615155,6.5796978,6.62758241758242,7.16605831046312,7.15584318660287,228
"228",2020,7,6.83333333333333,9,6.83333333333333,6.83333333333333,8,7,6.8125,6,3,1,1,8,3265,2012,1253,456,1167,2098,7.15860222052067,7.51874453280318,6.58030506783719,6.63059210526316,7.16591601542416,7.1545339656816,229
"229",2020,8,8.2,5,8.5,8,NA,8.5,8,2,3,0,2,3,3270,2014,1256,456,1169,2101,7.16019457186544,7.51971896722939,6.5836960589172,6.63059210526316,7.16819845166809,7.15574119942884,230
"230",2020,9,6.48,10,7.25714285714286,4.66666666666667,3,7.6,6,7,3,1,3,7,3280,2021,1259,457,1172,2108,7.15812080792683,7.5188095002474,6.57912807783955,6.622647702407,7.16930374573379,7.15190334914611,231
"231",2020,10,7.1,10,7,7.25,6,7,7.125,6,4,1,2,8,3290,2027,1263,458,1174,2116,7.15794414893617,7.51727380365072,6.58125277117973,6.62128820960699,7.16901532367973,7.15180163516068,232
"232",2020,11,6.76666666666667,15,7.14285714285714,6.4375,6,NA,6.76666666666667,7,8,1,0,15,3305,2034,1271,459,1174,2131,7.15616830559758,7.51598525073746,6.58034795436664,6.61993464052288,7.16901532367973,7.14909068981699,233
"233",2020,12,6.5,7,6.83333333333333,6.25,5.5,6.5,6.5,3,4,2,1,6,3312,2037,1275,461,1175,2137,7.15478147644927,7.51497987236132,6.57931156862745,6.61507592190889,7.16844594893617,7.14726825456247,234
"234",2021,1,7.95454545454545,11,8.1875,7.33333333333333,NA,8.5,7.83333333333333,8,3,0,2,9,3323,2045,1278,461,1177,2146,7.15742890460427,7.51761075794621,6.58108157276995,6.61507592190889,7.17070857264231,7.15014550792172,235
"235",2021,2,7.31818181818182,11,7.9,6.83333333333333,6.5,7.16666666666667,7.375,5,6,2,3,8,3334,2050,1284,463,1180,2154,7.15795928314337,7.51854341463415,6.58226031931464,6.61457883369331,7.17069829661017,7.15098062209842,236
"236",2021,3,6.75,6,7.83333333333333,5.66666666666667,4,6,7.125,3,3,1,2,4,3340,2053,1287,464,1182,2158,7.15722642215569,7.51900340964442,6.58012606837607,6.60894396551724,7.16871741962775,7.1509324652456,237
"237",2021,4,5.63636363636364,11,7.33333333333333,3.6,5,6.66666666666667,5.25,6,5,2,3,8,3351,2059,1292,466,1185,2166,7.15223403461653,7.51846236036911,6.56859307275542,6.60203862660944,7.16744640506329,7.14391147737766,238
"238",2021,5,6.35,6,6.775,5.5,NA,7.5,6.12,4,2,0,1,5,3357,2063,1294,466,1186,2171,7.15080019362526,7.5170208434319,6.56694146058732,6.60203862660944,7.16772680438449,7.14155332105021,239
"239",2021,6,6.8,5,6.8,NA,NA,NA,6.8,5,0,0,0,5,3362,2068,1294,466,1186,2176,7.15027848007138,7.51528723404255,6.56694146058732,6.60203862660944,7.16772680438449,7.14076850183824,240
"240",2021,7,7.25625,16,7.62307692307692,5.66666666666667,6,7.25,7.2625,13,3,1,8,8,3378,2081,1297,467,1194,2184,7.15078041740675,7.51596059586737,6.56485909791827,6.60074946466809,7.16827804857621,7.14121440476191,241
"241",2021,8,7.92857142857143,7,7.92857142857143,NA,NA,8.5,7.7,7,0,0,2,5,3385,2088,1297,467,1196,2189,7.1523888478582,7.5173438697318,6.56485909791827,6.60074946466809,7.1705050083612,7.14249075376885,242
"242",2021,9,7.13333333333333,9,7.53333333333333,6.33333333333333,6,6,7.275,6,3,1,1,8,3394,2094,1300,468,1197,2197,7.15233831761933,7.51738968481375,6.56432480769231,6.59946581196581,7.16952714285714,7.14297326354119,243
"243",2021,10,6.32727272727273,11,7.43333333333333,5,3.5,5.33333333333333,6.7,6,5,2,3,8,3405,2100,1305,470,1200,2205,7.14967290748898,7.51714952380952,6.55833122605364,6.58627659574468,7.16493665833333,7.14136610430839,244
"244",2021,11,5.7,10,5,5.875,5,5.5,5.75,2,8,2,2,8,3415,2102,1313,472,1202,2213,7.14542789165446,7.51475451950523,6.55416774562072,6.57955508474576,7.16216638103161,7.1363363126977,245
"245",2021,12,7.45777833333333,6,7.66666666666667,7.24889,NA,7.33333333333333,7.58222333333333,3,3,0,3,3,3421,2105,1316,472,1205,2216,7.1459757147033,7.51497102137767,6.55575145896656,6.57955508474576,7.16259252282158,7.13693995036101,246
"246",2022,1,7.15333333333333,15,7.5625,6.68571428571429,5.875,7.5,6.98,8,7,4,5,10,3436,2113,1323,476,1210,2226,7.1460078346915,7.51515097018457,6.55643909297052,6.57363445378151,7.16398676859504,7.13623491913747,247
"247",2022,2,7.59090909090909,11,7.64285714285714,7.5,6,8,7.55,7,4,1,1,10,3447,2120,1327,477,1211,2236,7.14742759501015,7.51557264150943,6.55928328560663,6.57243186582809,7.16467711808423,7.13808538908766,248
"248",2022,3,6.375,4,7.5,6,5.5,7.5,6,1,3,2,1,3,3451,2121,1330,479,1212,2239,7.14653228629383,7.51556529938708,6.5580217443609,6.56795407098121,7.16495378712871,7.13656048682448,249
"249",2022,4,7,8,7.16666666666667,6.5,7,NA,7,6,2,1,0,8,3459,2127,1332,480,1212,2247,7.14619338537149,7.51458110014104,6.55793462462462,6.56885416666667,7.16495378712871,7.13607429016467,250
"250",2022,5,6.84285714285714,7,6.84285714285714,NA,NA,8,6.38,7,0,0,2,5,3466,2134,1332,480,1214,2252,7.14558076168494,7.51237769447048,6.55793462462462,6.56885416666667,7.16632948105437,7.13439561722913,251
"251",2022,6,6.32,5,8.5,4.86666666666667,4,8.2,3.5,2,3,1,3,2,3471,2136,1335,481,1217,2254,7.14439150677038,7.51330243445693,6.55413402247191,6.56351351351351,7.16887755957272,7.13117077639752,252
"252",2022,7,8.22222222222222,9,8.33333333333333,8,7,7.33333333333333,8.66666666666667,6,3,1,3,6,3480,2142,1338,482,1220,2260,7.147179,7.51559943977591,6.55737587443946,6.56441908713693,7.16928195901639,7.13524731415929,253
"253",2022,8,8.01785714285714,14,8.25,7.6,8,9.1,7.41666666666667,9,5,2,5,9,3494,2151,1343,484,1225,2269,7.15066769318832,7.51867224546722,6.56125757259866,6.57035123966942,7.17716244081633,7.13636356544734,254
