"","year","month","avg_rating","no_ratings","avg_rating_owned","avg_rating_not_owned","avg_rating_prev_owned","avg_rating_comment","avg_rating_no_comment","no_ratings_owned","no_ratings_not_owned","no_ratings_prev_owned","no_ratings_comment","no_ratings_no_comment","cum_no_ratings","cum_no_ratings_owned","cum_no_ratings_not_owned","cum_no_ratings_prev_owned","cum_no_ratings_comment","cum_no_ratings_no_comment","cum_avg_rating","cum_avg_rating_owned","cum_avg_rating_not_owned","cum_avg_rating_prev_owned","cum_avg_rating_comment","cum_avg_rating_no_comment","month_after_release"
"1",2001,6,7,3,7.5,6,NA,NA,7,2,1,0,0,3,3,2,1,0,0,3,7,7.5,6,NA,NA,7,0
"2",2001,7,9,4,9,9,NA,NA,9,3,1,0,0,4,7,5,2,0,0,7,8.14285714285714,8.4,7.5,NA,NA,8.14285714285714,1
"3",2001,8,8,5,8.25,7,7,9,7.75,4,1,1,1,4,12,9,3,1,1,11,8.08333333333333,8.33333333333333,7.33333333333333,7,9,8,2
"4",2001,9,8.875,8,8.875,NA,NA,9,8.83333333333333,8,0,0,2,6,20,17,3,1,3,17,8.4,8.58823529411765,7.33333333333333,7,9,8.29411764705882,3
"5",2001,10,7.7,5,8.16666666666667,7,NA,6.5,8.5,3,2,0,2,3,25,20,5,1,5,20,8.26,8.525,7.2,7,8,8.325,4
"6",2001,11,8.6,5,8.6,NA,NA,8.5,8.66666666666667,5,0,0,2,3,30,25,5,1,7,23,8.31666666666667,8.54,7.2,7,8.14285714285714,8.3695652173913,5
"7",2002,1,6.5,2,NA,6.5,NA,6,7,0,2,0,1,1,32,25,7,1,8,24,8.203125,8.54,7,7,7.875,8.3125,7
"8",2002,2,8,4,8.66666666666667,6,NA,7.5,8.5,3,1,0,2,2,36,28,8,1,10,26,8.18055555555556,8.55357142857143,6.875,7,7.8,8.32692307692308,8
"9",2002,3,9,3,9,NA,NA,NA,9,3,0,0,0,3,39,31,8,1,10,29,8.24358974358974,8.59677419354839,6.875,7,7.8,8.39655172413793,9
"10",2002,4,8.5,3,8.5,NA,NA,8.5,NA,3,0,0,3,0,42,34,8,1,13,29,8.26190476190476,8.58823529411764,6.875,7,7.96153846153846,8.39655172413793,10
"11",2002,5,8.5,6,8.75,8,NA,NA,8.5,4,2,0,0,6,48,38,10,1,13,35,8.29166666666667,8.60526315789473,7.1,7,7.96153846153846,8.41428571428571,11
"12",2002,6,8.85,10,9,8.25,8,8.5,8.9375,8,2,1,2,8,58,46,12,2,15,43,8.38793103448276,8.67391304347826,7.29166666666667,7.5,8.03333333333333,8.51162790697674,12
"13",2002,7,9.05555555555556,9,9.07142857142857,9,9,9.375,8.8,7,2,1,4,5,67,53,14,3,19,48,8.47761194029851,8.72641509433962,7.53571428571429,8,8.31578947368421,8.54166666666667,13
"14",2002,8,8.16666666666667,6,9.25,6,NA,9,7.33333333333333,4,2,0,3,3,73,57,16,3,22,51,8.45205479452055,8.76315789473684,7.34375,8,8.40909090909091,8.47058823529412,14
"15",2002,9,8.27777777777778,9,8.5,7.83333333333333,9,8.16666666666667,8.33333333333333,6,3,1,3,6,82,63,19,4,25,57,8.43292682926829,8.73809523809523,7.42105263157895,8.25,8.38,8.45614035087719,15
"16",2002,10,8.5,4,8.5,8.5,NA,7,9,2,2,0,1,3,86,65,21,4,26,60,8.43604651162791,8.73076923076923,7.52380952380952,8.25,8.32692307692308,8.48333333333333,16
"17",2002,11,8.25,8,8,9,NA,8,8.28571428571429,6,2,0,1,7,94,71,23,4,27,67,8.42021276595745,8.66901408450704,7.65217391304348,8.25,8.31481481481481,8.46268656716418,17
"18",2002,12,7.85714285714286,7,8,7,NA,7.66666666666667,8,6,1,0,3,4,101,77,24,4,30,71,8.38118811881188,8.61688311688311,7.625,8.25,8.25,8.43661971830986,18
"19",2003,1,8.7,5,8.7,NA,NA,9,8.5,5,0,0,2,3,106,82,24,4,32,74,8.39622641509434,8.62195121951219,7.625,8.25,8.296875,8.43918918918919,19
"20",2003,2,7.5,6,8,5,NA,5,8,5,1,0,1,5,112,87,25,4,33,79,8.34821428571428,8.58620689655172,7.52,8.25,8.1969696969697,8.41139240506329,20
"21",2003,3,8.42857142857143,7,8.6,8,NA,8.25,8.66666666666667,5,2,0,4,3,119,92,27,4,37,82,8.35294117647059,8.58695652173913,7.55555555555556,8.25,8.2027027027027,8.42073170731707,21
"22",2003,4,8.01666666666667,15,8.02083333333333,8,7,7.9375,8.04545454545454,12,3,1,4,11,134,104,30,5,41,93,8.31529850746269,8.52163461538461,7.6,8,8.17682926829268,8.3763440860215,22
"23",2003,5,8.22727272727273,11,8.21428571428571,8.25,NA,9.66666666666667,7.6875,7,4,0,3,8,145,111,34,5,44,101,8.30862068965517,8.50225225225225,7.67647058823529,8,8.27840909090909,8.32178217821782,23
"24",2003,6,7.83571428571429,14,7.82307692307692,8,NA,7.24285714285714,8.42857142857143,13,1,0,7,7,159,124,35,5,51,108,8.26698113207547,8.43104838709677,7.68571428571429,8,8.13627450980392,8.3287037037037,24
"25",2003,7,8.46341463414634,41,8.70588235294118,7.28571428571429,NA,8.66666666666667,8.42857142857143,34,7,0,6,35,200,158,42,5,57,143,8.30725,8.49018987341772,7.61904761904762,8,8.1921052631579,8.35314685314685,25
"26",2003,8,8.09444444444444,18,8.45833333333333,7.36666666666667,NA,8,8.13076923076923,12,6,0,5,13,218,170,48,5,62,156,8.28967889908257,8.48794117647058,7.5875,8,8.17661290322581,8.33461538461538,26
"27",2003,9,8,21,8.1875,7.4,NA,7.91666666666667,8.03333333333333,16,5,0,6,15,239,186,53,5,68,171,8.26422594142259,8.46209677419355,7.56981132075472,8,8.15367647058824,8.30818713450292,27
"28",2003,10,7.86428571428571,7,7.85,7.9,NA,9,7.675,5,2,0,1,6,246,191,55,5,69,177,8.25284552845529,8.44607329842932,7.58181818181818,8,8.16594202898551,8.28672316384181,28
"29",2003,11,7.85625,16,8.225,6.75,5,7.08333333333333,8.32,12,4,1,6,10,262,203,59,6,75,187,8.22862595419847,8.43300492610837,7.52542372881356,7.5,8.07933333333333,8.28850267379679,29
"30",2003,12,8.02631578947368,19,7.78125,9.33333333333333,10,8.0625,8,16,3,1,8,11,281,219,62,7,83,198,8.21494661921708,8.38538812785388,7.61290322580645,7.85714285714286,8.0777108433735,8.27247474747475,30
"31",2004,1,8.5125,16,9.225,6.375,NA,8.15,8.875,12,4,0,8,8,297,231,66,7,91,206,8.23097643097643,8.42900432900433,7.53787878787879,7.85714285714286,8.08406593406593,8.29587378640777,31
"32",2004,2,8.1551724137931,29,8.2,7.875,NA,8.5,8.02380952380952,25,4,0,8,21,326,256,70,7,99,227,8.22423312883436,8.406640625,7.55714285714286,7.85714285714286,8.11767676767677,8.27070484581498,32
"33",2004,3,8.73913043478261,23,8.85714285714286,7.5,NA,9,8.45454545454546,21,2,0,12,11,349,277,72,7,111,238,8.25816618911175,8.44079422382671,7.55555555555556,7.85714285714286,8.21306306306306,8.27920168067227,33
"34",2004,4,8.30555555555556,18,8.40909090909091,8.14285714285714,7,8.42857142857143,8.22727272727273,11,7,2,7,11,367,288,79,9,118,249,8.26049046321526,8.43958333333333,7.60759493670886,7.66666666666667,8.22584745762712,8.27690763052209,34
"35",2004,5,8.10526315789474,19,8.30769230769231,7.66666666666667,NA,7.75,8.36363636363636,13,6,0,8,11,386,301,85,9,126,260,8.25284974093264,8.43388704318937,7.61176470588235,7.66666666666667,8.19563492063492,8.28057692307692,35
"36",2004,6,8.48,30,8.88695652173913,7.14285714285714,NA,8.8625,8.34090909090909,23,7,0,8,22,416,324,92,9,134,282,8.26923076923077,8.46604938271605,7.57608695652174,7.66666666666667,8.23544776119403,8.28528368794326,36
"37",2004,7,8.11470588235294,34,8.4037037037037,7,10,8.76666666666667,7.88,27,7,1,9,25,450,351,99,10,143,307,8.25755555555556,8.46125356125356,7.53535353535354,7.9,8.26888111888112,8.25228013029316,37
"38",2004,8,8.48,25,8.7,7.6,NA,8,8.75,20,5,0,9,16,475,371,104,10,152,323,8.26926315789474,8.47412398921833,7.53846153846154,7.9,8.25296052631579,8.27693498452012,38
"39",2004,9,8.41071428571429,28,8.47916666666667,8,8,8.2,8.52777777777778,24,4,1,10,18,503,395,108,11,162,341,8.27713717693837,8.47443037974683,7.55555555555556,7.90909090909091,8.24969135802469,8.29017595307918,39
"40",2004,10,7.928125,32,8.288,6.64285714285714,7,8.03571428571429,7.84444444444444,25,7,1,14,18,535,420,115,12,176,359,8.25626168224299,8.46333333333333,7.5,7.83333333333333,8.23267045454546,8.26782729805014,40
"41",2004,11,8.08823529411765,34,8.18518518518519,7.71428571428571,NA,8.45,7.9375,27,7,0,10,24,569,447,122,12,186,383,8.24622144112478,8.44653243847874,7.51229508196721,7.83333333333333,8.24435483870968,8.24712793733681,41
"42",2004,12,8.29411764705882,34,8.80434782608696,7.22727272727273,8.25,8.03846153846154,8.45238095238095,23,11,2,13,21,603,470,133,14,199,404,8.24892205638474,8.46404255319149,7.48872180451128,7.89285714285714,8.23090452261307,8.25779702970297,42
"43",2005,1,8.08448275862069,58,8.30853658536585,7.54411764705882,8,8.540625,7.91071428571429,41,17,2,16,42,661,511,150,16,215,446,8.23449319213313,8.45156555772994,7.495,7.90625,8.25395348837209,8.22511210762332,43
"44",2005,2,8.06060606060606,33,8.40476190476191,7.45833333333333,8,8.25,7.97826086956522,21,12,1,10,23,694,532,162,17,225,469,8.22622478386167,8.44971804511278,7.49228395061728,7.91176470588235,8.25377777777778,8.21300639658848,44
"45",2005,3,7.9,31,8.33684210526316,7.20833333333333,7,7.46923076923077,8.21111111111111,19,12,3,13,18,725,551,174,20,238,487,8.21227586206897,8.44582577132486,7.47270114942529,7.775,8.2109243697479,8.2129363449692,45
"46",2005,4,8.07954545454546,44,8.3125,7.45833333333333,8.5,8.1,8.0625,32,12,2,20,24,769,583,186,22,258,511,8.20468140442133,8.43850771869639,7.47177419354839,7.84090909090909,8.20232558139535,8.20587084148728,46
"47",2005,5,7.7311320754717,53,8.39705882352941,6.53947368421053,9,7.796875,7.7027027027027,34,19,1,16,37,822,617,205,23,274,548,8.17414841849148,8.43622366288492,7.38536585365854,7.89130434782609,8.1786496350365,8.17189781021898,47
"48",2005,6,8.07317073170732,41,8.375,7.42307692307692,8,8.29166666666667,7.98275862068965,28,13,1,12,29,863,645,218,24,286,577,8.16935110081112,8.43356589147287,7.38761467889908,7.89583333333333,8.18339160839161,8.16239168110918,48
"49",2005,7,8.05405405405405,37,8.14814814814815,7.8,7,8.16666666666667,7.97727272727273,27,10,1,15,22,900,672,228,25,301,599,8.16461111111111,8.42209821428571,7.40570175438596,7.86,8.18255813953488,8.15559265442404,49
"50",2005,8,8.23148148148148,54,8.675,6.96428571428571,5.75,8.44230769230769,8.03571428571429,40,14,2,26,28,954,712,242,27,327,627,8.16839622641509,8.43630617977528,7.3801652892562,7.7037037037037,8.20321100917431,8.15023923444976,50
"51",2005,9,8.4,49,8.74594594594595,7.33333333333333,8.9,8.15,8.57241379310345,37,12,5,20,29,1003,749,254,32,347,656,8.17971086739781,8.45160213618157,7.37795275590551,7.890625,8.20014409221902,8.16890243902439,51
"52",2005,10,8.23769230769231,65,8.48404255319149,7.59444444444444,8.16666666666667,8.28166666666667,8.2,47,18,6,30,35,1068,796,272,38,377,691,8.18323970037453,8.4535175879397,7.39227941176471,7.93421052631579,8.20663129973475,8.17047756874095,52
"53",2005,11,8.23962264150943,53,8.63513513513514,7.325,5,8.18181818181818,8.28064516129032,37,16,1,22,31,1121,833,288,39,399,722,8.18590544157003,8.46158463385354,7.38854166666667,7.85897435897436,8.20526315789474,8.17520775623268,53
"54",2005,12,7.81369863013699,73,8.05102040816327,7.32916666666667,7.33333333333333,7.34782608695652,8.028,49,24,3,23,50,1194,882,312,42,422,772,8.16314907872697,8.43877551020408,7.38397435897436,7.82142857142857,8.1585308056872,8.16567357512953,54
"55",2006,1,7.74561403508772,57,8.02,7.30909090909091,8.16666666666667,7.4,7.88048780487805,35,22,3,16,41,1251,917,334,45,438,813,8.14412470023981,8.42279171210469,7.37904191616767,7.84444444444444,8.13082191780822,8.15129151291513,55
"56",2006,2,8.28353658536585,41,8.53879310344828,7.66666666666667,NA,8.125,8.39583333333333,29,12,0,17,24,1292,946,346,45,455,837,8.14854876160991,8.42634778012685,7.38901734104046,7.84444444444444,8.13060439560439,8.15830346475508,56
"57",2006,3,8.26803571428571,56,8.69230769230769,7.29470588235294,7.5,8.19642857142857,8.33964285714286,39,17,2,28,28,1348,985,363,47,483,865,8.15351261127597,8.43687817258883,7.38460055096419,7.82978723404255,8.13442028985507,8.16417341040462,57
"58",2006,4,8.02409523809524,42,8.462,7.3125,6,8.55263157894737,7.58747826086957,26,16,1,19,23,1390,1011,379,48,502,888,8.14960215827338,8.43752423343224,7.38155672823219,7.79166666666667,8.15024900398406,8.14923648648649,58
"59",2006,5,7.48965517241379,29,7.6875,7.24615384615385,8,7.44666666666667,7.53571428571429,16,13,1,15,14,1419,1027,392,49,517,902,8.1361148696265,8.42583933787731,7.37706632653061,7.79591836734694,8.12983558994197,8.13971396895787,59
"60",2006,6,7.7384375,32,8.30176470588235,7.1,3,7.31818181818182,7.95857142857143,17,15,1,11,21,1451,1044,407,50,528,923,8.12734458993798,8.42381896551724,7.36685503685504,7.7,8.11292613636363,8.13559263271939,60
"61",2006,7,8.11785714285714,56,8.34285714285714,7.74285714285714,8.33333333333333,8.15833333333333,8.0875,35,21,3,24,32,1507,1079,428,53,552,955,8.12699203715993,8.42119277108433,7.38530373831776,7.73584905660377,8.11490036231884,8.13398115183246,61
"62",2006,8,7.87045454545455,44,8.16060606060606,7,9,7.68636363636364,8.05454545454545,33,11,1,22,22,1551,1112,439,54,574,977,8.11971437782077,8.4134595323741,7.37564920273349,7.75925925925926,8.0984756097561,8.13219242579324,62
"63",2006,9,8.15116279069767,43,8.49333333333333,7.36153846153846,8,8,8.24074074074074,30,13,2,16,27,1594,1142,452,56,590,1004,8.12056273525722,8.41555779334501,7.37524336283186,7.76785714285714,8.09580508474576,8.13511155378486,63
"64",2006,10,7.86440677966102,59,8.37142857142857,7.125,5,8.10869565217391,7.70833333333333,35,24,1,23,36,1653,1177,476,57,613,1040,8.11141984271023,8.41424553950722,7.36262605042017,7.71929824561404,8.09628874388254,8.12033846153846,64
"65",2006,11,8.07719298245614,57,8.40769230769231,7.36111111111111,7.83333333333333,7.875,8.15609756097561,39,18,3,16,41,1710,1216,494,60,629,1081,8.11027894736842,8.4140353618421,7.36257085020243,7.725,8.09065977742448,8.12169472710453,65
"66",2006,12,8.04588235294118,85,8.271875,7.35714285714286,7,7.75555555555556,8.18103448275862,64,21,1,27,58,1795,1280,515,61,656,1139,8.1072295264624,8.40692734375,7.36234951456311,7.71311475409836,8.07686737804878,8.12471641791045,66
"67",2007,1,7.97866666666667,75,8.25576923076923,7.35217391304348,8.36666666666667,7.78,8.078,52,23,3,25,50,1870,1332,538,64,681,1189,8.10207326203209,8.40102627627627,7.36191449814126,7.74375,8.06596916299559,8.12275189234651,67
"68",2007,2,7.82077351351351,37,8.08380952380952,7.47553875,10,7.92363636363636,7.77725461538462,21,16,1,11,26,1907,1353,554,65,692,1215,8.09661542737284,8.39610273466371,7.36519606498195,7.77846153846154,8.06370664739884,8.11535853497942,68
"69",2007,3,7.73962264150943,53,8.13125,7.14285714285714,7,7.43333333333333,7.86052631578947,32,21,2,15,38,1960,1385,575,67,707,1253,8.08696205102041,8.3899833935018,7.35707586086956,7.75522388059701,8.05033239038189,8.10763018355946,69
"70",2007,4,8.165625,64,8.55581395348837,7.36666666666667,7.06666666666667,8.45454545454546,8.01428571428571,43,21,3,22,42,2024,1428,596,70,729,1295,8.08944941699605,8.3949768907563,7.35741379194631,7.72571428571429,8.06253086419753,8.10460279536679,70
"71",2007,5,7.58636363636364,66,7.90277777777778,7.20666666666667,8.03333333333333,7.52857142857143,7.61333333333333,36,30,3,21,45,2090,1464,626,73,750,1340,8.07356249760766,8.38287363387978,7.35018948881789,7.73835616438356,8.04758,8.08810494029851,71
"72",2007,6,8.03896103896104,77,8.18867924528302,7.70833333333333,8.66666666666667,8,8.06382978723404,53,24,3,30,47,2167,1517,650,76,780,1387,8.07233300415321,8.37608899143045,7.36341326153846,7.775,8.04575,8.08728235039654,72
"73",2007,7,7.8268115942029,69,8.12,7.27708333333333,7.4,7.47857142857143,7.97916666666667,45,24,5,21,48,2236,1562,674,81,801,1435,8.06475653846154,8.36871126760563,7.36033919881306,7.75185185185185,8.03088014981273,8.08366593728223,73
"74",2007,8,7.91578947368421,76,8.02830188679245,7.65652173913043,7.75,7.91304347826087,7.91698113207547,53,23,4,23,53,2312,1615,697,85,824,1488,8.05985969723184,8.35753993808049,7.37011279770445,7.75176470588235,8.02759101941747,8.07772891129033,74
"75",2007,9,7.85483870967742,62,8.07619047619048,7.39,8,7.74736842105263,7.90232558139535,42,20,3,19,43,2374,1657,717,88,843,1531,8.0545053159225,8.35040856970428,7.37066753138075,7.76022727272727,8.02127520759193,8.07280249510124,75
"76",2007,10,7.86666666666667,69,8.33617021276596,6.86363636363636,6,7.56842105263158,7.98,47,22,2,19,50,2443,1704,739,90,862,1581,8.04920000818666,8.35001584507042,7.35557323410014,7.72111111111111,8.01129350348028,8.06986756483239,76
"77",2007,11,7.80103092783505,97,8.16190476190476,7.13235294117647,8.125,7.4,7.98939393939394,63,34,4,31,66,2540,1767,773,94,893,1647,8.03972268503937,8.3433089983022,7.34575500646831,7.73829787234043,7.99007278835386,8.06664275652702,77
"78",2007,12,7.78366141732283,127,8.055,6.978125,7.66666666666667,7.61689189189189,7.85222222222222,95,32,3,37,90,2667,1862,805,97,930,1737,8.02752929133859,8.32859935553168,7.33114114285714,7.73608247422681,7.97522580645161,8.05553288428325,78
"79",2008,1,7.86203703703704,108,8.19420289855072,7.27435897435897,7.24444444444444,7.66666666666667,7.98636363636364,69,39,9,42,66,2775,1931,844,106,972,1803,8.02108851171172,8.32379699637493,7.32851732227488,7.69433962264151,7.96189300411522,8.0530008985025,79
"80",2008,2,7.7620253164557,79,8.04910714285714,7.06304347826087,7,7.74838709677419,7.77083333333333,56,23,2,31,48,2854,1987,867,108,1003,1851,8.01391752627891,8.31605535983895,7.32147476355248,7.68148148148148,7.95529411764706,8.04568374932469,80
"81",2008,3,7.63875,80,8.28936170212766,6.71212121212121,6,7,7.96415094339623,47,33,2,27,53,2934,2034,900,110,1030,1904,8.00368800954329,8.31543854473942,7.2991318,7.65090909090909,7.93025242718446,8.04341419117647,81
"82",2008,4,7.96105263157895,95,8.32222222222222,7.25,7.08333333333333,7.80625,8.03968253968254,63,32,6,32,63,3029,2097,932,116,1062,1967,8.00235081545065,8.31564234620886,7.29744487124464,7.62155172413793,7.92651600753295,8.04329467208948,82
"83",2008,5,7.7,72,8.17441860465116,6.99655172413793,7.2,7.38571428571429,7.9,43,29,5,28,44,3101,2140,961,121,1090,2011,7.99533073847147,8.31280467289719,7.2883648491155,7.60413223140496,7.91262385321101,8.04015943311785,83
"84",2008,6,7.91585365853659,82,8.52619047619048,7.275,7.7,8.07142857142857,7.83518518518519,42,40,5,28,54,3183,2182,1001,126,1118,2065,7.99328326107446,8.31691200733271,7.28783078921079,7.60793650793651,7.91660107334526,8.03479933171913,84
"85",2008,7,7.67117021276596,94,7.97526315789474,7.2027027027027,6.71875,7.58333333333333,7.71234375,57,37,16,30,64,3277,2239,1038,142,1148,2129,7.98404352151358,8.30821438142027,7.2847963583815,7.50774647887324,7.90789198606271,8.02510597463598,85
"86",2008,8,7.3818085106383,94,7.88260869565217,6.901875,7.06785714285714,7.28333333333333,7.42796875,46,48,14,30,64,3371,2285,1086,156,1178,2193,7.96725025808366,8.29964638949671,7.26787165745856,7.46826923076923,7.89198641765704,8.00767926128591,86
"87",2008,9,7.8508064516129,62,8.00952380952381,7.5175,6.375,7.6125,7.96428571428571,42,20,2,20,42,3433,2327,1106,158,1198,2235,7.96514728226042,8.29440996991834,7.2723857323689,7.45443037974684,7.8873205342237,8.00686381208054,87
"88",2008,10,7.52226941176471,85,7.95869565217391,7.00751025641026,6.55555555555556,7.32309666666667,7.63090909090909,46,39,9,30,55,3518,2373,1145,167,1228,2290,7.95444670835703,8.28790223345975,7.26336377292576,7.4059880239521,7.87353656351791,7.99783433187773,88
"89",2008,11,7.86179775280899,89,8.13076923076923,7.48378378378378,7.21428571428571,7.84642857142857,7.86885245901639,52,37,7,28,61,3607,2425,1182,174,1256,2351,7.95216066537289,8.28453278350515,7.27026355329949,7.39827586206897,7.87293224522293,7.99448771586559,89
"90",2008,12,7.58192771084337,83,8.036,6.89393939393939,6.5,7.375,7.63134328358209,50,33,6,16,67,3690,2475,1215,180,1272,2418,7.94383293224933,8.27951191919191,7.26004240329218,7.36833333333333,7.86666894654088,7.98442540115798,90
"91",2009,1,7.50146086956522,115,7.9479375,6.94117647058824,6.70588235294118,7.62780952380952,7.42876712328767,64,51,17,42,73,3805,2539,1266,197,1314,2491,7.93046294875165,8.27115399763686,7.24719709320695,7.31116751269036,7.85903417047184,7.96814155760739,91
"92",2009,2,7.68221621621622,185,8.1646875,7.16179775280899,7.25,7.90833333333333,7.63845161290323,96,89,16,30,155,3990,2635,1355,213,1344,2646,7.91895276190477,8.26727514231498,7.24158783763838,7.30657276995305,7.86013459821428,7.94882865457294,92
"93",2009,3,7.42151898734177,158,7.79024390243902,7.02368421052632,7.40666666666667,7.65961538461538,7.37462121212121,82,76,15,26,132,4148,2717,1431,228,1370,2778,7.90000518804243,8.25287817445711,7.23001503843466,7.31315789473684,7.85632912408759,7.92154449964003,93
"94",2009,4,7.60681818181818,154,7.98897058823529,7.3046511627907,6.91176470588235,7.24791666666667,7.67307692307692,68,86,17,24,130,4302,2785,1517,245,1394,2908,7.88950988377499,8.24643447037701,7.23424622280817,7.28530612244898,7.84585430416069,7.9104369394773,94
"95",2009,5,7.66020408163265,147,7.87,7.51551724137931,7.275,7.76,7.63461538461539,60,87,20,30,117,4449,2845,1604,265,1424,3025,7.88193336030569,8.23849560632688,7.24950219451372,7.28452830188679,7.84404557584269,7.8997688,95
"96",2009,6,7.83543307086614,127,8.03088235294118,7.61016949152542,7.27777777777778,7.73478260869565,7.85769230769231,68,59,9,23,104,4576,2913,1663,274,1447,3129,7.88064281468532,8.23364915894266,7.26229796752856,7.28430656934307,7.84230884588804,7.89837028443592,96
"97",2009,7,7.55793650793651,126,8.04761904761905,7.06825396825397,7.03333333333333,7.18965517241379,7.6680412371134,63,63,15,29,97,4702,2976,1726,289,1476,3226,7.87199521905572,8.22971102150537,7.25521524913094,7.27128027681661,7.82948570460704,7.89144470551767,97
"98",2009,8,7.43719008264463,121,8.12962962962963,6.87910447761194,7.2,7.7475,7.37574257425743,54,67,10,20,101,4823,3030,1793,299,1496,3327,7.86108677586565,8.22792739273927,7.24116091466815,7.26889632107023,7.82838963903743,7.87578918545236,98
"99",2009,9,7.28047619047619,126,7.72075471698113,6.96082191780822,6.83529411764706,6.95227272727273,7.34990384615385,53,73,17,22,104,4949,3083,1866,316,1518,3431,7.84630461103253,8.21920856308789,7.23019374062165,7.24556962025316,7.81569229249012,7.85984862139318,99
"100",2009,10,7.39285714285714,140,7.9015625,6.96447368421053,6.58823529411765,7.41923076923077,7.38684210526316,64,76,17,26,114,5089,3147,1942,333,1544,3545,7.83383012772647,8.21274864950746,7.21979480947477,7.21201201201201,7.809016126943,7.84463769252468,100
"101",2009,11,7.43823529411765,153,8.01644736842105,6.86753246753247,7.06521739130435,7.59807692307692,7.40551181102362,76,77,23,26,127,5242,3223,2019,356,1570,3672,7.82228376955361,8.20811976419484,7.20636033680039,7.20252808988764,7.80552286624204,7.82945005991285,101
"102",2009,12,7.384375,144,7.77016129032258,7.09268292682927,7.27962962962963,7.5796875,7.32857142857143,62,82,27,32,112,5386,3285,2101,383,1602,3784,7.8105758484961,8.19985388127853,7.20192361732508,7.2079634464752,7.80101179775281,7.81462489957717,102
"103",2010,1,7.60073529411765,136,8.08169014084507,7.07538461538461,6.71428571428571,7.94545454545455,7.53421052631579,71,65,7,22,114,5522,3356,2166,390,1624,3898,7.80540773632742,8.19735399284862,7.19812627885503,7.19910256410256,7.80296853448276,7.80642396613648,103
"104",2010,2,7.406,100,7.83942307692308,6.93645833333333,7.04444444444444,7.61428571428571,7.35063291139241,52,48,9,21,79,5622,3408,2214,399,1645,3977,7.79830336535041,8.1918926056338,7.19245326106594,7.19561403508772,7.80055981762918,7.79737003268796,104
"105",2010,3,7.44358974358974,78,7.96125,6.89868421052632,6.33333333333333,6.66666666666667,7.54492753623188,40,38,6,9,69,5700,3448,2252,405,1654,4046,7.79344938947369,8.18921693735498,7.18749623445826,7.18283950617284,7.79438990326481,7.79306490855166,105
"106",2010,4,7.7203125,96,8.2469387755102,7.17127659574468,7.08333333333333,7.79761904761905,7.69866666666667,49,47,12,21,75,5796,3497,2299,417,1675,4121,7.79223801242236,8.19002573634543,7.18716464549804,7.17997601918465,7.7944303880597,7.79134691094395,106
"107",2010,5,7.37260273972603,73,7.83815789473684,6.86714285714286,7.07142857142857,7.184375,7.42543859649123,38,35,7,16,57,5869,3535,2334,424,1691,4178,7.78701849037315,8.186243281471,7.18236568980291,7.17818396226415,7.78865813128326,7.78635486357109,107
"108",2010,6,7.62213114754098,61,8.09558823529412,7.02592592592593,6.94285714285714,7.63333333333333,7.61938775510204,34,27,7,12,49,5930,3569,2361,431,1703,4227,7.78532234738617,8.18537965816755,7.18057667090216,7.17436194895592,7.78756365237815,7.78441935651762,108
"109",2010,7,7.58461538461538,52,8.17777777777778,6.944,7.06666666666667,7.575,7.58636363636364,27,25,9,8,44,5982,3596,2386,440,1711,4271,7.78357765295888,8.18532258064516,7.17809787091366,7.17215909090909,7.78656978375219,7.78237897916179,109
"110",2010,8,7.30514705882353,68,8.03,6.73289473684211,7.83333333333333,7.225,7.31583333333333,30,38,3,8,60,6050,3626,2424,443,1719,4331,7.77820025123967,8.18403750689465,7.17111861386138,7.17663656884876,7.78395631180919,7.77591563611175,110
"111",2010,9,7.48544776119403,67,8.009,7.17380952380952,7.15,7.1575,7.54298245614035,25,42,10,10,57,6117,3651,2466,453,1729,4388,7.77499370933464,8.18283894823336,7.17116444444444,7.17604856512141,7.78033308270677,7.77288984047402,111
"112",2010,10,7.35493827160494,81,7.76216216216216,7.0125,6.67,7.61428571428571,7.30074626865672,37,44,10,14,67,6198,3688,2510,463,1743,4455,7.76950411745725,8.17861849240781,7.16838307569721,7.16511879049676,7.77899936890419,7.76578914029181,112
"113",2010,11,7.46413461538462,104,7.93176470588235,7.01415094339623,6.42857142857143,7.21739130434783,7.5341975308642,51,53,7,23,81,6302,3739,2563,470,1766,4536,7.76446469692161,8.17525140411874,7.16519372610222,7.15414893617021,7.77168510758777,7.76165357583774,113
"114",2010,12,7.69715447154472,123,7.95833333333333,7.39473684210526,6.72727272727273,8.16363636363636,7.59554455445545,66,57,11,22,101,6425,3805,2620,481,1788,4637,7.76317611206226,8.1714888304862,7.17018760305343,7.14438669438669,7.77650777404922,7.75803550140177,114
"115",2011,1,7.59252336448598,107,7.80862068965517,7.33673469387755,7.6,7.36041666666667,7.65963855421687,58,49,10,24,83,6532,3863,2669,491,1812,4720,7.76038066748316,8.16604064198809,7.17324523042338,7.15366598778004,7.77099663355408,7.75630521610169,115
"116",2011,2,7.44288235294118,85,7.72208333333333,7.23775510204082,5.95833333333333,7.82975,7.32384615384615,36,49,6,20,65,6617,3899,2718,497,1832,4785,7.7563021792353,8.16194152346755,7.17440821192053,7.13923541247485,7.77163804585153,7.7504306415883,116
"117",2011,3,7.58837604395604,91,8.40315789473684,7.00419283018868,6.375,7.23444444444444,7.67564684931507,38,53,8,18,73,6708,3937,2771,505,1850,4858,7.75402411150865,8.16426974853949,7.17115255864309,7.12712871287129,7.76641129729729,7.74930688349115,117
"118",2011,4,7.50053191489362,94,7.925,7.09375,7.15384615384615,8.13636363636364,7.41626506024096,46,48,13,11,83,6802,3983,2819,518,1861,4941,7.75052098500441,8.16150640220939,7.16983460092231,7.12779922779923,7.7685980118216,7.74371237401336,118
"119",2011,5,7.68684210526316,76,8.33421052631579,7.03947368421053,6,7.90625,7.66102941176471,38,38,4,8,68,6878,4021,2857,522,1869,5009,7.74981735097412,8.16313852275553,7.1681007140357,7.1191570881226,7.76918721241305,7.7425899061689,119
"120",2011,6,7.56923076923077,65,7.80740740740741,7.4,7.1,7.94444444444444,7.50892857142857,27,38,10,9,56,6943,4048,2895,532,1878,5065,7.74812670891546,8.16076581027668,7.17114464248704,7.1187969924812,7.77002710330138,7.74000648371175,120
"121",2011,7,7.57651515151515,66,8.084,7.26707317073171,7.35,7.96538461538462,7.4811320754717,25,41,13,13,53,7009,4073,2936,545,1891,5118,7.74651073476958,8.16029462312791,7.17248424386921,7.1243119266055,7.77137012162876,7.73732568190699,121
"122",2011,8,7.52746478873239,71,8.28030303030303,6.87368421052632,6.75,7.78823529411765,7.44537037037037,33,38,8,17,54,7080,4106,2974,553,1908,5172,7.74431408757062,8.16125913297613,7.16866635507733,7.11889692585895,7.77152038784067,7.73427742459397,122
"123",2011,9,7.44705882352941,68,7.86486486486486,6.94838709677419,7.16666666666667,7.42142857142857,7.4537037037037,37,31,9,14,54,7148,4143,3005,562,1922,5226,7.74148625349748,8.15861211682356,7.1663939234609,7.11966192170819,7.76897029136316,7.73137827018752,123
"124",2011,10,7.60731707317073,82,7.94146341463415,7.27317073170732,7.41,7.89473684210526,7.52063492063492,41,41,10,19,63,7230,4184,3046,572,1941,5289,7.7399645560166,8.15648422562141,7.1678311687459,7.12473776223776,7.77020139103555,7.72886799773114,124
"125",2011,11,7.63939393939394,99,8.16470588235294,7.08125,6.93,7.825,7.58,51,48,10,24,75,7329,4235,3094,582,1965,5364,7.7386060499386,8.15658323494687,7.16648795733678,7.12139175257732,7.7708706870229,7.72678651006711,125
"126",2011,12,7.4468085106383,94,7.8622641509434,6.90975609756098,6.3,7.64583333333333,7.37857142857143,53,41,10,24,70,7423,4288,3135,592,1989,5434,7.73491091741884,8.15294542910448,7.16313037958533,7.10751689189189,7.7693619406737,7.72230085388296,126
"127",2012,1,7.44387755102041,98,7.99148936170213,6.93921568627451,6.8125,7.15789473684211,7.5126582278481,47,51,8,19,79,7521,4335,3186,600,2008,5513,7.73111869964101,8.15119492502883,7.15954605775267,7.10358333333333,7.76357614541832,7.71929672410666,127
"128",2012,2,7.43333333333333,87,7.54186046511628,7.32727272727273,6.8,6.66363636363636,7.54473684210526,43,44,10,11,76,7608,4378,3230,610,2019,5589,7.72771342534175,8.14521014161717,7.16183087925697,7.09860655737705,7.75758340762753,7.71692303453212,128
"129",2012,3,7.73581081081081,74,8.1175,7.28676470588235,7.25625,8.5,7.5575,40,34,8,14,60,7682,4418,3264,618,2033,5649,7.72779142671179,8.14495925758261,7.16313227328431,7.10064724919094,7.76269596655189,7.71522974685785,129
"130",2012,4,7.64754098360656,61,7.9741935483871,7.31,7.4,7.975,7.56734693877551,31,30,15,12,49,7743,4449,3294,633,2045,5698,7.7271592070257,8.14376938637896,7.1644698664238,7.10774091627172,7.7639417603912,7.71395802737803,130
"131",2012,5,7.54240506329114,79,7.91744186046512,7.09444444444444,7.44444444444444,7.52222222222222,7.5483606557377,43,36,9,18,61,7822,4492,3330,642,2063,5759,7.72529324213756,8.14160284951024,7.16371283483483,7.11246105919003,7.76183271934076,7.71220400069457,131
"132",2012,6,7.756,50,7.87241379310345,7.59523809523809,7.5,8.3125,7.65,29,21,4,8,42,7872,4521,3351,646,2071,5801,7.72548827997968,8.13987613359876,7.16641711131006,7.11486068111455,7.76395987445678,7.71175363558007,132
"133",2012,7,7.61861111111111,72,8.10368421052632,7.07647058823529,7.25,7.5,7.64982456140351,38,34,14,15,57,7944,4559,3385,660,2086,5858,7.72451960473313,8.1395744680851,7.16551366026588,7.11772727272727,7.76206179290508,7.7111510481393,133
"134",2012,8,7.32642857142857,70,7.88,6.91125,6.88571428571429,7.91666666666667,7.20431034482759,30,40,14,12,58,8014,4589,3425,674,2098,5916,7.72104239331171,8.13787753323164,7.16254415766423,7.11290801186944,7.76294609151573,7.70618202163624,134
"135",2012,9,7.29298245614035,57,7.83478260869565,6.92647058823529,6.85714285714286,6.96923076923077,7.38863636363636,23,34,7,13,44,8071,4612,3459,681,2111,5960,7.71801929624582,8.1363660017346,7.16022368892744,7.11027900146843,7.75805821885362,7.70383772483222,135
"136",2012,10,7.56438356164384,73,7.9,7.15757575757576,7.22,7.71428571428571,7.52881355932203,40,33,10,14,59,8144,4652,3492,691,2125,6019,7.7166421586444,8.13433361994841,7.16019866552119,7.11186685962373,7.75776983529411,7.70212208672537,136
"137",2012,11,7.49740740740741,81,7.73863636363636,7.21054054054054,7.11111111111111,8.08764705882353,7.340625,44,37,9,17,64,8225,4696,3529,700,2142,6083,7.71448312948328,8.13062606473594,7.16072647775574,7.11185714285714,7.76038790849673,7.69831873088936,137
"138",2012,12,7.35875,80,7.75111111111111,6.85428571428571,6.27272727272727,7.35,7.36,45,35,11,10,70,8305,4741,3564,711,2152,6153,7.71105644069837,8.12702383463404,7.15771709876543,7.09887482419128,7.75848090148699,7.69446982610109,138
"139",2013,1,7.44845360824742,97,7.82142857142857,6.9390243902439,6.86666666666667,7.45,7.44802631578947,56,41,9,21,76,8402,4797,3605,720,2173,6229,7.70802472506546,8.12345632687096,7.15522988626907,7.09597222222222,7.75549972388403,7.69146296997913,139
"140",2013,2,7.28157894736842,95,7.78589743589744,6.93035714285714,6.54,7.46818181818182,7.22534246575342,39,56,20,22,73,8497,4836,3661,740,2195,6302,7.70325688360598,8.12073407775021,7.15179015023218,7.08094594594595,7.75262,7.6860636052047,140
"141",2013,3,7.53853333333333,75,8.21666666666667,6.9125641025641,6.99333333333333,7.03764705882353,7.68534482758621,36,39,9,17,58,8572,4872,3700,749,2212,6360,7.70181564862343,8.12144293924466,7.14926857837838,7.07989319092123,7.74712518083182,7.68605705031447,141
"142",2013,4,7.42524590163934,61,7.70612903225806,7.135,6.975,6.9375,7.4988679245283,31,30,10,8,53,8633,4903,3730,759,2220,6413,7.69986143171551,8.11881705078523,7.14915381769437,7.07851119894598,7.74420761261261,7.68451003274598,142
"143",2013,5,7.45363636363636,55,7.95434782608696,7.09375,7.38888888888889,6.82692307692308,7.64761904761905,23,32,9,13,42,8688,4926,3762,768,2233,6455,7.69830268646409,8.11804912708079,7.14868254651781,7.0821484375,7.73886739811912,7.68426999845081,143
"144",2013,6,7.63507462686567,67,7.77205882352941,7.49393939393939,8.14,7.46428571428571,7.68018867924528,34,33,5,14,53,8755,4960,3795,773,2247,6508,7.69781881667619,8.11567741935484,7.15168477997365,7.08899094437257,7.73715660881175,7.68423676090965,144
"145",2013,7,7.21038961038961,77,7.775,6.76395348837209,5.96153846153846,7.51944444444444,7.11610169491525,34,43,13,18,59,8832,4994,3838,786,2265,6567,7.69356926403986,8.11335802963556,7.14734073475769,7.07034351145038,7.73542644591611,7.6791324562205,145
"146",2013,8,7.4921052631579,57,7.64333333333333,7.32407407407407,7.33333333333333,7.1875,7.54183673469388,30,27,9,8,49,8889,5024,3865,795,2273,6616,7.6922773922826,8.11055135350318,7.14857535316947,7.07332075471698,7.73349797624285,7.67811560459492,146
"147",2013,9,7.05724637681159,69,7.6030303030303,6.55694444444444,6.4625,7.07692307692308,7.05267857142857,33,36,8,13,56,8958,5057,3901,803,2286,6672,7.68738599464166,8.10723947004152,7.14311554473212,7.06723536737235,7.72976417322834,7.67286613309353,147
"148",2013,10,7.25890410958904,73,7.6,6.9775,6.7,7.3,7.25238095238095,33,40,15,10,63,9031,5090,3941,818,2296,6735,7.68392246041413,8.10395088408644,7.14143459528038,7.06050122249389,7.72789237804878,7.66893286414254,148
"149",2013,11,7.30588235294118,102,7.74418604651163,6.9864406779661,7,7.31052631578947,7.30481927710843,43,59,12,19,83,9133,5133,4000,830,2315,6818,7.67970039855469,8.10093707383596,7.139148435,7.0596265060241,7.72446691144708,7.66450026987386,149
"150",2013,12,7.48827160493827,81,8.0025,6.98658536585366,7.25,7.89285714285714,7.40373134328358,40,41,10,14,67,9214,5173,4041,840,2329,6885,7.6780175537226,8.10017591339648,7.13760052957189,7.06189285714286,7.72547913267497,7.66196264923747,150
"151",2014,1,7.31296610169492,118,7.68912280701754,6.96147540983607,6.78333333333333,7.42,7.29112244897959,57,61,12,20,98,9332,5230,4102,852,2349,6983,7.67340160094299,8.09569598470363,7.13498140906875,7.05796948356807,7.72287820349085,7.6567582471717,151
"152",2014,2,7.37424242424242,66,7.63548387096774,7.14285714285714,7.28571428571429,7.44285714285714,7.35576923076923,31,35,7,14,52,9398,5261,4137,859,2363,7035,7.67130067461162,8.09298422353165,7.13504803964225,7.05982537834691,7.72121917054591,7.65453345273632,152
"153",2014,3,7.38720930232558,86,7.67045454545455,7.09047619047619,6.82727272727273,7.32777777777778,7.40294117647059,44,42,11,18,68,9484,5305,4179,870,2381,7103,7.66872456136651,8.08947973609802,7.13460008135918,7.05688505747126,7.71824481310374,7.65212485428692,153
"154",2014,4,7.42688235294118,68,7.7171875,7.16883333333333,7.16666666666667,7.1,7.47046666666667,32,36,9,8,60,9552,5337,4215,879,2389,7163,7.66700290410385,8.08724751733183,7.13489246500593,7.05800910125142,7.71617450816241,7.65060321652939,154
"155",2014,5,7.50327868852459,61,7.85,7.24571428571429,6.975,7.075,7.60816326530612,26,35,14,12,49,9613,5363,4250,893,2401,7212,7.66596398002705,8.08609733358195,7.13580511529412,7.05670772676372,7.71296997084548,7.65031486966168,155
"156",2014,6,6.83269230769231,52,7.73888888888889,6.35294117647059,6.21428571428571,5.54545454545455,7.1780487804878,18,34,7,11,41,9665,5381,4284,900,2412,7253,7.66148078013451,8.08493588552313,7.12959190943044,7.05015555555555,7.70308495024876,7.64764522818144,156
"157",2014,7,7.47454545454545,55,7.95833333333333,7.1,7.5625,7.8,7.43469387755102,24,31,8,6,49,9720,5405,4315,908,2418,7302,7.66042301851852,8.0843737280296,7.12937931402086,7.05466960352423,7.70332543424318,7.64621622021364,157
"158",2014,8,7.20983606557377,61,7.59848484848485,6.75178571428571,6.4,7.3125,7.18469387755102,33,28,5,12,49,9781,5438,4343,913,2430,7351,7.65761289643186,8.08142515630746,7.12694490904904,7.0510843373494,7.70139543209876,7.64313982315332,158
"159",2014,9,7.075,56,7.63571428571429,6.51428571428571,7,6.83333333333333,7.16341463414634,28,28,9,15,41,9837,5466,4371,922,2445,7392,7.65429620209413,8.07914196853275,7.12302030199039,7.05058568329718,7.69606989775051,7.64047900974026,159
"160",2014,10,7.44848484848485,66,7.85645161290323,7.08714285714286,6.84,7.90833333333333,7.3462962962963,31,35,10,12,54,9903,5497,4406,932,2457,7446,7.65292454205796,8.07788611970165,7.1227353018611,7.04832618025751,7.69710659340659,7.63834553317218,160
"161",2014,11,7.17205128205128,78,7.58974358974359,6.75435897435897,6.78571428571429,7.67857142857143,7.06125,39,39,7,14,64,9981,5536,4445,939,2471,7510,7.64916659052199,8.07444725433526,7.11950320359955,7.0463684771033,7.69700157830838,7.63342754194408,161
"162",2014,12,7.64347826086957,69,7.92647058823529,7.36857142857143,7.75833333333333,7.96428571428571,7.56181818181818,34,35,12,14,55,10050,5570,4480,951,2485,7565,7.64912753631841,8.07354398563734,7.12144904910714,7.05535226077813,7.69850740442656,7.63290691870456,162
"163",2015,1,7.24139784946237,93,7.57391304347826,6.91595744680851,6.8,7.81333333333333,7.13141025641026,46,47,12,15,78,10143,5616,4527,963,2500,7643,7.64538910973085,8.06945156695156,7.11931560415286,7.05217030114226,7.69919636,7.62778893628157,163
"164",2015,2,7.17584269662921,89,7.72272727272727,6.64111111111111,6.20769230769231,7.51315789473684,7.08428571428571,44,45,13,19,70,10232,5660,4572,976,2519,7713,7.64130490031274,8.06675618374558,7.11460886701662,7.04092213114754,7.69779313219532,7.62285632568391,164
"165",2015,3,7.32206349206349,63,7.45725,7.08695652173913,7,7.795,7.23283018867925,40,23,3,10,53,10295,5700,4595,979,2529,7766,7.63935131034483,8.06247894736842,7.11447045484222,7.04079673135853,7.69817750098853,7.62019454545455,165
"166",2015,4,6.88846153846154,52,7.428,6.38888888888889,6.42857142857143,6.5,6.93913043478261,25,27,7,6,46,10347,5725,4622,986,2535,7812,7.63557763023098,8.05970829694323,7.1102318779749,7.03645030425963,7.69534157790927,7.61618418330773,166
"167",2015,5,6.99186440677966,59,7.735,6.40636363636364,6.4425,7.77214285714286,6.74911111111111,26,33,12,14,45,10406,5751,4655,998,2549,7857,7.63192790121084,8.05824030603373,7.10524204940924,7.02930861723447,7.69576339741075,7.61121812905689,167
"168",2015,6,7.26916666666667,60,8.00379310344828,6.58193548387097,6.79333333333333,7.89615384615385,7.09574468085106,29,31,15,13,47,10466,5780,4686,1013,2562,7904,7.62984824574814,8.05796712802768,7.10178014084507,7.02581441263573,7.69678021077284,7.6081529402834,168
"169",2015,7,7.31484375,64,7.68243243243243,6.81111111111111,7.2,7.25,7.33137254901961,37,27,5,13,51,10530,5817,4713,1018,2575,7955,7.62793368850902,8.05557847687811,7.10011494589434,7.0266699410609,7.69452462135922,7.60637848397235,169
"170",2015,8,7.5046875,64,8.33225806451613,6.72727272727273,6.625,8.40909090909091,7.31698113207547,31,33,12,11,53,10594,5848,4746,1030,2586,8008,7.62718913913536,8.05704514363885,7.09752249051833,7.02199029126214,7.69756415313225,7.60446314185814,170
"171",2015,9,7.36,60,7.75172413793103,6.99354838709677,7.61818181818182,7.38888888888889,7.35490196078431,29,31,11,9,51,10654,5877,4777,1041,2595,8059,7.62568441336587,8.05553854007146,7.09684775800712,7.02829010566763,7.69649360308285,7.60288383670431,171
"172",2015,10,7.52452830188679,53,7.67142857142857,7.36,6.5,7.83375,7.46955555555556,28,25,4,8,45,10707,5905,4802,1045,2603,8104,7.62518368730737,8.05371718882303,7.09821777176177,7.02626794258373,7.69691544371879,7.60214348963475,172
"173",2015,11,7.13233766233766,77,7.89038461538462,6.74588235294118,6.49916666666667,6.1,7.28641791044776,26,51,12,10,67,10784,5931,4853,1057,2613,8171,7.62166466431751,8.05300118023942,7.09451509169586,7.02028382213813,7.69080401836969,7.59955462489292,173
"174",2015,12,7.25315789473684,95,7.85,6.87241379310345,6.395,6.75238095238095,7.39527027027027,37,58,20,21,74,10879,5968,4911,1077,2634,8245,7.61844670833716,8.05174262734584,7.09189202606394,7.00867223769731,7.68332228549734,7.59772114493633,174
"175",2016,1,7.11164835164835,91,7.81688888888889,6.42173913043478,5.57,6.875,7.14759493670886,45,46,10,12,79,10970,6013,4957,1087,2646,8324,7.61424263810392,8.04998503242973,7.08567313697801,6.9954369825207,7.67965642479214,7.59344916386353,175
"176",2016,2,7.21370967741935,62,7.71153846153846,6.85416666666667,6.925,7.16666666666667,7.21875,26,36,10,6,56,11032,6039,4993,1097,2652,8380,7.61199163705584,8.04852790197052,7.08400395353495,6.99479489516864,7.67849581447964,7.59094520763723,176
"177",2016,3,7.46016949152542,59,8.21034482758621,6.735,7.48333333333333,8,7.3875,29,30,6,7,52,11091,6068,5023,1103,2659,8432,7.61118399963935,8.04930125247198,7.08191951821621,6.99745240253853,7.6793421963144,7.58969056451613,177
"178",2016,4,7.39179104477612,67,7.88205128205128,6.70892857142857,6.96666666666667,7.03888888888889,7.44655172413793,39,28,12,9,58,11158,6107,5051,1115,2668,8490,7.60986661946585,8.04823317504503,7.07985185903782,6.99712107623318,7.67718174662669,7.58871270200236,178
"179",2016,5,7.33207547169811,53,7.58666666666667,7,6.5,8,7.2468085106383,30,23,6,6,47,11211,6137,5074,1121,2674,8537,7.60855336187673,8.04597686165878,7.07948989751675,6.99446030330062,7.67790609573672,7.58683036663934,179
"180",2016,6,7.40545454545455,55,8.01212121212121,6.49545454545455,7.85,7.51111111111111,7.38478260869565,33,22,4,9,46,11266,6170,5096,1125,2683,8583,7.60756184448784,8.04579578606158,7.07696855180534,6.99750222222222,7.67734658963846,7.5857475055342,180
"181",2016,7,7.38627450980392,51,8.025,6.9741935483871,7.025,7.85714285714286,7.31136363636364,20,31,8,7,44,11317,6190,5127,1133,2690,8627,7.60656461429708,8.04572859450726,7.07634713087576,6.99769638128861,7.67781446096654,7.58434807464936,181
"182",2016,8,7.38450704225352,71,7.74848484848485,7.06842105263158,7.34166666666667,7.25,7.4015873015873,33,38,12,8,63,11388,6223,5165,1145,2698,8690,7.60518016684229,8.04415233810059,7.07628881703776,7.00130131004367,7.67654592290586,7.58302311162256,182
"183",2016,9,7.14237288135593,59,7.54230769230769,6.82727272727273,6.67857142857143,7.06,7.15,26,33,7,5,54,11447,6249,5198,1152,2703,8744,7.60279477068227,8.04206433029284,7.07470791458253,6.99934027777778,7.67540543840177,7.58034890667887,183
"184",2016,10,7.35075757575758,66,7.74677419354839,7,7.33333333333333,7.35,7.35086206896552,31,35,12,8,58,11513,6280,5233,1164,2711,8802,7.60134992964475,8.04060668789808,7.07420824383719,7.00278350515464,7.67444518627812,7.57883672347194,184
"185",2016,11,7.20735294117647,68,7.76363636363636,6.68285714285714,6.26363636363636,6.85,7.26896551724138,33,35,11,10,58,11581,6313,5268,1175,2721,8860,7.59903650289267,8.03915887850467,7.07160815110099,6.99586382978723,7.67141525174568,7.57680822121897,185
"186",2016,12,7.06818181818182,66,7.73541666666667,6.68690476190476,6.71428571428571,6.6,7.15178571428571,24,42,7,10,56,11647,6337,5310,1182,2731,8916,7.59602831115309,8.03800852138235,7.06856529943503,6.99419627749577,7.66749209080923,7.57413872139974,186
"187",2017,1,7.42376404494382,89,8.1096511627907,6.78260869565217,7.02857142857143,7.67147058823529,7.36527777777778,43,46,7,17,72,11736,6380,5356,1189,2748,8988,7.59472194444444,8.03849137931034,7.06610936146378,6.99439865433137,7.66751670305677,7.57246560302626,187
"188",2017,2,7.32492063492063,63,7.94379310344828,6.79705882352941,6.14285714285714,7.31916666666667,7.32627450980392,29,34,7,12,51,11799,6409,5390,1196,2760,9039,7.59328135774218,8.03806288032454,7.06441219666048,6.98941471571906,7.66600213768116,7.57107653944021,188
"189",2017,3,7.21012345679012,81,7.72925,6.70365853658537,6.4875,8.185,7.07281690140845,40,41,12,10,71,11880,6449,5431,1208,2770,9110,7.59066891750842,8.03614746472321,7.06168877554778,6.98442880794702,7.66787577617328,7.56719328649836,189
"190",2017,4,7.035,50,7.93260869565217,6.27037037037037,6.41666666666667,8.06666666666667,6.96914893617021,23,27,6,3,47,11930,6472,5458,1214,2773,9157,7.58834004526404,8.03577951174289,7.05777422865519,6.98162273476112,7.66830721240534,7.56412371300645,190
"191",2017,5,7.17753968253968,63,7.63568965517241,6.78676470588235,6.79545454545455,6.84615384615385,7.2637,29,34,11,13,50,11993,6501,5492,1225,2786,9207,7.58618208454932,8.03399477003537,7.05609645666424,6.97995102040816,7.66447089016511,7.56249221679158,191
"192",2017,6,7.17727272727273,55,7.724,6.72166666666667,6.525,6.8,7.26111111111111,25,30,4,10,45,12048,6526,5522,1229,2796,9252,7.58431538346613,8.03280723260802,7.05427956175299,6.97847030105777,7.66137907725322,7.56102635538262,192
"193",2017,7,7.13524590163934,61,7.94,6.57638888888889,7.25,7.75,7.06818181818182,25,36,9,6,55,12109,6551,5558,1238,2802,9307,7.58205316211083,8.03245306060143,7.05118419215545,6.98044426494346,7.66156884368308,7.55811387557753,193
"194",2017,8,7.16590909090909,88,7.67894736842105,6.776,6.57857142857143,6.84,7.23287671232877,38,50,14,15,73,12197,6589,5608,1252,2817,9380,7.57905072886775,8.03041432690848,7.0487306954351,6.97595047923323,7.657194142705,7.55558271215352,194
"195",2017,9,7.47363636363636,55,8.07758620689655,6.8,7,6.78571428571429,7.57395833333333,29,26,8,7,48,12252,6618,5634,1260,2824,9428,7.57857751714006,8.03062103354487,7.04758284345048,6.97610317460318,7.65503395892351,7.5556762664404,195
"196",2017,10,7.22131147540984,61,7.75,6.96341463414634,6.55555555555556,7.41666666666667,7.2,20,41,9,6,55,12313,6638,5675,1269,2830,9483,7.57680758060586,8.02977553479963,7.04697475594714,6.97312056737589,7.65452858657244,7.55361339660445,196
"197",2017,11,6.75892857142857,70,7.63189655172414,6.14146341463415,6.34285714285714,7.34285714285714,6.61294642857143,29,41,14,14,56,12383,6667,5716,1283,2844,9539,7.57218418315432,8.02804484775761,7.04047966060182,6.96624318004677,7.65299433895921,7.54809108292274,197
"198",2017,12,7.51274509803922,51,7.82,7.21730769230769,7.38888888888889,7.85714285714286,7.45795454545455,25,26,9,7,44,12434,6692,5742,1292,2851,9583,7.57194038442979,8.02726763299462,7.04128034482759,6.96918730650155,7.65349558049807,7.54767722425128,198
"199",2018,1,7.13046875,64,7.75333333333333,6.58088235294118,6.5,7.575,7.02788461538462,30,34,8,12,52,12498,6722,5776,1300,2863,9635,7.56967968795007,8.02604507587027,7.03857024584488,6.9663,7.65316657352427,7.54487190866632,199
"200",2018,2,7.26407407407407,54,7.72,6.87103448275862,6.78571428571429,7.4125,7.23826086956522,25,29,7,8,46,12552,6747,5805,1307,2871,9681,7.56836494104525,8.02491107158737,7.03773328854436,6.96533282325937,7.65249595959596,7.5434150232414,200
"201",2018,3,7.37255223880597,67,8,7.0223488372093,6.6875,6.98392307692308,7.46611111111111,24,43,8,13,54,12619,6771,5848,1315,2884,9735,7.5673252825105,8.02482277359326,7.03762016757866,6.96364258555133,7.6494822815534,7.54298621879815,201
"202",2018,4,7.28181818181818,55,8.076,6.62,6.68181818181818,8.68333333333333,7.11020408163265,25,30,11,6,49,12674,6796,5878,1326,2890,9784,7.56608629793278,8.02501103590347,7.03548872745832,6.96130467571644,7.65162868512111,7.54081876941946,202
"203",2018,5,6.978125,64,7.76818181818182,6.56428571428571,6.56666666666667,7.31,6.91666666666667,22,42,6,10,54,12738,6818,5920,1332,2900,9838,7.56313218244622,8.0241823115283,7.03214573310811,6.95952702702703,7.65045065517241,7.53739284813987,203
"204",2018,6,7.21042553191489,47,7.961875,6.82258064516129,7.07142857142857,7.0625,7.24076923076923,16,31,7,8,39,12785,6834,5951,1339,2908,9877,7.56183556824404,8.02403643546971,7.03105406486305,6.96011202389843,7.64883318431912,7.53622160980055,204
"205",2018,7,7.42053571428571,42,8.09836956521739,6.6,5.4,7.25,7.44895833333333,23,19,5,6,36,12827,6857,5970,1344,2914,9913,7.56137290403056,8.02428576637013,7.02968220100503,6.95430803571429,7.64801197666438,7.53590470493292,205
"206",2018,8,7.37368421052632,57,7.80344827586207,6.92857142857143,7.15,7.52857142857143,7.32325581395349,29,28,10,14,43,12884,6886,5998,1354,2928,9956,7.56054255200248,8.02335572175428,7.0292101933978,6.95575332348597,7.64744088114754,7.53498627360386,206
"207",2018,9,7.11914893617021,47,7.55925925925926,6.525,5.83333333333333,7.77272727272727,6.91944444444444,27,20,6,11,36,12931,6913,6018,1360,2939,9992,7.55893822906194,8.02154310718935,7.02753451977402,6.95080147058824,7.64790979925144,7.53276854883908,207
"208",2018,10,7.26052631578947,38,7.316,7.15384615384615,7.33333333333333,7.65,7.1875,25,13,3,6,32,12969,6938,6031,1363,2945,10024,7.55806386305806,8.01900079273565,7.02780678826066,6.95164343360235,7.64791405772496,7.53166633479649,208
"209",2018,11,7.45714285714286,42,7.85714285714286,6.65714285714286,5.94,7.94444444444444,7.32424242424242,28,14,5,9,33,13011,6966,6045,1368,2954,10057,7.55773808623472,8.01835020097616,7.02694834408602,6.94794590643275,7.64881750169262,7.5309857154221,209
"210",2018,12,7.17294117647059,51,7.788,6.58153846153846,6.1425,6.66111111111111,7.28261904761905,25,26,4,9,42,13062,6991,6071,1372,2963,10099,7.55623566375747,8.01752646259476,7.0250408071158,6.94559766763848,7.64581738103274,7.52995280126745,210
"211",2019,1,7.14666666666667,66,7.44375,6.86705882352941,6.9625,7,7.17285714285714,32,34,8,10,56,13128,7023,6105,1380,2973,10155,7.55417658744668,8.01491207461198,7.02416097297298,6.94569565217391,7.64364510595358,7.52798358838011,211
"212",2019,2,7.31224489795918,49,7.952,6.64583333333333,6.8,6.725,7.42682926829268,25,24,5,8,41,13177,7048,6129,1385,2981,10196,7.55327694012294,8.01468891884222,7.02267951378692,6.94516967509025,7.64117977188863,7.52757682816791,212
"213",2019,3,7.22981818181818,55,7.77548387096774,6.525,6.61,7.40833333333333,7.18,31,24,10,12,43,13232,7079,6153,1395,2993,10239,7.55193245465538,8.01364140415312,7.02073829676581,6.94276702508961,7.64024620781824,7.52611713448579,213
"214",2019,4,6.93793103448276,29,7.77857142857143,6.15333333333333,7.26,6.25,7.2,14,15,5,8,21,13261,7093,6168,1400,3001,10260,7.5505897172159,8.01317742845058,7.01862884889754,6.9439,7.63654011996001,7.52544964327486,214
"215",2019,5,7.21480769230769,52,7.6248,6.83518518518519,6.8,7.5,7.17044444444444,25,27,5,7,45,13313,7118,6195,1405,3008,10305,7.54927816720499,8.01181336049451,7.01782933656175,6.94338790035587,7.63622237367021,7.52389940223193,215
"216",2019,6,7.69305555555556,36,7.92826086956522,7.27692307692308,6.25,8.48125,7.46785714285714,23,13,2,8,28,13349,7141,6208,1407,3016,10333,7.5496659105551,8.01154425150538,7.01837189755155,6.94240227434257,7.63846382625995,7.52374754088842,216
"217",2019,7,7.20869565217391,46,7.825,6.73461538461538,7.44444444444444,6.83333333333333,7.265,20,26,9,6,40,13395,7161,6234,1416,3022,10373,7.5484949787234,8.0110232509426,7.01718844080847,6.94559322033898,7.63686528788882,7.52274976766606,217
"218",2019,8,7.29162790697674,43,7.672,6.76333333333333,7.34666666666667,6.8,7.35631578947368,25,18,3,5,38,13438,7186,6252,1419,3027,10411,7.54767303467778,8.00984379348733,7.01645757197697,6.94644115574348,7.63548295341923,7.52214228604361,218
"219",2019,9,7.02021276595745,47,7.71052631578947,6.55178571428571,6.75555555555556,6.93333333333333,7.04078947368421,19,28,9,9,38,13485,7205,6280,1428,3036,10449,7.54583464886911,8.00905447605828,7.01438578662421,6.9452380952381,7.63340148221344,7.52039174466456,219
"220",2019,10,7.70512820512821,39,7.75769230769231,7.6,6.85,7.46666666666667,7.77666666666667,26,13,2,9,30,13524,7231,6293,1430,3045,10479,7.54629401360544,8.00815067072326,7.01559554107739,6.9451048951049,7.63290866995074,7.52112542609028,220
"221",2019,11,7.4271186440678,59,7.77096774193548,7.04642857142857,6.71428571428571,7.06666666666667,7.492,31,28,7,9,50,13583,7262,6321,1437,3054,10529,7.54577635573879,8.00713818507297,7.01573212149977,6.94398051496173,7.63123998035363,7.52098711558553,221
"222",2019,12,7.266,50,7.26875,7.26470588235294,7.1,7.55555555555556,7.20243902439024,16,34,10,9,41,13633,7278,6355,1447,3063,10570,7.54475025599648,8.00551490794173,7.01706416050355,6.94505874222529,7.631017597127,7.51975149858089,222
"223",2020,1,7.1328947368421,76,7.51666666666667,6.7875,6.925,6.94545454545455,7.16461538461538,36,40,8,11,65,13709,7314,6395,1455,3074,10635,7.54246700999343,8.00310876401421,7.01562826270524,6.94494845360825,7.62856437865973,7.51758094405266,223
"224",2020,2,7.11839285714286,56,7.6751724137931,6.52037037037037,6.21428571428571,6.76666666666667,7.21431818181818,29,27,7,12,44,13765,7343,6422,1462,3086,10679,7.54074175372321,8.0018136320305,7.01354605107444,6.94145006839945,7.62521286454958,7.51633142990917,224
"225",2020,3,7.19878048780488,41,7.215,7.18333333333333,7,7.28333333333333,7.18428571428571,20,21,3,6,35,13806,7363,6443,1465,3092,10714,7.53972622338114,7.9996764226538,7.01409944746237,6.94156996587031,7.62454945019405,7.51524671831249,225
"226",2020,4,7.41206896551724,29,7.9625,6.73461538461538,7.375,6.96666666666667,7.46346153846154,16,13,4,3,26,13835,7379,6456,1469,3095,10740,7.53945863679075,7.9995958124407,7.01353666976456,6.9427501701838,7.62391176090469,7.51512135381751,226
"227",2020,5,7.13392857142857,28,7.71153846153846,6.63333333333333,6.4,6.95833333333333,7.18181818181818,13,15,5,6,22,13863,7392,6471,1474,3101,10762,7.53863956142249,7.99908921807358,7.01265534538712,6.94090909090909,7.6226239600129,7.51444000557518,227
"228",2020,6,7.11764705882353,34,7.33333333333333,6.94736842105263,6.58333333333333,7.66666666666667,7.06451612903226,15,19,6,3,31,13897,7407,6490,1480,3104,10793,7.5376095732892,7.99774098825435,7.01246421263483,6.93945945945946,7.62266652706186,7.5131477198184,228
"229",2020,7,7.44192307692308,26,7.81538461538462,7.06846153846154,7.63,7.29875,7.50555555555556,13,13,3,8,18,13923,7420,6503,1483,3112,10811,7.53743088702148,7.99742149595686,7.01257615562049,6.94085637221848,7.62183383676093,7.51313507908612,229
"230",2020,8,7.08243243243243,37,7.53478260869565,6.33928571428571,6.39285714285714,6.25,7.35,23,14,7,9,28,13960,7443,6517,1490,3121,10839,7.53622494555874,7.99599187155716,7.0111297744361,6.93828187919463,7.61787789170138,7.51271365808654,230
"231",2020,9,7.3948717948718,39,7.91904761904762,6.78333333333333,7.075,7.75714285714286,7.315625,21,18,8,7,32,13999,7464,6535,1498,3128,10871,7.53583114793914,7.99577538853161,7.01050233205815,6.93901201602136,7.61818954603581,7.51213350565726,231
"232",2020,10,7.43611111111111,36,7.93333333333333,6.93888888888889,6,7.55,7.421875,18,18,3,4,32,14035,7482,6553,1501,3132,10903,7.53557536444603,7.99562516706762,7.01030562185259,6.93713524317122,7.61810245849298,7.51186859946804,232
"233",2020,11,7.34,45,7.44137931034483,7.15625,6.375,6.33333333333333,7.41190476190476,29,16,4,3,42,14080,7511,6569,1505,3135,10945,7.53495030113636,7.99348522167487,7.01066109605724,6.93564119601329,7.61687301435407,7.51148500137049,233
"234",2020,12,7.41447368421053,38,7.6625,7.13888888888889,7.33333333333333,7.28571428571429,7.44354838709677,20,18,3,7,31,14118,7531,6587,1508,3142,10976,7.53462602634934,7.99260622759261,7.01101149840596,6.93643236074271,7.61613523233609,7.511293125,234
"235",2021,1,7.35853658536585,41,7.84583333333333,6.67058823529412,6,7.33333333333333,7.36285714285714,24,17,6,6,35,14159,7555,6604,1514,3148,11011,7.53411612684512,7.99213997352746,7.01013518170806,6.93272126816381,7.61559621982211,7.51082130051767,235
"236",2021,2,7.30882352941176,34,7.54736842105263,7.00666666666667,6.06,6.71428571428571,7.46296296296296,19,15,5,7,27,14193,7574,6619,1519,3155,11038,7.53357642781653,7.9910242276208,7.01012732134764,6.92984858459513,7.61359648177496,7.51070423446277,236
"237",2021,3,7.24594594594595,37,7.71052631578947,6.75555555555556,6.5,7.6,7.190625,19,18,4,5,32,14230,7593,6637,1523,3160,11070,7.53282854813774,7.99032233636243,7.00943690522827,6.92871963230466,7.61357496835443,7.5097789828365,237
"238",2021,4,6.98375,40,7.81190476190476,6.06842105263158,5.97142857142857,7.01666666666667,6.98108108108108,21,19,7,3,37,14270,7614,6656,1530,3163,11107,7.5312894351787,7.98983024691357,7.00675071213943,6.92433986928105,7.6130088207398,7.50801776717386,238
"239",2021,5,7.24705882352941,34,7.90714285714286,6.785,6.44444444444444,8.4,7.04827586206897,14,20,9,5,29,14304,7628,6676,1539,3168,11136,7.5306138310962,7.98967848715259,7.00608639005393,6.92153346328785,7.61425091540404,7.50682052262932,239
"240",2021,6,7.32361111111111,36,7.98333333333333,6.4,7,6.5,7.39848484848485,21,15,1,3,33,14340,7649,6691,1540,3171,11169,7.53009415899582,7.98966106680611,7.00472765505904,6.92158441558442,7.61319675181331,7.50650043334229,240
"241",2021,7,7.14285714285714,28,7.2,7.07692307692308,6.33333333333333,7.25,7.125,15,13,3,4,24,14368,7664,6704,1543,3175,11193,7.52933952115813,7.98811554018789,7.00486765214798,6.92044069993519,7.61273918110236,7.50568242115608,241
"242",2021,8,7.62222222222222,36,7.70869565217391,7.46923076923077,7.4,7.61,7.62692307692308,23,13,5,10,26,14404,7687,6717,1548,3185,11219,7.52957166342683,7.98727949785351,7.00576637486974,6.92198966408269,7.61273058084772,7.50596339602461,242
"243",2021,9,7.44102564102564,39,7.95555555555556,7,6.58333333333333,7.375,7.44857142857143,18,21,6,4,35,14443,7705,6738,1554,3189,11254,7.52933256525652,7.98720538611291,7.00574840308697,6.92068211068211,7.61243239259956,7.50578490669984,243
"244",2021,10,7.4,38,7.71875,7.16818181818182,6.56666666666667,8.33333333333333,7.32,16,22,3,3,35,14481,7721,6760,1557,3192,11289,7.528993180029,7.98664907395414,7.00627703254438,6.92,7.61310993107769,7.50520890601471,244
"245",2021,11,7.18275862068965,58,7.63461538461539,6.815625,6.87777777777778,7.11666666666667,7.2,26,32,9,12,46,14539,7747,6792,1566,3204,11335,7.52761195680583,7.98546760036142,7.00537878975265,6.91975734355045,7.61125059300874,7.50397029907367,245
"246",2021,12,7.3824,50,7.92272727272727,6.95785714285714,7.05,7.97428571428571,7.28604651162791,22,28,4,7,43,14589,7769,6820,1570,3211,11378,7.52711428062239,7.98528993435448,7.00518368621701,6.92008917197452,7.61204201183432,7.50314671647039,246
"247",2022,1,7.35431034482759,58,7.6796875,6.95384615384615,7,6.75,7.42403846153846,32,26,6,6,52,14647,7801,6846,1576,3217,11430,7.5264300020482,7.98403634149467,7.00498871457786,6.92039340101523,7.6104342244327,7.50278681889764,247
"248",2022,2,7.24047619047619,42,7.73181818181818,6.7,6.4,6.75,7.29210526315789,22,20,5,4,38,14689,7823,6866,1581,3221,11468,7.52561237933147,7.98332704844688,7.00410031168075,6.91874762808349,7.60936569388389,7.50208871119638,248
"249",2022,3,7.39674804878049,41,7.98855086956522,6.64055555555556,6.26666666666667,8.36714285714286,7.19696088235294,23,18,3,7,34,14730,7846,6884,1584,3228,11502,7.52525369382213,7.98334236171297,7.00314972980825,6.91751262626263,7.61100895291202,7.50118675099983,249
"250",2022,4,7.20975609756098,41,7.78518518518518,6.1,5.9,7.3625,7.17272727272727,27,14,5,8,33,14771,7873,6898,1589,3236,11535,7.52437796425428,7.9826627930903,7.00131672078864,6.91431088735053,7.610394592089,7.50024707498917,250
"251",2022,5,7.05285714285714,35,7.2725,6.76,6.8,6.85714285714286,7.10178571428571,20,15,5,7,28,14806,7893,6913,1594,3243,11563,7.5232633331082,7.98086331812998,7.00079310574281,6.91395232120452,7.6087687018193,7.49928219406729,251
"252",2022,6,7.090625,32,7.73571428571429,6.58888888888889,6,7.1875,7.05833333333333,14,18,4,8,24,14838,7907,6931,1598,3251,11587,7.52233029451409,7.98042926141393,6.99972337902179,6.91166458072591,7.60773205167641,7.49836886251834,252
"253",2022,7,7.44497619047619,42,8.04052941176471,7.04,7.25,7.66666666666667,7.42792307692308,17,25,6,3,39,14880,7924,6956,1604,3254,11626,7.5221119563172,7.98055819914184,6.99986813398505,6.91293017456359,7.60778638598648,7.49813254859797,253
"254",2022,8,7.14387755102041,49,7.76875,6.544,7.14285714285714,6.95,7.1875,24,25,7,9,40,14929,7948,6981,1611,3263,11666,7.52087051443499,7.9799186172622,6.99823560234924,6.91392923649907,7.60597208090714,7.49706746185497,254
