"","year","month","avg_rating","no_ratings","avg_rating_owned","avg_rating_not_owned","avg_rating_prev_owned","avg_rating_comment","avg_rating_no_comment","no_ratings_owned","no_ratings_not_owned","no_ratings_prev_owned","no_ratings_comment","no_ratings_no_comment","cum_no_ratings","cum_no_ratings_owned","cum_no_ratings_not_owned","cum_no_ratings_prev_owned","cum_no_ratings_comment","cum_no_ratings_no_comment","cum_avg_rating","cum_avg_rating_owned","cum_avg_rating_not_owned","cum_avg_rating_prev_owned","cum_avg_rating_comment","cum_avg_rating_no_comment","month_after_release"
"1",2009,10,8.05555555555556,9,8.25,7.66666666666667,NA,7.75,8.14285714285714,6,3,0,2,7,9,6,3,0,2,7,8.05555555555556,8.25,7.66666666666667,NA,7.75,8.14285714285714,0
"2",2009,11,7.2,15,7.75,6.83333333333333,8,6.83333333333333,7.44444444444444,6,9,3,6,9,24,12,12,3,8,16,7.52083333333333,8,7.04166666666667,8,7.0625,7.75,1
"3",2009,12,7.44782608695652,23,8.13333333333333,6.1625,5.5,6.85714285714286,7.70625,15,8,2,7,16,47,27,20,5,15,32,7.48510638297872,8.07407407407407,6.69,7,6.96666666666667,7.728125,2
"4",2010,1,7.41764705882353,34,7.86111111111111,6.91875,7.28333333333333,7.58571428571429,7.3,18,16,6,14,20,81,45,36,11,29,52,7.45679012345679,7.98888888888889,6.79166666666667,7.15454545454546,7.26551724137931,7.56346153846154,3
"5",2010,2,7.33695652173913,23,7.81111111111111,7.03214285714286,6.4,7.09375,7.46666666666667,9,14,5,8,15,104,54,50,16,37,67,7.43028846153846,7.95925925925926,6.859,6.91875,7.22837837837838,7.54179104477612,4
"6",2010,3,6.96052631578947,19,7.3125,6.35714285714286,5,6.6,7.08928571428571,12,7,1,5,14,123,66,57,17,42,81,7.35772357723577,7.84166666666667,6.79736842105263,6.80588235294118,7.15357142857143,7.46358024691358,5
"7",2010,4,7.41428571428571,14,7.475,7.33333333333333,7.5,7.3,7.47777777777778,8,6,2,5,9,137,74,63,19,47,90,7.36350364963504,7.80202702702703,6.8484126984127,6.87894736842105,7.16914893617021,7.465,6
"8",2010,5,7.41666666666667,18,8.16666666666667,7.04166666666667,7.14285714285714,7.08333333333333,7.58333333333333,6,12,7,6,12,155,80,75,26,53,102,7.36967741935484,7.829375,6.87933333333333,6.95,7.15943396226415,7.47892156862745,7
"9",2010,6,7.34,15,7.84166666666667,5.33333333333333,5,7,7.56666666666667,12,3,2,6,9,170,92,78,28,59,111,7.36705882352941,7.83097826086956,6.8198717948718,6.81071428571429,7.14322033898305,7.48603603603604,8
"10",2010,7,7.63888888888889,18,8.45454545454546,6.35714285714286,6,7.94444444444444,7.33333333333333,11,7,1,9,9,188,103,85,29,68,120,7.39308510638298,7.89757281553398,6.78176470588235,6.78275862068965,7.24926470588235,7.47458333333333,9
"11",2010,8,7.36666666666667,15,7.55,7,6.66666666666667,7.78571428571429,7,10,5,3,7,8,203,113,90,32,75,128,7.39113300492611,7.86681415929203,6.79388888888889,6.771875,7.29933333333333,7.444921875,10
"12",2010,9,6.25,20,6.54166666666667,5.8125,4.75,5.78571428571429,6.5,12,8,4,7,13,223,125,98,36,82,141,7.28878923766816,7.7396,6.71377551020408,6.54722222222222,7.17012195121951,7.35780141843972,11
"13",2010,10,7.48,15,7.74545454545455,6.75,6,7.24444444444444,7.83333333333333,11,4,2,9,6,238,136,102,38,91,147,7.30084033613445,7.74007352941176,6.71519607843137,6.51842105263158,7.17747252747253,7.37721088435374,12
"14",2010,11,7.313264,25,7.38596666666667,7.24615384615385,7.28571428571429,7.62594285714286,7.19166666666667,12,13,7,7,18,263,148,115,45,98,165,7.30202129277566,7.71136216216216,6.77521739130435,6.63777777777778,7.20950612244898,7.3569696969697,13
"15",2010,12,7.12352941176471,17,7.8,6.65,6.875,7.33333333333333,7.00909090909091,7,10,4,6,11,280,155,125,49,104,176,7.29118428571428,7.71536516129032,6.7652,6.65714285714286,7.21665,7.33522727272727,14
"16",2011,1,7.1875,16,7.4,6.83333333333333,7.5,7.75,7.10714285714286,10,6,2,2,14,296,165,131,51,106,190,7.28557972972973,7.69625212121212,6.76832061068702,6.69019607843137,7.22671320754717,7.31842105263158,15
"17",2011,2,7,17,7.31818181818182,6.41666666666667,6.375,6.75,7.13636363636364,11,6,4,6,11,313,176,137,55,112,201,7.27006900958466,7.67262272727273,6.7529197080292,6.66727272727273,7.201175,7.30845771144279,16
"18",2011,3,7.34210526315789,19,7.46666666666667,6.875,7,7.58333333333333,7.23076923076923,15,4,1,6,13,332,191,141,56,118,214,7.27419156626506,7.65644816753927,6.7563829787234,6.67321428571428,7.22060677966102,7.30373831775701,17
"19",2011,4,7.2725,20,7.69615384615385,6.48571428571429,6.25,7.26,7.27666666666667,13,7,2,5,15,352,204,148,58,123,229,7.27409545454545,7.65897843137255,6.74358108108108,6.65862068965517,7.2222081300813,7.30196506550218,18
"20",2011,5,6.76923076923077,13,7.75,5.92857142857143,6.375,6.6,6.875,6,7,4,5,8,365,210,155,62,128,237,7.25611397260274,7.66157904761905,6.70677419354839,6.64032258064516,7.197903125,7.28755274261603,19
"21",2011,6,6.25,10,7,5.75,5.5,6,6.3125,4,6,2,2,8,375,214,161,64,130,245,7.22928426666666,7.64921308411215,6.67111801242236,6.6046875,7.17947384615385,7.25571428571429,20
"22",2011,7,7.19,10,6.98,7.4,8.5,5,7.43333333333333,5,5,2,1,9,385,219,166,66,131,254,7.22826389610389,7.63393424657534,6.69307228915663,6.66212121212121,7.16283664122138,7.26200787401575,21
"23",2011,8,7.08333333333333,12,7.07142857142857,7.1,6.25,NA,7.08333333333333,7,5,2,0,12,397,226,171,68,131,266,7.22388312342569,7.61651150442478,6.70497076023392,6.65,7.16283664122138,7.25394736842105,22
"24",2011,9,7.45333333333333,15,7.48,7.4,7,7,7.52307692307692,10,5,2,2,13,412,236,176,70,133,279,7.23223689320388,7.61072711864407,6.72471590909091,6.66,7.16038796992481,7.26648745519713,23
"25",2011,10,6.45714285714286,14,7.475,6.05,6.25,6.75,6.34,4,10,6,4,10,426,240,186,76,137,289,7.20676431924883,7.608465,6.68844086021505,6.62763157894737,7.14840583941606,7.23442906574394,24
"26",2011,11,6.87083333333333,24,7.08333333333333,6.65833333333333,7.08333333333333,7.4,6.69444444444444,12,12,6,6,18,450,252,198,82,143,307,7.188848,7.58345873015873,6.68661616161616,6.6609756097561,7.15896223776224,7.20276872964169,25
"27",2011,12,6.878125,16,7.29285714285714,6.55555555555556,6.1,6.5,6.93214285714286,7,9,5,2,14,466,259,207,87,145,321,7.17817939914163,7.57560463320463,6.68091787439614,6.62873563218391,7.14987310344828,7.19096573208723,26
"28",2012,1,6.73333333333333,12,7.33333333333333,6.13333333333333,5.8,7.5,6.58,6,6,1,2,10,478,265,213,88,147,331,7.16701171548117,7.57011924528302,6.66549295774648,6.61931818181818,7.15463673469388,7.17250755287009,27
"29",2012,2,6.86923076923077,13,7.325,6.66666666666667,6.66666666666667,7.375,6.64444444444444,4,9,3,4,9,491,269,222,91,151,340,7.15912749490835,7.56647434944238,6.66554054054054,6.62087912087912,7.16047417218543,7.15852941176471,28
"30",2012,3,7.76538461538462,13,7.95,6.75,7.5,7.83333333333333,7.745,11,2,1,3,10,504,280,224,92,154,350,7.17476507936508,7.58154142857143,6.66629464285714,6.63043478260869,7.17358181818182,7.17528571428571,29
"31",2012,4,6.83333333333333,6,7,6,6,6.6,6.95,5,1,1,2,4,510,285,225,93,156,354,7.17074823529412,7.57133894736842,6.66333333333333,6.62365591397849,7.16622820512821,7.17274011299435,30
"32",2012,5,7.05666666666667,30,6.94090909090909,7.375,7.5,6.77777777777778,7.17619047619048,22,8,4,9,21,540,307,233,97,165,375,7.16441037037037,7.52616156351791,6.68776824034335,6.65979381443299,7.14504,7.17293333333333,31
"33",2012,6,6.48333333333333,18,7.28571428571429,5.97272727272727,6.2125,7,6.38,7,11,8,3,15,558,314,244,105,168,390,7.14244014336917,7.52080127388535,6.65553278688525,6.62571428571429,7.14245,7.1424358974359,32
"34",2012,7,7.13384615384615,13,7.75,6.86,7.125,7.25,7.08222222222222,4,9,4,4,9,571,318,253,109,172,399,7.14224448336252,7.52368427672956,6.66280632411067,6.64403669724771,7.1449511627907,7.14107769423559,33
"35",2012,8,6.875,12,7.08333333333333,6.66666666666667,6,7.5,6.75,6,6,2,2,10,583,324,259,111,174,409,7.13674373927959,7.51552962962963,6.66289575289575,6.63243243243243,7.14903218390805,7.13151589242054,34
"36",2012,9,7.14705882352941,17,7.3125,7,7.25,7.2,7.125,8,9,4,5,12,600,332,268,115,179,421,7.137036,7.51063734939759,6.67421641791045,6.65391304347826,7.15045586592179,7.13133016627078,35
"37",2012,10,6.05555555555556,9,6.5,5.92857142857143,5.7,5.66666666666667,6.25,2,7,5,3,6,609,334,275,120,182,427,7.12105353037767,7.50458562874251,6.65523636363636,6.61416666666667,7.1259978021978,7.11894613583138,36
"38",2012,11,7.57352941176471,17,7.8,7.47916666666667,7.39285714285714,7.25,7.67307692307692,5,12,7,4,13,626,339,287,127,186,440,7.13334121405751,7.50894277286135,6.68968641114983,6.65708661417323,7.12866451612903,7.13531818181818,37
"39",2012,12,7.23809523809524,21,7.83333333333333,6.44444444444444,6.75,7.41666666666667,7.16666666666667,12,9,4,6,15,647,351,296,131,192,455,7.13674126738794,7.52003304843305,6.68222972972973,6.65992366412214,7.13766458333333,7.13635164835165,38
"40",2013,1,6.656,25,7.20714285714286,5.95454545454545,6.57142857142857,6.68,6.64,14,11,7,10,15,672,365,307,138,202,470,7.11885654761905,7.50803178082192,6.65615635179153,6.65543478260869,7.11500792079208,7.12051063829787,39
"41",2013,2,6.855,10,7.36428571428571,5.66666666666667,5.5,8.15,6.53125,7,3,2,2,8,682,372,310,140,204,478,7.11498768328446,7.50532688172043,6.64658064516129,6.63892857142857,7.12515490196078,7.11064853556485,40
"42",2013,3,6.68260869565217,23,7.24615384615385,5.95,6.08333333333333,6.54285714285714,6.74375,13,10,6,7,16,705,385,320,146,211,494,7.10088170212766,7.49657558441558,6.6248125,6.61609589041096,7.10583696682464,7.09876518218623,41
"43",2013,4,6.73125,16,6.3,7.45,7.675,6.8,6.72666666666667,10,6,4,1,15,721,395,326,150,212,509,7.09267905686546,7.46628253164557,6.64,6.64433333333333,7.10439433962264,7.08779960707269,42
"44",2013,5,6.80882352941176,17,7.25,6,5.875,6.58333333333333,6.93181818181818,11,6,4,6,11,738,406,332,154,218,520,7.08614037940379,7.46042266009852,6.62843373493976,6.62435064935065,7.09005321100917,7.0845,43
"45",2013,6,6.81739130434783,23,7.3,5.71428571428571,6,6.07142857142857,7.14375,16,7,5,7,16,761,422,339,159,225,536,7.07801787122207,7.45434028436019,6.60955752212389,6.60471698113208,7.05836266666667,7.08626865671642,44
"46",2013,7,7.02105263157895,19,7.3,6.41666666666667,6.33333333333333,7.25,6.85454545454545,13,6,3,8,11,780,435,345,162,233,547,7.07663025641025,7.44972781609195,6.60620289855073,6.59969135802469,7.06494248927039,7.08160877513711,45
"47",2013,8,7,14,7.71428571428571,6.28571428571429,6,7.25,6.66666666666667,7,7,2,8,6,794,442,352,164,241,553,7.07527909319899,7.45391764705882,6.59982954545455,6.59237804878049,7.07108547717842,7.07710669077758,46
"48",2013,9,7.3,9,7.83333333333333,7.03333333333333,7,7.4,7.25,3,6,1,3,6,803,445,358,165,244,559,7.07779775840597,7.45647550561798,6.60709497206704,6.59484848484849,7.07512950819672,7.07896243291592,47
"49",2013,10,6.85714285714286,7,7,6.66666666666667,7,6,7,4,3,2,1,6,810,449,361,167,245,565,7.07589086419753,7.45240890868597,6.60759002770083,6.5997005988024,7.0707412244898,7.07812389380531,48
"50",2013,11,6.83333333333333,24,7.42307692307692,6.13636363636364,6.14285714285714,7,6.75,13,11,7,8,16,834,462,372,174,253,581,7.0689107913669,7.45158354978355,6.59365591397849,6.58132183908046,7.06850434782609,7.06908777969019,49
"51",2013,12,6.7,21,7.64,6.40625,6.38888888888889,6.34,6.8125,5,16,9,5,16,855,467,388,183,258,597,7.0598498245614,7.45360085653105,6.58592783505155,6.57185792349727,7.05438604651163,7.06221105527638,50
"52",2014,1,6.99242424242424,33,7.5,6.38333333333333,6.45454545454545,6.70454545454545,7.13636363636364,18,15,11,11,22,888,485,403,194,269,619,7.05734414414414,7.45532288659794,6.57838709677419,6.56520618556701,7.04008029739777,7.0648465266559,51
"53",2014,2,7,16,7.23636363636364,6.48,6.33333333333333,7.08571428571429,6.93333333333333,11,5,3,7,9,904,496,408,197,276,628,7.05632920353982,7.45046693548387,6.57718137254902,6.56167512690355,7.04123768115942,7.06296178343949,52
"54",2014,3,6.5625,16,7.25,6.15,6,6.625,6.54166666666667,6,10,5,4,12,920,502,418,202,280,640,7.04774086956521,7.44807091633466,6.56696172248804,6.54777227722772,7.03529142857143,7.0531875,53
"55",2014,4,6.6375,16,7.14285714285714,6.24444444444444,7.5,6.33333333333333,6.70769230769231,7,9,2,3,13,936,509,427,204,283,653,7.0407282051282,7.44387347740668,6.56016393442623,6.55710784313726,7.02785017667845,7.04630934150077,54
"56",2014,5,7.20833333333333,12,7.6,6.92857142857143,6.9,7.25,7.2,5,7,5,2,10,948,514,434,209,285,663,7.04284978902953,7.44539221789883,6.56610599078341,6.56531100478469,7.02940912280702,7.04862745098039,55
"57",2014,6,7.34176470588235,17,7.531,7.07142857142857,6.94,7.74,7.17583333333333,10,7,5,5,12,965,524,441,214,290,675,7.04811564766839,7.44702595419847,6.57412698412698,6.57406542056075,7.04166068965517,7.05088888888889,56
"58",2014,7,6.88461538461539,13,7.57142857142857,6.08333333333333,6.16666666666667,7.1,6.75,7,6,3,5,8,978,531,447,217,295,683,7.04594233128834,7.448665913371,6.56753914988814,6.5684331797235,7.04264949152542,7.04736456808199,57
"59",2014,8,6.60714285714286,21,7,6.41071428571429,6.78571428571429,7.625,6.36764705882353,7,14,7,4,17,999,538,461,224,299,700,7.03671831831832,7.4428282527881,6.56277657266811,6.57522321428571,7.05044013377926,7.03085714285714,58
"60",2014,9,6.89210526315789,19,7.495,6.22222222222222,5.8,6.42857142857143,7.1625,10,9,5,7,12,1018,548,470,229,306,712,7.03401925343811,7.4437802919708,6.55625531914894,6.55829694323144,7.03621437908497,7.03307584269663,59
"61",2014,10,6.60869565217391,23,7.09090909090909,6.16666666666667,5.78571428571429,7,6.47058823529412,11,12,7,6,17,1041,559,482,236,312,729,7.02462209414025,7.43683649373882,6.54655601659751,6.5353813559322,7.03551794871795,7.01995884773662,60
"62",2014,11,6.77619047619048,21,7.25555555555556,6.41666666666667,5.9,6.6,6.83125,9,12,5,5,16,1062,568,494,241,317,745,7.01970960451977,7.43396408450704,6.5434008097166,6.52219917012448,7.02864858044164,7.01590604026846,61
"63",2014,12,7.16947368421053,19,7.4,6.962,6.76,7.6,7.08875,9,10,5,3,16,1081,577,504,246,320,761,7.02234190564292,7.43343431542461,6.55170634920635,6.5270325203252,7.034005,7.01743758212878,62
"64",2015,1,6.723,20,6.84375,6.6425,6.95166666666667,7.33333333333333,6.61529411764706,8,12,6,3,17,1101,585,516,252,323,778,7.0169042688465,7.42537025641026,6.55381782945736,6.53714285714286,7.03678513931889,7.00865038560411,63
"65",2015,2,6.8804347826087,23,7.65909090909091,6.16666666666667,5.85714285714286,6.25,7.21666666666667,11,12,7,8,15,1124,596,528,259,331,793,7.01411174377224,7.42968389261745,6.54501893939394,6.51876447876448,7.01776918429003,7.01258511979823,64
"66",2015,3,6.65909090909091,22,7.1,5.71428571428571,4.5,8,6.525,15,7,2,2,20,1146,611,535,261,333,813,7.00729633507853,7.42159018003273,6.53414953271028,6.50329501915709,7.02366846846847,7.00059040590406,65
"67",2015,4,6.6047619047619,21,7.57142857142857,6.12142857142857,6.05384615384615,6.5,6.6375,7,14,13,5,16,1167,618,549,274,338,829,7.00005278491859,7.42328737864078,6.5236247723133,6.48197080291971,7.01592189349113,6.99358262967431,66
"68",2015,5,7.06666666666667,15,7.31818181818182,6.375,6.5,6.625,7.22727272727273,11,4,3,4,11,1182,629,553,277,342,840,7.00089813874788,7.4214492845787,6.52254972875226,6.48216606498195,7.01134970760234,6.99664285714286,67
"69",2015,6,6.81666666666667,18,6.99,6.6,6.56,6.85,6.79,10,8,5,8,10,1200,639,561,282,350,850,6.99813466666667,7.41469733959311,6.52365418894831,6.48354609929078,7.00766171428572,6.99421176470588,68
"70",2015,7,6.13333333333333,9,6.8,5.6,4.66666666666667,6.1,6.14285714285714,4,5,3,2,7,1209,643,566,285,352,857,6.99169693961952,7.4108734059098,6.51549469964664,6.46442105263158,7.00250454545455,6.98725787631272,69
"71",2015,8,6.675,16,7.35,6,6.8,8,6.58666666666667,8,8,5,1,15,1225,651,574,290,353,872,6.98756048979592,7.41012534562212,6.50831010452962,6.47020689655172,7.00533031161473,6.98036697247706,70
"72",2015,9,6.86066666666667,15,7.23875,6.42857142857143,6.875,6.3525,7.04545454545455,8,7,4,4,11,1240,659,581,294,357,883,6.98602548387097,7.40804491654021,6.50734939759036,6.47571428571429,6.99801568627451,6.98117780294451,71
"73",2015,10,6.80555555555556,18,7.05,6.5,6.85714285714286,7,6.76666666666667,10,8,7,3,15,1258,669,589,301,360,898,6.98344324324324,7.40269297458894,6.50724957555178,6.48458471760797,6.99803222222222,6.97759465478842,72
"74",2015,11,6.92631578947368,19,7.81428571428571,6.40833333333333,6.27142857142857,6.41666666666667,7.16153846153846,7,12,7,6,13,1277,676,601,308,366,911,6.98259326546593,7.4069550295858,6.50527454242928,6.47974025974026,6.98850163934426,6.98021953896817,73
"75",2015,12,6.52941176470588,17,6.95454545454545,5.75,5.5,6.5,6.55,11,6,3,7,10,1294,687,607,311,373,921,6.97663956723338,7.39971120815138,6.49780889621087,6.47028938906752,6.97933404825737,6.97554831704669,74
"76",2016,1,6.85277777777778,18,7.41,6.15625,5.85,7.1875,6.75714285714286,10,8,5,4,14,1312,697,615,316,377,935,6.97494024390244,7.39985882352941,6.49336585365854,6.4604746835443,6.98154270557029,6.97227807486631,75
"77",2016,2,7.17,10,8.25,6.45,6.7,8.06666666666667,6.78571428571429,4,6,1,3,7,1322,701,621,317,380,942,6.97641573373676,7.40470984308131,6.49294685990338,6.46123028391167,6.99010947368421,6.97089171974522,76
"78",2016,3,5.9,10,6.5,5.64285714285714,5.125,3,6.625,3,7,4,2,8,1332,704,628,321,382,950,6.96833453453453,7.40085454545454,6.48347133757962,6.44457943925234,6.96921884816754,6.96797894736842,77
"79",2016,4,7.16470588235294,17,7.31818181818182,6.88333333333333,6.5,7.25,7.13846153846154,11,6,2,4,13,1349,715,634,323,386,963,6.97080919199407,7.39958265734266,6.48725552050473,6.4449226006192,6.97212849740933,6.97028037383178,78
"80",2016,5,7.1,13,7.36666666666667,6.5,6,6.4,7.22727272727273,9,4,1,2,11,1362,724,638,324,388,974,6.9720422907489,7.39917348066298,6.48733542319749,6.44354938271605,6.9691793814433,6.97318275154004,79
"81",2016,6,7,14,7.5,6.33333333333333,6.66666666666667,6.5,7.08333333333333,8,6,3,2,12,1376,732,644,327,390,986,6.97232674418605,7.40027540983607,6.48590062111801,6.44559633027523,6.96677333333333,6.97452332657201,80
"82",2016,7,6.26,15,7.08333333333333,5.71111111111111,5.9,1,6.63571428571429,6,9,5,1,14,1391,738,653,332,391,1000,6.96464529115744,7.39769864498645,6.47522205206738,6.43737951807229,6.95151304347826,6.96978,81
"83",2016,8,6.92857142857143,7,9,6.58333333333333,6.16666666666667,NA,6.92857142857143,1,6,3,0,7,1398,739,659,335,391,1007,6.96446466380543,7.39986684709066,6.47620637329287,6.4349552238806,6.95151304347826,6.96949354518371,82
"84",2016,9,5.9375,8,6.25,5.625,5.625,5,6.875,4,4,4,4,4,1406,743,663,339,395,1011,6.9586213371266,7.39367644683715,6.47107088989442,6.4253982300885,6.93175088607595,6.9691196834817,83
"85",2016,10,7,9,7.14285714285714,6.5,6.5,6.66666666666667,7.16666666666667,7,2,2,3,6,1415,750,665,341,398,1017,6.9588845229682,7.39133546666667,6.47115789473684,6.4258357771261,6.9297527638191,6.97028515240905,84
"86",2016,11,6.71333333333333,15,7.275,6.07142857142857,5.5,5.5,6.9,8,7,4,2,13,1430,758,672,345,400,1030,6.95630881118881,7.39010765171504,6.46699404761905,6.41510144927536,6.922604,6.96939805825243,85
"87",2016,12,6.74782608695652,23,7.14285714285714,6.13333333333333,5.875,6.75,6.74666666666667,14,9,4,8,15,1453,772,681,349,408,1045,6.95300867171369,7.38562383419689,6.46258443465492,6.4089111747851,6.91921960784314,6.9662009569378,86
"88",2017,1,6.8,21,7.30714285714286,5.78571428571429,7,7.25,6.62,14,7,4,6,15,1474,786,688,353,414,1060,6.95082876526458,7.38422595419847,6.4556976744186,6.41560906515581,6.92401352657005,6.96130188679245,87
"89",2017,2,6.52777777777778,18,6.75,6.25,7,7.33333333333333,6.36666666666667,10,8,5,3,15,1492,796,696,358,417,1075,6.94572493297587,7.37625829145729,6.45333333333333,6.42377094972067,6.9269582733813,6.95300465116279,88
"90",2017,3,7,14,7.22222222222222,6.6,6,NA,7,9,5,3,0,14,1506,805,701,361,417,1089,6.94622948207171,7.37453614906832,6.45437945791726,6.42024930747922,6.9269582733813,6.953608815427,89
"91",2017,4,7.01538461538462,13,7.1875,6.74,4,7.56666666666667,6.85,8,5,1,3,10,1519,813,706,362,420,1099,6.94682132982225,7.37269569495695,6.45640226628895,6.4135635359116,6.93152761904762,6.95266606005459,90
"92",2017,5,7.2,8,8.5,5.9,6.5,NA,7.2,4,4,1,0,8,1527,817,710,363,420,1107,6.94814774066798,7.37821493268054,6.4532676056338,6.41380165289256,6.93152761904762,6.95445347786811,91
"93",2017,6,6.79166666666667,12,6.9,6.71428571428571,6,7.5,6.72727272727273,5,7,2,1,11,1539,822,717,365,421,1118,6.94692761533463,7.37530608272506,6.45581589958159,6.41153424657534,6.93287790973872,6.95221824686941,92
"94",2017,7,6.75533333333333,15,6.8225,6.67857142857143,6,7.5,6.56916666666667,8,7,3,3,12,1554,830,724,368,424,1130,6.94507824967825,7.3699778313253,6.45796961325967,6.40817934782609,6.93689056603774,6.94815044247788,93
"95",2017,8,6.475,8,6.96666666666667,5,NA,7.1,6.1,6,2,0,3,5,1562,836,726,368,427,1135,6.94267067861716,7.36708325358852,6.45395316804408,6.40817934782609,6.93803653395785,6.9444140969163,94
"96",2017,9,7.025,10,7.41666666666667,6.4375,5.75,7.16666666666667,6.96428571428571,6,4,2,3,7,1572,842,730,370,430,1142,6.94319440203562,7.36743657957245,6.45386301369863,6.40462162162162,6.93963162790698,6.94453590192644,95
"97",2017,10,6.43846153846154,13,6.74444444444444,5.75,5.75,7,6.33636363636364,9,4,4,2,11,1585,851,734,374,432,1153,6.93905463722397,7.36084794359577,6.4500272479564,6.39762032085561,6.93991111111111,6.93873373807459,96
"98",2017,11,6.63636363636364,11,7,6,6,NA,6.63636363636364,7,4,3,0,11,1596,858,738,377,432,1164,6.93696842105263,7.35790396270396,6.44758807588076,6.39445623342175,6.93991111111111,6.93587628865979,97
"99",2017,12,6.43333333333333,9,6.875,6.08,6.9,5.16666666666667,7.06666666666667,4,5,1,3,6,1605,862,743,378,435,1170,6.93414429906542,7.35566310904872,6.44511440107672,6.39579365079365,6.92768183908046,6.93654700854701,98
"100",2018,1,6.17857142857143,14,7.41666666666667,5.25,4.5,6,6.20833333333333,6,8,2,2,12,1619,868,751,380,437,1182,6.92761062384188,7.35608479262673,6.43238348868176,6.38581578947368,6.92343615560641,6.92915397631134,99
"101",2018,2,7.125,6,8.25,6,5.5,8.375,6.5,3,3,2,2,4,1625,871,754,382,439,1186,6.92833944615385,7.35916371986223,6.43066312997347,6.3811780104712,6.93004920273349,6.9277065767285,100
"102",2018,3,7.09090909090909,11,7.71428571428571,6,NA,8,6.75,7,4,0,3,8,1636,878,758,382,442,1194,6.92943251833741,7.36199498861048,6.42839050131926,6.3811780104712,6.93731131221719,6.92651591289782,101
"103",2018,4,6.72105263157895,19,7.28333333333333,6.46153846153846,6.16666666666667,6.66666666666667,6.73125,6,13,9,3,16,1655,884,771,391,445,1210,6.92704024169184,7.36146108597285,6.42894941634241,6.37624040920716,6.93548674157303,6.92393388429752,102
"104",2018,5,6.72,10,7.3,6.14,4.25,5,7.15,5,5,2,2,8,1665,889,776,393,447,1218,6.92579675675676,7.36111541057368,6.42708762886598,6.36541984732824,6.92682684563758,6.92541871921182,103
"105",2018,6,7.05,8,7.05,NA,NA,7.33333333333333,6.88,8,0,0,3,5,1673,897,776,393,450,1223,6.92639067543335,7.35834069119286,6.42708762886598,6.36541984732824,6.92953688888889,6.92523303352412,104
"106",2018,7,6.95833333333333,12,7.58333333333333,6.33333333333333,6.83333333333333,6.6,7.21428571428571,6,6,3,5,7,1685,903,782,396,455,1230,6.92661816023739,7.35983565891473,6.42636828644501,6.36896464646465,6.9259156043956,6.92687804878049,105
"107",2018,8,5.7,5,7,4.83333333333333,4.83333333333333,4.5,6.5,2,3,3,2,3,1690,905,785,399,457,1233,6.92298911242604,7.35904044198895,6.42028025477707,6.35741854636592,6.9152989059081,6.9258394160584,106
"108",2018,9,7.45,6,7.8,6.75,6.75,7.6,7.375,4,2,2,2,4,1696,909,787,401,459,1237,6.92485353773585,7.36098085808581,6.42111817026684,6.35937655860349,6.91828235294118,6.92729183508488,107
"109",2018,10,6.875,8,7.16666666666667,6,5,8,6.5,6,2,1,2,6,1704,915,789,402,461,1243,6.92461948356808,7.35970666666667,6.42005069708492,6.35599502487562,6.92297527114967,6.92522928399035,108
"110",2018,11,6.5625,8,6.91666666666667,5.5,5.5,6.66666666666667,6.5,6,2,2,3,5,1712,921,791,404,464,1248,6.9229273364486,7.356820412595,6.41772439949431,6.35175742574257,6.92131810344828,6.92352564102564,109
"111",2018,12,7.28571428571429,14,7.54545454545455,6.33333333333333,7,7,7.33333333333333,11,3,1,2,12,1726,932,794,405,466,1260,6.92586998841251,7.35904678111588,6.41740554156171,6.35335802469136,6.92165579399142,6.92742857142857,110
"112",2019,1,6.38066666666667,15,6.40125,6.35714285714286,5.33333333333333,6.73666666666667,6.29166666666667,8,7,3,3,12,1741,940,801,408,469,1272,6.92117265939115,7.35089531914894,6.41687890137328,6.34585784313726,6.92047249466951,6.92143081761006,111
"113",2019,2,5.76142857142857,7,6.5,4.77666666666667,4.165,6,5.72166666666667,4,3,2,1,6,1748,944,804,410,470,1278,6.91652837528604,7.34728983050847,6.41075870646766,6.33521951219512,6.91851404255319,6.91579812206573,112
"114",2019,3,6.92090909090909,11,7.26857142857143,6.3125,5.5,6.625,6.98666666666667,7,4,2,2,9,1759,951,808,412,472,1287,6.91655577032405,7.34671041009464,6.41027227722772,6.33116504854369,6.91727033898305,6.91629370629371,113
"115",2019,4,6.375,4,6,6.5,6.5,6,6.5,1,3,3,1,3,1763,952,811,415,473,1290,6.91532705615428,7.34529579831933,6.41060419235512,6.33238554216867,6.9153310782241,6.91532558139535,114
"116",2019,5,6.5,8,7.16666666666667,4.5,3,5.33333333333333,7.2,6,2,1,3,5,1771,958,813,416,476,1295,6.91345093167702,7.3441770354906,6.40590405904059,6.324375,6.90536050420168,6.91642471042471,115
"117",2019,6,6.5625,4,NA,6.5625,6,NA,6.5625,0,4,1,0,4,1775,958,817,417,476,1299,6.91266005633803,7.3441770354906,6.40667074663403,6.32359712230216,6.90536050420168,6.91533487297921,116
"118",2019,7,6.91666666666667,6,7.625,5.5,5,5,7.3,4,2,1,1,5,1781,962,819,418,477,1304,6.91267355418304,7.3453446985447,6.40445665445665,6.32043062200957,6.90136603773585,6.91680981595092,117
"119",2019,8,6.475,8,7.25714285714286,1,NA,NA,6.475,7,1,0,0,8,1789,969,820,418,477,1312,6.91071637786473,7.34470753353973,6.39786585365854,6.32043062200957,6.90136603773585,6.91411585365854,118
"120",2019,9,7.42857142857143,7,8.25,6.33333333333333,6.5,6.5,7.8,4,3,2,2,5,1796,973,823,420,479,1317,6.91273474387528,7.34842918807811,6.39763061968408,6.32128571428571,6.89969018789144,6.91747911921033,119
"121",2019,10,6.1125,8,6.83333333333333,5.68,5.3,5.63333333333333,6.4,3,5,3,3,5,1804,976,828,423,482,1322,6.90918603104213,7.34684590163934,6.39329710144927,6.31404255319149,6.89180829875519,6.91552193645991,120
"122",2019,11,6.75,6,7.66666666666667,5.83333333333333,5.83333333333333,5.5,7.375,3,3,3,2,4,1810,979,831,426,484,1326,6.90865834254144,7.34782594484167,6.39127557160048,6.31065727699531,6.88605702479339,6.91690799396682,121
"123",2019,12,6.833335,2,6.8,6.86667,6.86667,6.8,6.86667,1,1,1,1,1,1812,980,832,427,485,1327,6.90857520419426,7.34726693877551,6.39184695913461,6.31195941451991,6.88587958762887,6.91687013564431,122
"124",2020,1,6.45891666666667,12,7.41783333333333,5.5,5.875,6.7014,6.28571428571429,6,6,4,5,7,1824,986,838,431,490,1334,6.9056169243421,7.34769634888438,6.38546142004773,6.30790410672854,6.88399714285714,6.91355822338831,123
"125",2020,2,5.75,8,6,5.6,5,6,5.71428571428571,3,5,3,1,7,1832,989,843,434,491,1341,6.90057056222707,7.34360829120323,6.38080269276394,6.29886329493088,6.8821967413442,6.90729803877703,124
"126",2020,3,5.44444444444444,9,5.5,5.375,NA,5.8,5,5,4,0,5,4,1841,994,847,434,496,1345,6.89345207495926,7.33433460764587,6.3760527390791,6.29886329493088,6.8712875,6.90162577695167,125
"127",2020,4,7.19375,8,6.86,7.75,7.5,6.6,7.27857142857143,5,3,2,1,7,1849,999,850,436,497,1352,6.89475136289886,7.33196056056056,6.38090196470588,6.30437309633028,6.8707416498994,6.90357741863905,126
"128",2020,5,6.60769230769231,13,7.2375,5.6,5.75,6,6.79,8,5,4,3,10,1862,1007,855,440,500,1362,6.89274719119226,7.33121012909632,6.37633528654971,6.29933334090909,6.8655172,6.90274351688693,127
"129",2020,6,7.545,6,8.054,5,5,9.485,6.575,5,1,1,2,4,1868,1012,856,441,502,1366,6.89484222162741,7.33478122529644,6.3747274182243,6.29638700680272,6.87595338645418,6.90178379941435,128
"130",2020,7,7.2,5,7.25,7,NA,10,6.5,4,1,0,1,4,1873,1016,857,441,503,1370,6.89565684463428,7.33444744094488,6.37545702450408,6.29638700680272,6.88216421471173,6.9006107080292,129
"131",2020,8,6.84545454545455,11,7.075,6.71428571428571,6.5,NA,6.84545454545455,4,7,4,0,11,1884,1020,864,445,503,1381,6.8953637314225,7.33343,6.37820216435185,6.29821723595506,6.88216421471173,6.90017137581463,130
"132",2020,9,7.125,4,7,7.16666666666667,8,7.16666666666667,7,1,3,2,3,1,1888,1021,867,447,506,1382,6.89585024894068,7.33310342801175,6.38093041522491,6.30583147651007,6.88385098814229,6.90024361070912,131
"133",2020,10,6.69166666666667,12,7,6.5375,6.83333333333333,7.5,6.61818181818182,4,8,3,1,11,1900,1025,875,450,507,1393,6.89456066842105,7.33180351219512,6.38236190857143,6.30934815555556,6.88506627218935,6.89801627422828,132
"134",2020,11,6.37857142857143,14,7.2875,5.16666666666667,5.5,NA,6.37857142857143,8,6,2,0,14,1914,1033,881,452,507,1407,6.89078645245559,7.33146040658277,6.37408248581158,6.30576696902655,6.88506627218935,6.89284766879886,133
"135",2020,12,7.2,10,6.88888888888889,10,NA,6,7.33333333333333,9,1,0,1,9,1924,1042,882,452,508,1416,6.89239359147609,7.32763781190019,6.37819350340136,6.30576696902655,6.88332401574803,6.89564736581921,134
"136",2021,1,7.475,10,7.39285714285714,7.66666666666667,7.25,NA,7.475,7,3,2,0,10,1934,1049,885,454,508,1426,6.89540603412616,7.32807302192564,6.38256120903955,6.30992658590308,6.88332401574803,6.89971014726507,135
"137",2021,2,6.63,10,6.68571428571429,6.5,6,6.75,6.6,7,3,2,2,8,1944,1056,888,456,510,1434,6.89404077674897,7.32381496212121,6.38295796171171,6.30856725877193,6.88280117647059,6.89803812412831,136
"138",2021,3,6.14375,8,7,5.85833333333333,5.25,5.91666666666667,6.28,2,6,4,3,5,1952,1058,894,460,513,1439,6.89096581454918,7.32320283553875,6.37943699105145,6.29936232608696,6.87715126705653,6.89589066712995,137
"139",2021,4,6.77777777777778,9,7.2,6.25,6.5,6.5,6.85714285714286,5,4,2,2,7,1961,1063,898,462,515,1446,6.89044633860275,7.32262333019755,6.37886043429844,6.30023088744589,6.87568660194175,6.8957030912863,138
"140",2021,5,4.88333333333333,6,2.3,5.4,4.43333333333333,5.33333333333333,4.43333333333333,1,5,3,3,3,1967,1064,903,465,518,1449,6.88432398068124,7.31790281954887,6.3734403875969,6.28818638709677,6.86675405405405,6.89060501725327,139
"141",2021,6,7.125,4,7.5,6,6,7.5,7,3,1,1,1,3,1971,1067,904,466,519,1452,6.88481241501775,7.31841480787254,6.37302728982301,6.28756796137339,6.86797418111753,6.8908310399449,140
"142",2021,7,7.16666666666667,9,7.875,6.6,5,NA,7.16666666666667,4,5,1,0,9,1980,1071,909,467,519,1461,6.88609357070707,7.32049355742297,6.37427576457646,6.28481085653105,6.86797418111753,6.89253023271731,141
"143",2021,8,6.43833333333333,12,6.42857142857143,6.452,6.58666666666667,6.19,6.5625,7,5,3,4,8,1992,1078,914,470,523,1469,6.88339621987951,7.31470185528757,6.37470095185996,6.28673759574468,6.86278891013384,6.89073292716133,142
"144",2021,9,6.90148111111111,9,7.435555,5.83333333333333,6,7.35,6.77333285714286,6,3,1,2,7,2001,1084,917,471,525,1476,6.88347756121939,7.31537078413284,6.37292984732824,6.28612881104034,6.86464495238095,6.89017615176151,143
"145",2021,10,6.33333333333333,9,6.66666666666667,6.16666666666667,5.5,5,6.5,3,6,2,1,8,2010,1087,923,473,526,1484,6.88101422885572,7.31358043238271,6.37158902491874,6.28280479915434,6.8611,6.88807277628032,144
"146",2021,11,6.525,10,6.79166666666667,6.125,6,5,6.69444444444444,6,4,1,1,9,2020,1093,927,474,527,1493,6.87925178217821,7.31071539798719,6.37052499460626,6.28220816455696,6.85756850094877,6.88690555927662,145
"147",2021,12,6.53333333333333,15,7,5.6,5.25,7,6.36363636363636,10,5,4,4,11,2035,1103,932,478,531,1504,6.87670201474201,7.30789839528559,6.36639127682403,6.27357043933054,6.85864143126177,6.8830784574468,146
"148",2022,1,6.81666666666667,12,7.31111111111111,5.33333333333333,4,8.4,6.28888888888889,9,3,1,3,9,2047,1112,935,479,534,1513,6.87635007327796,7.30792439748202,6.36307665240642,6.26882394572025,6.86730074906367,6.87954395241242,147
"149",2022,2,7.11111111111111,9,7.75,5.83333333333333,7,8,7,6,3,1,1,8,2056,1118,938,480,535,1521,6.87737772373541,7.31029689624329,6.36138237739872,6.27034722916667,6.86941794392523,6.8801775147929,148
"150",2022,3,7.03125,8,8.375,5.6875,6,5.625,7.5,4,4,3,2,6,2064,1122,942,483,537,1527,6.87797412790697,7.31409262923351,6.35852088110403,6.26866805383023,6.86478324022346,6.88261296660118,149
"151",2022,4,6.6875,8,6.5,6.875,6.25,7,6.58333333333333,4,4,2,2,6,2072,1126,946,485,539,1533,6.8772387065637,7.31120064831261,6.36070472515856,6.26859107216495,6.86528497217069,6.88144161774298,150
"152",2022,5,7.54,5,7.7,7.3,NA,NA,7.54,3,2,0,0,5,2077,1129,948,485,539,1538,6.87883418391911,7.31223377325066,6.36268636075949,6.26859107216495,6.86528497217069,6.88358257477243,151
"153",2022,6,7,7,7.3,6.25,6.25,6,7.16666666666667,5,2,2,1,6,2084,1134,950,487,540,1544,6.87924117082533,7.3121798324515,6.36244912631579,6.26851472279261,6.86368259259259,6.88468264248704,152
"154",2022,7,6.91666666666667,6,6.25,7.25,6,6,7.1,2,4,1,1,5,2090,1136,954,488,541,1549,6.87934861244019,7.31030979753521,6.36617051362683,6.26796448770492,6.86208613678373,6.88537766300839,153
"155",2022,8,7.89444444444444,9,8.35,7.325,6.65,7.33333333333333,8.175,5,4,2,3,6,2099,1141,958,490,544,1555,6.88370109575988,7.31486584574934,6.37017397703549,6.26952381632653,6.86468492647059,6.89035369774919,154
