"","year","month","avg_rating","no_ratings","avg_rating_owned","avg_rating_not_owned","avg_rating_prev_owned","avg_rating_comment","avg_rating_no_comment","no_ratings_owned","no_ratings_not_owned","no_ratings_prev_owned","no_ratings_comment","no_ratings_no_comment","cum_no_ratings","cum_no_ratings_owned","cum_no_ratings_not_owned","cum_no_ratings_prev_owned","cum_no_ratings_comment","cum_no_ratings_no_comment","cum_avg_rating","cum_avg_rating_owned","cum_avg_rating_not_owned","cum_avg_rating_prev_owned","cum_avg_rating_comment","cum_avg_rating_no_comment","month_after_release"
"1",2001,6,8,1,8,NA,NA,NA,8,1,0,0,0,1,1,1,0,0,0,1,8,8,NA,NA,NA,8,0
"2",2001,8,9,1,9,NA,NA,NA,9,1,0,0,0,1,2,2,0,0,0,2,8.5,8.5,NA,NA,NA,8.5,2
"3",2001,9,7,1,7,NA,NA,NA,7,1,0,0,0,1,3,3,0,0,0,3,8,8,NA,NA,NA,8,3
"4",2001,10,7.5,2,7.5,NA,NA,8,7,2,0,0,1,1,5,5,0,0,1,4,7.8,7.8,NA,NA,8,7.75,4
"5",2001,11,9,1,9,NA,NA,NA,9,1,0,0,0,1,6,6,0,0,1,5,8,8,NA,NA,8,8,5
"6",2001,12,8.25,2,8.25,NA,NA,NA,8.25,2,0,0,0,2,8,8,0,0,1,7,8.0625,8.0625,NA,NA,8,8.07142857142857,6
"7",2002,1,10,1,10,NA,NA,NA,10,1,0,0,0,1,9,9,0,0,1,8,8.27777777777778,8.27777777777778,NA,NA,8,8.3125,7
"8",2002,3,10,1,10,NA,NA,NA,10,1,0,0,0,1,10,10,0,0,1,9,8.45,8.45,NA,NA,8,8.5,9
"9",2002,4,10,2,10,10,NA,10,10,1,1,0,1,1,12,11,1,0,2,10,8.70833333333333,8.59090909090909,10,NA,9,8.65,10
"10",2002,5,7.5,2,7.5,NA,NA,7.5,NA,2,0,0,2,0,14,13,1,0,4,10,8.53571428571429,8.42307692307692,10,NA,8.25,8.65,11
"11",2002,6,8.25,2,9.5,7,7,NA,8.25,1,1,1,0,2,16,14,2,1,4,12,8.5,8.5,8.5,7,8.25,8.58333333333333,12
"12",2002,7,8.33333333333333,3,9.5,6,NA,10,7.5,2,1,0,1,2,19,16,3,1,5,14,8.47368421052632,8.625,7.66666666666667,7,8.6,8.42857142857143,13
"13",2002,8,8.75,4,8.75,NA,NA,9,8.66666666666667,4,0,0,1,3,23,20,3,1,6,17,8.52173913043478,8.65,7.66666666666667,7,8.66666666666667,8.47058823529412,14
"14",2002,9,7.66666666666667,3,8,7,NA,7.5,8,2,1,0,2,1,26,22,4,1,8,18,8.42307692307692,8.59090909090909,7.5,7,8.375,8.44444444444444,15
"15",2002,10,6,4,8,5.33333333333333,NA,6,6,1,3,0,1,3,30,23,7,1,9,21,8.1,8.56521739130435,6.57142857142857,7,8.11111111111111,8.09523809523809,16
"16",2002,11,8,5,9.33333333333333,6,NA,10,6.66666666666667,3,2,0,2,3,35,26,9,1,11,24,8.08571428571429,8.65384615384616,6.44444444444444,7,8.45454545454546,7.91666666666667,17
"17",2002,12,4,1,4,NA,NA,NA,4,1,0,0,0,1,36,27,9,1,11,25,7.97222222222222,8.48148148148148,6.44444444444444,7,8.45454545454546,7.76,18
"18",2003,1,9,3,9,NA,NA,9,9,3,0,0,1,2,39,30,9,1,12,27,8.05128205128205,8.53333333333333,6.44444444444444,7,8.5,7.85185185185185,19
"19",2003,3,8,2,8,NA,NA,9,7,2,0,0,1,1,41,32,9,1,13,28,8.04878048780488,8.5,6.44444444444444,7,8.53846153846154,7.82142857142857,21
"20",2003,4,8.83333333333333,6,8.83333333333333,NA,NA,10,8.6,6,0,0,1,5,47,38,9,1,14,33,8.14893617021277,8.55263157894737,6.44444444444444,7,8.64285714285714,7.93939393939394,22
"21",2003,5,7.95454545454545,11,7.94444444444444,8,NA,7.66666666666667,8.3,9,2,0,6,5,58,47,11,1,20,38,8.11206896551724,8.43617021276596,6.72727272727273,7,8.35,7.98684210526316,23
"22",2003,6,6.75,4,10,5.66666666666667,6,10,5.66666666666667,1,3,1,1,3,62,48,14,2,21,41,8.0241935483871,8.46875,6.5,6.5,8.42857142857143,7.81707317073171,24
"23",2003,7,6.5,8,7.5,5.5,3,6.33333333333333,6.6,4,4,1,3,5,70,52,18,3,24,46,7.85,8.39423076923077,6.27777777777778,5.33333333333333,8.16666666666667,7.68478260869565,25
"24",2003,8,8.22222222222222,9,8.6,7.75,7,7,8.83333333333333,5,4,1,3,6,79,57,22,4,27,52,7.89240506329114,8.41228070175438,6.54545454545455,5.75,8.03703703703704,7.81730769230769,26
"25",2003,9,8.18,5,8.18,NA,NA,8.5,8.1,5,0,0,1,4,84,62,22,4,28,56,7.90952380952381,8.39354838709677,6.54545454545455,5.75,8.05357142857143,7.8375,27
"26",2003,10,9,3,9,NA,NA,NA,9,3,0,0,0,3,87,65,22,4,28,59,7.94712643678161,8.42153846153846,6.54545454545455,5.75,8.05357142857143,7.89661016949152,28
"27",2003,11,9,1,9,NA,NA,9,NA,1,0,0,1,0,88,66,22,4,29,59,7.95909090909091,8.43030303030303,6.54545454545455,5.75,8.08620689655172,7.89661016949152,29
"28",2003,12,9,1,9,NA,NA,9,NA,1,0,0,1,0,89,67,22,4,30,59,7.97078651685393,8.43880597014925,6.54545454545455,5.75,8.11666666666667,7.89661016949152,30
"29",2004,1,6.66666666666667,3,6.5,7,NA,NA,6.66666666666667,2,1,0,0,3,92,69,23,4,30,62,7.92826086956522,8.38260869565217,6.56521739130435,5.75,8.11666666666667,7.83709677419355,31
"30",2004,2,8.3,5,8.3,NA,NA,8.875,6,5,0,0,4,1,97,74,23,4,34,63,7.94742268041237,8.37702702702703,6.56521739130435,5.75,8.20588235294118,7.80793650793651,32
"31",2004,3,8.36666666666667,6,8.36666666666667,NA,NA,NA,8.36666666666667,6,0,0,0,6,103,80,23,4,34,69,7.97184466019417,8.37625,6.56521739130435,5.75,8.20588235294118,7.85652173913043,33
"32",2004,4,7.5,12,7.7,6.5,6,8,6.8,10,2,1,7,5,115,90,25,5,41,74,7.92260869565217,8.30111111111111,6.56,5.8,8.17073170731707,7.78513513513514,34
"33",2004,5,7.5,2,7.5,NA,NA,8,7,2,0,0,1,1,117,92,25,5,42,75,7.91538461538462,8.28369565217391,6.56,5.8,8.16666666666667,7.77466666666667,35
"34",2004,6,8.25,6,8.3,8,NA,8.25,NA,5,1,0,6,0,123,97,26,5,48,75,7.93170731707317,8.28453608247423,6.61538461538461,5.8,8.17708333333333,7.77466666666667,36
"35",2004,7,9,2,9,NA,NA,9,NA,2,0,0,2,0,125,99,26,5,50,75,7.9488,8.2989898989899,6.61538461538461,5.8,8.21,7.77466666666667,37
"36",2004,8,8.71428571428571,7,8.71428571428571,NA,NA,8,9,7,0,0,2,5,132,106,26,5,52,80,7.98939393939394,8.32641509433962,6.61538461538461,5.8,8.20192307692308,7.85125,38
"37",2004,9,9,5,9,9,NA,9.33333333333333,8.5,4,1,0,3,2,137,110,27,5,55,82,8.02627737226277,8.35090909090909,6.7037037037037,5.8,8.26363636363637,7.86707317073171,39
"38",2004,10,8.66666666666667,3,8.66666666666667,NA,NA,9,8.5,3,0,0,1,2,140,113,27,5,56,84,8.04,8.35929203539823,6.7037037037037,5.8,8.27678571428572,7.88214285714286,40
"39",2004,11,7.4,10,8.57142857142857,4.66666666666667,6,7.6,7.2,7,3,1,5,5,150,120,30,6,61,89,7.99733333333333,8.37166666666667,6.5,5.83333333333333,8.22131147540984,7.8438202247191,41
"40",2004,12,8.5,4,8.5,NA,NA,8,9,4,0,0,2,2,154,124,30,6,63,91,8.01038961038961,8.3758064516129,6.5,5.83333333333333,8.21428571428572,7.86923076923077,42
"41",2005,1,7.88888888888889,9,8.28571428571429,6.5,NA,7,8.33333333333333,7,2,0,3,6,163,131,32,6,66,97,8.00368098159509,8.37099236641221,6.5,5.83333333333333,8.15909090909091,7.8979381443299,43
"42",2005,2,7.375,8,8.4,5.66666666666667,NA,7.625,7.125,5,3,0,4,4,171,136,35,6,70,101,7.97426900584795,8.37205882352941,6.42857142857143,5.83333333333333,8.12857142857143,7.86732673267327,44
"43",2005,3,7.22222222222222,9,7.8,6.5,8,9,6.33333333333333,5,4,1,3,6,180,141,39,7,73,107,7.93666666666666,8.35177304964539,6.43589743589744,6.14285714285714,8.16438356164384,7.78130841121495,45
"44",2005,4,8.66666666666667,3,10,6,NA,10,8,2,1,0,1,2,183,143,40,7,74,109,7.94863387978142,8.37482517482517,6.425,6.14285714285714,8.18918918918919,7.78532110091743,46
"45",2005,5,8.9,10,8.77777777777778,10,10,9,8.83333333333333,9,1,1,4,6,193,152,41,8,78,115,7.99792746113989,8.39868421052632,6.51219512195122,6.625,8.23076923076923,7.84,47
"46",2005,6,8.6,5,9.25,6,10,8.66666666666667,8.5,4,1,1,3,2,198,156,42,9,81,117,8.01313131313131,8.42051282051282,6.5,7,8.24691358024692,7.85128205128205,48
"47",2005,7,7.5,4,8.66666666666667,4,4,7,7.66666666666667,3,1,1,1,3,202,159,43,10,82,120,8.0029702970297,8.4251572327044,6.44186046511628,6.7,8.23170731707317,7.84666666666667,49
"48",2005,8,7.5,10,7.75,6.5,NA,7.66666666666667,7.42857142857143,8,2,0,3,7,212,167,45,10,85,127,7.97924528301886,8.39281437125749,6.44444444444444,6.7,8.21176470588236,7.82362204724409,50
"49",2005,9,7.65454545454545,11,8.13333333333333,5.5,6,7.275,8.66666666666667,9,2,1,8,3,223,176,47,11,93,130,7.96322869955157,8.37954545454546,6.40425531914894,6.63636363636364,8.13118279569893,7.84307692307692,51
"50",2005,10,9.25,4,9.33333333333333,9,NA,9.25,NA,3,1,0,4,0,227,179,48,11,97,130,7.98590308370044,8.39553072625699,6.45833333333333,6.63636363636364,8.17731958762887,7.84307692307692,52
"51",2005,11,8.54545454545454,11,9,7.33333333333333,NA,8.125,9.66666666666667,8,3,0,8,3,238,187,51,11,105,133,8.01176470588235,8.42139037433155,6.50980392156863,6.63636363636364,8.17333333333334,7.88421052631579,53
"52",2005,12,8.64285714285714,7,8.41666666666667,10,NA,8.875,8.33333333333333,6,1,0,4,3,245,193,52,11,109,136,8.02979591836734,8.42124352331606,6.57692307692308,6.63636363636364,8.19908256880734,7.89411764705882,54
"53",2006,1,8.44444444444444,9,9,4,NA,8.16666666666667,9,8,1,0,6,3,254,201,53,11,115,139,8.04448818897638,8.44427860696518,6.52830188679245,6.63636363636364,8.19739130434783,7.91798561151079,55
"54",2006,2,7.5,4,8.66666666666667,4,NA,7.5,NA,3,1,0,4,0,258,204,54,11,119,139,8.0360465116279,8.44754901960784,6.48148148148148,6.63636363636364,8.17394957983194,7.91798561151079,56
"55",2006,3,8,10,8.28571428571429,7.33333333333333,NA,8,8,7,3,0,6,4,268,211,57,11,125,143,8.03470149253731,8.44218009478673,6.52631578947368,6.63636363636364,8.1656,7.92027972027972,57
"56",2006,4,8.5,2,8.5,NA,NA,8.5,NA,2,0,0,2,0,270,213,57,11,127,143,8.03814814814815,8.44272300469484,6.52631578947368,6.63636363636364,8.17086614173228,7.92027972027972,58
"57",2006,5,7.72727272727273,11,7.5,8.33333333333333,NA,7.33333333333333,7.875,8,3,0,3,8,281,221,60,11,130,151,8.02597864768683,8.40859728506788,6.61666666666667,6.63636363636364,8.15153846153846,7.91788079470199,59
"58",2006,6,7.8,5,7,8.33333333333333,NA,8.33333333333333,7,2,3,0,3,2,286,223,63,11,133,153,8.02202797202797,8.39596412556054,6.6984126984127,6.63636363636364,8.15563909774436,7.90588235294118,60
"59",2006,7,8.41666666666667,12,8.75,7.75,9,8.66666666666667,8.33333333333333,8,4,1,3,9,298,231,67,12,136,162,8.03791946308725,8.40822510822511,6.76119402985075,6.83333333333333,8.16691176470589,7.92962962962963,61
"60",2006,8,7,7,8.75,4.66666666666667,NA,8,6.6,4,3,0,2,5,305,235,70,12,138,167,8.01409836065574,8.41404255319149,6.67142857142857,6.83333333333333,8.16449275362319,7.88982035928144,62
"61",2006,9,8.68181818181818,11,9.3125,7,NA,9.66666666666667,7.5,8,3,0,6,5,316,243,73,12,144,172,8.0373417721519,8.44362139917696,6.68493150684932,6.83333333333333,8.22708333333333,7.87848837209302,63
"62",2006,10,7.5,8,8.5,4.5,5,4.5,8.5,6,2,1,2,6,324,249,75,13,146,178,8.02407407407407,8.44497991967872,6.62666666666667,6.69230769230769,8.17602739726028,7.89943820224719,64
"63",2006,11,7.64736842105263,19,8.06153846153846,6.75,8.25,8,7.48461538461538,13,6,2,6,13,343,262,81,15,152,191,8.00320699708455,8.42595419847329,6.6358024691358,6.9,8.16907894736842,7.87120418848167,65
"64",2006,12,8.03571428571429,14,8.36363636363636,6.83333333333333,NA,8.16666666666667,7.9375,11,3,0,6,8,357,273,84,15,158,199,8.00448179271709,8.42344322344323,6.64285714285714,6.9,8.16898734177215,7.87386934673367,66
"65",2007,1,8.245,20,8.19333333333333,8.4,NA,8.08181818181818,8.44444444444444,15,5,0,11,9,377,288,89,15,169,208,8.01724137931034,8.41145833333334,6.74157303370786,6.9,8.16331360946746,7.89855769230769,67
"66",2007,2,8.49271090909091,11,8.98333333333333,7.903964,7,8.56666666666667,8.403964,6,5,1,6,5,388,294,94,16,175,213,8.03072118556701,8.42312925170068,6.80340234042553,6.90625,8.17714285714286,7.91042169014084,68
"67",2007,3,7.71428571428571,14,7.61111111111111,7.9,7,7.8125,7.58333333333333,9,5,1,8,6,402,303,99,17,183,219,8.01970104477612,8.3990099009901,6.85878606060606,6.91176470588235,8.16120218579235,7.9014603652968,69
"68",2007,4,8.09090909090909,11,8.57142857142857,7.25,NA,7.66666666666667,8.6,7,4,0,6,5,413,310,103,17,189,224,8.02159762711864,8.40290322580645,6.87397883495146,6.91176470588235,8.14550264550265,7.91705276785714,70
"69",2007,5,8.55454545454545,11,8.7,7.1,NA,9.33333333333333,8.2625,10,1,0,3,8,424,320,104,17,192,232,8.03542410377358,8.4121875,6.87615211538462,6.91176470588235,8.1640625,7.92896474137931,71
"70",2007,6,7.3,8,7.2,7.46666666666667,NA,8,7.2,5,3,0,1,7,432,325,107,17,193,239,8.02180513888889,8.39353846153846,6.89270859813084,6.91176470588235,8.16321243523316,7.90761430962343,72
"71",2007,7,8.63157894736842,19,8.93333333333333,7.5,8,8.4,8.71428571428571,15,4,3,5,14,451,340,111,20,198,253,8.04749405764966,8.41735294117647,6.91459297297297,7.075,8.16919191919192,7.95225225296443,73
"72",2007,8,8.36363636363636,11,8.44444444444444,8,8,8,8.57142857142857,9,2,1,4,7,462,349,113,21,202,260,8.05502125541125,8.41805157593124,6.93380371681416,7.11904761904762,8.16584158415842,7.96892238461538,74
"73",2007,9,7.90909090909091,11,8.22222222222222,6.5,7,9,7.28571428571429,9,2,1,4,7,473,358,115,22,206,267,8.05162752642706,8.41312849162011,6.92625930434783,7.11363636363636,8.18203883495146,7.95101056179775,75
"74",2007,10,8.21428571428571,7,7.9,9,9,9,8.08333333333333,5,2,1,1,6,480,363,117,23,207,273,8.053999625,8.40606060606061,6.96170786324786,7.19565217391304,8.18599033816425,7.95391875457875,76
"75",2007,11,8.3,15,8.42307692307692,7.5,9,7.85714285714286,8.6875,13,2,1,7,8,495,376,119,24,214,281,8.06145418181818,8.40664893617021,6.97075478991597,7.27083333333333,8.17523364485982,7.97480362989324,77
"76",2007,12,7.85294058823529,17,8.79166583333333,5.6,8,8.56249875,7.22222222222222,12,5,1,8,9,512,388,124,25,222,290,8.05453087890625,8.41855667525773,6.91548241935484,7.3,8.18918914414415,7.95144765517241,78
"77",2008,1,8.51666666666667,15,8.39583333333333,9,NA,8.75,8.43181818181818,12,3,0,4,11,527,400,127,25,226,301,8.06768464895635,8.417874975,6.96472299212598,7.3,8.199115,7.96900272425249,79
"78",2008,2,7.72222222222222,9,8.0625,5,NA,8.625,7,8,1,0,4,5,536,408,128,25,230,306,8.06188397388059,8.41090683823529,6.94937359375,7.3,8.20652169565218,7.95316934640523,80
"79",2008,3,7.88888888888889,18,8.30769230769231,6.8,NA,8.25,7.6,13,5,0,8,10,554,421,133,25,238,316,8.05626319494585,8.4077196912114,6.94375804511278,7.3,8.20798315126051,7.94199310126582,81
"80",2008,4,8,12,8.5,5.5,5,8.4,7.71428571428571,10,2,1,5,7,566,431,135,26,243,323,8.05507033568904,8.40986076566125,6.92236903703704,7.21153846153846,8.21193411522634,7.93705826625387,82
"81",2008,5,8,7,8.4,7,NA,9.33333333333333,7,5,2,0,3,4,573,436,137,26,246,327,8.05439757417103,8.40974768348624,6.92350233576642,7.21153846153846,8.22560971544716,7.92559577981651,83
"82",2008,6,8.77272727272727,11,8.85,8,NA,9.25,8.5,10,1,0,4,7,584,446,138,26,250,334,8.06792775684931,8.41961881165919,6.93130304347826,7.21153846153846,8.24199996,7.93763419161677,84
"83",2008,7,7.94333333333333,15,8.71428571428571,7.26875,5,7.62857142857143,8.21875,7,8,2,7,8,599,453,146,28,257,342,8.06480769616026,8.42417216335541,6.94979328767123,7.05357142857143,8.22529178988327,7.94421,85
"84",2008,8,8.25,8,8.57142857142857,6,6,8,9,7,1,1,6,2,607,460,147,29,263,344,8.06724845140033,8.42641302173913,6.94333210884354,7.01724137931035,8.22015205323194,7.95034831395349,86
"85",2008,9,7.27777777777778,18,7.84615384615385,5.8,5.75,7.5,7,13,5,4,10,8,625,473,152,33,273,352,8.044511696,8.41046509513742,6.9057225,6.86363636363636,8.19377285714286,7.92874948863636,87
"86",2008,10,7.63636363636364,11,8,7.33333333333333,6.5,8,7.5,5,6,2,3,8,636,478,158,35,276,360,8.03745253144654,8.40617152719665,6.92196088607595,6.84285714285714,8.19166663043478,7.91922172222222,88
"87",2008,11,7.61538461538461,13,8.44444444444444,5.75,5.66666666666667,7.83333333333333,7.55,9,4,3,3,10,649,487,162,38,279,370,8.02899816640986,8.40687882956879,6.89302358024691,6.75,8.18781358422939,7.90924275675676,89
"88",2008,12,7.42857142857143,14,8.25,6.33333333333333,4.66666666666667,7,7.75,8,6,3,6,8,663,495,168,41,285,378,8.01631947209653,8.40434341414141,6.87303464285714,6.59756097560976,8.16280698245614,7.90587253968254,90
"89",2009,1,8.07321428571429,28,8.53947368421053,7.08888888888889,7.2,8.05714285714286,8.07857142857143,19,9,4,7,21,691,514,177,45,292,399,8.01862490593343,8.40933850194553,6.88401028248588,6.65111111111111,8.16027393835617,7.91496195488722,91
"90",2009,2,7.325,20,7.65384615384615,6.71428571428571,7,7.28571428571429,7.34615384615385,13,7,2,7,13,711,527,184,47,299,412,7.99911365682138,8.3907020683112,6.87755336956522,6.66595744680851,8.13979929765886,7.89701412621359,92
"91",2009,3,7.33333333333333,27,7.92857142857143,6.69230769230769,6.625,7.61111111111111,7.19444444444444,14,13,8,9,18,738,541,197,55,308,430,7.9747558401084,8.37874304990758,6.865329035533,6.66,8.12435061688312,7.86760423255814,93
"92",2009,4,7.72222222222222,18,8.5,6.94444444444444,6.78571428571429,7.35,8.1875,9,9,7,10,8,756,550,206,62,318,438,7.96874313492063,8.38072725454546,6.86878553398058,6.6741935483871,8.09999996855346,7.87344707762557,94
"93",2009,5,7.33333333333333,12,8.05555555555556,5.16666666666667,5,7.5,7.25,9,3,1,4,8,768,559,209,63,322,446,7.95881485677083,8.37549193202147,6.84435320574163,6.64761904761905,8.09254655279503,7.86226417040359,95
"94",2009,6,7.17647058823529,17,8,6.6,6.5,8.3,6.70833333333333,7,10,4,5,12,785,566,219,67,327,458,7.94187236942675,8.37084803886926,6.83319552511416,6.63880597014925,8.09571862385321,7.83203017467249,96
"95",2009,7,7.66428571428571,14,8.0375,7.16666666666667,8.33333333333333,7.75,7.63,8,6,3,4,10,799,574,225,70,331,468,7.93700852315394,8.36620207317073,6.84208808888889,6.71142857142857,8.09154075528701,7.82771329059829,97
"96",2009,8,7.65625,16,8.375,6.9375,8,7.75,7.6,8,8,3,6,10,815,582,233,73,337,478,7.9314966993865,8.36632300687285,6.84536403433476,6.76438356164384,8.08545991097923,7.82294941422594,98
"97",2009,9,7,13,7.5,5.875,8,7.2,6.875,9,4,1,5,8,828,591,237,74,342,486,7.91687175120773,8.35313027072758,6.82898658227848,6.78108108108108,8.07251459064327,7.80734530864198,99
"98",2009,10,7.39565217391304,23,8.31538461538462,6.2,7,7.5,7.38,13,10,4,3,20,851,604,247,78,345,506,7.90278473560517,8.35231786423841,6.80352153846154,6.79230769230769,8.06753620289855,7.79045418972332,100
"99",2009,11,7.77173913043478,23,7.82692307692308,7.7,7.20833333333333,8,7.671875,13,10,6,7,16,874,617,257,84,352,522,7.89933616704805,8.34124795786062,6.8384039688716,6.82202380952381,8.06619315340909,7.78681957854406,101
"100",2009,12,7.97222222222222,18,8.53846153846154,6.5,NA,8.125,7.92857142857143,13,5,0,4,14,892,630,262,84,356,536,7.90080696188341,8.34531744444445,6.8319458778626,6.82202380952381,8.06685390449438,7.79052205223881,102
"101",2010,1,7.94,15,8.41,7,6.75,9,7.86428571428571,10,5,4,1,14,907,640,267,88,357,550,7.90145513781698,8.346328109375,6.8350929588015,6.81875,8.06946775910364,7.79239967272727,103
"102",2010,2,8,17,8.9375,7.16666666666667,8,8.4,7.83333333333333,8,9,1,5,12,924,648,276,89,362,562,7.90326819264069,8.35362652777778,6.84590514492754,6.83202247191011,8.07403312154696,7.79327370106762,104
"103",2010,3,8.33333333333333,9,8.28571428571429,8.5,8.5,8.66666666666667,8.16666666666667,7,2,2,3,6,933,655,278,91,365,568,7.90741673097535,8.3529007480916,6.85780510791367,6.86868131868132,8.07890408219178,7.79721799295775,105
"104",2010,4,7.58,15,8.41111111111111,6.33333333333333,8,6.925,7.81818181818182,9,6,1,4,11,948,664,284,92,369,579,7.90223608649789,8.3536897439759,6.84672471830986,6.88097826086956,8.06639563685636,7.79761626943005,106
"105",2010,5,7.61538461538461,13,8.25,6.6,8.5,7.8,7.5,8,5,2,5,8,961,672,289,94,374,587,7.89835568158168,8.35245534226191,6.84245612456747,6.91542553191489,8.06283419786096,7.79356017035775,107
"106",2010,6,8.05714285714286,7,8.48,7,6,8.08,8,5,2,1,5,2,968,677,291,95,379,589,7.89950393595041,8.35339732644018,6.84353890034364,6.90578947368421,8.0630606596306,7.79426115449915,108
"107",2010,7,7.875,4,8.16666666666667,7,NA,9,7.5,3,1,0,1,3,972,680,292,95,380,592,7.89940309670782,8.35257351470588,6.8440747260274,6.90578947368421,8.06552628947368,7.79276996621622,109
"108",2010,8,7.38888888888889,9,9.33333333333333,6.41666666666667,5,6.66666666666667,7.75,3,6,2,3,6,981,683,298,97,383,598,7.89471948012232,8.3568813909224,6.83546919463087,6.86649484536082,8.05456916449086,7.7923408361204,110
"109",2010,9,8.30769230769231,13,8.36363636363636,8,8,9.33333333333333,8,11,2,1,3,10,994,694,300,98,386,608,7.90012053319919,8.35698845821326,6.84323273333333,6.8780612244898,8.06450774611399,7.79575628289474,111
"110",2010,10,8,12,8.42857142857143,7.4,7.83333333333333,8.58333333333333,7.41666666666667,7,5,3,6,6,1006,701,305,101,392,614,7.90131193836978,8.35770326676177,6.85236006557377,6.90643564356436,8.07244895408163,7.79205182410424,112
"111",2010,11,8.04545454545454,11,8.5,7.25,4,8.33333333333333,7.9375,7,4,1,3,8,1017,708,309,102,395,622,7.90287100294985,8.35911015536723,6.85750750809062,6.87794117647059,8.07443035443038,7.79392254019293,113
"112",2010,12,8.56666666666667,15,9,7.91666666666667,NA,8.25,8.61538461538461,9,6,0,2,13,1032,717,315,102,397,635,7.91251919573643,8.36715479776848,6.87768196825397,6.87794117647059,8.07531483627204,7.81073987401575,114
"113",2011,1,8.33333333333333,9,9.125,7.7,7,9,7.8,4,5,1,4,5,1041,721,320,103,401,640,7.91615735830932,8.37135920943134,6.8905306875,6.87912621359223,8.08453862842892,7.81065596875,115
"114",2011,2,7.66666666666667,9,8.42857142857143,5,5,7.08333333333333,8.83333333333333,7,2,2,6,3,1050,728,322,105,407,643,7.91401886666667,8.37190932692307,6.87878826086957,6.84333333333333,8.06977884520884,7.81542740279938,116
"115",2011,3,7.48333333333333,12,7.97777777777778,6,6.5,7.14285714285714,7.96,9,3,2,7,5,1062,737,325,107,414,648,7.90915236346516,8.3670963229308,6.87067636923077,6.83691588785047,8.05410625603864,7.81654293209877,117
"116",2011,4,8,10,8,8,NA,7.2,8.8,8,2,0,5,5,1072,745,327,107,419,653,7.90999982276119,8.36315434899329,6.87758354740061,6.83691588785047,8.04391405727923,7.82407323124043,118
"117",2011,5,7.78888888888889,9,8.85,5.66666666666667,8,8.775,7,6,3,1,4,5,1081,751,330,108,423,658,7.90899149861239,8.36704392809587,6.86657521212121,6.84768518518518,8.05082739952718,7.81781127659575,119
"118",2011,6,8.04545454545454,11,8.28571428571429,7.625,8.16666666666667,7.75,8.11111111111111,7,4,3,2,9,1092,758,334,111,425,667,7.91036612637363,8.36629286279683,6.87565814371258,6.88333333333333,8.04941174117647,7.82176884557721,120
"119",2011,7,8.07,10,8.67142857142857,6.66666666666667,7.5,8.375,7.86666666666667,7,3,3,4,6,1102,765,337,114,429,673,7.91181470961887,8.36908495424836,6.87379768545994,6.89956140350877,8.05244752913753,7.82216912332838,121
"120",2011,8,7.26,10,7.94285714285714,5.66666666666667,8,7.66666666666667,7.08571428571429,7,3,2,3,7,1112,772,340,116,432,680,7.90595306654676,8.36522019430052,6.86314652941177,6.91853448275862,8.04976849537037,7.81458797058824,122
"121",2011,9,7.89583333333333,12,8.4,7.53571428571429,7.58333333333333,7.66666666666667,7.97222222222222,5,7,3,3,9,1124,777,347,119,435,689,7.90584502669039,8.365444002574,6.87671417867435,6.93529411764706,8.0471264137931,7.81664705370102,123
"122",2011,10,7.175,12,8.5,6.22857142857143,6.7,6.5,7.31,5,7,2,2,10,1136,782,354,121,437,699,7.89812483274648,8.36630433503836,6.86389779661017,6.93140495867769,8.04004574370709,7.80939888412017,124
"123",2011,11,7.68181818181818,11,8.78571428571429,5.75,4,8.25,7.35714285714286,7,4,1,4,7,1147,789,358,122,441,706,7.89605040104621,8.37002533586818,6.85145201117319,6.90737704918033,8.04195009070294,7.8049147592068,125
"124",2011,12,8.4,6,9,7.8,7.8,7.5,8.85,3,3,3,2,4,1153,792,361,125,443,710,7.89867286209887,8.37241160353535,6.85933468144044,6.9288,8.03950336343115,7.81080256338028,126
"125",2012,1,7.68421052631579,19,8.8,6.44444444444444,6.625,9,7.33333333333333,10,9,4,4,15,1172,802,370,129,447,725,7.89519608361775,8.37774312967581,6.84924275675676,6.91937984496124,8.04809841163311,7.80092388965517,127
"126",2012,2,7.4625,16,8.32727272727273,5.56,6.7,8.5,6.84,11,5,1,6,10,1188,813,375,130,453,735,7.88936852693603,8.37706025830258,6.83205285333333,6.91769230769231,8.05408386313465,7.7878500952381,128
"127",2012,3,7.89230769230769,13,8.95,6.2,5,8.62,7.4375,8,5,1,5,8,1201,821,380,131,458,743,7.88940034138218,8.38264310596833,6.82373636842105,6.9030534351145,8.06026198689956,7.78407781965007,129
"128",2012,4,7.5,8,8.83333333333333,3.5,NA,10,6.66666666666667,6,2,0,2,6,1209,827,382,131,460,749,7.88682366418528,8.38591292623942,6.80633460732984,6.9030534351145,8.06869563043478,7.77512659546062,130
"129",2012,5,8.68181818181818,11,8.78571428571429,8.5,NA,9.8,7.75,7,4,0,5,6,1220,834,386,131,465,755,7.89399164754098,8.38926857314149,6.82388554404145,6.9030534351145,8.08731180645161,7.77492691390729,131
"130",2012,6,8.35,10,8.5625,7.5,5,8.125,8.5,8,2,1,4,6,1230,842,388,132,469,761,7.89769903252032,8.39091447743468,6.82737067010309,6.88863636363636,8.08763324093816,7.78064365308804,132
"131",2012,7,7.376,5,8,6.96,NA,7.5,7.29333333333333,2,3,0,2,3,1235,844,391,132,471,764,7.89558689068826,8.38998813981043,6.82838828644501,6.88863636363636,8.08513798301485,7.77873013089005,133
"132",2012,8,6.56363636363636,11,7.78571428571429,4.425,6,7.675,5.92857142857143,7,4,1,4,7,1246,851,395,133,475,771,7.88382809791332,8.38501761457109,6.80405017721519,6.88195488721805,8.08168418947368,7.76193232166018,134
"133",2012,9,8.11428571428571,7,8.7,6.65,7.3,9.5,7.88333333333333,5,2,1,1,6,1253,856,397,134,476,777,7.88511557063049,8.38685746495327,6.80327410579345,6.88507462686567,8.08466384453781,7.76286978120978,135
"134",2012,10,8.5,8,8.5,8.5,NA,8,8.66666666666667,7,1,0,2,6,1261,863,398,134,478,783,7.88901650277557,8.38777519119351,6.80753723618091,6.88507462686567,8.08430960251045,7.76979542784164,136
"135",2012,11,7.45,10,8.16666666666667,6.375,7.5,8.5,7,6,4,1,3,7,1271,869,402,135,481,790,7.88556239968529,8.38624855005754,6.80323338308458,6.88962962962963,8.08690226611226,7.7629744556962,137
"136",2012,12,8.5,20,8.77272727272727,8.16666666666667,8.125,8.28571428571429,8.61538461538461,11,9,4,7,13,1291,880,411,139,488,803,7.89508118512781,8.39107953409091,6.8330895863747,6.92517985611511,8.08975407786885,7.77677437110834,138
"137",2013,1,8,11,8.16666666666667,7.8,8,8,8,6,5,2,3,8,1302,886,416,141,491,811,7.89596759600614,8.38955980812641,6.84471110576923,6.94042553191489,8.08920568228105,7.77897635018496,139
"138",2013,2,7.94444444444444,9,8.4,7.375,NA,7,8.0625,5,4,0,1,8,1311,891,420,141,492,819,7.89630038901602,8.38961839506173,6.84976147619048,6.94042553191489,8.08699184959349,7.78174581196581,140
"139",2013,3,7.07142857142857,7,7.08333333333333,7,7,8.5,6.5,6,1,1,2,5,1318,897,421,142,494,824,7.89191943095599,8.38088070234114,6.85011833729216,6.94084507042253,8.08866394736842,7.77396822815534,141
"140",2013,4,7.625,8,7.7,7.5,NA,7.75,7.58333333333333,5,3,0,2,6,1326,902,424,142,496,830,7.89030905731523,8.37710641906874,6.85471655660377,6.94084507042253,8.08729836693548,7.77259014457831,142
"141",2013,5,8.66666666666667,3,8.66666666666667,NA,NA,10,8,3,0,0,1,2,1329,905,424,142,497,832,7.89206155756208,8.37806628729282,6.85471655660377,6.94084507042253,8.091146861167,7.77313680288462,143
"142",2013,6,7.5,8,8.2,6.33333333333333,5.5,6.5,8.5,5,3,2,4,4,1337,910,427,144,501,836,7.8897156394914,8.3770879010989,6.85105344262295,6.92083333333333,8.07844309381237,7.77661461722488,144
"143",2013,7,7.5,3,8,6.5,6.5,7,7.75,2,1,1,1,2,1340,912,428,145,502,838,7.88884314179104,8.37626095394737,6.85023322429907,6.91793103448276,8.07629480079681,7.77655109785203,145
"144",2013,8,9.125,4,9.125,NA,NA,9,9.16666666666667,4,0,0,1,3,1344,916,428,145,503,841,7.89252218005952,8.37953055676856,6.85023322429907,6.91793103448276,8.07813119284294,7.78150989298454,146
"145",2013,9,6.88888888888889,9,7.8,5.75,7,6,7,5,4,2,1,8,1353,921,432,147,504,849,7.88584612712491,8.37638435396309,6.84004587962963,6.91904761904762,8.07400791666666,7.77414584216726,147
"146",2013,10,8,9,8.5,7,NA,9.5,7.57142857142857,6,3,0,2,7,1362,927,435,147,506,856,7.88660044787078,8.37718445523193,6.84114901149425,6.91904761904762,8.07964424901185,7.77248810747664,148
"147",2013,11,7.5,8,8.4,6,7,NA,7.5,5,3,1,0,8,1370,932,438,148,506,864,7.8843429270073,8.37730685622318,6.83538771689498,6.91959459459459,8.07964424901185,7.76996506944445,149
"148",2013,12,7.45454545454545,11,8.5,6.85714285714286,7.25,9,7.11111111111111,4,7,4,2,9,1381,936,445,152,508,873,7.8809194858798,8.37783118589744,6.83572993258427,6.92828947368421,8.08326769685039,7.76317276059565,150
"149",2014,1,6.9,10,8,5.25,3,7.33333333333333,6.71428571428571,6,4,1,3,7,1391,942,449,153,511,880,7.8738675844716,8.3754246178344,6.82160316258352,6.90261437908497,8.07886495107631,7.75482934090909,151
"150",2014,2,7.125,12,8.41666666666667,5.83333333333333,5.83333333333333,5.5,7.9375,6,6,6,4,8,1403,948,455,159,515,888,7.86746244476122,8.37568564345992,6.80857103296703,6.8622641509434,8.05883493203883,7.75647502252252,152
"151",2014,3,8.55,6,8.55,NA,NA,9.65,8,6,0,0,2,4,1409,954,455,159,517,892,7.87036892122072,8.37678196016772,6.80857103296703,6.8622641509434,8.06499030947775,7.75756706278027,153
"152",2014,4,8,4,8,NA,NA,NA,8,4,0,0,0,4,1413,958,455,159,517,896,7.87073588818117,8.37520875782881,6.80857103296703,6.8622641509434,8.06499030947775,7.75864935267857,154
"153",2014,5,7.33333333333333,6,8,6,6,8,6.66666666666667,4,2,2,3,3,1419,962,457,161,520,899,7.86846357293869,8.37364863825364,6.80503242888403,6.85155279503106,8.06461536538461,7.75500536151279,155
"154",2014,6,5.7,5,7.25,4.66666666666667,7,NA,5.7,2,3,1,0,5,1424,964,460,162,520,904,7.86084958567416,8.37131741701245,6.79108656521739,6.85246913580247,8.06461536538461,7.74363918141593,156
"155",2014,7,7.875,4,7,8.75,NA,NA,7.875,2,2,0,0,4,1428,966,462,162,520,908,7.86088922268907,8.3684782505176,6.79956670995671,6.85246913580247,8.06461536538461,7.74421786343612,157
"156",2014,8,7.28571428571429,7,9,6.6,NA,10,6.83333333333333,2,5,0,1,6,1435,968,467,162,521,914,7.8580834912892,8.36978304752066,6.79743002141328,6.85246913580247,8.06833011516314,7.73823831509847,158
"157",2014,9,8.57142857142857,7,9.4,6.5,NA,NA,8.57142857142857,5,2,0,0,7,1442,973,469,162,521,921,7.86154633148405,8.3750770709147,6.79616166311301,6.85246913580247,8.06833011516314,7.74457092290988,159
"158",2014,10,7.4,8,7.75,7.05,7.73333333333333,6.1,7.83333333333333,4,4,3,2,6,1450,977,473,165,523,927,7.85899986896552,8.37251790174003,6.79830828752643,6.86848484848485,8.06080304015296,7.74514543689321,160
"159",2014,11,7.28571428571429,7,8,5.5,6,6,7.8,5,2,1,2,5,1457,982,475,166,525,932,7.85624557995882,8.37062117107943,6.79284172631579,6.86325301204819,8.05295236190476,7.74543972103004,161
"160",2014,12,6.5125,8,6.25,6.775,2.1,5.55,6.83333333333333,4,4,1,2,6,1465,986,479,167,527,938,7.84890772013652,8.36201824543611,6.7926927348643,6.83473053892215,8.0434534914611,7.73960535181237,162
"161",2015,1,8.35,10,8.38888888888889,8,8,9.66666666666667,7.78571428571429,9,1,1,3,7,1475,995,480,168,530,945,7.8523049559322,8.36226129648242,6.79520795833333,6.84166666666667,8.05264149056603,7.7399468994709,163
"162",2015,2,7.58333333333333,6,8.125,6.5,8,8,7.16666666666667,4,2,1,3,3,1481,999,482,169,533,948,7.85121526671168,8.36131130130131,6.79398302904564,6.84852071005917,8.05234519699812,7.73813272151899,164
"163",2015,3,8,6,8.66666666666667,7.33333333333333,7.33333333333333,8.5,7.9,3,3,3,1,5,1487,1002,485,172,534,953,7.85181560860793,8.36222553892216,6.79731921649485,6.85697674418605,8.05318350187265,7.73898197271773,165
"164",2015,4,7.375,8,8.2,6,9,8.25,6.5,5,3,1,4,4,1495,1007,488,173,538,957,7.84926408695652,8.36142004965244,6.79241766393443,6.86936416184971,8.05464682156133,7.7338033646813,166
"165",2015,5,6.85,10,8.41666666666667,4.5,6,6.16666666666667,7.14285714285714,6,4,1,3,7,1505,1013,492,174,541,964,7.84262445847176,8.36174727541955,6.77378012195122,6.86436781609195,8.04417743068391,7.72951226141079,167
"166",2015,6,8.13571428571429,14,8.85,6.35,8,9.14285714285714,7.12857142857143,10,4,1,7,7,1519,1023,496,175,548,971,7.84532574720211,8.36652002932552,6.77036254032258,6.87085714285714,8.05821166058394,7.72518004119464,168
"167",2015,7,7.38333333333333,6,9,4.15,NA,NA,7.38333333333333,4,2,0,0,6,1525,1027,498,175,548,977,7.84350807213115,8.36898733203506,6.75983899598394,6.87085714285714,8.05821166058394,7.72308067553736,169
"168",2015,8,7.58823529411765,17,7.75,7.2,6.75,8,7.41666666666667,12,5,4,5,12,1542,1039,503,179,553,989,7.84069378080415,8.36183829643889,6.76421435387674,6.868156424581,8.05768533453887,7.71936281092012,170
"169",2015,9,9,1,9,NA,NA,NA,9,1,0,0,0,1,1543,1040,503,179,553,990,7.84144511341542,8.36245191346154,6.76421435387674,6.868156424581,8.05768533453887,7.72065638383838,171
"170",2015,10,5.9,2,NA,5.9,NA,5.9,NA,0,2,0,2,0,1545,1040,505,179,555,990,7.8389319158576,8.36245191346154,6.76079172277228,6.868156424581,8.04990989189189,7.72065638383838,172
"171",2015,11,7.625,8,9,6.25,6,10,7.28571428571429,4,4,3,1,7,1553,1044,509,182,556,997,7.8378298840953,8.36489462643679,6.75677764243615,6.85384615384615,8.05341724820143,7.71760262788365,173
"172",2015,12,7.875,12,7.94444444444444,7.66666666666667,7,7,8.16666666666667,9,3,1,3,9,1565,1053,512,183,559,1006,7.83811489456869,8.36130103513771,6.7621090234375,6.85464480874317,8.04776384615384,7.72162009940358,174
"173",2016,1,8.4,5,8.5,8,NA,9,8.25,4,1,0,1,4,1570,1057,513,183,560,1010,7.83990433757962,8.36182591296122,6.7645220662768,6.85464480874317,8.04946426785714,7.72371269306931,175
"174",2016,2,7.9375,8,9,6.16666666666667,NA,NA,7.9375,5,3,0,0,8,1578,1062,516,183,560,1018,7.84039911913815,8.36483049905839,6.7610461627907,6.85464480874317,8.04946426785714,7.72539275049116,176
"175",2016,3,7.07777777777778,9,8,5.925,6,9,6.52857142857143,5,4,2,2,7,1587,1067,520,185,562,1025,7.83607423440454,8.36312089034677,6.75461503846154,6.8454054054054,8.05284695729537,7.71721933658537,177
"176",2016,4,8.14285714285714,14,9.375,6.5,NA,10,7.4,8,6,0,4,10,1601,1075,526,185,566,1035,7.83875690818238,8.37065115348838,6.75171068441065,6.8454054054054,8.06660775618374,7.71415441545894,178
"177",2016,5,8,7,8.4,7,NA,10,7.66666666666667,5,2,0,1,6,1608,1080,528,185,567,1041,7.83945883706467,8.37078702777778,6.75265117424243,6.8454054054054,8.07001761904761,7.71388071085495,179
"178",2016,6,9.33333333333333,9,9.33333333333333,NA,NA,9.75,9,9,0,0,4,5,1617,1089,528,185,571,1046,7.84777353741497,8.37874195592287,6.75265117424243,6.8454054054054,8.08178632224168,7.72002850860421,180
"179",2016,7,6.55555555555556,9,7.5,5.8,8,8,6.375,4,5,2,1,8,1626,1093,533,187,572,1054,7.84062103936039,8.37552606587375,6.74371448405253,6.85775401069519,8.08164333916083,7.70981956356736,181
"180",2016,8,8.72727272727273,11,8.625,9,NA,7.75,9.28571428571429,8,3,0,4,7,1637,1101,536,187,576,1061,7.84657899205864,8.37733877384197,6.75634294776119,6.85775401069519,8.07934026041666,7.72021660697455,182
"181",2016,9,7.8125,8,7.64285714285714,9,NA,7.5,7.85714285714286,7,1,0,1,7,1645,1108,537,187,577,1068,7.84641325835866,8.37269854693141,6.76052108007449,6.85775401069519,8.07833620450606,7.72111406367041,183
"182",2016,10,8.36363636363636,11,9.28571428571429,6.75,5.5,9.5,7.71428571428571,7,4,2,4,7,1656,1115,541,189,581,1075,7.84984891908212,8.37843048430494,6.76044329020333,6.84338624338624,8.0881239070568,7.7210696,184
"183",2016,11,8.16666666666667,3,9.25,6,6,7.25,10,2,1,1,2,1,1659,1117,542,190,583,1076,7.85042182640145,8.37999103849598,6.75904025830258,6.83894736842105,8.08524869639794,7.72318756505576,185
"184",2016,12,7.66666666666667,9,7.625,8,NA,7.41666666666667,8.16666666666667,8,1,0,6,3,1668,1125,543,190,589,1079,7.84943034172662,8.37462221333334,6.76132563535912,6.83894736842105,8.07843801358234,7.7244205931418,186
"185",2017,1,8.125,12,9.05555555555556,5.33333333333333,1,8.33333333333333,8.05555555555556,9,3,1,3,9,1680,1134,546,191,592,1088,7.85139869642857,8.38002644620812,6.75347952380953,6.80837696335078,8.07972971283784,7.72715976102941,187
"186",2017,2,7.25,6,8,6.875,6,3,8.1,2,4,2,1,5,1686,1136,550,193,593,1093,7.84925848754448,8.37935738556339,6.75436330909091,6.8,8.07116355817875,7.72886534309241,188
"187",2017,3,8,11,8.4,4,4,9.5,7.66666666666667,10,1,1,2,9,1697,1146,551,194,595,1102,7.85023559811432,8.37953751308901,6.7493644646098,6.78556701030928,8.0759663697479,7.72835736842105,189
"188",2017,4,7.75,4,9,6.5,6.5,6.5,9,2,2,2,2,2,1701,1148,553,196,597,1104,7.849999888301,8.38061845818816,6.7484626039783,6.78265306122449,8.07068675041876,7.73066106884058,190
"189",2017,5,8.07142857142857,14,8.8,6.25,7,9.5,7.83333333333333,10,4,1,2,12,1715,1158,557,197,599,1116,7.85180746938775,8.38424006044906,6.74488298025135,6.78375634517766,8.07545908180301,7.73176507168459,191
"190",2017,6,8.77777777777778,9,8.625,10,10,9,8.66666666666667,8,1,1,3,6,1724,1166,558,198,602,1122,7.85664142111369,8.38589192967411,6.75071652329749,6.8,8.08006642857143,7.73676454545455,192
"191",2017,7,7.49166666666667,12,7.9,7.08333333333333,8.16666666666667,NA,7.49166666666667,6,6,3,0,12,1736,1172,564,201,602,1134,7.85411855414746,8.38340442832765,6.754255,6.82039800995025,8.08006642857143,7.73417091710758,193
"192",2017,8,7.75,8,8.75,6.75,8,8.5,7.5,4,4,1,2,6,1744,1176,568,202,604,1140,7.85364094610092,8.38465135204082,6.75422503521127,6.82623762376238,8.08145693708609,7.73293843859649,194
"193",2017,9,7.31818181818182,11,7.5,6.5,NA,6.5,7.4,9,2,0,1,10,1755,1185,570,202,605,1150,7.85028479202279,8.37793248101266,6.75333301754386,6.82623762376238,8.07884295867769,7.73004332173913,195
"194",2017,10,7.76923076923077,13,9,3.66666666666667,5,9,7.4,10,3,1,3,10,1768,1195,573,203,608,1160,7.84968880656108,8.38313806694561,6.73717246073298,6.81724137931034,8.08338814144737,7.72719812068966,196
"195",2017,11,8.42307692307692,13,8.61111111111111,8,8,8.25,8.5,9,4,3,4,9,1781,1204,577,206,612,1169,7.85387412128018,8.38484218438539,6.74592689774697,6.83446601941747,8.08447710784314,7.73314783575706,197
"196",2017,12,8.16666666666667,6,8.16666666666667,NA,6,7.66666666666667,8.66666666666667,6,0,1,3,3,1787,1210,577,207,615,1172,7.85492434806939,8.38376032231405,6.74592689774697,6.83043478260869,8.08243900813008,7.7355373890785,198
"197",2018,1,7.83,10,8.55,6.75,7.5,7.5,7.9125,6,4,2,2,8,1797,1216,581,209,617,1180,7.85478564830272,8.38458058388158,6.74595493975904,6.83684210526316,8.08055103727715,7.73673713559322,199
"198",2018,2,8.2,10,8.75,7.83333333333333,7,8.6,7.8,4,6,1,5,5,1807,1220,587,210,622,1185,7.85669607636967,8.38577868032787,6.75706954003407,6.83761904761905,8.08472667202572,7.73700406751055,200
"199",2018,3,7.4,10,8.75,6.5,5.33333333333333,7.66666666666667,7.28571428571429,4,6,3,3,7,1817,1224,593,213,625,1192,7.85418261419923,8.38696894607843,6.75446849915683,6.81643192488263,8.082719984,7.73435387583893,201
"200",2018,4,7.27777777777778,9,7.33333333333333,7.25,NA,9,7.0625,3,6,0,1,8,1826,1227,599,213,626,1200,7.85134162650602,8.3843928198859,6.75943208681135,6.81643192488263,8.08418528753993,7.72987485,202
"201",2018,5,7.864445,6,7.864445,NA,NA,8,7.837334,6,0,0,1,5,1832,1233,599,213,627,1205,7.85138454148471,8.38186266017843,6.75943208681135,6.81643192488263,8.08405102073365,7.73032073858921,203
"202",2018,6,6.91666666666667,6,8,6.7,7.5,6.5,7,1,5,2,1,5,1838,1234,604,215,628,1210,7.84833323177366,8.38155320907618,6.75894009933775,6.82279069767442,8.08152864649682,7.72730288429752,204
"203",2018,7,8.75,8,8.85714285714286,8,NA,8.5,8.83333333333333,7,1,0,2,6,1846,1241,605,215,630,1216,7.852240780065,8.38423582594682,6.76099143801653,6.82279069767442,8.08285712698413,7.73276027138158,205
"204",2018,8,7.4375,4,8.25,5,NA,8.375,6.5,3,1,0,2,2,1850,1244,606,215,632,1218,7.85134404324324,8.38391210610933,6.75808551155116,6.82279069767442,8.08378162974684,7.73073603448276,206
"205",2018,9,8.3,10,9.5,6.5,7,6.5,8.75,6,4,2,2,8,1860,1250,610,217,634,1226,7.85375617204301,8.389269328,6.75639314754098,6.82442396313364,8.07878547318612,7.7373870228385,207
"206",2018,10,8.67857142857143,14,8.9,8.125,NA,8,8.86363636363636,10,4,0,3,11,1874,1260,614,217,637,1237,7.85991807897545,8.39332274603175,6.76530915309446,6.82442396313364,8.07841442700157,7.74740217461601,208
"207",2018,11,7.58333333333333,6,8.375,6,5,8.75,7,4,2,1,2,4,1880,1264,616,218,639,1241,7.85903536170213,8.39326476265823,6.76282438311688,6.81605504587156,8.08051641627543,7.74499314262691,209
"208",2018,12,7.44,10,7.65,6.6,5,7,7.48888888888889,8,2,1,1,9,1890,1272,618,219,640,1250,7.85681824338624,8.38859014150944,6.7622974433657,6.80776255707763,8.078828109375,7.743149192,210
"209",2019,1,8.18181818181818,11,8.44444444444444,7,NA,9.5,7.88888888888889,9,2,0,2,9,1901,1281,620,219,642,1259,7.85869883219358,8.38898256049961,6.76306422580645,6.80776255707763,8.08325543613707,7.7441910166799,211
"210",2019,2,7.81333333333333,15,8.4,7.14285714285714,7,7,7.93846153846154,8,7,2,2,13,1916,1289,627,221,644,1272,7.8583436743215,8.38905093871218,6.76730433811802,6.80950226244344,8.07989128881988,7.74617648584906,212
"211",2019,3,8,4,10,6,5,8.33333333333333,7,2,2,1,3,1,1920,1291,629,222,647,1273,7.85863879166666,8.39154659953524,6.76486457869634,6.80135135135135,8.08106644513138,7.7455903299293,213
"212",2019,4,9.25,4,9.25,NA,NA,10,9,4,0,0,1,3,1924,1295,629,222,648,1276,7.86153143451143,8.39419819305019,6.76486457869634,6.80135135135135,8.08402776234568,7.74853956896552,214
"213",2019,5,8.04545454545454,11,8.5,6,NA,8.07142857142857,8,9,2,0,7,4,1935,1304,631,222,655,1280,7.86257699224806,8.3949284202454,6.76244028526149,6.80135135135135,8.08389311450382,7.7493253828125,215
"214",2019,6,8.33333333333333,9,9,7.5,7,8.6,8,5,4,1,5,4,1944,1309,635,223,660,1284,7.86475641975308,8.39723961802903,6.76708633070866,6.80224215246637,8.08780301515152,7.75010630062305,216
"215",2019,7,7.66666666666667,6,7.75,7.5,NA,NA,7.66666666666667,4,2,0,0,6,1950,1313,637,223,660,1290,7.86414691282051,8.39526782939832,6.76938747252747,6.80224215246637,8.08780301515152,7.74971820930232,217
"216",2019,8,7,6,8,5,5,2,8,4,2,2,1,5,1956,1317,639,225,661,1295,7.86149615541922,8.39406731966591,6.76384948356808,6.78622222222222,8.07859302571861,7.75068454826255,218
"217",2019,9,9.33333333333333,6,9.25,9.5,NA,9,9.4,4,2,0,1,5,1962,1321,641,225,662,1300,7.86599718654434,8.39665909159728,6.77238661466459,6.78622222222222,8.07998487915408,7.75702806923077,219
"218",2019,10,7.875,8,7.83333333333333,8,NA,8.5,7.66666666666667,6,2,0,2,6,1970,1327,643,225,664,1306,7.86603374619289,8.39411202712886,6.77620500777605,6.78622222222222,8.08124998493976,7.75661293261868,220
"219",2019,11,7.68181818181818,11,8.7,6.83333333333333,7,7,7.83333333333333,5,6,1,2,9,1981,1332,649,226,666,1315,7.86501084300858,8.39526025525526,6.7767331587057,6.78716814159292,8.07800298798799,7.75713801520912,221
"220",2019,12,8.31818181818182,11,8.72222222222222,6.5,7,8.75,8.22222222222222,9,2,1,2,9,1992,1341,651,227,668,1324,7.86751329317269,8.39745463087248,6.77588298003072,6.78810572687225,8.08001495508982,7.76029946374622,222
"221",2020,1,8.25,10,8.05555555555556,10,NA,NA,8.25,9,1,0,0,10,2002,1350,652,227,668,1334,7.86942381618381,8.3951753037037,6.78082794478528,6.78810572687225,8.08001495508982,7.76397038230884,223
"222",2020,2,8.42857142857143,7,8.6,8,8,8.5,8.4,5,2,1,2,5,2009,1355,654,228,670,1339,7.87137206570433,8.39593111439114,6.78455629969419,6.79342105263158,8.08126864179104,7.7663453995519,224
"223",2020,3,8.22222222222222,9,8.85714285714286,6,NA,9.25,7.4,7,2,0,4,5,2018,1362,656,228,674,1344,7.87293680872151,8.39830151248164,6.7821643597561,6.79342105263158,8.08820473293768,7.76498250744048,225
"224",2020,4,7.43,8,8.06285714285714,3,NA,7.47,7.41666666666667,7,1,0,2,6,2026,1369,657,228,676,1350,7.87118779861796,8.39658631117604,6.77640764079148,6.79342105263158,8.08637572485207,7.76343443703704,226
"225",2020,5,7.96,5,7.96,NA,NA,NA,7.96,5,0,0,0,5,2031,1374,657,228,676,1355,7.87140644017725,8.39499756914119,6.77640764079148,6.79342105263158,8.08637572485207,7.76415977121771,227
"226",2020,6,8.33333333333333,6,8.8,6,NA,9,8,5,1,0,2,4,2037,1379,658,228,678,1359,7.87276704958272,8.3964660333575,6.77522768996961,6.79342105263158,8.08907078171091,7.76485392935982,228
"227",2020,7,8.25,8,8.5,7.5,6,8.66666666666667,8,6,2,1,3,5,2045,1385,660,229,681,1364,7.87424277750611,8.39691455595668,6.77742396969697,6.78995633187773,8.09161525697504,7.76571590175953,229
"228",2020,8,7.55555555555556,9,8.875,6.5,7,7,7.625,4,5,1,1,8,2054,1389,665,230,682,1372,7.87284638753651,8.39829133189345,6.77533807518797,6.79086956521739,8.09001464809384,7.76489540087463,230
"229",2020,9,7.8125,8,7.8125,NA,NA,8.5,7.58333333333333,8,0,0,2,6,2062,1397,665,230,684,1378,7.8726122599418,8.39493676449534,6.77533807518797,6.79086956521739,8.09121343567251,7.76410485486212,231
"230",2020,10,7.33333333333333,3,8,6,6,NA,7.33333333333333,2,1,1,0,3,2065,1399,666,231,684,1381,7.87182880387409,8.39437216583273,6.7741739039039,6.78744588744589,8.09121343567251,7.76316907313541,232
"231",2020,11,8.75,4,8.75,NA,NA,10,8.33333333333333,4,0,0,1,3,2069,1403,666,231,685,1384,7.87352657322378,8.39538607270135,6.7741739039039,6.78744588744589,8.09399998540146,7.7644049783237,233
"232",2020,12,7.90909090909091,11,8.66666666666667,4.5,3,8.14285714285714,7.5,9,2,1,7,4,2080,1412,668,232,692,1388,7.87371465384615,8.39711519830028,6.767365,6.77112068965517,8.09449420520231,7.76364300432277,234
"233",2021,1,8.37777777777778,9,8.91428571428571,6.5,NA,8.5,8.34285714285714,7,2,0,2,7,2089,1419,670,232,694,1395,7.87588629966491,8.39966642706131,6.76656689552239,6.77112068965517,8.09566280979827,7.76654945519713,235
"234",2021,2,7.8125,8,8.35714285714286,4,4,NA,7.8125,7,1,1,0,8,2097,1426,671,233,694,1403,7.87564448259418,8.3994576858345,6.76244384500745,6.75922746781116,8.09566280979827,7.76681146828225,236
"235",2021,3,8.5,6,8.5,NA,NA,8.66666666666667,8.33333333333333,6,0,0,3,3,2103,1432,671,233,697,1406,7.87742581074655,8.39987895251396,6.76244384500745,6.75922746781116,8.09812050215208,7.76802026315789,237
"236",2021,4,7,10,9,5,NA,7.6,6.4,5,5,0,5,5,2113,1437,676,233,702,1411,7.87327329862754,8.40196705636743,6.74940801775148,6.75922746781116,8.09457263532764,7.76317256555634,238
"237",2021,5,8.35,4,9.13333333333333,6,NA,NA,8.35,3,1,0,0,4,2117,1440,677,233,702,1415,7.87417405762872,8.40349073611111,6.74830106351551,6.75922746781116,8.09457263532764,7.76483144169611,239
"238",2021,6,8,6,9,6,NA,3,9,4,2,0,1,5,2123,1444,679,233,703,1420,7.87452966556759,8.40514311634349,6.74609693667158,6.75922746781116,8.08732573257468,7.76918062676056,240
"239",2021,7,8.71428571428571,7,8.5,9,9,9.5,8.4,4,3,1,2,5,2130,1448,682,234,705,1425,7.87728942723005,8.4054051519337,6.75601146627566,6.76880341880342,8.09133331914894,7.77139402807017,241
"240",2021,8,7.5,2,7.5,NA,NA,NA,7.5,2,0,0,0,2,2132,1450,682,234,705,1427,7.87693549718574,8.40415631724137,6.75601146627566,6.76880341880342,8.09133331914894,7.77101365802382,242
"241",2021,9,7.27777777777778,9,8.66666666666667,4.5,NA,8,7.07142857142857,6,3,0,2,7,2141,1456,685,234,707,1434,7.87441685193835,8.40523809065934,6.74613112408759,6.76880341880342,8.09107495049505,7.76759866806136,243
"242",2021,10,6.2,4,6.4,6,7,6,6.26666666666667,2,2,1,1,3,2145,1458,687,235,708,1437,7.8712943962704,8.40248742112482,6.74395898107715,6.76978723404255,8.08812145480226,7.76446519832985,244
"243",2021,11,7.7,3,9.6,6.75,6.75,NA,7.7,1,2,2,0,3,2148,1459,689,237,708,1440,7.87105515828678,8.40330819739547,6.74397651669086,6.76962025316456,8.08812145480226,7.76433089583333,245
"244",2021,12,7.8,5,8.16666666666667,7.25,7,8.25,7.5,3,2,1,2,3,2153,1462,691,238,710,1443,7.87089014398514,8.40282261285909,6.74544112879884,6.77058823529412,8.08857745070422,7.76378135135135,246
"245",2022,1,8.36363636363636,11,8.5,8,8.33333333333333,7.25,9,8,3,3,4,7,2164,1470,694,241,714,1450,7.87339486136784,8.40335146938775,6.75086429394813,6.79004149377593,8.08387953781513,7.76974930344827,247
"246",2022,2,8.38888888888889,9,8.7,8,8,8.25,8.42857142857143,5,4,1,2,7,2173,1475,698,242,716,1457,7.87552990335941,8.40435705762712,6.75802266475645,6.79504132231405,8.08434356145251,7.7729145435827,248
"247",2022,3,7.25,4,7.25,NA,NA,9,6.66666666666667,4,0,0,1,3,2177,1479,698,242,717,1460,7.87438056040422,8.40123506423259,6.75802266475645,6.79504132231405,8.08562062761506,7.77064143150685,249
"248",2022,4,7.16666666666667,6,7.33333333333333,7,4,6.33333333333333,8,3,3,1,3,3,2183,1482,701,243,720,1463,7.87243540082455,8.39907331983805,6.75905823109843,6.78353909465021,8.07831943055555,7.77111174982912,250
"249",2022,5,8.45454545454546,11,8.9375,7.16666666666667,NA,8.5,8.44444444444444,8,3,0,2,9,2194,1490,704,243,722,1472,7.87535391066545,8.40196420134228,6.76079519886364,6.78353909465021,8.07948752077562,7.77522859375,251
"250",2022,6,8.14285714285714,7,8.75,7.33333333333333,NA,7,8.33333333333333,4,3,0,1,6,2201,1494,707,243,723,1478,7.87620467060427,8.40289602409638,6.76322463932108,6.78353909465021,8.07799445366528,7.77749424221921,252
"251",2022,7,8.550666,5,8.75111,8.25,7.5,NA,8.550666,3,2,1,0,5,2206,1497,709,244,723,1483,7.87773336808703,8.40359384769539,6.76741864598025,6.78647540983606,8.07799445366528,7.78010102494942,253
"252",2022,8,8.88888888888889,9,9,8.66666666666667,NA,9.75,8.2,6,3,0,4,5,2215,1503,712,244,727,1488,7.8818419006772,8.40597471057884,6.77542109550562,6.78647540983606,8.08719393397524,7.78151197580645,254
