"","year","month","avg_rating","no_ratings","avg_rating_owned","avg_rating_not_owned","avg_rating_prev_owned","avg_rating_comment","avg_rating_no_comment","no_ratings_owned","no_ratings_not_owned","no_ratings_prev_owned","no_ratings_comment","no_ratings_no_comment","cum_no_ratings","cum_no_ratings_owned","cum_no_ratings_not_owned","cum_no_ratings_prev_owned","cum_no_ratings_comment","cum_no_ratings_no_comment","cum_avg_rating","cum_avg_rating_owned","cum_avg_rating_not_owned","cum_avg_rating_prev_owned","cum_avg_rating_comment","cum_avg_rating_no_comment","month_after_release"
"1",2003,3,7,1,7,NA,NA,7,NA,1,0,0,1,0,1,1,0,0,1,0,7,7,NA,NA,7,NA,0
"2",2003,4,7,1,7,NA,NA,7,NA,1,0,0,1,0,2,2,0,0,2,0,7,7,NA,NA,7,NA,1
"3",2003,6,6,1,NA,6,NA,NA,6,0,1,0,0,1,3,2,1,0,2,1,6.66666666666667,7,6,NA,7,6,3
"4",2003,7,4.08333333333333,12,5.33333333333333,3.66666666666667,4,4.5,4,3,9,1,2,10,15,5,10,1,4,11,4.6,6,3.9,4,5.75,4.18181818181818,4
"5",2003,8,4.8,5,5.33333333333333,4,NA,4.66666666666667,5,3,2,0,3,2,20,8,12,1,7,13,4.65,5.75,3.91666666666667,4,5.28571428571429,4.30769230769231,5
"6",2003,9,5.125,4,6,4.83333333333333,NA,6,4.83333333333333,1,3,0,1,3,24,9,15,1,8,16,4.72916666666667,5.77777777777778,4.1,4,5.375,4.40625,6
"7",2003,10,4,2,NA,4,5,5,3,0,2,1,1,1,26,9,17,2,9,17,4.67307692307692,5.77777777777778,4.08823529411765,4.5,5.33333333333333,4.32352941176471,7
"8",2003,11,9,1,NA,9,NA,9,NA,0,1,0,1,0,27,9,18,2,10,17,4.83333333333333,5.77777777777778,4.36111111111111,4.5,5.7,4.32352941176471,8
"9",2003,12,3.25,4,5,2.66666666666667,NA,5,2.66666666666667,1,3,0,1,3,31,10,21,2,11,20,4.62903225806452,5.7,4.11904761904762,4.5,5.63636363636364,4.075,9
"10",2004,1,3.75,4,6,3,NA,NA,3.75,1,3,0,0,4,35,11,24,2,11,24,4.52857142857143,5.72727272727273,3.97916666666667,4.5,5.63636363636364,4.02083333333333,10
"11",2004,2,4.8,5,6,4,NA,7,4.25,2,3,0,1,4,40,13,27,2,12,28,4.5625,5.76923076923077,3.98148148148148,4.5,5.75,4.05357142857143,11
"12",2004,3,3,3,2,3.5,NA,1,4,1,2,0,1,2,43,14,29,2,13,30,4.45348837209302,5.5,3.94827586206896,4.5,5.38461538461539,4.05,12
"13",2004,4,3,1,3,NA,NA,3,NA,1,0,0,1,0,44,15,29,2,14,30,4.42045454545455,5.33333333333333,3.94827586206896,4.5,5.21428571428571,4.05,13
"14",2004,5,5.6,5,6,4,4,NA,5.6,4,1,1,0,5,49,19,30,3,14,35,4.54081632653061,5.47368421052632,3.95,4.33333333333333,5.21428571428571,4.27142857142857,14
"15",2004,6,4.125,8,3.25,5,5.5,3.66666666666667,4.4,4,4,2,3,5,57,23,34,5,17,40,4.48245614035088,5.08695652173913,4.07352941176471,4.8,4.94117647058824,4.2875,15
"16",2004,7,4,3,4,4,NA,4,4,1,2,0,1,2,60,24,36,5,18,42,4.45833333333333,5.04166666666667,4.06944444444444,4.8,4.88888888888889,4.27380952380952,16
"17",2004,8,6.33333333333333,3,6.33333333333333,NA,NA,NA,6.33333333333333,3,0,0,0,3,63,27,36,5,18,45,4.54761904761905,5.18518518518519,4.06944444444444,4.8,4.88888888888889,4.41111111111111,17
"18",2004,9,5,1,NA,5,NA,5,NA,0,1,0,1,0,64,27,37,5,19,45,4.5546875,5.18518518518519,4.09459459459459,4.8,4.89473684210526,4.41111111111111,18
"19",2004,10,3.85714285714286,7,5,2.33333333333333,5,4,3.75,4,3,1,3,4,71,31,40,6,22,49,4.48591549295775,5.16129032258065,3.9625,4.83333333333333,4.77272727272727,4.35714285714286,19
"20",2004,11,4.88888888888889,9,4.66666666666667,5.33333333333333,4,5.5,4.4,6,3,1,4,5,80,37,43,7,26,54,4.53125,5.08108108108108,4.05813953488372,4.71428571428571,4.88461538461539,4.36111111111111,20
"21",2004,12,5.5,4,7,1,NA,5.5,NA,3,1,0,4,0,84,40,44,7,30,54,4.57738095238095,5.225,3.98863636363636,4.71428571428571,4.96666666666667,4.36111111111111,21
"22",2005,1,4.86666666666667,15,4.75,5,6,6,4.3,8,7,1,5,10,99,48,51,8,35,64,4.62121212121212,5.14583333333333,4.12745098039216,4.875,5.11428571428571,4.3515625,22
"23",2005,2,3.9375,8,5,3.3,NA,3.66666666666667,4.1,3,5,0,3,5,107,51,56,8,38,69,4.57009345794392,5.13725490196078,4.05357142857143,4.875,5,4.33333333333333,23
"24",2005,3,3.71428571428571,7,4,3,NA,3,4.25,5,2,0,3,4,114,56,58,8,41,73,4.51754385964912,5.03571428571429,4.01724137931035,4.875,4.85365853658537,4.32876712328767,24
"25",2005,4,4.72222222222222,9,5.875,3.8,6,6,4.35714285714286,4,5,1,2,7,123,60,63,9,43,80,4.53252032520325,5.09166666666667,4,5,4.90697674418605,4.33125,25
"26",2005,5,4.25,8,5.6,2,NA,4.75,3.75,5,3,0,4,4,131,65,66,9,47,84,4.51526717557252,5.13076923076923,3.90909090909091,5,4.8936170212766,4.30357142857143,26
"27",2005,6,4,5,3,8,8,4.25,3,4,1,1,4,1,136,69,67,10,51,85,4.49632352941176,5.00724637681159,3.97014925373134,5.3,4.84313725490196,4.28823529411765,27
"28",2005,7,4.25,8,5.4,2.33333333333333,2,2.5,4.83333333333333,5,3,1,2,6,144,74,70,11,53,91,4.48263888888889,5.03378378378378,3.9,5,4.75471698113208,4.32417582417582,28
"29",2005,8,4,9,4,4,4,4.4,3.5,2,7,3,5,4,153,76,77,14,58,95,4.45424836601307,5.00657894736842,3.90909090909091,4.78571428571429,4.72413793103448,4.28947368421053,29
"30",2005,9,3.16666666666667,6,3.5,3,2,3.33333333333333,3,2,4,1,3,3,159,78,81,15,61,98,4.40566037735849,4.96794871794872,3.8641975308642,4.6,4.65573770491803,4.25,30
"31",2005,10,3.66666666666667,6,4.25,2.5,NA,3.5,4,4,2,0,4,2,165,82,83,15,65,100,4.37878787878788,4.93292682926829,3.83132530120482,4.6,4.58461538461538,4.245,31
"32",2005,11,4.36363636363636,11,6.25,3.28571428571429,3,2.5,4.77777777777778,4,7,2,2,9,176,86,90,17,67,109,4.37784090909091,4.99418604651163,3.78888888888889,4.41176470588235,4.52238805970149,4.28899082568807,32
"33",2005,12,5.66666666666667,12,6.71428571428571,4.2,NA,5.83333333333333,5.5,7,5,0,6,6,188,93,95,17,73,115,4.46010638297872,5.12365591397849,3.81052631578947,4.41176470588235,4.63013698630137,4.35217391304348,33
"34",2006,1,4.61538461538461,13,4.75,4.4,6,4,4.88888888888889,8,5,1,4,9,201,101,100,18,77,124,4.47014925373134,5.09405940594059,3.84,4.5,4.5974025974026,4.39112903225806,34
"35",2006,2,3.8,10,3,4,2,2.66666666666667,5.5,2,8,1,6,4,211,103,108,19,83,128,4.43838862559242,5.05339805825243,3.85185185185185,4.36842105263158,4.45783132530121,4.42578125,35
"36",2006,3,4,10,4.125,3.91666666666667,NA,4.3,3.7,4,6,0,5,5,221,107,114,19,88,133,4.41855203619909,5.01869158878505,3.85526315789474,4.36842105263158,4.44886363636364,4.3984962406015,36
"37",2006,4,3.92857142857143,7,4,3.875,NA,3,4.08333333333333,3,4,0,1,6,228,110,118,19,89,139,4.40350877192982,4.99090909090909,3.85593220338983,4.36842105263158,4.43258426966292,4.38489208633094,37
"38",2006,5,4.625,8,4,5.66666666666667,NA,5,4.25,5,3,0,4,4,236,115,121,19,93,143,4.41101694915254,4.94782608695652,3.90082644628099,4.36842105263158,4.45698924731183,4.38111888111888,38
"39",2006,6,4.30833333333333,6,4.37,4,NA,5.5,3.7125,5,1,0,2,4,242,120,122,19,95,147,4.40847107438016,4.92375,3.9016393442623,4.36842105263158,4.47894736842105,4.36292517006803,39
"40",2006,7,5.16666666666667,6,4.66666666666667,5.66666666666667,NA,3,5.6,3,3,0,1,5,248,123,125,19,96,152,4.42681451612903,4.91747967479675,3.944,4.36842105263158,4.46354166666667,4.40361842105263,40
"41",2006,8,5.2,10,5.875,2.5,NA,4.66666666666667,5.42857142857143,8,2,0,3,7,258,131,127,19,99,159,4.45678294573643,4.97595419847328,3.92125984251969,4.36842105263158,4.46969696969697,4.44874213836478,41
"42",2006,9,4.74444444444444,9,4.5,5.05,NA,4.5,4.86666666666667,5,4,0,3,6,267,136,131,19,102,165,4.46647940074906,4.95845588235294,3.95572519083969,4.36842105263158,4.47058823529412,4.46393939393939,42
"43",2006,10,4.96153846153846,13,4.78571428571429,5.16666666666667,4,4,5.04166666666667,7,6,1,1,12,280,143,137,20,103,177,4.48946428571429,4.95,4.00875912408759,4.35,4.46601941747573,4.50310734463277,43
"44",2006,11,6.28571428571429,7,7,4.5,NA,10,5.66666666666667,5,2,0,1,6,287,148,139,20,104,183,4.53327526132404,5.01925675675676,4.0158273381295,4.35,4.51923076923077,4.54125683060109,44
"45",2006,12,4.45333333333333,15,4.97142857142857,4,6,4.54285714285714,4.375,7,8,1,7,8,302,155,147,21,111,191,4.52930463576159,5.01709677419355,4.01496598639456,4.42857142857143,4.52072072072072,4.53429319371728,45
"46",2007,1,4.07142857142857,28,4.15,4.02777777777778,4.5,4.03571428571429,4.10714285714286,10,18,2,14,14,330,165,165,23,125,205,4.49045454545454,4.96454545454545,4.01636363636364,4.43478260869565,4.4664,4.50512195121951,46
"47",2007,2,5.08823529411765,17,5.5,4.72222222222222,NA,5.41666666666667,4.90909090909091,8,9,0,6,11,347,173,174,23,131,216,4.51974063400576,4.9893063583815,4.05287356321839,4.43478260869565,4.50992366412214,4.52569444444445,47
"48",2007,3,5.10714285714286,14,5.7,3.625,NA,5.5,5.04166666666667,10,4,0,2,12,361,183,178,23,133,228,4.54252077562327,5.02814207650273,4.04325842696629,4.43478260869565,4.52481203007519,4.55285087719298,48
"49",2007,4,5.23076923076923,13,5.22222222222222,5.25,7,4.66666666666667,5.4,9,4,1,3,10,374,192,182,24,136,238,4.56644385026738,5.03723958333333,4.06978021978022,4.54166666666667,4.52794117647059,4.58844537815126,49
"50",2007,5,4.81052631578947,19,5.25,4.69333333333333,4,4.125,5.30909090909091,4,15,1,8,11,393,196,197,25,144,249,4.57824427480916,5.04158163265306,4.11725888324873,4.52,4.50555555555556,4.62028112449799,50
"51",2007,6,5,10,5.16666666666667,4.75,NA,2,5.33333333333333,6,4,0,1,9,403,202,201,25,145,258,4.58870967741935,5.04529702970297,4.12985074626866,4.52,4.48827586206897,4.64515503875969,51
"52",2007,7,4.62727272727273,11,5.85,3.92857142857143,3,5,4.54444444444444,4,7,1,2,9,414,206,208,26,147,267,4.58973429951691,5.06092233009709,4.12307692307692,4.46153846153846,4.4952380952381,4.64176029962547,52
"53",2007,8,4.58235294117647,17,4.35454545454545,5,3,5.1,4.42307692307692,11,6,1,4,13,431,217,214,27,151,280,4.58944315545244,5.02511520737327,4.14766355140187,4.40740740740741,4.5112582781457,4.63160714285714,53
"54",2007,9,4.71875,16,5.86363636363636,2.2,NA,5.07142857142857,4.44444444444444,11,5,0,7,9,447,228,219,27,158,289,4.59407158836689,5.0655701754386,4.10319634703196,4.40740740740741,4.53607594936709,4.62577854671281,54
"55",2007,10,4.125,8,5.5,3.66666666666667,NA,4.33333333333333,4,2,6,0,3,5,455,230,225,27,161,294,4.58582417582418,5.06934782608696,4.09155555555556,4.40740740740741,4.53229813664596,4.61513605442177,55
"56",2007,11,4.13333333333333,15,5.125,3,NA,2.4,5,8,7,0,5,10,470,238,232,27,166,304,4.5713829787234,5.07121848739496,4.05862068965517,4.40740740740741,4.46807228915663,4.62779605263158,56
"57",2007,12,5,16,5.25,4.91666666666667,5,4.85714285714286,5.11111111111111,4,12,4,7,9,486,242,244,31,173,313,4.58549382716049,5.07417355371901,4.10081967213115,4.48387096774193,4.48381502890173,4.64169329073483,57
"58",2008,1,3.71538461538462,13,4.04285714285714,3.33333333333333,7,2.5,3.93636363636364,7,6,1,2,11,499,249,250,32,175,324,4.56282565130261,5.04518072289157,4.0824,4.5625,4.46114285714286,4.61774691358025,58
"59",2008,2,4.63333333333333,15,4.7,4.5,4,4.41666666666667,4.77777777777778,10,5,1,6,9,514,259,255,33,181,333,4.56488326848249,5.03185328185328,4.09058823529412,4.54545454545454,4.45966850828729,4.62207207207207,59
"60",2008,3,4.71052631578947,19,4.9,4.64285714285714,3.5,5,4.54166666666667,5,14,2,7,12,533,264,269,35,188,345,4.57007504690432,5.02935606060606,4.11933085501859,4.48571428571428,4.47978723404255,4.61927536231884,60
"61",2008,4,5.13666666666667,15,5.55,4,4.5,4.28571428571429,5.88125,11,4,2,7,8,548,275,273,37,195,353,4.58558394160584,5.05018181818182,4.11758241758242,4.48648648648649,4.47282051282051,4.64787535410765,61
"62",2008,5,4.72727272727273,11,6,4.25,4,4.33333333333333,4.875,3,8,1,3,8,559,278,281,38,198,361,4.58837209302326,5.06043165467626,4.12135231316726,4.47368421052632,4.47070707070707,4.65290858725762,62
"63",2008,6,5.38888888888889,9,5.625,5.2,5,5.375,5.4,4,5,2,4,5,568,282,286,40,202,366,4.60105633802817,5.06843971631206,4.14020979020979,4.5,4.48861386138614,4.66311475409836,63
"64",2008,7,4.14285714285714,14,3.66666666666667,4.27272727272727,3.4,3.14285714285714,5.14285714285714,3,11,5,7,7,582,285,297,45,209,373,4.59003436426117,5.05368421052632,4.14511784511785,4.37777777777778,4.44354066985646,4.67211796246649,64
"65",2008,8,5.05555555555556,9,5.7,4.25,3,4.16666666666667,5.5,5,4,1,3,6,591,290,301,46,212,379,4.59712351945855,5.0648275862069,4.14651162790698,4.34782608695652,4.43962264150943,4.68522427440633,65
"66",2008,9,4.92857142857143,14,4.625,5.33333333333333,NA,5,4.90909090909091,8,6,0,3,11,605,298,307,46,215,390,4.60479338842975,5.05302013422819,4.16970684039088,4.34782608695652,4.44744186046512,4.69153846153846,66
"67",2008,10,3.66875,16,3.52857142857143,3.77777777777778,3.33333333333333,3.94,3.54545454545455,7,9,3,5,11,621,305,316,49,220,401,4.58067632850242,5.01803278688525,4.15854430379747,4.28571428571429,4.43590909090909,4.66009975062344,67
"68",2008,11,4.74842105263158,19,6.03333333333333,3.592,4.64,3,5.07625,9,10,3,3,16,640,314,326,52,223,417,4.58565625,5.04713375796178,4.14116564417178,4.30615384615385,4.41659192825112,4.67606714628297,68
"69",2008,12,4.45652173913043,23,4.875,4,3.6,3,4.97058823529412,12,11,5,6,17,663,326,337,57,229,434,4.58117647058824,5.04079754601227,4.13655786350148,4.24421052631579,4.37947598253275,4.68760368663594,69
"70",2009,1,4.53448275862069,29,5,4.03571428571429,3.5,4.75,4.47826086956522,15,14,2,6,23,692,341,351,59,235,457,4.57921965317919,5.03900293255132,4.13253561253561,4.21898305084746,4.38893617021277,4.67706783369803,70
"71",2009,2,4.65576923076923,26,4.59375,4.68333333333333,4.4,4.35,4.72857142857143,8,18,5,5,21,718,349,369,64,240,478,4.58199164345404,5.02879656160458,4.15940379403794,4.233125,4.388125,4.67933054393306,71
"72",2009,3,4.69130434782609,23,5.24285714285714,3.83333333333333,2.66666666666667,3,4.76818181818182,14,9,3,1,22,741,363,378,67,241,500,4.58538461538462,5.0370523415978,4.15164021164021,4.16298507462686,4.38236514522822,4.68324,72
"73",2009,4,4.68125,16,6.475,4.08333333333333,4.5,5.63333333333333,4.46153846153846,4,12,2,3,13,757,367,390,69,244,513,4.5874108322325,5.05272479564033,4.14953846153846,4.1727536231884,4.39774590163934,4.67762183235868,73
"74",2009,5,4.12727272727273,11,3.5,4.19,5.66666666666667,3.1,4.71428571428571,1,10,3,4,7,768,368,400,72,248,520,4.5808203125,5.04850543478261,4.15055,4.235,4.37681451612903,4.67811538461538,74
"75",2009,6,4.42857142857143,28,4.375,4.45,5,5.16666666666667,4.22727272727273,8,20,5,6,22,796,376,420,77,254,542,4.5754648241206,5.03417553191489,4.16480952380952,4.28467532467532,4.39547244094488,4.65981549815498,75
"76",2009,7,5.01428571428571,21,5.33333333333333,4.88666666666667,4.4,4.5,5.175,6,15,5,5,16,817,382,435,82,259,558,4.58674418604651,5.03887434554974,4.18970114942529,4.29170731707317,4.39749034749035,4.67458781362007,76
"77",2009,8,4.36,15,3.475,4.68181818181818,6.25,3.975,4.5,4,11,2,4,11,832,386,446,84,263,569,4.58265625,5.02266839378238,4.20183856502242,4.33833333333333,4.39106463878327,4.67121265377856,77
"78",2009,9,4.89473684210526,19,5.77777777777778,4.1,4,4,5,9,10,5,2,17,851,395,456,89,265,586,4.58962397179789,5.03987341772152,4.1996052631579,4.31932584269663,4.38811320754717,4.68075085324232,78
"79",2009,10,4.32142857142857,14,4,4.5,4.33333333333333,3.5,4.65,5,9,6,4,10,865,400,465,95,269,596,4.58528323699422,5.026875,4.20541935483871,4.32021052631579,4.37490706319703,4.68023489932886,79
"80",2009,11,6.06,15,5,6.9875,7.5,6.2,5.99,7,8,1,5,10,880,407,473,96,274,606,4.61042045454546,5.02641277641278,4.25247357293869,4.35333333333333,4.40821167883212,4.70184818481848,80
"81",2009,12,4.28260869565217,23,4.29166666666667,4.27272727272727,4.66666666666667,4.14285714285714,4.34375,12,11,6,7,16,903,419,484,102,281,622,4.60207087486157,5.00536992840096,4.25293388429752,4.37176470588235,4.40160142348755,4.69263665594855,81
"82",2010,1,4.88333333333333,30,5.21052631578947,4.31818181818182,3.8,4.625,4.97727272727273,19,11,5,8,22,933,438,495,107,289,644,4.61111468381565,5.0142694063927,4.25438383838384,4.34504672897196,4.40778546712803,4.70236024844721,82
"83",2010,2,5.02142857142857,14,5.96666666666667,4.3125,4.5,4,5.1,6,8,2,1,13,947,444,503,109,290,657,4.61718057022175,5.02713963963964,4.25530815109344,4.34788990825688,4.40637931034483,4.71022831050228,83
"84",2010,3,5.04545454545455,11,4.92857142857143,5.25,6.5,5,5.07142857142857,7,4,2,4,7,958,451,507,111,294,664,4.6220981210856,5.02560975609756,4.26315581854043,4.38666666666667,4.41445578231293,4.71403614457831,84
"85",2010,4,5.22222222222222,9,5.5,5,2.5,4,5.375,4,5,2,1,8,967,455,512,113,295,672,4.627683557394,5.02978021978022,4.2703515625,4.35327433628319,4.41305084745763,4.72190476190476,85
"86",2010,5,5.42857142857143,7,4.66666666666667,6,6.5,5,5.75,3,4,2,3,4,974,458,516,115,298,676,4.63343942505133,5.02740174672489,4.28375968992248,4.39060869565217,4.41895973154363,4.72798816568047,86
"87",2010,6,4.48333333333333,12,5.42857142857143,3.16,4.4,NA,4.48333333333333,7,5,2,0,12,986,465,521,117,298,688,4.63161257606491,5.03344086021506,4.27297504798465,4.39076923076923,4.41895973154363,4.72372093023256,87
"88",2010,7,3.94444444444444,9,4.375,3.6,2.5,3,4.21428571428571,4,5,2,2,7,995,469,526,119,300,695,4.62539698492462,5.02782515991471,4.26657794676806,4.35899159663865,4.4095,4.71858992805755,88
"89",2010,8,4.82352941176471,17,4.71428571428571,4.9,5,4,5,7,10,2,3,14,1012,476,536,121,303,709,4.62872529644269,5.02321428571429,4.27839552238806,4.3695867768595,4.40544554455446,4.7241466854725,89
"90",2010,9,3.94444444444444,9,3.7,4.25,3.66666666666667,4,3.91666666666667,5,4,3,3,6,1021,481,540,124,306,715,4.62269343780607,5.00945945945946,4.27818518518519,4.35258064516129,4.40147058823529,4.71737062937063,90
"91",2010,10,5.25,6,5.3,5,NA,NA,5.25,5,1,0,0,6,1027,486,541,124,306,721,4.62635832521909,5.01244855967078,4.27951940850277,4.35258064516129,4.40147058823529,4.72180305131762,91
"92",2010,11,4.5,15,5.375,3.5,6,2,4.67857142857143,8,7,1,1,14,1042,494,548,125,307,735,4.62453934740883,5.01831983805668,4.26956204379562,4.36576,4.39364820846906,4.72097959183673,92
"93",2010,12,3.82352941176471,17,4.14285714285714,3.6,4.5,2.66666666666667,4.07142857142857,7,10,2,3,14,1059,501,558,127,310,749,4.61168083097262,5.0060878243513,4.25756272401434,4.36787401574803,4.37693548387097,4.70883845126836,93
"94",2011,1,4.82,25,5.09090909090909,4.60714285714286,4.71428571428571,4.66666666666667,4.84090909090909,11,14,7,3,22,1084,512,572,134,313,771,4.6164852398524,5.00791015625,4.26611888111888,4.38597014925373,4.3797124600639,4.71260700389105,94
"95",2011,2,4.26666666666667,15,4.25,4.27272727272727,NA,3.66666666666667,4.41666666666667,4,11,0,3,12,1099,516,583,134,316,783,4.61171064604186,5.00203488372093,4.266243567753,4.38597014925373,4.37294303797468,4.70807151979566,95
"96",2011,3,5.32868181818182,22,5.8154,4.28571428571429,6.18275,5.25,5.34616666666667,15,7,4,4,18,1121,531,590,138,320,801,4.62578144513827,5.02501129943503,4.26647457627119,4.43805072463768,4.38390625,4.72241073657928,96
"97",2011,4,4.55555555555556,9,5.5,3.8,2.5,3,5.8,4,5,2,4,5,1130,535,595,140,324,806,4.62522212389381,5.02856261682243,4.26255462184874,4.41036428571428,4.36682098765432,4.72909553349876,97
"98",2011,5,3.92263157894737,19,4.58,3.19222222222222,2,2.706,4.35714285714286,10,9,3,5,14,1149,545,604,143,329,820,4.61360400348129,5.02033211009175,4.2466059602649,4.3597972027972,4.34158054711246,4.72274512195122,98
"99",2011,6,4.53333333333333,15,5.33333333333333,3.33333333333333,4,3.75,4.81818181818182,9,6,1,4,11,1164,554,610,144,333,831,4.61256958762887,5.02541696750903,4.23762295081967,4.35729861111111,4.33447447447447,4.72400842358604,99
"100",2011,7,5.45,12,6.28571428571429,4.28,4.95,4.75,5.8,7,5,2,4,8,1176,561,615,146,337,839,4.62111479591837,5.04114260249555,4.2379674796748,4.36541780821918,4.33940652818991,4.73426817640048,100
"101",2011,8,4.56521739130435,23,5.16666666666667,4.35294117647059,3.2,5.375,4.13333333333333,6,17,5,8,15,1199,567,632,151,345,854,4.6200425354462,5.0424708994709,4.24106012658228,4.32682781456954,4.36342028985507,4.7237131147541,101
"102",2011,9,5,12,5.57142857142857,4.2,6,9,4.63636363636364,7,5,1,1,11,1211,574,637,152,346,865,4.62380759702725,5.04892160278746,4.24073783359498,4.33783552631579,4.37682080924855,4.72260231213873,102
"103",2011,10,4.625,12,4.71428571428571,4.5,NA,5.83333333333333,4.22222222222222,7,5,0,3,9,1223,581,642,152,349,874,4.62381929681112,5.04488984509467,4.2427570093458,4.33783552631579,4.38934097421203,4.71744965675057,103
"104",2011,11,4.21428571428571,14,5.33333333333333,3.375,1,4.2,4.22222222222222,6,8,2,5,9,1237,587,650,154,354,883,4.61918431689571,5.04783816013629,4.23207692307693,4.29448701298701,4.38666666666667,4.7124020385051,104
"105",2011,12,4.875,16,6,4.5,4.5,3.66666666666667,5.15384615384615,4,12,2,3,13,1253,591,662,156,357,896,4.62245091779729,5.05428257191201,4.2369335347432,4.29712179487179,4.3806162464986,4.71880691964286,105
"106",2012,1,3.83333333333333,24,4.16666666666667,3.5,3.33333333333333,3.42857142857143,4,12,12,6,7,17,1277,603,674,162,364,913,4.60762020360219,5.03661857379768,4.22381305637982,4.26142592592593,4.36230769230769,4.70542278203724,106
"107",2012,2,4.3125,16,4.1,4.66666666666667,2,NA,4.3125,10,6,1,0,16,1293,613,680,163,364,929,4.6039682907966,5.02133931484503,4.2277205882353,4.24755214723926,4.36230769230769,4.69865554359526,107
"108",2012,3,4.42857142857143,14,4.5,4.375,8,4.5,4.41666666666667,6,8,1,2,12,1307,619,688,164,366,941,4.60208951798011,5.0162859450727,4.22943313953489,4.27043292682927,4.36306010928962,4.69505951115834,108
"109",2012,4,4.96666666666667,15,5.16666666666667,4.66666666666667,4.66666666666667,4,5.11538461538461,9,6,3,2,13,1322,628,694,167,368,954,4.60622617246596,5.01844108280255,4.23321325648415,4.27755089820359,4.36108695652174,4.70078721174004,109
"110",2012,5,4.85714285714286,21,5.18181818181818,4.5,3.6,6,4.8,11,10,2,1,20,1343,639,704,169,369,974,4.61014966492926,5.02125352112676,4.23700284090909,4.2695325443787,4.36552845528455,4.70282443531827,110
"111",2012,6,5.45454545454545,11,6.85714285714286,3,3,2.5,6.11111111111111,7,4,1,2,9,1354,646,708,170,371,983,4.61700960118168,5.04114705882353,4.23001412429379,4.26206470588235,4.35547169811321,4.71571820956256,111
"112",2012,7,5.63583333333333,12,6,5.27166666666667,4.5,7.5,5.263,6,6,2,2,10,1366,652,714,172,373,993,4.62595973645681,5.04997085889571,4.2387675070028,4.26483139534884,4.37233243967828,4.72122960725075,112
"113",2012,8,4,4,3,5,NA,4.66666666666667,2,2,2,0,3,1,1370,654,716,172,376,994,4.62413211678832,5.04370183486239,4.24089385474861,4.26483139534884,4.37468085106383,4.71849195171026,113
"114",2012,9,4.43333333333333,15,5.08333333333333,4,4.4,4.66666666666667,4.375,6,9,5,3,12,1385,660,725,177,379,1006,4.62206570397112,5.04406212121212,4.23790344827586,4.26864971751412,4.37699208443272,4.71439463220676,114
"115",2012,10,3.96666666666667,15,4.27777777777778,3.5,3,3.66666666666667,4.04166666666667,9,6,1,3,12,1400,669,731,178,382,1018,4.61504357142857,5.0337533632287,4.23184678522572,4.26152247191011,4.37141361256545,4.70646463654224,115
"116",2012,11,4.96153846153846,13,4.83333333333333,5.25,5,5.66666666666667,4.75,9,4,1,3,10,1413,678,735,179,385,1028,4.61823142250531,5.03109292035399,4.23738775510204,4.26564804469274,4.38150649350649,4.70688813229572,116
"117",2012,12,4.35714285714286,21,5.5,3.5,3.33333333333333,3.6,4.59375,9,12,3,5,16,1434,687,747,182,390,1044,4.6144079497908,5.03723580786026,4.2255421686747,4.25028021978022,4.37148717948718,4.70515421455939,117
"118",2013,1,4.43181818181818,22,4.84615384615385,3.83333333333333,3.16666666666667,4.375,4.44444444444444,13,9,3,4,18,1456,700,756,185,394,1062,4.61164903846154,5.03368714285715,4.22087301587302,4.23270810810811,4.37152284263959,4.70073540489642,118
"119",2013,2,4.72083333333333,12,4.5,4.94166666666667,4.5,5.55,4.44444444444444,6,6,2,3,9,1468,706,762,187,397,1071,4.61254155313352,5.02915155807366,4.22654855643045,4.23556684491979,4.3804282115869,4.6985816993464,119
"120",2013,3,4.44615384615385,13,5.075,4.16666666666667,4,3.75,4.57272727272727,4,9,1,2,11,1481,710,771,188,399,1082,4.61108102633356,5.02940985915493,4.2258495460441,4.23431382978723,4.37726817042607,4.6973022181146,120
"121",2013,4,4.6,15,5,4,3,3.5,4.76923076923077,9,6,2,2,13,1496,719,777,190,401,1095,4.6109699197861,5.02904172461753,4.22410553410554,4.22132105263158,4.3728927680798,4.69815616438356,121
"122",2013,5,4.2,10,5,3.66666666666667,4,5,3.85714285714286,4,6,1,3,7,1506,723,783,191,404,1102,4.60824103585658,5.02888105117566,4.21983397190294,4.22016230366492,4.3775495049505,4.69281397459165,122
"123",2013,6,4.75,12,5.4,4.28571428571429,7.5,5.5,4.6,5,7,2,2,10,1518,728,790,193,406,1112,4.60936166007905,5.03142994505495,4.22041772151899,4.25415025906736,4.38307881773399,4.69197931654676,123
"124",2013,7,4,16,4.66666666666667,3.14285714285714,3.83333333333333,3.16666666666667,4.19230769230769,9,7,3,3,13,1534,737,797,196,409,1125,4.60300586701434,5.02697557666215,4.21095357590966,4.24770918367347,4.37415647921761,4.68620533333333,124
"125",2013,8,4.275,20,4.55,4,4.5,5.25,4.03125,10,10,4,4,16,1554,747,807,200,413,1141,4.59878442728443,5.02059036144579,4.2083395291202,4.252755,4.3826392251816,4.67702103418054,125
"126",2013,9,5.7,15,7,5.05,4.5,3.25,6.59090909090909,5,10,2,4,11,1569,752,817,202,417,1152,4.60931230082856,5.03375132978724,4.21864137086904,4.25520297029703,4.37177458033573,4.69529600694444,126
"127",2013,10,4.4375,20,4.85,4.025,4.25,3.5,4.54166666666667,10,10,4,2,18,1589,762,827,206,419,1170,4.60714977973568,5.03133989501313,4.21629987908102,4.25510194174757,4.36761336515513,4.69293247863248,127
"128",2013,11,4.24,20,4.90909090909091,3.42222222222222,4,NA,4.24,11,9,2,0,20,1609,773,836,208,419,1190,4.60258607830951,5.02960025873221,4.20775119617225,4.25264903846154,4.36761336515513,4.68532016806723,128
"129",2013,12,5.05882352941176,17,5,5.1,6,4.33333333333333,5.21428571428571,7,10,6,3,14,1626,780,846,214,422,1204,4.60735608856089,5.02933461538462,4.21829787234043,4.30164018691589,4.36736966824645,4.69147093023256,129
"130",2014,1,4,12,4.25,3.5,NA,3.75,4.05,8,4,0,2,10,1638,788,850,214,424,1214,4.6029065934066,5.02142258883249,4.21491764705883,4.30164018691589,4.36445754716981,4.68618698517298,130
"131",2014,2,3.58333333333333,18,3.72222222222222,3.44444444444444,1.66666666666667,4.83333333333333,3.33333333333333,9,9,3,3,15,1656,797,859,217,427,1229,4.59182427536232,5.00675156838143,4.20684516880093,4.26521198156682,4.36775175644028,4.6696753458096,131
"132",2014,3,4.71428571428571,14,5.83333333333333,3.875,4.25,5,4.66666666666667,6,8,4,2,12,1670,803,867,221,429,1241,4.5928508982036,5.01292777085928,4.20378316032296,4.26493665158371,4.3706993006993,4.66964625302176,132
"133",2014,4,5.54545454545455,11,6.42857142857143,4,4,4,5.7,7,4,2,1,10,1681,810,871,223,430,1251,4.59908447352767,5.02516172839506,4.20284730195178,4.26256053811659,4.36983720930233,4.6778824940048,133
"134",2014,5,5.125,8,5.5,4,5,4,5.28571428571429,6,2,1,1,7,1689,816,873,224,431,1258,4.60157548845471,5.02865318627451,4.20238258877434,4.26585267857143,4.36897911832947,4.68126470588235,134
"135",2014,6,4.87727272727273,22,5.625,3.98,4.33333333333333,5.6,4.66470588235294,12,10,3,5,17,1711,828,883,227,436,1275,4.60512039742841,5.03729589371981,4.19986409966025,4.26674449339207,4.38309633027523,4.68104392156863,135
"136",2014,7,3.81666666666667,12,3.2,4.25714285714286,1.9,2,3.98181818181818,5,7,2,1,11,1723,833,890,229,437,1286,4.59962913522926,5.02626770708283,4.20031460674157,4.24607423580786,4.37764302059497,4.67506298600311,136
"137",2014,8,3.68421052631579,19,4.4,2.88888888888889,2.75,6,3.55555555555556,10,9,2,1,18,1742,843,899,231,438,1304,4.58964466130884,5.01883867141163,4.18718576195773,4.23312121212121,4.38134703196347,4.65960966257669,137
"138",2014,9,4,17,5.08333333333333,3.40909090909091,3.66666666666667,2.875,4.34615384615385,6,11,3,4,13,1759,849,910,234,442,1317,4.58394599204094,5.01929446407538,4.17778021978022,4.22585897435897,4.3677149321267,4.65651556567958,138
"139",2014,10,4.38461538461539,13,5,3.85714285714286,3,5,4.2,6,7,3,3,10,1772,855,917,237,445,1327,4.58248363431152,5.01915906432749,4.17533260632498,4.2103417721519,4.37197752808989,4.65307535795026,139
"140",2014,11,4.62,15,5.33333333333333,4.14444444444444,1.3,3.325,5.09090909090909,6,9,1,4,11,1787,861,926,238,449,1338,4.58279854504757,5.02134843205575,4.17503239740821,4.19811344537815,4.36265033407572,4.65667488789238,140
"141",2014,12,4.59285714285714,14,5,3.86,4.15,5,4.48181818181818,9,5,2,3,11,1801,870,931,240,452,1349,4.58287673514714,5.0211275862069,4.17334049409238,4.1977125,4.36688053097345,4.65524907338769,141
"142",2015,1,4.98148148148148,27,5.52941176470588,4.05,3.5,4,5.325,17,10,4,7,20,1828,887,941,244,459,1369,4.58876422319475,5.03086922209696,4.17202975557917,4.18627459016393,4.36128540305011,4.66503360116874,142
"143",2015,2,4.145,20,4.74166666666667,3.25,2.75,2.5,4.32777777777778,12,8,4,2,18,1848,899,949,248,461,1387,4.58396158008658,5.02700889877642,4.16425711275027,4.16310887096774,4.35321041214751,4.66065681326604,143
"144",2015,3,4.33478260869565,23,4.8,3.97692307692308,4.75,5.15,4.16315789473684,10,13,4,4,19,1871,909,962,252,465,1406,4.58089845002673,5.02451155115512,4.16172557172557,4.1724246031746,4.36006451612903,4.65393385490754,144
"145",2015,4,4.21052631578947,19,4.83333333333333,3.92307692307692,4,3.57142857142857,4.58333333333333,6,13,3,7,12,1890,915,975,255,472,1418,4.57717513227514,5.02325792349727,4.15854358974359,4.17039607843137,4.3483686440678,4.65333638928068,145
"146",2015,5,5.66,15,6.17,4.64,NA,4.6,5.82307692307692,10,5,0,2,13,1905,925,980,255,474,1431,4.58570131233596,5.03565513513514,4.161,4.17039607843137,4.34943037974684,4.66396296296296,146
"147",2015,6,3.91473684210526,19,4.838,2.88888888888889,6,3.975,3.89866666666667,10,9,1,4,15,1924,935,989,256,478,1446,4.57907536382537,5.03354117647059,4.14942366026289,4.17754296875,4.34629707112971,4.65602420470263,147
"148",2015,7,4.475,24,5.06428571428571,3.65,4.5,5.1,4.35,14,10,3,4,20,1948,949,999,259,482,1466,4.5777931211499,5.0339947312961,4.14442442442443,4.18127799227799,4.35255186721992,4.65184924965893,148
"149",2015,8,4.65,26,4.795,4.16666666666667,3.5,5.05,4.47222222222222,20,6,2,8,18,1974,969,1005,261,490,1484,4.57874417426545,5.02906191950464,4.14455721393035,4.17605747126437,4.3639387755102,4.6496704851752,149
"150",2015,9,5.38333333333333,12,6.01428571428571,4.5,3.25,5,5.46,7,5,2,2,10,1986,976,1010,263,492,1494,4.58360574018127,5.03612807377049,4.14631683168317,4.16901520912547,4.3665243902439,4.65509437751004,150
"151",2015,10,5.45454545454545,11,5.33333333333333,5.6,5.25,7.75,4.94444444444444,6,5,2,2,9,1997,982,1015,265,494,1503,4.58840310465699,5.03794399185336,4.15347783251232,4.17717358490566,4.38022267206478,4.65682701264138,151
"152",2015,11,5.09090909090909,22,5.38461538461539,4.66666666666667,NA,5.5,5,13,9,0,4,18,2019,995,1024,265,498,1521,4.59387865279842,5.04247336683417,4.15798828125,4.17717358490566,4.38921686746988,4.66088823142669,152
"153",2015,12,4.3695652173913,23,4.8,4.03846153846154,4,4.66666666666667,4.325,10,13,6,3,20,2042,1005,1037,271,501,1541,4.59135210577865,5.04006069651741,4.15648987463838,4.17325092250922,4.39087824351297,4.65652887735237,153
"154",2016,1,4.87857142857143,35,5.41666666666667,3.70454545454545,3.85714285714286,4.25,4.91666666666667,24,11,7,2,33,2077,1029,1048,278,503,1574,4.59619210399615,5.04884450923227,4.15174618320611,4.16529136690647,4.39031809145129,4.66198284625159,154
"155",2016,2,4.73333333333333,21,4.88571428571429,4.42857142857143,3.5,4.3,4.86875,14,7,2,5,16,2098,1043,1055,280,508,1590,4.59756482364157,5.04665484180249,4.15358293838863,4.16053928571428,4.38942913385827,4.66406352201258,155
"156",2016,3,5.26470588235294,17,5.79166666666667,4,3.33333333333333,7,5.15625,12,5,3,1,16,2115,1055,1060,283,509,1606,4.60292718676123,5.05512890995261,4.15285849056604,4.1517703180212,4.394557956778,4.66896699875467,156
"157",2016,4,4.07142857142857,28,4.35714285714286,3.78571428571429,4.66666666666667,4.5,3.95454545454545,14,14,3,6,22,2143,1069,1074,286,515,1628,4.59598273448437,5.04598783910196,4.14807262569832,4.15717132867133,4.39578640776699,4.65931265356265,157
"158",2016,5,4.70526315789474,19,4.54545454545455,4.925,4.85,3.625,4.99333333333333,11,8,4,4,15,2162,1080,1082,290,519,1643,4.59694310823312,5.04088981481481,4.15381700554529,4.1667275862069,4.38984585741811,4.6623621424224,158
"159",2016,6,4,18,4.41666666666667,3.79166666666667,3.83333333333333,5,3.61538461538462,6,12,6,5,13,2180,1086,1094,296,524,1656,4.59201422018349,5.03744106813996,4.14984460694698,4.15996959459459,4.3956679389313,4.65414311594203,159
"160",2016,7,4.6125,24,5.01818181818182,4.26923076923077,4.25,6,4.55217391304348,11,13,4,1,23,2204,1097,1107,300,525,1679,4.59223729582577,5.03724794895169,4.15124661246613,4.16117,4.39872380952381,4.65274627754616,160
"161",2016,8,4.06,25,3.72727272727273,4.32142857142857,4.6,5,4.02083333333333,11,14,5,1,24,2229,1108,1121,305,526,1703,4.58626783310902,5.02424277978339,4.15337198929527,4.16836393442623,4.39986692015209,4.64384086905461,161
"162",2016,9,4.38235294117647,17,4.57142857142857,4.25,5.66666666666667,4.5,4.31818181818182,7,10,3,6,11,2246,1115,1131,308,532,1714,4.58472439893144,5.0214,4.15422634836428,4.18295779220779,4.4009962406015,4.64175087514586,162
"163",2016,10,4.54838709677419,31,5.19047619047619,3.2,1.5,4.16666666666667,4.64,21,10,2,6,25,2277,1136,1141,310,538,1739,4.58422968818621,5.02452552816901,4.14586327782647,4.16564838709677,4.39838289962825,4.64172570442783,163
"164",2016,11,5.10869565217391,23,5.47368421052632,3.375,2,4.57142857142857,5.34375,19,4,1,7,16,2300,1155,1145,311,545,1755,4.58947434782609,5.03191428571429,4.14317030567686,4.15868488745981,4.40060550458716,4.64812592592592,164
"165",2016,12,3.84090909090909,22,4.29166666666667,3.3,NA,5.25,3.7,12,10,0,2,20,2322,1167,1155,311,547,1775,4.58238199827735,5.02430248500428,4.13587012987013,4.15868488745981,4.40371115173675,4.63744281690141,165
"166",2017,1,5.09347826086957,46,5.54761904761905,4.712,5.14285714285714,4.66666666666667,5.1575,21,25,7,6,40,2368,1188,1180,318,553,1815,4.59231038851352,5.03355303030303,4.14807627118644,4.18034905660377,4.40656419529837,4.6489041322314,166
"167",2017,2,4.38636363636364,22,4.42307692307692,4.33333333333333,4.66666666666667,3.66666666666667,4.5,13,9,3,3,19,2390,1201,1189,321,556,1834,4.59041464435147,5.02694504579517,4.14947855340623,4.18489408099688,4.40257194244604,4.6473615049073,167
"168",2017,3,4.98260869565217,23,5.54285714285714,4.11111111111111,2,8,4.84545454545455,14,9,2,1,22,2413,1215,1198,323,557,1856,4.59415292167427,5.03288971193416,4.14919031719533,4.1713653250774,4.40903052064632,4.64970959051724,168
"169",2017,4,4.70454545454545,22,4.96666666666667,4.14285714285714,6,5.625,4.5,15,7,1,4,18,2435,1230,1205,324,561,1874,4.59515030800822,5.03208211382114,4.14915352697096,4.17700925925926,4.41770053475936,4.64827161152615,169
"170",2017,5,4.125,24,4.85714285714286,3.1,3,NA,4.125,14,10,3,0,24,2459,1244,1215,327,561,1898,4.59056161041074,5.03011334405145,4.14051851851852,4.16621100917431,4.41770053475936,4.64165489989462,170
"171",2017,6,4.84375,16,5.05555555555556,4.57142857142857,4,NA,4.84375,9,7,3,0,16,2475,1253,1222,330,561,1914,4.59219838383839,5.03029608938547,4.14298690671031,4.1647,4.41770053475936,4.64334430512017,171
"172",2017,7,3.68421052631579,19,4.125,3.36363636363636,4.33333333333333,4.16666666666667,3.46153846153846,8,11,3,6,13,2494,1261,1233,333,567,1927,4.58528107457899,5.02455273592387,4.13603406326034,4.16621921921922,4.41504409171076,4.63537156201349,172
"173",2017,8,3.9,35,4.35,3.3,3.4,4,3.88709677419355,20,15,5,4,31,2529,1281,1248,338,571,1958,4.57579715302491,5.01402107728337,4.12598557692308,4.15488461538462,4.41213660245184,4.62352451481103,173
"174",2017,9,4.292,25,4.61538461538461,3.94166666666667,4.45,4,4.365,13,12,4,5,20,2554,1294,1260,342,576,1978,4.57301918559123,5.01001622874807,4.12423015873016,4.15833625730994,4.40855902777778,4.62091051567239,174
"175",2017,10,4.20689655172414,29,4.375,4.08823529411765,3.92857142857143,2,4.28571428571429,12,17,7,1,28,2583,1306,1277,349,577,2006,4.56890863337205,5.00418147013783,4.1237509788567,4.15372779369628,4.40438474870017,4.61623180458624,175
"176",2017,11,4.19117647058824,34,4.30769230769231,4.11904761904762,3.8,3.75,4.25,13,21,5,4,30,2617,1319,1298,354,581,2036,4.56400114635079,4.99731690674754,4.1236748844376,4.14873163841808,4.39987951807229,4.61083546168959,176
"177",2017,12,4.31,30,4.65555555555556,3.79166666666667,4,3,4.3551724137931,18,12,4,1,29,2647,1337,1310,358,582,2065,4.56112240272006,4.9927157816006,4.12063358778626,4.14706983240224,4.39747422680412,4.60724503631961,177
"178",2018,1,4.62162162162162,37,4.77777777777778,4.2,5.25,5.33333333333333,4.55882352941176,27,10,2,3,34,2684,1364,1320,360,585,2099,4.56195640834575,4.98846114369502,4.12123484848485,4.15319722222222,4.4022735042735,4.60646069556932,178
"179",2018,2,4.85294117647059,17,5.125,4.61111111111111,4.66666666666667,4,4.90625,8,9,3,1,16,2701,1372,1329,363,586,2115,4.5637878563495,4.98925728862974,4.12455229495862,4.15744077134986,4.40158703071672,4.60872860520094,179
"180",2018,3,4.76666666666667,24,4.8375,4.625,4,4.66666666666667,4.78095238095238,16,8,2,3,21,2725,1388,1337,365,589,2136,4.56557467889908,4.98750792507205,4.12754674644727,4.15657808219178,4.40293718166384,4.6104218164794,180
"181",2018,4,4.28571428571429,35,4.44736842105263,4.09375,5,4.33333333333333,4.28125,19,16,4,3,32,2760,1407,1353,369,592,2168,4.56202572463768,4.98021393034826,4.12714708056172,4.16572086720867,4.40258445945946,4.60556319188192,181
"182",2018,5,5.0625,20,5.175,4.95,3,3,5.17105263157895,10,10,1,1,19,2780,1417,1363,370,593,2187,4.56562625899281,4.98158856739591,4.13318415260455,4.16257027027027,4.4002192242833,4.61047599451303,182
"183",2018,6,4.21875,16,4.55555555555556,3.78571428571429,3.875,4,4.29166666666667,9,7,4,4,12,2796,1426,1370,374,597,2199,4.5636412732475,4.97889971949509,4.13140875912409,4.15949465240642,4.39753768844221,4.60873624374716,183
"184",2018,7,5,14,5,5,4.66666666666667,4.66666666666667,5.09090909090909,5,9,3,3,11,2810,1431,1379,377,600,2210,4.5658153024911,4.97897344514326,4.13707759245831,4.16353050397878,4.39888333333333,4.61113619909502,184
"185",2018,8,3.9375,32,4.53846153846154,3.52631578947368,3.33333333333333,3.5,4.08333333333333,13,19,6,8,24,2842,1444,1398,383,608,2234,4.55874067558058,4.97500761772853,4.12877682403434,4.15052480417755,4.38705592105263,4.60546598030438,185
"186",2018,9,4.42555555555556,18,5.07333333333333,3.77777777777778,2,3.33333333333333,4.644,9,9,1,3,15,2860,1453,1407,384,611,2249,4.55790244755245,4.97561665519615,4.12653162757641,4.14492447916667,4.3818821603928,4.60572298799466,186
"187",2018,10,4.95833333333333,24,5.125,4.625,3,3,5.13636363636364,16,8,1,2,22,2884,1469,1415,385,613,2271,4.56123474341193,4.97724370319946,4.12934982332156,4.14195064935065,4.3773735725938,4.61086349625715,187
"188",2018,11,4.00833333333333,24,4.41666666666667,3.6,3.84,3.5,4.05454545454545,12,12,5,2,22,2908,1481,1427,390,615,2293,4.55667159559835,4.97270155300473,4.12489838822705,4.13807948717949,4.37452032520325,4.60552594853903,188
"189",2018,12,4.00689655172414,29,3.94666666666667,4.07142857142857,3.2,4.71428571428571,3.78181818181818,15,14,5,7,22,2937,1496,1441,395,622,2315,4.5512431052094,4.96241377005348,4.12437890353921,4.12620506329114,4.37834405144695,4.59769805615551,189
"190",2019,1,4,38,3.92,4.15384615384615,4.5,3.125,4.23333333333333,25,13,5,8,30,2975,1521,1454,400,630,2345,4.54420201680672,4.94528007889546,4.12464236588721,4.1308775,4.36242857142857,4.59303667377399,190
"191",2019,2,4.45151515151515,33,4.575,4.33529411764706,5.25,3.75,4.49677419354839,16,17,4,2,31,3008,1537,1471,404,632,2376,4.54318517287234,4.94142550422902,4.12707681849082,4.14195792079208,4.36049050632912,4.59178072390572,191
"192",2019,3,5.2875,20,6.33333333333333,4.43181818181818,4.375,6.4,4.91666666666667,9,11,4,5,15,3028,1546,1482,408,637,2391,4.54810138705416,4.94952846054334,4.129338731444,4.14424264705882,4.37649921507064,4.59381890422417,192
"193",2019,4,4.47058823529412,17,6.16666666666667,3.54545454545455,3.33333333333333,4,4.53333333333333,6,11,3,2,15,3045,1552,1493,411,639,2406,4.54766863711002,4.95423389175258,4.12503683858004,4.13832360097324,4.37532081377152,4.59344181213632,193
"194",2019,5,3.84666666666667,21,4.39777777777778,3.43333333333333,3.4,3.33333333333333,3.93222222222222,9,12,5,3,18,3066,1561,1505,416,642,2424,4.54286725375082,4.95102562459961,4.11952159468439,4.12944951923077,4.37045171339564,4.58853176567657,194
"195",2019,6,4.63461538461539,26,4.84375,4.3,1,3.66666666666667,4.76086956521739,16,10,1,3,23,3092,1577,1515,417,645,2447,4.54363874514877,4.94993722257451,4.12071287128713,4.1219448441247,4.36717829457364,4.5901516142215,195
"196",2019,7,4.95238095238095,21,4.85714285714286,5.14285714285714,4,4,5.11111111111111,14,7,1,3,18,3113,1591,1522,418,648,2465,4.54639608095085,4.94912067881835,4.12541392904074,4.12165311004785,4.36547839506173,4.59395578093306,196
"197",2019,8,4.61447368421053,38,4.6047619047619,4.62647058823529,4.91666666666667,4.75,4.59852941176471,21,17,6,4,34,3151,1612,1539,424,652,2499,4.54721707394478,4.94463461538461,4.13094866796621,4.13290330188679,4.36783742331288,4.59401800720288,197
"198",2019,9,4.23181818181818,22,4.55,3.85,4.5,3,4.42631578947368,12,10,2,3,19,3173,1624,1549,426,655,2518,4.54503025527892,4.94171859605911,4.12913492575855,4.13462676056338,4.36157251908397,4.59275258141382,198
"199",2019,10,4.87878787878788,33,5,4.77777777777778,4.125,3,5,15,18,4,2,31,3206,1639,1567,430,657,2549,4.5484656893325,4.94225198291641,4.13658583280153,4.13453720930233,4.35742770167428,4.59770537465673,199
"200",2019,11,4.39705882352941,34,5.35714285714286,3.725,4.6,3.6,4.53448275862069,14,20,5,5,29,3240,1653,1587,435,662,2578,4.54687685185185,4.94576588021778,4.1313988657845,4.13988735632184,4.35170694864048,4.59699418153607,200
"201",2019,12,4.7,28,5.26666666666667,4.04615384615385,3.66666666666667,6,4.6,15,13,3,2,26,3268,1668,1600,438,664,2604,4.5481888004896,4.94865167865707,4.13070625,4.13664611872146,4.35667168674699,4.59702419354839,201
"202",2020,1,4.53260869565217,46,5.25,3.875,3.28571428571429,4.6,4.52439024390244,22,24,7,5,41,3314,1690,1624,445,669,2645,4.54797254073627,4.95257455621302,4.12692733990148,4.12326067415731,4.35849028400598,4.59589829867675,202
"203",2020,2,4.92307692307692,26,5.23333333333333,4.5,2,5.66666666666667,4.82608695652174,15,11,3,3,23,3340,1705,1635,448,672,2668,4.55089251497006,4.95504457478006,4.1294373088685,4.10904241071429,4.36433035714286,4.59788268365817,203
"204",2020,3,4.80357142857143,28,5.25,4.20833333333333,6,6,4.60416666666667,16,12,3,4,24,3368,1721,1647,451,676,2692,4.55299317102138,4.95778675188844,4.13001214329083,4.12162084257206,4.37400887573965,4.59793870728083,204
"205",2020,4,5.06176470588235,34,5.325,4.68571428571429,5.2,4.5,5.18214285714286,20,14,5,6,28,3402,1741,1661,456,682,2720,4.55807789535567,4.96200516944285,4.13469596628537,4.1334451754386,4.37511730205279,4.60395257352941,205
"206",2020,5,4.88512820512821,39,4.85809523809524,4.91666666666667,4.875,5.4375,4.822,21,18,8,4,35,3441,1762,1679,464,686,2755,4.56178465562337,4.96076674233825,4.14307921381775,4.14623060344828,4.38131195335277,4.60672268602541,206
"207",2020,6,4.65882352941177,34,5.31764705882353,4,4.5,4.7,4.65625,17,17,2,2,32,3475,1779,1696,466,688,2787,4.56273410071942,4.96417706576728,4.14164504716981,4.14774892703863,4.38223837209302,4.60729135270901,207
"208",2020,7,4.07272727272727,33,4.7,3.10769230769231,3,4.26666666666667,4,20,13,2,9,24,3508,1799,1709,468,697,2811,4.55812457240593,4.96124013340745,4.13377998829725,4.14284401709402,4.38074605451937,4.60210636784063,208
"209",2020,8,4.45571428571429,28,4.2975,4.66666666666667,5,5,4.3904,16,12,6,3,25,3536,1815,1721,474,700,2836,4.55731363122172,4.95538898071625,4.13749564206856,4.15369409282701,4.3834,4.60024012693935,209
"210",2020,9,4.34871794871795,39,5.01538461538462,4.01538461538462,4.15555555555556,6.14285714285714,3.95625,13,26,9,7,32,3575,1828,1747,483,707,2868,4.55503804195804,4.95581564551422,4.13567830566686,4.15372877846791,4.40082036775106,4.59305474198048,210
"211",2020,10,4.78,25,5.16666666666667,4.2,1,3,4.93478260869565,15,10,1,2,23,3600,1843,1757,484,709,2891,4.55660027777778,4.95753174172545,4.13604439385316,4.14721280991736,4.39686882933709,4.59577343479765,211
"212",2020,11,4.70975609756098,41,5.15,4.08823529411765,3.91666666666667,4.4,4.74324324324324,24,17,6,4,37,3641,1867,1774,490,713,2928,4.55832491073881,4.96000589180503,4.13558624577227,4.14438979591837,4.39688639551192,4.59763695355192,212
"213",2020,12,3.9,72,4.625,3.5375,3.5,3.85714285714286,3.90461538461538,24,48,9,7,65,3713,1891,1822,499,720,2993,4.54555911661729,4.95575409836066,4.11982985729967,4.13276753507014,4.39163888888889,4.58258636819245,213
"214",2021,1,4.84908217391304,69,4.83899,4.85833333333333,4.70833333333333,4.375,4.9112568852459,33,36,12,8,61,3782,1924,1858,511,728,3054,4.55109668693813,4.95375138773389,4.13413885898816,4.14628375733855,4.39145604395604,4.58915116895874,214
"215",2021,2,4.29705882352941,34,4.79285714285714,3.95,3.35714285714286,3.25,4.43666666666667,14,20,7,4,30,3816,1938,1878,518,732,3084,4.54883324685535,4.95258909700722,4.13217784877529,4.13561969111969,4.38521857923497,4.58766785667964,215
"216",2021,3,4.44204347826087,23,4.64375,3.981,2.367,4.16675,4.5,16,7,1,4,19,3839,1954,1885,519,736,3103,4.54819345402449,4.95006022006141,4.13161644562334,4.1322119460501,4.38403125,4.58713105704158,216
"217",2021,4,4.25806451612903,31,5,3.64705882352941,4.625,3,4.3,14,17,4,1,30,3870,1968,1902,523,737,3133,4.54586942377261,4.95041548272358,4.12728548895899,4.13598087954111,4.38215332428765,4.58438163740824,217
"218",2021,5,4.4895652173913,23,5.21733333333333,3.125,4,6,4.42090909090909,15,8,1,1,22,3893,1983,1910,524,738,3155,4.54553677626509,4.95243452849218,4.12308743455497,4.1357213740458,4.38434552845528,4.58324173375595,218
"219",2021,6,4.17441860465116,43,4.61764705882353,3.88461538461538,4.33333333333333,4.16666666666667,4.17741935483871,17,26,3,12,31,3936,2000,1936,527,750,3186,4.54148238567073,4.949588835,4.11988481404959,4.13684629981025,4.38086266666667,4.57929305398619,219
"220",2021,7,4.836,25,5.49333333333333,3.85,5.25,3,5.08636363636364,15,10,4,3,22,3961,2015,1946,531,753,3208,4.54334124463519,4.95363656079404,4.11849794450154,4.14523163841808,4.37536122177955,4.58277047069826,220
"221",2021,8,4.44344827586207,29,4.84125,3.95384615384615,5,5.16666666666667,4.36,16,13,3,3,26,3990,2031,1959,534,756,3234,4.54261520551378,4.95275119153126,4.11740530883104,4.15003370786517,4.37850132275132,4.58097948979592,221
"222",2021,9,4.45277777777778,36,4.64705882352941,4.27894736842105,3.81111111111111,3.6,4.59032258064516,17,19,9,5,31,4026,2048,1978,543,761,3265,4.54181189021361,4.95021370605469,4.1189570273003,4.14441620626151,4.37338633377135,4.58106819908117,222
"223",2021,10,4.37096774193548,31,4.76315789473684,3.75,4.66666666666667,4.33333333333333,4.375,19,12,3,3,28,4057,2067,1990,546,764,3293,4.54050645057924,4.94849427672956,4.11673216080402,4.14728571428572,4.37322905759162,4.57931602490131,223
"224",2021,11,4.66189189189189,37,4.76142857142857,4.53125,4.66666666666667,5.41666666666667,4.5158064516129,21,16,6,6,31,4094,2088,2006,552,770,3324,4.54160348558867,4.94661286877395,4.12003838484546,4.15293115942029,4.38135974025974,4.57872372743683,224
"225",2021,12,4.62428571428571,49,4.7175,4.5,5,5.75,4.46720930232558,28,21,4,6,43,4143,2116,2027,556,776,3367,4.54258138305576,4.9435811294896,4.12397483966453,4.15902517985612,4.39194201030928,4.57729957528958,225
"226",2022,1,4.06804615384615,65,4.51076923076923,3.40396153846154,4.75,4.83333333333333,4.03101612903226,39,26,4,3,62,4208,2155,2053,560,779,3429,4.53525134743346,4.9357483387471,4.11485630784218,4.16324642857143,4.39364184852375,4.5674221843103,226
"227",2022,2,4.57530295454545,44,4.87438578947368,4.348,4,3.6,4.70034179487179,19,25,8,5,39,4252,2174,2078,568,784,3468,4.53566580432738,4.93521205151794,4.11766121270452,4.1609471830986,4.38858035714286,4.5689169550173,227
"228",2022,3,4.52222222222222,36,4.82222222222222,4.22222222222222,3.4,4.625,4.509375,18,18,5,4,32,4288,2192,2096,573,788,3500,4.53555293843284,4.93428421532847,4.11855916030534,4.15430715532287,4.38978045685279,4.56837257142857,228
"229",2022,4,4.98148148148148,27,5.25,4.76666666666667,5.5,3,5.05769230769231,12,15,4,1,26,4315,2204,2111,577,789,3526,4.53834322132097,4.93600317604356,4.12316437707248,4.16363604852687,4.38801901140684,4.57198071469087,229
"230",2022,5,4.36,25,4.72,4.12,3.7,3.6,4.46363636363636,10,15,4,3,22,4340,2214,2126,581,792,3548,4.53731589861751,4.93502755194219,4.12314205079962,4.16044406196214,4.38503409090909,4.57130890642616,230
"231",2022,6,4.18285714285714,35,4.34615384615385,4.08636363636364,3.63333333333333,2.5,4.23235294117647,13,22,3,1,34,4375,2227,2148,584,793,3582,4.53448022857143,4.93159003143242,4.12276536312849,4.15773630136987,4.38265699873897,4.56809156895589,231
"232",2022,7,4.4544,25,4.71428571428571,4.35333333333333,5.28571428571429,5.5,4.2552380952381,7,18,7,4,21,4400,2234,2166,591,797,3603,4.53402522727273,4.93090913160251,4.12468144044321,4.17109644670051,4.38826474278545,4.56626810990841,232
"233",2022,8,4.15384615384615,39,5.20833333333333,3.68518518518519,3,3.33333333333333,4.22222222222222,12,27,7,3,36,4439,2246,2193,598,800,3639,4.53068506420365,4.93239136242208,4.11927040583675,4.15738795986622,4.38430875,4.56286452322067,233
