"","year","month","avg_rating","no_ratings","avg_rating_owned","avg_rating_not_owned","avg_rating_prev_owned","avg_rating_comment","avg_rating_no_comment","no_ratings_owned","no_ratings_not_owned","no_ratings_prev_owned","no_ratings_comment","no_ratings_no_comment","cum_no_ratings","cum_no_ratings_owned","cum_no_ratings_not_owned","cum_no_ratings_prev_owned","cum_no_ratings_comment","cum_no_ratings_no_comment","cum_avg_rating","cum_avg_rating_owned","cum_avg_rating_not_owned","cum_avg_rating_prev_owned","cum_avg_rating_comment","cum_avg_rating_no_comment","month_after_release"
"1",2009,10,8.5,2,NA,8.5,9,NA,8.5,0,2,1,0,2,2,0,2,1,0,2,8.5,NA,8.5,9,NA,8.5,-17
"2",2010,8,9,1,NA,9,NA,9,NA,0,1,0,1,0,3,0,3,1,1,2,8.66666666666667,NA,8.66666666666667,9,9,8.5,-7
"3",2010,10,8.825,4,7.3,9.33333333333333,NA,8.65,9,1,3,0,2,2,7,1,6,1,3,4,8.75714285714286,7.3,9,9,8.76666666666667,8.75,-5
"4",2010,11,8,1,8,NA,NA,NA,8,1,0,0,0,1,8,2,6,1,3,5,8.6625,7.65,9,9,8.76666666666667,8.6,-4
"5",2010,12,10,1,10,NA,NA,NA,10,1,0,0,0,1,9,3,6,1,3,6,8.81111111111111,8.43333333333333,9,9,8.76666666666667,8.83333333333333,-3
"6",2011,1,5.5,2,NA,5.5,NA,NA,5.5,0,2,0,0,2,11,3,8,1,3,8,8.20909090909091,8.43333333333333,8.125,9,8.76666666666667,8,-2
"7",2011,2,9,1,NA,9,NA,NA,9,0,1,0,0,1,12,3,9,1,3,9,8.275,8.43333333333333,8.22222222222222,9,8.76666666666667,8.11111111111111,-1
"8",2011,3,7.3,20,7.59090909090909,6.94444444444444,6.83333333333333,5.3,7.96666666666667,11,9,3,5,15,32,14,18,4,8,24,7.665625,7.77142857142857,7.58333333333333,7.375,6.6,8.02083333333333,0
"9",2011,4,7.92886524822695,141,8.39684210526316,7.38169230769231,7.80555555555556,8.21928571428571,7.80565656565657,76,65,18,42,99,173,90,83,22,50,123,7.88017341040462,8.29955555555556,7.42542168674699,7.72727272727273,7.9602,7.84764227642276,1
"10",2011,5,7.44041666666667,120,8.2125,6.76484375,6.73125,7.20384615384615,7.50585106382979,56,64,16,26,94,293,146,147,38,76,217,7.70006825938566,8.26616438356164,7.1378231292517,7.3078947368421,7.70144736842105,7.69958525345622,2
"11",2011,6,7.37628865979381,97,8.26375,6.75350877192982,6.54285714285714,7.28333333333333,7.40197368421053,40,57,14,21,76,390,186,204,52,97,293,7.61953846153846,8.26564516129032,7.03044117647059,7.10192307692308,7.61092783505155,7.62238907849829,3
"12",2011,7,7.24626865671642,67,7.94516129032258,6.64444444444444,7.05555555555556,6.42307692307692,7.44444444444444,31,36,9,13,54,457,217,240,61,110,347,7.56481400437637,8.21986175115207,6.97254166666667,7.09508196721311,7.47054545454545,7.59469740634006,4
"13",2011,8,7.45180327868852,61,8.15,6.68137931034483,6.97142857142857,7.29,7.53073170731707,32,29,7,20,41,518,249,269,68,130,388,7.55150579150579,8.21088353413655,6.94115241635688,7.08235294117647,7.44276923076923,7.5879381443299,5
"14",2011,9,7.44042553191489,47,8.244,6.52727272727273,7.16666666666667,6.38333333333333,7.59512195121951,25,22,3,6,41,565,274,291,71,136,429,7.54226548672566,8.21390510948905,6.90986254295533,7.08591549295775,7.39602941176471,7.58862470862471,6
"15",2011,10,7.68412698412698,63,8.25,7.16969696969697,6.58333333333333,7.55882352941176,7.7304347826087,30,33,6,17,46,628,304,324,77,153,475,7.55649681528662,8.21746710526316,6.93632716049383,7.04675324675325,7.41411764705882,7.60235789473684,7
"16",2011,11,7.51791044776119,67,8.05172413793103,7.11052631578947,6.84166666666667,7.67857142857143,7.47547169811321,29,38,12,14,53,695,333,362,89,167,528,7.55277697841727,8.20303303303303,6.95461325966851,7.0191011235955,7.4362874251497,7.58962121212121,8
"17",2011,12,7.58692307692308,65,8.13620689655172,7.14444444444444,7.16666666666667,8.13888888888889,7.49821428571429,29,36,6,9,56,760,362,398,95,176,584,7.55569736842105,8.19767955801105,6.97178391959799,7.02842105263158,7.47221590909091,7.58085616438356,9
"18",2012,1,7.148,75,8.08620689655172,6.55652173913044,7.1,7.65,7.0327868852459,29,46,10,14,61,835,391,444,105,190,645,7.51907784431138,8.18941176470588,6.92876126126126,7.03523809523809,7.48531578947368,7.52902325581395,10
"19",2012,2,7.52788461538462,52,7.78030303030303,7.08947368421053,8.83333333333333,7.40909090909091,7.55975609756098,33,19,3,11,41,887,424,463,108,201,686,7.51959413754228,8.15757075471698,6.93535637149028,7.08518518518518,7.48114427860696,7.53086005830904,11
"20",2012,3,7.496875,48,8.17115384615385,6.7,7.22,7.04,7.70454545454545,26,22,5,15,33,935,450,485,113,216,719,7.51842780748663,8.15835555555555,6.92468041237113,7.09115044247788,7.45050925925926,7.53883171070932,12
"21",2012,4,7.31206896551724,58,7.77142857142857,6.88333333333333,6.5,7.93636363636364,7.16595744680851,28,30,8,11,47,993,478,515,121,227,766,7.5063746223565,8.13569037656904,6.92227184466019,7.05206611570248,7.47405286343612,7.51595300261097,13
"22",2012,5,7.16911764705882,34,7.57954545454545,6.41666666666667,6.25,6.1,7.35344827586207,22,12,4,5,29,1027,500,527,125,232,795,7.49520934761441,8.11122,6.91075901328273,7.0264,7.44443965517241,7.5100251572327,14
"23",2012,6,7.44814814814815,27,7.83333333333333,6.96666666666667,6.5,7.16666666666667,7.48333333333333,15,12,2,3,24,1054,515,539,127,235,819,7.49400379506641,8.10312621359223,6.91200371057514,7.01811023622047,7.44089361702127,7.50924297924298,15
"24",2012,7,7.58442307692308,52,8.07,6.92227272727273,7.07142857142857,7.9375,7.52022727272727,30,22,7,8,44,1106,545,561,134,243,863,7.49825497287523,8.10130275229358,6.9124064171123,7.02089552238806,7.45724279835391,7.50980301274623,16
"25",2012,8,7.90128205128205,39,8.27954545454545,7.41176470588235,8,7.88333333333333,7.90666666666667,22,17,3,9,30,1145,567,578,137,252,893,7.51198253275109,8.10821869488536,6.92709342560553,7.04233576642336,7.47246031746032,7.52313549832027,17
"26",2012,9,7.50357142857143,28,8.05833333333333,7.0875,8,7.4,7.52608695652174,12,16,1,5,23,1173,579,594,138,257,916,7.51178175618073,8.10718480138169,6.93141414141414,7.04927536231884,7.47105058365759,7.5232096069869,18
"27",2012,10,7.02571428571429,35,7.14285714285714,6.94761904761905,7.1,6.33333333333333,7.16896551724138,14,21,7,6,29,1208,593,615,145,263,945,7.49769867549669,8.08441821247892,6.9319674796748,7.05172413793103,7.44509505703422,7.51233862433862,19
"28",2012,11,7.04,45,7.71578947368421,6.54615384615385,7.92857142857143,6.41666666666667,7.13589743589744,19,26,7,6,39,1253,612,641,152,269,984,7.48126097366321,8.07297385620915,6.91631825273011,7.09210526315789,7.422156133829,7.49741869918699,20
"29",2012,12,7.71442307692308,52,8.03108108108108,6.93333333333333,6.41666666666667,7.25,7.8390243902439,37,15,6,11,41,1305,649,656,158,280,1025,7.49055172413793,8.07058551617874,6.91670731707317,7.06645569620253,7.41539285714286,7.51108292682927,21
"30",2013,1,7.454,50,7.79,6.95,7.83333333333333,8.08571428571429,7.35116279069767,30,20,3,7,43,1355,679,676,161,287,1068,7.48920295202952,8.05818851251841,6.91769230769231,7.08074534161491,7.43174216027874,7.50464419475655,22
"31",2013,2,7.37254901960784,51,7.77272727272727,7.06896551724138,7,7.27777777777778,7.39285714285714,22,29,4,9,42,1406,701,705,165,296,1110,7.48497155049787,8.04922967189729,6.92391489361702,7.07878787878788,7.42706081081081,7.50041441441441,23
"32",2013,3,7.42368421052632,38,8.00454545454545,6.625,6.16666666666667,6.3,7.59393939393939,22,16,3,5,33,1444,723,721,168,301,1143,7.48335872576177,8.04786998616874,6.91728155339806,7.0625,7.40833887043189,7.50311461067367,24
"33",2013,4,7.01166666666667,30,7.64285714285714,6.459375,7.5,5.78571428571429,7.38478260869565,14,16,1,7,23,1474,737,737,169,308,1166,7.47375848032565,8.04017639077341,6.90734056987788,7.06508875739645,7.37146103896104,7.50078044596913,25
"34",2013,5,7.34117647058823,51,7.86666666666667,6.87407407407407,7.1875,7.375,7.33488372093023,24,27,8,8,43,1525,761,764,177,316,1209,7.46932459016393,8.03470433639948,6.90616492146597,7.07062146892655,7.37155063291139,7.49488006617039,26
"35",2013,6,7.13235294117647,34,7.92857142857143,6.575,7.33333333333333,6.875,7.21153846153846,14,20,3,8,26,1559,775,784,180,324,1235,7.4619756254009,8.0327870967742,6.89771683673469,7.075,7.35929012345679,7.48891497975708,27
"36",2013,7,7.81149425287356,87,8.08888888888889,7.35757575757576,7.67692307692308,7.85714285714286,7.7969696969697,54,33,13,21,66,1646,829,817,193,345,1301,7.48044957472661,8.03644149577805,6.91629130966952,7.11554404145078,7.38959420289855,7.5045426594927,28
"37",2013,8,7.70888888888889,90,8.02966101694915,7.09838709677419,8,7.65,7.72066666666667,59,31,6,15,75,1736,888,848,199,360,1376,7.49229262672811,8.03599099099099,6.92294811320755,7.14221105527638,7.40044444444444,7.5163226744186,29
"38",2013,9,7.47685393258427,89,8.06444444444444,6.87590909090909,6.72307692307692,7.05263157894737,7.592,45,44,13,19,70,1825,933,892,212,379,1446,7.4915397260274,8.03736334405145,6.92062780269058,7.11650943396226,7.38300791556728,7.51998616874136,30
"39",2013,10,7.2,97,7.92040816326531,6.46458333333333,7.26,7.99473684210526,7.00641025641026,49,48,10,19,78,1922,982,940,222,398,1524,7.4768262226847,8.03152749490835,6.89734042553192,7.12297297297297,7.41221105527638,7.49370078740157,31
"40",2013,11,7.33936170212766,94,7.99807692307692,6.52380952380952,7.31818181818182,7.56428571428571,7.3,52,42,11,14,80,2016,1034,982,233,412,1604,7.47041666666667,8.02984526112186,6.88136456211813,7.13218884120172,7.4173786407767,7.48403990024938,32
"41",2013,12,7.63142857142857,105,8.24803921568627,7.04907407407407,7,8.09615384615385,7.56576086956522,51,54,12,13,92,2121,1085,1036,245,425,1696,7.47838755304102,8.04010138248848,6.89010617760618,7.12571428571429,7.43814117647059,7.48847287735849,33
"42",2014,1,7.51746913580247,162,7.97191011235955,6.96342465753425,7.125,7.86470588235294,7.425234375,89,73,20,34,128,2283,1174,1109,265,459,1824,7.48116075339466,8.03493185689949,6.89493237150586,7.12566037735849,7.4697385620915,7.4840350877193,34
"43",2014,2,7.531640625,128,8.06602564102564,6.698,7.15625,7.4925,7.53888888888889,78,50,16,20,108,2411,1252,1159,281,479,1932,7.48384072998756,8.03686900958467,6.88643658326143,7.12740213523132,7.47068893528184,7.48710144927536,35
"44",2014,3,7.66064814814815,108,7.85846153846154,7.36162790697674,7.54,7.70833333333333,7.6546875,65,43,15,12,96,2519,1317,1202,296,491,2028,7.49142119888845,8.02806378132119,6.90343594009983,7.14831081081081,7.47649694501018,7.49503451676529,36
"45",2014,4,7.49087301587302,126,8.03730158730159,6.94444444444444,7.25,7.12962962962963,7.58939393939394,63,63,20,27,99,2645,1380,1265,316,518,2127,7.49139508506616,8.02848550724638,6.90547826086956,7.15474683544304,7.45841698841699,7.49942642219088,37
"46",2014,5,7.76636363636364,110,8.27796610169491,7.17450980392157,7.22857142857143,7.41818181818182,7.80505050505051,59,51,14,11,99,2755,1439,1316,330,529,2226,7.50237386569873,8.03871438498958,6.91590425531915,7.15787878787879,7.45758034026465,7.51301886792453,38
"47",2014,6,7.63588235294118,85,7.97021276595745,7.22236842105263,7.2,7.75,7.62236842105263,47,38,10,9,76,2840,1486,1354,340,538,2302,7.50636971830986,8.03654777927322,6.92450516986706,7.15911764705882,7.46247211895911,7.516629018245,39
"48",2014,7,7.70943396226415,106,8.1140625,7.09285714285714,7.53,6.94090909090909,7.79842105263158,64,42,15,11,95,2946,1550,1396,355,549,2397,7.51367617107943,8.03974838709678,6.92957020057306,7.17478873239437,7.4520218579235,7.5277972465582,40
"49",2014,8,7.47601769911504,113,8.08090909090909,6.90241379310345,7.21764705882353,7.5495,7.46021505376344,55,58,17,20,93,3059,1605,1454,372,569,2490,7.51228506047728,8.04115887850467,6.92848693259972,7.17674731182796,7.45544815465729,7.52527309236948,41
"50",2014,9,7.35925925925926,108,7.7948275862069,6.854,6.8,7.44285714285714,7.3468085106383,58,50,19,14,94,3167,1663,1504,391,583,2584,7.50706662456583,8.03256764882742,6.92601063829787,7.15843989769821,7.45514579759863,7.51878095975232,42
"51",2014,10,7.63842592592593,108,8.10583333333333,7.05416666666667,7.52631578947368,7.88823529411765,7.59175824175824,60,48,19,17,91,3275,1723,1552,410,600,2675,7.51139847328244,8.03511897852583,6.92997422680412,7.17548780487805,7.46741666666667,7.52126355140187,43
"52",2014,11,7.65608391608392,143,8.0646835443038,7.15171875,7.40315789473684,7.64590909090909,7.65793388429752,79,64,19,22,121,3418,1802,1616,429,622,2796,7.51745172615565,8.03641509433963,6.93875618811881,7.18557109557109,7.47372990353698,7.52717811158798,44
"53",2014,12,7.57727272727273,132,7.9225,7.04615384615385,7.44736842105263,8.15,7.475,80,52,19,20,112,3550,1882,1668,448,642,2908,7.51967605633803,8.03157279489905,6.94210431654676,7.19667410714286,7.49479750778816,7.52516850068776,45
"54",2015,1,7.58879310344828,174,8.0165,7.01081081081081,6.38666666666667,7.65,7.579,100,74,15,24,150,3724,1982,1742,463,666,3058,7.52290547798066,8.03081231079718,6.94502296211251,7.17043196544276,7.50039039039039,7.52780902550687,46
"55",2015,2,7.45228758169935,153,7.91964285714286,6.88333333333333,7.05,7.6578125,7.39793388429752,84,69,18,32,121,3877,2066,1811,481,698,3179,7.52011864843951,8.02629235237174,6.94267255659856,7.16592515592516,7.50760744985673,7.52286568103177,47
"56",2015,3,7.66085526315789,152,8.08031914893617,6.98103448275862,7.39333333333333,7.5,7.68383458646617,94,58,15,19,133,4029,2160,1869,496,717,3312,7.52542814594192,8.02864351851852,6.94386302835741,7.17280241935484,7.50740585774059,7.52932971014493,48
"57",2015,4,7.45338345864662,133,7.85324675324675,6.90357142857143,7.6,8.2,7.32894736842105,77,56,13,19,114,4162,2237,1925,509,736,3426,7.52312590100913,8.02260616897631,6.94269090909091,7.18371316306483,7.52528532608696,7.52266199649737,49
"58",2015,5,7.41133333333333,105,8.08142857142857,6.825,7.00526315789474,7.33272727272727,7.42053191489362,49,56,19,11,94,4267,2286,1981,528,747,3520,7.52037497070541,8.02386701662293,6.93936395759717,7.17729166666667,7.52244979919679,7.51993465909091,50
"59",2015,6,7.55008620689655,116,7.83448275862069,7.26568965517241,7.89357142857143,7.95785714285714,7.49411764705882,58,58,14,14,102,4383,2344,2039,542,761,3622,7.52116130504221,8.01918088737202,6.94864639529181,7.19579335793358,7.53045992115637,7.51920762009939,51
"60",2015,7,7.55666666666667,105,8.0865671641791,6.62236842105263,6.90714285714286,7.45454545454545,7.5686170212766,67,38,14,11,94,4488,2411,2077,556,772,3716,7.52199197860962,8.02105350476981,6.94267693789119,7.18852517985611,7.52937823834197,7.52045748116254,52
"61",2015,8,7.53124087591241,137,8.00365853658537,6.82690909090909,6.88888888888889,7.05263157894737,7.60830508474576,82,55,18,19,118,4625,2493,2132,574,791,3834,7.52226594594594,8.02048134777377,6.9396904315197,7.17912891986063,7.51792667509482,7.52316118935837,53
"62",2015,9,7.12445217391304,115,7.66896551724138,6.57038596491228,6.26153846153846,6.85952941176471,7.17040816326531,58,57,13,17,98,4740,2551,2189,587,808,3932,7.51261434599156,8.01248921991376,6.93007400639561,7.15880749574105,7.50407425742574,7.51436927772126,54
"63",2015,10,7.32715517241379,116,7.94741379310345,6.70689655172414,6.57222222222222,6.836,7.46208791208791,58,58,18,25,91,4856,2609,2247,605,833,4023,7.50818410214168,8.01104254503642,6.92431330663106,7.14135537190083,7.48402400960384,7.51318667660949,55
"64",2015,11,7.3925,160,7.7289156626506,7.02987012987013,7.35,7.48095238095238,7.37913669064748,83,77,20,21,139,5016,2692,2324,625,854,4162,7.50449401913875,8.00234398216939,6.92781067125645,7.148032,7.48394847775176,7.50870975492552,56
"65",2015,12,7.29019867549669,151,7.72469135802469,6.78742857142857,6.816,7.41666666666667,7.27928057553957,81,70,20,12,139,5167,2773,2394,645,866,4301,7.49823146893748,7.99423368193293,6.9237059314954,7.13773643410853,7.48301616628176,7.50129504766333,57
"66",2016,1,7.48672985781991,211,7.85263157894737,7.05670103092783,7.121875,7.85384615384615,7.43513513513513,114,97,32,26,185,5378,2887,2491,677,892,4486,7.49778021569356,7.98864218912366,6.92888478522682,7.13698670605613,7.49382511210762,7.49856665180562,58
"67",2016,2,7.38482142857143,112,7.71549295774648,6.81219512195122,6.70909090909091,7.23076923076923,7.4050505050505,71,41,11,13,99,5490,2958,2532,688,905,4585,7.49547577413479,7.98208586883029,6.92699526066351,7.13014534883721,7.49004640883978,7.49654743729553,59
"68",2016,3,7.28423076923077,130,7.92846153846154,6.64,6.52777777777778,7.25833333333333,7.29009433962264,65,65,18,24,106,5620,3023,2597,706,929,4691,7.49058932384341,7.98093284816408,6.91981209087408,7.11478753541076,7.48406027987083,7.49188232786186,60
"69",2016,4,7.46043165467626,139,7.88888888888889,6.86206896551724,6.53846153846154,7.50588235294118,7.45409836065574,81,58,13,17,122,5759,3104,2655,719,946,4813,7.48986143427678,7.97853092783505,6.91855065913371,7.10436717663421,7.48445243128964,7.49092457926449,61
"70",2016,5,7.41769230769231,156,7.78070588235294,6.9830985915493,7.0125,7.06,7.47029411764706,85,71,16,20,136,5915,3189,2726,735,966,4949,7.48795807269653,7.97325807463155,6.92023184152604,7.10236734693877,7.47566459627329,7.4903576480097,62
"71",2016,6,7.65916666666667,120,8.00757575757576,7.23333333333333,8.03333333333333,8.09,7.573,66,54,9,20,100,6035,3255,2780,744,986,5049,7.49136238608119,7.97395391705069,6.92631366906475,7.11362903225806,7.48812576064909,7.49199445434739,63
"72",2016,7,7.52689655172414,145,7.8448275862069,7.05,7.11428571428571,7.8,7.5044776119403,87,58,14,11,134,6180,3342,2838,758,997,5183,7.49219611650485,7.97059245960503,6.92884143763213,7.11364116094987,7.4915667001003,7.49231719081613,64
"73",2016,8,7.16518987341772,158,7.68048780487805,6.60921052631579,6.73529411764706,7.33823529411765,7.14432624113475,82,76,17,17,141,6338,3424,2914,775,1014,5324,7.48404417797412,7.96364485981309,6.92050514756349,7.10534193548387,7.48899605522683,7.48310105184072,65
"74",2016,9,7.36948529411765,136,7.72298850574713,6.74183673469388,6.80833333333333,7.61538461538461,7.34349593495935,87,49,12,13,123,6474,3511,2963,787,1027,5447,7.48163762743281,7.95768157220165,6.9175504556193,7.10081321473952,7.4905959104187,7.47994859555719,66
"75",2016,10,7.38215568862275,167,7.9180198019802,6.56212121212121,6.64705882352941,6.98,7.45295774647887,101,66,17,25,142,6641,3612,3029,804,1052,5589,7.47913597349796,7.95657253599114,6.9098058765269,7.09121890547264,7.47846197718631,7.47926283771694,67
"76",2016,11,7.29182098765432,162,7.83159722222222,6.86,7.33636363636364,6.90921052631579,7.34265734265734,72,90,22,19,143,6803,3684,3119,826,1071,5732,7.47467543730707,7.95413002171553,6.9083687079192,7.09774818401937,7.46836321195145,7.47585484996511,68
"77",2016,12,7.28611111111111,144,7.746125,6.71109375,6.89230769230769,7.375,7.2780303030303,80,64,13,12,132,6947,3764,3183,839,1083,5864,7.47076680581546,7.94970908607864,6.90440213634935,7.09456495828367,7.46732871652816,7.47140177353342,69
"78",2017,1,7.39309178743961,207,7.8333606557377,6.76117647058823,6.65217391304348,7.77884615384615,7.33767955801105,122,85,23,26,181,7154,3886,3268,862,1109,6045,7.46851928990774,7.94605635615028,6.90067686658506,7.08276102088167,7.47463210099188,7.46739784946236,70
"79",2017,2,7.43333333333333,162,7.96966292134831,6.77945205479452,6.43157894736842,7.21111111111111,7.46111111111111,89,73,19,18,144,7316,3975,3341,881,1127,6189,7.46774015855659,7.94658490566038,6.89802813528883,7.06871736662883,7.47042324755989,7.46725157537567,71
"80",2017,3,7.32093023255814,129,7.83508771929825,6.91388888888889,6.34166666666667,7.14,7.33613445378151,57,72,12,10,119,7445,4032,3413,893,1137,6308,7.46519637340497,7.94500868055556,6.89836273073542,7.05894736842105,7.46751715039578,7.46477805960685,72
"81",2017,4,7.45272727272727,143,8.00441558441558,6.80909090909091,6.9,6.6,7.51684210526316,77,66,19,10,133,7588,4109,3479,912,1147,6441,7.46496138639958,7.94612192747627,6.89666915780397,7.05563596491228,7.45995379250218,7.46585312839621,73
"82",2017,5,7.33469387755102,98,7.63134328358209,6.69354838709677,6.75,7,7.36444444444444,67,31,10,8,90,7686,4176,3510,922,1155,6531,7.4633004163414,7.94107159961686,6.89487521367521,7.05232104121475,7.45676796536796,7.46445567294442,74
"83",2017,6,7.35596330275229,109,7.925,6.83684210526316,6.62727272727273,7.19375,7.38387096774194,52,57,11,16,93,7795,4228,3567,933,1171,6624,7.46179948685054,7.94087393566698,6.89394785534062,7.04730975348339,7.45317421007686,7.46332427536232,75
"84",2017,7,7.52086330935252,139,7.85,7.07457627118644,6.26666666666667,7.66875,7.50162601626016,80,59,9,16,123,7934,4308,3626,942,1187,6747,7.46283425762541,7.93918639740019,6.89688692774407,7.03985138004246,7.4560800336984,7.4640225285312,76
"85",2017,8,7.58662420382166,157,7.97790697674419,7.11267605633803,6.69230769230769,7.57692307692308,7.5875,86,71,13,13,144,8091,4394,3697,955,1200,6891,7.46523631195155,7.93994424214839,6.90103110630241,7.03512041884817,7.45738916666667,7.46660281526629,77
"86",2017,9,7.33563909774436,133,7.83617647058824,6.812,6.6125,6.52,7.43932203389831,68,65,16,15,118,8224,4462,3762,971,1215,7009,7.463140442607,7.93836284177499,6.89949282296651,7.02815653964984,7.44581646090535,7.46614352974747,78
"87",2017,10,7.24832167832168,143,7.706375,6.66666666666667,6.61111111111111,7.41444444444444,7.2244,80,63,18,18,125,8367,4542,3825,989,1233,7134,7.45946898529939,7.93427675033025,6.89565803921568,7.02056622851365,7.44535847526358,7.46190776562938,79
"88",2017,11,7.41622340425532,188,7.94708737864078,6.77294117647059,6.48,7.35740740740741,7.42608695652174,103,85,20,27,161,8555,4645,3910,1009,1260,7295,7.4585186440678,7.93456081808396,6.89299028132992,7.00985133795837,7.44347380952381,7.46111720356408,80
"89",2017,12,7.2877245508982,167,7.80357142857143,6.76566265060241,6.89722222222222,7.23541666666667,7.2965034965035,84,83,18,24,143,8722,4729,3993,1027,1284,7438,7.45524845218986,7.93223408754494,6.89034360130228,7.00787731256086,7.43958489096573,7.4579524065609,81
"90",2018,1,7.552,220,7.91127819548872,7.00275862068966,7.42608695652174,7.97826086956522,7.50223350253807,133,87,23,23,197,8942,4862,4080,1050,1307,7635,7.45762883023932,7.93166083916084,6.89274068627451,7.0170380952381,7.44906426931905,7.45909495743287,82
"91",2018,2,7.45905511811024,127,7.85024691358025,6.77021739130435,7.08,7.59529411764706,7.438,81,46,15,17,110,9069,4943,4126,1065,1324,7745,7.45764880361672,7.93032672466114,6.89137469704314,7.01792488262911,7.4509418429003,7.4587953518399,83
"92",2018,3,7.44188034188034,117,7.925,6.85849056603774,7.07142857142857,7.1875,7.48217821782178,64,53,14,16,101,9186,5007,4179,1079,1340,7846,7.45744796429349,7.93025863790693,6.89095764536971,7.01861909175162,7.44779626865672,7.45909635483048,84
"93",2018,4,7.44160583941606,137,8.16756756756757,6.58888888888889,7.21333333333333,7.49411764705882,7.43416666666667,74,63,15,17,120,9323,5081,4242,1094,1357,7966,7.4572151667918,7.93371481991734,6.886471475719,7.02128884826325,7.44837656595431,7.45872081345719,85
"94",2018,5,7.30509259259259,108,7.75833333333333,6.59285714285714,6.75,7.21428571428571,7.3186170212766,66,42,12,14,94,9431,5147,4284,1106,1371,8060,7.45547312055985,7.93146590246746,6.8835929038282,7.01834538878843,7.44598614150255,7.45708684863523,86
"95",2018,6,7.47056074766355,107,7.83934426229508,6.98152173913043,6.94230769230769,7.52142857142857,7.46290322580645,61,46,13,14,93,9538,5208,4330,1119,1385,8153,7.45564237785699,7.93038690476191,6.88463325635104,7.01746201966041,7.44674873646209,7.45715319514289,87
"96",2018,7,7.16451612903226,93,7.81555555555556,6.55416666666667,6.20681818181818,7.025,7.18518518518519,45,48,22,12,81,9631,5253,4378,1141,1397,8234,7.45283117017963,7.92940319817247,6.88101005025126,7.00183172655565,7.44312598425197,7.45447777507894,88
"97",2018,8,7.40384615384615,104,7.71612903225806,6.94285714285714,6.96428571428571,7.86111111111111,7.36052631578947,62,42,7,9,95,9735,5315,4420,1148,1406,8329,7.45230785824345,7.92691533396049,6.88159773755656,7.00160278745645,7.44580156472261,7.45340617120903,89
"98",2018,9,7.12276426829268,82,7.79481488888889,6.30540540540541,5.74,6.78571428571429,7.15422226666667,45,37,10,7,75,9817,5360,4457,1158,1413,8404,7.44955522766629,7.92580628171642,6.87681444918106,6.99070811744387,7.44253149327671,7.45073615778201,90
"99",2018,10,7.22419847328244,131,7.6287323943662,6.7455,6.92777777777778,7.52631578947368,7.17294642857143,71,60,18,19,112,9948,5431,4517,1176,1432,8516,7.44658762263771,7.92192260541337,6.87507017932256,6.98974489795918,7.44364315642458,7.44708274659464,91
"100",2018,11,7.00029411764706,136,7.51796875,6.54013888888889,6.7,6.57307692307692,7.10127272727273,64,72,20,26,110,10084,5495,4589,1196,1458,8626,7.44056859083697,7.91721777434031,6.86981521028546,6.98489966555184,7.42811865569273,7.44267292719685,92
"101",2018,12,7.15879267716535,127,7.64692986842105,6.43137254901961,6.91538461538462,7.71666666666667,7.06666669724771,76,51,13,18,109,10211,5571,4640,1209,1476,8735,7.43706398393889,7.91353048644768,6.86499612068965,6.98415219189413,7.43163753387534,7.43798092043503,93
"102",2019,1,7.34256756756757,148,7.77777777777778,6.81641791044776,6.53333333333333,7.44444444444444,7.33597122302158,81,67,18,9,139,10359,5652,4707,1227,1485,8874,7.43571390481707,7.91158498584572,6.86430465264499,6.97753871230644,7.43171515151515,7.43638306738787,94
"103",2019,2,7.05964912280702,114,7.64067796610169,6.43636363636364,6.425,7.06666666666667,7.05882352941176,59,55,20,12,102,10473,5711,4762,1247,1497,8976,7.43162038957319,7.90878626160042,6.85936203275934,6.96867682437851,7.42878891115564,7.43209261809269,95
"104",2019,3,7.11676470588235,102,7.43666666666667,6.83240740740741,7.125,7.34777777777778,7.0672619047619,48,54,16,18,84,10575,5759,4816,1263,1515,9060,7.42858348368794,7.90485124848064,6.85905980066445,6.97065716547902,7.42782640264026,7.4287100816777,96
"105",2019,4,7.25989898989899,99,7.74857142857143,6.781,7.16666666666667,7.225,7.26564705882353,49,50,3,14,85,10674,5808,4866,1266,1529,9145,7.42701895634251,7.90353277203857,6.85825770653514,6.97112164296998,7.42596926095487,7.42719446036085,97
"106",2019,5,7.18372549019608,102,7.60612244897959,6.79320754716981,6.91888888888889,7.325,7.16836956521739,49,53,18,10,92,10776,5857,4919,1284,1539,9237,7.42471606718634,7.90104462011269,6.85755682049197,6.97038940809969,7.42531319038336,7.42461657897586,98
"107",2019,6,7.32548076923077,104,7.89224137931035,6.61086956521739,6.55,7.55,7.30159574468085,58,46,10,10,94,10880,5915,4965,1294,1549,9331,7.42376749448529,7.90095829923922,6.85527129909365,6.96714064914992,7.42611814073596,7.42337727360411,99
"108",2019,7,7.40027027027027,111,7.66765625,7.03617021276596,6.91333333333333,7.44,7.39633663366337,64,47,15,10,101,10991,5979,5012,1309,1559,9432,7.42353019197525,7.89846100351229,6.85696767757382,6.96652406417112,7.42620718409236,7.42308771628498,100
"109",2019,8,7.23971962616822,107,7.7015625,6.55232558139535,6.5,7.29583333333333,7.23263157894737,64,43,6,12,95,11098,6043,5055,1315,1571,9527,7.42175800504595,7.89637569750124,6.85437626112759,6.96439543726236,7.42521133036282,7.4211885525349,101
"110",2019,9,7.22166666666667,90,7.71909090909091,6.44,6.46153846153846,6.96428571428571,7.26907894736842,55,35,13,14,76,11188,6098,5090,1328,1585,9603,7.42014840364676,7.89477670383733,6.85152691552063,6.95947289156627,7.42114006309148,7.41998472768926,102
"111",2019,10,7.21667472,125,7.69549057142857,6.60727272727273,6.3,6.78406666666667,7.27566672727273,70,55,14,15,110,11313,6168,5145,1342,1600,9713,7.41790017501989,7.89251502594034,6.84891584062196,6.95259314456036,7.4151675,7.41835032224853,103
"112",2019,11,7.26434426229508,122,7.60390625,6.88965517241379,6.5875,6.89166666666667,7.305,64,58,8,12,110,11435,6232,5203,1350,1612,9823,7.41626188718845,7.88955113607189,6.84936997885835,6.95042962962963,7.41127047146402,7.41708100173063,104
"113",2019,12,7.37222222222222,135,7.70987654320988,6.86574074074074,6.84333333333333,7.40263157894737,7.36724137931034,81,54,15,19,116,11570,6313,5257,1365,1631,9939,7.41574802765773,7.88724579122446,6.84953813962336,6.94925274725275,7.41116983445739,7.41649931381427,105
"114",2020,1,7.25188235294118,170,7.61795698924731,6.80974025974026,6.67647058823529,7.88095238095238,7.16322147651007,93,77,17,21,149,11740,6406,5334,1382,1652,10088,7.41337518568995,7.88333635341867,6.8489636295463,6.9458972503618,7.4171416464891,7.41275839413164,106
"115",2020,2,6.96918646551724,116,7.78260053571429,6.21,6.34444444444444,7.8125,6.9067187962963,56,60,18,8,108,11856,6462,5394,1400,1660,10196,7.40902920968286,7.88246337202105,6.8418561364479,6.93816428571429,7.4190469879518,7.40739822577481,107
"116",2020,3,7.17095652173913,115,7.72516129032258,6.52264150943396,6.28125,7.43333333333333,7.1316,62,53,16,15,100,11971,6524,5447,1416,1675,10296,7.40674215270236,7.88096847179645,6.83875013769047,6.93074152542373,7.41917492537313,7.40471953282828,108
"117",2020,4,7.07043010752688,93,7.52058823529412,6.52380952380952,5.88461538461539,7.31818181818182,7.03719512195122,51,42,13,11,82,12064,6575,5489,1429,1686,10378,7.4041495615053,7.8781731269962,6.83634031699763,6.92122463261022,7.41851601423487,7.40181560127192,109
"118",2020,5,7.45581395348837,86,7.92448979591837,6.83513513513514,6.28571428571429,7.9375,7.40641025641026,49,37,7,8,78,12150,6624,5526,1436,1694,10456,7.40451525185185,7.87851574728261,6.836332247557,6.91812674094708,7.42096694214876,7.40184987662586,110
"119",2020,6,7.18482142857143,112,7.46533333333333,6.61621621621622,6.625,7.19230769230769,7.18383838383838,75,37,8,13,99,12262,6699,5563,1444,1707,10555,7.40250858832164,7.87388988057919,6.834868236563,6.9165027700831,7.41922554188635,7.39980505068688,111
"120",2020,7,7.46758241758242,91,7.74561403508772,7.00147058823529,7.03125,8.075,7.40903614457831,57,34,8,8,83,12353,6756,5597,1452,1715,10638,7.40298796324779,7.87280762433393,6.83588029301411,6.9171349862259,7.42228454810495,7.39987707369806,112
"121",2020,8,7.12244897959184,98,7.4051724137931,6.7125,6.80666666666667,7.09333333333333,7.12771084337349,58,40,15,15,83,12451,6814,5637,1467,1730,10721,7.40077988193719,7.86882716612856,6.8350047897818,6.91600545330607,7.41943236994219,7.39777001305848,113
"122",2020,9,7.14346769230769,91,7.4987841509434,6.64789473684211,6.76363636363636,6.62735076923077,7.22948717948718,53,38,11,13,78,12542,6867,5675,1478,1743,10799,7.39891292218147,7.86597114751711,6.83375189427313,6.91487144790257,7.41352470453241,7.39655452449301,114
"123",2020,10,7.26,95,7.62777777777778,6.77560975609756,7.34444444444444,7.43333333333333,7.23493975903614,54,41,9,12,83,12637,6921,5716,1487,1755,10882,7.39786862942154,7.8641126816934,6.83333484954514,6.91747141896436,7.41366014814815,7.39532184433009,115
"124",2020,11,7.4671568627451,102,7.77619047619048,6.96794871794872,7.09090909090909,7.40555555555556,7.47311827956989,63,39,11,9,93,12739,6984,5755,1498,1764,10975,7.39842341392574,7.86331956901489,6.8342470894874,6.91874499332443,7.41361879818594,7.395981076082,116
"125",2020,12,7.21545572580645,124,7.60570561643836,6.65686274509804,6.86666666666667,5.5,7.36593429824561,73,51,9,10,114,12863,7057,5806,1507,1774,11089,7.39665959573972,7.8606547229701,6.8326889424733,6.91843397478434,7.40283177001127,7.39567218144107,117
"126",2021,1,7.29184682432432,148,7.88470588235294,6.49195761904762,5.99372529411765,7.35071428571429,7.28569649253731,85,63,17,14,134,13011,7142,5869,1524,1788,11223,7.39546735147183,7.86094096611594,6.82903140739479,6.90811898293963,7.40242369127516,7.39435909738929,118
"127",2021,2,7.11349204081633,98,7.55596703703704,6.57045454545455,6.9,6.5,7.19909558139535,54,44,10,12,86,13109,7196,5913,1534,1800,11309,7.39335936608437,7.85865239021679,6.82710727718586,6.90806605606258,7.39640753333333,7.39287420373154,119
"128",2021,3,7.24660377358491,106,7.52539682539683,6.83813953488372,6.68181818181818,6.85294117647059,7.32179775280899,63,43,11,17,89,13215,7259,5956,1545,1817,11398,7.39218221188044,7.85576010469762,6.82718692578912,6.90645522977346,7.39132281783159,7.39231921126513,120
"129",2021,4,7.26185567010309,97,7.68275862068965,6.63589743589744,6.81818181818182,7.57142857142857,7.23777777777778,58,39,11,7,90,13312,7317,5995,1556,1824,11488,7.39123256685697,7.85438876588766,6.82594250708924,6.90583118894602,7.39201401315789,7.39110849321031,121
"130",2021,5,7.14875356521739,115,7.4469790625,6.77450980392157,6.27272727272727,6.96357142857143,7.17442237623762,64,51,11,14,101,13427,7381,6046,1567,1838,11589,7.38915577493111,7.85085615228289,6.82550865530929,6.90138693682195,7.38875057671382,7.38922003882992,122
"131",2021,6,7.31111111111111,72,7.62,6.7962962962963,6.86666666666667,7.25,7.31875,45,27,6,8,64,13499,7426,6073,1573,1846,11653,7.38873950588932,7.84945721249663,6.82537877984522,6.90125450095359,7.38814927410617,7.388833006951,123
"132",2021,7,7.24551282051282,78,7.86,6.59868421052632,6.28571428571429,6.53666666666667,7.41428571428571,40,38,7,15,63,13577,7466,6111,1580,1861,11716,7.38791666715769,7.84951369675864,6.82396912616593,6.89852742405064,7.38128616872649,7.38896987282349,124
"133",2021,8,7.13052631578947,95,7.26451612903226,6.87878787878788,6.6,7.8,7.03373493975904,62,33,5,12,83,13672,7528,6144,1585,1873,11799,7.38612818826799,7.84469570403826,6.82426356282552,6.89758569716089,7.38396879871863,7.38647097465887,125
"134",2021,9,7.05774896103896,77,7.39410860465116,6.63235294117647,5.71428571428571,6.3125,7.14415463768116,43,34,7,8,69,13749,7571,6178,1592,1881,11868,7.38428913084588,7.84213656452252,6.82320740207187,6.89238274497488,7.37941178096757,7.38506215874621,126
"135",2021,10,7.22590361445783,83,7.59204545454545,6.81282051282051,6,6.88,7.27328767123288,44,39,11,10,73,13832,7615,6217,1603,1891,11941,7.38333872614228,7.84069152068286,6.82314224384751,6.88625909544604,7.37677078794288,7.38437883761829,127
"136",2021,11,7.19582417582418,91,7.57487804878049,6.885,6.65384615384615,6.77777777777778,7.24170731707317,41,50,13,9,82,13923,7656,6267,1616,1900,12023,7.38211314084608,7.83926801593522,6.82363576352322,6.88438943688119,7.37393345263157,7.38340578058721,128
"137",2021,12,7.14149427586207,145,7.44240744444444,6.64909090909091,6.42857142857143,8.10454545454545,7.0624378358209,90,55,14,11,134,14068,7746,6322,1630,1911,12157,7.37963306297981,7.83465693261038,6.82211726194242,6.88047443558282,7.37813896389325,7.37986792547504,129
"138",2022,1,7.15337278106509,169,7.63379310344828,6.64365853658537,6.65789473684211,6.64285714285714,7.19948387096774,87,82,19,14,155,14237,7833,6404,1649,1925,12312,7.37694724520615,7.83242596706243,6.81983218769519,6.87790984232869,7.37279145974026,7.37759700860949,130
"139",2022,2,7.22368421052632,114,7.37118644067797,7.06545454545455,7.14166666666667,7.35714285714286,7.205,59,55,12,14,100,14351,7892,6459,1661,1939,12412,7.37572977005086,7.82897777496199,6.82192372348661,6.87981537025888,7.37267847343991,7.37620644295843,131
"140",2022,3,7.35180808080808,99,7.71064444444444,7.05277777777778,7.39166666666667,6.777,7.41639325842697,45,54,6,10,89,14450,7937,6513,1667,1949,12501,7.37556587750865,7.82830686657427,6.82383775986488,6.88165766646671,7.36962214468958,7.37649255019598,132
"141",2022,4,7.33262886597938,97,7.58977611940298,6.75833333333333,6.5,6.946,7.37706896551724,67,30,3,10,87,14547,8004,6543,1670,1959,12588,7.375279571733,7.82631016991504,6.82353741861531,6.88097205389222,7.36745970393057,7.37649653400064,133
"142",2022,5,6.91690291262136,103,7.6696724137931,5.94666666666667,6.01428571428571,7.49508333333333,6.84065934065934,58,45,7,12,91,14650,8062,6588,1677,1971,12679,7.3720568552901,7.82518327958323,6.81754786429872,6.87735440071557,7.36823671232876,7.37265071141257,134
"143",2022,6,7.25329752688172,93,7.43892661016949,6.93117647058824,6.98727272727273,7.65857142857143,7.22031011627907,59,34,11,7,86,14743,8121,6622,1688,1978,12765,7.37130771213457,7.82237708040882,6.81813127906977,6.87807069312796,7.36926418604651,7.3716243666275,135
"144",2022,7,7.26716981132075,106,7.70854838709677,6.64522727272727,5.76285714285714,6.69285714285714,7.3545652173913,62,44,7,14,92,14849,8183,6666,1695,1992,12857,7.37056432082968,7.8215146364414,6.81698999849985,6.87346509144543,7.36451032128514,7.37150229758108,136
"145",2022,8,7.48044444444444,90,7.76925925925926,7.04722222222222,6.75,7.3875,7.50054054054054,54,36,6,16,74,14939,8237,6702,1701,2008,12931,7.37122629359395,7.82117206143013,6.81822669800059,6.87302958847737,7.36469350597609,7.37224074240198,137
