"","year","month","avg_rating","no_ratings","avg_rating_owned","avg_rating_not_owned","avg_rating_prev_owned","avg_rating_comment","avg_rating_no_comment","no_ratings_owned","no_ratings_not_owned","no_ratings_prev_owned","no_ratings_comment","no_ratings_no_comment","cum_no_ratings","cum_no_ratings_owned","cum_no_ratings_not_owned","cum_no_ratings_prev_owned","cum_no_ratings_comment","cum_no_ratings_no_comment","cum_avg_rating","cum_avg_rating_owned","cum_avg_rating_not_owned","cum_avg_rating_prev_owned","cum_avg_rating_comment","cum_avg_rating_no_comment","month_after_release"
"1",2001,6,8,2,8,8,NA,NA,8,1,1,0,0,2,2,1,1,0,0,2,8,8,8,NA,NA,8,0
"2",2001,7,5.66666666666667,3,5.66666666666667,NA,NA,NA,5.66666666666667,3,0,0,0,3,5,4,1,0,0,5,6.6,6.25,8,NA,NA,6.6,1
"3",2001,8,6.85714285714286,7,7.66666666666667,6.25,NA,NA,6.85714285714286,3,4,0,0,7,12,7,5,0,0,12,6.75,6.85714285714286,6.6,NA,NA,6.75,2
"4",2001,9,8,5,8,NA,NA,8,8,5,0,0,2,3,17,12,5,0,2,15,7.11764705882353,7.33333333333333,6.6,NA,8,7,3
"5",2001,10,7.75,4,7.5,8,NA,7.66666666666667,8,2,2,0,3,1,21,14,7,0,5,16,7.23809523809524,7.35714285714286,7,NA,7.8,7.0625,4
"6",2001,11,7.25,4,7.66666666666667,6,NA,NA,7.25,3,1,0,0,4,25,17,8,0,5,20,7.24,7.41176470588235,6.875,NA,7.8,7.1,5
"7",2001,12,8,1,NA,8,NA,NA,8,0,1,0,0,1,26,17,9,0,5,21,7.26923076923077,7.41176470588235,7,NA,7.8,7.14285714285714,6
"8",2002,1,7.8,5,7.33333333333333,8.5,8.5,8,7.75,3,2,2,1,4,31,20,11,2,6,25,7.35483870967742,7.4,7.27272727272727,8.5,7.83333333333333,7.24,7
"9",2002,2,7.75,2,8,7.5,7.5,NA,7.75,1,1,1,0,2,33,21,12,3,6,27,7.37878787878788,7.42857142857143,7.29166666666667,8.16666666666667,7.83333333333333,7.27777777777778,8
"10",2002,3,7.5,2,10,5,NA,NA,7.5,1,1,0,0,2,35,22,13,3,6,29,7.38571428571429,7.54545454545455,7.11538461538461,8.16666666666667,7.83333333333333,7.29310344827586,9
"11",2002,4,6,2,6,6,NA,6,6,1,1,0,1,1,37,23,14,3,7,30,7.31081081081081,7.47826086956522,7.03571428571429,8.16666666666667,7.57142857142857,7.25,10
"12",2002,5,3,1,NA,3,NA,NA,3,0,1,0,0,1,38,23,15,3,7,31,7.19736842105263,7.47826086956522,6.76666666666667,8.16666666666667,7.57142857142857,7.11290322580645,11
"13",2002,6,7.33333333333333,3,7.33333333333333,NA,NA,7,7.5,3,0,0,1,2,41,26,15,3,8,33,7.20731707317073,7.46153846153846,6.76666666666667,8.16666666666667,7.5,7.13636363636364,12
"14",2002,7,7.88888888888889,9,7.85714285714286,8,NA,8.5,7.71428571428571,7,2,0,2,7,50,33,17,3,10,40,7.33,7.54545454545455,6.91176470588235,8.16666666666667,7.7,7.2375,13
"15",2002,8,6.66666666666667,3,7,6.5,NA,7,6.5,1,2,0,1,2,53,34,19,3,11,42,7.29245283018868,7.52941176470588,6.86842105263158,8.16666666666667,7.63636363636364,7.20238095238095,14
"16",2002,9,7.85714285714286,7,7.83333333333333,8,8,8,7.83333333333333,6,1,1,1,6,60,40,20,4,12,48,7.35833333333333,7.575,6.925,8.125,7.66666666666667,7.28125,15
"17",2002,10,6,4,7,5.66666666666667,6,4,6.66666666666667,1,3,1,1,3,64,41,23,5,13,51,7.2734375,7.5609756097561,6.76086956521739,7.7,7.38461538461539,7.24509803921569,16
"18",2002,11,8,5,8,NA,NA,8,8,5,0,0,3,2,69,46,23,5,16,53,7.32608695652174,7.60869565217391,6.76086956521739,7.7,7.5,7.27358490566038,17
"19",2002,12,8,7,8.4,7,7,9,7.6,5,2,1,2,5,76,51,25,6,18,58,7.38815789473684,7.68627450980392,6.78,7.58333333333333,7.66666666666667,7.30172413793103,18
"20",2003,1,7.55555555555556,9,7.66666666666667,7.33333333333333,6,7.33333333333333,7.66666666666667,6,3,1,3,6,85,57,28,7,21,64,7.40588235294118,7.68421052631579,6.83928571428571,7.35714285714286,7.61904761904762,7.3359375,19
"21",2003,2,8,2,8,NA,NA,8,8,2,0,0,1,1,87,59,28,7,22,65,7.41954022988506,7.69491525423729,6.83928571428571,7.35714285714286,7.63636363636364,7.34615384615385,20
"22",2003,3,6.7,5,7,6.5,NA,6.5,6.83333333333333,2,3,0,2,3,92,61,31,7,24,68,7.3804347826087,7.67213114754098,6.80645161290323,7.35714285714286,7.54166666666667,7.32352941176471,21
"23",2003,4,7.3,5,7.83333333333333,6.5,NA,8.5,7,3,2,0,1,4,97,64,33,7,25,72,7.37628865979381,7.6796875,6.78787878787879,7.35714285714286,7.58,7.30555555555556,22
"24",2003,5,7.41666666666667,12,7.6,6.5,NA,7.8,7.14285714285714,10,2,0,5,7,109,74,35,7,30,79,7.38073394495413,7.66891891891892,6.77142857142857,7.35714285714286,7.61666666666667,7.29113924050633,23
"25",2003,6,7.1,5,8.83333333333333,4.5,NA,7.1,NA,3,2,0,5,0,114,77,37,7,35,79,7.36842105263158,7.71428571428571,6.64864864864865,7.35714285714286,7.54285714285714,7.29113924050633,24
"26",2003,7,7.34285714285714,35,7.77272727272727,6.61538461538461,NA,6.61111111111111,7.59615384615385,22,13,0,9,26,149,99,50,7,44,105,7.36241610738255,7.72727272727273,6.64,7.35714285714286,7.35227272727273,7.36666666666667,25
"27",2003,8,7.1,8,6.5,7.46,NA,7.15,7.08333333333333,3,5,0,2,6,157,102,55,7,46,111,7.34904458598726,7.69117647058824,6.71454545454545,7.35714285714286,7.34347826086957,7.35135135135135,26
"28",2003,9,6.65,10,7.125,6.33333333333333,NA,6.33333333333333,6.78571428571429,4,6,0,3,7,167,106,61,7,49,118,7.30718562874251,7.66981132075472,6.67704918032787,7.35714285714286,7.28163265306122,7.31779661016949,27
"29",2003,10,7.78888888888889,9,7.87142857142857,7.5,NA,8.15,7.5,7,2,0,4,5,176,113,63,7,53,123,7.33181818181818,7.68230088495575,6.7031746031746,7.35714285714286,7.34716981132076,7.32520325203252,28
"30",2003,11,9,2,9,NA,NA,10,8,2,0,0,1,1,178,115,63,7,54,124,7.35056179775281,7.70521739130435,6.7031746031746,7.35714285714286,7.3962962962963,7.33064516129032,29
"31",2003,12,7.55,10,7.6,7.5,9,8,7.4375,5,5,1,2,8,188,120,68,8,56,132,7.36117021276596,7.70083333333333,6.76176470588235,7.5625,7.41785714285714,7.33712121212121,30
"32",2004,1,6.57142857142857,7,8,5.5,NA,6,6.66666666666667,3,4,0,1,6,195,123,72,8,57,138,7.33282051282051,7.70813008130081,6.69166666666667,7.5625,7.39298245614035,7.30797101449275,31
"33",2004,2,7.125,8,7.66666666666667,5.5,NA,5,7.83333333333333,6,2,0,2,6,203,129,74,8,59,144,7.32463054187192,7.7062015503876,6.65945945945946,7.5625,7.31186440677966,7.32986111111111,32
"34",2004,3,7.44736842105263,19,7.57692307692308,7.16666666666667,7.66666666666667,7,7.53125,13,6,3,3,16,222,142,80,11,62,160,7.33513513513513,7.6943661971831,6.6975,7.59090909090909,7.29677419354839,7.35,33
"35",2004,4,7.30769230769231,13,7.7,6,NA,7,7.57142857142857,10,3,0,6,7,235,152,83,11,68,167,7.33361702127659,7.69473684210526,6.67228915662651,7.59090909090909,7.27058823529412,7.35928143712575,34
"36",2004,5,7.35,10,7.78571428571429,6.33333333333333,NA,6.625,7.83333333333333,7,3,0,4,6,245,159,86,11,72,173,7.33428571428571,7.69874213836478,6.66046511627907,7.59090909090909,7.23472222222222,7.3757225433526,35
"37",2004,6,7.7,10,7.28571428571429,8.66666666666667,NA,8.25,7.33333333333333,7,3,0,4,6,255,166,89,11,76,179,7.34862745098039,7.68132530120482,6.72808988764045,7.59090909090909,7.28815789473684,7.37430167597765,36
"38",2004,7,7,6,6.8,8,NA,7.33333333333333,6.66666666666667,5,1,0,3,3,261,171,90,11,79,182,7.34061302681992,7.65555555555556,6.74222222222222,7.59090909090909,7.28987341772152,7.36263736263736,37
"39",2004,8,7.33333333333333,12,7.33333333333333,7.33333333333333,NA,7.5,7.3,9,3,0,2,10,273,180,93,11,81,192,7.34029304029304,7.63944444444444,6.76129032258064,7.59090909090909,7.29506172839506,7.359375,38
"40",2004,9,6.77777777777778,9,7.375,6.3,6.5,6.3,7.375,4,5,3,5,4,282,184,98,14,86,196,7.32234042553191,7.63369565217391,6.73775510204082,7.35714285714286,7.23720930232558,7.35969387755102,39
"41",2004,10,7.73846153846154,13,7.65,8.03333333333333,8,7.82,7.6875,10,3,1,5,8,295,194,101,15,91,204,7.34067796610169,7.63453608247423,6.77623762376238,7.4,7.26923076923077,7.37254901960784,40
"42",2004,11,7.44444444444444,18,7.73076923076923,6.7,7,6.33333333333333,7.66666666666667,13,5,2,3,15,313,207,106,17,94,219,7.34664536741214,7.64057971014493,6.77264150943396,7.35294117647059,7.23936170212766,7.39269406392694,41
"43",2004,12,7.3,6,7.2,7.5,NA,7.2,7.5,4,2,0,4,2,319,211,108,17,98,221,7.34576802507837,7.63222748815166,6.78611111111111,7.35294117647059,7.23775510204082,7.39366515837104,42
"44",2005,1,7.01176470588235,17,8.16666666666667,6.38181818181818,7,7.66666666666667,6.65454545454545,6,11,1,6,11,336,217,119,18,104,232,7.32886904761905,7.64700460829493,6.74873949579832,7.33333333333333,7.2625,7.35862068965517,43
"45",2005,2,7.75961538461539,26,8.14285714285714,7.3125,7.875,8.1875,7.39285714285714,14,12,4,12,14,362,231,131,22,116,246,7.35980662983425,7.67705627705628,6.80038167938931,7.43181818181818,7.35818965517241,7.36056910569106,44
"46",2005,3,7.66666666666667,18,8.36363636363636,6.57142857142857,9,7.2,7.84615384615385,11,7,1,5,13,380,242,138,23,121,259,7.37434210526316,7.70826446280992,6.78876811594203,7.5,7.35165289256198,7.38494208494209,45
"47",2005,4,7.25,24,7.91666666666667,6.58333333333333,7,7,7.46153846153846,12,12,1,11,13,404,254,150,24,132,272,7.36695544554455,7.71811023622047,6.77233333333333,7.47916666666667,7.32234848484849,7.38860294117647,46
"48",2005,5,7.62727272727273,22,8.14285714285714,6.725,NA,7.61818181818182,7.63636363636364,14,8,0,11,11,426,268,158,24,143,283,7.38039906103286,7.74029850746269,6.76993670886076,7.47916666666667,7.3451048951049,7.3982332155477,47
"49",2005,6,6.58333333333333,12,7.0625,5.625,NA,6.25,6.75,8,4,0,4,8,438,276,162,24,147,291,7.35856164383562,7.72065217391304,6.74166666666667,7.47916666666667,7.31530612244898,7.38041237113402,48
"50",2005,7,6.34666666666667,15,6.33333333333333,6.36666666666667,7,6.17142857142857,6.5,9,6,2,7,8,453,285,168,26,154,299,7.32505518763797,7.67684210526316,6.72827380952381,7.44230769230769,7.26331168831169,7.35685618729097,49
"51",2005,8,7.34838709677419,31,7.95882352941176,6.60714285714286,6.25,7.23076923076923,7.43333333333333,17,14,2,13,18,484,302,182,28,167,317,7.32654958677686,7.69271523178808,6.71895604395604,7.35714285714286,7.26077844311377,7.36119873817035,50
"52",2005,9,7.17391304347826,23,7.85714285714286,6.11111111111111,6.66666666666667,7.13636363636364,7.20833333333333,14,9,3,11,12,507,316,191,31,178,329,7.31962524654832,7.7,6.69031413612565,7.29032258064516,7.25308988764045,7.35562310030395,51
"53",2005,10,7.5,18,7.95454545454545,6.78571428571429,8,7.72222222222222,7.27777777777778,11,7,1,9,9,525,327,198,32,187,338,7.32580952380952,7.7085626911315,6.69368686868687,7.3125,7.27566844919786,7.35355029585799,52
"54",2005,11,7.33333333333333,24,7.3,7.35714285714286,8,7.58333333333333,7.08333333333333,10,14,1,12,12,549,337,212,33,199,350,7.32613843351548,7.69643916913946,6.7375,7.33333333333333,7.29422110552764,7.34428571428571,53
"55",2005,12,7.42307692307692,13,7.5,7.16666666666667,8,7.2,7.5625,10,3,1,5,8,562,347,215,34,204,358,7.32838078291815,7.69077809798271,6.74348837209302,7.35294117647059,7.29191176470588,7.34916201117318,54
"56",2006,1,7.19230769230769,26,7.36111111111111,6.8125,6,7.16666666666667,7.22727272727273,18,8,1,15,11,588,365,223,35,219,369,7.32236394557823,7.6745205479452,6.74596412556054,7.31428571428571,7.28333333333333,7.34552845528455,55
"57",2006,2,7.8125,16,7.95454545454545,7.5,7.5,6.875,8.125,11,5,1,4,12,604,376,228,36,223,381,7.3353476821192,7.68271276595745,6.7625,7.31944444444444,7.27600896860987,7.37007874015748,56
"58",2006,3,7.21428571428571,28,7.5,6.92857142857143,7.16666666666667,7.16666666666667,7.23684210526316,14,14,3,9,19,632,390,242,39,232,400,7.32998417721519,7.67615384615385,6.77210743801653,7.30769230769231,7.27176724137931,7.36375,57
"59",2006,4,7.55416625,24,8.05882352941176,6.32857,6.8,7.57692230769231,7.52727272727273,17,7,1,13,11,656,407,249,40,245,411,7.33818596036585,7.69213759213759,6.75963851405622,7.295,7.28795914285714,7.36812652068127,58
"60",2006,5,7.72727272727273,22,8,7,7.66666666666667,6.75,7.94444444444444,16,6,3,4,18,678,423,255,43,249,429,7.35081119469026,7.70378250591016,6.76529407843137,7.32093023255814,7.27931722891566,7.39230769230769,59
"61",2006,6,7.46666666666667,18,8.10769230769231,5.8,8.5,7.125,7.74,13,5,1,8,10,696,436,260,44,257,439,7.35380745689655,7.71582568807339,6.74673073076923,7.34772727272727,7.27451357976654,7.4002277904328,60
"62",2006,7,7.4375,24,7.70833333333333,7.16666666666667,8,7.63636363636364,7.26923076923077,12,12,3,11,13,720,448,272,47,268,452,7.35659720833333,7.715625,6.76525731617647,7.38936170212766,7.28936563432836,7.39646017699115,61
"63",2006,8,7.07307692307692,26,7.46153846153846,6.68461538461538,9,6.94,7.15625,13,13,1,10,16,746,461,285,48,278,468,7.34671580428954,7.70845986984816,6.7615789122807,7.42291666666667,7.27679852517986,7.38824786324786,62
"64",2006,9,7.52631578947368,19,8.15,6.83333333333333,7,7.58333333333333,7.42857142857143,10,9,1,12,7,765,471,294,49,290,475,7.35117645751634,7.71783439490446,6.76377547619048,7.41428571428571,7.28948272413793,7.38884210526316,63
"65",2006,10,7.04166666666667,24,7,7.09090909090909,8,7,7.0625,13,11,1,8,16,789,484,305,50,298,491,7.34176171102661,7.69855371900826,6.77557373770492,7.426,7.28171137583893,7.37820773930754,64
"66",2006,11,7.73684210526316,19,7.85454545454545,7.575,8,8.21428571428571,7.45833333333333,11,8,1,7,12,808,495,313,51,305,503,7.35105196782178,7.7020202020202,6.79600635782748,7.43725490196078,7.30311472131148,7.38011928429423,65
"67",2006,12,7.24,25,7.47222222222222,6.64285714285714,8,7.42857142857143,7.16666666666667,18,7,3,7,18,833,513,320,54,312,521,7.34771907563025,7.69395711500975,6.79265621875,7.46851851851852,7.30592945512821,7.37274472168906,66
"68",2007,1,7.2725,40,7.55384615384615,6.75,7,7.11111111111111,7.40454545454545,26,14,1,18,22,873,539,334,55,330,543,7.34427261168385,7.68719851576994,6.79086823353293,7.46,7.295303,7.37403314917127,67
"69",2007,2,7.13292277777778,18,7.27272727272727,6.91323,7,7.4,7.03020076923077,11,7,1,5,13,891,550,341,56,335,556,7.34000291806958,7.67890909090909,6.79338005865103,7.45178571428571,7.29686564179104,7.3659939028777,68
"70",2007,3,6.82142857142857,14,7.5625,5.83333333333333,7,6.8,6.83333333333333,8,6,2,5,9,905,558,347,58,340,565,7.33198077348066,7.67724014336917,6.77677982708934,7.43620689655172,7.28955879411765,7.35750904424779,69
"71",2007,4,6.632,25,7.25454545454545,6.14285714285714,NA,6.07692307692308,7.23333333333333,11,14,0,13,12,930,569,361,58,353,577,7.3131640860215,7.66906854130053,6.75219556786704,7.43620689655172,7.24490082152975,7.35492653379549,70
"72",2007,5,7.28947368421053,19,7.7,6.83333333333333,8,7,7.45833333333333,10,9,1,7,12,949,579,370,59,360,589,7.31268977871443,7.66960276338515,6.75416918918919,7.44576271186441,7.24013886111111,7.35703329371817,71
"73",2007,6,7.65454545454545,22,7.7,7.55714285714286,7.95,7.91666666666667,7.55625,15,7,2,6,16,971,594,377,61,366,605,7.32043522142121,7.67037037037037,6.76907851458886,7.46229508196721,7.25122948087432,7.36230183471074,72
"74",2007,7,7.4037037037037,27,7.94615384615385,6.9,6.8,6.75,7.67894736842105,13,14,2,8,19,998,607,391,63,374,624,7.3226879759519,7.67627677100494,6.77376624040921,7.44126984126984,7.24050799465241,7.37194328525641,73
"75",2007,8,7.72916666666667,24,8.04545454545454,7.46153846153846,8,7.33333333333333,7.78571428571429,11,13,3,3,21,1022,618,404,66,377,645,7.33223346379647,7.68284789644013,6.79589752475247,7.46666666666667,7.24124665782493,7.3854148992248,74
"76",2007,9,7.42173913043478,23,7.66666666666667,7.26428571428571,8.2,7.65,7.3,9,14,1,8,15,1045,627,418,67,385,660,7.33420344497607,7.68261562998405,6.81158516746411,7.47761194029851,7.24974023376623,7.38347365151515,75
"77",2007,10,7.34285714285714,35,7.80434782608696,6.45833333333333,4.5,7.25,7.37037037037037,23,12,2,8,27,1080,650,430,69,393,687,7.33448388888889,7.68692307692308,6.80172697674419,7.39130434782609,7.2497455216285,7.38295867540029,76
"78",2007,11,7.38793103448276,29,7.55769230769231,7.25,8.25,7.17857142857143,7.58333333333333,13,16,2,14,15,1109,663,446,71,407,702,7.33588151487827,7.68438914027149,6.81780852017937,7.41549295774648,7.24729727272727,7.38724018518518,77
"79",2007,12,7.16486486486486,37,7.72941176470588,6.685,7,7.15625,7.17142857142857,17,20,5,16,21,1146,680,466,76,423,723,7.33036003490401,7.68551470588235,6.81210858369099,7.38815789473684,7.24385340425532,7.38097179806362,78
"80",2008,1,7.30487804878049,41,7.6304347826087,6.88888888888889,7,7.32352941176471,7.29166666666667,23,18,1,17,24,1187,703,484,77,440,747,7.3294798652064,7.68371266002845,6.81496404958678,7.38311688311688,7.24693179545454,7.37810255689424,79
"81",2008,2,6.9258064516129,31,7.40909090909091,6.66,7.5,6.92857142857143,6.92352941176471,11,20,5,14,17,1218,714,504,82,454,764,7.31920574712643,7.67948179271709,6.80881468253968,7.39024390243902,7.2371145154185,7.36798770942408,80
"82",2008,3,6.89166666666667,30,7.55769230769231,6.38235294117647,7,6.55,7.23333333333333,13,17,1,15,15,1248,727,521,83,469,779,7.30892836538461,7.67730398899587,6.79489942418426,7.3855421686747,7.21513857142857,7.36539487804878,81
"83",2008,4,7.35,30,7.63888888888889,6.91666666666667,NA,7.07692307692308,7.55882352941176,18,12,0,13,17,1278,745,533,83,482,796,7.30989248826291,7.67637583892617,6.79764090056285,7.3855421686747,7.21141076763485,7.3695258919598,82
"84",2008,5,7.036,25,7.82,6.51333333333333,6,6.26666666666667,7.46875,10,15,1,9,16,1303,755,548,84,491,812,7.30463745203377,7.67827814569536,6.78985875912409,7.36904761904762,7.19409366598778,7.37148104679803,83
"85",2008,6,7.51304347826087,23,7.95333333333333,6.6875,8,7.375,7.58666666666667,15,8,2,8,15,1326,770,556,86,499,827,7.30825233785822,7.68363636363636,6.78838597122302,7.38372093023256,7.19699396793587,7.37538405078597,84
"86",2008,7,6.75727272727273,33,7.15818181818182,6.55681818181818,7,6.5625,6.86857142857143,11,22,4,12,21,1359,781,578,90,511,848,7.29487314201619,7.67623559539052,6.77957197231834,7.36666666666667,7.18209391389432,7.36283326650943,85
"87",2008,8,7.375,24,7.72727272727273,7.07692307692308,6.5,7.36363636363636,7.38461538461539,11,13,5,11,13,1383,792,591,95,522,861,7.29626362979031,7.67694444444444,6.78611269035533,7.32105263157895,7.1859195210728,7.36316214866434,86
"88",2008,9,7.325,44,8.23809523809524,6.49130434782609,6.27777777777778,7.5,7.17916666666667,21,23,9,20,24,1427,813,614,104,542,885,7.29714968465311,7.69143911439114,6.77506938110749,7.23076923076923,7.19750920664207,7.35817244067796,87
"89",2008,10,7.53333333333333,21,8.3,6.69,6,7.08,7.94545454545455,11,10,2,10,11,1448,824,624,106,552,896,7.300575,7.69956310679612,6.77370608974359,7.20754716981132,7.19538041666667,7.36538237723214,88
"90",2008,11,7.44375,32,7.45454545454545,7.43809523809524,7.075,7.075,7.56666666666667,11,21,8,8,24,1480,835,645,114,560,920,7.30367067567567,7.69633532934132,6.79533736434108,7.19824561403509,7.19366069642857,7.37063327173913,89
"91",2008,12,7.65277777777778,18,8,7.10714285714286,8,7.825,7.4375,11,7,1,10,8,1498,846,652,115,570,928,7.30786555407209,7.70028368794326,6.79868496932515,7.20521739130435,7.2047368245614,7.37120970905172,90
"92",2009,1,7.41463414634146,41,7.91176470588235,7.0625,6.9,7.45833333333333,7.39655172413793,17,24,10,12,29,1539,863,676,125,582,957,7.31070994152047,7.70444959443801,6.80805118343195,7.1808,7.2099656185567,7.37197764890282,91
"93",2009,2,7.10775862068965,58,7.66071428571429,6.93181818181818,6.39583333333333,6.81578947368421,7.25,14,44,12,19,39,1597,877,720,137,601,996,7.30333913587977,7.70375142531357,6.81561472222222,7.11204379562044,7.19750414309484,7.36720141566265,92
"94",2009,3,7.39019607843137,51,8.02,6.98387096774194,8.3,8.04166666666667,7.18974358974359,20,31,5,12,39,1648,897,751,142,613,1035,7.30602706310679,7.71080267558528,6.82256005326231,7.15387323943662,7.21402934747145,7.36051459903381,93
"95",2009,4,7.16513157894737,76,7.26315789473684,7.13245614035088,7,7.18181818181818,7.15833333333333,19,57,9,22,54,1724,916,808,151,635,1089,7.29981589327146,7.70151746724891,6.84442153465346,7.14470198675497,7.21291337007874,7.35048908172635,94
"96",2009,5,7.1921875,64,7.748,6.83589743589744,6.84285714285714,7.04444444444444,7.25,25,39,14,18,46,1788,941,847,165,653,1135,7.29596342281879,7.70275239107333,6.84402904368359,7.11909090909091,7.20826950995406,7.34641639647577,95
"97",2009,6,7.21847826086957,46,7.82352941176471,6.86379310344828,6.5,7.55555555555556,7.13648648648649,17,29,2,9,37,1834,958,876,167,662,1172,7.2940199563795,7.70489561586639,6.84468333333333,7.11167664670659,7.21299092145015,7.33978891638225,96
"98",2009,7,6.96454545454545,55,7.46176470588235,6.7421052631579,6.5,7.13823529411765,6.88684210526316,17,38,8,17,38,1889,975,914,175,679,1210,7.28442699841185,7.70065641025641,6.84041859956236,7.08371428571428,7.21111927835052,7.32556414049587,97
"99",2009,8,6.86627906976744,43,7.11666666666667,6.73214285714286,7.16666666666667,6.77272727272727,6.8984375,15,28,9,11,32,1932,990,942,184,690,1242,7.27512039337474,7.69180808080808,6.83720021231422,7.08777173913043,7.20413042028986,7.31455926731079,98
"100",2009,9,7.32551020408163,49,7.97333333333333,7.03970588235294,6.53571428571429,7.42916666666667,7.29189189189189,15,34,7,12,37,1981,1005,976,191,702,1279,7.27636678445229,7.69600995024876,6.84425471311475,7.06753926701571,7.20797719373219,7.31390352619234,99
"101",2009,10,6.99607843137255,51,7.67647058823529,6.65588235294118,6.07142857142857,7.21578947368421,6.865625,17,34,7,19,32,2032,1022,1010,198,721,1311,7.26933198818897,7.69568493150685,6.83791346534653,7.03232323232323,7.20818306518724,7.30296156369184,100
"102",2009,11,7.01960784313725,51,7.35294117647059,6.85294117647059,6.3,6.3,7.19512195121951,17,34,10,10,41,2083,1039,1044,208,731,1352,7.26321776284205,7.69007699711261,6.83840287356322,6.99711538461538,7.19575922024624,7.2996912795858,101
"103",2009,12,6.96571428571429,35,7.6625,6.75925925925926,7.24,7.05555555555556,6.93461538461538,8,27,10,9,26,2118,1047,1071,218,740,1378,7.2583015108593,7.68986628462273,6.83640765639589,7.00825688073394,7.19405404054054,7.29280305515239,102
"104",2010,1,6.905,40,7.36875,6.59583333333333,6.5,6.3,7.10666666666667,16,24,8,10,30,2158,1063,1095,226,750,1408,7.25175282669138,7.68503292568203,6.83113479452055,6.99026548672566,7.18213332,7.28883708096591,103
"105",2010,2,7.48235294117647,34,7.885,6.90714285714286,7,6.91111111111111,7.688,20,14,2,9,25,2192,1083,1109,228,759,1433,7.25532965328467,7.68872576177285,6.83209431920649,6.99035087719298,7.17891961791831,7.29580084438241,104
"106",2010,3,7.05666666666667,30,7.48125,6.57142857142857,7,7.86666666666667,6.85416666666667,16,14,3,6,24,2222,1099,1123,231,765,1457,7.25264743474347,7.68570518653321,6.8288447016919,6.99047619047619,7.1843137124183,7.28852615648593,105
"107",2010,4,7.28333333333333,24,7.625,7.1125,7.5,NA,7.28333333333333,8,16,2,0,24,2246,1107,1139,233,765,1481,7.25297533392698,7.68526648599819,6.83282932396839,6.99484978540772,7.1843137124183,7.28844200540175,106
"108",2010,5,6.8125,16,7.625,6,5.66666666666667,6.5,6.91666666666667,8,8,3,4,12,2262,1115,1147,236,769,1493,7.24985968169761,7.68483408071749,6.82702057541412,6.97796610169492,7.18075421326398,7.28545385800402,107
"109",2010,6,7.11538461538461,13,7.5,6.5,NA,7.5,7,8,5,0,3,10,2275,1123,1152,236,772,1503,7.24909125274725,7.68351736420303,6.82560121527778,6.97796610169492,7.18199480569948,7.28355463073852,108
"110",2010,7,6.76136363636364,22,7.575,6.08333333333333,6.33333333333333,6.75,6.76388888888889,10,12,3,4,18,2297,1133,1164,239,776,1521,7.24441993905093,7.68255957634598,6.81794896907217,6.96987447698745,7.17976802835052,7.27740474030243,109
"111",2010,8,6.71111111111111,27,7.67,6.14705882352941,6.4,6.66666666666667,6.72380952380952,10,17,5,6,21,2324,1143,1181,244,782,1542,7.23822401032702,7.68244969378828,6.80829178662151,6.95819672131148,7.17583118925831,7.26986550583657,110
"112",2010,9,6.76315789473684,19,7.65,5.77777777777778,6.5,6.54545454545455,7.0625,10,9,2,11,8,2343,1153,1190,246,793,1550,7.23437157490397,7.6821682567216,6.80049798319328,6.95447154471545,7.16708699873897,7.26879523225806,111
"113",2010,10,6.55681818181818,22,7.71666666666667,6.121875,6.6125,5.35,6.6775,6,16,4,2,20,2365,1159,1206,250,795,1570,7.2280687526427,7.68234685073339,6.79149469320066,6.949,7.16251571069182,7.2612628089172,112
"114",2010,11,7.10666666666667,30,7.83333333333333,6.925,6.91666666666667,6.45,7.27083333333333,6,24,6,6,24,2395,1165,1230,256,801,1594,7.22654805845511,7.68312446351931,6.79409967479675,6.9482421875,7.15717851435705,7.26140690715182,113
"115",2010,12,7.33289473684211,38,7.54666666666667,7.19347826086956,7.30625,7.325,7.33571428571429,15,23,8,10,28,2433,1180,1253,264,811,1622,7.22820904233456,7.68138983050848,6.80143064644853,6.95909090909091,7.1592478298397,7.262689648582,114
"116",2011,1,7.02105263157895,19,7.5,6.89333333333333,6.58333333333333,7.25,6.91538461538462,4,15,6,6,13,2452,1184,1268,270,817,1635,7.22660383360522,7.68077702702703,6.80251782334385,6.95074074074074,7.15991430844553,7.25992820183486,115
"117",2011,2,7.2,27,7.45,7.05294117647059,7.75,7,7.24545454545455,10,17,2,5,22,2479,1194,1285,272,822,1657,7.22631407825736,7.67884422110553,6.80583081712062,6.95661764705882,7.15894159367397,7.25973603500302,116
"118",2011,3,7.07894736842105,19,7.25,6.95454545454545,6.83333333333333,6.9,7.14285714285714,8,11,3,5,14,2498,1202,1296,275,827,1671,7.22519319455564,7.67599001663894,6.80709305555556,6.95527272727273,7.15737604594921,7.25875679832436,117
"119",2011,4,7.75416666666667,12,8.00555555555556,7,7.5,6.75,8.25625,9,3,2,4,8,2510,1211,1299,277,831,1679,7.22772215139442,7.67843930635838,6.80753856812933,6.95920577617329,7.15541515042118,7.26350959499702,118
"120",2011,5,6.605,20,7.08333333333333,6.4,7.475,7.5,6.50555555555556,6,14,4,2,18,2530,1217,1313,281,833,1697,7.22279944664032,7.67550534100247,6.80319314546839,6.96654804270463,7.156242484994,7.2554700117855,119
"121",2011,6,7.4375,8,7.4,7.5,7.5,6.25,7.83333333333333,5,3,1,2,6,2538,1222,1316,282,835,1703,7.22347620173365,7.67437806873977,6.80478161094225,6.96843971631206,7.15407184431138,7.2575059365825,120
"122",2011,7,6.4375,16,7.4,6,6.66666666666667,6,6.53846153846154,5,11,3,3,13,2554,1227,1327,285,838,1716,7.2185523101018,7.67325998370008,6.79811047475509,6.96526315789474,7.1499403221957,7.25205863053613,121
"123",2011,8,7.03125,16,7.28571428571429,6.83333333333333,6.33333333333333,6.5,7.10714285714286,7,9,3,2,14,2570,1234,1336,288,840,1730,7.21738622568093,7.67106158833063,6.79834775449102,6.95868055555556,7.14839284523809,7.2508859017341,122
"124",2011,9,7.38461538461539,13,8,7.11111111111111,7,5.5,7.72727272727273,4,9,3,2,11,2583,1238,1345,291,842,1741,7.21822787456446,7.67212439418417,6.80044059479554,6.95910652920962,7.14447742280285,7.25389581275129,123
"125",2011,10,7.15217391304348,23,7.8125,6.8,7.625,7.16666666666667,7.14705882352941,8,15,4,6,17,2606,1246,1360,295,848,1758,7.21764489639294,7.67302568218299,6.80043573529412,6.96813559322034,7.14463442216981,7.25286269055745,124
"126",2011,11,6.97272727272727,22,7.8625,6.46428571428571,6.6,7,6.96666666666667,8,14,5,4,18,2628,1254,1374,300,852,1776,7.21559459665144,7.67423444976077,6.79701062590975,6.962,7.14395538732394,7.24996205518018,125
"127",2011,12,6.36,25,6.875,5.88461538461539,6.375,6.28571428571429,6.38888888888889,12,13,4,7,18,2653,1266,1387,304,859,1794,7.20753207689408,7.66665876777251,6.78845897620764,6.95427631578947,7.13696157159488,7.24132252508361,126
"128",2012,1,7.49230769230769,26,7.76666666666667,6.875,8,7.7,7.44285714285714,18,8,2,5,21,2679,1284,1395,306,864,1815,7.21029585666293,7.66806074766355,6.78895526881721,6.96111111111111,7.14021989583333,7.24365433057851,127
"129",2012,2,7.18947368421053,19,7.54444444444444,6.87,6.5,6.9,7.32307692307692,9,10,2,6,13,2698,1293,1405,308,870,1828,7.21014922164566,7.66720030935808,6.78953209964413,6.95811688311688,7.13856320689655,7.24421915207877,128
"130",2012,3,7.11111111111111,9,7.33333333333333,7,7,NA,7.11111111111111,3,6,1,0,9,2707,1296,1411,309,870,1837,7.20981994828223,7.6664274691358,6.79042707299788,6.95825242718447,7.13856320689655,7.24356701687534,129
"131",2012,4,7.26666666666667,15,7.92857142857143,6.6875,7.16666666666667,6.25,7.63636363636364,7,8,3,4,11,2722,1303,1419,312,874,1848,7.21013321087436,7.66783576362241,6.78984679351656,6.96025641025641,7.13449655606407,7.24590509199134,130
"132",2012,5,6.71875,16,6.85714285714286,6.61111111111111,7.375,6,6.95833333333333,7,9,4,4,12,2738,1310,1428,316,878,1860,7.20726172388605,7.66350381679389,6.78872030812325,6.96550632911392,7.12932800683371,7.24404979032258,131
"133",2012,6,6.68181818181818,11,6.91666666666667,6.4,6,8,6.55,6,5,2,1,10,2749,1316,1433,318,879,1870,7.20515918515824,7.66009878419453,6.78736399162596,6.95943396226415,7.13031853242321,7.24033829411765,132
"134",2012,7,7.573,10,8.3,6.846,6,8.1,7.046,5,5,1,5,5,2759,1321,1438,319,884,1875,7.20649242479159,7.66252081756245,6.78756787204451,6.9564263322884,7.1358031561086,7.23982005866666,133
"135",2012,8,7.00714285714286,14,7.6,6.77,7.5,7.1,6.95555555555556,4,10,3,5,9,2773,1325,1448,322,889,1884,7.20548597187162,7.6623320754717,6.78744654696133,6.96149068322981,7.13560178852643,7.23846210721868,134
"136",2012,9,6.63636363636364,11,7.33333333333333,6.375,6,7,6.55555555555556,3,8,1,2,9,2784,1328,1456,323,891,1893,7.20323728448276,7.66158885542169,6.78518035714286,6.95851393188855,7.13529740740741,7.23521532488114,135
"137",2012,10,6.79411764705882,17,6.83333333333333,6.7,NA,7.5,6.7,12,5,0,2,15,2801,1340,1461,323,893,1908,7.20075423063192,7.65417164179104,6.78488884325804,6.95851393188855,7.13611421052632,7.2310076572327,136
"138",2012,11,7.11111111111111,9,8,6.66666666666667,6.83333333333333,7.5,7.0625,3,6,3,1,8,2810,1343,1467,326,894,1916,7.20046711743772,7.65494415487714,6.78440531697342,6.95736196319019,7.13652124161074,7.23030407620042,137
"139",2012,12,7.03333333333333,15,7.775,6.18571428571429,7,6.2,7.33636363636364,8,7,1,4,11,2825,1351,1474,327,898,1927,7.19957968141593,7.65565507031828,6.78156214382632,6.95749235474006,7.13234965478842,7.23090950181629,138
"140",2013,1,6.52173913043478,23,7.625,5.93333333333333,7,6.3,6.58333333333333,8,15,2,5,18,2848,1359,1489,329,903,1945,7.19410554775281,7.65547461368653,6.77301719274681,6.95775075987842,7.12774085271318,7.22491650899743,139
"141",2013,2,6.39285714285714,14,6.5,6.3125,6.66666666666667,6.66666666666667,6.31818181818182,6,8,3,3,11,2862,1365,1497,332,906,1956,7.19018609364081,7.6503956043956,6.77055617902472,6.95512048192771,7.12621411699779,7.21981728527607,140
"142",2013,3,6.81,25,7.25,6.5625,7.125,6.71428571428571,6.84722222222222,9,16,6,7,18,2887,1374,1513,338,913,1974,7.18689386906823,7.64777292576419,6.76835598149372,6.95813609467456,7.12305584884994,7.21641976190476,141
"143",2013,4,6.45,10,7.3,5.6,NA,7.5,6.33333333333333,5,5,0,1,9,2897,1379,1518,338,914,1983,7.18435022437004,7.64651196519217,6.76450764163373,6.95813609467456,7.12346826039387,7.21241180534543,142
"144",2013,5,6.84705882352941,17,7.5,6.70714285714286,7,6.91666666666667,6.80909090909091,3,14,1,6,11,2914,1382,1532,339,920,1994,7.18238249828414,7.64619392185239,6.76398342036554,6.95825958702065,7.12211955434783,7.21018686559679,143
"145",2013,6,7.28,15,7.6,7.12,5,7.5,7.24615384615385,5,10,1,2,13,2929,1387,1542,340,922,2007,7.18288241720724,7.64602739726027,6.76629221789883,6.9525,7.1229392516269,7.21041983557548,144
"146",2013,7,7.01071428571429,14,8,6.46111111111111,6,7.25,6.97083333333333,5,9,4,2,12,2943,1392,1551,344,924,2019,7.18206340468909,7.64729885057471,6.76452134107028,6.94142441860465,7.12321427489177,7.20899584447746,145
"147",2013,8,6.92058823529412,17,7.82,6.54583333333333,6.6,7.75,6.81,5,12,3,2,15,2960,1397,1563,347,926,2034,7.18056168918919,7.64791696492484,6.76284235444658,6.93847262247839,7.1245680237581,7.2060533972468,146
"148",2013,9,7.13636363636364,11,6.33333333333333,7.4375,6,5.75,7.92857142857143,3,8,2,4,7,2971,1400,1571,349,930,2041,7.18039804779535,7.6451,6.76627791215786,6.93309455587393,7.11865590322581,7.208531411073,147
"149",2013,10,6.92307692307692,13,8.125,6.38888888888889,6,6.66666666666667,7,4,9,3,3,10,2984,1404,1580,352,933,2051,7.17927701072386,7.64646723646724,6.7641282278481,6.92514204545455,7.11720256162915,7.20751468064359,148
"150",2013,11,6.60208333333333,24,7.875,6.17777777777778,7,7.75,6.3725,6,18,1,4,20,3008,1410,1598,353,937,2071,7.17467174202128,7.64743971631206,6.75752352941177,6.92535410764873,7.11990393810032,7.19945080154515,149
"151",2013,12,6.5,13,8,6.22727272727273,7,5,6.77272727272727,2,11,1,2,11,3021,1412,1609,354,939,2082,7.17176848725588,7.64793909348442,6.7538984462399,6.92556497175141,7.11538870074547,7.19719625840538,150
"152",2014,1,7.03333333333333,15,7.33333333333333,6.83333333333333,NA,7.33333333333333,6.95833333333333,6,9,0,3,12,3036,1418,1618,354,942,2094,7.17108451910408,7.64660789844852,6.75434029666255,6.92556497175141,7.11608279193206,7.19582741642789,151
"153",2014,2,6.92380952380952,21,7.83333333333333,6.56,7.45,7.5,6.82777777777778,6,15,2,3,18,3057,1424,1633,356,945,2112,7.16938586849853,7.64739466292135,6.75255517452541,6.92851123595506,7.11730157671958,7.19269062973485,152
"154",2014,3,6.6,9,6.85,6.4,6,NA,6.6,4,5,2,0,9,3066,1428,1638,358,945,2121,7.167714481409,7.64516106442577,6.751478998779,6.92332402234637,7.11730157671958,7.19017567656766,153
"155",2014,4,6.9775,12,7.5,6.80333333333333,6,6.66666666666667,7.08111111111111,3,9,1,3,9,3078,1431,1647,359,948,2130,7.16697290448343,7.64485674353599,6.75176235579842,6.92075208913649,7.11587551687764,7.18971484037558,154
"156",2014,5,7.0625,8,7.5,6.91666666666667,6.66666666666667,NA,7.0625,2,6,3,0,8,3086,1433,1653,362,948,2138,7.16670207388205,7.64465457083042,6.75236091954023,6.91864640883978,7.11587551687764,7.18923882600561,155
"157",2014,6,6.42857142857143,7,6.66666666666667,6.25,6.66666666666667,6.66666666666667,5,3,4,3,6,1,3093,1436,1657,365,954,2139,7.16503155512448,7.64261142061281,6.75114821967411,6.91657534246576,7.11305030398323,7.18821533894343,156
"158",2014,7,6.58333333333333,6,8,6.3,7,6.16666666666667,7,1,5,1,3,3,3099,1437,1662,366,957,2142,7.16390532429816,7.64286012526096,6.74979097472924,6.91680327868853,7.11008358411703,7.18795173202614,157
"159",2014,8,6.84545454545455,11,7.4,6.38333333333333,7.325,7.06,6.66666666666667,5,6,4,5,6,3110,1442,1668,370,962,2148,7.16277897106109,7.64201803051318,6.74847278177458,6.92121621621622,7.10982327442827,7.18649562849162,158
"160",2014,9,7.14285714285714,7,7,7.25,NA,7.66666666666667,6.75,3,4,0,3,4,3117,1445,1672,370,965,2152,7.16273423163298,7.64068512110727,6.7496726076555,6.92121621621622,7.11155439378238,7.18568429832714,159
"161",2014,10,7.13636363636364,11,7.4,6.98571428571429,6.95,6.625,7.42857142857143,4,7,2,4,7,3128,1449,1679,372,969,2159,7.16264149616368,7.64002070393375,6.75065670041691,6.92137096774194,7.10954591331269,7.1864717971283,160
"162",2014,11,6.81578947368421,19,6.7,6.94444444444444,NA,6.75,6.83333333333333,10,9,0,4,15,3147,1459,1688,372,973,2174,7.16054737845567,7.63357779300891,6.75168992890995,6.92137096774194,7.10806782117163,7.18403523919043,161
"163",2014,12,6.28571428571429,7,8,5.6,8,6.33333333333333,6.25,2,5,2,3,4,3154,1461,1693,374,976,2178,7.15860577045022,7.63407939767283,6.74828860011813,6.92713903743316,7.10568646516393,7.18231983930211,162
"164",2015,1,6.43333333333333,15,7,6.29166666666667,6,5.5,6.66666666666667,3,12,4,3,12,3169,1464,1705,378,979,2190,7.15517279899022,7.63278005464481,6.74507483870968,6.91732804232804,7.10076607763023,7.17949434246575,163
"165",2015,2,6.65384615384615,13,7.42857142857143,5.75,6.7,5.33333333333333,7.05,7,6,1,3,10,3182,1471,1711,379,982,2200,7.15312463859208,7.63180829367777,6.7415853886616,6.91675461741425,7.0953665885947,7.17890573181818,164
"166",2015,3,6.25,8,8,6,7.33333333333333,5.83333333333333,6.5,1,7,3,3,5,3190,1472,1718,382,985,2205,7.1508597492163,7.63205842391304,6.73856379511059,6.92002617801047,7.09152283248731,7.17736626303855,165
"167",2015,4,6.72222222222222,9,5.5,7.07142857142857,7.5,6,6.92857142857143,2,7,1,2,7,3199,1474,1725,383,987,2212,7.14965382932166,7.62916553595658,6.73991455072464,6.92154046997389,7.08931103343465,7.17657893761302,166
"168",2015,5,6.80928571428571,14,7.6,6.37,6.7075,6.5,6.86083333333333,5,9,4,2,12,3213,1479,1734,387,989,2224,7.1481707438531,7.62906693711968,6.73799457900807,6.91932816537468,7.08811930232558,7.17487527428057,167
"169",2015,6,6.9375,8,7.375,6.5,7,6.5,7.2,4,4,3,3,5,3221,1483,1738,390,992,2229,7.14764750077616,7.62838165879973,6.73744683544304,6.91994871794872,7.08634071572581,7.17493163301929,168
"170",2015,7,6.6,3,6.5,6.8,NA,5,7.4,2,1,0,1,2,3224,1485,1739,390,993,2231,7.14713790322581,7.62686195286195,6.73748280621047,6.91994871794872,7.08423966767372,7.17513339757956,169
"171",2015,8,6.85,10,7.58333333333333,5.75,6,6.5,6.9375,6,4,1,2,8,3234,1491,1743,391,995,2239,7.14621910946197,7.62668678739101,6.73521663798049,6.91759590792839,7.08306531658291,7.17428432782492,170
"172",2015,9,6.25714285714286,7,7.25,5.86,NA,NA,6.25714285714286,2,5,0,0,7,3241,1493,1748,391,995,2246,7.14429885837705,7.62618218352311,6.73271315789474,6.91759590792839,7.08306531658291,7.17142591718611,171
"173",2015,10,6.81,10,7.15714285714286,6,NA,5,7.01111111111111,7,3,0,1,9,3251,1500,1751,391,996,2255,7.14327056290372,7.62399333333333,6.7314577955454,6.91759590792839,7.08097388554217,7.17078607982261,172
"174",2015,11,6.875,16,7.4375,6.3125,8,7.6,6.54545454545455,8,8,1,5,11,3267,1508,1759,392,1001,2266,7.14195671870217,7.62300397877984,6.72955235929505,6.92035714285714,7.08356642357642,7.16775048984995,173
"175",2015,12,6.72222222222222,9,7.16666666666667,6.5,6,7.5,6.5,3,6,1,2,7,3276,1511,1765,393,1003,2273,7.1408036019536,7.62209794837856,6.72877201133144,6.91801526717557,7.0843967996012,7.16569406511218,174
"176",2016,1,6.85714285714286,7,10,6.33333333333333,7,7.33333333333333,6.5,1,6,1,3,4,3283,1512,1771,394,1006,2277,7.14019878160219,7.62367063492063,6.72743229813665,6.91822335025381,7.08513915506958,7.1645246420729,175
"177",2016,2,7.10833333333333,12,7.26,7,6.33333333333333,6,7.20909090909091,5,7,3,1,11,3295,1517,1778,397,1007,2288,7.14008273141123,7.6224719841793,6.72850539932508,6.91380352644836,7.0840615590864,7.16473890297202,176
"178",2016,3,6.66363636363636,11,7.9,5.63333333333333,6.5,6,7.04285714285714,5,6,2,4,7,3306,1522,1784,399,1011,2295,7.13849745916515,7.62338370565046,6.72482208520179,6.91172932330827,7.0797724925816,7.16436715032679,177
"179",2016,4,7.07142857142857,7,7.5,6.9,5.75,4.5,7.5,2,5,2,1,6,3313,1524,1789,401,1012,2301,7.13835575007546,7.6232217847769,6.72531168250419,6.90593516209476,7.07722331027668,7.16524233376792,178
"180",2016,5,7.58333333333333,12,7.5,7.7,6.75,6.66666666666667,7.88888888888889,7,5,2,3,9,3325,1531,1794,403,1015,2310,7.13996168421053,7.62265839320705,6.7280282051282,6.90516129032258,7.07600984236453,7.16806173593073,179
"181",2016,6,7.21818181818182,11,7.13333333333333,7.25,NA,NA,7.21818181818182,3,8,0,0,11,3336,1534,1802,403,1015,2321,7.14021960431655,7.62170143415906,6.73034550499445,6.90516129032258,7.07600984236453,7.16829927186557,180
"182",2016,7,6.9,10,7.625,6.41666666666667,NA,4.5,7.16666666666667,4,6,0,1,9,3346,1538,1808,403,1016,2330,7.13950167364017,7.6217100130039,6.72930453539823,6.90516129032258,7.0734743996063,7.16829296566523,181
"183",2016,8,6.61875,16,7.625,5.6125,NA,6.8,6.53636363636364,8,8,0,5,11,3362,1546,1816,403,1021,2341,7.13702337894111,7.62172703751617,6.72438469162995,6.90516129032258,7.07213515181195,7.16532362665527,182
"184",2016,9,6.8125,8,7.5,6.58333333333333,7.25,NA,6.8125,2,6,2,0,8,3370,1548,1822,405,1021,2349,7.13625299703264,7.62156976744186,6.72392019758507,6.90686419753087,7.07213515181195,7.16412201362282,183
"185",2016,10,7.17272727272727,11,7.42857142857143,6.725,NA,6.5,7.425,7,4,0,3,8,3381,1555,1826,405,1024,2357,7.13637166518782,7.62070096463022,6.72392256297919,6.90686419753087,7.07045897460937,7.1650074713619,184
"186",2016,11,6.5625,8,7,6.41666666666667,8,6,6.75,2,6,1,2,6,3389,1557,1832,406,1026,2363,7.13501699616406,7.61990366088632,6.72291626637554,6.90955665024631,7.06837230994152,7.16395370715192,185
"187",2016,12,6.5,11,7.83333333333333,6,NA,7,6.45,3,8,0,1,10,3400,1560,1840,406,1027,2373,7.13296252941177,7.6203141025641,6.71977315217391,6.90955665024631,7.06830573515092,7.16094505267594,186
"188",2017,1,6.74666666666667,15,7,6.65454545454545,5.33333333333333,7,6.70769230769231,4,11,3,2,13,3415,1564,1851,409,1029,2386,7.13126576866764,7.61872762148337,6.71938552133981,6.89799511002445,7.06817297376093,7.15847552808047,187
"189",2017,2,6.48684210526316,19,7.5625,5.70454545454545,5,6.41666666666667,6.5,8,11,2,3,16,3434,1572,1862,411,1032,2402,7.12770023296447,7.61844147582697,6.71339022556391,6.88875912408759,7.06627906007752,7.15408934637802,188
"190",2017,3,6.5,9,7.5,5.25,6,6,6.5625,5,4,1,1,8,3443,1577,1866,412,1033,2410,7.12605942492013,7.61806594800254,6.71025326902465,6.88660194174757,7.06524684414327,7.15212556431535,189
"191",2017,4,6.66666666666667,12,8,6,6,5,6.81818181818182,4,8,3,1,11,3455,1581,1874,415,1034,2421,7.12446384949349,7.61903225806452,6.7072212379936,6.88019277108434,7.06324950676983,7.15060826517968,190
"192",2017,5,6.76923076923077,13,7.44444444444444,5.25,5.5,7.33333333333333,6.6,9,4,2,3,10,3468,1590,1878,417,1037,2431,7.12313223760092,7.61804402515723,6.70411746538871,6.87357314148681,7.06403084860174,7.14834331962155,191
"193",2017,6,6.28571428571429,7,8,6,7,6.75,5.66666666666667,1,6,1,4,3,3475,1591,1884,418,1041,2434,7.12144535251799,7.61828409805154,6.70187505307856,6.87387559808613,7.06282419788665,7.14651709531635,192
"194",2017,7,6.4,12,7.5,5.61428571428571,5.5,NA,6.4,5,7,2,0,12,3487,1596,1891,420,1041,2446,7.11896260395756,7.61791353383459,6.69784907456372,6.86733333333333,7.06282419788665,7.14285470564186,193
"195",2017,8,7.15384615384615,13,7,7.33333333333333,8,8.25,6.95454545454545,7,6,3,2,11,3500,1603,1897,423,1043,2457,7.11909217142857,7.61521522145976,6.6998590405904,6.87536643026005,7.06510066155321,7.14201164428164,194
"196",2017,9,8.25,4,8.33333333333333,8,NA,NA,8.25,3,1,0,0,4,3504,1606,1898,423,1043,2461,7.12038316210046,7.61655666251557,6.70054404636459,6.87536643026005,7.06510066155321,7.1438125193011,195
"197",2017,10,6.78125,16,7.5,6.54166666666667,6,6,7.13636363636364,4,12,3,5,11,3520,1610,1910,426,1048,2472,7.11884164772727,7.61626708074534,6.69954586387434,6.86920187793427,7.06001907442748,7.14377937297735,196
"198",2017,11,6.73571428571429,14,7.16666666666667,6.4125,6,9,6.35833333333333,6,8,1,2,12,3534,1616,1918,427,1050,2484,7.11732388228636,7.61459777227723,6.69834859228363,6.86716627634661,7.06371427619048,7.13998494766505,197
"199",2017,12,6.16666666666667,6,9,5.6,5,4.5,7,1,5,1,2,4,3540,1617,1923,428,1052,2488,7.11571259887006,7.61545454545454,6.69549277171087,6.86280373831776,7.05884029467681,7.1397598914791,198
"200",2018,1,7.37857142857143,14,7.5625,7.13333333333333,6.5,8.25,7.23333333333333,8,6,2,2,12,3554,1625,1929,430,1054,2500,7.11674805852561,7.61519384615385,6.69685463970969,6.86111627906977,7.0611005597723,7.140209044,199
"201",2018,2,6.71428571428571,7,7,6.66666666666667,6,7,6.5,1,6,2,3,4,3561,1626,1935,432,1057,2504,7.11595692221286,7.61481549815498,6.69676103359173,6.85712962962963,7.06092714285714,7.13918634584664,200
"202",2018,3,6.90909090909091,11,6.3,7.41666666666667,NA,7.5,6.85,5,6,0,1,10,3572,1631,1941,432,1058,2514,7.11531987681971,7.61078479460454,6.69898639876352,6.85712962962963,7.06134214555766,7.13803604216388,201
"203",2018,4,7.3,5,7.625,6,6,8.5,7,4,1,1,1,4,3577,1635,1942,433,1059,2518,7.115578026279,7.61081957186544,6.69862646755922,6.85515011547344,7.06270065155807,7.13781676330421,202
"204",2018,5,6.22222222222222,9,6.66666666666667,6,6.66666666666667,2,6.75,3,6,3,1,8,3586,1638,1948,436,1060,2526,7.11333591745678,7.60909035409035,6.69647464065708,6.85385321100918,7.05792451886792,7.13658852335708,203
"205",2018,6,7.0625,8,7.3,6.66666666666667,7,8,6.92857142857143,5,3,1,1,7,3594,1643,1951,437,1061,2533,7.11322276015582,7.60814972611077,6.69642880574064,6.8541876430206,7.05881243166824,7.13601366363995,204
"206",2018,7,7.16666666666667,6,7,7.25,7,7,7.2,2,4,1,1,5,3600,1645,1955,438,1062,2538,7.11331183333333,7.6074103343465,6.69756143222506,6.85452054794521,7.0587570527307,7.13613972025217,205
"207",2018,8,5.86363636363636,11,5.8,5.91666666666667,6.5,8,5.65,5,6,1,1,10,3611,1650,1961,439,1063,2548,7.10950501246192,7.60193333333333,6.69517215706272,6.85371298405467,7.05964251175917,7.13030714678179,206
"208",2018,9,7.15,12,7.41666666666667,6.88333333333333,NA,7.76666666666667,6.94444444444444,6,6,0,3,9,3623,1656,1967,439,1066,2557,7.10963913883522,7.60126207729469,6.69574611082867,6.85371298405467,7.06163226078799,7.12965295658975,207
"209",2018,10,7.5,2,8,7,NA,NA,7.5,1,1,0,0,2,3625,1657,1968,439,1066,2559,7.10985451034483,7.60150271575136,6.69590071138211,6.85371298405467,7.06163226078799,7.12994240328253,208
"210",2018,11,6.56,5,9,5.95,5,NA,6.56,1,4,1,0,5,3630,1658,1972,440,1066,2564,7.10909713498623,7.60234620024125,6.69438772819472,6.8495,7.06163226078799,7.12883097113884,209
"211",2018,12,6.35785714285714,14,6.71428571428571,6.00142857142857,NA,7.00333333333333,6.18181818181818,7,7,0,3,11,3644,1665,1979,440,1069,2575,7.10621092206367,7.59861261261261,6.69193663466397,6.8495,7.06146865294668,7.12478547961165,210
"212",2019,1,6.83333333333333,12,7.4,6.42857142857143,5.66666666666667,6.3,7.21428571428571,5,7,3,5,7,3656,1670,1986,443,1074,2582,7.10531526258206,7.59801796407186,6.69100835850956,6.84148984198646,7.0579236405959,7.12502812161115,211
"213",2019,2,7.48888888888889,9,7.65,7.16666666666667,8,7.35,7.6,6,3,1,4,5,3665,1676,1989,444,1078,2587,7.10625718963165,7.59820405727924,6.6917257918552,6.8440990990991,7.05900741187384,7.12594611905682,212
"214",2019,3,6.72727272727273,11,7.25,6.42857142857143,5.5,6,6.88888888888889,4,7,2,2,9,3676,1680,1996,446,1080,2596,7.10512312295974,7.597375,6.69080290581162,6.83807174887893,7.05704628703704,7.12512427195685,213
"215",2019,4,5.61666666666667,6,7,4.23333333333333,3,4.35,6.25,3,3,1,2,4,3682,1683,1999,447,1082,2600,7.10269760999457,7.59631016042781,6.68711485742871,6.82948545861298,7.05204250462107,7.12377792692308,214
"216",2019,5,6.79166666666667,6,6,6.95,8,7,6.6875,1,5,1,2,4,3688,1684,2004,448,1084,2604,7.10219159436009,7.5953622327791,6.68777075848303,6.83209821428572,7.05194648523985,7.12310776113671,215
"217",2019,6,7.24222222222222,9,7.196,7.3,7,8,7.1475,5,4,2,1,8,3697,1689,2008,450,1085,2612,7.1025324857993,7.59417998815867,6.68899033864542,6.83284444444445,7.05282026728111,7.12318246937213,216
"218",2019,7,6.45454545454545,11,6.5,6.41666666666667,NA,6,6.625,5,6,0,3,8,3708,1694,2014,450,1088,2620,7.10061019417476,7.59095041322314,6.68817904667328,6.83284444444445,7.04991727022059,7.12166130152672,217
"219",2019,8,6.6,5,7.5,6,7,NA,6.6,2,3,1,0,5,3713,1696,2017,451,1088,2625,7.09993606248317,7.59084316037736,6.68715547843331,6.83321507760532,7.04991727022059,7.12066766095238,218
"220",2019,9,6.96,5,7.6,6,NA,7.26666666666667,6.5,3,2,0,3,2,3718,1699,2019,451,1091,2627,7.09974787520172,7.59085932901707,6.68647478949975,6.83321507760532,7.05051328139322,7.12019513132851,219
"221",2019,10,7.07142857142857,7,7.2,6.75,NA,7,7.08333333333333,5,2,0,1,6,3725,1704,2021,451,1092,2633,7.09969465771812,7.58971244131455,6.68653765462642,6.83321507760532,7.05046702380952,7.12011113178883,220
"222",2019,11,6.7,5,6.5,6.83333333333333,7.75,7.75,6,2,3,2,2,3,3730,1706,2024,453,1094,2636,7.09915887399464,7.58843493552169,6.68675523715415,6.83726269315673,7.05174587751371,7.11883634673748,221
"223",2019,12,6.94230769230769,13,7.63888888888889,5.375,NA,7.5,6.84090909090909,9,4,0,2,11,3743,1715,2028,453,1096,2647,7.09861410633182,7.58869970845481,6.68416794871795,6.83726269315673,7.05256385948905,7.11768137891953,222
"224",2020,1,7.01666666666667,12,7.42857142857143,6.44,7.1,7.175,6.9375,7,5,2,4,8,3755,1722,2033,455,1100,2655,7.09835222370173,7.5880487804878,6.6835674372848,6.83841758241758,7.05300908181818,7.11713845951036,223
"225",2020,2,7.32769230769231,13,7.166,7.86666666666667,NA,NA,7.32769230769231,10,3,0,0,13,3768,1732,2036,455,1100,2668,7.09914347133758,7.58561200923787,6.68531070726915,6.83841758241758,7.05300908181818,7.11816439655172,224
"226",2020,3,6.48333333333333,6,6.58,6,NA,5,7.225,5,1,0,2,4,3774,1737,2037,455,1102,2672,7.0981644409115,7.58271732872769,6.68497427589592,6.83841758241758,7.04928311252269,7.11832433008982,225
"227",2020,4,6.48,10,9,6.2,8,6.4,6.5,1,9,2,2,8,3784,1738,2046,457,1104,2680,7.09653081395349,7.5835327963176,6.68284095796676,6.8435010940919,7.048106875,7.11647858582089,226
"228",2020,5,6.9,5,6.5,7.5,8,NA,6.9,3,2,1,0,5,3789,1741,2048,458,1104,2685,7.09627147004487,7.58166570936243,6.68363896484375,6.84602620087336,7.048106875,7.11607545996275,227
"229",2020,6,6.42857142857143,7,7.375,5.16666666666667,5,7.25,6.1,4,3,2,2,5,3796,1745,2051,460,1106,2690,7.09504020021075,7.58119197707736,6.68142008776207,6.838,7.04847196202532,7.11418684386617,228
"230",2020,7,5.94444444444444,9,6.75,5.3,7,5.25,6.14285714285714,4,5,1,2,7,3805,1749,2056,461,1108,2697,7.09231868593955,7.57929102344197,6.67806060311284,6.83835140997831,7.04522562274368,7.11166578049685,229
"231",2020,8,7.12,10,7.8,6.44,7,6.6,7.25,5,5,1,2,8,3815,1754,2061,462,1110,2705,7.09239124508519,7.57992018244013,6.67748306647258,6.8387012987013,7.04442341441441,7.11207490203327,230
"232",2020,9,6.67307692307692,13,6.5,6.725,7.91666666666667,NA,6.67307692307692,3,10,3,0,13,3828,1757,2071,465,1110,2718,7.09096724137931,7.57807626636312,6.67771250603573,6.8456559139785,7.04442341441441,7.10997520603385,231
"233",2020,10,6.56,9,6.64,6.55,NA,NA,6.56,1,8,0,0,9,3837,1758,2079,465,1110,2727,7.08972181391712,7.57754266211604,6.67722106782107,6.8456559139785,7.04442341441441,7.10816010634397,232
"234",2020,11,6.875,8,7.33333333333333,6.6,9,NA,6.875,3,5,1,0,8,3845,1761,2084,466,1110,2735,7.08927505851756,7.57712663259511,6.6770357965451,6.85027896995708,7.04442341441441,7.1074781023766,233
"235",2020,12,7.35333333333333,15,7.71428571428571,7.0375,7.5,7.4,7.34615384615385,7,8,2,2,13,3860,1768,2092,468,1112,2748,7.09030119170984,7.57766968325792,6.67841424474187,6.85305555555556,7.04506294064748,7.10860720887918,234
"236",2021,1,7.125,8,7.3,6.83333333333333,7,7.5,7.07142857142857,5,3,1,1,7,3868,1773,2095,469,1113,2755,7.09037295760083,7.57688663282572,6.67863608591885,6.85336886993603,7.04547168912848,7.10851274410163,235
"237",2021,2,6.88888888888889,9,7.5,6.71428571428571,NA,NA,6.88888888888889,2,7,0,0,9,3877,1775,2102,469,1113,2764,7.08990523600722,7.5768,6.67875480494767,6.85336886993603,7.04547168912848,7.10779761577424,236
"238",2021,3,5.4,10,6.2,4.6,4.5,5.33333333333333,5.42857142857143,5,5,2,3,7,3887,1780,2107,471,1116,2771,7.08555765371752,7.57293258426966,6.67382183198861,6.84337579617834,7.04086916666667,7.10355561530133,237
"239",2021,4,5.66666666666667,6,6,5.6,NA,6,5.6,1,5,0,1,5,3893,1781,2112,471,1117,2776,7.08337081941947,7.57204941044357,6.67127964015151,6.84337579617834,7.03993732318711,7.10084748198847,238
"240",2021,5,6.11428571428571,7,6.4,6,7,6,6.13333333333333,2,5,1,1,6,3900,1783,2117,472,1118,2782,7.08163143589744,7.57073471676949,6.66969418989135,6.84370762711865,7.03900714669052,7.09876082314881,239
"241",2021,6,6.5,2,6.5,NA,NA,NA,6.5,2,0,0,0,2,3902,1785,2117,472,1118,2784,7.08133331624808,7.5695350140056,6.66969418989135,6.84370762711865,7.03900714669052,7.09833067887931,240
"242",2021,7,6.42857142857143,7,6.66666666666667,6.25,NA,6,6.6,3,4,0,2,5,3909,1788,2121,472,1120,2789,7.08016438986953,7.56802013422819,6.6689026874116,6.84370762711865,7.03715177678572,7.09743729293653,241
"243",2021,8,8,3,7.5,9,NA,NA,8,2,1,0,0,3,3912,1790,2122,472,1120,2792,7.08086978527607,7.56794413407821,6.67000122525919,6.84370762711865,7.03715177678572,7.09840709527221,242
"244",2021,9,5.4975,4,6.75,4.245,NA,5.5,5.49666666666667,2,2,0,1,3,3916,1792,2124,472,1121,2795,7.0792524514811,7.56703125,6.66771779661017,6.84370762711865,7.035780544157,7.09668787477639,243
"245",2021,10,7.75,4,8.33333333333333,6,NA,NA,7.75,3,1,0,0,4,3920,1795,2125,472,1121,2799,7.0799368877551,7.56831197771587,6.66740357647059,6.84370762711865,7.035780544157,7.09762151125402,244
"246",2021,11,6.85,8,6.6,7,NA,6.4,7,3,5,0,2,6,3928,1798,2130,472,1123,2805,7.07946858452139,7.56669632925472,6.66818431924882,6.84370762711865,7.03464825467498,7.09741269518716,245
"247",2021,12,6.57142857142857,7,6.6,6.5,7,5.33333333333333,7.5,5,2,1,3,4,3935,1803,2132,473,1126,2809,7.07856482846252,7.56401552967276,6.6680265478424,6.84403805496829,7.03011544404973,7.09798597721609,246
"248",2022,1,6.61538461538461,13,7.5,6.35,5,6.33333333333333,6.7,3,10,2,3,10,3948,1806,2142,475,1129,2819,7.0770396656535,7.56390919158361,6.66654183006536,6.83627368421053,7.02826394154119,7.0965741787868,247
"249",2022,2,6.85555555555556,18,6.73333333333333,6.91666666666667,7,6.625,6.92142857142857,6,12,4,4,14,3966,1812,2154,479,1133,2833,7.07603444276349,7.56115894039735,6.66793528319406,6.83764091858038,7.02684023830539,7.09570865160607,248
"250",2022,3,6.789,10,7.25,6.48166666666667,6,7.29666666666667,6.57142857142857,4,6,1,3,7,3976,1816,2160,480,1136,2840,7.07531252515091,7.56047356828194,6.66741787037037,6.83589583333333,7.02755280809859,7.09441641197183,249
"251",2022,4,6.5625,8,7,5.83333333333333,NA,8,6.35714285714286,5,3,0,1,7,3984,1821,2163,480,1137,2847,7.0742827811245,7.5589346512905,6.66626102635229,6.83589583333333,7.0284080826737,7.09260365648051,250
"252",2022,5,7.4,5,8.5,6.66666666666667,NA,NA,7.4,2,3,0,0,5,3989,1823,2166,480,1137,2852,7.07469105038857,7.55996708721887,6.66626158818098,6.83589583333333,7.0284080826737,7.09314257012623,251
"253",2022,6,6.61111111111111,9,7,6.3,7,7,6.41666666666667,4,5,1,3,6,3998,1827,2171,481,1140,2858,7.07364747373687,7.55874110563765,6.6654180561953,6.83623700623701,7.0283333245614,7.09172239678097,252
"254",2022,7,7,5,6.66666666666667,7.5,6,6,7.25,3,2,1,1,4,4003,1830,2173,482,1141,2862,7.07355548338746,7.55727868852459,6.66618619420156,6.8345020746888,7.02743206836109,7.09194360936408,253
"255",2022,8,7.25454545454545,11,8.5,6.7875,7.15,8.5,6.97777777777778,3,8,2,2,9,4014,1833,2181,484,1143,2871,7.07405146985551,7.55882160392798,6.66663117835855,6.83580578512397,7.03000874015748,7.09158572274469,254
