"","year","month","avg_rating","no_ratings","avg_rating_owned","avg_rating_not_owned","avg_rating_prev_owned","avg_rating_comment","avg_rating_no_comment","no_ratings_owned","no_ratings_not_owned","no_ratings_prev_owned","no_ratings_comment","no_ratings_no_comment","cum_no_ratings","cum_no_ratings_owned","cum_no_ratings_not_owned","cum_no_ratings_prev_owned","cum_no_ratings_comment","cum_no_ratings_no_comment","cum_avg_rating","cum_avg_rating_owned","cum_avg_rating_not_owned","cum_avg_rating_prev_owned","cum_avg_rating_comment","cum_avg_rating_no_comment","month_after_release"
"1",2010,9,7.692,25,8.27142857142857,6.95454545454545,7,7.08888888888889,8.03125,14,11,2,9,16,25,14,11,2,9,16,7.692,8.27142857142857,6.95454545454545,7,7.08888888888889,8.03125,0
"2",2010,10,7.85,73,8.63235294117647,7.16794871794872,7.5,7.63103448275862,7.99431818181818,34,39,9,29,44,98,48,50,11,38,60,7.80969387755102,8.52708333333333,7.121,7.40909090909091,7.50263157894737,8.00416666666667,1
"3",2010,11,8.00163398692811,153,8.76172839506173,7.14652777777778,7.96315789473684,7.62894736842105,8.22291666666667,81,72,19,57,96,251,129,122,30,95,156,7.92669322709163,8.67441860465116,7.13606557377049,7.76,7.57842105263158,8.13878205128205,2
"4",2010,12,7.6591156462585,147,8.44295774647887,6.92684210526316,7.515,7.5068,7.73762886597938,71,76,10,50,97,398,200,198,40,145,253,7.82786432160804,8.59225,7.05575757575758,7.69875,7.55372413793103,7.98498023715415,3
"5",2011,1,8.01417910447761,134,8.52727272727273,7.51617647058824,7.9,7.9,8.07386363636364,66,68,12,46,88,532,266,266,52,191,341,7.87479323308271,8.57612781954887,7.17345864661654,7.74519230769231,7.63712041884817,8.00791788856305,4
"6",2011,2,8.04594594594595,74,8.7725,7.19117647058824,8,8.02857142857143,8.05,40,34,4,14,60,606,306,300,56,205,401,7.89569306930693,8.60179738562092,7.17546666666667,7.76339285714286,7.66385365853659,8.0142144638404,5
"7",2011,3,8.03969465648855,131,8.64057971014493,7.37096774193548,7.64285714285714,7.79027777777778,8.13421052631579,69,62,7,36,95,737,375,362,63,241,496,7.92128900949796,8.60893333333333,7.20895027624309,7.75,7.68273858921162,8.03719758064516,6
"8",2011,4,8.02126436781609,174,8.74833333333333,7.2422619047619,7.64347826086957,7.98571428571429,8.0352,90,84,23,49,125,911,465,446,86,290,621,7.94038419319429,8.63591397849462,7.21522421524664,7.72151162790698,7.73393103448276,8.03679549114332,7
"9",2011,5,8.0034965034965,143,8.45862068965517,7.29642857142857,8.0375,8.3046511627907,7.874,87,56,8,43,100,1054,552,502,94,333,721,7.94894686907021,8.60797101449275,7.2242828685259,7.74840425531915,7.80762762762763,8.01421636615811,8
"10",2011,6,7.72623287671233,146,8.48450704225352,7.0084,6.96,7.51190476190476,7.81278846153846,71,75,15,42,104,1200,623,577,109,375,825,7.92185,8.59390048154093,7.19622183708839,7.63990825688073,7.77450666666667,7.98882424242424,9
"11",2011,7,7.92330708661417,127,8.78964912280702,7.21785714285714,7.36923076923077,7.79545454545455,7.9681914893617,57,70,13,33,94,1327,680,647,122,408,919,7.92198944988696,8.61030882352941,7.19856259659969,7.61106557377049,7.77620098039216,7.98671381936888,10
"12",2011,8,8.08410852713178,129,8.55138888888889,7.49385964912281,8.1875,7.92592592592593,8.12598039215686,72,57,8,27,102,1456,752,704,130,435,1021,7.93635302197802,8.60466755319149,7.22247159090909,7.64653846153846,7.78549425287356,8.00062683643487,11
"13",2011,9,7.83293650793651,126,8.56486486486486,6.79134615384615,8,7.74230769230769,7.8735632183908,74,52,9,39,87,1582,826,756,139,474,1108,7.92811630847029,8.60110169491526,7.19281746031746,7.66942446043165,7.78194092827004,7.99064981949458,12
"14",2011,10,7.90056603773585,159,8.56790697674419,7.11438356164384,7.28333333333333,7.55431818181818,8.03304347826087,86,73,12,44,115,1741,912,829,151,518,1223,7.92560022975302,8.59797149122807,7.1859107358263,7.6387417218543,7.76260617760618,7.99463614063778,13
"15",2011,11,7.765,194,8.56598130841122,6.77988505747126,6.91428571428571,8.20833333333333,7.61924657534247,107,87,14,48,146,1935,1019,916,165,566,1369,7.90949870801034,8.59461236506379,7.14734716157205,7.57727272727273,7.80040636042403,7.95460189919649,14
"16",2011,12,7.99307228915663,166,8.6,7.18098591549296,7.5,8.195,7.92896825396825,95,71,13,40,126,2101,1114,987,178,606,1495,7.91610185625892,8.59507181328546,7.14976697061804,7.57162921348314,7.82645214521452,7.9524414715719,15
"17",2012,1,7.91708542713568,199,8.49230769230769,7.28736842105263,7.58125,8.06704545454545,7.87451612903226,104,95,16,44,155,2300,1218,1082,194,650,1650,7.91618695652174,8.58629720853859,7.16184842883549,7.57242268041237,7.84273846153846,7.94512121212121,16
"18",2012,2,7.79933333333333,150,8.25609756097561,7.24852941176471,7.4125,7.47941176470588,7.89310344827586,82,68,8,34,116,2450,1300,1150,202,684,1766,7.90903265306122,8.56546923076923,7.16697391304348,7.56608910891089,7.8246783625731,7.94170441676104,17
"19",2012,3,7.50603174603175,126,8.20333333333333,6.87212121212121,7.53846153846154,7.14333333333333,7.619375,60,66,13,30,96,2576,1360,1216,215,714,1862,7.88932065217391,8.54949264705883,7.15097039473684,7.56441860465116,7.79605042016807,7.92508592910848,18
"20",2012,4,7.76107843137255,102,8.56884615384615,6.921,7,7.175,7.9040243902439,52,50,4,20,82,2678,1412,1266,219,734,1944,7.88443614637789,8.55020538243626,7.141887835703,7.55410958904109,7.7791280653951,7.9241975308642,19
"21",2012,5,7.78771186440678,118,8.35338983050847,7.22203389830509,7.38461538461539,7.77380952380952,7.79072164948454,59,59,13,21,97,2796,1471,1325,232,755,2041,7.88035407725322,8.54231135282121,7.14545660377358,7.54461206896552,7.77898013245033,7.91785399314062,20
"22",2012,6,7.85794392523364,107,8.21016949152542,7.425,7.97222222222222,7.5,7.92555555555556,59,48,9,17,90,2903,1530,1373,241,772,2131,7.87952807440579,8.52950326797386,7.15522942461762,7.56058091286307,7.77283678756477,7.91817925856405,21
"23",2012,7,8.02758620689655,145,8.79142857142857,7.31466666666667,7.65454545454545,7.70714285714286,8.1042735042735,70,75,11,28,117,3048,1600,1448,252,800,2248,7.88657152230971,8.5409625,7.16348756906077,7.56468253968254,7.7705375,7.92786476868327,22
"24",2012,8,7.78687755102041,147,8.42291860465116,6.89016393442623,7.44117647058824,7.44333333333333,7.87496581196581,86,61,17,30,117,3195,1686,1509,269,830,2365,7.88198466353678,8.53494128113879,7.15243870112657,7.55687732342007,7.75871084337349,7.92524778012685,23
"25",2012,9,8.09151785714286,112,8.46052631578947,7.70909090909091,8.45454545454546,7.78676470588235,8.22435897435897,57,55,11,34,78,3307,1743,1564,280,864,2443,7.88908104021772,8.53250774526678,7.17201406649616,7.59214285714286,7.75981481481482,7.93479778960295,24
"26",2012,10,7.74283783783784,148,8.65205479452055,6.85786666666667,7.35,7.97724137931035,7.68571428571429,73,75,21,29,119,3455,1816,1639,301,893,2562,7.88281649782923,8.53731332599119,7.15763880414887,7.57524916943521,7.76687569988802,7.92322833723653,25
"27",2012,11,7.84570552147239,163,8.53,7.18614457831325,7.7,7.91935483870968,7.82840909090909,80,83,20,31,132,3618,1896,1722,321,924,2694,7.88114455500276,8.53700474683544,7.15901277584204,7.58302180685358,7.77199134199134,7.91858240534521,26
"28",2012,12,8.22964935064935,154,8.7780612244898,7.26992857142857,7.8,8.68653846153846,8.13684375,98,56,12,26,128,3772,1994,1778,333,950,2822,7.8953730116649,8.54885205616851,7.16250618672666,7.59084084084084,7.79702105263158,7.92848228206945,27
"29",2013,1,8.08189873417722,158,8.59581395348837,7.46805555555556,7.77777777777778,7.7234375,8.17293650793651,86,72,18,32,126,3930,2080,1850,351,982,2948,7.90287201017812,8.55079375,7.17439783783784,7.60042735042735,7.79462321792261,7.93893046132971,28
"30",2013,2,7.88961538461538,130,8.47741935483871,7.35367647058824,7.18333333333333,8.24230769230769,7.80144230769231,62,68,15,26,104,4060,2142,1918,366,1008,3052,7.90244753694581,8.54866993464052,7.18075391032325,7.58333333333333,7.80617063492064,7.93424541284404,29
"31",2013,3,7.7425,140,8.33552631578947,7.03828125,7.51153846153846,7.525,7.79210526315789,76,64,13,26,114,4200,2218,1982,379,1034,3166,7.89711595238095,8.54136654643823,7.17615338042381,7.58087071240105,7.79910058027079,7.92912728995578,30
"32",2013,4,8.12350806451613,124,8.76108695652174,7.32363636363636,7.75384615384615,8.21363636363636,8.10406862745098,69,55,13,22,102,4324,2287,2037,392,1056,3268,7.90360823311748,8.54799562745955,7.18013549337261,7.58660714285714,7.80773674242424,7.93458751529988,31
"33",2013,5,7.83851851851852,135,8.40555555555556,7.19047619047619,8.3125,7.72916666666667,7.86216216216216,72,63,8,24,111,4459,2359,2100,400,1080,3379,7.90163758690289,8.5436481559983,7.18044571428571,7.601125,7.80599074074074,7.9322083456644,32
"34",2013,6,7.81034482758621,145,8.47101449275362,7.21052631578947,7.06666666666667,8,7.75877192982456,69,76,12,31,114,4604,2428,2176,412,1111,3493,7.89876238053866,8.54158401976936,7.18149632352941,7.58555825242718,7.81140414041404,7.92654795304895,33
"35",2013,7,7.7645390070922,141,8.56081081081081,6.88507462686567,7.36363636363636,7.45161290322581,7.85272727272727,74,67,11,31,110,4745,2502,2243,423,1142,3603,7.89477386722866,8.54215267785771,7.17264199732501,7.57978723404255,7.80163747810858,7.92429419927838,34
"36",2013,8,7.8404347826087,115,8.31206896551724,7.36052631578947,7.32352941176471,7.2,7.92920792079208,58,57,17,14,101,4860,2560,2300,440,1156,3704,7.89348806584362,8.53693984375,7.17729826086957,7.56988636363636,7.79435121107266,7.92442818574514,35
"37",2013,9,7.78577235772358,123,8.3491935483871,7.21311475409836,7.52222222222222,7.8,7.78267326732673,62,61,9,22,101,4983,2622,2361,449,1178,3805,7.89082921934578,8.53250038138825,7.17822363405337,7.56893095768374,7.79445670628183,7.92066544021025,36
"38",2013,10,7.89678899082569,109,8.521875,7.40491803278689,6.8,8.365,7.79157303370787,48,61,11,20,89,5092,2670,2422,460,1198,3894,7.89095679497251,8.53230936329588,7.18393311312964,7.55054347826087,7.8039816360601,7.91771494607088,37
"39",2013,11,7.92963087248322,149,8.46542682926829,7.27388059701493,7.78,8.265,7.84152542372881,82,67,10,31,118,5241,2752,2489,470,1229,4012,7.89205628696814,8.53031649709302,7.18635435918039,7.55542553191489,7.81561025223759,7.9154740777667,38
"40",2013,12,7.92233082706767,133,8.4596,7.22758620689655,7.18181818181818,8.16666666666667,7.8417,75,58,11,33,100,5374,2827,2547,481,1262,4112,7.89280554521771,8.5284403961797,7.18729328621908,7.5468814968815,7.82479001584786,7.91367996108949,39
"41",2014,1,7.75027932960894,179,8.36421052631579,7.05595238095238,7.26923076923077,7.02941176470588,7.82592592592593,95,84,13,17,162,5553,2922,2631,494,1279,4274,7.8882112371691,8.52310095824777,7.18309996199164,7.53957489878543,7.81421813917123,7.91035376696303,40
"42",2014,2,8.01276595744681,141,8.44230769230769,7.48095238095238,7.95454545454545,8.28409090909091,7.96260504201681,78,63,11,22,119,5694,3000,2694,505,1301,4393,7.89129557428873,8.52100033333333,7.19006533036377,7.54861386138614,7.82216372021522,7.91176917823811,41
"43",2014,3,7.9030534351145,131,8.39189189189189,7.26842105263158,7,7.6,7.95765765765766,74,57,6,20,111,5825,3074,2751,511,1321,4504,7.89156,8.51789232270657,7.19168884042166,7.54217221135029,7.81880015140045,7.91290008880995,42
"44",2014,4,7.64408602150538,93,8.24659090909091,7.1030612244898,6.64285714285714,7.703125,7.63181818181818,44,49,7,16,77,5918,3118,2800,518,1337,4581,7.88767100371747,8.51406382296344,7.19013785714286,7.53001930501931,7.81741585639491,7.90817550753111,43
"45",2014,5,7.78064375,96,8.4361137254902,7.03777777777778,7,8.44289090909091,7.69494117647059,51,45,14,11,85,6014,3169,2845,532,1348,4666,7.88596255404057,8.51280934048596,7.18772794376098,7.51607142857143,7.82251988130564,7.90429104157737,44
"46",2014,6,7.80275862068966,87,8.26787234042553,7.25625,7.52777777777778,8.28857142857143,7.70958904109589,47,40,9,14,73,6101,3216,2885,541,1362,4739,7.8847760694968,8.50922972636816,7.18867798960139,7.51626617375231,7.82731042584435,7.9012918337202,45
"47",2014,7,7.61086956521739,115,8.50648148148148,6.81803278688525,7.4375,7.48888888888889,7.64829545454545,54,61,16,27,88,6216,3270,2946,557,1389,4827,7.87970862290862,8.50918434250764,7.18100339443313,7.51400359066427,7.82073203743701,7.89667951108349,46
"48",2014,8,7.91115384615385,130,8.59745762711864,7.34084507042254,7.4,7.93076923076923,7.90625,59,71,10,26,104,6346,3329,3017,567,1415,4931,7.88035278915853,8.51074881345749,7.18476499834273,7.51199294532628,7.82275392226149,7.89688136280674,47
"49",2014,9,7.72233333333333,120,8.35555555555556,7.02245614035088,6.91083333333333,6.94444444444444,7.85960784313725,63,57,12,18,102,6466,3392,3074,579,1433,5033,7.87742016702753,8.50786639150943,7.18175536759922,7.49953367875648,7.81172142358688,7.89612596860719,48
"50",2014,10,7.64838461538462,130,8.35387096774194,7.00514705882353,6.83333333333333,7.51785714285714,7.68421568627451,62,68,6,28,102,6596,3454,3142,585,1461,5135,7.8729061249242,8.50510214244354,7.17793316359007,7.49270085470086,7.80608952772074,7.89191665043817,49
"51",2014,11,7.95327102803738,107,8.55892857142857,7.28823529411765,7.54166666666667,8.26923076923077,7.85185185185185,56,51,12,26,81,6703,3510,3193,597,1487,5216,7.87418899000448,8.50596091168091,7.17969495772001,7.4936850921273,7.81418749159381,7.89129447852761,50
"52",2014,12,7.6444,125,8.1258064516129,7.17063492063492,7.46363636363636,7.72045454545455,7.62815533980582,62,63,11,22,103,6828,3572,3256,608,1509,5319,7.86998224956063,8.49936248600224,7.17951965601966,7.49314144736842,7.81282094102055,7.88619890956947,51
"53",2015,1,7.997175,200,8.59481132075472,7.32324468085106,7.17961538461538,7.92261904761905,8.01699367088608,106,94,13,42,158,7028,3678,3350,621,1551,5477,7.87360184974388,8.50211332245786,7.18355253731343,7.48657809983897,7.81579419729207,7.88997206499909,52
"54",2015,2,7.80015503875969,129,8.38230769230769,7.20890625,7.70588235294118,8.36041666666667,7.67209523809524,65,64,17,24,105,7157,3743,3414,638,1575,5582,7.8722780215174,8.50003280790809,7.18402782659637,7.49242163009405,7.82409320634921,7.88587370118237,53
"55",2015,3,7.69418604651163,129,8.4859375,6.91461538461538,7.06818181818182,7.09473684210526,7.79772727272727,64,65,11,19,110,7286,3807,3479,649,1594,5692,7.86912486961296,8.49979584975046,7.17899425122161,7.4852311248074,7.81539949811794,7.88417023893184,54
"56",2015,4,7.94375,120,8.51044776119403,7.22735849056604,7.35555555555556,7.86739130434783,7.96185567010309,67,53,9,23,97,7406,3874,3532,658,1617,5789,7.87033402646503,8.49998007227672,7.17971998867497,7.48345744680851,7.81613902288188,7.88547192952151,55
"57",2015,5,7.73125,104,8.43061224489796,7.10818181818182,6.16666666666667,7.12368421052632,7.86705882352941,49,55,9,19,85,7510,3923,3587,667,1636,5874,7.86840796271638,8.4991136375223,7.17862308335657,7.46568965517242,7.80809706601467,7.88520548178413,56
"58",2015,6,7.92904761904762,105,8.48981481481482,7.33529411764706,7,8,7.91722222222222,54,51,13,15,90,7615,3977,3638,680,1651,5964,7.86924409717663,8.49898737742016,7.18081940626718,7.45678676470588,7.80984058146578,7.88568863179075,57
"59",2015,7,7.79158878504673,107,8.42395833333333,7.2771186440678,7.53636363636364,7.555,7.84597701149425,48,59,11,20,87,7722,4025,3697,691,1671,6051,7.86816806526807,8.49809262111801,7.18235623478496,7.45805354558611,7.80679042489527,7.88511766650141,58
"60",2015,8,7.908984375,128,8.41142857142857,7.30258620689655,6.72727272727273,8.24347826086957,7.83571428571429,70,58,11,23,105,7850,4095,3755,702,1694,6156,7.86883360509554,8.49661118437118,7.18421331557923,7.44660256410256,7.81271948051948,7.88427501624432,59
"61",2015,9,7.63098360655738,122,8.15964912280702,7.16738461538462,7.39285714285714,7.86153846153846,7.60348623853211,57,65,14,13,109,7972,4152,3820,716,1707,6265,7.86519365278475,8.4919852601156,7.18392696335078,7.44555167597765,7.81309127123609,7.87938978451716,60
"62",2015,10,7.92685950413223,121,8.48,7.46590909090909,7.375,8.35357142857143,7.87102803738318,55,66,8,14,107,8093,4207,3886,724,1721,6372,7.86611563079204,8.49182857142857,7.18871616057643,7.44477209944751,7.81748797210924,7.87924937225361,61
"63",2015,11,7.76881097560976,164,8.36876623376623,7.23781609195402,7.235,8.27895833333333,7.68135714285714,77,87,14,24,140,8257,4284,3973,738,1745,6512,7.86418297202374,8.48961666666666,7.1897913415555,7.44079268292683,7.82383484240688,7.87499493243243,62
"64",2015,12,7.76683229813665,161,8.41049382716049,7.115125,7.59772727272727,7.45230769230769,7.82740740740741,81,80,22,26,135,8418,4365,4053,760,1771,6647,7.86232107388929,8.48814840778923,7.18831754256106,7.44533552631579,7.81838046301525,7.87402843387995,63
"65",2016,1,7.68790243902439,205,8.35960396039604,7.03557692307692,7.35294117647059,7.45175,7.74515151515152,101,104,17,40,165,8623,4466,4157,777,1811,6812,7.85817451003131,8.48524133452754,7.18449627134953,7.44331402831403,7.81028260629487,7.87090678214915,64
"66",2016,2,8.03203389830509,118,8.53271186440678,7.53135593220339,7.19230769230769,7.95470588235294,8.04504950495049,59,59,13,17,101,8741,4525,4216,790,1828,6913,7.86052154215765,8.48586028729281,7.18935033206831,7.4391835443038,7.81162571115974,7.87345103428323,65
"67",2016,3,7.79,130,8.46379310344828,7.24722222222222,7.18461538461538,7.39473684210526,7.85765765765766,58,72,13,19,111,8871,4583,4288,803,1847,7024,7.8594880847706,8.48558101680122,7.19032206156716,7.43506226650062,7.80733719545209,7.87320145216401,66
"68",2016,4,7.81940298507463,134,8.3330985915493,7.24047619047619,7.50833333333333,8.0921052631579,7.77434782608696,71,63,12,19,115,9005,4654,4351,815,1866,7139,7.85889159355914,8.48325479157714,7.19104826476672,7.43614110429448,7.81023676312969,7.8716090488864,67
"69",2016,5,7.71459854014599,137,8.40575757575758,7.07211267605634,6.30875,6.78888888888889,7.8546218487395,66,71,8,18,119,9142,4720,4422,823,1884,7258,7.85672924961715,8.48217114406779,7.18913862505653,7.4251822600243,7.80047866242039,7.87133053182695,68
"70",2016,6,7.7584328358209,134,8.47318181818182,7.06470588235294,6.04545454545455,7.96,7.70518867924528,66,68,11,28,106,9276,4786,4490,834,1912,7364,7.8553092712376,8.48204717927288,7.18725412026726,7.40698441247002,7.80281474895398,7.86893902770234,69
"71",2016,7,7.64360655737705,122,8.36666666666667,6.94387096774194,8.25,8.315,7.51196078431373,60,62,4,20,102,9398,4846,4552,838,1932,7466,7.85256105554374,8.48061861328931,7.18393914762742,7.41100835322196,7.80811687370601,7.86406201446558,70
"72",2016,8,7.8797385620915,153,8.51518987341772,7.20135135135135,6.75,7.965,7.86691729323308,79,74,6,20,133,9551,4925,4626,844,1952,7599,7.85299641922312,8.4811731573604,7.18421768266321,7.40630924170616,7.80972428278689,7.86411198841953,71
"73",2016,9,7.65454545454545,143,8.20328947368421,7.03208955223881,6.45,7.61923076923077,7.66239316239316,76,67,10,26,117,9694,5001,4693,854,1978,7716,7.85006899112854,8.476950169966,7.18204581291285,7.3951112412178,7.80722032355915,7.8610532659409,72
"74",2016,10,8.09141732283465,127,8.59409090909091,7.54754098360656,7.75,8.30052631578947,8.05462962962963,66,61,14,19,108,9821,5067,4754,868,1997,7824,7.85318998065371,8.4784759818433,7.1867355910812,7.40083525345622,7.81191377065599,7.86372533231084,73
"75",2016,11,7.89909625668449,187,8.45534444444444,7.38298969072165,7.64444444444444,7.63461538461539,7.94180745341615,90,97,18,26,161,10008,5157,4851,886,2023,7985,7.85404774180656,8.47807229009113,7.19065986394558,7.40578442437923,7.8096350963915,7.86529968691296,74
"76",2016,12,7.77065217391304,138,8.38357142857143,7.13970588235294,7.26666666666667,7.942,7.73274336283186,70,68,12,25,113,10146,5227,4919,898,2048,8098,7.85291344372167,8.47680673426439,7.18995547875585,7.40392538975501,7.81125087890625,7.86344998765127,75
"77",2017,1,7.79714285714286,175,8.59080459770115,7.0125,6.95263157894737,7.65142857142857,7.83357142857143,87,88,19,35,140,10321,5314,5007,917,2083,8238,7.8519678131964,8.47867308995107,7.18683662871979,7.39457470010905,7.80856543446952,7.86294221898519,76
"78",2017,2,7.92383458646617,133,8.39351351351351,7.33474576271186,7.67916666666667,8.35315789473684,7.85228070175439,74,59,12,19,114,10454,5388,5066,929,2102,8352,7.85288213124163,8.47750348923533,7.1885592183182,7.3982508073197,7.8134880114177,7.8627966954023,77
"79",2017,3,7.67065868263473,167,8.40722222222222,6.80974025974026,7.1,7.605,7.67959183673469,90,77,13,20,147,10621,5478,5143,942,2122,8499,7.85001692872611,8.47634881343556,7.18288761423294,7.39413481953291,7.81152299717248,7.85962795623015,78
"80",2017,4,7.77738853503185,157,8.30357142857143,7.17191780821918,6.7,8.06590909090909,7.73037037037037,84,73,14,22,135,10778,5562,5216,956,2144,8634,7.84895897197996,8.47373944624236,7.18273408742331,7.38396966527197,7.81413330223881,7.85760690294186,79
"81",2017,5,7.65270676691729,133,8.42047619047619,6.96171428571429,7.09090909090909,7.73827586206897,7.62884615384615,63,70,11,29,104,10911,5625,5286,967,2173,8738,7.84656674915223,8.47314289777777,7.1798072266364,7.38063598759049,7.81312093879429,7.8548841840238,80
"82",2017,6,7.50757575757576,132,8.58846153846154,6.805,7.08333333333333,7.63,7.47156862745098,52,80,12,30,102,11043,5677,5366,979,2203,8840,7.84251469709318,8.47419918971287,7.17421934401789,7.37699182839632,7.81062723558784,7.8504613122172,81
"83",2017,7,7.65304285714286,140,8.53708955223881,6.84165753424658,6.90909090909091,6.81672222222222,7.77643442622951,67,73,11,18,122,11183,5744,5439,990,2221,8962,7.84014269873916,8.47493276462395,7.16975583747012,7.37179292929293,7.80257217469608,7.84945358178978,82
"84",2017,8,7.83190909090909,110,8.27884615384615,7.43120689655172,7.67777777777778,8.02142857142857,7.80427083333333,52,58,9,14,96,11293,5796,5497,999,2235,9058,7.84006249889312,8.47317353347136,7.17251446243406,7.37454954954955,7.80394308724832,7.8489747184809,83
"85",2017,9,7.73775,120,8.31596153846154,7.29558823529412,6.68181818181818,7.68117647058823,7.74708737864078,52,68,11,17,103,11413,5848,5565,1010,2252,9161,7.83898675194953,8.47177561559507,7.17401832884097,7.36700495049505,7.8030163410302,7.8478291671215,84
"86",2017,10,7.69068493150685,146,8.38052631578947,6.94171428571429,7,7.63913043478261,7.70032520325203,76,70,7,23,123,11559,5924,5635,1017,2275,9284,7.83711357383857,8.47060496286293,7.17113256433008,7.36447885939037,7.80135947252748,7.84587494614391,85
"87",2017,11,7.56679245283019,159,8.09479452054794,7.11860465116279,7.16,7.61724137931034,7.55553846153846,73,86,15,29,130,11718,5997,5721,1032,2304,9414,7.83344562211982,8.46603031515758,7.17034294703723,7.36150678294574,7.79904201388889,7.84186562566391,86
"88",2017,12,7.6910447761194,134,8.34236111111111,6.93467741935484,7.09615384615385,6.784375,7.81398305084746,72,62,13,16,118,11852,6069,5783,1045,2320,9532,7.83183562267972,8.46456315702751,7.16781635829154,7.35820574162679,7.79204431034483,7.84152045740663,87
"89",2018,1,7.86409219101124,178,8.44735168421053,7.19650602409639,6.90785714285714,7.86153846153846,7.86452901315789,95,83,14,26,152,12030,6164,5866,1059,2346,9684,7.83231290191189,8.4642978926022,7.16822229798841,7.35225212464589,7.79281449275363,7.84188159954565,88
"90",2018,2,7.68121739130435,115,8.37941176470588,7.12484375,6.4,7.84736842105263,7.64833333333333,51,64,9,19,96,12145,6215,5930,1068,2365,9780,7.83088219102512,8.46360132099758,7.16775413153457,7.34422752808989,7.79325276955603,7.83998173926381,89
"91",2018,3,7.72702702702703,111,8.50816326530612,7.10967741935484,7.5,8.66153846153846,7.6030612244898,49,62,7,13,98,12256,6264,5992,1075,2378,9878,7.82994159676893,8.46394990581098,7.16715320427236,7.34524186046512,7.79799949537427,7.83763124215429,90
"92",2018,4,7.58529411764706,102,8.41395348837209,6.98135593220339,6.7,7.39,7.63292682926829,43,59,10,20,82,12358,6307,6051,1085,2398,9960,7.82792233452015,8.46360903916283,7.16534159643034,7.33929493087558,7.79459666388657,7.8359459246988,91
"93",2018,5,7.60621359223301,103,8.48962962962963,6.63265306122449,7,8.06,7.52886363636364,54,49,9,15,88,12461,6361,6100,1094,2413,10048,7.82608973677875,8.46382993397264,7.16106262295082,7.33650365630713,7.7962464981351,7.83325650975319,92
"94",2018,6,7.70684444444444,90,8.4614375,7.29051724137931,7.35454545454545,7.55625,7.72153658536585,32,58,11,8,82,12551,6393,6158,1105,2421,10130,7.82523465938969,8.46381795870483,7.16228190971094,7.33668325791855,7.79545344898802,7.83235216288253,93
"95",2018,7,7.90659259259259,135,8.67846153846154,7.18985714285714,7.57615384615385,8.17,7.86864406779661,65,70,13,17,118,12686,6458,6228,1118,2438,10248,7.82610044221977,8.46597835397956,7.16259184328837,7.33946779964222,7.79806513535685,7.83277004391101,94
"96",2018,8,8.06242857142857,140,8.53215189873418,7.45409836065574,6.745,8.03055555555556,8.06713114754098,79,61,10,18,122,12826,6537,6289,1128,2456,10370,7.82868004132232,8.46677806486155,7.16541930354587,7.33419769503546,7.7997690553746,7.83552723336548,95
"97",2018,9,8.08925661870504,139,8.51793253164557,7.52483333333333,7.64142857142857,8.28125,8.0642818699187,79,60,7,16,123,12965,6616,6349,1135,2472,10493,7.8314737277285,8.46738888754534,7.16881587651599,7.33609251101322,7.80288543689321,7.83820871819308,96
"98",2018,10,7.9975641025641,156,8.55136363636364,7.28088235294118,7.38888888888889,7.4962962962963,8.10248062015504,88,68,9,27,129,13121,6704,6417,1144,2499,10622,7.83344843228413,8.46849118138424,7.17000342839333,7.33650786713287,7.79957294917967,7.84141819619658,97
"99",2018,11,7.86923684210526,152,8.55281578947368,7.18565789473684,6.63333333333333,8.03620689655172,7.82986991869919,76,76,9,29,123,13273,6780,6493,1153,2528,10745,7.83385827469299,8.46943641297935,7.17018666255968,7.33101908065915,7.8022875,7.84128600093067,98
"100",2018,12,7.86653333333333,150,8.58037037037037,7.02855072463768,7.025,7.71363636363636,7.8928125,81,69,14,22,128,13423,6861,6562,1167,2550,10873,7.83422341354392,8.47074608366127,7.1686973483694,7.32734790059983,7.80152266666667,7.84189258530305,99
"101",2019,1,8.05117318435754,179,8.44528846153846,7.50466666666667,7.61111111111111,7.91190476190476,8.0696835443038,104,75,9,21,158,13602,6965,6637,1176,2571,11031,7.83707843552419,8.47036595549174,7.17249389784541,7.32951955782313,7.80242427071179,7.84515529689058,100
"102",2019,2,8.02291666666667,144,8.56578947368421,7.41617647058824,6.87777777777778,7.45652173913043,8.13057851239669,76,68,9,23,121,13746,7041,6705,1185,2594,11152,7.83902523497745,8.471395949439,7.17496524981357,7.32608860759494,7.79935728604472,7.84825215925395,101
"103",2019,3,7.83076923076923,156,8.49207317073171,7.09797297297297,6.95357142857143,7.60294117647059,7.85863309352518,82,74,14,17,139,13902,7123,6779,1199,2611,11291,7.8389325909941,8.47163398568019,7.17412479716772,7.32173894912427,7.79807843738032,7.84837995571694,102
"104",2019,4,7.84299212598425,127,8.3603125,7.31746031746032,6.85,7.8755,7.83691588785047,64,63,14,20,107,14029,7187,6842,1213,2631,11398,7.83896934065151,8.47064267149019,7.1754446068401,7.31629431162408,7.79866697073356,7.84827233549746,103
"105",2019,5,7.93177777777778,135,8.56035087719298,7.4724358974359,7.25,8.25333333333333,7.89158333333333,57,78,8,15,120,14164,7244,6920,1221,2646,11518,7.83985391697261,8.47134854776366,7.17879219653179,7.31585995085995,7.80124444444445,7.84872357006425,104
"106",2019,6,7.90767441860465,129,8.64640625,7.18030769230769,5.9375,7.93684210526316,7.90263636363636,64,65,8,19,110,14293,7308,6985,1229,2665,11628,7.8404660239278,8.47288162014231,7.1788062992126,7.30688771358829,7.80221118198874,7.84923358101135,105
"107",2019,7,7.92087378640777,103,8.5026,7.37207547169811,7.42857142857143,7.944,7.91838709677419,50,53,7,10,93,14396,7358,7038,1236,2675,11721,7.84104132258961,8.47308356618646,7.18026172208014,7.30757686084143,7.80274123364486,7.84978227796263,106
"108",2019,8,7.75619133333333,180,8.51841063291139,7.16,7.25454545454545,7.426,7.809448,79,101,11,25,155,14576,7437,7139,1247,2700,11876,7.83999350439078,8.47356505580207,7.17997506653593,7.3071090617482,7.79925288888889,7.84925585382284,107
"109",2019,9,7.94809677419355,124,8.72589655172414,7.26457575757576,6.89285714285714,7.74295238095238,7.98992233009709,58,66,14,21,103,14700,7495,7205,1261,2721,11979,7.84090539591837,8.47551772114743,7.18075003469813,7.30250991276765,7.79881837559721,7.85046535770933,108
"110",2019,10,8.00204940740741,135,8.59593220338983,7.54100881578947,7.72222222222222,7.95952380952381,8.00988307017544,59,76,9,21,114,14835,7554,7281,1270,2742,12093,7.84237182271655,8.47645821021975,7.18451046147507,7.30548425196851,7.80004916119621,7.85196817911188,109
"111",2019,11,7.8077916875,160,8.36294376623377,7.29277108433735,7.52857142857143,7.71666666666667,7.82387257352941,77,83,14,24,136,14995,7631,7364,1284,2766,12229,7.84200284494832,8.47531280172978,7.18573067218903,7.30791666666667,7.79932566883587,7.85165572491618,110
"112",2019,12,7.74648795180723,166,8.50841558441558,7.08729213483146,7.39285714285714,7.72278571428571,7.75129710144928,77,89,14,28,138,15161,7708,7453,1298,2794,12367,7.84095703845393,8.47564348598858,7.18455516838857,7.30883281972265,7.79855862562635,7.85053585024662,111
"113",2020,1,7.76228426395939,197,8.45072916666667,7.10792079207921,6.91538461538462,7.25434782608696,7.82942528735632,96,101,13,23,174,15358,7804,7554,1311,2817,12541,7.8399478877458,8.47533700538185,7.18353053613979,7.30493135011442,7.7941152999645,7.85024295191771,112
"114",2020,2,7.67255932515337,163,8.39838095238095,7.2152917,7.35,7.16071428571429,7.77871977777778,63,100,18,28,135,15521,7867,7654,1329,2845,12676,7.83818998969139,8.47472073090123,7.18394549777894,7.30554176072235,7.78788147627417,7.84948122672768,113
"115",2020,3,7.97712,125,8.62767857142857,7.44913043478261,7,8.6125,7.90964601769912,56,69,11,12,113,15646,7923,7723,1340,2857,12789,7.83929993800333,8.47580184147419,7.1863147533342,7.30303358208955,7.79134504725236,7.85001282586598,114
"116",2020,4,7.71116504854369,103,8.12589285714286,7.21702127659574,6.6875,7,7.80494505494505,56,47,8,12,91,15749,7979,7770,1348,2869,12880,7.83846192329672,8.47334603208422,7.18650049420849,7.29938056379822,7.7880351341931,7.84969441226708,115
"117",2020,5,7.71354545454545,110,8.53571428571429,7.05311475409836,6.97307692307692,7.6575,7.726,49,61,13,20,90,15859,8028,7831,1361,2889,12970,7.83759548710512,8.47372670528151,7.18546147873835,7.29626377663483,7.78713146417446,7.84883608558211,116
"118",2020,6,7.85991150442478,113,8.42033898305085,7.24759259259259,6.35714285714286,8.360625,7.77731958762887,59,54,7,16,97,15972,8087,7885,1368,2905,13067,7.83775337027298,8.47333720662792,7.18588698034242,7.29145833333333,7.79029012048193,7.84830519859187,117
"119",2020,7,7.90243902439024,123,8.50434782608696,7.13333333333333,7.4,8.22222222222222,7.84761904761905,69,54,5,18,105,16095,8156,7939,1373,2923,13172,7.83824770611991,8.47359955738107,7.18552951757148,7.29185360524399,7.79294998289429,7.84829972897054,118
"120",2020,8,7.70099224806202,129,8.45287096774194,7.00522388059701,7.57142857142857,7.485,7.74062385321101,62,67,7,20,109,16224,8218,8006,1380,2943,13281,7.83715636279586,8.47344317230469,7.18402058955783,7.29327173913043,7.79085722052328,7.8474160100896,119
"121",2020,9,7.87892857142857,140,8.56617647058824,7.22986111111111,6.04444444444444,8.02,7.84826086956522,68,72,9,25,115,16364,8286,8078,1389,2968,13396,7.83751373930579,8.47420419864832,7.18442917058678,7.28517998560115,7.79278733153639,7.8474232629143,120
"122",2020,10,7.9,160,8.47333333333333,7.39411764705882,7.31818181818182,7.925,7.89642857142857,75,85,11,20,140,16524,8361,8163,1400,2988,13536,7.83811878661341,8.47419638679584,7.18661262281024,7.28543928571429,7.79367228915663,7.84793011450946,121
"123",2020,11,7.78875912408759,137,8.4887323943662,7.03575757575758,7.68181818181818,7.83125,7.78314049586777,71,66,11,16,121,16661,8432,8229,1411,3004,13657,7.83771291219015,8.47431878439279,7.18540270263702,7.28852941176471,7.793872436751,7.84735608332723,122
"124",2020,12,7.92957446808511,141,8.44325581395349,7.12636363636364,6.33333333333333,8.06578947368421,7.90836065573771,86,55,9,19,122,16802,8518,8284,1420,3023,13779,7.83848380133318,8.47400516435783,7.18501072428778,7.28247535211268,7.79558147535561,7.84789622106104,123
"125",2021,1,7.7675,152,8.2712676056338,7.32592592592593,7.5,6.62058823529412,7.91192592592593,71,81,17,17,135,16954,8589,8365,1437,3040,13914,7.83784740061343,8.47232925718942,7.18637523490735,7.28504871259569,7.78901078947369,7.84851746658042,124
"126",2021,2,7.85336538461539,104,8.48727272727273,7.14183673469388,7,7.90384615384615,7.84615384615385,55,49,8,13,91,17058,8644,8414,1445,3053,14005,7.83794201137296,8.47242433942619,7.18611585928215,7.28347058823529,7.78949977071733,7.84850210853267,125
"127",2021,3,7.68308823529412,136,8.17763157894737,7.05666666666667,6.33333333333333,7.42941176470588,7.71932773109244,76,60,9,17,119,17194,8720,8474,1454,3070,14124,7.83671715889264,8.46985504472477,7.18519929667217,7.2775894085282,7.7875057980456,7.84741376593033,126
"128",2021,4,7.80709259259259,108,8.49229508196721,6.91778723404255,7.6472,7.8,7.80797916666667,61,47,5,12,96,17302,8781,8521,1459,3082,14220,7.83653224078141,8.47001093155677,7.18372430935336,7.27885606579849,7.78755444516548,7.84714754078763,127
"129",2021,5,8.03722166666667,120,8.63655806451613,7.39655172413793,7,7.625,8.06666607142857,62,58,7,8,112,17422,8843,8579,1466,3090,14332,7.83791455803008,8.47117862603189,7.1851631705327,7.27752455661664,7.78713359223301,7.84886300795423,128
"130",2021,6,7.77970873786408,103,8.25296296296296,7.25816326530612,7.41666666666667,6.93333333333333,7.92397727272727,54,49,6,15,88,17525,8897,8628,1472,3105,14420,7.8375724639087,8.46985417444082,7.18557775150672,7.27809171195652,7.78300895330113,7.84932140291262,129
"131",2021,7,7.86172225,120,8.47011116666667,7.25333333333333,6.8125,8.22777777777778,7.79712421568627,60,60,8,18,102,17645,8957,8688,1480,3123,14522,7.83773670161519,8.4698558959473,7.18604567679558,7.275575,7.78557246237592,7.84895477895607,130
"132",2021,8,7.79151231481482,108,8.22982142857143,7.31948711538462,6.125,7.91666666666667,7.77586802083333,56,52,8,12,96,17753,9013,8740,1488,3135,14618,7.8374554965358,8.46836450238544,7.18683960755149,7.26938911290323,7.78607425837321,7.84847480024627,131
"133",2021,9,7.7509309009009,111,8.32217942307692,7.24745762711864,7.26923076923077,8.19411764705882,7.67078010638298,52,59,13,17,94,17864,9065,8799,1501,3152,14712,7.83691786609942,8.46752593381136,7.18724607000796,7.26938774150566,7.788275,7.84733944806961,132
"134",2021,10,7.51834862385321,109,8.21666666666667,7.08059701492537,6.78125,7.36666666666667,7.54255319148936,42,67,8,15,94,17973,9107,8866,1509,3167,14806,7.83498585433706,8.4663690117492,7.18644012745319,7.2667998674619,7.78627811809283,7.84540442793462,133
"135",2021,11,7.88873949579832,119,8.38842105263158,7.42935483870968,6.975,7.57647058823529,7.94078431372549,57,62,8,17,102,18092,9164,8928,1517,3184,14908,7.83533941852753,8.46588417612396,7.18812703517025,7.26526104152933,7.78515791457286,7.84605701368393,134
"136",2021,12,7.72491062937063,143,8.4208296,6.95735294117647,7.75,7.6145,7.74286357723577,75,68,12,20,123,18235,9239,8996,1529,3204,15031,7.83447342911983,8.46551843381318,7.18638263339262,7.26906540222368,7.78409263420724,7.84521257268312,135
"137",2022,1,7.546515625,192,8.47212941176471,6.81121495327103,7.06666666666667,7.00947368421053,7.60549710982659,85,107,18,19,173,18427,9324,9103,1547,3223,15204,7.83147305475661,8.4655787012012,7.18197277490937,7.26671040723982,7.77952615575551,7.84248495001316,136
"138",2022,2,7.54409448818898,127,8.00285714285714,6.98070175438597,6,7.29285714285714,7.57522123893805,70,57,6,14,113,18554,9394,9160,1553,3237,15317,7.82950598145953,8.4621307015116,7.18072032423581,7.26181648422408,7.77742131603336,7.84051323235621,137
"139",2022,3,8.01023622047244,127,8.63840579710145,7.26293103448276,6.5,7.84333333333333,8.03258928571429,69,58,6,15,112,18681,9463,9218,1559,3252,15429,7.83073464910872,8.4634160213463,7.18123759709264,7.25888454137267,7.77772533825338,7.84190752349472,138
"140",2022,4,7.64627906976744,129,8.01,7.25322580645161,7.4375,7.423125,7.67787610619469,67,62,8,16,113,18810,9530,9280,1567,3268,15542,7.82946964274322,8.46022831164743,7.18171855280172,7.25979642629228,7.77598922888617,7.8407149131386,139
"141",2022,5,7.68890410958904,146,8.24298507462687,7.21898734177215,6.94444444444444,8.23206896551724,7.5542735042735,67,79,9,29,117,18956,9597,9359,1576,3297,15659,7.82838700042203,8.45871166093571,7.18203314136126,7.25799555837563,7.7800008492569,7.83857469697938,140
"142",2022,6,7.63094017094017,117,8.22068965517241,7.05118644067797,6.8,8.10578947368421,7.53887755102041,58,59,5,19,98,19073,9655,9418,1581,3316,15757,7.82717579720023,8.45728180321077,7.18121343915906,7.25654712207464,7.78186755126659,7.83671074316177,141
"143",2022,7,7.85434176470588,119,8.43653846153846,7.4024876119403,7.30625,7.85,7.85506539215686,52,67,8,17,102,19192,9707,9485,1589,3333,15859,7.82734423978741,8.45717068198208,7.18277647232472,7.25679735682819,7.78221506150615,7.83682879437544,142
"144",2022,8,7.75570945945946,148,8.665,6.96151898734177,6.58333333333333,7.85705882352941,7.7425572519084,69,79,12,17,131,19340,9776,9564,1601,3350,15990,7.82679605222337,8.45863756239771,7.18094885403597,7.25174953154279,7.78259486567164,7.83605646341464,143
