"","year","month","avg_rating","no_ratings","avg_rating_owned","avg_rating_not_owned","avg_rating_prev_owned","avg_rating_comment","avg_rating_no_comment","no_ratings_owned","no_ratings_not_owned","no_ratings_prev_owned","no_ratings_comment","no_ratings_no_comment","cum_no_ratings","cum_no_ratings_owned","cum_no_ratings_not_owned","cum_no_ratings_prev_owned","cum_no_ratings_comment","cum_no_ratings_no_comment","cum_avg_rating","cum_avg_rating_owned","cum_avg_rating_not_owned","cum_avg_rating_prev_owned","cum_avg_rating_comment","cum_avg_rating_no_comment","month_after_release"
"1",2010,5,9,1,9,NA,NA,NA,9,1,0,0,0,1,1,1,0,0,0,1,9,9,NA,NA,NA,9,-17
"2",2011,10,6.75714285714286,35,8.4,6.18846153846154,6.83333333333333,6.18461538461538,7.09545454545455,9,26,6,13,22,36,10,26,6,13,23,6.81944444444444,8.46,6.18846153846154,6.83333333333333,6.18461538461538,7.17826086956522,0
"3",2011,11,6.95923316326531,196,7.86891891891892,6.40745655737705,7.05483870967742,6.75564516129032,7.05343059701493,74,122,31,62,134,232,84,148,37,75,157,6.93754181034483,7.93928571428571,6.36898445945946,7.01891891891892,6.65666666666667,7.0717178343949,1
"4",2011,12,6.88109243697479,119,7.85909090909091,6.040625,6.3,6.32432432432432,7.13231707317073,55,64,16,37,82,351,139,212,53,112,239,6.9184037037037,7.90755395683453,6.2698570754717,6.80188679245283,6.546875,7.09250920502092,2
"5",2012,1,6.882,100,7.88333333333333,6.31875,6.225,6.3,7.14347826086957,36,64,24,31,69,451,175,276,77,143,308,6.91033192904656,7.90257142857143,6.28119456521739,6.62207792207792,6.49335664335664,7.1039275974026,3
"6",2012,2,6.57627118644068,59,7.33783783783784,5.29545454545455,5.2,5.39473684210526,7.1375,37,22,10,19,40,510,212,298,87,162,348,6.87168568627451,7.80400943396226,6.20842181208054,6.45862068965517,6.36450617283951,7.10778649425287,4
"7",2012,3,6.875,40,7.96,5.79,5.91666666666667,5.875,7.30357142857143,20,20,6,12,28,550,232,318,93,174,376,6.87192672727273,7.81745689655172,6.18210597484277,6.42365591397849,6.33074712643678,7.12236622340425,5
"8",2012,4,6.87209302325581,43,7.64285714285714,6.13636363636364,5.78571428571429,6.56666666666667,7.03571428571429,21,22,7,15,28,593,253,340,100,189,404,6.87193878583474,7.80296442687747,6.17914617647059,6.379,6.3494708994709,7.11636064356436,6
"9",2012,5,7.12777777777778,36,7.63684210526316,6.55882352941176,6.33333333333333,7.35,7.04230769230769,19,17,6,10,26,629,272,357,106,199,430,6.8865813990461,7.79136029411765,6.19722605042017,6.37641509433962,6.39974874371859,7.11188302325581,7
"10",2012,6,6.9296875,32,7.60294117647059,6.16666666666667,7,6.625,7.06818181818182,17,15,6,10,22,661,289,372,112,209,452,6.88866822995461,7.780276816609,6.1959938172043,6.40982142857143,6.41052631578947,7.10975597345133,8
"11",2012,7,6.55129032258065,31,7.5,5.86611111111111,6.2,5.875,6.78652173913043,13,18,5,8,23,692,302,390,117,217,475,6.87355447976879,7.7682119205298,6.18076846153846,6.4008547008547,6.39078341013825,7.09410463157895,9
"12",2012,8,6.21923076923077,26,7.03333333333333,5.10909090909091,5.34,6.4,6.10625,15,11,5,10,16,718,317,401,122,227,491,6.84986030640668,7.73343848580442,6.15137082294264,6.35737704918033,6.39118942731278,7.06191384928717,10
"13",2012,9,6.08823529411765,17,6.75,6,6.75,5.95454545454545,6.33333333333333,2,15,8,11,6,735,319,416,130,238,497,6.83224448979592,7.72727272727273,6.14591274038462,6.38153846153846,6.37100840336134,7.05311810865191,11
"14",2012,10,7.34147058823529,34,7.69736842105263,6.89066666666667,8.02285714285714,7.13416666666667,7.45454545454545,19,15,7,12,22,769,338,431,137,250,519,6.85475903771131,7.72559171597633,6.17183225058005,6.46540145985401,6.40764,7.07013429672447,12
"15",2012,11,6.96774193548387,31,7.825,6.05333333333333,5.83333333333333,7.29090909090909,6.79,16,15,6,11,20,800,354,446,143,261,539,6.859137125,7.73008474576271,6.16784686098655,6.43888111888112,6.44486590038314,7.05973970315399,13
"16",2012,12,7.07142857142857,21,7.95454545454545,6.1,6.5,7.70833333333333,6.81666666666667,11,10,3,6,15,821,365,456,146,267,554,6.86456723507917,7.73684931506849,6.16635899122807,6.44013698630137,6.47325842696629,7.0531583032491,14
"17",2013,1,6.6890625,32,7.11388888888889,6.14285714285714,6.75,7.4,6.55740740740741,18,14,4,5,27,853,383,470,150,272,581,6.85798323563892,7.70757180156658,6.16565893617021,6.4484,6.49029411764706,7.03011996557659,15
"18",2013,2,6.55909090909091,22,7.62222222222222,5.82307692307692,6,6.22222222222222,6.79230769230769,9,13,4,9,13,875,392,483,154,281,594,6.85046822857143,7.70561224489796,6.15643830227743,6.43675324675325,6.48170818505338,7.02491531986532,16
"19",2013,3,6.4875,24,8.025,5.71875,6.125,5.11111111111111,7.31333333333333,8,16,8,9,15,899,400,499,162,290,609,6.84077830923248,7.712,6.14240420841683,6.42135802469136,6.4391724137931,7.03201921182266,17
"20",2013,4,6.07272727272727,22,6.44444444444444,5.81538461538462,6.6,6.07142857142857,6.07333333333333,9,13,5,7,15,921,409,512,167,297,624,6.82243181324647,7.6841075794621,6.1341009765625,6.42670658682635,6.43050505050505,7.00897387820513,18
"21",2013,5,6.94736842105263,19,7.78125,6.34090909090909,6.375,6.58333333333333,7.11538461538461,8,11,4,6,13,940,417,523,171,303,637,6.82495712765957,7.68597122302158,6.13845066921606,6.42549707602339,6.43353135313531,7.01114552590267,19
"22",2013,6,6.98666666666667,15,7.48,6,6,7,6.98461538461538,10,5,1,2,13,955,427,528,172,305,650,6.82749706806283,7.68114754098361,6.13713958333333,6.42302325581395,6.43724590163934,7.01061492307692,20
"23",2013,7,6.67647058823529,17,7.6,6.29166666666667,7.33333333333333,7,6.54166666666667,5,12,3,5,12,972,432,540,175,310,662,6.82485565843621,7.68020833333333,6.14057351851852,6.43862857142857,6.44632258064516,7.00211435045317,21
"24",2013,8,6.56666666666667,15,7.42857142857143,5.8125,5.75,6.33333333333333,6.625,7,8,4,3,12,987,439,548,179,313,674,6.82093181357649,7.67619589977221,6.13578412408759,6.42324022346369,6.44523961661342,6.99540014836795,22
"25",2013,9,6.81666666666667,24,7.14166666666667,6.49166666666667,6.7,5.9,7.05789473684211,12,12,5,5,19,1011,451,560,184,318,693,6.82083056379822,7.6619733924612,6.14341017857143,6.43076086956522,6.43666666666667,6.99711356421356,23
"26",2013,10,6.51052631578947,19,6.3375,6.63636363636364,6,6.66666666666667,6.48125,8,11,4,3,16,1030,459,571,188,321,709,6.81510650485437,7.63888888888889,6.15290665499124,6.42159574468085,6.43881619937695,6.98547207334274,24
"27",2013,11,6.04827586206897,29,6.76153846153846,5.46875,5.77777777777778,5.85714285714286,6.10909090909091,13,16,9,7,22,1059,472,587,197,328,731,6.79410736543909,7.61472457627119,6.13425843270869,6.39218274111675,6.42640243902439,6.95909671682626,25
"28",2013,12,6.23076923076923,13,8.2,5,5.5,4.5,6.54545454545455,5,8,2,2,11,1072,477,595,199,330,742,6.78727583955224,7.62085953878407,6.11900789915966,6.38321608040201,6.41472727272727,6.95296455525606,26
"29",2014,1,6.56060606060606,33,7.46428571428571,5.89473684210526,5.5,5.58333333333333,6.77777777777778,14,19,7,6,27,1105,491,614,206,336,769,6.7805065158371,7.61639511201629,6.11206791530945,6.35320388349515,6.39988095238095,6.94681365409623,27
"30",2014,2,6.77,20,7.7375,6.125,6.1,6.25,7.11666666666667,8,12,10,8,12,1125,499,626,216,344,781,6.78031973333333,7.61833667334669,6.11231581469649,6.34148148148148,6.39639534883721,6.94942343149808,28
"31",2014,3,6.5,9,7.875,5.4,5.5,7.5,6.375,4,5,1,1,8,1134,503,631,217,345,789,6.77809497354497,7.62037773359841,6.10667147385103,6.33760368663595,6.39959420289855,6.94359911280101,29
"32",2014,4,7.03214285714286,14,7.61666666666667,6.59375,6,6.75,7.145,6,8,4,4,10,1148,509,639,221,349,799,6.7811931184669,7.62033398821218,6.11276948356808,6.33149321266968,6.40361031518625,6.9461197747184,30
"33",2014,5,6.72666666666667,15,7.6125,5.71428571428571,5.75,8.03333333333333,6.4,8,7,4,3,12,1163,517,646,225,352,811,6.78048985382631,7.62021276595745,6.10845154798762,6.32115555555556,6.4175,6.93803908754624,31
"34",2014,6,6.39,10,6.875,6.06666666666667,5,NA,6.39,4,6,3,0,10,1173,521,652,228,352,821,6.77716086956522,7.61449136276392,6.10806702453988,6.30377192982456,6.4175,6.93136382460414,32
"35",2014,7,6.55882352941176,17,7.28571428571429,6.05,5.66666666666667,6.85,6.4375,7,10,3,5,12,1190,528,662,231,357,833,6.77404176470588,7.61013257575758,6.10718987915408,6.29549783549784,6.42355742296919,6.92424933973589,33
"36",2014,8,6.96,15,7.91428571428571,6.125,6.5,6,7.10769230769231,7,8,4,2,13,1205,535,670,235,359,846,6.77635659751037,7.61411214953271,6.10740253731343,6.29897872340426,6.42119777158774,6.92706820330969,34
"37",2014,9,6.76785714285714,14,7.41666666666667,6.28125,6,7.20833333333333,6.4375,6,8,2,6,8,1219,541,678,237,365,854,6.77625898277276,7.61192236598891,6.10945383480826,6.29645569620253,6.43413698630137,6.92248208430913,35
"38",2014,10,6.71428571428571,14,6.8,6.66666666666667,6.33333333333333,6.66666666666667,6.75,5,9,6,6,8,1233,546,687,243,371,862,6.77555531224655,7.60448717948718,6.11675356622999,6.29736625514403,6.43789757412399,6.9208813225058,36
"39",2014,11,6.11538461538461,13,6.9,5.625,4.75,4,6.5,5,8,4,2,11,1246,551,695,247,373,873,6.76866749598716,7.5980943738657,6.11109309352518,6.27230769230769,6.42482573726542,6.91557812142039,37
"40",2014,12,6.38461538461539,13,7.4,5.75,4.75,6.25,6.44444444444444,5,8,2,4,9,1259,556,703,249,377,882,6.76470190627482,7.59631294964029,6.10698392603129,6.26008032128514,6.42297082228117,6.91077063492063,38
"41",2015,1,6.21428571428571,21,6.55555555555556,5.95833333333333,6.08333333333333,6.33333333333333,6.16666666666667,9,12,6,6,15,1280,565,715,255,383,897,6.755671640625,7.57973451327434,6.10448909090909,6.25592156862745,6.42156657963447,6.89832742474916,39
"42",2015,2,7.11944444444444,18,7.64444444444444,6.59444444444444,6.35,7.75833333333333,6.8,9,9,5,6,12,1298,574,724,260,389,909,6.76071625577812,7.58074912891986,6.1105796961326,6.25773076923077,6.44218508997429,6.89702937293729,40
"43",2015,3,6.88636363636364,11,7.14285714285714,6.4375,7.125,5.75,7.13888888888889,7,4,2,2,9,1309,581,728,262,391,918,6.76177211611917,7.57547332185886,6.11237596153846,6.26435114503817,6.43864450127877,6.89940054466231,41
"44",2015,4,5.76923076923077,13,7.91666666666667,3.92857142857143,4.16666666666667,6,5.72727272727273,6,7,3,2,11,1322,587,735,265,393,929,6.75201187594553,7.57896081771721,6.09157782312925,6.24060377358491,6.43641221374046,6.88552174381055,42
"45",2015,5,7.44444444444444,9,8.1,6.625,6.25,6,7.625,5,4,2,1,8,1331,592,739,267,394,937,6.75669398948159,7.58336148648649,6.0944650879567,6.24067415730337,6.43530456852792,6.89183532550694,43
"46",2015,6,6.08947368421053,19,7.3,5,6.33333333333333,5.66666666666667,6.28461538461538,9,10,3,6,13,1350,601,749,270,400,950,6.74730348148148,7.57911813643927,6.07985273698264,6.2417037037037,6.423775,6.883526,44
"47",2015,7,6.91666666666667,18,7,6.85,7,6.66666666666667,6.96666666666667,8,10,1,3,15,1368,609,759,271,403,965,6.74953194444444,7.57151067323481,6.08999960474308,6.24450184501845,6.42558312655087,6.88481834196891,45
"48",2015,8,5.9,11,6.25,5.7,4,6.75,5.41428571428571,4,7,1,4,7,1379,613,766,272,407,972,6.74275540246555,7.56288743882545,6.08643563968668,6.23625,6.4287714987715,6.87422808641975,46
"49",2015,9,6.35714285714286,7,8.5,6,5.66666666666667,6.5,6.3,1,6,3,2,5,1386,614,772,275,409,977,6.74080786435786,7.56441368078176,6.08576386010363,6.23003636363636,6.42911980440098,6.87128935516888,47
"50",2015,10,5.16666666666667,9,5.125,5.2,5.5,4.8,5.625,4,5,2,5,4,1395,618,777,277,414,981,6.73065211469534,7.54862459546926,6.08006396396396,6.22476534296029,6.40944444444445,6.86620764525994,48
"51",2015,11,7.27894736842105,19,7.73076923076923,6.3,6.125,8,7.19411764705882,13,6,4,2,17,1414,631,783,281,416,998,6.73801958981612,7.55237717908082,6.08174929757344,6.22334519572954,6.41709134615385,6.87179328657315,49
"52",2015,12,6.76153846153846,13,7.1875,6.08,5.4,6.46666666666667,6.85,8,5,1,3,10,1427,639,788,282,419,1008,6.73823384723195,7.54780907668232,6.08173819796954,6.22042553191489,6.41744630071599,6.87157708333333,50
"53",2016,1,6.575,16,6.71428571428571,6.46666666666667,7.05,6.5,6.59230769230769,7,9,4,3,13,1443,646,797,286,422,1021,6.73642390852391,7.53877708978328,6.08608494353827,6.23202797202797,6.41803317535545,6.86802125367287,51
"54",2016,2,7.24444444444444,9,8.6,5.55,6,6.66666666666667,7.53333333333333,5,4,2,3,6,1452,651,801,288,425,1027,6.73957279614325,7.54692780337942,6.08340786516854,6.23041666666667,6.41978823529412,6.87190817916261,52
"55",2016,3,6.75384615384615,13,7.58888888888889,4.875,6.25,6.3,7.0375,9,4,2,5,8,1465,660,805,290,430,1035,6.73969945392491,7.5475,6.07740335403727,6.23055172413793,6.41839534883721,6.87318811594203,53
"56",2016,4,6.55,12,6.73333333333333,6,5.33333333333333,NA,6.55,9,3,3,0,12,1477,669,808,293,430,1047,6.73815822613405,7.53654708520179,6.07711596534653,6.22136518771331,6.41839534883721,6.86948395415473,54
"57",2016,5,6.5525,8,8.14,5.6,6,6.33333333333333,6.684,3,5,3,3,5,1485,672,813,296,433,1052,6.73715804713805,7.53924107142857,6.07418167281673,6.21912162162162,6.41780600461894,6.86860237642585,55
"58",2016,6,6.27857142857143,7,7.85,5.65,6.0625,6.85,6.05,2,5,4,2,5,1492,674,818,300,435,1057,6.73500650134048,7.54016320474778,6.07158887530562,6.21703333333333,6.41979310344828,6.86473008514664,56
"59",2016,7,6.57142857142857,7,6.66666666666667,6.5,8,7,6.4,3,4,1,2,5,1499,677,822,301,437,1062,6.73424262841894,7.53629246676514,6.07367360097324,6.22295681063123,6.42244851258581,6.86254209039548,57
"60",2016,8,6.29166666666667,12,7.25,5.8125,3,6,6.38888888888889,4,8,1,3,9,1511,681,830,302,440,1071,6.73072779616148,7.53461086637298,6.07115626506024,6.21228476821192,6.41956818181818,6.85856181139122,58
"61",2016,9,7,8,7.41666666666667,5.75,7.5,4,7.42857142857143,6,2,1,1,7,1519,687,832,303,441,1078,6.73214595128374,7.5335807860262,6.07038425480769,6.21653465346535,6.41408163265306,6.86226317254174,59
"62",2016,10,6.35384615384615,13,6.8,6.075,6.65,7,5.8,5,8,4,6,7,1532,692,840,307,447,1085,6.72893583550914,7.52828034682081,6.07042821428571,6.22218241042345,6.42194630872483,6.85540986175115,60
"63",2016,11,7.22727272727273,11,7.66666666666667,6.7,5.5,7,7.27777777777778,6,5,2,2,9,1543,698,845,309,449,1094,6.73248846403111,7.52946991404012,6.07415349112426,6.21750809061489,6.42452115812918,6.85888455210238,61
"64",2016,12,5.6,10,7.33333333333333,4.85714285714286,4.75,5.5,5.66666666666667,3,7,4,4,6,1553,701,852,313,453,1100,6.72519620090148,7.5286305278174,6.06415457746479,6.19875399361022,6.41635761589404,6.85238154545454,62
"65",2017,1,7.40909090909091,11,8.07142857142857,6.25,6,10,7.15,7,4,2,1,10,1564,708,856,315,454,1110,6.73000620204603,7.53399717514124,6.06502301401869,6.19749206349206,6.42425110132159,6.85506279279279,63
"66",2017,2,7.16666666666667,9,7.41666666666667,6.66666666666667,6,6,7.3125,6,3,2,1,8,1573,714,859,317,455,1118,6.73250457724094,7.53301120448179,6.06712421420256,6.19624605678233,6.42331868131868,6.85833604651163,64
"67",2017,3,6.75,6,7.5,3,NA,9,6.3,5,1,0,1,5,1579,719,860,317,456,1123,6.73257105763141,7.53278164116829,6.06355779069767,6.19624605678233,6.42896929824561,6.85585013357079,65
"68",2017,4,7.1875,8,7.25,7.125,7.5,7.5,7,4,4,1,3,5,1587,723,864,318,459,1128,6.73486433522369,7.53121715076072,6.068471875,6.20034591194969,6.43596949891068,6.85648909574468,66
"69",2017,5,7.53571428571429,7,7.47,7.7,7,7,7.625,5,2,1,1,6,1594,728,866,319,460,1134,6.73838124215809,7.5307967032967,6.07223983833718,6.2028526645768,6.43719565217391,6.86055529100529,67
"70",2017,6,7.17272727272727,11,7.8125,5.46666666666667,3,9.5,6.94,8,3,1,1,10,1605,736,869,320,461,1144,6.74135806853582,7.53385869565218,6.07014925201381,6.19284375,6.44383947939262,6.86124973776224,68
"71",2017,7,7,9,8,6.5,7,6.66666666666667,7.16666666666667,3,6,4,3,6,1614,739,875,324,464,1150,6.74280030978934,7.53575101488498,6.0730968,6.20280864197531,6.44528017241379,6.8628432173913,69
"72",2017,8,7.04666666666667,12,7.1825,6.775,7.36666666666667,7.732,6.55714285714286,8,4,3,5,7,1626,747,879,327,469,1157,6.74504286592866,7.53196787148595,6.07629089874858,6.21348623853211,6.45899786780384,6.86099369057908,70
"73",2017,9,6.33333333333333,6,6.25,6.5,7,5.5,6.75,4,2,1,2,4,1632,751,881,328,471,1161,6.74352922794117,7.52513981358189,6.07725278093076,6.21588414634146,6.45492569002123,6.8606112833764,71
"74",2017,10,7.02222222222222,9,7.16666666666667,6.73333333333333,8.6,6.75,7.24,6,3,2,4,5,1641,757,884,330,475,1166,6.7450577087142,7.52229854689564,6.07947929864253,6.23033333333333,6.45741052631579,6.86223816466552,72
"75",2017,11,6.125,8,8.5,5.33333333333333,5,2,6.71428571428571,2,6,3,1,7,1649,759,890,333,476,1173,6.74204954517889,7.52487483530962,6.0744491011236,6.21924924924925,6.4480462184874,6.86135524296675,73
"76",2017,12,6.33333333333333,6,7.5,5.75,6.75,4,6.8,2,4,2,1,5,1655,761,894,335,477,1178,6.74056779456193,7.52480946123522,6.07299742729306,6.22241791044776,6.44291404612159,6.86109482173175,74
"77",2018,1,6.45454545454545,11,7.83333333333333,4.8,6,6.33333333333333,6.5,6,5,2,3,8,1666,767,899,337,480,1186,6.73867929171669,7.52722294654498,6.06591735261402,6.22109792284866,6.44222916666667,6.85865910623946,75
"78",2018,2,7.08333333333333,9,7.375,6.85,8,8.5,6.67857142857143,4,5,1,2,7,1675,771,904,338,482,1193,6.7405311641791,7.52643320363165,6.07025409292035,6.22636094674556,6.45076763485477,6.8576024308466,76
"79",2018,3,7.125,6,7.375,6.625,6.625,NA,7.125,4,2,2,0,6,1681,775,906,340,482,1199,6.74190345032719,7.52565161290323,6.07147869757174,6.22870588235294,6.45076763485477,6.85894053377815,77
"80",2018,4,6.9,6,8.46666666666667,5.33333333333333,5,NA,6.9,3,3,1,0,6,1687,778,909,341,482,1205,6.74246573799644,7.52928020565553,6.06904257425743,6.22510263929619,6.45076763485477,6.85914497925311,78
"81",2018,5,6.57142857142857,7,7,6.25,6,7,6.25,3,4,1,3,4,1694,781,913,342,485,1209,6.74175897284533,7.52724711907811,6.06983537787514,6.22444444444444,6.45416494845361,6.85712961124896,79
"82",2018,6,6.3,5,7,5.83333333333333,5,5,6.625,2,3,1,1,4,1699,783,916,343,486,1213,6.74045891701,7.52590038314176,6.06906080786026,6.22087463556851,6.45117283950617,6.85636413849959,80
"83",2018,7,6.85714285714286,7,8,5.33333333333333,4,6.33333333333333,7.25,4,3,1,3,4,1706,787,919,344,489,1217,6.7409376905041,7.52831003811944,6.066659085963,6.21441860465116,6.45044989775051,6.85765792933443,81
"84",2018,8,6.625,4,7.16666666666667,5,NA,NA,6.625,3,1,0,0,4,1710,790,920,344,489,1221,6.74066649122807,7.52693670886076,6.06549967391304,6.21441860465116,6.45044989775051,6.85689574119574,82
"85",2018,9,6.42222222222222,9,6.9,4.75,NA,7,6.35,7,2,0,1,8,1719,797,922,344,490,1229,6.73899924374636,7.52143036386449,6.06264609544469,6.21441860465116,6.45157142857143,6.85359617575264,83
"86",2018,10,7.01666666666667,6,7.3,6.45,5,5,7.42,4,2,1,1,5,1725,801,924,345,491,1234,6.73996504347826,7.52032459425718,6.06348452380952,6.21089855072464,6.4486150712831,6.85589116693679,84
"87",2018,11,7.625,4,7.625,NA,NA,NA,7.625,4,0,0,0,4,1729,805,924,345,491,1238,6.74201255060729,7.5208447204969,6.06348452380952,6.21089855072464,6.4486150712831,6.85837617124394,85
"88",2018,12,7.16666666666667,6,8.33333333333333,6,7,8,7,3,3,2,1,5,1735,808,927,347,492,1243,6.74348109510086,7.52386138613861,6.06327907227616,6.21544668587896,6.45176829268293,6.85894585679807,86
"89",2019,1,6.09375,8,6.5,5.41666666666667,5.125,5.33333333333333,6.55,5,3,2,3,5,1743,813,930,349,495,1248,6.74049896729776,7.51756457564576,6.06119322580645,6.20919770773639,6.4449898989899,6.85770809294872,87
"90",2019,2,5.5,2,NA,5.5,NA,NA,5.5,0,2,0,0,2,1745,813,932,349,495,1250,6.73907719197708,7.51756457564576,6.05998894849785,6.20919770773639,6.4449898989899,6.85553576,88
"91",2019,3,6.33333333333333,6,6.8,4,4,9,5.8,5,1,1,1,5,1751,818,933,350,496,1255,6.73768686464877,7.51317848410758,6.05778102893891,6.20288571428571,6.45014112903226,6.85133043824701,89
"92",2019,4,8.29166666666667,6,8.29166666666667,NA,NA,7,8.55,6,0,0,1,5,1757,824,933,350,497,1260,6.74299356858281,7.51884708737864,6.05778102893891,6.20288571428571,6.45124748490946,6.85807119047619,90
"93",2019,5,6.83333333333333,6,8,4.5,NA,8,6.6,4,2,0,1,5,1763,828,935,350,498,1265,6.74330102098695,7.52117149758454,6.05444887700535,6.20288571428571,6.45435742971888,6.85705114624506,91
"94",2019,6,7.88888888888889,9,8.35714285714286,6.25,5.5,8.5,7.58333333333333,7,2,1,3,6,1772,835,937,351,501,1271,6.74911946952596,7.52817964071856,6.05486627534685,6.20088319088319,6.46660678642715,6.86047970102281,92
"95",2019,7,6.375,6,7.33333333333333,5.41666666666667,5,5.5,6.8125,3,3,1,2,4,1778,838,940,352,503,1275,6.74785697412823,7.52748210023866,6.05282946808511,6.19747159090909,6.4627634194831,6.86032917647059,93
"96",2019,8,6.46428571428571,14,6.9375,5.83333333333333,5,6.625,6.4,8,6,1,4,10,1792,846,946,353,507,1285,6.74564157366071,7.52190307328605,6.05143731501057,6.19407932011331,6.46404339250493,6.85674684824903,94
"97",2019,9,5.4,4,7.6,4.66666666666667,1,1,6.86666666666667,1,3,1,1,3,1796,847,949,354,508,1288,6.74264459910913,7.52199527744982,6.04705974710221,6.17940677966102,6.4532874015748,6.85676995341615,95
"98",2019,10,8.125,4,8.125,NA,NA,7,8.5,4,0,0,1,3,1800,851,949,354,509,1291,6.7457165,7.52482961222092,6.04705974710221,6.17940677966102,6.45436149312377,6.86058845855925,96
"99",2019,11,7.41818181818182,11,7.65714285714286,7,4,8.14,6.81666666666667,7,4,1,5,6,1811,858,953,355,514,1297,6.74980104914412,7.52590909090909,6.05105949632739,6.1732676056338,6.47075875486381,6.86038527370856,97
"100",2019,12,7.06985714285714,7,7.9978,4.75,4,9.989,6.58333333333333,5,2,1,1,6,1818,863,955,356,515,1303,6.75103338833883,7.52864310544612,6.0483347643979,6.16716292134831,6.47759029126214,6.85910951650038,98
"101",2020,1,6.875,8,7.6,5.66666666666667,6,6,7,5,3,1,1,7,1826,868,958,357,516,1310,6.75157650602409,7.52905414746544,6.04713956158664,6.16669467787115,6.47666472868217,6.85986236641221,99
"102",2020,2,7.16666666666667,6,7.2,7,7,9,6.8,5,1,1,1,5,1832,873,959,358,517,1315,6.75293597161572,7.5271695303551,6.04813315954119,6.16902234636871,6.48154545454545,6.85963475285171,100
"103",2020,3,7.5,4,8,6,6,7.5,7.5,3,1,1,2,2,1836,876,960,359,519,1317,6.7545635620915,7.52878881278539,6.04808302083333,6.16855153203343,6.48547013487476,6.8606072133637,101
"104",2020,4,6.98,5,6.95,7,NA,NA,6.98,2,3,0,0,5,1841,878,963,359,519,1322,6.75517582835415,7.52747038724374,6.05104849428868,6.16855153203343,6.48547013487476,6.86105877458396,102
"105",2020,5,6.7,5,6.875,6,NA,6,6.875,4,1,0,1,4,1846,882,964,359,520,1326,6.75502638136511,7.52451133786848,6.05099553941909,6.16855153203343,6.48453653846154,6.86110082956259,103
"106",2020,6,7,1,NA,7,NA,NA,7,0,1,0,0,1,1847,882,965,359,520,1327,6.7551590146183,7.52451133786848,6.05197896373057,6.16855153203343,6.48453653846154,6.86120550113037,104
"107",2020,7,6.16666666666667,3,NA,6.16666666666667,6.25,6,6.25,0,3,2,1,2,1850,882,968,361,521,1329,6.7542047027027,7.52451133786848,6.05233440082645,6.1690027700831,6.48360652591171,6.86028570353649,105
"108",2020,8,5,1,NA,5,5,NA,5,0,1,1,0,1,1851,882,969,362,521,1330,6.75325699621826,7.52451133786848,6.0512484004128,6.16577348066298,6.48360652591171,6.8588869924812,106
"109",2020,9,7.17125,8,7.1,7.2425,NA,4,7.62428571428571,4,4,0,1,7,1859,886,973,362,522,1337,6.75505578267886,7.52259480812641,6.05614563206578,6.16577348066298,6.47884865900383,6.86289431563201,107
"110",2020,10,7.75,6,8,7.25,7,10,7.3,4,2,1,1,5,1865,890,975,363,523,1342,6.75825667560322,7.5247404494382,6.05859456410256,6.16807162534435,6.48558126195029,6.86452287630402,108
"111",2020,11,6.85,14,7.43333333333333,5.8,5.75,8,6.76153846153846,9,5,2,1,13,1879,899,980,365,524,1355,6.75894023416711,7.52382536151279,6.05727520408163,6.16578082191781,6.4884713740458,6.86353483394834,109
"112",2020,12,7.20833333333333,12,7.05555555555556,7.66666666666667,7.66666666666667,8,7.13636363636364,9,3,3,1,11,1891,908,983,368,525,1366,6.76179201480698,7.51918392070485,6.06218687690743,6.17801630434783,6.49135047619048,6.86573184480234,110
"113",2021,1,5.72,5,6.8,5,5,5,5.9,2,3,2,1,4,1896,910,986,370,526,1370,6.75904467299578,7.5176032967033,6.05895507099391,6.17164864864865,6.48851520912547,6.86291218978102,111
"114",2021,2,6.72727272727273,11,7.22222222222222,4.5,3,3,7.1,9,2,1,1,10,1907,919,988,371,527,1380,6.75886140534871,7.51471055495103,6.05579929149798,6.16309973045822,6.48189563567362,6.8646302173913,112
"115",2021,3,6.41666666666667,6,8.75,5.25,5,4,6.9,2,4,2,1,5,1913,921,992,373,528,1385,6.75778813382122,7.51739305103149,6.05255010080645,6.15686327077748,6.47719507575758,6.86475790613718,113
"116",2021,4,6,4,5,9,NA,3.5,8.5,3,1,0,2,2,1917,924,993,373,530,1387,6.75620693792384,7.5092196969697,6.05551832829809,6.15686327077748,6.46596037735849,6.86711586157174,114
"117",2021,5,6.96142857142857,7,7.2325,6.6,5.75,7.615,6.7,4,3,2,2,5,1924,928,996,375,532,1392,6.75695358627859,7.50802693965517,6.05715833333333,6.15469333333333,6.47028007518797,6.86651558908046,115
"118",2021,6,6.28,5,4.5,7.46666666666667,7.4,NA,6.28,2,3,1,0,5,1929,930,999,376,532,1397,6.75571731467081,7.50155806451613,6.06139109109109,6.15800531914894,6.47028007518797,6.86441639226915,116
"119",2021,7,5.53571428571429,7,5.33333333333333,5.6875,4.875,NA,5.53571428571429,3,4,2,0,7,1936,933,1003,378,532,1404,6.75130614669421,7.49458628081458,6.0599,6.15121693121693,6.47028007518797,6.85779180911681,117
"120",2021,8,7.73333333333333,9,7.7,8,NA,NA,7.73333333333333,8,1,0,0,9,1945,941,1004,378,532,1413,6.75585023136247,7.49633262486716,6.06183237051793,6.15121693121693,6.47028007518797,6.86336850672328,118
"121",2021,9,5.77272727272727,11,7.5,5.38888888888889,NA,6.83333333333333,5.375,2,9,0,3,8,1956,943,1013,378,535,1421,6.75032142126789,7.49634040296925,6.05585360315893,6.15121693121693,6.47231588785047,6.85498923293455,119
"122",2021,10,6.78571428571429,7,7.875,5.33333333333333,NA,5.33333333333333,7.875,4,3,0,3,4,1963,947,1016,378,538,1425,6.75044763117677,7.49793980992608,6.05372017716535,6.15121693121693,6.46596468401487,6.85785242105263,120
"123",2021,11,6.71428571428571,7,7.5,5.66666666666667,5.66666666666667,6,7,4,3,3,2,5,1970,951,1019,381,540,1430,6.75031913705584,7.49794847528917,6.0525806673209,6.14740157480315,6.46423888888889,6.85834944055944,121
"124",2021,12,7.11111111111111,9,7.21428571428571,6.75,7,NA,7.11111111111111,7,2,1,0,9,1979,958,1021,382,540,1439,6.7519599292572,7.495875782881,6.05394681684623,6.1496335078534,6.46423888888889,6.85993029881862,122
"125",2022,1,6.69854666666667,15,7.5797,6.11111111111111,5,6.3,6.89782,6,9,3,5,10,1994,964,1030,385,545,1449,6.75155812437312,7.49639751037344,6.05444631067961,6.14067532467532,6.46273211009174,6.86019178743961,123
"126",2022,2,7.61,10,7.61,NA,NA,6.23333333333333,8.2,10,0,0,3,7,2004,974,1030,385,548,1456,6.75584176646706,7.49756386036961,6.05444631067961,6.14067532467532,6.46147627737226,6.86663317307692,124
"127",2022,3,7.5,4,9,7,NA,9,7,1,3,0,1,3,2008,975,1033,385,549,1459,6.75732415338645,7.49910482051282,6.05719235237173,6.14067532467532,6.46610018214936,6.86690740233036,125
"128",2022,4,6.375,4,6.83333333333333,5,NA,NA,6.375,3,1,0,0,4,2012,978,1034,385,549,1463,6.75656406560636,7.49706257668712,6.05616992263056,6.14067532467532,6.46610018214936,6.86556247436774,126
"129",2022,5,7.75,8,8,7,7,9,7.57142857142857,6,2,1,1,7,2020,984,1036,386,550,1470,6.76049846534653,7.50012926829268,6.05799198841699,6.14290155440414,6.47070727272727,6.8689237414966,127
"130",2022,6,6.5,4,6.33333333333333,7,NA,NA,6.5,3,1,0,0,4,2024,987,1037,386,550,1474,6.75998364624506,7.49658277608916,6.05890038572806,6.14290155440414,6.47070727272727,6.86792259158751,128
"131",2022,7,7.9758,5,8.4395,7.66666666666667,6,NA,7.9758,2,3,1,0,5,2029,989,1040,387,550,1479,6.76297974371612,7.49848958543984,6.06353817307692,6.1425322997416,6.47070727272727,6.87166795131846,129
"132",2022,8,6.9375,8,6.625,7.25,7,7.33333333333333,6.7,4,4,1,3,5,2037,993,1044,388,553,1484,6.76366514482081,7.49497099697885,6.06808400383142,6.14474226804124,6.4753869801085,6.87108955525606,130
