"","year","month","avg_rating","no_ratings","avg_rating_owned","avg_rating_not_owned","avg_rating_prev_owned","avg_rating_comment","avg_rating_no_comment","no_ratings_owned","no_ratings_not_owned","no_ratings_prev_owned","no_ratings_comment","no_ratings_no_comment","cum_no_ratings","cum_no_ratings_owned","cum_no_ratings_not_owned","cum_no_ratings_prev_owned","cum_no_ratings_comment","cum_no_ratings_no_comment","cum_avg_rating","cum_avg_rating_owned","cum_avg_rating_not_owned","cum_avg_rating_prev_owned","cum_avg_rating_comment","cum_avg_rating_no_comment","month_after_release"
"1",2009,12,6,3,6.5,5,NA,6,NA,2,1,0,3,0,3,2,1,0,3,0,6,6.5,5,NA,6,NA,-6
"2",2010,2,7.125,4,7,7.5,NA,NA,7.125,3,1,0,0,4,7,5,2,0,3,4,6.64285714285714,6.8,6.25,NA,6,7.125,-4
"3",2010,3,8.66666666666667,3,8.66666666666667,NA,NA,NA,8.66666666666667,3,0,0,0,3,10,8,2,0,3,7,7.25,7.5,6.25,NA,6,7.78571428571429,-3
"4",2010,4,7.16666666666667,3,8.25,5,NA,6.5,7.5,2,1,0,1,2,13,10,3,0,4,9,7.23076923076923,7.65,5.83333333333333,NA,6.125,7.72222222222222,-2
"5",2010,5,8.5,2,NA,8.5,NA,NA,8.5,0,2,0,0,2,15,10,5,0,4,11,7.4,7.65,6.9,NA,6.125,7.86363636363636,-1
"6",2010,6,6.71428571428571,7,7.375,5.83333333333333,NA,7.75,6.3,4,3,0,2,5,22,14,8,0,6,16,7.18181818181818,7.57142857142857,6.5,NA,6.66666666666667,7.375,0
"7",2010,7,6.83333333333333,3,7.25,6,NA,7,6.75,2,1,0,1,2,25,16,9,0,7,18,7.14,7.53125,6.44444444444444,NA,6.71428571428571,7.30555555555556,1
"8",2010,8,8,6,8,8,NA,NA,8,2,4,0,0,6,31,18,13,0,7,24,7.30645161290323,7.58333333333333,6.92307692307692,NA,6.71428571428571,7.47916666666667,2
"9",2010,9,7.375,8,9,5.75,7,3,8,4,4,1,1,7,39,22,17,1,8,31,7.32051282051282,7.84090909090909,6.64705882352941,7,6.25,7.59677419354839,3
"10",2010,10,6.26666666666667,15,6.88888888888889,5.33333333333333,6,6.75,6.09090909090909,9,6,1,4,11,54,31,23,2,12,42,7.02777777777778,7.56451612903226,6.30434782608696,6.5,6.41666666666667,7.20238095238095,4
"11",2010,11,6.416,25,7.24545454545455,5.76428571428571,7,5.4,6.73684210526316,11,14,3,6,19,79,42,37,5,18,61,6.83417721518987,7.48095238095238,6.1,6.8,6.07777777777778,7.05737704918033,5
"12",2010,12,7.03333333333333,24,7.36923076923077,6.63636363636364,NA,6.64444444444444,7.26666666666667,13,11,0,9,15,103,55,48,5,27,76,6.88058252427185,7.45454545454545,6.22291666666667,6.8,6.26666666666667,7.09868421052632,6
"13",2011,1,6.5375,16,7.14545454545455,5.2,NA,6.15,6.66666666666667,11,5,0,4,12,119,66,53,5,31,88,6.83445378151261,7.4030303030303,6.12641509433962,6.8,6.25161290322581,7.03977272727273,7
"14",2011,2,6.69578947368421,19,7.23,5.2,6,6.95333333333333,6.57692307692308,14,5,1,6,13,138,80,58,6,37,101,6.81536231884058,7.37275,6.04655172413793,6.66666666666667,6.36540540540541,6.98019801980198,8
"15",2011,3,7.33333333333333,15,7.63636363636364,6.5,6,8.66666666666667,7,11,4,1,3,12,153,91,62,7,40,113,6.86614379084967,7.40461538461539,6.0758064516129,6.57142857142857,6.538,6.98230088495575,9
"16",2011,4,6.84347826086957,23,7.625,5.99090909090909,6,7.8,6.57777777777778,12,11,2,5,18,176,103,73,9,45,131,6.86318181818182,7.43029126213592,6.06301369863014,6.44444444444444,6.67822222222222,6.92671755725191,10
"17",2011,5,7.32863636363636,22,7.69230769230769,6.80333333333333,8.115,7.33333333333333,7.326875,13,9,2,6,16,198,116,82,11,51,147,6.91489898989899,7.45965517241379,6.14426829268293,6.74818181818182,6.75529411764706,6.97027210884354,11
"18",2011,6,7.625,16,7.84615384615385,6.66666666666667,6,7.66666666666667,7.61538461538461,13,3,1,3,13,214,129,85,12,54,160,6.96799065420561,7.49860465116279,6.16270588235294,6.68583333333333,6.80592592592593,7.0226875,12
"19",2011,7,7.53793103448276,29,7.68947368421053,7.25,NA,7.88888888888889,7.38,19,10,0,9,20,243,148,95,12,63,180,7.03600823045267,7.52310810810811,6.27715789473684,6.68583333333333,6.96063492063492,7.06238888888889,13
"20",2011,8,6.94411764705882,34,7.62380952380952,5.84615384615385,6.33333333333333,6.8,6.96896551724138,21,13,3,5,29,277,169,108,15,68,209,7.02472924187726,7.53562130177515,6.22527777777778,6.61533333333333,6.94882352941177,7.04942583732057,14
"21",2011,9,6.76764705882353,34,7.29444444444444,6.175,6.5,6.71538461538462,6.8,18,16,2,13,21,311,187,124,17,81,230,6.99662379421222,7.5124064171123,6.21879032258065,6.60176470588235,6.91135802469136,7.02665217391304,15
"22",2011,10,6.87179487179487,39,7.45652173913043,6.03125,7,5.8,7.02941176470588,23,16,1,5,34,350,210,140,18,86,264,6.98271428571428,7.50628571428571,6.19735714285714,6.62388888888889,6.84674418604651,7.02700757575757,16
"23",2011,11,6.89512195121951,41,7.12962962962963,6.44285714285714,NA,6.7,6.95806451612903,27,14,0,10,31,391,237,154,18,96,295,6.97352941176471,7.46337552742616,6.21967532467533,6.62388888888889,6.83145833333333,7.0197627118644,17
"24",2011,12,7.23968253968254,63,7.77619047619048,6.16666666666667,6.75,7.13333333333333,7.27291666666667,42,21,2,15,48,454,279,175,20,111,343,7.01046255506608,7.51046594982079,6.21331428571429,6.6365,6.87225225225225,7.05518950437318,18
"25",2012,1,7.29196428571429,56,7.41857142857143,7.08095238095238,NA,7.24230769230769,7.30697674418605,35,21,0,13,43,510,314,196,20,124,386,7.04137254901961,7.50022292993631,6.30627551020408,6.6365,6.91104838709677,7.08323834196891,19
"26",2012,2,6.92564102564103,39,7.03703703703704,6.675,7.15,6.75,6.94571428571429,27,12,2,4,35,549,341,208,22,128,421,7.03315118397085,7.46354838709677,6.32754807692308,6.68318181818182,6.906015625,7.0718052256532,20
"27",2012,3,7.27605263157895,38,7.5158064516129,6.21428571428571,6,7.85714285714286,7.14483870967742,31,7,1,7,31,587,372,215,23,135,452,7.04887563884157,7.46790322580645,6.32386046511628,6.65347826086956,6.95533333333333,7.07681415929203,21
"28",2012,4,7.10757575757576,33,7.31521739130435,6.63,7,7,7.15434782608696,23,10,1,10,23,620,395,225,24,145,475,7.052,7.45901265822785,6.33746666666667,6.66791666666667,6.95841379310345,7.08056842105263,22
"29",2012,5,6.97142857142857,42,7.15909090909091,6.765,6.36,5.5,7.045,22,20,5,2,40,662,417,245,29,147,515,7.04688821752266,7.44318944844125,6.37236734693878,6.6148275862069,6.93857142857143,7.07780582524272,23
"30",2012,6,6.67189189189189,37,7.30434782608696,5.63285714285714,7,7.42857142857143,6.49533333333333,23,14,1,7,30,699,440,259,30,154,545,7.02703862660944,7.43593181818182,6.33239382239382,6.62766666666667,6.96084415584416,7.04574311926605,24
"31",2012,7,7.14842105263158,38,7.35,6.92444444444444,NA,7.08333333333333,7.160625,20,18,0,6,32,737,460,277,30,160,577,7.03329715061058,7.43219565217391,6.37086642599278,6.62766666666667,6.9654375,7.0521143847487,25
"32",2012,8,7.33611111111111,36,7.28,7.40625,7.75,8.21428571428571,7.12413793103448,20,16,4,7,29,773,480,293,34,167,606,7.04739974126779,7.42585416666667,6.42740614334471,6.75970588235294,7.01778443113773,7.05556105610561,26
"33",2012,9,7.08648648648649,37,7.39107142857143,6.13888888888889,NA,7.75,7.02794117647059,28,9,0,3,34,810,508,302,34,170,640,7.04918518518518,7.42393700787402,6.41880794701987,6.75970588235294,7.03070588235294,7.05409375,27
"34",2012,10,7.02391304347826,46,7.27941176470588,6.3,7,7.12222222222222,7,34,12,1,9,37,856,542,314,35,179,677,7.04782710280374,7.41487084870849,6.41426751592357,6.76657142857143,7.03530726256983,7.05113737075332,28
"35",2012,11,6.82244897959184,49,7.278125,5.96470588235294,NA,6.20833333333333,7.02162162162162,32,17,0,12,37,905,574,331,35,191,714,7.03562430939227,7.40724738675958,6.39117824773414,6.76657142857143,6.98335078534032,7.04960784313725,29
"36",2012,12,7.13870967741935,62,7.34666666666667,6.58823529411765,6.33333333333333,7.125,7.142,45,17,3,12,50,967,619,348,38,203,764,7.04223371251293,7.40284329563813,6.40080459770115,6.73236842105263,6.99172413793104,7.05565445026178,30
"37",2013,1,6.61232876712329,73,7.00625,5.856,6.4,6.54,6.62380952380952,48,25,1,10,63,1040,667,373,39,213,827,7.01205769230769,7.37430284857571,6.36428954423593,6.72384615384615,6.97051643192488,7.0227569528416,31
"38",2013,2,6.89347826086957,46,7.30714285714286,6.25,6.75,7.06363636363636,6.84,28,18,4,11,35,1086,695,391,43,224,862,7.0070349907919,7.37159712230216,6.35902813299233,6.72627906976744,6.97508928571429,7.01533642691415,32
"39",2013,3,6.59782608695652,46,7.23214285714286,5.61111111111111,7,6.77272727272727,6.54285714285714,28,18,2,11,35,1132,723,409,45,235,897,6.99040636042403,7.36619640387275,6.32611246943765,6.73844444444445,6.9656170212766,6.99690078037904,33
"40",2013,4,6.80660377358491,53,7.0828125,6.38571428571429,6.25,5.95,7.00581395348837,32,21,4,10,43,1185,755,430,49,245,940,6.98218565400844,7.35418543046358,6.32902325581395,6.69857142857143,6.92416326530612,6.9973085106383,34
"41",2013,5,6.94444444444444,54,7.390625,6.29545454545455,8,7.03846153846154,6.91463414634146,32,22,1,13,41,1239,787,452,50,258,981,6.98054075867635,7.35566709021601,6.32738938053097,6.7246,6.92992248062016,6.99385321100917,35
"42",2013,6,6.675,48,6.80285714285714,6.33076923076923,6,7,6.61951219512195,35,13,1,7,41,1287,822,465,51,265,1022,6.9691452991453,7.33212895377129,6.32748387096774,6.71039215686275,6.93177358490566,6.97883561643836,36
"43",2013,7,6.63414634146341,41,7.03333333333333,5.86428571428571,7,6.5,6.64864864864865,27,14,3,4,37,1328,849,479,54,269,1059,6.95880271084337,7.32262661955242,6.31394572025052,6.72648148148148,6.9253531598513,6.96729933899906,37
"44",2013,8,6.86833333333333,60,7.19756097560976,6.15789473684211,7,6.33333333333333,6.96274509803922,41,19,1,9,51,1388,890,498,55,278,1110,6.95489193083574,7.31686516853933,6.30799196787149,6.73145454545455,6.90618705035971,6.96709009009009,38
"45",2013,9,7.27758620689655,58,7.37142857142857,7.03125,6.66666666666667,7.4,7.258,42,16,3,8,50,1446,932,514,58,286,1160,6.96783540802213,7.31932403433477,6.33050583657588,6.72810344827586,6.92,6.97962931034483,39
"46",2013,10,6.83571428571429,70,7.25961538461539,5.61111111111111,5,6.625,6.87931034482759,52,18,2,12,58,1516,984,532,60,298,1218,6.96173482849604,7.31616869918699,6.30616541353383,6.6705,6.90812080536913,6.97485221674877,40
"47",2013,11,6.67672413793103,58,7.3609375,5.83461538461538,7,7.37692307692308,6.47444444444444,32,26,1,13,45,1574,1016,558,61,311,1263,6.95123252858958,7.31757874015748,6.2841935483871,6.67590163934426,6.92771704180064,6.95702296120348,41
"48",2013,12,6.73190476190476,105,7.08916666666667,6.25555555555556,5.85714285714286,6.29,6.80555555555556,60,45,7,15,90,1679,1076,603,68,326,1353,6.9375163787969,7.30484200743495,6.28205638474295,6.59161764705882,6.89837423312884,6.94694752402069,42
"49",2014,1,6.54731182795699,93,6.85178571428571,6.08648648648649,6.16666666666667,7.11428571428571,6.44683544303797,56,37,6,14,79,1772,1132,640,74,340,1432,6.91703724604966,7.28242932862191,6.27075,6.55716216216216,6.90726470588235,6.91935754189944,43
"50",2014,2,6.55253333333333,75,7.05625,5.65703703703704,6.2,6.13888888888889,6.68315789473684,48,27,5,18,57,1847,1180,667,79,358,1489,6.9022360584732,7.27322881355933,6.24590704647676,6.53455696202532,6.8686312849162,6.91031564808596,44
"51",2014,3,6.82166666666667,60,7.2325,6,6.3,6.58888888888889,6.86274509803922,40,20,5,9,51,1907,1220,687,84,367,1540,6.89970110120608,7.27189344262295,6.2387481804949,6.52059523809524,6.86177111716621,6.90874025974026,45
"52",2014,4,6.55446428571429,56,6.76285714285714,6.20714285714286,6.625,6.87,6.48586956521739,35,21,8,10,46,1963,1255,708,92,377,1586,6.88985226693836,7.25769721115538,6.23781073446328,6.52967391304348,6.86198938992043,6.89647540983607,46
"53",2014,5,6.78142857142857,70,7.1530612244898,5.91428571428571,6,6.7875,6.78064516129032,49,21,3,8,62,2033,1304,729,95,385,1648,6.88611903590753,7.25376533742332,6.22849108367627,6.51294736842105,6.86044155844156,6.8921177184466,47
"54",2014,6,6.54081632653061,49,6.90322580645161,5.91666666666667,4.5,5.83333333333333,6.7,31,18,4,9,40,2082,1335,747,99,394,1688,6.87799231508165,7.2456254681648,6.22097724230254,6.43161616161616,6.83697969543147,6.88756516587678,48
"55",2014,7,6.61171428571429,70,6.99333333333333,6.03928571428571,5.75,6.39473684210526,6.69254901960784,42,28,6,19,51,2152,1377,775,105,413,1739,6.86933085501859,7.2379302832244,6.21441290322581,6.39266666666667,6.81663438256659,6.88184588844163,49
"56",2014,8,6.73619047619048,63,7.02627906976744,6.1125,7,6.575,6.77411764705882,43,20,2,12,51,2215,1420,795,107,425,1790,6.86554401805869,7.23152112676056,6.21184905660377,6.40401869158879,6.80981176470588,6.87877653631285,50
"57",2014,9,6.88666666666667,60,7.1225,6.415,6.33333333333333,7.5,6.74897959183673,40,20,3,11,49,2275,1460,815,110,436,1839,6.8661010989011,7.22853424657534,6.21683435582822,6.40209090909091,6.8272247706422,6.87531810766721,51
"58",2014,10,6.78125,48,7.0625,6.21875,5.7,6.25,6.92105263157895,32,16,4,10,38,2323,1492,831,114,446,1877,6.86434782608696,7.22497319034853,6.21687123947052,6.37745614035088,6.81428251121076,6.87624400639318,52
"59",2014,11,6.9037037037037,81,7.21071428571429,6.216,6.66666666666667,7.03888888888889,6.86507936507936,56,25,3,18,63,2404,1548,856,117,464,1940,6.86567387687188,7.22445736434109,6.21684579439252,6.38487179487179,6.82299568965517,6.87588144329897,53
"60",2014,12,6.65,88,7.06727272727273,5.95454545454545,5.66666666666667,6.13636363636364,6.72337662337662,55,33,3,11,77,2492,1603,889,120,475,2017,6.85805778491172,7.21906425452277,6.20710911136108,6.36691666666667,6.80709473684211,6.87005949429846,54
"61",2015,1,6.83991228070175,114,7.26884057971014,6.18222222222222,5.8125,6.78181818181818,6.85380434782609,69,45,8,22,92,2606,1672,934,128,497,2109,6.85726400613968,7.22111842105263,6.20591006423983,6.332265625,6.80597585513078,6.86935040303461,55
"62",2015,2,6.76988636363636,88,7.08173076923077,6.31944444444444,6,7.275,6.70512820512821,52,36,2,10,78,2694,1724,970,130,507,2187,6.85440979955457,7.21691415313225,6.21012371134021,6.32715384615385,6.81522682445759,6.86349336991312,56
"63",2015,3,6.39086419753086,81,6.60322580645161,5.69789473684211,5,6.4,6.38942857142857,62,19,2,11,70,2775,1786,989,132,518,2257,6.84087927927928,7.19561030235162,6.20028311425683,6.30704545454545,6.80640926640927,6.84879042977404,57
"64",2015,4,6.7241935483871,93,6.96102941176471,6.08,6.33333333333333,6.91666666666667,6.69567901234568,68,25,3,12,81,2868,1854,1014,135,530,2338,6.83709553695955,7.18700647249191,6.19731755424063,6.30762962962963,6.80890566037736,6.84348588537211,58
"65",2015,5,6.43560606060606,66,6.66395348837209,6.00869565217391,NA,6.14285714285714,6.47033898305085,43,23,0,7,59,2934,1897,1037,135,537,2397,6.82806407634629,7.17515023721666,6.19313404050145,6.30762962962963,6.80022346368715,6.83430120984564,59
"66",2015,6,6.67662337662338,77,7.134,5.82962962962963,5.75,6.38888888888889,6.71470588235294,50,27,4,9,68,3011,1947,1064,139,546,2465,6.8241912985719,7.17409347714432,6.18390977443609,6.29158273381295,6.79344322344322,6.83100202839756,60
"67",2015,7,6.52625,80,6.78867924528302,6.01111111111111,6.22727272727273,6.24375,6.596875,53,27,11,16,64,3091,2000,1091,150,562,2529,6.81648010352637,7.16388,6.17963336388634,6.28686666666667,6.77779359430605,6.82507710557533,61
"68",2015,8,6.45591397849462,93,6.77542372881356,5.90147058823529,5.5,6.81764705882353,6.375,59,34,6,17,76,3184,2059,1125,156,579,2605,6.80594849246231,7.15274890723652,6.17122666666667,6.25660256410256,6.77896373056995,6.8119462571977,62
"69",2015,9,6.54528169014085,71,6.90029411764706,5.64,4.9,6.99055555555556,6.48064516129032,51,20,2,9,62,3255,2110,1145,158,588,2667,6.80026267281106,7.14664691943128,6.16194759825327,6.23943037974684,6.78220238095238,6.80424446944132,63
"70",2015,10,6.53888888888889,72,6.97058823529412,5.49047619047619,5.61666666666667,6.73125,6.48392857142857,51,21,6,16,56,3327,2161,1166,164,604,2723,6.79460625187857,7.14249190189727,6.14985420240137,6.21664634146341,6.78085264900662,6.79765699596034,64
"71",2015,11,6.89943181818182,88,7.29150943396226,6.30571428571429,6.78571428571429,6.96875,6.88402777777778,53,35,7,16,72,3415,2214,1201,171,620,2795,6.7973074670571,7.14605916892502,6.15439633638634,6.23994152046784,6.78570161290323,6.79988193202147,65
"72",2015,12,6.65396946564885,131,6.93510416666667,5.88285714285714,6.75,6.60809523809524,6.66272727272727,96,35,4,21,110,3546,2310,1236,175,641,2905,6.79201212633954,7.13729220779221,6.1467071197411,6.2516,6.77988299531981,6.79468846815835,66
"73",2016,1,6.70074626865672,134,6.95227272727273,6.2195652173913,6.9375,6.78571428571429,6.69083333333333,88,46,8,14,120,3680,2398,1282,183,655,3025,6.78868885869565,7.13050250208507,6.14932137285491,6.28158469945355,6.78000763358779,6.79056859504132,67
"74",2016,2,6.69545454545455,77,7.116,5.91666666666667,8.16666666666667,7.2125,6.63550724637681,50,27,3,8,69,3757,2448,1309,186,663,3094,6.78677801437317,7.13020629084967,6.14452253628724,6.31198924731183,6.78522624434389,6.7871105365223,68
"75",2016,3,6.78274725274725,91,6.91202898550725,6.37727272727273,7,7.08076923076923,6.73307692307692,69,22,2,13,78,3848,2517,1331,188,676,3172,6.78668269230769,7.1242252681764,6.14836964688204,6.3193085106383,6.79090976331361,6.78578184110971,69
"76",2016,4,6.42506024096386,83,6.65923076923077,6.03225806451613,5,6.67777777777778,6.39432432432432,52,31,2,9,74,3931,2569,1362,190,685,3246,6.77904731620453,7.11481315687038,6.1457268722467,6.30542105263158,6.78942335766424,6.77685767097967,70
"77",2016,5,6.66576086956522,92,6.94632352941176,5.87083333333333,6.16666666666667,6.9,6.62012987012987,68,24,3,15,77,4023,2637,1386,193,700,3323,6.77645662440964,7.11046833522943,6.14096681096681,6.30326424870466,6.79179285714286,6.77322600060187,71
"78",2016,6,6.54658823529412,85,6.91836734693878,6.04055555555556,5.75,5.41666666666667,6.63240506329114,49,36,4,6,79,4108,2686,1422,197,706,3402,6.77170034079844,7.10696388682055,6.13842475386779,6.29203045685279,6.78010623229462,6.76995590828924,72
"79",2016,7,6.63076923076923,104,7.04920634920635,5.98780487804878,6.08333333333333,6.88823529411765,6.58045977011494,63,41,6,17,87,4212,2749,1463,203,723,3489,6.76822056030389,7.10564023281193,6.1342036910458,6.28586206896552,6.78264868603043,6.76523072513614,73
"80",2016,8,6.55194174757282,103,6.70763888888889,6.19032258064516,6.5,6.625,6.54230769230769,72,31,4,12,91,4315,2821,1494,207,735,3580,6.76305793742758,7.09548209854661,6.13536813922356,6.29,6.78007482993197,6.75956424581006,74
"81",2016,9,6.504,100,6.90615384615385,5.75714285714286,6.25,5.81818181818182,6.58876404494382,65,35,4,11,89,4415,2886,1529,211,746,3669,6.75719026047565,7.09121794871795,6.12671026814912,6.28924170616114,6.76589142091153,6.75542109566639,75
"82",2016,10,6.5025641025641,117,6.97894736842105,5.61951219512195,5.81818181818182,6.66153846153846,6.45714285714286,76,41,11,26,91,4532,2962,1570,222,772,3760,6.7506167255075,7.08833727211344,6.11346496815286,6.2659009009009,6.76237694300518,6.74820212765957,76
"83",2016,11,6.73015873015873,126,6.98795180722892,6.23255813953488,6.16666666666667,6.54347826086957,6.77184466019417,83,43,3,23,103,4658,3045,1613,225,795,3863,6.7500633319021,7.08560098522167,6.1166398016119,6.26457777777778,6.75604402515723,6.74883251359047,77
"84",2016,12,6.70661320754717,106,6.9620253164557,5.9592962962963,6,7.07373684210526,6.6264367816092,79,27,3,19,87,4764,3124,1640,228,814,3950,6.74909655751469,7.08247599231754,6.1140493902439,6.26109649122807,6.76345945945946,6.74613670886076,78
"85",2017,1,6.69135802469136,162,6.85172413793103,6.28695652173913,6.91666666666667,6.67037037037037,6.69555555555556,116,46,6,27,135,4926,3240,1686,234,841,4085,6.74719772634998,7.07421450617284,6.11876690391459,6.27790598290598,6.76047086801427,6.74446511627907,79
"86",2017,2,6.56670588235294,85,6.7,6.16047619047619,6.33333333333333,6.98888888888889,6.51671052631579,64,21,3,9,76,5011,3304,1707,237,850,4161,6.74413610057873,7.06696579903148,6.11928002343292,6.27860759493671,6.76288941176471,6.74030521509253,80
"87",2017,3,6.75722772277228,101,6.95714285714286,6.3058064516129,7.33333333333333,7.16666666666667,6.70202247191011,70,31,3,12,89,5112,3374,1738,240,862,4250,6.74439475743349,7.06468731475993,6.12260701956272,6.29179166666667,6.76851044083527,6.73950352941176,81
"88",2017,4,6.68908045977012,87,6.87213114754098,6.25961538461539,6.8,6.82142857142857,6.66369863013699,61,26,5,14,73,5199,3435,1764,245,876,4323,6.74346912867859,7.06126783114993,6.12462641723356,6.30216326530612,6.76935616438356,6.73822345593338,82
"89",2017,5,6.65894308943089,123,6.9827380952381,5.96153846153846,5.66666666666667,6.68571428571429,6.65550458715596,84,39,6,14,109,5322,3519,1803,251,890,4432,6.74151559564074,7.0593932935493,6.12109872434831,6.28697211155378,6.7680404494382,6.73618907942238,83
"90",2017,6,6.56631578947368,95,7.0375,5.59354838709677,6,5.8,6.68780487804878,64,31,4,13,82,5417,3583,1834,255,903,4514,6.73844304965848,7.05900223276584,6.11218157033806,6.28247058823529,6.75410409745294,6.73531014621179,84
"91",2017,7,6.20769230769231,91,6.45217391304348,5.44090909090909,7.33333333333333,6.9,6.10253164556962,69,22,3,12,79,5508,3652,1856,258,915,4593,6.729674291939,7.047536966046,6.10422467672414,6.29468992248062,6.7560174863388,6.72442630089266,85
"92",2017,8,6.48681896551724,116,6.64803296703297,5.9,6.75,5.9,6.5739702970297,91,25,6,15,101,5624,3743,1881,264,930,4694,6.72466518492176,7.03782420518301,6.10151036682616,6.30503787878788,6.74221075268817,6.72118896463571,86
"93",2017,9,6.87592592592593,108,7.05942028985507,6.55128205128205,6.4,7.11538461538461,6.84315789473684,69,39,5,13,95,5732,3812,1920,269,943,4789,6.72751517794836,7.03821511017838,6.11064635416667,6.3068029739777,6.74735524920467,6.72360847776154,87
"94",2017,10,6.66592,125,7.07090909090909,5.7027027027027,6.04545454545455,7.59166666666667,6.56761061946903,88,37,11,12,113,5857,3900,1957,280,955,4902,6.72620061464914,7.03895282051282,6.10293357179356,6.29653571428571,6.75796439790576,6.72001244390045,88
"95",2017,11,6.46912751677852,149,6.828125,5.8188679245283,4,5.91785714285714,6.59669421487603,96,53,2,28,121,6006,3996,2010,282,983,5023,6.71982301032301,7.03388788788789,6.09544328358209,6.28024822695035,6.73403458799593,6.71704180768465,89
"96",2017,12,6.53587570621469,177,6.7468992248062,5.96875,6.27777777777778,6.51785714285714,6.53926174496644,129,48,9,28,149,6183,4125,2058,291,1011,5172,6.71455717289342,7.02491296969697,6.09248833819242,6.28017182130584,6.72804747774481,6.71192014694509,90
"97",2018,1,6.45436363636364,220,6.7135,5.76333333333333,6.20833333333333,6.85217391304348,6.40791878172589,160,60,12,23,197,6403,4285,2118,303,1034,5369,6.70561721068249,7.01328494749125,6.08316383380548,6.27732673267327,6.7308085106383,6.70076569193518,91
"98",2018,2,6.523046875,128,6.77336956521739,5.88333333333333,6.2,6.59285714285714,6.51447368421053,92,36,5,14,114,6531,4377,2154,308,1048,5483,6.70203904455673,7.00824217500571,6.07982404828226,6.27607142857143,6.72896564885496,6.69689239467445,92
"99",2018,3,6.58106870229008,131,6.835,5.98205128205128,6.5,6.96153846153846,6.53915254237288,92,39,9,13,118,6662,4469,2193,317,1061,5601,6.69966031221855,7.00467576639069,6.07808527131783,6.28242902208202,6.73181526861452,6.69356918407427,93
"100",2018,4,6.62492063492063,126,6.9419512195122,6.03409090909091,5.54545454545455,6.715,6.61181818181818,82,44,11,16,110,6788,4551,2237,328,1077,5711,6.69827298173247,7.00354559437486,6.07721993741618,6.25771341463415,6.73156545961003,6.69199457187883,94
"101",2018,5,6.66022041322314,121,7.0165297260274,6.11833333333333,5.38,6.54285714285714,6.67557635514019,73,48,6,14,107,6909,4624,2285,334,1091,5818,6.69760655232306,7.00375057742215,6.07808358862144,6.24194610778443,6.72914390467461,6.69169262117566,95
"102",2018,6,6.41034579439252,107,6.73481944444444,5.74285714285714,5,6.43125,6.40667032967033,72,35,2,16,91,7016,4696,2320,336,1107,5909,6.69322558010262,6.99962727214651,6.07302629310345,6.23455357142857,6.72483830171635,6.68730321035708,96
"103",2018,7,6.44313725490196,102,6.78333333333333,5.81944444444444,6.275,6.4,6.45057471264368,66,36,4,15,87,7118,4762,2356,340,1122,5996,6.68964184742905,6.99662949811004,6.06915152801358,6.23502941176471,6.72049554367202,6.68386835723816,97
"104",2018,8,6.62382352941176,102,6.77469696969697,6.34722222222222,7.5,6.625,6.62360465116279,66,36,1,16,86,7220,4828,2392,341,1138,6082,6.68871200415512,6.99359562344656,6.07333653846154,6.23873900293255,6.71915289982425,6.68301622328181,98
"105",2018,9,6.65593220338983,118,7.10434782608696,6.02448979591837,6.74285714285714,6.625,6.65818181818182,69,49,7,8,110,7338,4897,2441,348,1146,6192,6.68818488280185,6.99515615070451,6.07235600163867,6.24887931034483,6.71849563699826,6.68257504360465,99
"106",2018,10,6.5263768115942,138,6.88989473684211,5.72325581395349,6,5.67692307692308,6.61472,95,43,3,13,125,7476,4992,2484,351,1159,6317,6.6851980564473,6.99315297876602,6.06631280193237,6.24675213675214,6.70681276962899,6.68123233655216,100
"107",2018,11,6.57483660130719,153,6.91145833333333,6.0078947368421,6.1875,6.56904761904762,6.57575757575758,96,57,4,21,132,7629,5088,2541,355,1180,6449,6.68298475160571,6.99161157036164,6.06500236127509,6.24608450704225,6.70436101694915,6.67907344859668,101
"108",2018,12,6.4051677852349,149,6.69851485148515,5.78791666666667,5.2,6.72631578947368,6.35823076923077,101,48,5,19,130,7778,5189,2589,360,1199,6579,6.67766272435073,6.98590666216997,6.0598651989185,6.23155555555555,6.70470892410342,6.67273364797081,102
"109",2019,1,6.42729579908676,219,6.63017922580645,5.9359375,5.55555555555556,6.73333333333333,6.39483727272727,155,64,9,21,198,7997,5344,2653,369,1220,6777,6.67080635863449,6.97558896893713,6.05687561251414,6.21506775067751,6.70520163934426,6.66461449756529,103
"110",2019,2,6.52608695652174,138,6.89651162790698,5.91346153846154,5.875,6.89411764705882,6.47438016528926,86,52,4,17,121,8135,5430,2705,373,1237,6898,6.66835137676705,6.97433654696133,6.05411866913124,6.21142091152815,6.70779789814066,6.66127753696724,104
"111",2019,3,6.50978260869565,138,6.79950495049505,5.71891891891892,5.5,6.57333333333333,6.5020325203252,101,37,7,15,123,8273,5531,2742,380,1252,7021,6.66570632781337,6.97114399746881,6.04959555069293,6.19831578947368,6.70618690095847,6.65848774391112,105
"112",2019,4,6.40774647887324,142,6.75315789473684,5.70957446808511,6,7.36363636363636,6.32748091603053,95,47,2,11,131,8415,5626,2789,382,1263,7152,6.66135335115864,6.96746310878066,6.04386554320545,6.19727748691099,6.71191290577989,6.65242483920582,106
"113",2019,5,6.6015037593985,133,7.01785714285714,5.88775510204082,5.7,6.41666666666667,6.6198347107438,84,49,10,12,121,8548,5710,2838,392,1275,7273,6.6604221396818,6.96820445709282,6.04117019027484,6.18459183673469,6.70913411764706,6.65188264127595,107
"114",2019,6,6.78098159509202,163,7.02850877192982,6.20510204081633,6.92,7.6875,6.6541958041958,114,49,5,20,143,8711,5824,2887,397,1295,7416,6.66267804500057,6.9693848643544,6.04395254589539,6.19385390428211,6.72424401544402,6.65192724514563,108
"115",2019,7,6.76458064516129,155,6.85076923076923,6.49921052631579,5.125,6.28125,6.82021582733813,117,38,4,16,139,8866,5941,2925,401,1311,7555,6.6644595589894,6.96704888907591,6.04986700854701,6.18319201995012,6.71883752860412,6.65502348775645,109
"116",2019,8,6.3836801734104,173,6.61528026548673,5.9475,6.22222222222222,6.62,6.35278869281046,113,60,9,20,153,9039,6054,2985,410,1331,7708,6.65908564221706,6.96048300627684,6.04780938023451,6.1840487804878,6.71735236664162,6.6490242760768,110
"117",2019,9,6.79623076923077,130,6.94546391752577,6.35757575757576,6.71666666666667,6.83333333333333,6.79245762711864,97,33,6,12,118,9169,6151,3018,416,1343,7826,6.6610301145163,6.96024615834824,6.05119648774023,6.19173076923077,6.7183886820551,6.65118695629952,111
"118",2019,10,6.5484875,160,6.79560714285714,5.971875,6.5,6.0838,6.57946666666667,112,48,4,10,150,9329,6263,3066,420,1353,7976,6.65909991638975,6.95730195114163,6.0499546640574,6.19466666666667,6.71369844789357,6.64983815446339,112
"119",2019,11,6.75907894736842,152,7.11019230769231,5.99833333333333,6.28125,7.26428571428571,6.70782608695652,104,48,8,14,138,9481,6367,3114,428,1367,8114,6.66070278662588,6.95979929637192,6.04915895953757,6.19628504672897,6.71933723482078,6.65082439240818,113
"120",2019,12,6.56903453608247,194,6.73061259259259,6.19932203389831,6.6,6.908,6.51889171597633,135,59,5,25,169,9675,6502,3173,433,1392,8283,6.65886468423773,6.95504072900646,6.05195115033092,6.20094688221709,6.72272557471265,6.64813253893517,114
"121",2020,1,6.50322489726027,292,6.72067461904762,5.94634146341463,6.125,6.95,6.44434755813954,210,82,8,34,258,9967,6712,3255,441,1426,8541,6.65430495535266,6.94770805870083,6.04929062980031,6.19956916099773,6.72814446002805,6.64197675799087,115
"122",2020,2,6.47846590909091,176,6.69368421052632,5.81279069767442,6,6.17142857142857,6.505,133,43,1,14,162,10143,6845,3298,442,1440,8703,6.65125381938283,6.94277231409788,6.04620709520922,6.19911764705882,6.72273194444444,6.639427035505,116
"123",2020,3,6.73598463687151,179,6.86233527131783,6.41,6.5,6.76470588235294,6.73297067901235,129,50,2,17,162,10322,6974,3348,444,1457,8865,6.65272318736679,6.94128444794953,6.05164008363202,6.20047297297297,6.72322168840082,6.64113646249295,117
"124",2020,4,6.63670709090909,165,6.77797225,6.26,6.1875,7.14,6.60423658064516,120,45,8,10,155,10487,7094,3393,452,1467,9020,6.65247119385906,6.93852190724556,6.0544034777483,6.20024336283186,6.72606271301977,6.64050237361419,118
"125",2020,5,6.51168557575758,165,6.6392213559322,6.19148936170213,5.2,7.15789473684211,6.4275898630137,118,47,5,19,146,10652,7212,3440,457,1486,9166,6.65029041776192,6.93362486550194,6.05627645348837,6.18929978118162,6.73158411843876,6.63711101134628,119
"126",2020,6,6.54109012578616,159,6.75406159663866,5.9075,5.96,6.64705882352941,6.52840373239437,119,40,5,17,142,10811,7331,3480,462,1503,9308,6.64868438257331,6.93071011594598,6.05456637931034,6.18681818181818,6.73062807717898,6.63545260636012,120
"127",2020,7,6.52160305343511,131,6.90932584269663,5.7,5.88,6.275,6.56603603603604,89,42,5,20,111,10942,7420,3522,467,1523,9419,6.64716293730579,6.93045361994609,6.05033816013629,6.18353319057816,6.7246447800394,6.63463455356195,121
"128",2020,8,6.61344895953757,173,6.79,6.14014191489362,6.1875,6.625,6.61258801242236,126,47,8,12,161,11115,7546,3569,475,1535,9580,6.64663819433198,6.9281083832494,6.05152078173158,6.1836,6.7238657980456,6.63426404279749,122
"129",2020,9,6.3294776119403,134,6.78197674418605,5.51875,5.73076923076923,6.58823529411765,6.29188034188034,86,48,13,17,117,11249,7632,3617,488,1552,9697,6.64286012356654,6.92646172169811,6.04445055847387,6.1715368852459,6.72238015463918,6.63013298236568,123
"130",2020,10,6.63161421383648,159,6.87544153846154,5.95238095238095,5.5,7,6.6015419047619,117,42,4,12,147,11408,7749,3659,492,1564,9844,6.64270338271388,6.92569138211382,6.04339373326045,6.16607723577236,6.72451023017903,6.62970603311662,124
"131",2020,11,6.59534377880184,217,6.74536688622755,6.0942666,6.5,6.98888888888889,6.55974673366834,167,50,4,18,199,11625,7916,3709,496,1582,10043,6.64181933677419,6.9218871639717,6.04407953626314,6.16877016129032,6.7275183312263,6.62831980384347,125
"132",2020,12,6.48684642156863,204,6.74004568493151,5.84948275862069,5.83125,6.61730769230769,6.46779028089888,146,58,8,26,178,11829,8062,3767,504,1608,10221,6.63914671231719,6.91859407839246,6.04108335545527,6.1634126984127,6.72573631840796,6.62552416201937,126
"133",2021,1,6.49978105839416,274,6.65526574879227,6.01940298507463,5.94444444444444,6.75,6.46669425619835,207,67,9,32,242,12103,8269,3834,513,1640,10463,6.63599161117078,6.91200211271012,6.04070448617632,6.15957115009747,6.72620975609756,6.62185056580331,127
"134",2021,2,6.45094410404624,173,6.69731479166667,5.22758620689655,6.33333333333333,6.82352941176471,6.41034185897436,144,29,3,17,156,12276,8413,3863,516,1657,10619,6.63338382209189,6.90832744561988,6.0346003106394,6.16058139534884,6.7272082076041,6.61874336566532,128
"135",2021,3,6.53663415584416,154,6.70992747826087,6.02564102564103,6.875,6.29033333333333,6.56321338129496,115,39,8,15,139,12430,8528,3902,524,1672,10758,6.6321851536605,6.9056520239212,6.03451076371092,6.17148854961832,6.72328887559808,6.61802588399331,129
"136",2021,4,6.57724832214765,149,6.75788990825688,6.085,6,6.83333333333333,6.56078571428571,109,40,4,9,140,12579,8637,3942,528,1681,10898,6.63153441927021,6.903787247887,6.03502308472856,6.17018939393939,6.72387804878049,6.61729055423013,130
"137",2021,5,6.45295510638298,141,6.7402778125,5.84,6.5,6.32,6.46310435114504,96,45,6,10,131,12720,8733,3987,534,1691,11029,6.62955488443396,6.90198982365739,6.03282192124404,6.17389513108614,6.72148965109403,6.61545916492882,131
"138",2021,6,6.42551148514851,101,6.6676888,5.72692307692308,5.66666666666667,6.66153846153846,6.39064386363636,75,26,3,13,88,12821,8808,4013,537,1704,11117,6.62794749161532,6.89999475363306,6.03084001993521,6.17106145251397,6.72103227699531,6.61367957092741,132
"139",2021,7,6.55571773722628,137,6.9628471875,5.60243902439024,4,6.355,6.59002846153846,96,41,1,20,117,12958,8904,4054,538,1724,11234,6.62718383392499,6.90067240790656,6.02650740009867,6.16702602230483,6.71678596287703,6.61343324906534,133
"140",2021,8,6.54066664516129,155,6.82657814159292,5.77142857142857,4.83333333333333,7.21055555555556,6.45265204379562,113,42,6,18,137,13113,9017,4096,544,1742,11371,6.62616117211927,6.89974386713985,6.02389184570313,6.15231617647059,6.72188805970149,6.61149612611028,134
"141",2021,9,6.51428571428571,161,6.70869565217391,6.02826086956522,5.75,5.78571428571429,6.5474025974026,115,46,4,7,154,13274,9132,4142,548,1749,11525,6.62480423760735,6.89733798182216,6.02394036697248,6.1493795620438,6.71814122355632,6.61063969197397,135
"142",2021,10,6.51242613924051,158,6.70136363636364,6.079444375,6.83,6.4547619047619,6.52126518248175,110,48,10,21,137,13432,9242,4190,558,1770,11662,6.62348233918999,6.89500545877516,6.0245762124105,6.1615770609319,6.71501638418079,6.60958975990396,136
"143",2021,11,6.22952380952381,168,6.59803278688525,5.25217391304348,6.275,6.21052631578947,6.23194630872483,122,46,4,19,149,13600,9364,4236,562,1789,11811,6.61861579264706,6.89113631460914,6.0161884631728,6.16238434163701,6.70965846841811,6.60482565235797,137
"144",2021,12,6.36920879377432,257,6.64384916666667,5.85078651685393,6.3125,5.82857142857143,6.4173163559322,168,89,8,21,236,13857,9532,4325,570,1810,12047,6.61399014505304,6.88677791754091,6.01278481618497,6.16449122807018,6.69943591160221,6.6011523566033,138
"145",2022,1,6.40353110047847,418,6.69859315589354,5.90287741935484,5.70833333333333,6.39772727272727,6.40421390374332,263,155,12,44,374,14275,9795,4480,582,1854,12421,6.60782749141856,6.88172507503828,6.00898221651786,6.15508591065292,6.69227562028047,6.5952224812817,139
"146",2022,2,6.32420637362637,273,6.55800193181818,5.9,6.875,6.54903846153846,6.30053983805668,176,97,8,26,247,14548,9971,4577,590,1880,12668,6.60250520896343,6.87601097683281,6.00667256499891,6.16484745762712,6.69029468085106,6.58947677455005,140
"147",2022,3,6.34203234741784,213,6.57609448818898,5.99638244186047,6,6.31592307692308,6.34566251336898,127,86,1,26,187,14761,10098,4663,591,1906,12855,6.59874660727593,6.87223900277283,6.0064827836157,6.16456852791878,6.68518782791186,6.58593004045119,141
"148",2022,4,6.33587628865979,194,6.64109375,5.74393939393939,4.75,6.27,6.341,128,66,8,14,180,14955,10226,4729,599,1920,13035,6.59533658776329,6.8693457314688,6.00281861281455,6.14567612687813,6.68216041666667,6.5825478074415,142
"149",2022,5,6.41710659898477,197,6.58543307086614,6.11171428571429,6.7,6.984375,6.36696132596685,127,70,5,16,181,15152,10353,4799,604,1936,13216,6.5930193156019,6.86586298174442,6.00440700562617,6.15026490066225,6.68465805785124,6.57959523834746,143
"150",2022,6,6.50993975903614,166,6.82084745762712,5.745625,4.33333333333333,6.330625,6.52906666666667,118,48,3,16,150,15318,10471,4847,607,1952,13366,6.59211898877138,6.86535569191099,6.00184427893543,6.14128500823723,6.68175614754098,6.57902818120604,144
"151",2022,7,6.35551515151515,165,6.56330357142857,5.91641509433962,5.64,6.31578947368421,6.36068493150685,112,53,10,19,146,15483,10583,4900,617,1971,13512,6.58959753729897,6.86215907115185,6.00092024897959,6.13316045380875,6.67822831050228,6.57666893650089,145
"152",2022,8,6.32441443243243,185,6.64249252252252,5.8472972972973,5.33333333333333,6.40625,6.31666668639053,111,74,6,16,169,15668,10694,4974,623,1987,13681,6.586466386265,6.85987900878998,5.9986347446723,6.12545746388443,6.676038248616,6.57345715517872,146
