"","year","month","avg_rating","no_ratings","avg_rating_owned","avg_rating_not_owned","avg_rating_prev_owned","avg_rating_comment","avg_rating_no_comment","no_ratings_owned","no_ratings_not_owned","no_ratings_prev_owned","no_ratings_comment","no_ratings_no_comment","cum_no_ratings","cum_no_ratings_owned","cum_no_ratings_not_owned","cum_no_ratings_prev_owned","cum_no_ratings_comment","cum_no_ratings_no_comment","cum_avg_rating","cum_avg_rating_owned","cum_avg_rating_not_owned","cum_avg_rating_prev_owned","cum_avg_rating_comment","cum_avg_rating_no_comment","month_after_release"
"1",2003,5,8,1,NA,8,NA,NA,8,0,1,0,0,1,1,0,1,0,0,1,8,NA,8,NA,NA,8,-10
"2",2003,7,7.5,2,7.5,7.5,NA,7.5,7.5,1,1,0,1,1,3,1,2,0,1,2,7.66666666666667,7.5,7.75,NA,7.5,7.75,-8
"3",2003,8,6.125,4,6.25,6,NA,NA,6.125,2,2,0,0,4,7,3,4,0,1,6,6.78571428571429,6.66666666666667,6.875,NA,7.5,6.66666666666667,-7
"4",2003,9,6.75,4,7,6,NA,6.75,NA,3,1,0,4,0,11,6,5,0,5,6,6.77272727272727,6.83333333333333,6.7,NA,6.9,6.66666666666667,-6
"5",2003,10,6.5,2,7,6,NA,NA,6.5,1,1,0,0,2,13,7,6,0,5,8,6.73076923076923,6.85714285714286,6.58333333333333,NA,6.9,6.625,-5
"6",2003,11,6,2,NA,6,7,NA,6,0,2,1,0,2,15,7,8,1,5,10,6.63333333333333,6.85714285714286,6.4375,7,6.9,6.5,-4
"7",2003,12,7.33333333333333,3,8,6,NA,8,6,2,1,0,2,1,18,9,9,1,7,11,6.75,7.11111111111111,6.38888888888889,7,7.21428571428571,6.45454545454545,-3
"8",2004,1,7.33333333333333,3,7.33333333333333,NA,NA,7.5,7,3,0,0,2,1,21,12,9,1,9,12,6.83333333333333,7.16666666666667,6.38888888888889,7,7.27777777777778,6.5,-2
"9",2004,2,7,2,7,NA,NA,NA,7,2,0,0,0,2,23,14,9,1,9,14,6.84782608695652,7.14285714285714,6.38888888888889,7,7.27777777777778,6.57142857142857,-1
"10",2004,3,6.66666666666667,3,7,6.5,NA,6.5,7,1,2,0,2,1,26,15,11,1,11,15,6.82692307692308,7.13333333333333,6.40909090909091,7,7.13636363636364,6.6,0
"11",2004,4,6.875,8,7,6.66666666666667,NA,6.5,7,5,3,0,2,6,34,20,14,1,13,21,6.83823529411765,7.1,6.46428571428571,7,7.03846153846154,6.71428571428571,1
"12",2004,5,7,8,7.16666666666667,6.5,6,7.2,6.66666666666667,6,2,1,5,3,42,26,16,2,18,24,6.86904761904762,7.11538461538461,6.46875,6.5,7.08333333333333,6.70833333333333,2
"13",2004,6,5.75,4,6.33333333333333,4,NA,5,6.5,3,1,0,2,2,46,29,17,2,20,26,6.77173913043478,7.03448275862069,6.32352941176471,6.5,6.875,6.69230769230769,3
"14",2004,7,7.5,2,8,7,NA,7.5,NA,1,1,0,2,0,48,30,18,2,22,26,6.80208333333333,7.06666666666667,6.36111111111111,6.5,6.93181818181818,6.69230769230769,4
"15",2004,8,6.5,2,6.5,NA,NA,NA,6.5,2,0,0,0,2,50,32,18,2,22,28,6.79,7.03125,6.36111111111111,6.5,6.93181818181818,6.67857142857143,5
"16",2004,11,6.3,10,6.25,6.5,NA,6.08333333333333,6.625,8,2,0,6,4,60,40,20,2,28,32,6.70833333333333,6.875,6.375,6.5,6.75,6.671875,8
"17",2004,12,6.8125,8,7.08333333333333,6,6,6.8,6.83333333333333,6,2,2,5,3,68,46,22,4,33,35,6.72058823529412,6.90217391304348,6.34090909090909,6.25,6.75757575757576,6.68571428571429,9
"18",2005,1,6.71428571428571,7,7.4,5,NA,7,6,5,2,0,5,2,75,51,24,4,38,37,6.72,6.95098039215686,6.22916666666667,6.25,6.78947368421053,6.64864864864865,10
"19",2005,2,6.5,2,7,6,6,NA,6.5,1,1,1,0,2,77,52,25,5,38,39,6.71428571428571,6.95192307692308,6.22,6.2,6.78947368421053,6.64102564102564,11
"20",2005,3,7.125,4,7.5,6,NA,7.125,NA,3,1,0,4,0,81,55,26,5,42,39,6.73456790123457,6.98181818181818,6.21153846153846,6.2,6.82142857142857,6.64102564102564,12
"21",2005,4,6.57142857142857,7,7,6,7,7,6.4,4,3,1,2,5,88,59,29,6,44,44,6.72159090909091,6.98305084745763,6.18965517241379,6.33333333333333,6.82954545454545,6.61363636363636,13
"22",2005,5,7.25,4,7.25,NA,NA,7.66666666666667,6,4,0,0,3,1,92,63,29,6,47,45,6.7445652173913,7,6.18965517241379,6.33333333333333,6.88297872340426,6.6,14
"23",2005,6,7.35714285714286,7,7.5,7,NA,7.6875,6.91666666666667,5,2,0,4,3,99,68,31,6,51,48,6.78787878787879,7.03676470588235,6.24193548387097,6.33333333333333,6.94607843137255,6.61979166666667,15
"24",2005,7,7.10714285714286,7,7.10714285714286,NA,NA,7.15,7,7,0,0,5,2,106,75,31,6,56,50,6.80896226415094,7.04333333333333,6.24193548387097,6.33333333333333,6.96428571428571,6.635,16
"25",2005,8,6.79,10,6.9875,6,6,6.55714285714286,7.33333333333333,8,2,1,7,3,116,83,33,7,63,53,6.8073275862069,7.03795180722892,6.22727272727273,6.28571428571429,6.91904761904762,6.67452830188679,17
"26",2005,9,6,4,7,3,NA,7,5.66666666666667,3,1,0,1,3,120,86,34,7,64,56,6.78041666666667,7.03662790697674,6.13235294117647,6.28571428571429,6.9203125,6.62053571428571,18
"27",2005,10,7.222,5,8,6.055,6.055,6.5275,10,3,2,2,4,1,125,89,36,9,68,57,6.79808,7.06910112359551,6.12805555555556,6.23444444444444,6.89720588235294,6.67982456140351,19
"28",2005,11,6.75,6,7.375,5.5,NA,7.5,6,4,2,0,3,3,131,93,38,9,71,60,6.79587786259542,7.08225806451613,6.095,6.23444444444444,6.92267605633803,6.64583333333333,20
"29",2005,12,6.66666666666667,12,7.125,5.75,7,7.125,5.75,8,4,1,8,4,143,101,42,10,79,64,6.78503496503497,7.08564356435644,6.06214285714286,6.311,6.94316455696203,6.58984375,21
"30",2006,1,6.78125,16,6.7,6.91666666666667,8,6.95833333333333,6.25,10,6,1,12,4,159,111,48,11,91,68,6.78465408805031,7.0509009009009,6.16895833333333,6.46454545454545,6.94516483516484,6.56985294117647,22
"31",2006,2,7,5,7,NA,NA,7.66666666666667,6,5,0,0,3,2,164,116,48,11,94,70,6.79121951219512,7.04870689655172,6.16895833333333,6.46454545454545,6.9681914893617,6.55357142857143,23
"32",2006,3,7,11,7.14285714285714,6.75,6,7.16666666666667,6.8,7,4,1,6,5,175,123,52,12,100,75,6.80434285714286,7.05406504065041,6.21365384615385,6.42583333333333,6.9801,6.57,24
"33",2006,4,7.6,5,8,7,NA,7.5,8,3,2,0,4,1,180,126,54,12,104,76,6.82644444444444,7.0765873015873,6.24277777777778,6.42583333333333,7.00009615384615,6.58881578947368,25
"34",2006,5,7.24090909090909,11,7.065,9,NA,7.09285714285714,7.5,10,1,0,7,4,191,136,55,12,111,80,6.85031413612565,7.07573529411765,6.29290909090909,6.42583333333333,7.00594594594595,6.634375,26
"35",2006,6,6.92857142857143,14,7.1,6.5,6.75,6.85,7.125,10,4,2,10,4,205,146,59,14,121,84,6.85565853658537,7.07739726027397,6.30694915254237,6.47214285714286,6.99305785123967,6.65773809523809,27
"36",2006,7,6.97222222222222,18,7.16666666666667,6,6,7.38888888888889,6.55555555555556,15,3,1,9,9,223,161,62,15,130,93,6.86506726457399,7.08571428571429,6.29209677419355,6.44066666666667,7.02046153846154,6.64784946236559,28
"37",2006,8,7.65,10,8.21428571428571,6.33333333333333,NA,7.875,7.5,7,3,0,4,6,233,168,65,15,134,99,6.89875536480687,7.13273809523809,6.294,6.44066666666667,7.04597014925373,6.69949494949495,29
"38",2006,9,7.375,16,7.34615384615385,7.5,7,7.58333333333333,6.75,13,3,1,12,4,249,181,68,16,146,103,6.92935742971888,7.14806629834254,6.34720588235294,6.475625,7.09013698630137,6.70145631067961,30
"39",2006,10,7.1,15,7.35714285714286,6.875,8,7.05,7.2,7,8,2,10,5,264,188,76,18,156,108,6.93905303030303,7.15585106382979,6.40276315789474,6.645,7.0875641025641,6.72453703703704,31
"40",2006,11,7.2875,16,7.55555555555556,6.94285714285714,8,7.44444444444444,7.08571428571429,9,7,1,9,7,280,197,83,19,165,115,6.95896428571429,7.1741116751269,6.44831325301205,6.71631578947368,7.1070303030303,6.74652173913043,32
"41",2006,12,7.17575757575758,33,7.12222222222222,7.41666666666667,6.5,7.425,6.94117647058824,27,6,2,16,17,313,224,89,21,181,132,6.98182108626198,7.16785714285714,6.51359550561798,6.69571428571428,7.13513812154696,6.77159090909091,33
"42",2007,1,7.03333333333333,24,7.25,6.81666666666667,7.575,7.29166666666667,6.775,12,12,4,12,12,337,236,101,25,193,144,6.98548961424332,7.17203389830508,6.54960396039604,6.8364,7.14487046632124,6.771875,34
"43",2007,2,7.05901297297297,37,7.49545454545455,6.41889866666667,7.375,7.07894736842105,7.03797111111111,22,15,6,19,18,374,258,116,31,212,162,6.99276331550802,7.19961240310078,6.5327024137931,6.94064516129032,7.13896226415094,6.8014412345679,35
"44",2007,3,6.89705882352941,17,7.28125,6.55555555555556,7,7.075,6.64285714285714,8,9,1,10,7,391,266,125,32,222,169,6.98860225063939,7.20206766917293,6.53434784,6.9425,7.13608108108108,6.79487266272189,36
"45",2007,4,7.06,25,7.05,7.1,7,7.375,6.76923076923077,20,5,1,12,13,416,286,130,33,234,182,6.99289298076923,7.19143356643357,6.55610369230769,6.94424242424242,7.14833333333333,6.7930410989011,37
"46",2007,5,7.05555555555556,18,7.4,6.625,7,7.65,6.3125,10,8,1,10,8,434,296,138,34,244,190,6.99549188940092,7.19847972972973,6.56009768115942,6.94588235294118,7.16889344262295,6.77280778947368,38
"47",2007,6,6.96,25,7.22352941176471,6.4,6,7.17692307692308,6.725,17,8,2,13,12,459,313,146,36,257,202,6.99355877995643,7.19984025559106,6.55132520547945,6.89333333333333,7.16929961089494,6.76996772277228,39
"48",2007,7,6.75,12,7.5,5.7,NA,6.07142857142857,7.7,7,5,0,7,5,471,320,151,36,264,207,6.98735346072187,7.20640625,6.52313562913907,6.89333333333333,7.14018939393939,6.7924322705314,40
"49",2007,8,7.38,20,7.53125,6.775,7.25,7.71428571428571,6.6,16,4,2,14,6,491,336,155,38,278,213,7.00334720977597,7.221875,6.52963535483871,6.91210526315789,7.16910071942446,6.78701164319249,41
"50",2007,9,7.08823529411765,17,7.29166666666667,6.6,8,7.14285714285714,7.05,12,5,1,7,10,508,348,160,39,285,223,7.00618795275591,7.2242816091954,6.53183425,6.94,7.16845614035088,6.79880484304933,42
"51",2007,10,6.775,20,6.95454545454545,6.55555555555556,6.75,7.21428571428571,6.53846153846154,11,9,4,7,13,528,359,169,43,292,236,6.99743083333333,7.21601671309192,6.5330975147929,6.92232558139535,7.16955479452055,6.78446389830508,43
"52",2007,11,7.18,25,7.5,6.61111111111111,6,6.88461538461539,7.5,16,9,1,13,12,553,375,178,44,305,248,7.00568441229656,7.22813333333333,6.53704202247191,6.90136363636364,7.15740983606557,6.81908661290323,44
"53",2007,12,7.18421052631579,38,7.45454545454545,6.8125,9,7.11111111111111,7.36363636363636,22,16,2,27,11,591,397,194,46,332,259,7.01716324873097,7.24068010075567,6.55976020618557,6.99260869565217,7.15364457831325,6.84221420849421,45
"54",2008,1,7.18076923076923,39,7.424,6.74642857142857,6.66666666666667,6.98,7.39210526315789,25,14,3,20,19,630,422,208,49,352,278,7.02729123809524,7.25154028436019,6.57232442307692,6.97265306122449,7.14377840909091,6.87979669064748,46
"55",2008,2,7.41666666666667,18,7.40625,7.5,NA,7.33333333333333,7.58333333333333,16,2,0,12,6,648,438,210,49,364,284,7.03810722222222,7.25719178082192,6.58115942857143,6.97265306122449,7.15002747252747,6.89466014084507,47
"56",2008,3,7,26,7.32352941176471,6.38888888888889,7,7.31818181818182,6.76666666666667,17,9,2,11,15,674,455,219,51,375,299,7.03663721068249,7.25967032967033,6.57325789954338,6.97372549019608,7.15496,6.88823906354515,48
"57",2008,4,6.85185185185185,27,7.2,6.64705882352941,7,7.07692307692308,6.64285714285714,10,17,6,13,14,701,465,236,57,388,313,7.02951994293866,7.25838709677419,6.57857406779661,6.97649122807017,7.15234536082474,6.877263514377,49
"58",2008,5,6.77619047619048,21,6.9375,6.26,7.25,7.22222222222222,6.44166666666667,16,5,2,9,12,722,481,241,59,397,325,7.02215163434903,7.2477130977131,6.5719646473029,6.98576271186441,7.15392947103275,6.86117993846154,50
"59",2008,6,6.80454545454545,22,6.85714285714286,6.7125,6.66666666666667,6.84615384615385,6.74444444444444,14,8,3,13,9,744,495,249,62,410,334,7.01571704301075,7.23666666666667,6.57647983935743,6.97032258064516,7.14417073170732,6.85803437125749,51
"60",2008,7,7.55645161290323,31,7.63095238095238,7.4,7.625,7.75,7.20454545454545,21,10,8,20,11,775,516,259,70,430,345,7.03734642580645,7.25271317829457,6.60827598455599,7.04514285714286,7.1723488372093,6.86908255072464,52
"61",2008,8,7.12941176470588,17,7.24545454545455,6.91666666666667,6.875,7.64285714285714,6.77,11,6,4,7,10,792,527,265,74,437,355,7.03932257575758,7.25256166982922,6.61525841509434,7.03594594594595,7.17988558352403,6.86629149295775,53
"62",2008,9,6.7,30,7.03333333333333,6.36666666666667,6.85714285714286,6.75,6.65625,15,15,7,14,16,822,542,280,81,451,371,7.02693854014599,7.24649446494465,6.601941,7.02049382716049,7.16654101995565,6.85723309973046,54
"63",2008,10,6.685,20,7.15,6.22,6.8,6.47,6.9,10,10,4,10,10,842,552,290,85,461,381,7.01881648456057,7.24474637681159,6.58877062068966,7.01011764705882,7.15143167028199,6.85835559055118,55
"64",2008,11,6.9758064516129,31,7.125,6.70454545454545,7.16666666666667,7.6,6.67857142857143,20,11,3,10,21,873,572,301,88,471,402,7.01728920962199,7.24055944055944,6.59300159468439,7.01545454545455,7.16095541401274,6.84896388059702,56
"65",2008,12,6.96333333333333,30,7.23888888888889,6.55,6.8,7.25,6.63571428571429,18,12,7,16,14,903,590,313,95,487,416,7.01549665559247,7.24050847457627,6.59135297124601,6.99957894736842,7.16388090349076,6.84178721153846,57
"66",2009,1,6.84827586206897,29,6.97222222222222,6.64545454545455,7,6.96666666666667,6.76470588235294,18,11,6,12,17,932,608,324,101,499,433,7.0102934334764,7.23256578947368,6.59318975308642,6.99960396039604,7.15913827655311,6.83876092378753,58
"67",2009,2,6.38522727272727,44,6.83125,5.85,6.66666666666667,6.31578947368421,6.438,24,20,3,19,25,976,632,344,104,518,458,6.98211422131148,7.21732594936709,6.54998104651163,6.99,7.12820463320463,6.81688532751092,59
"68",2009,3,7.16891891891892,37,7.17105263157895,7.16666666666667,7.5,7.25,7.125,19,18,6,13,24,1013,651,362,110,531,482,6.98893729516288,7.21597542242703,6.58064497237569,7.01781818181818,7.13118644067796,6.83222713692946,60
"69",2009,4,6.57428571428571,35,6.89285714285714,6.36190476190476,6.66666666666667,6.93571428571429,6.33333333333333,14,21,3,14,21,1048,665,383,113,545,503,6.97508919847328,7.20917293233083,6.56865138381201,7.00849557522124,7.12616513761468,6.81139856858847,61
"70",2009,5,6.77333333333333,30,7.1,6.34615384615385,6,6.60909090909091,6.86842105263158,17,13,5,11,19,1078,682,396,118,556,522,6.96947447124304,7.20645161290322,6.56134717171717,6.96576271186441,7.11593525179856,6.81347409961686,62
"71",2009,6,6.83333333333333,24,6.73076923076923,6.95454545454545,7,6.58333333333333,6.91666666666667,13,11,1,6,18,1102,695,407,119,562,540,6.96650950998185,7.19755395683453,6.57197415233415,6.96605042016807,7.11024911032028,6.81691385185185,63
"72",2009,7,6.58888888888889,27,7.30769230769231,5.92142857142857,6,6.21428571428571,6.72,13,14,5,7,20,1129,708,421,124,569,560,6.95747872453499,7.19957627118644,6.55034080760095,6.92709677419355,7.09922671353251,6.81345264285714,64
"73",2009,8,6.995,30,7.4175,6.15,6,7.40416666666667,6.72222222222222,20,10,3,12,18,1159,728,431,127,581,578,6.95844993960311,7.20556318681319,6.54105215777262,6.9051968503937,7.10552495697074,6.81061155709343,65
"74",2009,9,6.65576923076923,26,6.93571428571429,6.32916666666667,7.125,6.73333333333333,6.61470588235294,14,12,4,9,17,1185,742,443,131,590,595,6.95180884388186,7.20047169811321,6.53531259593679,6.91190839694656,7.09984745762712,6.80501425210084,66
"75",2009,10,6.375,28,6.65384615384615,6.13333333333333,5,6.35,6.38888888888889,13,15,1,10,18,1213,755,458,132,600,613,6.9384942126958,7.19105960264901,6.52214733624454,6.89742424242424,7.08735,6.7927952365416,67
"76",2009,11,6.58823529411765,34,7.25,6.3125,6.88888888888889,6.875,6.43181818181818,10,24,9,12,22,1247,765,482,141,612,635,6.92894425020048,7.19183006535948,6.51170846473029,6.89687943262411,7.0831862745098,6.78028894488189,68
"77",2009,12,7.01363636363636,44,7.26521739130435,6.73809523809524,7.28571428571429,7.22727272727273,6.94242424242424,23,21,7,11,33,1291,788,503,148,623,668,6.93183073586367,7.19397208121827,6.52116,6.91527027027027,7.08573033707865,6.78829862275449,69
"78",2010,1,6.75454545454545,33,6.73703703703704,6.83333333333333,7,6.83333333333333,6.70952380952381,27,6,1,12,21,1324,815,509,149,635,689,6.9274119939577,7.17883435582822,6.52483984282908,6.9158389261745,7.08096062992126,6.78589764876633,70
"79",2010,2,6.74807692307692,26,7.06363636363636,6.51666666666667,6.5,6.63461538461539,6.86153846153846,11,15,4,13,13,1350,826,524,153,648,702,6.92395813333333,7.17730024213075,6.5246058778626,6.90496732026144,7.07200617283951,6.78729840455841,71
"80",2010,3,6.90789473684211,19,7.2,6.58333333333333,6.58333333333333,6.90909090909091,6.90625,10,9,6,11,8,1369,836,533,159,659,710,6.92373519357195,7.17757177033493,6.52559752345216,6.89283018867925,7.06928679817906,6.78863870422535,72
"81",2010,4,6.56470588235294,17,6.76,6.28571428571429,4.5,6.6,6.56,10,7,1,2,15,1386,846,540,160,661,725,6.91933151515152,7.17263593380615,6.52248792592593,6.877875,7.06786686838124,6.78390824827586,73
"82",2010,5,6.25333333333333,15,6.475,6,6,6.11428571428571,6.375,8,7,2,7,8,1401,854,547,162,668,733,6.91220091363312,7.16610070257611,6.51580160877514,6.86703703703704,7.05787425149701,6.77944540245566,74
"83",2010,6,6.81481481481481,27,6.53125,7.22727272727273,7.66666666666667,6.57142857142857,6.9,16,11,3,7,20,1428,870,558,165,675,753,6.91035957983193,7.15442528735632,6.52982702508961,6.88157575757576,7.05282962962963,6.78264738379814,75
"84",2010,7,7.075,20,7.25,6.8125,6.9,7.0625,7.08333333333333,12,8,5,8,12,1448,882,566,170,683,765,6.91263361878453,7.15572562358277,6.53382240282685,6.88211764705882,7.05294289897511,6.78736402614379,76
"85",2010,8,6.82,20,7.10714285714286,6.15,4,6,7.09333333333333,14,6,1,5,15,1468,896,572,171,688,780,6.91137158038147,7.15496651785714,6.52979629370629,6.86526315789474,7.04529069767442,6.79324805128205,77
"86",2010,9,6.04166666666667,12,7.07142857142857,4.6,2,3.75,7.1875,7,5,1,4,8,1480,903,577,172,692,788,6.90431991891892,7.15431893687708,6.51307362218371,6.83697674418605,7.02624277456647,6.79725060913706,78
"87",2010,10,7.01470588235294,17,7.4,6.46428571428571,6.625,6.28125,7.66666666666667,10,7,2,8,9,1497,913,584,174,700,797,6.90557346693387,7.15700985761227,6.51248883561644,6.83454022988506,7.01772857142857,6.80706835633626,79
"88",2010,11,6.62,25,6.92857142857143,6.22727272727273,6.875,7.05555555555556,6.375,14,11,4,9,16,1522,927,595,178,709,813,6.90088270696452,7.15355987055016,6.50721593277311,6.83544943820225,7.01820874471086,6.79856516605166,80
"89",2010,12,7.112,25,7.13529411764706,7.0625,6.5,7.25,7.02,17,8,3,10,15,1547,944,603,181,719,828,6.90429442792502,7.15323093220339,6.51458288557214,6.82988950276243,7.02143254520167,6.80257666666667,81
"90",2011,1,7.125,28,7.39285714285714,6.85714285714286,6.83333333333333,7.55555555555556,6.92105263157895,14,14,6,9,19,1575,958,617,187,728,847,6.90821808253968,7.15673277661795,6.52235572123177,6.83,7.02803571428571,6.80523433293979,82
"91",2011,2,6.76190476190476,21,7.03846153846154,6.3125,9,7.1875,6.5,13,8,1,8,13,1596,971,625,188,736,860,6.90629290726817,7.15514933058702,6.519669568,6.84154255319149,7.02976902173913,6.8006203255814,83
"92",2011,3,7,21,7.0625,6.8,8,7.40909090909091,6.55,16,5,1,11,10,1617,987,630,189,747,870,6.90750988249845,7.15364741641337,6.52189441269841,6.84767195767196,7.0353547523427,6.79773963218391,84
"93",2011,4,6.36363636363636,11,6.57142857142857,6,7,6.5,6.28571428571429,7,4,1,4,7,1628,994,634,190,751,877,6.90383506142506,7.14954728370221,6.51860170347003,6.84847368421053,7.03250332889481,6.79365277080958,85
"94",2011,5,6.46470588235294,17,6.7,6.12857142857143,6.225,6.62857142857143,6.35,10,7,4,7,10,1645,1004,641,194,758,887,6.89929694832827,7.14506972111554,6.5143424024961,6.83561855670103,7.02877308707124,6.78865104847802,86
"95",2011,6,6.6,15,6.45,6.9,NA,6.25,6.72727272727273,10,5,0,4,11,1660,1014,646,194,762,898,6.89659245783132,7.13821499013807,6.51732736842105,6.83561855670103,7.02468503937008,6.78789919821826,87
"96",2011,7,7,17,7.1875,6.83333333333333,6.66666666666667,7,7,8,9,3,7,10,1677,1022,655,197,769,908,6.89764071556351,7.13860078277887,6.5216694351145,6.83304568527919,7.02446033810143,6.79023511013216,88
"97",2011,8,7.52941176470588,17,7.46666666666667,8,NA,7.75,7.33333333333333,15,2,0,8,9,1694,1037,657,197,777,917,6.90398080283353,7.14334619093539,6.5261696803653,6.83304568527919,7.0319305019305,6.7955654089422,89
"98",2011,9,6.1,10,7.125,5.41666666666667,5.75,6.58333333333333,5.375,4,6,2,6,4,1704,1041,663,199,783,921,6.8992626056338,7.14327569644573,6.51612892911011,6.8221608040201,7.02849297573435,6.78939574375679,90
"99",2011,10,7.05263157894737,19,7.55555555555556,6.6,6.8,7.71428571428571,6.66666666666667,9,10,5,7,12,1723,1050,673,204,790,933,6.90095384793964,7.14680952380952,6.51737515601783,6.82161764705882,7.03456962025316,6.78781723472669,91
"100",2011,11,7.1375,20,7.20454545454545,7.05555555555556,7.66666666666667,7.23214285714286,6.91666666666667,11,9,3,14,6,1743,1061,682,207,804,939,6.90366808950086,7.14740810556079,6.52447724340176,6.83386473429952,7.03800995024876,6.78864055378062,92
"101",2011,12,6.63684210526316,19,6.925,6.14285714285714,7,6.86,6.55714285714286,12,7,3,5,14,1762,1073,689,210,809,953,6.90079085130533,7.14492078285182,6.5206001161103,6.8362380952381,7.03690976514215,6.78523974816369,93
"102",2012,1,7.11538461538461,13,7.78571428571429,6.33333333333333,6.66666666666667,7.16666666666667,7.07142857142857,7,6,3,6,7,1775,1080,695,213,815,960,6.90236252394366,7.14907407407407,6.51898342446043,6.83384976525822,7.03786503067485,6.78732654166667,94
"103",2012,2,7.14444444444444,9,7.41666666666667,6.6,6.4,7.5,7.04285714285714,6,3,2,2,7,1784,1086,698,215,817,967,6.90358378923767,7.15055248618785,6.51933163323782,6.82981395348837,7.03899632802938,6.78917629782834,95
"104",2012,3,6.92307692307692,13,7.33333333333333,6,6,7.08333333333333,6.78571428571429,9,4,2,6,7,1797,1095,702,217,823,974,6.90372480801336,7.15205479452055,6.51637247863248,6.82216589861751,7.03931956257594,6.78915141683778,96
"105",2012,4,6.9,10,6.5,7.5,7,6,7.125,6,4,1,2,8,1807,1101,706,218,825,982,6.90370419479801,7.14850136239782,6.52194543909348,6.82298165137615,7.0368,6.79188745417515,97
"106",2012,5,7.1875,8,8,7.07142857142857,7.33333333333333,7.5,7.08333333333333,1,7,3,2,6,1815,1102,713,221,827,988,6.90495508539945,7.14927404718693,6.52734008415147,6.82990950226244,7.03792019347037,6.79365736842105,98
"107",2012,6,7,11,7.66666666666667,6.2,6,7.8,6.33333333333333,6,5,2,5,6,1826,1108,718,223,832,994,6.90552764512596,7.15207581227437,6.52506055710306,6.822466367713,7.0425,6.79087875251509,99
"108",2012,7,7.08166666666667,12,7.375,6.78833333333333,7,7.0625,7.09125,6,6,1,4,8,1838,1114,724,224,836,1002,6.90667762785637,7.15327648114901,6.52724237569061,6.82325892857143,7.0425956937799,6.7932769261477,100
"109",2012,8,6.96153846153846,13,7.1,6.875,8,6.64285714285714,7.33333333333333,5,8,3,7,6,1851,1119,732,227,843,1008,6.90706292814695,7.15303842716711,6.53104300546448,6.83881057268723,7.03927639383155,6.79649154761905,101
"110",2012,9,7.27692307692308,13,7.65714285714286,6.83333333333333,NA,7.33333333333333,7.26,7,6,0,3,10,1864,1126,738,227,846,1018,6.9096424248927,7.15617229129662,6.5335006504065,6.83881057268723,7.04031914893617,6.80104467583497,102
"111",2012,10,6.39285714285714,14,6.4,6.38888888888889,7,5.66666666666667,6.59090909090909,5,9,1,3,11,1878,1131,747,228,849,1029,6.90578992545261,7.15282935455349,6.53175834002677,6.83951754385965,7.0354652532391,6.79879832847425,103
"112",2012,11,6.78125,16,7.5,6.45454545454545,NA,7.3,6.54545454545455,5,11,0,5,11,1894,1136,758,228,854,1040,6.90473784582893,7.1543573943662,6.53063783641161,6.83951754385965,7.03701405152225,6.79611873076923,104
"113",2012,12,6.69285714285714,14,6.625,6.78333333333333,6.9,7.25,6.47,8,6,3,4,10,1908,1144,764,231,858,1050,6.90318316561845,7.15065559440559,6.53262235602094,6.84030303030303,7.03800699300699,6.79301283809524,105
"114",2013,1,7,11,6.66666666666667,7.4,7,7,7,6,5,2,7,4,1919,1150,769,233,865,1054,6.90373813444502,7.14813043478261,6.53826200260078,6.84167381974249,7.03769942196532,6.79379836812144,106
"115",2013,2,6.89285714285714,14,6.88888888888889,6.9,6,6.66666666666667,6.95454545454545,9,5,1,3,11,1933,1159,774,234,868,1065,6.90365932747025,7.14611734253667,6.54059881136951,6.83807692307692,7.03641705069124,6.79545866666667,107
"116",2013,3,6.95,10,7.83333333333333,6.57142857142857,6,7.33333333333333,6.78571428571429,3,7,1,3,7,1943,1162,781,235,871,1072,6.90389782810087,7.14789156626506,6.54087513444302,6.83451063829787,7.03743972445465,6.79539503731343,108
"117",2013,4,6.38888888888889,9,6.9,5.75,5.5,6.5,6,5,4,2,7,2,1952,1167,785,237,878,1074,6.90152329918033,7.1468294772922,6.53684519745223,6.82324894514768,7.03315489749431,6.7939138547486,109
"118",2013,5,6.88333333333333,15,7.75,6.30555555555556,6,6.625,6.97727272727273,6,9,3,4,11,1967,1173,794,240,882,1085,6.90138458566345,7.1499147485081,6.53422352644836,6.81295833333333,7.03130385487528,6.79577279262673,110
"119",2013,6,6.53333333333333,9,6.75,6.1,8,7,6.475,6,3,1,1,8,1976,1179,797,241,883,1093,6.8997082388664,7.14787955894826,6.53258905897114,6.81788381742739,7.03126840317101,6.79342495882891,111
"120",2013,7,6.625,8,6.5,6.75,6.66666666666667,7,6.4,4,4,3,3,5,1984,1183,801,244,886,1098,6.89860054435484,7.14568892645816,6.53367475655431,6.81602459016394,7.0311625282167,6.79163340619308,112
"121",2013,8,6.5,11,8,5.64285714285714,6,10,6.15,4,7,1,1,10,1995,1187,808,245,887,1108,6.89640274686717,7.14856781802864,6.52595727722772,6.81269387755102,7.03450958286358,6.78584249097473,113
"122",2013,9,6.75714285714286,7,7.33333333333333,6.325,NA,6.66666666666667,6.825,3,4,0,3,4,2002,1190,812,245,890,1112,6.89591582417582,7.14903361344538,6.52496733990148,6.81269387755102,7.03326966292135,6.78598334532374,114
"123",2013,10,6.5875,8,7,6.175,8,8,6.38571428571429,4,4,1,1,7,2010,1194,816,246,891,1119,6.89468829850746,7.14853433835846,6.52325181372549,6.81752032520325,7.03435465768799,6.78347942806077,115
"124",2013,11,6.46666666666667,15,6.61111111111111,6.25,7.125,6.91666666666667,6.16666666666667,9,6,4,6,9,2025,1203,822,250,897,1128,6.89151776790123,7.14451371571072,6.52125727493917,6.82244,7.03356744704571,6.77855804964539,116
"125",2013,12,7.24166666666667,12,7.39,6.5,6.5,6.45,7.4,10,2,2,2,10,2037,1213,824,252,899,1138,6.89358050073638,7.14653751030503,6.52120567961165,6.81988095238095,7.03226918798665,6.78401887521968,117
"126",2014,1,7.5,8,8.125,6.875,7,8,7.33333333333333,4,4,2,2,6,2045,1217,828,254,901,1144,6.89595280195599,7.14975349219392,6.52291483091787,6.82129921259843,7.03441731409545,6.7868998951049,118
"127",2014,2,7.28571428571429,14,7.66666666666667,6.6,7,8,7.16666666666667,9,5,3,2,12,2059,1226,833,257,903,1156,6.89860295288975,7.15354812398042,6.5233775270108,6.82338521400778,7.03655592469546,6.79084211072664,119
"128",2014,3,7.6,9,7.56666666666667,7.66666666666667,NA,8,7.4,6,3,0,3,6,2068,1232,836,257,906,1162,6.90165545454545,7.15556006493506,6.52748023923445,6.82338521400778,7.03974613686534,6.79398750430293,120
"129",2014,4,7,7,7.6,5.5,5.5,7.375,6.5,5,2,2,4,3,2075,1237,838,259,910,1165,6.90198721927711,7.15735650767987,6.52502801909308,6.81316602316602,7.04121978021978,6.79323045493562,121
"130",2014,5,6.85714285714286,7,7,6.5,7,7,6.83333333333333,5,2,1,1,6,2082,1242,840,260,911,1171,6.90183644572526,7.1567230273752,6.52496842857143,6.81388461538462,7.04117453347969,6.79343593509821,122
"131",2014,6,7,2,7,NA,NA,8,6,2,0,0,1,1,2084,1244,840,260,912,1172,6.90193065259117,7.15647106109325,6.52496842857143,6.81388461538462,7.04222587719298,6.79275894197952,123
"132",2014,7,6.6,5,8,5.66666666666667,NA,5,7,2,3,0,1,4,2089,1246,843,260,913,1176,6.90120798468167,7.15782504012841,6.52191397390273,6.81388461538462,7.03998904709748,6.79346384353742,124
"133",2014,8,5.89285714285714,14,6.25,5.75,5,5.84375,5.95833333333333,4,10,3,8,6,2103,1250,853,263,921,1182,6.89449523537803,7.15492,6.51286457209848,6.79319391634981,7.02959826275787,6.78922460236887,125
"134",2014,9,6.04444444444444,9,6.375,5.78,5,6.5,5.9875,4,5,3,1,8,2112,1254,858,266,922,1190,6.89087285984848,7.1524322169059,6.5085937995338,6.77296992481203,7.02902386117137,6.78383485714286,126
"135",2014,10,7.16666666666667,6,7.5,6.83333333333333,NA,6.75,7.375,3,3,0,2,4,2118,1257,861,266,924,1194,6.89165414542021,7.15326173428799,6.50972529616725,6.77296992481203,7.02841991341991,6.78581530988275,127
"136",2014,11,6.95238095238095,21,7.26923076923077,6.4375,4,6.57142857142857,7.14285714285714,13,8,1,7,14,2139,1270,869,267,931,1208,6.89225034128097,7.15444881889764,6.50906039125431,6.76258426966292,7.02498388829216,6.78995321192053,128
"137",2014,12,6.28666666666667,15,6.88888888888889,5.38333333333333,6.76666666666667,7.14285714285714,5.5375,9,6,3,7,8,2154,1279,875,270,938,1216,6.88803318477251,7.15258014073495,6.50134112,6.76262962962963,7.02586353944563,6.7817133881579,129
"138",2015,1,6.23333333333333,15,7.125,5.21428571428571,5.5,5.75,6.40909090909091,8,7,3,4,11,2169,1287,882,273,942,1227,6.88350552328262,7.1524087024087,6.49112639455782,6.74875457875458,7.02044585987261,6.77837284433578,130
"139",2015,2,6.16666666666667,6,5.66666666666667,6.66666666666667,7,NA,6.16666666666667,3,3,2,0,6,2175,1290,885,275,942,1233,6.88152803678161,7.14895348837209,6.49172144632768,6.75058181818182,7.02044585987261,6.77539617193836,131
"140",2015,3,8.15,6,8.2,7.9,7.9,8.5,7.975,5,1,1,2,4,2181,1295,886,276,944,1237,6.8850176432829,7.15301158301158,6.4933109255079,6.7547463768116,7.02358050847458,6.77927524656427,132
"141",2015,4,7.27272727272727,11,7,7.75,8.5,6.8,7.66666666666667,7,4,2,5,6,2192,1302,890,278,949,1243,6.88696326642336,7.15218894009216,6.49895896629213,6.76730215827338,7.02240252897787,6.78355871279163,133
"142",2015,5,6.8,7,7.7,6.125,5,8.5,6.12,3,4,1,2,5,2199,1305,894,279,951,1248,6.88668643929059,7.15344827586207,6.49728577181208,6.76096774193548,7.02550998948475,6.78090022435897,134
"143",2015,6,6.883,10,6.68,7.1875,8,6.9,6.866,6,4,2,5,5,2209,1311,898,281,956,1253,6.88666975101856,7.15128146453089,6.50036022271715,6.76978647686833,7.02485355648535,6.7812398084597,135
"144",2015,7,7.4,5,7.66666666666667,7,7.5,7.5,7.375,3,2,1,1,4,2214,1314,900,282,957,1257,6.88782903342367,7.15245814307458,6.50147053333333,6.77237588652482,7.0253500522466,6.7831292601432,136
"145",2015,8,6.63636363636364,11,6.77777777777778,6,8,7.16666666666667,6.4375,9,2,1,3,8,2225,1323,902,283,960,1265,6.88658583370786,7.14990929705215,6.50035862527716,6.77671378091873,7.02579166666667,6.78094346245059,137
"146",2015,9,6.47222222222222,9,7,4.625,7.25,8.5,5.89285714285714,7,2,1,2,7,2234,1330,904,284,962,1272,6.88491650850492,7.14912030075188,6.49620960176991,6.77838028169014,7.02885654885655,6.77605619496855,138
"147",2015,10,6.15714285714286,14,7,5.31428571428571,6,6.4,6.02222222222222,7,7,3,5,9,2248,1337,911,287,967,1281,6.88038411032028,7.14833956619297,6.48712785949506,6.77024390243902,7.02560496380558,6.77075993754879,139
"148",2015,11,5.96363636363636,11,6.65,5.57142857142857,6.5,6.9,5.42857142857143,4,7,2,4,7,2259,1341,918,289,971,1288,6.87592008853475,7.14685309470544,6.48014540305011,6.76837370242215,7.02508753861998,6.76346543478261,140
"149",2015,12,6.82,10,7.125,5.6,7.2,6.925,6.75,8,2,1,4,6,2269,1349,920,290,975,1294,6.87567363596298,7.14672349888806,6.47823204347826,6.76986206896552,7.02467692307692,6.76340299845441,141
"150",2016,1,6.76923076923077,13,7.375,5.8,6,7,6.72727272727273,8,5,1,2,11,2282,1357,925,291,977,1305,6.87506725679229,7.14806927044952,6.47456592432432,6.76721649484536,7.0246264073695,6.76309845210728,142
"151",2016,2,7,8,7.28571428571429,5,5,7,7,7,1,1,2,6,2290,1364,926,292,979,1311,6.87550370305677,7.14877565982405,6.47297352051836,6.76116438356164,7.02457609805924,6.76418266971777,143
"152",2016,3,6.80769230769231,13,7.625,6.44444444444444,7,7.16666666666667,6.7,4,9,2,3,10,2303,1368,935,294,982,1321,6.87512092053843,7.15016812865497,6.47269890909091,6.76278911564626,7.02501018329939,6.76369680545042,144
"153",2016,4,6,2,8,4,NA,6,NA,1,1,0,2,0,2305,1369,936,294,984,1321,6.87436159652928,7.15078889700511,6.47005713675214,6.76278911564626,7.02292682926829,6.76369680545042,145
"154",2016,5,6.2,5,7,5.66666666666667,5,5,6.5,2,3,1,1,4,2310,1371,939,295,985,1325,6.87290193939394,7.15056892778993,6.46749039403621,6.75681355932203,7.0208730964467,6.76290073962264,146
"155",2016,6,7.14285714285714,7,7.5,5,5,8.5,6.6,6,1,1,2,5,2317,1377,940,296,987,1330,6.87371751402676,7.15209150326797,6.46592923404255,6.75087837837838,7.02387031408308,6.76228833082707,147
"156",2016,7,6.4375,12,6.96428571428571,5.7,5,6.9375,6.1875,7,5,2,4,8,2329,1384,945,298,991,1338,6.87146993559468,7.15114161849711,6.4618766984127,6.73912751677852,7.02352169525732,6.75885162929746,148
"157",2016,8,6.91666666666667,12,7,6.83333333333333,6.75,6.83333333333333,7,6,6,4,6,6,2341,1390,951,302,997,1344,6.87170161469457,7.15048920863309,6.46422027339642,6.73927152317881,7.02237713139418,6.75992818452381,149
"158",2016,9,7.31931,10,8.5,7.0241375,8,7.625,7.11551666666667,2,8,2,4,6,2351,1392,959,304,1001,1350,6.87360552105487,7.15242816091954,6.46889111574557,6.74756578947369,7.02478521478521,6.76150857777778,150
"159",2016,10,7,2,8,6,NA,NA,7,1,1,0,0,2,2353,1393,960,304,1001,1352,6.87371295367616,7.15303661162958,6.4684026875,6.74756578947369,7.02478521478521,6.76186137573965,151
"160",2016,11,6.16363636363636,11,7,5.85,NA,6.45,6,3,8,0,4,7,2364,1396,968,304,1005,1359,6.87040887478849,7.15270773638968,6.4632919214876,6.74756578947369,7.02249751243781,6.75793714495953,152
"161",2016,12,6.30909090909091,11,6.66666666666667,6.175,6.5,6.96666666666667,6.0625,3,8,2,3,8,2375,1399,976,306,1008,1367,6.86780908631579,7.15166547533953,6.46092887295082,6.7459477124183,7.02233134920635,6.7538672860278,153
"162",2017,1,7,18,7.5,6.6,7,7,7,8,10,1,4,14,2393,1407,986,307,1012,1381,6.86880341830338,7.1536460554371,6.4623393306288,6.74677524429968,7.02224308300395,6.75636247646633,154
"163",2017,2,6,2,5,7,7,NA,6,1,1,1,0,2,2395,1408,987,308,1012,1383,6.8680779039666,7.15211647727273,6.46288407294833,6.7475974025974,7.02224308300395,6.75526867678959,155
"164",2017,3,6.7,10,7.2,6.2,6.83333333333333,7.75,6,5,5,3,4,6,2405,1413,992,311,1016,1389,6.86737903534303,7.15228591648974,6.46155905241935,6.74842443729904,7.02510826771653,6.75200617710583,156
"165",2017,4,7.25,8,6.5,8,8,6.5,7.5,4,4,2,2,6,2413,1417,996,313,1018,1395,6.86864756734356,7.15044460127029,6.46773753012048,6.75642172523962,7.02407662082515,6.75522335483871,157
"166",2017,5,6.625,8,6.83333333333333,6,NA,7,6.57142857142857,6,2,0,1,7,2421,1423,998,313,1019,1402,6.8678424535316,7.14910751932537,6.46680018036072,6.75642172523962,7.02405299313052,6.75430569186876,158
"167",2017,6,6,9,6.2,5.75,6,7,5.71428571428571,5,4,1,2,7,2430,1428,1002,314,1021,1409,6.86462822222222,7.14578431372549,6.46393870259481,6.7540127388535,7.02400587659158,6.74913880766501,159
"168",2017,7,6,7,6.1,5.75,5.75,5.83333333333333,6.125,5,2,2,3,4,2437,1433,1004,316,1024,1413,6.86214467788264,7.142135380321,6.46251651394422,6.7476582278481,7.020517578125,6.74737196036801,160
"169",2017,8,6.83333333333333,9,7.8,5.625,7,NA,6.83333333333333,5,4,1,0,9,2446,1438,1008,317,1024,1422,6.86203866721177,7.14442280945758,6.45919303571428,6.74845425867508,7.020517578125,6.74791601969058,161
"170",2017,9,7.41666666666667,6,7.41666666666667,NA,NA,6.5,7.875,6,0,0,2,4,2452,1444,1008,317,1026,1426,6.8633958319739,7.1455540166205,6.45919303571428,6.74845425867508,7.01950292397661,6.75107754558205,162
"171",2017,10,7,7,7.25,6.66666666666667,7,7.5,6.33333333333333,4,3,2,4,3,2459,1448,1011,319,1030,1429,6.86378470109801,7.14584254143646,6.45980868447082,6.75003134796238,7.02136893203883,6.75020054583625,163
"172",2017,11,6.67857142857143,14,7.38888888888889,5.4,6.5,7.8,6.05555555555556,9,5,2,5,9,2473,1457,1016,321,1035,1438,6.86273618277396,7.14734385724091,6.45459309055118,6.74847352024922,7.02513043478261,6.74585297635605,164
"173",2017,12,6.5625,8,6.5,6.625,6.5,6.66666666666667,6.5,4,4,2,3,5,2481,1461,1020,323,1038,1443,6.86176806932688,7.14557152635181,6.45526135294118,6.74693498452012,7.02409441233141,6.7450010949411,165
"174",2018,1,5.92,10,7,5.8,2,7,5.45714285714286,1,9,1,3,7,2491,1462,1029,324,1041,1450,6.85798738659173,7.14547195622435,6.44953020408163,6.73228395061728,7.02402497598463,6.73878384827586,166
"175",2018,2,6.38,10,6.8,6.1,6,7,5.96666666666667,4,6,2,4,6,2501,1466,1035,326,1045,1456,6.85607620151939,7.14452933151432,6.44750394202898,6.72779141104295,7.02393301435407,6.7356020467033,167
"176",2018,3,6.52857142857143,7,7,6.45,9,7.675,5,1,6,1,4,3,2508,1467,1041,327,1049,1459,6.85516211323764,7.14443081117928,6.44751832853026,6.73474006116208,7.02641563393708,6.73203329677862,168
"177",2018,4,7,3,8,5,5,5,8,2,1,1,1,2,2511,1469,1042,328,1050,1461,6.85533515730785,7.14559564329476,6.44612915547025,6.7294512195122,7.02448571428571,6.73376904859685,169
"178",2018,5,6.33333333333333,3,6.33333333333333,NA,NA,7,6,3,0,0,1,2,2514,1472,1042,328,1051,1463,6.85471224343675,7.1439402173913,6.44612915547025,6.7294512195122,7.02446241674596,6.7327659466849,170
"179",2018,6,5.1,5,4,5.375,4.5,NA,5.1,1,4,1,0,5,2519,1473,1046,329,1051,1468,6.85122928940056,7.14180583842498,6.44203305927342,6.72267477203648,7.02446241674596,6.72720475476839,171
"180",2018,7,6.54545454545455,11,6.16666666666667,7,6,6,6.6,6,5,1,1,10,2530,1479,1051,330,1052,1478,6.84989983399209,7.13784989858012,6.44468751665081,6.72048484848485,7.02348859315589,6.72634410013532,172
"181",2018,8,5.75,4,5,6.5,7,NA,5.75,2,2,1,0,4,2534,1481,1053,331,1052,1482,6.84816360694554,7.13496286293045,6.44479257359924,6.72132930513595,7.02348859315589,6.72370889338732,173
"182",2018,9,6.66666666666667,3,7,6.5,NA,6,7,1,2,0,1,2,2537,1482,1055,331,1053,1484,6.84794898699251,7.13487179487179,6.44489723222749,6.72132930513595,7.02251661918328,6.72408125336927,174
"183",2018,10,6.5625,8,6.875,6.25,6.25,7.16666666666667,6.2,4,4,4,3,5,2545,1486,1059,335,1056,1489,6.84705170137525,7.13417227456258,6.44416107648725,6.71570149253731,7.02292613636364,6.72232141034251,175
"184",2018,11,7.36,5,7.36,NA,NA,7,7.45,5,0,0,1,4,2550,1491,1059,335,1057,1493,6.84805748235294,7.13492957746479,6.44416107648725,6.71570149253731,7.02290444654683,6.72427098459478,176
"185",2018,12,6.824,4,8,5.648,5.296,9,6.09866666666667,2,2,1,1,3,2554,1493,1061,336,1058,1496,6.84801980422866,7.1360884125921,6.44266030160226,6.71147619047619,7.02477315689981,6.72301643048128,177
"186",2019,1,6.91666666666667,6,6.5,7.33333333333333,8.5,8.5,6.125,3,3,2,2,4,2560,1496,1064,338,1060,1500,6.8481806953125,7.1348128342246,6.44517159774436,6.72205917159763,7.02755660377358,6.72142172,178
"187",2019,2,5.22111111111111,9,6.198,4,4.5,4.5,5.42714285714286,5,4,2,2,7,2569,1501,1068,340,1062,1507,6.84248056831452,7.13169220519653,6.43601365168539,6.70898823529412,7.02279661016949,6.7154098075647,179
"188",2019,3,6.525,10,7.75,5.3,6,6,6.65625,5,5,1,2,8,2579,1506,1073,341,1064,1515,6.84124954633579,7.13374501992032,6.43072001863933,6.70690909090909,7.02087406015038,6.71509741254125,180
"189",2019,4,7.04166666666667,6,7.66666666666667,6.41666666666667,6.375,7,7.05,3,3,2,1,5,2585,1509,1076,343,1065,1520,6.8417147311412,7.13480450629556,6.43068083643123,6.70497376093294,7.0208544600939,6.71619906578947,181
"190",2019,5,7.33333333333333,3,8,6,NA,NA,7.33333333333333,2,1,0,0,3,2588,1511,1077,343,1065,1523,6.84228461360124,7.13594970218398,6.43028094707521,6.70497376093294,7.0208544600939,6.71741469468155,182
"191",2019,6,7,3,7,7,6,NA,7,1,2,1,0,3,2591,1512,1079,344,1065,1526,6.84246722500965,7.13585978835979,6.43133696014828,6.70292441860465,7.0208544600939,6.71797023591088,183
"192",2019,7,6.2875,8,6.325,6.25,NA,6.625,5.95,4,4,0,4,4,2599,1516,1083,344,1069,1530,6.84075897652943,7.13372031662269,6.43066720221606,6.70292441860465,7.01937324602432,6.71596247058824,184
"193",2019,8,6.75,4,8.5,5,6,5,8.5,2,2,1,2,2,2603,1518,1085,345,1071,1532,6.8406195082597,7.13552042160738,6.42803002764977,6.70088695652174,7.01560224089636,6.71829150130548,185
"194",2019,9,7.6,5,8.5,7,7,NA,7.6,2,3,1,0,5,2608,1520,1088,346,1071,1537,6.84207537576687,7.13731578947368,6.42960715073529,6.70175144508671,7.01560224089636,6.72115977878985,186
"195",2019,10,7,3,7.75,5.5,NA,7.5,6.75,2,1,0,1,2,2611,1522,1089,346,1072,1539,6.84225682880122,7.1381208935611,6.42875351698806,6.70175144508671,7.01605410447761,6.72119725795971,187
"196",2019,11,7.01818181818182,11,8,5.84,5.5,6.58333333333333,7.54,6,5,2,6,5,2622,1528,1094,348,1078,1544,6.84299488176964,7.14150523560209,6.42606268738574,6.69484482758621,7.01364564007421,6.72384882124352,188
"197",2019,12,6.1625,8,7.2,5.125,NA,8,5.9,4,4,0,1,7,2630,1532,1098,348,1079,1551,6.84092493536122,7.14165796344647,6.42132293260473,6.69484482758621,7.01455977757182,6.72013061250806,189
"198",2020,1,6.625,8,6.6,6.66666666666667,5.5,5.5,7,5,3,2,2,6,2638,1537,1101,350,1081,1557,6.84027012130402,7.13989590110605,6.42199144414169,6.68801714285714,7.01175763182239,6.72120910725755,190
"199",2020,2,7.25,4,7.25,NA,NA,NA,7.25,4,0,0,0,4,2642,1541,1101,350,1081,1561,6.84089045420136,7.14018170019468,6.42199144414169,6.68801714285714,7.01175763182239,6.72256411274824,191
"200",2020,3,7.41666666666667,6,8.83333333333333,6,6.5,8.5,6.33333333333333,3,3,2,3,3,2648,1544,1104,352,1084,1564,6.84219508308157,7.14347150259067,6.42084472826087,6.68694886363636,7.01587638376384,6.72181750639386,192
"201",2020,4,6.03888888888889,9,6.37,5.625,5.83333333333333,5.83333333333333,6.14166666666667,5,4,3,3,6,2657,1549,1108,355,1087,1570,6.83947406097102,7.1409748224661,6.41797164259928,6.67973521126761,7.01261269549218,6.71960036942675,193
"202",2020,5,7.5,3,7,7.75,NA,7.5,NA,1,2,0,3,0,2660,1550,1110,355,1090,1570,6.84021901503759,7.14088387096774,6.42037169369369,6.67973521126761,7.01395412844037,6.71960036942675,194
"203",2020,6,7.11111111111111,9,7,7.14285714285714,6,6,7.25,2,7,2,1,8,2669,1552,1117,357,1091,1578,6.84113247658299,7.14070231958763,6.42489935541629,6.67592717086835,7.01302474793767,6.7222893409379,195
"204",2020,7,6,4,7,5.66666666666667,6,6,6,1,3,2,2,2,2673,1553,1120,359,1093,1580,6.83987376730266,7.14061171925306,6.422868375,6.67216155988858,7.01117108874657,6.72137505063291,196
"205",2020,8,6.44,5,7.73333333333333,4.5,5,9.2,5.75,3,2,1,1,4,2678,1556,1122,360,1094,1584,6.83912717699776,7.14175449871465,6.41944080213904,6.66751666666667,7.0131718464351,6.71892208333333,197
"206",2020,9,6.8,5,6,10,10,7.5,6.33333333333333,4,1,1,2,3,2683,1560,1123,361,1096,1587,6.83905426015654,7.13882692307692,6.42262918967052,6.67674792243767,7.0140602189781,6.7181931821046,198
"207",2020,10,6.33333333333333,3,6.33333333333333,NA,NA,7,6,3,0,0,1,2,2686,1563,1123,361,1097,1589,6.83848941921072,7.13728087012156,6.42262918967052,6.67674792243767,7.01404740200547,6.71728922592826,199
"208",2020,11,6.5,3,6.5,NA,NA,6.75,6,3,0,0,2,1,2689,1566,1123,361,1099,1590,6.83811178133135,7.13606002554278,6.42262918967052,6.67674792243767,7.01356687898089,6.71683810062893,200
"209",2020,12,7.14,10,7.18,7.1,NA,6.75,7.2375,5,5,0,2,8,2699,1571,1128,361,1101,1598,6.83923030011115,7.13619987269255,6.42563171985815,6.67674792243767,7.0130881017257,6.71944466833542,201
"210",2021,1,6.94,10,7.23333333333333,6.5,NA,6.5,7.05,6,4,0,2,8,2709,1577,1132,361,1103,1606,6.83960228128461,7.13656943563728,6.42589450530035,6.67674792243767,7.01215775158658,6.72109127023661,202
"211",2021,2,6.14285714285714,7,7,5.8,6,NA,6.14285714285714,2,5,1,0,7,2716,1579,1137,362,1103,1613,6.83780654639175,7.13639645345155,6.42314211081794,6.67487845303867,7.01215775158658,6.71858188468692,203
"212",2021,3,7.007,6,7.007,NA,NA,7.714,6.3,6,0,0,3,3,2722,1585,1137,362,1106,1616,6.83817949301984,7.13590662460568,6.42314211081794,6.67487845303867,7.01406148282098,6.71780481435644,204
"213",2021,4,6.83333333333333,6,7.5,5.5,5.5,7,6.66666666666667,4,2,2,3,3,2728,1589,1139,364,1109,1619,6.83816883431085,7.13682315921963,6.42152114135206,6.66842307692308,7.01402344454463,6.71771005558987,205
"214",2021,5,5.33333333333333,3,7,4.5,NA,NA,5.33333333333333,1,2,0,0,3,2731,1590,1141,364,1109,1622,6.8365157744416,7.13673710691824,6.41815300613497,6.66842307692308,7.01402344454463,6.71514955610358,206
"215",2021,6,7.66666666666667,3,8,7.5,7,7.5,8,1,2,1,2,1,2734,1591,1143,365,1111,1623,6.83742669348939,7.13727969830295,6.42004600174978,6.66933150684932,7.01489828982898,6.71594120764017,207
"216",2021,7,7.33333333333333,3,7.33333333333333,NA,NA,8,7,3,0,0,1,2,2737,1594,1143,365,1112,1625,6.83797025210084,7.1376486825596,6.42004600174978,6.66933150684932,7.01578417266187,6.71629081846154,208
"217",2021,8,3.97,3,4.955,2,NA,3.455,5,2,1,0,2,1,2740,1596,1144,365,1114,1626,6.83483013868613,7.13491353383458,6.41618232517482,6.66933150684932,7.00939138240574,6.71523528905289,209
"218",2021,9,7.5,4,8,7,6,9,7,2,2,1,1,3,2744,1598,1146,366,1115,1629,6.83579977405248,7.13599624530663,6.41720120418848,6.66750273224044,7.01117668161435,6.71575971761817,210
"219",2021,10,5.79666666666667,3,7,5.195,5.5,7,5.195,1,2,1,1,2,2747,1599,1148,367,1116,1631,6.83466493629414,7.13591119449656,6.41507193379791,6.66432152588556,7.01116666666667,6.71389489883507,211
"220",2021,11,7,7,6.5,7.66666666666667,7,7,7,4,3,1,1,6,2754,1603,1151,368,1117,1637,6.83508517792302,7.13432439176544,6.41833412684622,6.66523369565217,7.01115666965085,6.71494354306658,212
"221",2021,12,7.2,5,7.66666666666667,6.5,NA,8,7,3,2,0,1,4,2759,1606,1153,368,1118,1641,6.83574649510692,7.13531880448319,6.41847578490893,6.66523369565217,7.01204114490161,6.71563837903717,213
"222",2022,1,6.75,8,6.75,6.75,5.5,NA,6.75,4,4,2,0,8,2767,1610,1157,370,1118,1649,6.83549858330322,7.13436149068323,6.41962193604149,6.65893513513514,7.01204114490161,6.7158050818678,214
"223",2022,2,6.25,4,6.5,6,NA,NA,6.25,2,2,0,0,4,2771,1612,1159,370,1118,1653,6.83465340310357,7.13357444168734,6.41889782571182,6.65893513513514,7.01204114490161,6.71467790683606,215
"224",2022,3,6.555,4,7,6.11,NA,5.22,7,2,2,0,1,3,2775,1614,1161,370,1119,1656,6.8342502990991,7.13340892193308,6.41836570198105,6.65893513513514,7.01043967828418,6.71519479468599,216
"225",2022,4,7,3,7,7,NA,7,7,2,1,0,1,2,2778,1616,1162,370,1120,1658,6.83442929445644,7.13324381188119,6.41886624784854,6.65893513513514,7.01043035714286,6.71553834740651,217
"226",2022,5,7,3,10,5.5,NA,10,5.5,1,2,0,1,2,2781,1617,1164,370,1121,1660,6.83460790363179,7.13501669758812,6.41728743986254,6.65893513513514,7.01309723461195,6.71407384337349,218
"227",2022,6,6.5,2,6.5,NA,NA,6.5,NA,2,0,0,2,0,2783,1619,1164,370,1123,1660,6.83436743801653,7.13423224212477,6.41728743986254,6.65893513513514,7.01218343722173,6.71407384337349,219
"228",2022,7,5.83333333333333,3,8.5,4.5,NA,NA,5.83333333333333,1,2,0,0,3,2786,1620,1166,370,1123,1663,6.83328951184494,7.13507530864197,6.41399878216123,6.65893513513514,7.01218343722173,6.71248501503307,220
"229",2022,8,6.5,2,7,6,NA,6,7,1,1,0,1,1,2788,1621,1167,370,1124,1664,6.83305042324247,7.1349919802591,6.41364402742074,6.65893513513514,7.01128291814947,6.71265780048077,221
