"","year","month","avg_rating","no_ratings","avg_rating_owned","avg_rating_not_owned","avg_rating_prev_owned","avg_rating_comment","avg_rating_no_comment","no_ratings_owned","no_ratings_not_owned","no_ratings_prev_owned","no_ratings_comment","no_ratings_no_comment","cum_no_ratings","cum_no_ratings_owned","cum_no_ratings_not_owned","cum_no_ratings_prev_owned","cum_no_ratings_comment","cum_no_ratings_no_comment","cum_avg_rating","cum_avg_rating_owned","cum_avg_rating_not_owned","cum_avg_rating_prev_owned","cum_avg_rating_comment","cum_avg_rating_no_comment","month_after_release"
"1",2010,2,7.66666666666667,3,7,9,NA,NA,7.66666666666667,2,1,0,0,3,3,2,1,0,0,3,7.66666666666667,7,9,NA,NA,7.66666666666667,-3
"2",2010,4,8.16666666666667,6,7.66666666666667,8.66666666666667,8,7,8.4,3,3,1,1,5,9,5,4,1,1,8,8,7.4,8.75,8,7,8.125,-1
"3",2010,5,7.41283185840708,113,7.81,6.875,7.07894736842105,7.54042553191489,7.3219696969697,65,48,19,47,66,122,70,52,20,48,74,7.45614754098361,7.78071428571429,7.01923076923077,7.125,7.52916666666667,7.40878378378378,0
"4",2010,6,7.21722222222222,180,7.51184210526316,6.70833333333333,7,7.17013888888889,7.24861111111111,114,66,24,72,108,302,184,118,44,120,182,7.3137417218543,7.61413043478261,6.84533898305085,7.05681818181818,7.31375,7.31373626373626,1
"5",2010,7,7.1130081300813,123,7.43703703703704,6.48809523809524,6.73333333333333,7.19791666666667,7.05866666666667,81,42,15,48,75,425,265,160,59,168,257,7.25564705882353,7.56,6.7515625,6.97457627118644,7.28065476190476,7.23929961089494,2
"6",2010,8,6.93266129032258,124,7.37897727272727,5.84166666666667,6.09090909090909,6.684375,7.08947368421053,88,36,11,48,76,549,353,196,70,216,333,7.18269581056466,7.51487252124646,6.5844387755102,6.83571428571429,7.14814814814815,7.20510510510511,3
"7",2010,9,7.18518518518519,135,7.67558139534884,6.32448979591837,6.325,7.006,7.29058823529412,86,49,16,50,85,684,439,245,86,266,418,7.18318713450292,7.54635535307517,6.53244897959184,6.74069767441861,7.12142857142857,7.22248803827751,4
"8",2010,10,7.07952127659574,188,7.42647058823529,6.48115942028986,6.81666666666667,7.05957446808511,7.08617021276596,119,69,24,47,141,872,558,314,110,313,559,7.1608371559633,7.52078853046595,6.52117834394904,6.75727272727273,7.11214057507987,7.18810375670841,5
"9",2010,11,6.99915555555556,225,7.48784172661871,6.2093023255814,6.76470588235294,7.02272727272727,6.99152941176471,139,86,17,55,170,1097,697,400,127,368,729,7.12767547857794,7.51421807747489,6.454125,6.75826771653543,7.09877717391304,7.1422633744856,6
"10",2010,12,7.12261029411765,272,7.36204188481675,6.55802469135802,6.84705882352941,7.10692307692308,7.12753623188406,191,81,34,65,207,1369,888,481,161,433,936,7.12666910153397,7.48148648648649,6.47162162162162,6.77701863354037,7.1,7.13900641025641,7
"11",2011,1,7.13044871794872,312,7.34880952380952,6.68088235294118,6.50735294117647,7.21969696969697,7.08896713615023,210,102,34,99,213,1681,1098,583,195,532,1149,7.12737061273052,7.45611111111111,6.5082332761578,6.73,7.12227443609023,7.12973020017406,8
"12",2011,2,7.08315270935961,203,7.38963503649635,6.4469696969697,6.44230769230769,6.94,7.12993464052288,137,66,26,50,153,1884,1235,649,221,582,1302,7.12260615711253,7.44873684210526,6.5020030816641,6.69615384615385,7.10661512027491,7.12975422427035,9
"13",2011,3,6.94932692307692,208,7.21722627737226,6.43239436619718,6.56166666666667,6.94921875,6.949375,137,71,30,64,144,2092,1372,720,251,646,1446,7.1053776290631,7.4256195335277,6.49513888888889,6.6800796812749,7.09102167182662,7.11179114799447,10
"14",2011,4,7.01848648648649,185,7.31484126984127,6.38559322033898,6.72352941176471,6.985,7.03456,126,59,17,60,125,2277,1498,779,268,706,1571,7.09831796223101,7.41630173564753,6.48684210526316,6.68283582089552,7.08201133144476,7.10564608529599,11
"15",2011,5,7.03307291666667,192,7.26446280991736,6.6387323943662,6.45,6.68055555555556,7.11442307692308,121,71,20,36,156,2469,1619,850,288,742,1727,7.09324422843256,7.40495367510809,6.4995294117647,6.66666666666667,7.06253369272237,7.10643891140706,12
"16",2011,6,7.00389908256881,218,7.2875,6.40428571428571,6.47826086956522,6.8741935483871,7.05544871794872,148,70,23,62,156,2687,1767,920,311,804,1883,7.08599553405285,7.39511601584607,6.49228260869565,6.65273311897106,7.04800995024876,7.10221455124801,13
"17",2011,7,7.06457142857143,175,7.32051282051282,6.54827586206897,6.6,7.33777777777778,6.97,117,58,18,45,130,2862,1884,978,329,849,2013,7.08468553459119,7.39048301486199,6.49560327198364,6.64984802431611,7.06336866902238,7.09367610531545,14
"18",2011,8,6.82360824742268,194,7.20593495934959,6.1612676056338,6.23518518518518,6.67327586206897,6.88772058823529,123,71,27,58,136,3056,2007,1049,356,907,2149,7.06811191099476,7.37917289486796,6.47297426120114,6.61839887640449,7.03842337375965,7.08064215914379,15
"19",2011,9,6.87142857142857,182,7.2,6.32058823529412,6.66666666666667,6.7609756097561,6.90354609929078,114,68,24,41,141,3238,2121,1117,380,948,2290,7.05705682520074,7.36954266855257,6.46369740376007,6.62144736842105,7.02642405063291,7.06973799126637,16
"20",2011,10,6.85141509433962,212,7.19037037037037,6.25714285714286,6.36,6.87065217391304,6.8460843373494,135,77,25,46,166,3450,2256,1194,405,994,2456,7.04442028985507,7.35882092198581,6.45037688442211,6.60530864197531,7.0192152917505,7.05462133550489,17
"21",2011,11,6.91209302325581,215,7.225,6.328,6.72,7.06923076923077,6.86196319018405,140,75,25,52,163,3665,2396,1269,430,1046,2619,7.03665757162346,7.35100166944908,6.44314420803782,6.61197674418605,7.0217017208413,7.042630775105,18
"22",2011,12,7.005078125,256,7.25029585798817,6.52873563218391,6.28055555555556,6.73384615384615,7.09738219895288,169,87,36,65,191,3921,2565,1356,466,1111,2810,7.03459576638612,7.34436647173489,6.44863569321534,6.58637339055794,7.0048604860486,7.04635231316726,19
"23",2012,1,7.0416393442623,305,7.26294642857143,6.42962962962963,6.30555555555556,7.13714285714286,7.0131914893617,224,81,36,70,235,4226,2789,1437,502,1181,3045,7.03510411736867,7.33782717820007,6.44756437021573,6.56623505976096,7.01270110076207,7.04379310344827,20
"24",2012,2,6.6864161849711,173,6.94252336448598,6.27121212121212,6.57916666666667,6.86944444444444,6.63832116788321,107,66,24,36,137,4399,2896,1503,526,1217,3182,7.02139122527847,7.32322168508287,6.43982035928144,6.56682509505703,7.00846343467543,7.02633563796354,21
"25",2012,3,6.86476190476191,210,7.13566433566434,6.2865671641791,6.18571428571429,6.76923076923077,6.88654970760234,143,67,28,39,171,4609,3039,1570,554,1256,3353,7.01425471902799,7.31439618295492,6.43328025477707,6.54756317689531,7.00103503184713,7.01920668058455,22
"26",2012,4,6.87398058252427,206,7.11279411764706,6.41,6.48181818181818,6.77755555555556,6.90093167701863,136,70,22,45,161,4815,3175,1640,576,1301,3514,7.0082533748702,7.30576062992126,6.43228658536585,6.54505208333333,6.9933051498847,7.01378770631758,23
"27",2012,5,6.90909638554217,166,7.09216666666667,6.43152173913044,6.50882352941176,6.93439024390244,6.9008,120,46,17,41,125,4981,3295,1686,593,1342,3639,7.00494880546075,7.29798179059181,6.43226571767497,6.54401349072513,6.99150521609538,7.00990656773839,24
"28",2012,6,6.92183908045977,174,7.10813008130081,6.47254901960784,6.52083333333333,6.80285714285714,6.95179856115108,123,51,24,35,139,5155,3418,1737,617,1377,3778,7.0021435499515,7.29114979520187,6.43344847438112,6.54311183144246,6.98671023965142,7.00776866066702,25
"29",2012,7,7.01131313131313,198,7.24141791044776,6.52953125,6.575,7.12142857142857,6.98166666666667,134,64,24,42,156,5353,3552,1801,641,1419,3934,7.00248271997011,7.28927364864865,6.43686285397002,6.54430577223089,6.9906976744186,7.00673360447382,26
"30",2012,8,6.77729591836735,196,7.09024390243902,6.25,6.33035714285714,6.34375,6.91790540540541,123,73,28,48,148,5549,3675,1874,669,1467,4082,6.99452874391782,7.28261224489796,6.42958377801494,6.53535127055306,6.96952965235174,7.00351298383145,27
"31",2012,9,6.98225,160,7.29514563106796,6.41684210526316,6.61409090909091,7.1047619047619,6.93864406779661,103,57,22,42,118,5709,3778,1931,691,1509,4200,6.99418462077421,7.28295394388565,6.42920766442258,6.53785817655572,6.97329357190192,7.00169047619047,28
"32",2012,10,6.69763157894737,190,7.04279661016949,6.13194444444444,6.26538461538462,6.95,6.62157534246575,118,72,26,44,146,5899,3896,2003,717,1553,4346,6.98463298864214,7.27568018480493,6.41852221667499,6.52797768479777,6.97263361236317,6.98892084675564,29
"33",2012,11,6.93444444444444,225,7.20779220779221,6.34154929577465,6.41666666666667,7.06818181818182,6.90193370165746,154,71,24,44,181,6124,4050,2074,741,1597,4527,6.98278902677988,7.2730987654321,6.41588717454195,6.52437246963563,6.97526612398247,6.98544289816655,30
"34",2012,12,6.97142857142857,245,7.12083333333333,6.55769230769231,6.37,7.16111111111111,6.90576923076923,180,65,30,63,182,6369,4230,2139,771,1660,4709,6.98235201758518,7.26661938534279,6.42019635343618,6.51836575875486,6.98231927710843,6.98236355914207,31
"35",2013,1,6.86906158357771,341,7.1061135371179,6.384375,6.27272727272727,6.60821917808219,6.94011194029851,229,112,44,73,268,6710,4459,2251,815,1733,4977,6.97659463487332,7.25837631755999,6.41841403820524,6.50510429447853,6.96656087709175,6.98008840667068,32
"36",2013,2,6.80061881188119,202,7.10019841269841,6.30394736842105,6.40357142857143,6.8525641025641,6.78819018404908,126,76,28,39,163,6912,4585,2327,843,1772,5140,6.97145182291666,7.2540294438386,6.41467554791577,6.50173190984579,6.96405191873589,6.97400291828794,33
"37",2013,3,6.82723853211009,218,7.16669798657718,6.09420289855072,5.97826086956522,6.72934693877551,6.85562130177515,149,69,23,49,169,7130,4734,2396,866,1821,5309,6.96704249649369,7.25128073510773,6.40544657762938,6.48782909930716,6.95773640856672,6.97023450744019,34
"38",2013,4,6.72185,200,6.89444444444444,6.42797297297297,6.31236842105263,6.63805555555556,6.74024390243902,126,74,38,36,164,7330,4860,2470,904,1857,5473,6.96035238744884,7.24202942386831,6.40612145748988,6.48045353982301,6.95153904146473,6.96334277361593,35
"39",2013,5,6.80852534562212,217,6.99901315789474,6.36307692307692,6.43333333333333,6.62631578947368,6.84720670391061,152,65,24,38,179,7547,5012,2535,928,1895,5652,6.95598688220485,7.23465941739824,6.40501775147929,6.4792349137931,6.94501741424802,6.95966472045293,36
"40",2013,6,6.92172995780591,237,7.16111111111111,6.40466666666667,6.596,6.92692307692308,6.92027027027027,162,75,25,52,185,7784,5174,2610,953,1947,5837,6.95494385919835,7.23235659064553,6.40500766283525,6.48229800629591,6.94453415511042,6.95841613842727,37
"41",2013,7,7.07730923694779,249,7.28212290502793,6.55357142857143,6.81785714285714,6.86341463414634,7.11947115384615,179,70,28,41,208,8033,5353,2680,981,1988,6045,6.95873683555334,7.23402073603587,6.40888805970149,6.49187563710499,6.94286116700201,6.96395781637717,38
"42",2013,8,7.03311036789298,299,7.25314009661836,6.53804347826087,6.57777777777778,6.78275862068966,7.09336099585062,207,92,36,58,241,8332,5560,2772,1017,2046,6286,6.96140578492559,7.23473255395683,6.4131746031746,6.49491642084562,6.93832258064516,6.96891902640789,39
"43",2013,9,6.94566037735849,265,7.15718232044199,6.48988095238095,6.4474358974359,6.998,6.93348837209302,181,84,39,50,215,8597,5741,2856,1056,2096,6501,6.96092043736187,7.23228758056088,6.41543067226891,6.49316287878788,6.9397461832061,6.96774726965082,40
"44",2013,10,6.86473880597015,268,7.14435028248588,6.32087912087912,6.3875,6.853,6.86743119266055,177,91,32,50,218,8865,5918,2947,1088,2146,6719,6.95801274675691,7.22965748563704,6.41251102816423,6.49005514705882,6.93772506989748,6.96449248400059,41
"45",2013,11,6.65629370629371,286,6.91972972972973,6.17376237623762,6.10416666666667,6.44411764705882,6.70234042553192,185,101,36,51,235,9151,6103,3048,1124,2197,6954,6.94858299639384,7.22026265770932,6.40459973753281,6.47769572953737,6.92626672735548,6.95563344837503,42
"46",2013,12,6.91228373702422,289,7.24059405940594,6.15,6.06086956521739,7.03333333333333,6.87645739910314,202,87,46,66,223,9440,6305,3135,1170,2263,7177,6.94747171610169,7.22091403647898,6.39753429027113,6.46130769230769,6.92938930623067,6.95317333147554,43
"47",2014,1,6.87295597484277,477,7.03309455587393,6.436328125,6.43448275862069,6.93355263157895,6.86147132169576,349,128,58,76,401,9917,6654,3263,1228,2339,7578,6.94388756680448,7.21106296964232,6.39905608335887,6.46004071661238,6.92952458315519,6.94832079704407,44
"48",2014,2,6.99141065830721,319,7.24181818181818,6.33409090909091,6.26666666666667,7.0192,6.98624535315985,231,88,36,50,269,10236,6885,3351,1264,2389,7847,6.94536860101602,7.21209484386347,6.39735004476276,6.4545332278481,6.93140142318962,6.94962087421944,45
"49",2014,3,6.90559027777778,288,7.1140625,6.48864583333333,6.35421052631579,6.69478260869565,6.94566115702479,192,96,38,46,242,10524,7077,3447,1302,2435,8089,6.94428002660585,7.20943521266073,6.3998926602843,6.45160522273425,6.92693141683778,6.94950241068117,46
"50",2014,4,6.96421875,288,7.14819796954315,6.56593406593407,6.47368421052632,6.65471698113208,7.03402127659574,197,91,38,53,235,10812,7274,3538,1340,2488,8324,6.94481113577506,7.20777673907066,6.4041633691351,6.45223134328358,6.92113263665595,6.95188851513695,47
"51",2014,5,6.86397637795276,254,7.04881656804734,6.49647058823529,6.35142857142857,6.72758620689655,6.88155555555556,169,85,35,29,225,11066,7443,3623,1375,2517,8549,6.94295572022411,7.20416740561601,6.40632900910847,6.44966545454545,6.91890266189908,6.95003743127851,48
"52",2014,6,6.96338582677165,254,7.23941176470588,6.40476190476191,6.47619047619048,6.76636363636364,7.0178391959799,170,84,42,55,199,11320,7613,3707,1417,2572,8748,6.94341413427562,7.20495442007093,6.40629349878608,6.45045165843331,6.91564074650078,6.95157978966621,49
"53",2014,7,6.85804794520548,292,7.01553398058252,6.48081395348837,6.63815789473684,6.98139534883721,6.83674698795181,206,86,38,43,249,11612,7819,3793,1455,2615,8997,6.94126748191526,7.19996393400691,6.40798312681255,6.45535395189003,6.91672198852772,6.94840168945204,50
"54",2014,8,6.85141414141414,297,7.0685,6.23116883116883,6.36071428571429,6.71914893617021,6.87628,220,77,28,47,250,11909,8039,3870,1483,2662,9247,6.9390266185238,7.19636621470332,6.40446511627907,6.45356709372893,6.91323365890308,6.94645182221261,51
"55",2014,9,6.73166007905138,253,6.94234285714286,6.25897435897436,6.29117647058824,6.80444444444444,6.71958525345622,175,78,17,36,217,12162,8214,3948,1500,2698,9464,6.93471287617168,7.19095422449476,6.40159067882472,6.45172666666667,6.91178206078577,6.94125,52
"56",2014,10,6.71900383141762,261,6.98613636363636,6.16588235294118,6.49375,6.75448275862069,6.70886699507389,176,85,32,58,203,12423,8390,4033,1532,2756,9667,6.93018095468083,7.18665768772348,6.3966228613935,6.4526044386423,6.90847169811321,6.93637012516809,53
"57",2014,11,6.7503007518797,266,7.05502702702703,6.05432098765432,5.98076923076923,6.70547619047619,6.75870535714286,185,81,39,42,224,12689,8575,4114,1571,2798,9891,6.92641011900071,7.1838178425656,6.38988332523092,6.4408911521324,6.90542458899214,6.93234657769689,54
"58",2014,12,6.92538940809969,321,7.06255230125523,6.52560975609756,6.25333333333333,6.89387755102041,6.93106617647059,239,82,30,49,272,13010,8814,4196,1601,2847,10163,6.92638493466564,7.18052961198094,6.39253574833174,6.43737663960025,6.90522585177379,6.93231230935747,55
"59",2015,1,6.82419913419913,462,7.0332100591716,6.25447580645161,5.93333333333333,6.5875,6.86646683673469,338,124,42,70,392,13472,9152,4320,1643,2917,10555,6.92288064133017,7.17508883304196,6.38857291666667,6.42449178332319,6.89760130270826,6.92986688773093,56
"60",2015,2,6.90807926829268,328,7.11185344827586,6.415625,6.21477272727273,7.025,6.88605072463768,232,96,44,52,276,13800,9384,4416,1687,2969,10831,6.92252884057971,7.1735254688832,6.38916100543478,6.41902193242442,6.89983260357022,6.92875034622842,57
"61",2015,3,6.81666666666667,339,7.06869158878505,6.3852,6.31960784313725,7.05,6.77049469964664,214,125,51,56,283,14139,9598,4541,1738,3025,11114,6.91999066412052,7.1711880600125,6.38905197093151,6.41610471806674,6.90261256198347,6.92472062263811,58
"62",2015,4,6.75267759562842,366,7.06581196581197,6.19757575757576,6.123,6.7698275862069,6.74944805194805,234,132,50,58,308,14505,9832,4673,1788,3083,11422,6.91576890727335,7.16868012611879,6.38364326984806,6.40790827740492,6.90011449886474,6.9199943092278,59
"63",2015,5,6.81211742424242,264,7.03351098901099,6.32073170731707,6.49090909090909,6.81973684210526,6.81083628318584,182,82,33,38,226,14769,10014,4755,1821,3121,11648,6.91391610806419,7.16622348711803,6.38255835962145,6.40941241076332,6.89913585389298,6.91787637362637,60
"64",2015,6,6.675,268,6.97069892473118,6.00426829268293,6.14659090909091,6.43658536585366,6.71806167400881,186,82,44,41,227,15037,10200,4837,1865,3162,11875,6.90965797699009,7.16265803921568,6.37614533801943,6.40321179624665,6.89313820366856,6.91405675789473,61
"65",2015,7,6.83894915254237,295,7.02470588235294,6.42252747252747,6.45428571428571,6.92592592592593,6.83018656716418,204,91,35,27,268,15332,10404,4928,1900,3189,12143,6.90829748238977,7.15995309496347,6.3770018262987,6.40415263157895,6.89341580432737,6.91220571522688,62
"66",2015,8,6.71671924290221,317,6.83155737704918,6.33287671232877,6.640625,6.80217391304348,6.70221402214022,244,73,32,46,271,15649,10648,5001,1932,3235,12414,6.90441670394274,7.15242787377911,6.37635772845431,6.40806935817805,6.89211839258114,6.90762155630739,63
"67",2015,9,6.73228464419476,267,7.10411428571429,6.025,6.20344827586207,6.825,6.71497777777778,175,92,29,42,225,15916,10823,5093,1961,3277,12639,6.90152909022367,7.15164667837013,6.37001079913607,6.40504334523202,6.89125816295392,6.90419210380568,64
"68",2015,10,6.68390476190476,315,6.89277056277056,6.10952380952381,6.41363636363636,6.94183673469388,6.63639097744361,231,84,33,49,266,16231,11054,5177,1994,3326,12905,6.89730558807221,7.14623683734394,6.36578423797566,6.40518555667001,6.89200330727601,6.89867214258039,65
"69",2015,11,6.59401126760563,355,6.87748547717842,5.99473684210526,6.13918918918919,6.49411764705882,6.61076973684211,241,114,37,51,304,16586,11295,5291,2031,3377,13209,6.89081399975883,7.14050252324037,6.35778964278964,6.40033973412112,6.88599437370447,6.89204618063441,66
"70",2015,12,6.80009975062344,401,7.00140794223827,6.35040322580645,6.19459459459459,6.60887096774194,6.83507374631268,277,124,37,62,339,16987,11572,5415,2068,3439,13548,6.88867257314417,7.13717300380228,6.35762049861496,6.3966586073501,6.88099825530678,6.89062060820785,67
"71",2016,1,6.75905697445972,509,6.96660273972603,6.23298611111111,6.34285714285714,6.68072463768116,6.77134090909091,365,144,63,69,440,17496,11937,5559,2131,3508,13988,6.88490174897119,7.13195744324369,6.35439197697428,6.39506804317222,6.87705900798176,6.88686860165856,68
"72",2016,2,6.78005681818182,352,7.01821138211382,6.22735849056604,6.07021276595745,6.78378378378378,6.77961904761905,246,106,47,37,315,17848,12183,5665,2178,3545,14303,6.88283398700134,7.12966067471066,6.35201500441306,6.38805785123967,6.87608547249647,6.88450660700552,69
"73",2016,3,6.79497041420118,338,6.95458515283843,6.45963302752294,6.30555555555556,6.53679245283019,6.84298245614035,229,109,36,53,285,18186,12412,5774,2214,3598,14588,6.88120097877488,7.1264305510796,6.35404658815379,6.38671635049684,6.87108754863813,6.88369536605429,70
"74",2016,4,6.72879765395894,341,6.98642857142857,6.13349514563107,6.18555555555556,6.56792452830189,6.75840277777778,238,103,45,53,288,18527,12650,5877,2259,3651,14876,6.87839590867383,7.12379652173913,6.35018121490556,6.38270916334661,6.86668666118872,6.88126969615488,71
"75",2016,5,6.92333333333333,351,7.15173913043478,6.33367346938776,6.22333333333333,7.09627906976744,6.89918831168831,253,98,30,43,308,18878,12903,5975,2289,3694,15184,6.87923143341456,7.12434441602728,6.34991046025104,6.38062035823504,6.86935923118571,6.88163316649104,72
"76",2016,6,6.87084592145015,331,7.02686274509804,6.34736842105263,6.516,7.03888888888889,6.84440559440559,255,76,25,45,286,19209,13158,6051,2314,3739,15470,6.87908693841428,7.12245523635811,6.34987853247397,6.38208297320657,6.8713995720781,6.88094492566257,73
"77",2016,7,6.70124661246612,369,6.99054901960784,6.05412280701754,5.922,6.944,6.66319749216301,255,114,50,50,319,19578,13413,6165,2364,3789,15789,6.87573505976096,7.1199475136062,6.34440957015409,6.37235194585448,6.87235761414621,6.87654556970042,74
"78",2016,8,6.70320754716981,424,6.94691803278689,6.07857142857143,6.07352941176471,6.48863636363636,6.74276536312849,305,119,51,66,358,20002,13718,6284,2415,3855,16147,6.87207784221578,7.11610045196092,6.33937539783577,6.3660414078675,6.86578806744488,6.87357948844986,75
"79",2016,9,6.81195718654434,327,7.04375510204082,6.11939024390244,6.27777777777778,6.70166666666667,6.82309764309764,245,82,36,30,297,20329,13963,6366,2451,3885,16444,6.87111077770673,7.11483105349853,6.33654178448005,6.36474500203998,6.86452072072072,6.87266772074921,76
"80",2016,10,6.738125,368,6.97965250965251,6.16422018348624,5.95555555555556,6.65769230769231,6.75136075949367,259,109,36,52,316,20697,14222,6475,2487,3937,16760,6.86874624341692,7.11236928702011,6.33364092664092,6.35882187374347,6.86178892557785,6.87038054892601,77
"81",2016,11,6.71791383219955,441,6.89936507936508,6.26428571428571,6.07608695652174,6.88981481481482,6.69392764857881,315,126,46,54,387,21138,14537,6601,2533,3991,17147,6.86559944176365,7.10775373185664,6.33231707317073,6.35368732727991,6.86216812828865,6.86639808712894,78
"82",2016,12,6.7642899543379,438,7.00990654205607,6.0904188034188,6.17763157894737,6.74154929577465,6.768689373297,321,117,38,71,367,21576,14858,6718,2571,4062,17514,6.86354282536151,7.10563979001211,6.32810419767788,6.35108518086348,6.86005982274742,6.86435063377869,79
"83",2017,1,6.74042553191489,564,6.95150462962963,6.04962121212121,5.84285714285714,6.535,6.77438016528926,432,132,56,80,484,22140,15290,6850,2627,4142,17998,6.86040650406504,7.10128489208633,6.32273781021898,6.34025123715265,6.85378150651859,6.86193115901767,80
"84",2017,2,6.78957142857143,420,7.02839590443686,6.23858267716535,6.294,6.73709090909091,6.79747945205479,293,127,50,55,365,22560,15583,6977,2677,4197,18363,6.85908776595745,7.09991439389078,6.32120596244804,6.33938737392604,6.85225232308792,6.8606500571802,81
"85",2017,3,6.69955128205128,390,6.99757194244604,5.95982142857143,6.08461538461538,6.73474576271186,6.69327794561933,278,112,39,59,331,22950,15861,7089,2716,4256,18694,6.85637668845316,7.098120610302,6.3154964028777,6.33572901325479,6.85062335526316,6.85768653043757,82
"86",2017,4,6.81251295336788,386,6.93332179930796,6.45257731958763,6.15921052631579,6.625,6.85405063291139,289,97,38,70,316,23336,16150,7186,2754,4326,19010,6.85565113986973,7.09517157894737,6.31734678541609,6.33329339143065,6.84697249190939,6.85762609153077,83
"87",2017,5,6.76766937669377,369,6.97448275862069,6.26787037037037,6.19,6.686,6.77759878419453,261,108,40,40,329,23705,16411,7294,2794,4366,19339,6.85428158616326,7.09325214794954,6.31661420345489,6.33124194702935,6.84549770957398,6.85626464656911,84
"88",2017,6,6.9148623853211,327,7.14978723404255,6.31478260869565,6.09090909090909,7.08157894736842,6.89294117647059,235,92,33,38,289,24032,16646,7386,2827,4404,19628,6.85510590046605,7.09405028235011,6.31659138911454,6.32843650512911,6.84753474114441,6.85680466680253,85
"89",2017,7,6.7127688172043,372,6.97585551330798,6.07798165137615,6.32448979591837,6.42017543859649,6.76571428571429,263,109,49,57,315,24404,16909,7495,2876,4461,19943,6.85293619898377,7.0922118989887,6.3131212808539,6.32836926286509,6.84207419861018,6.85536589279446,86
"90",2017,8,6.77947368421053,399,6.99806338028169,6.23965217391304,6.15714285714286,6.73478260869565,6.78529745042493,284,115,35,46,353,24803,17193,7610,2911,4507,20296,6.85175442486796,7.09065672075844,6.31201103810775,6.32631054620405,6.84097914355447,6.85414722112732,87
"91",2017,9,6.78817679558011,362,7.01297297297297,6.22291262135922,6.14634146341463,6.92407407407407,6.76435064935065,259,103,41,54,308,25165,17452,7713,2952,4561,20604,6.85083985694417,7.08950383910153,6.31082121094256,6.32381097560976,6.84196294672221,6.85280489225393,88
"92",2017,10,6.72899742930591,389,6.9035,6.28073394495413,5.87777777777778,6.62983050847458,6.74672727272727,280,109,36,59,330,25554,17732,7822,2988,4620,20934,6.84898509039681,7.08656671554252,6.31040194323702,6.31843708165997,6.8392538961039,6.85113270278017,89
"93",2017,11,6.66629885057471,435,6.86468227424749,6.23014705882353,6.14860465116279,6.52037037037037,6.68698162729659,299,136,43,54,381,25989,18031,7958,3031,4674,21315,6.84592731540267,7.0828873051966,6.30903040965067,6.31602771362587,6.83556974753958,6.84819854562515,90
"94",2017,12,6.74158291457286,398,6.91140410958904,6.27377358490566,6.21875,7.02456140350877,6.69428152492669,292,106,32,57,341,26387,18323,8064,3063,4731,21656,6.8443534695115,7.0801545052666,6.30856696428571,6.31501142670584,6.83784675544283,6.84577493535279,91
"95",2018,1,6.81706484641638,586,6.99660633484163,6.26597222222222,6.08148148148148,6.80486111111111,6.81877431906615,442,144,54,72,514,26973,18765,8208,3117,4803,22170,6.84376061246432,7.0781865707434,6.30781968810916,6.31096567212063,6.83735227982511,6.84514894000902,92
"96",2018,2,6.75263819095477,398,7.00424028268551,6.13347826086957,6.08,6.67857142857143,6.76476608187135,283,115,50,56,342,27371,19048,8323,3167,4859,22512,6.84243560702934,7.07708793574128,6.30541078937883,6.30731922955478,6.83552232969747,6.84392777185501,93
"97",2018,3,6.82322464673913,368,7.04558898496241,6.24333333333333,6.34666666666667,6.92156862745098,6.8074027444795,266,102,45,51,317,27739,19314,8425,3212,4910,22829,6.84218074443924,7.07665411980946,6.30465922848665,6.30787048567871,6.83641608961304,6.84342059091506,94
"98",2018,4,6.68520303116147,353,6.90208334677419,6.17295238095238,5.88461538461539,6.57142857142857,6.70354167763158,248,105,39,49,304,28092,19562,8530,3251,4959,23133,6.84020818524847,7.074440974338,6.30303798358734,6.3027929867733,6.83379774148014,6.84158238620153,95
"99",2018,5,6.62622356495468,331,7.02219730941704,5.80861111111111,5.64189189189189,6.60754716981132,6.62978417266187,223,108,37,53,278,28423,19785,8638,3288,5012,23411,6.83771622770292,7.07385212736922,6.29685621671683,6.29535583941606,6.83140522745411,6.83906733330486,96
"100",2018,6,6.67396432432432,296,6.99155168316832,5.99148936170213,5.8425,6.25076923076923,6.73818459143969,202,94,40,39,257,28719,19987,8732,3328,5051,23668,6.83602847522546,7.07302035222895,6.29356894182318,6.28991286057692,6.82692199564443,6.83797189369613,97
"101",2018,7,6.65885714285714,315,6.84846808510638,6.101875,5.96666666666667,6.53367346938775,6.68191729323308,235,80,30,49,266,29034,20222,8812,3358,5100,23934,6.83410628160088,7.07041082880032,6.29182864275987,6.28702501488982,6.82410450980392,6.83623751901061,98
"102",2018,8,6.73538529569892,372,6.92534104247104,6.3,6.24444444444444,6.938,6.71097388554217,259,113,36,40,332,29406,20481,8925,3394,5140,24266,6.8328574137931,7.06857629559104,6.29193210084034,6.28657336476134,6.82499085603113,6.83452370023902,99
"103",2018,9,6.67231833910035,289,6.88558974358974,6.22989361702128,6.34241379310345,6.7225,6.66425702811245,195,94,29,40,249,29695,20676,9019,3423,5180,24515,6.83129500286243,7.06685050831882,6.29128550837122,6.28704645048203,6.82419942084942,6.83279429369774,100
"104",2018,10,6.71165249291785,353,6.89555554216867,6.27134615384615,6.26470588235294,6.92,6.68121211038961,249,104,34,45,308,30048,20925,9123,3457,5225,24823,6.82988945820021,7.06481215961768,6.29105820453798,6.28682672837721,6.82502449760766,6.83091348507433,101
"105",2018,11,6.55354865633075,387,6.80239619217082,5.8938679245283,5.81463414634146,6.56551724137931,6.55143869300912,281,106,41,58,329,30435,21206,9229,3498,5283,25152,6.82637561261705,7.06133489436952,6.28649626178351,6.28129216695254,6.82217546848382,6.82725782323473,102
"106",2018,12,6.7479436997319,373,6.90110546875,6.41282051282051,6.33777777777778,6.6825,6.7558048048048,256,117,45,40,333,30808,21462,9346,3543,5323,25485,6.82542601824202,7.05942366834405,6.28807768029103,6.28200959638724,6.82112586887094,6.82632418167549,103
"107",2019,1,6.7253875,476,6.90121539589443,6.28125925925926,6.13641509433962,6.81966666666667,6.71178954326923,341,135,53,60,416,31284,21803,9481,3596,5383,25901,6.82390388761028,7.05694928312618,6.28798059276448,6.2798637374861,6.82110960430987,6.82448462298753,104
"108",2019,2,6.64577463556851,343,6.89639434782609,6.13566371681416,6.11780487804878,6.42162162162162,6.67287810457516,230,113,41,37,306,31627,22033,9594,3637,5420,26207,6.82197204666899,7.0552732682794,6.28618657494267,6.27803684355238,6.81838247232472,6.82271442439043,105
"109",2019,3,6.77570799472296,379,6.97400487179487,6.265,6.09459459459459,6.83125,6.76607842105263,273,106,37,56,323,32006,22306,9700,3674,5476,26530,6.82142420952321,7.05427863579306,6.28595505154639,6.27618943930321,6.81851406135866,6.82202488692047,106
"110",2019,4,6.89612472392638,326,7.07559938596491,6.47857142857143,6.58333333333333,7.04560975609756,6.87461985964912,228,98,33,41,285,32332,22534,9798,3707,5517,26815,6.82217740659409,7.0544943600781,6.28788160849153,6.27892365794443,6.82020174007613,6.82258388625769,107
"111",2019,5,6.59240506329114,316,6.9270202020202,6.03093220338983,6.02093023255814,6.29142857142857,6.62989323843416,198,118,43,35,281,32648,22732,9916,3750,5552,27096,6.81995344002695,7.05338403616048,6.28482392093586,6.27596533333334,6.81686833573487,6.82058558126661,108
"112",2019,6,6.67787485436893,309,6.81134259259259,6.3678852688172,6.10870361111111,6.6202380952381,6.68694131086142,216,93,36,42,267,32957,22948,10009,3786,5594,27363,6.81862133203872,7.05110580050549,6.28559569687282,6.27437488906498,6.81539202717197,6.81928152030114,109
"113",2019,7,6.71570347402597,308,6.94625193548387,6.16593406593407,5.90294117647059,6.59645161290323,6.72904935018051,217,91,34,31,277,33265,23165,10100,3820,5625,27640,6.81766841755599,7.0501235734945,6.28451755742574,6.27106893455498,6.81418542222222,6.81837723986975,110
"114",2019,8,6.66403183023873,377,7.00587786259542,5.88521739130435,5.47780487804878,6.85526315789474,6.64259587020649,262,115,41,38,339,33642,23427,10215,3861,5663,27979,6.81594673057488,7.0496287437572,6.28002225452766,6.26264525511526,6.81446106304079,6.81624743235998,111
"115",2019,9,6.80656357388316,291,7.07338461538462,6.26458333333333,6.45428571428571,6.95909090909091,6.77939271255061,195,96,35,44,247,33933,23622,10311,3896,5707,28226,6.81586626322459,7.0498248488697,6.27987851129861,6.2643668711499,6.81557613457158,6.81592492418338,112
"116",2019,10,6.73545538461538,325,7.00031601731602,6.08457446808511,6.17413793103448,6.54981578947368,6.76003484320557,231,94,29,38,287,34258,23853,10405,3925,5745,28513,6.8151034184716,7.04934538967845,6.27811411148486,6.26370021146497,6.8138182767624,6.81536235787185,113
"117",2019,11,6.57031847133758,314,6.7537668161435,6.12076923076923,6.03571428571429,6.5046511627907,6.58073800738007,223,91,28,43,271,34572,24076,10496,3953,5788,28784,6.81288016053454,7.04660764163482,6.27674993616616,6.26208533518847,6.81152142363511,6.81315338069761,114
"118",2019,12,6.6561398245614,399,6.88019529411765,6.17627299212598,6.17,6.4894,6.68002805157593,272,127,41,50,349,34971,24348,10623,3994,5838,29133,6.81109183895227,7.04474859126006,6.27554871505225,6.26114004256385,6.80876258992806,6.81155860021282,115
"119",2020,1,6.6692255862069,580,6.92228147058823,6.06895348837209,5.7875,6.69833333333333,6.66387926530612,408,172,64,90,490,35551,24756,10795,4058,5928,29623,6.80877734916036,7.04273022863144,6.27225697081983,6.2536701158206,6.80708603238866,6.80911580663674,116
"120",2020,2,6.60857462829736,417,6.94131163265306,5.81325203252033,5.89538461538462,6.70358490566038,6.59474071428571,294,123,39,53,364,35968,25050,10918,4097,5981,29987,6.80645627112989,7.04153992654691,6.26708591317091,6.25025953868685,6.80616886808226,6.80651359455764,117
"121",2020,3,6.72994205882353,374,6.91711629496403,6.18791666666667,6.140625,6.92857142857143,6.70943460176991,278,96,32,35,339,36342,25328,11014,4129,6016,30326,6.80566885394309,7.04017425339545,6.26639585981478,6.24940986437394,6.80688098404255,6.80542839444701,118
"122",2020,4,6.71264020588235,340,6.91621762264151,5.99333333333333,6.26551724137931,6.61428571428571,6.72392678688525,265,75,29,35,305,36682,25593,11089,4158,6051,30631,6.80480658524617,7.03889075762904,6.26454901253494,6.24952220538721,6.80576698066435,6.80461686396135,119
"123",2020,5,6.78940652818991,337,6.96501342741935,6.30007494382023,6.01388888888889,6.53571428571429,6.81880794701987,248,89,36,35,302,37019,25841,11178,4194,6086,30933,6.80466639185283,7.03818174567548,6.26483187242798,6.24749960181211,6.80421393361814,6.80475541201953,120
"124",2020,6,6.860421015625,256,7.06973262032086,6.29315623188406,6.30658444444444,6.95138888888889,6.84553536363636,187,69,27,36,220,37275,26028,11247,4221,6122,31153,6.8050493075788,7.03840842515752,6.2650056415044,6.2478775432362,6.80507938582163,6.80504339678362,121
"125",2020,7,6.66923631578947,323,6.91562864035088,6.07789473684211,5.96363636363636,6.84583333333333,6.63841210909091,228,95,33,48,275,37598,26256,11342,4254,6170,31428,6.80388255412522,7.03734223872639,6.26343841033327,6.2456725693465,6.80539643435981,6.8035853465063,122
"126",2020,8,6.68881027692308,325,6.95050598214286,6.10841584158416,5.805,6.54711538461538,6.71579978021978,224,101,40,52,273,37923,26480,11443,4294,6222,31701,6.80289638504338,7.03660767220544,6.26207012584112,6.24156756171402,6.80323786563806,6.80282936216523,123
"127",2020,9,6.66070469798658,298,6.94521327014218,5.97068965517241,5.52037037037037,6.89324324324324,6.62773946360153,211,87,27,37,261,38221,26691,11530,4321,6259,31962,6.80178775045132,7.03588517327938,6.25987150477016,6.23706112242537,6.80376993129893,6.80139958732245,124
"128",2020,10,6.59862170087977,341,6.85013157894737,6.09115044247788,5.98285714285714,6.355,6.63099667774086,228,113,35,40,301,38562,26919,11643,4356,6299,32263,6.79999117291634,7.03431186745421,6.25823399896934,6.23501862029385,6.80092014605493,6.79980980101045,125
"129",2020,11,6.63183407894737,456,6.88454639143731,5.99123775193798,5.64736842105263,6.95434782608696,6.5956496097561,327,129,38,46,410,39018,27246,11772,4394,6345,32673,6.79802593546568,7.0325144178962,6.25530819911655,6.22993652935822,6.80203246650906,6.79724787898265,126
"130",2020,12,6.66125668965517,435,6.92323297658863,6.08529411764706,5.70294117647059,6.58571428571429,6.66932992366412,299,136,34,42,393,39453,27545,11908,4428,6387,33066,6.79651794819152,7.031328171719,6.2533664863957,6.22589004290876,6.80060998904024,6.79572753311559,127
"131",2021,1,6.69687291417166,501,6.92478982404692,6.211125,6.37648648648649,6.6952380952381,6.69702250544662,341,160,37,42,459,39954,27886,12068,4465,6429,33525,6.79526845722581,7.03002538262928,6.25280644017236,6.22713798656215,6.79992160522632,6.79437613542133,128
"132",2021,2,6.67263586956522,368,6.92078431372549,6.11265486725664,5.92901970588235,6.43572641025641,6.70071936170213,255,113,34,39,329,40322,28141,12181,4499,6468,33854,6.79414924706116,7.02903549340819,6.25150629012396,6.22488503667482,6.79772562306741,6.79346596000473,129
"133",2021,3,6.59171171830986,355,6.85104739837398,6.00642201834862,5.85405405405405,6.39502380952381,6.61810434504792,246,109,37,42,313,40677,28387,12290,4536,6510,34167,6.79238251591809,7.02749305949907,6.24933263791701,6.22186018077601,6.795127546851,6.79185949220008,130
"134",2021,4,6.86720318493151,292,7.05973394366197,6.34810126582278,5.92105263157895,7.29736842105263,6.83726494505494,213,79,19,19,273,40969,28600,12369,4555,6529,34440,6.79291578827894,7.02773317517483,6.24996346673134,6.22060544017563,6.79658911471895,6.79221941347271,131
"135",2021,5,6.6602509939759,332,6.91895034042553,6.03350515463918,5.90322580645161,6.73958333333333,6.64684271126761,235,97,31,48,284,41301,28835,12466,4586,6577,34724,6.79184935618992,7.02684661487775,6.24827916893951,6.21846004797209,6.79617307739091,6.79103040922705,132
"136",2021,6,6.66443262411348,282,6.9059693877551,6.11395348837209,6.03870967741936,6.296875,6.71148,196,86,31,32,250,41583,29031,12552,4617,6609,34974,6.79098526465142,7.0260305239227,6.24735883683875,6.2172531470652,6.79375553487668,6.79046176960027,133
"137",2021,7,6.80319730612245,245,7.06960788235294,6.19933333333333,6.295,7.03076923076923,6.7761796347032,170,75,20,26,219,41828,29201,12627,4637,6635,35193,6.79105679449173,7.0262842190336,6.24707358200681,6.21758847962045,6.79468429992464,6.79037289432558,134
"138",2021,8,6.7796699669967,303,7.03894736842105,5.99146666666667,5.59285714285714,6.63666666666667,6.79538461538462,228,75,28,30,273,42131,29429,12702,4665,6665,35466,6.7909749020911,7.0263823262768,6.24556433002677,6.21383875241158,6.79397304276069,6.79041147211414,135
"139",2021,9,6.53498082758621,290,6.82184466019417,5.83148142857143,5.57333333333333,6.42894736842105,6.55097,206,84,30,38,252,42421,29635,12786,4695,6703,35718,6.78922486598619,7.02496053585288,6.24284393555451,6.20974606602769,6.79190367447412,6.78872214877653,136
"140",2021,10,6.59596619565217,276,6.80540781914894,6.14852272727273,5.92576923076923,6.50333333333333,6.60726288617886,188,88,26,30,246,42697,29823,12874,4721,6733,35964,6.78797561210389,7.02357650638769,6.24219920459842,6.2081821181953,6.79061790138126,6.78748093593594,137
"141",2021,11,6.61774303405573,323,6.88662612612613,6.02673267326733,5.76607142857143,6.8695652173913,6.57592418772563,222,101,28,46,277,43020,30045,12975,4749,6779,36241,6.7866974827987,7.02256459144616,6.2405219699422,6.20557544325121,6.79115361115209,6.7858639491184,138
"142",2021,12,6.61032183908046,435,6.82413333333333,6.13518518518519,5.78023255813954,6.25392156862745,6.65765625,300,135,43,51,384,43455,30345,13110,4792,6830,36625,6.78493189989644,7.02060283901796,6.239437266209,6.20175871869783,6.78714206881406,6.78451973733789,139
"143",2022,1,6.7002171451876,613,6.89689902050114,6.20399103448276,5.98529411764706,6.6530612244898,6.7043140248227,439,174,34,49,564,44068,30784,13284,4826,6879,37189,6.78375349051466,7.01883874155405,6.23897297500753,6.20023368835475,6.78618699374909,6.78330335556213,140
"144",2022,2,6.69537634408602,372,6.95881422924901,6.13529411764706,5.99230769230769,6.51935483870968,6.71137829912023,253,119,39,31,341,44440,31037,13403,4865,6910,37530,6.78301369981998,7.0183494480781,6.23805245094382,6.19856686125386,6.78498991751085,6.78264983986145,141
"145",2022,3,6.59960132890365,301,6.80900943396226,6.10078651685393,6.17241379310345,6.89666666666667,6.56671586715867,212,89,29,30,271,44741,31249,13492,4894,6940,37801,6.78177977291522,7.01692923997568,6.23714697598577,6.19841188802616,6.78547267002882,6.78110178275707,142
"146",2022,4,6.79860129411765,340,6.96094650205761,6.39190144329897,6.01964285714286,6.66756756756757,6.81460211221122,243,97,28,37,303,45081,31492,13589,4922,6977,38104,6.78190664049156,7.01649726343198,6.23825163293841,6.19739491670053,6.78484740289523,6.78136817473231,143
"147",2022,5,6.63816956647399,346,6.92513362869198,6.01422018348624,5.86129032258065,6.65487804878049,6.63592350819672,237,109,31,41,305,45427,31729,13698,4953,7018,38409,6.78081185044137,7.01581482208705,6.2364689326909,6.19529129416516,6.78408810629809,6.78021322085969,144
"148",2022,6,6.71958258258258,333,6.8694537815126,6.34411578947368,5.82275862068966,6.61336111111111,6.73245791245791,238,95,29,36,297,45760,31967,13793,4982,7054,38706,6.78036627906469,7.01472513811118,6.23721035597767,6.19312279807307,6.78321680323221,6.77984678344443,145
"149",2022,7,6.60999526690391,281,6.77383510526316,6.26791208791209,5.80818181818182,6.63558620689655,6.60705027777778,190,91,22,29,252,46041,32157,13884,5004,7083,38958,6.77932646119763,7.01330183661411,6.23741158455777,6.19143041167067,6.78261235775801,6.77872904846245,146
"150",2022,8,6.47820595541401,314,6.74053335,6.01798245614035,5.83275862068966,6.49342105263158,6.47611112318841,200,114,29,38,276,46355,32357,13998,5033,7121,39234,6.77728672786107,7.0116158429397,6.23562454922132,6.18936375521558,6.78106913776155,6.77660021766835,147
