"","year","month","avg_rating","no_ratings","avg_rating_owned","avg_rating_not_owned","avg_rating_prev_owned","avg_rating_comment","avg_rating_no_comment","no_ratings_owned","no_ratings_not_owned","no_ratings_prev_owned","no_ratings_comment","no_ratings_no_comment","cum_no_ratings","cum_no_ratings_owned","cum_no_ratings_not_owned","cum_no_ratings_prev_owned","cum_no_ratings_comment","cum_no_ratings_no_comment","cum_avg_rating","cum_avg_rating_owned","cum_avg_rating_not_owned","cum_avg_rating_prev_owned","cum_avg_rating_comment","cum_avg_rating_no_comment","month_after_release"
"1",2010,6,7.72155963302752,109,8.19,7.24444444444444,8,7.70609756097561,7.73088235294118,55,54,6,41,68,109,55,54,6,41,68,7.72155963302752,8.19,7.24444444444444,8,7.70609756097561,7.73088235294118,0
"2",2010,7,7.771875,64,8.35185185185185,7.34864864864865,7.3,7.45,7.91818181818182,27,37,5,20,44,173,82,91,11,61,112,7.74017341040462,8.24329268292683,7.28681318681319,7.68181818181818,7.62213114754098,7.80446428571428,1
"3",2010,8,7.4375,44,8.06818181818182,6.80681818181818,7.75,7.540625,7.37857142857143,22,22,2,16,28,217,104,113,13,77,140,7.67880184331797,8.20625,7.19336283185841,7.69230769230769,7.60519480519481,7.71928571428571,2
"4",2010,9,7.66571428571429,35,8.03571428571429,7.41904761904762,7.5,8.2,7.48076923076923,14,21,3,9,26,252,118,134,16,86,166,7.67698412698413,8.18601694915254,7.22873134328358,7.65625,7.66744186046512,7.68192771084337,3
"5",2010,10,7.32666666666667,45,7.76470588235294,7.06071428571429,7.625,7.12142857142857,7.41935483870968,17,28,4,14,31,297,135,162,20,100,197,7.62390572390572,8.13296296296296,7.19969135802469,7.65,7.591,7.64060913705584,4
"6",2010,11,7.56509433962264,53,8.22352941176471,7.25416666666667,6.55,7.15666666666667,7.72631578947368,17,36,4,15,38,350,152,198,24,115,235,7.615,8.14309210526316,7.20959595959596,7.46666666666667,7.53434782608696,7.65446808510638,5
"7",2010,12,7.5078947368421,57,8.365,7.04459459459459,7.16666666666667,6.62,7.825,20,37,3,15,42,407,172,235,27,130,277,7.6,8.16889534883721,7.1836170212766,7.43333333333333,7.42884615384615,7.68032490974729,6
"8",2011,1,7.57169811320755,53,7.80344827586207,7.29166666666667,7.4,7.15384615384615,7.7075,29,24,5,13,40,460,201,259,32,143,317,7.59673913043478,8.11616915422885,7.19362934362934,7.428125,7.40384615384615,7.68375394321767,7
"9",2011,2,7.77179487179487,39,8.02173913043478,7.4125,8.7,7.15714285714286,7.90625,23,16,3,7,32,499,224,275,35,150,349,7.61042084168337,8.10647321428571,7.20636363636364,7.53714285714286,7.39233333333333,7.7041547277937,8
"10",2011,3,7.30588235294118,34,7.53888888888889,7.04375,6.6,7.2375,7.32692307692308,18,16,5,8,26,533,242,291,40,158,375,7.59099437148218,8.06425619834711,7.19742268041237,7.42,7.38449367088608,7.678,9
"11",2011,4,7.63421052631579,38,7.92631578947368,7.34210526315789,7.625,7.34615384615385,7.784,19,19,4,13,25,571,261,310,44,171,400,7.5938704028021,8.05421455938697,7.20629032258064,7.43863636363636,7.38157894736842,7.684625,10
"12",2011,5,7.02903225806452,31,7.70833333333333,6.6,7,7.2,6.99615384615385,12,19,2,5,26,602,273,329,46,176,426,7.56478405315614,8.03901098901099,7.17127659574468,7.4195652173913,7.37642045454545,7.64260563380282,11
"13",2011,6,7.12142857142857,28,7.29285714285714,6.95,8,7.11,7.12777777777778,14,14,1,10,18,630,287,343,47,186,444,7.54507936507936,8.00261324041812,7.16224489795918,7.43191489361702,7.36209677419355,7.62173423423423,12
"14",2011,7,7.75,47,8.51315789473684,7.23214285714286,7.83333333333333,7.9,7.70945945945946,19,28,3,10,37,677,306,371,50,196,481,7.55930576070901,8.0343137254902,7.16752021563342,7.456,7.38954081632653,7.62848232848233,13
"15",2011,8,7.71857142857143,35,8.0675,7.25333333333333,9.5,7.95,7.626,20,15,2,10,25,712,326,386,52,206,506,7.56713483146067,8.03634969325153,7.17085492227979,7.53461538461538,7.41674757281553,7.62835968379447,14
"16",2011,9,7.87096774193548,31,8.17391304347826,7,7,8.26666666666667,7.62105263157895,23,8,1,12,19,743,349,394,53,218,525,7.57981157469717,8.04541547277937,7.16738578680203,7.52452830188679,7.46353211009174,7.62809523809524,15
"17",2011,10,7.555,40,8.30769230769231,7.19259259259259,7.8,7.27272727272727,7.66206896551724,13,27,5,11,29,783,362,421,58,229,554,7.57854406130268,8.05483425414364,7.16900237529691,7.54827586206897,7.45436681222707,7.62987364620939,16
"18",2011,11,7.47567567567568,37,8.54,6.75,7.25,8,7.3741935483871,15,22,2,6,31,820,377,443,60,235,585,7.57390243902439,8.07413793103448,7.14819413092551,7.53833333333333,7.46829787234043,7.61632478632479,17
"19",2011,12,7.555988,25,8.09,7.19998,7.4,7.23125,7.70880588235294,10,15,5,8,17,845,387,458,65,243,602,7.5733724260355,8.07454780361757,7.14989017467249,7.52769230769231,7.46049382716049,7.61893637873754,18
"20",2012,1,7.52040816326531,49,8.02777777777778,7.2258064516129,7.5,8.2,7.34615384615385,18,31,9,10,39,894,405,489,74,253,641,7.57046946308725,8.07246913580247,7.15470286298569,7.52432432432432,7.4897233201581,7.60233962558502,19
"21",2012,2,7.71489361702128,47,8.18181818181818,7.304,7.8,7.69285714285714,7.72424242424242,22,25,5,14,33,941,427,514,79,267,674,7.5776829968119,8.07810304449649,7.16196439688716,7.54177215189873,7.50037453183521,7.60830816023739,20
"22",2012,3,7.66860465116279,43,8,7.3804347826087,8.125,7.34375,7.86111111111111,20,23,4,16,27,984,447,537,83,283,701,7.58165619918699,8.07460850111857,7.17132160148976,7.56987951807229,7.49151943462897,7.6180452211127,21
"23",2012,4,7.46857142857143,35,8.1,7.09545454545455,6.9,7.45833333333333,7.47391304347826,13,22,5,12,23,1019,460,559,88,295,724,7.57777203140334,8.07532608695652,7.16833577817531,7.53181818181818,7.49016949152542,7.61346643646409,22
"24",2012,5,7.136,25,7.97,6.58,8,7.41666666666667,7.04736842105263,10,15,1,6,19,1044,470,574,89,301,743,7.56719319923371,8.07308510638298,7.15296114982578,7.53707865168539,7.48870431893688,7.59899017496635,23
"25",2012,6,7.45882352941176,34,7.94117647058824,6.97647058823529,7.5,7.00909090909091,7.67391304347826,17,17,2,11,23,1078,487,591,91,312,766,7.56377523191094,8.06848049281314,7.14788443316413,7.53626373626374,7.47179487179487,7.60123981723238,24
"26",2012,7,7.29184210526316,38,8.11764705882353,6.62333333333333,7,7.5,7.2175,17,21,1,10,28,1116,504,612,92,322,794,7.55451586021505,8.07013888888889,7.12988513071895,7.53043478260869,7.47267080745342,7.58770743073048,25
"27",2012,8,7.40526315789474,19,7.88888888888889,6.97,5.95,6.825,7.56,9,10,2,4,15,1135,513,622,94,326,809,7.55201735682819,8.06695906432749,7.12731463022508,7.4968085106383,7.46472392638037,7.58719369592089,26
"28",2012,9,7.01851851851852,27,7.7,6.61764705882353,7.5,7,7.02777777777778,10,17,3,9,18,1162,523,639,97,335,827,7.53962108433735,8.05994263862333,7.11375539906103,7.49690721649484,7.45223880597015,7.57501777509069,27
"29",2012,10,7.64166666666667,30,8.08076923076923,7.30588235294118,7.33333333333333,8.06,7.558,13,17,6,5,25,1192,536,656,103,340,852,7.54218934563758,8.06044776119403,7.11873429878049,7.4873786407767,7.46117647058824,7.57451842723005,28
"30",2012,11,7.23720930232558,43,7.76923076923077,7.00666666666667,6.25,7.27142857142857,7.22068965517241,13,30,8,14,29,1235,549,686,111,354,881,7.53157060728745,8.05355191256831,7.1138333819242,7.3981981981982,7.45367231638418,7.56287139614075,29
"31",2012,12,7.4525,20,7.6625,7.3125,7.83333333333333,7.33333333333333,7.47352941176471,8,12,3,3,17,1255,557,698,114,357,898,7.53031051792829,8.04793536804309,7.11724885386819,7.40964912280702,7.45266106442577,7.56118006681514,30
"32",2013,1,7.17794117647059,34,8,6.66904761904762,6.65625,6.675,7.3875,13,21,8,10,24,1289,570,719,122,367,922,7.52101605896043,8.04684210526316,7.10415813630042,7.36024590163934,7.43147138964578,7.55665911062907,31
"33",2013,2,7.53103448275862,29,8.11666666666667,7.11764705882353,6.75,6.91666666666667,7.69130434782609,12,17,4,6,23,1318,582,736,126,373,945,7.52123649468892,8.04828178694158,7.10446970108696,7.34087301587302,7.42319034852547,7.55993619047619,32
"34",2013,3,7.11753571428571,28,8.11666666666667,6.84504545454545,6.85,7.96516666666667,6.88636363636364,6,22,4,6,22,1346,588,758,130,379,967,7.51283855869242,8.04897959183674,7.09694023746702,7.32576923076923,7.43177044854881,7.54461189245088,33
"35",2013,4,7.61730769230769,26,8.06818181818182,7.28666666666667,7.16666666666667,8,7.5025,11,15,3,6,20,1372,599,773,133,385,987,7.51481829446064,8.04933222036728,7.10062186287193,7.32218045112782,7.44062597402598,7.54375856129686,34
"36",2013,5,7.40535714285714,28,8.10714285714286,6.70357142857143,6.625,7.87222222222222,7.18421052631579,14,14,4,9,19,1400,613,787,137,394,1006,7.51262907142857,8.05065252854812,7.09355870393901,7.30182481751825,7.45048477157361,7.53696789264413,35
"37",2013,6,7.290625,32,7.29411764705882,7.28666666666667,7.66666666666667,6.125,7.45714285714286,17,15,3,4,28,1432,630,802,140,398,1034,7.50766808659217,8.0302380952381,7.09717044887781,7.30964285714286,7.43716331658292,7.53480628626692,36
"38",2013,7,7.15416666666667,24,7.4,6.97857142857143,7.66666666666667,6.675,7.25,10,14,3,4,20,1456,640,816,143,402,1054,7.50184114010989,8.020390625,7.09513566176471,7.31713286713287,7.42957960199005,7.52940199240987,37
"39",2013,8,7.33333333333333,21,8.1,6.63636363636364,9,5.83333333333333,7.58333333333333,10,11,1,3,18,1477,650,827,144,405,1072,7.49944529451591,8.02161538461539,7.08903349455865,7.32881944444444,7.41775555555556,7.53030755597015,38
"40",2013,9,7.55178571428571,28,7.85555555555556,7.40789473684211,7.5,7.47,7.59722222222222,9,19,5,10,18,1505,659,846,149,415,1090,7.50041906976744,8.01934749620637,7.09619468085106,7.33456375838926,7.41901445783133,7.53141256880734,39
"41",2013,10,7.42307692307692,26,7.65384615384615,7.19230769230769,7.78571428571429,7.9,7.125,13,13,7,10,16,1531,672,859,156,425,1106,7.49910561724363,8.01227678571429,7.09764924330617,7.35480769230769,7.43033176470588,7.52553318264014,40
"42",2013,11,7.16527777777778,36,7.9725,6.15625,6.8,7.52222222222222,7.0462962962963,20,16,5,9,27,1567,692,875,161,434,1133,7.4914363114231,8.01112716763006,7.08043508571429,7.33757763975155,7.43223732718894,7.51411270962048,41
"43",2013,12,7,22,8,6,6.5,7.16666666666667,6.9375,11,11,3,6,16,1589,703,886,164,440,1149,7.48463228445563,8.01095305832148,7.06702110609481,7.32225609756097,7.42861590909091,7.50608328981723,42
"44",2014,1,7.24027777777778,36,8.28333333333333,6.71875,6.125,7.47222222222222,7.16296296296296,12,24,4,9,27,1625,715,910,168,449,1176,7.47921889230769,8.01552447552448,7.05783593406593,7.29375,7.42948997772829,7.49820552721088,43
"45",2014,2,7.70555555555556,18,8.4,7.01111111111111,6,7.16666666666667,7.975,9,9,1,6,12,1643,724,919,169,455,1188,7.48169853925745,8.02030386740332,7.05737834602829,7.28609467455621,7.42602417582418,7.50302163299663,44
"46",2014,3,7.65,20,7.85,7.51666666666667,8.3,8,7.58823529411765,8,12,3,3,17,1663,732,931,172,458,1205,7.48372260974143,8.01844262295082,7.06329828141783,7.30377906976744,7.42978384279476,7.50422381742738,45
"47",2014,4,7.42391304347826,23,8.05769230769231,6.6,6.75,7.9375,7.31578947368421,13,10,4,4,19,1686,745,941,176,462,1224,7.48290670225385,8.01912751677852,7.05837481402763,7.29119318181818,7.43417965367965,7.5012987745098,46
"48",2014,5,7.875,22,8.575,7.29166666666667,7,8.45833333333333,7.65625,10,12,1,6,16,1708,755,953,177,468,1240,7.48795708430913,8.02649006622516,7.06131238195173,7.28954802259887,7.44730982905983,7.50329814516129,47
"49",2014,6,7.95238095238095,21,8.35,7.59090909090909,7.75,7.4,8.125,10,11,4,5,16,1729,765,964,181,473,1256,7.4935978600347,8.03071895424836,7.06735549792531,7.29972375690608,7.44680972515856,7.51121791401274,48
"50",2014,7,7.95,10,7.83333333333333,8,9,7.5,8.0625,3,7,1,2,8,1739,768,971,182,475,1264,7.49622236917769,8.02994791666666,7.07407899073121,7.30906593406593,7.44703368421053,7.51470704113924,49
"51",2014,8,7.25,19,8.19444444444444,6.4,7,7.5625,7.16666666666667,9,10,3,4,15,1758,777,981,185,479,1279,7.49356126279863,8.03185328185328,7.06720764525994,7.30405405405405,7.44799791231733,7.51062525410477,50
"52",2014,9,7.55882352941176,17,8.41666666666667,7.09090909090909,8,9,7.36666666666667,6,11,3,2,15,1775,783,992,188,481,1294,7.49418630985915,8.03480204342273,7.06747046370968,7.31515957446809,7.45445114345114,7.50895649149923,51
"53",2014,10,7.63529411764706,17,8.41666666666667,7.20909090909091,8,7.6,7.65,6,11,3,5,12,1792,789,1003,191,486,1306,7.49552494419643,8.03770595690747,7.06902362911266,7.32591623036649,7.45594855967078,7.51025245022971,52
"54",2014,11,7.49285714285714,14,8.1125,6.66666666666667,6.66666666666667,6.5,7.65833333333333,8,6,3,2,12,1806,797,1009,194,488,1318,7.49550426356589,8.03845671267252,7.06663102081269,7.31572164948454,7.45203073770492,7.51160068285281,53
"55",2014,12,7.35952380952381,21,8.17083333333333,6.27777777777778,8.25,7.38888888888889,7.3375,12,9,2,9,12,1827,809,1018,196,497,1330,7.49394126984127,8.04042027194066,7.0596568762279,7.32525510204082,7.45088732394366,7.51002984962406,54
"56",2015,1,7.7125,16,8.16666666666667,7.44,7.2,9.5,7.45714285714286,6,10,5,2,14,1843,815,1028,201,499,1344,7.49583868692349,8.04134969325153,7.06335671206226,7.32213930348259,7.4591002004008,7.50947894345238,55
"57",2015,2,7.23333333333333,15,7.91666666666667,6.77777777777778,8,9,6.96153846153846,6,9,1,2,13,1858,821,1037,202,501,1357,7.49371942949408,8.04043848964677,7.06087820636451,7.32549504950495,7.46525149700599,7.50422969786293,56
"58",2015,3,7.37222222222222,18,7.30833333333333,7.5,7.5,7.04285714285714,7.58181818181818,12,6,3,7,11,1876,833,1043,205,508,1368,7.49255367803838,8.02989195678271,7.06340431447747,7.3280487804878,7.45943110236221,7.50485358187134,57
"59",2015,4,7.59375,16,8.85,6.84,6,6.75,7.875,6,10,3,4,12,1892,839,1053,208,512,1380,7.49340946088795,8.0357568533969,7.06128271604938,7.30889423076923,7.453888671875,7.50807224637681,58
"60",2015,5,7.640625,16,8.025,7,7.5,6,7.875,10,6,2,2,14,1908,849,1059,210,514,1394,7.49464397274633,8.03563015312132,7.06093550519358,7.31071428571429,7.44823151750973,7.51175731707317,59
"61",2015,6,6.6125,16,7.33333333333333,6.44615384615385,6.76666666666667,6.325,6.70833333333333,3,13,3,4,12,1924,852,1072,213,518,1406,7.48730805613305,8.0331572769953,7.05348013059702,7.30305164319249,7.43955791505792,7.50490021337126,60
"62",2015,7,7.51,20,8.43333333333333,6.75454545454545,6.26666666666667,6.9,7.83846153846154,9,11,3,7,13,1944,861,1083,216,525,1419,7.48754151234568,8.03734030197445,7.05044385964912,7.28865740740741,7.43236380952381,7.50795609584214,61
"63",2015,8,7.31666666666667,18,8.7,6.78461538461538,6.4,6.2,7.74615384615385,5,13,5,5,13,1962,866,1096,221,530,1432,7.48597385321101,8.0411662817552,7.04729078467153,7.26855203619909,7.42073773584906,7.51011850558659,62
"64",2015,9,7.49285714285714,14,8.78,6.77777777777778,9,4,7.76153846153846,5,9,1,1,13,1976,871,1105,222,531,1445,7.48602262145749,8.04540757749713,7.0450956561086,7.27635135135135,7.41429566854991,7.51238041522491,63
"65",2015,10,7.55357142857143,28,7.84285714285714,7.26428571428571,6.8,7.61428571428571,7.53333333333333,14,14,1,7,21,2004,885,1119,223,538,1466,7.48696641716567,8.04220338983051,7.04783798033959,7.27421524663677,7.41689776951673,7.51268055934515,64
"66",2015,11,7.63888888888889,18,8.41666666666667,7.25,7.33333333333333,8,7.61764705882353,6,12,3,1,17,2022,891,1131,226,539,1483,7.48831884272997,8.04472502805836,7.04998293545535,7.275,7.41797959183674,7.513883816588,65
"67",2015,12,7.58,15,7.37,8,NA,7.83333333333333,7.51666666666667,10,5,0,3,12,2037,901,1136,226,542,1495,7.48899396170839,8.03723640399556,7.05416434859155,7.275,7.42027859778598,7.51390615384615,66
"68",2016,1,7.08823529411765,17,7.91666666666667,6.63636363636364,6.66666666666667,7.66666666666667,6.96428571428571,6,11,3,3,14,2054,907,1147,229,545,1509,7.4856770691334,8.0364388092613,7.05015754141238,7.26703056768559,7.42163486238532,7.5088069582505,67
"69",2016,2,7.51470588235294,17,8.375,7.25,8.25,NA,7.51470588235294,4,13,2,0,17,2071,911,1160,231,545,1526,7.48591535490101,8.03792535675082,7.05239715517241,7.27554112554112,7.42163486238532,7.50887267365662,68
"70",2016,3,6.80416666666667,24,7.51428571428571,6.51176470588235,6,6.0625,6.9525,7,17,2,4,20,2095,918,1177,233,549,1546,7.47810534606205,8.03393246187363,7.04458853016143,7.26459227467811,7.41173224043716,7.50167509702458,69
"71",2016,4,7.65,10,9.33333333333333,6.92857142857143,NA,8.5,7.4375,3,7,0,2,8,2105,921,1184,233,551,1554,7.47892194774347,8.03816503800217,7.04390261824324,7.26459227467811,7.41568239564428,7.50134472329472,70
"72",2016,5,7.28235294117647,17,7.53,6.92857142857143,7,6.83333333333333,7.37857142857143,10,7,2,3,14,2122,931,1191,235,554,1568,7.47734717247879,8.03270676691729,7.0432247691016,7.26234042553191,7.41252888086643,7.50024853316326,71
"73",2016,6,7.03529411764706,17,7.78571428571429,6.51,5.5,7.25,7.00666666666667,7,10,2,2,15,2139,938,1201,237,556,1583,7.47383389434315,8.03086353944563,7.03878492922565,7.24746835443038,7.41194424460432,7.49557150979153,72
"74",2016,7,6.81666666666667,18,7.2,6.625,7.425,5.94,7.15384615384615,6,12,4,5,13,2157,944,1213,241,561,1596,7.46834988409828,8.02558262711864,7.03469142621599,7.25041493775934,7.39882531194296,7.49278803258145,73
"75",2016,8,7.6,16,8.43333333333333,7.1,7.33333333333333,7.1,7.82727272727273,6,10,3,5,11,2173,950,1223,244,566,1607,7.46931923607915,8.02815789473684,7.03522542927228,7.25143442622951,7.39618551236749,7.49507759800871,74
"76",2016,9,7.2952380952381,21,7.4375,7.20769230769231,7.5,7.6,7.2,8,13,7,5,16,2194,958,1236,251,571,1623,7.46765300820419,8.0232254697286,7.0370394012945,7.25836653386454,7.39797022767076,7.49216863832409,75
"77",2016,10,7.20166666666667,12,8.184,6.5,NA,7.25,7.192,5,7,0,2,10,2206,963,1243,251,573,1633,7.46620611967362,8.02406022845275,7.03401504424779,7.25836653386454,7.3974537521815,7.49033049601959,76
"78",2016,11,7.42,15,7.9375,6.82857142857143,7,7,7.525,8,7,4,3,12,2221,971,1250,255,576,1645,7.4658940567312,8.02334706488156,7.03286456,7.2543137254902,7.39538368055556,7.49058340425532,77
"79",2016,12,6.98125,16,7.8,6.60909090909091,7.16666666666667,7.25,6.89166666666667,5,11,3,4,12,2237,976,1261,258,580,1657,7.46242767098793,8.02220286885246,7.02916788263283,7.25329457364341,7.39438103448276,7.48624604707302,78
"80",2017,1,7.08823529411765,17,7.41666666666667,6.90909090909091,7.5,7.16666666666667,7.07142857142857,6,11,4,3,14,2254,982,1272,262,583,1671,7.45960545696539,8.01850305498982,7.02812948113208,7.25706106870229,7.39320926243568,7.48277061639737,79
"81",2017,2,7.25238095238095,21,8.25,6.34545454545455,6.8,4.5,7.54210526315789,10,11,1,2,19,2275,992,1283,263,585,1690,7.45769261538461,8.02083669354839,7.02227646141855,7.25532319391635,7.38331794871795,7.48343769230769,80
"82",2017,3,7.53571428571429,14,7.55,7.5,8,7,7.57692307692308,10,4,1,1,13,2289,1002,1287,264,586,1703,7.45816981214504,8.0161377245509,7.02376122766123,7.25814393939394,7.3826638225256,7.48415132119788,81
"83",2017,4,7.32692307692308,13,7.83333333333333,6.89285714285714,7,7,7.35416666666667,6,7,3,1,12,2302,1008,1294,267,587,1715,7.45742862728062,8.0150496031746,7.02305309119011,7.25524344569288,7.38201192504259,7.48324180758017,82
"84",2017,5,7.31764705882353,17,8.60833333333333,6.61363636363636,6.66666666666667,6,7.86666666666667,6,11,3,5,12,2319,1014,1305,270,592,1727,7.45640392410522,8.01856015779093,7.01960206896552,7.2487037037037,7.37033952702703,7.48590602200347,83
"85",2017,6,7.33222222222222,9,7.66666666666667,7.165,6,8,6.99833333333333,3,6,1,3,6,2328,1017,1311,271,595,1733,7.45592384020619,8.0175221238938,7.02026750572082,7.24409594095941,7.37351428571429,7.4842179457588,84
"86",2017,7,7.1,5,8.16666666666667,5.5,6,6.25,7.66666666666667,3,2,1,2,3,2333,1020,1313,272,597,1736,7.45516103729104,8.01796078431372,7.01795178979436,7.23952205882353,7.36975041876047,7.48453323732719,85
"87",2017,8,6.87777777777778,9,7.15,6.33333333333333,6.5,7,6.8625,6,3,2,1,8,2342,1026,1316,274,598,1744,7.45294222886422,8.01288499025341,7.01639110942249,7.23412408759124,7.36913210702341,7.48167987385321,86
"88",2017,9,7.33571428571429,21,8.04166666666667,7.05333333333333,7.5,7.2,7.36764705882353,6,15,2,4,17,2363,1032,1331,276,602,1761,7.45190042319086,8.01305232558139,7.01680743801653,7.23605072463768,7.36800830564784,7.48057904599659,87
"89",2017,10,6.475,16,7.4,6.05454545454545,7.125,6.4,6.50909090909091,5,11,4,5,11,2379,1037,1342,280,607,1772,7.44533026481715,8.01009643201543,7.00892004470939,7.23446428571429,7.36003459637562,7.47454836343115,88
"90",2017,11,7.13529411764706,17,8.2,6.80769230769231,6.6,7.33333333333333,7.09285714285714,4,13,5,3,14,2396,1041,1355,285,610,1786,7.44313050918197,8.01082612872238,7.00698944649446,7.22333333333333,7.35990327868853,7.47155638297872,89
"91",2017,12,7.00714285714286,14,7.58333333333333,6.575,7,5,7.34166666666667,6,8,1,2,12,2410,1047,1363,286,612,1798,7.44059780082987,8.00837631327602,7.00445392516508,7.22255244755245,7.35219117647059,7.47068948832035,90
"92",2018,1,6.83333333333333,9,7,6.75,NA,NA,6.83333333333333,3,6,0,0,9,2419,1050,1369,286,612,1807,7.43833844563869,8.00549523809524,7.00333871439007,7.22255244755245,7.35219117647059,7.46751505257332,91
"93",2018,2,6.725,12,6.83333333333333,6.61666666666667,6.425,NA,6.725,6,6,4,0,12,2431,1056,1375,290,612,1819,7.43481723570547,7.99883522727272,7.00165141818182,7.21155172413793,7.35219117647059,7.46261665750412,92
"94",2018,3,6.31071428571429,14,8,5.37222222222222,7,5.05,6.52083333333333,5,9,1,2,12,2445,1061,1384,291,614,1831,7.42838065439673,7.99884071630537,6.99105541907515,7.21082474226804,7.34469218241043,7.45644440196614,93
"95",2018,4,6.675,12,7,6.56666666666667,6,4,6.91818181818182,3,9,1,1,11,2457,1064,1393,292,615,1842,7.42470113960114,7.99602443609022,6.98831349605169,7.20667808219178,7.33925365853659,7.45323002171552,94
"96",2018,5,6.8,5,7.5,4,4,NA,6.8,4,1,1,0,5,2462,1068,1394,293,615,1847,7.42343245329001,7.99416666666666,6.98616979913917,7.1957337883959,7.33925365853659,7.45146166756903,95
"97",2018,6,7.02857142857143,7,9.1,6.2,6.5,7.23333333333333,6.875,2,5,2,3,4,2469,1070,1399,295,618,1851,7.42231296071284,7.99623364485981,6.98336004288778,7.19101694915254,7.33873948220065,7.45021593733117,96
"98",2018,7,6.8,11,7.2,6.57142857142857,8,7.9,6.55555555555556,4,7,1,2,9,2480,1074,1406,296,620,1860,7.4195527016129,7.99326815642458,6.98130917496444,7.19375,7.34055,7.44588693548387,97
"99",2018,8,6.36875,16,7.83333333333333,6.03076923076923,8.13333333333333,6.9,6.29285714285714,3,13,3,2,14,2496,1077,1419,299,622,1874,7.41281678685897,7.9928226555246,6.97260091613813,7.20317725752508,7.33913344051447,7.43727305229456,98
"100",2018,9,6.77272727272727,11,9,6.27777777777778,7,7.5,6.35714285714286,2,9,2,4,7,2507,1079,1428,301,626,1881,7.41000825688073,7.99468952734013,6.96822177871149,7.20182724252492,7.34016134185304,7.43325342902711,99
"101",2018,10,7.21111111111111,18,7.63,6.6875,6.4,7.4,7.13846153846154,10,8,5,5,13,2525,1089,1436,306,631,1894,7.40859037623762,7.99134067952249,6.96665786908078,7.18872549019608,7.34063549920761,7.43123004223865,100
"102",2018,11,6.57142857142857,7,7.66666666666667,5.75,NA,NA,6.57142857142857,3,4,0,0,7,2532,1092,1440,306,631,1901,7.4062759478673,7.99044871794871,6.96327826388889,7.18872549019608,7.34063549920761,7.4280640189374,101
"103",2018,12,7.42857142857143,7,7.25,7.66666666666667,NA,6.5,7.8,4,3,0,2,5,2539,1096,1443,306,633,1906,7.40633741630563,7.98774635036496,6.96474060984061,7.18872549019608,7.3379794628752,7.42903971668415,102
"104",2019,1,6.16666666666667,9,7,5.75,6.25,5,6.3125,3,6,2,1,8,2548,1099,1449,308,634,1914,7.40195867346939,7.9850500454959,6.95971062801932,7.18262987012987,7.33429179810726,7.42437288401254,103
"105",2019,2,7.44,15,7.58333333333333,7.34444444444444,7.5,7.68,7.32,6,9,2,5,10,2563,1105,1458,310,639,1924,7.40218131096371,7.98286877828054,6.96208552812071,7.18467741935484,7.33699687010955,7.4238304054054,104
"106",2019,3,7.23529411764706,17,7.75,6.95454545454545,6.66666666666667,7,7.36363636363636,6,11,3,6,11,2580,1111,1469,313,645,1935,7.40108166666666,7.98161116111611,6.96202906739278,7.1797124600639,7.33386201550388,7.42348821705426,105
"107",2019,4,6.91666666666667,12,7.625,6.5625,5.9,7,6.88888888888889,4,8,5,3,9,2592,1115,1477,318,648,1944,7.39883900462963,7.98033183856502,6.95986506431957,7.15959119496855,7.33231635802469,7.42101322016461,106
"108",2019,5,7.35714285714286,7,8,7.1,5,5,7.75,2,5,1,1,6,2599,1117,1482,319,649,1950,7.39872670257791,7.98036705461056,6.96033785425101,7.15282131661442,7.32872265023113,7.42202548717949,107
"109",2019,6,7.125,8,7,7.5,NA,9,6.85714285714286,6,2,0,1,7,2607,1123,1484,319,650,1957,7.39788672803989,7.97512911843277,6.96106516172507,7.15282131661442,7.33129384615385,7.42000495656617,108
"110",2019,7,7.85714285714286,7,8.33333333333333,7.5,7.5,8,7.75,3,4,2,3,4,2614,1126,1488,321,653,1961,7.39911656465187,7.97608348134991,6.96251391129032,7.15498442367601,7.33436600306279,7.42067807241203,109
"111",2019,8,7.28333333333333,12,8.25,7.09,6.5,7.3,7.27142857142857,2,10,2,5,7,2626,1128,1498,323,658,1968,7.39858747143945,7.97656914893617,6.96336495327103,7.15092879256966,7.33410486322189,7.42014720528455,110
"112",2019,9,6.84615384615385,13,7.64285714285714,5.91666666666667,7.25,7,6.8,7,6,2,3,10,2639,1135,1504,325,661,1978,7.39586612353164,7.97451101321586,6.95918929521277,7.15153846153846,7.33258850226929,7.4170119817998,111
"113",2019,10,7.325,8,8.03333333333333,6.9,6,7,7.86666666666667,3,5,2,5,3,2647,1138,1509,327,666,1981,7.39565194559879,7.97466608084358,6.95899317428761,7.14449541284404,7.33009159159159,7.41769293286219,112
"114",2019,11,7.54285714285714,7,7.66666666666667,7.45,NA,7.5,7.56,3,4,0,2,5,2654,1141,1513,327,668,1986,7.39604020346646,7.97385626643295,6.96029127561137,7.14449541284404,7.3306002994012,7.41805120845921,113
"115",2019,12,7.15384615384615,13,7.53333333333333,6.82857142857143,7.9,7.875,6.83333333333333,6,7,2,4,9,2667,1147,1520,329,672,1995,7.39485965504312,7.9715518744551,6.95968467105263,7.14908814589666,7.33384077380953,7.41541338345865,114
"116",2020,1,6.2,10,4.5,6.625,6.66666666666667,6.4,6,2,8,3,5,5,2677,1149,1528,332,677,2000,7.39039622711991,7.9655091383812,6.95793239528796,7.14472891566265,7.32694387001477,7.41187485,115
"117",2020,2,7.475,12,7.81666666666667,7.13333333333333,6.93333333333333,6.5,7.67,6,6,3,2,10,2689,1155,1534,335,679,2010,7.39077378207512,7.96473593073593,6.95861844850065,7.14283582089552,7.32450810014728,7.41315905472637,116
"118",2020,3,7.41285714285714,7,8,6.9725,7,NA,7.41285714285714,3,4,1,0,7,2696,1158,1538,336,679,2017,7.39083112017804,7.96482728842832,6.95865455136541,7.14241071428571,7.32450810014728,7.413158006941,117
"119",2020,4,7.83333333333333,6,7.75,8,9,8,7.8,4,2,1,1,5,2702,1162,1540,337,680,2022,7.39181373056995,7.96408777969019,6.96000694805195,7.14792284866469,7.32550147058824,7.41411458951533,118
"120",2020,5,6.85,8,6.825,6.875,NA,7.65,6.58333333333333,4,4,0,2,6,2710,1166,1544,337,682,2028,7.3902142804428,7.96018010291595,6.95978672279793,7.14792284866469,7.32645307917889,7.41165665680473,119
"121",2020,6,7.7,5,8,6.5,6.5,7.5,7.83333333333333,4,1,1,2,3,2715,1170,1545,338,684,2031,7.39078478821363,7.96031623931624,6.95948912621359,7.14600591715976,7.32696052631579,7.41227951747907,120
"122",2020,7,8,7,8.33333333333333,7.75,6,8,8,3,4,1,2,5,2722,1173,1549,339,686,2036,7.39235146950771,7.96127024722932,6.96153047127179,7.14262536873156,7.32892274052478,7.4137228388998,121
"123",2020,8,6.55,5,7.25,5.5,NA,6.25,6.625,3,2,0,1,4,2727,1176,1551,339,687,2040,7.39080700403373,7.95945578231292,6.95964584139265,7.14262536873156,7.32735225618632,7.41217632352941,122
"124",2020,9,6.66666666666667,12,7.5,6.5,7.5,7,6.6,2,10,2,2,10,2739,1178,1561,341,689,2050,7.38763442862358,7.95867572156197,6.95670128122998,7.14472140762463,7.32640203193034,7.40821448780488,123
"125",2020,10,6.21717181818182,11,6.2972225,6.17142857142857,NA,5,6.338889,4,7,0,1,10,2750,1182,1568,341,690,2060,7.38295257818181,7.95305320642978,6.9531955994898,7.14472140762463,7.32303043478261,7.40302358737864,124
"126",2020,11,6.66666666666667,9,8.125,5.5,6,5.25,7.07142857142857,4,5,1,2,7,2759,1186,1573,342,692,2067,7.3806160166727,7.95363312816188,6.9485764144946,7.14137426900585,7.31703901734104,7.40190062409289,125
"127",2020,12,7.04545454545455,11,7.5,6.25,7,6.16666666666667,7.375,7,4,1,3,8,2770,1193,1577,343,695,2075,7.37928505054151,7.95097140821458,6.9468045022194,7.14096209912536,7.31207338129497,7.40179691084337,126
"128",2021,1,7.31111111111111,9,8,6.76,6.5,NA,7.31111111111111,4,5,1,0,9,2779,1197,1582,344,695,2084,7.37906426412378,7.95113524644945,6.94621409608091,7.1390988372093,7.31207338129497,7.40140527351247,127
"129",2021,2,6.51142857142857,7,8.66666666666667,4.895,NA,4.52666666666667,8,3,4,0,3,4,2786,1200,1586,344,698,2088,7.37688427494616,7.952924075,6.94104079445145,7.1390988372093,7.30010171919771,7.40255200670498,128
"130",2021,3,7.9,4,7.25,8.55,NA,NA,7.9,2,2,0,0,4,2790,1202,1588,344,698,2092,7.37763426164874,7.95175448419301,6.94306719143577,7.1390988372093,7.30010171919771,7.4035031500956,129
"131",2021,4,6,4,7,5.66666666666667,NA,NA,6,1,3,0,0,4,2794,1203,1591,344,698,2096,7.37566198639942,7.95096333333333,6.94066040226273,7.1390988372093,7.30010171919771,7.40082470896946,130
"132",2021,5,7.25833333333333,12,8.32,6.5,5,9,6.91,5,7,1,2,10,2806,1208,1598,345,700,2106,7.37516022451888,7.95249080298013,6.93873010012516,7.13289855072464,7.30495857142857,7.39849410731244,131
"133",2021,6,6.875,8,8,6.2,NA,5.5,7.33333333333333,3,5,0,2,6,2814,1211,1603,345,702,2112,7.37373830490405,7.95260849710982,6.9364258889582,7.13289855072464,7.29981623931624,7.39830899147727,132
"134",2021,7,6.45,4,5,6.93333333333333,7,7,6.26666666666667,1,3,1,1,3,2818,1212,1606,346,703,2115,7.37242710787792,7.95017235148515,6.9364201120797,7.13251445086705,7.29938975817923,7.3967038250591,133
"135",2021,8,7.5,10,7.7,7.3,7.5,7.125,7.75,5,5,2,4,6,2828,1217,1611,348,707,2121,7.37287821428571,7.9491445275267,6.93754854127871,7.13462643678161,7.29840311173975,7.3977032484677,134
"136",2021,9,7.94,5,8.175,7,NA,NA,7.94,4,1,0,0,5,2833,1221,1612,348,707,2126,7.37387913519237,7.94988443079443,6.93758728287841,7.13462643678161,7.29840311173975,7.3989786406397,135
"137",2021,10,6.42857142857143,7,8.66666666666667,4.75,NA,10,5.83333333333333,3,4,0,1,6,2840,1224,1616,348,708,2132,7.37154915140845,7.95164125,6.93217246287129,7.13462643678161,7.30221892655367,7.39457250938086,136
"138",2021,11,7.2625,8,8.33333333333333,6.62,5.7,8,7.15714285714286,3,5,3,1,7,2848,1227,1621,351,709,2139,7.37124283356741,7.95257448247759,6.93120956199876,7.12236467236467,7.30320310296192,7.39379550724637,137
"139",2021,12,7.525,8,7.8,7.06666666666667,7.6,7.1,7.66666666666667,5,3,1,2,6,2856,1232,1624,352,711,2145,7.37167352591036,7.95195526785714,6.93145979064039,7.12372159090909,7.30263150492265,7.39455878321678,138
"140",2022,1,6.05555555555556,9,NA,6.05555555555556,6,NA,6.05555555555556,0,9,2,0,9,2865,1232,1633,354,711,2154,7.36753912390925,7.95195526785714,6.9266323943662,7.11737288135593,7.30263150492265,7.38896406220984,139
"141",2022,2,6.875,16,6.85714285714286,6.88888888888889,5.5,7.25,6.75,7,9,2,4,12,2881,1239,1642,356,715,2166,7.36480374522735,7.94576988700565,6.92642551766139,7.10828651685393,7.30233706293706,7.38542409510618,140
"142",2022,3,7.2125,8,8.25,6.86666666666667,5.75,7.6,7.08333333333333,2,6,2,2,6,2889,1241,1648,358,717,2172,7.36438199723087,7.94626018533441,6.92620794902913,7.10069832402235,7.30316736401674,7.38458959023941,141
"143",2022,4,6.5,7,6.5,6.5,NA,6.5,6.5,2,5,0,2,5,2896,1243,1653,358,719,2177,7.36229267610497,7.94393313757039,6.924918753781,7.10069832402235,7.30093324061196,7.3825579191548,142
"144",2022,5,6.54166666666667,6,8.25,5.6875,5,5,6.85,2,4,1,1,5,2902,1245,1657,359,720,2182,7.36059599931082,7.94442481124498,6.92193162341581,7.09484679665738,7.2977375,7.3813375756187,143
"145",2022,6,6.31,10,7.85,5.925,6.5,7.83333333333333,5.65714285714286,2,8,2,3,7,2912,1247,1665,361,723,2189,7.35698818337912,7.9442733680834,6.91714156156156,7.0915512465374,7.29995988934993,7.37582393330288,144
"146",2022,7,7.725,4,7.3,9,NA,7,7.96666666666667,3,1,0,1,3,2916,1250,1666,361,724,2192,7.35749300068587,7.942727112,6.91839177671068,7.0915512465374,7.2995455801105,7.37663256843066,145
"147",2022,8,7.43333333333333,12,7.8,7.17142857142857,6,8,7.24444444444444,5,7,1,3,9,2928,1255,1673,362,727,2201,7.35780382172131,7.94215847808765,6.91945050806934,7.08853591160221,7.30243603851444,7.37609204452521,146
