"","year","month","avg_rating","no_ratings","avg_rating_owned","avg_rating_not_owned","avg_rating_prev_owned","avg_rating_comment","avg_rating_no_comment","no_ratings_owned","no_ratings_not_owned","no_ratings_prev_owned","no_ratings_comment","no_ratings_no_comment","cum_no_ratings","cum_no_ratings_owned","cum_no_ratings_not_owned","cum_no_ratings_prev_owned","cum_no_ratings_comment","cum_no_ratings_no_comment","cum_avg_rating","cum_avg_rating_owned","cum_avg_rating_not_owned","cum_avg_rating_prev_owned","cum_avg_rating_comment","cum_avg_rating_no_comment","month_after_release"
"1",2001,6,5.5,2,7,4,NA,NA,5.5,1,1,0,0,2,2,1,1,0,0,2,5.5,7,4,NA,NA,5.5,0
"2",2001,8,6,2,NA,6,NA,NA,6,0,2,0,0,2,4,1,3,0,0,4,5.75,7,5.33333333333333,NA,NA,5.75,2
"3",2001,9,6,3,6.5,5,NA,6.5,5,2,1,0,2,1,7,3,4,0,2,5,5.85714285714286,6.66666666666667,5.25,NA,6.5,5.6,3
"4",2001,10,7,1,7,NA,NA,NA,7,1,0,0,0,1,8,4,4,0,2,6,6,6.75,5.25,NA,6.5,5.83333333333333,4
"5",2001,11,6,1,NA,6,NA,NA,6,0,1,0,0,1,9,4,5,0,2,7,6,6.75,5.4,NA,6.5,5.85714285714286,5
"6",2001,12,7,1,7,NA,NA,NA,7,1,0,0,0,1,10,5,5,0,2,8,6.1,6.8,5.4,NA,6.5,6,6
"7",2002,1,7,3,7,7,NA,9,6,2,1,0,1,2,13,7,6,0,3,10,6.30769230769231,6.85714285714286,5.66666666666667,NA,7.33333333333333,6,7
"8",2002,3,6.5,3,6.5,NA,NA,6.5,6.5,3,0,0,1,2,16,10,6,0,4,12,6.34375,6.75,5.66666666666667,NA,7.125,6.08333333333333,9
"9",2002,4,7,1,7,NA,NA,NA,7,1,0,0,0,1,17,11,6,0,4,13,6.38235294117647,6.77272727272727,5.66666666666667,NA,7.125,6.15384615384615,10
"10",2002,5,6.66666666666667,3,6.66666666666667,NA,NA,NA,6.66666666666667,3,0,0,0,3,20,14,6,0,4,16,6.425,6.75,5.66666666666667,NA,7.125,6.25,11
"11",2002,6,7,2,7,NA,NA,NA,7,2,0,0,0,2,22,16,6,0,4,18,6.47727272727273,6.78125,5.66666666666667,NA,7.125,6.33333333333333,12
"12",2002,7,7.375,4,7.16666666666667,8,NA,NA,7.375,3,1,0,0,4,26,19,7,0,4,22,6.61538461538461,6.84210526315789,6,NA,7.125,6.52272727272727,13
"13",2002,8,6.5,3,7,5.5,NA,5.5,7,2,1,0,1,2,29,21,8,0,5,24,6.60344827586207,6.85714285714286,5.9375,NA,6.8,6.5625,14
"14",2002,9,7.4,5,7.4,NA,NA,NA,7.4,5,0,0,0,5,34,26,8,0,5,29,6.72058823529412,6.96153846153846,5.9375,NA,6.8,6.70689655172414,15
"15",2002,10,10,1,10,NA,NA,NA,10,1,0,0,0,1,35,27,8,0,5,30,6.81428571428571,7.07407407407407,5.9375,NA,6.8,6.81666666666667,16
"16",2002,11,7,2,7,7,NA,NA,7,1,1,0,0,2,37,28,9,0,5,32,6.82432432432432,7.07142857142857,6.05555555555556,NA,6.8,6.828125,17
"17",2003,1,7,4,7,NA,NA,8,6.66666666666667,4,0,0,1,3,41,32,9,0,6,35,6.84146341463415,7.0625,6.05555555555556,NA,7,6.81428571428571,19
"18",2003,2,7,2,7,NA,NA,NA,7,2,0,0,0,2,43,34,9,0,6,37,6.84883720930233,7.05882352941176,6.05555555555556,NA,7,6.82432432432432,20
"19",2003,3,9,2,9,NA,NA,8,10,2,0,0,1,1,45,36,9,0,7,38,6.94444444444444,7.16666666666667,6.05555555555556,NA,7.14285714285714,6.90789473684211,21
"20",2003,4,8.33333333333333,3,9,7,NA,7,9,2,1,0,1,2,48,38,10,0,8,40,7.03125,7.26315789473684,6.15,NA,7.125,7.0125,22
"21",2003,5,6.57142857142857,7,6.57142857142857,NA,NA,5.33333333333333,7.5,7,0,0,3,4,55,45,10,0,11,44,6.97272727272727,7.15555555555556,6.15,NA,6.63636363636364,7.05681818181818,23
"22",2003,6,7.5,4,7.66666666666667,7,NA,8,7,3,1,0,2,2,59,48,11,0,13,46,7.00847457627119,7.1875,6.22727272727273,NA,6.84615384615385,7.05434782608696,24
"23",2003,7,6.86666666666667,15,7,6.71428571428571,7,7.2,6.7,8,7,1,5,10,74,56,18,1,18,56,6.97972972972973,7.16071428571429,6.41666666666667,7,6.94444444444444,6.99107142857143,25
"24",2003,8,6.7,10,6.75,6.5,NA,6.25,7,8,2,0,4,6,84,64,20,1,22,62,6.94642857142857,7.109375,6.425,7,6.81818181818182,6.99193548387097,26
"25",2003,9,9.5,2,9.5,NA,NA,9,10,2,0,0,1,1,86,66,20,1,23,63,7.00581395348837,7.18181818181818,6.425,7,6.91304347826087,7.03968253968254,27
"26",2003,10,7.5,4,7.5,NA,NA,10,6.66666666666667,4,0,0,1,3,90,70,20,1,24,66,7.02777777777778,7.2,6.425,7,7.04166666666667,7.02272727272727,28
"27",2003,11,7,2,7,NA,NA,5,9,2,0,0,1,1,92,72,20,1,25,67,7.02717391304348,7.19444444444444,6.425,7,6.96,7.05223880597015,29
"28",2003,12,6,5,7,5.33333333333333,NA,7,5.33333333333333,2,3,0,2,3,97,74,23,1,27,70,6.97422680412371,7.18918918918919,6.28260869565217,7,6.96296296296296,6.97857142857143,30
"29",2004,1,7.5,4,7.66666666666667,7,NA,7,7.66666666666667,3,1,0,1,3,101,77,24,1,28,73,6.9950495049505,7.20779220779221,6.3125,7,6.96428571428571,7.00684931506849,31
"30",2004,2,8,7,8,8,NA,8,8,6,1,0,1,6,108,83,25,1,29,79,7.06018518518519,7.26506024096386,6.38,7,7,7.08227848101266,32
"31",2004,3,7.25,4,7.33333333333333,7,NA,7,7.33333333333333,3,1,0,1,3,112,86,26,1,30,82,7.06696428571429,7.26744186046512,6.40384615384615,7,7,7.09146341463415,33
"32",2004,4,7,3,7,NA,NA,7,7,3,0,0,1,2,115,89,26,1,31,84,7.06521739130435,7.25842696629214,6.40384615384615,7,7,7.08928571428571,34
"33",2004,5,7,4,7,NA,NA,7,7,4,0,0,1,3,119,93,26,1,32,87,7.06302521008403,7.24731182795699,6.40384615384615,7,7,7.08620689655172,35
"34",2004,6,6.83333333333333,6,7,6.66666666666667,NA,7.5,6.5,3,3,0,2,4,125,96,29,1,34,91,7.052,7.23958333333333,6.43103448275862,7,7.02941176470588,7.06043956043956,36
"35",2004,7,7.85714285714286,7,8.08333333333333,6.5,NA,7.75,7.9,6,1,0,2,5,132,102,30,1,36,96,7.09469696969697,7.28921568627451,6.43333333333333,7,7.06944444444444,7.10416666666667,37
"36",2004,8,7,5,7.5,5,NA,8,5.5,4,1,0,3,2,137,106,31,1,39,98,7.09124087591241,7.29716981132075,6.38709677419355,7,7.14102564102564,7.07142857142857,38
"37",2004,9,6.4,5,6.4,NA,NA,6.4,NA,5,0,0,5,0,142,111,31,1,44,98,7.0669014084507,7.25675675675676,6.38709677419355,7,7.05681818181818,7.07142857142857,39
"38",2004,10,5.91666666666667,6,6.16666666666667,5.66666666666667,5,5.5,6.33333333333333,3,3,1,3,3,148,114,34,2,47,101,7.02027027027027,7.2280701754386,6.32352941176471,6,6.95744680851064,7.04950495049505,40
"39",2004,11,7,8,7.16666666666667,6.5,5,7.33333333333333,6.8,6,2,1,3,5,156,120,36,3,50,106,7.01923076923077,7.225,6.33333333333333,5.66666666666667,6.98,7.0377358490566,41
"40",2004,12,7.2,5,7.2,NA,NA,10,6.5,5,0,0,1,4,161,125,36,3,51,110,7.02484472049689,7.224,6.33333333333333,5.66666666666667,7.03921568627451,7.01818181818182,42
"41",2005,1,6.66666666666667,6,6.66666666666667,NA,NA,NA,6.66666666666667,6,0,0,0,6,167,131,36,3,51,116,7.01197604790419,7.19847328244275,6.33333333333333,5.66666666666667,7.03921568627451,7,43
"42",2005,2,5.88888888888889,9,6.8,4.75,NA,6,5.66666666666667,5,4,0,6,3,176,136,40,3,57,119,6.95454545454545,7.18382352941176,6.175,5.66666666666667,6.92982456140351,6.96638655462185,44
"43",2005,3,7.4,5,8.25,6.83333333333333,NA,8.25,6.83333333333333,2,3,0,2,3,181,138,43,3,59,122,6.96685082872928,7.19927536231884,6.22093023255814,5.66666666666667,6.97457627118644,6.96311475409836,45
"44",2005,4,6.47,6,6.564,6,NA,NA,6.47,5,1,0,0,6,187,143,44,3,59,128,6.95090909090909,7.17706293706294,6.21590909090909,5.66666666666667,6.97457627118644,6.94,46
"45",2005,5,6.96666666666667,3,7,6.9,NA,NA,6.96666666666667,2,1,0,0,3,190,145,45,3,59,131,6.95115789473684,7.17462068965517,6.23111111111111,5.66666666666667,6.97457627118644,6.9406106870229,47
"46",2005,6,6.6,5,7,6.33333333333333,NA,6.5,6.66666666666667,2,3,0,2,3,195,147,48,3,61,134,6.94215384615385,7.17224489795918,6.2375,5.66666666666667,6.95901639344262,6.9344776119403,48
"47",2005,7,5.5,4,5.66666666666667,5,5,NA,5.5,3,1,1,0,4,199,150,49,4,61,138,6.91316582914573,7.14213333333333,6.21224489795918,5.5,6.95901639344262,6.89289855072464,49
"48",2005,8,7,7,7.4,6,NA,6.5,7.2,5,2,0,2,5,206,155,51,4,63,143,6.91611650485437,7.15045161290323,6.20392156862745,5.5,6.94444444444444,6.90363636363636,50
"49",2005,9,6.83333333333333,6,6.75,7,8,7.5,6.5,4,2,1,2,4,212,159,53,5,65,147,6.91377358490566,7.14037735849057,6.23396226415094,6,6.96153846153846,6.89265306122449,51
"50",2005,10,6.78571428571429,7,7.25,4,NA,6.625,7,6,1,0,4,3,219,165,54,5,69,150,6.9096803652968,7.14436363636364,6.19259259259259,6,6.94202898550725,6.8948,52
"51",2005,11,5.9375,8,6.5,5.375,NA,5.5,6.66666666666667,4,4,0,5,3,227,169,58,5,74,153,6.87541850220264,7.1291124260355,6.13620689655172,6,6.84459459459459,6.89032679738562,53
"52",2005,12,6.8,10,6.625,7.5,7,6.5,7,8,2,1,4,6,237,177,60,6,78,159,6.87223628691983,7.10632768361582,6.18166666666667,6.16666666666667,6.82692307692308,6.89446540880503,54
"53",2006,1,7.09090909090909,11,7.4375,6.16666666666667,NA,7.33333333333333,6.8,8,3,0,6,5,248,185,63,6,84,164,6.88193548387097,7.12064864864865,6.18095238095238,6.16666666666667,6.86309523809524,6.89158536585366,55
"54",2006,2,7.42857142857143,7,7.5,7,NA,7.75,7,6,1,0,4,3,255,191,64,6,88,167,6.89694117647059,7.13256544502618,6.19375,6.16666666666667,6.90340909090909,6.89353293413174,56
"55",2006,3,6.77777777777778,9,7.57142857142857,4,NA,7,6.66666666666667,7,2,0,3,6,264,198,66,6,91,173,6.89287878787879,7.14808080808081,6.12727272727273,6.16666666666667,6.90659340659341,6.88566473988439,57
"56",2006,4,6.3,5,6.625,5,NA,6.33333333333333,6.25,4,1,0,3,2,269,202,67,6,94,175,6.88185873605948,7.13772277227723,6.11044776119403,6.16666666666667,6.88829787234043,6.8784,58
"57",2006,5,7,1,7,NA,NA,NA,7,1,0,0,0,1,270,203,67,6,94,176,6.8822962962963,7.13704433497537,6.11044776119403,6.16666666666667,6.88829787234043,6.87909090909091,59
"58",2006,6,7.0275,8,7.044,7,7,7,7.03666666666667,5,3,2,2,6,278,208,70,8,96,182,6.88647482014389,7.13480769230769,6.14857142857143,6.375,6.890625,6.88428571428572,60
"59",2006,7,9,2,9,NA,NA,9,NA,2,0,0,2,0,280,210,70,8,98,182,6.90157142857143,7.15257142857143,6.14857142857143,6.375,6.93367346938776,6.88428571428572,61
"60",2006,8,6.83333333333333,6,7,6,NA,7,6.5,5,1,0,4,2,286,215,71,8,102,184,6.90013986013986,7.14902325581395,6.14647887323944,6.375,6.93627450980392,6.88010869565218,62
"61",2006,9,7.28571428571429,7,7.28571428571429,NA,NA,7.33333333333333,7.25,7,0,0,3,4,293,222,71,8,105,188,6.90935153583618,7.15333333333333,6.14647887323944,6.375,6.94761904761905,6.88797872340426,63
"62",2006,10,7.23076923076923,13,7.8,5.33333333333333,NA,6.5,7.36363636363636,10,3,0,2,11,306,232,74,8,107,199,6.92300653594771,7.18120689655172,6.11351351351351,6.375,6.9392523364486,6.91427135678392,64
"63",2006,11,7.33333333333333,12,7.3,7.5,7,7.5,7.16666666666667,10,2,1,6,6,318,242,76,9,113,205,6.93849056603773,7.18611570247934,6.15,6.44444444444444,6.96902654867257,6.92165853658537,65
"64",2006,12,6.60526315789474,19,7.1,6.05555555555556,6,6.5,6.65384615384615,10,9,3,6,13,337,252,85,12,119,218,6.91970326409495,7.18269841269841,6.14,6.33333333333333,6.9453781512605,6.9056880733945,66
"65",2007,1,6.41428571428571,14,6.7,5.9,8,6.83333333333333,6.1,9,5,1,6,8,351,261,90,13,125,226,6.89954415954416,7.16605363984674,6.12666666666667,6.46153846153846,6.94,6.87716814159292,67
"66",2007,2,6.122871,10,6.6,5.91838714285714,6,5.75,6.37145166666667,3,7,1,4,6,361,264,97,14,129,232,6.87802966759003,7.15962121212121,6.11163618556701,6.42857142857143,6.9031007751938,6.86408926724138,68
"67",2007,3,6.41666666666667,6,6.625,6,NA,5.5,6.6,4,2,0,1,5,367,268,99,14,130,237,6.87048694822888,7.15164179104478,6.10938090909091,6.42857142857143,6.89230769230769,6.85851776371308,69
"68",2007,4,5.42857142857143,7,5.83333333333333,5.125,NA,5.5,5.4,3,4,0,2,5,374,271,103,14,132,242,6.84349922459893,7.1370479704797,6.07115252427184,6.42857142857143,6.87121212121212,6.82838309917356,70
"69",2007,5,7.00952380952381,21,7.12142857142857,6.78571428571429,7,7.45,6.60909090909091,14,7,1,10,11,395,285,110,15,142,253,6.85232584810126,7.13628070175439,6.11662463636364,6.46666666666667,6.91197183098592,6.81884865612648,71
"70",2007,6,6.85714285714286,14,7.16666666666667,5,5,6.33333333333333,7.25,12,2,2,6,8,409,297,112,17,148,261,6.85249073349633,7.13750841750842,6.09668491071429,6.29411764705882,6.88851351351351,6.83206402298851,72
"71",2007,7,6.925,8,7.41666666666667,5.45,NA,5.8,7.6,6,2,0,3,5,417,303,114,17,151,266,6.85388179856115,7.14303630363036,6.08533956140351,6.29411764705882,6.86688741721854,6.84649890977444,73
"72",2007,8,6.5,13,6.68181818181818,5.5,NA,6.88888888888889,5.625,11,2,0,9,4,430,314,116,17,160,270,6.84318304651163,7.12687898089172,6.0752475,6.29411764705882,6.868125,6.82840262962963,74
"73",2007,9,6.78181818181818,11,6.91666666666667,6.62,7,7.16666666666667,6.6375,6,5,2,3,8,441,320,121,19,163,278,6.84165240362812,7.1229375,6.0977579338843,6.36842105263158,6.87361963190184,6.82290902877698,75
"74",2007,10,6.79,17,6.72090909090909,6.91666666666667,7,6.84,6.76272727272727,11,6,1,6,11,458,331,127,20,169,289,6.83973517467249,7.10957703927492,6.13644653543307,6.4,6.87242603550296,6.82061837370242,76
"75",2007,11,6.865,20,7.17692307692308,6.28571428571429,6,7.28571428571429,6.63846153846154,13,7,1,7,13,478,344,134,21,176,302,6.84079228033473,7.11212209302326,6.14424410447761,6.38095238095238,6.88886363636364,6.81277718543046,77
"76",2007,12,6.9,18,7.05,6.375,7,6.85714285714286,6.92727272727273,14,4,1,7,11,496,358,138,22,183,313,6.84294094758064,7.10969273743017,6.15093268115942,6.40909090909091,6.88765027322404,6.81680099041534,78
"77",2008,1,6.77884615384615,26,7.125,6.225,5.8125,5.5,7.01136363636364,16,10,4,4,22,522,374,148,26,187,335,6.83974848659004,7.11034759358289,6.15593722972973,6.31730769230769,6.8579679144385,6.82957823880597,79
"78",2008,2,7.02083333333333,12,6.93181818181818,8,8,7.4,6.75,11,1,1,5,7,534,385,149,27,192,342,6.84381780898876,7.10524675324675,6.16831348993288,6.37962962962963,6.87208333333333,6.82794944444445,80
"79",2008,3,6.61,10,6.94285714285714,5.83333333333333,7,6.375,6.76666666666667,7,3,1,4,6,544,392,152,28,196,348,6.8395196875,7.10234693877551,6.16170203947368,6.40178571428571,6.8619387755102,6.82689284482759,81
"80",2008,4,7.31818181818182,11,7.85714285714286,6.375,4.5,6.75,7.64285714285714,7,4,1,4,7,555,399,156,29,200,355,6.84900668468468,7.11558897243108,6.16717121794872,6.33620689655172,6.8597,6.84298228169014,82
"81",2008,5,7.18461538461538,13,7.44444444444444,6.6,6.63333333333333,7.175,7.2,9,4,3,8,5,568,408,160,32,208,360,6.85668786971831,7.1228431372549,6.1779919375,6.3640625,6.87182692307692,6.84794086111111,83
"82",2008,6,6.84210526315789,19,7.05,6.61111111111111,6.75,7.05555555555556,6.65,10,9,4,9,10,587,418,169,36,217,370,6.85621586030664,7.1211004784689,6.2010574556213,6.40694444444444,6.8794470046083,6.84259110810811,84
"83",2008,7,6.67368421052632,19,7.25454545454545,5.875,6,6.42857142857143,6.81666666666667,11,8,5,7,12,606,429,177,41,224,382,6.85049292079208,7.12452214452214,6.18632039548023,6.35731707317073,6.86535714285714,6.84177672774869,85
"84",2008,8,6.89285714285714,14,7.5,6.28571428571429,6.33333333333333,5.5,7.125,7,7,3,2,12,620,436,184,44,226,394,6.85144953225806,7.1305504587156,6.19010168478261,6.35568181818182,6.85327433628319,6.85040281725888,86
"85",2008,9,6.45,14,6.92222222222222,5.6,4.5,6.47777777777778,6.4,9,5,2,9,5,634,445,189,46,235,399,6.84258471608833,7.12633707865169,6.17449052910053,6.275,6.83889361702128,6.8447586716792,87
"86",2008,10,6.82333333333333,15,7.62857142857143,6.11875,6.55,6.66666666666667,6.8625,7,8,5,3,12,649,452,197,51,238,411,6.84213976887519,7.13411504424779,6.17222695431472,6.30196078431373,6.83672268907563,6.84527666666667,88
"87",2008,11,6.53333333333333,15,6.61111111111111,6.41666666666667,6.66666666666667,6.58333333333333,6.5,9,6,3,6,9,664,461,203,54,244,420,6.83516371987952,7.12390455531453,6.17945177339902,6.32222222222222,6.83049180327869,6.83787788095238,89
"88",2008,12,6.73333333333333,30,6.91111111111111,6.46666666666667,6.375,6.69,6.755,18,12,4,10,20,694,479,215,58,254,440,6.83076182997118,7.11590814196242,6.19548237209302,6.32586206896552,6.82496062992126,6.83411070454545,90
"89",2009,1,6.49852941176471,34,6.91666666666667,6.028125,5.94444444444444,6.22857142857143,6.6875,18,16,9,14,20,728,497,231,67,268,460,6.81524548076923,7.10869215291751,6.18389051948052,6.27462686567164,6.79380597014926,6.82773632608696,91
"90",2009,2,6.66666666666667,15,6.77777777777778,6.5,NA,7,6.61538461538461,9,6,0,2,13,743,506,237,67,270,473,6.81224590847914,7.10280632411067,6.19189329113924,6.27462686567164,6.79533333333333,6.82190002114165,92
"91",2009,3,6.97826086956522,23,7.44444444444444,6.67857142857143,6.2,6.5,7.14705882352941,9,14,5,6,17,766,515,251,72,276,490,6.817230691906,7.10877669902913,6.21903868525896,6.26944444444444,6.78891304347826,6.83318104081633,93
"92",2009,4,6.58695652173913,23,6.79166666666667,6.36363636363636,7,6,6.675,12,11,3,3,20,789,527,262,75,279,510,6.81051801013942,7.1015559772296,6.22510958015267,6.29866666666667,6.78043010752688,6.8269778627451,94
"93",2009,5,7.11666666666667,18,7.28571428571429,6.525,NA,7.2,7.08461538461538,14,4,0,5,13,807,541,266,75,284,523,6.8173466047088,7.10632162661738,6.22961921052632,6.29866666666667,6.78781690140845,6.83338185468451,95
"94",2009,6,6.98428571428571,35,7.10263157894737,6.84375,6.83333333333333,6.5,7.08448275862069,19,16,3,6,29,842,560,282,78,290,552,6.82428587885986,7.10619642857143,6.2644635106383,6.31923076923077,6.78186206896552,6.84657375,96
"95",2009,7,6.35714285714286,21,6.75,5.57142857142857,4.5,5.1,6.75,14,7,2,5,16,863,574,289,80,295,568,6.81291855156431,7.09750871080139,6.24767719723183,6.27375,6.75335593220339,6.84385336267606,97
"96",2009,8,6.16,25,6.40909090909091,5.96428571428571,4.75,5.875,6.29411764705882,11,14,4,8,17,888,585,303,84,303,585,6.79453683558559,7.0845641025641,6.23458320132013,6.20119047619048,6.73016501650165,6.82787813675214,98
"97",2009,9,6.80952380952381,21,7.25,6.22222222222222,5.5,6,7.0625,12,9,4,5,16,909,597,312,88,308,601,6.79488306930693,7.08788944723618,6.23422663461538,6.16931818181818,6.71831168831169,6.83412430948419,99
"98",2009,10,6.714,25,7.43636363636364,6.14642857142857,6.25,6.66666666666667,6.72045454545455,11,14,5,3,22,934,608,326,93,311,623,6.79271810492505,7.09419407894737,6.23045616564417,6.1736559139785,6.71781350482315,6.83011028892456,100
"99",2009,11,6.49473684210526,38,6.91176470588235,6.15714285714286,5.33333333333333,6.04166666666667,6.70384615384615,17,21,3,12,26,972,625,347,96,323,649,6.78106863168724,7.089232,6.22601933717579,6.14739583333333,6.69269349845201,6.82505194144838,101
"100",2009,12,6.45652173913043,23,7.04166666666667,5.81818181818182,7,7.22222222222222,5.96428571428571,12,11,3,9,14,995,637,358,99,332,663,6.77356654271357,7.08833594976452,6.21348801675978,6.17323232323232,6.70704819277108,6.80687588235294,102
"101",2010,1,6.71153846153846,39,7.36111111111111,6.15476190476191,6.08333333333333,7.49285714285714,6.540625,18,21,6,7,32,1034,655,379,105,339,695,6.77122699226306,7.0958320610687,6.21023406332454,6.16809523809524,6.72327433628319,6.79461684892086,103
"102",2010,2,6.71190476190476,21,6.99615384615385,6.25,5.66666666666667,6.55,6.7625,13,8,3,5,16,1055,668,387,108,344,711,6.77004617061611,7.09389221556886,6.21105609819121,6.15416666666667,6.72075581395349,6.7938941068917,104
"103",2010,3,6.94090909090909,22,7.28,6.21428571428571,7.5,6.83333333333333,6.95789473684211,15,7,1,3,19,1077,683,394,109,347,730,6.77353640668524,7.09797950219619,6.21111347715736,6.16651376146789,6.72172910662824,6.79816261643836,105
"104",2010,4,7.475,20,7.58333333333333,7.3125,7.5,7.125,7.5625,12,8,1,4,16,1097,695,402,110,351,746,6.78632516864175,7.10635971223022,6.23303161691542,6.17863636363636,6.72632478632479,6.81455591152815,106
"105",2010,5,6.97,10,8.5,6.5875,6.61666666666667,8.35,6.625,2,8,6,2,8,1107,697,410,116,353,754,6.78798438121048,7.11035868005739,6.23994807317073,6.20129310344828,6.73552407932011,6.81254470822281,107
"106",2010,6,6.60588235294118,17,6.74444444444444,6.45,NA,5.525,6.93846153846154,9,8,0,4,13,1124,706,418,116,357,767,6.78523016903915,7.1056940509915,6.24396820574163,6.20129310344828,6.72196078431373,6.81467889178618,108
"107",2010,7,6.35,10,6.5,6,7,6.5,6.28571428571429,7,3,1,3,7,1134,713,421,117,360,774,6.78139216049383,7.09974754558205,6.24222971496437,6.20811965811966,6.72011111111111,6.80989497416021,109
"108",2010,8,6.28571428571429,21,6.88888888888889,5.83333333333333,5.5,5.875,6.38235294117647,9,12,2,4,17,1155,722,433,119,364,791,6.77237983549784,7.09711911357341,6.23089771362587,6.19621848739496,6.71082417582418,6.80070633375474,110
"109",2010,9,7.13157894736842,19,7.45,6.77777777777778,7,7.5,7.0625,10,9,1,3,16,1174,732,442,120,367,807,6.77819310902896,7.10193989071038,6.24203328054299,6.20291666666667,6.71727520435967,6.8058967905824,111
"110",2010,10,6.88095238095238,21,7.04166666666667,6.66666666666667,6.875,6.5,6.94444444444444,12,9,4,3,18,1195,744,451,124,370,825,6.77999892050209,7.10096774193548,6.25050711751663,6.22459677419355,6.71551351351351,6.80891964848485,112
"111",2010,11,6.83333333333333,21,7.22727272727273,6.4,7.5,7.5,6.76315789473684,11,10,1,2,19,1216,755,461,125,372,844,6.78091999177632,7.10280794701987,6.2537499132321,6.2348,6.7197311827957,6.80788946682465,113
"112",2010,12,6.90434782608696,23,7.13333333333333,6.475,6.7,7.5,6.64375,15,8,4,7,16,1239,770,469,129,379,860,6.7832112267958,7.1034025974026,6.25752390191898,6.24922480620155,6.73414248021108,6.80483570930233,114
"113",2011,1,7.03225806451613,31,7.46666666666667,6.43076923076923,6,6.84285714285714,7.0875,18,13,1,7,24,1270,788,482,130,386,884,6.78929032283465,7.11170050761421,6.26219649377593,6.24730769230769,6.73611398963731,6.81250985294118,115
"114",2011,2,7.39285714285714,14,7.5,7,NA,6.5,7.54166666666667,11,3,0,2,12,1284,799,485,130,388,896,6.7958712694704,7.11704630788486,6.26676022680412,6.24730769230769,6.73489690721649,6.82227534598214,116
"115",2011,3,6.44516129032258,31,6.52777777777778,6.33076923076923,5.83333333333333,5.875,6.52962962962963,18,13,3,4,27,1315,817,498,133,392,923,6.78760358174905,7.10406364749082,6.26843114457831,6.23796992481203,6.72612244897959,6.81371474539545,117
"116",2011,4,6.57772222222222,18,7.21818181818182,5.57128571428571,6,6.48,6.61530769230769,11,7,1,5,13,1333,828,505,134,397,936,6.78476947486872,7.10557971014493,6.25876774257426,6.23619402985075,6.72302267002519,6.81095909188034,118
"117",2011,5,6.75,24,6.94117647058824,6.28571428571429,7,6,6.85714285714286,17,7,1,3,21,1357,845,512,135,400,957,6.7841545394252,7.10227218934911,6.25913615234375,6.24185185185185,6.7176,6.81197252873563,119
"118",2011,6,6.72105263157895,19,7.22222222222222,6.27,6.1,6.46,6.81428571428571,9,10,3,5,14,1376,854,522,138,405,971,6.78328321947674,7.10353629976581,6.25934427203065,6.23876811594203,6.71441975308642,6.81200588053553,120
"119",2011,7,6.70625,16,7.03333333333333,6.28571428571429,3,6.47142857142857,6.88888888888889,9,7,1,7,9,1392,863,529,139,412,980,6.78239778017241,7.10280417149478,6.25969321361059,6.21546762589928,6.71029126213592,6.81271194897959,121
"120",2011,8,7.22631578947368,19,7.70909090909091,6.5625,5.5,7.16666666666667,7.25384615384615,11,8,2,6,13,1411,874,537,141,418,993,6.78837541459957,7.11043478260869,6.26420430167598,6.20531914893617,6.71684210526316,6.81848711983887,122
"121",2011,9,6.83291666666667,24,7.15384615384615,6.45363636363636,NA,6.2,6.99947368421053,13,11,0,5,19,1435,887,548,141,423,1012,6.7891203554007,7.1110710259301,6.26800677007299,6.20531914893617,6.7107328605201,6.82188508893281,123
"122",2011,10,6.86896551724138,29,7.41333333333333,6.28571428571429,5,6.5,6.8962962962963,15,14,1,2,27,1464,902,562,142,425,1039,6.79070198770492,7.11609756097561,6.26844788256228,6.19683098591549,6.70974117647059,6.82381877767084,124
"123",2011,11,6.56842105263158,19,6.72222222222222,6.43,7.5,6.125,6.68666666666667,9,10,2,4,15,1483,911,572,144,429,1054,6.78785415374241,7.11220636663008,6.27127222027972,6.21493055555556,6.70428904428905,6.82186689753321,125
"124",2011,12,6.54545454545455,22,6.66666666666667,6.28571428571429,7.5,7.3,6.32352941176471,15,7,2,5,17,1505,926,579,146,434,1071,6.78431077076412,7.10498920086393,6.27144682210708,6.23253424657534,6.71115207373272,6.81395677871148,126
"125",2012,1,6.56551724137931,29,6.76,6.35714285714286,6.83333333333333,7.16666666666667,6.49615384615385,15,14,3,3,26,1534,941,593,149,437,1097,6.78017451760104,7.09948990435707,6.27347,6.24463087248322,6.71427917620137,6.80642453053783,127
"126",2012,2,6.78846153846154,26,7.16666666666667,6.27272727272727,6,6.6875,6.83333333333333,15,11,1,8,18,1560,956,604,150,445,1115,6.78031263461538,7.10054393305439,6.27345647350993,6.243,6.71379775280899,6.80685893273543,128
"127",2012,3,7.26666666666667,15,7.2,7.4,NA,6.8,7.5,10,5,0,5,10,1575,966,609,150,450,1125,6.78494457777778,7.1015734989648,6.28270559934318,6.243,6.71475555555556,6.81302018666667,129
"128",2012,4,6.94642857142857,28,7.26315789473684,6.27777777777778,NA,5.5,7.1875,19,9,0,4,24,1603,985,618,150,454,1149,6.78776525888958,7.10469035532995,6.28263383495146,6.243,6.70405286343612,6.82084221932115,130
"129",2012,5,6.83333333333333,18,7.16666666666667,6.66666666666667,5.5,7,6.8125,6,12,1,2,16,1621,991,630,151,456,1165,6.78827125848242,7.10506559031281,6.28994874603175,6.23807947019868,6.70535087719298,6.82072764806867,131
"130",2012,6,6.6304347826087,23,6.96875,5.85714285714286,5.83333333333333,5.625,6.84210526315789,16,7,3,4,19,1644,1007,637,154,460,1184,6.7860630839416,7.1028997020854,6.28519263736264,6.23019480519481,6.69595652173913,6.82107070101351,132
"131",2012,7,7.11305555555556,36,7.25,6.83916666666667,8,6.625,7.1740625,24,12,1,4,32,1680,1031,649,155,464,1216,6.79307006547619,7.10632395732299,6.29543560862866,6.24161290322581,6.69534482758621,6.83035995888158,133
"132",2012,8,6.82222222222222,18,7.1,6.6,NA,5.25,7.01875,8,10,0,2,16,1698,1039,659,155,466,1232,6.79337909893993,7.10627526467757,6.30005722306525,6.24161290322581,6.68914163090129,6.83280658279221,134
"133",2012,9,6.31578947368421,19,7,5.7,6,6.8,6.14285714285714,9,10,4,5,14,1717,1048,669,159,471,1246,6.78809418171229,7.10536259541985,6.29108775784753,6.23553459119497,6.69031847133758,6.82505434189406,135
"134",2012,10,6.97826086956522,23,7.07142857142857,6.83333333333333,6,6.58333333333333,7.11764705882353,14,9,1,6,17,1740,1062,678,160,477,1263,6.79060787931034,7.10491525423729,6.2982857079646,6.2340625,6.68897274633124,6.82899264449723,136
"135",2012,11,7.03958333333333,24,7.56785714285714,6.3,7,NA,7.03958333333333,14,10,1,0,24,1764,1076,688,161,477,1287,6.79399530045351,7.11093866171004,6.298310625,6.2388198757764,6.68897274633124,6.83291974358974,137
"136",2012,12,6.91034482758621,29,7.35555555555556,6.18181818181818,6.33333333333333,6.6,6.975,18,11,3,5,24,1793,1094,699,164,482,1311,6.79587713887339,7.1149634369287,6.29647741058655,6.24054878048781,6.68804979253112,6.83552075514874,138
"137",2013,1,6.240625,32,6.58947368421053,5.73076923076923,7,5.52222222222222,6.52173913043478,19,13,3,9,23,1825,1113,712,167,491,1334,6.7861412109589,7.10599281221923,6.28614846910112,6.25419161676647,6.66668024439919,6.83011072713643,139
"138",2013,2,6.49666666666667,30,7.27272727272727,6.04736842105263,5.3,6.85714285714286,6.38695652173913,11,19,5,7,23,1855,1124,731,172,498,1357,6.7814596819407,7.10762455516014,6.27994214774282,6.22645348837209,6.66935742971888,6.82259963890936,140
"139",2013,3,7.028,25,7.66666666666667,6.43846153846154,6,7.64,6.875,12,13,1,5,20,1880,1136,744,173,503,1377,6.78473814361702,7.11352992957746,6.28271197580645,6.22514450867052,6.67900596421471,6.82336071895425,141
"140",2013,4,6.86,20,6.89285714285714,6.78333333333333,7.5,6.5,6.9,14,6,2,2,18,1900,1150,750,175,505,1395,6.78553037368421,7.11084347826087,6.28671694666667,6.23971428571429,6.67829702970297,6.82434961290323,142
"141",2013,5,7.2165625,32,7.32789473684211,7.05384615384615,7.16666666666667,7.29714285714286,7.194,19,13,3,7,25,1932,1169,763,178,512,1420,6.79266962215321,7.11437125748503,6.29978730013106,6.25533707865169,6.6867578125,6.83085754225352,143
"142",2013,6,7.135,20,7.44285714285714,6.41666666666667,6.25,7,7.14210526315789,14,6,2,1,19,1952,1183,769,180,513,1439,6.79617710553279,7.11825866441251,6.30069923276983,6.25527777777778,6.68736842105263,6.83496713690063,144
"143",2013,7,6.32941176470588,17,6.58888888888889,6.0375,6.16666666666667,6.93333333333333,6.2,9,8,3,3,14,1969,1192,777,183,516,1453,6.79214713560183,7.11426174496644,6.29798933075933,6.25382513661202,6.6887984496124,6.82884907777013,145
"144",2013,8,6.846875,16,7.11363636363636,6.26,5.75,7.375,6.77142857142857,11,5,1,2,14,1985,1203,782,184,518,1467,6.79258826700252,7.11425602660017,6.29774643222506,6.25108695652174,6.69144787644788,6.82830109747785,146
"145",2013,9,6.67931034482759,29,6.92307692307692,6.48125,7,6.4,6.7375,13,16,3,5,24,2014,1216,798,187,523,1491,6.79095715491559,7.11221217105263,6.30142570175438,6.26310160427808,6.68866156787763,6.82683951039571,147
"146",2013,10,6.88,30,7.59375,6.06428571428571,5.75,6.78571428571429,6.90869565217391,16,14,2,7,23,2044,1232,812,189,530,1514,6.79226404598826,7.11846590909091,6.29733708128079,6.25767195767196,6.68994339622642,6.8280830317041,148
"147",2013,11,6.60384615384615,26,6.71428571428571,6.14,7,6.3,6.67619047619048,21,5,2,5,21,2070,1253,817,191,535,1535,6.78989744444444,7.11169193934557,6.29637418604651,6.26544502617801,6.68629906542056,6.8260050228013,149
"148",2013,12,6.81833333333333,30,7.225,6.20833333333333,5.75,6.61428571428571,6.8804347826087,18,12,4,7,23,2100,1271,829,195,542,1558,6.79030367142857,7.11329661683713,6.2950997708082,6.25487179487179,6.68536900369004,6.82680854300385,150
"149",2014,1,7.19428571428571,35,7.44347826086956,6.71666666666667,6,8.31428571428571,6.91428571428571,23,12,1,7,28,2135,1294,841,196,549,1586,6.79692632786885,7.11916537867079,6.30111499405469,6.25357142857143,6.70613843351548,6.82835290668348,151
"150",2014,2,6.46428571428571,28,7.05555555555556,5.4,6.25,5.8,6.60869565217391,18,10,4,5,23,2163,1312,851,200,554,1609,6.79262030050855,7.11829268292683,6.2905260987074,6.2535,6.69796028880866,6.82521299564947,152
"151",2014,3,6.21428571428571,14,6.33333333333333,6.125,6,6,6.25,6,8,2,2,12,2177,1318,859,202,556,1621,6.78890110702802,7.11471927162367,6.28898452852154,6.2509900990099,6.69544964028777,6.82095478716842,153
"152",2014,4,6.64285714285714,28,7.18,6.02307692307692,6.33333333333333,7.36,6.48695652173913,15,13,3,5,23,2205,1333,872,205,561,1644,6.78704658049887,7.11545386346587,6.28502030963303,6.25219512195122,6.70137254901961,6.8162820620438,154
"153",2014,5,6.50217391304348,23,6.85714285714286,5.95,3,6.67857142857143,6.425,14,9,1,7,16,2228,1347,881,206,568,1660,6.78410579443447,7.11276911655531,6.28159785471056,6.23640776699029,6.70109154929578,6.8125106686747,155
"154",2014,6,7.08666666666667,15,7.6,6.5,6,6.7,7.28,8,7,2,5,10,2243,1355,888,208,573,1670,6.78612916183682,7.11564575645756,6.28331949324324,6.23413461538462,6.70108202443281,6.81531000598802,156
"155",2014,7,5.90131578947368,19,6.38333333333333,5.67884615384615,4.95625,6.33333333333333,5.8203125,6,13,4,3,16,2262,1361,901,212,576,1686,6.77869704244032,7.11241734019104,6.27459790233074,6.21002358490566,6.69916666666667,6.80586756227758,157
"156",2014,8,6.81666666666667,30,7.07391304347826,5.97142857142857,5.5,7.75,6.75,23,7,2,2,28,2292,1384,908,214,578,1714,6.77919402705061,7.1117774566474,6.2722606938326,6.20338785046729,6.70280276816609,6.80495490665111,158
"157",2014,9,6.35555555555556,27,7.375,5.92631578947368,5.83333333333333,6.5,6.344,8,19,6,2,25,2319,1392,927,220,580,1739,6.77426162570073,7.11329022988506,6.26517012944984,6.19329545454545,6.70210344827586,6.79832818286372,159
"158",2014,10,6.75,28,7.02777777777778,6.25,6,6,6.80769230769231,18,10,3,2,26,2347,1410,937,223,582,1765,6.77397218150831,7.11219858156028,6.26500822838847,6.19069506726457,6.69969072164949,6.79846612464589,160
"159",2014,11,6.64642857142857,28,6.75,6.50833333333333,5.5,6.14285714285714,6.81428571428571,16,12,2,7,21,2375,1426,949,225,589,1786,6.77246850947368,7.10813464235624,6.26808504741833,6.18455555555556,6.69307300509338,6.79865213325868,161
"160",2014,12,6.98275862068965,29,7.4,6.05555555555556,6.16666666666667,6.9,7,20,9,3,5,24,2404,1446,958,228,594,1810,6.77500528702163,7.11217150760719,6.26608842379958,6.1843201754386,6.69481481481482,6.80132193922652,162
"161",2015,1,6.84705882352941,34,7.45238095238095,5.86923076923077,6.65,6.6,6.88965517241379,21,13,2,5,29,2438,1467,971,230,599,1839,6.77601013535685,7.11704158145876,6.26077519052523,6.18836956521739,6.69402337228715,6.80271490483959,163
"162",2015,2,7.21081081081081,37,7.62173913043478,6.53571428571429,5.5,7,7.21666666666667,23,14,4,1,36,2475,1490,985,234,600,1875,6.78251018585859,7.1248322147651,6.26468295431472,6.17660256410256,6.69453333333334,6.81066277866667,164
"163",2015,3,6.46666666666667,30,7.37272727272727,5.94210526315789,7,6.66666666666667,6.44444444444444,11,19,5,3,27,2505,1501,1004,239,603,1902,6.77872762874251,7.12664890073284,6.25857839641434,6.19382845188285,6.69439469320067,6.80546409568875,165
"164",2015,4,6.75916666666667,24,7.47272727272727,6.15538461538462,5,NA,6.75916666666667,11,13,2,0,24,2529,1512,1017,241,603,1926,6.77854199683669,7.12916666666667,6.25725930186824,6.18392116182573,6.69439469320067,6.80488718068536,166
"165",2015,5,6.92083333333333,24,7.06923076923077,6.74545454545455,7.5,7.58,6.74736842105263,13,11,2,5,19,2553,1525,1028,243,608,1945,6.77987963572268,7.12865573770492,6.26248318093385,6.19475308641975,6.70167763157895,6.80432530077121,167
"166",2015,6,6.62857142857143,21,7.25,5.8,7,5.85,6.71052631578947,12,9,3,2,19,2574,1537,1037,246,610,1964,6.77864518648019,7.12960312296682,6.25846934426229,6.20457317073171,6.69888524590164,6.80341787678208,168
"167",2015,7,7.18793103448276,29,7.70882352941176,6.45,6,6.62,7.30625,17,12,3,5,24,2603,1554,1049,249,615,1988,6.78320503649635,7.13593951093951,6.26066035271687,6.20210843373494,6.69824390243903,6.80948828470825,169
"168",2015,8,6.5,25,7.21875,5.22222222222222,6,8.14285714285714,5.86111111111111,16,9,2,7,18,2628,1570,1058,251,622,2006,6.78051092465754,7.13678343949044,6.25182675803403,6.20049800796813,6.71450160771704,6.80097841974078,170
"169",2015,9,6.88030303030303,33,7.33125,6.45588235294118,6.5,6.92857142857143,6.86730769230769,16,17,4,7,26,2661,1586,1075,255,629,2032,6.78174848177377,7.13874527112232,6.25505368372093,6.20519607843137,6.7168839427663,6.80182712106299,171
"170",2015,10,6.91034482758621,29,7.05555555555556,6.67272727272727,6.725,6,7.01538461538462,18,11,4,3,26,2690,1604,1086,259,632,2058,6.78313483643123,7.13781172069825,6.25928426335175,6.21322393822394,6.71348101265823,6.80452512633625,172
"171",2015,11,6.68461538461538,39,6.76538461538462,6.52307692307692,7,6.875,6.66285714285714,26,13,2,4,35,2729,1630,1099,261,636,2093,6.78172689996336,7.13187116564417,6.26240464968153,6.21925287356322,6.71449685534591,6.80215609651218,173
"172",2015,12,6.49230769230769,26,6.63529411764706,6.22222222222222,6,7.08333333333333,6.315,17,9,3,6,20,2755,1647,1108,264,642,2113,6.77899553901996,7.12674559805707,6.26207825812274,6.21676136363636,6.71794392523365,6.7975450591576,174
"173",2016,1,6.75131578947368,38,7.24038461538461,5.69166666666667,5.86,5.6,6.92575757575758,26,12,5,5,33,2793,1673,1120,269,647,2146,6.77861894378804,7.12851165570831,6.25596670535714,6.21013011152416,6.70930448222566,6.79951664026095,175
"174",2016,2,7.00483870967742,31,7.32368421052632,6.5,7,6.41666666666667,7.146,19,12,2,6,25,2824,1692,1132,271,653,2171,6.78110223441926,7.13070330969267,6.25855363074205,6.2159594095941,6.7066156202144,6.8035065453708,176
"175",2016,3,6.75416666666667,36,7.17222222222222,6.33611111111111,5.3,7.1,6.73382352941176,18,18,4,2,34,2860,1710,1150,275,655,2205,6.78076318531469,7.13114035087719,6.25976757391304,6.20263636363636,6.70781679389313,6.80243206802721,177
"176",2016,4,6.90909090909091,22,7.07692307692308,6.66666666666667,6.33333333333333,7.33333333333333,6.84210526315789,13,9,3,3,19,2882,1723,1159,278,658,2224,6.78174278625954,7.13073128264654,6.26292727351165,6.20404676258993,6.71066869300912,6.80277100269784,178
"177",2016,5,7.05625,40,7.47321428571429,6.08333333333333,6.25,6.33333333333333,7.18382352941176,28,12,4,6,34,2922,1751,1171,282,664,2258,6.78550058521561,7.13620788121073,6.26108685738685,6.20469858156028,6.70725903614458,6.80850872896368,179
"178",2016,6,6.74418604651163,43,6.94,6.47222222222222,5.5,7,6.71052631578947,25,18,2,5,38,2965,1776,1189,284,669,2296,6.78490141989882,7.13344594594594,6.26428318755256,6.19973591549296,6.70944693572496,6.80688706881533,180
"179",2016,7,7.05806451612903,31,7.44545454545455,6.11111111111111,7.5,6.86,7.09615384615385,22,9,2,5,26,2996,1798,1198,286,674,2322,6.78772787383178,7.13726362625139,6.26313247913189,6.20882867132867,6.71056379821959,6.81012605943152,181
"180",2016,8,7.06794871794872,39,7.38076923076923,6.44230769230769,6.75,7.075,7.06551724137931,26,13,5,10,29,3035,1824,1211,291,684,2351,6.79132873476112,7.1407346491228,6.26505591246903,6.21812714776632,6.7158918128655,6.81327635474266,182
"181",2016,9,6.89605263157895,38,7.41521739130435,6.1,5.2,6.6875,6.92058823529412,23,15,5,4,34,3073,1847,1226,296,688,2385,6.79262372600065,7.14415268002165,6.26303646818923,6.20092905405405,6.71572674418605,6.81480616771488,183
"182",2016,10,6.8962962962963,27,7.20714285714286,6.56153846153846,5.96,6,6.93076923076923,14,13,5,1,26,3100,1861,1239,301,689,2411,6.79352668064516,7.14462654486835,6.2661684503632,6.196926910299,6.71468795355588,6.81605670261302,184
"183",2016,11,7.33269230769231,52,7.43529411764706,7.13888888888889,6.5,7.14285714285714,7.36222222222222,34,18,2,7,45,3152,1895,1257,303,696,2456,6.80242154505076,7.14984168865435,6.27866564041368,6.19892739273928,6.71899425287357,6.82606380700326,185
"184",2016,12,6.912,50,7.16052631578947,6.125,NA,6.66666666666667,6.94545454545455,38,12,0,6,44,3202,1933,1269,303,702,2500,6.80413263897564,7.15005173305742,6.27721253743105,6.19892739273928,6.71854700854701,6.828165084,186
"185",2017,1,7.00004794520548,73,7.28612790697674,6.59,5.675,6.56279166666667,7.08606557377049,43,30,4,12,61,3275,1976,1299,307,714,2561,6.80849960610687,7.1530129048583,6.28443626635874,6.1921009771987,6.71592927170869,6.83430796954315,187
"186",2017,2,6.9969387755102,49,7.33333333333333,6.303125,5.83333333333333,6.9375,7.00222222222222,33,16,3,4,45,3324,2009,1315,310,718,2606,6.81127743983153,7.15597486311597,6.28466365779468,6.18862903225807,6.71716364902507,6.83720748656945,188
"187",2017,3,7.30154294117647,51,7.55496361111111,6.69333333333333,6,7.25,7.3141143902439,36,15,5,10,41,3375,2045,1330,315,728,2647,6.8186858962963,7.16299862591687,6.28927271428571,6.18563492063492,6.72448282967033,6.84459440876464,189
"188",2017,4,6.72444444444444,45,7.17692307692308,6.10526315789474,4.975,7.3125,6.5972972972973,26,19,4,8,37,3420,2071,1349,319,736,2684,6.81744587719298,7.16317343795268,6.28668103039288,6.17045454545455,6.73087432065218,6.84118532041729,190
"189",2017,5,6.76282051282051,39,7.57291666666667,5.46666666666667,4,6.4,6.81617647058824,24,15,1,5,34,3459,2095,1364,320,741,2718,6.81682997976294,7.16786739379475,6.2776632771261,6.163671875,6.72864170040486,6.84087247976453,191
"190",2017,6,6.8804347826087,46,7.31428571428571,5.5,5,7.0625,6.84210526315789,35,11,1,8,38,3505,2130,1375,321,749,2756,6.8176647360913,7.17027332863849,6.27144197090909,6.16004672897196,6.73220761014686,6.84088947750363,192
"191",2017,7,6.60857142857143,35,6.98947368421053,6.15625,6.375,6.4375,6.65925925925926,19,16,4,8,27,3540,2149,1391,325,757,2783,6.81559742937853,7.1686748208469,6.27011697340043,6.16269230769231,6.72909313077939,6.83912734459216,193
"192",2017,8,6.98837209302326,43,7.265625,6.18181818181818,NA,7,6.98684210526316,32,11,0,5,38,3583,2181,1402,325,762,2821,6.81767091822495,7.17009729023383,6.26942418687589,6.16269230769231,6.73087073490814,6.84111712158809,194
"193",2017,9,7.04220930232558,43,7.18796875,6.61818181818182,6.5,7.005,7.045,32,11,2,3,40,3626,2213,1413,327,765,2861,6.82033367346939,7.17035571170357,6.27213921443737,6.16475535168196,6.73194575163399,6.84396763369451,195
"194",2017,10,7.17703703703704,54,7.34,6.9,8,7.94444444444444,7.02355555555556,34,20,2,9,45,3680,2247,1433,329,774,2906,6.8255679076087,7.17292264797507,6.28090210048848,6.17591185410334,6.74604457364341,6.84674858912594,196
"195",2017,11,6.75862068965517,58,7.45882352941176,5.76666666666667,5.46666666666667,6.15454545454545,6.9,34,24,6,11,47,3738,2281,1457,335,785,2953,6.82452913322632,7.17718421306444,6.27243150995195,6.16320895522388,6.73775605095542,6.84759613951913,197
"196",2017,12,7.0152,50,7.24193548387097,6.64526315789474,5.75,6.5,7.07244444444444,31,19,4,5,45,3788,2312,1476,339,790,2998,6.82704590813094,7.17805241782006,6.27723083333333,6.15833333333333,6.73625126582279,6.85097111407605,198
"197",2018,1,6.89891891891892,74,7.13673469387755,6.4328,5.5,6.54545454545455,6.96063492063492,49,25,7,11,63,3862,2361,1501,346,801,3061,6.82842307094769,7.17719491317238,6.27982192538308,6.14501445086705,6.73363108614232,6.85322816073178,199
"198",2018,2,7.17021276595745,47,7.305,6.4,5,7.66666666666667,7.09756097560976,40,7,2,6,41,3909,2401,1508,348,807,3102,6.83253259145561,7.17932411078717,6.28037978116711,6.13843390804598,6.74056815365552,6.85645757575757,200
"199",2018,3,6.89772727272727,44,7.03225806451613,6.57692307692308,6,6.5,6.94871794871795,31,13,2,5,39,3953,2432,1521,350,812,3141,6.83325825954971,7.1774495024671,6.28291433925049,6.13764285714286,6.7390868226601,6.85760312002547,201
"200",2018,4,7.03676470588235,34,7.4125,6.5,7.5,8.75,6.9296875,20,14,1,2,32,3987,2452,1535,351,814,3173,6.83499370453975,7.17936671696574,6.28489427361563,6.14152421652422,6.74402764127764,6.85833009769934,202
"201",2018,5,7.15131578947368,38,7.64583333333333,6.30357142857143,5.5,6,7.28676470588235,24,14,2,4,34,4025,2476,1549,353,818,3207,6.83798009937888,7.18388820274636,6.28506307940607,6.1378895184136,6.74038936430318,6.86287227938884,203
"202",2018,6,6.90909090909091,33,7.26315789473684,6.42857142857143,8,7.8,6.75,19,14,1,5,28,4058,2495,1563,354,823,3235,6.83855837851158,7.18449185971944,6.28634850287908,6.14314971751413,6.74682685297692,6.86189533230293,204
"203",2018,7,7.10786333333333,39,7.16809535714286,6.95454545454545,6.375,6.78571428571429,7.1783334375,28,11,4,7,32,4097,2523,1574,358,830,3267,6.84112193556261,7.18430989298454,6.29101824015248,6.14574022346369,6.74715481927711,6.86499481787572,205
"204",2018,8,6.65945945945946,37,7.16818181818182,5.91333333333333,7,6.6,6.66875,22,15,1,5,32,4134,2545,1589,359,835,3299,6.83949602564103,7.18417047544204,6.28745293266205,6.14811977715878,6.74627365269461,6.86309126098818,206
"205",2018,9,7.1025641025641,39,7.32608695652174,6.78125,6.625,7,7.11428571428571,23,16,4,4,35,4173,2568,1605,363,839,3334,6.84195460579919,7.18544153426791,6.29237552024922,6.15337465564738,6.74748331346842,6.86572827534493,207
"206",2018,10,6.96190476190476,42,7.69166666666667,5.98888888888889,5,6.85714285714286,6.98285714285714,24,18,1,7,35,4215,2592,1623,364,846,3369,6.84314983867141,7.19012880401234,6.28900967960567,6.15020604395605,6.74839066193854,6.86694510834075,208
"207",2018,11,7.21162790697674,43,7.46428571428571,6.74,6,6.75,7.25897435897436,28,15,2,4,39,4258,2620,1638,366,850,3408,6.8468709652419,7.19305872519084,6.29313962759463,6.14938524590164,6.74839823529412,6.87143135856807,209
"208",2018,12,7.05348837209302,43,7.44166666666667,6.56315789473684,7.5,7.83333333333333,6.995,24,19,2,3,40,4301,2644,1657,368,853,3448,6.84893665891653,7.19531537821482,6.2962357936029,6.15672554347826,6.75221395076202,6.87286486948956,210
"209",2019,1,6.90092592592593,54,7.60147058823529,5.71,5.33333333333333,7.63333333333333,6.8578431372549,34,20,3,3,51,4355,2678,1677,371,856,3499,6.84958130195178,7.20047194174757,6.28924431127012,6.15006738544475,6.75530198598131,6.87264591883395,211
"210",2019,2,6.91621621621622,37,6.9,6.95454545454545,6.66666666666667,6.91428571428571,6.91666666666667,26,11,3,7,30,4392,2704,1688,374,863,3529,6.85014266165756,7.19758278846154,6.29357980450237,6.15421122994653,6.75659154113557,6.87302013884953,212
"211",2019,3,6.99,41,7.91052631578947,6.195,5.5,6.66666666666667,7.01552631578947,19,22,2,3,38,4433,2723,1710,376,866,3567,6.85143617640424,7.20255742196107,6.29231152631579,6.15073138297872,6.75628002309469,6.87453828707597,213
"212",2019,4,6.65694444444444,36,7.06764705882353,6.28947368421053,4.5,7.14,6.57903225806452,17,19,4,5,31,4469,2740,1729,380,871,3598,6.84986944954129,7.20172038686131,6.29228034123771,6.1333552631579,6.75848277841562,6.87199223735408,214
"213",2019,5,6.89767441860465,43,7.35217391304348,6.375,7.875,6.95,6.88918918918919,23,20,4,6,37,4512,2763,1749,384,877,3635,6.85032503767731,7.20297280492218,6.29322624928531,6.15149739583333,6.75979304446978,6.87216728198074,215
"214",2019,6,6.92159413043478,46,7.44583333333333,6.34969681818182,6.5,6.84857142857143,6.93470076923077,24,22,2,7,39,4558,2787,1771,386,884,3674,6.85104429574375,7.2050641765339,6.29392774703557,6.15330310880829,6.76049604072398,6.87283108328797,216
"215",2019,7,6.92188679245283,53,7.16694444444444,6.40294117647059,5.5,6.73153846153846,6.98375,36,17,2,13,40,4611,2823,1788,388,897,3714,6.85185857731512,7.20457805880269,6.29496422818792,6.14993556701031,6.76007636566332,6.87402568659127,217
"216",2019,8,7.02884615384615,52,7.55909090909091,6.64,6.5,6.88571428571429,7.05111111111111,22,30,2,7,45,4663,2845,1818,390,904,3759,6.85383227535921,7.20731945869947,6.30065788778878,6.15173076923077,6.76104922566372,6.87614562383613,218
"217",2019,9,7.2753112,50,7.71984142857143,6.70954545454545,5,9.4375,7.0872947826087,28,22,1,4,46,4713,2873,1840,391,908,3805,6.85830372586463,7.21231445179255,6.30554676086957,6.14878516624041,6.77283975770925,6.87869828120893,219
"218",2019,10,7.23372093023256,43,7.75192307692308,6.44117647058824,6.5,7.68333333333333,7.16081081081081,26,17,1,6,37,4756,2899,1857,392,914,3842,6.86169795206056,7.21715399103139,6.30678838987614,6.14968112244898,6.77881673960613,6.88141513794898,220
"219",2019,11,7.21809523809524,42,7.43185185185185,6.83333333333333,6,7.13714285714286,7.23428571428571,27,15,2,7,35,4798,2926,1872,394,921,3877,6.86481772822009,7.21913514012303,6.3110075,6.14892131979696,6.78154017372421,6.88460071189064,221
"220",2019,12,6.67258064516129,62,7.2258064516129,6.11935483870968,4.5,6.71428571428571,6.66727272727273,31,31,2,7,55,4860,2957,1903,396,928,3932,6.86236532098765,7.21920507947243,6.30788546505518,6.14059343434344,6.78103286637931,6.88156077314344,222
"221",2020,1,6.9304347826087,69,7.23809523809524,6.45185185185185,6.75,6.07142857142857,7.02741935483871,42,27,2,7,62,4929,2999,1930,398,935,3994,6.86331821059038,7.21946962987662,6.30989950259067,6.14365577889447,6.77572032085562,6.8838249774662,223
"222",2020,2,6.97142647058824,68,7.29237777777778,6.34347826086957,4.7,7,6.96866129032258,45,23,1,6,62,4997,3044,1953,399,941,4056,6.86478936561937,7.22054744415243,6.31029495135689,6.14003759398496,6.77715037194474,6.88512178500986,224
"223",2020,3,6.72549019607843,51,6.83076923076923,6.616,6.58333333333333,6.16666666666667,6.8,26,25,6,6,45,5048,3070,1978,405,947,4101,6.86338202456418,7.21724639087947,6.31415876643074,6.14660493827161,6.77328247096093,6.88418774932943,225
"224",2020,4,6.72063492063492,63,7.2175,5.85652173913043,5.75,6.83333333333333,6.70877192982456,40,23,2,6,57,5111,3110,2001,407,953,4158,6.86162247309724,7.21724965273311,6.30889857071464,6.14465601965602,6.77366054564533,6.88178305916306,226
"225",2020,5,6.88590163934426,61,6.91333333333333,6.85935483870968,6.64,7.66666666666667,6.84551724137931,30,31,1,3,58,5172,3140,2032,408,956,4216,6.86190882830627,7.21434599363057,6.31729627952756,6.14587009803922,6.77646286610879,6.88128414611006,227
"226",2020,6,6.88181818181818,55,7,6.61764705882353,5.66666666666667,6.88888888888889,6.8804347826087,38,17,3,9,46,5227,3178,2049,411,965,4262,6.86211832026019,7.21178301447451,6.31978820888238,6.14237226277372,6.77751139896373,6.88127497888315,228
"227",2020,7,7.01818181818182,33,7.33181818181818,6.39090909090909,7.8,6.5,7.034375,22,11,1,1,32,5260,3200,2060,412,966,4294,6.86309742585551,7.21260825625,6.32016798058253,6.14639563106796,6.77722412008282,6.88241591988822,229
"228",2020,8,6.8953488372093,43,6.98148148148148,6.75,7.75,7,6.89024390243902,27,16,4,2,41,5303,3227,2076,416,968,4335,6.86335894022252,7.21067444065695,6.32348075144509,6.16181490384615,6.77768440082645,6.8824899561707,230
"229",2020,9,6.99358974358974,39,7.46428571428571,6.44444444444444,4.5,7.04166666666667,6.98484848484848,21,18,2,6,33,5342,3248,2094,418,974,4368,6.86430970797454,7.21231416871921,6.32452055396371,6.15386363636364,6.77931057494867,6.88326326923077,231
"230",2020,10,6.95927272727273,55,7.26758620689655,6.61538461538461,5.82666666666667,6.33333333333333,6.99538461538462,29,26,6,3,52,5397,3277,2120,424,977,4420,6.86527746155272,7.21280330180042,6.32808775471698,6.14923349056604,6.77794114636643,6.8845823438914,232
"231",2020,11,6.78153,61,6.88108108108108,6.62805541666667,5.165,6.875,6.77497070175439,37,24,4,4,57,5458,3314,2144,428,981,4477,6.86434147856358,7.20909970428485,6.3314456016791,6.14003504672897,6.77833690112131,6.88318679696225,233
"232",2020,12,6.86298701298701,77,7.09903846153846,6.372,6.16666666666667,7.3,6.83263888888889,52,25,3,5,72,5535,3366,2169,431,986,4549,6.86432263595303,7.2073994117647,6.33191303365606,6.14022041763341,6.7809822515213,6.88238674214113,234
"233",2021,1,6.73684931506849,73,7.04320754716981,5.925,6.75,5.398,6.83529411764706,53,20,4,5,68,5608,3419,2189,435,991,4617,6.86266330064194,7.20485417373501,6.32819523526725,6.1458275862069,6.77400454086781,6.88169315356292,235
"234",2021,2,6.86388059701493,67,7.07973684210526,6.58103448275862,6.75,6.8,6.86903225806452,38,29,4,5,62,5675,3457,2218,439,996,4679,6.8626776722467,7.20347886028348,6.33150106853021,6.15133257403189,6.77413504016064,6.8815253879034,236
"235",2021,3,6.84837209302326,43,7.10275862068965,6.32142857142857,4,6.71428571428571,6.87444444444444,29,14,1,7,36,5718,3486,2232,440,1003,4715,6.86257009268975,7.20264096959265,6.33143788978495,6.14644318181818,6.77371734795613,6.88147132343584,237
"236",2021,4,6.74418604651163,43,7.34761904761905,6.16818181818182,5.33333333333333,8,6.71428571428571,21,22,3,1,42,5761,3507,2254,443,1004,4757,6.8616864763062,7.2035091017964,6.32984444099379,6.14093679458239,6.77493874501992,6.87999522598276,238
"237",2021,5,6.476,50,7.06451612903226,5.51578947368421,5.5,6.91666666666667,6.41590909090909,31,19,2,6,44,5811,3538,2273,445,1010,4801,6.85836788676648,7.20229124364047,6.32303975802904,6.13805617977528,6.77578069306931,6.87574198916892,239
"238",2021,6,6.90703703703704,54,7.33939393939394,6.22761904761905,3,7.1,6.87829787234043,33,21,1,7,47,5865,3571,2294,446,1017,4848,6.85881599147485,7.20355822458695,6.3221662467306,6.1310201793722,6.77801229105211,6.87576676773927,240
"239",2021,7,7.06060606060606,33,7.27272727272727,6.63636363636364,NA,7.33333333333333,7.03333333333333,22,11,0,3,30,5898,3593,2305,446,1020,4878,6.85994503051882,7.20398174784302,6.323665670282,6.1310201793722,6.77964558823529,6.87673581180812,241
"240",2021,8,6.94254545454545,55,7.31142857142857,6.297,6,6.66666666666667,6.97632653061225,35,20,4,6,49,5953,3628,2325,450,1026,4927,6.86070817906938,7.20501830760749,6.32343628817204,6.12985555555556,6.77898489278753,6.87772626141668,242
"241",2021,9,6.73081967213115,61,7.28470588235294,6.03333333333333,5.33333333333333,5.8375,6.86566037735849,34,27,3,8,53,6014,3662,2352,453,1034,4980,6.8593907199867,7.20575817039869,6.32010602465986,6.12458057395144,6.77170067698259,6.87759784939759,243
"242",2021,10,6.8945,60,7.3525,5.9785,6.34111111111111,5.8925,6.96607142857143,40,20,9,4,56,6074,3702,2372,462,1038,5036,6.85973753539677,7.20734371150729,6.31722570404722,6.1287987012987,6.76831262042389,6.87858166997617,244
"243",2021,11,6.49448979591837,49,6.84347826086957,6.18576923076923,6.5,5.33333333333333,6.57021739130435,23,26,4,3,46,6123,3725,2398,466,1041,5082,6.85681459905275,7.20509702550335,6.31580040450375,6.13198497854077,6.7641772334294,6.87579049390004,245
"244",2021,12,7.0380487804878,82,7.48740740740741,6.17142857142857,5.8,6.84,7.06555555555556,54,28,5,10,72,6205,3779,2426,471,1051,5154,6.8592096357776,7.20913109817412,6.31413411788953,6.12846072186837,6.7648986679353,6.87844146100116,246
"245",2022,1,7.02307692307692,91,7.59074074074074,6.19459459459459,5.78333333333333,6.825,7.04753086419753,54,37,6,10,81,6296,3833,2463,477,1061,5235,6.86157811149937,7.21450728411166,6.31233835566383,6.12411949685535,6.76546512723845,6.88105774403056,247
"246",2022,2,6.73980104477612,67,6.8673334,6.36470588235294,6,6.3125,6.79774016949153,50,17,3,8,59,6363,3883,2480,480,1069,5294,6.86029584472733,7.21003685037342,6.3126973266129,6.12334375,6.76207530402245,6.88012919531545,248
"247",2022,3,7.00076923076923,65,7.30853658536585,6.475,6.125,7.46111111111111,6.92678571428571,41,24,2,9,56,6428,3924,2504,482,1078,5350,6.8617163130056,7.21106602701325,6.31425294329074,6.12335062240664,6.76791141001855,6.88061756261682,249
"248",2022,4,6.89354838709677,62,7.3051282051282,6.19565217391304,6.83333333333333,6,7.04528301886792,39,23,3,9,53,6490,3963,2527,485,1087,5403,6.86202040986133,7.21199169568508,6.31317347447566,6.12774226804124,6.76155335786568,6.88223282620766,250
"249",2022,5,6.95694444444444,72,7.485,6.296875,6.5,7.31818181818182,6.89180327868852,40,32,3,11,61,6562,4003,2559,488,1098,5464,6.86306194148126,7.21471973270047,6.31296966393122,6.13003073770492,6.76712978142076,6.88233967057101,251
"250",2022,6,7.3725,60,7.66282051282051,6.83333333333333,7,8.85,7.14519230769231,39,21,1,8,52,6622,4042,2580,489,1106,5516,6.86767781032921,7.21904331766452,6.31720518217054,6.13180981595092,6.78219575045208,6.8848176142132,252
"251",2022,7,6.83897297297297,74,7.11772727272727,6.43013333333333,7,6.07142857142857,6.91916417910448,44,30,1,7,67,6696,4086,2610,490,1113,5583,6.86736058243728,7.21795229809104,6.31850320689655,6.13358163265306,6.77772551662174,6.88522979759986,253
"252",2022,8,7.08813559322034,59,7.45609756097561,6.25,5.5,7,7.09811320754717,41,18,3,6,53,6755,4127,2628,493,1119,5636,6.86928889119171,7.22031817058396,6.31803400684931,6.1297261663286,6.77891733690795,6.88723171753016,254
