"","year","month","avg_rating","no_ratings","avg_rating_owned","avg_rating_not_owned","avg_rating_prev_owned","avg_rating_comment","avg_rating_no_comment","no_ratings_owned","no_ratings_not_owned","no_ratings_prev_owned","no_ratings_comment","no_ratings_no_comment","cum_no_ratings","cum_no_ratings_owned","cum_no_ratings_not_owned","cum_no_ratings_prev_owned","cum_no_ratings_comment","cum_no_ratings_no_comment","cum_avg_rating","cum_avg_rating_owned","cum_avg_rating_not_owned","cum_avg_rating_prev_owned","cum_avg_rating_comment","cum_avg_rating_no_comment","month_after_release"
"1",2010,5,8.5,3,8.5,NA,NA,NA,8.5,3,0,0,0,3,3,3,0,0,0,3,8.5,8.5,NA,NA,NA,8.5,-17
"2",2010,10,8,1,8,NA,NA,NA,8,1,0,0,0,1,4,4,0,0,0,4,8.375,8.375,NA,NA,NA,8.375,-12
"3",2011,6,8,1,NA,8,NA,NA,8,0,1,0,0,1,5,4,1,0,0,5,8.3,8.375,8,NA,NA,8.3,-4
"4",2011,7,8.25,2,8,8.5,NA,NA,8.25,1,1,0,0,2,7,5,2,0,0,7,8.28571428571429,8.3,8.25,NA,NA,8.28571428571429,-3
"5",2011,10,7.90909090909091,22,9.03846153846154,6.27777777777778,NA,6.66666666666667,8.375,13,9,0,6,16,29,18,11,0,6,23,8,8.83333333333333,6.63636363636364,NA,6.66666666666667,8.34782608695652,0
"6",2011,11,7.50593220338983,59,8.08928571428571,6.97903225806452,7.5,7.69615384615385,7.45217391304348,28,31,2,13,46,88,46,42,2,19,69,7.66875,8.3804347826087,6.88928571428572,7.5,7.37105263157895,7.75072463768116,1
"7",2011,12,8.35988372093023,86,8.73039215686275,7.82,7.85714285714286,8.21052631578947,8.40223880597015,51,35,7,19,67,174,97,77,9,38,136,8.01034482758621,8.56443298969072,7.31233766233766,7.77777777777778,7.79078947368421,8.07169117647059,2
"8",2012,1,8.23611111111111,252,8.70464285714286,7.65044642857143,8.07,8.2,8.2459595959596,140,112,25,54,198,426,237,189,34,92,334,8.14389671361502,8.64725738396625,7.51269841269841,7.99264705882353,8.03097826086956,8.175,3
"9",2012,2,8.16187718631179,263,8.70238095238095,7.47692844827586,7.42,7.61388888888889,8.30346267942584,147,116,25,54,209,689,384,305,59,146,543,8.15076008708273,8.668359375,7.49909409836066,7.75,7.87671232876712,8.22444511970534,4
"10",2012,3,8.17849462365591,186,8.45420560747664,7.80506329113924,8,8.09302325581395,8.2041958041958,107,79,11,43,143,875,491,384,70,189,686,8.15665565714286,8.62169042769857,7.56204088541667,7.78928571428571,7.92592592592592,8.22022405247813,5
"11",2012,4,7.99653846153846,208,8.59,7.26268817204301,7.49736842105263,7.49266666666667,8.0814606741573,115,93,19,30,178,1083,606,477,89,219,864,8.12590369344414,8.61567656765677,7.50367651991614,7.72696629213483,7.86657534246575,8.19163622685185,6
"12",2012,5,7.8705035971223,139,8.42898550724638,7.32,8.58333333333333,7.37,7.9546218487395,69,70,6,20,119,1222,675,547,95,239,983,8.09685245499182,8.59659259259259,7.48017129798903,7.78105263157895,7.82502092050209,8.16294374364191,7
"13",2012,6,8.1496644295302,149,8.47692307692308,7.63620689655172,8.21333333333333,7.91111111111111,8.20245901639344,91,58,15,27,122,1371,766,605,110,266,1105,8.10259204959883,8.58237597911227,7.49513008264463,7.84,7.83375939849624,8.1673065158371,8
"14",2012,7,7.92068965517241,145,8.338,7.47357142857143,7.30555555555556,7.70178571428571,7.97307692307692,75,70,9,28,117,1516,841,675,119,294,1222,8.08519373350924,8.56058263971463,7.49289437037037,7.79957983193277,7.82119047619048,8.14871006546645,9
"15",2012,8,7.82248322147651,149,8.49718309859155,7.20833333333333,7.125,7.37352941176471,7.88030303030303,71,78,12,17,132,1665,912,753,131,311,1354,8.0616839039039,8.55564692982456,7.46341792828685,7.73778625954199,7.79672025723473,8.12254335302807,10
"16",2012,9,7.73589743589744,117,8.23518518518519,7.30793650793651,7.66666666666667,7.3825,7.80876288659794,54,63,12,20,97,1782,966,816,143,331,1451,8.04029388327722,8.53773291925466,7.45141384803921,7.73181818181818,7.7716918429003,8.10156698828394,11
"17",2012,10,7.88023255813953,129,8.28642857142857,7.39830508474576,7.35,7.69047619047619,7.91712962962963,70,59,10,21,108,1911,1036,875,153,352,1559,8.02948911564626,8.5207528957529,7.4478328,7.70686274509804,7.76684659090909,8.08879005772931,12
"18",2012,11,7.82782608695652,138,8.27304347826087,7.38260869565217,7.60666666666667,7.475,7.90210526315789,69,69,15,24,114,2049,1105,944,168,376,1673,8.01590712542704,8.5052850678733,7.44306536016949,7.69791666666667,7.74821808510638,8.07606915720263,13
"19",2012,12,7.92461654135338,133,8.35211267605634,7.43506451612903,7.48125,7.598,8.00022222222222,71,62,16,25,108,2182,1176,1006,184,401,1781,8.01034266727772,8.49603741496599,7.44257226640159,7.67907608695652,7.73885286783042,8.07146979225154,14
"20",2013,1,7.84025974025974,154,8.34565217391304,7.09032258064516,6.72727272727273,7.53809523809524,7.88796992481203,92,62,11,21,133,2336,1268,1068,195,422,1914,7.99913000856164,8.4851261829653,7.42212331460674,7.62538461538462,7.72886255924171,8.05871875653082,15
"21",2013,2,7.77647058823529,102,8.38584905660377,7.11734693877551,7.58333333333333,8.15,7.74468085106383,53,49,6,8,94,2438,1321,1117,201,430,2008,7.98981447908121,8.48114307342922,7.40875353625783,7.62412935323383,7.7366976744186,8.04401777888446,16
"22",2013,3,8.11473214285714,112,8.40352112676056,7.61463414634146,7.8,8.1625,8.10434782608696,71,41,9,20,92,2550,1392,1158,210,450,2100,7.99530105882353,8.47718390804598,7.41604291882556,7.63166666666667,7.75562222222222,8.04666080952381,17
"23",2013,4,7.70877777777778,90,8.32658536585366,7.19183673469388,6.44444444444444,7.375,7.74134146341463,41,49,9,8,82,2640,1433,1207,219,458,2182,7.98553321969697,8.47287508722959,7.40694092792046,7.58287671232877,7.74897379912664,8.03518684692942,18
"24",2013,5,7.75688073394495,109,8.18114754098361,7.21770833333333,7.19444444444444,7.39333333333333,7.81489361702128,61,48,18,15,94,2749,1494,1255,237,473,2276,7.9764669698072,8.46096385542169,7.39970334661354,7.55337552742616,7.7376955602537,8.02608862038664,19
"25",2013,6,7.70208333333333,96,8.19705882352941,7.14111111111111,8.105,8.07142857142857,7.6390243902439,51,45,10,14,82,2845,1545,1300,247,487,2358,7.96720833040422,8.45225242718447,7.39075207692308,7.57570850202429,7.74728952772074,8.01262837150127,20
"26",2013,7,7.67878787878788,99,8.36904761904762,7.17017543859649,7.42857142857143,7.3,7.74117647058824,42,57,14,14,85,2944,1587,1357,261,501,2443,7.95750940896739,8.45005040957782,7.38148688282977,7.56781609195402,7.73479041916168,8.00318366762178,21
"27",2013,8,7.57178217821782,101,8.25740740740741,6.78404255319149,7.27272727272727,7.35,7.60168539325843,54,47,11,12,89,3045,1641,1404,272,513,2532,7.94471517241379,8.44371115173675,7.36148696581197,7.55588235294118,7.72578947368421,7.98907097156398,22
"28",2013,9,7.83564356435644,101,8.39166666666667,7.33207547169811,7.42307692307692,7.6125,7.87764705882353,48,53,13,16,85,3146,1689,1457,285,529,2617,7.94121350921805,8.44223208999408,7.36041708991078,7.54982456140351,7.7223629489603,7.98545192969048,23
"29",2013,10,7.47197802197802,91,7.91145833333333,6.98139534883721,7.5,7.28809523809524,7.52714285714286,48,43,9,21,70,3237,1737,1500,294,550,2687,7.92802215013902,8.42756476683938,7.3495518,7.54829931972789,7.70578181818182,7.97351235578712,24
"30",2013,11,7.4947619047619,105,7.99910714285714,6.91836734693878,7,7.28571428571429,7.50969387755102,56,49,13,7,98,3342,1793,1549,307,557,2785,7.91440984440455,8.41418293363079,7.33591200774693,7.52508143322476,7.7005026929982,7.95719127468582,25
"31",2013,12,7.03520408163265,98,7.87666666666667,6.32075471698113,5.54166666666667,7.01153846153846,7.03882352941176,45,53,12,13,85,3440,1838,1602,319,570,2870,7.88936270348837,8.40102285092492,7.30232690387016,7.45047021943574,7.68478947368421,7.92999222996516,26
"32",2014,1,7.66811594202899,138,8.21304347826087,7.1231884057971,7.775,8.02777777777778,7.64302325581395,69,69,12,9,129,3578,1907,1671,331,579,2999,7.88082942984908,8.39422128998427,7.29492980251347,7.46223564954683,7.69012089810017,7.91764844948316,27
"33",2014,2,7.56645569620253,79,7.87571428571429,7.32045454545455,7.8,7.34444444444444,7.595,35,44,9,9,70,3657,1942,1715,340,588,3069,7.87403820071097,8.38487641606591,7.29558466472303,7.47117647058824,7.68482993197279,7.91028924731183,28
"34",2014,3,7.42435897435897,78,8.09054054054054,6.82317073170732,6.85714285714286,7.25,7.45,37,41,7,10,68,3735,1979,1756,347,598,3137,7.86464730923695,8.37937342091966,7.28455449886105,7.45878962536023,7.67755852842809,7.90031166719796,29
"35",2014,4,7.68951612903226,62,8.48461538461538,7.11527777777778,7.23888888888889,7.81428571428571,7.67363636363636,26,36,9,7,55,3797,2005,1792,356,605,3192,7.86178764814327,8.38073815461347,7.28115385044643,7.45323033707865,7.67914049586777,7.89640592105263,30
"36",2014,5,7.5453125,64,8.13793103448276,7.05428571428571,6.8875,6.77777777777778,7.67090909090909,29,35,8,9,55,3861,2034,1827,364,614,3247,7.85654175084175,8.37727630285153,7.27680771756979,7.4407967032967,7.66592833876221,7.89258629504158,31
"37",2014,6,7.4280701754386,57,8.11428571428571,6.76551724137931,6.55,7.42083333333333,7.43,28,29,8,12,45,3918,2062,1856,372,626,3292,7.85030824400204,8.37370514064016,7.26881880387931,7.42163978494624,7.66123003194888,7.8862629708384,32
"38",2014,7,7.74131147540984,61,8.10628571428571,7.25,6.8,7.475,7.78150943396226,35,26,5,8,53,3979,2097,1882,377,634,3345,7.84863727067102,8.36924177396281,7.26855882040383,7.41339522546419,7.65888012618296,7.88460319880418,33
"39",2014,8,7.741,70,8.36184210526316,7.00375,7,7.71071428571429,7.74857142857143,38,32,10,14,56,4049,2135,1914,387,648,3401,7.84677641392937,8.36911007025761,7.2641315047022,7.40271317829457,7.66,7.88236333431344,34
"40",2014,9,7.55322580645161,62,8.00833333333333,6.92307692307692,7.14285714285714,7.25,7.59814814814815,36,26,7,8,54,4111,2171,1940,394,656,3455,7.84234923376308,8.3631275909719,7.25956067010309,7.39809644670051,7.655,7.87792118668596,35
"41",2014,10,7.50461538461538,65,8.22903225806452,6.84411764705882,7.05,7.08333333333333,7.54745762711864,31,34,10,6,59,4176,2202,1974,404,662,3514,7.83709236111111,8.36123978201635,7.25240511651469,7.3894801980198,7.64981873111782,7.87237270916334,36
"42",2014,11,7.65765168539326,89,8.05448936170213,7.21357142857143,7.8125,7.975,7.60819480519481,47,42,12,12,77,4265,2249,2016,416,674,3591,7.83334787807738,8.35482925744776,7.25159608134921,7.40168269230769,7.65560830860534,7.86670807574492,37
"43",2014,12,7.58407246376812,69,8.25738235294118,6.93,7.16666666666667,7.231375,7.63032786885246,34,35,6,8,61,4334,2283,2051,422,682,3652,7.82937925703738,8.35337801138852,7.24610809361287,7.39834123222749,7.65063196480938,7.8627597754655,38
"44",2015,1,7.731875,80,8.03387755102041,7.25451612903226,7.6425,7.86538461538461,7.70597014925373,49,31,8,13,67,4414,2332,2082,430,695,3719,7.82761207521523,8.34666466552316,7.24623328530259,7.40288372093023,7.65464892086331,7.85993511696692,39
"45",2015,2,7.37291666666667,72,7.934375,6.92375,7.465625,7.95,7.27983870967742,32,40,16,10,62,4486,2364,2122,446,705,3781,7.82031424431565,8.34108375634518,7.24015442978322,7.40513452914798,7.65883829787234,7.85042282464956,40
"46",2015,3,7.55986842105263,76,7.91046511627907,7.1030303030303,6.9375,6.61111111111111,7.68731343283582,43,33,8,9,67,4562,2407,2155,454,714,3848,7.81597538360368,8.33339094308268,7.23805461716937,7.39689427312775,7.64563165266106,7.84758282224532,41
"47",2015,4,7.66166666666667,60,8.03103448275862,7.31612903225806,8.25,7.92857142857143,7.62641509433962,29,31,6,7,53,4622,2436,2186,460,721,3901,7.81397224145392,8.32979146141215,7.23916180237877,7.40802173913043,7.6483786407767,7.84457798000512,42
"48",2015,5,7.59402985074627,67,8.16896551724138,7.15526315789474,6.99,7.76666666666667,7.56724137931035,29,38,10,9,58,4689,2465,2224,470,730,3959,7.81082953721476,8.32789939148073,7.2377282823741,7.39912765957447,7.64983698630137,7.84051495327103,43
"49",2015,6,7.65444444444444,63,8.240625,7.04935483870968,7,7.33333333333333,7.68824561403509,32,31,3,6,57,4752,2497,2255,473,736,4016,7.80875625,8.32678093712455,7.23513866962306,7.39659619450317,7.64725679347826,7.83835375996016,44
"50",2015,7,7.6046875,64,8.22142857142857,7.125,7.26,6.175,7.80892857142857,28,36,10,8,56,4816,2525,2291,483,744,4072,7.80604437292359,8.32561267326733,7.23340798777826,7.39376811594203,7.63142607526881,7.8379490913556,45
"51",2015,8,7.44838709677419,62,7.884375,6.98333333333333,7.6875,6.91666666666667,7.50535714285714,32,30,8,6,56,4878,2557,2321,491,750,4128,7.80149850348504,8.32009073132577,7.23017565704438,7.39855397148676,7.625708,7.83343718507752,46
"52",2015,9,7.71166666666667,60,8.096,7.43714285714286,7.21428571428571,7.91818181818182,7.66530612244898,25,35,7,11,49,4938,2582,2356,498,761,4177,7.80040698663427,8.31792099147947,7.23325029711375,7.39596385542169,7.62993561103811,7.8314648551592,47
"53",2015,10,7.48541666666667,72,8.37692307692308,6.98152173913043,7.15384615384615,7.15,7.56637931034483,26,46,13,14,58,5010,2608,2402,511,775,4235,7.79588017964072,8.31850920245399,7.22842951706911,7.38980430528376,7.62126580645161,7.82783440377804,48
"54",2015,11,7.65376344086021,93,8.34318181818182,7.03469387755102,6.94736842105263,7.4375,7.67411764705882,44,49,19,8,85,5103,2652,2451,530,783,4320,7.79329016264942,8.3189185520362,7.22455638514892,7.37394339622641,7.61938825031928,7.82480988425926,49
"55",2015,12,7.55691489361702,94,8.05754716981132,6.90975609756098,6.33333333333333,7.44230769230769,7.57530864197531,53,41,9,13,81,5197,2705,2492,539,796,4401,7.78901475851453,8.31379741219963,7.21937708667737,7.35656771799629,7.61649623115578,7.82021783685526,50
"56",2016,1,7.43204081632653,98,8.05723404255319,6.85588235294118,6.78571428571429,7.43333333333333,7.43186046511628,47,51,14,12,86,5295,2752,2543,553,808,4487,7.78240787535411,8.30941569767442,7.21208718049548,7.3421157323689,7.61377599009901,7.81277439268999,51
"57",2016,2,7.91048387096774,62,8.2890625,7.50666666666667,7.5375,7.98571428571429,7.90090909090909,32,30,8,7,55,5357,2784,2573,561,815,4542,7.7838901810715,8.30918175287356,7.21552184220754,7.34490196078431,7.61697055214724,7.81384163364157,52
"58",2016,3,7.62528735632184,87,8.185,7.14893617021277,7.25,7.7,7.61333333333333,40,47,8,12,75,5444,2824,2620,569,827,4617,7.78135556576047,8.30742280453257,7.21432736641222,7.3435676625659,7.6181753325272,7.81058451375352,53
"59",2016,4,7.70067567567568,74,8.20833333333333,7.034375,7.04545454545455,7.69444444444444,7.70153846153846,42,32,11,9,65,5518,2866,2652,580,836,4682,7.78027359550562,8.30597069085834,7.21215599547511,7.33791379310345,7.61899641148325,7.80907063220846,54
"60",2016,5,7.87868852459016,61,8.12058823529412,7.57407407407407,7.3125,7.625,7.89649122807018,34,27,8,4,57,5579,2900,2679,588,840,4739,7.781349650475,8.30379724137931,7.21580354609929,7.33756802721088,7.619025,7.81012211437012,55
"61",2016,6,7.96,55,8.39545454545454,7.30681818181818,6.5,8.56666666666667,7.84130434782609,33,22,2,9,46,5634,2933,2701,590,849,4785,7.78309366347178,8.304828503239,7.21654487226953,7.33472881355932,7.62907067137809,7.81042188087774,56
"62",2016,7,7.96608695652174,69,8.334375,7.64756756756757,7.22625,8.04,7.9535593220339,32,37,8,10,59,5703,2965,2738,598,859,4844,7.78530768016833,8.305147386172,7.22236950328707,7.33327759197324,7.63385448195576,7.81216529727498,57
"63",2016,8,8.05588235294118,68,8.54722222222222,7.503125,7.8,8.36363636363636,7.99649122807017,36,32,5,11,57,5771,3001,2770,603,870,4901,7.78849587593138,8.30805131622792,7.22561288808664,7.33714759535655,7.6430816091954,7.81430905937564,58
"64",2016,9,7.59719101123595,89,8.03679245283019,6.95,6.5,6.78125,7.67777777777778,53,36,8,8,81,5860,3054,2806,611,878,4982,7.78559039249147,8.30334381139489,7.22207687099074,7.32618657937807,7.63522892938496,7.81208926134082,59
"65",2016,10,7.64527472527473,91,8.03510204081633,7.19047619047619,6.84545454545455,7.26,7.69283950617284,49,42,11,10,81,5951,3103,2848,622,888,5063,7.78344474878172,8.29910796003867,7.2216108497191,7.31768488745981,7.63100337837838,7.81018145368359,60
"66",2016,11,7.7990099009901,101,8.32978723404255,7.33703703703704,6.61666666666667,7.83846153846154,7.79318181818182,47,54,12,13,88,6052,3150,2902,634,901,5151,7.78370451090549,8.29956571428571,7.22375868366644,7.30441640378549,7.63399667036626,7.80989103086779,61
"67",2016,12,7.91815384615385,65,8.2625,7.49068965517241,7.80555555555556,8.1,7.903,36,29,9,5,60,6117,3186,2931,643,906,5211,7.78513318620239,8.29914689265537,7.22639976117366,7.31143079315708,7.63656843267108,7.81096309729418,62
"68",2017,1,7.82009523809524,105,8.36271186440678,7.12413043478261,6.71428571428571,7.72941176470588,7.83761363636364,59,46,14,17,88,6222,3245,2977,657,923,5299,7.78572319189971,8.30030261941448,7.22481951629157,7.29870624048706,7.63827843986999,7.81140568031704,63
"69",2017,2,7.35352941176471,85,8.03421052631579,6.8031914893617,6.65277777777778,7,7.40066666666667,38,47,18,10,75,6307,3283,3024,675,933,5374,7.77989847788172,8.29722266219921,7.21826643518519,7.28148148148148,7.63143729903537,7.8056733717901,64
"70",2017,3,7.62260273972603,73,8.07236842105263,7.13428571428571,7.04545454545455,7.81428571428571,7.60227272727273,38,35,11,7,66,6380,3321,3059,686,940,5440,7.77809869905956,8.29464980427582,7.21730555737169,7.27769679300292,7.63279893617021,7.80320564338235,65
"71",2017,4,7.43947368421053,76,8.18292682926829,6.56857142857143,6.91666666666667,7.94444444444444,7.37164179104478,41,35,6,9,67,6456,3362,3094,692,949,5507,7.7741124070632,8.29328732897085,7.20996693600517,7.27456647398844,7.63575447839831,7.79795509351734,66
"72",2017,5,7.57577464788732,71,8.18263157894737,6.8769696969697,7.00714285714286,7.74928571428571,7.53315789473684,38,33,7,14,57,6527,3400,3127,699,963,5564,7.7719549103723,8.29205058823529,7.20645273425008,7.27188841201717,7.63740498442367,7.79524239755572,67
"73",2017,6,7.6212962962963,54,8.05384615384615,7.21964285714286,6.2,8.02222222222222,7.54111111111111,26,28,5,9,45,6581,3426,3155,704,972,5609,7.77071869016867,8.29024284880327,7.20656979397781,7.26427556818182,7.64096810699588,7.79320354786949,68
"74",2017,7,7.12622950819672,61,7.75806451612903,6.47333333333333,7.16666666666667,8,7.08103448275862,31,30,9,3,58,6642,3457,3185,713,975,5667,7.76479971394159,8.28547063928261,7.19966332810047,7.26304347826087,7.64207282051282,7.78591471678136,69
"75",2017,8,7.55103896103896,77,8.28513513513514,6.872,7.1,7.6,7.54373134328358,37,40,10,10,67,6719,3494,3225,723,985,5734,7.76235000744158,8.28546708643389,7.19559928682171,7.26078838174274,7.64164568527918,7.78308487966515,70
"76",2017,9,7.73132530120482,83,8.10444444444444,7.28947368421053,7.14285714285714,7.8125,7.72266666666667,45,38,7,8,75,6802,3539,3263,730,993,5809,7.7619714348721,8.28316530093247,7.19669252221882,7.25965753424658,7.6430221550856,7.78230482010673,71
"77",2017,10,7.45526315789474,76,8.00666666666667,6.65483870967742,6.36,7.84090909090909,7.39,45,31,5,11,65,6878,3584,3294,735,1004,5874,7.75858239313754,8.27969363839286,7.19159310868245,7.25353741496599,7.64519023904382,7.77796368743616,72
"78",2017,11,7.58173636363636,110,8.07329310344828,7.03346153846154,6.71538461538462,7.78571428571429,7.56787378640777,58,52,13,7,103,6988,3642,3346,748,1011,5977,7.75579861190613,8.27640664470071,7.18913559473999,7.24418449197861,7.64616320474777,7.77434326585243,73
"79",2017,12,7.77855072463768,69,8.203125,7.41135135135135,7.45833333333333,8.08333333333333,7.74952380952381,32,37,6,6,63,7057,3674,3383,754,1017,6040,7.75602107127675,8.27576837234622,7.19156597694354,7.24588859416446,7.64874237954769,7.77408438741722,74
"80",2018,1,7.8082837254902,102,8.28690909090909,7.24819021276596,6.9,7.57272727272727,7.83675758241758,55,47,10,11,91,7159,3729,3430,764,1028,6131,7.75676569911999,8.27593268972915,7.19234187755102,7.2413612565445,7.64792898832685,7.77501462077964,75
"81",2018,2,7.59920454545455,88,8.01632653061225,7.07512820512821,7.64285714285714,7.8275,7.56315789473684,49,39,7,12,76,7247,3778,3469,771,1040,6207,7.75485244101008,8.27256564319746,7.19102411069473,7.24500648508431,7.65000096153846,7.77242059610117,76
"82",2018,3,7.72418918918919,74,8.04166666666667,7.3075,7.28571428571429,7.14285714285714,7.78492537313433,42,32,7,7,67,7321,3820,3501,778,1047,6274,7.75454249965852,8.27002696335078,7.19208872893459,7.24537275064267,7.64661031518624,7.77255413452343,77
"83",2018,4,7.74357142857143,70,8.35571428571428,7.13142857142857,7.46666666666667,8,7.71048387096774,35,35,15,8,62,7391,3855,3536,793,1055,6336,7.75443859288324,8.27080492866407,7.19148830316742,7.24955863808323,7.64929004739336,7.7719467550505,78
"84",2018,5,7.29661733333333,90,7.98171727272727,6.64130434782609,7,7.12727272727273,7.32019696202532,44,46,6,11,79,7481,3899,3582,799,1066,6415,7.74893078465446,8.2675425904078,7.18442284757119,7.2476846057572,7.64390337711069,7.76638350740452,79
"85",2018,6,7.06666666666667,57,8.10952380952381,6.45833333333333,7,7.58333333333333,7.00588235294118,21,36,6,6,51,7538,3920,3618,805,1072,6466,7.74377171663571,8.26669606122449,7.17719807628524,7.24583850931677,7.64356436567164,7.76038512217754,80
"86",2018,7,7.30946428571429,56,8.08724137931035,6.47407407407407,6.04545454545455,5.85714285714286,7.5169387755102,29,27,11,7,49,7594,3949,3645,816,1079,6515,7.74056902818014,8.26537821220562,7.17198975034294,7.2296568627451,7.6319749768304,7.75855413660783,81
"87",2018,8,7.35241379310345,58,7.925,7.05105263157895,7,8.18,7.22,20,38,11,8,50,7652,3969,3683,827,1087,6565,7.73762692106639,8.26366302847065,7.1707419603584,7.22660217654172,7.63600827966881,7.75445242955065,82
"88",2018,9,7.39821428571429,56,7.65357142857143,7.14285714285714,6.66666666666667,7.28571428571429,7.41428571428571,28,28,6,7,49,7708,3997,3711,833,1094,6614,7.73516102750389,8.25938918188641,7.17053156561574,7.22256902761105,7.63376691042047,7.75193229513154,83
"89",2018,10,7.3224815,60,7.4958025,7.0625,6.5,7.7325,7.25940173076923,36,24,2,8,52,7768,4033,3735,835,1102,6666,7.73197349253347,8.25257313414332,7.16983738688086,7.22083832335329,7.6344836660617,7.74809017251725,84
"90",2018,11,7.26603174603175,63,7.65970588235294,6.80448275862069,6.583,6.5,7.36178571428571,34,29,10,7,56,7831,4067,3764,845,1109,6722,7.72822501468523,8.24761678141136,7.16702248671626,7.2132899408284,7.62732281334536,7.74487192650997,85
"91",2018,12,7.29333333333333,45,7.91,6.8,6.5,8.56666666666667,7.20238095238095,20,25,6,3,42,7876,4087,3789,851,1112,6764,7.72574023489081,8.24596463175924,7.16460085510689,7.20826086956522,7.62985701438849,7.74150341366056,86
"92",2019,1,7.43958904109589,73,8.1141935483871,6.94166666666667,7.05,6.30555555555556,7.5990625,31,42,10,9,64,7949,4118,3831,861,1121,6828,7.72311235249717,8.24497266877125,7.16215678412947,7.20642276422764,7.61922479928635,7.74016829086116,87
"93",2019,2,7.16442307692308,52,8.04285714285714,6.56935483870968,6.95833333333333,6.35,7.25106382978723,21,31,6,5,47,8001,4139,3862,867,1126,6875,7.71948132608424,8.24394719739067,7.15739840497152,7.20470588235294,7.61358880994671,7.73682459490909,88
"94",2019,3,7.65523076923077,65,8.18027777777778,7.00344827586207,6.625,7.71777777777778,7.64517857142857,36,29,8,9,56,8066,4175,3891,875,1135,6931,7.71896356186462,8.24339819161677,7.156250999743,7.19940571428571,7.61441497797357,7.73608412783148,89
"95",2019,4,7.54446041666667,48,7.93181818181818,7.21669615384615,7.33333333333333,7.6,7.5380023255814,22,26,3,5,43,8114,4197,3917,878,1140,6974,7.71793125338921,8.24176493924232,7.15665221853459,7.19986332574032,7.61435175438596,7.73486280326929,90
"96",2019,5,7.594,50,8.23148148148148,6.84565217391304,6.5,6.33333333333333,7.87073170731707,27,23,6,9,41,8164,4224,3940,884,1149,7015,7.71717224277315,8.24169920691288,7.15483673604061,7.19511312217195,7.60431766753699,7.73565690520314,91
"97",2019,6,7.79217046511628,43,8.21097208333333,7.26315789473684,7.78571428571429,7.83333333333333,7.78549540540541,24,19,7,6,37,8207,4248,3959,891,1155,7052,7.71756519069088,8.24152560734463,7.15535659004799,7.19975308641975,7.60550735930736,7.73591839478162,92
"98",2019,7,7.71548604166667,48,8.20166653846154,7.14090909090909,6.78333333333333,7.25,7.80858325,26,22,6,8,40,8255,4274,3981,897,1163,7092,7.71755310115082,8.24128313289658,7.15527674956041,7.19696767001115,7.6030619088564,7.73632823604061,93
"99",2019,8,7.41,65,7.91571428571429,6.82,6.875,7.775,7.30980392156863,35,30,4,14,51,8320,4309,4011,901,1177,7143,7.71515034254808,8.2386386887909,7.15276907005734,7.19553829078801,7.60510705182668,7.73328291334173,94
"100",2019,9,7.69238095238095,42,7.76166666666667,7.6,7.5,8.24285714285714,7.58228571428571,24,18,4,7,35,8362,4333,4029,905,1184,7178,7.71503597823487,8.2359967943688,7.15476712335567,7.19688397790055,7.60887753378378,7.73254664948454,95
"101",2019,10,7.41176744186046,43,7.81163636363636,6.99285714285714,6.4,7,7.43185365853659,22,21,5,2,41,8405,4355,4050,910,1186,7219,7.71348445568114,8.23385306773823,7.15392759012346,7.19250549450549,7.60785075885329,7.7308388765757,96
"102",2019,11,7.08179104477612,67,8.14538461538462,6.40731707317073,6.27272727272727,7.61,7.01016949152542,26,41,11,8,59,8472,4381,4091,921,1194,7278,7.70848876888574,8.23332803241269,7.14644505988756,7.18152008686211,7.60786515912898,7.72499668178071,97
"103",2019,12,7.5206,50,8.006,6.7925,6.08333333333333,7.875,7.45309523809524,30,20,6,8,42,8522,4411,4111,927,1202,7320,7.70738639403896,8.23178193380186,7.14472311846266,7.1744120819849,7.60964309484193,7.72343659153005,98
"104",2020,1,7.64342105263158,76,7.965,7.28611111111111,6.91428571428571,7.58181818181818,7.65384615384615,40,36,7,11,65,8598,4451,4147,934,1213,7385,7.70682098743894,8.22938443271175,7.14595050397878,7.1724625267666,7.60939076669415,7.72282408259986,99
"105",2020,2,7.79592641509434,53,8.17433333333333,7.30235217391304,6.1,7.33333333333333,7.85498085106383,30,23,5,6,47,8651,4481,4170,939,1219,7432,7.70736688822102,8.22901586922562,7.14681315107914,7.16675186368477,7.60803199343724,7.72365984257266,100
"106",2020,3,7.5465844,75,8.08214948717949,6.96638888888889,6.98235294117647,7.2,7.59384590909091,39,36,17,9,66,8726,4520,4206,956,1228,7498,7.70598496218199,8.22774865929203,7.14526886352829,7.16347280334728,7.60504153094462,7.72251717524673,101
"107",2020,4,7.40865384615385,52,7.76973684210526,6.42857142857143,7.75,7.75,7.38020833333333,38,14,4,4,48,8778,4558,4220,960,1232,7546,7.70422360218729,8.22393021939447,7.1428911943128,7.16591666666667,7.60551217532467,7.72033975351179,102
"108",2020,5,7.66319672131148,61,7.95,7.27711538461538,7.1125,7.44,7.683125,35,26,8,5,56,8839,4593,4246,968,1237,7602,7.70394046611608,8.221842791204,7.14371310409797,7.16547520661157,7.60484316895715,7.72006561168114,103
"109",2020,6,7.89426229508197,61,8.01511627906977,7.60555555555556,7.48333333333333,7.08333333333333,7.98272727272727,43,18,6,6,55,8900,4636,4264,974,1243,7657,7.70524491910113,8.21992535375323,7.14566272045028,7.16743326488706,7.60232582461786,7.72195230246833,104
"110",2020,7,7.70178571428571,56,8.14705882352941,7.01363636363636,5.6,7.17692307692308,7.86046511627907,34,22,5,13,43,8956,4670,4286,979,1256,7700,7.70522328941492,8.21939484796574,7.14498503033131,7.15942798774259,7.59792277070064,7.72272581558441,105
"111",2020,8,7.75986666666667,75,8.065,7.41114285714286,7.22727272727273,8.2,7.69215384615385,40,35,11,10,65,9031,4710,4321,990,1266,7765,7.70567708780866,8.21808363906582,7.14714090256885,7.16018181818182,7.6026785150079,7.72246990083709,106
"112",2020,9,7.59384615384615,65,8.05555555555556,7.02068965517241,7.25,7.64285714285714,7.58793103448276,36,29,8,7,58,9096,4746,4350,998,1273,7823,7.70487794415128,8.2168508091024,7.14629789425287,7.16090180360721,7.60289945011783,7.72147242490093,107
"113",2020,10,7.31346153846154,52,7.76666666666667,6.925,6.85,7.125,7.32916666666667,24,28,10,4,48,9148,4770,4378,1008,1277,7871,7.70265301486664,8.21458573165618,7.14488255824577,7.15781746031746,7.60140250587314,7.71908001270486,108
"114",2020,11,7.90880597014925,67,8.22194444444444,7.54516129032258,7.4375,7.28571428571429,7.9815,36,31,8,7,60,9215,4806,4409,1016,1284,7931,7.70415190233316,8.21464085310029,7.14769694715355,7.16001968503937,7.59968146417445,7.7210652855882,109
"115",2020,12,7.72610169491525,59,8.06842105263158,7.10666666666667,6.78571428571429,8.14285714285714,7.67,38,21,7,7,52,9274,4844,4430,1023,1291,7983,7.7042915441018,8.2134937943848,7.1475024469526,7.15745845552297,7.60262664601084,7.72073265439058,110
"116",2021,1,7.61418918918919,74,8.01878048780488,7.11151515151515,6.87272727272727,8.66666666666667,7.56971830985916,41,33,11,3,71,9348,4885,4463,1034,1294,8054,7.70357828198546,8.21185955783009,7.14723635222944,7.15442940038685,7.60509350850077,7.71940138813012,111
"117",2021,2,7.79185185185185,54,8.02714285714286,7.53846153846154,7.05,8.55875,7.65847826086957,28,26,10,8,46,9402,4913,4489,1044,1302,8100,7.70408527760052,8.21080682678608,7.14950230340833,7.15342911877395,7.61095314900153,7.71905540493827,112
"118",2021,3,7.79381818181818,55,8.119,6.92666666666667,5.75,7.15166666666667,7.87244897959184,40,15,4,6,49,9457,4953,4504,1048,1308,8149,7.7046071460294,8.21006540278619,7.14876017761989,7.14807251908397,7.60884633027523,7.71997776168855,113
"119",2021,4,7.65932203389831,59,8.16285714285714,6.925,7.275,7.15555555555556,7.75,35,24,4,9,50,9516,4988,4528,1052,1317,8199,7.70432637452712,8.2097341499599,7.14757416961131,7.14855513307985,7.60574867122247,7.72016084644469,114
"120",2021,5,7.9279334,50,8.35133342857143,6.94,6.86,7.675,7.97611119047619,35,15,5,8,42,9566,5023,4543,1057,1325,8241,7.70549513380724,8.21072080629106,7.14688880475457,7.14719016083254,7.60616679245283,7.72146528940662,115
"121",2021,6,7.3804347826087,46,8.10416666666667,6.59090909090909,7.25,7.83333333333333,7.3125,24,22,8,6,40,9612,5047,4565,1065,1331,8281,7.70393949750313,8.2102141093719,7.14420938444688,7.14796244131455,7.60719083395943,7.71948985025963,116
"122",2021,7,7.16068139534884,43,7.82901428571429,6.52272727272727,6.58333333333333,7.50155,7.10540540540541,21,22,6,6,37,9655,5068,4587,1071,1337,8318,7.701520015536,8.20863455209155,7.14122865489427,7.14479925303455,7.6067167539267,7.71675828925222,117
"123",2021,8,7.81428571428571,49,8.26333333333333,7.10526315789474,6.5,8.125,7.75365853658537,30,19,5,8,41,9704,5098,4606,1076,1345,8359,7.70208942188788,8.2089564358572,7.14108029526704,7.14180297397769,7.6097994795539,7.71693928101447,118
"124",2021,9,7.42316934426229,61,8.4245975862069,6.515625,7.16666666666667,6.7,7.48773803571429,29,32,6,5,56,9765,5127,4638,1082,1350,8415,7.7003470640041,8.2101761732007,7.13676495040966,7.14194085027726,7.60642985185185,7.71541399643494,119
"125",2021,10,7.89428571428571,35,8.29411764705882,7.51666666666667,7.125,NA,7.89428571428571,17,18,4,0,35,9800,5144,4656,1086,1350,8450,7.70103970204082,8.21045358475894,7.13823364261168,7.14187845303867,7.60642985185185,7.7161548852071,120
"126",2021,11,7.91981132075472,53,8.27307692307692,7.57962962962963,7.6,8.44166666666667,7.8531914893617,26,27,5,6,47,9853,5170,4683,1091,1356,8497,7.70221649040902,8.21076851837524,7.14077852658552,7.14397800183318,7.6101255899705,7.71691288454749,121
"127",2021,12,7.46672131147541,61,7.91620689655172,7.059375,7.17272727272727,7.34727272727273,7.493,29,32,11,11,50,9914,5199,4715,1102,1367,8547,7.70076750857374,8.20912545489517,7.14022605302227,7.14426497277677,7.6080104608632,7.71560299286299,122
"128",2022,1,7.54296703296703,91,7.94911111111111,7.14565217391304,7.03636363636364,7.52857142857143,7.54416666666667,45,46,11,7,84,10005,5244,4761,1113,1374,8631,7.69933224187907,8.20689421052631,7.14027847931107,7.14319856244384,7.6076057496361,7.71393451280269,123
"129",2022,2,7.06553191489362,47,7.51310344827586,6.34444444444444,6.57142857142857,6.5,7.14829268292683,29,18,7,6,41,10052,5273,4779,1120,1380,8672,7.69636879029049,8.20307855869524,7.13728098765432,7.139625,7.60279007246377,7.71126023754613,124
"130",2022,3,7.67952542372881,59,7.95811111111111,7.24347826086957,7.16666666666667,7.3875,7.72533333333333,36,23,6,8,51,10111,5309,4802,1126,1388,8723,7.69627050539017,8.20141744961386,7.13778963765098,7.13976909413854,7.60154920749279,7.71134251748252,125
"131",2022,4,7.90892857142857,56,8.27878787878788,7.37826086956522,6.66666666666667,8.5,7.838,33,23,3,6,50,10167,5342,4825,1129,1394,8773,7.69744182944822,8.20189540247098,7.1389359253886,7.1385119574845,7.6054162840746,7.712064377066,126
"132",2022,5,7.52265625,64,7.9734375,7.071875,7.03333333333333,7.66818181818182,7.49245283018868,32,32,6,11,53,10231,5374,4857,1135,1405,8826,7.6963484586062,8.20053502791217,7.13849409923821,7.13795594713656,7.60590768683274,7.7107456129617,127
"133",2022,6,7.74689361702128,47,8.33972727272727,7.2252,7,8.6324,7.64147619047619,22,25,2,5,42,10278,5396,4882,1137,1410,8868,7.696579595252,8.20110252779837,7.13893810733306,7.13771328056288,7.60954773049645,7.71041754397835,128
"134",2022,7,7.79697674418605,43,8.5252,6.78555555555556,6.64,8.064,7.76184210526316,25,18,5,5,38,10321,5421,4900,1142,1415,8906,7.69699787617479,8.20259716657443,7.13763996734694,7.13553415061296,7.61115356890459,7.71063696159892,129
"135",2022,8,7.69113636363636,44,7.9547619047619,7.4504347826087,6.875,7.5,7.72131578947368,21,23,4,6,38,10365,5442,4923,1146,1421,8944,7.6969729937289,8.20164080117604,7.13910132845826,7.13462478184991,7.6106842364532,7.7106823322898,130
