"","year","month","avg_rating","no_ratings","avg_rating_owned","avg_rating_not_owned","avg_rating_prev_owned","avg_rating_comment","avg_rating_no_comment","no_ratings_owned","no_ratings_not_owned","no_ratings_prev_owned","no_ratings_comment","no_ratings_no_comment","cum_no_ratings","cum_no_ratings_owned","cum_no_ratings_not_owned","cum_no_ratings_prev_owned","cum_no_ratings_comment","cum_no_ratings_no_comment","cum_avg_rating","cum_avg_rating_owned","cum_avg_rating_not_owned","cum_avg_rating_prev_owned","cum_avg_rating_comment","cum_avg_rating_no_comment","month_after_release"
"1",2010,11,8.23333333333333,3,NA,8.23333333333333,NA,9,7.85,0,3,0,1,2,3,0,3,0,1,2,8.23333333333333,NA,8.23333333333333,NA,9,7.85,-11
"2",2011,1,10,1,10,NA,NA,NA,10,1,0,0,0,1,4,1,3,0,1,3,8.675,10,8.23333333333333,NA,9,8.56666666666667,-9
"3",2011,5,8,1,NA,8,NA,NA,8,0,1,0,0,1,5,1,4,0,1,4,8.54,10,8.175,NA,9,8.425,-5
"4",2011,6,9.5,1,NA,9.5,NA,9.5,NA,0,1,0,1,0,6,1,5,0,2,4,8.7,10,8.44,NA,9.25,8.425,-4
"5",2011,7,8.5,4,10,8,NA,10,8,1,3,0,1,3,10,2,8,0,3,7,8.62,10,8.275,NA,9.5,8.24285714285714,-3
"6",2011,8,8.2,5,8.25,8.16666666666667,NA,8,8.33333333333333,2,3,0,2,3,15,4,11,0,5,10,8.48,9.125,8.24545454545454,NA,8.9,8.27,-2
"7",2011,9,8.83333333333333,3,9.75,7,NA,9.75,7,2,1,0,2,1,18,6,12,0,7,11,8.53888888888889,9.33333333333333,8.14166666666667,NA,9.14285714285714,8.15454545454545,-1
"8",2011,10,8.53571428571429,28,9.16666666666667,7.4,8.5,9.22222222222222,8.21052631578947,18,10,2,9,19,46,24,22,2,16,30,8.53695652173913,9.20833333333333,7.80454545454545,8.5,9.1875,8.19,0
"9",2011,11,8.44278846153846,104,8.86938775510204,8.06272727272727,8.55,8.61538461538461,8.38525641025641,49,55,10,26,78,150,73,77,12,42,108,8.47166666666667,8.98082191780822,7.98896103896104,8.54166666666667,8.83333333333333,8.33101851851852,1
"10",2011,12,8.74940711462451,253,9.09817073170732,8.10674157303371,7.89545454545455,8.58607594936709,8.8235632183908,164,89,22,79,174,403,237,166,34,121,282,8.64602977667494,9.0620253164557,8.05210843373494,8.12352941176471,8.67190082644628,8.63492907801418,2
"11",2012,1,8.328933126294,483,9.025,7.59436042553191,7.80952380952381,7.8488188976378,8.50020983146067,248,235,42,127,356,886,485,401,76,248,638,8.47316557562077,9.04309278350515,7.78385211970075,7.95,8.25040322580645,8.5597565830721,3
"12",2012,2,8.25405526315789,304,8.85401931034483,7.70691823899371,8.19047619047619,8.20441176470588,8.2683593220339,145,159,21,68,236,1190,630,560,97,316,874,8.41719117647059,8.99957587301587,7.76200839285714,8.0020618556701,8.24050632911393,8.48107265446224,4
"13",2012,3,8.11095238095238,210,8.69569892473118,7.64615384615385,8.17857142857143,7.36052631578947,8.27674418604651,93,117,14,38,172,1400,723,677,111,354,1046,8.37125535714286,8.96048796680498,7.74198626292467,8.02432432432432,8.14604519774011,8.44747370936903,5
"14",2012,4,7.96069518716578,187,8.71582278481013,7.40833333333333,7.59375,7.77333333333333,7.99649681528662,79,108,16,30,157,1587,802,785,127,384,1203,8.32287807183365,8.93638753117207,7.69608242038217,7.97007874015748,8.11692708333333,8.38861803823774,6
"15",2012,5,8.16288721804511,133,8.76639344262295,7.65158333333333,8.1,8.23183333333333,8.14770642201835,61,72,15,24,109,1720,863,857,142,408,1312,8.31050668604651,8.92437172653534,7.692343873979,7.98380281690141,8.1236862745098,8.36860327743903,7
"16",2012,6,8.48668341708543,199,8.99652173913043,7.78869047619048,8.13333333333333,8.14,8.57389937106918,115,84,15,40,159,1919,978,941,157,448,1471,8.32877618551329,8.93285562372188,7.70094442082891,7.99808917197452,8.12514285714286,8.39079367777023,8
"17",2012,7,8.37582417582418,364,8.95096153846154,7.60897435897436,8.43939393939394,8.07951807228916,8.46334519572954,208,156,33,83,281,2283,1186,1097,190,531,1752,8.33627748576435,8.93603102866779,7.68786572470374,8.07473684210526,8.11801129943503,8.40243007990868,9
"18",2012,8,8.11312426035503,338,8.85646583850932,7.43697740112994,7.48,7.84588235294118,8.18042962962963,161,177,29,68,270,2621,1347,1274,219,599,2022,8.3075,8.92652100965108,7.65300918367347,7.99598173515982,8.08711853088481,8.37278610286845,10
"19",2012,9,8.10669456066946,239,8.6640625,7.46396396396396,7.75869565217391,7.72439024390244,8.18585858585859,128,111,23,41,198,2860,1475,1385,242,640,2220,8.29071940559441,8.90374494915254,7.63785826714801,7.97342975206612,8.06388125,8.35611418918919,11
"20",2012,10,8.20283088235294,272,8.75066225165563,7.51917355371901,7.85333333333333,7.82924528301887,8.29324200913242,151,121,15,53,219,3132,1626,1506,257,693,2439,8.28308668582376,8.88952878228782,7.62832250996016,7.96642023346303,8.04593650793651,8.3504688396884,12
"21",2012,11,8.09880368098159,326,8.6122754491018,7.55949685534591,8.2104,8.06962962962963,8.10459558823529,167,159,25,54,272,3458,1793,1665,282,747,2711,8.26571356275304,8.8637054099275,7.62174996996997,7.98804964539007,8.04764926372155,8.32579988933973,13
"22",2012,12,8.19122580645161,310,8.69315476190476,7.59739436619718,7.84193548387097,8.39655172413793,8.14396825396825,168,142,31,58,252,3768,1961,1807,313,805,2963,8.25958532377919,8.84909423763386,7.61983602656337,7.97357827476038,8.07278757763975,8.31033530205872,14
"23",2013,1,8.27213541666667,384,8.72401746724891,7.60451612903226,7.93939393939394,8.109375,8.3046875,229,155,33,64,320,4152,2190,1962,346,869,3283,8.26074602601156,8.83601543378995,7.61862573904179,7.97031791907514,8.07548216340621,8.30978480048736,15
"24",2013,2,8.18187919463087,298,8.70394736842105,7.63835616438356,8,7.71702127659574,8.26892430278884,152,146,28,47,251,4450,2342,2108,374,916,3534,8.25546460674157,8.8274439795047,7.61999226755218,7.97254010695187,8.05708951965065,8.30688271080928,16
"25",2013,3,8.18056081081081,296,8.76041772151899,7.51666666666667,7.88695652173913,7.65761538461538,8.29200819672131,158,138,23,52,244,4746,2500,2246,397,968,3778,8.25079298356511,8.82320792,7.61364367764916,7.96758186397985,8.03563016528926,8.30592204870302,17
"26",2013,4,8.28289492753623,276,8.75489937106918,7.64145299145299,7.6195652173913,8.00810810810811,8.32543514644351,159,117,23,37,239,5022,2659,2363,420,1005,4017,8.25255724810832,8.81912327942836,7.61502060939484,7.94852380952381,8.03461691542288,8.30708302215584,18
"27",2013,5,8.0064,300,8.62596153846154,7.33520833333333,8.05,7.64948275862069,8.09194214876033,156,144,30,58,242,5322,2815,2507,450,1063,4259,8.23868141676062,8.80841875666075,7.59894842441165,7.95528888888889,8.01360301034807,8.29485853486734,19
"28",2013,6,8.19101806818182,264,8.71214423611111,7.56566666666667,7.72,8.01369565217391,8.22843472477064,144,120,25,46,218,5586,2959,2627,475,1109,4477,8.23642879878267,8.80373354849612,7.59742813094785,7.9429052631579,8.01360685302074,8.29162413893232,20
"29",2013,7,8.0342700729927,274,8.59171428571429,7.45186567164179,7.825,8.02906976744186,8.03523809523809,140,134,20,43,231,5860,3099,2761,495,1152,4708,8.22697632593856,8.79415539528881,7.59036352770735,7.93814141414141,8.01418402777777,8.27904444987256,21
"30",2013,8,8.14152892561983,242,8.50807692307692,7.71607142857143,7.65384615384615,8.01428571428571,8.16304347826087,130,112,26,35,207,6102,3229,2873,521,1187,4915,8.22358755653884,8.78263783524311,7.59526407935956,7.92395393474088,8.01418702611626,8.27415895625636,22
"31",2013,9,7.85019230769231,260,8.4524,7.29259259259259,7.375,7.38292682926829,7.93767123287671,125,135,22,41,219,6362,3354,3008,543,1228,5134,8.20832776956932,8.7703302236136,7.58168008643617,7.90171270718232,7.99311074918567,8.25980546747176,23
"32",2013,10,7.95503875968992,258,8.54032258064516,7.4134328358209,7.56190476190476,7.855,7.97339449541284,124,134,21,40,218,6620,3478,3142,564,1268,5352,8.19845638519637,8.76212983611271,7.5745046785487,7.88906028368794,7.98875394321767,8.24813925074738,24
"33",2013,11,7.78075657894737,304,8.49285714285714,7.1140127388535,7.08823529411765,7.54754098360656,7.83930041152263,147,157,34,61,243,6924,3625,3299,598,1329,5595,8.18011716782207,8.75121036413793,7.55258978478327,7.84352842809365,7.96850263355907,8.23038271134942,25
"34",2013,12,7.79541984732824,262,8.39959677419355,7.25253623188406,7.525,7.62666666666667,7.83041474654378,124,138,28,45,217,7186,3749,3437,626,1374,5812,8.16609118703034,8.73958057348627,7.54054224614489,7.82928115015975,7.95730713245997,8.21544928940123,26
"35",2014,1,7.95694789081886,403,8.54646226415094,7.30261780104712,7.55,7.6758064516129,8.00806451612903,212,191,44,62,341,7589,3961,3628,670,1436,6153,8.15498501383581,8.72924452663469,7.5280164553473,7.81094029850746,7.94515320334262,8.20395600032504,27
"36",2014,2,7.87167235494881,293,8.43947368421053,7.25957446808511,8.40238095238095,7.70945945945946,7.8951171875,152,141,21,37,256,7882,4113,3769,691,1473,6409,8.14445334559756,8.71853575735473,7.51797391881136,7.82891461649783,7.9392328581127,8.19161979559994,28
"37",2014,3,7.87760180995475,221,8.52451923076923,7.3025641025641,7.68,7.14333333333333,7.99293193717277,104,117,25,30,191,8103,4217,3886,716,1503,6600,8.13717527705788,8.71375090585725,7.51148834276892,7.82371508379888,7.92334664005323,8.18586988939394,29
"38",2014,4,7.88022727272727,220,8.31228813559322,7.38039215686275,7.62,7.77714285714286,7.89972972972973,118,102,25,35,185,8323,4335,3988,741,1538,6785,8.13038342785053,8.70282296885814,7.50813533099298,7.81684210526316,7.92001950585176,8.17806798378776,30
"39",2014,5,7.92224489795918,196,8.5231,7.29635416666667,8.15588235294118,7.73620689655172,7.95455089820359,100,96,17,29,167,8519,4435,4084,758,1567,6952,8.12559470242986,8.69877059075536,7.50315712536729,7.82444591029024,7.91661774090619,8.17269868670886,31
"40",2014,6,7.82909604519774,177,8.40919540229885,7.26833333333333,7.77272727272727,7.39,7.9187074829932,87,90,22,30,147,8696,4522,4174,780,1597,7099,8.11955971366145,8.69319937417072,7.49809384283661,7.82298717948718,7.90672510958046,8.16743925482462,32
"41",2014,7,8.10282178217822,202,8.6553982300885,7.40123595505618,7.54166666666667,8.11607142857143,8.10068965517241,113,89,18,28,174,8898,4635,4263,798,1625,7273,8.11917973364801,8.69227779288026,7.49607171006334,7.81664160401002,7.91033230769231,8.1658423305376,33
"42",2014,8,7.7411961722488,209,8.24026785714286,7.16494845360825,7.31818181818182,7.758125,7.73813559322034,112,97,11,32,177,9107,4747,4360,809,1657,7450,8.11050524541561,8.68161313882452,7.48870497706422,7.80986402966625,7.90739287869644,8.15568070738255,34
"43",2014,9,7.84095477386935,199,8.35792079207921,7.30816326530612,7.58235294117647,7.0462962962963,7.9656976744186,101,98,17,27,172,9306,4848,4458,826,1684,7622,8.10474116376531,8.67486954826733,7.48473613728129,7.80518159806295,7.89358669833729,8.15139350170559,35
"44",2014,10,7.80882352941176,204,8.46616161616162,7.18904761904762,7.81739130434783,7.553125,7.85639534883721,99,105,23,32,172,9510,4947,4563,849,1716,7794,8.09839340378549,8.67069285829796,7.47793199649354,7.80551236749116,7.88723776223776,8.14488340646651,36
"45",2014,11,7.87165898617511,217,8.48706896551724,7.16485148514851,7.54,7.82903225806452,7.87876344086022,116,101,20,31,186,9727,5063,4664,869,1747,7980,8.09333517734142,8.6664857930081,7.47115216552316,7.79940161104718,7.88620492272467,8.13868061027569,37
"46",2014,12,7.90510638297872,235,8.43846153846154,7.37627118644068,7.37391304347826,7.59166666666667,7.9509756097561,117,118,23,30,205,9962,5180,4782,892,1777,8185,8.08889492772535,8.66133543822394,7.468810895023,7.78843049327354,7.88123241418121,8.13397938546121,38
"47",2015,1,7.98264604810997,291,8.47816455696202,7.39398496240601,7.67096774193548,8.29342105263158,7.93596837944664,158,133,31,38,253,10253,5338,4915,923,1815,8438,8.08587937871842,8.65591374484826,7.46678610376399,7.78448537378115,7.88986225895317,8.12804234060204,39
"48",2015,2,7.7970243902439,205,8.44141414141414,7.19518867924528,7.22727272727273,7.984,7.77105555555556,99,106,22,25,180,10458,5437,5021,945,1840,8618,8.08021718014916,8.65200801361045,7.46105232025493,7.77151322751323,7.89114130434783,8.12058613019262,40
"49",2015,3,7.86475409836066,244,8.33062015503876,7.34217391304348,7.71052631578947,7.5,7.91784037558685,129,115,19,31,213,10702,5566,5136,964,1871,8831,8.07530473462904,8.64455939094503,7.45839051791277,7.7703112033195,7.88466060929984,8.11569598799683,41
"50",2015,4,7.88943396226415,212,8.48461538461538,7.15642105263158,7.51176470588235,7.671875,7.92811111111111,117,95,17,32,180,10914,5683,5231,981,1903,9011,8.07169427066153,8.64126650888616,7.45290646147964,7.76583078491335,7.88108250131372,8.11194887026967,42
"51",2015,5,7.89494845360825,194,8.55875,7.3438679245283,7.32708333333333,7.925,7.89149425287356,88,106,24,20,174,11108,5771,5337,1005,1923,9185,8.06860742437882,8.64000824293884,7.45074080944351,7.75535323383085,7.88153926157046,8.10777259335874,43
"52",2015,6,7.9919806763285,207,8.60691489361702,7.48044247787611,7.88478260869565,7.64193548387097,8.05363636363636,94,113,23,31,176,11315,5865,5450,1028,1954,9361,8.06720559169244,8.63947784654732,7.45135664220184,7.75824902723735,7.87773797338792,8.10675475590214,44
"53",2015,7,7.80026737967914,187,8.5046511627907,7.20049504950495,7.62608695652174,8.1054054054054,7.725,86,101,23,37,150,11502,5951,5551,1051,1991,9511,8.06286569900886,8.63752941858512,7.44679223563322,7.75535680304472,7.88196885986941,8.10073402060772,45
"54",2015,8,7.82557522123894,226,8.49304347826087,7.13405405405405,7.39473684210526,7.965,7.79559139784946,115,111,19,40,186,11728,6066,5662,1070,2031,9697,8.05829308236698,8.63479023574019,7.44066119745673,7.74895327102804,7.88360413589365,8.09488102196555,46
"55",2015,9,7.81108108108108,185,8.78648648648649,7.16081081081081,6.72619047619048,7.45138888888889,7.89798657718121,74,111,21,36,149,11913,6140,5773,1091,2067,9846,8.05445406446738,8.63661849674267,7.43528039147757,7.72926672777269,7.87607643928399,8.09190140869388,47
"56",2015,10,7.89602699115044,226,8.53627118644068,7.19650092592593,7.54,7.65653235294118,7.9384375,118,108,25,34,192,12139,6258,5881,1116,2101,10038,8.05150452014169,8.63472636145734,7.43089539194015,7.72502688172043,7.87252360780581,8.08896605598725,48
"57",2015,11,7.93803088803089,259,8.49075630252101,7.46821428571429,8.23793103448276,8.3,7.88700440528634,119,140,29,32,227,12398,6377,6021,1145,2133,10265,8.049134003065,8.63203976321154,7.43176312904833,7.73801746724891,7.87893675574309,8.08449988017535,49
"58",2015,12,7.79212413793103,290,8.34631724137931,7.23793103448276,7.78,7.42894736842105,7.84688888888889,145,145,30,38,252,12688,6522,6166,1175,2171,10517,8.04325972336065,8.62568745323521,7.42720496269867,7.73908936170213,7.87106038691847,8.07880643434439,50
"59",2016,1,7.77657534246575,365,8.24285714285714,7.37893401015228,7.69833333333333,7.8168085106383,7.77062893081761,168,197,36,47,318,13053,6690,6363,1211,2218,10835,8.03580244924538,8.61607377727952,7.42571048247682,7.73787778695293,7.8699107754734,8.06976163082602,51
"60",2016,2,7.85617021276596,235,8.5605504587156,7.2468253968254,7.3804347826087,8.17241379310345,7.81165048543689,109,126,23,29,206,13288,6799,6489,1234,2247,11041,8.03262562989163,8.61518364024121,7.42223698566805,7.73121555915721,7.87381490876725,8.06494586269359,52
"61",2016,3,7.82807881773399,203,8.44030612244898,7.25666666666667,7.37692307692308,7.67173913043478,7.84805555555556,98,105,26,23,180,13491,6897,6594,1260,2270,11221,8.02954780001482,8.61269879222851,7.41960051562026,7.72390476190476,7.87176744493392,8.06146664914,53
"62",2016,4,8.04337450199203,251,8.65726356589147,7.39426229508197,7.20238095238095,8.33923333333333,8.00321266968326,129,122,21,30,221,13742,7026,6716,1281,2300,11442,8.02980034711104,8.61351701821805,7.41914023228112,7.71535519125683,7.87786482608696,8.06034148488026,54
"63",2016,5,7.99748953974895,239,8.33272058823529,7.55485436893204,8.01875,7.5758064516129,8.06033653846154,136,103,16,31,208,13981,7162,6819,1297,2331,11650,8.0292480058651,8.60818494414968,7.42119017451239,7.71909791827294,7.87384774774775,8.06034139656652,55
"64",2016,6,8.08638743455497,191,8.69065934065934,7.5365,8.06190476190476,8.34821428571429,8.04141104294479,91,100,21,28,163,14172,7253,6919,1318,2359,11813,8.03001808989556,8.60921971184338,7.4228567423038,7.72455993930197,7.8794782111064,8.06008018877507,56
"65",2016,7,7.68688524590164,244,8.38973214285714,7.0905303030303,7.21875,7.72857142857143,7.6799043062201,112,132,16,35,209,14416,7365,7051,1334,2394,12022,8.02421034753052,8.60588195112016,7.41663534250461,7.71849325337331,7.87727197159566,8.05347090916652,57
"66",2016,8,7.88279069767442,258,8.46717557251908,7.28,7.555,7.70634146341463,7.91612903225806,131,127,20,41,217,14674,7496,7178,1354,2435,12239,8.02172389055472,8.60345792022412,7.41421786012817,7.71607828655834,7.87439388090349,8.05103580929814,58
"67",2016,9,7.66497975708502,247,8.34532710280374,7.145,7.15609756097561,6.86578947368421,7.81028708133971,107,140,41,38,209,14921,7603,7318,1395,2473,12448,8.01581840158166,8.5998251440221,7.40906747745286,7.69962007168459,7.85889571370805,8.0469936752892,59
"68",2016,10,7.71489795918367,245,8.35833333333333,7.0972,7.09565217391304,7.53409090909091,7.7544776119403,120,125,23,44,201,15166,7723,7443,1418,2517,12649,8.0109571653699,8.59607284345461,7.40382988042456,7.68982369534556,7.85321775923719,8.0423454241442,60
"69",2016,11,8.01257246376812,276,8.425,7.5755223880597,7.84583333333333,7.89705882352941,8.02880165289256,142,134,24,34,242,15442,7865,7577,1442,2551,12891,8.01098603613521,8.59298417927527,7.40686627953016,7.69242024965326,7.85380207761662,8.04209116980839,61
"70",2016,12,7.82995867768595,242,8.48697478991597,7.19430894308943,7.39,7.7075,7.85420792079208,119,123,20,40,202,15684,7984,7700,1462,2591,13093,8.00819283154807,8.59140412950902,7.40347088311688,7.68828317373461,7.85154345812428,8.03919248988009,62
"71",2017,1,7.75154320987654,324,8.27857142857143,7.27411764705882,7.58410256410256,6.96840909090909,7.87460714285714,154,170,39,44,280,16008,8138,7870,1501,2635,13373,8.002998273988,8.5854842184812,7.40067672172808,7.68557628247835,7.83679662239089,8.03574644956255,63
"72",2017,2,7.69475655430712,267,8.38939393939394,7.01555555555556,6.74230769230769,7.30263157894737,7.75982532751092,132,135,26,38,229,16275,8270,8005,1527,2673,13602,7.99794140522273,8.58235436154776,7.39418186133666,7.66951538965291,7.82920280583614,8.0311011079253,64
"73",2017,3,7.88222627737226,274,8.36660606060606,7.43195774647887,7.64230769230769,7.78243243243243,7.897805907173,132,142,26,37,237,16549,8402,8147,1553,2710,13839,7.99602552238806,8.57896483813378,7.3948402847674,7.6690598840953,7.82856424354244,8.02881835898547,65
"74",2017,4,7.71099585062241,241,8.22882882882883,7.26884615384615,7.33181818181818,7.73703703703704,7.70771028037383,111,130,22,27,214,16790,8513,8277,1575,2737,14053,7.99193426861227,8.57439945612592,7.39286139905763,7.6643492063492,7.82766134453782,8.02392850423397,66
"75",2017,5,7.72137614678899,218,8.35104761904762,7.13628318584071,7.28076923076923,7.64344827586207,7.73333333333333,105,113,26,29,189,17008,8618,8390,1601,2766,14242,7.9884663905221,8.57167818171269,7.38940569725864,7.65811992504684,7.82572997107737,8.02007212961662,67
"76",2017,6,7.81325112107623,223,8.43798076923077,7.26726890756303,7.88288461538462,7.10534482758621,7.91907216494845,104,119,26,29,194,17231,8722,8509,1627,2795,14436,7.98619879113226,8.5700839910571,7.38769759078623,7.66171173939766,7.81825549194991,8.01871482889997,68
"77",2017,7,7.69020408163265,196,8.170625,7.229,7.275,7.75925925925926,7.67917159763314,96,100,24,27,169,17427,8818,8609,1651,2822,14605,7.98286976358524,8.5657351519619,7.38585419909397,7.65609024833434,7.81769103472714,8.01478584525847,69
"78",2017,8,7.89086538461538,208,8.46571428571429,7.30485436893204,7.26470588235294,7.99473684210526,7.88042328042328,105,103,17,19,189,17635,8923,8712,1668,2841,14794,7.98178459710802,8.56455817213942,7.38489655647383,7.65210131894484,7.81887507919747,8.01306930309585,70
"79",2017,9,7.80418918918919,222,8.4687,7.25950819672131,7.49545454545455,7.34516129032258,7.87869109947644,100,122,22,31,191,17857,9023,8834,1690,2872,14985,7.9795767133337,8.56349579629835,7.38316490830881,7.65006213017751,7.81376187325905,8.01135650784117,71
"80",2017,10,7.75902040816327,245,8.39448275862069,7.18759689922481,7.375,7.93447368421053,7.7268115942029,116,129,32,38,207,18102,9139,8963,1722,2910,15192,7.976591612529,8.56135053835212,7.38035019524713,7.6449506387921,7.81533817869416,8.00747941482359,72
"81",2017,11,7.82194244604317,278,8.41259259259259,7.26433566433566,7.24545454545455,7.9359375,7.80711382113821,135,143,22,32,246,18380,9274,9106,1744,2942,15438,7.97425252285092,8.55918509488894,7.37852831100374,7.63991112385321,7.81664993201904,8.00428664788185,73
"82",2017,12,7.70895131086142,267,8.4771052631579,7.13660130718954,7.71739130434783,7.47727272727273,7.74162393162393,114,153,23,33,234,18647,9388,9259,1767,2975,15672,7.9704537657532,8.55818838623775,7.37453059725672,7.64091963780419,7.81288541176471,8.00036480793772,74
"83",2018,1,7.89224080267559,299,8.53683098591549,7.30923566878981,7.62333333333333,8,7.87887218045113,142,157,30,33,266,18946,9530,9416,1797,3008,15938,7.96921943259791,8.55787015424974,7.37344188615123,7.64062604340567,7.8149381981383,7.99833713577613,75
"84",2018,2,7.84352112676056,213,8.496875,7.3074358974359,7.01071428571429,7.8037037037037,7.84930107526882,96,117,28,27,186,19159,9626,9533,1825,3035,16124,7.96782198288011,8.55726185019738,7.37263178432813,7.63096164383561,7.81483825370676,7.99661791552964,76
"85",2018,3,7.72593535714286,196,8.20301204819277,7.37551619469027,7.06724137931035,7.38,7.80113869565217,83,113,29,35,161,19355,9709,9646,1854,3070,16285,7.96537249806251,8.55423345040684,7.37266557433133,7.62214401294498,7.80988081433225,7.99468533005833,77
"86",2018,4,7.55512074534161,161,8.28164179104478,7.03728127659574,7.15882352941177,7.60714285714286,7.54731742857143,67,94,17,21,140,19516,9776,9740,1871,3091,16425,7.96198806825169,8.55236523833879,7.36942880595483,7.61793425975414,7.8085034293109,7.99087214855403,78
"87",2018,5,7.53508108108108,185,8.39481012658228,6.89433962264151,7.35714285714286,7.84210526315789,7.49993975903614,79,106,14,19,166,19701,9855,9846,1885,3110,16591,7.95797924673874,8.55110223947235,7.36431409404835,7.6159973474801,7.80870871382637,7.98596016153336,79
"88",2018,6,7.78,148,8.50287878787879,7.19817073170732,6.86363636363636,7.44375,7.82075757575758,66,82,11,16,132,19849,9921,9928,1896,3126,16723,7.95665218096629,8.55078143029936,7.3629418382353,7.61163238396624,7.80684072296865,7.98465616456377,80
"89",2018,7,7.66092896174863,183,8.27957746478873,7.26875,7.09565217391304,7.7952380952381,7.64351851851852,71,112,23,21,162,20032,9992,10040,1919,3147,16885,7.95395063598243,8.54885434047238,7.36189109262949,7.60544815007816,7.80676329837941,7.98138318270654,81
"90",2018,8,7.64546614942529,174,8.05816185185185,7.28602150537634,7.44782608695652,7.41904761904762,7.67654320261438,81,93,23,21,153,20206,10073,10133,1942,3168,17038,7.95129418242106,8.54490853568947,7.36119476660417,7.60358135942327,7.80419321338384,7.97864574187111,82
"91",2018,9,7.75729582733813,139,8.25859213114754,7.36525641025641,7.5625,8,7.72572455284553,61,78,12,16,123,20345,10134,10211,1954,3184,17161,7.94996875743426,8.5431850996645,7.3612257927725,7.60332906857728,7.80517716708543,7.97683295087698,83
"92",2018,10,7.79136904761905,168,8.2948275862069,7.25061728395062,7.76315789473684,8.00172413793103,7.74748201438849,87,81,19,29,139,20513,10221,10292,1973,3213,17300,7.94866983717642,8.5410711085021,7.36035528274388,7.60486822098327,7.80695116713352,7.97499018901734,84
"93",2018,11,7.71010471204188,191,8.15876404494382,7.31862745098039,7.125,8.05,7.66125748502994,89,102,20,24,167,20704,10310,10394,1993,3237,17467,7.94646900937017,8.53777088263822,7.35994579276506,7.60005268439538,7.80875319740501,7.97199062632392,85
"94",2018,12,7.81439924418605,172,8.22368893333333,7.4979381443299,7.36111111111111,8.09464285714286,7.75990743055556,75,97,18,28,144,20876,10385,10491,2011,3265,17611,7.94538086989845,8.53550259701493,7.36122167286246,7.59791397314769,7.81120493108729,7.97025648401567,86
"95",2019,1,7.61585365853659,205,8.06947368421053,7.22409090909091,6.85714285714286,7.58148148148148,7.62106741573034,95,110,14,27,178,21081,10480,10601,2025,3292,17789,7.94217641667853,8.53127809828245,7.35979875200453,7.59279259259259,7.80932080801944,7.96676243408848,87
"96",2019,2,7.74383233532934,167,8.01295774647887,7.54479166666667,7.66923076923077,7.8,7.73828947368421,71,96,13,15,152,21248,10551,10697,2038,3307,17941,7.9406175188253,8.52779020661549,7.3614589670001,7.59328017664377,7.80927853039008,7.96482676216487,88
"97",2019,3,7.57755952380952,168,8.15393939393939,7.20460784313726,7.01176470588235,7.67,7.5613986013986,66,102,17,25,143,21416,10617,10799,2055,3332,18084,7.937769473291,8.52546618347933,7.35997745809798,7.5884695863747,7.80823352340937,7.96163663680601,89
"98",2019,4,7.74609375,128,8.38461538461539,7.08730158730159,7.20588235294118,7.74565217391304,7.74619047619048,65,63,17,23,105,21544,10682,10862,2072,3355,18189,7.93663066468622,8.52460910597267,7.3583959280059,7.5853305984556,7.80780450074516,7.96039292649403,90
"99",2019,5,7.61970484375,128,8.24783423728814,7.08260869565217,7.09285714285714,7.63809523809524,7.61609551401869,59,69,14,21,107,21672,10741,10931,2086,3376,18296,7.93475882521226,8.52308878968439,7.35665506998445,7.58202540747843,7.80674884478673,7.95837938128552,91
"100",2019,6,7.6115037593985,133,7.93508771929825,7.36881578947368,7.38571428571429,7.525,7.62333333333333,57,76,14,16,117,21805,10798,11007,2100,3392,18413,7.93278712497134,8.51998487590295,7.35673903606796,7.58071666666667,7.80541984080189,7.95625042958779,92
"101",2019,7,7.59464285714286,140,8.33333333333333,7.08734939759036,7.03888888888889,7.35384615384615,7.61929133858268,57,83,18,13,127,21945,10855,11090,2118,3405,18540,7.93062990476191,8.5190047618609,7.35472286474301,7.576111898017,7.80369577092511,7.95394224163969,93
"102",2019,8,7.55253086419753,162,8.07983870967742,7.2256,7.23166666666667,6.97631578947368,7.62909090909091,62,100,24,19,143,22107,10917,11190,2142,3424,18683,7.92785919663455,8.51651064303381,7.35356895174263,7.57225256769374,7.79910458528038,7.95145582401113,94
"103",2019,9,7.60864406779661,177,8.1044,7.24411764705882,7.11851851851852,7.44931034482759,7.63986486486487,75,102,27,29,148,22284,10992,11292,2169,3453,18831,7.92532369682283,8.51369875272926,7.35258028427205,7.56660442600276,7.79616684042861,7.94900691200679,95
"104",2019,10,7.69783055248619,181,8.13467475609756,7.336,7.68823529411765,7.32725,7.7544798089172,82,99,17,24,157,22465,11074,11391,2186,3477,18988,7.92349078967283,8.51089218168684,7.35243618382934,7.56755032021958,7.79293014092609,7.94739848799241,96
"105",2019,11,7.70527950310559,161,8.41461538461538,7.225,7.125,7.45909090909091,7.74424460431655,65,96,20,22,139,22626,11139,11487,2206,3499,19127,7.92193806196411,8.51033037256487,7.35137116479499,7.56353807796917,7.79083112317805,7.94592212526794,97
"106",2019,12,7.70270718232044,181,8.22225,7.29118811881188,7.68888888888889,8.09076923076923,7.63761290322581,80,101,18,26,155,22807,11219,11588,2224,3525,19282,7.92019821063709,8.50827614047598,7.35084661460131,7.56455260791367,7.79304343262411,7.94344375531583,98
"107",2020,1,7.59251744186047,215,8.074375,7.20379201680672,7.39825892857143,7.835625,7.55000683060109,96,119,28,32,183,23022,11315,11707,2252,3557,19465,7.91713803492312,8.50459478745029,7.34935182540361,7.56248501332149,7.79342651110487,7.9397448620601,99
"108",2020,2,7.59087525139665,179,7.86776315789474,7.38656961165049,7.23904785714286,6.66666666666667,7.71371310126582,76,103,14,21,158,23201,11391,11810,2266,3578,19623,7.91462085729064,8.50034588885963,7.34967641744285,7.5604867255075,7.7868133314701,7.93792490495846,100
"109",2020,3,7.84933575581395,172,8.22421,7.55948453608247,8.05263157894737,8.113,7.81464309210526,75,97,19,20,152,23373,11466,11907,2285,3598,19775,7.91414042955547,8.49853966248038,7.35138561266482,7.56457895842451,7.78862648693719,7.93697730265486,101
"110",2020,4,7.45666666666667,114,8.3580487804878,6.95041095890411,7.451875,7.34777777777778,7.466,41,73,16,9,105,23487,11507,11980,2301,3607,19880,7.91191996679014,8.49803908664292,7.34894227796328,7.56379527162103,7.78752650401996,7.93448974647887,102
"111",2020,5,7.68571428571429,119,8.27959183673469,7.27,7.05238095238095,7.778125,7.67135922330097,49,70,21,16,103,23606,11556,12050,2322,3623,19983,7.91077964331102,8.4971128219107,7.34848369211619,7.55917007751938,7.78748498481921,7.93313347145073,103
"112",2020,6,7.75543376712329,146,8.375,7.32317825581395,7.200185,7.44615384615385,7.78566413533835,60,86,18,13,133,23752,11616,12136,2340,3636,20116,7.90982475538902,8.49648207386364,7.34830436882004,7.55640865384615,7.7862646039604,7.93215845545833,104
"113",2020,7,7.61083333333333,132,8.13018867924528,7.26240506329114,7.41176470588235,7.60625,7.61146551724138,53,79,17,16,116,23884,11669,12215,2357,3652,20232,7.90817231577625,8.49481838803668,7.34774881866558,7.55536540093339,7.78547593099672,7.9303197652234,105
"114",2020,8,7.28437593984962,133,7.89772727272727,6.98114606741573,7.61111111111111,7.05714285714286,7.32698214285714,44,89,18,21,112,24017,11713,12304,2375,3673,20344,7.90471789107715,8.4925754093742,7.3450970269831,7.55578789473684,7.78131176150286,7.92699820536767,106
"115",2020,9,7.54638346405229,153,8.17719298245614,7.1718403125,7.72333352941176,7.06176470588235,7.60696080882353,57,96,17,17,136,24170,11770,12400,2392,3690,20480,7.9024495763343,8.49104806881904,7.34375568467742,7.55697864548495,7.77799677506775,7.92487295703124,107
"116",2020,10,7.54697478991597,119,8.45,7.07230769230769,7.00933333333333,6.05,7.6843119266055,41,78,15,10,109,24289,11811,12478,2407,3700,20589,7.90070798550784,8.49090557700449,7.34205886279853,7.55356581636892,7.77332651351352,7.92359940550779,108
"117",2020,11,7.65218934911243,169,8.22857142857143,7.16978260869565,6.81909090909091,7.46666666666667,7.68289655172414,77,92,22,24,145,24458,11888,12570,2429,3724,20734,7.89899077030011,8.48920640730148,7.34079797056484,7.54691351173322,7.77135018796993,7.9219160875856,109
"118",2020,12,7.57025316455696,158,8.34285714285714,6.8358024691358,7.29166666666667,7.725,7.55281690140845,77,81,12,16,142,24616,11965,12651,2441,3740,20876,7.89688073854404,8.48826458587547,7.33756465812979,7.54565871364195,7.77115189839572,7.91940544931979,110
"119",2021,1,7.62712020408163,196,8.13539010638298,7.15871460784314,7.23181818181818,7.53947368421053,7.63652858757062,94,102,22,19,177,24812,12059,12753,2463,3759,21053,7.89474979123005,8.48551392652791,7.33613419430722,7.54285542833942,7.76998087257249,7.91702720372393,111
"120",2021,2,7.78759521428571,140,8.26818181818182,7.47662741176471,6.98333333333333,7.375,7.80606962686567,55,85,15,6,134,24952,12114,12838,2478,3765,21187,7.89414857125681,8.48452719498102,7.33706439554448,7.53946849071832,7.76935142098274,7.91632543776844,112
"121",2021,3,7.49737588652482,141,8.01666666666667,7.07794871794872,6.96153846153846,6.57142857142857,7.59944881889764,63,78,13,14,127,25093,12177,12916,2491,3779,21314,7.8919190670705,8.48210663053297,7.33549959043048,7.53645239662786,7.76491349563377,7.91443732054048,113
"122",2021,4,7.39190478991597,119,7.81046511627907,7.1550877631579,6.95911133333333,7.053125,7.44453077669903,43,76,15,16,103,25212,12220,12992,2506,3795,21417,7.88955901237506,8.47974324386252,7.33444422567734,7.53299664405427,7.7619125428195,7.91217741607134,114
"123",2021,5,7.48448,125,8.3530303030303,7.1729347826087,7.38461538461539,6.75,7.57711711711712,33,92,13,14,111,25337,12253,13084,2519,3809,21528,7.8875605564984,8.47940197829103,7.33330857383064,7.5322308813021,7.75819325282226,7.9104498197696,115
"124",2021,6,7.68830508474576,118,8.26296296296296,7.2034375,7.04166666666667,7.28823529411765,7.75564356435644,54,64,12,17,101,25455,12307,13148,2531,3826,21629,7.88663688155569,8.4784522986918,7.33267640553697,7.52990501382852,7.75610509670674,7.9097269277359,116
"125",2021,7,7.49863636363636,110,7.97714285714286,7.27533333333333,7.2,7.59090909090909,7.48838383838384,35,75,10,11,99,25565,12342,13223,2541,3837,21728,7.88496740934872,8.47703066277751,7.33235115934357,7.52860668634396,7.7556315089914,7.90780714837996,117
"126",2021,8,7.6871897810219,137,8.34545454545455,7.24567073170732,7.04027777777778,7.92923076923077,7.66181451612903,55,82,18,13,124,25702,12397,13305,2559,3850,21852,7.8839131904132,8.4764469178027,7.33181693949643,7.52517178194607,7.75621768831169,7.9064112538898,118
"127",2021,9,7.52948979591837,98,7.97,7.3786301369863,7.805,7.23636363636364,7.56655172413793,25,73,10,11,87,25800,12422,13378,2569,3861,21939,7.88256693100775,8.47542766382225,7.33207238600688,7.52626103152978,7.75473662263662,7.90506352705227,119
"128",2021,10,7.40854344537815,119,8.07264150943396,6.87525257575758,7.16619071428571,6.81076923076923,7.48185537735849,53,66,14,13,106,25919,12475,13444,2583,3874,22045,7.88039058181257,8.47371642805611,7.3298297418923,7.52430943089431,7.75156894682499,7.9030285955999,120
"129",2021,11,7.55265734265734,143,8.175,7.23821052631579,8.02,7.545625,7.55354330708661,48,95,20,16,127,26062,12523,13539,2603,3890,22172,7.87859233711918,8.47257146370678,7.3291868712608,7.52811804072224,7.75072187660669,7.90102676303445,121
"130",2021,12,7.63099358974359,156,8.24746153846154,7.19065934065934,7.68928571428571,7.76875,7.61525,65,91,14,16,140,26218,12588,13630,2617,3906,22312,7.87711909718514,8.47140907530982,7.32826199926633,7.52898022927015,7.75079572452637,7.89923361375044,122
"131",2022,1,7.65975873786408,206,8.10378414634146,7.36612903225806,7,7.7421052631579,7.65139197860963,82,124,33,19,187,26424,12670,13754,2650,3925,22499,7.87542456819558,8.46902981373323,7.32860339174059,7.52239292830188,7.75075365605096,7.89717368283034,123
"132",2022,2,7.56205357142857,112,7.82727272727273,7.39044117647059,7.86764705882353,7.6,7.55707070707071,44,68,17,13,99,26536,12714,13822,2667,3938,22598,7.87410192907748,8.46680885165959,7.32890761467226,7.52459364829396,7.75025599288979,7.89568371935569,124
"133",2022,3,7.409375,112,7.928125,7.0203125,7.625,7.05333333333333,7.46443298969072,48,64,8,15,97,26648,12762,13886,2675,3953,22695,7.87214870872111,8.46478277229274,7.32748531254501,7.52489392897196,7.7476114596509,7.89384052390394,125
"134",2022,4,7.45452991452991,117,8.02,7.01757575757576,7.33333333333333,7.68571428571429,7.4231067961165,51,66,9,14,103,26765,12813,13952,2684,3967,22798,7.87032313805343,8.46301238897994,7.32601928397363,7.52425158718331,7.7473930173935,7.8917137770857,126
"135",2022,5,7.33932374100719,139,7.82083333333333,6.97362025316456,7.21153846153846,7.71764705882353,7.28660655737705,60,79,13,17,122,26904,12873,14031,2697,3984,22920,7.86757972011597,8.46001924493125,7.32403514004704,7.52274425658138,7.74726608935743,7.88849287478184,127
"136",2022,6,7.23477876106195,113,7.8548717948718,6.90797297297297,6.76923076923077,7.42777777777778,7.19821052631579,39,74,13,18,95,27017,12912,14105,2710,4002,23015,7.86493299737202,8.45819142967782,7.32185232541652,7.51912961623616,7.74582911044478,7.88564356680425,128
"137",2022,7,7.65039215686275,102,8.40108695652174,7.03375,7.22727272727273,6.87727272727273,7.74384615384615,46,56,11,11,91,27119,12958,14161,2721,4013,23106,7.86412606622663,8.45798871276431,7.32071301814844,7.51794974641676,7.74344831796661,7.88508511598718,129
"138",2022,8,7.47221641791045,134,8.37405882352941,6.91807228915663,7.17333333333333,7.80835,7.41324561403509,51,83,15,20,114,27253,13009,14244,2736,4033,23220,7.86219908964151,8.45765967714659,7.31836682462792,7.51606040204678,7.74377017108852,7.88276859130059,130
