"","year","month","avg_rating","no_ratings","avg_rating_owned","avg_rating_not_owned","avg_rating_prev_owned","avg_rating_comment","avg_rating_no_comment","no_ratings_owned","no_ratings_not_owned","no_ratings_prev_owned","no_ratings_comment","no_ratings_no_comment","cum_no_ratings","cum_no_ratings_owned","cum_no_ratings_not_owned","cum_no_ratings_prev_owned","cum_no_ratings_comment","cum_no_ratings_no_comment","cum_avg_rating","cum_avg_rating_owned","cum_avg_rating_not_owned","cum_avg_rating_prev_owned","cum_avg_rating_comment","cum_avg_rating_no_comment","month_after_release"
"1",2010,10,8.38545454545454,55,8.66216216216216,7.81666666666667,7.94,8.33529411764706,8.4078947368421,37,18,5,17,38,55,37,18,5,17,38,8.38545454545454,8.66216216216216,7.81666666666667,7.94,8.33529411764706,8.4078947368421,0
"2",2010,11,7.75906040268456,149,8.43611111111111,7.12597402597403,7.76923076923077,7.5734693877551,7.85,72,77,13,49,100,204,109,95,18,66,138,7.92794117647059,8.51284403669725,7.25684210526316,7.81666666666667,7.76969696969697,8.0036231884058,1
"3",2010,12,7.91605504587156,109,8.59406779661017,7.116,8.2,7.168,8.13869047619048,59,50,10,25,84,313,168,145,28,91,222,7.92380191693291,8.54136904761905,7.20827586206897,7.95357142857143,7.60439560439561,8.05472972972973,2
"4",2011,1,8.01666666666667,96,8.37647058823529,7.60888888888889,7.9,8.02777777777778,8.01410256410256,51,45,10,18,78,409,219,190,38,109,300,7.94559902200489,8.50296803652968,7.30315789473684,7.93947368421053,7.67431192660551,8.04416666666667,3
"5",2011,2,7.83883495145631,103,8.69387755102041,7.06296296296296,7.76,7.56,7.92820512820513,49,54,5,25,78,512,268,244,43,134,378,7.92412109375,8.53787313432836,7.25,7.91860465116279,7.65298507462687,8.0202380952381,4
"6",2011,3,7.76041666666667,96,8.50555555555556,7.10294117647059,7.57777777777778,7.33166666666667,7.95530303030303,45,51,9,30,66,608,313,295,52,164,444,7.89827302631579,8.5332268370607,7.22457627118644,7.85961538461538,7.59420731707317,8.01058558558558,5
"7",2011,4,7.51666666666667,84,8.18421052631579,6.96521739130435,8.325,6.89411764705882,7.67462686567164,38,46,4,17,67,692,351,341,56,181,511,7.85195086705202,8.4954415954416,7.18958944281525,7.89285714285714,7.52845303867403,7.9665362035225,6
"8",2011,5,7.66980676328502,207,8.40940594059406,6.96509433962264,7.40714285714286,7.69074074074074,7.6624183006536,101,106,14,54,153,899,452,447,70,235,664,7.81001112347052,8.47621681415929,7.13635346756152,7.79571428571429,7.56574468085106,7.89646084337349,7
"9",2011,6,7.73350785340314,191,8.24301075268817,7.25,7.79565217391304,7.75142857142857,7.72948717948718,93,98,23,35,156,1090,545,545,93,270,820,7.79660550458716,8.43642201834862,7.15678899082569,7.79569892473118,7.58981481481482,7.86469512195122,8
"10",2011,7,7.75779220779221,154,8.37142857142857,7.14415584415584,7.82352941176471,7.49390243902439,7.85353982300885,77,77,17,41,113,1244,622,622,110,311,933,7.79180064308682,8.42837620578778,7.15522508038585,7.8,7.57717041800643,7.86334405144695,9
"11",2011,8,7.71518518518519,135,8.21549295774648,7.16015625,7.35,7.7953125,7.69029126213592,71,64,15,32,103,1379,693,686,125,343,1036,7.78430021754895,8.40656565656566,7.15568513119534,7.746,7.59752186588921,7.846138996139,10
"12",2011,9,7.74541984732824,131,8.2775,7.29577464788732,7.27272727272727,7.5037037037037,7.80817307692308,60,71,11,27,104,1510,753,757,136,370,1140,7.78092715231788,8.39628154050465,7.16882430647292,7.70772058823529,7.59067567567567,7.84267543859649,11
"13",2011,10,7.76125,160,8.46645569620253,7.07345679012346,8.2,7.3265625,7.869921875,79,81,10,32,128,1670,832,838,146,402,1268,7.77904191616766,8.40294471153846,7.1596062052506,7.74143835616438,7.56965174129353,7.84542586750789,12
"14",2011,11,7.6421568627451,204,8.12626262626263,7.18571428571429,7.95,7.57333333333333,7.65402298850575,99,105,10,30,174,1874,931,943,156,432,1442,7.7641408751334,8.37352309344791,7.16251325556734,7.75480769230769,7.56990740740741,7.82233009708738,13
"15",2011,12,7.69010786516854,178,8.26804421052632,7.02861445783132,7.14285714285714,7.42897714285714,7.75402097902098,95,83,14,35,143,2052,1026,1026,170,467,1585,7.75771890838207,8.36375653021443,7.15168128654971,7.70441176470588,7.55934518201285,7.81616719242902,14
"16",2012,1,7.70772898550725,207,8.19999910714286,7.12736842105263,7.66470588235294,7.48275862068965,7.74438146067416,112,95,17,29,178,2259,1138,1121,187,496,1763,7.7531381584772,8.34763980667839,7.14962087421945,7.70080213903743,7.55486733870968,7.80891939875213,15
"17",2012,2,7.6625786163522,159,8.14705882352941,7.10608108108108,7.5,7.69838709677419,7.65390625,85,74,22,31,128,2418,1223,1195,209,527,1891,7.74718325062035,8.33369918233851,7.14692468619247,7.67966507177033,7.56330967741935,7.79842670544685,16
"18",2012,3,7.7463503649635,137,8.3695945945946,7.01428571428571,7.22727272727273,7.67241379310345,7.7662037037037,74,63,11,29,108,2555,1297,1258,220,556,1999,7.74713859099804,8.33574718581342,7.14028219395867,7.65704545454545,7.56900035971223,7.79668579289645,17
"19",2012,4,7.679296875,128,8.17333333333333,7.24338235294118,7.33125,7.74137931034483,7.66111111111111,60,68,16,29,99,2683,1357,1326,236,585,2098,7.74390201267238,8.32856602800295,7.14556938159879,7.63495762711864,7.57754564102564,7.79028832221163,18
"20",2012,5,7.68451327433628,113,8.03305084745763,7.3037037037037,7.10416666666667,7.48333333333333,7.73876404494382,59,54,12,24,89,2796,1416,1380,248,609,2187,7.74150182403433,8.31625289548023,7.15175724637681,7.60927419354839,7.5738328407225,7.78819154092364,19
"21",2012,6,7.81818181818182,99,8.36666666666667,7.16,7.51538461538462,7.97142857142857,7.79294117647059,54,45,13,14,85,2895,1470,1425,261,623,2272,7.74412404145078,8.31810482993198,7.15201754385965,7.60459770114942,7.58276757624398,7.78836923415493,20
"22",2012,7,7.61634615384615,104,8.23482142857143,6.89479166666667,6.83333333333333,7.54705882352941,7.62988505747126,56,48,6,17,87,2999,1526,1473,267,640,2359,7.73969293097699,8.31504855832241,7.14363543788187,7.587265917603,7.5818190625,7.78252433234422,21
"23",2012,8,7.67591836734694,98,8.14903846153846,7.14108695652174,7.15,8,7.57653333333333,52,46,10,23,75,3097,1578,1519,277,663,2434,7.73767487891508,8.30957801013942,7.14355826201448,7.57148014440433,7.59632609351433,7.7761770336894,22
"24",2012,9,7.71346153846154,104,8.18936170212766,7.32105263157895,7.14285714285714,7.54166666666667,7.73586956521739,47,57,14,12,92,3201,1625,1576,291,675,2526,7.73688819119025,8.30610098461539,7.14997779187817,7.55085910652921,7.59535437037037,7.77470898653999,23
"25",2012,10,7.7150406504065,123,8.17015625,7.22135593220339,7.22307692307692,7.94565217391304,7.662,64,59,13,23,100,3324,1689,1635,304,698,2626,7.73607975330927,8.30094973357016,7.15255351681957,7.53684210526316,7.60689713467049,7.77041694592536,24
"26",2012,11,7.8722972972973,148,8.36,7.37123287671233,7.17058823529412,7.92424242424242,7.85739130434783,75,73,17,33,115,3472,1764,1708,321,731,2741,7.74188626152074,8.30346037414966,7.16189988290398,7.51744548286604,7.62122325581395,7.77406599781102,25
"27",2012,12,7.73206106870229,131,8.17910447761194,7.2640625,7.33888888888889,7.90322580645161,7.679,67,64,18,31,100,3603,1831,1772,339,762,2841,7.74152903136275,8.29890993992354,7.16558972911964,7.50796460176991,7.63269580052494,7.77071978176699,26
"28",2013,1,7.40031055900621,161,8.14240506329114,6.68536585365854,6.75,6.49583333333333,7.55875912408759,79,82,16,24,137,3764,1910,1854,355,786,2978,7.72693387353879,8.29243670157068,7.14435005393743,7.47380281690141,7.59798244274809,7.76096873740766,27
"29",2013,2,7.57378378378378,111,8.31546875,6.56382978723404,7.5625,7.84058823529412,7.52553191489362,64,47,8,17,94,3875,1974,1901,363,803,3072,7.72254686451613,8.29318343465046,7.12999736980537,7.47575757575758,7.60311855541719,7.75376461588542,28
"30",2013,3,7.76897142857143,105,8.3488679245283,7.17792307692308,7.3452,7.49733333333333,7.8251724137931,53,52,10,18,87,3980,2027,1953,373,821,3159,7.72377163316583,8.2946394178589,7.13127342549923,7.47225737265416,7.60079926918392,7.75573121240899,29
"31",2013,4,7.50240740740741,108,8.24039215686274,6.84210526315789,6.85454545454545,7.2,7.57976744186047,51,57,11,22,86,4088,2078,2010,384,843,3245,7.71792345890411,8.29330803657363,7.12307313432836,7.4545625,7.59033950177936,7.75106776579353,30
"32",2013,5,7.68761904761905,105,8.2811320754717,7.08269230769231,7.15384615384615,7.44545454545455,7.75180722891566,53,52,13,22,83,4193,2131,2062,397,865,3328,7.71716458383019,8.29300520882215,7.12205480116392,7.4447153652393,7.58665456647399,7.7510862079327,31
"33",2013,6,7.69833333333333,90,8.37065217391304,6.99545454545455,7.6,8.50333333333333,7.53733333333333,46,44,5,15,75,4283,2177,2106,402,880,3403,7.71676887695541,8.29464588883785,7.11940978157645,7.44664676616915,7.60227977272727,7.74637522774023,32
"34",2013,7,7.60436893203883,103,8.06181818181818,7.08020833333333,6.81111111111111,6.86470588235294,7.75058139534884,55,48,9,17,86,4386,2232,2154,411,897,3489,7.71412929776562,8.28890864695341,7.11853621169916,7.4327299270073,7.58830122630992,7.74647890513041,33
"35",2013,8,7.59565217391304,92,8.31020408163265,6.78139534883721,6.325,7.59444444444444,7.59594594594595,49,43,8,18,74,4478,2281,2197,419,915,3563,7.71169519874944,8.28936611135467,7.11193764223942,7.4115799522673,7.58842207650273,7.74335248386192,34
"36",2013,9,7.52663043478261,92,8.34756097560976,6.86666666666667,6.95,7.17647058823529,7.606,41,51,10,17,75,4570,2322,2248,429,932,3638,7.70796960612691,8.29039366925065,7.10637322064057,7.40082051282051,7.58090793991416,7.7405208631116,35
"37",2013,10,7.74558823529412,102,8.28214285714286,7.09239130434783,7.6,8.46428571428571,7.63125,56,46,10,14,88,4672,2378,2294,439,946,3726,7.70879090325343,8.29019936921783,7.10609285091543,7.4053576309795,7.59398118393235,7.73794012345679,36
"38",2013,11,7.63320610687023,131,8.16287878787879,7.09538461538462,7.06666666666667,7.844,7.58349056603774,66,65,15,25,106,4803,2444,2359,454,971,3832,7.70672935665209,8.28676108837971,7.10579779567613,7.39416740088106,7.60041833161689,7.73366777139875,37
"39",2013,12,7.72214876033058,121,8.36,7.02931034482759,6.63636363636364,7.85555555555556,7.69883495145631,63,58,11,18,103,4924,2507,2417,465,989,3935,7.70710826563769,8.2886015556442,7.10396235002069,7.37624086021505,7.60506188068756,7.73275601016519,38
"40",2014,1,7.8104,125,8.25522388059701,7.29655172413793,7.63636363636364,7.945,7.7847619047619,67,58,11,20,105,5049,2574,2475,476,1009,4040,7.70966549811844,8.28773275058275,7.10847555555556,7.38225210084034,7.6118,7.73410764851485,39
"41",2014,2,7.71742424242424,132,8.06287878787879,7.3719696969697,7.23214285714286,7.7075,7.71919642857143,66,66,14,20,112,5181,2640,2541,490,1029,4152,7.7098631731326,8.28211140151515,7.11531955922865,7.37796326530612,7.61366005830904,7.73370541907515,40
"42",2014,3,7.5145,100,8.04464285714286,6.83977272727273,7.45,8.02142857142857,7.43197674418605,56,44,10,14,86,5281,2696,2585,500,1043,4238,7.70616381367165,8.27717882047478,7.11062940038685,7.379404,7.6191334611697,7.7275825625295,41
"43",2014,4,7.60561320754717,106,8.17358490566038,7.03764150943396,7.03333333333333,7.89090909090909,7.53089285714286,53,53,15,22,84,5387,2749,2638,515,1065,4322,7.70418527937627,8.27518155692979,7.10916300227445,7.36932427184466,7.6247476056338,7.72375981027302,42
"44",2014,5,7.5595,100,8.26176470588235,6.82857142857143,7,7.25,7.6320987654321,51,49,11,19,81,5487,2800,2687,526,1084,4403,7.70154840532167,8.27493717857143,7.10404614812058,7.36160076045627,7.61817915129151,7.72207356347945,43
"45",2014,6,7.86168831168831,77,8.18472222222222,7.5780487804878,8.07,7.91666666666667,7.83679245283019,36,41,10,24,53,5564,2836,2728,536,1108,4456,7.70376457584471,8.27379199576869,7.11117008797654,7.3748171641791,7.62464458483755,7.72343803859964,44
"46",2014,7,7.58666666666667,90,8.14777777777778,7.02555555555556,7.14285714285714,7.68214285714286,7.56907894736842,45,45,7,14,76,5654,2881,2773,543,1122,4532,7.70190061903077,8.27182370704617,7.10978074287775,7.37182688766114,7.62536203208556,7.72084949249779,45
"47",2014,8,7.86147727272727,88,8.42826086956522,7.24071428571429,8.23333333333333,8.24375,7.77652777777778,46,42,6,16,72,5742,2927,2815,549,1138,4604,7.70434623824451,8.27428223436966,7.11173428063943,7.38124225865209,7.63405641476274,7.72172022154648,46
"48",2014,9,7.77732558139535,86,8.42674418604651,7.12790697674419,7.33333333333333,8.171875,7.68714285714286,43,43,6,16,70,5828,2970,2858,555,1154,4674,7.70542314687714,8.2764895959596,7.11197760671799,7.38072432432432,7.64151317157712,7.72120237483954,47
"49",2014,10,7.67025862068965,116,8.11825396825397,7.1377358490566,7.1,7.59615384615385,7.69166666666667,63,53,10,26,90,5944,3033,2911,565,1180,4764,7.70473689434724,8.27320280250577,7.11244658193061,7.37575575221239,7.64051372881356,7.720644395466,48
"50",2014,11,7.74769841269841,126,8.30970149253731,7.10949152542373,7.32,7.82090909090909,7.73221153846154,67,59,8,22,104,6070,3100,2970,573,1202,4868,7.70562868204283,8.27399164516129,7.11238787878788,7.37497731239093,7.64381547420965,7.72089151602301,49
"51",2014,12,7.56256179775281,89,8.02954166666667,7.01585365853659,6.60416666666667,6.80375,7.72887671232877,48,41,12,16,73,6159,3148,3011,585,1218,4941,7.703561308654,8.27026432655655,7.11107339754235,7.35916581196581,7.63278013136289,7.72100949200567,50
"52",2015,1,7.77571428571429,140,8.21746575342466,7.29440298507463,7.22125,7.79545454545455,7.77203389830508,73,67,20,22,118,6299,3221,3078,605,1240,5059,7.70516496269249,8.26906771189072,7.11506400259909,7.35460661157025,7.63566629032258,7.72219962443171,51
"53",2015,2,7.68333333333333,111,8.35948275862069,6.94339622641509,6.935,7.615625,7.69473684210526,58,53,20,16,95,6410,3279,3131,625,1256,5154,7.70478691107644,8.2706670021348,7.11215809645481,7.3411792,7.63541098726115,7.7216934225844,52
"54",2015,3,7.70340909090909,88,8.41111111111111,6.96279069767442,6.81818181818182,8.28,7.58493150684932,45,43,11,15,73,6498,3324,3174,636,1271,5227,7.70476825176977,8.27256832129964,7.11013453056081,7.33213364779874,7.64301825334382,7.71978341304764,53
"55",2015,4,7.77831325301205,83,8.46222222222222,6.96842105263158,7.32333333333333,8.20333333333333,7.68455882352941,45,38,15,15,68,6581,3369,3212,651,1286,5295,7.70569580610849,8.27510154348472,7.10845797011208,7.33193087557604,7.64955381026439,7.71933104815864,54
"56",2015,5,7.92259615384615,104,8.38928571428571,7.378125,7.42857142857143,9.05,7.74722222222222,56,48,7,14,90,6685,3425,3260,658,1300,5385,7.70907017202692,8.27696849635037,7.11242852760736,7.33295896656535,7.66463553846154,7.71979719591458,55
"57",2015,6,7.71236842105263,76,8.16571428571429,7.32536585365854,7.4,8.03333333333333,7.68485714285714,35,41,7,6,70,6761,3460,3301,665,1306,5455,7.7091072474486,8.27584309248556,7.11507331111784,7.33366466165414,7.66632940275651,7.71934883593034,56
"58",2015,7,7.88287671232877,73,8.48076923076923,7.19705882352941,7.88571428571429,8.03461538461539,7.85,39,34,7,13,60,6834,3499,3335,672,1319,5515,7.71096343283582,8.27812720777366,7.11590914542729,7.33941517857143,7.66995921152388,7.72077024478695,57
"59",2015,8,7.64252525252525,99,8.11803571428571,7.02325581395349,7.25,7.37058823529412,7.69890243902439,56,43,6,17,82,6933,3555,3378,678,1336,5597,7.70998616760421,8.27560537271449,7.11472972172883,7.33862389380531,7.6661498502994,7.72044986599964,58
"60",2015,9,7.87188461538462,91,8.28003125,7.41627906976744,7.43333333333333,7.72,7.90186184210526,48,43,18,15,76,7024,3603,3421,696,1351,5673,7.71208365603644,8.27566433527616,7.11852002338498,7.34107327586207,7.66674774241303,7.72288020447735,59
"61",2015,10,7.69850961538462,104,8.14628787878788,6.92078947368421,7.3125,7.92941176470588,7.6533908045977,66,38,8,17,87,7128,3669,3459,704,1368,5760,7.7118856060606,8.27333704006542,7.11634778837815,7.34074857954546,7.67001184210526,7.721830625,60
"62",2015,11,7.68110236220472,127,8.23387096774194,7.15384615384615,7.13076923076923,7.13333333333333,7.78962264150943,62,65,13,21,106,7255,3731,3524,717,1389,5866,7.71134674017918,8.27268121147146,7.11703944381385,7.33694142259414,7.66189791216703,7.72305564268667,61
"63",2015,12,7.70584677419355,124,8.304296875,7.0675,7.42857142857143,8.20666666666667,7.63692660550459,64,60,7,15,109,7379,3795,3584,724,1404,5975,7.71125431630302,8.27321438735178,7.11621010044643,7.3378273480663,7.66771809116809,7.72148441841004,62
"64",2016,1,7.87957142857143,140,8.47444444444444,7.24970588235294,7.00666666666667,7.96708333333333,7.86146551724138,72,68,15,24,116,7519,3867,3652,739,1428,6091,7.714388296316,8.27696110680114,7.11869578313253,7.33110554803789,7.67274943977591,7.72415028730915,63
"65",2016,2,7.79329545454545,88,8.42240740740741,6.79411764705882,7.25,7.725,7.80407894736842,54,34,8,12,76,7607,3921,3686,747,1440,6167,7.71530111739187,8.27896419280796,7.11570184481823,7.33023694779117,7.67318486111111,7.72513530079455,64
"66",2016,3,7.81971428571429,105,8.3565306122449,7.35,6.85,7.40909090909091,7.86776595744681,49,56,10,11,94,7712,3970,3742,757,1451,6261,7.71672271784232,8.27992156171285,7.11920817744522,7.323892998679,7.6711827705031,7.72727669701326,65
"67",2016,4,7.77391304347826,92,8.44893617021277,7.06888888888889,7.59090909090909,7.67857142857143,7.79102564102564,47,45,11,14,78,7804,4017,3787,768,1465,6339,7.71739692465402,8.28189907891462,7.11861024557698,7.32771744791667,7.67125337883959,7.72806111374034,66
"68",2016,5,7.664,80,8.22619047619048,7.04263157894737,6.85714285714286,7.29166666666667,7.72970588235294,42,38,7,12,68,7884,4059,3825,775,1477,6407,7.71685509893455,8.28132264104459,7.1178554248366,7.32346709677419,7.66816939742722,7.72807857031372,67
"69",2016,6,7.98701298701299,77,8.46282051282051,7.49868421052632,7.93636363636364,8.35,7.91328125,39,38,11,13,64,7961,4098,3863,786,1490,6471,7.71946810702173,8.28304992679356,7.12160160497023,7.33204452926209,7.67411825503356,7.72991027661876,68
"70",2016,7,7.72361111111111,72,8.1125,7.4125,7.65,7.63125,7.75,32,40,4,16,56,8033,4130,3903,790,1506,6527,7.71950524088136,8.28172847457627,7.12458288496029,7.33365443037975,7.67366281540505,7.73008264133599,69
"71",2016,8,7.56866666666667,90,8.35075,6.943,7.165,7.33333333333333,7.6048717948718,40,50,10,12,78,8123,4170,3953,800,1518,6605,7.71783400221593,8.28239055155876,7.12228611181381,7.33154625,7.67097246376812,7.72860399697199,70
"72",2016,9,7.55470588235294,102,8.23434782608696,6.99642857142857,6.75,8.18615384615385,7.46247191011236,46,56,6,13,89,8225,4216,4009,806,1531,6694,7.71581101519757,8.28186636622391,7.12052806186081,7.32721712158809,7.67534696276943,7.72506564087242,71
"73",2016,10,7.64842105263158,95,8.13846153846154,7.05581395348837,6.60625,7.7375,7.6355421686747,52,43,8,12,83,8320,4268,4052,814,1543,6777,7.71504153846154,8.28011916588566,7.11984131293189,7.32013144963145,7.67583033052495,7.72396921941862,72
"74",2016,11,7.79716981132075,106,8.30327868852459,7.11111111111111,7.45,7.49090909090909,7.83263157894737,61,45,8,11,95,8426,4329,4097,822,1554,6872,7.71607472110135,8.28044550704551,7.1197454234806,7.32139537712896,7.67452136422136,7.7254713911525,73
"75",2016,12,7.85794174757282,103,8.29121428571429,7.34170212765957,7.54090909090909,8.41925,7.75471264367816,56,47,11,16,87,8529,4385,4144,833,1570,6959,7.71778797045374,8.28058303306728,7.12226278957529,7.32429411764706,7.68211095541401,7.72583695933324,74
"76",2017,1,7.73857954545455,176,8.27680412371134,7.07772151898734,7.1,7.90263157894737,7.71872611464968,97,79,12,19,157,8705,4482,4223,845,1589,7116,7.71820834003446,8.28050124944221,7.12142955245087,7.32110887573965,7.6847477658905,7.72568007307476,75
"77",2017,2,7.97568928176796,181,8.5791170212766,7.32370988505747,7.1726725,7.7547619047619,8.004686,94,87,16,21,160,8886,4576,4310,861,1610,7276,7.72345300022507,8.2866354020979,7.12551270533643,7.31835047619048,7.68566099378882,7.73181544255085,76
"78",2017,3,7.82923529411765,170,8.35393617021277,7.18026315789474,7.48235294117647,7.928,7.81220689655172,94,76,17,25,145,9056,4670,4386,878,1635,7421,7.72543875441696,8.28799006423983,7.12646141358869,7.32152592255125,7.68936648318043,7.73338622288101,77
"79",2017,4,7.96074712643678,174,8.6989010989011,7.15144578313253,7.91928571428571,8.41428571428571,7.89849673202614,91,83,14,21,153,9230,4761,4469,892,1656,7574,7.72987468689057,8.29584406637261,7.12692543298277,7.33090780269058,7.69855929951691,7.7367215685239,78
"80",2017,5,7.9350641025641,156,8.46666666666667,7.26478260869565,7.83333333333333,8.12857142857143,7.91598591549296,87,69,9,14,142,9386,4848,4538,901,1670,7716,7.73328503728958,8.2989095709571,7.12902154252975,7.33592648168702,7.70216419161677,7.74002062726801,79
"81",2017,6,7.60549668874172,151,8.31973333333333,6.90065789473684,7.38333333333333,7.21,7.68396825396825,75,76,15,25,126,9537,4923,4614,916,1695,7842,7.73126175526895,8.29922681291895,7.1252600260078,7.33670279475983,7.69490513274336,7.73912001530222,80
"82",2017,7,7.68883561643836,146,8.38632911392405,6.86641791044776,6.87272727272727,7.29545454545455,7.75862903225806,79,67,11,22,124,9683,5002,4681,927,1717,7966,7.73062205514819,8.3006024790084,7.1215551719718,7.33119715210356,7.68978695398952,7.73942369570675,81
"83",2017,8,7.85179104477612,134,8.4230985915493,7.20793650793651,7.25,8.27125,7.79491525423729,71,63,12,16,118,9817,5073,4744,939,1733,8084,7.73227598655393,8.30231689335699,7.12270231028668,7.33015948881789,7.69515533756492,7.74023369124196,82
"84",2017,9,7.87574074074074,162,8.40373626373626,7.19901408450704,7.55454545454545,7.99411764705882,7.86186206896552,91,71,11,17,145,9979,5164,4815,950,1750,8229,7.73460500651368,8.30410410534469,7.1238275721703,7.33275764210526,7.69805954285714,7.74237685745534,83
"85",2017,10,7.71809782608696,184,8.42282608695652,7.01336956521739,6.98823529411765,7.736,7.71528301886792,92,92,17,25,159,10163,5256,4907,967,1775,8388,7.73430614582308,8.30618219178082,7.12175662522927,7.3267008893485,7.69859391549296,7.74186327610873,84
"86",2017,11,7.71150837988827,179,8.34510869565217,7.04149425287356,6.88304347826087,7.68611111111111,7.71434782608696,92,87,23,18,161,10342,5348,4994,990,1793,8549,7.73391156062657,8.30685183246073,7.12035838205847,7.3163936969697,7.69846860011154,7.74134508831442,85
"87",2017,12,7.70034196891192,193,8.44760784313726,6.86274725274725,7.4375,8.14,7.66329213483146,102,91,16,15,178,10535,5450,5085,1006,1808,8727,7.73329656953014,8.30948616513761,7.11574823205507,7.31831984095428,7.70213174778761,7.73975308353386,86
"88",2018,1,7.96258849557522,226,8.40014388489209,7.26350574712644,6.97222222222222,8.28,7.92310945273632,139,87,18,25,201,10761,5589,5172,1024,1833,8928,7.73811210482297,8.31174084809447,7.11823371229699,7.31223609375,7.71001320240044,7.74388106630824,87
"89",2018,2,7.87543624161074,149,8.38679012345679,7.26632352941176,7.358,8.50454545454545,7.76645669291339,81,68,20,22,127,10910,5670,5240,1044,1855,9055,7.73998756736938,8.31281298059965,7.12015548854962,7.31311279693487,7.71943622641509,7.74419769850911,88
"90",2018,3,7.83062146892655,177,8.22643564356436,7.3046052631579,7.4125,8.3,7.7674358974359,101,76,20,21,156,11087,5771,5316,1064,1876,9211,7.74143450527645,8.31130126494542,7.12279246802107,7.31498097744361,7.72593507462687,7.74459126696341,89
"91",2018,4,7.6688888700565,177,8.25052204819277,7.15531914893617,7.73333333333333,7.04375,7.73101447204969,83,94,15,16,161,11264,5854,5410,1079,1892,9372,7.74029453924005,8.31043951656986,7.12335762661738,7.32079681186284,7.72016606765328,7.74435803350405,90
"92",2018,5,7.98810377245509,167,8.40391106666667,7.64913043478261,7.64705882352941,7.80833333333333,8.00202148387097,75,92,17,12,155,11431,5929,5502,1096,1904,9527,7.7439148823375,8.31162190251307,7.13214917484551,7.32585744525548,7.72072174369748,7.74855010181589,91
"93",2018,6,8.13539568345324,139,8.7,7.21924528301887,6.875,8.43684210526316,8.08766666666667,86,53,4,19,120,11570,6015,5555,1100,1923,9647,7.74861806568712,8.31717477306733,7.13298015481548,7.32421796363637,7.72779729589184,7.75276840675858,92
"94",2018,7,7.71236404255319,141,8.24628014492754,7.20069444444444,7.28214285714286,7.21052631578947,7.79051909836066,69,72,14,19,122,11711,6084,5627,1114,1942,9769,7.74818156861071,8.31637074128862,7.13384658965701,7.32368919210054,7.72273645726056,7.75323985566588,93
"95",2018,8,7.77246621621622,148,8.29823529411765,7.06309523809524,7.74318181818182,8.26666666666667,7.70403846153846,85,63,11,18,130,11859,6169,5690,1125,1960,9899,7.74848464035753,8.31612086075539,7.13306322671353,7.32779089777778,7.72773173469388,7.75259371148601,94
"96",2018,9,7.79985815602837,141,8.16267605633803,7.43185714285714,7.60764705882353,8.44631578947368,7.69918032786885,71,70,17,19,122,12000,6240,5760,1142,1979,10021,7.74908827916667,8.31437493429487,7.13669440277778,7.331956882662,7.73463072258717,7.75194343378904,95
"97",2018,10,7.74200581395349,172,8.3304945054945,7.08086419753086,7.2375,7.45714285714286,7.78162251655629,91,81,16,21,151,12172,6331,5841,1158,2000,10172,7.74898819832402,8.31460663244353,7.13592017805171,7.33065177892919,7.7317171,7.75238401002753,96
"98",2018,11,7.843875,160,8.218375,7.469375,7.35333333333333,7.96153846153846,7.8210447761194,80,80,15,26,134,12332,6411,5921,1173,2026,10306,7.75021929532922,8.31340580096708,7.14042556324945,7.33094182438193,7.73466643632774,7.7532767465554,97
"99",2018,12,7.64286757575758,198,8.28633711864407,6.69375,6.67647058823529,7.37538461538462,7.68330104651163,118,80,17,26,172,12530,6529,6001,1190,2052,10478,7.74852291540303,8.31291658293766,7.13447088151975,7.32159223529412,7.73011413255361,7.75212807119679,98
"100",2019,1,7.74389344262295,244,8.2484328358209,7.12927272727273,7.23538461538462,7.19,7.82154205607477,134,110,26,30,214,12774,6663,6111,1216,2082,10692,7.74843448645686,8.31161974636049,7.13437731304206,7.31974898026316,7.72233150816523,7.75351738963711,99
"101",2019,2,7.8183422459893,187,8.26254901960784,7.28529411764706,7.71153846153846,8.02166666666667,7.78840490797546,102,85,13,24,163,12961,6765,6196,1229,2106,10855,7.74944310855644,8.31087987730968,7.13644766946417,7.32389321399512,7.72574273504274,7.75404126485491,100
"102",2019,3,7.78102835106383,188,8.17021505376344,7.40003505263158,7.33809523809524,7.988,7.74928423312883,93,95,21,25,163,13149,6858,6291,1250,2131,11018,7.74989470377975,8.30897234908136,7.14042808615483,7.324131808,7.72881942749883,7.75397088945362,101
"103",2019,4,7.77012578616352,159,8.24226190476191,7.24133333333333,7.6875,7.195,7.85287769784173,84,75,8,20,139,13308,6942,6366,1258,2151,11157,7.75013641869552,8.30816513540766,7.14161688501414,7.32644257551669,7.7238559739656,7.75520312449583,102
"104",2019,5,7.82053333333333,150,8.40679487179487,7.18541666666667,7.03333333333333,8.4272,7.6992,78,72,15,25,125,13458,7020,6438,1273,2176,11282,7.75092104770397,8.30926102136752,7.14210672413793,7.32298881382561,7.73193667279412,7.75458263251196,103
"105",2019,6,7.78898648648649,148,8.22289156626506,7.23492307692308,6.875,7.28888888888889,7.85823076923077,83,65,12,18,130,13606,7103,6503,1285,2194,11412,7.75133510657063,8.30825177671406,7.14303445948024,7.31880526070039,7.72830182315406,7.75576334209604,104
"106",2019,7,7.70942884146341,164,8.15154920454546,7.1975,6.81333333333333,7.36473076923077,7.77437195652174,88,76,12,26,138,13770,7191,6579,1297,2220,11550,7.75083600508351,8.30633412599082,7.14366364037088,7.31412857363146,7.72404378378378,7.75598567878788,105
"107",2019,8,7.58456043956044,182,8.2339175257732,6.84352941176471,6.9,7.93272727272727,7.5366875,97,85,17,22,160,13952,7288,6664,1314,2242,11710,7.74866698609518,8.30537029363337,7.13983539765907,7.30877074581431,7.72609152542373,7.75298929035013,106
"108",2019,9,7.7781862745098,204,8.45841121495327,7.02783505154639,7.42105263157895,8.33636363636364,7.71071428571429,107,97,19,22,182,14156,7395,6761,1333,2264,11892,7.74909238414806,8.30758467883705,7.13822852980329,7.3103711627907,7.73202173144877,7.75234229650185,107
"109",2019,10,7.82297872340426,188,8.29945652173913,7.36635416666667,6.97692307692308,7.89388888888889,7.81547058823529,92,96,13,18,170,14344,7487,6857,1346,2282,12062,7.7500607773285,8.30748480032056,7.1414223552574,7.30715063893016,7.73329851007888,7.75323201707843,108
"110",2019,11,7.91537338797814,183,8.26952380952381,7.43863243589744,7.396875,8.15555555555556,7.8891716969697,105,78,16,18,165,14527,7592,6935,1362,2300,12227,7.75214325875955,8.30695978661749,7.14476516510454,7.30820466960353,7.73660313043478,7.75506648564652,109
"111",2019,12,7.69857142857143,203,8.33327272727273,6.94784946236559,6.90833333333333,8.16,7.6185549132948,110,93,12,30,173,14730,7702,7028,1374,2330,12400,7.75140496401901,8.30733558815892,7.14215942231076,7.30471234352256,7.74205459227468,7.75316192903226,110
"112",2020,1,7.7381347826087,230,8.30592,7.0622,6.41657692307692,7.86891666666667,7.71386597938144,125,105,26,36,194,14960,7827,7133,1400,2366,12594,7.75120094385027,8.30731298070781,7.14098239450442,7.2882184,7.74398486897718,7.75255660790853,111
"113",2020,2,7.8096875,224,8.31347826086957,7.27816513761468,7.125,8.11923076923077,7.7690404040404,115,109,20,26,198,15184,7942,7242,1420,2392,12792,7.75206375922023,8.30740225384034,7.14304714443524,7.28591954929578,7.74806362876254,7.75281175109443,112
"114",2020,3,7.73822222222222,180,8.24083333333333,7.16380952380952,6.80555555555556,8.27045454545454,7.66411392405063,96,84,18,22,158,15364,8038,7326,1438,2414,12950,7.75190159593856,8.3066072032844,7.14328520611521,7.27990664812239,7.75282444076222,7.75172956911197,113
"115",2020,4,7.78365384615385,208,8.26821428571429,7.21833333333333,6.66111111111111,7.475,7.81648936170213,112,96,18,20,188,15572,8150,7422,1456,2434,13138,7.75232572052402,8.30607959509202,7.14425591754244,7.2722567032967,7.75054157764996,7.75265625818237,114
"116",2020,5,7.65960526315789,228,8.28963636363636,7.07228813559322,6.31739130434783,7.57409090909091,7.66873786407767,110,118,23,22,206,15800,8260,7540,1479,2456,13344,7.75098772911392,8.30586061743341,7.14312963129974,7.25740754563895,7.74896099348534,7.75136075539568,115
"117",2020,6,7.86470731707317,205,8.35689189189189,7.28351063829787,6.5047619047619,8.24910256410256,7.77439759036145,111,94,21,39,166,16005,8371,7634,1500,2495,13510,7.75244430615432,8.30653729542468,7.14485818967776,7.24687050666667,7.75677883767535,7.7516438134715,116
"118",2020,7,7.83158577669903,206,8.29180431192661,7.31443298969072,7.15263157894737,7.71363636363636,7.84568842391304,109,97,19,22,184,16211,8480,7731,1519,2517,13694,7.75344999013016,8.30634792099057,7.14698582589575,7.2456917445688,7.75640174811283,7.75290744778735,117
"119",2020,8,7.83695431472081,197,8.33585585585586,7.19302325581395,7.09,8.06057142857143,7.78864197530864,111,86,20,35,162,16408,8591,7817,1539,2552,13856,7.75445257130668,8.30672917820976,7.14749231418703,7.24366846003899,7.76057335423198,7.75332524465935,118
"120",2020,9,7.69488584474886,219,8.36084745762712,6.91683168316832,7.14333333333333,7.82677419354839,7.67313829787234,118,101,15,31,188,16627,8709,7918,1554,2583,14044,7.75366799723341,8.30746243770812,7.14455006567315,7.24269997425997,7.76136786682153,7.75225182213045,119
"121",2020,10,7.83542413978495,186,8.41150393939394,7.17988505747126,7.10588235294118,7.8625,7.83216198795181,99,87,17,20,166,16813,8808,8005,1571,2603,14210,7.75457245464819,8.30863184150772,7.14493409369144,7.24121945257798,7.76214490971956,7.75318532582688,120
"122",2020,11,7.8069,200,8.29174311926606,7.22615384615385,7.32142857142857,7.7236,7.8188,109,91,14,25,175,17013,8917,8096,1585,2628,14385,7.75518760242168,8.30842539643378,7.14584701333992,7.24192792429022,7.76177823439878,7.75398355787278,121
"123",2020,12,7.63125,208,8.23333333333333,7.01747572815534,7.05652173913044,7.52608695652174,7.64432432432432,105,103,23,23,185,17221,9022,8199,1608,2651,14570,7.75369064978805,8.30755145865662,7.14423434809123,7.23927597014925,7.75973338362882,7.75259117913521,122
"124",2021,1,7.75885185185185,270,8.25986301369863,7.16895161290323,6.75416666666667,7.0075,7.84578512396694,146,124,24,28,242,17491,9168,8323,1632,2679,14812,7.75377032073638,8.30679202225131,7.14460259762105,7.23214200980392,7.75187129525943,7.75411379152039,123
"125",2021,2,7.76006880733945,218,8.32,7.24925438596491,7.30416666666667,7.96586956521739,7.73579487179487,104,114,24,23,195,17709,9272,8437,1656,2702,15007,7.75384785589248,8.30694017040552,7.14601664335664,7.23318584541063,7.75369289415248,7.7538757566469,124
"126",2021,3,7.64113122171946,221,8.10330708661417,7.01670212765957,6.68181818181818,7.28935483870968,7.69852631578947,127,94,22,31,190,17930,9399,8531,1678,2733,15197,7.75245854322365,8.30418866475157,7.14459177353183,7.22595694874851,7.7484259787779,7.75318375205633,125
"127",2021,4,7.61441949438202,178,8.22200761363636,7.02033333333333,7.43684210526316,7.38125,7.63744858024691,88,90,19,16,162,18108,9487,8621,1697,2749,15359,7.75110163187541,8.30342636555286,7.14329456211577,7.22831806717737,7.74628890505638,7.75196302819194,126
"128",2021,5,7.7121387283237,173,8.32727272727273,7.07529411764706,6.815,7.82826086956522,7.69433333333333,88,85,20,23,150,18281,9575,8706,1717,2772,15509,7.7507329112193,8.30364552793734,7.14263064782909,7.223503645894,7.74696904761905,7.75140564510929,127
"129",2021,6,7.70457142857143,140,8.26594202898551,7.15901408450704,6.85833333333333,7.55555555555556,7.72655737704918,69,71,12,18,122,18421,9644,8777,1729,2790,15631,7.75038208294881,8.30337577042721,7.14276317876268,7.22096920763447,7.7457341218638,7.75121170430554,128
"130",2021,7,7.59118726027397,146,8.27804175,6.75863636363636,6.67142857142857,7.625,7.58702569230769,80,66,14,16,130,18567,9724,8843,1743,2806,15761,7.7491302682178,8.3031673457425,7.1398962365713,7.21655522662077,7.74504568781183,7.7498574639934,129
"131",2021,8,7.64208823529412,170,8.23030864197531,7.10674157303371,6.80869565217391,7.79735294117647,7.62483660130719,81,89,23,17,153,18737,9805,8932,1766,2823,15914,7.7481590804291,8.30256545334013,7.13956587774295,7.21124335220838,7.74536068012752,7.74865549139123,130
"132",2021,9,7.62428258278146,151,8.14658638554217,6.98676470588235,7.3125,7.53,7.63867687022901,83,68,8,20,131,18888,9888,9000,1774,2843,16045,7.74716875052944,8.30125616302589,7.13841138,7.21169997745208,7.74384565599719,7.74775756684325,131
"133",2021,10,7.80391534391534,189,8.28980769230769,7.20941176470588,7.41,8.02631578947368,7.77905882352941,104,85,10,19,170,19077,9992,9085,1784,2862,16215,7.74773095140745,8.30113700360289,7.1390756653825,7.21281152466367,7.74572089447939,7.7480857329633,132
"134",2021,11,7.72088442211055,199,8.34659615384615,7.03589473684211,7.383,7.65703703703704,7.73090697674419,104,95,20,27,172,19276,10096,9180,1804,2889,16387,7.74745379539323,8.30160528328051,7.13800788888889,7.21469831485587,7.74489207338179,7.74790542259108,133
"135",2021,12,7.56990630522088,249,8.09335960629921,7.025,6.436,7.532,7.57413691964286,127,122,25,25,224,19525,10223,9302,1829,2914,16611,7.74518955339309,8.2990182539372,7.13652573855085,7.20405454346637,7.74306561427591,7.74556214737222,134
"136",2022,1,7.66970277070064,314,8.19194610778443,7.07640591836735,6.83447628571429,7.775375,7.65427616788321,167,147,35,40,274,19839,10390,9449,1864,2954,16885,7.74399479308433,8.29729726756497,7.13559044237485,7.19711503755365,7.74350311442112,7.74408081137104,135
"137",2022,2,7.69214912280702,228,8.10383458646617,7.11578947368421,7.11739130434783,7.95384615384615,7.65846534653465,133,95,23,26,202,20067,10523,9544,1887,2980,17087,7.74340572581851,8.29485209636035,7.13539334555742,7.19614331213566,7.74533832214765,7.74306867794229,136
"138",2022,3,7.65472081218274,197,8.3218085106383,7.04592233009709,6.56941176470588,8.04285714285714,7.60840909090909,94,103,17,21,176,20264,10617,9647,1904,3001,17263,7.7425435600079,8.29509076104361,7.13443807297605,7.1905474947479,7.74742025991336,7.74169579447373,137
"139",2022,4,7.54093457943925,214,8.14785123966942,6.75129032258064,6.5,7.57333333333333,7.53502762430939,121,93,12,33,181,20478,10738,9740,1916,3034,17444,7.74043669791972,8.29343160830695,7.13077968069815,7.18622256263048,7.74552676334871,7.73955139302912,138
"140",2022,5,7.65203389830508,177,7.94791208791209,7.33895348837209,7.04230769230769,7.62708333333333,7.6559477124183,91,86,13,24,153,20655,10829,9826,1929,3058,17597,7.73967914306463,8.29052808292548,7.13260167820069,7.18525268532918,7.74459718770438,7.73882448712849,139
"141",2022,6,7.71325837320574,209,8.32081818181818,7.16645454545455,6.978,7.69942424242424,7.71585227272727,99,110,20,33,176,20864,10928,9936,1949,3091,17773,7.7394144794862,8.29080248993411,7.13297645833333,7.18312592611595,7.74411491426723,7.73859700106903,140
"142",2022,7,7.75295336787565,193,8.19028571428571,7.23113636363636,6.86428571428571,7.98076923076923,7.71748502994012,105,88,14,26,167,21057,11033,10024,1963,3117,17940,7.73953857149642,8.28984588144657,7.13383819732641,7.18085197656648,7.74608893166506,7.73840047380156,141
"143",2022,8,7.55642512077295,207,7.974,7.12656862745098,7.06,7.79071428571429,7.51977653631285,105,102,16,28,179,21264,11138,10126,1979,3145,18119,7.73775600545523,8.28686834350871,7.13376497037329,7.17987490146538,7.74648623211447,7.73624065897676,142
