"","year","month","avg_rating","no_ratings","avg_rating_owned","avg_rating_not_owned","avg_rating_prev_owned","avg_rating_comment","avg_rating_no_comment","no_ratings_owned","no_ratings_not_owned","no_ratings_prev_owned","no_ratings_comment","no_ratings_no_comment","cum_no_ratings","cum_no_ratings_owned","cum_no_ratings_not_owned","cum_no_ratings_prev_owned","cum_no_ratings_comment","cum_no_ratings_no_comment","cum_avg_rating","cum_avg_rating_owned","cum_avg_rating_not_owned","cum_avg_rating_prev_owned","cum_avg_rating_comment","cum_avg_rating_no_comment","month_after_release"
"1",2010,8,7.8125,8,7.5,7.91666666666667,NA,8,7.75,2,6,0,2,6,8,2,6,0,2,6,7.8125,7.5,7.91666666666667,NA,8,7.75,-2
"2",2010,10,8.07692307692308,13,8.75,7.5,9,7.5,8.25,6,7,2,3,10,21,8,13,2,5,16,7.97619047619048,8.4375,7.69230769230769,9,7.7,8.0625,0
"3",2010,11,8.10666666666667,90,8.62,7.465,8.7,7.76666666666667,8.17466666666667,50,40,5,15,75,111,58,53,7,20,91,8.08198198198198,8.5948275862069,7.52075471698113,8.78571428571429,7.75,8.15494505494505,1
"4",2010,12,8.05449275362319,276,8.67987012987013,7.26508196721311,7.27387096774194,7.67418918918919,8.19381188118812,154,122,31,74,202,387,212,175,38,94,293,8.06237726098191,8.65660377358491,7.34251428571429,7.55236842105263,7.69031914893617,8.18174061433447,2
"5",2011,1,7.89243816254417,283,8.33321917808219,7.42270072992701,7.67567567567568,7.4671875,8.01671232876712,146,137,37,64,219,670,358,312,75,158,512,7.99059701492537,8.52472067039106,7.37772435897436,7.6132,7.59993670886076,8.11115234375,3
"6",2011,2,7.70857142857143,182,8.42681818181818,7.03617021276596,7.42173913043478,7.05789473684211,7.88027777777778,88,94,23,38,144,852,446,406,98,196,656,7.93035211267606,8.50540358744395,7.29864532019705,7.56826530612245,7.49484693877551,8.06047256097561,4
"7",2011,3,7.82880181818182,165,8.240625,7.25583043478261,7.87588235294118,7.39149428571429,7.94653846153846,96,69,17,35,130,1017,542,475,115,231,786,7.91387640117994,8.45850553505535,7.29242589473684,7.61373913043478,7.47918744588745,8.04162849872774,5
"8",2011,4,7.6025974025974,154,8.18630136986301,7.07654320987654,6.8,7.1,7.76724137931035,73,81,16,38,116,1171,615,556,131,269,902,7.87293962425278,8.42619512195122,7.26097535971223,7.51435114503817,7.4256219330855,8.00634146341463,6
"9",2011,5,7.60555555555556,135,8.28066666666667,6.76166666666667,7.12666666666667,7.49411764705882,7.62161016949153,75,60,15,17,118,1306,690,616,146,286,1020,7.84530038284839,8.4103768115942,7.2123413961039,7.47452054794521,7.42969335664336,7.96183333333333,7
"10",2011,6,7.75814814814815,135,8.29236111111111,7.14761904761905,7.27941176470588,7.558,7.80363636363636,72,63,17,25,110,1441,762,679,163,311,1130,7.83713553088133,8.39922572178478,7.20633622974963,7.4541717791411,7.44000739549839,7.94643362831858,8
"11",2011,7,7.799609375,128,8.47428571428572,6.98534482758621,7.14666666666667,7.61521739130435,7.84,70,58,15,23,105,1569,832,737,178,334,1235,7.83407412364564,8.40554086538462,7.1889447761194,7.42825842696629,7.45207275449102,7.93738461538462,9
"12",2011,8,7.77590361445783,166,8.25604395604396,7.19333333333333,7.66315789473684,7.66129032258065,7.80222222222222,91,75,19,31,135,1735,923,812,197,365,1370,7.82850853025937,8.39080173347779,7.18935012315271,7.45091370558376,7.46984191780822,7.92406569343066,10
"13",2011,9,7.77461538461538,130,8.19652777777778,7.25086206896552,7.72222222222222,7.17222222222222,7.87142857142857,72,58,9,18,112,1865,995,870,206,383,1482,7.82475190348526,8.37674371859297,7.19345091954023,7.46276699029126,7.4558545691906,7.92008771929825,11
"14",2011,10,7.49572368421053,152,8.19785714285714,6.89634146341463,7.01388888888889,7.375,7.52540983606557,70,82,18,30,122,2017,1065,952,224,413,1604,7.79995651958354,8.36498591549296,7.16785955882353,7.42669642857143,7.4499813559322,7.89006857855362,12
"15",2011,11,7.42021857923497,183,8.09117647058824,6.83826530612245,6.90625,6.9046875,7.5294701986755,85,98,16,32,151,2200,1150,1050,240,445,1755,7.76836922727273,8.34474782608696,7.13709742857143,7.392,7.41076921348315,7.85904273504274,13
"16",2011,12,7.63270889502762,181,8.17615682692308,6.8987012987013,6.64761904761905,7.1271971875,7.74127516778523,104,77,21,32,149,2381,1254,1127,261,477,1904,7.7580565350693,8.33076579744817,7.12080949423248,7.33210727969349,7.39174551362683,7.84982668067227,14
"17",2012,1,7.6157985,200,8.10582524271845,7.09546082474227,6.93653846153846,7.28235294117647,7.68409457831325,103,97,26,34,166,2581,1357,1224,287,511,2070,7.7470330530802,8.31369219602063,7.11880065359477,7.29627177700348,7.38446694716243,7.83653608695652,15
"18",2012,2,7.81041666666667,144,8.32027027027027,7.27142857142857,7.66666666666667,7.8304347826087,7.80661157024793,74,70,18,23,121,2725,1431,1294,305,534,2191,7.75038249908257,8.31403236198463,7.127057187017,7.31813114754098,7.40367529962547,7.83488347786399,16
"19",2012,3,7.50592592592593,135,8.18714285714286,6.77230769230769,6.82307692307692,7.1875,7.54873949579832,70,65,13,16,119,2860,1501,1359,318,550,2310,7.73884346503497,8.30811479680213,7.1100897718911,7.29789308176101,7.39738656363636,7.82014272727273,17
"20",2012,4,7.69547445255474,137,8.24210526315789,7.0144262295082,7.0625,7.36363636363636,7.75895652173913,76,61,16,22,115,2997,1577,1420,334,572,2425,7.73686096429763,8.30493361445783,7.10598028169014,7.28661676646706,7.39608847902098,7.81724111340206,18
"21",2012,5,7.7331,100,8.21166666666667,7.29134615384615,7.21875,7.51764705882353,7.77722891566265,48,52,16,17,83,3097,1625,1472,350,589,2508,7.73673952534711,8.30217865230769,7.1125285326087,7.28351428571428,7.39959696095076,7.81591694577352,19
"22",2012,6,7.82604166666667,96,8.2475,7.12361111111111,7.52222222222222,7.70454545454545,7.84176470588235,60,36,9,11,85,3193,1685,1508,359,600,2593,7.73942446288757,8.3002316379822,7.11279310344828,7.28949860724234,7.40518768333333,7.81676424990358,20
"23",2012,7,7.56541353383459,133,8.03846153846154,7.26172839506173,7.01785714285714,7.94047619047619,7.49508928571429,52,81,28,21,112,3326,1737,1589,387,621,2705,7.73246611846061,8.29239511226252,7.12038514789176,7.26984496124031,7.42328922705314,7.80344536044362,21
"24",2012,8,7.71428571428571,105,8.25918367346939,7.2375,7.12142857142857,7.825,7.69438202247191,49,56,14,16,89,3431,1786,1645,401,637,2794,7.73190973768581,8.29148393617021,7.12437203647416,7.26466334164588,7.43337929356358,7.79997125984252,22
"25",2012,9,7.57181818181818,99,8.06296296296296,6.98244444444444,6.821,6.946,7.64213483146067,54,45,10,10,89,3530,1840,1690,411,647,2883,7.72741991784703,8.2847773423913,7.12059289940828,7.25386861313868,7.42584638330757,7.79509875130073,23
"26",2012,10,7.35151515151515,132,8.03833333333333,6.77916666666667,6.6375,6.625,7.45172413793103,60,72,20,16,116,3662,1900,1762,431,663,2999,7.71387010103769,8.2769949,7.10664131668558,7.22526682134571,7.40651977375565,7.7818171723908,24
"27",2012,11,7.63655172413793,145,7.99342105263158,7.24347826086957,7.8,7.17058823529412,7.6984375,76,69,15,17,128,3807,1976,1831,446,680,3127,7.71092521933281,8.26608821356275,7.11179792463135,7.24459641255605,7.40062148529412,7.77840412535977,25
"28",2012,12,7.36325925925926,135,7.96382352941176,6.75373134328358,7.32727272727273,6.7962962962963,7.505,68,67,22,27,108,3942,2044,1898,468,707,3235,7.69901885083714,8.25603244129158,7.09915806111696,7.2484829059829,7.3775425884017,7.76927656877898,26
"29",2013,1,7.67617647058823,170,8.20765306122449,6.95277777777778,7.14230769230769,7.45454545454545,7.70912162162162,98,72,26,22,148,4112,2142,1970,494,729,3383,7.69807449173152,8.25381900560224,7.09380812182741,7.2428947368421,7.37986640603566,7.76664490097547,27
"30",2013,2,7.52933884297521,121,8.21176470588235,7.03214285714286,7.01470588235294,7.05952380952381,7.628,51,70,17,21,100,4233,2193,2040,511,750,3483,7.69325119536972,8.25284099863201,7.09169215686275,7.23530332681017,7.37089681333333,7.76266428366351,28
"31",2013,3,7.40238095238095,126,8.03548387096774,6.7890625,6.93684210526316,7.64545454545455,7.35096153846154,62,64,19,22,104,4359,2255,2104,530,772,3587,7.68484338380363,8.24686488248337,7.08248669201521,7.2246037735849,7.37872099740932,7.75072754390856,29
"32",2013,4,7.62803738317757,107,7.94,7.29807692307692,7.29166666666667,6.875,7.80114942528736,55,52,12,20,87,4466,2310,2156,542,792,3674,7.683482380206,8.23955857575757,7.08768645640074,7.22608856088561,7.36600077020202,7.75192152966794,30
"33",2013,5,7.20106382978723,94,7.86224489795918,6.48111111111111,7,7.24,7.19367088607595,49,45,10,15,79,4560,2359,2201,552,807,3753,7.6735377872807,8.23172119966087,7.0752848705134,7.22199275362319,7.36365874845105,7.74017045030642,31
"34",2013,6,7.37127659574468,94,7.77727272727273,7.014,7.08333333333333,6.22222222222222,7.49294117647059,44,50,6,9,85,4654,2403,2251,558,816,3838,7.66743281263429,8.22340004577611,7.07392358951577,7.22050179211469,7.351069375,7.73469507556019,32
"35",2013,7,7.53865546218487,119,7.98636363636364,7.15390625,7.425,7.71176470588235,7.50980392156863,55,64,18,17,102,4773,2458,2315,576,833,3940,7.66422214749633,8.21809613913751,7.07613477321814,7.22689236111111,7.35843050420168,7.72887302030457,33
"36",2013,8,7.31565217391304,115,8.10192307692308,6.66666666666667,6,6.60714285714286,7.41386138613861,52,63,20,14,101,4888,2510,2378,596,847,4041,7.65602134001637,8.21568936653386,7.06528679562658,7.18572147651007,7.34601252656434,7.72099967829745,34
"37",2013,9,7.5077868852459,122,8.14561403508772,6.94846153846154,7.015,7.65882352941177,7.48333333333333,57,65,20,17,105,5010,2567,2443,616,864,4146,7.65241163872256,8.21413335021426,7.06217846909538,7.18017857142857,7.35216737268518,7.7149806319344,35
"38",2013,10,7.34407079646018,113,8.065,6.72950819672131,7.025,7.55555555555556,7.304,52,61,20,18,95,5123,2619,2504,636,882,4241,7.64561044505173,8.21117232149675,7.05407428115016,7.17529874213836,7.35631815192744,7.7057745107286,36
"39",2013,11,7.30890410958904,146,7.91714285714286,6.74868421052632,7.05555555555556,7.62142857142857,7.23474576271186,70,76,18,28,118,5269,2689,2580,654,910,4359,7.63628056747011,8.20351815172927,7.04507829457364,7.17200305810397,7.36447539560439,7.69302356044964,37
"40",2013,12,7.46964285714286,140,7.99698795180723,6.70175438596491,6.55882352941176,6.89230769230769,7.60131578947368,83,57,17,26,114,5409,2772,2637,671,936,4473,7.6319675189499,8.19733416666667,7.03765718619644,7.15646795827123,7.35135962606837,7.69068627319472,38
"41",2014,1,7.33188888888889,180,7.77105882352941,6.93894736842105,7.17619047619048,7.51190476190476,7.30811320754717,85,95,21,21,159,5589,2857,2732,692,957,4632,7.62230315083199,8.18465184109205,7.03422474377745,7.15706647398844,7.35488256008359,7.67755390759931,39
"42",2014,2,7.29,120,7.92881355932203,6.67213114754098,6.85714285714286,7.53846153846154,7.25981308411215,59,61,21,13,107,5709,2916,2793,713,970,4739,7.61531832369942,8.17947541495199,7.02631650554959,7.14823281907433,7.35734289690722,7.66812190335514,40
"43",2014,3,7.51212389380531,113,7.79366666666667,7.19339622641509,7.60416666666667,7.15,7.59,60,53,12,20,93,5822,2976,2846,725,990,4832,7.61331540879423,8.17169701276882,7.02942796907941,7.15577931034483,7.35315415151515,7.66661831539735,41
"44",2014,4,7.26340206185567,97,7.81595744680851,6.744,6.8125,6.8875,7.29719101123596,47,50,16,8,89,5919,3023,2896,741,998,4921,7.60758106267951,8.16616616275223,7.0245,7.14836707152496,7.34942145290581,7.65993694371063,42
"45",2014,5,7.26091954022989,87,7.95714285714286,6.61111111111111,6.27777777777778,6.8,7.32763157894737,42,45,9,11,76,6006,3065,2941,750,1009,4997,7.60255949217449,8.16330189559543,7.01817477048623,7.13792,7.34343172447968,7.65488286972183,43
"46",2014,6,7.08227848101266,79,7.61142857142857,6.66136363636364,6.91666666666667,6.83333333333333,7.12686567164179,35,44,12,12,67,6085,3100,2985,762,1021,5064,7.59580481676253,8.15707106774193,7.01291524288107,7.13443569553806,7.33743644466209,7.64789686018957,44
"47",2014,7,7.28089887640449,89,7.91960784313726,6.42368421052632,6.69230769230769,8.03125,7.20679012345679,51,38,13,8,81,6174,3151,3023,775,1029,5145,7.59126535633301,8.153227645192,7.00550843532914,7.12701935483871,7.34283052478134,7.64095232264334,45
"48",2014,8,7.3268,100,7.83333333333333,6.85923076923077,6.96,7.42235294117647,7.30722891566265,48,52,10,17,83,6274,3199,3075,785,1046,5228,7.58705009722665,8.14842773054079,7.00303479674797,7.12489171974522,7.3441229541109,7.63565411247131,46
"49",2014,9,7.27247706422018,109,7.6015873015873,6.82173913043478,6.45,6.15,7.38585858585859,63,46,16,10,99,6383,3262,3121,801,1056,5327,7.58167825630581,8.13786643470264,7.00036270426146,7.11141073657927,7.33281497159091,7.63101177022715,47
"50",2014,10,7.53394495412844,109,8.2265306122449,6.96833333333333,6.86,7.05555555555556,7.577,49,60,10,9,100,6492,3311,3181,811,1065,5427,7.58087681916205,8.13917858954998,6.99975856648853,7.10831072749692,7.3304719342723,7.63001652846877,48
"51",2014,11,7.40769230769231,117,7.775,6.93235294117647,6.8875,6.80769230769231,7.48269230769231,66,51,16,13,104,6609,3377,3232,827,1078,5531,7.5778109108791,8.13206109268581,6.99869492574257,7.10403869407497,7.32416754174397,7.6272463749774,49
"52",2014,12,7.15277777777778,108,7.64920634920635,6.45777777777778,6.16666666666667,6.78571428571429,7.20744680851064,63,45,15,14,94,6717,3440,3277,842,1092,5625,7.57097697037368,8.12321811337209,6.99126701251144,7.08733966745843,7.31726429487179,7.62023105777778,50
"53",2015,1,7.54233576642336,137,7.90533333333333,7.10322580645161,7.17647058823529,8.11875,7.46611570247934,75,62,17,16,121,6854,3515,3339,859,1108,5746,7.57040448059527,8.11856907823613,6.99334591194969,7.0891036088475,7.32883809566787,7.61698567699269,51
"54",2015,2,7.37418032786885,122,7.83584905660377,7.0195652173913,7.048,7.55882352941176,7.34428571428571,53,69,25,17,105,6976,3568,3408,884,1125,5851,7.56697280819954,8.11436948150224,6.99387676056338,7.08794117647059,7.33231343111111,7.61209189882071,52
"55",2015,3,7.50111940298507,134,8.128125,6.92785714285714,6.86470588235294,6.88888888888889,7.59612068965517,64,70,17,18,116,7110,3632,3478,901,1143,5967,7.56573168917018,8.11461186949339,6.99254801610121,7.08372918978912,7.32533036745407,7.61178141444612,53
"56",2015,4,7.30950495049505,101,7.73087719298246,6.76363636363636,6.66,7.47857142857143,7.265125,57,44,10,21,80,7211,3689,3522,911,1164,6047,7.56214288032173,8.10868265383573,6.98968824531516,7.0790779363337,7.32809502577319,7.60719525384488,54
"57",2015,5,7.56260869565217,92,8.07468085106383,7.02777777777778,7.24285714285714,7.71,7.54463414634146,47,45,14,10,82,7303,3736,3567,925,1174,6129,7.56214874845954,8.1082549009636,6.9901687692739,7.08155675675676,7.33134804940375,7.60635824767499,55
"58",2015,6,7.38011904761905,84,8.05,6.56921052631579,6.95,7,7.42013157894737,46,38,10,8,76,7387,3782,3605,935,1182,6205,7.56007882902396,8.10754635378107,6.98573148404993,7.08014973262032,7.32910542301184,7.60407730862208,56
"59",2015,7,7.41979166666667,96,7.79615384615385,6.975,6.7,7.5375,7.40909090909091,52,44,8,8,88,7483,3834,3649,943,1190,6293,7.55827907390084,8.10332298122066,6.9856020827624,7.07692470837752,7.33050639495798,7.6013506594629,57
"60",2015,8,7.36214953271028,107,7.81810344827586,6.82244897959184,6.43076923076923,6.9375,7.41578947368421,58,49,13,12,95,7590,3892,3698,956,1202,6388,7.55551413833992,8.09907253597122,6.98344023796647,7.06813807531381,7.3265828702163,7.59859106136506,58
"61",2015,9,7.08882978723404,94,7.69591836734694,6.42777777777778,6.44444444444444,7.15625,7.075,49,45,9,16,78,7684,3941,3743,965,1218,6466,7.54980508979698,8.09405996193859,6.97675981832754,7.06232124352332,7.32434532840722,7.5922749304052,59
"62",2015,10,7.20191304347826,115,7.80218181818182,6.65166666666667,6.62,6.79545454545455,7.24490384615385,55,60,15,11,104,7799,3996,3803,980,1229,6570,7.54467525451981,8.09004262012012,6.97163081777544,7.05555102040816,7.31961156224573,7.58677621004566,60
"63",2015,11,7.28715079365079,126,8.02301666666667,6.61818181818182,6.3625,7.24294117647059,7.29404587155963,60,66,16,17,109,7925,4056,3869,996,1246,6679,7.54058085930599,8.08905111193294,6.96560144740243,7.04441767068273,7.31856549759229,7.58199890702201,61
"64",2015,12,7.26683076923077,130,7.91101754385965,6.76383561643836,6.8547619047619,7.16315789473684,7.28457657657658,57,73,21,19,111,8055,4113,3942,1017,1265,6790,7.53616279453755,8.08658383418429,6.96186504312532,7.04050147492625,7.31623131225296,7.57713677466863,62
"65",2016,1,7.19271383647799,159,7.96016911764706,6.61923076923077,6.15263157894737,7.21543333333333,7.19034722222222,68,91,19,15,144,8214,4181,4033,1036,1280,6934,7.52951458607256,8.08452781870366,6.95413389536325,7.02421814671815,7.3150500859375,7.56910422555524,63
"66",2016,2,7.41078431372549,102,7.73962264150943,7.05510204081633,6.55,7.61333333333333,7.37586206896552,53,49,10,15,87,8316,4234,4082,1046,1295,7021,7.5280582984608,8.08021039442607,6.9553459088682,7.0196845124283,7.3185051042471,7.56670968523003,64
"67",2016,3,7.31105769230769,104,7.85178571428571,6.68020833333333,6.25,6.8,7.35947368421053,56,48,6,9,95,8420,4290,4130,1052,1304,7116,7.52537800593824,8.07722862703962,6.95214818401937,7.01529467680608,7.31492646472392,7.56394304384486,65
"68",2016,4,7.25925925925926,108,7.6771186440678,6.75612244897959,6.828125,5.66666666666667,7.35294117647059,59,49,16,6,102,8528,4349,4179,1068,1310,7218,7.52200783419325,8.07180060013796,6.94984972481455,7.01249063670412,7.30737718320611,7.56096130507066,66
"69",2016,5,7.36542056074766,107,8.03728813559322,6.53958333333333,6.08333333333333,6.79411764705882,7.47333333333333,59,48,12,17,90,8635,4408,4227,1080,1327,7308,7.52006749392009,8.0713386592559,6.94519091554294,7.00216666666667,7.30080189148455,7.55988214285714,67
"70",2016,6,7.34705882352941,85,7.81020408163265,6.71666666666667,6.52307692307692,7.78333333333333,7.31392405063291,49,36,13,6,79,8720,4457,4263,1093,1333,7387,7.51838105619266,8.06846776082566,6.94326108374384,6.99646843549863,7.30297382595649,7.55725175307974,68
"71",2016,7,7.45752688172043,93,7.75227272727273,7.19285714285714,7.1875,7.15454545454545,7.49817073170732,44,49,8,11,82,8813,4501,4312,1101,1344,7469,7.51773888687167,8.06537676294156,6.9460974025974,6.99785649409628,7.30175901041667,7.55660311956085,69
"72",2016,8,7.2201724137931,116,7.69508196721311,6.69345454545455,6.94444444444444,7.825,7.1371568627451,61,55,9,14,102,8929,4562,4367,1110,1358,7571,7.51387308881174,8.06042542963612,6.94291550263339,6.99742342342342,7.30715324742268,7.55095214634791,70
"73",2016,9,7.02549019607843,102,7.64433962264151,6.35612244897959,6.58095238095238,5.81428571428571,7.11473684210526,53,49,21,7,95,9031,4615,4416,1131,1365,7666,7.50835708227217,8.05564697941495,6.9364044384058,6.98969053934571,7.29949751648352,7.54554639968693,71
"74",2016,10,7.34954128440367,109,7.99636363636364,6.69074074074074,6.14375,7.5,7.33265306122449,55,54,16,11,98,9140,4670,4470,1147,1376,7764,7.5064631083151,8.05494878158458,6.93343668903803,6.97789014821273,7.30110037063953,7.54285918341061,72
"75",2016,11,7.30807339449541,109,7.68633333333333,6.84489795918367,6.58,7.33625,7.30322580645161,60,49,10,16,93,9249,4730,4519,1157,1392,7857,7.50412507406206,8.05027289852008,6.93247665412702,6.97445116681072,7.30150438936781,7.54002274404989,73
"76",2016,12,7.10782608695652,115,7.90327868852459,6.20925925925926,6.43636363636364,6.36666666666667,7.19417475728155,61,54,11,12,103,9364,4791,4573,1168,1404,7960,7.49925809589919,8.04840133792527,6.92393658429915,6.96938356164384,7.29351432336182,7.53554757537689,74
"77",2017,1,6.98421052631579,133,7.43015873015873,6.58285714285714,6.40476190476191,6.51764705882353,7.05258620689655,63,70,21,17,116,9497,4854,4643,1189,1421,8076,7.49204515215331,8.04037717552534,6.91879431402111,6.95941126997477,7.28423230823364,7.52861053739475,75
"78",2017,2,7.21929824561404,114,7.7203125,6.578,6.44705882352941,7.33846153846154,7.2039603960396,64,50,17,13,101,9611,4918,4693,1206,1434,8177,7.48880998959526,8.03621203944692,6.91516343490305,6.95218905472637,7.28472392608089,7.52460055032408,76
"79",2017,3,7.38300970873786,103,7.82734375,6.65384615384615,6.8125,7.91111111111111,7.27117647058824,64,39,16,18,85,9714,4982,4732,1222,1452,8262,7.48768816244595,8.0335288659173,6.91300972104818,6.95036006546645,7.29248905647383,7.5219933067054,77
"80",2017,4,7.55921052631579,114,7.71854838709677,7.36923076923077,7.15,6.83125,7.6780612244898,62,52,18,16,98,9828,5044,4784,1240,1468,8360,7.48851778693529,8.02965717882632,6.91796864548495,6.95325806451613,7.28746192779291,7.52382281100479,78
"81",2017,5,7.39285714285714,105,7.93771929824561,6.74583333333333,6.61538461538461,7.77272727272727,7.34840425531915,57,48,13,11,94,9933,5101,4832,1253,1479,8454,7.48750657505285,8.0286298392472,6.91625869205298,6.94975259377494,7.29107106828938,7.52187233262361,79
"82",2017,6,7.24142857142857,70,7.71428571428571,6.76857142857143,6.5,7.55555555555556,7.19508196721311,35,35,8,9,61,10003,5136,4867,1261,1488,8515,7.48578454563631,8.02648769665108,6.91519663036778,6.94689928628073,7.29267077284946,7.51953126247798,80
"83",2017,7,7.31376237623762,101,7.77735849056604,6.801875,7.25384615384615,7,7.34075268817204,53,48,13,8,93,10104,5189,4915,1274,1496,8608,7.48406500494854,8.02394311235305,6.91408992878942,6.95003139717425,7.29110568850267,7.51759975604089,81
"84",2017,8,7.41834782608696,115,7.88111111111111,6.85769230769231,6.23333333333333,7.69333333333333,7.3771,63,52,18,15,100,10219,5252,4967,1292,1511,8708,7.48332545356689,8.02222978103579,6.91349949667808,6.94004643962848,7.29509868299139,7.51598629995407,82
"85",2017,9,7.36989795918367,98,8.04259259259259,6.54431818181818,6.33571428571429,5.83333333333333,7.5843023255814,54,44,14,12,86,10317,5306,5011,1306,1523,8794,7.48224801880392,8.02243701658499,6.91025783276791,6.93356814701378,7.2835811621799,7.51665438935638,83
"86",2017,10,7.25761538461538,130,7.93768115942029,6.48836065573771,6.37842105263158,7.34285714285714,7.2473275862069,69,61,19,14,116,10447,5375,5072,1325,1537,8910,7.4794527433713,8.02134898790697,6.90518375394322,6.92560754716981,7.2841210865322,7.51314800224467,84
"87",2017,11,7.22482517482517,143,7.5527397260274,6.88285714285714,7.15238095238095,7.52888888888889,7.18104,73,70,21,18,125,10590,5448,5142,1346,1555,9035,7.47601442965061,8.01506989904551,6.90487981330222,6.9291456166419,7.28695441157556,7.50855325954621,85
"88",2017,12,7.26830985915493,142,7.69404761904762,6.65172413793103,6.73333333333333,6.80588235294118,7.3312,84,58,12,17,125,10732,5532,5200,1358,1572,9160,7.47326619549012,8.01019537418654,6.90205615384615,6.92741531664212,7.2817519783715,7.50613304585153,86
"89",2018,1,7.22899371069182,159,7.57369565217391,6.75567164179104,6.64055555555556,7.875,7.15671328671329,92,67,18,16,143,10891,5624,5267,1376,1588,9303,7.46970001010008,8.00305490931721,6.900194038352,6.92366279069768,7.2877292884131,7.50076198000645,87
"90",2018,2,7.466,100,7.82962264150943,7.05595744680851,7,7.93133333333333,7.38388235294118,53,47,11,15,85,10991,5677,5314,1387,1603,9388,7.46966634610136,8.00143576008455,6.90157169740309,6.92426820475847,7.29375178415471,7.49970373881551,88
"91",2018,3,7.19690265486726,113,7.46984126984127,6.853,6.69230769230769,7.4,7.1875,63,50,13,5,108,11104,5740,5364,1400,1608,9496,7.46689056286023,7.99560118641114,6.90111894108874,6.92211428571429,7.2940821579602,7.49615298020219,89
"92",2018,4,7.17551020408163,98,7.57818181818182,6.66046511627907,6.86666666666667,6.95454545454545,7.20344827586207,55,43,15,11,87,11202,5795,5407,1415,1619,9583,7.46434143992144,7.99163948403796,6.89920510449417,6.92152650176679,7.29177523780111,7.49349563810915,90
"93",2018,5,7.09825,80,7.82564102564103,6.40634146341463,6.41625,7.78333333333333,7.0427027027027,39,41,16,6,74,11282,5834,5448,1431,1625,9657,7.46174550700231,7.99052979259513,6.89549596182085,6.91587700908456,7.29359022153846,7.4900412861137,91
"94",2018,6,7.45163636363636,55,8.16071428571429,6.7162962962963,7.09714285714286,6.7325,7.50803921568627,28,27,7,4,51,11337,5862,5475,1438,1629,9708,7.46169646379113,7.9913426833845,6.89461223744292,6.91675938803894,7.29221246777164,7.49013583642357,92
"95",2018,7,7.36338235294118,68,7.86028571428571,6.83636363636364,6.90909090909091,7.88875,7.29333333333333,35,33,11,8,60,11405,5897,5508,1449,1637,9768,7.46111028583955,7.99056483127013,6.89426325344953,6.91670117322291,7.29512773976787,7.48892697583948,93
"96",2018,8,7.3985,94,7.61252727272727,7.09666666666667,7.234,7,7.43556976744186,55,39,10,8,86,11499,5952,5547,1459,1645,9854,7.46059847030177,7.9870715406586,6.89568631692807,6.91887594242632,7.2936924680851,7.48846130505379,94
"97",2018,9,7.40551282051282,78,7.89794117647059,7.025,6.5,7.38888888888889,7.40768115942029,34,44,10,9,69,11577,5986,5591,1469,1654,9923,7.46022733091475,7.98656528733711,6.89670398855303,6.91602450646699,7.29421046553809,7.4878995968961,95
"98",2018,10,7.31921240506329,79,7.63146754716981,6.68269230769231,6.7,7.3125,7.31996873239437,53,26,10,8,71,11656,6039,5617,1479,1662,9994,7.45927158459163,7.9834488474913,6.8957133701264,6.91456389452333,7.29429850180505,7.48670657194317,96
"99",2018,11,7.43235294117647,102,7.83965517241379,6.89545454545455,6.13636363636364,7.55,7.4195652173913,58,44,11,10,92,11758,6097,5661,1490,1672,10086,7.45903806684811,7.98208095620796,6.89571135841724,6.90881879194631,7.29582781698564,7.48609413840968,97
"100",2018,12,7.41457317073171,82,7.93825581395349,6.83717948717949,6.85294117647059,7.16666666666667,7.43414473684211,43,39,17,6,76,11840,6140,5700,1507,1678,10162,7.45873011739865,7.98177403745928,6.89531087719298,6.90818845388189,7.29536597735399,7.48570561700453,98
"101",2019,1,7.26095238095238,105,7.84814814814815,6.63921568627451,6.52631578947368,7.03571428571429,7.2956043956044,54,51,19,14,91,11945,6194,5751,1526,1692,10253,7.45699159397237,7.98060907168227,6.89303981916188,6.90343381389253,7.29321755910165,7.48401838291232,99
"102",2019,2,7.12747252747253,91,7.59,6.56341463414634,6.04615384615385,6.67692307692308,7.2025641025641,50,41,13,13,78,12036,6244,5792,1539,1705,10331,7.45450021518777,7.97748119634849,6.89070649171271,6.89619233268356,7.28851853958944,7.48189337721421,100
"103",2019,3,7.0823,100,7.61104166666667,6.59423076923077,6.125,6.82923076923077,7.12011494252874,48,52,12,13,87,12136,6292,5844,1551,1718,10418,7.45143330504285,7.97468572631913,6.88806844626968,6.89022566086396,7.28504313736903,7.47887219043963,101
"104",2019,4,7.32739726027397,73,7.8051282051282,6.77941176470588,6.5,7.05833333333333,7.38032786885246,39,34,8,12,61,12209,6331,5878,1559,1730,10479,7.45069166926038,7.9736412241352,6.88743994555971,6.88822322001283,7.28347058381503,7.47829854757134,102
"105",2019,5,7.12972972972973,74,7.7925,6.35,5.875,7,7.13913043478261,40,34,12,5,69,12283,6371,5912,1571,1735,10548,7.44875800618742,7.97250393815727,6.88434912043302,6.88048376830045,7.28265366570605,7.47607987106561,103
"106",2019,6,7.03981132075472,53,7.11068965517241,6.95416666666667,6.36,6.91,7.05333333333333,29,24,5,5,48,12336,6400,5936,1576,1740,10596,7.44700102059014,7.96859884218749,6.88463140161725,6.87883248730965,7.28158282183908,7.47416482446206,104
"107",2019,7,7.13014705882353,68,7.64285714285714,6.58636363636364,6.4,6.65,7.16015625,35,33,9,4,64,12404,6435,5969,1585,1744,10660,7.44526399467914,7.96682713131313,6.88298240911375,6.87611356466877,7.28013423738532,7.47227959474672,105
"108",2019,8,7.13793023255814,86,7.76162790697674,6.51423255813954,5.87142857142857,5.6,7.253275,43,43,7,6,80,12490,6478,6012,1592,1750,10740,7.44314784547638,7.96546504939796,6.88034497671324,6.8716959798995,7.27437377714286,7.47064827560522,106
"109",2019,9,7.112,95,7.41072727272727,6.70125,5.85833333333333,7.63636363636364,7.04333333333333,55,40,12,11,84,12585,6533,6052,1604,1761,10824,7.44064811998411,7.96079482473595,6.87916126900198,6.86411471321696,7.2766349290176,7.46733208425721,107
"110",2019,10,7.035625,80,7.7406976744186,6.21621621621622,5.59090909090909,6.0625,7.14375,43,37,11,8,72,12665,6576,6089,1615,1769,10896,7.43808974259771,7.95935562499999,6.87513286253901,6.85544272445821,7.27114421141888,7.46519387665199,108
"111",2019,11,7.27303921568627,102,7.68148148148148,6.81354166666667,5.94444444444444,6.93636363636364,7.31373626373626,54,48,9,11,91,12767,6630,6137,1624,1780,10987,7.43677109657712,7.95709239668174,6.87465113247515,6.85039408866995,7.26907534269663,7.46393942659507,109
"112",2019,12,7.11188555555556,99,7.42993470588235,6.77395833333333,6.72727272727273,7.60923076923077,7.03670546511628,51,48,11,13,86,12866,6681,6185,1635,1793,11073,7.43427120006218,7.95306829217182,6.8738696847211,6.84956574923548,7.27154161182376,7.4606212544026,110
"113",2020,1,6.95748527559055,127,7.41077892307692,6.48225806451613,6.97142857142857,6.83571428571429,6.97257194690266,65,62,21,14,113,12993,6746,6247,1656,1807,11186,7.42961085892404,7.94784315001482,6.86998303185529,6.85111111111111,7.26816497509684,7.45569102270696,111
"114",2020,2,6.90975609756098,82,7.2093023255814,6.57948717948718,6.375,6.6,6.92987012987013,43,39,12,5,77,13075,6789,6286,1668,1812,11263,7.42635058432123,7.94316539843864,6.86818071905823,6.84768585131895,7.26632125275938,7.45209622480689,112
"115",2020,3,7.12191176470588,68,7.39529411764706,6.84852941176471,6.0625,5.8125,7.2965,34,34,8,8,60,13143,6823,6320,1676,1820,11323,7.42477546146238,7.94043527627143,6.868075,6.84393794749403,7.25993082967033,7.45127172834055,113
"116",2020,4,7.21356164383562,73,7.4225,6.89655172413793,6.6,7.33333333333333,7.20283582089552,44,29,10,6,67,13216,6867,6349,1686,1826,11390,7.42360879918281,7.93711662880442,6.86820507166483,6.84249110320285,7.26017202081051,7.4498103406497,114
"117",2020,5,6.92162162162162,74,7.37872340425532,6.12592592592593,5.65555555555556,7.05,6.91428571428571,47,27,9,4,70,13290,6914,6376,1695,1830,11460,7.42081368623025,7.93332078247034,6.86506179422836,6.83618879056047,7.2597126284153,7.4465392478185,115
"118",2020,6,7.56271186440678,59,7.90571428571429,7.0625,6.28571428571429,7.02222222222222,7.66,35,24,7,9,50,13349,6949,6400,1702,1839,11510,7.42144084875272,7.93318173694056,6.8658021875,6.83392479435958,7.2585503588907,7.44746653171156,116
"119",2020,7,7.33389830508475,59,7.83076923076923,6.365,6.5,7.16666666666667,7.35283018867925,39,20,11,6,53,13408,6988,6420,1713,1845,11563,7.42105563022077,7.93261017315397,6.86424205607477,6.8317805020432,7.2582515501355,7.4470327579348,117
"120",2020,8,6.95454545454545,77,7.55714285714286,6.45238095238095,6.32666666666667,5.94545454545455,7.12272727272727,35,42,15,11,66,13485,7023,6462,1728,1856,11629,7.41839183463107,7.93073898476434,6.86156515010833,6.82739583333333,7.25047096443965,7.44519217301574,118
"121",2020,9,7.1688,75,7.51466666666667,6.65,6.61111111111111,7.54,7.11169230769231,45,30,9,10,65,13560,7068,6492,1737,1866,11694,7.41701134882006,7.92808996745896,6.86058749229821,6.8262751871042,7.25202256698821,7.4433384453566,119
"122",2020,10,7.09178082191781,73,7.53095238095238,6.49677419354839,6.42857142857143,7,7.1046875,42,31,7,9,64,13633,7110,6523,1744,1875,11758,7.41526985183012,7.92574400703234,6.85885850068987,6.82467889908257,7.25081285866667,7.44149513352611,120
"123",2020,11,7.44551282051282,78,7.74905660377359,6.802,6.66666666666667,7.57,7.42720588235294,53,25,3,10,68,13711,7163,6548,1747,1885,11826,7.41544189993436,7.92443667318162,6.85864141722664,6.82440755580996,7.25250615915119,7.44141296972772,121
"124",2020,12,7.31688311688312,77,7.68522727272727,6.82575757575758,6.31818181818182,7.36111111111111,7.31102941176471,44,33,11,9,68,13788,7207,6581,1758,1894,11894,7.414891491877,7.92297625780491,6.85847652332472,6.82124004550626,7.25302223336853,7.44066754498067,122
"125",2021,1,7.25188679245283,106,7.80636363636364,6.65392156862745,6.06666666666667,6.81785714285714,7.3179347826087,55,51,15,14,92,13894,7262,6632,1773,1908,11986,7.41364789765366,7.92209307215643,6.85690349819059,6.81485617597293,7.24982919811321,7.43972549474387,123
"126",2021,2,6.995,60,7.73571428571429,6.346875,6.20833333333333,6.25,7.04821428571429,28,32,12,4,56,13954,7290,6664,1785,1912,12042,7.41184777769815,7.92137721399176,6.8544543817527,6.81077871148459,7.24773750523013,7.43790481481482,124
"127",2021,3,7.26594202898551,69,7.885,6.41206896551724,6.28571428571429,7.16666666666667,7.27539682539683,40,29,7,6,63,14023,7330,6693,1792,1918,12105,7.41112985024603,7.92117870259208,6.85253757657254,6.80872767857143,7.24748389468196,7.43705904832714,125
"128",2021,4,6.92463768115942,69,7.55625,6.37837837837838,6.30769230769231,6.42,7.01016949152542,32,37,13,10,59,14092,7362,6730,1805,1928,12164,7.40874779236446,7.91959248709589,6.84993075780089,6.80511911357341,7.24319196576764,7.43498847254193,126
"129",2021,5,7.3968253968254,63,7.81081081081081,6.80769230769231,6.5,7.4375,7.39090909090909,37,26,4,8,55,14155,7399,6756,1809,1936,12219,7.408694729071,7.9190485052034,6.84976820603908,6.80444444444444,7.24399489152893,7.43479006301662,127
"130",2021,6,7.25620689655172,58,7.71393939393939,6.652,4.75,8,7.21563636363636,33,25,4,3,55,14213,7432,6781,1813,1939,12274,7.40807246112714,7.91813776776103,6.84903907978174,6.79991174848318,7.24516457452295,7.43380803161154,128
"131",2021,7,7.01471698113208,53,7.46064516129032,6.38636363636364,6,5,7.09372549019608,31,22,5,2,51,14266,7463,6803,1818,1941,12325,7.40661109561195,7.91623742328822,6.8475428487432,6.79771177117712,7.24285116434827,7.43240079350913,129
"132",2021,8,7.55064671641791,67,7.87863636363636,6.92318826086956,6.5,7.33333333333333,7.57202180327869,44,23,6,6,61,14333,7507,6826,1824,1947,12386,7.40728439405568,7.91601703609964,6.8477977336654,6.79673245614035,7.24313,7.43308841514614,130
"133",2021,9,6.93942307692308,52,7.59230769230769,6.28653846153846,5.1,8.375,6.81979166666667,26,26,8,4,48,14385,7533,6852,1832,1951,12434,7.40559313312478,7.91489975972388,6.8456680283129,6.7893231441048,7.24545059456689,7.43072085491395,131
"134",2021,10,7.10742424242424,66,8.10647058823529,6.0459375,5.57142857142857,6.71428571428571,7.15406779661017,34,32,7,7,59,14451,7567,6884,1839,1958,12493,7.40423134869559,7.91576052464649,6.84195051278327,6.78468733007069,7.24355163942799,7.42941432081966,132
"135",2021,11,7.30294117647059,51,7.62037037037037,6.94583333333333,7,6.33333333333333,7.43222222222222,27,24,5,6,45,14502,7594,6908,1844,1964,12538,7.40387513584333,7.91471028311825,6.84231142588304,6.78527114967462,7.24077093177189,7.42942439862817,133
"136",2021,12,7.10645161290323,62,7.66216216216216,6.284,6.42222222222222,6.83333333333333,7.13571428571429,37,25,9,6,56,14564,7631,6933,1853,1970,12594,7.40260898242241,7.9134857672651,6.84029818693207,6.78350782514841,7.23953000507614,7.42811839844371,134
"137",2022,1,6.99961745901639,122,7.48747306451613,6.4955,6.01083333333333,6.97894736842105,7.00343038834951,62,60,12,19,103,14686,7693,6993,1865,1989,12697,7.39926123859458,7.91005241388275,6.83733981552982,6.77853619302949,7.23704077928607,7.42467326455068,135
"138",2022,2,7.26265060240964,83,7.66382978723404,6.73888888888889,6.35555555555556,7.73333333333333,7.15882352941177,47,36,9,15,68,14769,7740,7029,1874,2004,12765,7.39849350328391,7.90855726356589,6.83683558543178,6.77650480256137,7.24075554391218,7.42325706541324,136
"139",2022,3,7.24838709677419,62,7.62068965517241,6.92121212121212,6.31666666666667,6.4,7.30689655172414,29,33,6,4,58,14831,7769,7062,1880,2008,12823,7.39786599352707,7.90748271592225,6.83722986830926,6.77503723404255,7.23908073207171,7.42273075255401,137
"140",2022,4,7.14102941176471,68,7.46590909090909,6.54541666666667,5.2975,6.775,7.18983333333333,44,24,4,8,60,14899,7813,7086,1884,2016,12883,7.39669377474999,7.90499593242032,6.83624150860852,6.77190021231423,7.23723914186508,7.42164607932935,138
"141",2022,5,7.23188405797101,69,7.68382352941176,6.79285714285714,5.125,8.25,7.16923076923077,34,35,4,4,65,14968,7847,7121,1888,2020,12948,7.39593402926243,7.90403762202115,6.83602827271451,6.76841101694915,7.23924460891089,7.42037893419834,139
"142",2022,6,7.068625,80,7.76953488372093,6.25405405405405,5.75,6.775,7.12044117647059,43,37,10,12,68,15048,7890,7158,1898,2032,13016,7.39419394936204,7.90330459062103,6.83302002374965,6.76304531085353,7.23650300688976,7.41881195759066,140
"143",2022,7,7.15782608695652,46,7.385,6.8625,6.5,7.8,7.07951219512195,26,20,2,5,41,15094,7916,7178,1900,2037,13057,7.39347360209355,7.90160222587165,6.83310216355531,6.76276842105263,7.23788616102111,7.41774652983075,141
"144",2022,8,7.08581081081081,74,7.57692307692308,6.53857142857143,5.63,6.53125,7.1530303030303,39,35,10,8,66,15168,7955,7213,1910,2045,13123,7.39197261010021,7.90001046134506,6.83167299736587,6.75683769633508,7.23512181418093,7.416415182504,142
