"","year","month","avg_rating","no_ratings","avg_rating_owned","avg_rating_not_owned","avg_rating_prev_owned","avg_rating_comment","avg_rating_no_comment","no_ratings_owned","no_ratings_not_owned","no_ratings_prev_owned","no_ratings_comment","no_ratings_no_comment","cum_no_ratings","cum_no_ratings_owned","cum_no_ratings_not_owned","cum_no_ratings_prev_owned","cum_no_ratings_comment","cum_no_ratings_no_comment","cum_avg_rating","cum_avg_rating_owned","cum_avg_rating_not_owned","cum_avg_rating_prev_owned","cum_avg_rating_comment","cum_avg_rating_no_comment","month_after_release"
"1",2001,6,5.33333333333333,3,6,4,NA,NA,5.33333333333333,2,1,0,0,3,3,2,1,0,0,3,5.33333333333333,6,4,NA,NA,5.33333333333333,0
"2",2001,8,6,4,5.5,6.5,6,6,6,2,2,1,1,3,7,4,3,1,1,6,5.71428571428571,5.75,5.66666666666667,6,6,5.66666666666667,2
"3",2001,9,6,1,6,NA,NA,6,NA,1,0,0,1,0,8,5,3,1,2,6,5.75,5.8,5.66666666666667,6,6,5.66666666666667,3
"4",2001,10,6,3,6.5,5,NA,NA,6,2,1,0,0,3,11,7,4,1,2,9,5.81818181818182,6,5.5,6,6,5.77777777777778,4
"5",2001,11,5.66666666666667,3,7,5,NA,NA,5.66666666666667,1,2,0,0,3,14,8,6,1,2,12,5.78571428571429,6.125,5.33333333333333,6,6,5.75,5
"6",2001,12,6.33333333333333,3,6.33333333333333,NA,NA,NA,6.33333333333333,3,0,0,0,3,17,11,6,1,2,15,5.88235294117647,6.18181818181818,5.33333333333333,6,6,5.86666666666667,6
"7",2002,1,8.5,2,8.5,NA,NA,NA,8.5,2,0,0,0,2,19,13,6,1,2,17,6.15789473684211,6.53846153846154,5.33333333333333,6,6,6.17647058823529,7
"8",2002,2,7,4,7,7,NA,7,7,3,1,0,1,3,23,16,7,1,3,20,6.30434782608696,6.625,5.57142857142857,6,6.33333333333333,6.3,8
"9",2002,3,5,1,5,NA,NA,5,NA,1,0,0,1,0,24,17,7,1,4,20,6.25,6.52941176470588,5.57142857142857,6,6,6.3,9
"10",2002,5,6,1,6,NA,NA,NA,6,1,0,0,0,1,25,18,7,1,4,21,6.24,6.5,5.57142857142857,6,6,6.28571428571429,11
"11",2002,6,4,1,NA,4,NA,NA,4,0,1,0,0,1,26,18,8,1,4,22,6.15384615384615,6.5,5.375,6,6,6.18181818181818,12
"12",2002,7,6.2,5,6.2,NA,NA,6,6.25,5,0,0,1,4,31,23,8,1,5,26,6.16129032258065,6.43478260869565,5.375,6,6,6.19230769230769,13
"13",2002,8,6.125,4,6.66666666666667,4.5,NA,6,6.16666666666667,3,1,0,1,3,35,26,9,1,6,29,6.15714285714286,6.46153846153846,5.27777777777778,6,6,6.18965517241379,14
"14",2002,10,4.33333333333333,3,4.5,4,NA,4,4.5,2,1,0,1,2,38,28,10,1,7,31,6.01315789473684,6.32142857142857,5.15,6,5.71428571428571,6.08064516129032,16
"15",2002,11,7,4,6.66666666666667,8,NA,8,6.66666666666667,3,1,0,1,3,42,31,11,1,8,34,6.10714285714286,6.35483870967742,5.40909090909091,6,6,6.13235294117647,17
"16",2002,12,5.66666666666667,3,7,3,NA,4.5,8,2,1,0,2,1,45,33,12,1,10,35,6.07777777777778,6.39393939393939,5.20833333333333,6,5.7,6.18571428571429,18
"17",2003,1,5.28571428571429,7,6,3.5,NA,4.5,5.6,5,2,0,2,5,52,38,14,1,12,40,5.97115384615385,6.34210526315789,4.96428571428571,6,5.5,6.1125,19
"18",2003,2,5.6,5,6.25,3,NA,NA,5.6,4,1,0,0,5,57,42,15,1,12,45,5.93859649122807,6.33333333333333,4.83333333333333,6,5.5,6.05555555555556,20
"19",2003,3,6.5,4,6.5,NA,NA,NA,6.5,4,0,0,0,4,61,46,15,1,12,49,5.97540983606557,6.34782608695652,4.83333333333333,6,5.5,6.09183673469388,21
"20",2003,4,6,3,6,6,NA,6,6,2,1,0,1,2,64,48,16,1,13,51,5.9765625,6.33333333333333,4.90625,6,5.53846153846154,6.08823529411765,22
"21",2003,5,6.2,5,6.2,NA,NA,8,5,5,0,0,2,3,69,53,16,1,15,54,5.99275362318841,6.32075471698113,4.90625,6,5.86666666666667,6.02777777777778,23
"22",2003,6,7.4,5,7.75,6,6,8,7,4,1,1,2,3,74,57,17,2,17,57,6.08783783783784,6.42105263157895,4.97058823529412,6,6.11764705882353,6.07894736842105,24
"23",2003,7,5.875,16,6,5.5,NA,5.7,5.95454545454545,12,4,0,5,11,90,69,21,2,22,68,6.05,6.34782608695652,5.07142857142857,6,6.02272727272727,6.05882352941176,25
"24",2003,8,5.78571428571429,14,6.25,3,3,7,5.58333333333333,12,2,1,2,12,104,81,23,3,24,80,6.01442307692308,6.33333333333333,4.89130434782609,5,6.10416666666667,5.9875,26
"25",2003,9,6.4,10,6.625,5.5,8,9,6.11111111111111,8,2,1,1,9,114,89,25,4,25,89,6.04824561403509,6.35955056179775,4.94,5.75,6.22,6,27
"26",2003,10,7.25,4,7.25,NA,NA,NA,7.25,4,0,0,0,4,118,93,25,4,25,93,6.08898305084746,6.39784946236559,4.94,5.75,6.22,6.05376344086022,28
"27",2003,11,6.5,6,6.5,NA,NA,6.75,6,6,0,0,4,2,124,99,25,4,29,95,6.10887096774194,6.4040404040404,4.94,5.75,6.29310344827586,6.05263157894737,29
"28",2003,12,5.95,10,6.0625,5.5,NA,3,6.27777777777778,8,2,0,1,9,134,107,27,4,30,104,6.09701492537313,6.3785046728972,4.98148148148148,5.75,6.18333333333333,6.07211538461539,30
"29",2004,1,6,8,6.33333333333333,5,5,5,6.14285714285714,6,2,1,1,7,142,113,29,5,31,111,6.09154929577465,6.37610619469027,4.98275862068965,5.6,6.14516129032258,6.07657657657658,31
"30",2004,2,6.5,6,6.8,5,NA,6.66666666666667,6.33333333333333,5,1,0,3,3,148,118,30,5,34,114,6.10810810810811,6.39406779661017,4.98333333333333,5.6,6.19117647058824,6.08333333333333,32
"31",2004,3,7.6,5,7.6,NA,NA,8,7.5,5,0,0,1,4,153,123,30,5,35,118,6.15686274509804,6.44308943089431,4.98333333333333,5.6,6.24285714285714,6.13135593220339,33
"32",2004,4,6.5,6,6.5,NA,NA,7,6.4,6,0,0,1,5,159,129,30,5,36,123,6.16981132075472,6.44573643410853,4.98333333333333,5.6,6.26388888888889,6.14227642276423,34
"33",2004,5,5.33333333333333,9,5.5,5,NA,5.25,5.4,6,3,0,4,5,168,135,33,5,40,128,6.125,6.4037037037037,4.98484848484848,5.6,6.1625,6.11328125,35
"34",2004,6,5.95454545454545,11,6.5625,4.33333333333333,NA,NA,5.95454545454545,8,3,0,0,11,179,143,36,5,40,139,6.1145251396648,6.41258741258741,4.93055555555556,5.6,6.1625,6.10071942446043,36
"35",2004,7,6.33333333333333,6,6.8,4,NA,5.5,6.75,5,1,0,2,4,185,148,37,5,42,143,6.12162162162162,6.42567567567568,4.90540540540541,5.6,6.13095238095238,6.11888111888112,37
"36",2004,8,5.44444444444444,9,6.66666666666667,3,NA,4.75,6,6,3,0,4,5,194,154,40,5,46,148,6.09020618556701,6.43506493506494,4.7625,5.6,6.01086956521739,6.11486486486486,38
"37",2004,9,5.97777777777778,9,6.26,5.625,7,6.5,5.56,5,4,1,4,5,203,159,44,6,50,153,6.08522167487685,6.42955974842767,4.84090909090909,5.83333333333333,6.05,6.09673202614379,39
"38",2004,10,6.18181818181818,11,6.33333333333333,5.5,NA,6,6.33333333333333,9,2,0,5,6,214,168,46,6,55,159,6.09018691588785,6.42440476190476,4.8695652173913,5.83333333333333,6.04545454545455,6.10566037735849,40
"39",2004,11,6.625,20,6.63888888888889,6.5,NA,6.8,6.56666666666667,18,2,0,5,15,234,186,48,6,60,174,6.13589743589744,6.44516129032258,4.9375,5.83333333333333,6.10833333333333,6.14540229885057,41
"40",2004,12,6.4,5,6.5,6.33333333333333,5.45,5.45,7.03333333333333,2,3,2,2,3,239,188,51,8,62,177,6.14142259414226,6.44574468085106,5.01960784313725,5.7375,6.08709677419355,6.16045197740113,42
"41",2005,1,6.05555555555556,18,5.78571428571429,7,NA,5.33333333333333,6.2,14,4,0,3,15,257,202,55,8,65,192,6.13540856031128,6.4,5.16363636363636,5.7375,6.05230769230769,6.16354166666667,43
"42",2005,2,5.5,16,5.58333333333333,5.25,NA,5.6,5.45454545454545,12,4,0,5,11,273,214,59,8,70,203,6.0981684981685,6.35420560747664,5.16949152542373,5.7375,6.02,6.12512315270936,44
"43",2005,3,6.10714285714286,14,6.1875,6,NA,6.07142857142857,6.14285714285714,8,6,0,7,7,287,222,65,8,77,210,6.098606271777,6.3481981981982,5.24615384615385,5.7375,6.02467532467532,6.12571428571429,45
"44",2005,4,6.25,10,6.41666666666667,6,NA,6.6,5.9,6,4,0,5,5,297,228,69,8,82,215,6.1037037037037,6.35,5.28985507246377,5.7375,6.05975609756098,6.12046511627907,46
"45",2005,5,6.6,10,6.85714285714286,6,6,6.5,6.61111111111111,7,3,1,1,9,307,235,72,9,83,224,6.11986970684039,6.36510638297872,5.31944444444444,5.76666666666667,6.06506024096385,6.14017857142857,47
"46",2005,6,6.367,10,6.58375,5.5,4,5.55666666666667,6.71428571428571,8,2,1,3,7,317,243,74,10,86,231,6.12766561514196,6.37230452674897,5.32432432432432,5.59,6.04732558139535,6.15757575757576,48
"47",2005,7,5.96153846153846,13,5.95,6,NA,6.25,5.90909090909091,10,3,0,2,11,330,253,77,10,88,242,6.12112121212121,6.35561264822134,5.35064935064935,5.59,6.05193181818182,6.14628099173554,49
"48",2005,8,6.18695652173913,23,6.37777777777778,5.5,NA,6.6,6.07222222222222,18,5,0,5,18,353,271,82,10,93,260,6.12541076487252,6.35708487084871,5.35975609756098,5.59,6.08139784946237,6.14115384615385,50
"49",2005,9,5.96153846153846,13,6.27777777777778,5.25,NA,4.6,6.8125,9,4,0,5,8,366,280,86,10,98,268,6.11959016393443,6.35453571428571,5.3546511627907,5.59,6.00581632653061,6.16119402985075,51
"50",2005,10,6.38181818181818,22,6.41578947368421,6.16666666666667,NA,6.84285714285714,6.16666666666667,19,3,0,7,15,388,299,89,10,105,283,6.1344587628866,6.35842809364549,5.38202247191011,5.59,6.06161904761905,6.16148409893993,52
"51",2005,11,6.65789473684211,19,7,5.375,7,6.07142857142857,7,15,4,1,7,12,407,314,93,11,112,295,6.15889434889435,6.38907643312102,5.38172043010753,5.71818181818182,6.06223214285714,6.19559322033898,53
"52",2005,12,5.45833333333333,12,5.9,3.25,NA,5.7,5.28571428571429,10,2,0,5,7,419,324,95,11,117,302,6.13883054892602,6.37398148148148,5.33684210526316,5.71818181818182,6.04675213675214,6.17450331125828,54
"53",2006,1,6.33333333333333,30,6.71428571428571,5.44444444444444,6.5,6.08823529411765,6.65384615384615,21,9,2,17,13,449,345,104,13,134,315,6.15182628062361,6.39469565217391,5.34615384615385,5.83846153846154,6.05201492537313,6.19428571428571,55
"54",2006,2,5.78,15,5.975,5,NA,5.625,5.83636363636364,12,3,0,4,11,464,357,107,13,138,326,6.13980603448276,6.38058823529412,5.33644859813084,5.83846153846154,6.03963768115942,6.18220858895705,56
"55",2006,3,6.10625,16,6.24666666666667,4,6,6,6.17,15,1,1,6,10,480,372,108,14,144,336,6.1386875,6.37518817204301,5.32407407407407,5.85,6.03798611111111,6.18184523809524,57
"56",2006,4,6,17,5.77777777777778,6.25,6,5.75,6.22222222222222,9,8,3,8,9,497,381,116,17,152,345,6.13394366197183,6.36107611548556,5.38793103448276,5.87647058823529,6.02282894736842,6.18289855072464,58
"57",2006,5,5.14285714285714,7,5.8,3.5,NA,4.8,6,5,2,0,5,2,504,386,118,17,157,347,6.12017857142857,6.35380829015544,5.35593220338983,5.87647058823529,5.98388535031847,6.18184438040346,59
"58",2006,6,6.04166666666667,12,6.3125,5.5,6,5.6,6.35714285714286,8,4,2,5,7,516,394,122,19,162,354,6.11835271317829,6.35296954314721,5.36065573770492,5.88947368421053,5.97203703703704,6.18531073446328,60
"59",2006,7,5.86785714285714,28,6,5.47142857142857,3,6.5,5.81923076923077,21,7,1,2,26,544,415,129,20,164,380,6.10545955882353,6.33510843373494,5.36666666666667,5.745,5.9784756097561,6.16026315789474,61
"60",2006,8,5.77272727272727,22,6.03846153846154,5.38888888888889,4.66666666666667,5.5,5.85294117647059,13,9,3,5,17,566,428,138,23,169,397,6.09252650176678,6.32609813084112,5.36811594202899,5.60434782608696,5.96431952662722,6.14710327455919,62
"61",2006,9,6.19047619047619,21,6.3125,5.8,NA,6,6.22222222222222,16,5,0,3,18,587,444,143,23,172,415,6.09603066439523,6.32560810810811,5.38321678321678,5.60434782608696,5.96494186046511,6.15036144578313,63
"62",2006,10,6.45,30,6.60526315789474,6.18181818181818,NA,7.125,6.20454545454545,19,11,0,8,22,617,463,154,23,180,437,6.1132414910859,6.33708423326134,5.44025974025974,5.60434782608696,6.0165,6.15308924485126,64
"63",2006,11,6.11333333333333,15,6.55833333333333,4.33333333333333,NA,5,6.67,12,3,0,5,10,632,475,157,23,185,447,6.11324367088608,6.34267368421053,5.41910828025478,5.60434782608696,5.98902702702703,6.16465324384787,65
"64",2006,12,6.04878048780488,41,6.46666666666667,4.90909090909091,5.5,5.88888888888889,6.09375,30,11,2,9,32,673,505,168,25,194,479,6.10931649331352,6.3500396039604,5.38571428571429,5.596,5.98438144329897,6.15991649269311,66
"65",2007,1,6.04444444444444,45,6.2741935483871,5.53571428571429,4.5,5.81818181818182,6.11764705882353,31,14,1,11,34,718,536,182,26,205,513,6.10525069637883,6.34565298507463,5.39725274725275,5.55384615384615,5.97546341463415,6.15711500974659,67
"66",2007,2,6.01851851851852,27,6.30555555555556,5.44444444444444,7,5.83333333333333,6.07142857142857,18,9,3,6,21,745,554,191,29,211,534,6.10210738255034,6.34435018050541,5.39947643979058,5.70344827586207,5.97142180094787,6.15374531835206,68
"67",2007,3,5.9,21,5.86,6,6,6.05714285714286,5.82142857142857,15,6,2,7,14,766,569,197,31,218,548,6.09656657963446,6.33158172231986,5.41776649746193,5.72258064516129,5.97417431192661,6.14525547445255,69
"68",2007,4,5.59565217391304,23,5.74705882352941,5.16666666666667,4.33333333333333,4.28571428571429,6.16875,17,6,3,7,16,789,586,203,34,225,564,6.08196451204056,6.31462457337884,5.41034482758621,5.6,5.92164444444444,6.1459219858156,70
"69",2007,5,6.064,25,6.34117647058823,5.475,NA,5.625,6.27058823529412,17,8,0,8,17,814,603,211,34,233,581,6.08141277641278,6.31537313432836,5.41279620853081,5.6,5.91145922746781,6.14956970740103,71
"70",2007,6,6.55416666666667,24,6.57894736842105,6.46,NA,6.83333333333333,6.46111111111111,19,5,0,6,18,838,622,216,34,239,599,6.0949522673031,6.32342443729903,5.43703703703704,5.6,5.93460251046025,6.15893155258765,72
"71",2007,7,5.86666666666667,30,6.23913043478261,4.64285714285714,5,5.54166666666667,6.08333333333333,23,7,2,12,18,868,645,223,36,251,617,6.08706221198157,6.32041860465116,5.41210762331839,5.56666666666667,5.91581673306773,6.15672609400324,73
"72",2007,8,6.1375,24,6.48947368421053,4.8,NA,4.875,6.39,19,5,0,4,20,892,664,228,36,255,637,6.08841928251121,6.32525602409638,5.39868421052632,5.56666666666667,5.89949019607843,6.16405023547881,74
"73",2007,9,6.36206896551724,29,6.60869565217391,5.41666666666667,5,6.38461538461539,6.34375,23,6,2,13,16,921,687,234,38,268,653,6.09703583061889,6.33474526928675,5.3991452991453,5.53684210526316,5.9230223880597,6.16845329249617,75
"74",2007,10,6.4703125,32,6.46875,6.475,6.15,6.72916666666667,6.315,24,8,2,12,20,953,711,242,40,280,673,6.10956977964323,6.33926863572433,5.43471074380165,5.5675,5.95757142857143,6.17280832095097,76
"75",2007,11,6.1,30,6.26086956521739,5.57142857142857,4.33333333333333,5.6,6.35,23,7,3,10,20,983,734,249,43,290,693,6.10927772126144,6.33681198910082,5.43855421686747,5.48139534883721,5.94524137931034,6.17792207792208,77
"76",2007,12,6.01875,48,6.18157894736842,5.4,4,6.02631578947368,6.01379310344828,38,10,1,19,29,1031,772,259,44,309,722,6.10506304558681,6.32917098445596,5.43706563706564,5.44772727272727,5.95022653721683,6.1713296398892,78
"77",2008,1,6.23529411764706,51,6.17441860465116,6.5625,6.5,6.54545454545455,6,43,8,2,22,29,1082,815,267,46,331,751,6.11120147874307,6.32100613496932,5.47078651685393,5.49347826086956,5.98978851963746,6.1647137150466,79
"78",2008,2,6.23958333333333,48,6.61290322580645,5.55882352941176,6.375,5.9,6.39393939393939,31,17,4,15,33,1130,846,284,50,346,784,6.11665486725664,6.33170212765957,5.47605633802817,5.564,5.98589595375723,6.17436224489796,80
"79",2008,3,5.52173913043478,23,5.53571428571429,5.5,5,6,5.35294117647059,14,9,1,6,17,1153,860,293,51,352,801,6.10478751084128,6.31874418604651,5.47679180887372,5.55294117647059,5.98613636363636,6.15692883895131,81
"80",2008,4,6.28225806451613,31,6.70238095238095,5.4,2,6.225,6.30952380952381,21,10,1,10,21,1184,881,303,52,362,822,6.10943412162162,6.32788876276958,5.47425742574257,5.48461538461538,5.99273480662983,6.16082725060827,82
"81",2008,5,6.52083333333333,36,7.31590909090909,5.27142857142857,4.875,6.19230769230769,6.70652173913043,22,14,4,13,23,1220,903,317,56,375,845,6.1215737704918,6.35196013289036,5.46529968454259,5.44107142857143,5.99965333333333,6.17568047337278,83
"82",2008,6,6.12857142857143,28,6.52727272727273,4.66666666666667,4,5.71666666666667,6.24090909090909,22,6,1,6,22,1248,925,323,57,381,867,6.12173076923077,6.35612972972973,5.45046439628483,5.41578947368421,5.9951968503937,6.17733564013841,84
"83",2008,7,5.925,42,5.99464285714286,5.78571428571429,6.125,6.01315789473684,5.85217391304348,28,14,4,19,23,1290,953,337,61,400,890,6.11532558139535,6.34550891920252,5.46439169139466,5.46229508196721,5.99605,6.16893258426966,85
"84",2008,8,6.21794871794872,39,6.46153846153846,5.73076923076923,5.5,5.35,6.51724137931035,26,13,7,10,29,1329,979,350,68,410,919,6.11833709556057,6.34859039836568,5.47428571428571,5.46617647058823,5.98029268292683,6.17992383025027,86
"85",2008,9,6.09459459459459,37,6.25185185185185,5.67,5,6.1625,6.07586206896552,27,10,4,8,29,1366,1006,360,72,418,948,6.11769399707174,6.34599403578529,5.47972222222222,5.44027777777778,5.98377990430622,6.17674050632911,87
"86",2008,10,5.71739130434783,23,6.26666666666667,4.6875,4.375,3.83333333333333,6,15,8,4,3,20,1389,1021,368,76,421,968,6.11106551475882,6.34482859941234,5.4625,5.38421052631579,5.96845605700713,6.17308884297521,88
"87",2008,11,5.496875,32,6.145,4.41666666666667,4.5,4.28571428571429,5.836,20,12,5,7,25,1421,1041,380,81,428,993,6.09723434201267,6.34098943323727,5.42947368421053,5.32962962962963,5.94093457943925,6.16460221550856,89
"88",2008,12,6,45,6.07258064516129,5.83928571428571,5.6,5.875,6.04545454545455,31,14,5,12,33,1466,1072,394,86,440,1026,6.09424965893588,6.3332276119403,5.44403553299492,5.3453488372093,5.93913636363636,6.16076998050682,90
"89",2009,1,6.26818181818182,66,6.4625,5.75,5.85,6.08333333333333,6.30925925925926,48,18,10,12,54,1532,1120,412,96,452,1080,6.10174281984334,6.33876785714286,5.45740291262136,5.39791666666667,5.94296460176991,6.16819444444444,91
"90",2009,2,6.11176470588235,51,6.25757575757576,5.84444444444444,5.83333333333333,5.53571428571429,6.32972972972973,33,18,6,14,37,1583,1153,430,102,466,1117,6.10206569804169,6.33644405897658,5.47360465116279,5.42352941176471,5.93072961373391,6.17354521038496,92
"91",2009,3,6.2469387755102,49,6.58125,5.61764705882353,6,6.15,6.27179487179487,32,17,4,10,39,1632,1185,447,106,476,1156,6.10641544117647,6.34305485232067,5.47908277404922,5.44528301886792,5.93533613445378,6.1768598615917,93
"92",2009,4,6.26382978723404,47,6.4962962962963,5.95,6,6.68888888888889,6.16315789473684,27,20,3,9,38,1679,1212,467,109,485,1194,6.11082191780822,6.34646864686469,5.4992505353319,5.4605504587156,5.94931958762887,6.17642378559464,94
"93",2009,5,6.29574468085106,47,6.48,5.97058823529412,NA,5.46666666666667,6.4921052631579,30,17,0,9,38,1726,1242,484,109,494,1232,6.11585747392816,6.34969404186795,5.51580578512397,5.4605504587156,5.94052631578947,6.18616071428571,95
"94",2009,6,6.32045454545455,44,6.48571428571429,6.03125,6.4,6.86666666666667,6.18,28,16,5,9,35,1770,1270,500,114,503,1267,6.12094350282486,6.35269291338583,5.5323,5.50175438596491,5.95709741550696,6.18599052880821,96
"95",2009,7,6.38039215686275,51,6.55277777777778,5.96666666666667,6.25,6.54545454545455,6.335,36,15,6,11,40,1821,1306,515,120,514,1307,6.12820977484898,6.35820826952527,5.54495145631068,5.53916666666667,5.96968871595331,6.19055087987758,97
"96",2009,8,6.26176470588235,34,6.52173913043478,5.71818181818182,6,5.94,6.39583333333333,23,11,2,10,24,1855,1329,526,122,524,1331,6.1306576819407,6.36103837471783,5.54857414448669,5.54672131147541,5.96912213740458,6.1942524417731,98
"97",2009,9,6.37368421052632,38,6.52692307692308,6.04166666666667,6.6,6,6.47333333333333,26,12,5,8,30,1893,1355,538,127,532,1361,6.13553618594823,6.36422140221402,5.55957249070632,5.58818897637795,5.96958646616541,6.2004041146216,99
"98",2009,10,6.22909090909091,55,6.61714285714286,5.55,5.2,6.27272727272727,6.21818181818182,35,20,5,11,44,1948,1390,558,132,543,1405,6.13817761806982,6.37058992805755,5.559229390681,5.57348484848485,5.97572744014733,6.20096085409253,100
"99",2009,11,5.89423076923077,52,5.9,5.88235294117647,6,5.88235294117647,5.9,35,17,6,17,35,2000,1425,575,138,560,1440,6.131835,6.35903157894737,5.56878260869565,5.59202898550725,5.97289285714286,6.19364583333333,101
"100",2009,12,6.18,60,6.41315789473684,5.77727272727273,6.35714285714286,6.57142857142857,6.12830188679245,38,22,7,7,53,2060,1463,597,145,567,1493,6.13323786407767,6.36043745727956,5.57646566164154,5.62896551724138,5.98028218694885,6.19132618888145,102
"101",2010,1,6.3015873015873,63,6.628,5.04615384615385,5.08333333333333,5.69166666666667,6.44509803921569,50,13,6,12,51,2123,1513,610,151,579,1544,6.13823363165332,6.36927957699934,5.56516393442623,5.60728476821192,5.97430051813472,6.1997085492228,103
"102",2010,2,6.22325581395349,43,6.54583333333333,5.81578947368421,6,5.70454545454545,6.4015625,24,19,2,11,32,2166,1537,629,153,590,1576,6.1399215143121,6.37203643461288,5.57273449920509,5.61241830065359,5.96927118644068,6.20380710659899,104
"103",2010,3,6.33157894736842,38,6.44615384615385,6.08333333333333,5.875,7.2,6.2,26,12,4,5,33,2204,1563,641,157,595,1609,6.14322595281307,6.37326935380678,5.58229329173167,5.61910828025478,5.97961344537815,6.20372902423866,105
"104",2010,4,6.02682926829268,41,6.28928571428571,5.46153846153846,4,5.725,6.15172413793103,28,13,2,12,29,2245,1591,654,159,607,1638,6.14110022271715,6.37179132620993,5.57989296636086,5.59874213836478,5.97457990115321,6.2028083028083,106
"105",2010,5,6.39736842105263,38,6.79583333333333,5.71428571428571,6.5,7.25,6.17,24,14,2,8,30,2283,1615,668,161,615,1668,6.14536574682436,6.37809287925697,5.58270958083832,5.60993788819876,5.99117073170732,6.20221822541966,107
"106",2010,6,6.26060606060606,33,6.41666666666667,5.84444444444444,6,6,6.30714285714286,24,9,3,5,28,2316,1639,677,164,620,1696,6.14700777202073,6.37865771812081,5.58618906942393,5.61707317073171,5.99124193548387,6.20395047169811,108
"107",2010,7,6.14333333333333,30,6.325,5.78,6.5,7.125,5.99230769230769,20,10,1,4,26,2346,1659,687,165,624,1722,6.14696078431373,6.37801084990959,5.58901018922853,5.62242424242424,5.99850961538461,6.20075493612079,109
"108",2010,8,6.2625,36,6.438,5.86363636363636,5.375,6.45454545454545,6.178,25,11,4,11,25,2382,1684,698,169,635,1747,6.14870696893367,6.37890142517815,5.59333810888252,5.61656804733728,6.0064094488189,6.20042930738409,110
"109",2010,9,6.14285714285714,28,6.42105263157895,5.55555555555556,4.5,6.125,6.15,19,9,2,8,20,2410,1703,707,171,643,1767,6.14863900414938,6.37937169700529,5.59285714285714,5.60350877192982,6.00788491446345,6.1998585172609,111
"110",2010,10,6.7875,40,6.92592592592593,6.5,7,6.72222222222222,6.80645161290323,27,13,5,9,31,2450,1730,720,176,652,1798,6.1590693877551,6.38790173410405,5.60923611111111,5.64318181818182,6.01774539877301,6.2103170189099,112
"111",2010,11,6.22547169811321,53,6.6,5.359375,5.79166666666667,6.30769230769231,6.19875,37,16,6,13,40,2503,1767,736,182,665,1838,6.16047542948462,6.3923429541596,5.60380434782609,5.64807692307692,6.02341353383459,6.21006528835691,113
"112",2010,12,6.14545454545455,55,6.38461538461539,5.5625,6,5.45454545454545,6.31818181818182,39,16,2,11,44,2558,1806,752,184,676,1882,6.16015246286161,6.39217607973422,5.60292553191489,5.65190217391304,6.01415680473373,6.21259298618491,114
"113",2011,1,6.57457627118644,59,6.71063829787234,6.04166666666667,6,6.5,6.588,47,12,2,9,50,2617,1853,764,186,685,1932,6.16949560565533,6.4002536427415,5.6098167539267,5.65564516129032,6.0205401459854,6.22230848861284,115
"114",2011,2,6.44615384615385,52,6.84594594594595,5.46,4.8,4.78571428571429,6.70444444444444,37,15,5,7,45,2669,1890,779,191,692,1977,6.17488572499063,6.40897883597884,5.60693196405648,5.63324607329843,6.00804913294798,6.23328275164391,116
"115",2011,3,6.33875,64,6.53906976744186,5.92857142857143,6.11111111111111,6.13,6.37740740740741,43,21,9,10,54,2733,1933,800,200,702,2031,6.17872301500183,6.41187273667874,5.615375,5.65475,6.00978632478633,6.23711472181192,117
"116",2011,4,5.84358974358974,39,6.336,4.96428571428571,5.07142857142857,5.72222222222222,5.88,25,14,7,9,30,2772,1958,814,207,711,2061,6.17400793650794,6.41090398365679,5.6041769041769,5.63502415458937,6.00614627285513,6.23191654536633,118
"117",2011,5,6.5,32,6.775,6.04166666666667,6.5,6.83333333333333,6.42307692307692,20,12,2,6,26,2804,1978,826,209,717,2087,6.17772824536377,6.41458543983822,5.61053268765133,5.6433014354067,6.01306834030683,6.23429803545759,119
"118",2011,6,6.46153846153846,39,6.59677419354839,5.9375,5,7.125,6.29032258064516,31,8,2,8,31,2843,2009,834,211,725,2118,6.18162152655646,6.41739671478348,5.6136690647482,5.63720379146919,6.02533793103448,6.23511803588291,120
"119",2011,7,6.49230769230769,39,7.128,5.35714285714286,5.25,5.9,6.57941176470588,25,14,4,5,34,2882,2034,848,215,730,2152,6.18582581540597,6.4261307767945,5.60943396226415,5.63,6.02447945205479,6.24055762081785,121
"120",2011,8,6.19428571428571,56,6.53953488372093,5.05230769230769,5.75,5.78909090909091,6.29333333333333,43,13,2,11,45,2938,2077,861,217,741,2197,6.18598706603132,6.4284785748676,5.60102206736353,5.63110599078341,6.02098515519568,6.2416385980883,122
"121",2011,9,6.39634146341463,41,6.75,5.71428571428571,5.4,6.75,6.31060606060606,27,14,5,8,33,2979,2104,875,222,749,2230,6.18888217522659,6.43260456273764,5.60283428571429,5.6259009009009,6.02877169559413,6.24265919282511,123
"122",2011,10,6.32,45,6.54545454545455,5.7,6.13333333333333,5.95,6.42571428571429,33,12,3,10,35,3024,2137,887,225,759,2265,6.19083333333334,6.43434721572298,5.6041488162345,5.63266666666667,6.02773386034256,6.24548785871965,124
"123",2011,11,6.00425531914894,47,6.45806451612903,5.125,4.42857142857143,5.62,6.10810810810811,31,16,7,10,37,3071,2168,903,232,769,2302,6.18797785737545,6.43468634686347,5.59565891472868,5.59633620689655,6.02243172951886,6.24327975673328,125
"124",2011,12,5.95754716981132,53,6.27857142857143,5.33333333333333,5.58333333333333,5.375,6.1280487804878,35,18,6,12,41,3124,2203,921,238,781,2343,6.18406850192062,6.43220608261462,5.59053203040174,5.59600840336134,6.01248399487836,6.24126333760137,126
"125",2012,1,6.34051724137931,58,6.71710526315789,5.625,4.9,5.59090909090909,6.51595744680851,38,20,5,11,47,3182,2241,941,243,792,2390,6.18692017598995,6.43703703703704,5.59126461211477,5.58168724279835,6.00662878787879,6.24666527196653,127
"126",2012,2,6.71702127659574,47,6.80909090909091,6.5,7,6.86363636363636,6.67222222222222,33,14,5,11,36,3229,2274,955,248,803,2426,6.19463611025085,6.44243623570801,5.60458638743455,5.61028225806452,6.01836861768369,6.2529802143446,128
"127",2012,3,6.77543859649123,57,6.9925,6.26470588235294,5.6,6.75,6.78085106382979,40,17,5,10,47,3286,2314,972,253,813,2473,6.20471089470481,6.45194468452896,5.6161316872428,5.6100790513834,6.02736777367774,6.26301253538213,129
"128",2012,4,6.36458333333333,48,6.70833333333333,5.33333333333333,5.2,6.6875,6.3,36,12,5,8,40,3334,2350,984,258,821,2513,6.20701259748051,6.45587234042554,5.61268292682927,5.60213178294574,6.03380024360536,6.26360127337843,130
"129",2012,5,6.19166666666667,54,6.29054054054054,5.97647058823529,5.8,6.13461538461539,6.20975609756098,37,17,5,13,41,3388,2387,1001,263,834,2554,6.20676800472255,6.45330959363218,5.61886113886114,5.60589353612167,6.03537170263789,6.26273688332028,131
"130",2012,6,6.86888888888889,45,6.93939393939394,6.675,6.75,6.75,6.91212121212121,33,12,4,12,33,3433,2420,1013,267,846,2587,6.2154471307894,6.45993801652893,5.63137216189536,5.62303370786517,6.04550827423168,6.27102048705064,132
"131",2012,7,6.22607843137255,51,6.50882352941176,5.66058823529412,5.5,5.825,6.3006976744186,34,17,3,8,43,3484,2454,1030,270,854,2630,6.2156027554535,6.46061532192339,5.63185436893204,5.62166666666667,6.04344262295082,6.27150570342205,133
"132",2012,8,6.3953488372093,43,6.58333333333333,5.96153846153846,6,6.71428571428571,6.33333333333333,30,13,3,7,36,3527,2484,1043,273,861,2666,6.21779415934222,6.46209742351047,5.63596356663471,5.62582417582417,6.04889663182346,6.27234058514629,134
"133",2012,9,6.40208333333333,48,6.57222222222222,5.89166666666667,5.675,6.6,6.38409090909091,36,12,4,4,44,3575,2520,1055,277,865,2710,6.22026853146853,6.46367063492064,5.63887203791469,5.62653429602888,6.0514450867052,6.27415498154982,135
"134",2012,10,6.49090909090909,44,6.90689655172414,5.68666666666667,5.6,5.33333333333333,6.57560975609756,29,15,5,3,41,3619,2549,1070,282,868,2751,6.22355899419729,6.46871322087093,5.63954205607477,5.62606382978723,6.04896313364055,6.27864776444929,136
"135",2012,11,6.435,50,6.9765625,5.47222222222222,5.21428571428571,5.65384615384615,6.70945945945946,32,18,7,13,37,3669,2581,1088,289,881,2788,6.22644044698828,6.47500968616816,5.63677389705882,5.61608996539792,6.04313280363224,6.28436513629842,137
"136",2012,12,6.29057971014493,69,6.42410714285714,5.71538461538462,6.14285714285714,7.21875,6.16885245901639,56,13,7,8,61,3738,2637,1101,296,889,2849,6.22762439807384,6.47392870686386,5.63770208900999,5.6285472972973,6.0537120359955,6.28189189189189,138
"137",2013,1,6.30555555555556,72,6.44791666666667,6.02083333333333,6.14285714285714,6.25,6.30970149253731,48,24,7,5,67,3810,2685,1125,303,894,2916,6.22909711286089,6.47346368715084,5.64587555555556,5.64042904290429,6.05480984340045,6.28253086419753,139
"138",2013,2,6.27946428571429,56,6.65058823529412,5.70590909090909,5.21428571428571,5,6.37788461538462,34,22,7,4,52,3866,2719,1147,310,898,2968,6.22982669425763,6.47567855829349,5.64702702702703,5.6308064516129,6.05011135857461,6.28420148247979,140
"139",2013,3,6.57547169811321,53,6.7972972972973,6.0625,6,5.92857142857143,6.67391304347826,37,16,2,7,46,3919,2756,1163,312,905,3014,6.23450114825211,6.47999637155298,5.65274290627687,5.63317307692308,6.04917127071823,6.29014930325149,141
"140",2013,4,6.564,50,6.76764705882353,6.13125,6,7.33333333333333,6.51489361702128,34,16,3,3,47,3969,2790,1179,315,908,3061,6.23865205341396,6.4835017921147,5.65923664122137,5.63666666666666,6.0534140969163,6.29360013067625,142
"141",2013,5,6.42340425531915,47,6.64166666666667,5.70909090909091,5.5375,5.56111111111111,6.62763157894737,36,11,8,9,38,4016,2826,1190,323,917,3099,6.24081424302789,6.48551663128096,5.6596974789916,5.63421052631579,6.04858233369684,6.29769603097774,143
"142",2013,6,6.39111111111111,45,6.65806451612903,5.8,5.7,7,6.27894736842105,31,14,6,7,38,4061,2857,1204,329,924,3137,6.2424796848067,6.48738886944347,5.66132890365449,5.6354103343465,6.05579004329004,6.2974689193497,144
"143",2013,7,6.36739130434783,46,6.45428571428571,6.09090909090909,6.08333333333333,5.6875,6.51052631578947,35,11,6,8,38,4107,2892,1215,335,932,3175,6.24387874360847,6.48698824343016,5.66521810699589,5.64343283582089,6.05262875536481,6.3000188976378,145
"144",2013,8,6.60267857142857,56,6.90121951219512,5.78666666666667,6.83333333333333,6.9,6.57352941176471,41,15,3,5,51,4163,2933,1230,338,937,3226,6.24870526062936,6.4927787248551,5.66669918699187,5.65399408284024,6.05715048025614,6.30434283942963,146
"145",2013,9,6.4364406779661,59,6.48372093023256,6.309375,7.375,6.45454545454545,6.43229166666667,43,16,4,11,48,4222,2976,1246,342,948,3274,6.25132875414496,6.49264784946237,5.6749518459069,5.67412280701754,6.06176160337553,6.3062186927306,147
"146",2013,10,6.25438596491228,57,6.28571428571429,6.16666666666667,5.4,5.81818181818182,6.35869565217391,42,15,5,11,46,4279,3018,1261,347,959,3320,6.2513694788502,6.48976805831677,5.68080095162569,5.67017291066282,6.05896767466111,6.30694578313253,148
"147",2013,11,6.45098039215686,51,6.875,5.43333333333333,4.91666666666667,6.71875,6.40116279069767,36,15,3,8,43,4330,3054,1276,350,967,3363,6.25372055427252,6.49430910281598,5.67789184952978,5.66371428571428,6.06442605997932,6.30815046089801,149
"148",2013,12,6.35797101449275,69,6.48333333333333,6.07142857142857,5.6,6.05,6.43636363636364,48,21,5,14,55,4399,3102,1297,355,981,3418,6.25535576267334,6.49413926499033,5.68426368542791,5.66281690140845,6.06422018348624,6.31021357519017,150
"149",2014,1,6.07556818181818,88,6.33852459016393,5.48148148148148,5.94444444444444,5.17692307692308,6.23133333333333,61,27,9,13,75,4487,3163,1324,364,994,3493,6.25182973033207,6.49113815997471,5.68012839879154,5.66978021978022,6.05261569416499,6.30851989693673,151
"150",2014,2,6.4463768115942,69,6.616,6,5.75,7.07142857142857,6.3758064516129,50,19,6,7,62,4556,3213,1343,370,1001,3555,6.25477611940299,6.493081232493,5.68465376023827,5.67108108108108,6.05974025974026,6.30969338959212,152
"151",2014,3,6.29814814814815,54,6.57948717948718,5.56666666666667,6,5.375,6.372,39,15,2,4,50,4610,3252,1358,372,1005,3605,6.255284164859,6.49411746617467,5.68335051546392,5.67284946236559,6.05701492537313,6.31055755894591,153
"152",2014,4,6.12884615384615,52,6.4,5.225,5.5,5.35,6.27045454545455,40,12,2,8,44,4662,3292,1370,374,1013,3649,6.25387387387388,6.49297387606319,5.67933576642336,5.67192513368984,6.05143139190523,6.31007399287476,154
"153",2014,5,6.425,54,6.65731707317073,5.69230769230769,5.7,6.75,6.384375,41,13,5,6,48,4716,3333,1383,379,1019,3697,6.25583333333334,6.49499549954996,5.67945770065076,5.67229551451187,6.05554465161924,6.31103868001082,155
"154",2014,6,6.27272727272727,33,6.5,5.875,6.3,6.74,6.18928571428571,21,12,5,5,28,4749,3354,1395,384,1024,3725,6.25595072646873,6.49502683363149,5.68113978494624,5.68046875,6.05888671875,6.31012348993289,156
"155",2014,7,6.22,40,6.29642857142857,6.04166666666667,6.5,5.75,6.24473684210526,28,12,5,2,38,4789,3382,1407,389,1026,3763,6.2556504489455,6.49338261383797,5.68421464108031,5.69100257069409,6.05828460038986,6.3094631942599,157
"156",2014,8,6.01727272727273,66,6.32790697674419,5.43652173913044,4.33333333333333,6.68777777777778,5.91140350877193,43,23,6,9,57,4855,3425,1430,395,1035,3820,6.25240988671473,6.49130510948905,5.68023076923077,5.67037974683544,6.06375845410628,6.30352356020942,158
"157",2014,9,5.98877551020408,49,6.35147058823529,5.16666666666667,5,6.66875,5.85609756097561,34,15,2,8,41,4904,3459,1445,397,1043,3861,6.24977569331158,6.48993061578491,5.67489965397924,5.66700251889169,6.06839884947268,6.29877233877234,159
"158",2014,10,6.21517857142857,56,6.64404761904762,4.92857142857143,4.83333333333333,6.48888888888889,6.16276595744681,42,14,6,9,47,4960,3501,1459,403,1052,3908,6.24938508064516,6.49177949157384,5.66773817683345,5.6545905707196,6.07199619771863,6.29713664278403,160
"159",2014,11,6.40939393939394,66,6.6068085106383,5.92105263157895,7.5,6.16888888888889,6.44736842105263,47,19,2,9,57,5026,3548,1478,405,1061,3965,6.25148627138878,6.49330326944758,5.67099458728011,5.6637037037037,6.07281809613572,6.29929634300126,161
"160",2014,12,6.46428571428571,70,6.81666666666667,5.69545454545455,5.27142857142857,6.24166666666667,6.51034482758621,48,22,7,12,58,5096,3596,1500,412,1073,4023,6.25440934065934,6.49761957730812,5.67135333333333,5.65703883495145,6.0747064305685,6.30233905045985,162
"161",2015,1,6.21515151515151,99,6.21772151898734,6.205,5.71428571428571,6.1,6.22808988764045,79,20,7,10,89,5195,3675,1520,419,1083,4112,6.25366121270452,6.49160272108844,5.678375,5.65799522673031,6.07493998153278,6.30073200389105,163
"162",2015,2,6.53432835820896,67,6.68490566037736,5.96428571428571,5.625,6.46153846153846,6.55185185185185,53,14,4,13,54,5262,3728,1534,423,1096,4166,6.25723489167617,6.4943508583691,5.68098435462842,5.65768321513002,6.07952554744526,6.30398703792607,164
"163",2015,3,6.22121212121212,66,6.44186046511628,5.80869565217391,5.18333333333333,6.76111111111111,6.1359649122807,43,23,6,9,57,5328,3771,1557,429,1105,4223,6.25678866366366,6.49375232033943,5.68287090558767,5.65104895104895,6.08507692307692,6.30171915699739,165
"164",2015,4,6.57206896551724,58,6.86904761904762,5.7925,5.33333333333333,6.12857142857143,6.63294117647059,42,16,3,7,51,5386,3813,1573,432,1112,4274,6.26018380987746,6.49788617886179,5.68398601398601,5.64884259259259,6.08535071942446,6.30567150210575,166
"165",2015,5,6.80757575757576,66,6.97446808510638,6.39473684210526,6,6.04166666666667,6.97777777777778,47,19,5,12,54,5452,3860,1592,437,1124,4328,6.26681034482759,6.50368911917099,5.69246859296482,5.65286041189931,6.08488434163701,6.3140573012939,167
"166",2015,6,6.4359649122807,57,6.55590909090909,6.03,6.5,6.226,6.48063829787234,44,13,4,10,47,5509,3904,1605,441,1134,4375,6.2685605373026,6.50427766393443,5.69520249221184,5.66054421768707,6.08612874779541,6.31584685714286,168
"167",2015,7,6.515625,64,6.47916666666667,6.625,6.75,6.68181818181818,6.4811320754717,48,16,4,11,53,5573,3952,1621,445,1145,4428,6.27139781087386,6.50397267206478,5.70438001233806,5.67033707865168,6.09185152838428,6.31782520325203,169
"168",2015,8,6.521,70,6.790625,5.93272727272727,5.22,6.28571428571429,6.57982142857143,48,22,5,14,56,5643,4000,1643,450,1159,4484,6.27449406344143,6.5074125,5.70743761412051,5.66533333333333,6.0941932700604,6.32109723461195,170
"169",2015,9,6.26481481481482,54,6.55434782608696,4.6,6,5.64285714285714,6.35744680851064,46,8,3,7,47,5697,4046,1651,453,1166,4531,6.27440231700895,6.50794611962432,5.70207147183525,5.66754966887417,6.09148370497427,6.32147428823659,171
"170",2015,10,6.23492063492063,63,6.47297297297297,5.89615384615385,6.11111111111111,5.6,6.35471698113208,37,26,9,10,53,5760,4083,1677,462,1176,4584,6.27397048611111,6.50762919421994,5.70508050089445,5.67619047619047,6.08730442176871,6.32185863874345,172
"171",2015,11,6.18333333333333,51,6.32903225806452,5.9575,6.55,5.5,6.24148936170213,31,20,3,4,47,5811,4114,1697,465,1180,4631,6.27317501290656,6.5062834224599,5.708055391868,5.68182795698925,6.08531355932203,6.3210429712805,173
"172",2015,12,6.24024390243902,82,6.58103448275862,5.41666666666667,5.55555555555556,6.24285714285714,6.24,58,24,9,7,75,5893,4172,1721,474,1187,4706,6.27271678262345,6.50732262703739,5.70399186519465,5.67943037974683,6.08624262847515,6.31975138121547,174
"173",2016,1,6.42723214285714,112,6.662,5.95135135135135,5.71428571428571,7.07857142857143,6.33418367346939,75,37,7,14,98,6005,4247,1758,481,1201,4804,6.27559866777685,6.51005415587474,5.70919795221843,5.67993762993763,6.0978101582015,6.32004579517069,175
"174",2016,2,6.35810810810811,74,6.60384615384615,5.77727272727273,5.6,6,6.3955223880597,52,22,5,7,67,6079,4299,1780,486,1208,4871,6.27660305971377,6.51118864852292,5.7100393258427,5.67911522633745,6.09724337748344,6.32108396633135,176
"175",2016,3,6.06136363636364,88,6.49056603773585,5.41142857142857,4.92857142857143,6.22857142857143,6.02972972972973,53,35,7,14,74,6167,4352,1815,493,1222,4945,6.27353170098914,6.5109375,5.70428099173554,5.6684584178499,6.09874795417349,6.31672396359959,177
"176",2016,4,6.53292682926829,82,6.77,5.88636363636364,5,6.75,6.52179487179487,60,22,5,4,78,6249,4412,1837,498,1226,5023,6.27693550968155,6.51446056210336,5.70646162221012,5.66174698795181,6.10087275693312,6.31990842126219,178
"177",2016,5,6.54058823529412,85,6.67265625,6.13809523809524,5.9,6.45833333333333,6.5541095890411,64,21,5,12,73,6334,4476,1858,503,1238,5096,6.28047363435428,6.51672252010724,5.71134015069968,5.66411530815109,6.10433764135703,6.32326334379906,179
"178",2016,6,5.81617647058824,68,5.968,5.39444444444444,6.66666666666667,5.5,5.87068965517241,50,18,3,10,58,6402,4526,1876,506,1248,5154,6.27554201811934,6.51066062748564,5.70829957356077,5.67005928853755,6.09949519230769,6.31817035312379,180
"179",2016,7,6.5218253968254,63,6.81337209302326,5.895,5.4375,5.8,6.58405172413793,43,20,4,5,58,6465,4569,1896,510,1253,5212,6.27794199535963,6.51350952068287,5.71026898734177,5.66823529411765,6.09830007980846,6.32112912509593,181
"180",2016,8,6.3703488372093,86,6.56212121212121,5.7375,5.55555555555556,6.5,6.34932432432432,66,20,9,12,74,6551,4635,1916,519,1265,5286,6.27915509082583,6.51420172599784,5.71055323590814,5.66628131021194,6.10211067193676,6.32152383654937,182
"181",2016,9,6.209375,80,6.38181818181818,5.83,7.4,5.94117647058824,6.28174603174603,55,25,5,17,63,6631,4690,1941,524,1282,5349,6.2783132257578,6.51264925373135,5.71209170530654,5.68282442748091,6.09997659906396,6.32105533744625,183
"182",2016,10,6.62011494252874,87,6.8844262295082,6,5.8,6.86333333333333,6.56944444444444,61,26,5,15,72,6718,4751,1967,529,1297,5421,6.28273965465912,6.51742264786361,5.71589730554143,5.68393194706994,6.10880493446415,6.32435436266371,184
"183",2016,11,6.7010989010989,91,6.7987012987013,6.16428571428571,6.3,7.05,6.65802469135802,77,14,5,10,81,6809,4828,1981,534,1307,5502,6.2883308855926,6.52190865782933,5.71906612821807,5.68970037453183,6.11600612088753,6.32926663031625,185
"184",2016,12,6.33221276595745,94,6.59273846153846,5.74827586206897,5.76,5.6875,6.39218604651163,65,29,5,8,86,6903,4893,2010,539,1315,5588,6.28892843691149,6.52284958103413,5.71948756218905,5.69035250463822,6.11339923954373,6.33023496778812,186
"185",2017,1,6.49496644295302,149,6.74698275862069,5.60909090909091,5.8,6.10666666666667,6.5384328358209,116,33,5,15,134,7052,5009,2043,544,1330,5722,6.29328176403857,6.52804012777002,5.71770435633872,5.69136029411765,6.11332330827068,6.33511062565537,187
"186",2017,2,6.29368421052632,95,6.6695652173913,5.29615384615385,4.83333333333333,6.02727272727273,6.32857142857143,69,26,9,11,84,7147,5078,2069,553,1341,5806,6.29328711347419,6.52996317447814,5.712406959884,5.67739602169982,6.11261744966443,6.3350160179125,188
"187",2017,3,6.25778409090909,88,6.49008064516129,5.70384615384615,7,5.625,6.3210625,62,26,3,8,80,7235,5140,2095,556,1349,5886,6.29285528680028,6.52948210116732,5.71230071599045,5.68453237410072,6.1097257227576,6.33482636765205,189
"188",2017,4,6.37674418604651,86,6.70833333333333,5.61153846153846,5.33333333333333,6.38461538461539,6.37534246575343,60,26,3,13,73,7321,5200,2121,559,1362,5959,6.29384073214042,6.53154576923077,5.71106553512494,5.68264758497317,6.11234948604993,6.33532270515187,190
"189",2017,5,6.22560975609756,82,6.53728813559322,5.42608695652174,6.5,6.53076923076923,6.16811594202899,59,23,7,13,69,7403,5259,2144,566,1375,6028,6.29308496555451,6.53161019205172,5.70800839552239,5.69275618374558,6.11630545454545,6.33340875912409,191
"190",2017,6,6.66935483870968,62,6.81818181818182,6.30555555555556,5.2,6.1,6.71929824561404,44,18,5,5,57,7465,5303,2162,571,1380,6085,6.29621004688547,6.53398793135961,5.71298334875116,5.68844133099825,6.11624637681159,6.33702350041085,192
"191",2017,7,6.59731182795699,93,6.81041666666667,5.86666666666667,5,7.12857142857143,6.50316455696202,72,21,6,14,79,7558,5375,2183,577,1394,6164,6.29991505689336,6.53769079069768,5.71446174988548,5.68128249566724,6.12641319942611,6.33915282284231,193
"192",2017,8,6.4226582278481,79,6.66166666666667,5.66789473684211,5,6.4,6.42418918918919,60,19,6,5,74,7637,5435,2202,583,1399,6238,6.30118475841299,6.53905942962282,5.71405994550409,5.67427101200686,6.12739099356683,6.34016159025329,194
"193",2017,9,6.48915662650602,83,6.8265306122449,6.00294117647059,5.66666666666667,6.11111111111111,6.53513513513514,49,34,6,9,74,7720,5484,2236,589,1408,6312,6.30320569948187,6.54162800875274,5.71845259391771,5.6741935483871,6.12728693181818,6.3424474017744,195
"194",2017,10,6.27789473684211,95,6.4875,5.84516129032258,5.64,6.54166666666667,6.23975903614458,64,31,5,12,83,7815,5548,2267,594,1420,6395,6.30289801663468,6.54100360490267,5.72018526687252,5.67390572390572,6.13078873239437,6.3411146207975,196
"195",2017,11,6.71494505494505,91,6.82028985507246,6.38454545454545,6.8,6.13636363636364,6.7945,69,22,5,11,80,7906,5617,2289,599,1431,6475,6.30764077915507,6.54443439558483,5.72657055482744,5.68330550918197,6.13083158630328,6.34671629343629,197
"196",2017,12,6.75405882352941,119,6.7588024691358,6.74394736842105,6.5,6.20666666666667,6.83300961538462,81,38,8,15,104,8025,5698,2327,607,1446,6579,6.31426056074766,6.54748174798175,5.7431843575419,5.69406919275123,6.13161825726141,6.35440355677154,198
"197",2018,1,6.33032467532468,154,6.55275862068966,5.65131578947368,5.57142857142857,6.246875,6.34,116,38,7,16,138,8179,5814,2365,614,1462,6717,6.31456302726495,6.54758703130375,5.74170824524313,5.69267100977199,6.13287961696306,6.3541076373381,199
"198",2018,2,6.16290697674419,86,6.45396825396825,5.36565217391304,5.35714285714286,6.8625,6.09115384615385,63,23,7,8,78,8265,5877,2388,621,1470,6795,6.3129849969752,6.54658346094947,5.73808626465662,5.68888888888889,6.13685034013605,6.35108918322296,200
"199",2018,3,6.50481730769231,104,6.71388888888889,6.03440625,5.5,5.937625,6.55208333333333,72,32,3,8,96,8369,5949,2420,624,1478,6891,6.31536886127375,6.54860833753572,5.74200454545455,5.68798076923077,6.13577198917456,6.35388927586707,201
"200",2018,4,6.51973684210526,76,6.62222222222222,6.26818181818182,5.44444444444444,6.625,6.51388888888889,54,22,9,4,72,8445,6003,2442,633,1482,6963,6.31720805210184,6.54927053140097,5.74674488124488,5.68451816745655,6.13709244264507,6.35554373115037,202
"201",2018,5,6.345,72,6.52271186440678,5.53846153846154,5.33333333333333,6.58333333333333,6.32333333333333,59,13,3,6,66,8517,6062,2455,636,1488,7029,6.31744299636022,6.54901204223029,5.74564195519348,5.68286163522012,6.13889180107527,6.35524128610044,203
"202",2018,6,6.32028926470588,68,6.59726522727273,5.8125,6,6.67,6.25999431034483,44,24,4,10,58,8585,6106,2479,640,1498,7087,6.31746554105999,6.54935975597773,5.74628922952804,5.68484375,6.14243724966622,6.35446178495837,204
"203",2018,7,6.51931818181818,88,6.81746031746032,5.768,4.75,6,6.57848101265823,63,25,2,9,79,8673,6169,2504,642,1507,7166,6.31951362504324,6.55209769330524,5.74650599041534,5.68193146417445,6.14158659588587,6.35693143594753,205
"204",2018,8,6.49852941176471,102,6.80774647887324,5.79032258064516,5.8125,7.14545454545455,6.42032967032967,71,31,8,11,91,8775,6240,2535,650,1518,7257,6.32159449230769,6.55500651762821,5.74704181459566,5.68353846153846,6.14886100131752,6.35772642552018,206
"205",2018,9,6.505666625,80,6.74922216666667,5.775,6,7.1,6.42076185714286,60,20,3,10,70,8855,6300,2555,653,1528,7327,6.32325748164879,6.55685619047619,5.74726066536204,5.68499234303216,6.15508573298429,6.35832864746826,207
"206",2018,10,6.58765957446809,94,6.61323943661972,6.50869565217391,6.7,6.67857142857143,6.57175,71,23,5,14,80,8949,6371,2578,658,1542,7407,6.32603475248631,6.55748453931879,5.75405391776571,5.69270516717325,6.15983852140078,6.36063372485486,208
"207",2018,11,6.42735849056604,106,6.644,5.90322580645161,5.5,5.3,6.54479166666667,75,31,8,10,96,9055,6446,2609,666,1552,7503,6.32722087244616,6.55849115730686,5.75582637025681,5.69039039039039,6.15429832474227,6.3629900039984,209
"208",2018,12,6.36958333333333,120,6.59481012658228,5.93560975609756,5.92727272727273,6,6.3823275862069,79,41,11,4,116,9175,6525,2650,677,1556,7619,6.32777493188011,6.55893088122605,5.7586079245283,5.69423929098966,6.15390167095116,6.36328442052763,210
"209",2019,1,6.40436129251701,147,6.54614254716981,6.03780487804878,6.41666666666667,6.05294117647059,6.45031623076923,106,41,9,17,130,9322,6631,2691,686,1573,7749,6.32898263355503,6.55872645302368,5.76286176142698,5.70371720116618,6.15281055308328,6.36474449735449,211
"210",2019,2,6.62397159574468,94,6.81201873239437,6.04347826086957,6.33333333333333,6.6,6.62620151162791,71,23,3,8,86,9416,6702,2714,689,1581,7835,6.33192751062022,6.56140979409132,5.76523986735446,5.70645863570392,6.155073371284,6.36761435098915,212
"211",2019,3,6.45252252252252,111,6.61013698630137,6.14973684210526,6.05555555555556,6.36666666666667,6.46009803921569,73,38,9,9,102,9527,6775,2752,698,1590,7937,6.33333257478745,6.56193482509225,5.77054905523256,5.71095988538682,6.15627106918239,6.36880287766158,213
"212",2019,4,6.31287128712871,101,6.60323943661972,5.62566666666667,5.33333333333333,6,6.35909090909091,71,30,6,13,88,9628,6846,2782,704,1603,8025,6.33311793103448,6.56236319602688,5.76898670021567,5.70774147727273,6.15500374298191,6.3686963788162,214
"213",2019,5,6.75935483870968,93,7.08885245901639,6.13125,4.33333333333333,7.01666666666667,6.72123456790123,61,32,3,12,81,9721,6907,2814,707,1615,8106,6.33719570414566,6.56701294918199,5.77310625444208,5.70190947666195,6.16140619195046,6.37221915124599,215
"214",2019,6,6.37386363636364,88,6.74561403508772,5.69032258064516,4.4,5.55555555555556,6.46708860759494,57,31,5,9,79,9809,6964,2845,712,1624,8185,6.33752466510348,6.56847479035037,5.77220421792619,5.69276685393258,6.1580486453202,6.37313481246182,216
"215",2019,7,6.6160396039604,101,6.82742857142857,6.13870967741935,6,7,6.59178947368421,70,31,6,6,95,9910,7034,2876,718,1630,8280,6.34036321291625,6.57105181120273,5.77615472878999,5.69533426183844,6.16114785276074,6.37564353140096,217
"216",2019,8,6.28414414414414,111,6.59461538461538,5.55030303030303,6,6.47692307692308,6.25857142857143,78,33,8,13,98,10021,7112,2909,726,1643,8378,6.33974048897316,6.57131024184477,5.77359264352011,5.6986914600551,6.16364637857578,6.37427410360468,218
"217",2019,9,6.21444444444444,90,6.44354838709677,5.70714285714286,5.75,6.50769230769231,6.16493506493507,62,28,4,13,77,10111,7174,2937,730,1656,8455,6.33862520423301,6.57020608307778,5.77295914198162,5.69897260273973,6.16634722222222,6.37236764518036,219
"218",2019,10,6.69389380530973,113,6.91764705882353,6.01464285714286,6.20142857142857,6.2,6.7471568627451,85,28,7,11,102,10224,7259,2965,737,1667,8557,6.34255178403756,6.57427447857832,5.77524148397977,5.70374491180461,6.16656928614277,6.37683515718125,220
"219",2019,11,6.79494628099174,121,7.0481,6.19722222222222,6.1,6.5,6.83989047619048,85,36,7,16,105,10345,7344,3001,744,1683,8662,6.34784320347994,6.57975857026144,5.78030356547817,5.70747311827957,6.16973915626857,6.38244827291618,221
"220",2019,12,6.60481751824817,137,6.83623762376238,5.95555555555556,5.625,7.08333333333333,6.55888,101,36,8,12,125,10482,7445,3037,752,1695,8787,6.35120186414806,6.58323800402955,5.78238096806059,5.70659574468085,6.17620707964602,6.38495811312165,222
"221",2020,1,6.54604629834254,181,6.67637597014925,6.17446808510638,6.08333333333333,6.14285714285714,6.598964875,134,47,12,21,160,10663,7579,3084,764,1716,8947,6.35450926756072,6.58488472357831,5.78835635538262,5.71251308900524,6.17579895104895,6.38878521515591,223
"222",2020,2,6.43128571428571,140,6.67727272727273,6.015,4.36666666666667,6.375,6.4365625,88,52,6,12,128,10803,7667,3136,770,1728,9075,6.35550424141442,6.58594513108126,5.79211447704082,5.70202597402597,6.17718229166667,6.38945909862259,224
"223",2020,3,6.55713470149254,134,6.8690875,5.87380952380952,6.05,6.36666666666667,6.58114327731092,92,42,8,15,119,10937,7759,3178,778,1743,9194,6.35797461552528,6.58930240623792,5.79319414726243,5.70560411311054,6.17881296615032,6.39194010985425,225
"224",2020,4,6.65498664,125,6.75545135416667,6.32241379310345,6.3,6.4,6.67959061403509,96,29,5,11,114,11062,7855,3207,783,1754,9308,6.36133083529199,6.59133299809039,5.79797973183661,5.70939974457216,6.18020011402509,6.39546311774817,226
"225",2020,5,6.64780588607595,158,6.78079769230769,6.26829268292683,5.66666666666667,7.22857142857143,6.59134256944444,117,41,9,14,144,11220,7972,3248,792,1768,9452,6.36536497593583,6.59411365153036,5.80391656403941,5.70891414141414,6.18850169683258,6.39844731591197,227
"226",2020,6,6.62541941666667,120,6.8753622826087,5.80417857142857,7.017,7.29166666666667,6.55139194444444,92,28,1,12,108,11340,8064,3276,793,1780,9560,6.36811687477954,6.59732234126984,5.8039188034188,5.71056368221942,6.19593876404495,6.40017514225941,228
"227",2020,7,6.5,120,6.79880952380952,5.80277777777778,5.375,6.93888888888889,6.42254901960784,84,36,4,18,102,11460,8148,3312,797,1798,9662,6.36949784991274,6.5993995287187,5.80390640096619,5.70887954830615,6.2033765294772,6.40041133926723,229
"228",2020,8,6.4108,150,6.67447619047619,5.79555555555556,4.85714285714286,6.12105263157895,6.45282442748092,105,45,7,19,131,11610,8253,3357,804,1817,9793,6.37003146942291,6.60035470253241,5.8037944593387,5.70146393034826,6.20251568519538,6.4011124640049,230
"229",2020,9,6.60406504065041,123,6.91648351648352,5.715625,5.6,6.55,6.61214953271028,91,32,4,16,107,11733,8344,3389,808,1833,9900,6.372484902412,6.60380241610738,5.80296193567424,5.70096163366336,6.20554882705947,6.40339336969697,231
"230",2020,10,6.49897959183673,147,6.5651376146789,6.30921052631579,6.21666666666667,6.46190476190476,6.50515873015873,109,38,9,21,126,11880,8453,3427,817,1854,10026,6.37405011447812,6.60330384005678,5.8085754304056,5.70664259485924,6.20845253505933,6.40467228805106,232
"231",2020,11,6.56982857142857,175,6.81927419354839,5.96333333333333,6.01444444444444,6.88181818181818,6.54890243902439,124,51,9,11,164,12055,8577,3478,826,1865,10190,6.3768921907922,6.60642618164859,5.81084473835538,5.70999636803874,6.21242412868633,6.40699355839058,233
"232",2020,12,6.44957746478873,213,6.68808219178082,5.92985074626866,5.45833333333333,6.57,6.43356382978723,146,67,12,25,188,12268,8723,3545,838,1890,10378,6.37815417019889,6.60779288776797,5.81309393511989,5.70639260143198,6.21715396825397,6.40747488533436,234
"233",2021,1,6.5680521399177,243,6.707451,6.24342465753425,6.17647058823529,6.9,6.52998472477064,170,73,17,25,218,12511,8893,3618,855,1915,10596,6.38184254096395,6.60969796806477,5.82177667219458,5.71573918128655,6.22606840731071,6.40999537844469,235
"234",2021,2,6.64952672839506,162,6.95467258928571,5.966,5.5625,7.19411764705882,6.58567813793103,112,50,8,17,145,12673,9005,3668,863,1932,10741,6.3852643699203,6.61398860188784,5.82374263904035,5.71431865585168,6.2345864389234,6.41236703845079,236
"235",2021,3,6.72697368421053,152,6.89174311926605,6.3093023255814,5.46,6.63333333333333,6.73955223880597,109,43,5,18,134,12825,9114,3711,868,1950,10875,6.38931425808967,6.61731044107966,5.82936890326058,5.71285368663594,6.23826717948718,6.41639856183908,237
"236",2021,4,6.4909243697479,119,6.63440860215054,5.97769230769231,5.5,6.33333333333333,6.50381818181818,93,26,2,9,110,12944,9207,3737,870,1959,10985,6.39024840543881,6.61748314977734,5.83040085630185,5.71236436781609,6.23870393057683,6.41727395175239,238
"237",2021,5,6.72383333333333,120,6.9653164556962,6.25853658536585,6.025,7.5,6.69706896551724,79,41,4,4,116,13064,9286,3778,874,1963,11101,6.39331256582976,6.62044231746715,5.8350471148756,5.71379519450801,6.24127407030056,6.42019767228177,239
"238",2021,6,6.39271681415929,113,6.75836,5.67105263157895,5,6.55682608695652,6.35077777777778,75,38,5,23,90,13177,9361,3816,879,1986,11191,6.39330745693253,6.62154730904818,5.83341404612159,5.70973492605233,6.24492849949648,6.41963938522026,240
"239",2021,7,6.60408518796992,133,6.80395604395604,6.17103166666667,5.49047571428571,6.86666666666667,6.57070618644068,91,42,7,15,118,13310,9452,3858,886,2001,11309,6.39541365063862,6.62330346593313,5.83708951010887,5.70800262979684,6.2495892053973,6.42121564152445,241
"240",2021,8,6.65409395973154,149,6.9086,6.13469387755102,5.68,6.44,6.67805970149254,100,49,10,15,134,13459,9552,3907,896,2016,11443,6.39827741214058,6.62629023869347,5.84082194266701,5.70769010044643,6.25100595238095,6.4242233409071,242
"241",2021,9,6.49328086614173,127,6.80643141176471,5.85952380952381,6.7,6.565625,6.48285288288288,85,42,5,16,111,13586,9637,3949,901,2032,11554,6.39916549094656,6.62787911486977,5.84102084831603,5.71319681465039,6.25348326771654,6.42478659858058,243
"242",2021,10,6.51661654135338,133,6.80955056179775,5.92409090909091,3.58,6.78235294117647,6.4776724137931,89,44,2,17,116,13719,9726,3993,903,2049,11670,6.40030413003863,6.62954154122969,5.84193622088655,5.70847212624585,6.25787115666179,6.42531228449015,244
"243",2021,11,6.37466073825503,149,6.44880733944954,6.17261125,5.92857142857143,6.29411764705882,6.38503371212121,109,40,7,17,132,13868,9835,4033,910,2066,11802,6.40002861335449,6.62753848805287,5.84521591371188,5.7101651978022,6.25816940948693,6.42486178698526,245
"244",2021,12,6.48612396135266,207,6.66819075862069,6.06032258064516,6.3,6.32315789473684,6.50259393617021,145,62,5,19,188,14075,9980,4095,915,2085,11990,6.40129481136767,6.62812912725451,5.84847271794872,5.71338833879781,6.25876163069544,6.42608060633861,246
"245",2022,1,6.43072258064516,310,6.6068976744186,6.03201052631579,5.94444444444444,6.66857142857143,6.40045090909091,215,95,18,35,275,14385,10195,4190,933,2120,12265,6.40192898644421,6.62768138205002,5.85263407637232,5.71784601286174,6.26552735849057,6.42550594944965,247
"246",2022,2,6.50914285714286,175,6.76896551724138,5.99830508474576,5.88888888888889,7.11764705882353,6.44367088607595,116,59,9,17,158,14560,10311,4249,942,2137,12423,6.4032176146978,6.62927084569877,5.85465680866086,5.71948018046709,6.27230603649977,6.42573697738066,248
"247",2022,3,6.4190044966443,149,6.68030161904762,5.79545454545455,5.4,5.308,6.49893287769784,105,44,5,10,139,14709,10416,4293,947,2147,12562,6.4033775334829,6.6297852688172,5.85405003028186,5.71779337909187,6.26781462505822,6.42654689858303,249
"248",2022,4,6.59160283783784,148,6.81910377358491,6.01743380952381,5.33333333333333,6.33333333333333,6.59694634482759,106,42,3,3,145,14857,10522,4335,950,2150,12707,6.40525256512082,6.63169248812013,5.85563298731257,5.71657929473684,6.26790604651163,6.42849133233651,250
"249",2022,5,6.52216233766234,154,6.73672321428571,5.95,4.5,6.24,6.57684496124031,112,42,3,25,129,15011,10634,4377,953,2175,12836,6.4064519592299,6.6327986985142,5.85653849668723,5.71274955928646,6.26758528735632,6.42998226550327,251
"250",2022,6,6.56840909090909,154,6.7811320754717,6.09864583333333,5,5.90388888888889,6.60965517241379,106,48,4,9,145,15165,10740,4425,957,2184,12981,6.40809662776129,6.63426269646182,5.85916474576271,5.70977045977011,6.26608653846154,6.43198924273939,252
"251",2022,7,6.90924657534247,146,7.17079207920792,6.32222222222222,6.5,7,6.90398550724638,101,45,4,8,138,15311,10841,4470,961,2192,13119,6.41287540722357,6.63926126372106,5.86382639821029,5.7130596566077,6.26876505474453,6.43695421602256,253
"252",2022,8,6.51976134228188,149,6.80480769230769,5.86098755555556,6.1,6.5,6.52103171428571,104,45,5,9,140,15460,10945,4515,966,2201,13259,6.41390554980595,6.64083429511192,5.86379810409745,5.71506245341615,6.26971058609723,6.43784197903311,254
