"","year","month","avg_rating","no_ratings","avg_rating_owned","avg_rating_not_owned","avg_rating_prev_owned","avg_rating_comment","avg_rating_no_comment","no_ratings_owned","no_ratings_not_owned","no_ratings_prev_owned","no_ratings_comment","no_ratings_no_comment","cum_no_ratings","cum_no_ratings_owned","cum_no_ratings_not_owned","cum_no_ratings_prev_owned","cum_no_ratings_comment","cum_no_ratings_no_comment","cum_avg_rating","cum_avg_rating_owned","cum_avg_rating_not_owned","cum_avg_rating_prev_owned","cum_avg_rating_comment","cum_avg_rating_no_comment","month_after_release"
"1",2001,6,7,2,8,6,NA,NA,7,1,1,0,0,2,2,1,1,0,0,2,7,8,6,NA,NA,7,0
"2",2001,7,7,3,7,7,NA,6,7.5,2,1,0,1,2,5,3,2,0,1,4,7,7.33333333333333,6.5,NA,6,7.25,1
"3",2001,8,7,6,7.66666666666667,6.33333333333333,7,7,7,3,3,1,2,4,11,6,5,1,3,8,7,7.5,6.4,7,6.66666666666667,7.125,2
"4",2001,9,8,4,8,NA,NA,7,8.33333333333333,4,0,0,1,3,15,10,5,1,4,11,7.26666666666667,7.7,6.4,7,6.75,7.45454545454545,3
"5",2001,10,8.5,2,8.5,NA,NA,NA,8.5,2,0,0,0,2,17,12,5,1,4,13,7.41176470588235,7.83333333333333,6.4,7,6.75,7.61538461538461,4
"6",2001,11,7.66666666666667,3,7.66666666666667,NA,NA,NA,7.66666666666667,3,0,0,0,3,20,15,5,1,4,16,7.45,7.8,6.4,7,6.75,7.625,5
"7",2002,1,8.33333333333333,3,8,8.5,NA,10,7.5,1,2,0,1,2,23,16,7,1,5,18,7.56521739130435,7.8125,7,7,7.4,7.61111111111111,7
"8",2002,3,7,4,7,NA,NA,7,7,4,0,0,1,3,27,20,7,1,6,21,7.48148148148148,7.65,7,7,7.33333333333333,7.52380952380952,9
"9",2002,4,7.33333333333333,3,7.33333333333333,NA,NA,8,7,3,0,0,1,2,30,23,7,1,7,23,7.46666666666667,7.60869565217391,7,7,7.42857142857143,7.47826086956522,10
"10",2002,5,5.66666666666667,3,6,5,NA,NA,5.66666666666667,2,1,0,0,3,33,25,8,1,7,26,7.3030303030303,7.48,6.75,7,7.42857142857143,7.26923076923077,11
"11",2002,6,6.8,5,6.66666666666667,7,7,7,6.75,3,2,2,1,4,38,28,10,3,8,30,7.23684210526316,7.39285714285714,6.8,7,7.375,7.2,12
"12",2002,7,7.4,5,7.75,6,NA,7.5,7.33333333333333,4,1,0,2,3,43,32,11,3,10,33,7.25581395348837,7.4375,6.72727272727273,7,7.4,7.21212121212121,13
"13",2002,8,7.75,4,7.75,NA,NA,7.5,8,4,0,0,2,2,47,36,11,3,12,35,7.29787234042553,7.47222222222222,6.72727272727273,7,7.41666666666667,7.25714285714286,14
"14",2002,9,7,8,7.5,5.5,NA,7,7,6,2,0,2,6,55,42,13,3,14,41,7.25454545454545,7.47619047619048,6.53846153846154,7,7.35714285714286,7.21951219512195,15
"15",2002,10,5.33333333333333,3,8,4,NA,4,8,1,2,0,2,1,58,43,15,3,16,42,7.1551724137931,7.48837209302326,6.2,7,6.9375,7.23809523809524,16
"16",2002,11,7.91666666666667,6,8.375,7,8,8.83333333333333,7,4,2,1,3,3,64,47,17,4,19,45,7.2265625,7.56382978723404,6.29411764705882,7.25,7.23684210526316,7.22222222222222,17
"17",2002,12,7,8,6.66666666666667,8,NA,6,7.14285714285714,6,2,0,1,7,72,53,19,4,20,52,7.20138888888889,7.4622641509434,6.47368421052632,7.25,7.175,7.21153846153846,18
"18",2003,1,7.14285714285714,7,7,7.5,8,8,7,5,2,1,1,6,79,58,21,5,21,58,7.19620253164557,7.42241379310345,6.57142857142857,7.4,7.21428571428571,7.18965517241379,19
"19",2003,2,7.33333333333333,6,7.8,5,NA,NA,7.33333333333333,5,1,0,0,6,85,63,22,5,21,64,7.20588235294118,7.45238095238095,6.5,7.4,7.21428571428571,7.203125,20
"20",2003,3,7,2,7,7,NA,NA,7,1,1,0,0,2,87,64,23,5,21,66,7.20114942528736,7.4453125,6.52173913043478,7.4,7.21428571428571,7.1969696969697,21
"21",2003,4,7.25,4,7.66666666666667,6,6,7,7.5,3,1,1,2,2,91,67,24,6,23,68,7.2032967032967,7.45522388059702,6.5,7.16666666666667,7.19565217391304,7.20588235294118,22
"22",2003,5,7.42857142857143,7,7.6,7,7,6,7.66666666666667,5,2,1,1,6,98,72,26,7,24,74,7.21938775510204,7.46527777777778,6.53846153846154,7.14285714285714,7.14583333333333,7.24324324324324,23
"23",2003,6,6.8125,8,6.91666666666667,6.5,NA,4,7.21428571428571,6,2,0,1,7,106,78,28,7,25,81,7.18867924528302,7.42307692307692,6.53571428571429,7.14285714285714,7.02,7.24074074074074,24
"24",2003,7,6.71153846153846,26,7.29166666666667,6.21428571428571,NA,6.875,6.63888888888889,12,14,0,8,18,132,90,42,7,33,99,7.09469696969697,7.40555555555556,6.42857142857143,7.14285714285714,6.98484848484848,7.13131313131313,25
"25",2003,8,6.27777777777778,9,7.25,5.5,NA,4.83333333333333,7,4,5,0,3,6,141,94,47,7,36,105,7.04255319148936,7.39893617021277,6.32978723404255,7.14285714285714,6.80555555555556,7.12380952380952,26
"26",2003,9,7.225,8,8.575,5.875,NA,8.76666666666667,6.3,4,4,0,3,5,149,98,51,7,39,110,7.05234899328859,7.4469387755102,6.29411764705882,7.14285714285714,6.95641025641026,7.08636363636364,27
"27",2003,10,7.75,4,7.75,NA,NA,7,8,4,0,0,1,3,153,102,51,7,40,113,7.07058823529412,7.45882352941176,6.29411764705882,7.14285714285714,6.9575,7.11061946902655,28
"28",2003,11,7.35714285714286,7,7.41666666666667,7,NA,6.75,7.6,6,1,0,2,5,160,108,52,7,42,118,7.083125,7.45648148148148,6.30769230769231,7.14285714285714,6.94761904761905,7.13135593220339,29
"29",2003,12,8.1,5,8.375,7,NA,8.5,8,4,1,0,1,4,165,112,53,7,43,122,7.11393939393939,7.48928571428571,6.32075471698113,7.14285714285714,6.98372093023256,7.15983606557377,30
"30",2004,1,6.73333333333333,15,7,5.66666666666667,NA,6.625,6.77272727272727,12,3,0,4,11,180,124,56,7,47,133,7.08222222222222,7.44193548387097,6.28571428571429,7.14285714285714,6.9531914893617,7.12781954887218,31
"31",2004,2,7.6875,8,7.64285714285714,8,NA,7.9,7.33333333333333,7,1,0,5,3,188,131,57,7,52,136,7.10797872340425,7.45267175572519,6.31578947368421,7.14285714285714,7.04423076923077,7.13235294117647,32
"32",2004,3,7.66666666666667,12,7.625,7.75,NA,8.33333333333333,7.44444444444444,8,4,0,3,9,200,139,61,7,55,145,7.1415,7.46258992805755,6.40983606557377,7.14285714285714,7.11454545454546,7.15172413793103,33
"33",2004,4,6.125,8,7,3.5,5,6,6.25,6,2,1,4,4,208,145,63,8,59,149,7.10240384615385,7.44344827586207,6.31746031746032,6.875,7.03898305084746,7.12751677852349,34
"34",2004,5,7.5,8,7.71428571428571,6,NA,8,7,7,1,0,4,4,216,152,64,8,63,153,7.11712962962963,7.45592105263158,6.3125,6.875,7.1,7.12418300653595,35
"35",2004,6,6.66666666666667,9,7.28571428571429,4.5,7,4.5,7.28571428571429,7,2,1,2,7,225,159,66,9,65,160,7.09911111111111,7.44842767295597,6.25757575757576,6.88888888888889,7.02,7.13125,36
"36",2004,7,7,14,7.2,6.5,6.5,6.85714285714286,7.14285714285714,10,4,2,7,7,239,169,70,11,72,167,7.09330543933054,7.43372781065089,6.27142857142857,6.81818181818182,7.00416666666667,7.13173652694611,37
"37",2004,8,7.125,12,7.55,5,NA,7,7.21428571428571,10,2,0,5,7,251,179,72,11,77,174,7.09482071713147,7.44022346368715,6.23611111111111,6.81818181818182,7.0038961038961,7.13505747126437,38
"38",2004,9,7.375,8,7.66666666666667,6.5,8,7.25,7.5,6,2,1,4,4,259,185,74,12,81,178,7.1034749034749,7.44756756756757,6.24324324324324,6.91666666666667,7.01604938271605,7.14325842696629,39
"39",2004,10,6.65625,16,6.83333333333333,6.125,NA,6.41666666666667,6.8,12,4,0,6,10,275,197,78,12,87,188,7.07745454545454,7.41015228426396,6.23717948717949,6.91666666666667,6.97471264367816,7.125,40
"40",2004,11,6.55263157894737,19,6.96153846153846,5.66666666666667,5.5,6.64285714285714,6.5,13,6,2,7,12,294,210,84,14,94,200,7.04353741496599,7.38238095238095,6.19642857142857,6.71428571428571,6.95,7.0875,41
"41",2004,12,7.11764705882353,17,8.04545454545454,5.41666666666667,6.33333333333333,6.5,7.55,11,6,3,7,10,311,221,90,17,101,210,7.0475884244373,7.41538461538461,6.14444444444444,6.64705882352941,6.91881188118812,7.10952380952381,42
"42",2005,1,7.34615384615385,13,7.375,7,NA,7.5,7.27777777777778,12,1,0,4,9,324,233,91,17,105,219,7.05956790123457,7.41330472103004,6.15384615384615,6.64705882352941,6.94095238095238,7.11643835616438,43
"43",2005,2,6.93333333333333,15,7.4,6,6,6.6,7.1,10,5,1,5,10,339,243,96,18,110,229,7.05398230088496,7.41275720164609,6.14583333333333,6.61111111111111,6.92545454545454,7.11572052401747,44
"44",2005,3,6.28571428571429,14,7.11111111111111,4.8,NA,6,6.5,9,5,0,6,8,353,252,101,18,116,237,7.02351274787535,7.40198412698413,6.07920792079208,6.61111111111111,6.87758620689655,7.09493670886076,45
"45",2005,4,6.60714285714286,14,6.8125,6.33333333333333,6,7.5,6.25,8,6,1,4,10,367,260,107,19,120,247,7.00762942779292,7.38384615384615,6.09345794392523,6.57894736842105,6.89833333333333,7.06072874493927,46
"46",2005,5,6.8,15,7.3,5.8,6,6.66666666666667,6.88888888888889,10,5,4,6,9,382,270,112,23,126,256,6.99947643979058,7.38074074074074,6.08035714285714,6.47826086956522,6.88730158730159,7.0546875,47
"47",2005,6,6.71428571428571,7,7.25,6,7,7,6.5,4,3,1,3,4,389,274,115,24,129,260,6.99434447300771,7.37883211678832,6.07826086956522,6.5,6.88992248062015,7.04615384615385,48
"48",2005,7,6.78181818181818,11,7.22857142857143,6,NA,6.25,7.08571428571429,7,4,0,4,7,400,281,119,24,133,267,6.9885,7.37508896797153,6.07563025210084,6.5,6.87067669172932,7.04719101123596,49
"49",2005,8,7.3,17,7.45555555555556,7.125,8.33333333333333,6.7625,7.77777777777778,9,8,3,8,9,417,290,127,27,141,276,7.00119904076739,7.37758620689655,6.14173228346457,6.7037037037037,6.8645390070922,7.07101449275362,50
"50",2005,9,7.2,21,7.76923076923077,6.275,7.1,7.2,7.2,13,8,2,10,11,438,303,135,29,151,287,7.01073059360731,7.39438943894389,6.14962962962963,6.73103448275862,6.88675496688742,7.07595818815331,51
"51",2005,10,7.5,12,7.55555555555556,7.33333333333333,NA,8,7.4,9,3,0,2,10,450,312,138,29,153,297,7.02377777777778,7.39903846153846,6.17536231884058,6.73103448275862,6.90130718954248,7.08686868686869,52
"52",2005,11,7.16666666666667,27,7.34090909090909,6.4,7,7.27272727272727,7.09375,22,5,1,11,16,477,334,143,30,164,313,7.03186582809224,7.39520958083832,6.18321678321678,6.74,6.92621951219512,7.08722044728435,53
"53",2005,12,6.825,16,6.95454545454545,6.54,NA,6.2,7.10909090909091,11,5,0,5,11,493,345,148,30,169,324,7.02515212981744,7.38115942028985,6.19527027027027,6.74,6.90473372781065,7.08796296296296,54
"54",2006,1,7.6025,20,7.31818181818182,7.95,8.16666666666667,8.13888888888889,7.16363636363636,11,9,3,9,11,513,356,157,33,178,335,7.04766081871345,7.37921348314607,6.29585987261146,6.86969696969697,6.96713483146067,7.09044776119403,55
"55",2006,2,6.74615384615385,13,7.38571428571429,6,5,6.77777777777778,6.675,7,6,1,9,4,526,363,163,34,187,339,7.04020912547528,7.37933884297521,6.28496932515337,6.81470588235294,6.95802139037433,7.08554572271386,56
"56",2006,3,7.01388888888889,18,7.32142857142857,5.9375,NA,7.17857142857143,6.90909090909091,14,4,0,7,11,544,377,167,34,194,350,7.03933823529412,7.37718832891247,6.27664670658683,6.81470588235294,6.9659793814433,7.08,57
"57",2006,4,6.3125,8,6.7,5.66666666666667,NA,6.91666666666667,4.5,5,3,0,6,2,552,382,170,34,200,352,7.02880434782609,7.36832460732984,6.26588235294118,6.81470588235294,6.9645,7.06534090909091,58
"58",2006,5,7.35526315789474,19,7.5,7.15625,9,7.79166666666667,7.15384615384615,11,8,1,6,13,571,393,178,35,206,365,7.03966725043783,7.37201017811705,6.30589887640449,6.87714285714286,6.98859223300971,7.06849315068493,59
"59",2006,6,6.86863157894737,19,7.42338461538462,5.66666666666667,7.5,7.188,6.63636363636364,13,6,2,8,11,590,406,184,37,214,376,7.0341593220339,7.37365517241379,6.28505434782609,6.91081081081081,6.99604672897196,7.05585106382979,60
"60",2006,7,6.89473684210526,19,7.3125,4.66666666666667,NA,6.25,7.19230769230769,16,3,0,6,13,609,422,187,37,220,389,7.02980952380952,7.371336492891,6.25909090909091,6.91081081081081,6.9757,7.06041131105398,61
"61",2006,8,7.04583333333333,24,7.34117647058823,6.32857142857143,NA,7.27692307692308,6.77272727272727,17,7,0,13,11,633,439,194,37,233,400,7.03041706161137,7.37016856492027,6.26159793814433,6.91081081081081,6.99250643776824,7.0525,62
"62",2006,9,7.19166666666667,12,7.7,5.66666666666667,NA,7.47142857142857,6.8,9,3,0,7,5,645,448,197,37,240,405,7.03341705426357,7.37679464285714,6.25253807106599,6.91081081081081,7.006475,7.04938271604938,63
"63",2006,10,7.61538461538461,13,7.66666666666667,7.5,7,7.28571428571429,8,9,4,1,7,6,658,457,201,38,247,411,7.04491489361702,7.38250328227571,6.2773631840796,6.91315789473684,7.01438866396761,7.0632603406326,64
"64",2006,11,7.80555555555556,18,7.78571428571429,7.875,7.5,8.5,7.60714285714286,14,4,1,4,14,676,471,205,39,251,425,7.06516863905325,7.39448832271762,6.30853658536585,6.92820512820513,7.03806374501992,7.08117647058824,65
"65",2006,12,7.06851851851852,27,7.46388888888889,6.27777777777778,6.66666666666667,6.7,7.15227272727273,18,9,3,5,22,703,489,214,42,256,447,7.0652972972973,7.39704294478528,6.30724299065421,6.90952380952381,7.0314609375,7.08467561521253,66
"66",2007,1,7.12,20,7.41666666666667,6.675,7,7,7.18461538461538,12,8,2,7,13,723,501,222,44,263,460,7.06681051175657,7.3975129740519,6.3204954954955,6.91363636363636,7.03062357414449,7.0875,67
"67",2007,2,6.8864572,25,7.54166666666667,6.28164846153846,7,7.11111111111111,6.760089375,12,13,2,9,16,748,513,235,46,272,476,7.06078266042781,7.40088499025341,6.3183465106383,6.91739130434783,7.03328676470588,7.07649460084034,68
"68",2007,3,6.87619047619048,21,7.41538461538462,6,5,6.85714285714286,6.88571428571429,13,8,2,7,14,769,526,243,48,279,490,7.05574178153446,7.4012433460076,6.30786596707819,6.8375,7.02886738351254,7.07104373469388,69
"69",2007,4,7.03333333333333,18,7.41818181818182,6.42857142857143,5.5,6.7,7.3,11,7,2,8,10,787,537,250,50,287,500,7.05522926302414,7.40159031657356,6.31124572,6.784,7.01970034843206,7.07562286,70
"70",2007,5,6.83333333333333,9,7.25,6,6,7.625,6.2,6,3,1,4,5,796,543,253,51,291,505,7.05272038944724,7.3999152854512,6.30755505928854,6.76862745098039,7.0280206185567,7.06695332673267,71
"71",2007,6,7.12962962962963,27,7.09375,7.18181818181818,8.5,7.22222222222222,7.08333333333333,16,11,2,9,18,823,559,264,53,300,523,7.05524353584447,7.39115205724508,6.34398268939394,6.83396226415094,7.03384666666667,7.06751707456979,72
"72",2007,7,6.91666666666667,18,7.13636363636364,6.57142857142857,6,6,7.17857142857143,11,7,2,4,14,841,570,271,55,304,537,7.05227756242568,7.3862350877193,6.34985767527675,6.80363636363636,7.02024342105263,7.07041234636872,73
"73",2007,8,7.43055555555556,18,7.34375,7.5,8,7,7.59615384615385,8,10,1,5,13,859,578,281,56,309,550,7.060204225844,7.38564705882353,6.39078800711744,6.825,7.01991585760518,7.08283896363636,74
"74",2007,9,7.32777777777778,18,7.36666666666667,7.25,7.5,8.5,6.99285714285714,12,6,2,4,14,877,590,287,58,313,564,7.06569604332953,7.38526101694915,6.4087506271777,6.84827586206897,7.03883067092652,7.08060537234043,75
"75",2007,10,7.236875,16,7.27071428571429,7,NA,7,7.34454545454545,14,2,0,5,11,893,604,289,58,318,575,7.06876307950728,7.3826059602649,6.4128423183391,6.84827586206897,7.03822012578616,7.08565466086957,76
"76",2007,11,7.11,25,7.175,6.85,NA,7.33333333333333,6.984375,20,5,0,9,16,918,624,294,58,327,591,7.06988608932462,7.37595192307692,6.42027697278912,6.84827586206897,7.04634250764526,7.08291274111675,77
"77",2007,12,6.7,20,7,6.25,NA,7.18181818181818,6.11111111111111,12,8,0,11,9,938,636,302,58,338,600,7.06199939232409,7.36885849056604,6.41576632450331,6.84827586206897,7.05075147928994,7.06833571666667,78
"78",2008,1,7.25,33,7.72222222222222,6.68333333333333,6.875,6.88846153846154,7.485,18,15,4,13,20,971,654,317,62,351,620,7.06838870236869,7.37858409785933,6.42842722397476,6.85,7.04474074074074,7.0817765,79
"79",2008,2,6.97727272727273,22,7.22727272727273,6.72727272727273,7,7.40909090909091,6.54545454545455,11,11,3,11,11,993,665,328,65,362,631,7.06637002014099,7.37608120300752,6.43844948170732,6.85692307692308,7.05581215469613,7.0724269889065,80
"80",2008,3,6.4375,20,6.83333333333333,6.11363636363636,7.5,6.34375,6.5,9,11,1,8,12,1013,674,339,66,370,643,7.05395402764067,7.36883382789317,6.42790982300885,6.86666666666667,7.04041621621622,7.06174405909798,81
"81",2008,4,7.84090909090909,11,8.3125,6.58333333333333,5,8.35,7.41666666666667,8,3,1,5,6,1024,682,342,67,375,649,7.06240764648437,7.37990322580645,6.4292731871345,6.83880597014925,7.05787733333333,7.06502531587057,82
"82",2008,5,7.3,14,7.3,7.3,7.5,7.08333333333333,7.4625,7,7,1,6,8,1038,689,349,68,381,657,7.06561216763006,7.37909143686502,6.4467376217765,6.84852941176471,7.0582782152231,7.06986519025875,83
"83",2008,6,7.61538461538461,13,7.8,7.5,6.66666666666667,8.2,7.25,5,8,3,5,8,1051,694,357,71,386,665,7.07241239771646,7.38212391930836,6.47034014005602,6.84084507042254,7.07306735751295,7.07203222556391,84
"84",2008,7,7.3695652173913,23,7.90909090909091,6.875,6.58333333333333,7.2,7.5,11,12,6,10,13,1074,705,369,77,396,678,7.07877600558659,7.39034609929078,6.4834998102981,6.82077922077922,7.07627272727273,7.08023809734513,85
"85",2008,8,6.87258064516129,31,7.73571428571429,6.16176470588235,6.58333333333333,6.93666666666667,6.8125,14,17,9,15,16,1105,719,386,86,411,694,7.07299133936652,7.39707093184979,6.46933012953368,6.79593023255814,7.07117761557178,7.0740654610951,86
"86",2008,9,6.776,25,7.31428571428571,6.09090909090909,6,6.16666666666667,6.96842105263158,14,11,10,6,19,1130,733,397,96,417,713,7.06642073451327,7.3954897680764,6.45884491183879,6.71302083333333,7.05816306954436,7.07125025245442,87
"87",2008,10,7.51538461538462,26,7.93529411764706,6.72222222222222,6.71428571428571,7.5,7.525,17,9,7,10,16,1156,750,406,103,427,729,7.07651853806228,7.40772533333333,6.46468332512315,6.7131067961165,7.06851053864169,7.0812090946502,88
"88",2008,11,7.10714285714286,21,7.675,6.59090909090909,6.5,6.82142857142857,7.25,10,11,5,7,14,1177,760,417,108,434,743,7.07706493627867,7.41124210526316,6.46801302158273,6.70324074074074,7.06452534562212,7.08438954239569,89
"89",2008,12,6.84375,16,7.8125,5.875,6,5.875,7.16666666666667,8,8,5,4,12,1193,768,425,113,438,755,7.07393581726739,7.415421875,6.45685042352941,6.67212389380531,7.05366210045662,7.08569725827814,90
"90",2009,1,7.48888888888889,36,7.54347826086957,7.39230769230769,7.65,7.32666666666667,7.6047619047619,23,13,4,15,21,1229,791,438,117,453,776,7.08609066720911,7.41914538558786,6.4846151369863,6.70555555555556,7.06270198675497,7.09974411082474,91
"91",2009,2,6.70285714285714,35,7.66666666666667,6.36923076923077,5.9375,6.3,6.77,9,26,8,5,30,1264,800,464,125,458,806,7.07547897943038,7.42193,6.47814963362069,6.6564,7.05437554585153,7.08747075682382,92
"92",2009,3,7.22432432432432,37,7.60384615384615,6.32727272727273,6.5,7,7.29642857142857,26,11,4,9,28,1301,826,475,129,467,834,7.07971209069946,7.42765617433414,6.47465564210526,6.6515503875969,7.05332762312634,7.09448612709832,93
"93",2009,4,6.94444444444444,36,7.1875,6.875,6,7.4,6.87096774193548,8,28,6,5,31,1337,834,503,135,472,865,7.07606988032909,7.42535251798561,6.49694121272366,6.62259259259259,7.057,7.0864756416185,94
"94",2009,5,7.35185185185185,27,8.16666666666667,6.94444444444444,6.66666666666667,7.2,7.44117647058824,9,18,6,10,17,1364,843,521,141,482,882,7.08152890762463,7.43326690391459,6.51240197696737,6.62446808510638,7.05996680497925,7.09331227891156,95
"95",2009,6,7.37307692307692,26,7.59230769230769,7.15384615384615,7.5,7.15,7.47222222222222,13,13,4,8,18,1390,856,534,145,490,900,7.08698232374101,7.43568224299065,6.52801765917603,6.64862068965517,7.06143673469388,7.10089047777778,96
"96",2009,7,7.02916666666667,24,7.38461538461539,6.60909090909091,6.625,6.71428571428571,7.15882352941177,13,11,4,7,17,1414,869,545,149,497,917,7.08600101131542,7.43491829689298,6.529654,6.64798657718121,7.05654728370221,7.10196448200654,97
"97",2009,8,7.04,15,7.50909090909091,5.75,8,7,7.05,11,4,1,3,12,1429,880,549,150,500,929,7.08551814555633,7.43584545454545,6.52397346083789,6.657,7.056208,7.10129325080732,98
"98",2009,9,6.88333333333333,18,7.41428571428571,6.54545454545455,6.27142857142857,7.175,6.65,7,11,7,8,10,1447,887,560,157,508,939,7.08300306150656,7.43567531003382,6.52439541071428,6.63980891719745,7.05807874015748,7.09648714589989,99
"99",2009,10,7.34761904761905,21,7.375,7.31111111111111,7.5,6.7,7.5,12,9,3,4,17,1468,899,569,160,512,956,7.0867884400545,7.43486540600667,6.5368390685413,6.6559375,7.05528125,7.10366258368201,100
"100",2009,11,6.55227272727273,44,7.10952380952381,6.04347826086957,5.5,5.93636363636364,6.75757575757576,21,23,10,11,33,1512,920,592,170,523,989,7.07123375,7.42743913043478,6.51767133445946,6.58794117647059,7.03174760994264,7.09211469160768,101
"101",2009,12,6.63875,40,7.06666666666667,6.382,6.40769230769231,6.68666666666667,6.61,15,25,13,15,25,1552,935,617,183,538,1014,7.06008726159794,7.4216513368984,6.51217411669368,6.57513661202186,7.02212639405205,7.080228234714,102
"102",2010,1,6.84736842105263,38,7.36666666666667,6.20588235294118,7,7.41666666666667,6.58461538461538,21,17,3,12,26,1590,956,634,186,550,1040,7.05500341509434,7.42044351464435,6.50396124605678,6.58198924731183,7.03073454545455,7.06783791346154,103
"103",2010,2,6.48125,16,6.5,6.4625,6.5,5.7,6.74166666666667,8,8,2,4,12,1606,964,642,188,554,1052,7.04928731631382,7.41280497925311,6.50344459501558,6.5811170212766,7.02112635379062,7.06411732889734,104
"104",2010,3,7.15625,24,7.3875,6.925,6.8,6.70833333333333,7.30555555555556,12,12,5,6,18,1630,976,654,193,560,1070,7.05086222699386,7.41249385245902,6.51117955657492,6.58678756476684,7.017775,7.06817890654206,105
"105",2010,4,7.4,15,7.5,7.2,5,9,7.28571428571429,10,5,1,1,14,1645,986,659,194,561,1084,7.05404585410334,7.41338133874239,6.51640581183612,6.57860824742268,7.02130837789661,7.07098840405904,106
"106",2010,5,6.85,20,7.1,6.6,6.75,6.8,6.86666666666667,10,10,6,5,15,1665,996,669,200,566,1099,7.05159485285285,7.41023493975904,6.51765535127055,6.58375,7.01935335689046,7.0681996633303,107
"107",2010,6,6.80769230769231,13,7.2,6.5625,NA,8,6.70833333333333,5,8,0,1,12,1678,1001,677,200,567,1111,7.04970526221692,7.40918481518481,6.5181852732644,6.58375,7.02108289241623,7.06431271827183,108
"108",2010,7,7.32142857142857,14,7.35714285714286,7.28571428571429,7.33333333333333,NA,7.32142857142857,7,7,3,0,14,1692,1008,684,203,567,1125,7.05195356382979,7.40882341269841,6.52604010233918,6.5948275862069,7.02108289241623,7.06751238222222,109
"109",2010,8,6.86,15,6.875,6.85454545454545,6.5,7.3,6.64,4,11,2,5,10,1707,1012,695,205,572,1135,7.05026680140597,7.40671343873518,6.5312394676259,6.59390243902439,7.02352097902098,7.06374575330396,110
"110",2010,9,6.60714285714286,14,7.28571428571429,5.92857142857143,6.375,5,7.04545454545455,7,7,4,3,11,1721,1019,702,209,575,1146,7.04666207437536,7.40588223748773,6.52522995726496,6.58971291866029,7.01296347826087,7.06357018324607,111
"111",2010,10,6.9,10,7.83333333333333,6.5,6,8,6.625,3,7,1,2,8,1731,1022,709,210,577,1154,7.04581480647025,7.40713698630137,6.52498086036671,6.58690476190476,7.01638474870017,7.06052983535528,112
"112",2010,11,6.75,20,6.6,6.8,7.25,6.6,6.8,5,15,4,5,15,1751,1027,724,214,582,1169,7.04243599657339,7.40320740019474,6.53067877071823,6.59929906542056,7.01280756013746,7.05718685201026,113
"113",2010,12,7.31052631578947,19,7.63636363636364,6.8625,6.125,7.66666666666667,7.24375,11,8,4,3,16,1770,1038,732,218,585,1185,7.04531380225989,7.40567822736031,6.53430523224044,6.59059633027523,7.01616068376068,7.05970584810126,114
"114",2011,1,7.65909090909091,22,8,6.75,7,7.4,7.73529411764706,16,6,1,5,17,1792,1054,738,219,590,1202,7.05284901227679,7.41470018975332,6.53605884823848,6.59246575342466,7.01941355932204,7.06926075707155,115
"115",2011,2,6.95882352941176,17,7.34545454545455,6.25,6.83333333333333,6.76666666666667,7,11,6,3,3,14,1809,1065,744,222,593,1216,7.05196541182974,7.41398497652582,6.53375192204301,6.59572072072072,7.01813490725127,7.06846334703947,116
"116",2011,3,7.06944444444444,18,7.26818181818182,6.75714285714286,6.65,7.01,7.09230769230769,11,7,2,5,13,1827,1076,751,224,598,1229,7.05213761904762,7.41249442379182,6.53583412782956,6.59620535714286,7.01806688963211,7.06871556550041,117
"117",2011,4,6.585,20,7.9,5.70833333333333,5.66666666666667,6.08333333333333,6.8,8,12,3,6,14,1847,1084,763,227,604,1243,7.04707927991337,7.41609225092251,6.52281969855832,6.58392070484581,7.00878145695364,7.06568900241352,118
"118",2011,5,7.06923076923077,13,8.53333333333333,6.63,6.25,7.16666666666667,6.98571428571429,3,10,4,6,7,1860,1087,773,231,610,1250,7.04723410215054,7.41917571297148,6.52420624838292,6.57813852813853,7.01033442622951,7.065241144,119
"119",2011,6,7.43571428571429,14,7.56,7.125,8.5,8.25,7.3,10,4,1,2,12,1874,1097,777,232,612,1262,7.05013630202775,7.42045943482224,6.52729913770914,6.5864224137931,7.01438562091503,7.06747339936609,120
"120",2011,7,7.5,10,7.57142857142857,7.33333333333333,7.5,7,7.625,7,3,1,2,8,1884,1104,780,233,614,1270,7.05252411358811,7.42141666666667,6.53039926923077,6.59034334763949,7.01433876221499,7.07098537795276,121
"121",2011,8,7.13076923076923,13,7.5875,6.4,6,NA,7.13076923076923,8,5,1,0,13,1897,1112,785,234,614,1283,7.05306032156036,7.42261151079137,6.52956870063694,6.58782051282051,7.01433876221499,7.07159113795791,122
"122",2011,9,6.86111111111111,18,7.29166666666667,6,6.25,6.625,6.92857142857143,12,6,4,4,14,1915,1124,791,238,618,1297,7.05125609921671,7.42121352313167,6.52555174462705,6.58214285714286,7.01181877022654,7.07004736314572,123
"123",2011,10,7.27777777777778,18,7.5,6.83333333333333,7,7.85714285714286,6.90909090909091,12,6,2,7,11,1933,1136,797,240,625,1308,7.05336545783756,7.42204577464789,6.52786879548306,6.585625,7.0212864,7.06869375382263,124
"124",2011,11,7.46153846153846,26,8.1,6.59090909090909,6.5,8.2,7.28571428571429,15,11,2,5,21,1959,1151,808,242,630,1329,7.05878276161307,7.4308809730669,6.52872701732673,6.5849173553719,7.03064126984127,7.07212297215952,125
"125",2011,12,7.15,14,7.5,6.95555555555556,6.8,7,7.19090909090909,5,9,2,3,11,1973,1156,817,244,633,1340,7.05943002027369,7.43117993079585,6.53342892288862,6.58668032786885,7.03049605055292,7.07309808208955,126
"126",2012,1,6,10,6.42857142857143,5,NA,6.5,5.875,7,3,0,2,8,1983,1163,820,244,635,1348,7.05408745839637,7.42514531384351,6.52781881707317,6.58668032786885,7.02882519685039,7.06598770771513,127
"127",2012,2,7.41666666666667,15,7.625,7,8,7.625,7.34090909090909,10,5,1,4,11,1998,1173,825,245,639,1359,7.05680952452452,7.42684910485933,6.53068052121212,6.59244897959184,7.03255712050078,7.0682129727741,128
"128",2012,3,7.53846153846154,13,7.5,7.55555555555556,7.75,8,7.25,4,9,4,5,8,2011,1177,834,249,644,1367,7.05992313774242,7.42709770603228,6.54174032374101,6.61104417670683,7.04006832298137,7.06927683247988,129
"129",2012,4,7.17307692307692,26,7.53846153846154,6.80769230769231,6.5,7.75,7.06818181818182,13,13,4,4,22,2037,1190,847,253,648,1389,7.06136741777123,7.42831428571429,6.54582223140496,6.60928853754941,7.04445061728395,7.06925948884089,130
"130",2012,5,6.62307692307692,13,6.78571428571429,6.43333333333333,NA,7.125,6.4,7,6,0,4,9,2050,1197,853,253,652,1398,7.05858801463415,7.42455639097744,6.54503098475967,6.60928853754941,7.04494478527608,7.06495095135909,131
"131",2012,6,5.61111111111111,9,6.375,5,6,6,5.5625,4,5,1,1,8,2059,1201,858,254,653,1406,7.05226101505585,7.4210607826811,6.53602730769231,6.60688976377953,7.04334456355283,7.05640215504979,132
"132",2012,7,7.06444444444444,9,7.4,6.89666666666667,7,6.64,7.595,3,6,1,5,4,2068,1204,864,255,658,1410,7.0523140377176,7.42100830564784,6.53853174768519,6.60843137254902,7.04027963525836,7.05793009219858,133
"133",2012,8,7.88333333333333,12,8.075,7.5,7.66666666666667,7,7.96363636363636,8,4,3,1,11,2080,1212,868,258,659,1421,7.05710837980769,7.42532508250825,6.54296247695853,6.62073643410853,7.04021851289833,7.06494118930331,134
"134",2012,9,6.79090909090909,11,6,6.87,6.94,6.56666666666667,6.875,1,10,5,3,8,2091,1213,878,263,662,1429,7.05570800095648,7.42415004122012,6.54668727790433,6.62680608365019,7.03807250755287,7.06387783764871,135
"135",2012,10,6.925,20,7.61111111111111,6.36363636363636,5,6.16666666666667,7.25,9,11,2,6,14,2111,1222,889,265,668,1443,7.05446964945523,7.42552700490998,6.54442230596176,6.61452830188679,7.03024550898204,7.0656835966736,136
"136",2012,11,7.51428571428571,14,7.72222222222222,7.14,6,6.25,7.725,9,5,1,2,12,2125,1231,894,266,670,1455,7.05749902588235,7.42769618196588,6.54775327740492,6.61221804511278,7.02791641791045,7.07112125773196,137
"137",2012,12,6.97368421052632,19,7.6375,6.49090909090909,6.56666666666667,6.26666666666667,7.3,8,11,6,6,13,2144,1239,905,272,676,1468,7.05675626399254,7.42905084745763,6.54706235359116,6.61121323529412,7.02115976331361,7.07314811307902,138
"138",2013,1,6.68,25,7.25,6.3,6.83333333333333,7.6,6.45,10,15,6,5,20,2169,1249,920,278,681,1488,7.05241375288151,7.42761729383507,6.54303416304348,6.6160071942446,7.02540969162996,7.06477246639785,139
"139",2013,2,6.67647058823529,17,7.4,6.375,6.75,6.66666666666667,6.67857142857143,5,12,4,3,14,2186,1254,932,282,684,1502,7.0494901326624,7.42750717703349,6.54087063304721,6.61790780141844,7.02383625730994,7.06117272303595,140
"140",2013,3,7.293,10,7.78,6.806,NA,6.13,7.42222222222222,5,5,0,1,9,2196,1259,937,282,685,1511,7.05059901183971,7.42890706910246,6.54228541088581,6.61790780141844,7.02253138686132,7.06332324950364,141
"141",2013,4,7.32,10,6.64,8,9,NA,7.32,5,5,1,0,10,2206,1264,942,283,685,1521,7.05182023118767,7.42578639240506,6.55002274946921,6.62632508833922,7.02253138686132,7.06501080210388,142
"142",2013,5,7.30833333333333,12,7.73333333333333,6.88333333333333,6.075,7.43333333333333,7.26666666666667,6,6,4,3,9,2218,1270,948,287,688,1530,7.05320803877367,7.42723937007874,6.55213231012658,6.61864111498258,7.02432267441861,7.0661970130719,143
"143",2013,6,6.28571428571429,7,7.125,5.16666666666667,4,7.75,5.7,4,3,1,2,5,2225,1274,951,288,690,1535,7.05079345168539,7.42629042386185,6.54776175604627,6.60954861111111,7.02642608695652,7.06174685993485,144
"144",2013,7,6.92857142857143,7,7,6.875,7,NA,6.92857142857143,3,4,1,0,7,2232,1277,955,289,690,1542,7.05041013888889,7.42528895849648,6.54913238743456,6.61089965397924,7.02642608695652,7.06114230220493,145
"145",2013,8,7.32142857142857,14,8.0625,6.33333333333333,6.16666666666667,8.33333333333333,7.04545454545455,8,6,3,3,11,2246,1285,961,292,693,1553,7.05209947907391,7.42925603112841,6.54778504682622,6.60633561643836,7.0320836940837,7.06103118480361,146
"146",2013,9,6.11461538461538,13,7.7,5.12375,5.1225,5.2,6.68625,5,8,4,5,8,2259,1290,969,296,698,1561,7.04670448428508,7.43030542635659,6.53602830753354,6.58628378378378,7.01895988538682,7.05911046124279,147
"147",2013,10,7.06666666666667,15,7.25,6.94444444444444,7.3,6.5,7.27272727272727,6,9,5,4,11,2274,1296,978,301,702,1572,7.04683616094987,7.42947067901235,6.53978673824131,6.59813953488372,7.01600284900285,7.06060523536896,148
"148",2013,11,6.5,18,7.05,5.8125,6.3,6.875,6.39285714285714,10,8,5,4,14,2292,1306,986,306,706,1586,7.04254163612566,7.42656508422665,6.533885831643,6.59326797385621,7.01520396600567,7.05471086380832,149
"149",2013,12,6.350625,16,7.375,5.32625,6.1,4.70333333333333,6.73076923076923,8,8,5,3,13,2308,1314,994,311,709,1599,7.03774498700173,7.42625114155251,6.52416642857143,6.58533762057878,7.00542172073343,7.052077191995,150
"150",2014,1,7.03846153846154,13,7.625,6.1,9.5,8.66666666666667,6.55,8,5,1,3,10,2321,1322,999,312,712,1609,7.03774900043085,7.42745385779123,6.52204347347347,6.59467948717949,7.01242134831461,7.04895676196395,151
"151",2014,2,6.5,7,6.75,5,NA,8,6.25,6,1,0,1,6,2328,1328,1000,312,713,1615,7.03613205756014,7.42439307228916,6.52052143,6.59467948717949,7.0138064516129,7.04598850154799,152
"152",2014,3,7,9,7.125,6.9,6.75,6.5,7.25,4,5,2,3,6,2337,1332,1005,314,716,1621,7.03599290971331,7.42349399399399,6.52240938308458,6.59566878980892,7.01165363128492,7.04674363355953,153
"153",2014,4,7.375,8,7.3,7.5,6,7.16666666666667,7.5,5,3,1,3,5,2345,1337,1008,315,719,1626,7.03714943710021,7.42303216155572,6.52531887896825,6.59377777777778,7.01230041724618,7.04813741082411,154
"154",2014,5,7.21666666666667,12,7.2,7.22222222222222,7.25,8,6.95555555555556,3,9,4,3,9,2357,1340,1017,319,722,1635,7.03806339838778,7.4225328358209,6.53148616519174,6.60200626959248,7.01640443213297,7.04762778593272,155
"155",2014,6,6.64285714285714,7,7,6.5,7.5,NA,6.64285714285714,2,5,1,0,7,2364,1342,1022,320,722,1642,7.03689315989848,7.42190312965723,6.53133212328767,6.6048125,7.01640443213297,7.04590221071864,156
"156",2014,7,6.58333333333333,6,6.25,6.75,4,4,7.1,2,4,1,1,5,2370,1344,1026,321,723,1647,7.035744907173,7.42015922619048,6.53218462962963,6.59669781931464,7.01223236514523,7.04606644201579,157
"157",2014,8,7.3,9,7.4,7.175,7.7,7.35,7.28571428571429,5,4,1,2,7,2379,1349,1030,322,725,1654,7.03674461118117,7.42008450704225,6.534681,6.60012422360248,7.01316413793104,7.04708067110036,158
"158",2014,9,6.41666666666667,12,7.66666666666667,6,5.5,5.66666666666667,6.66666666666667,3,9,4,3,9,2391,1352,1039,326,728,1663,7.03363255123379,7.42063165680473,6.53004949951877,6.58662576687117,7.00761538461539,7.04502190619363,159
"159",2014,10,7.75714285714286,7,7.75714285714286,NA,NA,9,7.55,7,0,0,1,6,2398,1359,1039,326,729,1669,7.03574454962469,7.42236497424577,6.53004949951877,6.58662576687117,7.01034842249657,7.04683728579988,160
"160",2014,11,7.45,14,7.85714285714286,7.04285714285714,7.11428571428571,7.26,7.55555555555556,7,7,7,5,9,2412,1366,1046,333,734,1678,7.03814901741293,7.42459297218155,6.53348129063097,6.59771771771772,7.01204904632153,7.04956581048868,161
"161",2014,12,6.62142857142857,14,7.14285714285714,6.1,6.85,6.9,6.54545454545455,7,7,2,3,11,2426,1373,1053,335,737,1689,7.03574420032976,7.42315659140568,6.53059964862298,6.59922388059701,7.01159294436906,7.04628267021906,162
"162",2015,1,6.53181818181818,11,6.875,6.12,7.05,5.3,6.80555555555556,6,5,2,2,9,2437,1379,1058,337,739,1698,7.03346960607304,7.42077157360406,6.52865919659735,6.60189910979228,7.00696075778079,7.04500673144876,163
"163",2015,2,7.17647058823529,17,7.21428571428571,7.15,6.625,6.9,7.29166666666667,7,10,4,5,12,2454,1386,1068,341,744,1710,7.0344602404238,7.41972871572872,6.53447699438202,6.60217008797654,7.00624193548387,7.04673767836257,164
"164",2015,3,6.97888888888889,9,7.5,6.3275,6,NA,6.97888888888889,5,4,1,0,9,2463,1391,1072,342,744,1719,7.03425717823792,7.42001725377426,6.53370469216418,6.60040935672515,7.00624193548387,7.04638244909831,165
"165",2015,4,7.625,12,7.83333333333333,7,7,8,7.59090909090909,9,3,1,1,11,2475,1400,1075,343,745,1730,7.03712138585859,7.42267428571429,6.53500598139535,6.60157434402332,7.00757583892618,7.04984475722543,166
"166",2015,5,6.72307692307692,13,7.04444444444444,6,6,7.5,6.58181818181818,9,4,1,2,11,2488,1409,1079,344,747,1741,7.03548047829582,7.42025833924769,6.53302264133457,6.59982558139535,7.00889424364123,7.04688766800689,167
"167",2015,6,7.43333333333333,9,7.17142857142857,8.35,6.7,8,7.3625,7,2,1,1,8,2497,1416,1081,345,748,1749,7.03691446936324,7.41902824858757,6.53638430157262,6.60011594202898,7.0102192513369,7.04833129216695,168
"168",2015,7,7.40909090909091,11,7.28571428571429,7.625,7.5,7.66666666666667,7.3125,7,4,3,3,8,2508,1423,1085,348,751,1757,7.03854682216906,7.418372452565,6.5403976313364,6.60787356321839,7.01284154460719,7.04953410927718,169
"169",2015,8,7.205,10,7.7,6.4625,6,7.375,7.1625,6,4,1,2,8,2518,1429,1089,349,753,1765,7.03920787529786,7.41955493351995,6.54011150596878,6.60613180515759,7.01380345285525,7.05004613597734,170
"170",2015,9,5.68,10,6.5,5.58888888888889,6.26666666666667,4.16666666666667,6.32857142857143,1,9,3,3,7,2528,1430,1098,352,756,1772,7.03383126186709,7.41891188811189,6.5323145992714,6.60323863636364,7.00250529100529,7.04719606659142,171
"171",2015,10,7.23333333333333,9,7.53333333333333,6.63333333333333,6,7.1,7.27142857142857,6,3,2,2,7,2537,1436,1101,354,758,1779,7.03453899487584,7.41938997214485,6.53258985467756,6.59983050847458,7.00276253298153,7.04807837549185,172
"172",2015,11,7.08666666666667,15,7.53,6.2,5,8.9,6.80769230769231,10,5,1,2,13,2552,1446,1106,355,760,1792,7.03484538793103,7.42015491009682,6.53108628390597,6.59532394366197,7.0077552631579,7.04633450334821,173
"173",2015,12,6.34583333333333,12,6.90833333333333,5.78333333333333,6.175,6.45,6.29375,6,6,4,4,8,2564,1452,1112,359,764,1800,7.0316206825273,7.41803994490358,6.52705164568345,6.59064066852368,7.00483507853403,7.04298968333333,174
"174",2016,1,7.29230769230769,13,7.2,7.35,8.5,9,6.98181818181818,5,8,3,2,11,2577,1457,1120,362,766,1811,7.03293575087311,7.41729169526424,6.53292984821428,6.60646408839779,7.01004438642298,7.04261812810602,175
"175",2016,2,6.72222222222222,9,7.66666666666667,6.25,5.875,7.5,6.5,3,6,4,2,7,2586,1460,1126,366,768,1818,7.03185438128384,7.41780410958904,6.53142222912966,6.59846994535519,7.0113203125,7.04052883938394,176
"176",2016,3,6.88076923076923,13,7.20833333333333,6.6,7.06666666666667,7,6.85909090909091,6,7,3,2,11,2599,1466,1133,369,770,1829,7.0310986648711,7.41694679399727,6.5318459223301,6.60227642276423,7.01129090909091,7.03943763258611,177
"177",2016,4,7.18333333333333,12,7.17142857142857,7.2,6.66666666666667,9,7.01818181818182,7,5,3,1,11,2611,1473,1138,372,771,1840,7.03179832631176,7.4157800407332,6.53478157293497,6.60279569892473,7.01387029831388,7.03931055978261,178
"178",2016,5,7.33125,16,7.75454545454545,6.4,5.66666666666667,10,7.15333333333333,11,5,3,1,15,2627,1484,1143,375,772,1855,7.03362216596879,7.4182911051213,6.53419197725284,6.59530666666666,7.01773834196891,7.04023257681941,179
"179",2016,6,7.20833333333333,12,8.3,6.42857142857143,6.5,8,7.05,5,7,2,2,10,2639,1489,1150,377,774,1865,7.03441660856385,7.4212518468771,6.53354906956522,6.59480106100796,7.02027648578812,7.04028494906166,180
"180",2016,7,6.90625,16,7.38888888888889,6.28571428571429,6.66666666666667,6.16666666666667,7.07692307692308,9,7,3,3,13,2655,1498,1157,380,777,1878,7.03364422975518,7.42105740987984,6.53204963699222,6.59536842105263,7.0169806949807,7.04053856762513,181
"181",2016,8,6.69444444444444,9,6.6,6.8125,6.6,4,7.03125,5,4,1,1,8,2664,1503,1161,381,778,1886,7.03249828453453,7.41832601463739,6.53301587424634,6.59538057742782,7.0131028277635,7.04049916755037,182
"182",2016,9,7.4375,8,7.8,6.83333333333333,6.5,NA,7.4375,5,3,1,0,8,2672,1508,1164,382,778,1894,7.03371086452096,7.41959151193634,6.53378988831615,6.59513089005235,7.0131028277635,7.04217604540655,183
"183",2016,10,7.2,16,7.75,6.65,6.5,8,6.83636363636364,8,8,2,5,11,2688,1516,1172,384,783,1905,7.03470068080357,7.42133509234829,6.53458313139932,6.59463541666666,7.01940485312899,7.04098762729659,184
"184",2016,11,7.03269230769231,13,7,7.07083333333333,7.7125,7,7.03541666666667,7,6,2,1,12,2701,1523,1178,386,784,1917,7.0346910144391,7.4193985554826,6.53731445670628,6.60042746113989,7.01938010204082,7.0409527543036,185
"185",2016,12,6.69166666666667,12,6.68,6.75,NA,6.875,6.6,10,2,0,4,8,2713,1533,1180,386,788,1925,7.03317376704755,7.41457534246575,6.53767494067796,6.60042746113989,7.01864720812183,7.03912022337662,186
"186",2017,1,6.52,20,6.72727272727273,6.26666666666667,7.13333333333333,6.36666666666667,6.58571428571429,11,9,3,6,14,2733,1544,1189,389,794,1939,7.02941837907062,7.40967875647669,6.53562357443229,6.60453727506427,7.01372040302267,7.03584653429603,187
"187",2017,2,6.5,12,6.6,6.42857142857143,8,5,6.8,5,7,1,2,10,2745,1549,1196,390,796,1949,7.02710398178506,7.40706520335701,6.53499701505017,6.60811538461538,7.0086608040201,7.03463644433042,188
"188",2017,3,7.2,6,7.4,7,NA,8,7.04,3,3,0,1,5,2751,1552,1199,390,797,1954,7.02748107233733,7.40705154639175,6.53616049207673,6.60811538461538,7.00990464240903,7.03465016888434,189
"189",2017,4,7.20769230769231,13,7.2,7.2125,6.9,6.16666666666667,7.52,5,8,3,3,10,2764,1557,1207,393,800,1964,7.02832866497829,7.40638664097624,6.54064327257664,6.61034351145038,7.0067425,7.03712140020367,190
"190",2017,5,7.725,8,7.82857142857143,7,NA,8.25,7.2,7,1,0,4,4,2772,1564,1208,393,804,1968,7.03033926046176,7.40827621483376,6.54102353476821,6.61034351145038,7.01292786069652,7.03745245426829,191
"191",2017,6,6.99285714285714,14,7.33333333333333,6.7375,6.8,7.3,6.90909090909091,6,8,3,3,11,2786,1570,1216,396,807,1979,7.03015090811199,7.4079898089172,6.5423161430921,6.6117803030303,7.01399504337051,7.03673897422941,192
"192",2017,7,7.15,12,7.46666666666667,6.83333333333333,6.5,8.2,6.625,6,6,4,4,8,2798,1576,1222,400,811,1987,7.03066491422445,7.40821319796954,6.54374503273322,6.6106625,7.01984463625154,7.03508124308002,193
"193",2017,8,7.375,8,8.25,7.08333333333333,7.1,6.83333333333333,7.7,2,6,5,3,5,2806,1578,1228,405,814,1992,7.0316466250891,7.40928010139417,6.54638145765472,6.6167037037037,7.01915724815725,7.03675021586345,194
"194",2017,9,6.76153846153846,13,7.56666666666667,6.07142857142857,7.16666666666667,4,6.99166666666667,6,7,3,1,12,2819,1584,1235,408,815,2004,7.03040100390209,7.40987626262626,6.54368941700405,6.62074754901961,7.0154527607362,7.03648025449102,195
"195",2017,10,6.83333333333333,9,7.83333333333333,6.33333333333333,7,7,6.8125,3,6,1,1,8,2828,1587,1241,409,816,2012,7.0297738437058,7.41067674858223,6.54267238517325,6.62167481662592,7.01543382352941,7.03558967693837,196
"196",2017,11,6.26923076923077,13,6.6,6.0625,6,6.375,6.22222222222222,5,8,1,4,9,2841,1592,1249,410,820,2021,7.02629370996128,7.40813065326633,6.53959682145716,6.62015853658536,7.01230975609756,7.03196755566551,197
"197",2017,12,6.88823529411765,17,7.6,6.59166666666667,6.83333333333333,7,6.88125,5,12,3,1,16,2858,1597,1261,413,821,2037,7.02547250874738,7.40873137132123,6.54009233148295,6.62170702179177,7.01229476248478,7.03078371624939,198
"198",2018,1,7.22727272727273,11,7.21428571428571,7.25,8,NA,7.22727272727273,7,4,1,0,11,2869,1604,1265,414,821,2048,7.0262462286511,7.40788279301746,6.54233709881423,6.62503623188406,7.01229476248478,7.03183907714844,199
"199",2018,2,6.86363636363636,11,7.6,6.25,6.25,6.5,6.9,5,6,2,1,10,2880,1609,1271,416,822,2058,7.02562514930556,7.40847980111871,6.54095706530291,6.62323317307692,7.01167153284672,7.03119845966958,200
"200",2018,3,7.00714285714286,14,7.22222222222222,6.62,NA,6.625,7.16,9,5,0,4,10,2894,1618,1276,416,826,2068,7.02553573946095,7.40744375772559,6.54126679467084,6.62323317307692,7.009799031477,7.03182129110251,201
"201",2018,4,7.00588235294118,17,7.22857142857143,6.85,6.8,6.92857142857143,7.06,7,10,5,7,10,2911,1625,1286,421,833,2078,7.02542096530402,7.40667323076923,6.54366751944012,6.62533254156769,7.00911644657863,7.0319568960539,202
"202",2018,5,7.475,8,7.46,7.5,7.75,7.15,7.58333333333333,5,3,2,2,6,2919,1630,1289,423,835,2084,7.02665311065433,7.40683680981595,6.5458932738557,6.63065011820331,7.00945389221557,7.03354435220729,203
"203",2018,6,7.1,5,NA,7.1,8,NA,7.1,0,5,1,0,5,2924,1630,1294,424,835,2089,7.02677853283174,7.40683680981595,6.54803433539412,6.63387971698113,7.00945389221557,7.03370341311632,204
"204",2018,7,6.45714285714286,7,6.4,6.5,7,4,6.86666666666667,3,4,1,1,6,2931,1633,1298,425,836,2095,7.02541809280109,7.4049871402327,6.54788630970724,6.63474117647059,7.00585406698565,7.03322502625298,205
"205",2018,8,7.08333333333333,12,7.2,7,6.8,6,7.18181818181818,5,7,5,1,11,2943,1638,1305,430,837,2106,7.02565424057085,7.40436141636142,6.55031144061302,6.63666279069767,7.00465232974911,7.03400115384615,206
"206",2018,9,6.95384615384615,13,7.2,6.66666666666667,6.33333333333333,7,6.95,7,6,3,1,12,2956,1645,1311,433,838,2118,7.02533844046008,7.40349179331307,6.55084395881007,6.63456120092379,7.00464677804296,7.0335252266289,207
"207",2018,10,6.68333333333333,12,7.15,5.75,NA,6.96666666666667,6.58888888888889,8,4,0,3,9,2968,1653,1315,433,841,2127,7.02395567048518,7.40226497277677,6.54840793155893,6.63456120092379,7.0045112960761,7.03164383168782,208
"208",2018,11,6.99076923076923,13,6.59777777777778,7.875,7.5,7.66666666666667,6.788,9,4,2,3,10,2981,1662,1319,435,844,2137,7.02381094599128,7.39790854392299,6.55243095526914,6.63854022988506,7.00686492890995,7.03050371080954,209
"209",2018,12,7.02266666666667,15,7.11555555555556,6.88333333333333,6,7.04,7.02142857142857,9,6,1,1,14,2996,1671,1325,436,845,2151,7.02380521695594,7.39638779174147,6.55392938113207,6.63707568807339,7.00690414201183,7.03044464435146,210
"210",2019,1,6.91052631578947,19,7.03,6.77777777777778,6.3,6.125,7.12,10,9,5,4,15,3015,1681,1334,441,849,2166,7.02309135323383,7.39420820939917,6.55543960269865,6.63325396825397,7.00274911660777,7.03106483379501,211
"211",2019,2,7.07692307692308,13,7,7.14285714285714,6.5,8,7,6,7,2,1,12,3028,1687,1341,443,850,2178,7.0233224669749,7.39280616478957,6.55850591349739,6.63265237020316,7.00392235294118,7.03089367768595,212
"212",2019,3,6.71,10,7.44285714285714,5,NA,6.9,6.58333333333333,7,3,0,4,6,3038,1694,1344,443,854,2184,7.02229112244898,7.39301298701299,6.55502710565476,6.63265237020316,7.0034355971897,7.02966411630036,213
"213",2019,4,7.05,10,7.41666666666667,6.5,6,5.5,7.4375,6,4,1,2,8,3048,1700,1348,444,856,2192,7.0223820308399,7.39309647058824,6.55486382047477,6.63122747747748,6.99992289719626,7.03115256843066,214
"214",2019,5,6.8,5,6.75,7,NA,7.5,6.33333333333333,4,1,0,2,3,3053,1704,1349,444,858,2195,7.02201782836554,7.39158685446009,6.555193795404,6.63122747747748,7.00108857808858,7.03019882915717,215
"215",2019,6,7,4,8,6.66666666666667,NA,6,7.33333333333333,1,3,0,1,3,3057,1705,1352,444,859,2198,7.02198901864573,7.39194369501466,6.5554411464497,6.63122747747748,6.99992316647264,7.03061257051865,216
"216",2019,7,7.125,12,7.625,6.125,5.66666666666667,9,6.95454545454545,8,4,3,1,11,3069,1713,1356,447,860,2209,7.02239179863148,7.39303210741389,6.55417140855457,6.62475391498881,7.0022488372093,7.03023378451788,217
"217",2019,8,7.51,12,8.02,7,7,8,7.412,6,6,2,2,10,3081,1719,1362,449,862,2219,7.02429095423564,7.39522047702153,6.55613541116006,6.62642538975501,7.00456380510441,7.03195422712934,218
"218",2019,9,6.91333333333333,15,6.75,7.02222222222222,5.75,7.33333333333333,6.80833333333333,6,9,2,3,12,3096,1725,1371,451,865,2231,7.02375336886305,7.39297623188406,6.55919506199854,6.62253880266075,7.00570404624278,7.03075142536979,219
"219",2019,10,7.21428571428571,7,8,6.625,6.75,7,7.25,3,4,2,1,6,3103,1728,1375,453,866,2237,7.02418318723816,7.39403009259259,6.55938649454545,6.62310154525386,7.0056974595843,7.03133948591864,220
"220",2019,11,6.54,15,6.71666666666667,6.42222222222222,6.5,5.76,6.93,6,9,4,5,10,3118,1734,1384,457,871,2247,7.0218538903143,7.3916862745098,6.55849453034682,6.62202407002188,6.99854649827784,7.03088848687138,221
"221",2019,12,7.053,10,7.4775,6.77,5.66666666666667,6,7.17,4,6,3,1,9,3128,1738,1390,460,872,2256,7.02195346227621,7.3918837744534,6.55940750359712,6.61579347826087,6.99740137614679,7.03144345301418,222
"222",2020,1,6.41666666666667,12,6.2,6.57142857142857,6.6,6.66666666666667,6.33333333333333,5,7,5,3,9,3140,1743,1397,465,875,2265,7.01964026433121,7.38846471600688,6.55946773801002,6.61562365591398,6.99626742857143,7.02866950551876,223
"223",2020,2,7.7,10,7.92857142857143,7.16666666666667,7,8.25,7.5625,7,3,2,2,8,3150,1750,1400,467,877,2273,7.02180013650794,7.39062514285714,6.56076887857143,6.61726980728051,6.99912656784493,7.03054836339639,224
"224",2020,3,6.7625,8,6.6,7.03333333333333,8.1,9.03333333333333,5.4,5,3,1,3,5,3158,1755,1403,468,880,2278,7.02114326472451,7.38837264957265,6.56177935138988,6.62043803418803,7.00606136363637,7.02696946005268,225
"225",2020,4,6.61111111111111,9,7.375,6,6.5,7.5,6.35714285714286,4,5,2,2,7,3167,1759,1408,470,882,2285,7.01997803283865,7.38834223990904,6.55978439630682,6.61992553191489,7.00718140589569,7.02491747483589,226
"226",2020,5,7.33333333333333,6,7.6,6,NA,6.5,7.75,5,1,0,2,4,3173,1764,1409,470,884,2289,7.02057057358966,7.38894217687075,6.55938710432931,6.61992553191489,7.00603393665159,7.02618454783748,227
"227",2020,6,7.35714285714286,7,7.8,6.25,6.5,5.5,7.66666666666667,5,2,1,1,6,3180,1769,1411,471,885,2295,7.02131145597484,7.39010401356699,6.55894856839121,6.61967091295117,7.00433220338983,7.02785901089325,228
"228",2020,7,6.38888888888889,9,7.5,5,4.66666666666667,8,6.1875,5,4,3,1,8,3189,1774,1415,474,886,2303,7.01952663217309,7.39041375422773,6.55454164664311,6.60731012658228,7.00545598194131,7.02493983065567,229
"229",2020,8,6.5,4,7,6,6,6,6.66666666666667,2,2,2,1,3,3193,1776,1417,476,887,2306,7.01887580018791,7.3899740990991,6.55375894848271,6.60475840336134,7.00432243517475,7.02447373373807,230
"230",2020,9,6.40833333333333,6,7.3625,4.5,4.5,6.5,6.3625,4,2,2,2,4,3199,1780,1419,478,889,2310,7.017730675211,7.38991235955056,6.55086429175476,6.59595188284519,7.00318785151856,7.02332745887446,231
"231",2020,10,6.87272727272727,11,7.32,6.5,4,NA,6.87272727272727,5,6,1,0,11,3210,1785,1425,479,889,2321,7.0172337788162,7.38971652661065,6.55065012631579,6.59053235908142,7.00318785151856,7.02261371391642,232
"232",2020,11,6.90909090909091,11,6.91666666666667,6.9,NA,NA,6.90909090909091,6,5,0,0,11,3221,1791,1430,479,889,2332,7.01686446134741,7.38813176996092,6.55187162937063,6.59053235908142,7.00318785151856,7.02207822898799,233
"233",2020,12,7.23642857142857,14,7.92333333333333,6,7,8.5,7.02583333333333,9,5,1,2,12,3235,1800,1435,480,891,2344,7.01781466151468,7.39080777777778,6.54994873170732,6.59138541666667,7.00654769921437,7.02209745307167,234
"234",2021,1,6.92857142857143,14,6.7,7.5,7,7,6.92307692307692,10,4,1,1,13,3249,1810,1439,481,892,2357,7.01743011080332,7.386991160221,6.55258959694232,6.59223492723493,7.0065403587444,7.02155130674586,235
"235",2021,2,6.83333333333333,15,7.11111111111111,6.41666666666667,7,6.75,6.86363636363636,9,6,1,4,11,3264,1819,1445,482,896,2368,7.01658407781863,7.3856261682243,6.55202521107266,6.59308091286307,7.00539508928572,7.02081774915541,236
"236",2021,3,6.9,8,7,6.8,4,7.85,6.58333333333333,4,4,1,2,6,3272,1823,1449,483,898,2374,7.01629903117359,7.38478003291278,6.55270975155279,6.58771221532091,7.00727616926503,7.01971205981466,237
"237",2021,4,6.35714285714286,7,6.4,6.25,8,NA,6.35714285714286,5,2,1,0,7,3279,1828,1451,484,898,2381,7.01489186642269,7.38208643326039,6.55229250861475,6.59063016528926,7.00727616926503,7.01776414531709,238
"238",2021,5,7.25,8,7.5,7,7,NA,7.25,4,4,3,0,8,3287,1832,1455,487,898,2389,7.01546407970794,7.38234388646288,6.55352331958763,6.59315195071868,7.00727616926503,7.01854182921725,239
"239",2021,6,7,4,7.5,6.5,6,7,7,2,2,1,1,3,3291,1834,1457,488,899,2392,7.01544528410817,7.38247219193021,6.5534498490048,6.59193647540983,7.0072680756396,7.01851857441472,240
"240",2021,7,6.125,8,7.16666666666667,5.5,NA,5,6.5,3,5,0,2,6,3299,1837,1462,488,901,2398,7.01328597453774,7.38211976047904,6.54984707934336,6.59193647540983,7.00281243063263,7.01722119683069,241
"241",2021,8,7.35,8,7.86,6.5,7.5,7.4,7.33333333333333,5,3,1,2,6,3307,1842,1465,489,903,2404,7.01410052313275,7.38341693811075,6.54974500341297,6.59379345603272,7.00369213732005,7.01801016222962,242
"242",2021,9,6.68181818181818,11,6.2,7.08333333333333,6.5,6,6.9375,5,6,2,3,8,3318,1847,1471,491,906,2412,7.01299892405063,7.38021331889551,6.55192143439837,6.59341140529531,7.00036865342163,7.01774313018242,243
"243",2021,10,6.51111111111111,9,7.525,5.7,5.83333333333333,6.75,6.44285714285714,4,5,3,2,7,3327,1851,1476,494,908,2419,7.01164124737,7.38052620205294,6.54903552168022,6.5887955465587,6.99981718061674,7.01607954940058,244
"244",2021,11,6.92857142857143,7,7.5,6.7,6,NA,6.92857142857143,2,5,1,0,7,3334,1853,1481,495,908,2426,7.01146683563287,7.38065515380464,6.54954519243754,6.58760606060606,6.99981718061674,7.01582705276175,245
"245",2021,12,6.8125,8,7.375,6.25,5,5.66666666666667,7.5,4,4,2,3,5,3342,1857,1485,497,911,2431,7.01099055356074,7.38064297253635,6.54873833670034,6.58121730382294,6.99542700329309,7.016822883587,246
"246",2022,1,7.45833333333333,12,7.48888888888889,7.36666666666667,8.1,8.4,7.37272727272727,9,3,1,1,11,3354,1866,1488,498,912,2442,7.01259106440071,7.38116505894962,6.55038738575269,6.58426706827309,6.99696710526316,7.01842605651106,247
"247",2022,2,7.15,8,7.925,6.375,NA,7.66666666666667,6.84,4,4,0,3,5,3362,1870,1492,498,915,2447,7.01291803390839,7.38232834224599,6.54991717828418,6.58426706827309,6.99916284153006,7.01806147527585,248
"248",2022,3,6.665,4,6,6.88666666666667,NA,7.83,5.5,1,3,0,2,2,3366,1871,1495,498,917,2449,7.01250458407605,7.38158952431855,6.55059292976589,6.58426706827309,7.00097491821156,7.01682173540221,249
"249",2022,4,7.66666666666667,3,7,9,9,9,7,2,1,1,1,2,3369,1873,1496,499,918,2451,7.01308709706144,7.38118206086492,6.55223023395722,6.58910821643286,7.00315250544662,7.01680800897593,250
"250",2022,5,7.3375,8,7.55,7.125,NA,7.35,7.33333333333333,4,4,0,2,6,3377,1877,1500,499,920,2457,7.01385562037311,7.38154182205647,6.55375762,6.58910821643286,7.00390652173913,7.01758096459096,251
"251",2022,6,6.636,5,6.5,6.72666666666667,NA,NA,6.636,2,3,0,0,5,3382,1879,1503,499,920,2462,7.01329699290361,7.38060351250665,6.55410274783766,6.58910821643286,7.00390652173913,7.01680602355808,252
"252",2022,7,6.5375,8,6.8,5.75,7.5,NA,6.5375,6,2,1,0,8,3390,1885,1505,500,920,2470,7.01217416814159,7.37875543766578,6.55303417275747,6.59093,7.00390652173913,7.01525361538461,253
"253",2022,8,6.375,8,8,5.4,NA,6,6.42857142857143,3,5,0,1,7,3398,1888,1510,500,921,2477,7.01067405238375,7.37974258474576,6.54921617880795,6.59093,7.00281650380022,7.01359565199838,254
