"","year","month","avg_rating","no_ratings","avg_rating_owned","avg_rating_not_owned","avg_rating_prev_owned","avg_rating_comment","avg_rating_no_comment","no_ratings_owned","no_ratings_not_owned","no_ratings_prev_owned","no_ratings_comment","no_ratings_no_comment","cum_no_ratings","cum_no_ratings_owned","cum_no_ratings_not_owned","cum_no_ratings_prev_owned","cum_no_ratings_comment","cum_no_ratings_no_comment","cum_avg_rating","cum_avg_rating_owned","cum_avg_rating_not_owned","cum_avg_rating_prev_owned","cum_avg_rating_comment","cum_avg_rating_no_comment","month_after_release"
"1",2001,6,6,1,6,NA,NA,NA,6,1,0,0,0,1,1,1,0,0,0,1,6,6,NA,NA,NA,6,0
"2",2001,10,10,1,10,NA,NA,NA,10,1,0,0,0,1,2,2,0,0,0,2,8,8,NA,NA,NA,8,4
"3",2001,11,7,3,7,NA,NA,8,6.5,3,0,0,1,2,5,5,0,0,1,4,7.4,7.4,NA,NA,8,7.25,5
"4",2002,3,7.5,3,7.5,NA,NA,NA,7.5,3,0,0,0,3,8,8,0,0,1,7,7.4375,7.4375,NA,NA,8,7.35714285714286,9
"5",2002,5,9,1,9,NA,NA,NA,9,1,0,0,0,1,9,9,0,0,1,8,7.61111111111111,7.61111111111111,NA,NA,8,7.5625,11
"6",2002,6,6.33333333333333,3,6.33333333333333,NA,NA,7,6,3,0,0,1,2,12,12,0,0,2,10,7.29166666666667,7.29166666666667,NA,NA,7.5,7.25,12
"7",2002,7,7,1,7,NA,NA,NA,7,1,0,0,0,1,13,13,0,0,2,11,7.26923076923077,7.26923076923077,NA,NA,7.5,7.22727272727273,13
"8",2002,9,8,1,8,NA,NA,NA,8,1,0,0,0,1,14,14,0,0,2,12,7.32142857142857,7.32142857142857,NA,NA,7.5,7.29166666666667,15
"9",2002,10,7.33333333333333,3,7.33333333333333,NA,NA,8,7,3,0,0,1,2,17,17,0,0,3,14,7.32352941176471,7.32352941176471,NA,NA,7.66666666666667,7.25,16
"10",2002,11,6.6,5,6.33333333333333,7,7,6.66666666666667,6.5,3,2,1,3,2,22,20,2,1,6,16,7.15909090909091,7.175,7,7,7.16666666666667,7.15625,17
"11",2003,1,6.8,5,6.75,7,NA,7,6.75,4,1,0,1,4,27,24,3,1,7,20,7.09259259259259,7.10416666666667,7,7,7.14285714285714,7.075,19
"12",2003,2,6.5,2,6.5,NA,NA,NA,6.5,2,0,0,0,2,29,26,3,1,7,22,7.05172413793103,7.05769230769231,7,7,7.14285714285714,7.02272727272727,20
"13",2003,3,7,3,7,NA,NA,7,7,3,0,0,1,2,32,29,3,1,8,24,7.046875,7.05172413793103,7,7,7.125,7.02083333333333,21
"14",2003,4,7.5,4,8,6,6,9,7,3,1,1,1,3,36,32,4,2,9,27,7.09722222222222,7.140625,6.75,6.5,7.33333333333333,7.01851851851852,22
"15",2003,5,7.66666666666667,3,7.5,8,NA,8,7.5,2,1,0,1,2,39,34,5,2,10,29,7.14102564102564,7.16176470588235,7,6.5,7.4,7.05172413793103,23
"16",2003,6,7.71428571428571,7,7.83333333333333,7,NA,9,7.5,6,1,0,1,6,46,40,6,2,11,35,7.22826086956522,7.2625,7,6.5,7.54545454545455,7.12857142857143,24
"17",2003,7,7.2,15,7.36363636363636,6.75,7,7.6,7,11,4,1,5,10,61,51,10,3,16,45,7.22131147540984,7.2843137254902,6.9,6.66666666666667,7.5625,7.1,25
"18",2003,8,7.11111111111111,9,8.5,6,8,6.5,7.28571428571429,4,5,1,2,7,70,55,15,4,18,52,7.20714285714286,7.37272727272727,6.6,7,7.44444444444444,7.125,26
"19",2003,9,7.9,5,8,7.5,NA,9.5,7.5,4,1,0,1,4,75,59,16,4,19,56,7.25333333333333,7.41525423728814,6.65625,7,7.55263157894737,7.15178571428571,27
"20",2003,10,7.66666666666667,3,7.66666666666667,NA,NA,NA,7.66666666666667,3,0,0,0,3,78,62,16,4,19,59,7.26923076923077,7.42741935483871,6.65625,7,7.55263157894737,7.17796610169492,28
"21",2003,11,6.75,6,6.9,6,6,6.5,6.875,5,1,1,2,4,84,67,17,5,21,63,7.23214285714286,7.38805970149254,6.61764705882353,6.8,7.45238095238095,7.15873015873016,29
"22",2003,12,7,6,7.4,5,NA,7.5,6.75,5,1,0,2,4,90,72,18,5,23,67,7.21666666666667,7.38888888888889,6.52777777777778,6.8,7.45652173913043,7.13432835820895,30
"23",2004,1,8,2,9,7,NA,NA,8,1,1,0,0,2,92,73,19,5,23,69,7.23369565217391,7.41095890410959,6.55263157894737,6.8,7.45652173913043,7.15942028985507,31
"24",2004,2,6.75,4,6.75,NA,NA,NA,6.75,4,0,0,0,4,96,77,19,5,23,73,7.21354166666667,7.37662337662338,6.55263157894737,6.8,7.45652173913043,7.13698630136986,32
"25",2004,3,7.55,10,7.55,NA,NA,8,7.4375,10,0,0,2,8,106,87,19,5,25,81,7.24528301886792,7.39655172413793,6.55263157894737,6.8,7.5,7.16666666666667,33
"26",2004,4,6.95,10,7,6.83333333333333,NA,6.3,7.6,7,3,0,5,5,116,94,22,5,30,86,7.2198275862069,7.36702127659574,6.59090909090909,6.8,7.3,7.19186046511628,34
"27",2004,5,7.0625,8,7.25,6.5,NA,6.875,7.25,6,2,0,4,4,124,100,24,5,34,90,7.20967741935484,7.36,6.58333333333333,6.8,7.25,7.19444444444444,35
"28",2004,6,7,11,7.35714285714286,6.375,NA,7.5,6.71428571428571,7,4,0,4,7,135,107,28,5,38,97,7.19259259259259,7.35981308411215,6.55357142857143,6.8,7.27631578947368,7.15979381443299,36
"29",2004,7,7.625,12,7.625,NA,NA,7.58333333333333,7.66666666666667,12,0,0,6,6,147,119,28,5,44,103,7.22789115646258,7.38655462184874,6.55357142857143,6.8,7.31818181818182,7.18932038834951,37
"30",2004,8,7.5,9,7.57142857142857,7.25,NA,8.5,7,7,2,0,3,6,156,126,30,5,47,109,7.24358974358974,7.3968253968254,6.6,6.8,7.3936170212766,7.17889908256881,38
"31",2004,9,6.69230769230769,13,7.33333333333333,5.25,NA,7.41666666666667,6.07142857142857,9,4,0,6,7,169,135,34,5,53,116,7.20118343195266,7.39259259259259,6.44117647058824,6.8,7.39622641509434,7.11206896551724,39
"32",2004,10,7,9,7.16666666666667,6.66666666666667,7,7.2,6.75,6,3,1,5,4,178,141,37,6,58,120,7.19101123595506,7.38297872340426,6.45945945945946,6.83333333333333,7.37931034482759,7.1,40
"33",2004,11,7.41666666666667,6,7.41666666666667,NA,NA,8.5,7.2,6,0,0,1,5,184,147,37,6,59,125,7.19836956521739,7.3843537414966,6.45945945945946,6.83333333333333,7.39830508474576,7.104,41
"34",2004,12,6.63636363636364,11,6.77777777777778,6,NA,6,6.77777777777778,9,2,0,2,9,195,156,39,6,61,134,7.16666666666667,7.34935897435897,6.43589743589744,6.83333333333333,7.35245901639344,7.08208955223881,42
"35",2005,1,7.46428571428571,14,7.375,8,7,6.5,7.625,12,2,1,2,12,209,168,41,7,63,146,7.1866028708134,7.35119047619048,6.51219512195122,6.85714285714286,7.32539682539683,7.12671232876712,43
"36",2005,2,7.16923076923077,13,7.37,6.5,NA,7.53333333333333,6.85714285714286,10,3,0,6,7,222,178,44,7,69,153,7.18558558558559,7.35224719101124,6.51136363636364,6.85714285714286,7.34347826086957,7.11437908496732,44
"37",2005,3,7.16666666666667,6,7.33333333333333,7,7,7,7.5,3,3,1,4,2,228,181,47,8,73,155,7.18508771929825,7.35193370165746,6.54255319148936,6.875,7.32465753424658,7.11935483870968,45
"38",2005,4,6.95833333333333,12,7.5,6.2,8,7,6.95,7,5,1,2,10,240,188,52,9,75,165,7.17375,7.35744680851064,6.50961538461539,7,7.316,7.10909090909091,46
"39",2005,5,7.98,10,7.76,8.2,8,7.5,8.3,5,5,1,4,6,250,193,57,10,79,171,7.206,7.36787564766839,6.65789473684211,7.1,7.3253164556962,7.15087719298246,47
"40",2005,6,7.6,5,7.5,8,NA,7,7.75,4,1,0,1,4,255,197,58,10,80,175,7.21372549019608,7.37055837563452,6.68103448275862,7.1,7.32125,7.16457142857143,48
"41",2005,7,7.18181818181818,11,7.16666666666667,7.2,NA,7.2,7.16666666666667,6,5,0,5,6,266,203,63,10,85,181,7.21240601503759,7.36453201970443,6.72222222222222,7.1,7.31411764705882,7.1646408839779,49
"42",2005,8,6.58823529411765,17,6.9,6.14285714285714,6.33333333333333,7,6.3,10,7,3,7,10,283,213,70,13,92,191,7.17491166077739,7.34272300469484,6.66428571428571,6.92307692307692,7.29021739130435,7.11937172774869,50
"43",2005,9,7.1,10,6.91666666666667,7.375,8,6.75,7.1875,6,4,1,2,8,293,219,74,14,94,199,7.17235494880546,7.3310502283105,6.7027027027027,7,7.27872340425532,7.12211055276382,51
"44",2005,10,7.1,10,7.14285714285714,7,8,7.25,6.5,7,3,2,8,2,303,226,77,16,102,201,7.16996699669967,7.32522123893805,6.71428571428571,7.125,7.27647058823529,7.11592039800995,52
"45",2005,11,7.44444444444444,18,7.68181818181818,7.07142857142857,7.5,7.875,7.1,11,7,2,8,10,321,237,84,18,110,211,7.18535825545171,7.34177215189873,6.74404761904762,7.16666666666667,7.32,7.11516587677725,53
"46",2005,12,7.17857142857143,14,7.31818181818182,6.66666666666667,5,6.91666666666667,7.375,11,3,1,6,8,335,248,87,19,116,219,7.18507462686567,7.34072580645161,6.74137931034483,7.05263157894737,7.29913793103448,7.12465753424657,54
"47",2006,1,7.54666666666667,15,7.66923076923077,6.75,8,6.96666666666667,7.93333333333333,13,2,1,6,9,350,261,89,20,122,228,7.20057142857143,7.35708812260536,6.74157303370786,7.1,7.2827868852459,7.15657894736842,55
"48",2006,2,7.33333333333333,6,8,6.66666666666667,6,7.66666666666667,7,3,3,1,3,3,356,264,92,21,125,231,7.20280898876404,7.36439393939394,6.73913043478261,7.04761904761905,7.292,7.15454545454545,56
"49",2006,3,7.4,12,7.52727272727273,6,NA,7.7875,6.625,11,1,0,8,4,368,275,93,21,133,235,7.20923913043478,7.37090909090909,6.73118279569892,7.04761904761905,7.3218045112782,7.14553191489362,57
"50",2006,4,7.07,10,7.45,6.5,6,7.5,6.425,6,4,1,6,4,378,281,97,22,139,239,7.20555555555555,7.37259786476868,6.72164948453608,7,7.3294964028777,7.13347280334728,58
"51",2006,5,7.67857142857143,7,7.67857142857143,NA,NA,NA,7.67857142857143,7,0,0,0,7,385,288,97,22,139,246,7.21415584415584,7.38003472222222,6.72164948453608,7,7.3294964028777,7.1489837398374,59
"52",2006,6,7.2,5,7.2,NA,NA,NA,7.2,5,0,0,0,5,390,293,97,22,139,251,7.21397435897436,7.37696245733788,6.72164948453608,7,7.3294964028777,7.15,60
"53",2006,7,7.14705882352941,17,7.34285714285714,6.23333333333333,NA,8.125,6.84615384615385,14,3,0,4,13,407,307,100,22,143,264,7.21117936117936,7.37540716612378,6.707,7,7.35174825174825,7.13503787878788,61
"54",2006,8,7.35714285714286,14,7.27777777777778,7.5,8.5,8.16666666666667,7.13636363636364,9,5,1,3,11,421,316,105,23,146,275,7.21603325415677,7.37262658227848,6.7447619047619,7.06521739130435,7.36849315068493,7.13509090909091,62
"55",2006,9,7.54166666666667,12,7.45454545454545,8.5,NA,7.5,7.55555555555556,11,1,0,3,9,433,327,106,23,149,284,7.22505773672055,7.37538226299694,6.76132075471698,7.06521739130435,7.37114093959732,7.14841549295775,63
"56",2006,10,6.5,11,8.3,5,6.5,5.66666666666667,6.8125,5,6,2,3,8,444,332,112,25,152,292,7.20709459459459,7.38930722891566,6.66696428571429,7.02,7.3375,7.13921232876712,64
"57",2006,11,7.53333333333333,15,7.64285714285714,6,NA,7.4,7.6,14,1,0,5,10,459,346,113,25,157,302,7.2177559912854,7.39956647398844,6.66106194690266,7.02,7.33949044585987,7.1544701986755,65
"58",2006,12,7.01785714285714,28,7.01190476190476,7.03571428571429,7.625,7.96875,6.6375,21,7,2,8,20,487,367,120,27,165,322,7.20626283367556,7.37738419618529,6.68291666666667,7.06481481481481,7.37,7.12236024844721,66
"59",2007,1,7.18421052631579,19,7.79166666666667,6.14285714285714,NA,6.58333333333333,7.46153846153846,12,7,0,6,13,506,379,127,27,171,335,7.2054347826087,7.39050131926121,6.65314960629921,7.06481481481481,7.34239766081871,7.1355223880597,67
"60",2007,2,7.020995,14,7.5,6.38232166666667,NA,7.6,6.69932555555556,8,6,0,5,9,520,387,133,27,176,344,7.20046909615385,7.39276485788114,6.64093180451128,7.06481481481481,7.34971590909091,7.12411026162791,68
"61",2007,3,7.02631578947368,19,7.15625,6.33333333333333,6.5,6.94444444444444,7.1,16,3,2,9,10,539,403,136,29,185,354,7.19433011131725,7.3833746898263,6.63414654411765,7.02586206896552,7.33,7.12342918079096,69
"62",2007,4,7.70555555555556,18,7.74705882352941,7,NA,8.02857142857143,7.5,17,1,0,7,11,557,420,137,29,192,365,7.21085086175942,7.39809523809524,6.63681700729927,7.02586206896552,7.35546875,7.13477789041096,70
"63",2007,5,7.15217391304348,23,7.55333333333333,6.4,7.1,7.2,7.13888888888889,15,8,2,5,18,580,435,145,31,197,383,7.20852401724138,7.40344827586207,6.62375124137931,7.03064516129032,7.35152284263959,7.13497109660574,71
"64",2007,6,7.2,15,7.42857142857143,4,NA,7.25,7.18181818181818,14,1,0,4,11,595,449,146,31,201,394,7.20830912605042,7.40423162583519,6.60578034246575,7.03064516129032,7.34950248756219,7.13627901015228,72
"65",2007,7,7.5,23,7.53571428571429,7.44444444444444,6.5,6.66666666666667,7.625,14,9,2,3,20,618,463,155,33,204,414,7.21916493527508,7.40820734341253,6.65447696774194,6.99848484848485,7.33946078431373,7.15988871980676,73
"66",2007,8,7.75833333333333,24,8.03888888888889,6.91666666666667,7,8.07,7.53571428571429,18,6,1,10,14,642,481,161,34,214,428,7.23932076323987,7.43180873180873,6.66424801242236,6.99852941176471,7.37359813084112,7.17218207943925,74
"67",2007,9,6.87857142857143,14,6.92222222222222,6.8,5.5,NA,6.87857142857143,9,5,2,0,14,656,490,166,36,214,442,7.23162184451219,7.42244897959184,6.66833692771084,6.91527777777778,7.37359813084112,7.16288219457014,75
"68",2007,10,7.35913043478261,23,7.57142857142857,7.02888888888889,7,7.0325,7.53333333333333,14,9,2,8,15,679,504,175,38,222,457,7.23594098674521,7.4265873015873,6.6868796,6.91973684210526,7.36130630630631,7.17504142231947,76
"69",2007,11,6.42,25,7.31818181818182,5.71428571428571,7.66666666666667,7.5,6.21428571428571,11,14,3,4,21,704,515,189,41,226,478,7.20696580965909,7.42427184466019,6.61483560846561,6.97439024390244,7.3637610619469,7.13283248953975,77
"70",2007,12,6.88888888888889,18,7.4,6.69230769230769,6.5,6.6,7,5,13,3,5,13,722,520,202,44,231,491,7.19903591412742,7.42403846153846,6.61982143564356,6.94204545454545,7.34722943722944,7.12931553971487,78
"71",2008,1,7.23928571428571,28,7.34090909090909,6.86666666666667,NA,7.45454545454545,7.1,22,6,0,11,17,750,542,208,44,242,508,7.20053857333333,7.42066420664207,6.62694197115385,6.94204545454545,7.35210743801653,7.12833450787402,79
"72",2008,2,7.19047619047619,21,7.17857142857143,7.21428571428571,7,7.11111111111111,7.25,14,7,2,9,12,771,556,215,46,251,520,7.20026450064851,7.41456834532374,6.64606479069768,6.9445652173913,7.34346613545817,7.13114217307692,80
"73",2008,3,6.41428571428571,14,6.78,5.5,6.5,7,6.25454545454545,10,4,2,3,11,785,566,219,48,254,531,7.18624704458599,7.40335689045936,6.62513210045662,6.92604166666667,7.3394094488189,7.11298291902072,81
"74",2008,4,7.0125,20,7.109375,6.625,6.25,6.21428571428571,7.44230769230769,16,4,2,7,13,805,582,223,50,261,544,7.18193034782609,7.39527491408935,6.6251297309417,6.899,7.3092337164751,7.1208528125,82
"75",2008,5,6.9,18,7.68333333333333,5.33333333333333,6,6.71428571428571,7.01818181818182,12,6,2,7,11,823,594,229,52,268,555,7.17576419198056,7.40109427609428,6.5912835371179,6.86442307692308,7.29369402985075,7.11881789189189,83
"76",2008,6,7.37333333333333,15,7.8875,6.78571428571429,6.75,6.8,7.66,8,7,2,5,10,838,602,236,54,273,565,7.17930063245823,7.40755813953488,6.59705055084746,6.86018518518518,7.28465201465202,7.12839633628319,84
"77",2008,7,7.08857142857143,35,7.23461538461538,6.66666666666667,6.2,7.12857142857143,7.06190476190476,26,9,5,14,21,873,628,245,59,287,586,7.17566315005727,7.40039808917198,6.59960787755102,6.80423728813559,7.27703832752613,7.12601353242321,85
"78",2008,8,6.77391304347826,23,7.40769230769231,5.95,5.625,5.75,7.32,13,10,4,8,15,896,641,255,63,295,601,7.16535036830357,7.40054602184088,6.57413305882353,6.72936507936508,7.23562711864407,7.13085512479201,86
"79",2008,9,7.3,10,7.3,7.3,6.75,8.5,7,5,5,2,2,8,906,646,260,65,297,609,7.16683656732892,7.39976780185759,6.58809203846154,6.73,7.24414141414141,7.12913617405583,87
"80",2008,10,7.1875,16,7.45454545454545,6.6,7.33333333333333,8.125,6.875,11,5,3,4,12,922,657,265,68,301,621,7.16719515184382,7.40068493150685,6.58831671698113,6.75661764705882,7.25584717607973,7.12422533011272,88
"81",2008,11,6.95,24,7.33076923076923,6.5,6.125,6.88333333333333,6.97222222222222,13,11,4,6,18,946,670,276,72,307,639,7.1616849154334,7.39932835820896,6.58479684782609,6.72152777777778,7.2485667752443,7.11994355242567,89
"82",2008,12,7.37272727272727,11,7.31,8,NA,7.525,7.28571428571429,10,1,0,4,7,957,680,277,72,311,646,7.16411068965517,7.39801470588236,6.58990588447653,6.72152777777778,7.25212218649518,7.12173982972136,90
"83",2009,1,7.24,20,7.46,6.58,NA,7.25,7.23888888888889,15,5,0,2,18,977,695,282,72,313,664,7.16566420675538,7.39935251798561,6.58973024822695,6.72152777777778,7.25210862619808,7.12491555722892,91
"84",2009,2,7.10909090909091,44,7.36206896551724,6.62,6.2,6.54285714285714,7.21621621621622,29,15,4,7,37,1021,724,297,76,320,701,7.16322618021548,7.3978591160221,6.59125902356902,6.69407894736842,7.23659375,7.12973456490728,92
"85",2009,3,7.07105263157895,38,7.36,6.51538461538462,6,7.19230769230769,7.008,25,13,5,13,25,1059,749,310,81,333,726,7.15991872521247,7.39659546061415,6.58807719354839,6.65123456790123,7.23486486486487,7.12554260330579,93
"86",2009,4,6.66206896551724,58,7.2,6.25454545454545,6.175,7.27777777777778,6.54897959183673,25,33,8,9,49,1117,774,343,89,342,775,7.13406797672337,7.39024547803618,6.55598813411079,6.60842696629213,7.23599415204678,7.08908894193548,94
"87",2009,5,6.65,26,7.1,6.2,7,7.45,6.50454545454545,13,13,1,4,22,1143,787,356,90,346,797,7.12305680664917,7.38545108005083,6.54298856741573,6.61277777777778,7.23846820809249,7.0729534880803,95
"88",2009,6,7.13846153846154,26,7.35263157894737,6.55714285714286,6.38,6.75,7.20909090909091,19,7,5,4,22,1169,806,363,95,350,819,7.12339942686057,7.38467741935484,6.54326151515152,6.60052631578947,7.23288571428572,7.07661041514042,96
"89",2009,7,7.14423076923077,26,7.484375,6.6,7.4,8.1875,6.95454545454545,16,10,5,4,22,1195,822,373,100,354,841,7.12385266108787,7.38661800486618,6.5447826541555,6.6405,7.24367231638418,7.07341727705113,97
"90",2009,8,6.9112,25,7.21384615384615,6.58333333333333,7,6.75,6.94190476190476,13,12,5,4,21,1220,835,385,105,358,862,7.11949502459017,7.38392814371258,6.54598423376623,6.65761904761905,7.23815642458101,7.07021337587007,98
"91",2009,9,6.89047619047619,21,7.14166666666667,6.55555555555556,6,6.75,6.92352941176471,12,9,3,4,17,1241,847,394,108,362,879,7.11561960515713,7.3804958677686,6.5462028680203,6.63935185185185,7.23276243093923,7.06737648464164,99
"92",2009,10,7.47368421052632,19,7.625,7.21428571428571,6,7.3,7.53571428571429,12,7,2,5,14,1260,859,401,110,367,893,7.12101899206349,7.3839115250291,6.55786516209476,6.62772727272727,7.23367847411444,7.07471884658455,100
"93",2009,11,6.56451612903226,31,6.75,6.44736842105263,6.75,6.625,6.55555555555556,12,19,6,4,27,1291,871,420,116,371,920,7.10765602633618,7.37517795637199,6.5528665,6.63405172413793,7.22711590296496,7.0594825326087,101
"94",2009,12,6.784375,32,7.41666666666667,6.405,6.16666666666667,6.71428571428571,6.804,12,20,6,7,25,1323,883,440,122,378,945,7.09983668178383,7.37574178935447,6.54614529545455,6.61106557377049,7.21761904761905,7.05272373544974,102
"95",2010,1,6.44871794871795,39,7.02631578947368,5.9,5.4375,6.18181818181818,6.55357142857143,19,20,8,11,28,1362,902,460,130,389,973,7.08119231277533,7.36838137472284,6.51805202173913,6.53884615384615,7.18832904884319,7.03835964028777,103
"96",2010,2,7.15,22,7.37058823529412,6.4,6,7,7.20625,17,5,1,6,16,1384,919,465,131,395,989,7.0822860765896,7.36842219804135,6.51678264516129,6.53473282442748,7.18546835443038,7.04107576339737,104
"97",2010,3,6.85769230769231,26,7,6.66363636363636,7,7,6.79444444444444,15,11,1,8,18,1410,934,476,132,403,1007,7.07814463120567,7.36250535331906,6.52017632352941,6.53825757575758,7.18178660049628,7.0366672591857,105
"98",2010,4,7.1304347826087,23,7.36666666666667,6.6875,6.66666666666667,6.875,7.18421052631579,15,8,3,4,19,1433,949,484,135,407,1026,7.07898390090719,7.36257112750264,6.52294200413223,6.54111111111111,7.1787714987715,7.03939954191033,106
"99",2010,5,7.5,19,7.7,6.75,NA,7.72222222222222,7.3,15,4,0,9,10,1452,964,488,135,416,1036,7.08449306473829,7.36782157676349,6.5248031352459,6.54111111111111,7.19052884615385,7.04191499034749,107
"100",2010,6,7.175,20,7.23076923076923,7.07142857142857,5.5,8,7.08333333333333,13,7,2,2,18,1472,977,495,137,418,1054,7.08572277853261,7.36599795291709,6.53253319191919,6.52591240875912,7.1944019138756,7.04262232447818,108
"101",2010,7,6.94375,24,7.06,6.75,6.95,8,6.89782608695652,15,9,5,1,23,1496,992,504,142,419,1077,7.08344514037433,7.36137096774194,6.53641652777778,6.54084507042253,7.1963245823389,7.03953011142061,109
"102",2010,8,7.06315789473684,19,7.22,6.88888888888889,6.5,7.25,7.04117647058824,10,9,2,2,17,1515,1002,513,144,421,1094,7.08319071287129,7.35996007984032,6.54260025341131,6.54027777777778,7.19657957244656,7.03955569469835,110
"103",2010,9,6.35,15,7.28125,5.28571428571429,5,7,6.11363636363636,8,7,1,4,11,1530,1010,520,145,425,1105,7.07600256862745,7.35933663366337,6.52568063461538,6.52965517241379,7.19472941176471,7.03033839819005,111
"104",2010,10,6.98529411764706,17,7.20454545454545,6.58333333333333,5.5,6.45,7.20833333333333,11,6,2,5,12,1547,1021,526,147,430,1117,7.07500577246283,7.35766895200784,6.52633826996198,6.5156462585034,7.18606976744186,7.0322506087735,112
"105",2010,11,6.73478260869565,23,6.83333333333333,6.67142857142857,6.5,6.83333333333333,6.72,9,14,6,3,20,1570,1030,540,153,433,1137,7.07002161146497,7.35308737864078,6.53009987037037,6.51503267973856,7.18362586605081,7.02675807387863,113
"106",2010,12,6.87916666666667,24,7.24,6.27777777777778,6,7.6,6.63888888888889,15,9,3,6,18,1594,1045,549,156,439,1155,7.06714801129235,7.35146411483254,6.52596344262295,6.50512820512821,7.1893166287016,7.02071335930736,114
"107",2011,1,7,27,7.28571428571429,6.69230769230769,5.66666666666667,6,7.03846153846154,14,13,3,1,26,1621,1059,562,159,440,1181,7.0660295681678,7.35059490084986,6.5298112633452,6.48930817610063,7.18661363636364,7.02110408975445,115
"108",2011,2,6.43452380952381,21,6.8125,6.09090909090909,6.25,6.04166666666667,6.5,10,11,4,3,18,1642,1069,573,163,443,1199,7.05795306333739,7.34556127221703,6.52138556719023,6.48343558282209,7.17886004514673,7.01328100917431,116
"109",2011,3,6.60294117647059,17,7.3125,5.97222222222222,6,7.125,6.44230769230769,8,9,2,4,13,1659,1077,582,165,447,1212,7.05329049427366,7.3453156917363,6.51289335051546,6.47757575757576,7.17837807606264,7.00715670792079,117
"110",2011,4,6.375,8,7.25,6.08333333333333,5.75,6.5,6.35714285714286,2,6,2,1,7,1667,1079,588,167,448,1219,7.05003535092982,7.3451390176089,6.50851008503401,6.4688622754491,7.17686383928572,7.0034240607055,118
"111",2011,5,7.392,15,7.39818181818182,7.375,NA,6.25,7.56769230769231,11,4,0,2,13,1682,1090,592,167,450,1232,7.05308497621879,7.34567431192661,6.51436474662162,6.4688622754491,7.17274444444445,7.00937818993506,119
"112",2011,6,6.93333333333333,15,7.21428571428571,6.6875,6,7.25,6.81818181818182,7,8,2,4,11,1697,1097,600,169,454,1243,7.05202647613435,7.34483591613491,6.51667321666667,6.46331360946746,7.17342511013216,7.00768618664521,120
"113",2011,7,7.22222222222222,18,7.375,6.91666666666667,NA,7.4,7.15384615384615,12,6,0,5,13,1715,1109,606,169,459,1256,7.05381278717201,7.34516230838593,6.52063354785479,6.46331360946746,7.17589324618737,7.0091989888535,121
"114",2011,8,6.73333333333333,15,7.64285714285714,5.9375,5.83333333333333,7,6.71428571428571,7,8,3,1,14,1730,1116,614,172,460,1270,7.05103406358382,7.34702956989247,6.51303571661238,6.45232558139535,7.17551086956522,7.00594797637795,122
"115",2011,9,7.26666666666667,15,7.78,6.24,6.73333333333333,8,7.15384615384615,10,5,3,2,13,1745,1126,619,175,462,1283,7.05288763896848,7.35087477797513,6.51083025848142,6.45714285714286,7.17908008658009,7.00744655494934,123
"116",2011,10,7.15,20,7.5,6.1,5.33333333333333,7.375,7.09375,15,5,3,4,16,1765,1141,624,178,466,1299,7.05398806232295,7.35283523225241,6.50753834935897,6.43820224719101,7.18076180257511,7.00850956889915,124
"117",2011,11,6.8304125,24,7.6209,6.16153846153846,6.8,6.31666666666667,7.00166111111111,11,13,3,6,18,1789,1152,637,181,472,1317,7.050988725545,7.35539487847222,6.50047712715856,6.44419889502762,7.16977754237288,7.00841596810934,125
"118",2011,12,7.06,25,7.1875,6.83333333333333,5.75,6.9375,7.11764705882353,16,9,2,8,17,1814,1168,646,183,480,1334,7.05111291620728,7.35309494863014,6.50511444272446,6.43661202185792,7.16590625,7.00980796851574,126
"119",2012,1,7.10178571428571,28,7.59615384615385,6.67333333333333,6.5,7.25,7.09038461538462,13,15,2,2,26,1842,1181,661,185,482,1360,7.05188318675353,7.35577044877223,6.50893181543117,6.4372972972973,7.16625518672199,7.01134840441176,127
"120",2012,2,6.965,20,7.64444444444444,6.40909090909091,6.25,6.25,7.04444444444444,9,11,2,2,18,1862,1190,672,187,484,1378,7.05094996240601,7.35795369747899,6.50729751488095,6.43529411764706,7.16246900826446,7.01178071843251,128
"121",2012,3,6.98823529411765,17,6.91818181818182,7.11666666666667,8,NA,6.98823529411765,11,6,1,0,17,1879,1201,678,188,484,1395,7.05038255987227,7.35392581182348,6.51269016224189,6.4436170212766,7.16246900826446,7.01149378494624,129
"122",2012,4,6.45833333333333,12,7.57142857142857,4.9,6,6.5,6.4375,7,5,1,4,8,1891,1208,683,189,488,1403,7.0466255050238,7.35518617549669,6.50088423133236,6.44126984126984,7.15703893442623,7.0082208339273,130
"123",2012,5,7.54,10,7.56666666666667,7.5,NA,NA,7.54,6,4,0,0,10,1901,1214,687,189,488,1413,7.04922084692267,7.35623138385502,6.5067014992722,6.44126984126984,7.15703893442623,7.01198430997877,131
"124",2012,6,6.65384615384615,13,7.125,5.9,6.5,6,6.94444444444444,8,5,1,4,9,1914,1222,692,190,492,1422,7.04653543887147,7.35471759410802,6.50231781791908,6.44157894736842,7.14763211382114,7.01155684247539,132
"125",2012,7,6.89842105263158,19,6.88888888888889,6.907,7.33333333333333,6.9,6.89785714285714,9,10,3,5,14,1933,1231,702,193,497,1436,7.04507958096223,7.3513118602762,6.50808252136752,6.45544041450777,7.14514084507042,7.01044834958217,133
"126",2012,8,7.08461538461538,13,7.82,6.625,6,7.3,6.83333333333333,5,8,1,7,6,1946,1236,710,194,504,1442,7.04534369475848,7.35320784789644,6.50939990140845,6.45309278350515,7.14729166666667,7.00971139389736,134
"127",2012,9,6.925,20,7.5,6.0625,6.5,7.375,6.8125,12,8,2,4,16,1966,1248,718,196,508,1458,7.04411944557477,7.35461931089744,6.50442051532033,6.45357142857143,7.14908464566929,7.0075472085048,135
"128",2012,10,6.63636363636364,11,6.8,6.5,5,6,6.875,5,6,1,3,8,1977,1253,724,197,511,1466,7.04185069802731,7.3524061452514,6.50438388121547,6.44619289340102,7.1423385518591,7.00682389495225,136
"129",2012,11,7.02857142857143,14,7.26666666666667,6.6,9,NA,7.02857142857143,9,5,1,0,14,1991,1262,729,198,511,1480,7.04175732295329,7.35179469096672,6.50503968449931,6.45909090909091,7.1423385518591,7.00702961486486,137
"130",2012,12,6.95333333333333,15,7.36666666666667,6.33333333333333,5,8,6.69166666666667,9,6,2,3,12,2006,1271,735,200,514,1492,7.04109612662014,7.3519,6.503638,6.4445,7.14734435797665,7.00449318364611,138
"131",2013,1,6.572,25,7.07692307692308,6.025,6,7.2,6.415,13,12,1,5,20,2031,1284,747,201,519,1512,7.03532192516002,7.34911596573209,6.49594903614458,6.44228855721393,7.14785163776493,6.9966956547619,139
"132",2013,2,6.60666666666667,15,7.3875,5.71428571428571,6.5,8,6.39230769230769,8,7,1,2,13,2046,1292,754,202,521,1525,7.0321792913001,7.3493536377709,6.48869221485411,6.44257425742574,7.15112284069098,6.99154349508196,140
"133",2013,3,6.375,12,6.58333333333333,6.16666666666667,4.5,5,6.5,6,6,2,1,11,2058,1298,760,204,522,1536,7.02834734207969,7.34581271186441,6.48614990789474,6.42352941176471,7.14700191570881,6.98802332682291,141
"134",2013,4,7.25,8,7.5,7,7.3,NA,7.25,4,4,1,0,8,2066,1302,764,205,522,1544,7.02920562923524,7.34628640552995,6.48884022251309,6.42780487804878,7.14700191570881,6.98938071891191,142
"135",2013,5,6.59090909090909,11,7,6.1,7.25,7,6.4375,6,5,2,3,8,2077,1308,769,207,525,1552,7.0268843668753,7.34469793577982,6.48631200260078,6.43574879227053,7.14616190476191,6.98653597293814,143
"136",2013,6,6.89117647058824,17,6.92916666666667,6.8,6.33333333333333,7.25,6.84333333333333,12,5,3,2,15,2094,1320,774,210,527,1567,7.0257826313276,7.34092037878788,6.48833841085271,6.43428571428571,7.1465559772296,6.98516517549457,144
"137",2013,7,6.78,10,6.5,6.96666666666667,6.5,6.5,6.85,4,6,3,2,8,2104,1324,780,213,529,1575,7.02461446292775,7.33837983383686,6.49201785897436,6.43521126760563,7.14411153119093,6.98447862222222,145
"138",2013,8,6.63076923076923,13,7.14285714285714,6.03333333333333,5.4,6.8,6.61666666666667,7,6,1,1,12,2117,1331,786,214,530,1587,7.02219595181861,7.33735154019534,6.48851645038168,6.4303738317757,7.14346226415095,6.98169743541273,146
"139",2013,9,6.15625,8,7.41666666666667,5.4,5.5,6,6.20833333333333,3,5,2,2,6,2125,1334,791,216,532,1593,7.01893592,7.33752991004498,6.48163581542351,6.42175925925926,7.13916353383459,6.97878457627118,147
"140",2013,10,7.375,8,7.42857142857143,7,NA,8,7.28571428571429,7,1,0,1,7,2133,1341,792,216,533,1600,7.0202713689639,7.33800514541387,6.48229031565657,6.42175925925926,7.14077861163227,6.98012739375,148
"141",2013,11,6.54761904761905,21,7.20833333333333,5.66666666666667,5.5,7.25,6.26666666666667,12,9,2,6,15,2154,1353,801,218,539,1615,7.01566333797586,7.33685506282335,6.47312600499376,6.41330275229358,7.14199443413729,6.97350082352941,149
"142",2013,12,6.68478260869565,23,6.98333333333333,6.125,5.33333333333333,6.1,6.84722222222222,15,8,3,5,18,2177,1368,809,221,544,1633,7.01216758383096,7.33297872807017,6.46968347342398,6.39864253393665,7.13241727941177,6.97210889773423,150
"143",2014,1,6.01875,16,6.33,5.5,6,6.55,5.94285714285714,10,6,1,2,14,2193,1378,815,222,546,1647,7.00491966712266,7.32570021770682,6.4625446993865,6.39684684684685,7.13028388278388,6.96335994535519,151
"144",2014,2,6.36,15,6.51428571428571,6.225,NA,7,6.31428571428571,7,8,0,1,14,2208,1385,823,222,547,1661,7.00053841938406,7.32159920577617,6.46023563791009,6.39684684684685,7.13004570383912,6.95788912101144,152
"145",2014,3,6.93,15,6.96666666666667,6.875,6,6,7.1625,9,6,2,3,12,2223,1394,829,224,550,1673,7.00006245164192,7.31930767575323,6.46323755126659,6.39330357142857,7.12388181818182,6.95935674237896,153
"146",2014,4,6.68529411764706,17,8,6.28076923076923,6.9125,6.725,6.67307692307692,4,13,4,4,13,2240,1398,842,228,554,1686,6.99767358482143,7.32125529327611,6.46042034441805,6.40241228070176,7.12100180505415,6.9571493653618,154
"147",2014,5,6.71428571428571,7,7.5,6.4,6,6,6.83333333333333,2,5,1,1,6,2247,1400,847,229,555,1692,6.99679075656431,7.32151064285714,6.46006367178276,6.40065502183406,7.11898198198198,6.95671030141844,155
"148",2014,6,7.43333333333333,12,7.35555555555556,7.66666666666667,9,7.3,7.5,9,3,1,4,8,2259,1409,850,230,559,1700,6.99910970783532,7.32172810503903,6.46432227058824,6.41195652173913,7.12027728085868,6.95926695882353,156
"149",2014,7,6.5,8,6.75,6.25,NA,6.25,6.75,4,4,0,4,4,2267,1413,854,230,563,1704,6.997348403176,7.32010962491154,6.46331841920375,6.41195652173913,7.11409413854352,6.95877572183098,157
"150",2014,8,6.50666666666667,15,6.83,5.86,5.5,NA,6.50666666666667,10,5,1,0,15,2282,1423,859,231,563,1719,6.99412306310254,7.31666542515812,6.45980667054715,6.40800865800866,7.11409413854352,6.95483061663758,158
"151",2014,9,6.63636363636364,11,6.88571428571429,6.2,6.23333333333333,6,6.875,7,4,3,3,8,2293,1430,863,234,566,1727,6.99240681639773,7.31455587412587,6.45860246813441,6.40576923076923,7.1081890459364,6.9544608164447,159
"152",2014,10,6.98958333333333,24,7.575,6.57142857142857,6.75,7.25,6.88235294117647,10,14,6,7,17,2317,1440,877,240,573,1744,6.99237757013379,7.31636451388889,6.46040356898518,6.414375,7.10992146596859,6.95375793004587,160
"153",2014,11,6.70454545454545,22,7.07692307692308,6.16666666666667,5.75,6.71428571428571,6.7,13,9,4,7,15,2339,1453,886,244,580,1759,6.98967029927319,7.31422222986924,6.45741978555305,6.40348360655738,7.10514655172414,6.95159399090392,161
"154",2014,12,6.47142857142857,14,6.94444444444444,5.62,5.36666666666667,6.02,6.72222222222222,9,5,3,5,9,2353,1462,891,247,585,1768,6.98658683807905,7.31194589603283,6.45272046015713,6.39089068825911,7.0958717948718,6.95042637443439,162
"155",2015,1,6.53684210526316,19,7.25,6.01818181818182,5.5,7,6.41333333333333,8,11,2,4,15,2372,1470,902,249,589,1783,6.98298432967959,7.3116087755102,6.44742120842572,6.38373493975904,7.09522071307301,6.94590792484576,163
"156",2015,2,7.115,20,7.18181818181818,7.03333333333333,NA,7.5,7.01875,11,9,0,4,16,2392,1481,911,249,593,1799,6.9840881396321,7.31064476704929,6.45320958287596,6.38373493975904,7.09795109612142,6.94655576987215,164
"157",2015,3,6.61111111111111,9,7.125,6.2,NA,7,6.5625,4,5,0,1,8,2401,1485,916,249,594,1807,6.98269005830904,7.31014471380471,6.45182743449782,6.38373493975904,7.0977861952862,6.9448554676259,165
"158",2015,4,6.62631578947368,19,7.41666666666667,5.27142857142857,5.63333333333333,5,6.81764705882353,12,7,3,2,17,2420,1497,923,252,596,1824,6.9798920785124,7.31099859719439,6.4428753304442,6.37480158730159,7.0907466442953,6.94366986293859,166
"159",2015,5,6.48133333333333,15,7,5.88857142857143,6.055,6.9,6.272,8,7,4,5,10,2435,1505,930,256,601,1834,6.97682087474333,7.30934544850498,6.43870315053764,6.3698046875,7.08915973377704,6.94000754089422,167
"160",2015,6,6.78888888888889,18,7.06363636363636,6.35714285714286,7,7.66666666666667,6.61333333333333,11,7,2,3,15,2453,1516,937,258,604,1849,6.97544183856502,7.30756259894459,6.43809384204909,6.37468992248062,7.09202814569537,6.93735739859383,168
"161",2015,7,7.38666666666667,15,7.65,6.33333333333333,NA,9.25,7.1,12,3,0,2,13,2468,1528,940,258,606,1862,6.97794117909238,7.31025189790576,6.4377595,6.37468992248062,7.0991501650165,6.93849292696026,169
"162",2015,8,6.86428571428571,14,7.23333333333333,6.2,5.66666666666667,7.3,6.74545454545455,9,5,3,3,11,2482,1537,945,261,609,1873,6.9773000926672,7.3098014964216,6.43650151322751,6.36655172413793,7.10013957307061,6.9373592258409,170
"163",2015,9,6.87307692307692,13,7.19285714285714,6.5,7.25,7.5,6.75909090909091,7,6,2,2,11,2495,1544,951,263,611,1884,6.97675704609218,7.30927130829016,6.43690213459516,6.37326996197719,7.10144844517185,6.93631838110403,171
"164",2015,10,6.73333333333333,12,7.04285714285714,6.3,6.83333333333333,7.26666666666667,6.55555555555556,7,5,3,3,9,2507,1551,956,266,614,1893,6.9755918747507,7.30806892327531,6.43618611924686,6.37845864661654,7.10225570032573,6.93450809825673,172
"165",2015,11,6.67333333333333,15,6.77777777777778,6.51666666666667,5,7,6.65,9,6,2,1,14,2522,1560,962,268,615,1907,6.97379414353687,7.30500955128205,6.43668807692308,6.36817164179105,7.10208943089431,6.93241941793393,173
"166",2015,12,6.67894736842105,19,6.93333333333333,6.45,6,6,6.71666666666667,9,10,2,1,18,2541,1569,972,270,616,1925,6.97158946477764,7.30287756532823,6.4368250308642,6.36544444444445,7.10030032467533,6.93040198961039,174
"167",2016,1,6.33333333333333,24,6.45,6.25,5.75,5,6.39130434782609,10,14,4,1,23,2565,1579,986,274,617,1948,6.96561747758284,7.29747618746042,6.43417234279919,6.3564598540146,7.09689627228525,6.92403687371663,175
"168",2016,2,6.84285714285714,21,7.24545454545455,6.4,6.3,7.16666666666667,6.78888888888889,11,10,5,3,18,2586,1590,996,279,620,1966,6.96462058391338,7.29711628930818,6.43382924698795,6.35544802867384,7.09723387096774,6.92279950661241,176
"169",2016,3,6.90588235294118,17,7.03,6.72857142857143,5.63333333333333,7.21428571428571,6.69,10,7,3,7,10,2603,1600,1003,282,627,1976,6.96423696888206,7.2954468125,6.43588627118644,6.34776595744681,7.09854066985646,6.92162137145749,177
"170",2016,4,6.42857142857143,21,6.86363636363636,5.95,5.25,6.2,6.5,11,10,2,5,16,2624,1611,1013,284,632,1992,6.95995001143293,7.29249838609559,6.43108976307996,6.34003521126761,7.09143196202532,6.91823485441767,178
"171",2016,5,6.73333333333333,15,7.41666666666667,6.27777777777778,6,6.75,6.72727272727273,6,9,2,4,11,2639,1617,1022,286,636,2003,6.95866192876089,7.29295912183055,6.42973965753425,6.33765734265735,7.08928459119497,6.9171861357963,179
"172",2016,6,6.79545454545455,11,7.39285714285714,5.75,5.5,6.25,7,7,4,2,3,8,2650,1624,1026,288,639,2011,6.95798446415094,7.29338971674877,6.42708960038986,6.33184027777778,7.08534428794992,6.91751557931377,180
"173",2016,7,6.16666666666667,12,6.875,5.8125,7,7,6,4,8,1,2,10,2662,1628,1034,289,641,2021,6.95441729151014,7.29236173218673,6.42233455512573,6.33415224913495,7.08507800312013,6.91297567046017,181
"174",2016,8,6.72916666666667,12,6.7,6.875,7,NA,6.72916666666667,10,2,1,0,12,2674,1638,1036,290,641,2033,6.95340644353029,7.28874536019536,6.42320842664093,6.33644827586207,7.08507800312013,6.91189071815051,182
"175",2016,9,6.5,8,6.6,6.33333333333333,6.5,7,6.33333333333333,5,3,2,2,6,2682,1643,1039,292,643,2039,6.95205400074571,7.28664936092514,6.42294892204042,6.33756849315069,7.0848133748056,6.91018824423737,183
"176",2016,10,6.69230769230769,13,6.76,6.46666666666667,NA,6.5,6.72727272727273,10,3,0,2,11,2695,1653,1042,292,645,2050,6.95080105009276,7.28346333938294,6.42307478886756,6.33756849315069,7.083,6.90920674634146,184
"177",2016,11,6.425,20,7.04545454545455,5.66666666666667,6,6.25,6.46875,11,9,5,4,16,2715,1664,1051,297,649,2066,6.94692774585635,7.28188996394231,6.41659745956232,6.33188552188552,7.07786594761171,6.90579565827686,185
"178",2016,12,6.78846153846154,13,7.02777777777778,6.25,5,7.16666666666667,6.675,9,4,2,3,10,2728,1673,1055,299,652,2076,6.94617259164223,7.28052295277944,6.41596581042654,6.32297658862876,7.0782745398773,6.90468392581888,186
"179",2017,1,7,17,7.11538461538461,6.625,NA,6,7.0625,13,4,0,1,16,2745,1686,1059,299,653,2092,6.94650594899818,7.27924964412811,6.41675536355052,6.32297658862876,7.07662327718224,6.90589093212237,187
"180",2017,2,7.35714285714286,14,7.5,7,7.16666666666667,6.5,7.42307692307692,10,4,3,1,13,2759,1696,1063,302,654,2105,6.94858964479884,7.28055123820755,6.4189500752587,6.33135761589404,7.07574159021407,6.90908495486936,188
"181",2017,3,6.98571428571429,7,8.03333333333333,6.2,3,NA,6.98571428571429,3,4,1,0,7,2766,1699,1067,303,654,2112,6.94868359725235,7.28188045909358,6.41812926897845,6.32036303630363,7.07574159021407,6.90933893465909,189
"182",2017,4,6.35,12,6.27142857142857,6.46,6,NA,6.35,7,5,1,0,12,2778,1706,1072,304,654,2124,6.94609749100072,7.27773440797186,6.41832456156717,6.31930921052632,7.07574159021407,6.90617882768362,190
"183",2017,5,6.87,15,6.875,6.86,7.125,8,6.78928571428571,10,5,4,1,14,2793,1716,1077,308,655,2138,6.94568880415324,7.27538747086247,6.42037505106778,6.32977272727273,7.07715267175573,6.90541339101964,191
"184",2017,6,6.41666666666667,6,7.5,5.33333333333333,5,7,6.3,3,3,2,1,5,2799,1719,1080,310,656,2143,6.94455478027867,7.27577946480512,6.41735549074074,6.3211935483871,7.07703506097561,6.90400085394307,192
"185",2017,7,6.41666666666667,6,7,6.3,6.5,6.25,6.5,1,5,1,2,4,2805,1720,1085,311,658,2147,6.94342560784314,7.27561912790698,6.41681468202765,6.32176848874598,7.07452127659575,6.90324817419655,193
"186",2017,8,6.16666666666667,15,7.5,5,4,3,6.39285714285714,7,8,2,1,14,2820,1727,1093,313,659,2161,6.93929391134752,7.2765286045165,6.40644458371455,6.30693290734825,7.06833839150228,6.89994161499306,194
"187",2017,9,6.9,12,7.26,6.64285714285714,7,6.65,6.95,5,7,1,2,10,2832,1732,1100,314,661,2171,6.93912741172316,7.2764808891455,6.40794902727273,6.30914012738854,7.0670726172466,6.900172192538,195
"188",2017,10,6.66666666666667,12,6.83333333333333,6.5,6,7,6.6,6,6,1,2,10,2844,1738,1106,315,663,2181,6.9379777883263,7.27495103567319,6.40844839963834,6.30815873015873,7.06687028657617,6.8987958872077,196
"189",2017,11,6.7375,8,7.15,5.5,6,6.33333333333333,6.98,6,2,1,3,5,2852,1744,1108,316,666,2186,6.93741543828892,7.27452115825688,6.40680860108303,6.3071835443038,7.06356606606607,6.89898162397072,197
"190",2017,12,6.24545454545455,11,7.675,5.42857142857143,5.66666666666667,7.56666666666667,5.75,4,7,3,3,8,2863,1748,1115,319,669,2194,6.93475683898009,7.27543758581236,6.40066720179372,6.30115987460815,7.065822122571,6.89479208295351,198
"191",2018,1,6.98,10,7.33333333333333,6.45,5,7,6.975,6,4,1,2,8,2873,1754,1119,320,671,2202,6.93491431604594,7.27563563283922,6.40084354781055,6.29709375,7.0656259314456,6.89508348319709,199
"192",2018,2,6.57,10,6.78571428571429,6.06666666666667,4,6.375,6.7,7,3,1,4,6,2883,1761,1122,321,675,2208,6.93364857093306,7.27368818852924,6.39995002673797,6.28993769470405,7.06153333333333,6.89455336503623,200
"193",2018,3,7.14285714285714,7,7.5,6.875,NA,NA,7.14285714285714,3,4,0,0,7,2890,1764,1126,321,675,2215,6.93415530449827,7.27407307256236,6.40163759325045,6.28993769470405,7.06153333333333,6.89533807223476,201
"194",2018,4,6.07809571428571,7,6.273335,6,5.5,6.5,5.909334,2,5,2,2,5,2897,1766,1131,323,677,2220,6.93208681394546,7.27293973386183,6.39986200707339,6.28504643962849,7.05987444608567,6.89311734234234,202
"195",2018,5,6.59090909090909,11,7.08333333333333,6,6,8,6.45,6,5,1,1,10,2908,1772,1136,324,678,2230,6.93079625171939,7.27229772573363,6.39810205105634,6.28416666666667,7.0612610619469,6.8911302690583,203
"196",2018,6,6.5,3,6.75,6,NA,NA,6.5,2,1,0,0,3,2911,1774,1137,324,678,2233,6.93035228443834,7.27170888951522,6.3977519173263,6.28416666666667,7.0612610619469,6.89060479175996,204
"197",2018,7,7,4,7,7,7,7,7,3,1,1,1,3,2915,1777,1138,325,679,2236,6.93044785591767,7.27125018007878,6.39828113356767,6.28636923076923,7.06117083946981,6.89075156529517,205
"198",2018,8,7,1,7,NA,NA,NA,7,1,0,0,0,1,2916,1778,1138,325,679,2237,6.93047170781893,7.27109762092238,6.39828113356767,6.28636923076923,7.06117083946981,6.89080040232454,206
"199",2018,9,4.83333333333333,3,6.75,1,NA,NA,4.83333333333333,2,1,0,0,3,2919,1780,1139,325,679,2240,6.92831637547105,7.27051211797753,6.39354164179105,6.28636923076923,7.06117083946981,6.88804486607143,207
"200",2018,10,5.83333333333333,6,7,5.25,7,7,5.6,2,4,1,1,5,2925,1782,1143,326,680,2245,6.92607025641026,7.27020851290685,6.38953974628172,6.28855828220859,7.06108088235294,6.88517616926503,208
"201",2018,11,6.08333333333333,6,6.16666666666667,6,6,NA,6.08333333333333,3,3,1,0,6,2931,1785,1146,327,680,2251,6.92434510406005,7.26835382072829,6.38852000872601,6.2876758409786,7.06108088235294,6.88303887161262,209
"202",2018,12,7,6,7,7,NA,7,7,5,1,0,1,5,2937,1790,1147,327,681,2256,6.92449965951651,7.26760422905028,6.3890531211857,6.2876758409786,7.06099118942731,6.88329809397163,210
"203",2019,1,6.44705882352941,17,6.75714285714286,5,4.5,6.6,6.38333333333333,14,3,2,5,12,2954,1804,1150,329,686,2268,6.92175203114421,7.26364277716186,6.38542950434783,6.2768085106383,7.05763119533528,6.88065277777778,211
"204",2019,2,5.88888888888889,9,6.66666666666667,5.5,6,6.125,5.7,3,6,2,4,5,2963,1807,1156,331,690,2273,6.91861474856564,7.26265167127836,6.38083384948097,6.27513595166164,7.05222463768116,6.8780556533216,212
"205",2019,3,6.575,8,6.4,6.75,NA,NA,6.575,4,4,0,0,8,2971,1811,1160,331,690,2281,6.91768949848536,7.26074631143015,6.3821068362069,6.27513595166164,7.05222463768116,6.87699276633056,213
"206",2019,4,6.5,7,8.5,6.16666666666667,6,NA,6.5,1,6,2,0,7,2978,1812,1166,333,690,2288,6.91670768972465,7.26143022626932,6.38099822469983,6.27348348348349,7.05222463768116,6.87583937937063,214
"207",2019,5,6,2,6,6,NA,NA,6,1,1,0,0,2,2980,1813,1167,333,690,2290,6.91609244966443,7.2607344567016,6.38067174807198,6.27348348348349,7.05222463768116,6.87507445414847,215
"208",2019,6,7.4,5,8.33333333333333,6,NA,NA,7.4,3,2,0,0,5,2985,1816,1169,333,690,2295,6.91690301507538,7.26250637114537,6.3800204704876,6.27348348348349,7.05222463768116,6.87621808278867,216
"209",2019,7,6.412,10,6.39,6.5,NA,6.76666666666667,6.26,8,2,0,3,7,2995,1824,1171,333,693,2302,6.91521719532554,7.25867958881579,6.38022538855679,6.27348348348349,7.05098845598846,6.87434426585578,217
"210",2019,8,6.1,10,6.75,5.66666666666667,6,7,5.71428571428571,4,6,2,3,7,3005,1828,1177,335,696,2309,6.91250432612313,7.25756650437637,6.37658787595582,6.27185074626866,7.05076867816092,6.87082741446514,218
"211",2019,9,5.5,8,7,5,5,7,5.28571428571429,2,6,2,1,7,3013,1830,1183,337,697,2316,6.90875389976767,7.25728501092896,6.36960602704988,6.26430267062315,7.05069583931134,6.86603648531952,219
"212",2019,10,6.52083333333333,12,6.89285714285714,6,5,6.66666666666667,6.47222222222222,7,5,1,3,9,3025,1837,1188,338,700,2325,6.90721504132231,7.25589633641807,6.36805044612795,6.26056213017752,7.04905,6.86451204301075,220
"213",2019,11,7.19444444444444,9,7.9375,6.6,6.5,7.91666666666667,6.83333333333333,4,5,2,3,6,3034,1841,1193,340,703,2331,6.90806707317073,7.25737727865291,6.36902257334451,6.2619705882353,7.05275248933144,6.86443178893179,221
"214",2019,12,6.325,8,6.3,6.5,NA,NA,6.325,7,1,0,0,8,3042,1848,1194,340,703,2339,6.90653369493754,7.2537508495671,6.36913226968174,6.2619705882353,7.05275248933144,6.86258678922616,222
"215",2020,1,6.53333333333333,15,7.01,5.58,4.5,5,6.91666666666667,10,5,2,3,12,3057,1858,1199,342,706,2351,6.90470248609748,7.25243895048439,6.36584147623019,6.25166666666667,7.04402974504249,6.86286282433007,223
"216",2020,2,5.7,9,5.93333333333333,5.58333333333333,6,6.5,5.47142857142857,3,6,2,2,7,3066,1861,1205,344,708,2358,6.90116617742987,7.25031250403009,6.36194517012448,6.2502034883721,7.04249293785311,6.85873218829516,224
"217",2020,3,6.6,12,6.7125,6.375,6,5.9,7.1,8,4,4,5,7,3078,1869,1209,348,713,2365,6.8999920402859,7.24801047084002,6.36198836228288,6.2473275862069,7.03448106591865,6.85944630021142,225
"218",2020,4,5.33333333333333,9,5.4,5.25,5,4,5.5,5,4,1,1,8,3087,1874,1213,349,714,2373,6.89542452218983,7.24307981323373,6.35832145919209,6.2437535816619,7.03023109243698,6.85486325326591,226
"219",2020,5,6.81428571428571,7,7.175,6.33333333333333,8,7.7,6.66666666666667,4,3,1,1,6,3094,1878,1216,350,715,2379,6.89524095022624,7.24293480830671,6.35825981085527,6.24877142857143,7.03116783216783,6.8543886086591,227
"220",2020,6,5.5,2,5.5,NA,NA,NA,5.5,2,0,0,0,2,3096,1880,1216,350,715,2381,6.89433963178294,7.24108062234043,6.35825981085527,6.24877142857143,7.03116783216783,6.8532509449811,228
"221",2020,7,6.82857142857143,7,6.96,6.5,7,6.8,6.83333333333333,5,2,1,1,6,3103,1885,1218,351,716,2387,6.89419126651627,7.24033505039788,6.35849255336618,6.25091168091169,7.03084497206704,6.85320087976539,229
"222",2020,8,6.16666666666667,6,6,6.5,5,6,6.33333333333333,4,2,1,3,3,3109,1889,1220,352,719,2390,6.89278723062078,7.23770861302276,6.35872453278689,6.24735795454546,7.0265438108484,6.85254832635983,230
"223",2020,9,6.96875,16,7.05,6.83333333333333,7,6.25,7.07142857142857,10,6,2,2,14,3125,1899,1226,354,721,2404,6.89317616,7.23672015271195,6.36104725122349,6.25161016949153,7.02438973647712,6.85382300332779,231
"224",2020,10,6.33333333333333,6,6.5,6.25,6.5,7,6.2,2,4,2,1,5,3131,1901,1230,356,722,2409,6.89210332162248,7.23594506575487,6.36068612195122,6.25300561797753,7.02435595567867,6.85246596097966,232
"225",2020,11,6.55714285714286,7,7.3,6,5,6.63333333333333,6.5,3,4,2,3,4,3138,1904,1234,358,725,2413,6.89135611854684,7.23604599264706,6.35951696110211,6.24600558659218,7.02273793103448,6.85188168255284,233
"226",2020,12,4.875,8,7,4.57142857142857,5,NA,4.875,1,7,1,0,8,3146,1905,1241,359,725,2421,6.88622870311506,7.2359220839895,6.34943104754231,6.24253481894151,7.02273793103448,6.84534923585295,234
"227",2021,1,6.875,8,7.2,6.33333333333333,7,6,7,5,3,2,1,7,3154,1910,1244,361,726,2428,6.88620022194039,7.23582804712042,6.34939222668811,6.24673130193906,7.02132920110193,6.84579509884679,235
"228",2021,2,7.575,4,7.575,NA,NA,NA,7.575,4,0,0,0,4,3158,1914,1244,361,726,2432,6.88707267257758,7.23653687042842,6.34939222668811,6.24673130193906,7.02132920110193,6.84699444901316,236
"229",2021,3,6.44444444444444,9,6.83333333333333,5.66666666666667,4,5.66666666666667,6.83333333333333,6,3,1,3,6,3167,1920,1247,362,729,2438,6.88581480896748,7.235276859375,6.34774974338412,6.24052486187846,7.01575445816187,6.84696082854799,237
"230",2021,4,5.91666666666667,6,5.66666666666667,6.16666666666667,5,6,5.9,3,3,1,1,5,3173,1923,1250,363,730,2443,6.88398219350772,7.23282972958918,6.347315144,6.23710743801653,7.01436301369863,6.84502271796971,238
"231",2021,5,7.31,6,7.572,6,NA,NA,7.31,5,1,0,0,6,3179,1928,1251,363,730,2449,6.88478625353885,7.23370932053942,6.34703751398881,6.23710743801653,7.01436301369863,6.84616190281748,239
"232",2021,6,6,3,6.5,5,5,NA,6,2,1,1,0,3,3182,1930,1252,364,730,2452,6.88395207416719,7.232949,6.34596160543131,6.2337087912088,7.01436301369863,6.84512663132137,240
"233",2021,7,7.21,7,7.214,7.2,NA,9.07,6.9,5,2,0,1,6,3189,1935,1254,364,731,2458,6.8846677641894,7.23290003617571,6.34732370813397,6.2337087912088,7.01717510259918,6.84526057770545,241
"234",2021,8,5.7,10,6.33333333333333,4.75,NA,2,6.11111111111111,6,4,0,1,9,3199,1941,1258,364,732,2467,6.88096452016255,7.23011930448223,6.34224477742448,6.2337087912088,7.01032103825137,6.84258228617754,242
"235",2021,9,7,2,7,NA,NA,NA,7,2,0,0,0,2,3201,1943,1258,364,732,2469,6.88103889409559,7.22988243437983,6.34224477742448,6.2337087912088,7.01032103825137,6.84270980153908,243
"236",2021,10,5.66666666666667,6,6,5,NA,5.5,5.75,4,2,0,2,4,3207,1947,1260,364,734,2473,6.87876691612098,7.2273557113508,6.34011423015873,6.2337087912088,7.00620572207085,6.84094237767893,244
"237",2021,11,7.15,8,7.24,7,6,7,7.24,5,3,1,3,5,3215,1952,1263,365,737,2478,6.87944183514774,7.22738809938525,6.34168165479018,6.23306849315069,7.00618046132972,6.84174757869249,245
"238",2021,12,6.56428571428571,14,6.69,6.25,5,5.5,6.74166666666667,10,4,2,2,12,3229,1962,1267,367,739,2490,6.87807541034376,7.22464911824669,6.34139220994475,6.22634877384197,7.00210419485792,6.84126526104418,246
"239",2022,1,6.88235294117647,17,6.66923076923077,7.575,7.15,6.33333333333333,7,13,4,2,3,14,3246,1975,1271,369,742,2504,6.87809781269254,7.2209932,6.34527453186467,6.23135501355014,6.99940026954178,6.84215275559106,247
"240",2022,2,6.13636363636364,11,6.3125,5.66666666666667,4.5,5,6.25,8,3,2,1,10,3257,1983,1274,371,743,2514,6.87559272336506,7.21732807362582,6.34367655416013,6.22202156334232,6.99670928667564,6.83979733492442,248
"241",2022,3,5.85,6,6,5.7,NA,5.55,6,3,3,0,2,4,3263,1986,1277,371,745,2518,6.8737068648483,7.21548920946626,6.34216439310885,6.22202156334232,6.99282550335571,6.83846326449563,249
"242",2022,4,6.33333333333333,3,6.33333333333333,NA,NA,7,6,3,0,0,1,2,3266,1989,1277,371,746,2520,6.87321050214329,7.21415865761689,6.34216439310885,6.22202156334232,6.99283512064343,6.83779781746032,250
"243",2022,5,6.75,4,7.33333333333333,5,NA,7,6.66666666666667,3,1,0,1,3,3270,1992,1278,371,747,2523,6.87305978593272,7.2143381375502,6.34111418622848,6.22202156334232,6.99284471218206,6.83759433214427,251
"244",2022,6,6.5,3,6.75,6,NA,NA,6.5,2,1,0,0,3,3273,1994,1279,371,747,2526,6.87271784295753,7.21387240220662,6.34084748240813,6.22202156334232,6.99284471218206,6.83719338875693,252
"245",2022,7,5.96666666666667,3,5.95,6,NA,NA,5.96666666666667,2,1,0,0,3,3276,1996,1280,371,747,2529,6.87188812576313,7.21260599699399,6.3405811953125,6.22202156334232,6.99284471218206,6.83616073546857,253
"246",2022,8,7.06666666666667,6,7.06666666666667,NA,NA,NA,7.06666666666667,6,0,0,0,6,3282,2002,1280,371,747,2535,6.87224421084704,7.21216861638362,6.3405811953125,6.22202156334232,6.99284471218206,6.83670631163708,254
