"","year","month","avg_rating","no_ratings","avg_rating_owned","avg_rating_not_owned","avg_rating_prev_owned","avg_rating_comment","avg_rating_no_comment","no_ratings_owned","no_ratings_not_owned","no_ratings_prev_owned","no_ratings_comment","no_ratings_no_comment","cum_no_ratings","cum_no_ratings_owned","cum_no_ratings_not_owned","cum_no_ratings_prev_owned","cum_no_ratings_comment","cum_no_ratings_no_comment","cum_avg_rating","cum_avg_rating_owned","cum_avg_rating_not_owned","cum_avg_rating_prev_owned","cum_avg_rating_comment","cum_avg_rating_no_comment","month_after_release"
"1",2011,2,8.16666666666667,3,8.25,8,NA,8.5,8,2,1,0,1,2,3,2,1,0,1,2,8.16666666666667,8.25,8,NA,8.5,8,-2
"2",2011,3,7.5625,8,7,7.64285714285714,NA,6,7.78571428571429,1,7,0,1,7,11,3,8,0,2,9,7.72727272727273,7.83333333333333,7.6875,NA,7.25,7.83333333333333,-1
"3",2011,4,7.25,44,7.5625,7.07142857142857,7.5,6.42307692307692,7.59677419354839,16,28,2,13,31,55,19,36,2,15,40,7.34545454545455,7.60526315789474,7.20833333333333,7.5,6.53333333333333,7.65,0
"4",2011,5,7.484,50,7.02,7.6,8,6.5625,7.65952380952381,10,40,1,8,42,105,29,76,3,23,82,7.41142857142857,7.40344827586207,7.41447368421053,7.66666666666667,6.54347826086957,7.65487804878049,1
"5",2011,6,7.47142857142857,35,7.38888888888889,7.5,6.5,6.81428571428571,7.63571428571429,9,26,4,7,28,140,38,102,7,30,110,7.42642857142857,7.4,7.43627450980392,7,6.60666666666667,7.65,2
"6",2011,7,7.44473684210526,19,7.95,7.26428571428571,6.85,6.4,7.81785714285714,5,14,2,5,14,159,43,116,9,35,124,7.42861635220126,7.46395348837209,7.41551724137931,6.96666666666667,6.57714285714286,7.66895161290323,3
"7",2011,8,6.65740740740741,27,7.65625,6.23684210526316,7,6.625,6.66666666666667,8,19,3,6,21,186,51,135,12,41,145,7.31666666666667,7.49411764705882,7.24962962962963,6.975,6.58414634146341,7.52379310344828,4
"8",2011,9,7.31944444444444,36,7.73,7.16153846153846,7.33333333333333,6.5,7.48333333333333,10,26,6,6,30,222,61,161,18,47,175,7.31711711711712,7.5327868852459,7.23540372670807,7.09444444444444,6.57340425531915,7.51685714285714,5
"9",2011,10,7.04508196721311,61,7.63461538461539,6.60714285714286,8,6.37727272727273,7.192,26,35,1,11,50,283,87,196,19,58,225,7.25848056537103,7.5632183908046,7.12321428571429,7.1421052631579,6.53620689655172,7.44466666666667,6
"10",2011,11,6.74624754098361,61,7.24444444444444,6.5377,7.125,6.52807333333333,6.81739130434783,18,43,4,15,46,344,105,239,23,73,271,7.16764854651163,7.50857142857143,7.01787071129707,7.13913043478261,6.53453561643836,7.33819188191882,7
"11",2011,12,6.69591836734694,49,7.225,6.43939393939394,6.72727272727273,6.34615384615385,6.82222222222222,16,33,11,13,36,393,121,272,34,86,307,7.10883231552163,7.47107438016529,6.94768786764706,7.00588235294118,6.50605930232558,7.27768729641694,8
"12",2012,1,6.86388888888889,54,7.5625,6.305,6.27777777777778,6.58076923076923,6.95365853658537,24,30,9,13,41,447,145,302,43,99,348,7.0792418344519,7.48620689655172,6.88384470198675,6.85348837209302,6.5158696969697,7.23951149425287,9
"13",2012,2,6.91842105263158,38,7.56666666666667,6.335,6.625,7.02222222222222,6.88620689655172,18,20,4,9,29,485,163,322,47,108,377,7.06664144329897,7.49509202453988,6.8497549689441,6.83404255319149,6.55806574074074,7.21233421750663,10
"14",2012,3,7.01739130434783,46,7.35,6.76153846153846,6.66666666666667,7.2,6.95294117647059,20,26,6,12,34,531,183,348,53,120,411,7.06237495291902,7.4792349726776,6.84316408045977,6.81509433962264,6.62225916666667,7.19087591240876,11
"15",2012,4,6.72857142857143,35,7.33333333333333,6.41304347826087,6.91666666666667,7.5,6.56896551724138,12,23,6,6,29,566,195,371,59,126,440,7.04173339222615,7.47025641025641,6.81649892183288,6.82542372881356,6.66405634920635,7.14988636363636,12
"16",2012,5,6.65382352941177,34,7.05625,6.29611111111111,6,6.6,6.6571875,16,18,5,2,32,600,211,389,64,128,472,7.01975183333333,7.43886255924171,6.79241928020566,6.7609375,6.66305546875,7.11648305084746,13
"17",2012,6,6.12941176470588,34,7.35,5.46363636363636,6,6.0625,6.15,12,22,5,8,26,634,223,411,69,136,498,6.9720048895899,7.43408071748879,6.72129221411192,6.70579710144928,6.62772867647059,7.06602409638554,14
"18",2012,7,6.52606060606061,33,6.88928571428571,6.25842105263158,6.75,6,6.57866666666667,14,19,2,3,30,667,237,430,71,139,528,6.94994167916042,7.40189873417722,6.70083976744186,6.70704225352113,6.61418057553957,7.03833333333333,15
"19",2012,8,6.58555555555556,36,7.11125,6.165,6.41666666666667,7.58333333333333,6.386,16,20,6,6,30,703,253,450,77,145,558,6.93128179231863,7.38351778656127,6.67702466666667,6.68441558441558,6.65428344827586,7.00326164874552,16
"20",2012,9,6.32258064516129,31,6.75,6.17391304347826,6.25,6.35714285714286,6.3125,8,23,6,7,24,734,261,473,83,152,582,6.90557370572207,7.36409961685824,6.65256046511628,6.65301204819277,6.64059934210526,6.97477663230241,17
"21",2012,10,6.21041666666667,24,6.6875,5.971875,7.08333333333333,5.20833333333333,6.54444444444444,8,16,6,6,18,758,269,489,89,158,600,6.88356345646438,7.34397769516729,6.63028854805726,6.68202247191011,6.58620949367089,6.96186666666667,18
"22",2012,11,6.47446808510638,47,6.89285714285714,6.2969696969697,6.5,6.4375,6.48205128205128,14,33,6,8,39,805,283,522,95,166,639,6.85967838509317,7.32166077738516,6.60921666666667,6.67052631578947,6.57904277108434,6.93258215962441,19
"23",2012,12,6.18,35,6.5,6.01304347826087,5.66666666666667,6.83333333333333,6.0448275862069,12,23,9,6,29,840,295,545,104,172,668,6.83135845238095,7.28823728813559,6.58405706422018,6.58365384615385,6.58791337209303,6.89404191616766,20
"24",2013,1,6.8030303030303,33,6.92857142857143,6.58333333333333,8,7.33333333333333,6.68518518518519,21,12,1,6,27,873,316,557,105,178,695,6.83028762886598,7.26433544303798,6.58404147217235,6.59714285714286,6.61303988764045,6.88592805755396,21
"25",2013,2,6.61724137931034,29,7.57777777777778,6.185,5.9375,6.6,6.62083333333333,9,20,8,5,24,902,325,577,113,183,719,6.82343802660754,7.27301538461538,6.57020987868284,6.55044247787611,6.61268360655738,6.8770792767733,22
"26",2013,3,6.58889189189189,37,7.21875,6.109,5.82225,6.421,6.64285714285714,16,21,4,9,28,939,341,598,117,192,747,6.81419605963791,7.27046920821114,6.5540135451505,6.52554700854701,6.6036984375,6.86829986613119,23
"27",2013,4,6.575,22,7.3125,6.15357142857143,7.43333333333333,7.325,6.40833333333333,8,14,3,4,18,961,349,612,120,196,765,6.80872018730489,7.27143266475645,6.54485310457516,6.54824166666667,6.61841887755102,6.85747712418301,24
"28",2013,5,6.62592592592593,27,7.19,6.29411764705882,6.375,6.375,6.6695652173913,10,17,8,4,23,988,359,629,128,200,788,6.80372479757085,7.2691643454039,6.53807647058824,6.5374140625,6.6135505,6.8519923857868,25
"29",2013,6,6.675,20,7.4,6.43333333333333,7.16666666666667,7,6.63888888888889,5,15,3,2,18,1008,364,644,131,202,806,6.80117073412698,7.27096153846154,6.53563680124224,6.55182442748092,6.61737673267327,6.84723325062035,26
"30",2013,7,6.78235294117647,17,7.54444444444444,5.925,6,7.475,6.56923076923077,9,8,2,4,13,1025,373,652,133,206,819,6.80085863414634,7.27756032171582,6.52814432515337,6.54352631578947,6.63402961165049,6.84282051282051,27
"31",2013,8,5.975,24,6.34,5.71428571428571,5.33333333333333,6.31666666666667,5.86111111111111,10,14,6,6,18,1049,383,666,139,212,837,6.78196387035272,7.25308093994778,6.51103618618619,6.49128776978417,6.62504764150944,6.82170848267622,28
"32",2013,9,6.04444444444444,27,6.87777777777778,5.62777777777778,5.75,4.76666666666667,6.20416666666667,9,18,4,3,24,1076,392,684,143,215,861,6.76345734200743,7.24446428571429,6.48779254385965,6.47055244755245,6.59911674418605,6.80449477351916,29
"33",2013,10,6.30833333333333,24,6.8,5.95714285714286,5.83333333333333,5.7,6.36363636363636,10,14,6,2,22,1100,402,698,149,217,883,6.75352736363636,7.23340796019901,6.47714914040115,6.44489261744966,6.59082995391705,6.7935107587769,30
"34",2013,11,6.14333333333333,30,6.975,5.84090909090909,5.5,4.8,6.412,8,22,1,5,25,1130,410,720,150,222,908,6.73732752212389,7.22836585365854,6.45770847222222,6.43859333333333,6.55049594594595,6.78300660792952,31
"35",2013,12,6.26923076923077,26,6.4375,6.19444444444444,6.66666666666667,6.66666666666667,6.21739130434783,8,18,3,3,23,1156,418,738,153,225,931,6.72679939446367,7.21322966507177,6.45128739837398,6.44306535947712,6.55204488888889,6.76903329752954,32
"36",2014,1,6.56842105263158,19,6.78,6.33333333333333,6.5,6.25,6.60588235294118,10,9,1,2,17,1175,428,747,154,227,948,6.72423838297872,7.20310747663552,6.44986626506024,6.44343506493506,6.54938370044053,6.76610759493671,33
"37",2014,2,5.86666666666667,15,6.58333333333333,5.38888888888889,4.75,6.33333333333333,5.75,6,9,4,3,12,1190,434,756,158,230,960,6.71342865546218,7.19453917050691,6.43723558201058,6.40056329113924,6.54656565217392,6.75340625,34
"38",2014,3,6.76190476190476,21,7.27272727272727,6.2,6.625,7,6.75,11,10,4,1,20,1211,445,766,162,231,980,6.71426928158547,7.19647191011236,6.43413851174935,6.4061049382716,6.54852857142857,6.75333673469388,35
"39",2014,4,6.70769230769231,26,7.36363636363636,6.22666666666667,6.64285714285714,7.1,6.61428571428571,11,15,7,5,21,1237,456,781,169,236,1001,6.71413104284559,7.20050438596491,6.43015377720871,6.41591124260355,6.5602122881356,6.75041958041958,36
"40",2014,5,6.51052631578947,19,7.17142857142857,6.125,5.83333333333333,6.5,6.51111111111111,7,12,3,1,18,1256,463,793,172,237,1019,6.71105103503185,7.20006479481642,6.42553606557377,6.40575,6.5599582278481,6.7461923454367,37
"41",2014,6,6.38181818181818,11,6.7,6,7,8,6.22,6,5,2,1,10,1267,469,798,174,238,1029,6.70819265982636,7.19366737739872,6.42286979949875,6.41258045977011,6.56600882352941,6.74107871720117,38
"42",2014,7,6.47368421052632,19,7.5625,5.68181818181818,6,6.5,6.47058823529412,8,11,6,2,17,1286,477,809,180,240,1046,6.70472791601866,7.19985324947589,6.41279369592089,6.39882777777778,6.56545875,6.73668260038241,39
"43",2014,8,5.98571428571429,14,6.83333333333333,5.35,NA,6.5,5.9,6,8,0,2,12,1300,483,817,180,242,1058,6.69698469230769,7.19530020703934,6.40238690330477,6.39882777777778,6.56491776859504,6.72719281663516,40
"44",2014,9,6.40833333333333,18,6.84375,6.06,6.15,6.375,6.41785714285714,8,10,2,4,14,1318,491,827,182,246,1072,6.69304256449165,7.18957230142566,6.39824679564692,6.3960934065934,6.56182967479675,6.72315298507463,41
"45",2014,10,6.22962962962963,27,6.36923076923077,6.1,6.08,6,6.248,13,14,5,2,25,1345,504,841,187,248,1097,6.68373985130112,7.1684126984127,6.39328192627824,6.38764171122995,6.55729879032258,6.71232452142206,42
"46",2014,11,6.56666666666667,33,6.925,6.22941176470588,6.27777777777778,6.5,6.59565217391304,16,17,9,10,23,1378,520,858,196,258,1120,6.68093621190131,7.16092307692308,6.39003508158508,6.38259693877551,6.55507790697675,6.70992857142857,43
"47",2014,12,6.55884615384615,26,6.99866666666667,5.95909090909091,6.8875,7.1875,6.44454545454545,15,11,4,4,22,1404,535,869,200,262,1142,6.67867528490029,7.1563738317757,6.38458009205984,6.392695,6.56473320610687,6.70481611208406,44
"48",2015,1,7.1409375,32,7.30578947368421,6.9,7.16666666666667,7.642,7.04814814814815,19,13,3,5,27,1436,554,882,203,267,1169,6.68897639275766,7.16149819494585,6.39217698412698,6.40413300492611,6.58490674157304,6.71274593669803,45
"49",2015,2,6.43695652173913,23,6.70769230769231,6.085,5.80833333333333,6.96,6.29166666666667,13,10,6,5,18,1459,567,892,209,272,1187,6.68500349554489,7.15109347442681,6.38873329596412,6.38702870813397,6.5918018382353,6.70636057287279,46
"50",2015,3,6.27947368421053,19,6.55083333333333,5.81428571428571,6,6.2,6.30785714285714,12,7,1,5,14,1478,579,899,210,277,1201,6.67979032476319,7.13865284974093,6.38426040044494,6.38518571428571,6.58472960288809,6.70171523730225,47
"51",2015,4,6.22105263157895,19,6.36666666666667,6.15384615384615,6.66666666666667,6,6.23333333333333,6,13,3,1,18,1497,585,912,213,278,1219,6.67396800267201,7.13073504273504,6.3809759868421,6.38915023474178,6.58262625899281,6.69479901558655,48
"52",2015,5,6.43368421052632,19,6.905,6.09090909090909,6.66666666666667,4,6.89,8,11,3,3,16,1516,593,923,216,281,1235,6.67095653034301,7.12768971332209,6.37751906825569,6.39300462962963,6.55505373665481,6.69732793522267,49
"53",2015,6,5.47142857142857,14,5.92,5.22222222222222,5.75,4.5,5.63333333333333,5,9,4,2,12,1530,598,932,220,283,1247,6.65998045751634,7.11759197324415,6.36636276824034,6.38131363636364,6.54053038869258,6.68708901363272,50
"54",2015,7,6.47222222222222,18,6.57142857142857,6.40909090909091,7,7.25,6.25,7,11,3,4,14,1548,605,943,223,287,1261,6.65779722222222,7.11127272727273,6.36686118769883,6.38963677130045,6.55041846689896,6.68223632038065,51
"55",2015,8,6.81666666666667,21,7.19,6.47727272727273,6,6.4375,6.90588235294118,10,11,3,4,17,1569,615,954,226,291,1278,6.6599235818993,7.11255284552846,6.36813427672956,6.38446460176991,6.54886632302406,6.68521126760563,52
"56",2015,9,6.28,15,6.4,6.22,6.75,7,6.22857142857143,5,10,2,1,14,1584,620,964,228,292,1292,6.65632582070707,7.1068064516129,6.36659761410788,6.38767105263158,6.55041130136987,6.68026315789474,53
"57",2015,10,5.91176470588235,17,6.16666666666667,5.77272727272727,5.58333333333333,5.66666666666667,5.96428571428571,6,11,6,3,14,1601,626,975,234,295,1306,6.64841980012492,7.09779552715655,6.35989753846154,6.36704700854701,6.54142406779661,6.67258805513017,54
"58",2015,11,5.87727272727273,22,6.8,5.53125,5,4.83333333333333,6.04210526315789,6,16,3,3,19,1623,632,991,237,298,1325,6.63796678989526,7.09496835443038,6.34651876892028,6.34974261603375,6.52422852348994,6.66354716981132,55
"59",2015,12,6.15,18,6.57,5.625,5.6,6.25,6.12142857142857,10,8,5,4,14,1641,642,999,242,302,1339,6.63261432053626,7.08679127725857,6.34074084084084,6.3342520661157,6.5205963576159,6.65787901418969,56
"60",2016,1,5.59090909090909,22,6.4,4.91666666666667,5.5,5.6,5.58823529411765,10,12,6,5,17,1663,652,1011,248,307,1356,6.61883349368611,7.07625766871166,6.32383788328388,6.3140685483871,6.50560293159609,6.64446902654867,57
"61",2016,2,6.85214285714286,14,7.35,6.47875,6.77666666666667,9,6.68692307692308,6,8,3,1,13,1677,658,1019,251,308,1369,6.62078121645796,7.0787537993921,6.32505407262021,6.31959760956175,6.51370162337663,6.64487216946676,58
"62",2016,3,6.49380952380952,21,6.87909090909091,6.07,6.5,5.9,6.679375,11,10,2,5,16,1698,669,1029,253,313,1385,6.61921089517079,7.07547085201794,6.32257541302235,6.32102371541502,6.5038980830671,6.64527075812274,59
"63",2016,4,6.335,10,7.32,5.35,5.875,8,6.15,5,5,2,1,9,1708,674,1034,255,314,1394,6.61754689695551,7.07728486646884,6.31787243713733,6.31752549019608,6.50866273885351,6.64207317073171,60
"64",2016,5,6.34375,16,7.08333333333333,5.9,6,6,6.39285714285714,6,10,5,2,14,1724,680,1044,260,316,1408,6.61500585846868,7.07733823529412,6.31386982758621,6.31141923076923,6.50544335443038,6.63959517045455,61
"65",2016,6,6.77368421052632,19,7.16923076923077,5.91666666666667,6.375,7.73333333333333,6.59375,13,6,4,3,16,1743,693,1050,264,319,1424,6.61673557085485,7.07906204906205,6.31160009523809,6.31238257575757,6.51699090909091,6.63908005617978,62
"66",2016,7,6.15714285714286,14,6.75,5.7125,5.5,6.95,5.5625,6,8,1,6,8,1757,699,1058,265,325,1432,6.6130734775185,7.07623748211731,6.30707003780718,6.30931698113207,6.52498492307692,6.6330656424581,63
"67",2016,8,6.51538461538462,13,6.7125,6.2,5.5,6,6.55833333333333,8,5,1,1,12,1770,707,1063,266,326,1444,6.61235598870057,7.0721216407355,6.30656641580433,6.30627443609022,6.5233745398773,6.63244459833795,64
"68",2016,9,6.2,19,6.83333333333333,5.63,6.375,7.75,6.01764705882353,9,10,4,2,17,1789,716,1073,270,328,1461,6.60797657909447,7.06912011173184,6.30026104380242,6.30729259259259,6.53085396341463,6.62529089664613,65
"69",2016,10,6.16842105263158,19,6.91111111111111,5.5,5.875,6.56666666666667,6.09375,9,10,4,3,16,1808,725,1083,274,331,1477,6.60335735619469,7.06715862068966,6.29287174515235,6.30098175182482,6.53117854984894,6.61953283683142,66
"70",2016,11,5.9952380952381,21,6.125,5.91538461538462,6.9,7,5.945,8,13,1,1,20,1829,733,1096,275,332,1497,6.59637512301805,7.0568758526603,6.28839425182482,6.30316,6.5325906626506,6.61052104208417,67
"71",2016,12,6.03333333333333,15,5.2,6.45,6.33333333333333,7,5.96428571428571,5,10,3,1,14,1844,738,1106,278,333,1511,6.59179506507592,7.04429539295393,6.28985542495479,6.30348561151079,6.53399429429429,6.60453342157512,68
"72",2017,1,6.75714285714286,14,7.11111111111111,6.12,4,6.5,6.8,9,5,1,2,12,1858,747,1111,279,335,1523,6.59304095801938,7.04510040160643,6.28909099909991,6.295229390681,6.53379134328358,6.60607353906763,69
"73",2017,2,6.8,11,7.1,6,6.5,NA,6.8,8,3,2,0,11,1869,755,1114,281,335,1534,6.59425901551632,7.0456821192053,6.28831247755835,6.29668683274021,6.53379134328358,6.60746414602347,70
"74",2017,3,6.42307692307692,13,6.72222222222222,5.75,6,NA,6.42307692307692,9,4,2,0,13,1882,764,1118,283,335,1547,6.5930765674814,7.04187172774869,6.28638649373882,6.29459010600707,6.53379134328358,6.60591467356173,71
"75",2017,4,6.7125,8,6.9,6.4,6,8.5,6.45714285714286,5,3,1,1,7,1890,769,1121,284,336,1554,6.59358206349207,7.04094928478544,6.286690544157,6.29355281690141,6.5396431547619,6.60524453024453,72
"76",2017,5,6.75,16,6.7,6.83333333333333,6.66666666666667,8.5,6.5,10,6,3,2,14,1906,779,1127,287,338,1568,6.59489512067157,7.03657252888318,6.2896007985803,6.29745296167247,6.55124289940828,6.60430484693878,73
"77",2017,6,6.75833333333333,12,7.43333333333333,6.08333333333333,6.16666666666667,NA,6.75833333333333,6,6,3,0,12,1918,785,1133,290,338,1580,6.59591767466111,7.0396050955414,6.28850847308032,6.2961,6.55124289940828,6.6054746835443,74
"78",2017,7,5.5625,16,7,5.08333333333333,5,6.5,5.13636363636364,4,12,3,5,11,1934,789,1145,293,343,1591,6.58736820062048,7.03940430925222,6.27587781659389,6.28282935153584,6.55049591836735,6.59531741043369,75
"79",2017,8,6.03333333333333,15,5.78571428571429,6.25,6.5,6.66666666666667,5.875,7,8,2,3,12,1949,796,1153,295,346,1603,6.58310420728579,7.02837939698493,6.27569826539462,6.28430169491525,6.55150317919075,6.58992514036182,76
"80",2017,9,5.99933333333333,15,6.27375,5.68571428571429,6.45,6,5.99928571428571,8,7,4,1,14,1964,804,1160,299,347,1617,6.57864567209776,7.02087064676617,6.27213801724138,6.28651839464883,6.54991383285303,6.58481137909709,77
"81",2017,10,6.38888888888889,9,6.9,5.75,3,NA,6.38888888888889,5,4,1,0,9,1973,809,1164,300,347,1626,6.57778008109478,7.02012360939431,6.27034372852234,6.27556333333333,6.54991383285303,6.58372693726937,78
"82",2017,11,6.048,25,6.25,5.91333333333333,6.25,6.66666666666667,5.96363636363636,10,15,4,3,22,1998,819,1179,304,350,1648,6.5711512012012,7.01072039072039,6.2658016115352,6.27522697368421,6.55091457142857,6.57544902912622,79
"83",2017,12,5.97,10,7.05,5.25,5.5,6.5,5.91111111111111,4,6,2,1,9,2008,823,1185,306,351,1657,6.56815742031873,7.01091130012151,6.26065831223629,6.27016013071895,6.55076951566952,6.57184067592034,80
"84",2018,1,6.64705882352941,17,7.1875,6.16666666666667,6,6,6.6875,8,9,2,1,16,2025,831,1194,308,352,1673,6.56881980246914,7.01261131167268,6.25994983249581,6.26840584415584,6.54920482954545,6.57294680215182,81
"85",2018,2,6.61111111111111,9,6.6875,6,NA,7.83333333333333,6,8,1,0,3,6,2034,839,1195,308,355,1679,6.5690069321534,7.00951132300358,6.25973230125523,6.26840584415584,6.56005661971831,6.57089934484813,82
"86",2018,3,6.77777777777778,9,6.83333333333333,6.66666666666667,6,7,6.75,6,3,1,1,8,2043,845,1198,309,356,1687,6.56992662750857,7.00826035502959,6.26075133555926,6.26753721682848,6.56129241573034,6.57174866627149,83
"87",2018,4,5.91818181818182,11,6.71666666666667,4.96,5.66666666666667,7,5.81,6,5,3,1,10,2054,851,1203,312,357,1697,6.56643627069134,7.0062044653349,6.25534505403158,6.26175961538462,6.56252128851541,6.56725987035946,84
"88",2018,5,6.34375,8,6.875,6.16666666666667,4.5,6.58333333333333,6.2,2,6,2,3,5,2062,853,1209,314,360,1702,6.56557230843841,7.00589683470106,6.25490496277915,6.25053821656051,6.56269472222222,6.56618096357227,85
"89",2018,6,6.2,10,7.75,5.8125,6.16666666666667,6.33333333333333,6.14285714285714,2,8,3,3,7,2072,855,1217,317,363,1709,6.56380796332047,7.00763742690059,6.25199679539852,6.24974447949527,6.56079917355372,6.56444704505559,86
"90",2018,7,5.5,7,5,5.875,NA,NA,5.5,3,4,0,0,7,2079,858,1221,317,363,1716,6.56022611832612,7.00061771561772,6.25076175266175,6.24974447949527,6.56079917355372,6.5601048951049,87
"91",2018,8,6.35,10,6.75,6.08333333333333,NA,4.5,6.55555555555556,4,6,0,1,9,2089,862,1227,317,364,1725,6.55921977022499,6.99945475638051,6.24994303178484,6.24974447949527,6.55513763736264,6.56008115942029,88
"92",2018,9,5.986666,5,6.966665,5.33333333333333,NA,NA,5.986666,2,3,0,0,5,2094,864,1230,317,364,1730,6.5578526408787,6.99937885416667,6.24770739837398,6.24974447949527,6.55513763736264,6.55842389017341,89
"93",2018,10,6.65,12,7.4,6.11428571428571,5.84,6,6.70909090909091,5,7,5,1,11,2106,869,1237,322,365,1741,6.55837769705603,7.00168392405063,6.24695238480194,6.24338198757764,6.55361671232877,6.55937583572659,90
"94",2018,11,6.2,15,6.3125,6.07142857142857,6.5,5,6.28571428571429,8,7,4,1,14,2121,877,1244,326,366,1755,6.55584320132014,6.99539718358039,6.24596471061093,6.24653067484663,6.5493718579235,6.55719278062678,91
"95",2018,12,6.32363636363636,11,6.65142857142857,5.75,5.5,9,6.056,7,4,1,1,10,2132,884,1248,327,367,1765,6.55464513602252,6.99267345022625,6.2443750801282,6.24424770642202,6.55604931880109,6.55435316147309,92
"96",2019,1,6.11666666666667,12,5.65,6.58333333333333,7,NA,6.11666666666667,6,6,1,0,12,2144,890,1254,328,367,1777,6.55219376399254,6.98362171910112,6.24599688995215,6.24655182926829,6.55604931880109,6.55139748452448,93
"97",2019,2,6.25,16,6.33333333333333,6.2,7,6,6.30769230769231,6,10,3,3,13,2160,896,1264,331,370,1790,6.54995529166667,6.979267109375,6.24563299050633,6.25338066465257,6.55154081081081,6.54962755865922,94
"98",2019,3,6.07692307692308,13,7,5.5,4,5.5,6.33333333333333,5,8,3,4,9,2173,901,1272,334,374,1799,6.54712537045559,6.97938216426193,6.24094347484276,6.23314071856288,6.54029438502674,6.54854548638132,95
"99",2019,4,6.075,4,6,6.1,NA,NA,6.075,1,3,0,0,4,2177,902,1275,334,374,1803,6.54625789159394,6.97829637472284,6.24061184313725,6.23314071856288,6.54029438502674,6.54749491403217,96
"100",2019,5,6.38888888888889,9,6.875,6,6,7,6.3125,4,5,1,1,8,2186,906,1280,335,375,1811,6.54560998627631,6.9778403200883,6.239671953125,6.2324447761194,6.54152026666667,6.54645683600221,97
"101",2019,6,6.25,8,6.25,NA,NA,5,6.42857142857143,8,0,0,1,7,2194,914,1280,335,376,1818,6.54453210118505,6.97146972647702,6.239671953125,6.2324447761194,6.5374204787234,6.54600293179318,98
"102",2019,7,6.41,10,6.9,6.08333333333333,6.375,6.25,6.45,4,6,4,2,8,2204,918,1286,339,378,1826,6.54392170145191,6.97115831154684,6.23894253499222,6.23412684365782,6.53589973544974,6.54558232749179,99
"103",2019,8,6.29166666666667,12,6.625,5.625,5.16666666666667,NA,6.29166666666667,8,4,3,0,12,2216,926,1290,342,378,1838,6.54255569945849,6.96816774298056,6.2370388372093,6.22476315789474,6.53589973544974,6.54392455386289,100
"104",2019,9,6.44444444444444,9,6,6.66666666666667,6.5,NA,6.44444444444444,3,6,2,0,9,2225,929,1296,344,378,1847,6.54215884494382,6.96504125941873,6.23902785493827,6.22636337209302,6.53589973544974,6.54343981050352,101
"105",2019,10,6.225,6,NA,6.225,6,NA,6.225,0,6,2,0,6,2231,929,1302,346,378,1853,6.54130588525325,6.96504125941873,6.23896321044547,6.2250549132948,6.53589973544974,6.54240870480302,102
"106",2019,11,6.1875,8,6.625,5.75,6,5,6.35714285714286,4,4,1,1,7,2239,933,1306,347,379,1860,6.5400417284502,6.96358341907824,6.23746562021439,6.22440634005764,6.53184722955145,6.54171146774194,103
"107",2019,12,6.04545454545455,11,6,6.08333333333333,6,6,6.05,5,6,1,1,10,2250,938,1312,348,380,1870,6.53762374666667,6.95844704690832,6.23676074695122,6.22376149425288,6.53044763157895,6.53908199465241,104
"108",2020,1,6.57727272727273,11,7.10625,5.16666666666667,NA,7.4,6.495,8,3,0,1,10,2261,946,1315,348,381,1880,6.53781664307829,6.95969696617336,6.2343194676806,6.22376149425288,6.53272992125984,6.53884751595745,105
"109",2020,2,5.66428571428571,14,6.55,5,4,3,5.86923076923077,6,8,2,1,13,2275,952,1323,350,382,1893,6.53244106813187,6.95711484243698,6.22685570672713,6.21105428571429,6.52348193717278,6.53424898573693,106
"110",2020,3,5.28571428571429,7,5.5,5.2,3,4.66666666666667,5.75,2,5,1,3,4,2282,954,1328,351,385,1897,6.52861675284838,6.95406009433962,6.22298953313253,6.20190598290599,6.50901324675325,6.5325953241961,107
"111",2020,4,6.71,10,6.8875,6,6,NA,6.71,8,2,1,0,10,2292,962,1330,352,385,1907,6.52940812827225,6.95350658004158,6.22265421052631,6.20133238636364,6.50901324675325,6.53352560566335,108
"112",2020,5,6.36111111111111,9,7.0625,5.8,6,NA,6.36111111111111,4,5,3,0,9,2301,966,1335,355,385,1916,6.52874986093003,6.95395789855073,6.22107123595505,6.19963098591549,6.50901324675325,6.53271572546973,109
"113",2020,6,6.05384615384615,13,6.57142857142857,5.45,6.5,NA,6.05384615384615,7,6,3,0,13,2314,973,1341,358,385,1929,6.52608186257563,6.95120588900309,6.21762125279642,6.20214804469274,6.50901324675325,6.52948850699845,110
"114",2020,7,6.20833333333333,12,6.22727272727273,6,6,6.8,6.15454545454545,11,1,1,1,11,2326,984,1342,359,386,1940,6.52444257523646,6.9431131402439,6.21745909090909,6.20158495821727,6.5097670984456,6.52736254123711,111
"115",2020,8,5.975,8,6.3,5,6,5,6.11428571428571,6,2,1,1,7,2334,990,1344,360,387,1947,6.52255931019709,6.93921548484849,6.21564739583333,6.201025,6.50586589147287,6.52587741653827,112
"116",2020,9,6.45,10,6.3,6.6,6,7,6.38888888888889,5,5,2,1,9,2344,995,1349,362,388,1956,6.52224975682594,6.93600334673367,6.21707197924388,6.19991436464089,6.50713943298969,6.525247101227,113
"117",2020,10,5.07,10,6,4.14,3,NA,5.07,5,5,1,0,10,2354,1000,1354,363,388,1966,6.51608047153781,6.93132333,6.20940184638109,6.19109917355372,6.50713943298969,6.51784503051882,114
"118",2020,11,5.41,10,6.02,4.8,4,6,5.34444444444444,5,5,1,1,9,2364,1005,1359,364,389,1975,6.51140162013537,6.92678938308458,6.20421640912435,6.18507967032967,6.50583573264782,6.5124978886076,115
"119",2020,12,6.48421052631579,19,6.75,6.02857142857143,6.16666666666667,7,6.45555555555556,12,7,3,1,18,2383,1017,1366,367,390,1993,6.51118482165338,6.9247033726647,6.2033163250366,6.18492915531335,6.50710282051282,6.5119836076267,116
"120",2021,1,6.11222166666667,6,7.1683325,4,NA,NA,6.11222166666667,4,2,0,0,6,2389,1021,1368,367,390,1999,6.51018282126413,6.92565784524976,6.20009510233918,6.18492915531335,6.50710282051282,6.51078372186093,117
"121",2021,2,6.1,11,6.8,5.51666666666667,6,7,6.01,5,6,1,1,10,2400,1026,1374,368,391,2009,6.50830281666667,6.92504547758285,6.19711069868995,6.18442663043478,6.50836342710998,6.50829102040817,118
"122",2021,3,6.75,4,6.66666666666667,7,NA,NA,6.75,3,1,0,0,4,2404,1029,1375,368,391,2013,6.5087049750416,6.92429218658892,6.19769461818182,6.18442663043478,6.50836342710998,6.50877131644312,119
"123",2021,4,5.4,5,6.5,4.66666666666667,NA,NA,5.4,2,3,0,0,5,2409,1031,1378,368,391,2018,6.50640380240764,6.92346911736179,6.1943614658926,6.18442663043478,6.50836342710998,6.50602411298315,120
"124",2021,5,6.04,10,6.48,5.6,NA,6.5,5.925,5,5,0,2,8,2419,1036,1383,368,393,2026,6.50447571723853,6.92132882239382,6.19221265365148,6.18442663043478,6.50832086513995,6.50372984205331,121
"125",2021,6,7.625,4,6.83333333333333,10,NA,NA,7.625,3,1,0,0,4,2423,1039,1384,368,393,2030,6.5063255303343,6.92107474494707,6.1949639450867,6.18442663043478,6.50832086513995,6.50593924137931,122
"126",2021,7,7.13333333333333,6,7.16,7,NA,NA,7.13333333333333,5,1,0,0,6,2429,1044,1385,368,393,2036,6.50787433511733,6.92221902298851,6.19554519855595,6.18442663043478,6.50832086513995,6.50778814341847,123
"127",2021,8,6.5,4,6.5,NA,NA,7.5,5.5,4,0,0,2,2,2433,1048,1385,368,395,2038,6.5078613892314,6.9206075,6.19554519855595,6.18442663043478,6.51334202531646,6.50679914622179,124
"128",2021,9,5.38,10,6.13333333333333,4.25,5,2,5.75555555555556,6,4,1,1,9,2443,1054,1389,369,396,2047,6.50324468276709,6.91612586337761,6.18994247660187,6.18121680216802,6.5019446969697,6.50349617000489,125
"129",2021,10,5.94428571428571,7,7,5.76833333333333,7,7,5.76833333333333,1,6,1,1,6,2450,1055,1395,370,397,2053,6.50164765714286,6.91620536492891,6.18812910394265,6.18342972972973,6.50319924433249,6.50134761811983,126
"130",2021,11,5.28571428571429,7,6,4.33333333333333,4,4,5.5,4,3,1,1,6,2457,1059,1398,371,398,2059,6.49818345950346,6.91274472143532,6.18414885550787,6.17754447439353,6.49690979899498,6.49842965517242,127
"131",2021,12,6.125,8,6.25,6,5,7,6,4,4,1,1,7,2465,1063,1402,372,399,2066,6.49697231643002,6.91025085606773,6.18362346647646,6.17437903225807,6.49817067669173,6.49674088092933,128
"132",2022,1,6.10714285714286,14,6.5,5.58333333333333,7.5,7.5,6,8,6,1,1,13,2479,1071,1408,373,400,2079,6.49477077853974,6.9071864239029,6.18106541193182,6.17793297587132,6.50067525,6.49363475709476,129
"133",2022,2,7.07692307692308,13,7.6,5.33333333333333,5,5,7.25,10,3,1,1,12,2492,1081,1411,374,401,2091,6.49780768860353,6.91359543015726,6.17926300496102,6.17478342245989,6.49693291770574,6.49797544715447,130
"134",2022,3,6.25,6,6.25,6.25,6,NA,6.25,4,2,1,0,6,2498,1085,1413,375,401,2097,6.49721247397919,6.91114899539171,6.17936312809625,6.17431733333333,6.49693291770574,6.49726593228422,131
"135",2022,4,5.625,4,6,5.5,5.5,NA,5.625,1,3,1,0,4,2502,1086,1416,376,401,2101,6.49581804956035,6.91031,6.17792379943503,6.17252393617021,6.49693291770574,6.49560526415993,132
"136",2022,5,5.66666666666667,6,5.66666666666667,NA,NA,5,5.8,6,0,0,1,5,2508,1092,1416,376,402,2106,6.4938344338118,6.9034767948718,6.17792379943503,6.17252393617021,6.4932092039801,6.49395377967711,133
"137",2022,6,6.26666666666667,6,6.525,5.75,NA,NA,6.26666666666667,4,2,0,0,6,2514,1096,1418,376,402,2112,6.49329226730311,6.90209549270073,6.17732023977433,6.17252393617021,6.4932092039801,6.49330807765152,134
"138",2022,7,6.78888888888889,9,7.43333333333333,5.5,3,8,6.44285714285714,6,3,1,2,7,2523,1102,1421,377,404,2119,6.49434671422909,6.90498789473684,6.1758902885292,6.16410875331565,6.50066856435644,6.49314141576215,135
"139",2022,8,6.53333333333333,9,6.62,6.425,5.25,NA,6.53333333333333,5,4,2,0,9,2532,1107,1425,379,404,2128,6.49448529225909,6.9037006865402,6.17658954385965,6.15928496042217,6.50066856435644,6.49331140037594,136
