"","year","month","avg_rating","no_ratings","avg_rating_owned","avg_rating_not_owned","avg_rating_prev_owned","avg_rating_comment","avg_rating_no_comment","no_ratings_owned","no_ratings_not_owned","no_ratings_prev_owned","no_ratings_comment","no_ratings_no_comment","cum_no_ratings","cum_no_ratings_owned","cum_no_ratings_not_owned","cum_no_ratings_prev_owned","cum_no_ratings_comment","cum_no_ratings_no_comment","cum_avg_rating","cum_avg_rating_owned","cum_avg_rating_not_owned","cum_avg_rating_prev_owned","cum_avg_rating_comment","cum_avg_rating_no_comment","month_after_release"
"1",2002,3,8,1,8,NA,NA,NA,8,1,0,0,0,1,1,1,0,0,0,1,8,8,NA,NA,NA,8,0
"2",2002,5,7,1,7,NA,NA,7,NA,1,0,0,1,0,2,2,0,0,1,1,7.5,7.5,NA,NA,7,8,2
"3",2002,8,7,1,7,NA,NA,NA,7,1,0,0,0,1,3,3,0,0,1,2,7.33333333333333,7.33333333333333,NA,NA,7,7.5,5
"4",2002,10,6,1,NA,6,NA,NA,6,0,1,0,0,1,4,3,1,0,1,3,7,7.33333333333333,6,NA,7,7,7
"5",2003,5,8,8,8.42857142857143,5,NA,7.85714285714286,9,7,1,0,7,1,12,10,2,0,8,4,7.66666666666667,8.1,5.5,NA,7.75,7.5,14
"6",2003,6,7.1,5,7.83333333333333,6,7,6.75,8.5,3,2,1,4,1,17,13,4,1,12,5,7.5,8.03846153846154,5.75,7,7.41666666666667,7.7,15
"7",2003,7,6.73214285714286,28,7.70833333333333,6,5,7.16666666666667,6.40625,12,16,2,12,16,45,25,20,3,24,21,7.02222222222222,7.88,5.95,5.66666666666667,7.29166666666667,6.71428571428571,16
"8",2003,8,6.8125,16,8,6.1,NA,6.16666666666667,7.2,6,10,0,6,10,61,31,30,3,30,31,6.9672131147541,7.90322580645161,6,5.66666666666667,7.06666666666667,6.87096774193548,17
"9",2003,9,7.05,8,7.73333333333333,5,NA,6.98,7.16666666666667,6,2,0,5,3,69,37,32,3,35,34,6.9768115942029,7.87567567567567,5.9375,5.66666666666667,7.05428571428571,6.89705882352941,18
"10",2003,10,6.16666666666667,6,8,5.25,6,5,7.33333333333333,2,4,1,3,3,75,39,36,4,38,37,6.912,7.88205128205128,5.86111111111111,5.75,6.89210526315789,6.93243243243243,19
"11",2003,11,6.85714285714286,7,7.6,5,NA,6.375,7.5,5,2,0,4,3,82,44,38,4,42,40,6.90731707317073,7.85,5.81578947368421,5.75,6.84285714285714,6.975,20
"12",2003,12,6.33333333333333,9,6.41666666666667,6.16666666666667,NA,6.25,6.4,6,3,0,4,5,91,50,41,4,46,45,6.85054945054945,7.678,5.84146341463415,5.75,6.79130434782609,6.91111111111111,21
"13",2004,1,6.72222222222222,18,7.61111111111111,5.83333333333333,6.5,7.05555555555556,6.38888888888889,9,9,2,9,9,109,59,50,6,55,54,6.82935779816514,7.66779661016949,5.84,6,6.83454545454545,6.82407407407407,22
"14",2004,2,7.40909090909091,11,7.61111111111111,6.5,NA,7.125,7.57142857142857,9,2,0,4,7,120,68,52,6,59,61,6.8825,7.66029411764706,5.86538461538461,6,6.85423728813559,6.90983606557377,23
"15",2004,3,7.23529411764706,17,7.5,6.6,NA,7.75,7.07692307692308,12,5,0,4,13,137,80,57,6,63,74,6.92627737226277,7.63625,5.92982456140351,6,6.91111111111111,6.93918918918919,24
"16",2004,4,6.375,8,7.75,5,7,5.6,7.66666666666667,4,4,1,5,3,145,84,61,7,68,77,6.89586206896552,7.64166666666667,5.86885245901639,6.14285714285714,6.81470588235294,6.96753246753247,25
"17",2004,5,7.02631578947368,19,7.19230769230769,6.66666666666667,6,7,7.0625,13,6,2,11,8,164,97,67,9,79,85,6.9109756097561,7.58144329896907,5.94029850746269,6.11111111111111,6.84050632911392,6.97647058823529,26
"18",2004,6,7.17647058823529,17,7.5,6.71428571428571,7.25,6.71428571428571,7.5,10,7,4,7,10,181,107,74,13,86,95,6.93591160220994,7.57383177570093,6.01351351351351,6.46153846153846,6.83023255813953,7.03157894736842,27
"19",2004,7,6.92857142857143,14,7.09090909090909,6.33333333333333,NA,6.5,7.5,11,3,0,8,6,195,118,77,13,94,101,6.93538461538462,7.52881355932203,6.02597402597403,6.46153846153846,6.80212765957447,7.05940594059406,28
"20",2004,8,7.43333333333333,15,7.68181818181818,6.75,6.5,7.1875,7.71428571428571,11,4,1,8,7,210,129,81,14,102,108,6.97095238095238,7.54186046511628,6.06172839506173,6.46428571428571,6.83235294117647,7.10185185185185,29
"21",2004,9,6.44444444444444,18,6.7,6.125,6.5,6.6,6.25,10,8,1,10,8,228,139,89,15,112,116,6.92938596491228,7.48129496402878,6.06741573033708,6.46666666666667,6.81160714285714,7.04310344827586,30
"22",2004,10,7.04166666666667,12,7.25,6.625,7,7,7.05555555555556,8,4,1,3,9,240,147,93,16,115,125,6.935,7.4687074829932,6.09139784946237,6.5,6.81652173913043,7.044,31
"23",2004,11,6.96521739130435,23,7.42352941176471,5.66666666666667,6.5,6.33636363636364,7.54166666666667,17,6,2,11,12,263,164,99,18,126,137,6.93764258555133,7.4640243902439,6.06565656565657,6.5,6.77460317460317,7.08759124087591,32
"24",2004,12,6.12666666666667,15,6.59,5.2,NA,5.7,6.5,10,5,0,7,8,278,174,104,18,133,145,6.89388489208633,7.41379310344828,6.02403846153846,6.5,6.71804511278195,7.0551724137931,33
"25",2005,1,6.80740740740741,27,6.94,6.42857142857143,6.5,6.75,6.89090909090909,20,7,3,16,11,305,194,111,21,149,156,6.88622950819672,7.36494845360825,6.04954954954955,6.5,6.72147651006711,7.04358974358974,34
"26",2005,2,6.68518518518519,27,7.19230769230769,6.21428571428571,6.5,6.71428571428571,6.65384615384615,13,14,5,14,13,332,207,125,26,163,169,6.86987951807229,7.35410628019324,6.068,6.5,6.72085889570552,7.01360946745562,35
"27",2005,3,6.51086956521739,23,6.63461538461539,6.35,7.5,5.80769230769231,7.425,13,10,4,13,10,355,220,135,30,176,179,6.84661971830986,7.31159090909091,6.08888888888889,6.63333333333333,6.65340909090909,7.03659217877095,36
"28",2005,4,6.83333333333333,21,7.80769230769231,5.25,6.33333333333333,6.78571428571429,6.85714285714286,13,8,3,7,14,376,233,143,33,183,193,6.84587765957447,7.3392703862661,6.04195804195804,6.60606060606061,6.65846994535519,7.02357512953368,37
"29",2005,5,6.675,24,7.19285714285714,5.95,6,7.13636363636364,6.28461538461538,14,10,2,11,13,400,247,153,35,194,206,6.835625,7.33097165991903,6.0359477124183,6.57142857142857,6.68556701030928,6.97694174757282,38
"30",2005,6,5.84166666666667,18,7.1875,4.765,5.9,5.365,6.4375,8,10,5,10,8,418,255,163,40,204,214,6.79282296650718,7.32647058823529,5.9579754601227,6.4875,6.62083333333333,6.95677570093458,39
"31",2005,7,6.73809523809524,21,6.85294117647059,6.25,NA,6.28571428571429,6.96428571428571,17,4,0,7,14,439,272,167,40,211,228,6.79020501138952,7.296875,5.96497005988024,6.4875,6.60971563981043,6.95723684210526,40
"32",2005,8,6.34285714285714,28,6.96666666666667,5.62307692307692,7,6.35,6.33333333333333,15,13,2,16,12,467,287,180,42,227,240,6.76338329764454,7.27961672473868,5.94027777777778,6.51190476190476,6.59140969162996,6.92604166666667,41
"33",2005,9,6.16129032258065,31,6.44444444444444,5.76923076923077,7,5.88888888888889,6.53846153846154,18,13,3,18,13,498,305,193,45,245,253,6.72590361445783,7.23032786885246,5.92875647668394,6.54444444444444,6.53979591836735,6.90612648221344,42
"34",2005,10,6.65666666666667,30,7.15238095238095,5.5,6.5,6.77647058823529,6.5,21,9,2,17,13,528,326,202,47,262,266,6.7219696969697,7.22530674846626,5.90965346534653,6.54255319148936,6.55515267175573,6.88627819548872,43
"35",2005,11,6.8875,40,7.125,6.33333333333333,6.5,7.15625,6.70833333333333,28,12,2,16,24,568,354,214,49,278,290,6.73362676056338,7.21737288135593,5.93341121495327,6.54081632653061,6.58974820143885,6.87155172413793,44
"36",2005,12,6.72222222222222,36,7.42105263157895,5.94117647058824,6.5,6.97058823529412,6.5,19,17,3,17,19,604,373,231,52,295,309,6.73294701986755,7.22774798927614,5.93398268398268,6.53846153846154,6.61169491525424,6.84870550161812,45
"37",2006,1,6.94838709677419,31,7.31818181818182,6.04444444444444,6.75,7.26363636363636,6.775,22,9,2,11,20,635,395,240,54,306,329,6.74346456692913,7.23278481012658,5.938125,6.5462962962963,6.63513071895425,6.84422492401216,46
"38",2006,2,6.89655172413793,29,7.11111111111111,6.54545454545455,7.5,6.5,7.38461538461539,18,11,2,16,13,664,413,251,56,322,342,6.75015060240964,7.2274818401937,5.96474103585657,6.58035714285714,6.62841614906832,6.86476608187134,47
"39",2006,3,6.44651162790698,43,6.80666666666667,5.61538461538461,5.33333333333333,6.04166666666667,6.60322580645161,30,13,3,12,31,707,443,264,59,334,373,6.73168316831683,7.1989841986456,5.94753787878788,6.51694915254237,6.60733532934132,6.84302949061662,48
"40",2006,4,7.25925925925926,27,7.45454545454545,6.4,NA,7.38888888888889,7.19444444444444,22,5,0,9,18,734,465,269,59,343,391,6.75108991825613,7.2110752688172,5.95594795539033,6.51694915254237,6.62784256559767,6.85920716112532,49
"41",2006,5,6.51086956521739,23,6.796875,5.85714285714286,5,6.16071428571429,7.05555555555556,16,7,1,14,9,757,481,276,60,357,400,6.74379128137384,7.1972972972973,5.95344202898551,6.49166666666667,6.60952380952381,6.863625,50
"42",2006,6,6.715,20,6.8,6.46,6.5,7.14285714285714,6.48461538461538,15,5,2,7,13,777,496,281,62,364,413,6.74305019305019,7.18528225806452,5.96245551601424,6.49193548387097,6.61978021978022,6.85169491525424,51
"43",2006,7,6.446875,32,6.97058823529412,5.85333333333333,6.66666666666667,6.31666666666667,6.525,17,15,3,12,20,809,513,296,65,376,433,6.73133498145859,7.17816764132554,5.95692567567568,6.5,6.61010638297873,6.83660508083141,52
"44",2006,8,6.44516129032258,31,6.86315789473684,5.78333333333333,6.46666666666667,6.55714285714286,6.35294117647059,19,12,3,14,17,840,532,308,68,390,450,6.72077380952381,7.16691729323308,5.95016233766234,6.49852941176471,6.60820512820513,6.81833333333333,53
"45",2006,9,6.3037037037037,27,7.1375,5.09090909090909,5,6.35,6.26666666666667,16,11,1,12,15,867,548,319,69,402,465,6.70778546712803,7.16605839416058,5.9205329153605,6.4768115942029,6.60049751243781,6.8005376344086,54
"46",2006,10,6.4469696969697,33,6.9125,5.73076923076923,6,6.1875,6.53,20,13,2,8,25,900,568,332,71,410,490,6.69822222222222,7.15713028169014,5.91310240963855,6.46338028169014,6.59243902439025,6.78673469387755,55
"47",2006,11,6.51612903225806,31,6.91176470588235,6.03571428571429,6.33333333333333,5.5,6.8125,17,14,3,7,24,931,585,346,74,417,514,6.6921589688507,7.15,5.91806358381503,6.45810810810811,6.57410071942446,6.78793774319066,56
"48",2006,12,6.39622641509434,53,6.64516129032258,6.04545454545455,6.92857142857143,6.16666666666667,6.48684210526316,31,22,7,15,38,984,616,368,81,432,552,6.67621951219512,7.12459415584416,5.92567934782609,6.49876543209877,6.55995370370371,6.76721014492754,57
"49",2007,1,6.26037735849057,53,6.6375,5.94827586206897,6.25,6.13157894736842,6.33235294117647,24,29,4,19,34,1037,640,397,85,451,586,6.6549662487946,7.106328125,5.92732997481108,6.48705882352941,6.54190687361419,6.7419795221843,58
"50",2007,2,6.38224852941176,34,6.60952380952381,6.01511153846154,7.375,6.24285714285714,6.4798225,21,13,4,14,20,1071,661,410,89,465,606,6.64630854341737,7.09054462934947,5.93011329268293,6.52696629213483,6.53290322580645,6.73332747524752,59
"51",2007,3,6.61142857142857,35,6.875,6.26,7.18,7.06,6.275,20,15,5,15,20,1106,681,425,94,480,626,6.64520474683544,7.08421439060206,5.94175635294118,6.56170212765957,6.549375,6.71868442492013,60
"52",2007,4,6.62564102564103,39,7.10434782608696,5.9375,6.66666666666667,6.375,6.88947368421053,23,16,3,20,19,1145,704,441,97,500,645,6.64453838427948,7.08487215909091,5.94160192743764,6.56494845360825,6.5424,6.72371542635659,61
"53",2007,5,6.04878048780488,41,6.48,5.375,6,5.87058823529412,6.175,25,16,3,17,24,1186,729,457,100,517,669,6.62394304384486,7.06412894375857,5.92176466083151,6.548,6.52030947775629,6.70403056801196,62
"54",2007,6,6.54883720930233,43,6.95416666666667,6.03684210526316,6.5,5.92307692307692,6.82,24,19,4,13,30,1229,753,476,104,530,699,6.62131525630594,7.06062416998672,5.92635808823529,6.54615384615385,6.50566037735849,6.70900779685265,63
"55",2007,7,6.56216216216216,37,6.74137931034483,5.9125,5.75,5.90909090909091,6.83846153846154,29,8,2,11,26,1266,782,484,106,541,725,6.61958645339652,7.04878516624041,5.92612902892562,6.5311320754717,6.49353049907579,6.71365027586207,64
"56",2007,8,6.53409090909091,44,6.44444444444444,6.59615384615385,7.875,6.44736842105263,6.6,18,26,4,19,25,1310,800,510,110,560,750,6.61671484732824,7.0351875,5.96028715686275,6.58,6.49196428571429,6.70986193333333,65
"57",2007,9,6.57692307692308,39,7.14583333333333,5.66666666666667,6,6.34347826086957,6.9125,24,15,3,23,16,1349,824,525,113,583,766,6.61556445515196,7.03841019417476,5.951898,6.5646017699115,6.48610634648371,6.71409458224543,66
"58",2007,10,6.72868421052632,38,7.04347826086957,6.246,5,6.71125,6.73333333333333,23,15,1,8,30,1387,847,540,114,591,796,6.61866362653208,7.03854781582054,5.9600675,6.55087719298246,6.48915397631134,6.71481966080402,67
"59",2007,11,6.81772727272727,66,7.12487179487179,6.37407407407407,6.65,6.92192307692308,6.75,39,27,4,26,40,1453,886,567,118,617,836,6.6277057467309,7.04234762979684,5.97978209876543,6.55423728813559,6.50739059967585,6.71650293062201,68
"60",2007,12,6.61212121212121,66,6.81904761904762,6.25,6.83333333333333,6.59230769230769,6.625,42,24,3,26,40,1519,928,591,121,643,876,6.62702860434496,7.03224137931034,5.99075541455161,6.56115702479339,6.51082426127527,6.71232471461187,69
"61",2008,1,6.87325581395349,86,7.23660714285714,6.195,6.5,6.7875,6.91465517241379,56,30,6,28,58,1605,984,621,127,671,934,6.64022208722741,7.04387195121951,6.00062230273752,6.55826771653543,6.5223695976155,6.72488913276231,70
"62",2008,2,6.45098039215686,51,6.92592592592593,5.91666666666667,6,6.40625,6.47142857142857,27,24,7,16,35,1656,1011,645,134,687,969,6.63439399154589,7.04072205736894,5.99749837209302,6.52910447761194,6.51966521106259,6.71573421052632,71
"63",2008,3,6.536,50,6.81724137931035,6.14761904761905,7.025,6.37222222222222,6.628125,29,21,4,18,32,1706,1040,666,138,705,1001,6.63151022860492,7.03449038461538,6.00223190690691,6.54347826086957,6.51590070921986,6.71293351648352,72
"64",2008,4,6.78076923076923,39,7.13541666666667,6.21333333333333,5.33333333333333,6.82307692307692,6.75961538461539,24,15,3,13,26,1745,1064,681,141,718,1027,6.63484610315186,7.03676691729323,6.00688171806167,6.5177304964539,6.52146239554318,6.71411533592989,73
"65",2008,5,6.35121951219512,41,7.04166666666667,5.37647058823529,7.5,6.72222222222222,6.06086956521739,24,17,2,18,23,1786,1088,698,143,736,1050,6.62833507838746,7.036875,5.99152786532951,6.53146853146853,6.5263722826087,6.69980614285714,74
"66",2008,6,6.44892857142857,42,7.0687037037037,5.33333333333333,5.75,6.57033333333333,6.38148148148148,27,15,2,15,27,1828,1115,713,145,751,1077,6.62421304704595,7.03764573991031,5.97768085553997,6.52068965517241,6.52725033288948,6.69182585886723,75
"67",2008,7,6.45902777777778,72,7.1,5.91666666666667,5.89,6.16129032258065,6.68414634146342,33,39,25,31,41,1900,1148,752,170,782,1118,6.61795339473684,7.0394381533101,5.97451655585106,6.42794117647059,6.51274296675192,6.69154423076923,76
"68",2008,8,6.42788461538461,52,6.89,6,6.04545454545455,6.36842105263158,6.46212121212121,25,27,11,19,33,1952,1173,779,181,801,1151,6.61289008709016,7.03625319693095,5.97539980744544,6.40469613259669,6.50931960049938,6.68496650738488,77
"69",2008,9,6.55681818181818,44,7.26470588235294,6.11111111111111,5.5,6.27272727272727,6.65151515151515,17,27,8,11,33,1996,1190,806,189,812,1184,6.61165403306613,7.03951680672269,5.97994596774193,6.36640211640212,6.50611453201971,6.68403416385135,78
"70",2008,10,6.3695652173913,46,7.15217391304348,5.58695652173913,5.64285714285714,5.76666666666667,6.66129032258065,23,23,14,15,31,2042,1213,829,203,827,1215,6.60620051420176,7.0416529266282,5.96904276236429,6.31650246305419,6.49270253929867,6.68345386831276,79
"71",2008,11,6.6375,40,7.11666666666667,6.24545454545455,6.1375,6.89090909090909,6.54137931034483,18,22,8,11,29,2082,1231,851,211,838,1244,6.60680184918348,7.04274979691308,5.97618854289072,6.30971563981043,6.49792959427208,6.68014184083601,80
"72",2008,12,6.20327868852459,61,6.825,5.51724137931035,5.82142857142857,6.225,6.19268292682927,32,29,14,20,41,2143,1263,880,225,858,1285,6.59531565562296,7.03723277909739,5.96106414772727,6.27933333333333,6.4915675990676,6.6645886770428,81
"73",2009,1,6.58953488372093,86,7.07596153846154,5.84558823529412,5.5,6.37068965517241,6.70087719298246,52,34,21,29,57,2229,1315,914,246,887,1342,6.59509262000897,7.03876425855514,5.95676854485777,6.21280487804878,6.48761555806088,6.66612999254844,82
"74",2009,2,6.6156,75,7.06076923076923,6.13333333333333,6.12727272727273,6.51818181818182,6.65603773584906,39,36,11,22,53,2304,1354,950,257,909,1395,6.59576017795139,7.03939807976367,5.96345942105263,6.2091439688716,6.48835533553355,6.66574655913979,83
"75",2009,3,6.15576923076923,78,6.72926829268293,5.52027027027027,5.39583333333333,5.71818181818182,6.32767857142857,41,37,12,22,56,2382,1395,987,269,931,1451,6.58135241393787,7.03028315412187,5.94684544072948,6.1728624535316,6.47015574650913,6.65269913852516,84
"76",2009,4,6.44276315789474,76,6.9448275862069,6.13297872340426,6.11538461538461,6.65789473684211,6.37105263157895,29,47,13,19,57,2458,1424,1034,282,950,1508,6.57706731082181,7.02854283707865,5.95530604448743,6.17021276595745,6.47391052631579,6.64205334880637,85
"77",2009,5,6.54305555555556,72,7.11071428571429,6.18181818181818,6.2,5.93888888888889,6.74444444444444,28,44,15,18,54,2530,1452,1078,297,968,1562,6.57609938735178,7.03012741046832,5.96455143784786,6.17171717171717,6.46396177685951,6.6455931177977,86
"78",2009,6,6.63965517241379,58,6.97931034482759,6.3,6.03076923076923,6.75,6.60116279069767,29,29,13,15,43,2588,1481,1107,310,983,1605,6.57752374420402,7.02913234301148,5.9733391598916,6.1658064516129,6.46832655137335,6.64440277258567,87
"79",2009,7,6.40223880597015,67,6.96470588235294,5.82272727272727,5.75,6.15,6.45727272727273,34,33,12,12,55,2655,1515,1140,322,995,1660,6.57310035781544,7.02768646864687,5.96897934210526,6.15031055900621,6.46448743718593,6.63820268072289,88
"80",2009,8,6.77844827586207,58,7.02173913043478,6.61857142857143,6.26666666666667,6.1,7.01511627906977,23,35,15,15,43,2713,1538,1175,337,1010,1703,6.5774903980833,7.02759752925878,5.98832889361702,6.15548961424332,6.45907425742574,6.64771958308867,89
"81",2009,9,6.488,50,6.7,6.34666666666667,6.51,5.91666666666667,6.73285714285714,20,30,15,15,35,2763,1558,1205,352,1025,1738,6.57587095548317,7.02339216944801,5.9972501659751,6.17059659090909,6.45113658536585,6.64943409090909,90
"82",2009,10,6.47402985074627,67,6.91090909090909,6.05,5.9,6.14285714285714,6.56150943396226,33,34,10,14,53,2830,1591,1239,362,1039,1791,6.57345987632509,7.02105908233815,5.99869769975787,6.16312154696133,6.44698267564966,6.64683218872139,91
"83",2009,11,6.35277777777778,72,7.20344827586207,5.77906976744186,5.40476190476191,5.94444444444444,6.48888888888889,29,43,21,18,54,2902,1620,1282,383,1057,1845,6.56798464851826,7.02432407407407,5.99133108424337,6.12154046997389,6.4384247871334,6.64220945799458,92
"84",2009,12,6.49911392405063,79,6.92942857142857,6.15681818181818,6.34705882352941,6.67647058823529,6.45048387096774,35,44,17,17,62,2981,1655,1326,400,1074,1907,6.56615949345857,7.02231722054381,5.99682236048265,6.131125,6.44219273743017,6.63597611431568,93
"85",2010,1,6.71379310344828,87,6.84017857142857,6.48548387096774,6.18571428571429,6.21666666666667,6.8719696969697,56,31,14,21,66,3068,1711,1357,414,1095,1973,6.57034597457627,7.01635593220339,6.00798559322034,6.13297101449275,6.43786757990868,6.64387047643183,94
"86",2010,2,6.16489361702128,47,6.9,5.62037037037037,5.8125,6.265625,6.11290322580645,20,27,12,16,31,3115,1731,1384,426,1111,2004,6.56422839486356,7.01501155401502,6.00042373554913,6.12394366197183,6.43538703870387,6.63565691117765,95
"87",2010,3,6.26078431372549,51,6.772,5.76923076923077,6.66666666666667,7.5,6.03023255813954,25,26,6,8,43,3166,1756,1410,432,1119,2047,6.55934031901453,7.01155182232346,5.99616060283688,6.13148148148148,6.4429982126899,6.62293915486077,96
"88",2010,4,6.24259259259259,54,6.74193548387097,5.5695652173913,5.3,6.33333333333333,6.21666666666667,31,23,10,12,42,3220,1787,1433,442,1131,2089,6.55402840062112,7.00687465025182,5.9893136427076,6.11266968325792,6.44183465959328,6.61477091910005,97
"89",2010,5,6.50263157894737,38,6.79411764705882,6.26666666666667,6.8,6.56,6.48214285714286,17,21,5,10,28,3258,1804,1454,447,1141,2117,6.55342892879067,7.00486973392461,5.99331942916093,6.12035794183445,6.44287028921998,6.61301674539443,98
"90",2010,6,6.225,20,6.85,5.6,6.5,6.1,6.26666666666667,10,10,2,5,15,3278,1814,1464,449,1146,2132,6.55142509151922,7.00401598676957,5.99063282103825,6.12204899777283,6.44137434554974,6.61057994840525,99
"91",2010,7,6.30285714285714,35,6.9,5.90476190476191,6.15,6.3,6.30333333333333,14,21,10,5,30,3313,1828,1485,459,1151,2162,6.54879910956836,7.0032193654267,5.98941848484848,6.12265795206972,6.44076020851434,6.60631658186864,100
"92",2010,8,6.58648648648649,37,7.09,5.99411764705882,6.12857142857143,5.625,6.85172413793103,20,17,7,8,29,3350,1848,1502,466,1159,2191,6.54921535820895,7.00415854978355,5.98947167110519,6.12274678111588,6.43512942191545,6.60956478776814,101
"93",2010,9,6.29,30,7.15714285714286,5.53125,5.08333333333333,5.82,6.525,14,16,6,10,20,3380,1862,1518,472,1169,2211,6.54691463017751,7.00530880773362,5.98464193017128,6.10953389830509,6.42986740804106,6.60879984170059,102
"94",2010,10,6.12272727272727,22,6.875,5.69285714285714,5.8125,5.86666666666667,6.21875,8,14,8,6,16,3402,1870,1532,480,1175,2227,6.54417150205761,7.0047513368984,5.98197548955613,6.10458333333334,6.4269914893617,6.60599750785811,103
"95",2010,11,6.08297872340426,47,6.69090909090909,5.548,5.78571428571429,5.9375,6.19074074074074,22,25,14,20,27,3449,1892,1557,494,1195,2254,6.5378867642795,7.00110200845666,5.97500735388568,6.09554655870445,6.41879916317992,6.60102326974268,104
"96",2010,12,6.65625,56,7.07142857142857,6.24107142857143,6.04166666666667,7.36363636363636,6.48333333333333,28,28,12,11,45,3505,1920,1585,506,1206,2299,6.53977787446505,7.00212760416667,5.97970753943218,6.09426877470356,6.42741708126037,6.59871963897347,105
"97",2011,1,6.32258064516129,62,7.016,5.85405405405405,6.26875,6.03684210526316,6.44883720930233,25,37,16,19,43,3567,1945,1622,522,1225,2342,6.53600264928511,7.0023059125964,5.97684121454994,6.09961685823755,6.42135918367347,6.5959677412468,106
"98",2011,2,6.48,49,6.91448275862069,5.85,5.6,6.96,6.4,29,20,7,7,42,3616,1974,1642,529,1232,2384,6.53524376382743,7.001015704154,5.9752962545676,6.09300567107751,6.42441964285715,6.59251528942953,107
"99",2011,3,6.88980769230769,52,7.41727272727273,5.97368421052632,6.42857142857143,6.94117647058824,6.86485714285714,33,19,7,17,35,3668,2007,1661,536,1249,2419,6.54027029716467,7.00785999003488,5.97527781456954,6.09738805970149,6.43145316253003,6.59645574617611,108
"100",2011,4,6.54137931034483,29,6.86875,6.13846153846154,5.58333333333333,6.26363636363636,6.71111111111111,16,13,6,11,18,3697,2023,1674,542,1260,2437,6.54027899648363,7.00675976272862,5.97654507168459,6.09169741697417,6.4299880952381,6.5973026056627,109
"101",2011,5,6.38636363636364,44,7.24705882352941,5.84444444444444,6.28,5.45,6.7375,17,27,5,12,32,3741,2040,1701,547,1272,2469,6.53846871157444,7.00876225490196,5.97444823633157,6.09341864716636,6.4207429245283,6.59911966383151,110
"102",2011,6,6.45833333333333,24,6.72727272727273,6.23076923076923,6,7,6.27777777777778,11,13,6,6,18,3765,2051,1714,553,1278,2487,6.53795788844621,7.00725255972696,5.97639232788798,6.09240506329114,6.42346244131456,6.59679390832328,111
"103",2011,7,6.62222222222222,36,7.13888888888889,6.10555555555556,6.5,6.75,6.59666666666667,18,18,4,6,30,3801,2069,1732,557,1284,2517,6.5387559721126,7.00839777670372,5.97773467090069,6.09533213644524,6.42498831775701,6.59679239173619,112
"104",2011,8,6.51323529411765,34,7.25,5.684375,5.96428571428571,5.725,6.84166666666667,18,16,7,10,24,3835,2087,1748,564,1294,2541,6.53852971316819,7.01048155246766,5.97504945652174,6.09370567375887,6.41957882534776,6.59910525383707,113
"105",2011,9,5.7962962962963,27,6.83333333333333,4.96666666666667,5.7,5.58333333333333,5.96666666666667,12,15,5,12,15,3862,2099,1763,569,1306,2556,6.53334061367167,7.00946879466413,5.9664699092456,6.0902460456942,6.41189509954058,6.59539375978091,114
"106",2011,10,6.34210526315789,38,7.4,5.65217391304348,5.55,6.3,6.35714285714286,15,23,10,10,28,3900,2114,1786,579,1316,2584,6.53147729487179,7.01223982970672,5.96242242441209,6.08091537132988,6.41104483282675,6.59281209365325,115
"107",2011,11,6.45365853658537,41,7.07777777777778,5.96521739130435,5.42857142857143,5.61428571428571,6.62647058823529,18,23,7,7,34,3941,2132,1809,586,1323,2618,6.5306677112408,7.01279315196998,5.962457960199,6.0731228668942,6.40682917611489,6.59324921695951,116
"108",2011,12,6.109375,32,6.30555555555556,5.85714285714286,4.5,4.875,6.28571428571429,18,14,2,4,28,3973,2150,1823,588,1327,2646,6.52727446513969,7.00687209302326,5.96164917718047,6.06777210884354,6.40221175584024,6.58999487906274,117
"109",2012,1,6.42045454545455,44,6.73478260869565,6.07619047619048,6,6.45,6.41176470588235,23,21,4,10,34,4017,2173,1844,592,1337,2680,6.52610441872044,7.00399217671422,5.96295360629067,6.06731418918919,6.40256918474196,6.58773375,118
"110",2012,2,6.18064516129032,31,7.0375,5.26666666666667,5.64285714285714,5.44444444444444,6.48181818181818,16,15,7,9,22,4048,2189,1859,599,1346,2702,6.52345885622529,7.00423709456373,5.95733536847768,6.06235392320534,6.39616270430907,6.58687137305699,119
"111",2012,3,6.9828125,32,7.16458333333333,6.4375,6.125,6.66666666666667,7.05576923076923,24,8,4,6,26,4080,2213,1867,603,1352,2728,6.52706162990196,7.00597605061003,5.95939284949116,6.06276948590382,6.39736316568048,6.59134034090909,120
"112",2012,4,5.946875,32,6.665,4.75,5.625,6.225,5.85416666666667,20,12,4,8,24,4112,2233,1879,607,1360,2752,6.52254655885214,7.00292207792208,5.95166921234699,6.05988467874794,6.39634926470588,6.58491150072674,121
"113",2012,5,6.55454545454545,33,7.02777777777778,5.98666666666667,5.5,7.66666666666667,6.44333333333333,18,15,5,3,30,4145,2251,1894,612,1363,2782,6.52280131483715,7.00312083518436,5.95194638331573,6.05531045751634,6.39914526779164,6.58338477713875,122
"114",2012,6,6.16216216216216,37,6.65,5.58823529411765,6.07142857142857,6.08333333333333,6.17741935483871,20,17,7,6,31,4182,2271,1911,619,1369,2813,6.51961058106169,7.00001100836636,5.94871085818943,6.05549273021002,6.3977611395179,6.57891093138997,123
"115",2012,7,7.03925925925926,27,7.46875,6.41454545454545,6.375,6.5,7.19333333333333,16,11,4,6,21,4209,2287,1922,623,1375,2834,6.52294403658826,7.00329033668562,5.95137692507804,6.05754414125201,6.39820727272727,6.58346381439661,124
"116",2012,8,6.64088235294118,34,6.86357142857143,6.485,6.4875,6.8125,6.58807692307692,14,20,8,8,26,4243,2301,1942,631,1383,2860,6.52388909969361,7.00244024337245,5.95687252832132,6.06299524564184,6.40060375994216,6.58350575174825,125
"117",2012,9,6.43947368421053,19,6.91153846153846,5.41666666666667,6,7.25,6.34411764705882,13,6,2,2,17,4262,2314,1948,633,1385,2877,6.52351277569216,7.00192955920484,5.95520864989733,6.06279620853081,6.40183032490975,6.5820912234967,126
"118",2012,10,6.3125,40,7.02777777777778,5.72727272727273,5.875,6.33333333333333,6.30645161290323,18,22,8,9,31,4302,2332,1970,641,1394,2908,6.52155077870758,7.00212907375643,5.95266317258883,6.06045241809672,6.4013880918221,6.57915283700138,127
"119",2012,11,6.1780487804878,41,7.22352941176471,5.4375,5.75,5.45454545454545,6.44333333333333,17,24,8,11,30,4343,2349,1994,649,1405,2938,6.51830795533042,7.00373137505322,5.94646261283851,6.05662557781202,6.39397508896797,6.57776598025868,128
"120",2012,12,6.53194444444444,36,7.02941176470588,6.08684210526316,6.01153846153846,6.5,6.53965517241379,17,19,13,7,29,4379,2366,2013,662,1412,2967,6.51842006165791,7.00391589180051,5.94778760556383,6.05574018126888,6.3945007082153,6.57739347826087,129
"121",2013,1,6.29711538461538,52,6.76724137931035,5.70434782608696,6.28571428571429,6.25,6.30975609756098,29,23,7,11,41,4431,2395,2036,669,1423,3008,6.51582294064545,7.00105010438414,5.94503754911591,6.05814648729447,6.39338369641602,6.57374549534574,130
"122",2013,2,6.56818181818182,33,6.45588235294118,6.6875,6.625,6,6.66964285714286,17,16,4,5,28,4464,2412,2052,673,1428,3036,6.51621000224014,6.99720771144279,5.95082673001949,6.06151560178306,6.39200630252101,6.57462992424242,131
"123",2013,3,6.27931034482759,29,7,5.69375,6.25,6.75,6.204,13,16,4,4,25,4493,2425,2068,677,1432,3061,6.51468093701313,6.99722268041237,5.9488377417795,6.06262924667652,6.3930062849162,6.57160289121202,132
"124",2013,4,6.42620689655172,29,7.09066666666667,5.71428571428571,6.33333333333333,6.472,6.41666666666667,15,14,6,5,24,4522,2440,2082,683,1437,3085,6.51411354489164,6.99779713114754,5.94726054274736,6.06500732064422,6.39328114126653,6.57039755267423,133
"125",2013,5,6.26,35,7.03,5.23333333333333,6.3,6.0125,6.33333333333333,20,15,5,8,27,4557,2460,2097,688,1445,3112,6.51216182795699,6.99805894308943,5.9421537672866,6.06671511627907,6.39117301038062,6.56834076156812,134
"126",2013,6,6.37037037037037,27,6.875,5.96666666666667,7,6.58333333333333,6.30952380952381,12,15,4,6,21,4584,2472,2112,692,1451,3133,6.51132666884817,6.99746156957929,5.94232786458333,6.0721098265896,6.39196760854583,6.56660595276093,135
"127",2013,7,6.40789473684211,38,7.23684210526316,5.57894736842105,4.75,6.28571428571429,6.43548387096774,19,19,4,7,31,4622,2491,2131,696,1458,3164,6.51047629813933,6.99928743476516,5.93908796339747,6.06451149425288,6.39145747599451,6.56532125474083,136
"128",2013,8,6.853125,32,7.2425,6.20416666666667,6.2,7.28181818181818,6.62857142857143,20,12,6,11,21,4654,2511,2143,702,1469,3185,6.51283228405672,7.00122461170848,5.94057230517965,6.06566951566952,6.39812457454051,6.565738288854,137
"129",2013,9,6.67903225806452,31,7.15333333333333,6.234375,6.375,6.28571428571429,6.79375,15,16,8,7,24,4685,2526,2159,710,1476,3209,6.51393200640341,7.00212787015044,5.94274962945808,6.06915492957747,6.39759146341464,6.56744358055469,138
"130",2013,10,6.70645161290323,31,7.02631578947368,6.2,5.45,6.3,6.78461538461538,19,12,6,5,26,4716,2545,2171,716,1481,3235,6.51519750848176,7.00230844793713,5.94417155688623,6.06396648044693,6.39726198514517,6.56918901081917,139
"131",2013,11,6.20512820512821,39,6.7,5.68421052631579,5.8125,6.28571428571429,6.1875,20,19,8,7,32,4755,2565,2190,724,1488,3267,6.5126543533123,6.99995126705653,5.94191618721461,6.06118784530387,6.3967372311828,6.56545039791858,140
"132",2013,12,6.70125,40,6.932,6.31666666666667,5.5,7,6.6265625,25,15,4,8,32,4795,2590,2205,728,1496,3299,6.51422762252346,6.99929536679537,5.94446551020408,6.0581043956044,6.39996323529412,6.56604317975144,141
"133",2014,1,6.50087719298246,57,6.98714285714286,5.72727272727273,6.3125,6.25,6.54183673469388,35,22,8,8,49,4852,2625,2227,736,1504,3348,6.5140707852432,6.99913333333333,5.94231991468343,6.06086956521739,6.39916555851064,6.56568890382318,142
"134",2014,2,6.653125,32,7.12352941176471,6.12,4.5,5.4,6.88518518518519,17,15,5,5,27,4884,2642,2242,741,1509,3375,6.51498186936937,6.99993376230129,5.94350867528992,6.05033738191633,6.39585487077535,6.56824487407407,143
"135",2014,3,6.81818181818182,33,7.10869565217391,6.15,5,7.28571428571429,6.69230769230769,23,10,1,7,26,4917,2665,2252,742,1516,3401,6.51701676835469,7.00087242026266,5.94442559946714,6.0489218328841,6.39996372031662,6.56919331079094,144
"136",2014,4,6.19615384615385,26,6.45454545454545,6.00666666666667,6.44,5.725,6.28181818181818,11,15,5,4,22,4943,2676,2267,747,1520,3423,6.51532904106818,6.99862668161435,5.94483742831936,6.05153949129853,6.3981875,6.56734631901841,145
"137",2014,5,6.4241724137931,29,6.83333333333333,5.98578571428571,6.25,5.6501,6.83157894736842,15,14,6,10,19,4972,2691,2281,753,1530,3442,6.51479735518906,6.99770531400966,5.94508875493205,6.0531208499336,6.39329803921569,6.56880489540965,146
"138",2014,6,6.38709677419355,31,6.95333333333333,5.85625,6.18888888888889,7.125,6.27777777777778,15,16,9,4,27,5003,2706,2297,762,1534,3469,6.51400608634819,6.99745934959349,5.94446993905094,6.05472440944882,6.39520599739244,6.56653976650332,147
"139",2014,7,7.03333333333333,21,7.39230769230769,6.45,6.16666666666667,7.375,6.95294117647059,13,8,3,4,17,5024,2719,2305,765,1538,3486,6.51617684116242,6.99934718646561,5.94622449023861,6.05516339869281,6.39775422626788,6.56842411072863,148
"140",2014,8,6.846875,32,7.13,6.375,6.33333333333333,6.46666666666667,6.93461538461538,20,12,3,6,26,5056,2739,2317,768,1544,3512,6.51826986748418,7.00030120481927,5.94844516616314,6.05625,6.39802202072539,6.57113509396355,149
"141",2014,9,6.82173913043478,23,7.69230769230769,5.69,6.7,7.4,6.66111111111111,13,10,2,5,18,5079,2752,2327,770,1549,3530,6.51964411301437,7.00357013081395,5.94733452943704,6.05792207792208,6.40125629438347,6.57159389518414,150
"142",2014,10,6.7469696969697,33,7.17058823529412,6.296875,6.5,6.325,6.882,17,16,4,8,25,5112,2769,2343,774,1557,3555,6.52111159037559,7.00459552184904,5.94972148954332,6.06020671834625,6.40086448298009,6.57377677918425,151
"143",2014,11,6.22692307692308,26,6.93076923076923,5.52307692307692,6.16,6.12857142857143,6.26315789473684,13,13,5,7,19,5138,2782,2356,779,1564,3574,6.51962289801479,7.00425053918044,5.94736733870968,6.06084724005135,6.39964578005115,6.57212547565753,152
"144",2014,12,6.74571428571429,35,6.6875,6.82333333333333,6.43333333333333,6.44285714285714,6.82142857142857,20,15,6,7,28,5173,2802,2371,785,1571,3602,6.52115260970423,7.00198965024982,5.95290908899199,6.06369426751592,6.39983831954169,6.57406342309828,153
"145",2015,1,6.80714285714286,49,7.08035714285714,6.44285714285714,5.66666666666667,6.69642857142857,6.85142857142857,28,21,6,14,35,5222,2830,2392,791,1585,3637,6.52383616430486,7.00276501766784,5.95721047240803,6.06068268015171,6.40245804416404,6.57673259554578,154
"146",2015,2,6.48846153846154,39,6.78125,6.28478260869565,5.805,6.4,6.50147058823529,16,23,10,5,34,5261,2846,2415,801,1590,3671,6.52357393081163,7.00151967673928,5.96033020703934,6.05749063670412,6.40245031446541,6.57603553527649,155
"147",2015,3,6.91176470588235,34,7.185,6.52142857142857,6.38888888888889,6.96,6.90344827586207,20,14,9,5,29,5295,2866,2429,810,1595,3700,6.52606656279509,7.00280006978367,5.96356420337587,6.06117283950617,6.40419811912226,6.57860174324324,156
"148",2015,4,6.62903225806452,31,7.16153846153846,6.24444444444444,6,6.5625,6.65217391304348,13,18,4,8,23,5326,2879,2447,814,1603,3723,6.52666587495306,7.00351684612713,5.96563034327748,6.06087223587224,6.40498814722396,6.57905625839377,157
"149",2015,5,6.75960975609756,41,7.308,6.3304347826087,6,7.28571428571429,6.65129411764706,18,23,4,7,34,5367,2897,2470,818,1610,3757,6.52844539780138,7.00540869865378,5.96902730769231,6.06057457212714,6.40881739130435,6.5797099946766,158
"150",2015,6,6.38735294117647,34,6.81666666666667,6.04842105263158,6.08857142857143,5.625,6.55071428571429,15,19,7,6,28,5401,2912,2489,825,1616,3785,6.52755720236993,7.00443646978022,5.96963336681398,6.06081212121212,6.40590717821782,6.57949549537649,159
"151",2015,7,6.48484848484848,33,6.86842105263158,5.96428571428571,5.33333333333333,6.375,6.5,19,14,9,4,29,5434,2931,2503,834,1620,3814,6.52729783768863,7.00355475946776,5.96960345585298,6.05296163069545,6.40583086419753,6.57889104614578,160
"152",2015,8,6.1,32,6.79166666666667,5.685,5.375,5.1875,6.40416666666667,12,20,8,8,24,5466,2943,2523,842,1628,3838,6.524796276985,7.00269079170914,5.96734738406659,6.04652019002375,6.39984398034398,6.57779844971339,161
"153",2015,9,6.38064516129032,31,7.04545454545455,6.015,6.45,4.5,6.65925925925926,11,20,4,4,27,5497,2954,2543,846,1632,3865,6.52398334546116,7.0028500338524,5.96772215886748,6.04842789598109,6.3951875,6.57836751617076,162
"154",2015,10,6.71111111111111,27,6.92727272727273,6.5625,6.25,6.7,6.71363636363636,11,16,6,5,22,5524,2965,2559,852,1637,3887,6.52489798153512,7.00256964586846,5.97144097303634,6.04984741784038,6.39611850946854,6.57913312323128,163
"155",2015,11,6.314,40,7.28125,5.66916666666667,6.3125,7.25,6.14882352941176,16,24,8,6,34,5564,2981,2583,860,1643,3921,6.52338182063264,7.0040654142905,5.96863238482385,6.05229069767442,6.39923676202069,6.57540179801071,164
"156",2015,12,6.67894736842105,38,7.30526315789474,6.05263157894737,6.25,6.28571428571429,6.76774193548387,19,19,10,7,31,5602,3000,2602,870,1650,3952,6.52443706711888,7.005973,5.96924575326672,6.05456321839081,6.39875515151515,6.57691053896761,165
"157",2016,1,6.32435897435897,39,7.06428571428571,5.91,6.22727272727273,6.5,6.25535714285714,14,25,11,11,28,5641,3014,2627,881,1661,3980,6.52305379365361,7.00624386197744,5.96868193757137,6.05671963677639,6.39942564720048,6.57464835427136,166
"158",2016,2,7.02702702702703,37,7.475,6.2,6,6.5,7.15,24,13,5,7,30,5678,3038,2640,886,1668,4010,6.5263378742515,7.00994700460829,5.96982100378788,6.05639954853273,6.39984772182254,6.57895273067332,167
"159",2016,3,6.753125,48,6.926,6.56521739130435,6.25,6.66666666666667,6.76547619047619,25,23,6,6,42,5726,3063,2663,892,1674,4052,6.52823898882291,7.00926183480248,5.97496336838152,6.05770179372197,6.40080406212664,6.58088609328727,168
"160",2016,4,6.32435897435897,39,6.82368421052632,5.85,6.14285714285714,5.5,6.41857142857143,19,20,7,4,35,5765,3082,2683,899,1678,4087,6.52685974848222,7.00811778066191,5.97403184867685,6.05836484983315,6.39865673420739,6.57949607291412,169
"161",2016,5,7.04166666666667,42,7.44565217391304,6.55263157894737,6.46666666666667,7.54285714285714,6.94142857142857,23,19,6,7,35,5807,3105,2702,905,1685,4122,6.53058316686757,7.01135877616747,5.97810046262028,6.06107182320442,6.40341008902077,6.5825692503639,170
"162",2016,6,6.66341463414634,41,7.05,6.11764705882353,5.375,5.28571428571429,6.94705882352941,24,17,4,7,34,5848,3129,2719,909,1692,4156,6.53151444083447,7.01165516139342,5.97897294961383,6.05805280528053,6.39878605200946,6.58555111886429,171
"163",2016,7,6.5484375,48,7.08518518518519,5.85833333333333,5.625,6.25,6.62697368421053,27,21,7,10,38,5896,3156,2740,916,1702,4194,6.53165221336499,7.01228422053232,5.97804833941606,6.05474344978166,6.39791186839013,6.58592643061517,172
"164",2016,8,6.6609756097561,41,6.92692307692308,6.2,6.5,6.75,6.64571428571429,26,15,8,6,35,5937,3182,2755,924,1708,4229,6.5325453006569,7.01158673790069,5.9792567876588,6.05859848484849,6.39914871194379,6.58642124615749,173
"165",2016,9,6.51162790697674,43,6.725,6.32608695652174,6.25,6.25,6.53846153846154,20,23,4,4,39,5980,3202,2778,928,1712,4268,6.53239489130435,7.00979668956902,5.98212831173506,6.05942349137931,6.39880023364486,6.58598300140581,174
"166",2016,10,6.68055555555556,36,7.38235294117647,6.05263157894737,6.75,5.58333333333333,6.9,17,19,6,6,30,6016,3219,2797,934,1718,4298,6.53328149102393,7.01176421248835,5.98260723989989,6.06385974304069,6.39595227008149,6.58817483713355,175
"167",2016,11,6.5,41,7.2375,6.028,6.21428571428571,6.1,6.6125,16,25,7,9,32,6057,3235,2822,941,1727,4330,6.53305620769358,7.01288068006182,5.98300937278526,6.06497874601488,6.39440995946728,6.5883546073903,176
"168",2016,12,6.68372093023256,43,6.99642857142857,6.1,6,6.91666666666667,6.64594594594595,28,15,2,6,37,6100,3263,2837,943,1733,4367,6.5341182704918,7.01273950352436,5.98362793443779,6.06484093319194,6.39621811886901,6.58884255782001,177
"169",2017,1,6.81981132075472,53,7.17096774193548,6.325,6.57222222222222,7.11111111111111,6.76022727272727,31,22,9,9,44,6153,3294,2859,952,1742,4411,6.53657914025678,7.01422859744991,5.98625479188527,6.06963760504202,6.39991159586682,6.59055213103605,178
"170",2017,2,6.76,25,7.3,5.95,5.75,6.75,6.76086956521739,15,10,4,2,23,6178,3309,2869,956,1744,4434,6.53748323891227,7.01552402538531,5.98612842453817,6.06830020920502,6.4003130733945,6.59143559990979,179
"171",2017,3,6.49242424242424,33,6.55,6.44444444444444,5.66666666666667,6.75,6.44642857142857,15,18,3,5,28,6211,3324,2887,959,1749,4462,6.53724383352117,7.01342328519856,5.9889859542778,6.06704379562044,6.40131275014294,6.59052564993277,180
"172",2017,4,6.5360303030303,33,6.8,6.12992307692308,6.34285714285714,7,6.48963333333333,20,13,7,3,30,6244,3344,2900,966,1752,4492,6.53723741992312,7.01214683014354,5.98961774137931,6.06904244306418,6.40233789954338,6.5898518365984,181
"173",2017,5,6.58974358974359,39,7.03125,6.28260869565217,6.72222222222222,6.75,6.54838709677419,16,23,9,8,31,6283,3360,2923,975,1760,4523,6.53756333757759,7.01223779761905,5.99192317824153,6.0750717948718,6.40391818181818,6.5895676431572,182
"174",2017,6,6.49411764705882,34,6.73684210526316,6.18666666666667,6.5,6.42857142857143,6.51111111111111,19,15,3,7,27,6317,3379,2938,978,1767,4550,6.53732949976254,7.01068925717668,5.99291744383935,6.07637525562372,6.40401584606678,6.58910207692308,183
"175",2017,7,6.53076923076923,39,6.91904761904762,6.07777777777778,5.6875,5,6.80909090909091,21,18,8,6,33,6356,3400,2956,986,1773,4583,6.53728924638137,7.01012323529412,5.99343418470907,6.0732200811359,6.39926452340666,6.59068611171722,184
"176",2017,8,6.1,32,6.76666666666667,5.51176470588235,5.6,6,6.12307692307692,15,17,5,6,26,6388,3415,2973,991,1779,4609,6.53509869286161,7.00905387994143,5.99067993609149,6.07083249243189,6.39791793142215,6.58804826426557,185
"177",2017,9,6.76785714285714,28,7.05555555555556,6.25,6.25,6.83333333333333,6.76,18,10,2,3,25,6416,3433,2983,993,1782,4634,6.53611447163341,7.00929769880571,5.99154926248743,6.07119335347432,6.39865095398429,6.58897592792404,186
"178",2017,10,6.66833333333333,30,7.15,6.18666666666667,5.75,7.5,6.502,15,15,4,5,25,6446,3448,2998,997,1787,4659,6.53672982469748,7.00990980278422,5.99252550033356,6.06990471414243,6.40173251259094,6.58850921871646,187
"179",2017,11,6.63846153846154,26,7.24615384615385,6.03076923076923,5.8,7.125,6.55,13,13,5,4,22,6472,3461,3011,1002,1791,4681,6.53713851205191,7.01079716844843,5.99269061773497,6.06855788423154,6.40334785036293,6.58832823114719,188
"180",2017,12,6.73354838709677,31,7.36055555555556,5.86538461538461,5.5,8.2,6.45153846153846,18,13,2,5,26,6503,3479,3024,1004,1796,4707,6.53807480393664,7.01260678355849,5.99214333664021,6.06742529880478,6.40834966592428,6.58757264712131,189
"181",2018,1,6.37277777777778,54,6.81388888888889,5.49055555555556,5.58333333333333,6.36363636363636,6.37511627906977,36,18,6,11,43,6557,3515,3042,1010,1807,4750,6.53671350465151,7.01057155049787,5.98917536160421,6.0645495049505,6.40807747648035,6.58564935789474,190
"182",2018,2,6.988,25,7.28,6.79333333333333,6.7375,6.7,7.01304347826087,10,15,8,2,23,6582,3525,3057,1018,1809,4773,6.53842759799453,7.01133588652482,5.99312118089631,6.06983791748527,6.40840022111664,6.58770887282632,191
"183",2018,3,6.65882352941177,34,7.38235294117647,5.93529411764706,5.6125,6.14285714285714,6.79259259259259,17,17,8,7,27,6616,3542,3074,1026,1816,4800,6.53904631952841,7.01311660079051,5.99280138256344,6.06627192982456,6.40737665198238,6.58886134375,192
"184",2018,4,6.55,20,6.77777777777778,6.36363636363636,6.5,NA,6.55,9,11,3,0,20,6636,3551,3085,1029,1816,4820,6.53907933242917,7.01252013517319,5.99412364667747,6.06753644314869,6.40737665198238,6.588700093361,193
"185",2018,5,7.375,20,7.95454545454545,6.66666666666667,7,7,7.39473684210526,11,9,1,1,19,6656,3562,3094,1030,1817,4839,6.54159111328125,7.01542925322852,5.99607997737557,6.06844174757282,6.40770280682444,6.59186494110353,194
"186",2018,6,6.02,25,7,5.36666666666667,4.66666666666667,5.2,6.225,10,15,3,5,20,6681,3572,3109,1033,1822,4859,6.53963934291273,7.01538605823068,5.99304324541653,6.06437076476283,6.40438858397366,6.59035489812719,195
"187",2018,7,6.68636363636364,22,7.10909090909091,6.26363636363636,7,8.5,6.505,11,11,4,2,20,6703,3583,3120,1037,1824,4879,6.54012090854841,7.01567373709182,5.99399725961539,6.06797974927676,6.40668640350877,6.5900050112728,196
"188",2018,8,6.14516129032258,31,6.6,5.71875,5,6.16666666666667,6.14285714285714,15,16,2,3,28,6734,3598,3136,1039,1827,4907,6.53830271012771,7.01394080044469,5.99259293686225,6.0659239653513,6.40629228243021,6.58745352557571,197
"189",2018,9,6.98387096774194,31,7.275,6.45454545454545,6.33333333333333,7.33333333333333,6.94642857142857,20,11,6,3,28,6765,3618,3147,1045,1830,4935,6.54034448632668,7.01538391376451,5.99420764219892,6.06745933014354,6.40781202185792,6.58949026342452,198
"190",2018,10,6.78526315789474,38,7.18285714285714,6.29411764705882,6.375,6.3,6.85878787878788,21,17,4,5,33,6803,3639,3164,1049,1835,4968,6.54171254593561,7.01635037098104,5.99581904235146,6.06863203050524,6.40751825613079,6.59127907608696,199
"191",2018,11,6.31842105263158,38,6.79545454545455,5.6625,5.525,6.05,6.44230769230769,22,16,4,12,26,6841,3661,3180,1053,1847,4994,6.54047221897383,7.01502294455067,5.99414196540881,6.06656695156695,6.40519545208446,6.59050349419303,200
"192",2018,12,6.91111111111111,27,7.38235294117647,6.11,5.16666666666667,6.275,7.02173913043478,17,10,3,4,23,6868,3678,3190,1056,1851,5017,6.5419293025626,7.01672077215878,5.99450515673981,6.06401041666667,6.40491410048622,6.59248045644808,201
"193",2019,1,6.5430303030303,33,6.63272727272727,6.36363636363636,6.16666666666667,6.42857142857143,6.57384615384615,22,11,3,7,26,6901,3700,3201,1059,1858,5043,6.54193456745399,7.01443756756757,5.99577364885973,6.06430122757318,6.40500322927879,6.59238438429506,202
"194",2019,2,6.52413793103448,29,6.85625,6.11538461538461,5.83333333333333,6.34,6.5625,16,13,3,5,24,6930,3716,3214,1062,1863,5067,6.54186009379509,7.01375645855759,5.99625745177349,6.06364877589454,6.40482877079979,6.59224283599763,203
"195",2019,3,6.38037037037037,27,6.81666666666667,5.835,5.875,6.58333333333333,6.32238095238095,15,12,4,6,21,6957,3731,3226,1066,1869,5088,6.54123335489435,7.01296408469579,5.9956576100434,6.06294090056285,6.40540181915463,6.591129019261,204
"196",2019,4,6.68421052631579,19,6.64285714285714,6.8,6.33333333333333,6,6.72222222222222,14,5,3,1,18,6976,3745,3231,1069,1870,5106,6.54162277092889,7.01158050734312,5.99690233673785,6.06369971936389,6.40518502673797,6.59159115746181,205
"197",2019,5,6.825,20,7.36363636363636,6.16666666666667,5.85,6.75,6.84375,11,9,2,4,16,6996,3756,3240,1071,1874,5122,6.54243288307604,7.01261155484558,5.99737390432099,6.06330065359477,6.40592102454643,6.59237884615384,206
"198",2019,6,6.52777777777778,18,6.70833333333333,6.16666666666667,5,7,6.5,12,6,1,1,17,7014,3768,3246,1072,1875,5139,6.54239527373823,7.01164251592357,5.99768682994455,6.06230876865672,6.40623786666667,6.59207325355127,207
"199",2019,7,7.31944444444444,18,7.195,7.475,6.5,7.15,7.35333333333333,10,8,2,3,15,7032,3778,3254,1074,1878,5154,6.54438430745164,7.01212784542086,6.00131882298709,6.06312383612663,6.40742598509052,6.59428879511059,208
"200",2019,8,6.37,20,7.23,5.51,5,6.5,6.35555555555556,10,10,1,2,18,7052,3788,3264,1075,1880,5172,6.54388974049914,7.0127030095037,5.99981355698529,6.06213488372093,6.40752446808511,6.59345793696829,209
"201",2019,9,5.93653846153846,26,7.14,5.184375,5.48333333333333,7.31666666666667,5.75652173913043,10,16,3,3,23,7078,3798,3280,1078,1883,5195,6.54165872421587,7.01303817798842,5.99583580792683,6.0605241187384,6.40897291556028,6.58975254090472,210
"202",2019,10,6.3296875,32,6.38333333333333,6.22727272727273,6.83333333333333,5.66666666666667,6.39827586206897,21,11,3,3,29,7110,3819,3291,1081,1886,5224,6.54070470464135,7.00957554333595,5.99660937405044,6.06266882516189,6.40779215270414,6.58868959609495,211
"203",2019,11,7,20,7.5,6.5,6.25,6.2,7.26666666666667,10,10,2,5,15,7130,3829,3301,1083,1891,5239,6.54199305049088,7.01085635936276,5.99813433807937,6.06301477377655,6.40724272871497,6.59063074059935,212
"204",2019,12,6.575,24,7.00666666666667,5.85555555555556,4.33333333333333,NA,6.575,15,9,3,0,24,7154,3844,3310,1086,1891,5263,6.54210378110148,7.01084001040583,5.99774666163142,6.05823664825046,6.40724272871497,6.59055946228387,213
"205",2020,1,6.70647058823529,34,7.176,6.03571428571429,5,6.6,6.7248275862069,20,14,4,5,29,7188,3864,3324,1090,1896,5292,6.54288125347801,7.0116948757764,5.99790657340554,6.05435321100917,6.40775105485232,6.59129524754346,214
"206",2020,2,6.30457142857143,35,6.70058823529412,5.93055555555556,5.33333333333333,6.29166666666667,6.30724137931035,17,18,6,6,29,7223,3881,3342,1096,1902,5321,6.54172649176242,7.0103321308941,5.99754382106523,6.05040602189781,6.40738485804417,6.58974712460064,215
"207",2020,3,6.06896551724138,29,6.83333333333333,5.52941176470588,4.625,5.35714285714286,6.29545454545455,12,17,4,7,22,7252,3893,3359,1100,1909,5343,6.53983596938775,7.00978653994349,5.99517459065198,6.04522272727273,6.40353378732321,6.5885353640277,216
"208",2020,4,6.61,20,7.125,6.26666666666667,6.11666666666667,6.35,6.63888888888889,8,12,6,2,18,7272,3901,3371,1106,1911,5361,6.54002893976897,7.01002281466291,5.99614104123406,6.0456103074141,6.4034777603349,6.58870443014363,217
"209",2020,5,6.94,20,6.825,7.1125,7,8.8,6.61176470588235,12,8,2,3,17,7292,3913,3379,1108,1914,5378,6.54112595309928,7.00945540506006,5.9987840929269,6.04733303249097,6.40723406478579,6.58877732428412,218
"210",2020,6,6.37894736842105,19,7.18888888888889,5.65,5.83333333333333,6.5,6.34666666666667,9,10,6,4,15,7311,3922,3389,1114,1918,5393,6.54070447955136,7.00986715961244,5.99775492770729,6.04618043087971,6.40742752867571,6.58810392175042,219
"211",2020,7,6.28965517241379,29,6.625,5.87692307692308,6.68,6.33333333333333,6.27826086956522,16,13,5,6,23,7340,3938,3402,1119,1924,5416,6.53971259536784,7.00830345352971,5.99729319517931,6.04901251117069,6.40719646569647,6.58678811853767,220
"212",2020,8,6.60961538461538,26,6.96388888888889,5.8125,6.125,6.85,6.5375,18,8,4,6,20,7366,3956,3410,1123,1930,5436,6.53995933342383,7.00810136501517,5.9968596627566,6.04928317008014,6.40857305699482,6.58660677888153,221
"213",2020,9,6.34090909090909,22,6.63636363636364,6.04545454545455,5,6,6.41666666666667,11,11,4,4,18,7388,3967,3421,1127,1934,5454,6.53936660124526,7.00707058230401,5.99701591639872,6.04555900621118,6.40772802481903,6.58604592042538,222
"214",2020,10,6.09523809523809,21,6.54166666666667,5.5,5.25,6,6.11111111111111,12,9,2,3,18,7409,3979,3430,1129,1937,5472,6.53810776757997,7.00566700175924,5.99571179300292,6.04414968999114,6.40709654104285,6.58448363486842,223
"215",2020,11,6.45,25,6.96875,5.52777777777778,5.5,5,6.51041666666667,16,9,2,1,24,7434,3995,3439,1131,1938,5496,6.53781146758138,7.00551914893617,5.99448719104391,6.04318744473917,6.40637048503612,6.58416019832606,224
"216",2020,12,5.97413793103448,29,6.47916666666667,5.61764705882353,5.14285714285714,NA,5.97413793103448,12,17,7,0,29,7463,4007,3456,1138,1938,5525,6.53562112421278,7.00394285001248,5.99263352141204,6.03764938488576,6.40637048503612,6.58095827149321,225
"217",2021,1,6.62162162162162,37,6.87037037037037,5.95,6.83333333333333,6.33333333333333,6.64705882352941,27,10,3,3,34,7500,4034,3466,1141,1941,5559,6.53604539333333,7.00304883490332,5.99251051644547,6.03974145486415,6.40625759917568,6.58136255621515,226
"218",2021,2,6.23809523809524,21,6.92857142857143,4.85714285714286,4.66666666666667,6,6.26315789473684,14,7,3,2,19,7521,4048,3473,1144,1943,5578,6.53521346230554,7.00279125494071,5.99022212784337,6.03614073426573,6.4058394235718,6.58027867515238,227
"219",2021,3,6.76733333333333,24,6.75663157894737,6.808,NA,7.1065,6.6995,19,5,0,4,20,7545,4067,3478,1144,1947,5598,6.53595181577203,7.0016412589132,5.99139777170788,6.03614073426573,6.40727889060093,6.58070461772061,228
"220",2021,4,6.06666666666667,15,7,5.25,6.5,7.5,5.84615384615385,7,8,2,2,13,7560,4074,3486,1146,1949,5611,6.53502069444444,7.00163843888071,5.98969634251291,6.0369502617801,6.40840020523345,6.57900275351987,229
"221",2021,5,6.33333333333333,12,6.78571428571429,5.7,6.5,7,6.27272727272727,7,5,1,1,11,7572,4081,3491,1147,1950,5622,6.53470106312731,7.00126807155109,5.98928142366084,6.0373539668701,6.40870358974359,6.57840349519744,230
"222",2021,6,6.68421052631579,19,7,6.25,7,7.5,6.58823529411765,11,8,1,2,17,7591,4092,3499,1148,1952,5639,6.53507527993676,7.0012646627566,5.98987752214919,6.0381925087108,6.40982172131148,6.57843313530768,231
"223",2021,7,5.825,16,7.07142857142857,4.85555555555556,5.08,6.86,5.35454545454545,7,9,5,5,11,7607,4099,3508,1153,1957,5650,6.53358176022084,7.00138448402049,5.98696734606614,6.03403729401561,6.41097189575882,6.57605034513274,232
"224",2021,8,6.40909090909091,22,6.90909090909091,5.90909090909091,6.125,5.5,6.55263157894737,11,11,4,3,19,7629,4110,3519,1157,1960,5669,6.53322276182985,7.00113746958637,5.98672391304348,6.03435177182368,6.40957755102041,6.57597185570647,233
"225",2021,9,6.55555555555556,18,6.95,6.0625,6.16666666666667,6.33333333333333,6.6,10,8,3,3,15,7647,4120,3527,1160,1963,5684,6.53327533019484,7.00101334951456,5.98689578962291,6.03469396551724,6.40946102903719,6.57603526565799,234
"226",2021,10,6.55,18,7.19,5.75,5.66666666666667,7.66666666666667,6.32666666666667,10,8,3,3,15,7665,4130,3535,1163,1966,5699,6.53331460534898,7.00147094430993,5.98635967468176,6.03374462596732,6.41137945066124,6.57537891735392,235
"227",2021,11,6.82857142857143,21,7.4,6.30909090909091,6.5,7,6.8,10,11,4,3,18,7686,4140,3546,1167,1969,5717,6.53412131798074,7.00243357487923,5.98736081500282,6.03534275921165,6.41227628237684,6.57608613783453,236
"228",2021,12,6.79038461538462,26,7.50357142857143,5.95833333333333,6.375,6.33333333333333,6.85,14,12,4,3,23,7712,4154,3558,1171,1972,5740,6.53498527619294,7.0041225324988,5.98726291455874,6.03650298889838,6.41215618661258,6.57718370209059,237
"229",2022,1,6.28836607843137,51,6.58172851851852,5.95833333333333,5.2,5.375,6.45829465116279,27,24,5,8,43,7763,4181,3582,1176,1980,5783,6.53336508051011,7.00139480267879,5.98706908151871,6.03294642857143,6.40796565656566,6.57629969220128,238
"230",2022,2,6.94074074074074,27,7.2,5.8,3.5,NA,6.94074074074074,22,5,2,0,27,7790,4203,3587,1178,1980,5810,6.53477703722721,7.00243437306686,5.98680832171732,6.02864601018676,6.40796565656566,6.5779933080895,239
"231",2022,3,6.58217391304348,23,7.19230769230769,5.789,4,5.285,6.85526315789474,13,10,2,4,19,7813,4216,3597,1180,1984,5829,6.53491656469985,7.00301984582543,5.98625839588546,6.02520762711864,6.40570161290323,6.5788970869789,240
"232",2022,4,7.13941176470588,17,7.21545454545455,7,7,7.65,7.07133333333333,11,6,3,2,15,7830,4227,3603,1183,1986,5844,6.53622900638569,7.00357266855926,5.98794655842354,6.02767962806424,6.40695468277946,6.5801610403833,241
"233",2022,5,6.725,20,6.84615384615385,6.5,6.75,5.66666666666667,6.91176470588235,13,7,2,3,17,7850,4240,3610,1185,1989,5861,6.53670995159235,7.00309001650943,5.9889394598338,6.02889873417721,6.40583810960282,6.58112286640505,242
"234",2022,6,6.995,10,7.41666666666667,6.3625,6.75,8.35,6.65625,6,4,1,2,8,7860,4246,3614,1186,1991,5869,6.5372930178117,7.00367443947244,5.9893529192031,6.02950674536256,6.40779105976896,6.58122527176691,243
"235",2022,7,6.06076923076923,13,6.25,5.89857142857143,6,10,5.7325,6,7,1,1,12,7873,4252,3621,1187,1992,5881,6.53650617553664,7.0026109289746,5.98917742336372,6.02948188711036,6.40959437751004,6.579493473899,244
"236",2022,8,6.6375,16,7,6.275,5.75,6.375,6.725,8,8,4,4,12,7889,4260,3629,1191,1996,5893,6.53671100519711,7.0026060258216,5.98980750895564,6.02854324097397,6.4095250501002,6.57978977091465,245
