"","year","month","avg_rating","no_ratings","avg_rating_owned","avg_rating_not_owned","avg_rating_prev_owned","avg_rating_comment","avg_rating_no_comment","no_ratings_owned","no_ratings_not_owned","no_ratings_prev_owned","no_ratings_comment","no_ratings_no_comment","cum_no_ratings","cum_no_ratings_owned","cum_no_ratings_not_owned","cum_no_ratings_prev_owned","cum_no_ratings_comment","cum_no_ratings_no_comment","cum_avg_rating","cum_avg_rating_owned","cum_avg_rating_not_owned","cum_avg_rating_prev_owned","cum_avg_rating_comment","cum_avg_rating_no_comment","month_after_release"
"1",2011,4,7.25161290322581,31,7.975,6.79473684210526,7.55,6.25,7.32068965517241,12,19,2,2,29,31,12,19,2,2,29,7.25161290322581,7.975,6.79473684210526,7.55,6.25,7.32068965517241,0
"2",2011,5,7.0925,40,7.88235294117647,6.50869565217391,7,7.75555555555556,6.9,17,23,1,9,31,71,29,42,3,11,60,7.16197183098592,7.92068965517241,6.63809523809524,7.36666666666667,7.48181818181818,7.10333333333333,1
"3",2011,6,7.13518518518519,54,7.97916666666667,6.89404761904762,7.04285714285714,6.775,7.28684210526316,12,42,7,16,38,125,41,84,10,27,98,7.1504,7.93780487804878,6.76607142857143,7.14,7.06296296296296,7.17448979591837,2
"4",2011,7,7.1875,32,7.61333333333333,6.81176470588235,7,7,7.22222222222222,15,17,3,5,27,157,56,101,13,32,125,7.15796178343949,7.85089285714286,6.77376237623762,7.10769230769231,7.053125,7.1848,3
"5",2011,8,6.95952380952381,42,7.63846153846154,6.6551724137931,7.66666666666667,7.6,6.759375,13,29,6,10,32,199,69,130,19,42,157,7.11608040201005,7.81086956521739,6.74730769230769,7.28421052631579,7.18333333333333,7.09808917197452,4
"6",2011,9,7.02,45,7.80833333333333,6.73333333333333,7.5,6.91,7.05142857142857,12,33,6,10,35,244,81,163,25,52,192,7.0983606557377,7.81049382716049,6.74447852760736,7.336,7.13076923076923,7.08958333333333,5
"7",2011,10,7.10350877192982,57,7.625,6.82162162162162,7.6,6.82142857142857,7.1953488372093,20,37,9,14,43,301,101,200,34,66,235,7.09933554817276,7.77376237623762,6.75875,7.40588235294118,7.06515151515151,7.10893617021277,6
"8",2011,11,6.89354838709677,62,7.94210526315789,6.43023255813953,7.3,6.06,7.05384615384615,19,43,6,10,52,363,120,243,40,76,287,7.06418732782369,7.80041666666667,6.70061728395062,7.39,6.9328947368421,7.09895470383275,7
"9",2011,12,7.35111111111111,45,7.89473684210526,6.95384615384615,7.3,7.375,7.34242424242424,19,26,6,12,33,408,139,269,46,88,320,7.09583333333333,7.81330935251799,6.72509293680297,7.37826086956522,6.99318181818182,7.1240625,8
"10",2012,1,7.61794871794872,39,8.00769230769231,7.42307692307692,7.71666666666667,7.64,7.61470588235294,13,26,6,5,34,447,152,295,52,93,354,7.1413870246085,7.82993421052632,6.78661016949153,7.41730769230769,7.02795698924731,7.17118644067797,9
"11",2012,2,7.3775,40,8.1625,6.85416666666667,7.07142857142857,7.25714285714286,7.4030303030303,16,24,7,7,33,487,168,319,59,100,387,7.16078028747433,7.86160714285714,6.79169278996865,7.37627118644068,7.044,7.19095607235142,10
"12",2012,3,7.36714285714286,35,7.85714285714286,7.04047619047619,7.25,7.21875,7.41111111111111,14,21,2,8,27,522,182,340,61,108,414,7.17461685823755,7.86126373626374,6.80705882352941,7.37213114754098,7.05694444444444,7.20531400966184,11
"13",2012,4,7.47222222222222,27,7.925,7.20588235294118,7.33333333333333,7.5,7.46428571428571,10,17,3,6,21,549,192,357,64,114,435,7.18925318761384,7.86458333333333,6.82605042016807,7.3703125,7.08026315789474,7.21781609195402,12
"14",2012,5,6.97205882352941,34,7.26785714285714,6.765,6.83333333333333,6.55,7.0625,14,20,3,6,28,583,206,377,67,120,463,7.17658662092624,7.82402912621359,6.82281167108753,7.34626865671642,7.05375,7.20842332613391,13
"15",2012,6,7.30925925925926,27,7.56666666666667,7.18055555555556,7,7.58333333333333,7.23095238095238,9,18,4,6,21,610,215,395,71,126,484,7.18245901639344,7.81325581395349,6.83911392405063,7.32676056338028,7.07896825396825,7.20940082644628,14
"16",2012,7,7.21344827586207,29,7.5,7.03833333333333,7,6.7375,7.3947619047619,11,18,2,8,21,639,226,413,73,134,505,7.18386541471048,7.79800884955752,6.84779661016949,7.31780821917808,7.05858208955224,7.21710891089109,15
"17",2012,8,7.25333333333333,30,7.86363636363636,6.9,7,6.6875,7.45909090909091,11,19,1,8,22,669,237,432,74,142,527,7.18698056801196,7.80105485232068,6.85009259259259,7.31351351351351,7.03767605633803,7.22721062618596,16
"18",2012,9,7.17272727272727,22,8.08888888888889,6.53846153846154,7.66666666666667,7.08333333333333,7.20625,9,13,3,6,16,691,246,445,77,148,543,7.18652677279305,7.81158536585366,6.84098876404494,7.32727272727273,7.03952702702703,7.22659300184162,17
"19",2012,10,7.22333333333333,30,7.325,7.10714285714286,7,7.56666666666667,7.18518518518519,16,14,2,3,27,721,262,459,79,151,570,7.18805825242718,7.78187022900763,6.84910675381264,7.31898734177215,7.05,7.22463157894737,18
"20",2012,11,7.41891891891892,37,7.97058823529412,6.95,7.5,7.11111111111111,7.51785714285714,17,20,4,9,28,758,279,479,83,160,598,7.199327176781,7.79336917562724,6.85331941544885,7.32771084337349,7.0534375,7.23836120401338,19
"21",2012,12,7.3921875,32,7.70833333333333,7.2025,7.54166666666667,7.21428571428571,7.442,12,20,6,7,25,790,291,499,89,167,623,7.20713924050633,7.78986254295533,6.86731462925852,7.34213483146067,7.06017964071856,7.24653290529695,20
"22",2013,1,7.08369565217391,46,7.66428571428571,6.8296875,7.41666666666667,7.32142857142857,7.04102564102564,14,32,6,7,39,836,305,531,95,174,662,7.20034688995215,7.78409836065574,6.86504708097929,7.34684210526316,7.07068965517241,7.23442598187311,21
"23",2013,2,7.3075,20,7.37142857142857,7.27307692307692,7.83333333333333,7.875,7.165625,7,13,3,4,16,856,312,544,98,178,678,7.20285046728972,7.77483974358974,6.87479779411765,7.36173469387755,7.08876404494382,7.23280235988201,22
"24",2013,3,7.16612903225806,31,7.36363636363636,7.0575,7.03,7,7.19074074074074,11,20,5,4,27,887,323,564,103,182,705,7.2015670800451,7.76083591331269,6.88127659574468,7.34563106796117,7.08681318681319,7.2311914893617,23
"25",2013,4,6.92272727272727,22,7.18571428571429,6.8,7.5,7.16666666666667,6.88421052631579,7,15,2,3,19,909,330,579,105,185,724,7.19481848184819,7.74863636363636,6.87917098445596,7.34857142857143,7.08810810810811,7.22208563535912,24
"26",2013,5,7.14384615384615,26,7.94545454545455,6.556,6.75,7.188,7.13333333333333,11,15,2,5,21,935,341,594,107,190,745,7.19340106951872,7.7549853372434,6.8710101010101,7.33738317757009,7.09073684210526,7.21958389261745,25
"27",2013,6,7.01333333333333,15,7.875,6.7,7.05,8,6.94285714285714,4,11,4,1,14,950,345,605,111,191,759,7.19055789473684,7.7563768115942,6.86790082644628,7.32702702702703,7.09549738219895,7.21447957839262,26
"28",2013,7,6.89285714285714,14,7.25,6.625,NA,7.75,6.75,6,8,0,2,12,964,351,613,111,193,771,7.18623443983402,7.7477207977208,6.8647308319739,7.32702702702703,7.10227979274611,7.20725032425422,27
"29",2013,8,7.36111111111111,27,8.13636363636364,6.828125,7.375,7.91666666666667,7.20238095238095,11,16,4,6,21,991,362,629,115,199,792,7.19099899091826,7.75953038674033,6.86379968203498,7.32869565217391,7.12683417085427,7.20712121212121,28
"30",2013,9,6.75555555555556,18,7.56666666666667,6.59333333333333,6.375,6.64,6.8,3,15,4,5,13,1009,365,644,119,204,805,7.18323092170466,7.75794520547945,6.8575,7.29663865546219,7.11490196078431,7.20054658385093,29
"31",2013,10,7.19318181818182,22,7.35,7.0625,7.125,7.16666666666667,7.19736842105263,10,12,4,3,19,1031,375,656,123,207,824,7.18344325897187,7.74706666666667,6.86125,7.29105691056911,7.11565217391304,7.20047330097087,30
"32",2013,11,6.98783783783784,37,7.75,6.622,6.93333333333333,7,6.9875,12,25,3,1,36,1068,387,681,126,208,860,7.17666666666667,7.74715762273902,6.85246696035242,7.28253968253968,7.11509615384615,7.19155813953488,31
"33",2013,12,6.94090909090909,22,7.07142857142857,6.88,7.83333333333333,7.25,6.87222222222222,7,15,3,4,18,1090,394,696,129,212,878,7.17190825688073,7.73515228426396,6.85306034482759,7.2953488372093,7.11764150943396,7.18501138952164,32
"34",2014,1,7.30151515151515,33,7.52058823529412,7.06875,7,7.0625,7.33448275862069,17,16,3,4,29,1123,411,712,132,216,907,7.17571682991986,7.72627737226277,6.85790730337079,7.28863636363636,7.11662037037037,7.18979051819184,33
"35",2014,2,7.47777777777778,18,8.91666666666667,7.19,7.5,7.65,7.42857142857143,3,15,3,4,14,1141,414,727,135,220,921,7.18048203330412,7.73490338164251,6.86475928473178,7.29333333333333,7.12631818181818,7.19342019543974,34
"36",2014,3,7.22631578947368,19,7.70909090909091,6.5625,6.625,6.125,7.52,11,8,4,4,15,1160,425,735,139,224,936,7.18123275862069,7.73423529411765,6.8614693877551,7.27410071942446,7.1084375,7.19865384615385,35
"37",2014,4,7.13611111111111,18,7.425,7.05357142857143,6.66666666666667,7.24,7.09615384615385,4,14,3,5,13,1178,429,749,142,229,949,7.18054329371817,7.73135198135198,6.86506008010681,7.2612676056338,7.11131004366812,7.1972497365648,36
"38",2014,5,7.57894736842105,19,8.0625,7.22727272727273,7.625,7,7.6875,8,11,2,3,16,1197,437,760,144,232,965,7.1868671679198,7.73741418764302,6.87030263157895,7.26631944444444,7.10987068965517,7.20537823834197,37
"39",2014,6,7.08125,16,7.91666666666667,6.58,7,7.5,7.02142857142857,6,10,3,2,14,1213,443,770,147,234,979,7.18547403132729,7.73984198645598,6.86653246753247,7.2608843537415,7.11320512820513,7.20274770173647,38
"40",2014,7,7.43846153846154,13,8.02857142857143,6.75,7.5,9.7,7.25,7,6,1,1,12,1226,450,776,148,235,991,7.18815660685155,7.74433333333333,6.86563144329897,7.2625,7.12421276595745,7.20331987891019,39
"41",2014,8,7.35,14,7.8,6.75,6.625,7.75,7.28333333333333,8,6,4,2,12,1240,458,782,152,237,1003,7.18998387096774,7.74530567685589,6.8647442455243,7.24572368421053,7.12949367088608,7.20427716849452,40
"42",2014,9,6.4975,20,7.08333333333333,6.24642857142857,NA,6,6.55277777777778,6,14,0,2,18,1260,464,796,152,239,1021,7.17899206349206,7.73674568965517,6.85386934673367,7.24572368421053,7.12004184100418,7.19279138099902,41
"43",2014,10,6.89722222222222,18,7.5,6.66538461538462,6.875,6.25,6.978125,5,13,2,2,16,1278,469,809,154,241,1037,7.1750234741784,7.73422174840085,6.85084054388134,7.24090909090909,7.11282157676349,7.18947926711668,42
"44",2014,11,7.38269230769231,26,7.62083333333333,7.17857142857143,7.5,6.83333333333333,7.5475,12,14,2,6,20,1304,481,823,156,247,1057,7.17916411042945,7.73139293139293,6.85641555285541,7.24423076923077,7.10603238866397,7.19625354777673,43
"45",2014,12,6.87837837837838,37,7.5,6.45454545454545,6.7,7.16666666666667,6.85294117647059,15,22,10,3,34,1341,496,845,166,250,1091,7.17086502609993,7.72439516129032,6.84595266272189,7.21144578313253,7.10676,7.1855545371219,44
"46",2015,1,7.39583333333333,24,8.16666666666667,6.625,7.16666666666667,6.42857142857143,7.79411764705882,12,12,3,7,17,1365,508,857,169,257,1108,7.17482051282051,7.73484251968504,6.84285880980163,7.21065088757396,7.08828793774319,7.1948916967509,45
"47",2015,2,7.12173913043478,23,7.54545454545455,6.73333333333333,6.75,7.5,7.065,11,12,2,3,20,1388,519,869,171,260,1128,7.1739409221902,7.73082851637765,6.84134637514384,7.20526315789474,7.09303846153846,7.19258865248227,46
"48",2015,3,6.74375,32,7.50909090909091,6.34285714285714,7.33333333333333,7.25,6.67142857142857,11,21,3,4,28,1420,530,890,174,264,1156,7.16424647887324,7.72622641509434,6.82958426966292,7.20747126436782,7.09541666666667,7.17996539792387,47
"49",2015,4,7.29090909090909,22,7.76666666666667,6.96153846153846,7,7,7.32,9,13,2,2,20,1442,539,903,176,266,1176,7.16617891816921,7.72690166975881,6.83148394241418,7.20511363636364,7.0946992481203,7.18234693877551,48
"50",2015,5,7.0625,20,7.5,6.953125,6.8,6.8125,7.125,4,16,5,4,16,1462,543,919,181,270,1192,7.16476060191518,7.72523020257827,6.83360174102285,7.1939226519337,7.09051851851852,7.18157718120805,49
"51",2015,6,7.31818181818182,11,8.75,6.5,6,7.5,7.27777777777778,4,7,2,2,9,1473,547,926,183,272,1201,7.16590631364562,7.7327239488117,6.83107991360691,7.18087431693989,7.09352941176471,7.18229808492922,50
"52",2015,7,7.52666666666667,15,7.91666666666667,7.26666666666667,7.8,7.75,7.49230769230769,6,9,2,2,13,1488,553,935,185,274,1214,7.16954301075269,7.73471971066908,6.83527272727273,7.18756756756757,7.09832116788321,7.18561779242174,51
"53",2015,8,7.579375,16,7.777,7.25,7.25,7.75,7.555,10,6,2,2,14,1504,563,941,187,276,1228,7.17390292553191,7.73547069271758,6.83791710945802,7.18823529411765,7.10304347826087,7.18982899022801,52
"54",2015,9,7.875,16,8.1,7.7,7.575,8.4,7.8,7,9,4,2,14,1520,570,950,191,278,1242,7.18128289473684,7.73994736842105,6.84608421052632,7.19633507853403,7.11237410071942,7.19670692431562,53
"55",2015,10,7.28666666666667,15,7.66,7.1,7.625,7.5,7.25384615384615,5,10,4,2,13,1535,575,960,195,280,1255,7.18231270358306,7.73925217391304,6.84872916666667,7.2051282051282,7.11514285714286,7.19729880478088,54
"56",2015,11,6.87916666666667,24,7.7,6.38666666666667,5.84,4,7.00434782608696,9,15,5,1,23,1559,584,975,200,281,1278,7.1776459268762,7.73864726027397,6.84162051282051,7.171,7.10405693950178,7.19382629107981,55
"57",2015,12,6.82105263157895,19,7.5125,6.31818181818182,7.33333333333333,4.5,7.09411764705882,8,11,3,2,17,1578,592,986,203,283,1295,7.17335234474018,7.73559121621622,6.83578093306288,7.17339901477832,7.08565371024735,7.19251737451737,56
"58",2016,1,7.07878787878788,33,7.81875,6.38235294117647,6.5,7.3,7.03928571428571,16,17,2,5,28,1611,608,1003,205,288,1323,7.17141527001862,7.73777960526316,6.82809571286142,7.16682926829268,7.089375,7.18927437641723,57
"59",2016,2,6.92272727272727,11,7.6,6.53571428571429,7.5,6.4,7.55,4,7,3,6,5,1622,612,1010,208,294,1328,7.16972872996301,7.73687908496732,6.82606930693069,7.17163461538461,7.07530612244898,7.19063253012048,58
"60",2016,3,7.13157894736842,19,7.44444444444444,6.85,7,7,7.14705882352941,9,10,1,2,17,1641,621,1020,209,296,1345,7.16928702010969,7.73264090177134,6.82630392156863,7.17081339712919,7.0747972972973,7.19008178438662,59
"61",2016,4,7.315,20,7.48181818181818,7.11111111111111,7,8.66666666666667,7.07647058823529,11,9,1,3,17,1661,632,1029,210,299,1362,7.17104154124022,7.7282753164557,6.82879494655005,7.17,7.09076923076923,7.1886637298091,60
"62",2016,5,7.36428571428571,14,7.66666666666667,7.1375,NA,7,7.39230769230769,6,8,0,1,13,1675,638,1037,210,300,1375,7.17265671641791,7.72769592476489,6.83117647058824,7.17,7.09046666666667,7.19058909090909,61
"63",2016,6,7.428,25,7.80833333333333,7.07692307692308,6.75,7.07142857142857,7.56666666666667,12,13,4,7,18,1700,650,1050,214,307,1393,7.17641176470588,7.72918461538462,6.83421904761905,7.16214953271028,7.0900325732899,7.19544867193108,62
"64",2016,7,7.23888888888889,18,8.13333333333333,7.06,NA,6.78333333333333,7.46666666666667,3,15,0,6,12,1718,653,1065,214,313,1405,7.17706635622817,7.73104134762634,6.83739906103286,7.16214953271028,7.08415335463259,7.19776512455516,63
"65",2016,8,6.97916666666667,12,7.5,6.45833333333333,7,7,6.97727272727273,6,6,1,1,11,1730,659,1071,215,314,1416,7.1756936416185,7.728937784522,6.83527544351074,7.16139534883721,7.08388535031847,7.19605225988701,64
"66",2016,9,7.06666666666667,15,7.5,6.90909090909091,7,6.33333333333333,7.25,4,11,2,3,12,1745,663,1082,217,317,1428,7.1747564469914,7.72755656108597,6.8360258780037,7.15990783410138,7.07678233438486,7.1965056022409,65
"67",2016,10,7.19047619047619,21,7.94444444444444,6.625,6,8.83333333333333,6.91666666666667,9,12,2,3,18,1766,672,1094,219,320,1446,7.17494337485844,7.73046130952381,6.83371115173675,7.14931506849315,7.09325,7.19302213001383,66
"68",2016,11,7.31,20,7.27777777777778,7.33636363636364,7.5,7,7.34444444444444,9,11,1,2,18,1786,681,1105,220,322,1464,7.17645576707727,7.72447870778267,6.8387149321267,7.15090909090909,7.09267080745342,7.19488387978142,67
"69",2016,12,6.55333333333333,15,7.21428571428571,5.975,4.5,7,6.48461538461538,7,8,2,2,13,1801,688,1113,222,324,1477,7.17126596335369,7.71928779069767,6.83250673854447,7.12702702702703,7.0920987654321,7.18863236289777,68
"70",2017,1,7.5828,25,8.01923076923077,7.11,4,9.16,7.44565217391304,13,12,1,2,23,1826,701,1125,223,326,1500,7.17690032858707,7.72485021398003,6.83546666666667,7.11300448430493,7.10478527607362,7.19257333333333,69
"71",2017,2,7.3425,20,7.5,7.275,7.4625,7,7.36052631578947,6,14,4,1,19,1846,707,1139,227,327,1519,7.17869447453954,7.72294200848656,6.84086918349429,7.11916299559471,7.10446483180428,7.1946741277156,70
"72",2017,3,6.61818181818182,11,7.05,6.1,5,7,6.58,6,5,2,1,10,1857,713,1144,229,328,1529,7.17537425955843,7.71727910238429,6.83763111888112,7.10065502183406,7.10414634146341,7.19065402223676,71
"73",2017,4,7.22666666666667,15,7.73333333333333,6.88888888888889,7.75,7.5,7.18461538461538,6,9,2,2,13,1872,719,1153,231,330,1542,7.17578525641026,7.71741307371349,6.83803122289679,7.10627705627706,7.10654545454545,7.19060311284047,72
"74",2017,5,6.74545454545455,11,7.5,6.57777777777778,7.35,NA,6.74545454545455,2,9,2,0,11,1883,721,1162,233,330,1553,7.17327137546468,7.71680998613037,6.83601549053356,7.10836909871245,7.10654545454545,7.18745009658725,73
"75",2017,6,7.25,8,7.83333333333333,6.9,6,6,7.42857142857143,3,5,1,1,7,1891,724,1167,234,331,1560,7.17359598096245,7.71729281767956,6.83628963153385,7.10363247863248,7.10320241691843,7.18853205128205,74
"76",2017,7,6.91176470588235,17,7.11666666666667,6.8,6,7,6.89285714285714,6,11,1,3,14,1908,730,1178,235,334,1574,7.17126310272537,7.71235616438356,6.83595076400679,7.09893617021276,7.1022754491018,7.18590216010165,75
"77",2017,8,7.11352941176471,17,7.49,6.85,6.7,6.66666666666667,7.20928571428571,7,10,5,3,14,1925,737,1188,240,337,1588,7.17075324675325,7.71024423337856,6.83606902356903,7.090625,7.09839762611276,7.18610831234257,76
"78",2017,9,7.52,15,7.65,7.43333333333333,6.83333333333333,7.3,7.575,6,9,3,3,12,1940,743,1197,243,340,1600,7.17345360824742,7.70975773889637,6.840559732665,7.08744855967078,7.10017647058824,7.189025,77
"79",2017,10,6.82875,20,7.621875,6.3,7.3,4.83333333333333,7.18088235294118,8,12,1,3,17,1960,751,1209,244,343,1617,7.1699362244898,7.70882157123835,6.83519437551696,7.08831967213115,7.08034985422741,7.18893939393939,78
"80",2017,11,7.3,12,7.78333333333333,6.81666666666667,7.5,NA,7.3,6,6,3,0,12,1972,757,1215,247,343,1629,7.17072768762677,7.70941215323646,6.83510288065844,7.09331983805668,7.08034985422741,7.18975751995089,79
"81",2017,12,7.428125,16,7.75,7.28181818181818,7,7.41666666666667,7.43076923076923,5,11,3,3,13,1988,762,1226,250,346,1642,7.17279929577465,7.70967847769029,6.83911092985318,7.0922,7.08326589595376,7.19166565164434,80
"82",2018,1,7.2875,20,7.64583333333333,6.75,7,6,7.35526315789474,12,8,2,1,19,2008,774,1234,252,347,1661,7.17394173306773,7.70868863049096,6.83853322528363,7.09146825396825,7.08014409221902,7.19353702588802,81
"83",2018,2,6.95555555555556,9,8.2,6.33333333333333,6.83333333333333,9.1,6.6875,3,6,3,1,8,2017,777,1240,255,348,1669,7.17296727813584,7.71058558558559,6.83608870967742,7.08843137254902,7.08594827586207,7.19111144397843,82
"84",2018,3,7.16904761904762,21,7.775,6.61818181818182,6.5,6.875,7.23823529411765,10,11,2,4,17,2038,787,1251,257,352,1686,7.17292688910697,7.7114040660737,6.8341726618705,7.08385214007782,7.08355113636364,7.19158659549229,83
"85",2018,4,7.07,10,7.7,6.125,NA,6.5,7.13333333333333,6,4,0,1,9,2048,793,1255,257,353,1695,7.17242431640625,7.71131778058008,6.83191235059761,7.08385214007782,7.08189801699717,7.19127728613569,84
"86",2018,5,6.92307692307692,13,7.5,6.81818181818182,7.5,7.66666666666667,6.7,2,11,2,3,10,2061,795,1266,259,356,1705,7.17085152838428,7.71078616352201,6.83179304897314,7.08706563706564,7.08682584269663,7.18839589442815,85
"87",2018,6,7.00833333333333,12,7.7,6.31666666666667,6.7,7.3,6.95,6,6,2,2,10,2073,801,1272,261,358,1715,7.16991075735649,7.71070536828964,6.82936320754717,7.08409961685824,7.08801675977654,7.18700583090379,86
"88",2018,7,7.31818181818182,11,8,6.75,8,NA,7.31818181818182,5,6,2,0,11,2084,806,1278,263,358,1726,7.170693378119,7.7125,6.82899061032864,7.09106463878327,7.08801675977654,7.18784183082271,87
"89",2018,8,6.850625,16,7.28571428571429,6.51222222222222,6,7,6.82928571428571,7,9,2,2,14,2100,813,1287,265,360,1740,7.16825476190476,7.70882533825338,6.82677544677545,7.08283018867924,7.08752777777778,7.18495689655173,88
"90",2018,9,7.35714285714286,7,8.16666666666667,6.75,6.5,NA,7.35714285714286,3,4,2,0,7,2107,816,1291,267,360,1747,7.16888229710489,7.71050857843137,6.82653756777692,7.07846441947565,7.08752777777778,7.18564682312536,89
"91",2018,10,7.25,16,7.41666666666667,7.15,7,7,7.28571428571429,6,10,3,2,14,2123,822,1301,270,362,1761,7.16949364107395,7.70836374695864,6.82902382782475,7.07759259259259,7.08704419889503,7.18644236229415,90
"92",2018,11,7.64375,16,8.58333333333333,7.08,6.75,7,7.79230769230769,6,10,2,3,13,2139,828,1311,272,365,1774,7.17304114071996,7.71470410628019,6.83093821510298,7.07518382352941,7.08632876712329,7.19088218714769,91
"93",2018,12,7.05333333333333,15,8.13333333333333,6.33333333333333,7,NA,7.05333333333333,6,9,1,0,15,2154,834,1320,273,365,1789,7.17220752089136,7.71771582733813,6.82754545454546,7.07490842490842,7.08632876712329,7.18972889882616,92
"94",2019,1,7.21428571428571,14,7.78571428571429,6.64285714285714,6.5,7.16666666666667,7.22727272727273,7,7,2,3,11,2168,841,1327,275,368,1800,7.17247924354244,7.71828180737218,6.826571213263,7.07072727272727,7.08698369565217,7.18995833333333,93
"95",2019,2,7.334,20,7.3125,7.34833333333333,7.5,7.375,7.32375,8,12,1,4,16,2188,849,1339,276,372,1816,7.17395566727605,7.7144581861013,6.83124719940254,7.07228260869565,7.09008064516129,7.19113711453745,94
"96",2019,3,7.125,12,8,6.83333333333333,7,7.5,7.05,3,9,3,2,10,2200,852,1348,279,374,1826,7.17368863636364,7.71546361502347,6.83126112759644,7.07150537634408,7.09227272727273,7.19036418400876,95
"97",2019,4,7.275,12,7.3,7.26666666666667,6.75,6,7.39090909090909,3,9,2,1,11,2212,855,1357,281,375,1837,7.17423824593128,7.71400584795322,6.8341488577745,7.06921708185053,7.08936,7.19156505171475,96
"98",2019,5,7.27777777777778,9,8,7.07142857142857,7.75,7,7.35714285714286,2,7,2,2,7,2221,857,1364,283,377,1844,7.17465781179649,7.71467327887981,6.83536656891496,7.07402826855124,7.08888594164456,7.19219360086768,97
"99",2019,6,6.21428571428571,7,6.875,5.33333333333333,5,NA,6.21428571428571,4,3,2,0,7,2228,861,1367,285,377,1851,7.17164048473968,7.71077235772358,6.83207022677396,7.05947368421053,7.08888594164456,7.18849540788763,98
"100",2019,7,7.37,10,7.6,7.14,NA,NA,7.37,5,5,0,0,10,2238,866,1372,285,377,1861,7.17252680965147,7.71013279445727,6.83319241982507,7.05947368421053,7.08888594164456,7.18947071466953,99
"101",2019,8,7.125,12,7.5,6.75,7.125,7.25,7.1,6,6,4,2,10,2250,872,1378,289,379,1871,7.17227333333333,7.7086869266055,6.83283018867925,7.06038062283737,7.08973614775726,7.18899251737039,100
"102",2019,9,6.9375,8,7.66666666666667,6.5,7,7,6.92857142857143,3,5,1,1,7,2258,875,1383,290,380,1878,7.17144154118689,7.70854285714286,6.83162689804772,7.0601724137931,7.0895,7.18802183173589,101
"103",2019,10,6.7,8,7.8,6.04,4.25,4.5,7.43333333333333,3,5,2,2,6,2266,878,1388,292,382,1884,7.16977714033539,7.70885535307517,6.82877521613833,7.04092465753425,7.07594240837696,7.18880307855626,102
"104",2019,11,7.18038461538462,13,7.88,6.743125,7.5,6.6,7.3545,5,8,1,3,10,2279,883,1396,293,385,1894,7.16983764809127,7.70982446206115,6.82828438395416,7.04249146757679,7.07223376623377,7.18967793030623,103
"105",2019,12,7.28571428571429,7,7.33333333333333,7.25,7,NA,7.28571428571429,3,4,1,0,7,2286,886,1400,294,385,1901,7.17019247594051,7.70854966139955,6.82948928571429,7.04234693877551,7.07223376623377,7.19003156233561,104
"106",2020,1,7.21875,16,7.6,6.92222222222222,6.5,7.3,7.20714285714286,7,9,2,2,14,2302,893,1409,296,387,1915,7.17052997393571,7.70769876819709,6.83008161816892,7.03868243243243,7.07341085271318,7.19015665796345,105
"107",2020,2,6.92727272727273,11,7.4,6.53333333333333,8,NA,6.92727272727273,5,6,1,0,11,2313,898,1415,297,387,1926,7.16937310851708,7.7059855233853,6.82882332155477,7.04191919191919,7.07341085271318,7.18865524402908,106
"108",2020,3,7.45,4,8,7.26666666666667,NA,NA,7.45,1,3,0,0,4,2317,899,1418,297,387,1930,7.16985757444972,7.70631256952169,6.82974964739069,7.04191919191919,7.07341085271318,7.18919689119171,107
"109",2020,4,6.825,12,7.3125,5.85,2,6,6.9,8,4,1,1,11,2329,907,1422,298,388,1941,7.16808072133963,7.70283902976847,6.82699367088608,7.025,7.07064432989691,7.18755795981453,108
"110",2020,5,8.105,10,8.3,7.8125,6.75,7.75,8.25714285714286,6,4,1,3,7,2339,913,1426,299,391,1948,7.17208636169303,7.70676341730558,6.82975806451613,7.02408026755853,7.07585677749361,7.19140143737166,109
"111",2020,6,7.11111111111111,9,7.66666666666667,6.83333333333333,7,7,7.14285714285714,3,6,1,2,7,2348,916,1432,300,393,1955,7.17185264054514,7.70663209606987,6.82977304469274,7.024,7.07547073791349,7.19122762148338,110
"112",2020,7,6.5,7,NA,6.5,6.5,6.5,6.5,0,7,2,2,5,2355,916,1439,302,395,1960,7.16985562632696,7.70663209606987,6.82816886726894,7.0205298013245,7.07255696202532,7.18946428571429,111
"113",2020,8,7.16666666666667,9,7,7.21428571428571,6.66666666666667,NA,7.16666666666667,2,7,3,0,9,2364,918,1446,305,395,1969,7.1698434856176,7.70509259259259,6.83003803596127,7.01704918032787,7.07255696202532,7.18936008125952,112
"114",2020,9,7.46538461538462,13,7.75,7.13333333333333,6.93333333333333,6.4,7.65909090909091,7,6,3,2,11,2377,925,1452,308,397,1980,7.17145982330669,7.70543243243243,6.83129132231405,7.01623376623377,7.06916876574307,7.1919696969697,113
"115",2020,10,7.1,11,7.425,6.91428571428571,NA,6.85,7.15555555555556,4,7,0,2,9,2388,929,1459,308,399,1989,7.17113065326633,7.70422497308934,6.83168951336532,7.01623376623377,7.0680701754386,7.19180492709904,114
"116",2020,11,7.35789473684211,19,7.40909090909091,7.2875,7.66666666666667,7,7.45333333333333,11,8,3,4,15,2407,940,1467,311,403,2004,7.17260490236809,7.70077127659574,6.8341751874574,7.02250803858521,7.06739454094293,7.1937624750499,115
"117",2020,12,7.14285714285714,7,8.5,6.125,6,6.5,7.25,3,4,1,1,6,2414,943,1471,312,404,2010,7.17251864125932,7.70331389183457,6.83224677090415,7.01923076923077,7.0659900990099,7.19393034825871,116
"118",2021,1,6.55,12,6.625,6.5125,7.5,6,6.6,4,8,3,1,11,2426,947,1479,315,405,2021,7.16943940643034,7.69875923970433,6.83051724137931,7.02380952380952,7.06335802469136,7.1906976744186,117
"119",2021,2,7.49,10,7.9,6.875,6,6.83333333333333,7.77142857142857,6,4,1,3,7,2436,953,1483,316,408,2028,7.1707553366174,7.70002623294858,6.83063722184761,7.02056962025316,7.06166666666667,7.19270216962525,118
"120",2021,3,7.22625,8,8.27,6.6,4,7.93666666666667,6.8,3,5,1,3,5,2444,956,1488,317,411,2033,7.17093698854337,7.70181485355648,6.8298622311828,7.01104100946372,7.06805352798053,7.19173635022135,119
"121",2021,4,6.97,10,9,6.4625,NA,7.5,6.8375,2,8,0,2,8,2454,958,1496,317,413,2041,7.17011817440913,7.70452505219207,6.82789772727273,7.01104100946372,7.07014527845036,7.19034786869182,120
"122",2021,5,7.35714285714286,7,7.33333333333333,7.375,8,NA,7.35714285714286,3,4,1,0,7,2461,961,1500,318,413,2048,7.17065014221861,7.70336628511967,6.82935666666667,7.01415094339623,7.07014527845036,7.19091796875,121
"123",2021,6,7.33333333333333,3,9,6.5,6,NA,7.33333333333333,1,2,1,0,3,2464,962,1502,319,413,2051,7.17084821428571,7.70471413721414,6.82891810918775,7.01097178683386,7.07014527845036,7.19112627986348,122
"124",2021,7,7.39666666666667,9,7.714,7,5,8.835,6.98571428571429,5,4,1,2,7,2473,967,1506,320,415,2058,7.17167003639304,7.70476215098242,6.82937250996016,7.0046875,7.07865060240964,7.19042759961127,123
"125",2021,8,7.08333333333333,12,7.16666666666667,7.05555555555556,7,7.5,7.04545454545455,3,9,2,1,11,2485,970,1515,322,416,2069,7.17124346076459,7.70309793814433,6.83071617161716,7.00465838509317,7.07966346153846,7.18965683905268,124
"126",2021,9,5.75,4,8,5,NA,2,7,1,3,0,1,3,2489,971,1518,322,417,2072,7.1689594214544,7.70340370751802,6.82709815546772,7.00465838509317,7.06748201438849,7.18938223938224,125
"127",2021,10,7.25,8,7.4,7,NA,7.5,7.21428571428571,5,3,0,1,7,2497,976,1521,322,418,2079,7.16921906287545,7.7018493852459,6.82743918474688,7.00465838509317,7.06851674641148,7.18946608946609,126
"128",2021,11,7.46666666666667,15,8.3,7.05,NA,7.125,7.59090909090909,5,10,0,4,11,2512,981,1531,322,422,2090,7.17099522292994,7.70489806320081,6.82889288047028,7.00465838509317,7.06905213270142,7.19157894736842,127
"129",2021,12,7.025,16,6.83333333333333,7.14,7.5,7.16666666666667,6.99230769230769,6,10,1,3,13,2528,987,1541,323,425,2103,7.17007120253164,7.69959979736575,6.83091174561973,7.0061919504644,7.06974117647059,7.19034712315739,128
"130",2022,1,6.77111764705882,17,6.91666666666667,6.69172727272727,6.5,7.8,6.7068125,6,11,4,1,16,2545,993,1552,327,426,2119,7.16740628683693,7.69486908358509,6.82992525773196,7,7.07145539906103,7.18669608305805,129
"131",2022,2,6.71363636363636,22,7.18888888888889,6.38461538461539,6.5,7.625,6.51111111111111,9,13,2,4,18,2567,1002,1565,329,430,2137,7.16351733541099,7.6903243512974,6.82622619808307,6.99696048632219,7.07660465116279,7.18100561534862,130
"132",2022,3,7.18181818181818,11,7.7,6.75,NA,6,7.44444444444444,5,6,0,2,9,2578,1007,1571,329,432,2146,7.16359542280838,7.69037239324727,6.82593507320178,6.99696048632219,7.07162037037037,7.18211043802423,131
"133",2022,4,7.73333333333333,6,8.16666666666667,7.3,7,7.9,7.7,3,3,1,1,5,2584,1010,1574,330,433,2151,7.16491834365325,7.69178712871287,6.82683862770013,6.9969696969697,7.07353348729792,7.18331427243143,132
"134",2022,5,7.11111111111111,9,7,7.14285714285714,NA,8,7,2,7,0,1,8,2593,1012,1581,330,434,2159,7.16473158503664,7.69041996047431,6.82823782416192,6.9969696969697,7.07566820276498,7.18263501621121,133
"135",2022,6,5.9,4,5.86666666666667,6,NA,NA,5.9,3,1,0,0,4,2597,1015,1582,330,434,2163,7.16278359645745,7.68502955665025,6.82771428571429,6.9969696969697,7.07566820276498,7.18026306056403,134
"136",2022,7,7.375,8,7.83333333333333,7.1,7,8.5,7,3,5,1,2,6,2605,1018,1587,331,436,2169,7.16343531669866,7.68546660117878,6.82857214870825,6.99697885196375,7.08220183486239,7.17976440756109,135
"137",2022,8,7.26363636363636,11,8.05,6.81428571428571,6.9,NA,7.26363636363636,4,7,1,0,11,2616,1022,1594,332,436,2180,7.16385665137615,7.68689334637965,6.82850941028858,6.99668674698795,7.08220183486239,7.1801876146789,136
