"","year","month","avg_rating","no_ratings","avg_rating_owned","avg_rating_not_owned","avg_rating_prev_owned","avg_rating_comment","avg_rating_no_comment","no_ratings_owned","no_ratings_not_owned","no_ratings_prev_owned","no_ratings_comment","no_ratings_no_comment","cum_no_ratings","cum_no_ratings_owned","cum_no_ratings_not_owned","cum_no_ratings_prev_owned","cum_no_ratings_comment","cum_no_ratings_no_comment","cum_avg_rating","cum_avg_rating_owned","cum_avg_rating_not_owned","cum_avg_rating_prev_owned","cum_avg_rating_comment","cum_avg_rating_no_comment","month_after_release"
"1",2011,3,9,1,9,NA,NA,9,NA,1,0,0,1,0,1,1,0,0,1,0,9,9,NA,NA,9,NA,-7
"2",2011,4,9,2,9,NA,NA,NA,9,2,0,0,0,2,3,3,0,0,1,2,9,9,NA,NA,9,9,-6
"3",2011,8,7.33333333333333,3,8,7,NA,7,8,1,2,0,2,1,6,4,2,0,3,3,8.16666666666667,8.75,7,NA,7.66666666666667,8.66666666666667,-2
"4",2011,10,8.21395348837209,43,8.25833333333333,7.98571428571429,6.5,8.92857142857143,8.075,36,7,1,7,36,49,40,9,1,10,39,8.20816326530612,8.3075,7.76666666666667,6.5,8.55,8.12051282051282,0
"5",2011,11,8.15144927536232,69,8.32589285714286,7.4,7.66666666666667,8.55263157894737,7.999,56,13,6,19,50,118,96,22,7,29,89,8.175,8.31822916666667,7.55,7.5,8.55172413793103,8.05224719101124,1
"6",2011,12,7.90214285714286,70,8.07280701754386,7.15384615384615,8,7.94736842105263,7.88529411764706,57,13,3,19,51,188,153,35,10,48,140,8.07340425531915,8.22679738562091,7.40285714285714,7.65,8.3125,7.99142857142857,2
"7",2012,1,7.87867647058824,68,8.10595238095238,7.51153846153846,8.1875,7.66666666666667,7.91101694915254,42,26,8,9,59,256,195,61,18,57,199,8.0216796875,8.20076923076923,7.44918032786885,7.88888888888889,8.21052631578947,7.96758793969849,3
"8",2012,2,7.86484375,64,8.02647058823529,7.23076923076923,7.75,8.04166666666667,7.82403846153846,51,13,2,12,52,320,246,74,20,69,251,7.9903125,8.16463414634146,7.41081081081081,7.875,8.18115942028986,7.93784860557769,4
"9",2012,3,7.916,50,8.145,7,7.75,7.65,7.9825,40,10,4,10,40,370,286,84,24,79,291,7.98027027027027,8.16188811188811,7.36190476190476,7.85416666666667,8.11392405063291,7.94398625429553,5
"10",2012,4,7.88571428571429,63,8.18333333333333,6.93333333333333,6.6,7.63636363636364,7.93846153846154,48,15,5,11,52,433,334,99,29,90,343,7.96651270207852,8.16497005988024,7.2969696969697,7.63793103448276,8.05555555555556,7.94314868804665,6
"11",2012,5,7.529,50,7.99827586206897,6.88095238095238,7.5,7.225,7.625,29,21,6,12,38,483,363,120,35,102,381,7.9212215320911,8.15165289256198,7.22416666666667,7.61428571428571,7.9578431372549,7.91141732283465,7
"12",2012,6,7.42307692307692,39,7.67307692307692,6.92307692307692,7,7.2,7.45588235294118,26,13,1,5,34,522,389,133,36,107,415,7.88400383141763,8.11966580976864,7.19473684210526,7.59722222222222,7.92242990654206,7.87409638554217,8
"13",2012,7,7.65790697674419,43,8.08888888888889,6.930625,7.14285714285714,8.125,7.55114285714286,27,16,7,8,35,565,416,149,43,115,450,7.86679646017699,8.11766826923077,7.16637583892618,7.52325581395349,7.93652173913044,7.84897777777778,9
"14",2012,8,7.66979166666667,48,8.0390625,6.93125,7.125,7.67916666666667,7.66666666666667,32,16,8,12,36,613,448,165,51,127,486,7.85137030995106,8.11205357142857,7.14357575757576,7.46078431372549,7.91220472440945,7.83547325102881,10
"15",2012,9,8.05,30,8.17391304347826,7.64285714285714,8,8.2,7.975,23,7,3,10,20,643,471,172,54,137,506,7.86063763608087,8.11507430997877,7.16389534883721,7.49074074074074,7.93321167883212,7.84098814229249,11
"16",2012,10,7.56981132075472,53,7.90294117647059,6.97368421052632,6.55555555555556,6.95,7.71395348837209,34,19,9,10,43,696,505,191,63,147,549,7.83849137931035,8.10079207920792,7.14497382198953,7.35714285714286,7.86632653061224,7.83103825136612,12
"17",2012,11,7.13951612903226,62,7.41794871794872,6.66739130434783,6.92857142857143,6.95,7.17596153846154,39,23,7,10,52,758,544,214,70,157,601,7.78131926121372,8.05183823529412,7.09364485981309,7.31428571428571,7.80796178343949,7.77435940099834,13
"18",2012,12,7.76037735849057,53,8.02,6.96153846153846,7.5,7.125,7.81224489795918,40,13,5,4,49,811,584,227,75,161,650,7.77995067817509,8.04965753424658,7.08607929515419,7.32666666666667,7.79099378881988,7.77721538461539,14
"19",2013,1,7.508,75,7.87592592592593,6.56190476190476,6.85,8,7.44090909090909,54,21,8,9,66,886,638,248,83,170,716,7.75693002257336,8.03495297805643,7.0416935483871,7.28072289156626,7.80205882352941,7.74621508379888,15
"20",2013,2,6.80909090909091,44,7.48214285714286,5.63125,6.66666666666667,7.91666666666667,6.63421052631579,28,16,9,6,38,930,666,264,92,176,754,7.71208602150538,8.01171171171171,6.95621212121212,7.22065217391304,7.80596590909091,7.69017241379311,16
"21",2013,3,7.32115384615385,52,7.70909090909091,6.64736842105263,6.1875,6.6875,7.43636363636364,33,19,8,8,44,982,699,283,100,184,798,7.6913849287169,7.99742489270386,6.93547703180212,7.138,7.75733695652174,7.67617794486216,17
"22",2013,4,7.00454545454545,44,7.33448275862069,6.36666666666667,7.14285714285714,6.4375,7.13055555555556,29,15,7,8,36,1026,728,298,107,192,834,7.6619298245614,7.97101648351648,6.90684563758389,7.13831775700935,7.70234375,7.65262589928058,18
"23",2013,5,7.45106382978723,47,7.74242424242424,6.76428571428571,7.27777777777778,7.5,7.44390243902439,33,14,9,6,41,1073,761,312,116,198,875,7.65269338303821,7.9611038107753,6.90044871794872,7.14913793103448,7.69621212121212,7.64284571428572,19
"24",2013,6,7.50094339622641,53,7.94871794871795,6.25357142857143,6.27727272727273,7.72727272727273,7.44166666666667,39,14,11,11,42,1126,800,326,127,209,917,7.64555062166963,7.9605,6.87266871165644,7.07362204724409,7.69784688995215,7.63363140676118,20
"25",2013,7,7.32549019607843,51,7.57647058823529,6.82352941176471,6.64285714285714,7.27272727272727,7.34,34,17,7,11,40,1177,834,343,134,220,957,7.63168224299065,7.94484412470024,6.8702332361516,7.05111940298507,7.67659090909091,7.62135841170324,21
"26",2013,8,7.44479166666667,48,7.60757575757576,7.08666666666667,7.16,7.85,7.38690476190476,33,15,5,6,42,1225,867,358,139,226,999,7.62435918367347,7.93200692041523,6.87930167597766,7.05503597122302,7.68119469026549,7.6115015015015,22
"27",2013,9,6.98068181818182,44,7.10416666666667,6.425,7.475,6.75,7.02432432432432,36,8,4,7,37,1269,903,366,143,233,1036,7.60204097714736,7.89900332225914,6.86937158469946,7.06678321678322,7.65321888412017,7.59053088803089,23
"28",2013,10,7.19636363636364,55,7.759375,6.41304347826087,6.61538461538461,7.2,7.19512195121951,32,23,13,14,41,1324,935,389,156,247,1077,7.58518882175226,7.89422459893048,6.84239074550129,7.02916666666667,7.62753036437247,7.57547818012999,24
"29",2013,11,7.43222222222222,45,7.7015625,6.76923076923077,7.5,7.2,7.46125,32,13,4,5,40,1369,967,402,160,252,1117,7.58016070124178,7.88784901758015,6.84002487562189,7.0409375,7.61904761904762,7.57138764547896,25
"30",2013,12,7.35185185185185,54,7.64102564102564,6.6,6.75,7.68571428571429,7.30212765957447,39,15,6,7,47,1423,1006,417,166,259,1164,7.5714968376669,7.87828031809145,6.83139088729017,7.03042168674699,7.62084942084942,7.56051546391753,26
"31",2014,1,7.33409090909091,88,7.57045454545455,6.625,6.175,7.47142857142857,7.30810810810811,66,22,10,14,74,1511,1072,439,176,273,1238,7.55767041694242,7.85932835820896,6.82104783599089,6.98181818181818,7.61318681318681,7.54542810985461,27
"32",2014,2,7.11271186440678,59,7.48333333333333,6.39,6.1625,6.65,7.20714285714286,39,20,8,10,49,1570,1111,459,184,283,1287,7.54094904458599,7.8461296129613,6.80226579520697,6.94619565217391,7.5791519434629,7.53254856254856,28
"33",2014,3,7.35365853658537,41,7.36363636363636,7.34210526315789,7.2,7.5,7.33333333333333,22,19,10,5,36,1611,1133,478,194,288,1323,7.53618249534451,7.83676081200353,6.82372384937239,6.95927835051546,7.57777777777778,7.52712773998488,29
"34",2014,4,7.33170731707317,41,7.67666666666667,6.39090909090909,6,6.57142857142857,7.48823529411765,30,11,3,7,34,1652,1163,489,197,295,1357,7.53110774818402,7.83263112639725,6.81398773006135,6.94467005076142,7.55389830508474,7.52615327929256,30
"35",2014,5,7.14745762711864,59,7.49189189189189,6.56818181818182,6.86666666666667,7.20833333333333,7.13191489361702,37,22,15,12,47,1711,1200,511,212,307,1404,7.51787843366452,7.822125,6.80340508806262,6.93915094339622,7.54039087947883,7.51295584045584,31
"36",2014,6,7.1969696969697,33,7.4,6.5625,6.5,6.5,7.35185185185185,25,8,4,6,27,1744,1225,519,216,313,1431,7.51180619266055,7.81351020408163,6.79969171483623,6.93101851851852,7.52044728434505,7.50991614255765,32
"37",2014,7,6.88857142857143,35,7.23076923076923,5.9,6.5,6.35714285714286,7.02142857142857,26,9,3,7,28,1779,1251,528,219,320,1459,7.49954468802698,7.80139888089528,6.78435606060606,6.92511415525114,7.495,7.50054146675806,33
"38",2014,8,7.08636363636364,44,7.4,6.25,6.5,8.3,6.89473684210526,32,12,5,6,38,1823,1283,540,224,326,1497,7.48957213384531,7.79138737334373,6.77248148148148,6.915625,7.50981595092024,7.48516366065464,34
"39",2014,9,6.865,50,7.325,6.175,6.6,6.9,6.85625,30,20,5,10,40,1873,1313,560,229,336,1537,7.47289909236519,7.78073115003808,6.75114285714286,6.90873362445415,7.49166666666667,7.46879635653871,35
"40",2014,10,7.20862068965517,58,7.32051282051282,6.97894736842105,6.42857142857143,7.4375,7.172,39,19,7,8,50,1931,1352,579,236,344,1587,7.46496116002071,7.76745562130178,6.7586183074266,6.89449152542373,7.49040697674419,7.45944549464398,36
"41",2014,11,6.98846153846154,52,7.41612903225806,6.35714285714286,6.75,7,6.9875,31,21,8,4,48,1983,1383,600,244,348,1635,7.45246596066566,7.75958062183659,6.74456666666667,6.88975409836065,7.48477011494253,7.44559021406728,37
"42",2014,12,7.19160714285714,56,7.4925,6.65,6.58333333333333,7.151875,7.2075,36,20,12,16,40,2039,1419,620,256,364,1675,7.44530161844041,7.75280479210712,6.74151612903226,6.875390625,7.47013736263736,7.43990447761194,38
"43",2015,1,7.40149253731343,67,7.62826086956522,6.90476190476191,6.8,7.21428571428571,7.42333333333333,46,21,10,7,60,2106,1465,641,266,371,1735,7.44390788224122,7.74889419795222,6.74686427457098,6.87255639097744,7.46530997304582,7.43933141210375,39
"44",2015,2,7.109375,48,7.54464285714286,6.5,7.16666666666667,8.1,6.99418604651163,28,20,9,5,43,2154,1493,661,275,376,1778,7.43645311049211,7.74506363027461,6.73939485627837,6.88218181818182,7.47375,7.42856580427447,40
"45",2015,3,7.31935483870968,62,7.55,6.65625,7.125,7.2875,7.32407407407407,46,16,8,8,54,2216,1539,677,283,384,1832,7.43317689530686,7.73923326835607,6.73742983751846,6.88904593639576,7.46986979166667,7.42548580786026,41
"46",2015,4,7.24464285714286,56,7.55641025641026,6.52941176470588,6.16666666666667,7.66666666666667,7.16382978723404,39,17,9,9,47,2272,1578,694,292,393,1879,7.42852992957746,7.73471482889734,6.73233429394813,6.86678082191781,7.47437659033079,7.41894092602448,42
"47",2015,5,7.20308139534884,43,7.77441666666667,5.88461538461539,6.6,7.3540625,7.16857142857143,30,13,5,8,35,2315,1608,707,297,401,1914,7.42434233261339,7.73545553482587,6.7167468175389,6.86228956228956,7.47197630922693,7.41436259143156,43
"48",2015,6,7.15,40,7.66666666666667,6.07692307692308,6.14285714285714,7.1,7.15714285714286,27,13,7,5,35,2355,1635,720,304,406,1949,7.41968259023354,7.73431957186544,6.70519444444445,6.84572368421052,7.46739532019704,7.40974345818368,44
"49",2015,7,7.32314814814815,54,7.53513513513514,6.86176470588235,7.25714285714286,7.34444444444444,7.31888888888889,37,17,7,9,45,2409,1672,737,311,415,1994,7.41751867995019,7.72991178229665,6.70880597014925,6.85498392282958,7.46472891566265,7.40769307923771,45
"50",2015,8,7.05222222222222,45,7.26935483870968,6.57142857142857,6.57142857142857,7.1,7.03857142857143,31,14,7,10,35,2454,1703,751,318,425,2029,7.41082008964955,7.7215281855549,6.70624500665779,6.84874213836478,7.45614705882353,7.40132577624446,46
"51",2015,9,7.29446666666667,45,7.46091304347826,7.12045454545455,7.15625,7.0202,7.32875,23,22,8,5,40,2499,1726,773,326,430,2069,7.40872488995598,7.71805533024334,6.71803363518758,6.85628834355828,7.45107790697674,7.39992266795554,47
"52",2015,10,7.13421052631579,38,7.32592592592593,6.66363636363636,6.82857142857143,7.5,7.07878787878788,27,11,7,5,33,2537,1753,784,333,435,2102,7.40461312573906,7.71201568739304,6.71727040816327,6.8557057057057,7.45164022988506,7.39488106565176,48
"53",2015,11,7.16274509803922,51,7.5448275862069,6.65909090909091,6.72727272727273,5.85714285714286,7.37045454545455,29,22,11,7,44,2588,1782,806,344,442,2146,7.39984679289026,7.70929489337823,6.71568238213399,6.8515988372093,7.42638800904977,7.39438024231128,49
"54",2015,12,6.88787878787879,66,7.32380952380952,6.125,5.79,6.925,6.87962962962963,42,24,10,12,54,2654,1824,830,354,454,2200,7.38711510926903,7.70041858552631,6.69860240963855,6.82161016949153,7.41313546255507,7.38174545454546,50
"55",2016,1,6.95703125,64,7.29204545454545,6.22,6.32,6.32,7.075,44,20,10,10,54,2718,1868,850,364,464,2254,7.37698804267844,7.69079951820128,6.68734117647059,6.80782967032967,7.38957650862069,7.37439662821651,51
"56",2016,2,7.50434782608696,46,7.76666666666667,7.0125,6.82,8.02222222222222,7.37837837837838,30,16,10,9,37,2764,1898,866,374,473,2291,7.37910763386396,7.69199868282402,6.69334872979215,6.8081550802139,7.40161416490486,7.37446093408992,52
"57",2016,3,6.78723404255319,47,7.22,6.02352941176471,6.18181818181818,6.39375,6.86794871794872,30,17,11,8,39,2811,1928,883,385,481,2330,7.36921149057275,7.68465430497925,6.6804530011325,6.79025974025974,7.38485135135135,7.36598283261803,53
"58",2016,4,7.40555555555556,36,7.732,6.66363636363636,6.43333333333333,7.825,7.353125,25,11,3,4,32,2847,1953,894,388,485,2362,7.36967105725325,7.68526036866359,6.68024608501119,6.7875,7.38848144329897,7.36580863674852,54
"59",2016,5,7.17876543209877,81,7.42947368421053,6.58333333333333,6.5,7.25,7.17202702702703,57,24,11,7,74,2928,2010,918,399,492,2436,7.36438985655737,7.67800671641791,6.67771241830065,6.77957393483709,7.38651117886179,7.35992200328407,55
"60",2016,6,7.41086956521739,46,7.49090909090909,7.20769230769231,7.5,8.2,7.31463414634146,33,13,3,5,41,2974,2043,931,402,497,2477,7.36510877605918,7.6749845814978,6.68511278195489,6.78495024875622,7.39469517102616,7.35917238595075,56
"61",2016,7,7.51436363636364,55,7.82414634146341,6.60714285714286,7.35,7.89444444444444,7.44,41,14,5,9,46,3029,2084,945,407,506,2523,7.36781891713437,7.67791914587332,6.68395767195767,6.79189189189189,7.40358399209486,7.3606460562822,57
"62",2016,8,7.09915254237288,59,7.41904761904762,6.30882352941176,6.875,7.15909090909091,7.08541666666667,42,17,6,11,48,3088,2126,962,413,517,2571,7.36268571891191,7.67280503292568,6.67732848232848,6.79309927360775,7.39838201160542,7.35550758459743,58
"63",2016,9,7.214,50,7.31621621621622,6.92307692307692,7,7.2,7.21555555555556,37,13,3,5,45,3138,2163,975,416,522,2616,7.3603166029318,7.6667052704577,6.68060512820513,6.79459134615385,7.39648180076628,7.3531001529052,59
"64",2016,10,6.77,50,7.27586206896552,6.07142857142857,6,7.2,6.72222222222222,29,21,8,5,45,3188,2192,996,424,527,2661,7.35105818695106,7.66153444343066,6.66776104417671,6.77959905660377,7.39461764705882,7.34243141676062,60
"65",2016,11,7.34921875,64,7.55777777777778,6.85526315789474,7.25,7.42857142857143,7.33947368421053,45,19,6,7,57,3252,2237,1015,430,534,2718,7.35102198646986,7.6594472507823,6.67127093596059,6.78616279069767,7.3950627340824,7.34236938925681,61
"66",2016,12,6.98636363636364,55,7.38970588235294,6.33333333333333,6.66666666666667,6.90625,7,34,21,12,8,47,3307,2271,1036,442,542,2765,7.3449572119746,7.65540885072655,6.66442084942085,6.7829185520362,7.38784778597786,7.33654972875226,62
"67",2017,1,7.11733333333333,75,7.46,6.432,5.95833333333333,6.4375,7.19850746268657,50,25,12,8,67,3382,2321,1061,454,550,2832,7.33990937315198,7.65119926755709,6.65894439208294,6.76112334801762,7.37402454545454,7.33328389830509,63
"68",2017,2,7.49795918367347,49,7.78378378378378,6.61666666666667,6.36666666666667,7.5125,7.49512195121951,37,12,3,8,41,3431,2358,1073,457,558,2873,7.34216656951326,7.65327968617472,6.6584715750233,6.75853391684901,7.37600985663082,7.33559345631744,64
"69",2017,3,6.92888888888889,45,7.06944444444444,6.36666666666667,6.6,7.36,6.875,36,9,4,5,40,3476,2394,1082,461,563,2913,7.3368163118527,7.64450020885547,6.65604436229205,6.75715835140998,7.3758676731794,7.32926879505664,65
"70",2017,4,7.30232558139535,43,7.56666666666667,6.69230769230769,5.9375,7.6,7.26315789473684,30,13,8,5,38,3519,2424,1095,469,568,2951,7.33639485649332,7.64353692244224,6.65647488584475,6.74317697228145,7.37784066901408,7.3284174855981,66
"71",2017,5,7.36521739130435,46,7.4375,7.2,7.13333333333333,6.78571428571429,7.46923076923077,32,14,6,7,39,3565,2456,1109,475,575,2990,7.3367667601683,7.64085240228013,6.66333633904418,6.74810526315789,7.37063217391304,7.33025418060201,67
"72",2017,6,6.852,50,7.11153846153846,6.57083333333333,6.2,7.05555555555556,6.80731707317073,26,24,5,9,41,3615,2482,1133,480,584,3031,7.33006182572614,7.63530761482675,6.66137687555163,6.74239583333333,7.36577654109589,7.32318046849225,68
"73",2017,7,7.20478260869565,46,7.30735294117647,6.91416666666667,6.48333333333333,6.7,7.32756756756757,34,12,6,9,37,3661,2516,1145,486,593,3068,7.32848770827642,7.63087579491256,6.66402620087336,6.7391975308642,7.35567200674536,7.3232333767927,69
"74",2017,8,7.25777777777778,45,7.47575757575758,6.65833333333333,6.66666666666667,8,7.2047619047619,33,12,3,3,42,3706,2549,1157,489,596,3110,7.32762911494873,7.62886759513535,6.66396715643907,6.73875255623722,7.35891526845638,7.32163344051447,70
"75",2017,9,7.31904761904762,42,7.816,6.58823529411765,5.8125,7.5,7.3051282051282,25,17,8,3,39,3748,2574,1174,497,599,3149,7.32753295090715,7.63068512043512,6.66287052810903,6.7238430583501,7.35962186978297,7.32142902508733,71
"76",2017,10,7.25686274509804,51,7.52666666666667,6.87142857142857,6.09090909090909,7.2,7.26304347826087,30,21,11,5,46,3799,2604,1195,508,604,3195,7.32658423269281,7.62948675115207,6.66653556485356,6.71013779527559,7.35830049668874,7.32058841940532,72
"77",2017,11,7.03454545454545,55,7.36666666666667,6.225,6.23636363636364,6.66666666666667,7.07959183673469,39,16,11,6,49,3854,2643,1211,519,610,3244,7.32241658017644,7.62560858872493,6.66070189925681,6.70009633911368,7.35149754098361,7.31694821208385,73
"78",2017,12,6.815625,48,7.3171875,5.8125,5.5625,6.25,6.92875,32,16,8,8,40,3902,2675,1227,527,618,3284,7.31618234238852,7.62191906542056,6.64964140179299,6.68282732447818,7.33723867313916,7.31221985383678,74
"79",2018,1,7.14615294117647,85,7.45478947368421,6.51785714285714,5.95,6.5,7.2523698630137,57,28,10,12,73,3987,2732,1255,537,630,3357,7.31255743666917,7.61843210102489,6.64670119521912,6.66918063314711,7.32129126984127,7.31091837950551,75
"80",2018,2,7.11461538461538,39,7.2788,6.82142857142857,6.08333333333333,6.66666666666667,7.19606060606061,25,14,6,6,33,4026,2757,1269,543,636,3390,7.31063996522603,7.61535237577077,6.64862884160757,6.66270718232044,7.31511556603774,7.30980029498525,76
"81",2018,3,7.32794117647059,34,7.57142857142857,6.93461538461538,7,7.5,7.29107142857143,21,13,5,6,28,4060,2778,1282,548,642,3418,7.31078485221675,7.61502033837293,6.65152886115445,6.66578467153285,7.31684345794393,7.30964686951434,77
"82",2018,4,6.93421052631579,38,7.2,6.42307692307692,5.8,7.42857142857143,6.82258064516129,25,13,5,7,31,4098,2803,1295,553,649,3449,7.3072929477794,7.61131876560828,6.64923552123552,6.65795660036166,7.31804853620955,7.30526906349667,78
"83",2018,5,7.46410256410256,39,7.65161290322581,6.7375,6.66666666666667,6.83333333333333,7.57878787878788,31,8,3,6,33,4137,2834,1303,556,655,3482,7.30877121102248,7.61175952717008,6.64977743668457,6.6580035971223,7.31360839694657,7.30786128661689,79
"84",2018,6,6.716,30,6.7392,6.6,6.1,9,6.36461538461538,25,5,1,4,26,4167,2859,1308,557,659,3508,7.30450359971202,7.604129590766,6.6495871559633,6.65700179533214,7.32384446130501,7.30087029646522,80
"85",2018,7,6.6084375,32,6.97368421052632,6.07461538461538,5.33333333333333,7.16166666666667,6.48076923076923,19,13,6,6,26,4199,2878,1321,563,665,3534,7.29919897594665,7.59996751216122,6.64392884178652,6.64289520426288,7.32238120300752,7.29483672891907,81
"86",2018,8,7.57560975609756,41,8.05806451612903,6.08,6.6,6.75,7.77575757575758,31,10,5,8,33,4240,2909,1331,568,673,3567,7.30187181603773,7.6048492609144,6.63969196093163,6.6425176056338,7.31557726597326,7.29928595458368,82
"87",2018,9,7.46285714285714,35,7.68076923076923,6.83333333333333,6.25,7.275,7.51851851851852,26,9,4,8,27,4275,2935,1340,572,681,3594,7.3031898245614,7.60552180579216,6.64099253731343,6.63977272727273,7.31510058737151,7.30093294379521,83
"88",2018,10,6.83523024390244,41,7.54541043478261,5.92777777777778,5.8375,7.125,6.80390378378378,23,18,8,4,37,4316,2958,1358,580,685,3631,7.29874442539388,7.60505440838404,6.63153902798233,6.62870689655172,7.31399051094891,7.29586820159735,84
"89",2018,11,6.90846153846154,39,7.16071428571429,6.26636363636364,6.66,7.25,6.86942857142857,28,11,5,4,35,4355,2986,1369,585,689,3666,7.29524935476464,7.6008877896852,6.62860482103725,6.62897435897436,7.31361901306241,7.29179690125477,85
"90",2018,12,7.13793103448276,29,7.30555555555556,6.86363636363636,7,6,7.22222222222222,18,11,4,2,27,4384,3004,1380,589,691,3693,7.29420869981752,7.59911815579228,6.63047826086957,6.63149405772496,7.30981693198263,7.29128823178987,86
"91",2019,1,6.90087719298246,57,7.14166666666667,6.48809523809524,6.22727272727273,6.9,6.90096153846154,36,21,11,5,52,4441,3040,1401,600,696,3745,7.28916031074082,7.59370096710526,6.62834403997145,6.62408333333333,7.30687284482759,7.2858684753004,87
"92",2019,2,7.44055555555556,36,7.45206896551724,7.39285714285714,6.375,7.79166666666667,7.37033333333333,29,7,4,6,30,4477,3069,1408,604,702,3775,7.29037769488497,7.59236263929619,6.63214488636364,6.62243377483444,7.31101638176638,7.2865397192053,88
"93",2019,3,7.01607142857143,28,7.61764705882353,6.08636363636364,5.99444444444444,6.56428571428571,7.16666666666667,17,11,9,7,21,4505,3086,1419,613,709,3796,7.28867279467258,7.59250192482178,6.62791402396054,6.61321370309951,7.30364386459803,7.28587656480506,89
"94",2019,4,7.67142857142857,35,7.875,6.85714285714286,6.25,NA,7.67142857142857,28,7,4,0,35,4540,3114,1426,617,709,3831,7.29162355506608,7.59504204881182,6.62903927068724,6.61085899513776,7.30364386459803,7.28939896632733,90
"95",2019,5,7,31,7.52380952380952,5.9,6.66666666666667,7,7,21,10,3,6,25,4571,3135,1436,620,715,3856,7.2896457974185,7.59456489314195,6.62396239554318,6.61112903225806,7.30109580419581,7.28752267634855,91
"96",2019,6,7.09523809523809,42,7.60714285714286,6.07142857142857,6.5,NA,7.09523809523809,28,14,4,0,42,4613,3163,1450,624,715,3898,7.28787577281595,7.59467623774897,6.6186275862069,6.61041666666667,7.30109580419581,7.28545085684966,92
"97",2019,7,7.05357142857143,28,7.48333333333333,6.28,6.13333333333333,6.74285714285714,7.15714285714286,18,10,6,7,21,4641,3181,1460,630,722,3919,7.2864621719457,7.59404619302106,6.61630821917808,6.60587301587302,7.29568351800554,7.28476331717275,93
"98",2019,8,6.88589743589744,39,7.08793103448276,6.3,6.4,7.75,6.83918918918919,29,10,5,2,37,4680,3210,1470,635,724,3956,7.28312413247863,7.58947381308411,6.61415646258503,6.60425196850394,7.2969385359116,7.28059591506572,94
"99",2019,9,6.85172413793103,29,7.135,6.22222222222222,5,6.3,6.96666666666667,20,9,2,5,24,4709,3230,1479,637,729,3980,7.28046739010405,7.58665973374613,6.61177146720757,6.59921507064364,7.29010082304527,7.27870287437186,95
"100",2019,10,6.72647058823529,34,7.07727272727273,6.08333333333333,6,4.66666666666667,6.9258064516129,22,12,4,3,31,4743,3252,1491,641,732,4011,7.27649608686485,7.58321369618696,6.60751844399732,6.59547581903276,7.27934904371585,7.27597542757417,96
"101",2019,11,7.00869565217391,46,7.31034482758621,6.49411764705882,6.125,7.125,6.98421052631579,29,17,8,8,38,4789,3281,1508,649,740,4049,7.2739237711422,7.58080187138068,6.6062400530504,6.58967642526965,7.27768040540541,7.27323720424796,97
"102",2019,12,7.02463414634146,41,7.3575,6.30769230769231,6.85714285714286,7.5,6.97324324324324,28,13,7,4,37,4830,3309,1521,656,744,4086,7.27180764803312,7.57891234209731,6.60368836291913,6.59253048780488,7.27887567204301,7.27052066568771,98
"103",2020,1,7.08257575757576,66,7.43854166666667,6.13333333333333,6.3,6.70454545454545,7.15818181818182,48,18,5,11,55,4896,3357,1539,661,755,4141,7.26925672794117,7.57690525469169,6.59818713450292,6.59031770045386,7.27050794701987,7.26902860178701,99
"104",2020,2,7.28695652173913,46,7.553125,6.67857142857143,6.8,6.5,7.32272727272727,32,14,5,2,44,4942,3389,1553,666,757,4185,7.26942147713476,7.57668071407495,6.59891178364456,6.59189189189189,7.26847225891678,7.26959317562724,100
"105",2020,3,7.09333333333333,30,7.7421052631579,5.97272727272727,6.15,8,7.06206896551724,19,11,8,1,29,4972,3408,1564,674,758,4214,7.26835899839099,7.57760297535211,6.59450767263427,6.586646884273,7.26943733509235,7.26816503084955,101
"106",2020,4,6.97714285714286,35,7.21666666666667,6.45454545454545,6.64285714285714,6.54,7.05,24,11,7,5,30,5007,3432,1575,681,763,4244,7.26632333533053,7.57507894522145,6.59353015873016,6.58722466960352,7.26465727391874,7.26662286522149,102
"107",2020,5,7.083,40,7.44642857142857,6.235,6.544,8,7.03473684210526,28,12,5,2,38,5047,3460,1587,686,765,4282,7.26487040618189,7.57403784393064,6.59081915563957,6.58690962099125,7.26657973856209,7.26456502568893,103
"108",2020,6,6.85217391304348,23,7.17333333333333,6.25,NA,6.3,6.90476190476191,15,8,0,2,21,5070,3475,1595,686,767,4303,7.26299821301775,7.57230818417266,6.58910971786834,6.58690962099125,7.2640593220339,7.26280907273995,104
"109",2020,7,7.06774193548387,31,7.74347826086957,5.125,5,7.45,7.01111111111111,23,8,1,4,27,5101,3498,1603,687,771,4330,7.26181159380513,7.57343365923385,6.58180286961946,6.58459970887918,7.26502399481193,7.26123959353349,105
"110",2020,8,7.19393939393939,33,7.68333333333333,5.88888888888889,5.75,7.66666666666667,7.08888888888889,24,9,4,6,27,5134,3522,1612,691,777,4357,7.26137532917802,7.57418254968768,6.57793424317618,6.57976845151954,7.26812548262548,7.26017154923112,106
"111",2020,9,7.33,30,7.47727272727273,6.925,8,7.2,7.35,22,8,2,4,26,5164,3544,1620,693,781,4383,7.26177400077459,7.57358096501129,6.57964814814815,6.58386724386724,7.26777656850192,7.26070441250285,107
"112",2020,10,7.155,40,7.53571428571429,6.26666666666667,5.94,7.5,7.13684210526316,28,12,5,2,38,5204,3572,1632,698,783,4421,7.26095329362029,7.57328413773796,6.57734681372549,6.57925501432665,7.26836973180077,7.25963977380683,108
"113",2020,11,7.25,36,7.62,6.40909090909091,6.25,7.33333333333333,7.24242424242424,25,11,4,3,33,5240,3597,1643,702,786,4454,7.26087804198473,7.57360882402002,6.57622032866707,6.57737891737892,7.26861768447837,7.25951222272115,109
"114",2020,12,6.79166666666667,36,7.16086956521739,6.13846153846154,7,5.5,6.82857142857143,23,13,1,1,35,5276,3620,1656,703,787,4489,7.25767644806671,7.57098644751381,6.57278381642512,6.57798008534851,7.26637039390089,7.25615224771664,110
"115",2021,1,6.97583340909091,44,7.37080818181818,5.79090909090909,7,7.462,6.91350435897436,33,11,2,5,39,5320,3653,1667,705,792,4528,7.25534541541353,7.5691781029291,6.56762447510498,6.57917730496454,7.26760542929293,7.25320099602473,111
"116",2021,2,7.04081632653061,49,7.36585365853659,5.375,4.8,7.16666666666667,7.03260869565217,41,8,5,3,46,5369,3694,1675,710,795,4574,7.25338752281616,7.5669213887385,6.56192835820895,6.56664788732394,7.26722452830189,7.25098253388719,112
"117",2021,3,6.77678571428571,28,7.125,5.5,5.6,NA,6.77678571428571,22,6,5,0,28,5397,3716,1681,715,795,4602,7.25091488048916,7.56430506189451,6.55813801308745,6.55988811188811,7.26722452830189,7.24809737288135,113
"118",2021,4,7.37864864864865,37,7.89625,6.42307692307692,6.64285714285714,7.36875,7.38137931034483,24,13,7,8,29,5434,3740,1694,722,803,4631,7.25178461722488,7.56643518983957,6.55710153482881,6.56069252077562,7.26823599003736,7.24893200388685,114
"119",2021,5,7.33979166666667,48,7.516,6.86538461538461,6.79166666666667,7.40625,7.3265,35,13,6,8,40,5482,3775,1707,728,811,4671,7.25255520065669,7.56596757880795,6.55944932630346,6.56259615384615,7.26959741060419,7.24959625561978,115
"120",2021,6,6.77083333333333,24,7.36666666666667,5.77777777777778,4,6.5,6.825,15,9,3,4,20,5506,3790,1716,731,815,4691,7.25045543225572,7.56517878891821,6.55534965034965,6.55207934336525,7.26582024539877,7.24778599658921,116
"121",2021,7,6.99146341463415,41,7.32222222222222,6.35357142857143,6.625,6,7.04230769230769,27,14,6,2,39,5547,3817,1730,737,817,4730,7.24854112312962,7.56346020696882,6.55371676300578,6.55267299864315,7.26272154222766,7.24609177801268,117
"122",2021,8,6.19852941176471,34,6.72368421052632,5.53333333333333,5.4,7,5.95192307692308,19,15,5,8,26,5581,3836,1745,742,825,4756,7.24214434868303,7.55930073253389,6.54494555873926,6.54490566037736,7.26017393939394,7.23901684398654,118
"123",2021,9,6.87179487179487,39,6.85714285714286,6.90909090909091,6.8,3.5,7.05405405405405,28,11,5,2,37,5620,3864,1756,747,827,4793,7.23957430782918,7.55421263198758,6.54722665148064,6.54661311914324,7.25108041112455,7.23758900688504,119
"124",2021,10,7.21282051282051,39,7.29677419354839,6.8875,6.75,7.5,7.16060606060606,31,8,4,6,33,5659,3895,1764,751,833,4826,7.23938992931613,7.55216369961489,6.54876984126984,6.54769640479361,7.25287334933974,7.2370626004973,120
"125",2021,11,6.69354838709677,31,7.35,5.5,5.7,5,7.01923076923077,20,11,5,5,26,5690,3915,1775,756,838,4852,7.23641610017574,7.5511309348659,6.54227042253521,6.54208994708995,7.23943138424821,7.2358953235779,121
"126",2021,12,6.92965979591837,49,7.20981472222222,6.15384615384615,5.75,6.4,6.98984840909091,36,13,4,5,44,5739,3951,1788,760,843,4896,7.2337969925074,7.54802099215389,6.53944630872483,6.53792105263158,7.23445255041519,7.23368411764706,122
"127",2022,1,6.92068965517241,58,7.06904761904762,6.53125,6.14285714285714,7.16666666666667,6.89230769230769,42,16,7,6,52,5797,3993,1804,767,849,4948,7.23066429877523,7.54298295517155,6.53937361419069,6.53431551499348,7.23397349823322,7.23009649151172,123
"128",2022,2,7.29166666666667,36,7.3125,7.25,6,6,7.32857142857143,24,12,2,1,35,5833,4017,1816,769,850,4983,7.23104079204526,7.541605909883,6.54406938325991,6.53292587776333,7.23252176470588,7.23078816777042,124
"129",2022,3,6.87255172413793,29,7.1152,6.33333333333333,6.07142857142857,6.61485714285714,6.95454545454545,20,9,7,7,22,5862,4037,1825,776,857,5005,7.22926730467417,7.53949342085707,6.5430301369863,6.52876288659794,7.22747666277713,7.22957391408591,125
"130",2022,4,7.13703703703704,27,7.48333333333333,6.44444444444444,6,8.5,7.08461538461538,18,9,4,1,26,5889,4055,1834,780,858,5031,7.2288444455765,7.53924412823675,6.54254634678299,6.52605128205128,7.22895979020979,7.22882477439873,126
"131",2022,5,6.97861111111111,36,7.55304347826087,5.96230769230769,6.33333333333333,6.66666666666667,7.0069696969697,23,13,3,3,33,5925,4078,1847,783,861,5064,7.22732404050633,7.53932195684159,6.5384623714131,6.525312899106,7.22700058072009,7.22737903633491,127
"132",2022,6,7.06666666666667,30,7.1,7,7,8,7.03448275862069,20,10,3,1,29,5955,4098,1857,786,862,5093,7.22651468345927,7.53717787701318,6.54094776521271,6.52712468193384,7.22789733178654,7.22628066758296,128
"133",2022,7,7.46428571428571,28,7.35294117647059,7.63636363636364,7,8.25,7.40384615384615,17,11,7,2,26,5983,4115,1868,793,864,5119,7.22762743439746,7.53641675334143,6.5473982869379,6.53129886506936,7.23026331018519,7.22718254346552,129
"134",2022,8,7.12733333333333,30,7.341,6.7,5.5,7.4,7.0728,20,10,4,5,25,6013,4135,1878,797,869,5144,7.22712704806253,7.53547156952842,6.54821086261981,6.52612296110414,7.23123993095512,7.22643223950233,130
