"","year","month","avg_rating","no_ratings","avg_rating_owned","avg_rating_not_owned","avg_rating_prev_owned","avg_rating_comment","avg_rating_no_comment","no_ratings_owned","no_ratings_not_owned","no_ratings_prev_owned","no_ratings_comment","no_ratings_no_comment","cum_no_ratings","cum_no_ratings_owned","cum_no_ratings_not_owned","cum_no_ratings_prev_owned","cum_no_ratings_comment","cum_no_ratings_no_comment","cum_avg_rating","cum_avg_rating_owned","cum_avg_rating_not_owned","cum_avg_rating_prev_owned","cum_avg_rating_comment","cum_avg_rating_no_comment","month_after_release"
"1",2011,3,5,1,NA,5,NA,NA,5,0,1,0,0,1,1,0,1,0,0,1,5,NA,5,NA,NA,5,-5
"2",2011,8,7.18872549019608,102,7.85918367346939,6.5688679245283,7.24,7.00714285714286,7.25743243243243,49,53,10,28,74,103,49,54,10,28,75,7.16747572815534,7.85918367346939,6.53981481481481,7.24,7.00714285714286,7.22733333333333,0
"3",2011,9,7.0843220338983,118,7.5175,6.63620689655172,6.58421052631579,6.91935483870968,7.14310344827586,60,58,19,31,87,221,109,112,29,59,162,7.12307692307692,7.67110091743119,6.58973214285714,6.81034482758621,6.96101694915254,7.1820987654321,1
"4",2011,10,6.88351648351648,91,7.34,6.52549019607843,6.38235294117647,7.11428571428571,6.81428571428571,40,51,17,21,70,312,149,163,46,80,232,7.05320512820513,7.58221476510067,6.56963190184049,6.65217391304348,7.00125,7.07112068965517,2
"5",2011,11,7.16666666666667,57,7.65333333333333,6.62592592592593,7.25,6.95,7.26666666666667,30,27,4,18,39,369,179,190,50,98,271,7.07073170731707,7.59413407821229,6.57763157894737,6.7,6.99183673469388,7.09926199261993,3
"6",2011,12,7.1719696969697,66,7.41714285714286,6.89516129032258,6.9,7.22727272727273,7.16090909090909,35,31,10,11,55,435,214,221,60,109,326,7.08609195402299,7.56518691588785,6.62217194570136,6.73333333333333,7.01559633027523,7.10966257668712,4
"7",2012,1,6.86451612903226,93,7.38666666666667,6.375,6.46153846153846,6.71428571428571,6.87674418604651,45,48,13,7,86,528,259,269,73,116,412,7.04706439393939,7.53416988416988,6.57806691449814,6.68493150684932,6.99741379310345,7.06104368932039,5
"8",2012,2,6.77578125,64,7.12878787878788,6.4,6.78461538461538,5.92857142857143,7.013,33,31,13,14,50,592,292,300,86,130,462,7.01773648648649,7.48835616438356,6.55966666666667,6.7,6.88230769230769,7.05584415584416,6
"9",2012,3,6.851875,48,7.41318181818182,6.37692307692308,6.20833333333333,5.6,6.99744186046512,22,26,12,5,43,640,314,326,98,135,505,7.005296875,7.48308917197452,6.54509202453988,6.63979591836735,6.83481481481481,7.05087128712871,7
"10",2012,4,6.87966101694915,59,7.20967741935484,6.51428571428571,6.59230769230769,6.5,6.98695652173913,31,28,13,13,46,699,345,354,111,148,551,6.99469241773963,7.45852173913044,6.54265536723164,6.63423423423423,6.8054054054054,7.04553539019964,8
"11",2012,5,7.07142857142857,49,7.6,6.36666666666667,6.58333333333333,5.95,7.22790697674419,28,21,6,6,43,748,373,375,117,154,594,6.9997192513369,7.46914209115282,6.5328,6.63162393162393,6.77207792207792,7.05873737373737,9
"12",2012,6,6.99322033898305,59,7.775,6.28709677419355,6.42307692307692,6.8125,7.02156862745098,28,31,13,8,51,807,401,406,130,162,645,6.99924411400248,7.49049875311721,6.514039408867,6.61076923076923,6.77407407407407,7.0557984496124,10
"13",2012,7,6.96666666666667,39,7.45238095238095,6.4,6.75,5.5,7.04594594594595,21,18,6,2,37,846,422,424,136,164,682,6.99774231678487,7.4886018957346,6.50919811320755,6.61691176470588,6.75853658536585,7.05526392961877,11
"14",2012,8,6.74206349206349,63,7.00757575757576,6.45,6.33333333333333,6.85416666666667,6.7156862745098,33,30,6,12,51,909,455,454,142,176,733,6.98002200220022,7.45371428571429,6.50528634361233,6.60492957746479,6.76505681818182,7.03163710777626,12
"15",2012,9,7,35,7.32352941176471,6.69444444444444,6.16666666666667,6.9,7.04,17,18,6,10,25,944,472,472,148,186,758,6.98076271186441,7.44902542372881,6.5125,6.58716216216216,6.77231182795699,7.03191292875989,13
"16",2012,10,6.8875,56,7.38461538461539,6.45666666666667,5.88571428571429,6.39,6.99565217391304,26,30,7,10,46,1000,498,502,155,196,804,6.97554,7.44566265060241,6.50916334661355,6.55548387096774,6.75280612244898,7.02983830845771,14
"17",2012,11,6.67213114754098,61,7.17592592592593,6.27205882352941,5.7625,6.67916666666667,6.67040816326531,27,34,8,12,49,1061,525,536,163,208,853,6.95809613572102,7.43179047619048,6.49412313432836,6.51656441717791,6.74855769230769,7.00919109026964,15
"18",2012,12,6.71176470588235,68,7.34242424242424,6.11714285714286,6.24,6.51,6.74655172413793,33,35,15,10,58,1129,558,571,178,218,911,6.94325952170062,7.42650537634409,6.47101576182137,6.49325842696629,6.73761467889908,6.99246981339188,16
"19",2013,1,7.01333333333333,72,7.45127659574468,6.19,7,7.5625,6.9035,47,25,7,12,60,1201,605,596,185,230,971,6.94746044962531,7.42842975206612,6.45922818791946,6.51243243243243,6.78065217391304,6.98697219361483,17
"20",2013,2,7.11086956521739,46,7.54545454545455,6.7125,7.375,7.55555555555556,7.0027027027027,22,24,8,9,37,1247,627,620,193,239,1008,6.95348837209302,7.43253588516746,6.46903225806452,6.54818652849741,6.80983263598326,6.9875496031746,18
"21",2013,3,7.25073913043478,46,7.58478260869565,6.91669565217391,6.5784,7.223,7.25657894736842,23,23,10,8,38,1293,650,643,203,247,1046,6.96406341840681,7.43792307692308,6.48504510108865,6.54967487684729,6.82321457489879,6.99732313575526,19
"22",2013,4,6.94901960784314,51,7.4,6.48,6.42307692307692,6.81818181818182,6.985,26,25,13,11,40,1344,676,668,216,258,1086,6.96349255952381,7.43646449704142,6.48485628742515,6.54205555555556,6.823,6.99686924493554,20
"23",2013,5,6.95612244897959,49,7.6,6.47321428571429,6.25,6.08181818181818,7.20921052631579,21,28,16,11,38,1393,697,696,232,269,1124,6.96323330940416,7.44139167862267,6.48438793103448,6.52191379310345,6.79269144981413,7.00404804270463,21
"24",2013,6,6.8894,45,7.38,6.27615,5.702875,6.90575,6.88780487804878,25,20,8,4,41,1438,722,716,240,273,1165,6.96092280945758,7.43926592797784,6.47857122905028,6.4946125,6.79434798534799,6.99995708154507,22
"25",2013,7,6.61162790697674,43,7,6.12105263157895,6.25714285714286,4.9375,6.99428571428571,24,19,7,8,35,1481,746,735,247,281,1200,6.95078122889939,7.42513404825737,6.46932925170068,6.48788259109312,6.74148398576513,6.99979166666667,23
"26",2013,8,6.77083333333333,48,7.06451612903226,6.23529411764706,6.05555555555556,7.3,6.63157894736842,31,17,9,10,38,1529,777,752,256,291,1238,6.94513211249182,7.41074646074646,6.46403856382979,6.47268359375,6.76067697594502,6.98848949919225,24
"27",2013,9,6.90377358490566,53,7.58636363636364,6.41935483870968,6.21428571428571,7,6.89375,22,31,7,5,48,1582,799,783,263,296,1286,6.94374652338812,7.41558197747184,6.46226947637293,6.46580608365019,6.7647195945946,6.9849533437014,25
"28",2013,10,6.74444444444444,45,6.82,6.65,6.4,6.35714285714286,6.81578947368421,25,20,5,7,38,1627,824,803,268,303,1324,6.93823417332514,7.39751213592233,6.46694520547945,6.46457835820896,6.75530363036304,6.98009818731118,26
"29",2013,11,7.02076923076923,65,7.37857142857143,6.60333333333333,6.86363636363636,7.07692307692308,7.00673076923077,35,30,11,13,52,1692,859,833,279,316,1376,6.9414048463357,7.39674039580908,6.47185714285714,6.48031182795699,6.76853481012658,6.98110465116279,27
"30",2013,12,6.80810810810811,37,7.8,5.965,5.98181818181818,6.75714285714286,6.82,17,20,11,7,30,1729,876,853,290,323,1406,6.93855234239445,7.40456621004566,6.45997303634232,6.46140344827586,6.7682879256966,6.97766714082504,28
"31",2014,1,7.14550724637681,69,7.37357142857143,6.79074074074074,6.94444444444444,7.01,7.16583333333333,42,27,9,9,60,1798,918,880,299,332,1466,6.94649443826474,7.40314814814815,6.47012159090909,6.47594314381271,6.77484036144579,6.98536834924966,29
"32",2014,2,6.59491525423729,59,6.63928571428571,6.55483870967742,6.08947368421053,7.2375,6.49411764705882,28,31,19,8,51,1857,946,911,318,340,1517,6.93532417878298,7.38053911205074,6.47300439077936,6.45285220125786,6.78572647058824,6.96885299934081,30
"33",2014,3,6.57166666666667,30,7.446875,5.57142857142857,5.78571428571429,6.66666666666667,6.56111111111111,16,14,7,3,27,1887,962,925,325,343,1544,6.92954266030737,7.38164241164241,6.45935891891892,6.43848307692308,6.78468513119534,6.96172279792746,31
"34",2014,4,6.7,34,7.65,6.18181818181818,6.32666666666667,6,6.79333333333333,12,22,15,4,30,1921,974,947,340,347,1574,6.92547995835502,7.38494866529774,6.45291129883844,6.43355,6.77563976945245,6.95851334180432,32
"35",2014,5,6.67179487179487,39,7.31363636363636,5.84117647058823,5.875,7.2,6.59411764705882,22,17,8,5,34,1960,996,964,348,352,1608,6.92043214285714,7.3833734939759,6.4421234439834,6.42070977011494,6.78166761363637,6.95080845771144,33
"36",2014,6,6.705,40,6.98571428571429,6.39473684210526,6.61111111111111,6.33333333333333,6.77058823529412,21,19,9,6,34,2000,1017,983,357,358,1642,6.9161235,7.3751622418879,6.44120752797559,6.42550980392157,6.77415363128492,6.94707673568819,34
"37",2014,7,6.92068965517241,29,7.1125,6.68461538461538,5.66666666666667,6.925,6.92,16,13,3,4,25,2029,1033,996,360,362,1667,6.91618876293741,7.37109390125847,6.44438453815261,6.41918611111111,6.77582044198895,6.94667066586683,35
"38",2014,8,6.4375,32,7.07142857142857,5.94444444444444,5.39285714285714,7.1875,6.33035714285714,14,18,7,4,28,2061,1047,1014,367,366,1695,6.908756428918,7.36708691499522,6.43550986193294,6.39961035422343,6.78031967213115,6.93648967551623,36
"39",2014,9,6.71323529411765,34,7.01136363636364,6.16666666666667,5.8,6.6,6.73275862068965,22,12,5,5,29,2095,1069,1026,372,371,1724,6.90558329355609,7.35976613657624,6.43236549707602,6.39155107526882,6.77788948787062,6.9330626450116,37
"40",2014,10,6.93977272727273,44,7.2,6.59736842105263,6.25,7.4375,6.82916666666667,25,19,10,8,36,2139,1094,1045,382,379,1760,6.90628658251519,7.35611517367459,6.43536555023924,6.38784554973822,6.79181266490765,6.9309375,38
"41",2014,11,6.24702702702703,37,6.86470588235294,5.722,5.64923076923077,6,6.2769696969697,17,20,13,4,33,2176,1111,1065,395,383,1793,6.89507674632353,7.34859585958596,6.42196901408451,6.36353670886076,6.78354308093995,6.91890128276631,39
"42",2014,12,6.9,34,7.33333333333333,6.4125,6.375,5.75,7.05333333333333,18,16,4,4,30,2210,1129,1081,399,387,1823,6.89515248868778,7.34835252435784,6.42182886216466,6.36365162907268,6.77286046511628,6.9211135490949,40
"43",2015,1,6.38936170212766,47,6.62857142857143,6.19615384615385,6.00666666666667,7.26666666666667,6.2609756097561,21,26,15,6,41,2257,1150,1107,414,393,1864,6.88461984935755,7.33520869565217,6.41652845528455,6.35071739130435,6.78039949109415,6.90659334763949,41
"44",2015,2,6.80714285714286,35,7.41944444444444,6.15882352941177,5.90909090909091,7.52,6.68833333333333,18,17,11,5,30,2292,1168,1124,425,398,1894,6.88343673647469,7.33650684931507,6.41263078291815,6.33928705882353,6.78969095477387,6.90313621964097,42
"45",2015,3,7.18970588235294,34,7.75,6.559375,6.49285714285714,7.41666666666667,7.14107142857143,18,16,7,6,28,2326,1186,1140,432,404,1922,6.8879135855546,7.34278246205734,6.41469035087719,6.34177546296296,6.79900247524753,6.90660249739854,43
"46",2015,4,6.49583333333333,48,6.7625,6.22916666666667,6,6.85714285714286,6.43414634146342,24,24,6,7,41,2374,1210,1164,438,411,1963,6.87998609941028,7.33127272727273,6.41086512027491,6.33709360730594,6.79999270072993,6.8967345899134,44
"47",2015,5,6.79166666666667,36,7.12105263157895,6.42352941176471,6.86363636363636,7.2,6.7258064516129,19,17,11,5,31,2410,1229,1181,449,416,1994,6.87866680497925,7.3280227827502,6.41104741744285,6.34999331848552,6.80480048076923,6.89407723169509,45
"48",2015,6,6.45645161290323,31,6.92307692307692,6.11944444444444,5.42857142857143,7.28571428571429,6.21458333333333,13,18,7,7,24,2441,1242,1199,456,423,2018,6.87330479311758,7.32378421900161,6.40666972477064,6.33584868421053,6.81275886524823,6.88599603567889,46
"49",2015,7,6.70769230769231,39,7.065,6.33157894736842,6.61818181818182,7.27777777777778,6.53666666666667,20,19,11,9,30,2480,1262,1218,467,432,2048,6.87070040322581,7.31968304278922,6.40549835796388,6.34249892933619,6.82244675925926,6.88087890625,47
"50",2015,8,6.97692307692308,39,7.49090909090909,6.31176470588235,6.03333333333333,6.61111111111111,7.08666666666667,22,17,9,9,30,2519,1284,1235,476,441,2078,6.87234497816594,7.3226168224299,6.40420809716599,6.33665336134454,6.81813378684807,6.88384985563042,48
"51",2015,9,6.7,27,7.45,6.184375,6.67857142857143,6.5,6.716,11,16,7,2,25,2546,1295,1251,483,443,2103,6.870517282011,7.32369884169884,6.40139648281375,6.34160869565217,6.81669751693002,6.8818544935806,49
"52",2015,10,6.56486486486487,37,6.41176470588235,6.695,6.68461538461538,6.7,6.51481481481482,17,20,13,10,27,2583,1312,1271,496,453,2130,6.86613898567557,7.31188262195122,6.40601652242329,6.35059879032258,6.81412141280353,6.87720187793427,50
"53",2015,11,6.81756756756757,37,7.28947368421053,6.31944444444444,6.125,7.16666666666667,6.75,19,18,10,6,31,2620,1331,1289,506,459,2161,6.86545305343511,7.31156273478587,6.40480760279286,6.34614031620553,6.81872984749455,6.87537714021287,51
"54",2015,12,6.521875,32,6.79411764705882,6.21333333333333,6.02857142857143,6.55555555555556,6.50869565217391,17,15,7,9,23,2652,1348,1304,513,468,2184,6.86130731523379,7.30503709198813,6.4026050613497,6.34180701754386,6.8136688034188,6.87151556776557,52
"55",2016,1,6.56944444444444,36,7.21052631578947,5.85294117647059,5.375,7.14285714285714,6.43103448275862,19,17,8,7,29,2688,1367,1321,521,475,2213,6.8573984375,7.30372348207754,6.39553141559425,6.32696161228407,6.81852,6.86574333483959,53
"56",2016,2,7.17647058823529,17,7.85,6.21428571428571,6.66666666666667,7.6,7,10,7,3,5,12,2705,1377,1328,524,480,2225,6.85940369685767,7.30769063180828,6.39457605421687,6.32890648854962,6.82666041666667,6.86646741573034,54
"57",2016,3,6.46857142857143,35,7.05882352941176,5.91111111111111,6.09,6.41666666666667,6.47931034482759,17,18,10,6,29,2740,1394,1346,534,486,2254,6.85441131386861,7.3046556671449,6.38811069836553,6.32443258426966,6.8215987654321,6.86148624667258,55
"58",2016,4,7.06451612903226,31,7.41666666666667,6.84210526315789,7.18181818181818,7,7.08,12,19,11,6,25,2771,1406,1365,545,492,2279,6.85676181883797,7.30561166429587,6.39443003663004,6.3417376146789,6.8237743902439,6.86388328214129,56
"59",2016,5,6.92,40,7.28947368421053,6.58571428571429,6.0625,7.71428571428571,6.75151515151515,19,21,8,7,33,2811,1425,1386,553,499,2312,6.85766168623266,7.30539649122807,6.39732828282828,6.33769801084991,6.83626653306613,6.86227941176471,57
"60",2016,6,6.88709677419355,31,7.47368421052632,5.95833333333333,5.92857142857143,6.8,6.90384615384615,19,12,7,5,26,2842,1444,1398,560,504,2338,6.85798275862069,7.3076108033241,6.39356008583691,6.33258392857143,6.83590674603175,6.86274165953807,58
"61",2016,7,6.46666666666667,30,7.5,5.5625,5.55,5.41666666666667,6.72916666666667,14,16,10,6,24,2872,1458,1414,570,510,2362,6.85389519498607,7.30945816186557,6.38415629420085,6.31885438596491,6.81920980392157,6.86138441998307,59
"62",2016,8,5.90882352941177,17,6.74444444444444,4.96875,5.9375,4.5,6.09666666666667,9,8,4,2,15,2889,1467,1422,574,512,2377,6.8483340256144,7.3059918200409,6.37619338959213,6.3161968641115,6.810150390625,6.85655868742112,60
"63",2016,9,6.57037037037037,27,6.78823529411765,6.2,6.33333333333333,7.5,6.496,17,10,6,2,25,2916,1484,1432,580,514,2402,6.84576028806585,7.30006064690027,6.37496298882682,6.31637413793104,6.8128346303502,6.85280599500417,61
"64",2016,10,6.59393939393939,33,6.9,6.26875,6.39090909090909,6.375,6.62413793103448,17,16,11,4,29,2949,1501,1448,591,518,2431,6.84294235334012,7.29552964690206,6.37378936464088,6.3177614213198,6.80945366795367,6.85007815713698,62
"65",2016,11,6.834375,32,6.9375,6.73125,6.72,6,6.98888888888889,16,16,10,5,27,2981,1517,1464,601,523,2458,6.84285038577659,7.29175346077785,6.37769603825137,6.32445424292845,6.80171510516252,6.85160292921074,63
"66",2016,12,6.58714285714286,35,6.9125,6.15333333333333,5.88888888888889,7.60714285714286,6.33214285714286,20,15,9,7,28,3016,1537,1479,610,530,2486,6.83988295755968,7.28681847755367,6.37542055442867,6.31802786885246,6.81235283018868,6.84575221238938,64
"67",2017,1,6.75333333333333,45,7.27272727272727,6.25652173913043,6.12142857142857,7.57142857142857,6.60263157894737,22,23,14,7,38,3061,1559,1502,624,537,2524,6.83861058477622,7.28661962796664,6.37359986684421,6.31361698717949,6.82224767225326,6.84209191759113,65
"68",2017,2,6.66451612903226,31,6.96666666666667,6.24615384615385,6.28571428571429,7.12857142857143,6.52916666666667,18,13,7,7,24,3092,1577,1515,631,544,2548,6.83686513583441,7.28296766011414,6.37250627062706,6.31330744849445,6.8261893382353,6.83914442700157,66
"69",2017,3,6.63333333333333,24,7.04,5.95555555555556,4.53333333333333,6.4,6.68,15,9,3,4,20,3116,1592,1524,634,548,2568,6.83529749679076,7.2806783919598,6.37004396325459,6.30488485804416,6.82307846715329,6.83790498442368,67
"70",2017,4,6.61538461538461,26,7.25,6.07142857142857,5.875,7.7,6.35714285714286,12,14,8,5,21,3142,1604,1538,642,553,2589,6.83347772119669,7.28044887780548,6.36732574772432,6.29952803738318,6.83100723327306,6.83400540749324,68
"71",2017,5,6.67666666666667,30,7.35294117647059,5.79230769230769,5.91666666666667,7,6.64074074074074,17,13,6,3,27,3172,1621,1551,648,556,2616,6.8319946406053,7.28120913016656,6.36250612508059,6.29598302469136,6.8319190647482,6.83201070336392,69
"72",2017,6,6.97727272727273,22,7.26923076923077,6.55555555555556,6.875,7.33333333333333,6.92105263157895,13,9,4,3,19,3194,1634,1560,652,559,2635,6.83299530369443,7.28111383108935,6.36361987179487,6.29953527607362,6.83461001788909,6.83265275142315,70
"73",2017,7,7.00454545454545,22,8.01,6.16666666666667,7.25,8.25,6.72777777777778,10,12,4,4,18,3216,1644,1572,656,563,2653,6.83416884328358,7.28554744525547,6.36211641221374,6.30533079268293,6.84466607460036,6.83194119864305,71
"74",2017,8,6.64516129032258,31,7.42857142857143,6,6,6.91666666666667,6.58,14,17,5,6,25,3247,1658,1589,661,569,2678,6.83236433631044,7.28675512665862,6.3582422907489,6.30302118003026,6.84542530755712,6.82958924570575,72
"75",2017,9,6.75714285714286,28,6.81666666666667,6.65,6.125,4.83333333333333,6.988,18,10,4,3,25,3275,1676,1599,665,572,2703,6.83172122137405,7.28170644391408,6.36006691682302,6.30195037593985,6.83487237762238,6.83105438401776,73
"76",2017,10,6.904,25,7.35714285714286,6.32727272727273,5.5,7.75,6.74285714285714,14,11,3,4,21,3300,1690,1610,668,576,2724,6.83226878787879,7.28233136094674,6.35984285714286,6.29834880239521,6.84122743055556,6.83037444933921,74
"77",2017,11,6.68333333333333,24,7,6.24,6.1,6.5,6.7,14,10,4,2,22,3324,1704,1620,672,578,2746,6.83119344163658,7.2800117370892,6.35910308641975,6.2971681547619,6.84004671280277,6.82932993445011,75
"78",2017,12,6.28791666666667,24,6.94636363636364,5.73076923076923,6,6,6.3004347826087,11,13,5,1,23,3348,1715,1633,677,579,2769,6.82729898446834,7.27787172011662,6.35410104102878,6.29497341211226,6.83859585492228,6.82493680028891,76
"79",2018,1,6.57853658536585,41,7.336,5.85714285714286,5.625,6.5625,6.58242424242424,20,21,12,8,33,3389,1735,1654,689,587,2802,6.82428946591915,7.27854178674351,6.34779141475212,6.28330478955007,6.83483304940375,6.82208065667381,77
"80",2018,2,6.875,22,7.32142857142857,6.09375,6,6.75,6.8875,14,8,2,2,20,3411,1749,1662,691,589,2822,6.82461653474055,7.27888507718696,6.34656859205776,6.28248480463097,6.83454499151104,6.82254429482637,78
"81",2018,3,6.9696,25,7.48142857142857,6.31818181818182,6.07142857142857,6.6,7.062,14,11,7,5,20,3436,1763,1673,698,594,2842,6.82567142025611,7.28049347702779,6.34638194859534,6.28036819484241,6.83257070707071,6.82422941590429,79
"82",2018,4,6.66666666666667,18,7.18181818181818,5.85714285714286,6.66666666666667,5,6.76470588235294,11,7,3,1,17,3454,1774,1680,701,595,2859,6.824842790967,7.27988162344983,6.34434345238095,6.28202139800285,6.82949075630252,6.82387548093739,80
"83",2018,5,6.2,10,6.4,6,4,NA,6.2,5,5,1,0,10,3464,1779,1685,702,595,2869,6.82303897228638,7.27740865654862,6.34332166172107,6.27877065527066,6.82949075630252,6.82170094109446,81
"84",2018,6,6.46833333333333,12,7.07142857142857,5.624,6.06,4.56,6.85,7,5,2,2,10,3476,1786,1690,704,597,2879,6.82181444188723,7.27660134378499,6.34119349112426,6.27814914772727,6.82188777219431,6.82179923584578,82
"85",2018,7,6.23333333333333,15,6.83333333333333,5.83333333333333,5.2,5,6.42307692307692,6,9,5,2,13,3491,1792,1699,709,599,2892,6.81928587797193,7.2751171875,6.33850323719835,6.27054583921015,6.81580467445743,6.82000691562932,83
"86",2018,8,6.8125,16,7.55555555555556,5.85714285714286,6,7.75,6.5,9,7,4,4,12,3507,1801,1706,713,603,2904,6.81925491873396,7.27651860077734,6.33652813599062,6.26902805049088,6.82200165837479,6.81868457300276,84
"87",2018,9,6.25,20,6.44444444444444,6.09090909090909,6.8,7,6.21052631578947,9,11,5,1,19,3527,1810,1717,718,604,2923,6.8160269350723,7.27238121546961,6.33495457192778,6.27272562674095,6.82229635761589,6.81473144030106,85
"88",2018,10,6.62777777777778,27,6.83529411764706,6.275,6,6.95,6.55454545454545,17,10,3,5,22,3554,1827,1727,721,609,2945,6.81459679234665,7.26831417624521,6.33460741169658,6.27159084604716,6.82334482758621,6.81278777589134,86
"89",2018,11,6.95,16,7.41428571428571,6.58888888888889,6.46,7.76,6.58181818181818,7,9,5,5,11,3570,1834,1736,726,614,2956,6.81520364145658,7.26887131952017,6.33592569124424,6.27288842975207,6.83097231270358,6.81192828146144,87
"90",2018,12,7.2375,20,7.70363636363636,6.66777777777778,6.375,7.33333333333333,7.22058823529412,11,9,4,3,17,3590,1845,1745,730,617,2973,6.81755626740947,7.27146341463414,6.33763724928367,6.27344794520548,6.833414910859,6.81426505213589,88
"91",2019,1,6.59677419354839,31,6.88461538461539,6.38888888888889,6.35,5,6.70689655172414,13,18,10,2,29,3621,1858,1763,740,619,3002,6.81566611433306,7.26875672766415,6.33816052183778,6.27448243243243,6.82749111470113,6.81322784810127,89
"92",2019,2,6.95294117647059,17,7.2,6.6,6.44,7.34,6.79166666666667,10,7,5,5,12,3638,1868,1770,745,624,3014,6.81630758658604,7.2683886509636,6.33919604519774,6.2755932885906,6.83159775641026,6.81314200398142,90
"93",2019,3,6.69047619047619,21,7.45454545454545,5.85,5.6,5.625,6.94117647058824,11,10,5,4,17,3659,1879,1780,750,628,3031,6.81558540584859,7.2694784459819,6.33644775280899,6.27108933333333,6.82391242038217,6.8138601121742,91
"94",2019,4,6.18657894736842,19,6.818125,5.72727272727273,5.41666666666667,6.5,6.103,8,11,6,4,15,3678,1887,1791,756,632,3046,6.81233605220229,7.26756491785903,6.3327063093244,6.2643082010582,6.82186234177215,6.81035948785292,92
"95",2019,5,6.19230769230769,26,6.5,5.92857142857143,5.66666666666667,5.83333333333333,6.38235294117647,12,14,9,9,17,3704,1899,1805,765,641,3063,6.8079838012959,7.26271458662454,6.32957174515236,6.25727712418301,6.80798283931357,6.80798400261182,93
"96",2019,6,6.54285714285714,14,7.83333333333333,5.575,4.66666666666667,NA,6.54285714285714,6,8,3,0,14,3718,1905,1813,768,641,3077,6.8069854760624,7.26451181102362,6.32624214009928,6.25106380208333,6.80798283931357,6.80677770555736,94
"97",2019,7,6.6,15,7.33333333333333,5.5,5.25,NA,6.6,9,6,4,0,15,3733,1914,1819,772,641,3092,6.80615376372891,7.26483542319749,6.32351676745465,6.24587694300518,6.80798283931357,6.80577457956016,95
"98",2019,8,7.05882352941176,17,7.05,7.07142857142857,7.16666666666667,7.5,6.92307692307692,10,7,3,4,13,3750,1924,1826,775,645,3105,6.8072992,7.26371881496881,6.3263838992333,6.24944129032258,6.81227441860465,6.80626570048309,96
"99",2019,9,6.88,15,7.3,6.25,6.66666666666667,9,6.72857142857143,9,6,3,1,14,3765,1933,1832,778,646,3119,6.80758884462151,7.26388773926539,6.32613373362446,6.2510501285347,6.81566099071208,6.80591696056429,97
"100",2019,10,6.915,20,7.11111111111111,6.75454545454545,6.58333333333333,7.325,6.8125,9,11,6,4,16,3785,1942,1843,784,650,3135,6.80815640686922,7.26317971163749,6.32869072164949,6.2535931122449,6.81879538461539,6.80595055821372,98
"101",2019,11,7.40714285714286,14,8.35555555555556,5.7,5.75,NA,7.40714285714286,9,5,2,0,14,3799,1951,1848,786,650,3149,6.81036377994209,7.26821886212199,6.32698971861472,6.25231170483461,6.81879538461539,6.80862337249921,99
"102",2019,12,6.51739130434783,23,7.025,5.96363636363636,5.9375,7.25,6.44761904761905,12,11,8,2,21,3822,1963,1859,794,652,3170,6.80860073260073,7.26673204279164,6.32483969876278,6.24913979848866,6.82011809815951,6.80623186119874,100
"103",2020,1,6.5516,25,6.99833333333333,5.40285714285714,4.33333333333333,6.5,6.55608695652174,18,7,3,2,23,3847,1981,1866,797,654,3193,6.80693059526904,7.26429328621908,6.32138102893891,6.24192848180678,6.81913914373089,6.80443000313185,101
"104",2020,2,6.39565217391304,23,6.85,5.9,6.14,NA,6.39565217391304,12,11,5,0,23,3870,1993,1877,802,654,3216,6.80448630490956,7.26179879578525,6.3189115610016,6.24129301745636,6.81913914373089,6.80150652985075,102
"105",2020,3,6.90869565217391,23,7.06666666666667,6.6125,6.85,6.875,6.91578947368421,15,8,4,4,19,3893,2008,1885,806,658,3235,6.80510197790907,7.26034113545817,6.3201575596817,6.24431389578164,6.81947872340426,6.80217774343122,103
"106",2020,4,6.175,20,7.3375,5.4,5.06,5.5,6.34375,8,12,5,4,16,3913,2016,1897,811,662,3251,6.80188142090468,7.26064732142857,6.31433684765419,6.23701233045623,6.81150604229607,6.79992156259613,104
"107",2020,5,7.0661325,16,7.882265,6.25,6.16666666666667,7.45,7.01129428571429,8,8,3,2,14,3929,2024,1905,814,664,3265,6.80295752608806,7.26310430830039,6.31406666666667,6.23675307125307,6.81342921686747,6.80082790811639,105
"108",2020,6,6.45454545454545,11,7.28571428571429,5,5,5.25,6.72222222222222,7,4,2,2,9,3940,2031,1909,816,666,3274,6.80198480203046,7.26318223535204,6.31131325301205,6.23372181372549,6.80873423423423,6.80061182651191,106
"109",2020,7,6.21428571428571,7,6.625,5.66666666666667,6,NA,6.21428571428571,4,3,1,0,7,3947,2035,1912,817,666,3281,6.80094251836838,7.26192782309582,6.31030177824268,6.23343574051408,6.80873423423423,6.79936090216398,107
"110",2020,8,7.4,13,8,6.05,5,8,7.22,9,4,1,3,10,3960,2044,1916,818,669,3291,6.80290912121212,7.2651776516634,6.30975835073069,6.23192787286064,6.81407623318386,6.80063905195989,108
"111",2020,9,6.81666666666667,12,6.58888888888889,7.5,NA,8.8,6.63636363636364,9,3,0,1,11,3972,2053,1919,818,670,3302,6.80295068479356,7.26221291768144,6.31161907243356,6.23192787286064,6.81704029850746,6.80009179890975,109
"112",2020,10,7.03,10,7.52,6.54,5.35,NA,7.03,5,5,2,0,10,3982,2058,1924,820,670,3312,6.8035208739327,7.26283922254616,6.31221257796258,6.22977682926829,6.81704029850746,6.80078596618358,110
"113",2020,11,6.34583333333333,24,6.72,5.72222222222222,5.625,5,6.40434782608696,15,9,4,1,23,4006,2073,1933,824,671,3335,6.80077886170744,7.25891129763627,6.30946559751681,6.22684101941748,6.81433233979136,6.79805191004498,111
"114",2020,12,6.75,12,7.1875,5.875,6,5,7.1,8,4,1,2,10,4018,2081,1937,825,673,3345,6.80062720756596,7.25863677078328,6.30856840474961,6.22656606060606,6.80894056463596,6.79895459491779,112
"115",2021,1,6.99047619047619,21,7.14285714285714,6.68571428571429,6.325,7,6.99,14,7,4,1,20,4039,2095,1944,829,674,3365,6.80161429066601,7.25786306443914,6.30992644032922,6.227041013269,6.80922403560831,6.80009008023774,113
"116",2021,2,6.63461538461539,13,7.34375,5.5,5.75,6.05,7,8,5,2,5,8,4052,2103,1949,831,679,3373,6.80107850937809,7.25818978601997,6.30784864032837,6.22589290012034,6.80363328424153,6.80056422176105,114
"117",2021,3,7.0584,20,7.43846153846154,6.35257142857143,6.41133333333333,6.942,7.0875,13,7,6,4,16,4072,2116,1956,837,683,3389,6.80234236738703,7.25929731568998,6.30800869120655,6.22722222222222,6.80444363103953,6.80191889052818,115
"118",2021,4,7.43684210526316,19,7.48461538461538,7.33333333333333,6,8.2,7.29375,13,6,3,3,16,4091,2129,1962,840,686,3405,6.80528920068443,7.26067314232034,6.31114424057085,6.22641071428571,6.81054664723032,6.80422999118943,116
"119",2021,5,7.505,20,7.90666666666667,6.3,6.5,8,7.41764705882353,15,5,1,3,17,4111,2144,1967,841,689,3422,6.80869329117003,7.26519268656716,6.31111591255719,6.22673602853745,6.81572568940494,6.80727735827002,117
"120",2021,6,6.84615384615385,13,7.25,6.2,7,8,6.63636363636364,8,5,2,2,11,4124,2152,1972,843,691,3433,6.80881137730359,7.26513620817844,6.31083417849899,6.22857058125741,6.81915340086831,6.8067297174483,118
"121",2021,7,7.3,11,7.2875,7.33333333333333,8,7.4,7.27777777777778,8,3,1,2,9,4135,2160,1975,844,693,3442,6.81011804594922,7.26521903703704,6.31238734177215,6.23066943127962,6.82082972582973,6.80796139453806,119
"122",2021,8,7.45454545454545,11,7.375,7.66666666666667,7,7,7.5,8,3,1,1,10,4146,2168,1978,845,694,3452,6.81182781476122,7.26562413284133,6.31444135490394,6.2315798816568,6.8210878962536,6.80996614136733,120
"123",2021,9,6.62307692307692,13,7.44285714285714,5.66666666666667,6,7.3,6.5,7,6,1,2,11,4159,2175,1984,846,696,3463,6.81123782640058,7.26619453793103,6.31248235887097,6.2313061465721,6.82246408045977,6.80898155356627,121
"124",2021,10,6.5,11,6.625,6.16666666666667,6.5,4,6.75,8,3,1,1,10,4170,2183,1987,847,697,3473,6.81041681534772,7.26384476408612,6.31226220432813,6.23162337662338,6.81841463414634,6.80881172473366,122
"125",2021,11,6.68695652173913,23,6.88666666666667,6.3125,7,7,6.65714285714286,15,8,1,2,21,4193,2198,1995,848,699,3494,6.80973959456237,7.26127075523203,6.31226315789474,6.23252948113208,6.81893419170243,6.80790014882656,123
"126",2021,12,7.04860260869565,23,7.35111625,6.35714285714286,6.25,9,6.95990272727273,16,7,4,1,22,4216,2214,2002,852,700,3516,6.81104268975332,7.26192004516712,6.31242007992008,6.23261150234742,6.82205,6.80885124573379,124
"127",2022,1,6.62727272727273,22,6.86923076923077,6.27777777777778,6.35714285714286,6.75,6.615,13,9,7,2,20,4238,2227,2011,859,702,3536,6.81008871637565,7.25962774135608,6.31226504226753,6.2336263096624,6.82184472934473,6.8077548020362,125
"128",2022,2,7.13125,16,8.0625,6.2,5.96666666666667,7.75,7.04285714285714,8,8,3,2,14,4254,2235,2019,862,704,3550,6.81129665726375,7.26250155704698,6.31182020802378,6.23269721577726,6.82448153409091,6.80868196619718,126
"129",2022,3,6.58181818181818,22,7.68,5.66666666666667,5.66666666666667,7.83333333333333,6.38421052631579,10,12,3,3,19,4276,2245,2031,865,707,3569,6.81011599158092,7.26436123830735,6.30800837026096,6.23073410404624,6.82876237623763,6.80642224152424,127
"130",2022,4,6.75,16,7.1,6.16666666666667,5.66666666666667,5,6.86666666666667,10,6,3,1,15,4292,2255,2037,868,708,3584,6.80989188723206,7.26363236363636,6.30759204712813,6.22878456221198,6.82617937853108,6.80667438058036,128
"131",2022,5,6.75,16,7.375,6.125,6.5,6.5,6.80769230769231,8,8,4,3,13,4308,2263,2045,872,711,3597,6.80966944753946,7.26402606274856,6.30687775061125,6.23002866972477,6.82480309423348,6.80667805949402,129
"132",2022,6,6.025,12,6.07142857142857,5.96,5.26666666666667,6,6.03,7,5,3,2,10,4320,2270,2050,875,713,3607,6.80748981018518,7.2603484493392,6.30603170731707,6.22672571428571,6.82248948106592,6.8045248073191,130
"133",2022,7,7.22,10,7.7,6.5,6,8.66666666666667,6.6,6,4,3,3,7,4330,2276,2054,878,716,3614,6.80844248960739,7.26150746045694,6.3064094449854,6.22595102505695,6.83021648044693,6.8041286607637,131
"134",2022,8,7.4,10,7.83333333333333,6.75,NA,8,7.25,6,4,0,2,8,4340,2282,2058,878,718,3622,6.80980552534562,7.26301094653812,6.30727162293489,6.22595102505695,6.83347493036212,6.80511346769741,132
