"","year","month","avg_rating","no_ratings","avg_rating_owned","avg_rating_not_owned","avg_rating_prev_owned","avg_rating_comment","avg_rating_no_comment","no_ratings_owned","no_ratings_not_owned","no_ratings_prev_owned","no_ratings_comment","no_ratings_no_comment","cum_no_ratings","cum_no_ratings_owned","cum_no_ratings_not_owned","cum_no_ratings_prev_owned","cum_no_ratings_comment","cum_no_ratings_no_comment","cum_avg_rating","cum_avg_rating_owned","cum_avg_rating_not_owned","cum_avg_rating_prev_owned","cum_avg_rating_comment","cum_avg_rating_no_comment","month_after_release"
"1",2004,2,8,1,8,NA,NA,8,NA,1,0,0,1,0,1,1,0,0,1,0,8,8,NA,NA,8,NA,-2
"2",2004,3,7.8,1,7.8,NA,NA,7.8,NA,1,0,0,1,0,2,2,0,0,2,0,7.9,7.9,NA,NA,7.9,NA,-1
"3",2004,4,7.1,13,7.81111111111111,5.5,7,6.75714285714286,7.5,9,4,1,7,6,15,11,4,1,9,6,7.20666666666667,7.82727272727273,5.5,7,7.01111111111111,7.5,0
"4",2004,5,7.06666666666667,15,7.33333333333333,6,NA,6.57142857142857,7.5,12,3,0,7,8,30,23,7,1,16,14,7.13666666666667,7.5695652173913,5.71428571428571,7,6.81875,7.5,1
"5",2004,6,6.75,8,8,5.5,7,7.66666666666667,6.2,4,4,1,3,5,38,27,11,2,19,19,7.05526315789474,7.63333333333333,5.63636363636364,7,6.95263157894737,7.15789473684211,2
"6",2004,7,7.11111111111111,9,7.42857142857143,6,NA,7,7.25,7,2,0,5,4,47,34,13,2,24,23,7.06595744680851,7.59117647058824,5.69230769230769,7,6.9625,7.17391304347826,3
"7",2004,8,6.375,8,7.2,5,4,6.5,6,5,3,1,6,2,55,39,16,3,30,25,6.96545454545455,7.54102564102564,5.5625,6,6.87,7.08,4
"8",2004,9,8,18,8.2,7,8,7.5,8.25,15,3,1,6,12,73,54,19,4,36,37,7.22054794520548,7.72407407407407,5.78947368421053,6.5,6.975,7.45945945945946,5
"9",2004,10,7.10526315789474,19,7.8125,3.33333333333333,NA,6.25,7.5,16,3,0,6,13,92,70,22,4,42,50,7.19673913043478,7.74428571428571,5.45454545454545,6.5,6.87142857142857,7.47,6
"10",2004,11,7.20588235294118,17,7.40909090909091,6.83333333333333,6.5,7.125,7.27777777777778,11,6,2,8,9,109,81,28,6,50,59,7.19816513761468,7.69876543209877,5.75,6.5,6.912,7.44067796610169,7
"11",2004,12,7.6,15,7.63636363636364,7.5,NA,7.625,7.57142857142857,11,4,0,8,7,124,92,32,6,58,66,7.24677419354839,7.69130434782609,5.96875,6.5,7.01034482758621,7.45454545454545,8
"12",2005,1,7,24,7.23529411764706,6.42857142857143,8,6.59090909090909,7.34615384615385,17,7,1,11,13,148,109,39,7,69,79,7.20675675675676,7.62018348623853,6.05128205128205,6.71428571428571,6.94347826086957,7.43670886075949,9
"13",2005,2,7.26086956521739,23,7.5,6.8125,7.5,6.83333333333333,7.41176470588235,15,8,2,6,17,171,124,47,9,75,96,7.2140350877193,7.60564516129032,6.18085106382979,6.88888888888889,6.93466666666667,7.43229166666667,10
"14",2005,3,6.86111111111111,18,7.16666666666667,5.33333333333333,NA,6.5,7.09090909090909,15,3,0,7,11,189,139,50,9,82,107,7.18042328042328,7.55827338129496,6.13,6.88888888888889,6.89756097560976,7.39719626168224,11
"15",2005,4,7.15625,16,7.32142857142857,6,8,6.57142857142857,7.61111111111111,14,2,1,7,9,205,153,52,10,89,116,7.17853658536585,7.53660130718954,6.125,7,6.87191011235955,7.41379310344828,12
"16",2005,5,7.375,12,7.72222222222222,6.33333333333333,NA,8,7.31818181818182,9,3,0,1,11,217,162,55,10,90,127,7.18940092165899,7.54691358024691,6.13636363636364,7,6.88444444444445,7.40551181102362,13
"17",2005,6,6.73529411764706,17,6.95833333333333,6.2,10,6.83333333333333,6.68181818181818,12,5,1,6,11,234,174,60,11,96,138,7.15641025641026,7.50632183908046,6.14166666666667,7.27272727272727,6.88125,7.34782608695652,14
"18",2005,7,7.32692307692308,26,7.91666666666667,6,5,7.58823529411765,6.83333333333333,18,8,2,17,9,260,192,68,13,113,147,7.17346153846154,7.54479166666667,6.125,6.92307692307692,6.98761061946903,7.31632653061224,15
"19",2005,8,7.44642857142857,28,7.86842105263158,6.55555555555556,7.66666666666667,7.76470588235294,6.95454545454545,19,9,3,17,11,288,211,77,16,130,158,7.2,7.5739336492891,6.17532467532468,7.0625,7.08923076923077,7.29113924050633,16
"20",2005,9,7,16,7.08333333333333,6.75,6,7.4,6.81818181818182,12,4,1,5,11,304,223,81,17,135,169,7.18947368421053,7.54753363228699,6.2037037037037,7,7.10074074074074,7.2603550295858,17
"21",2005,10,7.41176470588235,17,7.9,6.71428571428571,7,6.85714285714286,7.8,10,7,3,7,10,321,233,88,20,142,179,7.201246105919,7.56266094420601,6.24431818181818,7,7.0887323943662,7.29050279329609,18
"22",2005,11,6.675,24,6.98125,6.0625,6.5,7.525,6.25,16,8,2,8,16,345,249,96,22,150,195,7.16463768115942,7.52530120481928,6.22916666666667,6.95454545454545,7.112,7.20512820512821,19
"23",2005,12,6.9,30,7.5,5.86363636363636,7.33333333333333,6.91666666666667,6.88888888888889,19,11,3,12,18,375,268,107,25,162,213,7.14346666666667,7.52350746268657,6.19158878504673,7,7.09753086419753,7.17840375586854,20
"24",2006,1,7.24705882352941,34,7.51851851851852,6.2,5,7.17857142857143,7.295,27,7,1,14,20,409,295,114,26,176,233,7.1520782396088,7.52305084745763,6.19210526315789,6.92307692307692,7.10397727272727,7.18841201716738,21
"25",2006,2,7.53076923076923,26,7.69,7,7,7.5375,7.52777777777778,20,6,2,8,18,435,315,120,28,184,251,7.17471264367816,7.53365079365079,6.2325,6.92857142857143,7.12282608695652,7.21274900398406,22
"26",2006,3,6.81578947368421,19,7.17857142857143,5.8,6,7.4375,6.36363636363636,14,5,1,8,11,454,329,125,29,192,262,7.15969162995595,7.51854103343465,6.2152,6.89655172413793,7.1359375,7.17709923664122,23
"27",2006,4,6.75,21,7.15,6.38636363636364,6,6.75,6.75,10,11,1,13,8,475,339,136,30,205,270,7.14157894736842,7.50766961651918,6.22904411764706,6.86666666666667,7.11146341463415,7.16444444444444,24
"28",2006,5,6.64,25,6.66666666666667,6.57142857142857,9,6.59090909090909,6.67857142857143,18,7,1,11,14,500,357,143,31,216,284,7.1165,7.46526610644258,6.2458041958042,6.93548387096774,7.0849537037037,7.14049295774648,25
"29",2006,6,7.22972972972973,37,7.38333333333333,6.57142857142857,7,7.21428571428571,7.23913043478261,30,7,2,14,23,537,387,150,33,230,307,7.12430167597765,7.45891472868217,6.261,6.93939393939394,7.09282608695652,7.14788273615635,26
"30",2006,7,6.78947368421053,38,7.27083333333333,5.96428571428571,6,7.15625,6.52272727272727,24,14,2,16,22,575,411,164,35,246,329,7.10217391304348,7.44793187347932,6.23567073170732,6.88571428571429,7.09695121951219,7.10607902735562,27
"31",2006,8,7.02678571428571,28,7.45833333333333,6.25,6,7.32142857142857,6.73214285714286,18,10,2,14,14,603,429,174,37,260,343,7.09867330016584,7.4483682983683,6.23649425287356,6.83783783783784,7.10903846153846,7.09081632653061,28
"32",2006,9,7.39130434782609,23,7.07142857142857,7.88888888888889,8,6.95,7.73076923076923,14,9,2,10,13,626,443,183,39,270,356,7.1094249201278,7.43645598194131,6.31775956284153,6.8974358974359,7.10314814814815,7.11418539325843,29
"33",2006,10,7.23214285714286,28,7.73684210526316,6.16666666666667,6.375,7.7,6.97222222222222,19,9,4,10,18,654,462,192,43,280,374,7.11467889908257,7.44880952380952,6.31067708333333,6.84883720930233,7.12446428571429,7.10735294117647,30
"34",2006,11,7.64074074074074,27,7.87142857142857,6.83333333333333,6.5,8.03333333333333,7.32666666666667,21,6,2,12,15,681,483,198,45,292,389,7.13553597650514,7.46718426501035,6.32651515151515,6.83333333333333,7.16181506849315,7.11580976863753,31
"35",2006,12,7.30769230769231,39,7.57142857142857,6.63636363636364,6.5,7.22222222222222,7.38095238095238,28,11,2,18,21,720,511,209,47,310,410,7.14486111111111,7.47289628180039,6.34282296650718,6.81914893617021,7.16532258064516,7.12939024390244,32
"36",2007,1,7.21489361702128,47,7.40909090909091,6.75714285714286,7.2,7.48,7.01851851851852,33,14,5,20,27,767,544,223,52,330,437,7.14915254237288,7.46902573529412,6.36883408071749,6.85576923076923,7.18439393939394,7.12254004576659,33
"37",2007,2,7.07985607142857,28,7.61111111111111,6.123597,6,6.88461538461539,7.24906466666667,18,10,1,13,15,795,562,233,53,343,452,7.14671191194969,7.47357651245552,6.35830888412017,6.83962264150943,7.17303206997085,7.12673887168142,34
"38",2007,3,7.06388888888889,36,7.56521739130435,6.17692307692308,7.5,7.1,7.03809523809524,23,13,1,15,21,831,585,246,54,358,473,7.14312391095066,7.47717948717949,6.34872345528455,6.85185185185185,7.16997206703911,7.1228033192389,35
"39",2007,4,6.9925,40,7.48461538461538,6.07857142857143,7.02,7.3,6.808,26,14,5,15,25,871,611,260,59,373,498,7.13620662456946,7.47749590834697,6.33417680769231,6.86610169491525,7.17520107238606,7.10699993975904,36
"40",2007,5,7.55555555555556,27,8.125,6.72727272727273,6,7.90909090909091,7.3125,16,11,1,11,16,898,627,271,60,384,514,7.14881511135857,7.49401913875598,6.35013273062731,6.85166666666667,7.19622395833333,7.11339682879377,37
"41",2007,6,6.80869565217391,23,7.28,6.44615384615385,6.875,6.60833333333333,7.02727272727273,10,13,4,12,11,921,637,284,64,396,525,7.14032135722041,7.49065934065934,6.35452806338028,6.853125,7.17840909090909,7.11159232380952,38
"42",2007,7,7.07,40,7.11176470588235,6.83333333333333,7,6.78235294117647,7.28260869565217,34,6,1,17,23,961,671,290,65,413,548,7.1373943496358,7.47146050670641,6.36443437931034,6.85538461538462,7.16210653753027,7.11877001824818,39
"43",2007,8,7.34054054054054,37,7.5,7.07857142857143,7.22,7.31111111111111,7.36842105263158,23,14,5,18,19,998,694,304,70,431,567,7.14492582164329,7.47240634005764,6.39732226973684,6.88142857142857,7.16832946635731,7.12713574955908,40
"44",2007,9,6.7,40,6.73387096774194,6.58333333333333,8,6.71153846153846,6.69444444444444,31,9,2,13,27,1038,725,313,72,444,594,7.12778031791908,7.4408275862069,6.40267083067093,6.9125,7.15495495495496,7.10746796296296,41
"45",2007,10,6.95311111111111,45,7.13214285714286,6.65823529411765,6.07142857142857,7.15409090909091,6.76086956521739,28,17,7,22,23,1083,753,330,79,466,617,7.12052259464451,7.42934926958831,6.41583627272727,6.8379746835443,7.15491416309013,7.09454776337115,42
"46",2007,11,7.17727272727273,44,7.59583333333333,6.675,6.1,7.56666666666667,6.97586206896552,24,20,5,15,29,1127,777,350,84,481,646,7.12273821650399,7.43449163449164,6.43064562857143,6.79404761904762,7.16775467775468,7.08921976780186,43
"47",2007,12,6.98,50,7.15625,6.66666666666667,6,6.65217391304348,7.25925925925926,32,18,4,23,27,1177,809,368,88,504,673,7.11667457094308,7.42348578491966,6.44219013586956,6.75795454545455,7.14422619047619,7.09604156017831,44
"48",2008,1,7.2484375,64,7.62826086956522,6.27777777777778,6.625,7.37941176470588,7.1,46,18,4,34,30,1241,855,386,92,538,703,7.12346975825947,7.43450292397661,6.43452323834197,6.75217391304348,7.15908921933086,7.09621048364154,45
"49",2008,2,7.15909090909091,44,7.27777777777778,6.97058823529412,7.21428571428571,7.47368421052632,6.92,27,17,7,19,25,1285,882,403,99,557,728,7.12468947081712,7.4297052154195,6.45713640198511,6.78484848484849,7.16982046678636,7.09015929945055,46
"50",2008,3,6.86842105263158,38,7.15625,5.33333333333333,NA,7,6.78260869565217,32,6,0,15,23,1323,914,409,99,572,751,7.11732877551021,7.42013129102845,6.44065029339853,6.78484848484849,7.16536713286713,7.08074030625832,47
"51",2008,4,7.305,40,7.54642857142857,6.74166666666667,6.25,7.29444444444444,7.31363636363636,28,12,4,18,22,1363,942,421,103,590,773,7.12283636830521,7.42388535031847,6.44923033254157,6.76407766990291,7.16930508474576,7.0873686545925,48
"52",2008,5,6.85135135135135,37,7.38636363636364,6.06666666666667,6.64285714285714,6.5,7.18421052631579,22,15,7,18,19,1400,964,436,110,608,792,7.11566140714286,7.42302904564315,6.43606873853211,6.75636363636364,7.14949013157895,7.08969188131313,49
"53",2008,6,7.29487179487179,39,7.7258064516129,5.625,6,7.68181818181818,6.79411764705882,31,8,4,22,17,1439,995,444,114,630,809,7.12051839471856,7.43246231155779,6.42145488738739,6.72982456140351,7.16807936507937,7.08348080346106,50
"54",2008,7,7,45,7.625,5.97058823529412,5.9,6.94,7.075,28,17,10,25,20,1484,1023,461,124,655,829,7.11686386118599,7.43773216031281,6.40482856832972,6.66290322580645,7.15937404580153,7.08327620024125,51
"55",2008,8,7.04444444444444,45,7.55555555555556,6.27777777777778,6.2,7.15,6.96,27,18,10,20,25,1529,1050,479,134,675,854,7.1147324852845,7.44076190476191,6.400054217119,6.62835820895522,7.1590962962963,7.07966741217799,52
"56",2008,9,6.57727272727273,44,7.07,6.16666666666667,6.58888888888889,6.2,6.75333333333333,20,24,9,14,30,1573,1070,503,143,689,884,7.09969864589956,7.43383177570094,6.38891842942346,6.62587412587413,7.13960812772134,7.06859272624434,53
"57",2008,10,6.73823529411765,34,7.02380952380952,6.27692307692308,6,7.25,6.525,21,13,6,10,24,1607,1091,516,149,699,908,7.09205100808961,7.42593950504125,6.38609684108527,6.6006711409396,7.14118741058655,7.05422463656388,54
"58",2008,11,6.83958333333333,48,7.144,6.50869565217391,6.26923076923077,6.83333333333333,6.84242424242424,25,23,13,15,33,1655,1116,539,162,714,941,7.08472868277946,7.41962365591398,6.39132833024119,6.57407407407407,7.13471988795518,7.04679699256111,55
"59",2008,12,6.89189189189189,37,7.25,6.47058823529412,6.5,7.40909090909091,6.67307692307692,20,17,10,11,26,1692,1136,556,172,725,967,7.08051180260047,7.41663732394366,6.39375174460432,6.56976744186047,7.13888275862069,7.03674867631851,56
"60",2009,1,6.84102564102564,78,7.12456140350877,6.07142857142857,6.4,6.884,6.82075471698113,57,21,10,25,53,1770,1193,577,182,750,1020,7.06995817514124,7.40268231349539,6.38202074523397,6.56043956043956,7.13038666666667,7.02552546078431,57
"61",2009,2,6.73783783783784,74,7.16923076923077,6.25714285714286,5.68181818181818,7.02272727272727,6.61730769230769,39,35,11,22,52,1844,1232,612,193,772,1072,7.05663013557484,7.39529220779221,6.37487903594771,6.51036269430052,7.12731865284974,7.00572385261194,58
"62",2009,3,6.74444444444444,63,6.91379310344828,6.6,6.7,6.6,6.80222222222222,29,34,20,18,45,1907,1261,646,213,790,1117,7.04631671211327,7.3842188739096,6.38672750773994,6.52816901408451,7.11530379746836,6.99752548791406,59
"63",2009,4,6.95208791208791,91,7.48875,6.53117647058824,5.73076923076923,6.57,7.11328125,40,51,13,27,64,1998,1301,697,226,817,1181,7.04202501001001,7.38743274404304,6.39729694404591,6.48230088495575,7.09728274173807,7.00379845046571,60
"64",2009,5,6.47377049180328,61,7.30384615384615,5.85714285714286,5.16666666666667,6.956,6.13888888888889,26,35,12,25,36,2059,1327,732,238,842,1217,7.02518988343856,7.38579502637528,6.37146990437158,6.41596638655462,7.09308788598575,6.97821361544782,61
"65",2009,6,6.63970588235294,68,7.10322580645161,6.25135135135135,6.52941176470588,6.5,6.69,31,37,17,18,50,2127,1358,769,255,860,1267,7.01286599435825,7.37934462444772,6.36569046814044,6.42352941176471,7.08067441860465,6.96683975532755,62
"66",2009,7,6.75089285714286,56,7.424,6.20806451612903,6.3625,7.12352941176471,6.58846153846154,25,31,16,17,39,2183,1383,800,271,877,1306,7.00614565735227,7.38015184381779,6.3595824625,6.41992619926199,7.08150513112885,6.95554055895865,63
"67",2009,8,6.83636363636364,55,7.55769230769231,6.18965517241379,6.52941176470588,6.85,6.82857142857143,26,29,17,20,35,2238,1409,829,288,897,1341,7.0019731769437,7.38342796309439,6.35363808202654,6.42638888888889,7.07634336677815,6.95222667412379,64
"68",2009,9,6.61764705882353,51,7.31481481481481,5.83333333333333,6,6.73076923076923,6.57894736842105,27,24,12,13,38,2289,1436,853,300,910,1379,6.99341020969856,7.38213788300836,6.33899879249707,6.40933333333333,7.07140659340659,6.94194051486585,65
"69",2009,10,6.66871428571429,70,7.1475,6.16176470588235,6.09375,6.58695652173913,6.70872340425532,36,34,16,23,47,2359,1472,887,316,933,1426,6.98377531581178,7.37639945652174,6.33220515219842,6.39335443037975,7.0594640943194,6.93425383590463,66
"70",2009,11,6.78602941176471,68,7.4,6.42906976744186,6.6,6.945,6.71979166666667,25,43,19,20,48,2427,1497,930,335,953,1474,6.97823484548826,7.37679358717435,6.33668383870968,6.40507462686567,7.05706190975866,6.92726999321574,67
"71",2009,12,6.19451612903226,62,6.68903225806452,5.7,5.81666666666667,5.725625,6.35760869565217,31,31,18,16,46,2489,1528,961,353,969,1520,6.95871272398554,7.36284031413613,6.3161456503642,6.37507082152974,7.03507739938081,6.91003024342105,68
"72",2010,1,6.33207547169811,53,6.50967741935484,6.08181818181818,6.34615384615385,6.63888888888889,6.17428571428571,31,22,13,18,35,2542,1559,983,366,987,1555,6.94564750983478,7.34587556125722,6.31090129196338,6.37404371584699,7.02785207700101,6.89347007717042,69
"73",2010,2,6.49767441860465,43,7.12916666666667,5.7,5.81111111111111,6.02857142857143,6.58888888888889,24,19,9,7,36,2585,1583,1002,375,994,1591,6.93819573307544,7.34259001895136,6.29931733532934,6.36053333333333,7.02081488933602,6.88657823381521,70
"74",2010,3,6.79264705882353,34,7.16842105263158,6.31666666666667,6.1,6.94,6.73125,19,15,10,10,24,2619,1602,1017,385,1004,1615,6.93630621229477,7.34052434456929,6.29957322517207,6.35376623376623,7.02000996015936,6.8842699504644,71
"75",2010,4,6.60333333333333,30,7.22142857142857,6.0625,5.2,5.625,6.75384615384615,14,16,5,4,26,2649,1616,1033,390,1008,1641,6.93253528501321,7.33949257425743,6.29590122942885,6.33897435897436,7.01447420634921,6.88220351614869,72
"76",2010,5,6.78055555555556,36,7.37368421052632,6.11764705882353,6.11111111111111,6.72222222222222,6.8,19,17,9,9,27,2685,1635,1050,399,1017,1668,6.9304975679702,7.33988990825688,6.29301520952381,6.33383458646616,7.01188790560472,6.88087288369305,73
"77",2010,6,7.38285714285714,35,8.14285714285714,6.24285714285714,5.975,7.45,7.34782608695652,21,14,4,12,23,2720,1656,1064,403,1029,1691,6.93631837132353,7.35007246376812,6.2923552349624,6.3302729528536,7.0169970845481,6.88722410999409,74
"78",2010,7,6.59090909090909,33,7,6.03571428571429,6.78571428571429,7.125,6.42,19,14,7,8,25,2753,1675,1078,410,1037,1716,6.93217797675263,7.34610149253731,6.28902223562152,6.3380487804878,7.01783027965284,6.88041723193473,75
"79",2010,8,6.03846153846154,26,6.53846153846154,5.53846153846154,5.07142857142857,5.95,6.09375,13,13,7,10,16,2779,1688,1091,417,1047,1732,6.92381646995322,7.33988151658768,6.28007879926673,6.3167865707434,7.00763132760267,6.87315009815243,76
"80",2010,9,6.61111111111111,18,7.3,5.75,7.375,6.16666666666667,6.83333333333333,10,8,4,6,12,2797,1698,1099,421,1053,1744,6.92180406506972,7.33964664310954,6.27622017288444,6.32684085510689,7.00283950617284,6.87287612958716,77
"81",2010,10,6.53260869565217,46,7.25,5.98076923076923,6.22727272727273,6.92857142857143,6.359375,20,26,11,14,32,2843,1718,1125,432,1067,1776,6.91550684839958,7.33860302677532,6.26939197333333,6.32430555555556,7.00186504217432,6.86362385698198,78
"82",2010,11,6.39545454545455,44,6.775,6.07916666666667,5.9,6.3,6.42727272727273,20,24,10,11,33,2887,1738,1149,442,1078,1809,6.90758086941462,7.33211737629459,6.26541859878155,6.31470588235294,6.99470315398887,6.85566388612493,79
"83",2010,12,6.912,50,7.22916666666667,6.61923076923077,7.48571428571429,6.87777777777778,6.91951219512195,24,26,7,9,41,2937,1762,1175,449,1087,1850,6.90765610146408,7.33071509648127,6.27324763404255,6.33296213808463,6.99373505059798,6.85707890270271,80
"84",2011,1,6.72264150943396,53,7.01851851851852,6.41538461538462,5.64444444444444,6.43,6.7906976744186,27,26,9,10,43,2990,1789,1201,458,1097,1893,6.90437657859532,7.32600335382896,6.27632470441299,6.31943231441048,6.98859617137648,6.85557103539356,81
"85",2011,2,5.81111111111111,36,5.48571428571429,6.01818181818182,6.08181818181818,6,5.77333333333333,14,22,11,6,30,3026,1803,1223,469,1103,1923,6.89137011566424,7.31171381031614,6.27168108748978,6.31385927505331,6.9832184950136,6.83868745189808,82
"86",2011,3,6.30357142857143,28,6.57142857142857,6.03571428571429,5.83333333333333,6.83333333333333,6.15909090909091,14,14,3,6,22,3054,1817,1237,472,1109,1945,6.88598099869024,7.30600990643919,6.26901048504446,6.31080508474576,6.98240757439134,6.83100049871466,83
"87",2011,4,6.8796875,32,7.03235294117647,6.70666666666667,6.575,7.39166666666667,6.76153846153846,17,15,8,6,26,3086,1834,1252,480,1115,1971,6.88591573882048,7.30347328244275,6.27425396964856,6.31520833333333,6.98460986547085,6.83008420598681,84
"88",2011,5,6.65892857142857,28,7.7,6.08055555555556,5.77777777777778,6.30555555555556,6.82631578947368,10,18,9,9,19,3114,1844,1270,489,1124,1990,6.88387474951831,7.30562364425163,6.27150863779527,6.30531697341513,6.97917259786477,6.83004822613066,85
"89",2011,6,7.11428571428571,28,7.43157894736842,6.44444444444444,6.33333333333333,8.38571428571429,6.69047619047619,19,9,6,7,21,3142,1863,1279,495,1131,2011,6.88592806174411,7.30690821256039,6.27272554339327,6.30565656565657,6.98787798408488,6.82859073595226,86
"90",2011,7,6.54615384615385,26,7.28461538461538,5.80769230769231,5.7,6.57142857142857,6.53684210526316,13,13,10,7,19,3168,1876,1292,505,1138,2030,6.88313951073232,7.30675373134329,6.26804641640867,6.29366336633663,6.98531634446397,6.82586008374385,87
"91",2011,8,6.2448275862069,29,7.06666666666667,5.36428571428571,5.4375,6.20833333333333,6.27058823529412,15,14,8,12,17,3197,1891,1306,513,1150,2047,6.87734938066938,7.30484928609202,6.25835832312404,6.28031189083821,6.97720869565217,6.821248641915,88
"92",2011,9,6.39583333333333,24,6.7,6.17857142857143,5.85,5.75,6.525,10,14,10,4,20,3221,1901,1320,523,1154,2067,6.87376155541757,7.30166754339821,6.25751209848485,6.27208413001912,6.97295493934142,6.81838218190615,89
"93",2011,10,6.34615384615385,26,7.7,5.5,5.6,6.5,6.33333333333333,10,16,10,2,24,3247,1911,1336,533,1156,2091,6.86953679396366,7.30375196232339,6.24844009730539,6.25947467166979,6.97213667820069,6.81281490674319,90
"94",2011,11,6.22857142857143,35,6.88947368421053,5.44375,5.75555555555556,6.58888888888889,6.10384615384615,19,16,9,9,26,3282,1930,1352,542,1165,2117,6.86270139244363,7.29967357512954,6.23891713757396,6.25110701107011,6.96917596566524,6.80410768540388,91
"95",2011,12,6.515625,32,6.7,6.35294117647059,6.1,6.91666666666667,6.42307692307692,15,17,5,6,26,3314,1945,1369,547,1171,2143,6.85935002112251,7.29504884318766,6.2403330679328,6.24972577696527,6.96890691716482,6.79948482034531,92
"96",2012,1,6.56216216216216,37,6.54545454545455,6.58666666666667,6.4,6.9,6.509375,22,15,6,5,32,3351,1967,1384,553,1176,2175,6.85606862727544,7.28666497203864,6.24408668352601,6.25135623869801,6.96861394557823,6.79521653793104,93
"97",2012,2,6.72222222222222,27,7.28125,5.90909090909091,5.28571428571429,6.33333333333333,6.83333333333333,16,11,7,6,21,3378,1983,1395,560,1182,2196,6.85499880698638,7.28662128088755,6.24144513978495,6.23928571428571,6.96538917089679,6.7955810428051,94
"98",2012,3,6.796,25,6.87333333333333,6.68,6,5.86666666666667,6.92272727272727,15,10,3,3,22,3403,1998,1405,563,1185,2218,6.85456537466941,7.28351851851852,6.24456652669039,6.23801065719361,6.96260759493671,6.79684218665465,95
"99",2012,4,6.60645161290323,31,7.5,6.04210526315789,6.0625,7.0375,6.45652173913043,12,19,8,8,23,3434,2010,1424,571,1193,2241,6.85232555911474,7.28481094527363,6.24186514747191,6.23555166374781,6.96310980720872,6.79334938420348,96
"100",2012,5,6.26136363636364,22,6.76785714285714,5.375,4.75,4.5,6.65277777777778,14,8,4,4,18,3456,2024,1432,575,1197,2259,6.84856364872685,7.28123517786561,6.23702232541899,6.22521739130435,6.95487886382623,6.792229291722,97
"101",2012,6,6.13636363636364,22,7.23076923076923,4.55555555555556,3.75,5.88888888888889,6.30769230769231,13,9,4,9,13,3478,2037,1441,579,1206,2272,6.84405864577343,7.28091310751105,6.22652045107564,6.20811744386874,6.94692371475954,6.78945685299296,98
"102",2012,7,6.77952380952381,21,7.72222222222222,6.0725,6,6.75,6.78647058823529,9,12,5,4,17,3499,2046,1453,584,1210,2289,6.84367132609317,7.28285434995113,6.22524843083276,6.20633561643836,6.94627272727273,6.78943467453036,99
"103",2012,8,5.90526315789474,19,6.8125,5.24545454545455,4.94,5.8,5.94285714285714,8,11,5,5,14,3518,2054,1464,589,1215,2303,6.83860317509949,7.28102239532619,6.21788659153005,6.1955857385399,6.94155555555556,6.78428830655667,100
"104",2012,9,6.4948275862069,29,7.2,6.12368421052632,6.21875,6.75,6.454,10,19,8,4,25,3547,2064,1483,597,1219,2328,6.83579249224697,7.28062984496124,6.21667968307485,6.19589614740369,6.94092698933552,6.78074139604811,101
"105",2012,10,6.07407407407407,27,6.95454545454545,5.46875,5.27272727272727,5.58333333333333,6.46666666666667,11,16,11,12,15,3574,2075,1499,608,1231,2343,6.83003804420817,7.27890120481928,6.2086964442962,6.17919407894737,6.92769293257514,6.77873067434913,102
"106",2012,11,6.6241935483871,31,7.06470588235294,6.08928571428571,6.075,6.40714285714286,6.6875,17,14,10,7,24,3605,2092,1513,618,1238,2367,6.82826795284327,7.27716061185469,6.20759152015862,6.17750809061489,6.92474959612278,6.77780564850021,103
"107",2012,12,6.22413793103448,29,6.58333333333333,5.63636363636364,5.6,5.4,6.39583333333333,18,11,5,5,24,3634,2110,1524,623,1243,2391,6.82344688222345,7.27124170616114,6.20346848425197,6.17287319422151,6.91861625100563,6.77397154746968,104
"108",2013,1,6.28378378378378,37,6.75,5.6,5.6875,6.6,6.16666666666667,22,15,8,10,27,3671,2132,1539,631,1253,2418,6.81800761917734,7.26586303939963,6.1975867251462,6.16671949286846,6.91607342378292,6.76719022746071,105
"109",2013,2,6.48235294117647,17,7.1875,5.85555555555556,5.78333333333333,5.86666666666667,6.81818181818182,8,9,6,6,11,3688,2140,1548,637,1259,2429,6.81646040401302,7.26557009345795,6.19559817183462,6.16310832025118,6.91107227958697,6.76742114862083,106
"110",2013,3,6.59615384615385,26,7.11538461538461,6.07692307692308,5.78571428571429,6.42857142857143,6.65789473684211,13,13,7,7,19,3714,2153,1561,644,1266,2448,6.81491813947227,7.26466326056665,6.1946098462524,6.15900621118012,6.90840442338073,6.76657106617647,107
"111",2013,4,6.35789473684211,19,6.3,6.42222222222222,5.75,6.83333333333333,6.13846153846154,10,9,4,6,13,3733,2163,1570,648,1272,2461,6.81259200910796,7.2602034211743,6.19591463057325,6.15648148148148,6.90805031446541,6.76325313693621,108
"112",2013,5,6.30434782608696,23,7.15,5.38181818181818,6,5.66666666666667,6.52941176470588,12,11,5,6,17,3756,2175,1581,653,1278,2478,6.80947975772098,7.25959540229885,6.19025045540797,6.15528330781011,6.90222222222222,6.76164889830509,109
"113",2013,6,6.17619047619048,21,6.33636363636364,6,5,5.75,6.27647058823529,11,10,2,4,17,3777,2186,1591,655,1282,2495,6.80595868943606,7.25494967978042,6.1890546637335,6.15175572519084,6.8986271450858,6.7583430741483,110
"114",2013,7,6.20714285714286,14,6.1,6.26666666666667,6.88,7.5,5.85454545454545,5,9,5,3,11,3791,2191,1600,660,1285,2506,6.80374728831443,7.25231401186673,6.18949123125,6.15727272727273,6.90003112840467,6.75437588587391,111
"115",2013,8,6.5625,24,6.58333333333333,6.54166666666667,6.41666666666667,6.4,6.60526315789474,12,12,6,5,19,3815,2203,1612,666,1290,2525,6.80222961205767,7.24866999546074,6.19211288461538,6.15960960960961,6.89809302325581,6.75325384950495,112
"116",2013,9,6.22363636363636,22,6.85777777777778,5.78461538461538,6.3,6.87,5.98125,9,13,6,6,16,3837,2212,1625,672,1296,2541,6.79891216314829,7.24707956600362,6.18885290461538,6.16086309523809,6.89796296296296,6.74839274695002,113
"117",2013,10,6.61578947368421,19,7.71428571428571,5.975,6,6.75,6.58,7,12,8,4,15,3856,2219,1637,680,1300,2556,6.7980098469917,7.24855340243353,6.18728525962126,6.15897058823529,6.89750769230769,6.74740452660407,114
"118",2013,11,6.17586206896552,29,6.72142857142857,5.66666666666667,5.28571428571429,6,6.19615384615385,14,15,7,3,26,3885,2233,1652,687,1303,2582,6.79336575804376,7.24524854455889,6.18255809322034,6.15007278020378,6.89544128933231,6.74185359024013,115
"119",2013,12,6.52,25,6.92307692307692,6.08333333333333,6.2,6.625,6.47058823529412,13,12,5,8,17,3910,2246,1664,692,1311,2599,6.79161789514067,7.24338379341051,6.18184253004808,6.15043352601156,6.89379099923722,6.74007924971143,116
"120",2014,1,6.62916666666667,24,7.05833333333333,6.2,6,6.82,6.49285714285714,12,12,8,10,14,3934,2258,1676,700,1321,2613,6.79062683528216,7.24240035429584,6.18197253579952,6.14871428571429,6.8932323996972,6.73875467661692,117
"121",2014,2,6.74130434782609,23,7.50555555555556,6.25,6.71666666666667,6.92857142857143,6.659375,9,14,9,7,16,3957,2267,1690,709,1328,2629,6.79034014910285,7.24344508160565,6.18253607692308,6.15592383638928,6.8934186746988,6.73827157474325,118
"122",2014,3,6.55625,16,6.92222222222222,6.08571428571429,5.525,5.96666666666667,6.91,9,7,4,6,10,3973,2276,1697,713,1334,2639,6.78939742511956,7.24217486818981,6.18213669416618,6.15238429172511,6.88925037481259,6.73892230769231,119
"123",2014,4,6.42272727272727,22,7.02727272727273,5.81818181818182,5.5,6.275,6.50714285714286,11,11,6,8,14,3995,2287,1708,719,1342,2653,6.78737821526909,7.24114123305641,6.17979272248244,6.14694019471488,6.88558867362146,6.73769919713532,120
"124",2014,5,6.46772727272727,22,6.94454545454545,5.99090909090909,5.33333333333333,5,6.89941176470588,11,11,3,5,17,4017,2298,1719,722,1347,2670,6.78562757530495,7.23972149695387,6.17858404304828,6.1435595567867,6.87858945805494,6.73872882771536,121
"125",2014,6,6.50714285714286,28,7.01538461538462,6.06666666666667,5.64285714285714,5.95,6.65909090909091,13,15,7,6,22,4045,2311,1734,729,1353,2692,6.78369986897404,7.2384595413241,6.17761589965398,6.13875171467764,6.87447154471545,6.73807799777118,122
"126",2014,7,6.76190476190476,21,6.75,6.77777777777778,7,6.77272727272727,6.75,12,9,5,11,10,4066,2323,1743,734,1364,2702,6.78358730201672,7.2359362892811,6.18071484222605,6.14461852861035,6.87365102639296,6.73812212065137,123
"127",2014,8,6.83333333333333,15,7,6.375,7,5.25,7.40909090909091,11,4,1,4,11,4081,2334,1747,735,1368,2713,6.78377014702279,7.23482433590403,6.18115968517458,6.14578231292517,6.86890350877193,6.74084259859934,124
"128",2014,9,6.26470588235294,17,6.64444444444444,5.8375,6.5,7,6.10714285714286,9,8,2,3,14,4098,2343,1755,737,1371,2727,6.78161687896535,7.23255655142979,6.17959314529915,6.14674355495251,6.86919037199125,6.73758928126146,125
"129",2014,10,6.34227272727273,22,6.70769230769231,5.81444444444444,5.866,6.566,6.27647058823529,13,9,5,5,17,4120,2356,1764,742,1376,2744,6.77927086650485,7.22966044142615,6.17773014172336,6.14485175202156,6.8680886627907,6.73473249635569,126
"130",2014,11,6.28636363636364,22,6.39375,6,5.5,6.5,6.265,16,6,2,2,20,4142,2372,1770,744,1378,2764,6.77665281747948,7.22402192242833,6.17712766666667,6.14311827956989,6.86755442670537,6.73133356367584,127
"131",2014,12,6.81428571428571,14,7.5,6.12857142857143,5.65,5.65,7.00833333333333,7,7,2,2,12,4156,2379,1777,746,1380,2776,6.77677958854668,7.22483396385036,6.17693639279685,6.14179624664879,6.86578985507246,6.73253096902017,128
"132",2015,1,6.28846153846154,26,6.54545454545455,6.1,5.625,6.33333333333333,6.28260869565217,11,15,8,3,23,4182,2390,1792,754,1383,2799,6.77374365614538,7.22170711297071,6.17629239397321,6.13631299734748,6.86463485177151,6.7288338585209,129
"133",2015,2,6.68333333333333,18,6.88,6.4375,6.2,7,6.62,10,8,5,3,15,4200,2400,1800,759,1386,2814,6.77335618333333,7.22028333333333,6.17745331666667,6.1367325428195,6.86492784992785,6.7282537206823,130
"134",2015,3,6.38095238095238,21,6.83333333333333,5.77777777777778,5.5,8,6.3,12,9,2,1,20,4221,2412,1809,761,1387,2834,6.77140392561004,7.21835820895522,6.17546488114981,6.13505913272011,6.8657462148522,6.72523146436133,131
"135",2015,4,6.15833333333333,24,6.3,6.05714285714286,5.625,5.86363636363636,6.40769230769231,10,14,8,11,13,4245,2422,1823,769,1398,2847,6.76793780212014,7.21456647398844,6.17455620954471,6.12975292587776,6.85786123032904,6.72378151387425,132
"136",2015,5,6.850625,16,7.13416666666667,6,4,6.9,6.82818181818182,12,4,1,5,11,4261,2434,1827,770,1403,2858,6.76824829148087,7.2141700903862,6.17417403940887,6.12698701298701,6.858011404134,6.72418333449965,133
"137",2015,6,6.16875,16,7.17142857142857,5.38888888888889,5.6,5.5,6.26428571428571,7,9,5,2,14,4277,2441,1836,775,1405,2872,6.7660056043956,7.21404752150758,6.17032460239651,6.12358709677419,6.85607829181495,6.72194149373259,134
"138",2015,7,6.4375,16,6.33333333333333,6.57142857142857,7,7.1,6.13636363636364,9,7,3,5,11,4293,2450,1843,778,1410,2883,6.76478126484976,7.21081224489796,6.17184805751492,6.12696658097686,6.85694326241135,6.71970723898717,135
"139",2015,8,6.42,15,7.55,5.66666666666667,4.75,6.08333333333333,6.64444444444444,6,9,6,6,9,4308,2456,1852,784,1416,2892,6.7635807729805,7.21164087947883,6.16939307235421,6.11642857142857,6.85366525423729,6.7194730186722,136
"140",2015,9,6.13333333333333,12,6.325,5.75,6,6.5,6.06,8,4,1,2,10,4320,2464,1856,785,1418,2902,6.76183008564815,7.20876217532467,6.16848920797414,6.11628025477707,6.85316643159379,6.7172005410062,137
"141",2015,10,6.73684210526316,19,7.22222222222222,6.3,6,6.14285714285714,7.08333333333333,9,10,3,7,12,4339,2473,1866,788,1425,2914,6.76172066605208,7.20881116053376,6.16919398177921,6.11583756345178,6.84967719298246,6.71870829444063,138
"142",2015,11,7.38888888888889,9,8.25,5.66666666666667,4.5,8,7.3125,6,3,2,1,8,4348,2479,1869,790,1426,2922,6.76301885234591,7.2113311819282,6.16838735687533,6.11174683544304,6.85048387096774,6.72033400752909,139
"143",2015,12,7.07307692307692,26,7.38235294117647,6.48888888888889,5.725,6.67777777777778,7.28235294117647,17,9,4,9,17,4374,2496,1878,794,1435,2939,6.7648619044353,7.21249599358974,6.16992330670926,6.10979848866499,6.84940069686411,6.72358488261313,140
"144",2016,1,6.42857142857143,21,6.10714285714286,7.07142857142857,7,7,6.4,14,7,3,1,20,4395,2510,1885,797,1436,2959,6.76325505574516,7.20633067729084,6.17327107161804,6.11314930991217,6.84950557103064,6.72139775937817,141
"145",2016,2,6.61538461538461,13,6.66666666666667,6,6,7.5,6.45454545454545,12,1,1,2,11,4408,2522,1886,798,1438,2970,6.76281895871143,7.20376288659794,6.17317919936373,6.11300751879699,6.85041029207232,6.72040941750842,142
"146",2016,3,6.29166666666667,18,7.25,5.33333333333333,4.8,6.33333333333333,6.28333333333333,9,9,5,3,15,4426,2531,1895,803,1441,2985,6.76090284003615,7.20392730146187,6.16919048548813,6.10483188044832,6.84933379597502,6.71821305527638,143
"147",2016,4,6.63076923076923,13,6.025,7.6,6,7,6.56363636363636,8,5,2,2,11,4439,2539,1900,805,1443,2996,6.76052173237216,7.20021268215833,6.17295577368421,6.10457142857143,6.84954261954262,6.71764551735648,144
"148",2016,5,6.87142857142857,14,7.22222222222222,6.24,5.5,6.7,6.88461538461539,9,5,3,1,13,4453,2548,1905,808,1444,3009,6.76087041769594,7.20029042386185,6.17313174278215,6.10232673267327,6.84943905817175,6.718366889332,145
"149",2016,6,7.0375,8,7.825,6.25,6.33333333333333,6.76666666666667,7.2,4,4,3,3,5,4461,2552,1909,811,1447,3014,6.76136650302623,7.20126959247649,6.17329280775275,6.10318125770653,6.84926744989634,6.71916588254811,146
"150",2016,7,6.36875,16,6.29,6.5,6.5,6.56666666666667,6.25,10,6,1,6,10,4477,2562,1915,812,1453,3024,6.75996336162609,7.19771272443404,6.17431643342037,6.10366995073892,6.84810048176187,6.71761440806878,147
"151",2016,8,6.44444444444444,18,7,5.75,5.125,6.35714285714286,6.5,10,8,4,7,11,4495,2572,1923,816,1460,3035,6.75869988209121,7.19694401244168,6.17255120644826,6.09887254901961,6.84574657534247,6.71682569028007,148
"152",2016,9,6.15,18,6.4,5.8375,4.5,6.5,6.12941176470588,10,8,2,1,17,4513,2582,1931,818,1461,3052,6.75627209616663,7.19385747482572,6.17116311237701,6.09496332518337,6.8455099247091,6.71355372542595,149
"153",2016,10,5.94444444444444,18,6,5.9,5.85714285714286,5.83333333333333,5.96666666666667,8,10,7,3,15,4531,2590,1941,825,1464,3067,6.75304700286912,7.19016988416988,6.16976608449253,6.09294545454545,6.84343579234973,6.70990087055755,150
"154",2016,11,6.44117647058824,17,6.66666666666667,6.1875,5.75,5.5,6.56666666666667,9,8,4,2,15,4548,2599,1949,829,1466,3082,6.75188125989446,7.18835706040785,6.16983887634684,6.09129071170084,6.84160300136426,6.70920375405581,151
"155",2016,12,6.04210526315789,19,6.55555555555556,5.58,6.33333333333333,6.33333333333333,5.9875,9,10,3,3,16,4567,2608,1959,832,1469,3098,6.74892839281804,7.18617331288344,6.16682795814191,6.09216346153846,6.84056501021103,6.70547642672692,152
"156",2017,1,6.21428571428571,21,6.53846153846154,5.6875,5.2,6,6.28125,13,8,5,5,16,4588,2621,1967,837,1474,3114,6.7464812489102,7.18296070202213,6.16487847991866,6.0868339307049,6.83771370420624,6.70329671483622,153
"157",2017,2,6.6,15,6.66666666666667,6.33333333333333,NA,9,6.42857142857143,12,3,0,1,14,4603,2633,1970,837,1475,3128,6.74600390397567,7.1806076718572,6.16513501015228,6.0868339307049,6.83917966101695,6.70206712595908,154
"158",2017,3,6.49090909090909,11,6.56666666666667,6.4,6,6,6.54,6,5,4,1,10,4614,2639,1975,841,1476,3138,6.745395745557,7.1792118226601,6.16572960506329,6.0864209274673,6.83861111111111,6.70155065965583,155
"159",2017,4,6.63636363636364,11,6.71428571428571,6.5,5,8,6.5,7,4,1,1,10,4625,2646,1979,842,1477,3148,6.74513642594595,7.17798185941043,6.16640524002021,6.08513064133017,6.83939742721733,6.70091040978399,156
"160",2017,5,5.89285714285714,14,6.35714285714286,5.42857142857143,4.75,NA,5.89285714285714,7,7,4,0,14,4639,2653,1986,846,1477,3162,6.74256433929726,7.17581605729363,6.16380461732125,6.07881796690307,6.83939742721733,6.6973326913346,157
"161",2017,6,6.56428571428571,14,6.8625,6.16666666666667,5.66666666666667,7.46666666666667,6.31818181818182,8,6,3,3,11,4653,2661,1992,849,1480,3173,6.74202793251666,7.17487410747839,6.16381323795181,6.07736160188457,6.84066891891892,6.69601826977624,158
"162",2017,7,6.1,15,6.5,5.5,5.75,7.33333333333333,5.79166666666667,9,6,4,3,12,4668,2670,1998,853,1483,3185,6.73996486075407,7.17259925093633,6.1618198048048,6.0758264947245,6.84166554281861,6.69261097959184,159
"163",2017,8,5.96315789473684,19,6.45454545454545,5.2875,5.66666666666667,5.66666666666667,6.01875,11,8,3,3,16,4687,2681,2006,856,1486,3201,6.73681586729251,7.16965311450951,6.15833298604187,6.07439252336449,6.8392934051144,6.68924272727273,160
"164",2017,9,6.3,20,7.27272727272727,5.11111111111111,4.8,5,6.44444444444444,11,9,5,2,18,4707,2692,2015,861,1488,3219,6.73495984066284,7.17007429420505,6.15365556823821,6.0669918699187,6.83682123655914,6.68787386455421,161
"165",2017,10,5.78,25,6.54166666666667,5.07692307692308,4.57142857142857,6.16666666666667,5.65789473684211,12,13,7,6,19,4732,2704,2028,868,1494,3238,6.72991461749789,7.16728550295858,6.14675343688363,6.05493087557604,6.83412985274431,6.68183013279802,162
"166",2017,11,6.567,20,6.98857142857143,5.58333333333333,5.7,7.75,6.27125,14,6,5,4,16,4752,2718,2034,873,1498,3254,6.72922894991583,7.16636497424577,6.14509143067847,6.05289805269187,6.83657543391188,6.67981129993854,163
"167",2017,12,6.47857142857143,14,6.77,5.75,6.5,7.675,6,10,4,2,4,10,4766,2728,2038,875,1502,3264,6.72849265002098,7.16491202346041,6.14431598135427,6.05392,6.83880825565912,6.67772854473039,164
"168",2018,1,6.51666666666667,24,6.78125,5.9875,5.4,8,6.45217391304348,16,8,5,1,23,4790,2744,2046,880,1503,3287,6.72743130897704,7.1626749271137,6.14370282013685,6.05020454545454,6.83958083832335,6.67615027989048,165
"169",2018,2,5.625,16,6.16666666666667,4.92857142857143,5.41666666666667,6.5,5.42307692307692,9,7,6,3,13,4806,2753,2053,886,1506,3300,6.72376112567624,7.15941881583727,6.13955965416464,6.04591422121896,6.83890438247012,6.67121393030303,166
"170",2018,3,7.14285714285714,7,7.25,7,7,8,7,4,3,1,1,6,4813,2757,2056,887,1507,3306,6.72437065655516,7.15955023576351,6.14081516050584,6.04698985343856,6.83967485069675,6.67181063823352,167
"171",2018,4,6.63333333333333,15,7.3125,5.85714285714286,5,NA,6.63333333333333,8,7,1,0,15,4828,2765,2063,888,1507,3321,6.72408781483016,7.15999276672695,6.13985262724188,6.04581081081081,6.83967485069675,6.67163684733514,168
"172",2018,5,6.39829076923077,13,7.435556,5.75,6.5,7,6.13086444444444,5,8,4,4,9,4841,2770,2071,892,1511,3330,6.72321292088412,7.1604901732852,6.13834667793336,6.04784753363229,6.8400992720053,6.6701753003003,169
"173",2018,6,7.14285714285714,14,7.25,6.95,6.91666666666667,7.91666666666667,6.93181818181818,9,5,3,3,11,4855,2779,2076,895,1514,3341,6.72442301750772,7.16078005757467,6.14030152697495,6.05075977653631,6.84223249669749,6.67103674049686,170
"174",2018,7,7.13636363636364,11,7.45,6.3,6,7.7,7.01111111111111,8,3,1,2,9,4866,2787,2079,896,1516,3350,6.72535424373202,7.16161025475422,6.14053197210197,6.050703125,6.84336411609499,6.67195037313433,171
"175",2018,8,6.45652173913043,23,6.73333333333333,5.9375,5.9,6.75,6.39473684210526,15,8,5,4,19,4889,2802,2087,901,1520,3369,6.72408953773778,7.15931755174875,6.1397536990896,6.04986681465039,6.84311842105263,6.67038698426833,172
"176",2018,9,6.8125,8,6.75,6.875,7.5,7.5,6.58333333333333,4,4,1,2,6,4897,2806,2091,902,1522,3375,6.72423396977742,7.15873406272274,6.14116019607843,6.05147450110865,6.84398160315375,6.67023222222222,173
"177",2018,10,5.78125,16,6.16666666666667,5.28571428571429,5.5,6.16666666666667,5.69230769230769,9,7,4,3,13,4913,2815,2098,906,1525,3388,6.72116298595563,7.15556226642984,6.1383059914204,6.04903973509934,6.84264918032787,6.6664798553719,174
"178",2018,11,6.53846153846154,13,7.83333333333333,5.42857142857143,4.66666666666667,2,6.91666666666667,6,7,3,1,12,4926,2821,2105,909,1526,3400,6.72068082622818,7.15700382133995,6.13594582897862,6.04447744774477,6.83947575360419,6.66736286764706,175
"179",2018,12,6.48823529411765,17,6.61428571428571,6.4,5.5,7,6.45625,7,10,2,1,16,4943,2828,2115,911,1527,3416,6.71988139793648,7.15566045968883,6.13719431205674,6.04328210757409,6.83958087753766,6.66637404859485,176
"180",2019,1,7.002,20,7.09555555555556,6.16,5,7.56666666666667,6.90235294117647,18,2,1,3,17,4963,2846,2117,912,1530,3433,6.72101828531131,7.15528031623331,6.1372158573453,6.04213815789474,6.84100653594771,6.66754260122342,177
"181",2019,2,5.65923076923077,13,5.875,5.56333333333333,5.414,7,5.5475,4,9,5,1,12,4976,2850,2126,917,1531,3445,6.7182443227492,7.15348343157895,6.13478643932267,6.03871319520174,6.84111038536904,6.66364114658926,178
"182",2019,3,6.531875,16,6.50125,6.5625,5.5,6.255,6.57142857142857,8,8,4,2,14,4992,2858,2134,921,1533,3459,6.71764698517628,7.1516577256823,6.13638986410497,6.03637350705755,6.84034572733203,6.66326792425557,179
"183",2019,4,6.37272727272727,11,6.08571428571429,6.875,6,4.75,6.73333333333333,7,4,1,2,9,5003,2865,2138,922,1535,3468,6.7168886168299,7.14905332635253,6.1377717352666,6.03633405639913,6.83762214983713,6.66344975490196,180
"184",2019,5,6.27272727272727,11,7,4.33333333333333,4,9,6,8,3,1,1,10,5014,2873,2141,923,1536,3478,6.71591419026725,7.14863828054299,6.13524333021952,6.034127843987,6.83902994791667,6.66154219378954,181
"185",2019,6,6.36428571428571,14,6.35714285714286,6.37142857142857,8.6,7.8,6.125,7,7,1,2,12,5028,2880,2148,924,1538,3490,6.71493511336516,7.14671450694444,6.13601302141527,6.03690476190476,6.84027958387516,6.6596973495702,182
"186",2019,7,6.36666666666667,15,6.61111111111111,6,3.5,NA,6.36666666666667,9,6,2,0,15,5043,2889,2154,926,1538,3505,6.71389921673607,7.14504596053998,6.13563415506035,6.03142548596112,6.84027958387516,6.65844329529244,183
"187",2019,8,7.05555555555556,9,7.1,7,7.33333333333333,8.16666666666667,6.5,5,4,3,3,6,5052,2894,2158,929,1541,3511,6.71450786817102,7.14496813407049,6.13723631603336,6.03562970936491,6.84286177806619,6.65817252919396,184
"188",2019,9,5.23076923076923,13,6.625,4.61111111111111,3.83333333333333,5.16666666666667,5.25,4,9,6,3,10,5065,2898,2167,935,1544,3521,6.71069965449161,7.14425044168392,6.13089800184587,6.02149732620321,6.83960492227979,6.65417317523431,185
"189",2019,10,6.83333333333333,15,6.95454545454545,6.5,7,7.66666666666667,6.625,11,4,1,3,12,5080,2909,2171,936,1547,3533,6.71106176181102,7.14353309728429,6.13157806080147,6.02254273504273,6.84120879120879,6.65407408717804,186
"190",2019,11,6.55882352941176,17,7.09090909090909,5.58333333333333,5,7.83333333333333,6.28571428571429,11,6,3,3,14,5097,2920,2177,939,1550,3547,6.71055400235433,7.14333485616438,6.1300670509876,6.01927582534611,6.84312903225807,6.65262017197632,187
"191",2019,12,6.5625,16,6.75,6.375,6.25,8,6.35714285714286,8,8,4,2,14,5113,2928,2185,943,1552,3561,6.71009070017602,7.14226017076503,6.13096383066361,6.02025450689289,6.84461984536083,6.65145850884583,188
"192",2020,1,6.27272727272727,22,6.83333333333333,5.6,5.5,6.625,6.19444444444444,12,10,3,4,18,5135,2940,2195,946,1556,3579,6.70821689386563,7.14099924489796,6.12854486104784,6.01860465116279,6.84405526992288,6.64916003073484,189
"193",2020,2,6.21739130434783,23,6.92857142857143,5.11111111111111,5.16666666666667,6,6.23809523809524,14,9,3,2,21,5158,2954,2204,949,1558,3600,6.70602825707639,7.13999247799594,6.12439018602541,6.0159114857745,6.84297175866496,6.64676215277778,190
"194",2020,3,5.66666666666667,9,5,6,5.375,5,5.85714285714286,3,6,4,2,7,5167,2957,2210,953,1560,3607,6.70421787304045,7.13782136624958,6.12405247511312,6.01322140608604,6.84060897435898,6.64522976157472,191
"195",2020,4,7.05789473684211,19,7.54615384615385,6,6.5,7.4,6.93571428571429,13,6,4,5,14,5186,2970,2216,957,1565,3621,6.70551364249904,7.13960868013468,6.12371659296029,6.01525600835946,6.84239616613419,6.64635287213477,192
"196",2020,5,7.38863636363636,22,7.85,6.4,6,8,7.25277777777778,15,7,1,4,18,5208,2985,2223,958,1569,3639,6.7083993375576,7.14317848576214,6.12458658119658,6.01524008350731,6.84534735500319,6.649352500687,193
"197",2020,6,6.06666666666667,15,6.25,5.85714285714286,5,6,6.08333333333333,8,7,2,3,12,5223,2993,2230,960,1572,3651,6.70655633735401,7.1407911059138,6.12374707174888,6.013125,6.84373409669211,6.64749212544508,194
"198",2020,7,6.59411764705882,17,6.91818181818182,6,5.75,6.25,6.7,11,6,4,4,13,5240,3004,2236,964,1576,3664,6.70619155534351,7.1399759587217,6.12341501341681,6.01203319502075,6.84222715736041,6.64767842521834,195
"199",2020,8,6.484375,16,7.075,5.5,5.5,6.33333333333333,6.51923076923077,10,6,4,3,13,5256,3014,2242,968,1579,3677,6.70551631468798,7.1397603782349,6.12174664139161,6.0099173553719,6.84126029132362,6.64722429970084,196
"200",2020,9,7.47,10,8.45,6,4,7,7.67142857142857,6,4,1,3,7,5266,3020,2246,969,1582,3684,6.70696804975313,7.14236350331126,6.12152981745325,6.0078431372549,6.8415613147914,6.6491703990228,197
"201",2020,10,6.6875,24,6.95625,6.15,4.66666666666667,7.73333333333333,6.53809523809524,16,8,3,3,21,5290,3036,2254,972,1585,3705,6.70687972589792,7.14138266798419,6.12163086512866,6.0037037037037,6.84324921135647,6.64854082321188,198
"202",2020,11,6.889,20,7.34142857142857,5.83333333333333,4,7.65,6.69875,14,6,2,4,16,5310,3050,2260,974,1589,3721,6.7075656779661,7.14230091147541,6.12086547345133,5.99958932238193,6.84528005034613,6.64875671862403,199
"203",2020,12,6.13,20,6.06,6.2,5.5,5.6,6.30666666666667,10,10,4,5,15,5330,3060,2270,978,1594,3736,6.7053984521576,7.13876398039216,6.12121408370044,5.99754601226994,6.841373902133,6.64738323072805,200
"204",2021,1,6.61923076923077,26,7.04615384615385,6.19230769230769,6.33333333333333,6.66666666666667,6.61304347826087,13,13,6,3,23,5356,3073,2283,984,1597,3759,6.70498016243465,7.1383722030589,6.12161890932983,5.99959349593496,6.84104571070758,6.64717311785049,201
"205",2021,2,6.33076923076923,13,6.475,6.1,NA,8,6.19166666666667,8,5,0,1,12,5369,3081,2288,984,1598,3771,6.70407408269696,7.13664971762415,6.12157166520979,5.99959349593496,6.84177096370463,6.64572361442588,202
"206",2021,3,6.56292307692308,13,6.87,5.53933333333333,6.618,6.03933333333333,6.72,10,3,1,3,10,5382,3091,2291,985,1601,3781,6.70373313823857,7.13578705273374,6.12080924050633,6.00022131979695,6.84026733291693,6.64592006083047,203
"207",2021,4,6.8125,16,7.18181818181818,6,NA,8.25,6.60714285714286,11,5,0,2,14,5398,3102,2296,985,1603,3795,6.70405552982586,7.13595028368794,6.12054615418118,6.00022131979695,6.84202620087336,6.64577700922266,204
"208",2021,5,6.31818181818182,11,6.5,6.1,NA,3,6.65,6,5,0,1,10,5409,3108,2301,985,1604,3805,6.70327079866889,7.13472258043758,6.12050150803998,6.00022131979695,6.83963092269327,6.64578810775296,205
"209",2021,6,7.78571428571429,7,8.1,7,NA,9,7.58333333333333,5,2,0,1,6,5416,3113,2303,985,1605,3811,6.70466982090103,7.13627297783488,6.12126529309596,6.00022131979695,6.8409769470405,6.64726416950931,206
"210",2021,7,7.06666666666667,15,7.27777777777778,6.75,7,NA,7.06666666666667,9,6,3,0,15,5431,3122,2309,988,1605,3826,6.70566962806113,7.13668090326714,6.12289907752274,6.00325708502024,6.8409769470405,6.6489084553058,207
"211",2021,8,6.37666666666667,15,6.8,5.89285714285714,6,5.3125,6.76363636363636,8,7,3,4,11,5446,3130,2316,991,1609,3837,6.70476345023871,7.1358203769968,6.12220378670121,6.00324722502523,6.83717712865134,6.6492373599166,208
"212",2021,9,6.984375,16,8.15625,5.8125,7,5,7.44230769230769,8,8,3,3,13,5462,3138,2324,994,1612,3850,6.70558252471622,7.13842185468451,6.12113768072289,6.0062555331992,6.83375806451613,6.65191525974026,209
"213",2021,10,6.15882352941177,17,6.86666666666667,5.3625,4.66666666666667,6.06666666666667,6.20909090909091,9,8,3,6,11,5479,3147,2332,997,1618,3861,6.70388606497536,7.13764467111535,6.11853515008576,6.00222467402207,6.83091347342398,6.65065365190365,210
"214",2021,11,7.14285714285714,14,7.6,6,5,NA,7.14285714285714,10,4,2,0,14,5493,3157,2336,999,1618,3875,6.70500486983433,7.13910921127653,6.11833217893835,6.00021821821822,6.83091347342398,6.65243193548387,211
"215",2021,12,6.18823529411765,17,6.35555555555556,6,NA,9,6.0125,9,8,0,1,16,5510,3166,2344,999,1619,3891,6.70341048094374,7.13688180037903,6.11792831484641,6.00021821821822,6.83225324274244,6.64980050115651,212
"216",2022,1,6.31504,25,6.36725,6.22222222222222,5.875,6.794,6.22380952380952,16,9,4,4,21,5535,3182,2353,1003,1623,3912,6.70165632339657,7.13301187303583,6.11832722906927,5.99971884346959,6.83215896487985,6.64751373977505,213
"217",2022,2,6.63333333333333,15,6.625,6.64285714285714,NA,7,6.60714285714286,8,7,0,1,14,5550,3190,2360,1003,1624,3926,6.70147166666667,7.13173786206896,6.11988303813559,5.99971884346959,6.83226231527094,6.64736977840041,214
"218",2022,3,6.68095238095238,21,6.89285714285714,6.25714285714286,8.25,7.26,6.5,14,7,1,5,16,5571,3204,2367,1004,1629,3942,6.70139431879375,7.13069406367041,6.12028896070976,6.00196015936255,6.8335751995089,6.64677162607813,215
"219",2022,4,6.86111111111111,18,6.66666666666667,7.83333333333333,7,9,6.73529411764706,15,3,1,1,17,5589,3219,2370,1005,1630,3959,6.70190870459832,7.12853177384281,6.12245737130801,6.00295323383085,6.83490429447853,6.64715174286436,216
"220",2022,5,7.36666666666667,15,7.66666666666667,6.91666666666667,7,8,6.94444444444444,9,6,1,6,9,5604,3228,2376,1006,1636,3968,6.70368803533191,7.13003214993804,6.1244629503367,6.00394433399602,6.83917726161369,6.64782604586694,217
"221",2022,6,6.84615384615385,13,6.9375,6.7,3,6.66666666666667,6.9,8,5,1,3,10,5617,3236,2381,1007,1639,3978,6.70401775858999,7.12955617428925,6.12567155396892,6.00096127110228,6.83886150091519,6.64845996732026,218
"222",2022,7,6.13333333333333,15,6.5,5.8125,5,5,6.21428571428571,7,8,2,1,14,5632,3243,2389,1009,1640,3992,6.70249782492898,7.12819728029602,6.12462284219338,5.99897720515362,6.83774024390244,6.64693731212425,219
"223",2022,8,6.02105263157895,19,6.11666666666667,5.85714285714286,5,6.5,5.93125,12,7,3,3,16,5651,3255,2396,1012,1643,4008,6.70020664484162,7.12446813517665,6.12384138981636,5.99601581027668,6.83712355447352,6.64408027694611,220
