"","year","month","avg_rating","no_ratings","avg_rating_owned","avg_rating_not_owned","avg_rating_prev_owned","avg_rating_comment","avg_rating_no_comment","no_ratings_owned","no_ratings_not_owned","no_ratings_prev_owned","no_ratings_comment","no_ratings_no_comment","cum_no_ratings","cum_no_ratings_owned","cum_no_ratings_not_owned","cum_no_ratings_prev_owned","cum_no_ratings_comment","cum_no_ratings_no_comment","cum_avg_rating","cum_avg_rating_owned","cum_avg_rating_not_owned","cum_avg_rating_prev_owned","cum_avg_rating_comment","cum_avg_rating_no_comment","month_after_release"
"1",2004,3,8.5,1,NA,8.5,NA,8.5,NA,0,1,0,1,0,1,0,1,0,1,0,8.5,NA,8.5,NA,8.5,NA,-6
"2",2004,4,9,1,NA,9,NA,NA,9,0,1,0,0,1,2,0,2,0,1,1,8.75,NA,8.75,NA,8.5,9,-5
"3",2004,6,1,1,NA,1,NA,NA,1,0,1,0,0,1,3,0,3,0,1,2,6.16666666666667,NA,6.16666666666667,NA,8.5,5,-3
"4",2004,8,10,1,NA,10,NA,10,NA,0,1,0,1,0,4,0,4,0,2,2,7.125,NA,7.125,NA,9.25,5,-1
"5",2004,9,8.92307692307692,13,9.09090909090909,8,NA,8.88888888888889,9,11,2,0,9,4,17,11,6,0,11,6,8.5,9.09090909090909,7.41666666666667,NA,8.95454545454546,7.66666666666667,0
"6",2004,10,8.73846153846154,39,8.97586206896552,8.05,9.25,8.94,8.52631578947368,29,10,2,20,19,56,40,16,2,31,25,8.66607142857143,9.0075,7.8125,9.25,8.94516129032258,8.32,1
"7",2004,11,8.51372549019608,51,8.91951219512195,6.85,8.5,8.51785714285714,8.50869565217391,41,10,3,28,23,107,81,26,5,59,48,8.59345794392523,8.96296296296296,7.44230769230769,8.8,8.74237288135593,8.41041666666667,2
"8",2004,12,8.1725,40,8.465625,7,7,8,8.345,32,8,1,20,20,147,113,34,6,79,68,8.47891156462585,8.82212389380531,7.33823529411765,8.5,8.55443037974683,8.39117647058823,3
"9",2005,1,8.25681818181818,66,8.641,7.05625,9.33333333333333,8.33166666666667,8.19444444444444,50,16,3,30,36,213,163,50,9,109,104,8.41009389671362,8.76656441717791,7.248,8.77777777777778,8.49311926605505,8.32307692307692,4
"10",2005,2,7.75581395348837,43,8.06666666666667,7.03846153846154,7,7.65217391304348,7.875,30,13,2,23,20,256,193,63,11,132,124,8.3001953125,8.65777202072539,7.2047619047619,8.45454545454546,8.34659090909091,8.2508064516129,5
"11",2005,3,8.27450980392157,51,8.3875,7.86363636363636,7,8.1578947368421,8.34375,40,11,3,19,32,307,233,74,14,151,156,8.29592833876222,8.61137339055794,7.3027027027027,8.14285714285714,8.32284768211921,8.26987179487179,6
"12",2005,4,7.95454545454545,44,8.24193548387097,7.26923076923077,7.5,8,7.91666666666667,31,13,4,20,24,351,264,87,18,171,180,8.2531339031339,8.56799242424242,7.29770114942529,8,8.28508771929824,8.22277777777778,7
"13",2005,5,8.10294117647059,34,8.2962962962963,7.35714285714286,8,8.13888888888889,8.0625,27,7,2,18,16,385,291,94,20,189,196,8.23987012987013,8.54278350515464,7.30212765957447,8,8.27116402116402,8.20969387755102,8
"14",2005,6,8.13571428571429,35,8.33928571428571,7.32142857142857,7,8.26666666666667,8.0375,28,7,2,15,20,420,319,101,22,204,216,8.23119047619048,8.52492163009404,7.30346534653465,7.90909090909091,8.27083333333333,8.19375,9
"15",2005,7,7.38387096774194,31,8.21,5.88181818181818,7.5,7.48,7.29375,20,11,3,15,16,451,339,112,25,219,232,8.1729490022173,8.50634218289085,7.16383928571429,7.86,8.21666666666667,8.13168103448276,10
"16",2005,8,7.01162790697674,43,7.48333333333333,5.92307692307692,9,7.75,6.48,30,13,1,18,25,494,369,125,26,237,257,8.07186234817814,8.42317073170732,7.0348,7.90384615384615,8.18122362869198,7.97101167315175,11
"17",2005,9,8.35142857142857,35,8.30769230769231,8.47777777777778,8.75,8.58333333333333,8.10588235294118,26,9,4,18,17,529,395,134,30,255,274,8.09035916824197,8.41556962025316,7.13171641791045,8.01666666666667,8.20960784313725,7.97937956204379,12
"18",2005,10,7.86590909090909,44,8.08125,7.29166666666667,8.66666666666667,7.485,8.18333333333333,32,12,3,20,24,573,427,146,33,275,298,8.07312390924957,8.39051522248243,7.14486301369863,8.07575757575758,8.15690909090909,7.99580536912752,13
"19",2005,11,8.38809523809524,42,8.52777777777778,7.55,10,8.37916666666667,8.4,36,6,1,24,18,615,463,152,34,299,316,8.09463414634146,8.4011879049676,7.1608552631579,8.13235294117647,8.1747491638796,8.01882911392405,14
"20",2005,12,7.97619047619048,42,8.64285714285714,6.64285714285714,6,7.3125,8.38461538461539,28,14,2,16,26,657,491,166,36,315,342,8.08706240487063,8.41496945010183,7.1171686746988,8.01388888888889,8.13095238095238,8.04663742690058,15
"21",2006,1,7.93636363636364,55,8.10227272727273,7.27272727272727,8.66666666666667,8.02777777777778,7.89189189189189,44,11,3,18,37,712,535,177,39,333,379,8.07542134831461,8.3892523364486,7.12683615819209,8.06410256410256,8.12537537537537,8.03153034300791,16
"22",2006,2,8.55972222222222,36,8.75576923076923,8.05,8.33333333333333,8.57857142857143,8.53333333333333,26,10,3,21,15,748,561,187,42,354,394,8.09872994652406,8.40623885918004,7.17620320855615,8.08333333333333,8.15225988700565,8.0506345177665,17
"23",2006,3,8.09883720930233,43,8.15909090909091,7.9,8.33333333333333,8.39473684210526,7.86458333333333,33,10,6,19,24,791,594,197,48,373,418,8.09873577749684,8.39250841750842,7.21294416243655,8.11458333333333,8.16461126005362,8.03995215311005,18
"24",2006,4,8.18181818181818,44,8.11764705882353,8.4,10,8.225,8.14583333333333,34,10,3,20,24,835,628,207,51,393,442,8.10311377245509,8.37762738853503,7.27028985507246,8.22549019607843,8.1676844783715,8.04570135746606,19
"25",2006,5,7.9921052631579,38,8.19375,6.91666666666667,7.5,8.1875,7.94,32,6,1,8,30,873,660,213,52,401,472,8.09828178694158,8.36871212121212,7.26032863849765,8.21153846153846,8.16807980049875,8.03898305084746,20
"26",2006,6,8.046875,32,8.40909090909091,7.25,8.3,7.61538461538461,8.3421052631579,22,10,5,13,19,905,682,223,57,414,491,8.09646408839779,8.3700146627566,7.25986547085202,8.21929824561403,8.15072463768116,8.05071283095723,21
"27",2006,7,7.75116279069767,43,8.12068965517241,6.98571428571429,7.4,7.64285714285714,7.80344827586207,29,14,5,14,29,948,711,237,62,428,520,8.08080168776371,8.3598452883263,7.24367088607595,8.15322580645161,8.13411214953271,8.03692307692308,22
"28",2006,8,8.02432432432432,37,8.22258064516129,7,9,8.3,7.92222222222222,31,6,2,10,27,985,742,243,64,438,547,8.07868020304568,8.35411051212938,7.23765432098765,8.1796875,8.13789954337899,8.03126142595978,23
"29",2006,9,8.09523809523809,42,8.3448275862069,7.53846153846154,8,8.15,8.04545454545454,29,13,4,20,22,1027,771,256,68,458,569,8.07935735150925,8.35376134889754,7.2529296875,8.16911764705882,8.13842794759825,8.03181019332162,24
"30",2006,10,7.86808510638298,47,8.36875,6.8,7.8,7.8,7.88888888888889,32,15,5,11,36,1074,803,271,73,469,605,8.07011173184357,8.35435865504359,7.22785977859779,8.14383561643835,8.13049040511727,8.02330578512397,25
"31",2006,11,8.06,50,8.375,7.25,8,7.3,8.38571428571429,36,14,4,15,35,1124,839,285,77,484,640,8.06966192170818,8.35524433849821,7.22894736842105,8.13636363636363,8.1047520661157,8.043125,26
"32",2006,12,8.27704918032787,61,8.5452380952381,7.68421052631579,8.16666666666667,8.30833333333333,8.25675675675676,42,19,3,24,37,1185,881,304,80,508,677,8.08033755274261,8.36430192962542,7.25740131578947,8.1375,8.11437007874016,8.05480059084195,27
"33",2007,1,7.88333333333333,66,7.9811320754717,7.48461538461538,7.86,8.025,7.82173913043478,53,13,5,20,46,1251,934,317,85,528,723,8.06994404476419,8.34255888650963,7.26671924290221,8.12117647058824,8.11098484848485,8.03997233748271,28
"34",2007,2,8.23517469387755,49,8.475,7.16928444444444,NA,8.42105263157895,8.117452,40,9,0,19,30,1300,974,326,85,547,753,8.07617196923077,8.34799794661191,7.26402932515338,8.12117647058824,8.1217550274223,8.04305917662683,29
"35",2007,3,7.625,48,7.90810810810811,6.67272727272727,8,7.38,7.73636363636364,37,11,1,15,33,1348,1011,337,86,562,786,8.06010649851632,8.33189910979228,7.24472866468843,8.11976744186046,8.10195729537367,8.03018264631044,30
"36",2007,4,7.98181818181818,55,8.05263157894737,7.82352941176471,8,8.46875,7.78205128205128,38,17,4,16,39,1403,1049,354,90,578,825,8.05703746258018,8.32178265014299,7.27252418079096,8.11444444444444,8.1121107266436,8.0184528,31
"37",2007,5,7.58305084745763,59,7.78947368421053,7.20952380952381,7.5,7.60526315789474,7.5725,38,21,6,19,40,1462,1087,375,96,597,865,8.0379094117647,8.30317387304508,7.26899616,8.07604166666667,8.09597989949749,7.99783070520232,32
"38",2007,6,7.7906976744186,43,8.23913043478261,7.275,9.25,7.65384615384615,7.85,23,20,2,13,30,1505,1110,395,98,610,895,8.0308462192691,8.30184684684685,7.26930015189874,8.1,8.08655737704918,7.99287548603352,33
"39",2007,7,8.06730769230769,52,8.38235294117647,7.47222222222222,8.1875,8.05357142857143,8.08333333333333,34,18,8,28,24,1557,1144,413,106,638,919,8.03206394348105,8.30423951048951,7.27814421307506,8.1066037735849,8.08510971786834,7.99523782372144,34
"40",2007,8,7.92272727272727,44,8.01621621621622,7.42857142857143,7,7.75,7.9875,37,7,2,12,32,1601,1181,420,108,650,951,8.02905906308557,8.29521591871296,7.28065133333333,8.08611111111111,8.07892307692308,7.9949774553102,35
"41",2007,9,8.22272727272727,44,8.10882352941177,8.61,9.36666666666667,8.85,7.86428571428571,34,10,3,16,28,1645,1215,430,111,666,979,8.03423924620061,8.29,7.31156641860465,8.12072072072072,8.09744744744745,7.99123959141982,36
"42",2007,10,8.04810344827586,58,8.29744186046512,7.33333333333333,7.5,8.5916,7.63636363636364,43,15,2,25,33,1703,1258,445,113,691,1012,8.03471142689372,8.29025437201908,7.31230013483146,8.10973451327434,8.11532561505065,7.97966754940712,37
"43",2007,11,8.02698412698413,63,8.09782608695652,7.83529411764706,7.8,8.06818181818182,8.00487804878049,46,17,4,22,41,1766,1304,462,117,713,1053,8.03443576443941,8.28346625766871,7.3315445021645,8.0991452991453,8.11387096774194,7.98064915479582,38
"44",2007,12,8.05909090909091,66,8.28235294117647,7.3,8.71428571428571,7.98888888888889,8.10769230769231,51,15,7,27,39,1832,1355,477,124,740,1092,8.03532399563319,8.28342435424354,7.33055253668763,8.13387096774193,8.10931081081081,7.98518641025641,39
"45",2008,1,8.00064102564103,78,8.30916666666667,6.97222222222222,7.625,8.51612903225806,7.66063829787234,60,18,4,31,47,1910,1415,495,128,771,1139,8.03390762303665,8.28451590106007,7.31752234343434,8.11796875,8.12566796368353,7.97179417032485,40
"46",2008,2,7.94871794871795,39,8.31034482758621,6.9,7.33333333333333,7.86666666666667,8,29,10,3,15,24,1949,1444,505,131,786,1163,8.03220295536172,8.28503462603878,7.30925457425743,8.1,8.12072519083969,7.97237623387791,41
"47",2008,3,7.50943396226415,53,8,6.14285714285714,6,7.73076923076923,7.4375,39,14,3,13,40,2002,1483,519,134,799,1203,8.01836341658342,8.27753877275792,7.27779105973025,8.05298507462686,8.11438047559449,7.9545914879468,42
"48",2008,4,7.8780701754386,57,8.12857142857143,7.17666666666667,8,7.54565217391304,8.10294117647059,42,15,3,23,34,2059,1525,534,137,822,1237,8.01447963088878,8.27343606557377,7.27495048689139,8.05182481751825,8.09846715328467,7.95866900565886,43
"49",2008,5,7.91296296296296,54,8.22564102564102,7.1,8.33333333333333,8.125,7.78823529411765,39,15,6,20,34,2113,1564,549,143,842,1271,8.01188526265972,8.27224424552429,7.27017041894353,8.06363636363636,8.0990973871734,7.95410980330449,44
"50",2008,6,8.29537037037037,54,8.53717948717949,7.66666666666667,7.4,8.23863636363636,8.334375,39,15,5,22,32,2167,1603,564,148,864,1303,8.01894949700046,8.27868995633188,7.2807155319149,8.04121621621622,8.10265046296296,7.96344862624712,45
"51",2008,7,7.84940298507463,67,8.61307692307692,6.78571428571429,5.70833333333333,7.1305,8.15531914893617,39,28,12,20,47,2234,1642,592,160,884,1350,8.01386461951656,8.28663215590743,7.25730331081081,7.86625,8.08065610859728,7.97012856296297,46
"52",2008,8,7.804,50,8.16551724137931,7.3047619047619,6.95454545454545,7.41666666666667,8.021875,29,21,11,18,32,2284,1671,613,171,902,1382,8.00927038528897,8.2845302214243,7.25892913539967,7.80760233918129,8.06740576496674,7.9713267438495,47
"53",2008,9,8.10606060606061,66,8.296875,7.92647058823529,7.81818181818182,8.08333333333333,8.11904761904762,32,34,11,24,42,2350,1703,647,182,926,1424,8.01198874893617,8.2847621843805,7.2940085935085,7.80824175824176,8.06781857451404,7.97568367977528,48
"54",2008,10,8.24431818181818,44,8.4921875,7.58333333333333,7.5,8.03333333333333,8.35344827586207,32,12,4,15,29,2394,1735,659,186,941,1453,8.01625879699248,8.2885878962536,7.29927702579666,7.80161290322581,8.06726886291179,7.98322337233311,49
"55",2008,11,8.03703703703704,54,8.66969696969697,7.04285714285714,7.4875,8.44545454545455,7.93255813953488,33,21,8,11,43,2448,1768,680,194,952,1496,8.01671714052287,8.29570135746606,7.29135817647059,7.78865979381443,8.07163865546218,7.9817670855615,50
"56",2008,12,7.45102040816327,49,7.82727272727273,6.675,6,6.42105263157895,8.10333333333333,33,16,9,19,30,2497,1801,696,203,971,1526,8.00561616339608,8.28711826762909,7.27718902298851,7.70935960591133,8.03934088568486,7.98415698558323,51
"57",2009,1,8.13956043956044,91,8.39848484848485,7.456,7.875,8.02272727272727,8.1768115942029,66,25,12,22,69,2588,1867,721,215,993,1595,8.01032595054096,8.29105516871987,7.28338912621359,7.71860465116279,8.03897280966767,7.99249126018809,52
"58",2009,2,7.62772277227723,101,7.98365384615385,7.25,6.98461538461538,7.87413793103448,7.52847222222222,52,49,13,29,72,2689,1919,770,228,1022,1667,7.99595521011529,8.28272537780094,7.28126436363636,7.67675438596491,8.03429549902152,7.97244964607079,53
"59",2009,3,7.62674418604651,86,8.178,6.86111111111111,7.26666666666667,8.07916666666667,7.45161290322581,50,36,15,24,62,2775,1969,806,243,1046,1729,7.9845129945946,8.28006602336211,7.2624982133995,7.65144032921811,8.03532504780114,7.95377302486987,54
"60",2009,4,7.51188128712871,101,7.81730788461538,7.18775510204082,7.36666666666667,7.67142885714286,7.42727272727273,52,49,15,35,66,2876,2021,855,258,1081,1795,7.96791501043116,8.26815933201386,7.25821469005848,7.63488372093023,8.02354302497687,7.93441423955432,55
"61",2009,5,7.87142857142857,84,8.20612244897959,7.40285714285714,7.07857142857143,7.58333333333333,7.95,49,35,14,18,66,2960,2070,890,272,1099,1861,7.96517688175676,8.26669082608696,7.26390287640449,7.60625,8.01633303912647,7.93496698549167,56
"62",2009,6,8.00056818181818,88,8.17857142857143,7.77692307692308,7.72857142857143,7.6775,8.09558823529412,49,39,7,20,68,3048,2119,929,279,1119,1929,7.96619867782152,8.26465314299198,7.28543978471475,7.60931899641577,8.01027704200178,7.94062911353033,57
"63",2009,7,7.22992957746479,71,7.96640625,6.62564102564103,6.5625,6.75625,7.4156862745098,32,39,8,20,51,3119,2151,968,287,1139,1980,7.94943846425136,8.26021618317062,7.25885698347107,7.5801393728223,7.98825725197541,7.92710785858586,58
"64",2009,8,7.79012345679012,81,8.19767441860465,7.32894736842105,7.5,7.84,7.76785714285714,43,38,11,25,56,3200,2194,1006,298,1164,2036,7.945405803125,8.25899043299909,7.26150453280318,7.57718120805369,7.98507303264604,7.92272768172888,59
"65",2009,9,7.84709302325581,86,8.43604651162791,7.25813953488372,7.18947368421053,7.53260869565217,7.96190476190476,43,43,19,23,63,3286,2237,1049,317,1187,2099,7.94283279671333,8.26239383549396,7.26136659675882,7.55394321766561,7.97630582139848,7.92390355407337,60
"66",2009,10,7.51219512195122,82,8.23170731707317,6.79268292682927,7.25,7.88684210526316,7.39920634920635,41,41,16,19,63,3368,2278,1090,333,1206,2162,7.93234815023753,8.26184153204565,7.24373721100917,7.53933933933934,7.97489635986733,7.90861404255319,61
"67",2009,11,7.83349056603774,106,8.42115384615385,7.26759259259259,7,8.03076923076923,7.769375,52,54,14,26,80,3474,2330,1144,347,1232,2242,7.92933177029361,8.265397,7.24486325174825,7.51757925072046,7.97607549512986,7.90364565566459,62
"68",2009,12,7.69694444444444,108,7.92737704918033,7.39787234042553,7.73076923076923,7.77678571428571,7.669,61,47,13,28,80,3582,2391,1191,360,1260,2322,7.92232511725293,8.25677332078628,7.25090139378673,7.52527777777778,7.97164683333333,7.89556139534884,63
"69",2010,1,7.81735537190083,121,8.044,7.44782608695652,7.69444444444444,8.31666666666667,7.65274725274725,75,46,18,30,91,3703,2466,1237,378,1290,2413,7.91889510396976,8.25030211273317,7.25822438156831,7.53333333333333,7.97967055038759,7.8864042934107,64
"70",2010,2,7.42760416666667,96,8.26931818181818,6.71538461538462,7.24666666666667,7.37173913043478,7.44520547945205,44,52,15,23,73,3799,2510,1289,393,1313,2486,7.90648027638852,8.2506354621514,7.23632549262995,7.52239185750636,7.96902133282559,7.87344873692679,65
"71",2010,3,7.6375,68,8.04625,7.05357142857143,7.11111111111111,7.63055555555556,7.64,40,28,9,18,50,3867,2550,1317,402,1331,2536,7.90175034134988,8.24742941568628,7.23244006074412,7.51318407960199,7.96444403456048,7.86884604100947,66
"72",2010,4,7.86864406779661,59,8.25,7.35,7.575,7.71666666666667,7.92045454545455,34,25,10,15,44,3926,2584,1342,412,1346,2580,7.90125281966378,8.24746323916409,7.23463007451565,7.51468446601942,7.96168277117384,7.86972618604651,67
"73",2010,5,8.09981818181818,55,8.39975,7.3,7.8,8.1875,8.08489361702128,40,15,5,8,47,3981,2624,1357,417,1354,2627,7.90399612408943,8.24978468368903,7.23535266028003,7.51810551558753,7.96301699409158,7.87357577464789,68
"74",2010,6,7.91574074074074,54,8.39,7.04210526315789,7.8,8.21875,7.78815789473684,35,19,5,16,38,4035,2659,1376,422,1370,2665,7.90415330111524,8.25163031590824,7.23268427325581,7.52144549763033,7.9660036569343,7.8723578086304,69
"75",2010,7,8.04245283018868,53,8.45833333333333,7.16176470588235,7.5,7.85294117647059,8.13194444444444,36,17,5,17,36,4088,2695,1393,427,1387,2701,7.90594632338552,8.25439146938776,7.23181877961235,7.5211943793911,7.96461788752703,7.87581768233988,70
"76",2010,8,7.41071428571429,56,7.70357142857143,7.11785714285714,8,7.17857142857143,7.48809523809524,28,28,9,14,42,4144,2723,1421,436,1401,2743,7.89925399855213,8.24872751009916,7.22957323011963,7.53107798165138,7.95676303354746,7.86988099161502,71
"77",2010,9,8.21153846153846,52,8.16176470588235,8.30555555555556,9.33333333333333,8.13636363636364,8.23170731707317,34,18,3,11,41,4196,2757,1439,439,1412,2784,7.90312406339371,8.24765506347479,7.24303235580264,7.54339407744875,7.95816218838526,7.87520961206897,72
"78",2010,10,7.842,50,8.20625,7.19444444444444,7.07142857142857,8.04166666666667,7.77894736842105,32,18,7,12,38,4246,2789,1457,446,1424,2822,7.90240427932172,8.24717999641449,7.24243209334248,7.5359865470852,7.95886587780898,7.87391338058115,73
"79",2010,11,7.75949367088608,79,8.25,7.07575757575758,7.9,7.58333333333333,7.81147540983607,46,33,15,18,61,4325,2835,1490,461,1442,2883,7.89979388901734,8.24722575308642,7.2387406442953,7.54783080260304,7.95417823162274,7.87259228581339,74
"80",2010,12,7.70668,75,8.0791875,7.04444444444444,7.5,7.73157894736842,7.69823214285714,48,27,8,19,56,4400,2883,1517,469,1461,2939,7.896502175,8.24442802983004,7.23528250494397,7.54701492537313,7.95128337440109,7.86927001020756,75
"81",2011,1,7.84118279569892,93,8.54716981132075,6.90575,6.8,7.4,7.96205479452055,53,40,15,20,73,4493,2936,1557,484,1481,3012,7.89535712664144,8.24989305517711,7.22681667308927,7.52386363636364,7.94383862930452,7.87151877822045,76
"82",2011,2,7.85324675324675,77,8.1,7.4448275862069,7.875,7.5525,7.95877192982456,48,29,8,20,57,4570,2984,1586,492,1501,3069,7.8946476083151,8.24748190683646,7.23080300126103,7.52957317073171,7.93862425716189,7.87313931573803,77
"83",2011,3,7.91838235294118,68,8.21341463414634,7.47037037037037,8.22727272727273,7.63055555555556,8.022,41,27,11,18,50,4638,3025,1613,503,1519,3119,7.89499559508409,8.24702016859504,7.2348131184129,7.5448310139165,7.93497367346938,7.87552566848349,78
"84",2011,4,8.33333333333333,51,8.515625,8.02631578947368,7.9,8.54166666666667,8.26923076923077,32,19,5,12,39,4689,3057,1632,508,1531,3158,7.89976318404777,8.24983186457311,7.24402791666667,7.54832677165354,7.93972894186806,7.88038776440786,79
"85",2011,5,7.29122807017544,57,7.73571428571429,6.86206896551724,7,7.66363636363636,7.20217391304348,28,29,10,11,46,4746,3085,1661,518,1542,3204,7.89245460809102,8.24516564343598,7.23735915713426,7.53774131274131,7.93775940985732,7.87065061173533,80
"86",2011,6,7.9811320754717,53,8.3448275862069,7.54166666666667,7.21428571428571,7.4,8.13333333333333,29,24,7,11,42,4799,3114,1685,525,1553,3246,7.89343395915816,8.24609377328195,7.2416935074184,7.53342857142857,7.9339504249839,7.87404946395564,81
"87",2011,7,7.82982456140351,57,8.42903225806452,7.11538461538461,8,7.78125,7.84878048780488,31,26,12,16,41,4856,3145,1711,537,1569,3287,7.89268730848435,8.24789698251193,7.23977414377557,7.54385474860335,7.93239325047801,7.87373427441436,82
"88",2011,8,8.13962264150943,53,8.440625,7.68095238095238,8.21428571428571,8.97,7.94651162790698,32,21,7,10,43,4909,3177,1732,544,1579,3330,7.89535334487676,8.24983821529745,7.24512330254042,7.55248161764706,7.93896454084863,7.87467404204204,83
"89",2011,9,7.68275862068965,58,8.16944444444444,6.88636363636364,7.16666666666667,8.05,7.60625,36,22,9,10,48,4967,3213,1754,553,1589,3378,7.89287086168714,8.24893744475568,7.2406234663626,7.54620253164557,7.93966331655129,7.87085984606276,84
"90",2011,10,7.83384615384615,65,8.57619047619048,6.47826086956522,6.2,8.30555555555556,7.6531914893617,42,23,5,18,47,5032,3255,1777,558,1607,3425,7.89210842011129,8.25316006451613,7.23075608328644,7.53413978494623,7.94376167392657,7.86787286423358,85
"91",2011,11,7.78405797101449,69,8.23181818181818,6.996,7.64285714285714,7.8,7.78103448275862,44,25,7,11,58,5101,3299,1802,565,1618,3483,7.89064684767693,8.25287541982419,7.2274992008879,7.53548672566372,7.94278430778739,7.8664268044789,86
"92",2011,12,7.72716049382716,81,7.99555555555556,7.39166666666667,7.42857142857143,7.64285714285714,7.74477611940299,45,36,7,14,67,5182,3344,1838,572,1632,3550,7.88809138749517,8.24941268241627,7.23071466811752,7.53417832167832,7.94021140318627,7.86413086197183,87
"93",2012,1,7.9928,125,8.42676056338028,7.42222222222222,7.90384615384615,8.26833333333333,7.90578947368421,71,54,13,30,95,5307,3415,1892,585,1662,3645,7.89055767288487,8.25309985651537,7.23618052854123,7.54239316239316,7.94613418170878,7.86521661454047,88
"94",2012,2,7.99193548387097,93,8.39134615384615,7.48536585365854,7.36666666666667,7.98529411764706,7.99342105263158,52,41,9,17,76,5400,3467,1933,594,1679,3721,7.89230362407407,8.25517335160081,7.24146588722193,7.53973063973064,7.94653067897558,7.86783514109111,89
"95",2012,3,8.13045,66,8.48684210526316,7.646775,7.55714285714286,8.225,8.11356607142857,38,28,7,10,56,5466,3505,1961,601,1689,3777,7.89517915660446,8.25768502425107,7.24725306476288,7.53993344425957,7.94817940201302,7.87147849086577,90
"96",2012,4,7.69285714285714,70,8.22894736842105,7.05625,8,7.55263157894737,7.74509803921569,38,32,5,19,51,5536,3543,1993,606,1708,3828,7.8926208941474,8.25737680214508,7.24418628198695,7.54372937293729,7.94377927985948,7.86979473876698,91
"97",2012,5,7.71290322580645,62,7.74864864864865,7.66,7.6875,7.45833333333333,7.774,37,25,8,12,50,5598,3580,2018,614,1720,3878,7.89063045194712,8.25211899720671,7.24933759167493,7.54560260586319,7.94039244767441,7.86855963383187,92
"98",2012,6,7.69,60,8.15277777777778,6.99583333333333,5.66666666666667,6.78571428571429,7.80943396226415,36,24,3,7,53,5658,3616,2042,617,1727,3931,7.88850287557441,8.2511299806416,7.24635810969638,7.53646677471637,7.93571222350897,7.86776246756551,93
"99",2012,7,8.36206896551724,58,8.70166666666667,7.99821428571429,6.16666666666667,8.11666666666667,8.42608695652174,30,28,3,12,46,5716,3646,2070,620,1739,3977,7.89330812981106,8.25483708447614,7.25652814492754,7.52983870967742,7.93696090281771,7.87422033190848,94
"100",2012,8,7.81739130434783,69,7.74146341463415,7.92857142857143,8.125,8.125,7.75263157894737,41,28,8,12,57,5785,3687,2098,628,1751,4034,7.89240263958513,8.24912829129374,7.26549726406101,7.5374203821656,7.93824957738435,7.87250229548835,95
"101",2012,9,8.04351851851852,54,8.31111111111111,7.77592592592593,7,8.18571428571429,7.99375,27,27,5,14,40,5839,3714,2125,633,1765,4074,7.89380018325056,8.24957889337642,7.27198271058824,7.53317535545024,7.94021247025495,7.8736927491409,96
"102",2012,10,7.74365079365079,63,7.84375,7.64032258064516,7.28888888888889,7.60882352941176,7.79347826086957,32,31,9,17,46,5902,3746,2156,642,1782,4120,7.89219743646222,8.24611212226375,7.27727887755102,7.5297507788162,7.9370510718294,7.87279715048544,97
"103",2012,11,7.99029850746269,67,8.17976190476191,7.672,7.6,8.07142857142857,7.9688679245283,42,25,5,14,53,5969,3788,2181,647,1796,4173,7.89329858770313,8.24537645459346,7.28180342044933,7.53029366306028,7.93809855790645,7.87401731607956,98
"104",2012,12,7.964375,48,8.50666666666667,7.06055555555556,6.75,8.58333333333333,7.87595238095238,30,18,8,6,42,6017,3818,2199,655,1802,4215,7.89386559248795,8.24742954688319,7.27999238744884,7.52076335877863,7.94024695338512,7.87403659786477,99
"105",2013,1,7.51724137931035,58,7.8030303030303,7.14,7.22222222222222,6.9,7.64583333333333,33,25,9,10,48,6075,3851,2224,664,1812,4263,7.89026983868313,8.24362139963646,7.27841873201439,7.51671686746988,7.93450607615894,7.87146710297912,100
"106",2013,2,7.8910447761194,67,8.24473684210526,7.42758620689655,6.28,8,7.86964285714286,38,29,5,11,56,6142,3889,2253,669,1823,4319,7.89027829208727,8.24363229879147,7.28033877496671,7.50747384155456,7.93490126714207,7.87144344987266,101
"107",2013,3,7.7622641509434,53,8.15,7.25652173913043,7.61428571428571,8.3875,7.65111111111111,30,23,7,8,45,6195,3919,2276,676,1831,4364,7.88918309443099,8.24291554223016,7.28009809314587,7.5085798816568,7.9368787602403,7.8691714619615,102
"108",2013,4,7.67333333333333,45,8.1,7.14,7.5,8.13636363636364,7.52352941176471,25,20,4,11,34,6240,3944,2296,680,1842,4398,7.88762648557692,8.24200963742394,7.27887772648084,7.50852941176471,7.93807003800217,7.86649937698954,103
"109",2013,5,7.90238095238095,42,8.27083333333333,7.41111111111111,6.33333333333333,8.5,7.82162162162162,24,18,3,5,37,6282,3968,2314,683,1847,4435,7.88772513053168,8.24218397429436,7.27990633535004,7.50336749633968,7.93959123443421,7.8661249740699,104
"110",2013,6,7.72564102564103,39,7.9875,7.30666666666667,8.33333333333333,7.5,7.75882352941176,24,15,3,5,34,6321,3992,2329,686,1852,4469,7.88672508622053,8.24065280811624,7.28007868613139,7.5069970845481,7.93840443304535,7.86530862832849,105
"111",2013,7,8.04672131147541,61,8.43870967741936,7.64166666666667,8.35,8.33,7.99117647058824,31,30,10,10,51,6382,4023,2359,696,1862,4520,7.88825435130053,8.24217897340294,7.28467709198813,7.5191091954023,7.94050752416756,7.86672881858407,106
"112",2013,8,7.65188679245283,53,8.15588235294118,6.75,7,7.875,7.61222222222222,34,19,4,8,45,6435,4057,2378,700,1870,4565,7.88630757886558,8.24145575794923,7.28040507148865,7.51614285714286,7.94022727807486,7.86421999123768,107
"113",2013,9,7.8219512195122,41,8.52380952380952,7.085,7.1875,8.07142857142857,7.77058823529412,21,20,8,7,34,6476,4078,2398,708,1877,4599,7.88590013434219,8.24290976213831,7.27877533778148,7.51242937853107,7.94071657432072,7.86352777995217,108
"114",2013,10,7.63648648648649,37,8.11346153846154,6.50909090909091,5.25,7.51666666666667,7.694,26,11,2,12,25,6513,4104,2409,710,1889,4624,7.88448322892676,8.24208967105263,7.27526079701121,7.50605633802817,7.93802276866066,7.86261121539793,109
"115",2013,11,7.29975,40,8.13,6.17647058823529,4.33333333333333,8.25,7.19416666666667,23,17,3,4,36,6553,4127,2426,713,1893,4660,7.88091397375248,8.2414649890962,7.26756111294312,7.49270687237027,7.9386819915478,7.85744726609442,110
"116",2013,12,7.53333333333333,45,8.35714285714286,6.8125,7.85,7.91666666666667,7.47435897435897,21,24,10,6,39,6598,4148,2450,723,1899,4699,7.87854338739012,8.2420506292189,7.26310337142857,7.49764868603043,7.9386124328594,7.85426777186636,111
"117",2014,1,7.51416666666667,60,8.20147058823529,6.61538461538461,8.20833333333333,8.75,7.37685185185185,34,26,6,6,54,6658,4182,2476,729,1905,4753,7.87525972814659,8.24172071018651,7.25630180129241,7.50349794238683,7.94116798425196,7.84884373237955,112
"118",2014,2,7.20909090909091,33,7.78421052631579,6.42857142857143,6.86,7.57,7.05217391304348,19,14,5,10,23,6691,4201,2490,734,1915,4776,7.87197418472575,8.23965151392526,7.25164789558233,7.49911444141689,7.93922977023498,7.84500717336684,113
"119",2014,3,7.575,36,7.75238095238095,7.32666666666667,8.06666666666667,7.7,7.5448275862069,21,15,6,7,29,6727,4222,2505,740,1922,4805,7.87038490709083,8.23722785646613,7.25209710978044,7.50371621621622,7.93835848595213,7.84319547554631,114
"120",2014,4,8.01666666666667,36,8.43181818181818,7.36428571428571,8.775,8.76666666666667,7.86666666666667,22,14,4,6,30,6763,4244,2519,744,1928,4835,7.87116357681502,8.23823657163054,7.25272062723303,7.51055107526882,7.94093620850622,7.84334110858325,115
"121",2014,5,7.16176470588235,34,8,6.32352941176471,6.5,7,7.171875,17,17,7,2,32,6797,4261,2536,751,1930,4867,7.86761501691923,8.23728608542596,7.24649182176656,7.50113182423435,7.93996114507772,7.83892629134991,116
"122",2014,6,7.33636363636364,22,8.31818181818182,6.35454545454545,7.225,8.06666666666667,7.0625,11,11,4,6,16,6819,4272,2547,755,1936,4883,7.86590105147382,8.2374943843633,7.24263967805261,7.49966887417218,7.94035382747933,7.8363821953717,117
"123",2014,7,7.84090909090909,22,8.15625,7,5,8.41666666666667,7.625,16,6,2,6,16,6841,4288,2553,757,1942,4899,7.86582067972519,8.23719123367538,7.24206943204074,7.49306472919419,7.94182544284243,7.83569182690345,118
"124",2014,8,7.695,30,8.24473684210526,6.74545454545455,7.6,8.31666666666667,7.42857142857143,19,11,5,9,21,6871,4307,2564,762,1951,4920,7.86507484645612,8.23722452054795,7.23993886895476,7.49376640419947,7.94355459251665,7.83395411788618,119
"125",2014,9,7.85526315789474,38,8.06818181818182,7.5625,7.71428571428571,8.11111111111111,7.77586206896552,22,16,7,9,29,6909,4329,2580,769,1960,4949,7.86502088145897,8.23636544467545,7.24193924806202,7.49577373211963,7.94432398469387,7.83361371186098,120
"126",2014,10,7.72093023255814,43,8.1,7.19444444444444,7.05555555555556,7.63636363636364,7.75,25,18,9,11,32,6952,4354,2598,778,1971,4981,7.86412964182969,8.2355824552136,7.24161018475751,7.49068123393316,7.94260528158295,7.83307654286288,121
"127",2014,11,7.35862068965517,29,8.14117647058823,6.25,6.7,7.225,7.38,17,12,5,4,25,6981,4371,2610,783,1975,5006,7.86202969058874,8.23521528483185,7.23705105747127,7.48563218390805,7.94115190379746,7.83081387534958,122
"128",2014,12,7.68815789473684,38,8.02941176470588,7.41190476190476,7.3,8.1,7.63970588235294,17,21,3,4,34,7019,4388,2631,786,1979,5040,7.8610883701382,8.2344179603464,7.23844669707336,7.48492366412214,7.94147297119757,7.82952465476191,123
"129",2015,1,7.59891304347826,46,8.11296296296296,6.86842105263158,8.5,8.12222222222222,7.47162162162162,27,19,5,9,37,7065,4415,2650,791,1988,5077,7.85938135456476,8.23367520045301,7.23579368301887,7.49134007585335,7.94229125251509,7.82691634035848,124
"130",2015,2,7.72837837837838,37,8.25434782608696,6.86428571428571,8.7,8.83333333333333,7.63088235294118,23,14,5,3,34,7102,4438,2664,796,1991,5111,7.85869885525204,8.23378233663813,7.23384131381381,7.49893216080402,7.94363385735811,7.82561225983174,125
"131",2015,3,7.82962962962963,27,8.49166666666667,7.3,6.71428571428571,7.3,7.92173913043478,12,15,7,4,23,7129,4450,2679,803,1995,5134,7.85858875999439,8.23447775505618,7.23421174318776,7.49209215442092,7.94234336340852,7.82604290222049,126
"132",2015,4,6.97741935483871,31,8.12,5.90625,6.25,6.5,7.092,15,16,2,6,25,7160,4465,2695,805,2001,5159,7.85477364106145,8.23409317133259,7.22632774025974,7.48900621118012,7.93801849575212,7.82248580345028,127
"133",2015,5,7.53111111111111,36,7.96875,7.181,6.924,7.75,7.46857142857143,16,20,5,8,28,7196,4481,2715,810,2009,5187,7.85315442884936,8.23314572863201,7.22599383425414,7.48551851851852,7.93726979094076,7.82057533449007,128
"134",2015,6,7.60178571428571,28,8.1,6.83181818181818,6.66666666666667,8.2,7.40238095238095,17,11,3,7,21,7224,4498,2726,813,2016,5208,7.85218013150609,8.23264251000445,7.22440325018342,7.48249692496925,7.93818204861111,7.81888906682028,129
"135",2015,7,7.58,29,7.35,7.70105263157895,7.06666666666667,8.7,7.34666666666667,10,19,6,5,24,7253,4508,2745,819,2021,5232,7.85109186129877,8.23068456299912,7.22770246265938,7.47945054945055,7.94006680356259,7.81672290902141,130
"136",2015,8,7.16875,40,7.77368421052632,6.62142857142857,7.025,6.61666666666667,7.26617647058824,19,21,8,6,34,7293,4527,2766,827,2027,5266,7.84734941313588,8.22876651424785,7.22309951554591,7.47505441354292,7.93614948692649,7.8131682985188,131
"137",2015,9,7.31363636363636,22,8.34,6.45833333333333,6,7.5,7.295,10,12,2,2,20,7315,4537,2778,829,2029,5286,7.84574426110731,8.22901168393212,7.21979598992081,7.47149577804584,7.93571957121735,7.81120776768824,132
"138",2015,10,7.82352941176471,34,8.25,7.21428571428571,7.75,7,7.93333333333333,20,14,4,4,30,7349,4557,2792,833,2033,5316,7.84564148455572,8.22910379855169,7.21976835959885,7.4728331332533,7.93387850959173,7.81189696388262,133
"139",2015,11,7.598,50,8.40384615384615,6.725,5.75,8.85,7.42727272727273,26,24,6,6,44,7399,4583,2816,839,2039,5360,7.84396800513583,8.23009513637356,7.21555158380682,7.46051251489869,7.93657430603237,7.80873960074627,134
"140",2015,12,7.28170731707317,41,7.91388888888889,6.78695652173913,6.7,7.36666666666667,7.24655172413793,18,23,8,12,29,7440,4601,2839,847,2051,5389,7.84086952553764,8.22885807650511,7.21207934483973,7.45332939787485,7.93323988785958,7.80571428094266,135
"141",2016,1,7.34545454545455,55,7.625,7.05555555555556,7.75,7.5,7.31521739130435,28,27,4,9,46,7495,4629,2866,851,2060,5435,7.83723405870581,8.22520544610068,7.2106047662247,7.45472385428907,7.93134709223301,7.80156288132475,136
"142",2016,2,7.91756756756757,37,8.23947368421053,7.57777777777778,7.6,7.9,7.92096774193548,19,18,4,6,31,7532,4648,2884,855,2066,5466,7.83762868693574,8.22526377151464,7.2128964147018,7.45540350877193,7.93125605517909,7.80224007683864,137
"143",2016,3,7.37083333333333,36,8.48235294117647,6.37631578947368,6,9,7.22272727272727,17,19,4,3,33,7568,4665,2903,859,2069,5499,7.83540820163848,8.22620064523045,7.20742103341371,7.4486263096624,7.93280570807153,7.79876236770322,138
"144",2016,4,7.47948717948718,39,7.85652173913043,6.9375,7.4,6.8,7.68333333333333,23,16,5,9,30,7607,4688,2919,864,2078,5529,7.83358344551071,8.2243869475256,7.20594150736554,7.4483449074074,7.92789942733397,7.7981360571532,139
"145",2016,5,7.4030303030303,33,7.88260869565217,6.3,6.5,5.33333333333333,7.61,23,10,2,3,30,7640,4711,2929,866,2081,5559,7.83172372643979,8.22271832095097,7.20284850119495,7.44615473441108,7.9241590629505,7.7971207519338,140
"146",2016,6,7.78125,32,8.26086956521739,6.55555555555556,9,7.83333333333333,7.76923076923077,23,9,1,6,26,7672,4734,2938,867,2087,5585,7.83151319994786,8.22290367765104,7.20086564329476,7.44794694348327,7.92389794441782,7.79699091495076,141
"147",2016,7,7.345,40,7.72631578947368,7,7.3,6.5,7.55625,19,21,5,8,32,7712,4753,2959,872,2095,5617,7.82898979123444,8.22091857984432,7.1994401013856,7.44709862385321,7.91846062529833,7.7956194160584,142
"148",2016,8,7.59818181818182,55,8.01538461538462,7.22413793103448,6.9,7.17857142857143,7.74146341463415,26,29,10,14,41,7767,4779,2988,882,2109,5658,7.82735538431827,8.21980037874033,7.19967980589023,7.44089569160997,7.91354908013276,7.79522698126547,143
"149",2016,9,7.74124489795918,49,8.47284,6.97916666666667,8.16666666666667,7.5,7.77490697674419,25,24,6,6,43,7816,4804,3012,888,2115,5701,7.82681554119755,8.2211171960866,7.19792272908367,7.44579954954955,7.91237589125295,7.79507371689178,144
"150",2016,10,7.30789473684211,38,7.98636363636364,6.375,6.66666666666667,8.11111111111111,7.05862068965517,22,16,6,9,29,7854,4826,3028,894,2124,5730,7.82430484721161,8.22004703895566,7.19357439233818,7.44057046979866,7.91321798964218,7.79134646771379,145
"151",2016,11,7.85,52,8.1258064516129,7.44285714285714,7.93,7.47777777777778,7.92790697674419,31,21,10,9,43,7906,4857,3049,904,2133,5773,7.82447385150519,8.21944554457485,7.19529132830436,7.44598451327433,7.91138068917018,7.79236363415902,146
"152",2016,12,7.29,50,8.03846153846154,6.47916666666667,6.8,7.5,7.26136363636364,26,24,5,6,44,7956,4883,3073,909,2139,5817,7.82111491578683,8.21848187794389,7.18969842499187,7.44243124312431,7.91022674614305,7.78834713082345,147
"153",2017,1,7.30065573770492,61,7.89,6.73032258064516,6.4,8.08333333333333,7.21527272727273,30,31,5,6,55,8017,4913,3104,914,2145,5872,7.81715482973681,8.21647608589457,7.18511058634021,7.43672866520788,7.91071096037296,7.7829794380109,148
"154",2017,2,7.86190476190476,42,8.65,6.81111111111111,7.64285714285714,8.125,7.8,24,18,7,8,34,8059,4937,3122,921,2153,5906,7.81738804690408,8.21858355479036,7.18295427930814,7.43829533116178,7.91150720390153,7.78307742295971,149
"155",2017,3,8.00571428571429,35,8.25,7.3,NA,9,7.9125,26,9,0,3,32,8094,4963,3131,921,2156,5938,7.81820240548554,8.21874813822285,7.18329072500799,7.43829533116178,7.91302180426716,7.78377488379926,150
"156",2017,4,7.83382352941176,34,8.24565217391304,6.97272727272727,7.16666666666667,7.95,7.81379310344828,23,11,3,5,29,8128,4986,3142,924,2161,5967,7.81826774975394,8.218872244284,7.18255355187779,7.43741341991342,7.91310736233225,7.78392077425842,151
"157",2017,5,7.434,35,8.05173913043478,6.25,6.875,6.858,7.53,23,12,4,5,30,8163,5009,3154,928,2166,5997,7.81662014822982,8.218104813336,7.17900547241598,7.43498922413793,7.91067174976916,7.78265053526764,152
"158",2017,6,6.8515625,32,7.88157894736842,5.34615384615385,1,7.25,6.75961538461539,19,13,1,6,26,8195,5028,3167,929,2172,6023,7.81285177181208,8.21683313643596,7.17148192611304,7.42806243272336,7.90884668968692,7.77823431180475,153
"159",2017,7,7.10975,40,7.61176470588235,6.73869565217391,6.8,3.5,7.51083333333333,17,23,10,4,36,8235,5045,3190,939,2176,6059,7.80943658409229,8.21479425371656,7.16836152351097,7.42137380191693,7.90074219209559,7.77664552896518,154
"160",2017,8,7.17638888888889,36,7.76875,6.7025,7.03,6.875,7.2625,16,20,10,8,28,8271,5061,3210,949,2184,6087,7.8066812078346,8.2133841157874,7.16545895950156,7.4172497365648,7.89698489468864,7.77428047642517,155
"161",2017,9,7.58052631578947,38,8.02545454545455,6.96875,8.5,7.25,7.61941176470588,22,16,2,4,34,8309,5083,3226,951,2188,6121,7.80564692141052,8.21257072791659,7.1644833415995,7.41952681388012,7.89580210694698,7.77342023525568,156
"162",2017,10,6.96153846153846,39,7.56818181818182,6.17647058823529,5.6,7.5,6.82258064516129,22,17,5,8,31,8348,5105,3243,956,2196,6152,7.80170343435553,8.20979373359452,7.15930411964231,7.41001046025104,7.89436020491803,7.76862894343303,157
"163",2017,11,7.99444444444444,36,8.325,7.58125,5,6.33333333333333,8.14545454545454,20,16,4,3,33,8384,5125,3259,960,2199,6185,7.80253104365458,8.2102433190244,7.16137565510893,7.39996875,7.89223056389268,7.77063949232013,158
"164",2017,12,7.3952380952381,42,8.16315789473684,6.76086956521739,6.625,7.5,7.37777777777778,19,23,8,6,36,8426,5144,3282,968,2205,6221,7.8005008628056,8.21006940318819,7.15856893967093,7.39356404958678,7.89116326984127,7.76836606011895,159
"165",2018,1,7.88020638888889,36,8.02777777777778,7.732635,9.42,9.6,7.83106942857143,18,18,5,1,35,8462,5162,3300,973,2206,6256,7.80083995509336,8.20943374854708,7.16170020909091,7.40397738951696,7.8919379011786,7.76871686221228,160
"166",2018,2,7.36785714285714,28,7.94444444444444,6.33,4.575,5.45,7.6875,18,10,4,4,24,8490,5180,3310,977,2210,6280,7.79941197879859,8.20851293629344,7.15918751963746,7.39239508700102,7.8875181040724,7.76840647929937,161
"167",2018,3,7.91642857142857,28,8.45333333333333,6.95,3,8.84333333333333,7.66363636363636,18,10,1,6,22,8518,5198,3320,978,2216,6302,7.79979663066448,8.20936071758369,7.15855743674699,7.38790388548057,7.89010605144404,7.76804073151381,162
"168",2018,4,7.34242424242424,33,8.26875,6.47058823529412,7.25,8.6375,7.16379310344828,16,17,4,4,29,8551,5214,3337,982,2220,6331,7.79803154017074,8.20954296317607,7.15505264908601,7.38734215885947,7.8914527072072,7.76527289369768,163
"169",2018,5,6.79896651162791,43,7.85463,6.39032258064516,8.5,7.875,6.553016,12,31,4,8,35,8594,5226,3368,986,2228,6366,7.79303272748429,8.20872800803674,7.1480138628266,7.39185598377282,7.89139363105924,7.75860795633051,164
"170",2018,6,7.55172413793103,29,8.14705882352941,6.70833333333333,7.33333333333333,9.16666666666667,7.36538461538461,17,12,3,3,26,8623,5243,3380,989,2231,6392,7.79222118288299,8.20852805073432,7.14645286686391,7.39167846309403,7.89310847601972,7.75700848717147,165
"171",2018,7,7.202,30,7.43846153846154,7.02117647058824,7.1,7.5,7.16888888888889,13,17,5,3,27,8653,5256,3397,994,2234,6419,7.79017488269964,8.20662339611873,7.14582593170445,7.39021126760563,7.89258057743957,7.75453470166693,166
"172",2018,8,7.3972972972973,37,7.78181818181818,6.83333333333333,6.2,7.875,7.33939393939394,22,15,5,4,33,8690,5278,3412,999,2238,6452,7.78850210126582,8.20485270367564,7.14445213657679,7.38425425425425,7.89254915549598,7.75241138406696,167
"173",2018,9,7.82428571428571,28,8.44588235294118,6.86363636363636,7,7.5,7.87833333333333,17,11,3,4,24,8718,5295,3423,1002,2242,6476,7.78861702913512,8.2056265476865,7.14354971954426,7.38310379241517,7.89184880017841,7.75287804972205,168
"174",2018,10,8.13,14,8.382,7.5,NA,NA,8.13,10,4,0,0,14,8732,5305,3427,1002,2242,6490,7.78916436784242,8.20595901413761,7.14396576889408,7.38310379241517,7.89184880017841,7.75369156394453,169
"175",2018,11,7.0521875,32,7.77625,6.328125,7.5,7,7.05758620689655,16,16,4,3,29,8764,5321,3443,1006,2245,6519,7.78647344363304,8.20466689907912,7.14017446703456,7.38356858846918,7.89065702004454,7.75059491486424,170
"176",2018,12,7.69717948717949,39,8.68368421052632,6.76,7.57777777777778,7.86272727272727,7.63214285714286,19,20,9,11,28,8803,5340,3463,1015,2256,6547,7.78607784391685,8.20637126779027,7.13797883049379,7.38529064039409,7.89052083776596,7.75008832289598,171
"177",2019,1,8.14083333333333,42,8.1908064516129,8,9,8.28214285714286,8.11257142857143,31,11,2,7,35,8845,5371,3474,1017,2263,6582,7.78776238100622,8.20628143176318,7.14070831606218,7.38846607669616,7.8917322182943,7.75201583865087,172
"178",2019,2,7.37307692307692,26,8.13,6.9,7,8.5,7.22608695652174,10,16,3,3,23,8871,5381,3490,1020,2266,6605,7.78654698004735,8.20613967106486,7.13960478223496,7.38732352941176,7.89253751544572,7.75018444360333,173
"179",2019,3,7.56578947368421,38,8.29545454545454,6.5625,9,8.42857142857143,7.37096774193548,22,16,1,7,31,8909,5403,3506,1021,2273,6636,7.78560537209563,8.20650334443828,7.13697110382202,7.38890303623898,7.89418830180378,7.74841293701025,174
"180",2019,4,7.09176470588235,17,7.306,6.78571428571429,7.16666666666667,5.5,7.304,10,7,3,2,15,8926,5413,3513,1024,2275,6651,7.78428391888864,8.20483975060041,7.13627118986621,7.388251953125,7.89208352087912,7.74741065253345,175
"181",2019,5,7.58387096774194,31,7.66315789473684,7.45833333333333,7.23333333333333,8.1875,7.37391304347826,19,12,6,8,23,8957,5432,3525,1030,2283,6674,7.7835902936251,8.20294506075111,7.13736757163121,7.38734951456311,7.89311870784056,7.74612350164819,176
"182",2019,6,7.34107142857143,28,7.94055555555556,6.262,5.75,8,7.262,18,10,4,3,25,8985,5450,3535,1034,2286,6699,7.78221126989427,8.20207845321101,7.13489128429986,7.38101547388781,7.8932589720035,7.74431680101508,177
"183",2019,7,7.8082668,25,8.24711133333333,7.15,9,5.5,8.00898565217391,15,10,1,2,23,9010,5465,3545,1035,2288,6722,7.78228356603774,8.20220205672461,7.13493390409027,7.38257971014493,7.89116696241258,7.7452223921452,178
"184",2019,8,7.79,35,8.1,7.421875,7.15,7.525,7.8448275862069,19,16,5,6,29,9045,5484,3561,1040,2294,6751,7.78231342509674,8.20184796498906,7.13622316484134,7.38146153846154,7.89020924585876,7.74565026218338,179
"185",2019,9,7.26777777777778,27,8.38117647058824,5.375,6.83333333333333,8.66666666666667,7.09291666666667,17,10,3,3,24,9072,5501,3571,1043,2297,6775,7.78078206900353,8.20240215233594,7.13129114813778,7.3798849472675,7.891223339138,7.74333799557196,180
"186",2019,10,7.98913043478261,23,8.51785714285714,7.16666666666667,NA,7.95833333333333,8,14,9,0,6,17,9095,5515,3580,1043,2303,6792,7.78130895327103,8.20320294469629,7.13138008100559,7.3798849472675,7.89139818063395,7.74398040636042,181
"187",2019,11,7.59428571428571,35,8.21428571428571,7.18095238095238,7.16,7.625,7.59032258064516,14,21,5,4,31,9130,5529,3601,1048,2307,6823,7.78059199671413,8.20323100741545,7.1316691724521,7.37883587786259,7.8909362852189,7.74328226879672,182
"188",2019,12,7.9962962962963,27,7.775,8.31818181818182,7.73333333333333,8.75,7.86521739130435,16,11,3,4,23,9157,5545,3612,1051,2311,6846,7.78122801463361,8.20199535437331,7.13528258305648,7.37984776403425,7.89242319774989,7.7436919252118,183
"189",2020,1,7.06304347826087,46,7.90416666666667,6.14545454545455,6.375,6.33333333333333,7.1725,24,22,8,6,40,9203,5569,3634,1059,2317,6886,7.77763826252309,8.20071184054588,7.12929022839846,7.37225684608121,7.88838584807941,7.74037393552135,184
"190",2020,2,7.83333333333333,36,7.96875,7.725,8.5,8,7.8125,16,20,4,4,32,9239,5585,3654,1063,2321,6918,7.77785527979218,8.20004731244405,7.13255081828134,7.37650047036688,7.88857820336062,7.74070756287945,185
"191",2020,3,7.99407407407407,27,8.18571428571429,7.78769230769231,7,7,8.03230769230769,14,13,1,1,26,9266,5599,3667,1064,2322,6944,7.77848531513058,8.20001147347741,7.13487338151077,7.37614661654135,7.88819552540913,7.74179938364055,186
"192",2020,4,7.52139534883721,43,7.77333333333333,7.34,8.1,7.6875,7.48342857142857,18,25,5,8,35,9309,5617,3692,1069,2330,6979,7.77729776882587,8.19864415880364,7.13626237540629,7.37953227315248,7.88750644206008,7.74050364235564,187
"193",2020,5,7.72368421052632,38,8.08333333333333,7.4,7.91666666666667,7.25,7.75,18,20,6,2,36,9347,5635,3712,1075,2332,7015,7.77707980421525,8.19827581898847,7.13768337553879,7.38253023255814,7.88695969554031,7.74055237633642,188
"194",2020,6,7.45454545454545,22,8.11111111111111,7,6,8.16666666666667,7.1875,9,13,5,6,16,9369,5644,3725,1080,2338,7031,7.77632243889422,8.19813682494685,7.13720286979866,7.37612962962963,7.88767750641574,7.73929383018063,189
"195",2020,7,7.77272727272727,33,8.11764705882353,7.40625,7.66666666666667,7.95,7.69565217391304,17,16,3,10,23,9402,5661,3741,1083,2348,7054,7.77630982025101,8.19789511393747,7.13835356589147,7.37693444136657,7.88794293441226,7.73915153388149,190
"196",2020,8,7.60645161290323,31,8.32222222222222,6.61538461538461,7,8.8,7.37692307692308,18,13,2,5,26,9433,5679,3754,1085,2353,7080,7.77575160924414,8.19828917767213,7.13654253862547,7.3762396313364,7.88988100722482,7.73782131638418,191
"197",2020,9,7.95161290322581,31,8.73333333333333,7.21875,7,9.125,7.77777777777778,15,16,4,4,27,9464,5694,3770,1089,2357,7107,7.77632765532544,8.19969867228662,7.13689142970822,7.37485766758494,7.89197709376326,7.73797311383144,192
"198",2020,10,7.228125,32,7.425,6.9,8.16666666666667,5.8,7.49259259259259,20,12,3,5,27,9496,5714,3782,1092,2362,7134,7.77448030012637,8.19698709135457,7.13613979111581,7.37703296703296,7.88754869178662,7.73704442388562,193
"199",2020,11,7.63571428571429,42,8.06,7.25,6.325,5.5,7.86052631578947,20,22,4,4,38,9538,5734,3804,1096,2366,7172,7.77386925246383,8.19650928496687,7.13679828864353,7.37319343065693,7.88351226120034,7.73769867819297,194
"200",2020,12,7.725,44,8.2047619047619,7.28695652173913,6.83333333333333,8,7.64411764705882,21,23,6,10,34,9582,5755,3827,1102,2376,7206,7.77364484763097,8.19653939878367,7.13770072903057,7.37025408348457,7.88400252946128,7.73725713572023,195
"201",2021,1,7.90476190476191,42,8.32692307692308,7.21875,6.33333333333333,7,7.92682926829268,26,16,3,1,41,9624,5781,3843,1105,2377,7247,7.7742170542394,8.1971257983048,7.13803817069997,7.36743891402715,7.88363063104754,7.73832964261074,196
"202",2021,2,7.92702702702703,37,8.6,7.5625,7,6.93333333333333,8.01470588235294,13,24,2,3,34,9661,5794,3867,1107,2380,7281,7.77480229065314,8.19802972730411,7.14067253426429,7.36677506775068,7.88243277731092,7.73962023348441,197
"203",2021,3,7.38005714285714,35,8.23333333333333,6.7401,7,8,7.30006451612903,15,20,6,4,31,9696,5809,3887,1113,2384,7312,7.77337736489274,8.19812088827682,7.13861144584513,7.36479784366577,7.88263003775168,7.73775669037199,198
"204",2021,4,7.65727777777778,36,7.494,7.82055555555556,7.875,6,7.70462857142857,18,18,4,1,35,9732,5827,3905,1117,2385,7347,7.77294789662967,8.19594581088039,7.14175485019206,7.3666248880931,7.88184067505241,7.73759887300939,199
"205",2021,5,7.816875,32,8.19157894736842,7.26923076923077,7.66666666666667,8.0625,7.735,19,13,3,8,24,9764,5846,3918,1120,2393,7371,7.77309186091765,8.19593161820048,7.14217781776417,7.36742857142857,7.88244463435019,7.73759041107041,200
"206",2021,6,7.55909090909091,22,8.57142857142857,7.08666666666667,NA,8,7.53809523809524,7,15,0,1,21,9786,5853,3933,1120,2394,7392,7.77261076333537,8.19638070049548,7.14196610475464,7.36742857142857,7.88249373851295,7.73702366341992,201
"207",2021,7,7.37619047619048,21,8.16666666666667,7.06,7.475,6.5,7.46842105263158,6,15,4,2,19,9807,5859,3948,1124,2396,7411,7.77176189762414,8.19635027137737,7.14165468338399,7.36781138790035,7.88133973706177,7.73633503170962,202
"208",2021,8,7.92215384615385,39,8.91666666666667,7.48014814814815,6.85155555555556,7.44,7.99305882352941,12,27,9,5,34,9846,5871,3975,1133,2401,7445,7.77235760004062,8.1978225583376,7.14395388427673,7.36371050308914,7.88042066222407,7.7375074439221,203
"209",2021,9,7.7977084375,32,7.93529411764706,7.641778,NA,7.85,7.79023821428571,17,15,0,4,28,9878,5888,3990,1133,2405,7473,7.77243972464061,8.19706457880435,7.14582540350877,7.36371050308914,7.88037006652806,7.73770501672689,204
"210",2021,10,7.97727272727273,33,8.66071428571429,7.47368421052632,8.33333333333333,8.5,7.94354838709677,14,19,3,2,31,9911,5902,4009,1136,2407,7504,7.7731217435173,8.19816439173162,7.14737923671739,7.36627112676056,7.88088492314084,7.73855538246269,205
"211",2021,11,7.87142857142857,35,8.05,7.63333333333333,9,7.5,7.89393939393939,20,15,2,2,33,9946,5922,4024,1138,2409,7537,7.77346768550171,8.19766400540358,7.14919069582505,7.36914235500879,7.88056870485679,7.73923571580205,206
"212",2021,12,7.88425,40,8.779375,7.2875,7.125,8.094,7.85428571428571,16,24,4,5,35,9986,5938,4048,1142,2414,7572,7.77391143601041,8.19923143145841,7.15001071146245,7.36828721541156,7.88101077464789,7.73976751056524,207
"213",2022,1,7.82923076923077,65,7.99705882352941,7.64516129032258,8.08333333333333,7.375,7.85901639344262,34,31,6,4,61,10051,5972,4079,1148,2418,7633,7.77426918714556,8.19808041527127,7.15377380730571,7.3720243902439,7.88017370140612,7.74072050176864,208
"214",2022,2,7.68367346938776,49,8.264,7.07916666666667,8.06666666666667,8.7,7.59333333333333,25,24,6,4,45,10100,5997,4103,1154,2422,7678,7.77382966336633,8.19835521760881,7.15333740190105,7.37563604852686,7.88152766721718,7.73985668012504,209
"215",2022,3,7.94166666666667,30,8.296875,7.53571428571429,8,7.5,7.97321428571429,16,14,1,2,28,10130,6013,4117,1155,2424,7706,7.77432671273445,8.19861736903376,7.15463768763663,7.37617662337662,7.88121287541254,7.74070459252531,210
"216",2022,4,7.57142857142857,42,8.5,6.55,5.7,6.83333333333333,7.62820512820513,22,20,5,3,39,10172,6035,4137,1160,2427,7745,7.77348895005898,8.19971602982602,7.15171461445492,7.36895172413793,7.87991759785744,7.74013810071014,211
"217",2022,5,7.52045454545455,44,8.21428571428571,6.88695652173913,8.7,7.96666666666667,7.48780487804878,21,23,2,3,41,10216,6056,4160,1162,2430,7786,7.77239913860611,8.19976655217966,7.15025080769231,7.37124268502581,7.88002469547325,7.73880934883124,212
"218",2022,6,8.20441176470588,34,8.625,7.83055555555556,6.6,9,8.03392857142857,16,18,2,6,28,10250,6072,4178,1164,2436,7814,7.77383215609756,8.20088706192359,7.15318175203447,7.36991752577319,7.88278325533662,7.73986685308421,213
"219",2022,7,8.125,36,8.73684210526316,7.44117647058824,6,9.6,7.88709677419355,19,17,1,5,31,10286,6091,4195,1165,2441,7845,7.77506120941085,8.20255889673289,7.15434883432658,7.36874163090128,7.88630070053257,7.74044864117272,214
"220",2022,8,7.8125,48,8.40384615384615,7.11363636363636,7.5,8.7,7.7093023255814,26,22,4,5,43,10334,6117,4217,1169,2446,7888,7.77523510741242,8.20341445806769,7.15413643822623,7.36919076133447,7.88796402698283,7.74027885268763,215
