"","year","month","avg_rating","no_ratings","avg_rating_owned","avg_rating_not_owned","avg_rating_prev_owned","avg_rating_comment","avg_rating_no_comment","no_ratings_owned","no_ratings_not_owned","no_ratings_prev_owned","no_ratings_comment","no_ratings_no_comment","cum_no_ratings","cum_no_ratings_owned","cum_no_ratings_not_owned","cum_no_ratings_prev_owned","cum_no_ratings_comment","cum_no_ratings_no_comment","cum_avg_rating","cum_avg_rating_owned","cum_avg_rating_not_owned","cum_avg_rating_prev_owned","cum_avg_rating_comment","cum_avg_rating_no_comment","month_after_release"
"1",2011,6,8.20952380952381,42,8.65909090909091,7.715,8,8.1875,8.21470588235294,22,20,2,8,34,42,22,20,2,8,34,8.20952380952381,8.65909090909091,7.715,8,8.1875,8.21470588235294,0
"2",2011,7,7.6704,125,8.04357142857143,7.19545454545455,7.71666666666667,7.575,7.70052631578947,70,55,15,30,95,167,92,75,17,38,129,7.8059880239521,8.19076086956522,7.334,7.75,7.70394736842105,7.83604651162791,1
"3",2011,8,7.86915887850467,107,8.23538461538462,7.30238095238095,7.39583333333333,7.47222222222222,7.94943820224719,65,42,12,18,89,274,157,117,29,56,218,7.83065693430657,8.20923566878981,7.32264957264957,7.60344827586207,7.62946428571429,7.88233944954128,2
"4",2011,9,7.63055555555556,72,8.04210526315789,7.17058823529412,7.33333333333333,6.83333333333333,7.7030303030303,38,34,6,6,66,346,195,151,35,62,284,7.78901734104046,8.17666666666667,7.28841059602649,7.55714285714286,7.55241935483871,7.84066901408451,3
"5",2011,10,7.59516853932584,89,7.9605,7.2969387755102,7.40909090909091,7.46666666666667,7.62121621621622,40,49,11,15,74,435,235,200,46,77,358,7.74935632183908,8.13987234042553,7.2905,7.52173913043478,7.53571428571429,7.79530726256983,4
"6",2011,11,7.7005376344086,93,8.053125,7.32444444444444,7.91428571428571,7.78333333333333,7.68461538461538,48,45,7,15,78,528,283,245,53,92,436,7.74075757575758,8.12515901060071,7.29673469387755,7.57358490566038,7.57608695652174,7.77550458715596,5
"7",2011,12,7.47611650485437,103,7.87619047619048,6.846,7.71428571428571,7.70833333333333,7.42694117647059,63,40,7,18,85,631,346,285,60,110,521,7.69755942947702,8.07982658959537,7.23347368421053,7.59,7.59772727272727,7.71863723608445,6
"8",2012,1,7.70528455284553,123,7.97910447761194,7.37767857142857,7.375,7.40666666666667,7.74675925925926,67,56,16,15,108,754,413,341,76,125,629,7.69881962864722,8.06348668280872,7.25715542521994,7.54473684210526,7.5748,7.72346581875994,7
"9",2012,2,7.48352941176471,85,7.96363636363636,6.96829268292683,6,6.92857142857143,7.53333333333333,44,41,8,7,78,839,457,382,84,132,707,7.67700834326579,8.05387308533917,7.22615183246073,7.39761904761905,7.5405303030303,7.70248939179632,8
"10",2012,3,7.33210845070423,71,7.75942,6.91666666666667,7.47142857142857,7.25,7.33701044776119,35,36,7,4,67,910,492,418,91,136,774,7.65009857142857,8.03292621951219,7.1994976076555,7.4032967032967,7.53198529411765,7.6708523255814,9
"11",2012,4,7.68452380952381,84,8.056,7.13823529411765,7.19,7.57647058823529,7.71194029850746,50,34,10,17,67,994,542,452,101,153,841,7.65300774647887,8.03505479704797,7.19488938053097,7.38217821782178,7.53692810457516,7.67412568370987,10
"12",2012,5,7.53194444444444,72,7.90243902439024,7.04193548387097,7.64285714285714,7.60833333333333,7.51666666666667,41,31,7,12,60,1066,583,483,108,165,901,7.6448308630394,8.02572847341338,7.18507246376812,7.39907407407407,7.54212121212121,7.66364006659268,11
"13",2012,6,7.75733333333333,75,7.99,7.49142857142857,7.89285714285714,7.97142857142857,7.70819672131148,40,35,14,14,61,1141,623,518,122,179,962,7.65222585451359,8.02343451043339,7.2057722007722,7.45573770491803,7.57569832402234,7.66646538461539,12
"14",2012,7,7.725,84,8.1,7.2,7.8125,7.41428571428571,7.78714285714286,49,35,8,14,70,1225,672,553,130,193,1032,7.65721608163265,8.02901741071429,7.2054068716094,7.47769230769231,7.5639896373057,7.67465087209302,13
"15",2012,8,7.4222972972973,74,7.78205128205128,7.02142857142857,7.75,8,7.38928571428571,39,35,6,4,70,1299,711,588,136,197,1102,7.64383348729792,8.01547074542897,7.19445578231293,7.48970588235294,7.57284263959391,7.65652422867514,14
"16",2012,9,7.48208955223881,67,7.94054054054054,6.91666666666667,7.75,7.1,7.54912280701754,37,30,6,10,57,1366,748,618,142,207,1159,7.63590021961933,8.01176430481283,7.18097087378641,7.50070422535211,7.55,7.65124219154444,15
"17",2012,10,7.25949367088608,79,7.70833333333333,6.56451612903226,6.77777777777778,6.78571428571429,7.36153846153846,48,31,9,14,65,1445,796,649,151,221,1224,7.6153215916955,7.99346695979899,7.15152542372881,7.45761589403973,7.50158371040724,7.63585759803922,16
"18",2012,11,7.42258064516129,93,7.89901960784314,6.84404761904762,7.25,7.34375,7.43896103896104,51,42,7,16,77,1538,847,691,158,237,1301,7.60366690507152,7.9877800472255,7.13283646888567,7.44841772151899,7.49092827004219,7.62420422751729,17
"19",2012,12,7.4866,100,7.86825396825397,6.83675675675676,7.2,7.7,7.47536842105263,63,37,5,5,95,1638,910,728,163,242,1396,7.59651996336996,7.97950516483516,7.11778846153846,7.44079754601227,7.4952479338843,7.61407571633238,18
"20",2013,1,7.44958333333333,120,7.82578125,7.01964285714286,7.35,7.04,7.48681818181818,64,56,10,10,110,1758,974,784,173,252,1506,7.5864901592719,7.96940420944559,7.11077806122449,7.43554913294798,7.47718253968254,7.60478067729084,19
"21",2013,2,7.32289156626506,83,7.92888888888889,6.60526315789474,6.2,7.5,7.2986301369863,45,38,10,10,73,1841,1019,822,183,262,1579,7.57460602933188,7.96761501472031,7.08740875912409,7.36803278688525,7.4780534351145,7.59062678910703,20
"22",2013,3,7.53488372093023,86,7.9936170212766,6.98205128205128,7.21428571428571,6.875,7.6025641025641,47,39,7,8,78,1927,1066,861,190,270,1657,7.57283326414115,7.96876144465291,7.08263646922184,7.36236842105263,7.46018518518518,7.59118871454436,21
"23",2013,4,7.41052631578947,95,7.60344827586207,7.10810810810811,6.7,6.77777777777778,7.47674418604651,58,37,5,9,86,2022,1124,898,195,279,1743,7.56520756676558,7.94991076512456,7.0836859688196,7.34538461538461,7.43817204301075,7.58554199655766,22
"24",2013,5,7.24239130434783,92,7.74404761904762,6.821,6.63333333333333,6.33928571428571,7.40448717948718,42,50,15,14,78,2114,1166,948,210,293,1821,7.55115879848628,7.94249545454546,7.06983122362869,7.29452380952381,7.38566552901024,7.57778676551345,23
"25",2013,6,7.40548780487805,82,7.78571428571429,7.00625,7.0625,6.78928571428571,7.53235294117647,42,40,12,14,68,2196,1208,988,222,307,1889,7.54571935336976,7.93704445364239,7.06725708502024,7.28198198198198,7.35846905537459,7.57615124404447,24
"26",2013,7,7.21867469879518,83,7.55217391304348,6.80405405405405,6.72857142857143,6.18181818181818,7.37708333333333,46,37,7,11,72,2279,1254,1025,229,318,1961,7.53380855638438,7.92292639553429,7.05775609756098,7.2650655021834,7.31776729559749,7.56884227434982,25
"27",2013,8,7.47473684210526,95,7.84150943396226,7.01190476190476,7,7.3,7.5,53,42,9,12,83,2374,1307,1067,238,330,2044,7.53144469250211,7.91962486610559,7.05595126522962,7.25504201680672,7.31712121212121,7.56604681996086,26
"28",2013,9,7.54204545454545,88,7.64464285714286,7.3625,7.75,7.06666666666667,7.59620253164557,56,32,6,9,79,2462,1363,1099,244,339,2123,7.53182359870024,7.90832699926633,7.06487716105551,7.2672131147541,7.31047197640118,7.56716895902025,27
"29",2013,10,7.4933734939759,83,7.84021739130435,7.06216216216216,7.05555555555556,7.41666666666667,7.49935064935065,46,37,9,6,77,2545,1409,1136,253,345,2200,7.53056962671906,7.9061034066714,7.06478873239437,7.2596837944664,7.31231884057971,7.56479531818182,28
"30",2013,11,7.20309278350515,97,7.618,6.76170212765957,6.42857142857143,5.625,7.34494382022472,50,47,7,8,89,2642,1459,1183,260,353,2289,7.51854644208933,7.89623008910212,7.05274725274725,7.23730769230769,7.27407932011331,7.55624713848842,29
"31",2013,12,7.27735849056604,106,7.48135593220339,7.02127659574468,6.5,7.53157894736842,7.22183908045977,59,47,9,19,87,2748,1518,1230,269,372,2376,7.50924297671034,7.88010520421607,7.05154471544716,7.21263940520446,7.2872311827957,7.5440023989899,30
"32",2014,1,7.47068376068376,117,7.644375,7.09513513513514,7.29166666666667,7.49,7.4678431372549,80,37,12,15,102,2865,1598,1267,281,387,2478,7.50766830715532,7.86830394242804,7.05281767955801,7.21601423487544,7.29509043927649,7.54086751412429,31
"33",2014,2,7.3859756097561,82,7.77159090909091,6.93947368421053,7.5,7.6,7.35625,44,38,8,10,72,2947,1642,1305,289,397,2550,7.50428221920597,7.86571236297199,7.04951724137931,7.22387543252595,7.30277078085642,7.53565478431373,32
"34",2014,3,7.09702380952381,84,7.56794871794872,6.68888888888889,6.84615384615385,7.25,7.08092105263158,39,45,13,8,76,3031,1681,1350,302,405,2626,7.49299561200924,7.85880410469958,7.0374962962963,7.20761589403973,7.30172839506173,7.52249417364813,33
"35",2014,4,7.31392405063291,79,7.71125,6.90641025641026,6.85714285714286,7.46,7.29275362318841,40,39,7,10,69,3110,1721,1389,309,415,2695,7.4884468488746,7.85537460778617,7.03381569474442,7.19967637540453,7.3055421686747,7.51661213358071,34
"36",2014,5,7.22916666666667,84,7.73780487804878,6.74418604651163,6.81818181818182,7.27272727272727,7.22260273972603,41,43,11,11,73,3194,1762,1432,320,426,2768,7.48162795867251,7.85263887627696,7.0251187150838,7.1865625,7.30469483568075,7.50885827312139,35
"37",2014,6,7.23428571428571,35,7.14047619047619,7.375,7.04166666666667,7.05,7.265,21,14,6,5,30,3229,1783,1446,326,431,2798,7.47894694951998,7.84425109366237,7.02850622406639,7.18389570552147,7.30174013921114,7.50624363831308,36
"38",2014,7,7.32236842105263,76,7.62857142857143,6.94411764705882,6.37142857142857,7.17857142857143,7.33695652173913,42,34,7,7,69,3305,1825,1480,333,438,2867,7.47534635400908,7.83928750684932,7.02656756756757,7.16681681681682,7.29977168949772,7.50216941053366,37
"39",2014,8,7.4647619047619,84,7.4851724137931,7.41923076923077,6.85,7.074,7.51756756756757,58,26,8,10,74,3389,1883,1506,341,448,2941,7.47508400708174,7.82838008497079,7.03334661354582,7.15938416422287,7.29473214285714,7.50255685141109,38
"40",2014,9,7.1640625,64,7.48611111111111,6.75,7.2,6.625,7.2,36,28,6,4,60,3453,1919,1534,347,452,3001,7.46931934549667,7.8219591974987,7.02817470664928,7.16008645533141,7.28880530973451,7.49650773075642,39
"41",2014,10,7.30253164556962,79,7.736,6.5551724137931,5.58333333333333,7.71111111111111,7.25,50,29,6,9,70,3532,1969,1563,353,461,3071,7.46558881653454,7.81977638395124,7.01939859245042,7.13328611898017,7.29704989154013,7.49088886356236,40
"42",2014,11,7.23978494623656,93,7.559375,6.89888888888889,7.35714285714286,7.29545454545455,7.23231707317073,48,45,7,11,82,3625,2017,1608,360,472,3153,7.45979577931035,7.81357942488845,7.01602611940299,7.13763888888889,7.29701271186441,7.48416419283222,41
"43",2014,12,7.053125,96,7.57142857142857,6.51276595744681,7.04166666666667,6.55555555555556,7.10459770114943,49,47,12,9,87,3721,2066,1655,372,481,3240,7.44930386992744,7.8078362536302,7.00173413897281,7.13454301075269,7.28313929313929,7.47397212962963,42
"44",2015,1,7.17,110,7.35789473684211,6.96792452830189,7.11538461538461,7.36363636363636,7.14848484848485,57,53,13,11,99,3831,2123,1708,385,492,3339,7.4412841816758,7.79575586434291,7.0006850117096,7.1338961038961,7.28493902439024,7.46432156334232,43
"45",2015,2,7.34675324675325,77,7.87435897435897,6.80526315789474,7.25,7.48,7.3375,39,38,8,5,72,3908,2162,1746,393,497,3411,7.4394216223132,7.79717377428307,6.99643184421535,7.13625954198473,7.2869014084507,7.46164459102902,44
"46",2015,3,7.20121951219512,82,7.51428571428571,6.73636363636364,6.71666666666667,6.94285714285714,7.22533333333333,49,33,6,7,75,3990,2211,1779,399,504,3486,7.4345262406015,7.79090443238354,6.99160764474424,7.12994987468672,7.28212301587302,7.45656044176707,45
"47",2015,4,7.48705882352941,85,7.71071428571429,7.0551724137931,7.875,7.6125,7.47402597402597,56,29,4,8,77,4075,2267,1808,403,512,3563,7.43562201226994,7.78892355535951,6.99262721238938,7.13734491315136,7.28728515625,7.45693788941903,46
"48",2015,5,7.275,72,7.73720930232558,6.58965517241379,6,5.83333333333333,7.40606060606061,43,29,7,6,66,4147,2310,1837,410,518,3629,7.43283330118158,7.78796090909091,6.98626565051715,7.11792682926829,7.27044401544401,7.45601259300083,47
"49",2015,6,7.30903614457831,83,7.71224489795918,6.72794117647059,5.65,6.42083333333333,7.45915492957746,49,34,10,12,71,4230,2359,1871,420,530,3700,7.43040418439717,7.78638817295464,6.98157135221807,7.08297619047619,7.25120754716981,7.45607289189189,48
"50",2015,7,7.14277108433735,83,7.65238095238095,6.62073170731707,5.59375,6.63636363636364,7.22013888888889,42,41,8,11,72,4313,2401,1912,428,541,3772,7.42486893113842,7.78404402332362,6.97383368200837,7.05514018691589,7.23870609981516,7.45156937963945,49
"51",2015,8,7.26826530612245,98,7.62852459016393,6.67432432432432,6.25,7.19444444444444,7.27573033707865,61,37,10,9,89,4411,2462,1949,438,550,3861,7.42138963953752,7.78019077985378,6.9681477680862,7.03675799086758,7.23798181818182,7.44751610981611,50
"52",2015,9,7.22539682539683,63,7.15322580645161,7.2953125,7.32727272727273,7.5,7.19649122807018,31,32,11,6,57,4474,2493,1981,449,556,3918,7.41862979436746,7.77239458483755,6.97343260979304,7.04387527839644,7.24080935251799,7.44386413986728,51
"53",2015,10,7.09873417721519,79,7.68,6.63636363636364,6.86666666666667,7.11111111111111,7.09714285714286,35,44,15,9,70,4553,2528,2025,464,565,3988,7.41307922249067,7.77111538765823,6.96610864197531,7.03814655172414,7.23874336283186,7.43777825977934,52
"54",2015,11,7.24127906976744,86,7.60714285714286,6.75675675675676,6.4,8,7.184375,49,37,16,6,80,4639,2577,2062,480,571,4068,7.40989430911835,7.76799755529686,6.96235208535403,7.016875,7.24674255691769,7.43279491150443,53
"55",2015,12,7.51595744680851,94,7.95614035087719,6.83783783783784,6.55,7.18181818181818,7.56024096385542,57,37,15,11,83,4733,2634,2099,495,582,4151,7.41200078174519,7.77206898253607,6.96015721772273,7.00272727272727,7.24551546391752,7.43534321850157,54
"56",2016,1,7.10783582089552,134,7.6027397260274,6.5155737704918,6.34210526315789,7.79375,7.06428571428571,73,61,19,8,126,4867,2707,2160,514,590,4277,7.40362640230121,7.76750265977096,6.94760185185186,6.97830739299611,7.25294915254237,7.42441190086509,55
"57",2016,2,7.24315068493151,73,7.52325581395349,6.84166666666667,6.5,7.14285714285714,7.25378787878788,43,30,7,7,66,4940,2750,2190,521,597,4343,7.401255,7.76368352727273,6.94615068493151,6.97188099808061,7.25165829145729,7.42181895003454,56
"58",2016,3,7.51428571428571,84,7.67551020408163,7.28857142857143,5.66666666666667,7.04285714285714,7.60857142857143,49,35,3,14,70,5024,2799,2225,524,611,4413,7.40314484474522,7.76213994283673,6.95153707865169,6.96440839694657,7.24687397708674,7.42478125991389,57
"59",2016,4,7.276875,80,7.575,6.8296875,6.75,7.78571428571429,7.22808219178082,48,32,10,7,73,5104,2847,2257,534,618,4486,7.40116569357367,7.75898479100808,6.94980948161276,6.96039325842697,7.25297734627832,7.42158040570664,58
"60",2016,5,7.15315789473684,95,7.59464285714286,6.51923076923077,6.5,6.2,7.26529411764706,56,39,7,10,85,5199,2903,2296,541,628,4571,7.39663391036738,7.75581457113331,6.94249564459931,6.95443622920518,7.2362101910828,7.41867418507985,59
"61",2016,6,7.17307692307692,65,7.26704545454545,6.97619047619048,6.7,7.08333333333333,7.18220338983051,44,21,5,6,59,5264,2947,2317,546,634,4630,7.39387342325228,7.74851703427214,6.94280103582219,6.95210622710623,7.23476340694006,7.41566084233261,60
"62",2016,7,7.16493506493507,77,7.69767441860465,6.49117647058824,6.55,7.45,7.11230769230769,43,34,10,12,65,5341,2990,2351,556,646,4695,7.39057287024902,7.74778585284281,6.9362696724798,6.94487410071942,7.23876160990712,7.41146106496273,61
"63",2016,8,7.44691358024691,81,7.514,7.33870967741935,7.03846153846154,7.61111111111111,7.42638888888889,50,31,13,9,72,5422,3040,2382,569,655,4767,7.39141455182589,7.74394069078947,6.94150713685979,6.94701230228471,7.24387786259542,7.41168653241032,62
"64",2016,9,7.11010638297872,94,7.47454545454545,6.59615384615385,7,6.94444444444444,7.12764705882353,55,39,8,9,85,5516,3095,2421,577,664,4852,7.38662068527919,7.73915337641357,6.93594382486576,6.94774696707106,7.23981927710843,7.4067105729596,63
"65",2016,10,7.24177215189873,79,7.5804347826087,6.76969696969697,6.91428571428571,7.5,7.22432432432432,46,33,7,5,74,5595,3141,2454,584,669,4926,7.38457546023235,7.73682893982808,6.93370823145885,6.94734589041096,7.24176382660688,7.40397070645554,64
"66",2016,11,7.18553719008264,121,7.49130434782609,6.77980769230769,6.51315789473684,6.60416666666667,7.24954128440367,69,52,19,12,109,5716,3210,2506,603,681,5035,7.38036208887334,7.73155130841121,6.93051476456505,6.93366500829187,7.23052863436123,7.40062754716981,65
"67",2016,12,6.8833734939759,83,7.5504347826087,6.05405405405405,5.63636363636364,6.65384615384615,6.926,46,37,11,13,70,5799,3256,2543,614,694,5105,7.37324878427315,7.72899253685504,6.91776248525364,6.91042345276873,7.21972622478386,7.39411943192948,66
"68",2017,1,7.06910569105691,123,7.33,6.58372093023256,6.89230769230769,7.0125,7.07757009345794,80,43,13,16,107,5922,3336,2586,627,710,5212,7.36693172914556,7.7194243705036,6.91220804331013,6.91004784688995,7.21505633802817,7.38762081734459,67
"69",2017,2,7.2421568627451,102,7.50161290322581,6.84,6.98,7.38181818181818,7.22527472527473,62,40,10,11,91,6024,3398,2626,637,721,5303,7.36481900730412,7.71545017657446,6.91110814927647,6.91114599686028,7.21760055478502,7.38483494248539,68
"70",2017,3,7.17741935483871,93,7.50338983050847,6.61176470588235,6.31818181818182,7.5,7.1551724137931,59,34,11,6,87,6117,3457,2660,648,727,5390,7.36196987085172,7.71183098061903,6.90728195488722,6.90108024691358,7.21993122420908,7.38112795918367,69
"71",2017,4,7.08910891089109,101,7.5051724137931,6.52790697674419,6.81818181818182,6.85714285714286,7.1063829787234,58,43,11,7,94,6218,3515,2703,659,734,5484,7.35753774525571,7.70842096728307,6.90124676285609,6.89969650986343,7.21647138964578,7.37641861779723,70
"72",2017,5,7.00625,80,7.09047619047619,6.91315789473684,6.91666666666667,6.75714285714286,7.05909090909091,42,38,12,14,66,6298,3557,2741,671,748,5550,7.35307553191489,7.70112445881361,6.90141189346954,6.9,7.2078743315508,7.37264499099099,71
"73",2017,6,7.09864864864865,74,7.5195652173913,6.40714285714286,6.39,7.25,7.09,46,28,10,4,70,6372,3603,2769,681,752,5620,7.35012079409918,7.69880646683319,6.89641386782232,6.89251101321586,7.20809840425532,7.36912450177936,72
"74",2017,7,7.34565217391304,69,7.4,7.28970588235294,6.6875,6.14285714285714,7.48145161290323,35,34,8,7,62,6441,3638,2803,689,759,5682,7.35007292345909,7.6959317482133,6.90118444523725,6.89013062409289,7.19827404479578,7.37035017599437,73
"75",2017,8,7.15831325301205,83,7.54770833333333,6.62428571428571,6.37777777777778,7.65,7.09095890410959,48,35,9,10,73,6524,3686,2838,698,769,5755,7.34763330778663,7.69400154639175,6.89776955602537,6.88352435530086,7.20414824447334,7.36680620330148,74
"76",2017,9,7.47439024390244,82,7.90625,6.86470588235294,6.93846153846154,7.43333333333333,7.47945205479452,48,34,13,9,73,6606,3734,2872,711,778,5828,7.34920673630033,7.69672996786288,6.89737813370474,6.8845288326301,7.20679948586118,7.3682171757035,75
"77",2017,10,7.08103448275862,87,7.4051724137931,6.43275862068965,6.015,7.02142857142857,7.08625,58,29,10,7,80,6693,3792,2901,721,785,5908,7.34572085761243,7.69227049050633,6.89273354015857,6.87246879334258,7.20514649681529,7.3643990690589,76
"78",2017,11,7.07363636363636,110,7.48333333333333,6.45909090909091,6.38823529411765,6.65714285714286,7.10194174757282,66,44,17,7,103,6803,3858,2945,738,792,6011,7.3413214317213,7.68869613789528,6.88625466893039,6.86131436314363,7.20030303030303,7.35990179670604,77
"79",2017,12,6.9432183908046,87,7.47021276595745,6.324,5.6875,7.5,6.90197530864198,47,40,8,6,81,6890,3905,2985,746,798,6092,7.33629458635704,7.68606650448143,6.8787202680067,6.84872654155496,7.20255639097744,7.35381314839133,78
"80",2018,1,6.87357723577236,123,7.14057971014493,6.53240740740741,6.19444444444444,7.04545454545455,6.85669642857143,69,54,18,11,112,7013,3974,3039,764,809,6204,7.32817905318694,7.67659529441369,6.87256663376111,6.83331151832461,7.20042027194067,7.3448387653127,79
"81",2018,2,7.0546875,64,7.46029411764706,6.595,6.4125,6.6,7.09322033898305,34,30,8,5,59,7077,4008,3069,772,814,6263,7.32570576515473,7.67476040419162,6.86985337243402,6.82895077720207,7.19673218673219,7.3424684176912,80
"82",2018,3,7.28479171875,64,7.54126135135135,6.93333333333333,7.25,7.4625,7.25940482142857,37,27,8,8,56,7141,4045,3096,780,822,6319,7.32533907996079,7.67353927564895,6.87040697674419,6.83326923076923,7.19931873479319,7.34173229466688,81
"83",2018,4,6.98258211267606,71,7.56792783783784,6.34558823529412,6.37916666666667,7.21666666666667,6.96097430769231,37,34,12,6,65,7212,4082,3130,792,828,6384,7.32196473932335,7.67258199412053,6.86470607028754,6.82638888888889,7.19944444444444,7.33785552944862,82
"84",2018,5,7.09705882352941,68,7.38863636363636,6.5625,6.31818181818182,6.6,7.18275862068965,44,24,11,10,58,7280,4126,3154,803,838,6442,7.31986396978022,7.66955397479399,6.86240646797717,6.81942714819427,7.19229116945107,7.33645912760012,83
"85",2018,6,6.70051724137931,58,7.27916666666667,6.29205882352941,7.08888888888889,6.95,6.67173076923077,24,34,9,6,52,7338,4150,3188,812,844,6494,7.31496861542655,7.66729631325301,6.85632371392723,6.82241379310345,7.19056872037915,7.33113638743455,84
"86",2018,7,7.22109090909091,55,7.96068965517241,6.39615384615385,6.43,6.875,7.24823529411765,29,26,10,4,51,7393,4179,3214,822,848,6545,7.31427021506831,7.66933230437904,6.85260112009957,6.8176399026764,7.18908018867924,7.33049040488923,85
"87",2018,8,7.1453125,64,7.345,6.8125,6.825,6.16666666666667,7.24655172413793,40,24,4,6,58,7457,4219,3238,826,854,6603,7.3128201287381,7.66625733586158,6.85230389129092,6.81767554479419,7.18189695550351,7.32975309707709,86
"88",2018,9,7.12545454545455,55,7.53461538461538,6.75862068965517,6.5,6.925,7.14117647058824,26,29,8,4,51,7512,4245,3267,834,858,6654,7.31144830937167,7.66545104829211,6.85147229874503,6.81462829736211,7.1806993006993,7.32830773970544,87
"89",2018,10,7.015,60,7.21875,6.78214285714286,6.78333333333333,6.33333333333333,7.05087719298246,32,28,12,3,57,7572,4277,3295,846,861,6711,7.30909927363973,7.66210888473229,6.85088315629742,6.81418439716312,7.17774680603949,7.32595137833408,88
"90",2018,11,6.83164383561644,73,7.43052631578947,6.18142857142857,6.40416666666667,5.925,6.97555555555556,38,35,12,10,63,7645,4315,3330,858,871,6774,7.30454018312623,7.66006945538818,6.84384684684685,6.80844988344988,7.16336394948335,7.3226926040744,89
"91",2018,12,7.41312903225806,62,7.62361111111111,7.12169230769231,6.6,7.33333333333333,7.42167857142857,36,26,5,6,56,7707,4351,3356,863,877,6830,7.30541374075516,7.65976780050563,6.84599940405245,6.80724217844728,7.1645267958951,7.32350420204978,90
"92",2019,1,7.12252525252525,99,7.52982456140351,6.56976190476191,6.4625,7.875,7.05637362637363,57,42,16,8,91,7806,4408,3398,879,885,6921,7.30309424801435,7.6580875,6.84258505002943,6.8009670079636,7.17094915254237,7.31999186533738,91
"93",2019,2,7.06846153846154,65,7.27083333333333,6.81724137931035,6.9375,6.5,7.15982142857143,36,29,8,9,56,7871,4444,3427,887,894,6977,7.30115661288273,7.65495042754275,6.84237058651882,6.802198421646,7.16419463087248,7.31870627776981,92
"94",2019,3,7.22515151515152,66,7.49675675675676,6.87862068965517,7.14285714285714,7.5,7.2165625,37,29,7,2,64,7937,4481,3456,894,896,7041,7.30052459367519,7.65364420888195,6.84267476851852,6.80486577181208,7.16494419642857,7.31777782985371,93
"95",2019,4,7.19491525423729,59,7.5,6.80769230769231,7.5,6.65,7.30612244897959,33,26,5,10,49,7996,4514,3482,899,906,7090,7.29974533516758,7.6525209791759,6.84241355542792,6.8087319243604,7.15926048565121,7.31769727785613,94
"96",2019,5,6.84,50,7.156,6.524,6.26,7,6.81395348837209,25,25,10,7,43,8046,4539,3507,909,913,7133,7.29688835446184,7.64978623044723,6.84014371257485,6.80269526952695,7.15803943044907,7.31466054955839,95
"97",2019,6,7.01393442622951,61,7.32361111111111,6.568,6.16666666666667,6.64285714285714,7.06203703703704,36,25,9,7,54,8107,4575,3532,918,920,7187,7.29475930677193,7.64721960655738,6.8382174405436,6.79645969498911,7.15411956521739,7.31276244608321,96
"98",2019,7,7.2269445,60,7.14074083333333,7.35625,6.66666666666667,6.4,7.30212127272727,36,24,6,5,55,8167,4611,3556,924,925,7242,7.29426109587364,7.64326531554977,6.84171372328459,6.79561688311688,7.15004324324324,7.31268163076498,97
"99",2019,8,7.21988095238095,84,7.41293103448276,6.78923076923077,6.52,8,7.180875,58,26,5,4,80,8251,4669,3582,929,929,7322,7.29350386256211,7.64040402013279,6.84133277498604,6.79413347685684,7.15370290635091,7.31124151461349,98
"100",2019,9,7.03032786885246,61,7.325,6.78030303030303,6.6,7.5,6.99736842105263,28,33,10,4,57,8312,4697,3615,939,933,7379,7.291572469923,7.63852381733021,6.84077565698479,6.79206602768903,7.15518756698821,7.30881696300312,99
"101",2019,10,6.86380952380952,63,7.24648648648649,6.31923076923077,6,7,6.85206896551724,37,26,9,5,58,8375,4734,3641,948,938,7437,7.28835467104478,7.63545973172793,6.83705135951662,6.78454641350211,7.15436034115138,7.3052548567971,100
"102",2019,11,7.44545454545455,66,7.64130434782609,6.995,6.28571428571429,7.66666666666667,7.42333333333333,46,20,7,6,60,8441,4780,3661,955,944,7497,7.28958303163132,7.63551597698745,6.8379142310844,6.78089005235602,7.15761652542373,7.30619986261171,101
"103",2019,12,7.09264705882353,68,7.3953488372093,6.572,7.25,7.86666666666667,7.05692307692308,43,25,4,3,65,8509,4823,3686,959,947,7562,7.28800921024797,7.63337473978851,6.83611068909387,6.78284671532847,7.15986272439282,7.30405717667284,102
"104",2020,1,7.12220389473684,95,7.469,6.73687488888889,6.71666666666667,7.42857142857143,7.09783375,50,45,15,7,88,8604,4873,3731,974,954,7650,7.28617849139935,7.63168815308845,6.83491379522916,6.78182751540041,7.16183438155136,7.30168493333333,103
"105",2020,2,7.27342465753425,73,7.628,6.70357142857143,6.2,6.5,7.30657142857143,45,28,5,3,70,8677,4918,3759,979,957,7720,7.28607119280857,7.63165440626271,6.83393545357808,6.77885597548519,7.15975966562173,7.30172924093264,104
"106",2020,3,7.24722222222222,72,7.59795918367347,6.5,6.375,7.75,7.20151515151515,49,23,12,6,66,8749,4967,3782,991,963,7786,7.28575148474111,7.63132199919469,6.83190464569011,6.77396569122099,7.16343717549325,7.30087975083483,105
"107",2020,4,7.12764362068966,58,7.32161606060606,6.8716,6.73222222222222,7.9,7.08551509090909,33,25,9,3,55,8807,5000,3807,1000,966,7841,7.28471023844669,7.62927794,6.83216531914894,6.77359,7.16572463768116,7.29936909450325,106
"108",2020,5,7.13883603174603,63,7.37380952380952,6.66888904761905,6.07142857142857,8.07142857142857,7.02226196428571,42,21,7,7,56,8870,5042,3828,1007,973,7897,7.28367415332582,7.6271498809996,6.83126960292581,6.7687090367428,7.17224049331963,7.29740404457389,107
"109",2020,6,7.33285714285714,56,7.59589743589744,6.72941176470588,6.875,7.7,7.30461538461538,39,17,4,4,52,8926,5081,3845,1011,977,7949,7.28398271790276,7.62690999803188,6.83081925617686,6.76912957467854,7.17440122824974,7.29745121902126,108
"110",2020,7,6.71276595744681,47,7.16296296296296,6.105,6.96666666666667,6.74285714285714,6.7075,27,20,6,7,40,8973,5108,3865,1017,984,7989,7.28099072105204,7.62445765465936,6.82706339974127,6.77029498525074,7.17133130081301,7.29449740142696,109
"111",2020,8,6.95294117647059,51,7.37826086956522,6.60357142857143,6.69,7,6.94782608695652,23,28,10,5,46,9024,5131,3893,1027,989,8035,7.27913671764184,7.62335406353537,6.82545595684562,6.76951314508277,7.17046511627907,7.29251272433105,110
"112",2020,9,7.47627118644068,59,7.87631578947368,6.75238095238095,6.5,7.46363636363636,7.47916666666667,38,21,5,11,48,9083,5169,3914,1032,1000,8083,7.28041723439392,7.62521371638615,6.82506388349515,6.76820736434109,7.17369,7.29362114808858,111
"113",2020,10,7.08532157894737,57,7.4176040625,6.66,7,7.25,7.07933327272727,32,25,8,2,55,9140,5201,3939,1040,1002,8138,7.2792005547046,7.62393636416074,6.82401625793349,6.76999038461539,7.17384231536926,7.29217290120423,112
"114",2020,11,7.14583333333333,84,7.5804347826087,6.61973684210526,6.60416666666667,6.75,7.165625,46,38,12,4,80,9224,5247,3977,1052,1006,8218,7.27798602233305,7.62355498951782,6.82206438018607,6.76809885931559,7.17215705765407,7.29094099172548,113
"115",2020,12,7.27094594594595,74,7.58375,6.90294117647059,6.25,6.7,7.34015151515151,40,34,8,8,66,9298,5287,4011,1060,1014,8284,7.2779299924715,7.62325383582372,6.82274994764398,6.76418867924528,7.16843195266272,7.29133306011588,114
"116",2021,1,6.92311827956989,93,6.87019230769231,6.99024390243902,6.41538461538462,7.25,6.89235294117647,52,41,13,8,85,9391,5339,4052,1073,1022,8369,7.27441625705463,7.61591927889118,6.82444472852912,6.75996272134203,7.16907045009785,7.28728080654797,115
"117",2021,2,6.95352941176471,68,7.32205128205128,6.45793103448276,5.44666666666667,6.72857142857143,6.97934426229508,39,29,6,7,61,9459,5378,4081,1079,1029,8430,7.27210942700074,7.61378821680922,6.82184024503798,6.75265987025023,7.16607385811467,7.28505255871886,116
"118",2021,3,7.2547619047619,42,7.61666666666667,6.77222222222222,7.13333333333333,7.75,7.20263157894737,24,18,3,4,38,9501,5402,4099,1082,1033,8468,7.27203274076413,7.61380100518326,6.82162235667236,6.75371534195934,7.16833494675702,7.28468269603212,117
"119",2021,4,7.0624445,60,7.42438605263158,6.43727272727273,6.16666666666667,7.14285714285714,7.05182396226415,38,22,9,7,53,9561,5440,4121,1091,1040,8521,7.27071747097584,7.61247788602941,6.81957050230527,6.7488725939505,7.16816346153846,7.28323433165121,118
"120",2021,5,7.14492431818182,44,7.246795,6.99777777777778,6.5,7.33333333333333,7.13113829268293,26,18,6,3,41,9605,5466,4139,1097,1043,8562,7.27014121915669,7.61073845042078,6.82034550374487,6.74751139471285,7.16863854266539,7.28250600443821,119
"121",2021,6,7.0780487804878,41,7.36666666666667,6.775,6.5625,6.5,7.10769230769231,21,20,8,2,39,9646,5487,4159,1105,1045,8601,7.26932473667842,7.60980433205759,6.82012744409714,6.74617194570136,7.16735885167464,7.2817133368213,120
"122",2021,7,6.9355,40,7.34888888888889,6.07692307692308,6.66666666666667,6.5,7.01235294117647,27,13,6,6,34,9686,5514,4172,1111,1051,8635,7.26794615011357,7.60852672651432,6.81781161073826,6.74574257425743,7.16354900095148,7.28065274001158,121
"123",2021,8,7.25267980392157,51,7.59960794117647,6.55882352941176,6.4,6.395,7.32567382978723,34,17,5,4,47,9737,5548,4189,1116,1055,8682,7.26786618876451,7.60847206921413,6.8167605729291,6.7441935483871,7.16063507109005,7.28089646164478,122
"124",2021,9,6.68643672413793,58,6.8194790625,6.52269230769231,6,5,6.81135796296296,32,26,6,4,54,9795,5580,4215,1122,1059,8736,7.26442331904033,7.6039473781362,6.814946628707,6.74021390374332,7.15247403210576,7.27799409455128,123
"125",2021,10,7.32111111111111,45,7.39375,7.23809523809524,6.66666666666667,7.6,7.29390243902439,24,21,6,4,41,9840,5604,4236,1128,1063,8777,7.26468256199187,7.60304717523197,6.81704439093485,6.73982269503546,7.15415804327375,7.27806840720064,124
"126",2021,11,6.60622641509434,53,6.65464285714286,6.552,6.5,7,6.59078431372549,28,25,8,2,51,9893,5632,4261,1136,1065,8828,7.26115499949459,7.59833209694602,6.81548933114293,6.7381338028169,7.15386854460094,7.27409791685546,125
"127",2021,12,6.75636363636364,66,7.13513513513514,6.27310344827586,5.8,6.21428571428571,6.82067796610169,37,29,10,7,59,9959,5669,4290,1146,1072,8887,7.25780966060849,7.59530893808432,6.81182285314685,6.72994764397906,7.14773320895522,7.27108770226173,126
"128",2022,1,7.21187254901961,102,7.43545588235294,6.76470588235294,6.52222222222222,7.32,7.20011956521739,68,34,9,10,92,10061,5737,4324,1155,1082,8979,7.25734394294802,7.59341421823252,6.81145236817761,6.72832900432901,7.14932532347505,7.27036055351375,127
"129",2022,2,6.93695242857143,70,7.1017334,6.525,6.9,7.00888888888889,6.92633885245902,50,20,5,9,61,10131,5787,4344,1160,1091,9040,7.25513020234923,7.58916606877484,6.8101335267035,6.72906896551724,7.14816681943171,7.26803916814159,128
"130",2022,3,7.0275,48,7.05259259259259,6.9952380952381,6.83333333333333,7.86666666666667,6.97155555555556,27,21,6,3,45,10179,5814,4365,1166,1094,9085,7.25405679143334,7.58667424148606,6.81102406414662,6.72960548885077,7.15013711151737,7.2665706197028,129
"131",2022,4,7.22636363636364,55,7.47972972972973,6.70555555555556,6.98333333333333,7.34,7.215,37,18,6,5,50,10234,5851,4383,1172,1099,9135,7.25390796169631,7.58599795590497,6.81059092858773,6.73090443686007,7.15100090991811,7.26628835030104,130
"132",2022,5,6.85740740740741,54,7.28965517241379,6.356,6.48333333333333,7.625,6.796,29,25,6,4,50,10288,5880,4408,1178,1103,9185,7.2518267962675,7.58453640136054,6.80801271324864,6.72964346349745,7.15271985494107,7.26372826129559,131
"133",2022,6,7.34444444444444,36,7.62173913043478,6.85384615384615,6.5,7,7.35428571428571,23,13,2,1,35,10324,5903,4421,1180,1104,9220,7.25214975590856,7.58468135524309,6.80814748699389,6.72925423728813,7.15258152173913,7.26407202603037,132
"134",2022,7,7.30487804878049,41,7.35714285714286,7.19230769230769,6.66666666666667,7.66666666666667,7.27631578947368,28,13,3,3,38,10365,5931,4434,1183,1107,9258,7.2523583289918,7.58360715562299,6.80927380243573,6.72909551986475,7.15397470641373,7.26412228127025,133
"135",2022,8,7.00862068965517,58,7.52702702702703,6.09523809523809,5.8,7.25,6.99074074074074,37,21,5,4,54,10423,5968,4455,1188,1111,9312,7.25100202245035,7.58325637399463,6.80590797755331,6.72518518518519,7.1543204320432,7.26253695017182,134
