"","year","month","avg_rating","no_ratings","avg_rating_owned","avg_rating_not_owned","avg_rating_prev_owned","avg_rating_comment","avg_rating_no_comment","no_ratings_owned","no_ratings_not_owned","no_ratings_prev_owned","no_ratings_comment","no_ratings_no_comment","cum_no_ratings","cum_no_ratings_owned","cum_no_ratings_not_owned","cum_no_ratings_prev_owned","cum_no_ratings_comment","cum_no_ratings_no_comment","cum_avg_rating","cum_avg_rating_owned","cum_avg_rating_not_owned","cum_avg_rating_prev_owned","cum_avg_rating_comment","cum_avg_rating_no_comment","month_after_release"
"1",2006,1,8.56666666666667,15,8.59090909090909,8.5,NA,8.58333333333333,8.5,11,4,0,12,3,15,11,4,0,12,3,8.56666666666667,8.59090909090909,8.5,NA,8.58333333333333,8.5,0
"2",2006,2,8.29047619047619,21,8.32105263157895,8,NA,8.40666666666667,8,19,2,0,15,6,36,30,6,0,27,9,8.40555555555556,8.42,8.33333333333333,NA,8.48518518518519,8.16666666666667,1
"3",2006,3,8.45,28,8.63,8,8.33333333333333,8.57692307692308,8.34,20,8,3,13,15,64,50,14,3,40,24,8.425,8.504,8.14285714285714,8.33333333333333,8.515,8.275,2
"4",2006,4,8.32083333333333,24,8.36842105263158,8.14,NA,8.11538461538461,8.56363636363636,19,5,0,13,11,88,69,19,3,53,35,8.39659090909091,8.46666666666667,8.14210526315789,8.33333333333333,8.41698113207547,8.36571428571429,3
"5",2006,5,7.971875,16,8.04583333333333,7.75,10,5.775,8.70416666666667,12,4,2,4,12,104,81,23,5,57,47,8.33125,8.40432098765432,8.07391304347826,9,8.23157894736842,8.45212765957447,4
"6",2006,6,8.02235294117647,17,8.06285714285714,7.83333333333333,NA,7.4,8.28166666666667,14,3,0,5,12,121,95,26,5,62,59,8.28785123966942,8.354,8.04615384615385,9,8.16451612903226,8.41745762711865,5
"7",2006,7,7.8125,16,8.5,6.66666666666667,9,7.16666666666667,8.2,10,6,1,6,10,137,105,32,6,68,69,8.23233576642336,8.36790476190476,7.7875,9,8.0764705882353,8.38594202898551,6
"8",2006,8,8.475,16,8.46153846153846,8.53333333333333,8.53333333333333,8.4,8.6,13,3,3,10,6,153,118,35,9,78,75,8.25771241830065,8.37822033898305,7.85142857142857,8.84444444444444,8.11794871794872,8.40306666666667,7
"9",2006,9,8.35294117647059,17,8.7,7.85714285714286,7.5,8.15,8.64285714285714,10,7,2,10,7,170,128,42,11,88,82,8.26723529411765,8.403359375,7.85238095238095,8.6,8.12159090909091,8.42353658536585,8
"10",2006,10,8.05263157894737,19,8.17647058823529,7,NA,8.31818181818182,7.6875,17,2,0,11,8,189,145,44,11,99,90,8.24566137566137,8.37675862068965,7.81363636363636,8.6,8.14343434343435,8.35811111111111,9
"11",2006,11,8.33333333333333,12,8.38888888888889,8.16666666666667,NA,8,8.4,9,3,0,2,10,201,154,47,11,101,100,8.25089552238806,8.37746753246753,7.83617021276596,8.6,8.14059405940594,8.3623,10
"12",2006,12,8.42666666666667,45,8.57105263157895,7.64285714285714,9,8.38,8.485,38,7,1,25,20,246,192,54,12,126,120,8.2830487804878,8.41578125,7.81111111111111,8.63333333333333,8.18809523809524,8.38275,11
"13",2007,1,8.27142857142857,56,8.55510204081633,6.28571428571429,7,7.9695652173913,8.48181818181818,49,7,1,23,33,302,241,61,13,149,153,8.2808940397351,8.44410788381743,7.63606557377049,8.50769230769231,8.15436241610738,8.40411764705882,12
"14",2007,2,8.33587478260869,46,8.5030303030303,7.91155692307692,7,8.17222222222222,8.44108,33,13,1,18,28,348,274,74,14,167,181,8.2881616091954,8.45120437956204,7.6844627027027,8.4,8.1562874251497,8.4098355801105,13
"15",2007,3,8.10698113207547,53,8.37421052631579,7.43,8,8.4625,7.89151515151515,38,15,1,20,33,401,312,89,15,187,214,8.26421506234414,8.44182692307692,7.64157573033708,8.37333333333333,8.18903743315508,8.3299076635514,14
"16",2007,4,8.5,44,8.75,6.91666666666667,8,8.775,8.27083333333333,38,6,1,20,24,445,350,95,16,207,238,8.28752862921348,8.47528571428571,7.595792,8.35,8.24565217391304,8.32395058823529,15
"17",2007,5,8.24571428571429,35,8.48461538461538,7.55555555555556,10,8.50769230769231,8.09090909090909,26,9,1,13,22,480,376,104,17,220,260,8.28447966666667,8.47593085106383,7.59231,8.44705882352941,8.26113636363636,8.30423169230769,16
"18",2007,6,8.60714285714286,42,8.85135135135135,6.8,NA,8.75,8.41666666666667,37,5,0,24,18,522,413,109,17,244,278,8.31044107279694,8.50956416464891,7.55596550458716,8.44705882352941,8.30922131147541,8.31151165467626,17
"19",2007,7,8.55714285714286,49,8.9421052631579,7.22727272727273,10,8.97647058823529,8.334375,38,11,1,17,32,571,451,120,18,261,310,8.33161162872154,8.5460088691796,7.52583533333333,8.53333333333333,8.35268199233717,8.31387174193548,18
"20",2007,8,8.19811320754717,53,8.55128205128205,7.21428571428571,7.66666666666667,8.35294117647059,8.125,39,14,3,17,36,624,490,134,21,278,346,8.32027282051282,8.54642857142857,7.49328537313433,8.40952380952381,8.35269784172662,8.29422034682081,19
"21",2007,9,8.54791666666667,48,8.66585365853659,7.85714285714286,NA,8.8125,8.28333333333333,41,7,0,24,24,672,531,141,21,302,370,8.3365330952381,8.55564971751413,7.51134921985816,8.40952380952381,8.38923841059603,8.29351416216216,20
"22",2007,10,8.26911764705882,68,8.67391304347826,7.42272727272727,6.66666666666667,8.21818181818182,8.29347826086956,46,22,3,22,46,740,577,163,24,324,416,8.33033816216216,8.56507798960139,7.49938797546012,8.19166666666667,8.37762345679012,8.29351019230769,21
"23",2007,11,8.48505263157895,95,8.82584615384615,7.74666666666667,8,8.47408163265306,8.49673913043478,65,30,3,49,46,835,642,193,27,373,462,8.34794040718563,8.59147975077882,7.53782507772021,8.17037037037037,8.39029490616622,8.31374510822511,22
"24",2007,12,8.14318181818182,88,8.68412698412698,6.78,8.5,8.13333333333333,8.15102040816327,63,25,2,39,49,923,705,218,29,412,511,8.32841846153846,8.59975886524823,7.45091853211009,8.19310344827586,8.36597087378641,8.29814136986301,23
"25",2008,1,8.39873417721519,79,8.828125,6.56666666666667,NA,8.63461538461539,8.28301886792453,64,15,0,26,53,1002,769,233,29,438,564,8.33396231536926,8.61876462938882,7.39399244635193,8.19310344827586,8.38191780821918,8.29672028368794,24
"26",2008,2,8.40983606557377,61,8.68627450980392,7,7,8.61111111111111,8.25,51,10,3,27,34,1063,820,243,32,465,598,8.33831631232361,8.62296341463415,7.3777787654321,8.08125,8.39522580645161,8.29406394648829,25
"27",2008,3,8.17708333333333,48,8.5,7.30769230769231,5.5,7.73076923076923,8.34285714285714,35,13,3,13,35,1111,855,256,35,478,633,8.33135035103511,8.6179298245614,7.3742196875,7.86,8.37715481171548,8.29676183254344,26
"28",2008,4,8.181,40,8.78666666666667,6.92307692307692,5,8.01263157894737,8.33333333333333,27,13,2,19,21,1151,882,269,37,497,654,8.32612531711555,8.62309523809524,7.35241724907063,7.70540540540541,8.36321931589537,8.29793614678899,27
"29",2008,5,8.27132352941176,68,8.58725490196078,7.32352941176471,8,8.42678571428571,8.1625,51,17,5,28,40,1219,933,286,42,525,694,8.3230682854799,8.62113612004287,7.35070013986014,7.74047619047619,8.36660952380952,8.29013002881844,28
"30",2008,6,8.88028154929578,71,9.05818163636364,8.26875,8.46666666666667,8.95263131578947,8.7969696969697,55,16,6,38,33,1290,988,302,48,563,727,8.3537366124031,8.64546557692308,7.39933854304636,7.83125,8.40616339253996,8.31313650618982,29
"31",2008,7,8.56,77,8.86350877192982,7.695,7.25,8.63393939393939,8.50454545454545,57,20,4,33,44,1367,1045,322,52,596,771,8.36535495976591,8.65735884210526,7.41770260869565,7.78653846153846,8.41877515100671,8.32405997405966,30
"32",2008,8,8.5296875,64,8.942,7.05714285714286,6.66666666666667,8.32916666666667,8.65,50,14,3,24,40,1431,1095,336,55,620,811,8.37270456324249,8.67035615525114,7.40267928571429,7.72545454545455,8.41530643548387,8.34013593094945,31
"33",2008,9,8.81818181818182,66,8.93018867924528,8.36153846153846,9,8.96,8.73170731707317,53,13,5,25,41,1497,1148,349,60,645,852,8.39234484301937,8.6823519076655,7.43839610315186,7.83166666666667,8.43641858914728,8.35897915492958,32
"34",2008,10,8.37526315789474,57,8.64261904761905,7.62666666666667,8.1,7.90529411764706,8.575,42,15,4,17,40,1554,1190,364,64,662,892,8.3917182947233,8.68094957142857,7.44615450549451,7.8484375,8.42277944108761,8.36866618834081,33
"35",2008,11,8.45849056603774,53,8.5375,8.21538461538461,7.88333333333333,8.592,8.33928571428571,40,13,6,25,28,1607,1230,377,70,687,920,8.39392049159926,8.67628454471545,7.47267968169761,7.85142857142857,8.4289373944687,8.367772,34
"36",2008,12,8.28837209302326,86,8.54615384615385,7.49047619047619,6.25,7.96129032258064,8.47272727272727,65,21,4,31,55,1693,1295,398,74,718,975,8.38855890726521,8.66975288803089,7.47361869346734,7.76486486486487,8.40874650417827,8.37369255384615,35
"37",2009,1,8.33604651162791,86,8.7044776119403,7.03684210526316,7.3125,8.18333333333333,8.41785714285714,67,19,8,30,56,1779,1362,417,82,748,1031,8.38602036537381,8.67146107929515,7.45371760191847,7.72073170731707,8.39970586898396,8.37609140640155,36
"38",2009,2,8.08954545454545,110,8.53203125,7.47391304347826,7.125,7.9537037037037,8.13373493975904,64,46,8,27,83,1889,1426,463,90,775,1114,8.36875607728957,8.66520335904628,7.45572406047516,7.66777777777778,8.38416772903226,8.35803432675045,37
"39",2009,3,8.11923076923077,117,8.38269230769231,7.59230769230769,6.86363636363636,8.03333333333333,8.14885057471264,78,39,11,30,87,2006,1504,502,101,805,1201,8.35420250747757,8.65055185505319,7.46633513944223,7.58019801980198,8.3710931552795,8.34288113238968,38
"40",2009,4,8.35168539325843,89,8.5655737704918,7.88571428571429,7.125,8,8.50483870967742,61,28,8,27,62,2095,1565,530,109,832,1263,8.354095575179,8.64723961022364,7.48849101886793,7.54678899082569,8.35905046875,8.35083154394299,39
"41",2009,5,8.23448275862069,87,8.64038461538462,7.63142857142857,7.3,7.94444444444444,8.365,52,35,10,27,60,2182,1617,565,119,859,1323,8.34932641154904,8.64701916512059,7.49734555752212,7.52605042016807,8.34601861466822,8.35147410430839,40
"42",2009,6,8.30357142857143,84,8.63404255319149,7.88378378378378,7.71428571428571,8.412,8.25762711864407,47,37,7,25,59,2266,1664,602,126,884,1382,8.34763028684907,8.64665263822115,7.52109674418605,7.53650793650794,8.3478846040724,8.3474676121563,41
"43",2009,7,8.202,75,8.64642857142857,7.63636363636364,7.42857142857143,7.8825,8.31818181818182,42,33,7,20,55,2341,1706,635,133,904,1437,8.34296464331482,8.64664712192262,7.52708699212598,7.53082706766917,8.33758848451327,8.3463467223382,42
"44",2009,8,8.68205128205128,78,9.04035087719298,7.70952380952381,7.16666666666667,8.31875,8.93478260869565,57,21,6,32,46,2419,1763,656,139,936,1483,8.35389840016536,8.65937605785592,7.53292719512195,7.51510791366906,8.33694443376068,8.36459894807822,43
"45",2009,9,8.15747663551402,107,8.67954545454545,7.31707317073171,8.08333333333333,8.60526315789474,8.06079545454545,66,41,12,19,88,2526,1829,697,151,955,1571,8.34557807996833,8.66010387643521,7.52022989956958,7.56026490066225,8.34228271204188,8.34758131126671,44
"46",2009,10,8.15238095238095,84,8.58583333333333,7.06875,7.61428571428571,8.51428571428571,8.03174603174603,60,24,7,21,63,2610,1889,721,158,976,1634,8.33936024137931,8.6577448332451,7.50520144244105,7.5626582278481,8.34598359631148,8.33540406364749,45
"47",2009,11,8.2198275862069,116,8.74285714285714,7.42391304347826,6.96666666666667,8.17948717948718,8.24025974025974,70,46,15,39,77,2726,1959,767,173,1015,1711,8.33427374541453,8.66078611026033,7.50032625814863,7.51098265895954,8.33958619704434,8.33112229105786,46
"48",2009,12,8.2758865248227,141,8.71224489795918,7.28139534883721,8.16666666666667,8.75102040816327,8.02282608695652,98,43,12,49,92,2867,2057,810,185,1064,1803,8.33140224276247,8.66323771998055,7.488704,7.55351351351351,8.35853382518797,8.31539114808652,47
"49",2010,1,8.56418604651163,215,8.86383647798742,7.71339285714286,7.44230769230769,8.65916666666667,8.52741935483871,159,56,13,60,155,3082,2216,866,198,1124,1958,8.34764121674238,8.67763086191335,7.5032335334873,7.54621212121212,8.37458184163701,8.33217581205312,48
"50",2010,2,8.33474025974026,154,8.84158878504673,7.18085106382979,7.77272727272727,8.46818181818182,8.28136363636364,107,47,11,44,110,3236,2323,913,209,1168,2068,8.34702726514215,8.68518294877313,7.48663772179628,7.55813397129187,8.37810786815068,8.32947303675049,49
"51",2010,3,8.49821428571429,140,8.76732673267327,7.80128205128205,8.27272727272727,8.6375,8.4425,101,39,11,40,100,3376,2424,952,220,1208,2168,8.35329686907583,8.68860560643564,7.49952756302521,7.59386363636364,8.3866970115894,8.33468645756458,50
"52",2010,4,8.55113636363636,132,8.8234693877551,7.76617647058824,8.03125,8.49054054054054,8.57473684210526,98,34,8,37,95,3508,2522,986,228,1245,2263,8.3607412286203,8.69384614988104,7.50872235294118,7.60921052631579,8.38978312449799,8.34476369421123,51
"53",2010,5,8.52920353982301,113,8.804375,7.86212121212121,7.65,8.81730769230769,8.44310344827586,80,33,10,26,87,3621,2602,1019,238,1271,2350,8.36599840651754,8.69724442352036,7.52016706575074,7.6109243697479,8.39852870967742,8.34840435744681,52
"54",2010,6,8.35813953488372,86,8.703125,7.35454545454545,8.3,8.21304347826087,8.41111111111111,64,22,6,23,63,3707,2666,1041,244,1294,2413,8.36581608578365,8.69738559264816,7.51666689721422,7.62786885245902,8.39523183153014,8.3500415416494,53
"55",2010,7,8.17201834862385,109,8.552,7.33382352941176,7.875,8.02413793103448,8.225625,75,34,8,29,80,3816,2741,1075,252,1323,2493,8.36028045859539,8.69340751185698,7.51088394418605,7.63571428571429,8.38709749811036,8.34604903329322,54
"56",2010,8,8.4375,100,8.73260869565217,7.78064516129032,7.84,8.82857142857143,8.28541666666667,69,31,5,28,72,3916,2810,1106,257,1351,2565,8.36225235699694,8.69437010320284,7.51844506329114,7.63968871595331,8.39624721687639,8.34434707212476,55
"57",2010,9,8.45535714285714,84,8.90403225806452,7.19090909090909,8.55,8.73103448275862,8.31,62,22,4,29,55,4000,2872,1128,261,1380,2620,8.3642075575,8.69889623607242,7.51205695035461,7.65363984674329,8.40328260144928,8.34362604580153,56
"58",2010,10,8.33118811881188,101,8.7027397260274,7.3625,6.75,7.98333333333333,8.47816901408451,73,28,6,30,71,4101,2945,1156,267,1410,2691,8.3633943501585,8.69899150764006,7.50843446366782,7.63333333333333,8.3943475106383,8.34717586027499,57
"59",2010,11,8.67588235294118,204,9.09060810810811,7.57982142857143,7.82,8.93338235294118,8.54713235294118,148,56,15,68,136,4305,3093,1212,282,1478,2827,8.37820214401858,8.71773035564177,7.51173287128713,7.64326241134752,8.41914748985115,8.3567952741422,58
"60",2010,12,8.51145161290323,310,9.04352678571429,7.12558139534884,8.1,8.27797619047619,8.59823008849557,224,86,20,84,226,4615,3317,1298,302,1562,3053,8.38715281256771,8.73973168224299,7.48614810477658,7.67350993377483,8.41155569142125,8.37466761873567,59
"61",2011,1,8.46378378378378,222,8.89358024691358,7.30333333333333,6.86363636363636,8.50509803921569,8.45146198830409,162,60,11,51,171,4837,3479,1358,313,1613,3224,8.39066988422576,8.74689565679793,7.47807086892489,7.64504792332268,8.41451332300062,8.37874076923077,60
"62",2011,2,8.51452380952381,168,8.98385321100917,7.64745762711864,7.7,8.3402380952381,8.57261904761905,109,59,8,42,126,5005,3588,1417,321,1655,3350,8.39482721878122,8.75409420011148,7.48512366972477,7.64641744548286,8.41262839274924,8.38603290746269,61
"63",2011,3,8.45380116959064,171,8.73389830508474,7.83018867924528,7.69090909090909,8.542,8.41735537190083,118,53,11,50,121,5176,3706,1470,332,1705,3471,8.39677554675425,8.7534511575823,7.49756478911565,7.64789156626506,8.41642228152493,8.38712481705561,62
"64",2011,4,8.50457516339869,153,8.89557522123894,7.4,8.38181818181818,8.36428571428571,8.536,113,40,11,28,125,5329,3819,1510,343,1733,3596,8.3998705629574,8.75765645195077,7.49498029139073,7.67142857142857,8.41557991344489,8.39229984427141,63
"65",2011,5,8.22464788732394,142,8.85402298850575,7.22909090909091,7.5,7.78974358974359,8.38932038834951,87,55,11,39,103,5471,3906,1565,354,1772,3699,8.39532265216597,8.75980286482335,7.48563593610224,7.66610169491525,8.40180586343115,8.3922168802379,64
"66",2011,6,8.31858407079646,113,8.82936507936508,7.675,8,8.34565217391304,8.31166666666667,63,50,10,23,90,5584,3969,1615,364,1795,3789,8.39376974032951,8.76090702695893,7.4914986006192,7.67527472527472,8.4010863454039,8.39030357350224,65
"67",2011,7,8.51008620689655,116,8.87864197530864,7.65714285714286,8.47142857142857,9.02037037037037,8.3552808988764,81,35,7,27,89,5700,4050,1650,371,1822,3878,8.39613688245614,8.76326172592593,7.49501226666667,7.69029649595687,8.41026344127333,8.38949980402269,66
"68",2011,8,8.44728682170543,129,9.02298850574713,7.2547619047619,7.96428571428571,8.4,8.46559139784946,87,42,14,36,93,5829,4137,1692,385,1858,3971,8.39726886773031,8.76872371041818,7.48904860520095,7.70025974025974,8.41006458019376,8.39128185343742,67
"69",2011,9,8.31633663366337,101,8.87152777777778,6.93793103448276,6.625,8.32894736842105,8.31341463414634,72,29,4,19,82,5930,4209,1721,389,1877,4053,8.39589042664418,8.77048229745783,7.47976190586868,7.6892030848329,8.40924346830048,8.38970644954355,68
"70",2011,10,8.10427184466019,103,8.67689189189189,6.64310344827586,8,7.59565217391304,8.2505,74,29,3,23,80,6033,4283,1750,392,1900,4133,8.39091169070114,8.76886527901004,7.46589728,7.69158163265306,8.39939473157895,8.38701191386402,69
"71",2011,11,8.24776119402985,201,8.86,6.84262295081967,7.8,8.58255813953488,8.15664556962025,140,61,10,43,158,6234,4423,1811,402,1943,4291,8.38629615495669,8.77174994121637,7.44490350082827,7.69427860696517,8.40344827071539,8.37852953623864,70
"72",2011,12,8.33290155440415,193,8.74270072992701,7.33035714285714,7.84615384615385,8.34591836734694,8.32847222222222,137,56,13,49,144,6427,4560,1867,415,1992,4435,8.38469273844717,8.77087719078947,7.44146772362078,7.69903614457831,8.40203312751004,8.37690422547914,71
"73",2012,1,8.35041841004184,239,8.80943396226415,7.438125,7.63888888888889,8.42241379310345,8.32734806629834,159,80,18,58,181,6666,4719,1947,433,2050,4616,8.38346388088809,8.77217630642085,7.4413303749358,7.69653579676674,8.40260975121951,8.37496105719237,72
"74",2012,2,8.57549504950495,202,8.91103448275862,7.7219298245614,7.68846153846154,8.58846153846154,8.571,145,57,13,52,150,6868,4864,2004,446,2102,4766,8.38911185643564,8.77631578741776,7.44931149700599,7.69630044843049,8.40720741674595,8.38113097775913,73
"75",2012,3,8.46,165,8.81391304347826,7.646,8.26666666666667,8.85172413793103,8.37647058823529,115,50,15,29,136,7033,4979,2054,461,2131,4902,8.39077495094554,8.77718417152039,7.4540994352483,7.7148590021692,8.41325668230877,8.38100168094655,74
"76",2012,4,8.53932038834951,206,8.89530201342282,7.60877192982456,7.91666666666667,8.47777777777778,8.55652173913044,149,57,18,45,161,7239,5128,2111,479,2176,5063,8.39500210388175,8.78061622269891,7.45827581241118,7.72244258872651,8.41459098805147,8.3865831009283,75
"77",2012,5,8.64315789473684,190,8.96911764705882,7.82222222222222,7.63,9.14705882352941,8.53333333333333,136,54,10,34,156,7429,5264,2165,489,2210,5219,8.40134879930004,8.78548632028875,7.4673534595843,7.72055214723926,8.4258597239819,8.39096958037938,76
"78",2012,6,8.50745856353591,181,8.8,7.93196721311475,7.83333333333333,8.03,8.5667701863354,120,61,15,20,161,7610,5384,2226,504,2230,5380,8.40387256636005,8.78580980497771,7.48008546271339,7.72390873015873,8.42230941255605,8.39623052788104,77
"79",2012,7,8.30916230366492,191,8.70232558139535,7.49112903225806,7.68571428571429,7.94642857142857,8.37147239263804,129,62,14,28,163,7801,5513,2288,518,2258,5543,8.40155367645173,8.78385633774714,7.48038472027972,7.72287644787645,8.41640832152347,8.39550247880209,78
"80",2012,8,8.29189189189189,185,8.68384615384615,7.36545454545455,7.83,8.01515151515152,8.35197368421053,130,55,10,33,152,7986,5643,2343,528,2291,5695,8.39901330202855,8.78155236399079,7.4776868288519,7.7249053030303,8.41062854212134,8.39434069183494,79
"81",2012,9,8.38549382716049,162,8.83318181818182,7.43846153846154,8,7.975,8.50277777777778,110,52,11,36,126,8148,5753,2395,539,2327,5821,8.3987445054001,8.78253954284721,7.47683517327766,7.73051948051948,8.40388912333476,8.3966878955506,80
"82",2012,10,8.51276041666667,192,8.71778523489933,7.80232558139535,7.45,8.74342105263158,8.45584415584416,149,43,10,38,154,8340,5902,2438,549,2365,5975,8.40136933213429,8.780904776347,7.48257598031173,7.72540983606557,8.40934460465116,8.39821259246862,81
"83",2012,11,8.38506912442396,217,8.70374233128834,7.42314814814815,7.875,8.68315789473684,8.32178770949721,163,54,12,38,179,8557,6065,2492,561,2403,6154,8.40095596938179,8.77883099587799,7.48128821829855,7.72860962566845,8.41367456928838,8.39598963925902,82
"84",2012,12,8.35804020100502,199,8.81524822695035,7.24655172413793,6.55882352941176,8.11875,8.41823899371069,141,58,17,40,159,8756,6206,2550,578,2443,6313,8.39998061100959,8.77965839349017,7.47594911372549,7.69420415224914,8.40884567744576,8.3965500142563,83
"85",2013,1,8.60040816326531,245,9.00988372093023,7.63561643835616,7.91176470588235,8.60454545454546,8.59950248756219,172,73,17,44,201,9001,6378,2623,595,2487,6514,8.40543608821242,8.78586704139228,7.48039277163553,7.70042016806723,8.41230799758745,8.40281244089653,84
"86",2013,2,8.26941747572816,206,8.61020408163265,7.42033898305085,7.94615384615385,8.19047619047619,8.28963414634146,147,59,13,42,164,9207,6525,2682,608,2529,6678,8.4023927696318,8.78190957701149,7.47907167785235,7.70567434210526,8.40862395808619,8.40003297993412,85
"87",2013,3,8.50768095238095,210,8.74360902255639,8.10016883116883,8.19086666666667,8.52006976744186,8.50449101796407,133,77,15,43,167,9417,6658,2759,623,2572,6845,8.40474070616969,8.78114448633223,7.49640566872055,7.71735634028893,8.41048716562985,8.40258148137327,86
"88",2013,4,8.47160571428571,175,8.88596031746032,7.40612244897959,7.03333333333333,8.315,8.51800740740741,126,49,15,40,135,9592,6784,2808,638,2612,6980,8.40596061613845,8.78309124262971,7.49483021367521,7.70127429467085,8.40902488131699,8.40481393123209,87
"89",2013,5,8.44806629834254,181,8.82570422535211,7.07307692307692,7.45555555555556,8.5325,8.42411347517731,142,39,9,40,141,9773,6926,2847,647,2652,7121,8.40674043077868,8.78396491336991,7.48905277133825,7.69785625965997,8.41088725113122,8.40519607358518,88
"90",2013,6,8.29444444444444,189,8.85698529411765,6.85094339622642,7.02222222222222,8.66379310344828,8.2275,136,53,9,29,160,9962,7062,2900,656,2681,7281,8.40460994077494,8.78537113990371,7.47739077241379,7.6885868902439,8.41362289817232,8.401291201758,89
"91",2013,7,8.26773255813954,172,8.49254385964912,7.82586206896552,8.09166666666667,8.01111111111111,8.33566176470588,114,58,12,36,136,10134,7176,2958,668,2717,7417,8.40228678014604,8.78071920150502,7.48422354293441,7.69582784431138,8.40828965403017,8.40008780369422,90
"92",2013,8,8.22590673575129,193,8.67,7.40955882352941,7.66470588235294,7.96428571428571,8.27030303030303,125,68,17,28,165,10327,7301,3026,685,2745,7582,8.39899043575095,8.77882358444049,7.48254568407138,7.69505547445256,8.40376065209471,8.39726341862306,91
"93",2013,9,8.22666666666667,195,8.82116788321168,6.82241379310345,7.26428571428571,8.49375,8.17423312883436,137,58,14,32,163,10522,7438,3084,699,2777,7745,8.39579682854971,8.77960352110783,7.47013075226978,7.68642775393419,8.40479761973352,8.39256955971595,92
"94",2013,10,8.26314432989691,194,8.74717741935484,7.40571428571429,7.86666666666667,8.47777777777778,8.21424050632911,124,70,15,36,158,10716,7562,3154,714,2813,7903,8.39339531821575,8.77907180507802,7.4687010906785,7.69021428571429,8.4057315997156,8.38900433253195,93
"95",2013,11,8.36407035175879,199,8.78978873239437,7.30350877192982,7.03571428571429,8.06666666666667,8.42319277108434,142,57,14,33,166,10915,7704,3211,728,2846,8069,8.39286067155291,8.77926933930426,7.46576868265338,7.67762774725275,8.40180006676036,8.38970767629198,94
"96",2013,12,8.35900900900901,222,8.77385620915033,7.43913043478261,7.86111111111111,8.16923076923077,8.39945355191257,153,69,18,39,183,11137,7857,3280,746,2885,8252,8.39218588758193,8.77916392898053,7.46520830487805,7.68205495978552,8.39865614904679,8.38992380513815,95
"97",2014,1,8.24355421686747,332,8.75497854077253,7.03989898989899,6.7,8.14791666666667,8.25971830985915,233,99,15,48,284,11469,8090,3379,761,2933,8536,8.38788335774697,8.77846736588381,7.45274733353063,7.66269776609724,8.39455267303102,8.38559175726336,96
"98",2014,2,8.21085201793722,223,8.76297297297297,7.12133333333333,7.35,8.10434782608696,8.23853107344633,148,75,10,46,177,11692,8238,3454,771,2979,8713,8.38450686195689,8.77818900097111,7.44555102489867,7.6586420233463,8.39007149714669,8.38260429702743,97
"99",2014,3,8.33334080717489,223,8.74581560283688,7.62408536585366,7.60131578947368,8.16666666666667,8.36542780748663,141,82,19,36,187,11915,8379,3536,790,3015,8900,8.38354924297105,8.77764422842821,7.44969124434389,7.65726329113924,8.38740397678274,8.38224339775281,98
"100",2014,4,8.28342696629213,178,8.65708661417323,7.35294117647059,6.6875,7.29444444444444,8.3946875,127,51,8,18,160,12093,8506,3587,798,3033,9060,8.38207551724138,8.7758442264284,7.4483156509618,7.64754135338346,8.38091757006264,8.38246316114791,99
"101",2014,5,8.33197860962567,187,8.69593495934959,7.6325,7.59142857142857,7.9640625,8.40793548387097,123,64,14,32,155,12280,8629,3651,812,3065,9215,8.38131264087948,8.7747051790474,7.45154430019173,7.64657389162562,8.3765654127243,8.38289161584373,100
"102",2014,6,8.46643274853801,171,8.87735042735043,7.57611111111111,7.31818181818182,8.15458333333333,8.51734693877551,117,54,11,24,147,12451,8746,3705,823,3089,9362,8.38248166653281,8.77607832037503,7.4533598488529,7.64218469015796,8.37484072191647,8.38500280281991,101
"103",2014,7,8.27954022988506,174,8.55953846153846,7.45227272727273,8.27272727272727,7.85357142857143,8.36123287671233,130,44,11,28,146,12625,8876,3749,834,3117,9508,8.38106290930693,8.7729068262731,7.45334708989064,7.65050119904077,8.37015816169393,8.38463780395457,102
"104",2014,8,8.35538461538462,195,8.76737588652482,7.27962962962963,6.83333333333333,8.46052631578947,8.32993630573248,141,54,15,38,157,12820,9017,3803,849,3155,9665,8.38067232683307,8.77282033824997,7.45088042072048,7.63606360424028,8.3712465895404,8.38374922296948,103
"105",2014,9,8.00133333333333,225,8.63935483870968,6.58857142857143,6.7875,7.45588235294118,8.09842931937173,155,70,16,34,191,13045,9172,3873,865,3189,9856,8.37412949252587,8.7705648702573,7.43529518202943,7.6203676300578,8.36148729695829,8.37821999188312,104
"106",2014,10,8.39894472361809,199,8.715,7.52830188679245,7.4,8.65137931034483,8.35588235294118,146,53,15,29,170,13244,9318,3926,880,3218,10026,8.37450235804893,8.76969424661945,7.43655074885379,7.61661136363637,8.36409974829086,8.37784123678436,105
"107",2014,11,8.18955156950673,223,8.77421383647799,6.73703125,6.99736842105263,7.82372093023256,8.27694444444444,159,64,19,43,180,13467,9477,3990,899,3261,10206,8.37143975866934,8.76977007386304,7.42533038596491,7.60352391546163,8.35697423796381,8.37606175191064,106
"108",2014,12,8.48440298507463,268,8.8463829787234,7.63375,7.61666666666667,8.20979166666667,8.54431818181818,188,80,12,48,220,13735,9665,4070,911,3309,10426,8.37364391918457,8.7712603197103,7.42942708599508,7.60369703622393,8.35483922333031,8.37961214655668,107
"109",2015,1,8.53391167192429,317,8.87297872340426,7.56219512195122,6.99473684210526,8.38666666666667,8.55827205882353,235,82,19,45,272,14052,9900,4152,930,3354,10698,8.3772594100484,8.77367484747475,7.43204919075144,7.59125591397849,8.3552662462731,8.38415463077211,108
"110",2015,2,8.37297794117647,272,8.86587301587302,7.25060240963855,7.75,8.50641025641026,8.35064377682403,189,83,22,39,233,14324,10089,4235,952,3393,10931,8.3771781087685,8.77540202101298,7.42849309090909,7.5949243697479,8.35700353374594,8.38344032933858,109
"111",2015,3,8.27511111111111,225,8.68066666666667,7.464,7.29285714285714,8.09259259259259,8.3,150,75,14,27,198,14549,10239,4310,966,3420,11129,8.37559964464912,8.77401416056255,7.42911096055684,7.59054658385093,8.35491607894736,8.38195581274148,110
"112",2015,4,8.5365306122449,245,8.75205128205128,7.696,7.6,8.13333333333333,8.6128640776699,195,50,13,39,206,14794,10434,4360,979,3459,11335,8.378264785048,8.77360369848572,7.4321716146789,7.59067211440245,8.35241774790401,8.3861522928981,111
"113",2015,5,8.10025252525253,198,8.54191176470588,7.13145161290323,6.93076923076923,7.98857142857143,8.12423312883435,136,62,13,35,163,14992,10570,4422,992,3494,11498,8.37459306496799,8.7706226102176,7.42795527815468,7.58202419354839,8.34877303663422,8.38243922769177,112
"114",2015,6,8.32386363636364,198,8.84484962406015,7.25784615384615,7.22684210526316,8.34481481481481,8.32055555555556,133,65,19,27,171,15190,10703,4487,1011,3521,11669,8.37393181237657,8.7715449864524,7.42549102741252,7.57534915924827,8.34874268389662,8.38153237124003,113
"115",2015,7,8.46316964285714,224,8.71809210526316,7.925,7.69666666666667,8.53125,8.44836956521739,152,72,15,40,184,15414,10855,4559,1026,3561,11853,8.37522863825095,8.77079649838784,7.43337974117131,7.57712280701755,8.35079275203594,8.38256991816417,114
"116",2015,8,8.33701646090535,243,8.76303977272727,7.21791044776119,7.14117647058824,8.14988095238095,8.37611940298507,176,67,17,42,201,15657,11031,4626,1043,3603,12054,8.37463557705819,8.77067273955217,7.43025902291396,7.57001725790988,8.34845073272273,8.38246235606437,115
"117",2015,9,8.13224043715847,183,8.62782608695652,7.29411764705882,6.72222222222222,8.128125,8.13311258278146,115,68,9,32,151,15840,11146,4694,1052,3635,12205,8.37183517866162,8.76919890453974,7.42828680017043,7.56276425855513,8.34651113892709,8.37937740598115,116
"118",2015,10,8.41661428571429,210,8.87357432432432,7.3258064516129,7.2,8.675,8.35952906976744,148,62,15,38,172,16050,11294,4756,1067,3673,12377,8.37242107352025,8.77056667168408,7.42695084945332,7.55766447985005,8.3499096079499,8.37910157873475,117
"119",2015,11,8.14937062937063,286,8.70941489361702,7.075,7.125,8.23242424242424,8.13853754940711,188,98,26,33,253,16336,11482,4854,1093,3706,12630,8.36851605227718,8.76956540585264,7.41984512566955,7.54737236962489,8.34886346195358,8.37428267933491,118
"120",2015,12,8.17377777777778,450,8.65973154362416,7.22105263157895,6.97619047619048,8.25298507462687,8.15992167101828,298,152,42,67,383,16786,11780,5006,1135,3773,13013,8.36329549803408,8.76678692614601,7.41380907710747,7.52623612334802,8.34716087728598,8.36797358333973,119
"121",2016,1,8.54895716945996,537,9.07228494623656,7.36909090909091,7.26285714285714,8.35821917808219,8.57896551724138,372,165,35,73,464,17323,12152,5171,1170,3846,13477,8.36905087051897,8.77613890635286,7.41238217752852,7.51835726495727,8.34737077223089,8.37523783037768,120
"122",2016,2,8.65115894039735,302,8.97004608294931,7.83705882352941,8.02083333333333,8.484375,8.68267716535433,217,85,12,48,254,17625,12369,5256,1182,3894,13731,8.37388472226951,8.77954078664403,7.4192500456621,7.52345854483926,8.34905957627118,8.3809249319059,121
"123",2016,3,8.51690391459075,281,8.91921052631579,7.67692307692308,7.70526315789474,8.35,8.53987854251012,190,91,19,34,247,17906,12559,5347,1201,3928,13978,8.37612913157601,8.78165379329564,7.42363535440434,7.52633472106578,8.34906771639511,8.38373374159393,122
"124",2016,4,8.55293059125964,389,8.9364598540146,7.63913043478261,7.55,8.60862068965517,8.54317220543807,274,115,30,58,331,18295,12833,5462,1231,3986,14309,8.37988839737634,8.78495908906724,7.42817250823874,7.52691145410236,8.3528444530858,8.38742191907191,123
"125",2016,5,8.59300970873786,309,8.93009950248756,7.96564814814815,7.2896,8.43571428571429,8.61310218978102,201,108,25,35,274,18604,13034,5570,1256,4021,14583,8.3834281998495,8.78719732929262,7.43859393895871,7.52218789808917,8.35356577716986,8.39166222587945,124
"126",2016,6,8.42441860465116,301,8.80022831050228,7.42073170731707,6.875,8.547,8.4,219,82,12,50,251,18905,13253,5652,1268,4071,14834,8.38408083734462,8.78741266052969,7.43833479122434,7.51606309148265,8.35594153524932,8.39180330591883,125
"127",2016,7,8.56728448275862,348,8.85241312741313,7.73752808988764,7.905,8.5965,8.56119791666667,259,89,18,60,288,19253,13512,5741,1286,4131,15122,8.38739226250455,8.78865859902309,7.44297304302386,7.52150699844479,8.35943548535463,8.39502944319534,126
"128",2016,8,8.37091584158416,404,8.73611111111111,7.46422413793103,7.94444444444444,8.85326086956522,8.30893854748603,288,116,18,46,358,19657,13800,5857,1304,4177,15480,8.3870536312764,8.7875619557971,7.4433939286324,7.52734509202454,8.36487383050036,8.39303845219638,127
"129",2016,9,8.39353448275862,348,8.74036885245902,7.57980769230769,7.69565217391304,8.41458333333333,8.39016666666667,244,104,23,48,300,20005,14044,5961,1327,4225,15780,8.38716636990753,8.78674202435203,7.44577390370743,7.53026224566692,8.36543857751479,8.39298385551331,128
"130",2016,10,8.36671637426901,342,8.74531168831169,7.57882882882883,7.39,8.48181818181818,8.34972147651007,231,111,30,44,298,20347,14275,6072,1357,4269,16078,8.38682263871824,8.78607159299474,7.44820623188406,7.52716138540899,8.36663808620285,8.39218200273666,129
"131",2016,11,8.27420289855072,345,8.63539094650206,7.41372549019608,6.84166666666667,7.83962264150943,8.35308219178082,243,102,24,53,292,20692,14518,6174,1381,4322,16370,8.38494491735937,8.78354952403912,7.44763657920311,7.51524837074584,8.36017537945395,8.39148455956017,130
"132",2016,12,8.41009708737864,309,8.78029556650246,7.7011320754717,7.99166666666667,8.45777777777778,8.4019696969697,203,106,24,45,264,21001,14721,6280,1405,4367,16634,8.38531499595258,8.78350465253719,7.45191532484076,7.52338647686833,8.36118112892145,8.39165097030179,131
"133",2017,1,8.35237623762376,505,8.67914110429448,7.7572625698324,7.98181818181818,7.99671052631579,8.41538461538462,326,179,44,76,429,21506,15047,6459,1449,4443,17063,8.38454153399052,8.78124356948228,7.46037749496826,7.53730710835059,8.35494665541301,8.39224768446346,132
"134",2017,2,8.55039093484419,353,8.879752,7.75097087378641,6.76590909090909,8.49761904761905,8.56185517241379,250,103,22,63,290,21859,15297,6562,1471,4506,17353,8.38721982844596,8.78285350003268,7.46493877476379,7.52577022433719,8.35694140923213,8.39508213219616,133
"135",2017,3,8.08962059620596,369,8.5706008583691,7.26558823529412,7.20689655172414,8.04032258064516,8.09957654723127,233,136,29,62,307,22228,15530,6698,1500,4568,17660,8.38227947768581,8.77966902704443,7.46089104807405,7.51960533333334,8.352644043345,8.38994508720272,134
"136",2017,4,8.38929618768328,341,8.73919491525424,7.60285714285714,7.19444444444444,8.28222222222222,8.40557432432432,236,105,18,45,296,22569,15766,6803,1518,4613,17956,8.38238549470513,8.77906317328428,7.4630822049096,7.51574967061924,8.35195707565575,8.39020273112052,135
"137",2017,5,8.31567867036011,361,8.74467479674797,7.398,6.96555555555556,8.20021739130435,8.33253968253968,246,115,27,46,315,22930,16012,6918,1545,4659,18271,8.38133529132142,8.77853484823882,7.462000323793,7.50613462783172,8.35045889461257,8.38920859504132,136
"138",2017,6,8.3162783171521,309,8.74149321266968,7.24840909090909,7.5,7.92894736842105,8.40388888888889,221,88,19,57,252,23239,16233,7006,1564,4716,18523,8.38047025388356,8.77803055442616,7.45931747644876,7.50606010230179,8.34536428965224,8.38940831614749,137
"139",2017,7,8.27189655172414,348,8.68287553648069,7.43921739130435,7,8.05510204081633,8.30742474916388,233,115,23,49,299,23587,16466,7121,1587,4765,18822,8.3788683694408,8.77668407567108,7.45899287178767,7.49872589792061,8.34237943126967,8.38810595260865,138
"140",2017,8,8.38833333333333,336,8.75418918918919,7.67587719298246,7.475,8.59482142857143,8.34703571428572,222,114,20,56,280,23923,16688,7235,1607,4821,19102,8.37900130543829,8.77638482682166,7.46241026123013,7.49843061605476,8.34531175897116,8.38750393885457,139
"141",2017,9,8.28990099009901,303,8.6155701754386,7.29986666666667,6.725,8.13244444444445,8.31736434108527,228,75,12,45,258,24226,16916,7310,1619,4866,19360,8.37788690786759,8.77421730846535,7.46074257729138,7.49269796170476,8.34334319564323,8.38656922727273,140
"142",2017,10,8.23935064935065,385,8.72910931174089,7.36275362318841,6.96428571428571,8.21981132075472,8.24246987951807,247,138,28,53,332,24611,17163,7448,1647,4919,19692,8.37571972817034,8.77356814018528,7.4589269924812,7.48371463266546,8.3420121955682,8.38413976437132,141
"143",2017,11,8.29646596858639,382,8.86943319838057,7.24814814814815,7.35862068965517,8.12543859649123,8.32646153846154,247,135,29,57,325,24993,17410,7583,1676,4976,20017,8.37450839154964,8.77492820160827,7.45517450085718,7.48155011933174,8.33953134847266,8.38320328920418,142
"144",2017,12,8.18498740554156,397,8.67738095238095,7.32924137931034,7.06,8.10283018867925,8.19764534883721,252,145,30,53,344,25390,17662,7728,1706,5029,20361,8.3715450267822,8.77353640527686,7.4528116252588,7.47413716295428,8.33703678464903,8.38006827955405,143
"145",2018,1,8.3472138836773,533,8.66576407506702,7.60459375,7.1,8.40917808219178,8.33738043478261,373,160,31,73,460,25923,18035,7888,1737,5102,20821,8.3710447567797,8.77130745716662,7.45589037018255,7.4674599884859,8.33806899059192,8.37912517362279,144
"146",2018,2,8.07831360946746,338,8.51511737089202,7.334,6.26086956521739,7.83,8.11645051194539,213,125,23,45,293,26261,18248,8013,1760,5147,21114,8.36727707360726,8.76831707529592,7.45398892300012,7.45169204545455,8.33362696522246,8.37548002462821,145
"147",2018,3,8.20964968152866,314,8.77039800995025,7.21221238938053,7.29166666666667,7.86666666666667,8.28088461538461,201,113,36,54,260,26575,18449,8126,1796,5201,21374,8.3654146088429,8.76833974686975,7.45062678316515,7.44848440979956,8.32877869448183,8.37432933657715,146
"148",2018,4,8.22447181538462,325,8.56756413461538,7.61452991452991,7.025,7.56875,8.33809870036101,208,117,24,48,277,26900,18657,8243,1820,5249,21651,8.36371176840149,8.76610137374712,7.45295320150431,7.4429,8.32182853686416,8.3738658066602,147
"149",2018,5,8.07021444444444,342,8.51442247524752,7.42928571428571,6.91176470588235,7.874,8.10381280821918,202,140,17,50,292,27242,18859,8383,1837,5299,21943,8.36002716063432,8.76340562437032,7.452557943457,7.43798475775722,8.31760294206454,8.37027215604065,148
"150",2018,6,8.17110266159696,263,8.60426136363636,7.2948275862069,7.18421052631579,8.48088235294118,8.12510917030568,176,87,19,34,229,27505,19035,8470,1856,5333,22172,8.35822068387566,8.76193415655372,7.45093780873672,7.43538685344828,8.31864391336958,8.36774002886524,149
"151",2018,7,8.1194964028777,278,8.61620689655172,7.28846153846154,7.15909090909091,8.21512195121951,8.10295358649789,174,104,22,41,237,27783,19209,8574,1878,5374,22409,8.3558319803477,8.76061412202613,7.44896702122696,7.43215015974441,8.31785411053219,8.36493961890312,150
"152",2018,8,8.09604234527687,307,8.55438461538462,7.29803571428571,7.46774193548387,7.82513513513514,8.13316666666667,195,112,31,37,270,28090,19404,8686,1909,5411,22679,8.35299269882521,8.75854162389198,7.44702086576099,7.43272812991095,8.31448493624099,8.36218029542749,151
"153",2018,9,8.12582706766917,266,8.54745562130178,7.39123711340206,7.1875,8.01878787878788,8.14098712446352,169,97,20,33,233,28356,19573,8783,1929,5444,22912,8.35086171921287,8.75671903489501,7.44640478651941,7.43018558838777,8.31269250367377,8.35993090607542,152
"154",2018,10,8.24560830860534,337,8.55811659192825,7.63429824561404,7.322,7.99255319148936,8.28662068965517,223,114,25,47,290,28693,19796,8897,1954,5491,23202,8.34962551528247,8.75448179783795,7.44881232325503,7.42880143295804,8.30995228373702,8.35901460736143,153
"155",2018,11,8.27567567567568,333,8.6322869955157,7.55272727272727,7.32291666666667,8.47173913043478,8.24425087108014,223,110,24,46,287,29026,20019,9007,1978,5537,23489,8.34877712774754,8.75312061891203,7.45008140779394,7.42751668351871,8.31129636806935,8.35761236834263,154
"156",2018,12,8.21664670658683,334,8.64816037735849,7.46680327868852,7.64708333333333,8.12116279069767,8.2307560137457,212,122,24,43,291,29360,20231,9129,2002,5580,23780,8.34727400919619,8.75202074390786,7.45030487895717,7.43014885114885,8.30983118100358,8.35606000504625,155
"157",2019,1,8.25090625,384,8.50681818181818,7.6879,7.75,8.31603571428571,8.23978658536585,264,120,19,56,328,29744,20495,9249,2021,5636,24108,8.34602988535503,8.74886224298609,7.45338752730025,7.43315586343395,8.30989283002129,8.35447805375809,156
"158",2019,2,8.19935787535411,353,8.58961308035714,7.52170542635659,7.68387096774194,8.195,8.20004370491803,224,129,31,48,305,30097,20719,9378,2052,5684,24413,8.34430960693757,8.74714054732371,7.45432728087012,7.43694346978558,8.30892258796622,8.35254865235735,157
"159",2019,3,8.18265780730897,301,8.57370731707317,7.34760416666667,7.78238095238095,8.50930232558139,8.12821705426357,205,96,21,43,258,30398,20924,9474,2073,5727,24671,8.34270893611422,8.74544135920474,7.45324585602702,7.44044283646889,8.31042709795704,8.35020267723238,158
"160",2019,4,8.36262719626168,321,8.73501556074766,7.61785046728972,7.078,8.47615384615385,8.34692670212766,214,107,20,39,282,30719,21138,9581,2093,5766,24953,8.34291707314691,8.74533580896963,7.45508414987997,7.43697945532728,8.31154803850156,8.3501656546307,159
"161",2019,5,8.10669811320755,318,8.48875647668394,7.5168,6.66129032258065,7.6875,8.1536013986014,193,125,31,32,286,31037,21331,9706,2124,5798,25239,8.3404968125141,8.74301431390933,7.45587896558829,7.4256581920904,8.30810382718178,8.34793825349657,160
"162",2019,6,8.07520547945206,292,8.53011363636364,7.385,7.054,7.57073170731707,8.15760956175299,176,116,25,41,251,31329,21507,9822,2149,5839,25490,8.33802418111015,8.74127206630399,7.45504186927306,7.42133457422057,8.30292618427813,8.34606408709297,161
"163",2019,7,8.19217440397351,302,8.58912899497487,7.4252427184466,7.52,7.975,8.20923810714286,199,103,25,22,280,31631,21706,9925,2174,5861,25770,8.33663166640321,8.73987722288768,7.4547326186398,7.42246918123275,8.30169527213786,8.34457742530073,162
"164",2019,8,8.1140113648294,381,8.53157442687747,7.288671875,6.81428571428571,8.13645833333333,8.11077576576577,253,128,21,48,333,32012,21959,10053,2195,5909,26103,8.33398208702986,8.73747726809053,7.45261824728937,7.41665056947608,8.30035301912337,8.34159478144274,163
"165",2019,9,8.39940828402367,338,8.74225663716814,7.70758928571429,7.43392857142857,8.2975,8.41308724832215,226,112,28,40,298,32350,22185,10165,2223,5949,26401,8.33466567449768,8.737525955826,7.45542756910969,7.41686819613136,8.30033383593881,8.34240174917616,164
"166",2019,10,8.10508498442368,321,8.6188498989899,7.27804878048781,7.42,7.95348837209302,8.12853338129496,198,123,25,43,278,32671,22383,10288,2248,5992,26679,8.33240999204187,8.73647614752267,7.45330688569207,7.41690302491104,8.29784479138852,8.340173202144,165
"167",2019,11,8.07707361516035,343,8.46306034482759,7.27032657657658,7.27083333333333,8.18409090909091,8.06132525083612,232,111,24,44,299,33014,22615,10399,2272,6036,26978,8.32975716665657,8.73367126287862,7.45135373497452,7.41536003521127,8.29701557157057,8.33708270108977,166
"168",2019,12,7.92689369863014,365,8.45957746478873,7.18043552631579,6.464,7.99795454545455,7.91715327102804,213,152,25,44,321,33379,22828,10551,2297,6080,27299,8.32535184696965,8.73111379052041,7.4474508283575,7.40500565955595,8.29485131414473,8.33214488845745,167
"169",2020,1,8.06144418650794,504,8.54402144171779,7.17762292134831,6.57,7.81580629032258,8.09590018099547,326,178,33,62,442,33883,23154,10729,2330,6142,27741,8.32142629548741,8.72847959747775,7.44297423525026,7.39317939914163,8.29001562683165,8.32838077899138,168
"170",2020,2,8.2933855613577,383,8.78294198380567,7.40426470588235,6.86806451612903,8.33583333333333,8.28730349253731,247,136,31,48,335,34266,23401,10865,2361,6190,28076,8.32111287690422,8.72905445365582,7.44248969811321,7.38628462515883,8.29037091760904,8.32789064895284,169
"171",2020,3,8.05995121387283,346,8.47697674418605,7.37552,6.78050461538461,8.12931034482759,8.04598305555556,215,131,26,58,288,34612,23616,10996,2387,6248,28364,8.31850216572287,8.72675953887195,7.44169185976719,7.37968626728111,8.28887579705506,8.32502823931744,170
"172",2020,4,8.06132920424403,377,8.54158136929461,7.21029411764706,7.24666666666667,8.11320754716981,8.05284293209877,241,136,30,53,324,34989,23857,11132,2417,6301,28688,8.31573117465489,8.72488889550237,7.43886486615163,7.37803521721142,8.28739818758927,8.32195420001394,171
"173",2020,5,8.27816091954023,348,8.65401709401709,7.50666666666667,6.77777777777778,8.039,8.31828859060403,234,114,18,50,298,35337,24091,11246,2435,6351,28986,8.31536118148117,8.724200505583,7.43955216877112,7.37359799589323,8.28544260431428,8.32191651452425,172
"174",2020,6,8.17718278106509,338,8.62882629107981,7.40758224,7.43727272727273,8.27441860465116,8.16300942372881,213,125,22,43,295,35675,24304,11371,2457,6394,29281,8.31405202102312,8.72336464697169,7.43920072728872,7.37416814000814,8.2853684673131,8.32031555855333,173
"175",2020,7,8.17092140921409,369,8.65806034482759,7.34598540145985,7.376,8.08526315789474,8.18657051282051,232,137,25,57,312,36044,24536,11508,2482,6451,29593,8.31258672317168,8.72274716253668,7.43809102102885,7.3741865914585,8.28360036893505,8.31890548001216,174
"176",2020,8,8.04067532467533,385,8.59860262008734,7.22166666666667,7.21212121212121,8.32555555555555,8.00297058823529,229,156,33,45,340,36429,24765,11664,2515,6496,29933,8.30971302670949,8.72159920775288,7.43519645661866,7.37206008747515,8.2838910067734,8.31531687000969,175
"177",2020,9,8.29788760806916,347,8.70650442477876,7.53468595041322,7.525,8.396,8.28137037037037,226,121,20,50,297,36776,24991,11785,2535,6546,30230,8.30960144795519,8.72146270177264,7.43621794399661,7.37326671400395,8.28474732355637,8.3149833565994,176
"178",2020,10,8.00805129230769,325,8.44757120603015,7.31388888888889,7.48095238095238,8.27560975609756,7.9694248943662,199,126,21,41,284,37101,25190,11911,2556,6587,30514,8.30695990728013,8.7192989698293,7.43492389136093,7.37415145539906,8.28469044785183,8.31176717375631,177
"179",2020,11,8.14883898345154,423,8.55568438405797,7.38496598639456,6.77076923076923,8.32586206896552,8.12070928767123,276,147,26,58,365,37524,25466,12058,2582,6645,30879,8.30517744403582,8.71752571821252,7.43431485072151,7.36807556932611,8.28504980887886,8.30950880630849,178
"180",2020,12,8.11976942211055,398,8.52079011111111,7.27386640625,7.00862068965517,7.57991052631579,8.21000976539589,270,128,29,57,341,37922,25736,12186,2611,6702,31220,8.30323154474975,8.71546173725521,7.43262952322337,7.36408315587898,8.27905265293942,8.30842202946829,179
"181",2021,1,8.16590231557377,488,8.57037253869969,7.37412121212121,7.07,7.97097222222222,8.19964021634615,323,165,40,72,416,38410,26059,12351,2651,6774,31636,8.30148677349649,8.71366336390498,7.4318478965266,7.35964583930592,8.27577810451727,8.30699159470224,180
"182",2021,2,8.15948650130548,383,8.5556862605042,7.5091724137931,6.89241379310345,7.71771929824561,8.23672800613497,238,145,29,57,326,38793,26297,12496,2680,6831,31962,8.3000848168484,8.71223359812906,7.43274514804737,7.35458997014926,8.27112148733714,8.30627493335836,181
"183",2021,3,8.13003134796238,319,8.64700678571429,7.30623308943089,7.09411764705882,8.37352941176471,8.10098245614035,196,123,17,34,285,39112,26493,12619,2697,6865,32247,8.29869784976478,8.7117510383875,7.43151200887551,7.35294813496478,8.27162867880554,8.30446055198933,182
"184",2021,4,8.18987776666667,300,8.62493406779661,7.56382113821138,7.75055555555556,7.92432432432432,8.22723699619772,177,123,18,37,263,39412,26670,12742,2715,6902,32510,8.29786952273419,8.71117486276715,7.43278920420656,7.35558420626151,8.2697668617792,8.30383582743771,183
"185",2021,5,8.18454545454545,330,8.54312796208531,7.54873949579832,7.23333333333333,8.19444444444444,8.18333333333333,211,119,15,36,294,39742,26881,12861,2730,6938,32804,8.296928529767,8.70985579368327,7.43386206671332,7.3549124981685,8.26937602767368,8.30275584532374,184
"186",2021,6,8.12067739776952,269,8.38614897727273,7.61827956989247,6.66666666666667,8.05,8.12856289256198,176,93,12,27,242,40011,27057,12954,2742,6965,33046,8.29574356676914,8.70775015005359,7.43518604600896,7.35190048140044,8.2685256109117,8.30148020849725,185
"187",2021,7,7.9779332208589,326,8.34601665,7.39367380952381,7.020145,7.90292619047619,7.98902580985915,200,126,20,42,284,40337,27257,13080,2762,7007,33330,8.29317505218534,8.70509590710643,7.43478615749236,7.34949819695873,8.26633420579421,8.29881783078308,186
"188",2021,8,8.22642275261324,287,8.51475943298969,7.62494623655914,6.95,8.77176470588235,8.1531356916996,194,93,10,34,253,40624,27451,13173,2772,7041,33583,8.29270346125443,8.70375077301373,7.43612866772945,7.34805700577201,8.26877485868485,8.29772032367567,187
"189",2021,9,8.06979165441176,272,8.50286819767442,7.3249,7.111875,7.81896551724138,8.09972563786008,172,100,16,29,243,40896,27623,13273,2788,7070,33826,8.29122087098983,8.70249993845708,7.43529066073985,7.34670158536586,8.26692981329562,8.29629796487909,188
"190",2021,10,8.06156744047619,336,8.47196261682243,7.34169393442623,6.6710415625,7.84605263157895,8.08904919463087,214,122,32,38,298,41232,27837,13395,2820,7108,34124,8.28934942277843,8.70072765743435,7.43443819335573,7.3390345212766,8.26467976646033,8.29448809107959,189
"191",2021,11,7.94863221884498,329,8.34722222222222,7.46711409395973,7,7.37333333333333,8.03978873239437,180,149,33,45,284,41561,28017,13544,2853,7153,34408,8.28665227978153,8.69845650140986,7.43479766686356,7.33511298633018,8.25907224660982,8.29238582945827,190
"192",2021,12,8.06037220843672,403,8.52615702479339,7.36024844720497,6.47655172413793,7.92857142857143,8.08164265129683,242,161,29,56,347,41964,28259,13705,2882,7209,34755,8.28447920598608,8.69698099012704,7.43392189711784,7.32647375086746,8.25650489388265,8.29028173270033,191
"193",2022,1,7.94979502946955,509,8.47136871382637,7.13055555555556,6.98611111111111,8.09,7.92999029147982,311,198,36,63,446,42473,28570,13903,2918,7272,35201,8.28046832269913,8.69452507770388,7.42960149607998,7.32227462302947,8.2550624009901,8.28571680605665,192
"194",2022,2,8.10569127840909,352,8.45512371179039,7.45512195121951,6.88714285714286,8.0875,8.10802349358974,229,123,21,40,312,42825,28799,14026,2939,7312,35513,8.27903174314069,8.69262143824438,7.42982529587908,7.31916548145628,8.25414575765865,8.28415567876552,193
"195",2022,3,8.05688311688312,308,8.59465240641711,7.22578512396694,6.63636363636364,7.63742857142857,8.11065934065934,187,121,22,35,273,43133,28986,14147,2961,7347,35786,8.27744544548258,8.69198940178017,7.42808013006291,7.31409231678487,8.25120780999047,8.28283213044207,194
"196",2022,4,8.10584606469003,371,8.49585309623431,7.39969696969697,7.09037037037037,8.07545454545455,8.10993544342508,239,132,27,44,327,43504,29225,14279,2988,7391,36113,8.27598205429386,8.69038541283148,7.42781774634078,7.31207073293173,8.25016151806251,8.28126656633346,195
"197",2022,5,8.04051739010989,364,8.35181510121457,7.38333333333333,7.25,8.10290697674419,8.03215990654206,247,117,18,43,321,43868,29472,14396,3006,7434,36434,8.27402825795568,8.68754791055917,7.42745621005835,7.31169905189621,8.24930976324993,8.27907182412033,196
"198",2022,6,8.03018064516129,310,8.39987096774194,7.47564516129032,7.05714285714286,8.02065,8.03159259259259,186,124,14,40,270,44178,29658,14520,3020,7474,36704,8.27231716284123,8.68574374603817,7.42786774104683,7.31051899006623,8.24808600214075,8.27725133064516,197
