"","year","month","avg_rating","no_ratings","avg_rating_owned","avg_rating_not_owned","avg_rating_prev_owned","avg_rating_comment","avg_rating_no_comment","no_ratings_owned","no_ratings_not_owned","no_ratings_prev_owned","no_ratings_comment","no_ratings_no_comment","cum_no_ratings","cum_no_ratings_owned","cum_no_ratings_not_owned","cum_no_ratings_prev_owned","cum_no_ratings_comment","cum_no_ratings_no_comment","cum_avg_rating","cum_avg_rating_owned","cum_avg_rating_not_owned","cum_avg_rating_prev_owned","cum_avg_rating_comment","cum_avg_rating_no_comment","month_after_release"
"1",2007,3,9.33333333333333,3,9.5,9,NA,10,9,2,1,0,1,2,3,2,1,0,1,2,9.33333333333333,9.5,9,NA,10,9,-8
"2",2007,10,8.23809523809524,21,8.61538461538461,7.625,8,8.83333333333333,8,13,8,1,6,15,24,15,9,1,7,17,8.375,8.73333333333333,7.77777777777778,8,9,8.11764705882353,-1
"3",2007,11,8.26,70,8.72727272727273,7.46923076923077,8,8.09677419354839,8.38974358974359,44,26,4,31,39,94,59,35,5,38,56,8.28936170212766,8.72881355932203,7.54857142857143,8,8.26315789473684,8.30714285714286,0
"4",2007,12,8.02446808510638,141,8.49722222222222,7.19019607843137,8.08333333333333,7.70967741935484,8.27151898734177,90,51,6,62,79,235,149,86,11,100,135,8.13042553191489,8.58892617449664,7.33604651162791,8.04545454545454,7.92,8.2862962962963,1
"5",2008,1,7.99625668449198,187,8.53220338983051,7.07971014492754,8.11111111111111,7.76849315068493,8.14210526315789,118,69,9,73,114,422,267,155,20,173,249,8.07097156398104,8.56385767790262,7.22193548387097,8.075,7.85606936416185,8.22028112449799,2
"6",2008,2,8.15202702702703,148,8.4656862745098,7.45652173913043,8.55714285714286,8.53703703703704,7.93085106382979,102,46,7,54,94,570,369,201,27,227,343,8.09201754385965,8.53672086720867,7.27562189054726,8.2,8.01806167400881,8.14096209912537,3
"7",2008,3,8.10887573964497,169,8.53032786885246,7.01489361702128,7.98181818181818,7.92916666666667,8.24226804123711,122,47,11,72,97,739,491,248,38,299,440,8.09587280108254,8.53513238289206,7.22620967741936,8.13684210526316,7.99665551839465,8.16329545454546,4
"8",2008,4,8.20843373493976,166,8.64174757281553,7.5,7.83333333333333,8.37014925373134,8.0989898989899,103,63,6,67,99,905,594,311,44,366,539,8.11651933701657,8.55361952861953,7.28167202572347,8.09545454545455,8.06502732240437,8.15148423005566,5
"9",2008,5,7.96016949152542,118,8.77647058823529,6.85,7.3,7.50961538461539,8.31515151515151,68,50,5,52,66,1023,662,361,49,418,605,8.09848484848485,8.57651057401813,7.2218836565097,8.01428571428571,7.99593301435407,8.16933884297521,6
"10",2008,6,8.17371134020619,97,8.69444444444444,7.20882352941176,7.125,8.28478260869565,8.07352941176471,63,34,4,46,51,1120,725,395,53,464,656,8.105,8.58675862068966,7.22075949367089,7.94716981132075,8.02456896551724,8.16189024390244,7
"11",2008,7,8.02766666666667,150,8.52446808510638,7.19375,7.625,7.98965517241379,8.05163043478261,94,56,12,58,92,1270,819,451,65,522,748,8.09586614173228,8.57960927960928,7.21740576496674,7.88769230769231,8.02068965517241,8.14832887700535,8
"12",2008,8,8.16458937198068,207,8.58092715231788,7.04196428571429,7,8.26351351351351,8.10954887218045,151,56,12,74,133,1477,970,507,77,596,881,8.10549763033175,8.57981443298969,7.19802761341223,7.74935064935065,8.0508389261745,8.14247446083996,9
"13",2008,9,8.18644578313253,166,8.51491935483871,7.21666666666667,7.125,8.25106382978723,8.1609243697479,124,42,8,47,119,1643,1094,549,85,643,1000,8.11367620206939,8.57245886654479,7.19945355191257,7.69058823529412,8.06547433903577,8.14467,10
"14",2008,10,7.77595763888889,144,8.39542553191489,6.611358,6.62,7.747358,7.79117021276596,94,50,10,50,94,1787,1188,599,95,693,1094,8.08646217123671,8.55845117845118,7.15036377295492,7.57789473684211,8.04252222222222,8.11429616087752,11
"15",2008,11,7.98854625550661,227,8.48506493506494,6.94109589041096,7.75,7.91463414634146,8.03034482758621,154,73,12,82,145,2014,1342,672,107,775,1239,8.07542596822244,8.55002980625932,7.12763080357143,7.59719626168224,8.02899083870968,8.10447134786118,12
"16",2008,12,8.04609004739337,211,8.52910714285714,7.09366197183099,7.86666666666667,7.81416666666667,8.13824503311258,140,71,15,60,151,2225,1482,743,122,835,1390,8.072644,8.54805330634278,7.12438479138627,7.63032786885246,8.01355437125749,8.10814028776978,13
"17",2009,1,8.01830985915493,284,8.40963541666667,7.20163043478261,7.48333333333333,7.72696629213483,8.15128205128205,192,92,18,89,195,2509,1674,835,140,924,1585,8.06649378238342,8.53217741935484,7.13289568862275,7.61142857142857,7.98595010822511,8.11344794952681,14
"18",2009,2,8.0487460815047,319,8.40965346534654,7.42564102564103,7.5,8.17428571428571,8.01345381526104,202,117,26,70,249,2828,1876,952,166,994,1834,8.06449183168317,8.51898454157783,7.16887384453782,7.59397590361446,7.99921317907445,8.09987186477644,15
"19",2009,3,7.82996120155039,258,8.37307222891566,6.85,6.95454545454545,7.96534465517241,7.7907,166,92,22,58,200,3086,2042,1044,188,1052,2034,8.04488428062216,8.50712291380999,7.14077385057471,7.51914893617021,7.99734590304183,8.0694714847591,16
"20",2009,4,7.92392026578073,301,8.42033898305085,7.21532258064516,7.34117647058823,7.86805555555556,7.94148471615721,177,124,17,72,229,3387,2219,1168,205,1124,2263,8.03413430469442,8.5002005362776,7.14868827054795,7.50439024390244,7.98906395907473,8.05652010605391,17
"21",2009,5,7.86648148148148,270,8.57564935064935,6.925,7.64166666666667,7.80357142857143,7.8885,154,116,18,70,200,3657,2373,1284,223,1194,2463,8.02175632759092,8.50509691951117,7.1284796728972,7.51547085201794,7.97818918760469,8.04287657328461,18
"22",2009,6,8.12732793522267,247,8.47035928143713,7.41125,7.33333333333333,8.13615384615385,8.12417582417582,167,80,21,65,182,3904,2540,1364,244,1259,2645,8.02843567879098,8.50281298818898,7.14506444281525,7.49979508196721,7.98634463065925,8.04847069943289,19
"23",2009,7,8.08977695167286,269,8.60113636363636,7.12204301075269,7.5625,8.33492063492064,8.01480582524272,176,93,16,63,206,4173,2716,1457,260,1322,2851,8.03238986101126,8.50918445876289,7.14359498970487,7.50365384615385,8.00295604387292,8.04603823219923,20
"24",2009,8,8.03464419475655,267,8.54325842696629,7.01741573033708,7.86785714285714,8.00267857142857,8.04312796208531,178,89,14,56,211,4440,2894,1546,274,1378,3062,8.03252542567568,8.51128023151348,7.13633111254851,7.52226277372263,8.00294476777939,8.04583768778576,21
"25",2009,9,7.85599358974359,312,8.55518134715026,6.72201680672269,6.86363636363636,7.85194805194805,7.85731914893617,193,119,22,77,235,4752,3087,1665,296,1455,3297,8.02093495159933,8.51402494007127,7.10671945945946,7.47331081081081,7.99495387628866,8.03240066727328,22
"26",2009,10,7.81898305084746,295,8.33444444444445,7.01217391304348,7.68076923076923,7.68529411764706,7.85903083700441,180,115,26,68,227,5047,3267,1780,322,1523,3524,8.00913074895978,8.50413069788797,7.10061117977528,7.49006211180124,7.98112796454367,8.0212329738933,23
"27",2009,11,7.74535211267606,284,8.36546583850932,6.93365853658537,7.05,7.88207547169811,7.71398268398268,161,123,26,53,231,5331,3428,1903,348,1576,3755,7.99507838867004,8.49761814177363,7.08982023121387,7.45718390804598,7.97779688451777,8.00233155792277,24
"28",2009,12,7.77459016393443,305,8.30928961748634,6.97254098360656,6.82758620689655,7.67583333333333,7.79877551020408,183,122,29,60,245,5636,3611,2025,377,1636,4000,7.98314636089425,8.48807393796732,7.08275451851852,7.40875331564987,7.96672242665037,7.98986375,25
"29",2010,1,7.65647222222222,360,8.23757575757576,6.61589147286822,6.88620689655172,7.67260273972603,7.65236933797909,231,129,29,73,287,5996,3842,2154,406,1709,4287,7.96353283689126,8.47301275117127,7.05479475394615,7.37142857142857,7.95415909303687,7.9672696524376,26
"30",2010,2,7.81050583657588,257,8.34838709677419,6.99313725490196,7.424,8.11111111111111,7.73054187192118,155,102,25,54,203,6253,3997,2256,431,1763,4490,7.95724338557493,8.46817988241181,7.05200704787234,7.37447795823666,7.95896647192286,7.95656681514477,27
"31",2010,3,7.84668246445498,211,8.46,6.75723684210526,6.9425,8.01339285714286,7.78645161290323,135,76,20,56,155,6464,4132,2332,451,1819,4645,7.95363441986386,8.46791263068732,7.04240047169811,7.35532150776053,7.96064205057724,7.95089020452099,28
"32",2010,4,7.82697368421053,228,8.28307692307692,7.2219387755102,7.43846153846154,7.71914893617021,7.85497237569061,130,98,26,47,181,6692,4262,2430,477,1866,4826,7.94931902121937,8.46227475129048,7.04964111111111,7.35985324947589,7.95455942658092,7.94729278905926,29
"33",2010,5,7.79659708737864,206,8.35262406015038,6.78356164383562,6.98,8.05529787234043,7.72012578616352,133,73,10,47,159,6898,4395,2503,487,1913,4985,7.94475817483329,8.45895653924915,7.0418809029165,7.35205338809035,7.9570344432828,7.94004714142427,30
"34",2010,6,7.98066037735849,212,8.31527777777778,7.27205882352941,7.34666666666667,8.16489361702128,7.92818181818182,144,68,15,47,165,7110,4539,2571,502,1960,5150,7.94582867651196,8.45439832341926,7.04796884480747,7.35189243027888,7.96201882142857,7.93966699029126,31
"35",2010,7,7.99166666666667,180,8.47345132743363,7.17910447761194,6.88636363636364,7.88809523809524,8.0231884057971,113,67,22,42,138,7290,4652,2638,524,2002,5288,7.946960478738,8.45486113284609,7.05129943138741,7.33234732824427,7.96046797702298,7.94184663388805,32
"36",2010,8,7.78551401869159,214,8.38649635036496,6.71623376623377,6.725,7.87115384615385,7.75802469135802,137,77,20,52,162,7504,4789,2715,544,2054,5450,7.94235632862474,8.45290540613907,7.04179664825046,7.31001838235294,7.95820685978578,7.93638256880734,33
"37",2010,9,7.87989417989418,189,8.48032786885246,6.7865671641791,7.26111111111111,8.17560975609756,7.79797297297297,122,67,18,41,148,7693,4911,2782,562,2095,5598,7.94082177174055,8.45358664019548,7.03564985621855,7.30845195729537,7.96246152267303,7.93272329403358,34
"38",2010,10,7.59253731343284,201,8.2384,6.53026315789474,7.125,7.55862068965517,7.60629370629371,125,76,16,58,143,7894,5036,2858,578,2153,5741,7.93195362173803,8.44824543089754,7.02221060181946,7.30337370242214,7.95158239201115,7.92459240550427,35
"39",2010,11,7.77491803278689,305,8.2878453038674,7.02620967741935,6.98035714285714,7.81102941176471,7.76455696202532,181,124,28,68,237,8199,5217,2982,606,2221,5978,7.9261119514575,8.44268046578494,7.02237689470154,7.28844884488449,7.94727910400721,7.91824774171964,36
"40",2010,12,7.68111111111111,315,8.2274358974359,6.79333333333333,6.19047619047619,7.85076923076923,7.637,195,120,21,65,250,8514,5412,3102,627,2286,6228,7.91704743833686,8.4349249796748,7.01351640876854,7.25167464114832,7.94453494750656,7.90695809248555,37
"41",2011,1,7.87864197530864,324,8.24748858447489,7.10933333333333,7,7.89179104477612,7.8752140077821,219,105,22,67,257,8838,5631,3207,649,2353,6485,7.91563949875538,8.4276352317528,7.01665353913315,7.24314329738058,7.94303310242244,7.905700077101,38
"42",2011,2,7.75530172413793,232,8.23186666666667,6.88353658536585,6.95833333333333,7.7846,7.74725274725275,150,82,24,50,182,9070,5781,3289,673,2403,6667,7.91153824586549,8.4225556114859,7.01333472179994,7.23298662704309,7.93973653349979,7.90137468126594,39
"43",2011,3,7.88298804780877,251,8.33355263157895,7.19121212121212,7.01153846153846,7.82,7.90066326530612,152,99,26,55,196,9321,5933,3388,699,2458,6863,7.91076943353718,8.42027540704534,7.01853243801653,7.22474964234621,7.9370573189585,7.90135436398077,40
"44",2011,4,7.90787234042553,235,8.31258278145695,7.18035714285714,7.44666666666667,7.94888888888889,7.89815789473684,151,84,15,45,190,9556,6084,3472,714,2503,7053,7.91069818857263,8.41760256245891,7.02244755184332,7.22941176470588,7.93727003196165,7.90126825464341,41
"45",2011,5,7.77148936170213,235,8.32555555555555,7.0235,7.09090909090909,7.579,7.82351351351351,135,100,22,50,185,9791,6219,3572,736,2553,7238,7.9073569492391,8.41560443640456,7.02247701567749,7.22527173913043,7.93025338425382,7.89928087869577,42
"46",2011,6,7.87014563106796,206,8.26992753623188,7.05882352941176,7.5,8.238,7.75224358974359,138,68,15,50,156,9997,6357,3640,751,2603,7394,7.90659016604982,8.41244203083215,7.02315601648352,7.23075898801598,7.93616476757588,7.89617865837165,43
"47",2011,7,7.74124423963134,217,8.07321428571429,7.13766233766234,7.34230769230769,7.78265306122449,7.72916666666667,140,77,26,49,168,10214,6497,3717,777,2652,7562,7.9030773340513,8.40513221332923,7.02552808716707,7.23449163449163,7.93332838989442,7.89246826236445,44
"48",2011,8,7.5831223628692,237,8.10576923076923,6.9481308411215,6.98928571428571,7.51140350877193,7.60583333333333,130,107,28,57,180,10451,6627,3824,805,2709,7742,7.89582163333653,8.39925969367738,7.02336242154812,7.22596273291925,7.92445067921743,7.88580405579954,45
"49",2011,9,7.98975369458128,203,8.390390625,7.306,7.40476190476191,8.24642857142857,7.9227950310559,128,75,21,42,161,10654,6755,3899,826,2751,7903,7.89761140322884,8.39909163434493,7.02879915362914,7.23050847457627,7.92936637222828,7.88655763634063,46
"50",2011,10,7.74258474576271,236,8.27359154929577,6.94042553191489,7,7.64651162790698,7.7639896373057,142,94,24,43,193,10890,6897,3993,850,2794,8096,7.8942517805326,8.39650775554589,7.02671873278237,7.224,7.92501320329277,7.88363574604743,47
"51",2011,11,7.76026615969582,263,8.2296511627907,6.87307692307692,7.13333333333333,7.8936170212766,7.73125,172,91,21,47,216,11153,7069,4084,871,2841,8312,7.8910922523088,8.39244786957137,7.02329527424094,7.22181400688863,7.92449380147835,7.87967576997112,48
"52",2011,12,7.75687022900763,262,8.22012987012987,7.0962962962963,7.144,7.50491803278689,7.83333333333333,154,108,25,61,201,11415,7223,4192,896,2902,8513,7.88801155409549,8.38877391527066,7.02517602576336,7.21964285714286,7.91567432460372,7.87858158111124,49
"53",2012,1,7.87669270833333,384,8.36174089068826,7.0021897810219,6.90243902439024,8.08243243243243,7.82758064516129,247,137,41,74,310,11799,7470,4329,937,2976,8823,7.88764318077803,8.38788005220883,7.02444857934858,7.20576307363927,7.91982086357527,7.87678964071178,50
"54",2012,2,7.72104316546763,278,8.22011173184358,6.81868686868687,7.12931034482759,7.72978723404255,7.71926406926407,179,99,29,47,231,12077,7649,4428,966,3023,9054,7.8838082214126,8.38395397960518,7.01984821589883,7.20346790890269,7.9168663215349,7.87277059863044,51
"55",2012,3,7.7756561752988,251,8.24867549668874,7.061397,6.8,7.96,7.74070947867299,151,100,22,40,211,12328,7800,4528,988,3063,9265,7.8816062289098,8.38133512692308,7.02076581272085,7.19448380566802,7.91742960822723,7.8697630545062,52
"56",2012,4,7.6706106870229,262,8.28424242424243,6.62680412371134,7.16818181818182,7.31521739130435,7.7462962962963,165,97,22,46,216,12590,7965,4625,1010,3109,9481,7.87721537648928,8.37932379033271,7.01250326486487,7.19391089108911,7.90851942425217,7.86695018457968,53
"57",2012,5,7.74238493723849,239,8.19955414012739,6.86707317073171,6.92592592592593,7.81368421052632,7.72005494505494,157,82,27,57,182,12829,8122,4707,1037,3166,9663,7.87470353028295,8.37584880448165,7.00996974718505,7.18693346190935,7.90681203095389,7.86418345234399,54
"58",2012,6,7.82777777777778,216,8.10756578947368,7.16328125,7.28571428571429,7.7475,7.84602272727273,152,64,21,40,176,13045,8274,4771,1058,3206,9839,7.87392653047145,8.37092023084361,7.01202632571788,7.18889413988658,7.90482435745477,7.86385859335298,55
"59",2012,7,7.66031390134529,223,8.31007751937985,6.7686170212766,6.28409090909091,7.82619047619048,7.62182320441989,129,94,22,42,181,13268,8403,4865,1080,3248,10020,7.8703362669581,8.36998619421635,7.00732324768757,7.17046296296296,7.90380754002463,7.85948649700599,56
"60",2012,8,7.88008298755187,241,8.40868055555556,7.09536082474227,6.95892857142857,8.07555555555555,7.83520408163265,144,97,28,45,196,13509,8547,4962,1108,3293,10216,7.87051014804945,8.37063811746812,7.00904425634825,7.16511732851986,7.90615453689645,7.85902062451057,57
"61",2012,9,7.93641304347826,184,8.33577235772358,7.13114754098361,7.03846153846154,8.24705882352941,7.866,123,61,13,34,150,13693,8670,5023,1121,3327,10366,7.8713957197108,8.37014348212226,7.01052709536134,7.16364852809991,7.90963837992185,7.85912161875361,58
"62",2012,10,7.66118367346939,245,8.01815068493151,7.13474747474748,7.3076,7.81794871794872,7.63150485436893,146,99,25,39,206,13938,8816,5122,1146,3366,10572,7.86770064499928,8.3643142003176,7.01292807497072,7.16678883071553,7.90857602198455,7.85468640749148,59
"63",2012,11,7.84082397003745,267,8.27225609756097,7.15388349514563,6.99047619047619,7.2875,7.962100456621,164,103,21,48,219,14205,8980,5225,1167,3414,10791,7.8671954656811,8.3626329610245,7.01570671770335,7.16361610968295,7.89984384592853,7.8568663423223,60
"64",2012,12,7.89007092198582,282,8.26083743842364,6.9373417721519,6.76666666666667,7.81382978723404,7.90531914893617,203,79,18,47,235,14487,9183,5304,1185,3461,11026,7.86764075308898,8.36038266252858,7.0145395173454,7.15758649789029,7.89867578445536,7.85789902956648,61
"65",2013,1,7.86024390243902,328,8.17685589519651,7.12787878787879,7.05208333333333,7.458,7.92420494699647,229,99,24,45,283,14815,9412,5403,1209,3506,11309,7.86747698886264,8.35591733850404,7.01661625023135,7.15549214226633,7.89301964917285,7.85955828985763,62
"66",2013,2,7.72608856088561,271,8.27596590909091,6.70736842105263,6.95652173913043,7.64615384615385,7.74506849315068,176,95,23,52,219,15086,9588,5498,1232,3558,11528,7.86493713310354,8.35444972778473,7.01127275372863,7.1517775974026,7.88941171725689,7.85738330152671,63
"67",2013,3,7.75884,250,8.25966887417218,6.99494949494949,6.71,7.78238095238095,7.75408653846154,151,99,25,42,208,15336,9739,5597,1257,3600,11736,7.86320758933229,8.35298018174351,7.01098402715741,7.14299124900557,7.888163025,7.85555254771643,64
"68",2013,4,7.70301204819277,249,8.06545454545455,6.99107142857143,7.2025,7.83333333333333,7.67657004830918,165,84,20,42,207,15585,9904,5681,1277,3642,11943,7.8606481610523,8.34819002322294,7.01068959690195,7.14392325763508,7.8875307221307,7.85245036423009,65
"69",2013,5,7.56877637130802,237,8.01333333333333,6.80229885057471,7.10416666666667,7.61666666666667,7.55934343434343,150,87,24,39,198,15822,10054,5768,1301,3681,12141,7.85627617178612,8.34319415058683,7.00754639389737,7.14318985395849,7.88466093181201,7.84767026604069,66
"70",2013,6,7.65971563981043,211,8.16029411764706,6.752,6.35625,7.1974358974359,7.76453488372093,136,75,16,39,172,16033,10190,5843,1317,3720,12313,7.85368936505957,8.34075309028459,7.00426623309944,7.13362946089597,7.87745615322581,7.84650894989036,67
"71",2013,7,7.67960784313725,255,8.08827160493827,6.96774193548387,6.73684210526316,7.77,7.65756097560976,162,93,19,50,205,16288,10352,5936,1336,3770,12518,7.85096399742142,8.3368019696677,7.00369400269542,7.12798652694611,7.87603100530504,7.8434146588912,68
"72",2013,8,7.682,250,8.25617283950617,6.625,6.58695652173913,7.81756756756757,7.65845070422535,162,88,23,37,213,16538,10514,6024,1359,3807,12731,7.84840981920426,8.33555963382157,6.99816195219124,7.11883002207505,7.87546280273181,7.84032006126777,69
"73",2013,9,7.64170833333333,240,8.13630872483222,6.83186813186813,6.68,7.47142857142857,7.67078048780488,149,91,25,35,205,16778,10663,6115,1384,3842,12936,7.84545306889975,8.33277539060302,6.99568726083402,7.11090317919075,7.87178211608537,7.83763332560297,70
"74",2013,10,7.63543933054393,239,8.12280575539568,6.958,6.94444444444444,7.68868421052632,7.62537313432836,139,100,18,38,201,17017,10802,6215,1402,3880,13137,7.84250347240994,8.33007350398074,6.99508086886565,7.10876604850214,7.86998888917526,7.83438568166248,71
"75",2013,11,7.67308970099668,301,7.95507246376812,7.05212765957447,6.89333333333333,7.79765625,7.63945147679325,207,94,30,64,237,17318,11009,6309,1432,3944,13374,7.83955893232475,8.32302243528022,6.99593082897448,7.10425279329609,7.86881513438134,7.83093126215044,72
"76",2013,12,7.80992509363296,267,8.13005780346821,7.22074468085106,7.2,7.75,7.82017543859649,173,94,26,39,228,17585,11182,6403,1458,3983,13602,7.83910899004834,8.32003702289393,6.99923123535843,7.10596021947874,7.86765174240522,7.83075097044552,73
"77",2014,1,7.72504608294931,434,8.16704797047971,6.99018404907975,7.17560975609756,8.16057692307692,7.66575916230367,271,163,41,52,382,18019,11453,6566,1499,4035,13984,7.836361706532,8.31641700777088,6.99900664026805,7.10786524349566,7.8714267385378,7.82624390017162,74
"78",2014,2,7.771875,288,8.20558823529412,7.14703389830508,7.11764705882353,8.25,7.65646551724138,170,118,34,56,232,18307,11623,6684,1533,4091,14216,7.83534722182772,8.31479600705497,7.00161992818672,7.10808219178082,7.87660887069176,7.82347317810917,75
"79",2014,3,7.66281588447653,277,8.09056603773585,7.0864406779661,6.94333333333333,7.71041666666667,7.6528384279476,159,118,30,48,229,18584,11782,6802,1563,4139,14445,7.83277559136892,8.31176998726871,7.0030913848868,7.10492002559181,7.87468153901909,7.82076806507442,76
"80",2014,4,7.69159227467811,233,8.17655172413793,6.89251136363636,7.5,8.02567567567568,7.62852551020408,145,88,23,37,196,18817,11927,6890,1586,4176,14641,7.83102740022321,8.31012609960593,7.00167904208999,7.11064943253468,7.87601937021073,7.81819450174168,77
"81",2014,5,7.65241106719368,253,8.06322580645161,7.00265306122449,7.06666666666667,7.37051282051282,7.70378504672897,155,98,27,39,214,19070,12082,6988,1613,4215,14855,7.82865771316204,8.30695861529547,7.00169270177447,7.10991320520769,7.87134208540925,7.81654632783574,78
"82",2014,6,7.64504716981132,212,7.88703703703704,7.22077922077922,7.13684210526316,7.46125,7.68779069767442,135,77,19,40,172,19282,12217,7065,1632,4255,15027,7.826638968468,8.30231840795612,7.00408048124558,7.11022671568627,7.8674869306698,7.8150725826845,79
"83",2014,7,7.59110169491525,236,8.09647887323944,6.82765957446809,6.9,7.68414634146342,7.57153846153846,142,94,20,41,195,19518,12359,7159,1652,4296,15222,7.82379099241726,8.29995339347843,7.00176401732086,7.10768159806295,7.86573717178771,7.81195281171988,80
"84",2014,8,7.78651685393258,267,8.22352941176471,7.02061855670103,7.11764705882353,7.98780487804878,7.75,170,97,17,41,226,19785,12529,7256,1669,4337,15448,7.82328797523377,8.29891643307526,7.00201606945976,7.10778310365488,7.86689114364768,7.81104645908855,81
"85",2014,9,7.55835555555556,225,7.964296875,7.02268041237113,7.07115384615385,7.81842105263158,7.50550802139037,128,97,26,38,187,20010,12657,7353,1695,4375,15635,7.8203089750125,8.29553243185588,7.00228867129063,7.10722123893805,7.86647014628571,7.80739211384714,82
"86",2014,10,7.67390510948905,274,8.08428571428571,6.94848484848485,7.12833333333333,7.74347826086957,7.65986842105263,175,99,30,46,228,20284,12832,7452,1725,4421,15863,7.81833132468941,8.29265149548004,7.00157388620505,7.1075884057971,7.86519042976702,7.80527174557145,83
"87",2014,11,7.75448979591837,245,8.0484756097561,7.15925925925926,7.09375,7.94651162790698,7.71361386138614,164,81,16,43,202,20529,12996,7533,1741,4464,16065,7.81756941838375,8.28957017466912,7.00326942785079,7.10746122917863,7.865973765681,7.80411924680983,84
"88",2014,12,7.88220394736842,304,8.21791262135922,7.1765306122449,7.45294117647059,8.01511627906977,7.86030651340996,206,98,17,43,261,20833,13202,7631,1758,4507,16326,7.81851258052129,8.28845205196182,7.00549450923863,7.11080204778157,7.86739669181273,7.80501749969374,85
"89",2015,1,7.77753712871287,404,8.16754901960784,7.11006711409396,7.0125,7.9703125,7.74125,255,149,40,64,340,21237,13457,7780,1798,4571,16666,7.81773308800678,8.28616103069034,7.00749724935733,7.10861512791991,7.86883764821702,7.80371659066362,86
"90",2015,2,7.72652866242038,314,8.16029411764706,6.92209090909091,7.59514285714286,8.03214285714286,7.66019379844961,204,110,35,56,258,21551,13661,7890,1833,4627,16924,7.81640423135818,8.28428145743356,7.00630653992396,7.11790507364975,7.87081411065485,7.80152863980146,87
"91",2015,3,7.66043234323432,303,8.15877540106952,6.85706896551724,7.06547619047619,7.82160714285714,7.62389068825911,187,116,42,56,247,21854,13848,8006,1875,4683,17171,7.81424172188158,8.28258665439052,7.00414421683737,7.11673066666667,7.87022568652573,7.79897336788771,88
"92",2015,4,7.69468085106383,282,8.09940119760479,7.10695652173913,7.40967741935484,8.01341463414634,7.64045643153527,167,115,31,41,241,22136,14015,8121,1906,4724,17412,7.81271858465848,8.2804038523011,7.00560012313755,7.12149527806926,7.87146843564776,7.79677933034688,89
"93",2015,5,7.84952569169961,253,8.36365384615385,7.02268041237113,7.27413793103448,7.81466666666667,7.85706730769231,156,97,29,45,208,22389,14171,8218,1935,4769,17620,7.81313451203716,8.28132030131959,7.00580172791434,7.12378294573643,7.87093245753827,7.79749101589103,90
"94",2015,6,7.68574261603375,237,8.27158992805755,6.85479591836735,7.12210526315789,7.86925,7.64848223350254,139,98,19,40,197,22626,14310,8316,1954,4809,17817,7.81180012330947,8.2812257854647,7.0040221981722,7.12376663254862,7.87091846329798,7.79584344726946,91
"95",2015,7,7.83118081180812,271,8.3778125,7.04324324324324,7.24583333333333,8.12840909090909,7.77356828193833,160,111,36,44,227,22897,14470,8427,1990,4853,18044,7.81202950561209,8.28229377954387,7.00453881571141,7.12597487437186,7.87325301669071,7.79556321769009,92
"96",2015,8,7.70935064935065,308,8.16159793814433,6.93973684210526,7.61,7.87083333333333,7.67953846153846,194,114,30,48,260,23205,14664,8541,2020,4901,18304,7.81066664899806,8.28069701241134,7.00367387893689,7.13316336633663,7.87322931850643,7.79391513876748,93
"97",2015,9,7.69391129032258,248,8.11503496503497,7.12038095238095,7.23703703703704,8.06023255813954,7.61707317073171,143,105,27,43,205,23453,14807,8646,2047,4944,18509,7.80943203811879,8.27909711555344,7.005091209808,7.13453346360528,7.87485576254045,7.79195649143659,94
"98",2015,10,7.65761324041812,287,8.14735795454545,6.88108108108108,6.87142857142857,7.9365306122449,7.60018907563025,176,111,35,49,238,23740,14983,8757,2082,4993,18747,7.80759665501264,8.27754962223853,7.00351931026607,7.13011047070125,7.87546102343281,7.78952193417613,95
"99",2015,11,7.64373529411765,340,8.17881188118812,6.86050724637681,6.86363636363636,7.81571428571429,7.61477663230241,202,138,33,49,291,24080,15185,8895,2115,5042,19038,7.80528299792359,8.27623615344088,7.00130057335582,7.12595271867612,7.87488038278461,7.78685091396155,96
"100",2015,12,7.73906077348066,362,8.21788732394366,7.05456375838926,6.66613636363636,7.91822222222222,7.71362776025237,213,149,44,45,317,24442,15398,9044,2159,5087,19355,7.80430220890271,8.27542901610598,7.00217808491818,7.11658175081056,7.87526378808728,7.78565165073624,97
"101",2016,1,7.53294264339152,401,7.95154166666667,6.90894409937888,7.11404761904762,7.70535714285714,7.50495652173913,240,161,42,56,345,24843,15638,9205,2201,5143,19700,7.79992209435254,8.27045824210256,7.00054737642586,7.11653339391186,7.87341374489598,7.78073592385786,98
"102",2016,2,7.69554263565891,258,8.20206896551724,7.04557522123894,7.04166666666667,7.9304347826087,7.64457547169811,145,113,36,46,212,25101,15783,9318,2237,5189,19912,7.79884923269989,8.26982994297661,7.00109343206697,7.11532856504247,7.87391923106572,7.77928624447569,99
"103",2016,3,7.54574074074074,270,8.12032258064516,6.77130434782609,7.088,8.1075,7.44804347826087,155,115,25,40,230,25371,15938,9433,2262,5229,20142,7.79615563399157,8.26837595620528,6.99829201738577,7.11502652519894,7.87570604130809,7.77550380796345,100
"104",2016,4,7.63540636042403,283,8.25808917197452,6.85952380952381,7.01612903225806,7.475,7.66493723849372,157,126,31,44,239,25654,16095,9559,2293,5273,20381,7.79438234154518,8.26827561292326,6.99646287268543,7.11368948975142,7.87236239142803,7.77420723713262,101
"105",2016,5,7.8357654723127,307,8.30717948717949,7.015,7.025,8.18780487804878,7.7815037593985,195,112,32,41,266,25961,16290,9671,2325,5314,20647,7.79487171488001,8.26874131307549,6.99667755144246,7.1124688172043,7.87479617802033,7.77430123988957,102
"106",2016,6,7.77992565055762,269,8.2376404494382,6.88461538461539,7.13888888888889,7.79166666666667,7.77811158798283,178,91,18,36,233,26230,16468,9762,2343,5350,20880,7.79471843652307,8.26840514877337,6.99563292358123,7.11267178830559,7.87423680186916,7.77434375957854,103
"107",2016,7,7.453,250,7.87925170068027,6.84466019417476,6.54032258064516,7.95,7.38778280542986,147,103,31,29,221,26480,16615,9865,2374,5379,21101,7.79149224282478,8.26496214204031,6.9940566244298,7.10519797809604,7.87464526677821,7.7702951376712,104
"108",2016,8,7.59294670846395,319,8.00753768844221,6.90541666666667,6.88571428571429,7.7,7.57759856630824,199,120,28,40,279,26799,16814,9985,2402,5419,21380,7.78912887010709,8.26191542702509,6.99299134702053,7.10263946711074,7.87335613397306,7.76778052853133,105
"109",2016,9,7.55265780730897,301,8.11676136363636,6.7584,6.85483870967742,7.52567567567568,7.55643939393939,176,125,31,37,264,27100,16990,10110,2433,5456,21644,7.78650238339484,8.26041177104178,6.99009086053412,7.09948212083847,7.87099833027859,7.76520272130844,106
"110",2016,10,7.73824561403509,285,8.12583333333333,7.07380952380952,7.41904761904762,7.97083333333333,7.69113924050633,180,105,21,48,237,27385,17170,10215,2454,5504,21881,7.78600016761001,8.25900093127547,6.99095140479687,7.10221678891606,7.871868984375,7.76440051642977,107
"111",2016,11,7.50773006134969,326,8.00229508196721,6.87482517482518,6.67692307692308,7.34571428571429,7.52721649484536,183,143,26,35,291,27711,17353,10358,2480,5539,22172,7.78272651979359,8.25629378147869,6.98934819463217,7.09775806451613,7.86854430222062,7.76128755637741,108
"112",2016,12,7.57308970099668,301,8.13649425287356,6.8011811023622,6.915,7.88913043478261,7.51607843137255,174,127,30,46,255,28012,17527,10485,2510,5585,22427,7.78047388940454,8.2551044668226,6.98706901287554,7.09557370517928,7.86871385675918,7.75849947384848,109
"113",2017,1,7.67162962962963,405,8.1403557312253,6.89144736842105,6.83777777777778,7.69833333333333,7.66698550724638,253,152,45,60,345,28417,17780,10637,2555,5645,22772,7.77892263750572,8.25347165298087,6.9857026041177,7.09103326810176,7.86690290345439,7.7571130203759,110
"114",2017,2,7.74160535117057,299,8.24616279069767,7.05826771653543,6.9921052631579,7.73243243243243,7.74290076335878,172,127,38,37,262,28716,17952,10764,2593,5682,23034,7.77853407821424,8.25340162600266,6.98655876997399,7.08958349402237,7.86602725976769,7.75695136320222,111
"115",2017,3,7.75606606606607,333,8.14055813953488,7.05550847457627,7.51666666666667,7.74872340425532,7.75727272727273,215,118,27,47,286,29049,18167,10882,2620,5729,23320,7.77827651864092,8.25206616337314,6.98730643264106,7.09398473282443,7.86506491359749,7.75695530445969,112
"116",2017,4,7.68169230769231,325,8.07857142857143,6.95695652173913,7.14166666666667,8.26341463414634,7.59771126760563,210,115,24,41,284,29374,18377,10997,2644,5770,23604,7.77720789099203,8.25008358219512,6.98698905155952,7.09441754916793,7.86789547487002,7.75503930266056,113
"117",2017,5,7.79525423728814,354,8.28248803827751,7.09296551724138,7.11363636363636,7.84803571428571,7.7853355704698,209,145,44,56,298,29728,18586,11142,2688,5826,23902,7.77742278626211,8.25044797105347,6.98836821037516,7.09473214285714,7.86770458118778,7.75541702368002,114
"118",2017,6,7.61923809523809,315,8.19093922651934,6.84701492537313,6.97666666666667,7.79625,7.57410358565737,181,134,30,64,251,30043,18767,11276,2718,5890,24153,7.77576422427853,8.24987403367612,6.98668841787868,7.09342899190581,7.86692816468591,7.75353279923819,115
"119",2017,7,7.93866883116883,308,8.39715736040609,7.12495495495495,6.75,8.05098039215686,7.9163813229572,197,111,32,51,257,30351,18964,11387,2750,5941,24410,7.77741736977365,8.2514040281586,6.98803623430227,7.08943272727273,7.86850814509342,7.75524734535026,116
"120",2017,8,7.81273006134969,326,8.25731707317073,7.0595041322314,7.41304347826087,7.92446808510638,7.79390681003584,205,121,23,47,279,30677,19169,11508,2773,5988,24689,7.77779263259119,8.25146726433303,6.98878767813695,7.09211684096646,7.86894737641951,7.75568421969298,117
"121",2017,9,7.82541806020067,299,8.36235294117647,7.11782945736434,7.33846153846154,7.92777777777778,7.80285714285714,170,129,39,54,245,30976,19339,11637,2812,6042,24934,7.77825234342717,8.25244200785976,6.99021814900748,7.09553342816501,7.8694731694803,7.75614773802839,118
"122",2017,10,7.75078601190476,336,8.28668539325843,7.14705126582278,6.99705882352941,8.05829787234043,7.70077543252595,178,158,34,47,289,31312,19517,11795,2846,6089,25223,7.7779576101814,8.25275431623712,6.99231900805426,7.09435699226985,7.87093067662999,7.75551329342267,119
"123",2017,11,7.59602272727273,352,8.11809045226131,6.91699346405229,6.845,7.851,7.55380794701987,199,153,40,50,302,31664,19716,11948,2886,6139,25525,7.77593509000758,8.25139511006288,6.99135442751925,7.0909009009009,7.87076834826519,7.75312680901077,120
"124",2017,12,7.53994318181818,352,8.1127135678392,6.79496732026144,6.62285714285714,7.93916666666667,7.47690789473684,199,153,35,48,304,32016,19915,12101,2921,6187,25829,7.77334047632434,8.25000933919155,6.98887139079415,7.08529270797672,7.87129899628253,7.74987579077781,121
"125",2018,1,7.64832487964989,457,8.07466093632959,7.04921052631579,6.97843137254902,8.02453125,7.58705972010178,267,190,51,64,393,32473,20182,12291,2972,6251,26222,7.77158110307024,8.24768954811217,6.98980414124156,7.08345895020189,7.87286784354503,7.74743559873389,122
"126",2018,2,7.70956810631229,301,8.13052631578947,6.98900900900901,6.69032258064516,7.93111111111111,7.670625,190,111,31,45,256,32774,20372,12402,3003,6296,26478,7.77101156892659,8.24659682210877,6.98979702467344,7.0794005994006,7.87328413119441,7.74669296283707,123
"127",2018,3,7.85509493670886,316,8.33682795698925,7.16584615384615,7.3030303030303,8.34318181818182,7.77613970588235,186,130,33,44,272,33090,20558,12532,3036,6340,26750,7.77181454094893,8.2474131948633,6.99162326045324,7.08183135704875,7.87654525078864,7.74699238392523,124
"128",2018,4,7.73471571906355,299,8.20643274853801,7.10453125,7.40483870967742,7.99461538461538,7.69573076923077,171,128,31,39,260,33389,20729,12660,3067,6379,27010,7.77148231932672,8.24707513435283,6.99276482622433,7.08509618519726,7.87726710926478,7.74649893631988,125
"129",2018,5,7.71895036231884,276,8.17452260273973,7.20730769230769,6.33333333333333,7.73529411764706,7.7166541322314,146,130,21,34,242,33665,20875,12790,3088,6413,27252,7.77105163998218,8.24656770107783,6.99494548084441,7.07998380829016,7.87651440667394,7.74623391200646,126
"130",2018,6,7.61152709359606,203,8.13715517241379,6.91068965517241,7.08461538461538,7.61592592592593,7.61085227272727,116,87,13,27,176,33868,20991,12877,3101,6440,27428,7.77009547242234,8.2459630679815,6.99437622893531,7.08000322476621,7.87542187732919,7.74536519505615,127
"131",2018,7,7.68467837719298,228,8.11228440559441,6.96529411764706,6.57142857142857,7.85277777777778,7.65315973958333,143,85,14,36,192,34096,21134,12962,3115,6476,27620,7.7695242881863,8.24505855162296,6.99418551921,7.07771749598716,7.8752959990735,7.74472423026792,128
"132",2018,8,7.81194915254237,236,8.24535211267606,7.15723404255319,6.83705882352941,8.04941176470588,7.7719801980198,142,94,17,34,202,34332,21276,13056,3132,6510,27822,7.76981591896773,8.24506051090429,6.9953594286152,7.07641123882503,7.876205359447,7.74492212062396,129
"133",2018,9,7.65485477178423,241,8.15553956834532,6.97254901960784,6.99230769230769,7.74026315789474,7.63886699507389,139,102,13,38,203,34573,21415,13158,3145,6548,28025,7.76901455268562,8.24447945038523,6.99518260373917,7.07606359300477,7.87541644624313,7.74415390686887,130
"134",2018,10,7.61553864686469,303,8.09975417647059,6.99661654135338,6.91206896551724,7.88745931818182,7.56934362934363,170,133,29,44,259,34876,21585,13291,3174,6592,28284,7.76768116584471,8.24333961732683,6.99519695282522,7.07456521739131,7.87549682949029,7.74255314806958,131
"135",2018,11,7.7020819112628,293,8.10288043478261,7.02550458715596,6.75,7.97794117647059,7.66586872586873,184,109,20,34,259,35169,21769,13400,3194,6626,28543,7.7671346452842,8.24215240203958,6.99544348507463,7.07253287413901,7.87602250226381,7.74185731142487,132
"136",2018,12,7.67500336700337,297,8.19295857988166,6.991140625,6.61838709677419,7.5834375,7.68606037735849,169,128,31,32,265,35466,21938,13528,3225,6658,28808,7.76636311791575,8.24177343604703,6.99540277202839,7.06816744186047,7.87461626614599,7.7413440447098,133
"137",2019,1,7.7293417721519,395,8.20036885245902,6.9682119205298,6.96451612903226,7.81449275362319,7.71131901840491,244,151,31,69,326,35861,22182,13679,3256,6727,29134,7.76595533699562,8.24131798936073,6.99510261715038,7.06718058968059,7.87399956890144,7.74100807441477,134
"138",2019,2,7.7848,290,8.25077647058824,7.12466666666667,7.008,8.30333333333333,7.72496923076923,170,120,25,30,260,36151,22352,13799,3281,6757,29394,7.76610650715056,8.24138992662848,6.99622934270599,7.06672965559281,7.87590574219328,7.74086620534803,135
"139",2019,3,7.59487423312883,326,8.02026775956284,7.05048951048951,7.025,7.73555555555556,7.57234519572954,183,143,32,45,281,36477,22535,13942,3313,6802,29675,7.76457618060696,8.23959425959617,6.99678587720557,7.0663265922125,7.87497722728609,7.73927043774221,136
"140",2019,4,7.84372,250,8.31570469798658,7.14742574257426,6.5,8.127,7.7729,149,101,18,50,200,36727,22684,14043,3331,6852,29875,7.76511491110083,8.2400941915006,6.9978693085523,7.06326628640048,7.87681627262113,7.73949557288703,137
"141",2019,5,7.87041928301887,265,8.20491038709677,7.39909090909091,7.81818181818182,8.1047619047619,7.8262830044843,155,110,22,42,223,36992,22839,14153,3353,6894,30098,7.76586928119593,8.2398554117956,7.00098768458984,7.06821950492097,7.87820497534087,7.74013859226527,138
"142",2019,6,7.8064367816092,261,8.28496774193548,7.10669811320755,7.18888888888889,7.73048780487805,7.82059090909091,155,106,18,41,220,37253,22994,14259,3371,6935,30318,7.76615350307358,8.24015950900234,7.00177352549267,7.06886383862356,7.87733166546503,7.74072238769048,139
"143",2019,7,7.89214007782101,257,8.35728476821192,7.22952830188679,7.18260869565217,7.95,7.88331838565022,151,106,23,34,223,37510,23145,14365,3394,6969,30541,7.76701670087977,8.24092364441563,7.00345413853115,7.06963464938126,7.8776861960109,7.741763575194,140
"144",2019,8,7.8906523853211,327,8.30566492227979,7.29291044776119,7.29107142857143,7.89918918918919,7.88956320689655,193,134,28,37,290,37837,23338,14499,3422,7006,30831,7.76808520178661,8.24145904019195,7.00612929857231,7.07144652250146,7.87779975735084,7.74315379585482,141
"145",2019,9,7.65090301003344,299,8.24203592814371,6.9030303030303,6.93783783783784,7.92307692307692,7.61007692307692,167,132,37,39,260,38136,23505,14631,3459,7045,31091,7.7671664511223,8.24146313890661,7.00519914564965,7.07001734605378,7.87805040454223,7.74204093403236,142
"146",2019,10,7.69663141993958,331,8.20451030927835,6.97744525547445,6.86666666666667,7.88589743589744,7.67135273972603,194,137,15,39,292,38467,23699,14768,3474,7084,31383,7.76655951282918,8.2411606430651,7.00494167795233,7.06913932066782,7.87809360530773,7.74138322276392,143
"147",2019,11,7.74744975384615,325,8.2973828021978,7.04753496503497,7.42083333333333,7.72238095238095,7.75117021201413,182,143,36,42,283,38792,23881,14911,3510,7126,31666,7.76639941096102,8.24158911896486,7.00535015760177,7.07274643874644,7.87717584900365,7.74147068938293,144
"148",2019,12,7.6817613897281,331,8.10796227027027,7.14171232876712,7.19583333333333,7.98611111111111,7.64462040677966,185,146,24,36,295,39123,24066,15057,3534,7162,31961,7.7656833312885,8.24056190351532,7.00667239157867,7.07358234295416,7.87772341524714,7.74057676136541,145
"149",2020,1,7.76412100409836,488,8.27416667808219,7.00425704081633,7.1875,8.19981132075472,7.71103689655172,292,196,32,53,435,39611,24358,15253,3566,7215,32396,7.76566408371412,8.24096475244272,7.00664135448764,7.07460459899047,7.88008941094941,7.74018011235955,146
"150",2020,2,7.67551895209581,334,8.11647264550265,7.10075862068966,7.36666666666667,7.94444444444444,7.64303130872483,189,145,30,36,298,39945,24547,15398,3596,7251,32694,7.76491033546126,8.2400062235711,7.00752763865437,7.07704115684094,7.88040892290718,7.73929461827858,147
"151",2020,3,7.6510167761194,335,8.04435886597938,7.10982269503546,7.26923076923077,7.93157894736842,7.61511993265993,194,141,26,38,297,40280,24741,15539,3622,7289,32991,7.76396310749752,8.23847210662462,7.00845585816333,7.07842076200994,7.88067568939498,7.73817674123246,148
"152",2020,4,7.76824074074074,324,8.18329896907217,7.14884615384615,7.01176470588235,7.87040816326531,7.75003636363636,194,130,17,49,275,40604,24935,15669,3639,7338,33266,7.76399724091222,8.23804284700219,7.00962062543876,7.07810937070624,7.88060712728264,7.73827478115794,149
"153",2020,5,7.57791540785499,331,8.13346590909091,6.94709677419355,6.69714285714286,7.57159090909091,7.5788850174216,176,155,35,44,287,40935,25111,15824,3674,7382,33553,7.7624925850739,8.23730987973397,7.0090081888271,7.0744801306478,7.87876525331888,7.73691141984323,150
"154",2020,6,7.75006329113924,316,8.25455089820359,7.18463087248322,6.9924,8.24255319148936,7.66401486988848,167,149,25,47,269,41251,25278,15973,3699,7429,33822,7.76239737145766,8.23742378313157,7.01064643961685,7.07392538523926,7.88106677883968,7.73633164419609,151
"155",2020,7,7.69249190938511,309,8.31521472392638,6.9972602739726,7.06533333333333,8.27777777777778,7.61531135531136,163,146,30,36,273,41560,25441,16119,3729,7465,34095,7.7618776219923,8.23792218820014,7.01052519262982,7.07385626173237,7.88297991962491,7.7353626300044,152
"156",2020,8,7.78801634969325,326,8.33356629032258,7.06321428571429,7.03448275862069,8.04047619047619,7.75068073943662,186,140,29,42,284,41886,25627,16259,3758,7507,34379,7.76208106049754,8.23861637023451,7.01097887815979,7.0735524215008,7.88386107632876,7.73548917071468,153
"157",2020,9,7.81323624595469,309,8.28876470588235,7.23165467625899,7.105,8.06590909090909,7.77128301886792,170,139,20,44,265,42195,25797,16398,3778,7551,34644,7.76245567721294,8.2389468434314,7.01284946822783,7.0737188988883,7.88492187789697,7.73576296617019,154
"158",2020,10,7.68550135501355,369,8.2134,7.06076923076923,6.55322580645161,7.62610169491525,7.6968064516129,200,169,31,59,310,42564,25997,16567,3809,7610,34954,7.76178853726153,8.23875030657383,7.01333829782097,7.06948280388554,7.88291525624179,7.73541746867311,155
"159",2020,11,7.75605187319885,347,8.16062801932367,7.15785714285714,6.68809523809524,7.628125,7.76904761904762,207,140,42,32,315,42911,26204,16707,3851,7642,35269,7.76174214770105,8.23813317508776,7.01454932543246,7.06532329265126,7.88184835121696,7.73571783152343,156
"160",2020,12,7.64232843137255,408,8.30616740088106,6.80977900552486,7.10060606060606,7.29056603773585,7.69484507042254,227,181,33,53,355,43319,26431,16888,3884,7695,35624,7.76061744961795,8.23871748023154,7.01235466485078,7.06562306900103,7.87777584145549,7.73531052661127,157
"161",2021,1,7.80636636563877,454,8.2721085440613,7.17652849740933,7.090625,7.93119642857143,7.78880233668342,261,193,32,56,398,43773,26692,17081,3916,7751,36022,7.761091943207,8.23904398508916,7.01420968210292,7.06582737487232,7.87816179847761,7.7359015471101,158
"162",2021,2,7.79215162983425,362,8.18802752293578,7.19283951388889,6.8625,7.34642857142857,7.85065278125,218,144,28,42,320,44135,26910,17225,3944,7793,36342,7.76134669808542,8.23863069676699,7.01570301712627,7.06438387423936,7.87529604773515,7.7369119591657,159
"163",2021,3,7.87588541310541,351,8.28018535545024,7.26654764285714,6.82142857142857,8.02995652173913,7.85264845901639,211,140,28,46,305,44486,27121,17365,3972,7839,36647,7.76225042260486,8.23895398989712,7.01772537517996,7.06267119838873,7.87620361015435,7.73787519305809,160
"164",2021,4,7.83062908011869,337,8.24364179104478,7.22022058823529,7.31904761904762,8.12682926829268,7.78960135135135,201,136,21,41,296,44823,27322,17501,3993,7880,36943,7.76276452490908,8.23898847668545,7.01929896234501,7.06401953418483,7.87750762690355,7.73828964079799,161
"165",2021,5,7.66042910216718,323,8.13376342857143,7.10074324324324,7.07380952380952,7.7746,7.64382978723404,175,148,21,41,282,45146,27497,17649,4014,7921,37225,7.76203235945598,8.23831878968614,7.01998193325401,7.06407075236672,7.87697496528216,7.73757405507052,162
"166",2021,6,7.70760714285714,280,8.14216867469879,7.07482456140351,6.639,7.48974358974359,7.74286307053942,166,114,20,39,241,45426,27663,17763,4034,7960,37466,7.76169688944657,8.23774181252936,7.02033390418285,7.06196331184929,7.87507772613065,7.73760807665617,163
"167",2021,7,7.72806518987342,316,8.28960451977401,7.01301151079137,6.0474125,8.15685777777778,7.65686346863469,177,139,16,45,271,45742,27840,17902,4050,8005,37737,7.76146455117834,8.23807154310344,7.02027704949168,7.05795520987655,7.87666174890693,7.73702822693908,164
"168",2021,8,7.71595930232558,344,8.12227513227513,7.22051612903226,7.18210526315789,7.62205128205128,7.72796721311475,189,155,19,39,305,46086,28029,18057,4069,8044,38042,7.76112488608254,8.23729072603374,7.02199588746747,7.05853492258541,7.87542731228244,7.73695558067399,165
"169",2021,9,7.72052684563758,298,8.08674431818182,7.1922131147541,6.648,7.53623684210526,7.74746153846154,176,122,25,38,260,46384,28205,18179,4094,8082,38302,7.76086405872714,8.23635131217868,7.02313822212443,7.05602799218369,7.87383250433061,7.73702689676779,166
"170",2021,10,7.58734849431818,352,8.15046596774194,6.95638554216867,6.46363636363636,7.88974358974359,7.54966987220447,186,166,33,39,313,46736,28391,18345,4127,8121,38615,7.75955719723553,8.23578864534535,7.02253419133279,7.05129115580325,7.87390891515823,7.73550824472355,167
"171",2021,11,7.53557971014493,345,8.01323529411765,6.97025316455696,6.92241379310345,7.37058823529412,7.55361736334405,187,158,29,34,311,47081,28578,18503,4156,8155,38926,7.75791593572779,8.23433236860521,7.02208775549911,7.05039186717999,7.87181045984059,7.73405502414839,168
"172",2021,12,7.67656666,500,8.01052510273973,7.20774038461538,6.77446808510638,7.91120689655172,7.64577676470588,292,208,47,58,442,47581,28870,18711,4203,8213,39368,7.75706108530716,8.23206871354346,7.02415155470045,7.04730635260529,7.87208867648849,7.73306388945337,169
"173",2022,1,7.71882391629297,669,8.07061207349081,7.2534375,7.07291666666667,8.02646941176471,7.67404674657534,381,288,48,85,584,48250,29251,18999,4251,8298,39952,7.75653091606217,8.22996570920652,7.0276272298542,7.04759553046342,7.87367006507592,7.73220120394474,170
"174",2022,2,7.73158476658477,407,8.23809829059829,7.04647398843931,6.95142857142857,7.816640625,7.71571428571429,234,173,35,64,343,48657,29485,19172,4286,8362,40295,7.75632224962492,8.23003025131422,7.02779729501356,7.04681021931872,7.87323358048314,7.73206086363072,171
"175",2022,3,7.83009132768362,354,8.1816697235023,7.27321167883212,7.56375,7.72446808510638,7.84626166123778,217,137,24,47,307,49011,29702,19309,4310,8409,40602,7.75685507396299,8.2296769338765,7.02953854368429,7.04968877030163,7.8724020929956,7.73292435914487,172
"176",2022,4,7.68292228323699,346,8.15092491891892,7.14515527950311,7.05666666666667,7.82771428571429,7.66662736334405,185,161,30,35,311,49357,29887,19470,4340,8444,40913,7.75633679397046,8.22918946030046,7.03049459373395,7.0497370046083,7.87221686404548,7.73242040280596,173
"177",2022,5,7.74943376068376,468,8.13926966292135,7.231592039801,7.01428571428571,7.74870689655172,7.74953658536585,267,201,28,58,410,49825,30154,19671,4368,8502,41323,7.75627195464124,8.22839326125886,7.03254942504194,7.04950975274726,7.87137428840273,7.73259022675024,174
"178",2022,6,7.762899175,400,8.19157247826087,7.18292941176471,7.02,7.50614285714286,7.79302142458101,230,170,25,42,358,50225,30384,19841,4393,8544,41681,7.75632473489298,8.22811453626908,7.03383789829142,7.0493418165263,7.86957890917603,7.73310927305007,175
