"","year","month","avg_rating","no_ratings","avg_rating_owned","avg_rating_not_owned","avg_rating_prev_owned","avg_rating_comment","avg_rating_no_comment","no_ratings_owned","no_ratings_not_owned","no_ratings_prev_owned","no_ratings_comment","no_ratings_no_comment","cum_no_ratings","cum_no_ratings_owned","cum_no_ratings_not_owned","cum_no_ratings_prev_owned","cum_no_ratings_comment","cum_no_ratings_no_comment","cum_avg_rating","cum_avg_rating_owned","cum_avg_rating_not_owned","cum_avg_rating_prev_owned","cum_avg_rating_comment","cum_avg_rating_no_comment","month_after_release"
"1",2008,8,6.99285714285714,14,8.21428571428571,5.77142857142857,NA,6.4,7.32222222222222,7,7,0,5,9,14,7,7,0,5,9,6.99285714285714,8.21428571428571,5.77142857142857,NA,6.4,7.32222222222222,0
"2",2008,9,8.40833333333333,24,8.88461538461539,7.84545454545455,7.5,7.42857142857143,8.81176470588235,13,11,2,7,17,38,20,18,2,12,26,7.88684210526316,8.65,7.03888888888889,7.5,7,8.29615384615385,1
"3",2008,10,7.775,12,8.96,6.92857142857143,6.65,7.7,8,5,7,2,9,3,50,25,25,4,21,29,7.86,8.712,7.008,7.075,7.3,8.26551724137931,2
"4",2008,11,7.73935042735043,117,8.75166666666667,6.67375438596491,7.5,7.21666666666667,8.06602777777778,60,57,4,45,72,167,85,82,8,66,101,7.77547305389221,8.74,6.77565853658537,7.2875,7.24318181818182,8.12330693069307,3
"5",2008,12,8.09908333333333,180,8.5507264957265,7.26031746031746,7.7,7.84354838709677,8.23334745762712,117,63,10,62,118,347,202,145,18,128,219,7.94334005763689,8.63037128712871,6.98623448275862,7.51666666666667,7.533984375,8.18259817351598,4
"6",2009,1,8.15366795366795,259,8.6819018404908,7.25677083333333,8.11111111111111,7.88901098901099,8.29702380952381,163,96,18,91,168,606,365,241,36,219,387,8.03323267326733,8.65338356164384,7.094,7.81388888888889,7.68150684931507,8.23227131782946,5
"7",2009,2,7.87511961722488,209,8.38108108108108,7.30204081632653,8.59090909090909,7.63134328358209,7.99014084507042,111,98,11,67,142,815,476,339,47,286,529,7.99268588957055,8.58988445378151,7.15414159292035,7.99574468085106,7.66975524475525,8.16727599243856,6
"8",2009,3,7.85241935483871,248,8.59833333333333,7.153125,8.025,7.84375,7.8554347826087,120,128,16,64,184,1063,596,467,63,350,713,7.95996142991533,8.5915855704698,7.15386295503212,8.0031746031746,7.70157142857143,8.08680084151473,7
"9",2009,4,7.78766949152542,236,8.58303571428571,7.06927419354839,7.52941176470588,7.57380952380952,7.86554913294798,112,124,17,63,173,1299,708,591,80,413,886,7.9286597382602,8.59023305084746,7.13611505922166,7.9025,7.68208232445521,8.0435993227991,8
"10",2009,5,7.65222535211268,213,8.28883495145631,7.05612727272727,8.09333333333333,7.65489285714286,7.65127388535032,103,110,15,56,157,1512,811,701,95,469,1043,7.88971759259259,8.55195437731196,7.1235634807418,7.93263157894737,7.67883582089552,7.98454362416107,9
"11",2009,6,7.67230392156863,204,8.29,7.18464912280702,7.134375,7.89148936170213,7.60668789808917,90,114,16,47,157,1716,901,815,111,516,1200,7.86387121212121,8.52578801331854,7.13210797546012,7.81756756756757,7.69820542635659,7.9351075,10
"12",2009,7,7.97755102040816,196,8.54905660377358,7.30444444444444,7.56666666666667,7.67439024390244,8.05774193548387,106,90,15,41,155,1912,1007,905,126,557,1355,7.87552458158996,8.52823733862959,7.14924640883978,7.78769841269841,7.69645242369838,7.94913579335793,11
"13",2009,8,7.93020833333333,192,8.69777777777778,7.25294117647059,7.40476190476191,7.82244897959184,7.96713286713287,90,102,21,49,143,2104,1097,1007,147,606,1498,7.8805147338403,8.54214676390155,7.15974975173783,7.73299319727891,7.7066402640264,7.95085380507343,12
"14",2009,9,7.90959183673469,245,8.53617886178862,7.27786885245902,7.56363636363636,7.646875,8.0024861878453,123,122,22,64,181,2349,1220,1129,169,670,1679,7.88354746700724,8.54154508196721,7.17251372896368,7.71094674556213,7.70093134328358,7.95641989279333,13
"15",2009,10,7.83211009174312,218,8.51293103448276,7.0578431372549,7.19615384615385,8.09811320754717,7.74666666666667,116,102,13,53,165,2567,1336,1231,182,723,1844,7.87917919750682,8.53906062874252,7.16301218521527,7.67417582417582,7.73004702627939,7.93765130151844,14
"16",2009,11,7.77648305084746,236,8.41895161290322,7.06517857142857,7.26923076923077,7.82894736842105,7.75977653631285,124,112,13,57,179,2803,1460,1343,195,780,2023,7.87053264359615,8.5288595890411,7.15485331347729,7.64717948717949,7.73727435897436,7.92191250617894,15
"17",2009,12,7.81666666666667,237,8.47906976744186,7.02546296296296,6.875,7.75483870967742,7.83857142857143,129,108,24,62,175,3040,1589,1451,219,842,2198,7.86633322368421,8.52481749528005,7.14522260509993,7.56255707762557,7.738567695962,7.91527707006369,16
"18",2010,1,7.85,296,8.5986301369863,7.12133333333333,7.55555555555556,7.75909090909091,7.87608695652174,146,150,27,66,230,3336,1735,1601,246,908,2428,7.86488399280575,8.5310288184438,7.14298438475952,7.56178861788618,7.74005947136564,7.91156466227348,17
"19",2010,2,7.70053191489362,188,8.40707070707071,6.91460674157303,7.23333333333333,7.18285714285714,7.81895424836601,99,89,15,35,153,3524,1834,1690,261,943,2581,7.85611606129398,8.52433751363141,7.1309573964497,7.54291187739464,7.71937857900318,7.90607477721813,18
"20",2010,3,7.66979695431472,197,8.34040404040404,6.99234693877551,8.06923076923077,7.72363636363636,7.64894366197183,99,98,13,55,142,3721,1933,1788,274,998,2723,7.84625181402849,8.51491722710812,7.12336017897092,7.56788321167883,7.71961322645291,7.89266580976864,19
"21",2010,4,7.83012048192771,166,8.3555,7.03409090909091,7.40625,7.66625,7.88214285714286,100,66,16,40,126,3887,2033,1854,290,1038,2849,7.84556290198096,8.50707575012297,7.12018230852211,7.55896551724138,7.71755684007707,7.89220042120042,20
"22",2010,5,7.75436241610738,149,8.26666666666667,7.03548387096774,7.53333333333333,7.48214285714286,7.81735537190083,87,62,15,28,121,4036,2120,1916,305,1066,2970,7.84219598612488,8.49720990566038,7.11744154488518,7.55770491803279,7.71137335834897,7.88915117845118,21
"23",2010,6,7.64717741935484,124,8.21029411764706,6.96339285714286,6.75,7.38636363636364,7.70343137254902,68,56,12,22,102,4160,2188,1972,317,1088,3072,7.83638293269231,8.48829296160877,7.11306693711968,7.52712933753943,7.70480147058824,7.88298470052084,22
"24",2010,7,7.76920289855072,138,8.39675324675325,6.97704918032787,6.84705882352941,7.6,7.81036036036036,77,61,17,27,111,4298,2265,2033,334,1115,3183,7.83422591903211,8.48518101545254,7.10898573536645,7.49251497005988,7.70226367713005,7.880452089224,23
"25",2010,8,7.74049079754601,163,8.50344827586207,6.8671052631579,7.41111111111111,7.96388888888889,7.67716535433071,87,76,9,36,127,4461,2352,2109,343,1151,3310,7.83080094149294,8.48585671768707,7.10026932195353,7.49037900874636,7.71044656820157,7.87265226586103,24
"26",2010,9,7.91408450704225,142,8.49320987654321,7.14508196721312,7.25,7.55555555555556,8.03584905660377,81,61,8,36,106,4603,2433,2170,351,1187,3416,7.83337019335216,8.48610152075627,7.10152903225806,7.48490028490028,7.70574894692502,7.87771633489462,25
"27",2010,10,7.775,152,8.47272727272727,7.05866666666667,7,7.3343137254902,7.99752475247525,77,75,15,51,101,4755,2510,2245,366,1238,3517,7.83150431125131,8.48569123505976,7.10009710467706,7.46502732240437,7.69044749596123,7.88115695194768,26
"28",2010,11,7.87209302325581,215,8.52435897435898,7.09336734693878,7.5375,8.03306451612903,7.80686274509804,117,98,16,62,153,4970,2627,2343,382,1300,3670,7.83326016096579,8.48741339931481,7.09981562099872,7.46806282722513,7.70678769230769,7.87805967302453,27
"29",2010,12,7.85182648401826,219,8.53538461538461,6.85337078651685,6.71875,8.22596153846154,7.73532934131737,130,89,16,52,167,5189,2757,2432,398,1352,3837,7.83404374638659,8.48967537178092,7.090796875,7.43793969849246,7.72675591715976,7.87184753713839,28
"30",2011,1,7.91159663865546,238,8.46138211382114,7.3235652173913,7.24,8.05576923076923,7.87129032258064,123,115,25,52,186,5427,2880,2547,423,1404,4023,7.83744481297218,8.48846701388889,7.10130663525717,7.42624113475177,7.7389415954416,7.87182177479493,29
"31",2011,2,8.10681865284974,193,8.58591379310345,7.38506493506493,7.78125,7.95036363636364,8.15302013422819,116,77,16,44,149,5620,2996,2624,439,1448,4172,7.84669555160142,8.49223998664886,7.10963338414634,7.43917995444191,7.74536602209945,7.88186457334612,30
"32",2011,3,8.02470085470086,234,8.5875,7.29637254901961,7.57222222222222,8.02547169811321,8.02447513812155,132,102,18,53,181,5854,3128,2726,457,1501,4353,7.85381089853092,8.49625991048593,7.11662068965517,7.44442013129103,7.75525649566955,7.88779439467034,31
"33",2011,4,7.93921568627451,204,8.52280701754386,7.2,7.16666666666667,7.946,7.93701298701299,114,90,24,50,154,6058,3242,2816,481,1551,4507,7.85668686034995,8.49719339913633,7.11928551136364,7.43056133056133,7.7614055448098,7.88947614821389,32
"34",2011,5,7.83207547169811,159,8.54588235294118,7.01216216216216,5.96,7.37586206896552,7.93384615384615,85,74,15,29,130,6217,3327,2890,496,1580,4637,7.85605742319447,8.49843733092876,7.11654256055363,7.38608870967742,7.75432911392405,7.89072007763641,33
"35",2011,6,7.79454545454545,165,8.31891891891892,7.36813186813187,7.75,7.28529411764706,7.92671755725191,74,91,12,34,131,6382,3401,2981,508,1614,4768,7.85446709495456,8.49453131431932,7.12422274404562,7.39468503937008,7.74444857496902,7.891709102349,34
"36",2011,7,7.73522727272727,132,8.55746268656717,6.88769230769231,6.97777777777778,7.9125,7.6785,67,65,9,32,100,6514,3468,3046,517,1646,4868,7.85205081363218,8.49574711649365,7.11917531188444,7.38742746615087,7.74771567436209,7.88732929334429,35
"37",2011,8,7.80842105263158,190,8.52043010752688,7.12577319587629,7.86315789473684,7.71707317073171,7.83355704697987,93,97,19,41,149,6704,3561,3143,536,1687,5017,7.85081428997613,8.49639174389216,7.11937893732103,7.40429104477612,7.74697095435685,7.88573231014551,36
"38",2011,9,7.75248520710059,169,8.40925531914894,6.92933333333333,6.375,7.43216216216216,7.84227272727273,94,75,8,37,132,6873,3655,3218,544,1724,5149,7.8483964789757,8.49415075239398,7.11494965817278,7.38915441176471,7.74021461716937,7.88461817828705,37
"39",2011,10,7.78878048780488,205,8.475,6.96236559139785,7.42,7.55875,7.84454545454545,112,93,15,40,165,7078,3767,3311,559,1764,5314,7.84666982198361,8.49358136448102,7.11066384778013,7.38998211091234,7.73609977324263,7.88337391795258,38
"40",2011,11,7.68722466960352,227,8.47685185185185,6.97058823529412,7.328125,7.45677966101695,7.76815476190476,108,119,16,59,168,7305,3875,3430,575,1823,5482,7.8417151266256,8.49311509677419,7.10580408163266,7.38826086956522,7.72705979155239,7.87984294053265,39
"41",2011,12,7.98553299492386,197,8.41100917431193,7.45852272727273,7.49545454545455,7.81375,8.02929936305732,109,88,11,40,157,7502,3984,3518,586,1863,5639,7.84549173553719,8.4908687248996,7.11462706083002,7.39027303754266,7.72892109500805,7.88400407873737,40
"42",2012,1,7.80140845070423,284,8.37635135135135,7.17573529411765,8.04565217391304,7.70333333333333,7.82767857142857,148,136,23,60,224,7786,4132,3654,609,1923,5863,7.84388376573337,8.48676694094869,7.11690147783251,7.41502463054187,7.728122724909,7.88185212348627,41
"43",2012,2,7.87418604651163,215,8.39449152542373,7.24123711340206,7.52173913043478,7.74,7.90970588235294,118,97,23,45,170,8001,4250,3751,632,1968,6033,7.84469803774528,8.48420494117647,7.12011676886164,7.4189082278481,7.72839430894309,7.88263699651915,42
"44",2012,3,7.83812154696133,181,8.53296703296703,7.13555555555556,6.475,8.15125,7.74929078014184,91,90,10,40,141,8182,4341,3841,642,2008,6174,7.84455255438768,8.48522713660447,7.12047852121843,7.40420560747664,7.73681772908367,7.87959167476515,43
"45",2012,4,7.94169680851064,188,8.56824770642202,7.07721518987342,7.8326,7.787225,7.98344594594595,109,79,15,40,148,8370,4450,3920,657,2048,6322,7.84673452807646,8.4872606741573,7.11960663265306,7.41398630136986,7.73780224609375,7.88202293577982,44
"46",2012,5,7.82301075268817,186,8.47578431372549,7.03035714285714,7.34444444444444,7.51791666666667,7.86820987654321,102,84,18,24,162,8556,4552,4004,675,2072,6484,7.84621879382889,8.48700351493849,7.11773426573427,7.41213185185185,7.73525530888031,7.8816778223319,45
"47",2012,6,7.9041875,160,8.56322916666667,6.915625,7.63636363636364,8.02818181818182,7.88442028985507,96,64,11,22,138,8716,4648,4068,686,2094,6622,7.8472829279486,8.48857788296041,7.11455457227139,7.41572740524781,7.73833285577842,7.881734974328,46
"48",2012,7,7.93441558441558,154,8.58139534883721,7.11617647058824,7.23529411764706,8.05128205128205,7.89478260869565,86,68,17,39,115,8870,4734,4136,703,2133,6737,7.84879571589628,8.49026404731728,7.11458123791103,7.41136415362731,7.74405485232068,7.881957696304,47
"49",2012,8,7.96172839506173,162,8.46373626373626,7.31830985915493,7.14285714285714,7.69210526315789,8.04435483870968,91,71,7,38,124,9032,4825,4207,710,2171,6861,7.8508213020372,8.48976373056995,7.11801949132399,7.40871690140845,7.74314555504376,7.88489272700773,48
"50",2012,9,7.86244318181818,176,8.62081632653061,6.90961538461538,7.84,7.37194444444444,7.98857142857143,98,78,10,36,140,9208,4923,4285,720,2207,7001,7.85104344048653,8.49237253707089,7.11422590431739,7.41470694444444,7.73709062075215,7.88696600485645,49
"51",2012,10,7.91120879120879,182,8.43465346534654,7.25851851851852,8,7.75290322580645,7.94370860927152,101,81,14,31,151,9390,5024,4366,734,2238,7152,7.85220958466453,8.49121218152866,7.11690288593678,7.42587057220708,7.73730965147453,7.88816401006712,50
"52",2012,11,7.76454935622318,233,8.44991452991453,7.07327586206897,7.5,7.47916666666667,7.83859459459459,117,116,22,48,185,9623,5141,4482,756,2286,7337,7.85008708303024,8.4902723205602,7.11577376171352,7.42802777777778,7.73188932633421,7.88691413384217,51
"53",2012,12,7.73720379146919,211,8.39724409448819,6.73928571428571,6.67647058823529,7.59772727272727,7.77395209580838,127,84,17,44,167,9834,5268,4566,773,2330,7504,7.84766503965833,8.48802961275626,7.10884756898817,7.41149935316947,7.72935579399142,7.88440018656717,52
"54",2013,1,7.86850318471338,314,8.45217391304348,7.04238461538462,7.40909090909091,7.80982142857143,7.88124031007752,184,130,22,56,258,10148,5452,4696,795,2386,7762,7.84830981474182,8.48681951577403,7.10700766609881,7.41143270440251,7.73124434199497,7.88429515588766,53
"55",2013,2,7.98672566371681,226,8.59831932773109,7.30654205607477,7.57222222222222,7.86744186046512,8.01475409836066,119,107,18,43,183,10374,5571,4803,813,2429,7945,7.85132523616734,8.48920122060671,7.11145284197377,7.4149926199262,7.73365541375051,7.88730006293267,54
"56",2013,3,7.88266331658291,199,8.43300970873786,7.2921875,7.58478260869565,7.95757575757576,7.86777108433735,103,96,23,33,166,10573,5674,4899,836,2462,8111,7.85191506667928,8.48818117729996,7.11499448867116,7.41966387559808,7.73665678310317,7.88690038219702,55
"57",2013,4,8.06045662100457,219,8.48931623931624,7.56852941176471,7.6375,7.7375,8.13262569832402,117,102,20,40,179,10792,5791,5001,856,2502,8290,7.85614696071164,8.48820410982559,7.12424475104979,7.4247535046729,7.73667026378897,7.89220615199035,56
"58",2013,5,7.79702380952381,168,8.32258064516129,7.14533333333333,7.53846153846154,7.28478260869565,7.87827586206897,93,75,13,23,145,10960,5884,5076,869,2525,8435,7.85524069343066,8.48558633582597,7.12455634357762,7.42645454545454,7.73255405940594,7.89196668642561,57
"59",2013,6,7.84526862637363,182,8.27227722772277,7.31282580246914,7.23214285714286,7.72297297297297,7.87647510344828,101,81,14,37,145,11142,5985,5157,883,2562,8580,7.85507780380542,8.48198663324979,7.12751345549738,7.42337372593431,7.73241569086651,7.89170488228439,58
"60",2013,7,7.90212765957447,235,8.59663865546218,7.18965517241379,6.98125,7.32083333333333,8.05133689839572,119,116,16,48,187,11377,6104,5273,899,2610,8767,7.85604965192933,8.48422182175622,7.12888050256021,7.41550500556173,7.72484636015326,7.89510983118513,59
"61",2013,8,7.91318407960199,201,8.40301724137931,7.24470588235294,7.01,7.93636363636364,7.90863095238095,116,85,10,33,168,11578,6220,5358,909,2643,8935,7.85704153480739,8.48270739549839,7.13071797125793,7.41104400440044,7.72748732500946,7.89536406155568,60
"62",2013,9,7.93356481481482,216,8.55450450450451,7.27714285714286,7.75263157894737,7.7046875,7.97336956521739,111,105,19,32,184,11794,6331,5463,928,2675,9119,7.85844301254875,8.48396619807297,7.13353228812008,7.41803771551724,7.72721457943925,7.89693802938919,61
"63",2013,10,7.93062200956938,209,8.44774774774775,7.34489795918367,7.86176470588235,7.87794117647059,7.94085714285714,111,98,17,34,175,12003,6442,5561,945,2709,9294,7.85969981587936,8.48334212977336,7.13725712821435,7.4260201058201,7.72910631229236,7.89776499784808,62
"64",2013,11,7.60964912280702,228,8.31709401709402,6.86396396396396,7.06,7.21142857142857,7.68186528497409,117,111,20,35,193,12231,6559,5672,965,2744,9487,7.8550385814733,8.480376581796,7.13190883110014,7.41843419689119,7.72250327988338,7.89337281437757,63
"65",2013,12,7.77489626556017,241,8.29016393442623,7.24663865546218,6.79166666666667,7.58375,7.81293532338308,122,119,18,40,201,12472,6681,5791,983,2784,9688,7.85348996872995,8.47690315820985,7.13426642894146,7.40695727365208,7.72050969827586,7.89170395231214,64
"66",2014,1,7.83086053412463,337,8.48304597701149,7.13466257668712,7.20151515151515,7.25,7.93444055944056,174,163,33,51,286,12809,6855,5954,1016,2835,9974,7.8528945967679,8.4770590809628,7.13427727410144,7.4002844488189,7.7120455026455,7.89292940545418,65
"67",2014,2,7.74875518672199,241,8.48739837398374,6.97881355932203,7.32692307692308,7.75142857142857,7.74830097087379,123,118,26,35,206,13050,6978,6072,1042,2870,10180,7.8509714091954,8.47724132989395,7.13125607542819,7.39845393474088,7.71252578397212,7.89000273968566,66
"68",2014,3,7.71078189300411,243,8.30886956521739,7.1734375,7.025,7.2625,7.79911330049261,115,128,28,40,203,13293,7093,6200,1070,2910,10383,7.84840870307681,8.47451149020161,7.13212691774194,7.38868130841121,7.70633986254295,7.88822574304151,67
"69",2014,4,7.55702247191011,178,8.31505376344086,6.72764705882353,7.27777777777778,7.64583333333333,7.54318181818182,93,85,18,24,154,13471,7186,6285,1088,2934,10537,7.84455845074605,8.47244781519622,7.12665662529833,7.38684650735294,7.70584492160872,7.88318286893803,68
"70",2014,5,7.69881656804734,169,8.48214285714286,6.92470588235294,6.67857142857143,7.576,7.72013888888889,84,85,14,25,144,13640,7270,6370,1102,2959,10681,7.84275270454545,8.4725598349381,7.12396183516483,7.37784845735027,7.70474788779993,7.88098472895796,69
"71",2014,6,7.83698224852071,169,8.32126436781609,7.32317073170732,7.525,7.324,7.92604166666667,87,82,12,25,144,13809,7357,6452,1114,2984,10825,7.84268208342385,8.4707706945766,7.1264936283323,7.37943357271095,7.70155797587131,7.88158410069284,70
"72",2014,7,7.57925742574257,202,8.37592592592593,6.66393617021277,6.88235294117647,8,7.49107784431138,108,94,17,35,167,14011,7465,6546,1131,3019,10992,7.83888422596531,8.4693985264568,7.11985134280477,7.37196198054819,7.70501788671745,7.87565119086609,71
"73",2014,8,7.76872037914692,211,8.24385964912281,7.21030927835052,6.89,7.78285714285714,7.76590909090909,114,97,20,35,176,14222,7579,6643,1151,3054,11168,7.83784326325411,8.4660060694023,7.12117219479151,7.36358731537793,7.70590995415848,7.87392173083811,72
"74",2014,9,7.84473170731707,205,8.45045454545455,7.14336842105263,6.756,7.26666666666667,7.96786982248521,110,95,20,36,169,14427,7689,6738,1171,3090,11337,7.83794114438206,8.46578358694239,7.12148514247551,7.35321007685739,7.7007925566343,7.87532220957926,73
"75",2014,10,7.64602739726027,219,8.30151515151515,7.10525,7.41923076923077,7.45,7.68205405405405,99,120,26,34,185,14646,7788,6858,1197,3124,11522,7.83507147958487,8.46369542886492,7.12120106299213,7.35464411027569,7.69806306017926,7.87221904964416,74
"76",2014,11,7.71813953488372,215,8.29310344827586,7.04444444444444,7.03181818181818,7.49857142857143,7.76083333333333,116,99,22,35,180,14861,7904,6957,1219,3159,11702,7.83337977861516,8.46119180161944,7.12010879545781,7.34881788351107,7.69585280151947,7.8705057161169,75
"77",2014,12,7.74297413793103,232,8.23151260504202,7.22849557522124,7.00434782608696,7.47380952380952,7.80247368421053,119,113,23,42,190,15093,8023,7070,1242,3201,11892,7.8319901205857,8.45778511778637,7.12184114427157,7.34243880837359,7.69293939393939,7.86941875967037,76
"78",2015,1,7.67943708609272,302,8.37666666666667,6.99138157894737,6.9036,7.67875,7.67954198473282,150,152,25,40,262,15395,8173,7222,1267,3241,12154,7.82899752452095,8.45629634161263,7.11909538770424,7.33377979479084,7.69276427028695,7.86532564505513,77
"79",2015,2,7.77051886792453,212,8.46009174311927,7.04077669902913,7.6375,7.98076923076923,7.74112903225806,109,103,16,26,186,15607,8282,7325,1283,3267,12340,7.828203171013,8.4563462931659,7.11799411467577,7.33756742010912,7.69505632078359,7.86345363776337,78
"80",2015,3,7.80155303030303,264,8.54338235294118,7.013359375,6.76296296296296,7.52219512195122,7.85291479820628,136,128,27,41,223,15871,8418,7453,1310,3308,12563,7.82775986957343,8.45775243525778,7.11619708707903,7.32572442748092,7.6929138452237,7.8632665676988,79
"81",2015,4,7.67238095238095,189,8.3169696969697,6.96333333333333,7.02,7.11714285714286,7.79857142857143,99,90,15,35,154,16060,8517,7543,1325,3343,12717,7.8259313132005,8.45611600328754,7.11437317910646,7.32226339622641,7.686885731379,7.86248312416451,80
"82",2015,5,7.75510989010989,182,8.30106382978723,7.17193181818182,7.103,7.565625,7.79553333333333,94,88,10,32,150,16242,8611,7631,1335,3375,12867,7.82513772257111,8.45442341191499,7.1150369401127,7.32062097378277,7.685736,7.86170264164141,81
"83",2015,6,7.60840909090909,176,8.1132183908046,7.11494382022472,6.44444444444444,7.51612903225806,7.62813793103448,87,89,18,31,145,16418,8698,7720,1353,3406,13012,7.82281440431234,8.45101057714417,7.11503586658031,7.3089645232816,7.68419230769231,7.8590998993237,82
"84",2015,7,7.90552884615385,208,8.35853658536585,7.25,7.409375,8.17428571428571,7.85115606936416,123,85,16,35,173,16626,8821,7805,1369,3441,13185,7.82384920546132,8.44972112005442,7.11650568737988,7.31013805697589,7.68917727404824,7.85899566856276,83
"85",2015,8,7.71165322580645,248,8.32971014492754,6.93627272727273,6.625,7.646,7.72823232323232,138,110,20,50,198,16874,8959,7915,1389,3491,13383,7.82220024238473,8.44787253041635,7.11400087049905,7.30027285817135,7.68855886565454,7.85706103937832,84
"86",2015,9,7.70550660792952,227,8.38453703703704,7.08924369747899,6.85555555555556,7.68055555555556,7.71020942408377,108,119,27,36,191,17101,9067,8034,1416,3527,13574,7.82065124203263,8.44711812065733,7.11363416604431,7.29179307909605,7.68847717607031,7.85499468763813,85
"87",2015,10,7.6468281938326,227,8.29813084112149,7.06608333333333,7.2932,7.41666666666667,7.69020942408377,107,120,25,36,191,17328,9174,8154,1441,3563,13765,7.81837412800092,8.44538042293438,7.1129343745401,7.29181748785566,7.68573084479371,7.85270816491101,86
"88",2015,11,7.53595041322314,242,8.11173913043478,7.01456692913386,7.13913043478261,7.46052631578947,7.55,115,127,23,38,204,17570,9289,8281,1464,3601,13969,7.81448417131474,8.44124986543224,7.11142578070281,7.289418715847,7.68335434601499,7.84828748586155,87
"89",2015,12,7.55905511811024,254,8.25642857142857,6.70263157894737,7.51052631578947,7.81136363636364,7.50619047619048,140,114,19,44,210,17824,9429,8395,1483,3645,14179,7.81084419266158,8.43850567398452,7.10587455509232,7.29225151719488,7.68489958847737,7.84322081176388,88
"90",2016,1,7.54253822629969,327,8.23094339622642,6.89101190476191,6.764,7.45649122807018,7.5607037037037,159,168,25,57,270,18151,9588,8563,1508,3702,14449,7.80601051677593,8.43506362119316,7.10165910195025,7.28349403183024,7.68138276607239,7.83794158004014,89
"91",2016,2,7.57677725118483,211,8.31603773584906,6.83047619047619,6.74,7.6551724137931,7.56428571428571,106,105,20,29,182,18362,9694,8668,1528,3731,14631,7.8033763691319,8.43376212089953,7.09837412205814,7.27638023560209,7.68117904047172,7.83453748137516,90
"92",2016,3,7.45073170731707,205,8.4,6.73675213675214,7.18333333333333,7.20714285714286,7.48926553672316,88,117,18,28,177,18567,9782,8785,1546,3759,14808,7.79948278612592,8.43345839296668,7.09355798406374,7.27529689521345,7.67764804469274,7.83041044638034,91
"93",2016,4,7.82360465116279,258,8.6528813559322,7.12464285714286,6.9,7.83589743589744,7.82141552511415,118,140,23,39,219,18825,9900,8925,1569,3798,15027,7.79981338061089,8.43607373737374,7.09404558991596,7.26979541108987,7.67927303844128,7.83027935649165,92
"94",2016,5,7.6653813559322,236,8.35552845528455,6.9141592920354,7.27272727272727,7.091,7.74902912621359,123,113,11,30,206,19061,10023,9038,1580,3828,15233,7.79814893709669,8.43508530380126,7.0917965136092,7.26981582278481,7.67466274817137,7.82918058754021,93
"95",2016,6,7.81877828054299,221,8.46803278688525,7.01868686868687,7.06666666666667,7.85576923076923,7.81384615384615,122,99,15,26,195,19282,10145,9137,1595,3854,15428,7.79838537962867,8.43548151798916,7.09100436576557,7.26790532915361,7.67588453554748,7.82898677015815,94
"96",2016,7,7.47918552036199,221,8.10094339622641,6.90608695652174,7.765,6.82068965517241,7.57864583333333,106,115,20,29,192,19503,10251,9252,1615,3883,15620,7.79476833769164,8.43202224173252,7.0887058895374,7.2740613003096,7.66949755343806,7.82590959603073,95
"97",2016,8,7.69874074074074,270,8.21792452830189,6.95504504504505,7.0375,8.10769230769231,7.65516393442623,159,111,20,26,244,19773,10410,9363,1635,3909,15864,7.79345708238507,8.42875216138329,7.08712131688561,7.27116758409786,7.67241212586339,7.82328340204236,96
"98",2016,9,7.45,255,8.25364341085271,6.62722222222222,6.4,7.56304347826087,7.42511961722488,129,126,15,46,209,20028,10539,9489,1650,3955,16073,7.78908412672259,8.42660878641238,7.08101453156286,7.26324787878788,7.67114007585335,7.81810600945686,97
"99",2016,10,7.78472413793103,290,8.35745222929936,7.10864661654135,6.85714285714286,7.788,7.78404166666667,157,133,21,50,240,20318,10696,9622,1671,4005,16313,7.78902189634807,8.42559367988033,7.08139647578466,7.25814422501496,7.67259900124844,7.81760484828051,98
"100",2016,11,7.59887719298246,285,8.32664233576642,6.9252027027027,7.49565217391304,7.7,7.57941422594142,137,148,23,46,239,20603,10833,9770,1694,4051,16552,7.78639163665486,8.424342287455,7.07903038792221,7.26136894923259,7.67291014564305,7.81416553226196,99
"101",2016,12,7.66584677419355,248,8.33139534883721,6.94436974789916,7.1,7.86290322580645,7.63769585253456,129,119,15,31,217,20851,10962,9889,1709,4082,16769,7.7849578864323,8.42324849480022,7.07740993932652,7.25995260386191,7.67435301322881,7.8118819184209,100
"102",2017,1,7.61896657381616,359,8.25098159509202,7.09336224489796,6.78095238095238,7.32775925925926,7.67052459016393,163,196,42,54,305,21210,11125,10085,1751,4136,17074,7.78214832107496,8.42072449438202,7.07771996926128,7.24846316390634,7.66982785299806,7.80935679337004,101
"103",2017,2,7.71125461254613,271,8.34662162162162,6.94674796747967,7.39655172413793,7.83846153846154,7.68987068965517,148,123,29,39,232,21481,11273,10208,1780,4175,17306,7.78125394022625,8.41975161891245,7.07614183875392,7.25087584269663,7.67140311377245,7.80775499191032,102
"104",2017,3,7.63876865671642,268,8.06845588235294,7.19606060606061,6.47619047619048,7.42714285714286,7.67809734513274,136,132,21,42,226,21749,11409,10340,1801,4217,17532,7.77949817876684,8.41556402839863,7.07767271663443,7.24184286507496,7.66897035807446,7.80608361225188,103
"105",2017,4,7.59520912547528,263,8.06783582089552,7.10426356589147,6.75,7.45185185185185,7.61161016949153,134,129,18,27,236,22012,11543,10469,1819,4244,17768,7.77729628793385,8.41152733258252,7.07800037157321,7.2369758108851,7.667589066918,7.80350055661864,104
"106",2017,5,7.87626050420168,238,8.41397058823529,7.1593137254902,7.46052631578947,7.39677419354839,7.94806763285024,136,102,19,31,207,22250,11679,10571,1838,4275,17975,7.77835487146067,8.41155578388561,7.07878496736354,7.23928672470076,7.66562526315789,7.80516539026426,105
"107",2017,6,7.56753424657534,219,8.06021739130435,7.21062992125984,7.26190476190476,7.67172413793103,7.55163157894737,92,127,21,29,190,22469,11771,10698,1859,4304,18165,7.77630005296186,8.40880978676408,7.08035014862591,7.23954222700377,7.66566635687732,7.80251350894577,106
"108",2017,7,7.55643835616438,219,8.26659574468085,7.0224,7.1875,7.42592592592593,7.57479166666667,94,125,24,27,192,22688,11865,10823,1883,4331,18357,7.77417779839563,8.40768310155921,7.07968085466137,7.23887891662241,7.6641717848072,7.80013171487716,107
"109",2017,8,7.73309012875536,233,8.39632075471698,7.17952755905512,7.15,7.8004,7.725,106,127,20,25,208,22921,11971,10950,1903,4356,18565,7.77376012783037,8.40758249101996,7.08083889406393,7.23794482396216,7.6649536271809,7.79928994828979,108
"110",2017,9,7.67995670995671,231,8.28728813559322,7.04575221238938,7.01851851851852,7.875,7.65305418719212,118,113,27,28,203,23152,12089,11063,1930,4384,18768,7.77282420050104,8.40640830507072,7.08048051071138,7.23487512953368,7.66629516423358,7.79770822090793,109
"111",2017,10,7.6789224137931,232,8.24009009009009,7.16413223140496,7.40588235294118,7.36774193548387,7.72691542288557,111,121,17,31,201,23384,12200,11184,1947,4415,18969,7.77189257141635,8.40489508196721,7.08138554095136,7.23636825885978,7.66419886749717,7.79695808371553,110
"112",2017,11,7.44464944649446,271,8.28923076923077,6.66595744680851,6.525,7.12926829268293,7.50086956521739,130,141,20,41,230,23655,12330,11325,1967,4456,19199,7.76814355907842,8.40367558799676,7.07621332362031,7.22913523131673,7.65927692998205,7.79341100526069,111
"113",2017,12,7.54029850746269,268,8.17111111111111,6.9,7.05882352941176,7.70285714285714,7.51587982832618,135,133,17,35,233,23923,12465,11458,1984,4491,19432,7.76559110019646,8.40115683914962,7.07416790801187,7.22767590725806,7.65961656646627,7.79008325905722,112
"114",2018,1,7.71342891566265,332,8.30683333333333,7.14794941176471,6.61197692307692,7.40176315789474,7.75371224489796,162,170,26,38,294,24255,12627,11628,2010,4529,19726,7.76487710946197,8.39994670151263,7.07524658496732,7.21971164179104,7.65745308015014,7.78954117864747,113
"115",2018,2,7.50961206896552,232,8.19259259259259,6.91475806451613,7.34615384615385,7.46153846153846,7.51567961165049,108,124,13,26,206,24487,12735,11752,2023,4555,19932,7.76245862253441,8.39818822143699,7.07355320711368,7.22052417202175,7.65633479692645,7.78671078115593,114
"116",2018,3,7.60974576271186,236,8.36756756756757,6.9368,7.33157894736842,8.34310344827586,7.50700483091787,111,125,19,29,207,24723,12846,11877,2042,4584,20139,7.76100086114145,8.39792363381597,7.07211394207291,7.22155749265426,7.66067953752181,7.78383580565073,115
"117",2018,4,7.61439461883408,223,8.21689655172414,6.96121495327103,7.4,7.16363636363636,7.66373134328358,116,107,15,22,201,24946,12962,11984,2057,4606,20340,7.75969030265373,8.39630357969449,7.07112377253004,7.22285872630044,7.65830547112462,7.78264893264504,116
"118",2018,5,7.76051813471503,193,8.47635416666667,7.0520618556701,6.74,7.7952380952381,7.75627906976744,96,97,15,21,172,25139,13058,12081,2072,4627,20512,7.75969665818052,8.3968920967989,7.07097072179455,7.21936312741313,7.65892695050789,7.7824278125,117
"119",2018,6,7.47690607734807,181,8.35120481927711,6.73642857142857,6.30333333333333,7.37962962962963,7.49396103896104,83,98,12,27,154,25320,13141,12179,2084,4654,20666,7.75767512993681,8.39660353093372,7.06827878233024,7.21408848368522,7.65730661796304,7.78027820042582,118
"120",2018,7,7.67821428571429,196,8.30467391304348,7.12403846153846,6.10588235294118,7.29545454545455,7.7266091954023,92,104,17,22,174,25516,13233,12283,2101,4676,20840,7.75706475505565,8.39596440716391,7.06875089880322,7.20512156116135,7.65560414884517,7.77983010028791,119
"121",2018,8,7.63022815533981,206,8.32571287128713,6.9612380952381,6.73476190476191,7.65384615384615,7.62681666666667,101,105,21,26,180,25722,13334,12388,2122,4702,21020,7.75604895770158,8.39543227838608,7.06783962625121,7.20046672950047,7.65559442790302,7.77851980447193,120
"122",2018,9,7.51622857142857,175,8.41054054054054,6.8609900990099,6.65,7.18421052631579,7.55666666666667,74,101,10,19,156,25897,13408,12489,2132,4721,21176,7.75442836197243,8.39551566229117,7.06616680999279,7.19788480300188,7.65369730989197,7.77688545003778,121
"123",2018,10,7.44414674641148,209,7.99075166666667,6.92308411214953,6.94761904761905,7.64705882352941,7.40472382857143,102,107,21,34,175,26106,13510,12596,2153,4755,21351,7.7519443024592,8.39245970910437,7.06495135677993,7.19544375290292,7.65364984227129,7.7738350878179,122
"124",2018,11,7.62814345991561,237,8.37434343434343,7.09282608695652,7.21052631578947,7.58709677419355,7.63432038834951,99,138,19,31,206,26343,13609,12734,2172,4786,21557,7.75083050373913,8.39232792049379,7.06525343882519,7.19557569060773,7.65321876305892,7.77250187688454,123
"125",2018,12,7.79094230769231,208,8.42065217391304,7.29151724137931,7.38977777777778,7.93783783783784,7.75915789473684,92,116,18,37,171,26551,13701,12850,2190,4823,21728,7.75114473880456,8.3925181132764,7.06729597587548,7.19717187214612,7.65540223927016,7.77239685935199,124
"126",2019,1,7.77864016736402,239,8.39385593220339,7.17867768595041,7.53529411764706,7.95538461538462,7.75706572769953,118,121,17,26,213,26790,13819,12971,2207,4849,21941,7.75139003210153,8.39252953686953,7.06833500038547,7.19977634798369,7.65701072386059,7.77224802698145,125
"127",2019,2,7.48579545454545,176,8.22375,6.87083333333333,7.325,7.51666666666667,7.48092105263158,80,96,12,24,152,26966,13899,13067,2219,4873,22093,7.74965656604613,8.39155807396216,7.06688400474478,7.20045353762956,7.65631951569875,7.7702436952881,126
"128",2019,3,7.46695652173913,161,8.36648648648649,6.70183908045977,6.55,7.06521739130435,7.53391304347826,74,87,10,23,138,27127,13973,13154,2229,4896,22231,7.74797872820437,8.39142529664353,7.06446961304546,7.19753539703903,7.65354268790849,7.76877666141874,127
"129",2019,4,7.6537323943662,213,8.3798,7.01119469026549,6.52631578947368,6.99833333333333,7.81470760233918,100,113,19,42,171,27340,14073,13267,2248,4938,22402,7.74724447549378,8.39134268954736,7.06401585060677,7.19186227758007,7.64796982584042,7.76912726363718,128
"130",2019,5,7.68846153846154,195,8.24147727272727,7.23364485981308,7.03684210526316,7.796875,7.67877094972067,88,107,19,16,179,27535,14161,13374,2267,4954,22581,7.74682818086072,8.39041138832003,7.06537298414835,7.19056303484782,7.64845074687121,7.76841100748417,129
"131",2019,6,7.67191011235955,178,8.15255813953488,7.22260869565217,6.83571428571429,7.90545454545455,7.63897435897436,86,92,14,22,156,27713,14247,13466,2281,4976,22737,7.74634698372605,8.38897562083245,7.06644722189217,7.18838509425691,7.64958701768489,7.76752293442407,130
"132",2019,7,7.91983695652174,184,8.56043956043956,7.29301075268817,7.11428571428571,8.1125,7.8909375,91,93,14,24,160,27897,14338,13559,2295,5000,22897,7.74749127002903,8.39006386316083,7.06800120141603,7.18793307189543,7.651809,7.76838533257632,131
"133",2019,8,7.639125,240,8.33974358974359,6.97268292682927,6.99230769230769,7.4,7.68132352941176,117,123,13,36,204,28137,14455,13682,2308,5036,23101,7.74656693890607,8.38965656658596,7.06714429834819,7.18683119584056,7.65000893566322,7.76761650837626,132
"134",2019,9,7.62969072164948,194,8.18817204301075,7.11544554455446,6.675,7.33448275862069,7.68157575757576,93,101,12,29,165,28331,14548,13783,2320,5065,23266,7.74576661466238,8.38836855031619,7.06749824348835,7.18418379310345,7.64820236920039,7.76700631651337,133
"135",2019,10,7.43041232227488,211,8.29108695652174,6.76501680672269,6.21875,7.421875,7.43193854748603,92,119,16,32,179,28542,14640,13902,2336,5097,23445,7.74343532198164,8.38775721789617,7.06490902675874,7.17757123287671,7.64678144006278,7.76444811089785,134
"136",2019,11,7.95602739726027,219,8.52787037037037,7.39963963963964,7.32,7.666,8.00206349206349,108,111,10,30,189,28761,14748,14013,2346,5127,23634,7.74505409964883,8.38878327027393,7.06756050024977,7.17817834612106,7.64689389506534,7.76634831006178,135
"137",2019,12,7.70636752136752,234,8.4494495412844,7.0584,6.75,7.38125,7.75787128712871,109,125,16,32,202,28995,14857,14138,2362,5159,23836,7.74474188515261,8.38922835498418,7.06747950841703,7.17527790008467,7.64524617173871,7.76627647088438,136
"138",2020,1,7.89403810126582,316,8.4105251369863,7.45046688235294,7.2551724137931,8.055,7.87071028985507,146,170,29,40,276,29311,15003,14308,2391,5199,24112,7.74635143802668,8.38943560221289,7.07202995946324,7.1762469259724,7.6483987305251,7.76747188122097,137
"139",2020,2,7.74973799126638,229,8.48488636363636,7.2909219858156,7.11071428571429,7.98884615384615,7.71911330049261,88,141,14,26,203,29540,15091,14449,2405,5225,24315,7.74637769126608,8.38999220329998,7.07416600872033,7.17586544698545,7.6500928229665,7.76706814723422,138
"140",2020,3,7.77116161616162,198,8.58276595744681,7.03759615384615,8.09090909090909,8.06923076923077,7.72610465116279,94,104,11,26,172,29738,15185,14553,2416,5251,24487,7.7465427063017,8.39118553440895,7.07390466982753,7.18003162251656,7.65216815844601,7.76678041409728,139
"141",2020,4,7.58470198675497,151,8.26,7.08793103448276,6.4125,7.68888888888889,7.5706015037594,64,87,16,18,133,29889,15249,14640,2432,5269,24620,7.74572508280638,8.39063494917699,7.07398802322404,7.17498207236842,7.65229360409945,7.7657206336312,140
"142",2020,5,7.56180124223603,161,8.26621621621622,6.96264367816092,6.90217391304348,8.06086956521739,7.4786231884058,74,87,23,23,138,30050,15323,14727,2455,5292,24758,7.7447396672213,8.39003408862494,7.07333025463434,7.17242623217923,7.6540693499622,7.7641203651345,141
"143",2020,6,7.68303571428571,168,8.53115942028986,7.09191919191919,7.35235294117647,8.703125,7.57565789473684,69,99,17,16,152,30218,15392,14826,2472,5308,24910,7.74439661790986,8.3906667320686,7.07345438149197,7.17366359223301,7.65723153730218,7.76297037334404,142
"144",2020,7,7.7891095890411,146,8.31384615384615,7.36802469135802,8.1875,8.12142857142857,7.75386363636364,65,81,8,14,132,30364,15457,14907,2480,5322,25042,7.74461161243578,8.39034368506178,7.07505498490642,7.17693403225807,7.65845264937993,7.7629223704177,143
"145",2020,8,7.72690721649485,194,8.223375,7.37850877192983,6.96153846153846,7.66521739130435,7.73520467836257,80,114,13,23,171,30558,15537,15021,2493,5345,25213,7.74449921460829,8.3894839634421,7.07735800945343,7.17581083032491,7.65848175865294,7.76273438305636,144
"146",2020,9,7.72063492063492,189,8.66626506024096,6.98018867924528,6.76666666666667,8.16428571428571,7.64347826086957,83,106,15,28,161,30747,15620,15127,2508,5373,25374,7.74435252219729,8.39095469526248,7.0766771111258,7.17336379585327,7.66111762516285,7.76197769370222,145
"147",2020,10,7.80932926829268,164,8.57691358024691,7.06024096385542,6.44666666666667,6.7,7.88136363636364,81,83,15,10,154,30911,15701,15210,2523,5383,25528,7.74469725987513,8.39191403987007,7.07658742011834,7.16904336107808,7.65933215678989,7.76269790034472,146
"148",2020,11,7.75208411214953,214,8.5112380952381,7.02078899082569,7.38235294117647,7.525,7.77549484536083,105,109,17,20,194,31125,15806,15319,2540,5403,25722,7.74474804819277,8.39270671517145,7.07619039493439,7.17047102362205,7.6588349065334,7.76279441723039,147
"149",2020,12,7.5800625,192,8.37730864197531,6.99828828828829,7.16666666666667,7.51034482758621,7.59246625766871,81,111,15,29,163,31317,15887,15430,2555,5432,25885,7.74373838490277,8.39262820796877,7.07562998444588,7.1704486888454,7.65804215758468,7.76172184662932,148
"150",2021,1,7.8937556561086,221,8.48522935779816,7.318125,7.64285714285714,7.8732,7.89637755102041,109,112,14,25,196,31538,15996,15542,2569,5457,26081,7.74478961887247,8.39325921105276,7.0773774713679,7.17302312183729,7.6590278541323,7.76273379088225,149
"151",2021,2,7.55,171,8.36954022988506,6.70119047619048,6.33333333333333,7.25227272727273,7.59395973154362,87,84,9,22,149,31709,16083,15626,2578,5479,26230,7.74373915922924,8.39313090468196,7.07535521950595,7.17009169899147,7.6573945975543,7.7617750667175,150
"152",2021,3,7.82528187919463,149,8.42402597402597,7.18495833333333,7.31818181818182,7.92073913043478,7.80785714285714,77,72,11,23,126,31858,16160,15698,2589,5502,26356,7.7441205348735,8.393278115099,7.07585792202828,7.17072089609888,7.65849545619774,7.761995371073,151
"153",2021,4,8.04006289308176,159,8.86056338028169,7.37806818181818,7.51666666666667,8.54166666666667,7.9991156462585,71,88,15,12,147,32017,16231,15786,2604,5514,26503,7.74559021769685,8.39532218224385,7.07754261117446,7.17271367127496,7.66041748277113,7.76331056861488,152
"154",2021,5,7.85615553333333,150,8.48578125,7.38759686046512,8.16666666666667,8.14333333333333,7.83782503546099,64,86,12,9,141,32167,16295,15872,2616,5523,26644,7.74610580190879,8.39567746793495,7.07922259261593,7.17727308868502,7.66120441788883,7.76370489903919,153
"155",2021,6,7.86108666666667,150,8.55146753246753,7.13287671232877,6.39285714285714,7.83636363636364,7.86304316546763,77,73,14,11,139,32317,16372,15945,2630,5534,26783,7.74663948788563,8.39641017224529,7.07946823392913,7.1730974904943,7.66155258402602,7.764220450659,154
"156",2021,7,7.642455,148,8.21699459016394,7.23961689655172,6.84615384615385,6.91666666666667,7.70649514705882,61,87,13,12,136,32465,16433,16032,2643,5546,26919,7.74616453626983,8.39574417391833,7.08033730414171,7.17148936814226,7.65994085827623,7.76392881124856,155
"157",2021,8,7.48029411764706,170,8.12890625,7.08867924528302,7.30555555555556,6.82,7.5441935483871,64,106,9,15,155,32635,16497,16138,2652,5561,27074,7.74477958235024,8.39470897799599,7.08039209691411,7.1719443438914,7.6576752382665,7.76267081591195,156
"158",2021,9,7.65673243421053,152,8.33260869565217,7.09485939759036,7.61764705882353,7.74807692307692,7.63788357142857,69,83,17,26,126,32787,16566,16221,2669,5587,27200,7.74437139720011,8.39445032053603,7.08046612354355,7.17478321468715,7.6580959369966,7.76209275735294,157
"159",2021,10,7.65327380952381,168,8.5643661971831,6.98639175257732,7.08,6.66352941176471,7.76470198675497,71,97,10,17,151,32955,16637,16318,2679,5604,27351,7.74390699438628,8.39517545290617,7.07990691199902,7.17442941396043,7.65507887223412,7.76210716244379,158
"160",2021,11,7.62994764397906,191,8.42225352112676,7.16116666666667,6.98888888888889,7.27413793103448,7.69364197530864,71,120,18,29,162,33146,16708,16438,2697,5633,27513,7.74325031678031,8.39529052011012,7.08050012106095,7.17319110122358,7.65311769927214,7.7617040308218,159
"161",2021,12,7.50495804444444,225,8.22384317647059,7.06849207142857,6.76842105263158,6.87741935483871,7.60523484536083,85,140,19,31,194,33371,16793,16578,2716,5664,27707,7.74164365946481,8.39442271660811,7.08039871395825,7.17035949926362,7.64887217514124,7.76060845851229,160
"162",2022,1,7.61959731543624,298,8.370234375,7.05441176470588,7.02272727272727,7.75833333333333,7.60744525547445,128,170,22,24,274,33669,16921,16748,2738,5688,27981,7.7405634429297,8.39423974233201,7.08013493432051,7.16917326515705,7.64933403656821,7.75910862942711,161
"163",2022,2,7.39583393939394,165,8.12189428571429,6.86084210526316,6.70571428571429,7.66842105263158,7.3603602739726,70,95,14,19,146,33834,16991,16843,2752,5707,28127,7.73888228291068,8.39311772585486,7.07889805141602,7.16681555232558,7.64939758191694,7.75703882959434,162
"164",2022,3,7.55734437086093,151,8.40411111111111,6.95113636363636,7.42307692307692,7.59090909090909,7.55470714285714,63,88,13,11,140,33985,17054,16931,2765,5718,28267,7.73807568515522,8.39315833704702,7.07823400153564,7.16802039783002,7.64928506470794,7.75603672692539,163
"165",2022,4,7.82375477011494,174,8.416875,7.31897159574468,7.69705882352941,8.3176,7.74089483221477,80,94,17,25,149,34159,17134,17025,2782,5743,28416,7.73851211949999,8.39326907202054,7.07956318414096,7.17125319913731,7.65219432352429,7.75595733002534,164
"166",2022,5,7.46290909090909,165,8.17464788732394,6.92531914893617,6.64285714285714,7.31818181818182,7.48517482517483,71,94,14,22,143,34324,17205,17119,2796,5765,28559,7.73718725935206,8.39236688637024,7.07871623400899,7.16860743919886,7.65091968777103,7.7546014737911,165
"167",2022,6,7.44303797468354,158,8.22777777777778,6.92263157894737,6.83,7.04782608695652,7.51037037037037,63,95,15,23,135,34482,17268,17214,2811,5788,28694,7.73583943767763,8.39176640491082,7.07785483966538,7.16680056919246,7.64852315134761,7.7534524113055,166
