"","year","month","avg_rating","no_ratings","avg_rating_owned","avg_rating_not_owned","avg_rating_prev_owned","avg_rating_comment","avg_rating_no_comment","no_ratings_owned","no_ratings_not_owned","no_ratings_prev_owned","no_ratings_comment","no_ratings_no_comment","cum_no_ratings","cum_no_ratings_owned","cum_no_ratings_not_owned","cum_no_ratings_prev_owned","cum_no_ratings_comment","cum_no_ratings_no_comment","cum_avg_rating","cum_avg_rating_owned","cum_avg_rating_not_owned","cum_avg_rating_prev_owned","cum_avg_rating_comment","cum_avg_rating_no_comment","month_after_release"
"1",2009,3,9.25,4,9.5,9,NA,9,9.33333333333333,2,2,0,1,3,4,2,2,0,1,3,9.25,9.5,9,NA,9,9.33333333333333,-2
"2",2009,4,8.25,2,NA,8.25,NA,NA,8.25,0,2,0,0,2,6,2,4,0,1,5,8.91666666666667,9.5,8.625,NA,9,8.9,-1
"3",2009,5,6.16666666666667,3,NA,6.16666666666667,NA,NA,6.16666666666667,0,3,0,0,3,9,2,7,0,1,8,8,9.5,7.57142857142857,NA,9,7.875,0
"4",2009,6,8.21132075471698,53,8.76857142857143,7.12777777777778,8.33333333333333,8.21538461538461,8.21,35,18,3,13,40,62,37,25,3,14,48,8.18064516129032,8.80810810810811,7.252,8.33333333333333,8.27142857142857,8.15416666666667,1
"5",2009,7,8.4378431372549,357,8.73836206896552,7.88008,8.164,8.3959595959596,8.45391472868217,232,125,25,99,258,419,269,150,28,113,306,8.39978520286396,8.74795539033457,7.7754,8.18214285714286,8.38053097345133,8.4068954248366,2
"6",2009,8,8.16342756183746,283,8.62816091954023,7.42155963302752,7.84615384615385,7.9525974025974,8.24223300970874,174,109,13,77,206,702,443,259,41,190,512,8.30450142450142,8.70090293453725,7.62648648648649,8.07560975609756,8.20710526315789,8.34064453125,3
"7",2009,9,8.29888268156425,179,8.55590551181102,7.67115384615385,7.9,8.186,8.34263565891473,127,52,10,50,129,881,570,311,51,240,641,8.30335981838819,8.66859649122807,7.63395498392283,8.04117647058824,8.20270833333333,8.34104524180967,4
"8",2009,10,8.31022727272727,176,8.49343065693431,7.66666666666667,7.86111111111111,8.179,8.36230158730159,137,39,9,50,126,1057,707,350,60,290,767,8.30450331125828,8.63465346534654,7.6376,8.01416666666667,8.19862068965517,8.3445371577575,5
"9",2009,11,8.01408450704225,213,8.28712121212121,7.56913580246914,7.95,7.57872340425532,8.13734939759036,132,81,20,47,166,1270,839,431,80,337,933,8.25579527559055,8.57997616209774,7.62473317865429,7.998125,8.11216617210682,8.3076741693462,6
"10",2009,12,8.1551912568306,183,8.37142857142857,7.45116279069767,7.88888888888889,8.08333333333333,8.18074074074074,140,43,9,48,135,1453,979,474,89,385,1068,8.24312456985547,8.55015321756895,7.60898734177215,7.98707865168539,8.10857142857143,8.29162921348315,7
"11",2010,1,8.16877551020408,245,8.38898305084746,7.59558823529412,7.65625,8.25978260869565,8.14773869346734,177,68,16,46,199,1698,1156,542,105,431,1267,8.23239693757362,8.52547577854672,7.60730627306273,7.93666666666667,8.12470997679814,8.26902920284136,8
"12",2010,2,8.07946428571429,168,8.41134453781513,7.2734693877551,7.14,7.48292682926829,8.27204724409449,119,49,15,41,127,1866,1275,591,120,472,1394,8.21862808145766,8.51482352941177,7.57962774957699,7.83708333333333,8.06896186440678,8.26930416068867,9
"13",2010,3,8.10379310344828,145,8.47631578947368,7.396,7.71875,7.76551724137931,8.18836206896552,95,50,16,29,116,2011,1370,641,136,501,1510,8.21034808552959,8.51215328467154,7.56530421216849,7.82316176470588,8.05139720558882,8.26308609271523,10
"14",2010,4,8.19418604651163,129,8.39854368932039,7.38461538461539,7.33333333333333,7.93055555555556,8.23693693693694,103,26,6,18,111,2140,1473,667,142,519,1621,8.2093738317757,8.50420909708079,7.55826086956522,7.80246478873239,8.04720616570328,8.26129549660703,11
"15",2010,5,8.33857142857143,140,8.5045871559633,7.75483870967742,7.88461538461539,7.82857142857143,8.42857142857143,109,31,13,21,119,2280,1582,698,155,540,1740,8.21730701754386,8.50423514538559,7.56699140401146,7.80935483870968,8.0387037037037,8.27273563218391,12
"16",2010,6,7.96490909090909,110,8.20275862068966,7.06521739130435,6.88888888888889,7.62105263157895,8.0367032967033,87,23,9,19,91,2390,1669,721,164,559,1831,8.20569037656904,8.48852007189934,7.55098474341193,7.75884146341463,8.02450805008944,8.2610049153468,13
"17",2010,7,8.13295454545455,132,8.29182692307692,7.54285714285714,8.15,8.13333333333333,8.13287037037037,104,28,8,24,108,2522,1773,749,172,583,1939,8.2018834258525,8.47698251551044,7.55068090787717,7.77703488372093,8.02898799313894,8.25386797318205,14
"18",2010,8,8.06324503311258,151,8.27702702702703,7.47,7.90909090909091,7.72222222222222,8.1375,111,40,11,27,124,2673,1884,789,183,610,2063,8.19405162738496,8.4652016985138,7.54659062103929,7.78497267759563,8.01540983606557,8.2468734852157,15
"19",2010,9,8.09291666666667,120,8.36761363636364,7.3375,8.11111111111111,7.9225,8.127,88,32,9,20,100,2793,1972,821,192,630,2163,8.18970640887934,8.46084685598377,7.53844092570036,7.80026041666667,8.01246031746031,8.24133148404993,16
"20",2010,10,7.99615384615385,143,8.38018867924528,6.89594594594595,6.1,7.34782608695652,8.12041666666667,106,37,10,23,120,2936,2078,858,202,653,2283,8.18027929155314,8.45673243503369,7.51073426573427,7.71608910891089,7.98905053598775,8.23497590889181,17
"21",2010,11,7.58350282485876,354,8.15640211640212,6.92727272727273,7.36875,7.4265625,7.61813793103448,189,165,32,64,290,3290,2267,1023,234,717,2573,8.11606686930091,8.43169386854875,7.4166275659824,7.66858974358974,7.93884239888424,8.16545277885736,18
"22",2010,12,7.64991354466859,347,8.20561224489796,6.92860927152318,7.604,7.49722222222222,7.6675884244373,196,151,25,36,311,3637,2463,1174,259,753,2884,8.07159197140501,8.41370280146163,7.35385860306644,7.66235521235521,7.91772908366534,8.11176490984743,19
"23",2011,1,7.96214285714286,350,8.30023696682465,7.44892086330935,7.58571428571429,7.85,7.97702265372168,211,139,35,41,309,3987,2674,1313,294,794,3193,8.06198394783045,8.40474943904263,7.36392231530845,7.65323129251701,7.91423173803526,8.09872533667397,20
"24",2011,2,7.9813358778626,262,8.24888235294118,7.48695652173913,7.33333333333333,7.61538461538461,8.04533632286996,170,92,18,39,223,4249,2844,1405,312,833,3416,8.05701106142622,8.39543248945148,7.37197864768683,7.63477564102564,7.90024009603841,8.09524004683841,21
"25",2011,3,7.95193693693694,222,8.22669117647059,7.51744186046512,6.97368421052632,7.63,8.00223958333333,136,86,19,30,192,4471,2980,1491,331,863,3608,8.05179378215164,8.38773154362416,7.38036887994634,7.59682779456193,7.89084588644264,8.09029101995565,22
"26",2011,4,7.88643216080402,199,8.25932203389831,7.34320987654321,7,7.55,7.94152046783626,118,81,14,28,171,4670,3098,1572,345,891,3779,8.04474732334047,8.38284054228535,7.37845419847328,7.57260869565217,7.88013468013468,8.08355914263032,23
"27",2011,5,7.99668367346939,196,8.3948275862069,7.419375,7.3125,7.85434782608696,8.01560693641619,116,80,12,23,173,4866,3214,1652,357,914,3952,8.04281134401973,8.38327317983821,7.38043583535109,7.56386554621849,7.87948577680525,8.08058451417004,24
"28",2011,6,7.70768115942029,207,7.96780303030303,7.24986666666667,6.28125,7.63636363636364,7.71616216216216,132,75,16,22,185,5073,3346,1727,373,936,4137,8.02913660555884,8.36688284518828,7.37476548928778,7.50884718498659,7.87377136752136,8.06428813149625,25
"29",2011,7,8.05098039215686,204,8.33321167883212,7.47388059701493,7.51818181818182,7.86875,8.08488372093023,137,67,11,32,172,5277,3483,1794,384,968,4309,8.02998104983893,8.3655584266437,7.37846711259755,7.50911458333333,7.87360537190082,8.06511023439313,26
"30",2011,8,7.85150862068966,232,8.27101449275362,7.23563829787234,6.92391304347826,7.59705882352941,7.89520202020202,138,94,23,34,198,5509,3621,1888,407,1002,4507,8.02246505717916,8.36195526097763,7.37135593220339,7.47604422604423,7.86422155688623,8.05764588418016,27
"31",2011,9,7.85480392156863,204,8.14721804511278,7.30704225352113,7.7,7.55238095238095,7.88950819672131,133,71,15,21,183,5713,3754,1959,422,1023,4690,8.01647820759671,8.354347362813,7.36902501276161,7.48400473933649,7.85782013685239,8.05108528784648,28
"32",2011,10,7.83652582159624,213,8.35449612403101,7.04107142857143,7.84375,7.99782608695652,7.817,129,84,16,23,190,5926,3883,2043,438,1046,4880,8.01001012487344,8.35435230491888,7.35554087126774,7.49714611872146,7.86089866156788,8.04197131147541,29
"33",2011,11,7.74913043478261,276,8.15329411764706,7.10094339622642,7.2775,7.4375,7.795875,170,106,20,36,240,6202,4053,2149,458,1082,5120,7.99840051596259,8.34591907229213,7.34298278268962,7.48755458515284,7.84681146025878,8.030435546875,30
"34",2011,12,7.7903719921875,256,8.0990690960452,7.09873417721519,7.46153846153846,7.60862068965517,7.8135913215859,177,79,13,29,227,6458,4230,2228,471,1111,5347,7.990154108083,8.33558988888889,7.33432226211849,7.48683651804671,7.84059405940594,8.0212297045072,31
"35",2012,1,7.75490797546012,326,8.23118811881188,6.97903225806452,7.38214285714286,7.59146341463415,7.77842105263158,202,124,28,41,285,6784,4432,2352,499,1152,5632,7.97884953272406,8.3308315049639,7.31559098639456,7.48096192384769,7.83172743055555,8.00894268998579,32
"36",2012,2,7.93940677966102,236,8.19936305732484,7.42278481012658,7.66666666666667,7.45428571428571,8.02388059701492,157,79,21,35,201,7020,4589,2431,520,1187,5833,7.97752353703704,8.32633367400305,7.31907445495681,7.48846153846154,7.82059814658803,8.0094574369964,33
"37",2012,3,7.83146341463415,205,8.16022727272727,7.23698630136986,7.10526315789474,7.57142857142857,7.86114130434783,132,73,19,21,184,7225,4721,2504,539,1208,6017,7.97337927058823,8.32168930946834,7.31668130990415,7.47495361781076,7.81626655629139,8.00492192620907,34
"38",2012,4,7.77114427860697,201,8.29015748031496,6.88040540540541,7.46666666666667,6.93181818181818,7.87430167597765,127,74,21,22,179,7426,4848,2578,560,1230,6196,7.9679053635874,8.32086329001651,7.30415826221877,7.47464285714286,7.80044715447154,8.00114835861846,35
"39",2012,5,7.74529702970297,202,8.24194915254237,7.04761904761905,7.16666666666667,7.51,7.77853107344633,118,84,15,25,177,7628,4966,2662,575,1255,6373,7.96201038673309,8.31898816552558,7.29606311044328,7.46660869565217,7.79466135458167,7.99496551545583,36
"40",2012,6,7.93945945945946,185,8.13083333333333,7.58615384615385,7.44615384615385,7.13636363636364,7.99022988505747,120,65,13,11,174,7813,5086,2727,588,1266,6547,7.96147641494944,8.31454880652773,7.30297763109644,7.46615646258503,7.78894154818325,7.99483965633115,37
"41",2012,7,7.94368686868687,198,8.31984126984127,7.28541666666667,6.7,7.85909090909091,7.95426136363636,126,72,15,22,176,8011,5212,2799,603,1288,6723,7.96103672824866,8.31467675172679,7.30252590210789,7.44709784411277,7.79013975155279,7.99377736575933,38
"42",2012,8,7.98325242718447,206,8.231640625,7.57564102564103,7.63636363636364,7.96086956521739,7.98606557377049,128,78,22,23,183,8217,5340,2877,625,1311,6906,7.96159367530729,8.31268637265918,7.30993048314216,7.45376,7.79313501144165,7.99357301332175,39
"43",2012,9,7.75942857142857,175,8.09336283185841,7.1508064516129,7.31818181818182,8.002,7.719,113,62,11,25,150,8392,5453,2939,636,1336,7056,7.9573778872736,8.30814143223914,7.30657366451174,7.45141509433962,7.79704341317365,7.98773600198413,40
"44",2012,10,7.64883163265306,196,7.9838547008547,7.1526582278481,7.375,7.61724137931034,7.65431736526946,117,79,18,29,167,8588,5570,3018,654,1365,7223,7.95033607708431,8.3013296642729,7.30254473161034,7.4493119266055,7.79322344322344,7.98002716738197,41
"45",2012,11,7.66155078125,256,7.95423870967742,7.21237623762376,7.07894736842105,7.44088235294118,7.69534684684685,155,101,19,34,222,8844,5725,3119,673,1399,7445,7.94197684644957,8.2919324419214,7.29962487976916,7.4388558692422,7.78466047176554,7.9715383787777,42
"46",2012,12,7.70987394957983,238,8.1875816993464,6.85,6.66842105263158,7.48076923076923,7.73797169811321,153,85,19,26,212,9082,5878,3204,692,1425,7657,7.93589443184321,8.28921626913917,7.28769662921348,7.41770231213873,7.77911578947368,7.96507159853729,43
"47",2013,1,7.95895765472313,307,8.20953488372093,7.37336956521739,7.16964285714286,7.32638888888889,8.0429889298893,215,92,28,36,271,9389,6093,3296,720,1461,7928,7.93664854936628,8.28640460036107,7.29008798543689,7.40805555555555,7.76796030116358,7.96773501892028,44
"48",2013,2,7.8198347107438,242,8.24258064516129,7.06666666666667,7.45384615384615,7.652,7.83917050691244,155,87,13,25,217,9631,6248,3383,733,1486,8145,7.93371334544699,8.28531741837388,7.28434229973396,7.40886766712142,7.76600942126514,7.9643097888275,45
"49",2013,3,7.72257674418605,215,7.96388888888889,7.38094382022472,7.03095238095238,7.81904761904762,7.71213402061856,126,89,21,21,194,9846,6374,3472,754,1507,8339,7.92910290777981,8.27896348133041,7.2868185483871,7.39834217506631,7.76674850696748,7.95844312627413,46
"50",2013,4,7.73969849246231,199,8.19266129032258,6.9908,6.7647619047619,7.76478260869565,7.73642045454545,124,75,21,23,176,10045,6498,3547,775,1530,8515,7.92535064509706,8.27731659433672,7.28055934592613,7.38117419354839,7.76671895424836,7.95385404932472,47
"51",2013,5,7.88,200,8.19461538461538,7.29571428571429,7.725,7.58571428571429,7.9145251396648,130,70,16,21,179,10245,6628,3617,791,1551,8694,7.92446532259639,8.27569451267351,7.28085264030965,7.38812895069532,7.76426821405544,7.95304430986887,48
"52",2013,6,7.74136041666667,192,8.06034333333333,7.20972222222222,6.95588235294118,7.7163,7.74494047619048,120,72,17,24,168,10437,6748,3689,808,1575,8862,7.92109690811536,8.27186491256669,7.27946435348333,7.37903465346535,7.76353726984127,7.94909921349582,49
"53",2013,7,7.71121495327103,214,7.98461538461538,7.28809523809524,7.52777777777778,7.76086956521739,7.70523560209424,130,84,18,23,191,10651,6878,3773,826,1598,9053,7.91687995775045,8.26643565425996,7.27965650675855,7.38227602905569,7.76349887359199,7.94395418424831,50
"54",2013,8,7.69080310880829,193,7.86138059701493,7.30338983050847,7.32142857142857,7.625,7.69841040462428,134,59,14,20,173,10844,7012,3832,840,1618,9226,7.91285627351531,8.25869501283514,7.28002192066806,7.3812619047619,7.7617868974042,7.93934990570128,51
"55",2013,9,7.63939393939394,198,7.95909090909091,7.13701298701299,7,7.03846153846154,7.73023255813953,121,77,19,26,172,11042,7133,3909,859,1644,9398,7.90795267433436,8.25361270573392,7.27720491174213,7.37282887077998,7.75034744525547,7.93552268886997,52
"56",2013,10,7.6085635359116,181,7.94601769911504,7.04779411764706,6.81111111111111,7.62,7.60673076923077,113,68,18,25,156,11223,7246,3977,877,1669,9554,7.9031242475274,8.24881581976263,7.27328237364848,7.36129988597491,7.74839496704613,7.93015409566673,53
"57",2013,11,7.62170731707317,246,7.94183006535948,7.09505376344086,6.96307692307692,7.19642857142857,7.67633027522936,153,93,26,28,218,11469,7399,4070,903,1697,9772,7.89708810096783,8.24246782403028,7.26920982800983,7.34983388704319,7.73928768414849,7.92449163221449,54
"58",2013,12,7.72055084745763,236,8.11174496644295,7.05057471264368,6.69565217391304,7.71086956521739,7.72159624413146,149,87,23,23,213,11705,7548,4157,926,1720,9985,7.89352869970098,8.2398873118707,7.26463411113784,7.33358531317495,7.7389076744186,7.9201634682023,55
"59",2014,1,7.77471590909091,352,8.05679012345679,7.14587155963303,7.15161290322581,7.9969696969697,7.75172413793103,243,109,31,33,319,12057,7791,4266,957,1753,10304,7.89006000082939,8.23417654088051,7.2615996249414,7.32769070010449,7.7437656588705,7.9149487800854,56
"60",2014,2,7.48348017621145,227,7.96884615384615,6.83298969072165,6.65652173913043,7.51136363636364,7.48048780487805,130,97,23,22,205,12284,7921,4363,980,1775,10509,7.88254668104852,8.2298219202121,7.25207059362824,7.3119387755102,7.74088518309859,7.90647371110477,57
"61",2014,3,7.70277777777778,216,8.14057971014493,6.92820512820513,6.896,7.53823529411765,7.71683417085427,138,78,25,17,199,12500,8059,4441,1005,1792,10708,7.8794402744,8.22829376225338,7.2463823463184,7.30159203980099,7.73896272321428,7.90294940511767,58
"62",2014,4,7.68536612021858,183,7.97132075471698,7.29171428571429,7.14814814814815,7.44470588235294,7.71001204819277,106,77,27,17,166,12683,8165,4518,1032,1809,10874,7.87664002444217,8.22495767666871,7.24715493581231,7.29757751937984,7.73619745715865,7.90000406750046,59
"63",2014,5,7.58551136363636,176,7.9457264957265,6.87118644067797,6.28571428571429,7.736,7.56059602649007,117,59,14,25,151,12859,8282,4577,1046,1834,11025,7.87265537211292,8.22101297150447,7.24230849901682,7.284034416826,7.7361947655398,7.89535548571428,60
"64",2014,6,7.72574324324324,148,8.0681914893617,7.12962962962963,7.01,7.76388888888889,7.72046153846154,94,54,10,18,130,13007,8376,4631,1056,1852,11155,7.87098373414315,8.21929792621777,7.24099460159793,7.28143939393939,7.73646393088553,7.89331727745405,61
"65",2014,7,7.82015957446808,188,8.0648717948718,7.4169014084507,7.61764705882353,7.6525,7.84011904761905,117,71,17,20,168,13195,8493,4702,1073,1872,11323,7.87025960060629,8.2171705439774,7.24365078689919,7.28676607642125,7.73556688034188,7.89252797226883,62
"66",2014,8,7.51995024875622,201,7.85246478873239,6.71966101694915,6,7.59090909090909,7.51122905027933,142,59,14,22,179,13396,8635,4761,1087,1894,11502,7.86500339131084,8.21117306658947,7.23715731989078,7.27019319227231,7.73388658922914,7.88659400365154,63
"67",2014,9,7.66825842696629,178,7.8671568627451,7.40131578947368,7.20526315789474,7.9,7.64537037037037,102,76,19,16,162,13574,8737,4837,1106,1910,11664,7.86242341461618,8.20715685361108,7.23973661360347,7.26907775768535,7.73527811518324,7.88324367541152,64
"68",2014,10,7.66421568627451,204,8.03129770992366,7.00547945205479,6.62962962962963,7.35882352941176,7.72529411764706,131,73,27,34,170,13778,8868,4910,1133,1944,11834,7.85948870881115,8.20455902458277,7.23625376782077,7.25383936451898,7.72869403292181,7.88097466875105,65
"69",2014,11,7.60782828282828,198,7.92791666666667,7.11538461538461,7.125,7.80666666666667,7.59153005464481,120,78,24,15,183,13976,8988,4988,1157,1959,12017,7.85592339939897,8.20086553515799,7.23436367281476,7.25116681071737,7.72929106687085,7.87656688274944,66
"70",2014,12,7.59393719806763,207,7.85144444444444,7.11111111111111,7.365,7.43806451612903,7.62139204545455,135,72,10,31,176,14183,9123,5060,1167,1990,12193,7.85209972713812,8.19569488435822,7.23260988142292,7.25214224507284,7.72475437185929,7.87288355859919,67
"71",2015,1,7.78238562091503,306,8.01071065989848,7.3697247706422,7.74285714285714,7.67275862068966,7.79386281588448,197,109,28,29,277,14489,9320,5169,1195,2019,12470,7.85062740216716,8.19178481008584,7.23550125749662,7.26364016736401,7.72400752847944,7.87112824619086,68
"72",2015,2,7.71518691588785,214,8.01515151515152,7.23231707317073,7.50217391304348,7.88421052631579,7.69871794871795,132,82,23,19,195,14703,9452,5251,1218,2038,12665,7.84865608583282,8.18931807342362,7.23545153304133,7.26814449917898,7.72550107948969,7.86847368574812,69
"73",2015,3,7.64038461538462,208,7.91375,7.26761363636364,6.77058823529412,7.8,7.6279792746114,120,88,17,15,193,14911,9572,5339,1235,2053,12858,7.84575081684662,8.1858633963644,7.23598164450272,7.2612955465587,7.72604539698003,7.86486383807746,70
"74",2015,4,7.6519806763285,207,7.98888059701493,7.03356164383562,6.92857142857143,7.62142857142857,7.65543010752688,134,73,14,21,186,15118,9706,5412,1249,2074,13044,7.84309766040482,8.18314387286215,7.23325129342203,7.25756605284227,7.72498611378977,7.86187743253603,71
"75",2015,5,7.64883720930233,172,8.00567010309278,7.18733333333333,7.18863636363636,7.7475,7.63585526315789,97,75,22,20,152,15290,9803,5487,1271,2094,13196,7.84091238914323,8.18138778231154,7.23262365591398,7.25637293469709,7.7252011461318,7.85927396408002,72
"76",2015,6,7.6671724137931,145,7.96311111111111,7.18290909090909,7.328125,7.88888888888889,7.63574803149606,90,55,16,18,127,15435,9893,5542,1287,2112,13323,7.83928023517979,8.17940204488022,7.23213027787802,7.25726495726495,7.72659621212121,7.85714322825189,73
"77",2015,7,7.84491525423729,177,8.08220338983051,7.37033898305085,7.30263157894737,7.93157894736842,7.83449367088608,118,59,19,19,158,15612,10011,5601,1306,2131,13481,7.83934412182936,8.1782563610029,7.23358614533119,7.25792496171516,7.72842383857344,7.85687777093687,74
"78",2015,8,7.57807486631016,187,7.9448,6.83870967741935,6.5,7.04666666666667,7.62441860465116,125,62,10,15,172,15799,10136,5663,1316,2146,13653,7.83625168871448,8.17537731156275,7.22926293484019,7.25216565349544,7.72365852749301,7.85394925877096,75
"79",2015,9,7.66844311377246,167,8.05394495412844,6.94396551724138,7.15789473684211,7.52047619047619,7.68972602739726,109,58,19,21,146,15966,10245,5721,1335,2167,13799,7.8344964568458,8.17408535187897,7.22637056458661,7.25082397003745,7.72168952468851,7.85221169867381,76
"80",2015,10,7.54585635359116,181,7.81344537815126,7.03225806451613,7.33333333333333,7.84375,7.5169696969697,119,62,18,16,165,16147,10364,5783,1353,2183,13964,7.83126094197065,8.16994446449248,7.22428946913367,7.25192165558019,7.72258415025194,7.84825044614723,77
"81",2015,11,7.55635593220339,236,7.89933774834437,6.94705882352941,6.94210526315789,7.83333333333333,7.5293023255814,151,85,19,21,215,16383,10515,5868,1372,2204,14179,7.82730088689496,8.1660584336662,7.22027368779823,7.24763119533527,7.72363938294011,7.843414149799,78
"82",2015,12,7.54166666666667,306,7.82164948453608,7.05669642857143,6.68566666666667,7.321875,7.56733576642336,194,112,30,32,274,16689,10709,5980,1402,2236,14453,7.82206366049494,8.15981925763377,7.21721003344482,7.2356062767475,7.71788962432916,7.83818025531031,79
"83",2016,1,7.63852941176471,306,7.96948275862069,7.20227272727273,6.91911764705882,7.92954545454545,7.61598591549296,174,132,34,22,284,16995,10883,6112,1436,2258,14737,7.81875907208003,8.15677611228522,7.21688743455497,7.22811281337047,7.71995181576616,7.83389829883965,80
"84",2016,2,7.55221621621622,185,7.88342105263158,7.02042253521127,7.2,7.54285714285714,7.55298245614035,114,71,13,14,171,17180,10997,6183,1449,2272,14908,7.81588884924331,8.15394238701465,7.21463140870128,7.22786059351276,7.71886056338028,7.83067609538503,81
"85",2016,3,7.62427884615385,208,7.95833333333333,6.96571428571429,7.38695652173913,7.59166666666667,7.62736842105263,138,70,23,18,190,17388,11135,6253,1472,2290,15098,7.81359675810905,8.15151813471038,7.21184487446026,7.2303464673913,7.7178607860262,7.82811758047423,82
"86",2016,4,7.48930348258707,201,7.81507352941177,6.80769230769231,6.64705882352941,7.25,7.52175141242938,136,65,17,24,177,17589,11271,6318,1489,2314,15275,7.80989086531355,8.14745847129803,7.20768692624248,7.22368703828072,7.71300829732065,7.82456754369885,83
"87",2016,5,7.778,225,8.09862068965517,7.196875,7.04705882352941,8.13157894736842,7.74538834951456,145,80,17,19,206,17814,11416,6398,1506,2333,15481,7.80948806725048,8.14683815960057,7.20755173491716,7.22169322709163,7.71641714530647,7.82351393514631,84
"88",2016,6,7.56403940886699,203,7.80992907801418,7.00483870967742,7.64285714285714,7.609375,7.56016042780749,141,62,14,16,187,18017,11557,6460,1520,2349,15668,7.80672256368985,8.14272773470625,7.20560619195046,7.22557236842105,7.71568803746275,7.82037077035997,85
"89",2016,7,7.70788177339901,203,7.96167883211679,7.18106060606061,7.45277777777778,7.41388888888889,7.73648648648649,137,66,18,18,185,18220,11694,6526,1538,2367,15853,7.80562131888036,8.14060667265265,7.20535795280417,7.22823146944083,7.71339298690325,7.8193918646313,86
"90",2016,8,7.83502512562814,199,8.11975806451613,7.36426666666667,7.03636363636364,7.5125,7.86322404371585,124,75,22,16,183,18419,11818,6601,1560,2383,16036,7.8059389994028,8.14038791927569,7.20716346008181,7.22552564102564,7.71204414603441,7.81989206971813,87
"91",2016,9,7.64505208333333,192,7.865,7.27847222222222,6.91590909090909,7.06842105263158,7.70838150289017,120,72,22,19,173,18611,11938,6673,1582,2402,16209,7.80427921283113,8.13761973781204,7.20793286377941,7.22121997471555,7.70695303913405,7.81870190819915,88
"92",2016,10,7.61568348623853,218,7.90491911764706,7.1359756097561,7.254,7.7,7.60476165803109,136,82,25,25,193,18829,12074,6755,1607,2427,16402,7.80209567316374,8.13499862762962,7.20705936343449,7.22172993154947,7.70688141738772,7.81618450371906,89
"93",2016,11,7.57758536585366,246,8.00238271604938,6.75833333333333,6.71111111111111,7.53227586206897,7.58364055299539,162,84,18,29,217,19075,12236,6839,1625,2456,16619,7.7992002846658,8.13324284324943,7.201547887118,7.21607384615384,7.70481970684039,7.81314809735844,90
"94",2016,12,7.6459243697479,238,7.98271084337349,6.86944444444444,6.49473684210526,7.37142857142857,7.67248847926267,166,72,19,21,217,19313,12402,6911,1644,2477,16836,7.7973114187335,8.13122798177714,7.19808797569093,7.20773722627737,7.70199321760194,7.81133512889047,91
"95",2017,1,7.62863787375415,301,7.93107142857143,7.06409523809524,7,7.5,7.64287822878229,196,105,27,30,271,19614,12598,7016,1671,2507,17107,7.79472292393189,8.12811394110177,7.196082668187,7.20438061041292,7.69957606701236,7.80866652422985,92
"96",2017,2,7.51363228699552,223,7.89263888888889,6.82278481012658,6.86842105263158,7.604,7.50222222222222,144,79,19,25,198,19837,12742,7095,1690,2532,17305,7.79156301003177,8.12545278841627,7.19192614517266,7.20060355029585,7.69863238546603,7.80516025599538,93
"97",2017,3,7.56534562211982,217,7.91689655172414,6.85736111111111,6.5875,6.98611111111111,7.61773869346734,145,72,20,18,199,20054,12887,7167,1710,2550,17504,7.78911516056648,8.12310618685498,7.18856508999581,7.19343274853801,7.69360282352941,7.80302949211609,94
"98",2017,4,7.7294347826087,230,7.89854545454545,7.30015384615385,7.54545454545455,7.60695652173913,7.74304347826087,165,65,11,23,207,20284,13052,7232,1721,2573,17711,7.78843844557287,8.12026734829912,7.18956803097345,7.19568274259151,7.69282829382044,7.80232839647676,95
"99",2017,5,7.6952736318408,201,7.95038461538462,7.22816901408451,7.02307692307692,7.15,7.7521978021978,130,71,26,19,182,20485,13182,7303,1747,2592,17893,7.78752430705395,8.11859197617964,7.1899433109681,7.19311390955924,7.68884922839506,7.80181848935338,96
"100",2017,6,7.4406432748538,171,7.87,6.75757575757576,6.5,6.82142857142857,7.49585987261147,105,66,17,14,157,20656,13287,7369,1764,2606,18050,7.78465266411697,8.11662748777001,7.18607083729136,7.18643424036281,7.68418925556408,7.79915724265928,97
"101",2017,7,7.51644549763033,211,7.89409448818898,6.94547619047619,7.08695652173913,7.80769230769231,7.49732323232323,127,84,23,13,198,20867,13414,7453,1787,2619,18248,7.7819406445584,8.11452060757418,7.18335918422112,7.18515388919977,7.68480229095074,7.79588219147304,98
"102",2017,8,7.43984924623116,199,7.74322580645161,6.93826666666667,6.95909090909091,6.96428571428571,7.47583783783784,124,75,22,14,185,21066,13538,7528,1809,2633,18433,7.77870907766069,8.11111976879894,7.18091737513284,7.18240464344942,7.68097121154576,7.79267011501112,99
"103",2017,9,7.66118556701031,194,7.9052,7.21913043478261,6.86363636363636,7.46153846153846,7.67552486187845,125,69,11,13,181,21260,13663,7597,1820,2646,18614,7.77763666180621,8.10923585083804,7.18126444649204,7.18047802197802,7.67989312169312,7.79153101052971,100
"104",2017,10,7.61705314009662,207,7.91548148148148,7.0575,6.8875,7.45,7.62553299492386,135,72,20,10,197,21467,13798,7669,1840,2656,18811,7.77608820189128,8.10734015292072,7.18010249054636,7.17729347826087,7.67902756024096,7.78979258040508,101
"105",2017,11,7.54504166666667,240,7.89896551724138,7.00484210526316,7.07619047619048,7.70454545454545,7.52894495412844,145,95,21,22,218,21707,13943,7764,1861,2678,19029,7.77353367254803,8.10517316431185,7.17795801133436,7.17615260612574,7.67923719193428,7.78680425823743,102
"106",2017,12,7.61778189300412,243,7.90405882352941,7.13111111111111,6.98695652173913,7.50006666666667,7.62552631578947,153,90,23,15,228,21950,14096,7854,1884,2693,19257,7.77180940455582,8.10299024049376,7.17742118665648,7.17384288747346,7.67823921277386,7.78489475151893,103
"107",2018,1,7.61929652307692,325,7.95022935779817,6.94505953271028,6.21219178571429,7.62321428571429,7.61892717171717,218,107,28,28,297,22275,14314,7961,1912,2721,19554,7.7695841885522,8.10066371594244,7.17429812460746,7.15976013075314,7.6776729878721,7.78237391837987,104
"108",2018,2,7.45962085308057,211,7.88682170542636,6.78756097560976,6.94130434782609,7.06111111111111,7.49678756476684,129,82,23,18,193,22486,14443,8043,1935,2739,19747,7.7666756114916,8.09875375129821,7.17035526171827,7.15716349870801,7.67362110259218,7.7795827011698,105
"109",2018,3,7.35082872928177,181,7.53672566371681,7.04191176470588,6.64666666666667,6.9475,7.40093167701863,113,68,15,20,161,22667,14556,8111,1950,2759,19908,7.76335500066176,8.09439065883485,7.16927843299223,7.1532366,7.66835744835085,7.77652047418123,106
"110",2018,4,7.4360806043956,182,7.70703366972477,7.03150684931507,6.964,6.8,7.50589432926829,109,73,25,18,164,22849,14665,8184,1975,2777,20072,7.7607481495908,8.09151156495057,7.16804953201369,7.1508412,7.6627289160965,7.77430930001993,107
"111",2018,5,7.57212765957447,188,7.92221238938053,7.04466666666667,7.125,7.52777777777778,7.57435754189944,113,75,12,9,179,23037,14778,8259,1987,2786,20251,7.7592088583583,8.09021701854108,7.16692909189975,7.1506851383996,7.66229296482412,7.77254191249815,108
"112",2018,6,7.45257142857143,140,7.89428571428571,6.91269841269841,7.14,7.71666666666667,7.4278125,77,63,10,12,128,23177,14855,8322,1997,2798,20379,7.75735662380809,8.08920142039718,7.16500449050709,7.15063163244867,7.66252616154396,7.77037667549929,109
"113",2018,7,7.53854304635762,151,7.78978021978022,7.1575,7.04166666666667,7.44444444444444,7.54450704225352,91,60,12,9,142,23328,14946,8382,2009,2807,20521,7.75594026363169,8.08737836879433,7.16495077189215,7.14998077152812,7.66182693266833,7.76881371619317,110
"114",2018,8,7.56346029761905,168,7.95748148148148,6.85422216666667,6.83333333333333,7.54285714285714,7.56533331168831,108,60,15,14,154,23496,15054,8442,2024,2821,20675,7.75456400238339,8.08644646605554,7.16274232409382,7.14763407608695,7.66123651187522,7.76729807013301,111
"115",2018,9,7.51412162162162,148,7.75453608247423,7.05686274509804,6.99,7.66071428571429,7.49880597014925,97,51,10,14,134,23644,15151,8493,2034,2835,20809,7.75305894941635,8.08432150353113,7.16210652301896,7.1468590806293,7.6612339329806,7.76556910951992,112
"116",2018,10,7.46558253968254,189,7.74108951612903,6.94,7.2475,7.82109130434783,7.41632530120482,124,65,20,23,166,23833,15275,8558,2054,2858,20975,7.75077920949944,8.08153520130934,7.16041957232998,7.14783903115871,7.66252039888033,7.76280512991656,113
"117",2018,11,7.60273030150754,199,7.92216282442748,6.98735294117647,6.96666666666667,6.97222222222222,7.66543276243094,131,68,15,18,181,24032,15406,8626,2069,2876,21156,7.74955327188749,8.08018002920941,7.1590552631579,7.14652555340744,7.65820003477051,7.76197206135375,114
"118",2018,12,7.75458762886598,194,8.07483870967742,7.18728571428571,7.25,7.520625,7.77561797752809,124,70,12,16,178,24226,15530,8696,2081,2892,21334,7.74959358664246,8.08013738119769,7.15928250919963,7.14712223450264,7.65743890041493,7.76208591590888,115
"119",2019,1,7.57598620155039,258,7.72634175438596,7.28045977011494,6.88,7.83157894736842,7.55566711297071,171,87,20,19,239,24484,15701,8783,2101,2911,21573,7.74776419988565,8.07628418380995,7.16048283046795,7.14457942408377,7.65857550669873,7.75979907152459,116
"120",2019,2,7.75046783625731,171,7.97990740740741,7.35714285714286,7.15,7.84,7.73860927152318,108,63,10,20,151,24655,15809,8846,2111,2931,21724,7.74778295153114,8.07562578088431,7.16188341623333,7.14460510184746,7.65981347662913,7.75965178466212,117
"121",2019,3,7.44075675675676,185,7.95405405405405,6.67081081081081,6.38461538461539,7.4075,7.44478787878788,111,74,13,20,165,24840,15920,8920,2124,2951,21889,7.74549632326893,8.0747781388191,7.1578094955157,7.13995356403013,7.65810345645544,7.75727833021152,118
"122",2019,4,7.38988812080537,149,7.74208831325301,6.9469696969697,6.73333333333333,7.46153846153846,7.38303919117647,83,66,15,13,136,24989,16003,8986,2139,2964,22025,7.74337596542479,8.07305263388115,7.1562609281104,7.13710208976157,7.65724132928475,7.75496747786606,119
"123",2019,5,7.38355263157895,152,7.79655172413793,6.83076923076923,6.46666666666667,7.125,7.40571428571429,87,65,15,12,140,25141,16090,9051,2154,2976,22165,7.74120050912852,8.07155756991921,7.1539234007292,7.13243331940575,7.65509519489247,7.7527615023686,120
"124",2019,6,7.63486540372671,161,7.93128440366972,7.01352557692308,6.69230769230769,7.93380928571429,7.60639455782313,109,52,13,14,147,25302,16199,9103,2167,2990,22312,7.74052388467315,8.07061369837645,7.15312139184884,7.12979297185048,7.65640021070234,7.75179718088921,121
"125",2019,7,7.61885542168675,166,8.00816326530612,7.05779411764706,7.064375,7.86666666666667,7.59423841059603,98,68,16,15,151,25468,16297,9171,2183,3005,22463,7.73973085165699,8.07023816039762,7.15241457093011,7.12931349977096,7.6574497936772,7.75073804478476,122
"126",2019,8,7.62357843137255,204,8.00909836065574,7.05,6.5,7.34736842105263,7.65194594594595,122,82,12,19,185,25672,16419,9253,2195,3024,22648,7.73880785797757,8.06978386625252,7.15150697395439,7.12587306150342,7.65550153108465,7.74993106234546,123
"127",2019,9,7.65752873563218,174,7.73636363636364,7.52203125,6.96428571428571,7.825,7.64056962025316,110,64,14,16,158,25846,16529,9317,2209,3040,22806,7.73826067205758,8.06756496460766,7.15405216593324,7.12484896785876,7.65639362828947,7.74917340612119,124
"128",2019,10,7.56469483870968,186,7.93735035714286,7.00067567567568,6.8047619047619,7.89333333333333,7.5358669005848,112,74,21,15,171,26032,16641,9391,2230,3055,22977,7.73702053511064,8.06668857280212,7.15284357682888,7.12183469506726,7.65755699836334,7.74758593114854,125
"129",2019,11,7.51595052083333,192,7.9072619047619,7.04367816091954,7.18421052631579,7.29181818181818,7.52957182320442,105,87,19,11,181,26224,16746,9478,2249,3066,23158,7.73540196270592,8.06568894303118,7.1518415309137,7.12236165851489,7.65624482387475,7.74588196044563,126
"130",2019,12,7.56983333333333,240,7.88402597402597,7.00720930232558,7.495,7.56588235294118,7.57013452914798,154,86,16,17,223,26464,16900,9564,2265,3083,23381,7.73390043341899,8.06403355266273,7.15054099017148,7.12499398233995,7.65574655530327,7.74420574141397,127
"131",2020,1,7.5698606271777,287,7.80788043478261,7.14466019417476,6.575,7.69,7.55583657587549,184,103,20,30,257,26751,17084,9667,2285,3113,23638,7.7321405207282,8.06127470381644,7.15047833143685,7.12018003063457,7.65607665595888,7.74215773077248,128
"132",2020,2,7.66278202830189,212,8.02018923664122,7.08475308641975,6.74107142857143,7.79234333333333,7.65500835,131,81,14,12,200,26963,17215,9748,2299,3125,23838,7.73159518080333,8.06096205808888,7.14993219429627,7.11787140930839,7.65659992,7.74142655046564,129
"133",2020,3,7.49810650887574,169,7.75436893203883,7.09818181818182,6.87272727272727,7.79090909090909,7.47772151898734,103,66,11,11,158,27132,17318,9814,2310,3136,23996,7.73014082485626,8.05913857431575,7.14958416853475,7.11670405627705,7.65707102997449,7.73969020295049,130
"134",2020,4,7.68737674556213,169,7.98976900990099,7.23823529411765,6.85714285714286,7.46153846153846,7.7061966025641,101,68,14,13,156,27301,17419,9882,2324,3149,24152,7.7298761045383,8.05873635111086,7.15019419449504,7.11514043459552,7.65626381390917,7.73947386469029,131
"135",2020,5,7.6370718,150,7.89631815533981,7.06893617021277,6.18,7.53177111111111,7.65143098484848,103,47,18,18,132,27451,17522,9929,2342,3167,24284,7.72936899566501,8.05778160426892,7.14980955081076,7.10795318958155,7.65555624565835,7.73899529196179,132
"136",2020,6,7.55621621621622,148,7.87879120879121,7.04122807017544,6.70666666666667,7,7.60087591240876,91,57,15,11,137,27599,17613,9986,2357,3178,24421,7.72844046161093,8.05685682564016,7.14918976867615,7.10539939329656,7.65328717117684,7.73822045247942,133
"137",2020,7,7.6739375,160,8.00188679245283,7.03018518518518,6.62944444444444,7.158125,7.73125,106,54,18,16,144,27759,17719,10040,2375,3194,24565,7.72812631218704,8.05652797956996,7.14854970418327,7.10179215578947,7.65080670945522,7.7381795916955,134
"138",2020,8,7.536520875,160,7.87122118811881,6.9635593220339,6.75,8.1,7.47822993103448,101,59,13,15,145,27919,17820,10099,2388,3209,24710,7.72702824743007,8.05547769977554,7.1474689602931,7.09987703936348,7.65290639763166,7.73665418899231,135
"139",2020,9,7.47906077348066,181,7.69558823529412,7.19949367088608,7.20588235294118,7.60588235294118,7.46591463414634,102,79,17,17,164,28100,17922,10178,2405,3226,24874,7.72543101921709,8.05342945039617,7.14787276773433,7.10062634927235,7.65265859578425,7.73486914086998,136
"140",2020,10,7.53858709876543,162,7.87603173469388,7.021875,6.53571428571429,7.54666666666667,7.53776265306122,98,64,14,15,147,28262,18020,10242,2419,3241,25021,7.72436001521478,8.05246469034407,7.14708543546183,7.09735691194708,7.65216804381363,7.73371112745294,137
"141",2020,11,7.56272727272727,209,7.89330769230769,7.01873417721519,6.855,8.23076923076923,7.51841836734694,130,79,16,13,196,28471,18150,10321,2435,3254,25217,7.72317350110639,8.05132472286502,7.14610299680264,7.09576442299795,7.65447960356484,7.73203775706864,138
"142",2020,12,7.53543147208122,197,7.77645161290323,7.12602739726027,6.45384615384615,7.08666666666667,7.57241758241758,124,73,13,15,182,28668,18274,10394,2448,3269,25399,7.72188338042417,8.04945954470833,7.14596200019242,7.09235554330065,7.65187416029366,7.73089397692822,139
"143",2021,1,7.55190550724638,207,7.80681818181818,7.1032592,7.09375,7.45384615384615,7.55847649484536,132,75,16,13,194,28875,18406,10469,2464,3282,25593,7.72066483774892,8.04771942410084,7.14565607698921,7.09236459821428,7.6510897714808,7.72958701832532,140
"144",2021,2,7.59157068062827,191,7.87162790697674,7.00887096774194,6.5625,7.43888888888889,7.60745664739884,129,62,16,18,173,29066,18535,10531,2480,3300,25766,7.71981652755798,8.04649386134341,7.14485077105688,7.08894611693548,7.64993231212121,7.72876700147481,141
"145",2021,3,7.70415752941176,170,7.86196933333333,7.44923076923077,7.13636363636364,8.10564285714286,7.6681267948718,105,65,11,14,156,29236,18640,10596,2491,3314,25922,7.71972547441511,8.04545442596567,7.14671795677614,7.08915550782818,7.65185746228123,7.72840206542705,142
"146",2021,4,7.64867563758389,149,7.8887153125,7.21388679245283,6.771,8.10909090909091,7.61197586956522,96,53,16,11,138,29385,18736,10649,2507,3325,26060,7.71936520809938,8.0446513220538,7.14705225561086,7.08712499800558,7.65337011428571,7.72778553376823,143
"147",2021,5,7.49606164383562,146,7.91147058823529,6.9172131147541,5.44444444444444,6.92857142857143,7.52464028776978,85,61,9,7,139,29531,18821,10710,2516,3332,26199,7.7182612048356,8.04404984697944,7.14574318113912,7.08124895468998,7.65184742797119,7.72670773731822,144
"148",2021,6,7.44460201492537,134,7.74826295774648,7.10238095238095,6.31818181818182,7.17692307692308,7.47336090909091,71,63,11,13,121,29665,18892,10773,2527,3345,26320,7.71702505680095,8.04293821935211,7.14548960085399,7.0779273328057,7.65000168310911,7.7255430349544,145
"149",2021,7,7.49056338028169,142,7.72333333333333,7.18147540983607,6.55833333333333,8.49285714285714,7.43859259259259,81,61,12,7,135,29807,18973,10834,2539,3352,26455,7.7159461975375,8.04157375428241,7.14569221617131,7.07547159117763,7.65176182279236,7.72407872538272,146
"150",2021,8,7.6431724137931,145,7.95753086419753,7.2453125,7.03846153846154,8.14285714285714,7.61782608695652,81,64,13,7,138,29952,19054,10898,2552,3359,26593,7.71559389389691,8.04121648157867,7.14627724995412,7.07528306034483,7.65278524263173,7.72352734478998,147
"151",2021,9,7.50708110344828,145,7.82650197530864,7.1028140625,7.125,7.56,7.50316118518518,81,64,12,10,135,30097,19135,10962,2564,3369,26728,7.7145893301658,8.04030757773713,7.1460234966247,7.0755157449298,7.65250983377857,7.72241430110745,148
"152",2021,10,7.59957317073171,164,7.96720930232558,7.19423076923077,7.11666666666667,7.95,7.57681818181818,86,78,18,10,154,30261,19221,11040,2582,3379,26882,7.71396599814944,8.03998051610218,7.14636409148551,7.07580262199845,7.65339024267534,7.72158021873372,149
"153",2021,11,7.39131084269663,178,7.75888885416667,6.9609756097561,6.6875,7.22727272727273,7.40211574850299,96,82,16,11,167,30439,19317,11122,2598,3390,27049,7.71207918788397,8.03858357043019,7.1449972639813,7.07341122786759,7.65200756047197,7.71960785130688,150
"154",2021,12,7.51994603238866,247,7.86203564885496,7.13362068965517,6.9,7.74,7.50571840517241,131,116,15,15,232,30686,19448,11238,2613,3405,27281,7.71053265560843,8.03739435931716,7.14487983360029,7.0724157558362,7.65239519236417,7.71778891682856,151
"155",2022,1,7.50961204013378,299,7.85179005524862,6.98474576271186,6.93636363636364,7.38095238095238,7.5193309352518,181,118,22,21,278,30985,19629,11356,2635,3426,27559,7.70859380571245,8.03568289265882,7.14321588323353,7.07127983681214,7.65073135726795,7.7157869821111,152
"156",2022,2,7.58228070175439,171,7.76383838383838,7.33263888888889,6.88333333333333,7.5,7.58905063291139,99,72,15,13,158,31156,19728,11428,2650,3439,27717,7.70790053504943,8.0343187094485,7.14440930784039,7.07021598867924,7.65016156731608,7.71506452502074,153
"157",2022,3,7.6746217948718,156,8.1123595505618,7.09314925373134,6.57708333333333,7.28333333333333,7.69857823129252,89,67,12,9,147,31312,19817,11495,2662,3448,27864,7.70773473652274,8.0346691981632,7.14411053240539,7.06799300150263,7.64920406902552,7.71497754952627,154
"158",2022,4,7.43846666666667,150,7.87727272727273,6.81564516129032,6.91666666666667,7.677,7.42142857142857,88,62,6,10,140,31462,19905,11557,2668,3458,28004,7.70645095893459,8.03397334840493,7.14234840962187,7.06765268740629,7.64928445054945,7.71351001428367,155
"159",2022,5,7.33478787878788,165,7.81036585365854,6.86493975903614,6.16933333333333,6.75,7.36069620253165,82,83,15,7,158,31627,19987,11640,2683,3465,28162,7.70451196983591,8.0330559613749,7.14037032388316,7.06263040253447,7.64746771428571,7.71153058873659,156
"160",2022,6,7.38371428571429,140,7.64147058823529,7.14027777777778,6.91428571428571,6.70833333333333,7.44703125,68,72,7,12,128,31767,20055,11712,2690,3477,28290,7.70309818585325,8.03172822238843,7.14036975495219,7.06224437546468,7.64422652574058,7.71033384376104,157
