"","year","month","avg_rating","no_ratings","avg_rating_owned","avg_rating_not_owned","avg_rating_prev_owned","avg_rating_comment","avg_rating_no_comment","no_ratings_owned","no_ratings_not_owned","no_ratings_prev_owned","no_ratings_comment","no_ratings_no_comment","cum_no_ratings","cum_no_ratings_owned","cum_no_ratings_not_owned","cum_no_ratings_prev_owned","cum_no_ratings_comment","cum_no_ratings_no_comment","cum_avg_rating","cum_avg_rating_owned","cum_avg_rating_not_owned","cum_avg_rating_prev_owned","cum_avg_rating_comment","cum_avg_rating_no_comment","month_after_release"
"1",2010,4,8.04166666666667,12,8.35,6.5,NA,8.28571428571429,7.7,10,2,0,7,5,12,10,2,0,7,5,8.04166666666667,8.35,6.5,NA,8.28571428571429,7.7,-6
"2",2010,5,8,2,9,7,NA,7,9,1,1,0,1,1,14,11,3,0,8,6,8.03571428571429,8.40909090909091,6.66666666666667,NA,8.125,7.91666666666667,-5
"3",2010,6,8,2,8,8,NA,NA,8,1,1,0,0,2,16,12,4,0,8,8,8.03125,8.375,7,NA,8.125,7.9375,-4
"4",2010,7,7,3,8.5,6.25,NA,6.25,8.5,1,2,0,2,1,19,13,6,0,10,9,7.86842105263158,8.38461538461538,6.75,NA,7.75,8,-3
"5",2010,8,7.8,5,8.75,4,NA,8.5,7.33333333333333,4,1,0,2,3,24,17,7,0,12,12,7.85416666666667,8.47058823529412,6.35714285714286,NA,7.875,7.83333333333333,-2
"6",2010,9,7,4,8.5,5.5,7,7,7,2,2,1,1,3,28,19,9,1,13,15,7.73214285714286,8.47368421052632,6.16666666666667,7,7.80769230769231,7.66666666666667,-1
"7",2010,10,8.1016393442623,122,8.40731707317073,7.475,8.2,8.09767441860465,8.10379746835443,82,40,5,43,79,150,101,49,6,56,94,8.03266666666667,8.41980198019802,7.23469387755102,8,8.03035714285714,8.03404255319149,0
"8",2010,11,7.95940199335548,301,8.29502857142857,7.49325396825397,7.859375,7.85645161290323,7.98610878661088,175,126,16,62,239,451,276,175,22,118,333,7.98376940133038,8.3406884057971,7.42085714285714,7.89772727272727,7.93898305084746,7.99963963963964,1
"9",2010,12,8.08237618147448,529,8.37315634218289,7.56356315789474,7.60571428571429,7.92700729927007,8.13667602040816,339,190,35,137,392,980,615,365,57,255,725,8.03699693877551,8.35858536585366,7.49514246575342,7.71842105263158,7.93254901960784,8.07373379310345,2
"10",2011,1,7.98785811965812,585,8.33204986149584,7.43315625,7.37954545454545,7.74447651006711,8.07103211009174,361,224,44,149,436,1565,976,589,101,404,1161,8.01862875399361,8.34877049180328,7.47156876061121,7.57079207920792,7.86318564356436,8.07271920757967,3
"11",2011,2,7.92582417582418,364,8.29977678571429,7.3275,7.33928571428571,7.740625,7.99216417910448,224,140,28,96,268,1929,1200,729,129,500,1429,8.0011166407465,8.339625,7.4439012345679,7.52054263565891,7.839654,8.05761161651504,4
"12",2011,3,7.96160277777778,360,8.32227142857143,7.45666666666667,7.09523809523809,7.99606741573034,7.95028413284133,210,150,21,89,271,2289,1410,879,150,589,1700,7.99490214067278,8.33704042553192,7.44607963594994,7.461,7.86328862478778,8.04050235294118,5
"13",2011,4,8.04947154471545,492,8.30315286624204,7.60196629213483,8.00344827586207,7.96859504132231,8.07584905660377,314,178,29,121,371,2781,1724,1057,179,710,2071,8.00455627472132,8.33086832946636,7.47233112582781,7.54888268156425,7.88123521126761,8.0468343795268,6
"14",2011,5,8.01147902869757,453,8.26418181818182,7.62106741573034,7.32241379310345,7.69631578947368,8.09511173184358,275,178,29,95,358,3234,1999,1235,208,805,2429,8.00552597402597,8.32169434717359,7.49376842105263,7.51730769230769,7.85941242236025,8.05394977356937,7
"15",2011,6,7.96560348027842,431,8.32584269662921,7.37911646341463,7.52307692307692,7.61448977272727,8.05568513119534,267,164,26,88,343,3665,2266,1399,234,893,2772,8.00083113233288,8.32218314210062,7.48032816297355,7.51794871794872,7.83527670772676,8.0541645021645,8
"16",2011,7,8.08453027139875,479,8.3028990228013,7.69476744186047,7.60869565217391,8.00601851851852,8.10738544474393,307,172,23,108,371,4144,2573,1571,257,1001,3143,8.01050581563707,8.31988223863195,7.50380591979631,7.5260700389105,7.8536984015984,8.06044670696786,9
"17",2011,8,7.92189130434783,460,8.24255591054313,7.2391156462585,7.58695652173913,7.8437,7.94361111111111,313,147,23,100,360,4604,2886,1718,280,1101,3503,8.00165206342311,8.31149584199584,7.48115779976717,7.53107142857143,7.85279028156222,8.04843962318013,10
"18",2011,9,7.91764857881137,387,8.21271317829457,7.32751937984496,7.37,7.63581081081081,7.98428115015974,258,129,20,74,313,4991,3144,1847,300,1175,3816,7.99513846924464,8.30338963104326,7.47042723335138,7.52033333333333,7.83912519148936,8.04317714884696,11
"19",2011,10,7.90200445434298,449,8.22285714285714,7.37041420118343,7.6,7.70821917808219,7.93962765957447,280,169,30,73,376,5440,3424,2016,330,1248,4192,7.98745148897059,8.29680403037383,7.46204320436508,7.52757575757576,7.83146802884615,8.0338893129771,12
"20",2011,11,7.9367955801105,543,8.29455882352941,7.33758620689655,7.54137931034483,8.03626168224299,7.91238532110092,340,203,29,107,436,5983,3764,2219,359,1355,4628,7.98285410329266,8.29660122210414,7.45065754844525,7.52869080779944,7.84763992619926,8.02244252376837,13
"21",2011,12,7.85585317460317,504,8.22248520710059,7.10933734939759,7.31176470588235,7.70707070707071,7.89222222222222,338,166,34,99,405,6487,4102,2385,393,1454,5033,7.97298691228611,8.29049414919551,7.42690109014675,7.50992366412214,7.83806884456671,8.01196383866481,14
"22",2012,1,7.95991316931983,691,8.22993492407809,7.41869565217391,7.05142857142857,7.86163793103448,7.97973913043478,461,230,35,116,575,7178,4563,2615,428,1570,5608,7.97172835051546,8.284375849222,7.42617938814532,7.47242990654206,7.83981025477707,8.00865977175464,15
"23",2012,2,7.89663736263736,455,8.31913793103448,7.15406060606061,7.42045454545455,7.62987012987013,7.95097883597884,290,165,22,77,378,7633,4853,2780,450,1647,5986,7.96725220751998,8.28645312178034,7.41002845323741,7.46988888888889,7.82999520340012,8.00501737387237,16
"24",2012,3,7.95992462311558,398,8.27030651340996,7.36861313868613,7.46071428571429,7.99926470588235,7.95181818181818,261,137,28,68,330,8031,5114,2917,478,1715,6316,7.96688906736396,8.28562905748925,7.40808333904697,7.46935146443515,7.8367067638484,8.00223780873971,17
"25",2012,4,7.899804400978,409,8.1679704797048,7.3731884057971,7.54285714285714,7.82987012987013,7.91602409638554,271,138,28,77,332,8440,5385,3055,506,1792,6648,7.96363816350711,8.27970789229341,7.40650707037643,7.47341897233202,7.83641300223214,7.99793231046932,18
"26",2012,5,7.83573264781491,389,8.14597701149425,7.203125,7.16428571428571,7.62985074626866,7.87857142857143,261,128,14,67,322,8829,5646,3183,520,1859,6970,7.95800272964096,8.27352585901523,7.39832833804587,7.46509615384615,7.82896831629909,7.99241807747489,19
"27",2012,6,8.03175487465181,359,8.3240234375,7.30533980582524,6.79166666666667,7.66428571428571,8.10996621621622,256,103,12,63,296,9188,5902,3286,532,1922,7266,7.9608844253374,8.27571619789902,7.39541360316494,7.44990601503759,7.82357029136316,7.9972067162125,20
"28",2012,7,7.98124661246612,369,8.276,7.3219298245614,6.93157894736842,7.82,8.01899665551839,255,114,19,70,299,9557,6157,3400,551,1992,7565,7.96167061839489,8.27572795192464,7.39294973529412,7.43203266787659,7.82344482931727,7.99806794448117,21
"29",2012,8,7.87702331606218,386,8.24992430278884,7.1837037037037,6.95,7.86229508196721,7.87978769230769,251,135,20,61,325,9943,6408,3535,571,2053,7890,7.95838450165946,8.27471722846442,7.38495872701556,7.41514886164623,7.8245991719435,7.9931958174905,22
"30",2012,9,7.92878548895899,317,8.254125,7.37264957264957,7.11764705882353,7.89956896551724,7.93532818532818,200,117,17,58,259,10260,6608,3652,588,2111,8149,7.95746999025341,8.27409397699758,7.38456437568456,7.40654761904762,7.82665897678825,7.99135660817278,23
"31",2012,10,7.83205023923445,418,8.16966292134831,7.23507947019868,7.21071428571429,7.71056338028169,7.85690778097983,267,151,28,71,347,10678,6875,3803,616,2182,8496,7.9525603202847,8.27003825454545,7.37862900341835,7.3976461038961,7.82288134738772,7.98586534839925,24
"32",2012,11,7.96601731601732,462,8.31746575342466,7.36235294117647,7.16153846153846,7.92303370786517,7.97627345844504,292,170,39,89,373,11140,7167,3973,655,2271,8869,7.95311841113106,8.27197055950886,7.37793256984646,7.38358778625954,7.82680629678556,7.98546194610441,25
"33",2012,12,7.94174757281553,515,8.21955922865014,7.27828947368421,6.92592592592593,7.90659340659341,7.94929245283019,363,152,27,91,424,11655,7530,4125,682,2362,9293,7.95261596739597,8.26944395750332,7.37426087272727,7.36546920821114,7.82988022861982,7.98381168621543,26
"34",2013,1,7.98909379968203,629,8.32278801843318,7.24641025641026,6.8359375,7.90766990291262,8.00503802281369,434,195,32,103,526,12284,7964,4320,714,2465,9819,7.9544838082058,8.27235095429432,7.36848983796296,7.34173669467787,7.8331306693712,7.98494877278745,27
"35",2013,2,7.86651709401709,468,8.20364864864865,7.28633720930233,7.3,7.64671052631579,7.90913265306122,296,172,32,76,392,12752,8260,4492,746,2541,10211,7.95125541875784,8.26988898305085,7.36534418967052,7.33994638069705,7.8275549390004,7.9820381941044,28
"36",2013,3,7.86024509803922,408,8.1071828358209,7.38753571428571,7.76840909090909,7.80597222222222,7.871875,268,140,22,72,336,13160,8528,4632,768,2613,10547,7.94843382218845,8.26477579737336,7.366014917962,7.35222005208333,7.82696023727517,7.97852868114156,29
"37",2013,4,7.87022388059702,402,8.13419475655431,7.34814814814815,7.444,7.94237288135593,7.85781341107872,267,135,25,59,343,13562,8795,4767,793,2672,10890,7.94611555080372,8.26081159749858,7.36550893643801,7.35511349306431,7.82950864520958,7.97472653810836,30
"38",2013,5,7.89031073446328,354,8.12780082987552,7.38380530973451,7.41666666666667,7.55,7.96398625429553,241,113,12,63,291,13916,9036,4880,805,2735,11181,7.94469596866916,8.25726405489154,7.36593260245902,7.35603105590062,7.82307023765997,7.97444700831768,31
"39",2013,6,7.86506393861893,391,8.0902766798419,7.45217391304348,7.32916666666667,7.79351851851852,7.87652818991098,253,138,24,54,337,14307,9289,5018,829,2789,11518,7.94251968267282,8.25271590052751,7.36830432443204,7.3552533172497,7.82249806382216,7.97158204549401,32
"40",2013,7,7.83135483870968,465,8.13866013071895,7.23993710691824,7.18205128205128,7.88986486486487,7.82028132992327,306,159,39,74,391,14772,9595,5177,868,2863,11909,7.93902038315733,8.24907847837415,7.36436181186015,7.34747119815668,7.82423929444639,7.96661449324041,33
"41",2013,8,7.83227272727273,440,8.12404181184669,7.28496732026144,7.12142857142857,7.91449275362319,7.81698113207547,287,153,28,69,371,15212,9882,5330,896,2932,12280,7.93593275703392,8.24544707549079,7.36208275797373,7.34040736607143,7.82636326739427,7.96209381107492,34
"42",2013,9,7.84270642201835,436,8.08421052631579,7.38688741721854,7.12947368421053,7.46037974683544,7.92731092436975,285,151,38,79,357,15648,10167,5481,934,3011,12637,7.93333519299591,8.24092731385856,7.36276611932129,7.33182548179871,7.81676090999668,7.96111118145129,35
"43",2013,10,7.80740740740741,432,8.12599277978339,7.23806451612903,7.19705882352941,7.92361111111111,7.78416666666667,277,155,34,72,360,16080,10444,5636,968,3083,12997,7.92995205845771,8.23787897357334,7.35933660397445,7.32709194214876,7.8192562763542,7.95621004847272,36
"44",2013,11,7.7899,500,8.07993920972644,7.23187134502924,6.8125,7.44493670886076,7.85463182897862,329,171,36,79,421,16580,10773,5807,1004,3162,13418,7.92572853437877,8.23305560196788,7.35558310659549,7.30864043824701,7.80990420619861,7.95302295424057,37
"45",2013,12,7.87897849462366,558,8.10933503836317,7.33964071856287,7.22030303030303,7.80348837209302,7.89273305084746,391,167,33,86,472,17138,11164,5974,1037,3248,13890,7.92420638931031,8.22872250089574,7.35513744559759,7.30582931533269,7.80973432881773,7.95097422606192,38
"46",2014,1,7.7808864265928,722,8.0772921108742,7.23142292490119,7.04886363636364,7.48394495412844,7.8336867862969,469,253,44,109,613,17860,11633,6227,1081,3357,14503,7.91841260358343,8.22261738158686,7.35011098442268,7.29537002775208,7.79915612153709,7.94601682410536,39
"47",2014,2,7.71369351669941,509,8.00688073394495,7.18692307692308,7.1225,7.44567901234568,7.76441588785047,327,182,40,81,428,18369,11960,6409,1121,3438,14931,7.91273989329849,8.21671889632107,7.34547684506163,7.28920160570919,7.79082812681792,7.94081119817829,40
"48",2014,3,7.76004672897196,428,8.0613475177305,7.17808219178082,7.24545454545455,8.040625,7.71071428571429,282,146,22,64,364,18797,12242,6555,1143,3502,15295,7.90926313241475,8.21313984643032,7.34174845156369,7.28835958005249,7.79539323243861,7.93533520758418,41
"49",2014,4,7.80496095444685,461,8.12533333333333,7.20799378881988,7.30454545454545,7.67536231884058,7.82777295918367,300,161,22,69,392,19258,12542,6716,1165,3571,15687,7.90676633606813,8.21103954712167,7.33854200416915,7.2886652360515,7.79307395687482,7.93264735131,42
"50",2014,5,7.8585,440,8.20227758007117,7.25094339622641,7.35277777777778,7.82132352941176,7.86529569892473,281,159,36,68,372,19698,12823,6875,1201,3639,16059,7.90568819677125,8.21084753957732,7.33651608727273,7.29058701082431,7.79360184116515,7.93108717852917,43
"51",2014,6,7.77475369458128,406,8.0996138996139,7.20238095238095,7.46451612903226,7.87272727272727,7.75182370820669,259,147,31,77,329,20104,13082,7022,1232,3716,16388,7.90304397632312,8.20864531417215,7.33370807462261,7.29496347402597,7.79524141550054,7.92748834513058,44
"52",2014,7,7.75266094420601,466,8.06919732441472,7.18592814371257,7.07666666666667,7.72621951219512,7.75830729166667,299,167,30,82,384,20570,13381,7189,1262,3798,16772,7.8996371463296,8.20552933263583,7.33027515648908,7.28977416798732,7.79375121116377,7.92361489387074,45
"53",2014,8,7.83969512195122,492,8.16560240963855,7.1634375,6.64814814814815,7.68,7.8666270783848,332,160,27,71,421,21062,13713,7349,1289,3869,17193,7.89823692431868,8.20456267775104,7.32664282215267,7.27633436772692,7.79166376324632,7.92221944977607,46
"54",2014,9,7.66949339207048,454,8.04144295302013,6.95897435897436,6.86470588235294,7.38701298701299,7.72718832891247,298,156,34,77,377,21516,14011,7505,1323,3946,17570,7.89341030395984,8.20109328384841,7.31900041305796,7.26575585789871,7.78376763811454,7.91803466135458,47
"55",2014,10,7.74270346320346,462,8.14655067567567,7.02259036144578,7.24324324324324,7.58279569892473,7.7830054200542,296,166,37,93,369,21978,14307,7671,1360,4039,17939,7.89024229229229,8.19996484238485,7.31258611654282,7.26514338235294,7.77914015845506,7.91525714922794,48
"56",2014,11,7.84985559566787,554,8.11402088772846,7.25818713450292,7.03170731707317,7.82126315789474,7.8557734204793,383,171,41,95,459,22532,14690,7842,1401,4134,18398,7.88924929433694,8.19772409802587,7.31139991073706,7.2583119200571,7.78010815191098,7.91377312751386,49
"57",2014,12,7.77360294117647,612,8.10786821705426,7.19866666666667,7.28974358974359,7.87149425287356,7.75738095238095,387,225,39,87,525,23144,15077,8067,1440,4221,18923,7.88619124179053,8.19541765603237,7.30825562166853,7.25916319444444,7.7819917318171,7.90943418062675,50
"58",2015,1,7.8910447761194,871,8.16559405940594,7.26320754716981,6.82272727272727,7.79765625,7.907133243607,606,265,44,128,743,24015,15683,8332,1484,4349,19666,7.88636727462003,8.19426525537206,7.30682286365819,7.2462230458221,7.7824527707519,7.90934724905929,51
"59",2015,2,7.88186795491143,621,8.17822815533981,7.29765550239234,7.08333333333333,7.62357894736842,7.92851711026616,412,209,42,95,526,24636,16095,8541,1526,4444,20192,7.88625386020458,8.19385473749612,7.30659853647114,7.24173984272608,7.77905650315031,7.90984662242472,52
"60",2015,3,7.74699312714777,582,8.10805194805195,7.04137055837563,7.02972972972973,7.586,7.78039419087137,385,197,37,100,482,25218,16480,8738,1563,4544,20674,7.88303989610596,8.19185024271845,7.3006189173724,7.23672104926423,7.77480790052817,7.90682852858663,53
"61",2015,4,7.78431519699812,533,8.10471544715447,7.06341463414634,6.95,7.80211267605634,7.78158008658009,369,164,32,71,462,25751,16849,8902,1595,4615,21136,7.88099647004,8.18994195501217,7.29624894405752,7.23096865203762,7.77522797399783,7.90409079295988,54
"62",2015,5,7.77169553752536,493,8.10879213836478,7.15914285714286,7.09473684210526,7.68735632183908,7.78976822660099,318,175,38,87,406,26244,17167,9077,1633,4702,21542,7.87894322511812,8.18843874293703,7.2936056075796,7.22779853031231,7.77360210548702,7.90193616655835,55
"63",2015,6,7.80026785714286,448,8.07287096774194,7.18789855072464,6.85652173913043,7.70070422535211,7.81901856763926,310,138,23,71,377,26692,17477,9215,1656,4773,21919,7.87762273340327,8.1863888482005,7.29202258274552,7.22264190821256,7.77251772470144,7.90051000958073,56
"64",2015,7,7.89189723320158,506,8.17961432506887,7.16153846153846,6.83857142857143,8.05,7.86981981981982,363,143,35,62,444,27198,17840,9358,1691,4835,22363,7.87788830061034,8.18625100336323,7.29002864928403,7.21469248965109,7.77607592554291,7.89990067969414,57
"65",2015,8,7.72997311827957,558,8.00496134020618,7.10235294117647,7.018,7.540625,7.754504048583,388,170,50,64,494,27756,18228,9528,1741,4899,22857,7.87491464908488,8.18239208360764,7.28668011125105,7.20904365307295,7.77300002041233,7.89675827536422,58
"66",2015,9,7.78465656565657,495,8.05290462427746,7.16174496644295,7.3125,7.81929487179487,7.77817745803357,346,149,28,78,417,28251,18574,9677,1769,4977,23274,7.87333319174542,8.17997996662001,7.28475644311253,7.21068117580554,7.77372555756479,7.89463366417462,59
"67",2015,10,7.79459459459459,555,8.05104712041885,7.22832369942197,7.27179487179487,7.79835164835165,7.79385775862069,382,173,39,91,464,28806,18956,9850,1808,5068,23738,7.87181614941332,8.17738172082718,7.2837652893401,7.21199944690265,7.77416773875296,7.8926638259331,60
"68",2015,11,7.68283561643836,730,8.0025,7.1118320610687,6.69166666666667,7.53424778761062,7.71004862236629,468,262,66,113,617,29536,19424,10112,1874,5181,24355,7.86714538190683,8.17316813735585,7.27931053204114,7.19367395944504,7.76893497394325,7.88803752412236,61
"69",2015,12,7.73465104808878,811,8.03793784277879,7.10625,7.01754385964912,7.71188990825688,7.73818518518519,547,264,57,109,702,30347,19971,10376,1931,5290,25057,7.86360457376347,8.16946421811627,7.27490729568234,7.18847488348006,7.76775956521739,7.88383924252704,62
"70",2016,1,7.72975706806283,955,7.976684375,7.22806349206349,7.04794520547945,7.42348484848485,7.77887970838396,640,315,73,132,823,31302,20611,10691,2004,5422,25880,7.85952098907418,8.16347813788754,7.27352708820503,7.18335578842315,7.75937810770933,7.88050146445131,63
"71",2016,2,7.79829495268139,634,8.1297242206235,7.16140092165899,7.1068,7.77356818181818,7.80228021978022,417,217,55,88,546,31936,21028,10908,2059,5510,26426,7.85830551728457,8.1628087740156,7.27129648881555,7.18131083050024,7.7596047368421,7.87888529856959,64
"72",2016,3,7.66266666666667,645,8.02263959390863,7.09760956175299,6.7375,7.42215909090909,7.70066427289049,394,251,56,88,557,32581,21422,11159,2115,5598,26983,7.8544324913293,8.16023073942676,7.26738973922394,7.1695598108747,7.75430012504466,7.87520634844161,65
"73",2016,4,7.71617283950617,648,8.09583333333333,7.01679824561404,6.77439024390244,7.75620253164557,7.7106151142355,420,228,41,79,569,33229,21842,11387,2156,5677,27552,7.85173628457071,8.1589924411684,7.26237218758233,7.16204499072356,7.75432659855557,7.87180723359466,66
"74",2016,5,7.87031310344828,725,8.16943827160494,7.26205020920502,6.97613636363636,7.7400752688172,7.88947784810127,486,239,44,93,632,33954,22328,11626,2200,5770,28184,7.85213294457207,8.15921980920817,7.26236556855324,7.15832681818182,7.75409689774696,7.87220348069827,67
"75",2016,6,7.8205728314239,611,8.14695121951219,7.15482587064677,6.875,7.36666666666667,7.88699812382739,410,201,32,78,533,34565,22738,11827,2232,5848,28717,7.85157506147837,8.15899858826634,7.2605379301598,7.15426478494624,7.74892939466484,7.87247807570429,68
"76",2016,7,7.78262699564586,689,8.08190265486726,7.21185654008439,7.06571428571429,7.85313953488372,7.77257048092869,452,237,42,86,603,35254,23190,12064,2274,5934,29320,7.85022754864696,8.15749589909444,7.25958157327586,7.15262928759894,7.75043968655207,7.87042335948158,69
"77",2016,8,7.76123425692695,794,8.05832391713748,7.16140684410646,6.92452830188679,7.56546391752577,7.78847919655667,531,263,53,97,697,36048,23721,12327,2327,6031,30017,7.84826736573457,8.15527591163948,7.25748698791271,7.1474340352385,7.74746461614989,7.86852060165906,70
"78",2016,9,7.80787921348315,712,8.06665314401623,7.22534246575342,6.93292682926829,7.7328125,7.81957792207792,493,219,41,96,616,36760,24214,12546,2368,6127,30633,7.84748509249184,8.15347154125713,7.25692588075881,7.14372001689189,7.74723504161906,7.86753641171286,71
"79",2016,10,7.83177747625509,737,8.08700970873786,7.23968468468468,7.11470588235294,7.72961904761905,7.84875,515,222,34,105,632,37497,24729,12768,2402,6232,31265,7.84717636077553,8.15208742367262,7.25662610432331,7.14330932556203,7.7469382381258,7.86715665760435,72
"80",2016,11,7.75636695018226,823,8.03201834862385,7.21597122302158,6.7843137254902,7.49583333333333,7.79572027972028,545,278,51,108,715,38320,25274,13046,2453,6340,31980,7.84522604384134,8.1494982946902,7.25575978077572,7.13584549531186,7.74266074132492,7.86555950281426,73
"81",2016,12,7.79499389499389,819,8.08810564663024,7.199,7.08235294117647,7.69299065420561,7.81032303370787,549,270,51,107,712,39139,25823,13316,2504,6447,32692,7.84417491504637,8.14819307981258,7.25460889906879,7.13475599041534,7.74183637350706,7.86435650617888,74
"82",2017,1,7.89503731343284,1072,8.14343421052632,7.28996794871795,6.95662337662338,7.89386861313869,7.89520855614973,760,312,77,137,935,40211,26583,13628,2581,6584,33627,7.84553087463629,8.14805702516647,7.25541841062518,7.12944168926773,7.74499986330498,7.86521434858893,75
"83",2017,2,7.74226890756302,833,7.99866548042705,7.21055350553506,7.06181818181818,7.82620967741935,7.72758815232722,562,271,55,124,709,41044,27145,13899,2636,6708,34336,7.84343514277361,8.14496407809911,7.25454364342758,7.12803072837633,7.74650105843768,7.86237252155172,76
"84",2017,3,7.70384896467722,821,7.97074487895717,7.19919014084507,7.02538461538462,7.74798165137615,7.69709269662921,537,284,65,109,712,41865,27682,14183,2701,6817,35048,7.84069776663083,8.14158441947837,7.25343524642177,7.12556053313588,7.74652473228693,7.85901486247432,77
"85",2017,4,7.70305483028721,766,8.04633663366337,7.03885057471264,6.98627450980392,7.65375,7.70880466472303,505,261,51,80,686,42631,28187,14444,2752,6897,35734,7.83822457835847,8.13987795437614,7.24955774716145,7.1229792877907,7.74544861534,7.85613121676834,78
"86",2017,5,7.72959370904325,763,7.9817578125,7.21521912350598,6.875,7.575,7.74974814814815,512,251,44,88,675,43394,28699,14695,2796,6985,36409,7.83631451352721,8.13705703683056,7.24897122150391,7.11907689556509,7.74330123120973,7.85415894147052,79
"87",2017,6,7.61648867313916,618,7.9405612244898,7.05438053097345,6.95918367346939,7.51828125,7.62783393501805,392,226,49,64,554,44012,29091,14921,2845,7049,36963,7.83322780150868,8.13440926403356,7.24602386569265,7.1163230228471,7.74125820683785,7.85076679111544,80
"88",2017,7,7.76411516853933,712,8.09119369369369,7.22223880597015,7.08190476190476,7.69432989690722,7.77512195121951,444,268,63,97,615,44724,29535,15189,2908,7146,37578,7.83212753778731,8.13375960385984,7.24560419382448,7.11557737276479,7.7406212006717,7.84952879078184,81
"89",2017,8,7.6829750982962,763,8.01781818181818,7.06451492537313,6.92244897959184,7.87058823529412,7.65945427728614,495,268,49,85,678,45487,30030,15457,2957,7231,38256,7.82962565128498,8.13184848151849,7.24246439153781,7.11237707135611,7.74214895588438,7.84616015526976,82
"90",2017,9,7.70599397590361,664,7.95824053452116,7.17920930232558,6.99375,7.56158536585366,7.72634020618557,449,215,48,82,582,46151,30479,15672,3005,7313,38838,7.82784689389179,8.12929098395617,7.24159661179173,7.11048219633944,7.74012431286749,7.84436461455276,83
"91",2017,10,7.65833754740834,791,7.91317120622568,7.18546931407942,7.49555555555556,7.58853260869565,7.66752503576538,514,277,45,92,699,46942,30993,15949,3050,7405,39537,7.8249905628222,8.12570676927049,7.24062180073986,7.11616360655738,7.73824093180283,7.8412381541341,84
"92",2017,11,7.67105801781737,898,8.0479079787234,7.0347005988024,6.7,7.54220183486238,7.68885944233207,564,334,55,109,789,47840,31557,16283,3105,7514,40326,7.82210110994983,8.12431631650665,7.23639790579132,7.10879194847021,7.73539713867447,7.83825678222487,85
"93",2017,12,7.68537735849057,901,7.92961474036851,7.20574013157895,7.1637037037037,7.764,7.67556179775281,597,304,54,100,801,48741,32154,16587,3159,7614,41127,7.8195737079666,8.12070131243392,7.23583602218605,7.10973061095283,7.73577280010507,7.83508809298028,86
"94",2018,1,7.71805008928571,1232,8.0070283875,7.18290509259259,6.91098901098901,7.57077631578947,7.73877750925926,800,432,91,152,1080,49973,32954,17019,3250,7766,42207,7.81707081443979,8.11794175851187,7.23449245549092,7.10416584615385,7.73254340715941,7.83262368114294,87
"95",2018,2,7.65783180026281,761,7.98113871635611,7.09611510791367,6.89893617021277,7.61494252873563,7.66336795252225,483,278,47,87,674,50734,33437,17297,3297,7853,42881,7.81468226061418,8.11596562819632,7.23226843383246,7.10124021838035,7.73124055774863,7.82996333364427,88
"96",2018,3,7.69152204896907,776,7.97953287755102,7.19807692307692,6.8843137254902,7.58205128205128,7.70375517191977,490,286,51,78,698,51510,33927,17583,3348,7931,43579,7.8128268476024,8.1139951607864,7.23171228459307,7.09793578255675,7.72977330727525,7.82794187154363,89
"97",2018,4,7.62046095945946,740,7.96948623893805,7.07268517361111,6.88557692307692,7.8247311827957,7.59109908809892,452,288,52,93,647,52250,34379,17871,3400,8024,44226,7.81010243119617,8.11209522091975,7.22914948408035,7.09468794117647,7.73087389082752,7.82447700289423,90
"98",2018,5,7.64391975308642,648,8.01221393034826,7.04207317073171,6.65263157894737,7.49459459459459,7.66317073170732,402,246,38,74,574,52898,34781,18117,3438,8098,44800,7.80806669496011,8.11094078951152,7.22660928575371,7.08980191972077,7.72871475673005,7.82241026629464,91
"99",2018,6,7.5807930669145,538,7.89741166189112,6.99613756613757,6.55315789473684,7.39222222222222,7.60580351578947,349,189,38,63,475,53436,35130,18306,3476,8161,45275,7.80577847705666,8.10881947822375,7.22422978422375,7.08393527042578,7.72611715476044,7.82013774930977,92
"100",2018,7,7.64553680981595,652,7.92712918660287,7.14252136752137,7.05326086956522,7.57202380952381,7.65640845070422,418,234,46,84,568,54088,35548,18540,3522,8245,45843,7.80384685512498,8.10668302773715,7.22319851294498,7.08353463940943,7.72454725288053,7.81810912462099,93
"101",2018,8,7.6304892743106,689,7.95827444700461,7.07261176470588,6.96538461538462,7.46012658227848,7.65255263934426,434,255,52,79,610,54777,35982,18795,3574,8324,46453,7.80166631633715,8.10489298482575,7.22115543655227,7.08181561275881,7.72203773426237,7.81593511097238,94
"102",2018,9,7.67631381756757,592,8.02819329639889,7.12640692640693,6.9952380952381,7.5484375,7.69181397727273,361,231,42,64,528,55369,36343,19026,3616,8388,46981,7.80032605952789,8.10413111630851,7.22000506832755,7.08081001106195,7.7207131735813,7.8145401649603,95
"103",2018,10,7.5614599188092,739,7.82130473029046,7.07412451361868,6.89433962264151,7.29081632653061,7.60283756630265,482,257,53,98,641,56108,36825,19283,3669,8486,47622,7.79717994706637,8.10042922036661,7.21806080122388,7.07811638048515,7.71574853876974,7.811690612952,96
"104",2018,11,7.65095054987212,782,7.91344531620553,7.16971014492754,7.09322033898305,7.69166666666667,7.64484313235294,506,276,59,102,680,56890,37331,19559,3728,8588,48302,7.7951699033222,8.09789476226193,7.21737851781788,7.07835541845494,7.71546251746623,7.80934171876941,97
"105",2018,12,7.71610088474971,859,8.03309987364621,7.140306,6.97068965517241,7.59962962962963,7.73285041278296,554,305,58,108,751,57749,37885,19864,3786,8696,49053,7.79399377409132,8.09694725353043,7.21619511478051,7.07670602218701,7.71402393054278,7.80817063910464,98
"106",2019,1,7.73786601904762,1050,8.0026487012987,7.22387610644258,6.928875,7.62541791044776,7.75431585152838,693,357,80,134,916,58799,38578,20221,3866,8830,49969,7.79299147570537,8.09525331147287,7.21633072202166,7.07364692188308,7.71267928652321,7.80718340731253,99
"107",2019,2,7.74530020891365,718,7.97428244353183,7.26255411255411,6.96219512195122,7.62391304347826,7.75820577812018,487,231,41,69,649,59517,39065,20452,3907,8899,50618,7.79241613875027,8.09374523998465,7.21685280314883,7.07247734834912,7.71199102146308,7.80655543936939,100
"108",2019,3,7.57652890243902,738,7.90357561674009,7.05371478873239,6.62796610169492,7.43786516853933,7.59554442218798,454,284,59,89,649,60255,39519,20736,3966,8988,51267,7.78977196348851,8.09156054378907,7.21461846691744,7.06586459909229,7.70927660213618,7.80388420543429,101
"109",2019,4,7.71913036220472,635,8.01306024096386,7.16467172727273,6.84027777777778,7.44059523809524,7.76159306715063,415,220,36,84,551,60890,39934,20956,4002,9072,51818,7.78903526753161,8.09074475709922,7.21409411672075,7.06383533233383,7.70678881172839,7.80343450808599,102
"110",2019,5,7.58352466767372,662,7.91630080487805,7.04210317460317,6.74612244897959,7.4419696969697,7.59920021812081,410,252,49,66,596,61552,40344,21208,4051,9138,52414,7.78682497351832,8.08897195270673,7.2120504672765,7.0599923475685,7.70487613263296,7.80111215839279,103
"111",2019,6,7.69309173076923,676,7.96608202733485,7.18742616033755,6.85125,7.68072289156626,7.69482295109612,439,237,40,83,593,62228,40783,21445,4091,9221,53007,7.78580672333997,8.08764913002967,7.2117783310795,7.05795135663652,7.70465872465025,7.79992307959326,104
"112",2019,7,7.57911004739336,633,7.86388045454545,7.10329113924051,6.99777777777778,7.20352112676056,7.62655989323843,396,237,54,71,562,62861,41179,21682,4145,9292,53569,7.78372532158254,8.0854972468977,7.21059248731667,7.05716743063933,7.70082954154111,7.79810430174168,105
"113",2019,8,7.63293735399285,839,7.99182522954092,7.10097633136095,6.93375,7.71458333333333,7.62238820995962,501,338,64,96,743,63700,41680,22020,4209,9388,54312,7.78173927598116,8.08437129486565,7.20890991416894,7.05529080541696,7.70097018534299,7.79570046730004,106
"114",2019,9,7.6427585659411,781,7.97770932238193,7.08792517006803,7.10614035087719,7.60556818181818,7.64748115440115,487,294,57,88,693,64481,42167,22314,4266,9476,55005,7.78005592841302,8.08313942205991,7.20731586940934,7.0559702297234,7.70008422330097,7.79383307372057,107
"115",2019,10,7.64225950881612,794,7.91877264705882,7.14570422535211,6.9377358490566,7.47151136363636,7.66354256373938,510,284,53,88,706,65275,42677,22598,4319,9564,55711,7.77837978353121,8.08117520116222,7.20654156606779,7.05451933317898,7.69798108531995,7.79218196173107,108
"116",2019,11,7.64312841735053,853,8.03723008064516,7.09558100840336,6.91116455696203,7.71937804878049,7.63501885862516,496,357,79,82,771,66128,43173,22955,4398,9646,56482,7.77663514562666,8.08067033053066,7.20481588891309,7.05194429286039,7.69816297947335,7.79003662777522,109
"117",2019,12,7.76021363543788,982,8.05525408099689,7.20310785294118,7.00982456140351,7.75656565656566,7.7606226387316,642,340,57,99,883,67110,43815,23295,4455,9745,57365,7.77639485471614,8.08029791852106,7.20479095943335,7.05140538720539,7.69875629553617,7.78958386821232,110
"118",2020,1,7.68061876396128,1343,8.01665027348395,7.11766557768924,6.95554347826087,7.61042682926829,7.69038252756573,841,502,92,164,1179,68453,44656,23797,4547,9909,58544,7.7745157947789,8.07909925161233,7.20295304113964,7.04946580162745,7.69729438893935,7.78758608226291,111
"119",2020,2,7.54441305102041,980,7.85533849246231,7.05975903394256,7.00472314285714,7.62211009174312,7.53468977037887,597,383,70,109,871,69433,45253,24180,4617,10018,59415,7.77126804963058,8.07614728879854,7.20068491439206,7.04878744206195,7.69647635256538,7.78387872405958,112
"120",2020,3,7.70071074698795,830,8.00505065666041,7.15453845117845,6.97205508474576,7.72721518987342,7.69792266311585,533,297,59,79,751,70263,45786,24477,4676,10097,60166,7.77043457310391,8.07531964486962,7.20012498059403,7.04781926218991,7.69671685649202,7.78280580909484,113
"121",2020,4,7.7108614665127,866,8.04125780487805,7.18202888888889,6.81272727272727,7.65315789473684,7.71797150453956,533,333,55,95,771,71129,46319,24810,4731,10192,60937,7.76970926682507,8.07492768993286,7.19988209471987,7.04508621221729,7.69631084183673,7.78198549879383,114
"122",2020,5,7.69811707142857,840,7.99792628846154,7.21092709375,6.86786169811321,7.64909090909091,7.70550457534247,520,320,53,110,730,71969,46839,25130,4784,10302,61667,7.76887366477233,8.07407283118769,7.20002273935535,7.04312281354515,7.69580664919433,7.78108013491819,115
"123",2020,6,7.66437582128778,761,7.98685950413223,7.10090252707581,6.83265306122449,7.54565217391304,7.68070254110613,484,277,49,92,669,72730,47323,25407,4833,10394,62336,7.76778026646501,8.07318084948123,7.19894208052899,7.04098893854749,7.69447759284202,7.78000286640144,116
"124",2020,7,7.6518719602649,755,8.01992181236674,7.04832167832168,6.96482142857143,7.51151162790698,7.66991529147982,469,286,56,86,669,73485,47792,25693,4889,10480,63005,7.76658940069402,8.07265819948946,7.19726545907446,7.04011649417059,7.69297615458015,7.77883393397349,117
"125",2020,8,7.67115942998761,807,7.95903765503876,7.16069494845361,6.98582015873016,7.47397959183674,7.69841418899859,516,291,63,98,709,74292,48308,25984,4952,10578,63714,7.76555278859097,8.07144456611742,7.19685589862993,7.03942572899838,7.69094725846095,7.77793903490599,118
"126",2020,9,7.53772338624339,756,7.86902463840399,7.16349295774648,6.92372881355932,7.34185185185185,7.56122797037037,401,355,59,81,675,75048,48709,26339,5011,10659,64389,7.76325773704829,8.0697781309409,7.19640622916588,7.03806350229495,7.68829440848109,7.7756672187796,119
"127",2020,10,7.59470018205462,769,7.90754997722096,7.17851515151515,7.08984375,7.48115942028986,7.60589205714286,439,330,64,69,700,75817,49148,26669,5075,10728,65089,7.76154808407086,8.06832907585253,7.19618484645094,7.03871649458128,7.68696216442953,7.77384137089216,120
"128",2020,11,7.65792216960352,908,7.98611603907638,7.12234782608696,7.04567164179104,7.47938144329897,7.67927660912454,563,345,67,97,811,76725,49711,27014,5142,10825,65900,7.7603217259042,8.06739797529722,7.19524186236766,7.03880711979774,7.68510208775981,7.77267760728376,121
"129",2020,12,7.62203281045752,918,7.89467602058319,7.14755223880597,7.13915349206349,7.47462264150943,7.64127600985222,583,335,63,106,812,77643,50294,27349,5205,10931,66712,7.75868668830416,8.06539581003699,7.19465770850854,7.04002168683958,7.68306102826822,7.77107822340808,122
"130",2021,1,7.65108851687389,1126,7.96075552891396,7.12458033573142,6.72076923076923,7.61670175438597,7.65496212450593,709,417,65,114,1012,78769,51003,27766,5270,11045,67724,7.75714857634349,8.06394119051821,7.19360526075056,7.03608403795066,7.68237610683567,7.76934310008269,123
"131",2021,2,7.60996515046296,864,7.95000615678776,7.08843598240469,6.87365079365079,7.64835922330097,7.60476858081472,523,341,63,103,761,79633,51526,28107,5333,11148,68485,7.75555166953399,8.06278472538136,7.19232932507916,7.03416517532346,7.68206181377825,7.76751436080893,124
"132",2021,3,7.59333331689272,811,7.84230968503937,7.17590759075908,6.851,7.60153846153846,7.59229627777778,508,303,50,91,720,80444,52034,28410,5383,11239,69205,7.75391625752076,8.06063226121382,7.19215418303414,7.03246384543935,7.68140983183557,7.76569141420417,125
"133",2021,4,7.59825850340136,735,7.86395881006865,7.20862416107383,6.73970588235294,7.39394736842105,7.62182094081942,437,298,68,76,659,81179,52471,28708,5451,11315,69864,7.75250692198721,8.05899428408073,7.19232514769402,7.02881175564117,7.67947901900132,7.7643343398603,126
"134",2021,5,7.51792487323944,710,7.86972288508557,7.03990033222591,6.76574074074074,7.30064935064935,7.54435491311216,409,301,54,77,633,81889,52880,29009,5505,11392,70497,7.7504730315427,8.05753036573374,7.19074357406322,7.02623122252498,7.67691846032303,7.76235912138105,127
"135",2021,6,7.56527518691589,642,7.83431065445026,7.17,6.625,7.39552631578947,7.58806832155477,382,260,48,76,566,82531,53262,29269,5553,11468,71063,7.74903239691752,8.05592941327776,7.19055930643343,7.02276298937511,7.67505363620509,7.76097093635225,128
"136",2021,7,7.51339650145773,686,7.81496124031008,7.12307692307692,7.175,7.52246575342466,7.51231647634584,387,299,44,73,613,83217,53649,29568,5597,11541,71676,7.74708993054304,8.05419117616358,7.18987690543831,7.02395977845274,7.67408847586864,7.75884435027066,129
"137",2021,8,7.57287769784173,695,7.877610968523,7.12658393617021,6.88181818181818,7.52909090909091,7.576640625,413,282,55,55,640,83912,54062,29850,5652,11596,72316,7.74564702009248,8.05284221338463,7.18927896180905,7.02257658881812,7.67340075025871,7.75723183873555,130
"138",2021,9,7.44607826484018,657,7.70571069825436,7.0393883984375,6.91675675675676,7.49319042857143,7.44046011925043,401,256,37,70,587,84569,54463,30106,5689,11666,72903,7.74331972909695,8.05028635458935,7.1880043991231,7.02188835999297,7.67231942653866,7.75468125783576,131
"139",2021,10,7.48815316216216,740,7.78880678983834,7.06410423452769,6.79291666666667,7.66606060606061,7.47073195845697,433,307,48,66,674,85309,54896,30413,5737,11732,73577,7.7411063253584,8.04822389736957,7.18675370532338,7.01997261286387,7.67228421667235,7.75208014841595,132
"140",2021,11,7.61706462576687,815,7.92157404210526,7.19164705882353,7.06140350877193,7.4804347826087,7.63445044260028,475,340,57,92,723,86124,55371,30753,5794,11824,74300,7.73993250638614,8.04713743186867,7.18680780541736,7.02038020020711,7.67079147750338,7.75093551480485,133
"141",2021,12,7.53121480888889,1125,7.81665166666667,7.12607862365591,6.620718,7.49999193548387,7.53508257742258,660,465,65,124,1001,87249,56031,31218,5859,11948,75301,7.7372412731378,8.04442249540433,7.1859032289064,7.01594633043181,7.6690188675929,7.74806611346463,134
"142",2022,1,7.4982967032967,1547,7.79831595469256,7.04971953225806,6.8122972972973,7.463625,7.50229632299928,927,620,111,160,1387,88796,56958,31838,5970,12108,76688,7.73307839136898,8.04041707451104,7.18325124411081,7.01215989112228,7.66630471010902,7.74362105427186,135
"143",2022,2,7.47159792265193,905,7.71467769369369,7.08614285714286,6.98454545454545,7.25567901234568,7.49282296116505,555,350,55,81,824,89701,57513,32188,6025,12189,77512,7.73044029564888,8.03727369203484,7.18219532465515,7.01190780912863,7.66357596439412,7.7409549170451,136
"144",2022,3,7.44530270573566,802,7.7206704,7.04530376146789,6.6777962962963,7.20132222222222,7.47614293539326,475,327,54,90,712,90503,57988,32515,6079,12279,78224,7.72791352474504,8.03468028367938,7.18081862032908,7.00893988320447,7.66018783532861,7.73854458094702,137
"145",2022,4,7.4716438721351,829,7.7632342462845,7.08801519553073,6.95092592592593,7.4745625,7.47133213618158,471,358,54,80,749,91332,58459,32873,6133,12359,78973,7.72558742280909,8.03249326228639,7.17980795424817,7.0084290803848,7.65898627963427,7.73601027021894,138
"146",2022,5,7.53035661764706,816,7.78893013100437,7.19955586592179,7.21086956521739,7.53528571428571,7.52973793103448,458,358,46,91,725,92148,58917,33231,6179,12450,79698,7.72385859161349,8.03059988831746,7.18002069994884,7.00993616280951,7.65808212289156,7.73413384363472,139
"147",2022,6,7.38818547144754,753,7.67112652777778,7.00740498442368,6.57814,6.98714117647059,7.43921655688623,432,321,50,85,668,92901,59349,33552,6229,12535,80366,7.72113782585763,8.02798329003016,7.17836924415832,7.00647014769626,7.65353246350219,7.7316824991912,140
