"","year","month","avg_rating","no_ratings","avg_rating_owned","avg_rating_not_owned","avg_rating_prev_owned","avg_rating_comment","avg_rating_no_comment","no_ratings_owned","no_ratings_not_owned","no_ratings_prev_owned","no_ratings_comment","no_ratings_no_comment","cum_no_ratings","cum_no_ratings_owned","cum_no_ratings_not_owned","cum_no_ratings_prev_owned","cum_no_ratings_comment","cum_no_ratings_no_comment","cum_avg_rating","cum_avg_rating_owned","cum_avg_rating_not_owned","cum_avg_rating_prev_owned","cum_avg_rating_comment","cum_avg_rating_no_comment","month_after_release"
"1",2010,10,8.38545454545454,55,8.66216216216216,7.81666666666667,7.94,8.33529411764706,8.4078947368421,37,18,5,17,38,55,37,18,5,17,38,8.38545454545454,8.66216216216216,7.81666666666667,7.94,8.33529411764706,8.4078947368421,0
"2",2010,11,7.75906040268456,149,8.43611111111111,7.12597402597403,7.76923076923077,7.5734693877551,7.85,72,77,13,49,100,204,109,95,18,66,138,7.92794117647059,8.51284403669725,7.25684210526316,7.81666666666667,7.76969696969697,8.0036231884058,1
"3",2010,12,7.92590909090909,110,8.60083333333333,7.116,8.2,7.168,8.14882352941176,60,50,10,25,85,314,169,145,28,91,223,7.92722929936306,8.54408284023669,7.20827586206897,7.95357142857143,7.60439560439561,8.05896860986547,2
"4",2011,1,8.01649484536082,97,8.36923076923077,7.60888888888889,7.9,8.02777777777778,8.01392405063291,52,45,10,18,79,411,221,190,38,109,302,7.94829683698297,8.50294117647059,7.30315789473684,7.93947368421053,7.67431192660551,8.04718543046358,3
"5",2011,2,7.83883495145631,103,8.69387755102041,7.06296296296296,7.76,7.56,7.92820512820513,49,54,5,25,78,514,270,244,43,134,380,7.92636186770428,8.53759259259259,7.25,7.91860465116279,7.65298507462687,8.02276315789474,4
"6",2011,3,7.76041666666667,96,8.50555555555556,7.10294117647059,7.57777777777778,7.33166666666667,7.95530303030303,45,51,9,30,66,610,315,295,52,164,446,7.90024590163934,8.53301587301587,7.22457627118644,7.85961538461538,7.59420731707317,8.01278026905829,5
"7",2011,4,7.51666666666667,84,8.18421052631579,6.96521739130435,8.325,6.89411764705882,7.67462686567164,38,46,4,17,67,694,353,341,56,181,513,7.85381844380403,8.49546742209632,7.18958944281525,7.89285714285714,7.52845303867403,7.96861598440546,6
"8",2011,5,7.66980676328502,207,8.40940594059406,6.96509433962264,7.40714285714286,7.69074074074074,7.6624183006536,101,106,14,54,153,901,454,447,70,235,666,7.81154273029967,8.47632158590308,7.13635346756152,7.79571428571429,7.56574468085106,7.89827327327327,7
"9",2011,6,7.73350785340314,191,8.22736842105263,7.24479166666667,7.82380952380952,7.75142857142857,7.72948717948718,95,96,21,35,156,1092,549,543,91,270,822,7.79789377289377,8.43324225865209,7.15552486187845,7.8021978021978,7.58981481481482,7.86624087591241,8
"10",2011,7,7.75779220779221,154,8.37142857142857,7.14415584415584,7.82352941176471,7.49390243902439,7.85353982300885,77,77,17,41,113,1246,626,620,108,311,935,7.79293739967897,8.42563897763578,7.15411290322581,7.80555555555556,7.57717041800643,7.86470588235294,9
"11",2011,8,7.71518518518519,135,8.21549295774648,7.16015625,7.35,7.7953125,7.69029126213592,71,64,15,32,103,1381,697,684,123,343,1038,7.78533671252715,8.40423242467719,7.1546783625731,7.75,7.59752186588921,7.84739884393064,10
"12",2011,9,7.74734848484848,132,8.2775,7.30555555555556,7.27272727272727,7.5037037037037,7.81,60,72,11,27,105,1513,757,756,134,370,1143,7.78202247191011,8.39418758256275,7.16904761904762,7.71082089552239,7.59067567567567,7.84396325459318,11
"13",2011,10,7.76125,160,8.46645569620253,7.07345679012346,8.2,7.3265625,7.869921875,79,81,10,32,128,1673,836,837,144,402,1271,7.78003586371787,8.40101674641148,7.15979689366786,7.74479166666667,7.56965174129353,7.84657749803304,12
"14",2011,11,7.6421568627451,204,8.12626262626263,7.18571428571429,7.95,7.57333333333333,7.65402298850575,99,105,10,30,174,1877,935,942,154,432,1445,7.76505061267981,8.37192513368984,7.16268577494692,7.75811688311688,7.56990740740741,7.82339100346021,13
"15",2011,12,7.69010786516854,178,8.26804421052632,7.02861445783132,7.14285714285714,7.42897714285714,7.75402097902098,95,83,14,35,143,2055,1030,1025,168,467,1588,7.75855922141119,8.36234388349515,7.15182926829268,7.70684523809524,7.55934518201285,7.81714420654912,14
"16",2012,1,7.70772898550725,207,8.19999910714286,7.12736842105263,7.66470588235294,7.48275862068965,7.74438146067416,112,95,17,29,178,2262,1142,1120,185,496,1766,7.75390764809903,8.34642215411559,7.14975446428571,7.70297297297297,7.55486733870968,7.80981024915062,15
"17",2012,2,7.6625786163522,159,8.14705882352941,7.10608108108108,7.5,7.69838709677419,7.65390625,85,74,22,31,128,2421,1227,1194,207,527,1894,7.74790958281702,8.33261132844336,7.14704773869347,7.68140096618357,7.56330967741935,7.79927397043295,16
"18",2012,3,7.7463503649635,137,8.3695945945946,7.01428571428571,7.22727272727273,7.67241379310345,7.7662037037037,74,63,11,29,108,2558,1301,1257,218,556,2002,7.74782607505864,8.33471491160646,7.1403937947494,7.65848623853211,7.56900035971223,7.79748996003996,17
"19",2012,4,7.679296875,128,8.17333333333333,7.24338235294118,7.33125,7.74137931034483,7.66111111111111,60,68,16,29,99,2686,1361,1325,234,585,2101,7.74456034996277,8.32760036737693,7.14567924528302,7.63611111111111,7.57754564102564,7.7910637315564,18
"20",2012,5,7.68728070175439,114,8.0325,7.3037037037037,7.10416666666667,7.48333333333333,7.74166666666667,60,54,12,24,90,2800,1421,1379,246,609,2191,7.74222825,8.31514011259676,7.15186729514141,7.61016260162602,7.5738328407225,7.78903464171611,19
"21",2012,6,7.81818181818182,99,8.36666666666667,7.16,7.51538461538462,7.97142857142857,7.79294117647059,54,45,13,14,85,2899,1475,1424,259,623,2276,7.74482204208348,8.31702650847458,7.15212429775281,7.60540540540541,7.58276757624398,7.78918053602812,20
"22",2012,7,7.61634615384615,104,8.23482142857143,6.89479166666667,6.83333333333333,7.54705882352941,7.62988505747126,56,48,6,17,87,3003,1531,1472,265,640,2363,7.74037266067266,8.31401966035271,7.14373301630435,7.58792452830189,7.5818190625,7.78331565806179,21
"23",2012,8,7.67591836734694,98,8.14903846153846,7.14108695652174,7.15,8,7.57653333333333,52,46,10,23,75,3101,1583,1518,275,663,2438,7.73833573040954,8.30860018951358,7.14365283267457,7.572,7.59632609351433,7.77695442986054,22
"24",2012,9,7.71346153846154,104,8.18541666666667,7.30892857142857,7.07692307692308,7.54166666666667,7.73586956521739,48,56,13,12,92,3205,1631,1574,288,675,2530,7.73752858034321,8.3049749233599,7.14953303684879,7.54965277777778,7.59535437037037,7.77546043478261,23
"25",2012,10,7.7150406504065,123,8.17015625,7.22135593220339,7.22307692307692,7.94565217391304,7.662,64,59,13,23,100,3328,1695,1633,301,698,2630,7.73669744591346,8.29988442477876,7.15212798530312,7.53554817275748,7.60689713467049,7.77114634980989,24
"26",2012,11,7.8722972972973,148,8.36,7.37123287671233,7.17058823529412,7.92424242424242,7.85739130434783,75,73,17,33,115,3476,1770,1706,318,731,2745,7.74247097238205,8.30243169491525,7.16150351699883,7.51603773584906,7.62122325581395,7.77475952641166,25
"27",2012,12,7.73206106870229,131,8.17910447761194,7.2640625,7.33888888888889,7.90322580645161,7.679,67,64,18,31,100,3607,1837,1770,336,762,2845,7.74209290268922,8.2979336418073,7.16521186440678,7.50654761904762,7.63269580052494,7.77139363796134,26
"28",2013,1,7.40031055900621,161,8.14240506329114,6.68536585365854,6.75,6.49583333333333,7.55875912408759,79,82,16,24,137,3768,1916,1852,352,786,2982,7.72748914543524,8.29152092901879,7.14396598272138,7.47215909090909,7.59798244274809,7.76162471495641,27
"29",2013,2,7.57378378378378,111,8.31546875,6.56382978723404,7.5625,7.84058823529412,7.52553191489362,64,47,8,17,94,3879,1980,1899,360,803,3076,7.72309077081722,8.292295,7.12960768825698,7.47416666666667,7.60311855541719,7.75440991547465,28
"30",2013,3,7.76897142857143,105,8.3488679245283,7.17792307692308,7.3452,7.49733333333333,7.8251724137931,53,52,10,18,87,3984,2033,1951,370,821,3163,7.7242999748996,8.29376984751599,7.1308954382368,7.47068108108108,7.60079926918392,7.75635627568764,29
"31",2013,4,7.50240740740741,108,8.24039215686274,6.84210526315789,6.85454545454545,7.2,7.57976744186047,51,57,11,22,86,4092,2084,2008,381,843,3249,7.71844357282502,8.29246357965451,7.12269770916335,7.45289238845144,7.59033950177936,7.75168202523854,30
"32",2013,5,7.68761904761905,105,8.2811320754717,7.08269230769231,7.15384615384615,7.44545454545455,7.75180722891566,53,52,13,22,83,4197,2137,2060,394,865,3332,7.71767240886347,8.29218254562471,7.12168786407767,7.44302538071066,7.58665456647399,7.75168514405763,31
"33",2013,6,7.69833333333333,90,8.37065217391304,6.99545454545455,7.6,8.50333333333333,7.53733333333333,46,44,5,15,75,4287,2183,2104,399,880,3407,7.71726641007698,8.29383605130555,7.11904800380228,7.44499248120301,7.60227977272727,7.74696651012621,32
"34",2013,7,7.60436893203883,103,8.06181818181818,7.08020833333333,6.81111111111111,6.86470588235294,7.75058139534884,55,48,9,17,86,4390,2238,2152,408,897,3493,7.71461756264237,8.28813409294013,7.11818169144981,7.43100980392157,7.58830122630992,7.74705551102205,33
"35",2013,8,7.56774193548387,93,8.31020408163265,6.74090909090909,6.17777777777778,7.45789473684211,7.59594594594595,49,44,9,19,74,4483,2287,2196,417,916,3567,7.7115706223511,8.28860695233931,7.11062249544627,7.40396163069544,7.58559628820961,7.74392063358565,34
"36",2013,9,7.52663043478261,92,8.34756097560976,6.86666666666667,6.95,7.17647058823529,7.606,41,51,10,17,75,4575,2328,2247,427,933,3642,7.70785160655738,8.28964523195876,7.10508544726302,7.39333021077283,7.57814169346195,7.74108042284459,35
"37",2013,10,7.73834951456311,103,8.28214285714286,7.09042553191489,7.6,8.46428571428571,7.62415730337079,56,47,10,14,89,4678,2384,2294,437,947,3731,7.70852310816588,8.28946900167785,7.10478509154316,7.39805949656751,7.59124202745512,7.73829131600107,36
"38",2013,11,7.63320610687023,131,8.16287878787879,7.09538461538462,7.06666666666667,7.844,7.58349056603774,66,65,15,25,106,4809,2450,2359,452,972,3837,7.70647142857143,8.28605881632653,7.1045260703688,7.38706194690266,7.59774300411523,7.73401482929372,37
"39",2013,12,7.72214876033058,121,8.36,7.02931034482759,6.63636363636364,7.85555555555556,7.69883495145631,63,58,11,18,103,4930,2513,2417,463,990,3940,7.70685620689655,8.28791249502587,7.10272114191146,7.36922678185745,7.60243050505051,7.73309515228427,38
"40",2014,1,7.8104,125,8.25522388059701,7.29655172413793,7.63636363636364,7.945,7.7847619047619,67,58,11,20,105,5055,2580,2475,474,1010,4045,7.70941663699308,8.28706360465116,7.10726343434344,7.37542616033755,7.60921405940594,7.73443631644005,39
"41",2014,2,7.71742424242424,132,8.06287878787879,7.3719696969697,7.23214285714286,7.7075,7.71919642857143,66,66,14,20,112,5187,2646,2541,488,1030,4157,7.70962041642568,8.28147169312169,7.11413892168438,7.37131557377049,7.61112252427184,7.73402571566033,40
"42",2014,3,7.51930693069307,101,8.04385964912281,6.83977272727273,7.45,8.02142857142857,7.43850574712644,57,44,10,14,87,5288,2703,2585,498,1044,4244,7.70598545763994,8.27646100628931,7.10946885880078,7.37289558232932,7.61662471264368,7.72796769557022,41
"43",2014,4,7.60561320754717,106,8.17358490566038,7.03764150943396,7.03333333333333,7.89090909090909,7.53089285714286,53,53,15,22,84,5394,2756,2638,513,1066,4328,7.70401299592139,8.27448261973875,7.10802577710387,7.36296686159844,7.62228536585366,7.72414276802218,42
"44",2014,5,7.5595,100,8.26176470588235,6.82857142857143,7,7.25,7.6320987654321,51,49,11,19,81,5494,2807,2687,524,1085,4409,7.7013826174008,8.27425154969719,7.10292966133234,7.35534732824428,7.61576608294931,7.72245178044908,43
"45",2014,6,7.86168831168831,77,8.18472222222222,7.5780487804878,8.07,7.91666666666667,7.83679245283019,36,41,10,24,53,5571,2843,2728,534,1109,4462,7.70359829474062,8.27311786844882,7.11007038123167,7.36873033707865,7.62227790802525,7.72380992828328,44
"46",2014,7,7.58666666666667,90,8.14777777777778,7.02555555555556,7.14285714285714,7.68214285714286,7.56907894736842,45,45,7,14,76,5661,2888,2773,541,1123,4538,7.70173928634517,8.27116485457064,7.10869888207717,7.36580776340111,7.62302422083704,7.7212185764654,45
"47",2014,8,7.86147727272727,88,8.42826086956522,7.24071428571429,8.23333333333333,8.24375,7.77652777777778,46,42,6,16,72,5749,2934,2815,547,1139,4610,7.70418439728648,8.27362784594411,7.11066856127886,7.37532358318099,7.63174381035996,7.72208240780911,46
"48",2014,9,7.77732558139535,86,8.42674418604651,7.12790697674419,7.33333333333333,8.171875,7.68714285714286,43,43,6,16,70,5835,2977,2858,553,1155,4680,7.70526239931448,8.27583946926436,7.11092792162351,7.37486799276673,7.63922614718615,7.72155980769231,47
"49",2014,10,7.67025862068965,116,8.11825396825397,7.1377358490566,7.1,7.59615384615385,7.69166666666667,63,53,10,26,90,5951,3040,2911,563,1181,4770,7.70458008738027,8.27257371710527,7.11141600824459,7.36998579040853,7.63827790008467,7.72099578616352,48
"50",2014,11,7.74769841269841,126,8.30970149253731,7.10949152542373,7.32,7.82090909090909,7.73221153846154,67,59,8,22,104,6077,3107,2970,571,1203,4874,7.70547409906203,8.2733743482459,7.11137777777778,7.36928546409807,7.64161778886118,7.72123510463685,49
"51",2014,12,7.56256179775281,89,8.02954166666667,7.01585365853659,6.60416666666667,6.80375,7.72887671232877,48,41,12,16,73,6166,3155,3011,583,1219,4947,7.70341130392475,8.26966469096672,7.11007705081368,7.35353687821612,7.63062034454471,7.72134786739438,50
"52",2015,1,7.77571428571429,140,8.21746575342466,7.29440298507463,7.22125,7.79545454545455,7.77203389830508,73,67,20,22,118,6306,3228,3078,603,1241,5065,7.70501650808753,8.26848423172243,7.1140893437297,7.34914925373134,7.63354246575342,7.72252870681145,51
"53",2015,2,7.68333333333333,111,8.35948275862069,6.94339622641509,6.935,7.615625,7.69473684210526,58,53,20,16,95,6417,3286,3131,623,1257,5160,7.70464143680848,8.27009041387706,7.11119993612265,7.33585393258427,7.63331439936356,7.72201703488372,52
"54",2015,3,7.70340909090909,88,8.41111111111111,6.96279069767442,6.81818181818182,8.28,7.58493150684932,45,43,11,15,73,6505,3331,3174,634,1272,5233,7.70462476556495,8.27199552686881,7.10918935097669,7.32687223974763,7.64094040880503,7.72010470093637,53
"55",2015,4,7.78095238095238,84,8.46222222222222,6.99487179487179,7.32333333333333,8.20333333333333,7.68913043478261,45,39,15,15,69,6589,3376,3213,649,1287,5302,7.70559782971619,8.27453113151659,7.10780174291939,7.32679044684129,7.6474951048951,7.71970160316862,54
"56",2015,5,7.94238095238095,105,8.41754385964912,7.378125,7.42857142857143,9.05,7.77197802197802,57,48,7,14,91,6694,3433,3261,656,1301,5393,7.70931193606214,8.27690565103408,7.11178074210365,7.32787652439024,7.66258739431207,7.72058370109401,55
"57",2015,6,7.71236842105263,76,8.16571428571429,7.32536585365854,7.4,8.03333333333333,7.68485714285714,35,41,7,6,70,6770,3468,3302,663,1307,5463,7.70934624815362,8.27578347750865,7.11443276801938,7.32863800904977,7.66428936495792,7.72012591982427,56
"58",2015,7,7.88287671232877,73,8.48076923076923,7.19705882352941,7.88571428571429,8.03461538461539,7.85,39,34,7,13,60,6843,3507,3336,670,1320,5523,7.71119744264211,8.27806304533789,7.11527488009592,7.33445820895522,7.66793651515152,7.72153682781097,57
"59",2015,8,7.64252525252525,99,8.11803571428571,7.02325581395349,7.25,7.37058823529412,7.69890243902439,56,43,6,17,82,6942,3563,3379,676,1337,5605,7.71021810717372,8.27554788099916,7.11410387688665,7.33370857988166,7.66415572176515,7.72120569134701,58
"60",2015,9,7.87188461538462,91,8.28003125,7.41627906976744,7.43333333333333,7.72,7.90186184210526,48,43,18,15,76,7033,3611,3422,694,1352,5681,7.71230991042229,8.27560747715314,7.11790093512566,7.33629250720461,7.66477529585799,7.72362249603943,59
"61",2015,10,7.69850961538462,104,8.14628787878788,6.92078947368421,7.3125,7.92941176470588,7.6533908045977,66,38,8,17,87,7137,3677,3460,702,1369,5768,7.71210881322684,8.2732862659777,7.11573612716763,7.33602136752137,7.66806150474799,7.72256317614425,60
"62",2015,11,7.68110236220472,127,8.23387096774194,7.15384615384615,7.13076923076923,7.13333333333333,7.78962264150943,62,65,13,21,106,7264,3739,3525,715,1390,5874,7.71156671255506,8.27263268253544,7.11643886524823,7.33228951048951,7.65998287769784,7.72377330609465,61
"63",2015,12,7.7202,125,8.327734375,7.0827868852459,7.42857142857143,8.2875,7.63692660550459,64,61,7,16,109,7389,3803,3586,722,1406,5983,7.7117127622141,8.27355997896397,7.11586642498606,7.33322299168975,7.66712389758179,7.72219110813973,62
"64",2016,1,7.87957142857143,140,8.47444444444444,7.24970588235294,7.00666666666667,7.96708333333333,7.86146551724138,72,68,15,24,116,7529,3875,3654,737,1430,6099,7.71483405498738,8.27729254193548,7.11835714285714,7.32657666214383,7.67215818181818,7.72484003935071,63
"65",2016,2,7.78438202247191,89,8.42240740740741,6.8,7.25,7.725,7.79363636363636,54,35,8,12,77,7618,3929,3689,745,1442,6176,7.71564657390391,8.27928699414609,7.11533667660613,7.32575436241611,7.67259791955617,7.72569776554404,64
"66",2016,3,7.81971428571429,105,8.3565306122449,7.35,6.85,7.40909090909091,7.86776595744681,49,56,10,11,94,7723,3978,3745,755,1453,6270,7.71706145280331,8.28023846153846,7.11884566088118,7.31945298013245,7.67060302821748,7.72782765550239,65
"67",2016,4,7.77391304347826,92,8.44893617021277,7.06888888888889,7.59090909090909,7.67857142857143,7.79102564102564,47,45,11,14,78,7815,4025,3790,766,1467,6348,7.71773072296865,8.28220834782609,7.11825250659631,7.32335117493473,7.67067907293797,7.72860419029616,66
"68",2016,5,7.664,80,8.22619047619048,7.04263157894737,6.85714285714286,7.29166666666667,7.72970588235294,42,38,7,12,68,7895,4067,3828,773,1479,6416,7.717186269791,8.28162985001229,7.11750182863114,7.31912936610608,7.66760392156863,7.72861586658354,67
"69",2016,6,7.98701298701299,77,8.46282051282051,7.49868421052632,7.93636363636364,8.35,7.91328125,39,38,11,13,64,7972,4106,3866,784,1492,6480,7.7197924736578,8.2833508524111,7.12124857734092,7.32778954081633,7.67354973190348,7.73043972222222,68
"70",2016,7,7.72361111111111,72,8.1125,7.4125,7.65,7.63125,7.75,32,40,4,16,56,8044,4138,3906,788,1508,6536,7.71982665340626,8.28202962783953,7.1242311827957,7.32942512690355,7.67310092838196,7.73060731334149,69
"71",2016,8,7.56866666666667,90,8.35075,6.943,7.165,7.33333333333333,7.6048717948718,40,50,10,12,78,8134,4178,3956,798,1520,6614,7.71815411851487,8.28268755385352,7.12194059656218,7.32736466165414,7.67041855263158,7.72912449349864,70
"72",2016,9,7.55902912621359,103,8.23434782608696,7.0140350877193,6.75,8.18615384615385,7.46844444444444,46,57,6,13,90,8237,4224,4013,804,1533,6704,7.71616433167415,8.28216112689394,7.1204079242462,7.32305597014926,7.6747920417482,7.72562491050119,71
"73",2016,10,7.64842105263158,95,8.13846153846154,7.05581395348837,6.60625,7.7375,7.6355421686747,52,43,8,12,83,8332,4276,4056,812,1545,6787,7.71539193470955,8.28041361085126,7.11972312623274,7.31599384236453,7.67527909385113,7.72452326506557,72
"74",2016,11,7.80560747663551,107,8.33114754098361,7.10869565217391,7.45,7.49090909090909,7.84166666666667,61,46,8,11,96,8439,4337,4102,820,1556,6883,7.71653579808034,8.28112718468987,7.11959946367626,7.3173012195122,7.67397570694087,7.72615711172454,73
"75",2016,12,7.85794174757282,103,8.29121428571429,7.34170212765957,7.54090909090909,8.41925,7.75471264367816,56,47,11,16,87,8542,4393,4149,831,1572,6970,7.71824088035589,8.28125577054404,7.12211544950591,7.32026113116727,7.68156119592875,7.72651354375897,74
"76",2017,1,7.73857954545455,176,8.27680412371134,7.07772151898734,7.1,7.90263157894737,7.71872611464968,97,79,12,19,157,8718,4490,4228,843,1591,7127,7.71865147969718,8.28115959910913,7.12128595080416,7.31712574139976,7.68420125707102,7.72634199522941,75
"77",2017,2,7.97568928176796,181,8.5791170212766,7.32370988505747,7.1726725,7.7547619047619,8.004686,94,87,16,21,160,8899,4584,4315,859,1612,7287,7.72387946510844,8.28726954624781,7.12536726767092,7.31443511059372,7.68512047146402,7.73245356937011,76
"78",2017,3,7.82923529411765,170,8.35393617021277,7.18026315789474,7.48235294117647,7.928,7.81220689655172,94,76,17,25,145,9069,4678,4391,876,1637,7432,7.72585437865255,8.28860914920906,7.12631741289,7.31769378995434,7.68882968845449,7.73400957481163,77
"79",2017,4,7.96074712643678,174,8.6989010989011,7.15144578313253,7.91928571428571,8.41428571428571,7.89849673202614,91,83,14,21,153,9243,4769,4474,890,1658,7585,7.73027624797144,8.29643816313692,7.1267835851587,7.32715703370787,7.69801821471653,7.73732750955834,78
"80",2017,5,7.9350641025641,156,8.46666666666667,7.26478260869565,7.83333333333333,8.12857142857143,7.91598591549296,87,69,9,14,142,9399,4856,4543,899,1672,7727,7.73367521651239,8.29948797364085,7.12887954215276,7.33222442714127,7.70162332535885,7.74061073637893,79
"81",2017,6,7.60549668874172,151,8.31973333333333,6.90065789473684,7.38333333333333,7.21,7.68396825396825,75,76,15,25,126,9550,4931,4619,914,1697,7853,7.73164851937172,8.29979590346785,7.12512443386014,7.33306319474836,7.69438078962876,7.73970191773845,80
"82",2017,7,7.68883561643836,146,8.38632911392405,6.86641791044776,6.87272727272727,7.29545454545455,7.75862903225806,79,67,11,22,124,9696,5010,4686,925,1719,7977,7.73100385313531,8.30116039920159,7.12142547161759,7.32758892972973,7.68927527632344,7.73999613388492,81
"83",2017,8,7.85179104477612,134,8.4230985915493,7.20793650793651,7.25,8.27125,7.79491525423729,71,63,12,16,118,9830,5081,4749,937,1735,8095,7.73265039267548,8.30286431804763,7.12257312276269,7.32659526147279,7.69464219020173,7.74079668437307,82
"84",2017,9,7.87650306748466,163,8.40373626373626,7.21013888888889,7.55454545454545,7.99444444444444,7.86186206896552,91,72,11,18,145,9993,5172,4821,948,1753,8240,7.73499683378365,8.30463913379737,7.12388088778262,7.32924025316456,7.69772059326868,7.74292708252427,83
"85",2017,10,7.71809782608696,184,8.41827956989247,7.00252747252747,6.925,7.736,7.71528301886792,93,91,16,25,159,10177,5265,4912,964,1778,8399,7.73469129999017,8.30664645773979,7.12163268729642,7.3225308713693,7.69825883014623,7.74240375759019,84
"86",2017,11,7.71150837988827,179,8.34510869565217,7.04149425287356,6.88304347826087,7.68611111111111,7.71434782608696,92,87,23,18,161,10356,5357,4999,987,1796,8560,7.73429059096176,8.30730700018667,7.12023799959992,7.31228952380953,7.69813708240534,7.74187607009346,85
"87",2017,12,7.70982564102564,195,8.44760784313726,6.90064516129032,7.52941176470588,8.19375,7.66656983240223,102,93,17,16,179,10551,5459,5092,1004,1812,8739,7.73383843806274,8.30992848507053,7.11622736842105,7.31596589641434,7.70251335540839,7.7403335805012,86
"88",2018,1,7.96258849557522,226,8.40014388489209,7.26350574712644,6.97222222222222,8.28,7.92310945273632,139,87,18,25,201,10777,5598,5179,1022,1837,8940,7.73863546070335,8.31216856020007,7.11870144043252,7.30991170254403,7.71037245508982,7.74444297091723,87
"89",2018,2,7.87543624161074,149,8.39792682926829,7.23597014925373,7.25578947368421,8.50454545454545,7.76645669291339,82,67,19,22,127,10926,5680,5246,1041,1859,9067,7.74050103972176,8.31340661971831,7.12019915364087,7.30892388088377,7.7197709521248,7.74475131355465,88
"90",2018,3,7.83062146892655,177,8.22643564356436,7.3046052631579,7.39285714285714,8.3,7.7674358974359,101,76,21,21,156,11103,5781,5322,1062,1880,9223,7.74193770692605,8.31188714755233,7.12283253664036,7.31058357815443,7.72625223404255,7.74513500596335,89
"91",2018,4,7.6688888700565,177,8.25052204819277,7.15531914893617,7.73333333333333,7.04375,7.73101447204969,83,94,15,16,161,11280,5864,5416,1077,1896,9384,7.74079146187943,8.3110185760573,7.12339637370753,7.31647145775302,7.72049272151899,7.74489274190111,90
"92",2018,5,7.98810377245509,167,8.40391106666667,7.64913043478261,7.64705882352941,7.80833333333333,8.00202148387097,75,92,17,12,155,11447,5939,5508,1094,1908,9539,7.74439949506421,8.31219165852837,7.13217769789397,7.32160855575869,7.72104517819707,7.74907084809729,91
"93",2018,6,8.14765957446808,141,8.70344827586207,7.25222222222222,7.3,8.465,8.09520661157025,87,54,5,20,121,11588,6026,5562,1099,1928,9660,7.74930626682775,8.3178404015931,7.1333431787127,7.32151024567789,7.72876255186722,7.75340650310559,92
"94",2018,7,7.72143190140845,142,8.24990471428571,7.20763888888889,7.18846153846154,7.21052631578947,7.80035227642276,70,72,13,19,123,11730,6096,5634,1112,1947,9783,7.74896882779198,8.31706030019685,7.13429264465744,7.31995482014389,7.72370529019004,7.75399674435245,93
"95",2018,8,7.77734899328859,149,8.30058139534884,7.06309523809524,7.6675,8.27894736842105,7.70403846153846,86,63,10,19,130,11879,6182,5697,1122,1966,9913,7.74932480427645,8.31683105629246,7.13350531156749,7.32305237076649,7.72907131230926,7.75334158680521,94
"96",2018,9,7.79985815602837,141,8.16267605633803,7.43185714285714,7.60764705882353,8.44631578947368,7.69918032786885,71,70,17,19,122,12020,6253,5767,1139,1985,10035,7.74991758319467,8.31508069566608,7.13712671406277,7.32730005267779,7.73593662468514,7.75268312406577,95
"97",2018,10,7.74200581395349,172,8.3304945054945,7.08086419753086,7.2375,7.45714285714286,7.78162251655629,91,81,16,21,151,12192,6344,5848,1155,2006,10186,7.74980596702756,8.31530179539723,7.13634742818058,7.32605606926407,7.73301804586241,7.75311212939329,96
"98",2018,11,7.843875,160,8.218375,7.469375,7.35333333333333,7.96153846153846,7.8210447761194,80,80,15,26,134,12352,6424,5928,1170,2032,10320,7.75102447781736,8.31409473692403,7.14084172739541,7.32640577777778,7.73594202755906,7.7539942005814,97
"99",2018,12,7.6539389,200,8.29406483333333,6.69375,6.67647058823529,7.37538461538462,7.69556195402299,120,80,17,26,174,12552,6544,6008,1187,2058,10494,7.74947754381772,8.31372744040342,7.13488844207723,7.31709752316765,7.73138688046647,7.75302534114732,98
"100",2019,1,7.75288617886179,246,8.2502962962963,7.14792792792793,7.30814814814815,7.19,7.83106481481482,135,111,27,30,216,12798,6679,6119,1214,2088,10710,7.74954306375996,8.31244533163647,7.13512498120608,7.31689848434926,7.72360833333333,7.7545992464986,99
"101",2019,2,7.8193085106383,188,8.26,7.28529411764706,7.71153846153846,8.02166666666667,7.78969512195122,103,85,13,24,164,12986,6782,6204,1227,2112,10874,7.75055306714924,8.3116488307284,7.13718242424243,7.32107967400163,7.72699535984849,7.7551285571087,100
"102",2019,3,7.78102835106383,188,8.17021505376344,7.40003505263158,7.33809523809524,7.988,7.74928423312883,93,95,21,25,163,13174,6875,6299,1248,2137,11037,7.75098796568999,8.30973561745454,7.14114670423877,7.32136599358974,7.73004875994385,7.75504224517532,101
"103",2019,4,7.7653125,160,8.24529411764706,7.22133333333333,7.57142857142857,7.195,7.84678571428571,85,75,7,20,140,13334,6960,6374,1255,2157,11177,7.75115985150742,8.30894861637931,7.14209022434892,7.32276076494024,7.72508771441817,7.75619139840744,102
"104",2019,5,7.81841059602649,151,8.40524390243902,7.12101449275362,6.625,8.36166666666667,7.71574803149606,82,69,12,24,127,13485,7042,6443,1267,2181,11304,7.75191290025955,8.31006991905709,7.14186451808164,7.31615213891081,7.73209270976616,7.75573701875442,103
"105",2019,6,7.79040268456376,149,8.22289156626506,7.24651515151515,6.96153846153846,7.28888888888889,7.85931297709924,83,66,13,18,131,13634,7125,6509,1280,2199,11435,7.75233353821329,8.3090543677193,7.14292565524658,7.31255059375,7.72846484765803,7.75692359073021,104
"106",2019,7,7.70942884146341,164,8.15154920454546,7.1975,6.81333333333333,7.36473076923077,7.77437195652174,88,76,12,26,138,13798,7213,6585,1292,2225,11573,7.75182358240325,8.30713277415777,7.14355551860289,7.30791390092879,7.72421447191011,7.75713165039316,105
"107",2019,8,7.60424731182796,186,8.2469,6.85697674418605,6.96111111111111,7.93272727272727,7.56018292682927,100,86,18,22,164,13984,7313,6671,1310,2247,11737,7.74986068292334,8.30630913441816,7.13986105381502,7.30314867175572,7.72625598575879,7.75437970435375,106
"108",2019,9,7.78859223300971,206,8.46559633027523,7.02783505154639,7.42105263157895,8.36521739130435,7.71612021857923,109,97,19,23,183,14190,7422,6768,1329,2270,11920,7.75042295912614,8.30864843707895,7.13825548020095,7.3048342814146,7.73273004405287,7.75379233137584,107
"109",2019,10,7.81862433862434,189,8.28244680851064,7.35968421052632,6.89166666666667,7.89388888888889,7.81070175438597,94,95,12,18,171,14379,7516,6863,1341,2288,12091,7.7513194095556,8.30832074241618,7.14132057263587,7.30113703206562,7.7339979020979,7.75459718716401,108
"110",2019,11,7.92670288043478,184,8.28584905660377,7.43863243589744,7.396875,8.25263157894737,7.8891716969697,106,78,16,19,165,14563,7622,6941,1357,2307,12256,7.75353533749914,8.30800822618735,7.14466163665178,7.30226585114223,7.7382692674469,7.75640893603133,109
"111",2019,12,7.6853431372549,204,8.33327272727273,6.92712765957447,6.90833333333333,8.09032258064516,7.61277456647399,110,94,12,31,173,14767,7732,7035,1369,2338,12429,7.75259329044491,8.30836765390585,7.14175499928927,7.29881282688093,7.7429372112917,7.75440968058573,110
"112",2020,1,7.74792640692641,231,8.30592,7.08991509433962,6.41657692307692,7.86891666666667,7.72558974358974,125,106,26,36,195,14998,7857,7141,1395,2374,12624,7.75252141085478,8.30832871324933,7.14098549502871,7.28236972043011,7.74484759898905,7.75396450570342,111
"113",2020,2,7.81386666666667,225,8.31347826086957,7.29154545454545,7.20238095238095,8.11923076923077,7.77396984924623,115,110,21,26,199,15223,7972,7251,1416,2400,12823,7.75342811009656,8.30840299799297,7.14326953799476,7.28118344632768,7.74890341666667,7.75427496841613,112
"114",2020,3,7.73822222222222,180,8.24083333333333,7.16380952380952,6.80555555555556,8.27045454545454,7.66411392405063,96,84,18,22,158,15403,8068,7335,1434,2422,12981,7.7532504135558,8.30759899603371,7.1435047607362,7.27521322175732,7.75364087530966,7.75317756105077,113
"115",2020,4,7.77511961722488,209,8.25699115044248,7.20791666666667,6.64117647058824,7.475,7.80687830687831,113,96,17,20,189,15612,8181,7431,1451,2442,13170,7.75354317960543,8.30689997555311,7.14433688870946,7.26778481047553,7.75135880425881,7.7539482095672,114
"116",2020,5,7.66502183406114,229,8.29513513513514,7.07228813559322,6.31739130434783,7.57409090909091,7.67468599033816,111,118,23,22,207,15841,8292,7549,1474,2464,13377,7.7522635010416,8.3067424867342,7.14321067956021,7.25295506105834,7.74977605519481,7.75272168049637,115
"117",2020,6,7.84502403846154,208,8.36263392857143,7.24114583333333,6.5047619047619,8.24910256410256,7.75177514792899,112,96,21,39,169,16049,8404,7645,1495,2503,13546,7.75346570627453,8.3074873512613,7.1444404735121,7.24244532441471,7.75755621254495,7.7527098715488,116
"118",2020,7,7.83239937198068,207,8.28524694444445,7.33838383838384,7.15263157894737,7.71363636363636,7.84652254054054,108,99,19,22,185,16256,8512,7744,1514,2525,13731,7.75447082861712,8.3072051656485,7.14691986311984,7.24131820343461,7.75717354455446,7.75397382492171,117
"119",2020,8,7.83272727272727,198,8.34345454545455,7.19431818181818,7.08571428571429,8.03111111111111,7.78864197530864,110,88,21,36,162,16454,8622,7832,1535,2561,13893,7.75541253129938,8.30766763743911,7.14745242849847,7.23918942019544,7.76102428738774,7.75437807456993,118
"120",2020,9,7.69627272727273,220,8.35965811965812,6.94271844660194,7.196875,7.82677419354839,7.67486772486772,117,103,16,31,189,16674,8739,7935,1551,2592,14082,7.75463222921914,8.30836369950795,7.14479488594833,7.23875290780142,7.76181064814815,7.75331093523647,119
"121",2020,10,7.83523470588235,187,8.41150393939394,7.18693181818182,7.14444444444444,7.82142857142857,7.83698126506024,99,88,18,21,166,16861,8838,8023,1569,2613,14248,7.75552616570785,8.30951903824394,7.1452570634426,7.2376709751434,7.76228978185993,7.75428575800112,120
"122",2020,11,7.8069,200,8.29174311926606,7.22615384615385,7.32142857142857,7.7236,7.8188,109,91,14,25,175,17061,8947,8114,1583,2638,14423,7.75612840278999,8.30930247680787,7.14616433571605,7.23841172457359,7.76192312357847,7.75506853497885,121
"123",2020,12,7.63301435406699,209,8.2311320754717,7.01747572815534,7.05652173913044,7.54583333333333,7.64432432432432,106,103,23,24,185,17270,9053,8217,1606,2662,14608,7.75463848755066,8.30838719319562,7.14455122550809,7.23580682440847,7.75997490608565,7.75366603778751,122
"124",2021,1,7.76577205882353,272,8.26581081081081,7.16895161290323,6.75416666666667,7.0075,7.8527868852459,148,124,24,28,244,17542,9201,8341,1630,2690,14852,7.7548111207388,8.30770234322356,7.14491396954802,7.22871519018405,7.7521424535316,7.75529447077835,123
"125",2021,2,7.76709459459459,222,8.30728971962617,7.26447826086957,7.36086956521739,7.91886363636364,7.7504,107,115,23,22,200,17764,9308,8456,1653,2712,15052,7.75496462958793,8.30769759991405,7.14654002128666,7.23055399879008,7.75349491150443,7.75522943661972,124
"126",2021,3,7.6388,225,8.10892307692308,6.99547368421053,6.68181818181818,7.36393939393939,7.68604166666667,130,95,22,33,192,17989,9438,8551,1675,2745,15244,7.75351168380677,8.30495965882602,7.14486170272483,7.22334672238806,7.74881173041894,7.75435800839675,125
"127",2021,4,7.60064458563536,181,8.22344573033708,6.99815217391304,7.43684210526316,7.38125,7.62191921212121,89,92,19,16,165,18170,9527,8643,1694,2761,15409,7.75198890203632,8.3041981662643,7.1433000601643,7.2257412987013,7.74668170952553,7.75293985008761,126
"128",2021,5,7.7121387283237,173,8.32727272727273,7.07529411764706,6.815,7.82826086956522,7.69433333333333,88,85,20,23,150,18343,9615,8728,1714,2784,15559,7.75161305947773,8.30440935309412,7.14263776581118,7.22094851808635,7.74735567528736,7.75237484092808,127
"129",2021,6,7.72633802816901,142,8.30347222222222,7.13271428571429,6.85833333333333,7.55555555555556,7.75112903225806,72,70,12,18,124,18485,9687,8798,1726,2802,15683,7.75141889910739,8.30440238773614,7.14255881109343,7.2184274391657,7.74612355460385,7.75236499075432,128
"130",2021,7,7.59056693877551,147,8.27804175,6.76970149253731,6.67142857142857,7.625,7.5863613740458,80,67,14,16,131,18632,9767,8865,1740,2818,15814,7.75014983308287,8.30418647179277,7.13974082571912,7.21402629885057,7.745435841022,7.75098985013279,129
"131",2021,8,7.65002923976608,171,8.22475903614458,7.10795454545455,6.8,7.86416666666667,7.62483660130719,83,88,22,18,153,18803,9850,8953,1762,2836,15967,7.74923930702548,8.30351718477157,7.13942839495141,7.20885684449489,7.74618942172073,7.74978101647147,130
"132",2021,9,7.62017546052632,152,8.14658638554217,6.98695652173913,7.27777777777778,7.57894736842105,7.62606518796992,83,69,9,19,133,18955,9933,9022,1771,2855,16100,7.7482043450277,8.30220587335146,7.13826229439149,7.20920709203839,7.74507642732049,7.74875901614907,131
"133",2021,10,7.81046632124352,193,8.29364485981308,7.2093023255814,7.34444444444444,8.02631578947368,7.78689655172414,107,86,9,19,174,19148,10040,9108,1780,2874,16274,7.7488319072488,8.30211463545817,7.13893307202459,7.20989087640449,7.74693569937369,7.74916677891115,132
"134",2021,11,7.72246829268293,205,8.30088073394495,7.06572916666667,7.53882352941176,7.63357142857143,7.73653107344633,109,96,17,28,177,19353,10149,9204,1797,2902,16451,7.74855264610138,8.30210138338752,7.13816953715776,7.21300264885921,7.74584190213646,7.74903082852106,133
"135",2021,12,7.5615344047619,252,8.091067734375,7.01491935483871,6.475,7.422,7.57690162995595,128,124,24,25,227,19605,10277,9328,1821,2927,16678,7.74614873909717,8.29947296000778,7.13653113421956,7.2032760900604,7.74307591390502,7.74668802194508,134
"136",2022,1,7.68255209375,320,8.20165697674419,7.07926804054054,6.84431382352941,7.82060975609756,7.66226405017921,172,148,34,41,279,19925,10449,9476,1855,2968,16957,7.74512736260979,8.29786282036558,7.13563677606585,7.1966967277628,7.74414696765499,7.74529896208056,135
"137",2022,2,7.69231759656652,233,8.08920289855072,7.11578947368421,7.08095238095238,7.95555555555556,7.65781553398058,138,95,21,27,206,20158,10587,9571,1876,2995,17163,7.74451695108642,8.29514296873524,7.13543977536308,7.19540108208955,7.74605282136895,7.74424893666608,136
"138",2022,3,7.6474,200,8.26237113402062,7.06825242718447,6.56125,7.9,7.61776536312849,97,103,16,21,179,20358,10684,9674,1892,3016,17342,7.74356285980941,8.29484543335829,7.13472442526359,7.19003828224101,7.74712473474801,7.74294340329835,137
"139",2022,4,7.56082568807339,218,8.16040322580645,6.76989361702128,6.36363636363636,7.64470588235294,7.54532608695652,124,94,11,34,184,20576,10808,9768,1903,3050,17526,7.74162678363142,8.29330298019985,7.13121356367731,7.1852613925381,7.74598301639344,7.74086868081707,138
"140",2022,5,7.65203296703297,182,7.92829787234043,7.35693181818182,7.12928571428571,7.62708333333333,7.65582278481013,94,88,14,24,158,20758,10902,9856,1917,3074,17684,7.74084125156566,8.29015580719134,7.13322890523539,7.18485259780907,7.74505471698113,7.74010882718842,139
"141",2022,6,7.74023394495413,218,8.3211862745098,7.22939655172414,6.978,7.67096774193548,7.75171657754011,102,116,20,31,187,20976,11004,9972,1937,3105,17871,7.74083493993135,8.29044343965831,7.13434758223025,7.18271679401135,7.74431504025765,7.7402302892955,140
