"","year","month","avg_rating","no_ratings","avg_rating_owned","avg_rating_not_owned","avg_rating_prev_owned","avg_rating_comment","avg_rating_no_comment","no_ratings_owned","no_ratings_not_owned","no_ratings_prev_owned","no_ratings_comment","no_ratings_no_comment","cum_no_ratings","cum_no_ratings_owned","cum_no_ratings_not_owned","cum_no_ratings_prev_owned","cum_no_ratings_comment","cum_no_ratings_no_comment","cum_avg_rating","cum_avg_rating_owned","cum_avg_rating_not_owned","cum_avg_rating_prev_owned","cum_avg_rating_comment","cum_avg_rating_no_comment","month_after_release"
"1",2011,9,8,3,10,7,NA,10,7,1,2,0,1,2,3,1,2,0,1,2,8,10,7,NA,10,7,-1
"2",2011,10,8.08421052631579,19,9,7.41818181818182,7.5,7.8,8.25,8,11,5,7,12,22,9,13,5,8,14,8.07272727272727,9.11111111111111,7.35384615384615,7.5,8.075,8.07142857142857,0
"3",2011,11,8.06388888888889,36,8.79444444444444,7.33333333333333,8.75,8.58888888888889,7.88888888888889,18,18,4,9,27,58,27,31,9,17,41,8.06724137931034,8.9,7.34193548387097,8.05555555555556,8.34705882352941,7.95121951219512,1
"4",2011,12,8.54943181818182,88,9.04576271186441,7.53965517241379,8.21153846153846,8.76323529411765,8.41481481481481,59,29,13,34,54,146,86,60,22,51,95,8.35787671232877,9,7.4375,8.14772727272727,8.62450980392157,8.21473684210526,2
"5",2012,1,8.5848375,248,9.12643312101911,7.65043626373626,8.62458333333333,8.41390243902439,8.66927530120482,157,91,24,82,166,394,243,151,46,133,261,8.50073527918782,9.08168724279835,7.56582582781457,8.39652173913043,8.49466165413534,8.50383026819923,3
"6",2012,2,8.34885057471264,174,9.00092592592593,7.28181818181818,8.08235294117647,8.3,8.36439393939394,108,66,17,42,132,568,351,217,63,175,393,8.45420721830986,9.05683760683761,7.47944562211981,8.31174603174603,8.44794285714286,8.45699669211196,4
"7",2012,3,8.06576576576577,111,8.49107142857143,7.63272727272727,7.725,8.00454545454545,8.0808988764045,56,55,16,22,89,679,407,272,79,197,482,8.39070648011782,8.97899262899263,7.51044007352941,8.19291139240506,8.39842639593908,8.38755124481328,5
"8",2012,4,8.35913978494624,93,8.84807692307692,7.7390243902439,8.50909090909091,8.38095238095238,8.35277777777778,52,41,11,21,72,772,459,313,90,218,554,8.38690375647668,8.96416122004357,7.54038242811501,8.23155555555556,8.39674311926605,8.38303194945848,6
"9",2012,5,8.13177339901478,203,8.8216,7.02628205128205,7.92708333333333,8.02631578947368,8.15606060606061,125,78,24,38,165,975,584,391,114,256,719,8.33378430769231,8.93364726027397,7.43782531969309,8.16745614035088,8.3417578125,8.33094534075104,7
"10",2012,6,8.25665137614679,218,8.84897260273973,7.05555555555556,7.21190476190476,7.78942307692308,8.40301204819277,146,72,21,52,166,1193,730,463,135,308,885,8.3196896060352,8.91671232876712,7.37837948164147,8.01881481481481,8.24850649350649,8.34446293785311,8
"11",2012,7,8.32198952879581,191,8.76846153846154,7.37049180327869,8,8.00789473684211,8.4,130,61,9,38,153,1384,860,524,144,346,1038,8.32000700867052,8.89430232558139,7.37746125954198,8.01763888888889,8.22208092485549,8.35264903660886,9
"12",2012,8,8.17675675675676,222,8.68623188405797,7.3397619047619,8.05,7.64021276595745,8.32085714285714,138,84,20,47,175,1606,998,608,164,393,1213,8.30020529265255,8.86553106212425,7.37225279605263,8.02158536585366,8.15249363867685,8.34806240725474,10
"13",2012,9,7.98154761904762,168,8.65867346938776,7.03357142857143,7.81923076923077,8.17391304347826,7.90901639344262,98,70,13,46,122,1774,1096,678,177,439,1335,8.27002801578354,8.84703467153285,7.33728569321534,8.00672316384181,8.15473804100228,8.30793985018727,11
"14",2012,10,8.11717948717949,195,8.66694214876033,7.21824324324324,7.65,8.06744186046512,8.13125,121,74,28,43,152,1969,1217,752,205,482,1487,8.2548906551549,8.82912900575185,7.32557140957447,7.958,8.14695020746888,8.28987874915938,12
"15",2012,11,8.00268292682927,205,8.7452380952381,6.81835443037975,7.12222222222222,7.70833333333333,8.05314285714286,126,79,18,30,175,2174,1343,831,223,512,1662,8.23110841766329,8.82125837676843,7.27735222623345,7.89053811659193,8.12125,8.26495168471721,13
"16",2012,12,8.0542600896861,223,8.84920634920635,7.02164948453608,7.01851851851852,7.78804347826087,8.12344632768362,126,97,27,46,177,2397,1469,928,250,558,1839,8.21465569461827,8.82365554799183,7.25062467672414,7.79636,8.09378136200717,8.25133208265362,14
"17",2013,1,8.19151975683891,329,8.87137440758294,6.97584745762712,7.67857142857143,7.73701754385965,8.28676470588235,211,118,28,57,272,2726,1680,1046,278,615,2111,8.21186342626559,8.82964880952381,7.21962686424474,7.7844964028777,8.06071544715447,8.25589753671246,15
"18",2013,2,8.20507518796992,266,8.82645161290323,7.33738738738739,7.8,8.23114754098361,8.19731707317073,155,111,44,61,205,2992,1835,1157,322,676,2316,8.21125992647059,8.829378746594,7.23092454624028,7.7866149068323,8.07609467455621,8.25071230569948,16
"19",2013,3,8.16194174757281,206,8.52310606060606,7.5177027027027,8.09625,8.31205882352941,8.13226744186047,132,74,24,34,172,3198,1967,1231,346,710,2488,8.20808308317699,8.8088256227758,7.24816385052803,7.80809248554913,8.08739436619718,8.24252399517685,17
"20",2013,4,8.27399456521739,184,8.73116379310345,7.49411764705882,7.38421052631579,8.3,8.26892857142857,116,68,19,30,154,3382,2083,1299,365,740,2642,8.21166904198699,8.80450072011522,7.2610390300231,7.78602739726027,8.09601351351351,8.24406309613929,18
"21",2013,5,8.14787234042553,188,8.6609756097561,7.17692307692308,7.43181818181818,8.16923076923077,8.14228187919463,123,65,22,39,149,3570,2206,1364,387,779,2791,8.20830943977591,8.79649818676337,7.25703057184751,7.76589147286822,8.09967907573812,8.23862941597993,19
"22",2013,6,7.91578947368421,171,8.54672897196262,6.8609375,7.3,7.88235294117647,7.92408759124088,107,64,15,34,137,3741,2313,1428,402,813,2928,8.19493843892008,8.78494379593601,7.23927850140056,7.74850746268657,8.09059040590406,8.22391212431694,20
"23",2013,7,7.98390243902439,205,8.7368,6.8075,6.85172413793103,7.97777777777778,7.98520710059172,125,80,29,36,169,3946,2438,1508,431,849,3097,8.18397483527623,8.78247538966366,7.2163724801061,7.68816705336427,8.08580683156655,8.21088624475298,21
"24",2013,8,8.2346511627907,215,8.64064748201439,7.4921052631579,7.496,8.09555555555556,8.27147058823529,139,76,25,45,170,4161,2577,1584,456,894,3267,8.18659329488104,8.77482537834691,7.22960208333333,7.67763157894737,8.08629753914988,8.21403878175696,22
"25",2013,9,8.23073891625616,203,8.70857142857143,7.16888888888889,7.13851851851852,8.53611111111111,8.16491017964072,140,63,27,36,167,4364,2717,1647,483,930,3434,8.18864681484876,8.77141148325359,7.22727972070431,7.64749482401656,8.10370967741935,8.21164959231217,23
"26",2013,10,8.07305825242718,206,8.6228,7.22469135802469,7.45,8.33333333333333,8.01794117647059,125,81,20,36,170,4570,2842,1728,503,966,3604,8.18343647702407,8.76487508796622,7.2271583912037,7.6396421471173,8.11226708074534,8.20251240288568,24
"27",2013,11,7.79088669950739,203,8.58359375,6.438,6.59523809523809,7.89673913043478,7.75987261146497,128,75,21,46,157,4773,2970,1803,524,1012,3761,8.1667409805154,8.75706228956229,7.19433150305047,7.59778625954198,8.10247035573122,8.1840347513959,25
"28",2013,12,8.04885593220339,236,8.62993243243243,7.07159090909091,6.92857142857143,8.1025641025641,8.03822335025381,148,88,21,39,197,5009,3118,1891,545,1051,3958,8.16118680375325,8.7510279025016,7.18861961924908,7.572,8.10247383444339,8.1767773370389,26
"29",2014,1,8.1858803986711,301,8.62095238095238,7.18186813186813,7.58333333333333,8.47978723404255,8.13149606299213,210,91,21,47,254,5310,3328,1982,566,1098,4212,8.16258657250471,8.74282001201923,7.18830963673058,7.57242049469965,8.11862477231329,8.17404669990503,27
"30",2014,2,7.99092920353982,226,8.52037037037037,7.20549450549451,7.19565217391304,7.70555555555556,8.045,135,91,23,36,190,5536,3463,2073,589,1134,4402,8.15557888367052,8.73414813745307,7.18906401350699,7.55770797962649,8.10551146384479,8.16847676056338,28
"31",2014,3,8.13603351955307,179,8.58898305084746,7.25983606557377,7.16904761904762,8.03030303030303,8.15993150684931,118,61,21,33,146,5715,3581,2134,610,1167,4548,8.15496670166229,8.72936470259704,7.19108701968135,7.54432786885246,8.10338474721508,8.16820244063324,29
"32",2014,4,8.20386597938144,194,8.62346153846154,7.3515625,7.225,7.77916666666667,8.26382352941176,130,64,20,24,170,5909,3711,2198,630,1191,4718,8.1565721272635,8.72565481002425,7.19575964513194,7.53419047619048,8.09685138539043,8.17164788045782,30
"33",2014,5,8.03779761904762,168,8.65608695652174,6.69622641509434,6.91666666666667,8.28181818181818,7.97814814814815,115,53,18,33,135,6077,3826,2251,648,1224,4853,8.15328857989139,8.72356377417668,7.18399808973789,7.51703703703704,8.10183823529412,8.16626513496806,31
"34",2014,6,8.16488095238095,168,8.61610169491525,7.1,7.3047619047619,8.32666666666667,8.12971014492754,118,50,21,30,138,6245,3944,2301,669,1254,4991,8.15360043234588,8.72034863083164,7.18217283789657,7.51037369207773,8.10721690590111,8.16525439791625,32
"35",2014,7,8.25179487179487,195,8.63703703703704,7.385,7.72941176470588,7.89166666666667,8.33333333333333,135,60,17,36,159,6440,4079,2361,686,1290,5150,8.15657371118012,8.7175913214023,7.18732727657772,7.51580174927114,8.10120155038759,8.17044363106796,33
"36",2014,8,8.00201754385965,228,8.55420289855073,7.15533333333333,7.604,8.1563829787234,7.96193370165746,138,90,25,47,181,6668,4217,2451,711,1337,5331,8.15128894721056,8.71224448660185,7.18615246838025,7.5189029535865,8.10314136125654,8.16336422809979,34
"37",2014,9,8.21534391534392,189,8.58373983739837,7.52878787878788,7.64814814814815,8.47575757575758,8.16025641025641,123,66,27,33,156,6857,4340,2517,738,1370,5487,8.15305449905206,8.70860253456221,7.19513694874851,7.52363143631436,8.11211678832117,8.16327587023875,35
"38",2014,10,8.1365296803653,219,8.55986394557823,7.27222222222222,7.52068965517241,8.04,8.15489130434783,147,72,29,35,184,7076,4487,2589,767,1405,5671,8.15254306105144,8.70372966347225,7.19728068752414,7.52352020860495,8.11032028469751,8.16300382648563,36
"39",2014,11,7.96554099099099,222,8.62676126760563,6.791875,7.20967741935484,8.12564102564103,7.93142131147541,142,80,31,39,183,7298,4629,2669,798,1444,5854,8.14685459029871,8.70136856772521,7.18512914949419,7.51132832080201,8.11073407202216,8.15576440040998,37
"40",2014,12,7.97870967741935,217,8.61876923076923,7.02229885057471,7.72575757575758,8.563,7.88497326203209,130,87,33,30,187,7515,4759,2756,831,1474,6041,8.14199930805056,8.69911222945997,7.17998900580551,7.51984356197353,8.11993894165536,8.1473820228439,38
"41",2015,1,8.09895470383275,287,8.56581920903955,7.34772727272727,7.67837837837838,7.9375,8.13468085106383,177,110,37,52,235,7802,4936,2866,868,1526,6276,8.14041589336068,8.69433247568882,7.18642697138869,7.52660138248848,8.11372214941022,8.14690643722116,39
"42",2015,2,8.0875,228,8.63714285714286,7.21306818181818,7.33108108108108,7.775,8.12772277227723,140,88,37,26,202,8030,5076,2954,905,1552,6478,8.13891342465753,8.69275514184397,7.18722061611374,7.51860773480663,8.10804768041237,8.14630824328497,40
"43",2015,3,8.14746543778802,217,8.64402985074627,7.34578313253012,7.72083333333333,7.8175,8.22203389830509,134,83,24,40,177,8247,5210,3037,929,1592,6655,8.13913845034558,8.69150193857965,7.191554066513,7.52383207750269,8.10074748743719,8.148322283997,41
"44",2015,4,8.26768867924528,212,8.75211267605634,7.285,7.79583333333333,8.33823529411765,8.25421348314607,142,70,24,34,178,8459,5352,3107,953,1626,6833,8.14236018441896,8.69311007100149,7.19365938204055,7.53068205666317,8.10571340713407,8.15108075515879,42
"45",2015,5,8.17681818181818,176,8.78537037037037,7.21029411764706,7.625,8.31428571428571,8.14269503546099,108,68,24,35,141,8635,5460,3175,977,1661,6974,8.14306251302837,8.694935,7.19401565354331,7.53299897645855,8.11010836845274,8.15091121307714,43
"46",2015,6,7.98288770053476,187,8.50758928571429,7.19933333333333,7.51818181818182,7.60606060606061,8.06363636363636,112,75,33,33,154,8822,5572,3250,1010,1694,7128,8.13966728632963,8.69116925699928,7.19413836923077,7.53251485148515,8.10028925619834,8.14902564534231,44
"47",2015,7,8.198,200,8.649609375,7.39513888888889,7.65714285714286,8.04393939393939,8.22844311377245,128,72,28,33,167,9022,5700,3322,1038,1727,7295,8.14096040789182,8.69023598245614,7.1984947922938,7.53587668593449,8.09921250723798,8.15084370116518,45
"48",2015,8,8.36118421052632,228,8.84011976047904,7.05,7.71428571428571,8.49189189189189,8.33586387434555,167,61,14,37,191,9250,5867,3383,1052,1764,7486,8.14638862702703,8.69450231805011,7.19581723322495,7.53825095057034,8.10744897959183,8.15556436013893,46
"49",2015,9,8.17701421800948,211,8.71357142857143,7.11901408450704,7.32,8.2390625,8.1659217877095,140,71,25,32,179,9461,6007,3454,1077,1796,7665,8.14707164147553,8.69494674546363,7.19423847712797,7.53318477251625,8.10979398663697,8.15580623613829,47
"50",2015,10,8.10827433628319,226,8.55142857142857,7.38686046511628,7.46540540540541,8.04526315789474,8.12101063829787,140,86,37,38,188,9687,6147,3540,1114,1834,7853,8.14616649117374,8.69167807060355,7.19891799435028,7.53093357271095,8.10845692475463,8.15497323315931,48
"51",2015,11,8.2546511627907,258,8.66065088757396,7.48370786516854,7.41,8.42619047619048,8.2212962962963,169,89,30,42,216,9945,6316,3629,1144,1876,8069,8.14898087481146,8.69084786257125,7.20590236979884,7.52776223776224,8.11557036247335,8.15674864295452,49
"52",2015,12,7.99225490196078,306,8.53180790960452,7.25193798449612,7.52045454545455,8.07788461538462,7.97472440944882,177,129,44,52,254,10251,6493,3758,1188,1928,8323,8.14430248756219,8.68651241336824,7.20748262373603,7.52749158249158,8.11455394190871,8.15119365613361,50
"53",2016,1,8.07854889589905,317,8.56701570680628,7.33809523809524,6.74838709677419,7.88,8.11139705882353,191,126,31,45,272,10568,6684,3884,1219,1973,8595,8.14233012869039,8.68309771095153,7.21171979917611,7.50767842493847,8.10920425747592,8.1499342408377,51
"54",2016,2,8.08119658119658,234,8.65037593984962,7.33168316831683,7.4,7.69571428571429,8.14899497487437,133,101,33,35,199,10802,6817,3985,1252,2008,8794,8.1410058137382,8.68245930761332,7.21476027603513,7.50484025559106,8.10199701195219,8.14991298612691,52
"55",2016,3,8.08202764976959,217,8.64959016393443,7.35315789473684,7.94868421052632,8.17285714285714,8.06456043956044,122,95,38,35,182,11019,6939,4080,1290,2043,8976,8.13984434159179,8.68188140942499,7.21798276960784,7.51791472868217,8.10321096426823,8.14818235294118,53
"56",2016,4,8.10345283018868,265,8.64050279329609,6.98563953488372,7.05319444444444,8.250375,8.07733333333333,179,86,36,40,225,11284,7118,4166,1326,2083,9201,8.13898970223325,8.68084084012363,7.21318643783005,7.50529788838613,8.10603696591454,8.14644982067167,54
"57",2016,5,8.07858870967742,248,8.7478125,6.86181818181818,6.74205128205128,8.05588235294118,8.08219626168224,160,88,39,34,214,11532,7278,4254,1365,2117,9415,8.13769075615678,8.68231314921682,7.2059178890456,7.48349084249084,8.10523145961266,8.14498935740839,55
"58",2016,6,8.24101941747573,206,8.52852112676056,7.603125,7.69772727272727,8.35875,8.21265060240964,142,64,22,40,166,11738,7420,4318,1387,2157,9581,8.13950415743738,8.67936995956873,7.21180516442797,7.48688896899784,8.1099327770051,8.1461616532721,56
"59",2016,7,8.25649606299213,254,8.8925,7.17393617021277,7.66607142857143,8.3625,8.22920792079208,160,94,28,52,202,11992,7580,4412,1415,2209,9783,8.14198213809206,8.68386874670185,7.21099834542158,7.49043462897527,8.11587822544137,8.14787639783298,57
"60",2016,8,8.09531914893617,282,8.5752972972973,7.1798969072165,6.86842105263158,8.36222222222222,8.04464135021097,185,97,38,45,237,12274,7765,4509,1453,2254,10020,8.14091003747759,8.68128204764971,7.21032927478376,7.47416724019271,8.12079636202307,8.14543461077845,58
"61",2016,9,8.10197841726619,278,8.75057142857143,7,7,8.33170731707317,8.06223628691983,175,103,42,41,237,12552,7940,4612,1495,2295,10257,8.14004778521351,8.68280920654912,7.20563198178664,7.46084615384616,8.1245642701525,8.14351221604758,59
"62",2016,10,8.30442307692308,260,8.84248554913295,7.23448275862069,7.30645161290323,8.335,8.29714285714286,173,87,31,50,210,12812,8113,4699,1526,2345,10467,8.14338353106463,8.68621411315173,7.20616614173228,7.45770969855832,8.12905117270789,8.14659451609822,60
"63",2016,11,8.303300330033,303,8.68333333333333,7.55441176470588,7.46875,8.66136363636364,8.24247104247104,201,102,32,44,259,13115,8314,4801,1558,2389,10726,8.14707813953488,8.68614446716382,7.2135648198292,7.45793645699615,8.13885516952699,8.1489096401268,61
"64",2016,12,8.12038167938931,262,8.62029411764706,7.19663043478261,7.2675,7.72542857142857,8.18127753303965,170,92,28,35,227,13377,8484,4893,1586,2424,10953,8.1465552665022,8.68482497642621,7.21324641324341,7.45457440100883,8.1328857260726,8.14958046197389,62
"65",2017,1,8.11387464387464,351,8.58107438016529,7.07660550458716,6.8609756097561,7.9921568627451,8.13456666666667,242,109,41,51,300,13728,8726,5002,1627,2475,11253,8.14571968240093,8.68194763923906,7.21026883246701,7.43961585740627,8.12998585858585,8.14918020083534,63
"66",2017,2,8.08100993377484,302,8.54948186528497,7.25151376146789,8.02258064516129,7.85568181818182,8.11943798449612,193,109,31,44,258,14030,8919,5111,1658,2519,11511,8.14432678545973,8.67908118623164,7.2111484445314,7.45051568154403,8.12519452163557,8.1485135783164,64
"67",2017,3,8.22447916666667,288,8.59187165775401,7.54425742574257,7.73928571428571,8.14590909090909,8.23864754098361,187,101,28,44,244,14318,9106,5212,1686,2563,11755,8.14593901382874,8.67729025916978,7.21760354950115,7.45531138790036,8.12555013655872,8.15038450021268,65
"68",2017,4,8.21837638376384,271,8.69010695187166,7.16821428571429,6.916,8.41871794871795,8.18469827586207,187,84,30,39,232,14589,9293,5296,1716,2602,11987,8.14728458427582,8.6775481652857,7.21682018504532,7.44588286713287,8.12994427363566,8.15104861933762,66
"69",2017,5,8.15854330708661,254,8.60453488372093,7.2230487804878,7.162,7.78674418604651,8.23431279620853,172,82,25,43,211,14843,9465,5378,1741,2645,12198,8.14747724853466,8.67622135235077,7.21691515433246,7.44180643308443,8.12436483931947,8.15248891621578,67
"70",2017,6,7.9866868018018,222,8.65226277372263,6.91393494117647,7.47014419354839,8.10781566666667,7.96776041666667,137,85,31,30,192,15065,9602,5463,1772,2675,12390,8.14510781745768,8.67587951468444,7.21220101958631,7.44230218397291,8.12417924112149,8.14962629539952,68
"71",2017,7,8.09605263157895,228,8.60130718954248,7.06533333333333,7.1875,8.25777777777778,8.05628415300546,153,75,32,45,183,15293,9755,5538,1804,2720,12573,8.14437646439547,8.67470990261404,7.21021202058505,7.4377824113082,8.12638951102941,8.14826770062833,69
"72",2017,8,7.96888475836431,269,8.51520231213873,6.984375,6.88648648648649,7.64782608695652,8.03511210762332,173,96,37,46,223,15562,9928,5634,1841,2766,12796,8.14134296812749,8.6719304089444,7.20636389243876,7.42670259098316,8.11843075560376,8.14629570178181,70
"73",2017,9,8.00393700787402,254,8.50817610062893,7.16,7.13870967741935,7.65428571428571,8.05981735159817,159,95,31,35,219,15816,10087,5729,1872,2801,13015,8.13913627149721,8.66934917220184,7.20559507243847,7.4219334775641,8.1126310139236,8.14484055320784,71
"74",2017,10,8.1546875,256,8.60173410404624,7.22289156626506,7.15576923076923,8.64888888888889,8.04928909952607,173,83,26,45,211,16072,10260,5812,1898,2846,13226,8.13938397648083,8.66820907407408,7.20584208017894,7.41828739199157,8.12111014406184,8.14331618025102,72
"75",2017,11,8.00606104651163,344,8.57067264573991,6.9654958677686,7.20526315789474,8.11739130434783,7.98887583892617,223,121,38,46,298,16416,10483,5933,1936,2892,13524,8.13659017239278,8.66613422684346,7.20094036237991,7.41410613119835,8.1210509923928,8.13991310263236,73
"76",2017,12,8.12685131195335,343,8.68109170305677,7.01350877192982,6.45121212121212,7.96734693877551,8.15343537414966,229,114,33,49,294,16759,10712,6047,1969,2941,13818,8.13639085088609,8.66645398618372,7.19740684140896,7.39796824276282,8.11849012920775,8.14020081053698,74
"77",2018,1,8.01977886977887,407,8.57204,7.1403821656051,6.86694915254237,7.837,8.0453781512605,250,157,59,50,357,17166,10962,6204,2028,2991,14175,8.13362602062216,8.66430077540595,7.19596376047711,7.38251946252465,8.11378451019725,8.13781268430335,75
"78",2018,2,8.10813148788927,289,8.75027777777778,7.04770642201835,7.23714285714286,8.01489361702128,8.12623966942149,180,109,35,47,242,17455,11142,6313,2063,3038,14417,8.13320391120022,8.66568974151858,7.19340395533027,7.38005306349976,8.11225459842001,8.13761842269543,76
"79",2018,3,8.13365671641791,268,8.68479532163743,7.1620618556701,6.67030303030303,8.30444444444444,8.09919282511211,171,97,33,45,223,17723,11313,6410,2096,3083,14640,8.13321075833662,8.66597852912579,7.19292966770671,7.3688785639313,8.11505983457671,8.1370331147541,77
"80",2018,4,7.88983050847458,236,8.40827067669173,7.22038834951456,7.14333333333333,7.5375,7.94509803921569,133,103,30,32,204,17959,11446,6513,2126,3115,14844,8.13001248788908,8.66298402061856,7.19336391371104,7.36569589369708,8.10912663563403,8.1343953651307,78
"81",2018,5,7.80353903614458,249,8.47132791666667,6.88771428571429,7.06190476190476,7.97884615384615,7.78309964125561,144,105,21,26,223,18208,11590,6618,2147,3141,15067,8.12554786302724,8.66060278861088,7.18851453158054,7.36272448532836,8.1080482234957,8.12919599256654,79
"82",2018,6,7.95704741573034,178,8.45860622807018,7.06364578125,6.8536665,8.2490475,7.90254073333333,114,64,20,28,150,18386,11704,6682,2167,3169,15217,8.12391656314587,8.65863528964457,7.18731854235259,7.3580262113521,8.10929403597349,8.12696176184531,80
"83",2018,7,7.89986301369863,219,8.3981746031746,7.2247311827957,7.36764705882353,7.87645161290323,7.90372340425532,126,93,34,31,188,18605,11830,6775,2201,3200,15405,8.12127922225208,8.65586115215554,7.18783210332103,7.3581748296229,8.10703837499999,8.12423739889647,81
"84",2018,8,7.99765994949495,198,8.34483050847458,7.485583375,7.29310344827586,8.30730769230769,7.95085273255814,118,80,29,26,172,18803,11948,6855,2230,3226,15577,8.11997748231665,8.65278937311684,7.19130695404814,7.35732860986547,8.10865244885306,8.12232289914618,82
"85",2018,9,7.9881412962963,162,8.24542611650485,7.53898305084746,6.96842105263158,7.94807692307692,7.99580066176471,103,59,19,26,136,18965,12051,6914,2249,3252,15713,8.11885133087266,8.64930763588085,7.19427381689326,7.35404304135171,8.10736863468634,8.12122781709413,83
"86",2018,10,7.83519202764977,217,8.3417037037037,7.00130085365854,6.92991,7.96153846153846,7.80750938202247,135,82,37,39,178,19182,12186,6996,2286,3291,15891,8.11564238139923,8.64589991137371,7.19201198399085,7.34717824584427,8.10564047402005,8.11771375998993,84
"87",2018,11,7.90479262672811,217,8.32,7.03285714285714,7.39772727272727,7.4234375,7.98805405405405,147,70,22,32,185,19399,12333,7066,2308,3323,16076,8.11328378576215,8.64201543176843,7.19043530144353,7.34766008232236,8.09907095997592,8.11622165712864,85
"88",2018,12,7.98717123853211,218,8.60483706766917,7.02070588235294,6.93214285714286,7.34333333333333,8.08991132978723,133,85,28,30,188,19617,12466,7151,2336,3353,16264,8.11188232094612,8.64161877506819,7.18841782128374,7.34267956763698,8.09230921562779,8.11591752889818,86
"89",2019,1,7.90535286644951,307,8.37206665,7.03299065420561,6.83414634146341,7.42702702702703,7.97090122222222,200,107,41,37,270,19924,12666,7258,2377,3390,16534,8.10870000100381,8.63736246486658,7.18612645907964,7.33390806478755,8.08504802359882,8.11354941453974,87
"90",2019,2,8.30196226415094,265,8.61173652694611,7.77408163265306,7.86944444444444,8.82666666666667,8.23497872340426,167,98,36,30,235,20189,12833,7356,2413,3420,16769,8.11123675367774,8.63702898620744,7.19395946710168,7.34189783257356,8.09155345029239,8.11525111932733,88
"91",2019,3,8.02652581589958,239,8.56004833333333,7.29755445544554,7.11428571428571,7.81666666666667,8.06374221674877,138,101,35,36,203,20428,12971,7457,2448,3456,16972,8.11024566722146,8.63620997995529,7.19536259085423,7.3386435743464,8.08869004629629,8.11463502769267,89
"92",2019,4,8.03848039215686,204,8.54538461538461,7.14797297297297,6.93823529411765,8.33918918918919,7.97185628742515,130,74,17,37,167,20632,13101,7531,2465,3493,17139,8.10953608423808,8.63530872834135,7.19489693798964,7.33588213793103,8.09134348697394,8.11324381177432,90
"93",2019,5,8.17225,240,8.50415384615385,7.78,7.76666666666667,8.54411764705882,8.11087378640777,130,110,27,34,206,20872,13231,7641,2492,3527,17345,8.11025721013798,8.63402007784748,7.2033200942285,7.34054954654896,8.09570819393252,8.11321566388008,91
"94",2019,6,8.0939434375,224,8.42029564516129,7.6892667,7.39285714285714,8.13684210526316,8.08996746341463,124,100,28,19,205,21096,13355,7741,2520,3546,17550,8.11008398843382,8.6320356652939,7.20959766309262,7.34113074206349,8.09592859560067,8.1129441037037,92
"95",2019,7,7.95871253968254,189,8.45906063636364,7.2620253164557,6.94117647058824,7.42,8.04083335365854,110,79,17,25,164,21285,13465,7820,2537,3571,17714,8.10873988677472,8.63062257556629,7.21012730306905,7.33845071738273,8.09119652758331,8.11227648695947,93
"96",2019,8,7.94241758241758,273,8.31407407407407,7.4,6.84285714285714,8.02735294117647,7.93033472803347,162,111,28,34,239,21558,13627,7931,2565,3605,17953,8.10663366221356,8.62685939531812,7.21278470684655,7.33304072904483,8.09059439667129,8.10985438032641,94
"97",2019,9,8.0285546875,256,8.64420689655172,7.22432432432432,7.09090909090909,7.71314285714286,8.07850678733032,145,111,33,35,221,21814,13772,8042,2598,3640,18174,8.10571735995232,8.62704204037177,7.21294398284009,7.32996515396459,8.08696505494505,8.10947318642016,95
"98",2019,10,7.91837756637168,226,8.30126719008264,7.47714285714286,7.41481481481481,8.01212121212121,7.90234886010363,121,105,27,33,193,22040,13893,8147,2625,3673,18367,8.10379636206896,8.62420472972001,7.21634902540812,7.33083789333333,8.08629262183501,8.10729672891599,96
"99",2019,11,7.93883817427386,241,8.49684615384615,7.28531531531531,7.42380952380952,7.9441935483871,7.93804761904762,130,111,42,31,210,22281,14023,8258,2667,3704,18577,8.10201210986939,8.62302405405406,7.2172760365706,7.33230201349831,8.08510334773218,8.10538348603111,97
"100",2019,12,8.10820788530466,279,8.48270114942529,7.48761904761905,7.05,8.46111111111111,8.05592592592593,174,105,22,36,243,22560,14197,8363,2689,3740,18820,8.10208873315603,8.62130424103685,7.22067027502092,7.32999236519152,8.08872267379679,8.10474490010627,98
"101",2020,1,8.0475000308642,324,8.4721667,7.36255379032258,7.26866666666667,7.99386363636364,8.05592860714286,200,124,30,44,280,22884,14397,8487,2719,3784,19100,8.10131584644293,8.61923245467807,7.22274327559797,7.32931573004781,8.08761966173361,8.10402926858639,99
"102",2020,2,8.0163656097561,328,8.58169525714286,7.36974673202614,6.97356617647059,7.69365853658537,8.06246662020906,175,153,34,41,287,23212,14572,8640,2753,3825,19387,8.10011544675168,8.61878165797421,7.22534646180555,7.324922164911,8.08339681045751,8.1034139861763,100
"103",2020,3,8.0524739453125,256,8.60743402877698,7.39316239316239,6.76911764705882,7.77,8.11271720379147,139,117,34,45,211,23468,14711,8757,2787,3870,19598,8.09959575080961,8.61867443749576,7.22758860682882,7.31814162899175,8.07975266149871,8.10351414838249,101
"104",2020,4,8.23589958158996,239,8.71738805970149,7.62142857142857,7.33913043478261,8.12857142857143,8.25014218009479,134,105,23,28,211,23707,14845,8862,2810,3898,19809,8.10096988568777,8.61956548669587,7.23225495712029,7.31831342348754,8.08010333504361,8.10507598970165,102
"105",2020,5,8.24070977186312,263,8.6160683974359,7.69345794392523,6.89642857142857,8.58571428571429,8.18774855263158,156,107,28,35,228,23970,15001,8969,2838,3933,20037,8.10250311848143,8.61952911939205,7.23775710001115,7.31415106412967,8.08460279684719,8.10601671657434,103
"106",2020,6,8.40238470355731,253,8.8512676056338,7.82813810810811,7.87679,8.67575757575758,8.36137877272727,142,111,27,33,220,24223,15143,9080,2865,3966,20257,8.10563526730793,8.6217021937529,7.24497431277533,7.31945342059337,8.08952163388805,8.10879006170706,104
"107",2020,7,8.00147208121827,197,8.37278260869565,7.48073170731707,7.55,7.88888888888889,8.01935294117647,115,82,18,27,170,24420,15258,9162,2883,3993,20427,8.10479496642096,8.61982607943375,7.24708434402969,7.32089283732223,8.08816498873028,8.10804573750428,105
"108",2020,8,8.19221736842105,228,8.65092323529412,7.51413043478261,7.04193548387097,8.26714285714286,8.17862984455959,136,92,31,35,193,24648,15394,9254,2914,4028,20620,8.10560364492048,8.62010081070548,7.24973922195807,7.31792520590254,8.08972015888778,8.10870639379243,106
"109",2020,9,7.9762694893617,235,8.48800992537313,7.29732673267327,6.82789473684211,7.7332,8.00520633333333,134,101,19,25,210,24883,15528,9355,2933,4053,20830,8.1043821874372,8.61896092284906,7.25025299412079,7.31475078418002,8.08752104613866,8.10766294623139,107
"110",2020,10,8.22115384615385,234,8.69805970149254,7.5821,7.01607142857143,7.95454545454545,8.24882075471698,134,100,28,22,212,25117,15662,9455,2961,4075,21042,8.10547007883106,8.61963767143405,7.25376274563723,7.31192639311043,8.08680314110429,8.1090851235624,108
"111",2020,11,8.11241379310345,290,8.45722222222222,7.54818181818182,7.444375,8.51142857142857,8.05764705882353,180,110,32,35,255,25407,15842,9565,2993,4110,21297,8.10554933561616,8.61779227433406,7.25714864192368,7.31334248245907,8.09041917274939,8.10846922899939,109
"112",2020,12,7.94458334677419,248,8.40216783216783,7.32139685714286,7.272,8.58108108108108,7.83297,143,105,25,37,211,25655,15985,9670,3018,4147,21508,8.10399332060027,8.61586332248984,7.25784626990693,7.31300001656726,8.0947969134314,8.10576649804724,110
"113",2021,1,8.04205387205387,297,8.57578034682081,7.29741935483871,7.2027027027027,8.00809523809524,8.04764705882353,173,124,37,42,255,25952,16158,9794,3055,4189,21763,8.10328447287299,8.61543416326279,7.25834729732489,7.31166417348609,8.09392761995703,8.10508550475578,111
"114",2021,2,7.90287313432836,268,8.45458333333333,7.26217741935484,7.02314285714286,7.90885714285714,7.90197424892704,144,124,35,35,233,26220,16302,9918,3090,4224,21996,8.10123602745995,8.61401332413202,7.25839518350474,7.30839613268608,8.09239412878788,8.10293398072377,112
"115",2021,3,7.9001027753304,227,8.366328125,7.29730636363636,6.64210526315789,7.95416666666667,7.89371098522167,128,99,19,24,203,26447,16430,10017,3109,4248,22199,8.09950965969674,8.61208370115643,7.25877975042428,7.30432423608877,8.0916131826742,8.10102072931213,113
"116",2021,4,8.1741624789916,238,8.62711940298508,7.59054490384615,7.125,8.00033333333333,8.19923399038461,134,104,24,30,208,26685,16564,10121,3133,4278,22407,8.10017547835862,8.61220533747888,7.26218885782037,7.30295054261092,8.09097307152875,8.10193242468871,114
"117",2021,5,8.11408047413793,232,8.47803620155039,7.65825242718447,7.37931034482759,7.96153846153846,8.13333334951456,129,103,29,26,206,26917,16693,10224,3162,4304,22613,8.10029532674517,8.61116850655964,7.26617893485915,7.30365086970272,8.09019117100372,8.10221848096228,115
"118",2021,6,8.19858378238342,193,8.72688476635514,7.54127906976744,7.07727272727273,8.09523809523809,8.21120156976744,107,86,22,21,172,27110,16800,10310,3184,4325,22785,8.10099505643673,8.61190550892858,7.26847365955383,7.3020866991206,8.09021567630058,8.10304117533465,116
"119",2021,7,8.15244222772277,202,8.63733330434783,7.51149425287356,6.94285714285714,8.36458333333333,8.12383893258427,115,87,21,24,178,27312,16915,10397,3205,4349,22963,8.10137556055945,8.61207838486551,7.2705072068866,7.29973293291732,8.09172977696022,8.10320239123808,117
"120",2021,8,7.84725848979592,245,8.30376496402878,7.2486320754717,6.95193548387097,7.55049540540541,7.90004807692308,139,106,31,37,208,27557,17054,10503,3236,4386,23171,8.09911629132343,8.60956545150698,7.2702864353042,7.29640112793572,8.08716396032831,8.10137872815157,118
"121",2021,9,7.93714285714286,224,8.33322314049587,7.47184466019417,6.98148148148148,7.61545454545455,7.97217821782178,121,103,27,22,202,27781,17175,10606,3263,4408,23373,8.09781028904646,8.60761858573509,7.27224386479351,7.29379529574012,8.08480969373866,8.10026211911179,119
"122",2021,10,8.04095444444444,234,8.61997357142857,7.36543212962963,6.86190476190476,7.72666666666667,8.08717323529412,126,108,21,30,204,28015,17301,10714,3284,4438,23577,8.09733539104051,8.60770856482285,7.27318322755273,7.29103351096224,8.08238871789094,8.1001488675404,120
"123",2021,11,8.02270090909091,253,8.34898305084746,7.73750614814815,7.33829051282051,7.63125,8.07938158371041,118,135,39,32,221,28268,17419,10849,3323,4470,23798,8.09666740873071,8.60595590332396,7.27896104986635,7.2915881372254,8.07915908948546,8.09995601226994,121
"124",2021,12,8.19076737410072,278,8.45534928143713,7.7927027027027,6.99677419354839,8.4,8.16450740890688,167,111,31,31,247,28546,17586,10960,3354,4501,24045,8.09758381699712,8.60452571420449,7.28416409032847,7.28886326177698,8.08136883581426,8.10061911041796,122
"125",2022,1,8.02613653465347,404,8.44680379746835,7.42914167664671,6.93987173076923,7.74,8.06747637393768,237,167,52,51,353,28950,17823,11127,3406,4552,24398,8.09658676338514,8.60242841889694,7.28633999191157,7.28353514679976,8.07754418497364,8.10013958808099,123
"126",2022,2,7.94088114754098,244,8.47403571428571,7.22317307692308,6.97894736842105,8.412,7.887100456621,140,104,19,25,219,29194,17963,11231,3425,4577,24617,8.09528539425909,8.60142775204588,7.2857550609919,7.28184546277372,8.07937101376447,8.0982443299346,124
"127",2022,3,8.17274418604651,215,8.68015873015873,7.45438202247191,7.2495,7.74807692307692,8.23116402116402,126,89,20,26,189,29409,18089,11320,3445,4603,24806,8.09585167125709,8.60197615733319,7.28708083833922,7.28165768069666,8.07749970236802,8.099257061598,125
"128",2022,4,7.9698275862069,232,8.57878048780488,7.28266055045872,6.44,7.32041666666667,8.04475961538462,123,109,20,24,208,29641,18212,11429,3465,4627,25014,8.09486528119833,8.60181949868219,7.28703868142445,7.27679962770563,8.07357275340393,8.09880389661789,126
"129",2022,5,8.01425196850394,254,8.33763888888889,7.59090909090909,7.025,7.41333333333333,8.07695652173913,144,110,30,24,230,29895,18356,11539,3495,4651,25244,8.09418035791938,8.59974704238397,7.28993544414594,7.27463825751073,8.07016579875295,8.09860484352718,127
"130",2022,6,7.95144032407407,216,8.42232509259259,7.48055555555556,6.29333333333333,8.14545454545454,7.92943871134021,108,108,15,22,194,30111,18464,11647,3510,4673,25438,8.09315641825246,8.59870926234836,7.2917030213789,7.27044464672365,8.07052025037449,8.09731471735199,128
